1-Time 2-Px 3-Py 4-Pz 5-R11 6-R21 7-R31 8-R12 9-R22 10-R32 11-R13 12-R23 13-R33 14-Vx 15-Vy 16-Vz 17-Wx 18-Wy 19-Wz 20-state 21-PR11 22-PR21 23-PR31 24-PR12 25-PR22 26-PR32 27-PR13 28-PR23 29-PR33 
32.019736 0.004233  0.091411  -0.004093  0.982713  0.169120  -0.075327  -0.173951  0.982739  -0.062968  0.063378  0.074982  0.995169  0.000976  0.000682  0.000356  0.000000  0.000000  0.000000  2.000000  1.000000  0.000000  0.000000  -0.000000  1.000000  0.000000  0.000000  -0.000000  1.000000  1.000000  -0.000040  -0.000534  0.000040  1.000000  -0.000000  0.000534  -0.000000  1.000000  1.000000  0.000000  0.000000  0.000000  1.000000  0.000000  0.000000  0.000000  1.000000  0.806954  0.295283  -0.511501  -0.520370  0.765097  -0.379265  0.279357  0.572219  0.771054  0.000000  0.000000  
32.020741 0.004233  0.091411  -0.004093  0.982704  0.169110  -0.075458  -0.173950  0.982741  -0.062944  0.063512  0.074982  0.995160  0.000914  0.000628  0.000315  0.000000  0.000000  0.000000  2.000000  1.000000  0.000000  0.000000  0.000000  1.000000  0.000000  0.000000  0.000000  1.000000  1.000000  -0.000040  -0.000534  0.000040  1.000000  -0.000000  0.000534  -0.000000  1.000000  1.000000  0.000000  0.000000  0.000000  1.000000  0.000000  0.000000  0.000000  1.000000  1.000000  0.000000  0.000000  0.000000  1.000000  0.000000  0.000000  0.000000  1.000000  0.000000  0.000000  
32.021742 0.004234  0.091410  -0.004093  0.982633  0.169505  -0.075505  -0.174354  0.982663  -0.063032  0.063512  0.075102  0.995151  0.000873  0.000546  0.000251  0.000000  0.000000  0.000000  2.000000  1.000000  0.000000  0.000000  0.000000  1.000000  0.000000  0.000000  0.000000  1.000000  1.000000  0.000155  -0.000683  -0.000155  1.000000  -0.000108  0.000683  0.000108  1.000000  1.000000  0.000000  0.000000  0.000000  1.000000  0.000000  0.000000  0.000000  1.000000  1.000000  0.000000  0.000000  0.000000  1.000000  0.000000  0.000000  0.000000  1.000000  0.000000  0.000000  
32.022996 0.004235  0.091409  -0.004094  0.982552  0.169900  -0.075662  -0.174757  0.982595  -0.062978  0.063645  0.075102  0.995143  0.000813  0.000360  0.000196  0.000000  0.000000  0.000000  2.000000  1.000000  0.000000  0.000000  0.000000  1.000000  0.000000  0.000000  0.000000  1.000000  0.999999  0.000759  -0.000862  -0.000759  1.000000  -0.000069  0.000862  0.000070  1.000000  1.000000  0.000000  0.000000  0.000000  1.000000  0.000000  0.000000  0.000000  1.000000  1.000000  0.000000  0.000000  0.000000  1.000000  0.000000  0.000000  0.000000  1.000000  0.000000  0.000000  
32.024245 0.004235  0.091406  -0.004094  0.982480  0.170305  -0.075688  -0.175162  0.982525  -0.062947  0.063645  0.075102  0.995143  0.000762  0.000110  0.000147  0.000000  0.000000  0.000000  2.000000  1.000000  0.000000  0.000000  0.000000  1.000000  0.000000  0.000000  0.000000  1.000000  0.999999  0.000964  -0.000878  -0.000964  1.000000  -0.000056  0.000878  0.000057  1.000000  1.000000  0.000000  0.000000  0.000000  1.000000  0.000000  0.000000  0.000000  1.000000  1.000000  0.000000  0.000000  0.000000  1.000000  0.000000  0.000000  0.000000  1.000000  0.000000  0.000000  
32.025491 0.004237  0.091404  -0.004094  0.982436  0.170488  -0.075853  -0.175363  0.982484  -0.063027  0.063779  0.075222  0.995125  0.000812  -0.000095  0.000098  0.000000  0.000000  0.000000  2.000000  1.000000  0.000000  0.000000  0.000000  1.000000  0.000000  0.000000  0.000000  1.000000  0.999999  0.001374  -0.000909  -0.001374  0.999999  -0.000151  0.000909  0.000152  1.000000  1.000000  0.000000  0.000000  0.000000  1.000000  0.000000  0.000000  0.000000  1.000000  1.000000  0.000000  0.000000  0.000000  1.000000  0.000000  0.000000  0.000000  1.000000  0.000000  0.000000  
32.026500 0.004239  0.091401  -0.004095  0.982355  0.170882  -0.076010  -0.175766  0.982416  -0.062972  0.063912  0.075221  0.995117  0.000825  -0.000298  0.000054  0.000000  0.000000  0.000000  2.000000  1.000000  0.000000  0.000000  0.000000  1.000000  0.000000  0.000000  0.000000  1.000000  0.999998  0.001568  -0.001058  -0.001569  0.999999  -0.000137  0.001058  0.000139  0.999999  1.000000  0.000000  0.000000  0.000000  1.000000  0.000000  0.000000  0.000000  1.000000  1.000000  0.000000  0.000000  0.000000  1.000000  0.000000  0.000000  0.000000  1.000000  0.000000  0.000000  
32.027501 0.004240  0.091399  -0.004095  0.982274  0.171268  -0.076187  -0.176168  0.982340  -0.063037  0.064046  0.075341  0.995099  0.000862  -0.000511  -0.000023  0.000000  0.000000  0.000000  2.000000  1.000000  0.000000  0.000000  0.000000  1.000000  0.000000  0.000000  0.000000  1.000000  0.999997  0.001968  -0.001222  -0.001968  0.999998  -0.000232  0.001222  0.000234  0.999999  1.000000  0.000000  0.000000  0.000000  1.000000  0.000000  0.000000  0.000000  1.000000  1.000000  0.000000  0.000000  0.000000  1.000000  0.000000  0.000000  0.000000  1.000000  0.000000  0.000000  
32.028825 0.004243  0.091396  -0.004095  0.982185  0.171652  -0.076475  -0.176570  0.982273  -0.062958  0.064313  0.075340  0.995082  0.000929  -0.000738  -0.000059  0.000000  0.000000  0.000000  2.000000  1.000000  0.000000  0.000000  0.000000  1.000000  0.000000  0.000000  0.000000  1.000000  0.999996  0.002562  -0.001536  -0.002563  0.999997  -0.000192  0.001535  0.000196  0.999999  1.000000  0.000000  0.000000  0.000000  1.000000  0.000000  0.000000  0.000000  1.000000  1.000000  0.000000  0.000000  0.000000  1.000000  0.000000  0.000000  0.000000  1.000000  0.000000  0.000000  
32.030051 0.004245  0.091393  -0.004097  0.982059  0.172230  -0.076797  -0.177173  0.982162  -0.062983  0.064580  0.075459  0.995055  0.001014  -0.001052  -0.000162  0.000000  0.000000  0.000000  2.000000  1.000000  0.000000  0.000000  0.000000  1.000000  0.000000  0.000000  0.000000  1.000000  0.999994  0.003167  -0.001716  -0.003167  0.999995  -0.000272  0.001715  0.000278  0.999998  1.000000  0.000000  0.000000  0.000000  1.000000  0.000000  0.000000  0.000000  1.000000  1.000000  0.000000  0.000000  0.000000  1.000000  0.000000  0.000000  0.000000  1.000000  0.000000  0.000000  
32.031243 0.004247  0.091389  -0.004100  0.981940  0.172827  -0.076967  -0.177778  0.982058  -0.062912  0.064713  0.075459  0.995047  0.001098  -0.001364  -0.000425  0.000000  0.000000  0.000000  2.000000  1.000000  0.000000  0.000000  0.000000  1.000000  0.000000  0.000000  0.000000  1.000000  0.999991  0.003771  -0.001896  -0.003772  0.999993  -0.000232  0.001895  0.000239  0.999998  1.000000  0.000000  0.000000  0.000000  1.000000  0.000000  0.000000  0.000000  1.000000  1.000000  0.000000  0.000000  0.000000  1.000000  0.000000  0.000000  0.000000  1.000000  0.000000  0.000000  
32.032494 0.004250  0.091385  -0.004103  0.981813  0.173404  -0.077289  -0.178382  0.981947  -0.062936  0.064980  0.075578  0.995020  0.001219  -0.001684  -0.000614  0.000000  0.000000  0.000000  2.000000  1.000000  0.000000  0.000000  0.000000  1.000000  0.000000  0.000000  0.000000  1.000000  0.999989  0.004160  -0.002194  -0.004161  0.999991  -0.000325  0.002193  0.000334  0.999998  1.000000  0.000000  0.000000  0.000000  1.000000  0.000000  0.000000  0.000000  1.000000  1.000000  0.000000  0.000000  0.000000  1.000000  0.000000  0.000000  0.000000  1.000000  0.000000  0.000000  
32.033746 0.004253  0.091381  -0.004105  0.981694  0.174000  -0.077459  -0.178986  0.981841  -0.062864  0.065114  0.075577  0.995012  0.001365  -0.001957  -0.000808  -0.009314  0.089228  0.166323  2.000000  1.000000  0.000000  0.000000  0.000000  1.000000  0.000000  0.000000  0.000000  1.000000  0.999986  0.004765  -0.002374  -0.004766  0.999989  -0.000284  0.002373  0.000295  0.999997  1.000000  0.000000  0.000000  0.000000  1.000000  0.000000  0.000000  0.000000  1.000000  1.000000  0.000000  0.000000  0.000000  1.000000  0.000000  0.000000  0.000000  1.000000  0.000000  0.000000  
32.034995 0.004255  0.091376  -0.004108  0.981567  0.174577  -0.077781  -0.179590  0.981729  -0.062887  0.065381  0.075697  0.994985  0.001437  -0.002315  -0.000963  -0.012023  0.095283  0.186624  2.000000  1.000000  0.000264  -0.000119  -0.000264  1.000000  -0.000016  0.000119  0.000016  1.000000  0.999983  0.005379  -0.002421  -0.005380  0.999985  -0.000364  0.002419  0.000377  0.999997  1.000000  0.000067  -0.000030  -0.000067  1.000000  -0.000005  0.000030  0.000005  1.000000  1.000000  0.000264  -0.000119  -0.000264  1.000000  -0.000016  0.000119  0.000016  1.000000  0.000051  0.005911  
32.036241 0.004257  0.091369  -0.004112  0.981447  0.175164  -0.077972  -0.180194  0.981616  -0.062934  0.065514  0.075817  0.994967  0.001540  -0.002743  -0.001250  -0.014757  0.101371  0.206988  2.000000  1.000000  0.000558  -0.000252  -0.000558  1.000000  -0.000034  0.000252  0.000034  1.000000  0.999977  0.006178  -0.002751  -0.006179  0.999981  -0.000430  0.002748  0.000447  0.999996  1.000000  0.000077  -0.000034  -0.000077  1.000000  -0.000005  0.000034  0.000005  1.000000  1.000000  0.000558  -0.000252  -0.000558  1.000000  -0.000034  0.000252  0.000034  1.000000  0.000058  0.006777  
32.037495 0.004260  0.091363  -0.004115  0.981318  0.175741  -0.078294  -0.180797  0.981503  -0.062957  0.065781  0.075936  0.994940  0.001670  -0.003087  -0.001441  -0.017464  0.111887  0.226893  2.000000  0.999999  0.000959  -0.000433  -0.000959  1.000000  -0.000063  0.000433  0.000064  1.000000  0.999974  0.006567  -0.003049  -0.006569  0.999978  -0.000522  0.003046  0.000542  0.999995  1.000000  0.000082  -0.000038  -0.000082  1.000000  -0.000007  0.000038  0.000007  1.000000  0.999999  0.000959  -0.000433  -0.000959  1.000000  -0.000063  0.000433  0.000064  1.000000  0.000063  0.007260  
32.038745 0.004262  0.091356  -0.004118  0.981226  0.176116  -0.078603  -0.181198  0.981427  -0.062995  0.066048  0.076055  0.994914  0.001809  -0.003376  -0.001589  -0.020510  0.121290  0.238747  2.000000  0.999999  0.001392  -0.000631  -0.001392  0.999999  -0.000098  0.000630  0.000099  1.000000  0.999969  0.007171  -0.003230  -0.007173  0.999974  -0.000600  0.003226  0.000624  0.999995  1.000000  0.000090  -0.000040  -0.000090  1.000000  -0.000008  0.000040  0.000008  1.000000  0.999999  0.001392  -0.000631  -0.001392  0.999999  -0.000098  0.000630  0.000099  1.000000  0.000069  0.007889  
32.039996 0.004265  0.091349  -0.004119  0.981097  0.176683  -0.078946  -0.181801  0.981306  -0.063136  0.066315  0.076295  0.994878  0.001909  -0.003742  -0.001685  -0.027372  0.127986  0.260248  2.000000  0.999998  0.001855  -0.000844  -0.001855  0.999998  -0.000139  0.000843  0.000141  1.000000  0.999965  0.007560  -0.003529  -0.007562  0.999971  -0.000692  0.003524  0.000719  0.999994  1.000000  0.000095  -0.000044  -0.000095  1.000000  -0.000009  0.000044  0.000009  1.000000  0.999998  0.001855  -0.000844  -0.001855  0.999998  -0.000139  0.000843  0.000141  1.000000  0.000072  0.008373  
32.041245 0.004269  0.091340  -0.004121  0.980967  0.177259  -0.079269  -0.182403  0.981193  -0.063158  0.066582  0.076415  0.994851  0.002055  -0.004089  -0.001753  -0.030117  0.138771  0.280676  2.000000  0.999997  0.002352  -0.001074  -0.002352  0.999997  -0.000190  0.001074  0.000193  0.999999  0.999959  0.008153  -0.003844  -0.008157  0.999966  -0.000891  0.003837  0.000923  0.999992  1.000000  0.000102  -0.000048  -0.000102  1.000000  -0.000011  0.000048  0.000011  1.000000  0.999997  0.002352  -0.001074  -0.002352  0.999997  -0.000190  0.001074  0.000193  0.999999  0.000078  0.009060  
32.042500 0.004274  0.091332  -0.004122  0.980836  0.177825  -0.079612  -0.183006  0.981072  -0.063298  0.066849  0.076655  0.994814  0.002219  -0.004493  -0.001816  -0.036828  0.149102  0.300133  2.000000  0.999995  0.002880  -0.001318  -0.002880  0.999996  -0.000248  0.001317  0.000252  0.999999  0.999955  0.008552  -0.004010  -0.008556  0.999963  -0.000861  0.004003  0.000896  0.999992  1.000000  0.000107  -0.000050  -0.000107  1.000000  -0.000011  0.000050  0.000011  1.000000  0.999995  0.002880  -0.001318  -0.002880  0.999996  -0.000248  0.001317  0.000252  0.999999  0.000083  0.009486  
32.043741 0.004278  0.091323  -0.004124  0.980743  0.178200  -0.079922  -0.183406  0.980995  -0.063335  0.067116  0.076774  0.994787  0.002366  -0.004951  -0.001909  -0.039948  0.154685  0.313611  2.000000  0.999993  0.003411  -0.001571  -0.003412  0.999994  -0.000313  0.001570  0.000318  0.999999  0.999957  0.008336  -0.004130  -0.008341  0.999965  -0.001116  0.004120  0.001150  0.999991  1.000000  0.000104  -0.000052  -0.000104  1.000000  -0.000014  0.000052  0.000014  1.000000  0.999993  0.003411  -0.001571  -0.003412  0.999994  -0.000313  0.001570  0.000318  0.999999  0.000088  0.009372  
32.044743 0.004282  0.091315  -0.004125  0.980659  0.178574  -0.080122  -0.183809  0.980908  -0.063516  0.067250  0.077015  0.994759  0.002486  -0.005215  -0.001890  -0.047177  0.160263  0.327025  2.000000  0.999992  0.003734  -0.001730  -0.003734  0.999993  -0.000359  0.001729  0.000365  0.999998  0.999954  0.008529  -0.004281  -0.008535  0.999963  -0.001343  0.004269  0.001380  0.999990  1.000000  0.000107  -0.000053  -0.000107  1.000000  -0.000017  0.000053  0.000017  1.000000  0.999992  0.003734  -0.001730  -0.003734  0.999993  -0.000359  0.001729  0.000365  0.999998  0.000091  0.009640  
32.045799 0.004285  0.091308  -0.004126  0.980603  0.178736  -0.080440  -0.184007  0.980859  -0.063688  0.067517  0.077255  0.994723  0.002562  -0.005551  -0.001810  -0.054716  0.169437  0.332497  2.000000  0.999989  0.004167  -0.001952  -0.004168  0.999991  -0.000430  0.001950  0.000438  0.999998  0.999952  0.008713  -0.004565  -0.008720  0.999961  -0.001448  0.004552  0.001488  0.999989  1.000000  0.000109  -0.000057  -0.000109  1.000000  -0.000018  0.000057  0.000018  1.000000  0.999989  0.004167  -0.001952  -0.004168  0.999991  -0.000430  0.001950  0.000438  0.999998  0.000096  0.009945  
32.047003 0.004289  0.091298  -0.004127  0.980548  0.178898  -0.080758  -0.184206  0.980811  -0.063861  0.067784  0.077494  0.994686  0.002723  -0.005962  -0.001714  -0.062437  0.174778  0.339584  2.000000  0.999988  0.004497  -0.002122  -0.004498  0.999990  -0.000489  0.002119  0.000498  0.999998  0.999952  0.008712  -0.004567  -0.008719  0.999961  -0.001568  0.004553  0.001608  0.999988  1.000000  0.000109  -0.000057  -0.000109  1.000000  -0.000020  0.000057  0.000020  1.000000  0.999988  0.004497  -0.002122  -0.004498  0.999990  -0.000489  0.002119  0.000498  0.999998  0.000098  0.009964  
32.048242 0.004294  0.091287  -0.004128  0.980463  0.179272  -0.080959  -0.184608  0.980724  -0.064041  0.067917  0.077735  0.994658  0.002843  -0.006380  -0.001597  -0.069160  0.179076  0.350472  2.000000  0.999984  0.005046  -0.002414  -0.005047  0.999987  -0.000598  0.002411  0.000610  0.999997  0.999951  0.008700  -0.004702  -0.008709  0.999960  -0.001808  0.004686  0.001849  0.999987  1.000000  0.000109  -0.000059  -0.000109  1.000000  -0.000023  0.000059  0.000023  1.000000  0.999984  0.005046  -0.002414  -0.005047  0.999987  -0.000598  0.002411  0.000610  0.999997  0.000102  0.010057  
32.049302 0.004297  0.091278  -0.004129  0.980369  0.179636  -0.081290  -0.185008  0.980638  -0.064196  0.068184  0.077975  0.994621  0.002913  -0.006727  -0.001499  -0.076707  0.190078  0.365367  2.000000  0.999982  0.005473  -0.002646  -0.005475  0.999985  -0.000693  0.002642  0.000708  0.999996  0.999953  0.008505  -0.004555  -0.008513  0.999962  -0.001943  0.004538  0.001981  0.999988  1.000000  0.000106  -0.000057  -0.000106  1.000000  -0.000025  0.000057  0.000025  1.000000  0.999982  0.005473  -0.002646  -0.005475  0.999985  -0.000693  0.002642  0.000708  0.999996  0.000104  0.009845  
32.050492 0.004300  0.091268  -0.004130  0.980322  0.179808  -0.081478  -0.185208  0.980587  -0.064392  0.068318  0.078215  0.994593  0.002981  -0.007050  -0.001365  -0.083866  0.193978  0.369682  2.000000  0.999978  0.005896  -0.002877  -0.005898  0.999982  -0.000802  0.002872  0.000819  0.999996  0.999953  0.008492  -0.004692  -0.008503  0.999961  -0.002304  0.004672  0.002344  0.999986  1.000000  0.000106  -0.000059  -0.000106  1.000000  -0.000029  0.000059  0.000029  1.000000  0.999978  0.005896  -0.002877  -0.005898  0.999982  -0.000802  0.002872  0.000819  0.999996  0.000109  0.009977  
32.051493 0.004303  0.091259  -0.004131  0.980275  0.179979  -0.081665  -0.185408  0.980537  -0.064589  0.068451  0.078456  0.994565  0.003001  -0.007307  -0.001214  -0.087859  0.194046  0.369646  2.000000  0.999975  0.006295  -0.003101  -0.006298  0.999980  -0.000920  0.003095  0.000940  0.999995  0.999959  0.007887  -0.004512  -0.007898  0.999966  -0.002467  0.004492  0.002502  0.999987  1.000000  0.000099  -0.000056  -0.000099  1.000000  -0.000031  0.000056  0.000031  1.000000  0.999975  0.006295  -0.003101  -0.006298  0.999980  -0.000920  0.003095  0.000940  0.999995  0.000107  0.009420  
32.052746 0.004307  0.091248  -0.004132  0.980227  0.180141  -0.081875  -0.185608  0.980478  -0.064904  0.068585  0.078817  0.994527  0.003101  -0.007535  -0.001045  -0.101685  0.194664  0.358916  2.000000  0.999972  0.006674  -0.003321  -0.006678  0.999977  -0.001052  0.003314  0.001074  0.999994  0.999962  0.007476  -0.004482  -0.007489  0.999968  -0.002737  0.004461  0.002770  0.999986  1.000000  0.000094  -0.000056  -0.000094  1.000000  -0.000034  0.000056  0.000034  1.000000  0.999972  0.006674  -0.003321  -0.006678  0.999977  -0.001052  0.003314  0.001074  0.999994  0.000105  0.009141  
32.053995 0.004310  0.091237  -0.004133  0.980189  0.180323  -0.081932  -0.185810  0.980425  -0.065125  0.068585  0.079058  0.994508  0.003118  -0.007828  -0.000981  -0.110301  0.194182  0.352022  2.000000  0.999968  0.007132  -0.003589  -0.007137  0.999974  -0.001230  0.003580  0.001256  0.999993  0.999966  0.007087  -0.004185  -0.007099  0.999971  -0.002887  0.004164  0.002916  0.999987  1.000000  0.000089  -0.000052  -0.000089  1.000000  -0.000036  0.000052  0.000036  1.000000  0.999968  0.007132  -0.003589  -0.007137  0.999974  -0.001230  0.003580  0.001256  0.999993  0.000104  0.008726  
32.055269 0.004313  0.091227  -0.004133  0.980142  0.180495  -0.082120  -0.186010  0.980374  -0.065321  0.068718  0.079299  0.994479  0.003116  -0.008032  -0.000882  -0.114218  0.194058  0.351642  2.000000  0.999964  0.007567  -0.003853  -0.007572  0.999970  -0.001424  0.003842  0.001453  0.999992  0.999968  0.006880  -0.004171  -0.006894  0.999971  -0.003264  0.004148  0.003292  0.999986  1.000000  0.000086  -0.000052  -0.000086  1.000000  -0.000041  0.000052  0.000041  1.000000  0.999964  0.007567  -0.003853  -0.007572  0.999970  -0.001424  0.003842  0.001453  0.999992  0.000106  0.008688  
32.056332 0.004315  0.091218  -0.004133  0.980094  0.180666  -0.082308  -0.186210  0.980323  -0.065517  0.068852  0.079540  0.994451  0.003015  -0.008169  -0.000830  -0.122551  0.193212  0.344108  2.000000  0.999961  0.007815  -0.004007  -0.007821  0.999968  -0.001549  0.003995  0.001581  0.999991  0.999971  0.006470  -0.004140  -0.006484  0.999973  -0.003413  0.004118  0.003439  0.999986  1.000000  0.000081  -0.000052  -0.000081  1.000000  -0.000043  0.000052  0.000043  1.000000  0.999961  0.007815  -0.004007  -0.007821  0.999968  -0.001549  0.003995  0.001581  0.999991  0.000105  0.008410  
32.057499 0.004317  0.091206  -0.004133  0.980085  0.180626  -0.082505  -0.186209  0.980301  -0.065849  0.068985  0.079901  0.994413  0.002903  -0.008395  -0.000740  -0.130827  0.191163  0.328506  2.000000  0.999958  0.008133  -0.004210  -0.008140  0.999965  -0.001727  0.004196  0.001761  0.999990  0.999974  0.006070  -0.003975  -0.006084  0.999975  -0.003683  0.003953  0.003707  0.999985  1.000000  0.000076  -0.000050  -0.000076  1.000000  -0.000046  0.000050  0.000046  1.000000  0.999958  0.008133  -0.004210  -0.008140  0.999965  -0.001727  0.004196  0.001761  0.999990  0.000103  0.008142  
32.058500 0.004320  0.091198  -0.004133  0.980047  0.180807  -0.082562  -0.186410  0.980248  -0.066070  0.068985  0.080142  0.994393  0.002829  -0.008468  -0.000635  -0.140843  0.183755  0.325858  2.000000  0.999955  0.008423  -0.004405  -0.008432  0.999963  -0.001914  0.004389  0.001951  0.999988  0.999975  0.005875  -0.003827  -0.005889  0.999975  -0.003818  0.003805  0.003841  0.999985  1.000000  0.000074  -0.000048  -0.000074  1.000000  -0.000048  0.000048  0.000048  1.000000  0.999955  0.008423  -0.004405  -0.008432  0.999963  -0.001914  0.004389  0.001951  0.999988  0.000101  0.007989  
32.059745 0.004323  0.091187  -0.004132  0.980038  0.180767  -0.082758  -0.186409  0.980226  -0.066402  0.069119  0.080503  0.994355  0.002763  -0.008579  -0.000468  -0.148997  0.176127  0.302727  2.000000  0.999951  0.008767  -0.004641  -0.008777  0.999959  -0.002160  0.004622  0.002201  0.999987  0.999979  0.005270  -0.003647  -0.005285  0.999978  -0.004103  0.003625  0.004122  0.999985  1.000000  0.000066  -0.000045  -0.000066  1.000000  -0.000051  0.000045  0.000051  1.000000  0.999951  0.008767  -0.004641  -0.008777  0.999959  -0.002160  0.004622  0.002201  0.999987  0.000097  0.007615  
32.060991 0.004325  0.091176  -0.004130  0.979990  0.180928  -0.082969  -0.186609  0.980166  -0.066716  0.069252  0.080864  0.994316  0.002580  -0.008651  -0.000192  -0.163086  0.176250  0.290901  2.000000  0.999948  0.009027  -0.004821  -0.009039  0.999956  -0.002372  0.004799  0.002416  0.999986  0.999981  0.005074  -0.003499  -0.005090  0.999978  -0.004359  0.003476  0.004377  0.999984  1.000000  0.000064  -0.000044  -0.000064  1.000000  -0.000055  0.000044  0.000055  1.000000  0.999948  0.009027  -0.004821  -0.009039  0.999956  -0.002372  0.004799  0.002416  0.999986  0.000096  0.007554  
32.061992 0.004327  0.091167  -0.004127  0.979952  0.181109  -0.083026  -0.186810  0.980113  -0.066937  0.069252  0.081105  0.994297  0.002485  -0.008691  0.000001  -0.167577  0.166782  0.284670  2.000000  0.999946  0.009154  -0.004907  -0.009166  0.999955  -0.002482  0.004885  0.002527  0.999985  0.999982  0.004879  -0.003350  -0.004894  0.999978  -0.004495  0.003328  0.004511  0.999984  1.000000  0.000000  0.000000  0.000000  1.000000  0.000000  0.000000  0.000000  1.000000  0.999946  0.009154  -0.004907  -0.009166  0.999955  -0.002482  0.004885  0.002527  0.999985  0.000095  0.000000  
32.063059 0.004328  0.091158  -0.004125  0.979904  0.181270  -0.083237  -0.187010  0.980053  -0.067252  0.069386  0.081466  0.994258  0.002300  -0.008714  0.000221  -0.180287  0.165369  0.270254  2.000000  0.999946  0.009154  -0.004907  -0.009166  0.999955  -0.002482  0.004885  0.002527  0.999985  0.999985  0.004479  -0.003185  -0.004494  0.999979  -0.004765  0.003164  0.004780  0.999984  1.000000  0.000000  0.000000  0.000000  1.000000  0.000000  0.000000  0.000000  1.000000  0.999946  0.009154  -0.004907  -0.009166  0.999955  -0.002482  0.004885  0.002527  0.999985  0.000093  0.000000  
32.064255 0.004330  0.091146  -0.004123  0.979904  0.181230  -0.083325  -0.187010  0.980020  -0.067727  0.069386  0.081949  0.994218  0.002206  -0.008840  0.000420  -0.194294  0.159697  0.250507  2.000000  0.999945  0.009210  -0.004946  -0.009223  0.999954  -0.002544  0.004922  0.002590  0.999985  0.999986  0.004285  -0.003036  -0.004300  0.999979  -0.004901  0.003015  0.004914  0.999983  1.000000  0.000000  0.000000  0.000000  1.000000  0.000000  0.000000  0.000000  1.000000  0.999945  0.009210  -0.004946  -0.009223  0.999954  -0.002544  0.004922  0.002590  0.999985  0.000091  0.000000  
32.065497 0.004331  0.091134  -0.004120  0.979866  0.181401  -0.083405  -0.187212  0.979958  -0.068067  0.069386  0.082311  0.994188  0.002052  -0.008858  0.000668  -0.205272  0.153442  0.241947  2.000000  0.999942  0.009464  -0.005129  -0.009479  0.999951  -0.002871  0.005102  0.002920  0.999983  0.999989  0.003895  -0.002739  -0.003910  0.999978  -0.005415  0.002717  0.005425  0.999982  1.000000  0.000049  -0.000034  -0.000049  1.000000  -0.000068  0.000034  0.000068  1.000000  0.999942  0.009464  -0.005129  -0.009479  0.999951  -0.002871  0.005102  0.002920  0.999983  0.000090  0.007215  
32.066746 0.004332  0.091122  -0.004118  0.979827  0.181563  -0.083507  -0.187414  0.979888  -0.068525  0.069386  0.082793  0.994148  0.001897  -0.008930  0.000920  -0.216507  0.144197  0.223976  2.000000  0.999939  0.009697  -0.005292  -0.009714  0.999948  -0.003211  0.005261  0.003262  0.999981  0.999990  0.003712  -0.002456  -0.003725  0.999978  -0.005429  0.002436  0.005438  0.999982  1.000000  0.000046  -0.000031  -0.000046  1.000000  -0.000068  0.000031  0.000068  1.000000  0.999939  0.009697  -0.005292  -0.009714  0.999948  -0.003211  0.005261  0.003262  0.999981  0.000087  0.007024  
32.067996 0.004334  0.091111  -0.004116  0.979780  0.181723  -0.083718  -0.187614  0.979828  -0.068839  0.069519  0.083154  0.994109  0.001748  -0.008980  0.001127  -0.225074  0.134738  0.217779  2.000000  0.999937  0.009872  -0.005411  -0.009891  0.999945  -0.003493  0.005376  0.003546  0.999979  0.999991  0.003517  -0.002308  -0.003530  0.999977  -0.005807  0.002287  0.005815  0.999980  1.000000  0.000044  -0.000029  -0.000044  1.000000  -0.000073  0.000029  0.000073  1.000000  0.999937  0.009872  -0.005411  -0.009891  0.999945  -0.003493  0.005376  0.003546  0.999979  0.000088  0.007174  
32.069241 0.004335  0.091100  -0.004113  0.979780  0.181682  -0.083806  -0.187614  0.979794  -0.069315  0.069519  0.083636  0.994068  0.001607  -0.009041  0.001279  -0.238723  0.124199  0.197843  2.000000  0.999934  0.010078  -0.005547  -0.010099  0.999942  -0.003852  0.005508  0.003908  0.999977  0.999993  0.003129  -0.002008  -0.003141  0.999978  -0.005836  0.001990  0.005842  0.999981  1.000000  0.000039  -0.000025  -0.000039  1.000000  -0.000073  0.000025  0.000073  1.000000  0.999934  0.010078  -0.005547  -0.010099  0.999942  -0.003852  0.005508  0.003908  0.999977  0.000085  0.006922  
32.070496 0.004335  0.091088  -0.004112  0.979741  0.181843  -0.083908  -0.187816  0.979723  -0.069773  0.069519  0.084118  0.994028  0.001478  -0.009072  0.001423  -0.251829  0.118640  0.184360  2.000000  0.999931  0.010267  -0.005667  -0.010291  0.999938  -0.004226  0.005624  0.004284  0.999975  0.999994  0.002946  -0.001726  -0.002957  0.999977  -0.006092  0.001708  0.006098  0.999980  1.000000  0.000037  -0.000021  -0.000037  1.000000  -0.000076  0.000021  0.000076  1.000000  0.999931  0.010267  -0.005667  -0.010291  0.999938  -0.004226  0.005624  0.004284  0.999975  0.000085  0.006986  
32.071747 0.004336  0.091078  -0.004110  0.979741  0.181803  -0.083997  -0.187816  0.979689  -0.070248  0.069519  0.084601  0.993987  0.001315  -0.009030  0.001560  -0.258839  0.107769  0.169926  2.000000  0.999929  0.010442  -0.005773  -0.010469  0.999935  -0.004607  0.005725  0.004668  0.999973  0.999995  0.002752  -0.001576  -0.002762  0.999977  -0.006228  0.001559  0.006232  0.999979  1.000000  0.000034  -0.000020  -0.000034  1.000000  -0.000078  0.000020  0.000078  1.000000  0.999929  0.010442  -0.005773  -0.010469  0.999935  -0.004607  0.005725  0.004668  0.999973  0.000084  0.006991  
32.072995 0.004336  0.091067  -0.004109  0.979711  0.181985  -0.083947  -0.188019  0.979624  -0.070612  0.069386  0.084963  0.993965  0.001185  -0.009024  0.001606  -0.265901  0.094110  0.158573  2.000000  0.999927  0.010611  -0.005863  -0.010640  0.999931  -0.004999  0.005810  0.005061  0.999970  0.999995  0.002785  -0.001178  -0.002793  0.999976  -0.006350  0.001160  0.006353  0.999979  1.000000  0.000035  -0.000015  -0.000035  1.000000  -0.000079  0.000015  0.000079  1.000000  0.999927  0.010611  -0.005863  -0.010640  0.999931  -0.004999  0.005810  0.005061  0.999970  0.000083  0.007035  
32.074245 0.004337  0.091056  -0.004108  0.979673  0.182146  -0.084050  -0.188221  0.979552  -0.071070  0.069386  0.085445  0.993924  0.001013  -0.009019  0.001677  -0.276928  0.084129  0.151489  2.000000  0.999924  0.010775  -0.005937  -0.010807  0.999927  -0.005397  0.005878  0.005461  0.999968  0.999996  0.002592  -0.001028  -0.002598  0.999976  -0.006364  0.001011  0.006367  0.999979  1.000000  0.000032  -0.000013  -0.000032  1.000000  -0.000080  0.000013  0.000080  1.000000  0.999924  0.010775  -0.005937  -0.010807  0.999927  -0.005397  0.005878  0.005461  0.999968  0.000083  0.006949  
32.075492 0.004338  0.091046  -0.004105  0.979673  0.182105  -0.084138  -0.188221  0.979517  -0.071546  0.069386  0.085928  0.993882  0.000887  -0.008991  0.001706  -0.284188  0.074762  0.139629  2.000000  0.999922  0.010932  -0.006005  -0.010967  0.999923  -0.005808  0.005941  0.005874  0.999965  0.999997  0.002386  -0.001012  -0.002393  0.999975  -0.006621  0.000996  0.006623  0.999978  1.000000  0.000030  -0.000013  -0.000030  1.000000  -0.000083  0.000013  0.000083  1.000000  0.999922  0.010932  -0.006005  -0.010967  0.999923  -0.005808  0.005941  0.005874  0.999965  0.000082  0.007111  
32.076742 0.004338  0.091036  -0.004102  0.979634  0.182266  -0.084241  -0.188422  0.979445  -0.072003  0.069386  0.086410  0.993841  0.000758  -0.008918  0.001680  -0.293478  0.069612  0.138579  2.000000  0.999921  0.011055  -0.006053  -0.011093  0.999920  -0.006148  0.005984  0.006214  0.999963  0.999997  0.002398  -0.000879  -0.002404  0.999974  -0.006864  0.000863  0.006866  0.999976  1.000000  0.000030  -0.000011  -0.000030  1.000000  -0.000086  0.000011  0.000086  1.000000  0.999921  0.011055  -0.006053  -0.011093  0.999920  -0.006148  0.005984  0.006214  0.999963  0.000083  0.007324  
32.077991 0.004338  0.091025  -0.004100  0.979634  0.182225  -0.084329  -0.188422  0.979410  -0.072479  0.069386  0.086892  0.993798  0.000651  -0.008912  0.001644  -0.302378  0.059618  0.125590  2.000000  0.999919  0.011198  -0.006106  -0.011238  0.999915  -0.006581  0.006032  0.006649  0.999960  0.999997  0.002204  -0.000729  -0.002209  0.999973  -0.006999  0.000714  0.007001  0.999975  1.000000  0.000028  -0.000009  -0.000028  1.000000  -0.000087  0.000009  0.000088  1.000000  0.999919  0.011198  -0.006106  -0.011238  0.999915  -0.006581  0.006032  0.006649  0.999960  0.000083  0.007375  
32.079259 0.004338  0.091014  -0.004098  0.979595  0.182396  -0.084411  -0.188624  0.979346  -0.072818  0.069386  0.087254  0.993767  0.000561  -0.008788  0.001635  -0.303306  0.050285  0.119670  2.000000  0.999917  0.011341  -0.006150  -0.011385  0.999911  -0.007020  0.006070  0.007090  0.999956  0.999997  0.002420  -0.000615  -0.002424  0.999972  -0.007106  0.000598  0.007108  0.999975  1.000000  0.000030  -0.000008  -0.000030  1.000000  -0.000089  0.000008  0.000089  1.000000  0.999917  0.011341  -0.006150  -0.011385  0.999911  -0.007020  0.006070  0.007090  0.999956  0.000085  0.007533  
32.080546 0.004339  0.091003  -0.004096  0.979556  0.182556  -0.084514  -0.188826  0.979273  -0.073275  0.069386  0.087736  0.993724  0.000528  -0.008669  0.001588  -0.308925  0.046120  0.120636  2.000000  0.999915  0.011450  -0.006181  -0.011496  0.999907  -0.007382  0.006096  0.007453  0.999954  0.999997  0.002227  -0.000465  -0.002230  0.999971  -0.007242  0.000449  0.007243  0.999974  1.000000  0.000028  -0.000006  -0.000028  1.000000  -0.000091  0.000006  0.000091  1.000000  0.999915  0.011450  -0.006181  -0.011496  0.999907  -0.007382  0.006096  0.007453  0.999954  0.000084  0.007591  
32.081767 0.004340  0.090993  -0.004094  0.979556  0.182515  -0.084603  -0.188826  0.979237  -0.073751  0.069386  0.088218  0.993682  0.000494  -0.008634  0.001592  -0.317862  0.041156  0.114244  2.000000  0.999915  0.011510  -0.006195  -0.011557  0.999905  -0.007566  0.006107  0.007637  0.999952  0.999997  0.002431  -0.000484  -0.002435  0.999969  -0.007470  0.000466  0.007471  0.999972  1.000000  0.000030  -0.000006  -0.000030  1.000000  -0.000093  0.000006  0.000093  1.000000  0.999915  0.011510  -0.006195  -0.011557  0.999905  -0.007566  0.006107  0.007637  0.999952  0.000085  0.007871  
32.082999 0.004341  0.090983  -0.004091  0.979517  0.182676  -0.084707  -0.189027  0.979164  -0.074208  0.069386  0.088700  0.993639  0.000488  -0.008537  0.001622  -0.326146  0.036735  0.114657  2.000000  0.999913  0.011627  -0.006218  -0.011676  0.999900  -0.007948  0.006125  0.008020  0.999949  0.999997  0.002443  -0.000352  -0.002446  0.999967  -0.007713  0.000333  0.007713  0.999970  1.000000  0.000031  -0.000004  -0.000031  1.000000  -0.000096  0.000004  0.000096  1.000000  0.999913  0.011627  -0.006218  -0.011676  0.999900  -0.007948  0.006125  0.008020  0.999949  0.000086  0.008098  
32.084245 0.004342  0.090973  -0.004088  0.979517  0.182624  -0.084818  -0.189027  0.979119  -0.074802  0.069386  0.089303  0.993585  0.000514  -0.008440  0.001718  -0.336140  0.031468  0.107279  2.000000  0.999911  0.011769  -0.006244  -0.011822  0.999895  -0.008438  0.006144  0.008511  0.999945  0.999997  0.002238  -0.000335  -0.002241  0.999966  -0.007969  0.000317  0.007970  0.999968  1.000000  0.000028  -0.000004  -0.000028  1.000000  -0.000100  0.000004  0.000100  1.000000  0.999911  0.011769  -0.006244  -0.011822  0.999895  -0.008438  0.006144  0.008511  0.999945  0.000089  0.008285  
32.085267 0.004344  0.090965  -0.004086  0.979478  0.182795  -0.084899  -0.189229  0.979054  -0.075141  0.069386  0.089664  0.993552  0.000598  -0.008323  0.001767  -0.340158  0.031498  0.107261  2.000000  0.999911  0.011824  -0.006251  -0.011878  0.999892  -0.008637  0.006149  0.008711  0.999943  0.999997  0.002250  -0.000202  -0.002252  0.999966  -0.007969  0.000184  0.007970  0.999968  1.000000  0.000028  -0.000002  -0.000028  1.000000  -0.000100  0.000002  0.000100  1.000000  0.999911  0.011824  -0.006251  -0.011878  0.999892  -0.008637  0.006149  0.008711  0.999943  0.000089  0.008284  
32.086493 0.004346  0.090956  -0.004084  0.979478  0.182744  -0.085010  -0.189229  0.979008  -0.075735  0.069386  0.090267  0.993498  0.000698  -0.008237  0.001787  -0.351643  0.026746  0.101651  2.000000  0.999909  0.011937  -0.006266  -0.011993  0.999887  -0.009049  0.006158  0.009124  0.999939  0.999997  0.002250  -0.000204  -0.002252  0.999963  -0.008333  0.000185  0.008334  0.999965  1.000000  0.000028  -0.000002  -0.000028  1.000000  -0.000104  0.000002  0.000104  1.000000  0.999909  0.011937  -0.006266  -0.011993  0.999887  -0.009049  0.006158  0.009124  0.999939  0.000092  0.008634  
32.087793 0.004348  0.090947  -0.004082  0.979439  0.182904  -0.085115  -0.189431  0.978933  -0.076192  0.069386  0.090749  0.993454  0.000824  -0.008081  0.001818  -0.354620  0.022859  0.108714  2.000000  0.999907  0.012072  -0.006284  -0.012131  0.999881  -0.009561  0.006168  0.009636  0.999935  0.999997  0.002250  -0.000205  -0.002251  0.999964  -0.008212  0.000187  0.008212  0.999966  1.000000  0.000028  -0.000002  -0.000028  1.000000  -0.000103  0.000002  0.000103  1.000000  0.999907  0.012072  -0.006284  -0.012131  0.999881  -0.009561  0.006168  0.009636  0.999935  0.000094  0.008517  
32.088998 0.004350  0.090937  -0.004081  0.979439  0.182873  -0.085181  -0.189431  0.978906  -0.076548  0.069386  0.091110  0.993421  0.000916  -0.008062  0.001797  -0.355607  0.017858  0.102373  2.000000  0.999906  0.012181  -0.006299  -0.012244  0.999875  -0.009977  0.006177  0.010054  0.999930  0.999997  0.002250  -0.000206  -0.002251  0.999963  -0.008333  0.000187  0.008334  0.999965  1.000000  0.000028  -0.000002  -0.000028  1.000000  -0.000104  0.000002  0.000104  1.000000  0.999906  0.012181  -0.006299  -0.012244  0.999875  -0.009977  0.006177  0.010054  0.999930  0.000095  0.008634  
32.090246 0.004352  0.090928  -0.004080  0.979400  0.183033  -0.085286  -0.189632  0.978831  -0.077006  0.069386  0.091592  0.993376  0.000972  -0.008000  0.001695  -0.359698  0.013423  0.102760  2.000000  0.999904  0.012309  -0.006315  -0.012375  0.999868  -0.010497  0.006185  0.010574  0.999925  0.999998  0.002057  -0.000055  -0.002058  0.999964  -0.008226  0.000038  0.008226  0.999966  1.000000  0.000026  -0.000001  -0.000026  1.000000  -0.000103  0.000001  0.000103  1.000000  0.999904  0.012309  -0.006315  -0.012375  0.999868  -0.010497  0.006185  0.010574  0.999925  0.000095  0.008480  
32.091496 0.004354  0.090918  -0.004080  0.979400  0.182992  -0.085375  -0.189632  0.978793  -0.077481  0.069386  0.092074  0.993332  0.001115  -0.007971  0.001533  -0.365554  0.012765  0.095156  2.000000  0.999903  0.012434  -0.006325  -0.012503  0.999861  -0.011017  0.006187  0.011095  0.999919  0.999998  0.002057  -0.000056  -0.002058  0.999963  -0.008348  0.000039  0.008348  0.999965  1.000000  0.000026  -0.000001  -0.000026  1.000000  -0.000104  0.000001  0.000104  1.000000  0.999903  0.012434  -0.006325  -0.012503  0.999861  -0.011017  0.006187  0.011095  0.999919  0.000096  0.008598  
32.092743 0.004357  0.090909  -0.004079  0.979361  0.183162  -0.085457  -0.189834  0.978727  -0.077819  0.069386  0.092436  0.993298  0.001285  -0.007857  0.001470  -0.361523  0.008969  0.102505  2.000000  0.999901  0.012559  -0.006334  -0.012632  0.999854  -0.011536  0.006188  0.011615  0.999913  0.999998  0.002057  -0.000057  -0.002058  0.999963  -0.008348  0.000040  0.008348  0.999965  1.000000  0.000026  -0.000001  -0.000026  1.000000  -0.000104  0.000001  0.000104  1.000000  0.999901  0.012559  -0.006334  -0.012632  0.999854  -0.011536  0.006188  0.011615  0.999913  0.000096  0.008598  
32.093991 0.004360  0.090900  -0.004077  0.979322  0.183322  -0.085562  -0.190036  0.978652  -0.078276  0.069386  0.092918  0.993253  0.001450  -0.007728  0.001397  -0.363989  0.009080  0.103199  2.000000  0.999900  0.012662  -0.006342  -0.012737  0.999847  -0.011955  0.006190  0.012034  0.999908  0.999997  0.002262  -0.000077  -0.002262  0.999963  -0.008333  0.000058  0.008333  0.999965  1.000000  0.000028  -0.000001  -0.000028  1.000000  -0.000104  0.000001  0.000104  1.000000  0.999900  0.012662  -0.006342  -0.012737  0.999847  -0.011955  0.006190  0.012034  0.999908  0.000096  0.008635  
32.095247 0.004363  0.090891  -0.004077  0.979322  0.183281  -0.085651  -0.190036  0.978614  -0.078751  0.069386  0.093400  0.993208  0.001593  -0.007657  0.001315  -0.368375  0.008511  0.096270  2.000000  0.999898  0.012767  -0.006350  -0.012845  0.999841  -0.012373  0.006191  0.012453  0.999903  0.999998  0.002057  -0.000058  -0.002058  0.999963  -0.008348  0.000041  0.008348  0.999965  1.000000  0.000026  -0.000001  -0.000026  1.000000  -0.000104  0.000001  0.000104  1.000000  0.999898  0.012767  -0.006350  -0.012845  0.999841  -0.012373  0.006191  0.012453  0.999903  0.000095  0.008598  
32.096493 0.004365  0.090882  -0.004075  0.979283  0.183451  -0.085734  -0.190237  0.978547  -0.079090  0.069386  0.093761  0.993174  0.001716  -0.007552  0.001262  -0.364347  0.008553  0.096280  2.000000  0.999897  0.012895  -0.006367  -0.012976  0.999833  -0.012899  0.006200  0.012980  0.999897  0.999998  0.002045  -0.000193  -0.002046  0.999963  -0.008348  0.000176  0.008348  0.999965  1.000000  0.000026  -0.000002  -0.000026  1.000000  -0.000104  0.000002  0.000104  1.000000  0.999897  0.012895  -0.006367  -0.012976  0.999833  -0.012899  0.006200  0.012980  0.999897  0.000095  0.008597  
32.097552 0.004368  0.090875  -0.004073  0.979244  0.183621  -0.085817  -0.190439  0.978481  -0.079428  0.069386  0.094122  0.993140  0.001826  -0.007438  0.001249  -0.363519  0.004099  0.096458  2.000000  0.999895  0.012994  -0.006382  -0.013078  0.999826  -0.013318  0.006208  0.013400  0.999891  0.999998  0.002045  -0.000193  -0.002046  0.999963  -0.008348  0.000176  0.008348  0.999965  1.000000  0.000026  -0.000002  -0.000026  1.000000  -0.000104  0.000002  0.000104  1.000000  0.999895  0.012994  -0.006382  -0.013078  0.999826  -0.013318  0.006208  0.013400  0.999891  0.000096  0.008597  
