1-Time 2-Px 3-Py 4-Pz 5-R11 6-R21 7-R31 8-R12 9-R22 10-R32 11-R13 12-R23 13-R33 14-Vx 15-Vy 16-Vz 17-Wx 18-Wy 19-Wz 20-state 21-PR11 22-PR21 23-PR31 24-PR12 25-PR22 26-PR32 27-PR13 28-PR23 29-PR33 
225.780556 0.007444  0.091991  -0.012549  0.996281  0.082026  0.026377  -0.081815  0.996607  -0.008982  -0.027024  0.006790  0.999612  -0.000919  0.000199  0.002567  0.000000  0.000000  0.000000  2.000000  1.000000  0.000000  0.000000  -0.000000  1.000000  0.000000  0.000000  -0.000000  1.000000  1.000000  -0.000206  0.000001  0.000206  1.000000  0.000127  -0.000001  -0.000127  1.000000  1.000000  0.000000  0.000000  0.000000  1.000000  0.000000  0.000000  0.000000  1.000000  0.724027  0.604931  -0.331427  -0.617479  0.782566  0.079436  0.307417  0.147136  0.940131  0.000000  0.000000  
225.781809 0.007443  0.091991  -0.012546  0.996281  0.082026  0.026377  -0.081815  0.996607  -0.008982  -0.027024  0.006790  0.999612  -0.000904  0.000196  0.002521  0.000000  0.000000  0.000000  2.000000  1.000000  0.000000  0.000000  0.000000  1.000000  0.000000  0.000000  0.000000  1.000000  1.000000  -0.000206  0.000001  0.000206  1.000000  0.000127  -0.000001  -0.000127  1.000000  1.000000  0.000000  0.000000  0.000000  1.000000  0.000000  0.000000  0.000000  1.000000  1.000000  0.000000  0.000000  0.000000  1.000000  0.000000  0.000000  0.000000  1.000000  0.000000  0.000000  
225.783058 0.007442  0.091989  -0.012548  0.996227  0.082643  0.026505  -0.082430  0.996556  -0.009009  -0.027158  0.006790  0.999608  -0.000927  0.000013  0.002197  0.000000  0.000000  0.000000  2.000000  1.000000  0.000000  0.000000  0.000000  1.000000  0.000000  0.000000  0.000000  1.000000  1.000000  0.000207  0.000132  -0.000207  1.000000  0.000116  -0.000132  -0.000116  1.000000  1.000000  0.000000  0.000000  0.000000  1.000000  0.000000  0.000000  0.000000  1.000000  1.000000  0.000000  0.000000  0.000000  1.000000  0.000000  0.000000  0.000000  1.000000  0.000000  0.000000  
225.784059 0.007441  0.091986  -0.012551  0.996189  0.083054  0.026634  -0.082840  0.996522  -0.009031  -0.027292  0.006790  0.999604  -0.000885  -0.000174  0.001829  0.000000  0.000000  0.000000  2.000000  1.000000  0.000000  0.000000  0.000000  1.000000  0.000000  0.000000  0.000000  1.000000  1.000000  0.000619  0.000263  -0.000619  1.000000  0.000104  -0.000263  -0.000105  1.000000  1.000000  0.000000  0.000000  0.000000  1.000000  0.000000  0.000000  0.000000  1.000000  1.000000  0.000000  0.000000  0.000000  1.000000  0.000000  0.000000  0.000000  1.000000  0.000000  0.000000  
225.785059 0.007441  0.091984  -0.012554  0.996168  0.083260  0.026766  -0.083045  0.996505  -0.009047  -0.027425  0.006790  0.999601  -0.000833  -0.000305  0.001510  0.000000  0.000000  0.000000  2.000000  1.000000  0.000000  0.000000  0.000000  1.000000  0.000000  0.000000  0.000000  1.000000  0.999999  0.001032  0.000394  -0.001032  0.999999  0.000093  -0.000394  -0.000093  1.000000  1.000000  0.000000  0.000000  0.000000  1.000000  0.000000  0.000000  0.000000  1.000000  1.000000  0.000000  0.000000  0.000000  1.000000  0.000000  0.000000  0.000000  1.000000  0.000000  0.000000  
225.786302 0.007442  0.091982  -0.012557  0.996148  0.083466  0.026897  -0.083250  0.996488  -0.009064  -0.027559  0.006790  0.999597  -0.000670  -0.000475  0.001043  0.000000  0.000000  0.000000  2.000000  1.000000  0.000000  0.000000  0.000000  1.000000  0.000000  0.000000  0.000000  1.000000  0.999999  0.001238  0.000527  -0.001238  0.999999  0.000087  -0.000527  -0.000088  1.000000  1.000000  0.000000  0.000000  0.000000  1.000000  0.000000  0.000000  0.000000  1.000000  1.000000  0.000000  0.000000  0.000000  1.000000  0.000000  0.000000  0.000000  1.000000  0.000000  0.000000  
225.787304 0.007444  0.091980  -0.012560  0.996113  0.083876  0.026893  -0.083660  0.996453  -0.009075  -0.027559  0.006790  0.999597  -0.000500  -0.000612  0.000671  0.000000  0.000000  0.000000  2.000000  1.000000  0.000000  0.000000  0.000000  1.000000  0.000000  0.000000  0.000000  1.000000  0.999999  0.001444  0.000525  -0.001444  0.999999  0.000082  -0.000525  -0.000082  1.000000  1.000000  0.000000  0.000000  0.000000  1.000000  0.000000  0.000000  0.000000  1.000000  1.000000  0.000000  0.000000  0.000000  1.000000  0.000000  0.000000  0.000000  1.000000  0.000000  0.000000  
225.788555 0.007447  0.091979  -0.012563  0.996079  0.084286  0.026889  -0.084070  0.996418  -0.009086  -0.027559  0.006790  0.999597  -0.000256  -0.000697  0.000304  0.000000  0.000000  0.000000  2.000000  1.000000  0.000000  0.000000  0.000000  1.000000  0.000000  0.000000  0.000000  1.000000  0.999998  0.001856  0.000523  -0.001856  0.999998  0.000070  -0.000522  -0.000071  1.000000  1.000000  0.000000  0.000000  0.000000  1.000000  0.000000  0.000000  0.000000  1.000000  1.000000  0.000000  0.000000  0.000000  1.000000  0.000000  0.000000  0.000000  1.000000  0.000000  0.000000  
225.789803 0.007450  0.091977  -0.012567  0.996030  0.084901  0.026751  -0.084685  0.996366  -0.009092  -0.027425  0.006790  0.999601  0.000036  -0.000877  -0.000252  0.000000  0.000000  0.000000  2.000000  1.000000  0.000000  0.000000  0.000000  1.000000  0.000000  0.000000  0.000000  1.000000  0.999997  0.002472  0.000385  -0.002472  0.999997  0.000054  -0.000384  -0.000055  1.000000  1.000000  0.000000  0.000000  0.000000  1.000000  0.000000  0.000000  0.000000  1.000000  1.000000  0.000000  0.000000  0.000000  1.000000  0.000000  0.000000  0.000000  1.000000  0.000000  0.000000  
225.790804 0.007452  0.091974  -0.012571  0.995974  0.085517  0.026878  -0.085300  0.996314  -0.009119  -0.027559  0.006790  0.999597  0.000239  -0.001045  -0.000688  0.000000  0.000000  0.000000  2.000000  1.000000  0.000000  0.000000  0.000000  1.000000  0.000000  0.000000  0.000000  1.000000  0.999995  0.003090  0.000514  -0.003091  0.999995  0.000036  -0.000514  -0.000038  1.000000  1.000000  0.000000  0.000000  0.000000  1.000000  0.000000  0.000000  0.000000  1.000000  1.000000  0.000000  0.000000  0.000000  1.000000  0.000000  0.000000  0.000000  1.000000  0.000000  0.000000  
225.791805 0.007454  0.091972  -0.012575  0.995918  0.086133  0.027006  -0.085915  0.996260  -0.009148  -0.027693  0.006790  0.999593  0.000451  -0.001239  -0.001115  0.000000  0.000000  0.000000  2.000000  1.000000  0.000000  0.000000  0.000000  1.000000  0.000000  0.000000  0.000000  1.000000  0.999993  0.003708  0.000510  -0.003708  0.999993  0.000019  -0.000510  -0.000021  1.000000  1.000000  0.000000  0.000000  0.000000  1.000000  0.000000  0.000000  0.000000  1.000000  1.000000  0.000000  0.000000  0.000000  1.000000  0.000000  0.000000  0.000000  1.000000  0.000000  0.000000  
225.793055 0.007457  0.091969  -0.012581  0.995861  0.086750  0.027133  -0.086530  0.996207  -0.009176  -0.027827  0.006790  0.999590  0.000742  -0.001478  -0.001718  0.000000  0.000000  0.000000  2.000000  1.000000  0.000000  0.000000  0.000000  1.000000  0.000000  0.000000  0.000000  1.000000  0.999990  0.004327  0.000773  -0.004327  0.999991  0.000001  -0.000773  -0.000004  1.000000  1.000000  0.000000  0.000000  0.000000  1.000000  0.000000  0.000000  0.000000  1.000000  1.000000  0.000000  0.000000  0.000000  1.000000  0.000000  0.000000  0.000000  1.000000  0.000000  0.000000  
225.794055 0.007461  0.091967  -0.012585  0.995803  0.087369  0.027250  -0.087144  0.996152  -0.009325  -0.027960  0.006911  0.999585  0.001068  -0.001595  -0.002151  -0.004756  -0.030283  0.173132  2.000000  1.000000  0.000000  0.000000  0.000000  1.000000  0.000000  0.000000  0.000000  1.000000  0.999987  0.004945  0.000902  -0.004945  0.999988  -0.000138  -0.000903  0.000134  1.000000  1.000000  0.000000  0.000000  0.000000  1.000000  0.000000  0.000000  0.000000  1.000000  1.000000  0.000000  0.000000  0.000000  1.000000  0.000000  0.000000  0.000000  1.000000  0.000000  0.000000  
225.795059 0.007464  0.091964  -0.012590  0.995745  0.087985  0.027378  -0.087759  0.996098  -0.009354  -0.028094  0.006911  0.999581  0.001387  -0.001826  -0.002733  -0.005338  -0.034630  0.193877  2.000000  1.000000  0.000094  0.000255  -0.000094  1.000000  -0.000012  -0.000255  0.000012  1.000000  0.999984  0.005564  0.001032  -0.005563  0.999984  -0.000277  -0.001033  0.000272  0.999999  1.000000  0.000024  0.000067  -0.000024  1.000000  -0.000003  -0.000067  0.000003  1.000000  1.000000  0.000094  0.000255  -0.000094  1.000000  -0.000012  -0.000255  0.000012  1.000000  0.000048  0.005665  
225.796312 0.007468  0.091960  -0.012596  0.995673  0.088809  0.027359  -0.088579  0.996024  -0.009497  -0.028094  0.007032  0.999581  0.001711  -0.002118  -0.003392  -0.010175  -0.034417  0.221489  2.000000  1.000000  0.000205  0.000551  -0.000205  1.000000  -0.000030  -0.000551  0.000030  1.000000  0.999978  0.006593  0.001023  -0.006592  0.999978  -0.000428  -0.001026  0.000421  0.999999  1.000000  0.000030  0.000078  -0.000030  1.000000  -0.000005  -0.000078  0.000005  1.000000  1.000000  0.000205  0.000551  -0.000205  1.000000  -0.000030  -0.000551  0.000030  1.000000  0.000054  0.006685  
225.797557 0.007472  0.091956  -0.012604  0.995600  0.089632  0.027341  -0.089399  0.995949  -0.009640  -0.028094  0.007154  0.999580  0.001996  -0.002277  -0.003771  -0.015014  -0.034214  0.249183  2.000000  0.999999  0.000371  0.000966  -0.000371  1.000000  -0.000059  -0.000966  0.000058  1.000000  0.999972  0.007416  0.001017  -0.007415  0.999972  -0.000572  -0.001021  0.000564  0.999999  1.000000  0.000035  0.000087  -0.000035  1.000000  -0.000007  -0.000087  0.000007  1.000000  0.999999  0.000371  0.000966  -0.000371  1.000000  -0.000059  -0.000966  0.000058  1.000000  0.000061  0.007507  
225.798809 0.007476  0.091951  -0.012612  0.995540  0.090252  0.027457  -0.090014  0.995892  -0.009790  -0.028228  0.007275  0.999575  0.002387  -0.002370  -0.004122  -0.019679  -0.038545  0.269944  2.000000  0.999999  0.000558  0.001430  -0.000557  1.000000  -0.000095  -0.001430  0.000094  0.999999  0.999965  0.008240  0.001144  -0.008239  0.999966  -0.000596  -0.001149  0.000587  0.999999  1.000000  0.000039  0.000096  -0.000039  1.000000  -0.000007  -0.000096  0.000007  1.000000  0.999999  0.000558  0.001430  -0.000557  1.000000  -0.000095  -0.001430  0.000094  0.999999  0.000068  0.008340  
225.800059 0.007481  0.091946  -0.012618  0.995462  0.091073  0.027582  -0.090833  0.995818  -0.009825  -0.028362  0.007275  0.999571  0.002653  -0.002509  -0.004312  -0.020472  -0.042863  0.297761  2.000000  0.999998  0.000763  0.001932  -0.000763  1.000000  -0.000141  -0.001932  0.000139  0.999998  0.999960  0.008859  0.001272  -0.008858  0.999960  -0.000736  -0.001279  0.000725  0.999999  1.000000  0.000042  0.000104  -0.000042  1.000000  -0.000009  -0.000104  0.000009  1.000000  0.999998  0.000763  0.001932  -0.000763  1.000000  -0.000141  -0.001932  0.000139  0.999998  0.000074  0.008979  
225.801304 0.007485  0.091942  -0.012626  0.995383  0.091897  0.027696  -0.091652  0.995741  -0.009981  -0.028495  0.007396  0.999567  0.002869  -0.002698  -0.004568  -0.025330  -0.047131  0.325374  2.000000  0.999996  0.000984  0.002480  -0.000984  0.999999  -0.000191  -0.002480  0.000188  0.999997  0.999952  0.009683  0.001399  -0.009682  0.999953  -0.000882  -0.001407  0.000868  0.999999  1.000000  0.000045  0.000114  -0.000045  1.000000  -0.000011  -0.000114  0.000011  1.000000  0.999996  0.000984  0.002480  -0.000984  0.999999  -0.000191  -0.002480  0.000188  0.999997  0.000081  0.009823  
225.802306 0.007490  0.091937  -0.012632  0.995319  0.092514  0.027956  -0.092266  0.995684  -0.010022  -0.028763  0.007396  0.999559  0.003074  -0.002927  -0.004894  -0.025952  -0.055972  0.346171  2.000000  0.999995  0.001170  0.002952  -0.001169  0.999999  -0.000236  -0.002952  0.000232  0.999996  0.999946  0.010301  0.001528  -0.010300  0.999947  -0.000901  -0.001537  0.000885  0.999998  1.000000  0.000048  0.000121  -0.000048  1.000000  -0.000011  -0.000121  0.000011  1.000000  0.999995  0.001170  0.002952  -0.001169  0.999999  -0.000236  -0.002952  0.000232  0.999996  0.000086  0.010452  
225.803348 0.007495  0.091933  -0.012639  0.995254  0.093134  0.028205  -0.092880  0.995625  -0.010185  -0.029030  0.007517  0.999550  0.003252  -0.003137  -0.005193  -0.030612  -0.064701  0.366461  2.000000  0.999993  0.001359  0.003450  -0.001359  0.999999  -0.000283  -0.003450  0.000278  0.999994  0.999941  0.010714  0.001657  -0.010712  0.999942  -0.001037  -0.001668  0.001019  0.999998  1.000000  0.000049  0.000126  -0.000049  1.000000  -0.000013  -0.000126  0.000013  1.000000  0.999993  0.001359  0.003450  -0.001359  0.999999  -0.000283  -0.003450  0.000278  0.999994  0.000093  0.010890  
225.804558 0.007501  0.091926  -0.012651  0.995169  0.093956  0.028463  -0.093699  0.995548  -0.010234  -0.029298  0.007517  0.999542  0.003471  -0.003421  -0.005673  -0.035556  -0.073601  0.394658  2.000000  0.999991  0.001552  0.003966  -0.001551  0.999999  -0.000335  -0.003966  0.000329  0.999992  0.999937  0.011126  0.001788  -0.011125  0.999938  -0.001052  -0.001799  0.001032  0.999998  1.000000  0.000050  0.000132  -0.000050  1.000000  -0.000013  -0.000132  0.000013  1.000000  0.999991  0.001552  0.003966  -0.001551  0.999999  -0.000335  -0.003966  0.000329  0.999992  0.000101  0.011317  
225.805804 0.007506  0.091919  -0.012663  0.995088  0.094780  0.028576  -0.094518  0.995469  -0.010390  -0.029431  0.007638  0.999538  0.003612  -0.003727  -0.006192  -0.040640  -0.077835  0.429332  2.000000  0.999988  0.001799  0.004629  -0.001797  0.999998  -0.000406  -0.004630  0.000398  0.999989  0.999934  0.011333  0.001919  -0.011331  0.999935  -0.001182  -0.001932  0.001160  0.999997  1.000000  0.000050  0.000135  -0.000050  1.000000  -0.000015  -0.000135  0.000015  1.000000  0.999988  0.001799  0.004629  -0.001797  0.999998  -0.000406  -0.004630  0.000398  0.999989  0.000108  0.011554  
225.806805 0.007510  0.091912  -0.012673  0.995041  0.095192  0.028838  -0.094927  0.995430  -0.010427  -0.029699  0.007638  0.999530  0.003708  -0.004014  -0.006579  -0.041089  -0.086726  0.443217  2.000000  0.999985  0.002005  0.005179  -0.002003  0.999998  -0.000466  -0.005180  0.000456  0.999986  0.999929  0.011746  0.002049  -0.011743  0.999930  -0.001197  -0.002063  0.001173  0.999997  1.000000  0.000051  0.000140  -0.000051  1.000000  -0.000015  -0.000140  0.000015  1.000000  0.999985  0.002005  0.005179  -0.002003  0.999998  -0.000466  -0.005180  0.000456  0.999986  0.000113  0.011982  
225.807806 0.007514  0.091905  -0.012683  0.994978  0.095812  0.028953  -0.095541  0.995369  -0.010579  -0.029833  0.007759  0.999525  0.003856  -0.004337  -0.006926  -0.045797  -0.091067  0.464118  2.000000  0.999981  0.002209  0.005743  -0.002206  0.999997  -0.000527  -0.005744  0.000514  0.999983  0.999926  0.011953  0.002181  -0.011950  0.999928  -0.001205  -0.002195  0.001179  0.999997  1.000000  0.000051  0.000143  -0.000051  1.000000  -0.000015  -0.000143  0.000015  1.000000  0.999981  0.002209  0.005743  -0.002206  0.999997  -0.000527  -0.005744  0.000514  0.999983  0.000117  0.012209  
225.809055 0.007520  0.091896  -0.012694  0.994911  0.096428  0.029213  -0.096155  0.995310  -0.010622  -0.030100  0.007759  0.999517  0.003960  -0.004741  -0.007332  -0.046066  -0.099080  0.480904  2.000000  0.999976  0.002458  0.006465  -0.002455  0.999997  -0.000611  -0.006466  0.000595  0.999979  0.999926  0.011955  0.002447  -0.011952  0.999928  -0.001329  -0.002463  0.001300  0.999996  1.000000  0.000048  0.000145  -0.000048  1.000000  -0.000016  -0.000145  0.000016  1.000000  0.999976  0.002458  0.006465  -0.002455  0.999997  -0.000611  -0.006466  0.000595  0.999979  0.000123  0.012274  
225.810308 0.007526  0.091887  -0.012703  0.994844  0.097045  0.029473  -0.096769  0.995250  -0.010666  -0.030368  0.007759  0.999509  0.004094  -0.005098  -0.007562  -0.047109  -0.108746  0.505712  2.000000  0.999970  0.002698  0.007201  -0.002693  0.999996  -0.000695  -0.007203  0.000675  0.999974  0.999922  0.012163  0.002713  -0.012159  0.999925  -0.001337  -0.002729  0.001304  0.999995  1.000000  0.000047  0.000149  -0.000047  1.000000  -0.000017  -0.000149  0.000017  1.000000  0.999970  0.002698  0.007201  -0.002693  0.999996  -0.000695  -0.007203  0.000675  0.999974  0.000130  0.012532  
225.811564 0.007531  0.091878  -0.012712  0.994755  0.097870  0.029718  -0.097587  0.995168  -0.010837  -0.030635  0.007881  0.999500  0.004178  -0.005441  -0.007643  -0.052047  -0.117497  0.533409  2.000000  0.999964  0.002923  0.007943  -0.002917  0.999995  -0.000786  -0.007945  0.000762  0.999968  0.999922  0.012164  0.002845  -0.012160  0.999925  -0.001462  -0.002863  0.001427  0.999995  1.000000  0.000045  0.000150  -0.000045  1.000000  -0.000018  -0.000150  0.000018  1.000000  0.999964  0.002923  0.007943  -0.002917  0.999995  -0.000786  -0.007945  0.000762  0.999968  0.000134  0.012576  
225.812808 0.007537  0.091870  -0.012719  0.994707  0.098286  0.029968  -0.097996  0.995126  -0.010997  -0.030903  0.008002  0.999490  0.004276  -0.005689  -0.007543  -0.056039  -0.122033  0.526622  2.000000  0.999959  0.003094  0.008544  -0.003087  0.999995  -0.000863  -0.008546  0.000836  0.999963  0.999921  0.012167  0.003112  -0.012162  0.999925  -0.001588  -0.003131  0.001550  0.999994  1.000000  0.000042  0.000151  -0.000042  1.000000  -0.000020  -0.000151  0.000020  1.000000  0.999959  0.003094  0.008544  -0.003087  0.999995  -0.000863  -0.008546  0.000836  0.999963  0.000137  0.012656  
225.813809 0.007542  0.091863  -0.012724  0.994634  0.098907  0.030348  -0.098609  0.995064  -0.011175  -0.031304  0.008123  0.999477  0.004370  -0.005917  -0.007495  -0.060461  -0.130946  0.533617  2.000000  0.999953  0.003255  0.009141  -0.003247  0.999994  -0.000944  -0.009144  0.000914  0.999958  0.999923  0.011962  0.003246  -0.011957  0.999927  -0.001706  -0.003266  0.001667  0.999993  1.000000  0.000040  0.000150  -0.000040  1.000000  -0.000021  -0.000150  0.000021  1.000000  0.999953  0.003255  0.009141  -0.003247  0.999994  -0.000944  -0.009144  0.000914  0.999958  0.000138  0.012509  
225.814809 0.007546  0.091855  -0.012730  0.994585  0.099323  0.030598  -0.099018  0.995021  -0.011335  -0.031571  0.008244  0.999468  0.004456  -0.006193  -0.007548  -0.064849  -0.135358  0.540571  2.000000  0.999947  0.003407  0.009741  -0.003397  0.999994  -0.001027  -0.009745  0.000994  0.999952  0.999925  0.011758  0.003380  -0.011752  0.999929  -0.001703  -0.003400  0.001663  0.999993  1.000000  0.000037  0.000148  -0.000037  1.000000  -0.000021  -0.000148  0.000021  1.000000  0.999947  0.003407  0.009741  -0.003397  0.999994  -0.001027  -0.009745  0.000994  0.999952  0.000138  0.012350  
225.816067 0.007551  0.091845  -0.012736  0.994535  0.099738  0.030847  -0.099426  0.994979  -0.011495  -0.031839  0.008365  0.999458  0.004504  -0.006525  -0.007515  -0.069203  -0.139697  0.547240  2.000000  0.999939  0.003581  0.010484  -0.003569  0.999993  -0.001138  -0.010488  0.001101  0.999944  0.999927  0.011555  0.003648  -0.011548  0.999932  -0.001822  -0.003668  0.001780  0.999992  1.000000  0.000033  0.000148  -0.000033  1.000000  -0.000023  -0.000148  0.000023  1.000000  0.999939  0.003581  0.010484  -0.003569  0.999993  -0.001138  -0.010488  0.001101  0.999944  0.000141  0.012250  
225.817304 0.007556  0.091836  -0.012745  0.994486  0.100154  0.031096  -0.099835  0.994936  -0.011655  -0.032106  0.008486  0.999448  0.004439  -0.006768  -0.007540  -0.074025  -0.150019  0.552340  2.000000  0.999930  0.003729  0.011208  -0.003715  0.999992  -0.001250  -0.011213  0.001208  0.999936  0.999930  0.011146  0.003917  -0.011139  0.999936  -0.001812  -0.003937  0.001768  0.999991  1.000000  0.000027  0.000145  -0.000027  1.000000  -0.000022  -0.000145  0.000022  1.000000  0.999930  0.003729  0.011208  -0.003715  0.999992  -0.001250  -0.011213  0.001208  0.999936  0.000143  0.011950  
225.818307 0.007560  0.091828  -0.012752  0.994436  0.100574  0.031333  -0.100244  0.994891  -0.011936  -0.032374  0.008729  0.999438  0.004360  -0.007016  -0.007558  -0.081610  -0.157647  0.547642  2.000000  0.999923  0.003828  0.011777  -0.003812  0.999992  -0.001341  -0.011782  0.001296  0.999930  0.999935  0.010735  0.003920  -0.010728  0.999941  -0.001800  -0.003939  0.001758  0.999991  1.000000  0.000025  0.000141  -0.000025  1.000000  -0.000022  -0.000141  0.000022  1.000000  0.999923  0.003828  0.011777  -0.003812  0.999992  -0.001341  -0.011782  0.001296  0.999930  0.000145  0.011566  
225.819559 0.007564  0.091819  -0.012762  0.994386  0.100989  0.031582  -0.100652  0.994848  -0.012097  -0.032641  0.008850  0.999428  0.004259  -0.007165  -0.007359  -0.085504  -0.171134  0.540761  2.000000  0.999916  0.003916  0.012340  -0.003898  0.999991  -0.001438  -0.012346  0.001390  0.999923  0.999936  0.010533  0.004187  -0.010525  0.999943  -0.001918  -0.004207  0.001874  0.999989  1.000000  0.000020  0.000140  -0.000020  1.000000  -0.000024  -0.000140  0.000024  1.000000  0.999916  0.003916  0.012340  -0.003898  0.999991  -0.001438  -0.012346  0.001390  0.999923  0.000143  0.011492  
225.820805 0.007569  0.091810  -0.012770  0.994357  0.101200  0.031833  -0.100856  0.994826  -0.012251  -0.032909  0.008971  0.999418  0.004234  -0.007276  -0.007091  -0.089282  -0.175731  0.527046  2.000000  0.999907  0.004004  0.013032  -0.003984  0.999991  -0.001562  -0.013038  0.001510  0.999914  0.999939  0.010123  0.004323  -0.010114  0.999947  -0.002028  -0.004343  0.001985  0.999989  1.000000  0.000016  0.000137  -0.000016  1.000000  -0.000025  -0.000137  0.000025  1.000000  0.999907  0.004004  0.013032  -0.003984  0.999991  -0.001562  -0.013038  0.001510  0.999914  0.000140  0.011189  
225.821806 0.007573  0.091803  -0.012776  0.994306  0.101616  0.032082  -0.101265  0.994782  -0.012412  -0.033176  0.009092  0.999408  0.004231  -0.007250  -0.006769  -0.093253  -0.180248  0.520166  2.000000  0.999900  0.004060  0.013572  -0.004038  0.999990  -0.001663  -0.013579  0.001608  0.999907  0.999943  0.009713  0.004459  -0.009704  0.999951  -0.002018  -0.004479  0.001974  0.999988  1.000000  0.000012  0.000133  -0.000012  1.000000  -0.000025  -0.000133  0.000025  1.000000  0.999900  0.004060  0.013572  -0.004038  0.999990  -0.001663  -0.013579  0.001608  0.999907  0.000138  0.010873  
225.823059 0.007577  0.091794  -0.012783  0.994272  0.101829  0.032466  -0.101468  0.994759  -0.012580  -0.033577  0.009213  0.999394  0.004130  -0.007244  -0.006421  -0.096829  -0.189372  0.499485  2.000000  0.999890  0.004112  0.014231  -0.004087  0.999990  -0.001791  -0.014239  0.001733  0.999897  0.999946  0.009303  0.004596  -0.009293  0.999955  -0.002129  -0.004616  0.002086  0.999987  1.000000  0.000008  0.000129  -0.000008  1.000000  -0.000026  -0.000129  0.000026  1.000000  0.999890  0.004112  0.014231  -0.004087  0.999990  -0.001791  -0.014239  0.001733  0.999897  0.000137  0.010588  
225.824301 0.007582  0.091784  -0.012791  0.994217  0.102246  0.032848  -0.101876  0.994715  -0.012755  -0.033978  0.009334  0.999379  0.004017  -0.007335  -0.006333  -0.096011  -0.196851  0.488910  2.000000  0.999881  0.004138  0.014861  -0.004110  0.999990  -0.001921  -0.014869  0.001859  0.999888  0.999951  0.008687  0.004736  -0.008678  0.999960  -0.001991  -0.004753  0.001949  0.999987  1.000000  0.000003  0.000124  -0.000003  1.000000  -0.000025  -0.000124  0.000025  1.000000  0.999881  0.004138  0.014861  -0.004110  0.999990  -0.001921  -0.014869  0.001859  0.999888  0.000134  0.010088  
225.825306 0.007584  0.091775  -0.012798  0.994182  0.102454  0.033244  -0.102079  0.994694  -0.012802  -0.034379  0.009334  0.999365  0.003879  -0.007462  -0.006331  -0.096486  -0.207552  0.479094  2.000000  0.999874  0.004140  0.015344  -0.004110  0.999990  -0.002027  -0.015352  0.001963  0.999880  0.999954  0.008277  0.004872  -0.008267  0.999964  -0.002101  -0.004889  0.002061  0.999986  1.000000  -0.000001  0.000120  0.000001  1.000000  -0.000026  -0.000120  0.000026  1.000000  0.999874  0.004140  0.015344  -0.004110  0.999990  -0.002027  -0.015352  0.001963  0.999880  0.000133  0.009828  
225.826313 0.007586  0.091766  -0.012806  0.994147  0.102667  0.033628  -0.102282  0.994671  -0.012971  -0.034781  0.009455  0.999350  0.003701  -0.007611  -0.006430  -0.095883  -0.221054  0.458251  2.000000  0.999866  0.004124  0.015817  -0.004090  0.999989  -0.002128  -0.015825  0.002063  0.999873  0.999956  0.007869  0.005143  -0.007858  0.999967  -0.002090  -0.005159  0.002050  0.999985  1.000000  -0.000007  0.000117  0.000007  1.000000  -0.000026  -0.000117  0.000026  1.000000  0.999866  0.004124  0.015817  -0.004090  0.999989  -0.002128  -0.015825  0.002063  0.999873  0.000131  0.009626  
225.827555 0.007588  0.091754  -0.012817  0.994091  0.103080  0.034022  -0.102690  0.994628  -0.013026  -0.035182  0.009455  0.999336  0.003431  -0.007862  -0.006655  -0.090940  -0.232680  0.447816  2.000000  0.999859  0.004092  0.016284  -0.004056  0.999989  -0.002233  -0.016293  0.002167  0.999865  0.999957  0.007664  0.005279  -0.007653  0.999969  -0.002086  -0.005294  0.002046  0.999984  1.000000  -0.000009  0.000116  0.000009  1.000000  -0.000026  -0.000116  0.000026  1.000000  0.999859  0.004092  0.016284  -0.004056  0.999989  -0.002233  -0.016293  0.002167  0.999865  0.000127  0.009533  
225.828555 0.007589  0.091744  -0.012826  0.994060  0.103292  0.034273  -0.102894  0.994605  -0.013181  -0.035449  0.009576  0.999326  0.003237  -0.007993  -0.006857  -0.091358  -0.239208  0.437833  2.000000  0.999852  0.004047  0.016744  -0.004008  0.999989  -0.002340  -0.016753  0.002272  0.999857  0.999958  0.007256  0.005549  -0.007244  0.999972  -0.002075  -0.005564  0.002034  0.999982  1.000000  -0.000015  0.000113  0.000015  1.000000  -0.000026  -0.000113  0.000026  1.000000  0.999852  0.004047  0.016744  -0.004008  0.999989  -0.002340  -0.016753  0.002272  0.999857  0.000126  0.009363  
225.829580 0.007591  0.091734  -0.012834  0.994051  0.103294  0.034539  -0.102893  0.994605  -0.013209  -0.035717  0.009576  0.999316  0.002993  -0.008167  -0.007074  -0.090694  -0.243649  0.416719  2.000000  0.999844  0.003989  0.017193  -0.003948  0.999989  -0.002444  -0.017203  0.002376  0.999849  0.999960  0.007050  0.005551  -0.007039  0.999973  -0.002069  -0.005566  0.002030  0.999982  1.000000  -0.000016  0.000111  0.000016  1.000000  -0.000026  -0.000111  0.000026  1.000000  0.999844  0.003989  0.017193  -0.003948  0.999989  -0.002444  -0.017203  0.002376  0.999849  0.000123  0.009204  
225.830810 0.007592  0.091723  -0.012844  0.994015  0.103507  0.034922  -0.103096  0.994581  -0.013378  -0.036118  0.009697  0.999300  0.002751  -0.008299  -0.007261  -0.090192  -0.252923  0.396342  2.000000  0.999837  0.003914  0.017626  -0.003870  0.999989  -0.002549  -0.017636  0.002481  0.999841  0.999962  0.006640  0.005688  -0.006628  0.999976  -0.002178  -0.005703  0.002140  0.999981  1.000000  -0.000020  0.000107  0.000020  1.000000  -0.000027  -0.000107  0.000027  1.000000  0.999837  0.003914  0.017626  -0.003870  0.999989  -0.002549  -0.017636  0.002481  0.999841  0.000121  0.009006  
225.832060 0.007593  0.091711  -0.012852  0.993980  0.103716  0.035319  -0.103299  0.994560  -0.013426  -0.036519  0.009697  0.999286  0.002514  -0.008421  -0.007276  -0.089649  -0.257604  0.375640  2.000000  0.999828  0.003802  0.018149  -0.003754  0.999989  -0.002681  -0.018159  0.002613  0.999832  0.999964  0.006230  0.005826  -0.006218  0.999979  -0.002044  -0.005839  0.002008  0.999981  1.000000  -0.000024  0.000104  0.000024  1.000000  -0.000025  -0.000104  0.000025  1.000000  0.999828  0.003802  0.018149  -0.003754  0.999989  -0.002681  -0.018159  0.002613  0.999832  0.000117  0.008767  
225.833304 0.007595  0.091701  -0.012861  0.993944  0.103929  0.035702  -0.103502  0.994536  -0.013596  -0.036920  0.009818  0.999270  0.002328  -0.008446  -0.007251  -0.088716  -0.260409  0.359439  2.000000  0.999819  0.003669  0.018647  -0.003617  0.999990  -0.002810  -0.018657  0.002743  0.999822  0.999967  0.005613  0.005832  -0.005602  0.999982  -0.002024  -0.005843  0.001991  0.999981  1.000000  -0.000028  0.000097  0.000028  1.000000  -0.000025  -0.000097  0.000025  1.000000  0.999819  0.003669  0.018647  -0.003617  0.999990  -0.002810  -0.018657  0.002743  0.999822  0.000113  0.008340  
225.834559 0.007596  0.091690  -0.012869  0.993908  0.104142  0.036086  -0.103705  0.994513  -0.013765  -0.037321  0.009939  0.999254  0.002101  -0.008561  -0.007131  -0.092593  -0.266892  0.334270  2.000000  0.999811  0.003521  0.019126  -0.003465  0.999990  -0.002937  -0.019136  0.002871  0.999813  0.999969  0.005203  0.005835  -0.005191  0.999985  -0.002011  -0.005846  0.001981  0.999981  1.000000  -0.000031  0.000093  0.000031  1.000000  -0.000025  -0.000093  0.000025  1.000000  0.999811  0.003521  0.019126  -0.003465  0.999990  -0.002937  -0.019136  0.002871  0.999813  0.000110  0.008068  
225.835560 0.007597  0.091683  -0.012875  0.993876  0.104354  0.036336  -0.103909  0.994489  -0.013921  -0.037589  0.010060  0.999243  0.001933  -0.008583  -0.007087  -0.092192  -0.271461  0.320498  2.000000  0.999806  0.003424  0.019407  -0.003367  0.999990  -0.003012  -0.019417  0.002946  0.999807  0.999968  0.005205  0.006103  -0.005194  0.999985  -0.001892  -0.006112  0.001860  0.999980  1.000000  -0.000034  0.000094  0.000034  1.000000  -0.000023  -0.000094  0.000023  1.000000  0.999806  0.003424  0.019407  -0.003367  0.999990  -0.003012  -0.019417  0.002946  0.999807  0.000109  0.008238  
225.836805 0.007599  0.091674  -0.012882  0.993835  0.104568  0.036852  -0.104111  0.994466  -0.014105  -0.038123  0.010181  0.999221  0.001704  -0.008602  -0.007057  -0.095948  -0.280618  0.306828  2.000000  0.999797  0.003251  0.019863  -0.003189  0.999990  -0.003134  -0.019873  0.003070  0.999798  0.999970  0.004794  0.006106  -0.004783  0.999987  -0.001878  -0.006115  0.001849  0.999980  1.000000  -0.000036  0.000090  0.000036  1.000000  -0.000023  -0.000090  0.000023  1.000000  0.999797  0.003251  0.019863  -0.003189  0.999990  -0.003134  -0.019873  0.003070  0.999798  0.000106  0.007984  
225.837810 0.007600  0.091667  -0.012887  0.993825  0.104571  0.037118  -0.104110  0.994465  -0.014133  -0.038391  0.010181  0.999211  0.001500  -0.008632  -0.007081  -0.091465  -0.280681  0.292966  2.000000  0.999791  0.003097  0.020217  -0.003032  0.999990  -0.003231  -0.020227  0.003169  0.999790  0.999971  0.004385  0.006244  -0.004373  0.999989  -0.001864  -0.006252  0.001836  0.999979  1.000000  -0.000040  0.000086  0.000040  1.000000  -0.000023  -0.000086  0.000023  1.000000  0.999791  0.003097  0.020217  -0.003032  0.999990  -0.003231  -0.020227  0.003169  0.999790  0.000105  0.007851  
225.839062 0.007600  0.091658  -0.012896  0.993788  0.104784  0.037502  -0.104313  0.994442  -0.014303  -0.038792  0.010302  0.999194  0.001241  -0.008576  -0.007135  -0.094893  -0.289810  0.272285  2.000000  0.999783  0.002891  0.020647  -0.002823  0.999990  -0.003350  -0.020656  0.003291  0.999781  0.999971  0.004181  0.006379  -0.004169  0.999990  -0.001857  -0.006387  0.001831  0.999978  1.000000  -0.000043  0.000085  0.000043  1.000000  -0.000023  -0.000085  0.000023  1.000000  0.999783  0.002891  0.020647  -0.002823  0.999990  -0.003350  -0.020656  0.003291  0.999781  0.000103  0.007847  
225.840304 0.007600  0.091648  -0.012907  0.993772  0.104793  0.037888  -0.104312  0.994439  -0.014466  -0.039193  0.010423  0.999177  0.001062  -0.008506  -0.007226  -0.097794  -0.292073  0.256456  2.000000  0.999775  0.002671  0.021062  -0.002598  0.999991  -0.003461  -0.021071  0.003406  0.999772  0.999973  0.003770  0.006383  -0.003760  0.999991  -0.001722  -0.006389  0.001698  0.999978  1.000000  -0.000046  0.000081  0.000046  1.000000  -0.000021  -0.000081  0.000021  1.000000  0.999775  0.002671  0.021062  -0.002598  0.999991  -0.003461  -0.021071  0.003406  0.999772  0.000100  0.007608  
225.841553 0.007600  0.091637  -0.012918  0.993735  0.105006  0.038271  -0.104515  0.994416  -0.014636  -0.039594  0.010544  0.999160  0.000886  -0.008383  -0.007289  -0.097178  -0.296760  0.236006  2.000000  0.999766  0.002439  0.021471  -0.002363  0.999991  -0.003571  -0.021480  0.003519  0.999763  0.999972  0.003773  0.006516  -0.003761  0.999991  -0.001723  -0.006523  0.001699  0.999977  1.000000  -0.000047  0.000082  0.000047  1.000000  -0.000021  -0.000082  0.000021  1.000000  0.999766  0.002439  0.021471  -0.002363  0.999991  -0.003571  -0.021480  0.003519  0.999763  0.000099  0.007722  
225.842806 0.007600  0.091627  -0.012929  0.993697  0.105220  0.038654  -0.104718  0.994392  -0.014806  -0.039995  0.010665  0.999143  0.000783  -0.008280  -0.007321  -0.096983  -0.301166  0.229152  2.000000  0.999758  0.002193  0.021869  -0.002113  0.999991  -0.003676  -0.021876  0.003629  0.999754  0.999972  0.003569  0.006652  -0.003558  0.999992  -0.001717  -0.006658  0.001693  0.999976  1.000000  -0.000050  0.000080  0.000050  1.000000  -0.000021  -0.000080  0.000021  1.000000  0.999758  0.002193  0.021869  -0.002113  0.999991  -0.003676  -0.021876  0.003629  0.999754  0.000097  0.007739  
225.844063 0.007600  0.091616  -0.012939  0.993676  0.105226  0.039186  -0.104715  0.994391  -0.014863  -0.040530  0.010665  0.999121  0.000668  -0.008164  -0.007236  -0.092365  -0.306001  0.208768  2.000000  0.999752  0.001986  0.022186  -0.001903  0.999991  -0.003759  -0.022193  0.003716  0.999747  0.999971  0.003365  0.006788  -0.003354  0.999993  -0.001589  -0.006793  0.001566  0.999976  1.000000  -0.000053  0.000079  0.000053  1.000000  -0.000020  -0.000079  0.000020  1.000000  0.999752  0.001986  0.022186  -0.001903  0.999991  -0.003759  -0.022193  0.003716  0.999747  0.000094  0.007739  
225.845305 0.007601  0.091606  -0.012948  0.993633  0.105436  0.039714  -0.104918  0.994369  -0.014927  -0.041065  0.010665  0.999100  0.000619  -0.008094  -0.007236  -0.087858  -0.310376  0.194971  2.000000  0.999744  0.001715  0.022574  -0.001628  0.999991  -0.003856  -0.022580  0.003819  0.999738  0.999971  0.003160  0.006924  -0.003150  0.999994  -0.001461  -0.006929  0.001439  0.999975  1.000000  -0.000055  0.000077  0.000055  1.000000  -0.000018  -0.000077  0.000018  1.000000  0.999744  0.001715  0.022574  -0.001628  0.999991  -0.003856  -0.022580  0.003819  0.999738  0.000095  0.007748  
225.846307 0.007602  0.091598  -0.012956  0.993622  0.105439  0.039980  -0.104916  0.994369  -0.014955  -0.041332  0.010665  0.999089  0.000588  -0.008011  -0.007225  -0.083352  -0.314957  0.181317  2.000000  0.999737  0.001491  0.022877  -0.001402  0.999991  -0.003929  -0.022883  0.003896  0.999731  0.999972  0.002955  0.006926  -0.002945  0.999995  -0.001454  -0.006930  0.001433  0.999975  1.000000  -0.000057  0.000075  0.000057  1.000000  -0.000018  -0.000075  0.000018  1.000000  0.999737  0.001491  0.022877  -0.001402  0.999991  -0.003929  -0.022883  0.003896  0.999731  0.000094  0.007667  
225.847308 0.007602  0.091589  -0.012964  0.993584  0.105648  0.040376  -0.105119  0.994346  -0.015005  -0.041733  0.010665  0.999072  0.000563  -0.008025  -0.007331  -0.075714  -0.317650  0.175963  2.000000  0.999731  0.001266  0.023169  -0.001173  0.999991  -0.003998  -0.023174  0.003970  0.999724  0.999973  0.002747  0.006795  -0.002738  0.999995  -0.001324  -0.006798  0.001306  0.999976  1.000000  -0.000056  0.000072  0.000056  1.000000  -0.000016  -0.000072  0.000016  1.000000  0.999731  0.001266  0.023169  -0.001173  0.999991  -0.003998  -0.023174  0.003970  0.999724  0.000093  0.007446  
225.848558 0.007603  0.091579  -0.012974  0.993567  0.105652  0.040775  -0.105117  0.994346  -0.015047  -0.042134  0.010664  0.999055  0.000559  -0.007956  -0.007434  -0.071256  -0.327173  0.162438  2.000000  0.999723  0.000983  0.023526  -0.000887  0.999991  -0.004081  -0.023529  0.004059  0.999715  0.999974  0.002542  0.006797  -0.002533  0.999996  -0.001317  -0.006800  0.001300  0.999976  1.000000  -0.000058  0.000070  0.000058  1.000000  -0.000016  -0.000070  0.000016  1.000000  0.999723  0.000983  0.023526  -0.000887  0.999991  -0.004081  -0.023529  0.004059  0.999715  0.000092  0.007374  
225.849561 0.007604  0.091571  -0.012983  0.993556  0.105655  0.041041  -0.105116  0.994346  -0.015076  -0.042401  0.010664  0.999044  0.000501  -0.007985  -0.007702  -0.066858  -0.326751  0.155304  2.000000  0.999716  0.000751  0.023801  -0.000652  0.999991  -0.004140  -0.023804  0.004124  0.999708  0.999974  0.002336  0.006799  -0.002328  0.999997  -0.001188  -0.006802  0.001172  0.999976  1.000000  -0.000059  0.000068  0.000059  1.000000  -0.000015  -0.000068  0.000015  1.000000  0.999716  0.000751  0.023801  -0.000652  0.999991  -0.004140  -0.023804  0.004124  0.999708  0.000092  0.007285  
225.850804 0.007605  0.091560  -0.012995  0.993511  0.105865  0.041569  -0.105318  0.994323  -0.015140  -0.042936  0.010664  0.999021  0.000534  -0.008049  -0.007906  -0.062332  -0.333007  0.154147  2.000000  0.999708  0.000456  0.024140  -0.000354  0.999991  -0.004214  -0.024142  0.004204  0.999700  0.999974  0.002336  0.006799  -0.002328  0.999997  -0.001189  -0.006802  0.001173  0.999976  1.000000  -0.000059  0.000068  0.000059  1.000000  -0.000015  -0.000068  0.000015  1.000000  0.999708  0.000456  0.024140  -0.000354  0.999991  -0.004214  -0.024142  0.004204  0.999700  0.000093  0.007285  
225.851809 0.007606  0.091552  -0.013004  0.993500  0.105868  0.041835  -0.105317  0.994323  -0.015169  -0.043204  0.010664  0.999009  0.000520  -0.008145  -0.008200  -0.058289  -0.335923  0.141628  2.000000  0.999704  0.000274  0.024347  -0.000171  0.999991  -0.004254  -0.024348  0.004249  0.999695  0.999972  0.002339  0.007067  -0.002331  0.999997  -0.001068  -0.007069  0.001052  0.999974  1.000000  -0.000062  0.000069  0.000062  1.000000  -0.000013  -0.000069  0.000013  1.000000  0.999704  0.000274  0.024347  -0.000171  0.999991  -0.004254  -0.024348  0.004249  0.999695  0.000092  0.007519  
225.853057 0.007609  0.091542  -0.013015  0.993477  0.105879  0.042354  -0.105315  0.994321  -0.015345  -0.043738  0.010785  0.998985  0.000601  -0.008221  -0.008393  -0.057605  -0.337652  0.133680  2.000000  0.999695  -0.000037  0.024681  0.000144  0.999991  -0.004320  -0.024681  0.004322  0.999686  0.999973  0.002133  0.007069  -0.002125  0.999997  -0.001060  -0.007071  0.001045  0.999974  1.000000  -0.000063  0.000067  0.000063  1.000000  -0.000013  -0.000067  0.000013  1.000000  0.999695  -0.000037  0.024681  0.000144  0.999991  -0.004320  -0.024681  0.004322  0.999686  0.000092  0.007458  
225.854058 0.007611  0.091535  -0.013023  0.993443  0.106087  0.042617  -0.105518  0.994298  -0.015382  -0.044006  0.010785  0.998973  0.000707  -0.008201  -0.008453  -0.057371  -0.337710  0.126817  2.000000  0.999689  -0.000293  0.024944  0.000402  0.999990  -0.004372  -0.024942  0.004381  0.999679  0.999973  0.002134  0.007069  -0.002126  0.999997  -0.001061  -0.007071  0.001046  0.999974  1.000000  -0.000063  0.000067  0.000063  1.000000  -0.000013  -0.000067  0.000013  1.000000  0.999689  -0.000293  0.024944  0.000402  0.999990  -0.004372  -0.024942  0.004381  0.999679  0.000092  0.007458  
225.855061 0.007612  0.091527  -0.013031  0.993426  0.106091  0.043015  -0.105516  0.994298  -0.015425  -0.044407  0.010785  0.998955  0.000833  -0.008141  -0.008432  -0.053166  -0.338143  0.120111  2.000000  0.999682  -0.000548  0.025206  0.000660  0.999990  -0.004421  -0.025203  0.004437  0.999673  0.999973  0.001928  0.007071  -0.001921  0.999998  -0.000931  -0.007073  0.000918  0.999975  1.000000  -0.000065  0.000065  0.000065  1.000000  -0.000012  -0.000065  0.000012  1.000000  0.999682  -0.000548  0.025206  0.000660  0.999990  -0.004421  -0.025203  0.004437  0.999673  0.000090  0.007387  
