1-Time 2-Px 3-Py 4-Pz 5-R11 6-R21 7-R31 8-R12 9-R22 10-R32 11-R13 12-R23 13-R33 14-Vx 15-Vy 16-Vz 17-Wx 18-Wy 19-Wz 20-state 21-PR11 22-PR21 23-PR31 24-PR12 25-PR22 26-PR32 27-PR13 28-PR23 29-PR33 
336.655489 0.006202  0.091546  -0.010950  0.991780  -0.116868  0.052106  -0.027163  0.205648  0.978249  -0.125041  -0.971623  0.200783  -0.000396  -0.000111  0.001009  0.000000  0.000000  0.000000  2.000000  1.000000  0.000000  0.000000  0.000000  -0.000000  1.000000  0.000000  -1.000000  -0.000000  0.999999  0.000338  0.000973  -0.000338  1.000000  -0.000250  -0.000973  0.000250  0.999999  1.000000  0.000000  0.000000  0.000000  1.000000  0.000000  0.000000  0.000000  1.000000  0.585902  0.641553  0.495105  -0.505310  -0.188410  0.842118  0.633546  -0.743580  0.213793  0.000000  0.000000  
336.656737 0.006201  0.091546  -0.010950  0.991780  -0.116868  0.052106  -0.027163  0.205648  0.978249  -0.125041  -0.971623  0.200783  -0.000402  -0.000145  0.000916  0.000000  0.000000  0.000000  2.000000  1.000000  0.000000  0.000000  0.000000  -0.000000  1.000000  0.000000  -1.000000  -0.000000  0.999999  0.000338  0.000973  -0.000338  1.000000  -0.000250  -0.000973  0.000250  0.999999  1.000000  0.000000  0.000000  0.000000  1.000000  0.000000  0.000000  0.000000  1.000000  1.000000  0.000000  0.000000  0.000000  -0.000000  1.000000  0.000000  -1.000000  -0.000000  0.000000  0.000000  
336.657987 0.006201  0.091543  -0.010949  0.991768  -0.117034  0.051946  -0.026958  0.205746  0.978234  -0.125174  -0.971582  0.200898  -0.000371  -0.000294  0.000893  0.000000  0.000000  0.000000  2.000000  1.000000  0.000000  0.000000  0.000000  -0.000000  1.000000  0.000000  -1.000000  -0.000000  1.000000  0.000124  0.000600  -0.000124  1.000000  -0.000320  -0.000600  0.000320  1.000000  1.000000  0.000000  0.000000  0.000000  1.000000  0.000000  0.000000  0.000000  1.000000  1.000000  0.000000  0.000000  0.000000  -0.000000  1.000000  0.000000  -1.000000  -0.000000  0.000000  0.000000  
336.658993 0.006201  0.091542  -0.010949  0.991774  -0.117076  0.051745  -0.026754  0.205722  0.978245  -0.125174  -0.971582  0.200898  -0.000326  -0.000380  0.000864  0.000000  0.000000  0.000000  2.000000  1.000000  0.000000  0.000000  0.000000  -0.000000  1.000000  0.000000  -1.000000  -0.000000  1.000000  0.000083  0.000400  -0.000083  1.000000  -0.000294  -0.000400  0.000294  1.000000  1.000000  0.000000  0.000000  0.000000  1.000000  0.000000  0.000000  0.000000  1.000000  1.000000  0.000000  0.000000  0.000000  -0.000000  1.000000  0.000000  -1.000000  -0.000000  0.000000  0.000000  
336.660237 0.006202  0.091540  -0.010947  0.991780  -0.117112  0.051557  -0.026550  0.205817  0.978230  -0.125174  -0.971558  0.201016  -0.000257  -0.000511  0.000840  0.000000  0.000000  0.000000  2.000000  1.000000  0.000000  0.000000  0.000000  -0.000000  1.000000  0.000000  -1.000000  -0.000000  1.000000  0.000041  0.000200  -0.000041  1.000000  -0.000390  -0.000200  0.000390  1.000000  1.000000  0.000000  0.000000  0.000000  1.000000  0.000000  0.000000  0.000000  1.000000  1.000000  0.000000  0.000000  0.000000  -0.000000  1.000000  0.000000  -1.000000  -0.000000  0.000000  0.000000  
336.661237 0.006203  0.091538  -0.010946  0.991763  -0.117236  0.051598  -0.026549  0.205939  0.978205  -0.125307  -0.971517  0.201130  -0.000157  -0.000614  0.000836  0.000000  0.000000  0.000000  2.000000  1.000000  0.000000  0.000000  0.000000  -0.000000  1.000000  0.000000  -1.000000  -0.000000  1.000000  -0.000090  0.000227  0.000090  1.000000  -0.000511  -0.000227  0.000511  1.000000  1.000000  0.000000  0.000000  0.000000  1.000000  0.000000  0.000000  0.000000  1.000000  1.000000  0.000000  0.000000  0.000000  -0.000000  1.000000  0.000000  -1.000000  -0.000000  0.000000  0.000000  
336.662486 0.006204  0.091537  -0.010945  0.991768  -0.117272  0.051411  -0.026345  0.206033  0.978190  -0.125307  -0.971492  0.201248  -0.000057  -0.000718  0.000832  0.000000  0.000000  0.000000  2.000000  1.000000  0.000000  0.000000  0.000000  -0.000000  1.000000  0.000000  -1.000000  -0.000000  1.000000  -0.000172  -0.000173  0.000172  1.000000  -0.000459  0.000173  0.000459  1.000000  1.000000  0.000000  0.000000  0.000000  1.000000  0.000000  0.000000  0.000000  1.000000  1.000000  0.000000  0.000000  0.000000  -0.000000  1.000000  0.000000  -1.000000  -0.000000  0.000000  0.000000  
336.663736 0.006206  0.091535  -0.010945  0.991762  -0.117480  0.051050  -0.025936  0.206107  0.978186  -0.125439  -0.971452  0.201362  0.000089  -0.000857  0.000729  0.000000  0.000000  0.000000  2.000000  1.000000  0.000000  0.000000  0.000000  -0.000000  1.000000  0.000000  -1.000000  -0.000000  1.000000  -0.000386  -0.000546  0.000386  1.000000  -0.000529  0.000546  0.000529  1.000000  1.000000  0.000000  0.000000  0.000000  1.000000  0.000000  0.000000  0.000000  1.000000  1.000000  0.000000  0.000000  0.000000  -0.000000  1.000000  0.000000  -1.000000  -0.000000  0.000000  0.000000  
336.664739 0.006207  0.091533  -0.010946  0.991756  -0.117683  0.050702  -0.025527  0.206299  0.978156  -0.125572  -0.971386  0.201595  0.000214  -0.000967  0.000652  0.000000  0.000000  0.000000  2.000000  1.000000  0.000000  0.000000  0.000000  -0.000000  1.000000  0.000000  -1.000000  -0.000000  1.000000  -0.000428  -0.000746  0.000427  1.000000  -0.000625  0.000746  0.000624  1.000000  1.000000  0.000000  0.000000  0.000000  1.000000  0.000000  0.000000  0.000000  1.000000  1.000000  0.000000  0.000000  0.000000  -0.000000  1.000000  0.000000  -1.000000  -0.000000  0.000000  0.000000  
336.665990 0.006209  0.091530  -0.010946  0.991761  -0.117719  0.050515  -0.025323  0.206394  0.978141  -0.125572  -0.971362  0.201712  0.000409  -0.001129  0.000589  0.000000  0.000000  0.000000  2.000000  1.000000  0.000000  0.000000  0.000000  -0.000000  1.000000  0.000000  -1.000000  -0.000000  0.999999  -0.000642  -0.001118  0.000641  0.999999  -0.000816  0.001119  0.000815  0.999999  1.000000  0.000000  0.000000  0.000000  1.000000  0.000000  0.000000  0.000000  1.000000  1.000000  0.000000  0.000000  0.000000  -0.000000  1.000000  0.000000  -1.000000  -0.000000  0.000000  0.000000  
336.667250 0.006212  0.091528  -0.010946  0.991772  -0.117792  0.050141  -0.024915  0.206583  0.978112  -0.125572  -0.971313  0.201948  0.000598  -0.001243  0.000468  0.000000  0.000000  0.000000  2.000000  1.000000  0.000000  0.000000  0.000000  -0.000000  1.000000  0.000000  -1.000000  -0.000000  0.999999  -0.000725  -0.001518  0.000724  0.999999  -0.001007  0.001519  0.001006  0.999998  1.000000  0.000000  0.000000  0.000000  1.000000  0.000000  0.000000  0.000000  1.000000  1.000000  0.000000  0.000000  0.000000  -0.000000  1.000000  0.000000  -1.000000  -0.000000  0.000000  0.000000  
336.668492 0.006214  0.091525  -0.010947  0.991765  -0.117995  0.049794  -0.024506  0.206775  0.978082  -0.125705  -0.971247  0.202180  0.000743  -0.001462  0.000328  0.000000  0.000000  0.000000  2.000000  1.000000  0.000000  0.000000  0.000000  -0.000000  1.000000  0.000000  -1.000000  -0.000000  0.999997  -0.000982  -0.002091  0.000979  0.999999  -0.001173  0.002092  0.001170  0.999997  1.000000  0.000000  0.000000  0.000000  1.000000  0.000000  0.000000  0.000000  1.000000  1.000000  0.000000  0.000000  0.000000  -0.000000  1.000000  0.000000  -1.000000  -0.000000  0.000000  0.000000  
336.669741 0.006215  0.091521  -0.010949  0.991758  -0.118192  0.049461  -0.024097  0.207085  0.978026  -0.125838  -0.971157  0.202530  0.000912  -0.001688  0.000115  0.000000  0.000000  0.000000  2.000000  1.000000  0.000000  0.000000  0.000000  -0.000000  1.000000  0.000000  -1.000000  -0.000000  0.999996  -0.001065  -0.002490  0.001062  0.999999  -0.001364  0.002492  0.001361  0.999996  1.000000  0.000000  0.000000  0.000000  1.000000  0.000000  0.000000  0.000000  1.000000  1.000000  0.000000  0.000000  0.000000  -0.000000  1.000000  0.000000  -1.000000  -0.000000  0.000000  0.000000  
336.670991 0.006216  0.091517  -0.010951  0.991768  -0.118265  0.049087  -0.023689  0.207274  0.977996  -0.125838  -0.971108  0.202766  0.001016  -0.001989  -0.000093  0.000000  0.000000  0.000000  2.000000  1.000000  0.000000  0.000000  0.000000  -0.000000  1.000000  0.000000  -1.000000  -0.000000  0.999995  -0.001280  -0.002862  0.001276  0.999998  -0.001676  0.002865  0.001673  0.999994  1.000000  0.000000  0.000000  0.000000  1.000000  0.000000  0.000000  0.000000  1.000000  1.000000  0.000000  0.000000  0.000000  -0.000000  1.000000  0.000000  -1.000000  -0.000000  0.000000  0.000000  
336.672240 0.006218  0.091512  -0.010952  0.991778  -0.118333  0.048728  -0.023281  0.207581  0.977941  -0.125838  -0.971034  0.203119  0.001127  -0.002177  -0.000171  0.000000  0.000000  0.000000  2.000000  1.000000  0.000000  0.000000  0.000000  -0.000000  1.000000  0.000000  -1.000000  -0.000000  0.999994  -0.001365  -0.003262  0.001359  0.999997  -0.001868  0.003265  0.001863  0.999993  1.000000  0.000000  0.000000  0.000000  1.000000  0.000000  0.000000  0.000000  1.000000  1.000000  0.000000  0.000000  0.000000  -0.000000  1.000000  0.000000  -1.000000  -0.000000  0.000000  0.000000  
336.673240 0.006218  0.091508  -0.010953  0.991766  -0.118494  0.048582  -0.023076  0.207797  0.977900  -0.125970  -0.970968  0.203351  0.001177  -0.002338  -0.000252  0.000000  0.000000  0.000000  2.000000  1.000000  0.000000  0.000000  0.000000  -0.000000  1.000000  0.000000  -1.000000  -0.000000  0.999992  -0.001580  -0.003634  0.001572  0.999997  -0.002059  0.003637  0.002053  0.999991  1.000000  0.000000  0.000000  0.000000  1.000000  0.000000  0.000000  0.000000  1.000000  1.000000  0.000000  0.000000  0.000000  -0.000000  1.000000  0.000000  -1.000000  -0.000000  0.000000  0.000000  
336.674243 0.006219  0.091504  -0.010953  0.991775  -0.118568  0.048208  -0.022668  0.207985  0.977869  -0.125970  -0.970919  0.203587  0.001182  -0.002522  -0.000316  0.000000  0.000000  0.000000  2.000000  1.000000  0.000000  0.000000  0.000000  -0.000000  1.000000  0.000000  -1.000000  -0.000000  0.999991  -0.001623  -0.003834  0.001614  0.999996  -0.002276  0.003837  0.002270  0.999990  1.000000  0.000000  0.000000  0.000000  1.000000  0.000000  0.000000  0.000000  1.000000  1.000000  0.000000  0.000000  0.000000  -0.000000  1.000000  0.000000  -1.000000  -0.000000  0.000000  0.000000  
336.675486 0.006220  0.091499  -0.010954  0.991784  -0.118636  0.047849  -0.022259  0.208292  0.977813  -0.125970  -0.970845  0.203940  0.001205  -0.002690  -0.000464  0.000000  0.000000  0.000000  2.000000  1.000000  0.000000  0.000000  0.000000  -0.000000  1.000000  0.000000  -1.000000  -0.000000  0.999989  -0.001839  -0.004206  0.001828  0.999995  -0.002589  0.004210  0.002581  0.999988  1.000000  0.000000  0.000000  0.000000  1.000000  0.000000  0.000000  0.000000  1.000000  1.000000  0.000000  0.000000  0.000000  -0.000000  1.000000  0.000000  -1.000000  -0.000000  0.000000  0.000000  
336.676737 0.006221  0.091495  -0.010954  0.991789  -0.118661  0.047691  -0.022055  0.208624  0.977747  -0.125970  -0.970771  0.204293  0.001212  -0.002856  -0.000546  0.000000  0.000000  0.000000  2.000000  1.000000  0.000000  0.000000  0.000000  -0.000000  1.000000  0.000000  -1.000000  -0.000000  0.999987  -0.001966  -0.004805  0.001952  0.999994  -0.002876  0.004810  0.002867  0.999984  1.000000  0.000000  0.000000  0.000000  1.000000  0.000000  0.000000  0.000000  1.000000  1.000000  0.000000  0.000000  0.000000  -0.000000  1.000000  0.000000  -1.000000  -0.000000  0.000000  0.000000  
336.677986 0.006223  0.091490  -0.010955  0.991798  -0.118730  0.047331  -0.021647  0.208930  0.977691  -0.125970  -0.970696  0.204647  0.001219  -0.003039  -0.000610  0.000000  0.000000  0.000000  2.000000  1.000000  -0.000048  -0.000126  0.000126  0.000079  1.000000  -0.000048  -1.000000  0.000079  0.999987  -0.001837  -0.004831  0.001821  0.999993  -0.003361  0.004837  0.003352  0.999983  1.000000  0.000000  0.000000  0.000000  1.000000  0.000000  0.000000  0.000000  1.000000  1.000000  -0.000048  -0.000126  0.000126  0.000079  1.000000  -0.000048  -1.000000  0.000079  0.000000  0.000000  
336.678987 0.006224  0.091487  -0.010955  0.991802  -0.118756  0.047173  -0.021443  0.209262  0.977625  -0.125970  -0.970622  0.205000  0.001204  -0.003138  -0.000594  0.000000  0.000000  0.000000  2.000000  1.000000  -0.000119  -0.000314  0.000314  0.000205  1.000000  -0.000119  -1.000000  0.000205  0.999987  -0.001839  -0.004831  0.001822  0.999992  -0.003603  0.004837  0.003595  0.999982  1.000000  0.000000  0.000000  0.000000  1.000000  0.000000  0.000000  0.000000  1.000000  1.000000  -0.000119  -0.000314  0.000314  0.000205  1.000000  -0.000119  -1.000000  0.000205  0.000000  0.000000  
336.680246 0.006226  0.091483  -0.010954  0.991807  -0.118776  0.047030  -0.021238  0.209712  0.977533  -0.125970  -0.970522  0.205471  0.001127  -0.003264  -0.000605  0.000000  0.000000  0.000000  2.000000  1.000000  -0.000237  -0.000634  0.000634  0.000438  1.000000  -0.000237  -1.000000  0.000439  0.999984  -0.001925  -0.005230  0.001905  0.999991  -0.003795  0.005237  0.003785  0.999979  1.000000  -0.000024  -0.000065  0.000024  1.000000  -0.000047  0.000065  0.000047  1.000000  1.000000  -0.000237  -0.000634  0.000634  0.000438  1.000000  -0.000237  -1.000000  0.000439  0.000000  0.006739  
336.681486 0.006227  0.091479  -0.010953  0.991811  -0.118802  0.046872  -0.021034  0.210043  0.977466  -0.125970  -0.970447  0.205824  0.001106  -0.003382  -0.000515  -0.150086  0.189296  -0.067196  2.000000  0.999999  -0.000356  -0.000958  0.000959  0.000688  0.999999  -0.000356  -1.000000  0.000688  0.999984  -0.001927  -0.005229  0.001906  0.999990  -0.004038  0.005237  0.004028  0.999978  1.000000  -0.000024  -0.000065  0.000024  1.000000  -0.000050  0.000065  0.000050  1.000000  0.999999  -0.000356  -0.000958  0.000959  0.000688  0.999999  -0.000356  -1.000000  0.000688  0.000062  0.006879  
336.682740 0.006228  0.091474  -0.010953  0.991832  -0.118693  0.046701  -0.020830  0.210490  0.977374  -0.125838  -0.970364  0.206298  0.001026  -0.003476  -0.000428  -0.165525  0.196907  -0.064245  2.000000  0.999999  -0.000466  -0.001293  0.001293  0.000957  0.999999  -0.000465  -0.999999  0.000958  0.999985  -0.001668  -0.005283  0.001645  0.999989  -0.004401  0.005291  0.004392  0.999976  1.000000  -0.000021  -0.000066  0.000021  1.000000  -0.000055  0.000066  0.000055  1.000000  0.999999  -0.000466  -0.001293  0.001293  0.000957  0.999999  -0.000465  -0.999999  0.000958  0.000066  0.007073  
336.683989 0.006229  0.091470  -0.010952  0.991836  -0.118720  0.046543  -0.020626  0.210821  0.977307  -0.125838  -0.970289  0.206651  0.000990  -0.003541  -0.000243  -0.176158  0.201842  -0.069797  2.000000  0.999999  -0.000565  -0.001624  0.001625  0.001242  0.999998  -0.000563  -0.999999  0.001243  0.999986  -0.001496  -0.005111  0.001473  0.999988  -0.004668  0.005118  0.004661  0.999976  1.000000  -0.000019  -0.000064  0.000019  1.000000  -0.000058  0.000064  0.000058  1.000000  0.999999  -0.000565  -0.001624  0.001625  0.001242  0.999998  -0.000563  -0.999999  0.001243  0.000069  0.007079  
336.685240 0.006230  0.091465  -0.010953  0.991845  -0.118784  0.046198  -0.020218  0.211246  0.977224  -0.125838  -0.970188  0.207122  0.000939  -0.003607  -0.000134  -0.190646  0.222879  -0.074391  2.000000  0.999998  -0.000640  -0.001882  0.001883  0.001484  0.999997  -0.000637  -0.999999  0.001485  0.999987  -0.001326  -0.004938  0.001301  0.999987  -0.004936  0.004945  0.004929  0.999976  1.000000  0.000000  0.000000  0.000000  1.000000  0.000000  0.000000  0.000000  1.000000  0.999998  -0.000640  -0.001882  0.001883  0.001484  0.999997  -0.000637  -0.999999  0.001485  0.000074  0.000000  
336.686241 0.006230  0.091460  -0.010952  0.991849  -0.118811  0.046040  -0.020014  0.211577  0.977156  -0.125838  -0.970113  0.207475  0.000909  -0.003702  -0.000052  -0.201991  0.229564  -0.075838  2.000000  0.999997  -0.000708  -0.002134  0.002135  0.001741  0.999996  -0.000704  -0.999998  0.001742  0.999987  -0.001327  -0.004938  0.001302  0.999986  -0.005178  0.004944  0.005172  0.999974  1.000000  -0.000016  -0.000062  0.000016  1.000000  -0.000065  0.000062  0.000065  1.000000  0.999997  -0.000708  -0.002134  0.002135  0.001741  0.999996  -0.000704  -0.999998  0.001742  0.000076  0.007275  
336.687490 0.006231  0.091455  -0.010951  0.991853  -0.118832  0.045896  -0.019809  0.212027  0.977063  -0.125838  -0.970012  0.207946  0.000924  -0.003704  0.000115  -0.214174  0.230432  -0.071496  2.000000  0.999997  -0.000791  -0.002445  0.002447  0.002076  0.999995  -0.000786  -0.999998  0.002078  0.999987  -0.001330  -0.004937  0.001303  0.999984  -0.005421  0.004944  0.005415  0.999973  1.000000  -0.000016  -0.000062  0.000016  1.000000  -0.000068  0.000062  0.000068  1.000000  0.999997  -0.000791  -0.002445  0.002447  0.002076  0.999995  -0.000786  -0.999998  0.002078  0.000080  0.007450  
336.688737 0.006233  0.091451  -0.010949  0.991853  -0.118810  0.045954  -0.019809  0.212501  0.976960  -0.125838  -0.969911  0.208416  0.000987  -0.003650  0.000278  -0.229488  0.221902  -0.069573  2.000000  0.999996  -0.000851  -0.002683  0.002685  0.002360  0.999994  -0.000844  -0.999997  0.002362  0.999989  -0.001116  -0.004565  0.001090  0.999983  -0.005714  0.004571  0.005709  0.999973  1.000000  -0.000014  -0.000057  0.000014  1.000000  -0.000071  0.000057  0.000071  1.000000  0.999996  -0.000851  -0.002683  0.002685  0.002360  0.999994  -0.000844  -0.999997  0.002362  0.000082  0.007397  
336.689739 0.006235  0.091447  -0.010949  0.991857  -0.118837  0.045796  -0.019605  0.212832  0.976892  -0.125838  -0.969835  0.208769  0.001017  -0.003639  0.000358  -0.239570  0.223749  -0.070211  2.000000  0.999995  -0.000907  -0.002911  0.002913  0.002654  0.999992  -0.000899  -0.999996  0.002657  0.999989  -0.001118  -0.004564  0.001091  0.999982  -0.005957  0.004571  0.005952  0.999972  1.000000  -0.000014  -0.000057  0.000014  1.000000  -0.000074  0.000057  0.000074  1.000000  0.999995  -0.000907  -0.002911  0.002913  0.002654  0.999992  -0.000899  -0.999996  0.002657  0.000084  0.007586  
336.690999 0.006237  0.091443  -0.010948  0.991861  -0.118853  0.045667  -0.019401  0.213400  0.976772  -0.125838  -0.969708  0.209357  0.001094  -0.003638  0.000404  -0.254888  0.231272  -0.067284  2.000000  0.999994  -0.000967  -0.003182  0.003185  0.003034  0.999990  -0.000957  -0.999995  0.003037  0.999990  -0.000946  -0.004392  0.000919  0.999980  -0.006225  0.004398  0.006221  0.999971  1.000000  -0.000012  -0.000055  0.000012  1.000000  -0.000078  0.000055  0.000078  1.000000  0.999994  -0.000967  -0.003182  0.003185  0.003034  0.999990  -0.000957  -0.999995  0.003037  0.000086  0.007675  
336.692236 0.006239  0.091438  -0.010948  0.991865  -0.118875  0.045524  -0.019197  0.213850  0.976678  -0.125838  -0.969607  0.209828  0.001163  -0.003679  0.000430  -0.265000  0.229421  -0.066821  2.000000  0.999994  -0.001023  -0.003439  0.003443  0.003430  0.999988  -0.001011  -0.999994  0.003433  0.999991  -0.000905  -0.004192  0.000879  0.999979  -0.006372  0.004198  0.006368  0.999971  1.000000  -0.000011  -0.000052  0.000011  1.000000  -0.000080  0.000052  0.000080  1.000000  0.999994  -0.001023  -0.003439  0.003443  0.003430  0.999988  -0.001011  -0.999994  0.003433  0.000088  0.007679  
336.693238 0.006242  0.091434  -0.010946  0.991865  -0.118853  0.045581  -0.019197  0.214323  0.976574  -0.125838  -0.969505  0.210298  0.001229  -0.003705  0.000561  -0.278155  0.223808  -0.061154  2.000000  0.999993  -0.001065  -0.003636  0.003640  0.003756  0.999986  -0.001051  -0.999992  0.003760  0.999992  -0.000690  -0.003821  0.000665  0.999978  -0.006665  0.003825  0.006663  0.999970  1.000000  -0.000008  -0.000048  0.000008  1.000000  -0.000083  0.000048  0.000083  1.000000  0.999993  -0.001065  -0.003636  0.003640  0.003756  0.999986  -0.001051  -0.999992  0.003760  0.000090  0.007713  
336.694487 0.006245  0.091430  -0.010945  0.991869  -0.118875  0.045438  -0.018993  0.214773  0.976479  -0.125838  -0.969403  0.210769  0.001345  -0.003687  0.000660  -0.290204  0.213033  -0.054460  2.000000  0.999992  -0.001108  -0.003870  0.003875  0.004177  0.999984  -0.001091  -0.999991  0.004182  0.999993  -0.000649  -0.003621  0.000624  0.999977  -0.006812  0.003625  0.006810  0.999970  1.000000  -0.000008  -0.000045  0.000008  1.000000  -0.000085  0.000045  0.000085  1.000000  0.999992  -0.001108  -0.003870  0.003875  0.004177  0.999984  -0.001091  -0.999991  0.004182  0.000091  0.007741  
336.695736 0.006248  0.091425  -0.010943  0.991873  -0.118897  0.045295  -0.018788  0.215222  0.976384  -0.125838  -0.969300  0.211239  0.001429  -0.003728  0.000774  -0.299904  0.211233  -0.054068  2.000000  0.999991  -0.001140  -0.004046  0.004051  0.004526  0.999982  -0.001121  -0.999989  0.004531  0.999993  -0.000651  -0.003621  0.000625  0.999975  -0.007055  0.003625  0.007053  0.999969  1.000000  -0.000008  -0.000045  0.000008  1.000000  -0.000088  0.000045  0.000088  1.000000  0.999991  -0.001140  -0.004046  0.004051  0.004526  0.999982  -0.001121  -0.999989  0.004531  0.000093  0.007955  
336.696986 0.006251  0.091419  -0.010941  0.991877  -0.118919  0.045151  -0.018584  0.215671  0.976289  -0.125838  -0.969198  0.211709  0.001563  -0.003841  0.000831  -0.308879  0.204571  -0.052730  2.000000  0.999990  -0.001178  -0.004254  0.004260  0.004975  0.999979  -0.001157  -0.999987  0.004980  0.999995  -0.000566  -0.003221  0.000542  0.999973  -0.007349  0.003225  0.007347  0.999968  1.000000  -0.000007  -0.000040  0.000007  1.000000  -0.000092  0.000040  0.000092  1.000000  0.999990  -0.001178  -0.004254  0.004260  0.004975  0.999979  -0.001157  -0.999987  0.004980  0.000094  0.008043  
336.698238 0.006253  0.091413  -0.010940  0.991877  -0.118892  0.045223  -0.018584  0.216263  0.976158  -0.125838  -0.969069  0.212297  0.001632  -0.003982  0.000823  -0.325442  0.193782  -0.045994  2.000000  0.999989  -0.001216  -0.004460  0.004467  0.005431  0.999975  -0.001191  -0.999985  0.005436  0.999995  -0.000568  -0.003221  0.000544  0.999973  -0.007349  0.003225  0.007347  0.999968  1.000000  -0.000007  -0.000040  0.000007  1.000000  -0.000092  0.000040  0.000092  1.000000  0.999989  -0.001216  -0.004460  0.004467  0.005431  0.999975  -0.001191  -0.999985  0.005436  0.000095  0.008043  
336.699268 0.006255  0.091408  -0.010938  0.991877  -0.118870  0.045281  -0.018584  0.216737  0.976053  -0.125838  -0.968966  0.212767  0.001732  -0.004057  0.000941  -0.334920  0.180112  -0.043137  2.000000  0.999989  -0.001243  -0.004611  0.004618  0.005805  0.999972  -0.001216  -0.999982  0.005811  0.999995  -0.000525  -0.003021  0.000503  0.999972  -0.007496  0.003025  0.007495  0.999967  1.000000  -0.000006  -0.000038  0.000006  1.000000  -0.000094  0.000038  0.000094  1.000000  0.999989  -0.001243  -0.004611  0.004618  0.005805  0.999972  -0.001216  -0.999982  0.005811  0.000096  0.008098  
336.700491 0.006257  0.091401  -0.010937  0.991881  -0.118893  0.045138  -0.018380  0.217186  0.975957  -0.125838  -0.968863  0.213237  0.001851  -0.004160  0.001042  -0.340167  0.174492  -0.037418  2.000000  0.999988  -0.001269  -0.004756  0.004764  0.006191  0.999969  -0.001240  -0.999980  0.006197  0.999996  -0.000483  -0.002821  0.000461  0.999970  -0.007765  0.002825  0.007763  0.999966  1.000000  -0.000006  -0.000035  0.000006  1.000000  -0.000097  0.000035  0.000097  1.000000  0.999988  -0.001269  -0.004756  0.004764  0.006191  0.999969  -0.001240  -0.999980  0.006197  0.000097  0.008275  
336.701494 0.006259  0.091396  -0.010936  0.991884  -0.118916  0.044995  -0.018176  0.217635  0.975861  -0.125838  -0.968759  0.213707  0.001876  -0.004217  0.001037  -0.348332  0.174484  -0.037482  2.000000  0.999987  -0.001294  -0.004892  0.004900  0.006583  0.999966  -0.001262  -0.999977  0.006589  0.999996  -0.000441  -0.002622  0.000420  0.999969  -0.007912  0.002625  0.007911  0.999965  1.000000  -0.000005  -0.000033  0.000005  1.000000  -0.000099  0.000033  0.000099  1.000000  0.999987  -0.001294  -0.004892  0.004900  0.006583  0.999966  -0.001262  -0.999977  0.006589  0.000097  0.008346  
336.702739 0.006261  0.091390  -0.010935  0.991884  -0.118888  0.045067  -0.018176  0.218227  0.975729  -0.125838  -0.968629  0.214295  0.001981  -0.004319  0.001022  -0.358477  0.166386  -0.035817  2.000000  0.999986  -0.001325  -0.005063  0.005072  0.007082  0.999962  -0.001289  -0.999974  0.007089  0.999996  -0.000442  -0.002621  0.000421  0.999968  -0.008033  0.002625  0.008032  0.999964  1.000000  -0.000005  -0.000033  0.000005  1.000000  -0.000100  0.000033  0.000100  1.000000  0.999986  -0.001325  -0.005063  0.005072  0.007082  0.999962  -0.001289  -0.999974  0.007089  0.000099  0.008461  
336.703990 0.006264  0.091383  -0.010935  0.991888  -0.118906  0.044938  -0.017972  0.218794  0.975606  -0.125838  -0.968499  0.214882  0.002015  -0.004434  0.000922  -0.371471  0.160660  -0.030093  2.000000  0.999986  -0.001356  -0.005194  0.005205  0.007496  0.999958  -0.001317  -0.999971  0.007502  0.999996  -0.000574  -0.002592  0.000553  0.999965  -0.008397  0.002597  0.008396  0.999961  1.000000  -0.000007  -0.000032  0.000007  1.000000  -0.000105  0.000032  0.000105  1.000000  0.999986  -0.001356  -0.005194  0.005205  0.007496  0.999958  -0.001317  -0.999971  0.007502  0.000101  0.008806  
336.705239 0.006266  0.091377  -0.010935  0.991888  -0.118879  0.045010  -0.017972  0.219386  0.975473  -0.125838  -0.968369  0.215470  0.002030  -0.004562  0.000904  -0.381229  0.141843  -0.026077  2.000000  0.999985  -0.001393  -0.005353  0.005364  0.008025  0.999953  -0.001350  -0.999967  0.008032  0.999997  -0.000532  -0.002392  0.000511  0.999963  -0.008544  0.002397  0.008543  0.999961  1.000000  -0.000007  -0.000030  0.000007  1.000000  -0.000107  0.000030  0.000107  1.000000  0.999985  -0.001393  -0.005353  0.005364  0.008025  0.999953  -0.001350  -0.999967  0.008032  0.000102  0.008888  
336.706492 0.006268  0.091371  -0.010935  0.991875  -0.119026  0.044910  -0.017767  0.219955  0.975348  -0.125970  -0.968221  0.216053  0.002018  -0.004696  0.000820  -0.389336  0.140863  -0.030537  2.000000  0.999984  -0.001429  -0.005502  0.005514  0.008565  0.999948  -0.001382  -0.999962  0.008573  0.999997  -0.000533  -0.002392  0.000512  0.999962  -0.008666  0.002397  0.008664  0.999960  1.000000  -0.000007  -0.000030  0.000007  1.000000  -0.000108  0.000030  0.000108  1.000000  0.999984  -0.001429  -0.005502  0.005514  0.008565  0.999948  -0.001382  -0.999962  0.008573  0.000103  0.009005  
336.707736 0.006271  0.091365  -0.010935  0.991875  -0.118999  0.044983  -0.017767  0.220547  0.975215  -0.125970  -0.968090  0.216640  0.002013  -0.004751  0.000754  -0.395124  0.133051  -0.028911  2.000000  0.999983  -0.001471  -0.005642  0.005655  0.009113  0.999942  -0.001420  -0.999957  0.009121  0.999997  -0.000621  -0.002163  0.000602  0.999961  -0.008813  0.002169  0.008811  0.999959  1.000000  -0.000008  -0.000027  0.000008  1.000000  -0.000110  0.000027  0.000110  1.000000  0.999983  -0.001471  -0.005642  0.005655  0.009113  0.999942  -0.001420  -0.999957  0.009121  0.000104  0.009095  
336.708736 0.006272  0.091360  -0.010936  0.991879  -0.119023  0.044840  -0.017563  0.220995  0.975117  -0.125970  -0.967985  0.217110  0.001973  -0.004834  0.000688  -0.403398  0.127450  -0.027751  2.000000  0.999982  -0.001504  -0.005747  0.005761  0.009557  0.999938  -0.001449  -0.999953  0.009565  0.999997  -0.000622  -0.002163  0.000603  0.999961  -0.008813  0.002168  0.008811  0.999959  1.000000  -0.000008  -0.000027  0.000008  1.000000  -0.000110  0.000027  0.000110  1.000000  0.999982  -0.001504  -0.005747  0.005761  0.009557  0.999938  -0.001449  -0.999953  0.009565  0.000105  0.009095  
336.709737 0.006275  0.091356  -0.010935  0.991879  -0.119001  0.044897  -0.017563  0.221468  0.975009  -0.125970  -0.967879  0.217580  0.001942  -0.004902  0.000556  -0.408991  0.119728  -0.026115  2.000000  0.999982  -0.001536  -0.005852  0.005867  0.010002  0.999933  -0.001478  -0.999949  0.010011  0.999998  -0.000578  -0.001963  0.000560  0.999960  -0.008960  0.001968  0.008959  0.999958  1.000000  -0.000007  -0.000025  0.000007  1.000000  -0.000112  0.000025  0.000112  1.000000  0.999982  -0.001536  -0.005852  0.005867  0.010002  0.999933  -0.001478  -0.999949  0.010011  0.000107  0.009190  
336.710987 0.006276  0.091349  -0.010935  0.991882  -0.119019  0.044769  -0.017359  0.222035  0.974884  -0.125970  -0.967747  0.218167  0.001869  -0.005013  0.000469  -0.416611  0.120750  -0.026407  2.000000  0.999981  -0.001575  -0.005974  0.005990  0.010566  0.999926  -0.001512  -0.999943  0.010576  0.999998  -0.000579  -0.001963  0.000561  0.999959  -0.009081  0.001968  0.009080  0.999957  1.000000  -0.000007  -0.000025  0.000007  1.000000  -0.000114  0.000025  0.000114  1.000000  0.999981  -0.001575  -0.005974  0.005990  0.010566  0.999926  -0.001512  -0.999943  0.010576  0.000107  0.009308  
336.712239 0.006278  0.091342  -0.010936  0.991882  -0.118992  0.044841  -0.017359  0.222626  0.974749  -0.125970  -0.967615  0.218754  0.001790  -0.005074  0.000325  -0.421407  0.113022  -0.029386  2.000000  0.999980  -0.001607  -0.006072  0.006089  0.011025  0.999921  -0.001540  -0.999938  0.011034  0.999998  -0.000580  -0.001963  0.000562  0.999957  -0.009202  0.001968  0.009201  0.999956  1.000000  -0.000007  -0.000025  0.000007  1.000000  -0.000115  0.000025  0.000115  1.000000  0.999980  -0.001607  -0.006072  0.006089  0.011025  0.999921  -0.001540  -0.999938  0.011034  0.000109  0.009427  
336.713486 0.006279  0.091335  -0.010936  0.991886  -0.119011  0.044712  -0.017155  0.223193  0.974623  -0.125970  -0.967482  0.219340  0.001676  -0.005174  0.000233  -0.426079  0.112092  -0.029202  2.000000  0.999979  -0.001645  -0.006191  0.006210  0.011606  0.999913  -0.001573  -0.999931  0.011616  0.999998  -0.000582  -0.001962  0.000563  0.999956  -0.009324  0.001968  0.009323  0.999955  1.000000  -0.000007  -0.000025  0.000007  1.000000  -0.000117  0.000025  0.000117  1.000000  0.999979  -0.001645  -0.006191  0.006210  0.011606  0.999913  -0.001573  -0.999931  0.011616  0.000110  0.009545  
336.714488 0.006280  0.091328  -0.010937  0.991886  -0.118984  0.044785  -0.017155  0.223784  0.974488  -0.125970  -0.967349  0.219927  0.001587  -0.005248  0.000101  -0.435037  0.105430  -0.027792  2.000000  0.999979  -0.001677  -0.006288  0.006308  0.012075  0.999907  -0.001601  -0.999926  0.012085  0.999998  -0.000583  -0.001962  0.000564  0.999955  -0.009445  0.001967  0.009444  0.999953  1.000000  -0.000007  -0.000025  0.000007  1.000000  -0.000118  0.000025  0.000118  1.000000  0.999979  -0.001677  -0.006288  0.006308  0.012075  0.999907  -0.001601  -0.999926  0.012085  0.000112  0.009664  
336.715737 0.006280  0.091320  -0.010937  0.991872  -0.119132  0.044686  -0.016950  0.224353  0.974361  -0.126103  -0.967199  0.220510  0.001488  -0.005347  -0.000024  -0.439043  0.104445  -0.032203  2.000000  0.999978  -0.001718  -0.006402  0.006423  0.012672  0.999899  -0.001637  -0.999918  0.012683  0.999998  -0.000714  -0.001932  0.000696  0.999955  -0.009445  0.001939  0.009444  0.999954  1.000000  -0.000009  -0.000024  0.000009  1.000000  -0.000118  0.000024  0.000118  1.000000  0.999978  -0.001718  -0.006402  0.006423  0.012672  0.999899  -0.001637  -0.999918  0.012683  0.000113  0.009666  
336.716992 0.006281  0.091312  -0.010938  0.991872  -0.119105  0.044758  -0.016950  0.224944  0.974224  -0.126103  -0.967065  0.221097  0.001383  -0.005418  -0.000124  -0.448437  0.091875  -0.029555  2.000000  0.999977  -0.001764  -0.006512  0.006535  0.013271  0.999891  -0.001677  -0.999910  0.013282  0.999998  -0.000670  -0.001732  0.000653  0.999954  -0.009592  0.001739  0.009591  0.999952  1.000000  -0.000008  -0.000022  0.000008  1.000000  -0.000120  0.000022  0.000120  1.000000  0.999977  -0.001764  -0.006512  0.006535  0.013271  0.999891  -0.001677  -0.999910  0.013282  0.000114  0.009770  
336.718238 0.006282  0.091305  -0.010939  0.991876  -0.119124  0.044630  -0.016746  0.225510  0.974097  -0.126103  -0.966931  0.221683  0.001282  -0.005506  -0.000255  -0.448277  0.097825  -0.030861  2.000000  0.999976  -0.001809  -0.006617  0.006641  0.013875  0.999882  -0.001717  -0.999902  0.013887  0.999998  -0.000671  -0.001732  0.000654  0.999953  -0.009713  0.001738  0.009712  0.999951  1.000000  -0.000008  -0.000022  0.000008  1.000000  -0.000121  0.000022  0.000121  1.000000  0.999976  -0.001809  -0.006617  0.006641  0.013875  0.999882  -0.001717  -0.999902  0.013887  0.000115  0.009889  
336.719490 0.006283  0.091297  -0.010940  0.991876  -0.119097  0.044702  -0.016746  0.226101  0.973960  -0.126103  -0.966796  0.222269  0.001183  -0.005568  -0.000395  -0.454385  0.091399  -0.029512  2.000000  0.999976  -0.001854  -0.006724  0.006750  0.014482  0.999872  -0.001757  -0.999893  0.014494  0.999998  -0.000672  -0.001732  0.000655  0.999953  -0.009713  0.001738  0.009712  0.999951  1.000000  -0.000008  -0.000022  0.000008  1.000000  -0.000121  0.000022  0.000121  1.000000  0.999976  -0.001854  -0.006724  0.006750  0.014482  0.999872  -0.001757  -0.999893  0.014494  0.000116  0.009889  
336.720741 0.006284  0.091290  -0.010941  0.991879  -0.119117  0.044574  -0.016542  0.226667  0.973832  -0.126103  -0.966661  0.222856  0.001086  -0.005673  -0.000410  -0.456799  0.091867  -0.029724  2.000000  0.999975  -0.001891  -0.006810  0.006838  0.014969  0.999865  -0.001789  -0.999886  0.014981  0.999998  -0.000673  -0.001731  0.000656  0.999953  -0.009713  0.001738  0.009712  0.999951  1.000000  -0.000008  -0.000022  0.000008  1.000000  -0.000121  0.000022  0.000121  1.000000  0.999975  -0.001891  -0.006810  0.006838  0.014969  0.999865  -0.001789  -0.999886  0.014981  0.000117  0.009889  
336.721993 0.006285  0.091282  -0.010943  0.991879  -0.119084  0.044660  -0.016542  0.227375  0.973667  -0.126103  -0.966498  0.223559  0.001003  -0.005755  -0.000507  -0.465590  0.085104  -0.028265  2.000000  0.999974  -0.001937  -0.006917  0.006947  0.015584  0.999854  -0.001829  -0.999877  0.015597  0.999998  -0.000675  -0.001731  0.000657  0.999950  -0.009956  0.001737  0.009955  0.999949  1.000000  -0.000008  -0.000022  0.000008  1.000000  -0.000124  0.000022  0.000124  1.000000  0.999974  -0.001937  -0.006917  0.006947  0.015584  0.999854  -0.001829  -0.999877  0.015597  0.000119  0.010127  
336.723240 0.006286  0.091275  -0.010945  0.991866  -0.119233  0.044562  -0.016337  0.227944  0.973537  -0.126236  -0.966346  0.224141  0.000922  -0.005841  -0.000604  -0.464793  0.090814  -0.034213  2.000000  0.999973  -0.001984  -0.007014  0.007045  0.016207  0.999844  -0.001870  -0.999867  0.016221  0.999998  -0.000806  -0.001700  0.000789  0.999950  -0.009956  0.001708  0.009955  0.999949  1.000000  -0.000010  -0.000021  0.000010  1.000000  -0.000124  0.000021  0.000124  1.000000  0.999973  -0.001984  -0.007014  0.007045  0.016207  0.999844  -0.001870  -0.999867  0.016221  0.000119  0.010132  
336.724493 0.006287  0.091268  -0.010947  0.991866  -0.119206  0.044634  -0.016337  0.228534  0.973399  -0.126236  -0.966210  0.224727  0.000821  -0.005956  -0.000758  -0.469615  0.084810  -0.033039  2.000000  0.999973  -0.002036  -0.007111  0.007145  0.016824  0.999833  -0.001916  -0.999856  0.016838  0.999999  -0.000761  -0.001501  0.000746  0.999951  -0.009860  0.001508  0.009859  0.999950  1.000000  -0.000009  -0.000019  0.000009  1.000000  -0.000123  0.000019  0.000123  1.000000  0.999973  -0.002036  -0.007111  0.007145  0.016824  0.999833  -0.001916  -0.999856  0.016838  0.000120  0.010003  
336.725736 0.006288  0.091260  -0.010949  0.991869  -0.119221  0.044521  -0.016133  0.229218  0.973241  -0.126236  -0.966046  0.225431  0.000787  -0.005999  -0.000919  -0.477992  0.083386  -0.032531  2.000000  0.999972  -0.002088  -0.007207  0.007242  0.017441  0.999822  -0.001962  -0.999846  0.017456  0.999998  -0.000808  -0.001699  0.000791  0.999950  -0.009956  0.001707  0.009955  0.999949  1.000000  -0.000010  -0.000021  0.000010  1.000000  -0.000124  0.000021  0.000124  1.000000  0.999972  -0.002088  -0.007207  0.007242  0.017441  0.999822  -0.001962  -0.999846  0.017456  0.000122  0.010132  
336.726987 0.006288  0.091252  -0.010951  0.991869  -0.119194  0.044593  -0.016133  0.229808  0.973102  -0.126236  -0.965909  0.226016  0.000674  -0.006110  -0.001036  -0.482861  0.077368  -0.031339  2.000000  0.999971  -0.002140  -0.007305  0.007342  0.018064  0.999810  -0.002007  -0.999835  0.018079  0.999999  -0.000632  -0.001530  0.000617  0.999950  -0.009982  0.001536  0.009981  0.999949  1.000000  -0.000008  -0.000019  0.000008  1.000000  -0.000125  0.000019  0.000125  1.000000  0.999971  -0.002140  -0.007305  0.007342  0.018064  0.999810  -0.002007  -0.999835  0.018079  0.000122  0.010118  
336.728237 0.006289  0.091244  -0.010953  0.991855  -0.119344  0.044495  -0.015929  0.230376  0.972971  -0.126369  -0.965756  0.226598  0.000658  -0.006119  -0.001139  -0.482034  0.082362  -0.036977  2.000000  0.999970  -0.002176  -0.007380  0.007419  0.018567  0.999800  -0.002039  -0.999825  0.018583  0.999999  -0.000764  -0.001499  0.000748  0.999949  -0.010103  0.001507  0.010102  0.999948  1.000000  -0.000009  -0.000019  0.000009  1.000000  -0.000126  0.000019  0.000126  1.000000  0.999970  -0.002176  -0.007380  0.007419  0.018567  0.999800  -0.002039  -0.999825  0.018583  0.000123  0.010242  
336.729238 0.006289  0.091237  -0.010955  0.991855  -0.119322  0.044553  -0.015929  0.230848  0.972860  -0.126369  -0.965646  0.227067  0.000636  -0.006151  -0.001203  -0.482533  0.082429  -0.037055  2.000000  0.999970  -0.002219  -0.007459  0.007500  0.019071  0.999790  -0.002076  -0.999816  0.019087  0.999999  -0.000764  -0.001499  0.000749  0.999949  -0.010103  0.001506  0.010102  0.999948  1.000000  -0.000009  -0.000019  0.000009  1.000000  -0.000126  0.000019  0.000126  1.000000  0.999970  -0.002219  -0.007459  0.007500  0.019071  0.999790  -0.002076  -0.999816  0.019087  0.000123  0.010242  
336.730486 0.006289  0.091230  -0.010957  0.991855  -0.119290  0.044640  -0.015929  0.231556  0.972691  -0.126369  -0.965480  0.227770  0.000627  -0.006139  -0.001346  -0.491063  0.075696  -0.035559  2.000000  0.999969  -0.002271  -0.007551  0.007595  0.019708  0.999777  -0.002122  -0.999803  0.019725  0.999999  -0.000765  -0.001498  0.000750  0.999947  -0.010224  0.001506  0.010223  0.999947  1.000000  -0.000009  -0.000019  0.000009  1.000000  -0.000128  0.000019  0.000128  1.000000  0.999969  -0.002271  -0.007551  0.007595  0.019708  0.999777  -0.002122  -0.999803  0.019725  0.000125  0.010361  
336.731737 0.006290  0.091221  -0.010958  0.991842  -0.119439  0.044543  -0.015724  0.232123  0.972559  -0.126501  -0.965325  0.228351  0.000608  -0.006171  -0.001403  -0.491017  0.074673  -0.039950  2.000000  0.999968  -0.002326  -0.007648  0.007694  0.020346  0.999763  -0.002170  -0.999790  0.020363  0.999999  -0.000897  -0.001467  0.000882  0.999947  -0.010224  0.001476  0.010223  0.999947  1.000000  -0.000011  -0.000018  0.000011  1.000000  -0.000128  0.000018  0.000128  1.000000  0.999968  -0.002326  -0.007648  0.007694  0.020346  0.999763  -0.002170  -0.999790  0.020363  0.000125  0.010367  
336.732739 0.006290  0.091215  -0.010959  0.991842  -0.119412  0.044615  -0.015724  0.232713  0.972418  -0.126501  -0.965187  0.228937  0.000584  -0.006143  -0.001380  -0.495831  0.076004  -0.040727  2.000000  0.999967  -0.002374  -0.007721  0.007768  0.020855  0.999752  -0.002213  -0.999780  0.020873  0.999999  -0.000897  -0.001466  0.000882  0.999947  -0.010224  0.001475  0.010223  0.999947  1.000000  -0.000011  -0.000018  0.000011  1.000000  -0.000128  0.000018  0.000128  1.000000  0.999967  -0.002374  -0.007721  0.007768  0.020855  0.999752  -0.002213  -0.999780  0.020873  0.000126  0.010367  
