1-Time 2-Px 3-Py 4-Pz 5-R11 6-R21 7-R31 8-R12 9-R22 10-R32 11-R13 12-R23 13-R33 14-Vx 15-Vy 16-Vz 17-Wx 18-Wy 19-Wz 20-state
103.636334 0.041237  -0.005482  -0.013910  0.160555  0.959106  0.233104  -0.978470  0.123630  0.165263  0.129686  -0.254619  0.958306  -0.001035  -0.009542  0.001843  0.000000  0.000000  0.000000  1.000000  
103.637421 0.041235  -0.005488  -0.013907  0.160555  0.959106  0.233104  -0.978470  0.123630  0.165263  0.129686  -0.254619  0.958306  -0.002054  -0.008326  0.004255  0.000000  0.000000  0.000000  1.000000  
103.638670 0.041216  -0.005505  -0.013893  0.160756  0.959081  0.233070  -0.978437  0.123828  0.165311  0.129686  -0.254619  0.958306  -0.010298  -0.011659  0.008632  0.000000  0.000000  0.000000  1.000000  
103.639693 0.041194  -0.005521  -0.013878  0.160756  0.959081  0.233070  -0.978437  0.123828  0.165311  0.129686  -0.254619  0.958306  -0.014136  -0.013047  0.010667  0.000000  0.000000  0.000000  1.000000  
103.640921 0.041172  -0.005537  -0.013863  0.160958  0.959027  0.233152  -0.978404  0.124005  0.165374  0.129686  -0.254735  0.958275  -0.015257  -0.012849  0.011228  0.000000  0.000000  0.000000  1.000000  
103.642167 0.041153  -0.005547  -0.013849  0.160958  0.959027  0.233152  -0.978404  0.124005  0.165374  0.129686  -0.254735  0.958275  -0.015357  -0.011897  0.011140  0.000000  0.000000  0.000000  1.000000  
103.643417 0.041127  -0.005556  -0.013836  0.161159  0.959001  0.233118  -0.978371  0.124202  0.165422  0.129686  -0.254735  0.958275  -0.016259  -0.010956  0.011034  0.000000  0.000000  0.000000  1.000000  
103.644420 0.041101  -0.005564  -0.013825  0.161159  0.958973  0.233235  -0.978371  0.124182  0.165437  0.129686  -0.254852  0.958244  -0.017533  -0.010547  0.010977  0.000000  0.000000  0.000000  1.000000  
103.645667 0.041069  -0.005570  -0.013813  0.161156  0.958979  0.233214  -0.978354  0.124149  0.165564  0.129819  -0.254847  0.958228  -0.018705  -0.009750  0.010845  0.000000  0.000000  0.000000  1.000000  
103.646667 0.041046  -0.005573  -0.013803  0.161156  0.958950  0.233330  -0.978354  0.124129  0.165579  0.129819  -0.254963  0.958197  -0.019140  -0.009065  0.010759  0.000000  0.000000  0.000000  1.000000  
103.647675 0.041024  -0.005575  -0.013793  0.161156  0.958950  0.233330  -0.978354  0.124129  0.165579  0.129819  -0.254963  0.958197  -0.019339  -0.008453  0.010684  0.000000  0.000000  0.000000  1.000000  
103.648918 0.040994  -0.005580  -0.013778  0.161156  0.958922  0.233446  -0.978354  0.124109  0.165594  0.129819  -0.255080  0.958166  -0.019861  -0.007985  0.010803  0.000000  0.000000  0.000000  1.000000  
103.649918 0.040965  -0.005585  -0.013763  0.161156  0.958922  0.233446  -0.978354  0.124109  0.165594  0.129819  -0.255080  0.958166  -0.020502  -0.007809  0.011128  0.000000  0.000000  0.000000  1.000000  
103.650924 0.040934  -0.005593  -0.013743  0.161156  0.958894  0.233563  -0.978354  0.124089  0.165609  0.129819  -0.255196  0.958135  -0.021241  -0.007802  0.011734  0.000000  0.000000  0.000000  1.000000  
103.651925 0.040899  -0.005604  -0.013723  0.161156  0.958894  0.233563  -0.978354  0.124089  0.165609  0.129819  -0.255196  0.958135  -0.022463  -0.007946  0.012444  0.000000  0.000000  0.000000  1.000000  
103.653173 0.040854  -0.005620  -0.013697  0.161156  0.958865  0.233679  -0.978354  0.124068  0.165624  0.129819  -0.255312  0.958104  -0.024913  -0.008059  0.013456  0.000000  0.000000  0.000000  1.000000  
103.654417 0.040807  -0.005636  -0.013678  0.161360  0.958834  0.233666  -0.978338  0.124300  0.165545  0.129686  -0.255316  0.958121  -0.026176  -0.007914  0.013577  0.000000  0.000000  0.000000  1.000000  
103.655419 0.040771  -0.005646  -0.013667  0.161562  0.958809  0.233632  -0.978304  0.124497  0.165593  0.129686  -0.255316  0.958121  -0.027262  -0.007621  0.013440  0.000000  0.000000  0.000000  1.000000  
103.656703 0.040726  -0.005654  -0.013653  0.161766  0.958777  0.233619  -0.978288  0.124728  0.165515  0.129553  -0.255321  0.958137  -0.029125  -0.007328  0.013486  0.000000  0.000000  0.000000  1.000000  
103.657919 0.040680  -0.005661  -0.013637  0.161970  0.958746  0.233605  -0.978272  0.124959  0.165437  0.129421  -0.255325  0.958154  -0.030570  -0.007171  0.013578  0.000000  0.000000  0.000000  1.000000  
103.658920 0.040644  -0.005665  -0.013622  0.162376  0.958689  0.233558  -0.978222  0.125388  0.165406  0.129288  -0.255330  0.958171  -0.031475  -0.007038  0.013930  0.000000  0.000000  0.000000  1.000000  
103.659924 0.040611  -0.005667  -0.013605  0.162983  0.958606  0.233477  -0.978139  0.126013  0.165424  0.129155  -0.255334  0.958188  -0.031886  -0.006753  0.014411  0.000000  0.000000  0.000000  1.000000  
103.661168 0.040573  -0.005668  -0.013579  0.163388  0.958548  0.233430  -0.978089  0.126442  0.165394  0.129023  -0.255339  0.958204  -0.032457  -0.006476  0.015262  0.000000  0.000000  0.000000  1.000000  
103.662169 0.040543  -0.005667  -0.013557  0.163794  0.958490  0.233383  -0.978038  0.126870  0.165363  0.128890  -0.255343  0.958221  -0.032841  -0.006212  0.016044  0.000000  0.000000  0.000000  1.000000  
103.663169 0.040510  -0.005667  -0.013533  0.164398  0.958412  0.233281  -0.977937  0.127462  0.165508  0.128890  -0.255343  0.958221  -0.033795  -0.006046  0.017153  0.000000  0.000000  0.000000  1.000000  
103.664170 0.040476  -0.005671  -0.013510  0.165005  0.958327  0.233200  -0.977852  0.128088  0.165525  0.128757  -0.255348  0.958238  -0.034213  -0.006027  0.017686  0.000000  0.000000  0.000000  1.000000  
103.665418 0.040430  -0.005678  -0.013482  0.165810  0.958221  0.233064  -0.977716  0.128877  0.165717  0.128757  -0.255348  0.958238  -0.034706  -0.005938  0.018140  0.001256  0.015995  -0.186834  1.000000  
103.666419 0.040394  -0.005683  -0.013463  0.166215  0.958163  0.233017  -0.977665  0.129305  0.165687  0.128625  -0.255352  0.958254  -0.034843  -0.005671  0.018029  -0.000562  0.014640  -0.194974  1.000000  
103.667430 0.040358  -0.005690  -0.013447  0.166819  0.958111  0.232798  -0.977562  0.129917  0.165815  0.128625  -0.255236  0.958285  -0.034824  -0.005202  0.017606  -0.007318  0.019910  -0.214747  1.000000  
103.668682 0.040311  -0.005697  -0.013433  0.167225  0.958080  0.232635  -0.977510  0.130365  0.165768  0.128492  -0.255124  0.958333  -0.034833  -0.004546  0.017103  -0.012270  0.017313  -0.222497  1.000000  
103.669686 0.040273  -0.005701  -0.013424  0.167831  0.957993  0.232555  -0.977423  0.130990  0.165786  0.128359  -0.255128  0.958349  -0.034975  -0.004089  0.016857  -0.014820  0.018120  -0.241703  1.000000  
103.670970 0.040224  -0.005705  -0.013410  0.168837  0.957886  0.232268  -0.977250  0.131997  0.166009  0.128359  -0.255012  0.958380  -0.035178  -0.003618  0.016750  -0.026638  0.025295  -0.269906  1.000000  
103.672169 0.040175  -0.005706  -0.013393  0.169645  0.957799  0.232037  -0.977128  0.132839  0.166058  0.128227  -0.254900  0.958428  -0.035603  -0.003268  0.016961  -0.034292  0.028011  -0.297850  1.000000  
103.673173 0.040139  -0.005704  -0.013378  0.170050  0.957767  0.231874  -0.977075  0.133287  0.166011  0.128094  -0.254788  0.958475  -0.035463  -0.002788  0.017139  -0.039237  0.025408  -0.305611  1.000000  
103.674419 0.040092  -0.005699  -0.013356  0.170654  0.957712  0.231655  -0.976969  0.133899  0.166138  0.128094  -0.254672  0.958506  -0.035724  -0.002180  0.017181  -0.049658  0.030446  -0.322860  1.000000  
103.675670 0.040042  -0.005694  -0.013336  0.171260  0.957652  0.231459  -0.976881  0.134544  0.166138  0.127961  -0.254560  0.958554  -0.036498  -0.001816  0.016876  -0.056821  0.027273  -0.347734  1.000000  
103.676921 0.039991  -0.005689  -0.013318  0.171662  0.957624  0.231274  -0.976810  0.134958  0.166217  0.127961  -0.254444  0.958584  -0.037408  -0.001540  0.016182  -0.066243  0.030561  -0.358216  1.000000  
103.678169 0.039939  -0.005687  -0.013301  0.172064  0.957597  0.231090  -0.976739  0.135373  0.166296  0.127961  -0.254328  0.958615  -0.038183  -0.001268  0.015313  -0.072378  0.034187  -0.373025  1.000000  
103.679419 0.039884  -0.005687  -0.013288  0.172265  0.957597  0.230939  -0.976704  0.135590  0.166327  0.127961  -0.254212  0.958646  -0.038877  -0.000978  0.014443  -0.081669  0.036065  -0.380921  1.000000  
103.680433 0.039836  -0.005688  -0.013278  0.172466  0.957597  0.230789  -0.976668  0.135808  0.166358  0.127961  -0.254095  0.958677  -0.039612  -0.000606  0.013483  -0.090697  0.037820  -0.387478  1.000000  
103.681672 0.039774  -0.005689  -0.013265  0.172664  0.957603  0.230616  -0.976616  0.135991  0.166515  0.128094  -0.253975  0.958691  -0.040922  -0.000170  0.012880  -0.094923  0.043549  -0.389797  1.000000  
103.682919 0.039712  -0.005691  -0.013250  0.173067  0.957575  0.230431  -0.976545  0.136406  0.166594  0.128094  -0.253858  0.958722  -0.041886  0.000135  0.012767  -0.104779  0.047044  -0.402951  1.000000  
103.683942 0.039664  -0.005690  -0.013236  0.173265  0.957581  0.230258  -0.976492  0.136590  0.166751  0.128227  -0.253738  0.958736  -0.042545  0.000597  0.013031  -0.109653  0.056065  -0.403720  1.000000  
103.685176 0.039606  -0.005687  -0.013215  0.173466  0.957580  0.230108  -0.976457  0.136807  0.166782  0.128227  -0.253621  0.958767  -0.043160  0.001145  0.013606  -0.113780  0.056067  -0.403910  1.000000  
103.686424 0.039547  -0.005681  -0.013193  0.173871  0.957574  0.229829  -0.976402  0.137275  0.166717  0.128094  -0.253393  0.958845  -0.043743  0.001627  0.014021  -0.122928  0.057854  -0.411086  1.000000  
103.687427 0.039500  -0.005675  -0.013176  0.174072  0.957573  0.229679  -0.976366  0.137493  0.166748  0.128094  -0.253277  0.958876  -0.044547  0.002026  0.014193  -0.126826  0.062105  -0.409437  1.000000  
103.688671 0.039444  -0.005667  -0.013158  0.174276  0.957567  0.229551  -0.976347  0.137743  0.166652  0.127961  -0.253165  0.958923  -0.045246  0.002336  0.014003  -0.129976  0.060332  -0.402872  1.000000  
103.689679 0.039398  -0.005661  -0.013147  0.174477  0.957566  0.229401  -0.976311  0.137961  0.166682  0.127961  -0.253049  0.958954  -0.045687  0.002422  0.013557  -0.132228  0.061128  -0.388404  1.000000  
103.690919 0.039343  -0.005655  -0.013138  0.175083  0.957531  0.229088  -0.976220  0.138626  0.166664  0.127828  -0.252820  0.959032  -0.046047  0.002499  0.012895  -0.140066  0.062329  -0.391831  1.000000  
103.691921 0.039297  -0.005652  -0.013132  0.175287  0.957524  0.228960  -0.976201  0.138877  0.166568  0.127696  -0.252708  0.959079  -0.046286  0.002522  0.012371  -0.144366  0.061067  -0.388465  1.000000  
103.692923 0.039251  -0.005650  -0.013125  0.175692  0.957461  0.228914  -0.976146  0.139304  0.166536  0.127563  -0.252713  0.959095  -0.046633  0.002486  0.011952  -0.143442  0.054959  -0.382959  1.000000  
103.694169 0.039192  -0.005651  -0.013114  0.176097  0.957425  0.228752  -0.976090  0.139752  0.166487  0.127430  -0.252601  0.959143  -0.046888  0.002441  0.011780  -0.145388  0.052748  -0.373274  1.000000  
103.695418 0.039135  -0.005653  -0.013100  0.176702  0.957360  0.228556  -0.975998  0.140396  0.166485  0.127298  -0.252489  0.959190  -0.046811  0.002306  0.011915  -0.148524  0.046671  -0.367833  1.000000  
103.696423 0.039090  -0.005654  -0.013087  0.177308  0.957267  0.228476  -0.975905  0.141021  0.166500  0.127165  -0.252493  0.959206  -0.046355  0.002375  0.012070  -0.149686  0.047053  -0.370840  1.000000  
103.697426 0.039047  -0.005655  -0.013072  0.177914  0.957202  0.228280  -0.975812  0.141666  0.166497  0.127032  -0.252381  0.959253  -0.045933  0.002408  0.012303  -0.149345  0.044064  -0.375612  1.000000  
103.698668 0.038995  -0.005653  -0.013053  0.178721  0.957106  0.228050  -0.975682  0.142507  0.166542  0.126899  -0.252269  0.959300  -0.045463  0.002519  0.012448  -0.151101  0.047519  -0.388923  1.000000  
103.699670 0.038954  -0.005651  -0.013039  0.179326  0.957012  0.227970  -0.975588  0.143131  0.166556  0.126767  -0.252273  0.959317  -0.045029  0.002530  0.012383  -0.151058  0.047524  -0.388953  1.000000  
103.700681 0.038913  -0.005648  -0.013025  0.180133  0.956915  0.227740  -0.975457  0.143973  0.166600  0.126634  -0.252161  0.959364  -0.044556  0.002456  0.012008  -0.151541  0.041804  -0.387054  1.000000  
103.701927 0.038864  -0.005642  -0.013011  0.181143  0.956782  0.227500  -0.975304  0.145044  0.166565  0.126369  -0.252053  0.959427  -0.043946  0.002338  0.011440  -0.152100  0.039099  -0.394228  1.000000  
103.702929 0.038826  -0.005638  -0.013002  0.181952  0.956677  0.227294  -0.975188  0.145919  0.166482  0.126103  -0.251946  0.959490  -0.043422  0.002284  0.011167  -0.153788  0.038215  -0.408681  1.000000  
103.703931 0.038788  -0.005632  -0.012993  0.182962  0.956542  0.227053  -0.975033  0.146990  0.166446  0.125838  -0.251838  0.959553  -0.042819  0.002248  0.010832  -0.156351  0.034725  -0.430844  1.000000  
103.705173 0.038741  -0.005626  -0.012979  0.183972  0.956405  0.226813  -0.974877  0.148061  0.166409  0.125572  -0.251730  0.959616  -0.042280  0.002142  0.011007  -0.158049  0.033837  -0.445360  1.000000  
103.706176 0.038700  -0.005623  -0.012967  0.184577  0.956362  0.226503  -0.974780  0.148725  0.166387  0.125439  -0.251501  0.959694  -0.042018  0.001995  0.011379  -0.162955  0.031156  -0.453104  1.000000  
103.707178 0.038658  -0.005622  -0.012952  0.185386  0.956226  0.226413  -0.974661  0.149579  0.166321  0.125174  -0.251510  0.959726  -0.041758  0.001920  0.012022  -0.164642  0.025962  -0.468662  1.000000  
103.708426 0.038604  -0.005623  -0.012931  0.186192  0.956152  0.226069  -0.974524  0.150439  0.166345  0.125041  -0.251281  0.959803  -0.041472  0.001819  0.012723  -0.167248  0.026750  -0.489760  1.000000  
103.709676 0.038550  -0.005625  -0.012912  0.187201  0.956011  0.225830  -0.974365  0.151510  0.166307  0.124776  -0.251173  0.959866  -0.041155  0.001880  0.013166  -0.169847  0.023245  -0.512093  1.000000  
103.710698 0.038508  -0.005624  -0.012895  0.188006  0.955879  0.225717  -0.974227  0.152330  0.166367  0.124643  -0.251178  0.959882  -0.040930  0.002055  0.013365  -0.172430  0.024142  -0.533143  1.000000  
103.711931 0.038454  -0.005622  -0.012879  0.189015  0.955737  0.225479  -0.974065  0.153400  0.166328  0.124377  -0.251070  0.959945  -0.040899  0.002196  0.013353  -0.171743  0.017979  -0.562911  1.000000  
103.713174 0.038399  -0.005619  -0.012865  0.190222  0.955567  0.225182  -0.973848  0.154634  0.166462  0.124245  -0.250957  0.959992  -0.041101  0.002348  0.013017  -0.176112  0.022298  -0.597387  1.000000  
103.714176 0.038355  -0.005616  -0.012855  0.191027  0.955460  0.224953  -0.973707  0.155474  0.166502  0.124112  -0.250845  0.960038  -0.041275  0.002442  0.012696  -0.181320  0.018649  -0.614550  1.000000  
103.715424 0.038300  -0.005611  -0.012845  0.191832  0.955353  0.224725  -0.973565  0.156313  0.166542  0.123979  -0.250733  0.960084  -0.041578  0.002537  0.012244  -0.179830  0.019415  -0.635434  1.000000  
103.716425 0.038257  -0.005604  -0.012835  0.192436  0.955250  0.224647  -0.973463  0.156936  0.166555  0.123846  -0.250737  0.960101  -0.041828  0.002720  0.012055  -0.178041  0.021285  -0.647384  1.000000  
103.717678 0.038199  -0.005596  -0.012821  0.193241  0.955168  0.224303  -0.973321  0.157796  0.166576  0.123714  -0.250508  0.960177  -0.042531  0.002832  0.012233  -0.180650  0.022012  -0.668597  1.000000  
103.718925 0.038139  -0.005589  -0.012803  0.194046  0.955058  0.224075  -0.973177  0.158636  0.166615  0.123581  -0.250396  0.960224  -0.043304  0.002855  0.012626  -0.182230  0.025409  -0.681618  1.000000  
103.719925 0.038089  -0.005584  -0.012787  0.194647  0.955015  0.223741  -0.973057  0.159266  0.166715  0.123581  -0.250163  0.960284  -0.044117  0.002845  0.013034  -0.188026  0.033121  -0.693860  1.000000  
103.720927 0.038037  -0.005580  -0.012768  0.195251  0.954937  0.223547  -0.972953  0.159909  0.166708  0.123448  -0.250051  0.960331  -0.044959  0.002934  0.013460  -0.188809  0.030421  -0.701496  1.000000  
103.722170 0.037970  -0.005574  -0.012747  0.196052  0.954859  0.223178  -0.972792  0.160736  0.166853  0.123448  -0.249818  0.960391  -0.045842  0.003205  0.013676  -0.194586  0.042484  -0.712725  1.000000  
103.723172 0.037915  -0.005570  -0.012731  0.196653  0.954813  0.222843  -0.972671  0.161366  0.166951  0.123448  -0.249585  0.960452  -0.046612  0.003530  0.013637  -0.199513  0.044088  -0.719307  1.000000  
103.724175 0.037861  -0.005565  -0.012717  0.197253  0.954767  0.222509  -0.972549  0.161996  0.167050  0.123448  -0.249352  0.960513  -0.047400  0.004047  0.013446  -0.208448  0.050080  -0.724688  1.000000  
103.725419 0.037793  -0.005556  -0.012702  0.197854  0.954721  0.222174  -0.972427  0.162626  0.167148  0.123448  -0.249119  0.960573  -0.048520  0.004584  0.013154  -0.212518  0.054310  -0.723707  1.000000  
103.726669 0.037726  -0.005547  -0.012686  0.198655  0.954641  0.221805  -0.972264  0.163453  0.167291  0.123448  -0.248886  0.960633  -0.049314  0.005002  0.013068  -0.215632  0.059772  -0.723254  1.000000  
103.727669 0.037671  -0.005539  -0.012674  0.199052  0.954634  0.221478  -0.972166  0.163854  0.167468  0.123581  -0.248648  0.960678  -0.050002  0.005437  0.013125  -0.223992  0.065458  -0.714187  1.000000  
103.728672 0.037619  -0.005528  -0.012660  0.199652  0.954586  0.221143  -0.972043  0.164484  0.167565  0.123581  -0.248415  0.960738  -0.050571  0.005977  0.013267  -0.227870  0.069637  -0.712588  1.000000  
103.729676 0.037567  -0.005517  -0.012645  0.200252  0.954511  0.220924  -0.971919  0.165094  0.167682  0.123581  -0.248299  0.960768  -0.051219  0.006506  0.013773  -0.227777  0.073889  -0.711327  1.000000  
103.730955 0.037503  -0.005503  -0.012624  0.201053  0.954455  0.220438  -0.971754  0.165941  0.167803  0.123581  -0.247949  0.960858  -0.051733  0.006956  0.014416  -0.238872  0.080676  -0.701931  1.000000  
103.732169 0.037438  -0.005489  -0.012602  0.202056  0.954331  0.220060  -0.971563  0.166997  0.167864  0.123448  -0.247720  0.960935  -0.052341  0.007313  0.015004  -0.241908  0.086003  -0.702363  1.000000  
103.733172 0.037385  -0.005480  -0.012586  0.202656  0.954281  0.219725  -0.971438  0.167627  0.167959  0.123448  -0.247487  0.960995  -0.052764  0.007532  0.015214  -0.245030  0.088473  -0.694618  1.000000  
103.734186 0.037331  -0.005471  -0.012570  0.203456  0.954195  0.219355  -0.971270  0.168454  0.168099  0.123448  -0.247254  0.961055  -0.053012  0.007840  0.015252  -0.245108  0.098609  -0.683484  1.000000  
103.735427 0.037264  -0.005460  -0.012553  0.204259  0.954129  0.218896  -0.971119  0.169333  0.168092  0.123315  -0.246908  0.961161  -0.053278  0.008177  0.014989  -0.252398  0.096758  -0.677124  1.000000  
103.736679 0.037198  -0.005450  -0.012538  0.205262  0.954027  0.218402  -0.970924  0.170408  0.168129  0.123182  -0.246563  0.961266  -0.053204  0.008515  0.014468  -0.259975  0.103537  -0.683648  1.000000  
103.737923 0.037133  -0.005438  -0.012523  0.206265  0.953950  0.217793  -0.970728  0.171504  0.168145  0.123050  -0.246100  0.961402  -0.053091  0.008854  0.014065  -0.272841  0.109368  -0.689230  1.000000  
103.739171 0.037069  -0.005427  -0.012510  0.207268  0.953845  0.217300  -0.970532  0.172579  0.168181  0.122917  -0.245755  0.961507  -0.052814  0.009170  0.013823  -0.280817  0.109197  -0.689224  1.000000  
103.740174 0.037020  -0.005416  -0.012497  0.208270  0.953739  0.216806  -0.970334  0.173655  0.168215  0.122784  -0.245409  0.961613  -0.052424  0.009487  0.013872  -0.291015  0.115613  -0.698107  1.000000  
103.741419 0.036959  -0.005401  -0.012477  0.209672  0.953586  0.216128  -0.970049  0.175143  0.168317  0.122651  -0.244946  0.961747  -0.051937  0.009899  0.014156  -0.303413  0.118279  -0.708137  1.000000  
103.742669 0.036900  -0.005385  -0.012456  0.211076  0.953423  0.215478  -0.969778  0.176662  0.168291  0.122386  -0.244488  0.961898  -0.051403  0.010252  0.014496  -0.316198  0.119770  -0.714788  1.000000  
103.743677 0.036854  -0.005372  -0.012438  0.212078  0.953312  0.214985  -0.969576  0.177737  0.168322  0.122253  -0.244142  0.962003  -0.050986  0.010393  0.014869  -0.326780  0.120555  -0.720539  1.000000  
103.744922 0.036795  -0.005356  -0.012413  0.213279  0.953189  0.214342  -0.969329  0.179028  0.168375  0.122120  -0.243679  0.962137  -0.050543  0.010517  0.015167  -0.342732  0.124495  -0.734507  1.000000  
103.746169 0.036737  -0.005340  -0.012391  0.214683  0.952994  0.213808  -0.969053  0.180526  0.168367  0.121855  -0.243337  0.962257  -0.050212  0.010602  0.015231  -0.352361  0.123395  -0.748871  1.000000  
103.747420 0.036676  -0.005326  -0.012373  0.216086  0.952822  0.213159  -0.968774  0.182045  0.168335  0.121589  -0.242878  0.962407  -0.049844  0.010727  0.015027  -0.366872  0.123936  -0.769845  1.000000  
103.748670 0.036615  -0.005314  -0.012358  0.217290  0.952686  0.212545  -0.968538  0.183367  0.168258  0.121323  -0.242419  0.962556  -0.049625  0.010791  0.014701  -0.376509  0.122730  -0.784265  1.000000  
103.749677 0.036564  -0.005305  -0.012346  0.218290  0.952592  0.211938  -0.968330  0.184461  0.168262  0.121191  -0.241956  0.962689  -0.049307  0.010802  0.014449  -0.389376  0.122495  -0.805141  1.000000  
103.750680 0.036514  -0.005296  -0.012333  0.219094  0.952503  0.211510  -0.968181  0.185369  0.168117  0.120925  -0.241613  0.962809  -0.049050  0.010845  0.014412  -0.398195  0.119644  -0.812922  1.000000  
103.751684 0.036462  -0.005288  -0.012321  0.220095  0.952381  0.211018  -0.967971  0.186442  0.168142  0.120792  -0.241267  0.962912  -0.049003  0.010758  0.014430  -0.403777  0.118403  -0.827121  1.000000  
103.752925 0.036397  -0.005276  -0.012305  0.221496  0.952199  0.210371  -0.967684  0.187959  0.168103  0.120526  -0.240807  0.963060  -0.049005  0.010836  0.014640  -0.414475  0.114517  -0.849619  1.000000  
103.754177 0.036333  -0.005263  -0.012285  0.222699  0.952054  0.209760  -0.967441  0.189280  0.168020  0.120261  -0.240348  0.963208  -0.049123  0.010882  0.015029  -0.424161  0.108875  -0.865126  1.000000  
103.755253 0.036282  -0.005252  -0.012269  0.223702  0.951920  0.209298  -0.967243  0.190383  0.167915  0.119995  -0.240005  0.963327  -0.048938  0.010850  0.015091  -0.429534  0.104706  -0.885061  1.000000  
103.756424 0.036218  -0.005238  -0.012250  0.224904  0.951771  0.208687  -0.966997  0.191703  0.167830  0.119729  -0.239545  0.963474  -0.049436  0.010809  0.015195  -0.440382  0.099326  -0.902971  1.000000  
103.757674 0.036154  -0.005223  -0.012231  0.225903  0.951667  0.208082  -0.966781  0.192795  0.167825  0.119597  -0.239082  0.963606  -0.049786  0.010726  0.014961  -0.450259  0.093664  -0.918618  1.000000  
103.758921 0.036088  -0.005210  -0.012214  0.226905  0.951554  0.207506  -0.966579  0.193918  0.167694  0.119331  -0.238622  0.963753  -0.050273  0.010556  0.014563  -0.459971  0.087985  -0.934193  1.000000  
103.759928 0.036036  -0.005199  -0.012203  0.227704  0.951462  0.207052  -0.966407  0.194794  0.167669  0.119198  -0.238275  0.963855  -0.050659  0.010462  0.013957  -0.463885  0.083326  -0.935125  1.000000  
103.761169 0.035968  -0.005186  -0.012188  0.228703  0.951379  0.206332  -0.966188  0.195906  0.167638  0.119065  -0.237694  0.964015  -0.051280  0.010266  0.013526  -0.477075  0.080283  -0.943294  1.000000  
103.762419 0.035899  -0.005175  -0.012173  0.229701  0.951270  0.205727  -0.965967  0.196997  0.167629  0.118932  -0.237230  0.964146  -0.051806  0.010074  0.013370  -0.481867  0.080937  -0.942032  1.000000  
103.763419 0.035843  -0.005167  -0.012159  0.230496  0.951182  0.205243  -0.965778  0.197842  0.167726  0.118932  -0.236879  0.964232  -0.052260  0.009916  0.013396  -0.486338  0.081342  -0.950803  1.000000  
103.764424 0.035788  -0.005159  -0.012145  0.231295  0.951086  0.204789  -0.965603  0.198717  0.167697  0.118800  -0.236532  0.964334  -0.052663  0.009906  0.013612  -0.490751  0.077707  -0.949839  1.000000  
103.765677 0.035718  -0.005149  -0.012125  0.232090  0.951021  0.204189  -0.965412  0.199581  0.167769  0.118800  -0.236064  0.964448  -0.053047  0.009820  0.013890  -0.494010  0.080594  -0.950177  1.000000  
103.766677 0.035663  -0.005140  -0.012110  0.232687  0.950996  0.203624  -0.965269  0.200250  0.167798  0.118800  -0.235596  0.964563  -0.053331  0.009827  0.014125  -0.497891  0.083904  -0.941161  1.000000  
103.767927 0.035595  -0.005129  -0.012089  0.233684  0.950881  0.203020  -0.965044  0.201341  0.167784  0.118667  -0.235132  0.964692  -0.053559  0.009800  0.014341  -0.500940  0.082458  -0.942135  1.000000  
103.769181 0.035529  -0.005116  -0.012071  0.234677  0.950772  0.202386  -0.964803  0.202401  0.167895  0.118667  -0.234664  0.964806  -0.053656  0.009773  0.014279  -0.500936  0.086376  -0.941205  1.000000  
103.770426 0.035464  -0.005103  -0.012056  0.235471  0.950703  0.201787  -0.964609  0.203266  0.167963  0.118667  -0.234196  0.964920  -0.053762  0.009695  0.013939  -0.498334  0.085303  -0.920107  1.000000  
103.771683 0.035401  -0.005090  -0.012043  0.236464  0.950591  0.201153  -0.964367  0.204326  0.168072  0.118667  -0.233728  0.965033  -0.053662  0.009588  0.013476  -0.501289  0.091957  -0.911024  1.000000  
103.772923 0.035339  -0.005077  -0.012031  0.237461  0.950470  0.200549  -0.964138  0.205416  0.168054  0.118534  -0.233263  0.965162  -0.053525  0.009555  0.013076  -0.499700  0.088250  -0.898110  1.000000  
103.773970 0.035291  -0.005067  -0.012021  0.238254  0.950373  0.200065  -0.963942  0.206260  0.168144  0.118534  -0.232912  0.965247  -0.053000  0.009473  0.012851  -0.498002  0.090493  -0.888963  1.000000  
103.775176 0.035231  -0.005056  -0.012007  0.239445  0.950214  0.199396  -0.963647  0.207515  0.168290  0.118534  -0.232444  0.965360  -0.052726  0.009367  0.012882  -0.497789  0.097282  -0.881512  1.000000  
103.776423 0.035171  -0.005046  -0.011991  0.240437  0.950097  0.198762  -0.963400  0.208575  0.168394  0.118534  -0.231975  0.965473  -0.052205  0.009212  0.012904  -0.496079  0.102316  -0.866206  1.000000  
103.777424 0.035123  -0.005039  -0.011979  0.241428  0.949978  0.198127  -0.963152  0.209635  0.168497  0.118534  -0.231507  0.965585  -0.051650  0.009113  0.012950  -0.500112  0.106319  -0.865205  1.000000  
103.778427 0.035077  -0.005031  -0.011964  0.242420  0.949834  0.197608  -0.962903  0.210674  0.168624  0.118534  -0.231155  0.965669  -0.051031  0.009117  0.013040  -0.499959  0.114733  -0.863048  1.000000  
103.779678 0.035022  -0.005021  -0.011947  0.243609  0.949692  0.196824  -0.962603  0.211949  0.168739  0.118534  -0.230570  0.965809  -0.049966  0.009162  0.012933  -0.503904  0.118614  -0.861923  1.000000  
103.780679 0.034979  -0.005012  -0.011934  0.244603  0.949561  0.196221  -0.962367  0.213039  0.168713  0.118401  -0.230105  0.965936  -0.049150  0.009115  0.012666  -0.505391  0.124878  -0.867283  1.000000  
103.781995 0.034927  -0.005000  -0.011920  0.245990  0.949348  0.195517  -0.962014  0.214489  0.168892  0.118401  -0.229636  0.966048  -0.047831  0.009142  0.012233  -0.507482  0.132300  -0.863777  1.000000  
103.783176 0.034877  -0.004987  -0.011908  0.247380  0.949149  0.194730  -0.961673  0.215989  0.168917  0.118268  -0.229054  0.966202  -0.046832  0.009262  0.011748  -0.512559  0.136508  -0.864807  1.000000  
103.784182 0.034839  -0.004975  -0.011899  0.248568  0.948975  0.194061  -0.961367  0.217243  0.169052  0.118268  -0.228585  0.966313  -0.045870  0.009380  0.011416  -0.517210  0.146469  -0.869206  1.000000  
103.785426 0.034791  -0.004961  -0.011887  0.249759  0.948816  0.193309  -0.961075  0.218547  0.169034  0.118135  -0.228002  0.966467  -0.044866  0.009433  0.011199  -0.522274  0.147696  -0.876449  1.000000  
103.786676 0.034745  -0.004947  -0.011875  0.251144  0.948617  0.192490  -0.960714  0.220017  0.169179  0.118135  -0.227416  0.966605  -0.043757  0.009569  0.011154  -0.526816  0.157509  -0.880706  1.000000  
103.787685 0.034707  -0.004937  -0.011864  0.252334  0.948407  0.191969  -0.960418  0.221280  0.169211  0.118002  -0.227068  0.966703  -0.042824  0.009489  0.011270  -0.524014  0.164677  -0.892773  1.000000  
103.788923 0.034659  -0.004924  -0.011849  0.253722  0.948195  0.191183  -0.960069  0.222778  0.169228  0.117870  -0.226485  0.966856  -0.042298  0.009529  0.011479  -0.529796  0.167469  -0.906553  1.000000  
103.790181 0.034610  -0.004913  -0.011834  0.255303  0.947920  0.190444  -0.959649  0.224422  0.169434  0.117870  -0.226016  0.966966  -0.041216  0.009530  0.011520  -0.532088  0.176184  -0.925446  1.000000  
103.791427 0.034562  -0.004902  -0.011819  0.256690  0.947703  0.189658  -0.959296  0.225920  0.169446  0.117737  -0.225433  0.967118  -0.040421  0.009647  0.011491  -0.537795  0.178925  -0.939127  1.000000  
103.792673 0.034514  -0.004890  -0.011805  0.258072  0.947491  0.188839  -0.958925  0.227388  0.169581  0.117737  -0.224847  0.967255  -0.039831  0.009751  0.011286  -0.543454  0.185987  -0.951566  1.000000  
103.793677 0.034476  -0.004881  -0.011795  0.259260  0.947293  0.188204  -0.958621  0.228670  0.169578  0.117604  -0.224381  0.967379  -0.039281  0.009897  0.010968  -0.545544  0.184518  -0.965006  1.000000  
103.794924 0.034427  -0.004868  -0.011784  0.260642  0.947076  0.187385  -0.958246  0.230137  0.169710  0.117604  -0.223794  0.967515  -0.038934  0.010070  0.010663  -0.551550  0.192988  -0.985303  1.000000  
103.795926 0.034389  -0.004857  -0.011778  0.261632  0.946921  0.186785  -0.957992  0.231223  0.169666  0.117471  -0.223328  0.967639  -0.038609  0.010242  0.010250  -0.556685  0.189871  -0.991623  1.000000  
103.797177 0.034341  -0.004842  -0.011769  0.262815  0.946748  0.186001  -0.957668  0.232496  0.169755  0.117471  -0.222741  0.967774  -0.038518  0.010414  0.009961  -0.558430  0.196823  -1.004328  1.000000  
103.798428 0.034294  -0.004825  -0.011758  0.263998  0.946573  0.185217  -0.957343  0.233768  0.169843  0.117471  -0.222154  0.967909  -0.038272  0.010608  0.009841  -0.563022  0.197752  -1.010598  1.000000  
103.799431 0.034255  -0.004812  -0.011749  0.264987  0.946413  0.184618  -0.957086  0.234854  0.169795  0.117338  -0.221688  0.968032  -0.038261  0.010707  0.009860  -0.567667  0.194538  -1.020197  1.000000  
103.800443 0.034215  -0.004798  -0.011739  0.265775  0.946309  0.184019  -0.956867  0.235715  0.169833  0.117338  -0.221219  0.968139  -0.038377  0.010846  0.009915  -0.572741  0.195743  -1.027293  1.000000  
103.801678 0.034165  -0.004782  -0.011724  0.266760  0.946177  0.183270  -0.956593  0.236792  0.169878  0.117338  -0.220631  0.968273  -0.038652  0.011015  0.010080  -0.576812  0.195159  -1.025367  1.000000  
103.802679 0.034123  -0.004769  -0.011711  0.267548  0.946071  0.182671  -0.956373  0.237654  0.169914  0.117338  -0.220162  0.968380  -0.038895  0.011187  0.010201  -0.580742  0.199053  -1.024361  1.000000  
103.803690 0.034081  -0.004757  -0.011701  0.268335  0.945963  0.182072  -0.956153  0.238515  0.169949  0.117338  -0.219692  0.968487  -0.039107  0.011327  0.010032  -0.580876  0.198601  -1.024693  1.000000  
103.804924 0.034028  -0.004742  -0.011689  0.269319  0.945827  0.181323  -0.955876  0.239592  0.169991  0.117338  -0.219104  0.968620  -0.039516  0.011655  0.009835  -0.588006  0.196504  -1.017894  1.000000  
103.806173 0.033974  -0.004727  -0.011678  0.270303  0.945690  0.180575  -0.955598  0.240669  0.170031  0.117338  -0.218517  0.968753  -0.039889  0.011832  0.009612  -0.592074  0.195955  -1.019775  1.000000  
103.807174 0.033930  -0.004714  -0.011669  0.270889  0.945636  0.179976  -0.955416  0.241307  0.170150  0.117471  -0.218043  0.968843  -0.040245  0.012030  0.009452  -0.590515  0.196729  -1.005464  1.000000  
103.808419 0.033877  -0.004697  -0.011657  0.271872  0.945496  0.179227  -0.955137  0.242384  0.170189  0.117471  -0.217456  0.968976  -0.040571  0.012384  0.009390  -0.593837  0.194657  -0.997443  1.000000  
103.809419 0.033835  -0.004682  -0.011646  0.272659  0.945383  0.178628  -0.954912  0.243245  0.170218  0.117471  -0.216986  0.969081  -0.040769  0.012703  0.009519  -0.593023  0.192635  -0.990890  1.000000  
103.810670 0.033783  -0.004664  -0.011633  0.273642  0.945240  0.177879  -0.954631  0.244321  0.170254  0.117471  -0.216398  0.969212  -0.041055  0.013034  0.009740  -0.592176  0.194860  -0.983419  1.000000  
103.811921 0.033732  -0.004644  -0.011618  0.274428  0.945146  0.177166  -0.954406  0.245203  0.170251  0.117471  -0.215810  0.969343  -0.041276  0.013387  0.010212  -0.595071  0.190144  -0.965670  1.000000  
103.812924 0.033691  -0.004627  -0.011606  0.275213  0.945030  0.176567  -0.954179  0.246064  0.170278  0.117471  -0.215340  0.969448  -0.041476  0.013577  0.010452  -0.592041  0.186175  -0.950185  1.000000  
103.814177 0.033640  -0.004607  -0.011589  0.276196  0.944862  0.175933  -0.953895  0.247119  0.170340  0.117471  -0.214869  0.969552  -0.041639  0.013811  0.010833  -0.586380  0.186982  -0.936115  1.000000  
103.815419 0.033589  -0.004588  -0.011573  0.277374  0.944662  0.175150  -0.953554  0.248389  0.170406  0.117471  -0.214281  0.969683  -0.041837  0.014031  0.011058  -0.586340  0.190772  -0.935279  1.000000  
103.816419 0.033548  -0.004573  -0.011560  0.278159  0.944542  0.174551  -0.953325  0.249250  0.170430  0.117471  -0.213811  0.969786  -0.041799  0.014153  0.011109  -0.585440  0.188774  -0.928580  1.000000  
103.817432 0.033508  -0.004557  -0.011548  0.278944  0.944421  0.173953  -0.953095  0.250110  0.170452  0.117471  -0.213340  0.969890  -0.041687  0.014377  0.011075  -0.587025  0.188193  -0.908659  1.000000  
103.818674 0.033458  -0.004539  -0.011533  0.280125  0.944208  0.173206  -0.952765  0.251407  0.170390  0.117338  -0.212755  0.970035  -0.041605  0.014547  0.011215  -0.586091  0.181778  -0.902146  1.000000  
103.819700 0.033417  -0.004524  -0.011522  0.280910  0.944085  0.172608  -0.952534  0.252268  0.170410  0.117338  -0.212284  0.970138  -0.041330  0.014749  0.011304  -0.587945  0.182524  -0.887863  1.000000  
103.820932 0.033366  -0.004506  -0.011506  0.282086  0.943877  0.171825  -0.952187  0.253537  0.170469  0.117338  -0.211696  0.970266  -0.041192  0.014937  0.011699  -0.587540  0.185005  -0.880995  1.000000  
103.821934 0.033326  -0.004491  -0.011491  0.283066  0.943699  0.171191  -0.951896  0.254591  0.170523  0.117338  -0.211225  0.970369  -0.040934  0.015109  0.012048  -0.586630  0.183038  -0.874238  1.000000  
103.822953 0.033287  -0.004476  -0.011475  0.284242  0.943446  0.170637  -0.951545  0.255819  0.170641  0.117338  -0.210872  0.970446  -0.040631  0.015207  0.012405  -0.582094  0.186926  -0.872735  1.000000  
103.824170 0.033238  -0.004456  -0.011455  0.285613  0.943179  0.169819  -0.951135  0.257282  0.170730  0.117338  -0.210284  0.970573  -0.040464  0.015349  0.012926  -0.583538  0.188083  -0.879824  1.000000  
103.825183 0.033200  -0.004439  -0.011437  0.286592  0.942975  0.169300  -0.950840  0.258315  0.170811  0.117338  -0.209930  0.970650  -0.040216  0.015484  0.013408  -0.578398  0.186148  -0.873496  1.000000  
103.826418 0.033151  -0.004419  -0.011416  0.287966  0.942676  0.168634  -0.950441  0.259783  0.170805  0.117205  -0.209463  0.970767  -0.040085  0.015528  0.013870  -0.574570  0.185762  -0.873435  1.000000  
103.827420 0.033112  -0.004402  -0.011400  0.289140  0.942436  0.167966  -0.950085  0.261030  0.170886  0.117205  -0.208992  0.970868  -0.040212  0.015662  0.014177  -0.576153  0.188292  -0.886790  1.000000  
103.828669 0.033062  -0.004382  -0.011381  0.290509  0.942140  0.167262  -0.949667  0.262471  0.171001  0.117205  -0.208521  0.970970  -0.039987  0.015596  0.014327  -0.572966  0.193679  -0.892762  1.000000  
103.829919 0.033011  -0.004362  -0.011362  0.292072  0.941808  0.166409  -0.949187  0.264126  0.171116  0.117205  -0.207932  0.971096  -0.039870  0.015583  0.014570  -0.570569  0.196043  -0.906264  1.000000  
103.831180 0.032959  -0.004343  -0.011342  0.293440  0.941507  0.165706  -0.948765  0.265566  0.171227  0.117205  -0.207461  0.971197  -0.039961  0.015562  0.014789  -0.571816  0.198577  -0.920249  1.000000  
103.832421 0.032905  -0.004325  -0.011321  0.294807  0.941223  0.164888  -0.948342  0.267027  0.171303  0.117205  -0.206871  0.971322  -0.040265  0.015473  0.015120  -0.573671  0.200878  -0.932921  1.000000  
103.833684 0.032849  -0.004307  -0.011299  0.296169  0.940945  0.164031  -0.947901  0.268461  0.171502  0.117338  -0.206279  0.971432  -0.040524  0.015460  0.015652  -0.575381  0.207604  -0.945454  1.000000  
103.834923 0.032793  -0.004289  -0.011275  0.297534  0.940637  0.163328  -0.947473  0.269900  0.171607  0.117338  -0.205808  0.971532  -0.040939  0.015422  0.016232  -0.572813  0.209956  -0.958661  1.000000  
103.835924 0.032747  -0.004276  -0.011256  0.298509  0.940437  0.162695  -0.947166  0.270951  0.171644  0.117338  -0.205336  0.971632  -0.041292  0.015386  0.016623  -0.573529  0.211185  -0.966796  1.000000  
103.837176 0.032689  -0.004257  -0.011233  0.299674  0.940189  0.161987  -0.946782  0.272170  0.171837  0.117471  -0.204862  0.971716  -0.041927  0.015431  0.017089  -0.571192  0.213573  -0.980296  1.000000  
103.838422 0.032630  -0.004237  -0.011209  0.300649  0.940006  0.161240  -0.946473  0.273242  0.171838  0.117471  -0.204272  0.971840  -0.042451  0.015396  0.017276  -0.571152  0.212963  -0.980356  1.000000  
103.839425 0.032583  -0.004221  -0.011190  0.301618  0.939791  0.160682  -0.946148  0.274246  0.172028  0.117604  -0.203915  0.971899  -0.043156  0.015307  0.017413  -0.567884  0.218369  -0.986078  1.000000  
103.840670 0.032521  -0.004202  -0.011166  0.302592  0.939586  0.160049  -0.945837  0.275296  0.172059  0.117604  -0.203444  0.971998  -0.044040  0.015225  0.017523  -0.563905  0.217868  -0.986366  1.000000  
103.841920 0.032460  -0.004182  -0.011144  0.303755  0.939331  0.159341  -0.945447  0.276514  0.172247  0.117737  -0.202969  0.972081  -0.044897  0.015173  0.017672  -0.561751  0.224269  -0.997390  1.000000  
103.843169 0.032396  -0.004162  -0.011122  0.304723  0.939112  0.158782  -0.945119  0.277518  0.172433  0.117870  -0.202612  0.972139  -0.045719  0.015153  0.017832  -0.553728  0.228141  -0.996542  1.000000  
103.844418 0.032330  -0.004145  -0.011097  0.305691  0.938911  0.158108  -0.944790  0.278543  0.172585  0.118002  -0.202137  0.972222  -0.046794  0.015004  0.018231  -0.553868  0.232046  -0.995838  1.000000  
103.845418 0.032277  -0.004131  -0.011077  0.306469  0.938739  0.157625  -0.944538  0.279379  0.172614  0.118002  -0.201783  0.972296  -0.047551  0.014942  0.018461  -0.548946  0.230165  -0.989144  1.000000  
103.846419 0.032223  -0.004116  -0.011055  0.307242  0.938555  0.157215  -0.944270  0.280168  0.172799  0.118135  -0.201544  0.972329  -0.048448  0.014899  0.018931  -0.540926  0.234164  -0.988283  1.000000  
103.847419 0.032169  -0.004102  -0.011034  0.308015  0.938390  0.156690  -0.944002  0.280978  0.172950  0.118268  -0.201187  0.972387  -0.049075  0.014894  0.019181  -0.537200  0.238215  -0.987901  1.000000  
103.848423 0.032114  -0.004088  -0.011012  0.308593  0.938281  0.156202  -0.943796  0.281595  0.173068  0.118401  -0.200830  0.972445  -0.049882  0.014850  0.019501  -0.532277  0.240675  -0.980145  1.000000  
103.849671 0.032047  -0.004070  -0.010984  0.309559  0.938075  0.155528  -0.943463  0.282619  0.173215  0.118534  -0.200355  0.972526  -0.050547  0.014862  0.019700  -0.527821  0.247637  -0.972488  1.000000  
103.850680 0.031993  -0.004055  -0.010964  0.310142  0.937938  0.155193  -0.943272  0.283240  0.173243  0.118534  -0.200119  0.972575  -0.051094  0.014978  0.019836  -0.517082  0.244794  -0.959682  1.000000  
103.851686 0.031940  -0.004040  -0.010943  0.310913  0.937769  0.154668  -0.943001  0.284050  0.173391  0.118667  -0.199762  0.972632  -0.051483  0.014970  0.019942  -0.512212  0.247342  -0.952044  1.000000  
