1-Time 2-Px 3-Py 4-Pz 5-R11 6-R21 7-R31 8-R12 9-R22 10-R32 11-R13 12-R23 13-R33 14-Vx 15-Vy 16-Vz 17-Wx 18-Wy 19-Wz 20-state
37.577579 0.046067  0.008359  -0.037901  0.191685  0.904408  0.381187  -0.973879  0.223442  -0.040412  -0.121722  -0.363484  0.923614  0.000221  0.000646  0.000131  0.000000  0.000000  0.000000  1.000000  
37.578779 0.046066  0.008358  -0.037898  0.191685  0.904408  0.381187  -0.973879  0.223442  -0.040412  -0.121722  -0.363484  0.923614  -0.000985  -0.000677  0.003576  0.000000  0.000000  0.000000  1.000000  
37.579781 0.046055  0.008344  -0.037869  0.191685  0.904408  0.381187  -0.973879  0.223442  -0.040412  -0.121722  -0.363484  0.923614  -0.006109  -0.007375  0.015862  0.000000  0.000000  0.000000  1.000000  
37.581026 0.046034  0.008322  -0.037822  0.191685  0.904454  0.381077  -0.973879  0.223437  -0.040439  -0.121722  -0.363371  0.923658  -0.010206  -0.011410  0.024431  0.000000  0.000000  0.000000  1.000000  
37.582274 0.046016  0.008310  -0.037786  0.191685  0.904454  0.381077  -0.973879  0.223437  -0.040439  -0.121722  -0.363371  0.923658  -0.011403  -0.010773  0.025683  0.000000  0.000000  0.000000  1.000000  
37.583275 0.045999  0.008305  -0.037767  0.191688  0.904463  0.381053  -0.973895  0.223389  -0.040318  -0.121589  -0.363377  0.923674  -0.012485  -0.009791  0.024325  0.000000  0.000000  0.000000  1.000000  
37.584277 0.045976  0.008298  -0.037751  0.191688  0.904463  0.381053  -0.973895  0.223389  -0.040318  -0.121589  -0.363377  0.923674  -0.014110  -0.009348  0.023039  0.000000  0.000000  0.000000  1.000000  
37.585289 0.045947  0.008289  -0.037734  0.191688  0.904463  0.381053  -0.973895  0.223389  -0.040318  -0.121589  -0.363377  0.923674  -0.016072  -0.009280  0.022186  0.000000  0.000000  0.000000  1.000000  
37.586527 0.045910  0.008283  -0.037714  0.191692  0.904473  0.381029  -0.973911  0.223342  -0.040196  -0.121456  -0.363383  0.923689  -0.017948  -0.008673  0.021368  0.000000  0.000000  0.000000  1.000000  
37.587528 0.045885  0.008284  -0.037698  0.191692  0.904427  0.381139  -0.973911  0.223347  -0.040169  -0.121456  -0.363495  0.923645  -0.018720  -0.007658  0.020792  0.000000  0.000000  0.000000  1.000000  
37.588782 0.045855  0.008286  -0.037676  0.191692  0.904380  0.381249  -0.973911  0.223351  -0.040142  -0.121456  -0.363607  0.923601  -0.019262  -0.006576  0.020418  0.000000  0.000000  0.000000  1.000000  
37.590025 0.045823  0.008284  -0.037645  0.191488  0.904371  0.381374  -0.973935  0.223218  -0.040315  -0.121589  -0.363714  0.923541  -0.019961  -0.006108  0.020881  0.000000  0.000000  0.000000  1.000000  
37.591272 0.045784  0.008275  -0.037601  0.191488  0.904324  0.381484  -0.973935  0.223223  -0.040288  -0.121589  -0.363826  0.923497  -0.020995  -0.006239  0.022249  0.000000  0.000000  0.000000  1.000000  
37.592272 0.045747  0.008259  -0.037559  0.191287  0.904324  0.381585  -0.973974  0.223041  -0.040339  -0.121589  -0.363938  0.923453  -0.022094  -0.006882  0.023632  0.000000  0.000000  0.000000  1.000000  
37.593272 0.045707  0.008237  -0.037515  0.191287  0.904231  0.381804  -0.973974  0.223051  -0.040285  -0.121589  -0.364162  0.923365  -0.024097  -0.008161  0.025741  0.000000  0.000000  0.000000  1.000000  
37.594273 0.045664  0.008212  -0.037472  0.191287  0.904185  0.381914  -0.973974  0.223056  -0.040258  -0.121589  -0.364274  0.923321  -0.026515  -0.009367  0.027602  0.000000  0.000000  0.000000  1.000000  
37.595523 0.045609  0.008181  -0.037427  0.191488  0.904046  0.382142  -0.973935  0.223252  -0.040125  -0.121589  -0.364498  0.923232  -0.028865  -0.009867  0.027632  0.000000  0.000000  0.000000  1.000000  
37.596779 0.045553  0.008157  -0.037389  0.191488  0.904000  0.382251  -0.973935  0.223257  -0.040098  -0.121589  -0.364610  0.923188  -0.031590  -0.010487  0.027331  0.000000  0.000000  0.000000  1.000000  
37.598022 0.045494  0.008134  -0.037358  0.191488  0.903954  0.382361  -0.973935  0.223262  -0.040071  -0.121589  -0.364722  0.923144  -0.033995  -0.011483  0.027535  0.000000  0.000000  0.000000  1.000000  
37.599272 0.045434  0.008114  -0.037327  0.191688  0.903861  0.382479  -0.973895  0.223453  -0.039965  -0.121589  -0.364833  0.923099  -0.036135  -0.012298  0.028287  0.000000  0.000000  0.000000  1.000000  
37.600273 0.045390  0.008102  -0.037295  0.192089  0.903769  0.382495  -0.973816  0.223825  -0.039808  -0.121589  -0.364833  0.923099  -0.037123  -0.012500  0.029297  0.000000  0.000000  0.000000  1.000000  
37.601274 0.045352  0.008095  -0.037255  0.192490  0.903677  0.382512  -0.973737  0.224197  -0.039650  -0.121589  -0.364833  0.923099  -0.037718  -0.012577  0.030933  0.000000  0.000000  0.000000  1.000000  
37.602283 0.045317  0.008091  -0.037204  0.192891  0.903585  0.382528  -0.973658  0.224569  -0.039493  -0.121589  -0.364833  0.923099  -0.038494  -0.013091  0.033484  0.000000  0.000000  0.000000  1.000000  
37.603528 0.045273  0.008087  -0.037131  0.193292  0.903492  0.382544  -0.973578  0.224941  -0.039335  -0.121589  -0.364833  0.923099  -0.039485  -0.013549  0.036961  0.000000  0.000000  0.000000  1.000000  
37.604529 0.045236  0.008080  -0.037071  0.193696  0.903409  0.382536  -0.973514  0.225265  -0.039057  -0.121456  -0.364839  0.923115  -0.040263  -0.013961  0.039408  0.000000  0.000000  0.000000  1.000000  
37.605779 0.045187  0.008067  -0.036999  0.194498  0.903270  0.382459  -0.973355  0.226004  -0.038769  -0.121456  -0.364727  0.923159  -0.040975  -0.014201  0.041526  0.000000  0.000000  0.000000  1.000000  
37.607022 0.045133  0.008050  -0.036940  0.195302  0.903139  0.382357  -0.973210  0.226696  -0.038360  -0.121323  -0.364621  0.923218  -0.041594  -0.014211  0.041984  0.000000  0.000000  0.000000  1.000000  
37.608024 0.045087  0.008035  -0.036900  0.196107  0.903055  0.382145  -0.973065  0.227382  -0.037980  -0.121191  -0.364403  0.923322  -0.042012  -0.013690  0.041665  0.000000  0.000000  0.000000  1.000000  
37.609273 0.045026  0.008014  -0.036861  0.196908  0.903006  0.381847  -0.972903  0.228112  -0.037748  -0.121191  -0.364067  0.923454  -0.042570  -0.013202  0.040789  0.041894  0.081519  -0.158269  1.000000  
37.610523 0.044965  0.007995  -0.036824  0.197512  0.902967  0.381627  -0.972797  0.228613  -0.037446  -0.121058  -0.363849  0.923558  -0.042993  -0.012429  0.040179  0.040332  0.093114  -0.175642  1.000000  
37.611773 0.044908  0.007981  -0.036784  0.198313  0.902917  0.381329  -0.972634  0.229343  -0.037216  -0.121058  -0.363513  0.923690  -0.043054  -0.011691  0.040350  0.031535  0.103062  -0.201021  1.000000  
37.612780 0.044865  0.007973  -0.036747  0.198917  0.902878  0.381108  -0.972527  0.229844  -0.036915  -0.120925  -0.363295  0.923793  -0.042562  -0.010926  0.041427  0.026126  0.111422  -0.221852  1.000000  
37.614023 0.044812  0.007964  -0.036696  0.199918  0.902733  0.380927  -0.972322  0.230764  -0.036578  -0.120925  -0.363071  0.923881  -0.042168  -0.010115  0.042817  0.021989  0.122960  -0.251774  1.000000  
37.615273 0.044758  0.007958  -0.036641  0.200722  0.902691  0.380604  -0.972173  0.231447  -0.036228  -0.120792  -0.362741  0.924028  -0.042160  -0.009562  0.043658  0.013172  0.137096  -0.275656  1.000000  
37.616523 0.044705  0.007957  -0.036584  0.201526  0.902649  0.380280  -0.972023  0.232130  -0.035878  -0.120659  -0.362410  0.924175  -0.042655  -0.009189  0.043878  0.004318  0.146955  -0.300940  1.000000  
37.617524 0.044663  0.007957  -0.036541  0.202129  0.902607  0.380058  -0.971914  0.232631  -0.035578  -0.120526  -0.362192  0.924278  -0.043044  -0.008934  0.043388  -0.005344  0.158555  -0.318333  1.000000  
37.618528 0.044620  0.007956  -0.036502  0.202733  0.902612  0.379726  -0.971805  0.233128  -0.035307  -0.120394  -0.361861  0.924425  -0.043689  -0.008723  0.041631  -0.019213  0.171573  -0.338583  1.000000  
37.619528 0.044575  0.007954  -0.036465  0.203336  0.902615  0.379394  -0.971695  0.233625  -0.035037  -0.120261  -0.361531  0.924572  -0.044093  -0.008380  0.040406  -0.032168  0.189897  -0.360807  1.000000  
37.620530 0.044525  0.007949  -0.036433  0.203743  0.902723  0.378920  -0.971643  0.233885  -0.034752  -0.119995  -0.361094  0.924777  -0.044828  -0.007944  0.038364  -0.050988  0.203436  -0.370743  1.000000  
37.621778 0.044459  0.007941  -0.036395  0.204350  0.902874  0.378233  -0.971548  0.234323  -0.034446  -0.119729  -0.360432  0.925069  -0.045648  -0.007411  0.036954  -0.076183  0.221499  -0.392699  1.000000  
37.623025 0.044389  0.007930  -0.036355  0.204760  0.903082  0.377513  -0.971511  0.234529  -0.034098  -0.119331  -0.359777  0.925376  -0.046485  -0.006820  0.036360  -0.107224  0.238991  -0.400658  1.000000  
37.624275 0.044319  0.007922  -0.036310  0.205370  0.903241  0.376800  -0.971431  0.234921  -0.033672  -0.118932  -0.359120  0.925682  -0.047039  -0.005978  0.036795  -0.133350  0.258932  -0.414996  1.000000  
37.625522 0.044253  0.007915  -0.036254  0.205979  0.903446  0.375977  -0.971351  0.235309  -0.033276  -0.118534  -0.358351  0.926031  -0.047416  -0.005341  0.037969  -0.167098  0.274121  -0.419518  1.000000  
37.626523 0.044203  0.007913  -0.036202  0.206386  0.903596  0.375391  -0.971297  0.235568  -0.033022  -0.118268  -0.357801  0.926278  -0.047775  -0.004675  0.039478  -0.191413  0.289764  -0.432737  1.000000  
37.627523 0.044154  0.007912  -0.036145  0.206792  0.903792  0.374695  -0.971243  0.235822  -0.032796  -0.118002  -0.357138  0.926568  -0.048287  -0.004125  0.040839  -0.218313  0.302936  -0.442253  1.000000  
37.628779 0.044090  0.007911  -0.036077  0.207399  0.904029  0.373787  -0.971146  0.236255  -0.032552  -0.117737  -0.356250  0.926943  -0.048926  -0.003606  0.041933  -0.253369  0.316059  -0.451836  1.000000  
37.630027 0.044027  0.007913  -0.036022  0.208008  0.904230  0.372961  -0.971063  0.236647  -0.032158  -0.117338  -0.355480  0.927289  -0.049524  -0.003060  0.041934  -0.281200  0.330953  -0.453516  1.000000  
37.631273 0.043965  0.007917  -0.035981  0.208815  0.904417  0.372058  -0.970923  0.237267  -0.031838  -0.117072  -0.354591  0.927663  -0.050165  -0.002737  0.040913  -0.309699  0.341305  -0.459474  1.000000  
37.632522 0.043899  0.007918  -0.035946  0.209621  0.904556  0.371264  -0.970781  0.237893  -0.031491  -0.116807  -0.353815  0.927993  -0.050915  -0.002595  0.039658  -0.336506  0.354430  -0.469195  1.000000  
37.633773 0.043829  0.007912  -0.035909  0.210427  0.904695  0.370469  -0.970638  0.238518  -0.031145  -0.116541  -0.353038  0.928323  -0.052001  -0.002937  0.038959  -0.363237  0.367462  -0.478814  1.000000  
37.635029 0.043758  0.007900  -0.035864  0.211232  0.904878  0.369564  -0.970495  0.239141  -0.030830  -0.116275  -0.352148  0.928694  -0.052862  -0.003423  0.039076  -0.398929  0.374421  -0.481284  1.000000  
37.636275 0.043690  0.007885  -0.035812  0.212038  0.905014  0.368768  -0.970351  0.239769  -0.030486  -0.116009  -0.351370  0.929022  -0.053148  -0.003964  0.039861  -0.420212  0.380073  -0.471844  1.000000  
37.637281 0.043636  0.007873  -0.035765  0.212644  0.905154  0.368075  -0.970250  0.240214  -0.030190  -0.115743  -0.350705  0.929306  -0.052930  -0.004192  0.041122  -0.440636  0.384007  -0.470319  1.000000  
37.638526 0.043569  0.007857  -0.035703  0.213649  0.905239  0.367283  -0.970061  0.241028  -0.029773  -0.115478  -0.349926  0.929632  -0.052698  -0.004548  0.042412  -0.456318  0.390461  -0.475441  1.000000  
37.639776 0.043502  0.007841  -0.035636  0.214654  0.905366  0.366382  -0.969871  0.241840  -0.029387  -0.115212  -0.349035  0.930000  -0.052621  -0.005144  0.043557  -0.480048  0.396817  -0.480459  1.000000  
37.640777 0.043450  0.007830  -0.035583  0.215456  0.905488  0.365610  -0.969709  0.242515  -0.029170  -0.115079  -0.348251  0.930311  -0.052699  -0.005661  0.043795  -0.499650  0.403215  -0.485479  1.000000  
37.642022 0.043389  0.007820  -0.035520  0.216461  0.905656  0.364597  -0.969517  0.243325  -0.028816  -0.114813  -0.347246  0.930719  -0.052630  -0.006112  0.043614  -0.527555  0.409605  -0.490630  1.000000  
37.643028 0.043341  0.007817  -0.035475  0.217462  0.905725  0.363831  -0.969308  0.244188  -0.028527  -0.114680  -0.346461  0.931028  -0.052466  -0.006420  0.042579  -0.542229  0.418387  -0.502072  1.000000  
37.644273 0.043281  0.007813  -0.035424  0.218467  0.905934  0.362706  -0.969114  0.244995  -0.028206  -0.114414  -0.345342  0.931477  -0.052289  -0.006755  0.041930  -0.574236  0.424741  -0.507280  1.000000  
37.645522 0.043221  0.007810  -0.035370  0.219867  0.906029  0.361620  -0.968813  0.246222  -0.027861  -0.114281  -0.344217  0.931909  -0.052191  -0.007169  0.042422  -0.600391  0.431661  -0.526866  1.000000  
37.646773 0.043159  0.007803  -0.035309  0.221269  0.906132  0.360506  -0.968525  0.247405  -0.027396  -0.114016  -0.343097  0.932355  -0.052055  -0.007829  0.044130  -0.626616  0.442772  -0.544890  1.000000  
37.648023 0.043095  0.007790  -0.035238  0.222868  0.906170  0.359423  -0.968174  0.248819  -0.026983  -0.113883  -0.341971  0.932784  -0.051793  -0.008429  0.046212  -0.652033  0.452112  -0.570984  1.000000  
37.649023 0.043043  0.007778  -0.035177  0.223871  0.906283  0.358516  -0.967974  0.249637  -0.026612  -0.113617  -0.341076  0.933144  -0.051359  -0.008804  0.048460  -0.664582  0.459404  -0.584120  1.000000  
37.650273 0.042978  0.007761  -0.035098  0.225468  0.906315  0.357431  -0.967618  0.251053  -0.026204  -0.113484  -0.339949  0.933572  -0.051107  -0.009105  0.050479  -0.684918  0.470937  -0.616400  1.000000  
37.651273 0.042925  0.007746  -0.035036  0.226670  0.906328  0.356637  -0.967369  0.252062  -0.025734  -0.113218  -0.339167  0.933888  -0.051001  -0.009229  0.051703  -0.690809  0.477706  -0.635909  1.000000  
37.652274 0.042870  0.007731  -0.034980  0.227868  0.906372  0.355761  -0.967103  0.253113  -0.025417  -0.113085  -0.338265  0.934231  -0.051113  -0.009412  0.052325  -0.703879  0.482620  -0.663310  1.000000  
37.653277 0.042814  0.007717  -0.034930  0.229269  0.906372  0.354860  -0.966803  0.254307  -0.024908  -0.112819  -0.337369  0.934588  -0.051178  -0.009495  0.052390  -0.714078  0.493882  -0.702970  1.000000  
37.654277 0.042757  0.007704  -0.034885  0.230669  0.906369  0.353958  -0.966501  0.255501  -0.024401  -0.112553  -0.336472  0.934943  -0.051405  -0.009510  0.051861  -0.719278  0.498689  -0.730718  1.000000  
37.655524 0.042687  0.007691  -0.034833  0.232267  0.906397  0.352840  -0.966149  0.256877  -0.023887  -0.112287  -0.335348  0.935379  -0.051773  -0.009478  0.050901  -0.731144  0.508221  -0.771515  1.000000  
37.656775 0.042618  0.007682  -0.034780  0.233869  0.906432  0.351691  -0.965809  0.258211  -0.023254  -0.111889  -0.334228  0.935827  -0.052232  -0.009374  0.050116  -0.739711  0.523633  -0.802745  1.000000  
37.657777 0.042564  0.007678  -0.034733  0.235072  0.906527  0.350642  -0.965563  0.259175  -0.022737  -0.111490  -0.333221  0.936234  -0.052614  -0.009316  0.050179  -0.744935  0.536585  -0.827438  1.000000  
37.658777 0.042509  0.007671  -0.034680  0.236275  0.906578  0.349700  -0.965315  0.260144  -0.022192  -0.111091  -0.332328  0.936599  -0.053133  -0.009636  0.051080  -0.752154  0.549449  -0.843607  1.000000  
37.660022 0.042438  0.007662  -0.034606  0.237879  0.906656  0.348407  -0.964982  0.261435  -0.021478  -0.110559  -0.331098  0.937097  -0.053847  -0.009923  0.052365  -0.764981  0.564592  -0.874831  1.000000  
37.661025 0.042378  0.007655  -0.034544  0.239082  0.906787  0.347243  -0.964730  0.262401  -0.021000  -0.110160  -0.329975  0.937540  -0.054571  -0.010277  0.053528  -0.778117  0.577187  -0.893955  1.000000  
37.662272 0.042301  0.007643  -0.034466  0.240489  0.906965  0.345802  -0.964456  0.263464  -0.020275  -0.109495  -0.328635  0.938089  -0.055509  -0.010364  0.054378  -0.796711  0.595988  -0.909498  1.000000  
37.663276 0.042236  0.007634  -0.034405  0.241698  0.907111  0.344574  -0.964229  0.264347  -0.019560  -0.108830  -0.327521  0.938555  -0.056438  -0.010182  0.054440  -0.811051  0.614775  -0.924753  1.000000  
37.664525 0.042153  0.007624  -0.034333  0.243109  0.907336  0.342987  -0.963964  0.265370  -0.018751  -0.108032  -0.326069  0.939153  -0.057717  -0.009747  0.053992  -0.833808  0.637663  -0.938867  1.000000  
37.665773 0.042069  0.007615  -0.034264  0.244526  0.907578  0.341336  -0.963725  0.266311  -0.017702  -0.106968  -0.324625  0.939775  -0.058894  -0.009218  0.053490  -0.853092  0.665957  -0.948695  1.000000  
37.667023 0.041983  0.007608  -0.034199  0.246141  0.907760  0.339684  -0.963431  0.267443  -0.016587  -0.105903  -0.323180  0.940393  -0.060080  -0.008454  0.052947  -0.875018  0.703494  -0.964699  1.000000  
37.668276 0.041898  0.007605  -0.034137  0.247561  0.908046  0.337885  -0.963198  0.268348  -0.015456  -0.104706  -0.321623  0.941061  -0.061091  -0.007495  0.052917  -0.902695  0.735625  -0.971004  1.000000  
37.669279 0.041829  0.007602  -0.034083  0.248577  0.908294  0.336468  -0.963037  0.268972  -0.014614  -0.103774  -0.320399  0.941581  -0.061923  -0.006644  0.053678  -0.918642  0.762128  -0.969026  1.000000  
37.670534 0.041745  0.007602  -0.034011  0.249797  0.908587  0.334769  -0.962850  0.269699  -0.013526  -0.102577  -0.318954  0.942203  -0.062916  -0.005841  0.054947  -0.939075  0.792839  -0.965950  1.000000  
37.671778 0.041662  0.007604  -0.033934  0.251215  0.908821  0.333069  -0.962607  0.270617  -0.012373  -0.101379  -0.317507  0.942821  -0.063883  -0.005196  0.056527  -0.954806  0.825896  -0.969604  1.000000  
37.673025 0.041580  0.007605  -0.033854  0.252637  0.909102  0.331223  -0.962375  0.271497  -0.011133  -0.100048  -0.315948  0.943487  -0.064809  -0.004738  0.057853  -0.974813  0.860450  -0.962429  1.000000  
37.674273 0.041496  0.007604  -0.033775  0.254057  0.909338  0.329483  -0.962138  0.272383  -0.009865  -0.098716  -0.314502  0.944110  -0.065746  -0.004239  0.058407  -0.987907  0.900060  -0.959859  1.000000  
37.675522 0.041410  0.007601  -0.033702  0.255679  0.909565  0.327598  -0.961858  0.273419  -0.008444  -0.097251  -0.312943  0.944780  -0.066701  -0.003754  0.058178  -1.002756  0.940227  -0.957786  1.000000  
37.676522 0.041338  0.007597  -0.033651  0.256893  0.909788  0.326023  -0.961641  0.274208  -0.007461  -0.096186  -0.311600  0.945332  -0.067324  -0.003549  0.057418  -1.020891  0.970091  -0.951810  1.000000  
37.677772 0.041247  0.007592  -0.033592  0.258510  0.909996  0.324161  -0.961340  0.275294  -0.006170  -0.094854  -0.310034  0.945982  -0.068132  -0.003135  0.056219  -1.038090  1.006975  -0.940043  1.000000  
37.678773 0.041174  0.007588  -0.033546  0.259928  0.910177  0.322515  -0.961089  0.276197  -0.004883  -0.093522  -0.308696  0.946552  -0.068673  -0.002745  0.055246  -1.052497  1.042277  -0.939676  1.000000  
37.680027 0.041085  0.007584  -0.033485  0.261747  0.910378  0.320468  -0.960749  0.277400  -0.003324  -0.091924  -0.307019  0.947254  -0.068979  -0.002334  0.054650  -1.074478  1.091799  -0.934563  1.000000  
37.681272 0.040998  0.007583  -0.033416  0.263566  0.910574  0.318415  -0.960403  0.278608  -0.001770  -0.090325  -0.305340  0.947950  -0.069083  -0.001924  0.054876  -1.097096  1.130519  -0.933425  1.000000  
37.682273 0.040930  0.007584  -0.033354  0.265179  0.910685  0.316754  -0.960084  0.279713  -0.000430  -0.088992  -0.303997  0.948507  -0.069101  -0.001550  0.055627  -1.112846  1.171872  -0.934901  1.000000  
37.683523 0.040847  0.007587  -0.033272  0.266995  0.910870  0.314690  -0.959727  0.280932  0.001113  -0.087393  -0.302313  0.949194  -0.068930  -0.001134  0.056728  -1.136757  1.216725  -0.925585  1.000000  
37.684780 0.040764  0.007591  -0.033190  0.269011  0.911040  0.312473  -0.959320  0.282306  0.002803  -0.085660  -0.300516  0.949922  -0.068763  -0.000761  0.057666  -1.161203  1.263749  -0.917857  1.000000  
37.685781 0.040698  0.007595  -0.033126  0.270819  0.911153  0.310575  -0.958930  0.283614  0.004123  -0.084327  -0.298937  0.950540  -0.068684  -0.000570  0.058034  -1.184563  1.303160  -0.927714  1.000000  
37.687028 0.040614  0.007600  -0.033049  0.273030  0.911251  0.308344  -0.958453  0.285189  0.005863  -0.082593  -0.297135  0.951257  -0.068814  -0.000305  0.057848  -1.204226  1.350798  -0.935269  1.000000  
37.688276 0.040529  0.007603  -0.032974  0.275436  0.911282  0.306104  -0.957913  0.286958  0.007658  -0.080860  -0.295330  0.951967  -0.068978  -0.000138  0.057468  -1.227698  1.396680  -0.951069  1.000000  
37.689523 0.040442  0.007604  -0.032903  0.277840  0.911305  0.303854  -0.957363  0.288734  0.009445  -0.079126  -0.293523  0.952672  -0.069148  0.000082  0.057077  -1.246429  1.444547  -0.973596  1.000000  
37.690524 0.040373  0.007603  -0.032848  0.279643  0.911356  0.302042  -0.956947  0.290062  0.010774  -0.077792  -0.292051  0.953234  -0.069114  0.000234  0.056984  -1.262310  1.480049  -0.985695  1.000000  
37.691774 0.040284  0.007601  -0.032779  0.282047  0.911411  0.299631  -0.956392  0.291814  0.012631  -0.075925  -0.290127  0.953972  -0.069013  0.000463  0.057454  -1.281445  1.524888  -1.001729  1.000000  
37.692779 0.040210  0.007598  -0.032722  0.283853  0.911472  0.297734  -0.955983  0.293079  0.014192  -0.074323  -0.288657  0.954543  -0.069004  0.000463  0.058175  -1.289371  1.559888  -1.014061  1.000000  
37.694022 0.040119  0.007594  -0.032646  0.286256  0.911487  0.295380  -0.955420  0.294807  0.016191  -0.072322  -0.286846  0.955243  -0.069019  0.000573  0.059442  -1.301073  1.600433  -1.033513  1.000000  
37.695022 0.040047  0.007591  -0.032582  0.288253  0.911428  0.293613  -0.954929  0.296304  0.017714  -0.070854  -0.285486  0.955760  -0.069208  0.000464  0.060178  -1.307652  1.635039  -1.060105  1.000000  
37.696022 0.039975  0.007589  -0.032516  0.290054  0.911508  0.291586  -0.954501  0.297587  0.019221  -0.069252  -0.283894  0.956352  -0.069395  0.000368  0.060982  -1.319849  1.665320  -1.074165  1.000000  
37.697031 0.039903  0.007588  -0.032452  0.292051  0.911484  0.289659  -0.954007  0.299060  0.020818  -0.067650  -0.282417  0.956903  -0.069586  0.000268  0.061146  -1.330831  1.696199  -1.101242  1.000000  
37.698272 0.039813  0.007588  -0.032374  0.294444  0.911458  0.287310  -0.953402  0.300850  0.022662  -0.065781  -0.280594  0.957570  -0.070005  0.000118  0.060949  -1.339143  1.723183  -1.125133  1.000000  
37.699272 0.039741  0.007589  -0.032315  0.296434  0.911411  0.285407  -0.952885  0.302370  0.024123  -0.064313  -0.279111  0.958103  -0.070412  0.000016  0.060501  -1.346379  1.749065  -1.155162  1.000000  
37.700272 0.039667  0.007591  -0.032261  0.298233  0.911442  0.283427  -0.952440  0.303636  0.025763  -0.062577  -0.277630  0.958648  -0.070954  -0.000121  0.059774  -1.358373  1.781204  -1.175851  1.000000  
37.701522 0.039572  0.007591  -0.032193  0.300622  0.911438  0.280904  -0.951818  0.305413  0.027668  -0.060574  -0.275687  0.959337  -0.071755  -0.000439  0.059055  -1.369771  1.816790  -1.210614  1.000000  
37.702529 0.039495  0.007589  -0.032137  0.302610  0.911383  0.278943  -0.951288  0.306913  0.029231  -0.058971  -0.274200  0.959863  -0.072423  -0.000830  0.058738  -1.377648  1.844285  -1.240720  1.000000  
37.703780 0.039398  0.007586  -0.032062  0.304799  0.911392  0.276519  -0.950712  0.308513  0.031098  -0.056967  -0.272369  0.960505  -0.073187  -0.001191  0.058988  -1.391028  1.869600  -1.257247  1.000000  
37.705026 0.039299  0.007582  -0.031980  0.307183  0.911340  0.274041  -0.950070  0.310274  0.033136  -0.054830  -0.270537  0.961147  -0.073965  -0.001460  0.059768  -1.403752  1.903498  -1.285955  1.000000  
37.706272 0.039199  0.007576  -0.031893  0.309565  0.911279  0.271552  -0.949417  0.312043  0.035163  -0.052692  -0.268702  0.961781  -0.074706  -0.001690  0.060918  -1.409118  1.930879  -1.309769  1.000000  
37.707276 0.039118  0.007572  -0.031821  0.311352  0.911238  0.269639  -0.948928  0.313340  0.036800  -0.050955  -0.267326  0.962258  -0.075321  -0.001813  0.062078  -1.414010  1.956342  -1.325765  1.000000  
37.708523 0.039015  0.007566  -0.031733  0.313538  0.911281  0.266949  -0.948334  0.314873  0.038962  -0.048550  -0.265373  0.962923  -0.076088  -0.001977  0.063059  -1.425032  1.983909  -1.335451  1.000000  
37.709773 0.038913  0.007562  -0.031647  0.315916  0.911217  0.264351  -0.947665  0.316597  0.041207  -0.046144  -0.263534  0.963546  -0.076854  -0.001976  0.063407  -1.431619  2.013595  -1.351801  1.000000  
37.710776 0.038832  0.007559  -0.031582  0.317696  0.911189  0.262304  -0.947152  0.317918  0.042785  -0.044407  -0.262034  0.964036  -0.077493  -0.001971  0.063323  -1.436743  2.026314  -1.355271  1.000000  
37.712024 0.038730  0.007559  -0.031503  0.319875  0.911154  0.259765  -0.946534  0.319433  0.045119  -0.041867  -0.260309  0.964617  -0.078266  -0.001914  0.063259  -1.440756  2.057749  -1.365812  1.000000  
37.713029 0.038648  0.007559  -0.031445  0.321655  0.911105  0.257731  -0.946018  0.320694  0.046967  -0.039861  -0.258926  0.965074  -0.078974  -0.001937  0.062939  -1.442756  2.080889  -1.375680  1.000000  
37.714272 0.038547  0.007559  -0.031368  0.323828  0.911056  0.255172  -0.945380  0.322224  0.049285  -0.037321  -0.257194  0.965639  -0.079595  -0.002018  0.063113  -1.441556  2.106103  -1.376803  1.000000  
37.715272 0.038466  0.007558  -0.031306  0.325601  0.910953  0.253276  -0.944842  0.323525  0.051036  -0.035449  -0.255923  0.966047  -0.080118  -0.002226  0.063837  -1.436693  2.121513  -1.375234  1.000000  
37.716522 0.038365  0.007554  -0.031222  0.327963  0.910822  0.250686  -0.944117  0.325257  0.053390  -0.032909  -0.254187  0.966595  -0.080543  -0.002478  0.064928  -1.436220  2.150911  -1.377420  1.000000  
37.717523 0.038284  0.007550  -0.031152  0.329731  0.910708  0.248775  -0.943564  0.326568  0.055128  -0.031036  -0.252912  0.966991  -0.080747  -0.002649  0.065702  -1.431373  2.161867  -1.377077  1.000000  
37.718528 0.038204  0.007544  -0.031079  0.331499  0.910599  0.246814  -0.943009  0.327853  0.056983  -0.029030  -0.251637  0.967386  -0.080933  -0.002834  0.066640  -1.427515  2.180379  -1.369741  1.000000  
37.719529 0.038124  0.007538  -0.031005  0.333266  0.910468  0.244913  -0.942449  0.329103  0.058993  -0.026890  -0.250479  0.967749  -0.080957  -0.003002  0.067247  -1.418136  2.203740  -1.365156  1.000000  
37.720530 0.038044  0.007532  -0.030933  0.335419  0.910236  0.242826  -0.941747  0.330709  0.061180  -0.024616  -0.249202  0.968139  -0.081013  -0.003182  0.067510  -1.409318  2.229839  -1.368205  1.000000  
37.721776 0.037945  0.007524  -0.030844  0.337959  0.909982  0.240241  -0.940905  0.332625  0.063703  -0.021941  -0.247573  0.968621  -0.080888  -0.003393  0.067502  -1.404881  2.257151  -1.378562  1.000000  
37.723025 0.037845  0.007517  -0.030761  0.340497  0.909753  0.237510  -0.940056  0.334457  0.066581  -0.018864  -0.245943  0.969101  -0.080727  -0.003437  0.067113  -1.401137  2.293287  -1.386750  1.000000  
37.724025 0.037768  0.007512  -0.030693  0.342639  0.909500  0.235389  -0.939321  0.336083  0.068741  -0.016590  -0.244660  0.969467  -0.080412  -0.003414  0.066933  -1.396372  2.314686  -1.390862  1.000000  
37.725026 0.037691  0.007510  -0.030627  0.344778  0.909240  0.233260  -0.938575  0.337714  0.070893  -0.014316  -0.243374  0.969827  -0.080056  -0.003407  0.066920  -1.391547  2.340486  -1.393887  1.000000  
37.726272 0.037598  0.007508  -0.030541  0.347494  0.908866  0.230675  -0.937612  0.339808  0.073585  -0.011506  -0.241854  0.970245  -0.079444  -0.003441  0.067357  -1.383729  2.368157  -1.404698  1.000000  
37.727523 0.037505  0.007507  -0.030450  0.350398  0.908422  0.228013  -0.936562  0.342068  0.076432  -0.008563  -0.240330  0.970653  -0.078846  -0.003532  0.068429  -1.371393  2.405784  -1.419834  1.000000  
37.728774 0.037413  0.007505  -0.030353  0.353296  0.907952  0.225400  -0.935495  0.344295  0.079430  -0.005486  -0.238922  0.971023  -0.078181  -0.003633  0.069951  -1.359213  2.447740  -1.433564  1.000000  
37.730029 0.037321  0.007503  -0.030252  0.356380  0.907400  0.222751  -0.934338  0.346718  0.082459  -0.002408  -0.237512  0.971382  -0.077609  -0.003711  0.071440  -1.347014  2.482425  -1.456255  1.000000  
37.731273 0.037226  0.007498  -0.030153  0.359649  0.906765  0.220067  -0.933087  0.349334  0.085519  0.000669  -0.236098  0.971729  -0.077191  -0.003801  0.072480  -1.331087  2.524079  -1.485346  1.000000  
37.732273 0.037151  0.007493  -0.030076  0.362335  0.906211  0.217935  -0.932042  0.351483  0.088072  0.003211  -0.235036  0.971981  -0.076976  -0.003883  0.072853  -1.322856  2.557546  -1.511331  1.000000  
37.733559 0.037056  0.007487  -0.029982  0.365589  0.905528  0.215324  -0.930755  0.354101  0.091146  0.006288  -0.233736  0.972280  -0.076337  -0.003759  0.072903  -1.300952  2.599922  -1.541480  1.000000  
37.734773 0.036960  0.007481  -0.029891  0.369027  0.904722  0.212831  -0.929373  0.356929  0.094170  0.009232  -0.232551  0.972540  -0.076257  -0.003716  0.073098  -1.283131  2.631688  -1.577113  1.000000  
37.735778 0.036884  0.007476  -0.029820  0.371505  0.904165  0.210879  -0.928360  0.358952  0.096445  0.011506  -0.231601  0.972743  -0.075953  -0.003564  0.073019  -1.270759  2.651895  -1.595672  1.000000  
37.736779 0.036806  0.007471  -0.029747  0.374167  0.903550  0.208798  -0.927255  0.361107  0.098995  0.014048  -0.230650  0.972935  -0.075805  -0.003478  0.073182  -1.253338  2.689394  -1.629403  1.000000  
37.737783 0.036728  0.007467  -0.029673  0.376632  0.903002  0.206725  -0.926214  0.363079  0.101492  0.016590  -0.229697  0.973121  -0.075709  -0.003400  0.073683  -1.237309  2.715628  -1.653955  1.000000  
37.739028 0.036631  0.007463  -0.029578  0.379658  0.902341  0.204059  -0.924912  0.365468  0.104741  0.019935  -0.228502  0.973339  -0.075688  -0.003318  0.074523  -1.219115  2.752469  -1.684377  1.000000  
37.740273 0.036535  0.007461  -0.029477  0.382864  0.901582  0.201410  -0.923508  0.368008  0.108180  0.023413  -0.227422  0.973515  -0.075843  -0.003285  0.075664  -1.192911  2.799692  -1.719457  1.000000  
37.741273 0.036456  0.007460  -0.029394  0.385308  0.900998  0.199351  -0.922419  0.369952  0.110808  0.026088  -0.226581  0.973643  -0.076112  -0.003246  0.076536  -1.177706  2.828948  -1.736311  1.000000  
37.742523 0.036357  0.007460  -0.029287  0.388688  0.900154  0.196581  -0.920899  0.372729  0.114095  0.029431  -0.225379  0.973827  -0.076530  -0.003146  0.077523  -1.164106  2.864397  -1.781247  1.000000  
37.743772 0.036256  0.007459  -0.029179  0.392057  0.899275  0.193898  -0.919357  0.375497  0.117409  0.032775  -0.224292  0.973971  -0.077172  -0.003109  0.078260  -1.146566  2.899444  -1.825866  1.000000  
37.744775 0.036173  0.007458  -0.029095  0.394478  0.898678  0.191740  -0.918216  0.377426  0.120121  0.035583  -0.223444  0.974067  -0.077859  -0.003040  0.078479  -1.135962  2.934455  -1.848273  1.000000  
37.746023 0.036067  0.007457  -0.028991  0.397826  0.897744  0.189182  -0.916629  0.380145  0.123616  0.039059  -0.222587  0.974130  -0.078622  -0.002783  0.078813  -1.111048  2.972587  -1.885119  1.000000  
37.747025 0.035980  0.007456  -0.028907  0.400609  0.896953  0.187049  -0.915292  0.382435  0.126429  0.041867  -0.221853  0.974181  -0.079389  -0.002529  0.079225  -1.096795  3.010988  -1.921007  1.000000  
37.748272 0.035870  0.007454  -0.028802  0.403744  0.896124  0.184261  -0.913734  0.384938  0.130047  0.045610  -0.220872  0.974236  -0.080330  -0.002259  0.079949  -1.083454  3.054855  -1.954928  1.000000  
37.749272 0.035781  0.007453  -0.028714  0.406132  0.895466  0.182203  -0.912524  0.386822  0.132925  0.048550  -0.220250  0.974234  -0.081221  -0.002057  0.080862  -1.066351  3.084551  -1.972055  1.000000  
37.750273 0.035692  0.007452  -0.028624  0.408327  0.894892  0.180104  -0.911390  0.388567  0.135590  0.051356  -0.219510  0.974258  -0.081969  -0.001737  0.082144  -1.056626  3.106704  -1.982590  1.000000  
37.751273 0.035603  0.007451  -0.028530  0.410886  0.894154  0.177937  -0.910061  0.390613  0.138604  0.054429  -0.218884  0.974232  -0.082785  -0.001459  0.083587  -1.035990  3.137396  -2.006387  1.000000  
37.752277 0.035514  0.007451  -0.028433  0.413248  0.893470  0.175891  -0.908801  0.392460  0.141618  0.057502  -0.218373  0.974170  -0.083552  -0.001131  0.085208  -1.015814  3.163663  -2.018117  1.000000  
37.753278 0.035424  0.007453  -0.028334  0.415794  0.892708  0.173746  -0.907448  0.394537  0.144492  0.060440  -0.217744  0.974133  -0.084378  -0.000779  0.086736  -0.994640  3.187769  -2.035967  1.000000  
37.754525 0.035311  0.007454  -0.028212  0.418873  0.891756  0.171221  -0.905784  0.397035  0.148052  0.064046  -0.217105  0.974045  -0.085569  -0.000486  0.088508  -0.971785  3.213164  -2.054936  1.000000  
37.755775 0.035197  0.007457  -0.028092  0.421940  0.890795  0.168674  -0.904096  0.399535  0.151597  0.067650  -0.216462  0.973944  -0.086610  -0.000269  0.089665  -0.944461  3.242575  -2.078705  1.000000  
37.756781 0.035106  0.007458  -0.027996  0.424271  0.890075  0.166617  -0.902780  0.401416  0.154447  0.070587  -0.215946  0.973851  -0.087512  -0.000099  0.090436  -0.927273  3.263598  -2.082466  1.000000  
37.758021 0.034989  0.007459  -0.027876  0.427497  0.889007  0.164048  -0.900956  0.404057  0.158163  0.074323  -0.215415  0.973690  -0.088574  -0.000038  0.091104  -0.905586  3.283919  -2.099156  1.000000  
37.759022 0.034895  0.007459  -0.027780  0.430172  0.888113  0.161887  -0.899412  0.406236  0.161342  0.077525  -0.215008  0.973530  -0.089458  0.000012  0.091977  -0.884926  3.316606  -2.110669  1.000000  
37.760022 0.034800  0.007459  -0.027683  0.432842  0.887200  0.159764  -0.897860  0.408440  0.164390  0.080593  -0.214601  0.973371  -0.090174  0.000059  0.092797  -0.870095  3.336823  -2.126386  1.000000  
37.761023 0.034705  0.007457  -0.027582  0.435323  0.886352  0.157716  -0.896391  0.410488  0.167278  0.083527  -0.214195  0.973213  -0.090843  0.000039  0.094034  -0.848249  3.352961  -2.127234  1.000000  
37.762273 0.034585  0.007455  -0.027451  0.438500  0.885235  0.155168  -0.894485  0.413112  0.170984  0.087259  -0.213772  0.972979  -0.091494  -0.000000  0.095730  -0.827004  3.368669  -2.129316  1.000000  
37.763273 0.034488  0.007453  -0.027342  0.441145  0.884252  0.153263  -0.892892  0.415300  0.173980  0.090191  -0.213598  0.972749  -0.092149  -0.000021  0.097534  -0.802140  3.391979  -2.139412  1.000000  
37.764524 0.034368  0.007450  -0.027201  0.444853  0.882830  0.150726  -0.890679  0.418472  0.177682  0.093789  -0.213291  0.972477  -0.092775  -0.000162  0.099558  -0.778915  3.412511  -2.153906  1.000000  
37.765773 0.034247  0.007448  -0.027058  0.448349  0.881508  0.148079  -0.888509  0.421409  0.181567  0.097651  -0.212975  0.972166  -0.093425  -0.000215  0.101277  -0.759701  3.446233  -2.172947  1.000000  
37.766773 0.034150  0.007448  -0.026943  0.451317  0.880325  0.146086  -0.886662  0.423908  0.184750  0.100713  -0.212910  0.971867  -0.093954  -0.000253  0.102621  -0.736699  3.467135  -2.190353  1.000000  
37.768023 0.034027  0.007447  -0.026802  0.454788  0.878954  0.143553  -0.884455  0.426842  0.188536  0.104440  -0.212710  0.971518  -0.094645  -0.000390  0.103823  -0.712076  3.488748  -2.214735  1.000000  
37.769028 0.033929  0.007446  -0.026690  0.457731  0.877756  0.141516  -0.882568  0.429335  0.191691  0.107500  -0.212640  0.971199  -0.095175  -0.000573  0.104715  -0.689859  3.506180  -2.239412  1.000000  
37.770275 0.033805  0.007443  -0.026548  0.461352  0.876261  0.138997  -0.880218  0.432420  0.195523  0.111224  -0.212553  0.970799  -0.095941  -0.000882  0.106236  -0.663005  3.521752  -2.269166  1.000000  
37.771277 0.033705  0.007441  -0.026435  0.463746  0.875260  0.137327  -0.878618  0.434417  0.198272  0.113883  -0.212606  0.970479  -0.096480  -0.001121  0.107406  -0.638379  3.520492  -2.269706  1.000000  
37.772525 0.033576  0.007437  -0.026290  0.467344  0.873735  0.134819  -0.876236  0.437519  0.201957  0.117471  -0.212516  0.970071  -0.097387  -0.001465  0.109195  -0.614209  3.534071  -2.295987  1.000000  
37.773773 0.033446  0.007432  -0.026142  0.470743  0.872258  0.132536  -0.873925  0.440388  0.205702  0.121058  -0.212660  0.969598  -0.098226  -0.001826  0.111065  -0.581032  3.544980  -2.308398  1.000000  
37.774773 0.033341  0.007427  -0.026020  0.473806  0.870904  0.130516  -0.871858  0.443042  0.208752  0.123979  -0.212700  0.969220  -0.098890  -0.002113  0.112435  -0.560026  3.553164  -2.337584  1.000000  
37.776022 0.033207  0.007419  -0.025868  0.477361  0.869320  0.128095  -0.869418  0.446128  0.212324  0.127430  -0.212724  0.968767  -0.099861  -0.002498  0.114255  -0.540046  3.556389  -2.357932  1.000000  
37.777023 0.033098  0.007413  -0.025745  0.480217  0.868026  0.126181  -0.867410  0.448568  0.215374  0.130349  -0.212877  0.968345  -0.100858  -0.002844  0.115657  -0.517818  3.563229  -2.370613  1.000000  
37.778272 0.032961  0.007405  -0.025592  0.484094  0.866224  0.123725  -0.864726  0.451974  0.219017  0.133798  -0.213013  0.967845  -0.101803  -0.003203  0.116698  -0.491526  3.565495  -2.417895  1.000000  
37.779273 0.032851  0.007399  -0.025469  0.487304  0.864687  0.121867  -0.862527  0.454834  0.221752  0.136316  -0.213174  0.967458  -0.102893  -0.003437  0.117471  -0.471366  3.560197  -2.461065  1.000000  
37.780523 0.032711  0.007393  -0.025318  0.490791  0.863036  0.119554  -0.859995  0.457842  0.225365  0.139762  -0.213423  0.966911  -0.104082  -0.003767  0.117941  -0.449348  3.562788  -2.495424  1.000000  
37.781523 0.032598  0.007388  -0.025198  0.493776  0.861590  0.117676  -0.857827  0.460434  0.228329  0.142544  -0.213689  0.966446  -0.105179  -0.004068  0.118321  -0.429235  3.555437  -2.525012  1.000000  
37.782772 0.032456  0.007382  -0.025048  0.497404  0.859814  0.115368  -0.855148  0.463577  0.231990  0.145986  -0.214049  0.965852  -0.106400  -0.004309  0.118848  -0.410054  3.556731  -2.559432  1.000000  
37.783773 0.032340  0.007377  -0.024925  0.500370  0.858338  0.113512  -0.852958  0.466180  0.234814  0.148633  -0.214315  0.965390  -0.107640  -0.004616  0.119605  -0.389605  3.557711  -2.586545  1.000000  
37.784786 0.032223  0.007371  -0.024802  0.503313  0.856871  0.111572  -0.850736  0.468753  0.237738  0.151411  -0.214575  0.964900  -0.108844  -0.004910  0.120266  -0.372247  3.561460  -2.625236  1.000000  
37.785787 0.032105  0.007365  -0.024676  0.506242  0.855384  0.109717  -0.848496  0.471291  0.240706  0.154187  -0.214950  0.964377  -0.110100  -0.005244  0.121155  -0.352574  3.558206  -2.652842  1.000000  
37.787030 0.031955  0.007356  -0.024515  0.509996  0.853434  0.107495  -0.845661  0.474597  0.244162  0.157359  -0.215425  0.963758  -0.111663  -0.005513  0.122276  -0.332242  3.554434  -2.694996  1.000000  
37.788030 0.031833  0.007349  -0.024386  0.512905  0.851918  0.105663  -0.843403  0.477144  0.246993  0.160002  -0.215800  0.963239  -0.112920  -0.005763  0.122991  -0.311895  3.545296  -2.716787  1.000000  
37.789280 0.031680  0.007339  -0.024225  0.516437  0.850063  0.103372  -0.840610  0.480231  0.250505  0.163302  -0.216266  0.962581  -0.114344  -0.006062  0.123732  -0.290387  3.527840  -2.740223  1.000000  
37.790525 0.031525  0.007330  -0.024067  0.519936  0.848203  0.101089  -0.837775  0.483252  0.254167  0.166734  -0.216840  0.961863  -0.115843  -0.006169  0.124157  -0.269719  3.526146  -2.767609  1.000000  
37.791774 0.031370  0.007322  -0.023911  0.523438  0.846303  0.098912  -0.834953  0.486312  0.257592  0.169899  -0.217421  0.961178  -0.116999  -0.006175  0.124370  -0.252802  3.517773  -2.793749  1.000000  
37.792775 0.031246  0.007317  -0.023786  0.526443  0.844662  0.096973  -0.832493  0.488944  0.260556  0.172667  -0.217897  0.960576  -0.118115  -0.006112  0.124477  -0.234144  3.519376  -2.819596  1.000000  
