1-Time 2-Px 3-Py 4-Pz 5-R11 6-R21 7-R31 8-R12 9-R22 10-R32 11-R13 12-R23 13-R33 14-Vx 15-Vy 16-Vz 17-Wx 18-Wy 19-Wz 20-state
176.987627 0.017255  -0.020380  -0.049770  0.339182  0.720454  0.604898  -0.886508  0.459928  -0.050701  -0.314738  -0.519050  0.794687  -0.000062  -0.001530  0.001249  0.000000  0.000000  0.000000  1.000000  
176.988822 0.017254  -0.020383  -0.049761  0.339182  0.720454  0.604898  -0.886508  0.459928  -0.050701  -0.314738  -0.519050  0.794687  -0.000318  -0.002763  0.008632  0.000000  0.000000  0.000000  1.000000  
176.990067 0.017256  -0.020390  -0.049702  0.339380  0.720384  0.604871  -0.886477  0.460011  -0.050478  -0.314611  -0.519073  0.794722  0.000567  -0.004327  0.030035  0.000000  0.000000  0.000000  1.000000  
176.991314 0.017256  -0.020396  -0.049631  0.339380  0.720457  0.604783  -0.886477  0.460005  -0.050533  -0.314611  -0.518977  0.794785  0.000483  -0.004503  0.039682  0.000000  0.000000  0.000000  1.000000  
176.992314 0.017254  -0.020396  -0.049590  0.339395  0.720482  0.604745  -0.886516  0.459940  -0.050434  -0.314484  -0.519000  0.794820  -0.000115  -0.003633  0.040020  0.000000  0.000000  0.000000  1.000000  
176.993566 0.017249  -0.020389  -0.049559  0.339577  0.720461  0.604668  -0.886447  0.460083  -0.050365  -0.314484  -0.518903  0.794883  -0.000880  -0.001637  0.036779  0.000000  0.000000  0.000000  1.000000  
176.994576 0.017239  -0.020381  -0.049541  0.339577  0.720461  0.604668  -0.886447  0.460083  -0.050365  -0.314484  -0.518903  0.794883  -0.002286  -0.000119  0.033930  0.000000  0.000000  0.000000  1.000000  
176.995579 0.017225  -0.020371  -0.049524  0.339592  0.720485  0.604630  -0.886486  0.460018  -0.050266  -0.314357  -0.518926  0.794919  -0.003791  0.001124  0.031738  0.000000  0.000000  0.000000  1.000000  
176.996820 0.017206  -0.020361  -0.049503  0.339410  0.720580  0.604620  -0.886556  0.459869  -0.050390  -0.314357  -0.518926  0.794919  -0.005422  0.002115  0.029695  0.000000  0.000000  0.000000  1.000000  
176.998068 0.017193  -0.020353  -0.049470  0.339425  0.720605  0.604582  -0.886595  0.459805  -0.050291  -0.314230  -0.518949  0.794954  -0.006015  0.002633  0.029260  0.000000  0.000000  0.000000  1.000000  
176.999314 0.017182  -0.020349  -0.049425  0.339425  0.720532  0.604669  -0.886595  0.459811  -0.050235  -0.314230  -0.519046  0.794891  -0.006348  0.002706  0.030008  0.000000  0.000000  0.000000  1.000000  
177.000316 0.017171  -0.020345  -0.049386  0.339425  0.720385  0.604844  -0.886595  0.459823  -0.050124  -0.314230  -0.519239  0.794765  -0.006676  0.002757  0.030747  0.000000  0.000000  0.000000  1.000000  
177.001564 0.017153  -0.020341  -0.049334  0.339227  0.720308  0.605047  -0.886626  0.459752  -0.050236  -0.314357  -0.519408  0.794604  -0.007415  0.002854  0.031739  0.000000  0.000000  0.000000  1.000000  
177.002565 0.017136  -0.020337  -0.049287  0.338862  0.720350  0.605201  -0.886765  0.459467  -0.050374  -0.314357  -0.519601  0.794478  -0.008011  0.002896  0.032738  0.000000  0.000000  0.000000  1.000000  
177.003814 0.017117  -0.020336  -0.049215  0.338665  0.720126  0.605578  -0.886796  0.459408  -0.050375  -0.314484  -0.519963  0.794190  -0.009174  0.003085  0.036407  0.000000  0.000000  0.000000  1.000000  
177.004814 0.017103  -0.020335  -0.049155  0.338665  0.719979  0.605752  -0.886796  0.459420  -0.050263  -0.314484  -0.520156  0.794064  -0.010159  0.003524  0.037505  0.000000  0.000000  0.000000  1.000000  
177.006064 0.017091  -0.020329  -0.049085  0.338665  0.719833  0.605927  -0.886796  0.459433  -0.050152  -0.314484  -0.520349  0.793938  -0.011047  0.004338  0.037252  0.000000  0.000000  0.000000  1.000000  
177.007068 0.017082  -0.020319  -0.049042  0.338665  0.719685  0.606102  -0.886796  0.459445  -0.050040  -0.314484  -0.520541  0.793812  -0.011576  0.005156  0.037145  0.000000  0.000000  0.000000  1.000000  
177.008070 0.017068  -0.020305  -0.049008  0.338497  0.719731  0.606141  -0.886905  0.459238  -0.050010  -0.314357  -0.520661  0.793784  -0.012363  0.005809  0.037653  0.000000  0.000000  0.000000  1.000000  
177.009314 0.017043  -0.020287  -0.048968  0.338497  0.719658  0.606228  -0.886905  0.459244  -0.049955  -0.314357  -0.520757  0.793720  -0.013308  0.006378  0.038872  0.000000  0.000000  0.000000  1.000000  
177.010564 0.017014  -0.020270  -0.048916  0.338665  0.719465  0.606363  -0.886796  0.459463  -0.049873  -0.314484  -0.520830  0.793622  -0.014083  0.006754  0.040568  0.000000  0.000000  0.000000  1.000000  
177.011571 0.016996  -0.020258  -0.048858  0.338680  0.719490  0.606326  -0.886835  0.459398  -0.049774  -0.314357  -0.520853  0.793657  -0.014218  0.006968  0.043733  0.000000  0.000000  0.000000  1.000000  
177.012816 0.016981  -0.020244  -0.048764  0.338877  0.719494  0.606211  -0.886804  0.459475  -0.049606  -0.314230  -0.520780  0.793756  -0.014283  0.007318  0.047547  0.000000  0.000000  0.000000  1.000000  
177.013818 0.016971  -0.020236  -0.048677  0.339060  0.719399  0.606221  -0.886735  0.459623  -0.049481  -0.314230  -0.520780  0.793756  -0.014484  0.007719  0.051389  0.000000  0.000000  0.000000  1.000000  
177.015066 0.016954  -0.020224  -0.048568  0.339272  0.719428  0.606068  -0.886743  0.459635  -0.049213  -0.313976  -0.520730  0.793889  -0.014658  0.008108  0.055203  0.000000  0.000000  0.000000  1.000000  
177.016074 0.016938  -0.020214  -0.048492  0.339470  0.719358  0.606040  -0.886713  0.459718  -0.048990  -0.313848  -0.520753  0.793924  -0.014806  0.008630  0.057734  0.000000  0.000000  0.000000  1.000000  
177.017078 0.016920  -0.020198  -0.048432  0.339667  0.719362  0.605925  -0.886682  0.459795  -0.048821  -0.313721  -0.520680  0.794022  -0.014927  0.009520  0.058706  0.000000  0.000000  0.000000  1.000000  
177.018315 0.016895  -0.020176  -0.048373  0.340047  0.719271  0.605820  -0.886581  0.460020  -0.048528  -0.313594  -0.520606  0.794121  -0.015283  0.010889  0.058122  0.000000  0.000000  0.000000  1.000000  
177.019564 0.016869  -0.020154  -0.048319  0.340245  0.719274  0.605704  -0.886550  0.460098  -0.048360  -0.313467  -0.520533  0.794219  -0.015776  0.012089  0.056719  0.000000  0.000000  0.000000  1.000000  
177.020818 0.016848  -0.020136  -0.048256  0.340443  0.719278  0.605589  -0.886519  0.460175  -0.048192  -0.313340  -0.520460  0.794317  -0.016468  0.013108  0.056175  0.000000  0.000000  0.000000  1.000000  
177.022067 0.016831  -0.020120  -0.048187  0.340823  0.719114  0.605570  -0.886418  0.460406  -0.047844  -0.313213  -0.520483  0.794352  -0.016739  0.013295  0.057024  0.000000  0.000000  0.000000  1.000000  
177.023314 0.016809  -0.020106  -0.048112  0.341035  0.719142  0.605417  -0.886426  0.460418  -0.047576  -0.312959  -0.520432  0.794485  -0.016979  0.013036  0.059781  0.000000  0.000000  0.000000  1.000000  
177.024317 0.016788  -0.020096  -0.048050  0.341233  0.719146  0.605301  -0.886395  0.460495  -0.047408  -0.312832  -0.520359  0.794584  -0.016908  0.012661  0.061652  0.000000  0.000000  0.000000  1.000000  
177.025565 0.016756  -0.020085  -0.047967  0.341628  0.719080  0.605157  -0.886333  0.460656  -0.047017  -0.312578  -0.520308  0.794717  -0.017126  0.012325  0.063466  0.000000  0.000000  0.000000  1.000000  
177.026816 0.016726  -0.020074  -0.047878  0.342023  0.719014  0.605012  -0.886270  0.460816  -0.046625  -0.312324  -0.520257  0.794850  -0.017762  0.012086  0.064218  0.000000  0.000000  0.000000  1.000000  
177.028071 0.016700  -0.020061  -0.047790  0.342433  0.719119  0.604655  -0.886246  0.460901  -0.046246  -0.311942  -0.520037  0.795144  -0.018686  0.012156  0.063144  0.000000  0.000000  0.000000  1.000000  
177.029071 0.016683  -0.020048  -0.047722  0.342828  0.719199  0.604335  -0.886183  0.461050  -0.045966  -0.311688  -0.519793  0.795403  -0.019079  0.012478  0.061693  0.000000  0.000000  0.000000  1.000000  
177.030083 0.016666  -0.020033  -0.047657  0.343223  0.719353  0.603929  -0.886119  0.461195  -0.045743  -0.311434  -0.519453  0.795725  -0.019248  0.012827  0.060318  0.000000  0.000000  0.000000  1.000000  
177.031318 0.016643  -0.020009  -0.047585  0.343633  0.719604  0.603395  -0.886094  0.461269  -0.045476  -0.311052  -0.519038  0.796144  -0.019365  0.013367  0.059278  0.000000  0.000000  0.000000  1.000000  
177.032565 0.016615  -0.019982  -0.047522  0.344225  0.719834  0.602784  -0.885998  0.461486  -0.045141  -0.310671  -0.518527  0.796626  -0.019668  0.013854  0.058970  0.000000  0.000000  0.000000  1.000000  
177.033571 0.016592  -0.019960  -0.047465  0.344635  0.720084  0.602250  -0.885973  0.461561  -0.044875  -0.310289  -0.518111  0.797045  -0.019826  0.014038  0.060090  -0.045221  0.231999  -0.084060  1.000000  
177.034814 0.016565  -0.019935  -0.047381  0.345060  0.720506  0.601502  -0.885985  0.461562  -0.044622  -0.309780  -0.517525  0.797624  -0.019953  0.014388  0.061982  -0.077013  0.252173  -0.084644  1.000000  
177.035815 0.016549  -0.019919  -0.047300  0.345455  0.720731  0.601006  -0.885920  0.461702  -0.044455  -0.309526  -0.517086  0.798007  -0.019945  0.014490  0.063763  -0.101905  0.268983  -0.091510  1.000000  
177.037064 0.016531  -0.019902  -0.047187  0.345865  0.721126  0.600295  -0.885894  0.461768  -0.044301  -0.309144  -0.516476  0.798550  -0.019958  0.014501  0.066682  -0.133228  0.285092  -0.094481  1.000000  
177.038066 0.016516  -0.019890  -0.047095  0.346077  0.721445  0.599789  -0.885899  0.461761  -0.044259  -0.308890  -0.516036  0.798933  -0.019903  0.014634  0.068944  -0.153264  0.295941  -0.103064  1.000000  
177.039066 0.016496  -0.019878  -0.047010  0.346472  0.721742  0.599205  -0.885834  0.461898  -0.044149  -0.308635  -0.515499  0.799378  -0.019846  0.014747  0.070361  -0.178781  0.313050  -0.110128  1.000000  
177.040073 0.016474  -0.019863  -0.046939  0.346882  0.721990  0.598668  -0.885806  0.461976  -0.043883  -0.308253  -0.515081  0.799794  -0.019581  0.015173  0.070717  -0.194849  0.335199  -0.111431  1.000000  
177.041314 0.016444  -0.019844  -0.046865  0.347292  0.722383  0.597956  -0.885779  0.462043  -0.043730  -0.307872  -0.514469  0.800335  -0.019565  0.015628  0.069855  -0.223618  0.343590  -0.111313  1.000000  
177.042314 0.016423  -0.019827  -0.046813  0.347687  0.722678  0.597370  -0.885712  0.462181  -0.043621  -0.307617  -0.513931  0.800779  -0.019453  0.016120  0.068673  -0.241744  0.354589  -0.112086  1.000000  
177.043315 0.016405  -0.019810  -0.046758  0.347914  0.723021  0.596823  -0.885755  0.462111  -0.043479  -0.307235  -0.513512  0.801194  -0.019384  0.016522  0.067698  -0.259870  0.365551  -0.112818  1.000000  
177.044567 0.016387  -0.019789  -0.046675  0.348324  0.723412  0.596109  -0.885727  0.462181  -0.043327  -0.306853  -0.512898  0.801734  -0.019204  0.016726  0.067536  -0.286593  0.372327  -0.111516  1.000000  
177.045571 0.016373  -0.019775  -0.046599  0.348718  0.723706  0.595521  -0.885660  0.462319  -0.043218  -0.306598  -0.512358  0.802176  -0.019050  0.016601  0.068644  -0.308886  0.379545  -0.114716  1.000000  
177.046822 0.016355  -0.019758  -0.046491  0.349128  0.724168  0.594719  -0.885630  0.462384  -0.043122  -0.306216  -0.511646  0.802777  -0.018437  0.015919  0.071615  -0.335511  0.390802  -0.115641  1.000000  
177.048075 0.016336  -0.019740  -0.046381  0.349705  0.724509  0.593963  -0.885491  0.462663  -0.043004  -0.305961  -0.510910  0.803342  -0.017729  0.015234  0.074537  -0.361778  0.397883  -0.118895  1.000000  
177.049317 0.016318  -0.019719  -0.046270  0.350115  0.724970  0.593159  -0.885461  0.462729  -0.042908  -0.305579  -0.510196  0.803941  -0.017102  0.014918  0.076557  -0.388346  0.409054  -0.119819  1.000000  
177.050322 0.016304  -0.019701  -0.046180  0.350510  0.725405  0.592394  -0.885393  0.462859  -0.042913  -0.305324  -0.509460  0.804505  -0.016866  0.014979  0.077342  -0.418815  0.416283  -0.123111  1.000000  
177.051564 0.016289  -0.019677  -0.046068  0.351101  0.725912  0.591421  -0.885290  0.463065  -0.042809  -0.304942  -0.508549  0.805226  -0.016724  0.015420  0.077406  -0.447667  0.427420  -0.128568  1.000000  
177.052593 0.016277  -0.019658  -0.045979  0.351693  0.726347  0.590536  -0.885186  0.463277  -0.042649  -0.304560  -0.507735  0.805884  -0.016507  0.015858  0.077066  -0.479391  0.445194  -0.136014  1.000000  
177.053814 0.016261  -0.019631  -0.045874  0.352285  0.726923  0.589473  -0.885083  0.463480  -0.042602  -0.304178  -0.506724  0.806664  -0.016045  0.016658  0.077092  -0.518319  0.452881  -0.136013  1.000000  
177.054818 0.016245  -0.019608  -0.045796  0.352680  0.727497  0.588528  -0.885013  0.463602  -0.042721  -0.303923  -0.505788  0.807347  -0.015477  0.017322  0.077494  -0.557256  0.460100  -0.143011  1.000000  
177.056072 0.016225  -0.019578  -0.045700  0.353271  0.728141  0.587375  -0.884908  0.463801  -0.042732  -0.303540  -0.504677  0.808186  -0.014816  0.018031  0.078962  -0.595967  0.463495  -0.148971  1.000000  
177.057314 0.016207  -0.019549  -0.045598  0.353863  0.728855  0.586133  -0.884803  0.463996  -0.042800  -0.303158  -0.503467  0.809084  -0.014414  0.018523  0.081045  -0.637681  0.466918  -0.151296  1.000000  
177.058314 0.016191  -0.019528  -0.045506  0.354258  0.729353  0.585274  -0.884733  0.464124  -0.042864  -0.302903  -0.502626  0.809702  -0.014262  0.018760  0.083459  -0.660060  0.470426  -0.157201  1.000000  
177.059315 0.016178  -0.019511  -0.045403  0.354667  0.729876  0.584374  -0.884699  0.464190  -0.042828  -0.302520  -0.501806  0.810353  -0.014134  0.018853  0.086264  -0.684340  0.474021  -0.155159  1.000000  
177.060565 0.016163  -0.019492  -0.045269  0.355274  0.730468  0.583265  -0.884630  0.464335  -0.042684  -0.302010  -0.500809  0.811160  -0.013954  0.018898  0.088735  -0.709315  0.481809  -0.151000  1.000000  
177.061571 0.016152  -0.019475  -0.045165  0.355668  0.730963  0.582404  -0.884559  0.464465  -0.042750  -0.301755  -0.499965  0.811775  -0.013764  0.019170  0.089938  -0.726968  0.481489  -0.155011  1.000000  
177.062818 0.016135  -0.019453  -0.045050  0.356274  0.731552  0.581292  -0.884489  0.464612  -0.042607  -0.301245  -0.498966  0.812579  -0.013681  0.019475  0.090267  -0.747370  0.484681  -0.157358  1.000000  
177.064076 0.016114  -0.019427  -0.044950  0.356699  0.732235  0.580170  -0.884491  0.464609  -0.042584  -0.300734  -0.497966  0.813381  -0.013801  0.019817  0.089479  -0.767928  0.484917  -0.153671  1.000000  
177.065317 0.016092  -0.019398  -0.044859  0.357123  0.732987  0.578958  -0.884493  0.464602  -0.042618  -0.300224  -0.496865  0.814242  -0.014141  0.020228  0.088115  -0.788756  0.484923  -0.154334  1.000000  
177.066564 0.016071  -0.019369  -0.044762  0.357745  0.733596  0.577802  -0.884459  0.464690  -0.042375  -0.299585  -0.495883  0.815076  -0.014558  0.020561  0.086935  -0.803189  0.499749  -0.153335  1.000000  
177.067567 0.016055  -0.019348  -0.044675  0.357987  0.734300  0.576757  -0.884534  0.464544  -0.042416  -0.299075  -0.494977  0.815814  -0.014802  0.020714  0.087076  -0.825767  0.499896  -0.145848  1.000000  
177.068814 0.016036  -0.019322  -0.044553  0.358426  0.735142  0.575411  -0.884571  0.464473  -0.042405  -0.298436  -0.493793  0.816764  -0.014959  0.020649  0.088426  -0.850557  0.511282  -0.139382  1.000000  
177.070065 0.016016  -0.019295  -0.044423  0.358865  0.735911  0.574152  -0.884608  0.464409  -0.042337  -0.297798  -0.492707  0.817653  -0.014999  0.020435  0.090514  -0.872159  0.514592  -0.134109  1.000000  
177.071315 0.015994  -0.019267  -0.044293  0.359319  0.736842  0.572672  -0.884682  0.464274  -0.042281  -0.297031  -0.491440  0.818693  -0.015187  0.020257  0.092823  -0.899803  0.530049  -0.128857  1.000000  
177.072316 0.015974  -0.019243  -0.044189  0.359758  0.737677  0.571321  -0.884718  0.464207  -0.042270  -0.296392  -0.490251  0.819638  -0.015466  0.020396  0.094062  -0.932578  0.537562  -0.124749  1.000000  
177.073565 0.015949  -0.019210  -0.044060  0.360227  0.738765  0.569616  -0.884826  0.464004  -0.042224  -0.295498  -0.488801  0.820826  -0.016051  0.021028  0.094978  -0.969647  0.552805  -0.116130  1.000000  
177.074814 0.015927  -0.019175  -0.043934  0.360711  0.739875  0.567867  -0.884970  0.463743  -0.042076  -0.294475  -0.487368  0.822044  -0.016480  0.021945  0.094133  -1.002398  0.570956  -0.101945  1.000000  
177.076067 0.015904  -0.019141  -0.043812  0.361376  0.740955  0.566033  -0.885039  0.463631  -0.041867  -0.293452  -0.485832  0.823319  -0.016938  0.022857  0.093592  -1.040979  0.593243  -0.096757  1.000000  
177.077314 0.015882  -0.019105  -0.043697  0.361844  0.742169  0.564139  -0.885144  0.463424  -0.041932  -0.292557  -0.484172  0.824614  -0.017311  0.023853  0.093126  -1.081721  0.608381  -0.088456  1.000000  
177.078329 0.015863  -0.019076  -0.043607  0.362312  0.743107  0.562603  -0.885248  0.463240  -0.041771  -0.291661  -0.482909  0.825671  -0.017613  0.024488  0.093596  -1.117078  0.628894  -0.072700  1.000000  
177.079567 0.015837  -0.019041  -0.043494  0.362977  0.744107  0.560850  -0.885312  0.463141  -0.041505  -0.290637  -0.481462  0.826876  -0.017935  0.024877  0.094619  -1.144169  0.651664  -0.067718  1.000000  
177.080568 0.015813  -0.019016  -0.043400  0.363430  0.744946  0.559441  -0.885378  0.463025  -0.041390  -0.289869  -0.480275  0.827836  -0.018300  0.025101  0.096341  -1.164662  0.666939  -0.059275  1.000000  
177.081817 0.015786  -0.018987  -0.043271  0.364109  0.745963  0.557641  -0.885476  0.462871  -0.041021  -0.288716  -0.478842  0.829068  -0.018800  0.025207  0.098287  -1.187561  0.686662  -0.040854  1.000000  
177.083068 0.015761  -0.018960  -0.043133  0.364788  0.746977  0.555837  -0.885572  0.462721  -0.040651  -0.287563  -0.477405  0.830297  -0.019180  0.025247  0.099636  -1.208106  0.709681  -0.028148  1.000000  
177.084069 0.015742  -0.018938  -0.043020  0.365270  0.747856  0.554336  -0.885705  0.462493  -0.040330  -0.286537  -0.476247  0.831315  -0.019455  0.025329  0.100409  -1.221916  0.730926  -0.020716  1.000000  
177.085316 0.015717  -0.018909  -0.042887  0.365766  0.749025  0.552427  -0.885873  0.462188  -0.040129  -0.285383  -0.474703  0.832594  -0.019680  0.025506  0.100584  -1.247528  0.748824  0.000544  1.000000  
177.086564 0.015690  -0.018875  -0.042765  0.366459  0.750186  0.550390  -0.885999  0.461978  -0.039767  -0.284101  -0.473072  0.833960  -0.019862  0.025786  0.100009  -1.267843  0.776702  0.011806  1.000000  
177.087564 0.015668  -0.018845  -0.042676  0.366940  0.751189  0.548699  -0.886129  0.461748  -0.039556  -0.283074  -0.471703  0.835084  -0.020030  0.026122  0.099091  -1.293024  0.799254  0.027707  1.000000  
177.088565 0.015644  -0.018814  -0.042587  0.367420  0.752189  0.547005  -0.886257  0.461520  -0.039344  -0.282048  -0.470331  0.836204  -0.020368  0.026376  0.098114  -1.316281  0.820318  0.037935  1.000000  
177.089814 0.015617  -0.018775  -0.042470  0.368126  0.753559  0.544639  -0.886412  0.461247  -0.039044  -0.280635  -0.468402  0.837761  -0.020647  0.026691  0.097584  -1.354907  0.849907  0.054422  1.000000  
177.091065 0.015592  -0.018736  -0.042342  0.368832  0.754857  0.542360  -0.886565  0.460983  -0.038688  -0.279222  -0.466568  0.839255  -0.020807  0.027003  0.098019  -1.390574  0.877135  0.064821  1.000000  
177.092066 0.015574  -0.018705  -0.042230  0.369523  0.755863  0.540486  -0.886681  0.460800  -0.038210  -0.277937  -0.465119  0.840485  -0.020926  0.027090  0.099431  -1.417150  0.907519  0.073470  1.000000  
177.093317 0.015549  -0.018667  -0.042085  0.370410  0.757120  0.538113  -0.886753  0.460695  -0.037797  -0.276523  -0.463173  0.842025  -0.020964  0.027301  0.101486  -1.451888  0.937988  0.081555  1.000000  
177.094567 0.015521  -0.018630  -0.041938  0.371129  0.758554  0.535592  -0.886933  0.460378  -0.037446  -0.274980  -0.461137  0.843646  -0.020967  0.027440  0.103955  -1.494764  0.972368  0.091742  1.000000  
177.095571 0.015497  -0.018601  -0.041823  0.371818  0.759675  0.533521  -0.887042  0.460198  -0.037079  -0.273693  -0.459469  0.844973  -0.021046  0.027696  0.105253  -1.533917  1.007231  0.098395  1.000000  
177.096820 0.015468  -0.018565  -0.041682  0.372536  0.761096  0.530990  -0.887216  0.459890  -0.036726  -0.272149  -0.457421  0.846582  -0.021245  0.028231  0.105900  -1.574055  1.038699  0.106160  1.000000  
177.098070 0.015440  -0.018529  -0.041547  0.373449  0.762503  0.528323  -0.887344  0.459684  -0.036213  -0.270474  -0.455280  0.848271  -0.021481  0.028892  0.105635  -1.610537  1.076275  0.110009  1.000000  
177.099317 0.015414  -0.018492  -0.041416  0.374348  0.763814  0.525787  -0.887435  0.459544  -0.035750  -0.268928  -0.453219  0.849865  -0.021590  0.029487  0.105046  -1.643953  1.110622  0.111606  1.000000  
177.100325 0.015393  -0.018463  -0.041313  0.374853  0.764879  0.523876  -0.887611  0.459232  -0.035377  -0.267639  -0.451737  0.851060  -0.021614  0.029780  0.104835  -1.672451  1.130106  0.120844  1.000000  
177.101564 0.015365  -0.018427  -0.041189  0.375568  0.766208  0.521415  -0.887774  0.458949  -0.034963  -0.266092  -0.449768  0.852587  -0.021701  0.029924  0.105036  -1.696175  1.157681  0.125733  1.000000  
177.102565 0.015340  -0.018398  -0.041089  0.376255  0.767169  0.519503  -0.887869  0.458802  -0.034481  -0.264802  -0.448277  0.853772  -0.021799  0.029771  0.106047  -1.706820  1.180767  0.128773  1.000000  
177.103814 0.015309  -0.018364  -0.040960  0.376983  0.768572  0.516895  -0.888059  0.458469  -0.034017  -0.263124  -0.446210  0.855373  -0.021972  0.029475  0.107219  -1.726018  1.208060  0.133166  1.000000  
177.104816 0.015285  -0.018338  -0.040850  0.377486  0.769743  0.514782  -0.888227  0.458163  -0.033751  -0.261833  -0.444503  0.856657  -0.022120  0.029086  0.108170  -1.750718  1.219974  0.137357  1.000000  
177.106064 0.015257  -0.018306  -0.040704  0.378226  0.771217  0.512024  -0.888444  0.457781  -0.033233  -0.260025  -0.442335  0.858328  -0.022329  0.028643  0.109201  -1.771556  1.244859  0.144838  1.000000  
177.107064 0.015235  -0.018281  -0.040584  0.378924  0.772491  0.509583  -0.888561  0.457576  -0.032921  -0.258604  -0.440321  0.859791  -0.022551  0.028289  0.109731  -1.797198  1.274619  0.145755  1.000000  
177.108066 0.015213  -0.018255  -0.040465  0.379439  0.773728  0.507318  -0.888754  0.457224  -0.032601  -0.257182  -0.438511  0.861142  -0.022785  0.027930  0.109868  -1.819173  1.287852  0.155031  1.000000  
177.109314 0.015182  -0.018221  -0.040325  0.380177  0.775301  0.504355  -0.888961  0.456851  -0.032189  -0.255371  -0.436114  0.862896  -0.022999  0.027745  0.109494  -1.850512  1.315136  0.158565  1.000000  
177.110314 0.015157  -0.018192  -0.040221  0.380703  0.776609  0.501940  -0.889180  0.456450  -0.031815  -0.253818  -0.434203  0.864317  -0.023109  0.027757  0.108716  -1.881119  1.331893  0.172184  1.000000  
177.111320 0.015130  -0.018164  -0.040119  0.381230  0.777910  0.499520  -0.889397  0.456054  -0.031439  -0.252265  -0.432286  0.865731  -0.023259  0.027705  0.107823  -1.913582  1.359187  0.179033  1.000000  
177.112568 0.015100  -0.018127  -0.039989  0.381991  0.779502  0.496447  -0.889655  0.455592  -0.030809  -0.250193  -0.429898  0.867520  -0.023422  0.027697  0.107397  -1.951120  1.387542  0.190305  1.000000  
177.113570 0.015077  -0.018100  -0.039879  0.382515  0.780848  0.493922  -0.889866  0.455203  -0.030484  -0.248638  -0.427864  0.868972  -0.023553  0.027571  0.107647  -1.984320  1.403867  0.195730  1.000000  
177.114817 0.015050  -0.018067  -0.039733  0.383065  0.782410  0.491015  -0.890134  0.454702  -0.030109  -0.246823  -0.425536  0.870631  -0.023684  0.027360  0.108933  -2.015673  1.417384  0.206377  1.000000  
177.116066 0.015020  -0.018038  -0.039578  0.383823  0.783973  0.487921  -0.890381  0.454261  -0.029471  -0.244748  -0.423123  0.872390  -0.023770  0.026886  0.110706  -2.043151  1.448991  0.211224  1.000000  
177.117067 0.014996  -0.018015  -0.039454  0.384332  0.785154  0.485616  -0.890553  0.453946  -0.029138  -0.243321  -0.421268  0.873687  -0.023733  0.026416  0.112583  -2.063959  1.461319  0.214409  1.000000  
177.118315 0.014966  -0.017988  -0.039302  0.384892  0.786769  0.482548  -0.890841  0.453408  -0.028703  -0.241374  -0.418826  0.875399  -0.023701  0.025955  0.114212  -2.090121  1.474692  0.229253  1.000000  
177.119565 0.014935  -0.017961  -0.039159  0.385672  0.788405  0.479244  -0.891134  0.452882  -0.027898  -0.239036  -0.416311  0.877238  -0.023742  0.025533  0.114648  -2.112572  1.507779  0.236634  1.000000  
177.120815 0.014905  -0.017936  -0.039019  0.386254  0.790042  0.476069  -0.891471  0.452257  -0.027240  -0.236827  -0.413880  0.878986  -0.023852  0.025070  0.114204  -2.135637  1.529507  0.250567  1.000000  
177.122066 0.014875  -0.017912  -0.038883  0.387030  0.791655  0.472748  -0.891753  0.451749  -0.026429  -0.234486  -0.411346  0.880801  -0.024028  0.024555  0.113320  -2.158428  1.551134  0.264149  1.000000  
177.123314 0.014845  -0.017889  -0.038750  0.387671  0.793378  0.469322  -0.892223  0.450890  -0.025223  -0.231624  -0.408962  0.882667  -0.024084  0.023912  0.112475  -2.180013  1.588098  0.290062  1.000000  
177.124315 0.014821  -0.017871  -0.038644  0.388406  0.794618  0.466607  -0.892408  0.450566  -0.024456  -0.229671  -0.406905  0.884126  -0.024015  0.023254  0.112188  -2.195033  1.614320  0.294180  1.000000  
177.125564 0.014791  -0.017850  -0.038510  0.389018  0.796332  0.463163  -0.892808  0.449823  -0.023513  -0.227065  -0.404369  0.885961  -0.023907  0.022275  0.112568  -2.212006  1.638928  0.313161  1.000000  
177.126817 0.014760  -0.017830  -0.038370  0.389811  0.797941  0.459715  -0.893121  0.449254  -0.022470  -0.224459  -0.401822  0.887782  -0.023881  0.021336  0.113297  -2.228895  1.671757  0.323983  1.000000  
177.128074 0.014731  -0.017810  -0.038221  0.390430  0.799706  0.456108  -0.893535  0.448480  -0.021463  -0.221720  -0.399169  0.889666  -0.023847  0.020069  0.114220  -2.253224  1.701886  0.350812  1.000000  
177.129320 0.014703  -0.017793  -0.038067  0.391241  0.801387  0.452449  -0.893888  0.447833  -0.020248  -0.218848  -0.396516  0.891561  -0.023860  0.019012  0.114929  -2.274589  1.743476  0.365253  1.000000  
177.130568 0.014676  -0.017775  -0.037911  0.392062  0.803074  0.448731  -0.894259  0.447150  -0.018920  -0.215844  -0.393864  0.893466  -0.023766  0.018183  0.115170  -2.301520  1.782574  0.382859  1.000000  
177.131819 0.014648  -0.017758  -0.037761  0.392868  0.804726  0.445052  -0.894594  0.446529  -0.017696  -0.212969  -0.391189  0.895330  -0.023637  0.017459  0.114834  -2.331239  1.823966  0.399782  1.000000  
177.133070 0.014618  -0.017740  -0.037618  0.393682  0.806384  0.441315  -0.894947  0.445872  -0.016359  -0.209962  -0.388513  0.897203  -0.023547  0.016787  0.114146  -2.356476  1.865656  0.413574  1.000000  
177.134314 0.014589  -0.017722  -0.037482  0.394505  0.807996  0.437617  -0.895316  0.445183  -0.014853  -0.206821  -0.385946  0.899039  -0.023473  0.016189  0.113704  -2.370210  1.912088  0.429054  1.000000  
177.135315 0.014565  -0.017710  -0.037372  0.395073  0.809351  0.434590  -0.895607  0.444630  -0.013878  -0.204464  -0.383739  0.900521  -0.023438  0.015693  0.113568  -2.387294  1.941679  0.437634  1.000000  
177.136564 0.014536  -0.017696  -0.037230  0.395901  0.811114  0.430530  -0.895983  0.443914  -0.012415  -0.201189  -0.380833  0.902491  -0.023439  0.015022  0.113796  -2.408930  1.983561  0.454611  1.000000  
177.137564 0.014512  -0.017688  -0.037112  0.396681  0.812416  0.427345  -0.896252  0.443409  -0.011013  -0.198435  -0.378640  0.904022  -0.023455  0.014309  0.114492  -2.416295  2.028058  0.462065  1.000000  
177.138564 0.014489  -0.017681  -0.036989  0.397274  0.813800  0.424150  -0.896595  0.442746  -0.009695  -0.195681  -0.376439  0.905540  -0.023423  0.013447  0.115744  -2.425274  2.069837  0.475371  1.000000  
177.139814 0.014457  -0.017674  -0.036838  0.398102  0.815387  0.420308  -0.896966  0.442028  -0.007947  -0.192268  -0.373838  0.907347  -0.023462  0.012506  0.116887  -2.430612  2.125816  0.488833  1.000000  
177.141067 0.014426  -0.017667  -0.036688  0.398946  0.817000  0.416357  -0.897372  0.441235  -0.005972  -0.188590  -0.371245  0.909182  -0.023426  0.011550  0.117867  -2.434496  2.177604  0.502070  1.000000  
177.142314 0.014394  -0.017660  -0.036543  0.399764  0.818558  0.412494  -0.897719  0.440548  -0.004214  -0.185173  -0.368619  0.910951  -0.023574  0.010778  0.117936  -2.439620  2.219843  0.513347  1.000000  
177.143314 0.014368  -0.017655  -0.036429  0.400529  0.819803  0.409267  -0.897944  0.440101  -0.002795  -0.182411  -0.366379  0.912410  -0.023763  0.010137  0.117553  -2.443316  2.260841  0.517647  1.000000  
177.144567 0.014338  -0.017647  -0.036289  0.401330  0.821363  0.405336  -0.898248  0.439487  -0.001195  -0.179121  -0.363613  0.914167  -0.024020  0.009430  0.116281  -2.456535  2.314247  0.528470  1.000000  
177.145571 0.014312  -0.017640  -0.036178  0.402108  0.822575  0.402093  -0.898499  0.438975  0.000506  -0.176093  -0.361484  0.915599  -0.024252  0.008974  0.115402  -2.459497  2.363028  0.536069  1.000000  
177.146821 0.014280  -0.017631  -0.036038  0.403124  0.824096  0.397941  -0.898784  0.438383  0.002644  -0.172272  -0.358729  0.917407  -0.024507  0.008400  0.114726  -2.471908  2.425545  0.547510  1.000000  
177.148069 0.014247  -0.017622  -0.035898  0.403959  0.825757  0.393628  -0.899159  0.437597  0.004764  -0.168316  -0.355858  0.919258  -0.024741  0.007854  0.114692  -2.483987  2.491971  0.559955  1.000000  
177.149317 0.014213  -0.017616  -0.035752  0.404974  0.827310  0.389301  -0.899435  0.437000  0.006970  -0.164358  -0.352973  0.921084  -0.025107  0.007035  0.115346  -2.492409  2.546410  0.566551  1.000000  
177.150320 0.014185  -0.017610  -0.035630  0.405921  0.828476  0.385819  -0.899557  0.436717  0.008656  -0.161322  -0.350580  0.922534  -0.025409  0.006546  0.116168  -2.502701  2.590211  0.562958  1.000000  
177.151564 0.014149  -0.017605  -0.035471  0.406925  0.829996  0.381469  -0.899806  0.436156  0.010868  -0.157359  -0.347670  0.924318  -0.025837  0.006040  0.117245  -2.509346  2.641962  0.565797  1.000000  
177.152565 0.014120  -0.017601  -0.035341  0.407687  0.831199  0.378020  -0.900010  0.435686  0.012645  -0.154187  -0.345377  0.925711  -0.026185  0.005798  0.117957  -2.518228  2.684982  0.563326  1.000000  
177.153814 0.014085  -0.017594  -0.035180  0.408689  0.832661  0.373697  -0.900248  0.435117  0.015029  -0.150088  -0.342562  0.927429  -0.026509  0.005724  0.118555  -2.523099  2.735668  0.567125  1.000000  
177.155067 0.014049  -0.017587  -0.035024  0.409499  0.834195  0.369365  -0.900555  0.434397  0.017340  -0.145986  -0.339734  0.929123  -0.026871  0.005710  0.118799  -2.532394  2.782713  0.576842  1.000000  
177.156314 0.014012  -0.017579  -0.034875  0.410488  0.835577  0.365118  -0.900760  0.433865  0.019784  -0.141881  -0.337005  0.930751  -0.027147  0.005795  0.118947  -2.530872  2.828712  0.576700  1.000000  
177.157314 0.013983  -0.017573  -0.034758  0.411231  0.836726  0.361633  -0.900917  0.433456  0.021572  -0.138702  -0.334672  0.932071  -0.027402  0.005802  0.119025  -2.534994  2.865859  0.576177  1.000000  
177.158314 0.013953  -0.017567  -0.034639  0.411986  0.837857  0.358138  -0.901096  0.432975  0.023642  -0.135256  -0.332457  0.933369  -0.027703  0.005842  0.119455  -2.531614  2.903481  0.575525  1.000000  
177.159315 0.013924  -0.017562  -0.034519  0.412735  0.838978  0.354635  -0.901264  0.432508  0.025715  -0.131808  -0.330233  0.934651  -0.028055  0.005736  0.120017  -2.527944  2.944939  0.576272  1.000000  
177.160317 0.013895  -0.017557  -0.034396  0.413295  0.840218  0.351028  -0.901505  0.431884  0.027665  -0.128359  -0.327888  0.935956  -0.028250  0.005629  0.120675  -2.530534  2.977067  0.587507  1.000000  
177.161318 0.013867  -0.017553  -0.034267  0.414043  0.841333  0.347458  -0.901665  0.431403  0.029856  -0.124776  -0.325652  0.937220  -0.028460  0.005461  0.121957  -2.526869  3.018472  0.587816  1.000000  
177.162567 0.013830  -0.017547  -0.034105  0.415004  0.842689  0.342997  -0.901801  0.430937  0.032377  -0.120526  -0.322752  0.938778  -0.028745  0.005194  0.123468  -2.532517  3.064837  0.581746  1.000000  
177.163570 0.013800  -0.017543  -0.033974  0.415549  0.843848  0.339469  -0.902005  0.430353  0.034389  -0.117072  -0.320493  0.939988  -0.028911  0.005082  0.124550  -2.529543  3.091317  0.589031  1.000000  
177.164817 0.013761  -0.017540  -0.033809  0.416510  0.845206  0.334881  -0.902137  0.429848  0.037144  -0.112553  -0.317580  0.941528  -0.029229  0.004859  0.125536  -2.532365  3.144276  0.591990  1.000000  
177.166065 0.013722  -0.017535  -0.033647  0.417278  0.846634  0.330289  -0.902335  0.429191  0.039835  -0.108032  -0.314653  0.943039  -0.029420  0.004790  0.125937  -2.528779  3.185601  0.594726  1.000000  
177.167066 0.013691  -0.017531  -0.033517  0.417822  0.847804  0.326577  -0.902537  0.428540  0.042200  -0.104174  -0.312380  0.944228  -0.029547  0.004780  0.126051  -2.528072  3.223606  0.601047  1.000000  
177.168071 0.013661  -0.017527  -0.033386  0.418547  0.848875  0.322848  -0.902638  0.428079  0.044636  -0.100314  -0.310097  0.945398  -0.029750  0.004742  0.125935  -2.521380  3.258514  0.604605  1.000000  
177.169314 0.013622  -0.017520  -0.033222  0.419478  0.850125  0.318318  -0.902698  0.427650  0.047455  -0.095787  -0.307252  0.946795  -0.029922  0.004783  0.126328  -2.521172  3.293059  0.597491  1.000000  
177.170314 0.013591  -0.017515  -0.033089  0.420184  0.851074  0.314832  -0.902758  0.427248  0.049883  -0.092057  -0.305177  0.947836  -0.030115  0.004688  0.127090  -2.519028  3.319697  0.598626  1.000000  
177.171314 0.013558  -0.017509  -0.032953  0.420884  0.852013  0.311337  -0.902804  0.426858  0.052313  -0.088326  -0.303094  0.948859  -0.030313  0.004606  0.128346  -2.513793  3.353511  0.595757  1.000000  
177.172564 0.013516  -0.017504  -0.032777  0.421802  0.853176  0.306877  -0.902832  0.426400  0.055470  -0.083527  -0.300455  0.950131  -0.030590  0.004518  0.130258  -2.502950  3.404320  0.595327  1.000000  
177.173565 0.013482  -0.017500  -0.032631  0.422499  0.854125  0.303258  -0.902868  0.425970  0.058133  -0.079526  -0.298363  0.951134  -0.030916  0.004352  0.132166  -2.491081  3.438555  0.597345  1.000000  
177.174815 0.013440  -0.017496  -0.032446  0.423400  0.855221  0.298880  -0.902856  0.425544  0.061344  -0.074724  -0.295818  0.952317  -0.031336  0.004192  0.134429  -2.480636  3.484956  0.595286  1.000000  
177.176073 0.013397  -0.017494  -0.032257  0.424303  0.856316  0.294431  -0.902848  0.425026  0.064955  -0.069519  -0.293387  0.953463  -0.031847  0.003988  0.136243  -2.458842  3.536475  0.595445  1.000000  
177.177314 0.013352  -0.017491  -0.032072  0.425192  0.857414  0.289921  -0.902806  0.424574  0.068399  -0.064446  -0.290825  0.954603  -0.032328  0.003783  0.137745  -2.448755  3.575253  0.596485  1.000000  
177.178325 0.013315  -0.017489  -0.031925  0.425859  0.858258  0.286420  -0.902777  0.424160  0.071285  -0.060307  -0.288931  0.955449  -0.032861  0.003669  0.138861  -2.426873  3.603311  0.597639  1.000000  
177.179568 0.013268  -0.017487  -0.031746  0.426536  0.859313  0.282221  -0.902766  0.423623  0.074545  -0.055498  -0.286576  0.956449  -0.033412  0.003557  0.139867  -2.398105  3.633469  0.603188  1.000000  
177.180818 0.013219  -0.017486  -0.031568  0.427395  0.860298  0.277888  -0.902658  0.423213  0.078095  -0.050421  -0.284215  0.957434  -0.034044  0.003340  0.140914  -2.372265  3.669413  0.603583  1.000000  
177.181819 0.013180  -0.017485  -0.031424  0.428035  0.861093  0.274418  -0.902570  0.422881  0.080868  -0.046411  -0.282296  0.958204  -0.034630  0.003138  0.141855  -2.354544  3.697294  0.603367  1.000000  
177.183064 0.013131  -0.017484  -0.031240  0.428876  0.862034  0.270114  -0.902423  0.422466  0.084586  -0.041198  -0.280034  0.959106  -0.035306  0.002813  0.143092  -2.328481  3.733566  0.603276  1.000000  
177.184071 0.013091  -0.017485  -0.031089  0.429504  0.862759  0.266783  -0.902305  0.422110  0.087577  -0.037054  -0.278334  0.959769  -0.036040  0.002385  0.144503  -2.301668  3.763288  0.604898  1.000000  
177.185316 0.013039  -0.017485  -0.030897  0.430318  0.863565  0.262835  -0.902101  0.421810  0.091049  -0.032240  -0.276284  0.960535  -0.036825  0.001898  0.146309  -2.268145  3.782786  0.600061  1.000000  
177.186564 0.012987  -0.017486  -0.030699  0.430939  0.864461  0.258842  -0.901968  0.421316  0.094582  -0.027292  -0.274226  0.961278  -0.037576  0.001371  0.148118  -2.238885  3.812432  0.605991  1.000000  
177.187565 0.012943  -0.017487  -0.030539  0.431541  0.865127  0.255594  -0.901796  0.420990  0.097624  -0.023145  -0.272622  0.961843  -0.038291  0.001048  0.149223  -2.208492  3.839488  0.605712  1.000000  
177.188565 0.012900  -0.017488  -0.030379  0.432137  0.865801  0.252283  -0.901611  0.420644  0.100782  -0.018864  -0.271013  0.962391  -0.038956  0.000799  0.150079  -2.181744  3.868653  0.598979  1.000000  
177.189816 0.012844  -0.017487  -0.030181  0.432915  0.866534  0.248400  -0.901329  0.420318  0.104585  -0.013781  -0.269167  0.962995  -0.039796  0.000608  0.150860  -2.144460  3.897154  0.597208  1.000000  
177.191068 0.012788  -0.017488  -0.029983  0.433497  0.867389  0.244369  -0.901114  0.419812  0.108401  -0.008563  -0.267196  0.963604  -0.040588  0.000406  0.151661  -2.106000  3.919076  0.593128  1.000000  
177.192071 0.012742  -0.017487  -0.029825  0.434065  0.867992  0.241199  -0.900871  0.419525  0.111491  -0.004415  -0.265683  0.964050  -0.041343  0.000290  0.152220  -2.075405  3.941271  0.591472  1.000000  
177.193315 0.012684  -0.017487  -0.029628  0.434625  0.868782  0.237314  -0.900611  0.419069  0.115242  0.000669  -0.263814  0.964573  -0.042096  0.000182  0.153256  -2.040973  3.962030  0.593498  1.000000  
177.194567 0.012626  -0.017486  -0.029426  0.435359  0.869491  0.233341  -0.900237  0.418777  0.119156  0.005887  -0.261938  0.965067  -0.042803  0.000068  0.154665  -1.991743  3.992141  0.585030  1.000000  
177.195568 0.012579  -0.017486  -0.029262  0.435902  0.869983  0.230474  -0.899941  0.418563  0.122112  0.009767  -0.260642  0.965386  -0.043387  0.000001  0.156290  -1.948557  4.003330  0.572815  1.000000  
177.196822 0.012522  -0.017485  -0.029052  0.436432  0.870687  0.226785  -0.899619  0.418200  0.125677  0.014584  -0.258870  0.965802  -0.043918  -0.000003  0.158292  -1.906604  4.004556  0.562694  1.000000  
177.198068 0.012466  -0.017485  -0.028841  0.437137  0.871240  0.223274  -0.899186  0.418000  0.129388  0.019400  -0.257325  0.966130  -0.044444  -0.000031  0.160129  -1.861256  4.005361  0.552165  1.000000  
177.199317 0.012409  -0.017485  -0.028630  0.437642  0.871944  0.219507  -0.898812  0.417558  0.133350  0.024616  -0.255655  0.966455  -0.044891  -0.000010  0.161517  -1.815170  4.031574  0.557818  1.000000  
177.200336 0.012363  -0.017485  -0.028465  0.438152  0.872410  0.216617  -0.898449  0.417387  0.136299  0.028495  -0.254339  0.966695  -0.045034  0.000057  0.161917  -1.779373  4.031683  0.543129  1.000000  
177.201564 0.012307  -0.017484  -0.028260  0.438643  0.872986  0.213276  -0.898049  0.417060  0.139893  0.033176  -0.252895  0.966925  -0.045358  0.000199  0.162831  -1.739243  4.030177  0.540362  1.000000  
177.202816 0.012252  -0.017483  -0.028057  0.439307  0.873485  0.209842  -0.897533  0.416894  0.143645  0.037990  -0.251444  0.967126  -0.045433  0.000296  0.162853  -1.693096  4.026492  0.530179  1.000000  
177.204067 0.012197  -0.017480  -0.027855  0.439961  0.873976  0.206400  -0.896996  0.416741  0.147393  0.042802  -0.249988  0.967303  -0.045361  0.000482  0.163048  -1.647016  4.031781  0.522540  1.000000  
177.205314 0.012144  -0.017478  -0.027650  0.440603  0.874460  0.202951  -0.896438  0.416600  0.151138  0.047614  -0.248525  0.967454  -0.045213  0.000636  0.163456  -1.609428  4.024540  0.511780  1.000000  
