1-Time 2-Px 3-Py 4-Pz 5-R11 6-R21 7-R31 8-R12 9-R22 10-R32 11-R13 12-R23 13-R33 14-Vx 15-Vy 16-Vz 17-Wx 18-Wy 19-Wz 20-state
150.331366 0.005130  -0.014293  -0.055631  0.635162  0.306511  0.708957  -0.628140  0.739115  0.243208  -0.449454  -0.599800  0.661990  -0.002936  -0.002938  -0.054100  0.256689  -0.291066  0.024399  1.000000  
150.332540 0.005129  -0.014297  -0.055673  0.634861  0.306587  0.709194  -0.628359  0.738986  0.243033  -0.449574  -0.599921  0.661799  -0.001004  -0.004067  -0.040790  0.000000  0.000000  0.000000  1.000000  
150.333792 0.005136  -0.014312  -0.055655  0.634689  0.306510  0.709382  -0.628447  0.738920  0.243004  -0.449693  -0.600041  0.661609  0.002524  -0.008283  -0.010305  0.000000  0.000000  0.000000  1.000000  
150.335021 0.005144  -0.014325  -0.055615  0.634344  0.306528  0.709682  -0.628624  0.738848  0.242766  -0.449932  -0.600120  0.661375  0.004085  -0.009257  0.004537  0.000000  0.000000  0.000000  1.000000  
150.336282 0.005148  -0.014328  -0.055607  0.634172  0.306450  0.709869  -0.628712  0.738783  0.242737  -0.450052  -0.600240  0.661184  0.003918  -0.007481  0.005003  0.000000  0.000000  0.000000  1.000000  
150.337288 0.005148  -0.014323  -0.055623  0.633828  0.306554  0.710132  -0.628888  0.738740  0.242410  -0.450291  -0.600239  0.661022  0.003127  -0.005320  0.001399  0.000000  0.000000  0.000000  1.000000  
150.338290 0.005141  -0.014313  -0.055648  0.633613  0.306506  0.710344  -0.628934  0.738761  0.242228  -0.450530  -0.600239  0.660860  0.001663  -0.003026  -0.002486  0.000000  0.000000  0.000000  1.000000  
150.339559 0.005126  -0.014301  -0.055680  0.633268  0.306524  0.710644  -0.629110  0.738689  0.241991  -0.450769  -0.600318  0.660626  -0.000494  -0.001013  -0.006106  0.000000  0.000000  0.000000  1.000000  
150.340773 0.005114  -0.014291  -0.055706  0.632794  0.306694  0.710993  -0.629416  0.738554  0.241606  -0.451008  -0.600397  0.660391  -0.001666  0.000178  -0.008110  0.000000  0.000000  0.000000  1.000000  
150.341773 0.005112  -0.014288  -0.055716  0.632492  0.306855  0.711192  -0.629634  0.738455  0.241341  -0.451127  -0.600436  0.660273  -0.001694  0.000494  -0.008269  0.000000  0.000000  0.000000  1.000000  
150.343023 0.005112  -0.014290  -0.055713  0.632104  0.306729  0.711591  -0.629766  0.738411  0.241129  -0.451485  -0.600555  0.659921  -0.001563  0.000247  -0.007110  0.000000  0.000000  0.000000  1.000000  
150.344029 0.005107  -0.014292  -0.055705  0.631716  0.306604  0.711989  -0.629898  0.738367  0.240918  -0.451843  -0.600673  0.659568  -0.001812  0.000024  -0.005910  0.000000  0.000000  0.000000  1.000000  
150.345273 0.005096  -0.014291  -0.055695  0.631199  0.306457  0.712511  -0.630160  0.738202  0.240739  -0.452201  -0.600950  0.659069  -0.002432  0.000121  -0.004645  0.000000  0.000000  0.000000  1.000000  
150.346523 0.005084  -0.014290  -0.055676  0.630509  0.306318  0.713182  -0.630509  0.738002  0.240440  -0.452679  -0.601267  0.658453  -0.003036  0.000266  -0.002225  0.091615  -0.400700  0.082604  1.000000  
150.347773 0.005074  -0.014295  -0.055638  0.629861  0.306149  0.713826  -0.630899  0.737717  0.240292  -0.453037  -0.601703  0.657808  -0.003663  0.000246  0.002436  0.113884  -0.418577  0.092878  1.000000  
150.348775 0.005070  -0.014302  -0.055602  0.629645  0.305754  0.714186  -0.630943  0.737622  0.240468  -0.453275  -0.602020  0.657354  -0.004381  0.000635  0.003493  0.136994  -0.412920  0.084775  1.000000  
150.349781 0.005073  -0.014305  -0.055571  0.629472  0.305416  0.714483  -0.631029  0.737470  0.240706  -0.453394  -0.602377  0.656944  -0.004838  0.001353  0.002975  0.157549  -0.402375  0.082476  1.000000  
150.351023 0.005078  -0.014299  -0.055551  0.629213  0.305286  0.714767  -0.631289  0.737199  0.240859  -0.453394  -0.602776  0.656578  -0.004786  0.001966  0.003785  0.169087  -0.389475  0.091031  1.000000  
150.352024 0.005075  -0.014289  -0.055549  0.628910  0.305186  0.715076  -0.631505  0.737013  0.240860  -0.453514  -0.603053  0.656241  -0.004948  0.002363  0.005007  0.175407  -0.387369  0.095327  1.000000  
150.353025 0.005062  -0.014277  -0.055546  0.628737  0.305021  0.715299  -0.631591  0.736920  0.240919  -0.453633  -0.603251  0.655977  -0.005363  0.002446  0.006948  0.179825  -0.379710  0.092931  1.000000  
150.354274 0.005041  -0.014264  -0.055527  0.628564  0.304855  0.715521  -0.631677  0.736827  0.240977  -0.453752  -0.603448  0.655713  -0.005852  0.002580  0.009863  0.181837  -0.368656  0.089751  1.000000  
150.355523 0.005028  -0.014254  -0.055481  0.628391  0.304689  0.715744  -0.631764  0.736734  0.241036  -0.453871  -0.603646  0.655448  -0.005818  0.002581  0.014809  0.183638  -0.358749  0.086898  1.000000  
150.356767 0.005024  -0.014249  -0.055404  0.628261  0.304667  0.715867  -0.631893  0.736612  0.241067  -0.453871  -0.603805  0.655302  -0.005881  0.002590  0.020803  0.180516  -0.345992  0.087947  1.000000  
150.358015 0.005023  -0.014248  -0.055308  0.628217  0.304759  0.715867  -0.632109  0.736376  0.241223  -0.453633  -0.604046  0.655245  -0.005908  0.002804  0.027003  0.177700  -0.326940  0.095711  1.000000  
150.359015 0.005019  -0.014246  -0.055234  0.628259  0.304729  0.715842  -0.632152  0.736290  0.241374  -0.453514  -0.604167  0.655216  -0.005854  0.003107  0.031420  0.175666  -0.311466  0.095500  1.000000  
150.360022 0.005011  -0.014239  -0.055178  0.628302  0.304700  0.715817  -0.632195  0.736203  0.241526  -0.453394  -0.604287  0.655187  -0.005769  0.003561  0.035053  0.173735  -0.297009  0.095283  1.000000  
150.361266 0.004994  -0.014220  -0.055141  0.628518  0.304575  0.715681  -0.632151  0.736122  0.241887  -0.453156  -0.604449  0.655203  -0.006203  0.004608  0.036071  0.173707  -0.273799  0.092806  1.000000  
150.362515 0.004974  -0.014198  -0.055122  0.628603  0.304602  0.715594  -0.632237  0.735978  0.242100  -0.452917  -0.604611  0.655219  -0.006797  0.006367  0.035125  0.174535  -0.253553  0.092039  1.000000  
150.363532 0.004959  -0.014184  -0.055105  0.628516  0.304724  0.715619  -0.632410  0.735828  0.242105  -0.452798  -0.604731  0.655190  -0.007531  0.007993  0.033659  0.170395  -0.246849  0.097966  1.000000  
150.364778 0.004948  -0.014173  -0.055071  0.628601  0.304751  0.715533  -0.632496  0.735684  0.242318  -0.452559  -0.604893  0.655206  -0.008333  0.008825  0.033343  0.173897  -0.227197  0.101722  1.000000  
150.366037 0.004942  -0.014168  -0.055023  0.628817  0.304541  0.715433  -0.632452  0.735573  0.242768  -0.452321  -0.605134  0.655148  -0.009161  0.008732  0.035667  0.180168  -0.208954  0.101682  1.000000  
150.367271 0.004934  -0.014167  -0.054967  0.628945  0.304538  0.715322  -0.632581  0.735342  0.243133  -0.451963  -0.605416  0.655135  -0.009156  0.007846  0.039377  0.189059  -0.182663  0.106914  1.000000  
150.368276 0.004923  -0.014168  -0.054917  0.629160  0.304328  0.715222  -0.632537  0.735231  0.243583  -0.451724  -0.605657  0.655076  -0.008875  0.007063  0.042250  0.199287  -0.161232  0.109897  1.000000  
150.369525 0.004903  -0.014169  -0.054850  0.629331  0.304383  0.715048  -0.632708  0.734942  0.244010  -0.451246  -0.605980  0.655107  -0.008947  0.006166  0.044927  0.205646  -0.133342  0.119009  1.000000  
150.370791 0.004883  -0.014168  -0.054784  0.629761  0.304222  0.714737  -0.632620  0.734807  0.244642  -0.450769  -0.606223  0.655211  -0.009657  0.005615  0.045329  0.221624  -0.089327  0.110692  1.000000  
150.372043 0.004869  -0.014166  -0.054721  0.630062  0.304300  0.714439  -0.632661  0.734640  0.245038  -0.450291  -0.606387  0.655388  -0.010500  0.005589  0.043750  0.222840  -0.056958  0.115268  1.000000  
150.373265 0.004862  -0.014161  -0.054656  0.630492  0.304400  0.714017  -0.632572  0.734595  0.245402  -0.449813  -0.606392  0.655711  -0.010808  0.005865  0.041538  0.213346  -0.016970  0.117462  1.000000  
150.374283 0.004859  -0.014152  -0.054610  0.630880  0.304442  0.713656  -0.632441  0.734608  0.245704  -0.449454  -0.606355  0.655991  -0.010634  0.006167  0.040157  0.203047  0.019456  0.118427  1.000000  
150.375516 0.004849  -0.014134  -0.054561  0.631268  0.304658  0.713221  -0.632308  0.734680  0.245828  -0.449096  -0.606159  0.656418  -0.010389  0.006537  0.039860  0.184580  0.059735  0.113030  1.000000  
150.376516 0.004837  -0.014116  -0.054525  0.631483  0.304967  0.712899  -0.632263  0.734747  0.245743  -0.448857  -0.605922  0.656800  -0.010120  0.006454  0.041134  0.160568  0.092737  0.110066  1.000000  
150.377766 0.004820  -0.014095  -0.054468  0.631870  0.305269  0.712426  -0.632131  0.734850  0.245777  -0.448498  -0.605646  0.657300  -0.009861  0.006528  0.043872  0.130608  0.137306  0.101102  1.000000  
150.379016 0.004807  -0.014080  -0.054389  0.632388  0.305505  0.711865  -0.631868  0.735046  0.245869  -0.448139  -0.605289  0.657873  -0.009739  0.006537  0.046998  0.094450  0.170310  0.098130  1.000000  
150.380018 0.004804  -0.014074  -0.054308  0.632775  0.305806  0.711392  -0.631734  0.735149  0.245902  -0.447780  -0.605011  0.658372  -0.009482  0.006527  0.050254  0.063284  0.195898  0.096658  1.000000  
150.381266 0.004804  -0.014072  -0.054197  0.633293  0.305955  0.710867  -0.631470  0.735316  0.246082  -0.447421  -0.604733  0.658871  -0.009151  0.006463  0.054478  0.000000  0.000000  0.000000  1.000000  
150.382269 0.004803  -0.014072  -0.054110  0.633680  0.306255  0.710393  -0.631336  0.735420  0.246116  -0.447062  -0.604455  0.659370  -0.008770  0.006399  0.057135  0.017473  0.262498  0.073200  1.000000  
150.383280 0.004798  -0.014070  -0.054034  0.634024  0.306411  0.710018  -0.631159  0.735551  0.246176  -0.446823  -0.604216  0.659752  -0.008210  0.006651  0.058907  -0.001729  0.284871  0.068621  1.000000  
150.384522 0.004786  -0.014063  -0.053961  0.634369  0.306654  0.709605  -0.630983  0.735712  0.246147  -0.446584  -0.603896  0.660206  -0.007798  0.007006  0.059290  -0.032224  0.303460  0.068683  1.000000  
150.385772 0.004776  -0.014054  -0.053907  0.634671  0.306838  0.709255  -0.630763  0.735931  0.246055  -0.446464  -0.603536  0.660617  -0.007143  0.007619  0.058548  -0.050979  0.319808  0.060507  1.000000  
150.386774 0.004772  -0.014045  -0.053865  0.634973  0.306936  0.708942  -0.630544  0.736120  0.246052  -0.446344  -0.603256  0.660953  -0.006543  0.008203  0.058064  -0.066504  0.338170  0.050320  1.000000  
150.388019 0.004775  -0.014037  -0.053797  0.635233  0.306977  0.708692  -0.630283  0.736366  0.245987  -0.446344  -0.602935  0.661246  -0.005944  0.008419  0.058260  -0.077582  0.344141  0.030517  1.000000  
150.389042 0.004781  -0.014035  -0.053722  0.635577  0.307132  0.708316  -0.630105  0.736498  0.246046  -0.446105  -0.602695  0.661627  -0.005273  0.007930  0.060176  -0.091711  0.355549  0.024347  1.000000  
150.390267 0.004789  -0.014035  -0.053611  0.635879  0.307402  0.707928  -0.629885  0.736747  0.245863  -0.445985  -0.602253  0.662109  -0.004096  0.006745  0.064402  -0.117270  0.356767  0.016650  1.000000  
150.391268 0.004792  -0.014035  -0.053518  0.636181  0.307499  0.707615  -0.629665  0.736936  0.245860  -0.445865  -0.601972  0.662446  -0.003073  0.005483  0.068299  -0.131465  0.361774  0.004412  1.000000  
150.392516 0.004793  -0.014031  -0.053404  0.636612  0.307701  0.707139  -0.629314  0.737278  0.245733  -0.445745  -0.601449  0.663001  -0.001832  0.004302  0.072141  -0.154794  0.374329  -0.009414  1.000000  
150.393767 0.004792  -0.014023  -0.053294  0.636871  0.308084  0.706739  -0.629052  0.737643  0.245309  -0.445745  -0.600806  0.663584  -0.001015  0.003903  0.074170  -0.182210  0.380244  -0.029345  1.000000  
150.395015 0.004794  -0.014011  -0.053188  0.637000  0.308703  0.706352  -0.628921  0.737974  0.244649  -0.445745  -0.600081  0.664240  -0.000630  0.004193  0.074722  -0.222135  0.377965  -0.036808  1.000000  
150.396018 0.004797  -0.014002  -0.053102  0.637217  0.309027  0.706015  -0.628617  0.738395  0.244161  -0.445865  -0.599396  0.664777  -0.000455  0.004686  0.074260  -0.255603  0.372405  -0.050552  1.000000  
150.397265 0.004804  -0.013989  -0.052996  0.637346  0.309817  0.705552  -0.628486  0.738783  0.243320  -0.445865  -0.598508  0.665576  0.000066  0.005508  0.074290  -0.305032  0.366464  -0.064302  1.000000  
150.398267 0.004806  -0.013978  -0.052913  0.637647  0.310425  0.705012  -0.628265  0.739150  0.242777  -0.445745  -0.597741  0.666346  0.000561  0.006141  0.074841  -0.350569  0.367316  -0.072046  1.000000  
150.399305 0.004808  -0.013965  -0.052829  0.637906  0.310805  0.704611  -0.628002  0.739513  0.242350  -0.445745  -0.597094  0.666926  0.001483  0.006653  0.076526  -0.387645  0.364929  -0.093952  1.000000  
150.400538 0.004809  -0.013949  -0.052724  0.638164  0.311440  0.704096  -0.627740  0.739964  0.241653  -0.445745  -0.596203  0.667722  0.002208  0.007090  0.080094  -0.437121  0.352018  -0.106418  1.000000  
150.401773 0.004811  -0.013934  -0.052609  0.638294  0.312141  0.703668  -0.627608  0.740321  0.240900  -0.445745  -0.595393  0.668445  0.002607  0.007417  0.083792  -0.473927  0.339098  -0.114749  1.000000  
150.402774 0.004816  -0.013926  -0.052504  0.638423  0.312586  0.703353  -0.627477  0.740590  0.240416  -0.445745  -0.594825  0.668950  0.002790  0.007505  0.087637  -0.505460  0.324376  -0.123389  1.000000  
150.404021 0.004825  -0.013921  -0.052362  0.638681  0.312964  0.702951  -0.627214  0.740951  0.239987  -0.445745  -0.594176  0.669527  0.002971  0.007578  0.090834  -0.526233  0.311172  -0.135790  1.000000  
150.405022 0.004834  -0.013919  -0.052248  0.638810  0.313408  0.702636  -0.627082  0.741219  0.239502  -0.445745  -0.593607  0.670031  0.003079  0.007813  0.092393  -0.542233  0.304230  -0.141937  1.000000  
150.406023 0.004842  -0.013916  -0.052144  0.638939  0.313937  0.702282  -0.626951  0.741516  0.238927  -0.445745  -0.592957  0.670607  0.003371  0.008110  0.093103  -0.561280  0.291011  -0.142458  1.000000  
150.407265 0.004848  -0.013904  -0.052034  0.639111  0.314607  0.701826  -0.626861  0.741786  0.238325  -0.445626  -0.592264  0.671299  0.003686  0.008540  0.092799  -0.580509  0.280133  -0.144127  1.000000  
150.408267 0.004848  -0.013893  -0.051962  0.639111  0.315203  0.701558  -0.626861  0.741988  0.237695  -0.445626  -0.591693  0.671801  0.003793  0.008969  0.091810  -0.599754  0.264075  -0.145386  1.000000  
150.409515 0.004846  -0.013876  -0.051875  0.639369  0.315663  0.701116  -0.626598  0.742377  0.237174  -0.445626  -0.590960  0.672447  0.003544  0.009346  0.090344  -0.611022  0.251836  -0.153373  1.000000  
150.410518 0.004846  -0.013865  -0.051799  0.639541  0.316247  0.700697  -0.626508  0.742617  0.236661  -0.445506  -0.590346  0.673065  0.003345  0.009476  0.089834  -0.630549  0.238874  -0.151692  1.000000  
150.411519 0.004848  -0.013856  -0.051710  0.639712  0.316915  0.700238  -0.626418  0.742885  0.236057  -0.445386  -0.589650  0.673754  0.003210  0.009366  0.090042  -0.650012  0.231285  -0.150307  1.000000  
150.412800 0.004853  -0.013847  -0.051579  0.639884  0.317752  0.699702  -0.626328  0.743209  0.235273  -0.445266  -0.588790  0.674585  0.003188  0.009059  0.091615  -0.676944  0.220105  -0.151782  1.000000  
150.414020 0.004860  -0.013835  -0.051437  0.640098  0.318814  0.699022  -0.626280  0.743535  0.234371  -0.445027  -0.587804  0.675602  0.003471  0.008894  0.094276  -0.711742  0.214343  -0.146388  1.000000  
150.415305 0.004863  -0.013820  -0.051296  0.640441  0.319722  0.698293  -0.626099  0.743925  0.233612  -0.444787  -0.586816  0.676618  0.003685  0.008702  0.096718  -0.748208  0.211532  -0.143031  1.000000  
150.416540 0.004863  -0.013801  -0.051163  0.640784  0.320798  0.697485  -0.625919  0.744372  0.232672  -0.444547  -0.585661  0.677775  0.003513  0.008996  0.097864  -0.789537  0.214886  -0.140423  1.000000  
150.417784 0.004864  -0.013778  -0.051038  0.641169  0.321928  0.696610  -0.625779  0.744763  0.231795  -0.444188  -0.584544  0.678974  0.003101  0.009928  0.097467  -0.834438  0.224841  -0.131751  1.000000  
150.419027 0.004866  -0.013754  -0.050914  0.641554  0.322971  0.695772  -0.625640  0.745125  0.231007  -0.443828  -0.583506  0.680101  0.002639  0.011333  0.096200  -0.868889  0.226430  -0.128109  1.000000  
150.420277 0.004870  -0.013730  -0.050791  0.641939  0.324181  0.694853  -0.625500  0.745542  0.230037  -0.443468  -0.582300  0.681368  0.002168  0.012737  0.095075  -0.915297  0.230634  -0.118828  1.000000  
150.421563 0.004875  -0.013708  -0.050671  0.642538  0.325263  0.693793  -0.625310  0.745889  0.229428  -0.442869  -0.581252  0.682652  0.001936  0.013651  0.094933  -0.947710  0.244405  -0.114753  1.000000  
150.422772 0.004876  -0.013686  -0.050550  0.643094  0.326286  0.692797  -0.625078  0.746290  0.228753  -0.442389  -0.580162  0.683889  0.001846  0.014212  0.096879  -0.978709  0.262243  -0.108075  1.000000  
150.424023 0.004873  -0.013666  -0.050427  0.643650  0.327223  0.691838  -0.624846  0.746664  0.228169  -0.441909  -0.579153  0.685054  0.001737  0.014447  0.099327  -0.996030  0.279720  -0.101287  1.000000  
150.425269 0.004866  -0.013650  -0.050296  0.644205  0.328074  0.690918  -0.624613  0.747010  0.227674  -0.441428  -0.578224  0.686147  0.001390  0.014583  0.101848  -1.009494  0.297284  -0.094552  1.000000  
150.426515 0.004861  -0.013637  -0.050157  0.644760  0.329007  0.689955  -0.624379  0.747384  0.227087  -0.440948  -0.577210  0.687309  0.000901  0.014647  0.103531  -1.015391  0.319631  -0.088855  1.000000  
150.427515 0.004860  -0.013627  -0.050042  0.645144  0.329786  0.689224  -0.624236  0.747661  0.226565  -0.440588  -0.576406  0.688214  0.000501  0.014756  0.104305  -1.023980  0.332408  -0.081212  1.000000  
150.428516 0.004859  -0.013617  -0.049930  0.645699  0.330548  0.688339  -0.624001  0.747980  0.226159  -0.440107  -0.575555  0.689233  0.000102  0.014892  0.104319  -1.029713  0.347758  -0.081502  1.000000  
150.429516 0.004858  -0.013604  -0.049826  0.646212  0.331254  0.687518  -0.623725  0.748353  0.225687  -0.439747  -0.574664  0.690206  -0.000270  0.015141  0.103426  -1.038983  0.361865  -0.077891  1.000000  
150.430766 0.004854  -0.013580  -0.049711  0.646766  0.332429  0.686429  -0.623489  0.748809  0.224824  -0.439266  -0.573390  0.691570  -0.000626  0.015538  0.102113  -1.064323  0.379302  -0.071542  1.000000  
150.431772 0.004849  -0.013558  -0.049625  0.647320  0.333352  0.685458  -0.623253  0.749183  0.224233  -0.438785  -0.572364  0.692724  -0.000945  0.015884  0.101023  -1.082482  0.400750  -0.069797  1.000000  
150.432794 0.004843  -0.013535  -0.049540  0.647746  0.334344  0.684572  -0.623149  0.749462  0.223591  -0.438304  -0.571420  0.693807  -0.001413  0.016158  0.099902  -1.108030  0.421396  -0.063894  1.000000  
150.433893 0.004838  -0.013512  -0.049444  0.648258  0.335291  0.683624  -0.622870  0.749916  0.222842  -0.437944  -0.570268  0.694982  -0.001865  0.016236  0.098870  -1.133866  0.434173  -0.060247  1.000000  
150.435020 0.004834  -0.013486  -0.049309  0.648982  0.336522  0.682331  -0.622539  0.750441  0.221998  -0.437342  -0.568850  0.696521  -0.002337  0.016576  0.100475  -1.168682  0.461263  -0.060339  1.000000  
150.436023 0.004833  -0.013468  -0.049188  0.649493  0.337547  0.681338  -0.622260  0.750921  0.221156  -0.436981  -0.567608  0.697760  -0.002663  0.016591  0.102072  -1.196605  0.483261  -0.062335  1.000000  
150.437024 0.004832  -0.013450  -0.049062  0.650046  0.338541  0.680317  -0.622020  0.751322  0.220468  -0.436500  -0.566485  0.698973  -0.002927  0.016600  0.104204  -1.223108  0.501486  -0.063790  1.000000  
150.438270 0.004828  -0.013428  -0.048906  0.650727  0.339789  0.679042  -0.621646  0.751926  0.219463  -0.436018  -0.564934  0.700527  -0.003165  0.016668  0.106591  -1.263043  0.527200  -0.067339  1.000000  
150.439271 0.004820  -0.013410  -0.048786  0.651279  0.340860  0.677975  -0.621405  0.752353  0.218682  -0.435536  -0.563720  0.701804  -0.003419  0.016915  0.107724  -1.289692  0.548912  -0.066086  1.000000  
150.440519 0.004809  -0.013383  -0.048648  0.651959  0.342184  0.676653  -0.621029  0.752982  0.217582  -0.435054  -0.562076  0.703419  -0.003716  0.017695  0.107971  -1.325752  0.571235  -0.072814  1.000000  
150.441527 0.004801  -0.013361  -0.048544  0.652469  0.343276  0.675608  -0.620746  0.753486  0.216641  -0.434693  -0.560733  0.704713  -0.004025  0.018504  0.107256  -1.351929  0.585827  -0.077511  1.000000  
150.442771 0.004796  -0.013334  -0.048416  0.653021  0.344665  0.674366  -0.620503  0.754016  0.215490  -0.434211  -0.559166  0.706254  -0.004283  0.019544  0.106328  -1.381217  0.599883  -0.078979  1.000000  
150.444019 0.004792  -0.013308  -0.048289  0.653573  0.346132  0.673079  -0.620260  0.754571  0.214245  -0.433729  -0.557509  0.707858  -0.004544  0.020244  0.105879  -1.406299  0.613898  -0.084010  1.000000  
150.445265 0.004788  -0.013283  -0.048161  0.654040  0.347487  0.671926  -0.619936  0.755226  0.212868  -0.433488  -0.555775  0.709368  -0.004573  0.020475  0.106281  -1.437766  0.618552  -0.090206  1.000000  
150.446265 0.004783  -0.013264  -0.048056  0.654421  0.348559  0.670999  -0.619786  0.755603  0.211966  -0.433126  -0.554591  0.710515  -0.004587  0.020397  0.107453  -1.446988  0.625797  -0.093209  1.000000  
150.447267 0.004778  -0.013244  -0.047949  0.654761  0.349657  0.670096  -0.619596  0.756055  0.210906  -0.432885  -0.553282  0.711681  -0.004500  0.020202  0.108976  -1.461489  0.624900  -0.094201  1.000000  
150.448269 0.004773  -0.013226  -0.047839  0.655058  0.350618  0.669303  -0.619366  0.756531  0.209871  -0.432764  -0.552022  0.712732  -0.004545  0.019859  0.110389  -1.473896  0.621395  -0.098093  1.000000  
150.449272 0.004769  -0.013209  -0.047725  0.655439  0.351846  0.668285  -0.619216  0.756955  0.208783  -0.432402  -0.550657  0.714007  -0.004510  0.019465  0.111210  -1.491037  0.628529  -0.101203  1.000000  
150.450532 0.004766  -0.013190  -0.047580  0.655905  0.353186  0.667119  -0.618890  0.757602  0.207398  -0.432161  -0.548907  0.715499  -0.004619  0.019175  0.111021  -1.515803  0.621562  -0.108283  1.000000  
150.451771 0.004765  -0.013169  -0.047438  0.656286  0.354894  0.665837  -0.618739  0.758173  0.205755  -0.431799  -0.547014  0.717165  -0.004526  0.019077  0.110447  -1.553597  0.616225  -0.111744  1.000000  
150.452772 0.004762  -0.013151  -0.047329  0.656625  0.356060  0.664880  -0.618548  0.758642  0.204597  -0.431557  -0.545603  0.718384  -0.004505  0.019092  0.109238  -1.579055  0.604307  -0.113478  1.000000  
150.453772 0.004757  -0.013131  -0.047228  0.656964  0.357384  0.663834  -0.618357  0.759159  0.203253  -0.431316  -0.544016  0.719731  -0.004375  0.019225  0.107569  -1.608151  0.600781  -0.117512  1.000000  
150.455018 0.004750  -0.013104  -0.047107  0.657344  0.359081  0.662540  -0.618205  0.759722  0.201606  -0.430954  -0.542110  0.721385  -0.004220  0.019380  0.106405  -1.647475  0.595592  -0.117795  1.000000  
150.456025 0.004745  -0.013080  -0.047009  0.657556  0.360475  0.661573  -0.618148  0.760136  0.200215  -0.430712  -0.540603  0.722659  -0.003922  0.019419  0.105803  -1.683264  0.585430  -0.115811  1.000000  
150.457268 0.004743  -0.013053  -0.046876  0.658021  0.362035  0.660257  -0.617821  0.760840  0.198542  -0.430471  -0.538565  0.724322  -0.003657  0.019461  0.106082  -1.724599  0.578293  -0.122830  1.000000  
150.458270 0.004743  -0.013032  -0.046760  0.658274  0.363556  0.659168  -0.617804  0.761223  0.197123  -0.430109  -0.536997  0.725700  -0.003389  0.019446  0.107080  -1.759255  0.566851  -0.116975  1.000000  
150.459520 0.004745  -0.013010  -0.046603  0.658740  0.365187  0.657800  -0.617476  0.761945  0.195353  -0.429867  -0.534862  0.727418  -0.003050  0.019275  0.108989  -1.800095  0.559506  -0.123954  1.000000  
150.460520 0.004745  -0.012993  -0.046478  0.659078  0.366572  0.656690  -0.617283  0.762470  0.193908  -0.429625  -0.533164  0.728806  -0.002789  0.019010  0.110526  -1.827836  0.551956  -0.123020  1.000000  
150.461769 0.004745  -0.012970  -0.046328  0.659458  0.368323  0.655327  -0.617130  0.763038  0.192158  -0.429263  -0.531142  0.730494  -0.002338  0.018866  0.111769  -1.856684  0.539962  -0.121213  1.000000  
150.463018 0.004742  -0.012948  -0.046192  0.659838  0.370070  0.653959  -0.616976  0.763601  0.190406  -0.428900  -0.529114  0.732177  -0.002113  0.018814  0.111699  -1.889171  0.529160  -0.123259  1.000000  
150.464025 0.004740  -0.012931  -0.046090  0.660175  0.371286  0.652928  -0.616782  0.764072  0.189141  -0.428658  -0.527581  0.733424  -0.001949  0.018858  0.110813  -1.906014  0.518328  -0.121066  1.000000  
150.465039 0.004739  -0.012915  -0.045992  0.660428  0.372786  0.651817  -0.616764  0.764438  0.187715  -0.428296  -0.525989  0.734778  -0.001860  0.018843  0.109508  -1.928041  0.506859  -0.115000  1.000000  
150.466058 0.004739  -0.012900  -0.045895  0.660766  0.373996  0.650780  -0.616570  0.764904  0.186448  -0.428054  -0.524450  0.736018  -0.001792  0.018725  0.108206  -1.938116  0.498993  -0.113786  1.000000  
150.467275 0.004739  -0.012884  -0.045770  0.661187  0.375779  0.649324  -0.616454  0.765408  0.184757  -0.427570  -0.522438  0.737728  -0.001613  0.018458  0.107576  -1.963168  0.491314  -0.109251  1.000000  
150.468278 0.004739  -0.012872  -0.045668  0.661566  0.377190  0.648118  -0.616298  0.765867  0.183369  -0.427207  -0.520745  0.739134  -0.001257  0.017963  0.107585  -1.985055  0.483931  -0.104137  1.000000  
150.469527 0.004738  -0.012860  -0.045537  0.661987  0.378885  0.646699  -0.616182  0.766342  0.181768  -0.426723  -0.518812  0.740771  -0.000876  0.016926  0.108000  -1.996642  0.476429  -0.103228  1.000000  
150.470772 0.004737  -0.012847  -0.045404  0.662577  0.380623  0.645072  -0.615967  0.766890  0.180180  -0.426118  -0.516726  0.742575  -0.000539  0.015835  0.108861  -2.016452  0.476149  -0.096961  1.000000  
150.472035 0.004737  -0.012834  -0.045264  0.663039  0.382358  0.643570  -0.615888  0.767312  0.178644  -0.425513  -0.514815  0.744248  -0.000358  0.014834  0.109149  -2.033921  0.471914  -0.085530  1.000000  
150.473269 0.004740  -0.012821  -0.045121  0.663628  0.384007  0.641979  -0.615672  0.767833  0.177146  -0.424907  -0.512807  0.745978  -0.000198  0.014072  0.109239  -2.047247  0.479184  -0.081591  1.000000  
150.474517 0.004744  -0.012808  -0.044980  0.664258  0.385700  0.640310  -0.615494  0.768305  0.175713  -0.424181  -0.510826  0.747749  -0.000034  0.013419  0.108243  -2.059728  0.489913  -0.075006  1.000000  
150.475768 0.004748  -0.012793  -0.044846  0.664929  0.387670  0.638421  -0.615353  0.768792  0.174068  -0.423332  -0.508597  0.749746  0.000142  0.012909  0.106476  -2.092518  0.504297  -0.065866  1.000000  
150.477015 0.004750  -0.012777  -0.044720  0.665727  0.389396  0.636537  -0.615074  0.769336  0.172645  -0.422484  -0.506451  0.751675  0.000339  0.012585  0.105381  -2.111623  0.526170  -0.066953  1.000000  
150.478015 0.004750  -0.012764  -0.044624  0.666187  0.391024  0.635055  -0.614991  0.769726  0.171194  -0.421877  -0.504601  0.753258  0.000499  0.012309  0.104581  -2.138993  0.536254  -0.057067  1.000000  
150.479016 0.004749  -0.012752  -0.044526  0.666816  0.392462  0.633507  -0.614809  0.770128  0.170035  -0.421149  -0.502868  0.754823  0.000595  0.011966  0.104344  -2.152515  0.554316  -0.053016  1.000000  
150.480022 0.004748  -0.012742  -0.044426  0.667444  0.393817  0.632002  -0.614626  0.770509  0.168969  -0.420421  -0.501222  0.756322  0.000580  0.011545  0.104572  -2.165827  0.572351  -0.048976  1.000000  
150.481269 0.004749  -0.012733  -0.044291  0.668154  0.395725  0.630057  -0.614518  0.770921  0.167477  -0.419449  -0.499081  0.758274  0.000634  0.010892  0.105448  -2.175306  0.594064  -0.042933  1.000000  
150.482537 0.004750  -0.012728  -0.044148  0.668864  0.397549  0.628153  -0.614408  0.771311  0.166077  -0.418477  -0.497025  0.760160  0.000727  0.010151  0.106478  -2.188185  0.616926  -0.032265  1.000000  
150.483776 0.004751  -0.012724  -0.044007  0.669573  0.399442  0.626194  -0.614298  0.771720  0.164582  -0.417505  -0.494869  0.762099  0.000802  0.009541  0.107297  -2.194251  0.639072  -0.026480  1.000000  
150.485024 0.004751  -0.012718  -0.043872  0.670240  0.401202  0.624352  -0.614148  0.772151  0.163110  -0.416654  -0.492767  0.763924  0.000898  0.009019  0.107574  -2.199929  0.661157  -0.020725  1.000000  
150.486272 0.004751  -0.012712  -0.043748  0.670948  0.403003  0.622428  -0.614035  0.772537  0.161706  -0.415681  -0.490689  0.765790  0.000937  0.008652  0.106648  -2.205669  0.683301  -0.015121  1.000000  
150.487524 0.004751  -0.012705  -0.043632  0.671696  0.404846  0.620423  -0.613957  0.772876  0.160370  -0.414585  -0.488633  0.767696  0.000831  0.008229  0.104840  -2.206849  0.709036  -0.007150  1.000000  
150.488527 0.004752  -0.012700  -0.043542  0.672194  0.406320  0.618918  -0.613905  0.773167  0.159166  -0.413854  -0.486947  0.769160  0.000697  0.007845  0.103144  -2.210991  0.723872  0.001247  1.000000  
150.489767 0.004753  -0.012694  -0.043427  0.672941  0.408073  0.616949  -0.613825  0.773485  0.157921  -0.412758  -0.484971  0.770996  0.000532  0.007376  0.101539  -2.208017  0.750257  0.016686  1.000000  
150.491016 0.004755  -0.012688  -0.043306  0.673561  0.410128  0.614907  -0.613882  0.773757  0.156361  -0.411661  -0.482800  0.772942  0.000437  0.006729  0.100883  -2.218128  0.769971  0.031889  1.000000  
150.492018 0.004754  -0.012683  -0.043206  0.674224  0.411548  0.613229  -0.613725  0.774103  0.155257  -0.410807  -0.481032  0.774497  0.000341  0.006125  0.100971  -2.221823  0.795007  0.034754  1.000000  
150.493266 0.004752  -0.012679  -0.043076  0.674843  0.413513  0.611224  -0.613780  0.774353  0.153790  -0.409709  -0.478941  0.776372  0.000180  0.005324  0.101685  -2.226496  0.817738  0.047255  1.000000  
150.494517 0.004750  -0.012673  -0.042942  0.675419  0.415571  0.609187  -0.613797  0.774680  0.152064  -0.408732  -0.476625  0.778310  0.000148  0.004889  0.102390  -2.244958  0.829837  0.056876  1.000000  
150.495525 0.004748  -0.012669  -0.042831  0.675955  0.417131  0.607524  -0.613776  0.774938  0.150832  -0.407877  -0.474839  0.779849  0.000034  0.004558  0.102605  -2.251378  0.852455  0.061881  1.000000  
150.496769 0.004747  -0.012664  -0.042691  0.676571  0.419074  0.605499  -0.613827  0.775182  0.149363  -0.406777  -0.472726  0.781705  -0.000107  0.004539  0.102911  -2.254601  0.874669  0.073872  1.000000  
150.497773 0.004747  -0.012658  -0.042581  0.677106  0.420476  0.603927  -0.613804  0.775401  0.148318  -0.405922  -0.471120  0.783118  -0.000221  0.004663  0.102379  -2.254920  0.889870  0.081504  1.000000  
150.498781 0.004747  -0.012650  -0.042475  0.677514  0.422252  0.602228  -0.613920  0.775586  0.146865  -0.405065  -0.469223  0.784698  -0.000282  0.004937  0.101883  -2.268066  0.905215  0.092160  1.000000  
150.500028 0.004747  -0.012640  -0.042349  0.678087  0.424273  0.600159  -0.613931  0.775902  0.145137  -0.404087  -0.466872  0.786603  -0.000300  0.005231  0.101485  -2.282182  0.913145  0.098443  1.000000  
150.501274 0.004747  -0.012629  -0.042225  0.678574  0.426563  0.597981  -0.614118  0.776103  0.143261  -0.402985  -0.464444  0.788603  -0.000219  0.005527  0.101666  -2.304146  0.926122  0.113847  1.000000  
150.502525 0.004746  -0.012619  -0.042099  0.679060  0.428772  0.595846  -0.614303  0.776283  0.141480  -0.401882  -0.462103  0.790538  -0.000332  0.005699  0.102371  -2.325245  0.934459  0.131116  1.000000  
150.503775 0.004747  -0.012612  -0.041966  0.679545  0.430900  0.593755  -0.614487  0.776443  0.139793  -0.400779  -0.459851  0.792410  -0.000431  0.005776  0.103734  -2.339299  0.939549  0.145982  1.000000  
150.505024 0.004747  -0.012607  -0.041825  0.680029  0.432947  0.591708  -0.614671  0.776582  0.138201  -0.399676  -0.457686  0.794218  -0.000485  0.005730  0.105317  -2.341321  0.944827  0.160783  1.000000  
150.506267 0.004747  -0.012605  -0.041679  0.680346  0.435101  0.589760  -0.614957  0.776671  0.136417  -0.398695  -0.455488  0.795973  -0.000535  0.005489  0.106977  -2.342772  0.939515  0.176158  1.000000  
150.507268 0.004746  -0.012603  -0.041561  0.680710  0.436641  0.588200  -0.615032  0.776845  0.135083  -0.397958  -0.453714  0.797354  -0.000553  0.005288  0.108014  -2.344595  0.937177  0.186824  1.000000  
150.508516 0.004744  -0.012600  -0.041417  0.681065  0.438826  0.586160  -0.615352  0.776887  0.133371  -0.396853  -0.451529  0.799143  -0.000539  0.005187  0.108805  -2.347324  0.934855  0.200240  1.000000  
150.509518 0.004742  -0.012596  -0.041306  0.681301  0.440514  0.584617  -0.615566  0.776966  0.131917  -0.396116  -0.449745  0.800513  -0.000513  0.005219  0.108935  -2.352302  0.925739  0.213882  1.000000  
150.510766 0.004741  -0.012589  -0.041170  0.681527  0.442915  0.582534  -0.616025  0.776926  0.129994  -0.395010  -0.447450  0.802344  -0.000424  0.005319  0.108885  -2.366464  0.913963  0.239922  1.000000  
150.512022 0.004742  -0.012580  -0.041033  0.681880  0.445077  0.580471  -0.616344  0.776957  0.128286  -0.393904  -0.445245  0.804112  -0.000380  0.005473  0.108618  -2.377699  0.909835  0.255725  1.000000  
150.513266 0.004742  -0.012571  -0.040890  0.682231  0.447231  0.578398  -0.616662  0.776985  0.126580  -0.392797  -0.443033  0.805874  -0.000331  0.005530  0.109246  -2.380076  0.903990  0.271010  1.000000  
150.514273 0.004743  -0.012563  -0.040770  0.682377  0.449170  0.576722  -0.617048  0.776936  0.124989  -0.391935  -0.441155  0.807322  -0.000260  0.005550  0.110257  -2.394427  0.899151  0.292329  1.000000  
150.515517 0.004743  -0.012553  -0.040614  0.682726  0.451517  0.574471  -0.617365  0.777002  0.123003  -0.390827  -0.438635  0.809230  -0.000248  0.005484  0.112388  -2.413236  0.897927  0.304927  1.000000  
150.516535 0.004742  -0.012545  -0.040486  0.682870  0.453442  0.572781  -0.617750  0.776945  0.121414  -0.389965  -0.436746  0.810667  -0.000293  0.005416  0.114377  -2.422891  0.889084  0.324195  1.000000  
150.517772 0.004742  -0.012537  -0.040320  0.683218  0.455704  0.570567  -0.618065  0.776987  0.119525  -0.388856  -0.434310  0.812506  -0.000279  0.005403  0.117074  -2.444824  0.880971  0.337946  1.000000  
150.518779 0.004741  -0.012530  -0.040188  0.683361  0.457616  0.568864  -0.618450  0.776923  0.117940  -0.387992  -0.432409  0.813931  -0.000382  0.005474  0.118680  -2.456307  0.871919  0.352007  1.000000  
150.520032 0.004740  -0.012522  -0.040025  0.683618  0.459925  0.566688  -0.618938  0.776797  0.116199  -0.386759  -0.430181  0.815697  -0.000435  0.005754  0.120022  -2.471242  0.864101  0.373524  1.000000  
150.521275 0.004739  -0.012514  -0.039863  0.683835  0.462183  0.564585  -0.619391  0.776705  0.114387  -0.385648  -0.427921  0.817410  -0.000521  0.006152  0.121037  -2.479046  0.852926  0.392946  1.000000  
150.522527 0.004735  -0.012508  -0.039706  0.684089  0.464543  0.562336  -0.619878  0.776584  0.112557  -0.384413  -0.425578  0.819213  -0.000675  0.006367  0.121780  -2.487072  0.852487  0.411173  1.000000  
150.523766 0.004730  -0.012501  -0.039553  0.684214  0.467054  0.560100  -0.620504  0.776363  0.110614  -0.383178  -0.423228  0.821007  -0.000836  0.006535  0.122652  -2.498403  0.846138  0.433989  1.000000  
150.524766 0.004727  -0.012496  -0.039433  0.684428  0.469082  0.558140  -0.620955  0.776218  0.109092  -0.382065  -0.421246  0.822544  -0.001001  0.006570  0.123370  -2.507261  0.849153  0.453921  1.000000  
150.526020 0.004723  -0.012490  -0.039279  0.684715  0.471389  0.555839  -0.621473  0.776034  0.107438  -0.380705  -0.419004  0.824318  -0.001220  0.006460  0.124504  -2.519461  0.849906  0.473232  1.000000  
150.527265 0.004719  -0.012485  -0.039119  0.684873  0.473846  0.553551  -0.622131  0.775749  0.105674  -0.379343  -0.416754  0.826084  -0.001543  0.006269  0.125922  -2.525874  0.846850  0.496958  1.000000  
150.528267 0.004715  -0.012480  -0.038987  0.685045  0.475676  0.551766  -0.622545  0.775606  0.104273  -0.378353  -0.414931  0.827455  -0.001879  0.006030  0.127005  -2.531414  0.845936  0.508168  1.000000  
150.529268 0.004711  -0.012476  -0.038852  0.685254  0.477541  0.549893  -0.622992  0.775424  0.102949  -0.377238  -0.413125  0.828866  -0.002121  0.005839  0.127926  -2.531359  0.845971  0.526947  1.000000  
150.530515 0.004705  -0.012471  -0.038683  0.685444  0.480079  0.547439  -0.623681  0.775104  0.101175  -0.375750  -0.410777  0.830707  -0.002522  0.005500  0.128714  -2.535391  0.850418  0.547341  1.000000  
150.531522 0.004701  -0.012466  -0.038550  0.685724  0.482077  0.545329  -0.624193  0.774855  0.099912  -0.374386  -0.408903  0.832246  -0.002756  0.005310  0.129134  -2.534700  0.858398  0.570164  1.000000  
150.532770 0.004693  -0.012459  -0.038387  0.685911  0.484464  0.542974  -0.624880  0.774504  0.098333  -0.372897  -0.406741  0.833972  -0.003293  0.005211  0.128883  -2.531128  0.862422  0.591039  1.000000  
150.533772 0.004686  -0.012452  -0.038260  0.686187  0.486511  0.540791  -0.625390  0.774262  0.096983  -0.371531  -0.404753  0.835548  -0.003721  0.005189  0.128634  -2.541015  0.877250  0.602432  1.000000  
150.535018 0.004676  -0.012443  -0.038099  0.686406  0.489050  0.538217  -0.626107  0.773892  0.095300  -0.369915  -0.402396  0.837401  -0.004275  0.005241  0.128496  -2.553121  0.886104  0.625001  1.000000  
150.536024 0.004668  -0.012437  -0.037969  0.686642  0.490974  0.536160  -0.626581  0.773670  0.093974  -0.368672  -0.400474  0.838869  -0.004775  0.005217  0.128415  -2.559582  0.899865  0.637367  1.000000  
150.537269 0.004658  -0.012430  -0.037802  0.687022  0.493502  0.533345  -0.627187  0.773381  0.092297  -0.366930  -0.397917  0.840847  -0.005142  0.005237  0.129012  -2.577115  0.920001  0.658409  1.000000  
150.538515 0.004648  -0.012423  -0.037633  0.687270  0.496176  0.530538  -0.627932  0.772986  0.090516  -0.365187  -0.395351  0.842815  -0.005553  0.005284  0.130058  -2.593423  0.936284  0.676065  1.000000  
150.539516 0.004639  -0.012418  -0.037495  0.687536  0.498112  0.528373  -0.628436  0.772721  0.089275  -0.363816  -0.393429  0.844305  -0.005984  0.005254  0.131396  -2.599973  0.954913  0.689666  1.000000  
150.540764 0.004627  -0.012412  -0.037323  0.687815  0.500673  0.525583  -0.629210  0.772264  0.087767  -0.361946  -0.391070  0.846203  -0.006414  0.005286  0.132478  -2.602221  0.977985  0.704547  1.000000  
150.541764 0.004618  -0.012408  -0.037184  0.687983  0.502789  0.523338  -0.629885  0.771856  0.086503  -0.360449  -0.389155  0.847723  -0.006853  0.005242  0.133360  -2.615170  0.989807  0.721649  1.000000  
150.542765 0.004609  -0.012404  -0.037047  0.688280  0.504674  0.521129  -0.630417  0.771540  0.085443  -0.358951  -0.387337  0.849190  -0.007229  0.005203  0.133747  -2.613441  1.012605  0.736974  1.000000  
150.543765 0.004599  -0.012401  -0.036914  0.688444  0.506774  0.518869  -0.631089  0.771129  0.084186  -0.357452  -0.385410  0.850698  -0.007601  0.005171  0.133750  -2.622392  1.024677  0.753929  1.000000  
150.544774 0.004589  -0.012397  -0.036780  0.688736  0.508644  0.516647  -0.631618  0.770810  0.083133  -0.355952  -0.383580  0.852153  -0.008008  0.005118  0.133474  -2.614492  1.046710  0.761472  1.000000  
150.546021 0.004578  -0.012392  -0.036618  0.689036  0.511251  0.513665  -0.632415  0.770316  0.081632  -0.353950  -0.381097  0.854098  -0.008422  0.005068  0.133188  -2.619865  1.075788  0.785559  1.000000  
150.547023 0.004567  -0.012388  -0.036489  0.689193  0.513261  0.511445  -0.633082  0.769889  0.080481  -0.352448  -0.379254  0.855539  -0.008738  0.004970  0.133050  -2.610788  1.096077  0.800604  1.000000  
150.548023 0.004556  -0.012385  -0.036357  0.689348  0.515325  0.509156  -0.633748  0.769470  0.079241  -0.350945  -0.377301  0.857019  -0.009092  0.004706  0.133317  -2.611229  1.113864  0.810898  1.000000  
