1-Time 2-Px 3-Py 4-Pz 5-R11 6-R21 7-R31 8-R12 9-R22 10-R32 11-R13 12-R23 13-R33 14-Vx 15-Vy 16-Vz 17-Wx 18-Wy 19-Wz 20-state
123.385222 0.004279  -0.012151  -0.002946  0.680125  0.731414  0.049635  -0.731892  0.681329  -0.011188  -0.042000  -0.028718  0.998705  0.000335  -0.000259  0.000465  0.000000  0.000000  0.000000  1.000000  
123.386261 0.004279  -0.012151  -0.002946  0.680125  0.731414  0.049635  -0.731892  0.681329  -0.011188  -0.042000  -0.028718  0.998705  0.000000  0.000000  0.000000  0.000000  0.000000  0.000000  1.000000  
123.387505 0.004278  -0.012146  -0.002945  0.680125  0.731414  0.049635  -0.731892  0.681329  -0.011188  -0.042000  -0.028718  0.998705  -0.000213  0.002239  0.000776  0.000000  0.000000  0.000000  1.000000  
123.388505 0.004278  -0.012140  -0.002943  0.679975  0.731554  0.049632  -0.732032  0.681178  -0.011198  -0.042000  -0.028718  0.998705  -0.000020  0.003359  0.001289  0.000000  0.000000  0.000000  1.000000  
123.389755 0.004278  -0.012136  -0.002940  0.679975  0.731554  0.049632  -0.732032  0.681178  -0.011198  -0.042000  -0.028718  0.998705  -0.000236  0.003319  0.001558  0.000000  0.000000  0.000000  1.000000  
123.390755 0.004276  -0.012134  -0.002937  0.679975  0.731554  0.049632  -0.732032  0.681178  -0.011198  -0.042000  -0.028718  0.998705  -0.000438  0.003140  0.001789  0.000000  0.000000  0.000000  1.000000  
123.391760 0.004275  -0.012131  -0.002935  0.679975  0.731554  0.049632  -0.732032  0.681178  -0.011198  -0.042000  -0.028718  0.998705  -0.000528  0.003131  0.001881  0.000000  0.000000  0.000000  1.000000  
123.392760 0.004274  -0.012127  -0.002932  0.679975  0.731554  0.049632  -0.732032  0.681178  -0.011198  -0.042000  -0.028718  0.998705  -0.000687  0.003230  0.001951  0.000000  0.000000  0.000000  1.000000  
123.393772 0.004271  -0.012122  -0.002931  0.679824  0.731694  0.049630  -0.732172  0.681028  -0.011208  -0.042000  -0.028718  0.998705  -0.000913  0.003428  0.001812  0.000000  0.000000  0.000000  1.000000  
123.395013 0.004267  -0.012117  -0.002930  0.679824  0.731694  0.049630  -0.732172  0.681028  -0.011208  -0.042000  -0.028718  0.998705  -0.001165  0.003503  0.001707  0.000000  0.000000  0.000000  1.000000  
123.396260 0.004264  -0.012112  -0.002928  0.679824  0.731694  0.049630  -0.732172  0.681028  -0.011208  -0.042000  -0.028718  0.998705  -0.001311  0.003596  0.001733  0.000000  0.000000  0.000000  1.000000  
123.397508 0.004262  -0.012107  -0.002925  0.679828  0.731697  0.049539  -0.732176  0.681025  -0.011110  -0.041867  -0.028718  0.998710  -0.001390  0.003625  0.001819  0.000000  0.000000  0.000000  1.000000  
123.398759 0.004260  -0.012101  -0.002921  0.679677  0.731831  0.049626  -0.732316  0.680876  -0.011038  -0.041867  -0.028839  0.998707  -0.001427  0.003772  0.001886  0.000000  0.000000  0.000000  1.000000  
123.399759 0.004258  -0.012095  -0.002920  0.679677  0.731831  0.049626  -0.732316  0.680876  -0.011038  -0.041867  -0.028839  0.998707  -0.001452  0.003930  0.001865  0.000000  0.000000  0.000000  1.000000  
123.401005 0.004256  -0.012085  -0.002916  0.679673  0.731828  0.049716  -0.732312  0.680878  -0.011136  -0.042000  -0.028839  0.998701  -0.001505  0.004349  0.002014  0.000000  0.000000  0.000000  1.000000  
123.402007 0.004256  -0.012076  -0.002913  0.679673  0.731828  0.049716  -0.732312  0.680878  -0.011136  -0.042000  -0.028839  0.998701  -0.001483  0.004842  0.002173  0.000000  0.000000  0.000000  1.000000  
123.403008 0.004256  -0.012067  -0.002909  0.679673  0.731828  0.049716  -0.732312  0.680878  -0.011136  -0.042000  -0.028839  0.998701  -0.001516  0.005083  0.002253  0.000000  0.000000  0.000000  1.000000  
123.404256 0.004255  -0.012056  -0.002905  0.679673  0.731828  0.049716  -0.732312  0.680878  -0.011136  -0.042000  -0.028839  0.998701  -0.001512  0.005425  0.002371  0.000000  0.000000  0.000000  1.000000  
123.405505 0.004253  -0.012047  -0.002902  0.679673  0.731828  0.049716  -0.732312  0.680878  -0.011136  -0.042000  -0.028839  0.998701  -0.001562  0.005890  0.002383  0.000000  0.000000  0.000000  1.000000  
123.406756 0.004250  -0.012038  -0.002898  0.679673  0.731828  0.049716  -0.732312  0.680878  -0.011136  -0.042000  -0.028839  0.998701  -0.001655  0.006194  0.002450  0.000000  0.000000  0.000000  1.000000  
123.407757 0.004249  -0.012030  -0.002895  0.679673  0.731828  0.049716  -0.732312  0.680878  -0.011136  -0.042000  -0.028839  0.998701  -0.001668  0.006479  0.002500  0.000000  0.000000  0.000000  1.000000  
123.409005 0.004246  -0.012021  -0.002891  0.679673  0.731828  0.049716  -0.732312  0.680878  -0.011136  -0.042000  -0.028839  0.998701  -0.001658  0.006667  0.002737  0.000000  0.000000  0.000000  1.000000  
123.410007 0.004243  -0.012014  -0.002886  0.679673  0.731828  0.049716  -0.732312  0.680878  -0.011136  -0.042000  -0.028839  0.998701  -0.001627  0.006892  0.002943  0.000000  0.000000  0.000000  1.000000  
123.411015 0.004240  -0.012007  -0.002879  0.679673  0.731828  0.049716  -0.732312  0.680878  -0.011136  -0.042000  -0.028839  0.998701  -0.001631  0.007106  0.003310  0.000000  0.000000  0.000000  1.000000  
123.412259 0.004237  -0.011997  -0.002872  0.679828  0.731685  0.049717  -0.732176  0.681028  -0.010945  -0.041867  -0.028961  0.998703  -0.001708  0.007460  0.003577  0.000000  0.000000  0.000000  1.000000  
123.413265 0.004235  -0.011988  -0.002867  0.679828  0.731685  0.049717  -0.732176  0.681028  -0.010945  -0.041867  -0.028961  0.998703  -0.001676  0.007691  0.003787  0.000000  0.000000  0.000000  1.000000  
123.414508 0.004233  -0.011977  -0.002861  0.679831  0.731687  0.049626  -0.732180  0.681025  -0.010847  -0.041733  -0.028961  0.998709  -0.001692  0.007980  0.004000  0.000000  0.000000  0.000000  1.000000  
123.415511 0.004231  -0.011967  -0.002858  0.679831  0.731687  0.049626  -0.732180  0.681025  -0.010847  -0.041733  -0.028961  0.998709  -0.001664  0.008152  0.004024  0.000000  0.000000  0.000000  1.000000  
123.416760 0.004229  -0.011956  -0.002853  0.679982  0.731547  0.049628  -0.732040  0.681175  -0.010837  -0.041733  -0.028961  0.998709  -0.001845  0.008148  0.004055  0.000000  0.000000  0.000000  1.000000  
123.417769 0.004226  -0.011947  -0.002850  0.679982  0.731547  0.049628  -0.732040  0.681175  -0.010837  -0.041733  -0.028961  0.998709  -0.002009  0.008124  0.004030  0.000000  0.000000  0.000000  1.000000  
123.419011 0.004223  -0.011936  -0.002845  0.679982  0.731547  0.049628  -0.732040  0.681175  -0.010837  -0.041733  -0.028961  0.998709  -0.002190  0.008123  0.004063  0.000000  0.000000  0.000000  1.000000  
123.420258 0.004218  -0.011927  -0.002841  0.679982  0.731547  0.049628  -0.732040  0.681175  -0.010837  -0.041733  -0.028961  0.998709  -0.002371  0.008120  0.004095  0.000000  0.000000  0.000000  1.000000  
123.421505 0.004213  -0.011919  -0.002837  0.679986  0.731550  0.049537  -0.732044  0.681173  -0.010739  -0.041599  -0.028961  0.998715  -0.002556  0.008055  0.004101  0.000000  0.000000  0.000000  1.000000  
123.422756 0.004207  -0.011911  -0.002832  0.679986  0.731550  0.049537  -0.732044  0.681173  -0.010739  -0.041599  -0.028961  0.998715  -0.002741  0.007900  0.004196  0.000000  0.000000  0.000000  1.000000  
123.423756 0.004203  -0.011904  -0.002826  0.679990  0.731546  0.049535  -0.732048  0.681171  -0.010559  -0.041466  -0.029082  0.998717  -0.002904  0.007876  0.004331  0.000000  0.000000  0.000000  1.000000  
123.425005 0.004197  -0.011896  -0.002819  0.679993  0.731549  0.049444  -0.732052  0.681168  -0.010461  -0.041332  -0.029082  0.998722  -0.003068  0.007853  0.004467  0.000000  0.000000  0.000000  1.000000  
123.426005 0.004192  -0.011890  -0.002813  0.680144  0.731409  0.049446  -0.731912  0.681319  -0.010450  -0.041332  -0.029082  0.998722  -0.003216  0.007822  0.004394  0.000000  0.000000  0.000000  1.000000  
123.427012 0.004188  -0.011883  -0.002808  0.680148  0.731412  0.049355  -0.731916  0.681316  -0.010353  -0.041198  -0.029082  0.998728  -0.003315  0.007730  0.004307  0.000000  0.000000  0.000000  1.000000  
123.428258 0.004184  -0.011874  -0.002803  0.680152  0.731408  0.049353  -0.731920  0.681314  -0.010172  -0.041065  -0.029204  0.998730  -0.003420  0.007649  0.004241  0.000000  0.000000  0.000000  1.000000  
123.429261 0.004181  -0.011864  -0.002799  0.680152  0.731408  0.049353  -0.731920  0.681314  -0.010172  -0.041065  -0.029204  0.998730  -0.003518  0.007619  0.004179  0.000000  0.000000  0.000000  1.000000  
123.430512 0.004176  -0.011853  -0.002794  0.680155  0.731411  0.049262  -0.731924  0.681311  -0.010074  -0.040931  -0.029204  0.998735  -0.003690  0.007606  0.004323  0.000000  0.000000  0.000000  1.000000  
123.431759 0.004171  -0.011844  -0.002786  0.680159  0.731414  0.049171  -0.731928  0.681309  -0.009976  -0.040797  -0.029204  0.998741  -0.003866  0.007466  0.004461  0.000000  0.000000  0.000000  1.000000  
123.432762 0.004167  -0.011837  -0.002781  0.680163  0.731410  0.049169  -0.731932  0.681307  -0.009796  -0.040664  -0.029325  0.998742  -0.003941  0.007344  0.004596  0.000000  0.000000  0.000000  1.000000  
123.433764 0.004163  -0.011831  -0.002774  0.680317  0.731273  0.049080  -0.731796  0.681455  -0.009688  -0.040530  -0.029326  0.998748  -0.004077  0.007125  0.004834  0.000000  0.000000  0.000000  1.000000  
123.435008 0.004157  -0.011824  -0.002767  0.680321  0.731269  0.049077  -0.731800  0.681453  -0.009507  -0.040396  -0.029447  0.998750  -0.004140  0.007012  0.004968  0.000000  0.000000  0.000000  1.000000  
123.436296 0.004150  -0.011818  -0.002761  0.680328  0.731269  0.048984  -0.731808  0.681448  -0.009229  -0.040129  -0.029568  0.998757  -0.004231  0.006869  0.005145  0.000000  0.000000  0.000000  1.000000  
123.437511 0.004144  -0.011810  -0.002754  0.680336  0.731268  0.048891  -0.731816  0.681444  -0.008950  -0.039861  -0.029690  0.998764  -0.004276  0.006854  0.005238  0.000000  0.000000  0.000000  1.000000  
123.438759 0.004139  -0.011803  -0.002747  0.680343  0.731268  0.048797  -0.731824  0.681439  -0.008672  -0.039594  -0.029811  0.998771  -0.004231  0.006802  0.005237  0.000000  0.000000  0.000000  1.000000  
123.440012 0.004135  -0.011796  -0.002741  0.680350  0.731267  0.048704  -0.731831  0.681434  -0.008394  -0.039327  -0.029933  0.998778  -0.004039  0.006727  0.005125  0.000000  0.000000  0.000000  1.000000  
123.441258 0.004131  -0.011787  -0.002735  0.680357  0.731267  0.048611  -0.731839  0.681429  -0.008115  -0.039059  -0.030054  0.998785  -0.003940  0.006714  0.005149  0.000000  0.000000  0.000000  1.000000  
123.442505 0.004128  -0.011779  -0.002729  0.680515  0.731120  0.048608  -0.731707  0.681576  -0.007744  -0.038792  -0.030297  0.998788  -0.003875  0.006708  0.005119  0.000000  0.000000  0.000000  1.000000  
123.443511 0.004125  -0.011771  -0.002724  0.680522  0.731120  0.048515  -0.731714  0.681571  -0.007466  -0.038524  -0.030418  0.998795  -0.003840  0.006733  0.005194  0.000000  0.000000  0.000000  1.000000  
123.444767 0.004123  -0.011761  -0.002716  0.680532  0.731116  0.048419  -0.731726  0.681563  -0.007007  -0.038123  -0.030661  0.998803  -0.003726  0.006570  0.005409  0.000000  0.000000  0.000000  1.000000  
123.446007 0.004119  -0.011752  -0.002707  0.680543  0.731119  0.048235  -0.731737  0.681555  -0.006631  -0.037722  -0.030783  0.998814  -0.003698  0.006491  0.005585  0.000000  0.000000  0.000000  1.000000  
123.447008 0.004116  -0.011746  -0.002699  0.680550  0.731113  0.048230  -0.731744  0.681551  -0.006270  -0.037455  -0.031025  0.998817  -0.003589  0.006431  0.005711  0.000000  0.000000  0.000000  1.000000  
123.448018 0.004112  -0.011739  -0.002691  0.680560  0.731116  0.048046  -0.731755  0.681542  -0.005893  -0.037054  -0.031147  0.998828  -0.003577  0.006388  0.005831  0.000000  0.000000  0.000000  1.000000  
123.449258 0.004108  -0.011732  -0.002682  0.680724  0.730969  0.047949  -0.731629  0.681683  -0.005244  -0.036519  -0.031511  0.998836  -0.003512  0.006405  0.005945  0.086704  0.176156  -0.022339  1.000000  
123.450262 0.004104  -0.011726  -0.002676  0.680730  0.730969  0.047855  -0.731636  0.681677  -0.004966  -0.036251  -0.031632  0.998842  -0.003425  0.006483  0.006092  0.090760  0.185113  -0.022051  1.000000  
123.451508 0.004100  -0.011717  -0.002666  0.680744  0.730963  0.047757  -0.731651  0.681666  -0.004326  -0.035717  -0.031997  0.998850  -0.003311  0.006574  0.006253  0.103006  0.198650  -0.021612  1.000000  
123.452513 0.004097  -0.011711  -0.002659  0.680750  0.730958  0.047752  -0.731658  0.681661  -0.003965  -0.035449  -0.032239  0.998851  -0.003155  0.006651  0.006376  0.111126  0.207586  -0.021307  1.000000  
123.453763 0.004093  -0.011702  -0.002650  0.680763  0.730952  0.047654  -0.731671  0.681650  -0.003326  -0.034914  -0.032603  0.998858  -0.003066  0.006751  0.006502  0.119263  0.221063  -0.020839  1.000000  
123.455008 0.004091  -0.011692  -0.002640  0.680776  0.730947  0.047556  -0.731685  0.681638  -0.002686  -0.034379  -0.032967  0.998865  -0.002985  0.006933  0.006789  0.131504  0.234588  -0.020384  1.000000  
123.456037 0.004088  -0.011683  -0.002632  0.680785  0.730944  0.047460  -0.731695  0.681629  -0.002227  -0.033978  -0.033210  0.998871  -0.002930  0.007059  0.006939  0.139329  0.247749  -0.013018  1.000000  
123.457309 0.004086  -0.011673  -0.002622  0.680951  0.730796  0.047360  -0.731571  0.681764  -0.001398  -0.033310  -0.033695  0.998877  -0.002839  0.007145  0.007216  0.155727  0.265681  -0.019283  1.000000  
123.458507 0.004083  -0.011663  -0.002611  0.680963  0.730786  0.047350  -0.731584  0.681751  -0.000676  -0.032775  -0.034181  0.998878  -0.002812  0.007186  0.007541  0.166818  0.277304  -0.018651  1.000000  
123.459774 0.004080  -0.011654  -0.002600  0.680975  0.730775  0.047341  -0.731597  0.681737  0.000047  -0.032240  -0.034666  0.998879  -0.002821  0.007117  0.007766  0.184409  0.292946  -0.018298  1.000000  
123.461009 0.004076  -0.011646  -0.002588  0.680986  0.730765  0.047331  -0.731609  0.681724  0.000769  -0.031705  -0.035151  0.998879  -0.002875  0.007108  0.007907  0.199128  0.304028  -0.017654  1.000000  
123.462259 0.004072  -0.011637  -0.002577  0.680998  0.730755  0.047321  -0.731622  0.681709  0.001491  -0.031170  -0.035636  0.998879  -0.002836  0.007198  0.008008  0.212999  0.320036  -0.017269  1.000000  
123.463262 0.004069  -0.011629  -0.002568  0.681160  0.730605  0.047311  -0.731494  0.681845  0.002222  -0.030635  -0.036122  0.998878  -0.002799  0.007290  0.008114  0.227412  0.335237  -0.016466  1.000000  
123.464506 0.004066  -0.011621  -0.002557  0.681174  0.730598  0.047210  -0.731508  0.681826  0.003042  -0.029966  -0.036607  0.998880  -0.002746  0.007291  0.008188  0.239557  0.348657  -0.015924  1.000000  
123.465509 0.004062  -0.011613  -0.002548  0.681187  0.730592  0.047109  -0.731523  0.681806  0.003862  -0.029298  -0.037092  0.998882  -0.002725  0.007397  0.008343  0.257961  0.369702  -0.015379  1.000000  
123.466757 0.004059  -0.011603  -0.002535  0.681351  0.730440  0.047096  -0.731397  0.681935  0.004774  -0.028629  -0.037699  0.998879  -0.002673  0.007543  0.008694  0.272125  0.380113  -0.021519  1.000000  
123.468007 0.004055  -0.011593  -0.002521  0.681366  0.730433  0.046992  -0.731413  0.681910  0.005775  -0.027827  -0.038306  0.998879  -0.002665  0.007648  0.008941  0.288260  0.402377  -0.020621  1.000000  
123.469007 0.004053  -0.011585  -0.002510  0.681379  0.730427  0.046891  -0.731427  0.681888  0.006595  -0.027158  -0.038791  0.998878  -0.002632  0.007671  0.009174  0.302839  0.419168  -0.020204  1.000000  
123.470255 0.004050  -0.011574  -0.002496  0.681542  0.730271  0.046966  -0.731300  0.682014  0.007589  -0.026489  -0.039519  0.998868  -0.002616  0.007709  0.009459  0.319377  0.428438  -0.026602  1.000000  
123.471255 0.004048  -0.011565  -0.002484  0.681554  0.730266  0.046865  -0.731313  0.681991  0.008409  -0.025820  -0.040004  0.998866  -0.002648  0.007737  0.009721  0.332902  0.442742  -0.025655  1.000000  
123.472255 0.004046  -0.011557  -0.002473  0.681716  0.730116  0.046850  -0.731185  0.682116  0.009321  -0.025151  -0.040610  0.998858  -0.002674  0.007776  0.009964  0.347879  0.459916  -0.025201  1.000000  
123.473258 0.004044  -0.011548  -0.002462  0.681729  0.730110  0.046746  -0.731199  0.682086  0.010321  -0.024349  -0.041217  0.998853  -0.002682  0.007760  0.010138  0.361194  0.474005  -0.024190  1.000000  
123.474258 0.004040  -0.011541  -0.002451  0.681891  0.729960  0.046731  -0.731071  0.682209  0.011234  -0.023680  -0.041824  0.998844  -0.002750  0.007780  0.010308  0.377507  0.487564  -0.030385  1.000000  
123.475261 0.004038  -0.011533  -0.002439  0.681903  0.729949  0.046715  -0.731084  0.682176  0.012316  -0.022878  -0.042551  0.998832  -0.002717  0.007797  0.010409  0.397955  0.505734  -0.029545  1.000000  
123.476511 0.004034  -0.011525  -0.002427  0.682068  0.729796  0.046694  -0.730959  0.682286  0.013589  -0.021941  -0.043400  0.998817  -0.002736  0.007831  0.010447  0.421560  0.523367  -0.035905  1.000000  
123.477514 0.004030  -0.011518  -0.002416  0.682232  0.729650  0.046584  -0.730834  0.682396  0.014779  -0.021005  -0.044128  0.998805  -0.002739  0.007756  0.010569  0.437932  0.545986  -0.041707  1.000000  
123.478516 0.004027  -0.011511  -0.002406  0.682246  0.729644  0.046477  -0.730848  0.682354  0.015960  -0.020068  -0.044856  0.998792  -0.002739  0.007751  0.010725  0.454004  0.563724  -0.033848  1.000000  
123.479761 0.004024  -0.011502  -0.002391  0.682412  0.729496  0.046360  -0.730724  0.682448  0.017511  -0.018864  -0.045826  0.998771  -0.002708  0.007777  0.010964  0.474803  0.586275  -0.039060  1.000000  
123.480783 0.004021  -0.011495  -0.002378  0.682573  0.729342  0.046429  -0.730595  0.682556  0.018686  -0.018062  -0.046675  0.998747  -0.002725  0.007714  0.011134  0.498892  0.604449  -0.045410  1.000000  
123.482011 0.004017  -0.011485  -0.002363  0.682737  0.729189  0.046400  -0.730469  0.682643  0.020319  -0.016858  -0.047766  0.998716  -0.002750  0.007674  0.011335  0.527903  0.632140  -0.050873  1.000000  
123.483012 0.004015  -0.011477  -0.002349  0.682898  0.729034  0.046464  -0.730340  0.682740  0.021674  -0.015921  -0.048736  0.998685  -0.002667  0.007713  0.011436  0.548480  0.650510  -0.056641  1.000000  
123.484258 0.004012  -0.011467  -0.002335  0.683211  0.728749  0.046340  -0.730072  0.682975  0.023234  -0.014717  -0.049706  0.998655  -0.002688  0.007670  0.011467  0.568419  0.672401  -0.068383  1.000000  
123.485258 0.004010  -0.011460  -0.002323  0.683372  0.728600  0.046312  -0.729943  0.683062  0.024687  -0.013647  -0.050676  0.998622  -0.002663  0.007570  0.011491  0.593656  0.696348  -0.074665  1.000000  
123.486507 0.004007  -0.011450  -0.002308  0.683534  0.728456  0.046189  -0.729815  0.683134  0.026418  -0.012309  -0.051767  0.998583  -0.002719  0.007487  0.011606  0.617979  0.718831  -0.073198  1.000000  
123.487512 0.004004  -0.011443  -0.002296  0.683693  0.728308  0.046159  -0.729683  0.683217  0.027870  -0.011239  -0.052736  0.998545  -0.002743  0.007383  0.011600  0.633379  0.735767  -0.078035  1.000000  
123.488757 0.004001  -0.011435  -0.002281  0.684004  0.728019  0.046114  -0.729413  0.683421  0.029873  -0.009767  -0.054070  0.998489  -0.002794  0.007292  0.011697  0.667135  0.769271  -0.090616  1.000000  
123.489758 0.003997  -0.011428  -0.002268  0.684162  0.727879  0.045992  -0.729280  0.683493  0.031423  -0.008563  -0.055039  0.998447  -0.002782  0.007277  0.011806  0.682282  0.794934  -0.094869  1.000000  
123.490848 0.003995  -0.011422  -0.002255  0.684318  0.727734  0.045957  -0.729146  0.683559  0.033055  -0.007359  -0.056129  0.998396  -0.002725  0.007188  0.011900  0.705923  0.821564  -0.100568  1.000000  
123.492008 0.003991  -0.011414  -0.002239  0.684625  0.727459  0.045731  -0.728871  0.683761  0.034892  -0.005887  -0.057220  0.998344  -0.002762  0.007177  0.012151  0.726526  0.853519  -0.111491  1.000000  
123.493027 0.003987  -0.011408  -0.002226  0.684780  0.727327  0.045515  -0.728736  0.683820  0.036538  -0.004549  -0.058189  0.998295  -0.002801  0.007076  0.012360  0.744287  0.882745  -0.110629  1.000000  
123.494263 0.003984  -0.011400  -0.002210  0.684934  0.727190  0.045380  -0.728599  0.683850  0.038628  -0.002944  -0.059521  0.998223  -0.002724  0.007057  0.012444  0.772971  0.914873  -0.115258  1.000000  
123.495509 0.003981  -0.011392  -0.002194  0.685237  0.726909  0.045324  -0.728319  0.684022  0.040809  -0.001338  -0.060974  0.998138  -0.002712  0.006970  0.012501  0.801573  0.942682  -0.126821  1.000000  
123.496510 0.003979  -0.011386  -0.002182  0.685537  0.726634  0.045185  -0.728038  0.684215  0.042547  0.000000  -0.062064  0.998072  -0.002682  0.006884  0.012521  0.821971  0.970172  -0.131658  1.000000  
123.497759 0.003976  -0.011378  -0.002168  0.685836  0.726362  0.045034  -0.727754  0.684371  0.044825  0.001739  -0.063517  0.997979  -0.002694  0.006753  0.012317  0.850466  1.002466  -0.142881  1.000000  
123.499005 0.003973  -0.011371  -0.002153  0.686132  0.726092  0.044878  -0.727468  0.684510  0.047283  0.003613  -0.065090  0.997873  -0.002693  0.006548  0.012346  0.879810  1.035216  -0.152313  1.000000  
123.500007 0.003970  -0.011365  -0.002142  0.686278  0.725951  0.044921  -0.727323  0.684531  0.049177  0.004951  -0.066421  0.997779  -0.002750  0.006412  0.012268  0.907223  1.066351  -0.151302  1.000000  
123.501255 0.003966  -0.011359  -0.002127  0.686570  0.725673  0.044941  -0.727033  0.684659  0.051620  0.006690  -0.068115  0.997655  -0.002748  0.006205  0.012293  0.940064  1.094112  -0.160681  1.000000  
123.502255 0.003963  -0.011355  -0.002115  0.686863  0.725395  0.044971  -0.726743  0.684821  0.053523  0.008028  -0.069445  0.997553  -0.002815  0.005942  0.012326  0.964143  1.116899  -0.165245  1.000000  
123.503505 0.003959  -0.011349  -0.002098  0.687151  0.725115  0.045076  -0.726449  0.684931  0.056048  0.009767  -0.071259  0.997410  -0.002809  0.005798  0.012377  1.000454  1.144755  -0.176046  1.000000  
123.504506 0.003956  -0.011346  -0.002085  0.687440  0.724834  0.045187  -0.726155  0.685063  0.058213  0.011239  -0.072830  0.997281  -0.002787  0.005637  0.012373  1.033257  1.173163  -0.182035  1.000000  
123.505755 0.003952  -0.011341  -0.002069  0.687724  0.724558  0.045288  -0.725856  0.685160  0.060737  0.012978  -0.074643  0.997126  -0.002851  0.005453  0.012450  1.064559  1.194918  -0.184087  1.000000  
123.506756 0.003949  -0.011337  -0.002056  0.688008  0.724288  0.045304  -0.725557  0.685272  0.062998  0.014584  -0.076214  0.996985  -0.002815  0.005265  0.012386  1.093043  1.223167  -0.194892  1.000000  
123.508007 0.003946  -0.011332  -0.002041  0.688436  0.723882  0.045296  -0.725111  0.685498  0.065628  0.016456  -0.078025  0.996816  -0.002730  0.005104  0.012362  1.120825  1.246393  -0.205502  1.000000  
123.509255 0.003942  -0.011328  -0.002025  0.688859  0.723480  0.045281  -0.724660  0.685700  0.068437  0.018463  -0.079957  0.996627  -0.002794  0.004835  0.012380  1.152499  1.278453  -0.215388  1.000000  
123.510288 0.003940  -0.011324  -0.002012  0.689138  0.723208  0.045383  -0.724356  0.685802  0.070600  0.019935  -0.081526  0.996472  -0.002754  0.004616  0.012318  1.180844  1.297444  -0.221641  1.000000  
123.511508 0.003937  -0.011320  -0.001997  0.689554  0.722812  0.045358  -0.723898  0.685972  0.073587  0.022075  -0.083577  0.996257  -0.002807  0.004377  0.012298  1.214506  1.331841  -0.229666  1.000000  
123.512758 0.003934  -0.011317  -0.001983  0.689969  0.722407  0.045510  -0.723438  0.686131  0.076560  0.024081  -0.085748  0.996026  -0.002779  0.004074  0.012350  1.243941  1.361718  -0.238562  1.000000  
123.514009 0.003930  -0.011314  -0.001968  0.690379  0.722006  0.045655  -0.722973  0.686263  0.079712  0.026222  -0.088038  0.995772  -0.002849  0.003761  0.012399  1.283648  1.389700  -0.248088  1.000000  
123.515259 0.003926  -0.011312  -0.001953  0.690787  0.721606  0.045800  -0.722507  0.686402  0.082683  0.028228  -0.090207  0.995523  -0.002870  0.003440  0.012428  1.322109  1.420035  -0.253300  1.000000  
123.516260 0.003922  -0.011311  -0.001940  0.691201  0.721189  0.046131  -0.722046  0.686568  0.085282  0.029833  -0.092256  0.995288  -0.002967  0.003206  0.012402  1.362293  1.439370  -0.263743  1.000000  
123.517506 0.003916  -0.011309  -0.001925  0.691604  0.720782  0.046445  -0.721575  0.686667  0.088419  0.031839  -0.094664  0.995000  -0.003031  0.003002  0.012463  1.399161  1.460413  -0.270585  1.000000  
123.518755 0.003912  -0.011309  -0.001910  0.692149  0.720251  0.046557  -0.720954  0.686905  0.091577  0.033978  -0.096950  0.994709  -0.003072  0.002639  0.012365  1.430471  1.483997  -0.279891  1.000000  
123.519756 0.003908  -0.011308  -0.001898  0.692556  0.719840  0.046878  -0.720486  0.687045  0.094174  0.035583  -0.098996  0.994451  -0.003133  0.002436  0.012257  1.466072  1.498779  -0.290281  1.000000  
123.521005 0.003904  -0.011307  -0.001884  0.692946  0.719450  0.047089  -0.720002  0.687103  0.097404  0.037722  -0.101400  0.994130  -0.003182  0.002154  0.012073  1.506024  1.521500  -0.295877  1.000000  
123.522008 0.003901  -0.011305  -0.001873  0.693344  0.719046  0.047399  -0.719525  0.687203  0.100179  0.039460  -0.103563  0.993840  -0.003224  0.001999  0.011939  1.549795  1.540784  -0.305866  1.000000  
123.523255 0.003897  -0.011304  -0.001860  0.693880  0.718499  0.047849  -0.718896  0.687371  0.103487  0.041466  -0.106206  0.993479  -0.003222  0.001794  0.011812  1.596017  1.560408  -0.319564  1.000000  
123.524505 0.003892  -0.011303  -0.001846  0.694404  0.717975  0.048109  -0.718254  0.687506  0.106986  0.043738  -0.108846  0.993096  -0.003353  0.001598  0.011750  1.632083  1.581316  -0.327490  1.000000  
123.525509 0.003889  -0.011302  -0.001834  0.694794  0.717572  0.048496  -0.717770  0.687562  0.109842  0.045476  -0.111126  0.992765  -0.003383  0.001461  0.011728  1.677136  1.599954  -0.333763  1.000000  
123.526511 0.003885  -0.011301  -0.001822  0.695329  0.717029  0.048856  -0.717139  0.687756  0.112707  0.047213  -0.113405  0.992426  -0.003518  0.001239  0.011686  1.716484  1.615610  -0.350484  1.000000  
123.527514 0.003881  -0.011300  -0.001811  0.695718  0.716626  0.049241  -0.716655  0.687818  0.115382  0.048817  -0.115562  0.992100  -0.003591  0.001116  0.011658  1.748092  1.621246  -0.354197  1.000000  
123.528515 0.003877  -0.011300  -0.001800  0.696247  0.716093  0.049507  -0.716019  0.688007  0.118162  0.050554  -0.117718  0.991759  -0.003648  0.000978  0.011579  1.775079  1.632557  -0.371133  1.000000  
123.529516 0.003872  -0.011300  -0.001789  0.696774  0.715562  0.049768  -0.715382  0.688188  0.120942  0.052291  -0.119872  0.991411  -0.003706  0.000839  0.011501  1.806490  1.643468  -0.381285  1.000000  
123.530768 0.003868  -0.011301  -0.001776  0.697426  0.714894  0.050237  -0.714577  0.688354  0.124694  0.054563  -0.122863  0.990923  -0.003732  0.000669  0.011316  1.849336  1.668456  -0.395814  1.000000  
123.532013 0.003863  -0.011301  -0.001765  0.698077  0.714219  0.050791  -0.713774  0.688515  0.128351  0.056700  -0.125852  0.990427  -0.003700  0.000641  0.011051  1.892650  1.685065  -0.411218  1.000000  
123.533258 0.003858  -0.011300  -0.001754  0.698578  0.713687  0.051366  -0.713110  0.688513  0.131996  0.058837  -0.128839  0.989918  -0.003719  0.000602  0.010763  1.932162  1.701184  -0.419582  1.000000  
123.534258 0.003854  -0.011300  -0.001746  0.699093  0.713147  0.051868  -0.712461  0.688599  0.135022  0.060574  -0.131347  0.989484  -0.003706  0.000527  0.010526  1.963394  1.712473  -0.428900  1.000000  
123.535261 0.003852  -0.011299  -0.001738  0.699610  0.712596  0.052459  -0.711814  0.688687  0.137952  0.062176  -0.133854  0.989049  -0.003639  0.000527  0.010335  1.998352  1.723448  -0.438193  1.000000  
123.536263 0.003848  -0.011299  -0.001730  0.700125  0.712047  0.053045  -0.711166  0.688764  0.140882  0.063779  -0.136359  0.988604  -0.003675  0.000439  0.010069  2.033384  1.725695  -0.448434  1.000000  
123.537512 0.003844  -0.011299  -0.001719  0.700765  0.711364  0.053751  -0.710352  0.688849  0.144522  0.065781  -0.139458  0.988041  -0.003628  0.000392  0.009910  2.072399  1.732855  -0.457261  1.000000  
123.538758 0.003840  -0.011298  -0.001709  0.701396  0.710690  0.054443  -0.709529  0.688886  0.148338  0.067917  -0.142672  0.987437  -0.003647  0.000353  0.009622  2.111374  1.740978  -0.468084  1.000000  
123.539761 0.003837  -0.011298  -0.001702  0.701902  0.710139  0.055100  -0.708873  0.688907  0.151348  0.069519  -0.145291  0.986944  -0.003613  0.000325  0.009353  2.149870  1.743270  -0.478022  1.000000  
123.540762 0.003833  -0.011297  -0.001694  0.702552  0.709448  0.055722  -0.708070  0.689063  0.154369  0.071121  -0.147907  0.986441  -0.003641  0.000281  0.009109  2.185254  1.750704  -0.492328  1.000000  
123.542012 0.003828  -0.011297  -0.001685  0.703171  0.708767  0.056568  -0.707237  0.689015  0.158348  0.073256  -0.151353  0.985762  -0.003643  0.000226  0.008773  2.225897  1.753545  -0.502608  1.000000  
123.543025 0.003825  -0.011297  -0.001679  0.703670  0.708220  0.057211  -0.706573  0.688999  0.161355  0.074857  -0.153964  0.985237  -0.003611  0.000220  0.008343  2.253807  1.751448  -0.511095  1.000000  
123.544263 0.003820  -0.011297  -0.001671  0.704427  0.707409  0.057924  -0.705588  0.689082  0.165260  0.076992  -0.157284  0.984548  -0.003547  0.000224  0.008005  2.292496  1.760287  -0.526270  1.000000  
123.545265 0.003817  -0.011296  -0.001666  0.704912  0.706881  0.058464  -0.704912  0.689024  0.168357  0.078726  -0.159889  0.983991  -0.003474  0.000292  0.007682  2.319067  1.766531  -0.528470  1.000000  
123.546517 0.003813  -0.011296  -0.001658  0.705669  0.706052  0.059342  -0.703928  0.689069  0.172249  0.080726  -0.163323  0.983264  -0.003405  0.000295  0.007333  2.353261  1.770891  -0.543736  1.000000  
123.547761 0.003810  -0.011295  -0.001651  0.706422  0.705225  0.060211  -0.702940  0.689094  0.176139  0.082727  -0.166753  0.982522  -0.003321  0.000343  0.007122  2.383535  1.775563  -0.558923  1.000000  
123.549011 0.003807  -0.011294  -0.001645  0.707170  0.704393  0.061158  -0.701948  0.689078  0.180111  0.084727  -0.170299  0.981743  -0.003198  0.000422  0.006824  2.421707  1.774560  -0.567713  1.000000  
123.550262 0.003804  -0.011293  -0.001639  0.707923  0.703554  0.062104  -0.700962  0.689080  0.183905  0.086593  -0.173723  0.980980  -0.003161  0.000457  0.006584  2.455891  1.769201  -0.577257  1.000000  
123.551262 0.003802  -0.011292  -0.001634  0.708552  0.702846  0.062934  -0.700142  0.689083  0.186991  0.088059  -0.176555  0.980344  -0.003075  0.000481  0.006397  2.482196  1.768041  -0.587066  1.000000  
123.552507 0.003799  -0.011292  -0.001630  0.709289  0.702019  0.063857  -0.699141  0.689012  0.190958  0.090058  -0.180089  0.979519  -0.003042  0.000457  0.005981  2.512611  1.767709  -0.595798  1.000000  
123.553511 0.003797  -0.011292  -0.001626  0.710057  0.701163  0.064719  -0.698171  0.689107  0.194138  0.091524  -0.183034  0.978837  -0.002927  0.000432  0.005599  2.538066  1.763136  -0.612829  1.000000  
123.554758 0.003794  -0.011292  -0.001623  0.710948  0.700154  0.065857  -0.697034  0.689154  0.198016  0.093256  -0.186683  0.977984  -0.002847  0.000397  0.005246  2.567790  1.755019  -0.629488  1.000000  
123.555762 0.003792  -0.011292  -0.001621  0.711566  0.699442  0.066746  -0.696205  0.689075  0.201180  0.094721  -0.189622  0.977278  -0.002783  0.000338  0.004880  2.589917  1.750564  -0.640109  1.000000  
123.557008 0.003788  -0.011293  -0.001619  0.712297  0.698594  0.067815  -0.695200  0.688924  0.205133  0.096586  -0.193260  0.976382  -0.002689  0.000247  0.004410  2.620818  1.745438  -0.642602  1.000000  
123.558012 0.003786  -0.011294  -0.001618  0.712910  0.697892  0.068606  -0.694367  0.688841  0.208212  0.098050  -0.196074  0.975675  -0.002594  0.000215  0.004124  2.641154  1.739421  -0.652623  1.000000  
123.559012 0.003783  -0.011294  -0.001616  0.713653  0.697050  0.069424  -0.693375  0.688820  0.211561  0.099648  -0.199118  0.974896  -0.002575  0.000207  0.003758  2.672475  1.743147  -0.661517  1.000000  
123.560018 0.003781  -0.011294  -0.001616  0.714403  0.696191  0.070328  -0.692390  0.688802  0.214818  0.101113  -0.202162  0.974119  -0.002467  0.000193  0.003391  2.698161  1.738121  -0.671659  1.000000  
123.561086 0.003779  -0.011294  -0.001614  0.715150  0.695341  0.071141  -0.691403  0.688797  0.217991  0.102577  -0.205084  0.973354  -0.002391  0.000132  0.003005  2.709549  1.724881  -0.681045  1.000000  
123.562263 0.003776  -0.011294  -0.001613  0.716016  0.694329  0.072304  -0.690247  0.688695  0.221943  0.104307  -0.208822  0.972375  -0.002353  0.000089  0.002700  2.741397  1.715851  -0.693148  1.000000  
123.563267 0.003774  -0.011294  -0.001612  0.716767  0.693461  0.073195  -0.689265  0.688679  0.225024  0.105637  -0.211740  0.971600  -0.002303  0.000044  0.002381  2.757954  1.711983  -0.710106  1.000000  
123.564514 0.003772  -0.011294  -0.001613  0.717768  0.692317  0.074208  -0.687955  0.688709  0.228905  0.107367  -0.215352  0.970616  -0.002273  -0.000044  0.001931  2.771292  1.709608  -0.726040  1.000000  
123.565769 0.003769  -0.011294  -0.001613  0.718905  0.691024  0.075246  -0.686494  0.688833  0.232883  0.109096  -0.219076  0.969589  -0.002222  -0.000085  0.001454  2.791296  1.703708  -0.749382  1.000000  
123.567012 0.003767  -0.011294  -0.001614  0.719896  0.689864  0.076402  -0.685177  0.688765  0.236928  0.110825  -0.222913  0.968518  -0.002187  -0.000139  0.001092  2.816478  1.701531  -0.765210  1.000000  
123.568018 0.003765  -0.011294  -0.001617  0.720644  0.688957  0.077521  -0.684195  0.688649  0.240082  0.112021  -0.226053  0.967652  -0.002188  -0.000166  0.000686  2.837244  1.692441  -0.775908  1.000000  
123.569258 0.003762  -0.011295  -0.001619  0.721639  0.687767  0.078834  -0.682883  0.688533  0.244119  0.113617  -0.230000  0.966536  -0.002203  -0.000231  0.000312  2.859137  1.682471  -0.791645  1.000000  
123.570508 0.003759  -0.011297  -0.001623  0.722640  0.686572  0.080063  -0.681578  0.688475  0.247898  0.115079  -0.233710  0.965472  -0.002188  -0.000302  -0.000079  2.871447  1.671694  -0.808882  1.000000  
123.571758 0.003756  -0.011298  -0.001626  0.723615  0.685414  0.081175  -0.680249  0.688324  0.251937  0.116807  -0.237525  0.964333  -0.002188  -0.000358  -0.000417  2.888156  1.668491  -0.817618  1.000000  
123.572762 0.003754  -0.011299  -0.001630  0.724491  0.684375  0.082123  -0.679108  0.688314  0.255020  0.118002  -0.240530  0.963442  -0.002186  -0.000325  -0.000823  2.902214  1.657694  -0.838885  1.000000  
123.574008 0.003751  -0.011299  -0.001634  0.725481  0.683160  0.083485  -0.677795  0.688137  0.258963  0.119464  -0.244459  0.962273  -0.002136  -0.000391  -0.001200  2.922593  1.642005  -0.847993  1.000000  
123.575012 0.003749  -0.011300  -0.001639  0.726351  0.682110  0.084499  -0.676650  0.688065  0.262128  0.120659  -0.247573  0.961327  -0.002136  -0.000447  -0.001538  2.937898  1.630566  -0.866327  1.000000  
123.576018 0.003746  -0.011301  -0.001642  0.727218  0.681060  0.085504  -0.675503  0.687979  0.265291  0.121855  -0.250683  0.960370  -0.002191  -0.000453  -0.001884  2.951241  1.621885  -0.880000  1.000000  
123.577263 0.003743  -0.011301  -0.001649  0.728324  0.679728  0.086684  -0.674021  0.687862  0.269336  0.123448  -0.254591  0.959137  -0.002190  -0.000525  -0.002480  2.967277  1.616355  -0.896614  1.000000  
123.578511 0.003740  -0.011302  -0.001655  0.729299  0.678523  0.087920  -0.672697  0.687638  0.273190  0.124908  -0.258380  0.957934  -0.002244  -0.000551  -0.002837  2.971775  1.605125  -0.907412  1.000000  
123.579758 0.003737  -0.011303  -0.001662  0.730420  0.677140  0.089263  -0.671231  0.687524  0.277057  0.126236  -0.262284  0.956698  -0.002307  -0.000599  -0.003304  2.987509  1.596809  -0.921998  1.000000  
123.580758 0.003735  -0.011303  -0.001668  0.731274  0.676078  0.090311  -0.670074  0.687337  0.280300  0.127430  -0.265491  0.955655  -0.002290  -0.000608  -0.003671  3.004935  1.594138  -0.932287  1.000000  
123.581779 0.003732  -0.011303  -0.001674  0.732138  0.675001  0.091363  -0.668927  0.687195  0.283372  0.128492  -0.268582  0.954648  -0.002386  -0.000606  -0.004016  3.017393  1.580511  -0.947633  1.000000  
123.583007 0.003729  -0.011304  -0.001681  0.733236  0.673654  0.092496  -0.667441  0.687034  0.287239  0.129951  -0.272349  0.953383  -0.002416  -0.000648  -0.004268  3.021503  1.577795  -0.961167  1.000000  
123.584012 0.003726  -0.011305  -0.001687  0.734093  0.672577  0.093530  -0.666290  0.686861  0.290308  0.131013  -0.275431  0.952351  -0.002418  -0.000623  -0.004575  3.028236  1.567910  -0.969549  1.000000  
123.585255 0.003723  -0.011306  -0.001694  0.735196  0.671191  0.094816  -0.664811  0.686652  0.294170  0.132339  -0.279307  0.951038  -0.002424  -0.000618  -0.004839  3.035192  1.565005  -0.982449  1.000000  
123.586505 0.003720  -0.011306  -0.001702  0.736431  0.669651  0.096108  -0.663177  0.686523  0.298133  0.133665  -0.283291  0.949674  -0.002433  -0.000532  -0.005074  3.042111  1.558167  -1.006635  1.000000  
123.587756 0.003718  -0.011306  -0.001710  0.737674  0.668095  0.097399  -0.661551  0.686433  0.301927  0.134858  -0.287158  0.948342  -0.002382  -0.000513  -0.005363  3.053540  1.540919  -1.026633  1.000000  
123.589005 0.003716  -0.011306  -0.001720  0.738913  0.666537  0.098675  -0.659923  0.686321  0.305721  0.136051  -0.291019  0.946994  -0.002359  -0.000459  -0.005702  3.057315  1.528504  -1.045627  1.000000  
123.590005 0.003714  -0.011307  -0.001728  0.739903  0.665274  0.099769  -0.658620  0.686192  0.308805  0.136979  -0.294196  0.945878  -0.002308  -0.000440  -0.005991  3.062676  1.518291  -1.058294  1.000000  
123.591255 0.003713  -0.011308  -0.001738  0.740998  0.663843  0.101164  -0.657138  0.685867  0.312660  0.138172  -0.298159  0.944463  -0.002192  -0.000425  -0.006306  3.075712  1.506140  -1.068791  1.000000  
123.592505 0.003711  -0.011309  -0.001749  0.742238  0.662252  0.102494  -0.655513  0.685722  0.316367  0.139232  -0.302006  0.943084  -0.002144  -0.000468  -0.006620  3.081455  1.492905  -1.087668  1.000000  
123.593527 0.003709  -0.011309  -0.001758  0.743219  0.660998  0.103475  -0.654203  0.685583  0.319366  0.140159  -0.305053  0.941965  -0.002010  -0.000451  -0.006856  3.084368  1.483715  -1.091947  1.000000  
123.594761 0.003708  -0.011310  -0.001769  0.744451  0.659405  0.104780  -0.652572  0.685401  0.323072  0.141219  -0.308888  0.940556  -0.001980  -0.000480  -0.007130  3.089995  1.470557  -1.105397  1.000000  
123.596010 0.003706  -0.011311  -0.001779  0.745664  0.657828  0.106055  -0.650926  0.685130  0.326944  0.142411  -0.312824  0.939074  -0.001852  -0.000548  -0.007371  3.100868  1.462529  -1.118137  1.000000  
123.597258 0.003705  -0.011311  -0.001790  0.746887  0.656206  0.107490  -0.649289  0.684825  0.330814  0.143471  -0.316873  0.937554  -0.001706  -0.000523  -0.007565  3.104347  1.452510  -1.131058  1.000000  
123.598505 0.003704  -0.011312  -0.001802  0.748120  0.654575  0.108845  -0.647662  0.684607  0.334436  0.144397  -0.320693  0.936112  -0.001590  -0.000508  -0.007880  3.104979  1.439469  -1.144261  1.000000  
123.599758 0.003703  -0.011313  -0.001814  0.749467  0.652835  0.110022  -0.645865  0.684475  0.338161  0.145456  -0.324500  0.934635  -0.001436  -0.000508  -0.008203  3.100047  1.432589  -1.162585  1.000000  
123.600758 0.003703  -0.011312  -0.001823  0.750441  0.651531  0.111109  -0.644553  0.684225  0.341157  0.146251  -0.327634  0.933417  -0.001234  -0.000453  -0.008419  3.108150  1.427286  -1.173291  1.000000  
