1-Time 2-Px 3-Py 4-Pz 5-R11 6-R21 7-R31 8-R12 9-R22 10-R32 11-R13 12-R23 13-R33 14-Vx 15-Vy 16-Vz 17-Wx 18-Wy 19-Wz 20-state
58.672840 0.021781  -0.011853  -0.083490  0.766313  0.172129  0.618980  -0.633365  0.364005  0.682898  -0.107766  -0.915353  0.387962  0.000275  0.000018  0.001725  0.000000  0.000000  0.000000  1.000000  
58.674027 0.021783  -0.011855  -0.083485  0.766313  0.172129  0.618980  -0.633365  0.364005  0.682898  -0.107766  -0.915353  0.387962  0.001921  -0.001922  0.005448  0.000000  0.000000  0.000000  1.000000  
58.675271 0.021805  -0.011886  -0.083388  0.766313  0.172129  0.618980  -0.633365  0.364005  0.682898  -0.107766  -0.915353  0.387962  0.010719  -0.014986  0.045697  0.000000  0.000000  0.000000  1.000000  
58.676520 0.021830  -0.011923  -0.083263  0.766313  0.172204  0.618959  -0.633365  0.364088  0.682853  -0.107766  -0.915306  0.388073  0.014158  -0.020138  0.064972  0.000000  0.000000  0.000000  1.000000  
58.677520 0.021843  -0.011939  -0.083188  0.766313  0.172204  0.618959  -0.633365  0.364088  0.682853  -0.107766  -0.915306  0.388073  0.013918  -0.019151  0.067283  0.000000  0.000000  0.000000  1.000000  
58.678771 0.021846  -0.011938  -0.083134  0.766313  0.172354  0.618917  -0.633365  0.364254  0.682765  -0.107766  -0.915212  0.388295  0.011392  -0.014883  0.062105  0.000000  0.000000  0.000000  1.000000  
58.679773 0.021833  -0.011927  -0.083115  0.766302  0.172259  0.618957  -0.633356  0.364332  0.682732  -0.107899  -0.915199  0.388290  0.007715  -0.010944  0.055606  0.000000  0.000000  0.000000  1.000000  
58.680773 0.021807  -0.011912  -0.083107  0.766171  0.172410  0.619077  -0.633513  0.364379  0.682560  -0.107899  -0.915152  0.388401  0.003312  -0.007581  0.049468  0.000000  0.000000  0.000000  1.000000  
58.682021 0.021767  -0.011889  -0.083105  0.766041  0.172485  0.619217  -0.633671  0.364344  0.682433  -0.107899  -0.915152  0.388401  -0.001514  -0.003995  0.042890  0.000000  0.000000  0.000000  1.000000  
58.683022 0.021745  -0.011874  -0.083091  0.765922  0.172654  0.619318  -0.633838  0.364230  0.682339  -0.107766  -0.915165  0.388406  -0.003559  -0.002092  0.039991  0.000000  0.000000  0.000000  1.000000  
58.684022 0.021734  -0.011867  -0.083056  0.765922  0.172729  0.619297  -0.633838  0.364313  0.682294  -0.107766  -0.915118  0.388517  -0.004243  -0.001290  0.039513  0.000000  0.000000  0.000000  1.000000  
58.685027 0.021729  -0.011869  -0.082999  0.765791  0.172879  0.619416  -0.633996  0.364360  0.682123  -0.107766  -0.915071  0.388628  -0.004305  -0.001344  0.040955  0.000000  0.000000  0.000000  1.000000  
58.686273 0.021722  -0.011879  -0.082908  0.765649  0.172935  0.619576  -0.634144  0.364485  0.681918  -0.107899  -0.915010  0.388734  -0.004421  -0.001946  0.043977  0.000000  0.000000  0.000000  1.000000  
58.687276 0.021714  -0.011887  -0.082826  0.765377  0.172916  0.619918  -0.634450  0.364409  0.681674  -0.108032  -0.915044  0.388617  -0.004729  -0.002410  0.046643  0.000000  0.000000  0.000000  1.000000  
58.688523 0.021696  -0.011898  -0.082723  0.765094  0.172727  0.620320  -0.634747  0.364329  0.681440  -0.108298  -0.915112  0.388384  -0.005761  -0.003101  0.052204  0.000000  0.000000  0.000000  1.000000  
58.689773 0.021670  -0.011911  -0.082626  0.764941  0.172387  0.620603  -0.634886  0.364202  0.681379  -0.108564  -0.915226  0.388039  -0.008724  -0.002241  0.053454  0.000000  0.000000  0.000000  1.000000  
58.690780 0.021649  -0.011919  -0.082555  0.764799  0.172218  0.620825  -0.635034  0.364080  0.681306  -0.108697  -0.915307  0.387812  -0.011604  -0.000650  0.051342  0.000000  0.000000  0.000000  1.000000  
58.692023 0.021623  -0.011924  -0.082477  0.764537  0.172141  0.621168  -0.635349  0.363761  0.681183  -0.108697  -0.915448  0.387479  -0.014759  0.000790  0.049344  0.000000  0.000000  0.000000  1.000000  
58.693272 0.021596  -0.011924  -0.082409  0.764559  0.172179  0.621130  -0.635367  0.363439  0.681337  -0.108431  -0.915569  0.387268  -0.017042  0.001068  0.049649  0.000000  0.000000  0.000000  1.000000  
58.694272 0.021570  -0.011921  -0.082354  0.764571  0.172198  0.621112  -0.635376  0.363278  0.681415  -0.108298  -0.915629  0.387162  -0.018116  0.000609  0.051784  0.000000  0.000000  0.000000  1.000000  
58.695522 0.021537  -0.011915  -0.082276  0.764582  0.172217  0.621093  -0.635386  0.363117  0.681492  -0.108165  -0.915690  0.387057  -0.018281  -0.000236  0.056337  0.000000  0.000000  0.000000  1.000000  
58.696522 0.021511  -0.011909  -0.082205  0.764713  0.172142  0.620952  -0.635228  0.363153  0.681620  -0.108165  -0.915690  0.387057  -0.018085  -0.000769  0.060158  0.000000  0.000000  0.000000  1.000000  
58.697772 0.021482  -0.011905  -0.082095  0.764832  0.171973  0.620852  -0.635062  0.363266  0.681714  -0.108298  -0.915676  0.387051  -0.017851  -0.001878  0.066692  0.000000  0.000000  0.000000  1.000000  
58.699022 0.021458  -0.011910  -0.081954  0.764952  0.171804  0.620751  -0.634895  0.363380  0.681809  -0.108431  -0.915663  0.387046  -0.018642  -0.002963  0.073867  0.000000  0.000000  0.000000  1.000000  
58.700274 0.021441  -0.011920  -0.081792  0.765071  0.171710  0.620630  -0.634728  0.363576  0.681860  -0.108564  -0.915602  0.387151  -0.019405  -0.003214  0.079470  0.000000  0.000000  0.000000  1.000000  
58.701287 0.021429  -0.011927  -0.081661  0.765333  0.171636  0.620328  -0.634413  0.363730  0.682071  -0.108564  -0.915556  0.387262  -0.019793  -0.003109  0.083072  0.000000  0.000000  0.000000  1.000000  
58.702525 0.021406  -0.011927  -0.081522  0.765735  0.171731  0.619805  -0.633950  0.364006  0.682355  -0.108431  -0.915428  0.387601  -0.020468  -0.002415  0.085566  0.000000  0.000000  0.000000  1.000000  
58.703528 0.021378  -0.011918  -0.081434  0.766019  0.171920  0.619402  -0.633653  0.364086  0.682588  -0.108165  -0.915361  0.387834  -0.021287  -0.001182  0.085962  0.000000  0.000000  0.000000  1.000000  
58.704777 0.021329  -0.011901  -0.081349  0.766551  0.171940  0.618737  -0.633031  0.364398  0.682998  -0.108032  -0.915233  0.388173  -0.022759  0.000819  0.085283  0.000000  0.000000  0.000000  1.000000  
58.706024 0.021272  -0.011883  -0.081275  0.767072  0.171940  0.618091  -0.632399  0.364871  0.683330  -0.108032  -0.915044  0.388617  -0.024771  0.002637  0.084578  0.000000  0.000000  0.000000  1.000000  
58.707024 0.021230  -0.011870  -0.081211  0.767463  0.171864  0.617627  -0.631926  0.365143  0.683623  -0.108032  -0.914950  0.388839  -0.026272  0.003665  0.084824  0.000000  0.000000  0.000000  1.000000  
58.708024 0.021197  -0.011864  -0.081130  0.767853  0.171788  0.617163  -0.631451  0.365415  0.683916  -0.108032  -0.914856  0.389061  -0.027036  0.004066  0.086718  0.000000  0.000000  0.000000  1.000000  
58.709272 0.021166  -0.011869  -0.080994  0.768373  0.171562  0.616579  -0.630819  0.365639  0.684380  -0.108032  -0.914808  0.389172  -0.026967  0.003489  0.090679  0.000000  0.000000  0.000000  1.000000  
58.710272 0.021148  -0.011882  -0.080861  0.768903  0.171430  0.615954  -0.630195  0.365786  0.684876  -0.107899  -0.914774  0.389289  -0.026384  0.002255  0.095936  0.000000  0.000000  0.000000  1.000000  
58.711522 0.021125  -0.011902  -0.080687  0.769574  0.171318  0.615148  -0.629422  0.365890  0.685531  -0.107633  -0.914754  0.389411  -0.025716  0.000455  0.101168  -0.016423  0.173030  -0.063854  1.000000  
58.712777 0.021098  -0.011914  -0.080531  0.770255  0.171375  0.614279  -0.628656  0.366001  0.686174  -0.107234  -0.914699  0.389650  -0.025668  -0.000558  0.104238  -0.020297  0.215936  -0.072271  1.000000  
58.714022 0.021064  -0.011910  -0.080406  0.770805  0.171507  0.613551  -0.628049  0.366076  0.686690  -0.106835  -0.914644  0.389888  -0.026454  0.000083  0.102913  -0.017375  0.246561  -0.070696  1.000000  
58.715023 0.021036  -0.011901  -0.080318  0.771333  0.171523  0.612882  -0.627423  0.366390  0.687094  -0.106702  -0.914515  0.390227  -0.027454  0.001317  0.099949  -0.025702  0.277677  -0.079424  1.000000  
58.716272 0.021000  -0.011887  -0.080212  0.772001  0.171633  0.612010  -0.626647  0.366746  0.687613  -0.106436  -0.914352  0.390682  -0.028620  0.002660  0.096669  -0.033435  0.320525  -0.083235  1.000000  
58.717522 0.020966  -0.011875  -0.080099  0.772657  0.171795  0.611137  -0.625861  0.367347  0.688008  -0.106303  -0.914080  0.391353  -0.029314  0.003428  0.094876  -0.060607  0.369682  -0.089735  1.000000  
58.718530 0.020942  -0.011867  -0.079999  0.773043  0.171865  0.610628  -0.625383  0.367786  0.688207  -0.106303  -0.913890  0.391796  -0.028914  0.003246  0.096018  -0.081798  0.407863  -0.095735  1.000000  
58.719775 0.020915  -0.011859  -0.079855  0.773697  0.172099  0.609733  -0.624596  0.368471  0.688555  -0.106169  -0.913570  0.392577  -0.027614  0.002807  0.099570  -0.117329  0.457414  -0.102325  1.000000  
58.720780 0.020895  -0.011852  -0.079731  0.774223  0.172334  0.609000  -0.623968  0.369037  0.688822  -0.106036  -0.913298  0.393248  -0.025598  0.002080  0.104642  -0.146242  0.490740  -0.111799  1.000000  
58.722025 0.020867  -0.011846  -0.079566  0.774736  0.172546  0.608286  -0.623330  0.369764  0.689009  -0.106036  -0.912963  0.394023  -0.024034  0.001552  0.110203  -0.179271  0.520637  -0.129618  1.000000  
58.723272 0.020836  -0.011840  -0.079395  0.775388  0.172850  0.607368  -0.622541  0.370534  0.689309  -0.105903  -0.912594  0.394914  -0.023515  0.001658  0.114157  -0.216455  0.552365  -0.143378  1.000000  
58.724286 0.020811  -0.011836  -0.079256  0.775901  0.173060  0.606653  -0.621902  0.371262  0.689494  -0.105903  -0.912258  0.395689  -0.023705  0.002385  0.115555  -0.252342  0.580729  -0.159858  1.000000  
58.725526 0.020782  -0.011832  -0.079084  0.776541  0.173413  0.605733  -0.621103  0.372277  0.689667  -0.105903  -0.911777  0.396795  -0.024148  0.003928  0.115727  -0.287249  0.605429  -0.176511  1.000000  
58.726795 0.020755  -0.011826  -0.078924  0.777052  0.173840  0.604955  -0.620464  0.373257  0.689713  -0.105903  -0.911295  0.397901  -0.024432  0.005648  0.114795  -0.325585  0.625745  -0.180803  1.000000  
58.728068 0.020728  -0.011811  -0.078776  0.777424  0.174321  0.604338  -0.619975  0.374360  0.689555  -0.106036  -0.910751  0.399111  -0.024122  0.007012  0.114980  -0.368524  0.637714  -0.186497  1.000000  
58.729274 0.020700  -0.011788  -0.078639  0.777795  0.174653  0.603764  -0.619486  0.375297  0.689485  -0.106169  -0.910301  0.400099  -0.023750  0.008001  0.116752  -0.400846  0.645801  -0.190974  1.000000  
58.730524 0.020671  -0.011762  -0.078501  0.778167  0.175058  0.603168  -0.618996  0.376317  0.689369  -0.106303  -0.909802  0.401197  -0.023244  0.008791  0.118867  -0.436102  0.655705  -0.199935  1.000000  
58.731526 0.020649  -0.011748  -0.078377  0.778283  0.175397  0.602919  -0.618827  0.377014  0.689140  -0.106436  -0.909448  0.401964  -0.022821  0.009062  0.121509  -0.456637  0.648302  -0.202655  1.000000  
58.732778 0.020629  -0.011739  -0.078201  0.778527  0.175951  0.602443  -0.618498  0.378081  0.688851  -0.106569  -0.908898  0.403171  -0.022026  0.008968  0.125348  -0.494536  0.635474  -0.211783  1.000000  
58.734024 0.020617  -0.011739  -0.078000  0.778770  0.176430  0.601988  -0.618168  0.379065  0.688606  -0.106702  -0.908395  0.404268  -0.020911  0.008276  0.129612  -0.518797  0.626560  -0.218730  1.000000  
58.735038 0.020613  -0.011741  -0.077829  0.778759  0.176992  0.601838  -0.618159  0.379892  0.688158  -0.106835  -0.907941  0.405253  -0.019722  0.007763  0.133153  -0.550320  0.602540  -0.218181  1.000000  
58.736277 0.020604  -0.011740  -0.077625  0.778864  0.177453  0.601566  -0.617981  0.380914  0.687753  -0.107101  -0.907422  0.406343  -0.018557  0.007344  0.136134  -0.581162  0.580023  -0.218707  1.000000  
58.737528 0.020586  -0.011731  -0.077445  0.778957  0.177892  0.601315  -0.617794  0.382094  0.687266  -0.107500  -0.906840  0.407535  -0.017764  0.007552  0.136872  -0.620019  0.555578  -0.223272  1.000000  
58.738778 0.020559  -0.011711  -0.077291  0.778923  0.178482  0.601185  -0.617767  0.383320  0.686607  -0.107899  -0.906206  0.408837  -0.017641  0.008521  0.135662  -0.662256  0.520469  -0.223174  1.000000  
58.740023 0.020527  -0.011684  -0.077150  0.779016  0.179066  0.600890  -0.617580  0.384665  0.686023  -0.108298  -0.905521  0.410248  -0.017769  0.010000  0.133516  -0.715541  0.492167  -0.230913  1.000000  
58.741277 0.020498  -0.011659  -0.076999  0.779098  0.179481  0.600660  -0.617384  0.386001  0.685449  -0.108830  -0.904870  0.411541  -0.017811  0.011403  0.132537  -0.763195  0.455852  -0.244872  1.000000  
58.742522 0.020477  -0.011640  -0.076823  0.779191  0.180137  0.600344  -0.617196  0.387427  0.684814  -0.109229  -0.904130  0.413059  -0.017443  0.011887  0.134079  -0.815402  0.419702  -0.258982  1.000000  
58.743522 0.020469  -0.011630  -0.076662  0.779283  0.180646  0.600070  -0.617008  0.388685  0.684269  -0.109628  -0.903488  0.414356  -0.016536  0.011555  0.137238  -0.853617  0.402467  -0.270660  1.000000  
58.744522 0.020465  -0.011622  -0.076490  0.779376  0.181155  0.599797  -0.616820  0.389943  0.683723  -0.110027  -0.902844  0.415653  -0.015135  0.010534  0.142086  -0.892276  0.372682  -0.287208  1.000000  
58.745523 0.020461  -0.011614  -0.076314  0.779341  0.181744  0.599664  -0.616793  0.391163  0.683051  -0.110426  -0.902198  0.416948  -0.013983  0.009910  0.145834  -0.936028  0.336765  -0.292432  1.000000  
58.746523 0.020454  -0.011603  -0.076143  0.779560  0.182171  0.599249  -0.616445  0.392456  0.682623  -0.110825  -0.901550  0.418242  -0.013050  0.009668  0.148956  -0.974430  0.316689  -0.303651  1.000000  
58.747531 0.020442  -0.011588  -0.075985  0.779652  0.182679  0.598975  -0.616256  0.393711  0.682070  -0.111224  -0.900899  0.419535  -0.012670  0.010246  0.150238  -1.004577  0.290008  -0.311795  1.000000  
58.748779 0.020424  -0.011563  -0.075803  0.779847  0.183206  0.598560  -0.615889  0.395483  0.681376  -0.111889  -0.900016  0.421251  -0.013084  0.011978  0.148915  -1.041654  0.271939  -0.327226  1.000000  
58.750022 0.020406  -0.011536  -0.075631  0.779915  0.183813  0.598285  -0.615682  0.397215  0.680555  -0.112553  -0.899129  0.422965  -0.013810  0.013666  0.146690  -1.085120  0.235658  -0.340834  1.000000  
58.751308 0.020390  -0.011511  -0.075462  0.780109  0.184338  0.597871  -0.615314  0.398984  0.679853  -0.113218  -0.898238  0.424677  -0.014270  0.015451  0.143697  -1.124291  0.200663  -0.356866  1.000000  
58.752531 0.020377  -0.011490  -0.075288  0.780315  0.184956  0.597411  -0.614955  0.400676  0.679182  -0.113750  -0.897357  0.426393  -0.013867  0.016066  0.144015  -1.159331  0.178499  -0.372260  1.000000  
58.753531 0.020366  -0.011475  -0.075144  0.780520  0.185355  0.597019  -0.614596  0.402120  0.678654  -0.114281  -0.896629  0.427781  -0.013069  0.015979  0.145571  -1.185716  0.158138  -0.383307  1.000000  
58.754776 0.020351  -0.011456  -0.074958  0.780725  0.185971  0.596560  -0.614237  0.403810  0.677976  -0.114813  -0.895742  0.429494  -0.011926  0.015484  0.148560  -1.213678  0.136461  -0.390896  1.000000  
58.755780 0.020336  -0.011441  -0.074806  0.780929  0.186368  0.596168  -0.613877  0.405251  0.677441  -0.115345  -0.895008  0.430879  -0.011501  0.015168  0.150453  -1.237208  0.117012  -0.404877  1.000000  
58.756781 0.020323  -0.011427  -0.074651  0.781259  0.186680  0.595638  -0.613357  0.406730  0.677026  -0.115876  -0.894271  0.432263  -0.010946  0.014912  0.152156  -1.255869  0.108179  -0.418090  1.000000  
58.758022 0.020305  -0.011410  -0.074457  0.781451  0.187342  0.595179  -0.612987  0.408653  0.676202  -0.116541  -0.893256  0.434181  -0.011179  0.014962  0.152477  -1.286223  0.093855  -0.432083  1.000000  
58.759024 0.020293  -0.011397  -0.074300  0.781642  0.187641  0.594834  -0.612617  0.410165  0.675622  -0.117205  -0.892500  0.435554  -0.011714  0.015335  0.151438  -1.312034  0.080102  -0.448604  1.000000  
58.760047 0.020283  -0.011382  -0.074145  0.781832  0.188084  0.594444  -0.612246  0.411839  0.674939  -0.117870  -0.891635  0.437143  -0.012165  0.015789  0.149791  -1.339401  0.071820  -0.464654  1.000000  
58.761272 0.020268  -0.011360  -0.073958  0.782148  0.188801  0.593801  -0.611715  0.413959  0.674124  -0.118534  -0.890501  0.439270  -0.012557  0.016498  0.148175  -1.381018  0.069140  -0.480326  1.000000  
58.762272 0.020255  -0.011336  -0.073818  0.782475  0.189322  0.593203  -0.611192  0.415677  0.673540  -0.119065  -0.889590  0.440969  -0.012724  0.017073  0.146997  -1.407757  0.073179  -0.502393  1.000000  
58.763276 0.020238  -0.011309  -0.073685  0.782664  0.189832  0.592791  -0.610821  0.417428  0.672794  -0.119729  -0.888661  0.442659  -0.012869  0.017602  0.145903  -1.443753  0.065309  -0.522937  1.000000  
58.764524 0.020215  -0.011270  -0.073521  0.783116  0.190621  0.591940  -0.610137  0.419589  0.672070  -0.120261  -0.887473  0.444892  -0.013207  0.018369  0.145301  -1.486672  0.079139  -0.540208  1.000000  
58.765776 0.020192  -0.011234  -0.073348  0.783429  0.191400  0.591274  -0.609604  0.421783  0.671180  -0.120925  -0.886265  0.447115  -0.013603  0.019070  0.145652  -1.520724  0.082126  -0.557672  1.000000  
58.767022 0.020173  -0.011204  -0.073152  0.783741  0.192320  0.590561  -0.609070  0.424136  0.670181  -0.121589  -0.884942  0.449549  -0.013997  0.019614  0.147246  -1.568313  0.089460  -0.572061  1.000000  
58.768041 0.020161  -0.011184  -0.072979  0.783927  0.192967  0.590103  -0.608697  0.426040  0.669311  -0.122253  -0.883885  0.451443  -0.014071  0.019959  0.149074  -1.606610  0.095638  -0.594521  1.000000  
58.769278 0.020150  -0.011162  -0.072753  0.784100  0.193876  0.589575  -0.608314  0.428420  0.668139  -0.123050  -0.882535  0.453862  -0.013840  0.020100  0.151980  -1.647028  0.096635  -0.606061  1.000000  
58.770283 0.020138  -0.011143  -0.072579  0.784285  0.194591  0.589093  -0.607940  0.430401  0.667206  -0.123714  -0.881413  0.455857  -0.013646  0.020496  0.153574  -1.681498  0.103966  -0.620159  1.000000  
58.771362 0.020123  -0.011118  -0.072418  0.784345  0.195465  0.588724  -0.607728  0.432419  0.666093  -0.124377  -0.880231  0.457956  -0.013672  0.021022  0.153042  -1.717260  0.098602  -0.626673  1.000000  
58.772526 0.020098  -0.011079  -0.072237  0.784516  0.196370  0.588195  -0.607344  0.434789  0.664900  -0.125174  -0.878861  0.460363  -0.014296  0.022660  0.153119  -1.757870  0.097687  -0.643832  1.000000  
58.773777 0.020067  -0.011035  -0.072070  0.784548  0.197342  0.587827  -0.607110  0.437266  0.663487  -0.126103  -0.877413  0.462865  -0.015359  0.024519  0.151182  -1.794299  0.090170  -0.656157  1.000000  
58.775024 0.020036  -0.010992  -0.071901  0.784579  0.198456  0.587411  -0.606876  0.439899  0.661959  -0.127032  -0.875845  0.465574  -0.016477  0.026041  0.149803  -1.839078  0.080526  -0.672554  1.000000  
58.776272 0.020009  -0.010954  -0.071721  0.784609  0.199568  0.586993  -0.606642  0.442527  0.660421  -0.127961  -0.874267  0.468277  -0.017370  0.027097  0.149219  -1.884733  0.066660  -0.681838  1.000000  
58.777522 0.019988  -0.010920  -0.071523  0.784501  0.200679  0.586759  -0.606557  0.445179  0.658714  -0.129023  -0.872665  0.470967  -0.017527  0.027324  0.151097  -1.926675  0.048433  -0.693348  1.000000  
58.778772 0.019972  -0.010886  -0.071314  0.784391  0.201934  0.586476  -0.606473  0.447984  0.656888  -0.130084  -0.870938  0.473862  -0.017143  0.027123  0.153784  -1.976413  0.028344  -0.699209  1.000000  
58.779779 0.019959  -0.010858  -0.071144  0.784308  0.202874  0.586262  -0.606409  0.450083  0.655511  -0.130880  -0.869636  0.476028  -0.016732  0.026882  0.156493  -2.013111  0.018800  -0.705721  1.000000  
58.780802 0.019943  -0.010828  -0.070979  0.784100  0.203909  0.586181  -0.606506  0.452135  0.654007  -0.131676  -0.868329  0.478191  -0.016530  0.026851  0.156905  -2.040167  0.000994  -0.705084  1.000000  
58.782046 0.019920  -0.010789  -0.070778  0.783974  0.205144  0.585919  -0.606408  0.455072  0.652058  -0.132869  -0.866502  0.481165  -0.016855  0.027724  0.157840  -2.100992  -0.023456  -0.721006  1.000000  
58.783272 0.019898  -0.010745  -0.070583  0.783736  0.206637  0.585712  -0.606482  0.457965  0.649960  -0.133930  -0.864621  0.484245  -0.017387  0.029004  0.156940  -2.156039  -0.051523  -0.721899  1.000000  
58.784273 0.019881  -0.010710  -0.070431  0.783512  0.207797  0.585602  -0.606566  0.460307  0.648224  -0.134858  -0.863098  0.486698  -0.017884  0.030156  0.154854  -2.206882  -0.079485  -0.728159  1.000000  
58.785274 0.019865  -0.010673  -0.070280  0.783287  0.209029  0.585465  -0.606650  0.462722  0.646424  -0.135786  -0.861508  0.489251  -0.018267  0.031324  0.153302  -2.257635  -0.105488  -0.730302  1.000000  
58.786274 0.019848  -0.010637  -0.070129  0.783046  0.210100  0.585403  -0.606722  0.465122  0.644632  -0.136847  -0.859953  0.491684  -0.018435  0.032285  0.153504  -2.307766  -0.139709  -0.733925  1.000000  
58.787276 0.019833  -0.010598  -0.069977  0.782820  0.211335  0.585261  -0.606804  0.467524  0.642814  -0.137774  -0.858347  0.494226  -0.018032  0.032578  0.152976  -2.354305  -0.165773  -0.735728  1.000000  
58.788276 0.019817  -0.010559  -0.069822  0.782578  0.212481  0.585170  -0.606875  0.469989  0.640947  -0.138834  -0.856716  0.496752  -0.017301  0.032817  0.154566  -2.399064  -0.191696  -0.736869  1.000000  
58.789277 0.019800  -0.010522  -0.069664  0.782350  0.213789  0.584998  -0.606956  0.472455  0.639055  -0.139762  -0.855033  0.499386  -0.016751  0.033057  0.156286  -2.453989  -0.217675  -0.740631  1.000000  
58.790521 0.019781  -0.010475  -0.069460  0.782061  0.215235  0.584853  -0.606990  0.475734  0.636585  -0.141219  -0.852849  0.502699  -0.016222  0.033386  0.158077  -2.509179  -0.248732  -0.747802  1.000000  
58.791521 0.019767  -0.010441  -0.069292  0.781817  0.216529  0.584703  -0.607058  0.478330  0.634571  -0.142279  -0.851067  0.505412  -0.015823  0.033831  0.159465  -2.562297  -0.283551  -0.752123  1.000000  
58.792772 0.019753  -0.010400  -0.069079  0.781416  0.218097  0.584656  -0.607263  0.481397  0.632052  -0.143603  -0.848935  0.508613  -0.015505  0.034364  0.160087  -2.610542  -0.326132  -0.752341  1.000000  
58.794021 0.019740  -0.010358  -0.068870  0.780982  0.219491  0.584714  -0.607442  0.484591  0.629433  -0.145192  -0.846756  0.511785  -0.015316  0.034853  0.159867  -2.663019  -0.373322  -0.762102  1.000000  
58.795271 0.019724  -0.010315  -0.068676  0.780547  0.221102  0.584688  -0.607619  0.488000  0.626622  -0.146780  -0.844376  0.515253  -0.015138  0.035363  0.159441  -2.724146  -0.420817  -0.771617  1.000000  
58.796521 0.019706  -0.010267  -0.068501  0.780126  0.222807  0.584603  -0.607807  0.491325  0.623835  -0.148236  -0.841996  0.518719  -0.014938  0.035895  0.157083  -2.782267  -0.472181  -0.773589  1.000000  
58.797771 0.019686  -0.010214  -0.068334  0.779812  0.224538  0.584360  -0.607821  0.494978  0.620927  -0.149823  -0.839393  0.522468  -0.014705  0.036563  0.155119  -2.841938  -0.506061  -0.785157  1.000000  
58.799021 0.019667  -0.010165  -0.068166  0.779371  0.226232  0.584294  -0.607993  0.498417  0.618000  -0.151411  -0.836898  0.526000  -0.014545  0.036953  0.153543  -2.903646  -0.551680  -0.789912  1.000000  
58.800272 0.019652  -0.010121  -0.067986  0.778944  0.228020  0.584169  -0.608176  0.501773  0.615098  -0.152865  -0.834405  0.529529  -0.014165  0.036821  0.152968  -2.956396  -0.589313  -0.793803  1.000000  
58.801288 0.019645  -0.010090  -0.067829  0.778657  0.229370  0.584023  -0.608210  0.504646  0.612709  -0.154187  -0.832299  0.532451  -0.013561  0.036343  0.153133  -3.005100  -0.615935  -0.806209  1.000000  
58.802534 0.019637  -0.010057  -0.067623  0.778336  0.231044  0.583791  -0.608217  0.508163  0.609788  -0.155774  -0.829692  0.536046  -0.012744  0.035365  0.154228  -3.061613  -0.649363  -0.813448  1.000000  
58.803779 0.019628  -0.010023  -0.067418  0.777854  0.232580  0.583823  -0.608357  0.511680  0.606701  -0.157624  -0.827098  0.539504  -0.012038  0.034483  0.155121  -3.115402  -0.694339  -0.828416  1.000000  
58.805028 0.019615  -0.009986  -0.067224  0.777528  0.234261  0.583585  -0.608360  0.515165  0.603741  -0.159209  -0.824456  0.543070  -0.011447  0.033790  0.154326  -3.162023  -0.720649  -0.838017  1.000000  
58.806275 0.019601  -0.009943  -0.067050  0.777201  0.236087  0.583285  -0.608362  0.518779  0.600636  -0.160794  -0.821663  0.546822  -0.011254  0.033736  0.151974  -3.216503  -0.739103  -0.847179  1.000000  
58.807277 0.019587  -0.009906  -0.066918  0.776906  0.237593  0.583067  -0.608389  0.521734  0.598044  -0.162114  -0.819355  0.549887  -0.011362  0.033974  0.149407  -3.262605  -0.756977  -0.856705  1.000000  
58.808524 0.019572  -0.009861  -0.066754  0.776574  0.239566  0.582701  -0.608387  0.525460  0.594774  -0.163698  -0.816394  0.553808  -0.011540  0.034231  0.146271  -3.317221  -0.775821  -0.865457  1.000000  
58.809524 0.019562  -0.009828  -0.066617  0.776293  0.241093  0.582446  -0.608425  0.528248  0.592261  -0.164886  -0.814143  0.556762  -0.011483  0.034184  0.144704  -3.359960  -0.791598  -0.871148  1.000000  
58.810772 0.019552  -0.009789  -0.066440  0.775959  0.242929  0.582128  -0.608421  0.531798  0.589080  -0.166470  -0.811281  0.560456  -0.010921  0.033695  0.144350  -3.416785  -0.804986  -0.886896  1.000000  
58.811775 0.019545  -0.009759  -0.066296  0.775640  0.244501  0.581895  -0.608429  0.534907  0.586250  -0.167921  -0.808761  0.563657  -0.010366  0.033063  0.145134  -3.457224  -0.823340  -0.892696  1.000000  
58.812785 0.019537  -0.009730  -0.066152  0.775319  0.246147  0.581629  -0.608435  0.538073  0.583339  -0.169371  -0.806157  0.566942  -0.009776  0.032179  0.145554  -3.498319  -0.837527  -0.907789  1.000000  
58.814022 0.019526  -0.009693  -0.065973  0.774943  0.248034  0.581328  -0.608398  0.541915  0.579811  -0.171217  -0.802999  0.570857  -0.009273  0.031343  0.146410  -3.543971  -0.851271  -0.923760  1.000000  
58.815022 0.019518  -0.009664  -0.065830  0.774655  0.249713  0.580993  -0.608429  0.544776  0.577090  -0.172404  -0.800539  0.573946  -0.009093  0.030994  0.146148  -3.580824  -0.856890  -0.924657  1.000000  
58.816272 0.019508  -0.009628  -0.065656  0.774186  0.251889  0.580679  -0.608576  0.548396  0.573495  -0.173985  -0.797380  0.577854  -0.009091  0.030839  0.145023  -3.626515  -0.873867  -0.928421  1.000000  
58.817275 0.019502  -0.009602  -0.065518  0.773895  0.253501  0.580364  -0.608606  0.551157  0.570811  -0.175171  -0.794961  0.580820  -0.009166  0.030859  0.142845  -3.654813  -0.881853  -0.932842  1.000000  
58.818278 0.019497  -0.009576  -0.065382  0.773585  0.255173  0.580045  -0.608620  0.554109  0.567930  -0.176488  -0.792369  0.583954  -0.009058  0.030811  0.140716  -3.697384  -0.892762  -0.937025  1.000000  
58.819278 0.019492  -0.009550  -0.065250  0.773292  0.256931  0.579660  -0.608647  0.556982  0.565084  -0.177673  -0.789783  0.587090  -0.008768  0.030606  0.139084  -3.726171  -0.901163  -0.941253  1.000000  
58.820280 0.019486  -0.009524  -0.065123  0.772854  0.258862  0.579385  -0.608818  0.559989  0.561919  -0.178989  -0.787021  0.590390  -0.008369  0.030195  0.137557  -3.767773  -0.912713  -0.937708  1.000000  
58.821533 0.019476  -0.009490  -0.064971  0.772396  0.261277  0.578912  -0.608972  0.563586  0.558143  -0.180437  -0.783648  0.594422  -0.007979  0.029494  0.136360  -3.808245  -0.919469  -0.937001  1.000000  
58.822829 0.019466  -0.009455  -0.064816  0.771829  0.263963  0.578449  -0.609299  0.567108  0.554205  -0.181753  -0.780200  0.598543  -0.007571  0.028607  0.135294  -3.857638  -0.931075  -0.919870  1.000000  
58.824024 0.019459  -0.009424  -0.064653  0.771348  0.266303  0.578018  -0.609435  0.570721  0.550333  -0.183332  -0.776763  0.602519  -0.007143  0.027964  0.135465  -3.918310  -0.939528  -0.921116  1.000000  
58.825024 0.019457  -0.009400  -0.064515  0.770924  0.268399  0.577615  -0.609615  0.573652  0.547076  -0.184515  -0.773876  0.605862  -0.006725  0.027372  0.135296  -3.951481  -0.940667  -0.913745  1.000000  
58.826272 0.019458  -0.009372  -0.064338  0.770478  0.271047  0.576972  -0.609779  0.577224  0.543123  -0.185830  -0.770290  0.610017  -0.005997  0.026719  0.135282  -3.996945  -0.942590  -0.905534  1.000000  
58.827524 0.019460  -0.009345  -0.064161  0.769761  0.273855  0.576603  -0.610243  0.580720  0.538858  -0.187276  -0.766660  0.614134  -0.005227  0.026147  0.135179  -4.033296  -0.961221  -0.885231  1.000000  
58.828530 0.019462  -0.009322  -0.064025  0.769312  0.275950  0.576203  -0.610403  0.583719  0.535425  -0.188590  -0.763625  0.617503  -0.004534  0.025625  0.134440  -4.069438  -0.967177  -0.884831  1.000000  
58.829778 0.019459  -0.009290  -0.063867  0.768572  0.278968  0.575739  -0.610847  0.587484  0.530780  -0.190167  -0.759631  0.621930  -0.003985  0.025331  0.133031  -4.130721  -0.988379  -0.867907  1.000000  
58.831026 0.019455  -0.009255  -0.063721  0.767934  0.281860  0.575180  -0.611115  0.591400  0.526103  -0.191874  -0.755513  0.626405  -0.003595  0.025318  0.131182  -4.192450  -1.001820  -0.862912  1.000000  
58.832272 0.019453  -0.009219  -0.063576  0.767209  0.284828  0.574685  -0.611570  0.594908  0.521600  -0.193318  -0.751636  0.630611  -0.003238  0.025512  0.129473  -4.236850  -1.016044  -0.842385  1.000000  
58.833272 0.019455  -0.009194  -0.063455  0.766502  0.287323  0.574387  -0.612040  0.597820  0.517705  -0.194631  -0.748370  0.634083  -0.002791  0.025494  0.128513  -4.281549  -1.035894  -0.826057  1.000000  
58.834275 0.019459  -0.009171  -0.063324  0.765941  0.289776  0.573903  -0.612367  0.600705  0.513965  -0.195812  -0.745106  0.637554  -0.002200  0.025266  0.128387  -4.327367  -1.039260  -0.810515  1.000000  
58.835281 0.019465  -0.009151  -0.063189  0.765210  0.292201  0.573648  -0.612816  0.603633  0.509983  -0.197255  -0.741785  0.640972  -0.001303  0.024817  0.129024  -4.379529  -1.065138  -0.796428  1.000000  
58.836529 0.019473  -0.009126  -0.063018  0.764331  0.295445  0.573158  -0.613405  0.607213  0.505002  -0.198829  -0.737566  0.645339  -0.000185  0.024227  0.130246  -4.428958  -1.090831  -0.773868  1.000000  
58.837531 0.019479  -0.009107  -0.062883  0.763618  0.298098  0.572735  -0.613867  0.610148  0.500887  -0.200140  -0.734069  0.648912  0.000884  0.023711  0.131542  -4.475812  -1.115910  -0.752463  1.000000  
58.838779 0.019484  -0.009082  -0.062720  0.762713  0.301347  0.572240  -0.614433  0.613780  0.495728  -0.201844  -0.729701  0.653296  0.001668  0.023154  0.130978  -4.530209  -1.146941  -0.736580  1.000000  
58.840026 0.019488  -0.009058  -0.062564  0.761827  0.304679  0.571656  -0.615013  0.617312  0.490596  -0.203416  -0.725325  0.657667  0.002100  0.022852  0.129826  -4.593585  -1.172332  -0.713589  1.000000  
58.841029 0.019492  -0.009037  -0.062442  0.761108  0.307277  0.571223  -0.615469  0.620098  0.486494  -0.204726  -0.721844  0.661081  0.002286  0.022734  0.128458  -4.625962  -1.188442  -0.691975  1.000000  
58.842272 0.019499  -0.009012  -0.062292  0.760218  0.310689  0.570562  -0.616044  0.623618  0.481238  -0.206297  -0.717337  0.665484  0.002631  0.022596  0.126684  -4.672978  -1.205780  -0.669047  1.000000  
58.843523 0.019508  -0.008987  -0.062142  0.759452  0.314047  0.569743  -0.616460  0.627219  0.475997  -0.207868  -0.712721  0.669940  0.003073  0.022352  0.125592  -4.719337  -1.214766  -0.644356  1.000000  
58.844779 0.019515  -0.008963  -0.061990  0.758535  0.317603  0.568992  -0.617013  0.630887  0.470400  -0.209569  -0.707891  0.674516  0.003854  0.021690  0.125256  -4.788644  -1.246791  -0.621058  1.000000  
58.846022 0.019520  -0.008940  -0.061835  0.757594  0.321093  0.568287  -0.617544  0.634569  0.464717  -0.211400  -0.703009  0.679035  0.004338  0.020986  0.125757  -4.851712  -1.272018  -0.607705  1.000000  
58.847026 0.019525  -0.008922  -0.061710  0.756844  0.323848  0.567723  -0.617970  0.637424  0.460221  -0.212839  -0.699152  0.682559  0.004827  0.020192  0.126497  -4.894078  -1.291175  -0.598208  1.000000  
58.848272 0.019531  -0.008901  -0.061547  0.755919  0.327422  0.566905  -0.618514  0.640962  0.454542  -0.214538  -0.694235  0.687031  0.005152  0.019466  0.127213  -4.960675  -1.317825  -0.576567  1.000000  
58.849527 0.019541  -0.008882  -0.061379  0.754993  0.331069  0.566021  -0.619054  0.644509  0.448755  -0.216236  -0.689204  0.691549  0.005380  0.018974  0.127516  -5.023099  -1.342501  -0.562315  1.000000  
58.850772 0.019551  -0.008863  -0.061211  0.754213  0.334727  0.564907  -0.619454  0.648071  0.443036  -0.217804  -0.684078  0.696132  0.005459  0.018479  0.127288  -5.079480  -1.355998  -0.545191  1.000000  
58.851791 0.019558  -0.008848  -0.061081  0.753455  0.337705  0.564147  -0.619871  0.650943  0.438216  -0.219240  -0.679874  0.699790  0.005522  0.018192  0.126561  -5.133789  -1.379254  -0.532890  1.000000  
58.853025 0.019564  -0.008827  -0.060926  0.752649  0.341298  0.563059  -0.620248  0.654475  0.432383  -0.220937  -0.674669  0.704279  0.005528  0.018012  0.126124  -5.195643  -1.394075  -0.526910  1.000000  
58.854030 0.019566  -0.008810  -0.060807  0.751909  0.344351  0.562188  -0.620678  0.657217  0.427580  -0.222241  -0.670439  0.707898  0.005415  0.017785  0.125371  -5.244968  -1.411496  -0.506288  1.000000  
58.855281 0.019568  -0.008790  -0.060659  0.751098  0.348154  0.560928  -0.621050  0.660812  0.421455  -0.223937  -0.664918  0.712556  0.005347  0.017500  0.124974  -5.308195  -1.428644  -0.502600  1.000000  
58.856523 0.019571  -0.008771  -0.060508  0.750286  0.351822  0.559726  -0.621419  0.664253  0.415459  -0.225632  -0.659537  0.717008  0.005122  0.017061  0.124935  -5.360827  -1.443108  -0.495656  1.000000  
58.857530 0.019576  -0.008758  -0.060379  0.749564  0.354949  0.558717  -0.621863  0.666822  0.410652  -0.226805  -0.655255  0.720555  0.004978  0.016478  0.125535  -5.403592  -1.458021  -0.482268  1.000000  
58.858773 0.019583  -0.008745  -0.060210  0.748771  0.358822  0.557305  -0.622246  0.670213  0.404504  -0.228368  -0.649662  0.725112  0.004904  0.015722  0.126786  -5.463415  -1.461429  -0.473029  1.000000  
58.859774 0.019588  -0.008737  -0.060072  0.748046  0.361950  0.556255  -0.622686  0.672707  0.399658  -0.229540  -0.645335  0.728597  0.004873  0.015067  0.127904  -5.487210  -1.464397  -0.456343  1.000000  
58.860779 0.019593  -0.008728  -0.059936  0.747448  0.364939  0.555104  -0.622971  0.675243  0.394910  -0.230712  -0.640988  0.732056  0.004915  0.014381  0.128691  -5.516835  -1.466325  -0.438547  1.000000  
58.862022 0.019595  -0.008716  -0.059773  0.746545  0.369150  0.553532  -0.623521  0.678460  0.388475  -0.232144  -0.635153  0.736675  0.004691  0.013709  0.129140  -5.581102  -1.474080  -0.424132  1.000000  
58.863024 0.019595  -0.008705  -0.059648  0.745664  0.372487  0.552483  -0.624090  0.680915  0.383232  -0.233445  -0.630562  0.740200  0.004311  0.013299  0.128682  -5.615329  -1.482720  -0.413760  1.000000  
58.864026 0.019594  -0.008694  -0.059526  0.744934  0.375682  0.551304  -0.624522  0.683310  0.378232  -0.234616  -0.626060  0.743643  0.003750  0.013007  0.127883  -5.655015  -1.487757  -0.398966  1.000000  
58.865272 0.019595  -0.008680  -0.059372  0.744074  0.379885  0.549583  -0.625107  0.686179  0.372022  -0.235787  -0.620360  0.748037  0.003187  0.012706  0.127087  -5.697337  -1.476501  -0.375865  1.000000  
58.866272 0.019596  -0.008669  -0.059247  0.743261  0.383478  0.548186  -0.625730  0.688399  0.366836  -0.236697  -0.615671  0.751614  0.002799  0.012472  0.126862  -5.739556  -1.476546  -0.356870  1.000000  
58.867536 0.019600  -0.008656  -0.059085  0.742269  0.387882  0.546428  -0.626463  0.691133  0.360388  -0.237866  -0.609822  0.756000  0.002497  0.011834  0.126721  -5.777654  -1.467808  -0.326735  1.000000  
58.868540 0.019602  -0.008646  -0.058953  0.741478  0.391532  0.544898  -0.627103  0.693216  0.355236  -0.238646  -0.605107  0.759535  0.002481  0.011512  0.127555  -5.816445  -1.460966  -0.301485  1.000000  
58.869776 0.019603  -0.008634  -0.058785  0.740532  0.396115  0.542868  -0.627874  0.695784  0.348796  -0.239555  -0.599147  0.763961  0.002414  0.010866  0.128919  -5.866122  -1.451608  -0.271287  1.000000  
58.870778 0.019604  -0.008625  -0.058648  0.739738  0.399624  0.541376  -0.628511  0.697701  0.343783  -0.240335  -0.594571  0.767284  0.002267  0.010326  0.130345  -5.897433  -1.444358  -0.246438  1.000000  
58.872026 0.019605  -0.008615  -0.058473  0.738790  0.404194  0.539274  -0.629278  0.700166  0.337308  -0.241244  -0.588553  0.771626  0.002103  0.009933  0.131484  -5.939722  -1.433541  -0.216272  1.000000  
58.873275 0.019606  -0.008606  -0.058297  0.737735  0.408895  0.537171  -0.630216  0.702398  0.330855  -0.242023  -0.582617  0.775875  0.001638  0.009565  0.132044  -5.978282  -1.428353  -0.173250  1.000000  
58.874279 0.019608  -0.008600  -0.058157  0.736857  0.412715  0.535451  -0.631043  0.704043  0.325742  -0.242542  -0.577918  0.779220  0.001357  0.009420  0.132209  -6.001770  -1.417729  -0.137292  1.000000  
58.875546 0.019609  -0.008590  -0.057986  0.735848  0.417645  0.533010  -0.632019  0.706149  0.319227  -0.243061  -0.571775  0.783578  0.001104  0.009299  0.132076  -6.030693  -1.392625  -0.087246  1.000000  
58.876778 0.019610  -0.008580  -0.057819  0.734733  0.422636  0.530610  -0.633167  0.707982  0.312828  -0.243451  -0.565809  0.787776  0.001014  0.009218  0.132406  -6.061288  -1.373029  -0.034169  1.000000  
58.878022 0.019609  -0.008568  -0.057655  0.733615  0.427613  0.528163  -0.634312  0.709758  0.306417  -0.243840  -0.559812  0.791929  0.000954  0.009122  0.132872  -6.100163  -1.348651  0.024232  1.000000  
58.879272 0.019608  -0.008559  -0.057489  0.732495  0.432641  0.525616  -0.635455  0.711513  0.299910  -0.244229  -0.553688  0.796104  0.000924  0.008797  0.133774  -6.131367  -1.326922  0.078279  1.000000  
58.880274 0.019609  -0.008552  -0.057350  0.731636  0.436472  0.523643  -0.636295  0.712889  0.294819  -0.244618  -0.548892  0.799300  0.000900  0.008497  0.134989  -6.142926  -1.318472  0.116208  1.000000  
58.881525 0.019611  -0.008545  -0.057169  0.730381  0.441558  0.521124  -0.637585  0.714412  0.288273  -0.245008  -0.542810  0.803323  0.000889  0.008028  0.136533  -6.171861  -1.300837  0.174705  1.000000  
58.882772 0.019616  -0.008541  -0.056982  0.729125  0.446629  0.518555  -0.638872  0.715875  0.281719  -0.245397  -0.536699  0.807301  0.001031  0.007509  0.138084  -6.188364  -1.284462  0.237937  1.000000  
58.884024 0.019619  -0.008536  -0.056795  0.727997  0.451413  0.515990  -0.640007  0.717304  0.275438  -0.245786  -0.530755  0.811103  0.001103  0.007024  0.139430  -6.202775  -1.260049  0.290370  1.000000  
58.885027 0.019620  -0.008532  -0.056648  0.727025  0.455464  0.513797  -0.641012  0.718399  0.270198  -0.246045  -0.525791  0.814252  0.001161  0.006616  0.140305  -6.215429  -1.241700  0.347529  1.000000  
58.886277 0.019621  -0.008526  -0.056469  0.725919  0.460397  0.510956  -0.642165  0.719745  0.263802  -0.246305  -0.519617  0.818127  0.001158  0.006253  0.140635  -6.233689  -1.215775  0.407873  1.000000  
58.887529 0.019620  -0.008521  -0.056291  0.724703  0.465388  0.508153  -0.643487  0.720830  0.257543  -0.246434  -0.513632  0.821859  0.001029  0.006045  0.141264  -6.244068  -1.194784  0.460417  1.000000  
58.888781 0.019621  -0.008515  -0.056112  0.723593  0.470285  0.505218  -0.644636  0.722063  0.251136  -0.246694  -0.507402  0.825642  0.000900  0.005842  0.140910  -6.255354  -1.169043  0.522166  1.000000  
58.890023 0.019623  -0.008512  -0.055927  0.722373  0.475179  0.502377  -0.645953  0.723007  0.244958  -0.246823  -0.501463  0.829224  0.000944  0.005518  0.141837  -6.266550  -1.149124  0.584288  1.000000  
