1-Time 2-Px 3-Py 4-Pz 5-R11 6-R21 7-R31 8-R12 9-R22 10-R32 11-R13 12-R23 13-R33 14-Vx 15-Vy 16-Vz 17-Wx 18-Wy 19-Wz 20-state
63.495521 0.003635  -0.003748  -0.017234  0.672459  0.725242  0.147725  -0.729945  0.682862  -0.029659  -0.122386  -0.087886  0.988584  0.000700  -0.000181  -0.000771  0.000000  0.000000  0.000000  1.000000  
63.496587 0.003636  -0.003748  -0.017236  0.672459  0.725242  0.147725  -0.729945  0.682862  -0.029659  -0.122386  -0.087886  0.988584  0.001401  -0.000280  -0.001638  0.000000  0.000000  0.000000  1.000000  
63.497812 0.003638  -0.003749  -0.017224  0.672309  0.725383  0.147719  -0.730084  0.682712  -0.029690  -0.122386  -0.087886  0.988584  0.001375  -0.000164  0.005201  0.000000  0.000000  0.000000  1.000000  
63.498825 0.003638  -0.003748  -0.017210  0.672309  0.725383  0.147719  -0.730084  0.682712  -0.029690  -0.122386  -0.087886  0.988584  0.001042  -0.000012  0.008021  0.000000  0.000000  0.000000  1.000000  
63.500074 0.003639  -0.003747  -0.017198  0.672309  0.725383  0.147719  -0.730084  0.682712  -0.029690  -0.122386  -0.087886  0.988584  0.000971  0.000351  0.008538  0.000000  0.000000  0.000000  1.000000  
63.501303 0.003640  -0.003744  -0.017191  0.672309  0.725383  0.147719  -0.730084  0.682712  -0.029690  -0.122386  -0.087886  0.988584  0.000922  0.000752  0.007933  0.000000  0.000000  0.000000  1.000000  
63.502306 0.003640  -0.003742  -0.017185  0.672309  0.725365  0.147807  -0.730084  0.682716  -0.029607  -0.122386  -0.088006  0.988573  0.000727  0.000967  0.007580  0.000000  0.000000  0.000000  1.000000  
63.503552 0.003639  -0.003740  -0.017179  0.672159  0.725505  0.147801  -0.730222  0.682566  -0.029637  -0.122386  -0.088006  0.988573  0.000449  0.001093  0.007151  0.000000  0.000000  0.000000  1.000000  
63.504553 0.003638  -0.003739  -0.017174  0.672159  0.725505  0.147801  -0.730222  0.682566  -0.029637  -0.122386  -0.088006  0.988573  0.000355  0.001112  0.006930  0.000000  0.000000  0.000000  1.000000  
63.505553 0.003638  -0.003737  -0.017167  0.672159  0.725487  0.147889  -0.730222  0.682570  -0.029555  -0.122386  -0.088126  0.988562  0.000336  0.001160  0.006873  0.000000  0.000000  0.000000  1.000000  
63.506804 0.003638  -0.003735  -0.017159  0.672008  0.725628  0.147882  -0.730361  0.682421  -0.029585  -0.122386  -0.088126  0.988562  0.000263  0.001223  0.006892  0.000000  0.000000  0.000000  1.000000  
63.507812 0.003638  -0.003733  -0.017150  0.671997  0.725602  0.148060  -0.730349  0.682433  -0.029600  -0.122519  -0.088245  0.988535  0.000209  0.001299  0.007047  0.000000  0.000000  0.000000  1.000000  
63.509053 0.003635  -0.003731  -0.017137  0.671997  0.725566  0.148236  -0.730349  0.682440  -0.029434  -0.122519  -0.088484  0.988514  0.000018  0.001276  0.007327  0.000000  0.000000  0.000000  1.000000  
63.510303 0.003633  -0.003731  -0.017121  0.671847  0.725688  0.148318  -0.730487  0.682294  -0.029382  -0.122519  -0.088604  0.988503  -0.000157  0.001206  0.007797  0.000000  0.000000  0.000000  1.000000  
63.511553 0.003631  -0.003730  -0.017100  0.671847  0.725670  0.148406  -0.730487  0.682298  -0.029299  -0.122519  -0.088724  0.988492  -0.000338  0.001218  0.009094  0.000000  0.000000  0.000000  1.000000  
63.512553 0.003630  -0.003729  -0.017081  0.671847  0.725634  0.148582  -0.730487  0.682305  -0.029134  -0.122519  -0.088964  0.988471  -0.000451  0.001326  0.009771  0.000000  0.000000  0.000000  1.000000  
63.513560 0.003630  -0.003726  -0.017066  0.671847  0.725616  0.148670  -0.730487  0.682308  -0.029051  -0.122519  -0.089084  0.988460  -0.000549  0.001513  0.009773  0.000000  0.000000  0.000000  1.000000  
63.514561 0.003631  -0.003723  -0.017054  0.671696  0.725739  0.148752  -0.730625  0.682163  -0.028999  -0.122519  -0.089204  0.988449  -0.000557  0.001647  0.009885  0.000000  0.000000  0.000000  1.000000  
63.515806 0.003630  -0.003718  -0.017046  0.671696  0.725721  0.148840  -0.730625  0.682166  -0.028916  -0.122519  -0.089324  0.988438  -0.000648  0.001851  0.009844  0.000000  0.000000  0.000000  1.000000  
63.516807 0.003628  -0.003714  -0.017038  0.671707  0.725729  0.148751  -0.730637  0.682157  -0.028819  -0.122386  -0.089325  0.988455  -0.000780  0.001929  0.009992  0.000000  0.000000  0.000000  1.000000  
63.518054 0.003626  -0.003711  -0.017022  0.671707  0.725711  0.148839  -0.730637  0.682161  -0.028736  -0.122386  -0.089445  0.988444  -0.000895  0.001978  0.010652  0.000000  0.000000  0.000000  1.000000  
63.519056 0.003626  -0.003707  -0.017004  0.671707  0.725693  0.148927  -0.730637  0.682164  -0.028653  -0.122386  -0.089565  0.988433  -0.000875  0.002131  0.011473  0.000000  0.000000  0.000000  1.000000  
63.520062 0.003625  -0.003704  -0.016984  0.671718  0.725701  0.148837  -0.730649  0.682155  -0.028556  -0.122253  -0.089566  0.988449  -0.000848  0.002296  0.012594  0.000000  0.000000  0.000000  1.000000  
63.521303 0.003625  -0.003698  -0.016956  0.671869  0.725542  0.148931  -0.730511  0.682308  -0.028442  -0.122253  -0.089686  0.988438  -0.000916  0.002541  0.013820  0.000000  0.000000  0.000000  1.000000  
63.522304 0.003622  -0.003693  -0.016936  0.671869  0.725542  0.148931  -0.730511  0.682308  -0.028442  -0.122253  -0.089686  0.988438  -0.001007  0.002689  0.014661  0.000000  0.000000  0.000000  1.000000  
63.523553 0.003620  -0.003688  -0.016910  0.671880  0.725532  0.148930  -0.730523  0.682303  -0.028262  -0.122120  -0.089808  0.988444  -0.001079  0.002909  0.015514  0.000000  0.000000  0.000000  1.000000  
63.524553 0.003618  -0.003684  -0.016894  0.672041  0.725400  0.148846  -0.730397  0.682443  -0.028134  -0.121987  -0.089809  0.988460  -0.001043  0.003152  0.015889  0.000000  0.000000  0.000000  1.000000  
63.525803 0.003619  -0.003679  -0.016876  0.672041  0.725382  0.148934  -0.730397  0.682447  -0.028051  -0.121987  -0.089929  0.988449  -0.000921  0.003425  0.015839  0.000000  0.000000  0.000000  1.000000  
63.527053 0.003620  -0.003673  -0.016861  0.672052  0.725390  0.148844  -0.730409  0.682438  -0.027954  -0.121855  -0.089931  0.988465  -0.000719  0.003777  0.015281  0.000000  0.000000  0.000000  1.000000  
63.528060 0.003619  -0.003668  -0.016850  0.672203  0.725232  0.148938  -0.730270  0.682591  -0.027841  -0.121855  -0.090050  0.988455  -0.000741  0.003987  0.014840  0.000000  0.000000  0.000000  1.000000  
63.529303 0.003618  -0.003662  -0.016840  0.672214  0.725222  0.148936  -0.730282  0.682585  -0.027661  -0.121722  -0.090172  0.988460  -0.000830  0.004096  0.014488  0.000000  0.000000  0.000000  1.000000  
63.530308 0.003617  -0.003659  -0.016830  0.672375  0.725089  0.148852  -0.730156  0.682726  -0.027533  -0.121589  -0.090173  0.988476  -0.000917  0.004062  0.014590  0.000000  0.000000  0.000000  1.000000  
63.531556 0.003616  -0.003655  -0.016815  0.672386  0.725079  0.148851  -0.730168  0.682720  -0.027352  -0.121456  -0.090295  0.988481  -0.000869  0.003995  0.015119  0.000000  0.000000  0.000000  1.000000  
63.532810 0.003614  -0.003652  -0.016794  0.672548  0.724947  0.148767  -0.730041  0.682860  -0.027225  -0.121323  -0.090296  0.988497  -0.000802  0.003979  0.015451  0.000000  0.000000  0.000000  1.000000  
63.534057 0.003613  -0.003647  -0.016769  0.672559  0.724937  0.148765  -0.730053  0.682855  -0.027044  -0.121191  -0.090418  0.988503  -0.000814  0.004054  0.015534  0.000000  0.000000  0.000000  1.000000  
63.535303 0.003612  -0.003642  -0.016747  0.672720  0.724805  0.148681  -0.729927  0.682995  -0.026917  -0.121058  -0.090419  0.988519  -0.000926  0.003989  0.015304  0.000000  0.000000  0.000000  1.000000  
63.536303 0.003611  -0.003638  -0.016732  0.672870  0.724682  0.148599  -0.729788  0.683141  -0.026969  -0.121058  -0.090299  0.988530  -0.000921  0.003992  0.014878  0.000000  0.000000  0.000000  1.000000  
63.537553 0.003610  -0.003632  -0.016717  0.673042  0.724558  0.148425  -0.729674  0.683272  -0.026744  -0.120792  -0.090302  0.988562  -0.000790  0.003995  0.014231  0.000000  0.000000  0.000000  1.000000  
63.538806 0.003609  -0.003627  -0.016704  0.673203  0.724443  0.148253  -0.729547  0.683410  -0.026699  -0.120659  -0.090184  0.988589  -0.000636  0.004030  0.013469  0.000000  0.000000  0.000000  1.000000  
63.540058 0.003610  -0.003620  -0.016691  0.673364  0.724329  0.148081  -0.729420  0.683547  -0.026654  -0.120526  -0.090065  0.988616  -0.000549  0.004129  0.012928  0.000000  0.000000  0.000000  1.000000  
63.541303 0.003611  -0.003614  -0.016675  0.673687  0.724082  0.147824  -0.729166  0.683824  -0.026482  -0.120261  -0.089948  0.988659  -0.000561  0.004205  0.013016  0.000000  0.000000  0.000000  1.000000  
63.542553 0.003611  -0.003609  -0.016654  0.673848  0.723949  0.147740  -0.729040  0.683964  -0.026354  -0.120128  -0.089950  0.988675  -0.000513  0.004145  0.013452  0.000000  0.000000  0.000000  1.000000  
63.543554 0.003611  -0.003605  -0.016636  0.674020  0.723842  0.147478  -0.728924  0.684092  -0.026213  -0.119862  -0.089833  0.988718  -0.000535  0.004034  0.014018  0.000000  0.000000  0.000000  1.000000  
63.544803 0.003609  -0.003602  -0.016615  0.674330  0.723569  0.147399  -0.728659  0.684381  -0.026055  -0.119729  -0.089834  0.988734  -0.000553  0.003919  0.014646  0.000000  0.000000  0.000000  1.000000  
63.545804 0.003609  -0.003600  -0.016598  0.674502  0.723444  0.147225  -0.728543  0.684513  -0.025830  -0.119464  -0.089837  0.988766  -0.000492  0.003846  0.015165  0.000000  0.000000  0.000000  1.000000  
63.546809 0.003608  -0.003598  -0.016582  0.674813  0.723188  0.147058  -0.728277  0.684799  -0.025756  -0.119331  -0.089718  0.988793  -0.000431  0.003775  0.015274  0.000000  0.000000  0.000000  1.000000  
63.547810 0.003608  -0.003595  -0.016565  0.674974  0.723056  0.146973  -0.728150  0.684939  -0.025628  -0.119198  -0.089720  0.988808  -0.000366  0.003770  0.015224  0.000000  0.000000  0.000000  1.000000  
63.549056 0.003610  -0.003592  -0.016549  0.675295  0.722790  0.146803  -0.727895  0.685219  -0.025374  -0.118932  -0.089723  0.988840  -0.000195  0.003658  0.014707  0.000000  0.000000  0.000000  1.000000  
63.550104 0.003611  -0.003589  -0.016540  0.675606  0.722516  0.146724  -0.727629  0.685507  -0.025216  -0.118800  -0.089724  0.988856  -0.000032  0.003605  0.014009  0.000000  0.000000  0.000000  1.000000  
63.551304 0.003612  -0.003585  -0.016529  0.675777  0.722409  0.146461  -0.727513  0.685636  -0.025075  -0.118534  -0.089607  0.988899  0.000093  0.003493  0.013509  0.000000  0.000000  0.000000  1.000000  
63.552312 0.003613  -0.003582  -0.016519  0.676087  0.722135  0.146382  -0.727246  0.685924  -0.024918  -0.118401  -0.089609  0.988914  0.000213  0.003425  0.013407  0.017557  0.141516  -0.166482  1.000000  
63.553554 0.003614  -0.003578  -0.016502  0.676248  0.722002  0.146297  -0.727119  0.686064  -0.024791  -0.118268  -0.089610  0.988930  0.000325  0.003302  0.013721  0.014310  0.146731  -0.173034  1.000000  
63.554804 0.003616  -0.003575  -0.016480  0.676558  0.721745  0.146129  -0.726852  0.686349  -0.024717  -0.118135  -0.089491  0.988957  0.000392  0.003093  0.014344  0.010940  0.146044  -0.178307  1.000000  
63.556054 0.003618  -0.003571  -0.016453  0.676868  0.721470  0.146049  -0.726585  0.686638  -0.024560  -0.118002  -0.089493  0.988972  0.000486  0.002918  0.015030  0.008588  0.148509  -0.193465  1.000000  
63.557303 0.003620  -0.003567  -0.016426  0.677178  0.721213  0.145881  -0.726317  0.686923  -0.024487  -0.117870  -0.089374  0.988999  0.000559  0.002832  0.015490  0.002062  0.152965  -0.205049  1.000000  
63.558553 0.003620  -0.003563  -0.016401  0.677498  0.720965  0.145624  -0.726062  0.687200  -0.024317  -0.117604  -0.089257  0.989041  0.000615  0.002832  0.015669  -0.001189  0.162438  -0.211023  1.000000  
63.559553 0.003621  -0.003558  -0.016384  0.677658  0.720831  0.145538  -0.725934  0.687339  -0.024190  -0.117471  -0.089259  0.989057  0.000767  0.002985  0.015661  -0.004442  0.163080  -0.217820  1.000000  
63.560803 0.003622  -0.003553  -0.016366  0.677968  0.720556  0.145458  -0.725666  0.687627  -0.024033  -0.117338  -0.089260  0.989073  0.000882  0.003172  0.015457  -0.007697  0.163732  -0.224630  1.000000  
63.562056 0.003625  -0.003547  -0.016347  0.678277  0.720299  0.145290  -0.725398  0.687912  -0.023960  -0.117205  -0.089141  0.989099  0.001060  0.003362  0.015312  -0.010135  0.164948  -0.238214  1.000000  
63.563306 0.003626  -0.003541  -0.016327  0.678576  0.720016  0.145300  -0.725119  0.688209  -0.023900  -0.117205  -0.089141  0.989099  0.001146  0.003512  0.015453  -0.009332  0.161091  -0.245360  1.000000  
63.564308 0.003628  -0.003535  -0.016311  0.678725  0.719874  0.145305  -0.724979  0.688357  -0.023870  -0.117205  -0.089141  0.989099  0.001183  0.003742  0.015747  -0.013506  0.157993  -0.247840  1.000000  
63.565311 0.003628  -0.003531  -0.016293  0.678875  0.719715  0.145397  -0.724839  0.688508  -0.023757  -0.117205  -0.089261  0.989088  0.001113  0.003807  0.016446  -0.004543  0.154109  -0.255049  1.000000  
63.566556 0.003629  -0.003525  -0.016269  0.679184  0.719439  0.145316  -0.724571  0.688796  -0.023601  -0.117072  -0.089263  0.989104  0.001117  0.003979  0.017332  -0.003724  0.153455  -0.259737  1.000000  
63.567556 0.003630  -0.003519  -0.016248  0.679482  0.719156  0.145326  -0.724292  0.689092  -0.023541  -0.117072  -0.089263  0.989104  0.001124  0.004151  0.018007  0.001126  0.150864  -0.269169  1.000000  
63.568805 0.003631  -0.003513  -0.016221  0.679791  0.718862  0.145332  -0.724023  0.689382  -0.023301  -0.116939  -0.089384  0.989108  0.001073  0.004325  0.018496  0.005938  0.150250  -0.273726  1.000000  
63.570054 0.003632  -0.003506  -0.016195  0.680089  0.718578  0.145342  -0.723743  0.689678  -0.023241  -0.116939  -0.089384  0.989108  0.001042  0.004548  0.018535  0.010778  0.146419  -0.280948  1.000000  
63.571056 0.003635  -0.003500  -0.016177  0.680387  0.718294  0.145351  -0.723463  0.689974  -0.023181  -0.116939  -0.089384  0.989108  0.001126  0.004777  0.018350  0.014904  0.138645  -0.284076  1.000000  
63.572056 0.003636  -0.003494  -0.016160  0.680536  0.718135  0.145443  -0.723323  0.690124  -0.023067  -0.116939  -0.089504  0.989098  0.001088  0.004952  0.017990  0.018960  0.134181  -0.284470  1.000000  
63.573303 0.003637  -0.003487  -0.016142  0.680844  0.717859  0.145362  -0.723054  0.690411  -0.022911  -0.116807  -0.089506  0.989113  0.001174  0.005122  0.017570  0.023800  0.130327  -0.291781  1.000000  
63.574553 0.003640  -0.003478  -0.016124  0.681291  0.717432  0.145376  -0.722634  0.690855  -0.022821  -0.116807  -0.089506  0.989113  0.001296  0.005321  0.017308  0.024598  0.126463  -0.299020  1.000000  
63.575803 0.003643  -0.003470  -0.016103  0.681588  0.717148  0.145385  -0.722353  0.691150  -0.022762  -0.116807  -0.089506  0.989113  0.001409  0.005567  0.017545  0.025163  0.117146  -0.304137  1.000000  
63.576803 0.003646  -0.003463  -0.016082  0.681896  0.716871  0.145304  -0.722084  0.691436  -0.022605  -0.116674  -0.089507  0.989129  0.001433  0.005729  0.017957  0.029169  0.117147  -0.304198  1.000000  
63.578053 0.003647  -0.003454  -0.016054  0.682342  0.716426  0.145405  -0.721662  0.691882  -0.022432  -0.116674  -0.089627  0.989118  0.001415  0.005866  0.018496  0.034785  0.109497  -0.318535  1.000000  
63.579303 0.003649  -0.003447  -0.016025  0.682798  0.716007  0.145328  -0.721252  0.692315  -0.022246  -0.116541  -0.089628  0.989133  0.001380  0.005893  0.019086  0.035547  0.110107  -0.325311  1.000000  
63.580309 0.003650  -0.003440  -0.016002  0.683254  0.715588  0.145250  -0.720842  0.692749  -0.022060  -0.116408  -0.089630  0.989149  0.001427  0.006023  0.019371  0.036288  0.106284  -0.332516  1.000000  
63.581556 0.003651  -0.003432  -0.015976  0.683700  0.715142  0.145351  -0.720419  0.693193  -0.021886  -0.116408  -0.089750  0.989138  0.001464  0.006168  0.019503  0.045509  0.098829  -0.342936  1.000000  
63.582809 0.003653  -0.003423  -0.015954  0.684303  0.714579  0.145277  -0.719867  0.693773  -0.021671  -0.116275  -0.089751  0.989154  0.001575  0.006381  0.019166  0.047084  0.100067  -0.356618  1.000000  
63.584063 0.003655  -0.003414  -0.015933  0.684907  0.713998  0.145291  -0.719315  0.694355  -0.021371  -0.116142  -0.089873  0.989158  0.001599  0.006552  0.018771  0.057607  0.101907  -0.377072  1.000000  
63.585306 0.003656  -0.003405  -0.015914  0.685509  0.713435  0.145217  -0.718762  0.694934  -0.021156  -0.116009  -0.089874  0.989174  0.001544  0.006616  0.018403  0.059187  0.103169  -0.390841  1.000000  
63.586554 0.003657  -0.003397  -0.015895  0.686112  0.712853  0.145229  -0.718208  0.695515  -0.020856  -0.115876  -0.089995  0.989178  0.001474  0.006694  0.018304  0.068912  0.104423  -0.404583  1.000000  
63.587803 0.003657  -0.003389  -0.015876  0.686566  0.712431  0.145151  -0.717796  0.695947  -0.020671  -0.115743  -0.089997  0.989194  0.001352  0.006685  0.018221  0.069885  0.104784  -0.414793  1.000000  
63.588805 0.003657  -0.003383  -0.015858  0.687167  0.711849  0.145162  -0.717241  0.696527  -0.020371  -0.115611  -0.090118  0.989198  0.001233  0.006694  0.018583  0.080178  0.106899  -0.431944  1.000000  
63.590053 0.003657  -0.003375  -0.015832  0.687769  0.711283  0.145087  -0.716686  0.697104  -0.020156  -0.115478  -0.090120  0.989214  0.001064  0.006680  0.018993  0.081071  0.107268  -0.442042  1.000000  
63.591056 0.003657  -0.003369  -0.015810  0.688380  0.710708  0.145007  -0.716142  0.697675  -0.019761  -0.115212  -0.090242  0.989233  0.000884  0.006615  0.019209  0.087321  0.113883  -0.458899  1.000000  
63.592060 0.003656  -0.003363  -0.015789  0.688980  0.710142  0.144931  -0.715586  0.698251  -0.019546  -0.115079  -0.090244  0.989249  0.000657  0.006477  0.019157  0.093742  0.115713  -0.479427  1.000000  
63.593302 0.003655  -0.003356  -0.015764  0.689590  0.709583  0.144763  -0.715040  0.698818  -0.019236  -0.114813  -0.090247  0.989279  0.000477  0.006489  0.018832  0.094515  0.124897  -0.488347  1.000000  
63.594303 0.003654  -0.003349  -0.015748  0.690200  0.709024  0.144595  -0.714494  0.699385  -0.018927  -0.114547  -0.090249  0.989310  0.000325  0.006532  0.018415  0.096842  0.135639  -0.507956  1.000000  
63.595303 0.003652  -0.003342  -0.015734  0.690799  0.708439  0.144605  -0.713937  0.699962  -0.018628  -0.114414  -0.090371  0.989314  0.000135  0.006566  0.017901  0.099198  0.142003  -0.527944  1.000000  
63.596556 0.003650  -0.003332  -0.015717  0.691555  0.707735  0.144440  -0.713247  0.700674  -0.018289  -0.114149  -0.090374  0.989345  -0.000169  0.006637  0.017308  0.101497  0.148882  -0.545539  1.000000  
63.597807 0.003647  -0.003324  -0.015698  0.692321  0.707039  0.144182  -0.712568  0.701376  -0.017855  -0.113750  -0.090378  0.989390  -0.000430  0.006624  0.017072  0.103753  0.159722  -0.565337  1.000000  
63.598809 0.003644  -0.003317  -0.015682  0.692928  0.706460  0.144097  -0.712019  0.701943  -0.017461  -0.113484  -0.090500  0.989409  -0.000746  0.006566  0.017001  0.105231  0.169932  -0.577991  1.000000  
63.600070 0.003640  -0.003307  -0.015660  0.693829  0.705610  0.143934  -0.711185  0.702797  -0.017094  -0.113218  -0.090503  0.989440  -0.001066  0.006646  0.017217  0.109090  0.181927  -0.611166  1.000000  
63.601303 0.003636  -0.003299  -0.015636  0.694738  0.704749  0.143763  -0.710359  0.703645  -0.016547  -0.112819  -0.090627  0.989474  -0.001464  0.006695  0.017528  0.111420  0.197427  -0.630872  1.000000  
63.602311 0.003631  -0.003292  -0.015617  0.695344  0.704186  0.143591  -0.709809  0.704207  -0.016239  -0.112553  -0.090630  0.989504  -0.001750  0.006741  0.017803  0.113684  0.208196  -0.650420  1.000000  
63.603553 0.003627  -0.003283  -0.015594  0.696241  0.703315  0.143511  -0.708971  0.705061  -0.015788  -0.112287  -0.090753  0.989523  -0.002083  0.006784  0.017863  0.120832  0.215272  -0.677595  1.000000  
63.604803 0.003622  -0.003274  -0.015573  0.696992  0.702589  0.143426  -0.708275  0.705769  -0.015365  -0.112021  -0.090876  0.989542  -0.002393  0.006854  0.017570  0.126396  0.225515  -0.690452  1.000000  
63.606053 0.003617  -0.003265  -0.015554  0.697898  0.701707  0.143336  -0.707445  0.706614  -0.014734  -0.111623  -0.091120  0.989564  -0.002673  0.006914  0.017070  0.137522  0.237060  -0.717024  1.000000  
63.607303 0.003613  -0.003256  -0.015538  0.698647  0.700980  0.143250  -0.706748  0.707321  -0.014312  -0.111357  -0.091243  0.989583  -0.002955  0.007049  0.016255  0.139001  0.247355  -0.729875  1.000000  
63.608553 0.003608  -0.003246  -0.015523  0.699550  0.700114  0.143073  -0.705916  0.708162  -0.013767  -0.110958  -0.091367  0.989616  -0.003176  0.007167  0.015745  0.145255  0.258265  -0.749687  1.000000  
63.609553 0.003604  -0.003238  -0.015511  0.700298  0.699384  0.142986  -0.705217  0.708866  -0.013346  -0.110692  -0.091490  0.989635  -0.003316  0.007258  0.015517  0.150788  0.268499  -0.762489  1.000000  
63.610803 0.003599  -0.003228  -0.015494  0.701199  0.698517  0.142806  -0.704383  0.709705  -0.012802  -0.110293  -0.091614  0.989668  -0.003488  0.007315  0.015585  0.156506  0.277730  -0.782631  1.000000  
63.612058 0.003595  -0.003218  -0.015473  0.701945  0.697768  0.142802  -0.703681  0.710409  -0.012295  -0.110027  -0.091856  0.989675  -0.003577  0.007406  0.015788  0.161139  0.282893  -0.788856  1.000000  
63.613306 0.003590  -0.003208  -0.015449  0.702845  0.696899  0.142621  -0.702845  0.711246  -0.011752  -0.109628  -0.091981  0.989708  -0.003702  0.007474  0.016051  0.166579  0.297529  -0.801257  1.000000  
63.614309 0.003586  -0.003200  -0.015430  0.703589  0.696167  0.142530  -0.702142  0.711947  -0.011331  -0.109362  -0.092103  0.989726  -0.003791  0.007503  0.016188  0.169339  0.305807  -0.821094  1.000000  
63.615321 0.003583  -0.003192  -0.015411  0.704321  0.695408  0.142616  -0.701427  0.712657  -0.010918  -0.109229  -0.092345  0.989718  -0.003772  0.007606  0.016174  0.178859  0.307034  -0.834398  1.000000  
63.616557 0.003578  -0.003181  -0.015391  0.705218  0.694519  0.142516  -0.700588  0.713492  -0.010289  -0.108830  -0.092589  0.989739  -0.003759  0.007728  0.015989  0.184325  0.317518  -0.847540  1.000000  
63.617558 0.003575  -0.003172  -0.015377  0.705960  0.693784  0.142423  -0.699882  0.714190  -0.009869  -0.108564  -0.092712  0.989757  -0.003710  0.007867  0.015689  0.189777  0.323311  -0.860816  1.000000  
63.618801 0.003570  -0.003162  -0.015359  0.706988  0.692737  0.142416  -0.698884  0.715174  -0.009304  -0.108298  -0.092955  0.989763  -0.003652  0.007992  0.015391  0.194425  0.327197  -0.873827  1.000000  
63.619804 0.003567  -0.003153  -0.015345  0.707728  0.691984  0.142405  -0.698176  0.715872  -0.008798  -0.108032  -0.093197  0.989769  -0.003645  0.008122  0.015192  0.204769  0.335109  -0.887427  1.000000  
63.621100 0.003563  -0.003141  -0.015327  0.708754  0.690935  0.142396  -0.697176  0.716853  -0.008233  -0.107766  -0.093440  0.989775  -0.003542  0.008252  0.015089  0.209808  0.336007  -0.899652  1.000000  
63.622302 0.003560  -0.003130  -0.015308  0.709635  0.690015  0.142469  -0.696320  0.717691  -0.007611  -0.107500  -0.093803  0.989770  -0.003532  0.008362  0.015343  0.223679  0.338006  -0.914811  1.000000  
63.623303 0.003556  -0.003121  -0.015291  0.710362  0.689250  0.142549  -0.695599  0.718394  -0.007197  -0.107367  -0.094045  0.989762  -0.003489  0.008453  0.015777  0.232458  0.338731  -0.921563  1.000000  
63.624553 0.003552  -0.003111  -0.015267  0.711394  0.688190  0.142525  -0.694605  0.719362  -0.006452  -0.106968  -0.094409  0.989770  -0.003524  0.008481  0.016306  0.241841  0.344733  -0.934847  1.000000  
63.625802 0.003547  -0.003101  -0.015243  0.712272  0.687267  0.142594  -0.693746  0.720196  -0.005829  -0.106702  -0.094772  0.989764  -0.003462  0.008514  0.016695  0.254600  0.345575  -0.941740  1.000000  
63.626803 0.003544  -0.003092  -0.015224  0.712996  0.686499  0.142671  -0.693022  0.720896  -0.005415  -0.106569  -0.095013  0.989755  -0.003514  0.008528  0.016868  0.261899  0.339660  -0.947920  1.000000  
63.628054 0.003538  -0.003082  -0.015203  0.714015  0.685426  0.142738  -0.692014  0.721869  -0.004763  -0.106303  -0.095376  0.989749  -0.003524  0.008539  0.016703  0.275242  0.341065  -0.961346  1.000000  
63.629303 0.003534  -0.003071  -0.015184  0.715184  0.684195  0.142792  -0.690866  0.722972  -0.003901  -0.105903  -0.095860  0.989745  -0.003483  0.008605  0.016413  0.289252  0.343303  -0.981732  1.000000  
63.630309 0.003530  -0.003063  -0.015170  0.715905  0.683425  0.142866  -0.690140  0.723668  -0.003486  -0.105770  -0.096102  0.989736  -0.003518  0.008586  0.016132  0.298812  0.341115  -0.983328  1.000000  
63.631556 0.003525  -0.003053  -0.015152  0.716919  0.682348  0.142929  -0.689127  0.724635  -0.002833  -0.105504  -0.096465  0.989729  -0.003539  0.008545  0.015986  0.307493  0.337651  -0.990912  1.000000  
63.632808 0.003520  -0.003042  -0.015133  0.718073  0.681120  0.142990  -0.687965  0.725741  -0.002150  -0.105238  -0.096828  0.989722  -0.003566  0.008530  0.016031  0.316763  0.339064  -1.004182  1.000000  
63.633809 0.003516  -0.003033  -0.015116  0.718943  0.680190  0.143048  -0.687097  0.726564  -0.001526  -0.104972  -0.097190  0.989715  -0.003618  0.008517  0.016209  0.326145  0.340615  -1.017835  1.000000  
63.635052 0.003510  -0.003023  -0.015092  0.720094  0.678942  0.143188  -0.685931  0.727666  -0.000755  -0.104706  -0.097673  0.989695  -0.003729  0.008489  0.016617  0.338305  0.340730  -1.036616  1.000000  
63.636057 0.003505  -0.003015  -0.015072  0.720961  0.678009  0.143244  -0.685060  0.728486  -0.000131  -0.104440  -0.098036  0.989687  -0.003859  0.008448  0.017055  0.348923  0.343760  -1.045002  1.000000  
63.637302 0.003499  -0.003005  -0.015047  0.721968  0.676908  0.143380  -0.684040  0.729444  0.000612  -0.104174  -0.098519  0.989668  -0.004037  0.008317  0.017392  0.360162  0.343249  -1.056849  1.000000  
63.638552 0.003492  -0.002996  -0.015024  0.723114  0.675656  0.143514  -0.682869  0.730540  0.001384  -0.103907  -0.099002  0.989647  -0.004227  0.008267  0.017456  0.373402  0.340440  -1.070795  1.000000  
63.639553 0.003487  -0.002988  -0.015008  0.723977  0.674720  0.143565  -0.681994  0.731355  0.002009  -0.103641  -0.099365  0.989639  -0.004290  0.008208  0.017304  0.381926  0.341355  -1.077528  1.000000  
63.640553 0.003482  -0.002980  -0.014992  0.724839  0.673766  0.143696  -0.681118  0.732168  0.002723  -0.103375  -0.099848  0.989618  -0.004459  0.008141  0.017034  0.396993  0.340081  -1.086952  1.000000  
63.641803 0.003475  -0.002971  -0.014974  0.725980  0.672509  0.143825  -0.679943  0.733257  0.003497  -0.103109  -0.100331  0.989597  -0.004562  0.008073  0.016660  0.407134  0.342536  -1.107607  1.000000  
63.643053 0.003467  -0.002962  -0.014958  0.727119  0.671232  0.144032  -0.678765  0.734343  0.004360  -0.102843  -0.100934  0.989563  -0.004740  0.008020  0.016303  0.424502  0.339775  -1.121572  1.000000  
63.644054 0.003461  -0.002954  -0.014945  0.727977  0.670292  0.144077  -0.677885  0.735151  0.004985  -0.102577  -0.101297  0.989554  -0.004955  0.007927  0.016148  0.430331  0.343025  -1.125461  1.000000  
63.645303 0.003454  -0.002945  -0.014928  0.729122  0.669023  0.144183  -0.676713  0.736223  0.005939  -0.102177  -0.101901  0.989533  -0.005082  0.007893  0.016112  0.443703  0.349417  -1.138959  1.000000  
63.646557 0.003446  -0.002937  -0.014908  0.730256  0.667742  0.144384  -0.675530  0.737301  0.006804  -0.101911  -0.102504  0.989498  -0.005299  0.007723  0.016286  0.459712  0.348820  -1.154980  1.000000  
63.647806 0.003438  -0.002928  -0.014888  0.731536  0.666318  0.144483  -0.674203  0.738505  0.007788  -0.101512  -0.103108  0.989477  -0.005509  0.007600  0.016324  0.472943  0.350689  -1.168639  1.000000  
63.648810 0.003431  -0.002921  -0.014871  0.732527  0.665203  0.144599  -0.673167  0.739442  0.008535  -0.101246  -0.103591  0.989453  -0.005714  0.007472  0.016266  0.486117  0.352272  -1.181815  1.000000  
63.649812 0.003424  -0.002914  -0.014854  0.733378  0.664239  0.144716  -0.672280  0.740240  0.009251  -0.100979  -0.104074  0.989430  -0.005849  0.007366  0.016105  0.494792  0.357893  -1.188220  1.000000  
63.651054 0.003415  -0.002905  -0.014837  0.734652  0.662810  0.144807  -0.670947  0.741435  0.010237  -0.100580  -0.104678  0.989407  -0.006016  0.007344  0.015688  0.505433  0.362535  -1.200274  1.000000  
63.652055 0.003408  -0.002898  -0.014825  0.735500  0.661844  0.144920  -0.670057  0.742229  0.010954  -0.100314  -0.105161  0.989383  -0.006166  0.007280  0.015041  0.513129  0.363102  -1.205131  1.000000  
63.653302 0.003400  -0.002888  -0.014811  0.736770  0.660393  0.145086  -0.668720  0.743417  0.012031  -0.099914  -0.105886  0.989346  -0.006282  0.007335  0.014527  0.527061  0.374696  -1.224449  1.000000  
63.654303 0.003393  -0.002880  -0.014801  0.737753  0.659272  0.145192  -0.667676  0.744343  0.012778  -0.099648  -0.106369  0.989321  -0.006415  0.007310  0.013999  0.535143  0.373899  -1.235076  1.000000  
63.655553 0.003383  -0.002871  -0.014787  0.739019  0.657835  0.145272  -0.666334  0.745526  0.013766  -0.099249  -0.106973  0.989296  -0.006579  0.007295  0.013657  0.545000  0.381064  -1.255005  1.000000  
63.656553 0.003375  -0.002864  -0.014775  0.739998  0.656711  0.145374  -0.665286  0.746447  0.014514  -0.098982  -0.107456  0.989270  -0.006775  0.007262  0.013513  0.554318  0.387398  -1.268136  1.000000  
63.657803 0.003365  -0.002854  -0.014759  0.741259  0.655271  0.145448  -0.663940  0.747625  0.015502  -0.098583  -0.108060  0.989244  -0.006934  0.007306  0.013524  0.563480  0.393917  -1.281289  1.000000  
63.659053 0.003355  -0.002845  -0.014741  0.742517  0.653811  0.145599  -0.662592  0.748797  0.016581  -0.098184  -0.108784  0.989205  -0.007100  0.007295  0.013608  0.571784  0.395389  -1.287891  1.000000  
63.660054 0.003346  -0.002837  -0.014728  0.743637  0.652522  0.145671  -0.661394  0.749833  0.017539  -0.097784  -0.109388  0.989178  -0.007315  0.007334  0.013545  0.585681  0.404287  -1.303407  1.000000  
63.661303 0.003334  -0.002827  -0.014712  0.744754  0.651230  0.145739  -0.660195  0.750867  0.018498  -0.097385  -0.109993  0.989150  -0.007568  0.007420  0.013330  0.589988  0.410158  -1.309595  1.000000  
63.662553 0.003324  -0.002817  -0.014696  0.746141  0.649610  0.145876  -0.658686  0.752162  0.019608  -0.096985  -0.110717  0.989109  -0.007710  0.007523  0.013055  0.603747  0.417448  -1.329325  1.000000  
63.663559 0.003314  -0.002808  -0.014686  0.747119  0.648471  0.145943  -0.657636  0.753056  0.020537  -0.096586  -0.111321  0.989080  -0.007896  0.007659  0.012511  0.615746  0.425314  -1.332863  1.000000  
63.664806 0.003303  -0.002797  -0.014675  0.748365  0.647002  0.146077  -0.656276  0.754211  0.021618  -0.096186  -0.112045  0.989037  -0.008065  0.007796  0.011999  0.624057  0.431270  -1.338858  1.000000  
63.666057 0.003292  -0.002786  -0.014663  0.749599  0.645519  0.146307  -0.654905  0.755373  0.022613  -0.095920  -0.112768  0.988981  -0.008229  0.007969  0.011562  0.632769  0.430636  -1.348066  1.000000  
63.667058 0.003283  -0.002776  -0.014654  0.750696  0.644226  0.146383  -0.653686  0.756404  0.023394  -0.095653  -0.113251  0.988951  -0.008380  0.008071  0.011390  0.638268  0.435558  -1.365778  1.000000  
63.668302 0.003272  -0.002765  -0.014640  0.751935  0.642752  0.146507  -0.652319  0.757549  0.024477  -0.095254  -0.113975  0.988907  -0.008530  0.008182  0.011415  0.646883  0.443819  -1.373891  1.000000  
63.669338 0.003263  -0.002755  -0.014627  0.753027  0.641455  0.146578  -0.651097  0.758574  0.025259  -0.094987  -0.114457  0.988877  -0.008638  0.008347  0.011552  0.651046  0.443212  -1.384056  1.000000  
63.670553 0.003251  -0.002743  -0.014610  0.754261  0.639977  0.146696  -0.649725  0.759713  0.026343  -0.094588  -0.115182  0.988831  -0.008820  0.008536  0.011861  0.656749  0.450600  -1.398574  1.000000  
63.671804 0.003239  -0.002731  -0.014592  0.755626  0.638357  0.146727  -0.648196  0.760982  0.027365  -0.094188  -0.115786  0.988798  -0.008973  0.008764  0.011959  0.661670  0.457308  -1.411497  1.000000  
63.673052 0.003227  -0.002718  -0.014575  0.756845  0.636863  0.146939  -0.646811  0.762123  0.028363  -0.093922  -0.116508  0.988739  -0.009054  0.008977  0.011974  0.665299  0.455907  -1.413277  1.000000  
63.674053 0.003217  -0.002707  -0.014562  0.757928  0.635542  0.147076  -0.645580  0.763133  0.029240  -0.093655  -0.117111  0.988693  -0.009167  0.009163  0.011907  0.674369  0.458115  -1.426733  1.000000  
63.675053 0.003207  -0.002696  -0.014551  0.758877  0.634394  0.147140  -0.644503  0.764013  0.029993  -0.093389  -0.117593  0.988661  -0.009247  0.009383  0.011795  0.674755  0.457504  -1.432097  1.000000  
63.676054 0.003198  -0.002685  -0.014540  0.759956  0.633070  0.147272  -0.643269  0.765018  0.030871  -0.093123  -0.118196  0.988614  -0.009244  0.009630  0.011668  0.679058  0.459017  -1.438619  1.000000  
63.677302 0.003186  -0.002670  -0.014527  0.761308  0.631423  0.147364  -0.641727  0.766266  0.031987  -0.092723  -0.118920  0.988565  -0.009341  0.009925  0.011485  0.683239  0.462944  -1.446794  1.000000  
63.678302 0.003176  -0.002659  -0.014516  0.762373  0.630100  0.147516  -0.640480  0.767279  0.032687  -0.092590  -0.119401  0.988519  -0.009359  0.010133  0.011471  0.683482  0.459898  -1.453624  1.000000  
63.679303 0.003166  -0.002647  -0.014504  0.763446  0.628771  0.147641  -0.639239  0.768275  0.033566  -0.092323  -0.120003  0.988471  -0.009430  0.010331  0.011640  0.688442  0.462225  -1.466968  1.000000  
63.680312 0.003156  -0.002635  -0.014492  0.764516  0.627440  0.147763  -0.637997  0.769268  0.034445  -0.092057  -0.120606  0.988423  -0.009525  0.010492  0.011885  0.693537  0.462423  -1.479183  1.000000  
63.681555 0.003143  -0.002620  -0.014475  0.765847  0.625772  0.147943  -0.636437  0.770512  0.035479  -0.091790  -0.121328  0.988359  -0.009645  0.010740  0.012264  0.697935  0.464240  -1.485896  1.000000  
63.682556 0.003133  -0.002608  -0.014459  0.766773  0.624584  0.148169  -0.635341  0.771381  0.036244  -0.091657  -0.121929  0.988298  -0.009752  0.010921  0.012649  0.702239  0.456892  -1.493497  1.000000  
63.683558 0.003123  -0.002595  -0.014444  0.767828  0.623235  0.148385  -0.634085  0.772376  0.037041  -0.091524  -0.122530  0.988236  -0.009819  0.011180  0.012846  0.702617  0.454142  -1.500663  1.000000  
63.684805 0.003110  -0.002579  -0.014425  0.769020  0.621702  0.148640  -0.632677  0.773476  0.038141  -0.091257  -0.123372  0.988156  -0.009828  0.011440  0.013016  0.710316  0.450813  -1.501032  1.000000  
63.686054 0.003097  -0.002562  -0.014408  0.770340  0.620026  0.148808  -0.631108  0.774705  0.039178  -0.090991  -0.124094  0.988090  -0.009928  0.011739  0.012955  0.714148  0.450420  -1.508904  1.000000  
63.687305 0.003085  -0.002545  -0.014394  0.771647  0.618316  0.149150  -0.629528  0.775936  0.040227  -0.090858  -0.124935  0.987996  -0.009924  0.012054  0.012730  0.722853  0.441085  -1.515599  1.000000  
63.688553 0.003071  -0.002528  -0.014379  0.772960  0.616635  0.149310  -0.627954  0.777156  0.041266  -0.090591  -0.125657  0.987929  -0.010026  0.012355  0.012672  0.722388  0.437763  -1.515973  1.000000  
63.689806 0.003058  -0.002510  -0.014363  0.774261  0.614938  0.149570  -0.626368  0.778383  0.042223  -0.090458  -0.126377  0.987849  -0.010113  0.012637  0.012764  0.722590  0.430737  -1.523532  1.000000  
63.691055 0.003045  -0.002491  -0.014347  0.775558  0.613239  0.149826  -0.624781  0.779605  0.043181  -0.090325  -0.127098  0.987769  -0.010153  0.012994  0.012912  0.727523  0.424456  -1.537989  1.000000  
63.692305 0.003032  -0.002472  -0.014328  0.776852  0.611537  0.150079  -0.623190  0.780824  0.044140  -0.090191  -0.127818  0.987688  -0.010278  0.013247  0.013298  0.727116  0.416661  -1.538827  1.000000  
63.693553 0.003018  -0.002453  -0.014309  0.778271  0.609653  0.150393  -0.621437  0.782158  0.045227  -0.090058  -0.128658  0.987591  -0.010343  0.013566  0.013689  0.731478  0.408854  -1.554367  1.000000  
63.694803 0.003004  -0.002434  -0.014289  0.779558  0.607945  0.150638  -0.619841  0.783367  0.046189  -0.089925  -0.129379  0.987509  -0.010454  0.013823  0.013989  0.731624  0.401928  -1.561833  1.000000  
63.695803 0.002993  -0.002419  -0.014274  0.780715  0.606415  0.150817  -0.618403  0.784453  0.047026  -0.089792  -0.129979  0.987443  -0.010564  0.014003  0.014085  0.736604  0.400013  -1.575720  1.000000  
63.696810 0.002982  -0.002403  -0.014260  0.781732  0.605031  0.151106  -0.617116  0.785422  0.047750  -0.089792  -0.130578  0.987364  -0.010609  0.014287  0.014071  0.737110  0.393766  -1.575903  1.000000  
63.697811 0.002970  -0.002387  -0.014247  0.782883  0.603496  0.151279  -0.615674  0.786501  0.048589  -0.089658  -0.131178  0.987296  -0.010682  0.014558  0.013901  0.737983  0.391914  -1.589746  1.000000  
63.698811 0.002959  -0.002371  -0.014235  0.783906  0.602122  0.151460  -0.614391  0.787454  0.049397  -0.089525  -0.131779  0.987228  -0.010778  0.014736  0.013716  0.741541  0.383822  -1.590507  1.000000  
63.699824 0.002948  -0.002355  -0.014224  0.785043  0.600570  0.151733  -0.612938  0.788538  0.050156  -0.089525  -0.132377  0.987148  -0.010787  0.014989  0.013405  0.741611  0.376545  -1.597494  1.000000  
63.701055 0.002934  -0.002333  -0.014211  0.786438  0.598687  0.151950  -0.611166  0.789848  0.051155  -0.089392  -0.133097  0.987063  -0.010847  0.015314  0.013175  0.747111  0.375119  -1.612543  1.000000  
63.702059 0.002923  -0.002316  -0.014199  0.787318  0.597456  0.152239  -0.610032  0.790678  0.051854  -0.089392  -0.133696  0.986983  -0.010975  0.015515  0.013164  0.746688  0.362674  -1.613837  1.000000  
63.703306 0.002908  -0.002295  -0.014184  0.788457  0.595911  0.152399  -0.608579  0.791741  0.052696  -0.089259  -0.134296  0.986913  -0.011069  0.015740  0.013231  0.745788  0.358358  -1.607514  1.000000  
63.704552 0.002894  -0.002274  -0.014167  0.789708  0.594169  0.152723  -0.606955  0.792928  0.053587  -0.089259  -0.135014  0.986815  -0.011120  0.015976  0.013359  0.744760  0.349376  -1.608824  1.000000  
63.705553 0.002882  -0.002256  -0.014152  0.790841  0.592639  0.152806  -0.605498  0.793990  0.054336  -0.089125  -0.135495  0.986761  -0.011288  0.016164  0.013449  0.741638  0.347573  -1.622787  1.000000  
63.706553 0.002870  -0.002238  -0.014137  0.791837  0.591257  0.153004  -0.604195  0.794938  0.054973  -0.089125  -0.135973  0.986695  -0.011335  0.016409  0.013504  0.738125  0.336349  -1.624295  1.000000  
63.707803 0.002855  -0.002216  -0.014121  0.793088  0.589522  0.153214  -0.602570  0.796102  0.055947  -0.088992  -0.136693  0.986608  -0.011467  0.016533  0.013373  0.741865  0.332975  -1.624667  1.000000  
63.709053 0.002840  -0.002193  -0.014105  0.794451  0.587625  0.153443  -0.600773  0.797401  0.056777  -0.088992  -0.137291  0.986525  -0.011533  0.016857  0.013028  0.738188  0.326031  -1.632449  1.000000  
63.710053 0.002827  -0.002174  -0.014094  0.795563  0.586072  0.153622  -0.599300  0.798461  0.057449  -0.088992  -0.137770  0.986458  -0.011597  0.017072  0.012734  0.734082  0.322467  -1.640263  1.000000  
63.711303 0.002812  -0.002151  -0.014081  0.796918  0.584188  0.153775  -0.597497  0.799758  0.058185  -0.088992  -0.138249  0.986391  -0.011717  0.017334  0.012333  0.726149  0.315404  -1.647478  1.000000  
63.712306 0.002799  -0.002132  -0.014071  0.798033  0.582645  0.153844  -0.596026  0.800799  0.058937  -0.088859  -0.138729  0.986336  -0.011784  0.017512  0.012190  0.722969  0.313657  -1.661382  1.000000  
63.713559 0.002784  -0.002108  -0.014058  0.799503  0.580572  0.154050  -0.594053  0.802200  0.059804  -0.088859  -0.139327  0.986252  -0.011869  0.017790  0.012076  0.717557  0.309757  -1.683944  1.000000  
