1-Time 2-Px 3-Py 4-Pz 5-R11 6-R21 7-R31 8-R12 9-R22 10-R32 11-R13 12-R23 13-R33 14-Vx 15-Vy 16-Vz 17-Wx 18-Wy 19-Wz 20-state
7.718815 -0.042551  0.054762  -0.029110  0.869675  0.466039  0.162706  -0.434586  0.566555  0.700108  0.234096  -0.679576  0.695252  0.000000  0.000000  0.000000  0.000000  0.000000  0.000000  1.000000  
7.720002 -0.042549  0.054761  -0.029110  0.869675  0.466039  0.162706  -0.434586  0.566555  0.700108  0.234096  -0.679576  0.695252  0.001177  -0.001099  -0.000426  0.000000  0.000000  0.000000  1.000000  
7.721267 -0.042538  0.054748  -0.029113  0.869675  0.466039  0.162706  -0.434586  0.566555  0.700108  0.234096  -0.679576  0.695252  0.005599  -0.006131  -0.001468  0.000000  0.000000  0.000000  1.000000  
7.722499 -0.042520  0.054729  -0.029115  0.869675  0.466039  0.162706  -0.434586  0.566555  0.700108  0.234096  -0.679576  0.695252  0.008920  -0.009377  -0.001635  0.000000  0.000000  0.000000  1.000000  
7.723748 -0.042498  0.054707  -0.029115  0.869675  0.465980  0.162875  -0.434586  0.566300  0.700314  0.234096  -0.679829  0.695005  0.011120  -0.011581  -0.001233  0.000000  0.000000  0.000000  1.000000  
7.724994 -0.042472  0.054681  -0.029118  0.869647  0.466002  0.162962  -0.434572  0.566004  0.700562  0.234226  -0.680060  0.694735  0.013215  -0.013559  -0.001468  0.000000  0.000000  0.000000  1.000000  
7.726245 -0.042440  0.054647  -0.029124  0.869736  0.465806  0.163044  -0.434392  0.565760  0.700870  0.234226  -0.680397  0.694405  0.015316  -0.015871  -0.001993  0.000000  0.000000  0.000000  1.000000  
7.727263 -0.042410  0.054617  -0.029128  0.869708  0.465848  0.163073  -0.434378  0.565550  0.701048  0.234356  -0.680543  0.694218  0.017041  -0.017634  -0.002275  0.000000  0.000000  0.000000  1.000000  
7.728495 -0.042369  0.054575  -0.029130  0.869887  0.465576  0.162898  -0.434020  0.565571  0.701253  0.234356  -0.680712  0.694052  0.019209  -0.019694  -0.002180  0.000000  0.000000  0.000000  1.000000  
7.729514 -0.042333  0.054542  -0.029130  0.870005  0.465338  0.162949  -0.433855  0.565538  0.701382  0.234226  -0.680902  0.693910  0.020780  -0.020991  -0.001960  0.000000  0.000000  0.000000  1.000000  
7.730756 -0.042287  0.054498  -0.029131  0.870178  0.464918  0.163223  -0.433718  0.565500  0.701497  0.233836  -0.681220  0.693729  0.022520  -0.022486  -0.001805  0.000000  0.000000  0.000000  1.000000  
7.732003 -0.042240  0.054452  -0.029131  0.870323  0.464599  0.163358  -0.433567  0.565507  0.701585  0.233575  -0.681432  0.693608  0.023914  -0.023838  -0.001676  0.000000  0.000000  0.000000  1.000000  
7.733005 -0.042204  0.054415  -0.029130  0.870379  0.464415  0.163580  -0.433595  0.565503  0.701571  0.233315  -0.681560  0.693570  0.024841  -0.024802  -0.001482  0.000000  0.000000  0.000000  1.000000  
7.734013 -0.042165  0.054377  -0.029127  0.870524  0.464096  0.163715  -0.433443  0.565510  0.701659  0.233055  -0.681772  0.693449  0.025761  -0.025664  -0.001175  0.000000  0.000000  0.000000  1.000000  
7.735278 -0.042114  0.054328  -0.029120  0.870669  0.463796  0.163793  -0.433292  0.565602  0.701679  0.232795  -0.681900  0.693411  0.029238  -0.029020  -0.000611  0.000000  0.000000  0.000000  1.000000  
7.736502 -0.042061  0.054276  -0.029112  0.870786  0.463598  0.163731  -0.433126  0.565738  0.701671  0.232665  -0.681922  0.693433  0.031894  -0.031567  0.000136  0.000000  0.000000  0.000000  1.000000  
7.737504 -0.042019  0.054234  -0.029105  0.870786  0.463578  0.163787  -0.433126  0.565653  0.701740  0.232665  -0.682006  0.693351  0.033661  -0.033303  0.000746  0.000000  0.000000  0.000000  1.000000  
7.738747 -0.041966  0.054179  -0.029094  0.870697  0.463675  0.163988  -0.433306  0.565472  0.701775  0.232665  -0.682090  0.693268  0.035708  -0.035473  0.001449  0.000000  0.000000  0.000000  1.000000  
7.739748 -0.041924  0.054133  -0.029088  0.870608  0.463772  0.164189  -0.433485  0.565291  0.701809  0.232665  -0.682174  0.693185  0.037118  -0.037158  0.002085  0.000000  0.000000  0.000000  1.000000  
7.740748 -0.041880  0.054084  -0.029083  0.870463  0.464031  0.164224  -0.433636  0.565029  0.701927  0.232925  -0.682215  0.693058  0.038420  -0.038635  0.002729  0.000000  0.000000  0.000000  1.000000  
7.741753 -0.041835  0.054034  -0.029079  0.870228  0.464407  0.164403  -0.433967  0.564672  0.702010  0.233185  -0.682255  0.692931  0.039513  -0.039973  0.003260  0.000000  0.000000  0.000000  1.000000  
7.742997 -0.041777  0.053970  -0.029075  0.869966  0.464845  0.164556  -0.434283  0.564188  0.702204  0.233575  -0.682357  0.692698  0.040589  -0.041438  0.003660  0.000000  0.000000  0.000000  1.000000  
7.743999 -0.041730  0.053917  -0.029071  0.869703  0.465282  0.164709  -0.434600  0.563703  0.702397  0.233966  -0.682459  0.692466  0.041465  -0.042942  0.004023  0.000000  0.000000  0.000000  1.000000  
7.745247 -0.041671  0.053848  -0.029069  0.869233  0.466033  0.165069  -0.435259  0.562986  0.702564  0.234486  -0.682539  0.692211  0.042336  -0.044561  0.004088  0.000000  0.000000  0.000000  1.000000  
7.746250 -0.041622  0.053792  -0.029071  0.868880  0.466585  0.165368  -0.435754  0.562405  0.702723  0.234876  -0.682641  0.691979  0.043074  -0.045927  0.003983  0.000000  0.000000  0.000000  1.000000  
7.747251 -0.041574  0.053735  -0.029074  0.868498  0.467199  0.165641  -0.436234  0.561697  0.702991  0.235396  -0.682804  0.691641  0.043875  -0.047274  0.003816  0.000000  0.000000  0.000000  1.000000  
7.748496 -0.041512  0.053663  -0.029080  0.868116  0.467812  0.165915  -0.436714  0.560988  0.703259  0.235917  -0.682967  0.691302  0.044846  -0.048986  0.003287  0.202552  -0.016543  0.107569  1.000000  
7.749497 -0.041462  0.053605  -0.029083  0.867761  0.468363  0.166215  -0.437207  0.560405  0.703417  0.236307  -0.683069  0.691069  0.045555  -0.050252  0.002813  0.211876  -0.020742  0.129295  1.000000  
7.750497 -0.041411  0.053546  -0.029085  0.867468  0.468879  0.166288  -0.437507  0.559877  0.703651  0.236827  -0.683147  0.690813  0.046252  -0.051588  0.002164  0.223168  -0.017378  0.151274  1.000000  
7.751761 -0.041346  0.053473  -0.029089  0.867056  0.469572  0.166481  -0.437971  0.559125  0.703960  0.237476  -0.683287  0.690452  0.046996  -0.052840  0.001436  0.240195  -0.015529  0.181167  1.000000  
7.752996 -0.041281  0.053399  -0.029091  0.866672  0.470224  0.166643  -0.438449  0.558585  0.704092  0.237996  -0.683281  0.690279  0.047805  -0.054249  0.000621  0.245107  -0.016858  0.207945  1.000000  
7.754245 -0.041217  0.053325  -0.029092  0.866349  0.470821  0.166635  -0.438734  0.558014  0.704367  0.238646  -0.683336  0.690000  0.048584  -0.055432  -0.000052  0.244351  -0.010374  0.233071  1.000000  
7.755247 -0.041165  0.053265  -0.029090  0.866054  0.471377  0.166596  -0.439033  0.557654  0.704465  0.239166  -0.683246  0.689909  0.049162  -0.056284  -0.000314  0.233379  -0.010328  0.254012  1.000000  
7.756496 -0.041098  0.053190  -0.029084  0.865849  0.471798  0.166469  -0.439153  0.557306  0.704666  0.239685  -0.683240  0.689735  0.049903  -0.057166  -0.000258  0.228592  -0.010206  0.273070  1.000000  
7.757750 -0.041030  0.053114  -0.029074  0.865497  0.472516  0.166265  -0.439423  0.556864  0.704848  0.240465  -0.683104  0.689598  0.050633  -0.058010  0.000115  0.223691  -0.005122  0.303973  1.000000  
7.758998 -0.040961  0.053038  -0.029060  0.865172  0.473153  0.166144  -0.439706  0.556462  0.704988  0.241114  -0.682991  0.689484  0.051272  -0.058618  0.000734  0.218214  -0.000150  0.339658  1.000000  
7.760264 -0.040892  0.052960  -0.029046  0.864880  0.473857  0.165656  -0.439782  0.556160  0.705179  0.242023  -0.682748  0.689406  0.052009  -0.059316  0.001629  0.210966  0.014505  0.382351  1.000000  
7.761497 -0.040822  0.052881  -0.029031  0.864706  0.474346  0.165163  -0.439693  0.555912  0.705430  0.242802  -0.682611  0.689267  0.052655  -0.059896  0.002736  0.202942  0.035089  0.409180  1.000000  
7.762501 -0.040765  0.052817  -0.029020  0.864471  0.474887  0.164840  -0.439798  0.555693  0.705538  0.243451  -0.682413  0.689235  0.053087  -0.060204  0.003718  0.192480  0.052620  0.435809  1.000000  
7.763746 -0.040692  0.052735  -0.029006  0.864115  0.475604  0.164637  -0.440065  0.555249  0.705721  0.244229  -0.682275  0.689095  0.053858  -0.060867  0.004937  0.193490  0.067171  0.478448  1.000000  
7.764750 -0.040632  0.052669  -0.028996  0.863908  0.476044  0.164454  -0.440183  0.554985  0.705854  0.244748  -0.682183  0.689002  0.054528  -0.061452  0.005928  0.192736  0.073652  0.503484  1.000000  
7.765995 -0.040557  0.052584  -0.028985  0.863642  0.476646  0.164107  -0.440272  0.554638  0.706072  0.245526  -0.682045  0.688863  0.055174  -0.062223  0.006757  0.193599  0.087192  0.539137  1.000000  
7.767027 -0.040498  0.052515  -0.028977  0.863434  0.477065  0.163981  -0.440390  0.554289  0.706273  0.246045  -0.682036  0.688686  0.055736  -0.062914  0.007457  0.195187  0.098356  0.559334  1.000000  
7.768249 -0.040423  0.052428  -0.028969  0.863106  0.477680  0.163920  -0.440670  0.553799  0.706482  0.246694  -0.682003  0.688487  0.056358  -0.063747  0.008183  0.197114  0.104073  0.580259  1.000000  
7.769498 -0.040349  0.052339  -0.028961  0.862777  0.478294  0.163859  -0.440950  0.553309  0.706691  0.247342  -0.681971  0.688286  0.057014  -0.064677  0.008701  0.198848  0.120877  0.600819  1.000000  
7.770746 -0.040273  0.052250  -0.028953  0.862569  0.478713  0.163734  -0.441068  0.552959  0.706892  0.247860  -0.681961  0.688110  0.057731  -0.065668  0.009013  0.197356  0.126185  0.602157  1.000000  
7.772012 -0.040196  0.052159  -0.028943  0.862269  0.479226  0.163814  -0.441362  0.552424  0.707126  0.248379  -0.682034  0.687850  0.058314  -0.066748  0.009128  0.197411  0.134980  0.605307  1.000000  
7.773246 -0.040121  0.052068  -0.028930  0.861969  0.479759  0.163835  -0.441657  0.551974  0.707294  0.248897  -0.682024  0.687673  0.058885  -0.067859  0.009226  0.196020  0.140233  0.606895  1.000000  
7.774495 -0.040046  0.051975  -0.028914  0.861698  0.480229  0.163881  -0.441966  0.551651  0.707352  0.249286  -0.681953  0.687602  0.059278  -0.068881  0.009350  0.182363  0.141644  0.598949  1.000000  
7.775744 -0.039971  0.051883  -0.028896  0.861397  0.480761  0.163903  -0.442260  0.551201  0.707519  0.249804  -0.681943  0.687424  0.059562  -0.069716  0.009583  0.176822  0.146240  0.594176  1.000000  
7.776746 -0.039910  0.051809  -0.028879  0.861125  0.481232  0.163949  -0.442568  0.550878  0.707578  0.250193  -0.681872  0.687353  0.059875  -0.070443  0.009908  0.163226  0.147715  0.586483  1.000000  
7.777746 -0.039849  0.051734  -0.028861  0.860854  0.481702  0.163995  -0.442877  0.550555  0.707637  0.250582  -0.681801  0.687282  0.060106  -0.071154  0.010439  0.153576  0.152331  0.581674  1.000000  
7.778749 -0.039788  0.051659  -0.028839  0.860673  0.482058  0.163896  -0.443008  0.550330  0.707729  0.250970  -0.681730  0.687210  0.060335  -0.072059  0.011218  0.142263  0.158454  0.568964  1.000000  
7.779997 -0.039713  0.051564  -0.028808  0.860371  0.482629  0.163802  -0.443301  0.550050  0.707763  0.251488  -0.681552  0.687197  0.060295  -0.072529  0.012421  0.124582  0.163108  0.564270  1.000000  
7.781242 -0.039637  0.051468  -0.028775  0.859977  0.483313  0.163853  -0.443770  0.549671  0.707764  0.252006  -0.681374  0.687184  0.060346  -0.073269  0.013856  0.108603  0.159935  0.561238  1.000000  
7.782247 -0.039578  0.051391  -0.028749  0.859705  0.483802  0.163841  -0.444078  0.549432  0.707756  0.252394  -0.681220  0.687195  0.060361  -0.073814  0.015134  0.099102  0.161694  0.554105  1.000000  
7.783252 -0.039518  0.051313  -0.028723  0.859462  0.484190  0.163969  -0.444401  0.549149  0.707773  0.252653  -0.681172  0.687147  0.060380  -0.074350  0.016565  0.090950  0.158217  0.550082  1.000000  
7.784494 -0.039443  0.051213  -0.028690  0.859097  0.484792  0.164102  -0.444885  0.548810  0.707732  0.253042  -0.681017  0.687158  0.060422  -0.075107  0.018034  0.084713  0.147245  0.548581  1.000000  
7.785741 -0.039367  0.051111  -0.028658  0.858732  0.485393  0.164236  -0.445368  0.548471  0.707691  0.253430  -0.680862  0.687168  0.060381  -0.075950  0.019659  0.080161  0.131572  0.551728  1.000000  
7.786741 -0.039307  0.051028  -0.028633  0.858366  0.485974  0.164428  -0.445852  0.548045  0.707717  0.253818  -0.680791  0.687096  0.060321  -0.076647  0.020851  0.082001  0.123754  0.553321  1.000000  
7.787993 -0.039233  0.050922  -0.028602  0.858030  0.486474  0.164702  -0.446351  0.547660  0.707700  0.254077  -0.680743  0.687047  0.060237  -0.077581  0.022090  0.083833  0.109579  0.548542  1.000000  
7.789242 -0.039157  0.050815  -0.028574  0.857634  0.487136  0.164813  -0.446817  0.547192  0.707768  0.254595  -0.680647  0.686951  0.060221  -0.078621  0.022891  0.087451  0.093925  0.551703  1.000000  
7.790491 -0.039082  0.050705  -0.028548  0.857175  0.487828  0.165151  -0.447476  0.546664  0.707760  0.254983  -0.680575  0.686878  0.060263  -0.079750  0.023501  0.096817  0.070455  0.556454  1.000000  
7.791496 -0.039021  0.050617  -0.028526  0.856930  0.488195  0.165339  -0.447798  0.546293  0.707843  0.255242  -0.680610  0.686747  0.060310  -0.080753  0.023854  0.104413  0.051570  0.556299  1.000000  
7.792744 -0.038944  0.050504  -0.028497  0.856470  0.488866  0.165737  -0.448455  0.545678  0.707901  0.255630  -0.680621  0.686592  0.060351  -0.082069  0.024211  0.116188  0.032763  0.556509  1.000000  
7.793994 -0.038867  0.050388  -0.028467  0.856010  0.489557  0.166076  -0.449113  0.545148  0.707892  0.256018  -0.680549  0.686519  0.060420  -0.083524  0.024412  0.122667  0.006149  0.563006  1.000000  
7.794999 -0.038805  0.050294  -0.028441  0.855641  0.490136  0.166269  -0.449594  0.544719  0.707917  0.256406  -0.680477  0.686446  0.060466  -0.084738  0.024451  0.125173  -0.006393  0.564135  1.000000  
7.796267 -0.038728  0.050176  -0.028407  0.855242  0.490794  0.166381  -0.450058  0.544246  0.707986  0.256923  -0.680380  0.686348  0.060539  -0.086163  0.024429  0.124065  -0.017523  0.566817  1.000000  
7.797494 -0.038651  0.050056  -0.028372  0.854749  0.491564  0.166639  -0.450698  0.543672  0.708020  0.257440  -0.680283  0.686250  0.060811  -0.087706  0.024674  0.128639  -0.031400  0.577120  1.000000  
7.798744 -0.038573  0.049935  -0.028335  0.854349  0.492222  0.166752  -0.451161  0.543198  0.708088  0.257957  -0.680186  0.686152  0.060999  -0.089380  0.024977  0.128297  -0.043907  0.583262  1.000000  
7.799998 -0.038495  0.049812  -0.028295  0.853824  0.493092  0.166869  -0.451784  0.542666  0.708099  0.258604  -0.679981  0.686112  0.061237  -0.090932  0.025520  0.119137  -0.052127  0.589285  1.000000  
7.801241 -0.038417  0.049688  -0.028254  0.853422  0.493748  0.166982  -0.452246  0.542191  0.708168  0.259121  -0.679884  0.686014  0.061358  -0.092229  0.026070  0.117816  -0.057879  0.597018  1.000000  
7.802263 -0.038354  0.049589  -0.028222  0.853113  0.494313  0.166889  -0.452533  0.541903  0.708206  0.259637  -0.679703  0.685998  0.061472  -0.093166  0.026577  0.110816  -0.058275  0.601524  1.000000  
7.803495 -0.038276  0.049463  -0.028181  0.852711  0.494989  0.166942  -0.452994  0.541513  0.708209  0.260154  -0.679522  0.685981  0.061803  -0.094537  0.027336  0.105590  -0.063964  0.609434  1.000000  
7.804742 -0.038196  0.049337  -0.028142  0.852308  0.495645  0.167056  -0.453455  0.541036  0.708278  0.260671  -0.679423  0.685882  0.062086  -0.095745  0.028177  0.103531  -0.065470  0.617299  1.000000  
7.805744 -0.038133  0.049235  -0.028111  0.852029  0.496128  0.167044  -0.453757  0.540790  0.708273  0.261058  -0.679267  0.685890  0.062274  -0.096695  0.028846  0.099665  -0.065386  0.617168  1.000000  
7.806991 -0.038053  0.049106  -0.028074  0.851656  0.496703  0.167239  -0.454234  0.540355  0.708299  0.261446  -0.679193  0.685816  0.062516  -0.097748  0.029459  0.099948  -0.065408  0.617677  1.000000  
7.807998 -0.037989  0.049002  -0.028045  0.851376  0.497166  0.167287  -0.454535  0.540022  0.708360  0.261833  -0.679119  0.685741  0.062695  -0.098697  0.029909  0.100915  -0.069042  0.619029  1.000000  
7.809241 -0.037908  0.048869  -0.028009  0.850972  0.497820  0.167401  -0.454995  0.539544  0.708430  0.262350  -0.679020  0.685641  0.062948  -0.099735  0.030116  0.107923  -0.077735  0.623382  1.000000  
7.810491 -0.037827  0.048733  -0.027975  0.850660  0.498362  0.167369  -0.455279  0.539167  0.708534  0.262866  -0.678921  0.685542  0.063262  -0.101060  0.030233  0.112300  -0.077693  0.623707  1.000000  
7.811499 -0.037761  0.048623  -0.027949  0.850349  0.498904  0.167338  -0.455562  0.538790  0.708638  0.263383  -0.678822  0.685441  0.063524  -0.102129  0.030175  0.111651  -0.070368  0.627082  1.000000  
7.812513 -0.037695  0.048512  -0.027923  0.850068  0.499366  0.167387  -0.455862  0.538456  0.708699  0.263770  -0.678748  0.685366  0.063653  -0.102944  0.029898  0.115821  -0.070228  0.626465  1.000000  
7.813520 -0.037629  0.048399  -0.027898  0.849755  0.499888  0.167416  -0.456145  0.537993  0.708869  0.264286  -0.678731  0.685184  0.063900  -0.103975  0.029567  0.122357  -0.062260  0.624552  1.000000  
7.814743 -0.037546  0.048256  -0.027865  0.849318  0.500620  0.167450  -0.456586  0.537469  0.708982  0.264931  -0.678607  0.685058  0.064381  -0.105561  0.029148  0.123473  -0.056926  0.634100  1.000000  
7.815746 -0.037479  0.048141  -0.027838  0.849005  0.501161  0.167419  -0.456869  0.537091  0.709087  0.265447  -0.678507  0.684957  0.064647  -0.106590  0.028738  0.126988  -0.049409  0.637626  1.000000  
7.816746 -0.037411  0.048025  -0.027811  0.848660  0.501781  0.167308  -0.457134  0.536669  0.709235  0.266092  -0.678382  0.684831  0.065036  -0.107663  0.028454  0.127232  -0.039789  0.647154  1.000000  
7.817772 -0.037344  0.047909  -0.027784  0.848440  0.502191  0.167192  -0.457241  0.536307  0.709440  0.266608  -0.678365  0.684647  0.065177  -0.108555  0.027956  0.127785  -0.023976  0.643370  1.000000  
7.818796 -0.037276  0.047793  -0.027756  0.848095  0.502832  0.167020  -0.457506  0.535971  0.709523  0.267253  -0.678156  0.684603  0.065398  -0.109438  0.027601  0.123862  -0.017491  0.649102  1.000000  
7.820020 -0.037191  0.047648  -0.027721  0.847717  0.503531  0.166829  -0.457753  0.535505  0.709716  0.268026  -0.678005  0.684450  0.065933  -0.110865  0.027450  0.120634  0.001516  0.649583  1.000000  
7.821247 -0.037105  0.047503  -0.027684  0.847339  0.504230  0.166638  -0.457999  0.535039  0.709908  0.268800  -0.677853  0.684297  0.066400  -0.112115  0.027395  0.115145  0.015816  0.654950  1.000000  
7.822497 -0.037020  0.047358  -0.027647  0.846992  0.504870  0.166466  -0.458262  0.534702  0.709993  0.269444  -0.677643  0.684251  0.066721  -0.113164  0.027439  0.103590  0.031648  0.651680  1.000000  
7.823747 -0.036935  0.047213  -0.027609  0.846645  0.505509  0.166295  -0.458525  0.534364  0.710077  0.270088  -0.677433  0.684205  0.067000  -0.114010  0.027569  0.096111  0.047520  0.648493  1.000000  
7.824997 -0.036851  0.047067  -0.027573  0.846265  0.506227  0.166043  -0.458770  0.533983  0.710206  0.270861  -0.677198  0.684133  0.067243  -0.114724  0.027709  0.089727  0.061384  0.647847  1.000000  
7.826244 -0.036767  0.046921  -0.027537  0.846011  0.506735  0.165787  -0.458858  0.533663  0.710390  0.271505  -0.677070  0.684004  0.067376  -0.115451  0.027932  0.086415  0.073971  0.642004  1.000000  
7.827248 -0.036700  0.046802  -0.027509  0.845694  0.507293  0.165696  -0.459137  0.533367  0.710431  0.272020  -0.676885  0.683983  0.067539  -0.116036  0.028093  0.080712  0.081850  0.640176  1.000000  
7.828496 -0.036617  0.046654  -0.027473  0.845345  0.507931  0.165525  -0.459398  0.533029  0.710517  0.272664  -0.676674  0.683935  0.067573  -0.116546  0.028364  0.073868  0.091977  0.635690  1.000000  
7.829741 -0.036533  0.046504  -0.027438  0.845090  0.508438  0.165269  -0.459485  0.532708  0.710701  0.273307  -0.676545  0.683805  0.067544  -0.116803  0.028526  0.069840  0.103743  0.624140  1.000000  
7.830741 -0.036465  0.046384  -0.027409  0.844772  0.508975  0.165241  -0.459763  0.532325  0.710808  0.273822  -0.676442  0.683701  0.067621  -0.117169  0.028643  0.072865  0.109391  0.624636  1.000000  
7.831997 -0.036379  0.046233  -0.027375  0.845500  0.508019  0.164456  -0.458806  0.533600  0.710470  0.273178  -0.676156  0.684242  0.069301  -0.120397  0.029363  0.039980  0.119933  0.550553  1.000000  
7.833241 -0.036294  0.046082  -0.027339  0.847870  0.504227  0.163926  -0.456484  0.536946  0.709445  0.269702  -0.676347  0.685432  0.067879  -0.118142  0.028799  -0.015737  0.110016  0.362154  1.000000  
7.834241 -0.036224  0.045966  -0.027308  0.849943  0.500663  0.164114  -0.454895  0.540159  0.708025  0.265834  -0.676435  0.686853  0.067954  -0.118219  0.029039  -0.073571  0.072796  0.192884  1.000000  
7.835254 -0.036156  0.045853  -0.027274  0.851501  0.497807  0.164722  -0.454151  0.543144  0.706216  0.262092  -0.676152  0.688568  0.067954  -0.117877  0.029341  0.000000  0.000000  0.000000  1.000000  
7.836491 -0.036069  0.045718  -0.027233  0.853077  0.494928  0.165246  -0.453414  0.546418  0.704162  0.258216  -0.675629  0.690543  0.067938  -0.117106  0.029589  -0.212859  -0.048390  -0.103426  1.000000  
7.837492 -0.035999  0.045611  -0.027202  0.854611  0.492230  0.165374  -0.452426  0.549526  0.702376  0.254854  -0.675078  0.692329  0.068094  -0.116557  0.029649  -0.291332  -0.093566  -0.251283  1.000000  
7.838741 -0.035912  0.045476  -0.027165  0.857303  0.487916  0.164223  -0.449567  0.554109  0.700609  0.250841  -0.674464  0.694390  0.068242  -0.115865  0.029585  -0.390353  -0.103717  -0.454764  1.000000  
7.839998 -0.035824  0.045335  -0.027128  0.860335  0.482973  0.162976  -0.446200  0.558999  0.698875  0.246434  -0.673986  0.696429  0.068454  -0.115395  0.029643  -0.494287  -0.109101  -0.692049  1.000000  
7.841241 -0.035732  0.045188  -0.027089  0.863057  0.478265  0.162468  -0.443561  0.563749  0.696736  0.241633  -0.673387  0.698687  0.069049  -0.115551  0.029856  -0.596667  -0.147612  -0.914803  1.000000  
7.842253 -0.035655  0.045065  -0.027056  0.864756  0.474866  0.163402  -0.442635  0.567028  0.694660  0.237217  -0.673039  0.700533  0.069836  -0.115971  0.030283  -0.665802  -0.223226  -1.081617  1.000000  
7.843504 -0.035563  0.044908  -0.027014  0.866723  0.470353  0.166007  -0.442292  0.570879  0.691718  0.230582  -0.672952  0.702828  0.070285  -0.116244  0.030642  -0.737948  -0.362360  -1.290918  1.000000  
7.844741 -0.035475  0.044749  -0.026969  0.868849  0.465420  0.168778  -0.441800  0.575057  0.688566  0.223415  -0.672825  0.705260  0.070559  -0.116978  0.031225  -0.812686  -0.508420  -1.524589  1.000000  
7.845749 -0.035408  0.044622  -0.026932  0.870617  0.461343  0.170848  -0.441121  0.578311  0.686272  0.217804  -0.672844  0.706995  0.070489  -0.117362  0.031816  -0.873568  -0.629365  -1.734518  1.000000  
7.846994 -0.035324  0.044463  -0.026890  0.872750  0.456282  0.173536  -0.440397  0.582546  0.683148  0.210616  -0.672642  0.709362  0.070377  -0.118023  0.032340  -0.959599  -0.786574  -1.993631  1.000000  
7.848001 -0.035260  0.044337  -0.026858  0.874197  0.452763  0.175457  -0.439998  0.585791  0.680625  0.205381  -0.672201  0.711312  0.070042  -0.118249  0.032603  -1.011129  -0.881322  -2.125385  1.000000  
7.849244 -0.035187  0.044185  -0.026823  0.875610  0.448812  0.178537  -0.440258  0.589520  0.677229  0.198698  -0.671591  0.713782  0.069188  -0.118736  0.032291  -1.083497  -1.044615  -2.317888  1.000000  
7.850506 -0.035121  0.044044  -0.026793  0.876891  0.445057  0.181619  -0.440676  0.593389  0.673568  0.192006  -0.670681  0.716464  0.067762  -0.118895  0.031436  -1.169612  -1.215753  -2.506618  1.000000  
7.851757 -0.035060  0.043915  -0.026770  0.878221  0.441062  0.184912  -0.441118  0.597649  0.669500  0.184778  -0.669537  0.719428  0.065978  -0.118460  0.030313  -1.273546  -1.415194  -2.731725  1.000000  
7.852994 -0.035005  0.043795  -0.026750  0.879476  0.437035  0.188475  -0.441748  0.602164  0.665024  0.177146  -0.668131  0.722648  0.063800  -0.117600  0.029182  -1.372668  -1.599194  -2.910845  1.000000  
7.853996 -0.034967  0.043702  -0.026731  0.880313  0.433927  0.191721  -0.442622  0.605880  0.661056  0.170690  -0.666796  0.725430  0.061686  -0.116430  0.028443  -1.474226  -1.794820  -3.102786  1.000000  
7.855020 -0.034933  0.043612  -0.026707  0.880987  0.430899  0.195418  -0.443871  0.609685  0.656706  0.163830  -0.665290  0.728388  0.059022  -0.114609  0.027989  -1.566615  -1.993915  -3.256139  1.000000  
7.856025 -0.034902  0.043525  -0.026679  0.881342  0.428275  0.199539  -0.445644  0.613213  0.652205  0.156963  -0.663739  0.731309  0.056108  -0.112436  0.027782  -1.659979  -2.208831  -3.396932  1.000000  
7.857028 -0.034873  0.043444  -0.026647  0.881524  0.425992  0.203584  -0.447560  0.616643  0.647643  0.150353  -0.662029  0.734242  0.052978  -0.109739  0.027655  -1.754026  -2.418621  -3.531222  1.000000  
7.858265 -0.034838  0.043346  -0.026603  0.881630  0.423491  0.208287  -0.449899  0.620872  0.641957  0.142544  -0.659676  0.737908  0.049114  -0.105802  0.027816  -1.877787  -2.673178  -3.685218  1.000000  
7.859269 -0.034811  0.043267  -0.026564  0.881680  0.421779  0.211524  -0.451527  0.624044  0.637725  0.136979  -0.657778  0.740652  0.046019  -0.102456  0.028064  -1.976183  -2.856813  -3.792067  1.000000  
7.860291 -0.034789  0.043185  -0.026521  0.881496  0.420822  0.214180  -0.453267  0.626990  0.633587  0.132339  -0.655585  0.743434  0.042943  -0.099273  0.028428  -2.080671  -3.021274  -3.869265  1.000000  
7.861495 -0.034762  0.043081  -0.026471  0.881208  0.419765  0.217417  -0.455415  0.630488  0.628555  0.126767  -0.652903  0.746759  0.039676  -0.096374  0.029041  -2.193793  -3.230025  -3.930088  1.000000  
7.862742 -0.034734  0.042980  -0.026427  0.880532  0.419576  0.220498  -0.458056  0.633659  0.623427  0.121855  -0.649948  0.750146  0.036091  -0.092535  0.029240  -2.275135  -3.412643  -3.822505  1.000000  
7.863997 -0.034703  0.042885  -0.026390  0.879650  0.419613  0.223920  -0.461055  0.636675  0.618121  0.116807  -0.646970  0.753516  0.032780  -0.088129  0.029368  -2.346397  -3.567160  -3.668755  1.000000  
7.865241 -0.034671  0.042791  -0.026355  0.878819  0.419608  0.227171  -0.463852  0.639641  0.612944  0.111889  -0.644040  0.756765  0.030815  -0.085332  0.029550  -2.396861  -3.672209  -3.549895  1.000000  
7.866491 -0.034639  0.042697  -0.026328  0.877923  0.419398  0.230989  -0.466852  0.642701  0.607441  0.106303  -0.641125  0.760039  0.028916  -0.082864  0.029759  -2.459142  -3.838108  -3.468053  1.000000  
7.867741 -0.034605  0.042606  -0.026308  0.876870  0.419488  0.234796  -0.470003  0.645499  0.602020  0.100979  -0.638248  0.763179  0.027397  -0.080835  0.029699  -2.496882  -4.008564  -3.333545  1.000000  
7.868741 -0.034575  0.042539  -0.026297  0.876164  0.419485  0.237421  -0.472182  0.647983  0.597631  0.096852  -0.635729  0.765812  0.026728  -0.079112  0.029267  -2.528593  -4.131585  -3.210983  1.000000  
7.869991 -0.034538  0.042463  -0.026286  0.875373  0.419623  0.240080  -0.474550  0.650989  0.592466  0.092323  -0.632559  0.768990  0.026418  -0.076726  0.028150  -2.579931  -4.296166  -3.026637  1.000000  
7.871241 -0.034501  0.042391  -0.026276  0.874790  0.419866  0.241775  -0.476333  0.654059  0.587634  0.088592  -0.629222  0.772160  0.026270  -0.074399  0.026412  -2.642825  -4.420667  -2.831339  1.000000  
7.872245 -0.034472  0.042331  -0.026271  0.874613  0.419738  0.242638  -0.477171  0.656689  0.584009  0.085793  -0.626562  0.774635  0.026268  -0.073018  0.024549  -2.694866  -4.415909  -2.737121  1.000000  
7.873247 -0.034444  0.042269  -0.026269  0.874506  0.419692  0.243099  -0.477814  0.659451  0.580360  0.083260  -0.623685  0.777229  0.026299  -0.071859  0.022257  -2.785328  -4.393445  -2.605960  1.000000  
7.874491 -0.034406  0.042192  -0.026269  0.874352  0.419593  0.243825  -0.478665  0.662909  0.575701  0.079926  -0.620076  0.780460  0.026729  -0.070389  0.018975  -2.868449  -4.345171  -2.462575  1.000000  
7.875491 -0.034372  0.042132  -0.026268  0.874250  0.419367  0.244579  -0.479311  0.665573  0.572078  0.077125  -0.617369  0.782884  0.027489  -0.068941  0.016235  -2.944865  -4.314611  -2.338411  1.000000  
7.876741 -0.034327  0.042056  -0.026261  0.874192  0.418899  0.245585  -0.479982  0.668873  0.567650  0.073523  -0.614112  0.785787  0.028701  -0.066956  0.013319  -3.023973  -4.284620  -2.184105  1.000000  
7.877991 -0.034277  0.041974  -0.026248  0.874386  0.418290  0.245931  -0.480089  0.672181  0.563638  0.070453  -0.610906  0.788562  0.030087  -0.065800  0.011447  -3.097337  -4.224335  -2.058066  1.000000  
7.879000 -0.034236  0.041904  -0.026232  0.874813  0.417535  0.245698  -0.479620  0.674908  0.560770  0.068318  -0.608411  0.790676  0.031256  -0.065282  0.010221  -3.164989  -4.139424  -1.965320  1.000000  
7.880000 -0.034193  0.041831  -0.026211  0.875303  0.416956  0.244935  -0.478951  0.677620  0.558065  0.066716  -0.605788  0.792824  0.032413  -0.065034  0.009791  -3.216630  -4.035415  -1.887847  1.000000  
7.881244 -0.034136  0.041741  -0.026181  0.875880  0.416425  0.243770  -0.478097  0.680636  0.555120  0.065247  -0.602764  0.795247  0.034091  -0.064799  0.009945  -3.264165  -3.869706  -1.773373  1.000000  
7.882494 -0.034078  0.041651  -0.026148  0.876720  0.415691  0.241999  -0.476682  0.683606  0.552681  0.064313  -0.599903  0.797484  0.035712  -0.064711  0.010847  -3.291865  -3.669262  -1.649721  1.000000  
7.883494 -0.034031  0.041578  -0.026123  0.877458  0.414855  0.240752  -0.475447  0.685945  0.550845  0.063378  -0.597809  0.799130  0.036871  -0.065159  0.011782  -3.290374  -3.511909  -1.589001  1.000000  
7.884496 -0.033985  0.041501  -0.026102  0.878209  0.413845  0.239752  -0.474218  0.688284  0.548983  0.062176  -0.595816  0.800710  0.037928  -0.066205  0.012646  -3.294857  -3.337092  -1.515896  1.000000  
7.885743 -0.033930  0.041400  -0.026083  0.879090  0.412541  0.238769  -0.472825  0.691353  0.546321  0.060307  -0.593161  0.802822  0.039199  -0.068098  0.013186  -3.289890  -3.096218  -1.435608  1.000000  
7.886760 -0.033888  0.041318  -0.026074  0.879681  0.411389  0.238579  -0.471976  0.693728  0.544040  0.058303  -0.591185  0.804426  0.040143  -0.069755  0.013401  -3.273406  -2.922024  -1.395545  1.000000  
7.888007 -0.033840  0.041217  -0.026070  0.880411  0.409723  0.238753  -0.470968  0.696701  0.541107  0.055364  -0.588842  0.806350  0.040871  -0.071290  0.013549  -3.253288  -2.723785  -1.360571  1.000000  
7.889012 -0.033806  0.041136  -0.026067  0.881107  0.408192  0.238809  -0.469942  0.699183  0.538793  0.052959  -0.586960  0.807882  0.041126  -0.072542  0.013678  -3.231605  -2.584601  -1.351436  1.000000  
7.890024 -0.033776  0.041052  -0.026062  0.881791  0.406700  0.238829  -0.468908  0.701552  0.536609  0.050688  -0.585166  0.809328  0.040936  -0.074077  0.013988  -3.207094  -2.444174  -1.361962  1.000000  
7.891242 -0.033742  0.040943  -0.026050  0.882673  0.404839  0.238733  -0.467514  0.704281  0.534246  0.048149  -0.583176  0.810918  0.040268  -0.076481  0.014417  -3.162015  -2.306285  -1.386743  1.000000  
7.892492 -0.033713  0.040830  -0.026030  0.883451  0.403122  0.238760  -0.466297  0.706912  0.531829  0.045610  -0.581178  0.812497  0.039064  -0.078638  0.014922  -3.109617  -2.163990  -1.428025  1.000000  
7.893741 -0.033685  0.040716  -0.026000  0.884121  0.401590  0.238861  -0.465256  0.709348  0.529492  0.043204  -0.579267  0.813992  0.037424  -0.080390  0.015725  -3.052679  -1.990234  -1.487239  1.000000  
7.894991 -0.033661  0.040600  -0.025962  0.884503  0.400401  0.239444  -0.464759  0.711498  0.527039  0.040664  -0.577451  0.815412  0.035490  -0.082119  0.016617  -2.992047  -1.858801  -1.523232  1.000000  
7.896010 -0.033642  0.040506  -0.025925  0.884674  0.399598  0.240154  -0.464616  0.713111  0.524980  0.038524  -0.576015  0.816531  0.033424  -0.083659  0.017307  -2.939488  -1.746264  -1.541495  1.000000  
7.897245 -0.033620  0.040385  -0.025873  0.884675  0.398743  0.241568  -0.464849  0.714896  0.522339  0.035583  -0.574393  0.817806  0.031051  -0.085872  0.018666  -2.874270  -1.621109  -1.566912  1.000000  
7.898246 -0.033603  0.040286  -0.025827  0.884644  0.398214  0.242549  -0.465066  0.716271  0.520259  0.033443  -0.573046  0.818841  0.029022  -0.087544  0.020106  -2.812695  -1.529590  -1.576452  1.000000  
7.899250 -0.033587  0.040188  -0.025775  0.884418  0.397985  0.243746  -0.465644  0.717477  0.518075  0.031304  -0.571694  0.819869  0.027004  -0.089008  0.022131  -2.753333  -1.457645  -1.575431  1.000000  
7.900257 -0.033573  0.040090  -0.025720  0.884181  0.397897  0.244750  -0.466217  0.718608  0.515989  0.029431  -0.570334  0.820886  0.024944  -0.090140  0.024772  -2.689415  -1.400760  -1.577348  1.000000  
7.901314 -0.033561  0.039992  -0.025662  0.883840  0.397970  0.245858  -0.466968  0.719493  0.514073  0.027693  -0.569166  0.821756  0.022742  -0.090868  0.027914  -2.606307  -1.357680  -1.554449  1.000000  
7.902509 -0.033550  0.039869  -0.025586  0.883413  0.398017  0.247315  -0.467906  0.720621  0.511635  0.025419  -0.567705  0.822840  0.020295  -0.092787  0.032831  -2.530905  -1.348287  -1.529338  1.000000  
7.903515 -0.033543  0.039769  -0.025523  0.882977  0.398078  0.248770  -0.468839  0.721585  0.509416  0.023279  -0.566436  0.823777  0.018363  -0.093940  0.036870  -2.436996  -1.337739  -1.508596  1.000000  
7.904757 -0.033535  0.039643  -0.025444  0.882453  0.397954  0.250816  -0.469960  0.722799  0.506655  0.020336  -0.564972  0.824859  0.016332  -0.095652  0.041910  -2.337301  -1.344263  -1.479784  1.000000  
7.906005 -0.033527  0.039517  -0.025366  0.881729  0.398072  0.253164  -0.471440  0.723880  0.503728  0.017259  -0.563503  0.825933  0.014551  -0.096593  0.046335  -2.241229  -1.347276  -1.440043  1.000000  
7.907243 -0.033521  0.039392  -0.025293  0.880903  0.398054  0.256050  -0.473099  0.724956  0.500616  0.013647  -0.562131  0.826935  0.013008  -0.097490  0.049987  -2.159124  -1.393153  -1.398662  1.000000  
7.908491 -0.033512  0.039267  -0.025224  0.880158  0.398064  0.258586  -0.474568  0.726098  0.497560  0.010302  -0.560648  0.827990  0.011713  -0.098237  0.052638  -2.072130  -1.454944  -1.350413  1.000000  
7.909491 -0.033503  0.039166  -0.025172  0.879594  0.397826  0.260861  -0.475668  0.726992  0.495200  0.007359  -0.559658  0.828691  0.010991  -0.098809  0.054098  -2.007626  -1.521280  -1.315083  1.000000  
7.910493 -0.033490  0.039063  -0.025122  0.879020  0.397792  0.262842  -0.476761  0.727777  0.492990  0.004817  -0.558661  0.829382  0.010781  -0.099414  0.054832  -1.940194  -1.596762  -1.279411  1.000000  
7.911493 -0.033472  0.038960  -0.025073  0.878438  0.397667  0.264967  -0.477851  0.728536  0.490810  0.002141  -0.557761  0.829999  0.010742  -0.099963  0.055512  -1.863676  -1.701665  -1.247290  1.000000  
7.912501 -0.033451  0.038854  -0.025023  0.877948  0.397529  0.266793  -0.478756  0.729303  0.488784  -0.000268  -0.556855  0.830609  0.010972  -0.100477  0.056001  -1.803280  -1.795544  -1.207127  1.000000  
7.913750 -0.033420  0.038720  -0.024956  0.877253  0.397533  0.269063  -0.480019  0.730071  0.486393  -0.003077  -0.555845  0.831280  0.011554  -0.101147  0.056454  -1.727245  -1.906833  -1.144082  1.000000  
7.915001 -0.033384  0.038586  -0.024884  0.876650  0.397525  0.271034  -0.481096  0.730847  0.484158  -0.005620  -0.554830  0.831945  0.012768  -0.102005  0.056717  -1.655101  -1.986579  -1.075737  1.000000  
7.916245 -0.033343  0.038451  -0.024808  0.876238  0.397222  0.272804  -0.481810  0.731784  0.482028  -0.008162  -0.553811  0.832603  0.014627  -0.103250  0.057211  -1.584869  -2.040416  -1.014281  1.000000  
7.917247 -0.033307  0.038342  -0.024745  0.875924  0.397000  0.274132  -0.482342  0.732600  0.480254  -0.010169  -0.552891  0.833191  0.016368  -0.103550  0.057128  -1.543774  -2.064643  -0.971592  1.000000  
7.918267 -0.033269  0.038234  -0.024683  0.875707  0.396662  0.275312  -0.482693  0.733401  0.478676  -0.012042  -0.552071  0.833710  0.018551  -0.104081  0.056960  -1.489843  -2.080177  -0.906196  1.000000  
7.919501 -0.033222  0.038100  -0.024607  0.875383  0.396452  0.276643  -0.483219  0.734515  0.476432  -0.014316  -0.550739  0.834555  0.020982  -0.104625  0.056896  -1.456200  -2.100579  -0.843128  1.000000  
7.920749 -0.033173  0.037969  -0.024535  0.875252  0.395911  0.277827  -0.483382  0.735730  0.474387  -0.016590  -0.549505  0.835326  0.023743  -0.104917  0.056467  -1.410295  -2.123997  -0.779192  1.000000  
7.921998 -0.033124  0.037842  -0.024470  0.875316  0.395140  0.278722  -0.483182  0.737219  0.472275  -0.018864  -0.548063  0.836224  0.026882  -0.105085  0.055752  -1.376885  -2.154675  -0.721633  1.000000  
7.922999 -0.033084  0.037742  -0.024424  0.875386  0.394526  0.279372  -0.482986  0.738389  0.470645  -0.020604  -0.546928  0.836926  0.029138  -0.104995  0.055129  -1.357284  -2.167712  -0.692683  1.000000  
7.924251 -0.033035  0.037620  -0.024372  0.875646  0.393618  0.279837  -0.482424  0.740016  0.468661  -0.022610  -0.545381  0.837883  0.031678  -0.104703  0.054212  -1.338223  -2.158022  -0.672178  1.000000  
7.925500 -0.032988  0.037503  -0.024325  0.876004  0.392624  0.280112  -0.481681  0.741683  0.466786  -0.024483  -0.543832  0.838837  0.033749  -0.103958  0.053190  -1.329263  -2.123485  -0.675087  1.000000  
7.926514 -0.032951  0.037410  -0.024290  0.876269  0.391839  0.280383  -0.481122  0.742932  0.465374  -0.025954  -0.542692  0.839531  0.034972  -0.103112  0.052147  -1.313538  -2.093844  -0.669124  1.000000  
7.927750 -0.032904  0.037293  -0.024248  0.876621  0.390779  0.280763  -0.480376  0.744475  0.463676  -0.027827  -0.541340  0.840343  0.036102  -0.102322  0.050786  -1.298285  -2.048809  -0.676218  1.000000  
7.928763 -0.032867  0.037198  -0.024217  0.876877  0.389932  0.281140  -0.479813  0.745751  0.462207  -0.029431  -0.540193  0.841026  0.037039  -0.101256  0.049060  -1.286586  -2.014671  -0.691525  1.000000  
7.930000 -0.032820  0.037078  -0.024183  0.877229  0.388932  0.281426  -0.479067  0.747103  0.460795  -0.031036  -0.539045  0.841705  0.037654  -0.100519  0.046757  -1.264215  -1.964250  -0.719742  1.000000  
7.931249 -0.032773  0.036955  -0.024153  0.877488  0.388248  0.281565  -0.478505  0.748358  0.459340  -0.032374  -0.537796  0.842453  0.038041  -0.099562  0.043370  -1.256784  -1.914908  -0.744973  1.000000  
7.932266 -0.032737  0.036857  -0.024133  0.877665  0.387897  0.281495  -0.478133  0.749135  0.458460  -0.033042  -0.536966  0.842956  0.037995  -0.098761  0.040423  -1.236196  -1.855556  -0.757251  1.000000  
7.933503 -0.032693  0.036733  -0.024111  0.877937  0.387431  0.281289  -0.477578  0.750191  0.457310  -0.033845  -0.535827  0.843649  0.037761  -0.098057  0.036637  -1.219002  -1.775004  -0.770031  1.000000  
7.934742 -0.032651  0.036613  -0.024091  0.878220  0.387120  0.280835  -0.477030  0.751087  0.456411  -0.034246  -0.534796  0.844287  0.037430  -0.097404  0.033431  -1.199095  -1.671576  -0.772401  1.000000  
7.935998 -0.032611  0.036494  -0.024071  0.878510  0.386967  0.280136  -0.476485  0.751969  0.455528  -0.034379  -0.533666  0.844996  0.036801  -0.096494  0.029610  -1.182394  -1.548799  -0.778795  1.000000  
7.937248 -0.032574  0.036378  -0.024051  0.878698  0.386905  0.279631  -0.476119  0.752803  0.454531  -0.034647  -0.532534  0.845699  0.035949  -0.095829  0.026829  -1.166998  -1.404159  -0.778013  1.000000  
7.938278 -0.032548  0.036288  -0.024034  0.878686  0.387090  0.279414  -0.476112  0.753510  0.453365  -0.035048  -0.531397  0.846397  0.034984  -0.095054  0.024975  -1.161261  -1.313315  -0.774020  1.000000  
