1-Time 2-Px 3-Py 4-Pz 5-R11 6-R21 7-R31 8-R12 9-R22 10-R32 11-R13 12-R23 13-R33 14-Vx 15-Vy 16-Vz 17-Wx 18-Wy 19-Wz 20-state
125.388293 0.007583  -0.009613  -0.030791  0.443039  0.745160  0.498450  -0.867304  0.496995  0.027903  -0.226935  -0.444670  0.866469  0.003689  0.000426  0.001600  -0.008470  0.165406  0.160278  1.000000  
125.389316 0.007587  -0.009612  -0.030789  0.443066  0.745215  0.498345  -0.867359  0.496889  0.028110  -0.226674  -0.444698  0.866523  0.005025  0.000898  0.002353  0.000000  0.000000  0.000000  1.000000  
125.390576 0.007592  -0.009610  -0.030761  0.442915  0.745371  0.498245  -0.867504  0.496630  0.028213  -0.226414  -0.444726  0.866577  0.004314  0.001223  0.014583  0.000000  0.000000  0.000000  1.000000  
125.391809 0.007596  -0.009608  -0.030722  0.442778  0.745554  0.498093  -0.867676  0.496317  0.028421  -0.226023  -0.444767  0.866658  0.004044  0.001403  0.021227  0.000000  0.000000  0.000000  1.000000  
125.392811 0.007600  -0.009605  -0.030699  0.442806  0.745608  0.497987  -0.867730  0.496211  0.028627  -0.225762  -0.444795  0.866712  0.003956  0.001831  0.021572  0.000000  0.000000  0.000000  1.000000  
125.393823 0.007604  -0.009600  -0.030684  0.442654  0.745765  0.497888  -0.867875  0.495952  0.028731  -0.225501  -0.444822  0.866765  0.003915  0.002455  0.020322  0.000000  0.000000  0.000000  1.000000  
125.395060 0.007605  -0.009592  -0.030668  0.442695  0.745846  0.497730  -0.867955  0.495793  0.029041  -0.225110  -0.444863  0.866846  0.003339  0.003225  0.018897  0.000000  0.000000  0.000000  1.000000  
125.396086 0.007604  -0.009585  -0.030655  0.442544  0.746002  0.497630  -0.868100  0.495533  0.029146  -0.224850  -0.444891  0.866899  0.002755  0.003652  0.017987  0.000000  0.000000  0.000000  1.000000  
125.397327 0.007602  -0.009578  -0.030639  0.442406  0.746185  0.497478  -0.868271  0.495221  0.029353  -0.224459  -0.444932  0.866980  0.002195  0.003937  0.017272  0.000000  0.000000  0.000000  1.000000  
125.398328 0.007604  -0.009574  -0.030624  0.442255  0.746281  0.497469  -0.868416  0.494957  0.029518  -0.224198  -0.445065  0.866979  0.002092  0.003956  0.017086  0.000000  0.000000  0.000000  1.000000  
125.399570 0.007605  -0.009569  -0.030601  0.442103  0.746376  0.497461  -0.868560  0.494694  0.029682  -0.223937  -0.445197  0.866978  0.002006  0.004000  0.017263  0.000000  0.000000  0.000000  1.000000  
125.400575 0.007605  -0.009564  -0.030580  0.441952  0.746472  0.497452  -0.868705  0.494430  0.029846  -0.223676  -0.445330  0.866978  0.001799  0.004071  0.017586  0.000000  0.000000  0.000000  1.000000  
125.401811 0.007603  -0.009558  -0.030552  0.441800  0.746507  0.497534  -0.868849  0.494163  0.030071  -0.223415  -0.445567  0.866923  0.001460  0.004125  0.018047  0.000000  0.000000  0.000000  1.000000  
125.402818 0.007600  -0.009554  -0.030527  0.441648  0.746542  0.497617  -0.868993  0.493896  0.030295  -0.223154  -0.445805  0.866868  0.001205  0.004099  0.018535  0.000000  0.000000  0.000000  1.000000  
125.404063 0.007598  -0.009551  -0.030486  0.441317  0.746678  0.497705  -0.869228  0.493475  0.030416  -0.222894  -0.446043  0.866813  0.000813  0.004077  0.020254  0.000000  0.000000  0.000000  1.000000  
125.405314 0.007597  -0.009547  -0.030440  0.441165  0.746713  0.497788  -0.869372  0.493207  0.030640  -0.222633  -0.446280  0.866758  0.000316  0.004294  0.021834  0.000000  0.000000  0.000000  1.000000  
125.406564 0.007598  -0.009540  -0.030398  0.441013  0.746688  0.497961  -0.869516  0.492936  0.030924  -0.222372  -0.446623  0.866648  0.000080  0.004605  0.021943  0.000000  0.000000  0.000000  1.000000  
125.407812 0.007599  -0.009530  -0.030369  0.440861  0.746783  0.497953  -0.869660  0.492672  0.031088  -0.222111  -0.446755  0.866647  -0.000134  0.005028  0.022093  0.058528  0.157271  0.256769  1.000000  
125.409069 0.007597  -0.009518  -0.030348  0.440709  0.746878  0.497945  -0.869804  0.492407  0.031252  -0.221850  -0.446888  0.866645  -0.000501  0.005291  0.022323  0.058622  0.154740  0.255709  1.000000  
125.410311 0.007592  -0.009507  -0.030321  0.440736  0.746872  0.497931  -0.869857  0.492297  0.031519  -0.221589  -0.447020  0.866644  -0.000858  0.005537  0.023087  0.060871  0.156827  0.246742  1.000000  
125.411565 0.007587  -0.009496  -0.030280  0.440749  0.746899  0.497878  -0.869883  0.492243  0.031622  -0.221459  -0.447033  0.866670  -0.001076  0.005727  0.024593  0.057563  0.153453  0.235958  1.000000  
125.412570 0.007587  -0.009488  -0.030239  0.440762  0.746926  0.497826  -0.869909  0.492190  0.031726  -0.221328  -0.447047  0.866697  -0.001061  0.005930  0.026468  0.055161  0.151982  0.228627  1.000000  
125.413571 0.007588  -0.009479  -0.030192  0.440776  0.746953  0.497773  -0.869936  0.492137  0.031829  -0.221198  -0.447061  0.866723  -0.001059  0.006209  0.028495  0.052960  0.150653  0.221921  1.000000  
125.414574 0.007588  -0.009472  -0.030144  0.440789  0.746980  0.497721  -0.869962  0.492083  0.031933  -0.221067  -0.447074  0.866749  -0.001198  0.006517  0.030853  0.050926  0.149417  0.215717  1.000000  
125.415820 0.007584  -0.009461  -0.030088  0.441174  0.746831  0.497603  -0.869833  0.492284  0.032345  -0.220806  -0.447101  0.866802  -0.001368  0.006879  0.032602  0.051996  0.158055  0.197255  1.000000  
125.416860 0.007580  -0.009452  -0.030048  0.441366  0.746757  0.497544  -0.869769  0.492385  0.032550  -0.220676  -0.447115  0.866828  -0.001458  0.007134  0.033591  0.051719  0.159690  0.185857  1.000000  
125.418070 0.007577  -0.009440  -0.030008  0.441380  0.746784  0.497491  -0.869795  0.492331  0.032654  -0.220545  -0.447128  0.866854  -0.001453  0.007652  0.034125  0.049605  0.157177  0.180314  1.000000  
125.419327 0.007577  -0.009427  -0.029973  0.441559  0.746683  0.497485  -0.869704  0.492485  0.032756  -0.220545  -0.447128  0.866854  -0.001386  0.008298  0.033501  0.052332  0.154138  0.162806  1.000000  
125.420570 0.007576  -0.009415  -0.029936  0.441559  0.746683  0.497485  -0.869704  0.492485  0.032756  -0.220545  -0.447128  0.866854  -0.001404  0.008783  0.032896  0.051881  0.144845  0.157292  1.000000  
125.421571 0.007575  -0.009405  -0.029908  0.441738  0.746581  0.497478  -0.869613  0.492639  0.032859  -0.220545  -0.447128  0.866854  -0.001535  0.009056  0.032695  0.055383  0.140132  0.140341  1.000000  
125.422820 0.007574  -0.009394  -0.029875  0.441930  0.746507  0.497419  -0.869549  0.492739  0.033064  -0.220415  -0.447142  0.866880  -0.001736  0.009072  0.033205  0.056940  0.139221  0.132294  1.000000  
125.424073 0.007569  -0.009383  -0.029841  0.442123  0.746493  0.497269  -0.869484  0.492843  0.033211  -0.220284  -0.447050  0.866961  -0.001854  0.008988  0.034024  0.055962  0.137405  0.116186  1.000000  
125.425320 0.007562  -0.009374  -0.029798  0.442136  0.746520  0.497216  -0.869510  0.492790  0.033314  -0.220154  -0.447064  0.866987  -0.001866  0.008856  0.035058  0.057531  0.132535  0.106111  1.000000  
125.426570 0.007556  -0.009364  -0.029747  0.442328  0.746506  0.497066  -0.869445  0.492895  0.033460  -0.220023  -0.446972  0.867067  -0.002068  0.008809  0.035514  0.054552  0.130556  0.097250  1.000000  
125.427823 0.007553  -0.009353  -0.029694  0.442521  0.746492  0.496916  -0.869381  0.492999  0.033606  -0.219893  -0.446880  0.867148  -0.002373  0.008886  0.035455  0.000000  0.000000  0.000000  1.000000  
125.428828 0.007549  -0.009345  -0.029654  0.442547  0.746667  0.496630  -0.869433  0.492901  0.033693  -0.219632  -0.446697  0.867308  -0.002642  0.008863  0.034800  0.000000  0.000000  0.000000  1.000000  
125.430066 0.007545  -0.009332  -0.029612  0.442753  0.746740  0.496336  -0.869394  0.492956  0.033882  -0.219370  -0.446513  0.867469  -0.002750  0.009018  0.033889  0.000000  0.000000  0.000000  1.000000  
125.431073 0.007540  -0.009320  -0.029585  0.442959  0.746813  0.496043  -0.869355  0.493012  0.034072  -0.219109  -0.446330  0.867629  -0.002841  0.009199  0.032809  0.000000  0.000000  0.000000  1.000000  
125.432075 0.007535  -0.009306  -0.029559  0.443164  0.746946  0.495658  -0.869316  0.493071  0.034201  -0.218848  -0.446041  0.867844  -0.002908  0.009541  0.032063  0.000000  0.000000  0.000000  1.000000  
125.433319 0.007532  -0.009288  -0.029524  0.443396  0.747133  0.495168  -0.869329  0.493025  0.034538  -0.218326  -0.445778  0.868110  -0.003046  0.009947  0.031763  0.000000  0.000000  0.000000  1.000000  
125.434348 0.007529  -0.009275  -0.029489  0.443602  0.747266  0.494784  -0.869290  0.493085  0.034667  -0.218065  -0.445489  0.868324  -0.003178  0.010188  0.032183  0.000000  0.000000  0.000000  1.000000  
125.435582 0.007528  -0.009260  -0.029436  0.443834  0.747453  0.494293  -0.869302  0.493040  0.035004  -0.217543  -0.445226  0.868590  -0.003288  0.010293  0.033431  0.000000  0.000000  0.000000  1.000000  
125.436811 0.007525  -0.009247  -0.029379  0.444258  0.747625  0.493652  -0.869249  0.493099  0.035485  -0.216890  -0.444871  0.868935  -0.003351  0.010351  0.034860  0.000000  0.000000  0.000000  1.000000  
125.437815 0.007522  -0.009237  -0.029334  0.444476  0.747724  0.493304  -0.869235  0.493103  0.035778  -0.216498  -0.444700  0.869121  -0.003455  0.010441  0.036051  -0.074611  0.223518  -0.021808  1.000000  
125.439063 0.007516  -0.009223  -0.029285  0.444721  0.747938  0.492760  -0.869272  0.493005  0.036218  -0.215844  -0.444449  0.869411  -0.003502  0.010667  0.037064  -0.088738  0.240669  -0.019478  1.000000  
125.440070 0.007511  -0.009214  -0.029248  0.444940  0.748037  0.492412  -0.869258  0.493009  0.036510  -0.215453  -0.444278  0.869596  -0.003446  0.010854  0.037305  -0.100198  0.249657  -0.023608  1.000000  
125.441312 0.007506  -0.009202  -0.029205  0.445171  0.748223  0.491920  -0.869269  0.492965  0.036847  -0.214930  -0.444014  0.869860  -0.003400  0.010875  0.036907  -0.111004  0.264841  -0.023520  1.000000  
125.442312 0.007505  -0.009193  -0.029173  0.445568  0.748280  0.491473  -0.869162  0.493128  0.037180  -0.214538  -0.443736  0.870099  -0.003256  0.010925  0.036130  -0.119250  0.280661  -0.029192  1.000000  
125.443562 0.007505  -0.009182  -0.029135  0.445991  0.748391  0.490920  -0.869106  0.493186  0.037721  -0.213884  -0.443485  0.870388  -0.003031  0.011016  0.035238  -0.128490  0.298737  -0.035081  1.000000  
125.444563 0.007505  -0.009171  -0.029107  0.446223  0.748517  0.490518  -0.869116  0.493138  0.038117  -0.213362  -0.443325  0.870597  -0.002773  0.011128  0.034770  -0.135152  0.313725  -0.034989  1.000000  
125.445566 0.007504  -0.009159  -0.029076  0.446454  0.748702  0.490025  -0.869125  0.493095  0.038453  -0.212839  -0.443060  0.870860  -0.002568  0.011156  0.034783  -0.147310  0.325563  -0.028949  1.000000  
125.446569 0.007502  -0.009149  -0.029038  0.446876  0.748754  0.489561  -0.869068  0.493149  0.039053  -0.212185  -0.442913  0.871094  -0.002331  0.011015  0.035588  -0.153968  0.344469  -0.026831  1.000000  
125.447570 0.007502  -0.009138  -0.028995  0.447286  0.748837  0.489059  -0.868985  0.493261  0.039490  -0.211662  -0.442648  0.871357  -0.002088  0.010735  0.036783  -0.166048  0.362432  -0.026996  1.000000  
125.448819 0.007504  -0.009126  -0.028935  0.447709  0.749006  0.488412  -0.868926  0.493325  0.039970  -0.211008  -0.442289  0.871697  -0.001717  0.010258  0.038181  -0.179433  0.378352  -0.024714  1.000000  
125.449837 0.007507  -0.009117  -0.028881  0.448118  0.749089  0.487909  -0.868842  0.493438  0.040406  -0.210485  -0.442023  0.871959  -0.001423  0.010098  0.039205  -0.190128  0.403459  -0.028826  1.000000  
125.451064 0.007510  -0.009105  -0.028815  0.448719  0.749216  0.487162  -0.868690  0.493663  0.040927  -0.209831  -0.441557  0.872352  -0.001059  0.010041  0.039744  -0.206013  0.426343  -0.030531  1.000000  
125.452071 0.007511  -0.009093  -0.028767  0.449141  0.749384  0.486514  -0.868630  0.493729  0.041406  -0.209177  -0.441197  0.872691  -0.000832  0.010109  0.039950  -0.222598  0.448906  -0.028739  1.000000  
125.453312 0.007512  -0.009077  -0.028716  0.449755  0.749478  0.485802  -0.868501  0.493898  0.042089  -0.208392  -0.440849  0.873055  -0.000490  0.010264  0.039945  -0.228628  0.478303  -0.034412  1.000000  
125.454563 0.007512  -0.009061  -0.028667  0.450355  0.749603  0.485053  -0.868346  0.494124  0.042608  -0.207737  -0.440382  0.873446  -0.000112  0.010508  0.039913  -0.245990  0.500252  -0.038414  1.000000  
125.455811 0.007511  -0.009046  -0.028616  0.450968  0.749754  0.484248  -0.868216  0.494300  0.043230  -0.206952  -0.439927  0.873862  0.000246  0.010685  0.040358  -0.263439  0.522283  -0.042446  1.000000  
125.456811 0.007513  -0.009035  -0.028570  0.451555  0.749792  0.483642  -0.868035  0.494575  0.043704  -0.206428  -0.439553  0.874174  0.000478  0.010864  0.041211  -0.271237  0.547273  -0.052448  1.000000  
125.457811 0.007515  -0.009025  -0.028521  0.451964  0.749873  0.483135  -0.867947  0.494691  0.044138  -0.205905  -0.439284  0.874433  0.000636  0.010939  0.042646  -0.278027  0.562370  -0.052520  1.000000  
125.459061 0.007515  -0.009013  -0.028457  0.452563  0.749937  0.482473  -0.867790  0.494916  0.044715  -0.205250  -0.438922  0.874769  0.000660  0.010869  0.044317  -0.283310  0.580316  -0.058641  1.000000  
125.460063 0.007514  -0.009004  -0.028405  0.453137  0.749889  0.482010  -0.867583  0.495239  0.045144  -0.204857  -0.438640  0.875002  0.000684  0.010760  0.046044  -0.283037  0.593285  -0.074744  1.000000  
125.461063 0.007513  -0.008994  -0.028353  0.453736  0.749894  0.481438  -0.867424  0.495459  0.045780  -0.204202  -0.438383  0.875284  0.000678  0.010678  0.046977  -0.284402  0.611433  -0.080880  1.000000  
125.462318 0.007511  -0.008983  -0.028290  0.454335  0.749957  0.480774  -0.867265  0.495684  0.046356  -0.203547  -0.438020  0.875618  0.000616  0.010473  0.047835  -0.284123  0.626778  -0.091950  1.000000  
125.463567 0.007511  -0.008971  -0.028231  0.454959  0.750075  0.480000  -0.867152  0.495807  0.047139  -0.202630  -0.437680  0.876001  0.000495  0.010478  0.047836  -0.281290  0.648552  -0.096191  1.000000  
125.464570 0.007512  -0.008962  -0.028185  0.455366  0.750212  0.479399  -0.867061  0.495932  0.047511  -0.202106  -0.437303  0.876310  0.000319  0.010496  0.047355  -0.288445  0.656232  -0.100564  1.000000  
125.465820 0.007510  -0.008950  -0.028130  0.455977  0.750301  0.478678  -0.866923  0.496108  0.048189  -0.201320  -0.436950  0.876667  -0.000002  0.010462  0.046421  -0.287196  0.668182  -0.105904  1.000000  
125.466831 0.007507  -0.008940  -0.028087  0.456397  0.750465  0.478021  -0.866854  0.496181  0.048664  -0.200664  -0.436584  0.876999  -0.000287  0.010386  0.046081  -0.293731  0.673269  -0.107050  1.000000  
125.468062 0.007503  -0.008926  -0.028034  0.456841  0.750741  0.477163  -0.866832  0.496159  0.049287  -0.199747  -0.436136  0.877432  -0.000635  0.010274  0.046085  -0.302390  0.685776  -0.101436  1.000000  
125.469068 0.007498  -0.008915  -0.027986  0.457273  0.750931  0.476449  -0.866785  0.496182  0.049866  -0.198960  -0.435781  0.877787  -0.000949  0.010059  0.046854  -0.303790  0.699713  -0.109796  1.000000  
125.470313 0.007492  -0.008901  -0.027918  0.457895  0.751162  0.475488  -0.866667  0.496322  0.050526  -0.198042  -0.435225  0.878270  -0.001300  0.010033  0.048025  -0.317580  0.721996  -0.114224  1.000000  
125.471564 0.007486  -0.008888  -0.027843  0.458516  0.751391  0.474525  -0.866548  0.496463  0.051185  -0.197124  -0.434668  0.878753  -0.001833  0.010006  0.049283  -0.328689  0.737039  -0.114668  1.000000  
125.472811 0.007479  -0.008873  -0.027766  0.459341  0.751572  0.473440  -0.866379  0.496657  0.052149  -0.195943  -0.434133  0.879281  -0.002383  0.010118  0.050302  -0.338531  0.759266  -0.119203  1.000000  
125.473812 0.007474  -0.008860  -0.027707  0.459949  0.751715  0.472621  -0.866234  0.496845  0.052764  -0.195156  -0.433669  0.879685  -0.002790  0.010368  0.050816  -0.344169  0.773380  -0.127715  1.000000  
125.475061 0.007465  -0.008844  -0.027640  0.460582  0.751970  0.471599  -0.866133  0.496939  0.053526  -0.194106  -0.433121  0.880187  -0.003296  0.010648  0.051007  -0.356410  0.785798  -0.125103  1.000000  
125.476063 0.007456  -0.008831  -0.027591  0.461202  0.752139  0.470722  -0.866009  0.497078  0.054243  -0.193187  -0.432667  0.880612  -0.003799  0.010877  0.050757  -0.362156  0.799920  -0.133614  1.000000  
125.477311 0.007447  -0.008814  -0.027534  0.462012  0.752290  0.469686  -0.865811  0.497329  0.055101  -0.192137  -0.432116  0.881112  -0.004249  0.011309  0.050431  -0.371959  0.817929  -0.140190  1.000000  
125.478311 0.007441  -0.008801  -0.027487  0.462644  0.752485  0.468751  -0.865706  0.497419  0.055921  -0.191086  -0.431672  0.881558  -0.004748  0.011467  0.050367  -0.379010  0.836758  -0.138696  1.000000  
125.479318 0.007434  -0.008789  -0.027439  0.463274  0.752623  0.467906  -0.865600  0.497504  0.056801  -0.190035  -0.431334  0.881951  -0.005240  0.011729  0.050568  -0.378002  0.855628  -0.137230  1.000000  
125.480574 0.007424  -0.008775  -0.027375  0.463917  0.752900  0.466821  -0.865515  0.497553  0.057664  -0.188853  -0.430792  0.882470  -0.005882  0.011892  0.051177  -0.385608  0.874496  -0.132991  1.000000  
125.481576 0.007414  -0.008764  -0.027322  0.464737  0.753019  0.465814  -0.865332  0.497752  0.058683  -0.187670  -0.430356  0.882935  -0.006290  0.011937  0.051870  -0.388681  0.898335  -0.132703  1.000000  
125.482838 0.007402  -0.008751  -0.027254  0.465556  0.753192  0.464714  -0.865148  0.497959  0.059640  -0.186488  -0.429812  0.883450  -0.006820  0.011900  0.052788  -0.394513  0.915292  -0.136365  1.000000  
125.484062 0.007390  -0.008737  -0.027184  0.466386  0.753449  0.463464  -0.864983  0.498124  0.060641  -0.185173  -0.429170  0.884038  -0.007194  0.011895  0.053431  -0.402164  0.935055  -0.135338  1.000000  
125.485069 0.007380  -0.008726  -0.027129  0.467002  0.753669  0.462485  -0.864847  0.498280  0.061293  -0.184252  -0.428602  0.884506  -0.007588  0.011885  0.053498  -0.410644  0.942837  -0.131965  1.000000  
125.486313 0.007370  -0.008710  -0.027061  0.468021  0.753848  0.461162  -0.864603  0.498554  0.062491  -0.182806  -0.427969  0.885113  -0.007862  0.012062  0.053037  -0.416792  0.973266  -0.133032  1.000000  
125.487562 0.007359  -0.008692  -0.026996  0.469038  0.754081  0.459744  -0.864356  0.498838  0.063626  -0.181358  -0.427226  0.885769  -0.008165  0.012273  0.052210  -0.430986  1.003381  -0.134104  1.000000  
125.488811 0.007347  -0.008673  -0.026934  0.470043  0.754286  0.458380  -0.864086  0.499175  0.064657  -0.180042  -0.426471  0.886401  -0.008483  0.012493  0.051550  -0.445204  1.029537  -0.137211  1.000000  
125.490061 0.007334  -0.008653  -0.026873  0.471059  0.754571  0.456865  -0.863833  0.499472  0.065729  -0.178595  -0.425617  0.887104  -0.008693  0.012727  0.051129  -0.463683  1.058940  -0.133298  1.000000  
125.491063 0.007325  -0.008638  -0.026821  0.472062  0.754772  0.455496  -0.863557  0.499814  0.066755  -0.177278  -0.424859  0.887732  -0.008774  0.012875  0.051330  -0.481849  1.084816  -0.136397  1.000000  
125.492063 0.007314  -0.008622  -0.026766  0.472887  0.755019  0.454229  -0.863375  0.499994  0.067748  -0.175961  -0.424207  0.888305  -0.009031  0.013018  0.052038  -0.497483  1.117222  -0.134626  1.000000  
125.493086 0.007305  -0.008606  -0.026707  0.473888  0.755217  0.452854  -0.863093  0.500341  0.068772  -0.174644  -0.423446  0.888928  -0.009162  0.013204  0.052795  -0.514139  1.145398  -0.143823  1.000000  
125.494313 0.007293  -0.008589  -0.026629  0.474922  0.755605  0.451121  -0.862870  0.500558  0.069986  -0.172931  -0.422497  0.889714  -0.009439  0.013355  0.054046  -0.532678  1.174645  -0.140330  1.000000  
125.495576 0.007279  -0.008571  -0.026550  0.476132  0.755832  0.449462  -0.862544  0.500925  0.071351  -0.171217  -0.421653  0.890445  -0.009635  0.013617  0.055038  -0.550278  1.217263  -0.149171  1.000000  
125.496816 0.007265  -0.008554  -0.026474  0.477363  0.756166  0.447591  -0.862255  0.501207  0.072862  -0.169240  -0.420719  0.891265  -0.009835  0.013754  0.055630  -0.566175  1.259913  -0.154039  1.000000  
125.497825 0.007253  -0.008542  -0.026418  0.478370  0.756384  0.446145  -0.861980  0.501515  0.073983  -0.167789  -0.419959  0.891897  -0.009952  0.013944  0.055761  -0.579625  1.294293  -0.166858  1.000000  
125.499070 0.007239  -0.008525  -0.026353  0.479764  0.756583  0.444308  -0.861562  0.502009  0.075477  -0.165942  -0.419010  0.892689  -0.010101  0.014177  0.055416  -0.592065  1.334806  -0.179164  1.000000  
125.500071 0.007228  -0.008511  -0.026302  0.480769  0.756796  0.442855  -0.861280  0.502324  0.076594  -0.164490  -0.418247  0.893316  -0.010193  0.014348  0.055138  -0.605352  1.363648  -0.188882  1.000000  
125.501323 0.007213  -0.008495  -0.026240  0.481982  0.757040  0.441116  -0.860953  0.502660  0.078053  -0.162642  -0.417401  0.894049  -0.010398  0.014380  0.054743  -0.614886  1.400719  -0.195063  1.000000  
125.502569 0.007199  -0.008478  -0.026174  0.483194  0.757335  0.439281  -0.860621  0.503010  0.079448  -0.160794  -0.416444  0.894829  -0.010618  0.014294  0.054839  -0.629949  1.426848  -0.199189  1.000000  
125.503812 0.007183  -0.008462  -0.026105  0.484403  0.757627  0.437442  -0.860285  0.503363  0.080841  -0.158945  -0.415484  0.895606  -0.010909  0.014019  0.055376  -0.643851  1.460136  -0.207591  1.000000  
125.504815 0.007171  -0.008449  -0.026046  0.485403  0.757832  0.435975  -0.859988  0.503690  0.081951  -0.157492  -0.414713  0.896220  -0.011098  0.013824  0.056034  -0.654546  1.486148  -0.211497  1.000000  
125.506062 0.007154  -0.008434  -0.025969  0.486630  0.758174  0.434009  -0.859680  0.503955  0.083548  -0.155377  -0.413766  0.897026  -0.011392  0.013574  0.056809  -0.667083  1.518868  -0.212365  1.000000  
125.507312 0.007136  -0.008419  -0.025890  0.487668  0.758642  0.432022  -0.859448  0.504126  0.084888  -0.153394  -0.412698  0.897859  -0.011786  0.013186  0.057512  -0.686254  1.551615  -0.206473  1.000000  
125.508312 0.007122  -0.008407  -0.025827  0.488663  0.758893  0.430453  -0.859141  0.504473  0.085931  -0.151940  -0.411811  0.898513  -0.012081  0.012987  0.057617  -0.705430  1.569758  -0.214441  1.000000  
125.509564 0.007104  -0.008392  -0.025749  0.489707  0.759382  0.428399  -0.858918  0.504605  0.087372  -0.149823  -0.410746  0.899356  -0.012437  0.012792  0.057465  -0.721988  1.598181  -0.217576  1.000000  
125.510812 0.007086  -0.008377  -0.025676  0.490926  0.759764  0.426321  -0.858589  0.504898  0.088899  -0.147706  -0.409678  0.900193  -0.012763  0.012697  0.057287  -0.745381  1.632042  -0.218276  1.000000  
125.512068 0.007067  -0.008362  -0.025604  0.491965  0.760299  0.424165  -0.858355  0.505051  0.090275  -0.145589  -0.408496  0.901074  -0.013027  0.012662  0.057080  -0.769834  1.654394  -0.216866  1.000000  
125.513071 0.007052  -0.008350  -0.025546  0.492974  0.760594  0.422461  -0.858067  0.505317  0.091519  -0.143868  -0.407616  0.901749  -0.013226  0.012549  0.057323  -0.784562  1.687186  -0.219032  1.000000  
125.514320 0.007033  -0.008335  -0.025471  0.494186  0.761018  0.420276  -0.857722  0.505636  0.092978  -0.141749  -0.406429  0.902620  -0.013538  0.012421  0.058078  -0.804040  1.716786  -0.222099  1.000000  
125.515321 0.007018  -0.008324  -0.025407  0.495015  0.761412  0.418584  -0.857527  0.505753  0.094132  -0.140027  -0.405544  0.903287  -0.013843  0.012219  0.059016  -0.817653  1.741441  -0.212486  1.000000  
125.516589 0.006998  -0.008313  -0.025323  0.496046  0.761933  0.416409  -0.857275  0.505925  0.095500  -0.137907  -0.404350  0.904148  -0.014201  0.011874  0.060316  -0.839004  1.760234  -0.205091  1.000000  
125.517813 0.006978  -0.008303  -0.025239  0.497270  0.762349  0.414181  -0.856946  0.506153  0.097223  -0.135521  -0.403277  0.904987  -0.014545  0.011497  0.061542  -0.852888  1.793560  -0.200580  1.000000  
125.519085 0.006957  -0.008293  -0.025156  0.498482  0.762735  0.412008  -0.856595  0.506434  0.098839  -0.133267  -0.402193  0.905804  -0.014879  0.011024  0.062279  -0.860745  1.822979  -0.195797  1.000000  
125.520314 0.006937  -0.008284  -0.025078  0.499515  0.763272  0.409757  -0.856341  0.506575  0.100305  -0.131013  -0.400996  0.906663  -0.015143  0.010591  0.062469  -0.875453  1.844664  -0.189127  1.000000  
125.521583 0.006917  -0.008274  -0.025004  0.500730  0.763678  0.407512  -0.855993  0.506820  0.102020  -0.128625  -0.399912  0.907483  -0.015332  0.010226  0.062160  -0.885005  1.863837  -0.182149  1.000000  
125.522811 0.006896  -0.008266  -0.024931  0.501943  0.764129  0.405167  -0.855639  0.507084  0.103671  -0.126236  -0.398714  0.908346  -0.015553  0.009851  0.061800  -0.894125  1.887659  -0.180750  1.000000  
125.523812 0.006879  -0.008259  -0.024873  0.502950  0.764502  0.403209  -0.855339  0.507308  0.105044  -0.124245  -0.397713  0.909059  -0.015772  0.009414  0.061452  -0.904434  1.908700  -0.174860  1.000000  
125.525062 0.006858  -0.008251  -0.024800  0.504157  0.764897  0.400947  -0.854972  0.507570  0.106751  -0.121855  -0.396618  0.909860  -0.015984  0.008933  0.061383  -0.909893  1.928249  -0.167260  1.000000  
125.526311 0.006836  -0.008244  -0.024722  0.505353  0.765310  0.398647  -0.854585  0.507896  0.108289  -0.119597  -0.395402  0.910689  -0.016136  0.008451  0.061678  -0.924158  1.940700  -0.164488  1.000000  
125.527312 0.006820  -0.008239  -0.024657  0.506529  0.765568  0.396653  -0.854165  0.508292  0.109737  -0.117604  -0.394392  0.911386  -0.016242  0.007985  0.062156  -0.932854  1.955362  -0.167495  1.000000  
125.528314 0.006802  -0.008232  -0.024588  0.507520  0.765902  0.394738  -0.853831  0.508579  0.110996  -0.115743  -0.393373  0.912064  -0.016390  0.007621  0.062907  -0.942547  1.967495  -0.164345  1.000000  
125.529323 0.006785  -0.008227  -0.024517  0.508692  0.766106  0.392828  -0.853401  0.508970  0.112501  -0.113750  -0.392468  0.912705  -0.016540  0.007174  0.063494  -0.947922  1.987329  -0.166352  1.000000  
125.530571 0.006764  -0.008220  -0.024428  0.510068  0.766501  0.390266  -0.852913  0.509398  0.114255  -0.111224  -0.391141  0.913585  -0.016664  0.006779  0.064071  -0.965513  2.015030  -0.164535  1.000000  
125.531820 0.006742  -0.008213  -0.024341  0.511616  0.766785  0.387673  -0.852311  0.509990  0.116085  -0.108697  -0.389809  0.914458  -0.016840  0.006512  0.064246  -0.978901  2.038154  -0.164715  1.000000  
125.533069 0.006719  -0.008205  -0.024259  0.513167  0.767137  0.384916  -0.851713  0.510560  0.117953  -0.106036  -0.388368  0.915383  -0.016985  0.006349  0.064123  -0.995396  2.067874  -0.169514  1.000000  
125.534317 0.006696  -0.008197  -0.024182  0.514714  0.767436  0.382244  -0.851107  0.511123  0.119878  -0.103375  -0.387033  0.916253  -0.017182  0.006235  0.063922  -1.008214  2.094041  -0.176148  1.000000  
125.535561 0.006673  -0.008192  -0.024106  0.516250  0.767658  0.379720  -0.850480  0.511723  0.121754  -0.100846  -0.385800  0.917054  -0.017399  0.005956  0.063905  -1.015548  2.113610  -0.183564  1.000000  
125.536564 0.006654  -0.008187  -0.024044  0.517579  0.767827  0.377563  -0.849906  0.512332  0.123189  -0.098849  -0.384653  0.917753  -0.017558  0.005860  0.064070  -1.024295  2.136543  -0.200747  1.000000  
125.537811 0.006629  -0.008182  -0.023963  0.519108  0.768084  0.374932  -0.849264  0.512959  0.124993  -0.096319  -0.383301  0.918587  -0.017781  0.005599  0.064518  -1.035635  2.155591  -0.208236  1.000000  
125.538811 0.006610  -0.008179  -0.023897  0.520425  0.768127  0.373013  -0.848667  0.513592  0.126440  -0.094455  -0.382367  0.919170  -0.017973  0.005351  0.065075  -1.036547  2.174907  -0.227248  1.000000  
125.540064 0.006584  -0.008175  -0.023813  0.521778  0.768462  0.370423  -0.848129  0.514014  0.128324  -0.091790  -0.381124  0.919956  -0.018251  0.005100  0.065850  -1.038140  2.197865  -0.228015  1.000000  
125.541312 0.006558  -0.008172  -0.023731  0.523469  0.768554  0.367838  -0.847356  0.514803  0.130251  -0.089259  -0.379872  0.920723  -0.018627  0.004785  0.066157  -1.039943  2.217663  -0.249803  1.000000  
125.542562 0.006532  -0.008169  -0.023649  0.524982  0.768702  0.365364  -0.846683  0.515424  0.132159  -0.086726  -0.378728  0.921436  -0.018960  0.004497  0.066041  -1.041249  2.231526  -0.262094  1.000000  
125.543562 0.006511  -0.008166  -0.023585  0.526292  0.768757  0.363357  -0.846072  0.516032  0.133692  -0.084727  -0.377787  0.922008  -0.019190  0.004328  0.065780  -1.036946  2.251825  -0.278407  1.000000  
125.544564 0.006490  -0.008162  -0.023522  0.527606  0.768880  0.361186  -0.845465  0.516617  0.135264  -0.082593  -0.376736  0.922631  -0.019429  0.004178  0.065176  -1.041524  2.268968  -0.288462  1.000000  
125.545580 0.006468  -0.008158  -0.023460  0.528911  0.768928  0.359169  -0.844842  0.517233  0.136789  -0.080593  -0.375791  0.923193  -0.019723  0.004074  0.064387  -1.038448  2.283624  -0.310073  1.000000  
125.546818 0.006442  -0.008151  -0.023383  0.530409  0.769104  0.356576  -0.844141  0.517892  0.138614  -0.078059  -0.374522  0.923926  -0.019969  0.004090  0.063911  -1.040225  2.302196  -0.321209  1.000000  
125.547820 0.006420  -0.008146  -0.023320  0.531707  0.769188  0.354454  -0.843506  0.518535  0.140068  -0.076058  -0.373459  0.924523  -0.020299  0.003982  0.063690  -1.044084  2.313369  -0.341234  1.000000  
125.549071 0.006391  -0.008139  -0.023239  0.533381  0.769300  0.351685  -0.842697  0.519280  0.142164  -0.073256  -0.372191  0.925261  -0.020662  0.003922  0.063931  -1.052372  2.335058  -0.354729  1.000000  
125.550365 0.006361  -0.008133  -0.023154  0.535045  0.769422  0.348880  -0.841870  0.520091  0.144085  -0.070587  -0.370803  0.926025  -0.021069  0.003963  0.064316  -1.055941  2.352471  -0.381774  1.000000  
125.551569 0.006330  -0.008126  -0.023063  0.536535  0.769587  0.346216  -0.841151  0.520675  0.146159  -0.067784  -0.369640  0.926699  -0.021611  0.004024  0.065339  -1.058540  2.374612  -0.389399  1.000000  
125.552815 0.006298  -0.008120  -0.022971  0.538184  0.769629  0.343554  -0.840298  0.521525  0.148025  -0.065247  -0.368353  0.927394  -0.022066  0.004173  0.066131  -1.056735  2.385365  -0.414564  1.000000  
125.554061 0.006267  -0.008113  -0.022880  0.539655  0.769689  0.341102  -0.839547  0.522186  0.149941  -0.062710  -0.367287  0.927991  -0.022542  0.004340  0.066718  -1.054793  2.394852  -0.428963  1.000000  
125.555312 0.006234  -0.008105  -0.022793  0.541126  0.769814  0.338481  -0.838795  0.522830  0.151892  -0.060039  -0.366109  0.928633  -0.023039  0.004684  0.066955  -1.052808  2.407961  -0.441884  1.000000  
125.556564 0.006202  -0.008097  -0.022709  0.542588  0.769906  0.335920  -0.838028  0.523521  0.153733  -0.057502  -0.364924  0.929260  -0.023413  0.004961  0.067023  -1.051317  2.414021  -0.450133  1.000000  
125.557812 0.006169  -0.008089  -0.022627  0.544214  0.769819  0.333482  -0.837135  0.524399  0.155595  -0.055097  -0.363846  0.929828  -0.023952  0.005283  0.067127  -1.043765  2.418099  -0.461770  1.000000  
125.559061 0.006136  -0.008081  -0.022543  0.545667  0.769862  0.331000  -0.836352  0.525083  0.157488  -0.052559  -0.362768  0.930396  -0.024314  0.005478  0.067358  -1.037956  2.427108  -0.476268  1.000000  
125.560068 0.006110  -0.008074  -0.022475  0.546756  0.769891  0.329129  -0.835764  0.525560  0.159013  -0.050554  -0.362015  0.930800  -0.024678  0.005742  0.067839  -1.028621  2.422493  -0.480657  1.000000  
125.561312 0.006076  -0.008067  -0.022386  0.548029  0.770035  0.326667  -0.835080  0.526094  0.160827  -0.048015  -0.360931  0.931356  -0.025138  0.005828  0.068638  -1.020609  2.419604  -0.478005  1.000000  
125.562314 0.006049  -0.008060  -0.022311  0.549115  0.770085  0.324719  -0.834487  0.526538  0.162449  -0.045877  -0.360177  0.931755  -0.025466  0.005929  0.069368  -1.011284  2.423308  -0.479023  1.000000  
125.563317 0.006022  -0.008054  -0.022235  0.550020  0.770188  0.322936  -0.833991  0.526906  0.163793  -0.044006  -0.359416  0.932139  -0.025803  0.005959  0.070275  -0.996356  2.411418  -0.477498  1.000000  
125.564320 0.005994  -0.008046  -0.022157  0.551100  0.770273  0.320886  -0.833388  0.527376  0.165345  -0.041867  -0.358544  0.932574  -0.026063  0.006141  0.071071  -0.991499  2.408183  -0.473877  1.000000  
125.565568 0.005959  -0.008038  -0.022059  0.552361  0.770429  0.318333  -0.832683  0.527889  0.167247  -0.039193  -0.357451  0.933109  -0.026406  0.006246  0.071779  -0.986474  2.407172  -0.468830  1.000000  
125.566569 0.005931  -0.008029  -0.021980  0.553431  0.770443  0.316435  -0.832064  0.528387  0.168751  -0.037187  -0.356686  0.933484  -0.026578  0.006450  0.072212  -0.973318  2.404154  -0.465217  1.000000  
125.567821 0.005896  -0.008018  -0.021883  0.554847  0.770404  0.314044  -0.831220  0.529187  0.170396  -0.034914  -0.355583  0.933992  -0.026821  0.006758  0.072502  -0.964113  2.399184  -0.470383  1.000000  
125.569062 0.005862  -0.008006  -0.021785  0.556262  0.770375  0.311600  -0.830376  0.529893  0.172307  -0.032374  -0.354593  0.934460  -0.026975  0.007162  0.073043  -0.954551  2.401347  -0.475729  1.000000  
125.570062 0.005834  -0.007995  -0.021707  0.557318  0.770327  0.309827  -0.829734  0.530479  0.173591  -0.030635  -0.353819  0.934812  -0.027156  0.007411  0.073639  -0.949066  2.388543  -0.483142  1.000000  
125.571063 0.005806  -0.007985  -0.021626  0.558376  0.770330  0.307910  -0.829094  0.530990  0.175079  -0.028629  -0.353046  0.935168  -0.027279  0.007681  0.074404  -0.940865  2.383570  -0.477428  1.000000  
125.572064 0.005778  -0.007974  -0.021542  0.559601  0.770183  0.306047  -0.828334  0.531641  0.176691  -0.026623  -0.352385  0.935476  -0.027383  0.008009  0.075733  -0.931250  2.383094  -0.479720  1.000000  
125.573312 0.005741  -0.007963  -0.021434  0.561001  0.770067  0.303767  -0.827465  0.532320  0.178711  -0.024081  -0.351613  0.935835  -0.027676  0.008228  0.077433  -0.918382  2.382835  -0.482535  1.000000  
125.574312 0.005713  -0.007952  -0.021346  0.562387  0.769780  0.301926  -0.826576  0.533174  0.180273  -0.022209  -0.350948  0.936132  -0.027788  0.008515  0.078903  -0.908008  2.378798  -0.496463  1.000000  
125.575562 0.005677  -0.007941  -0.021233  0.563779  0.769649  0.299656  -0.825694  0.533798  0.182450  -0.019533  -0.350286  0.936439  -0.028017  0.008735  0.080545  -0.887975  2.381068  -0.491440  1.000000  
125.576812 0.005639  -0.007931  -0.021122  0.565334  0.769415  0.297318  -0.824687  0.534646  0.184515  -0.016992  -0.349507  0.936780  -0.028247  0.008893  0.081887  -0.870419  2.382018  -0.500515  1.000000  
125.577814 0.005609  -0.007922  -0.021033  0.566710  0.769074  0.295575  -0.823781  0.535425  0.186293  -0.014985  -0.349063  0.936979  -0.028436  0.008969  0.082676  -0.848533  2.384144  -0.509054  1.000000  
125.578830 0.005578  -0.007913  -0.020947  0.567912  0.768851  0.293843  -0.822985  0.536108  0.187838  -0.013112  -0.348504  0.937216  -0.028663  0.009137  0.083282  -0.830455  2.368081  -0.514121  1.000000  
125.580071 0.005540  -0.007902  -0.020841  0.569621  0.768401  0.291704  -0.821838  0.537116  0.189972  -0.010704  -0.347946  0.937454  -0.028892  0.009298  0.083889  -0.802443  2.365995  -0.527488  1.000000  
125.581320 0.005501  -0.007891  -0.020734  0.571325  0.767975  0.289485  -0.820683  0.538087  0.192202  -0.008162  -0.347385  0.937687  -0.029171  0.009397  0.084456  -0.779844  2.358525  -0.545255  1.000000  
125.582320 0.005469  -0.007881  -0.020647  0.572685  0.767627  0.287718  -0.819753  0.538874  0.193960  -0.006155  -0.346935  0.937869  -0.029445  0.009434  0.085015  -0.757834  2.360482  -0.553789  1.000000  
125.583560 0.005429  -0.007869  -0.020537  0.574378  0.767161  0.285576  -0.818582  0.539826  0.196242  -0.003613  -0.346485  0.938049  -0.029797  0.009429  0.085902  -0.737562  2.367127  -0.570285  1.000000  
125.584568 0.005396  -0.007859  -0.020445  0.575728  0.766782  0.283869  -0.817639  0.540654  0.197886  -0.001739  -0.346031  0.938221  -0.030139  0.009435  0.086800  -0.718419  2.358196  -0.580336  1.000000  
125.585811 0.005354  -0.007847  -0.020327  0.577243  0.766424  0.281753  -0.816572  0.541453  0.200097  0.000803  -0.345576  0.938390  -0.030603  0.009380  0.087913  -0.695072  2.358737  -0.592109  1.000000  
125.586812 0.005320  -0.007837  -0.020230  0.578585  0.766034  0.280055  -0.815617  0.542222  0.201899  0.002810  -0.345234  0.938513  -0.031005  0.009350  0.088911  -0.675601  2.362794  -0.597297  1.000000  
125.588063 0.005276  -0.007824  -0.020108  0.580089  0.765672  0.277925  -0.814535  0.543025  0.204098  0.005352  -0.344775  0.938670  -0.031549  0.009415  0.089893  -0.654507  2.364678  -0.605836  1.000000  
125.589064 0.005241  -0.007813  -0.020011  0.581423  0.765220  0.276380  -0.813569  0.543810  0.205854  0.007225  -0.344543  0.938743  -0.032005  0.009446  0.090463  -0.632391  2.364721  -0.621787  1.000000  
125.590311 0.005195  -0.007800  -0.019891  0.583085  0.764682  0.274359  -0.812354  0.544786  0.208061  0.009633  -0.344194  0.938849  -0.032601  0.009583  0.090976  -0.611277  2.365356  -0.638217  1.000000  
125.591311 0.005158  -0.007789  -0.019796  0.584411  0.764227  0.272803  -0.811377  0.545572  0.209807  0.011506  -0.343960  0.938914  -0.033098  0.009731  0.091373  -0.591893  2.367572  -0.655061  1.000000  
125.592314 0.005120  -0.007778  -0.019701  0.585898  0.763652  0.271217  -0.810272  0.546454  0.211773  0.013513  -0.343837  0.938932  -0.033672  0.009876  0.091820  -0.567404  2.375275  -0.681398  1.000000  
125.593561 0.005071  -0.007765  -0.019582  0.587543  0.763104  0.269193  -0.809034  0.547369  0.214129  0.016055  -0.343596  0.938980  -0.034319  0.010024  0.092402  -0.546700  2.387110  -0.698137  1.000000  
125.594562 0.005032  -0.007755  -0.019486  0.588853  0.762635  0.267656  -0.808035  0.548031  0.216197  0.018196  -0.343584  0.938946  -0.034927  0.010140  0.093187  -0.516083  2.388642  -0.717045  1.000000  
125.595577 0.004992  -0.007745  -0.019389  0.590160  0.762171  0.266095  -0.807033  0.548756  0.218092  0.020202  -0.343457  0.938951  -0.035518  0.010165  0.094014  -0.486952  2.388193  -0.738638  1.000000  
125.596817 0.004943  -0.007732  -0.019264  0.591786  0.761584  0.264158  -0.805770  0.549583  0.220664  0.022878  -0.343437  0.938897  -0.036146  0.010235  0.095154  -0.454287  2.402154  -0.750131  1.000000  
125.597821 0.004903  -0.007723  -0.019164  0.593082  0.761113  0.262602  -0.804753  0.550245  0.222717  0.025018  -0.343419  0.938849  -0.036811  0.010165  0.096093  -0.428864  2.412919  -0.754583  1.000000  
125.599070 0.004852  -0.007711  -0.019037  0.594698  0.760467  0.260815  -0.803477  0.551082  0.225243  0.027559  -0.343510  0.938745  -0.037375  0.010141  0.096948  -0.387653  2.422929  -0.773476  1.000000  
125.600071 0.004812  -0.007701  -0.018936  0.595986  0.759969  0.259321  -0.802450  0.551780  0.227184  0.029565  -0.343490  0.938691  -0.037929  0.010209  0.097753  -0.362138  2.431380  -0.785831  1.000000  
125.601318 0.004762  -0.007688  -0.018812  0.597755  0.759209  0.257470  -0.801036  0.552772  0.229750  0.032106  -0.343577  0.938575  -0.038402  0.010254  0.097796  -0.329676  2.439213  -0.806632  1.000000  
125.602561 0.004711  -0.007675  -0.018688  0.599349  0.758589  0.255583  -0.799732  0.553570  0.232357  0.034781  -0.343660  0.938450  -0.038826  0.010305  0.097961  -0.302485  2.446911  -0.812254  1.000000  
125.603562 0.004671  -0.007664  -0.018589  0.600784  0.757974  0.254036  -0.798559  0.554358  0.234503  0.036920  -0.343748  0.938336  -0.039196  0.010329  0.098046  -0.276097  2.458503  -0.823005  1.000000  
125.604811 0.004620  -0.007650  -0.018464  0.602368  0.757327  0.252206  -0.797243  0.555191  0.236996  0.039460  -0.343828  0.938203  -0.039540  0.010314  0.098325  -0.249365  2.461651  -0.829985  1.000000  
