1-Time 2-Px 3-Py 4-Pz 5-R11 6-R21 7-R31 8-R12 9-R22 10-R32 11-R13 12-R23 13-R33 14-Vx 15-Vy 16-Vz 17-Wx 18-Wy 19-Wz 20-state
66.702791 -0.000642  -0.035972  -0.019819  0.459029  0.657403  0.597590  -0.850499  0.519592  0.081700  -0.256794  -0.545753  0.797628  0.001545  -0.001315  -0.006843  0.000000  0.000000  0.000000  1.000000  
66.704039 -0.000640  -0.035971  -0.019826  0.459029  0.657403  0.597590  -0.850499  0.519592  0.081700  -0.256794  -0.545753  0.797628  0.001726  0.000539  -0.006029  0.000000  0.000000  0.000000  1.000000  
66.705255 -0.000628  -0.035958  -0.019813  0.458854  0.657509  0.597607  -0.850594  0.519457  0.081576  -0.256794  -0.545753  0.797628  0.006156  0.006402  0.002751  0.000000  0.000000  0.000000  1.000000  
66.706504 -0.000616  -0.035940  -0.019799  0.458854  0.657509  0.597607  -0.850594  0.519457  0.081576  -0.256794  -0.545753  0.797628  0.007357  0.009031  0.005948  0.000000  0.000000  0.000000  1.000000  
66.707504 -0.000612  -0.035930  -0.019792  0.458838  0.657475  0.597658  -0.850564  0.519521  0.081483  -0.256923  -0.545733  0.797600  0.006732  0.009325  0.006186  0.000000  0.000000  0.000000  1.000000  
66.708513 -0.000607  -0.035920  -0.019787  0.458838  0.657547  0.597578  -0.850564  0.519531  0.081420  -0.256923  -0.545637  0.797666  0.006277  0.009405  0.005780  0.000000  0.000000  0.000000  1.000000  
66.709756 -0.000600  -0.035901  -0.019784  0.458662  0.657727  0.597515  -0.850658  0.519405  0.081234  -0.256923  -0.545540  0.797732  0.006260  0.010482  0.005272  0.000000  0.000000  0.000000  1.000000  
66.710773 -0.000593  -0.035882  -0.019786  0.458646  0.657765  0.597486  -0.850628  0.519479  0.081077  -0.257052  -0.545424  0.797770  0.006310  0.011621  0.004353  0.000000  0.000000  0.000000  1.000000  
66.711779 -0.000590  -0.035864  -0.019788  0.458471  0.657871  0.597503  -0.850722  0.519344  0.080954  -0.257052  -0.545424  0.797770  0.005913  0.012310  0.003592  0.000000  0.000000  0.000000  1.000000  
66.713007 -0.000591  -0.035848  -0.019788  0.458296  0.657978  0.597519  -0.850817  0.519208  0.080831  -0.257052  -0.545424  0.797770  0.005129  0.012433  0.003082  0.000000  0.000000  0.000000  1.000000  
66.714011 -0.000592  -0.035835  -0.019783  0.458296  0.657978  0.597519  -0.850817  0.519208  0.080831  -0.257052  -0.545424  0.797770  0.004555  0.012396  0.003291  0.000000  0.000000  0.000000  1.000000  
66.715261 -0.000591  -0.035817  -0.019775  0.458121  0.658013  0.597616  -0.850911  0.519063  0.080770  -0.257052  -0.545520  0.797704  0.004202  0.012654  0.003628  0.000000  0.000000  0.000000  1.000000  
66.716286 -0.000587  -0.035796  -0.019769  0.457945  0.658120  0.597632  -0.851005  0.518928  0.080647  -0.257052  -0.545520  0.797704  0.004150  0.013225  0.003759  0.000000  0.000000  0.000000  1.000000  
66.717504 -0.000581  -0.035767  -0.019759  0.457579  0.658154  0.597876  -0.851163  0.518701  0.080433  -0.257182  -0.545695  0.797543  0.004240  0.014110  0.004135  0.000000  0.000000  0.000000  1.000000  
66.718510 -0.000573  -0.035741  -0.019746  0.457387  0.658153  0.598023  -0.851227  0.518621  0.080279  -0.257311  -0.545772  0.797449  0.004678  0.015716  0.005392  0.000000  0.000000  0.000000  1.000000  
66.719760 -0.000560  -0.035707  -0.019724  0.457196  0.658080  0.598249  -0.851291  0.518530  0.080188  -0.257440  -0.545946  0.797288  0.004807  0.017228  0.006378  0.000000  0.000000  0.000000  1.000000  
66.721011 -0.000545  -0.035668  -0.019705  0.457196  0.658080  0.598249  -0.851291  0.518530  0.080188  -0.257440  -0.545946  0.797288  0.004960  0.018674  0.006490  0.000000  0.000000  0.000000  1.000000  
66.722260 -0.000533  -0.035628  -0.019694  0.457004  0.658080  0.598396  -0.851355  0.518449  0.080033  -0.257570  -0.546023  0.797193  0.005363  0.020497  0.006615  0.000000  0.000000  0.000000  1.000000  
66.723510 -0.000526  -0.035586  -0.019688  0.456829  0.658187  0.598413  -0.851449  0.518314  0.079910  -0.257570  -0.546023  0.797193  0.005460  0.022297  0.006624  0.000000  0.000000  0.000000  1.000000  
66.724510 -0.000521  -0.035553  -0.019684  0.456637  0.658332  0.598400  -0.851513  0.518252  0.079630  -0.257699  -0.545907  0.797231  0.005313  0.023632  0.006793  0.000000  0.000000  0.000000  1.000000  
66.725760 -0.000515  -0.035512  -0.019670  0.456446  0.658476  0.598386  -0.851576  0.518191  0.079350  -0.257828  -0.545791  0.797269  0.005209  0.024682  0.007683  0.000000  0.000000  0.000000  1.000000  
66.727007 -0.000511  -0.035473  -0.019648  0.456446  0.658476  0.598386  -0.851576  0.518191  0.079350  -0.257828  -0.545791  0.797269  0.005249  0.025819  0.009365  0.000000  0.000000  0.000000  1.000000  
66.728008 -0.000511  -0.035445  -0.019623  0.456429  0.658514  0.598357  -0.851546  0.518265  0.079193  -0.257957  -0.545675  0.797306  0.005387  0.027067  0.011158  0.000000  0.000000  0.000000  1.000000  
66.729011 -0.000514  -0.035417  -0.019595  0.456254  0.658621  0.598373  -0.851640  0.518129  0.079070  -0.257957  -0.545675  0.797306  0.005203  0.027930  0.012549  0.000000  0.000000  0.000000  1.000000  
66.730260 -0.000514  -0.035378  -0.019564  0.456254  0.658694  0.598293  -0.851640  0.518139  0.079007  -0.257957  -0.545578  0.797372  0.005079  0.029287  0.014073  0.000000  0.000000  0.000000  1.000000  
66.731263 -0.000509  -0.035342  -0.019545  0.456254  0.658621  0.598373  -0.851640  0.518129  0.079070  -0.257957  -0.545675  0.797306  0.005222  0.030342  0.014985  0.000000  0.000000  0.000000  1.000000  
66.732511 -0.000498  -0.035295  -0.019526  0.456238  0.658587  0.598424  -0.851609  0.518193  0.078976  -0.258087  -0.545655  0.797278  0.005506  0.031545  0.015662  0.000000  0.000000  0.000000  1.000000  
66.733767 -0.000489  -0.035250  -0.019510  0.456221  0.658479  0.598554  -0.851579  0.518248  0.078945  -0.258216  -0.545732  0.797183  0.005428  0.032418  0.015383  0.000000  0.000000  0.000000  1.000000  
66.735002 -0.000483  -0.035208  -0.019495  0.456380  0.658338  0.598588  -0.851454  0.518448  0.078974  -0.258345  -0.545713  0.797155  0.004982  0.032815  0.014950  0.000000  0.000000  0.000000  1.000000  
66.736009 -0.000478  -0.035173  -0.019484  0.456364  0.658231  0.598718  -0.851424  0.518503  0.078943  -0.258474  -0.545790  0.797060  0.004474  0.033012  0.014765  0.000000  0.000000  0.000000  1.000000  
66.737251 -0.000474  -0.035131  -0.019469  0.456348  0.658197  0.598769  -0.851394  0.518567  0.078849  -0.258604  -0.545770  0.797031  0.003889  0.033144  0.015000  0.000000  0.000000  0.000000  1.000000  
66.738252 -0.000474  -0.035098  -0.019457  0.456331  0.658090  0.598899  -0.851363  0.518622  0.078818  -0.258733  -0.545847  0.796937  0.003520  0.033115  0.015495  0.000000  0.000000  0.000000  1.000000  
66.739252 -0.000477  -0.035069  -0.019442  0.456507  0.657983  0.598883  -0.851269  0.518757  0.078941  -0.258733  -0.545847  0.796937  0.003056  0.032814  0.016198  0.000000  0.000000  0.000000  1.000000  
66.740502 -0.000481  -0.035035  -0.019420  0.456682  0.657876  0.598866  -0.851175  0.518893  0.079064  -0.258733  -0.545847  0.796937  0.002360  0.032360  0.016921  0.000000  0.000000  0.000000  1.000000  
66.741503 -0.000486  -0.035008  -0.019397  0.456841  0.657807  0.598821  -0.851051  0.519102  0.079031  -0.258862  -0.545731  0.796974  0.001723  0.032065  0.017433  0.000000  0.000000  0.000000  1.000000  
66.742755 -0.000492  -0.034972  -0.019367  0.457016  0.657773  0.598725  -0.850956  0.519247  0.079091  -0.258862  -0.545635  0.797040  0.001227  0.032030  0.017514  0.000000  0.000000  0.000000  1.000000  
66.743758 -0.000496  -0.034942  -0.019346  0.457191  0.657666  0.598708  -0.850862  0.519383  0.079214  -0.258862  -0.545635  0.797040  0.001132  0.032096  0.017080  0.000000  0.000000  0.000000  1.000000  
66.744771 -0.000498  -0.034912  -0.019329  0.457350  0.657597  0.598663  -0.850738  0.519592  0.079181  -0.258991  -0.545518  0.797078  0.001099  0.032085  0.016326  0.000000  0.000000  0.000000  1.000000  
66.746012 -0.000494  -0.034870  -0.019312  0.457700  0.657456  0.598550  -0.850549  0.519872  0.079364  -0.258991  -0.545422  0.797144  0.000974  0.032018  0.015764  0.000000  0.000000  0.000000  1.000000  
66.747012 -0.000489  -0.034833  -0.019301  0.457875  0.657421  0.598454  -0.850455  0.520017  0.079424  -0.258991  -0.545325  0.797210  0.000725  0.031969  0.015521  0.000000  0.000000  0.000000  1.000000  
66.748260 -0.000484  -0.034787  -0.019281  0.458225  0.657352  0.598262  -0.850266  0.520307  0.079544  -0.258991  -0.545131  0.797343  0.000445  0.032000  0.015723  0.000000  0.000000  0.000000  1.000000  
66.749287 -0.000481  -0.034752  -0.019262  0.458417  0.657280  0.598195  -0.850203  0.520378  0.079762  -0.258862  -0.545151  0.797371  0.000266  0.031958  0.016171  0.000000  0.000000  0.000000  1.000000  
66.750582 -0.000481  -0.034713  -0.019233  0.458767  0.657138  0.598082  -0.850014  0.520659  0.079945  -0.258862  -0.545054  0.797437  -0.000134  0.031599  0.017056  0.000000  0.000000  0.000000  1.000000  
66.751755 -0.000483  -0.034676  -0.019200  0.459292  0.656889  0.597953  -0.849730  0.521074  0.080251  -0.258862  -0.544958  0.797503  -0.000553  0.031352  0.018378  0.000000  0.000000  0.000000  1.000000  
66.753002 -0.000486  -0.034639  -0.019170  0.459642  0.656819  0.597761  -0.849541  0.521364  0.080371  -0.258862  -0.544764  0.797636  -0.000782  0.031098  0.019336  0.000000  0.000000  0.000000  1.000000  
66.754002 -0.000490  -0.034611  -0.019148  0.459833  0.656747  0.597694  -0.849477  0.521435  0.080587  -0.258733  -0.544784  0.797664  -0.000903  0.031061  0.019930  0.000000  0.000000  0.000000  1.000000  
66.755003 -0.000496  -0.034584  -0.019130  0.460183  0.656604  0.597581  -0.849287  0.521715  0.080770  -0.258733  -0.544687  0.797730  -0.001111  0.030945  0.019909  0.000000  0.000000  0.000000  1.000000  
66.756005 -0.000501  -0.034557  -0.019113  0.460549  0.656497  0.597417  -0.849128  0.521931  0.081047  -0.258604  -0.544610  0.797825  -0.001089  0.031013  0.019647  0.000000  0.000000  0.000000  1.000000  
66.757252 -0.000505  -0.034521  -0.019094  0.460915  0.656461  0.597173  -0.848969  0.522157  0.081260  -0.258474  -0.544436  0.797986  -0.000889  0.031128  0.018987  0.000000  0.000000  0.000000  1.000000  
66.758502 -0.000504  -0.034479  -0.019075  0.461264  0.656319  0.597060  -0.848779  0.522438  0.081442  -0.258474  -0.544339  0.798052  -0.000537  0.031401  0.018420  -0.001175  0.093752  -0.168847  1.000000  
66.759504 -0.000502  -0.034444  -0.019060  0.461456  0.656391  0.596833  -0.848715  0.522528  0.081532  -0.258345  -0.544165  0.798212  -0.000279  0.031715  0.018240  -0.007504  0.101153  -0.171813  1.000000  
66.760505 -0.000498  -0.034407  -0.019042  0.461647  0.656390  0.596686  -0.848650  0.522610  0.081686  -0.258216  -0.544087  0.798307  -0.000089  0.031953  0.018471  -0.005745  0.108538  -0.174758  1.000000  
66.761511 -0.000494  -0.034372  -0.019019  0.461838  0.656390  0.596538  -0.848585  0.522691  0.081839  -0.258087  -0.544010  0.798401  -0.000207  0.031907  0.019277  -0.012175  0.116931  -0.179206  1.000000  
66.762759 -0.000491  -0.034327  -0.018986  0.462204  0.656354  0.596294  -0.848425  0.522917  0.082052  -0.257957  -0.543836  0.798562  -0.000368  0.031910  0.020298  -0.016676  0.131231  -0.184284  1.000000  
66.764010 -0.000488  -0.034281  -0.018948  0.462412  0.656533  0.595936  -0.848391  0.522954  0.082172  -0.257699  -0.543584  0.798817  -0.000497  0.032005  0.021298  -0.031295  0.146762  -0.183119  1.000000  
66.765010 -0.000488  -0.034243  -0.018916  0.462619  0.656567  0.595737  -0.848356  0.522972  0.082419  -0.257440  -0.543526  0.798940  -0.000494  0.032358  0.021927  -0.035378  0.157855  -0.175480  1.000000  
66.766259 -0.000489  -0.034198  -0.018878  0.462827  0.656746  0.595379  -0.848321  0.523009  0.082539  -0.257182  -0.543274  0.799194  -0.000444  0.032914  0.022302  -0.049918  0.172762  -0.173440  1.000000  
66.767504 -0.000491  -0.034154  -0.018845  0.462876  0.657067  0.594986  -0.848412  0.522848  0.082630  -0.256794  -0.543041  0.799477  -0.000366  0.033412  0.022414  -0.066267  0.187637  -0.163362  1.000000  
66.768752 -0.000493  -0.034108  -0.018816  0.463084  0.657245  0.594627  -0.848377  0.522886  0.082750  -0.256535  -0.542788  0.799732  -0.000225  0.034062  0.022495  -0.078518  0.198767  -0.155808  1.000000  
66.770002 -0.000497  -0.034062  -0.018790  0.463308  0.657386  0.594297  -0.848372  0.522850  0.083027  -0.256147  -0.542652  0.799948  -0.000082  0.034825  0.022722  -0.086007  0.208177  -0.147024  1.000000  
66.771002 -0.000498  -0.034022  -0.018767  0.463324  0.657565  0.594086  -0.848402  0.522806  0.082994  -0.256018  -0.542477  0.800108  0.000165  0.035671  0.023109  -0.090044  0.215508  -0.142030  1.000000  
66.772008 -0.000498  -0.033982  -0.018741  0.463532  0.657671  0.593807  -0.848366  0.522834  0.083178  -0.255759  -0.542321  0.800297  0.000417  0.036506  0.023930  -0.100745  0.220924  -0.132635  1.000000  
66.773252 -0.000497  -0.033931  -0.018703  0.463581  0.657920  0.593493  -0.848456  0.522664  0.083333  -0.255371  -0.542185  0.800513  0.000481  0.037099  0.025065  -0.104024  0.230190  -0.124087  1.000000  
66.774254 -0.000495  -0.033889  -0.018670  0.463788  0.658026  0.593214  -0.848421  0.522692  0.083516  -0.255112  -0.542029  0.800701  0.000466  0.037601  0.026451  -0.108116  0.241305  -0.116639  1.000000  
66.775502 -0.000492  -0.033836  -0.018628  0.463821  0.658239  0.592951  -0.848481  0.522585  0.083578  -0.254854  -0.541873  0.800889  0.000386  0.038119  0.027577  -0.115709  0.241180  -0.100690  1.000000  
66.776752 -0.000489  -0.033782  -0.018588  0.464045  0.658380  0.592620  -0.848475  0.522550  0.083855  -0.254465  -0.541736  0.801105  0.000290  0.038770  0.028335  -0.121564  0.248511  -0.087734  1.000000  
66.777762 -0.000486  -0.033738  -0.018556  0.464252  0.658485  0.592340  -0.848439  0.522579  0.084038  -0.254207  -0.541580  0.801293  0.000229  0.039278  0.028595  -0.128418  0.254168  -0.077901  1.000000  
66.779009 -0.000484  -0.033684  -0.018518  0.464459  0.658663  0.591980  -0.848403  0.522618  0.084158  -0.253948  -0.541326  0.801546  0.000297  0.039761  0.028673  -0.135523  0.259529  -0.072339  1.000000  
66.780010 -0.000483  -0.033641  -0.018490  0.464508  0.658911  0.591666  -0.848493  0.522448  0.084314  -0.253559  -0.541189  0.801762  0.000325  0.040188  0.028439  -0.141463  0.263330  -0.061931  1.000000  
66.781259 -0.000483  -0.033587  -0.018454  0.464732  0.659123  0.591254  -0.848486  0.522424  0.084528  -0.253171  -0.540954  0.802043  0.000429  0.040739  0.028287  -0.154240  0.268905  -0.043813  1.000000  
66.782505 -0.000483  -0.033532  -0.018418  0.465130  0.659299  0.590745  -0.848384  0.522546  0.084800  -0.252783  -0.540621  0.802390  0.000573  0.041494  0.028478  -0.166503  0.280053  -0.036328  1.000000  
66.783506 -0.000484  -0.033488  -0.018386  0.465512  0.659368  0.590367  -0.848251  0.522721  0.085041  -0.252524  -0.540367  0.802643  0.000634  0.042040  0.029145  -0.174688  0.283762  -0.033879  1.000000  
66.784752 -0.000485  -0.033432  -0.018341  0.465910  0.659543  0.589856  -0.848148  0.522844  0.085313  -0.252136  -0.540034  0.802989  0.000808  0.042706  0.030389  -0.185426  0.292513  -0.026189  1.000000  
66.785752 -0.000486  -0.033386  -0.018303  0.466133  0.659755  0.589444  -0.848141  0.522821  0.085526  -0.251747  -0.539798  0.803269  0.000759  0.043025  0.031353  -0.196971  0.298691  -0.015909  1.000000  
66.786752 -0.000486  -0.033339  -0.018260  0.466515  0.659823  0.589065  -0.848008  0.522997  0.085767  -0.251488  -0.539543  0.803521  0.000858  0.043607  0.032580  -0.201064  0.302386  -0.013485  1.000000  
66.788004 -0.000484  -0.033280  -0.018206  0.466913  0.660069  0.588474  -0.847904  0.523132  0.085975  -0.251100  -0.539112  0.803932  0.000844  0.044111  0.033668  -0.217400  0.313550  -0.006044  1.000000  
66.789252 -0.000482  -0.033219  -0.018154  0.467485  0.660136  0.587944  -0.847704  0.523392  0.086367  -0.250711  -0.538778  0.804277  0.000881  0.044694  0.034375  -0.224293  0.325795  -0.012101  1.000000  
66.790502 -0.000480  -0.033156  -0.018109  0.468247  0.660129  0.587345  -0.847436  0.523725  0.086974  -0.250193  -0.538462  0.804650  0.000792  0.045301  0.034577  -0.227222  0.348051  -0.021248  1.000000  
66.791503 -0.000479  -0.033106  -0.018076  0.468629  0.660268  0.586884  -0.847302  0.523913  0.087150  -0.249934  -0.538109  0.804967  0.000695  0.045792  0.034695  -0.237695  0.355525  -0.024374  1.000000  
66.792757 -0.000480  -0.033046  -0.018035  0.469201  0.660334  0.586353  -0.847100  0.524174  0.087541  -0.249545  -0.537774  0.805311  0.000440  0.046187  0.034788  -0.244057  0.366570  -0.025028  1.000000  
66.794023 -0.000483  -0.032987  -0.017992  0.469963  0.660397  0.585671  -0.846830  0.524520  0.088082  -0.249027  -0.537360  0.805748  0.000028  0.046460  0.035144  -0.248940  0.384342  -0.039558  1.000000  
66.795027 -0.000488  -0.032941  -0.017955  0.470344  0.660535  0.585210  -0.846694  0.524709  0.088257  -0.248768  -0.537005  0.806064  -0.000345  0.046653  0.035663  -0.255341  0.391728  -0.042742  1.000000  
66.796278 -0.000496  -0.032884  -0.017908  0.471105  0.660597  0.584527  -0.846423  0.525055  0.088798  -0.248249  -0.536590  0.806501  -0.000858  0.046845  0.036480  -0.258362  0.406645  -0.057105  1.000000  
66.797506 -0.000505  -0.032827  -0.017856  0.471851  0.660623  0.583895  -0.846122  0.525465  0.089243  -0.247860  -0.536156  0.806909  -0.001422  0.047131  0.037575  -0.265604  0.421817  -0.071497  1.000000  
66.798513 -0.000513  -0.032780  -0.017813  0.472438  0.660792  0.583229  -0.845946  0.525677  0.089662  -0.247342  -0.535740  0.807344  -0.001922  0.047238  0.038240  -0.268598  0.440384  -0.083380  1.000000  
66.799757 -0.000522  -0.032720  -0.017759  0.473199  0.660923  0.582463  -0.845672  0.526036  0.090137  -0.246823  -0.535225  0.807844  -0.002485  0.047473  0.038825  -0.279875  0.455358  -0.097822  1.000000  
66.801003 -0.000531  -0.032658  -0.017705  0.473960  0.661054  0.581696  -0.845397  0.526397  0.090610  -0.246305  -0.534710  0.808344  -0.003044  0.047789  0.039078  -0.285327  0.477766  -0.115370  1.000000  
66.802252 -0.000539  -0.032593  -0.017653  0.474736  0.661218  0.580875  -0.845150  0.526695  0.091178  -0.245656  -0.534212  0.808870  -0.003631  0.048325  0.039181  -0.294156  0.496000  -0.123813  1.000000  
66.803532 -0.000548  -0.032527  -0.017602  0.475513  0.661452  0.579973  -0.844902  0.527006  0.091680  -0.245008  -0.533615  0.809460  -0.004423  0.048469  0.038784  -0.311702  0.518240  -0.136746  1.000000  
66.804752 -0.000556  -0.032461  -0.017553  0.476305  0.661720  0.579017  -0.844681  0.527256  0.092276  -0.244229  -0.533036  0.810077  -0.005021  0.048832  0.038845  -0.322996  0.543995  -0.148279  1.000000  
66.805754 -0.000567  -0.032410  -0.017514  0.477064  0.661777  0.578326  -0.844402  0.527609  0.092810  -0.243710  -0.532616  0.810509  -0.005937  0.048915  0.039205  -0.332989  0.567248  -0.161557  1.000000  
66.807002 -0.000581  -0.032346  -0.017462  0.477666  0.662187  0.577359  -0.844249  0.527798  0.093127  -0.243061  -0.531919  0.811162  -0.006772  0.049112  0.039882  -0.352527  0.585813  -0.173706  1.000000  
66.808008 -0.000594  -0.032295  -0.017417  0.478251  0.662421  0.576606  -0.844067  0.528027  0.093477  -0.242542  -0.531399  0.811658  -0.007729  0.049224  0.040789  -0.362661  0.599625  -0.176307  1.000000  
66.809252 -0.000613  -0.032234  -0.017359  0.479058  0.662791  0.575510  -0.843870  0.528231  0.094101  -0.241633  -0.530736  0.812363  -0.008572  0.049446  0.041609  -0.381985  0.625205  -0.183408  1.000000  
66.810255 -0.000628  -0.032187  -0.017311  0.479675  0.663093  0.574647  -0.843742  0.528339  0.094639  -0.240854  -0.530250  0.812911  -0.009287  0.049560  0.042424  -0.389274  0.651012  -0.190558  1.000000  
66.811273 -0.000643  -0.032139  -0.017264  0.480291  0.663395  0.573783  -0.843614  0.528448  0.095176  -0.240075  -0.529764  0.813458  -0.009846  0.049684  0.042927  -0.403167  0.667210  -0.193092  1.000000  
66.812506 -0.000662  -0.032078  -0.017209  0.481113  0.663797  0.572629  -0.843441  0.528595  0.095892  -0.239036  -0.529114  0.814187  -0.010563  0.049968  0.043174  -0.414871  0.697164  -0.198089  1.000000  
66.813512 -0.000677  -0.032027  -0.017169  0.481729  0.664166  0.571682  -0.843310  0.528718  0.096365  -0.238256  -0.528526  0.814797  -0.010948  0.050243  0.042960  -0.429727  0.715713  -0.194235  1.000000  
66.814513 -0.000690  -0.031976  -0.017130  0.482344  0.664466  0.570814  -0.843178  0.528830  0.096901  -0.237476  -0.528037  0.815341  -0.011397  0.050442  0.042689  -0.440548  0.734338  -0.190377  1.000000  
66.815753 -0.000705  -0.031911  -0.017079  0.483181  0.664900  0.569601  -0.843028  0.528921  0.097709  -0.236307  -0.527401  0.816093  -0.011812  0.050629  0.042411  -0.454055  0.764389  -0.187423  1.000000  
66.816755 -0.000718  -0.031859  -0.017039  0.483795  0.665267  0.568649  -0.842893  0.529048  0.098180  -0.235526  -0.526810  0.816700  -0.012194  0.050657  0.042305  -0.467287  0.782885  -0.191735  1.000000  
66.818002 -0.000732  -0.031793  -0.016985  0.484630  0.665767  0.567352  -0.842740  0.529153  0.098924  -0.234356  -0.526071  0.817512  -0.012572  0.050703  0.042479  -0.480818  0.809862  -0.184873  1.000000  
66.819002 -0.000745  -0.031740  -0.016940  0.485434  0.666058  0.566322  -0.842530  0.529359  0.099605  -0.233445  -0.525495  0.818143  -0.012929  0.050684  0.042842  -0.495788  0.835274  -0.182792  1.000000  
66.820004 -0.000760  -0.031689  -0.016893  0.486267  0.666487  0.565101  -0.842373  0.529457  0.100411  -0.232274  -0.524853  0.818889  -0.013479  0.050540  0.043421  -0.510882  0.861406  -0.174325  1.000000  
66.821255 -0.000779  -0.031627  -0.016832  0.487131  0.667053  0.563687  -0.842268  0.529448  0.101342  -0.230842  -0.524142  0.819748  -0.013808  0.050441  0.044180  -0.530184  0.895147  -0.161062  1.000000  
66.822502 -0.000799  -0.031565  -0.016769  0.488137  0.667507  0.562278  -0.842006  0.529713  0.102134  -0.229671  -0.523296  0.820617  -0.014131  0.050364  0.044715  -0.551936  0.925201  -0.158463  1.000000  
66.823756 -0.000819  -0.031504  -0.016707  0.489158  0.667994  0.560811  -0.841768  0.529919  0.103019  -0.228368  -0.522465  0.821510  -0.014244  0.050329  0.044981  -0.571507  0.951820  -0.150395  1.000000  
66.825002 -0.000838  -0.031443  -0.016647  0.490177  0.668479  0.559341  -0.841527  0.530129  0.103903  -0.227065  -0.521631  0.822400  -0.014244  0.050399  0.045080  -0.586780  0.984927  -0.147407  1.000000  
66.826002 -0.000852  -0.031394  -0.016601  0.490992  0.668933  0.558081  -0.841332  0.530311  0.104545  -0.226023  -0.520863  0.823174  -0.014206  0.050531  0.044971  -0.605510  1.006638  -0.141648  1.000000  
66.827258 -0.000869  -0.031331  -0.016545  0.492184  0.669306  0.556584  -0.840986  0.530664  0.105542  -0.224719  -0.520025  0.824060  -0.014029  0.050607  0.045009  -0.623079  1.036263  -0.139332  1.000000  
66.828277 -0.000882  -0.031281  -0.016500  0.492997  0.669689  0.555401  -0.840787  0.530838  0.106246  -0.223676  -0.519353  0.824768  -0.013919  0.050493  0.045262  -0.636594  1.059328  -0.131647  1.000000  
66.829512 -0.000897  -0.031219  -0.016443  0.494187  0.670125  0.553816  -0.840435  0.531209  0.107175  -0.222372  -0.518411  0.825713  -0.013796  0.050469  0.045747  -0.654573  1.089583  -0.129594  1.000000  
66.830760 -0.000912  -0.031158  -0.016382  0.495202  0.670667  0.552250  -0.840181  0.531446  0.107988  -0.221067  -0.517466  0.826655  -0.013784  0.050170  0.046588  -0.673945  1.115792  -0.121899  1.000000  
66.832012 -0.000928  -0.031097  -0.016317  0.496578  0.671024  0.550580  -0.839746  0.531902  0.109121  -0.219632  -0.516534  0.827620  -0.013854  0.049812  0.047521  -0.690170  1.149245  -0.125600  1.000000  
66.833254 -0.000945  -0.031039  -0.016251  0.497764  0.671452  0.548984  -0.839384  0.532283  0.110044  -0.218326  -0.515584  0.828557  -0.013970  0.049319  0.048214  -0.704863  1.176846  -0.126367  1.000000  
66.834502 -0.000963  -0.030982  -0.016186  0.498964  0.671913  0.547328  -0.839043  0.532609  0.111060  -0.216890  -0.514647  0.829516  -0.014020  0.048830  0.048691  -0.718165  1.201927  -0.126944  1.000000  
66.835503 -0.000978  -0.030938  -0.016136  0.499946  0.672243  0.546026  -0.838728  0.532949  0.111804  -0.215844  -0.513863  0.830275  -0.014058  0.048418  0.048843  -0.733516  1.220738  -0.124097  1.000000  
66.836752 -0.000999  -0.030883  -0.016075  0.501129  0.672664  0.544420  -0.838357  0.533340  0.112720  -0.214538  -0.512906  0.831205  -0.014122  0.047933  0.048778  -0.741730  1.250470  -0.130634  1.000000  
66.838002 -0.001020  -0.030830  -0.016015  0.502499  0.673073  0.542649  -0.837904  0.533827  0.113777  -0.213100  -0.511860  0.832218  -0.014190  0.047373  0.048616  -0.754479  1.280955  -0.136923  1.000000  
66.839252 -0.001040  -0.030777  -0.015955  0.503695  0.673590  0.540896  -0.837551  0.534180  0.114720  -0.211662  -0.510812  0.833229  -0.014247  0.046875  0.048489  -0.772346  1.306405  -0.138373  1.000000  
66.840254 -0.001057  -0.030734  -0.015907  0.504845  0.673866  0.539477  -0.837121  0.534684  0.115503  -0.210616  -0.509919  0.834041  -0.014392  0.046470  0.048606  -0.780653  1.321121  -0.154010  1.000000  
66.841504 -0.001078  -0.030682  -0.015842  0.506226  0.674302  0.537635  -0.836681  0.535124  0.116648  -0.209046  -0.508880  0.835070  -0.014616  0.045734  0.049250  -0.793432  1.347056  -0.163325  1.000000  
66.842504 -0.001095  -0.030639  -0.015788  0.507217  0.674655  0.536257  -0.836374  0.535423  0.117477  -0.207868  -0.508098  0.835839  -0.014829  0.045303  0.049770  -0.803251  1.365294  -0.168904  1.000000  
66.843511 -0.001111  -0.030597  -0.015733  0.508365  0.674860  0.534910  -0.835937  0.535920  0.118318  -0.206821  -0.507300  0.836583  -0.015072  0.044707  0.050493  -0.807535  1.383399  -0.182646  1.000000  
66.844769 -0.001132  -0.030544  -0.015662  0.509555  0.675428  0.533058  -0.835567  0.536304  0.119185  -0.205381  -0.506137  0.837642  -0.015497  0.044046  0.051317  -0.824506  1.405477  -0.195375  1.000000  
66.846007 -0.001152  -0.030493  -0.015592  0.510916  0.675752  0.531341  -0.835089  0.536803  0.120289  -0.203940  -0.505175  0.838574  -0.015909  0.043429  0.051862  -0.833505  1.427865  -0.207306  1.000000  
66.847010 -0.001172  -0.030453  -0.015536  0.511903  0.676097  0.529952  -0.834771  0.537112  0.121110  -0.202761  -0.504385  0.839335  -0.016265  0.042960  0.052045  -0.845092  1.438791  -0.209745  1.000000  
66.848014 -0.001191  -0.030414  -0.015483  0.512904  0.676602  0.528336  -0.834474  0.537396  0.121896  -0.201451  -0.503404  0.840239  -0.016698  0.042367  0.052035  -0.855218  1.457004  -0.215929  1.000000  
66.849039 -0.001212  -0.030376  -0.015433  0.513718  0.677117  0.526884  -0.834258  0.537585  0.122540  -0.200271  -0.502508  0.841057  -0.017113  0.041748  0.051760  -0.867636  1.463154  -0.212687  1.000000  
66.850258 -0.001238  -0.030329  -0.015371  0.515102  0.677629  0.524870  -0.833812  0.538013  0.123696  -0.198567  -0.501359  0.842146  -0.017615  0.041225  0.051874  -0.882022  1.479147  -0.230063  1.000000  
66.851502 -0.001266  -0.030284  -0.015309  0.516298  0.678214  0.522936  -0.833445  0.538362  0.124645  -0.196993  -0.500192  0.843209  -0.018119  0.040673  0.051893  -0.894343  1.494365  -0.231121  1.000000  
66.852502 -0.001289  -0.030249  -0.015259  0.517308  0.678681  0.521330  -0.833158  0.538587  0.125585  -0.195550  -0.499316  0.844064  -0.018553  0.040156  0.052091  -0.901229  1.507816  -0.230593  1.000000  
66.853502 -0.001312  -0.030214  -0.015206  0.518304  0.679236  0.519615  -0.832847  0.538903  0.126296  -0.194237  -0.498219  0.845014  -0.018975  0.039781  0.052500  -0.918415  1.520541  -0.234838  1.000000  
66.854503 -0.001336  -0.030179  -0.015152  0.519298  0.679725  0.517980  -0.832532  0.539206  0.127071  -0.192925  -0.497223  0.845902  -0.019437  0.039119  0.052804  -0.929068  1.529852  -0.236763  1.000000  
66.855752 -0.001364  -0.030135  -0.015083  0.520674  0.680221  0.515944  -0.832066  0.539654  0.128214  -0.191218  -0.496057  0.846973  -0.019977  0.038494  0.053250  -0.935755  1.547978  -0.243760  1.000000  
66.857002 -0.001393  -0.030091  -0.015013  0.521891  0.680859  0.513869  -0.831724  0.539912  0.129344  -0.189379  -0.494901  0.848062  -0.020422  0.037936  0.053510  -0.948089  1.566561  -0.242699  1.000000  
66.858252 -0.001420  -0.030046  -0.014945  0.523277  0.681444  0.511679  -0.831270  0.540330  0.130512  -0.187539  -0.493637  0.849206  -0.020961  0.037473  0.053597  -0.965279  1.586437  -0.241986  1.000000  
66.859254 -0.001442  -0.030011  -0.014891  0.524450  0.681783  0.510023  -0.830856  0.540717  0.131545  -0.186093  -0.492745  0.850042  -0.021266  0.036964  0.053320  -0.968681  1.600340  -0.242751  1.000000  
66.860266 -0.001465  -0.029976  -0.014838  0.525438  0.682196  0.508453  -0.830525  0.541022  0.132375  -0.184778  -0.491837  0.850854  -0.021740  0.036400  0.052978  -0.973697  1.612891  -0.246982  1.000000  
66.861504 -0.001493  -0.029932  -0.014772  0.526806  0.682735  0.506309  -0.830037  0.541510  0.133438  -0.183069  -0.490551  0.851965  -0.022089  0.036058  0.052785  -0.988864  1.621957  -0.249750  1.000000  
66.862508 -0.001517  -0.029897  -0.014719  0.527804  0.683238  0.504587  -0.829721  0.541782  0.134294  -0.181622  -0.489548  0.852852  -0.022410  0.035739  0.052671  -0.995692  1.635316  -0.246195  1.000000  
66.863517 -0.001542  -0.029864  -0.014667  0.528958  0.683593  0.502896  -0.829272  0.542254  0.135156  -0.180306  -0.488530  0.853715  -0.022734  0.035291  0.052688  -1.003400  1.645809  -0.249536  1.000000  
66.864520 -0.001568  -0.029832  -0.014614  0.529954  0.684091  0.501167  -0.828950  0.542534  0.136009  -0.178858  -0.487521  0.854595  -0.023064  0.034937  0.052964  -1.016852  1.653095  -0.247038  1.000000  
66.865533 -0.001594  -0.029800  -0.014558  0.531132  0.684509  0.499345  -0.828536  0.542903  0.137059  -0.177278  -0.486522  0.855493  -0.023294  0.034592  0.053359  -1.024581  1.671097  -0.245836  1.000000  
66.866534 -0.001621  -0.029768  -0.014501  0.532308  0.684925  0.497519  -0.828117  0.543275  0.138107  -0.175697  -0.485520  0.856388  -0.023612  0.034285  0.053837  -1.032828  1.689916  -0.244803  1.000000  
66.867754 -0.001653  -0.029728  -0.014428  0.533691  0.685452  0.495308  -0.827644  0.543663  0.139411  -0.173721  -0.484341  0.857458  -0.023925  0.034129  0.054488  -1.039816  1.706947  -0.238800  1.000000  
66.869002 -0.001686  -0.029688  -0.014355  0.535072  0.685974  0.493091  -0.827165  0.544057  0.140712  -0.171745  -0.483158  0.858523  -0.024153  0.033859  0.055034  -1.044510  1.725857  -0.238468  1.000000  
66.870252 -0.001718  -0.029647  -0.014283  0.536632  0.686474  0.490692  -0.826589  0.544560  0.142141  -0.169635  -0.481879  0.859661  -0.024353  0.033655  0.055186  -1.051124  1.748984  -0.232875  1.000000  
66.871501 -0.001748  -0.029606  -0.014212  0.538190  0.686911  0.488370  -0.826007  0.545053  0.143632  -0.167525  -0.480698  0.860735  -0.024479  0.033471  0.055270  -1.055953  1.767720  -0.232708  1.000000  
66.872502 -0.001773  -0.029573  -0.014158  0.539356  0.687250  0.486603  -0.825565  0.545431  0.144731  -0.165942  -0.479784  0.861551  -0.024642  0.033320  0.055177  -1.060234  1.782542  -0.234095  1.000000  
66.873751 -0.001805  -0.029532  -0.014089  0.540727  0.687697  0.484446  -0.825064  0.545828  0.146084  -0.163962  -0.478690  0.862538  -0.024920  0.033089  0.055173  -1.062253  1.801984  -0.225842  1.000000  
66.874752 -0.001830  -0.029500  -0.014032  0.541889  0.688030  0.482670  -0.824615  0.546214  0.147177  -0.162378  -0.477771  0.863347  -0.025090  0.032916  0.055472  -1.062860  1.817380  -0.227491  1.000000  
66.876003 -0.001865  -0.029461  -0.013960  0.543267  0.688506  0.480438  -0.824121  0.546568  0.148621  -0.160266  -0.476680  0.864344  -0.025498  0.032589  0.055974  -1.068420  1.835757  -0.219107  1.000000  
66.877272 -0.001900  -0.029422  -0.013885  0.544631  0.689000  0.478181  -0.823604  0.546998  0.149898  -0.158284  -0.475471  0.865375  -0.025914  0.032264  0.056553  -1.074855  1.853829  -0.221955  1.000000  
66.878277 -0.001929  -0.029392  -0.013821  0.545799  0.689359  0.476327  -0.823159  0.547343  0.151079  -0.156567  -0.474552  0.866191  -0.026174  0.032004  0.057303  -1.071032  1.872420  -0.221517  1.000000  
66.879595 -0.001966  -0.029354  -0.013741  0.547157  0.689845  0.474059  -0.822631  0.547784  0.152350  -0.154584  -0.473335  0.867212  -0.026384  0.031619  0.057838  -1.069317  1.878887  -0.225711  1.000000  
66.880760 -0.002003  -0.029316  -0.013660  0.548694  0.690307  0.471605  -0.822003  0.548338  0.153744  -0.152469  -0.472019  0.868304  -0.026856  0.031735  0.058972  -1.077289  1.902969  -0.226795  1.000000  
66.881761 -0.002033  -0.029284  -0.013594  0.549844  0.690678  0.469718  -0.821527  0.548767  0.154753  -0.150882  -0.470976  0.869147  -0.027107  0.031683  0.059513  -1.081803  1.913956  -0.230965  1.000000  
66.883011 -0.002069  -0.029244  -0.013514  0.551206  0.691130  0.467452  -0.821000  0.549153  0.156175  -0.148765  -0.469863  0.870114  -0.027248  0.031684  0.059942  -1.074572  1.928682  -0.233603  1.000000  
66.884255 -0.002105  -0.029203  -0.013433  0.552735  0.691577  0.464979  -0.820353  0.549724  0.157557  -0.146648  -0.468534  0.871189  -0.027560  0.031741  0.060523  -1.074717  1.947394  -0.242552  1.000000  
66.885502 -0.002140  -0.029162  -0.013352  0.554091  0.692020  0.462700  -0.819814  0.550121  0.158972  -0.144530  -0.467413  0.872145  -0.027832  0.031815  0.061185  -1.073008  1.959180  -0.239272  1.000000  
66.886752 -0.002175  -0.029119  -0.013269  0.555591  0.692332  0.460430  -0.819123  0.550789  0.160217  -0.142676  -0.466164  0.873118  -0.028128  0.031899  0.062131  -1.072866  1.965586  -0.254597  1.000000  
66.888008 -0.002212  -0.029078  -0.013186  0.556931  0.692731  0.458205  -0.818556  0.551248  0.161528  -0.140689  -0.465026  0.874047  -0.028416  0.031899  0.063033  -1.066782  1.968888  -0.255792  1.000000  
66.889256 -0.002248  -0.029036  -0.013100  0.558279  0.693106  0.455992  -0.818000  0.551641  0.162998  -0.138569  -0.463999  0.874930  -0.028720  0.031974  0.064193  -1.060997  1.980640  -0.252469  1.000000  
66.890273 -0.002280  -0.029005  -0.013029  0.559413  0.693341  0.454240  -0.817492  0.552062  0.164118  -0.136979  -0.463147  0.875632  -0.029062  0.031896  0.065030  -1.057507  1.991592  -0.256618  1.000000  
66.891321 -0.002311  -0.028974  -0.012958  0.560557  0.693609  0.452419  -0.816996  0.552434  0.165332  -0.135256  -0.462302  0.876346  -0.029223  0.031767  0.065541  -1.049111  1.995212  -0.254442  1.000000  
66.892502 -0.002352  -0.028936  -0.012868  0.561896  0.693920  0.450275  -0.816424  0.552821  0.166859  -0.133135  -0.461372  0.877161  -0.029676  0.031956  0.066750  -1.038833  2.009346  -0.256906  1.000000  
66.893503 -0.002383  -0.028905  -0.012797  0.563035  0.694074  0.448612  -0.815918  0.553160  0.168201  -0.131411  -0.460734  0.877756  -0.029832  0.031975  0.067234  -1.024783  2.021509  -0.252994  1.000000  
66.894529 -0.002415  -0.028873  -0.012728  0.564172  0.694334  0.446778  -0.815409  0.553543  0.169406  -0.129686  -0.459881  0.878460  -0.030051  0.032212  0.067825  -1.014919  2.028414  -0.254082  1.000000  
66.895760 -0.002454  -0.028833  -0.012642  0.565503  0.694691  0.444534  -0.814821  0.553962  0.170856  -0.127563  -0.458836  0.879316  -0.030084  0.032188  0.067865  -1.008010  2.036348  -0.258697  1.000000  
66.897011 -0.002493  -0.028792  -0.012554  0.566999  0.694930  0.442249  -0.814111  0.554530  0.172393  -0.125439  -0.457787  0.880168  -0.030262  0.032363  0.068517  -1.001044  2.042628  -0.265746  1.000000  
66.898260 -0.002531  -0.028751  -0.012466  0.568501  0.695146  0.439975  -0.813408  0.555032  0.174090  -0.123182  -0.456849  0.880974  -0.030318  0.032341  0.068869  -0.988384  2.051341  -0.267589  1.000000  
66.899263 -0.002561  -0.028716  -0.012393  0.569451  0.695474  0.438225  -0.812983  0.555338  0.175095  -0.121589  -0.455978  0.881647  -0.030406  0.032422  0.069361  -0.988136  2.044371  -0.258118  1.000000  
66.900522 -0.002598  -0.028673  -0.012300  0.570928  0.695614  0.436075  -0.812242  0.555948  0.176590  -0.119597  -0.455019  0.882414  -0.030514  0.032512  0.070076  -0.973151  2.038954  -0.271640  1.000000  
66.901760 -0.002636  -0.028631  -0.012205  0.572245  0.695901  0.433888  -0.811626  0.556370  0.178088  -0.117471  -0.454064  0.883191  -0.030729  0.032569  0.071010  -0.964973  2.040660  -0.266800  1.000000  
66.903009 -0.002675  -0.028589  -0.012109  0.573557  0.696236  0.431610  -0.811004  0.556819  0.179514  -0.115345  -0.452999  0.884018  -0.030859  0.032600  0.071861  -0.963185  2.044000  -0.267787  1.000000  
66.904014 -0.002705  -0.028555  -0.012033  0.574683  0.696456  0.429754  -0.810470  0.557162  0.180857  -0.113484  -0.452238  0.884648  -0.030970  0.032637  0.072317  -0.956974  2.051471  -0.266011  1.000000  
66.905259 -0.002745  -0.028513  -0.011939  0.575990  0.696733  0.427551  -0.809837  0.557598  0.182343  -0.111357  -0.451274  0.885410  -0.031014  0.032828  0.072766  -0.947386  2.055554  -0.267112  1.000000  
66.906261 -0.002776  -0.028480  -0.011864  0.577110  0.696896  0.425771  -0.809293  0.557926  0.183748  -0.109495  -0.450616  0.885977  -0.031070  0.033089  0.073262  -0.941257  2.063235  -0.265135  1.000000  
66.907265 -0.002807  -0.028447  -0.011790  0.578219  0.697022  0.424055  -0.808733  0.558306  0.185054  -0.107766  -0.449949  0.886528  -0.030802  0.033146  0.073009  -0.929919  2.065309  -0.270946  1.000000  
66.908506 -0.002845  -0.028405  -0.011698  0.579699  0.697195  0.421744  -0.807989  0.558777  0.186877  -0.105371  -0.449097  0.887248  -0.030775  0.033389  0.073443  -0.915364  2.075679  -0.275825  1.000000  
66.909514 -0.002876  -0.028372  -0.011625  0.580803  0.697266  0.420104  -0.807419  0.559141  0.188244  -0.103641  -0.448533  0.887737  -0.030758  0.033430  0.073633  -0.903640  2.085062  -0.276741  1.000000  
66.910518 -0.002907  -0.028340  -0.011550  0.581913  0.697371  0.418391  -0.806857  0.559458  0.189704  -0.101778  -0.447974  0.888235  -0.030646  0.033420  0.074003  -0.880126  2.081767  -0.273065  1.000000  
66.911760 -0.002944  -0.028298  -0.011455  0.583367  0.697415  0.416287  -0.806073  0.560015  0.191391  -0.099648  -0.447208  0.888862  -0.030548  0.033494  0.074476  -0.861478  2.087051  -0.277330  1.000000  
66.912761 -0.002974  -0.028265  -0.011378  0.584629  0.697316  0.414679  -0.805370  0.560507  0.192902  -0.097917  -0.446746  0.889286  -0.030509  0.033488  0.074957  -0.842524  2.092377  -0.288314  1.000000  
66.913762 -0.003003  -0.028233  -0.011300  0.585889  0.697266  0.412983  -0.804663  0.561025  0.194341  -0.096186  -0.446175  0.889762  -0.030458  0.033403  0.075305  -0.823128  2.098799  -0.294640  1.000000  
66.915011 -0.003039  -0.028192  -0.011202  0.587333  0.697204  0.411031  -0.803862  0.561544  0.196151  -0.094055  -0.445618  0.890269  -0.030402  0.033235  0.075682  -0.796460  2.097689  -0.305507  1.000000  
66.916012 -0.003069  -0.028159  -0.011124  0.588594  0.697136  0.409340  -0.803155  0.561995  0.197747  -0.092190  -0.445156  0.890695  -0.030350  0.033163  0.075853  -0.777468  2.108802  -0.309638  1.000000  
66.917263 -0.003105  -0.028118  -0.011027  0.590039  0.697155  0.407221  -0.802351  0.562496  0.199576  -0.089925  -0.444492  0.891258  -0.030242  0.033029  0.075911  -0.759565  2.120278  -0.306115  1.000000  
66.918509 -0.003142  -0.028079  -0.010930  0.591644  0.697056  0.405055  -0.801419  0.563144  0.201483  -0.087659  -0.443825  0.891816  -0.030112  0.032862  0.076040  -0.744530  2.130624  -0.318922  1.000000  
