1-Time 2-Px 3-Py 4-Pz 5-R11 6-R21 7-R31 8-R12 9-R22 10-R32 11-R13 12-R23 13-R33 14-Vx 15-Vy 16-Vz 17-Wx 18-Wy 19-Wz 20-state
129.266615 0.013557  -0.020591  -0.018447  0.498638  0.674264  0.544728  -0.801614  0.597810  -0.006179  -0.329810  -0.433580  0.838590  0.000789  0.000528  -0.002978  0.000000  0.000000  0.000000  1.000000  
129.267771 0.013559  -0.020589  -0.018450  0.498615  0.674233  0.544787  -0.801577  0.597859  -0.006275  -0.329936  -0.433560  0.838551  0.002093  0.001877  -0.003465  0.000000  0.000000  0.000000  1.000000  
129.269019 0.013558  -0.020582  -0.018436  0.498591  0.674203  0.544846  -0.801539  0.597908  -0.006370  -0.330063  -0.433540  0.838512  0.000262  0.004116  0.004683  0.000000  0.000000  0.000000  1.000000  
129.270269 0.013556  -0.020572  -0.018417  0.498568  0.674238  0.544824  -0.801502  0.597957  -0.006538  -0.330189  -0.433418  0.838525  -0.000256  0.005289  0.008513  0.000000  0.000000  0.000000  1.000000  
129.271522 0.013554  -0.020565  -0.018408  0.498521  0.674177  0.544942  -0.801427  0.598055  -0.006728  -0.330441  -0.433377  0.838447  -0.000629  0.005397  0.008244  0.000000  0.000000  0.000000  1.000000  
129.272522 0.013553  -0.020557  -0.018404  0.498498  0.674212  0.544920  -0.801389  0.598103  -0.006896  -0.330568  -0.433255  0.838460  -0.000773  0.005785  0.007470  0.000000  0.000000  0.000000  1.000000  
129.273769 0.013549  -0.020545  -0.018401  0.498475  0.674248  0.544897  -0.801352  0.598152  -0.007064  -0.330694  -0.433133  0.838473  -0.001204  0.006537  0.006482  0.000000  0.000000  0.000000  1.000000  
129.274771 0.013543  -0.020534  -0.018401  0.498286  0.674340  0.544955  -0.801417  0.598062  -0.007271  -0.330820  -0.433113  0.838434  -0.001735  0.007104  0.005709  0.000000  0.000000  0.000000  1.000000  
129.276026 0.013536  -0.020521  -0.018400  0.498239  0.674279  0.545073  -0.801342  0.598161  -0.007462  -0.331073  -0.433072  0.838355  -0.002249  0.007509  0.005077  0.000000  0.000000  0.000000  1.000000  
129.277273 0.013529  -0.020511  -0.018395  0.498216  0.674249  0.545133  -0.801304  0.598210  -0.007557  -0.331199  -0.433052  0.838316  -0.002709  0.007592  0.004962  0.000000  0.000000  0.000000  1.000000  
129.278275 0.013523  -0.020502  -0.018388  0.498216  0.674249  0.545133  -0.801304  0.598210  -0.007557  -0.331199  -0.433052  0.838316  -0.002986  0.007740  0.005149  0.000000  0.000000  0.000000  1.000000  
129.279521 0.013516  -0.020488  -0.018379  0.498004  0.674244  0.545331  -0.801331  0.598170  -0.007787  -0.331452  -0.433113  0.838184  -0.003233  0.008035  0.005322  0.000000  0.000000  0.000000  1.000000  
129.280771 0.013508  -0.020474  -0.018369  0.497816  0.674271  0.545471  -0.801396  0.598082  -0.007922  -0.331578  -0.433194  0.838092  -0.003506  0.008349  0.005591  0.000000  0.000000  0.000000  1.000000  
129.282020 0.013499  -0.020460  -0.018352  0.497792  0.674174  0.545612  -0.801358  0.598132  -0.007945  -0.331704  -0.433275  0.838000  -0.003948  0.008703  0.006471  0.000000  0.000000  0.000000  1.000000  
129.283269 0.013490  -0.020444  -0.018329  0.497746  0.674047  0.545812  -0.801283  0.598231  -0.008063  -0.331956  -0.433336  0.837869  -0.004667  0.009594  0.007778  0.000000  0.000000  0.000000  1.000000  
129.284519 0.013483  -0.020425  -0.018309  0.497699  0.673919  0.546012  -0.801207  0.598331  -0.008181  -0.332209  -0.433397  0.837738  -0.005013  0.010249  0.007822  0.000000  0.000000  0.000000  1.000000  
129.285769 0.013477  -0.020404  -0.018298  0.497675  0.673889  0.546071  -0.801170  0.598380  -0.008276  -0.332335  -0.433377  0.837698  -0.005304  0.011129  0.007637  0.000000  0.000000  0.000000  1.000000  
129.286770 0.013471  -0.020385  -0.018294  0.497652  0.673858  0.546130  -0.801132  0.598429  -0.008371  -0.332461  -0.433356  0.837659  -0.005615  0.011962  0.007555  0.000000  0.000000  0.000000  1.000000  
129.288026 0.013460  -0.020362  -0.018288  0.497628  0.673827  0.546189  -0.801094  0.598479  -0.008466  -0.332587  -0.433336  0.837619  -0.006093  0.012748  0.007768  0.000000  0.000000  0.000000  1.000000  
129.289269 0.013449  -0.020339  -0.018275  0.497746  0.673709  0.546228  -0.800916  0.598715  -0.008617  -0.332840  -0.433193  0.837593  -0.006464  0.013373  0.008415  0.000000  0.000000  0.000000  1.000000  
129.290270 0.013442  -0.020321  -0.018259  0.497723  0.673679  0.546287  -0.800878  0.598764  -0.008712  -0.332966  -0.433173  0.837553  -0.006627  0.013907  0.009558  0.000000  0.000000  0.000000  1.000000  
129.291521 0.013433  -0.020299  -0.018232  0.497864  0.673591  0.546266  -0.800738  0.598951  -0.008767  -0.333092  -0.433051  0.837566  -0.006674  0.014482  0.011096  0.000000  0.000000  0.000000  1.000000  
129.292521 0.013425  -0.020282  -0.018205  0.498005  0.673437  0.546327  -0.800597  0.599139  -0.008750  -0.333218  -0.433030  0.837526  -0.006816  0.015072  0.012522  0.000000  0.000000  0.000000  1.000000  
129.293524 0.013416  -0.020263  -0.018179  0.498170  0.673380  0.546247  -0.800495  0.599276  -0.008710  -0.333218  -0.432929  0.837579  -0.007090  0.015812  0.013890  0.000000  0.000000  0.000000  1.000000  
129.294777 0.013405  -0.020239  -0.018154  0.498311  0.673226  0.546308  -0.800354  0.599464  -0.008693  -0.333344  -0.432908  0.837539  -0.007366  0.016498  0.015036  0.000000  0.000000  0.000000  1.000000  
129.296028 0.013395  -0.020214  -0.018134  0.498476  0.673103  0.546310  -0.800252  0.599603  -0.008581  -0.333344  -0.432908  0.837539  -0.007463  0.017209  0.015490  0.000000  0.000000  0.000000  1.000000  
129.297270 0.013385  -0.020190  -0.018118  0.498617  0.673015  0.546289  -0.800111  0.599789  -0.008636  -0.333471  -0.432786  0.837552  -0.007490  0.017878  0.015322  0.000000  0.000000  0.000000  1.000000  
129.298270 0.013378  -0.020170  -0.018105  0.498758  0.672861  0.546350  -0.799971  0.599977  -0.008619  -0.333597  -0.432766  0.837512  -0.007539  0.018357  0.014868  0.000000  0.000000  0.000000  1.000000  
129.299520 0.013367  -0.020143  -0.018092  0.499064  0.672583  0.546413  -0.799728  0.600303  -0.008489  -0.333723  -0.432745  0.837473  -0.007771  0.018830  0.014462  0.000000  0.000000  0.000000  1.000000  
129.300768 0.013355  -0.020118  -0.018082  0.499205  0.672495  0.546393  -0.799587  0.600490  -0.008544  -0.333849  -0.432623  0.837486  -0.008097  0.019079  0.014414  0.000000  0.000000  0.000000  1.000000  
129.301769 0.013344  -0.020098  -0.018072  0.499346  0.672341  0.546454  -0.799446  0.600677  -0.008527  -0.333975  -0.432603  0.837446  -0.008437  0.019166  0.014781  0.000000  0.000000  0.000000  1.000000  
129.303019 0.013329  -0.020074  -0.018056  0.499675  0.672160  0.546376  -0.799241  0.600953  -0.008374  -0.333975  -0.432501  0.837498  -0.008762  0.019230  0.015493  0.000000  0.000000  0.000000  1.000000  
129.304026 0.013315  -0.020056  -0.018038  0.500004  0.671978  0.546298  -0.799035  0.601229  -0.008222  -0.333975  -0.432399  0.837551  -0.009081  0.019167  0.016086  0.000000  0.000000  0.000000  1.000000  
129.305269 0.013299  -0.020032  -0.018010  0.500309  0.671766  0.546279  -0.798791  0.601553  -0.008165  -0.334101  -0.432277  0.837564  -0.009511  0.019260  0.016587  0.000000  0.000000  0.000000  1.000000  
129.306532 0.013284  -0.020008  -0.017983  0.500638  0.671585  0.546201  -0.798585  0.601829  -0.008014  -0.334101  -0.432176  0.837616  -0.009982  0.019442  0.016428  0.000000  0.000000  0.000000  1.000000  
129.307769 0.013268  -0.019984  -0.017961  0.500943  0.671439  0.546101  -0.798341  0.602152  -0.008030  -0.334227  -0.431952  0.837681  -0.010343  0.019577  0.015816  0.000000  0.000000  0.000000  1.000000  
129.308772 0.013257  -0.019964  -0.017948  0.501108  0.671447  0.545939  -0.798238  0.602289  -0.008063  -0.334227  -0.431749  0.837786  -0.010468  0.019678  0.014938  0.000000  0.000000  0.000000  1.000000  
129.309776 0.013245  -0.019942  -0.017939  0.501436  0.671332  0.545780  -0.798031  0.602563  -0.007985  -0.334227  -0.431546  0.837891  -0.010647  0.019814  0.014356  0.000000  0.000000  0.000000  1.000000  
129.311024 0.013233  -0.019912  -0.017927  0.501929  0.671158  0.545541  -0.797721  0.602975  -0.007867  -0.334227  -0.431241  0.838048  -0.010818  0.020156  0.013809  0.003318  -0.000192  -0.203970  1.000000  
129.312034 0.013222  -0.019888  -0.017915  0.502093  0.671166  0.545379  -0.797618  0.603111  -0.007901  -0.334227  -0.431037  0.838152  -0.011029  0.020456  0.013707  -0.006553  0.010769  -0.207220  1.000000  
129.313275 0.013210  -0.019860  -0.017892  0.502422  0.671116  0.545138  -0.797411  0.603385  -0.007896  -0.334227  -0.430732  0.838309  -0.011224  0.020662  0.014199  -0.018238  0.020720  -0.216823  1.000000  
129.314327 0.013199  -0.019839  -0.017871  0.502750  0.671066  0.544897  -0.797204  0.603658  -0.007891  -0.334227  -0.430427  0.838466  -0.011379  0.020568  0.014935  -0.029853  0.034598  -0.223904  1.000000  
129.315548 0.013183  -0.019813  -0.017846  0.503242  0.670891  0.544658  -0.796894  0.604070  -0.007775  -0.334227  -0.430122  0.838622  -0.011654  0.020577  0.015959  -0.035175  0.047537  -0.239449  1.000000  
129.316769 0.013167  -0.019787  -0.017821  0.503570  0.670907  0.544336  -0.796686  0.604342  -0.007843  -0.334227  -0.429715  0.838831  -0.011864  0.020729  0.016847  -0.046501  0.057019  -0.247176  1.000000  
129.317769 0.013152  -0.019766  -0.017803  0.503734  0.670914  0.544175  -0.796583  0.604478  -0.007878  -0.334227  -0.429512  0.838935  -0.012013  0.020882  0.017148  -0.052733  0.064462  -0.253045  1.000000  
129.318771 0.013138  -0.019746  -0.017787  0.504062  0.670863  0.543934  -0.796375  0.604752  -0.007874  -0.334227  -0.429206  0.839091  -0.011996  0.021079  0.017011  -0.058064  0.070774  -0.254613  1.000000  
129.319773 0.013126  -0.019725  -0.017773  0.504226  0.670871  0.543773  -0.796271  0.604888  -0.007909  -0.334227  -0.429003  0.839195  -0.011950  0.021178  0.016479  -0.063889  0.077719  -0.258506  1.000000  
129.321021 0.013113  -0.019699  -0.017758  0.504554  0.670819  0.543532  -0.796064  0.605161  -0.007905  -0.334227  -0.428697  0.839351  -0.011813  0.021266  0.015516  -0.070184  0.089222  -0.262173  1.000000  
129.322025 0.013103  -0.019677  -0.017750  0.504882  0.670768  0.543291  -0.795856  0.605434  -0.007902  -0.334227  -0.428392  0.839507  -0.011642  0.021455  0.014918  -0.080075  0.096137  -0.265890  1.000000  
129.323269 0.013089  -0.019648  -0.017739  0.505209  0.670716  0.543050  -0.795648  0.605708  -0.007898  -0.334227  -0.428086  0.839663  -0.011539  0.021676  0.014311  -0.086993  0.101240  -0.275318  1.000000  
129.324520 0.013077  -0.019619  -0.017725  0.505537  0.670730  0.542728  -0.795440  0.605980  -0.007969  -0.334227  -0.427679  0.839871  -0.011463  0.021941  0.014412  -0.099091  0.105107  -0.273265  1.000000  
129.325769 0.013065  -0.019589  -0.017702  0.505840  0.670713  0.542466  -0.795194  0.606301  -0.008134  -0.334353  -0.427251  0.840038  -0.011328  0.021896  0.015184  -0.112961  0.104027  -0.281094  1.000000  
129.326785 0.013057  -0.019566  -0.017679  0.506168  0.670727  0.542144  -0.794986  0.606573  -0.008205  -0.334353  -0.426843  0.840245  -0.011212  0.021842  0.016010  -0.123729  0.111714  -0.287043  1.000000  
129.328029 0.013047  -0.019536  -0.017648  0.506659  0.670615  0.541824  -0.794673  0.606983  -0.008165  -0.334353  -0.426436  0.840452  -0.011056  0.021930  0.016575  -0.135421  0.121614  -0.296693  1.000000  
129.329271 0.013035  -0.019507  -0.017616  0.507149  0.670568  0.541422  -0.794360  0.607392  -0.008199  -0.334353  -0.425926  0.840711  -0.010956  0.022223  0.017069  -0.153509  0.128527  -0.300559  1.000000  
129.330520 0.013023  -0.019475  -0.017590  0.507640  0.670587  0.540939  -0.794046  0.607800  -0.008307  -0.334353  -0.425314  0.841021  -0.010691  0.022597  0.017090  -0.169247  0.138337  -0.310173  1.000000  
129.331773 0.013010  -0.019443  -0.017569  0.508130  0.670539  0.540538  -0.793733  0.608210  -0.008341  -0.334353  -0.424804  0.841279  -0.010334  0.022940  0.016788  -0.187293  0.145207  -0.313963  1.000000  
129.333019 0.012998  -0.019412  -0.017551  0.508596  0.670526  0.540116  -0.793381  0.608665  -0.008545  -0.334479  -0.424171  0.841548  -0.009966  0.023309  0.016515  -0.201353  0.145779  -0.324975  1.000000  
129.334268 0.012987  -0.019379  -0.017532  0.509062  0.670512  0.539694  -0.793029  0.609121  -0.008750  -0.334606  -0.423539  0.841816  -0.009671  0.023727  0.016485  -0.223388  0.146861  -0.327761  1.000000  
129.335519 0.012977  -0.019347  -0.017509  0.509527  0.670498  0.539272  -0.792677  0.609576  -0.008955  -0.334732  -0.422906  0.842084  -0.009363  0.024196  0.016993  -0.237129  0.147389  -0.338635  1.000000  
129.336769 0.012967  -0.019313  -0.017483  0.510156  0.670292  0.538934  -0.792219  0.610170  -0.008976  -0.334858  -0.422375  0.842300  -0.009215  0.024626  0.017883  -0.246695  0.150381  -0.355195  1.000000  
129.338019 0.012955  -0.019280  -0.017456  0.510621  0.670277  0.538513  -0.791866  0.610625  -0.009182  -0.334984  -0.421742  0.842567  -0.009100  0.024936  0.019041  -0.260654  0.153164  -0.361090  1.000000  
129.339269 0.012943  -0.019248  -0.017426  0.511224  0.670104  0.538155  -0.791370  0.611265  -0.009373  -0.335236  -0.421088  0.842794  -0.009029  0.025156  0.020237  -0.270036  0.149618  -0.373746  1.000000  
129.340272 0.012935  -0.019222  -0.017402  0.511688  0.669957  0.537897  -0.791017  0.611722  -0.009432  -0.335362  -0.420659  0.842958  -0.009021  0.025266  0.020751  -0.275763  0.148404  -0.381528  1.000000  
129.341522 0.012924  -0.019189  -0.017374  0.512291  0.669848  0.537458  -0.790520  0.612360  -0.009698  -0.335614  -0.419903  0.843234  -0.008984  0.025521  0.020794  -0.287330  0.146068  -0.397230  1.000000  
129.342779 0.012914  -0.019155  -0.017348  0.512892  0.669674  0.537102  -0.790022  0.612998  -0.009891  -0.335866  -0.419250  0.843459  -0.009027  0.025840  0.020362  -0.295410  0.141901  -0.410358  1.000000  
129.344029 0.012901  -0.019122  -0.017326  0.513518  0.669594  0.536603  -0.789562  0.613588  -0.010064  -0.335992  -0.418513  0.843775  -0.009065  0.026099  0.019636  -0.307617  0.143772  -0.424884  1.000000  
129.345273 0.012888  -0.019087  -0.017305  0.514119  0.669483  0.536166  -0.789064  0.614225  -0.010333  -0.336244  -0.417757  0.844049  -0.009164  0.026291  0.019276  -0.316178  0.139979  -0.436437  1.000000  
129.346521 0.012874  -0.019052  -0.017284  0.514882  0.669309  0.535651  -0.788459  0.614997  -0.010567  -0.336496  -0.416898  0.844374  -0.009247  0.026523  0.019349  -0.330302  0.138587  -0.455686  1.000000  
129.347546 0.012862  -0.019024  -0.017262  0.515344  0.669288  0.535232  -0.788103  0.615449  -0.010778  -0.336622  -0.416263  0.844636  -0.009365  0.026673  0.019813  -0.341634  0.140071  -0.468998  1.000000  
129.348769 0.012848  -0.018987  -0.017229  0.516106  0.669113  0.534718  -0.787496  0.616221  -0.011015  -0.336874  -0.415404  0.844959  -0.009614  0.027007  0.020672  -0.352373  0.139445  -0.486968  1.000000  
129.350020 0.012831  -0.018950  -0.017191  0.516705  0.669063  0.534202  -0.786996  0.616854  -0.011362  -0.337126  -0.414544  0.845281  -0.010007  0.027344  0.021803  -0.371034  0.138082  -0.506855  1.000000  
129.351271 0.012815  -0.018912  -0.017152  0.517303  0.669012  0.533686  -0.786495  0.617486  -0.011710  -0.337378  -0.413684  0.845601  -0.010418  0.027624  0.022812  -0.383483  0.134387  -0.518256  1.000000  
129.352519 0.012798  -0.018873  -0.017115  0.518062  0.668897  0.533093  -0.785886  0.618254  -0.012025  -0.337630  -0.412721  0.845971  -0.010783  0.027998  0.023400  -0.400768  0.134679  -0.539682  1.000000  
129.353519 0.012784  -0.018842  -0.017090  0.518523  0.668937  0.532595  -0.785529  0.618703  -0.012315  -0.337756  -0.411983  0.846281  -0.011100  0.028336  0.023655  -0.414529  0.133213  -0.547432  1.000000  
129.354769 0.012766  -0.018802  -0.017061  0.519095  0.668982  0.531981  -0.784988  0.619376  -0.012911  -0.338134  -0.410896  0.846658  -0.011504  0.028847  0.023549  -0.431761  0.129383  -0.570836  1.000000  
129.355775 0.012753  -0.018771  -0.017039  0.519716  0.668893  0.531486  -0.784523  0.619962  -0.013094  -0.338259  -0.410158  0.846966  -0.011932  0.029248  0.023453  -0.445276  0.132989  -0.581611  1.000000  
129.357019 0.012735  -0.018731  -0.017011  0.520312  0.668902  0.530892  -0.784019  0.620590  -0.013523  -0.338511  -0.409194  0.847332  -0.012394  0.029615  0.023422  -0.457082  0.129156  -0.592379  1.000000  
129.358271 0.012715  -0.018693  -0.016982  0.521068  0.668845  0.530220  -0.783408  0.621352  -0.013919  -0.338763  -0.408126  0.847746  -0.012958  0.029959  0.023761  -0.476641  0.126370  -0.608000  1.000000  
129.359312 0.012697  -0.018663  -0.016958  0.521663  0.668723  0.529790  -0.782903  0.621982  -0.014199  -0.339015  -0.407367  0.848010  -0.013494  0.030059  0.024319  -0.485636  0.121600  -0.622035  1.000000  
129.360527 0.012674  -0.018625  -0.016925  0.522418  0.668664  0.529119  -0.782290  0.622744  -0.014598  -0.339267  -0.406299  0.848422  -0.014133  0.030352  0.025222  -0.497721  0.118800  -0.638458  1.000000  
129.361775 0.012652  -0.018586  -0.016888  0.523173  0.668668  0.528369  -0.781676  0.623502  -0.015073  -0.339518  -0.405127  0.848881  -0.014686  0.030655  0.026127  -0.515141  0.122756  -0.658164  1.000000  
129.363021 0.012629  -0.018546  -0.016849  0.523766  0.668798  0.527616  -0.781170  0.624122  -0.015660  -0.339770  -0.403955  0.849339  -0.015143  0.030978  0.026740  -0.533116  0.116855  -0.668084  1.000000  
129.364022 0.012611  -0.018513  -0.016818  0.524519  0.668671  0.527029  -0.780555  0.624883  -0.015987  -0.340022  -0.402989  0.849697  -0.015567  0.031110  0.026903  -0.544641  0.117950  -0.681843  1.000000  
129.365272 0.012588  -0.018471  -0.016782  0.525271  0.668734  0.526199  -0.779939  0.625637  -0.016544  -0.340273  -0.401713  0.850201  -0.016105  0.031425  0.026649  -0.564301  0.118850  -0.695615  1.000000  
129.366520 0.012564  -0.018428  -0.016748  0.525997  0.668829  0.525353  -0.779284  0.626432  -0.017273  -0.340651  -0.400313  0.850709  -0.016564  0.031799  0.026342  -0.594431  0.112827  -0.705518  1.000000  
129.367770 0.012540  -0.018383  -0.016717  0.526908  0.668758  0.524528  -0.778559  0.627322  -0.017726  -0.340902  -0.399036  0.851208  -0.017042  0.032185  0.026143  -0.611754  0.116512  -0.725160  1.000000  
129.369020 0.012516  -0.018340  -0.016684  0.527818  0.668750  0.523624  -0.777832  0.628208  -0.018257  -0.341154  -0.397655  0.851754  -0.017414  0.032448  0.026283  -0.635397  0.121308  -0.736931  1.000000  
129.370269 0.012493  -0.018296  -0.016649  0.528727  0.668738  0.522720  -0.777103  0.629092  -0.018791  -0.341405  -0.396273  0.852297  -0.017880  0.032735  0.026806  -0.659489  0.123935  -0.750384  1.000000  
129.371269 0.012472  -0.018261  -0.016616  0.529475  0.668728  0.521976  -0.776483  0.629843  -0.019282  -0.341657  -0.395097  0.852742  -0.018222  0.032927  0.027407  -0.678778  0.126936  -0.762606  1.000000  
129.372519 0.012446  -0.018218  -0.016573  0.530383  0.668775  0.520993  -0.775753  0.630723  -0.019896  -0.341908  -0.393610  0.853329  -0.018748  0.033287  0.028498  -0.706667  0.131637  -0.774618  1.000000  
129.373769 0.012419  -0.018175  -0.016530  0.531289  0.668820  0.520012  -0.775022  0.631601  -0.020514  -0.342160  -0.392122  0.853913  -0.019139  0.033531  0.029359  -0.732204  0.131143  -0.781665  1.000000  
129.374771 0.012397  -0.018142  -0.016495  0.532034  0.668804  0.519270  -0.774399  0.632348  -0.021010  -0.342411  -0.390944  0.854352  -0.019383  0.033712  0.030022  -0.747630  0.131844  -0.795347  1.000000  
129.376037 0.012370  -0.018098  -0.016455  0.533072  0.668684  0.518359  -0.773518  0.633405  -0.021620  -0.342788  -0.389436  0.854889  -0.019649  0.034068  0.030308  -0.768856  0.133229  -0.815312  1.000000  
129.377271 0.012344  -0.018055  -0.016417  0.534134  0.668653  0.517304  -0.772674  0.634414  -0.022215  -0.343040  -0.387842  0.855513  -0.019918  0.034285  0.030394  -0.791228  0.140600  -0.834244  1.000000  
129.378276 0.012322  -0.018020  -0.016389  0.534876  0.668693  0.516485  -0.772048  0.635155  -0.022796  -0.343291  -0.386558  0.855993  -0.020185  0.034531  0.030070  -0.812280  0.142284  -0.839332  1.000000  
129.379522 0.012295  -0.017976  -0.016355  0.536068  0.668497  0.515502  -0.771053  0.636341  -0.023385  -0.343668  -0.384944  0.856569  -0.020456  0.034692  0.029911  -0.827044  0.148019  -0.864920  1.000000  
129.380819 0.012267  -0.017932  -0.016321  0.537100  0.668490  0.514436  -0.770167  0.637385  -0.024161  -0.344045  -0.383224  0.857189  -0.020691  0.034706  0.029745  -0.850975  0.150683  -0.883252  1.000000  
129.382019 0.012239  -0.017889  -0.016284  0.538315  0.668378  0.513310  -0.769205  0.638522  -0.024741  -0.344296  -0.381522  0.857847  -0.021098  0.034766  0.030197  -0.876364  0.155378  -0.902951  1.000000  
129.383020 0.012215  -0.017854  -0.016253  0.539185  0.668310  0.512485  -0.768427  0.639434  -0.025397  -0.344673  -0.380113  0.858321  -0.021383  0.034720  0.030577  -0.894830  0.156797  -0.924153  1.000000  
129.384025 0.012191  -0.017820  -0.016219  0.540081  0.668269  0.511595  -0.767685  0.640302  -0.025962  -0.344924  -0.378722  0.858835  -0.021750  0.034618  0.031059  -0.910103  0.161026  -0.935931  1.000000  
129.385269 0.012160  -0.017778  -0.016173  0.541107  0.668312  0.510453  -0.766792  0.641334  -0.026828  -0.345301  -0.376895  0.859487  -0.022192  0.034466  0.031684  -0.935509  0.163628  -0.955886  1.000000  
129.386270 0.012134  -0.017745  -0.016137  0.542000  0.668327  0.509485  -0.766048  0.642196  -0.027476  -0.345552  -0.375398  0.860041  -0.022569  0.034388  0.031953  -0.952842  0.165122  -0.967512  1.000000  
129.387291 0.012109  -0.017711  -0.016102  0.542893  0.668278  0.508598  -0.765302  0.643059  -0.028049  -0.345803  -0.374004  0.860547  -0.022842  0.034327  0.031947  -0.971409  0.170455  -0.986837  1.000000  
129.388522 0.012078  -0.017669  -0.016059  0.544072  0.668240  0.507386  -0.764294  0.644220  -0.028899  -0.346180  -0.372069  0.861234  -0.023152  0.034335  0.031904  -0.997219  0.172845  -1.007276  1.000000  
129.389769 0.012045  -0.017627  -0.016020  0.545276  0.668166  0.506190  -0.763322  0.645341  -0.029582  -0.346431  -0.370256  0.861914  -0.023494  0.034349  0.031689  -1.019850  0.180614  -1.022711  1.000000  
129.391019 0.012013  -0.017584  -0.015981  0.546451  0.668181  0.504901  -0.762309  0.646493  -0.030519  -0.346807  -0.368214  0.862637  -0.023858  0.034351  0.031674  -1.048817  0.182669  -1.042359  1.000000  
129.392025 0.011987  -0.017550  -0.015949  0.547338  0.668303  0.503777  -0.761558  0.647338  -0.031339  -0.347058  -0.366503  0.863265  -0.024147  0.034317  0.031740  -1.075193  0.185082  -1.057088  1.000000  
129.393031 0.011960  -0.017517  -0.015915  0.548381  0.668289  0.502661  -0.760694  0.648319  -0.032059  -0.347309  -0.364791  0.863889  -0.024535  0.034115  0.032134  -1.093607  0.194018  -1.080670  1.000000  
129.394271 0.011927  -0.017475  -0.015871  0.549551  0.668353  0.501297  -0.759676  0.649459  -0.033087  -0.347686  -0.362640  0.864643  -0.024922  0.033983  0.032675  -1.125515  0.193183  -1.094950  1.000000  
129.395272 0.011899  -0.017443  -0.015835  0.550407  0.668437  0.500244  -0.758884  0.650337  -0.034011  -0.348062  -0.360907  0.865216  -0.025283  0.033820  0.033245  -1.141192  0.189668  -1.107384  1.000000  
129.396272 0.011871  -0.017411  -0.015799  0.551445  0.668412  0.499133  -0.758015  0.651312  -0.034742  -0.348313  -0.359192  0.865829  -0.025677  0.033524  0.033930  -1.157765  0.198595  -1.126859  1.000000  
129.397518 0.011835  -0.017373  -0.015753  0.552766  0.668268  0.497863  -0.756879  0.652585  -0.035602  -0.348689  -0.357142  0.866525  -0.026135  0.033228  0.034433  -1.178929  0.200185  -1.146911  1.000000  
129.398527 0.011806  -0.017342  -0.015717  0.553646  0.668370  0.496747  -0.756120  0.653418  -0.036442  -0.348940  -0.355424  0.867130  -0.026507  0.032964  0.034638  -1.200263  0.200867  -1.152657  1.000000  
129.399770 0.011769  -0.017304  -0.015675  0.554991  0.668246  0.495412  -0.755018  0.654648  -0.037217  -0.349191  -0.353390  0.867860  -0.026891  0.032702  0.034483  -1.213471  0.206351  -1.171105  1.000000  
129.401019 0.011732  -0.017268  -0.015632  0.556150  0.668283  0.494060  -0.753990  0.655770  -0.038272  -0.349567  -0.351231  0.868585  -0.027309  0.032342  0.034200  -1.236887  0.205000  -1.185143  1.000000  
129.402269 0.011693  -0.017231  -0.015593  0.557335  0.668403  0.492560  -0.752997  0.656848  -0.039319  -0.349817  -0.348982  0.869390  -0.027745  0.032029  0.033920  -1.260351  0.207585  -1.197426  1.000000  
129.403520 0.011656  -0.017194  -0.015554  0.558674  0.668382  0.491069  -0.751888  0.658060  -0.040269  -0.350068  -0.346732  0.870189  -0.028140  0.031651  0.033708  -1.281299  0.212656  -1.215585  1.000000  
129.404520 0.011625  -0.017165  -0.015520  0.559701  0.668330  0.489970  -0.751007  0.659018  -0.041027  -0.350319  -0.345008  0.870773  -0.028465  0.031275  0.033907  -1.296637  0.215726  -1.227836  1.000000  
129.405770 0.011587  -0.017129  -0.015475  0.561189  0.668163  0.488493  -0.749778  0.660362  -0.041887  -0.350569  -0.342754  0.871562  -0.028849  0.030859  0.034305  -1.318345  0.224938  -1.245064  1.000000  
129.407019 0.011548  -0.017093  -0.015426  0.562521  0.668126  0.487009  -0.748662  0.661565  -0.042854  -0.350820  -0.340499  0.872345  -0.029266  0.030484  0.034914  -1.333592  0.230503  -1.258469  1.000000  
129.408026 0.011516  -0.017065  -0.015385  0.563543  0.668120  0.485834  -0.747776  0.662511  -0.043705  -0.351071  -0.338666  0.872958  -0.029645  0.030142  0.035390  -1.352140  0.229848  -1.268931  1.000000  
129.409284 0.011476  -0.017030  -0.015334  0.564871  0.668190  0.484193  -0.746655  0.663698  -0.044842  -0.351321  -0.336195  0.873811  -0.030057  0.029600  0.035832  -1.381318  0.233408  -1.273016  1.000000  
129.410520 0.011435  -0.016996  -0.015284  0.566043  0.668390  0.482545  -0.745649  0.664743  -0.046086  -0.351572  -0.333723  0.874658  -0.030501  0.029302  0.036157  -1.409940  0.237464  -1.280354  1.000000  
129.411526 0.011401  -0.016969  -0.015246  0.567088  0.668457  0.481223  -0.744795  0.665640  -0.046937  -0.351697  -0.331795  0.875341  -0.030868  0.028897  0.036221  -1.425039  0.241213  -1.282623  1.000000  
129.412772 0.011359  -0.016936  -0.015201  0.568410  0.668451  0.479670  -0.743668  0.666822  -0.048011  -0.351947  -0.329425  0.876135  -0.031289  0.028536  0.036166  -1.446840  0.244845  -1.287497  1.000000  
129.414022 0.011317  -0.016903  -0.015158  0.569730  0.668497  0.478037  -0.742539  0.667995  -0.049172  -0.352198  -0.326947  0.876962  -0.031650  0.028246  0.036164  -1.467953  0.247282  -1.295295  1.000000  
129.415022 0.011282  -0.016877  -0.015122  0.570771  0.668549  0.476721  -0.741680  0.668885  -0.050036  -0.352323  -0.325015  0.877630  -0.031985  0.027925  0.036273  -1.483705  0.254825  -1.302942  1.000000  
129.416026 0.011246  -0.016853  -0.015085  0.571781  0.668571  0.475477  -0.740782  0.669807  -0.050998  -0.352574  -0.323065  0.878249  -0.032366  0.027583  0.036573  -1.497093  0.254640  -1.309200  1.000000  
129.417269 0.011202  -0.016823  -0.015036  0.573124  0.668570  0.473860  -0.739684  0.670942  -0.052000  -0.352699  -0.320704  0.879063  -0.032832  0.027181  0.037245  -1.514954  0.261265  -1.316227  1.000000  
129.418518 0.011157  -0.016793  -0.014986  0.574435  0.668478  0.472399  -0.738546  0.672115  -0.053020  -0.352949  -0.318432  0.879789  -0.033267  0.026756  0.037824  -1.523342  0.264454  -1.320241  1.000000  
129.419520 0.011121  -0.016768  -0.014946  0.575622  0.668374  0.471100  -0.737562  0.673132  -0.053805  -0.353074  -0.316494  0.880437  -0.033626  0.026464  0.038267  -1.539680  0.267950  -1.329922  1.000000  
129.420769 0.011075  -0.016739  -0.014893  0.576929  0.668386  0.469481  -0.736420  0.674285  -0.054998  -0.353325  -0.314005  0.881228  -0.034164  0.025961  0.038770  -1.553204  0.271067  -1.334921  1.000000  
129.421770 0.011037  -0.016715  -0.014851  0.577961  0.668355  0.468256  -0.735551  0.675167  -0.055807  -0.353450  -0.312172  0.881829  -0.034605  0.025581  0.038975  -1.554826  0.274941  -1.339986  1.000000  
129.423019 0.010990  -0.016687  -0.014799  0.579293  0.668381  0.466569  -0.734441  0.676281  -0.056919  -0.353575  -0.309695  0.882652  -0.035046  0.025232  0.039033  -1.565478  0.278333  -1.340091  1.000000  
129.424026 0.010953  -0.016663  -0.014760  0.580473  0.668314  0.465196  -0.733449  0.677282  -0.057804  -0.353700  -0.307644  0.883318  -0.035520  0.024933  0.038943  -1.573276  0.285661  -1.347879  1.000000  
129.425269 0.010905  -0.016633  -0.014710  0.581772  0.668247  0.463668  -0.732298  0.678429  -0.058938  -0.353950  -0.305255  0.884047  -0.035903  0.024688  0.038939  -1.577124  0.291239  -1.353903  1.000000  
129.426271 0.010865  -0.016610  -0.014670  0.582827  0.668335  0.462213  -0.731459  0.679255  -0.059835  -0.353950  -0.303217  0.884748  -0.036311  0.024404  0.039048  -1.588991  0.296669  -1.351231  1.000000  
129.427272 0.010825  -0.016586  -0.014628  0.584001  0.668254  0.460846  -0.730461  0.680248  -0.060734  -0.354076  -0.301162  0.885399  -0.036803  0.024146  0.039438  -1.604114  0.302057  -1.353664  1.000000  
129.428277 0.010785  -0.016562  -0.014585  0.585173  0.668169  0.459481  -0.729461  0.681239  -0.061637  -0.354201  -0.299105  0.886046  -0.037219  0.023979  0.040022  -1.611451  0.307939  -1.364986  1.000000  
129.429523 0.010733  -0.016534  -0.014528  0.586494  0.668215  0.457725  -0.728339  0.682327  -0.062865  -0.354326  -0.296509  0.886868  -0.037749  0.023717  0.040880  -1.631359  0.308523  -1.363963  1.000000  
129.430768 0.010682  -0.016505  -0.014467  0.587963  0.668059  0.456067  -0.727093  0.683557  -0.063922  -0.354451  -0.294019  0.887647  -0.038219  0.023602  0.041800  -1.638588  0.317874  -1.373898  1.000000  
129.431769 0.010640  -0.016482  -0.014418  0.588831  0.668239  0.454681  -0.726329  0.684264  -0.065028  -0.354576  -0.291958  0.888277  -0.038652  0.023522  0.042476  -1.648757  0.316814  -1.366746  1.000000  
129.432775 0.010598  -0.016458  -0.014369  0.589877  0.668299  0.453235  -0.725480  0.685076  -0.065952  -0.354576  -0.289910  0.888948  -0.039082  0.023485  0.043215  -1.660553  0.318063  -1.365572  1.000000  
129.434019 0.010545  -0.016429  -0.014309  0.591190  0.668211  0.451650  -0.724349  0.686167  -0.067035  -0.354701  -0.287522  0.889673  -0.039645  0.023396  0.043864  -1.662334  0.320820  -1.365847  1.000000  
129.435019 0.010502  -0.016406  -0.014262  0.592203  0.668182  0.450364  -0.723460  0.687012  -0.067977  -0.354826  -0.285564  0.890254  -0.040000  0.023416  0.044144  -1.672654  0.320163  -1.364174  1.000000  
129.436020 0.010459  -0.016382  -0.014216  0.593215  0.668095  0.449161  -0.722569  0.687863  -0.068838  -0.354951  -0.283714  0.890795  -0.040500  0.023436  0.044474  -1.668220  0.321454  -1.363182  1.000000  
129.437270 0.010405  -0.016352  -0.014158  0.594553  0.668070  0.447425  -0.721468  0.688907  -0.069928  -0.354951  -0.281227  0.891583  -0.041014  0.023448  0.044877  -1.676238  0.326287  -1.361026  1.000000  
129.438521 0.010349  -0.016323  -0.014099  0.595858  0.668015  0.445768  -0.720329  0.689977  -0.071116  -0.355076  -0.278725  0.892319  -0.041587  0.023449  0.045482  -1.684016  0.326847  -1.360235  1.000000  
129.439768 0.010292  -0.016293  -0.014037  0.597013  0.668095  0.444099  -0.719310  0.690906  -0.072401  -0.355201  -0.276220  0.893048  -0.042105  0.023468  0.046217  -1.683746  0.327024  -1.354473  1.000000  
129.441018 0.010234  -0.016263  -0.013971  0.598315  0.667974  0.442528  -0.718166  0.691977  -0.073517  -0.355327  -0.273822  0.893736  -0.042755  0.023537  0.047292  -1.679503  0.327526  -1.353877  1.000000  
129.442018 0.010187  -0.016238  -0.013916  0.599318  0.667971  0.441172  -0.717267  0.692797  -0.074568  -0.355452  -0.271748  0.894319  -0.043218  0.023568  0.048241  -1.680953  0.326538  -1.360638  1.000000  
129.443032 0.010140  -0.016213  -0.013860  0.600351  0.667934  0.439821  -0.716402  0.693596  -0.075446  -0.355452  -0.269795  0.894911  -0.043662  0.023670  0.049156  -1.685180  0.328090  -1.350912  1.000000  
129.444271 0.010081  -0.016181  -0.013788  0.601500  0.667939  0.438241  -0.715376  0.694521  -0.076667  -0.355577  -0.267392  0.895582  -0.044243  0.023935  0.050124  -1.683618  0.326644  -1.344410  1.000000  
129.445271 0.010033  -0.016154  -0.013731  0.602530  0.667946  0.436813  -0.714509  0.695305  -0.077638  -0.355577  -0.265327  0.896196  -0.044641  0.024144  0.050708  -1.687630  0.327888  -1.343712  1.000000  
129.446273 0.009985  -0.016127  -0.013674  0.603559  0.667948  0.435386  -0.713640  0.696088  -0.078613  -0.355577  -0.263261  0.896805  -0.045138  0.024428  0.051234  -1.695600  0.329196  -1.342913  1.000000  
129.447534 0.009925  -0.016091  -0.013603  0.604850  0.667847  0.433747  -0.712484  0.697131  -0.079843  -0.355702  -0.260745  0.897490  -0.045570  0.024841  0.051916  -1.698629  0.329622  -1.341702  1.000000  
129.448805 0.009866  -0.016055  -0.013531  0.606169  0.667762  0.432033  -0.711362  0.698144  -0.080987  -0.355702  -0.258240  0.898214  -0.045940  0.025284  0.052561  -1.701273  0.334245  -1.338782  1.000000  
129.450018 0.009805  -0.016019  -0.013458  0.607486  0.667671  0.430322  -0.710238  0.699154  -0.082137  -0.355702  -0.255733  0.898931  -0.046500  0.025742  0.053629  -1.707165  0.334819  -1.335037  1.000000  
129.451019 0.009756  -0.015990  -0.013397  0.608509  0.667601  0.428983  -0.709361  0.699936  -0.083046  -0.355702  -0.253770  0.899487  -0.046862  0.026123  0.054578  -1.709835  0.334677  -1.333191  1.000000  
129.452021 0.009706  -0.015961  -0.013335  0.609530  0.667527  0.427646  -0.708484  0.700715  -0.083957  -0.355702  -0.251805  0.900039  -0.047346  0.026504  0.055842  -1.709594  0.336014  -1.332414  1.000000  
129.453269 0.009643  -0.015924  -0.013254  0.610842  0.667418  0.425940  -0.707353  0.701716  -0.085123  -0.355702  -0.249294  0.900738  -0.047834  0.027007  0.057270  -1.710020  0.338614  -1.335746  1.000000  
129.454518 0.009579  -0.015887  -0.013173  0.612152  0.667354  0.424156  -0.706220  0.702703  -0.086380  -0.355702  -0.246670  0.901460  -0.048257  0.027449  0.058418  -1.713747  0.341419  -1.330471  1.000000  
129.455521 0.009529  -0.015856  -0.013108  0.613169  0.667266  0.422824  -0.705337  0.703475  -0.087304  -0.355702  -0.244702  0.901996  -0.048591  0.027949  0.059392  -1.711686  0.340751  -1.323422  1.000000  
129.456767 0.009465  -0.015818  -0.013026  0.614329  0.667284  0.421108  -0.704326  0.704329  -0.088573  -0.355702  -0.242184  0.902676  -0.048967  0.028401  0.060327  -1.715769  0.340905  -1.318549  1.000000  
129.457769 0.009414  -0.015787  -0.012962  0.615344  0.667135  0.419860  -0.703440  0.705107  -0.089420  -0.355702  -0.240322  0.903173  -0.049192  0.028912  0.060828  -1.709614  0.340347  -1.311503  1.000000  
129.458771 0.009363  -0.015755  -0.012898  0.616502  0.666939  0.418471  -0.702426  0.705998  -0.090356  -0.355702  -0.238240  0.903724  -0.049466  0.029284  0.061230  -1.709591  0.337319  -1.312266  1.000000  
129.459779 0.009311  -0.015722  -0.012834  0.617545  0.666854  0.417066  -0.701572  0.706737  -0.091205  -0.355577  -0.236278  0.904289  -0.049736  0.029744  0.061720  -1.703975  0.341632  -1.308849  1.000000  
129.461023 0.009246  -0.015681  -0.012753  0.618699  0.666801  0.415438  -0.700554  0.707591  -0.092407  -0.355577  -0.233865  0.904916  -0.050111  0.030209  0.062438  -1.698306  0.340483  -1.302377  1.000000  
129.462276 0.009181  -0.015639  -0.012671  0.619996  0.666645  0.413750  -0.699407  0.708566  -0.093614  -0.355577  -0.231339  0.905565  -0.050509  0.030694  0.063223  -1.693992  0.341047  -1.301940  1.000000  
129.463523 0.009115  -0.015596  -0.012585  0.621466  0.666408  0.411923  -0.698165  0.709641  -0.094738  -0.355452  -0.228713  0.906280  -0.050900  0.031157  0.064083  -1.697544  0.349698  -1.313080  1.000000  
129.464768 0.009047  -0.015552  -0.012496  0.622759  0.666239  0.410241  -0.697012  0.710610  -0.095957  -0.355452  -0.226184  0.906915  -0.051380  0.031617  0.065115  -1.698760  0.351367  -1.314175  1.000000  
129.465771 0.008993  -0.015516  -0.012423  0.623794  0.666128  0.408844  -0.696149  0.711337  -0.096829  -0.355327  -0.224215  0.907453  -0.051749  0.032105  0.066049  -1.705669  0.356310  -1.311110  1.000000  
129.467018 0.008924  -0.015472  -0.012331  0.625258  0.665821  0.407105  -0.694899  0.712414  -0.097885  -0.355201  -0.221694  0.908121  -0.052188  0.032617  0.066921  -1.700443  0.359527  -1.318484  1.000000  
129.468020 0.008869  -0.015436  -0.012258  0.626291  0.665701  0.405712  -0.694032  0.713137  -0.098765  -0.355076  -0.219722  0.908649  -0.052518  0.033143  0.067513  -1.699155  0.364429  -1.315499  1.000000  
129.469267 0.008798  -0.015390  -0.012168  0.627607  0.665528  0.403958  -0.692906  0.714072  -0.099916  -0.354951  -0.217197  0.909305  -0.052984  0.033625  0.068105  -1.700483  0.370177  -1.315567  1.000000  
129.470267 0.008741  -0.015353  -0.012098  0.628748  0.665232  0.402670  -0.691871  0.714948  -0.100811  -0.354951  -0.215211  0.909777  -0.053345  0.034094  0.068453  -1.698064  0.373307  -1.321446  1.000000  
129.471269 0.008684  -0.015316  -0.012026  0.629918  0.664999  0.401222  -0.690870  0.715789  -0.101708  -0.354826  -0.213125  0.910317  -0.053722  0.034514  0.068822  -1.698494  0.375699  -1.326054  1.000000  
129.472270 0.008627  -0.015278  -0.011955  0.631087  0.664762  0.399776  -0.689867  0.716628  -0.102609  -0.354701  -0.211037  0.910852  -0.054164  0.035001  0.069261  -1.697508  0.384717  -1.336965  1.000000  
129.473519 0.008554  -0.015231  -0.011866  0.632538  0.664465  0.397971  -0.688601  0.717675  -0.103786  -0.354576  -0.208395  0.911508  -0.054815  0.035533  0.070004  -1.700520  0.391723  -1.343299  1.000000  
129.474772 0.008482  -0.015183  -0.011775  0.633987  0.664065  0.396331  -0.687332  0.718744  -0.104795  -0.354451  -0.205972  0.912107  -0.055331  0.036003  0.070643  -1.694120  0.393998  -1.349469  1.000000  
129.476033 0.008408  -0.015135  -0.011683  0.635291  0.663855  0.394591  -0.686191  0.719660  -0.105979  -0.354326  -0.203437  0.912725  -0.055906  0.036414  0.071382  -1.689709  0.395654  -1.354020  1.000000  
129.477272 0.008333  -0.015086  -0.011589  0.636735  0.663441  0.392956  -0.684916  0.720722  -0.107001  -0.354201  -0.201011  0.913311  -0.056535  0.036857  0.072111  -1.684573  0.402601  -1.360268  1.000000  
129.478276 0.008272  -0.015048  -0.011514  0.637754  0.663277  0.391579  -0.684033  0.721424  -0.107920  -0.354076  -0.199026  0.913794  -0.057102  0.037166  0.072578  -1.681518  0.404012  -1.360761  1.000000  
129.479523 0.008197  -0.014999  -0.011419  0.639366  0.662673  0.389969  -0.682656  0.722611  -0.108696  -0.353825  -0.196718  0.914390  -0.057648  0.037502  0.072995  -1.670906  0.412039  -1.370877  1.000000  
129.480769 0.008120  -0.014949  -0.011325  0.640835  0.662306  0.388178  -0.681407  0.723632  -0.109734  -0.353575  -0.194186  0.915028  -0.058168  0.037805  0.073220  -1.668769  0.418544  -1.376324  1.000000  
129.481784 0.008060  -0.014909  -0.011249  0.641989  0.661977  0.386830  -0.680385  0.724463  -0.110587  -0.353450  -0.192197  0.915496  -0.058489  0.038134  0.073252  -1.665658  0.421262  -1.381865  1.000000  
129.483021 0.007984  -0.014859  -0.011155  0.643453  0.661596  0.385044  -0.679131  0.725478  -0.111637  -0.353199  -0.189662  0.916121  -0.058986  0.038532  0.073568  -1.664011  0.427838  -1.387794  1.000000  
129.484023 0.007922  -0.014818  -0.011080  0.644775  0.661125  0.383638  -0.678006  0.726423  -0.112332  -0.352949  -0.187680  0.916626  -0.059368  0.038764  0.073779  -1.655146  0.436478  -1.399254  1.000000  
