1-Time 2-Px 3-Py 4-Pz 5-R11 6-R21 7-R31 8-R12 9-R22 10-R32 11-R13 12-R23 13-R33 14-Vx 15-Vy 16-Vz 17-Wx 18-Wy 19-Wz 20-state
124.375847 0.035322  -0.006444  -0.025710  0.446741  0.781230  0.436006  -0.893540  0.414018  0.173709  -0.044808  -0.467192  0.883020  -0.001856  -0.003879  0.002861  0.000000  0.000000  0.000000  1.000000  
124.377038 0.035316  -0.006451  -0.025701  0.446744  0.781258  0.435953  -0.893546  0.413962  0.173815  -0.044674  -0.467195  0.883025  -0.005254  -0.006751  0.008685  0.000000  0.000000  0.000000  1.000000  
124.378260 0.035297  -0.006465  -0.025670  0.446928  0.781173  0.435918  -0.893454  0.414123  0.173904  -0.044674  -0.467195  0.883025  -0.010804  -0.009204  0.017622  0.000000  0.000000  0.000000  1.000000  
124.379264 0.035279  -0.006476  -0.025640  0.446931  0.781201  0.435865  -0.893459  0.414067  0.174010  -0.044540  -0.467198  0.883030  -0.013132  -0.009882  0.021276  0.000000  0.000000  0.000000  1.000000  
124.380265 0.035262  -0.006485  -0.025615  0.447114  0.781169  0.435734  -0.893367  0.414249  0.174050  -0.044540  -0.467091  0.883087  -0.013927  -0.009581  0.022110  0.000000  0.000000  0.000000  1.000000  
124.381266 0.035246  -0.006491  -0.025597  0.447114  0.781169  0.435734  -0.893367  0.414249  0.174050  -0.044540  -0.467091  0.883087  -0.014308  -0.008818  0.021490  0.000000  0.000000  0.000000  1.000000  
124.382280 0.035226  -0.006496  -0.025579  0.447114  0.781169  0.435734  -0.893367  0.414249  0.174050  -0.044540  -0.467091  0.883087  -0.015223  -0.008259  0.020770  0.000000  0.000000  0.000000  1.000000  
124.383506 0.035193  -0.006503  -0.025559  0.447301  0.781111  0.435645  -0.893280  0.414354  0.174245  -0.044407  -0.467093  0.883092  -0.017151  -0.007806  0.020088  0.000000  0.000000  0.000000  1.000000  
124.384756 0.035159  -0.006507  -0.025538  0.447301  0.781111  0.435645  -0.893280  0.414354  0.174245  -0.044407  -0.467093  0.883092  -0.018554  -0.007178  0.019669  0.000000  0.000000  0.000000  1.000000  
124.386006 0.035130  -0.006509  -0.025517  0.447304  0.781139  0.435592  -0.893286  0.414298  0.174351  -0.044273  -0.467096  0.883097  -0.019179  -0.006437  0.019312  0.000000  0.000000  0.000000  1.000000  
124.387256 0.035100  -0.006510  -0.025492  0.447304  0.781086  0.435687  -0.893286  0.414277  0.174401  -0.044273  -0.467203  0.883041  -0.019710  -0.005811  0.019356  0.000000  0.000000  0.000000  1.000000  
124.388256 0.035074  -0.006512  -0.025469  0.447306  0.781062  0.435729  -0.893291  0.414199  0.174557  -0.044139  -0.467313  0.882989  -0.020228  -0.005561  0.019618  0.000000  0.000000  0.000000  1.000000  
124.389506 0.035037  -0.006518  -0.025435  0.447306  0.781009  0.435824  -0.893291  0.414178  0.174607  -0.044139  -0.467420  0.882933  -0.021077  -0.005476  0.020342  0.000000  0.000000  0.000000  1.000000  
124.390756 0.034996  -0.006529  -0.025394  0.447306  0.780956  0.435918  -0.893291  0.414157  0.174657  -0.044139  -0.467527  0.882876  -0.022111  -0.005730  0.021413  0.000000  0.000000  0.000000  1.000000  
124.391759 0.034959  -0.006540  -0.025358  0.447309  0.780931  0.435960  -0.893296  0.414080  0.174813  -0.044006  -0.467637  0.882824  -0.024006  -0.006063  0.023166  0.000000  0.000000  0.000000  1.000000  
124.393006 0.034912  -0.006554  -0.025314  0.447309  0.780878  0.436055  -0.893296  0.414059  0.174863  -0.044006  -0.467744  0.882768  -0.026013  -0.006177  0.024221  0.000000  0.000000  0.000000  1.000000  
124.394014 0.034875  -0.006563  -0.025284  0.447493  0.780793  0.436019  -0.893204  0.414220  0.174953  -0.044006  -0.467744  0.882768  -0.027197  -0.005953  0.024210  0.000000  0.000000  0.000000  1.000000  
124.395262 0.034830  -0.006571  -0.025254  0.447677  0.780655  0.436078  -0.893112  0.414359  0.175093  -0.044006  -0.467851  0.882711  -0.028842  -0.005708  0.024120  0.000000  0.000000  0.000000  1.000000  
124.396263 0.034791  -0.006575  -0.025233  0.447861  0.780569  0.436042  -0.893020  0.414520  0.175183  -0.044006  -0.467851  0.882711  -0.030340  -0.005647  0.024271  0.000000  0.000000  0.000000  1.000000  
124.397288 0.034751  -0.006579  -0.025210  0.448044  0.780484  0.436006  -0.892928  0.414680  0.175273  -0.044006  -0.467851  0.882711  -0.031718  -0.005576  0.024708  0.000000  0.000000  0.000000  1.000000  
124.398506 0.034702  -0.006584  -0.025176  0.448596  0.780228  0.435897  -0.892651  0.415162  0.175542  -0.044006  -0.467851  0.882711  -0.032760  -0.005389  0.025563  0.000000  0.000000  0.000000  1.000000  
124.399507 0.034666  -0.006584  -0.025141  0.448963  0.780057  0.435825  -0.892466  0.415484  0.175721  -0.044006  -0.467851  0.882711  -0.033430  -0.005215  0.026917  0.000000  0.000000  0.000000  1.000000  
124.400755 0.034626  -0.006581  -0.025088  0.449514  0.779800  0.435716  -0.892188  0.415965  0.175990  -0.044006  -0.467851  0.882711  -0.034154  -0.004937  0.029038  0.000000  0.000000  0.000000  1.000000  
124.402005 0.034585  -0.006578  -0.025030  0.450249  0.779510  0.435477  -0.891818  0.416629  0.176299  -0.044006  -0.467744  0.882768  -0.034732  -0.004538  0.031188  0.000000  0.000000  0.000000  1.000000  
124.403255 0.034540  -0.006578  -0.024971  0.450986  0.779195  0.435278  -0.891452  0.417215  0.176763  -0.043872  -0.467747  0.882773  -0.035604  -0.004368  0.033209  0.000000  0.000000  0.000000  1.000000  
124.404256 0.034500  -0.006581  -0.024928  0.451720  0.778851  0.435132  -0.891080  0.417856  0.177121  -0.043872  -0.467747  0.882773  -0.036397  -0.004249  0.034390  0.030191  0.121275  -0.158199  1.000000  
124.405505 0.034451  -0.006586  -0.024880  0.452640  0.778502  0.434802  -0.890620  0.418623  0.177623  -0.043738  -0.467643  0.882835  -0.036950  -0.003852  0.034855  0.026333  0.136445  -0.180190  1.000000  
124.406510 0.034411  -0.006588  -0.024848  0.453192  0.778324  0.434544  -0.890346  0.419070  0.177946  -0.043605  -0.467538  0.882897  -0.037177  -0.003445  0.034659  0.022940  0.145109  -0.197176  1.000000  
124.407755 0.034360  -0.006591  -0.024812  0.453742  0.778118  0.434340  -0.890066  0.419572  0.178164  -0.043605  -0.467431  0.882953  -0.037438  -0.002650  0.034041  0.019298  0.150225  -0.207556  1.000000  
124.408755 0.034318  -0.006593  -0.024785  0.454292  0.777911  0.434135  -0.889785  0.420074  0.178381  -0.043605  -0.467324  0.883010  -0.037793  -0.002089  0.033749  0.016162  0.159828  -0.225740  1.000000  
124.409756 0.034275  -0.006594  -0.024756  0.455027  0.777646  0.433840  -0.889416  0.420681  0.178793  -0.043471  -0.467220  0.883072  -0.038181  -0.001669  0.033886  0.017033  0.169429  -0.243956  1.000000  
124.410763 0.034234  -0.006593  -0.024726  0.455576  0.777439  0.433635  -0.889135  0.421183  0.179009  -0.043471  -0.467113  0.883129  -0.038505  -0.001331  0.034700  0.013891  0.178992  -0.262093  1.000000  
124.411766 0.034193  -0.006592  -0.024693  0.456128  0.777312  0.433282  -0.888858  0.421651  0.179280  -0.043337  -0.466901  0.883247  -0.038587  -0.000966  0.035499  0.006758  0.194534  -0.281126  1.000000  
124.413008 0.034139  -0.006590  -0.024649  0.456862  0.777046  0.432986  -0.888488  0.422257  0.179691  -0.043204  -0.466797  0.883309  -0.038815  -0.000492  0.036157  0.003502  0.202131  -0.296432  1.000000  
124.414013 0.034095  -0.006586  -0.024610  0.457231  0.776953  0.432764  -0.888305  0.422543  0.179923  -0.043070  -0.466692  0.883370  -0.039279  -0.000090  0.036560  0.000036  0.214194  -0.308978  1.000000  
124.415256 0.034039  -0.006579  -0.024560  0.457965  0.776738  0.432373  -0.887933  0.423171  0.180281  -0.042936  -0.466481  0.883489  -0.040159  0.000255  0.036670  -0.006904  0.225223  -0.330730  1.000000  
124.416259 0.033995  -0.006574  -0.024522  0.458516  0.776610  0.432019  -0.887655  0.423639  0.180551  -0.042802  -0.466269  0.883607  -0.041158  0.000275  0.036025  -0.018314  0.240736  -0.349724  1.000000  
124.417261 0.033951  -0.006569  -0.024487  0.459066  0.776482  0.431664  -0.887377  0.424107  0.180820  -0.042669  -0.466057  0.883725  -0.041827  0.000553  0.035194  -0.025590  0.254323  -0.365943  1.000000  
124.418509 0.033891  -0.006565  -0.024449  0.459617  0.776405  0.431216  -0.887098  0.424597  0.181037  -0.042535  -0.465738  0.883900  -0.042625  0.000994  0.033939  -0.041060  0.263998  -0.384363  1.000000  
124.419760 0.033827  -0.006561  -0.024413  0.460173  0.776386  0.430658  -0.886829  0.424977  0.181463  -0.042134  -0.465424  0.884084  -0.043643  0.001521  0.032875  -0.056563  0.285560  -0.396433  1.000000  
124.421027 0.033760  -0.006556  -0.024377  0.460545  0.776453  0.430137  -0.886655  0.425197  0.181801  -0.041733  -0.465111  0.884268  -0.044748  0.002124  0.032358  -0.072372  0.299782  -0.404314  1.000000  
124.422263 0.033694  -0.006552  -0.024334  0.461098  0.776405  0.429633  -0.886380  0.425632  0.182121  -0.041466  -0.464794  0.884447  -0.045799  0.002627  0.032849  -0.087882  0.317468  -0.418636  1.000000  
124.423508 0.033631  -0.006547  -0.024285  0.461653  0.776436  0.428980  -0.886110  0.426035  0.182495  -0.041065  -0.464372  0.884687  -0.046558  0.003091  0.033876  -0.106911  0.333074  -0.421220  1.000000  
124.424756 0.033568  -0.006541  -0.024229  0.462208  0.776467  0.428326  -0.885839  0.426438  0.182868  -0.040664  -0.463951  0.884927  -0.047175  0.003491  0.035166  -0.126386  0.354494  -0.433322  1.000000  
124.425756 0.033517  -0.006536  -0.024182  0.462578  0.776504  0.427859  -0.885658  0.426714  0.183099  -0.040396  -0.463634  0.885106  -0.047810  0.003838  0.036288  -0.138291  0.365480  -0.435266  1.000000  
124.426759 0.033465  -0.006528  -0.024137  0.462945  0.776565  0.427352  -0.885472  0.427067  0.183173  -0.040263  -0.463207  0.885335  -0.048508  0.004255  0.037046  -0.154190  0.372459  -0.439276  1.000000  
124.427765 0.033414  -0.006521  -0.024099  0.463496  0.776514  0.426846  -0.885196  0.427504  0.183491  -0.039995  -0.462890  0.885513  -0.049147  0.004637  0.037261  -0.167759  0.383389  -0.438758  1.000000  
124.429014 0.033351  -0.006512  -0.024056  0.464048  0.776514  0.426246  -0.884919  0.427963  0.183757  -0.039728  -0.462465  0.885747  -0.049639  0.004944  0.036826  -0.184129  0.391221  -0.434642  1.000000  
124.430016 0.033301  -0.006505  -0.024027  0.464417  0.776602  0.425683  -0.884737  0.428262  0.183934  -0.039460  -0.462040  0.885981  -0.050024  0.005046  0.036112  -0.200506  0.399071  -0.430550  1.000000  
124.431263 0.033239  -0.006496  -0.023993  0.464968  0.776601  0.425082  -0.884459  0.428722  0.184199  -0.039193  -0.461615  0.886214  -0.050499  0.005202  0.035184  -0.216887  0.406930  -0.426468  1.000000  
124.432509 0.033175  -0.006491  -0.023956  0.465522  0.776680  0.424332  -0.884186  0.429150  0.184516  -0.038792  -0.461084  0.886508  -0.051027  0.005143  0.034859  -0.233622  0.415561  -0.414285  1.000000  
124.433757 0.033109  -0.006489  -0.023915  0.465891  0.776818  0.423674  -0.884003  0.429472  0.184640  -0.038524  -0.460552  0.886797  -0.051309  0.005051  0.035059  -0.255011  0.409847  -0.394020  1.000000  
124.435005 0.033044  -0.006487  -0.023869  0.466623  0.776778  0.422940  -0.883628  0.430115  0.184938  -0.038257  -0.460018  0.887085  -0.051287  0.004865  0.035834  -0.271704  0.410468  -0.385949  1.000000  
124.436028 0.032994  -0.006486  -0.023828  0.467353  0.776657  0.422355  -0.883248  0.430790  0.185182  -0.038123  -0.459590  0.887312  -0.050970  0.004776  0.036658  -0.283525  0.413271  -0.391927  1.000000  
124.437260 0.032935  -0.006483  -0.023771  0.468267  0.776527  0.421582  -0.882776  0.431593  0.185565  -0.037856  -0.459057  0.887600  -0.050628  0.004620  0.037511  -0.299500  0.427742  -0.400383  1.000000  
124.438509 0.032876  -0.006479  -0.023714  0.469180  0.776395  0.420809  -0.882302  0.432397  0.185946  -0.037589  -0.458523  0.887887  -0.050225  0.004578  0.037939  -0.315607  0.438782  -0.402512  1.000000  
124.439510 0.032830  -0.006476  -0.023668  0.470093  0.776263  0.420035  -0.881828  0.433200  0.186326  -0.037321  -0.457989  0.888174  -0.050018  0.004452  0.038004  -0.331737  0.445813  -0.406711  1.000000  
124.440759 0.032771  -0.006468  -0.023616  0.471005  0.776179  0.419166  -0.881352  0.434027  0.186652  -0.037054  -0.457347  0.888516  -0.049662  0.004438  0.037589  -0.348810  0.456312  -0.411664  1.000000  
124.441761 0.032726  -0.006461  -0.023579  0.471914  0.776015  0.418447  -0.880871  0.434885  0.186925  -0.036920  -0.456810  0.888798  -0.049274  0.004438  0.037224  -0.360479  0.462494  -0.424038  1.000000  
124.442762 0.032680  -0.006453  -0.023544  0.473004  0.775810  0.417595  -0.880292  0.435926  0.187229  -0.036786  -0.456166  0.889134  -0.048926  0.004555  0.036989  -0.383298  0.472434  -0.439926  1.000000  
124.444014 0.032622  -0.006445  -0.023498  0.474277  0.775593  0.416553  -0.879618  0.437096  0.187669  -0.036519  -0.455415  0.889530  -0.048574  0.004498  0.037191  -0.402708  0.488954  -0.462658  1.000000  
124.445015 0.032575  -0.006438  -0.023457  0.475187  0.775503  0.415682  -0.879138  0.437924  0.187988  -0.036251  -0.454772  0.889870  -0.048381  0.004466  0.037999  -0.422593  0.499035  -0.472983  1.000000  
124.446267 0.032514  -0.006432  -0.023399  0.476639  0.775191  0.414601  -0.878362  0.439254  0.188509  -0.035984  -0.454020  0.890264  -0.048269  0.004315  0.039717  -0.441946  0.515427  -0.495660  1.000000  
124.447511 0.032449  -0.006429  -0.023338  0.477906  0.774888  0.413708  -0.877679  0.440454  0.188891  -0.035850  -0.453375  0.890599  -0.048234  0.004198  0.041369  -0.453345  0.528074  -0.520689  1.000000  
124.448756 0.032384  -0.006427  -0.023276  0.479356  0.774570  0.412624  -0.876899  0.441785  0.189406  -0.035583  -0.452623  0.890992  -0.048328  0.004105  0.042603  -0.468445  0.542398  -0.553281  1.000000  
124.449756 0.032331  -0.006425  -0.023230  0.480443  0.774332  0.411806  -0.876315  0.442750  0.189856  -0.035316  -0.452086  0.891275  -0.048330  0.004197  0.043338  -0.475935  0.551583  -0.571833  1.000000  
124.451046 0.032265  -0.006422  -0.023175  0.481710  0.774051  0.410854  -0.875629  0.443898  0.190335  -0.035048  -0.451442  0.891612  -0.048507  0.004273  0.043329  -0.486843  0.564053  -0.603087  1.000000  
124.452259 0.032197  -0.006418  -0.023124  0.482978  0.773846  0.409749  -0.874947  0.445017  0.190863  -0.034647  -0.450691  0.892007  -0.049184  0.004352  0.043125  -0.502394  0.579207  -0.627354  1.000000  
124.453505 0.032129  -0.006413  -0.023077  0.484245  0.773589  0.408737  -0.874262  0.446113  0.191441  -0.034246  -0.450048  0.892348  -0.049817  0.004411  0.042451  -0.509767  0.591374  -0.652099  1.000000  
124.454506 0.032075  -0.006407  -0.023040  0.485331  0.773373  0.407857  -0.873675  0.447026  0.191988  -0.033845  -0.449513  0.892633  -0.050337  0.004561  0.041863  -0.517329  0.604387  -0.668605  1.000000  
124.455506 0.032020  -0.006400  -0.023001  0.486419  0.773184  0.406919  -0.873090  0.447888  0.192638  -0.033310  -0.448979  0.892921  -0.050832  0.004643  0.041704  -0.524782  0.624571  -0.689284  1.000000  
124.456756 0.031951  -0.006390  -0.022949  0.487685  0.773000  0.405751  -0.872404  0.448956  0.193260  -0.032775  -0.448229  0.893318  -0.051676  0.004737  0.042003  -0.532048  0.647742  -0.716302  1.000000  
124.458006 0.031877  -0.006382  -0.022891  0.488951  0.772813  0.404582  -0.871715  0.450025  0.193879  -0.032240  -0.447478  0.893714  -0.052765  0.004629  0.042915  -0.543693  0.663823  -0.739238  1.000000  
124.459008 0.031817  -0.006375  -0.022840  0.489854  0.772732  0.403645  -0.871223  0.450806  0.194280  -0.031839  -0.446833  0.894050  -0.053690  0.004633  0.043938  -0.555523  0.677530  -0.747679  1.000000  
124.460027 0.031755  -0.006369  -0.022787  0.490759  0.772678  0.402647  -0.870733  0.451534  0.194784  -0.031304  -0.446190  0.894391  -0.054685  0.004547  0.044686  -0.563967  0.692687  -0.764344  1.000000  
124.461262 0.031676  -0.006360  -0.022718  0.491844  0.772656  0.401362  -0.870144  0.452418  0.195363  -0.030635  -0.445331  0.894842  -0.055830  0.004836  0.045387  -0.579087  0.714968  -0.775028  1.000000  
124.462262 0.031612  -0.006352  -0.022665  0.492750  0.772677  0.400210  -0.869655  0.453121  0.195912  -0.029966  -0.444580  0.895238  -0.056661  0.005189  0.045627  -0.592099  0.734603  -0.790233  1.000000  
124.463264 0.031547  -0.006342  -0.022616  0.493477  0.772819  0.399038  -0.869270  0.453614  0.196482  -0.029164  -0.443831  0.895636  -0.057664  0.005777  0.045539  -0.604261  0.760290  -0.792791  1.000000  
124.464507 0.031464  -0.006332  -0.022559  0.494564  0.772850  0.397630  -0.868683  0.454398  0.197263  -0.028228  -0.442973  0.896090  -0.058789  0.006350  0.045488  -0.616542  0.789248  -0.801908  1.000000  
124.465507 0.031397  -0.006322  -0.022514  0.495288  0.772911  0.396608  -0.868291  0.454921  0.197780  -0.027559  -0.442329  0.896429  -0.059741  0.006855  0.045493  -0.625192  0.800803  -0.796308  1.000000  
124.466513 0.031331  -0.006311  -0.022471  0.496193  0.772955  0.395391  -0.867800  0.455577  0.198426  -0.026757  -0.441577  0.896824  -0.060561  0.007373  0.045669  -0.637570  0.823302  -0.792739  1.000000  
124.467756 0.031250  -0.006297  -0.022413  0.497098  0.773074  0.394018  -0.867310  0.456207  0.199119  -0.025820  -0.440718  0.897274  -0.061365  0.007951  0.046139  -0.649090  0.839185  -0.783129  1.000000  
124.468756 0.031185  -0.006284  -0.022363  0.498002  0.773096  0.392832  -0.866819  0.456790  0.199921  -0.024884  -0.440075  0.897616  -0.062193  0.008544  0.047108  -0.653525  0.861622  -0.779763  1.000000  
124.469756 0.031120  -0.006272  -0.022310  0.498904  0.773086  0.391704  -0.866323  0.457426  0.200617  -0.024081  -0.439430  0.897954  -0.062892  0.008903  0.048190  -0.663992  0.881451  -0.772774  1.000000  
124.470758 0.031057  -0.006259  -0.022256  0.499628  0.773152  0.390649  -0.865931  0.457828  0.201390  -0.023145  -0.438895  0.898240  -0.063422  0.009343  0.049165  -0.662756  0.900539  -0.760830  1.000000  
124.472012 0.030978  -0.006244  -0.022186  0.500710  0.773199  0.389169  -0.865334  0.458572  0.202260  -0.022075  -0.438034  0.898687  -0.063992  0.009663  0.050193  -0.667633  0.924676  -0.741538  1.000000  
124.473256 0.030897  -0.006230  -0.022119  0.501971  0.773209  0.387523  -0.864636  0.459377  0.203414  -0.020737  -0.437174  0.899138  -0.064484  0.010073  0.050604  -0.672538  0.959279  -0.732817  1.000000  
124.474506 0.030815  -0.006216  -0.022055  0.503230  0.773262  0.385780  -0.863935  0.460209  0.204510  -0.019400  -0.436204  0.899638  -0.064871  0.010434  0.050452  -0.681426  0.990424  -0.717788  1.000000  
124.475508 0.030750  -0.006204  -0.022006  0.504128  0.773320  0.384488  -0.863432  0.460826  0.205243  -0.018463  -0.435448  0.900025  -0.064959  0.010780  0.050196  -0.686266  1.006720  -0.702469  1.000000  
124.476758 0.030669  -0.006189  -0.021947  0.505383  0.773322  0.382833  -0.862725  0.461638  0.206389  -0.017125  -0.434585  0.900468  -0.065027  0.011093  0.049737  -0.695293  1.038998  -0.679327  1.000000  
124.477766 0.030606  -0.006176  -0.021899  0.506457  0.773328  0.381400  -0.862113  0.462443  0.207140  -0.016189  -0.433718  0.900903  -0.064883  0.011421  0.049364  -0.705935  1.064040  -0.669728  1.000000  
124.479013 0.030527  -0.006160  -0.021838  0.507885  0.773245  0.379664  -0.861294  0.463494  0.208196  -0.014985  -0.432742  0.901393  -0.064717  0.011757  0.049540  -0.714757  1.091445  -0.656736  1.000000  
124.480016 0.030464  -0.006146  -0.021785  0.509134  0.773180  0.378122  -0.860575  0.464412  0.209123  -0.013915  -0.431874  0.901827  -0.064420  0.012118  0.050157  -0.727436  1.118049  -0.651811  1.000000  
124.481035 0.030401  -0.006130  -0.021728  0.510380  0.773082  0.376639  -0.859851  0.465382  0.209943  -0.012978  -0.431004  0.902257  -0.064286  0.012494  0.051044  -0.742236  1.142284  -0.654302  1.000000  
124.482261 0.030324  -0.006111  -0.021653  0.511981  0.773014  0.374600  -0.858918  0.466600  0.211055  -0.011640  -0.429807  0.902846  -0.063816  0.012831  0.052370  -0.761366  1.174798  -0.648947  1.000000  
124.483506 0.030247  -0.006091  -0.021574  0.513579  0.772896  0.372651  -0.857981  0.467796  0.212218  -0.010302  -0.428718  0.903380  -0.063572  0.013135  0.053496  -0.778292  1.208497  -0.648683  1.000000  
124.484756 0.030171  -0.006071  -0.021496  0.515351  0.772677  0.370653  -0.856933  0.469154  0.213451  -0.008964  -0.427627  0.903911  -0.063314  0.013388  0.054249  -0.791176  1.241279  -0.656820  1.000000  
124.485756 0.030110  -0.006057  -0.021437  0.516942  0.772446  0.368914  -0.855984  0.470427  0.214452  -0.007894  -0.426644  0.904385  -0.063206  0.013484  0.054616  -0.808073  1.270325  -0.666865  1.000000  
124.487006 0.030031  -0.006039  -0.021365  0.518708  0.772218  0.366907  -0.854926  0.471790  0.215674  -0.006556  -0.425551  0.904911  -0.063171  0.013637  0.054763  -0.822677  1.299363  -0.682251  1.000000  
124.488012 0.029966  -0.006026  -0.021312  0.520295  0.771964  0.365191  -0.853970  0.472993  0.216825  -0.005352  -0.424675  0.905330  -0.063059  0.013814  0.054693  -0.833291  1.334116  -0.690888  1.000000  
124.489256 0.029885  -0.006011  -0.021246  0.522055  0.771726  0.363176  -0.852902  0.474362  0.218034  -0.004014  -0.423580  0.905850  -0.063043  0.013918  0.054877  -0.839124  1.365708  -0.704012  1.000000  
124.490256 0.029820  -0.006000  -0.021195  0.523286  0.771660  0.361542  -0.852152  0.475251  0.219026  -0.002810  -0.422702  0.906264  -0.063065  0.013877  0.055014  -0.849915  1.394240  -0.709429  1.000000  
124.491505 0.029737  -0.005985  -0.021128  0.525041  0.771413  0.359518  -0.851076  0.476625  0.220224  -0.001472  -0.421604  0.906779  -0.063200  0.013781  0.055348  -0.857175  1.418644  -0.726548  1.000000  
124.492506 0.029670  -0.005975  -0.021072  0.526442  0.771213  0.357896  -0.850211  0.477726  0.221177  -0.000401  -0.420724  0.907189  -0.063444  0.013692  0.055968  -0.861930  1.438831  -0.740563  1.000000  
124.493509 0.029603  -0.005963  -0.021013  0.527842  0.771068  0.356142  -0.849342  0.478734  0.222333  0.000937  -0.419843  0.907596  -0.063681  0.013572  0.056745  -0.870917  1.470177  -0.756933  1.000000  
124.494512 0.029535  -0.005951  -0.020951  0.529239  0.770890  0.354449  -0.848470  0.479791  0.223381  0.002141  -0.418962  0.908001  -0.064005  0.013433  0.057467  -0.875096  1.495315  -0.773188  1.000000  
124.495758 0.029449  -0.005936  -0.020874  0.530982  0.770656  0.352345  -0.847375  0.481127  0.224659  0.003613  -0.417858  0.908505  -0.064558  0.013222  0.057849  -0.886085  1.528410  -0.799819  1.000000  
124.496761 0.029380  -0.005923  -0.020814  0.532374  0.770471  0.350644  -0.846495  0.482189  0.225698  0.004817  -0.416974  0.908906  -0.065130  0.013045  0.058055  -0.894341  1.544592  -0.808219  1.000000  
124.498012 0.029295  -0.005906  -0.020741  0.534112  0.770198  0.348595  -0.845391  0.483578  0.226861  0.006155  -0.415868  0.909404  -0.065605  0.012836  0.057500  -0.903228  1.569177  -0.833560  1.000000  
124.499017 0.029225  -0.005893  -0.020684  0.535326  0.770148  0.346841  -0.844614  0.484514  0.227759  0.007359  -0.414872  0.909850  -0.066202  0.012639  0.057060  -0.916646  1.585162  -0.849785  1.000000  
124.500257 0.029136  -0.005877  -0.020614  0.537056  0.769925  0.344653  -0.843499  0.485814  0.229116  0.008964  -0.413763  0.910341  -0.067057  0.012442  0.056770  -0.930906  1.612889  -0.869087  1.000000  
124.501506 0.029045  -0.005863  -0.020543  0.538610  0.769839  0.342414  -0.842489  0.486988  0.230336  0.010570  -0.412541  0.910878  -0.067799  0.012163  0.056778  -0.945091  1.630501  -0.878907  1.000000  
124.502756 0.028954  -0.005851  -0.020468  0.540161  0.769677  0.340329  -0.841476  0.488184  0.231506  0.012042  -0.411429  0.911362  -0.068676  0.011897  0.057195  -0.955080  1.646381  -0.895566  1.000000  
124.503756 0.028879  -0.005841  -0.020407  0.541364  0.769599  0.338588  -0.840682  0.489056  0.232547  0.013379  -0.410538  0.911745  -0.069268  0.011719  0.057816  -0.965120  1.659303  -0.904688  1.000000  
124.505006 0.028786  -0.005829  -0.020327  0.543079  0.769417  0.336248  -0.839543  0.490278  0.234083  0.015252  -0.409421  0.912218  -0.069971  0.011544  0.058694  -0.971498  1.687417  -0.915927  1.000000  
124.506006 0.028712  -0.005820  -0.020262  0.544276  0.769333  0.334500  -0.838742  0.491155  0.235115  0.016590  -0.408526  0.912596  -0.070605  0.011427  0.059648  -0.977207  1.697603  -0.920819  1.000000  
124.507008 0.028638  -0.005811  -0.020196  0.545471  0.769276  0.332682  -0.837935  0.491989  0.236245  0.018062  -0.407630  0.912968  -0.071136  0.011240  0.060368  -0.983418  1.712132  -0.923142  1.000000  
124.508256 0.028545  -0.005799  -0.020115  0.547003  0.769142  0.330468  -0.836893  0.493034  0.237754  0.019935  -0.406619  0.913380  -0.071675  0.011107  0.060904  -0.985778  1.737022  -0.928045  1.000000  
124.509256 0.028471  -0.005789  -0.020052  0.548192  0.769038  0.328735  -0.836079  0.493844  0.238935  0.021406  -0.405831  0.913697  -0.072017  0.010991  0.060978  -0.983514  1.752174  -0.922038  1.000000  
124.510281 0.028398  -0.005779  -0.019993  0.549376  0.769001  0.326838  -0.835258  0.494641  0.240154  0.023011  -0.404930  0.914058  -0.072273  0.010813  0.060675  -0.985154  1.769769  -0.920936  1.000000  
124.511512 0.028308  -0.005766  -0.019921  0.550726  0.768919  0.324753  -0.834315  0.495508  0.241641  0.024884  -0.404024  0.914410  -0.072627  0.010710  0.060569  -0.980742  1.785402  -0.903416  1.000000  
124.512763 0.028218  -0.005753  -0.019849  0.552071  0.768902  0.322502  -0.833363  0.496364  0.243163  0.026890  -0.403005  0.914803  -0.072971  0.010373  0.060469  -0.974252  1.800779  -0.887871  1.000000  
124.514012 0.028129  -0.005741  -0.019775  0.553585  0.768749  0.320263  -0.832296  0.497427  0.244644  0.028763  -0.401985  0.915194  -0.073062  0.010113  0.060627  -0.972637  1.816040  -0.882429  1.000000  
124.515256 0.028040  -0.005730  -0.019696  0.555093  0.768622  0.317950  -0.831219  0.498448  0.246221  0.030769  -0.400962  0.915578  -0.073047  0.009818  0.061171  -0.971240  1.831659  -0.870432  1.000000  
124.516257 0.027969  -0.005722  -0.019632  0.556436  0.768397  0.316142  -0.830265  0.499434  0.247439  0.032240  -0.400166  0.915876  -0.072954  0.009584  0.061709  -0.964985  1.841502  -0.858926  1.000000  
124.517506 0.027882  -0.005712  -0.019547  0.557933  0.768253  0.313843  -0.829173  0.500388  0.249166  0.034379  -0.399248  0.916198  -0.072679  0.009399  0.062450  -0.959655  1.856700  -0.846949  1.000000  
124.518506 0.027813  -0.005704  -0.019480  0.559267  0.768052  0.311957  -0.828207  0.501334  0.250476  0.035984  -0.398448  0.916485  -0.072326  0.009290  0.062840  -0.957430  1.871031  -0.833324  1.000000  
124.519756 0.027727  -0.005694  -0.019395  0.561096  0.767732  0.309449  -0.826872  0.502642  0.252257  0.038123  -0.397415  0.916847  -0.071843  0.009175  0.063220  -0.956144  1.897527  -0.830697  1.000000  
124.521006 0.027643  -0.005684  -0.019311  0.562920  0.767406  0.306934  -0.825530  0.503954  0.254028  0.040263  -0.396381  0.917203  -0.071258  0.009062  0.063399  -0.955080  1.922678  -0.836245  1.000000  
124.522006 0.027576  -0.005676  -0.019245  0.564408  0.767083  0.305003  -0.824427  0.504992  0.255546  0.042000  -0.395685  0.917425  -0.070790  0.009002  0.063358  -0.949547  1.943057  -0.836721  1.000000  
124.523256 0.027494  -0.005664  -0.019164  0.566221  0.766712  0.302567  -0.823071  0.506280  0.257363  0.044139  -0.394758  0.917724  -0.069983  0.009012  0.063384  -0.944525  1.965484  -0.836057  1.000000  
124.524507 0.027413  -0.005652  -0.019082  0.568198  0.766231  0.300069  -0.821590  0.507729  0.259232  0.046278  -0.393829  0.918018  -0.069278  0.008943  0.063758  -0.939675  1.986371  -0.843408  1.000000  
124.525509 0.027348  -0.005642  -0.019015  0.570010  0.765723  0.297920  -0.820233  0.509122  0.260790  0.048015  -0.393017  0.918277  -0.068852  0.008977  0.064238  -0.938259  2.014075  -0.854836  1.000000  
124.526549 0.027283  -0.005633  -0.018947  0.571649  0.765280  0.295912  -0.818988  0.510328  0.262341  0.049753  -0.392315  0.918484  -0.068131  0.008800  0.064970  -0.931271  2.031485  -0.860935  1.000000  
124.527766 0.027202  -0.005622  -0.018860  0.573945  0.764574  0.293283  -0.817248  0.512101  0.264305  0.051891  -0.391381  0.918764  -0.067638  0.008700  0.066056  -0.927840  2.068808  -0.878543  1.000000  
124.529007 0.027119  -0.005612  -0.018771  0.576064  0.763966  0.290698  -0.815617  0.513720  0.266197  0.054028  -0.390445  0.919039  -0.067367  0.008615  0.066946  -0.920456  2.096732  -0.898773  1.000000  
124.530011 0.027052  -0.005604  -0.018699  0.577683  0.763575  0.288505  -0.814345  0.514923  0.267762  0.055899  -0.389625  0.919276  -0.066966  0.008504  0.067577  -0.918468  2.120658  -0.904397  1.000000  
124.531259 0.026967  -0.005596  -0.018609  0.579785  0.762952  0.285926  -0.812691  0.516472  0.269797  0.058170  -0.388793  0.919487  -0.066748  0.008383  0.068195  -0.906385  2.151340  -0.922961  1.000000  
124.532527 0.026882  -0.005588  -0.018523  0.581884  0.762293  0.283408  -0.811033  0.518067  0.271721  0.060307  -0.387963  0.919700  -0.066506  0.008234  0.068233  -0.897669  2.180626  -0.940850  1.000000  
124.533756 0.026797  -0.005579  -0.018438  0.583975  0.761629  0.280881  -0.809366  0.519664  0.273634  0.062443  -0.387131  0.919908  -0.066524  0.008175  0.068354  -0.891350  2.204111  -0.962627  1.000000  
124.534757 0.026728  -0.005572  -0.018368  0.585742  0.761014  0.278860  -0.807952  0.521010  0.275249  0.064179  -0.386531  0.920041  -0.066592  0.008125  0.068435  -0.881924  2.220265  -0.980731  1.000000  
124.536012 0.026641  -0.005563  -0.018283  0.587986  0.760266  0.276168  -0.806148  0.522801  0.277135  0.066315  -0.385584  0.920287  -0.066753  0.008120  0.068520  -0.878434  2.244646  -1.009130  1.000000  
124.537256 0.026554  -0.005551  -0.018195  0.590211  0.759537  0.273412  -0.804319  0.524479  0.279272  0.068718  -0.384740  0.920464  -0.067112  0.008123  0.069029  -0.872953  2.273421  -1.034658  1.000000  
124.538256 0.026483  -0.005542  -0.018120  0.591953  0.758940  0.271295  -0.802875  0.525788  0.280959  0.070587  -0.384131  0.920576  -0.067449  0.008082  0.069638  -0.867867  2.300867  -1.055941  1.000000  
124.539506 0.026394  -0.005531  -0.018024  0.594003  0.758246  0.268744  -0.801157  0.527322  0.282982  0.072856  -0.383398  0.920705  -0.067915  0.008086  0.070527  -0.861034  2.319157  -1.079792  1.000000  
124.540756 0.026304  -0.005518  -0.017924  0.596203  0.757501  0.265958  -0.799299  0.529007  0.285084  0.075257  -0.382548  0.920866  -0.068595  0.008083  0.071711  -0.860526  2.345484  -1.112660  1.000000  
124.541758 0.026230  -0.005509  -0.017843  0.597913  0.756921  0.263763  -0.797816  0.530205  0.287005  0.077392  -0.382038  0.920900  -0.069301  0.008138  0.072556  -0.853394  2.376164  -1.130606  1.000000  
124.543009 0.026136  -0.005498  -0.017743  0.600096  0.756133  0.261049  -0.795938  0.531861  0.289148  0.079793  -0.381296  0.921003  -0.070029  0.008167  0.073306  -0.847697  2.403132  -1.164969  1.000000  
124.544016 0.026059  -0.005489  -0.017664  0.601636  0.755624  0.258971  -0.794572  0.532947  0.290900  0.081793  -0.380787  0.921038  -0.070736  0.008240  0.073786  -0.838469  2.428293  -1.180648  1.000000  
124.545265 0.025961  -0.005477  -0.017565  0.603639  0.754875  0.256482  -0.792800  0.534381  0.293098  0.084193  -0.380264  0.921038  -0.071586  0.008377  0.074367  -0.824144  2.450346  -1.202427  1.000000  
124.546511 0.025862  -0.005467  -0.017466  0.605634  0.754123  0.253982  -0.791018  0.535815  0.295284  0.086593  -0.379738  0.921032  -0.072555  0.008553  0.075162  -0.814063  2.477138  -1.222606  1.000000  
124.547511 0.025784  -0.005457  -0.017387  0.607324  0.753433  0.251987  -0.789514  0.537066  0.297030  0.088459  -0.379341  0.921019  -0.073308  0.008715  0.075820  -0.802720  2.488208  -1.241073  1.000000  
124.548755 0.025684  -0.005446  -0.017285  0.609295  0.752673  0.249485  -0.787706  0.538427  0.299360  0.090991  -0.378919  0.920946  -0.074161  0.008858  0.076877  -0.784738  2.508273  -1.256742  1.000000  
124.549779 0.025605  -0.005437  -0.017201  0.610971  0.751978  0.247474  -0.786188  0.539679  0.301089  0.092856  -0.378518  0.920924  -0.074786  0.009041  0.077926  -0.772410  2.518955  -1.266215  1.000000  
124.551006 0.025506  -0.005424  -0.017094  0.613087  0.751101  0.244890  -0.784235  0.541197  0.303449  0.095387  -0.378092  0.920841  -0.075644  0.009285  0.079346  -0.757327  2.537103  -1.279128  1.000000  
124.552012 0.025426  -0.005414  -0.017005  0.614573  0.750544  0.242866  -0.782809  0.542179  0.305371  0.097518  -0.377790  0.920741  -0.076400  0.009332  0.080579  -0.743208  2.554075  -1.284379  1.000000  
124.553256 0.025328  -0.005401  -0.016893  0.616671  0.749632  0.240352  -0.780837  0.543661  0.307775  0.100048  -0.377472  0.920601  -0.077032  0.009422  0.081836  -0.728148  2.570688  -1.296186  1.000000  
124.554256 0.025249  -0.005390  -0.016801  0.618303  0.748959  0.238248  -0.779269  0.544800  0.309730  0.102177  -0.377166  0.920492  -0.077662  0.009527  0.082941  -0.714061  2.588791  -1.302011  1.000000  
124.555506 0.025150  -0.005377  -0.016686  0.620383  0.748040  0.235713  -0.777279  0.546283  0.312111  0.104706  -0.376843  0.920340  -0.078151  0.009587  0.083913  -0.694197  2.599160  -1.300949  1.000000  
124.556513 0.025070  -0.005367  -0.016594  0.622159  0.747250  0.233527  -0.775567  0.547576  0.314097  0.106835  -0.376534  0.920222  -0.078540  0.009657  0.084656  -0.684177  2.619070  -1.310906  1.000000  
124.557756 0.024971  -0.005354  -0.016479  0.624379  0.746213  0.230906  -0.773428  0.549213  0.316503  0.109362  -0.376207  0.920059  -0.078985  0.009756  0.085707  -0.665018  2.630605  -1.312031  1.000000  
124.559008 0.024871  -0.005341  -0.016364  0.626419  0.745317  0.228260  -0.771395  0.550657  0.318945  0.112021  -0.375872  0.919876  -0.079219  0.009886  0.086680  -0.643175  2.647879  -1.317648  1.000000  
124.560057 0.024791  -0.005330  -0.016269  0.628189  0.744427  0.226292  -0.769682  0.551990  0.320775  0.113883  -0.375680  0.919726  -0.079077  0.009980  0.087589  -0.627093  2.652731  -1.327517  1.000000  
124.561260 0.024690  -0.005318  -0.016149  0.630535  0.743238  0.223660  -0.767382  0.553741  0.323258  0.116408  -0.375458  0.919500  -0.079484  0.010088  0.089173  -0.606703  2.671864  -1.346100  1.000000  
124.562260 0.024610  -0.005307  -0.016048  0.632278  0.742374  0.221596  -0.765640  0.555034  0.325165  0.118401  -0.375257  0.919328  -0.079590  0.010168  0.090556  -0.595673  2.683984  -1.350560  1.000000  
124.563261 0.024530  -0.005297  -0.015945  0.634329  0.741279  0.219389  -0.763630  0.556632  0.327154  0.120394  -0.375055  0.919151  -0.079625  0.010297  0.092165  -0.585689  2.700320  -1.366882  1.000000  
124.564508 0.024429  -0.005283  -0.015814  0.636643  0.740053  0.216811  -0.761300  0.558339  0.329667  0.122917  -0.374938  0.918865  -0.079801  0.010384  0.093860  -0.563946  2.717453  -1.380626  1.000000  
124.565757 0.024326  -0.005269  -0.015682  0.639256  0.738593  0.214083  -0.758694  0.560349  0.332254  0.125439  -0.374819  0.918573  -0.079986  0.010444  0.095681  -0.539542  2.740158  -1.402095  1.000000  
124.566759 0.024244  -0.005259  -0.015577  0.641287  0.737429  0.212012  -0.756668  0.561940  0.334182  0.127298  -0.374730  0.918353  -0.080141  0.010471  0.096860  -0.521519  2.742423  -1.423103  1.000000  
124.568013 0.024141  -0.005246  -0.015445  0.643863  0.735967  0.209266  -0.754024  0.563865  0.336903  0.129951  -0.374711  0.917989  -0.080396  0.010469  0.098133  -0.501559  2.764380  -1.443542  1.000000  
124.569256 0.024037  -0.005234  -0.015312  0.646447  0.734436  0.206664  -0.751394  0.565863  0.339420  0.132339  -0.374703  0.917651  -0.080810  0.010421  0.099329  -0.482295  2.781601  -1.474297  1.000000  
124.570256 0.023953  -0.005224  -0.015206  0.648601  0.733120  0.204579  -0.749205  0.567557  0.341425  0.134195  -0.374720  0.917375  -0.081145  0.010369  0.100320  -0.465275  2.791505  -1.499982  1.000000  
124.571270 0.023867  -0.005215  -0.015098  0.650438  0.732034  0.202625  -0.747276  0.568946  0.343336  0.136051  -0.374735  0.917095  -0.081521  0.010269  0.101363  -0.446396  2.784689  -1.509662  1.000000  
124.572514 0.023759  -0.005204  -0.014961  0.653138  0.730374  0.199913  -0.744477  0.571084  0.345856  0.138437  -0.374722  0.916744  -0.082119  0.010171  0.102920  -0.428430  2.795149  -1.549590  1.000000  
124.573765 0.023648  -0.005193  -0.014822  0.655682  0.728769  0.197426  -0.741814  0.573064  0.348295  0.140689  -0.374824  0.916359  -0.082860  0.010005  0.104522  -0.411286  2.803274  -1.576313  1.000000  
124.575006 0.023537  -0.005182  -0.014679  0.658186  0.727251  0.194673  -0.739110  0.575007  0.350834  0.143206  -0.374798  0.915979  -0.083898  0.009894  0.106406  -0.401246  2.819943  -1.606117  1.000000  
124.576013 0.023447  -0.005174  -0.014563  0.660285  0.725917  0.192532  -0.736873  0.576684  0.352781  0.145059  -0.374807  0.915684  -0.084263  0.009781  0.107484  -0.391302  2.831229  -1.638832  1.000000  
124.577018 0.023357  -0.005164  -0.014447  0.662374  0.724556  0.190469  -0.734627  0.578316  0.354788  0.146912  -0.374926  0.915340  -0.084920  0.009684  0.108477  -0.377972  2.839317  -1.664833  1.000000  
124.578285 0.023242  -0.005153  -0.014301  0.664866  0.722936  0.187928  -0.731918  0.580279  0.357173  0.149162  -0.375020  0.914938  -0.085719  0.009546  0.109511  -0.364837  2.838395  -1.698660  1.000000  
124.579511 0.023127  -0.005141  -0.014156  0.667479  0.721226  0.185217  -0.729045  0.582349  0.359671  0.151543  -0.375105  0.914512  -0.086851  0.009434  0.110688  -0.356345  2.862447  -1.737368  1.000000  
124.580513 0.023032  -0.005132  -0.014039  0.669534  0.719855  0.183120  -0.726770  0.583969  0.361643  0.153394  -0.375218  0.914156  -0.087711  0.009324  0.111327  -0.347638  2.868897  -1.761475  1.000000  
124.581757 0.022914  -0.005120  -0.013893  0.671848  0.718288  0.180783  -0.724180  0.585764  0.363929  0.155509  -0.375425  0.913714  -0.088715  0.009254  0.112272  -0.334148  2.860556  -1.794546  1.000000  
124.582758 0.022818  -0.005112  -0.013776  0.673599  0.717119  0.178899  -0.722180  0.587118  0.365716  0.157227  -0.375543  0.913371  -0.089720  0.009110  0.113142  -0.324701  2.856565  -1.809655  1.000000  
124.584013 0.022696  -0.005102  -0.013628  0.675890  0.715525  0.176627  -0.719572  0.588860  0.368051  0.159341  -0.375857  0.912876  -0.090828  0.008970  0.114125  -0.309570  2.847175  -1.834084  1.000000  
124.585256 0.022574  -0.005093  -0.013478  0.678301  0.713862  0.174094  -0.716797  0.590751  0.370426  0.161586  -0.376050  0.912401  -0.091963  0.008773  0.115203  -0.299648  2.849657  -1.862287  1.000000  
124.586260 0.022475  -0.005086  -0.013357  0.680169  0.712545  0.172191  -0.714634  0.592197  0.372291  0.163302  -0.376275  0.912003  -0.092907  0.008638  0.116163  -0.286611  2.842417  -1.879374  1.000000  
124.587506 0.022350  -0.005078  -0.013204  0.682423  0.710943  0.169882  -0.711995  0.593924  0.374589  0.165414  -0.376583  0.911495  -0.093977  0.008366  0.117162  -0.274714  2.831625  -1.893870  1.000000  
124.588758 0.022224  -0.005071  -0.013051  0.684809  0.709216  0.167481  -0.709205  0.595792  0.376908  0.167525  -0.376889  0.910983  -0.094974  0.008152  0.118102  -0.256901  2.828530  -1.926872  1.000000  
124.590006 0.022100  -0.005063  -0.012898  0.687035  0.707608  0.165145  -0.706546  0.597508  0.379180  0.169635  -0.377192  0.910467  -0.095810  0.007942  0.118707  -0.245557  2.831199  -1.941061  1.000000  
124.591256 0.021976  -0.005055  -0.012746  0.689538  0.705752  0.162639  -0.703592  0.599510  0.381506  0.171745  -0.377494  0.909946  -0.096717  0.007717  0.119337  -0.234624  2.821796  -1.960322  1.000000  
