1-Time 2-Px 3-Py 4-Pz 5-R11 6-R21 7-R31 8-R12 9-R22 10-R32 11-R13 12-R23 13-R33 14-Vx 15-Vy 16-Vz 17-Wx 18-Wy 19-Wz 20-state
77.683891 0.013786  -0.026798  0.014468  0.642686  0.719780  0.262431  -0.750453  0.660389  0.026563  -0.154187  -0.214014  0.964585  0.000330  -0.000210  -0.000096  0.000000  0.000000  0.000000  1.000000  
77.685004 0.013787  -0.026798  0.014467  0.642686  0.719749  0.262519  -0.750453  0.660386  0.026643  -0.154187  -0.214131  0.964559  0.000380  -0.000370  -0.001104  0.000000  0.000000  0.000000  1.000000  
77.686008 0.013787  -0.026791  0.014459  0.642686  0.719749  0.262519  -0.750453  0.660386  0.026643  -0.154187  -0.214131  0.964559  0.000544  0.004162  -0.005186  0.000000  0.000000  0.000000  1.000000  
77.687266 0.013789  -0.026776  0.014442  0.642673  0.719730  0.262602  -0.750438  0.660408  0.026545  -0.154320  -0.214126  0.964539  0.000852  0.007318  -0.008738  0.000000  0.000000  0.000000  1.000000  
77.688520 0.013791  -0.026764  0.014429  0.642673  0.719762  0.262515  -0.750438  0.660411  0.026465  -0.154320  -0.214009  0.964565  0.001154  0.008103  -0.009105  0.000000  0.000000  0.000000  1.000000  
77.689754 0.013790  -0.026756  0.014423  0.642673  0.719794  0.262428  -0.750438  0.660414  0.026385  -0.154320  -0.213892  0.964591  0.000726  0.007743  -0.008182  0.000000  0.000000  0.000000  1.000000  
77.691033 0.013785  -0.026746  0.014418  0.642673  0.719826  0.262341  -0.750438  0.660418  0.026304  -0.154320  -0.213775  0.964617  -0.000193  0.007675  -0.007382  0.000000  0.000000  0.000000  1.000000  
77.692252 0.013776  -0.026733  0.014408  0.642660  0.719807  0.262424  -0.750422  0.660439  0.026206  -0.154452  -0.213771  0.964597  -0.001251  0.008191  -0.007536  0.000000  0.000000  0.000000  1.000000  
77.693280 0.013769  -0.026721  0.014399  0.642505  0.719943  0.262430  -0.750554  0.660291  0.026152  -0.154452  -0.213771  0.964597  -0.001961  0.008625  -0.007712  0.000000  0.000000  0.000000  1.000000  
77.694522 0.013760  -0.026706  0.014386  0.642505  0.719943  0.262430  -0.750554  0.660291  0.026152  -0.154452  -0.213771  0.964597  -0.002539  0.008979  -0.007980  0.000000  0.000000  0.000000  1.000000  
77.695758 0.013755  -0.026692  0.014376  0.642519  0.719961  0.262346  -0.750570  0.660269  0.026250  -0.154320  -0.213775  0.964617  -0.002766  0.009291  -0.008015  0.000000  0.000000  0.000000  1.000000  
77.696771 0.013750  -0.026679  0.014367  0.642532  0.720012  0.262175  -0.750586  0.660251  0.026268  -0.154187  -0.213663  0.964663  -0.002871  0.009565  -0.008111  0.000000  0.000000  0.000000  1.000000  
77.698006 0.013741  -0.026661  0.014349  0.642532  0.720012  0.262175  -0.750586  0.660251  0.026268  -0.154187  -0.213663  0.964663  -0.003273  0.009990  -0.008710  0.000000  0.000000  0.000000  1.000000  
77.699250 0.013732  -0.026639  0.014325  0.642519  0.720025  0.262171  -0.750570  0.660276  0.026090  -0.154320  -0.213541  0.964669  -0.003596  0.010640  -0.009547  0.000000  0.000000  0.000000  1.000000  
77.700253 0.013729  -0.026616  0.014305  0.642519  0.720057  0.262084  -0.750570  0.660279  0.026010  -0.154320  -0.213424  0.964695  -0.003931  0.012148  -0.010792  0.000000  0.000000  0.000000  1.000000  
77.701501 0.013728  -0.026586  0.014282  0.642505  0.720070  0.262081  -0.750554  0.660304  0.025832  -0.154452  -0.213303  0.964700  -0.004002  0.013324  -0.011344  0.000000  0.000000  0.000000  1.000000  
77.702750 0.013726  -0.026556  0.014264  0.642660  0.719998  0.261901  -0.750422  0.660458  0.025726  -0.154452  -0.213069  0.964752  -0.004239  0.014345  -0.011466  0.000000  0.000000  0.000000  1.000000  
77.703751 0.013720  -0.026533  0.014253  0.642801  0.719875  0.261892  -0.750274  0.660631  0.025601  -0.154584  -0.212947  0.964758  -0.004735  0.015263  -0.011643  0.000000  0.000000  0.000000  1.000000  
77.705002 0.013707  -0.026505  0.014238  0.642942  0.719784  0.261796  -0.750126  0.660807  0.025397  -0.154716  -0.212709  0.964789  -0.005482  0.016659  -0.012312  0.000000  0.000000  0.000000  1.000000  
77.706251 0.013695  -0.026477  0.014220  0.642928  0.719797  0.261793  -0.750110  0.660832  0.025219  -0.154848  -0.212587  0.964795  -0.005901  0.017948  -0.013249  0.000000  0.000000  0.000000  1.000000  
77.707253 0.013687  -0.026454  0.014202  0.643069  0.719674  0.261784  -0.749962  0.661005  0.025095  -0.154981  -0.212466  0.964800  -0.005953  0.018714  -0.013819  0.000000  0.000000  0.000000  1.000000  
77.708500 0.013679  -0.026427  0.014178  0.643056  0.719656  0.261868  -0.749946  0.661026  0.024997  -0.155113  -0.212461  0.964780  -0.005805  0.019429  -0.014563  0.000000  0.000000  0.000000  1.000000  
77.709500 0.013673  -0.026405  0.014158  0.643196  0.719533  0.261860  -0.749798  0.661199  0.024872  -0.155245  -0.212340  0.964785  -0.005829  0.020087  -0.015257  0.000000  0.000000  0.000000  1.000000  
77.710511 0.013665  -0.026384  0.014137  0.643351  0.719397  0.261855  -0.749666  0.661347  0.024926  -0.155245  -0.212340  0.964785  -0.006056  0.020880  -0.016182  0.000000  0.000000  0.000000  1.000000  
77.711755 0.013655  -0.026353  0.014112  0.643492  0.719274  0.261846  -0.749518  0.661520  0.024802  -0.155377  -0.212218  0.964791  -0.006398  0.021762  -0.017010  0.000000  0.000000  0.000000  1.000000  
77.712758 0.013645  -0.026328  0.014093  0.643632  0.719119  0.261925  -0.749369  0.661689  0.024758  -0.155509  -0.212214  0.964770  -0.006507  0.022569  -0.017356  0.000000  0.000000  0.000000  1.000000  
77.714004 0.013636  -0.026296  0.014068  0.643914  0.718842  0.261996  -0.749073  0.662031  0.024590  -0.155774  -0.212088  0.964756  -0.006637  0.023147  -0.017477  0.000000  0.000000  0.000000  1.000000  
77.715021 0.013627  -0.026270  0.014051  0.644054  0.718687  0.262075  -0.748924  0.662201  0.024546  -0.155906  -0.212084  0.964735  -0.006890  0.023419  -0.017218  0.000000  0.000000  0.000000  1.000000  
77.716256 0.013618  -0.026235  0.014032  0.644168  0.718527  0.262236  -0.748744  0.662416  0.024226  -0.156302  -0.211953  0.964700  -0.007452  0.023741  -0.016976  0.000000  0.000000  0.000000  1.000000  
77.717502 0.013606  -0.026200  0.014015  0.644281  0.718367  0.262396  -0.748564  0.662632  0.023906  -0.156699  -0.211823  0.964664  -0.008160  0.024070  -0.016892  0.000000  0.000000  0.000000  1.000000  
77.718751 0.013588  -0.026169  0.013997  0.644561  0.718089  0.262468  -0.748267  0.662973  0.023738  -0.156963  -0.211697  0.964649  -0.008784  0.024332  -0.017199  0.000000  0.000000  0.000000  1.000000  
77.720007 0.013568  -0.026139  0.013974  0.644674  0.717928  0.262629  -0.748086  0.663188  0.023418  -0.157359  -0.211566  0.964613  -0.009275  0.024431  -0.017690  0.000000  0.000000  0.000000  1.000000  
77.721251 0.013550  -0.026111  0.013948  0.644941  0.717632  0.262785  -0.747773  0.663551  0.023153  -0.157756  -0.211435  0.964577  -0.009697  0.024406  -0.018084  0.000000  0.000000  0.000000  1.000000  
77.722500 0.013534  -0.026079  0.013921  0.645067  0.717490  0.262862  -0.747608  0.663744  0.022931  -0.158020  -0.211309  0.964561  -0.010109  0.024583  -0.018478  0.000000  0.000000  0.000000  1.000000  
77.723503 0.013521  -0.026055  0.013900  0.645180  0.717298  0.263110  -0.747427  0.663956  0.022692  -0.158416  -0.211296  0.964499  -0.010665  0.024887  -0.018540  0.000000  0.000000  0.000000  1.000000  
77.724750 0.013501  -0.026026  0.013875  0.645292  0.717106  0.263358  -0.747246  0.664168  0.022453  -0.158813  -0.211282  0.964437  -0.011326  0.024969  -0.018483  -0.058333  -0.117521  -0.171719  1.000000  
77.726003 0.013479  -0.025998  0.013855  0.645404  0.716914  0.263607  -0.747065  0.664380  0.022214  -0.159209  -0.211269  0.964374  -0.012200  0.024893  -0.018174  -0.057242  -0.129168  -0.181263  1.000000  
77.727008 0.013462  -0.025974  0.013839  0.645530  0.716740  0.263771  -0.746900  0.664570  0.022073  -0.159473  -0.211259  0.964333  -0.012727  0.024868  -0.017899  -0.052086  -0.140736  -0.190676  1.000000  
77.728016 0.013446  -0.025948  0.013823  0.645502  0.716703  0.263939  -0.746868  0.664613  0.021878  -0.159737  -0.211250  0.964291  -0.013224  0.024882  -0.017532  -0.052463  -0.150594  -0.194065  1.000000  
77.729256 0.013428  -0.025914  0.013802  0.645614  0.716511  0.264188  -0.746686  0.664825  0.021640  -0.160134  -0.211237  0.964228  -0.013751  0.025083  -0.017408  -0.047266  -0.157947  -0.202690  1.000000  
77.730267 0.013412  -0.025887  0.013785  0.645586  0.716474  0.264357  -0.746654  0.664867  0.021445  -0.160398  -0.211227  0.964186  -0.014368  0.025004  -0.017445  -0.043157  -0.166701  -0.204560  1.000000  
77.731504 0.013389  -0.025855  0.013759  0.645544  0.716418  0.264610  -0.746605  0.664931  0.021152  -0.160794  -0.211214  0.964124  -0.015264  0.024832  -0.018025  -0.036063  -0.177022  -0.199846  1.000000  
77.732530 0.013368  -0.025831  0.013738  0.645515  0.716413  0.264692  -0.746572  0.664977  0.020876  -0.161058  -0.211087  0.964107  -0.015834  0.024490  -0.018492  -0.036010  -0.185669  -0.201579  1.000000  
77.733755 0.013341  -0.025802  0.013710  0.645473  0.716358  0.264945  -0.746523  0.665041  0.020583  -0.161454  -0.211074  0.964044  -0.016428  0.024442  -0.019197  -0.033027  -0.196155  -0.197055  1.000000  
77.735001 0.013314  -0.025773  0.013679  0.645445  0.716353  0.265027  -0.746491  0.665086  0.020308  -0.161718  -0.210947  0.964027  -0.016901  0.024460  -0.019676  -0.029762  -0.200355  -0.189700  1.000000  
77.736007 0.013294  -0.025747  0.013655  0.645416  0.716316  0.265196  -0.746458  0.665129  0.020112  -0.161982  -0.210938  0.963985  -0.017335  0.024653  -0.019897  -0.025899  -0.206391  -0.192192  1.000000  
77.737251 0.013268  -0.025715  0.013627  0.645234  0.716448  0.265281  -0.746558  0.665026  0.019782  -0.162246  -0.210812  0.963968  -0.018012  0.024730  -0.019941  -0.027839  -0.212014  -0.178334  1.000000  
77.738500 0.013241  -0.025682  0.013601  0.645220  0.716430  0.265366  -0.746541  0.665048  0.019684  -0.162378  -0.210807  0.963947  -0.018605  0.024807  -0.019891  -0.029158  -0.215285  -0.173175  1.000000  
77.739501 0.013219  -0.025658  0.013582  0.645192  0.716425  0.265448  -0.746509  0.665093  0.019409  -0.162642  -0.210681  0.963930  -0.019095  0.024953  -0.019877  -0.029131  -0.219683  -0.174095  1.000000  
77.740501 0.013196  -0.025633  0.013565  0.645178  0.716407  0.265532  -0.746492  0.665114  0.019311  -0.162774  -0.210676  0.963909  -0.019442  0.025117  -0.019915  -0.029978  -0.223712  -0.167018  1.000000  
77.741502 0.013176  -0.025605  0.013544  0.645010  0.716525  0.265620  -0.746608  0.664988  0.019159  -0.162906  -0.210672  0.963887  -0.019679  0.025398  -0.020262  -0.028097  -0.226575  -0.153728  1.000000  
77.742752 0.013152  -0.025569  0.013516  0.644995  0.716539  0.265618  -0.746592  0.665012  0.018980  -0.163038  -0.210550  0.963892  -0.019864  0.025735  -0.020795  -0.033223  -0.228061  -0.147110  1.000000  
77.743776 0.013135  -0.025540  0.013489  0.644827  0.716690  0.265619  -0.746708  0.664888  0.018748  -0.163170  -0.210429  0.963896  -0.020070  0.025812  -0.021460  -0.036759  -0.229764  -0.127204  1.000000  
77.745005 0.013111  -0.025506  0.013456  0.644813  0.716704  0.265616  -0.746692  0.664911  0.018569  -0.163302  -0.210307  0.963900  -0.020444  0.025895  -0.022302  -0.041633  -0.229612  -0.119676  1.000000  
77.746006 0.013089  -0.025479  0.013429  0.644799  0.716717  0.265614  -0.746675  0.664935  0.018391  -0.163434  -0.210186  0.963904  -0.020686  0.025927  -0.022735  -0.043046  -0.224095  -0.111984  1.000000  
77.747255 0.013060  -0.025444  0.013395  0.644785  0.716764  0.265524  -0.746659  0.664960  0.018132  -0.163566  -0.209947  0.963934  -0.020936  0.026269  -0.023312  -0.048212  -0.216774  -0.103340  1.000000  
77.748255 0.013036  -0.025417  0.013369  0.644770  0.716777  0.265521  -0.746642  0.664984  0.017954  -0.163698  -0.209825  0.963938  -0.021131  0.026464  -0.023534  -0.049305  -0.213832  -0.095670  1.000000  
77.749513 0.013007  -0.025383  0.013338  0.644602  0.716960  0.265435  -0.746758  0.664862  0.017640  -0.163830  -0.209587  0.963967  -0.021189  0.026786  -0.023527  -0.056689  -0.213769  -0.074634  1.000000  
77.750752 0.012979  -0.025349  0.013308  0.644742  0.716902  0.265255  -0.746609  0.665037  0.017355  -0.163962  -0.209231  0.964022  -0.021370  0.026991  -0.023507  -0.064864  -0.205103  -0.072700  1.000000  
77.752007 0.012950  -0.025314  0.013279  0.644713  0.716962  0.265163  -0.746576  0.665086  0.016918  -0.164226  -0.208871  0.964055  -0.021585  0.027156  -0.023526  -0.079296  -0.203578  -0.058342  1.000000  
77.753251 0.012921  -0.025276  0.013249  0.644698  0.717008  0.265073  -0.746559  0.665111  0.016659  -0.164358  -0.208633  0.964084  -0.021706  0.027535  -0.023856  -0.084511  -0.196313  -0.049735  1.000000  
77.754501 0.012893  -0.025239  0.013218  0.644670  0.717100  0.264894  -0.746526  0.665161  0.016141  -0.164622  -0.208156  0.964142  -0.021766  0.027957  -0.024296  -0.101930  -0.193366  -0.042054  1.000000  
77.755501 0.012871  -0.025208  0.013191  0.644655  0.717146  0.264804  -0.746509  0.665186  0.015882  -0.164754  -0.207917  0.964171  -0.021683  0.028339  -0.024912  -0.111203  -0.190425  -0.034402  1.000000  
77.756751 0.012846  -0.025169  0.013156  0.644795  0.717119  0.264537  -0.746359  0.665362  0.015516  -0.164886  -0.207445  0.964251  -0.021691  0.028581  -0.025534  -0.127546  -0.181690  -0.032456  1.000000  
77.758001 0.012820  -0.025131  0.013120  0.644766  0.717211  0.264358  -0.746326  0.665412  0.014998  -0.165150  -0.206968  0.964308  -0.021848  0.028719  -0.025905  -0.142702  -0.180234  -0.032151  1.000000  
77.759002 0.012797  -0.025100  0.013092  0.644890  0.717134  0.264263  -0.746160  0.665606  0.014615  -0.165414  -0.206607  0.964340  -0.022205  0.028909  -0.026132  -0.153706  -0.178786  -0.038736  1.000000  
77.760020 0.012772  -0.025070  0.013066  0.644861  0.717226  0.264084  -0.746126  0.665655  0.014097  -0.165678  -0.206130  0.964397  -0.022629  0.029043  -0.025973  -0.172353  -0.177254  -0.031374  1.000000  
77.761271 0.012738  -0.025032  0.013036  0.644986  0.717213  0.263815  -0.745960  0.665853  0.013552  -0.165942  -0.205536  0.964478  -0.023057  0.029329  -0.025805  -0.191520  -0.171346  -0.037026  1.000000  
77.762503 0.012704  -0.024995  0.013007  0.645096  0.717182  0.263630  -0.745777  0.666071  0.012910  -0.166338  -0.204937  0.964537  -0.023409  0.029556  -0.025375  -0.205280  -0.173127  -0.044277  1.000000  
77.763754 0.012671  -0.024956  0.012979  0.645052  0.717320  0.263361  -0.745726  0.666142  0.012132  -0.166734  -0.204221  0.964621  -0.023650  0.029897  -0.025185  -0.229351  -0.172986  -0.044173  1.000000  
77.765004 0.012637  -0.024918  0.012949  0.645162  0.717353  0.263003  -0.745543  0.666362  0.011328  -0.167129  -0.203388  0.964728  -0.023939  0.030177  -0.025119  -0.254555  -0.172996  -0.051124  1.000000  
77.766252 0.012602  -0.024877  0.012916  0.645257  0.717336  0.262817  -0.745342  0.666599  0.010506  -0.167657  -0.202668  0.964789  -0.024350  0.030575  -0.025381  -0.276750  -0.178961  -0.066297  1.000000  
77.767499 0.012568  -0.024836  0.012881  0.645198  0.717488  0.262546  -0.745274  0.666690  0.009550  -0.168185  -0.201830  0.964872  -0.024686  0.030860  -0.025795  -0.301227  -0.187806  -0.068096  1.000000  
77.768751 0.012536  -0.024794  0.012846  0.645292  0.717535  0.262186  -0.745073  0.666928  0.008567  -0.168712  -0.200875  0.964979  -0.024943  0.031200  -0.026111  -0.332691  -0.199610  -0.077494  1.000000  
77.770001 0.012504  -0.024752  0.012812  0.645233  0.717687  0.261915  -0.745005  0.667016  0.007610  -0.169240  -0.200038  0.965061  -0.025174  0.031427  -0.026201  -0.354173  -0.211075  -0.079538  1.000000  
77.771250 0.012472  -0.024709  0.012778  0.645312  0.717717  0.261639  -0.744786  0.667271  0.006528  -0.169899  -0.199078  0.965144  -0.025575  0.031726  -0.026160  -0.384223  -0.225754  -0.096379  1.000000  
77.772500 0.012438  -0.024666  0.012746  0.645238  0.717883  0.261366  -0.744700  0.667377  0.005393  -0.170558  -0.198119  0.965225  -0.026184  0.031955  -0.025956  -0.412489  -0.238888  -0.099022  1.000000  
77.773501 0.012410  -0.024632  0.012721  0.645193  0.718053  0.261010  -0.744648  0.667442  0.004533  -0.170954  -0.197285  0.965326  -0.026658  0.032274  -0.025688  -0.435669  -0.246310  -0.107388  1.000000  
77.774750 0.012372  -0.024590  0.012693  0.645271  0.718114  0.260648  -0.744429  0.667693  0.003370  -0.171613  -0.196209  0.965428  -0.027142  0.032482  -0.025305  -0.466862  -0.262449  -0.117538  1.000000  
77.775751 0.012341  -0.024557  0.012670  0.645211  0.718298  0.260289  -0.744359  0.667775  0.002332  -0.172140  -0.195253  0.965528  -0.027394  0.032689  -0.025190  -0.495092  -0.275579  -0.120130  1.000000  
77.777001 0.012304  -0.024515  0.012641  0.645135  0.718497  0.259928  -0.744272  0.667875  0.001115  -0.172799  -0.194176  0.965627  -0.027608  0.033004  -0.025176  -0.527429  -0.293122  -0.123620  1.000000  
77.778009 0.012275  -0.024480  0.012615  0.645074  0.718681  0.259570  -0.744202  0.667954  0.000076  -0.173326  -0.193221  0.965724  -0.027718  0.033384  -0.025434  -0.556169  -0.308795  -0.127204  1.000000  
77.779255 0.012239  -0.024435  0.012580  0.644998  0.718911  0.259121  -0.744114  0.668051  -0.001223  -0.173985  -0.192027  0.965844  -0.027979  0.033773  -0.025810  -0.587822  -0.325239  -0.137371  1.000000  
77.780262 0.012210  -0.024397  0.012552  0.644937  0.719127  0.258675  -0.744044  0.668126  -0.002343  -0.174512  -0.190954  0.965962  -0.028146  0.034330  -0.026123  -0.617136  -0.339722  -0.133129  1.000000  
77.781503 0.012174  -0.024351  0.012516  0.644845  0.719372  0.258223  -0.743938  0.668238  -0.003820  -0.175302  -0.189638  0.966078  -0.028100  0.034531  -0.026172  -0.649878  -0.357541  -0.136508  1.000000  
77.782759 0.012140  -0.024305  0.012484  0.644753  0.719616  0.257771  -0.743831  0.668346  -0.005298  -0.176093  -0.188322  0.966192  -0.028140  0.034871  -0.026017  -0.682288  -0.379586  -0.140693  1.000000  
77.784016 0.012105  -0.024257  0.012453  0.644522  0.720047  0.257145  -0.743875  0.668284  -0.006812  -0.176751  -0.186893  0.966349  -0.028264  0.035220  -0.025707  -0.719978  -0.398620  -0.137244  1.000000  
77.785251 0.012071  -0.024209  0.012424  0.644429  0.720354  0.256518  -0.743767  0.668385  -0.008452  -0.177541  -0.185342  0.966503  -0.028510  0.035637  -0.025418  -0.761107  -0.416597  -0.140516  1.000000  
77.786501 0.012036  -0.024162  0.012394  0.644336  0.720692  0.255802  -0.743659  0.668481  -0.010174  -0.178331  -0.183674  0.966676  -0.028666  0.035952  -0.025154  -0.803036  -0.440145  -0.137839  1.000000  
77.787751 0.011999  -0.024116  0.012363  0.644242  0.720998  0.255174  -0.743551  0.668575  -0.011815  -0.179121  -0.182123  0.966823  -0.028773  0.036146  -0.025076  -0.839710  -0.457927  -0.140935  1.000000  
77.789001 0.011964  -0.024068  0.012331  0.643994  0.721474  0.254455  -0.743575  0.668515  -0.013589  -0.179911  -0.180455  0.966989  -0.028653  0.036475  -0.025307  -0.879554  -0.474419  -0.129542  1.000000  
77.790001 0.011936  -0.024031  0.012304  0.643931  0.721780  0.253743  -0.743502  0.668567  -0.014953  -0.180437  -0.179029  0.967156  -0.028487  0.036752  -0.025536  -0.912455  -0.483596  -0.130905  1.000000  
77.791001 0.011910  -0.023994  0.012277  0.643868  0.722087  0.253031  -0.743429  0.668616  -0.016318  -0.180964  -0.177604  0.967321  -0.028290  0.037004  -0.025843  -0.945891  -0.493739  -0.125523  1.000000  
77.792009 0.011882  -0.023956  0.012248  0.643804  0.722423  0.252231  -0.743355  0.668661  -0.017764  -0.181490  -0.176061  0.967504  -0.028138  0.037293  -0.026152  -0.987047  -0.507859  -0.121008  1.000000  
77.793012 0.011856  -0.023918  0.012220  0.643725  0.722713  0.251603  -0.743263  0.668723  -0.019226  -0.182148  -0.174631  0.967640  -0.027924  0.037510  -0.026267  -1.015519  -0.521196  -0.123074  1.000000  
77.794255 0.011822  -0.023869  0.012186  0.643629  0.723079  0.250796  -0.743153  0.668791  -0.021030  -0.182937  -0.172844  0.967811  -0.027740  0.037741  -0.026285  -1.053493  -0.531530  -0.117451  1.000000  
77.795262 0.011796  -0.023830  0.012160  0.643549  0.723398  0.250080  -0.743060  0.668844  -0.022574  -0.183595  -0.171297  0.967962  -0.027594  0.037790  -0.026092  -1.083657  -0.541639  -0.118754  1.000000  
77.796505 0.011763  -0.023782  0.012131  0.643605  0.723625  0.249277  -0.742816  0.669054  -0.024328  -0.184384  -0.169510  0.968127  -0.027453  0.037934  -0.025686  -1.118615  -0.553854  -0.120396  1.000000  
77.797506 0.011736  -0.023743  0.012109  0.643540  0.723959  0.248475  -0.742741  0.669082  -0.025774  -0.184910  -0.167966  0.968295  -0.027402  0.038095  -0.025402  -1.146959  -0.553904  -0.119738  1.000000  
77.798754 0.011702  -0.023695  0.012082  0.643612  0.724259  0.247412  -0.742515  0.669261  -0.027593  -0.185567  -0.165948  0.968517  -0.027410  0.038173  -0.025167  -1.187805  -0.558543  -0.119778  1.000000  
77.800010 0.011668  -0.023646  0.012054  0.643530  0.724696  0.246342  -0.742421  0.669285  -0.029462  -0.186225  -0.163930  0.968735  -0.027306  0.038117  -0.025042  -1.229565  -0.564295  -0.113083  1.000000  
77.801250 0.011632  -0.023601  0.012024  0.643585  0.724979  0.245363  -0.742175  0.669471  -0.031380  -0.187013  -0.161907  0.968923  -0.027352  0.038028  -0.025104  -1.259025  -0.567519  -0.119646  1.000000  
77.802385 0.011604  -0.023565  0.011998  0.643503  0.725325  0.244557  -0.742081  0.669498  -0.033006  -0.187670  -0.160241  0.969073  -0.027073  0.037577  -0.024890  -1.288183  -0.569851  -0.119342  1.000000  
77.803500 0.011568  -0.023520  0.011967  0.643421  0.725817  0.243309  -0.741986  0.669500  -0.035039  -0.188328  -0.157987  0.969316  -0.027369  0.037828  -0.025111  -1.331802  -0.576651  -0.119604  1.000000  
77.804500 0.011540  -0.023484  0.011943  0.643491  0.726023  0.242509  -0.741758  0.669668  -0.036616  -0.188984  -0.156321  0.969458  -0.027337  0.037759  -0.024965  -1.363339  -0.581652  -0.119794  1.000000  
77.805500 0.011512  -0.023447  0.011918  0.643408  0.726395  0.241613  -0.741662  0.669678  -0.038325  -0.189641  -0.154537  0.969616  -0.027371  0.037743  -0.024792  -1.391880  -0.586251  -0.119782  1.000000  
77.806750 0.011477  -0.023401  0.011890  0.643324  0.726854  0.240451  -0.741566  0.669670  -0.040277  -0.190298  -0.152400  0.969825  -0.027474  0.037595  -0.024405  -1.424751  -0.585940  -0.118688  1.000000  
77.808014 0.011442  -0.023356  0.011862  0.643207  0.727314  0.239371  -0.741431  0.669681  -0.042506  -0.191218  -0.150137  0.969997  -0.027538  0.037439  -0.023826  -1.464873  -0.595365  -0.119326  1.000000  
77.809253 0.011407  -0.023311  0.011836  0.643259  0.727677  0.238125  -0.741183  0.669816  -0.044670  -0.192006  -0.147760  0.970207  -0.027692  0.037205  -0.023297  -1.500388  -0.598418  -0.125554  1.000000  
77.810254 0.011380  -0.023274  0.011817  0.643192  0.728087  0.237053  -0.741105  0.669787  -0.046362  -0.192531  -0.145861  0.970390  -0.027741  0.037098  -0.022916  -1.528982  -0.598728  -0.124669  1.000000  
77.811503 0.011344  -0.023230  0.011792  0.643090  0.728584  0.235797  -0.740988  0.669759  -0.048575  -0.193318  -0.143484  0.970588  -0.027887  0.036808  -0.022621  -1.569705  -0.599327  -0.123692  1.000000  
77.812753 0.011309  -0.023186  0.011765  0.642988  0.729108  0.234451  -0.740870  0.669719  -0.050870  -0.194106  -0.140989  0.970796  -0.027999  0.036495  -0.022605  -1.605758  -0.599194  -0.122374  1.000000  
77.814002 0.011274  -0.023143  0.011737  0.642903  0.729614  0.233108  -0.740772  0.669663  -0.052985  -0.194762  -0.138615  0.971006  -0.028087  0.036068  -0.022643  -1.637177  -0.598446  -0.127888  1.000000  
77.815003 0.011245  -0.023109  0.011715  0.642817  0.730005  0.232117  -0.740674  0.669628  -0.054775  -0.195418  -0.136712  0.971144  -0.028198  0.035842  -0.022622  -1.662242  -0.598935  -0.127091  1.000000  
77.816249 0.011208  -0.023068  0.011687  0.642714  0.730495  0.230856  -0.740555  0.669575  -0.056989  -0.196206  -0.134334  0.971317  -0.028278  0.035560  -0.022459  -1.686914  -0.599281  -0.125869  1.000000  
77.817258 0.011178  -0.023035  0.011666  0.642476  0.731050  0.229764  -0.740588  0.669372  -0.058907  -0.196862  -0.132314  0.971462  -0.028664  0.035644  -0.022337  -1.712033  -0.600365  -0.118095  1.000000  
77.818500 0.011140  -0.022994  0.011643  0.642372  0.731564  0.228412  -0.740468  0.669299  -0.061201  -0.197649  -0.129818  0.971639  -0.028515  0.035020  -0.021585  -1.743874  -0.599727  -0.123602  1.000000  
77.819500 0.011111  -0.022961  0.011625  0.642285  0.732005  0.227240  -0.740368  0.669228  -0.063154  -0.198304  -0.127679  0.971789  -0.028680  0.034739  -0.021129  -1.765715  -0.603744  -0.122993  1.000000  
77.820501 0.011082  -0.022928  0.011608  0.642181  0.732434  0.226153  -0.740248  0.669165  -0.065204  -0.199091  -0.125536  0.971907  -0.028714  0.034534  -0.020646  -1.792613  -0.613458  -0.123489  1.000000  
77.821750 0.011046  -0.022887  0.011588  0.642076  0.732970  0.224709  -0.740127  0.669063  -0.067579  -0.199878  -0.122922  0.972080  -0.028774  0.034278  -0.020027  -1.817707  -0.618411  -0.122800  1.000000  
77.822751 0.011018  -0.022854  0.011572  0.641988  0.733406  0.223534  -0.740026  0.668975  -0.069531  -0.200533  -0.120783  0.972213  -0.028805  0.034077  -0.019676  -1.838783  -0.617818  -0.121432  1.000000  
77.824010 0.010983  -0.022812  0.011551  0.641882  0.733964  0.221999  -0.739904  0.668850  -0.071987  -0.201320  -0.118051  0.972386  -0.028749  0.033777  -0.019331  -1.870820  -0.618003  -0.119985  1.000000  
77.825251 0.010950  -0.022772  0.011530  0.641776  0.734493  0.220551  -0.739781  0.668726  -0.074361  -0.202106  -0.115436  0.972537  -0.028705  0.033490  -0.019116  -1.895690  -0.618486  -0.118596  1.000000  
77.826500 0.010915  -0.022733  0.011508  0.641670  0.735047  0.219013  -0.739659  0.668584  -0.076816  -0.202892  -0.112704  0.972693  -0.028606  0.033153  -0.018904  -1.928950  -0.619600  -0.110478  1.000000  
77.827506 0.010888  -0.022701  0.011491  0.641581  0.735501  0.217745  -0.739556  0.668461  -0.078849  -0.203547  -0.110447  0.972816  -0.028542  0.032851  -0.018590  -1.952952  -0.624153  -0.109892  1.000000  
77.828506 0.010861  -0.022671  0.011474  0.641321  0.736082  0.216544  -0.739564  0.668191  -0.081024  -0.204333  -0.108186  0.972905  -0.028495  0.032561  -0.018214  -1.979988  -0.635924  -0.096613  1.000000  
77.829507 0.010833  -0.022641  0.011459  0.641249  0.736568  0.215099  -0.739482  0.668036  -0.083038  -0.204857  -0.105814  0.973056  -0.028432  0.032322  -0.017702  -2.000491  -0.635422  -0.095267  1.000000  
77.830755 0.010797  -0.022605  0.011441  0.640989  0.737274  0.213448  -0.739489  0.667702  -0.085617  -0.205643  -0.102963  0.973196  -0.028468  0.032052  -0.017162  -2.034384  -0.637295  -0.086997  1.000000  
77.832010 0.010762  -0.022570  0.011428  0.640747  0.738011  0.211620  -0.739517  0.667338  -0.088177  -0.206297  -0.099998  0.973366  -0.028170  0.031521  -0.016176  -2.078571  -0.637574  -0.071631  1.000000  
77.833255 0.010727  -0.022535  0.011415  0.640486  0.738711  0.209964  -0.739523  0.666985  -0.090753  -0.207083  -0.097147  0.973488  -0.028003  0.031155  -0.015437  -2.091193  -0.640299  -0.063522  1.000000  
77.834500 0.010694  -0.022500  0.011401  0.640377  0.739320  0.208145  -0.739397  0.666753  -0.093447  -0.207868  -0.094061  0.973624  -0.027802  0.030780  -0.014922  -2.124036  -0.640517  -0.055364  1.000000  
77.835500 0.010666  -0.022472  0.011390  0.640152  0.739953  0.206582  -0.739445  0.666397  -0.095581  -0.208392  -0.091570  0.973749  -0.027690  0.030418  -0.014498  -2.149692  -0.637062  -0.046736  1.000000  
77.836503 0.010640  -0.022444  0.011377  0.639908  0.740599  0.205013  -0.739471  0.666032  -0.097894  -0.209046  -0.088958  0.973851  -0.027505  0.030033  -0.014248  -2.185256  -0.643302  -0.038841  1.000000  
77.837751 0.010608  -0.022409  0.011362  0.639798  0.741222  0.203098  -0.739344  0.665760  -0.100666  -0.209831  -0.085754  0.973970  -0.027339  0.029611  -0.013935  -2.219100  -0.639289  -0.036532  1.000000  
77.839004 0.010576  -0.022374  0.011347  0.639706  0.741871  0.201006  -0.739238  0.665456  -0.103420  -0.210485  -0.082433  0.974115  -0.027163  0.029213  -0.013620  -2.252065  -0.635416  -0.027399  1.000000  
77.840007 0.010548  -0.022349  0.011334  0.639632  0.742377  0.199367  -0.739153  0.665210  -0.105589  -0.211008  -0.079824  0.974220  -0.027194  0.028683  -0.013264  -2.276475  -0.635458  -0.025939  1.000000  
77.841251 0.010513  -0.022317  0.011321  0.639521  0.742986  0.197447  -0.739024  0.664907  -0.108359  -0.211793  -0.076620  0.974307  -0.027251  0.028204  -0.012667  -2.302310  -0.634746  -0.024592  1.000000  
77.842500 0.010476  -0.022286  0.011313  0.639428  0.743596  0.195439  -0.738917  0.664586  -0.111029  -0.212446  -0.073418  0.974411  -0.027475  0.027669  -0.011895  -2.330598  -0.634804  -0.022789  1.000000  
77.843504 0.010445  -0.022264  0.011307  0.639354  0.744090  0.193795  -0.738831  0.664316  -0.113196  -0.212969  -0.070809  0.974490  -0.027692  0.027154  -0.011167  -2.354018  -0.631176  -0.020350  1.000000  
77.844508 0.010414  -0.022241  0.011303  0.639431  0.744467  0.192084  -0.738613  0.664178  -0.115404  -0.213492  -0.068083  0.974570  -0.027917  0.026631  -0.010341  -2.380794  -0.625943  -0.025126  1.000000  
77.845756 0.010373  -0.022213  0.011299  0.639337  0.745087  0.189981  -0.738505  0.663815  -0.118152  -0.214146  -0.064763  0.974652  -0.028311  0.026076  -0.009523  -2.414674  -0.622132  -0.023316  1.000000  
77.847005 0.010331  -0.022185  0.011295  0.639396  0.745542  0.187991  -0.738265  0.663610  -0.120780  -0.214799  -0.061561  0.974716  -0.028748  0.025692  -0.008866  -2.435884  -0.615996  -0.034091  1.000000  
77.848011 0.010298  -0.022162  0.011291  0.639491  0.745844  0.186464  -0.738068  0.663486  -0.122647  -0.215191  -0.059191  0.974776  -0.029071  0.025257  -0.008391  -2.445579  -0.606181  -0.038564  1.000000  
77.849251 0.010257  -0.022135  0.011286  0.639548  0.746267  0.184563  -0.737827  0.663278  -0.125193  -0.215844  -0.056109  0.974814  -0.029605  0.024720  -0.007796  -2.461342  -0.601394  -0.043135  1.000000  
77.850251 0.010225  -0.022113  0.011283  0.639473  0.746716  0.183004  -0.737740  0.662979  -0.127277  -0.216367  -0.053619  0.974839  -0.029932  0.024326  -0.007286  -2.473650  -0.592552  -0.040891  1.000000  
77.851500 0.010183  -0.022086  0.011281  0.639549  0.747157  0.180926  -0.737520  0.662732  -0.129804  -0.216890  -0.050420  0.974893  -0.030469  0.023815  -0.006443  -2.492039  -0.582682  -0.045275  1.000000  
77.852501 0.010149  -0.022065  0.011281  0.639492  0.747624  0.179188  -0.737455  0.662398  -0.131868  -0.217281  -0.047814  0.974937  -0.031002  0.023360  -0.005617  -2.508860  -0.574244  -0.042888  1.000000  
77.853750 0.010106  -0.022039  0.011282  0.639415  0.748256  0.176808  -0.737367  0.661932  -0.134672  -0.217804  -0.044261  0.974988  -0.031732  0.022824  -0.004520  -2.532466  -0.565149  -0.040469  1.000000  
77.855005 0.010063  -0.022014  0.011285  0.639339  0.748838  0.174607  -0.737279  0.661487  -0.137314  -0.218326  -0.040944  0.975017  -0.032385  0.022341  -0.003319  -2.561548  -0.556498  -0.037859  1.000000  
77.856007 0.010027  -0.021994  0.011289  0.639281  0.749270  0.172956  -0.737212  0.661147  -0.139294  -0.218718  -0.038457  0.975030  -0.032941  0.021874  -0.002211  -2.573490  -0.547556  -0.035841  1.000000  
77.857251 0.009983  -0.021970  0.011295  0.639205  0.749820  0.170843  -0.737124  0.660702  -0.141853  -0.219240  -0.035259  0.975034  -0.033440  0.021428  -0.001238  -2.585287  -0.538834  -0.033706  1.000000  
77.858500 0.009937  -0.021948  0.011301  0.638976  0.750500  0.168698  -0.737167  0.660092  -0.144445  -0.219762  -0.032062  0.975026  -0.033881  0.021065  -0.000394  -2.597668  -0.525636  -0.031083  1.000000  
77.859750 0.009891  -0.021925  0.011308  0.638747  0.751174  0.166551  -0.737209  0.659472  -0.147034  -0.220284  -0.028865  0.975009  -0.034268  0.020741  0.000424  -2.611064  -0.521700  -0.022457  1.000000  
77.860755 0.009855  -0.021905  0.011315  0.638689  0.751589  0.164893  -0.737142  0.659104  -0.149009  -0.220676  -0.026379  0.974990  -0.034483  0.020528  0.001076  -2.614767  -0.512139  -0.027035  1.000000  
77.861766 0.009820  -0.021885  0.011321  0.638479  0.752136  0.163204  -0.737207  0.658574  -0.151017  -0.221067  -0.023893  0.974966  -0.034628  0.020297  0.001806  -2.618435  -0.507636  -0.025473  1.000000  
77.863012 0.009776  -0.021859  0.011332  0.638250  0.752736  0.161323  -0.737248  0.657986  -0.153361  -0.221589  -0.021052  0.974913  -0.034823  0.020180  0.002845  -2.618344  -0.498710  -0.023451  1.000000  
77.864013 0.009740  -0.021838  0.011342  0.638040  0.753256  0.159721  -0.737313  0.657462  -0.155286  -0.221980  -0.018686  0.974872  -0.035010  0.020135  0.003798  -2.615328  -0.494588  -0.015201  1.000000  
77.865264 0.009695  -0.021811  0.011358  0.637658  0.753983  0.157804  -0.737485  0.656703  -0.157659  -0.222502  -0.015846  0.974803  -0.035287  0.020104  0.005102  -2.608459  -0.485982  -0.006462  1.000000  
77.866291 0.009659  -0.021789  0.011373  0.637429  0.754494  0.156283  -0.737526  0.656169  -0.159678  -0.223024  -0.013479  0.974720  -0.035355  0.020121  0.006194  -2.596675  -0.480830  -0.004984  1.000000  
77.867292 0.009623  -0.021767  0.011389  0.637066  0.755156  0.154550  -0.737721  0.655453  -0.161709  -0.223415  -0.010995  0.974661  -0.035593  0.020173  0.007338  -2.601092  -0.472803  0.010165  1.000000  
77.868501 0.009578  -0.021739  0.011411  0.636684  0.755870  0.152624  -0.737892  0.654671  -0.164074  -0.223937  -0.008157  0.974569  -0.035810  0.020380  0.008791  -2.591342  -0.469547  0.025376  1.000000  
77.869750 0.009534  -0.021710  0.011434  0.636150  0.756731  0.150569  -0.738195  0.653706  -0.166546  -0.224459  -0.005201  0.974470  -0.035846  0.020583  0.010170  -2.586521  -0.466469  0.046568  1.000000  
77.871003 0.009490  -0.021681  0.011458  0.635596  0.757550  0.148779  -0.738473  0.652772  -0.168955  -0.225110  -0.002482  0.974330  -0.035804  0.020889  0.011272  -2.574836  -0.467136  0.068051  1.000000  
77.872007 0.009456  -0.021657  0.011477  0.635233  0.758178  0.147125  -0.738667  0.652048  -0.170895  -0.225501  -0.000118  0.974243  -0.035747  0.021216  0.012383  -2.570300  -0.457760  0.083941  1.000000  
77.873251 0.009413  -0.021627  0.011502  0.634546  0.759105  0.145299  -0.739098  0.650964  -0.173150  -0.226023  0.002481  0.974119  -0.035536  0.021737  0.013639  -2.551633  -0.454790  0.111263  1.000000  
77.874500 0.009372  -0.021596  0.011529  0.634010  0.759945  0.143227  -0.739398  0.649964  -0.175607  -0.226544  0.005435  0.973986  -0.035208  0.022280  0.014943  -2.546187  -0.450929  0.139652  1.000000  
77.875750 0.009333  -0.021563  0.011557  0.633302  0.760914  0.141200  -0.739804  0.648798  -0.178188  -0.227196  0.008387  0.973813  -0.034810  0.022785  0.016148  -2.540029  -0.451217  0.167840  1.000000  
77.877016 0.009295  -0.021530  0.011588  0.632594  0.761878  0.139166  -0.740210  0.647622  -0.180764  -0.227847  0.011338  0.973631  -0.034374  0.023371  0.017798  -2.538996  -0.450489  0.204520  1.000000  
77.878253 0.009258  -0.021496  0.011622  0.631885  0.762835  0.137128  -0.740614  0.646436  -0.183335  -0.228498  0.014288  0.973439  -0.033974  0.023832  0.019168  -2.551752  -0.456717  0.240354  1.000000  
77.879253 0.009227  -0.021469  0.011651  0.631348  0.763553  0.135593  -0.740911  0.645533  -0.185304  -0.229020  0.016529  0.973281  -0.033593  0.024298  0.020400  -2.546108  -0.455280  0.267648  1.000000  
77.880259 0.009197  -0.021441  0.011680  0.630811  0.764269  0.134055  -0.741207  0.644625  -0.187271  -0.229540  0.018770  0.973118  -0.033230  0.024647  0.021474  -2.541914  -0.459338  0.288792  1.000000  
77.881502 0.009160  -0.021406  0.011719  0.630234  0.765049  0.132311  -0.741456  0.643614  -0.189745  -0.230322  0.021481  0.972877  -0.032625  0.025254  0.022956  -2.528457  -0.463421  0.317135  1.000000  
77.882506 0.009130  -0.021378  0.011749  0.629696  0.765741  0.130859  -0.741751  0.642716  -0.191628  -0.230842  0.023602  0.972705  -0.032170  0.025607  0.023777  -2.516554  -0.467315  0.338349  1.000000  
77.883508 0.009101  -0.021350  0.011779  0.629158  0.766446  0.129312  -0.742046  0.641789  -0.193585  -0.231363  0.025840  0.972524  -0.031717  0.025958  0.024559  -2.501010  -0.471119  0.359717  1.000000  
77.884749 0.009064  -0.021314  0.011817  0.628579  0.767199  0.127650  -0.742292  0.640779  -0.195971  -0.232144  0.028430  0.972266  -0.031306  0.026395  0.025529  -2.485742  -0.475427  0.378013  1.000000  
77.886006 0.009028  -0.021279  0.011857  0.627980  0.767951  0.126068  -0.742514  0.639757  -0.198453  -0.233055  0.031017  0.971969  -0.030720  0.026816  0.026730  -2.470443  -0.492223  0.399360  1.000000  
77.887250 0.008991  -0.021244  0.011898  0.627380  0.768715  0.124388  -0.742735  0.638702  -0.201009  -0.233966  0.033721  0.971660  -0.030323  0.027206  0.027859  -2.459167  -0.504393  0.420819  1.000000  
77.888250 0.008962  -0.021215  0.011934  0.626840  0.769391  0.122920  -0.743026  0.637772  -0.202876  -0.234486  0.035838  0.971459  -0.030062  0.027479  0.028762  -2.446491  -0.507438  0.439165  1.000000  
77.889256 0.008933  -0.021186  0.011969  0.626453  0.769933  0.121491  -0.743188  0.636995  -0.204716  -0.235006  0.037954  0.971253  -0.029750  0.027811  0.029811  -2.435572  -0.510768  0.446989  1.000000  
77.890501 0.008898  -0.021149  0.012015  0.625872  0.770697  0.119623  -0.743430  0.635896  -0.207239  -0.235787  0.040773  0.970949  -0.029535  0.028106  0.031042  -2.433133  -0.518704  0.464872  1.000000  
77.891750 0.008862  -0.021112  0.012061  0.625158  0.771584  0.117625  -0.743824  0.634632  -0.209683  -0.236437  0.043593  0.970669  -0.029385  0.028405  0.032111  -2.426989  -0.521735  0.486702  1.000000  
77.892751 0.008833  -0.021083  0.012098  0.624771  0.772144  0.116000  -0.743985  0.633785  -0.211667  -0.236957  0.045941  0.970433  -0.029364  0.028550  0.032798  -2.432434  -0.524877  0.494542  1.000000  
77.893767 0.008804  -0.021054  0.012134  0.624250  0.772812  0.114339  -0.744298  0.632804  -0.213496  -0.237347  0.048173  0.970230  -0.029201  0.028527  0.033280  -2.430234  -0.522909  0.513127  1.000000  
77.895004 0.008766  -0.021018  0.012178  0.623688  0.773554  0.112372  -0.744561  0.631676  -0.215904  -0.237996  0.050989  0.969927  -0.029212  0.028640  0.033711  -2.433445  -0.526329  0.517276  1.000000  
77.896008 0.008736  -0.020990  0.012213  0.623299  0.774076  0.110927  -0.744720  0.630862  -0.217726  -0.238516  0.053100  0.969686  -0.029215  0.028658  0.034079  -2.430674  -0.525492  0.530320  1.000000  
77.897252 0.008696  -0.020956  0.012255  0.622757  0.774804  0.108870  -0.745007  0.629724  -0.220027  -0.239036  0.055915  0.969399  -0.029441  0.028607  0.034356  -2.423408  -0.523776  0.533838  1.000000  
77.898501 0.008654  -0.020921  0.012299  0.622215  0.775513  0.106903  -0.745293  0.628605  -0.222247  -0.239555  0.058611  0.969112  -0.029822  0.028568  0.034676  -2.416223  -0.521247  0.539038  1.000000  
77.899533 0.008619  -0.020895  0.012334  0.621693  0.776161  0.105227  -0.745603  0.627593  -0.224059  -0.239945  0.060839  0.968878  -0.030147  0.028359  0.034941  -2.411515  -0.519251  0.546394  1.000000  
77.900752 0.008574  -0.020861  0.012378  0.621150  0.776872  0.103159  -0.745888  0.626433  -0.226347  -0.240465  0.063651  0.968569  -0.030809  0.028342  0.035335  -2.418612  -0.513778  0.548267  1.000000  
77.902018 0.008528  -0.020827  0.012423  0.620607  0.777579  0.101087  -0.746173  0.625264  -0.228630  -0.240984  0.066461  0.968251  -0.031346  0.028210  0.035585  -2.417182  -0.511819  0.549303  1.000000  
