1-Time 2-Px 3-Py 4-Pz 5-R11 6-R21 7-R31 8-R12 9-R22 10-R32 11-R13 12-R23 13-R33 14-Vx 15-Vy 16-Vz 17-Wx 18-Wy 19-Wz 20-state
168.275368 0.045359  -0.007063  -0.008774  0.158004  0.970616  0.181489  -0.976765  0.126682  0.172865  0.144795  -0.204586  0.968080  0.000070  -0.000947  -0.001844  0.000000  0.000000  0.000000  1.000000  
168.276522 0.045357  -0.007067  -0.008773  0.158004  0.970616  0.181489  -0.976765  0.126682  0.172865  0.144795  -0.204586  0.968080  -0.002256  -0.003866  0.000689  0.000000  0.000000  0.000000  1.000000  
168.277524 0.045340  -0.007079  -0.008768  0.158007  0.970612  0.181510  -0.976784  0.126709  0.172738  0.144662  -0.204590  0.968099  -0.009338  -0.007692  0.002850  0.000000  0.000000  0.000000  1.000000  
168.278769 0.045311  -0.007096  -0.008760  0.158007  0.970612  0.181510  -0.976784  0.126709  0.172738  0.144662  -0.204590  0.968099  -0.014782  -0.010118  0.004256  0.000000  0.000000  0.000000  1.000000  
168.280026 0.045289  -0.007107  -0.008755  0.158007  0.970612  0.181510  -0.976784  0.126709  0.172738  0.144662  -0.204590  0.968099  -0.015603  -0.009773  0.004073  0.000000  0.000000  0.000000  1.000000  
168.281272 0.045269  -0.007112  -0.008750  0.158007  0.970612  0.181510  -0.976784  0.126709  0.172738  0.144662  -0.204590  0.968099  -0.015718  -0.008552  0.004177  0.000000  0.000000  0.000000  1.000000  
168.282281 0.045249  -0.007115  -0.008744  0.158007  0.970612  0.181510  -0.976784  0.126709  0.172738  0.144662  -0.204590  0.968099  -0.016300  -0.007633  0.004473  0.000000  0.000000  0.000000  1.000000  
168.283528 0.045215  -0.007119  -0.008738  0.157806  0.970616  0.181663  -0.976816  0.126488  0.172715  0.144662  -0.204707  0.968074  -0.017945  -0.006919  0.004527  0.000000  0.000000  0.000000  1.000000  
168.284777 0.045181  -0.007120  -0.008731  0.157803  0.970621  0.181643  -0.976797  0.126461  0.172843  0.144795  -0.204703  0.968055  -0.019188  -0.006141  0.004576  0.000000  0.000000  0.000000  1.000000  
168.286028 0.045151  -0.007121  -0.008726  0.157803  0.970598  0.181760  -0.976797  0.126440  0.172859  0.144795  -0.204821  0.968031  -0.019817  -0.005462  0.004536  0.000000  0.000000  0.000000  1.000000  
168.287268 0.045121  -0.007121  -0.008720  0.157803  0.970598  0.181760  -0.976797  0.126440  0.172859  0.144795  -0.204821  0.968031  -0.020268  -0.004900  0.004548  0.000000  0.000000  0.000000  1.000000  
168.288517 0.045087  -0.007123  -0.008710  0.157803  0.970576  0.181878  -0.976797  0.126419  0.172874  0.144795  -0.204938  0.968006  -0.020949  -0.004585  0.004881  0.000000  0.000000  0.000000  1.000000  
168.289519 0.045054  -0.007128  -0.008700  0.157602  0.970580  0.182031  -0.976830  0.126199  0.172852  0.144795  -0.205055  0.967981  -0.021825  -0.004598  0.005302  0.000000  0.000000  0.000000  1.000000  
168.290767 0.045006  -0.007138  -0.008683  0.157602  0.970580  0.182031  -0.976830  0.126199  0.172852  0.144795  -0.205055  0.967981  -0.023521  -0.004924  0.006051  0.000000  0.000000  0.000000  1.000000  
168.291767 0.044966  -0.007150  -0.008670  0.157803  0.970554  0.181996  -0.976797  0.126398  0.172889  0.144795  -0.205055  0.967981  -0.025833  -0.005358  0.006853  0.000000  0.000000  0.000000  1.000000  
168.292768 0.044925  -0.007164  -0.008660  0.158004  0.970528  0.181960  -0.976765  0.126598  0.172927  0.144795  -0.205055  0.967981  -0.027295  -0.005455  0.007063  0.000000  0.000000  0.000000  1.000000  
168.294018 0.044874  -0.007178  -0.008653  0.158208  0.970498  0.181945  -0.976751  0.126825  0.172836  0.144662  -0.205059  0.968000  -0.028919  -0.005163  0.007129  0.000000  0.000000  0.000000  1.000000  
168.295267 0.044824  -0.007187  -0.008649  0.158413  0.970489  0.181813  -0.976738  0.127073  0.172731  0.144530  -0.204946  0.968044  -0.030815  -0.005229  0.007114  0.000000  0.000000  0.000000  1.000000  
168.296269 0.044783  -0.007192  -0.008644  0.158617  0.970459  0.181798  -0.976724  0.127300  0.172640  0.144397  -0.204950  0.968062  -0.032362  -0.005322  0.007075  0.000000  0.000000  0.000000  1.000000  
168.297517 0.044734  -0.007196  -0.008633  0.159226  0.970371  0.181733  -0.976664  0.127953  0.172497  0.144133  -0.204958  0.968100  -0.033953  -0.005341  0.007297  0.000000  0.000000  0.000000  1.000000  
168.298520 0.044696  -0.007198  -0.008622  0.159631  0.970314  0.181683  -0.976618  0.128380  0.172444  0.144000  -0.204962  0.968119  -0.034636  -0.005276  0.007726  0.000000  0.000000  0.000000  1.000000  
168.299532 0.044662  -0.007197  -0.008609  0.160234  0.970235  0.181576  -0.976519  0.128979  0.172556  0.144000  -0.204962  0.968119  -0.035172  -0.005224  0.008271  0.000000  0.000000  0.000000  1.000000  
168.300775 0.044620  -0.007196  -0.008592  0.160841  0.970128  0.181608  -0.976439  0.129584  0.172556  0.143868  -0.205083  0.968113  -0.035969  -0.005082  0.009073  0.000000  0.000000  0.000000  1.000000  
168.302023 0.044576  -0.007195  -0.008574  0.161648  0.970017  0.181487  -0.976325  0.130410  0.172578  0.143735  -0.205087  0.968132  -0.036957  -0.005059  0.009887  0.000000  0.000000  0.000000  1.000000  
168.303024 0.044536  -0.007199  -0.008560  0.162455  0.969904  0.181366  -0.976210  0.131236  0.172599  0.143603  -0.205091  0.968151  -0.037688  -0.005132  0.010320  0.000000  0.000000  0.000000  1.000000  
168.304025 0.044495  -0.007204  -0.008546  0.163058  0.969823  0.181260  -0.976110  0.131835  0.172711  0.143603  -0.205091  0.968151  -0.038405  -0.005311  0.010631  -0.009017  -0.004346  -0.183591  1.000000  
168.305269 0.044443  -0.007212  -0.008529  0.164066  0.969682  0.181103  -0.975960  0.132860  0.172770  0.143471  -0.205095  0.968169  -0.038820  -0.005210  0.010635  -0.013617  -0.001475  -0.210347  1.000000  
168.306519 0.044393  -0.007220  -0.008516  0.164668  0.969622  0.180879  -0.975859  0.133480  0.172866  0.143471  -0.204978  0.968194  -0.038854  -0.004720  0.010390  -0.020512  0.002741  -0.228495  1.000000  
168.307768 0.044339  -0.007227  -0.008509  0.165472  0.969512  0.180737  -0.975723  0.134279  0.173015  0.143471  -0.204978  0.968194  -0.039020  -0.004106  0.010148  -0.024657  0.012833  -0.256277  1.000000  
168.309018 0.044283  -0.007232  -0.008503  0.166279  0.969418  0.180498  -0.975605  0.135125  0.173019  0.143338  -0.204864  0.968238  -0.039385  -0.003645  0.009988  -0.032703  0.014085  -0.284011  1.000000  
168.310018 0.044239  -0.007234  -0.008497  0.167085  0.969324  0.180260  -0.975487  0.135971  0.173024  0.143206  -0.204751  0.968282  -0.039651  -0.003192  0.010273  -0.040415  0.015209  -0.309212  1.000000  
168.311268 0.044184  -0.007233  -0.008486  0.167888  0.969233  0.180000  -0.975349  0.136790  0.173155  0.143206  -0.204633  0.968306  -0.039935  -0.002723  0.010490  -0.048405  0.020806  -0.335752  1.000000  
168.312269 0.044144  -0.007229  -0.008475  0.168494  0.969166  0.179797  -0.975264  0.137437  0.173122  0.143073  -0.204520  0.968350  -0.039980  -0.002262  0.010694  -0.055405  0.020640  -0.356716  1.000000  
168.313517 0.044092  -0.007221  -0.008461  0.169096  0.969081  0.179690  -0.975160  0.138036  0.173233  0.143073  -0.204520  0.968350  -0.040277  -0.001547  0.010682  -0.063398  0.026279  -0.383287  1.000000  
168.314520 0.044048  -0.007215  -0.008453  0.169699  0.969017  0.179466  -0.975055  0.138655  0.173327  0.143073  -0.204403  0.968375  -0.041007  -0.001176  0.010464  -0.070387  0.030461  -0.403127  1.000000  
168.315524 0.044001  -0.007210  -0.008445  0.170301  0.968931  0.179359  -0.974950  0.139254  0.173438  0.143073  -0.204403  0.968375  -0.041874  -0.000980  0.010022  -0.077412  0.030330  -0.423926  1.000000  
168.316774 0.043941  -0.007206  -0.008438  0.170702  0.968896  0.179170  -0.974880  0.139674  0.173495  0.143073  -0.204285  0.968400  -0.043049  -0.000738  0.009250  -0.084119  0.033385  -0.440824  1.000000  
168.317776 0.043892  -0.007205  -0.008433  0.171100  0.968843  0.179076  -0.974791  0.140046  0.173696  0.143206  -0.204281  0.968381  -0.043683  -0.000452  0.008606  -0.090243  0.040653  -0.453416  1.000000  
168.318778 0.043841  -0.007205  -0.008428  0.171502  0.968807  0.178887  -0.974720  0.140466  0.173753  0.143206  -0.204164  0.968406  -0.044359  -0.000058  0.007994  -0.096264  0.043435  -0.466578  1.000000  
168.320033 0.043773  -0.007205  -0.008421  0.171699  0.968783  0.178829  -0.974666  0.140638  0.173918  0.143338  -0.204160  0.968387  -0.045381  0.000471  0.007293  -0.102347  0.050683  -0.478956  1.000000  
168.321296 0.043703  -0.007207  -0.008414  0.171893  0.968785  0.178630  -0.974593  0.140805  0.174192  0.143603  -0.204034  0.968374  -0.046696  0.000890  0.006939  -0.106446  0.059425  -0.476914  1.000000  
168.322519 0.043632  -0.007206  -0.008405  0.172291  0.968753  0.178419  -0.974503  0.141198  0.174376  0.143735  -0.203913  0.968380  -0.047912  0.001396  0.007022  -0.111645  0.065262  -0.483095  1.000000  
168.323768 0.043565  -0.007203  -0.008396  0.172488  0.968750  0.178243  -0.974449  0.141392  0.174524  0.143868  -0.203791  0.968386  -0.048717  0.002008  0.007278  -0.115729  0.074037  -0.481268  1.000000  
168.325018 0.043498  -0.007196  -0.008384  0.172886  0.968740  0.177913  -0.974358  0.141806  0.174690  0.144000  -0.203553  0.968416  -0.049380  0.002547  0.007517  -0.120803  0.084163  -0.486120  1.000000  
168.326268 0.043433  -0.007185  -0.008372  0.173284  0.968708  0.177701  -0.974268  0.142199  0.174874  0.144133  -0.203431  0.968422  -0.050270  0.003246  0.007583  -0.124836  0.093566  -0.486903  1.000000  
168.327268 0.043380  -0.007176  -0.008364  0.173484  0.968700  0.177547  -0.974233  0.142420  0.174893  0.144133  -0.203314  0.968447  -0.050908  0.003542  0.007430  -0.127893  0.100294  -0.475724  1.000000  
168.328270 0.043330  -0.007167  -0.008359  0.173885  0.968685  0.177240  -0.974161  0.142861  0.174931  0.144133  -0.203079  0.968496  -0.051683  0.003641  0.006968  -0.136019  0.104642  -0.474831  1.000000  
168.329517 0.043266  -0.007158  -0.008355  0.174287  0.968647  0.177051  -0.974089  0.143281  0.174987  0.144133  -0.202961  0.968521  -0.052165  0.003789  0.006533  -0.138006  0.102390  -0.464455  1.000000  
168.330518 0.043213  -0.007153  -0.008355  0.174885  0.968585  0.176802  -0.973962  0.143874  0.175206  0.144265  -0.202840  0.968527  -0.052522  0.003818  0.006013  -0.146075  0.111107  -0.462549  1.000000  
168.331520 0.043159  -0.007150  -0.008356  0.175286  0.968547  0.176613  -0.973890  0.144294  0.175262  0.144265  -0.202722  0.968551  -0.052928  0.003783  0.005545  -0.149072  0.114025  -0.454911  1.000000  
168.332534 0.043104  -0.007150  -0.008355  0.175887  0.968479  0.176387  -0.973782  0.144914  0.175353  0.144265  -0.202605  0.968576  -0.053376  0.003729  0.005283  -0.153294  0.117885  -0.450880  1.000000  
168.333771 0.043036  -0.007152  -0.008351  0.176489  0.968411  0.176161  -0.973673  0.145533  0.175444  0.144265  -0.202487  0.968600  -0.053677  0.003521  0.005130  -0.156448  0.116503  -0.444398  1.000000  
168.334773 0.042983  -0.007155  -0.008346  0.177290  0.968312  0.175899  -0.973527  0.146352  0.175572  0.144265  -0.202370  0.968625  -0.053653  0.003325  0.005152  -0.160449  0.120844  -0.443357  1.000000  
168.336029 0.042919  -0.007156  -0.008340  0.178292  0.968182  0.175601  -0.973344  0.147370  0.175735  0.144265  -0.202252  0.968649  -0.053201  0.003421  0.005028  -0.165484  0.122199  -0.449964  1.000000  
168.337269 0.042857  -0.007155  -0.008334  0.179294  0.968051  0.175303  -0.973160  0.148388  0.175897  0.144265  -0.202135  0.968674  -0.052601  0.003456  0.004856  -0.167542  0.125011  -0.463565  1.000000  
168.338518 0.042796  -0.007153  -0.008328  0.180299  0.967935  0.174910  -0.972994  0.149453  0.175914  0.144133  -0.201904  0.968742  -0.052095  0.003390  0.004566  -0.172544  0.126332  -0.470284  1.000000  
168.339768 0.042737  -0.007150  -0.008325  0.181501  0.967792  0.174458  -0.972771  0.150691  0.176094  0.144133  -0.201669  0.968791  -0.051611  0.003126  0.004003  -0.177589  0.132060  -0.476106  1.000000  
168.341018 0.042678  -0.007146  -0.008324  0.182903  0.967616  0.173969  -0.972508  0.152129  0.176308  0.144133  -0.201434  0.968840  -0.051122  0.002650  0.003285  -0.184646  0.136186  -0.496231  1.000000  
168.342268 0.042622  -0.007140  -0.008324  0.184107  0.967465  0.173541  -0.972301  0.153393  0.176358  0.144000  -0.201203  0.968907  -0.050532  0.002425  0.002644  -0.190048  0.139148  -0.512100  1.000000  
168.343517 0.042566  -0.007134  -0.008322  0.185308  0.967338  0.172971  -0.972072  0.154652  0.176516  0.144000  -0.200850  0.968980  -0.050002  0.001994  0.002332  -0.201762  0.142979  -0.529781  1.000000  
168.344518 0.042519  -0.007131  -0.008320  0.186109  0.967252  0.172591  -0.971919  0.155492  0.176621  0.144000  -0.200615  0.969029  -0.049700  0.001730  0.002386  -0.210168  0.144525  -0.538761  1.000000  
168.345768 0.042457  -0.007132  -0.008315  0.187505  0.967074  0.172077  -0.971631  0.156902  0.176958  0.144133  -0.200376  0.969059  -0.049448  0.001311  0.002701  -0.221278  0.153012  -0.557880  1.000000  
168.347017 0.042390  -0.007137  -0.008310  0.189105  0.966876  0.171433  -0.971321  0.158559  0.177184  0.144133  -0.200023  0.969132  -0.049457  0.000880  0.003043  -0.235273  0.161197  -0.597797  1.000000  
168.348019 0.042336  -0.007141  -0.008305  0.190501  0.966693  0.170918  -0.971029  0.159969  0.177519  0.144265  -0.199784  0.969161  -0.049417  0.000644  0.003241  -0.249353  0.169436  -0.637677  1.000000  
168.349024 0.042283  -0.007144  -0.008300  0.191701  0.966536  0.170465  -0.970793  0.161206  0.177691  0.144265  -0.199549  0.969210  -0.049244  0.000616  0.003336  -0.257373  0.170484  -0.665171  1.000000  
168.350272 0.042218  -0.007146  -0.008295  0.193092  0.966375  0.169806  -0.970478  0.162611  0.178132  0.144530  -0.199189  0.969245  -0.049261  0.000657  0.003191  -0.272782  0.183109  -0.703314  1.000000  
168.351280 0.042165  -0.007146  -0.008293  0.194287  0.966220  0.169326  -0.970219  0.163822  0.178429  0.144662  -0.198950  0.969274  -0.049407  0.000657  0.002987  -0.284784  0.189899  -0.737765  1.000000  
168.352520 0.042096  -0.007146  -0.008292  0.195881  0.965995  0.168772  -0.969879  0.165430  0.178794  0.144795  -0.198711  0.969303  -0.049973  0.000540  0.002719  -0.297146  0.199581  -0.783691  1.000000  
168.353768 0.042027  -0.007145  -0.008294  0.197270  0.965807  0.168228  -0.969558  0.166814  0.179251  0.145059  -0.198468  0.969313  -0.050518  0.000490  0.002304  -0.304869  0.210451  -0.816285  1.000000  
168.354771 0.041972  -0.007143  -0.008295  0.198460  0.965652  0.167720  -0.969275  0.167998  0.179672  0.145324  -0.198225  0.969323  -0.051037  0.000436  0.002066  -0.311570  0.221955  -0.848984  1.000000  
168.356023 0.041902  -0.007138  -0.008294  0.200044  0.965451  0.166994  -0.968890  0.169576  0.180268  0.145721  -0.197860  0.969338  -0.051854  0.000462  0.002035  -0.325950  0.238861  -0.887339  1.000000  
168.357268 0.041829  -0.007134  -0.008290  0.201632  0.965242  0.166293  -0.968521  0.171180  0.180734  0.145986  -0.197500  0.969372  -0.052881  0.000395  0.002250  -0.338468  0.255058  -0.924885  1.000000  
168.358268 0.041768  -0.007131  -0.008286  0.202816  0.965086  0.165756  -0.968214  0.172338  0.181278  0.146383  -0.197253  0.969362  -0.054109  0.000180  0.002399  -0.342659  0.273435  -0.948845  1.000000  
168.359518 0.041688  -0.007130  -0.008278  0.204000  0.964969  0.164983  -0.967905  0.173541  0.181779  0.146780  -0.196771  0.969400  -0.055483  0.000061  0.002830  -0.360945  0.292764  -0.974148  1.000000  
168.360768 0.041606  -0.007130  -0.008269  0.204984  0.964866  0.164364  -0.967637  0.174523  0.182266  0.147177  -0.196406  0.969414  -0.056795  0.000139  0.003093  -0.371407  0.304109  -0.985831  1.000000  
168.361768 0.041539  -0.007130  -0.008264  0.205963  0.964767  0.163717  -0.967348  0.175480  0.182879  0.147706  -0.196038  0.969408  -0.057710  0.000437  0.003103  -0.382887  0.325638  -1.002414  1.000000  
168.363018 0.041453  -0.007130  -0.008259  0.207141  0.964651  0.162915  -0.967015  0.176658  0.183503  0.148236  -0.195552  0.969425  -0.058864  0.000716  0.003023  -0.395199  0.344261  -1.010697  1.000000  
168.364020 0.041385  -0.007128  -0.008256  0.208319  0.964513  0.162228  -0.966681  0.177814  0.184146  0.148765  -0.195184  0.969419  -0.059880  0.001108  0.002921  -0.409003  0.367289  -1.029066  1.000000  
168.365267 0.041301  -0.007122  -0.008251  0.209492  0.964399  0.161395  -0.966326  0.178968  0.184893  0.149427  -0.194694  0.969415  -0.061165  0.001569  0.002964  -0.420038  0.388426  -1.029223  1.000000  
168.366278 0.041234  -0.007117  -0.008245  0.210469  0.964275  0.160860  -0.966031  0.179904  0.185523  0.149956  -0.194443  0.969384  -0.062087  0.001970  0.003180  -0.427814  0.408999  -1.033992  1.000000  
168.367282 0.041166  -0.007111  -0.008241  0.211442  0.964176  0.160179  -0.965716  0.180837  0.186256  0.150617  -0.194070  0.969356  -0.062987  0.002403  0.003458  -0.433058  0.436334  -1.035032  1.000000  
168.368527 0.041084  -0.007100  -0.008233  0.212613  0.964057  0.159342  -0.965355  0.181992  0.186999  0.151278  -0.193580  0.969351  -0.063859  0.003022  0.004100  -0.446716  0.459442  -1.037422  1.000000  
168.369773 0.041003  -0.007089  -0.008224  0.213783  0.963917  0.158620  -0.964993  0.183124  0.187762  0.151940  -0.193207  0.969322  -0.064774  0.003537  0.004798  -0.450216  0.479859  -1.026496  1.000000  
168.371017 0.040920  -0.007079  -0.008214  0.214948  0.963782  0.157868  -0.964609  0.184232  0.188650  0.152733  -0.192831  0.969272  -0.065480  0.003923  0.005368  -0.452075  0.503231  -1.019592  1.000000  
168.372021 0.040852  -0.007073  -0.008206  0.215923  0.963671  0.157210  -0.964307  0.185192  0.189251  0.153262  -0.192462  0.969262  -0.066196  0.004152  0.005733  -0.459082  0.527743  -1.016959  1.000000  
168.373270 0.040768  -0.007065  -0.008197  0.217286  0.963513  0.156298  -0.963874  0.186522  0.190146  0.154055  -0.191968  0.969234  -0.066745  0.004471  0.005953  -0.464644  0.555114  -1.018493  1.000000  
168.374270 0.040700  -0.007059  -0.008191  0.218259  0.963400  0.155637  -0.963570  0.187483  0.190745  0.154584  -0.191599  0.969223  -0.067018  0.004787  0.005881  -0.470043  0.573775  -1.021744  1.000000  
168.375518 0.040615  -0.007054  -0.008184  0.219823  0.963194  0.154711  -0.963108  0.189038  0.191541  0.155245  -0.191109  0.969214  -0.067178  0.005197  0.005785  -0.479708  0.592410  -1.025094  1.000000  
168.376768 0.040531  -0.007048  -0.008180  0.221589  0.962940  0.153773  -0.962618  0.190815  0.192240  0.155774  -0.190622  0.969225  -0.067192  0.005494  0.005644  -0.485129  0.610959  -1.028469  1.000000  
168.378018 0.040448  -0.007041  -0.008174  0.223150  0.962727  0.152842  -0.962150  0.192371  0.193032  0.156434  -0.190132  0.969215  -0.067013  0.005932  0.005698  -0.490680  0.624344  -1.023244  1.000000  
168.379018 0.040384  -0.007033  -0.008167  0.224517  0.962546  0.151979  -0.961746  0.193753  0.193663  0.156963  -0.189646  0.969225  -0.066778  0.006320  0.005921  -0.500177  0.642887  -1.026725  1.000000  
168.380020 0.040320  -0.007024  -0.008159  0.226087  0.962298  0.151221  -0.961313  0.195334  0.194221  0.157359  -0.189281  0.969232  -0.066484  0.006618  0.006217  -0.507600  0.655275  -1.045022  1.000000  
168.381271 0.040243  -0.007012  -0.008146  0.228041  0.962014  0.150087  -0.960743  0.197310  0.195043  0.158020  -0.188673  0.969243  -0.066101  0.006973  0.006625  -0.518390  0.670644  -1.056118  1.000000  
168.382275 0.040182  -0.007002  -0.008136  0.229801  0.961743  0.149138  -0.960236  0.199089  0.195728  0.158549  -0.188186  0.969251  -0.065644  0.007295  0.006962  -0.533962  0.687326  -1.073459  1.000000  
168.383276 0.040120  -0.006992  -0.008126  0.231560  0.961468  0.148187  -0.959726  0.200868  0.196411  0.159077  -0.187700  0.969259  -0.065402  0.007357  0.007291  -0.543801  0.702454  -1.087140  1.000000  
168.384277 0.040057  -0.006982  -0.008116  0.233317  0.961189  0.147234  -0.959213  0.202647  0.197091  0.159605  -0.187214  0.969266  -0.065227  0.007418  0.007523  -0.555755  0.715063  -1.106000  1.000000  
168.385523 0.039977  -0.006972  -0.008103  0.235661  0.960787  0.146126  -0.958530  0.204996  0.197984  0.160266  -0.186723  0.969252  -0.065049  0.007346  0.007650  -0.569690  0.734425  -1.136928  1.000000  
168.386525 0.039912  -0.006965  -0.008094  0.237416  0.960500  0.145168  -0.958008  0.206775  0.198658  0.160794  -0.186237  0.969258  -0.064915  0.007373  0.007712  -0.577404  0.746668  -1.155442  1.000000  
168.387771 0.039830  -0.006957  -0.008084  0.239952  0.960061  0.143896  -0.957265  0.209345  0.199548  0.161454  -0.185628  0.969265  -0.064736  0.007407  0.007691  -0.591632  0.761622  -1.187640  1.000000  
168.389019 0.039746  -0.006950  -0.008074  0.242285  0.959664  0.142629  -0.956543  0.211693  0.200529  0.162246  -0.185016  0.969250  -0.064678  0.007420  0.007905  -0.607028  0.782239  -1.225619  1.000000  
168.390269 0.039659  -0.006943  -0.008065  0.244811  0.959217  0.141317  -0.955765  0.214239  0.201533  0.163038  -0.184404  0.969234  -0.064777  0.007466  0.008056  -0.619438  0.798772  -1.266437  1.000000  
168.391271 0.039588  -0.006939  -0.008057  0.246751  0.958873  0.140275  -0.955153  0.216192  0.202347  0.163698  -0.183913  0.969216  -0.065049  0.007409  0.008327  -0.633768  0.814451  -1.303042  1.000000  
168.392271 0.039518  -0.006933  -0.008048  0.248296  0.958614  0.139313  -0.954639  0.217751  0.203099  0.164358  -0.183423  0.969197  -0.065316  0.007473  0.008646  -0.637765  0.826539  -1.321694  1.000000  
168.393518 0.039429  -0.006925  -0.008036  0.250620  0.958178  0.138148  -0.953895  0.220075  0.204089  0.165150  -0.182928  0.969156  -0.065769  0.007500  0.009062  -0.645211  0.837188  -1.356204  1.000000  
168.394768 0.039342  -0.006915  -0.008021  0.253133  0.957712  0.136788  -0.953070  0.222597  0.205200  0.166074  -0.182311  0.969114  -0.066281  0.007489  0.009344  -0.660846  0.852837  -1.394354  1.000000  
168.395768 0.039271  -0.006907  -0.008010  0.254869  0.957396  0.135775  -0.952492  0.224354  0.205970  0.166734  -0.181820  0.969093  -0.066933  0.007258  0.009406  -0.670287  0.861933  -1.420620  1.000000  
168.397018 0.039181  -0.006896  -0.007997  0.257175  0.956955  0.134531  -0.951687  0.226631  0.207197  0.167789  -0.181317  0.969005  -0.067672  0.007204  0.009391  -0.682256  0.882181  -1.458197  1.000000  
168.398269 0.039089  -0.006886  -0.007988  0.259478  0.956524  0.133166  -0.950875  0.228934  0.208390  0.168844  -0.180697  0.968938  -0.068738  0.007038  0.009187  -0.694332  0.897737  -1.496559  1.000000  
168.399290 0.039014  -0.006879  -0.007980  0.261203  0.956201  0.132109  -0.950261  0.230667  0.209275  0.169635  -0.180202  0.968892  -0.069552  0.006871  0.008999  -0.708232  0.912169  -1.527385  1.000000  
168.400522 0.038918  -0.006872  -0.007970  0.263300  0.955829  0.130628  -0.949470  0.232776  0.210528  0.170822  -0.179459  0.968821  -0.070598  0.006671  0.008882  -0.723096  0.929430  -1.552381  1.000000  
168.401524 0.038841  -0.006867  -0.007961  0.265009  0.955511  0.129495  -0.948804  0.234464  0.211655  0.171876  -0.178956  0.968728  -0.071420  0.006512  0.008877  -0.737970  0.953449  -1.582862  1.000000  
168.402527 0.038763  -0.006863  -0.007950  0.266528  0.955231  0.128437  -0.948211  0.235980  0.212627  0.172799  -0.178456  0.968656  -0.072309  0.006369  0.009078  -0.746621  0.969718  -1.600459  1.000000  
168.403768 0.038664  -0.006857  -0.007935  0.268410  0.954892  0.127032  -0.947414  0.237823  0.214118  0.174248  -0.177823  0.968513  -0.073364  0.006267  0.009430  -0.756312  0.994973  -1.617023  1.000000  
168.404770 0.038584  -0.006852  -0.007923  0.270113  0.954548  0.126003  -0.946735  0.239487  0.215262  0.175302  -0.177437  0.968393  -0.074038  0.006254  0.009780  -0.761114  1.015768  -1.633801  1.000000  
168.406018 0.038486  -0.006846  -0.007905  0.271997  0.954194  0.124623  -0.945951  0.241355  0.216620  0.176619  -0.176807  0.968269  -0.074622  0.006329  0.010227  -0.769297  1.038089  -1.642479  1.000000  
168.407018 0.038408  -0.006839  -0.007893  0.273495  0.953915  0.123479  -0.945297  0.242828  0.217827  0.177805  -0.176299  0.968145  -0.075201  0.006393  0.010494  -0.772001  1.066530  -1.645464  1.000000  
168.408024 0.038332  -0.006831  -0.007880  0.274998  0.953626  0.122368  -0.944662  0.244323  0.218907  0.178858  -0.175795  0.968042  -0.075624  0.006454  0.010727  -0.778477  1.084422  -1.648583  1.000000  
168.409271 0.038236  -0.006822  -0.007865  0.276861  0.953259  0.121017  -0.943817  0.246122  0.220530  0.180437  -0.175274  0.967844  -0.076139  0.006464  0.010795  -0.777550  1.120113  -1.648972  1.000000  
168.410519 0.038141  -0.006811  -0.007852  0.278527  0.952939  0.119706  -0.943023  0.247726  0.222124  0.182016  -0.174753  0.967642  -0.076598  0.006484  0.010708  -0.778566  1.149086  -1.636896  1.000000  
168.411523 0.038066  -0.006802  -0.007843  0.280017  0.952648  0.118546  -0.942352  0.249202  0.223317  0.183200  -0.174244  0.967511  -0.076787  0.006486  0.010620  -0.778847  1.168905  -1.626096  1.000000  
168.412767 0.037973  -0.006792  -0.007830  0.282058  0.952225  0.117095  -0.941409  0.251177  0.225074  0.184910  -0.173718  0.967280  -0.076865  0.006561  0.010743  -0.778266  1.201987  -1.626022  1.000000  
168.413768 0.037899  -0.006785  -0.007819  0.283537  0.951919  0.116004  -0.940706  0.252605  0.226414  0.186225  -0.173322  0.967099  -0.076834  0.006562  0.010975  -0.774601  1.226092  -1.614403  1.000000  
168.414768 0.037824  -0.006778  -0.007807  0.285207  0.951573  0.114747  -0.939939  0.254257  0.227743  0.187539  -0.172809  0.966936  -0.076795  0.006629  0.011335  -0.775149  1.250397  -1.603266  1.000000  
168.415772 0.037750  -0.006772  -0.007793  0.286874  0.951209  0.113601  -0.939169  0.255882  0.229100  0.188853  -0.172413  0.966751  -0.076580  0.006610  0.011758  -0.776783  1.275979  -1.598440  1.000000  
168.416774 0.037677  -0.006767  -0.007778  0.288733  0.950802  0.112287  -0.938334  0.257731  0.230444  0.190167  -0.171900  0.966585  -0.076277  0.006645  0.012051  -0.778437  1.305074  -1.594375  1.000000  
168.418021 0.037586  -0.006759  -0.007759  0.290959  0.950298  0.110796  -0.937325  0.259929  0.232077  0.191743  -0.171377  0.966367  -0.075814  0.006774  0.012378  -0.775450  1.329664  -1.583403  1.000000  
168.419024 0.037514  -0.006752  -0.007744  0.292803  0.949890  0.109433  -0.936453  0.261757  0.233535  0.193187  -0.170859  0.966171  -0.075240  0.006947  0.012535  -0.777109  1.359542  -1.577752  1.000000  
168.420271 0.037428  -0.006743  -0.007725  0.295207  0.949328  0.107841  -0.935344  0.264129  0.235301  0.194893  -0.170331  0.965921  -0.074436  0.007155  0.012666  -0.775348  1.389616  -1.572482  1.000000  
168.421281 0.037360  -0.006734  -0.007711  0.297245  0.948835  0.106571  -0.934424  0.266147  0.236679  0.196206  -0.169935  0.965725  -0.073668  0.007303  0.012725  -0.775294  1.412951  -1.581548  1.000000  
168.422519 0.037276  -0.006722  -0.007692  0.299840  0.948198  0.104955  -0.933263  0.268737  0.238331  0.197780  -0.169411  0.965496  -0.072996  0.007562  0.012973  -0.781619  1.443011  -1.597881  1.000000  
168.423768 0.037194  -0.006708  -0.007673  0.302631  0.947491  0.103320  -0.932054  0.271543  0.239873  0.199222  -0.168892  0.965291  -0.072009  0.007826  0.013183  -0.783547  1.463434  -1.615172  1.000000  
168.425018 0.037112  -0.006696  -0.007653  0.305399  0.946789  0.101596  -0.930785  0.274306  0.241653  0.200926  -0.168364  0.965030  -0.071135  0.007967  0.013593  -0.785797  1.492723  -1.630876  1.000000  
168.426018 0.037047  -0.006686  -0.007636  0.307621  0.946209  0.100289  -0.929797  0.276540  0.242906  0.202106  -0.167972  0.964852  -0.070444  0.008081  0.014187  -0.786024  1.512082  -1.641373  1.000000  
168.427275 0.036964  -0.006675  -0.007613  0.310379  0.945479  0.098662  -0.928508  0.279273  0.244704  0.203809  -0.167560  0.964565  -0.069665  0.008065  0.014843  -0.788223  1.536586  -1.657132  1.000000  
168.428518 0.036879  -0.006665  -0.007588  0.313331  0.944687  0.096902  -0.927169  0.282250  0.246358  0.205381  -0.167036  0.964322  -0.069193  0.008120  0.015553  -0.792070  1.558475  -1.681487  1.000000  
168.429768 0.036793  -0.006656  -0.007562  0.316267  0.943881  0.095204  -0.925793  0.285176  0.248159  0.207083  -0.166624  0.964030  -0.068733  0.008129  0.016299  -0.794676  1.581191  -1.716734  1.000000  
168.430768 0.036725  -0.006648  -0.007543  0.318653  0.943210  0.093891  -0.924680  0.287551  0.249563  0.208392  -0.166343  0.963796  -0.068381  0.008272  0.016682  -0.789690  1.597682  -1.740504  1.000000  
168.432025 0.036639  -0.006639  -0.007517  0.321578  0.942386  0.092174  -0.923282  0.290474  0.251348  0.210092  -0.165930  0.963498  -0.067912  0.008476  0.017171  -0.791234  1.622331  -1.773736  1.000000  
168.433276 0.036552  -0.006628  -0.007493  0.324116  0.941674  0.090551  -0.922005  0.293009  0.253086  0.211793  -0.165517  0.963197  -0.067654  0.008684  0.017520  -0.791492  1.634565  -1.798637  1.000000  
168.434525 0.036463  -0.006616  -0.007469  0.327017  0.940840  0.088770  -0.920557  0.295910  0.254975  0.213623  -0.165100  0.962864  -0.067715  0.008824  0.017904  -0.797542  1.657508  -1.829194  1.000000  
168.435777 0.036375  -0.006604  -0.007444  0.329912  0.939986  0.087093  -0.919096  0.298779  0.256891  0.215453  -0.164798  0.962508  -0.067865  0.008941  0.018336  -0.796678  1.681119  -1.865895  1.000000  
168.437018 0.036286  -0.006591  -0.007417  0.332810  0.939125  0.085334  -0.917651  0.301698  0.258640  0.217151  -0.164385  0.962197  -0.068273  0.009033  0.018847  -0.800370  1.696466  -1.905075  1.000000  
168.438056 0.036214  -0.006580  -0.007394  0.334965  0.938470  0.084095  -0.916525  0.303822  0.260144  0.218587  -0.164214  0.961901  -0.068467  0.009065  0.019430  -0.795585  1.707256  -1.927825  1.000000  
168.439269 0.036122  -0.006566  -0.007362  0.337474  0.937709  0.082538  -0.915197  0.306321  0.261880  0.220284  -0.163916  0.961564  -0.069350  0.009180  0.020322  -0.797431  1.719149  -1.950863  1.000000  
168.440270 0.036047  -0.006554  -0.007336  0.339610  0.937061  0.081126  -0.914028  0.308454  0.263455  0.221850  -0.163624  0.961254  -0.070000  0.009276  0.020960  -0.803676  1.736064  -1.986973  1.000000  
168.441521 0.035951  -0.006541  -0.007302  0.342096  0.936295  0.079507  -0.912655  0.310931  0.265298  0.223676  -0.163320  0.960883  -0.070892  0.009409  0.021741  -0.800778  1.749786  -2.006376  1.000000  
168.442768 0.035851  -0.006529  -0.007268  0.344754  0.935456  0.077892  -0.911172  0.313546  0.267308  0.225632  -0.163128  0.960458  -0.072018  0.009460  0.022414  -0.798548  1.765668  -2.035995  1.000000  
168.444020 0.035750  -0.006518  -0.007235  0.347205  0.934691  0.076162  -0.909722  0.315980  0.269375  0.227717  -0.162814  0.960019  -0.073027  0.009634  0.022873  -0.799183  1.781534  -2.053410  1.000000  
168.445268 0.035648  -0.006505  -0.007200  0.349650  0.933911  0.074533  -0.908260  0.318381  0.271472  0.229801  -0.162616  0.959556  -0.074096  0.009777  0.023470  -0.791666  1.798190  -2.064681  1.000000  
168.446268 0.035566  -0.006495  -0.007173  0.351748  0.933224  0.073259  -0.907020  0.320423  0.273211  0.231493  -0.162549  0.959160  -0.075007  0.009979  0.023932  -0.787839  1.815123  -2.082742  1.000000  
168.447518 0.035461  -0.006482  -0.007137  0.353993  0.932498  0.071667  -0.905611  0.322629  0.275279  0.233575  -0.162350  0.958689  -0.076310  0.010210  0.024712  -0.781382  1.832554  -2.085352  1.000000  
168.448768 0.035356  -0.006467  -0.007099  0.356406  0.931700  0.070074  -0.904091  0.324972  0.277513  0.235787  -0.162260  0.958163  -0.077387  0.010423  0.025645  -0.768879  1.851629  -2.095094  1.000000  
168.449774 0.035272  -0.006455  -0.007068  0.358288  0.931074  0.068784  -0.902869  0.326799  0.279339  0.237606  -0.162186  0.957726  -0.078436  0.010599  0.026445  -0.760162  1.868111  -2.097521  1.000000  
168.451025 0.035166  -0.006439  -0.007027  0.360711  0.930249  0.067264  -0.901388  0.329179  0.281320  0.239555  -0.162106  0.957254  -0.079426  0.010878  0.027444  -0.748537  1.876809  -2.096044  1.000000  
168.452272 0.035059  -0.006423  -0.006985  0.362930  0.929486  0.065858  -0.899942  0.331311  0.283439  0.241633  -0.162136  0.956726  -0.080687  0.011044  0.028528  -0.730866  1.892219  -2.085009  1.000000  
168.453518 0.034951  -0.006407  -0.006941  0.364944  0.928804  0.064338  -0.898531  0.333265  0.285617  0.243840  -0.162044  0.956182  -0.081743  0.011135  0.029317  -0.714493  1.914889  -2.060159  1.000000  
168.454523 0.034864  -0.006394  -0.006906  0.366447  0.928283  0.063293  -0.897459  0.334689  0.287315  0.245526  -0.162089  0.955743  -0.082715  0.011195  0.029990  -0.697058  1.924012  -2.036967  1.000000  
168.455769 0.034756  -0.006378  -0.006862  0.368806  0.927464  0.061589  -0.895850  0.337003  0.289624  0.247860  -0.161990  0.955157  -0.083643  0.011405  0.030749  -0.683994  1.949077  -2.025479  1.000000  
168.456771 0.034668  -0.006366  -0.006827  0.370484  0.926868  0.060469  -0.894689  0.338616  0.291326  0.249545  -0.162033  0.954711  -0.084265  0.011554  0.031290  -0.668092  1.959570  -2.009188  1.000000  
168.458020 0.034558  -0.006350  -0.006782  0.372842  0.926023  0.058905  -0.893091  0.340910  0.293544  0.251747  -0.162053  0.954129  -0.085030  0.011799  0.032088  -0.653283  1.974626  -1.992072  1.000000  
168.459302 0.034447  -0.006335  -0.006734  0.375191  0.925180  0.057218  -0.891483  0.343238  0.295712  0.253948  -0.161957  0.953562  -0.085352  0.012050  0.032925  -0.641789  1.987390  -1.972922  1.000000  
168.460518 0.034336  -0.006319  -0.006685  0.377519  0.924332  0.055581  -0.889832  0.345508  0.298031  0.256276  -0.161970  0.952937  -0.086142  0.012341  0.034009  -0.627606  2.013613  -1.956579  1.000000  
168.461520 0.034248  -0.006306  -0.006645  0.379527  0.923588  0.054255  -0.888454  0.347475  0.299851  0.258087  -0.162005  0.952442  -0.086435  0.012466  0.034893  -0.613423  2.025193  -1.946837  1.000000  
168.462767 0.034138  -0.006289  -0.006592  0.381867  0.922714  0.052696  -0.886847  0.349781  0.301921  0.260154  -0.162027  0.951875  -0.086776  0.012704  0.035884  -0.605197  2.038624  -1.945844  1.000000  
168.463768 0.034050  -0.006274  -0.006548  0.384072  0.921872  0.051392  -0.885437  0.351973  0.303505  0.261704  -0.162072  0.951443  -0.087015  0.012838  0.036727  -0.597863  2.047721  -1.949709  1.000000  
168.464768 0.033962  -0.006260  -0.006504  0.386244  0.921042  0.049978  -0.883956  0.354124  0.305317  0.263512  -0.162105  0.950938  -0.087356  0.013035  0.037644  -0.589754  2.056475  -1.947613  1.000000  
168.465775 0.033872  -0.006245  -0.006460  0.388437  0.920184  0.048769  -0.882530  0.356275  0.306934  0.265060  -0.162264  0.950481  -0.087687  0.013110  0.038451  -0.577009  2.060490  -1.945793  1.000000  
168.467021 0.033760  -0.006228  -0.006405  0.390915  0.919217  0.047167  -0.880773  0.358703  0.309145  0.267253  -0.162393  0.949844  -0.088088  0.013220  0.039229  -0.559688  2.076937  -1.933371  1.000000  
168.468022 0.033668  -0.006214  -0.006359  0.392899  0.918433  0.045952  -0.879379  0.360639  0.310856  0.268928  -0.162545  0.949345  -0.088406  0.013299  0.039950  -0.551796  2.087692  -1.934845  1.000000  
168.469271 0.033553  -0.006197  -0.006302  0.395556  0.917367  0.044427  -0.877553  0.363232  0.312990  0.270990  -0.162792  0.948717  -0.088921  0.013368  0.040984  -0.534419  2.101111  -1.940694  1.000000  
168.470517 0.033436  -0.006180  -0.006243  0.398204  0.916294  0.042889  -0.875715  0.365820  0.315116  0.273050  -0.163039  0.948083  -0.089444  0.013373  0.041872  -0.520563  2.106979  -1.945603  1.000000  
168.471778 0.033317  -0.006164  -0.006181  0.401021  0.915138  0.041272  -0.873783  0.368592  0.317243  0.275109  -0.163284  0.947446  -0.090064  0.013458  0.043130  -0.513796  2.118360  -1.961664  1.000000  
168.473018 0.033196  -0.006147  -0.006116  0.403829  0.913975  0.039642  -0.871838  0.371359  0.319360  0.277166  -0.163528  0.946804  -0.090798  0.013555  0.044389  -0.502375  2.122861  -1.975664  1.000000  
168.474269 0.033074  -0.006131  -0.006048  0.406625  0.912800  0.038109  -0.869880  0.374083  0.321514  0.279222  -0.163886  0.946138  -0.091733  0.013611  0.045851  -0.491686  2.129270  -1.991641  1.000000  
168.475518 0.032950  -0.006113  -0.005980  0.409443  0.911603  0.036559  -0.867977  0.376880  0.323385  0.281021  -0.164141  0.945561  -0.092388  0.013712  0.047003  -0.485371  2.123864  -2.011513  1.000000  
168.476768 0.032827  -0.006095  -0.005909  0.412430  0.910315  0.035041  -0.865977  0.379820  0.325302  0.282818  -0.164509  0.944961  -0.093411  0.013816  0.048429  -0.476837  2.119679  -2.037790  1.000000  
168.477768 0.032727  -0.006081  -0.005853  0.414889  0.909250  0.033656  -0.864254  0.382252  0.327029  0.284486  -0.164768  0.944415  -0.094194  0.013865  0.049408  -0.476828  2.123286  -2.062999  1.000000  
168.479018 0.032599  -0.006063  -0.005780  0.417889  0.907927  0.032223  -0.862299  0.385222  0.328702  0.286025  -0.165147  0.943884  -0.095406  0.013837  0.050593  -0.472820  2.107621  -2.092671  1.000000  
168.480024 0.032496  -0.006049  -0.005722  0.420170  0.906914  0.031051  -0.860677  0.387438  0.330343  0.287563  -0.165525  0.943350  -0.096345  0.013772  0.051503  -0.465925  2.100949  -2.110576  1.000000  
168.481269 0.032365  -0.006033  -0.005649  0.423260  0.905534  0.029305  -0.858473  0.390504  0.332463  0.289612  -0.165876  0.942661  -0.097576  0.013662  0.052592  -0.464120  2.107042  -2.141491  1.000000  
168.482292 0.032259  -0.006020  -0.005588  0.425685  0.904442  0.027878  -0.856709  0.392918  0.334163  0.291277  -0.166131  0.942103  -0.098499  0.013588  0.053724  -0.468008  2.112287  -2.171320  1.000000  
168.483527 0.032124  -0.006005  -0.005511  0.428769  0.903032  0.026271  -0.854513  0.395951  0.336199  0.293196  -0.166600  0.941425  -0.099989  0.013481  0.055127  -0.467865  2.118042  -2.223286  1.000000  
168.484774 0.031988  -0.005989  -0.005431  0.431981  0.901548  0.024575  -0.852144  0.399082  0.338504  0.295370  -0.167168  0.940644  -0.101321  0.013383  0.056672  -0.466503  2.126970  -2.267058  1.000000  
168.485779 0.031876  -0.005978  -0.005366  0.434515  0.900367  0.023147  -0.850186  0.401545  0.340507  0.297287  -0.167634  0.939957  -0.102415  0.013236  0.057781  -0.464607  2.137272  -2.296488  1.000000  
168.487025 0.031736  -0.005965  -0.005282  0.437719  0.898855  0.021476  -0.847823  0.404680  0.342681  0.299330  -0.168206  0.939206  -0.103765  0.013046  0.059067  -0.461290  2.142930  -2.347749  1.000000  
168.488030 0.031624  -0.005953  -0.005215  0.440268  0.897640  0.020137  -0.845913  0.407171  0.344446  0.300989  -0.168683  0.938590  -0.104859  0.012968  0.060105  -0.459301  2.144283  -2.378532  1.000000  
168.489271 0.031482  -0.005939  -0.005131  0.443273  0.896193  0.018616  -0.843612  0.410065  0.346649  0.303030  -0.169365  0.937810  -0.106220  0.012782  0.061296  -0.446468  2.151427  -2.403006  1.000000  
168.490518 0.031339  -0.005925  -0.005046  0.445937  0.894895  0.017391  -0.841517  0.412560  0.348775  0.304942  -0.170166  0.937045  -0.107529  0.012579  0.062405  -0.429540  2.140428  -2.419375  1.000000  
168.491518 0.031224  -0.005914  -0.004978  0.448629  0.893574  0.016052  -0.839482  0.415174  0.350573  0.306598  -0.170753  0.936398  -0.108623  0.012303  0.063171  -0.424037  2.142648  -2.450393  1.000000  
168.492768 0.031081  -0.005899  -0.004888  0.451577  0.892112  0.014644  -0.837105  0.417939  0.352963  0.308762  -0.171648  0.935523  -0.109832  0.012042  0.064367  -0.405648  2.154923  -2.481958  1.000000  
