1-Time 2-Px 3-Py 4-Pz 5-R11 6-R21 7-R31 8-R12 9-R22 10-R32 11-R13 12-R23 13-R33 14-Vx 15-Vy 16-Vz 17-Wx 18-Wy 19-Wz 20-state
165.482613 0.005919  0.007209  0.005329  0.803204  0.453009  -0.386841  -0.561124  0.793380  -0.235984  0.200009  0.406608  0.891440  0.000273  0.000095  -0.000388  0.000000  0.000000  0.000000  1.000000  
165.483775 0.005923  0.007210  0.005331  0.803182  0.452965  -0.386938  -0.561108  0.793411  -0.235915  0.200140  0.406597  0.891416  0.003837  0.000668  0.002576  0.000000  0.000000  0.000000  1.000000  
165.484776 0.005924  0.007207  0.005331  0.803138  0.452876  -0.387134  -0.561078  0.793474  -0.235779  0.200402  0.406575  0.891367  0.002353  -0.000959  0.000975  0.000000  0.000000  0.000000  1.000000  
165.486025 0.005923  0.007202  0.005328  0.803116  0.452831  -0.387232  -0.561062  0.793505  -0.235710  0.200533  0.406564  0.891343  0.001116  -0.002183  -0.000153  0.000000  0.000000  0.000000  1.000000  
165.487270 0.005925  0.007199  0.005327  0.803072  0.452742  -0.387427  -0.561031  0.793567  -0.235574  0.200795  0.406542  0.891294  0.001205  -0.002167  -0.000331  0.000000  0.000000  0.000000  1.000000  
165.488273 0.005927  0.007198  0.005328  0.803028  0.452653  -0.387623  -0.561001  0.793629  -0.235437  0.201058  0.406519  0.891245  0.001378  -0.001992  -0.000191  0.000000  0.000000  0.000000  1.000000  
165.489516 0.005928  0.007195  0.005328  0.802984  0.452564  -0.387818  -0.560970  0.793692  -0.235301  0.201320  0.406497  0.891196  0.001281  -0.002043  -0.000037  0.000000  0.000000  0.000000  1.000000  
165.490766 0.005927  0.007192  0.005329  0.802940  0.452474  -0.388014  -0.560939  0.793754  -0.235164  0.201582  0.406475  0.891147  0.001010  -0.002100  0.000065  0.000000  0.000000  0.000000  1.000000  
165.492018 0.005929  0.007191  0.005330  0.802780  0.452549  -0.388258  -0.561073  0.793723  -0.234948  0.201844  0.406452  0.891098  0.001005  -0.001944  0.000140  0.000000  0.000000  0.000000  1.000000  
165.493266 0.005930  0.007188  0.005331  0.802736  0.452459  -0.388453  -0.561042  0.793785  -0.234811  0.202106  0.406430  0.891049  0.001052  -0.001960  0.000236  0.000000  0.000000  0.000000  1.000000  
165.494266 0.005932  0.007186  0.005332  0.802691  0.452370  -0.388648  -0.561011  0.793848  -0.234674  0.202368  0.406407  0.891000  0.001053  -0.002034  0.000285  0.000000  0.000000  0.000000  1.000000  
165.495516 0.005931  0.007182  0.005332  0.802647  0.452234  -0.388899  -0.560980  0.793882  -0.234634  0.202630  0.406493  0.890901  0.000925  -0.002091  0.000261  0.000000  0.000000  0.000000  1.000000  
165.496766 0.005931  0.007179  0.005332  0.802580  0.452100  -0.389192  -0.560934  0.793975  -0.234429  0.203023  0.406459  0.890827  0.000821  -0.002139  0.000242  0.000000  0.000000  0.000000  1.000000  
165.497766 0.005929  0.007175  0.005331  0.802420  0.452175  -0.389435  -0.561068  0.793944  -0.234212  0.203285  0.406436  0.890777  0.000573  -0.002317  0.000132  0.000000  0.000000  0.000000  1.000000  
165.499040 0.005925  0.007166  0.005330  0.802376  0.452038  -0.389686  -0.561037  0.793978  -0.234172  0.203547  0.406522  0.890679  0.000066  -0.002911  -0.000115  0.000000  0.000000  0.000000  1.000000  
165.500275 0.005921  0.007156  0.005328  0.802309  0.451904  -0.389979  -0.560990  0.794072  -0.233967  0.203940  0.406488  0.890604  -0.000190  -0.003209  -0.000092  0.000000  0.000000  0.000000  1.000000  
165.501523 0.005918  0.007147  0.005328  0.802264  0.451768  -0.390229  -0.560958  0.794106  -0.233927  0.204202  0.406573  0.890505  -0.000429  -0.003582  0.000008  0.000000  0.000000  0.000000  1.000000  
165.502524 0.005917  0.007142  0.005329  0.802241  0.451723  -0.390326  -0.560943  0.794137  -0.233859  0.204333  0.406562  0.890480  -0.000656  -0.003844  0.000105  0.000000  0.000000  0.000000  1.000000  
165.503767 0.005914  0.007135  0.005330  0.802081  0.451798  -0.390570  -0.561077  0.794106  -0.233642  0.204595  0.406539  0.890431  -0.000911  -0.004118  0.000152  0.000000  0.000000  0.000000  1.000000  
165.504768 0.005912  0.007129  0.005331  0.802036  0.451709  -0.390765  -0.561045  0.794169  -0.233505  0.204857  0.406516  0.890381  -0.001076  -0.004405  0.000204  0.000000  0.000000  0.000000  1.000000  
165.505771 0.005911  0.007124  0.005330  0.802014  0.451664  -0.390863  -0.561029  0.794200  -0.233437  0.204988  0.406505  0.890356  -0.001094  -0.004630  0.000060  0.000000  0.000000  0.000000  1.000000  
165.507016 0.005912  0.007118  0.005329  0.801969  0.451575  -0.391058  -0.560998  0.794262  -0.233300  0.205250  0.406482  0.890306  -0.001104  -0.004886  -0.000080  0.000000  0.000000  0.000000  1.000000  
165.508018 0.005913  0.007112  0.005327  0.801924  0.451486  -0.391253  -0.560966  0.794324  -0.233164  0.205512  0.406459  0.890256  -0.001173  -0.005161  -0.000276  0.000000  0.000000  0.000000  1.000000  
165.509266 0.005914  0.007103  0.005326  0.801879  0.451444  -0.391394  -0.560935  0.794415  -0.232931  0.205774  0.406329  0.890255  -0.001179  -0.005471  -0.000434  0.000000  0.000000  0.000000  1.000000  
165.510266 0.005914  0.007096  0.005324  0.801856  0.451400  -0.391491  -0.560919  0.794446  -0.232863  0.205905  0.406317  0.890230  -0.001184  -0.005821  -0.000534  -0.004263  0.208276  -0.070863  1.000000  
165.511516 0.005912  0.007088  0.005324  0.801833  0.451355  -0.391589  -0.560903  0.794477  -0.232794  0.206035  0.406306  0.890205  -0.001309  -0.006185  -0.000579  -0.004076  0.203455  -0.069714  1.000000  
165.512766 0.005910  0.007079  0.005324  0.801811  0.451311  -0.391686  -0.560888  0.794508  -0.232726  0.206166  0.406294  0.890180  -0.001287  -0.006440  -0.000515  -0.003940  0.200832  -0.069281  1.000000  
165.514021 0.005908  0.007069  0.005326  0.801811  0.451311  -0.391686  -0.560888  0.794508  -0.232726  0.206166  0.406294  0.890180  -0.001137  -0.006475  -0.000220  -0.003905  0.195053  -0.066836  1.000000  
165.515034 0.005907  0.007060  0.005330  0.801695  0.451474  -0.391734  -0.561053  0.794416  -0.232646  0.206166  0.406294  0.890180  -0.000943  -0.006474  0.000099  0.000000  0.000000  0.000000  1.000000  
165.516280 0.005906  0.007052  0.005334  0.801673  0.451430  -0.391832  -0.561037  0.794447  -0.232577  0.206297  0.406283  0.890155  -0.000774  -0.006456  0.000373  0.000000  0.000000  0.000000  1.000000  
165.517534 0.005905  0.007044  0.005337  0.801650  0.451433  -0.391875  -0.561021  0.794506  -0.232413  0.206428  0.406163  0.890179  -0.000710  -0.006515  0.000474  0.000000  0.000000  0.000000  1.000000  
165.518786 0.005905  0.007037  0.005338  0.801627  0.451388  -0.391972  -0.561005  0.794537  -0.232344  0.206559  0.406152  0.890154  -0.000563  -0.006595  0.000504  0.000000  0.000000  0.000000  1.000000  
165.520029 0.005907  0.007030  0.005340  0.801605  0.451391  -0.392015  -0.560989  0.794597  -0.232180  0.206690  0.406033  0.890178  -0.000378  -0.006538  0.000606  0.000000  0.000000  0.000000  1.000000  
165.521268 0.005909  0.007024  0.005342  0.801605  0.451391  -0.392015  -0.560989  0.794597  -0.232180  0.206690  0.406033  0.890178  -0.000192  -0.006540  0.000832  0.000000  0.000000  0.000000  1.000000  
165.522516 0.005909  0.007017  0.005344  0.801467  0.451558  -0.392106  -0.561138  0.794563  -0.231934  0.206821  0.405913  0.890202  -0.000234  -0.006567  0.001038  0.000000  0.000000  0.000000  1.000000  
165.523516 0.005908  0.007009  0.005345  0.801351  0.451769  -0.392099  -0.561303  0.794498  -0.231757  0.206821  0.405805  0.890251  -0.000356  -0.006685  0.001182  0.000000  0.000000  0.000000  1.000000  
165.524517 0.005905  0.007001  0.005346  0.801351  0.451816  -0.392044  -0.561303  0.794526  -0.231661  0.206821  0.405697  0.890300  -0.000563  -0.006722  0.001420  0.000000  0.000000  0.000000  1.000000  
165.525766 0.005901  0.006992  0.005348  0.801213  0.451983  -0.392134  -0.561452  0.794492  -0.231415  0.206952  0.405578  0.890325  -0.000758  -0.006716  0.001658  0.000000  0.000000  0.000000  1.000000  
165.527019 0.005897  0.006984  0.005350  0.801190  0.451939  -0.392232  -0.561437  0.794524  -0.231347  0.207083  0.405566  0.890299  -0.000977  -0.006736  0.001773  0.000000  0.000000  0.000000  1.000000  
165.528023 0.005893  0.006976  0.005352  0.801052  0.452105  -0.392322  -0.561586  0.794490  -0.231101  0.207214  0.405447  0.890323  -0.001097  -0.006683  0.001821  0.000000  0.000000  0.000000  1.000000  
165.529267 0.005887  0.006966  0.005353  0.800914  0.452272  -0.392412  -0.561735  0.794456  -0.230856  0.207345  0.405327  0.890347  -0.001353  -0.006726  0.001763  0.000000  0.000000  0.000000  1.000000  
165.530517 0.005884  0.006955  0.005354  0.800891  0.452323  -0.392400  -0.561719  0.794543  -0.230595  0.207475  0.405100  0.890420  -0.001534  -0.006791  0.001519  0.000000  0.000000  0.000000  1.000000  
165.531767 0.005880  0.006945  0.005355  0.800752  0.452537  -0.392435  -0.561868  0.794537  -0.230253  0.207606  0.404872  0.890493  -0.001702  -0.006875  0.001372  0.000000  0.000000  0.000000  1.000000  
165.532772 0.005878  0.006939  0.005355  0.800591  0.452660  -0.392623  -0.562000  0.794534  -0.229939  0.207868  0.404741  0.890492  -0.001807  -0.006888  0.001224  0.000000  0.000000  0.000000  1.000000  
165.534025 0.005877  0.006932  0.005355  0.800430  0.452830  -0.392755  -0.562133  0.794558  -0.229528  0.208130  0.404502  0.890539  -0.001934  -0.006907  0.001093  0.000000  0.000000  0.000000  1.000000  
165.535271 0.005875  0.006924  0.005357  0.800384  0.452837  -0.392841  -0.562101  0.794676  -0.229198  0.208392  0.404263  0.890587  -0.002216  -0.006995  0.001087  0.000000  0.000000  0.000000  1.000000  
165.536272 0.005873  0.006918  0.005358  0.800223  0.453007  -0.392973  -0.562234  0.794701  -0.228788  0.208653  0.404024  0.890634  -0.002434  -0.007086  0.001059  0.000000  0.000000  0.000000  1.000000  
165.537517 0.005869  0.006907  0.005359  0.800154  0.452970  -0.393155  -0.562186  0.794849  -0.228389  0.209046  0.403773  0.890655  -0.002713  -0.007240  0.001031  0.000000  0.000000  0.000000  1.000000  
165.538519 0.005865  0.006898  0.005361  0.800016  0.453185  -0.393190  -0.562334  0.794843  -0.228047  0.209177  0.403546  0.890728  -0.002866  -0.007392  0.001104  0.000000  0.000000  0.000000  1.000000  
165.539767 0.005859  0.006886  0.005364  0.799854  0.453355  -0.393322  -0.562467  0.794867  -0.227636  0.209438  0.403306  0.890775  -0.003035  -0.007594  0.001202  0.000000  0.000000  0.000000  1.000000  
165.540767 0.005856  0.006877  0.005366  0.799808  0.453363  -0.393407  -0.562435  0.794984  -0.227306  0.209700  0.403067  0.890821  -0.003061  -0.007691  0.001105  0.000000  0.000000  0.000000  1.000000  
165.541767 0.005852  0.006867  0.005366  0.799762  0.453370  -0.393492  -0.562402  0.795101  -0.226976  0.209962  0.402828  0.890868  -0.003005  -0.007870  0.001061  0.135533  0.156462  0.018148  1.000000  
165.543021 0.005848  0.006856  0.005366  0.799693  0.453381  -0.393620  -0.562354  0.795276  -0.226481  0.210354  0.402469  0.890938  -0.002988  -0.008008  0.000927  0.147745  0.164600  0.014448  1.000000  
165.544024 0.005846  0.006846  0.005364  0.799647  0.453388  -0.393705  -0.562321  0.795393  -0.226151  0.210616  0.402230  0.890984  -0.002827  -0.008101  0.000701  0.155891  0.172766  0.010748  1.000000  
165.545267 0.005843  0.006834  0.005362  0.799578  0.453352  -0.393887  -0.562273  0.795541  -0.225752  0.211008  0.401979  0.891004  -0.002773  -0.008222  0.000533  0.161375  0.180860  -0.000963  1.000000  
165.546268 0.005841  0.006825  0.005361  0.799532  0.453407  -0.393917  -0.562240  0.795685  -0.225326  0.211270  0.401631  0.891099  -0.002640  -0.008231  0.000408  0.173518  0.184914  -0.002776  1.000000  
165.547517 0.005842  0.006814  0.005360  0.799578  0.453255  -0.393998  -0.562027  0.795953  -0.224912  0.211662  0.401272  0.891168  -0.002477  -0.008399  0.000367  0.180221  0.190300  -0.012535  1.000000  
165.548517 0.005841  0.006805  0.005361  0.799532  0.453263  -0.394084  -0.561994  0.796069  -0.224581  0.211923  0.401033  0.891213  -0.002452  -0.008599  0.000396  0.188274  0.194312  -0.014353  1.000000  
165.549523 0.005839  0.006796  0.005362  0.799578  0.453111  -0.394165  -0.561781  0.796336  -0.224167  0.212316  0.400673  0.891282  -0.002454  -0.008900  0.000407  0.196534  0.201303  -0.024301  1.000000  
165.550772 0.005838  0.006782  0.005363  0.799624  0.453006  -0.394192  -0.561567  0.796631  -0.223656  0.212708  0.400206  0.891398  -0.002409  -0.009245  0.000410  0.211393  0.210799  -0.035980  1.000000  
165.551774 0.005836  0.006771  0.005365  0.799554  0.453018  -0.394320  -0.561518  0.796804  -0.223161  0.213100  0.399847  0.891466  -0.002349  -0.009495  0.000421  0.218064  0.216170  -0.045794  1.000000  
165.553023 0.005833  0.006757  0.005366  0.799599  0.452914  -0.394347  -0.561304  0.797098  -0.222649  0.213492  0.399379  0.891581  -0.002224  -0.009733  0.000331  0.228836  0.225678  -0.057446  1.000000  
165.554268 0.005830  0.006742  0.005366  0.799621  0.452767  -0.394472  -0.561074  0.797422  -0.222070  0.214015  0.398900  0.891671  -0.002073  -0.009887  0.000190  0.238216  0.236571  -0.077126  1.000000  
165.555268 0.005828  0.006731  0.005367  0.799574  0.452871  -0.394448  -0.561041  0.797591  -0.221546  0.214276  0.398444  0.891812  -0.001952  -0.010066  0.000123  0.254517  0.240677  -0.078916  1.000000  
165.556517 0.005825  0.006717  0.005366  0.799619  0.452767  -0.394476  -0.560827  0.797883  -0.221034  0.214669  0.397976  0.891926  -0.001858  -0.010200  0.000031  0.263852  0.243354  -0.094879  1.000000  
165.557517 0.005824  0.006706  0.005367  0.799664  0.452616  -0.394559  -0.560613  0.798148  -0.220619  0.215061  0.397616  0.891992  -0.001715  -0.010281  0.000061  0.269087  0.246020  -0.110849  1.000000  
165.558517 0.005822  0.006696  0.005367  0.799617  0.452720  -0.394535  -0.560579  0.798316  -0.220095  0.215322  0.397160  0.892133  -0.001603  -0.010391  0.000163  0.281317  0.250153  -0.112620  1.000000  
165.559767 0.005821  0.006682  0.005370  0.799638  0.452621  -0.394606  -0.560349  0.798665  -0.219418  0.215844  0.396572  0.892268  -0.001529  -0.010462  0.000505  0.294697  0.256952  -0.130400  1.000000  
165.561019 0.005820  0.006669  0.005373  0.799682  0.452613  -0.394525  -0.560134  0.799008  -0.218712  0.216236  0.395887  0.892477  -0.001437  -0.010571  0.000786  0.308063  0.259673  -0.146295  1.000000  
165.562267 0.005819  0.006657  0.005376  0.799587  0.452679  -0.394641  -0.560068  0.799262  -0.217954  0.216759  0.395299  0.892611  -0.001470  -0.010640  0.000994  0.320303  0.267109  -0.156626  1.000000  
165.563267 0.005818  0.006646  0.005378  0.799631  0.452624  -0.394616  -0.559853  0.799578  -0.217345  0.217151  0.394722  0.892771  -0.001481  -0.010809  0.001118  0.330946  0.272556  -0.166270  1.000000  
165.564521 0.005817  0.006632  0.005381  0.799536  0.452691  -0.394732  -0.559786  0.799831  -0.216585  0.217673  0.394134  0.892904  -0.001496  -0.010916  0.001266  0.344399  0.276207  -0.175522  1.000000  
165.565772 0.005815  0.006618  0.005383  0.799555  0.452688  -0.394695  -0.559555  0.800229  -0.215713  0.218195  0.393328  0.893131  -0.001497  -0.010942  0.001260  0.358934  0.276777  -0.189860  1.000000  
165.566773 0.005813  0.006606  0.005384  0.799484  0.452799  -0.394714  -0.559505  0.800450  -0.215022  0.218587  0.392751  0.893289  -0.001508  -0.011025  0.001268  0.374098  0.279139  -0.191299  1.000000  
165.567773 0.005812  0.006594  0.005384  0.799412  0.452909  -0.394733  -0.559454  0.800670  -0.214331  0.218979  0.392174  0.893447  -0.001442  -0.011090  0.001223  0.384700  0.280481  -0.199116  1.000000  
165.568774 0.005810  0.006582  0.005386  0.799455  0.452902  -0.394654  -0.559239  0.801009  -0.213624  0.219370  0.391489  0.893652  -0.001352  -0.011020  0.001290  0.399510  0.286048  -0.208813  1.000000  
165.570021 0.005808  0.006567  0.005387  0.799358  0.453066  -0.394661  -0.559172  0.801310  -0.212670  0.219893  0.390683  0.893876  -0.001336  -0.011101  0.001366  0.418369  0.291630  -0.218476  1.000000  
165.571270 0.005807  0.006554  0.005389  0.799353  0.453022  -0.394723  -0.558923  0.801733  -0.211728  0.220545  0.389865  0.894072  -0.001247  -0.011067  0.001565  0.437244  0.301352  -0.229971  1.000000  
165.572518 0.005806  0.006541  0.005394  0.799256  0.453234  -0.394675  -0.558855  0.802058  -0.210675  0.221067  0.388950  0.894342  -0.001222  -0.011030  0.001787  0.457610  0.305636  -0.231596  1.000000  
165.573767 0.005807  0.006529  0.005398  0.799135  0.453404  -0.394726  -0.558770  0.802411  -0.209554  0.221720  0.388023  0.894583  -0.000977  -0.010972  0.002014  0.478041  0.315485  -0.234903  1.000000  
165.574767 0.005808  0.006518  0.005401  0.799152  0.453356  -0.394745  -0.558538  0.802775  -0.208777  0.222241  0.387324  0.894756  -0.000894  -0.010912  0.002057  0.492687  0.316973  -0.242673  1.000000  
165.576025 0.005808  0.006505  0.005405  0.799006  0.453485  -0.394894  -0.558435  0.803155  -0.207586  0.223024  0.386385  0.894967  -0.000806  -0.010948  0.002140  0.512932  0.332069  -0.249843  1.000000  
165.577267 0.005808  0.006492  0.005408  0.798998  0.453491  -0.394902  -0.558185  0.803597  -0.206545  0.223676  0.385457  0.895205  -0.000770  -0.010976  0.002135  0.533014  0.341793  -0.253015  1.000000  
165.578267 0.005808  0.006481  0.005410  0.798875  0.453615  -0.395008  -0.558100  0.803920  -0.205519  0.224328  0.384638  0.895394  -0.000676  -0.011010  0.002162  0.549135  0.350116  -0.256387  1.000000  
165.579267 0.005808  0.006470  0.005413  0.798867  0.453574  -0.395072  -0.557849  0.804334  -0.204575  0.224980  0.383818  0.895582  -0.000616  -0.011026  0.002198  0.565667  0.362786  -0.261732  1.000000  
165.580519 0.005807  0.006455  0.005415  0.798833  0.453588  -0.395124  -0.557581  0.804827  -0.203366  0.225762  0.382769  0.895834  -0.000551  -0.011075  0.002240  0.588032  0.372335  -0.272805  1.000000  
165.581767 0.005806  0.006440  0.005419  0.798774  0.453560  -0.395276  -0.557295  0.805346  -0.202088  0.226674  0.381708  0.896057  -0.000492  -0.011077  0.002364  0.608237  0.384857  -0.277885  1.000000  
165.582773 0.005805  0.006428  0.005422  0.798650  0.453734  -0.395327  -0.557208  0.805688  -0.200964  0.227326  0.380779  0.896287  -0.000418  -0.011035  0.002523  0.629784  0.395820  -0.274992  1.000000  
165.583777 0.005804  0.006416  0.005425  0.798640  0.453743  -0.395337  -0.556957  0.806121  -0.199920  0.227977  0.379850  0.896516  -0.000376  -0.011012  0.002696  0.649565  0.404755  -0.286676  1.000000  
165.585020 0.005804  0.006402  0.005430  0.798579  0.453813  -0.395380  -0.556670  0.806683  -0.198445  0.228889  0.378570  0.896825  -0.000307  -0.010956  0.002875  0.674141  0.421653  -0.293517  1.000000  
165.586023 0.005804  0.006392  0.005434  0.798568  0.453824  -0.395391  -0.556418  0.807113  -0.197400  0.229540  0.377640  0.897050  -0.000227  -0.010980  0.003020  0.694384  0.430052  -0.296766  1.000000  
165.587023 0.005804  0.006381  0.005438  0.798531  0.453841  -0.395446  -0.556148  0.807595  -0.196189  0.230322  0.376589  0.897292  -0.000145  -0.011059  0.003073  0.714710  0.446799  -0.303558  1.000000  
165.588268 0.005804  0.006367  0.005444  0.798468  0.453913  -0.395490  -0.555860  0.808150  -0.194712  0.231233  0.375308  0.897594  -0.000193  -0.011139  0.003174  0.741768  0.461009  -0.316516  1.000000  
165.589517 0.005804  0.006352  0.005447  0.798379  0.453993  -0.395578  -0.555554  0.808755  -0.193068  0.232274  0.373906  0.897910  -0.000205  -0.011250  0.003176  0.770225  0.477871  -0.323136  1.000000  
165.590518 0.005804  0.006341  0.005451  0.798340  0.454060  -0.395579  -0.555283  0.809253  -0.191756  0.233055  0.372745  0.898191  -0.000239  -0.011344  0.003156  0.794595  0.490534  -0.328029  1.000000  
165.591780 0.005804  0.006326  0.005456  0.798363  0.453976  -0.395629  -0.554812  0.809945  -0.190192  0.234096  0.371342  0.898501  -0.000279  -0.011475  0.003300  0.815544  0.506071  -0.348589  1.000000  
165.593018 0.005803  0.006310  0.005462  0.798359  0.453852  -0.395780  -0.554322  0.810662  -0.188558  0.235266  0.369926  0.898779  -0.000329  -0.011601  0.003447  0.838673  0.524710  -0.363186  1.000000  
165.594267 0.005801  0.006293  0.005468  0.798266  0.453984  -0.395816  -0.554013  0.811277  -0.186812  0.236307  0.368413  0.899128  -0.000422  -0.011751  0.003642  0.869734  0.539106  -0.375889  1.000000  
165.595268 0.005799  0.006280  0.005474  0.798312  0.453799  -0.395935  -0.553558  0.811864  -0.185609  0.237217  0.367347  0.899324  -0.000536  -0.011846  0.003996  0.881015  0.552804  -0.387166  1.000000  
165.596518 0.005798  0.006264  0.005482  0.798357  0.453807  -0.395836  -0.553103  0.812538  -0.184011  0.238126  0.365844  0.899696  -0.000541  -0.011902  0.004268  0.902025  0.560392  -0.403990  1.000000  
165.597768 0.005796  0.006248  0.005490  0.798374  0.453775  -0.395837  -0.552629  0.813236  -0.182344  0.239166  0.364330  0.900035  -0.000653  -0.012009  0.004566  0.927167  0.572183  -0.422612  1.000000  
165.599039 0.005794  0.006231  0.005498  0.798391  0.453744  -0.395839  -0.552154  0.813930  -0.180676  0.240205  0.362814  0.900371  -0.000671  -0.012124  0.004807  0.948788  0.586946  -0.436459  1.000000  
165.600270 0.005793  0.006216  0.005505  0.798432  0.453850  -0.395633  -0.551697  0.814637  -0.178877  0.241114  0.361091  0.900820  -0.000716  -0.012248  0.004933  0.978584  0.595098  -0.453512  1.000000  
165.601272 0.005793  0.006204  0.005511  0.798473  0.453765  -0.395649  -0.551240  0.815253  -0.177473  0.242023  0.359805  0.901091  -0.000750  -0.012369  0.005088  0.997118  0.609511  -0.465957  1.000000  
165.602278 0.005792  0.006191  0.005516  0.798513  0.453728  -0.395610  -0.550782  0.815888  -0.175970  0.242932  0.358409  0.901403  -0.000841  -0.012518  0.005135  1.018083  0.617234  -0.482806  1.000000  
165.603517 0.005791  0.006175  0.005523  0.798639  0.453628  -0.395471  -0.550141  0.816704  -0.174181  0.243970  0.356673  0.901811  -0.000904  -0.012650  0.005264  1.041354  0.621726  -0.503452  1.000000  
165.604517 0.005791  0.006161  0.005530  0.798563  0.453809  -0.395416  -0.549847  0.817260  -0.172495  0.244878  0.355166  0.902159  -0.000929  -0.012760  0.005473  1.069483  0.634686  -0.507809  1.000000  
165.605518 0.005789  0.006147  0.005536  0.798600  0.453822  -0.395326  -0.549388  0.817906  -0.170890  0.245786  0.353660  0.902504  -0.001046  -0.012938  0.005686  1.095144  0.638897  -0.523136  1.000000  
165.606518 0.005788  0.006133  0.005542  0.798637  0.453789  -0.395292  -0.548928  0.818528  -0.169382  0.246694  0.352262  0.902803  -0.001127  -0.013055  0.005865  1.113922  0.650236  -0.535909  1.000000  
165.607768 0.005785  0.006116  0.005552  0.798730  0.453701  -0.395204  -0.548266  0.819374  -0.167421  0.247860  0.350401  0.903208  -0.001193  -0.013164  0.006133  1.141449  0.655933  -0.558718  1.000000  
165.609017 0.005783  0.006098  0.005561  0.798709  0.453784  -0.395151  -0.547768  0.820122  -0.165378  0.249027  0.348540  0.903607  -0.001227  -0.013254  0.006332  1.168079  0.666770  -0.568979  1.000000  
165.610268 0.005781  0.006080  0.005570  0.798686  0.453867  -0.395101  -0.547269  0.820865  -0.163333  0.250193  0.346678  0.904001  -0.001199  -0.013342  0.006404  1.194740  0.677667  -0.579226  1.000000  
165.611517 0.005780  0.006063  0.005579  0.798803  0.453821  -0.394918  -0.546624  0.821669  -0.161436  0.251229  0.344827  0.904421  -0.001183  -0.013420  0.006479  1.219638  0.677687  -0.592258  1.000000  
165.612518 0.005780  0.006049  0.005585  0.798833  0.453840  -0.394836  -0.546162  0.822291  -0.159824  0.252136  0.343317  0.904744  -0.001083  -0.013462  0.006466  1.234531  0.680324  -0.603985  1.000000  
165.613767 0.005779  0.006033  0.005594  0.798835  0.454012  -0.394634  -0.545681  0.823012  -0.157744  0.253171  0.341355  0.905197  -0.001040  -0.013467  0.006502  1.261044  0.687228  -0.612378  1.000000  
165.615020 0.005778  0.006016  0.005601  0.798919  0.454027  -0.394447  -0.545015  0.823866  -0.155575  0.254336  0.339271  0.905654  -0.000982  -0.013513  0.006493  1.288017  0.693242  -0.630134  1.000000  
165.616022 0.005779  0.006004  0.005609  0.798918  0.454058  -0.394413  -0.544532  0.824520  -0.153791  0.255371  0.337637  0.905973  -0.000920  -0.013567  0.006589  1.307634  0.702343  -0.636725  1.000000  
165.617026 0.005779  0.005990  0.005615  0.798944  0.454175  -0.394225  -0.544069  0.825162  -0.151975  0.256276  0.335905  0.906361  -0.000865  -0.013624  0.006700  1.332517  0.702432  -0.645282  1.000000  
165.618272 0.005780  0.005973  0.005625  0.798912  0.454410  -0.394019  -0.543566  0.825924  -0.149620  0.257440  0.333709  0.906842  -0.000788  -0.013695  0.006899  1.363132  0.709595  -0.653484  1.000000  
165.619279 0.005780  0.005959  0.005632  0.798908  0.454444  -0.393988  -0.543081  0.826564  -0.147834  0.258474  0.332073  0.907148  -0.000743  -0.013675  0.006923  1.377165  0.716382  -0.661779  1.000000  
165.620518 0.005780  0.005941  0.005642  0.799014  0.454548  -0.393654  -0.542432  0.827382  -0.145625  0.259508  0.329887  0.907651  -0.000634  -0.013731  0.007055  1.404036  0.715450  -0.666796  1.000000  
165.621521 0.005780  0.005927  0.005648  0.799035  0.454621  -0.393526  -0.541966  0.827988  -0.143904  0.260413  0.328262  0.907981  -0.000507  -0.013735  0.007009  1.418854  0.718495  -0.673813  1.000000  
165.622767 0.005779  0.005909  0.005657  0.799110  0.454690  -0.393295  -0.541297  0.828819  -0.141624  0.261575  0.326063  0.908439  -0.000397  -0.013792  0.006976  1.444814  0.717184  -0.678416  1.000000  
165.624023 0.005780  0.005891  0.005664  0.799100  0.454966  -0.392994  -0.540810  0.829525  -0.139330  0.262608  0.323874  0.908924  -0.000219  -0.013775  0.006820  1.466841  0.715992  -0.683044  1.000000  
165.625267 0.005780  0.005874  0.005671  0.799142  0.455049  -0.392813  -0.540119  0.830383  -0.136878  0.263899  0.321551  0.909375  -0.000084  -0.013745  0.006742  1.497234  0.721545  -0.687111  1.000000  
165.626517 0.005782  0.005856  0.005679  0.799130  0.455375  -0.392459  -0.539632  0.831091  -0.134479  0.264931  0.319250  0.909885  0.000117  -0.013810  0.006660  1.525143  0.727125  -0.687151  1.000000  
165.627517 0.005783  0.005842  0.005685  0.799228  0.455341  -0.392301  -0.538979  0.831822  -0.132563  0.265963  0.317390  0.910235  0.000231  -0.013821  0.006608  1.548020  0.732130  -0.697799  1.000000  
165.628767 0.005785  0.005825  0.005693  0.799183  0.455681  -0.391996  -0.538471  0.832557  -0.129992  0.267124  0.314965  0.910737  0.000405  -0.013873  0.006566  1.581381  0.738382  -0.698284  1.000000  
165.630017 0.005787  0.005807  0.005701  0.799218  0.455769  -0.391821  -0.537777  0.833385  -0.127532  0.268413  0.312639  0.911159  0.000593  -0.013943  0.006622  1.597897  0.747798  -0.703172  1.000000  
165.631019 0.005789  0.005793  0.005708  0.799231  0.455944  -0.391593  -0.537308  0.833982  -0.125599  0.269315  0.310789  0.911526  0.000626  -0.014037  0.006650  1.617219  0.748739  -0.701626  1.000000  
165.632029 0.005790  0.005779  0.005715  0.799212  0.456085  -0.391467  -0.536817  0.834596  -0.123597  0.270346  0.308926  0.911854  0.000693  -0.014080  0.006659  1.634178  0.756271  -0.705874  1.000000  
165.633276 0.005792  0.005762  0.005725  0.799243  0.456225  -0.391242  -0.536122  0.835419  -0.121032  0.271634  0.306487  0.912294  0.000866  -0.014073  0.006641  1.657701  0.766097  -0.706998  1.000000  
165.634278 0.005793  0.005746  0.005731  0.799362  0.456277  -0.390937  -0.535486  0.836108  -0.119074  0.272535  0.304525  0.912683  0.000880  -0.014232  0.006638  1.669991  0.762826  -0.718048  1.000000  
165.635525 0.005794  0.005727  0.005739  0.799389  0.456466  -0.390662  -0.534789  0.836929  -0.116404  0.273822  0.301973  0.913145  0.001000  -0.014264  0.006523  1.693989  0.768792  -0.717714  1.000000  
165.636767 0.005796  0.005708  0.005747  0.799413  0.456609  -0.390444  -0.534091  0.837728  -0.113833  0.275109  0.299532  0.913562  0.001104  -0.014342  0.006456  1.710512  0.774511  -0.721032  1.000000  
165.637768 0.005797  0.005693  0.005753  0.799498  0.456678  -0.390190  -0.533434  0.838434  -0.111701  0.276137  0.297445  0.913933  0.001196  -0.014408  0.006413  1.732522  0.777827  -0.727242  1.000000  
165.639019 0.005798  0.005674  0.005761  0.799628  0.456699  -0.389899  -0.532570  0.839324  -0.109105  0.277423  0.294892  0.914372  0.001247  -0.014487  0.006464  1.754876  0.781687  -0.743751  1.000000  
165.640024 0.005800  0.005659  0.005768  0.799709  0.456722  -0.389705  -0.531911  0.840004  -0.107072  0.278451  0.292915  0.914694  0.001356  -0.014566  0.006519  1.768702  0.780790  -0.748428  1.000000  
165.641268 0.005802  0.005640  0.005776  0.799836  0.456744  -0.389419  -0.531046  0.840878  -0.104472  0.279736  0.290360  0.915117  0.001386  -0.014605  0.006574  1.791158  0.789024  -0.755912  1.000000  
165.642518 0.005804  0.005621  0.005785  0.799914  0.456958  -0.389007  -0.530386  0.841594  -0.102028  0.280764  0.287938  0.915567  0.001433  -0.014713  0.006701  1.806364  0.786116  -0.755624  1.000000  
165.643767 0.005807  0.005602  0.005795  0.800068  0.457062  -0.388569  -0.529540  0.842442  -0.099390  0.281919  0.285282  0.916044  0.001419  -0.014885  0.006829  1.826385  0.787892  -0.767521  1.000000  
165.645017 0.005809  0.005583  0.005803  0.800329  0.456992  -0.388113  -0.528529  0.843375  -0.096830  0.283074  0.282625  0.916511  0.001405  -0.014997  0.006832  1.842510  0.785651  -0.777996  1.000000  
165.646019 0.005811  0.005567  0.005811  0.800370  0.457083  -0.387922  -0.527846  0.844064  -0.094517  0.284229  0.280412  0.916833  0.001457  -0.015112  0.006813  1.860310  0.789356  -0.783965  1.000000  
165.647268 0.005813  0.005547  0.005819  0.800550  0.457219  -0.387390  -0.527020  0.844865  -0.091940  0.285255  0.277765  0.917320  0.001459  -0.015255  0.006809  1.872433  0.783056  -0.793005  1.000000  
165.648269 0.005814  0.005530  0.005827  0.800792  0.457230  -0.386877  -0.526234  0.845573  -0.089906  0.286025  0.275584  0.917738  0.001449  -0.015433  0.006791  1.884232  0.776228  -0.802305  1.000000  
165.649277 0.005815  0.005514  0.005832  0.800860  0.457306  -0.386645  -0.525571  0.846211  -0.087759  0.287050  0.273492  0.918044  0.001464  -0.015444  0.006741  1.897892  0.775718  -0.806881  1.000000  
165.650521 0.005817  0.005494  0.005841  0.800971  0.457336  -0.386380  -0.524701  0.847018  -0.085145  0.288332  0.270932  0.918401  0.001497  -0.015543  0.006771  1.910732  0.782181  -0.817488  1.000000  
165.651525 0.005819  0.005477  0.005848  0.801068  0.457491  -0.385994  -0.524058  0.847633  -0.082959  0.289228  0.268739  0.918763  0.001545  -0.015636  0.006854  1.924912  0.781959  -0.822182  1.000000  
165.652774 0.005821  0.005457  0.005857  0.801175  0.457616  -0.385624  -0.523186  0.848443  -0.080135  0.290509  0.265956  0.919169  0.001610  -0.015764  0.006934  1.942294  0.790492  -0.828877  1.000000  
165.654018 0.005824  0.005437  0.005866  0.801312  0.457726  -0.385210  -0.522335  0.849213  -0.077480  0.291661  0.263294  0.919571  0.001699  -0.015808  0.007003  1.954984  0.790688  -0.835683  1.000000  
165.655268 0.005827  0.005417  0.005876  0.801554  0.457708  -0.384727  -0.521318  0.850078  -0.074798  0.292812  0.260520  0.919995  0.001798  -0.015901  0.007120  1.966220  0.787007  -0.849866  1.000000  
165.656270 0.005830  0.005401  0.005884  0.801720  0.457661  -0.384437  -0.520486  0.850776  -0.072618  0.293836  0.258314  0.920290  0.001813  -0.015975  0.007195  1.974071  0.789177  -0.862091  1.000000  
165.657517 0.005834  0.005381  0.005892  0.801957  0.457550  -0.384073  -0.519468  0.851606  -0.070139  0.294987  0.255762  0.920635  0.001996  -0.016049  0.007140  1.977548  0.785023  -0.866907  1.000000  
165.658517 0.005837  0.005364  0.005899  0.802053  0.457448  -0.383996  -0.518593  0.852327  -0.067823  0.296265  0.253535  0.920841  0.002073  -0.016120  0.007061  1.981310  0.794146  -0.886055  1.000000  
165.659767 0.005841  0.005343  0.005906  0.802039  0.457709  -0.383713  -0.517882  0.852978  -0.065012  0.297542  0.250861  0.921161  0.002205  -0.016254  0.006970  1.992723  0.796526  -0.883753  1.000000  
165.661019 0.005845  0.005321  0.005913  0.802164  0.457870  -0.383261  -0.517027  0.853703  -0.062242  0.298692  0.248085  0.921541  0.002370  -0.016356  0.006803  2.006239  0.796978  -0.887727  1.000000  
165.662267 0.005849  0.005299  0.005920  0.802320  0.458013  -0.382762  -0.516193  0.854393  -0.059641  0.299713  0.245430  0.921920  0.002438  -0.016498  0.006729  2.013583  0.788804  -0.891018  1.000000  
165.663268 0.005853  0.005283  0.005927  0.802402  0.458221  -0.382341  -0.515545  0.854942  -0.057337  0.300607  0.243121  0.922241  0.002626  -0.016507  0.006662  2.023493  0.784840  -0.894253  1.000000  
165.664269 0.005857  0.005265  0.005932  0.802483  0.458429  -0.381922  -0.514897  0.855484  -0.055031  0.301500  0.240812  0.922555  0.002786  -0.016614  0.006648  2.035048  0.786901  -0.892327  1.000000  
165.665273 0.005860  0.005248  0.005938  0.802563  0.458591  -0.381559  -0.514249  0.856012  -0.052829  0.302393  0.238615  0.922834  0.002968  -0.016653  0.006607  2.040138  0.782615  -0.895301  1.000000  
165.666276 0.005865  0.005231  0.005944  0.802675  0.458781  -0.381094  -0.513622  0.856518  -0.050691  0.303158  0.236427  0.923146  0.003090  -0.016747  0.006543  2.049891  0.775811  -0.889061  1.000000  
165.667523 0.005870  0.005210  0.005952  0.802824  0.458925  -0.380606  -0.512786  0.857169  -0.048082  0.304178  0.233771  0.923486  0.003307  -0.016751  0.006423  2.047037  0.767842  -0.890499  1.000000  
165.668524 0.005874  0.005192  0.005958  0.802935  0.459069  -0.380200  -0.512159  0.857656  -0.046046  0.304942  0.231694  0.923758  0.003439  -0.016879  0.006329  2.046384  0.761168  -0.886142  1.000000  
165.669771 0.005881  0.005171  0.005964  0.803080  0.459215  -0.379716  -0.511322  0.858291  -0.043434  0.305961  0.229038  0.924083  0.003684  -0.016942  0.006116  2.054421  0.755184  -0.881709  1.000000  
165.671021 0.005888  0.005149  0.005971  0.803119  0.459537  -0.379243  -0.510649  0.858823  -0.040742  0.306980  0.226381  0.924400  0.003890  -0.017056  0.005937  2.059297  0.750611  -0.870418  1.000000  
165.672026 0.005893  0.005131  0.005976  0.803226  0.459728  -0.378786  -0.510021  0.859295  -0.038598  0.307744  0.224192  0.924679  0.004062  -0.017195  0.005785  2.066510  0.748082  -0.867245  1.000000  
165.673267 0.005899  0.005108  0.005981  0.803367  0.459920  -0.378252  -0.509183  0.859910  -0.035877  0.308762  0.221422  0.925007  0.004199  -0.017304  0.005634  2.071560  0.746892  -0.865730  1.000000  
165.674267 0.005904  0.005090  0.005987  0.803367  0.460288  -0.377805  -0.508719  0.860274  -0.033653  0.309526  0.219232  0.925273  0.004298  -0.017444  0.005555  2.073035  0.746354  -0.856339  1.000000  
165.675267 0.005909  0.005071  0.005990  0.803471  0.460433  -0.377407  -0.508090  0.860724  -0.031610  0.310289  0.217155  0.925508  0.004411  -0.017521  0.005452  2.075539  0.739134  -0.850425  1.000000  
165.676517 0.005915  0.005048  0.005997  0.803643  0.460559  -0.376887  -0.507273  0.861292  -0.029160  0.311179  0.214619  0.925800  0.004496  -0.017669  0.005337  2.068773  0.734573  -0.839446  1.000000  
165.677518 0.005919  0.005029  0.006002  0.803744  0.460750  -0.376436  -0.506643  0.861733  -0.027011  0.311942  0.212428  0.926049  0.004564  -0.017778  0.005349  2.072331  0.736487  -0.837637  1.000000  
165.678767 0.005924  0.005004  0.006007  0.803914  0.460877  -0.375919  -0.505825  0.862286  -0.024558  0.312832  0.209892  0.926327  0.004642  -0.018043  0.005182  2.069102  0.730654  -0.833747  1.000000  
165.680024 0.005930  0.004979  0.006013  0.804013  0.461250  -0.375248  -0.505195  0.862725  -0.021988  0.313594  0.207252  0.926663  0.004694  -0.018223  0.005043  2.068892  0.716693  -0.819941  1.000000  
165.681272 0.005935  0.004955  0.006018  0.804179  0.461422  -0.374679  -0.504376  0.863265  -0.019427  0.314484  0.204602  0.926951  0.004712  -0.018387  0.004878  2.072929  0.709043  -0.810700  1.000000  
165.682274 0.005940  0.004935  0.006021  0.804209  0.461769  -0.374190  -0.503933  0.863568  -0.017367  0.315119  0.202533  0.927190  0.004728  -0.018634  0.004709  2.069330  0.703470  -0.799968  1.000000  
165.683277 0.005944  0.004914  0.006024  0.804237  0.462161  -0.373644  -0.503490  0.863867  -0.015201  0.315753  0.200351  0.927448  0.004737  -0.018829  0.004491  2.071887  0.698616  -0.790037  1.000000  
165.684522 0.005949  0.004889  0.006029  0.804297  0.462466  -0.373138  -0.502836  0.864289  -0.012665  0.316642  0.197814  0.927689  0.004653  -0.019123  0.004349  2.066704  0.687774  -0.775471  1.000000  
165.685523 0.005954  0.004868  0.006032  0.804324  0.462767  -0.372706  -0.502393  0.864573  -0.010707  0.317276  0.195857  0.927888  0.004626  -0.019279  0.004228  2.062249  0.683898  -0.758849  1.000000  
165.686523 0.005958  0.004847  0.006035  0.804454  0.462936  -0.372216  -0.501783  0.864949  -0.008720  0.317911  0.193787  0.928105  0.004509  -0.019599  0.004159  2.059772  0.678437  -0.748614  1.000000  
165.687768 0.005962  0.004819  0.006040  0.804650  0.463084  -0.371606  -0.500986  0.865432  -0.006324  0.318672  0.191258  0.928369  0.004437  -0.019831  0.004080  2.061621  0.660280  -0.735056  1.000000  
165.689020 0.005967  0.004792  0.006045  0.804808  0.463166  -0.371161  -0.500165  0.865921  -0.003965  0.319559  0.188833  0.928560  0.004257  -0.020163  0.003945  2.052598  0.644724  -0.728837  1.000000  
165.690267 0.005971  0.004765  0.006051  0.805002  0.463315  -0.370556  -0.499367  0.866389  -0.001566  0.320320  0.186304  0.928809  0.004123  -0.020440  0.004016  2.045250  0.635417  -0.726433  1.000000  
165.691268 0.005974  0.004743  0.006054  0.805267  0.463280  -0.370023  -0.498614  0.866824  0.000178  0.320827  0.184355  0.929023  0.004001  -0.020723  0.003880  2.027176  0.619253  -0.732045  1.000000  
165.692517 0.005977  0.004715  0.006059  0.805458  0.463383  -0.369478  -0.497815  0.867280  0.002475  0.321587  0.181938  0.929236  0.003889  -0.020946  0.003780  2.018437  0.608091  -0.727175  1.000000  
165.693767 0.005980  0.004685  0.006063  0.805582  0.463685  -0.368828  -0.497204  0.867620  0.004783  0.322221  0.179530  0.929485  0.003708  -0.021257  0.003735  2.008233  0.595394  -0.716501  1.000000  
165.694768 0.005982  0.004663  0.006065  0.805705  0.463763  -0.368461  -0.496593  0.867959  0.006566  0.322854  0.177685  0.929620  0.003564  -0.021485  0.003519  1.991473  0.591331  -0.712649  1.000000  
165.696024 0.005985  0.004633  0.006068  0.805930  0.463930  -0.367759  -0.495816  0.868382  0.008906  0.323487  0.175164  0.929878  0.003396  -0.021808  0.003423  1.982609  0.580111  -0.707833  1.000000  
165.697267 0.005988  0.004604  0.006071  0.806116  0.463987  -0.367278  -0.495016  0.868813  0.011101  0.324247  0.172860  0.930045  0.003203  -0.022056  0.003282  1.971730  0.575575  -0.706886  1.000000  
165.698517 0.005990  0.004575  0.006074  0.806301  0.464089  -0.366743  -0.494216  0.869236  0.013403  0.325006  0.170443  0.930226  0.003023  -0.022332  0.003264  1.963226  0.568808  -0.703323  1.000000  
165.699522 0.005992  0.004552  0.006076  0.806458  0.464186  -0.366275  -0.493627  0.869542  0.015124  0.325512  0.168607  0.930384  0.002806  -0.022475  0.003178  1.952455  0.558944  -0.697366  1.000000  
165.700526 0.005993  0.004528  0.006078  0.806577  0.464308  -0.365859  -0.493015  0.869854  0.017016  0.326144  0.166649  0.930515  0.002590  -0.022755  0.003081  1.947364  0.551495  -0.693963  1.000000  
165.701773 0.005995  0.004498  0.006081  0.806796  0.464339  -0.365335  -0.492237  0.870253  0.019045  0.326777  0.164466  0.930681  0.002387  -0.022934  0.002982  1.925147  0.543413  -0.697244  1.000000  
