1-Time 2-Px 3-Py 4-Pz 5-R11 6-R21 7-R31 8-R12 9-R22 10-R32 11-R13 12-R23 13-R33 14-Vx 15-Vy 16-Vz 17-Wx 18-Wy 19-Wz 20-state
19.705682 0.006858  -0.005795  -0.002084  0.615662  0.780984  0.104993  -0.776269  0.623996  -0.089638  -0.135521  -0.026316  0.990425  0.000065  -0.000008  0.000288  0.000000  0.000000  0.000000  1.000000  
19.706808 0.006858  -0.005796  -0.002085  0.615662  0.780984  0.104993  -0.776269  0.623996  -0.089638  -0.135521  -0.026316  0.990425  0.000047  -0.000053  0.000157  0.000000  0.000000  0.000000  1.000000  
19.708053 0.006855  -0.005795  -0.002084  0.615662  0.780984  0.104993  -0.776269  0.623996  -0.089638  -0.135521  -0.026316  0.990425  -0.000145  0.000018  0.000265  0.000000  0.000000  0.000000  1.000000  
19.709054 0.006852  -0.005794  -0.002082  0.615662  0.780984  0.104993  -0.776269  0.623996  -0.089638  -0.135521  -0.026316  0.990425  -0.000338  0.000090  0.000373  0.000000  0.000000  0.000000  1.000000  
19.710301 0.006850  -0.005792  -0.002080  0.615662  0.780984  0.104993  -0.776269  0.623996  -0.089638  -0.135521  -0.026316  0.990425  -0.001784  0.000738  0.001032  0.000000  0.000000  0.000000  1.000000  
19.711551 0.006848  -0.005791  -0.002079  0.615503  0.781113  0.104974  -0.776396  0.623835  -0.089660  -0.135521  -0.026316  0.990425  -0.001722  0.000755  0.001014  0.000000  0.000000  0.000000  1.000000  
19.712554 0.006846  -0.005790  -0.002077  0.615503  0.781113  0.104974  -0.776396  0.623835  -0.089660  -0.135521  -0.026316  0.990425  -0.001893  0.000801  0.001103  0.000000  0.000000  0.000000  1.000000  
19.713801 0.006842  -0.005788  -0.002077  0.615503  0.781113  0.104974  -0.776396  0.623835  -0.089660  -0.135521  -0.026316  0.990425  -0.002076  0.000940  0.000933  0.000000  0.000000  0.000000  1.000000  
19.714811 0.006837  -0.005786  -0.002077  0.615343  0.781241  0.104956  -0.776523  0.623675  -0.089681  -0.135521  -0.026316  0.990425  -0.002350  0.001046  0.000789  0.000000  0.000000  0.000000  1.000000  
19.716055 0.006833  -0.005784  -0.002077  0.615354  0.781243  0.104874  -0.776537  0.623672  -0.089578  -0.135389  -0.026316  0.990443  -0.002435  0.001124  0.000697  0.000000  0.000000  0.000000  1.000000  
19.717059 0.006830  -0.005782  -0.002077  0.615354  0.781230  0.104968  -0.776537  0.623683  -0.089502  -0.135389  -0.026437  0.990440  -0.002491  0.001228  0.000673  0.000000  0.000000  0.000000  1.000000  
19.718306 0.006826  -0.005781  -0.002076  0.615354  0.781230  0.104968  -0.776537  0.623683  -0.089502  -0.135389  -0.026437  0.990440  -0.002566  0.001215  0.000641  0.000000  0.000000  0.000000  1.000000  
19.719559 0.006821  -0.005778  -0.002075  0.615194  0.781359  0.104950  -0.776663  0.623522  -0.089523  -0.135389  -0.026437  0.990440  -0.002696  0.001276  0.000673  0.000000  0.000000  0.000000  1.000000  
19.720801 0.006816  -0.005776  -0.002074  0.615194  0.781359  0.104950  -0.776663  0.623522  -0.089523  -0.135389  -0.026437  0.990440  -0.002805  0.001328  0.000700  0.000000  0.000000  0.000000  1.000000  
19.722052 0.006811  -0.005773  -0.002072  0.615194  0.781359  0.104950  -0.776663  0.623522  -0.089523  -0.135389  -0.026437  0.990440  -0.003104  0.001477  0.000823  0.000000  0.000000  0.000000  1.000000  
19.723301 0.006805  -0.005770  -0.002071  0.615194  0.781359  0.104950  -0.776663  0.623522  -0.089523  -0.135389  -0.026437  0.990440  -0.003340  0.001600  0.000775  0.000000  0.000000  0.000000  1.000000  
19.724551 0.006800  -0.005768  -0.002071  0.615034  0.781487  0.104932  -0.776790  0.623361  -0.089545  -0.135389  -0.026437  0.990440  -0.003402  0.001668  0.000672  0.000000  0.000000  0.000000  1.000000  
19.725800 0.006796  -0.005765  -0.002071  0.615034  0.781487  0.104932  -0.776790  0.623361  -0.089545  -0.135389  -0.026437  0.990440  -0.003575  0.001789  0.000598  0.000000  0.000000  0.000000  1.000000  
19.726801 0.006792  -0.005762  -0.002072  0.615034  0.781487  0.104932  -0.776790  0.623361  -0.089545  -0.135389  -0.026437  0.990440  -0.003781  0.001910  0.000426  0.000000  0.000000  0.000000  1.000000  
19.727802 0.006787  -0.005760  -0.002072  0.615034  0.781487  0.104932  -0.776790  0.623361  -0.089545  -0.135389  -0.026437  0.990440  -0.003842  0.001948  0.000343  0.000000  0.000000  0.000000  1.000000  
19.729050 0.006782  -0.005757  -0.002071  0.615205  0.781361  0.104868  -0.776678  0.623519  -0.089420  -0.135256  -0.026437  0.990458  -0.003859  0.002028  0.000421  0.000000  0.000000  0.000000  1.000000  
19.730051 0.006778  -0.005755  -0.002070  0.615205  0.781361  0.104868  -0.776678  0.623519  -0.089420  -0.135256  -0.026437  0.990458  -0.003873  0.002043  0.000473  0.000000  0.000000  0.000000  1.000000  
19.731058 0.006775  -0.005752  -0.002069  0.615205  0.781361  0.104868  -0.776678  0.623519  -0.089420  -0.135256  -0.026437  0.990458  -0.003903  0.002106  0.000559  0.000000  0.000000  0.000000  1.000000  
19.732305 0.006771  -0.005750  -0.002067  0.615205  0.781361  0.104868  -0.776678  0.623519  -0.089420  -0.135256  -0.026437  0.990458  -0.003932  0.002169  0.000706  0.000000  0.000000  0.000000  1.000000  
19.733344 0.006767  -0.005747  -0.002065  0.615217  0.781363  0.104785  -0.776692  0.623516  -0.089316  -0.135123  -0.026437  0.990476  -0.003937  0.002212  0.000741  0.000000  0.000000  0.000000  1.000000  
19.734554 0.006761  -0.005744  -0.002063  0.615388  0.781237  0.104722  -0.776579  0.623674  -0.089190  -0.134991  -0.026438  0.990494  -0.004011  0.002250  0.000811  0.000000  0.000000  0.000000  1.000000  
19.735801 0.006756  -0.005742  -0.002063  0.615388  0.781237  0.104722  -0.776579  0.623674  -0.089190  -0.134991  -0.026438  0.990494  -0.004025  0.002268  0.000707  0.000000  0.000000  0.000000  1.000000  
19.736802 0.006753  -0.005740  -0.002064  0.615399  0.781239  0.104639  -0.776593  0.623672  -0.089086  -0.134858  -0.026438  0.990512  -0.003932  0.002270  0.000559  0.000000  0.000000  0.000000  1.000000  
19.738051 0.006748  -0.005737  -0.002065  0.615559  0.781111  0.104658  -0.776467  0.623832  -0.089065  -0.134858  -0.026438  0.990512  -0.003883  0.002286  0.000427  0.000000  0.000000  0.000000  1.000000  
19.739051 0.006743  -0.005734  -0.002066  0.615570  0.781113  0.104575  -0.776481  0.623830  -0.088961  -0.134726  -0.026439  0.990530  -0.003945  0.002319  0.000345  0.000000  0.000000  0.000000  1.000000  
19.740054 0.006739  -0.005732  -0.002067  0.615581  0.781115  0.104493  -0.776495  0.623827  -0.088857  -0.134593  -0.026439  0.990548  -0.003947  0.002291  0.000297  0.000000  0.000000  0.000000  1.000000  
19.741301 0.006733  -0.005730  -0.002068  0.615752  0.780989  0.104429  -0.776382  0.623985  -0.088732  -0.134461  -0.026440  0.990566  -0.004047  0.002200  0.000220  0.000000  0.000000  0.000000  1.000000  
19.742301 0.006729  -0.005728  -0.002069  0.615763  0.780991  0.104346  -0.776396  0.623982  -0.088628  -0.134328  -0.026440  0.990584  -0.004030  0.002248  0.000193  0.000000  0.000000  0.000000  1.000000  
19.743551 0.006723  -0.005726  -0.002068  0.615934  0.780865  0.104282  -0.776284  0.624140  -0.088503  -0.134195  -0.026441  0.990602  -0.004113  0.002139  0.000221  0.000000  0.000000  0.000000  1.000000  
19.744801 0.006717  -0.005723  -0.002067  0.615957  0.780857  0.104212  -0.776312  0.624145  -0.088219  -0.133930  -0.026562  0.990635  -0.004161  0.002190  0.000222  0.000000  0.000000  0.000000  1.000000  
19.745801 0.006713  -0.005720  -0.002067  0.615968  0.780859  0.104130  -0.776326  0.624142  -0.088115  -0.133798  -0.026562  0.990653  -0.004218  0.002224  0.000142  0.000000  0.000000  0.000000  1.000000  
19.747053 0.006706  -0.005717  -0.002067  0.616150  0.780735  0.103983  -0.776227  0.624298  -0.087886  -0.133532  -0.026563  0.990688  -0.004330  0.002217  -0.000011  0.000000  0.000000  0.000000  1.000000  
19.748057 0.006702  -0.005716  -0.002068  0.616172  0.780739  0.103818  -0.776255  0.624292  -0.087679  -0.133267  -0.026564  0.990724  -0.004428  0.002130  -0.000242  0.000000  0.000000  0.000000  1.000000  
19.749309 0.006696  -0.005713  -0.002070  0.616365  0.780617  0.103589  -0.776170  0.624444  -0.087346  -0.132869  -0.026566  0.990777  -0.004420  0.002149  -0.000483  0.000000  0.000000  0.000000  1.000000  
19.750555 0.006689  -0.005710  -0.002072  0.616547  0.780493  0.103442  -0.776071  0.624600  -0.087117  -0.132604  -0.026567  0.990813  -0.004549  0.002157  -0.000586  0.000000  0.000000  0.000000  1.000000  
19.751559 0.006685  -0.005707  -0.002073  0.616580  0.780500  0.103195  -0.776112  0.624591  -0.086806  -0.132206  -0.026568  0.990866  -0.004579  0.002256  -0.000612  0.000000  0.000000  0.000000  1.000000  
19.752810 0.006679  -0.005704  -0.002075  0.616773  0.780378  0.102965  -0.776027  0.624744  -0.086473  -0.131808  -0.026570  0.990919  -0.004660  0.002213  -0.000715  0.000000  0.000000  0.000000  1.000000  
19.754051 0.006673  -0.005702  -0.002076  0.616965  0.780243  0.102830  -0.775941  0.624906  -0.086065  -0.131411  -0.026691  0.990969  -0.004679  0.002166  -0.000689  0.000000  0.000000  0.000000  1.000000  
19.755054 0.006668  -0.005699  -0.002077  0.616998  0.780250  0.102582  -0.775983  0.624898  -0.085753  -0.131013  -0.026693  0.991021  -0.004726  0.002216  -0.000688  0.000000  0.000000  0.000000  1.000000  
19.756054 0.006663  -0.005697  -0.002078  0.617191  0.780128  0.102352  -0.775897  0.625050  -0.085421  -0.130615  -0.026694  0.991074  -0.004791  0.002219  -0.000661  0.000000  0.000000  0.000000  1.000000  
19.757301 0.006657  -0.005694  -0.002079  0.617394  0.779996  0.102134  -0.775824  0.625210  -0.084909  -0.130084  -0.026816  0.991140  -0.004807  0.002219  -0.000674  0.000000  0.000000  0.000000  1.000000  
19.758301 0.006652  -0.005692  -0.002081  0.617586  0.779874  0.101904  -0.775738  0.625362  -0.084577  -0.129686  -0.026818  0.991192  -0.004775  0.002271  -0.000845  0.000000  0.000000  0.000000  1.000000  
19.759551 0.006647  -0.005689  -0.002083  0.617800  0.779744  0.101603  -0.775678  0.625519  -0.083961  -0.129023  -0.026940  0.991276  -0.004759  0.002257  -0.001055  0.027963  0.211933  -0.082757  1.000000  
19.760806 0.006641  -0.005687  -0.002086  0.618172  0.779498  0.101224  -0.775491  0.625826  -0.083401  -0.128359  -0.026942  0.991362  -0.004758  0.002195  -0.001238  0.029992  0.236566  -0.096567  1.000000  
19.761811 0.006636  -0.005684  -0.002089  0.618215  0.779494  0.100988  -0.775545  0.625824  -0.082910  -0.127828  -0.027065  0.991427  -0.004773  0.002217  -0.001500  0.034033  0.254486  -0.096044  1.000000  
19.763055 0.006630  -0.005682  -0.002092  0.618417  0.779374  0.100674  -0.775471  0.625974  -0.082474  -0.127298  -0.027066  0.991495  -0.004759  0.002249  -0.001578  0.034629  0.266028  -0.101727  1.000000  
19.764056 0.006625  -0.005679  -0.002095  0.618619  0.779242  0.100455  -0.775397  0.626133  -0.081963  -0.126767  -0.027189  0.991560  -0.004838  0.002270  -0.001654  0.038642  0.283857  -0.101228  1.000000  
19.765304 0.006618  -0.005676  -0.002095  0.619002  0.778998  0.099992  -0.775221  0.626436  -0.081299  -0.125970  -0.027191  0.991661  -0.004806  0.002299  -0.001577  0.040712  0.309023  -0.115168  1.000000  
19.766305 0.006613  -0.005674  -0.002096  0.619204  0.778866  0.099772  -0.775146  0.626595  -0.080788  -0.125439  -0.027313  0.991725  -0.004823  0.002252  -0.001551  0.045652  0.322727  -0.121657  1.000000  
19.767307 0.006608  -0.005670  -0.002096  0.619575  0.778620  0.099391  -0.774957  0.626901  -0.080229  -0.124776  -0.027316  0.991809  -0.004885  0.002335  -0.001446  0.046498  0.345330  -0.127889  1.000000  
19.768307 0.006603  -0.005667  -0.002097  0.619786  0.778490  0.099087  -0.774894  0.627057  -0.079614  -0.124112  -0.027438  0.991889  -0.004950  0.002338  -0.001418  0.051413  0.363494  -0.134241  1.000000  
19.769552 0.006596  -0.005664  -0.002097  0.620168  0.778233  0.098717  -0.774716  0.627370  -0.078875  -0.123315  -0.027561  0.991985  -0.004967  0.002419  -0.001340  0.057216  0.386415  -0.147357  1.000000  
19.770805 0.006590  -0.005661  -0.002097  0.620538  0.777975  0.098428  -0.774525  0.627685  -0.078241  -0.122651  -0.027684  0.992064  -0.004976  0.002478  -0.001316  0.062116  0.404574  -0.153704  1.000000  
19.772055 0.006583  -0.005658  -0.002098  0.620749  0.777845  0.098124  -0.774461  0.627841  -0.077626  -0.121987  -0.027807  0.992142  -0.005027  0.002485  -0.001286  0.067012  0.422740  -0.160051  1.000000  
19.773301 0.006576  -0.005655  -0.002099  0.621118  0.777586  0.097835  -0.774269  0.628156  -0.076992  -0.121323  -0.027929  0.992220  -0.005071  0.002512  -0.001185  0.071913  0.440977  -0.166423  1.000000  
19.774301 0.006571  -0.005652  -0.002098  0.621488  0.777327  0.097545  -0.774076  0.628470  -0.076358  -0.120659  -0.028052  0.992298  -0.005157  0.002552  -0.001048  0.072995  0.455556  -0.178119  1.000000  
19.775551 0.006564  -0.005647  -0.002098  0.621867  0.777071  0.097172  -0.773896  0.628782  -0.075620  -0.119862  -0.028175  0.992391  -0.005220  0.002681  -0.000811  0.079335  0.477738  -0.192821  1.000000  
19.776818 0.006556  -0.005644  -0.002097  0.622256  0.776805  0.096809  -0.773727  0.629100  -0.074703  -0.118932  -0.028419  0.992496  -0.005374  0.002712  -0.000493  0.088192  0.500166  -0.198913  1.000000  
19.778051 0.006547  -0.005640  -0.002095  0.622793  0.776419  0.096449  -0.773416  0.629570  -0.073947  -0.118135  -0.028542  0.992587  -0.005527  0.002788  -0.000223  0.094038  0.514762  -0.217302  1.000000  
19.779301 0.006539  -0.005636  -0.002093  0.623180  0.776165  0.095991  -0.773246  0.629878  -0.073107  -0.117205  -0.028666  0.992694  -0.005638  0.002836  0.000114  0.098794  0.532853  -0.223623  1.000000  
19.780301 0.006532  -0.005634  -0.002091  0.623548  0.775894  0.095792  -0.773050  0.630200  -0.072397  -0.116541  -0.028909  0.992765  -0.005748  0.002822  0.000270  0.108468  0.546570  -0.236785  1.000000  
19.781312 0.006525  -0.005631  -0.002090  0.623915  0.775635  0.095499  -0.772854  0.630513  -0.071765  -0.115876  -0.029032  0.992839  -0.005907  0.002804  0.000433  0.114151  0.560224  -0.245311  1.000000  
19.782557 0.006516  -0.005627  -0.002087  0.624460  0.775240  0.095146  -0.772552  0.630988  -0.070829  -0.114946  -0.029276  0.992940  -0.006087  0.002859  0.000646  0.123864  0.578746  -0.258542  1.000000  
19.783576 0.006509  -0.005624  -0.002086  0.624836  0.774983  0.094768  -0.772367  0.631298  -0.070094  -0.114149  -0.029399  0.993029  -0.006160  0.002874  0.000725  0.124464  0.596461  -0.264628  1.000000  
19.784809 0.006500  -0.005620  -0.002084  0.625231  0.774720  0.094316  -0.772204  0.631609  -0.069075  -0.113085  -0.029643  0.993143  -0.006325  0.002914  0.000885  0.134144  0.615171  -0.277939  1.000000  
19.786061 0.006491  -0.005616  -0.002082  0.625783  0.774327  0.093877  -0.771911  0.632079  -0.068038  -0.112021  -0.029888  0.993256  -0.006486  0.002951  0.001045  0.143702  0.633421  -0.291040  1.000000  
19.787302 0.006482  -0.005613  -0.002078  0.626335  0.773934  0.093437  -0.771617  0.632549  -0.067001  -0.110958  -0.030132  0.993368  -0.006683  0.002962  0.001291  0.149244  0.652057  -0.304267  1.000000  
19.788551 0.006472  -0.005609  -0.002074  0.626895  0.773544  0.092911  -0.771333  0.633015  -0.065861  -0.109761  -0.030377  0.993494  -0.006912  0.002997  0.001630  0.157985  0.674945  -0.310523  1.000000  
19.789551 0.006464  -0.005605  -0.002071  0.627436  0.773148  0.092552  -0.771025  0.633486  -0.064929  -0.108830  -0.030622  0.993589  -0.007072  0.003034  0.001790  0.162918  0.687702  -0.327711  1.000000  
19.790551 0.006456  -0.005602  -0.002067  0.627818  0.772883  0.092179  -0.770846  0.633797  -0.064015  -0.107899  -0.030866  0.993683  -0.007207  0.002991  0.002021  0.172189  0.702632  -0.330208  1.000000  
19.791820 0.006446  -0.005598  -0.002062  0.628384  0.772484  0.091659  -0.770569  0.634266  -0.062697  -0.106569  -0.031232  0.993815  -0.007318  0.003032  0.002366  0.181486  0.725085  -0.342919  1.000000  
19.793053 0.006435  -0.005594  -0.002058  0.629108  0.771966  0.091057  -0.770161  0.634884  -0.061438  -0.105238  -0.031477  0.993949  -0.007487  0.003073  0.002529  0.191044  0.751523  -0.366547  1.000000  
19.794301 0.006424  -0.005590  -0.002053  0.629681  0.771570  0.090449  -0.769891  0.635347  -0.060018  -0.103774  -0.031844  0.994091  -0.007717  0.003051  0.002690  0.200319  0.778859  -0.379292  1.000000  
19.795301 0.006414  -0.005587  -0.002050  0.630227  0.771177  0.089999  -0.769588  0.635811  -0.058984  -0.102710  -0.032089  0.994194  -0.007892  0.003107  0.002745  0.208824  0.792419  -0.385622  1.000000  
19.796302 0.006405  -0.005584  -0.002047  0.630780  0.770777  0.089557  -0.769293  0.636278  -0.057771  -0.101512  -0.032455  0.994305  -0.008037  0.003084  0.002860  0.218112  0.815215  -0.398432  1.000000  
19.797305 0.006396  -0.005581  -0.002044  0.631490  0.770245  0.089125  -0.768868  0.636903  -0.056540  -0.100314  -0.032820  0.994414  -0.008161  0.003088  0.002912  0.231385  0.833515  -0.411413  1.000000  
19.798308 0.006386  -0.005579  -0.002041  0.632033  0.769852  0.088670  -0.768560  0.637365  -0.055509  -0.099249  -0.033065  0.994513  -0.008358  0.003064  0.003071  0.237700  0.849557  -0.421246  1.000000  
19.799558 0.006373  -0.005575  -0.002037  0.632766  0.769318  0.088074  -0.768161  0.637984  -0.053893  -0.097651  -0.033553  0.994655  -0.008575  0.003037  0.003228  0.251676  0.877268  -0.440831  1.000000  
19.800812 0.006361  -0.005571  -0.002031  0.633497  0.768784  0.087475  -0.767760  0.638601  -0.052279  -0.096053  -0.034041  0.994794  -0.008784  0.003059  0.003519  0.264855  0.909192  -0.453347  1.000000  
19.802052 0.006348  -0.005567  -0.002024  0.634227  0.768262  0.086780  -0.767356  0.639211  -0.050743  -0.094455  -0.034408  0.994934  -0.009034  0.003103  0.003698  0.272564  0.938418  -0.468943  1.000000  
19.803056 0.006338  -0.005564  -0.002019  0.634781  0.767854  0.086335  -0.767061  0.639674  -0.049354  -0.093123  -0.034895  0.995043  -0.009218  0.003059  0.003812  0.287247  0.968887  -0.478692  1.000000  
19.804301 0.006324  -0.005561  -0.002014  0.635680  0.767196  0.085568  -0.766540  0.640436  -0.047519  -0.091257  -0.035384  0.995198  -0.009434  0.003010  0.003858  0.298572  1.001904  -0.493750  1.000000  
19.805303 0.006313  -0.005558  -0.002010  0.636238  0.766802  0.084941  -0.766249  0.640887  -0.046106  -0.089792  -0.035751  0.995319  -0.009707  0.002987  0.003898  0.309331  1.033056  -0.503832  1.000000  
19.806551 0.006299  -0.005554  -0.002004  0.637133  0.766144  0.084167  -0.765722  0.641646  -0.044274  -0.087926  -0.036240  0.995468  -0.009964  0.002987  0.003960  0.319077  1.066048  -0.523482  1.000000  
19.807803 0.006285  -0.005550  -0.001999  0.637875  0.765622  0.083296  -0.765331  0.642241  -0.042358  -0.085926  -0.036730  0.995624  -0.010121  0.002966  0.003920  0.329059  1.101855  -0.530819  1.000000  
19.809051 0.006269  -0.005547  -0.001993  0.638765  0.764955  0.082608  -0.764796  0.643001  -0.040451  -0.084060  -0.037339  0.995761  -0.010454  0.002926  0.004093  0.348644  1.138610  -0.547769  1.000000  
19.810301 0.006255  -0.005543  -0.001986  0.639666  0.764294  0.081745  -0.764275  0.643750  -0.038341  -0.081927  -0.037950  0.995916  -0.010680  0.002903  0.004253  0.361364  1.184191  -0.559599  1.000000  
19.811301 0.006242  -0.005540  -0.001981  0.640379  0.763773  0.081027  -0.763847  0.644346  -0.036813  -0.080326  -0.038317  0.996032  -0.010884  0.002934  0.004369  0.367971  1.211308  -0.574222  1.000000  
19.812551 0.006225  -0.005538  -0.001973  0.641274  0.763114  0.080156  -0.763318  0.645090  -0.034706  -0.078192  -0.038928  0.996178  -0.011192  0.002866  0.004735  0.380426  1.251971  -0.586001  1.000000  
19.813802 0.006210  -0.005534  -0.001964  0.642165  0.762455  0.079280  -0.762784  0.645832  -0.032600  -0.076058  -0.039539  0.996319  -0.011447  0.002875  0.004997  0.393600  1.293239  -0.604746  1.000000  
19.814812 0.006197  -0.005532  -0.001959  0.643041  0.761790  0.078572  -0.762230  0.646578  -0.030700  -0.074190  -0.040149  0.996436  -0.011658  0.002813  0.005081  0.413276  1.330908  -0.621865  1.000000  
19.816066 0.006180  -0.005529  -0.001951  0.643939  0.761140  0.077516  -0.761702  0.647305  -0.028394  -0.071788  -0.040760  0.996587  -0.011890  0.002739  0.005262  0.421451  1.376368  -0.633381  1.000000  
19.817148 0.006168  -0.005527  -0.001943  0.644658  0.760613  0.076708  -0.761280  0.647886  -0.026410  -0.069786  -0.041371  0.996704  -0.011983  0.002698  0.005364  0.436788  1.409146  -0.643677  1.000000  
19.818302 0.006151  -0.005524  -0.001936  0.645704  0.759822  0.075740  -0.760609  0.648766  -0.024013  -0.067383  -0.042103  0.996838  -0.012324  0.002600  0.005455  0.455080  1.455207  -0.664377  1.000000  
19.819326 0.006137  -0.005522  -0.001930  0.646568  0.759159  0.075015  -0.760038  0.649502  -0.022119  -0.065514  -0.042713  0.996937  -0.012463  0.002570  0.005578  0.467125  1.486248  -0.675921  1.000000  
19.820552 0.006119  -0.005520  -0.001921  0.647606  0.758370  0.074036  -0.759357  0.650375  -0.019726  -0.063111  -0.043445  0.997060  -0.012764  0.002473  0.005854  0.480229  1.529194  -0.695004  1.000000  
19.821815 0.006102  -0.005517  -0.001912  0.648646  0.757576  0.073056  -0.758676  0.651242  -0.017155  -0.060574  -0.044299  0.997180  -0.012962  0.002429  0.006112  0.497437  1.567061  -0.714060  1.000000  
19.823051 0.006085  -0.005515  -0.001902  0.649832  0.756654  0.072068  -0.757849  0.652263  -0.014752  -0.058170  -0.045031  0.997291  -0.013156  0.002292  0.006408  0.513788  1.603695  -0.732489  1.000000  
19.824057 0.006069  -0.005514  -0.001893  0.650681  0.755994  0.071325  -0.757261  0.652986  -0.012865  -0.056299  -0.045641  0.997370  -0.013361  0.002186  0.006643  0.525879  1.631090  -0.751021  1.000000  
19.825301 0.006052  -0.005512  -0.001882  0.651708  0.755203  0.070327  -0.756563  0.653840  -0.010300  -0.053761  -0.046494  0.997471  -0.013530  0.002101  0.006979  0.541973  1.668105  -0.762748  1.000000  
19.826301 0.006037  -0.005510  -0.001872  0.652711  0.754405  0.069580  -0.755837  0.654708  -0.008222  -0.051757  -0.047225  0.997542  -0.013643  0.002024  0.007263  0.554367  1.696147  -0.781419  1.000000  
19.827301 0.006023  -0.005509  -0.001863  0.653560  0.753739  0.068831  -0.755247  0.655413  -0.005979  -0.049619  -0.048077  0.997610  -0.013748  0.001923  0.007436  0.569675  1.728241  -0.786139  1.000000  
19.828551 0.006005  -0.005507  -0.001851  0.654572  0.752951  0.067816  -0.754532  0.656254  -0.003420  -0.047080  -0.048930  0.997692  -0.013913  0.001832  0.007700  0.585637  1.769532  -0.804022  1.000000  
19.829553 0.005990  -0.005506  -0.001842  0.655413  0.752296  0.066965  -0.753932  0.656951  -0.001261  -0.044941  -0.049661  0.997755  -0.014009  0.001752  0.007837  0.596803  1.797230  -0.808999  1.000000  
19.830809 0.005972  -0.005505  -0.001830  0.656576  0.751380  0.065850  -0.753075  0.657934  0.001407  -0.042268  -0.050514  0.997829  -0.014118  0.001645  0.008176  0.608430  1.834209  -0.826913  1.000000  
19.832055 0.005954  -0.005504  -0.001817  0.657733  0.750457  0.064819  -0.752210  0.658910  0.004152  -0.039594  -0.051488  0.997888  -0.014333  0.001561  0.008479  0.628541  1.877325  -0.845088  1.000000  
19.833126 0.005939  -0.005502  -0.001807  0.658561  0.749797  0.064043  -0.751595  0.659594  0.006385  -0.037455  -0.052340  0.997927  -0.014270  0.001480  0.008705  0.642501  1.896279  -0.854793  1.000000  
19.834310 0.005920  -0.005501  -0.001794  0.659859  0.748737  0.063084  -0.750578  0.660720  0.009037  -0.034914  -0.053313  0.997967  -0.014520  0.001368  0.009082  0.659445  1.924467  -0.875128  1.000000  
19.835552 0.005900  -0.005500  -0.001780  0.660842  0.747942  0.062212  -0.749827  0.661530  0.011741  -0.032374  -0.054407  0.997994  -0.014657  0.001271  0.009496  0.674703  1.949001  -0.886730  1.000000  
19.836802 0.005880  -0.005499  -0.001765  0.662128  0.746884  0.061237  -0.748797  0.662644  0.014387  -0.029833  -0.055380  0.998020  -0.014760  0.001228  0.009854  0.688973  1.970298  -0.903936  1.000000  
19.838054 0.005861  -0.005498  -0.001750  0.663260  0.745967  0.060169  -0.747901  0.663584  0.017298  -0.027024  -0.056474  0.998038  -0.014898  0.001146  0.010162  0.709200  2.005987  -0.922838  1.000000  
19.839301 0.005841  -0.005497  -0.001735  0.664536  0.744923  0.058998  -0.746859  0.664683  0.019956  -0.024349  -0.057325  0.998059  -0.015001  0.001117  0.010427  0.716146  2.030280  -0.941234  1.000000  
19.840303 0.005825  -0.005496  -0.001724  0.665491  0.744134  0.058183  -0.746075  0.665492  0.022189  -0.022209  -0.058175  0.998059  -0.015162  0.001028  0.010531  0.726976  2.044770  -0.953015  1.000000  
19.841551 0.005805  -0.005495  -0.001709  0.666607  0.743227  0.057003  -0.745161  0.666409  0.025190  -0.019266  -0.059268  0.998056  -0.015251  0.000983  0.010744  0.745570  2.078038  -0.963990  1.000000  
19.842551 0.005789  -0.005494  -0.001699  0.667554  0.742446  0.056087  -0.744368  0.667203  0.027517  -0.016992  -0.060118  0.998047  -0.015381  0.000927  0.010770  0.756353  2.097450  -0.975680  1.000000  
19.843802 0.005769  -0.005493  -0.001684  0.668807  0.741394  0.055065  -0.743298  0.668273  0.030324  -0.014316  -0.061210  0.998022  -0.015459  0.000945  0.011003  0.773181  2.123318  -0.996661  1.000000  
19.845051 0.005748  -0.005491  -0.001668  0.669902  0.740487  0.053950  -0.742361  0.669177  0.033216  -0.011506  -0.062302  0.997991  -0.015698  0.000934  0.011290  0.778816  2.128286  -0.996385  1.000000  
19.846051 0.005732  -0.005490  -0.001655  0.670834  0.739704  0.053104  -0.741550  0.669952  0.035616  -0.009232  -0.063272  0.997954  -0.015833  0.000939  0.011501  0.793423  2.143563  -1.008160  1.000000  
19.847051 0.005715  -0.005489  -0.001642  0.671762  0.738922  0.052252  -0.740734  0.670722  0.038014  -0.006957  -0.064242  0.997910  -0.015941  0.000991  0.011680  0.805917  2.159982  -1.022634  1.000000  
19.848056 0.005697  -0.005487  -0.001629  0.672686  0.738147  0.051305  -0.739914  0.671480  0.040508  -0.004549  -0.065211  0.997861  -0.016188  0.001051  0.011939  0.815333  2.171618  -1.025987  1.000000  
19.849058 0.005680  -0.005486  -0.001616  0.673756  0.737224  0.050523  -0.738950  0.672399  0.042813  -0.002408  -0.066180  0.997805  -0.016273  0.001076  0.012082  0.826350  2.183791  -1.038454  1.000000  
19.850063 0.005663  -0.005484  -0.001602  0.674671  0.736441  0.049743  -0.738119  0.673149  0.045286  -0.000134  -0.067269  0.997735  -0.016358  0.001112  0.012203  0.839552  2.191818  -1.042038  1.000000  
19.851307 0.005641  -0.005481  -0.001586  0.675882  0.735407  0.048574  -0.737004  0.674144  0.048530  0.002944  -0.068600  0.997640  -0.016538  0.001236  0.012285  0.857282  2.216510  -1.052610  1.000000  
19.852551 0.005619  -0.005479  -0.001570  0.677087  0.734363  0.047576  -0.735880  0.675144  0.051574  0.005753  -0.069930  0.997535  -0.016617  0.001327  0.012345  0.872312  2.227448  -1.061044  1.000000  
19.853552 0.005601  -0.005477  -0.001558  0.677986  0.733573  0.046956  -0.735034  0.675890  0.053842  0.007760  -0.071018  0.997445  -0.016802  0.001380  0.012447  0.885055  2.237805  -1.061451  1.000000  
19.854801 0.005579  -0.005474  -0.001542  0.679178  0.732528  0.046030  -0.733897  0.676868  0.056961  0.010570  -0.072468  0.997315  -0.016918  0.001519  0.012501  0.903584  2.248203  -1.069367  1.000000  
19.856057 0.005557  -0.005471  -0.001526  0.680214  0.731619  0.045197  -0.732894  0.677694  0.059970  0.013246  -0.073917  0.997176  -0.017048  0.001652  0.012649  0.919572  2.254052  -1.069190  1.000000  
19.857301 0.005534  -0.005469  -0.001510  0.681240  0.730727  0.044174  -0.731881  0.678497  0.063172  0.016189  -0.075365  0.997025  -0.017265  0.001696  0.012783  0.929508  2.264555  -1.070054  1.000000  
19.858301 0.005516  -0.005466  -0.001496  0.682267  0.729818  0.043333  -0.730870  0.679353  0.065635  0.018463  -0.076451  0.996902  -0.017392  0.001881  0.012916  0.942628  2.276067  -1.084334  1.000000  
19.859551 0.005494  -0.005463  -0.001478  0.683429  0.728791  0.042279  -0.729703  0.680291  0.068838  0.021406  -0.077897  0.996732  -0.017499  0.001946  0.013090  0.956224  2.286432  -1.091791  1.000000  
19.860801 0.005472  -0.005460  -0.001461  0.684580  0.727782  0.041034  -0.728522  0.681203  0.072231  0.024616  -0.079342  0.996543  -0.017626  0.002018  0.013166  0.973046  2.306408  -1.095111  1.000000  
19.861801 0.005454  -0.005457  -0.001448  0.685439  0.727016  0.040272  -0.727633  0.681880  0.074759  0.026890  -0.080546  0.996388  -0.017663  0.002172  0.013174  0.982410  2.312293  -1.099242  1.000000  
19.862805 0.005436  -0.005454  -0.001433  0.686443  0.726111  0.039489  -0.726599  0.682701  0.077292  0.029164  -0.081749  0.996226  -0.017750  0.002203  0.013252  0.995848  2.318270  -1.103566  1.000000  
19.864062 0.005413  -0.005451  -0.001417  0.687580  0.725083  0.038579  -0.725405  0.683603  0.080467  0.031972  -0.083313  0.996010  -0.017790  0.002312  0.013275  1.012428  2.329212  -1.102990  1.000000  
19.865304 0.005391  -0.005447  -0.001399  0.688855  0.723926  0.037551  -0.724058  0.684636  0.083742  0.034914  -0.084875  0.995780  -0.017815  0.002415  0.013393  1.025273  2.345658  -1.119696  1.000000  
19.866309 0.005372  -0.005444  -0.001384  0.689837  0.723032  0.036739  -0.723002  0.685416  0.086446  0.037321  -0.086196  0.995579  -0.017900  0.002496  0.013505  1.042570  2.360258  -1.122987  1.000000  
19.867559 0.005350  -0.005440  -0.001366  0.690948  0.722022  0.035709  -0.721782  0.686282  0.089705  0.040263  -0.087756  0.995328  -0.017975  0.002581  0.013604  1.055127  2.366160  -1.119459  1.000000  
19.868803 0.005326  -0.005436  -0.001347  0.692195  0.720878  0.034645  -0.720408  0.687267  0.093147  0.043337  -0.089434  0.995049  -0.018059  0.002730  0.013893  1.075975  2.382650  -1.129344  1.000000  
19.869804 0.005308  -0.005432  -0.001332  0.693158  0.719992  0.033809  -0.719332  0.688023  0.095840  0.045743  -0.090752  0.994822  -0.018037  0.002841  0.014043  1.093508  2.393738  -1.133301  1.000000  
19.871054 0.005284  -0.005428  -0.001311  0.694389  0.718856  0.032724  -0.717942  0.688987  0.099273  0.048817  -0.092428  0.994522  -0.018192  0.002877  0.014333  1.109605  2.399806  -1.136229  1.000000  
19.872057 0.005266  -0.005425  -0.001295  0.695344  0.717962  0.032051  -0.716859  0.689724  0.101948  0.051089  -0.093865  0.994273  -0.018213  0.002960  0.014586  1.126639  2.401930  -1.147102  1.000000  
19.873301 0.005242  -0.005420  -0.001275  0.696705  0.716691  0.030923  -0.715310  0.690816  0.105379  0.054162  -0.095538  0.993951  -0.018267  0.003022  0.014761  1.143131  2.418522  -1.156651  1.000000  
19.874301 0.005224  -0.005416  -0.001258  0.697784  0.715679  0.030025  -0.714061  0.691665  0.108244  0.056700  -0.096971  0.993671  -0.018317  0.003128  0.014926  1.160049  2.434394  -1.166527  1.000000  
19.875551 0.005200  -0.005412  -0.001238  0.698985  0.714548  0.028990  -0.712645  0.692597  0.111563  0.059639  -0.098641  0.993334  -0.018413  0.003230  0.015080  1.172024  2.437230  -1.176700  1.000000  
19.876801 0.005176  -0.005407  -0.001219  0.700325  0.713275  0.028007  -0.711076  0.693652  0.114968  0.062577  -0.100430  0.992974  -0.018528  0.003286  0.015263  1.188044  2.444573  -1.186300  1.000000  
19.878051 0.005152  -0.005402  -0.001197  0.701515  0.712142  0.027042  -0.709649  0.694572  0.118183  0.065381  -0.102098  0.992623  -0.018654  0.003420  0.015520  1.198364  2.441202  -1.192661  1.000000  
19.879301 0.005127  -0.005398  -0.001177  0.702829  0.710882  0.026026  -0.708058  0.695579  0.121757  0.068451  -0.104002  0.992219  -0.018781  0.003432  0.015731  1.214257  2.453705  -1.201695  1.000000  
19.880302 0.005107  -0.005394  -0.001159  0.703731  0.710017  0.025285  -0.706925  0.696229  0.124586  0.070854  -0.105549  0.991887  -0.018903  0.003500  0.015956  1.230923  2.459171  -1.197828  1.000000  
19.881311 0.005088  -0.005390  -0.001141  0.704771  0.709011  0.024510  -0.705642  0.697018  0.127416  0.073256  -0.107094  0.991546  -0.019005  0.003597  0.016265  1.245306  2.463017  -1.205410  1.000000  
19.882554 0.005062  -0.005385  -0.001118  0.706059  0.707767  0.023375  -0.704027  0.698006  0.130891  0.076325  -0.108873  0.991121  -0.019163  0.003639  0.016571  1.256970  2.475326  -1.214445  1.000000  
19.883560 0.005041  -0.005381  -0.001099  0.706941  0.706908  0.022694  -0.702878  0.698615  0.133794  0.078726  -0.110535  0.990749  -0.019296  0.003708  0.016807  1.273425  2.485898  -1.216585  1.000000  
19.884808 0.005017  -0.005375  -0.001076  0.708211  0.705667  0.021707  -0.701247  0.699547  0.137428  0.081793  -0.112550  0.990274  -0.019394  0.003809  0.017117  1.288676  2.503356  -1.231423  1.000000  
19.886054 0.004991  -0.005369  -0.001052  0.709335  0.704567  0.020745  -0.699761  0.700349  0.140875  0.084727  -0.114444  0.989810  -0.019539  0.003912  0.017276  1.298014  2.514020  -1.235543  1.000000  
19.887302 0.004966  -0.005363  -0.001029  0.710601  0.703316  0.019836  -0.698130  0.701294  0.144227  0.087526  -0.116336  0.989346  -0.019657  0.004085  0.017482  1.311801  2.515151  -1.249861  1.000000  
19.888303 0.004945  -0.005358  -0.001010  0.711597  0.702331  0.019004  -0.696809  0.702024  0.147034  0.089925  -0.117871  0.988949  -0.019831  0.004142  0.017685  1.319620  2.518090  -1.259856  1.000000  
19.889551 0.004919  -0.005352  -0.000986  0.712703  0.701232  0.018104  -0.695310  0.702803  0.150373  0.092723  -0.119759  0.988464  -0.019968  0.004280  0.017949  1.332530  2.518462  -1.257426  1.000000  
19.890551 0.004899  -0.005346  -0.000966  0.713685  0.700252  0.017339  -0.693978  0.703496  0.153257  0.095121  -0.121410  0.988034  -0.020041  0.004427  0.018227  1.347604  2.514685  -1.266415  1.000000  
19.891551 0.004879  -0.005341  -0.000946  0.714661  0.699275  0.016565  -0.692640  0.704181  0.156137  0.097518  -0.123059  0.987596  -0.020126  0.004512  0.018487  1.359506  2.522409  -1.275839  1.000000  
19.892801 0.004853  -0.005334  -0.000920  0.715866  0.698064  0.015582  -0.690956  0.705009  0.159821  0.100580  -0.125177  0.987023  -0.020223  0.004613  0.018795  1.375250  2.532537  -1.278518  1.000000  
19.893802 0.004834  -0.005329  -0.000899  0.716826  0.697095  0.014789  -0.689606  0.705673  0.162693  0.102976  -0.126821  0.986566  -0.020219  0.004756  0.019045  1.386740  2.539963  -1.287609  1.000000  
19.895051 0.004809  -0.005322  -0.000872  0.718033  0.695867  0.014057  -0.687926  0.706479  0.166269  0.105770  -0.129057  0.985980  -0.020277  0.004871  0.019382  1.406117  2.538844  -1.289721  1.000000  
19.896058 0.004789  -0.005317  -0.000851  0.719120  0.694759  0.013295  -0.686416  0.707246  0.169221  0.108165  -0.130816  0.985488  -0.020238  0.004962  0.019625  1.417495  2.542254  -1.299025  1.000000  
19.897304 0.004764  -0.005309  -0.000825  0.720297  0.693554  0.012443  -0.684712  0.708013  0.172879  0.111091  -0.133044  0.984865  -0.020189  0.005159  0.019840  1.432150  2.546510  -1.307299  1.000000  
19.898307 0.004745  -0.005303  -0.000804  0.721250  0.692574  0.011804  -0.683360  0.708661  0.175553  0.113218  -0.134684  0.984399  -0.020158  0.005262  0.019973  1.444465  2.541916  -1.309663  1.000000  
19.899330 0.004726  -0.005297  -0.000783  0.722326  0.691464  0.011109  -0.681844  0.709410  0.178402  0.115478  -0.136439  0.983895  -0.020012  0.005386  0.020110  1.454630  2.534490  -1.318998  1.000000  
19.900557 0.004702  -0.005289  -0.000756  0.723489  0.690260  0.010235  -0.680130  0.710174  0.181869  0.118268  -0.138541  0.983270  -0.019938  0.005548  0.020386  1.462773  2.535331  -1.321912  1.000000  
19.901559 0.004683  -0.005282  -0.000734  0.724549  0.689157  0.009520  -0.678603  0.710901  0.184710  0.120526  -0.140291  0.982747  -0.019825  0.005687  0.020588  1.473972  2.534270  -1.331687  1.000000  
19.902803 0.004659  -0.005274  -0.000707  0.725834  0.687816  0.008667  -0.676727  0.711759  0.188254  0.123315  -0.142507  0.982082  -0.019696  0.005797  0.020856  1.489353  2.533727  -1.333845  1.000000  
19.904059 0.004636  -0.005265  -0.000678  0.726968  0.686625  0.007924  -0.674992  0.712438  0.191878  0.126103  -0.144838  0.981387  -0.019498  0.005925  0.021163  1.504563  2.522655  -1.329422  1.000000  
19.905301 0.004614  -0.005257  -0.000649  0.728232  0.685294  0.007044  -0.673101  0.713267  0.195411  0.128890  -0.147046  0.980696  -0.019334  0.005999  0.021478  1.519355  2.523173  -1.338528  1.000000  
19.906551 0.004592  -0.005249  -0.000619  0.729623  0.683820  0.006275  -0.671052  0.714173  0.199113  0.131676  -0.149488  0.979957  -0.019105  0.006145  0.021829  1.537738  2.523300  -1.346803  1.000000  
19.907801 0.004570  -0.005240  -0.000590  0.730879  0.682485  0.005546  -0.669158  0.714960  0.202632  0.134328  -0.151810  0.979239  -0.018900  0.006284  0.022025  1.556267  2.523312  -1.355391  1.000000  
19.908803 0.004554  -0.005233  -0.000567  0.731917  0.681376  0.004959  -0.667620  0.715646  0.205268  0.136316  -0.153550  0.978693  -0.018634  0.006426  0.022171  1.559822  2.508444  -1.359783  1.000000  
19.910051 0.004532  -0.005224  -0.000537  0.733277  0.679918  0.004065  -0.665549  0.716532  0.208867  0.139099  -0.155863  0.977936  -0.018393  0.006559  0.022320  1.567632  2.508663  -1.375523  1.000000  
19.911301 0.004513  -0.005214  -0.000508  0.734640  0.678450  0.003171  -0.663484  0.717443  0.212284  0.141749  -0.158056  0.977203  -0.018055  0.006783  0.022544  1.573686  2.504744  -1.384555  1.000000  
19.912303 0.004496  -0.005206  -0.000485  0.735763  0.677235  0.002478  -0.661753  0.718156  0.215257  0.144000  -0.160018  0.976554  -0.017868  0.006847  0.022703  1.587923  2.503805  -1.393436  1.000000  
19.913551 0.004476  -0.005197  -0.000455  0.737242  0.675627  0.001676  -0.659522  0.719125  0.218838  0.146648  -0.162441  0.975760  -0.017603  0.006945  0.022901  1.596409  2.497996  -1.416304  1.000000  
19.914560 0.004461  -0.005190  -0.000430  0.738376  0.674388  0.001072  -0.657806  0.719869  0.221541  0.148633  -0.164286  0.975151  -0.017316  0.007022  0.023195  1.600740  2.485269  -1.427167  1.000000  
19.915806 0.004441  -0.005181  -0.000398  0.739699  0.672938  0.000286  -0.655714  0.720670  0.225110  0.151278  -0.166701  0.974333  -0.017054  0.007055  0.023522  1.613702  2.482379  -1.442689  1.000000  
19.916807 0.004427  -0.005173  -0.000373  0.740938  0.671574  -0.000402  -0.653821  0.721488  0.227978  0.153394  -0.168654  0.973666  -0.016717  0.007171  0.023734  1.627406  2.482987  -1.458692  1.000000  
19.918056 0.004408  -0.005163  -0.000342  0.742255  0.670117  -0.001118  -0.651729  0.722274  0.231450  0.155906  -0.171066  0.972846  -0.016413  0.007235  0.023983  1.634902  2.474529  -1.467603  1.000000  
19.919301 0.004390  -0.005153  -0.000311  0.743696  0.668516  -0.001897  -0.649477  0.723183  0.234915  0.158416  -0.173473  0.972014  -0.016095  0.007414  0.024084  1.646595  2.472597  -1.489519  1.000000  
19.920303 0.004376  -0.005145  -0.000285  0.744923  0.667145  -0.002606  -0.647582  0.724007  0.237595  0.160398  -0.175303  0.971361  -0.015801  0.007493  0.024223  1.650780  2.466005  -1.507846  1.000000  
19.921551 0.004359  -0.005135  -0.000254  0.746459  0.665422  -0.003562  -0.645149  0.725008  0.241134  0.163038  -0.177698  0.970485  -0.015528  0.007605  0.024330  1.655361  2.463736  -1.528623  1.000000  
19.922551 0.004346  -0.005127  -0.000229  0.747519  0.664227  -0.004183  -0.643382  0.725598  0.244066  0.165150  -0.179753  0.969750  -0.015194  0.007689  0.024443  1.664301  2.456544  -1.540199  1.000000  
19.923803 0.004329  -0.005116  -0.000198  0.749049  0.662495  -0.005072  -0.640950  0.726584  0.247507  0.167657  -0.182144  0.968873  -0.014901  0.007768  0.024582  1.667340  2.450707  -1.562690  1.000000  
