1-Time 2-Px 3-Py 4-Pz 5-R11 6-R21 7-R31 8-R12 9-R22 10-R32 11-R13 12-R23 13-R33 14-Vx 15-Vy 16-Vz 17-Wx 18-Wy 19-Wz 20-state
176.389058 0.023949  0.001068  -0.028511  0.694516  0.369354  0.617435  -0.697094  0.557841  0.450415  -0.178068  -0.743231  0.644903  -0.000353  0.000118  -0.000975  0.000000  0.000000  0.000000  1.000000  
176.390263 0.023946  0.001067  -0.028510  0.694516  0.369429  0.617390  -0.697094  0.557895  0.450348  -0.178068  -0.743152  0.644993  -0.002426  -0.000417  0.000566  0.000000  0.000000  0.000000  1.000000  
176.391507 0.023933  0.001058  -0.028483  0.694516  0.369429  0.617390  -0.697094  0.557895  0.450348  -0.178068  -0.743152  0.644993  -0.006919  -0.004097  0.012418  0.000000  0.000000  0.000000  1.000000  
176.392519 0.023921  0.001052  -0.028453  0.694372  0.369618  0.617438  -0.697237  0.557874  0.450153  -0.178068  -0.743074  0.645083  -0.008613  -0.004868  0.017679  0.000000  0.000000  0.000000  1.000000  
176.393779 0.023908  0.001049  -0.028430  0.694372  0.369693  0.617393  -0.697237  0.557928  0.450085  -0.178068  -0.742996  0.645174  -0.009011  -0.004205  0.017905  0.000000  0.000000  0.000000  1.000000  
176.395010 0.023893  0.001047  -0.028416  0.694228  0.369883  0.617441  -0.697380  0.557907  0.449890  -0.178068  -0.742918  0.645264  -0.009641  -0.003559  0.016401  0.000000  0.000000  0.000000  1.000000  
176.396011 0.023877  0.001045  -0.028409  0.694228  0.369958  0.617396  -0.697380  0.557961  0.449823  -0.178068  -0.742839  0.645354  -0.010603  -0.003340  0.015075  0.000000  0.000000  0.000000  1.000000  
176.397023 0.023858  0.001042  -0.028399  0.694085  0.370148  0.617444  -0.697523  0.557940  0.449628  -0.178068  -0.742761  0.645444  -0.011667  -0.003289  0.014415  0.000000  0.000000  0.000000  1.000000  
176.398036 0.023841  0.001042  -0.028390  0.693941  0.370262  0.617536  -0.697666  0.557864  0.449501  -0.178068  -0.742761  0.645444  -0.012321  -0.002893  0.013686  0.000000  0.000000  0.000000  1.000000  
176.399258 0.023822  0.001044  -0.028378  0.693941  0.370337  0.617492  -0.697666  0.557918  0.449433  -0.178068  -0.742683  0.645534  -0.012711  -0.002391  0.013286  0.000000  0.000000  0.000000  1.000000  
176.400508 0.023804  0.001044  -0.028363  0.693781  0.370382  0.617645  -0.697792  0.557912  0.449245  -0.178200  -0.742665  0.645518  -0.012878  -0.002086  0.013074  0.000000  0.000000  0.000000  1.000000  
176.401508 0.023787  0.001043  -0.028347  0.693637  0.370497  0.617737  -0.697934  0.557836  0.449117  -0.178200  -0.742665  0.645518  -0.013191  -0.002026  0.013320  0.000000  0.000000  0.000000  1.000000  
176.402509 0.023768  0.001040  -0.028329  0.693493  0.370612  0.617830  -0.698077  0.557760  0.448990  -0.178200  -0.742665  0.645518  -0.013673  -0.002112  0.013693  0.000000  0.000000  0.000000  1.000000  
176.403758 0.023739  0.001032  -0.028301  0.693333  0.370657  0.617983  -0.698203  0.557754  0.448802  -0.178331  -0.742647  0.645503  -0.014467  -0.002428  0.014439  0.000000  0.000000  0.000000  1.000000  
176.405008 0.023708  0.001020  -0.028266  0.693189  0.370696  0.618121  -0.698346  0.557623  0.448742  -0.178331  -0.742725  0.645413  -0.015995  -0.003227  0.016382  0.000000  0.000000  0.000000  1.000000  
176.406259 0.023675  0.001005  -0.028230  0.693045  0.370736  0.618258  -0.698488  0.557492  0.448683  -0.178331  -0.742803  0.645323  -0.017434  -0.003666  0.017346  0.000000  0.000000  0.000000  1.000000  
176.407262 0.023650  0.000995  -0.028204  0.693045  0.370736  0.618258  -0.698488  0.557492  0.448683  -0.178331  -0.742803  0.645323  -0.018363  -0.003838  0.016897  0.000000  0.000000  0.000000  1.000000  
176.408509 0.023619  0.000988  -0.028181  0.692885  0.370706  0.618456  -0.698614  0.557432  0.448562  -0.178463  -0.742864  0.645217  -0.019473  -0.004085  0.016833  0.000000  0.000000  0.000000  1.000000  
176.409516 0.023592  0.000983  -0.028168  0.692902  0.370776  0.618395  -0.698631  0.557362  0.448623  -0.178331  -0.742882  0.645232  -0.020632  -0.004353  0.016977  0.000000  0.000000  0.000000  1.000000  
176.410516 0.023563  0.000979  -0.028154  0.692902  0.370776  0.618395  -0.698631  0.557362  0.448623  -0.178331  -0.742882  0.645232  -0.021559  -0.004521  0.017403  0.000000  0.000000  0.000000  1.000000  
176.411517 0.023534  0.000974  -0.028136  0.692902  0.370851  0.618350  -0.698631  0.557416  0.448555  -0.178331  -0.742803  0.645323  -0.022264  -0.004653  0.018053  0.000000  0.000000  0.000000  1.000000  
176.412764 0.023502  0.000970  -0.028100  0.693045  0.370736  0.618258  -0.698488  0.557492  0.448683  -0.178331  -0.742803  0.645323  -0.022895  -0.004775  0.019501  0.000000  0.000000  0.000000  1.000000  
176.414012 0.023476  0.000973  -0.028054  0.693172  0.370626  0.618181  -0.698329  0.557694  0.448681  -0.178463  -0.742707  0.645397  -0.023303  -0.004695  0.021745  0.000000  0.000000  0.000000  1.000000  
176.415012 0.023454  0.000974  -0.028010  0.693189  0.370771  0.618076  -0.698346  0.557678  0.448675  -0.178331  -0.742647  0.645503  -0.023833  -0.004700  0.023973  0.000000  0.000000  0.000000  1.000000  
176.416016 0.023430  0.000974  -0.027966  0.693333  0.370732  0.617938  -0.698203  0.557808  0.448734  -0.178331  -0.742568  0.645593  -0.024497  -0.004672  0.026041  0.000000  0.000000  0.000000  1.000000  
176.417263 0.023395  0.000971  -0.027917  0.693477  0.370767  0.617756  -0.698060  0.557994  0.448726  -0.178331  -0.742412  0.645773  -0.025233  -0.004626  0.027920  0.000000  0.000000  0.000000  1.000000  
176.418513 0.023359  0.000967  -0.027878  0.693637  0.370872  0.617513  -0.697934  0.558108  0.448779  -0.178200  -0.742273  0.645969  -0.025770  -0.004420  0.028700  0.000000  0.000000  0.000000  1.000000  
176.419763 0.023324  0.000964  -0.027846  0.693798  0.370976  0.617269  -0.697809  0.558223  0.448832  -0.178068  -0.742134  0.646164  -0.026036  -0.003757  0.028464  0.000000  0.000000  0.000000  1.000000  
176.421013 0.023289  0.000962  -0.027819  0.693941  0.371011  0.617087  -0.697666  0.558408  0.448824  -0.178068  -0.741978  0.646344  -0.026169  -0.002919  0.027860  0.000000  0.000000  0.000000  1.000000  
176.422021 0.023260  0.000960  -0.027796  0.694085  0.370971  0.616949  -0.697523  0.558539  0.448883  -0.178068  -0.741899  0.646434  -0.026393  -0.002403  0.027656  0.000000  0.000000  0.000000  1.000000  
176.423258 0.023226  0.000958  -0.027767  0.694372  0.370891  0.616675  -0.697237  0.558801  0.449001  -0.178068  -0.741742  0.646614  -0.026628  -0.002109  0.027856  0.000000  0.000000  0.000000  1.000000  
176.424509 0.023193  0.000957  -0.027734  0.694516  0.370925  0.616492  -0.697094  0.558986  0.448993  -0.178068  -0.741585  0.646794  -0.026625  -0.001738  0.028920  0.000000  0.000000  0.000000  1.000000  
176.425774 0.023161  0.000956  -0.027698  0.694819  0.370915  0.616156  -0.696825  0.559178  0.449172  -0.177936  -0.741446  0.646990  -0.026267  -0.001303  0.030310  0.000000  0.000000  0.000000  1.000000  
176.427015 0.023127  0.000958  -0.027655  0.694963  0.371024  0.615929  -0.696682  0.559417  0.449096  -0.177936  -0.741211  0.647260  -0.026195  -0.000937  0.031133  0.000000  0.000000  0.000000  1.000000  
176.428033 0.023103  0.000961  -0.027618  0.695106  0.371058  0.615746  -0.696539  0.559603  0.449087  -0.177936  -0.741054  0.647439  -0.026239  -0.000682  0.031436  0.000000  0.000000  0.000000  1.000000  
176.429265 0.023074  0.000967  -0.027571  0.695393  0.371051  0.615426  -0.696252  0.559919  0.449136  -0.177936  -0.740818  0.647709  -0.026536  -0.000492  0.031289  0.000000  0.000000  0.000000  1.000000  
176.430512 0.023045  0.000971  -0.027530  0.695680  0.371119  0.615061  -0.695966  0.560290  0.449118  -0.177936  -0.740504  0.648068  -0.026576  -0.000238  0.030335  0.000000  0.000000  0.000000  1.000000  
176.431807 0.023013  0.000974  -0.027497  0.695966  0.371261  0.614651  -0.695680  0.560715  0.449031  -0.177936  -0.740111  0.648517  -0.026313  0.000116  0.029019  0.000000  0.000000  0.000000  1.000000  
176.433010 0.022978  0.000978  -0.027468  0.696109  0.371593  0.614289  -0.695536  0.561118  0.448749  -0.177936  -0.739639  0.649056  -0.026324  0.000677  0.028315  0.000000  0.000000  0.000000  1.000000  
176.434258 0.022942  0.000984  -0.027437  0.696396  0.371809  0.613833  -0.695250  0.561598  0.448594  -0.177936  -0.739166  0.649594  -0.026393  0.001213  0.028087  0.000000  0.000000  0.000000  1.000000  
176.435260 0.022914  0.000988  -0.027408  0.696539  0.372065  0.613516  -0.695106  0.561946  0.448379  -0.177936  -0.738772  0.650042  -0.026407  0.001656  0.028434  0.000000  0.000000  0.000000  1.000000  
176.436508 0.022882  0.000992  -0.027362  0.696825  0.372355  0.613015  -0.694819  0.562480  0.448154  -0.177936  -0.738220  0.650669  -0.026218  0.002102  0.029654  -0.208508  0.142122  -0.106437  1.000000  
176.437758 0.022852  0.000997  -0.027311  0.696951  0.372689  0.612668  -0.694659  0.563007  0.447741  -0.178068  -0.737649  0.651280  -0.025874  0.002537  0.031194  -0.238707  0.152371  -0.115493  1.000000  
176.439008 0.022822  0.001004  -0.027258  0.697077  0.373098  0.612276  -0.694499  0.563587  0.447259  -0.178200  -0.736999  0.651980  -0.025614  0.003102  0.032673  -0.267770  0.150199  -0.125728  1.000000  
176.440015 0.022798  0.001009  -0.027219  0.697220  0.373353  0.611957  -0.694355  0.563935  0.447043  -0.178200  -0.736603  0.652426  -0.025515  0.003540  0.033477  -0.286764  0.155238  -0.130227  1.000000  
176.441261 0.022767  0.001017  -0.027177  0.697329  0.373542  0.611717  -0.694178  0.564476  0.446635  -0.178463  -0.736093  0.652931  -0.025337  0.004009  0.033654  -0.309852  0.154417  -0.141475  1.000000  
176.442261 0.022744  0.001022  -0.027149  0.697455  0.373801  0.611416  -0.694018  0.564948  0.446289  -0.178595  -0.735599  0.653450  -0.025134  0.004233  0.033170  -0.329994  0.151381  -0.144862  1.000000  
176.443275 0.022723  0.001027  -0.027123  0.697438  0.374102  0.611251  -0.694001  0.565288  0.445884  -0.178726  -0.735185  0.653881  -0.024927  0.004314  0.032216  -0.350126  0.147415  -0.141571  1.000000  
176.444518 0.022697  0.001032  -0.027092  0.697564  0.374435  0.610903  -0.693840  0.565813  0.445468  -0.178858  -0.734612  0.654489  -0.024777  0.004333  0.031258  -0.373805  0.146697  -0.153078  1.000000  
176.445763 0.022670  0.001035  -0.027059  0.697530  0.374888  0.610664  -0.693806  0.566383  0.444795  -0.179121  -0.733941  0.655169  -0.024575  0.004322  0.030922  -0.403274  0.135442  -0.155287  1.000000  
176.447013 0.022639  0.001036  -0.027023  0.697513  0.375337  0.610408  -0.693790  0.566830  0.444252  -0.179253  -0.733366  0.655776  -0.024435  0.004089  0.031181  -0.424849  0.127263  -0.154216  1.000000  
176.448030 0.022615  0.001037  -0.026991  0.697496  0.375786  0.610151  -0.693773  0.567276  0.443709  -0.179384  -0.732791  0.656383  -0.024103  0.003875  0.031914  -0.450276  0.116060  -0.156419  1.000000  
176.449273 0.022587  0.001037  -0.026943  0.697605  0.376122  0.609819  -0.693595  0.567922  0.443160  -0.179648  -0.732118  0.657061  -0.023571  0.003522  0.033055  -0.474799  0.110032  -0.163257  1.000000  
176.450515 0.022561  0.001039  -0.026890  0.697571  0.376723  0.609488  -0.693561  0.568597  0.442347  -0.179911  -0.731285  0.657917  -0.023066  0.003313  0.033858  -0.504676  0.095889  -0.168971  1.000000  
176.451763 0.022537  0.001042  -0.026836  0.697679  0.377132  0.609110  -0.693384  0.569295  0.441727  -0.180174  -0.730530  0.658682  -0.022593  0.003248  0.034329  -0.537491  0.089855  -0.175830  1.000000  
176.452763 0.022517  0.001047  -0.026793  0.697645  0.377584  0.608869  -0.693350  0.569861  0.441050  -0.180437  -0.729855  0.659359  -0.022280  0.003269  0.034320  -0.562991  0.078653  -0.178033  1.000000  
176.453768 0.022497  0.001052  -0.026754  0.697594  0.378041  0.608644  -0.693299  0.570548  0.440240  -0.180832  -0.729081  0.660106  -0.022042  0.003291  0.034120  -0.593962  0.059389  -0.179117  1.000000  
176.455014 0.022473  0.001061  -0.026714  0.697685  0.378528  0.608237  -0.693104  0.571419  0.439417  -0.181227  -0.728146  0.661030  -0.021648  0.003441  0.033697  -0.630579  0.047281  -0.192583  1.000000  
176.456020 0.022455  0.001069  -0.026683  0.697793  0.378936  0.607859  -0.692926  0.572114  0.438793  -0.181490  -0.727388  0.661792  -0.021135  0.003538  0.033485  -0.657813  0.040846  -0.197713  1.000000  
176.457264 0.022432  0.001076  -0.026643  0.697724  0.379544  0.607558  -0.692857  0.573026  0.437710  -0.182016  -0.726352  0.662784  -0.020877  0.003603  0.034009  -0.699399  0.023752  -0.206545  1.000000  
176.458265 0.022414  0.001082  -0.026605  0.697815  0.379956  0.607197  -0.692662  0.573840  0.436952  -0.182411  -0.725494  0.663615  -0.020623  0.003643  0.034569  -0.735065  0.009716  -0.213827  1.000000  
176.459269 0.022395  0.001085  -0.026562  0.697763  0.380412  0.606971  -0.692610  0.574521  0.436137  -0.182806  -0.724715  0.664357  -0.020434  0.003603  0.035933  -0.760536  -0.004515  -0.219281  1.000000  
176.460517 0.022371  0.001087  -0.026506  0.697818  0.380833  0.606643  -0.692381  0.575575  0.435112  -0.183463  -0.723657  0.665329  -0.020209  0.003492  0.037527  -0.794317  -0.024813  -0.231453  1.000000  
176.461762 0.022348  0.001088  -0.026450  0.697874  0.381254  0.606315  -0.692150  0.576627  0.434085  -0.184121  -0.722597  0.666298  -0.019853  0.003387  0.038733  -0.822676  -0.044836  -0.241990  1.000000  
176.462767 0.022329  0.001088  -0.026410  0.697821  0.381784  0.606042  -0.692098  0.577357  0.433196  -0.184515  -0.721734  0.667124  -0.019424  0.003458  0.039413  -0.845663  -0.059457  -0.249017  1.000000  
176.464020 0.022305  0.001089  -0.026364  0.697876  0.382277  0.605668  -0.691867  0.578458  0.432095  -0.185173  -0.720591  0.668177  -0.019077  0.003510  0.039242  -0.875279  -0.079853  -0.261034  1.000000  
176.465271 0.022284  0.001092  -0.026320  0.697788  0.382890  0.605382  -0.691780  0.579477  0.430867  -0.185830  -0.719445  0.669228  -0.018765  0.003585  0.038676  -0.902115  -0.105334  -0.268443  1.000000  
176.466519 0.022264  0.001096  -0.026278  0.697699  0.383576  0.605050  -0.691692  0.580546  0.429567  -0.186488  -0.718217  0.670363  -0.018456  0.003647  0.037789  -0.931933  -0.125829  -0.280402  1.000000  
176.467763 0.022246  0.001101  -0.026237  0.697735  0.384075  0.604692  -0.691443  0.581759  0.428325  -0.187276  -0.716968  0.671480  -0.018098  0.003652  0.037112  -0.961853  -0.146376  -0.292342  1.000000  
176.468763 0.022230  0.001107  -0.026204  0.697788  0.384421  0.604411  -0.691211  0.582747  0.427357  -0.187933  -0.715980  0.672350  -0.017783  0.003649  0.036723  -0.981007  -0.153783  -0.310085  1.000000  
176.469763 0.022215  0.001114  -0.026168  0.697699  0.384961  0.604170  -0.691122  0.583705  0.426191  -0.188590  -0.714909  0.673305  -0.017507  0.003602  0.036959  -1.010996  -0.174331  -0.322007  1.000000  
176.471014 0.022194  0.001122  -0.026118  0.697591  0.385725  0.603807  -0.691016  0.584934  0.424676  -0.189379  -0.713490  0.674587  -0.017416  0.003509  0.037657  -1.052831  -0.191905  -0.330391  1.000000  
176.472020 0.022176  0.001127  -0.026073  0.697643  0.386291  0.603385  -0.690783  0.586069  0.423488  -0.190035  -0.712252  0.675710  -0.017309  0.003458  0.038616  -1.085232  -0.204442  -0.343350  1.000000  
176.473264 0.022154  0.001133  -0.026012  0.697498  0.386994  0.603102  -0.690639  0.587476  0.421769  -0.191086  -0.710709  0.677037  -0.017311  0.003453  0.039528  -1.125381  -0.224487  -0.363416  1.000000  
176.474514 0.022132  0.001141  -0.025950  0.697371  0.387911  0.602660  -0.690513  0.588914  0.419967  -0.192006  -0.709017  0.678549  -0.017252  0.003648  0.040095  -1.174847  -0.248122  -0.378053  1.000000  
176.475783 0.022109  0.001149  -0.025892  0.697403  0.388701  0.602114  -0.690261  0.590309  0.418420  -0.192793  -0.707423  0.679988  -0.017137  0.004190  0.039969  -1.219043  -0.257856  -0.398294  1.000000  
176.477015 0.022085  0.001158  -0.025842  0.697274  0.389690  0.601623  -0.690133  0.591787  0.416537  -0.193712  -0.705641  0.681577  -0.017122  0.004823  0.039811  -1.268628  -0.277061  -0.417846  1.000000  
176.478016 0.022066  0.001167  -0.025807  0.697182  0.390522  0.601190  -0.690042  0.592926  0.415067  -0.194369  -0.704224  0.682854  -0.017139  0.005320  0.039564  -1.303313  -0.287629  -0.427331  1.000000  
176.479264 0.022043  0.001177  -0.025761  0.697052  0.391439  0.600744  -0.689914  0.594344  0.413248  -0.195287  -0.702517  0.684348  -0.017204  0.005921  0.039603  -1.348816  -0.308450  -0.438471  1.000000  
176.480265 0.022025  0.001186  -0.025723  0.696941  0.392204  0.600375  -0.689803  0.595541  0.411707  -0.196074  -0.701075  0.685600  -0.017241  0.006316  0.039827  -1.380812  -0.321229  -0.450932  1.000000  
176.481266 0.022009  0.001197  -0.025680  0.696847  0.392963  0.599986  -0.689711  0.596618  0.410299  -0.196730  -0.699733  0.686783  -0.017257  0.006765  0.040438  -1.417925  -0.338739  -0.459347  1.000000  
176.482510 0.021989  0.001209  -0.025623  0.696555  0.394010  0.599639  -0.689706  0.598056  0.408209  -0.197780  -0.697915  0.688330  -0.017354  0.007229  0.041444  -1.456169  -0.360038  -0.469877  1.000000  
176.483758 0.021970  0.001221  -0.025565  0.696281  0.395196  0.599176  -0.689718  0.599472  0.406106  -0.198698  -0.696027  0.689975  -0.017380  0.007572  0.042568  -1.498170  -0.378198  -0.477589  1.000000  
176.484758 0.021953  0.001229  -0.025520  0.696168  0.396035  0.598755  -0.689606  0.600700  0.404479  -0.199484  -0.694490  0.691296  -0.017455  0.007654  0.043246  -1.531546  -0.396071  -0.485203  1.000000  
176.485758 0.021936  0.001238  -0.025475  0.696054  0.396873  0.598332  -0.689493  0.601924  0.402848  -0.200271  -0.692949  0.692613  -0.017510  0.007832  0.043591  -1.563845  -0.406071  -0.494255  1.000000  
176.487009 0.021913  0.001247  -0.025423  0.695778  0.398205  0.597767  -0.689504  0.603419  0.400586  -0.201189  -0.690882  0.694410  -0.017570  0.007997  0.043334  -1.610916  -0.429198  -0.496959  1.000000  
176.488015 0.021895  0.001255  -0.025382  0.695521  0.399313  0.597326  -0.689533  0.604648  0.398678  -0.201975  -0.689166  0.695886  -0.017613  0.008243  0.042699  -1.653786  -0.448984  -0.496492  1.000000  
176.489260 0.021873  0.001267  -0.025333  0.695245  0.400646  0.596756  -0.689543  0.606129  0.396407  -0.202892  -0.687088  0.697671  -0.017588  0.008528  0.041906  -1.700028  -0.464305  -0.500628  1.000000  
176.490509 0.021851  0.001280  -0.025285  0.695110  0.401998  0.596003  -0.689409  0.607780  0.394105  -0.203809  -0.684836  0.699615  -0.017505  0.008856  0.041274  -1.753892  -0.476472  -0.501299  1.000000  
176.491759 0.021830  0.001294  -0.025234  0.694812  0.403483  0.595347  -0.689398  0.609451  0.391535  -0.204857  -0.682474  0.701614  -0.017327  0.009166  0.041234  -1.812884  -0.496538  -0.500317  1.000000  
176.492772 0.021813  0.001305  -0.025192  0.694573  0.404873  0.594682  -0.689444  0.610731  0.389454  -0.205512  -0.680504  0.703334  -0.017148  0.009375  0.041679  -1.865294  -0.509543  -0.501695  1.000000  
176.494013 0.021793  0.001321  -0.025133  0.694275  0.406429  0.593968  -0.689432  0.612431  0.386797  -0.206559  -0.678044  0.705400  -0.016928  0.009733  0.042589  -1.922242  -0.528813  -0.499964  1.000000  
176.495014 0.021778  0.001335  -0.025082  0.694157  0.407627  0.593284  -0.689315  0.613843  0.384761  -0.207345  -0.676044  0.707087  -0.016792  0.010031  0.043423  -1.975140  -0.537492  -0.506247  1.000000  
176.496022 0.021763  0.001349  -0.025029  0.693896  0.409024  0.592628  -0.689340  0.615212  0.382524  -0.208130  -0.673954  0.708850  -0.016650  0.010299  0.044148  -2.024567  -0.549449  -0.506538  1.000000  
176.497262 0.021746  0.001365  -0.024962  0.693738  0.410596  0.591725  -0.689183  0.617060  0.379822  -0.209177  -0.671303  0.711053  -0.016459  0.010560  0.044865  -2.082306  -0.563568  -0.509017  1.000000  
176.498265 0.021732  0.001376  -0.024912  0.693457  0.411999  0.591079  -0.689187  0.618520  0.377431  -0.210092  -0.669096  0.712862  -0.016337  0.010696  0.045073  -2.141822  -0.577417  -0.510337  1.000000  
176.499512 0.021714  0.001391  -0.024857  0.693155  0.413913  0.590095  -0.689171  0.620398  0.374366  -0.211139  -0.666170  0.715288  -0.016194  0.010985  0.044939  -2.207765  -0.592970  -0.504504  1.000000  
176.500759 0.021695  0.001406  -0.024807  0.692853  0.415753  0.589156  -0.689154  0.622216  0.371368  -0.212185  -0.663322  0.717622  -0.015951  0.011299  0.044572  -2.270121  -0.602376  -0.501243  1.000000  
176.502008 0.021677  0.001418  -0.024759  0.692671  0.417473  0.588153  -0.688973  0.624214  0.368339  -0.213362  -0.660359  0.720002  -0.015756  0.011424  0.044308  -2.332752  -0.618257  -0.504170  1.000000  
176.503009 0.021663  0.001429  -0.024719  0.692387  0.419018  0.587388  -0.688974  0.625721  0.365770  -0.214276  -0.657950  0.721933  -0.015421  0.011589  0.044194  -2.382216  -0.627229  -0.500887  1.000000  
176.504015 0.021649  0.001438  -0.024678  0.692103  0.420562  0.586619  -0.688975  0.627218  0.363196  -0.215191  -0.655535  0.723856  -0.015139  0.011580  0.044414  -2.435844  -0.638436  -0.498462  1.000000  
176.505258 0.021633  0.001449  -0.024622  0.691777  0.422621  0.585522  -0.688934  0.629221  0.359792  -0.216367  -0.652282  0.726439  -0.014844  0.011488  0.044802  -2.499867  -0.653720  -0.492167  1.000000  
176.506260 0.021621  0.001458  -0.024576  0.691633  0.424105  0.584618  -0.688791  0.630825  0.357248  -0.217281  -0.649765  0.728419  -0.014556  0.011292  0.045293  -2.549218  -0.661590  -0.496851  1.000000  
176.507261 0.021607  0.001466  -0.024529  0.691468  0.425527  0.583780  -0.688626  0.632481  0.354629  -0.218326  -0.647221  0.730369  -0.014263  0.011159  0.045703  -2.593951  -0.672588  -0.504432  1.000000  
176.508509 0.021591  0.001478  -0.024472  0.691118  0.427521  0.582736  -0.688562  0.634501  0.351128  -0.219632  -0.643921  0.732890  -0.014034  0.010937  0.045722  -2.659124  -0.688281  -0.506405  1.000000  
176.509514 0.021578  0.001489  -0.024427  0.690972  0.429072  0.581768  -0.688416  0.636114  0.348485  -0.220545  -0.641293  0.734917  -0.013810  0.010726  0.045446  -2.707621  -0.696078  -0.510697  1.000000  
176.510518 0.021566  0.001498  -0.024383  0.690805  0.430773  0.580710  -0.688249  0.637902  0.345534  -0.221589  -0.638370  0.737145  -0.013659  0.010342  0.044633  -2.778589  -0.703266  -0.512728  1.000000  
176.511765 0.021550  0.001509  -0.024330  0.690594  0.432843  0.579419  -0.688040  0.640087  0.341891  -0.222894  -0.634772  0.739854  -0.013587  0.010014  0.043686  -2.848187  -0.711029  -0.526574  1.000000  
176.512765 0.021537  0.001518  -0.024289  0.690425  0.434540  0.578350  -0.687871  0.641846  0.338921  -0.223937  -0.631830  0.742053  -0.013462  0.009768  0.043111  -2.911954  -0.718406  -0.528566  1.000000  
176.514013 0.021520  0.001527  -0.024237  0.690212  0.436605  0.577047  -0.687659  0.643995  0.335256  -0.225241  -0.628209  0.744728  -0.013452  0.009447  0.042777  -2.975816  -0.725656  -0.540093  1.000000  
176.515013 0.021505  0.001534  -0.024194  0.690040  0.438298  0.575968  -0.687488  0.645723  0.332268  -0.226284  -0.625249  0.746900  -0.013410  0.009108  0.042864  -3.032999  -0.733861  -0.544083  1.000000  
176.516262 0.021487  0.001542  -0.024138  0.689825  0.440568  0.574492  -0.687274  0.647954  0.328344  -0.227587  -0.621333  0.749766  -0.013367  0.008714  0.043441  -3.109225  -0.741404  -0.555411  1.000000  
176.517262 0.021473  0.001547  -0.024089  0.689652  0.442326  0.573348  -0.687101  0.649691  0.325259  -0.228629  -0.618263  0.751983  -0.013320  0.008379  0.044050  -3.164843  -0.745215  -0.564221  1.000000  
176.518509 0.021457  0.001553  -0.024026  0.689457  0.444717  0.571731  -0.686907  0.651862  0.321303  -0.229801  -0.614250  0.754909  -0.013271  0.007984  0.044860  -3.238715  -0.754262  -0.567336  1.000000  
176.519556 0.021444  0.001558  -0.023977  0.689282  0.446469  0.570575  -0.686733  0.653566  0.318198  -0.230842  -0.611161  0.757096  -0.013241  0.007675  0.045105  -3.285006  -0.757018  -0.575128  1.000000  
176.520761 0.021429  0.001564  -0.023919  0.688877  0.448883  0.569168  -0.686612  0.655812  0.313806  -0.232404  -0.606971  0.759983  -0.013187  0.007370  0.045306  -3.363379  -0.777375  -0.587777  1.000000  
176.521833 0.021416  0.001570  -0.023876  0.688657  0.450655  0.568034  -0.686392  0.657671  0.310379  -0.233706  -0.603638  0.762235  -0.013065  0.007095  0.044854  -3.404198  -0.790992  -0.595595  1.000000  
176.523010 0.021401  0.001575  -0.023828  0.688434  0.453043  0.566401  -0.686171  0.659847  0.306222  -0.235006  -0.599461  0.765126  -0.013083  0.006813  0.044489  -3.473047  -0.798015  -0.606072  1.000000  
176.524011 0.021389  0.001579  -0.023790  0.688256  0.454923  0.565110  -0.685993  0.661555  0.302918  -0.236047  -0.596146  0.767393  -0.013022  0.006341  0.043932  -3.519179  -0.802226  -0.614118  1.000000  
176.525259 0.021374  0.001583  -0.023744  0.687868  0.457384  0.563594  -0.685888  0.663647  0.298547  -0.237476  -0.591923  0.770216  -0.012954  0.005893  0.043426  -3.581776  -0.822857  -0.617278  1.000000  
176.526269 0.021363  0.001586  -0.023704  0.687688  0.459326  0.562232  -0.685708  0.665353  0.295143  -0.238516  -0.588493  0.772519  -0.012914  0.005494  0.043209  -3.637677  -0.827477  -0.624231  1.000000  
176.527271 0.021351  0.001588  -0.023662  0.687506  0.461334  0.560809  -0.685528  0.667078  0.291649  -0.239555  -0.584960  0.774877  -0.012799  0.004971  0.043204  -3.684428  -0.828679  -0.629177  1.000000  
176.528513 0.021336  0.001589  -0.023607  0.687138  0.463908  0.559135  -0.685442  0.669078  0.287235  -0.240854  -0.580624  0.777730  -0.012784  0.004369  0.043409  -3.733561  -0.842689  -0.627086  1.000000  
176.529518 0.021323  0.001589  -0.023561  0.686955  0.465840  0.557751  -0.685260  0.670728  0.283802  -0.241893  -0.577164  0.779981  -0.012561  0.003849  0.043670  -3.778155  -0.847623  -0.633885  1.000000  
176.530760 0.021309  0.001589  -0.023501  0.686630  0.468649  0.555794  -0.685218  0.672637  0.279349  -0.242932  -0.572649  0.782980  -0.012403  0.003312  0.043937  -3.840846  -0.847437  -0.627328  1.000000  
176.531762 0.021297  0.001589  -0.023454  0.686492  0.470815  0.554132  -0.685080  0.674207  0.275882  -0.243710  -0.569015  0.785384  -0.012193  0.002905  0.043825  -3.885232  -0.846234  -0.621175  1.000000  
176.532770 0.021286  0.001590  -0.023408  0.686330  0.472856  0.552593  -0.684918  0.675779  0.272414  -0.244618  -0.565447  0.787675  -0.012001  0.002653  0.043696  -3.923259  -0.844066  -0.623051  1.000000  
176.534009 0.021275  0.001592  -0.023351  0.685957  0.475607  0.550692  -0.684828  0.677753  0.267696  -0.245916  -0.560757  0.790618  -0.011752  0.002420  0.043540  -3.977954  -0.850739  -0.622937  1.000000  
176.535259 0.021265  0.001595  -0.023297  0.685747  0.478331  0.548590  -0.684618  0.679774  0.263070  -0.247083  -0.555974  0.793626  -0.011348  0.002259  0.042987  -4.033167  -0.849820  -0.622999  1.000000  
176.536261 0.021257  0.001598  -0.023254  0.685606  0.480673  0.546715  -0.684478  0.681355  0.259317  -0.247860  -0.552004  0.796151  -0.011034  0.002087  0.042826  -4.086049  -0.848785  -0.616751  1.000000  
176.537263 0.021250  0.001602  -0.023211  0.685300  0.482899  0.545134  -0.684454  0.682776  0.255616  -0.248768  -0.548294  0.798429  -0.010681  0.001920  0.043057  -4.128126  -0.851703  -0.605341  1.000000  
176.538508 0.021240  0.001604  -0.023156  0.685112  0.485719  0.542862  -0.684266  0.684694  0.250947  -0.249804  -0.543389  0.801453  -0.010300  0.001782  0.043570  -4.177946  -0.843513  -0.601779  1.000000  
176.539508 0.021234  0.001606  -0.023108  0.684805  0.488065  0.541142  -0.684241  0.686130  0.247062  -0.250711  -0.539461  0.803820  -0.009894  0.001662  0.044299  -4.224848  -0.850175  -0.593176  1.000000  
176.540509 0.021228  0.001607  -0.023059  0.684474  0.490421  0.539428  -0.684192  0.687625  0.243009  -0.251747  -0.535406  0.806204  -0.009539  0.001506  0.045181  -4.263399  -0.856860  -0.584280  1.000000  
176.541759 0.021218  0.001606  -0.022996  0.684259  0.493102  0.537252  -0.683977  0.689480  0.238312  -0.252912  -0.530536  0.809053  -0.009221  0.001246  0.045804  -4.303509  -0.856249  -0.577086  1.000000  
176.542765 0.021211  0.001604  -0.022948  0.683926  0.495511  0.535456  -0.683926  0.690953  0.234156  -0.253948  -0.526358  0.811454  -0.008861  0.001044  0.046179  -4.348363  -0.862809  -0.566828  1.000000  
176.544014 0.021202  0.001600  -0.022890  0.683569  0.498448  0.533182  -0.683850  0.692701  0.229158  -0.255112  -0.521262  0.814373  -0.008435  0.000759  0.046209  -4.398035  -0.865990  -0.554033  1.000000  
176.545014 0.021194  0.001597  -0.022847  0.683259  0.500830  0.531344  -0.683822  0.694045  0.225144  -0.256018  -0.517177  0.816690  -0.008182  0.000534  0.046016  -4.438216  -0.869038  -0.542455  1.000000  
176.546016 0.021188  0.001595  -0.022806  0.683113  0.503111  0.529373  -0.683676  0.695420  0.221309  -0.256794  -0.513099  0.819016  -0.007785  0.000390  0.045550  -4.465797  -0.863933  -0.533224  1.000000  
176.547262 0.021179  0.001592  -0.022755  0.682894  0.505944  0.526950  -0.683457  0.697209  0.216302  -0.257957  -0.507859  0.821910  -0.007466  0.000148  0.045069  -4.506134  -0.863152  -0.527166  1.000000  
176.548265 0.021173  0.001589  -0.022713  0.682583  0.508368  0.525017  -0.683426  0.698505  0.212178  -0.258862  -0.503639  0.824219  -0.007254  -0.000171  0.044839  -4.540647  -0.869387  -0.516422  1.000000  
176.549512 0.021165  0.001586  -0.022656  0.682386  0.511039  0.522674  -0.683230  0.700106  0.207481  -0.259896  -0.498689  0.826900  -0.007051  -0.000542  0.044876  -4.575230  -0.866074  -0.508810  1.000000  
176.550538 0.021158  0.001583  -0.022608  0.682355  0.513097  0.520695  -0.682917  0.701538  0.203640  -0.260800  -0.494546  0.829100  -0.006955  -0.000915  0.045176  -4.587252  -0.847712  -0.505719  1.000000  
176.551759 0.021148  0.001580  -0.022546  0.682273  0.515999  0.517928  -0.682554  0.703404  0.198353  -0.261962  -0.488844  0.832110  -0.006929  -0.001369  0.045809  -4.647845  -0.838735  -0.501641  1.000000  
176.553009 0.021138  0.001576  -0.022480  0.682074  0.518889  0.515295  -0.682355  0.705007  0.193280  -0.262995  -0.483445  0.834934  -0.007091  -0.001876  0.046529  -4.673016  -0.832172  -0.490613  1.000000  
176.554259 0.021126  0.001572  -0.022413  0.681990  0.521639  0.512623  -0.681990  0.706749  0.188136  -0.264157  -0.477911  0.837748  -0.007304  -0.002231  0.047122  -4.721057  -0.819792  -0.490655  1.000000  
176.555511 0.021112  0.001566  -0.022345  0.682070  0.524212  0.509884  -0.681509  0.708495  0.183248  -0.265189  -0.472478  0.840499  -0.007688  -0.002763  0.047529  -4.748571  -0.808177  -0.492331  1.000000  
176.556758 0.021097  0.001559  -0.022278  0.681984  0.526812  0.507313  -0.681142  0.710121  0.178248  -0.266350  -0.467115  0.843126  -0.008059  -0.003137  0.047878  -4.770695  -0.803880  -0.491933  1.000000  
176.557761 0.021084  0.001552  -0.022227  0.681948  0.528876  0.505211  -0.680825  0.711414  0.174259  -0.267253  -0.462796  0.845219  -0.008517  -0.003493  0.048075  -4.787015  -0.795141  -0.496886  1.000000  
176.558792 0.021070  0.001545  -0.022176  0.681936  0.531035  0.502956  -0.680533  0.712662  0.170256  -0.268026  -0.458382  0.847377  -0.008909  -0.003733  0.048352  -4.816010  -0.784723  -0.492338  1.000000  
176.560018 0.021053  0.001536  -0.022111  0.681987  0.533517  0.500253  -0.680024  0.714327  0.165240  -0.269186  -0.452876  0.849966  -0.009515  -0.004153  0.049212  -4.840217  -0.781048  -0.499334  1.000000  
176.561261 0.021035  0.001525  -0.022041  0.681922  0.535934  0.497752  -0.679680  0.715726  0.160536  -0.270217  -0.447785  0.852333  -0.010036  -0.004625  0.050348  -4.842933  -0.774213  -0.505029  1.000000  
176.562510 0.021017  0.001513  -0.021967  0.681806  0.538436  0.495205  -0.679284  0.717234  0.155400  -0.271505  -0.442337  0.854765  -0.010761  -0.005210  0.051989  -4.870718  -0.784468  -0.512460  1.000000  
176.563760 0.020999  0.001500  -0.021888  0.681687  0.540927  0.492646  -0.678886  0.718706  0.150252  -0.272792  -0.436876  0.857160  -0.011424  -0.005861  0.053496  -4.881419  -0.780263  -0.519022  1.000000  
176.565007 0.020980  0.001486  -0.021808  0.681542  0.543187  0.490355  -0.678462  0.720128  0.145273  -0.274208  -0.431697  0.859330  -0.012150  -0.006600  0.055016  -4.875425  -0.788428  -0.525473  1.000000  
176.566009 0.020963  0.001473  -0.021745  0.681333  0.545117  0.488500  -0.678255  0.721113  0.141302  -0.275237  -0.427601  0.861047  -0.012885  -0.007320  0.056031  -4.872274  -0.794874  -0.524148  1.000000  
176.567258 0.020941  0.001457  -0.021665  0.681046  0.547394  0.486351  -0.677968  0.722329  0.136380  -0.276652  -0.422611  0.863055  -0.013640  -0.008189  0.057065  -4.866115  -0.806008  -0.532093  1.000000  
176.568507 0.020918  0.001439  -0.021585  0.680922  0.549495  0.484149  -0.677566  0.723571  0.131718  -0.277937  -0.417733  0.865014  -0.014334  -0.009028  0.057939  -4.847591  -0.813380  -0.537619  1.000000  
176.569757 0.020893  0.001419  -0.021502  0.680631  0.551699  0.482047  -0.677277  0.724707  0.126867  -0.279351  -0.412829  0.866911  -0.015178  -0.009973  0.058870  -4.829665  -0.820373  -0.542765  1.000000  
176.571008 0.020867  0.001400  -0.021417  0.680200  0.554162  0.479826  -0.677126  0.725728  0.121732  -0.280764  -0.407705  0.868878  -0.015968  -0.010842  0.060081  -4.821334  -0.831369  -0.542349  1.000000  
176.572010 0.020845  0.001385  -0.021346  0.679960  0.555907  0.478144  -0.676887  0.726596  0.117823  -0.281919  -0.403764  0.870342  -0.016608  -0.011534  0.061461  -4.806459  -0.834412  -0.546479  1.000000  
176.573257 0.020817  0.001365  -0.021251  0.679526  0.558185  0.476104  -0.676734  0.727514  0.112939  -0.283331  -0.398940  0.872107  -0.017326  -0.012230  0.063372  -4.783405  -0.849649  -0.540761  1.000000  
176.574506 0.020788  0.001347  -0.021150  0.679230  0.560364  0.473961  -0.676439  0.728529  0.108059  -0.284742  -0.394002  0.873890  -0.018086  -0.012813  0.065805  -4.756009  -0.857291  -0.545710  1.000000  
176.575507 0.020765  0.001333  -0.021067  0.678874  0.562283  0.472195  -0.676363  0.729173  0.104118  -0.285768  -0.390058  0.875323  -0.018679  -0.013242  0.067791  -4.743167  -0.863594  -0.543816  1.000000  
176.576509 0.020741  0.001320  -0.020980  0.678490  0.564103  0.470573  -0.676259  0.729820  0.100179  -0.286922  -0.386200  0.876656  -0.019423  -0.013607  0.069980  -4.720420  -0.877028  -0.538102  1.000000  
176.577529 0.020717  0.001306  -0.020893  0.678133  0.565956  0.468859  -0.676182  0.730411  0.096320  -0.287947  -0.382352  0.878005  -0.020102  -0.013879  0.071680  -4.692650  -0.889527  -0.531611  1.000000  
176.578760 0.020687  0.001291  -0.020783  0.677748  0.568222  0.466670  -0.676076  0.731108  0.091665  -0.289100  -0.377630  0.879669  -0.020892  -0.014016  0.073875  -4.673086  -0.893328  -0.527250  1.000000  
176.579761 0.020663  0.001279  -0.020696  0.677390  0.570122  0.464870  -0.675996  0.731667  0.087710  -0.290125  -0.373664  0.881024  -0.021466  -0.014005  0.075425  -4.666614  -0.905446  -0.513087  1.000000  
176.581010 0.020632  0.001264  -0.020587  0.676863  0.572638  0.462538  -0.676028  0.732212  0.082773  -0.291277  -0.368715  0.882727  -0.022187  -0.013977  0.077381  -4.637942  -0.918501  -0.497815  1.000000  
176.582013 0.020607  0.001252  -0.020498  0.676364  0.574566  0.460874  -0.676086  0.732587  0.078894  -0.292301  -0.364952  0.883952  -0.022678  -0.013860  0.079078  -4.602216  -0.933597  -0.477492  1.000000  
176.583257 0.020574  0.001236  -0.020384  0.675809  0.576867  0.458810  -0.676087  0.733083  0.074135  -0.293580  -0.360296  0.885436  -0.023321  -0.013792  0.081399  -4.568245  -0.949309  -0.456303  1.000000  
176.584257 0.020549  0.001223  -0.020290  0.675447  0.578581  0.457183  -0.676003  0.733525  0.070434  -0.294603  -0.356632  0.886579  -0.023664  -0.013626  0.083401  -4.536147  -0.958105  -0.448682  1.000000  
176.585508 0.020517  0.001206  -0.020167  0.674778  0.581001  0.455096  -0.676169  0.733807  0.065748  -0.295753  -0.352087  0.888012  -0.024141  -0.013449  0.085965  -4.501595  -0.978881  -0.415462  1.000000  
176.586757 0.020485  0.001189  -0.020041  0.674248  0.583208  0.453054  -0.676194  0.734174  0.061242  -0.296904  -0.347645  0.889377  -0.024411  -0.013295  0.088515  -4.462689  -0.989485  -0.392143  1.000000  
176.587757 0.020460  0.001176  -0.019937  0.673801  0.585070  0.451315  -0.676302  0.734361  0.057700  -0.297670  -0.344104  0.890497  -0.024542  -0.013141  0.090460  -4.432591  -0.995565  -0.367998  1.000000  
176.588760 0.020436  0.001163  -0.019832  0.673325  0.586949  0.449582  -0.676382  0.734570  0.053983  -0.298564  -0.340437  0.891606  -0.024629  -0.012966  0.092198  -4.406232  -1.010456  -0.347710  1.000000  
176.590022 0.020406  0.001148  -0.019702  0.672821  0.589172  0.447423  -0.676432  0.734836  0.049557  -0.299585  -0.335994  0.892948  -0.024714  -0.012771  0.093862  -4.355180  -1.022301  -0.315952  1.000000  
176.591261 0.020377  0.001134  -0.019571  0.672344  0.591366  0.445241  -0.676510  0.735039  0.045303  -0.300479  -0.331669  0.894264  -0.024681  -0.012566  0.095436  -4.325722  -1.024073  -0.288823  1.000000  
176.592519 0.020349  0.001121  -0.019440  0.671728  0.593704  0.443055  -0.676725  0.735096  0.040956  -0.301372  -0.327338  0.895558  -0.024533  -0.012343  0.096941  -4.283851  -1.023641  -0.253487  1.000000  
176.593762 0.020321  0.001108  -0.019308  0.671111  0.595980  0.440928  -0.676939  0.735124  0.036699  -0.302265  -0.323111  0.896792  -0.024397  -0.012245  0.098527  -4.240180  -1.023363  -0.218371  1.000000  
176.595012 0.020293  0.001094  -0.019172  0.670632  0.598152  0.438710  -0.677014  0.735255  0.032443  -0.303158  -0.318770  0.898043  -0.024230  -0.012135  0.100397  -4.213564  -1.015623  -0.187735  1.000000  
176.596015 0.020269  0.001083  -0.019062  0.670071  0.600050  0.436972  -0.677283  0.735148  0.029070  -0.303795  -0.315433  0.899005  -0.024106  -0.012029  0.101794  -4.186521  -1.011477  -0.160011  1.000000  
176.597260 0.020240  0.001070  -0.018922  0.669510  0.602418  0.434567  -0.677552  0.735053  0.024896  -0.304432  -0.311110  0.900295  -0.023920  -0.011892  0.103802  -4.168823  -0.995039  -0.126239  1.000000  
176.598507 0.020210  0.001055  -0.018779  0.669088  0.604573  0.432218  -0.677683  0.735057  0.020900  -0.305070  -0.306891  0.901527  -0.023882  -0.011843  0.105692  -4.143017  -0.982445  -0.094345  1.000000  
176.599509 0.020185  0.001044  -0.018663  0.668554  0.606586  0.430219  -0.677980  0.734874  0.017437  -0.305579  -0.303338  0.902556  -0.023855  -0.011666  0.107027  -4.133094  -0.969396  -0.063513  1.000000  
176.600757 0.020152  0.001030  -0.018519  0.668160  0.608753  0.427764  -0.678138  0.734810  0.013529  -0.306089  -0.299123  0.903789  -0.023879  -0.011456  0.108277  -4.099169  -0.942949  -0.040797  1.000000  
176.601757 0.020126  0.001019  -0.018406  0.667626  0.610752  0.425744  -0.678434  0.734592  0.010069  -0.306598  -0.295562  0.904788  -0.023948  -0.011320  0.109046  -4.089468  -0.929460  -0.010269  1.000000  
176.603009 0.020092  0.001006  -0.018264  0.667092  0.613000  0.423342  -0.678729  0.734363  0.006165  -0.307108  -0.291448  0.905949  -0.024135  -0.011079  0.109825  -4.064689  -0.904722  0.017932  1.000000  
176.604010 0.020064  0.000995  -0.018153  0.666726  0.614707  0.421440  -0.678916  0.734210  0.003149  -0.307490  -0.288222  0.906851  -0.024399  -0.010956  0.110255  -4.040317  -0.884087  0.043433  1.000000  
176.605027 0.020036  0.000984  -0.018042  0.666220  0.616610  0.419456  -0.679239  0.733917  -0.000042  -0.307872  -0.284883  0.907776  -0.024708  -0.010876  0.110615  -4.017939  -0.867023  0.067193  1.000000  
