1-Time 2-Px 3-Py 4-Pz 5-R11 6-R21 7-R31 8-R12 9-R22 10-R32 11-R13 12-R23 13-R33 14-Vx 15-Vy 16-Vz 17-Wx 18-Wy 19-Wz 20-state
197.864437 0.016564  0.001339  -0.017083  0.393786  0.729423  0.559352  -0.860353  0.506713  -0.055088  -0.323614  -0.459547  0.827098  -0.000391  -0.001346  -0.000342  0.002876  0.241311  0.112049  1.000000  
197.865548 0.016564  0.001339  -0.017083  0.393786  0.729491  0.559263  -0.860353  0.506707  -0.055150  -0.323614  -0.459446  0.827154  0.000000  0.000000  0.000000  0.000000  0.000000  0.000000  1.000000  
197.866549 0.016559  0.001336  -0.017073  0.393786  0.729491  0.559263  -0.860353  0.506707  -0.055150  -0.323614  -0.459446  0.827154  -0.002896  -0.001890  0.005410  0.000000  0.000000  0.000000  1.000000  
197.867800 0.016548  0.001330  -0.017055  0.393804  0.729517  0.559217  -0.860392  0.506651  -0.055049  -0.323487  -0.459467  0.827192  -0.005228  -0.003116  0.009167  0.000000  0.000000  0.000000  1.000000  
197.868810 0.016542  0.001327  -0.017045  0.393804  0.729585  0.559129  -0.860392  0.506644  -0.055110  -0.323487  -0.459367  0.827247  -0.005616  -0.002936  0.009532  0.000000  0.000000  0.000000  1.000000  
197.869834 0.016536  0.001326  -0.017038  0.393804  0.729585  0.559129  -0.860392  0.506644  -0.055110  -0.323487  -0.459367  0.827247  -0.005619  -0.002489  0.009006  0.000000  0.000000  0.000000  1.000000  
197.871084 0.016526  0.001325  -0.017029  0.393804  0.729585  0.559129  -0.860392  0.506644  -0.055110  -0.323487  -0.459367  0.827247  -0.006112  -0.002175  0.008573  0.000000  0.000000  0.000000  1.000000  
197.872305 0.016511  0.001323  -0.017020  0.393804  0.729585  0.559129  -0.860392  0.506644  -0.055110  -0.323487  -0.459367  0.827247  -0.007022  -0.002171  0.008333  0.000000  0.000000  0.000000  1.000000  
197.873319 0.016501  0.001322  -0.017014  0.393804  0.729585  0.559129  -0.860392  0.506644  -0.055110  -0.323487  -0.459367  0.827247  -0.007396  -0.002029  0.008061  0.000000  0.000000  0.000000  1.000000  
197.874551 0.016490  0.001322  -0.017005  0.393804  0.729585  0.559129  -0.860392  0.506644  -0.055110  -0.323487  -0.459367  0.827247  -0.007575  -0.001724  0.007975  0.000000  0.000000  0.000000  1.000000  
197.875797 0.016479  0.001323  -0.016996  0.393804  0.729585  0.559129  -0.860392  0.506644  -0.055110  -0.323487  -0.459367  0.827247  -0.007705  -0.001486  0.007899  0.000000  0.000000  0.000000  1.000000  
197.877049 0.016466  0.001322  -0.016984  0.393627  0.729689  0.559117  -0.860473  0.506494  -0.055226  -0.323487  -0.459367  0.827247  -0.008010  -0.001392  0.008103  0.000000  0.000000  0.000000  1.000000  
197.878050 0.016453  0.001320  -0.016971  0.393627  0.729621  0.559206  -0.860473  0.506501  -0.055164  -0.323487  -0.459467  0.827192  -0.008372  -0.001449  0.008447  0.000000  0.000000  0.000000  1.000000  
197.879296 0.016436  0.001316  -0.016953  0.393627  0.729621  0.559206  -0.860473  0.506501  -0.055164  -0.323487  -0.459467  0.827192  -0.008810  -0.001583  0.008992  0.000000  0.000000  0.000000  1.000000  
197.880299 0.016421  0.001310  -0.016934  0.393627  0.729553  0.559294  -0.860473  0.506507  -0.055103  -0.323487  -0.459568  0.827136  -0.009534  -0.001919  0.009919  0.000000  0.000000  0.000000  1.000000  
197.881547 0.016399  0.001301  -0.016910  0.393627  0.729553  0.559294  -0.860473  0.506507  -0.055103  -0.323487  -0.459568  0.827136  -0.010666  -0.002341  0.010896  0.000000  0.000000  0.000000  1.000000  
197.882547 0.016382  0.001294  -0.016893  0.393627  0.729485  0.559383  -0.860473  0.506514  -0.055041  -0.323487  -0.459668  0.827080  -0.011266  -0.002412  0.011017  0.000000  0.000000  0.000000  1.000000  
197.883797 0.016363  0.001290  -0.016879  0.393627  0.729485  0.559383  -0.860473  0.506514  -0.055041  -0.323487  -0.459668  0.827080  -0.011895  -0.002507  0.011063  0.000000  0.000000  0.000000  1.000000  
197.884797 0.016348  0.001288  -0.016870  0.393804  0.729381  0.559394  -0.860392  0.506664  -0.054926  -0.323487  -0.459668  0.827080  -0.012521  -0.002538  0.011165  0.000000  0.000000  0.000000  1.000000  
197.886046 0.016328  0.001285  -0.016860  0.393804  0.729381  0.559394  -0.860392  0.506664  -0.054926  -0.323487  -0.459668  0.827080  -0.013211  -0.002666  0.011327  0.000000  0.000000  0.000000  1.000000  
197.887048 0.016311  0.001282  -0.016845  0.393981  0.729277  0.559405  -0.860311  0.506814  -0.054811  -0.323487  -0.459668  0.827080  -0.013558  -0.002734  0.011895  0.000000  0.000000  0.000000  1.000000  
197.888060 0.016297  0.001282  -0.016826  0.394176  0.729198  0.559371  -0.860269  0.506908  -0.054595  -0.323360  -0.459689  0.827118  -0.013827  -0.002723  0.012750  0.000000  0.000000  0.000000  1.000000  
197.889302 0.016284  0.001284  -0.016799  0.394353  0.729094  0.559382  -0.860188  0.507059  -0.054480  -0.323360  -0.459689  0.827118  -0.013902  -0.002543  0.013874  0.000000  0.000000  0.000000  1.000000  
197.890302 0.016273  0.001286  -0.016776  0.394548  0.729083  0.559258  -0.860146  0.507146  -0.054326  -0.323234  -0.459610  0.827211  -0.014182  -0.002466  0.015016  0.000000  0.000000  0.000000  1.000000  
197.891550 0.016255  0.001286  -0.016746  0.394744  0.729004  0.559223  -0.860104  0.507240  -0.054110  -0.323107  -0.459631  0.827249  -0.014477  -0.002416  0.016239  0.000000  0.000000  0.000000  1.000000  
197.892797 0.016235  0.001284  -0.016719  0.395116  0.728888  0.559111  -0.859981  0.507478  -0.053841  -0.322981  -0.459552  0.827343  -0.014771  -0.002401  0.017047  0.000000  0.000000  0.000000  1.000000  
197.893798 0.016220  0.001282  -0.016700  0.395311  0.728810  0.559076  -0.859939  0.507572  -0.053625  -0.322854  -0.459572  0.827381  -0.014936  -0.002396  0.017440  0.000000  0.000000  0.000000  1.000000  
197.895047 0.016201  0.001280  -0.016680  0.395701  0.728720  0.558917  -0.859854  0.507754  -0.053255  -0.322601  -0.459514  0.827512  -0.014918  -0.002145  0.017291  0.000000  0.000000  0.000000  1.000000  
197.896053 0.016186  0.001277  -0.016666  0.396073  0.728604  0.558804  -0.859731  0.507992  -0.052986  -0.322474  -0.459435  0.827605  -0.014761  -0.001708  0.016811  0.000000  0.000000  0.000000  1.000000  
197.897298 0.016165  0.001275  -0.016651  0.396286  0.728619  0.558634  -0.859727  0.508024  -0.052732  -0.322221  -0.459376  0.827736  -0.014723  -0.001262  0.016402  0.000000  0.000000  0.000000  1.000000  
197.898547 0.016145  0.001275  -0.016637  0.396658  0.728503  0.558521  -0.859603  0.508262  -0.052463  -0.322094  -0.459297  0.827830  -0.014802  -0.001003  0.016395  0.000000  0.000000  0.000000  1.000000  
197.899797 0.016126  0.001275  -0.016621  0.397066  0.728439  0.558315  -0.859557  0.508388  -0.051993  -0.321714  -0.459259  0.827998  -0.014835  -0.000895  0.016653  0.000000  0.000000  0.000000  1.000000  
197.901047 0.016107  0.001275  -0.016600  0.397456  0.728349  0.558155  -0.859472  0.508570  -0.051623  -0.321461  -0.459200  0.828129  -0.014754  -0.000662  0.017280  0.000000  0.000000  0.000000  1.000000  
197.902296 0.016087  0.001278  -0.016575  0.397687  0.728457  0.557849  -0.859507  0.508540  -0.051330  -0.321080  -0.459062  0.828354  -0.014716  -0.000272  0.017664  0.000000  0.000000  0.000000  1.000000  
197.903299 0.016072  0.001281  -0.016552  0.398077  0.728367  0.557689  -0.859421  0.508722  -0.050961  -0.320827  -0.459003  0.828484  -0.014852  -0.000021  0.017944  0.000000  0.000000  0.000000  1.000000  
197.904302 0.016057  0.001285  -0.016530  0.398290  0.728381  0.557518  -0.859417  0.508755  -0.050707  -0.320574  -0.458944  0.828615  -0.015148  0.000086  0.017834  0.000000  0.000000  0.000000  1.000000  
197.905551 0.016039  0.001289  -0.016508  0.398716  0.728410  0.557175  -0.859408  0.508820  -0.050198  -0.320067  -0.458826  0.828876  -0.015415  0.000146  0.017389  0.000000  0.000000  0.000000  1.000000  
197.906554 0.016022  0.001290  -0.016494  0.399124  0.728413  0.556879  -0.859361  0.508940  -0.049791  -0.319686  -0.458687  0.829100  -0.015550  0.000271  0.016686  0.009305  0.206897  -0.095036  1.000000  
197.907800 0.015998  0.001290  -0.016478  0.399550  0.728510  0.556447  -0.859351  0.509000  -0.049344  -0.319179  -0.458468  0.829417  -0.015787  0.000429  0.015967  -0.002603  0.229037  -0.097846  1.000000  
197.909046 0.015974  0.001291  -0.016462  0.399799  0.728711  0.556005  -0.859424  0.508909  -0.049012  -0.318672  -0.458249  0.829733  -0.016159  0.000709  0.015602  -0.012560  0.245874  -0.094129  1.000000  
197.910046 0.015955  0.001293  -0.016447  0.400030  0.728818  0.555698  -0.859457  0.508881  -0.048719  -0.318291  -0.458109  0.829956  -0.016384  0.000872  0.015507  -0.022533  0.260794  -0.093383  1.000000  
197.911048 0.015938  0.001294  -0.016429  0.400279  0.728952  0.555343  -0.859529  0.508797  -0.048326  -0.317784  -0.457990  0.830216  -0.016539  0.001139  0.015805  -0.028709  0.281837  -0.091216  1.000000  
197.912053 0.015919  0.001295  -0.016410  0.400686  0.729022  0.554957  -0.859480  0.508913  -0.047980  -0.317403  -0.457749  0.830494  -0.016699  0.001305  0.016335  -0.040616  0.299911  -0.096176  1.000000  
197.913297 0.015895  0.001296  -0.016385  0.401130  0.729144  0.554476  -0.859507  0.508918  -0.047433  -0.316769  -0.457549  0.830847  -0.016931  0.001468  0.017099  -0.048099  0.323282  -0.096055  1.000000  
197.914299 0.015877  0.001299  -0.016363  0.401378  0.729277  0.554121  -0.859578  0.508835  -0.047040  -0.316261  -0.457430  0.831106  -0.017164  0.001639  0.017691  -0.054505  0.344889  -0.093945  1.000000  
197.915547 0.015854  0.001303  -0.016338  0.401645  0.729503  0.553630  -0.859687  0.508691  -0.046607  -0.315626  -0.457229  0.831458  -0.017368  0.001837  0.018150  -0.066314  0.361809  -0.082525  1.000000  
197.916547 0.015837  0.001305  -0.016319  0.401893  0.729704  0.553186  -0.859757  0.508603  -0.046275  -0.315119  -0.457008  0.831772  -0.017461  0.001868  0.018117  -0.078468  0.377189  -0.073929  1.000000  
197.917547 0.015820  0.001307  -0.016301  0.402319  0.729732  0.552839  -0.859744  0.508670  -0.045767  -0.314611  -0.456887  0.832030  -0.017556  0.001830  0.017799  -0.085163  0.395367  -0.073841  1.000000  
197.918549 0.015803  0.001308  -0.016286  0.402567  0.729865  0.552482  -0.859814  0.508588  -0.045373  -0.314103  -0.456766  0.832289  -0.017702  0.001721  0.017248  -0.090421  0.410839  -0.070362  1.000000  
197.919799 0.015782  0.001310  -0.016270  0.403010  0.730053  0.551911  -0.859838  0.508590  -0.044889  -0.313467  -0.456463  0.832694  -0.017913  0.001500  0.016739  -0.102648  0.430396  -0.059741  1.000000  
197.921049 0.015759  0.001310  -0.016255  0.403453  0.730174  0.551427  -0.859861  0.508598  -0.044342  -0.312832  -0.456261  0.833044  -0.018112  0.001332  0.016408  -0.113649  0.448941  -0.059577  1.000000  
197.922054 0.015739  0.001307  -0.016240  0.403878  0.730269  0.550990  -0.859847  0.508662  -0.043896  -0.312324  -0.456038  0.833357  -0.018192  0.001143  0.016545  -0.119667  0.463816  -0.058931  1.000000  
197.923325 0.015715  0.001305  -0.016216  0.404516  0.730378  0.550378  -0.859824  0.508760  -0.043198  -0.311561  -0.455754  0.833798  -0.018177  0.000917  0.017104  -0.133800  0.486292  -0.053935  1.000000  
197.924551 0.015693  0.001303  -0.016187  0.404959  0.730565  0.549803  -0.859845  0.508765  -0.042713  -0.310925  -0.455449  0.834201  -0.018093  0.000700  0.017870  -0.146269  0.498505  -0.047657  1.000000  
197.925797 0.015672  0.001301  -0.016155  0.405755  0.730542  0.549246  -0.859700  0.509070  -0.042003  -0.310289  -0.455143  0.834605  -0.017989  0.000421  0.018587  -0.154290  0.520787  -0.050691  1.000000  
197.926798 0.015657  0.001300  -0.016130  0.406162  0.730677  0.548765  -0.859645  0.509186  -0.041721  -0.309908  -0.454798  0.834935  -0.017775  0.000340  0.018955  -0.164368  0.531683  -0.052277  1.000000  
197.928054 0.015635  0.001299  -0.016100  0.406782  0.730825  0.548109  -0.859581  0.509337  -0.041186  -0.309271  -0.454390  0.835392  -0.017602  0.000195  0.019300  -0.178602  0.546579  -0.051762  1.000000  
197.929297 0.015615  0.001300  -0.016074  0.407578  0.730934  0.547371  -0.859433  0.509634  -0.040600  -0.308635  -0.453881  0.835905  -0.017455  0.000083  0.019256  -0.191026  0.563289  -0.062306  1.000000  
197.930546 0.015596  0.001302  -0.016052  0.408374  0.730976  0.546721  -0.859283  0.509938  -0.039954  -0.307999  -0.453472  0.836361  -0.017212  -0.000027  0.019069  -0.203031  0.581289  -0.067546  1.000000  
197.931547 0.015582  0.001303  -0.016033  0.408976  0.731031  0.546199  -0.859179  0.510151  -0.039459  -0.307490  -0.453145  0.836726  -0.017007  -0.000100  0.019051  -0.211011  0.595459  -0.074912  1.000000  
197.932547 0.015566  0.001304  -0.016014  0.409754  0.730980  0.545684  -0.858991  0.510515  -0.038853  -0.306980  -0.452817  0.837090  -0.016937  -0.000166  0.019148  -0.220805  0.610634  -0.085127  1.000000  
197.933797 0.015546  0.001303  -0.015987  0.410567  0.731113  0.544894  -0.858875  0.510761  -0.038169  -0.306216  -0.452325  0.837636  -0.016916  -0.000456  0.019817  -0.233040  0.628890  -0.090562  1.000000  
197.934797 0.015527  0.001301  -0.015964  0.411168  0.731166  0.544369  -0.858769  0.510976  -0.037676  -0.305707  -0.451996  0.837999  -0.016990  -0.000583  0.020409  -0.239103  0.637777  -0.097210  1.000000  
197.936053 0.015504  0.001296  -0.015935  0.411964  0.731271  0.543625  -0.858614  0.511278  -0.037094  -0.305070  -0.451483  0.838508  -0.016944  -0.000900  0.021421  -0.251392  0.650142  -0.102051  1.000000  
197.937300 0.015480  0.001291  -0.015904  0.412953  0.731297  0.542839  -0.858410  0.511678  -0.036300  -0.304305  -0.450988  0.839052  -0.016898  -0.001056  0.022223  -0.261448  0.667355  -0.115439  1.000000  
197.938304 0.015461  0.001288  -0.015878  0.413748  0.731335  0.542181  -0.858253  0.511987  -0.035658  -0.303668  -0.450575  0.839504  -0.016922  -0.001126  0.022534  -0.261208  0.683785  -0.136771  1.000000  
197.939551 0.015438  0.001285  -0.015848  0.414561  0.731400  0.541474  -0.858131  0.512242  -0.034915  -0.302903  -0.450181  0.839992  -0.017012  -0.001183  0.022590  -0.265326  0.701886  -0.142287  1.000000  
197.940552 0.015420  0.001284  -0.015826  0.415197  0.731569  0.540758  -0.858094  0.512347  -0.034285  -0.302137  -0.449786  0.840479  -0.017112  -0.001150  0.022347  -0.273563  0.716033  -0.149935  1.000000  
197.941800 0.015397  0.001282  -0.015800  0.416203  0.731683  0.539828  -0.857920  0.512693  -0.033455  -0.301245  -0.449206  0.841110  -0.017336  -0.001185  0.021916  -0.283886  0.737501  -0.161437  1.000000  
197.943046 0.015373  0.001281  -0.015776  0.417032  0.731837  0.538979  -0.857830  0.512893  -0.032675  -0.300351  -0.448726  0.841685  -0.017499  -0.001230  0.021583  -0.291662  0.752335  -0.171372  1.000000  
197.944056 0.015353  0.001281  -0.015757  0.417844  0.731899  0.538266  -0.857703  0.513152  -0.031935  -0.299585  -0.448328  0.842170  -0.017728  -0.001299  0.021481  -0.298315  0.768682  -0.182686  1.000000  
197.945297 0.015329  0.001284  -0.015730  0.418867  0.732038  0.537281  -0.857560  0.513448  -0.031007  -0.298564  -0.447763  0.842833  -0.018017  -0.001205  0.021755  -0.308103  0.790545  -0.196240  1.000000  
197.946298 0.015308  0.001285  -0.015705  0.419502  0.732204  0.536559  -0.857516  0.513559  -0.030378  -0.297798  -0.447364  0.843316  -0.018505  -0.001216  0.022204  -0.312346  0.804556  -0.203984  1.000000  
197.947547 0.015281  0.001285  -0.015670  0.420542  0.732367  0.535521  -0.857406  0.513804  -0.029350  -0.296648  -0.446816  0.844012  -0.019019  -0.001259  0.022946  -0.322751  0.829521  -0.213410  1.000000  
197.948547 0.015257  0.001284  -0.015640  0.421370  0.732582  0.534575  -0.857308  0.514007  -0.028636  -0.295753  -0.446228  0.844636  -0.019554  -0.001257  0.023532  -0.337132  0.850588  -0.224915  1.000000  
197.949797 0.015226  0.001284  -0.015604  0.422251  0.732876  0.533476  -0.857315  0.514051  -0.027619  -0.294475  -0.445695  0.845364  -0.020072  -0.001145  0.023987  -0.345691  0.876363  -0.226610  1.000000  
197.951047 0.015194  0.001283  -0.015572  0.423307  0.733063  0.532381  -0.857232  0.514248  -0.026492  -0.293196  -0.445160  0.846090  -0.020692  -0.000858  0.024227  -0.356249  0.905271  -0.234061  1.000000  
197.952053 0.015169  0.001284  -0.015548  0.424169  0.733264  0.531418  -0.857199  0.514353  -0.025514  -0.292045  -0.444708  0.846726  -0.021074  -0.000467  0.024102  -0.364755  0.930997  -0.235688  1.000000  
197.953300 0.015137  0.001285  -0.015520  0.425225  0.733513  0.530228  -0.857111  0.514550  -0.024451  -0.290765  -0.444067  0.847502  -0.021611  -0.000220  0.023926  -0.377799  0.953628  -0.239880  1.000000  
197.954375 0.015113  0.001286  -0.015497  0.425909  0.733883  0.529166  -0.857162  0.514505  -0.023647  -0.289612  -0.443510  0.848189  -0.021951  0.000103  0.023627  -0.390440  0.977266  -0.239246  1.000000  
197.955550 0.015082  0.001289  -0.015469  0.426981  0.734221  0.527832  -0.857103  0.514651  -0.022546  -0.288203  -0.442780  0.849049  -0.022514  0.000346  0.023752  -0.410413  1.006459  -0.233925  1.000000  
197.956556 0.015058  0.001291  -0.015446  0.427841  0.734419  0.526860  -0.857061  0.514763  -0.021571  -0.287050  -0.442322  0.849679  -0.022974  0.000623  0.023967  -0.414917  1.036267  -0.233628  1.000000  
197.957800 0.015026  0.001294  -0.015416  0.428929  0.734780  0.525469  -0.857031  0.514861  -0.020371  -0.285512  -0.441606  0.850569  -0.023552  0.000872  0.024418  -0.428051  1.070578  -0.231709  1.000000  
197.959047 0.014995  0.001298  -0.015383  0.430016  0.735141  0.524075  -0.856998  0.514963  -0.019171  -0.283973  -0.440887  0.851456  -0.023915  0.001152  0.024963  -0.438971  1.101242  -0.223962  1.000000  
197.960056 0.014969  0.001301  -0.015355  0.430716  0.735532  0.522951  -0.857071  0.514874  -0.018266  -0.282689  -0.440338  0.852167  -0.024417  0.001172  0.025409  -0.451721  1.124674  -0.212186  1.000000  
197.961299 0.014936  0.001303  -0.015318  0.431818  0.735852  0.521588  -0.857065  0.514931  -0.016904  -0.281021  -0.439736  0.853030  -0.024889  0.001190  0.025735  -0.462881  1.159804  -0.202400  1.000000  
197.962547 0.014902  0.001304  -0.015282  0.433113  0.736219  0.519995  -0.856999  0.515086  -0.015458  -0.279222  -0.438941  0.854029  -0.025288  0.001286  0.025808  -0.480158  1.195778  -0.192750  1.000000  
197.963547 0.014874  0.001306  -0.015256  0.434180  0.736547  0.518639  -0.856919  0.515251  -0.014364  -0.277809  -0.438195  0.854873  -0.025582  0.001447  0.025560  -0.495225  1.228726  -0.191076  1.000000  
197.964547 0.014845  0.001309  -0.015231  0.435247  0.736811  0.517369  -0.856835  0.515422  -0.013208  -0.276395  -0.437551  0.855661  -0.025870  0.001697  0.025286  -0.508242  1.262719  -0.189257  1.000000  
197.965797 0.014809  0.001313  -0.015201  0.436363  0.737340  0.515671  -0.856846  0.515434  -0.011934  -0.274594  -0.436643  0.856704  -0.026123  0.002001  0.025120  -0.527681  1.301852  -0.177937  1.000000  
197.967047 0.014775  0.001317  -0.015169  0.437671  0.737788  0.513919  -0.856796  0.515550  -0.010454  -0.272664  -0.435748  0.857775  -0.026300  0.002192  0.025283  -0.544491  1.336360  -0.168935  1.000000  
197.968054 0.014747  0.001320  -0.015140  0.438575  0.738180  0.512584  -0.856824  0.515526  -0.009304  -0.271118  -0.435113  0.858587  -0.026451  0.002394  0.025712  -0.557536  1.364142  -0.155796  1.000000  
197.969297 0.014713  0.001325  -0.015101  0.440041  0.738491  0.510877  -0.856641  0.515854  -0.007823  -0.269315  -0.434195  0.859618  -0.026799  0.002575  0.026560  -0.576953  1.404968  -0.158431  1.000000  
197.970547 0.014679  0.001330  -0.015060  0.441505  0.738800  0.509164  -0.856453  0.516186  -0.006344  -0.267511  -0.433274  0.860646  -0.026918  0.002756  0.027270  -0.592413  1.441780  -0.163310  1.000000  
197.971554 0.014651  0.001335  -0.015027  0.442583  0.739081  0.507819  -0.856378  0.516324  -0.005093  -0.265963  -0.432631  0.861449  -0.027083  0.002926  0.027974  -0.602305  1.473375  -0.155883  1.000000  
197.972806 0.014617  0.001340  -0.014985  0.444062  0.739412  0.506043  -0.856212  0.516613  -0.003515  -0.264028  -0.431719  0.862501  -0.027299  0.003010  0.028790  -0.617912  1.514216  -0.158872  1.000000  
197.974050 0.014582  0.001343  -0.014945  0.445539  0.739801  0.504172  -0.856039  0.516907  -0.002003  -0.262092  -0.430699  0.863601  -0.027543  0.002995  0.029240  -0.636761  1.547120  -0.158664  1.000000  
197.975302 0.014546  0.001346  -0.014906  0.447191  0.740020  0.502385  -0.855769  0.517358  -0.000326  -0.260154  -0.429780  0.864644  -0.027765  0.002973  0.029451  -0.649630  1.592548  -0.167480  1.000000  
197.976549 0.014509  0.001347  -0.014869  0.448681  0.740370  0.500538  -0.855615  0.517611  0.001347  -0.258087  -0.428872  0.865714  -0.028058  0.002948  0.029485  -0.663646  1.626871  -0.167099  1.000000  
197.977798 0.014470  0.001349  -0.014832  0.449978  0.740857  0.498649  -0.855517  0.517768  0.002750  -0.256147  -0.427840  0.866800  -0.028326  0.002901  0.029626  -0.683619  1.654113  -0.163005  1.000000  
197.978799 0.014439  0.001349  -0.014803  0.451034  0.741161  0.497242  -0.855385  0.517978  0.003826  -0.254724  -0.427059  0.867604  -0.028457  0.002846  0.029868  -0.690875  1.672975  -0.162628  1.000000  
197.980048 0.014400  0.001350  -0.014765  0.452344  0.741610  0.495379  -0.855308  0.518092  0.005392  -0.252653  -0.426140  0.868660  -0.028685  0.002647  0.030425  -0.704981  1.703130  -0.164499  1.000000  
197.981299 0.014360  0.001350  -0.014722  0.454004  0.741842  0.493508  -0.855037  0.518517  0.007159  -0.250582  -0.425218  0.869712  -0.028973  0.002385  0.031109  -0.713376  1.732889  -0.172683  1.000000  
197.982546 0.014319  0.001352  -0.014676  0.455472  0.742212  0.491596  -0.854824  0.518845  0.008656  -0.248638  -0.424171  0.870780  -0.029387  0.002250  0.031991  -0.732023  1.756022  -0.178961  1.000000  
197.983547 0.014287  0.001352  -0.014637  0.456699  0.742460  0.490081  -0.854583  0.519223  0.009763  -0.247212  -0.423273  0.871622  -0.029748  0.002051  0.032613  -0.739393  1.775432  -0.194628  1.000000  
197.984797 0.014248  0.001355  -0.014588  0.458164  0.742824  0.488158  -0.854359  0.519561  0.011256  -0.245267  -0.422220  0.872683  -0.030129  0.001888  0.033165  -0.753620  1.797804  -0.199043  1.000000  
197.986048 0.014207  0.001357  -0.014542  0.459612  0.743158  0.486286  -0.854101  0.519953  0.012642  -0.243451  -0.421148  0.873708  -0.030558  0.001645  0.033449  -0.763649  1.815417  -0.207551  1.000000  
197.987301 0.014164  0.001359  -0.014498  0.461058  0.743489  0.484407  -0.853838  0.520350  0.014026  -0.241633  -0.420072  0.874730  -0.031120  0.001348  0.033605  -0.777995  1.829428  -0.218056  1.000000  
197.988304 0.014130  0.001359  -0.014462  0.462312  0.743838  0.482673  -0.853636  0.520646  0.015268  -0.239945  -0.419085  0.875668  -0.031512  0.001188  0.033789  -0.792333  1.851177  -0.226447  1.000000  
197.989551 0.014086  0.001360  -0.014416  0.463976  0.744194  0.480523  -0.853351  0.521060  0.016991  -0.237736  -0.417938  0.876818  -0.032128  0.001004  0.034196  -0.803408  1.883127  -0.243339  1.000000  
197.990552 0.014050  0.001359  -0.014379  0.465227  0.744479  0.478868  -0.853139  0.521363  0.018292  -0.236047  -0.417051  0.877696  -0.032621  0.000859  0.034691  -0.813714  1.897005  -0.253670  1.000000  
197.991800 0.014004  0.001358  -0.014330  0.466713  0.744935  0.476709  -0.852936  0.521635  0.019911  -0.233836  -0.415895  0.878836  -0.033191  0.000682  0.035509  -0.830491  1.912074  -0.256771  1.000000  
197.993047 0.013956  0.001356  -0.014278  0.468241  0.745467  0.474372  -0.852808  0.521768  0.021837  -0.231233  -0.414774  0.880053  -0.033769  0.000510  0.036547  -0.839322  1.943352  -0.252257  1.000000  
197.994297 0.013909  0.001354  -0.014226  0.469737  0.745942  0.472142  -0.852618  0.522004  0.023555  -0.228889  -0.413621  0.881208  -0.034341  0.000339  0.037577  -0.852124  1.962386  -0.253615  1.000000  
197.995547 0.013861  0.001352  -0.014174  0.471230  0.746356  0.469994  -0.852420  0.522244  0.025333  -0.226544  -0.412570  0.882306  -0.034913  0.000165  0.038392  -0.855057  1.984333  -0.261046  1.000000  
197.996797 0.013813  0.001351  -0.014122  0.472707  0.746740  0.467897  -0.852188  0.522538  0.027005  -0.224328  -0.411502  0.883370  -0.035393  -0.000010  0.038843  -0.859782  1.995268  -0.266458  1.000000  
197.997797 0.013774  0.001350  -0.014083  0.473802  0.747169  0.466101  -0.852093  0.522619  0.028403  -0.222372  -0.410619  0.884275  -0.035858  -0.000139  0.038880  -0.868420  2.010705  -0.269302  1.000000  
197.999048 0.013727  0.001350  -0.014034  0.475479  0.747548  0.463780  -0.851802  0.522986  0.030309  -0.219893  -0.409460  0.885432  -0.036321  -0.000268  0.038888  -0.877138  2.033276  -0.268985  1.000000  
198.000056 0.013689  0.001349  -0.013996  0.476745  0.747864  0.461967  -0.851598  0.523230  0.031798  -0.217934  -0.408570  0.886327  -0.036771  -0.000449  0.038941  -0.881309  2.047663  -0.271901  1.000000  
198.001301 0.013642  0.001349  -0.013948  0.478242  0.748288  0.459728  -0.851390  0.523451  0.033667  -0.215453  -0.407509  0.887421  -0.037190  -0.000618  0.039063  -0.891015  2.066234  -0.263249  1.000000  
198.002546 0.013593  0.001347  -0.013898  0.479749  0.748735  0.457423  -0.851199  0.523631  0.035637  -0.212839  -0.406455  0.888535  -0.037612  -0.000830  0.039448  -0.897833  2.086567  -0.257130  1.000000  
198.003547 0.013554  0.001345  -0.013856  0.481023  0.749124  0.455444  -0.851001  0.523848  0.037159  -0.210746  -0.405457  0.889489  -0.037865  -0.000922  0.039824  -0.906441  2.105529  -0.258474  1.000000  
198.004551 0.013515  0.001344  -0.013811  0.482121  0.749563  0.453557  -0.850896  0.523911  0.038650  -0.208653  -0.404564  0.890389  -0.038134  -0.001096  0.040420  -0.916999  2.117959  -0.243644  1.000000  
198.005553 0.013476  0.001343  -0.013764  0.483391  0.749892  0.451658  -0.850686  0.524132  0.040232  -0.206559  -0.403667  0.891284  -0.038296  -0.001098  0.041018  -0.919017  2.133918  -0.238942  1.000000  
198.006554 0.013436  0.001341  -0.013717  0.484484  0.750381  0.449671  -0.850570  0.524209  0.041656  -0.204464  -0.402658  0.892222  -0.038464  -0.001176  0.041551  -0.929266  2.145838  -0.236215  1.000000  
198.007801 0.013388  0.001340  -0.013658  0.485992  0.750892  0.447183  -0.850367  0.524377  0.043654  -0.201713  -0.401485  0.893377  -0.038549  -0.001087  0.042031  -0.938608  2.173187  -0.234537  1.000000  
198.009047 0.013339  0.001339  -0.013602  0.487672  0.751291  0.444677  -0.850053  0.524707  0.045741  -0.198960  -0.400306  0.894522  -0.038649  -0.001053  0.042326  -0.942430  2.203604  -0.239199  1.000000  
198.010048 0.013301  0.001337  -0.013557  0.488959  0.751714  0.442543  -0.849863  0.524862  0.047458  -0.196599  -0.399306  0.895491  -0.038609  -0.001081  0.042520  -0.951314  2.230800  -0.237033  1.000000  
198.011298 0.013254  0.001336  -0.013502  0.490659  0.752105  0.439991  -0.849577  0.525108  0.049809  -0.193581  -0.398246  0.896620  -0.038540  -0.000983  0.042733  -0.960838  2.255575  -0.225555  1.000000  
198.012547 0.013207  0.001336  -0.013448  0.492341  0.752518  0.437398  -0.849257  0.525414  0.051990  -0.190692  -0.397060  0.897764  -0.038508  -0.000946  0.042955  -0.969413  2.287782  -0.218104  1.000000  
198.013796 0.013159  0.001335  -0.013392  0.494044  0.752927  0.434766  -0.848969  0.525630  0.054437  -0.187539  -0.395998  0.898897  -0.038492  -0.000953  0.043413  -0.966972  2.336135  -0.207592  1.000000  
198.014797 0.013121  0.001334  -0.013346  0.495306  0.753204  0.432846  -0.848725  0.525844  0.056167  -0.185304  -0.395187  0.899717  -0.038497  -0.000998  0.043953  -0.965896  2.350084  -0.207586  1.000000  
198.015797 0.013083  0.001333  -0.013299  0.496741  0.753423  0.430817  -0.848372  0.526223  0.057918  -0.183069  -0.394263  0.900579  -0.038506  -0.001078  0.044620  -0.968332  2.382091  -0.207353  1.000000  
198.017047 0.013035  0.001329  -0.013238  0.498583  0.753607  0.428359  -0.847911  0.526699  0.060300  -0.180174  -0.393275  0.901594  -0.038506  -0.001211  0.045338  -0.962521  2.415190  -0.207020  1.000000  
198.018047 0.012996  0.001326  -0.013189  0.499849  0.753903  0.426359  -0.847666  0.526881  0.062124  -0.177805  -0.392462  0.902418  -0.038480  -0.001351  0.045899  -0.961303  2.436357  -0.201101  1.000000  
198.019297 0.012947  0.001323  -0.013126  0.501707  0.754134  0.423760  -0.847225  0.527279  0.064705  -0.174644  -0.391483  0.903460  -0.038506  -0.001452  0.046422  -0.954669  2.470804  -0.196542  1.000000  
198.020548 0.012897  0.001320  -0.013065  0.503374  0.754494  0.421134  -0.846855  0.527583  0.067025  -0.171613  -0.390378  0.904519  -0.038594  -0.001537  0.046635  -0.952498  2.498103  -0.195997  1.000000  
198.021553 0.012858  0.001317  -0.013016  0.504839  0.754702  0.419003  -0.846540  0.527795  0.069303  -0.168844  -0.389690  0.905336  -0.038538  -0.001576  0.046761  -0.942980  2.534865  -0.193987  1.000000  
198.022801 0.012808  0.001314  -0.012956  0.506508  0.755081  0.416296  -0.846168  0.528068  0.071720  -0.165678  -0.388583  0.906396  -0.038596  -0.001676  0.046847  -0.941083  2.553967  -0.197304  1.000000  
198.023803 0.012768  0.001312  -0.012907  0.507942  0.755281  0.414181  -0.845796  0.528389  0.073719  -0.163170  -0.387758  0.907204  -0.038676  -0.001767  0.047060  -0.936928  2.579860  -0.203922  1.000000  
198.025049 0.012719  0.001312  -0.012843  0.509765  0.755516  0.411503  -0.845279  0.528877  0.076108  -0.160134  -0.386632  0.908225  -0.038806  -0.001697  0.047671  -0.933661  2.606146  -0.211710  1.000000  
198.026298 0.012668  0.001311  -0.012775  0.511605  0.755801  0.408687  -0.844787  0.529285  0.078699  -0.156831  -0.385516  0.909275  -0.039049  -0.001709  0.048465  -0.937407  2.637773  -0.212378  1.000000  
198.027300 0.012627  0.001310  -0.012718  0.513027  0.755991  0.406548  -0.844386  0.529624  0.080686  -0.154320  -0.384677  0.910060  -0.039287  -0.001762  0.049449  -0.932019  2.663651  -0.216419  1.000000  
198.028546 0.012575  0.001309  -0.012645  0.514673  0.756251  0.403975  -0.843959  0.529915  0.083208  -0.151146  -0.383764  0.910978  -0.039588  -0.001705  0.050479  -0.929138  2.683950  -0.214380  1.000000  
198.029547 0.012532  0.001308  -0.012586  0.516098  0.756413  0.401849  -0.843558  0.530211  0.085356  -0.148500  -0.383035  0.911719  -0.039923  -0.001732  0.051423  -0.919932  2.710568  -0.218395  1.000000  
198.030547 0.012488  0.001306  -0.012526  0.517345  0.756682  0.399733  -0.843256  0.530356  0.087417  -0.145854  -0.382302  0.912454  -0.040336  -0.001828  0.052392  -0.914887  2.727030  -0.214651  1.000000  
198.031797 0.012432  0.001303  -0.012451  0.518976  0.756934  0.397134  -0.842797  0.530665  0.089927  -0.142676  -0.381373  0.913344  -0.040842  -0.001815  0.053354  -0.908133  2.746462  -0.212989  1.000000  
198.033047 0.012375  0.001300  -0.012377  0.520602  0.757134  0.394616  -0.842327  0.530971  0.092497  -0.139497  -0.380550  0.914178  -0.041375  -0.001740  0.054104  -0.898657  2.765651  -0.216192  1.000000  
198.034047 0.012330  0.001297  -0.012319  0.522000  0.757211  0.392615  -0.841874  0.531319  0.094590  -0.136979  -0.379909  0.914826  -0.041807  -0.001720  0.054749  -0.883165  2.783312  -0.226777  1.000000  
198.035319 0.012272  0.001294  -0.012244  0.523452  0.757448  0.390219  -0.841506  0.531414  0.097304  -0.133665  -0.379305  0.915566  -0.042287  -0.001731  0.055545  -0.864174  2.803685  -0.218683  1.000000  
198.036550 0.012214  0.001291  -0.012169  0.525071  0.757573  0.387793  -0.841017  0.531669  0.100093  -0.130349  -0.378696  0.916296  -0.042920  -0.001727  0.056504  -0.841518  2.827170  -0.223341  1.000000  
198.037803 0.012156  0.001288  -0.012090  0.526693  0.757724  0.385291  -0.840530  0.531887  0.102982  -0.126899  -0.378089  0.917031  -0.043553  -0.001735  0.057935  -0.817388  2.851561  -0.221787  1.000000  
198.039051 0.012097  0.001286  -0.012008  0.528309  0.757872  0.382779  -0.840030  0.532111  0.105866  -0.123448  -0.377475  0.917754  -0.044091  -0.001774  0.059131  -0.796109  2.870832  -0.225087  1.000000  
198.040055 0.012050  0.001286  -0.011939  0.529684  0.757848  0.380921  -0.839531  0.532456  0.108068  -0.120925  -0.377037  0.918270  -0.044636  -0.001775  0.060349  -0.778872  2.874312  -0.226372  1.000000  
198.041304 0.011991  0.001284  -0.011851  0.531271  0.757894  0.378613  -0.838981  0.532761  0.110799  -0.117737  -0.376514  0.918899  -0.045201  -0.001832  0.061628  -0.753429  2.885368  -0.233058  1.000000  
198.042548 0.011930  0.001283  -0.011762  0.532688  0.758075  0.376253  -0.838542  0.532873  0.113552  -0.114414  -0.375992  0.919532  -0.045813  -0.001791  0.062896  -0.734489  2.891460  -0.227054  1.000000  
198.043798 0.011869  0.001283  -0.011672  0.534271  0.758145  0.373860  -0.837982  0.533144  0.116377  -0.111091  -0.375465  0.920155  -0.046356  -0.001739  0.063950  -0.714363  2.899812  -0.227312  1.000000  
198.045047 0.011807  0.001281  -0.011583  0.535848  0.758213  0.371457  -0.837409  0.533421  0.119198  -0.107766  -0.374933  0.920767  -0.046905  -0.001686  0.065011  -0.695374  2.912843  -0.221220  1.000000  
198.046047 0.011757  0.001281  -0.011511  0.537051  0.758374  0.369386  -0.837010  0.533502  0.121614  -0.104839  -0.374492  0.921284  -0.047312  -0.001533  0.065816  -0.683426  2.928108  -0.207429  1.000000  
198.047301 0.011693  0.001280  -0.011419  0.538795  0.758312  0.366964  -0.836315  0.533887  0.124669  -0.101379  -0.374069  0.921843  -0.047771  -0.001421  0.067002  -0.657973  2.950929  -0.208567  1.000000  
198.048547 0.011631  0.001280  -0.011324  0.540525  0.758223  0.364597  -0.835595  0.534318  0.127615  -0.098050  -0.373635  0.922379  -0.048154  -0.001210  0.068286  -0.641648  2.955425  -0.219885  1.000000  
198.049797 0.011567  0.001281  -0.011225  0.542241  0.758105  0.362287  -0.834852  0.534794  0.130450  -0.094854  -0.373191  0.922893  -0.048627  -0.000975  0.069900  -0.617634  2.959719  -0.221761  1.000000  
198.050797 0.011515  0.001281  -0.011146  0.543580  0.758054  0.360382  -0.834279  0.535114  0.132782  -0.092190  -0.372837  0.923306  -0.049028  -0.000787  0.071423  -0.600902  2.963642  -0.222798  1.000000  
198.051886 0.011463  0.001281  -0.011064  0.544915  0.757958  0.358563  -0.833699  0.535420  0.135175  -0.089525  -0.372592  0.923667  -0.049094  -0.000603  0.072388  -0.576683  2.956646  -0.229343  1.000000  
198.053049 0.011398  0.001281  -0.010961  0.546620  0.757779  0.356341  -0.832933  0.535832  0.138227  -0.086193  -0.372366  0.924075  -0.049760  -0.000443  0.074220  -0.551792  2.967423  -0.234822  1.000000  
198.054307 0.011334  0.001282  -0.010858  0.548317  0.757642  0.354016  -0.832155  0.536263  0.141208  -0.082860  -0.372023  0.924518  -0.050161  -0.000226  0.075586  -0.521867  2.972634  -0.232928  1.000000  
198.055551 0.011268  0.001283  -0.010755  0.550008  0.757419  0.351863  -0.831364  0.536663  0.144313  -0.079526  -0.371900  0.924860  -0.050564  -0.000111  0.076627  -0.485624  2.977152  -0.234261  1.000000  
198.056555 0.011215  0.001284  -0.010673  0.551316  0.757295  0.350079  -0.830737  0.537019  0.146584  -0.076992  -0.371638  0.925180  -0.050925  0.000049  0.077458  -0.463834  2.975129  -0.244846  1.000000  
198.057802 0.011149  0.001285  -0.010571  0.553175  0.757017  0.347739  -0.829826  0.537496  0.149956  -0.073389  -0.371514  0.925522  -0.051310  0.000127  0.078254  -0.431095  2.990665  -0.248953  1.000000  
198.059048 0.011081  0.001286  -0.010468  0.555021  0.756712  0.345454  -0.828892  0.538017  0.153216  -0.069920  -0.371383  0.925844  -0.051753  0.000247  0.079235  -0.401579  3.004367  -0.260932  1.000000  
198.060053 0.011026  0.001286  -0.010384  0.556493  0.756490  0.343567  -0.828137  0.538434  0.155814  -0.067116  -0.371230  0.926112  -0.052052  0.000332  0.080014  -0.380121  3.010615  -0.267755  1.000000  
198.061297 0.010957  0.001287  -0.010275  0.558319  0.756158  0.341328  -0.827171  0.539000  0.158958  -0.063779  -0.371086  0.926406  -0.052529  0.000415  0.081247  -0.354111  3.017391  -0.284661  1.000000  
198.062299 0.010901  0.001289  -0.010186  0.559945  0.755797  0.339459  -0.826273  0.539617  0.161512  -0.061108  -0.370924  0.926651  -0.052826  0.000597  0.082212  -0.331896  3.032355  -0.300901  1.000000  
198.063548 0.010830  0.001291  -0.010072  0.561926  0.755353  0.337164  -0.825168  0.540341  0.164711  -0.057769  -0.370773  0.926925  -0.053354  0.000707  0.083475  -0.306027  3.044376  -0.320808  1.000000  
198.064796 0.010759  0.001294  -0.009957  0.563895  0.754882  0.334926  -0.824042  0.541109  0.167800  -0.054563  -0.370615  0.927183  -0.053809  0.000865  0.084533  -0.288296  3.048596  -0.344929  1.000000  
198.065797 0.010702  0.001296  -0.009866  0.565502  0.754480  0.333118  -0.823113  0.541710  0.170399  -0.051891  -0.370555  0.927360  -0.054188  0.001004  0.085339  -0.266045  3.056147  -0.364766  1.000000  
198.066797 0.010645  0.001299  -0.009774  0.567103  0.754078  0.331301  -0.822175  0.542311  0.172993  -0.049218  -0.370493  0.927530  -0.054853  0.001172  0.086525  -0.251883  3.064004  -0.385393  1.000000  
198.068048 0.010572  0.001302  -0.009659  0.569057  0.753582  0.329071  -0.821024  0.542958  0.176395  -0.045743  -0.370554  0.927684  -0.055078  0.001351  0.086814  -0.227887  3.069521  -0.400664  1.000000  
198.069297 0.010499  0.001304  -0.009544  0.571168  0.752987  0.326768  -0.819737  0.543823  0.179688  -0.042401  -0.370496  0.927866  -0.055660  0.001477  0.087637  -0.210598  3.075387  -0.429383  1.000000  
198.070298 0.010439  0.001306  -0.009452  0.572921  0.752463  0.324903  -0.818654  0.544519  0.182496  -0.039594  -0.370539  0.927973  -0.056203  0.001572  0.088351  -0.192292  3.098801  -0.451093  1.000000  
198.071299 0.010379  0.001308  -0.009359  0.574495  0.752023  0.323136  -0.817675  0.545101  0.185130  -0.036920  -0.370577  0.928068  -0.056624  0.001619  0.088992  -0.175223  3.103398  -0.464961  1.000000  
198.072303 0.010318  0.001310  -0.009266  0.576059  0.751526  0.321505  -0.816679  0.545764  0.187555  -0.034513  -0.370609  0.928148  -0.057108  0.001689  0.089753  -0.155800  3.104496  -0.494777  1.000000  
198.073551 0.010241  0.001311  -0.009147  0.577968  0.750937  0.319447  -0.815459  0.546470  0.190781  -0.031304  -0.370761  0.928201  -0.057769  0.001746  0.090855  -0.131127  3.108176  -0.516988  1.000000  
198.074552 0.010179  0.001313  -0.009051  0.579524  0.750460  0.317743  -0.814452  0.547029  0.193462  -0.028629  -0.370903  0.928230  -0.058338  0.001827  0.091740  -0.110125  3.113146  -0.530808  1.000000  
198.075798 0.010100  0.001315  -0.008929  0.581420  0.749903  0.315590  -0.813211  0.547694  0.196774  -0.025285  -0.371049  0.928269  -0.059048  0.001847  0.092745  -0.085584  3.115508  -0.561170  1.000000  
198.077047 0.010021  0.001318  -0.008806  0.583473  0.749234  0.313381  -0.811836  0.548513  0.200141  -0.021941  -0.371191  0.928297  -0.059684  0.001923  0.093528  -0.065620  3.119623  -0.583276  1.000000  
198.078297 0.009942  0.001321  -0.008683  0.585518  0.748595  0.311085  -0.810449  0.549290  0.203599  -0.018463  -0.371330  0.928318  -0.060151  0.002018  0.094175  -0.047944  3.135182  -0.599373  1.000000  
198.079297 0.009878  0.001323  -0.008585  0.587046  0.748122  0.309340  -0.809400  0.549847  0.206252  -0.015788  -0.371459  0.928315  -0.060659  0.002033  0.094564  -0.029142  3.140338  -0.613783  1.000000  
198.080547 0.009799  0.001327  -0.008463  0.589071  0.747419  0.307181  -0.807985  0.550639  0.209659  -0.012443  -0.371702  0.928269  -0.061232  0.002133  0.095105  -0.005362  3.148130  -0.633904  1.000000  
198.081797 0.009719  0.001331  -0.008339  0.591087  0.746754  0.304917  -0.806557  0.551455  0.212988  -0.009098  -0.371828  0.928257  -0.061718  0.002141  0.095626  0.007298  3.164812  -0.654709  1.000000  
