1-Time 2-Px 3-Py 4-Pz 5-R11 6-R21 7-R31 8-R12 9-R22 10-R32 11-R13 12-R23 13-R33 14-Vx 15-Vy 16-Vz 17-Wx 18-Wy 19-Wz 20-state
210.004289 0.031565  0.002368  -0.025913  0.494314  0.763645  0.415332  -0.840256  0.297305  0.453409  0.222763  -0.573111  0.788619  -0.002665  -0.007280  0.009350  -0.071680  0.390414  0.075666  1.000000  
210.005317 0.031562  0.002364  -0.025902  0.494472  0.763622  0.415185  -0.840128  0.297396  0.453586  0.222894  -0.573094  0.788595  -0.003724  -0.005738  0.013338  0.000000  0.000000  0.000000  1.000000  
210.006574 0.031545  0.002348  -0.025867  0.494645  0.763662  0.414906  -0.840027  0.297664  0.453599  0.222894  -0.572903  0.788734  -0.009993  -0.010043  0.022743  0.000000  0.000000  0.000000  1.000000  
210.007575 0.031525  0.002331  -0.025832  0.494630  0.763751  0.414760  -0.840001  0.297653  0.453654  0.223024  -0.572789  0.788779  -0.013141  -0.012248  0.026615  0.000000  0.000000  0.000000  1.000000  
210.008803 0.031504  0.002316  -0.025794  0.494803  0.763740  0.414574  -0.839899  0.297865  0.453703  0.223024  -0.572694  0.788849  -0.014231  -0.012352  0.027890  0.000000  0.000000  0.000000  1.000000  
210.009815 0.031488  0.002307  -0.025770  0.494961  0.763768  0.414334  -0.839771  0.298011  0.453843  0.223154  -0.572580  0.788894  -0.014613  -0.011680  0.027204  0.000000  0.000000  0.000000  1.000000  
210.010821 0.031467  0.002298  -0.025747  0.494961  0.763818  0.414242  -0.839771  0.298066  0.453807  0.223154  -0.572485  0.788963  -0.015564  -0.011234  0.026394  0.000000  0.000000  0.000000  1.000000  
210.012056 0.031436  0.002286  -0.025718  0.495118  0.763896  0.413909  -0.839644  0.298267  0.453911  0.223285  -0.572276  0.789078  -0.017184  -0.010970  0.025981  0.000000  0.000000  0.000000  1.000000  
210.013306 0.031405  0.002277  -0.025688  0.495103  0.763985  0.413763  -0.839618  0.298257  0.453965  0.223415  -0.572163  0.789123  -0.018298  -0.010463  0.025713  0.000000  0.000000  0.000000  1.000000  
210.014555 0.031377  0.002271  -0.025659  0.495103  0.764035  0.413670  -0.839618  0.298312  0.453929  0.223415  -0.572067  0.789193  -0.018764  -0.009694  0.025358  0.000000  0.000000  0.000000  1.000000  
210.015821 0.031350  0.002266  -0.025629  0.495261  0.764063  0.413430  -0.839490  0.298458  0.454069  0.223546  -0.571954  0.789238  -0.019059  -0.009113  0.025193  0.000000  0.000000  0.000000  1.000000  
210.017055 0.031319  0.002257  -0.025595  0.495261  0.764063  0.413430  -0.839490  0.298458  0.454069  0.223546  -0.571954  0.789238  -0.019661  -0.008884  0.025433  0.000000  0.000000  0.000000  1.000000  
210.018056 0.031291  0.002248  -0.025562  0.495261  0.764113  0.413338  -0.839490  0.298513  0.454033  0.223546  -0.571858  0.789307  -0.020269  -0.008922  0.025988  0.000000  0.000000  0.000000  1.000000  
210.019306 0.031252  0.002232  -0.025516  0.495261  0.764113  0.413338  -0.839490  0.298513  0.454033  0.223546  -0.571858  0.789307  -0.021203  -0.009266  0.026867  0.000000  0.000000  0.000000  1.000000  
210.020556 0.031209  0.002209  -0.025467  0.495419  0.764140  0.413098  -0.839363  0.298660  0.454173  0.223676  -0.571744  0.789352  -0.023398  -0.010108  0.028748  0.000000  0.000000  0.000000  1.000000  
210.021803 0.031163  0.002185  -0.025419  0.495591  0.764079  0.413004  -0.839261  0.298817  0.454258  0.223676  -0.571744  0.789352  -0.025137  -0.010609  0.029254  0.000000  0.000000  0.000000  1.000000  
210.022807 0.031127  0.002167  -0.025384  0.495764  0.764017  0.412911  -0.839158  0.298974  0.454343  0.223676  -0.571744  0.789352  -0.026236  -0.010714  0.029291  0.000000  0.000000  0.000000  1.000000  
210.024059 0.031082  0.002149  -0.025349  0.495937  0.764006  0.412725  -0.839056  0.299187  0.454392  0.223676  -0.571649  0.789422  -0.027859  -0.010962  0.029287  0.000000  0.000000  0.000000  1.000000  
210.025303 0.031035  0.002134  -0.025316  0.496110  0.763994  0.412538  -0.838954  0.299399  0.454440  0.223676  -0.571553  0.789491  -0.029600  -0.011251  0.029543  0.000000  0.000000  0.000000  1.000000  
210.026306 0.030998  0.002122  -0.025286  0.496455  0.763871  0.412351  -0.838750  0.299714  0.454610  0.223676  -0.571553  0.789491  -0.030544  -0.011387  0.029979  0.000000  0.000000  0.000000  1.000000  
210.027311 0.030961  0.002111  -0.025251  0.496973  0.763736  0.411978  -0.838443  0.300241  0.454828  0.223676  -0.571457  0.789560  -0.031309  -0.011566  0.030769  0.000000  0.000000  0.000000  1.000000  
210.028555 0.030921  0.002104  -0.025200  0.497491  0.763600  0.411604  -0.838136  0.300767  0.455046  0.223676  -0.571361  0.789630  -0.032008  -0.011586  0.032302  0.000000  0.000000  0.000000  1.000000  
210.029803 0.030885  0.002099  -0.025140  0.497836  0.763526  0.411324  -0.837931  0.301137  0.455179  0.223676  -0.571266  0.789699  -0.032689  -0.011526  0.034444  0.000000  0.000000  0.000000  1.000000  
210.031054 0.030845  0.002094  -0.025078  0.498353  0.763440  0.410858  -0.837624  0.301719  0.455360  0.223676  -0.571074  0.789838  -0.033498  -0.011415  0.036447  -0.133215  0.135334  -0.126457  1.000000  
210.032059 0.030809  0.002088  -0.025029  0.498870  0.763303  0.410484  -0.837316  0.302246  0.455577  0.223676  -0.570978  0.789907  -0.034087  -0.011322  0.037810  -0.137768  0.143226  -0.139568  1.000000  
210.033307 0.030762  0.002075  -0.024972  0.499387  0.763166  0.410110  -0.837007  0.302772  0.455793  0.223676  -0.570882  0.789976  -0.034792  -0.011334  0.038823  -0.140806  0.149294  -0.150480  1.000000  
210.034555 0.030715  0.002062  -0.024921  0.499904  0.763078  0.409643  -0.836699  0.303354  0.455973  0.223676  -0.570691  0.790115  -0.035304  -0.010966  0.039023  -0.147630  0.154839  -0.160489  1.000000  
210.035593 0.030676  0.002050  -0.024886  0.500406  0.763029  0.409122  -0.836364  0.303871  0.456243  0.223807  -0.570482  0.790229  -0.035455  -0.010450  0.038611  -0.155878  0.163819  -0.172576  1.000000  
210.036805 0.030626  0.002037  -0.024845  0.501079  0.762867  0.408599  -0.835926  0.304489  0.456634  0.223937  -0.570368  0.790274  -0.035821  -0.009729  0.038292  -0.159408  0.178041  -0.185034  1.000000  
210.037821 0.030585  0.002028  -0.024812  0.501423  0.762792  0.408319  -0.835720  0.304858  0.456765  0.223937  -0.570272  0.790343  -0.036066  -0.009167  0.038286  -0.162192  0.179692  -0.194568  1.000000  
210.039056 0.030537  0.002019  -0.024769  0.502095  0.762678  0.407703  -0.835281  0.305532  0.457117  0.224067  -0.570063  0.790457  -0.036374  -0.008652  0.038660  -0.171146  0.197578  -0.212170  1.000000  
210.040060 0.030499  0.002014  -0.024732  0.502439  0.762602  0.407422  -0.835074  0.305901  0.457248  0.224067  -0.569967  0.790526  -0.036334  -0.008120  0.039545  -0.172680  0.197832  -0.220200  1.000000  
210.041305 0.030452  0.002008  -0.024683  0.502939  0.762502  0.406993  -0.834738  0.306362  0.457553  0.224198  -0.569854  0.790571  -0.036404  -0.007605  0.040173  -0.173266  0.209528  -0.236470  1.000000  
210.042306 0.030413  0.002006  -0.024640  0.503455  0.762362  0.406618  -0.834427  0.306889  0.457767  0.224198  -0.569758  0.790640  -0.036522  -0.007012  0.040754  -0.177782  0.219118  -0.249364  1.000000  
210.043552 0.030365  0.002005  -0.024585  0.503955  0.762310  0.406095  -0.834090  0.307405  0.458034  0.224328  -0.569548  0.790754  -0.037102  -0.006544  0.041009  -0.186573  0.230945  -0.265826  1.000000  
210.044797 0.030319  0.002008  -0.024530  0.504454  0.762258  0.405573  -0.833753  0.307922  0.458301  0.224459  -0.569339  0.790867  -0.037744  -0.006059  0.040653  -0.192175  0.240438  -0.271903  1.000000  
210.045797 0.030280  0.002009  -0.024490  0.504610  0.762332  0.405238  -0.833624  0.308125  0.458400  0.224589  -0.569130  0.790981  -0.038249  -0.005814  0.040032  -0.197934  0.244458  -0.277542  1.000000  
210.047047 0.030227  0.002007  -0.024446  0.505109  0.762279  0.404715  -0.833286  0.308642  0.458666  0.224719  -0.568920  0.791095  -0.038820  -0.005366  0.038905  -0.210558  0.259656  -0.291081  1.000000  
210.048054 0.030183  0.002005  -0.024411  0.505437  0.762339  0.404194  -0.833052  0.309058  0.458810  0.224850  -0.568615  0.791277  -0.039306  -0.004880  0.038114  -0.221716  0.270985  -0.299332  1.000000  
210.049297 0.030123  0.002000  -0.024368  0.505920  0.762423  0.403431  -0.832689  0.309621  0.459091  0.225110  -0.568196  0.791504  -0.040157  -0.004280  0.037528  -0.242608  0.289931  -0.310501  1.000000  
210.050299 0.030076  0.001998  -0.024329  0.506247  0.762481  0.402910  -0.832454  0.310037  0.459235  0.225241  -0.567890  0.791687  -0.040700  -0.003670  0.037658  -0.252277  0.293740  -0.315966  1.000000  
210.051301 0.030030  0.001996  -0.024287  0.506387  0.762643  0.402427  -0.832299  0.310232  0.459386  0.225501  -0.567567  0.791844  -0.041065  -0.003082  0.038234  -0.264439  0.300883  -0.310762  1.000000  
210.052548 0.029975  0.001995  -0.024231  0.506870  0.762725  0.401663  -0.831934  0.310796  0.459664  0.225762  -0.567147  0.792070  -0.041369  -0.002366  0.039319  -0.283781  0.315883  -0.316493  1.000000  
210.053548 0.029933  0.001996  -0.024182  0.507196  0.762783  0.401141  -0.831700  0.311213  0.459807  0.225893  -0.566842  0.792252  -0.041538  -0.001748  0.040306  -0.295019  0.327277  -0.324853  1.000000  
210.054575 0.029890  0.001998  -0.024132  0.507523  0.762840  0.400619  -0.831465  0.311629  0.459949  0.226023  -0.566536  0.792434  -0.041882  -0.001160  0.041296  -0.309445  0.333271  -0.324675  1.000000  
210.055807 0.029837  0.002001  -0.024072  0.507834  0.762936  0.400042  -0.831204  0.311982  0.460182  0.226284  -0.566212  0.792591  -0.042305  -0.000562  0.042166  -0.317888  0.340732  -0.319731  1.000000  
210.057055 0.029786  0.002004  -0.024019  0.508331  0.762977  0.399332  -0.830865  0.312611  0.460367  0.226414  -0.565810  0.792840  -0.042540  -0.000116  0.042096  -0.328985  0.345360  -0.320031  1.000000  
210.058056 0.029746  0.002008  -0.023983  0.508673  0.762993  0.398865  -0.830655  0.313093  0.460418  0.226414  -0.565521  0.793046  -0.042627  0.000136  0.041490  -0.338317  0.344218  -0.317299  1.000000  
210.059299 0.029696  0.002012  -0.023941  0.509171  0.762984  0.398247  -0.830315  0.313667  0.460640  0.226544  -0.565215  0.793227  -0.042737  0.000308  0.040714  -0.345221  0.348854  -0.317619  1.000000  
210.060301 0.029654  0.002012  -0.023906  0.509496  0.763039  0.397724  -0.830080  0.314085  0.460781  0.226674  -0.564909  0.793408  -0.043072  0.000187  0.040249  -0.353285  0.352342  -0.315048  1.000000  
210.061548 0.029599  0.002007  -0.023861  0.509993  0.763029  0.397106  -0.829739  0.314659  0.461002  0.226805  -0.564602  0.793589  -0.043341  -0.000065  0.040294  -0.361440  0.355923  -0.312560  1.000000  
210.062548 0.029554  0.002001  -0.023821  0.510490  0.763019  0.396488  -0.829398  0.315234  0.461223  0.226935  -0.564296  0.793770  -0.043333  -0.000304  0.040613  -0.369549  0.359459  -0.310034  1.000000  
210.063798 0.029500  0.001994  -0.023766  0.511156  0.762990  0.395682  -0.828951  0.316022  0.461486  0.227065  -0.563893  0.794019  -0.043091  -0.000489  0.041387  -0.379218  0.366866  -0.313001  1.000000  
210.065048 0.029447  0.001988  -0.023708  0.511839  0.762922  0.394932  -0.828530  0.316874  0.461658  0.227065  -0.563508  0.794292  -0.042653  -0.000667  0.042055  -0.387336  0.363120  -0.315723  1.000000  
210.066048 0.029407  0.001985  -0.023659  0.512335  0.762957  0.394221  -0.828188  0.317505  0.461839  0.227196  -0.563105  0.794541  -0.042234  -0.000722  0.042643  -0.399522  0.366669  -0.313250  1.000000  
210.067301 0.029358  0.001981  -0.023596  0.513187  0.762821  0.393375  -0.827660  0.318515  0.462090  0.227196  -0.562719  0.794814  -0.041860  -0.000898  0.043041  -0.410704  0.370668  -0.326827  1.000000  
210.068301 0.029318  0.001980  -0.023548  0.513868  0.762749  0.392625  -0.827237  0.319367  0.462259  0.227196  -0.562334  0.795087  -0.041678  -0.001119  0.042969  -0.424363  0.374437  -0.332363  1.000000  
210.069548 0.029270  0.001981  -0.023491  0.514703  0.762697  0.391630  -0.826682  0.320369  0.462559  0.227326  -0.561834  0.795403  -0.041435  -0.001185  0.042769  -0.443772  0.382138  -0.343428  1.000000  
210.070548 0.029233  0.001983  -0.023449  0.515384  0.762623  0.390879  -0.826258  0.321221  0.462725  0.227326  -0.561448  0.795675  -0.041021  -0.001152  0.042344  -0.459027  0.386155  -0.357008  1.000000  
210.071569 0.029195  0.001985  -0.023408  0.516064  0.762547  0.390128  -0.825833  0.322074  0.462891  0.227326  -0.561062  0.795948  -0.040680  -0.001265  0.042086  -0.470672  0.388965  -0.359868  1.000000  
210.072805 0.029147  0.001986  -0.023354  0.516898  0.762491  0.389132  -0.825276  0.323076  0.463186  0.227456  -0.560561  0.796263  -0.040597  -0.001477  0.042670  -0.490314  0.396762  -0.371085  1.000000  
210.073805 0.029106  0.001985  -0.023307  0.517747  0.762347  0.388285  -0.824743  0.324086  0.463430  0.227456  -0.560175  0.796535  -0.040620  -0.001717  0.043520  -0.503171  0.408364  -0.387716  1.000000  
210.075055 0.029053  0.001980  -0.023243  0.518596  0.762248  0.387346  -0.824210  0.325151  0.463632  0.227456  -0.559692  0.796874  -0.040743  -0.002171  0.044982  -0.520149  0.416264  -0.406985  1.000000  
210.076297 0.028998  0.001972  -0.023178  0.519613  0.762033  0.386403  -0.823569  0.326318  0.463952  0.227456  -0.559305  0.797146  -0.040842  -0.002423  0.046163  -0.528709  0.420717  -0.422762  1.000000  
210.077301 0.028952  0.001965  -0.023127  0.520291  0.761951  0.385651  -0.823141  0.327170  0.464111  0.227456  -0.558918  0.797417  -0.040828  -0.002457  0.047054  -0.540297  0.428122  -0.440002  1.000000  
210.078548 0.028894  0.001957  -0.023067  0.521138  0.761801  0.384804  -0.822605  0.328180  0.464349  0.227456  -0.558531  0.797688  -0.041033  -0.002512  0.047399  -0.547643  0.428432  -0.456416  1.000000  
210.079798 0.028838  0.001953  -0.023010  0.521969  0.761689  0.383899  -0.822042  0.329126  0.464675  0.227587  -0.558127  0.797934  -0.041352  -0.002414  0.047322  -0.552475  0.436219  -0.475706  1.000000  
210.081048 0.028780  0.001947  -0.022956  0.522815  0.761582  0.382959  -0.821504  0.330192  0.464870  0.227587  -0.557643  0.798272  -0.041846  -0.002515  0.046855  -0.561417  0.440346  -0.497698  1.000000  
210.082299 0.028723  0.001944  -0.022903  0.523644  0.761468  0.382053  -0.820940  0.331139  0.465193  0.227717  -0.557238  0.798518  -0.042319  -0.002479  0.046188  -0.564589  0.444118  -0.511403  1.000000  
210.083548 0.028666  0.001944  -0.022851  0.524488  0.761358  0.381112  -0.820401  0.332205  0.465385  0.227717  -0.556753  0.798856  -0.042929  -0.002425  0.045641  -0.572714  0.448112  -0.526325  1.000000  
210.084548 0.028621  0.001946  -0.022809  0.525147  0.761263  0.380394  -0.819943  0.332938  0.465667  0.227847  -0.556445  0.799033  -0.043376  -0.002374  0.045518  -0.576460  0.456042  -0.537896  1.000000  
210.085551 0.028574  0.001947  -0.022762  0.525637  0.761327  0.379587  -0.819593  0.333628  0.465790  0.227977  -0.555943  0.799346  -0.044050  -0.002427  0.045939  -0.585765  0.459276  -0.543158  1.000000  
210.086797 0.028513  0.001947  -0.022698  0.526295  0.761322  0.378684  -0.819134  0.334475  0.465989  0.228108  -0.555441  0.799658  -0.044832  -0.002522  0.046610  -0.597114  0.466735  -0.554338  1.000000  
210.087806 0.028463  0.001946  -0.022644  0.526953  0.761270  0.377873  -0.818674  0.335266  0.466228  0.228238  -0.555035  0.799902  -0.045672  -0.002716  0.047414  -0.603629  0.474115  -0.564557  1.000000  
210.089056 0.028400  0.001945  -0.022573  0.527594  0.761349  0.376819  -0.818189  0.336107  0.466475  0.228498  -0.554418  0.800255  -0.046441  -0.002614  0.048072  -0.617434  0.481226  -0.567581  1.000000  
210.090326 0.028334  0.001944  -0.022503  0.528419  0.761271  0.375819  -0.817620  0.337112  0.466748  0.228629  -0.553916  0.800566  -0.047456  -0.002218  0.048621  -0.624320  0.488300  -0.578447  1.000000  
210.091555 0.028266  0.001942  -0.022438  0.529059  0.761346  0.374764  -0.817133  0.337954  0.466991  0.228889  -0.553298  0.800919  -0.047969  -0.001830  0.048463  -0.638669  0.495820  -0.581985  1.000000  
210.092668 0.028212  0.001942  -0.022390  0.529699  0.761375  0.373801  -0.816645  0.338740  0.467274  0.229150  -0.552777  0.801204  -0.048221  -0.001279  0.047924  -0.646097  0.501161  -0.582922  1.000000  
210.093807 0.028145  0.001943  -0.022331  0.530354  0.761453  0.372711  -0.816183  0.339702  0.467384  0.229280  -0.552079  0.801648  -0.049198  -0.000795  0.048308  -0.660856  0.502641  -0.585430  1.000000  
210.094808 0.028092  0.001945  -0.022283  0.530993  0.761479  0.371747  -0.815695  0.340489  0.467664  0.229540  -0.551558  0.801932  -0.049689  -0.000407  0.048492  -0.670696  0.513577  -0.586032  1.000000  
210.096061 0.028027  0.001949  -0.022220  0.531815  0.761439  0.370653  -0.815122  0.341551  0.467888  0.229671  -0.550957  0.802308  -0.050242  0.000176  0.049093  -0.676416  0.516995  -0.591845  1.000000  
210.097306 0.027963  0.001955  -0.022153  0.532453  0.761462  0.369688  -0.814632  0.342339  0.468165  0.229931  -0.550436  0.802591  -0.050737  0.000702  0.050104  -0.679047  0.520210  -0.581469  1.000000  
210.098554 0.027900  0.001961  -0.022085  0.533257  0.761459  0.368535  -0.814032  0.343340  0.468475  0.230192  -0.549817  0.802941  -0.051147  0.001099  0.051180  -0.683461  0.527369  -0.576859  1.000000  
210.099803 0.027837  0.001966  -0.022014  0.534061  0.761453  0.367380  -0.813431  0.344342  0.468783  0.230452  -0.549197  0.803290  -0.051533  0.001288  0.052269  -0.688119  0.530986  -0.574970  1.000000  
210.100806 0.027786  0.001968  -0.021958  0.534714  0.761432  0.366473  -0.812966  0.345192  0.468966  0.230582  -0.548693  0.803597  -0.051796  0.001365  0.052752  -0.691977  0.533661  -0.573271  1.000000  
210.102055 0.027721  0.001969  -0.021890  0.535516  0.761423  0.365318  -0.812363  0.346195  0.469271  0.230842  -0.548073  0.803945  -0.052072  0.001553  0.052970  -0.691922  0.540440  -0.568426  1.000000  
210.103062 0.027668  0.001971  -0.021837  0.536151  0.761484  0.364259  -0.811870  0.347041  0.469499  0.231103  -0.547453  0.804293  -0.052246  0.001640  0.052847  -0.704212  0.544285  -0.565202  1.000000  
210.104307 0.027603  0.001972  -0.021774  0.536952  0.761516  0.363010  -0.811267  0.348102  0.469757  0.231363  -0.546735  0.804706  -0.052302  0.001899  0.052224  -0.711006  0.547526  -0.555023  1.000000  
210.105556 0.027537  0.001975  -0.021712  0.537753  0.761589  0.361668  -0.810662  0.349220  0.469971  0.231624  -0.545919  0.805185  -0.052232  0.002154  0.051887  -0.729080  0.555322  -0.552770  1.000000  
210.106805 0.027472  0.001979  -0.021647  0.538737  0.761548  0.360289  -0.809971  0.350556  0.470168  0.231754  -0.545120  0.805689  -0.051995  0.002493  0.051979  -0.739591  0.557693  -0.548089  1.000000  
210.107806 0.027420  0.001982  -0.021594  0.539536  0.761529  0.359131  -0.809364  0.351560  0.470462  0.232014  -0.544499  0.806034  -0.051928  0.002657  0.052476  -0.753408  0.568528  -0.548749  1.000000  
210.108806 0.027369  0.001987  -0.021536  0.540351  0.761511  0.357940  -0.808783  0.352683  0.470622  0.232144  -0.543797  0.806470  -0.051754  0.002894  0.052982  -0.767301  0.571940  -0.554637  1.000000  
210.110055 0.027306  0.001994  -0.021461  0.541315  0.761502  0.356500  -0.808063  0.353960  0.470900  0.232404  -0.542979  0.806946  -0.051509  0.003183  0.054039  -0.785360  0.582791  -0.555543  1.000000  
210.111056 0.027255  0.002001  -0.021398  0.542129  0.761480  0.355308  -0.807480  0.355083  0.471055  0.232535  -0.542277  0.807381  -0.051464  0.003410  0.054842  -0.799181  0.589890  -0.558900  1.000000  
210.112060 0.027204  0.002007  -0.021335  0.542926  0.761496  0.354056  -0.806870  0.356147  0.471297  0.232795  -0.541556  0.807789  -0.051432  0.003538  0.055449  -0.817173  0.596996  -0.562202  1.000000  
210.113306 0.027140  0.002015  -0.021259  0.544070  0.761365  0.352578  -0.806060  0.357642  0.471550  0.232925  -0.540755  0.808288  -0.051513  0.003686  0.055991  -0.832708  0.607902  -0.571294  1.000000  
210.114555 0.027074  0.002022  -0.021188  0.545031  0.761345  0.351135  -0.805336  0.358920  0.471816  0.233185  -0.539936  0.808761  -0.051702  0.003800  0.056011  -0.852341  0.618748  -0.580281  1.000000  
210.115805 0.027006  0.002027  -0.021120  0.546156  0.761290  0.349502  -0.804498  0.360413  0.472107  0.233445  -0.539018  0.809298  -0.051954  0.003970  0.055899  -0.867974  0.629525  -0.589446  1.000000  
210.116806 0.026952  0.002031  -0.021067  0.547114  0.761221  0.348151  -0.803771  0.361635  0.472411  0.233706  -0.538296  0.809703  -0.052118  0.004169  0.055795  -0.885150  0.644169  -0.604002  1.000000  
210.118055 0.026881  0.002034  -0.021002  0.548071  0.761192  0.346706  -0.803043  0.362915  0.472667  0.233966  -0.537475  0.810173  -0.052497  0.004199  0.055699  -0.898138  0.650146  -0.608524  1.000000  
210.119305 0.026811  0.002036  -0.020934  0.549009  0.761200  0.345200  -0.802288  0.364136  0.473011  0.234356  -0.536637  0.810616  -0.052785  0.004245  0.056013  -0.911202  0.662183  -0.616922  1.000000  
210.120553 0.026741  0.002040  -0.020863  0.550129  0.761090  0.343657  -0.801444  0.365574  0.473332  0.234616  -0.535816  0.811084  -0.053089  0.004294  0.056575  -0.924288  0.672856  -0.634095  1.000000  
210.121561 0.026684  0.002042  -0.020805  0.550754  0.761161  0.342498  -0.800939  0.366484  0.473482  0.234876  -0.535092  0.811486  -0.053441  0.004268  0.057097  -0.932328  0.675885  -0.631834  1.000000  
210.122806 0.026613  0.002046  -0.020731  0.551707  0.761120  0.341051  -0.800207  0.367766  0.473727  0.235136  -0.534270  0.811952  -0.053805  0.004260  0.057504  -0.943046  0.679594  -0.638429  1.000000  
210.123806 0.026556  0.002050  -0.020672  0.552494  0.761111  0.339794  -0.799586  0.368834  0.473944  0.235396  -0.533546  0.812353  -0.054261  0.004166  0.057597  -0.951832  0.688040  -0.647348  1.000000  
210.125056 0.026485  0.002056  -0.020600  0.553446  0.761106  0.338253  -0.798852  0.370175  0.474138  0.235656  -0.532624  0.812882  -0.054764  0.004041  0.057354  -0.968120  0.693074  -0.653335  1.000000  
210.126124 0.026428  0.002061  -0.020544  0.554232  0.761092  0.336995  -0.798230  0.371244  0.474350  0.235917  -0.531899  0.813281  -0.054905  0.004019  0.056609  -0.977495  0.698452  -0.663446  1.000000  
210.127303 0.026356  0.002069  -0.020476  0.555181  0.761122  0.335362  -0.797493  0.372643  0.474492  0.236177  -0.530878  0.813873  -0.055661  0.004034  0.056276  -0.999429  0.704916  -0.668738  1.000000  
210.128554 0.026284  0.002075  -0.020409  0.556112  0.761148  0.333758  -0.796728  0.373926  0.474766  0.236567  -0.529937  0.814373  -0.056250  0.003884  0.055725  -1.013369  0.711605  -0.672319  1.000000  
210.129556 0.026224  0.002080  -0.020354  0.556731  0.761284  0.332411  -0.796218  0.374955  0.474811  0.236827  -0.529013  0.814898  -0.056735  0.003783  0.055620  -1.032608  0.713100  -0.672873  1.000000  
210.130805 0.026149  0.002085  -0.020284  0.557660  0.761304  0.330805  -0.795452  0.376240  0.475078  0.237217  -0.528072  0.815395  -0.057183  0.003824  0.055797  -1.043774  0.721470  -0.674078  1.000000  
210.132055 0.026074  0.002087  -0.020209  0.558587  0.761360  0.329107  -0.794685  0.377584  0.475297  0.237606  -0.527031  0.815955  -0.057642  0.003752  0.056434  -1.061888  0.728188  -0.677817  1.000000  
210.133055 0.026014  0.002090  -0.020146  0.559205  0.761449  0.327851  -0.794172  0.378557  0.475379  0.237866  -0.526204  0.816412  -0.057891  0.003777  0.057087  -1.070451  0.727726  -0.678521  1.000000  
210.134305 0.025941  0.002094  -0.020068  0.560130  0.761459  0.326243  -0.793403  0.379844  0.475637  0.238256  -0.525261  0.816906  -0.058058  0.003897  0.057783  -1.080285  0.734298  -0.682150  1.000000  
210.135555 0.025867  0.002097  -0.019989  0.560891  0.761584  0.324641  -0.792748  0.381033  0.475778  0.238646  -0.524218  0.817462  -0.058320  0.003868  0.058381  -1.088690  0.737229  -0.680426  1.000000  
210.136803 0.025795  0.002101  -0.019914  0.561815  0.761587  0.323032  -0.791976  0.382322  0.476029  0.239036  -0.523273  0.817953  -0.058352  0.003927  0.058450  -1.093005  0.743951  -0.676237  1.000000  
210.137827 0.025738  0.002105  -0.019856  0.562429  0.761666  0.321774  -0.791461  0.383297  0.476102  0.239296  -0.522445  0.818406  -0.058245  0.003978  0.058187  -1.098292  0.741515  -0.670800  1.000000  
210.139056 0.025668  0.002110  -0.019786  0.563351  0.761663  0.320163  -0.790687  0.384587  0.476347  0.239685  -0.521500  0.818895  -0.058240  0.003946  0.058084  -1.103627  0.745173  -0.669605  1.000000  
210.140056 0.025613  0.002114  -0.019733  0.564109  0.761660  0.318835  -0.790029  0.385605  0.476616  0.240075  -0.520753  0.819256  -0.058157  0.003835  0.057798  -1.107952  0.752131  -0.665210  1.000000  
210.141307 0.025547  0.002120  -0.019663  0.565047  0.761611  0.317288  -0.789279  0.386953  0.476766  0.240335  -0.519823  0.819770  -0.057839  0.003744  0.057831  -1.108189  0.751355  -0.665964  1.000000  
210.142549 0.025479  0.002124  -0.019590  0.565965  0.761637  0.315583  -0.788502  0.388303  0.476954  0.240724  -0.518777  0.820318  -0.057525  0.003565  0.058171  -1.111536  0.751987  -0.656380  1.000000  
210.143553 0.025425  0.002126  -0.019529  0.566901  0.761543  0.314126  -0.787750  0.389594  0.477144  0.240984  -0.517946  0.820767  -0.057247  0.003403  0.058645  -1.120870  0.757450  -0.662421  1.000000  
210.144799 0.025359  0.002130  -0.019450  0.567817  0.761525  0.312513  -0.786971  0.390887  0.477372  0.241374  -0.516999  0.821250  -0.056794  0.003238  0.059336  -1.120071  0.754291  -0.655217  1.000000  
210.146048 0.025292  0.002133  -0.019371  0.568874  0.761500  0.310644  -0.786047  0.392339  0.477703  0.241893  -0.515933  0.821767  -0.056117  0.003151  0.059919  -1.124556  0.761014  -0.651196  1.000000  
210.147048 0.025240  0.002135  -0.019307  0.569807  0.761396  0.309185  -0.785291  0.393632  0.477882  0.242153  -0.515101  0.822212  -0.055631  0.003138  0.060132  -1.134521  0.764034  -0.657384  1.000000  
210.148050 0.025188  0.002137  -0.019244  0.570881  0.761249  0.307564  -0.784391  0.395026  0.478211  0.242542  -0.514252  0.822629  -0.055048  0.003108  0.060184  -1.142107  0.778131  -0.664413  1.000000  
210.149298 0.025124  0.002141  -0.019167  0.571953  0.761172  0.305756  -0.783488  0.396536  0.478440  0.242932  -0.513202  0.823170  -0.054451  0.003113  0.060103  -1.152271  0.780988  -0.670816  1.000000  
210.150548 0.025062  0.002146  -0.019091  0.573185  0.761046  0.303758  -0.782467  0.398262  0.478678  0.243321  -0.512052  0.823771  -0.053697  0.003279  0.059881  -1.166297  0.787474  -0.674810  1.000000  
210.151565 0.025012  0.002151  -0.019032  0.574112  0.760928  0.302297  -0.781706  0.399557  0.478843  0.243580  -0.511218  0.824212  -0.053016  0.003345  0.059731  -1.177357  0.796567  -0.686471  1.000000  
210.152797 0.024952  0.002158  -0.018956  0.575322  0.760796  0.300324  -0.780654  0.401171  0.479210  0.244099  -0.510149  0.824720  -0.052501  0.003535  0.060130  -1.185812  0.807992  -0.694006  1.000000  
210.153798 0.024904  0.002162  -0.018895  0.576247  0.760671  0.298863  -0.779890  0.402466  0.479367  0.244359  -0.509314  0.825159  -0.051902  0.003554  0.060390  -1.191807  0.810926  -0.700324  1.000000  
210.154803 0.024856  0.002167  -0.018831  0.577312  0.760501  0.297237  -0.778980  0.403863  0.479672  0.244748  -0.508462  0.825570  -0.051360  0.003575  0.061124  -1.199266  0.821003  -0.709713  1.000000  
210.155806 0.024808  0.002171  -0.018766  0.578375  0.760291  0.295702  -0.778068  0.405202  0.480022  0.245137  -0.507709  0.825917  -0.051013  0.003605  0.061690  -1.202734  0.834958  -0.716761  1.000000  
210.157055 0.024747  0.002175  -0.018685  0.579757  0.760018  0.293692  -0.776916  0.407030  0.480341  0.245526  -0.506655  0.826449  -0.050567  0.003589  0.062346  -1.208293  0.844842  -0.734683  1.000000  
210.158056 0.024698  0.002179  -0.018620  0.580817  0.759836  0.292064  -0.776001  0.408428  0.480633  0.245916  -0.505802  0.826856  -0.050204  0.003645  0.062758  -1.217597  0.858523  -0.749855  1.000000  
210.159299 0.024637  0.002183  -0.018541  0.582015  0.759642  0.290177  -0.774938  0.409988  0.481020  0.246434  -0.504830  0.827295  -0.049946  0.003703  0.062765  -1.213482  0.868521  -0.759775  1.000000  
210.160304 0.024588  0.002187  -0.018481  0.583071  0.759418  0.288639  -0.774020  0.411330  0.481354  0.246823  -0.504076  0.827639  -0.049558  0.003750  0.062464  -1.212913  0.878489  -0.769256  1.000000  
210.161548 0.024526  0.002192  -0.018407  0.584266  0.759216  0.286750  -0.772953  0.412891  0.481732  0.247342  -0.503103  0.828075  -0.049240  0.003933  0.062057  -1.216888  0.888523  -0.779099  1.000000  
210.162798 0.024465  0.002197  -0.018335  0.585458  0.759043  0.284768  -0.771884  0.414511  0.482054  0.247860  -0.502030  0.828572  -0.049103  0.004020  0.061652  -1.222444  0.901899  -0.794656  1.000000  
210.163798 0.024415  0.002201  -0.018276  0.586330  0.758968  0.283167  -0.771054  0.415703  0.482355  0.248379  -0.501157  0.828945  -0.048967  0.004135  0.061407  -1.228606  0.912198  -0.796297  1.000000  
210.164798 0.024366  0.002207  -0.018216  0.587222  0.758816  0.281725  -0.770250  0.416890  0.482615  0.248768  -0.500401  0.829285  -0.048841  0.004302  0.061366  -1.228369  0.922304  -0.806040  1.000000  
210.166048 0.024305  0.002215  -0.018139  0.588388  0.758637  0.279765  -0.769150  0.418401  0.483063  0.249416  -0.499410  0.829688  -0.048817  0.004405  0.061578  -1.230168  0.939553  -0.819356  1.000000  
210.167303 0.024244  0.002222  -0.018059  0.589553  0.758488  0.277711  -0.768047  0.419971  0.483454  0.250063  -0.498317  0.830150  -0.048792  0.004479  0.061884  -1.237810  0.952815  -0.826657  1.000000  
210.168569 0.024182  0.002231  -0.017976  0.590557  0.758420  0.275756  -0.767064  0.421387  0.483783  0.250711  -0.497224  0.830610  -0.048850  0.004653  0.062220  -1.245892  0.966495  -0.837564  1.000000  
210.169799 0.024120  0.002238  -0.017892  0.591716  0.758294  0.273608  -0.765957  0.423019  0.484112  0.251359  -0.496029  0.831128  -0.049069  0.004755  0.062645  -1.257975  0.979842  -0.841936  1.000000  
210.170818 0.024069  0.002244  -0.017827  0.592559  0.758239  0.271933  -0.765093  0.424163  0.484478  0.252006  -0.495136  0.831465  -0.049198  0.004894  0.062483  -1.258686  0.990685  -0.839074  1.000000  
210.172057 0.024006  0.002251  -0.017748  0.593715  0.758103  0.269782  -0.763982  0.425797  0.484797  0.252653  -0.493940  0.831979  -0.049436  0.005078  0.062352  -1.271341  1.004595  -0.847156  1.000000  
210.173059 0.023955  0.002257  -0.017686  0.594554  0.758040  0.268106  -0.763115  0.426943  0.485155  0.253301  -0.493046  0.832313  -0.049511  0.005221  0.062178  -1.273612  1.018684  -0.846670  1.000000  
210.174309 0.023890  0.002264  -0.017610  0.595685  0.757903  0.265976  -0.761974  0.428469  0.485603  0.254077  -0.491933  0.832735  -0.049762  0.005404  0.062063  -1.279828  1.032351  -0.846161  1.000000  
210.175570 0.023825  0.002271  -0.017533  0.596813  0.757824  0.263660  -0.760831  0.430113  0.485940  0.254854  -0.490616  0.833274  -0.049943  0.005542  0.062148  -1.289963  1.045729  -0.845768  1.000000  
210.176798 0.023761  0.002278  -0.017453  0.597938  0.757676  0.261527  -0.759686  0.431642  0.486376  0.255630  -0.489502  0.833692  -0.050203  0.005736  0.062734  -1.293400  1.060384  -0.846229  1.000000  
210.178048 0.023696  0.002285  -0.017371  0.599040  0.757564  0.259323  -0.758512  0.433120  0.486894  0.256535  -0.488369  0.834078  -0.050387  0.005801  0.063389  -1.293353  1.069296  -0.836650  1.000000  
210.179298 0.023632  0.002292  -0.017287  0.600316  0.757285  0.257178  -0.757240  0.434748  0.487424  0.257311  -0.487354  0.834432  -0.050579  0.005814  0.064064  -1.293448  1.086504  -0.842141  1.000000  
210.180298 0.023581  0.002298  -0.017218  0.601299  0.757108  0.255394  -0.756239  0.436058  0.487808  0.257957  -0.486457  0.834756  -0.050782  0.005831  0.064578  -1.291033  1.098801  -0.839939  1.000000  
210.181299 0.023529  0.002303  -0.017150  0.602281  0.756929  0.253608  -0.755236  0.437368  0.488188  0.258604  -0.485560  0.835078  -0.050997  0.005795  0.064890  -1.292452  1.107213  -0.838265  1.000000  
210.182548 0.023464  0.002310  -0.017064  0.603704  0.756545  0.251357  -0.753833  0.439155  0.488753  0.259379  -0.484544  0.835428  -0.051184  0.005763  0.065190  -1.292601  1.124417  -0.843863  1.000000  
210.183548 0.023412  0.002316  -0.016998  0.604703  0.756286  0.249731  -0.752853  0.440458  0.489090  0.259896  -0.483765  0.835719  -0.051410  0.005678  0.065303  -1.290893  1.130799  -0.848158  1.000000  
210.184548 0.023360  0.002321  -0.016932  0.605678  0.756064  0.248033  -0.751846  0.441711  0.489510  0.260542  -0.482968  0.835978  -0.051563  0.005586  0.065093  -1.289448  1.145061  -0.848062  1.000000  
210.185553 0.023307  0.002326  -0.016864  0.606806  0.755778  0.246142  -0.750711  0.443180  0.489922  0.261188  -0.482069  0.836296  -0.051701  0.005556  0.065357  -1.295818  1.155158  -0.850014  1.000000  
210.186798 0.023242  0.002332  -0.016779  0.608064  0.755466  0.243986  -0.749423  0.444815  0.490414  0.261962  -0.481051  0.836639  -0.051809  0.005506  0.065699  -1.292835  1.161887  -0.846705  1.000000  
210.187818 0.023189  0.002338  -0.016710  0.609032  0.755234  0.242285  -0.748410  0.446070  0.490820  0.262608  -0.480254  0.836895  -0.051854  0.005495  0.066161  -1.287807  1.170811  -0.838204  1.000000  
210.189054 0.023122  0.002344  -0.016619  0.610438  0.754849  0.239933  -0.746991  0.447922  0.491295  0.263383  -0.479133  0.837294  -0.052050  0.005424  0.067097  -1.296592  1.184551  -0.846496  1.000000  
210.190057 0.023069  0.002350  -0.016543  0.611556  0.754516  0.238128  -0.745848  0.449334  0.491742  0.264028  -0.478335  0.837547  -0.052156  0.005436  0.068150  -1.295947  1.195797  -0.850737  1.000000  
210.191057 0.023015  0.002356  -0.016467  0.612518  0.754272  0.236423  -0.744829  0.450592  0.492135  0.264673  -0.477536  0.837799  -0.052338  0.005452  0.069037  -1.297383  1.205065  -0.850597  1.000000  
210.192301 0.022947  0.002364  -0.016372  0.613914  0.753843  0.234158  -0.743402  0.452386  0.492645  0.265447  -0.476516  0.838135  -0.052554  0.005552  0.070021  -1.302000  1.218700  -0.858800  1.000000  
210.193305 0.022893  0.002370  -0.016295  0.615024  0.753470  0.232441  -0.742253  0.453741  0.493132  0.266092  -0.475818  0.838327  -0.052737  0.005566  0.070676  -1.298056  1.228343  -0.868801  1.000000  
210.194548 0.022823  0.002379  -0.016200  0.616414  0.753002  0.230264  -0.740821  0.455477  0.493685  0.266866  -0.474899  0.838602  -0.053116  0.005666  0.071358  -1.298780  1.242138  -0.877076  1.000000  
210.195798 0.022754  0.002388  -0.016106  0.617953  0.752435  0.227983  -0.739259  0.457368  0.494278  0.267639  -0.473979  0.838876  -0.053436  0.005791  0.071866  -1.301081  1.255079  -0.893178  1.000000  
210.197048 0.022682  0.002396  -0.016015  0.619183  0.752050  0.225905  -0.737948  0.458950  0.494770  0.268413  -0.473059  0.839148  -0.053904  0.005927  0.072325  -1.295980  1.261432  -0.897980  1.000000  
210.198298 0.022610  0.002405  -0.015922  0.620713  0.751444  0.223712  -0.736379  0.460783  0.495404  0.269186  -0.472241  0.839361  -0.054385  0.006042  0.072852  -1.290936  1.274286  -0.915566  1.000000  
210.199298 0.022550  0.002412  -0.015846  0.621809  0.751050  0.221986  -0.735218  0.462140  0.495865  0.269830  -0.471541  0.839548  -0.054830  0.006162  0.073479  -1.283978  1.287069  -0.930004  1.000000  
210.200300 0.022491  0.002418  -0.015768  0.622902  0.750652  0.220260  -0.734055  0.463497  0.496321  0.270474  -0.470842  0.839733  -0.055351  0.006239  0.074204  -1.280219  1.296647  -0.940143  1.000000  
210.201301 0.022431  0.002425  -0.015690  0.623993  0.750225  0.218623  -0.732890  0.464794  0.496829  0.271118  -0.470244  0.839860  -0.055826  0.006384  0.074946  -1.268083  1.299205  -0.948290  1.000000  
210.202548 0.022355  0.002434  -0.015589  0.625359  0.749696  0.216525  -0.731438  0.466473  0.497394  0.271891  -0.469424  0.840069  -0.056537  0.006576  0.075999  -1.260660  1.308579  -0.958648  1.000000  
210.203798 0.022279  0.002445  -0.015487  0.626721  0.749161  0.214425  -0.729983  0.468153  0.497953  0.272664  -0.468604  0.840276  -0.057168  0.006806  0.076697  -1.253403  1.314097  -0.971256  1.000000  
210.204818 0.022217  0.002453  -0.015405  0.627977  0.748586  0.212755  -0.728710  0.469652  0.498406  0.273178  -0.468024  0.840433  -0.057712  0.007004  0.077102  -1.241445  1.318648  -0.990041  1.000000  
210.206056 0.022140  0.002465  -0.015304  0.629182  0.748114  0.210845  -0.727379  0.471118  0.498966  0.273951  -0.467305  0.840581  -0.058327  0.007305  0.077588  -1.224601  1.317265  -0.999420  1.000000  
210.207308 0.022062  0.002478  -0.015203  0.630510  0.747581  0.208757  -0.725889  0.472690  0.499650  0.274851  -0.466569  0.840696  -0.059032  0.007624  0.077868  -1.213010  1.326320  -1.009510  1.000000  
210.208550 0.021984  0.002491  -0.015102  0.631709  0.747101  0.206844  -0.724552  0.474156  0.500199  0.275623  -0.465850  0.840842  -0.059659  0.007888  0.078250  -1.204165  1.328870  -1.016475  1.000000  
210.209806 0.021905  0.002504  -0.015000  0.633053  0.746519  0.204826  -0.723084  0.475777  0.500786  0.276395  -0.465130  0.840987  -0.060337  0.008227  0.078750  -1.190888  1.326902  -1.025322  1.000000  
210.211049 0.021826  0.002518  -0.014896  0.634393  0.745907  0.202897  -0.721612  0.477336  0.501424  0.277166  -0.464513  0.841075  -0.060981  0.008566  0.079623  -1.173865  1.329378  -1.032256  1.000000  
210.212050 0.021761  0.002527  -0.014812  0.635458  0.745424  0.201337  -0.720427  0.478575  0.501947  0.277809  -0.464015  0.841138  -0.061440  0.008771  0.080314  -1.162477  1.332365  -1.030617  1.000000  
210.213298 0.021681  0.002540  -0.014704  0.636792  0.744805  0.199403  -0.718950  0.480134  0.502575  0.278580  -0.463397  0.841223  -0.061936  0.009038  0.081227  -1.151466  1.334097  -1.037866  1.000000  
210.214548 0.021599  0.002553  -0.014594  0.638270  0.744059  0.197455  -0.717339  0.481786  0.503296  0.279351  -0.462881  0.841252  -0.062478  0.009344  0.082249  -1.136228  1.339616  -1.050141  1.000000  
210.215548 0.021534  0.002562  -0.014507  0.639350  0.743524  0.195965  -0.716175  0.483071  0.503722  0.279865  -0.462400  0.841345  -0.062829  0.009501  0.082861  -1.121158  1.335016  -1.053214  1.000000  
210.216798 0.021454  0.002576  -0.014399  0.640846  0.742729  0.194088  -0.714586  0.484768  0.504349  0.280507  -0.461902  0.841405  -0.063121  0.009760  0.083370  -1.105649  1.336396  -1.067518  1.000000  
210.217798 0.021390  0.002586  -0.014311  0.642068  0.742065  0.192582  -0.713286  0.486143  0.504865  0.281021  -0.461524  0.841441  -0.063344  0.009998  0.083930  -1.094915  1.339108  -1.082538  1.000000  
210.218800 0.021326  0.002597  -0.014225  0.643288  0.741375  0.191164  -0.711983  0.487456  0.505437  0.281534  -0.461247  0.841421  -0.063586  0.010194  0.084182  -1.072875  1.336902  -1.090445  1.000000  
210.220052 0.021248  0.002610  -0.014118  0.644771  0.740569  0.189282  -0.710385  0.489151  0.506048  0.282176  -0.460748  0.841480  -0.063613  0.010322  0.084421  -1.055765  1.335268  -1.099196  1.000000  
210.221058 0.021185  0.002621  -0.014031  0.646105  0.739813  0.187681  -0.708916  0.490570  0.506734  0.282818  -0.460453  0.841425  -0.063714  0.010399  0.084881  -1.038868  1.344485  -1.116694  1.000000  
210.222306 0.021106  0.002635  -0.013921  0.647701  0.738916  0.185703  -0.707150  0.492308  0.507515  0.283588  -0.460038  0.841394  -0.063726  0.010464  0.085463  -1.023434  1.349820  -1.128708  1.000000  
