1-Time 2-Px 3-Py 4-Pz 5-R11 6-R21 7-R31 8-R12 9-R22 10-R32 11-R13 12-R23 13-R33 14-Vx 15-Vy 16-Vz 17-Wx 18-Wy 19-Wz 20-state
14.030478 -0.005421  -0.011075  -0.042789  0.797239  0.601314  0.053210  -0.529795  0.739211  -0.415794  -0.289356  0.303296  0.907901  0.002764  -0.000491  -0.014175  -0.649353  -0.111152  0.573283  1.000000  
14.031526 -0.005419  -0.011075  -0.042798  0.796989  0.601671  0.052921  -0.530102  0.738790  -0.416152  -0.289484  0.303615  0.907754  0.002757  -0.000485  -0.014118  -0.650161  -0.108045  0.574904  1.000000  
14.032553 -0.005412  -0.011077  -0.042782  0.796847  0.601876  0.052718  -0.530244  0.738492  -0.416499  -0.289612  0.303933  0.907607  0.003118  -0.000578  -0.012028  -0.642999  -0.104148  0.563772  1.000000  
14.033775 -0.005399  -0.011080  -0.042738  0.796924  0.601784  0.052613  -0.530059  0.738391  -0.416913  -0.289740  0.304361  0.907422  0.003731  -0.000747  -0.007951  -0.632454  -0.105012  0.539483  1.000000  
14.034781 -0.005390  -0.011081  -0.042703  0.796924  0.601796  0.052467  -0.530059  0.738290  -0.417093  -0.289740  0.304581  0.907348  0.007761  -0.001568  0.021453  -0.615503  -0.103272  0.522271  1.000000  
14.035808 -0.005382  -0.011078  -0.042683  0.796924  0.601809  0.052321  -0.530059  0.738188  -0.417272  -0.289740  0.304801  0.907274  0.007799  -0.000691  0.021108  -0.602856  -0.094310  0.504952  1.000000  
14.037042 -0.005374  -0.011069  -0.042675  0.796815  0.601974  0.052089  -0.530223  0.737963  -0.417461  -0.289740  0.305021  0.907200  0.007562  0.000896  0.018153  -0.589090  -0.083417  0.494752  1.000000  
14.038299 -0.005370  -0.011058  -0.042674  0.796641  0.602206  0.052059  -0.530344  0.737693  -0.417786  -0.289997  0.305216  0.907053  0.006810  0.002164  0.015347  -0.573041  -0.087365  0.482184  1.000000  
14.039532 -0.005370  -0.011049  -0.042670  0.796577  0.602293  0.052042  -0.530301  0.737495  -0.418189  -0.290253  0.305521  0.906868  0.005870  0.002917  0.013626  -0.559369  -0.089145  0.462139  1.000000  
14.040814 -0.005368  -0.011044  -0.042655  0.796512  0.602374  0.052098  -0.530258  0.737349  -0.418502  -0.290509  0.305717  0.906720  0.005286  0.003052  0.013376  -0.540717  -0.090826  0.441360  1.000000  
14.042050 -0.005365  -0.011042  -0.042631  0.796338  0.602607  0.052067  -0.530379  0.737078  -0.418826  -0.290765  0.305912  0.906573  0.004966  0.002917  0.014051  -0.522896  -0.092661  0.421279  1.000000  
14.043296 -0.005364  -0.011038  -0.042599  0.796306  0.602641  0.052168  -0.530357  0.737055  -0.418893  -0.290893  0.305899  0.906536  0.004598  0.002915  0.015163  -0.496732  -0.090266  0.399657  1.000000  
14.044529 -0.005364  -0.011035  -0.042563  0.796273  0.602675  0.052269  -0.530335  0.737032  -0.418960  -0.291021  0.305887  0.906499  0.004137  0.002891  0.016455  -0.466805  -0.091420  0.376450  1.000000  
14.045536 -0.005364  -0.011032  -0.042527  0.796241  0.602702  0.052443  -0.530314  0.737060  -0.418938  -0.291149  0.305764  0.906499  0.003907  0.002863  0.017748  -0.440272  -0.089804  0.357832  1.000000  
14.046544 -0.005360  -0.011031  -0.042481  0.796241  0.602696  0.052516  -0.530314  0.737111  -0.418849  -0.291149  0.305654  0.906536  0.003884  0.002999  0.021513  -0.413756  -0.087425  0.335988  1.000000  
14.047778 -0.005351  -0.011029  -0.042415  0.796241  0.602683  0.052662  -0.530314  0.737213  -0.418670  -0.291149  0.305435  0.906610  0.003831  0.003313  0.023825  -0.375449  -0.080860  0.313075  1.000000  
14.049029 -0.005337  -0.011022  -0.042357  0.796241  0.602670  0.052809  -0.530314  0.737314  -0.418491  -0.291149  0.305215  0.906684  0.003938  0.003999  0.024616  0.000000  0.000000  0.000000  1.000000  
14.050029 -0.005325  -0.011010  -0.042324  0.796022  0.602968  0.052709  -0.530642  0.737117  -0.418423  -0.291149  0.305105  0.906721  0.004143  0.004789  0.024874  0.000000  0.000000  0.000000  1.000000  
14.051292 -0.005316  -0.010991  -0.042301  0.795804  0.603271  0.052537  -0.530969  0.736869  -0.418445  -0.291149  0.305105  0.906721  0.004208  0.005622  0.025128  0.000000  0.000000  0.000000  1.000000  
14.052530 -0.005314  -0.010971  -0.042279  0.795443  0.603760  0.052380  -0.531439  0.736473  -0.418545  -0.291277  0.305092  0.906684  0.003853  0.006169  0.026814  0.000000  0.000000  0.000000  1.000000  
14.053778 -0.005315  -0.010953  -0.042238  0.795334  0.603924  0.052147  -0.531603  0.736247  -0.418734  -0.291277  0.305312  0.906610  0.003676  0.006759  0.029030  0.000000  0.000000  0.000000  1.000000  
14.054778 -0.005314  -0.010941  -0.042186  0.795225  0.604082  0.051987  -0.531767  0.736072  -0.418834  -0.291277  0.305422  0.906573  0.003804  0.007188  0.032401  0.000000  0.000000  0.000000  1.000000  
14.055779 -0.005312  -0.010933  -0.042125  0.795115  0.604234  0.051901  -0.531930  0.735948  -0.418845  -0.291277  0.305422  0.906573  0.003743  0.007411  0.035435  0.000000  0.000000  0.000000  1.000000  
14.056779 -0.005310  -0.010926  -0.042059  0.794928  0.604503  0.051628  -0.532279  0.735722  -0.418799  -0.291149  0.305435  0.906610  0.003771  0.007744  0.038526  0.000000  0.000000  0.000000  1.000000  
14.057794 -0.005307  -0.010919  -0.041997  0.794774  0.604731  0.051327  -0.532650  0.735569  -0.418596  -0.290893  0.305349  0.906721  0.003872  0.008130  0.041310  0.000000  0.000000  0.000000  1.000000  
14.059036 -0.005302  -0.010906  -0.041931  0.794477  0.605145  0.051041  -0.533162  0.735269  -0.418471  -0.290765  0.305252  0.906795  0.004097  0.008645  0.043149  -0.128074  -0.000612  0.162021  1.000000  
14.060282 -0.005297  -0.010890  -0.041883  0.794290  0.605396  0.050989  -0.533511  0.735195  -0.418156  -0.290637  0.304934  0.906943  0.004496  0.009510  0.043610  -0.114362  0.007932  0.166400  1.000000  
14.061283 -0.005291  -0.010875  -0.041856  0.794102  0.605652  0.050863  -0.533860  0.735069  -0.417931  -0.290509  0.304727  0.907054  0.004639  0.010464  0.042534  -0.098278  0.018345  0.167029  1.000000  
14.062347 -0.005283  -0.010860  -0.041831  0.794057  0.605717  0.050796  -0.534067  0.735142  -0.417539  -0.290253  0.304421  0.907238  0.004708  0.011452  0.040325  -0.068442  0.029156  0.157631  1.000000  
14.063531 -0.005270  -0.010841  -0.041796  0.793791  0.606085  0.050557  -0.534600  0.734965  -0.417167  -0.289997  0.304116  0.907422  0.004844  0.012272  0.038788  -0.048002  0.050412  0.178648  1.000000  
14.064778 -0.005254  -0.010824  -0.041756  0.793557  0.606420  0.050218  -0.535156  0.734811  -0.416727  -0.289612  0.303822  0.907643  0.004878  0.012640  0.038326  -0.033325  0.068949  0.191656  1.000000  
14.065779 -0.005244  -0.010811  -0.041725  0.793401  0.606643  0.049992  -0.535526  0.734708  -0.416434  -0.289356  0.303627  0.907791  0.004925  0.012487  0.039314  -0.021117  0.081662  0.201474  1.000000  
14.067031 -0.005235  -0.010797  -0.041679  0.793166  0.606989  0.049507  -0.536080  0.734452  -0.416171  -0.288972  0.303554  0.907937  0.005281  0.012199  0.040692  -0.012899  0.098495  0.209559  1.000000  
14.068033 -0.005230  -0.010786  -0.041635  0.793120  0.607073  0.049220  -0.536287  0.734372  -0.416045  -0.288716  0.303578  0.908011  0.005770  0.011744  0.042213  -0.004850  0.116429  0.205616  1.000000  
14.069281 -0.005223  -0.010776  -0.041568  0.792853  0.607454  0.048835  -0.536820  0.734093  -0.415851  -0.288460  0.303492  0.908121  0.006143  0.011384  0.043094  0.001366  0.138603  0.216815  1.000000  
14.070529 -0.005213  -0.010766  -0.041499  0.792617  0.607806  0.048277  -0.537375  0.733786  -0.415676  -0.288075  0.303529  0.908231  0.006711  0.011324  0.042403  0.007557  0.166051  0.228372  1.000000  
14.071780 -0.005198  -0.010756  -0.041439  0.792412  0.608125  0.047618  -0.537951  0.733502  -0.415433  -0.287563  0.303578  0.908377  0.007468  0.011377  0.040932  0.005683  0.197724  0.238554  1.000000  
14.073031 -0.005180  -0.010743  -0.041394  0.792460  0.608113  0.046956  -0.538222  0.733440  -0.415190  -0.286922  0.303749  0.908522  0.008387  0.011599  0.039291  0.005761  0.223157  0.230058  1.000000  
14.074292 -0.005162  -0.010725  -0.041358  0.792540  0.608063  0.046267  -0.538514  0.733452  -0.414790  -0.286153  0.303822  0.908740  0.009363  0.011883  0.037433  0.003906  0.256819  0.228113  1.000000  
14.075532 -0.005142  -0.010703  -0.041321  0.792587  0.608045  0.045679  -0.538785  0.733441  -0.414457  -0.285512  0.303883  0.908922  0.010292  0.012155  0.037179  -0.002067  0.282286  0.224094  1.000000  
14.076534 -0.005126  -0.010686  -0.041282  0.792602  0.608056  0.045265  -0.539034  0.733458  -0.414104  -0.284999  0.303821  0.909103  0.010976  0.012271  0.038075  -0.003965  0.301344  0.224758  1.000000  
14.077781 -0.005103  -0.010669  -0.041217  0.792760  0.607883  0.044836  -0.539141  0.733622  -0.413673  -0.284357  0.303771  0.909321  0.011666  0.012226  0.040125  -0.007969  0.325021  0.219475  1.000000  
14.079028 -0.005081  -0.010658  -0.041140  0.792965  0.607626  0.044693  -0.539042  0.733866  -0.413370  -0.283973  0.303697  0.909466  0.012181  0.011756  0.042664  -0.009911  0.332917  0.207265  1.000000  
14.080038 -0.005064  -0.010653  -0.041077  0.793059  0.607519  0.044464  -0.539106  0.733985  -0.413076  -0.283588  0.303622  0.909611  0.012534  0.011112  0.044953  -0.005954  0.344160  0.192143  1.000000  
14.081283 -0.005048  -0.010647  -0.041004  0.793185  0.607380  0.044136  -0.539191  0.734126  -0.412713  -0.283074  0.303560  0.909791  0.012899  0.010538  0.047026  0.002155  0.354244  0.172565  1.000000  
14.082529 -0.005037  -0.010640  -0.040944  0.793310  0.607235  0.043880  -0.539276  0.734318  -0.412261  -0.282561  0.303387  0.910009  0.013007  0.010125  0.047604  0.016204  0.369014  0.146792  1.000000  
14.083779 -0.005030  -0.010633  -0.040891  0.793657  0.606793  0.043721  -0.539034  0.734709  -0.411880  -0.282048  0.303325  0.910189  0.013211  0.009861  0.046849  0.034591  0.382855  0.123443  1.000000  
14.084780 -0.005020  -0.010627  -0.040852  0.793861  0.606530  0.043650  -0.538934  0.735002  -0.411488  -0.281663  0.303139  0.910370  0.013351  0.009666  0.045716  0.050831  0.391399  0.106612  1.000000  
14.086029 -0.005003  -0.010620  -0.040800  0.794208  0.606083  0.043563  -0.538692  0.735442  -0.411018  -0.281149  0.302966  0.910586  0.013580  0.009485  0.044935  0.067009  0.395937  0.077283  1.000000  
14.087303 -0.004983  -0.010613  -0.040741  0.794443  0.605786  0.043392  -0.538613  0.735758  -0.410557  -0.280635  0.302793  0.910802  0.013858  0.009163  0.045290  0.079000  0.399965  0.047887  1.000000  
14.088529 -0.004963  -0.010606  -0.040674  0.794567  0.605642  0.043135  -0.538697  0.735948  -0.410105  -0.280122  0.302619  0.911018  0.013964  0.008692  0.046996  0.086407  0.405379  0.030885  1.000000  
14.089529 -0.004949  -0.010599  -0.040611  0.794771  0.605385  0.042990  -0.538597  0.736191  -0.409801  -0.279736  0.302544  0.911161  0.013952  0.007982  0.049729  0.092325  0.407596  0.009403  1.000000  
14.090792 -0.004930  -0.010589  -0.040522  0.795086  0.604970  0.043003  -0.538332  0.736607  -0.409400  -0.279351  0.302358  0.911341  0.013919  0.007156  0.052904  0.094808  0.404597  -0.023231  1.000000  
14.092034 -0.004908  -0.010576  -0.040426  0.795320  0.604674  0.042830  -0.538252  0.736922  -0.408939  -0.278837  0.302184  0.911556  0.013863  0.006688  0.055536  0.098148  0.410553  -0.039716  1.000000  
14.093282 -0.004885  -0.010564  -0.040330  0.795524  0.604412  0.042757  -0.538151  0.737213  -0.408546  -0.278451  0.301998  0.911736  0.013962  0.006670  0.057132  0.095810  0.403746  -0.058228  1.000000  
14.094282 -0.004869  -0.010556  -0.040258  0.795727  0.604154  0.042612  -0.538050  0.737455  -0.408243  -0.278066  0.301923  0.911878  0.013811  0.006749  0.057623  0.096319  0.402937  -0.085197  1.000000  
14.095283 -0.004854  -0.010549  -0.040196  0.795930  0.603892  0.042539  -0.537949  0.737746  -0.407850  -0.277680  0.301736  0.912057  0.013754  0.006879  0.057718  0.106297  0.396658  -0.104003  1.000000  
14.096286 -0.004843  -0.010541  -0.040141  0.795992  0.603820  0.042410  -0.537990  0.737841  -0.407624  -0.277423  0.301649  0.912165  0.013729  0.007036  0.057593  0.108092  0.390342  -0.122802  1.000000  
14.097529 -0.004833  -0.010531  -0.040077  0.796084  0.603699  0.042400  -0.538052  0.738106  -0.407061  -0.277038  0.301241  0.912416  0.013621  0.007263  0.057820  0.125343  0.389400  -0.129376  1.000000  
14.098530 -0.004826  -0.010521  -0.040023  0.796287  0.603431  0.042399  -0.537951  0.738446  -0.406578  -0.276652  0.300944  0.912632  0.013812  0.007563  0.058874  0.142364  0.388579  -0.156974  1.000000  
14.099779 -0.004815  -0.010512  -0.039944  0.796379  0.603306  0.042462  -0.538013  0.738760  -0.405925  -0.276266  0.300425  0.912919  0.013729  0.007681  0.060490  0.168603  0.382369  -0.175768  1.000000  
14.101029 -0.004799  -0.010507  -0.039854  0.796501  0.603142  0.042496  -0.538096  0.739145  -0.405114  -0.275752  0.299807  0.913278  0.013628  0.007520  0.063039  0.195336  0.383628  -0.189504  1.000000  
14.102029 -0.004784  -0.010503  -0.039775  0.796482  0.603169  0.042475  -0.538321  0.739334  -0.404469  -0.275366  0.299287  0.913565  0.013469  0.007459  0.065562  0.223346  0.376247  -0.194479  1.000000  
14.103279 -0.004766  -0.010496  -0.039677  0.796524  0.603124  0.042324  -0.538588  0.739616  -0.403597  -0.274723  0.298680  0.913957  0.013379  0.007477  0.067425  0.249687  0.374195  -0.200643  1.000000  
14.104282 -0.004752  -0.010485  -0.039603  0.796534  0.603113  0.042275  -0.538835  0.739875  -0.402793  -0.274208  0.298060  0.914314  0.013323  0.007754  0.068341  0.270004  0.373350  -0.192663  1.000000  
14.105528 -0.004735  -0.010468  -0.039517  0.796575  0.603070  0.042124  -0.539101  0.740155  -0.401921  -0.273565  0.297451  0.914705  0.013234  0.008269  0.068249  0.294163  0.373334  -0.192497  1.000000  
14.106528 -0.004721  -0.010452  -0.039454  0.796585  0.603065  0.042002  -0.539347  0.740364  -0.401206  -0.273050  0.296941  0.915024  0.013099  0.008605  0.067422  0.310314  0.373414  -0.192378  1.000000  
14.107541 -0.004706  -0.010437  -0.039393  0.796595  0.603066  0.041806  -0.539593  0.740523  -0.400581  -0.272535  0.296542  0.915307  0.012818  0.008905  0.066061  0.323013  0.374209  -0.186070  1.000000  
14.108786 -0.004686  -0.010419  -0.039316  0.796554  0.603144  0.041472  -0.540044  0.740699  -0.399647  -0.271762  0.295943  0.915731  0.012677  0.009386  0.065066  0.337626  0.393365  -0.171210  1.000000  
14.110032 -0.004666  -0.010403  -0.039236  0.796400  0.603380  0.040983  -0.540658  0.740702  -0.398810  -0.270990  0.295455  0.916117  0.012715  0.009877  0.065074  0.345407  0.409208  -0.155100  1.000000  
14.111033 -0.004654  -0.010391  -0.039168  0.796469  0.603311  0.040658  -0.540944  0.740953  -0.397956  -0.270217  0.294966  0.916503  0.012755  0.010185  0.065782  0.362623  0.423242  -0.152709  1.000000  
14.112035 -0.004644  -0.010378  -0.039094  0.796425  0.603401  0.040178  -0.541394  0.741030  -0.397199  -0.269444  0.294587  0.916852  0.012933  0.010498  0.067493  0.370968  0.440181  -0.144116  1.000000  
14.113282 -0.004631  -0.010362  -0.038994  0.796522  0.603297  0.039825  -0.541699  0.741350  -0.396185  -0.268542  0.293997  0.917306  0.013180  0.010782  0.069715  0.380327  0.457708  -0.135728  1.000000  
14.114528 -0.004617  -0.010346  -0.038889  0.796536  0.603304  0.039436  -0.542189  0.741662  -0.394929  -0.267511  0.293194  0.917865  0.013368  0.011169  0.071481  0.400414  0.482741  -0.115470  1.000000  
14.115541 -0.004603  -0.010334  -0.038805  0.796602  0.603233  0.039185  -0.542473  0.741957  -0.393983  -0.266737  0.292591  0.918282  0.013523  0.011758  0.072352  0.412753  0.499508  -0.106698  1.000000  
14.116779 -0.004582  -0.010317  -0.038706  0.796643  0.603215  0.038621  -0.542982  0.742241  -0.392746  -0.265576  0.291908  0.918836  0.013736  0.012640  0.072503  0.428187  0.522965  -0.093666  1.000000  
14.117779 -0.004565  -0.010301  -0.038635  0.796707  0.603146  0.038369  -0.543266  0.742534  -0.391798  -0.264802  0.291304  0.919251  0.013883  0.013333  0.072005  0.444465  0.540192  -0.084313  1.000000  
14.118783 -0.004549  -0.010281  -0.038573  0.796800  0.603042  0.038089  -0.543569  0.742895  -0.390690  -0.263899  0.290598  0.919734  0.013991  0.014029  0.071102  0.460939  0.565498  -0.078228  1.000000  
14.120036 -0.004529  -0.010254  -0.038499  0.797062  0.602712  0.037832  -0.543748  0.743518  -0.389254  -0.262737  0.289689  0.920353  0.014191  0.014721  0.070120  0.487675  0.588990  -0.078405  1.000000  
14.121279 -0.004511  -0.010229  -0.038424  0.797210  0.602536  0.037494  -0.544090  0.744014  -0.387825  -0.261575  0.288778  0.920970  0.014243  0.015150  0.069685  0.512586  0.613969  -0.073052  1.000000  
14.122279 -0.004496  -0.010213  -0.038358  0.797441  0.602245  0.037264  -0.544248  0.744564  -0.386547  -0.260542  0.287968  0.921516  0.014207  0.015211  0.070210  0.539040  0.637168  -0.073225  1.000000  
14.123529 -0.004479  -0.010197  -0.038264  0.797728  0.601887  0.036903  -0.544444  0.745202  -0.385039  -0.259250  0.287065  0.922162  0.014018  0.015063  0.071340  0.568478  0.672318  -0.068936  1.000000  
14.124534 -0.004466  -0.010187  -0.038182  0.797986  0.601566  0.036569  -0.544619  0.745770  -0.383689  -0.258087  0.286262  0.922738  0.013873  0.014918  0.072542  0.592896  0.697883  -0.076716  1.000000  
14.125646 -0.004454  -0.010176  -0.038098  0.798213  0.601282  0.036264  -0.544775  0.746268  -0.382499  -0.257052  0.285560  0.923244  0.013629  0.014611  0.073127  0.613740  0.723469  -0.077991  1.000000  
14.126782 -0.004441  -0.010161  -0.037995  0.798525  0.600896  0.035797  -0.544987  0.746921  -0.380918  -0.255630  0.284663  0.923916  0.013670  0.014660  0.074542  0.634979  0.753812  -0.087881  1.000000  
14.127782 -0.004431  -0.010146  -0.037917  0.798863  0.600456  0.035641  -0.544977  0.747585  -0.379627  -0.254595  0.283847  0.924453  0.013676  0.014804  0.074580  0.662671  0.779648  -0.101269  1.000000  
14.128782 -0.004420  -0.010130  -0.037843  0.799228  0.599990  0.035309  -0.544985  0.748223  -0.378358  -0.253430  0.283151  0.924986  0.013799  0.015105  0.073781  0.674907  0.809616  -0.110241  1.000000  
14.130044 -0.004403  -0.010107  -0.037754  0.799675  0.599423  0.034814  -0.545049  0.749014  -0.376696  -0.251877  0.282259  0.925682  0.013814  0.015566  0.072588  0.692868  0.845911  -0.128046  1.000000  
14.131291 -0.004384  -0.010083  -0.037668  0.800093  0.598888  0.034419  -0.545092  0.749781  -0.375104  -0.250452  0.281356  0.926344  0.013687  0.016096  0.071557  0.711869  0.875723  -0.150078  1.000000  
14.132528 -0.004365  -0.010059  -0.037582  0.800621  0.598196  0.034172  -0.544969  0.750714  -0.373412  -0.249027  0.280339  0.927036  0.013596  0.016378  0.071419  0.723321  0.891306  -0.169440  1.000000  
14.133532 -0.004351  -0.010039  -0.037510  0.801093  0.597575  0.033982  -0.544808  0.751512  -0.372041  -0.247860  0.279525  0.927594  0.013447  0.016470  0.071812  0.742969  0.909985  -0.194558  1.000000  
14.134781 -0.004337  -0.010015  -0.037416  0.801591  0.596911  0.033905  -0.544664  0.752463  -0.370325  -0.246564  0.278382  0.928283  0.013035  0.016212  0.073453  0.768787  0.925608  -0.219425  1.000000  
14.135782 -0.004326  -0.009997  -0.037337  0.802060  0.596287  0.033784  -0.544500  0.753300  -0.368861  -0.245397  0.277454  0.928870  0.012799  0.016039  0.074827  0.790555  0.940756  -0.244601  1.000000  
14.137027 -0.004314  -0.009979  -0.037232  0.802582  0.595591  0.033671  -0.544372  0.754310  -0.366982  -0.243970  0.276204  0.929618  0.012387  0.015845  0.076350  0.817747  0.957788  -0.269746  1.000000  
14.138033 -0.004306  -0.009968  -0.037149  0.802995  0.595029  0.033751  -0.544169  0.755100  -0.365656  -0.243061  0.275254  0.930138  0.011971  0.015722  0.076872  0.841189  0.963157  -0.298289  1.000000  
14.139277 -0.004296  -0.009954  -0.037049  0.803626  0.594175  0.033780  -0.543873  0.756268  -0.363675  -0.241633  0.273887  0.930913  0.011477  0.015658  0.076962  0.882600  0.975300  -0.335612  1.000000  
14.140279 -0.004290  -0.009943  -0.036977  0.804117  0.593520  0.033617  -0.543723  0.757158  -0.362046  -0.240335  0.272848  0.931554  0.011119  0.015740  0.076184  0.913354  0.984301  -0.365224  1.000000  
14.141291 -0.004285  -0.009928  -0.036912  0.804580  0.592891  0.033628  -0.543554  0.758068  -0.360392  -0.239166  0.271686  0.932194  0.010765  0.016004  0.074814  0.948147  0.993444  -0.395415  1.000000  
14.142534 -0.004278  -0.009907  -0.036836  0.805095  0.592195  0.033573  -0.543419  0.759102  -0.358414  -0.237736  0.270313  0.932959  0.010395  0.016202  0.073243  0.984023  1.003730  -0.425345  1.000000  
14.143781 -0.004268  -0.009885  -0.036761  0.805634  0.591471  0.033411  -0.543300  0.760151  -0.356365  -0.236177  0.268947  0.933749  0.010110  0.016328  0.072138  1.013221  1.015262  -0.448472  1.000000  
14.145032 -0.004256  -0.009863  -0.036677  0.806171  0.590748  0.033246  -0.543179  0.761196  -0.354313  -0.234616  0.267579  0.934536  0.009824  0.016323  0.071818  1.044448  1.029557  -0.479442  1.000000  
14.146287 -0.004241  -0.009842  -0.036584  0.806732  0.589993  0.033045  -0.543074  0.762298  -0.352097  -0.232925  0.266102  0.935380  0.009540  0.016059  0.072298  1.079497  1.039503  -0.508973  1.000000  
14.147529 -0.004226  -0.009820  -0.036483  0.807342  0.589181  0.032632  -0.543002  0.763434  -0.349740  -0.230973  0.264640  0.936278  0.009169  0.015862  0.073228  1.109067  1.064794  -0.536085  1.000000  
14.148543 -0.004215  -0.009803  -0.036401  0.807709  0.588687  0.032450  -0.543008  0.764218  -0.348015  -0.229671  0.263474  0.936927  0.009043  0.015703  0.073802  1.128149  1.074072  -0.551496  1.000000  
14.149779 -0.004203  -0.009780  -0.036303  0.808263  0.587938  0.032239  -0.542897  0.765304  -0.345793  -0.227977  0.261990  0.937757  0.008923  0.015646  0.074226  1.152253  1.088865  -0.568383  1.000000  
14.151029 -0.004191  -0.009758  -0.036210  0.808815  0.587191  0.032023  -0.542784  0.766384  -0.343570  -0.226284  0.260503  0.938581  0.008795  0.015663  0.073589  1.177093  1.100936  -0.591228  1.000000  
14.152280 -0.004181  -0.009738  -0.036122  0.809252  0.586600  0.031805  -0.542836  0.767380  -0.341258  -0.224589  0.258899  0.939431  0.008744  0.015907  0.072766  1.198614  1.112723  -0.599826  1.000000  
14.153529 -0.004169  -0.009718  -0.036040  0.809799  0.585853  0.031654  -0.542719  0.768490  -0.338937  -0.222894  0.257292  0.940276  0.008857  0.016297  0.071205  1.224087  1.122054  -0.612579  1.000000  
14.154529 -0.004160  -0.009702  -0.035976  0.810158  0.585360  0.031602  -0.542718  0.769335  -0.337018  -0.221589  0.255887  0.940968  0.009037  0.016742  0.070241  1.245814  1.125427  -0.618984  1.000000  
14.155529 -0.004151  -0.009685  -0.035914  0.810515  0.584864  0.031618  -0.542716  0.770216  -0.335003  -0.220284  0.254366  0.941686  0.009311  0.017045  0.069852  1.280160  1.137122  -0.628846  1.000000  
14.156779 -0.004140  -0.009663  -0.035833  0.810944  0.584270  0.031601  -0.542761  0.771310  -0.332402  -0.218587  0.252408  0.942608  0.009478  0.017150  0.069867  1.312852  1.140530  -0.633589  1.000000  
14.157791 -0.004131  -0.009646  -0.035766  0.811410  0.583619  0.031681  -0.542589  0.772300  -0.330377  -0.217281  0.250882  0.943317  0.009705  0.017095  0.070519  1.345218  1.148882  -0.643730  1.000000  
14.159033 -0.004118  -0.009626  -0.035675  0.811834  0.583021  0.031799  -0.542632  0.773460  -0.327583  -0.215583  0.248688  0.944287  0.009919  0.016958  0.071442  1.385685  1.156268  -0.641887  1.000000  
14.160039 -0.004103  -0.009611  -0.035598  0.812185  0.582525  0.031946  -0.542624  0.774398  -0.325372  -0.214276  0.246928  0.945046  0.010128  0.016803  0.071938  1.418474  1.158745  -0.640091  1.000000  
14.161282 -0.004085  -0.009591  -0.035501  0.812605  0.581936  0.031987  -0.542663  0.775502  -0.322666  -0.212577  0.244842  0.945972  0.010425  0.016724  0.072190  1.458657  1.168580  -0.640753  1.000000  
14.162528 -0.004066  -0.009571  -0.035410  0.813023  0.581346  0.032095  -0.542700  0.776636  -0.319863  -0.210877  0.242638  0.946920  0.010668  0.016645  0.071568  1.500806  1.176631  -0.636025  1.000000  
14.163530 -0.004051  -0.009554  -0.035340  0.813392  0.580831  0.032058  -0.542705  0.777534  -0.317669  -0.209438  0.240991  0.947660  0.010933  0.016644  0.070788  1.522930  1.191011  -0.628911  1.000000  
14.164543 -0.004037  -0.009536  -0.035277  0.813760  0.580315  0.032090  -0.542708  0.778463  -0.315378  -0.207999  0.239227  0.948423  0.011258  0.016531  0.069508  1.553406  1.207599  -0.626728  1.000000  
14.165777 -0.004019  -0.009515  -0.035199  0.814171  0.579732  0.032188  -0.542740  0.779574  -0.312566  -0.206297  0.237012  0.949351  0.011659  0.016544  0.068536  1.583873  1.218288  -0.618125  1.000000  
14.166777 -0.004006  -0.009499  -0.035135  0.814512  0.579250  0.032249  -0.542725  0.780436  -0.310435  -0.204988  0.235351  0.950047  0.011943  0.016438  0.068147  1.606044  1.225081  -0.611074  1.000000  
14.168036 -0.003988  -0.009482  -0.035049  0.814942  0.578646  0.032235  -0.542769  0.781548  -0.307547  -0.203154  0.233136  0.950987  0.012467  0.016269  0.068275  1.636042  1.252943  -0.604054  1.000000  
14.169280 -0.003969  -0.009465  -0.034955  0.815458  0.577909  0.032387  -0.542628  0.782752  -0.304719  -0.201451  0.230912  0.951892  0.012922  0.016100  0.069256  1.668347  1.262866  -0.604084  1.000000  
14.170530 -0.003951  -0.009447  -0.034855  0.815994  0.577142  0.032567  -0.542501  0.784037  -0.301627  -0.199616  0.228458  0.952870  0.013378  0.015835  0.070672  1.704021  1.275268  -0.597624  1.000000  
14.171781 -0.003933  -0.009430  -0.034756  0.816528  0.576377  0.032743  -0.542370  0.785311  -0.298531  -0.197780  0.226000  0.953838  0.013895  0.015507  0.071969  1.733204  1.286852  -0.595641  1.000000  
14.173030 -0.003915  -0.009413  -0.034659  0.817058  0.575619  0.032843  -0.542238  0.786538  -0.295527  -0.195943  0.223654  0.954770  0.014256  0.015268  0.072692  1.765141  1.296712  -0.595348  1.000000  
14.174293 -0.003894  -0.009396  -0.034566  0.817564  0.574881  0.033184  -0.542089  0.787808  -0.292399  -0.194237  0.221066  0.955720  0.014658  0.015032  0.072532  1.807231  1.304050  -0.595954  1.000000  
14.175537 -0.003873  -0.009380  -0.034480  0.818089  0.574120  0.033414  -0.541953  0.789084  -0.289196  -0.192399  0.218480  0.956687  0.014924  0.014882  0.071785  1.847938  1.309976  -0.594454  1.000000  
14.176784 -0.003850  -0.009365  -0.034400  0.818723  0.573195  0.033766  -0.541645  0.790500  -0.285886  -0.190561  0.215772  0.957668  0.015113  0.014499  0.070871  1.889680  1.305303  -0.596988  1.000000  
14.178033 -0.003830  -0.009350  -0.034321  0.819354  0.572268  0.034181  -0.541335  0.791937  -0.282476  -0.188722  0.212944  0.958665  0.015256  0.014062  0.070309  1.936171  1.314214  -0.602959  1.000000  
14.179055 -0.003815  -0.009339  -0.034257  0.819919  0.571435  0.034564  -0.540981  0.793143  -0.279755  -0.187276  0.210677  0.959449  0.015282  0.013604  0.070138  1.969504  1.310906  -0.613077  1.000000  
14.180291 -0.003798  -0.009328  -0.034174  0.820524  0.570536  0.035074  -0.540653  0.794540  -0.276407  -0.185567  0.207836  0.960401  0.015249  0.012929  0.070541  2.019881  1.311034  -0.616896  1.000000  
14.181306 -0.003784  -0.009321  -0.034103  0.820953  0.569892  0.035497  -0.540451  0.795594  -0.273756  -0.184252  0.205557  0.961144  0.015245  0.012297  0.070950  2.052474  1.309939  -0.620693  1.000000  
14.182530 -0.003767  -0.009315  -0.034010  0.821553  0.568995  0.035994  -0.540120  0.796966  -0.270400  -0.182542  0.202707  0.962075  0.015177  0.011568  0.071678  2.096028  1.311035  -0.624775  1.000000  
14.183779 -0.003750  -0.009306  -0.033915  0.822241  0.567958  0.036648  -0.539603  0.798426  -0.267103  -0.180964  0.199848  0.962971  0.015143  0.011019  0.071935  2.130949  1.305589  -0.638405  1.000000  
14.185029 -0.003732  -0.009296  -0.033823  0.822836  0.567064  0.037131  -0.539267  0.799771  -0.263738  -0.179253  0.196990  0.963879  0.015088  0.010532  0.071371  2.169909  1.303530  -0.643754  1.000000  
14.186280 -0.003713  -0.009283  -0.033737  0.823449  0.566150  0.037500  -0.538941  0.801116  -0.260298  -0.177410  0.194132  0.964800  0.015158  0.010309  0.070577  2.204584  1.306374  -0.654762  1.000000  
14.187529 -0.003694  -0.009269  -0.033658  0.824058  0.565234  0.037930  -0.538614  0.802478  -0.256756  -0.175566  0.191152  0.965732  0.015189  0.009987  0.069072  2.233908  1.312057  -0.663657  1.000000  
14.188532 -0.003679  -0.009258  -0.033598  0.824606  0.564411  0.038268  -0.538245  0.803600  -0.254007  -0.174117  0.188858  0.966445  0.015136  0.009824  0.068082  2.255510  1.314310  -0.674855  1.000000  
14.189780 -0.003659  -0.009246  -0.033523  0.825210  0.563499  0.038685  -0.537913  0.804935  -0.250457  -0.172272  0.185871  0.967354  0.015120  0.009592  0.067252  2.281770  1.321879  -0.686416  1.000000  
14.190793 -0.003643  -0.009237  -0.033459  0.825754  0.562675  0.039080  -0.537541  0.806066  -0.247604  -0.170822  0.183453  0.968073  0.014948  0.009307  0.066932  2.308719  1.323742  -0.693396  1.000000  
14.192040 -0.003624  -0.009227  -0.033379  0.826482  0.561576  0.039494  -0.537046  0.807532  -0.243870  -0.168844  0.180344  0.969003  0.014777  0.008946  0.067089  2.340628  1.325788  -0.710696  1.000000  
14.193282 -0.003608  -0.009219  -0.033295  0.827188  0.560494  0.040075  -0.536537  0.808999  -0.240103  -0.166997  0.177108  0.969920  0.014537  0.008503  0.067407  2.374195  1.330474  -0.725364  1.000000  
14.194284 -0.003596  -0.009214  -0.033229  0.827743  0.559650  0.040410  -0.536171  0.810135  -0.237070  -0.165414  0.174567  0.970652  0.014386  0.008195  0.067643  2.404430  1.329255  -0.735709  1.000000  
14.195531 -0.003581  -0.009207  -0.033148  0.828315  0.558768  0.040901  -0.535815  0.811386  -0.233571  -0.163698  0.171555  0.971479  0.014214  0.007951  0.067291  2.429906  1.332505  -0.746083  1.000000  
14.196780 -0.003565  -0.009200  -0.033074  0.828901  0.557865  0.041344  -0.535469  0.812662  -0.229897  -0.161850  0.168424  0.972336  0.014177  0.007929  0.066230  2.467941  1.334174  -0.759819  1.000000  
14.198034 -0.003548  -0.009191  -0.033006  0.829467  0.556982  0.041889  -0.535109  0.813911  -0.226291  -0.160134  0.165286  0.973159  0.014151  0.008040  0.064133  2.493962  1.331200  -0.765323  1.000000  
14.199111 -0.003534  -0.009183  -0.032955  0.829885  0.556327  0.042330  -0.534894  0.814898  -0.223225  -0.158681  0.162609  0.973847  0.014040  0.008038  0.062157  2.519342  1.331834  -0.764454  1.000000  
14.200281 -0.003517  -0.009172  -0.032894  0.830446  0.555448  0.042863  -0.534530  0.816118  -0.219610  -0.156963  0.159463  0.974646  0.014206  0.008055  0.061103  2.546886  1.331919  -0.768493  1.000000  
14.201619 -0.003498  -0.009161  -0.032831  0.830912  0.554712  0.043369  -0.534346  0.817272  -0.215731  -0.155113  0.156080  0.975489  0.014007  0.007866  0.058836  2.567029  1.330392  -0.762317  1.000000  
14.202779 -0.003478  -0.009150  -0.032765  0.831467  0.553832  0.043956  -0.533978  0.818486  -0.212009  -0.153394  0.152807  0.976279  0.014197  0.007822  0.058568  2.603552  1.330886  -0.766611  1.000000  
14.204031 -0.003458  -0.009139  -0.032692  0.832037  0.552943  0.044358  -0.533618  0.819669  -0.208311  -0.151543  0.149652  0.977056  0.014228  0.007670  0.058370  2.621167  1.336827  -0.770572  1.000000  
14.205279 -0.003438  -0.009128  -0.032615  0.832604  0.552052  0.044820  -0.533257  0.820861  -0.204509  -0.149691  0.146375  0.977838  0.014225  0.007551  0.058405  2.635269  1.339343  -0.769425  1.000000  
14.206280 -0.003421  -0.009119  -0.032553  0.833135  0.551228  0.045095  -0.532871  0.821869  -0.201443  -0.148103  0.143799  0.978462  0.014282  0.007564  0.058324  2.652035  1.344437  -0.773840  1.000000  
14.207541 -0.003402  -0.009109  -0.032478  0.833696  0.550348  0.045477  -0.532505  0.823007  -0.197734  -0.146251  0.140633  0.979200  0.014399  0.007683  0.057671  2.658578  1.345690  -0.766317  1.000000  
14.208785 -0.003383  -0.009098  -0.032409  0.834364  0.549295  0.045959  -0.531964  0.824264  -0.193912  -0.144397  0.137345  0.979942  0.014609  0.007931  0.056685  2.673625  1.348241  -0.769624  1.000000  
14.210032 -0.003364  -0.009086  -0.032344  0.834887  0.548450  0.046548  -0.531573  0.825350  -0.190337  -0.142808  0.134166  0.980615  0.014892  0.008284  0.055654  2.679917  1.345702  -0.764445  1.000000  
14.211286 -0.003344  -0.009072  -0.032283  0.835423  0.547592  0.047020  -0.531190  0.826429  -0.186687  -0.141087  0.130986  0.981294  0.015176  0.008707  0.054512  2.687311  1.349215  -0.763679  1.000000  
14.212400 -0.003328  -0.009062  -0.032235  0.835926  0.546794  0.047375  -0.530784  0.827364  -0.183676  -0.139629  0.128394  0.981844  0.015238  0.008900  0.053617  2.684030  1.347422  -0.761210  1.000000  
14.213529 -0.003308  -0.009050  -0.032173  0.836442  0.545949  0.048011  -0.530387  0.828428  -0.179990  -0.138039  0.125087  0.982496  0.015511  0.009108  0.053800  2.705093  1.356391  -0.753312  1.000000  
14.214531 -0.003293  -0.009042  -0.032122  0.836940  0.545149  0.048422  -0.529979  0.829360  -0.176874  -0.136582  0.122370  0.983042  0.015647  0.009110  0.053937  2.717209  1.361426  -0.757232  1.000000  
14.215558 -0.003276  -0.009033  -0.032068  0.837436  0.544344  0.048893  -0.529569  0.830302  -0.173654  -0.135123  0.119532  0.983592  0.015763  0.009106  0.054105  2.739952  1.368268  -0.759053  1.000000  
14.216779 -0.003257  -0.009023  -0.032000  0.838069  0.543314  0.049500  -0.529003  0.831463  -0.169777  -0.133400  0.116099  0.984239  0.015843  0.009006  0.054627  2.743025  1.362312  -0.751706  1.000000  
14.218028 -0.003235  -0.009014  -0.031930  0.838700  0.542285  0.050099  -0.528436  0.832607  -0.165896  -0.131676  0.112662  0.984870  0.015987  0.008894  0.054705  2.759468  1.359385  -0.753456  1.000000  
14.219029 -0.003218  -0.009005  -0.031875  0.839174  0.541504  0.050597  -0.528011  0.833479  -0.162838  -0.130349  0.109934  0.985355  0.016028  0.008880  0.054477  2.767913  1.351579  -0.755337  1.000000  
14.220031 -0.003200  -0.008998  -0.031822  0.839647  0.540724  0.051090  -0.527585  0.834341  -0.159778  -0.129023  0.107203  0.985830  0.016100  0.008796  0.053760  2.780783  1.352615  -0.748975  1.000000  
14.221279 -0.003179  -0.008987  -0.031760  0.840284  0.539701  0.051425  -0.527021  0.835408  -0.156020  -0.127165  0.103999  0.986414  0.016172  0.008838  0.052872  2.779774  1.350802  -0.753846  1.000000  
14.222279 -0.003162  -0.008978  -0.031711  0.840767  0.538919  0.051729  -0.526601  0.836234  -0.152986  -0.125705  0.101385  0.986873  0.016269  0.008891  0.052029  2.778634  1.348230  -0.749648  1.000000  
14.223529 -0.003141  -0.008966  -0.031653  0.841277  0.538073  0.052261  -0.526197  0.837190  -0.149100  -0.123979  0.097935  0.987440  0.016346  0.008951  0.051309  2.784298  1.347065  -0.737748  1.000000  
14.224542 -0.003125  -0.008956  -0.031603  0.841633  0.537485  0.052571  -0.525938  0.837856  -0.146244  -0.122651  0.095435  0.987851  0.016446  0.008936  0.051014  2.774988  1.343965  -0.723664  1.000000  
14.225782 -0.003104  -0.008945  -0.031539  0.842232  0.536494  0.053103  -0.525348  0.838851  -0.142615  -0.121058  0.092217  0.988353  0.016573  0.008886  0.051225  2.785835  1.342968  -0.723683  1.000000  
14.226805 -0.003088  -0.008936  -0.031483  0.842787  0.535561  0.053704  -0.524731  0.839744  -0.139600  -0.119862  0.089473  0.988751  0.016585  0.008735  0.051753  2.786165  1.327906  -0.726869  1.000000  
14.228033 -0.003068  -0.008925  -0.031411  0.843503  0.534370  0.054332  -0.523972  0.840876  -0.135578  -0.118135  0.085892  0.989276  0.016605  0.008668  0.052502  2.799988  1.331063  -0.739404  1.000000  
14.229090 -0.003052  -0.008916  -0.031353  0.844054  0.533438  0.054920  -0.523352  0.841743  -0.132558  -0.116939  0.083144  0.989653  0.016546  0.008618  0.052733  2.803080  1.323485  -0.748698  1.000000  
14.230309 -0.003032  -0.008905  -0.031284  0.844751  0.532265  0.055577  -0.522581  0.842820  -0.128701  -0.115345  0.079677  0.990125  0.016564  0.008659  0.053167  2.805894  1.315433  -0.760153  1.000000  
14.231361 -0.003016  -0.008897  -0.031233  0.845325  0.531317  0.055926  -0.521974  0.843673  -0.125537  -0.113883  0.076927  0.990511  0.016513  0.008692  0.052621  2.810601  1.317666  -0.771230  1.000000  
14.232529 -0.002996  -0.008886  -0.031175  0.845909  0.530329  0.056476  -0.521373  0.844593  -0.121788  -0.112287  0.073576  0.990948  0.016542  0.008795  0.052158  2.809962  1.314754  -0.773042  1.000000  
14.233779 -0.002975  -0.008875  -0.031120  0.846491  0.529335  0.057084  -0.520770  0.845512  -0.117934  -0.110692  0.070103  0.991379  0.016437  0.008815  0.051181  2.814827  1.309844  -0.769960  1.000000  
14.235029 -0.002954  -0.008865  -0.031065  0.847176  0.528168  0.057707  -0.519990  0.846522  -0.114066  -0.109096  0.066627  0.991796  0.016379  0.008867  0.050459  2.823597  1.302088  -0.778215  1.000000  
14.236033 -0.002938  -0.008857  -0.031022  0.847728  0.527235  0.058140  -0.519368  0.847316  -0.110961  -0.107766  0.063869  0.992123  0.016295  0.008762  0.050001  2.826514  1.292223  -0.785219  1.000000  
14.237283 -0.002919  -0.008849  -0.030965  0.848314  0.526232  0.058674  -0.518767  0.848202  -0.106927  -0.106036  0.060270  0.992534  0.016165  0.008532  0.049755  2.839453  1.290200  -0.787550  1.000000  
14.238531 -0.002900  -0.008840  -0.030906  0.849004  0.525065  0.059158  -0.517989  0.849166  -0.102981  -0.104307  0.056788  0.992923  0.016057  0.008344  0.049781  2.844004  1.289049  -0.791390  1.000000  
14.239779 -0.002881  -0.008832  -0.030845  0.849690  0.523907  0.059568  -0.517208  0.850099  -0.099136  -0.102577  0.053425  0.993289  0.016005  0.008159  0.049771  2.848789  1.290467  -0.800852  1.000000  
14.240804 -0.002866  -0.008825  -0.030795  0.850232  0.522980  0.059973  -0.516579  0.850838  -0.096023  -0.101246  0.050661  0.993571  0.015872  0.007958  0.049432  2.852943  1.293653  -0.802225  1.000000  
14.242034 -0.002846  -0.008815  -0.030733  0.850795  0.522000  0.060525  -0.515963  0.851640  -0.092151  -0.099648  0.047173  0.993904  0.015851  0.007853  0.048968  2.870141  1.292913  -0.807728  1.000000  
14.243289 -0.002825  -0.008805  -0.030674  0.851462  0.520846  0.061087  -0.515169  0.852532  -0.088264  -0.098050  0.043684  0.994222  0.015900  0.007824  0.047992  2.862582  1.289025  -0.813676  1.000000  
14.244538 -0.002804  -0.008793  -0.030619  0.852125  0.519695  0.061639  -0.514373  0.853406  -0.084375  -0.096452  0.040193  0.994526  0.015961  0.007917  0.047124  2.862610  1.287001  -0.815869  1.000000  
14.245906 -0.002784  -0.008781  -0.030567  0.852892  0.518377  0.062136  -0.513399  0.854359  -0.080574  -0.094854  0.036820  0.994810  0.015915  0.007915  0.045727  2.849410  1.275512  -0.821828  1.000000  
14.247029 -0.002763  -0.008769  -0.030514  0.853560  0.517233  0.062492  -0.512605  0.855191  -0.076715  -0.093123  0.033447  0.995093  0.016090  0.008022  0.045611  2.850780  1.282353  -0.827205  1.000000  
14.248054 -0.002747  -0.008761  -0.030471  0.853993  0.516490  0.062725  -0.512147  0.855744  -0.073536  -0.091657  0.030675  0.995318  0.016028  0.008003  0.045415  2.847562  1.288143  -0.823430  1.000000  
14.249123 -0.002731  -0.008753  -0.030424  0.854519  0.515583  0.063019  -0.511507  0.856381  -0.070515  -0.090325  0.028022  0.995518  0.015895  0.007966  0.045453  2.840413  1.282257  -0.824650  1.000000  
14.250275 -0.002711  -0.008744  -0.030364  0.855073  0.514616  0.063401  -0.510883  0.857070  -0.066561  -0.088592  0.024524  0.995766  0.015994  0.007929  0.046041  2.849748  1.291177  -0.824226  1.000000  
