1-Time 2-Px 3-Py 4-Pz 5-R11 6-R21 7-R31 8-R12 9-R22 10-R32 11-R13 12-R23 13-R33 14-Vx 15-Vy 16-Vz 17-Wx 18-Wy 19-Wz 20-state
110.826564 0.033054  -0.019672  -0.031080  0.438132  0.857005  0.271262  -0.722793  0.156460  0.673120  0.534425  -0.490982  0.687987  -0.000184  0.000112  -0.000746  0.000000  0.000000  0.000000  1.000000  
110.827771 0.033054  -0.019672  -0.031078  0.438095  0.857039  0.271214  -0.722732  0.156404  0.673199  0.534538  -0.490940  0.687929  -0.000935  -0.000046  0.001392  0.000000  0.000000  0.000000  1.000000  
110.829005 0.033044  -0.019675  -0.031047  0.438095  0.857039  0.271214  -0.722732  0.156404  0.673199  0.534538  -0.490940  0.687929  -0.004846  -0.001292  0.014767  0.000000  0.000000  0.000000  1.000000  
110.830008 0.033033  -0.019677  -0.031014  0.438095  0.857039  0.271214  -0.722732  0.156404  0.673199  0.534538  -0.490940  0.687929  -0.006629  -0.001548  0.020274  0.000000  0.000000  0.000000  1.000000  
110.831011 0.033024  -0.019675  -0.030988  0.438095  0.857039  0.271214  -0.722732  0.156404  0.673199  0.534538  -0.490940  0.687929  -0.007144  -0.000719  0.021499  0.000000  0.000000  0.000000  1.000000  
110.832013 0.033014  -0.019671  -0.030971  0.438095  0.857072  0.271110  -0.722732  0.156486  0.673180  0.534538  -0.490857  0.687989  -0.007619  0.000126  0.020637  0.000000  0.000000  0.000000  1.000000  
110.833255 0.032997  -0.019664  -0.030959  0.438132  0.857038  0.271158  -0.722793  0.156542  0.673101  0.534425  -0.490898  0.688047  -0.008828  0.001227  0.018545  0.000000  0.000000  0.000000  1.000000  
110.834502 0.032973  -0.019658  -0.030952  0.437946  0.857104  0.271249  -0.722822  0.156310  0.673124  0.534538  -0.490857  0.687989  -0.010575  0.001870  0.016562  0.000000  0.000000  0.000000  1.000000  
110.835754 0.032948  -0.019649  -0.030944  0.437946  0.857104  0.271249  -0.722822  0.156310  0.673124  0.534538  -0.490857  0.687989  -0.011862  0.002583  0.015135  0.000000  0.000000  0.000000  1.000000  
110.837002 0.032925  -0.019638  -0.030931  0.437798  0.857136  0.271387  -0.722912  0.156133  0.673068  0.534538  -0.490857  0.687989  -0.012632  0.003309  0.014507  0.000000  0.000000  0.000000  1.000000  
110.838252 0.032905  -0.019628  -0.030912  0.437761  0.857137  0.271443  -0.722851  0.155995  0.673166  0.534651  -0.490898  0.687871  -0.013050  0.003872  0.014639  0.000000  0.000000  0.000000  1.000000  
110.839252 0.032887  -0.019620  -0.030891  0.437612  0.857169  0.271582  -0.722941  0.155819  0.673110  0.534651  -0.490898  0.687871  -0.013410  0.004170  0.015090  0.000000  0.000000  0.000000  1.000000  
110.840501 0.032860  -0.019614  -0.030861  0.437463  0.857168  0.271825  -0.723031  0.155561  0.673073  0.534651  -0.490982  0.687811  -0.014140  0.004220  0.015913  0.000000  0.000000  0.000000  1.000000  
110.841503 0.032836  -0.019611  -0.030832  0.437463  0.857135  0.271928  -0.723031  0.155479  0.673092  0.534651  -0.491065  0.687752  -0.014819  0.004158  0.016799  0.000000  0.000000  0.000000  1.000000  
110.842504 0.032810  -0.019609  -0.030798  0.437463  0.857102  0.272032  -0.723031  0.155397  0.673110  0.534651  -0.491149  0.687692  -0.016263  0.004250  0.018888  0.000000  0.000000  0.000000  1.000000  
110.843759 0.032779  -0.019604  -0.030755  0.437463  0.857036  0.272240  -0.723031  0.155234  0.673148  0.534651  -0.491316  0.687573  -0.017771  0.004702  0.020056  0.000000  0.000000  0.000000  1.000000  
110.844763 0.032755  -0.019598  -0.030724  0.437463  0.857036  0.272240  -0.723031  0.155234  0.673148  0.534651  -0.491316  0.687573  -0.018831  0.005335  0.019673  0.000000  0.000000  0.000000  1.000000  
110.846008 0.032726  -0.019587  -0.030695  0.437463  0.857003  0.272344  -0.723031  0.155152  0.673167  0.534651  -0.491399  0.687514  -0.019884  0.005867  0.019536  0.000000  0.000000  0.000000  1.000000  
110.847255 0.032693  -0.019573  -0.030676  0.437612  0.856938  0.272310  -0.722941  0.155247  0.673242  0.534651  -0.491482  0.687454  -0.021370  0.006436  0.019625  0.000000  0.000000  0.000000  1.000000  
110.848507 0.032656  -0.019559  -0.030657  0.437798  0.856872  0.272219  -0.722912  0.155480  0.673219  0.534538  -0.491524  0.687512  -0.022512  0.006969  0.020224  0.000000  0.000000  0.000000  1.000000  
110.849755 0.032618  -0.019545  -0.030629  0.438095  0.856808  0.271941  -0.722732  0.155833  0.673331  0.534538  -0.491524  0.687512  -0.023321  0.007442  0.021676  0.000000  0.000000  0.000000  1.000000  
110.851001 0.032586  -0.019527  -0.030584  0.438430  0.856710  0.271712  -0.722613  0.156242  0.673364  0.534425  -0.491566  0.687570  -0.023880  0.008005  0.024081  0.000000  0.000000  0.000000  1.000000  
110.852003 0.032561  -0.019513  -0.030540  0.438727  0.856645  0.271435  -0.722432  0.156594  0.673476  0.534425  -0.491566  0.687570  -0.024385  0.008388  0.026274  0.000000  0.000000  0.000000  1.000000  
110.853251 0.032530  -0.019494  -0.030475  0.439025  0.856548  0.271261  -0.722251  0.156865  0.673607  0.534425  -0.491649  0.687511  -0.024977  0.008920  0.029106  0.000000  0.000000  0.000000  1.000000  
110.854251 0.032502  -0.019480  -0.030423  0.439322  0.856483  0.270984  -0.722070  0.157218  0.673719  0.534425  -0.491649  0.687511  -0.025670  0.009354  0.031221  0.000000  0.000000  0.000000  1.000000  
110.855501 0.032463  -0.019463  -0.030368  0.439768  0.856386  0.270568  -0.721799  0.157747  0.673886  0.534425  -0.491649  0.687511  -0.026451  0.010071  0.032898  0.000000  0.000000  0.000000  1.000000  
110.856502 0.032432  -0.019449  -0.030333  0.440214  0.856289  0.270151  -0.721527  0.158276  0.674053  0.534425  -0.491649  0.687511  -0.026966  0.010780  0.033292  0.000000  0.000000  0.000000  1.000000  
110.857759 0.032392  -0.019431  -0.030299  0.440697  0.856156  0.269783  -0.721316  0.158861  0.674141  0.534312  -0.491691  0.687569  -0.027517  0.011774  0.032748  0.000000  0.000000  0.000000  1.000000  
110.859000 0.032352  -0.019412  -0.030269  0.441142  0.856058  0.269367  -0.721044  0.159390  0.674308  0.534312  -0.491691  0.687569  -0.028127  0.012761  0.031872  0.000000  0.000000  0.000000  1.000000  
110.860003 0.032320  -0.019396  -0.030245  0.441476  0.855958  0.269137  -0.720923  0.159798  0.674340  0.534199  -0.491732  0.687627  -0.028630  0.013402  0.031474  0.000000  0.000000  0.000000  1.000000  
110.861006 0.032290  -0.019379  -0.030218  0.441810  0.855858  0.268907  -0.720802  0.160207  0.674372  0.534086  -0.491774  0.687685  -0.029081  0.013856  0.031811  0.000000  0.000000  0.000000  1.000000  
110.862255 0.032250  -0.019359  -0.030183  0.442293  0.855724  0.268539  -0.720590  0.160791  0.674460  0.533973  -0.491815  0.687743  -0.029536  0.014315  0.032883  0.000000  0.000000  0.000000  1.000000  
110.863257 0.032217  -0.019344  -0.030150  0.442738  0.855625  0.268122  -0.720317  0.161320  0.674625  0.533973  -0.491815  0.687743  -0.029750  0.014614  0.034386  -0.074195  0.087355  -0.153243  1.000000  
110.864504 0.032173  -0.019325  -0.030104  0.443220  0.855458  0.267858  -0.720104  0.161822  0.674732  0.533860  -0.491940  0.687742  -0.030192  0.014844  0.035429  -0.084902  0.093645  -0.177500  1.000000  
110.865753 0.032130  -0.019305  -0.030052  0.443591  0.855322  0.267676  -0.720043  0.162287  0.674686  0.533633  -0.492023  0.687858  -0.030882  0.015074  0.036056  -0.091513  0.092377  -0.190692  1.000000  
110.867003 0.032089  -0.019283  -0.030000  0.443925  0.855221  0.267447  -0.719921  0.162695  0.674718  0.533520  -0.492065  0.687916  -0.031469  0.015320  0.035989  -0.103340  0.099688  -0.209168  1.000000  
110.868004 0.032058  -0.019265  -0.029960  0.444297  0.855085  0.267266  -0.719860  0.163159  0.674671  0.533294  -0.492148  0.688032  -0.032013  0.015516  0.034892  -0.114796  0.095536  -0.226544  1.000000  
110.869252 0.032016  -0.019241  -0.029915  0.444668  0.854980  0.266981  -0.719798  0.163705  0.674604  0.533067  -0.492147  0.688208  -0.032455  0.015943  0.033646  -0.129943  0.098434  -0.246115  1.000000  
110.870502 0.031969  -0.019218  -0.029880  0.445039  0.854908  0.266593  -0.719736  0.164333  0.674518  0.532841  -0.492063  0.688443  -0.033007  0.016347  0.032463  -0.153222  0.101316  -0.265653  1.000000  
110.871752 0.031921  -0.019192  -0.029849  0.445262  0.854838  0.266447  -0.719766  0.164702  0.674396  0.532615  -0.492063  0.688619  -0.033549  0.016893  0.031830  -0.169097  0.097420  -0.275634  1.000000  
110.872769 0.031883  -0.019171  -0.029820  0.445634  0.854765  0.266059  -0.719704  0.165330  0.674309  0.532388  -0.491979  0.688854  -0.033858  0.017347  0.032080  -0.187105  0.096096  -0.287996  1.000000  
110.874004 0.031839  -0.019144  -0.029777  0.446005  0.854660  0.265775  -0.719641  0.165876  0.674242  0.532162  -0.491978  0.689030  -0.034227  0.017900  0.032992  -0.202587  0.095653  -0.302818  1.000000  
110.875252 0.031795  -0.019118  -0.029720  0.446451  0.854517  0.265484  -0.719699  0.166615  0.673997  0.531708  -0.491976  0.689381  -0.034565  0.018303  0.034737  -0.221899  0.087865  -0.322598  1.000000  
110.876501 0.031752  -0.019092  -0.029655  0.446898  0.854374  0.265194  -0.719757  0.167354  0.673752  0.531255  -0.491974  0.689732  -0.034825  0.018638  0.036686  -0.241269  0.080107  -0.342476  1.000000  
110.877509 0.031717  -0.019071  -0.029601  0.447196  0.854265  0.265043  -0.719907  0.167917  0.673453  0.530802  -0.491971  0.690082  -0.035028  0.018992  0.038369  -0.251235  0.069764  -0.353110  1.000000  
110.878756 0.031672  -0.019044  -0.029544  0.447680  0.854086  0.264802  -0.720024  0.168711  0.673129  0.530234  -0.492010  0.690491  -0.035223  0.019583  0.039290  -0.259318  0.051469  -0.366292  1.000000  
110.880016 0.031628  -0.019014  -0.029498  0.448090  0.853872  0.264798  -0.720353  0.169442  0.672593  0.529440  -0.492130  0.691014  -0.035133  0.020247  0.039005  -0.263486  0.026106  -0.377106  1.000000  
110.881255 0.031586  -0.018985  -0.029460  0.448648  0.853623  0.264656  -0.720589  0.170348  0.672111  0.528645  -0.492250  0.691537  -0.035230  0.020802  0.038039  -0.271581  0.000499  -0.395600  1.000000  
110.882503 0.031544  -0.018956  -0.029422  0.449207  0.853405  0.264412  -0.720824  0.171335  0.671608  0.527850  -0.492285  0.692120  -0.035329  0.021297  0.037087  -0.283682  -0.025148  -0.413985  1.000000  
110.883503 0.031511  -0.018933  -0.029389  0.449579  0.853192  0.264464  -0.721091  0.171928  0.671170  0.527168  -0.492447  0.692525  -0.035358  0.021525  0.036762  -0.289292  -0.046681  -0.426161  1.000000  
110.884751 0.031469  -0.018906  -0.029343  0.450175  0.852907  0.264373  -0.721384  0.172889  0.670607  0.526258  -0.492605  0.693103  -0.035163  0.021759  0.037199  -0.292360  -0.083169  -0.441149  1.000000  
110.885752 0.031437  -0.018884  -0.029303  0.450732  0.852655  0.264234  -0.721617  0.173794  0.670123  0.525462  -0.492722  0.693625  -0.034811  0.021942  0.038102  -0.297895  -0.107910  -0.455702  1.000000  
110.887002 0.031398  -0.018855  -0.029248  0.451365  0.852333  0.264195  -0.721967  0.174811  0.669481  0.524437  -0.492920  0.694259  -0.034159  0.022165  0.039845  -0.301010  -0.148572  -0.473498  1.000000  
110.888009 0.031367  -0.018833  -0.029200  0.451848  0.852046  0.264294  -0.722409  0.175652  0.668784  0.523411  -0.493117  0.694894  -0.033747  0.022222  0.040844  -0.305229  -0.181223  -0.489553  1.000000  
110.889251 0.031330  -0.018804  -0.029139  0.452665  0.851683  0.264064  -0.722723  0.176981  0.668094  0.522270  -0.493268  0.695644  -0.033313  0.022342  0.041871  -0.318330  -0.209105  -0.513748  1.000000  
110.890500 0.031292  -0.018774  -0.029075  0.453408  0.851285  0.264073  -0.723246  0.178245  0.667191  0.520900  -0.493499  0.696506  -0.032946  0.022557  0.042174  -0.326660  -0.256144  -0.540218  1.000000  
110.891750 0.031256  -0.018741  -0.029014  0.454112  0.850954  0.263931  -0.723707  0.179535  0.666344  0.519644  -0.493604  0.697371  -0.032511  0.023047  0.041757  -0.338926  -0.295871  -0.561284  1.000000  
110.892751 0.031227  -0.018713  -0.028973  0.454743  0.850660  0.263793  -0.724050  0.180631  0.665676  0.518614  -0.493711  0.698061  -0.032037  0.023498  0.041090  -0.347262  -0.328374  -0.577267  1.000000  
110.893756 0.031198  -0.018683  -0.028935  0.455447  0.850294  0.263757  -0.724508  0.181839  0.664848  0.517355  -0.493897  0.698863  -0.031562  0.024016  0.040572  -0.362647  -0.371215  -0.603494  1.000000  
110.895003 0.031161  -0.018646  -0.028890  0.456223  0.849890  0.263719  -0.725081  0.183238  0.663838  0.515866  -0.494076  0.699836  -0.031136  0.024579  0.040583  -0.375483  -0.411743  -0.629413  1.000000  
110.896010 0.031130  -0.018618  -0.028851  0.457075  0.849485  0.263549  -0.725441  0.184620  0.663062  0.514605  -0.494258  0.700636  -0.030894  0.024912  0.041303  -0.394156  -0.448357  -0.665391  1.000000  
110.897254 0.031092  -0.018581  -0.028795  0.457924  0.849007  0.263614  -0.726124  0.186130  0.661890  0.512883  -0.494512  0.701718  -0.030689  0.025384  0.042552  -0.410215  -0.496158  -0.699416  1.000000  
110.898501 0.031053  -0.018547  -0.028731  0.458994  0.848387  0.263750  -0.726826  0.187847  0.660634  0.510929  -0.494927  0.702850  -0.030521  0.025772  0.043866  -0.418147  -0.543283  -0.737205  1.000000  
110.899754 0.031014  -0.018512  -0.028664  0.460099  0.847761  0.263836  -0.727580  0.189699  0.659273  0.508857  -0.495293  0.704095  -0.030323  0.026310  0.045419  -0.437066  -0.603158  -0.789796  1.000000  
110.901002 0.030974  -0.018477  -0.028599  0.461017  0.847176  0.264113  -0.728367  0.191240  0.657958  0.506898  -0.495701  0.705220  -0.030329  0.026789  0.046280  -0.440801  -0.658353  -0.828873  1.000000  
110.902002 0.030941  -0.018448  -0.028555  0.461860  0.846661  0.264292  -0.729035  0.192669  0.656800  0.505167  -0.496028  0.706231  -0.030463  0.027189  0.046234  -0.452209  -0.702727  -0.867506  1.000000  
110.903004 0.030908  -0.018419  -0.028514  0.462702  0.846145  0.264473  -0.729699  0.194097  0.655641  0.503434  -0.496352  0.707240  -0.030666  0.027572  0.045740  -0.459857  -0.744693  -0.901330  1.000000  
110.904008 0.030874  -0.018389  -0.028477  0.463543  0.845627  0.264656  -0.730360  0.195525  0.654480  0.501699  -0.496674  0.708247  -0.030872  0.028126  0.044808  -0.467197  -0.794774  -0.939580  1.000000  
110.905252 0.030833  -0.018349  -0.028433  0.464562  0.844962  0.264994  -0.731300  0.197313  0.652892  0.499382  -0.497099  0.709585  -0.031140  0.028855  0.043493  -0.475090  -0.850398  -0.975780  1.000000  
110.906502 0.030791  -0.018307  -0.028388  0.465729  0.844254  0.265201  -0.732138  0.199274  0.651355  0.497062  -0.497519  0.710918  -0.031479  0.029386  0.042461  -0.486222  -0.909499  -1.027692  1.000000  
110.907752 0.030750  -0.018265  -0.028340  0.466779  0.843549  0.265597  -0.733121  0.201117  0.649681  0.494622  -0.497972  0.712301  -0.031892  0.029862  0.042228  -0.493261  -0.960678  -1.067621  1.000000  
110.909002 0.030707  -0.018223  -0.028286  0.468012  0.842798  0.265813  -0.734057  0.203268  0.647952  0.492061  -0.498371  0.713794  -0.032264  0.030131  0.042694  -0.508290  -1.015827  -1.113439  1.000000  
110.910007 0.030672  -0.018190  -0.028239  0.468986  0.842161  0.266115  -0.734917  0.204997  0.646431  0.489847  -0.498739  0.715059  -0.032610  0.030444  0.043438  -0.523520  -1.063882  -1.154466  1.000000  
110.911010 0.030636  -0.018154  -0.028192  0.469887  0.841627  0.266214  -0.735661  0.206692  0.645044  0.487862  -0.498941  0.716274  -0.032977  0.030876  0.043931  -0.539365  -1.109405  -1.189326  1.000000  
110.912011 0.030599  -0.018118  -0.028143  0.470856  0.840988  0.266522  -0.736510  0.208420  0.643517  0.485642  -0.499300  0.717532  -0.033403  0.031366  0.044187  -0.546894  -1.160965  -1.225224  1.000000  
110.913012 0.030561  -0.018082  -0.028092  0.471823  0.840379  0.266731  -0.737353  0.210226  0.641962  0.483418  -0.499568  0.718846  -0.033827  0.031920  0.044168  -0.562049  -1.205665  -1.263486  1.000000  
110.914256 0.030515  -0.018035  -0.028032  0.472892  0.839726  0.266896  -0.738354  0.212355  0.640108  0.480839  -0.499766  0.720436  -0.034404  0.032756  0.043694  -0.581843  -1.257870  -1.299570  1.000000  
110.915502 0.030468  -0.017986  -0.027979  0.474179  0.838922  0.267140  -0.739358  0.214690  0.638168  0.478021  -0.500118  0.722065  -0.034857  0.033738  0.042922  -0.600940  -1.310204  -1.343132  1.000000  
110.916503 0.030430  -0.017946  -0.027939  0.475173  0.838272  0.267414  -0.740236  0.216548  0.636519  0.475669  -0.500406  0.723418  -0.035209  0.034554  0.042456  -0.615982  -1.354967  -1.381300  1.000000  
110.917757 0.030382  -0.017894  -0.027893  0.476556  0.837388  0.267724  -0.741383  0.219127  0.634298  0.472488  -0.500765  0.725252  -0.035591  0.035533  0.042029  -0.633956  -1.410839  -1.423605  1.000000  
110.919002 0.030333  -0.017841  -0.027847  0.477935  0.836500  0.268041  -0.742519  0.221703  0.632070  0.469301  -0.501114  0.727077  -0.036091  0.036555  0.042061  -0.654300  -1.474146  -1.470528  1.000000  
110.920008 0.030294  -0.017799  -0.027805  0.478987  0.835772  0.268434  -0.743481  0.223671  0.630244  0.466700  -0.501454  0.728516  -0.036499  0.037239  0.042551  -0.664974  -1.518774  -1.508248  1.000000  
110.921252 0.030247  -0.017745  -0.027748  0.480424  0.834806  0.268870  -0.744701  0.226357  0.627840  0.463264  -0.501857  0.730428  -0.036906  0.038115  0.043395  -0.683796  -1.578920  -1.556777  1.000000  
110.922252 0.030211  -0.017702  -0.027698  0.481501  0.834071  0.269225  -0.745697  0.228455  0.625895  0.460535  -0.502130  0.731965  -0.037050  0.038633  0.044090  -0.695299  -1.635011  -1.594978  1.000000  
110.923252 0.030174  -0.017659  -0.027649  0.482542  0.833338  0.269632  -0.746634  0.230419  0.624055  0.457920  -0.502450  0.733385  -0.037294  0.039442  0.044699  -0.702564  -1.675997  -1.622703  1.000000  
110.924502 0.030127  -0.017604  -0.027589  0.484031  0.832324  0.270094  -0.747924  0.233288  0.621439  0.454229  -0.502805  0.735434  -0.037547  0.040116  0.044938  -0.719255  -1.732740  -1.664529  1.000000  
110.925502 0.030088  -0.017560  -0.027545  0.485162  0.831510  0.270571  -0.748996  0.235494  0.619312  0.451246  -0.503124  0.737050  -0.037775  0.040802  0.044727  -0.730498  -1.788362  -1.702175  1.000000  
110.926755 0.030037  -0.017503  -0.027496  0.486704  0.830451  0.271055  -0.750360  0.238547  0.616486  0.447302  -0.503435  0.739239  -0.038021  0.041634  0.043955  -0.748228  -1.863175  -1.748813  1.000000  
110.927759 0.029999  -0.017456  -0.027458  0.487922  0.829555  0.271607  -0.751560  0.240994  0.614068  0.443948  -0.503746  0.741047  -0.038121  0.042462  0.043036  -0.763387  -1.919141  -1.786311  1.000000  
110.928760 0.029960  -0.017408  -0.027421  0.489102  0.828728  0.272010  -0.752699  0.243456  0.611697  0.440708  -0.503924  0.742857  -0.038225  0.043161  0.042231  -0.782593  -1.967801  -1.818449  1.000000  
110.930010 0.029913  -0.017346  -0.027372  0.490623  0.827694  0.272419  -0.754020  0.246574  0.608814  0.436740  -0.504108  0.745073  -0.038209  0.044078  0.041787  -0.809869  -2.024510  -1.855914  1.000000  
110.931255 0.029866  -0.017283  -0.027317  0.492045  0.826667  0.272972  -0.755524  0.249703  0.605667  0.432523  -0.504252  0.747432  -0.038244  0.044918  0.042148  -0.837151  -2.092707  -1.900780  1.000000  
110.932503 0.029817  -0.017220  -0.027258  0.493488  0.825569  0.273689  -0.757058  0.252812  0.602453  0.428175  -0.504502  0.749763  -0.038282  0.045698  0.043091  -0.861261  -2.160837  -1.938526  1.000000  
110.933506 0.029778  -0.017169  -0.027209  0.494703  0.824694  0.274132  -0.758240  0.255447  0.599849  0.424665  -0.504605  0.751687  -0.038234  0.046318  0.043893  -0.884341  -2.213204  -1.972500  1.000000  
110.934754 0.029731  -0.017103  -0.027147  0.496128  0.823626  0.274769  -0.759740  0.258621  0.596582  0.420299  -0.504734  0.754050  -0.038175  0.047203  0.044627  -0.911498  -2.274098  -2.011890  1.000000  
110.936008 0.029683  -0.017038  -0.027084  0.497665  0.822441  0.275537  -0.761408  0.262087  0.592932  0.415437  -0.504877  0.756645  -0.038194  0.047950  0.044972  -0.942435  -2.349559  -2.060819  1.000000  
110.937251 0.029636  -0.016971  -0.027025  0.499031  0.821310  0.276438  -0.763155  0.265378  0.589210  0.410563  -0.504999  0.759219  -0.038306  0.048754  0.044871  -0.962579  -2.423987  -2.097730  1.000000  
110.938251 0.029598  -0.016917  -0.026982  0.500176  0.820336  0.277259  -0.764562  0.268055  0.586166  0.406533  -0.505168  0.761273  -0.038396  0.049431  0.044461  -0.982454  -2.483912  -2.129099  1.000000  
110.939251 0.029560  -0.016863  -0.026941  0.501252  0.819470  0.277875  -0.765864  0.270687  0.583251  0.402740  -0.505170  0.763285  -0.038423  0.050243  0.043929  -1.003539  -2.543046  -2.155214  1.000000  
110.940501 0.029510  -0.016797  -0.026895  0.502771  0.818245  0.278741  -0.767494  0.274189  0.579460  0.397713  -0.505268  0.765852  -0.038520  0.050858  0.043343  -1.022228  -2.609065  -2.193228  1.000000  
110.941751 0.029460  -0.016730  -0.026850  0.504174  0.817035  0.279752  -0.769291  0.277699  0.575390  0.392427  -0.505308  0.768547  -0.038487  0.051547  0.043057  -1.049886  -2.691878  -2.238232  1.000000  
110.942755 0.029420  -0.016676  -0.026812  0.505176  0.816078  0.280737  -0.770820  0.280374  0.572038  0.388116  -0.505378  0.770688  -0.038589  0.051974  0.043056  -1.062679  -2.759296  -2.265718  1.000000  
110.943756 0.029382  -0.016623  -0.026771  0.506326  0.815098  0.281513  -0.772227  0.283283  0.568697  0.383796  -0.505338  0.772874  -0.038601  0.052312  0.043343  -1.084609  -2.839804  -2.304607  1.000000  
110.944756 0.029343  -0.016571  -0.026726  0.507278  0.814248  0.282258  -0.773679  0.286030  0.565338  0.379591  -0.505161  0.775063  -0.038698  0.052537  0.043715  -1.105974  -2.904816  -2.329392  1.000000  
110.946005 0.029293  -0.016504  -0.026669  0.508522  0.813095  0.283341  -0.775577  0.289598  0.560905  0.374014  -0.504985  0.777884  -0.038801  0.052870  0.043901  -1.125978  -2.986724  -2.361330  1.000000  
110.947006 0.029254  -0.016450  -0.026625  0.509664  0.812114  0.284101  -0.776969  0.292613  0.557402  0.369542  -0.504825  0.780122  -0.038814  0.053074  0.043747  -1.152549  -3.054219  -2.390064  1.000000  
110.948256 0.029205  -0.016381  -0.026575  0.510928  0.810857  0.285418  -0.778897  0.296210  0.552792  0.363692  -0.504749  0.782916  -0.038850  0.053372  0.042982  -1.168303  -3.131457  -2.418862  1.000000  
110.949259 0.029165  -0.016327  -0.026538  0.511883  0.809974  0.286212  -0.780353  0.299111  0.549165  0.359201  -0.504455  0.785175  -0.039015  0.053522  0.042073  -1.196457  -3.203465  -2.441924  1.000000  
110.950503 0.029115  -0.016257  -0.026496  0.513164  0.808752  0.287372  -0.782305  0.303002  0.544232  0.353074  -0.504093  0.788181  -0.039175  0.053805  0.040768  -1.230419  -3.293201  -2.480078  1.000000  
110.951752 0.029064  -0.016189  -0.026455  0.514397  0.807536  0.288585  -0.784185  0.306760  0.539400  0.347058  -0.503770  0.791054  -0.039421  0.053925  0.039601  -1.257366  -3.378209  -2.507337  1.000000  
110.953002 0.029013  -0.016120  -0.026413  0.515534  0.806434  0.289636  -0.785918  0.310338  0.534812  0.341405  -0.503343  0.793781  -0.039659  0.054060  0.038591  -1.284529  -3.455767  -2.529247  1.000000  
110.954252 0.028962  -0.016052  -0.026368  0.516751  0.805259  0.290736  -0.787773  0.314258  0.529770  0.335236  -0.502793  0.796754  -0.039792  0.054116  0.038263  -1.315833  -3.537597  -2.552699  1.000000  
110.955252 0.028922  -0.015998  -0.026330  0.517703  0.804279  0.291751  -0.789225  0.317283  0.525791  0.330315  -0.502460  0.799015  -0.039874  0.054194  0.038276  -1.338051  -3.600027  -2.572798  1.000000  
110.956502 0.028869  -0.015932  -0.026282  0.518880  0.803112  0.292874  -0.791018  0.321178  0.520706  0.324120  -0.501853  0.801929  -0.040087  0.054066  0.038492  -1.365765  -3.675132  -2.590833  1.000000  
110.957752 0.028818  -0.015866  -0.026233  0.520151  0.801991  0.293690  -0.792600  0.325174  0.515797  0.318165  -0.501071  0.804798  -0.040182  0.054053  0.038602  -1.399509  -3.723329  -2.605007  1.000000  
110.959002 0.028767  -0.015800  -0.026186  0.521284  0.800832  0.294840  -0.794327  0.329040  0.510664  0.311942  -0.500400  0.807646  -0.040333  0.053996  0.038217  -1.425685  -3.794260  -2.627048  1.000000  
110.960012 0.028727  -0.015747  -0.026153  0.522192  0.799901  0.295759  -0.795711  0.332203  0.506443  0.306853  -0.499799  0.809964  -0.040387  0.054000  0.037306  -1.448941  -3.861493  -2.640881  1.000000  
110.961014 0.028687  -0.015694  -0.026121  0.523064  0.799046  0.296529  -0.797039  0.335360  0.502257  0.301882  -0.499058  0.812286  -0.040408  0.054007  0.036329  -1.471641  -3.913692  -2.651006  1.000000  
110.962255 0.028637  -0.015627  -0.026088  0.524225  0.797791  0.297855  -0.798809  0.339468  0.496655  0.295114  -0.498288  0.815240  -0.040486  0.053948  0.034961  -1.502887  -3.990520  -2.675427  1.000000  
110.963262 0.028598  -0.015574  -0.026065  0.525249  0.796801  0.298700  -0.800010  0.342760  0.492443  0.289997  -0.497618  0.817483  -0.040462  0.053771  0.033905  -1.524102  -4.038892  -2.690580  1.000000  
110.964505 0.028549  -0.015508  -0.026036  0.526219  0.795811  0.299631  -0.801487  0.346447  0.487436  0.284101  -0.496648  0.820139  -0.040428  0.053597  0.032815  -1.551455  -4.089200  -2.697035  1.000000  
110.965753 0.028500  -0.015443  -0.026005  0.527334  0.794755  0.300474  -0.802825  0.350280  0.482469  0.278194  -0.495650  0.822763  -0.040332  0.053293  0.032224  -1.577354  -4.121227  -2.698973  1.000000  
110.966754 0.028460  -0.015392  -0.025977  0.528163  0.793847  0.301413  -0.804088  0.353483  0.478008  0.272921  -0.494830  0.825020  -0.040233  0.053055  0.031782  -1.597577  -4.157581  -2.705622  1.000000  
110.968008 0.028412  -0.015329  -0.025942  0.529320  0.792727  0.302331  -0.805487  0.357621  0.472544  0.266479  -0.493650  0.827827  -0.040103  0.052645  0.031319  -1.638624  -4.200937  -2.721277  1.000000  
110.969252 0.028362  -0.015266  -0.025905  0.530268  0.791760  0.303202  -0.806930  0.361575  0.467041  0.260154  -0.492320  0.830627  -0.039970  0.052377  0.030767  -1.674540  -4.252200  -2.725972  1.000000  
110.970252 0.028324  -0.015216  -0.025878  0.531210  0.790866  0.303885  -0.808001  0.365007  0.462498  0.254854  -0.491223  0.832916  -0.039836  0.052103  0.030079  -1.706904  -4.287602  -2.738071  1.000000  
110.971502 0.028275  -0.015152  -0.025846  0.532338  0.789765  0.304775  -0.809353  0.369304  0.456686  0.248120  -0.489782  0.835793  -0.039597  0.052042  0.029118  -1.747235  -4.327976  -2.750212  1.000000  
110.972502 0.028236  -0.015100  -0.025823  0.533227  0.788953  0.305324  -0.810342  0.372701  0.452151  0.242932  -0.488516  0.838055  -0.039467  0.051918  0.027791  -1.779046  -4.346315  -2.758933  1.000000  
110.973752 0.028188  -0.015034  -0.025796  0.534108  0.788012  0.306211  -0.811681  0.376680  0.446415  0.236437  -0.486980  0.840802  -0.039211  0.051984  0.026425  -1.816984  -4.378806  -2.758225  1.000000  
110.974753 0.028150  -0.014981  -0.025777  0.534997  0.787101  0.307002  -0.812668  0.380095  0.441700  0.230973  -0.485799  0.843001  -0.039119  0.051994  0.025565  -1.842960  -4.410730  -2.774536  1.000000  
110.975757 0.028112  -0.014927  -0.025757  0.535854  0.786267  0.307645  -0.813604  0.383492  0.437016  0.225632  -0.484477  0.845205  -0.039013  0.052010  0.024791  -1.876141  -4.433877  -2.784515  1.000000  
110.976758 0.028073  -0.014874  -0.025737  0.536526  0.785517  0.308387  -0.814625  0.386710  0.432251  0.220284  -0.483134  0.847382  -0.038882  0.051962  0.024271  -1.902206  -4.461734  -2.782313  1.000000  
110.977769 0.028035  -0.014821  -0.025715  0.537319  0.784763  0.308925  -0.815464  0.389965  0.427722  0.215191  -0.481740  0.849482  -0.038824  0.051891  0.024136  -1.935712  -4.469312  -2.783546  1.000000  
110.979015 0.027987  -0.014756  -0.025687  0.538313  0.783707  0.309874  -0.816606  0.394210  0.421607  0.208261  -0.480002  0.852189  -0.038745  0.051873  0.024047  -1.970201  -4.500615  -2.795412  1.000000  
110.980259 0.027938  -0.014690  -0.025656  0.539098  0.782813  0.310768  -0.817796  0.398262  0.415447  0.201451  -0.478111  0.854884  -0.038672  0.051930  0.024055  -2.002297  -4.519395  -2.791100  1.000000  
110.981506 0.027891  -0.014624  -0.025625  0.539813  0.781997  0.311579  -0.818882  0.402075  0.409596  0.195025  -0.476252  0.857409  -0.038607  0.052062  0.023858  -2.034468  -4.530212  -2.782709  1.000000  
110.982754 0.027844  -0.014558  -0.025598  0.540547  0.781124  0.312498  -0.819995  0.406068  0.403382  0.188196  -0.474293  0.860016  -0.038536  0.052254  0.023335  -2.070673  -4.564426  -2.787765  1.000000  
110.984009 0.027797  -0.014492  -0.025574  0.541241  0.780295  0.313365  -0.821048  0.409979  0.397238  0.181490  -0.472289  0.862557  -0.038342  0.052438  0.022422  -2.098250  -4.578523  -2.780019  1.000000  
110.985252 0.027750  -0.014425  -0.025555  0.541715  0.779707  0.314008  -0.822135  0.413688  0.391096  0.175039  -0.470020  0.865126  -0.038214  0.052720  0.021506  -2.135548  -4.590072  -2.763468  1.000000  
110.986252 0.027713  -0.014371  -0.025541  0.542223  0.779127  0.314573  -0.822906  0.416775  0.386167  0.169767  -0.468253  0.867132  -0.038074  0.052956  0.020650  -2.165347  -4.600146  -2.755434  1.000000  
110.987502 0.027668  -0.014303  -0.025522  0.542836  0.778438  0.315219  -0.823836  0.420639  0.379945  0.163170  -0.465936  0.869643  -0.037860  0.053129  0.020051  -2.195794  -4.622893  -2.743672  1.000000  
110.988502 0.027633  -0.014249  -0.025504  0.543297  0.777907  0.315736  -0.824535  0.423627  0.375076  0.158020  -0.464114  0.871567  -0.037678  0.053211  0.019813  -2.219844  -4.628758  -2.733595  1.000000  
110.989752 0.027589  -0.014181  -0.025477  0.543685  0.777283  0.316603  -0.825495  0.427130  0.368943  0.151543  -0.461943  0.873867  -0.037395  0.053313  0.020039  -2.243892  -4.635110  -2.714401  1.000000  
110.991005 0.027546  -0.014113  -0.025447  0.544220  0.776583  0.317402  -0.826307  0.430762  0.362852  0.145059  -0.459742  0.876125  -0.036990  0.053378  0.020306  -2.264250  -4.643575  -2.702461  1.000000  
110.992009 0.027512  -0.014061  -0.025422  0.544469  0.776131  0.318080  -0.827055  0.433571  0.357765  0.139762  -0.457862  0.877969  -0.036868  0.053462  0.020646  -2.288688  -4.639573  -2.678035  1.000000  
110.993023 0.027477  -0.014008  -0.025397  0.544853  0.775703  0.318467  -0.827638  0.436459  0.352872  0.134726  -0.455838  0.879807  -0.036519  0.053287  0.020751  -2.314774  -4.639672  -2.656581  1.000000  
110.994279 0.027433  -0.013943  -0.025365  0.545165  0.775165  0.319239  -0.828485  0.439985  0.346448  0.128094  -0.453356  0.882077  -0.036180  0.053283  0.020953  -2.344567  -4.664047  -2.645403  1.000000  
110.995505 0.027391  -0.013878  -0.025336  0.545624  0.774588  0.319855  -0.829182  0.443677  0.340011  0.121456  -0.450737  0.884356  -0.035875  0.053283  0.020894  -2.381433  -4.694370  -2.637075  1.000000  
110.996758 0.027349  -0.013812  -0.025308  0.545888  0.774076  0.320644  -0.829954  0.447133  0.333538  0.114813  -0.448195  0.886532  -0.035506  0.053205  0.020776  -2.408021  -4.700489  -2.615199  1.000000  
110.998009 0.027308  -0.013747  -0.025279  0.546290  0.773517  0.321308  -0.830566  0.450663  0.327206  0.108298  -0.445617  0.888649  -0.035093  0.053118  0.020901  -2.430799  -4.707017  -2.593192  1.000000  
110.999254 0.027266  -0.013682  -0.025248  0.546676  0.772976  0.321953  -0.831152  0.454246  0.320696  0.101645  -0.442909  0.890786  -0.034683  0.053047  0.021574  -2.454206  -4.722758  -2.575467  1.000000  
111.000503 0.027225  -0.013618  -0.025217  0.547051  0.772344  0.322832  -0.831723  0.457853  0.314019  0.094721  -0.440291  0.892845  -0.034371  0.052869  0.022452  -2.466611  -4.731185  -2.561118  1.000000  
111.001752 0.027184  -0.013553  -0.025181  0.547380  0.771781  0.323617  -0.832224  0.461238  0.307674  0.088192  -0.437737  0.894767  -0.034102  0.052683  0.023501  -2.477871  -4.730558  -2.534903  1.000000  
111.003002 0.027142  -0.013490  -0.025142  0.547692  0.771278  0.324290  -0.832698  0.464710  0.301095  0.081527  -0.434943  0.896760  -0.033939  0.052390  0.024775  -2.496974  -4.745353  -2.516223  1.000000  
111.004003 0.027108  -0.013440  -0.025110  0.547941  0.770733  0.325164  -0.833076  0.467556  0.295593  0.075791  -0.432854  0.898272  -0.033733  0.052104  0.025679  -2.508015  -4.762249  -2.503038  1.000000  
111.005252 0.027065  -0.013378  -0.025070  0.548389  0.770092  0.325925  -0.833384  0.471215  0.288839  0.068852  -0.430017  0.900191  -0.033766  0.051669  0.026406  -2.528546  -4.770170  -2.488384  1.000000  
111.006502 0.027020  -0.013316  -0.025031  0.548630  0.769703  0.326438  -0.833750  0.474648  0.282082  0.062176  -0.426926  0.902146  -0.033890  0.051390  0.026936  -2.553573  -4.775295  -2.471169  1.000000  
111.007764 0.026973  -0.013255  -0.024994  0.549026  0.769127  0.327128  -0.833978  0.478259  0.275225  0.055231  -0.423924  0.904012  -0.034192  0.051138  0.027297  -2.572520  -4.794015  -2.463342  1.000000  
111.009002 0.026924  -0.013194  -0.024959  0.549396  0.768564  0.327830  -0.834166  0.481828  0.268345  0.048283  -0.420893  0.905825  -0.034600  0.050893  0.027555  -2.593631  -4.799499  -2.446665  1.000000  
111.010005 0.026883  -0.013147  -0.024929  0.549708  0.768123  0.328342  -0.834266  0.484728  0.262751  0.042669  -0.418361  0.907278  -0.035036  0.050453  0.027908  -2.609941  -4.805532  -2.441253  1.000000  
111.011258 0.026831  -0.013088  -0.024889  0.550030  0.767543  0.329157  -0.834381  0.488189  0.255891  0.035717  -0.415391  0.908942  -0.035637  0.049978  0.028707  -2.627987  -4.817795  -2.434214  1.000000  
111.012504 0.026778  -0.013030  -0.024845  0.550326  0.767016  0.329891  -0.834455  0.491639  0.248951  0.028763  -0.412283  0.910602  -0.036401  0.049579  0.029690  -2.645217  -4.823044  -2.424775  1.000000  
111.013505 0.026734  -0.012984  -0.024806  0.550576  0.766594  0.330453  -0.834460  0.494366  0.243471  0.023279  -0.409800  0.911878  -0.037150  0.049090  0.030891  -2.657824  -4.825787  -2.418117  1.000000  
111.014755 0.026679  -0.012926  -0.024756  0.550825  0.766102  0.331180  -0.834464  0.497812  0.236332  0.016189  -0.406536  0.913491  -0.038179  0.048654  0.032066  -2.670582  -4.847240  -2.415598  1.000000  
111.016010 0.026622  -0.012868  -0.024705  0.551045  0.765683  0.331783  -0.834423  0.501123  0.229377  0.009366  -0.403244  0.915045  -0.039212  0.048210  0.033264  -2.687516  -4.852618  -2.413126  1.000000  
111.017252 0.026564  -0.012810  -0.024654  0.551067  0.765381  0.332441  -0.834457  0.504232  0.222333  0.002542  -0.399928  0.916543  -0.040173  0.047899  0.034104  -2.700191  -4.866272  -2.398960  1.000000  
111.018502 0.026504  -0.012753  -0.024606  0.551235  0.764932  0.333196  -0.834338  0.507542  0.215133  -0.004549  -0.396587  0.917986  -0.041370  0.047515  0.034671  -2.714207  -4.886438  -2.397347  1.000000  
111.019502 0.026456  -0.012706  -0.024569  0.551383  0.764544  0.333840  -0.834189  0.510214  0.209311  -0.010302  -0.393896  0.919097  -0.042489  0.047207  0.035058  -2.733725  -4.904320  -2.403687  1.000000  
111.020752 0.026395  -0.012649  -0.024525  0.551502  0.764231  0.334360  -0.833995  0.513445  0.202055  -0.017259  -0.390288  0.920531  -0.043650  0.046894  0.035397  -2.762503  -4.922321  -2.399006  1.000000  
111.022002 0.026331  -0.012593  -0.024479  0.551589  0.763847  0.335094  -0.833753  0.516757  0.194470  -0.024616  -0.386653  0.921897  -0.044678  0.046544  0.035866  -2.784462  -4.944329  -2.404521  1.000000  
111.023254 0.026267  -0.012537  -0.024434  0.551652  0.763605  0.335540  -0.833476  0.519910  0.187111  -0.031571  -0.382885  0.923257  -0.045760  0.046245  0.036407  -2.805087  -4.967634  -2.400551  1.000000  
111.024503 0.026202  -0.012482  -0.024386  0.551698  0.763381  0.335974  -0.833172  0.522841  0.180169  -0.038123  -0.379324  0.924478  -0.046852  0.045887  0.037329  -2.820807  -4.965373  -2.393279  1.000000  
111.025503 0.026150  -0.012437  -0.024346  0.551736  0.763065  0.336630  -0.832857  0.525390  0.174109  -0.044006  -0.376427  0.925400  -0.047487  0.045741  0.037871  -2.831955  -4.984425  -2.392270  1.000000  
111.026762 0.026084  -0.012382  -0.024295  0.551725  0.762824  0.337192  -0.832468  0.528381  0.166763  -0.050955  -0.372709  0.926548  -0.048502  0.045469  0.038522  -2.850456  -4.999666  -2.391389  1.000000  
111.028008 0.026018  -0.012327  -0.024244  0.551695  0.762654  0.337625  -0.832052  0.531239  0.159606  -0.057635  -0.368976  0.927650  -0.049271  0.045292  0.038804  -2.871317  -5.005065  -2.380811  1.000000  
111.029255 0.025951  -0.012271  -0.024196  0.551803  0.762335  0.338171  -0.831470  0.534287  0.152296  -0.064580  -0.365217  0.928680  -0.050032  0.045196  0.038682  -2.890427  -5.017411  -2.378694  1.000000  
111.030255 0.025897  -0.012227  -0.024157  0.551765  0.762120  0.338716  -0.831041  0.536600  0.146392  -0.070187  -0.362261  0.929430  -0.050663  0.045019  0.038506  -2.902024  -5.021536  -2.370811  1.000000  
111.031503 0.025830  -0.012170  -0.024112  0.551817  0.761842  0.339256  -0.830379  0.539613  0.138885  -0.077259  -0.358350  0.930385  -0.051263  0.044910  0.038161  -2.929576  -5.041032  -2.372780  1.000000  
111.032504 0.025776  -0.012125  -0.024073  0.551922  0.761715  0.339371  -0.829795  0.541978  0.133040  -0.082593  -0.355036  0.931197  -0.051811  0.044825  0.038070  -2.953090  -5.042657  -2.370184  1.000000  
111.033504 0.025722  -0.012080  -0.024036  0.552011  0.761555  0.339585  -0.829188  0.544293  0.127250  -0.087926  -0.351823  0.931928  -0.052251  0.044797  0.037993  -2.972435  -5.035983  -2.364391  1.000000  
111.034751 0.025654  -0.012023  -0.023987  0.552177  0.761296  0.339896  -0.828328  0.547259  0.119914  -0.094721  -0.347759  0.932787  -0.052737  0.044813  0.038295  -2.994924  -5.029929  -2.354552  1.000000  
111.035752 0.025598  -0.011977  -0.023947  0.552244  0.761248  0.339895  -0.827690  0.549434  0.114244  -0.099781  -0.344418  0.933499  -0.053105  0.044780  0.038521  -3.014671  -5.025138  -2.348545  1.000000  
111.036752 0.025543  -0.011933  -0.023905  0.552280  0.761116  0.340130  -0.827006  0.551638  0.108425  -0.105105  -0.341171  0.934107  -0.053444  0.044789  0.038939  -3.025536  -5.029679  -2.339344  1.000000  
111.037759 0.025487  -0.011887  -0.023863  0.552292  0.760968  0.340442  -0.826287  0.553846  0.102493  -0.110559  -0.337909  0.934663  -0.053722  0.044806  0.039288  -3.039582  -5.026615  -2.334955  1.000000  
111.039001 0.025417  -0.011830  -0.023810  0.552387  0.760847  0.340559  -0.825326  0.556565  0.095250  -0.117072  -0.333687  0.935386  -0.054105  0.044927  0.039719  -3.061341  -5.017384  -2.322705  1.000000  
111.040008 0.025360  -0.011785  -0.023769  0.552567  0.760745  0.340495  -0.824493  0.558715  0.089718  -0.121987  -0.330311  0.935956  -0.054398  0.044949  0.039796  -3.082989  -5.002913  -2.313522  1.000000  
111.041252 0.025290  -0.011728  -0.023719  0.552628  0.760670  0.340562  -0.823484  0.561301  0.082557  -0.128359  -0.326070  0.936591  -0.054711  0.045076  0.039759  -3.102251  -4.987135  -2.298577  1.000000  
111.042252 0.025232  -0.011683  -0.023681  0.552766  0.760560  0.340585  -0.822590  0.563411  0.076903  -0.133400  -0.322671  0.937063  -0.054991  0.045154  0.039640  -3.119873  -4.971941  -2.288931  1.000000  
111.043503 0.025161  -0.011626  -0.023633  0.552794  0.760574  0.340508  -0.821536  0.565873  0.069756  -0.139629  -0.318300  0.937651  -0.055350  0.045249  0.039480  -3.145332  -4.959144  -2.275364  1.000000  
111.044515 0.025103  -0.011581  -0.023594  0.552909  0.760588  0.340292  -0.820611  0.567886  0.064052  -0.144530  -0.314662  0.938136  -0.055635  0.045250  0.039428  -3.167989  -4.935146  -2.262054  1.000000  
