1-Time 2-Px 3-Py 4-Pz 5-R11 6-R21 7-R31 8-R12 9-R22 10-R32 11-R13 12-R23 13-R33 14-Vx 15-Vy 16-Vz 17-Wx 18-Wy 19-Wz 20-state 21-PR11 22-PR21 23-PR31 24-PR12 25-PR22 26-PR32 27-PR13 28-PR23 29-PR33 
92.896790 -0.000212  0.088862  -0.009496  0.999362  0.022880  -0.027432  -0.023047  0.999718  -0.005798  0.027292  0.006426  0.999607  0.000758  0.000769  0.000687  0.000000  0.000000  0.000000  2.000000  1.000000  0.000000  0.000000  0.000000  1.000000  0.000000  0.000000  0.000000  1.000000  1.000000  0.000001  0.000134  -0.000001  1.000000  -0.000000  -0.000134  -0.000000  1.000000  1.000000  0.000000  0.000000  0.000000  1.000000  0.000000  0.000000  0.000000  1.000000  0.655127  0.461466  -0.598212  -0.624897  0.775984  -0.085750  0.424632  0.429998  0.796736  0.000000  0.000000  
92.897799 -0.000212  0.088862  -0.009495  0.999362  0.022880  -0.027432  -0.023047  0.999718  -0.005798  0.027292  0.006426  0.999607  0.000727  0.000760  0.000714  0.000000  0.000000  0.000000  2.000000  1.000000  0.000000  0.000000  0.000000  1.000000  0.000000  0.000000  0.000000  1.000000  1.000000  0.000001  0.000134  -0.000001  1.000000  -0.000000  -0.000134  -0.000000  1.000000  1.000000  0.000000  0.000000  0.000000  1.000000  0.000000  0.000000  0.000000  1.000000  1.000000  0.000000  0.000000  0.000000  1.000000  0.000000  0.000000  0.000000  1.000000  0.000000  0.000000  
92.899047 -0.000212  0.088860  -0.009498  0.999357  0.023085  -0.027433  -0.023253  0.999713  -0.005792  0.027292  0.006426  0.999607  0.000607  0.000498  0.000406  0.000000  0.000000  0.000000  2.000000  1.000000  0.000000  0.000000  0.000000  1.000000  0.000000  0.000000  0.000000  1.000000  1.000000  0.000207  0.000132  -0.000207  1.000000  0.000006  -0.000132  -0.000006  1.000000  1.000000  0.000000  0.000000  0.000000  1.000000  0.000000  0.000000  0.000000  1.000000  1.000000  0.000000  0.000000  0.000000  1.000000  0.000000  0.000000  0.000000  1.000000  0.000000  0.000000  
92.900301 -0.000213  0.088856  -0.009503  0.999353  0.023085  -0.027567  -0.023253  0.999713  -0.005789  0.027425  0.006426  0.999603  0.000455  0.000211  0.000079  0.000000  0.000000  0.000000  2.000000  1.000000  0.000000  0.000000  0.000000  1.000000  0.000000  0.000000  0.000000  1.000000  1.000000  0.000206  -0.000001  -0.000206  1.000000  0.000006  0.000001  -0.000006  1.000000  1.000000  0.000000  0.000000  0.000000  1.000000  0.000000  0.000000  0.000000  1.000000  1.000000  0.000000  0.000000  0.000000  1.000000  0.000000  0.000000  0.000000  1.000000  0.000000  0.000000  
92.901305 -0.000214  0.088854  -0.009506  0.999353  0.023085  -0.027567  -0.023253  0.999713  -0.005789  0.027425  0.006426  0.999603  0.000372  -0.000049  -0.000201  0.000000  0.000000  0.000000  2.000000  1.000000  0.000000  0.000000  0.000000  1.000000  0.000000  0.000000  0.000000  1.000000  1.000000  0.000206  -0.000001  -0.000206  1.000000  0.000006  0.000001  -0.000006  1.000000  1.000000  0.000000  0.000000  0.000000  1.000000  0.000000  0.000000  0.000000  1.000000  1.000000  0.000000  0.000000  0.000000  1.000000  0.000000  0.000000  0.000000  1.000000  0.000000  0.000000  
92.902551 -0.000214  0.088850  -0.009511  0.999345  0.023290  -0.027702  -0.023458  0.999708  -0.005780  0.027559  0.006426  0.999600  0.000284  -0.000340  -0.000569  0.000000  0.000000  0.000000  2.000000  1.000000  0.000000  0.000000  0.000000  1.000000  0.000000  0.000000  0.000000  1.000000  1.000000  0.000410  -0.000270  -0.000410  1.000000  0.000011  0.000270  -0.000011  1.000000  1.000000  0.000000  0.000000  0.000000  1.000000  0.000000  0.000000  0.000000  1.000000  1.000000  0.000000  0.000000  0.000000  1.000000  0.000000  0.000000  0.000000  1.000000  0.000000  0.000000  
92.903795 -0.000215  0.088846  -0.009514  0.999340  0.023495  -0.027703  -0.023664  0.999703  -0.005775  0.027559  0.006426  0.999600  0.000221  -0.000627  -0.000874  0.000000  0.000000  0.000000  2.000000  1.000000  0.000000  0.000000  0.000000  1.000000  0.000000  0.000000  0.000000  1.000000  1.000000  0.000410  -0.000270  -0.000410  1.000000  0.000011  0.000270  -0.000011  1.000000  1.000000  0.000000  0.000000  0.000000  1.000000  0.000000  0.000000  0.000000  1.000000  1.000000  0.000000  0.000000  0.000000  1.000000  0.000000  0.000000  0.000000  1.000000  0.000000  0.000000  
92.904798 -0.000215  0.088844  -0.009517  0.999340  0.023495  -0.027703  -0.023664  0.999703  -0.005775  0.027559  0.006426  0.999600  0.000150  -0.000836  -0.001111  0.000000  0.000000  0.000000  2.000000  1.000000  0.000000  0.000000  0.000000  1.000000  0.000000  0.000000  0.000000  1.000000  1.000000  0.000616  -0.000272  -0.000616  1.000000  0.000017  0.000272  -0.000017  1.000000  1.000000  0.000000  0.000000  0.000000  1.000000  0.000000  0.000000  0.000000  1.000000  1.000000  0.000000  0.000000  0.000000  1.000000  0.000000  0.000000  0.000000  1.000000  0.000000  0.000000  
92.906055 -0.000215  0.088841  -0.009521  0.999331  0.023700  -0.027838  -0.023870  0.999698  -0.005766  0.027693  0.006426  0.999596  0.000068  -0.001150  -0.001468  0.000000  0.000000  0.000000  2.000000  1.000000  0.000000  0.000000  0.000000  1.000000  0.000000  0.000000  0.000000  1.000000  1.000000  0.000821  -0.000407  -0.000821  1.000000  0.000023  0.000407  -0.000022  1.000000  1.000000  0.000000  0.000000  0.000000  1.000000  0.000000  0.000000  0.000000  1.000000  1.000000  0.000000  0.000000  0.000000  1.000000  0.000000  0.000000  0.000000  1.000000  0.000000  0.000000  
92.907299 -0.000216  0.088837  -0.009526  0.999323  0.023905  -0.027973  -0.024075  0.999694  -0.005757  0.027827  0.006426  0.999592  -0.000059  -0.001443  -0.001864  0.000000  0.000000  0.000000  2.000000  1.000000  0.000000  0.000000  0.000000  1.000000  0.000000  0.000000  0.000000  1.000000  0.999999  0.001026  -0.000408  -0.001026  0.999999  0.000029  0.000408  -0.000028  1.000000  1.000000  0.000000  0.000000  0.000000  1.000000  0.000000  0.000000  0.000000  1.000000  1.000000  0.000000  0.000000  0.000000  1.000000  0.000000  0.000000  0.000000  1.000000  0.000000  0.000000  
92.908550 -0.000217  0.088834  -0.009533  0.999318  0.024108  -0.027977  -0.024281  0.999688  -0.005872  0.027827  0.006547  0.999591  -0.000199  -0.001745  -0.002356  0.000000  0.000000  0.000000  2.000000  1.000000  0.000000  0.000000  0.000000  1.000000  0.000000  0.000000  0.000000  1.000000  0.999999  0.001231  -0.000543  -0.001231  0.999999  -0.000087  0.000543  0.000088  1.000000  1.000000  0.000000  0.000000  0.000000  1.000000  0.000000  0.000000  0.000000  1.000000  1.000000  0.000000  0.000000  0.000000  1.000000  0.000000  0.000000  0.000000  1.000000  0.000000  0.000000  
92.909797 -0.000218  0.088831  -0.009539  0.999309  0.024313  -0.028112  -0.024487  0.999683  -0.005863  0.027960  0.006547  0.999588  -0.000315  -0.001999  -0.002840  0.000000  0.000000  0.000000  2.000000  1.000000  0.000000  0.000000  0.000000  1.000000  0.000000  0.000000  0.000000  1.000000  0.999999  0.001436  -0.000678  -0.001436  0.999999  -0.000081  0.000678  0.000082  1.000000  1.000000  0.000000  0.000000  0.000000  1.000000  0.000000  0.000000  0.000000  1.000000  1.000000  0.000000  0.000000  0.000000  1.000000  0.000000  0.000000  0.000000  1.000000  0.000000  0.000000  
92.911045 -0.000219  0.088827  -0.009547  0.999300  0.024514  -0.028250  -0.024692  0.999677  -0.005975  0.028094  0.006669  0.999583  -0.000493  -0.002357  -0.003438  0.000000  0.000000  0.000000  2.000000  1.000000  0.000000  0.000000  0.000000  1.000000  0.000000  0.000000  0.000000  1.000000  0.999998  0.001641  -0.000814  -0.001641  0.999999  -0.000196  0.000813  0.000198  1.000000  1.000000  0.000000  0.000000  0.000000  1.000000  0.000000  0.000000  0.000000  1.000000  1.000000  0.000000  0.000000  0.000000  1.000000  0.000000  0.000000  0.000000  1.000000  0.000000  0.000000  
92.912296 -0.000221  0.088822  -0.009554  0.999291  0.024716  -0.028388  -0.024898  0.999671  -0.006087  0.028228  0.006790  0.999578  -0.000627  -0.002688  -0.003901  0.000000  0.000000  0.000000  2.000000  1.000000  0.000000  0.000000  0.000000  1.000000  0.000000  0.000000  0.000000  1.000000  0.999998  0.001846  -0.000949  -0.001846  0.999998  -0.000190  0.000949  0.000192  1.000000  1.000000  0.000000  0.000000  0.000000  1.000000  0.000000  0.000000  0.000000  1.000000  1.000000  0.000000  0.000000  0.000000  1.000000  0.000000  0.000000  0.000000  1.000000  0.000000  0.000000  
92.913546 -0.000225  0.088816  -0.009562  0.999282  0.024920  -0.028523  -0.025104  0.999666  -0.006078  0.028362  0.006790  0.999575  -0.000857  -0.003004  -0.004364  0.000000  0.000000  0.000000  2.000000  1.000000  0.000000  0.000000  0.000000  1.000000  0.000000  0.000000  0.000000  1.000000  0.999997  0.002051  -0.001084  -0.002051  0.999998  -0.000305  0.001084  0.000308  0.999999  1.000000  0.000000  0.000000  0.000000  1.000000  0.000000  0.000000  0.000000  1.000000  1.000000  0.000000  0.000000  0.000000  1.000000  0.000000  0.000000  0.000000  1.000000  0.000000  0.000000  
92.914796 -0.000227  0.088810  -0.009570  0.999277  0.025123  -0.028527  -0.025309  0.999660  -0.006194  0.028362  0.006911  0.999574  -0.000939  -0.003207  -0.004563  0.000000  0.000000  0.000000  2.000000  1.000000  0.000000  0.000000  0.000000  1.000000  0.000000  0.000000  0.000000  1.000000  0.999997  0.002256  -0.001086  -0.002257  0.999997  -0.000421  0.001085  0.000423  0.999999  1.000000  0.000000  0.000000  0.000000  1.000000  0.000000  0.000000  0.000000  1.000000  1.000000  0.000000  0.000000  0.000000  1.000000  0.000000  0.000000  0.000000  1.000000  0.000000  0.000000  
92.915798 -0.000230  0.088805  -0.009575  0.999268  0.025328  -0.028662  -0.025515  0.999655  -0.006184  0.028495  0.006911  0.999570  -0.001030  -0.003333  -0.004695  0.000000  0.000000  0.000000  2.000000  1.000000  0.000000  0.000000  0.000000  1.000000  0.000000  0.000000  0.000000  1.000000  0.999996  0.002461  -0.001221  -0.002462  0.999997  -0.000415  0.001220  0.000418  0.999999  1.000000  0.000000  0.000000  0.000000  1.000000  0.000000  0.000000  0.000000  1.000000  1.000000  0.000000  0.000000  0.000000  1.000000  0.000000  0.000000  0.000000  1.000000  0.000000  0.000000  
92.917048 -0.000232  0.088799  -0.009581  0.999263  0.025533  -0.028663  -0.025721  0.999650  -0.006178  0.028495  0.006911  0.999570  -0.001199  -0.003524  -0.004786  0.000000  0.000000  0.000000  2.000000  1.000000  0.000000  0.000000  0.000000  1.000000  0.000000  0.000000  0.000000  1.000000  0.999996  0.002667  -0.001223  -0.002667  0.999996  -0.000409  0.001221  0.000412  0.999999  1.000000  0.000000  0.000000  0.000000  1.000000  0.000000  0.000000  0.000000  1.000000  1.000000  0.000000  0.000000  0.000000  1.000000  0.000000  0.000000  0.000000  1.000000  0.000000  0.000000  
92.918302 -0.000234  0.088792  -0.009587  0.999254  0.025735  -0.028801  -0.025926  0.999644  -0.006290  0.028629  0.007032  0.999565  -0.001354  -0.003734  -0.004984  0.000000  0.000000  0.000000  2.000000  1.000000  0.000000  0.000000  0.000000  1.000000  0.000000  0.000000  0.000000  1.000000  0.999995  0.002873  -0.001224  -0.002873  0.999996  -0.000524  0.001223  0.000528  0.999999  1.000000  0.000000  0.000000  0.000000  1.000000  0.000000  0.000000  0.000000  1.000000  1.000000  0.000000  0.000000  0.000000  1.000000  0.000000  0.000000  0.000000  1.000000  0.000000  0.000000  
92.919563 -0.000237  0.088785  -0.009594  0.999248  0.025941  -0.028802  -0.026132  0.999639  -0.006284  0.028629  0.007032  0.999565  -0.001458  -0.003954  -0.005168  0.000000  0.000000  0.000000  2.000000  1.000000  0.000000  0.000000  0.000000  1.000000  0.000000  0.000000  0.000000  1.000000  0.999995  0.002872  -0.001358  -0.002872  0.999996  -0.000524  0.001357  0.000528  0.999999  1.000000  0.000000  0.000000  0.000000  1.000000  0.000000  0.000000  0.000000  1.000000  1.000000  0.000000  0.000000  0.000000  1.000000  0.000000  0.000000  0.000000  1.000000  0.000000  0.000000  
92.920796 -0.000239  0.088778  -0.009603  0.999243  0.026146  -0.028804  -0.026338  0.999633  -0.006278  0.028629  0.007032  0.999565  -0.001575  -0.004206  -0.005465  0.000000  0.000000  0.000000  2.000000  1.000000  0.000000  0.000000  0.000000  1.000000  0.000000  0.000000  0.000000  1.000000  0.999995  0.003078  -0.001226  -0.003079  0.999995  -0.000518  0.001224  0.000522  0.999999  1.000000  0.000000  0.000000  0.000000  1.000000  0.000000  0.000000  0.000000  1.000000  1.000000  0.000000  0.000000  0.000000  1.000000  0.000000  0.000000  0.000000  1.000000  0.000000  0.000000  
92.921796 -0.000240  0.088773  -0.009610  0.999239  0.026146  -0.028937  -0.026338  0.999633  -0.006275  0.028763  0.007032  0.999562  -0.001659  -0.004367  -0.005718  0.000000  0.000000  0.000000  2.000000  1.000000  0.000000  0.000000  0.000000  1.000000  0.000000  0.000000  0.000000  1.000000  0.999994  0.003077  -0.001360  -0.003078  0.999995  -0.000518  0.001358  0.000522  0.999999  1.000000  0.000000  0.000000  0.000000  1.000000  0.000000  0.000000  0.000000  1.000000  1.000000  0.000000  0.000000  0.000000  1.000000  0.000000  0.000000  0.000000  1.000000  0.000000  0.000000  
92.922797 -0.000242  0.088768  -0.009618  0.999234  0.026351  -0.028939  -0.026543  0.999628  -0.006269  0.028763  0.007032  0.999562  -0.001734  -0.004591  -0.005911  0.000000  0.000000  0.000000  2.000000  1.000000  0.000000  0.000000  0.000000  1.000000  0.000000  0.000000  0.000000  1.000000  0.999995  0.003078  -0.001226  -0.003079  0.999995  -0.000518  0.001224  0.000521  0.999999  1.000000  0.000000  0.000000  0.000000  1.000000  0.000000  0.000000  0.000000  1.000000  1.000000  0.000000  0.000000  0.000000  1.000000  0.000000  0.000000  0.000000  1.000000  0.000000  0.000000  
92.924051 -0.000244  0.088761  -0.009626  0.999228  0.026557  -0.028940  -0.026749  0.999623  -0.006263  0.028763  0.007032  0.999562  -0.001772  -0.004816  -0.006074  0.000000  0.000000  0.000000  2.000000  1.000000  0.000000  0.000000  0.000000  1.000000  0.000000  0.000000  0.000000  1.000000  0.999994  0.003284  -0.001227  -0.003285  0.999994  -0.000512  0.001225  0.000516  0.999999  1.000000  0.000000  0.000000  0.000000  1.000000  0.000000  0.000000  0.000000  1.000000  1.000000  0.000000  0.000000  0.000000  1.000000  0.000000  0.000000  0.000000  1.000000  0.000000  0.000000  
92.925296 -0.000246  0.088754  -0.009635  0.999223  0.026763  -0.028941  -0.026955  0.999617  -0.006257  0.028763  0.007032  0.999562  -0.001831  -0.005019  -0.006217  0.000000  0.000000  0.000000  2.000000  1.000000  0.000000  0.000000  0.000000  1.000000  0.000000  0.000000  0.000000  1.000000  0.999994  0.003284  -0.001227  -0.003285  0.999994  -0.000512  0.001225  0.000516  0.999999  1.000000  0.000000  0.000000  0.000000  1.000000  0.000000  0.000000  0.000000  1.000000  1.000000  0.000000  0.000000  0.000000  1.000000  0.000000  0.000000  0.000000  1.000000  0.000000  0.000000  
92.926545 -0.000249  0.088748  -0.009642  0.999221  0.026970  -0.028809  -0.027161  0.999612  -0.006255  0.028629  0.007032  0.999565  -0.001913  -0.005151  -0.006201  0.000000  0.000000  0.000000  2.000000  1.000000  0.000000  0.000000  0.000000  1.000000  0.000000  0.000000  0.000000  1.000000  0.999994  0.003286  -0.000960  -0.003286  0.999994  -0.000512  0.000958  0.000515  0.999999  1.000000  0.000000  0.000000  0.000000  1.000000  0.000000  0.000000  0.000000  1.000000  1.000000  0.000000  0.000000  0.000000  1.000000  0.000000  0.000000  0.000000  1.000000  0.000000  0.000000  
92.927547 -0.000251  0.088743  -0.009647  0.999221  0.026970  -0.028809  -0.027161  0.999612  -0.006255  0.028629  0.007032  0.999565  -0.001900  -0.005193  -0.006059  0.000000  0.000000  0.000000  2.000000  1.000000  0.000000  0.000000  0.000000  1.000000  0.000000  0.000000  0.000000  1.000000  0.999995  0.003081  -0.000824  -0.003082  0.999995  -0.000518  0.000823  0.000521  1.000000  1.000000  0.000000  0.000000  0.000000  1.000000  0.000000  0.000000  0.000000  1.000000  1.000000  0.000000  0.000000  0.000000  1.000000  0.000000  0.000000  0.000000  1.000000  0.000000  0.000000  
92.928547 -0.000253  0.088738  -0.009652  0.999215  0.027172  -0.028813  -0.027366  0.999605  -0.006370  0.028629  0.007154  0.999565  -0.001917  -0.005207  -0.005979  0.000000  0.000000  0.000000  2.000000  1.000000  0.000000  0.000000  0.000000  1.000000  0.000000  0.000000  0.000000  1.000000  0.999995  0.003081  -0.000825  -0.003081  0.999995  -0.000518  0.000823  0.000521  1.000000  1.000000  0.000000  0.000000  0.000000  1.000000  0.000000  0.000000  0.000000  1.000000  1.000000  0.000000  0.000000  0.000000  1.000000  0.000000  0.000000  0.000000  1.000000  0.000000  0.000000  
92.929796 -0.000256  0.088732  -0.009656  0.999214  0.027379  -0.028681  -0.027572  0.999600  -0.006368  0.028495  0.007154  0.999568  -0.001910  -0.005165  -0.005761  0.000000  0.000000  0.000000  2.000000  1.000000  0.000000  0.000000  0.000000  1.000000  0.000000  0.000000  0.000000  1.000000  0.999996  0.002876  -0.000689  -0.002877  0.999996  -0.000524  0.000688  0.000526  1.000000  1.000000  0.000000  0.000000  0.000000  1.000000  0.000000  0.000000  0.000000  1.000000  1.000000  0.000000  0.000000  0.000000  1.000000  0.000000  0.000000  0.000000  1.000000  0.000000  0.000000  
92.931046 -0.000259  0.088727  -0.009661  0.999214  0.027379  -0.028681  -0.027572  0.999600  -0.006368  0.028495  0.007154  0.999568  -0.001917  -0.005131  -0.005640  0.000000  0.000000  0.000000  2.000000  1.000000  0.000000  0.000000  0.000000  1.000000  0.000000  0.000000  0.000000  1.000000  0.999995  0.003084  -0.000423  -0.003084  0.999995  -0.000397  0.000422  0.000398  1.000000  1.000000  0.000000  0.000000  0.000000  1.000000  0.000000  0.000000  0.000000  1.000000  1.000000  0.000000  0.000000  0.000000  1.000000  0.000000  0.000000  0.000000  1.000000  0.000000  0.000000  
92.932295 -0.000262  0.088720  -0.009666  0.999208  0.027584  -0.028682  -0.027778  0.999594  -0.006362  0.028495  0.007154  0.999568  -0.001970  -0.005142  -0.005594  0.000000  0.000000  0.000000  2.000000  1.000000  0.000000  0.000000  0.000000  1.000000  0.000000  0.000000  0.000000  1.000000  0.999996  0.002879  -0.000288  -0.002879  0.999996  -0.000403  0.000287  0.000404  1.000000  1.000000  0.000000  0.000000  0.000000  1.000000  0.000000  0.000000  0.000000  1.000000  1.000000  0.000000  0.000000  0.000000  1.000000  0.000000  0.000000  0.000000  1.000000  0.000000  0.000000  
92.933296 -0.000266  0.088715  -0.009671  0.999208  0.027584  -0.028682  -0.027778  0.999594  -0.006362  0.028495  0.007154  0.999568  -0.002100  -0.005163  -0.005599  0.000000  0.000000  0.000000  2.000000  1.000000  0.000000  0.000000  0.000000  1.000000  0.000000  0.000000  0.000000  1.000000  0.999996  0.002673  -0.000287  -0.002673  0.999996  -0.000288  0.000286  0.000288  1.000000  1.000000  0.000000  0.000000  0.000000  1.000000  0.000000  0.000000  0.000000  1.000000  1.000000  0.000000  0.000000  0.000000  1.000000  0.000000  0.000000  0.000000  1.000000  0.000000  0.000000  
92.934300 -0.000269  0.088710  -0.009676  0.999206  0.027791  -0.028550  -0.027984  0.999588  -0.006360  0.028362  0.007154  0.999572  -0.002185  -0.005123  -0.005578  0.000000  0.000000  0.000000  2.000000  1.000000  0.000000  0.000000  0.000000  1.000000  0.000000  0.000000  0.000000  1.000000  0.999996  0.002880  -0.000154  -0.002880  0.999996  -0.000160  0.000154  0.000161  1.000000  1.000000  0.000000  0.000000  0.000000  1.000000  0.000000  0.000000  0.000000  1.000000  1.000000  0.000000  0.000000  0.000000  1.000000  0.000000  0.000000  0.000000  1.000000  0.000000  0.000000  
92.935552 -0.000273  0.088704  -0.009684  0.999200  0.027997  -0.028551  -0.028189  0.999582  -0.006354  0.028362  0.007154  0.999572  -0.002334  -0.005057  -0.005473  0.000000  0.000000  0.000000  2.000000  1.000000  0.000000  0.000000  0.000000  1.000000  0.000000  0.000000  0.000000  1.000000  0.999996  0.002676  0.000115  -0.002676  0.999996  -0.000167  -0.000115  0.000166  1.000000  1.000000  0.000000  0.000000  0.000000  1.000000  0.000000  0.000000  0.000000  1.000000  1.000000  0.000000  0.000000  0.000000  1.000000  0.000000  0.000000  0.000000  1.000000  0.000000  0.000000  
92.936801 -0.000277  0.088698  -0.009689  0.999200  0.027997  -0.028551  -0.028189  0.999582  -0.006354  0.028362  0.007154  0.999572  -0.002456  -0.004963  -0.005228  0.000000  0.000000  0.000000  2.000000  1.000000  0.000000  0.000000  0.000000  1.000000  0.000000  0.000000  0.000000  1.000000  0.999996  0.002676  0.000115  -0.002676  0.999996  -0.000167  -0.000115  0.000166  1.000000  1.000000  0.000000  0.000000  0.000000  1.000000  0.000000  0.000000  0.000000  1.000000  1.000000  0.000000  0.000000  0.000000  1.000000  0.000000  0.000000  0.000000  1.000000  0.000000  0.000000  
92.938055 -0.000280  0.088693  -0.009695  0.999194  0.028203  -0.028553  -0.028395  0.999577  -0.006348  0.028362  0.007154  0.999572  -0.002577  -0.004867  -0.004980  0.000000  0.000000  0.000000  2.000000  1.000000  0.000000  0.000000  0.000000  1.000000  0.000000  0.000000  0.000000  1.000000  0.999996  0.002676  0.000115  -0.002676  0.999996  -0.000045  -0.000115  0.000045  1.000000  1.000000  0.000000  0.000000  0.000000  1.000000  0.000000  0.000000  0.000000  1.000000  1.000000  0.000000  0.000000  0.000000  1.000000  0.000000  0.000000  0.000000  1.000000  0.000000  0.000000  
92.939299 -0.000285  0.088688  -0.009700  0.999194  0.028206  -0.028549  -0.028395  0.999577  -0.006227  0.028362  0.007032  0.999573  -0.002717  -0.004745  -0.004707  0.000000  0.000000  0.000000  2.000000  1.000000  0.000000  0.000000  0.000000  1.000000  0.000000  0.000000  0.000000  1.000000  0.999997  0.002471  0.000250  -0.002471  0.999997  -0.000051  -0.000250  0.000051  1.000000  1.000000  0.000000  0.000000  0.000000  1.000000  0.000000  0.000000  0.000000  1.000000  1.000000  0.000000  0.000000  0.000000  1.000000  0.000000  0.000000  0.000000  1.000000  0.000000  0.000000  
92.940560 -0.000289  0.088683  -0.009706  0.999192  0.028413  -0.028417  -0.028601  0.999572  -0.006225  0.028228  0.007032  0.999577  -0.002887  -0.004654  -0.004580  0.000000  0.000000  0.000000  2.000000  1.000000  0.000000  0.000000  0.000000  1.000000  0.000000  0.000000  0.000000  1.000000  0.999997  0.002472  0.000384  -0.002472  0.999997  0.000070  -0.000384  -0.000071  1.000000  1.000000  0.000000  0.000000  0.000000  1.000000  0.000000  0.000000  0.000000  1.000000  1.000000  0.000000  0.000000  0.000000  1.000000  0.000000  0.000000  0.000000  1.000000  0.000000  0.000000  
92.941804 -0.000295  0.088677  -0.009712  0.999186  0.028619  -0.028418  -0.028806  0.999566  -0.006219  0.028228  0.007032  0.999577  -0.003040  -0.004652  -0.004563  0.000000  0.000000  0.000000  2.000000  1.000000  0.000000  0.000000  0.000000  1.000000  0.000000  0.000000  0.000000  1.000000  0.999997  0.002473  0.000518  -0.002473  0.999997  0.000070  -0.000518  -0.000071  1.000000  1.000000  0.000000  0.000000  0.000000  1.000000  0.000000  0.000000  0.000000  1.000000  1.000000  0.000000  0.000000  0.000000  1.000000  0.000000  0.000000  0.000000  1.000000  0.000000  0.000000  
92.943044 -0.000300  0.088671  -0.009720  0.999184  0.028825  -0.028286  -0.029012  0.999560  -0.006217  0.028094  0.007032  0.999581  -0.003198  -0.004612  -0.004679  0.000000  0.000000  0.000000  2.000000  1.000000  0.000000  0.000000  0.000000  1.000000  0.000000  0.000000  0.000000  1.000000  0.999997  0.002474  0.000652  -0.002474  0.999997  0.000069  -0.000652  -0.000071  1.000000  1.000000  0.000000  0.000000  0.000000  1.000000  0.000000  0.000000  0.000000  1.000000  1.000000  0.000000  0.000000  0.000000  1.000000  0.000000  0.000000  0.000000  1.000000  0.000000  0.000000  
92.944050 -0.000305  0.088666  -0.009726  0.999184  0.028825  -0.028286  -0.029012  0.999560  -0.006217  0.028094  0.007032  0.999581  -0.003400  -0.004674  -0.004864  0.000000  0.000000  0.000000  2.000000  1.000000  0.000000  0.000000  0.000000  1.000000  0.000000  0.000000  0.000000  1.000000  0.999997  0.002268  0.000653  -0.002268  0.999997  0.000064  -0.000653  -0.000065  1.000000  1.000000  0.000000  0.000000  0.000000  1.000000  0.000000  0.000000  0.000000  1.000000  1.000000  0.000000  0.000000  0.000000  1.000000  0.000000  0.000000  0.000000  1.000000  0.000000  0.000000  
92.945299 -0.000312  0.088659  -0.009735  0.999182  0.029032  -0.028153  -0.029218  0.999554  -0.006215  0.027960  0.007032  0.999584  -0.003665  -0.004740  -0.005186  0.000000  0.000000  0.000000  2.000000  1.000000  0.000000  0.000000  0.000000  1.000000  0.000000  0.000000  0.000000  1.000000  0.999997  0.002269  0.000787  -0.002269  0.999997  0.000063  -0.000787  -0.000065  1.000000  1.000000  0.000000  0.000000  0.000000  1.000000  0.000000  0.000000  0.000000  1.000000  1.000000  0.000000  0.000000  0.000000  1.000000  0.000000  0.000000  0.000000  1.000000  0.000000  0.000000  
92.946544 -0.000318  0.088653  -0.009744  0.999176  0.029241  -0.028151  -0.029424  0.999548  -0.006088  0.027960  0.006911  0.999585  -0.003886  -0.004755  -0.005423  0.000000  0.000000  0.000000  2.000000  1.000000  0.000000  0.000000  0.000000  1.000000  0.000000  0.000000  0.000000  1.000000  0.999997  0.002475  0.000786  -0.002475  0.999997  0.000190  -0.000785  -0.000192  1.000000  1.000000  0.000000  0.000000  0.000000  1.000000  0.000000  0.000000  0.000000  1.000000  1.000000  0.000000  0.000000  0.000000  1.000000  0.000000  0.000000  0.000000  1.000000  0.000000  0.000000  
92.947546 -0.000324  0.088648  -0.009751  0.999176  0.029241  -0.028151  -0.029424  0.999548  -0.006088  0.027960  0.006911  0.999585  -0.004043  -0.004749  -0.005641  0.000000  0.000000  0.000000  2.000000  1.000000  0.000000  0.000000  0.000000  1.000000  0.000000  0.000000  0.000000  1.000000  0.999997  0.002268  0.000653  -0.002268  0.999997  0.000185  -0.000653  -0.000186  1.000000  1.000000  0.000000  0.000000  0.000000  1.000000  0.000000  0.000000  0.000000  1.000000  1.000000  0.000000  0.000000  0.000000  1.000000  0.000000  0.000000  0.000000  1.000000  0.000000  0.000000  
92.948552 -0.000329  0.088643  -0.009758  0.999170  0.029447  -0.028152  -0.029630  0.999542  -0.006082  0.027960  0.006911  0.999585  -0.004178  -0.004727  -0.005700  0.000000  0.000000  0.000000  2.000000  1.000000  0.000000  0.000000  0.000000  1.000000  0.000000  0.000000  0.000000  1.000000  0.999997  0.002268  0.000653  -0.002268  0.999997  0.000306  -0.000653  -0.000307  1.000000  1.000000  0.000000  0.000000  0.000000  1.000000  0.000000  0.000000  0.000000  1.000000  1.000000  0.000000  0.000000  0.000000  1.000000  0.000000  0.000000  0.000000  1.000000  0.000000  0.000000  
92.949561 -0.000335  0.088638  -0.009764  0.999164  0.029656  -0.028150  -0.029835  0.999537  -0.005955  0.027960  0.006790  0.999586  -0.004314  -0.004683  -0.005794  0.000000  0.000000  0.000000  2.000000  1.000000  0.000000  0.000000  0.000000  1.000000  0.000000  0.000000  0.000000  1.000000  0.999997  0.002268  0.000654  -0.002268  0.999997  0.000427  -0.000653  -0.000429  1.000000  1.000000  0.000000  0.000000  0.000000  1.000000  0.000000  0.000000  0.000000  1.000000  1.000000  0.000000  0.000000  0.000000  1.000000  0.000000  0.000000  0.000000  1.000000  0.000000  0.000000  
92.950565 -0.000340  0.088634  -0.009770  0.999164  0.029656  -0.028150  -0.029835  0.999537  -0.005955  0.027960  0.006790  0.999586  -0.004511  -0.004650  -0.005779  0.000000  0.000000  0.000000  2.000000  1.000000  0.000000  0.000000  0.000000  1.000000  0.000000  0.000000  0.000000  1.000000  0.999997  0.002267  0.000520  -0.002267  0.999997  0.000427  -0.000519  -0.000428  1.000000  1.000000  0.000000  0.000000  0.000000  1.000000  0.000000  0.000000  0.000000  1.000000  1.000000  0.000000  0.000000  0.000000  1.000000  0.000000  0.000000  0.000000  1.000000  0.000000  0.000000  
92.951794 -0.000347  0.088629  -0.009776  0.999158  0.029866  -0.028148  -0.030041  0.999532  -0.005828  0.027960  0.006669  0.999587  -0.004697  -0.004654  -0.005821  0.000000  0.000000  0.000000  2.000000  1.000000  0.000000  0.000000  0.000000  1.000000  0.000000  0.000000  0.000000  1.000000  0.999997  0.002473  0.000519  -0.002473  0.999997  0.000554  -0.000517  -0.000556  1.000000  1.000000  0.000000  0.000000  0.000000  1.000000  0.000000  0.000000  0.000000  1.000000  1.000000  0.000000  0.000000  0.000000  1.000000  0.000000  0.000000  0.000000  1.000000  0.000000  0.000000  
92.952814 -0.000353  0.088624  -0.009782  0.999158  0.029866  -0.028148  -0.030041  0.999532  -0.005828  0.027960  0.006669  0.999587  -0.004899  -0.004675  -0.005884  0.000000  0.000000  0.000000  2.000000  1.000000  0.000000  0.000000  0.000000  1.000000  0.000000  0.000000  0.000000  1.000000  0.999997  0.002267  0.000520  -0.002267  0.999997  0.000549  -0.000519  -0.000550  1.000000  1.000000  0.000000  0.000000  0.000000  1.000000  0.000000  0.000000  0.000000  1.000000  1.000000  0.000000  0.000000  0.000000  1.000000  0.000000  0.000000  0.000000  1.000000  0.000000  0.000000  
92.954048 -0.000360  0.088618  -0.009789  0.999151  0.030071  -0.028149  -0.030247  0.999526  -0.005822  0.027960  0.006669  0.999587  -0.005136  -0.004761  -0.006090  0.000000  0.000000  0.000000  2.000000  1.000000  0.000000  0.000000  0.000000  1.000000  0.000000  0.000000  0.000000  1.000000  0.999997  0.002473  0.000519  -0.002473  0.999997  0.000554  -0.000517  -0.000556  1.000000  1.000000  0.000000  0.000000  0.000000  1.000000  0.000000  0.000000  0.000000  1.000000  1.000000  0.000000  0.000000  0.000000  1.000000  0.000000  0.000000  0.000000  1.000000  0.000000  0.000000  
92.955053 -0.000366  0.088613  -0.009797  0.999145  0.030277  -0.028150  -0.030452  0.999519  -0.005816  0.027960  0.006669  0.999587  -0.005286  -0.004819  -0.006277  0.000000  0.000000  0.000000  2.000000  1.000000  0.000000  0.000000  0.000000  1.000000  0.000000  0.000000  0.000000  1.000000  0.999997  0.002472  0.000385  -0.002472  0.999997  0.000554  -0.000384  -0.000555  1.000000  1.000000  0.000000  0.000000  0.000000  1.000000  0.000000  0.000000  0.000000  1.000000  1.000000  0.000000  0.000000  0.000000  1.000000  0.000000  0.000000  0.000000  1.000000  0.000000  0.000000  
92.956300 -0.000374  0.088605  -0.009807  0.999145  0.030277  -0.028150  -0.030452  0.999519  -0.005816  0.027960  0.006669  0.999587  -0.005441  -0.004927  -0.006494  0.000000  0.000000  0.000000  2.000000  1.000000  0.000000  0.000000  0.000000  1.000000  0.000000  0.000000  0.000000  1.000000  0.999997  0.002266  0.000386  -0.002267  0.999997  0.000549  -0.000385  -0.000549  1.000000  1.000000  0.000000  0.000000  0.000000  1.000000  0.000000  0.000000  0.000000  1.000000  1.000000  0.000000  0.000000  0.000000  1.000000  0.000000  0.000000  0.000000  1.000000  0.000000  0.000000  
92.957553 -0.000382  0.088598  -0.009818  0.999139  0.030483  -0.028151  -0.030658  0.999513  -0.005811  0.027960  0.006669  0.999587  -0.005620  -0.005018  -0.006753  0.000000  0.000000  0.000000  2.000000  1.000000  0.000000  0.000000  0.000000  1.000000  0.000000  0.000000  0.000000  1.000000  0.999997  0.002472  0.000385  -0.002472  0.999997  0.000554  -0.000384  -0.000555  1.000000  1.000000  0.000000  0.000000  0.000000  1.000000  0.000000  0.000000  0.000000  1.000000  1.000000  0.000000  0.000000  0.000000  1.000000  0.000000  0.000000  0.000000  1.000000  0.000000  0.000000  
92.958795 -0.000390  0.088590  -0.009829  0.999129  0.030688  -0.028286  -0.030864  0.999507  -0.005801  0.028094  0.006669  0.999583  -0.005718  -0.005123  -0.006966  0.000000  0.000000  0.000000  2.000000  1.000000  0.000000  0.000000  0.000000  1.000000  0.000000  0.000000  0.000000  1.000000  0.999997  0.002472  0.000385  -0.002472  0.999997  0.000554  -0.000384  -0.000555  1.000000  1.000000  0.000000  0.000000  0.000000  1.000000  0.000000  0.000000  0.000000  1.000000  1.000000  0.000000  0.000000  0.000000  1.000000  0.000000  0.000000  0.000000  1.000000  0.000000  0.000000  
92.960048 -0.000397  0.088583  -0.009840  0.999122  0.030894  -0.028287  -0.031069  0.999500  -0.005795  0.028094  0.006669  0.999583  -0.005784  -0.005184  -0.007065  0.000000  0.000000  0.000000  2.000000  1.000000  0.000000  0.000000  0.000000  1.000000  0.000000  0.000000  0.000000  1.000000  0.999997  0.002471  0.000251  -0.002471  0.999997  0.000433  -0.000250  -0.000434  1.000000  1.000000  0.000000  0.000000  0.000000  1.000000  0.000000  0.000000  0.000000  1.000000  1.000000  0.000000  0.000000  0.000000  1.000000  0.000000  0.000000  0.000000  1.000000  0.000000  0.000000  
92.961294 -0.000404  0.088575  -0.009850  0.999122  0.030894  -0.028287  -0.031069  0.999500  -0.005795  0.028094  0.006669  0.999583  -0.005810  -0.005301  -0.007175  0.000000  0.000000  0.000000  2.000000  1.000000  0.000000  0.000000  0.000000  1.000000  0.000000  0.000000  0.000000  1.000000  0.999997  0.002470  0.000117  -0.002470  0.999997  0.000433  -0.000116  -0.000434  1.000000  1.000000  0.000000  0.000000  0.000000  1.000000  0.000000  0.000000  0.000000  1.000000  1.000000  0.000000  0.000000  0.000000  1.000000  0.000000  0.000000  0.000000  1.000000  0.000000  0.000000  
92.962294 -0.000409  0.088569  -0.009858  0.999120  0.031104  -0.028151  -0.031275  0.999495  -0.005672  0.027960  0.006547  0.999588  -0.005802  -0.005377  -0.007243  0.000000  0.000000  0.000000  2.000000  1.000000  0.000000  0.000000  0.000000  1.000000  0.000000  0.000000  0.000000  1.000000  0.999997  0.002265  0.000253  -0.002266  0.999997  0.000549  -0.000252  -0.000549  1.000000  1.000000  0.000000  0.000000  0.000000  1.000000  0.000000  0.000000  0.000000  1.000000  1.000000  0.000000  0.000000  0.000000  1.000000  0.000000  0.000000  0.000000  1.000000  0.000000  0.000000  
92.963297 -0.000414  0.088562  -0.009866  0.999120  0.031104  -0.028151  -0.031275  0.999495  -0.005672  0.027960  0.006547  0.999588  -0.005775  -0.005478  -0.007335  0.000000  0.000000  0.000000  2.000000  1.000000  0.000000  0.000000  0.000000  1.000000  0.000000  0.000000  0.000000  1.000000  0.999997  0.002470  0.000118  -0.002470  0.999997  0.000554  -0.000116  -0.000555  1.000000  1.000000  0.000000  0.000000  0.000000  1.000000  0.000000  0.000000  0.000000  1.000000  1.000000  0.000000  0.000000  0.000000  1.000000  0.000000  0.000000  0.000000  1.000000  0.000000  0.000000  
92.964563 -0.000421  0.088554  -0.009877  0.999113  0.031309  -0.028152  -0.031481  0.999488  -0.005666  0.027960  0.006547  0.999588  -0.005731  -0.005624  -0.007520  0.000000  0.000000  0.000000  2.000000  1.000000  0.000000  0.000000  0.000000  1.000000  0.000000  0.000000  0.000000  1.000000  0.999997  0.002265  0.000119  -0.002265  0.999997  0.000549  -0.000118  -0.000549  1.000000  1.000000  0.000000  0.000000  0.000000  1.000000  0.000000  0.000000  0.000000  1.000000  1.000000  0.000000  0.000000  0.000000  1.000000  0.000000  0.000000  0.000000  1.000000  0.000000  0.000000  
92.965798 -0.000427  0.088545  -0.009888  0.999113  0.031313  -0.028148  -0.031481  0.999489  -0.005545  0.027960  0.006426  0.999588  -0.005663  -0.005818  -0.007791  0.000000  0.000000  0.000000  2.000000  1.000000  0.000000  0.000000  0.000000  1.000000  0.000000  0.000000  0.000000  1.000000  0.999997  0.002264  0.000119  -0.002265  0.999997  0.000670  -0.000118  -0.000670  1.000000  1.000000  0.000000  0.000000  0.000000  1.000000  0.000000  0.000000  0.000000  1.000000  1.000000  0.000000  0.000000  0.000000  1.000000  0.000000  0.000000  0.000000  1.000000  0.000000  0.000000  
92.967061 -0.000433  0.088536  -0.009899  0.999107  0.031519  -0.028149  -0.031686  0.999483  -0.005539  0.027960  0.006426  0.999588  -0.005621  -0.006072  -0.008103  0.000000  0.000000  0.000000  2.000000  1.000000  0.000000  0.000000  0.000000  1.000000  0.000000  0.000000  0.000000  1.000000  0.999998  0.002058  -0.000013  -0.002058  0.999998  0.000543  0.000014  -0.000543  1.000000  1.000000  0.000000  0.000000  0.000000  1.000000  0.000000  0.000000  0.000000  1.000000  1.000000  0.000000  0.000000  0.000000  1.000000  0.000000  0.000000  0.000000  1.000000  0.000000  0.000000  
92.968298 -0.000439  0.088527  -0.009911  0.999107  0.031519  -0.028149  -0.031686  0.999483  -0.005539  0.027960  0.006426  0.999588  -0.005594  -0.006326  -0.008487  0.000000  0.000000  0.000000  2.000000  1.000000  0.000000  0.000000  0.000000  1.000000  0.000000  0.000000  0.000000  1.000000  0.999997  0.002264  -0.000014  -0.002264  0.999997  0.000549  0.000016  -0.000548  1.000000  1.000000  0.000000  0.000000  0.000000  1.000000  0.000000  0.000000  0.000000  1.000000  1.000000  0.000000  0.000000  0.000000  1.000000  0.000000  0.000000  0.000000  1.000000  0.000000  0.000000  
92.969306 -0.000445  0.088520  -0.009921  0.999103  0.031518  -0.028283  -0.031686  0.999483  -0.005535  0.028094  0.006426  0.999585  -0.005548  -0.006511  -0.008686  0.000000  0.000000  0.000000  2.000000  1.000000  0.000000  0.000000  0.000000  1.000000  0.000000  0.000000  0.000000  1.000000  0.999998  0.002057  -0.000147  -0.002057  0.999998  0.000543  0.000148  -0.000543  1.000000  1.000000  0.000000  0.000000  0.000000  1.000000  0.000000  0.000000  0.000000  1.000000  1.000000  0.000000  0.000000  0.000000  1.000000  0.000000  0.000000  0.000000  1.000000  0.000000  0.000000  
92.970550 -0.000452  0.088510  -0.009933  0.999096  0.031723  -0.028284  -0.031892  0.999476  -0.005529  0.028094  0.006426  0.999585  -0.005482  -0.006638  -0.008865  0.000000  0.000000  0.000000  2.000000  1.000000  0.000000  0.000000  0.000000  1.000000  0.000000  0.000000  0.000000  1.000000  0.999998  0.001851  -0.000146  -0.001851  0.999998  0.000416  0.000146  -0.000416  1.000000  1.000000  0.000000  0.000000  0.000000  1.000000  0.000000  0.000000  0.000000  1.000000  1.000000  0.000000  0.000000  0.000000  1.000000  0.000000  0.000000  0.000000  1.000000  0.000000  0.000000  
92.971559 -0.000457  0.088503  -0.009943  0.999096  0.031723  -0.028284  -0.031892  0.999476  -0.005529  0.028094  0.006426  0.999585  -0.005409  -0.006757  -0.008882  0.000000  0.000000  0.000000  2.000000  1.000000  0.000000  0.000000  0.000000  1.000000  0.000000  0.000000  0.000000  1.000000  0.999998  0.002057  -0.000147  -0.002057  0.999998  0.000422  0.000148  -0.000421  1.000000  1.000000  0.000000  0.000000  0.000000  1.000000  0.000000  0.000000  0.000000  1.000000  1.000000  0.000000  0.000000  0.000000  1.000000  0.000000  0.000000  0.000000  1.000000  0.000000  0.000000  
92.972797 -0.000463  0.088495  -0.009953  0.999100  0.031724  -0.028151  -0.031892  0.999476  -0.005533  0.027960  0.006426  0.999588  -0.005282  -0.006786  -0.008835  0.000000  0.000000  0.000000  2.000000  1.000000  0.000000  0.000000  0.000000  1.000000  0.000000  0.000000  0.000000  1.000000  0.999998  0.001852  -0.000012  -0.001852  0.999998  0.000294  0.000012  -0.000294  1.000000  1.000000  0.000000  0.000000  0.000000  1.000000  0.000000  0.000000  0.000000  1.000000  1.000000  0.000000  0.000000  0.000000  1.000000  0.000000  0.000000  0.000000  1.000000  0.000000  0.000000  
92.974050 -0.000468  0.088486  -0.009963  0.999100  0.031721  -0.028154  -0.031892  0.999475  -0.005655  0.027960  0.006547  0.999588  -0.005139  -0.006828  -0.008764  0.000000  0.000000  0.000000  2.000000  1.000000  0.000000  0.000000  0.000000  1.000000  0.000000  0.000000  0.000000  1.000000  0.999999  0.001646  -0.000011  -0.001646  0.999999  0.000167  0.000011  -0.000167  1.000000  1.000000  0.000000  0.000000  0.000000  1.000000  0.000000  0.000000  0.000000  1.000000  1.000000  0.000000  0.000000  0.000000  1.000000  0.000000  0.000000  0.000000  1.000000  0.000000  0.000000  
