1-Time 2-Px 3-Py 4-Pz 5-R11 6-R21 7-R31 8-R12 9-R22 10-R32 11-R13 12-R23 13-R33 14-Vx 15-Vy 16-Vz 17-Wx 18-Wy 19-Wz 20-state 21-PR11 22-PR21 23-PR31 24-PR12 25-PR22 26-PR32 27-PR13 28-PR23 29-PR33 
120.927373 -0.000009  0.089568  -0.005662  0.999671  0.024296  -0.008275  -0.024290  0.999705  0.000929  0.008295  -0.000728  0.999965  0.000146  0.000163  0.000214  0.000000  0.000000  0.000000  2.000000  1.000000  0.000000  0.000000  0.000000  1.000000  0.000000  0.000000  0.000000  1.000000  1.000000  -0.000000  0.000134  0.000000  1.000000  -0.000485  -0.000134  0.000485  1.000000  1.000000  0.000000  0.000000  0.000000  1.000000  0.000000  0.000000  0.000000  1.000000  0.690530  0.415542  0.592025  -0.455701  0.885566  -0.090054  -0.561699  -0.207601  0.800872  0.000000  0.000000  
120.928376 -0.000009  0.089568  -0.005662  0.999671  0.024296  -0.008275  -0.024290  0.999705  0.000929  0.008295  -0.000728  0.999965  0.000115  0.000137  0.000195  0.000000  0.000000  0.000000  2.000000  1.000000  0.000000  0.000000  0.000000  1.000000  0.000000  0.000000  0.000000  1.000000  1.000000  -0.000000  0.000134  0.000000  1.000000  -0.000485  -0.000134  0.000485  1.000000  1.000000  0.000000  0.000000  0.000000  1.000000  0.000000  0.000000  0.000000  1.000000  1.000000  0.000000  0.000000  0.000000  1.000000  0.000000  0.000000  0.000000  1.000000  0.000000  0.000000  
120.929622 -0.000011  0.089565  -0.005663  0.999671  0.024296  -0.008275  -0.024290  0.999705  0.000929  0.008295  -0.000728  0.999965  0.000019  -0.000055  0.000158  0.000000  0.000000  0.000000  2.000000  1.000000  0.000000  0.000000  0.000000  1.000000  0.000000  0.000000  0.000000  1.000000  1.000000  -0.000000  0.000134  0.000000  1.000000  -0.000485  -0.000134  0.000485  1.000000  1.000000  0.000000  0.000000  0.000000  1.000000  0.000000  0.000000  0.000000  1.000000  1.000000  0.000000  0.000000  0.000000  1.000000  0.000000  0.000000  0.000000  1.000000  0.000000  0.000000  
120.930627 -0.000012  0.089563  -0.005663  0.999666  0.024502  -0.008275  -0.024495  0.999700  0.000931  0.008295  -0.000728  0.999965  -0.000039  -0.000203  0.000098  0.000000  0.000000  0.000000  2.000000  1.000000  0.000000  0.000000  0.000000  1.000000  0.000000  0.000000  0.000000  1.000000  1.000000  0.000206  0.000134  -0.000206  1.000000  -0.000483  -0.000134  0.000483  1.000000  1.000000  0.000000  0.000000  0.000000  1.000000  0.000000  0.000000  0.000000  1.000000  1.000000  0.000000  0.000000  0.000000  1.000000  0.000000  0.000000  0.000000  1.000000  0.000000  0.000000  
120.931878 -0.000013  0.089560  -0.005664  0.999666  0.024502  -0.008275  -0.024495  0.999700  0.000931  0.008295  -0.000728  0.999965  -0.000151  -0.000466  0.000062  0.000000  0.000000  0.000000  2.000000  1.000000  0.000000  0.000000  0.000000  1.000000  0.000000  0.000000  0.000000  1.000000  1.000000  0.000206  0.000134  -0.000206  1.000000  -0.000483  -0.000134  0.000483  1.000000  1.000000  0.000000  0.000000  0.000000  1.000000  0.000000  0.000000  0.000000  1.000000  1.000000  0.000000  0.000000  0.000000  1.000000  0.000000  0.000000  0.000000  1.000000  0.000000  0.000000  
120.933121 -0.000014  0.089556  -0.005664  0.999660  0.024708  -0.008275  -0.024701  0.999694  0.000932  0.008295  -0.000728  0.999965  -0.000189  -0.000682  0.000032  0.000000  0.000000  0.000000  2.000000  1.000000  0.000000  0.000000  0.000000  1.000000  0.000000  0.000000  0.000000  1.000000  1.000000  0.000412  0.000134  -0.000412  1.000000  -0.000360  -0.000134  0.000360  1.000000  1.000000  0.000000  0.000000  0.000000  1.000000  0.000000  0.000000  0.000000  1.000000  1.000000  0.000000  0.000000  0.000000  1.000000  0.000000  0.000000  0.000000  1.000000  0.000000  0.000000  
120.934122 -0.000015  0.089554  -0.005664  0.999660  0.024707  -0.008278  -0.024701  0.999695  0.000811  0.008295  -0.000606  0.999965  -0.000264  -0.000902  -0.000027  0.000000  0.000000  0.000000  2.000000  1.000000  0.000000  0.000000  0.000000  1.000000  0.000000  0.000000  0.000000  1.000000  1.000000  0.000412  0.000134  -0.000412  1.000000  -0.000482  -0.000134  0.000482  1.000000  1.000000  0.000000  0.000000  0.000000  1.000000  0.000000  0.000000  0.000000  1.000000  1.000000  0.000000  0.000000  0.000000  1.000000  0.000000  0.000000  0.000000  1.000000  0.000000  0.000000  
120.935125 -0.000016  0.089551  -0.005664  0.999655  0.024913  -0.008278  -0.024907  0.999689  0.000813  0.008295  -0.000606  0.999965  -0.000349  -0.001042  -0.000022  0.000000  0.000000  0.000000  2.000000  1.000000  0.000000  0.000000  0.000000  1.000000  0.000000  0.000000  0.000000  1.000000  1.000000  0.000412  0.000134  -0.000412  1.000000  -0.000482  -0.000134  0.000482  1.000000  1.000000  0.000000  0.000000  0.000000  1.000000  0.000000  0.000000  0.000000  1.000000  1.000000  0.000000  0.000000  0.000000  1.000000  0.000000  0.000000  0.000000  1.000000  0.000000  0.000000  
120.936373 -0.000016  0.089548  -0.005664  0.999655  0.024913  -0.008278  -0.024907  0.999689  0.000813  0.008295  -0.000606  0.999965  -0.000430  -0.001280  -0.000038  0.000000  0.000000  0.000000  2.000000  1.000000  0.000000  0.000000  0.000000  1.000000  0.000000  0.000000  0.000000  1.000000  1.000000  0.000618  0.000134  -0.000617  1.000000  -0.000480  -0.000134  0.000480  1.000000  1.000000  0.000000  0.000000  0.000000  1.000000  0.000000  0.000000  0.000000  1.000000  1.000000  0.000000  0.000000  0.000000  1.000000  0.000000  0.000000  0.000000  1.000000  0.000000  0.000000  
120.937626 -0.000017  0.089545  -0.005664  0.999644  0.025325  -0.008411  -0.025319  0.999679  0.000820  0.008429  -0.000606  0.999964  -0.000475  -0.001473  -0.000078  0.000000  0.000000  0.000000  2.000000  1.000000  0.000000  0.000000  0.000000  1.000000  0.000000  0.000000  0.000000  1.000000  1.000000  0.000823  0.000001  -0.000823  1.000000  -0.000478  -0.000001  0.000478  1.000000  1.000000  0.000000  0.000000  0.000000  1.000000  0.000000  0.000000  0.000000  1.000000  1.000000  0.000000  0.000000  0.000000  1.000000  0.000000  0.000000  0.000000  1.000000  0.000000  0.000000  
120.938873 -0.000018  0.089543  -0.005665  0.999645  0.025324  -0.008277  -0.025319  0.999679  0.000816  0.008295  -0.000606  0.999965  -0.000552  -0.001653  -0.000146  0.000000  0.000000  0.000000  2.000000  1.000000  0.000000  0.000000  0.000000  1.000000  0.000000  0.000000  0.000000  1.000000  0.999999  0.001029  0.000001  -0.001029  0.999999  -0.000355  -0.000001  0.000355  1.000000  1.000000  0.000000  0.000000  0.000000  1.000000  0.000000  0.000000  0.000000  1.000000  1.000000  0.000000  0.000000  0.000000  1.000000  0.000000  0.000000  0.000000  1.000000  0.000000  0.000000  
120.939876 -0.000019  0.089540  -0.005666  0.999640  0.025530  -0.008277  -0.025524  0.999674  0.000818  0.008295  -0.000606  0.999965  -0.000602  -0.001820  -0.000241  0.000000  0.000000  0.000000  2.000000  1.000000  0.000000  0.000000  0.000000  1.000000  0.000000  0.000000  0.000000  1.000000  0.999999  0.001235  0.000135  -0.001235  0.999999  -0.000354  -0.000135  0.000353  1.000000  1.000000  0.000000  0.000000  0.000000  1.000000  0.000000  0.000000  0.000000  1.000000  1.000000  0.000000  0.000000  0.000000  1.000000  0.000000  0.000000  0.000000  1.000000  0.000000  0.000000  
120.941122 -0.000020  0.089538  -0.005666  0.999635  0.025735  -0.008280  -0.025730  0.999669  0.000698  0.008295  -0.000485  0.999965  -0.000660  -0.002011  -0.000249  0.000000  0.000000  0.000000  2.000000  1.000000  0.000000  0.000000  0.000000  1.000000  0.000000  0.000000  0.000000  1.000000  0.999999  0.001441  0.000135  -0.001441  0.999999  -0.000473  -0.000135  0.000473  1.000000  1.000000  0.000000  0.000000  0.000000  1.000000  0.000000  0.000000  0.000000  1.000000  1.000000  0.000000  0.000000  0.000000  1.000000  0.000000  0.000000  0.000000  1.000000  0.000000  0.000000  
120.942127 -0.000021  0.089535  -0.005667  0.999629  0.025941  -0.008280  -0.025936  0.999663  0.000700  0.008295  -0.000485  0.999965  -0.000756  -0.002203  -0.000285  0.000000  0.000000  0.000000  2.000000  1.000000  0.000000  0.000000  0.000000  1.000000  0.000000  0.000000  0.000000  1.000000  0.999999  0.001647  0.000001  -0.001647  0.999999  -0.000472  -0.000002  0.000472  1.000000  1.000000  0.000000  0.000000  0.000000  1.000000  0.000000  0.000000  0.000000  1.000000  1.000000  0.000000  0.000000  0.000000  1.000000  0.000000  0.000000  0.000000  1.000000  0.000000  0.000000  
120.943377 -0.000023  0.089531  -0.005667  0.999624  0.026146  -0.008283  -0.026142  0.999658  0.000581  0.008295  -0.000364  0.999966  -0.000888  -0.002440  -0.000297  0.000000  0.000000  0.000000  2.000000  1.000000  0.000000  0.000000  0.000000  1.000000  0.000000  0.000000  0.000000  1.000000  0.999998  0.001853  0.000001  -0.001853  0.999998  -0.000470  -0.000002  0.000470  1.000000  1.000000  0.000000  0.000000  0.000000  1.000000  0.000000  0.000000  0.000000  1.000000  1.000000  0.000000  0.000000  0.000000  1.000000  0.000000  0.000000  0.000000  1.000000  0.000000  0.000000  
120.944377 -0.000025  0.089527  -0.005667  0.999618  0.026351  -0.008283  -0.026348  0.999653  0.000582  0.008295  -0.000364  0.999966  -0.000942  -0.002555  -0.000272  0.000000  0.000000  0.000000  2.000000  1.000000  0.000000  0.000000  0.000000  1.000000  0.000000  0.000000  0.000000  1.000000  0.999998  0.002059  0.000001  -0.002059  0.999998  -0.000468  -0.000002  0.000468  1.000000  1.000000  0.000000  0.000000  0.000000  1.000000  0.000000  0.000000  0.000000  1.000000  1.000000  0.000000  0.000000  0.000000  1.000000  0.000000  0.000000  0.000000  1.000000  0.000000  0.000000  
120.945631 -0.000027  0.089523  -0.005667  0.999613  0.026557  -0.008283  -0.026553  0.999647  0.000584  0.008295  -0.000364  0.999966  -0.000988  -0.002693  -0.000237  0.000000  0.000000  0.000000  2.000000  1.000000  0.000000  0.000000  0.000000  1.000000  0.000000  0.000000  0.000000  1.000000  0.999997  0.002265  0.000001  -0.002265  0.999997  -0.000466  -0.000002  0.000466  1.000000  1.000000  0.000000  0.000000  0.000000  1.000000  0.000000  0.000000  0.000000  1.000000  1.000000  0.000000  0.000000  0.000000  1.000000  0.000000  0.000000  0.000000  1.000000  0.000000  0.000000  
120.946877 -0.000029  0.089517  -0.005666  0.999607  0.026763  -0.008283  -0.026759  0.999642  0.000586  0.008295  -0.000364  0.999966  -0.001062  -0.002807  -0.000185  0.000000  0.000000  0.000000  2.000000  1.000000  0.000000  0.000000  0.000000  1.000000  0.000000  0.000000  0.000000  1.000000  0.999997  0.002470  0.000001  -0.002470  0.999997  -0.000465  -0.000002  0.000465  1.000000  1.000000  0.000000  0.000000  0.000000  1.000000  0.000000  0.000000  0.000000  1.000000  1.000000  0.000000  0.000000  0.000000  1.000000  0.000000  0.000000  0.000000  1.000000  0.000000  0.000000  
120.948121 -0.000031  0.089512  -0.005666  0.999602  0.026968  -0.008286  -0.026965  0.999636  0.000466  0.008295  -0.000243  0.999966  -0.001116  -0.002941  -0.000111  0.000000  0.000000  0.000000  2.000000  1.000000  0.000000  0.000000  0.000000  1.000000  0.000000  0.000000  0.000000  1.000000  0.999996  0.002676  0.000001  -0.002676  0.999996  -0.000463  -0.000002  0.000463  1.000000  1.000000  0.000000  0.000000  0.000000  1.000000  0.000000  0.000000  0.000000  1.000000  1.000000  0.000000  0.000000  0.000000  1.000000  0.000000  0.000000  0.000000  1.000000  0.000000  0.000000  
120.949125 -0.000032  0.089508  -0.005665  0.999596  0.027174  -0.008286  -0.027171  0.999631  0.000468  0.008295  -0.000243  0.999966  -0.001114  -0.003062  -0.000082  0.000000  0.000000  0.000000  2.000000  1.000000  0.000000  0.000000  0.000000  1.000000  0.000000  0.000000  0.000000  1.000000  0.999996  0.002882  0.000001  -0.002882  0.999996  -0.000461  -0.000002  0.000461  1.000000  1.000000  0.000000  0.000000  0.000000  1.000000  0.000000  0.000000  0.000000  1.000000  1.000000  0.000000  0.000000  0.000000  1.000000  0.000000  0.000000  0.000000  1.000000  0.000000  0.000000  
120.950374 -0.000033  0.089503  -0.005664  0.999591  0.027379  -0.008286  -0.027376  0.999625  0.000470  0.008295  -0.000243  0.999966  -0.001110  -0.003141  -0.000026  0.000000  0.000000  0.000000  2.000000  1.000000  0.000000  0.000000  0.000000  1.000000  0.000000  0.000000  0.000000  1.000000  0.999995  0.003088  0.000001  -0.003088  0.999995  -0.000460  -0.000002  0.000460  1.000000  1.000000  0.000000  0.000000  0.000000  1.000000  0.000000  0.000000  0.000000  1.000000  1.000000  0.000000  0.000000  0.000000  1.000000  0.000000  0.000000  0.000000  1.000000  0.000000  0.000000  
120.951622 -0.000033  0.089498  -0.005664  0.999585  0.027585  -0.008286  -0.027582  0.999619  0.000471  0.008295  -0.000243  0.999966  -0.001093  -0.003281  -0.000028  0.000000  0.000000  0.000000  2.000000  1.000000  0.000000  0.000000  0.000000  1.000000  0.000000  0.000000  0.000000  1.000000  0.999995  0.003088  0.000001  -0.003088  0.999995  -0.000460  -0.000002  0.000460  1.000000  1.000000  0.000000  0.000000  0.000000  1.000000  0.000000  0.000000  0.000000  1.000000  1.000000  0.000000  0.000000  0.000000  1.000000  0.000000  0.000000  0.000000  1.000000  0.000000  0.000000  
120.952625 -0.000033  0.089495  -0.005664  0.999579  0.027791  -0.008285  -0.027788  0.999614  0.000473  0.008295  -0.000243  0.999966  -0.001066  -0.003371  0.000011  0.000000  0.000000  0.000000  2.000000  1.000000  0.000000  0.000000  0.000000  1.000000  0.000000  0.000000  0.000000  1.000000  0.999995  0.003294  0.000001  -0.003294  0.999994  -0.000458  -0.000002  0.000458  1.000000  1.000000  0.000000  0.000000  0.000000  1.000000  0.000000  0.000000  0.000000  1.000000  1.000000  0.000000  0.000000  0.000000  1.000000  0.000000  0.000000  0.000000  1.000000  0.000000  0.000000  
120.953625 -0.000034  0.089491  -0.005665  0.999579  0.027791  -0.008285  -0.027788  0.999614  0.000473  0.008295  -0.000243  0.999966  -0.001063  -0.003496  0.000042  0.000000  0.000000  0.000000  2.000000  1.000000  0.000000  0.000000  0.000000  1.000000  0.000000  0.000000  0.000000  1.000000  0.999995  0.003088  0.000001  -0.003088  0.999995  -0.000460  -0.000002  0.000460  1.000000  1.000000  0.000000  0.000000  0.000000  1.000000  0.000000  0.000000  0.000000  1.000000  1.000000  0.000000  0.000000  0.000000  1.000000  0.000000  0.000000  0.000000  1.000000  0.000000  0.000000  
120.954631 -0.000034  0.089488  -0.005665  0.999574  0.027997  -0.008285  -0.027994  0.999608  0.000475  0.008295  -0.000243  0.999966  -0.001042  -0.003563  0.000071  0.000000  0.000000  0.000000  2.000000  1.000000  0.000000  0.000000  0.000000  1.000000  0.000000  0.000000  0.000000  1.000000  0.999995  0.003294  0.000001  -0.003294  0.999995  -0.000337  -0.000002  0.000337  1.000000  1.000000  0.000000  0.000000  0.000000  1.000000  0.000000  0.000000  0.000000  1.000000  1.000000  0.000000  0.000000  0.000000  1.000000  0.000000  0.000000  0.000000  1.000000  0.000000  0.000000  
120.955875 -0.000035  0.089483  -0.005665  0.999568  0.028203  -0.008285  -0.028200  0.999602  0.000476  0.008295  -0.000243  0.999966  -0.001032  -0.003693  0.000059  0.000000  0.000000  0.000000  2.000000  1.000000  0.000000  0.000000  0.000000  1.000000  0.000000  0.000000  0.000000  1.000000  0.999995  0.003294  0.000001  -0.003294  0.999995  -0.000337  -0.000002  0.000337  1.000000  1.000000  0.000000  0.000000  0.000000  1.000000  0.000000  0.000000  0.000000  1.000000  1.000000  0.000000  0.000000  0.000000  1.000000  0.000000  0.000000  0.000000  1.000000  0.000000  0.000000  
120.957125 -0.000036  0.089479  -0.005665  0.999563  0.028407  -0.008155  -0.028405  0.999596  0.000353  0.008162  -0.000121  0.999967  -0.001018  -0.003739  0.000079  0.000000  0.000000  0.000000  2.000000  1.000000  0.000000  0.000000  0.000000  1.000000  0.000000  0.000000  0.000000  1.000000  0.999995  0.003294  0.000135  -0.003294  0.999995  -0.000337  -0.000136  0.000337  1.000000  1.000000  0.000000  0.000000  0.000000  1.000000  0.000000  0.000000  0.000000  1.000000  1.000000  0.000000  0.000000  0.000000  1.000000  0.000000  0.000000  0.000000  1.000000  0.000000  0.000000  
120.958373 -0.000038  0.089475  -0.005665  0.999557  0.028613  -0.008155  -0.028611  0.999591  0.000355  0.008162  -0.000121  0.999967  -0.000974  -0.003759  0.000117  0.000000  0.000000  0.000000  2.000000  1.000000  0.000000  0.000000  0.000000  1.000000  0.000000  0.000000  0.000000  1.000000  0.999995  0.003294  0.000268  -0.003294  0.999994  -0.000458  -0.000270  0.000457  1.000000  1.000000  0.000000  0.000000  0.000000  1.000000  0.000000  0.000000  0.000000  1.000000  1.000000  0.000000  0.000000  0.000000  1.000000  0.000000  0.000000  0.000000  1.000000  0.000000  0.000000  
120.959624 -0.000039  0.089471  -0.005664  0.999551  0.028818  -0.008158  -0.028817  0.999585  0.000235  0.008162  0.000000  0.999967  -0.000902  -0.003649  0.000199  0.000000  0.000000  0.000000  2.000000  1.000000  0.000000  0.000000  0.000000  1.000000  0.000000  0.000000  0.000000  1.000000  0.999995  0.003294  0.000134  -0.003294  0.999994  -0.000580  -0.000136  0.000579  1.000000  1.000000  0.000000  0.000000  0.000000  1.000000  0.000000  0.000000  0.000000  1.000000  1.000000  0.000000  0.000000  0.000000  1.000000  0.000000  0.000000  0.000000  1.000000  0.000000  0.000000  
120.960874 -0.000041  0.089468  -0.005663  0.999547  0.029024  -0.008024  -0.029023  0.999579  0.000233  0.008028  0.000000  0.999968  -0.000847  -0.003576  0.000227  0.000000  0.000000  0.000000  2.000000  1.000000  0.000000  0.000000  0.000000  1.000000  0.000000  0.000000  0.000000  1.000000  0.999994  0.003500  0.000268  -0.003500  0.999994  -0.000457  -0.000269  0.000456  1.000000  1.000000  0.000000  0.000000  0.000000  1.000000  0.000000  0.000000  0.000000  1.000000  1.000000  0.000000  0.000000  0.000000  1.000000  0.000000  0.000000  0.000000  1.000000  0.000000  0.000000  
120.961876 -0.000042  0.089465  -0.005663  0.999547  0.029023  -0.008028  -0.029023  0.999579  0.000112  0.008028  0.000121  0.999968  -0.000853  -0.003490  0.000246  0.000000  0.000000  0.000000  2.000000  1.000000  0.000000  0.000000  0.000000  1.000000  0.000000  0.000000  0.000000  1.000000  0.999995  0.003294  0.000267  -0.003294  0.999994  -0.000580  -0.000269  0.000579  1.000000  1.000000  0.000000  0.000000  0.000000  1.000000  0.000000  0.000000  0.000000  1.000000  1.000000  0.000000  0.000000  0.000000  1.000000  0.000000  0.000000  0.000000  1.000000  0.000000  0.000000  
120.963120 -0.000043  0.089461  -0.005662  0.999541  0.029229  -0.008028  -0.029229  0.999573  0.000113  0.008028  0.000121  0.999968  -0.000856  -0.003394  0.000268  0.000000  0.000000  0.000000  2.000000  1.000000  0.000000  0.000000  0.000000  1.000000  0.000000  0.000000  0.000000  1.000000  0.999995  0.003294  0.000267  -0.003294  0.999994  -0.000580  -0.000269  0.000579  1.000000  1.000000  0.000000  0.000000  0.000000  1.000000  0.000000  0.000000  0.000000  1.000000  1.000000  0.000000  0.000000  0.000000  1.000000  0.000000  0.000000  0.000000  1.000000  0.000000  0.000000  
120.964121 -0.000045  0.089458  -0.005661  0.999534  0.029434  -0.008028  -0.029434  0.999567  0.000115  0.008028  0.000121  0.999968  -0.000896  -0.003302  0.000261  0.000000  0.000000  0.000000  2.000000  1.000000  0.000000  0.000000  0.000000  1.000000  0.000000  0.000000  0.000000  1.000000  0.999995  0.003294  0.000267  -0.003294  0.999994  -0.000459  -0.000269  0.000458  1.000000  1.000000  0.000000  0.000000  0.000000  1.000000  0.000000  0.000000  0.000000  1.000000  1.000000  0.000000  0.000000  0.000000  1.000000  0.000000  0.000000  0.000000  1.000000  0.000000  0.000000  
120.965370 -0.000046  0.089455  -0.005661  0.999528  0.029639  -0.008031  -0.029640  0.999561  -0.000005  0.008028  0.000243  0.999968  -0.000923  -0.003212  0.000222  0.000000  0.000000  0.000000  2.000000  1.000000  0.000000  0.000000  0.000000  1.000000  0.000000  0.000000  0.000000  1.000000  0.999995  0.003088  0.000267  -0.003088  0.999995  -0.000582  -0.000269  0.000581  1.000000  1.000000  0.000000  0.000000  0.000000  1.000000  0.000000  0.000000  0.000000  1.000000  1.000000  0.000000  0.000000  0.000000  1.000000  0.000000  0.000000  0.000000  1.000000  0.000000  0.000000  
120.966373 -0.000048  0.089452  -0.005660  0.999528  0.029639  -0.008031  -0.029640  0.999561  -0.000005  0.008028  0.000243  0.999968  -0.000989  -0.003092  0.000285  0.000000  0.000000  0.000000  2.000000  1.000000  0.000000  0.000000  0.000000  1.000000  0.000000  0.000000  0.000000  1.000000  0.999995  0.003088  0.000267  -0.003088  0.999995  -0.000582  -0.000269  0.000581  1.000000  1.000000  0.000000  0.000000  0.000000  1.000000  0.000000  0.000000  0.000000  1.000000  1.000000  0.000000  0.000000  0.000000  1.000000  0.000000  0.000000  0.000000  1.000000  0.000000  0.000000  
120.967621 -0.000049  0.089449  -0.005659  0.999522  0.029845  -0.008031  -0.029846  0.999555  -0.000003  0.008028  0.000243  0.999968  -0.001055  -0.003011  0.000340  0.000000  0.000000  0.000000  2.000000  1.000000  0.000000  0.000000  0.000000  1.000000  0.000000  0.000000  0.000000  1.000000  0.999995  0.003088  0.000267  -0.003088  0.999995  -0.000582  -0.000269  0.000581  1.000000  1.000000  0.000000  0.000000  0.000000  1.000000  0.000000  0.000000  0.000000  1.000000  1.000000  0.000000  0.000000  0.000000  1.000000  0.000000  0.000000  0.000000  1.000000  0.000000  0.000000  
120.968650 -0.000050  0.089447  -0.005659  0.999522  0.029844  -0.008035  -0.029846  0.999555  -0.000124  0.008028  0.000364  0.999968  -0.001107  -0.002930  0.000423  0.000000  0.000000  0.000000  2.000000  1.000000  0.000000  0.000000  0.000000  1.000000  0.000000  0.000000  0.000000  1.000000  0.999996  0.002882  0.000267  -0.002882  0.999996  -0.000462  -0.000268  0.000461  1.000000  1.000000  0.000000  0.000000  0.000000  1.000000  0.000000  0.000000  0.000000  1.000000  1.000000  0.000000  0.000000  0.000000  1.000000  0.000000  0.000000  0.000000  1.000000  0.000000  0.000000  
120.969880 -0.000052  0.089444  -0.005659  0.999516  0.030050  -0.008035  -0.030052  0.999548  -0.000122  0.008028  0.000364  0.999968  -0.001192  -0.002859  0.000431  0.000000  0.000000  0.000000  2.000000  1.000000  0.000000  0.000000  0.000000  1.000000  0.000000  0.000000  0.000000  1.000000  0.999996  0.002882  0.000267  -0.002882  0.999996  -0.000583  -0.000268  0.000583  1.000000  1.000000  0.000000  0.000000  0.000000  1.000000  0.000000  0.000000  0.000000  1.000000  1.000000  0.000000  0.000000  0.000000  1.000000  0.000000  0.000000  0.000000  1.000000  0.000000  0.000000  
120.971125 -0.000054  0.089440  -0.005658  0.999510  0.030255  -0.008039  -0.030257  0.999542  -0.000242  0.008028  0.000485  0.999968  -0.001279  -0.002830  0.000475  0.000000  0.000000  0.000000  2.000000  1.000000  0.000000  0.000000  0.000000  1.000000  0.000000  0.000000  0.000000  1.000000  0.999996  0.002882  0.000266  -0.002882  0.999996  -0.000705  -0.000268  0.000704  1.000000  1.000000  0.000000  0.000000  0.000000  1.000000  0.000000  0.000000  0.000000  1.000000  1.000000  0.000000  0.000000  0.000000  1.000000  0.000000  0.000000  0.000000  1.000000  0.000000  0.000000  
120.972375 -0.000057  0.089437  -0.005660  0.999504  0.030460  -0.008039  -0.030463  0.999536  -0.000240  0.008028  0.000485  0.999968  -0.001374  -0.002767  0.000388  0.000000  0.000000  0.000000  2.000000  1.000000  0.000000  0.000000  0.000000  1.000000  0.000000  0.000000  0.000000  1.000000  0.999996  0.002676  0.000266  -0.002676  0.999996  -0.000706  -0.000268  0.000706  1.000000  1.000000  0.000000  0.000000  0.000000  1.000000  0.000000  0.000000  0.000000  1.000000  1.000000  0.000000  0.000000  0.000000  1.000000  0.000000  0.000000  0.000000  1.000000  0.000000  0.000000  
120.973624 -0.000059  0.089434  -0.005661  0.999505  0.030459  -0.007909  -0.030463  0.999536  -0.000366  0.007894  0.000606  0.999969  -0.001437  -0.002733  0.000260  0.000000  0.000000  0.000000  2.000000  1.000000  0.000000  0.000000  0.000000  1.000000  0.000000  0.000000  0.000000  1.000000  0.999996  0.002676  0.000400  -0.002676  0.999996  -0.000828  -0.000402  0.000827  1.000000  1.000000  0.000000  0.000000  0.000000  1.000000  0.000000  0.000000  0.000000  1.000000  1.000000  0.000000  0.000000  0.000000  1.000000  0.000000  0.000000  0.000000  1.000000  0.000000  0.000000  
120.974628 -0.000062  0.089431  -0.005662  0.999498  0.030665  -0.007909  -0.030669  0.999530  -0.000364  0.007894  0.000606  0.999969  -0.001525  -0.002691  0.000182  0.000000  0.000000  0.000000  2.000000  1.000000  0.000000  0.000000  0.000000  1.000000  0.000000  0.000000  0.000000  1.000000  0.999996  0.002676  0.000400  -0.002676  0.999996  -0.000828  -0.000402  0.000827  1.000000  1.000000  0.000000  0.000000  0.000000  1.000000  0.000000  0.000000  0.000000  1.000000  1.000000  0.000000  0.000000  0.000000  1.000000  0.000000  0.000000  0.000000  1.000000  0.000000  0.000000  
120.975877 -0.000065  0.089428  -0.005663  0.999498  0.030664  -0.007913  -0.030669  0.999529  -0.000485  0.007894  0.000728  0.999969  -0.001596  -0.002634  0.000027  0.000000  0.000000  0.000000  2.000000  1.000000  0.000000  0.000000  0.000000  1.000000  0.000000  0.000000  0.000000  1.000000  0.999997  0.002471  0.000400  -0.002470  0.999996  -0.000951  -0.000402  0.000950  0.999999  1.000000  0.000000  0.000000  0.000000  1.000000  0.000000  0.000000  0.000000  1.000000  1.000000  0.000000  0.000000  0.000000  1.000000  0.000000  0.000000  0.000000  1.000000  0.000000  0.000000  
120.977125 -0.000068  0.089425  -0.005665  0.999492  0.030870  -0.007913  -0.030875  0.999523  -0.000484  0.007894  0.000728  0.999969  -0.001691  -0.002585  -0.000189  0.000000  0.000000  0.000000  2.000000  1.000000  0.000000  0.000000  0.000000  1.000000  0.000000  0.000000  0.000000  1.000000  0.999997  0.002471  0.000400  -0.002470  0.999996  -0.000951  -0.000402  0.000950  0.999999  1.000000  0.000000  0.000000  0.000000  1.000000  0.000000  0.000000  0.000000  1.000000  1.000000  0.000000  0.000000  0.000000  1.000000  0.000000  0.000000  0.000000  1.000000  0.000000  0.000000  
120.978165 -0.000070  0.089423  -0.005666  0.999492  0.030869  -0.007916  -0.030875  0.999523  -0.000605  0.007894  0.000849  0.999968  -0.001769  -0.002517  -0.000309  0.000000  0.000000  0.000000  2.000000  1.000000  0.000000  0.000000  0.000000  1.000000  0.000000  0.000000  0.000000  1.000000  0.999997  0.002471  0.000266  -0.002470  0.999996  -0.000951  -0.000268  0.000950  1.000000  1.000000  0.000000  0.000000  0.000000  1.000000  0.000000  0.000000  0.000000  1.000000  1.000000  0.000000  0.000000  0.000000  1.000000  0.000000  0.000000  0.000000  1.000000  0.000000  0.000000  
120.979373 -0.000073  0.089421  -0.005668  0.999486  0.031075  -0.007917  -0.031081  0.999517  -0.000603  0.007894  0.000849  0.999968  -0.001840  -0.002393  -0.000432  0.000000  0.000000  0.000000  2.000000  1.000000  0.000000  0.000000  0.000000  1.000000  0.000000  0.000000  0.000000  1.000000  0.999997  0.002471  0.000266  -0.002470  0.999996  -0.000951  -0.000268  0.000950  1.000000  1.000000  0.000000  0.000000  0.000000  1.000000  0.000000  0.000000  0.000000  1.000000  1.000000  0.000000  0.000000  0.000000  1.000000  0.000000  0.000000  0.000000  1.000000  0.000000  0.000000  
120.980623 -0.000076  0.089419  -0.005669  0.999479  0.031280  -0.007921  -0.031286  0.999510  -0.000723  0.007894  0.000970  0.999968  -0.001961  -0.002335  -0.000582  0.000000  0.000000  0.000000  2.000000  1.000000  0.000000  0.000000  0.000000  1.000000  0.000000  0.000000  0.000000  1.000000  0.999997  0.002265  0.000132  -0.002265  0.999997  -0.000952  -0.000134  0.000952  1.000000  1.000000  0.000000  0.000000  0.000000  1.000000  0.000000  0.000000  0.000000  1.000000  1.000000  0.000000  0.000000  0.000000  1.000000  0.000000  0.000000  0.000000  1.000000  0.000000  0.000000  
120.981623 -0.000079  0.089417  -0.005670  0.999479  0.031280  -0.007921  -0.031286  0.999510  -0.000723  0.007894  0.000970  0.999968  -0.002084  -0.002323  -0.000680  0.000000  0.000000  0.000000  2.000000  1.000000  0.000000  0.000000  0.000000  1.000000  0.000000  0.000000  0.000000  1.000000  0.999997  0.002265  0.000132  -0.002265  0.999997  -0.000952  -0.000134  0.000952  1.000000  1.000000  0.000000  0.000000  0.000000  1.000000  0.000000  0.000000  0.000000  1.000000  1.000000  0.000000  0.000000  0.000000  1.000000  0.000000  0.000000  0.000000  1.000000  0.000000  0.000000  
120.982869 -0.000082  0.089415  -0.005671  0.999479  0.031279  -0.007924  -0.031286  0.999510  -0.000844  0.007894  0.001092  0.999968  -0.002179  -0.002221  -0.000783  0.000000  0.000000  0.000000  2.000000  1.000000  0.000000  0.000000  0.000000  1.000000  0.000000  0.000000  0.000000  1.000000  0.999998  0.002059  0.000132  -0.002059  0.999998  -0.000833  -0.000134  0.000833  1.000000  1.000000  0.000000  0.000000  0.000000  1.000000  0.000000  0.000000  0.000000  1.000000  1.000000  0.000000  0.000000  0.000000  1.000000  0.000000  0.000000  0.000000  1.000000  0.000000  0.000000  
120.983870 -0.000085  0.089414  -0.005672  0.999473  0.031484  -0.007924  -0.031492  0.999504  -0.000843  0.007894  0.001092  0.999968  -0.002273  -0.002159  -0.000870  0.000000  0.000000  0.000000  2.000000  1.000000  0.000000  0.000000  0.000000  1.000000  0.000000  0.000000  0.000000  1.000000  0.999997  0.002265  0.000131  -0.002265  0.999997  -0.000952  -0.000134  0.000952  1.000000  1.000000  0.000000  0.000000  0.000000  1.000000  0.000000  0.000000  0.000000  1.000000  1.000000  0.000000  0.000000  0.000000  1.000000  0.000000  0.000000  0.000000  1.000000  0.000000  0.000000  
120.984871 -0.000088  0.089412  -0.005673  0.999473  0.031483  -0.007928  -0.031492  0.999504  -0.000964  0.007894  0.001213  0.999968  -0.002362  -0.002120  -0.000947  0.000000  0.000000  0.000000  2.000000  1.000000  0.000000  0.000000  0.000000  1.000000  0.000000  0.000000  0.000000  1.000000  0.999998  0.002059  0.000132  -0.002059  0.999997  -0.000954  -0.000134  0.000954  1.000000  1.000000  0.000000  0.000000  0.000000  1.000000  0.000000  0.000000  0.000000  1.000000  1.000000  0.000000  0.000000  0.000000  1.000000  0.000000  0.000000  0.000000  1.000000  0.000000  0.000000  
120.985874 -0.000090  0.089410  -0.005675  0.999474  0.031484  -0.007795  -0.031492  0.999504  -0.000968  0.007760  0.001213  0.999969  -0.002447  -0.002050  -0.001107  0.000000  0.000000  0.000000  2.000000  1.000000  0.000000  0.000000  0.000000  1.000000  0.000000  0.000000  0.000000  1.000000  0.999998  0.002059  0.000265  -0.002059  0.999997  -0.000954  -0.000267  0.000954  1.000000  1.000000  0.000000  0.000000  0.000000  1.000000  0.000000  0.000000  0.000000  1.000000  1.000000  0.000000  0.000000  0.000000  1.000000  0.000000  0.000000  0.000000  1.000000  0.000000  0.000000  
120.986876 -0.000093  0.089408  -0.005676  0.999467  0.031688  -0.007799  -0.031698  0.999497  -0.001088  0.007760  0.001334  0.999969  -0.002505  -0.001983  -0.001166  0.000000  0.000000  0.000000  2.000000  1.000000  0.000000  0.000000  0.000000  1.000000  0.000000  0.000000  0.000000  1.000000  0.999998  0.002059  0.000265  -0.002059  0.999997  -0.000954  -0.000267  0.000954  1.000000  1.000000  0.000000  0.000000  0.000000  1.000000  0.000000  0.000000  0.000000  1.000000  1.000000  0.000000  0.000000  0.000000  1.000000  0.000000  0.000000  0.000000  1.000000  0.000000  0.000000  
120.987885 -0.000096  0.089406  -0.005678  0.999467  0.031688  -0.007799  -0.031698  0.999497  -0.001088  0.007760  0.001334  0.999969  -0.002555  -0.001939  -0.001214  0.000000  0.000000  0.000000  2.000000  1.000000  0.000000  0.000000  0.000000  1.000000  0.000000  0.000000  0.000000  1.000000  0.999998  0.001853  0.000265  -0.001853  0.999998  -0.001077  -0.000267  0.001077  0.999999  1.000000  0.000000  0.000000  0.000000  1.000000  0.000000  0.000000  0.000000  1.000000  1.000000  0.000000  0.000000  0.000000  1.000000  0.000000  0.000000  0.000000  1.000000  0.000000  0.000000  
120.989130 -0.000100  0.089403  -0.005681  0.999467  0.031688  -0.007802  -0.031698  0.999497  -0.001209  0.007760  0.001456  0.999969  -0.002625  -0.001925  -0.001316  0.000000  0.000000  0.000000  2.000000  1.000000  0.000000  0.000000  0.000000  1.000000  0.000000  0.000000  0.000000  1.000000  0.999998  0.001853  0.000265  -0.001853  0.999998  -0.000956  -0.000267  0.000956  1.000000  1.000000  0.000000  0.000000  0.000000  1.000000  0.000000  0.000000  0.000000  1.000000  1.000000  0.000000  0.000000  0.000000  1.000000  0.000000  0.000000  0.000000  1.000000  0.000000  0.000000  
120.990378 -0.000103  0.089401  -0.005683  0.999461  0.031893  -0.007803  -0.031904  0.999490  -0.001207  0.007760  0.001456  0.999969  -0.002633  -0.001860  -0.001379  0.000000  0.000000  0.000000  2.000000  1.000000  0.000000  0.000000  0.000000  1.000000  0.000000  0.000000  0.000000  1.000000  0.999998  0.001853  0.000265  -0.001853  0.999998  -0.001077  -0.000267  0.001077  0.999999  1.000000  0.000000  0.000000  0.000000  1.000000  0.000000  0.000000  0.000000  1.000000  1.000000  0.000000  0.000000  0.000000  1.000000  0.000000  0.000000  0.000000  1.000000  0.000000  0.000000  
120.991629 -0.000106  0.089398  -0.005686  0.999461  0.031892  -0.007807  -0.031904  0.999490  -0.001328  0.007760  0.001577  0.999969  -0.002657  -0.001865  -0.001441  0.000000  0.000000  0.000000  2.000000  1.000000  0.000000  0.000000  0.000000  1.000000  0.000000  0.000000  0.000000  1.000000  0.999999  0.001647  0.000265  -0.001647  0.999998  -0.000958  -0.000267  0.000957  1.000000  1.000000  0.000000  0.000000  0.000000  1.000000  0.000000  0.000000  0.000000  1.000000  1.000000  0.000000  0.000000  0.000000  1.000000  0.000000  0.000000  0.000000  1.000000  0.000000  0.000000  
120.992874 -0.000109  0.089396  -0.005688  0.999461  0.031892  -0.007807  -0.031904  0.999490  -0.001328  0.007760  0.001577  0.999969  -0.002629  -0.001827  -0.001469  0.000000  0.000000  0.000000  2.000000  1.000000  0.000000  0.000000  0.000000  1.000000  0.000000  0.000000  0.000000  1.000000  0.999999  0.001441  0.000265  -0.001441  0.999998  -0.001080  -0.000267  0.001080  0.999999  1.000000  0.000000  0.000000  0.000000  1.000000  0.000000  0.000000  0.000000  1.000000  1.000000  0.000000  0.000000  0.000000  1.000000  0.000000  0.000000  0.000000  1.000000  0.000000  0.000000  
120.994124 -0.000111  0.089394  -0.005691  0.999461  0.031892  -0.007807  -0.031904  0.999490  -0.001328  0.007760  0.001577  0.999969  -0.002621  -0.001835  -0.001594  0.000000  0.000000  0.000000  2.000000  1.000000  0.000000  0.000000  0.000000  1.000000  0.000000  0.000000  0.000000  1.000000  0.999999  0.001441  0.000132  -0.001441  0.999999  -0.000959  -0.000133  0.000959  1.000000  1.000000  0.000000  0.000000  0.000000  1.000000  0.000000  0.000000  0.000000  1.000000  1.000000  0.000000  0.000000  0.000000  1.000000  0.000000  0.000000  0.000000  1.000000  0.000000  0.000000  
120.995369 -0.000114  0.089392  -0.005693  0.999462  0.031893  -0.007673  -0.031904  0.999490  -0.001333  0.007626  0.001577  0.999970  -0.002545  -0.001834  -0.001623  0.000000  0.000000  0.000000  2.000000  1.000000  0.000000  0.000000  0.000000  1.000000  0.000000  0.000000  0.000000  1.000000  0.999999  0.001236  0.000266  -0.001235  0.999999  -0.000840  -0.000267  0.000839  1.000000  1.000000  0.000000  0.000000  0.000000  1.000000  0.000000  0.000000  0.000000  1.000000  1.000000  0.000000  0.000000  0.000000  1.000000  0.000000  0.000000  0.000000  1.000000  0.000000  0.000000  
120.996620 -0.000117  0.089390  -0.005695  0.999455  0.032097  -0.007677  -0.032109  0.999483  -0.001452  0.007626  0.001698  0.999969  -0.002519  -0.001841  -0.001688  0.000000  0.000000  0.000000  2.000000  1.000000  0.000000  0.000000  0.000000  1.000000  0.000000  0.000000  0.000000  1.000000  0.999999  0.001236  0.000266  -0.001235  0.999999  -0.000961  -0.000267  0.000961  1.000000  1.000000  0.000000  0.000000  0.000000  1.000000  0.000000  0.000000  0.000000  1.000000  1.000000  0.000000  0.000000  0.000000  1.000000  0.000000  0.000000  0.000000  1.000000  0.000000  0.000000  
120.997871 -0.000120  0.089387  -0.005698  0.999455  0.032097  -0.007677  -0.032109  0.999483  -0.001452  0.007626  0.001698  0.999969  -0.002508  -0.001940  -0.001842  0.000000  0.000000  0.000000  2.000000  1.000000  0.000000  0.000000  0.000000  1.000000  0.000000  0.000000  0.000000  1.000000  0.999999  0.001236  0.000266  -0.001235  0.999999  -0.000840  -0.000267  0.000839  1.000000  1.000000  0.000000  0.000000  0.000000  1.000000  0.000000  0.000000  0.000000  1.000000  1.000000  0.000000  0.000000  0.000000  1.000000  0.000000  0.000000  0.000000  1.000000  0.000000  0.000000  
120.998902 -0.000122  0.089385  -0.005700  0.999455  0.032097  -0.007677  -0.032109  0.999483  -0.001452  0.007626  0.001698  0.999969  -0.002464  -0.001935  -0.001891  0.000000  0.000000  0.000000  2.000000  1.000000  0.000000  0.000000  0.000000  1.000000  0.000000  0.000000  0.000000  1.000000  0.999999  0.001030  0.000266  -0.001030  0.999999  -0.000841  -0.000267  0.000841  1.000000  1.000000  0.000000  0.000000  0.000000  1.000000  0.000000  0.000000  0.000000  1.000000  1.000000  0.000000  0.000000  0.000000  1.000000  0.000000  0.000000  0.000000  1.000000  0.000000  0.000000  
121.000122 -0.000124  0.089383  -0.005702  0.999455  0.032097  -0.007677  -0.032109  0.999483  -0.001452  0.007626  0.001698  0.999969  -0.002337  -0.001916  -0.001884  0.000000  0.000000  0.000000  2.000000  1.000000  0.000000  0.000000  0.000000  1.000000  0.000000  0.000000  0.000000  1.000000  0.999999  0.001030  0.000266  -0.001030  0.999999  -0.000841  -0.000267  0.000841  1.000000  1.000000  0.000000  0.000000  0.000000  1.000000  0.000000  0.000000  0.000000  1.000000  1.000000  0.000000  0.000000  0.000000  1.000000  0.000000  0.000000  0.000000  1.000000  0.000000  0.000000  
121.001373 -0.000126  0.089380  -0.005703  0.999456  0.032097  -0.007547  -0.032109  0.999483  -0.001578  0.007493  0.001819  0.999970  -0.002287  -0.001931  -0.001835  0.000000  0.000000  0.000000  2.000000  1.000000  0.000000  0.000000  0.000000  1.000000  0.000000  0.000000  0.000000  1.000000  1.000000  0.000824  0.000400  -0.000824  0.999999  -0.000843  -0.000401  0.000843  1.000000  1.000000  0.000000  0.000000  0.000000  1.000000  0.000000  0.000000  0.000000  1.000000  1.000000  0.000000  0.000000  0.000000  1.000000  0.000000  0.000000  0.000000  1.000000  0.000000  0.000000  
121.002375 -0.000127  0.089379  -0.005704  0.999456  0.032097  -0.007547  -0.032109  0.999483  -0.001578  0.007493  0.001819  0.999970  -0.002143  -0.001885  -0.001782  0.000000  0.000000  0.000000  2.000000  1.000000  0.000000  0.000000  0.000000  1.000000  0.000000  0.000000  0.000000  1.000000  1.000000  0.000824  0.000400  -0.000824  0.999999  -0.000843  -0.000401  0.000843  1.000000  1.000000  0.000000  0.000000  0.000000  1.000000  0.000000  0.000000  0.000000  1.000000  1.000000  0.000000  0.000000  0.000000  1.000000  0.000000  0.000000  0.000000  1.000000  0.000000  0.000000  
121.003379 -0.000129  0.089377  -0.005705  0.999456  0.032097  -0.007547  -0.032109  0.999483  -0.001578  0.007493  0.001819  0.999970  -0.002074  -0.001857  -0.001734  0.000000  0.000000  0.000000  2.000000  1.000000  0.000000  0.000000  0.000000  1.000000  0.000000  0.000000  0.000000  1.000000  1.000000  0.000618  0.000400  -0.000618  1.000000  -0.000723  -0.000401  0.000723  1.000000  1.000000  0.000000  0.000000  0.000000  1.000000  0.000000  0.000000  0.000000  1.000000  1.000000  0.000000  0.000000  0.000000  1.000000  0.000000  0.000000  0.000000  1.000000  0.000000  0.000000  
