1-Time 2-Px 3-Py 4-Pz 5-R11 6-R21 7-R31 8-R12 9-R22 10-R32 11-R13 12-R23 13-R33 14-Vx 15-Vy 16-Vz 17-Wx 18-Wy 19-Wz 20-state 21-PR11 22-PR21 23-PR31 24-PR12 25-PR22 26-PR32 27-PR13 28-PR23 29-PR33 
133.197310 0.005276  0.092340  -0.006276  0.998898  0.033362  -0.033025  -0.033738  0.999371  -0.010900  0.032641  0.012002  0.999395  0.000313  0.000294  0.000159  0.000000  0.000000  0.000000  2.000000  1.000000  0.000000  0.000000  0.000000  1.000000  0.000000  0.000000  0.000000  1.000000  1.000000  -0.000206  0.000002  0.000206  1.000000  -0.000007  -0.000002  0.000007  1.000000  1.000000  0.000000  0.000000  0.000000  1.000000  0.000000  0.000000  0.000000  1.000000  0.645379  0.476485  -0.597033  -0.637961  0.766086  -0.078218  0.420108  0.431364  0.798395  0.000000  0.000000  
133.198535 0.005276  0.092340  -0.006277  0.998898  0.033362  -0.033025  -0.033738  0.999371  -0.010900  0.032641  0.012002  0.999395  0.000327  0.000291  0.000125  0.000000  0.000000  0.000000  2.000000  1.000000  0.000000  0.000000  0.000000  1.000000  0.000000  0.000000  0.000000  1.000000  1.000000  -0.000206  0.000002  0.000206  1.000000  -0.000007  -0.000002  0.000007  1.000000  1.000000  0.000000  0.000000  0.000000  1.000000  0.000000  0.000000  0.000000  1.000000  1.000000  0.000000  0.000000  0.000000  1.000000  0.000000  0.000000  0.000000  1.000000  0.000000  0.000000  
133.199551 0.005277  0.092339  -0.006278  0.998893  0.033361  -0.033159  -0.033738  0.999371  -0.010895  0.032775  0.012002  0.999391  0.000352  0.000204  0.000021  0.000000  0.000000  0.000000  2.000000  1.000000  0.000000  0.000000  0.000000  1.000000  0.000000  0.000000  0.000000  1.000000  1.000000  -0.000207  -0.000131  0.000207  1.000000  -0.000007  0.000131  0.000007  1.000000  1.000000  0.000000  0.000000  0.000000  1.000000  0.000000  0.000000  0.000000  1.000000  1.000000  0.000000  0.000000  0.000000  1.000000  0.000000  0.000000  0.000000  1.000000  0.000000  0.000000  
133.200798 0.005278  0.092337  -0.006281  0.998886  0.033566  -0.033161  -0.033944  0.999364  -0.010888  0.032775  0.012002  0.999391  0.000393  0.000056  -0.000197  0.000000  0.000000  0.000000  2.000000  1.000000  0.000000  0.000000  0.000000  1.000000  0.000000  0.000000  0.000000  1.000000  1.000000  -0.000002  -0.000134  0.000002  1.000000  -0.000000  0.000134  -0.000000  1.000000  1.000000  0.000000  0.000000  0.000000  1.000000  0.000000  0.000000  0.000000  1.000000  1.000000  0.000000  0.000000  0.000000  1.000000  0.000000  0.000000  0.000000  1.000000  0.000000  0.000000  
133.201800 0.005278  0.092336  -0.006284  0.998882  0.033565  -0.033295  -0.033944  0.999364  -0.010884  0.032909  0.012002  0.999386  0.000413  -0.000065  -0.000390  0.000000  0.000000  0.000000  2.000000  1.000000  0.000000  0.000000  0.000000  1.000000  0.000000  0.000000  0.000000  1.000000  1.000000  -0.000003  -0.000268  0.000003  1.000000  -0.000000  0.000268  -0.000000  1.000000  1.000000  0.000000  0.000000  0.000000  1.000000  0.000000  0.000000  0.000000  1.000000  1.000000  0.000000  0.000000  0.000000  1.000000  0.000000  0.000000  0.000000  1.000000  0.000000  0.000000  
133.202802 0.005280  0.092334  -0.006286  0.998875  0.033771  -0.033297  -0.034149  0.999358  -0.010877  0.032909  0.012002  0.999386  0.000503  -0.000155  -0.000532  0.000000  0.000000  0.000000  2.000000  1.000000  0.000000  0.000000  0.000000  1.000000  0.000000  0.000000  0.000000  1.000000  1.000000  -0.000003  -0.000268  0.000003  1.000000  -0.000000  0.000268  -0.000000  1.000000  1.000000  0.000000  0.000000  0.000000  1.000000  0.000000  0.000000  0.000000  1.000000  1.000000  0.000000  0.000000  0.000000  1.000000  0.000000  0.000000  0.000000  1.000000  0.000000  0.000000  
133.204038 0.005282  0.092332  -0.006290  0.998870  0.033765  -0.033435  -0.034149  0.999356  -0.010993  0.033042  0.012123  0.999380  0.000609  -0.000326  -0.000766  0.000000  0.000000  0.000000  2.000000  1.000000  0.000000  0.000000  0.000000  1.000000  0.000000  0.000000  0.000000  1.000000  1.000000  0.000201  -0.000404  -0.000201  1.000000  0.000007  0.000404  -0.000007  1.000000  1.000000  0.000000  0.000000  0.000000  1.000000  0.000000  0.000000  0.000000  1.000000  1.000000  0.000000  0.000000  0.000000  1.000000  0.000000  0.000000  0.000000  1.000000  0.000000  0.000000  
133.205306 0.005284  0.092330  -0.006292  0.998863  0.033971  -0.033437  -0.034355  0.999349  -0.010987  0.033042  0.012123  0.999380  0.000751  -0.000476  -0.000969  0.000000  0.000000  0.000000  2.000000  1.000000  0.000000  0.000000  0.000000  1.000000  0.000000  0.000000  0.000000  1.000000  1.000000  0.000407  -0.000406  -0.000407  1.000000  -0.000108  0.000406  0.000108  1.000000  1.000000  0.000000  0.000000  0.000000  1.000000  0.000000  0.000000  0.000000  1.000000  1.000000  0.000000  0.000000  0.000000  1.000000  0.000000  0.000000  0.000000  1.000000  0.000000  0.000000  
133.206538 0.005287  0.092328  -0.006296  0.998852  0.034175  -0.033573  -0.034560  0.999342  -0.010975  0.033176  0.012123  0.999376  0.000879  -0.000656  -0.001250  0.000000  0.000000  0.000000  2.000000  1.000000  0.000000  0.000000  0.000000  1.000000  0.000000  0.000000  0.000000  1.000000  1.000000  0.000611  -0.000543  -0.000611  1.000000  -0.000101  0.000543  0.000101  1.000000  1.000000  0.000000  0.000000  0.000000  1.000000  0.000000  0.000000  0.000000  1.000000  1.000000  0.000000  0.000000  0.000000  1.000000  0.000000  0.000000  0.000000  1.000000  0.000000  0.000000  
133.207539 0.005289  0.092326  -0.006299  0.998840  0.034375  -0.033713  -0.034766  0.999334  -0.011085  0.033310  0.012244  0.999370  0.001009  -0.000792  -0.001452  0.000000  0.000000  0.000000  2.000000  1.000000  0.000000  0.000000  0.000000  1.000000  0.000000  0.000000  0.000000  1.000000  0.999999  0.000815  -0.000679  -0.000815  1.000000  -0.000094  0.000679  0.000094  1.000000  1.000000  0.000000  0.000000  0.000000  1.000000  0.000000  0.000000  0.000000  1.000000  1.000000  0.000000  0.000000  0.000000  1.000000  0.000000  0.000000  0.000000  1.000000  0.000000  0.000000  
133.208548 0.005291  0.092324  -0.006303  0.998833  0.034580  -0.033715  -0.034972  0.999327  -0.011078  0.033310  0.012244  0.999370  0.001110  -0.001009  -0.001743  0.000000  0.000000  0.000000  2.000000  1.000000  0.000000  0.000000  0.000000  1.000000  0.000000  0.000000  0.000000  1.000000  0.999999  0.001226  -0.000684  -0.001226  0.999999  -0.000201  0.000684  0.000202  1.000000  1.000000  0.000000  0.000000  0.000000  1.000000  0.000000  0.000000  0.000000  1.000000  1.000000  0.000000  0.000000  0.000000  1.000000  0.000000  0.000000  0.000000  1.000000  0.000000  0.000000  
133.209799 0.005293  0.092321  -0.006309  0.998821  0.034785  -0.033851  -0.035177  0.999320  -0.011066  0.033443  0.012244  0.999366  0.001228  -0.001178  -0.002166  0.000000  0.000000  0.000000  2.000000  1.000000  0.000000  0.000000  0.000000  1.000000  0.000000  0.000000  0.000000  1.000000  0.999999  0.001430  -0.000820  -0.001431  0.999999  -0.000194  0.000820  0.000196  1.000000  1.000000  0.000000  0.000000  0.000000  1.000000  0.000000  0.000000  0.000000  1.000000  1.000000  0.000000  0.000000  0.000000  1.000000  0.000000  0.000000  0.000000  1.000000  0.000000  0.000000  
133.210815 0.005295  0.092320  -0.006314  0.998810  0.034985  -0.033992  -0.035382  0.999311  -0.011176  0.033577  0.012365  0.999360  0.001351  -0.001311  -0.002499  0.000000  0.000000  0.000000  2.000000  1.000000  0.000000  0.000000  0.000000  1.000000  0.000000  0.000000  0.000000  1.000000  0.999998  0.001634  -0.000957  -0.001635  0.999999  -0.000309  0.000956  0.000310  0.999999  1.000000  0.000000  0.000000  0.000000  1.000000  0.000000  0.000000  0.000000  1.000000  1.000000  0.000000  0.000000  0.000000  1.000000  0.000000  0.000000  0.000000  1.000000  0.000000  0.000000  
133.212056 0.005298  0.092317  -0.006320  0.998798  0.035189  -0.034127  -0.035588  0.999304  -0.011164  0.033711  0.012365  0.999355  0.001518  -0.001541  -0.002981  0.000000  0.000000  0.000000  2.000000  1.000000  0.000000  0.000000  0.000000  1.000000  0.000000  0.000000  0.000000  1.000000  0.999998  0.001838  -0.001093  -0.001839  0.999998  -0.000301  0.001093  0.000303  0.999999  1.000000  0.000000  0.000000  0.000000  1.000000  0.000000  0.000000  0.000000  1.000000  1.000000  0.000000  0.000000  0.000000  1.000000  0.000000  0.000000  0.000000  1.000000  0.000000  0.000000  
133.213412 0.005300  0.092313  -0.006327  0.998779  0.035594  -0.034270  -0.035999  0.999288  -0.011266  0.033845  0.012486  0.999349  0.001630  -0.001798  -0.003401  0.000000  0.000000  0.000000  2.000000  1.000000  0.000000  0.000000  0.000000  1.000000  0.000000  0.000000  0.000000  1.000000  0.999997  0.002248  -0.001232  -0.002249  0.999997  -0.000409  0.001231  0.000411  0.999999  1.000000  0.000000  0.000000  0.000000  1.000000  0.000000  0.000000  0.000000  1.000000  1.000000  0.000000  0.000000  0.000000  1.000000  0.000000  0.000000  0.000000  1.000000  0.000000  0.000000  
133.214538 0.005303  0.092310  -0.006335  0.998767  0.035794  -0.034410  -0.036204  0.999280  -0.011375  0.033978  0.012607  0.999343  0.001775  -0.001949  -0.003766  0.000000  0.000000  0.000000  2.000000  1.000000  0.000000  0.000000  0.000000  1.000000  0.000000  0.000000  0.000000  1.000000  0.999996  0.002452  -0.001369  -0.002453  0.999997  -0.000401  0.001368  0.000405  0.999999  1.000000  0.000000  0.000000  0.000000  1.000000  0.000000  0.000000  0.000000  1.000000  1.000000  0.000000  0.000000  0.000000  1.000000  0.000000  0.000000  0.000000  1.000000  0.000000  0.000000  
133.215788 0.005306  0.092306  -0.006341  0.998755  0.035998  -0.034546  -0.036410  0.999272  -0.011364  0.034112  0.012607  0.999338  0.001918  -0.002095  -0.003987  0.000000  0.000000  0.000000  2.000000  1.000000  0.000000  0.000000  0.000000  1.000000  0.000000  0.000000  0.000000  1.000000  0.999995  0.002656  -0.001505  -0.002657  0.999996  -0.000515  0.001504  0.000519  0.999999  1.000000  0.000000  0.000000  0.000000  1.000000  0.000000  0.000000  0.000000  1.000000  1.000000  0.000000  0.000000  0.000000  1.000000  0.000000  0.000000  0.000000  1.000000  0.000000  0.000000  
133.216805 0.005309  0.092303  -0.006346  0.998742  0.036198  -0.034687  -0.036615  0.999264  -0.011473  0.034246  0.012728  0.999332  0.002061  -0.002172  -0.004193  0.000000  0.000000  0.000000  2.000000  1.000000  0.000000  0.000000  0.000000  1.000000  0.000000  0.000000  0.000000  1.000000  0.999995  0.002860  -0.001642  -0.002861  0.999996  -0.000629  0.001640  0.000634  0.999998  1.000000  0.000000  0.000000  0.000000  1.000000  0.000000  0.000000  0.000000  1.000000  1.000000  0.000000  0.000000  0.000000  1.000000  0.000000  0.000000  0.000000  1.000000  0.000000  0.000000  
133.218047 0.005312  0.092299  -0.006351  0.998723  0.036608  -0.034825  -0.037026  0.999249  -0.011454  0.034379  0.012728  0.999328  0.002137  -0.002326  -0.004314  0.000000  0.000000  0.000000  2.000000  1.000000  0.000000  0.000000  0.000000  1.000000  0.000000  0.000000  0.000000  1.000000  0.999993  0.003270  -0.001781  -0.003271  0.999994  -0.000614  0.001779  0.000620  0.999998  1.000000  0.000000  0.000000  0.000000  1.000000  0.000000  0.000000  0.000000  1.000000  1.000000  0.000000  0.000000  0.000000  1.000000  0.000000  0.000000  0.000000  1.000000  0.000000  0.000000  
133.219288 0.005316  0.092294  -0.006357  0.998710  0.036808  -0.034965  -0.037232  0.999240  -0.011563  0.034513  0.012849  0.999322  0.002268  -0.002503  -0.004479  0.000000  0.000000  0.000000  2.000000  1.000000  0.000000  0.000000  0.000000  1.000000  0.000000  0.000000  0.000000  1.000000  0.999992  0.003474  -0.001918  -0.003475  0.999994  -0.000728  0.001915  0.000735  0.999998  1.000000  0.000000  0.000000  0.000000  1.000000  0.000000  0.000000  0.000000  1.000000  1.000000  0.000000  0.000000  0.000000  1.000000  0.000000  0.000000  0.000000  1.000000  0.000000  0.000000  
133.220545 0.005320  0.092289  -0.006364  0.998690  0.037213  -0.035108  -0.037643  0.999223  -0.011664  0.034647  0.012971  0.999315  0.002359  -0.002729  -0.004732  0.000000  0.000000  0.000000  2.000000  1.000000  0.000000  0.000000  0.000000  1.000000  0.000000  0.000000  0.000000  1.000000  0.999991  0.003677  -0.002055  -0.003679  0.999993  -0.000842  0.002052  0.000849  0.999998  1.000000  0.000000  0.000000  0.000000  1.000000  0.000000  0.000000  0.000000  1.000000  1.000000  0.000000  0.000000  0.000000  1.000000  0.000000  0.000000  0.000000  1.000000  0.000000  0.000000  
133.221792 0.005324  0.092284  -0.006371  0.998678  0.037413  -0.035249  -0.037848  0.999214  -0.011773  0.034781  0.013092  0.999309  0.002467  -0.002889  -0.004955  0.000000  0.000000  0.000000  2.000000  1.000000  0.000000  0.000000  0.000000  1.000000  0.000000  0.000000  0.000000  1.000000  0.999990  0.003883  -0.002057  -0.003885  0.999992  -0.000834  0.002054  0.000842  0.999998  1.000000  0.000000  0.000000  0.000000  1.000000  0.000000  0.000000  0.000000  1.000000  1.000000  0.000000  0.000000  0.000000  1.000000  0.000000  0.000000  0.000000  1.000000  0.000000  0.000000  
133.222798 0.005327  0.092279  -0.006378  0.998670  0.037618  -0.035251  -0.038054  0.999206  -0.011766  0.034781  0.013092  0.999309  0.002547  -0.003109  -0.005216  0.000000  0.000000  0.000000  2.000000  1.000000  0.000000  0.000000  0.000000  1.000000  0.000000  0.000000  0.000000  1.000000  0.999991  0.003885  -0.001924  -0.003886  0.999992  -0.000956  0.001920  0.000963  0.999998  1.000000  0.000000  0.000000  0.000000  1.000000  0.000000  0.000000  0.000000  1.000000  1.000000  0.000000  0.000000  0.000000  1.000000  0.000000  0.000000  0.000000  1.000000  0.000000  0.000000  
133.224036 0.005332  0.092273  -0.006386  0.998658  0.037818  -0.035392  -0.038259  0.999197  -0.011875  0.034914  0.013213  0.999303  0.002693  -0.003301  -0.005343  0.000000  0.000000  0.000000  2.000000  1.000000  0.000000  0.000000  0.000000  1.000000  0.000000  0.000000  0.000000  1.000000  0.999989  0.004294  -0.002063  -0.004296  0.999990  -0.000941  0.002059  0.000949  0.999997  1.000000  0.000000  0.000000  0.000000  1.000000  0.000000  0.000000  0.000000  1.000000  1.000000  0.000000  0.000000  0.000000  1.000000  0.000000  0.000000  0.000000  1.000000  0.000000  0.000000  
133.225038 0.005336  0.092269  -0.006392  0.998650  0.038024  -0.035394  -0.038465  0.999189  -0.011868  0.034914  0.013213  0.999303  0.002823  -0.003493  -0.005495  0.000000  0.000000  0.000000  2.000000  1.000000  0.000000  0.000000  0.000000  1.000000  0.000000  0.000000  0.000000  1.000000  0.999989  0.004294  -0.002064  -0.004296  0.999990  -0.001062  0.002059  0.001071  0.999997  1.000000  0.000000  0.000000  0.000000  1.000000  0.000000  0.000000  0.000000  1.000000  1.000000  0.000000  0.000000  0.000000  1.000000  0.000000  0.000000  0.000000  1.000000  0.000000  0.000000  
133.226295 0.005340  0.092263  -0.006400  0.998637  0.038223  -0.035535  -0.038670  0.999180  -0.011976  0.035048  0.013334  0.999297  0.002918  -0.003725  -0.005597  0.000000  0.000000  0.000000  2.000000  1.000000  0.000000  0.000000  0.000000  1.000000  0.000000  0.000000  0.000000  1.000000  0.999989  0.004294  -0.002064  -0.004296  0.999990  -0.000940  0.002060  0.000949  0.999997  1.000000  0.000000  0.000000  0.000000  1.000000  0.000000  0.000000  0.000000  1.000000  1.000000  0.000000  0.000000  0.000000  1.000000  0.000000  0.000000  0.000000  1.000000  0.000000  0.000000  
133.227543 0.005345  0.092258  -0.006406  0.998629  0.038429  -0.035537  -0.038876  0.999172  -0.011969  0.035048  0.013334  0.999297  0.003038  -0.003867  -0.005564  -0.038993  0.083136  0.171857  2.000000  1.000000  0.000000  0.000000  0.000000  1.000000  0.000000  0.000000  0.000000  1.000000  0.999989  0.004296  -0.001930  -0.004298  0.999990  -0.001061  0.001926  0.001070  0.999998  1.000000  0.000000  0.000000  0.000000  1.000000  0.000000  0.000000  0.000000  1.000000  1.000000  0.000000  0.000000  0.000000  1.000000  0.000000  0.000000  0.000000  1.000000  0.000048  0.000000  
133.228544 0.005348  0.092254  -0.006412  0.998621  0.038630  -0.035545  -0.039082  0.999163  -0.012083  0.035048  0.013455  0.999295  0.003116  -0.003968  -0.005533  -0.042830  0.083224  0.178744  2.000000  1.000000  0.000000  0.000000  0.000000  1.000000  0.000000  0.000000  0.000000  1.000000  0.999990  0.004091  -0.001794  -0.004093  0.999991  -0.001190  0.001789  0.001197  0.999998  1.000000  0.000000  0.000000  0.000000  1.000000  0.000000  0.000000  0.000000  1.000000  1.000000  0.000000  0.000000  0.000000  1.000000  0.000000  0.000000  0.000000  1.000000  0.000049  0.000000  
133.229786 0.005353  0.092249  -0.006417  0.998621  0.038630  -0.035545  -0.039082  0.999163  -0.012083  0.035048  0.013455  0.999295  0.003255  -0.004002  -0.005419  -0.043091  0.078709  0.172039  2.000000  1.000000  0.000000  0.000000  0.000000  1.000000  0.000000  0.000000  0.000000  1.000000  0.999990  0.004091  -0.001794  -0.004093  0.999991  -0.001069  0.001790  0.001076  0.999998  1.000000  0.000000  0.000000  0.000000  1.000000  0.000000  0.000000  0.000000  1.000000  1.000000  0.000000  0.000000  0.000000  1.000000  0.000000  0.000000  0.000000  1.000000  0.000050  0.000000  
133.230792 0.005357  0.092245  -0.006422  0.998613  0.038832  -0.035552  -0.039287  0.999154  -0.012197  0.035048  0.013577  0.999293  0.003359  -0.004053  -0.005376  -0.046520  0.078109  0.177366  2.000000  1.000000  0.000000  0.000000  0.000000  1.000000  0.000000  0.000000  0.000000  1.000000  0.999990  0.004093  -0.001661  -0.004095  0.999991  -0.001190  0.001656  0.001197  0.999998  1.000000  0.000000  0.000000  0.000000  1.000000  0.000000  0.000000  0.000000  1.000000  1.000000  0.000000  0.000000  0.000000  1.000000  0.000000  0.000000  0.000000  1.000000  0.000050  0.000000  
133.231795 0.005360  0.092241  -0.006426  0.998605  0.039038  -0.035554  -0.039493  0.999146  -0.012189  0.035048  0.013577  0.999293  0.003407  -0.004147  -0.005369  -0.046275  0.073737  0.184284  2.000000  1.000000  0.000000  0.000000  0.000000  1.000000  0.000000  0.000000  0.000000  1.000000  0.999990  0.004095  -0.001527  -0.004097  0.999991  -0.001190  0.001522  0.001196  0.999998  1.000000  0.000000  0.000000  0.000000  1.000000  0.000000  0.000000  0.000000  1.000000  1.000000  0.000000  0.000000  0.000000  1.000000  0.000000  0.000000  0.000000  1.000000  0.000051  0.000000  
133.233039 0.005364  0.092235  -0.006432  0.998597  0.039239  -0.035562  -0.039698  0.999136  -0.012303  0.035048  0.013698  0.999292  0.003452  -0.004246  -0.005363  -0.050330  0.073765  0.184321  2.000000  1.000000  0.000000  0.000000  0.000000  1.000000  0.000000  0.000000  0.000000  1.000000  0.999991  0.003891  -0.001391  -0.003892  0.999992  -0.001197  0.001387  0.001202  0.999998  1.000000  0.000000  0.000000  0.000000  1.000000  0.000000  0.000000  0.000000  1.000000  1.000000  0.000000  0.000000  0.000000  1.000000  0.000000  0.000000  0.000000  1.000000  0.000050  0.000000  
133.234061 0.005367  0.092231  -0.006437  0.998597  0.039235  -0.035566  -0.039698  0.999134  -0.012424  0.035048  0.013819  0.999290  0.003438  -0.004305  -0.005404  -0.051373  0.070362  0.180393  2.000000  1.000000  0.000000  0.000000  0.000000  1.000000  0.000000  0.000000  0.000000  1.000000  0.999992  0.003687  -0.001255  -0.003688  0.999993  -0.001083  0.001251  0.001088  0.999999  1.000000  0.000000  0.000000  0.000000  1.000000  0.000000  0.000000  0.000000  1.000000  1.000000  0.000000  0.000000  0.000000  1.000000  0.000000  0.000000  0.000000  1.000000  0.000051  0.000000  
133.235298 0.005371  0.092224  -0.006443  0.998589  0.039440  -0.035569  -0.039904  0.999126  -0.012417  0.035048  0.013819  0.999290  0.003429  -0.004388  -0.005412  -0.050311  0.069316  0.184344  2.000000  1.000000  0.000000  0.000000  0.000000  1.000000  0.000000  0.000000  0.000000  1.000000  0.999993  0.003688  -0.001121  -0.003690  0.999992  -0.001204  0.001117  0.001208  0.999999  1.000000  0.000000  0.000000  0.000000  1.000000  0.000000  0.000000  0.000000  1.000000  1.000000  0.000000  0.000000  0.000000  1.000000  0.000000  0.000000  0.000000  1.000000  0.000051  0.000000  
133.236554 0.005375  0.092218  -0.006450  0.998589  0.039436  -0.035574  -0.039904  0.999125  -0.012538  0.035048  0.013940  0.999288  0.003430  -0.004430  -0.005354  -0.055246  0.065200  0.172030  2.000000  1.000000  0.000000  0.000000  0.000000  1.000000  0.000000  0.000000  0.000000  1.000000  0.999993  0.003484  -0.000985  -0.003486  0.999993  -0.001212  0.000981  0.001215  0.999999  1.000000  0.000000  0.000000  0.000000  1.000000  0.000000  0.000000  0.000000  1.000000  1.000000  0.000000  0.000000  0.000000  1.000000  0.000000  0.000000  0.000000  1.000000  0.000049  0.000000  
133.237791 0.005379  0.092213  -0.006456  0.998585  0.039639  -0.035447  -0.040110  0.999115  -0.012658  0.034914  0.014061  0.999291  0.003420  -0.004403  -0.005188  -0.054808  0.055784  0.170778  2.000000  1.000000  0.000000  0.000000  0.000000  1.000000  0.000000  0.000000  0.000000  1.000000  0.999994  0.003488  -0.000718  -0.003489  0.999993  -0.001212  0.000714  0.001214  0.999999  1.000000  0.000000  0.000000  0.000000  1.000000  0.000000  0.000000  0.000000  1.000000  1.000000  0.000000  0.000000  0.000000  1.000000  0.000000  0.000000  0.000000  1.000000  0.000047  0.000000  
133.238791 0.005382  0.092209  -0.006459  0.998585  0.039639  -0.035447  -0.040110  0.999115  -0.012658  0.034914  0.014061  0.999291  0.003393  -0.004395  -0.004984  -0.054803  0.051329  0.170855  2.000000  1.000000  0.000000  0.000000  0.000000  1.000000  0.000000  0.000000  0.000000  1.000000  0.999995  0.003078  -0.000578  -0.003079  0.999995  -0.001226  0.000575  0.001228  0.999999  1.000000  0.000000  0.000000  0.000000  1.000000  0.000000  0.000000  0.000000  1.000000  1.000000  0.000000  0.000000  0.000000  1.000000  0.000000  0.000000  0.000000  1.000000  0.000047  0.000000  
133.240053 0.005386  0.092204  -0.006463  0.998577  0.039841  -0.035455  -0.040315  0.999105  -0.012771  0.034914  0.014183  0.999290  0.003344  -0.004344  -0.004754  0.000000  0.000000  0.000000  2.000000  1.000000  0.000000  0.000000  0.000000  1.000000  0.000000  0.000000  0.000000  1.000000  0.999995  0.003080  -0.000445  -0.003081  0.999995  -0.001105  0.000441  0.001106  0.999999  1.000000  0.000000  0.000000  0.000000  1.000000  0.000000  0.000000  0.000000  1.000000  1.000000  0.000000  0.000000  0.000000  1.000000  0.000000  0.000000  0.000000  1.000000  0.000047  0.000000  
133.241292 0.005389  0.092198  -0.006468  0.998577  0.039841  -0.035455  -0.040315  0.999105  -0.012771  0.034914  0.014183  0.999290  0.003298  -0.004364  -0.004571  0.000000  0.000000  0.000000  2.000000  1.000000  0.000000  0.000000  0.000000  1.000000  0.000000  0.000000  0.000000  1.000000  0.999996  0.002876  -0.000308  -0.002877  0.999995  -0.001112  0.000305  0.001113  0.999999  1.000000  0.000000  0.000000  0.000000  1.000000  0.000000  0.000000  0.000000  1.000000  1.000000  0.000000  0.000000  0.000000  1.000000  0.000000  0.000000  0.000000  1.000000  0.000000  0.000000  
133.242538 0.005393  0.092192  -0.006474  0.998573  0.040044  -0.035329  -0.040521  0.999096  -0.012891  0.034781  0.014304  0.999293  0.003212  -0.004413  -0.004545  0.000000  0.000000  0.000000  2.000000  1.000000  0.000000  0.000000  0.000000  1.000000  0.000000  0.000000  0.000000  1.000000  0.999996  0.002674  -0.000038  -0.002674  0.999996  -0.001120  0.000035  0.001120  0.999999  1.000000  0.000000  0.000000  0.000000  1.000000  0.000000  0.000000  0.000000  1.000000  1.000000  0.000000  0.000000  0.000000  1.000000  0.000000  0.000000  0.000000  1.000000  0.000000  0.000000  
133.243545 0.005395  0.092187  -0.006479  0.998573  0.040044  -0.035329  -0.040521  0.999096  -0.012891  0.034781  0.014304  0.999293  0.003141  -0.004438  -0.004489  0.000000  0.000000  0.000000  2.000000  1.000000  0.000000  0.000000  0.000000  1.000000  0.000000  0.000000  0.000000  1.000000  0.999997  0.002469  -0.000035  -0.002469  0.999996  -0.001127  0.000032  0.001127  0.999999  1.000000  0.000000  0.000000  0.000000  1.000000  0.000000  0.000000  0.000000  1.000000  1.000000  0.000000  0.000000  0.000000  1.000000  0.000000  0.000000  0.000000  1.000000  0.000000  0.000000  
133.244834 0.005397  0.092181  -0.006486  0.998565  0.040250  -0.035331  -0.040727  0.999087  -0.012883  0.034781  0.014304  0.999293  0.002962  -0.004523  -0.004566  0.000000  0.000000  0.000000  2.000000  1.000000  0.000000  0.000000  0.000000  1.000000  0.000000  0.000000  0.000000  1.000000  0.999997  0.002471  0.000099  -0.002470  0.999996  -0.001127  -0.000101  0.001127  0.999999  1.000000  0.000000  0.000000  0.000000  1.000000  0.000000  0.000000  0.000000  1.000000  1.000000  0.000000  0.000000  0.000000  1.000000  0.000000  0.000000  0.000000  1.000000  0.000000  0.000000  
133.246040 0.005399  0.092175  -0.006492  0.998569  0.040247  -0.035203  -0.040727  0.999086  -0.013010  0.034647  0.014425  0.999296  0.002780  -0.004640  -0.004621  0.000000  0.000000  0.000000  2.000000  1.000000  0.000000  0.000000  0.000000  1.000000  0.000000  0.000000  0.000000  1.000000  0.999997  0.002267  0.000235  -0.002267  0.999997  -0.001013  -0.000238  0.001013  0.999999  1.000000  0.000000  0.000000  0.000000  1.000000  0.000000  0.000000  0.000000  1.000000  1.000000  0.000000  0.000000  0.000000  1.000000  0.000000  0.000000  0.000000  1.000000  0.000000  0.000000  
133.247062 0.005401  0.092170  -0.006497  0.998569  0.040247  -0.035203  -0.040727  0.999086  -0.013010  0.034647  0.014425  0.999296  0.002654  -0.004666  -0.004663  0.000000  0.000000  0.000000  2.000000  1.000000  0.000000  0.000000  0.000000  1.000000  0.000000  0.000000  0.000000  1.000000  0.999997  0.002267  0.000235  -0.002267  0.999997  -0.001134  -0.000238  0.001134  0.999999  1.000000  0.000000  0.000000  0.000000  1.000000  0.000000  0.000000  0.000000  1.000000  1.000000  0.000000  0.000000  0.000000  1.000000  0.000000  0.000000  0.000000  1.000000  0.000000  0.000000  
133.248291 0.005403  0.092164  -0.006504  0.998569  0.040247  -0.035203  -0.040727  0.999086  -0.013010  0.034647  0.014425  0.999296  0.002548  -0.004681  -0.004720  0.000000  0.000000  0.000000  2.000000  1.000000  0.000000  0.000000  0.000000  1.000000  0.000000  0.000000  0.000000  1.000000  0.999998  0.002063  0.000372  -0.002063  0.999997  -0.001020  -0.000374  0.001020  0.999999  1.000000  0.000000  0.000000  0.000000  1.000000  0.000000  0.000000  0.000000  1.000000  1.000000  0.000000  0.000000  0.000000  1.000000  0.000000  0.000000  0.000000  1.000000  0.000000  0.000000  
133.249551 0.005405  0.092159  -0.006510  0.998561  0.040453  -0.035205  -0.040932  0.999077  -0.013003  0.034647  0.014425  0.999296  0.002377  -0.004618  -0.004666  0.000000  0.000000  0.000000  2.000000  1.000000  0.000000  0.000000  0.000000  1.000000  0.000000  0.000000  0.000000  1.000000  0.999998  0.002063  0.000372  -0.002063  0.999997  -0.001020  -0.000374  0.001020  0.999999  1.000000  0.000000  0.000000  0.000000  1.000000  0.000000  0.000000  0.000000  1.000000  1.000000  0.000000  0.000000  0.000000  1.000000  0.000000  0.000000  0.000000  1.000000  0.000000  0.000000  
133.250796 0.005406  0.092154  -0.006516  0.998561  0.040453  -0.035205  -0.040932  0.999077  -0.013003  0.034647  0.014425  0.999296  0.002264  -0.004554  -0.004655  0.000000  0.000000  0.000000  2.000000  1.000000  0.000000  0.000000  0.000000  1.000000  0.000000  0.000000  0.000000  1.000000  0.999998  0.001857  0.000375  -0.001857  0.999998  -0.000906  -0.000376  0.000905  1.000000  1.000000  0.000000  0.000000  0.000000  1.000000  0.000000  0.000000  0.000000  1.000000  1.000000  0.000000  0.000000  0.000000  1.000000  0.000000  0.000000  0.000000  1.000000  0.000000  0.000000  
133.251801 0.005407  0.092150  -0.006520  0.998566  0.040451  -0.035077  -0.040932  0.999076  -0.013130  0.034513  0.014546  0.999298  0.002119  -0.004459  -0.004579  0.000000  0.000000  0.000000  2.000000  1.000000  0.000000  0.000000  0.000000  1.000000  0.000000  0.000000  0.000000  1.000000  0.999999  0.001654  0.000511  -0.001653  0.999998  -0.000914  -0.000513  0.000913  0.999999  1.000000  0.000000  0.000000  0.000000  1.000000  0.000000  0.000000  0.000000  1.000000  1.000000  0.000000  0.000000  0.000000  1.000000  0.000000  0.000000  0.000000  1.000000  0.000000  0.000000  
133.253049 0.005409  0.092146  -0.006525  0.998566  0.040451  -0.035077  -0.040932  0.999076  -0.013130  0.034513  0.014546  0.999298  0.001965  -0.004418  -0.004552  0.000000  0.000000  0.000000  2.000000  1.000000  0.000000  0.000000  0.000000  1.000000  0.000000  0.000000  0.000000  1.000000  0.999999  0.001448  0.000514  -0.001447  0.999999  -0.000921  -0.000516  0.000920  0.999999  1.000000  0.000000  0.000000  0.000000  1.000000  0.000000  0.000000  0.000000  1.000000  1.000000  0.000000  0.000000  0.000000  1.000000  0.000000  0.000000  0.000000  1.000000  0.000000  0.000000  
133.254289 0.005410  0.092141  -0.006529  0.998557  0.040656  -0.035079  -0.041138  0.999067  -0.013122  0.034513  0.014546  0.999298  0.001786  -0.004345  -0.004571  0.000000  0.000000  0.000000  2.000000  1.000000  0.000000  0.000000  0.000000  1.000000  0.000000  0.000000  0.000000  1.000000  0.999999  0.001654  0.000511  -0.001653  0.999998  -0.000792  -0.000513  0.000791  1.000000  1.000000  0.000000  0.000000  0.000000  1.000000  0.000000  0.000000  0.000000  1.000000  1.000000  0.000000  0.000000  0.000000  1.000000  0.000000  0.000000  0.000000  1.000000  0.000000  0.000000  
133.255292 0.005411  0.092138  -0.006534  0.998557  0.040656  -0.035079  -0.041138  0.999067  -0.013122  0.034513  0.014546  0.999298  0.001649  -0.004328  -0.004638  0.000000  0.000000  0.000000  2.000000  1.000000  0.000000  0.000000  0.000000  1.000000  0.000000  0.000000  0.000000  1.000000  0.999999  0.001448  0.000514  -0.001447  0.999999  -0.000799  -0.000515  0.000799  1.000000  1.000000  0.000000  0.000000  0.000000  1.000000  0.000000  0.000000  0.000000  1.000000  1.000000  0.000000  0.000000  0.000000  1.000000  0.000000  0.000000  0.000000  1.000000  0.000000  0.000000  
133.256294 0.005412  0.092134  -0.006539  0.998557  0.040656  -0.035079  -0.041138  0.999067  -0.013122  0.034513  0.014546  0.999298  0.001497  -0.004249  -0.004701  0.000000  0.000000  0.000000  2.000000  1.000000  0.000000  0.000000  0.000000  1.000000  0.000000  0.000000  0.000000  1.000000  0.999999  0.001242  0.000517  -0.001242  0.999999  -0.000685  -0.000518  0.000684  1.000000  1.000000  0.000000  0.000000  0.000000  1.000000  0.000000  0.000000  0.000000  1.000000  1.000000  0.000000  0.000000  0.000000  1.000000  0.000000  0.000000  0.000000  1.000000  0.000000  0.000000  
133.257295 0.005413  0.092130  -0.006544  0.998557  0.040656  -0.035079  -0.041138  0.999067  -0.013122  0.034513  0.014546  0.999298  0.001387  -0.004201  -0.004746  0.000000  0.000000  0.000000  2.000000  1.000000  0.000000  0.000000  0.000000  1.000000  0.000000  0.000000  0.000000  1.000000  0.999999  0.001242  0.000517  -0.001242  0.999999  -0.000564  -0.000518  0.000563  1.000000  1.000000  0.000000  0.000000  0.000000  1.000000  0.000000  0.000000  0.000000  1.000000  1.000000  0.000000  0.000000  0.000000  1.000000  0.000000  0.000000  0.000000  1.000000  0.000000  0.000000  
133.258295 0.005414  0.092126  -0.006549  0.998557  0.040656  -0.035079  -0.041138  0.999067  -0.013122  0.034513  0.014546  0.999298  0.001332  -0.004120  -0.004748  0.000000  0.000000  0.000000  2.000000  1.000000  0.000000  0.000000  0.000000  1.000000  0.000000  0.000000  0.000000  1.000000  0.999999  0.001036  0.000520  -0.001036  0.999999  -0.000571  -0.000521  0.000570  1.000000  1.000000  0.000000  0.000000  0.000000  1.000000  0.000000  0.000000  0.000000  1.000000  1.000000  0.000000  0.000000  0.000000  1.000000  0.000000  0.000000  0.000000  1.000000  0.000000  0.000000  
133.259301 0.005415  0.092122  -0.006555  0.998557  0.040656  -0.035079  -0.041138  0.999067  -0.013122  0.034513  0.014546  0.999298  0.001219  -0.004050  -0.004763  0.000000  0.000000  0.000000  2.000000  1.000000  0.000000  0.000000  0.000000  1.000000  0.000000  0.000000  0.000000  1.000000  0.999999  0.001034  0.000386  -0.001034  0.999999  -0.000450  -0.000387  0.000449  1.000000  1.000000  0.000000  0.000000  0.000000  1.000000  0.000000  0.000000  0.000000  1.000000  1.000000  0.000000  0.000000  0.000000  1.000000  0.000000  0.000000  0.000000  1.000000  0.000000  0.000000  
133.260544 0.005416  0.092118  -0.006560  0.998557  0.040656  -0.035079  -0.041138  0.999067  -0.013122  0.034513  0.014546  0.999298  0.001127  -0.003919  -0.004680  0.000000  0.000000  0.000000  2.000000  1.000000  0.000000  0.000000  0.000000  1.000000  0.000000  0.000000  0.000000  1.000000  1.000000  0.000829  0.000389  -0.000829  1.000000  -0.000457  -0.000390  0.000456  1.000000  1.000000  0.000000  0.000000  0.000000  1.000000  0.000000  0.000000  0.000000  1.000000  1.000000  0.000000  0.000000  0.000000  1.000000  0.000000  0.000000  0.000000  1.000000  0.000000  0.000000  
133.261549 0.005417  0.092114  -0.006565  0.998557  0.040656  -0.035079  -0.041138  0.999067  -0.013122  0.034513  0.014546  0.999298  0.001091  -0.003885  -0.004658  0.000000  0.000000  0.000000  2.000000  1.000000  0.000000  0.000000  0.000000  1.000000  0.000000  0.000000  0.000000  1.000000  1.000000  0.000829  0.000389  -0.000829  1.000000  -0.000335  -0.000390  0.000335  1.000000  1.000000  0.000000  0.000000  0.000000  1.000000  0.000000  0.000000  0.000000  1.000000  1.000000  0.000000  0.000000  0.000000  1.000000  0.000000  0.000000  0.000000  1.000000  0.000000  0.000000  
133.262785 0.005418  0.092110  -0.006570  0.998553  0.040654  -0.035213  -0.041138  0.999067  -0.013117  0.034647  0.014546  0.999294  0.001063  -0.003756  -0.004610  0.000000  0.000000  0.000000  2.000000  1.000000  0.000000  0.000000  0.000000  1.000000  0.000000  0.000000  0.000000  1.000000  1.000000  0.000827  0.000256  -0.000827  1.000000  -0.000335  -0.000256  0.000335  1.000000  1.000000  0.000000  0.000000  0.000000  1.000000  0.000000  0.000000  0.000000  1.000000  1.000000  0.000000  0.000000  0.000000  1.000000  0.000000  0.000000  0.000000  1.000000  0.000000  0.000000  
133.263789 0.005420  0.092108  -0.006575  0.998553  0.040659  -0.035208  -0.041138  0.999069  -0.012996  0.034647  0.014425  0.999296  0.001093  -0.003606  -0.004574  0.000000  0.000000  0.000000  2.000000  1.000000  0.000000  0.000000  0.000000  1.000000  0.000000  0.000000  0.000000  1.000000  1.000000  0.000619  0.000125  -0.000619  1.000000  -0.000100  -0.000125  0.000100  1.000000  1.000000  0.000000  0.000000  0.000000  1.000000  0.000000  0.000000  0.000000  1.000000  1.000000  0.000000  0.000000  0.000000  1.000000  0.000000  0.000000  0.000000  1.000000  0.000000  0.000000  
133.264803 0.005421  0.092105  -0.006579  0.998544  0.040864  -0.035211  -0.041343  0.999061  -0.012988  0.034647  0.014425  0.999296  0.001093  -0.003524  -0.004535  0.000000  0.000000  0.000000  2.000000  1.000000  0.000000  0.000000  0.000000  1.000000  0.000000  0.000000  0.000000  1.000000  1.000000  0.000825  0.000122  -0.000825  1.000000  -0.000093  -0.000122  0.000093  1.000000  1.000000  0.000000  0.000000  0.000000  1.000000  0.000000  0.000000  0.000000  1.000000  1.000000  0.000000  0.000000  0.000000  1.000000  0.000000  0.000000  0.000000  1.000000  0.000000  0.000000  
133.266055 0.005423  0.092101  -0.006586  0.998544  0.040864  -0.035211  -0.041343  0.999061  -0.012988  0.034647  0.014425  0.999296  0.001081  -0.003455  -0.004601  0.000000  0.000000  0.000000  2.000000  1.000000  0.000000  0.000000  0.000000  1.000000  0.000000  0.000000  0.000000  1.000000  1.000000  0.000619  0.000125  -0.000619  1.000000  -0.000100  -0.000125  0.000100  1.000000  1.000000  0.000000  0.000000  0.000000  1.000000  0.000000  0.000000  0.000000  1.000000  1.000000  0.000000  0.000000  0.000000  1.000000  0.000000  0.000000  0.000000  1.000000  0.000000  0.000000  
133.267292 0.005425  0.092098  -0.006592  0.998544  0.040869  -0.035206  -0.041343  0.999062  -0.012867  0.034647  0.014304  0.999297  0.001106  -0.003343  -0.004698  0.000000  0.000000  0.000000  2.000000  1.000000  0.000000  0.000000  0.000000  1.000000  0.000000  0.000000  0.000000  1.000000  1.000000  0.000617  -0.000009  -0.000617  1.000000  0.000143  0.000009  -0.000143  1.000000  1.000000  0.000000  0.000000  0.000000  1.000000  0.000000  0.000000  0.000000  1.000000  1.000000  0.000000  0.000000  0.000000  1.000000  0.000000  0.000000  0.000000  1.000000  0.000000  0.000000  
133.268548 0.005426  0.092094  -0.006599  0.998553  0.040663  -0.035203  -0.041138  0.999071  -0.012874  0.034647  0.014304  0.999297  0.001097  -0.003329  -0.004838  0.000000  0.000000  0.000000  2.000000  1.000000  0.000000  0.000000  0.000000  1.000000  0.000000  0.000000  0.000000  1.000000  1.000000  0.000411  -0.000006  -0.000411  1.000000  0.000136  0.000006  -0.000136  1.000000  1.000000  0.000000  0.000000  0.000000  1.000000  0.000000  0.000000  0.000000  1.000000  1.000000  0.000000  0.000000  0.000000  1.000000  0.000000  0.000000  0.000000  1.000000  0.000000  0.000000  
133.269788 0.005428  0.092091  -0.006605  0.998553  0.040663  -0.035203  -0.041138  0.999071  -0.012874  0.034647  0.014304  0.999297  0.001132  -0.003212  -0.004865  0.000000  0.000000  0.000000  2.000000  1.000000  0.000000  0.000000  0.000000  1.000000  0.000000  0.000000  0.000000  1.000000  1.000000  0.000206  -0.000003  -0.000206  1.000000  0.000128  0.000003  -0.000128  1.000000  1.000000  0.000000  0.000000  0.000000  1.000000  0.000000  0.000000  0.000000  1.000000  1.000000  0.000000  0.000000  0.000000  1.000000  0.000000  0.000000  0.000000  1.000000  0.000000  0.000000  
133.270798 0.005430  0.092089  -0.006610  0.998553  0.040663  -0.035203  -0.041138  0.999071  -0.012874  0.034647  0.014304  0.999297  0.001207  -0.003111  -0.004885  0.000000  0.000000  0.000000  2.000000  1.000000  0.000000  0.000000  0.000000  1.000000  0.000000  0.000000  0.000000  1.000000  1.000000  0.000206  -0.000003  -0.000206  1.000000  0.000128  0.000003  -0.000128  1.000000  1.000000  0.000000  0.000000  0.000000  1.000000  0.000000  0.000000  0.000000  1.000000  1.000000  0.000000  0.000000  0.000000  1.000000  0.000000  0.000000  0.000000  1.000000  0.000000  0.000000  
133.272046 0.005433  0.092087  -0.006616  0.998553  0.040663  -0.035203  -0.041138  0.999071  -0.012874  0.034647  0.014304  0.999297  0.001305  -0.002927  -0.004831  0.000000  0.000000  0.000000  2.000000  1.000000  0.000000  0.000000  0.000000  1.000000  0.000000  0.000000  0.000000  1.000000  1.000000  0.000204  -0.000137  -0.000204  1.000000  0.000250  0.000137  -0.000250  1.000000  1.000000  0.000000  0.000000  0.000000  1.000000  0.000000  0.000000  0.000000  1.000000  1.000000  0.000000  0.000000  0.000000  1.000000  0.000000  0.000000  0.000000  1.000000  0.000000  0.000000  
133.273295 0.005435  0.092085  -0.006621  0.998553  0.040663  -0.035203  -0.041138  0.999071  -0.012874  0.034647  0.014304  0.999297  0.001399  -0.002765  -0.004734  0.000000  0.000000  0.000000  2.000000  1.000000  0.000000  0.000000  0.000000  1.000000  0.000000  0.000000  0.000000  1.000000  1.000000  0.000204  -0.000137  -0.000204  1.000000  0.000250  0.000137  -0.000250  1.000000  1.000000  0.000000  0.000000  0.000000  1.000000  0.000000  0.000000  0.000000  1.000000  1.000000  0.000000  0.000000  0.000000  1.000000  0.000000  0.000000  0.000000  1.000000  0.000000  0.000000  
