1-Time 2-Px 3-Py 4-Pz 5-R11 6-R21 7-R31 8-R12 9-R22 10-R32 11-R13 12-R23 13-R33 14-Vx 15-Vy 16-Vz 17-Wx 18-Wy 19-Wz 20-state 21-PR11 22-PR21 23-PR31 24-PR12 25-PR22 26-PR32 27-PR13 28-PR23 29-PR33 
63.280109 0.002008  0.087936  -0.004528  0.999271  0.029070  -0.024747  -0.028603  0.999410  0.019031  0.025285  -0.018309  0.999513  0.000190  0.000064  0.000229  0.000000  0.000000  0.000000  2.000000  1.000000  0.000000  0.000000  0.000000  1.000000  0.000000  0.000000  0.000000  1.000000  1.000000  0.000206  0.000004  -0.000206  1.000000  0.000005  -0.000004  -0.000005  1.000000  1.000000  0.000000  0.000000  0.000000  1.000000  0.000000  0.000000  0.000000  1.000000  0.613597  0.599800  -0.513555  -0.560766  0.788894  0.251372  0.555913  0.133743  0.820410  0.000000  0.000000  
63.281112 0.002008  0.087936  -0.004527  0.999271  0.029070  -0.024747  -0.028603  0.999410  0.019031  0.025285  -0.018309  0.999513  0.000215  0.000070  0.000294  0.000000  0.000000  0.000000  2.000000  1.000000  0.000000  0.000000  0.000000  1.000000  0.000000  0.000000  0.000000  1.000000  1.000000  0.000206  0.000004  -0.000206  1.000000  0.000005  -0.000004  -0.000005  1.000000  1.000000  0.000000  0.000000  0.000000  1.000000  0.000000  0.000000  0.000000  1.000000  1.000000  0.000000  0.000000  0.000000  1.000000  0.000000  0.000000  0.000000  1.000000  0.000000  0.000000  
63.282369 0.002007  0.087934  -0.004529  0.999268  0.029073  -0.024880  -0.028603  0.999410  0.019034  0.025419  -0.018309  0.999509  0.000113  -0.000120  0.000115  0.000000  0.000000  0.000000  2.000000  1.000000  0.000000  0.000000  0.000000  1.000000  0.000000  0.000000  0.000000  1.000000  1.000000  0.000208  -0.000130  -0.000208  1.000000  0.000005  0.000130  -0.000005  1.000000  1.000000  0.000000  0.000000  0.000000  1.000000  0.000000  0.000000  0.000000  1.000000  1.000000  0.000000  0.000000  0.000000  1.000000  0.000000  0.000000  0.000000  1.000000  0.000000  0.000000  
63.283612 0.002006  0.087929  -0.004532  0.999262  0.029278  -0.024876  -0.028809  0.999404  0.019040  0.025419  -0.018309  0.999509  -0.000017  -0.000438  -0.000105  0.000000  0.000000  0.000000  2.000000  1.000000  0.000000  0.000000  0.000000  1.000000  0.000000  0.000000  0.000000  1.000000  1.000000  0.000414  -0.000126  -0.000414  1.000000  0.000010  0.000126  -0.000010  1.000000  1.000000  0.000000  0.000000  0.000000  1.000000  0.000000  0.000000  0.000000  1.000000  1.000000  0.000000  0.000000  0.000000  1.000000  0.000000  0.000000  0.000000  1.000000  0.000000  0.000000  
63.284613 0.002006  0.087925  -0.004534  0.999258  0.029284  -0.025007  -0.028809  0.999401  0.019165  0.025553  -0.018430  0.999504  -0.000045  -0.000704  -0.000254  0.000000  0.000000  0.000000  2.000000  1.000000  0.000000  0.000000  0.000000  1.000000  0.000000  0.000000  0.000000  1.000000  1.000000  0.000416  -0.000260  -0.000416  1.000000  0.000132  0.000260  -0.000132  1.000000  1.000000  0.000000  0.000000  0.000000  1.000000  0.000000  0.000000  0.000000  1.000000  1.000000  0.000000  0.000000  0.000000  1.000000  0.000000  0.000000  0.000000  1.000000  0.000000  0.000000  
63.285935 0.002006  0.087921  -0.004537  0.999249  0.029492  -0.025136  -0.029014  0.999395  0.019174  0.025687  -0.018430  0.999500  -0.000057  -0.001027  -0.000511  0.000000  0.000000  0.000000  2.000000  1.000000  0.000000  0.000000  0.000000  1.000000  0.000000  0.000000  0.000000  1.000000  1.000000  0.000622  -0.000256  -0.000622  1.000000  0.000137  0.000256  -0.000137  1.000000  1.000000  0.000000  0.000000  0.000000  1.000000  0.000000  0.000000  0.000000  1.000000  1.000000  0.000000  0.000000  0.000000  1.000000  0.000000  0.000000  0.000000  1.000000  0.000000  0.000000  
63.287132 0.002006  0.087916  -0.004540  0.999243  0.029701  -0.025129  -0.029220  0.999387  0.019300  0.025687  -0.018551  0.999498  -0.000051  -0.001332  -0.000720  0.000000  0.000000  0.000000  2.000000  1.000000  0.000000  0.000000  0.000000  1.000000  0.000000  0.000000  0.000000  1.000000  1.000000  0.000625  -0.000390  -0.000625  1.000000  0.000258  0.000390  -0.000258  1.000000  1.000000  0.000000  0.000000  0.000000  1.000000  0.000000  0.000000  0.000000  1.000000  1.000000  0.000000  0.000000  0.000000  1.000000  0.000000  0.000000  0.000000  1.000000  0.000000  0.000000  
63.288370 0.002006  0.087911  -0.004543  0.999233  0.029912  -0.025255  -0.029425  0.999378  0.019430  0.025820  -0.018672  0.999492  -0.000063  -0.001704  -0.000924  0.000000  0.000000  0.000000  2.000000  1.000000  0.000000  0.000000  0.000000  1.000000  0.000000  0.000000  0.000000  1.000000  1.000000  0.000833  -0.000520  -0.000833  1.000000  0.000385  0.000520  -0.000385  1.000000  1.000000  0.000000  0.000000  0.000000  1.000000  0.000000  0.000000  0.000000  1.000000  1.000000  0.000000  0.000000  0.000000  1.000000  0.000000  0.000000  0.000000  1.000000  0.000000  0.000000  
63.289609 0.002007  0.087906  -0.004546  0.999224  0.030120  -0.025384  -0.029631  0.999372  0.019440  0.025954  -0.018672  0.999489  -0.000005  -0.002008  -0.001134  0.000000  0.000000  0.000000  2.000000  1.000000  0.000000  0.000000  0.000000  1.000000  0.000000  0.000000  0.000000  1.000000  0.999999  0.001041  -0.000650  -0.001041  0.999999  0.000391  0.000650  -0.000390  1.000000  1.000000  0.000000  0.000000  0.000000  1.000000  0.000000  0.000000  0.000000  1.000000  1.000000  0.000000  0.000000  0.000000  1.000000  0.000000  0.000000  0.000000  1.000000  0.000000  0.000000  
63.290723 0.002008  0.087902  -0.004549  0.999214  0.030329  -0.025514  -0.029837  0.999366  0.019449  0.026088  -0.018672  0.999485  0.000008  -0.002269  -0.001374  0.000000  0.000000  0.000000  2.000000  1.000000  0.000000  0.000000  0.000000  1.000000  0.000000  0.000000  0.000000  1.000000  0.999999  0.001250  -0.000780  -0.001249  0.999999  0.000396  0.000780  -0.000395  1.000000  1.000000  0.000000  0.000000  0.000000  1.000000  0.000000  0.000000  0.000000  1.000000  1.000000  0.000000  0.000000  0.000000  1.000000  0.000000  0.000000  0.000000  1.000000  0.000000  0.000000  
63.291855 0.002008  0.087898  -0.004554  0.999205  0.030537  -0.025644  -0.030042  0.999359  0.019458  0.026222  -0.018672  0.999482  0.000068  -0.002605  -0.001727  0.000000  0.000000  0.000000  2.000000  1.000000  0.000000  0.000000  0.000000  1.000000  0.000000  0.000000  0.000000  1.000000  0.999998  0.001664  -0.000906  -0.001663  0.999999  0.000407  0.000906  -0.000406  1.000000  1.000000  0.000000  0.000000  0.000000  1.000000  0.000000  0.000000  0.000000  1.000000  1.000000  0.000000  0.000000  0.000000  1.000000  0.000000  0.000000  0.000000  1.000000  0.000000  0.000000  
63.292870 0.002009  0.087894  -0.004558  0.999195  0.030745  -0.025773  -0.030248  0.999353  0.019467  0.026355  -0.018672  0.999478  0.000087  -0.002862  -0.002021  0.000000  0.000000  0.000000  2.000000  1.000000  0.000000  0.000000  0.000000  1.000000  0.000000  0.000000  0.000000  1.000000  0.999998  0.001872  -0.001036  -0.001871  0.999998  0.000413  0.001036  -0.000411  0.999999  1.000000  0.000000  0.000000  0.000000  1.000000  0.000000  0.000000  0.000000  1.000000  1.000000  0.000000  0.000000  0.000000  1.000000  0.000000  0.000000  0.000000  1.000000  0.000000  0.000000  
63.294112 0.002011  0.087889  -0.004563  0.999185  0.030953  -0.025903  -0.030454  0.999346  0.019477  0.026489  -0.018672  0.999475  0.000200  -0.003182  -0.002365  0.000000  0.000000  0.000000  2.000000  1.000000  0.000000  0.000000  0.000000  1.000000  0.000000  0.000000  0.000000  1.000000  0.999998  0.001874  -0.001169  -0.001874  0.999998  0.000413  0.001170  -0.000411  0.999999  1.000000  0.000000  0.000000  0.000000  1.000000  0.000000  0.000000  0.000000  1.000000  1.000000  0.000000  0.000000  0.000000  1.000000  0.000000  0.000000  0.000000  1.000000  0.000000  0.000000  
63.295115 0.002012  0.087885  -0.004567  0.999175  0.031162  -0.026033  -0.030659  0.999340  0.019486  0.026623  -0.018672  0.999471  0.000251  -0.003558  -0.002721  0.000000  0.000000  0.000000  2.000000  1.000000  0.000000  0.000000  0.000000  1.000000  0.000000  0.000000  0.000000  1.000000  0.999997  0.002083  -0.001299  -0.002082  0.999998  0.000419  0.001300  -0.000416  0.999999  1.000000  0.000000  0.000000  0.000000  1.000000  0.000000  0.000000  0.000000  1.000000  1.000000  0.000000  0.000000  0.000000  1.000000  0.000000  0.000000  0.000000  1.000000  0.000000  0.000000  
63.296360 0.002013  0.087878  -0.004574  0.999155  0.031578  -0.026292  -0.031070  0.999327  0.019505  0.026890  -0.018672  0.999464  0.000301  -0.003887  -0.003074  0.000000  0.000000  0.000000  2.000000  1.000000  0.000000  0.000000  0.000000  1.000000  0.000000  0.000000  0.000000  1.000000  0.999996  0.002499  -0.001559  -0.002499  0.999997  0.000430  0.001560  -0.000426  0.999999  1.000000  0.000000  0.000000  0.000000  1.000000  0.000000  0.000000  0.000000  1.000000  1.000000  0.000000  0.000000  0.000000  1.000000  0.000000  0.000000  0.000000  1.000000  0.000000  0.000000  
63.297361 0.002013  0.087871  -0.004579  0.999145  0.031786  -0.026422  -0.031276  0.999320  0.019515  0.027024  -0.018672  0.999460  0.000385  -0.004193  -0.003346  0.000000  0.000000  0.000000  2.000000  1.000000  0.000000  0.000000  0.000000  1.000000  0.000000  0.000000  0.000000  1.000000  0.999995  0.002707  -0.001689  -0.002707  0.999996  0.000436  0.001690  -0.000432  0.999998  1.000000  0.000000  0.000000  0.000000  1.000000  0.000000  0.000000  0.000000  1.000000  1.000000  0.000000  0.000000  0.000000  1.000000  0.000000  0.000000  0.000000  1.000000  0.000000  0.000000  
63.298367 0.002014  0.087865  -0.004584  0.999135  0.031995  -0.026551  -0.031481  0.999314  0.019525  0.027158  -0.018672  0.999457  0.000540  -0.004383  -0.003528  0.000000  0.000000  0.000000  2.000000  1.000000  0.000000  0.000000  0.000000  1.000000  0.000000  0.000000  0.000000  1.000000  0.999994  0.002916  -0.001819  -0.002915  0.999996  0.000442  0.001820  -0.000437  0.999998  1.000000  0.000000  0.000000  0.000000  1.000000  0.000000  0.000000  0.000000  1.000000  1.000000  0.000000  0.000000  0.000000  1.000000  0.000000  0.000000  0.000000  1.000000  0.000000  0.000000  
63.299612 0.002015  0.087856  -0.004590  0.999115  0.032411  -0.026811  -0.031893  0.999300  0.019544  0.027425  -0.018672  0.999449  0.000640  -0.004613  -0.003680  0.000000  0.000000  0.000000  2.000000  1.000000  0.000000  0.000000  0.000000  1.000000  0.000000  0.000000  0.000000  1.000000  0.999993  0.003124  -0.001949  -0.003123  0.999995  0.000448  0.001950  -0.000442  0.999998  1.000000  0.000000  0.000000  0.000000  1.000000  0.000000  0.000000  0.000000  1.000000  1.000000  0.000000  0.000000  0.000000  1.000000  0.000000  0.000000  0.000000  1.000000  0.000000  0.000000  
63.300865 0.002017  0.087847  -0.004595  0.999105  0.032623  -0.026936  -0.032098  0.999291  0.019675  0.027559  -0.018793  0.999444  0.000745  -0.004956  -0.003864  0.000000  0.000000  0.000000  2.000000  1.000000  0.000000  0.000000  0.000000  1.000000  0.000000  0.000000  0.000000  1.000000  0.999991  0.003541  -0.002208  -0.003540  0.999994  0.000582  0.002210  -0.000574  0.999997  1.000000  0.000000  0.000000  0.000000  1.000000  0.000000  0.000000  0.000000  1.000000  1.000000  0.000000  0.000000  0.000000  1.000000  0.000000  0.000000  0.000000  1.000000  0.000000  0.000000  
63.302108 0.002019  0.087837  -0.004601  0.999084  0.033039  -0.027195  -0.032509  0.999277  0.019695  0.027827  -0.018793  0.999436  0.000879  -0.005295  -0.004073  0.000000  0.000000  0.000000  2.000000  1.000000  0.000000  0.000000  0.000000  1.000000  0.000000  0.000000  0.000000  1.000000  0.999989  0.003957  -0.002468  -0.003956  0.999992  0.000594  0.002470  -0.000584  0.999997  1.000000  0.000000  0.000000  0.000000  1.000000  0.000000  0.000000  0.000000  1.000000  1.000000  0.000000  0.000000  0.000000  1.000000  0.000000  0.000000  0.000000  1.000000  0.000000  0.000000  
63.303125 0.002021  0.087829  -0.004607  0.999074  0.033251  -0.027321  -0.032715  0.999268  0.019826  0.027960  -0.018914  0.999430  0.000998  -0.005578  -0.004326  0.000000  0.000000  0.000000  2.000000  1.000000  0.000000  0.000000  0.000000  1.000000  0.000000  0.000000  0.000000  1.000000  0.999988  0.004163  -0.002464  -0.004162  0.999991  0.000722  0.002467  -0.000711  0.999997  1.000000  0.000000  0.000000  0.000000  1.000000  0.000000  0.000000  0.000000  1.000000  1.000000  0.000000  0.000000  0.000000  1.000000  0.000000  0.000000  0.000000  1.000000  0.000000  0.000000  
63.304360 0.002024  0.087818  -0.004614  0.999052  0.033670  -0.027576  -0.033126  0.999252  0.019967  0.028228  -0.019035  0.999420  0.001140  -0.005998  -0.004629  0.000000  0.000000  0.000000  2.000000  1.000000  0.000000  0.000000  0.000000  1.000000  0.000000  0.000000  0.000000  1.000000  0.999988  0.004169  -0.002731  -0.004167  0.999991  0.000723  0.002734  -0.000711  0.999996  1.000000  0.000000  0.000000  0.000000  1.000000  0.000000  0.000000  0.000000  1.000000  1.000000  0.000000  0.000000  0.000000  1.000000  0.000000  0.000000  0.000000  1.000000  0.000000  0.000000  
63.305609 0.002027  0.087808  -0.004623  0.999038  0.033881  -0.027839  -0.033331  0.999245  0.019982  0.028495  -0.019035  0.999413  0.001296  -0.006367  -0.004953  0.000000  0.000000  0.000000  2.000000  1.000000  0.000000  0.000000  0.000000  1.000000  0.000000  0.000000  0.000000  1.000000  0.999986  0.004580  -0.002723  -0.004578  0.999989  0.000735  0.002726  -0.000722  0.999996  1.000000  0.000000  0.000000  0.000000  1.000000  0.000000  0.000000  0.000000  1.000000  1.000000  0.000000  0.000000  0.000000  1.000000  0.000000  0.000000  0.000000  1.000000  0.000000  0.000000  
63.306857 0.002031  0.087797  -0.004633  0.999027  0.034093  -0.027965  -0.033537  0.999235  0.020113  0.028629  -0.019156  0.999407  0.001481  -0.006821  -0.005283  0.000000  0.000000  0.000000  2.000000  1.000000  0.000000  0.000000  0.000000  1.000000  0.000000  0.000000  0.000000  1.000000  0.999985  0.004586  -0.002990  -0.004583  0.999989  0.000857  0.002994  -0.000844  0.999995  1.000000  0.000000  0.000000  0.000000  1.000000  0.000000  0.000000  0.000000  1.000000  1.000000  0.000000  0.000000  0.000000  1.000000  0.000000  0.000000  0.000000  1.000000  0.000000  0.000000  
63.307864 0.002033  0.087788  -0.004640  0.999017  0.034301  -0.028094  -0.033742  0.999228  0.020124  0.028763  -0.019156  0.999403  0.001619  -0.007070  -0.005484  0.033216  0.113672  0.175099  2.000000  1.000000  0.000000  0.000000  0.000000  1.000000  0.000000  0.000000  0.000000  1.000000  0.999984  0.004792  -0.002986  -0.004789  0.999988  0.000743  0.002989  -0.000728  0.999995  1.000000  0.000000  0.000000  0.000000  1.000000  0.000000  0.000000  0.000000  1.000000  1.000000  0.000000  0.000000  0.000000  1.000000  0.000000  0.000000  0.000000  1.000000  0.000053  0.000000  
63.309109 0.002037  0.087777  -0.004649  0.998999  0.034715  -0.028220  -0.034154  0.999214  0.020140  0.028896  -0.019156  0.999399  0.001744  -0.007477  -0.005747  0.033597  0.117890  0.188984  2.000000  1.000000  0.000000  0.000000  0.000000  1.000000  0.000000  0.000000  0.000000  1.000000  0.999985  0.004586  -0.002990  -0.004584  0.999989  0.000616  0.002993  -0.000602  0.999995  1.000000  0.000000  0.000000  0.000000  1.000000  0.000000  0.000000  0.000000  1.000000  1.000000  0.000000  0.000000  0.000000  1.000000  0.000000  0.000000  0.000000  1.000000  0.000055  0.000000  
63.310119 0.002040  0.087768  -0.004656  0.998988  0.034923  -0.028349  -0.034359  0.999206  0.020150  0.029030  -0.019156  0.999395  0.001914  -0.007847  -0.005973  0.034093  0.123329  0.197703  2.000000  1.000000  0.000000  0.000000  0.000000  1.000000  0.000000  0.000000  0.000000  1.000000  0.999984  0.004792  -0.002986  -0.004790  0.999988  0.000623  0.002989  -0.000608  0.999995  1.000000  0.000000  0.000000  0.000000  1.000000  0.000000  0.000000  0.000000  1.000000  1.000000  0.000000  0.000000  0.000000  1.000000  0.000000  0.000000  0.000000  1.000000  0.000057  0.000000  
63.311127 0.002043  0.087760  -0.004663  0.998984  0.034926  -0.028483  -0.034359  0.999206  0.020155  0.029164  -0.019156  0.999391  0.002059  -0.007984  -0.006027  0.033809  0.126748  0.196061  2.000000  1.000000  0.000000  0.000000  0.000000  1.000000  0.000000  0.000000  0.000000  1.000000  0.999984  0.004792  -0.002986  -0.004790  0.999988  0.000623  0.002989  -0.000609  0.999995  1.000000  0.000000  0.000000  0.000000  1.000000  0.000000  0.000000  0.000000  1.000000  1.000000  0.000000  0.000000  0.000000  1.000000  0.000000  0.000000  0.000000  1.000000  0.000059  0.000000  
63.312362 0.002046  0.087749  -0.004670  0.998973  0.035134  -0.028612  -0.034565  0.999199  0.020165  0.029298  -0.019156  0.999387  0.002280  -0.008134  -0.006058  0.033755  0.125617  0.201371  2.000000  1.000000  0.000000  0.000000  0.000000  1.000000  0.000000  0.000000  0.000000  1.000000  0.999984  0.004791  -0.002986  -0.004790  0.999988  0.000624  0.002989  -0.000609  0.999995  1.000000  0.000000  0.000000  0.000000  1.000000  0.000000  0.000000  0.000000  1.000000  1.000000  0.000000  0.000000  0.000000  1.000000  0.000000  0.000000  0.000000  1.000000  0.000060  0.000000  
63.313370 0.002049  0.087741  -0.004675  0.998962  0.035342  -0.028742  -0.034770  0.999192  0.020176  0.029431  -0.019155  0.999383  0.002408  -0.008272  -0.006107  0.034036  0.131107  0.203048  2.000000  1.000000  0.000000  0.000000  0.000000  1.000000  0.000000  0.000000  0.000000  1.000000  0.999984  0.004794  -0.003120  -0.004792  0.999988  0.000624  0.003122  -0.000609  0.999995  1.000000  0.000000  0.000000  0.000000  1.000000  0.000000  0.000000  0.000000  1.000000  1.000000  0.000000  0.000000  0.000000  1.000000  0.000000  0.000000  0.000000  1.000000  0.000061  0.000000  
63.314610 0.002053  0.087730  -0.004682  0.998951  0.035551  -0.028871  -0.034976  0.999184  0.020186  0.029565  -0.019155  0.999379  0.002515  -0.008439  -0.006188  0.029935  0.129916  0.208289  2.000000  1.000000  0.000000  0.000000  0.000000  1.000000  0.000000  0.000000  0.000000  1.000000  0.999985  0.004586  -0.002990  -0.004584  0.999989  0.000619  0.002993  -0.000605  0.999995  1.000000  0.000000  0.000000  0.000000  1.000000  0.000000  0.000000  0.000000  1.000000  1.000000  0.000000  0.000000  0.000000  1.000000  0.000000  0.000000  0.000000  1.000000  0.000062  0.000000  
63.315864 0.002056  0.087718  -0.004690  0.998940  0.035759  -0.029001  -0.035181  0.999177  0.020197  0.029699  -0.019155  0.999375  0.002631  -0.008587  -0.006335  0.030032  0.130217  0.208770  2.000000  1.000000  0.000000  0.000000  0.000000  1.000000  0.000000  0.000000  0.000000  1.000000  0.999985  0.004586  -0.002990  -0.004584  0.999989  0.000620  0.002993  -0.000606  0.999995  1.000000  0.000000  0.000000  0.000000  1.000000  0.000000  0.000000  0.000000  1.000000  1.000000  0.000000  0.000000  0.000000  1.000000  0.000000  0.000000  0.000000  1.000000  0.000062  0.000000  
63.317113 0.002059  0.087706  -0.004698  0.998928  0.035967  -0.029130  -0.035387  0.999169  0.020208  0.029833  -0.019155  0.999371  0.002688  -0.008734  -0.006475  0.025947  0.134437  0.208495  2.000000  1.000000  0.000000  0.000000  0.000000  1.000000  0.000000  0.000000  0.000000  1.000000  0.999986  0.004377  -0.002860  -0.004376  0.999990  0.000614  0.002863  -0.000602  0.999996  1.000000  0.000000  0.000000  0.000000  1.000000  0.000000  0.000000  0.000000  1.000000  1.000000  0.000000  0.000000  0.000000  1.000000  0.000000  0.000000  0.000000  1.000000  0.000063  0.000000  
63.318114 0.002061  0.087696  -0.004705  0.998924  0.035970  -0.029264  -0.035387  0.999169  0.020212  0.029966  -0.019155  0.999367  0.002669  -0.008865  -0.006525  0.021911  0.135629  0.203250  2.000000  1.000000  0.000000  0.000000  0.000000  1.000000  0.000000  0.000000  0.000000  1.000000  0.999987  0.004172  -0.002864  -0.004170  0.999991  0.000608  0.002866  -0.000597  0.999996  1.000000  0.000000  0.000000  0.000000  1.000000  0.000000  0.000000  0.000000  1.000000  1.000000  0.000000  0.000000  0.000000  1.000000  0.000000  0.000000  0.000000  1.000000  0.000062  0.000000  
63.319367 0.002064  0.087684  -0.004713  0.998913  0.036178  -0.029393  -0.035592  0.999162  0.020223  0.030100  -0.019155  0.999363  0.002676  -0.008971  -0.006570  0.021927  0.135561  0.203147  2.000000  1.000000  0.000000  0.000000  0.000000  1.000000  0.000000  0.000000  0.000000  1.000000  0.999988  0.003963  -0.002734  -0.003962  0.999992  0.000603  0.002736  -0.000592  0.999996  1.000000  0.000000  0.000000  0.000000  1.000000  0.000000  0.000000  0.000000  1.000000  1.000000  0.000000  0.000000  0.000000  1.000000  0.000000  0.000000  0.000000  1.000000  0.000062  0.000000  
63.320611 0.002067  0.087671  -0.004721  0.998902  0.036386  -0.029523  -0.035798  0.999154  0.020234  0.030234  -0.019155  0.999359  0.002647  -0.009092  -0.006483  0.021859  0.134976  0.202270  2.000000  1.000000  0.000000  0.000000  0.000000  1.000000  0.000000  0.000000  0.000000  1.000000  0.999989  0.003757  -0.002738  -0.003756  0.999993  0.000597  0.002740  -0.000587  0.999996  1.000000  0.000000  0.000000  0.000000  1.000000  0.000000  0.000000  0.000000  1.000000  1.000000  0.000000  0.000000  0.000000  1.000000  0.000000  0.000000  0.000000  1.000000  0.000061  0.000000  
63.321860 0.002070  0.087659  -0.004728  0.998898  0.036389  -0.029656  -0.035797  0.999154  0.020239  0.030368  -0.019155  0.999355  0.002635  -0.009179  -0.006340  0.021792  0.135737  0.196296  2.000000  1.000000  0.000000  0.000000  0.000000  1.000000  0.000000  0.000000  0.000000  1.000000  0.999990  0.003755  -0.002604  -0.003754  0.999993  0.000476  0.002606  -0.000466  0.999996  1.000000  0.000000  0.000000  0.000000  1.000000  0.000000  0.000000  0.000000  1.000000  1.000000  0.000000  0.000000  0.000000  1.000000  0.000000  0.000000  0.000000  1.000000  0.000059  0.000000  
63.323109 0.002072  0.087646  -0.004736  0.998890  0.036595  -0.029652  -0.036003  0.999147  0.020245  0.030368  -0.019155  0.999355  0.002532  -0.009311  -0.006279  0.021630  0.130186  0.194635  2.000000  1.000000  0.000000  0.000000  0.000000  1.000000  0.000000  0.000000  0.000000  1.000000  0.999991  0.003547  -0.002474  -0.003545  0.999994  0.000470  0.002476  -0.000461  0.999997  1.000000  0.000000  0.000000  0.000000  1.000000  0.000000  0.000000  0.000000  1.000000  1.000000  0.000000  0.000000  0.000000  1.000000  0.000000  0.000000  0.000000  1.000000  0.000059  0.000000  
63.324110 0.002074  0.087636  -0.004742  0.998890  0.036595  -0.029652  -0.036003  0.999147  0.020245  0.030368  -0.019155  0.999355  0.002446  -0.009416  -0.006221  0.021442  0.125819  0.187636  2.000000  1.000000  0.000000  0.000000  0.000000  1.000000  0.000000  0.000000  0.000000  1.000000  0.999992  0.003338  -0.002345  -0.003337  0.999994  0.000343  0.002346  -0.000335  0.999997  1.000000  0.000000  0.000000  0.000000  1.000000  0.000000  0.000000  0.000000  1.000000  1.000000  0.000000  0.000000  0.000000  1.000000  0.000000  0.000000  0.000000  1.000000  0.000057  0.000000  
63.325359 0.002076  0.087623  -0.004751  0.998883  0.036800  -0.029648  -0.036209  0.999139  0.020251  0.030368  -0.019155  0.999355  0.002358  -0.009562  -0.006242  0.021457  0.118055  0.182188  2.000000  1.000000  0.000000  0.000000  0.000000  1.000000  0.000000  0.000000  0.000000  1.000000  0.999994  0.002922  -0.002085  -0.002921  0.999996  0.000209  0.002086  -0.000203  0.999998  1.000000  0.000000  0.000000  0.000000  1.000000  0.000000  0.000000  0.000000  1.000000  1.000000  0.000000  0.000000  0.000000  1.000000  0.000000  0.000000  0.000000  1.000000  0.000055  0.000000  
63.326376 0.002078  0.087613  -0.004759  0.998883  0.036800  -0.029648  -0.036209  0.999139  0.020251  0.030368  -0.019155  0.999355  0.002246  -0.009669  -0.006328  0.021250  0.113577  0.175015  2.000000  1.000000  0.000000  0.000000  0.000000  1.000000  0.000000  0.000000  0.000000  1.000000  0.999994  0.002916  -0.001817  -0.002916  0.999996  0.000209  0.001818  -0.000203  0.999998  1.000000  0.000000  0.000000  0.000000  1.000000  0.000000  0.000000  0.000000  1.000000  1.000000  0.000000  0.000000  0.000000  1.000000  0.000000  0.000000  0.000000  1.000000  0.000052  0.000000  
63.327610 0.002079  0.087599  -0.004769  0.998883  0.036800  -0.029648  -0.036209  0.999139  0.020251  0.030368  -0.019155  0.999355  0.002102  -0.009857  -0.006466  0.000000  0.000000  0.000000  2.000000  1.000000  0.000000  0.000000  0.000000  1.000000  0.000000  0.000000  0.000000  1.000000  0.999995  0.002708  -0.001688  -0.002708  0.999996  0.000081  0.001688  -0.000077  0.999999  1.000000  0.000000  0.000000  0.000000  1.000000  0.000000  0.000000  0.000000  1.000000  1.000000  0.000000  0.000000  0.000000  1.000000  0.000000  0.000000  0.000000  1.000000  0.000000  0.000000  
63.328618 0.002080  0.087588  -0.004777  0.998875  0.037006  -0.029644  -0.036414  0.999131  0.020257  0.030368  -0.019155  0.999355  0.001977  -0.010051  -0.006655  0.000000  0.000000  0.000000  2.000000  1.000000  0.000000  0.000000  0.000000  1.000000  0.000000  0.000000  0.000000  1.000000  0.999995  0.002705  -0.001554  -0.002705  0.999996  0.000081  0.001554  -0.000077  0.999999  1.000000  0.000000  0.000000  0.000000  1.000000  0.000000  0.000000  0.000000  1.000000  1.000000  0.000000  0.000000  0.000000  1.000000  0.000000  0.000000  0.000000  1.000000  0.000000  0.000000  
63.329865 0.002081  0.087575  -0.004787  0.998875  0.037006  -0.029644  -0.036414  0.999131  0.020257  0.030368  -0.019155  0.999355  0.001796  -0.010177  -0.006865  0.000000  0.000000  0.000000  2.000000  1.000000  0.000000  0.000000  0.000000  1.000000  0.000000  0.000000  0.000000  1.000000  0.999996  0.002497  -0.001424  -0.002497  0.999997  0.000075  0.001424  -0.000071  0.999999  1.000000  0.000000  0.000000  0.000000  1.000000  0.000000  0.000000  0.000000  1.000000  1.000000  0.000000  0.000000  0.000000  1.000000  0.000000  0.000000  0.000000  1.000000  0.000000  0.000000  
63.331112 0.002081  0.087561  -0.004797  0.998875  0.037006  -0.029644  -0.036414  0.999131  0.020257  0.030368  -0.019155  0.999355  0.001599  -0.010337  -0.007078  0.000000  0.000000  0.000000  2.000000  1.000000  0.000000  0.000000  0.000000  1.000000  0.000000  0.000000  0.000000  1.000000  0.999997  0.002083  -0.001298  -0.002083  0.999998  0.000062  0.001298  -0.000060  0.999999  1.000000  0.000000  0.000000  0.000000  1.000000  0.000000  0.000000  0.000000  1.000000  1.000000  0.000000  0.000000  0.000000  1.000000  0.000000  0.000000  0.000000  1.000000  0.000000  0.000000  
63.332359 0.002081  0.087547  -0.004808  0.998875  0.037006  -0.029644  -0.036414  0.999131  0.020257  0.030368  -0.019155  0.999355  0.001430  -0.010419  -0.007200  0.000000  0.000000  0.000000  2.000000  1.000000  0.000000  0.000000  0.000000  1.000000  0.000000  0.000000  0.000000  1.000000  0.999998  0.001872  -0.001035  -0.001872  0.999998  0.000056  0.001035  -0.000054  0.999999  1.000000  0.000000  0.000000  0.000000  1.000000  0.000000  0.000000  0.000000  1.000000  1.000000  0.000000  0.000000  0.000000  1.000000  0.000000  0.000000  0.000000  1.000000  0.000000  0.000000  
63.333363 0.002081  0.087536  -0.004815  0.998868  0.037212  -0.029640  -0.036620  0.999124  0.020263  0.030368  -0.019155  0.999355  0.001278  -0.010466  -0.007265  0.000000  0.000000  0.000000  2.000000  1.000000  0.000000  0.000000  0.000000  1.000000  0.000000  0.000000  0.000000  1.000000  0.999998  0.001870  -0.000901  -0.001870  0.999998  0.000056  0.000901  -0.000055  1.000000  1.000000  0.000000  0.000000  0.000000  1.000000  0.000000  0.000000  0.000000  1.000000  1.000000  0.000000  0.000000  0.000000  1.000000  0.000000  0.000000  0.000000  1.000000  0.000000  0.000000  
63.334363 0.002080  0.087525  -0.004823  0.998868  0.037212  -0.029640  -0.036620  0.999124  0.020263  0.030368  -0.019155  0.999355  0.001089  -0.010562  -0.007309  0.000000  0.000000  0.000000  2.000000  1.000000  0.000000  0.000000  0.000000  1.000000  0.000000  0.000000  0.000000  1.000000  0.999998  0.001870  -0.000901  -0.001870  0.999998  0.000056  0.000901  -0.000055  1.000000  1.000000  0.000000  0.000000  0.000000  1.000000  0.000000  0.000000  0.000000  1.000000  1.000000  0.000000  0.000000  0.000000  1.000000  0.000000  0.000000  0.000000  1.000000  0.000000  0.000000  
63.335367 0.002080  0.087514  -0.004829  0.998868  0.037212  -0.029640  -0.036620  0.999124  0.020263  0.030368  -0.019155  0.999355  0.000888  -0.010637  -0.007349  0.000000  0.000000  0.000000  2.000000  1.000000  0.000000  0.000000  0.000000  1.000000  0.000000  0.000000  0.000000  1.000000  0.999998  0.001661  -0.000771  -0.001661  0.999999  0.000050  0.000771  -0.000049  1.000000  1.000000  0.000000  0.000000  0.000000  1.000000  0.000000  0.000000  0.000000  1.000000  1.000000  0.000000  0.000000  0.000000  1.000000  0.000000  0.000000  0.000000  1.000000  0.000000  0.000000  
63.336612 0.002079  0.087501  -0.004837  0.998868  0.037212  -0.029640  -0.036620  0.999124  0.020263  0.030368  -0.019155  0.999355  0.000636  -0.010707  -0.007402  0.000000  0.000000  0.000000  2.000000  1.000000  0.000000  0.000000  0.000000  1.000000  0.000000  0.000000  0.000000  1.000000  0.999999  0.001453  -0.000641  -0.001453  0.999999  0.000044  0.000641  -0.000043  1.000000  1.000000  0.000000  0.000000  0.000000  1.000000  0.000000  0.000000  0.000000  1.000000  1.000000  0.000000  0.000000  0.000000  1.000000  0.000000  0.000000  0.000000  1.000000  0.000000  0.000000  
63.337859 0.002078  0.087487  -0.004846  0.998868  0.037212  -0.029640  -0.036620  0.999124  0.020263  0.030368  -0.019155  0.999355  0.000398  -0.010780  -0.007487  0.000000  0.000000  0.000000  2.000000  1.000000  0.000000  0.000000  0.000000  1.000000  0.000000  0.000000  0.000000  1.000000  0.999999  0.001245  -0.000511  -0.001245  0.999999  0.000037  0.000511  -0.000037  1.000000  1.000000  0.000000  0.000000  0.000000  1.000000  0.000000  0.000000  0.000000  1.000000  1.000000  0.000000  0.000000  0.000000  1.000000  0.000000  0.000000  0.000000  1.000000  0.000000  0.000000  
63.339109 0.002076  0.087473  -0.004856  0.998868  0.037212  -0.029640  -0.036620  0.999124  0.020263  0.030368  -0.019155  0.999355  0.000153  -0.010886  -0.007585  0.000000  0.000000  0.000000  2.000000  1.000000  0.000000  0.000000  0.000000  1.000000  0.000000  0.000000  0.000000  1.000000  0.999999  0.001242  -0.000378  -0.001242  0.999999  0.000037  0.000378  -0.000037  1.000000  1.000000  0.000000  0.000000  0.000000  1.000000  0.000000  0.000000  0.000000  1.000000  1.000000  0.000000  0.000000  0.000000  1.000000  0.000000  0.000000  0.000000  1.000000  0.000000  0.000000  
63.340361 0.002074  0.087459  -0.004867  0.998868  0.037208  -0.029644  -0.036620  0.999126  0.020142  0.030368  -0.019034  0.999358  -0.000148  -0.010949  -0.007706  0.000000  0.000000  0.000000  2.000000  1.000000  0.000000  0.000000  0.000000  1.000000  0.000000  0.000000  0.000000  1.000000  0.999999  0.001034  -0.000248  -0.001034  0.999999  -0.000090  0.000248  0.000090  1.000000  1.000000  0.000000  0.000000  0.000000  1.000000  0.000000  0.000000  0.000000  1.000000  1.000000  0.000000  0.000000  0.000000  1.000000  0.000000  0.000000  0.000000  1.000000  0.000000  0.000000  
63.341613 0.002072  0.087444  -0.004878  0.998868  0.037208  -0.029644  -0.036620  0.999126  0.020142  0.030368  -0.019034  0.999358  -0.000392  -0.011033  -0.007815  0.000000  0.000000  0.000000  2.000000  1.000000  0.000000  0.000000  0.000000  1.000000  0.000000  0.000000  0.000000  1.000000  1.000000  0.000826  -0.000118  -0.000826  1.000000  -0.000096  0.000118  0.000096  1.000000  1.000000  0.000000  0.000000  0.000000  1.000000  0.000000  0.000000  0.000000  1.000000  1.000000  0.000000  0.000000  0.000000  1.000000  0.000000  0.000000  0.000000  1.000000  0.000000  0.000000  
63.342863 0.002069  0.087430  -0.004889  0.998872  0.037206  -0.029510  -0.036620  0.999126  0.020137  0.030234  -0.019034  0.999362  -0.000696  -0.011135  -0.007937  0.000000  0.000000  0.000000  2.000000  1.000000  0.000000  0.000000  0.000000  1.000000  0.000000  0.000000  0.000000  1.000000  1.000000  0.000820  0.000149  -0.000820  1.000000  -0.000096  -0.000150  0.000096  1.000000  1.000000  0.000000  0.000000  0.000000  1.000000  0.000000  0.000000  0.000000  1.000000  1.000000  0.000000  0.000000  0.000000  1.000000  0.000000  0.000000  0.000000  1.000000  0.000000  0.000000  
63.343866 0.002068  0.087419  -0.004898  0.998872  0.037206  -0.029510  -0.036620  0.999126  0.020137  0.030234  -0.019034  0.999362  -0.000832  -0.011132  -0.007936  0.000000  0.000000  0.000000  2.000000  1.000000  0.000000  0.000000  0.000000  1.000000  0.000000  0.000000  0.000000  1.000000  1.000000  0.000615  0.000146  -0.000615  1.000000  -0.000103  -0.000146  0.000103  1.000000  1.000000  0.000000  0.000000  0.000000  1.000000  0.000000  0.000000  0.000000  1.000000  1.000000  0.000000  0.000000  0.000000  1.000000  0.000000  0.000000  0.000000  1.000000  0.000000  0.000000  
63.345111 0.002065  0.087405  -0.004909  0.998872  0.037206  -0.029510  -0.036620  0.999126  0.020137  0.030234  -0.019034  0.999362  -0.001047  -0.011139  -0.008043  0.000000  0.000000  0.000000  2.000000  1.000000  0.000000  0.000000  0.000000  1.000000  0.000000  0.000000  0.000000  1.000000  1.000000  0.000615  0.000146  -0.000615  1.000000  -0.000103  -0.000146  0.000103  1.000000  1.000000  0.000000  0.000000  0.000000  1.000000  0.000000  0.000000  0.000000  1.000000  1.000000  0.000000  0.000000  0.000000  1.000000  0.000000  0.000000  0.000000  1.000000  0.000000  0.000000  
63.346116 0.002064  0.087394  -0.004918  0.998872  0.037206  -0.029510  -0.036620  0.999126  0.020137  0.030234  -0.019034  0.999362  -0.001176  -0.011154  -0.008071  0.000000  0.000000  0.000000  2.000000  1.000000  0.000000  0.000000  0.000000  1.000000  0.000000  0.000000  0.000000  1.000000  1.000000  0.000409  0.000142  -0.000409  1.000000  -0.000109  -0.000142  0.000109  1.000000  1.000000  0.000000  0.000000  0.000000  1.000000  0.000000  0.000000  0.000000  1.000000  1.000000  0.000000  0.000000  0.000000  1.000000  0.000000  0.000000  0.000000  1.000000  0.000000  0.000000  
63.347363 0.002061  0.087380  -0.004930  0.998864  0.037411  -0.029506  -0.036826  0.999119  0.020143  0.030234  -0.019034  0.999362  -0.001359  -0.011152  -0.008128  0.000000  0.000000  0.000000  2.000000  1.000000  0.000000  0.000000  0.000000  1.000000  0.000000  0.000000  0.000000  1.000000  1.000000  0.000409  0.000142  -0.000409  1.000000  -0.000109  -0.000142  0.000109  1.000000  1.000000  0.000000  0.000000  0.000000  1.000000  0.000000  0.000000  0.000000  1.000000  1.000000  0.000000  0.000000  0.000000  1.000000  0.000000  0.000000  0.000000  1.000000  0.000000  0.000000  
63.348366 0.002059  0.087368  -0.004939  0.998864  0.037411  -0.029506  -0.036826  0.999119  0.020143  0.030234  -0.019034  0.999362  -0.001454  -0.011180  -0.008241  0.000000  0.000000  0.000000  2.000000  1.000000  0.000000  0.000000  0.000000  1.000000  0.000000  0.000000  0.000000  1.000000  1.000000  0.000409  0.000142  -0.000409  1.000000  -0.000109  -0.000142  0.000109  1.000000  1.000000  0.000000  0.000000  0.000000  1.000000  0.000000  0.000000  0.000000  1.000000  1.000000  0.000000  0.000000  0.000000  1.000000  0.000000  0.000000  0.000000  1.000000  0.000000  0.000000  
63.349612 0.002056  0.087354  -0.004951  0.998864  0.037415  -0.029502  -0.036826  0.999116  0.020264  0.030234  -0.019155  0.999359  -0.001652  -0.011266  -0.008429  0.000000  0.000000  0.000000  2.000000  1.000000  0.000000  0.000000  0.000000  1.000000  0.000000  0.000000  0.000000  1.000000  1.000000  0.000409  0.000142  -0.000409  1.000000  0.000012  -0.000142  -0.000013  1.000000  1.000000  0.000000  0.000000  0.000000  1.000000  0.000000  0.000000  0.000000  1.000000  1.000000  0.000000  0.000000  0.000000  1.000000  0.000000  0.000000  0.000000  1.000000  0.000000  0.000000  
63.350618 0.002054  0.087342  -0.004960  0.998864  0.037415  -0.029502  -0.036826  0.999116  0.020264  0.030234  -0.019155  0.999359  -0.001785  -0.011366  -0.008658  0.000000  0.000000  0.000000  2.000000  1.000000  0.000000  0.000000  0.000000  1.000000  0.000000  0.000000  0.000000  1.000000  1.000000  0.000409  0.000142  -0.000409  1.000000  0.000012  -0.000142  -0.000013  1.000000  1.000000  0.000000  0.000000  0.000000  1.000000  0.000000  0.000000  0.000000  1.000000  1.000000  0.000000  0.000000  0.000000  1.000000  0.000000  0.000000  0.000000  1.000000  0.000000  0.000000  
63.351873 0.002051  0.087327  -0.004973  0.998864  0.037415  -0.029502  -0.036826  0.999116  0.020264  0.030234  -0.019155  0.999359  -0.001894  -0.011426  -0.008948  0.000000  0.000000  0.000000  2.000000  1.000000  0.000000  0.000000  0.000000  1.000000  0.000000  0.000000  0.000000  1.000000  1.000000  0.000409  0.000142  -0.000409  1.000000  0.000012  -0.000142  -0.000013  1.000000  1.000000  0.000000  0.000000  0.000000  1.000000  0.000000  0.000000  0.000000  1.000000  1.000000  0.000000  0.000000  0.000000  1.000000  0.000000  0.000000  0.000000  1.000000  0.000000  0.000000  
63.353118 0.002047  0.087312  -0.004986  0.998864  0.037415  -0.029502  -0.036826  0.999116  0.020264  0.030234  -0.019155  0.999359  -0.002034  -0.011498  -0.009186  0.000000  0.000000  0.000000  2.000000  1.000000  0.000000  0.000000  0.000000  1.000000  0.000000  0.000000  0.000000  1.000000  1.000000  0.000409  0.000142  -0.000409  1.000000  0.000012  -0.000142  -0.000013  1.000000  1.000000  0.000000  0.000000  0.000000  1.000000  0.000000  0.000000  0.000000  1.000000  1.000000  0.000000  0.000000  0.000000  1.000000  0.000000  0.000000  0.000000  1.000000  0.000000  0.000000  
63.354362 0.002044  0.087298  -0.004998  0.998864  0.037415  -0.029502  -0.036826  0.999116  0.020264  0.030234  -0.019155  0.999359  -0.002131  -0.011533  -0.009304  0.000000  0.000000  0.000000  2.000000  1.000000  0.000000  0.000000  0.000000  1.000000  0.000000  0.000000  0.000000  1.000000  1.000000  0.000203  0.000138  -0.000203  1.000000  0.000006  -0.000138  -0.000006  1.000000  1.000000  0.000000  0.000000  0.000000  1.000000  0.000000  0.000000  0.000000  1.000000  1.000000  0.000000  0.000000  0.000000  1.000000  0.000000  0.000000  0.000000  1.000000  0.000000  0.000000  
63.355613 0.002041  0.087283  -0.005009  0.998864  0.037415  -0.029502  -0.036826  0.999116  0.020264  0.030234  -0.019155  0.999359  -0.002171  -0.011535  -0.009337  0.000000  0.000000  0.000000  2.000000  1.000000  0.000000  0.000000  0.000000  1.000000  0.000000  0.000000  0.000000  1.000000  1.000000  0.000203  0.000138  -0.000203  1.000000  0.000006  -0.000138  -0.000006  1.000000  1.000000  0.000000  0.000000  0.000000  1.000000  0.000000  0.000000  0.000000  1.000000  1.000000  0.000000  0.000000  0.000000  1.000000  0.000000  0.000000  0.000000  1.000000  0.000000  0.000000  
63.356614 0.002039  0.087272  -0.005018  0.998864  0.037415  -0.029502  -0.036826  0.999116  0.020264  0.030234  -0.019155  0.999359  -0.002198  -0.011476  -0.009321  0.000000  0.000000  0.000000  2.000000  1.000000  0.000000  0.000000  0.000000  1.000000  0.000000  0.000000  0.000000  1.000000  1.000000  0.000203  0.000138  -0.000203  1.000000  0.000006  -0.000138  -0.000006  1.000000  1.000000  0.000000  0.000000  0.000000  1.000000  0.000000  0.000000  0.000000  1.000000  1.000000  0.000000  0.000000  0.000000  1.000000  0.000000  0.000000  0.000000  1.000000  0.000000  0.000000  
