1-Time 2-Px 3-Py 4-Pz 5-R11 6-R21 7-R31 8-R12 9-R22 10-R32 11-R13 12-R23 13-R33 14-Vx 15-Vy 16-Vz 17-Wx 18-Wy 19-Wz 20-state 21-PR11 22-PR21 23-PR31 24-PR12 25-PR22 26-PR32 27-PR13 28-PR23 29-PR33 
78.707293 -0.002068  0.086617  -0.009385  0.999597  -0.006133  -0.027713  0.006791  0.999696  0.023706  0.027559  -0.023884  0.999335  0.001222  0.001165  0.000708  0.000000  0.000000  0.000000  2.000000  1.000000  0.000000  0.000000  0.000000  1.000000  0.000000  0.000000  0.000000  1.000000  1.000000  0.000203  0.000139  -0.000203  1.000000  -0.000237  -0.000139  0.000237  1.000000  1.000000  0.000000  0.000000  0.000000  1.000000  0.000000  0.000000  0.000000  1.000000  0.688549  0.487844  -0.536572  -0.660636  0.727130  -0.186657  0.299098  0.483001  0.822952  0.000000  0.000000  
78.708299 -0.002066  0.086618  -0.009384  0.999597  -0.006133  -0.027713  0.006791  0.999696  0.023706  0.027559  -0.023884  0.999335  0.001256  0.001138  0.000739  0.000000  0.000000  0.000000  2.000000  1.000000  0.000000  0.000000  0.000000  1.000000  0.000000  0.000000  0.000000  1.000000  1.000000  0.000203  0.000139  -0.000203  1.000000  -0.000237  -0.000139  0.000237  1.000000  1.000000  0.000000  0.000000  0.000000  1.000000  0.000000  0.000000  0.000000  1.000000  1.000000  0.000000  0.000000  0.000000  1.000000  0.000000  0.000000  0.000000  1.000000  0.000000  0.000000  
78.709299 -0.002066  0.086617  -0.009386  0.999592  -0.006336  -0.027851  0.006997  0.999695  0.023699  0.027693  -0.023884  0.999331  0.001176  0.000912  0.000549  0.000000  0.000000  0.000000  2.000000  1.000000  0.000000  0.000000  0.000000  1.000000  0.000000  0.000000  0.000000  1.000000  1.000000  0.000000  0.000000  0.000000  1.000000  -0.000243  -0.000000  0.000243  1.000000  1.000000  0.000000  0.000000  0.000000  1.000000  0.000000  0.000000  0.000000  1.000000  1.000000  0.000000  0.000000  0.000000  1.000000  0.000000  0.000000  0.000000  1.000000  0.000000  0.000000  
78.710299 -0.002067  0.086614  -0.009390  0.999592  -0.006336  -0.027851  0.006997  0.999695  0.023699  0.027693  -0.023884  0.999331  0.001047  0.000636  0.000290  0.000000  0.000000  0.000000  2.000000  1.000000  0.000000  0.000000  0.000000  1.000000  0.000000  0.000000  0.000000  1.000000  1.000000  0.000000  0.000000  0.000000  1.000000  -0.000243  -0.000000  0.000243  1.000000  1.000000  0.000000  0.000000  0.000000  1.000000  0.000000  0.000000  0.000000  1.000000  1.000000  0.000000  0.000000  0.000000  1.000000  0.000000  0.000000  0.000000  1.000000  0.000000  0.000000  
78.711300 -0.002068  0.086610  -0.009393  0.999588  -0.006329  -0.027986  0.006997  0.999692  0.023819  0.027827  -0.024005  0.999324  0.000900  0.000332  -0.000022  0.000000  0.000000  0.000000  2.000000  1.000000  0.000000  0.000000  0.000000  1.000000  0.000000  0.000000  0.000000  1.000000  1.000000  0.000003  -0.000134  -0.000003  1.000000  -0.000121  0.000134  0.000121  1.000000  1.000000  0.000000  0.000000  0.000000  1.000000  0.000000  0.000000  0.000000  1.000000  1.000000  0.000000  0.000000  0.000000  1.000000  0.000000  0.000000  0.000000  1.000000  0.000000  0.000000  
78.712300 -0.002068  0.086607  -0.009397  0.999585  -0.006323  -0.028120  0.006997  0.999689  0.023940  0.027960  -0.024126  0.999318  0.000822  0.000052  -0.000288  0.000000  0.000000  0.000000  2.000000  1.000000  0.000000  0.000000  0.000000  1.000000  0.000000  0.000000  0.000000  1.000000  1.000000  0.000003  -0.000134  -0.000003  1.000000  -0.000121  0.000134  0.000121  1.000000  1.000000  0.000000  0.000000  0.000000  1.000000  0.000000  0.000000  0.000000  1.000000  1.000000  0.000000  0.000000  0.000000  1.000000  0.000000  0.000000  0.000000  1.000000  0.000000  0.000000  
78.713549 -0.002069  0.086602  -0.009401  0.999585  -0.006323  -0.028120  0.006997  0.999689  0.023940  0.027960  -0.024126  0.999318  0.000682  -0.000371  -0.000614  0.000000  0.000000  0.000000  2.000000  1.000000  0.000000  0.000000  0.000000  1.000000  0.000000  0.000000  0.000000  1.000000  1.000000  0.000006  -0.000268  -0.000006  1.000000  0.000000  0.000268  0.000000  1.000000  1.000000  0.000000  0.000000  0.000000  1.000000  0.000000  0.000000  0.000000  1.000000  1.000000  0.000000  0.000000  0.000000  1.000000  0.000000  0.000000  0.000000  1.000000  0.000000  0.000000  
78.714552 -0.002069  0.086599  -0.009404  0.999585  -0.006319  -0.028121  0.006997  0.999686  0.024061  0.027960  -0.024248  0.999315  0.000573  -0.000674  -0.000898  0.000000  0.000000  0.000000  2.000000  1.000000  0.000000  0.000000  0.000000  1.000000  0.000000  0.000000  0.000000  1.000000  1.000000  0.000006  -0.000268  -0.000006  1.000000  0.000121  0.000268  -0.000121  1.000000  1.000000  0.000000  0.000000  0.000000  1.000000  0.000000  0.000000  0.000000  1.000000  1.000000  0.000000  0.000000  0.000000  1.000000  0.000000  0.000000  0.000000  1.000000  0.000000  0.000000  
78.715799 -0.002070  0.086594  -0.009408  0.999583  -0.006525  -0.028126  0.007203  0.999685  0.024055  0.027960  -0.024248  0.999315  0.000434  -0.001099  -0.001226  0.000000  0.000000  0.000000  2.000000  1.000000  0.000000  0.000000  0.000000  1.000000  0.000000  0.000000  0.000000  1.000000  1.000000  -0.000199  -0.000273  0.000199  1.000000  0.000237  0.000272  -0.000237  1.000000  1.000000  0.000000  0.000000  0.000000  1.000000  0.000000  0.000000  0.000000  1.000000  1.000000  0.000000  0.000000  0.000000  1.000000  0.000000  0.000000  0.000000  1.000000  0.000000  0.000000  
78.716816 -0.002070  0.086591  -0.009412  0.999579  -0.006522  -0.028260  0.007203  0.999685  0.024054  0.028094  -0.024247  0.999311  0.000330  -0.001381  -0.001552  0.000000  0.000000  0.000000  2.000000  1.000000  0.000000  0.000000  0.000000  1.000000  0.000000  0.000000  0.000000  1.000000  1.000000  -0.000196  -0.000406  0.000196  1.000000  0.000237  0.000406  -0.000237  1.000000  1.000000  0.000000  0.000000  0.000000  1.000000  0.000000  0.000000  0.000000  1.000000  1.000000  0.000000  0.000000  0.000000  1.000000  0.000000  0.000000  0.000000  1.000000  0.000000  0.000000  
78.717822 -0.002071  0.086588  -0.009416  0.999579  -0.006522  -0.028260  0.007203  0.999685  0.024054  0.028094  -0.024247  0.999311  0.000176  -0.001660  -0.001872  0.000000  0.000000  0.000000  2.000000  1.000000  0.000000  0.000000  0.000000  1.000000  0.000000  0.000000  0.000000  1.000000  1.000000  -0.000193  -0.000540  0.000193  1.000000  0.000237  0.000540  -0.000237  1.000000  1.000000  0.000000  0.000000  0.000000  1.000000  0.000000  0.000000  0.000000  1.000000  1.000000  0.000000  0.000000  0.000000  1.000000  0.000000  0.000000  0.000000  1.000000  0.000000  0.000000  
78.719053 -0.002072  0.086584  -0.009422  0.999572  -0.006515  -0.028527  0.007203  0.999685  0.024052  0.028362  -0.024247  0.999304  -0.000021  -0.002070  -0.002333  0.000000  0.000000  0.000000  2.000000  1.000000  0.000000  0.000000  0.000000  1.000000  0.000000  0.000000  0.000000  1.000000  1.000000  -0.000395  -0.000679  0.000395  1.000000  0.000231  0.000679  -0.000231  1.000000  1.000000  0.000000  0.000000  0.000000  1.000000  0.000000  0.000000  0.000000  1.000000  1.000000  0.000000  0.000000  0.000000  1.000000  0.000000  0.000000  0.000000  1.000000  0.000000  0.000000  
78.720054 -0.002072  0.086580  -0.009427  0.999566  -0.006718  -0.028666  0.007408  0.999683  0.024045  0.028495  -0.024247  0.999300  -0.000137  -0.002361  -0.002756  0.000000  0.000000  0.000000  2.000000  1.000000  0.000000  0.000000  0.000000  1.000000  0.000000  0.000000  0.000000  1.000000  1.000000  -0.000392  -0.000813  0.000392  1.000000  0.000231  0.000812  -0.000231  1.000000  1.000000  0.000000  0.000000  0.000000  1.000000  0.000000  0.000000  0.000000  1.000000  1.000000  0.000000  0.000000  0.000000  1.000000  0.000000  0.000000  0.000000  1.000000  0.000000  0.000000  
78.721303 -0.002074  0.086576  -0.009434  0.999563  -0.006718  -0.028799  0.007408  0.999686  0.023923  0.028629  -0.024126  0.999299  -0.000347  -0.002778  -0.003312  0.000000  0.000000  0.000000  2.000000  1.000000  0.000000  0.000000  0.000000  1.000000  0.000000  0.000000  0.000000  1.000000  0.999999  -0.000591  -0.001085  0.000591  1.000000  0.000104  0.001085  -0.000104  0.999999  1.000000  0.000000  0.000000  0.000000  1.000000  0.000000  0.000000  0.000000  1.000000  1.000000  0.000000  0.000000  0.000000  1.000000  0.000000  0.000000  0.000000  1.000000  0.000000  0.000000  
78.722553 -0.002075  0.086570  -0.009441  0.999559  -0.006718  -0.028932  0.007408  0.999689  0.023801  0.028763  -0.024005  0.999298  -0.000581  -0.003243  -0.003878  0.000000  0.000000  0.000000  2.000000  1.000000  0.000000  0.000000  0.000000  1.000000  0.000000  0.000000  0.000000  1.000000  0.999999  -0.000588  -0.001219  0.000588  1.000000  -0.000018  0.001219  0.000017  0.999999  1.000000  0.000000  0.000000  0.000000  1.000000  0.000000  0.000000  0.000000  1.000000  1.000000  0.000000  0.000000  0.000000  1.000000  0.000000  0.000000  0.000000  1.000000  0.000000  0.000000  
78.723554 -0.002078  0.086565  -0.009447  0.999555  -0.006715  -0.029065  0.007408  0.999689  0.023800  0.028896  -0.024004  0.999294  -0.000822  -0.003618  -0.004243  0.000000  0.000000  0.000000  2.000000  1.000000  0.000000  0.000000  0.000000  1.000000  0.000000  0.000000  0.000000  1.000000  0.999999  -0.000585  -0.001352  0.000585  1.000000  -0.000018  0.001352  0.000017  0.999999  1.000000  0.000000  0.000000  0.000000  1.000000  0.000000  0.000000  0.000000  1.000000  1.000000  0.000000  0.000000  0.000000  1.000000  0.000000  0.000000  0.000000  1.000000  0.000000  0.000000  
78.724803 -0.002081  0.086557  -0.009455  0.999546  -0.006915  -0.029338  0.007614  0.999688  0.023792  0.029164  -0.024004  0.999286  -0.000950  -0.003894  -0.004503  0.000000  0.000000  0.000000  2.000000  1.000000  0.000000  0.000000  0.000000  1.000000  0.000000  0.000000  0.000000  1.000000  0.999999  -0.000788  -0.001491  0.000788  1.000000  -0.000024  0.001491  0.000023  0.999999  1.000000  0.000000  0.000000  0.000000  1.000000  0.000000  0.000000  0.000000  1.000000  1.000000  0.000000  0.000000  0.000000  1.000000  0.000000  0.000000  0.000000  1.000000  0.000000  0.000000  
78.726050 -0.002084  0.086549  -0.009462  0.999542  -0.006911  -0.029471  0.007614  0.999688  0.023791  0.029298  -0.024004  0.999282  -0.001086  -0.004137  -0.004643  0.000000  0.000000  0.000000  2.000000  1.000000  0.000000  0.000000  0.000000  1.000000  0.000000  0.000000  0.000000  1.000000  0.999998  -0.000784  -0.001625  0.000785  1.000000  0.000097  0.001625  -0.000099  0.999999  1.000000  0.000000  0.000000  0.000000  1.000000  0.000000  0.000000  0.000000  1.000000  1.000000  0.000000  0.000000  0.000000  1.000000  0.000000  0.000000  0.000000  1.000000  0.000000  0.000000  
78.727297 -0.002087  0.086541  -0.009469  0.999538  -0.006908  -0.029605  0.007614  0.999688  0.023790  0.029431  -0.024004  0.999279  -0.001274  -0.004403  -0.004782  0.000000  0.000000  0.000000  2.000000  1.000000  0.000000  0.000000  0.000000  1.000000  0.000000  0.000000  0.000000  1.000000  0.999998  -0.000778  -0.001892  0.000778  1.000000  0.000097  0.001892  -0.000099  0.999998  1.000000  0.000000  0.000000  0.000000  1.000000  0.000000  0.000000  0.000000  1.000000  1.000000  0.000000  0.000000  0.000000  1.000000  0.000000  0.000000  0.000000  1.000000  0.000000  0.000000  
78.728297 -0.002090  0.086534  -0.009474  0.999534  -0.006905  -0.029739  0.007614  0.999688  0.023789  0.029565  -0.024004  0.999275  -0.001426  -0.004646  -0.004968  0.000000  0.000000  0.000000  2.000000  1.000000  0.000000  0.000000  0.000000  1.000000  0.000000  0.000000  0.000000  1.000000  0.999998  -0.000778  -0.001892  0.000778  1.000000  0.000097  0.001892  -0.000099  0.999998  1.000000  0.000000  0.000000  0.000000  1.000000  0.000000  0.000000  0.000000  1.000000  1.000000  0.000000  0.000000  0.000000  1.000000  0.000000  0.000000  0.000000  1.000000  0.000000  0.000000  
78.729299 -0.002092  0.086527  -0.009480  0.999530  -0.006898  -0.029873  0.007614  0.999685  0.023909  0.029699  -0.024125  0.999268  -0.001524  -0.004868  -0.005137  0.000000  0.000000  0.000000  2.000000  1.000000  0.000000  0.000000  0.000000  1.000000  0.000000  0.000000  0.000000  1.000000  0.999998  -0.000566  -0.002155  0.000566  1.000000  0.000224  0.002155  -0.000226  0.999998  1.000000  0.000000  0.000000  0.000000  1.000000  0.000000  0.000000  0.000000  1.000000  1.000000  0.000000  0.000000  0.000000  1.000000  0.000000  0.000000  0.000000  1.000000  0.000000  0.000000  
78.730549 -0.002095  0.086518  -0.009490  0.999526  -0.006891  -0.030008  0.007614  0.999682  0.024029  0.029833  -0.024246  0.999261  -0.001698  -0.005184  -0.005456  0.000000  0.000000  0.000000  2.000000  1.000000  0.000000  0.000000  0.000000  1.000000  0.000000  0.000000  0.000000  1.000000  0.999998  -0.000566  -0.002155  0.000566  1.000000  0.000224  0.002155  -0.000225  0.999998  1.000000  0.000000  0.000000  0.000000  1.000000  0.000000  0.000000  0.000000  1.000000  1.000000  0.000000  0.000000  0.000000  1.000000  0.000000  0.000000  0.000000  1.000000  0.000000  0.000000  
78.731553 -0.002097  0.086511  -0.009498  0.999520  -0.007094  -0.030146  0.007820  0.999681  0.024022  0.029966  -0.024246  0.999257  -0.001809  -0.005460  -0.005797  0.000000  0.000000  0.000000  2.000000  1.000000  0.000000  0.000000  0.000000  1.000000  0.000000  0.000000  0.000000  1.000000  0.999997  -0.000771  -0.002160  0.000771  1.000000  0.000218  0.002160  -0.000220  0.999998  1.000000  0.000000  0.000000  0.000000  1.000000  0.000000  0.000000  0.000000  1.000000  1.000000  0.000000  0.000000  0.000000  1.000000  0.000000  0.000000  0.000000  1.000000  0.000000  0.000000  
78.732799 -0.002099  0.086502  -0.009509  0.999516  -0.007087  -0.030281  0.007819  0.999678  0.024142  0.030100  -0.024367  0.999250  -0.001869  -0.005762  -0.006213  0.000000  0.000000  0.000000  2.000000  1.000000  0.000000  0.000000  0.000000  1.000000  0.000000  0.000000  0.000000  1.000000  0.999997  -0.000771  -0.002160  0.000771  1.000000  0.000218  0.002160  -0.000220  0.999998  1.000000  0.000000  0.000000  0.000000  1.000000  0.000000  0.000000  0.000000  1.000000  1.000000  0.000000  0.000000  0.000000  1.000000  0.000000  0.000000  0.000000  1.000000  0.000000  0.000000  
78.733803 -0.002100  0.086495  -0.009519  0.999512  -0.007084  -0.030415  0.007819  0.999678  0.024141  0.030234  -0.024367  0.999246  -0.001896  -0.005992  -0.006528  0.000000  0.000000  0.000000  2.000000  1.000000  0.000000  0.000000  0.000000  1.000000  0.000000  0.000000  0.000000  1.000000  0.999997  -0.000767  -0.002294  0.000768  1.000000  0.000218  0.002294  -0.000220  0.999997  1.000000  0.000000  0.000000  0.000000  1.000000  0.000000  0.000000  0.000000  1.000000  1.000000  0.000000  0.000000  0.000000  1.000000  0.000000  0.000000  0.000000  1.000000  0.000000  0.000000  
78.734813 -0.002101  0.086488  -0.009527  0.999508  -0.007077  -0.030549  0.007819  0.999675  0.024261  0.030368  -0.024488  0.999239  -0.001943  -0.006264  -0.006783  0.000000  0.000000  0.000000  2.000000  1.000000  0.000000  0.000000  0.000000  1.000000  0.000000  0.000000  0.000000  1.000000  0.999997  -0.000764  -0.002428  0.000764  1.000000  0.000218  0.002428  -0.000220  0.999997  1.000000  0.000000  0.000000  0.000000  1.000000  0.000000  0.000000  0.000000  1.000000  1.000000  0.000000  0.000000  0.000000  1.000000  0.000000  0.000000  0.000000  1.000000  0.000000  0.000000  
78.736064 -0.002103  0.086479  -0.009538  0.999504  -0.007073  -0.030683  0.007819  0.999675  0.024260  0.030501  -0.024488  0.999235  -0.001978  -0.006522  -0.007065  0.000000  0.000000  0.000000  2.000000  1.000000  0.000000  0.000000  0.000000  1.000000  0.000000  0.000000  0.000000  1.000000  0.999997  -0.000555  -0.002557  0.000555  1.000000  0.000224  0.002556  -0.000225  0.999997  1.000000  0.000000  0.000000  0.000000  1.000000  0.000000  0.000000  0.000000  1.000000  1.000000  0.000000  0.000000  0.000000  1.000000  0.000000  0.000000  0.000000  1.000000  0.000000  0.000000  
78.737308 -0.002104  0.086471  -0.009548  0.999504  -0.007073  -0.030683  0.007819  0.999675  0.024260  0.030501  -0.024488  0.999235  -0.001976  -0.006730  -0.007246  0.000000  0.000000  0.000000  2.000000  1.000000  0.000000  0.000000  0.000000  1.000000  0.000000  0.000000  0.000000  1.000000  0.999997  -0.000558  -0.002423  0.000559  1.000000  0.000224  0.002423  -0.000225  0.999997  1.000000  0.000000  0.000000  0.000000  1.000000  0.000000  0.000000  0.000000  1.000000  1.000000  0.000000  0.000000  0.000000  1.000000  0.000000  0.000000  0.000000  1.000000  0.000000  0.000000  
78.738554 -0.002106  0.086463  -0.009557  0.999500  -0.007070  -0.030817  0.007819  0.999675  0.024259  0.030635  -0.024488  0.999231  -0.001888  -0.006752  -0.007277  0.000000  0.000000  0.000000  2.000000  1.000000  0.000000  0.000000  0.000000  1.000000  0.000000  0.000000  0.000000  1.000000  0.999997  -0.000558  -0.002423  0.000559  1.000000  0.000224  0.002423  -0.000225  0.999997  1.000000  0.000000  0.000000  0.000000  1.000000  0.000000  0.000000  0.000000  1.000000  1.000000  0.000000  0.000000  0.000000  1.000000  0.000000  0.000000  0.000000  1.000000  0.000000  0.000000  
78.739802 -0.002108  0.086456  -0.009564  0.999500  -0.007070  -0.030817  0.007819  0.999675  0.024259  0.030635  -0.024488  0.999231  -0.001771  -0.006732  -0.007239  0.000000  0.000000  0.000000  2.000000  1.000000  0.000000  0.000000  0.000000  1.000000  0.000000  0.000000  0.000000  1.000000  0.999997  -0.000561  -0.002289  0.000562  1.000000  0.000224  0.002289  -0.000225  0.999997  1.000000  0.000000  0.000000  0.000000  1.000000  0.000000  0.000000  0.000000  1.000000  1.000000  0.000000  0.000000  0.000000  1.000000  0.000000  0.000000  0.000000  1.000000  0.000000  0.000000  
78.741054 -0.002109  0.086448  -0.009570  0.999496  -0.007067  -0.030950  0.007819  0.999675  0.024258  0.030769  -0.024488  0.999227  -0.001607  -0.006724  -0.007240  0.000000  0.000000  0.000000  2.000000  1.000000  0.000000  0.000000  0.000000  1.000000  0.000000  0.000000  0.000000  1.000000  0.999997  -0.000356  -0.002284  0.000357  1.000000  0.000351  0.002284  -0.000352  0.999997  1.000000  0.000000  0.000000  0.000000  1.000000  0.000000  0.000000  0.000000  1.000000  1.000000  0.000000  0.000000  0.000000  1.000000  0.000000  0.000000  0.000000  1.000000  0.000000  0.000000  
78.742304 -0.002110  0.086441  -0.009577  0.999496  -0.007067  -0.030950  0.007819  0.999675  0.024258  0.030769  -0.024488  0.999227  -0.001488  -0.006660  -0.007254  0.000000  0.000000  0.000000  2.000000  1.000000  0.000000  0.000000  0.000000  1.000000  0.000000  0.000000  0.000000  1.000000  0.999998  -0.000362  -0.002016  0.000363  1.000000  0.000351  0.002016  -0.000352  0.999998  1.000000  0.000000  0.000000  0.000000  1.000000  0.000000  0.000000  0.000000  1.000000  1.000000  0.000000  0.000000  0.000000  1.000000  0.000000  0.000000  0.000000  1.000000  0.000000  0.000000  
78.743550 -0.002112  0.086432  -0.009585  0.999492  -0.007064  -0.031084  0.007819  0.999675  0.024257  0.030903  -0.024488  0.999222  -0.001433  -0.006647  -0.007308  0.000000  0.000000  0.000000  2.000000  1.000000  0.000000  0.000000  0.000000  1.000000  0.000000  0.000000  0.000000  1.000000  0.999998  -0.000362  -0.002016  0.000363  1.000000  0.000473  0.002016  -0.000473  0.999998  1.000000  0.000000  0.000000  0.000000  1.000000  0.000000  0.000000  0.000000  1.000000  1.000000  0.000000  0.000000  0.000000  1.000000  0.000000  0.000000  0.000000  1.000000  0.000000  0.000000  
78.744553 -0.002114  0.086425  -0.009592  0.999492  -0.007060  -0.031085  0.007819  0.999672  0.024378  0.030903  -0.024609  0.999219  -0.001390  -0.006626  -0.007324  0.000000  0.000000  0.000000  2.000000  1.000000  0.000000  0.000000  0.000000  1.000000  0.000000  0.000000  0.000000  1.000000  0.999998  -0.000366  -0.001883  0.000366  1.000000  0.000473  0.001883  -0.000473  0.999998  1.000000  0.000000  0.000000  0.000000  1.000000  0.000000  0.000000  0.000000  1.000000  1.000000  0.000000  0.000000  0.000000  1.000000  0.000000  0.000000  0.000000  1.000000  0.000000  0.000000  
78.745798 -0.002116  0.086416  -0.009601  0.999488  -0.007057  -0.031219  0.007819  0.999672  0.024377  0.031036  -0.024609  0.999215  -0.001386  -0.006648  -0.007289  0.000000  0.000000  0.000000  2.000000  1.000000  0.000000  0.000000  0.000000  1.000000  0.000000  0.000000  0.000000  1.000000  0.999998  -0.000160  -0.001878  0.000161  1.000000  0.000600  0.001878  -0.000600  0.999998  1.000000  0.000000  0.000000  0.000000  1.000000  0.000000  0.000000  0.000000  1.000000  1.000000  0.000000  0.000000  0.000000  1.000000  0.000000  0.000000  0.000000  1.000000  0.000000  0.000000  
78.746803 -0.002117  0.086411  -0.009608  0.999488  -0.007057  -0.031219  0.007819  0.999672  0.024377  0.031036  -0.024609  0.999215  -0.001313  -0.006549  -0.007208  0.000000  0.000000  0.000000  2.000000  1.000000  0.000000  0.000000  0.000000  1.000000  0.000000  0.000000  0.000000  1.000000  0.999998  -0.000163  -0.001744  0.000164  1.000000  0.000600  0.001744  -0.000600  0.999998  1.000000  0.000000  0.000000  0.000000  1.000000  0.000000  0.000000  0.000000  1.000000  1.000000  0.000000  0.000000  0.000000  1.000000  0.000000  0.000000  0.000000  1.000000  0.000000  0.000000  
78.747815 -0.002117  0.086405  -0.009614  0.999484  -0.007049  -0.031353  0.007819  0.999669  0.024498  0.031170  -0.024730  0.999208  -0.001240  -0.006456  -0.006977  0.000000  0.000000  0.000000  2.000000  1.000000  0.000000  0.000000  0.000000  1.000000  0.000000  0.000000  0.000000  1.000000  0.999998  -0.000163  -0.001744  0.000164  1.000000  0.000721  0.001744  -0.000722  0.999998  1.000000  0.000000  0.000000  0.000000  1.000000  0.000000  0.000000  0.000000  1.000000  1.000000  0.000000  0.000000  0.000000  1.000000  0.000000  0.000000  0.000000  1.000000  0.000000  0.000000  
78.749048 -0.002118  0.086398  -0.009621  0.999484  -0.007049  -0.031353  0.007819  0.999669  0.024498  0.031170  -0.024730  0.999208  -0.001184  -0.006348  -0.006717  0.000000  0.000000  0.000000  2.000000  1.000000  0.000000  0.000000  0.000000  1.000000  0.000000  0.000000  0.000000  1.000000  0.999999  -0.000166  -0.001610  0.000167  1.000000  0.000600  0.001610  -0.000600  0.999999  1.000000  0.000000  0.000000  0.000000  1.000000  0.000000  0.000000  0.000000  1.000000  1.000000  0.000000  0.000000  0.000000  1.000000  0.000000  0.000000  0.000000  1.000000  0.000000  0.000000  
78.750299 -0.002119  0.086391  -0.009629  0.999484  -0.007046  -0.031354  0.007819  0.999666  0.024619  0.031170  -0.024851  0.999205  -0.001153  -0.006258  -0.006494  0.000000  0.000000  0.000000  2.000000  1.000000  0.000000  0.000000  0.000000  1.000000  0.000000  0.000000  0.000000  1.000000  0.999999  -0.000169  -0.001476  0.000170  1.000000  0.000721  0.001476  -0.000722  0.999999  1.000000  0.000000  0.000000  0.000000  1.000000  0.000000  0.000000  0.000000  1.000000  1.000000  0.000000  0.000000  0.000000  1.000000  0.000000  0.000000  0.000000  1.000000  0.000000  0.000000  
78.751302 -0.002121  0.086385  -0.009636  0.999484  -0.007046  -0.031354  0.007819  0.999666  0.024619  0.031170  -0.024851  0.999205  -0.001166  -0.006200  -0.006384  0.000000  0.000000  0.000000  2.000000  1.000000  0.000000  0.000000  0.000000  1.000000  0.000000  0.000000  0.000000  1.000000  0.999999  0.000030  -0.001204  -0.000029  1.000000  0.000607  0.001204  -0.000606  0.999999  1.000000  0.000000  0.000000  0.000000  1.000000  0.000000  0.000000  0.000000  1.000000  1.000000  0.000000  0.000000  0.000000  1.000000  0.000000  0.000000  0.000000  1.000000  0.000000  0.000000  
78.752555 -0.002122  0.086378  -0.009645  0.999484  -0.007042  -0.031355  0.007819  0.999663  0.024740  0.031170  -0.024972  0.999202  -0.001157  -0.006132  -0.006374  0.000000  0.000000  0.000000  2.000000  1.000000  0.000000  0.000000  0.000000  1.000000  0.000000  0.000000  0.000000  1.000000  0.999999  0.000027  -0.001070  -0.000026  1.000000  0.000728  0.001070  -0.000728  0.999999  1.000000  0.000000  0.000000  0.000000  1.000000  0.000000  0.000000  0.000000  1.000000  1.000000  0.000000  0.000000  0.000000  1.000000  0.000000  0.000000  0.000000  1.000000  0.000000  0.000000  
78.753565 -0.002124  0.086371  -0.009653  0.999484  -0.007042  -0.031355  0.007819  0.999663  0.024740  0.031170  -0.024972  0.999202  -0.001181  -0.006129  -0.006430  0.000000  0.000000  0.000000  2.000000  1.000000  0.000000  0.000000  0.000000  1.000000  0.000000  0.000000  0.000000  1.000000  1.000000  0.000023  -0.000936  -0.000023  1.000000  0.000606  0.000936  -0.000606  0.999999  1.000000  0.000000  0.000000  0.000000  1.000000  0.000000  0.000000  0.000000  1.000000  1.000000  0.000000  0.000000  0.000000  1.000000  0.000000  0.000000  0.000000  1.000000  0.000000  0.000000  
78.754803 -0.002127  0.086363  -0.009664  0.999488  -0.007045  -0.031221  0.007819  0.999663  0.024741  0.031036  -0.024973  0.999206  -0.001289  -0.006223  -0.006716  0.000000  0.000000  0.000000  2.000000  1.000000  0.000000  0.000000  0.000000  1.000000  0.000000  0.000000  0.000000  1.000000  1.000000  0.000020  -0.000803  -0.000020  1.000000  0.000485  0.000803  -0.000485  1.000000  1.000000  0.000000  0.000000  0.000000  1.000000  0.000000  0.000000  0.000000  1.000000  1.000000  0.000000  0.000000  0.000000  1.000000  0.000000  0.000000  0.000000  1.000000  0.000000  0.000000  
78.755804 -0.002129  0.086356  -0.009673  0.999489  -0.006836  -0.031217  0.007613  0.999662  0.024869  0.031036  -0.025094  0.999203  -0.001384  -0.006263  -0.006954  0.000000  0.000000  0.000000  2.000000  1.000000  0.000000  0.000000  0.000000  1.000000  0.000000  0.000000  0.000000  1.000000  1.000000  0.000017  -0.000669  -0.000016  1.000000  0.000485  0.000669  -0.000485  1.000000  1.000000  0.000000  0.000000  0.000000  1.000000  0.000000  0.000000  0.000000  1.000000  1.000000  0.000000  0.000000  0.000000  1.000000  0.000000  0.000000  0.000000  1.000000  0.000000  0.000000  
78.757054 -0.002132  0.086347  -0.009685  0.999489  -0.006836  -0.031217  0.007613  0.999662  0.024869  0.031036  -0.025094  0.999203  -0.001492  -0.006310  -0.007289  0.000000  0.000000  0.000000  2.000000  1.000000  0.000000  0.000000  0.000000  1.000000  0.000000  0.000000  0.000000  1.000000  1.000000  0.000219  -0.000530  -0.000219  1.000000  0.000613  0.000530  -0.000613  1.000000  1.000000  0.000000  0.000000  0.000000  1.000000  0.000000  0.000000  0.000000  1.000000  1.000000  0.000000  0.000000  0.000000  1.000000  0.000000  0.000000  0.000000  1.000000  0.000000  0.000000  
78.758299 -0.002135  0.086339  -0.009696  0.999489  -0.006836  -0.031217  0.007613  0.999662  0.024869  0.031036  -0.025094  0.999203  -0.001591  -0.006319  -0.007495  0.000000  0.000000  0.000000  2.000000  1.000000  0.000000  0.000000  0.000000  1.000000  0.000000  0.000000  0.000000  1.000000  1.000000  0.000219  -0.000530  -0.000219  1.000000  0.000613  0.000530  -0.000613  1.000000  1.000000  0.000000  0.000000  0.000000  1.000000  0.000000  0.000000  0.000000  1.000000  1.000000  0.000000  0.000000  0.000000  1.000000  0.000000  0.000000  0.000000  1.000000  0.000000  0.000000  
78.759303 -0.002138  0.086332  -0.009704  0.999489  -0.006832  -0.031218  0.007613  0.999659  0.024990  0.031036  -0.025215  0.999200  -0.001640  -0.006259  -0.007628  0.000000  0.000000  0.000000  2.000000  1.000000  0.000000  0.000000  0.000000  1.000000  0.000000  0.000000  0.000000  1.000000  1.000000  0.000216  -0.000396  -0.000216  1.000000  0.000734  0.000396  -0.000734  1.000000  1.000000  0.000000  0.000000  0.000000  1.000000  0.000000  0.000000  0.000000  1.000000  1.000000  0.000000  0.000000  0.000000  1.000000  0.000000  0.000000  0.000000  1.000000  0.000000  0.000000  
78.760304 -0.002141  0.086326  -0.009712  0.999485  -0.006828  -0.031351  0.007613  0.999659  0.024989  0.031170  -0.025215  0.999196  -0.001750  -0.006263  -0.007676  0.000000  0.000000  0.000000  2.000000  1.000000  0.000000  0.000000  0.000000  1.000000  0.000000  0.000000  0.000000  1.000000  1.000000  0.000219  -0.000530  -0.000219  1.000000  0.000734  0.000530  -0.000734  1.000000  1.000000  0.000000  0.000000  0.000000  1.000000  0.000000  0.000000  0.000000  1.000000  1.000000  0.000000  0.000000  0.000000  1.000000  0.000000  0.000000  0.000000  1.000000  0.000000  0.000000  
78.761549 -0.002145  0.086319  -0.009721  0.999485  -0.006825  -0.031352  0.007613  0.999656  0.025110  0.031170  -0.025336  0.999193  -0.001925  -0.006225  -0.007668  0.000000  0.000000  0.000000  2.000000  1.000000  0.000000  0.000000  0.000000  1.000000  0.000000  0.000000  0.000000  1.000000  1.000000  0.000216  -0.000396  -0.000216  1.000000  0.000855  0.000396  -0.000855  1.000000  1.000000  0.000000  0.000000  0.000000  1.000000  0.000000  0.000000  0.000000  1.000000  1.000000  0.000000  0.000000  0.000000  1.000000  0.000000  0.000000  0.000000  1.000000  0.000000  0.000000  
78.762550 -0.002148  0.086313  -0.009728  0.999485  -0.006825  -0.031352  0.007613  0.999656  0.025110  0.031170  -0.025336  0.999193  -0.002103  -0.006224  -0.007716  0.000000  0.000000  0.000000  2.000000  1.000000  0.000000  0.000000  0.000000  1.000000  0.000000  0.000000  0.000000  1.000000  1.000000  0.000216  -0.000396  -0.000216  1.000000  0.000855  0.000396  -0.000855  1.000000  1.000000  0.000000  0.000000  0.000000  1.000000  0.000000  0.000000  0.000000  1.000000  1.000000  0.000000  0.000000  0.000000  1.000000  0.000000  0.000000  0.000000  1.000000  0.000000  0.000000  
78.763552 -0.002152  0.086307  -0.009735  0.999485  -0.006825  -0.031352  0.007613  0.999656  0.025110  0.031170  -0.025336  0.999193  -0.002290  -0.006262  -0.007794  0.000000  0.000000  0.000000  2.000000  1.000000  0.000000  0.000000  0.000000  1.000000  0.000000  0.000000  0.000000  1.000000  1.000000  0.000212  -0.000262  -0.000212  1.000000  0.000855  0.000262  -0.000855  1.000000  1.000000  0.000000  0.000000  0.000000  1.000000  0.000000  0.000000  0.000000  1.000000  1.000000  0.000000  0.000000  0.000000  1.000000  0.000000  0.000000  0.000000  1.000000  0.000000  0.000000  
78.764553 -0.002156  0.086301  -0.009743  0.999485  -0.006825  -0.031352  0.007613  0.999656  0.025110  0.031170  -0.025336  0.999193  -0.002474  -0.006254  -0.007850  0.000000  0.000000  0.000000  2.000000  1.000000  0.000000  0.000000  0.000000  1.000000  0.000000  0.000000  0.000000  1.000000  1.000000  0.000212  -0.000262  -0.000212  1.000000  0.000855  0.000262  -0.000855  1.000000  1.000000  0.000000  0.000000  0.000000  1.000000  0.000000  0.000000  0.000000  1.000000  1.000000  0.000000  0.000000  0.000000  1.000000  0.000000  0.000000  0.000000  1.000000  0.000000  0.000000  
78.765807 -0.002161  0.086293  -0.009753  0.999485  -0.006821  -0.031353  0.007613  0.999653  0.025232  0.031170  -0.025457  0.999190  -0.002771  -0.006360  -0.008087  0.000000  0.000000  0.000000  2.000000  1.000000  0.000000  0.000000  0.000000  1.000000  0.000000  0.000000  0.000000  1.000000  1.000000  0.000209  -0.000129  -0.000209  1.000000  0.000855  0.000129  -0.000855  1.000000  1.000000  0.000000  0.000000  0.000000  1.000000  0.000000  0.000000  0.000000  1.000000  1.000000  0.000000  0.000000  0.000000  1.000000  0.000000  0.000000  0.000000  1.000000  0.000000  0.000000  
78.767058 -0.002167  0.086284  -0.009766  0.999485  -0.006821  -0.031353  0.007613  0.999653  0.025232  0.031170  -0.025457  0.999190  -0.003088  -0.006423  -0.008296  0.000000  0.000000  0.000000  2.000000  1.000000  0.000000  0.000000  0.000000  1.000000  0.000000  0.000000  0.000000  1.000000  1.000000  0.000209  -0.000129  -0.000209  1.000000  0.000855  0.000129  -0.000855  1.000000  1.000000  0.000000  0.000000  0.000000  1.000000  0.000000  0.000000  0.000000  1.000000  1.000000  0.000000  0.000000  0.000000  1.000000  0.000000  0.000000  0.000000  1.000000  0.000000  0.000000  
78.768307 -0.002174  0.086275  -0.009779  0.999485  -0.006821  -0.031353  0.007613  0.999653  0.025232  0.031170  -0.025457  0.999190  -0.003400  -0.006506  -0.008559  0.000000  0.000000  0.000000  2.000000  1.000000  0.000000  0.000000  0.000000  1.000000  0.000000  0.000000  0.000000  1.000000  1.000000  0.000206  0.000005  -0.000206  1.000000  0.000734  -0.000005  -0.000734  1.000000  1.000000  0.000000  0.000000  0.000000  1.000000  0.000000  0.000000  0.000000  1.000000  1.000000  0.000000  0.000000  0.000000  1.000000  0.000000  0.000000  0.000000  1.000000  0.000000  0.000000  
78.769313 -0.002179  0.086269  -0.009790  0.999485  -0.006821  -0.031353  0.007613  0.999653  0.025232  0.031170  -0.025457  0.999190  -0.003617  -0.006522  -0.008705  0.000000  0.000000  0.000000  2.000000  1.000000  0.000000  0.000000  0.000000  1.000000  0.000000  0.000000  0.000000  1.000000  1.000000  0.000206  0.000005  -0.000206  1.000000  0.000734  -0.000005  -0.000734  1.000000  1.000000  0.000000  0.000000  0.000000  1.000000  0.000000  0.000000  0.000000  1.000000  1.000000  0.000000  0.000000  0.000000  1.000000  0.000000  0.000000  0.000000  1.000000  0.000000  0.000000  
78.770314 -0.002185  0.086261  -0.009801  0.999485  -0.006821  -0.031353  0.007613  0.999653  0.025232  0.031170  -0.025457  0.999190  -0.003843  -0.006566  -0.008816  0.000000  0.000000  0.000000  2.000000  1.000000  0.000000  0.000000  0.000000  1.000000  0.000000  0.000000  0.000000  1.000000  1.000000  0.000206  0.000005  -0.000206  1.000000  0.000613  -0.000005  -0.000613  1.000000  1.000000  0.000000  0.000000  0.000000  1.000000  0.000000  0.000000  0.000000  1.000000  1.000000  0.000000  0.000000  0.000000  1.000000  0.000000  0.000000  0.000000  1.000000  0.000000  0.000000  
78.771556 -0.002192  0.086252  -0.009815  0.999485  -0.006821  -0.031353  0.007613  0.999653  0.025232  0.031170  -0.025457  0.999190  -0.004110  -0.006570  -0.009013  0.000000  0.000000  0.000000  2.000000  1.000000  0.000000  0.000000  0.000000  1.000000  0.000000  0.000000  0.000000  1.000000  1.000000  0.000206  0.000005  -0.000206  1.000000  0.000613  -0.000005  -0.000613  1.000000  1.000000  0.000000  0.000000  0.000000  1.000000  0.000000  0.000000  0.000000  1.000000  1.000000  0.000000  0.000000  0.000000  1.000000  0.000000  0.000000  0.000000  1.000000  0.000000  0.000000  
78.772809 -0.002199  0.086243  -0.009828  0.999485  -0.006821  -0.031353  0.007613  0.999653  0.025232  0.031170  -0.025457  0.999190  -0.004387  -0.006610  -0.009118  0.000000  0.000000  0.000000  2.000000  1.000000  0.000000  0.000000  0.000000  1.000000  0.000000  0.000000  0.000000  1.000000  1.000000  0.000206  0.000005  -0.000206  1.000000  0.000492  -0.000005  -0.000492  1.000000  1.000000  0.000000  0.000000  0.000000  1.000000  0.000000  0.000000  0.000000  1.000000  1.000000  0.000000  0.000000  0.000000  1.000000  0.000000  0.000000  0.000000  1.000000  0.000000  0.000000  
78.774054 -0.002207  0.086233  -0.009842  0.999485  -0.006821  -0.031353  0.007613  0.999653  0.025232  0.031170  -0.025457  0.999190  -0.004653  -0.006710  -0.009338  0.000000  0.000000  0.000000  2.000000  1.000000  0.000000  0.000000  0.000000  1.000000  0.000000  0.000000  0.000000  1.000000  1.000000  0.000206  0.000005  -0.000206  1.000000  0.000492  -0.000005  -0.000492  1.000000  1.000000  0.000000  0.000000  0.000000  1.000000  0.000000  0.000000  0.000000  1.000000  1.000000  0.000000  0.000000  0.000000  1.000000  0.000000  0.000000  0.000000  1.000000  0.000000  0.000000  
78.775299 -0.002215  0.086224  -0.009855  0.999485  -0.006817  -0.031354  0.007613  0.999650  0.025353  0.031170  -0.025578  0.999187  -0.004885  -0.006800  -0.009544  0.000000  0.000000  0.000000  2.000000  1.000000  0.000000  0.000000  0.000000  1.000000  0.000000  0.000000  0.000000  1.000000  1.000000  0.000209  -0.000128  -0.000209  1.000000  0.000613  0.000129  -0.000613  1.000000  1.000000  0.000000  0.000000  0.000000  1.000000  0.000000  0.000000  0.000000  1.000000  1.000000  0.000000  0.000000  0.000000  1.000000  0.000000  0.000000  0.000000  1.000000  0.000000  0.000000  
78.776300 -0.002221  0.086216  -0.009867  0.999485  -0.006817  -0.031354  0.007613  0.999650  0.025353  0.031170  -0.025578  0.999187  -0.005118  -0.006967  -0.009890  0.000000  0.000000  0.000000  2.000000  1.000000  0.000000  0.000000  0.000000  1.000000  0.000000  0.000000  0.000000  1.000000  1.000000  0.000003  -0.000134  -0.000003  1.000000  0.000485  0.000134  -0.000485  1.000000  1.000000  0.000000  0.000000  0.000000  1.000000  0.000000  0.000000  0.000000  1.000000  1.000000  0.000000  0.000000  0.000000  1.000000  0.000000  0.000000  0.000000  1.000000  0.000000  0.000000  
78.777549 -0.002229  0.086205  -0.009882  0.999485  -0.006813  -0.031355  0.007613  0.999646  0.025474  0.031170  -0.025700  0.999184  -0.005409  -0.007181  -0.010281  0.000000  0.000000  0.000000  2.000000  1.000000  0.000000  0.000000  0.000000  1.000000  0.000000  0.000000  0.000000  1.000000  1.000000  0.000003  -0.000134  -0.000003  1.000000  0.000606  0.000134  -0.000606  1.000000  1.000000  0.000000  0.000000  0.000000  1.000000  0.000000  0.000000  0.000000  1.000000  1.000000  0.000000  0.000000  0.000000  1.000000  0.000000  0.000000  0.000000  1.000000  0.000000  0.000000  
78.778555 -0.002236  0.086197  -0.009894  0.999481  -0.006810  -0.031488  0.007613  0.999647  0.025473  0.031304  -0.025700  0.999179  -0.005672  -0.007385  -0.010697  0.000000  0.000000  0.000000  2.000000  1.000000  0.000000  0.000000  0.000000  1.000000  0.000000  0.000000  0.000000  1.000000  1.000000  0.000007  -0.000268  -0.000007  1.000000  0.000606  0.000268  -0.000606  1.000000  1.000000  0.000000  0.000000  0.000000  1.000000  0.000000  0.000000  0.000000  1.000000  1.000000  0.000000  0.000000  0.000000  1.000000  0.000000  0.000000  0.000000  1.000000  0.000000  0.000000  
78.779804 -0.002246  0.086185  -0.009911  0.999479  -0.007016  -0.031494  0.007819  0.999645  0.025467  0.031304  -0.025700  0.999179  -0.005948  -0.007641  -0.011110  0.000000  0.000000  0.000000  2.000000  1.000000  0.000000  0.000000  0.000000  1.000000  0.000000  0.000000  0.000000  1.000000  1.000000  0.000007  -0.000268  -0.000007  1.000000  0.000485  0.000268  -0.000485  1.000000  1.000000  0.000000  0.000000  0.000000  1.000000  0.000000  0.000000  0.000000  1.000000  1.000000  0.000000  0.000000  0.000000  1.000000  0.000000  0.000000  0.000000  1.000000  0.000000  0.000000  
78.781048 -0.002255  0.086174  -0.009926  0.999479  -0.007016  -0.031494  0.007819  0.999645  0.025467  0.031304  -0.025700  0.999179  -0.006177  -0.007837  -0.011362  0.000000  0.000000  0.000000  2.000000  1.000000  0.000000  0.000000  0.000000  1.000000  0.000000  0.000000  0.000000  1.000000  1.000000  -0.000202  -0.000139  0.000202  1.000000  0.000479  0.000139  -0.000479  1.000000  1.000000  0.000000  0.000000  0.000000  1.000000  0.000000  0.000000  0.000000  1.000000  1.000000  0.000000  0.000000  0.000000  1.000000  0.000000  0.000000  0.000000  1.000000  0.000000  0.000000  
78.782052 -0.002262  0.086165  -0.009939  0.999479  -0.007016  -0.031494  0.007819  0.999645  0.025467  0.031304  -0.025700  0.999179  -0.006312  -0.007934  -0.011526  0.000000  0.000000  0.000000  2.000000  1.000000  0.000000  0.000000  0.000000  1.000000  0.000000  0.000000  0.000000  1.000000  1.000000  -0.000202  -0.000139  0.000202  1.000000  0.000357  0.000139  -0.000357  1.000000  1.000000  0.000000  0.000000  0.000000  1.000000  0.000000  0.000000  0.000000  1.000000  1.000000  0.000000  0.000000  0.000000  1.000000  0.000000  0.000000  0.000000  1.000000  0.000000  0.000000  
