1-Time 2-Px 3-Py 4-Pz 5-R11 6-R21 7-R31 8-R12 9-R22 10-R32 11-R13 12-R23 13-R33 14-Vx 15-Vy 16-Vz 17-Wx 18-Wy 19-Wz 20-state 21-PR11 22-PR21 23-PR31 24-PR12 25-PR22 26-PR32 27-PR13 28-PR23 29-PR33 
27.506146 -0.002322  0.086059  -0.012217  0.998812  0.047596  -0.010456  -0.047742  0.998759  -0.014193  0.009767  0.014676  0.999845  0.001297  0.001013  0.000595  0.000000  0.000000  0.000000  2.000000  1.000000  0.000000  0.000000  0.000000  1.000000  0.000000  0.000000  0.000000  1.000000  1.000000  0.000002  0.000134  -0.000002  1.000000  -0.000000  -0.000134  -0.000000  1.000000  1.000000  0.000000  0.000000  0.000000  1.000000  0.000000  0.000000  0.000000  1.000000  0.637772  0.713819  0.289327  -0.647049  0.700312  -0.301481  -0.417822  0.005067  0.908515  0.000000  0.000000  
27.507146 -0.002321  0.086060  -0.012217  0.998812  0.047596  -0.010456  -0.047742  0.998759  -0.014193  0.009767  0.014676  0.999845  0.001260  0.000970  0.000621  0.000000  0.000000  0.000000  2.000000  1.000000  0.000000  0.000000  0.000000  1.000000  0.000000  0.000000  0.000000  1.000000  1.000000  0.000002  0.000134  -0.000002  1.000000  -0.000000  -0.000134  -0.000000  1.000000  1.000000  0.000000  0.000000  0.000000  1.000000  0.000000  0.000000  0.000000  1.000000  1.000000  0.000000  0.000000  0.000000  1.000000  0.000000  0.000000  0.000000  1.000000  0.000000  0.000000  
27.508148 -0.002321  0.086058  -0.012217  0.998802  0.047801  -0.010459  -0.047947  0.998749  -0.014191  0.009767  0.014676  0.999845  0.001168  0.000804  0.000543  0.000000  0.000000  0.000000  2.000000  1.000000  0.000000  0.000000  0.000000  1.000000  0.000000  0.000000  0.000000  1.000000  1.000000  0.000208  0.000131  -0.000208  1.000000  0.000002  -0.000131  -0.000002  1.000000  1.000000  0.000000  0.000000  0.000000  1.000000  0.000000  0.000000  0.000000  1.000000  1.000000  0.000000  0.000000  0.000000  1.000000  0.000000  0.000000  0.000000  1.000000  0.000000  0.000000  
27.509399 -0.002322  0.086055  -0.012217  0.998792  0.048007  -0.010462  -0.048153  0.998739  -0.014189  0.009767  0.014676  0.999845  0.000989  0.000501  0.000473  0.000000  0.000000  0.000000  2.000000  1.000000  0.000000  0.000000  0.000000  1.000000  0.000000  0.000000  0.000000  1.000000  1.000000  0.000414  0.000128  -0.000414  1.000000  0.000004  -0.000128  -0.000004  1.000000  1.000000  0.000000  0.000000  0.000000  1.000000  0.000000  0.000000  0.000000  1.000000  1.000000  0.000000  0.000000  0.000000  1.000000  0.000000  0.000000  0.000000  1.000000  0.000000  0.000000  
27.510400 -0.002323  0.086052  -0.012217  0.998782  0.048212  -0.010464  -0.048359  0.998729  -0.014187  0.009767  0.014676  0.999845  0.000836  0.000245  0.000412  0.000000  0.000000  0.000000  2.000000  1.000000  0.000000  0.000000  0.000000  1.000000  0.000000  0.000000  0.000000  1.000000  1.000000  0.000619  0.000125  -0.000619  1.000000  0.000006  -0.000125  -0.000006  1.000000  1.000000  0.000000  0.000000  0.000000  1.000000  0.000000  0.000000  0.000000  1.000000  1.000000  0.000000  0.000000  0.000000  1.000000  0.000000  0.000000  0.000000  1.000000  0.000000  0.000000  
27.511650 -0.002324  0.086049  -0.012217  0.998774  0.048420  -0.010334  -0.048564  0.998719  -0.014191  0.009633  0.014676  0.999846  0.000684  -0.000054  0.000404  0.000000  0.000000  0.000000  2.000000  1.000000  0.000000  0.000000  0.000000  1.000000  0.000000  0.000000  0.000000  1.000000  1.000000  0.000827  0.000255  -0.000827  1.000000  0.000008  -0.000255  -0.000008  1.000000  1.000000  0.000000  0.000000  0.000000  1.000000  0.000000  0.000000  0.000000  1.000000  1.000000  0.000000  0.000000  0.000000  1.000000  0.000000  0.000000  0.000000  1.000000  0.000000  0.000000  
27.512895 -0.002325  0.086044  -0.012217  0.998762  0.048624  -0.010470  -0.048770  0.998709  -0.014183  0.009767  0.014676  0.999845  0.000496  -0.000450  0.000344  0.000000  0.000000  0.000000  2.000000  1.000000  0.000000  0.000000  0.000000  1.000000  0.000000  0.000000  0.000000  1.000000  0.999999  0.001031  0.000119  -0.001031  0.999999  0.000010  -0.000119  -0.000010  1.000000  1.000000  0.000000  0.000000  0.000000  1.000000  0.000000  0.000000  0.000000  1.000000  1.000000  0.000000  0.000000  0.000000  1.000000  0.000000  0.000000  0.000000  1.000000  0.000000  0.000000  
27.513896 -0.002326  0.086041  -0.012217  0.998752  0.048829  -0.010473  -0.048975  0.998699  -0.014180  0.009767  0.014676  0.999845  0.000368  -0.000703  0.000345  0.000000  0.000000  0.000000  2.000000  1.000000  0.000000  0.000000  0.000000  1.000000  0.000000  0.000000  0.000000  1.000000  0.999999  0.001237  0.000116  -0.001237  0.999999  0.000012  -0.000116  -0.000012  1.000000  1.000000  0.000000  0.000000  0.000000  1.000000  0.000000  0.000000  0.000000  1.000000  1.000000  0.000000  0.000000  0.000000  1.000000  0.000000  0.000000  0.000000  1.000000  0.000000  0.000000  
27.514901 -0.002327  0.086038  -0.012217  0.998741  0.049033  -0.010610  -0.049181  0.998689  -0.014172  0.009901  0.014676  0.999843  0.000221  -0.000982  0.000293  0.000000  0.000000  0.000000  2.000000  1.000000  0.000000  0.000000  0.000000  1.000000  0.000000  0.000000  0.000000  1.000000  0.999999  0.001441  -0.000021  -0.001441  0.999999  0.000014  0.000021  -0.000014  1.000000  1.000000  0.000000  0.000000  0.000000  1.000000  0.000000  0.000000  0.000000  1.000000  1.000000  0.000000  0.000000  0.000000  1.000000  0.000000  0.000000  0.000000  1.000000  0.000000  0.000000  
27.516149 -0.002327  0.086035  -0.012217  0.998720  0.049443  -0.010622  -0.049592  0.998667  -0.014289  0.009901  0.014797  0.999841  0.000044  -0.001285  0.000224  0.000000  0.000000  0.000000  2.000000  1.000000  0.000000  0.000000  0.000000  1.000000  0.000000  0.000000  0.000000  1.000000  0.999998  0.001853  -0.000027  -0.001853  0.999998  -0.000103  0.000027  0.000103  1.000000  1.000000  0.000000  0.000000  0.000000  1.000000  0.000000  0.000000  0.000000  1.000000  1.000000  0.000000  0.000000  0.000000  1.000000  0.000000  0.000000  0.000000  1.000000  0.000000  0.000000  
27.517162 -0.002328  0.086032  -0.012218  0.998700  0.049854  -0.010627  -0.050003  0.998647  -0.014284  0.009901  0.014797  0.999841  -0.000105  -0.001520  0.000118  0.000000  0.000000  0.000000  2.000000  1.000000  0.000000  0.000000  0.000000  1.000000  0.000000  0.000000  0.000000  1.000000  0.999998  0.002056  -0.000164  -0.002056  0.999998  -0.000101  0.000164  0.000101  1.000000  1.000000  0.000000  0.000000  0.000000  1.000000  0.000000  0.000000  0.000000  1.000000  1.000000  0.000000  0.000000  0.000000  1.000000  0.000000  0.000000  0.000000  1.000000  0.000000  0.000000  
27.518396 -0.002330  0.086029  -0.012220  0.998690  0.050060  -0.010630  -0.050209  0.998637  -0.014282  0.009901  0.014797  0.999841  -0.000321  -0.001877  -0.000057  0.000000  0.000000  0.000000  2.000000  1.000000  0.000000  0.000000  0.000000  1.000000  0.000000  0.000000  0.000000  1.000000  0.999997  0.002468  -0.000170  -0.002468  0.999997  -0.000097  0.000170  0.000097  1.000000  1.000000  0.000000  0.000000  0.000000  1.000000  0.000000  0.000000  0.000000  1.000000  1.000000  0.000000  0.000000  0.000000  1.000000  0.000000  0.000000  0.000000  1.000000  0.000000  0.000000  
27.519401 -0.002331  0.086026  -0.012220  0.998669  0.050471  -0.010636  -0.050620  0.998616  -0.014278  0.009901  0.014797  0.999841  -0.000481  -0.002110  -0.000127  0.000000  0.000000  0.000000  2.000000  1.000000  0.000000  0.000000  0.000000  1.000000  0.000000  0.000000  0.000000  1.000000  0.999996  0.002880  -0.000176  -0.002880  0.999996  -0.000093  0.000176  0.000093  1.000000  1.000000  0.000000  0.000000  0.000000  1.000000  0.000000  0.000000  0.000000  1.000000  1.000000  0.000000  0.000000  0.000000  1.000000  0.000000  0.000000  0.000000  1.000000  0.000000  0.000000  
27.520650 -0.002333  0.086022  -0.012221  0.998648  0.050881  -0.010648  -0.051031  0.998593  -0.014394  0.009901  0.014918  0.999840  -0.000715  -0.002482  -0.000223  0.000000  0.000000  0.000000  2.000000  1.000000  0.000000  0.000000  0.000000  1.000000  0.000000  0.000000  0.000000  1.000000  0.999995  0.003086  -0.000180  -0.003086  0.999995  -0.000212  0.000179  0.000213  1.000000  1.000000  0.000000  0.000000  0.000000  1.000000  0.000000  0.000000  0.000000  1.000000  1.000000  0.000000  0.000000  0.000000  1.000000  0.000000  0.000000  0.000000  1.000000  0.000000  0.000000  
27.521663 -0.002335  0.086017  -0.012222  0.998637  0.051086  -0.010651  -0.051237  0.998583  -0.014392  0.009901  0.014918  0.999840  -0.000979  -0.002877  -0.000336  0.000000  0.000000  0.000000  2.000000  1.000000  0.000000  0.000000  0.000000  1.000000  0.000000  0.000000  0.000000  1.000000  0.999994  0.003497  -0.000186  -0.003497  0.999994  -0.000208  0.000185  0.000209  1.000000  1.000000  0.000000  0.000000  0.000000  1.000000  0.000000  0.000000  0.000000  1.000000  1.000000  0.000000  0.000000  0.000000  1.000000  0.000000  0.000000  0.000000  1.000000  0.000000  0.000000  
27.522901 -0.002340  0.086010  -0.012222  0.998616  0.051496  -0.010663  -0.051648  0.998560  -0.014509  0.009901  0.015040  0.999838  -0.001263  -0.003292  -0.000371  0.000000  0.000000  0.000000  2.000000  1.000000  0.000000  0.000000  0.000000  1.000000  0.000000  0.000000  0.000000  1.000000  0.999992  0.003909  -0.000193  -0.003909  0.999992  -0.000325  0.000191  0.000326  1.000000  1.000000  0.000000  0.000000  0.000000  1.000000  0.000000  0.000000  0.000000  1.000000  1.000000  0.000000  0.000000  0.000000  1.000000  0.000000  0.000000  0.000000  1.000000  0.000000  0.000000  
27.523905 -0.002343  0.086004  -0.012223  0.998594  0.051904  -0.010809  -0.052059  0.998537  -0.014619  0.010035  0.015161  0.999835  -0.001372  -0.003473  -0.000370  0.000000  0.000000  0.000000  2.000000  1.000000  0.000000  0.000000  0.000000  1.000000  0.000000  0.000000  0.000000  1.000000  0.999991  0.004319  -0.000333  -0.004319  0.999991  -0.000442  0.000331  0.000443  1.000000  1.000000  0.000000  0.000000  0.000000  1.000000  0.000000  0.000000  0.000000  1.000000  1.000000  0.000000  0.000000  0.000000  1.000000  0.000000  0.000000  0.000000  1.000000  0.000000  0.000000  
27.525146 -0.002346  0.085996  -0.012223  0.998572  0.052315  -0.010815  -0.052470  0.998516  -0.014614  0.010035  0.015161  0.999835  -0.001569  -0.003795  -0.000361  0.000000  0.000000  0.000000  2.000000  1.000000  0.000000  0.000000  0.000000  1.000000  0.000000  0.000000  0.000000  1.000000  0.999990  0.004524  -0.000336  -0.004525  0.999990  -0.000440  0.000334  0.000441  1.000000  1.000000  0.000000  0.000000  0.000000  1.000000  0.000000  0.000000  0.000000  1.000000  1.000000  0.000000  0.000000  0.000000  1.000000  0.000000  0.000000  0.000000  1.000000  0.000000  0.000000  
27.526149 -0.002349  0.085989  -0.012222  0.998563  0.052521  -0.010691  -0.052676  0.998503  -0.014740  0.009901  0.015282  0.999834  -0.001704  -0.004023  -0.000328  0.000000  0.000000  0.000000  2.000000  1.000000  0.000000  0.000000  0.000000  1.000000  0.000000  0.000000  0.000000  1.000000  0.999988  0.004938  -0.000209  -0.004938  0.999988  -0.000557  0.000206  0.000558  1.000000  1.000000  0.000000  0.000000  0.000000  1.000000  0.000000  0.000000  0.000000  1.000000  1.000000  0.000000  0.000000  0.000000  1.000000  0.000000  0.000000  0.000000  1.000000  0.000000  0.000000  
27.527402 -0.002352  0.085980  -0.012222  0.998541  0.052932  -0.010697  -0.053087  0.998481  -0.014736  0.009901  0.015282  0.999834  -0.001846  -0.004388  -0.000314  -0.018607  0.007188  0.179736  2.000000  1.000000  0.000195  -0.000008  -0.000195  1.000000  -0.000021  0.000008  0.000021  1.000000  0.999986  0.005350  -0.000215  -0.005350  0.999986  -0.000553  0.000212  0.000554  1.000000  1.000000  0.000067  -0.000003  -0.000067  1.000000  -0.000007  0.000003  0.000007  1.000000  1.000000  0.000195  -0.000008  -0.000195  1.000000  -0.000021  0.000008  0.000021  1.000000  0.000045  0.005383  
27.528659 -0.002354  0.085972  -0.012221  0.998519  0.053342  -0.010710  -0.053498  0.998457  -0.014852  0.009901  0.015403  0.999832  -0.001902  -0.004713  -0.000294  -0.022543  0.007406  0.193538  2.000000  1.000000  0.000538  -0.000021  -0.000538  1.000000  -0.000060  0.000021  0.000060  1.000000  0.999985  0.005556  -0.000219  -0.005556  0.999984  -0.000673  0.000216  0.000674  1.000000  1.000000  0.000069  -0.000003  -0.000069  1.000000  -0.000008  0.000003  0.000008  1.000000  1.000000  0.000538  -0.000021  -0.000538  1.000000  -0.000060  0.000021  0.000060  1.000000  0.000047  0.005600  
27.530023 -0.002355  0.085963  -0.012221  0.998497  0.053753  -0.010716  -0.053909  0.998435  -0.014848  0.009901  0.015403  0.999832  -0.001932  -0.005003  -0.000306  -0.022321  0.007585  0.206566  2.000000  1.000000  0.000820  -0.000032  -0.000820  1.000000  -0.000093  0.000032  0.000094  1.000000  0.999985  0.005556  -0.000219  -0.005556  0.999984  -0.000673  0.000216  0.000674  1.000000  1.000000  0.000069  -0.000003  -0.000069  1.000000  -0.000008  0.000003  0.000008  1.000000  1.000000  0.000820  -0.000032  -0.000820  1.000000  -0.000093  0.000032  0.000094  1.000000  0.000051  0.005600  
27.531184 -0.002356  0.085955  -0.012222  0.998484  0.053956  -0.010859  -0.054115  0.998423  -0.014960  0.010035  0.015525  0.999829  -0.001951  -0.005362  -0.000296  -0.026374  0.012213  0.214005  2.000000  0.999999  0.001039  -0.000042  -0.001039  0.999999  -0.000122  0.000042  0.000122  1.000000  0.999982  0.005965  -0.000360  -0.005965  0.999982  -0.000789  0.000355  0.000791  1.000000  1.000000  0.000075  -0.000004  -0.000075  1.000000  -0.000010  0.000004  0.000010  1.000000  0.999999  0.001039  -0.000042  -0.001039  0.999999  -0.000122  0.000042  0.000122  1.000000  0.000054  0.006028  
27.532399 -0.002357  0.085947  -0.012222  0.998473  0.054161  -0.010862  -0.054320  0.998412  -0.014957  0.010035  0.015525  0.999829  -0.001896  -0.005688  -0.000241  -0.026337  0.012333  0.221178  2.000000  0.999999  0.001332  -0.000060  -0.001332  0.999999  -0.000161  0.000060  0.000161  1.000000  0.999982  0.005965  -0.000360  -0.005965  0.999982  -0.000789  0.000355  0.000791  1.000000  1.000000  0.000075  -0.000004  -0.000075  1.000000  -0.000010  0.000004  0.000010  1.000000  0.999999  0.001332  -0.000060  -0.001332  0.999999  -0.000161  0.000060  0.000161  1.000000  0.000056  0.006028  
27.533647 -0.002358  0.085938  -0.012223  0.998463  0.054367  -0.010738  -0.054526  0.998398  -0.015084  0.009901  0.015646  0.999829  -0.001887  -0.006059  -0.000210  -0.030361  0.007956  0.228174  2.000000  0.999999  0.001702  -0.000083  -0.001702  0.999999  -0.000217  0.000082  0.000217  1.000000  0.999982  0.005965  -0.000361  -0.005965  0.999982  -0.000911  0.000355  0.000913  1.000000  1.000000  0.000075  -0.000004  -0.000075  1.000000  -0.000011  0.000004  0.000011  1.000000  0.999999  0.001702  -0.000083  -0.001702  0.999999  -0.000217  0.000082  0.000217  1.000000  0.000058  0.006045  
27.534895 -0.002359  0.085929  -0.012224  0.998441  0.054777  -0.010751  -0.054937  0.998374  -0.015200  0.009901  0.015767  0.999827  -0.001869  -0.006357  -0.000229  -0.034308  0.008182  0.242056  2.000000  0.999998  0.002083  -0.000097  -0.002083  0.999998  -0.000277  0.000096  0.000277  1.000000  0.999981  0.006173  -0.000231  -0.006173  0.999980  -0.001030  0.000225  0.001032  0.999999  1.000000  0.000077  -0.000003  -0.000077  1.000000  -0.000013  0.000003  0.000013  1.000000  0.999998  0.002083  -0.000097  -0.002083  0.999998  -0.000277  0.000096  0.000277  1.000000  0.000061  0.006263  
27.536145 -0.002362  0.085920  -0.012224  0.998429  0.054981  -0.010761  -0.055143  0.998361  -0.015319  0.009901  0.015888  0.999825  -0.001865  -0.006636  -0.000174  -0.038004  0.008235  0.246945  2.000000  0.999997  0.002459  -0.000108  -0.002459  0.999997  -0.000344  0.000107  0.000344  1.000000  0.999982  0.005969  -0.000095  -0.005969  0.999982  -0.001154  0.000088  0.001154  0.999999  1.000000  0.000075  -0.000001  -0.000075  1.000000  -0.000014  0.000001  0.000014  1.000000  0.999997  0.002459  -0.000108  -0.002459  0.999997  -0.000344  0.000107  0.000344  1.000000  0.000063  0.006080  
27.537145 -0.002364  0.085912  -0.012224  0.998419  0.055188  -0.010637  -0.055348  0.998348  -0.015445  0.009767  0.016010  0.999824  -0.001819  -0.006798  -0.000112  -0.041997  0.003896  0.253875  2.000000  0.999996  0.002757  -0.000109  -0.002757  0.999996  -0.000403  0.000108  0.000404  1.000000  0.999982  0.005971  0.000038  -0.005971  0.999981  -0.001276  -0.000046  0.001275  0.999999  1.000000  0.000075  0.000001  -0.000075  1.000000  -0.000016  -0.000001  0.000016  1.000000  0.999996  0.002757  -0.000109  -0.002757  0.999996  -0.000403  0.000108  0.000404  1.000000  0.000064  0.006106  
27.538156 -0.002366  0.085905  -0.012224  0.998408  0.055392  -0.010647  -0.055554  0.998334  -0.015564  0.009767  0.016131  0.999822  -0.001684  -0.006909  -0.000041  -0.046413  0.003943  0.255933  2.000000  0.999996  0.002979  -0.000108  -0.002979  0.999995  -0.000450  0.000106  0.000450  1.000000  0.999982  0.005971  0.000038  -0.005971  0.999981  -0.001276  -0.000045  0.001275  0.999999  1.000000  0.000075  0.000001  -0.000075  1.000000  -0.000016  -0.000001  0.000016  1.000000  0.999996  0.002979  -0.000108  -0.002979  0.999995  -0.000450  0.000106  0.000450  1.000000  0.000065  0.006106  
27.539402 -0.002369  0.085896  -0.012223  0.998398  0.055598  -0.010523  -0.055760  0.998321  -0.015691  0.009633  0.016252  0.999822  -0.001619  -0.007004  0.000023  -0.050579  -0.000644  0.249109  2.000000  0.999995  0.003267  -0.000106  -0.003267  0.999995  -0.000517  0.000104  0.000517  1.000000  0.999983  0.005765  0.000040  -0.005765  0.999982  -0.001399  -0.000048  0.001399  0.999999  1.000000  0.000072  0.000001  -0.000072  1.000000  -0.000017  -0.000001  0.000017  1.000000  0.999995  0.003267  -0.000106  -0.003267  0.999995  -0.000517  0.000104  0.000517  1.000000  0.000065  0.005933  
27.540648 -0.002371  0.085886  -0.012222  0.998386  0.055803  -0.010533  -0.055965  0.998308  -0.015810  0.009633  0.016374  0.999820  -0.001589  -0.007123  0.000025  -0.054145  -0.000518  0.253946  2.000000  0.999994  0.003553  -0.000097  -0.003553  0.999994  -0.000590  0.000095  0.000590  1.000000  0.999983  0.005768  0.000173  -0.005767  0.999982  -0.001521  -0.000182  0.001520  0.999999  1.000000  0.000072  0.000002  -0.000072  1.000000  -0.000019  -0.000002  0.000019  1.000000  0.999994  0.003553  -0.000097  -0.003553  0.999994  -0.000590  0.000095  0.000590  1.000000  0.000065  0.005967  
27.541895 -0.002374  0.085877  -0.012221  0.998375  0.056007  -0.010543  -0.056171  0.998294  -0.015929  0.009633  0.016495  0.999818  -0.001577  -0.007172  0.000043  -0.058191  -0.000502  0.253961  2.000000  0.999992  0.003900  -0.000086  -0.003900  0.999992  -0.000688  0.000083  0.000688  1.000000  0.999985  0.005562  0.000176  -0.005562  0.999983  -0.001644  -0.000185  0.001643  0.999999  1.000000  0.000070  0.000002  -0.000070  1.000000  -0.000021  -0.000002  0.000021  1.000000  0.999992  0.003900  -0.000086  -0.003900  0.999992  -0.000688  0.000083  0.000688  1.000000  0.000065  0.005802  
27.542899 -0.002377  0.085869  -0.012221  0.998363  0.056211  -0.010554  -0.056376  0.998281  -0.016047  0.009633  0.016616  0.999816  -0.001586  -0.007221  0.000044  -0.063350  -0.000604  0.251258  2.000000  0.999991  0.004173  -0.000077  -0.004173  0.999991  -0.000767  0.000074  0.000767  1.000000  0.999986  0.005356  0.000179  -0.005356  0.999984  -0.001646  -0.000188  0.001645  0.999999  1.000000  0.000067  0.000002  -0.000067  1.000000  -0.000021  -0.000002  0.000021  1.000000  0.999991  0.004173  -0.000077  -0.004173  0.999991  -0.000767  0.000074  0.000767  1.000000  0.000066  0.005606  
27.544152 -0.002379  0.085859  -0.012220  0.998351  0.056415  -0.010564  -0.056582  0.998267  -0.016166  0.009633  0.016737  0.999814  -0.001660  -0.007261  0.000044  -0.066880  -0.005081  0.249222  2.000000  0.999990  0.004436  -0.000068  -0.004436  0.999990  -0.000848  0.000065  0.000848  1.000000  0.999988  0.004944  0.000186  -0.004944  0.999987  -0.001529  -0.000193  0.001528  0.999999  1.000000  0.000000  0.000000  0.000000  1.000000  0.000000  0.000000  0.000000  1.000000  0.999990  0.004436  -0.000068  -0.004436  0.999990  -0.000848  0.000065  0.000848  1.000000  0.000066  0.000000  
27.545396 -0.002381  0.085851  -0.012219  0.998340  0.056621  -0.010567  -0.056787  0.998255  -0.016164  0.009633  0.016737  0.999814  -0.001715  -0.007325  0.000150  -0.066331  -0.005039  0.247179  2.000000  0.999990  0.004436  -0.000068  -0.004436  0.999990  -0.000848  0.000065  0.000848  1.000000  0.999989  0.004741  0.000322  -0.004740  0.999988  -0.001531  -0.000329  0.001530  0.999999  1.000000  0.000000  0.000000  0.000000  1.000000  0.000000  0.000000  0.000000  1.000000  0.999990  0.004436  -0.000068  -0.004436  0.999990  -0.000848  0.000065  0.000848  1.000000  0.000065  0.000000  
27.546398 -0.002383  0.085843  -0.012219  0.998328  0.056825  -0.010577  -0.056993  0.998242  -0.016283  0.009633  0.016859  0.999811  -0.001820  -0.007386  0.000220  -0.066944  -0.005160  0.242290  2.000000  0.999990  0.004436  -0.000068  -0.004436  0.999990  -0.000848  0.000065  0.000848  1.000000  0.999989  0.004741  0.000322  -0.004740  0.999987  -0.001652  -0.000329  0.001651  0.999999  1.000000  0.000000  0.000000  0.000000  1.000000  0.000000  0.000000  0.000000  1.000000  0.999990  0.004436  -0.000068  -0.004436  0.999990  -0.000848  0.000065  0.000848  1.000000  0.000064  0.000000  
27.547647 -0.002386  0.085834  -0.012217  0.998316  0.057029  -0.010588  -0.057198  0.998228  -0.016402  0.009633  0.016980  0.999809  -0.001923  -0.007436  0.000378  -0.070463  -0.005105  0.240389  2.000000  0.999990  0.004436  -0.000068  -0.004436  0.999990  -0.000848  0.000065  0.000848  1.000000  0.999989  0.004739  0.000187  -0.004738  0.999987  -0.001652  -0.000195  0.001651  0.999999  1.000000  0.000000  0.000000  0.000000  1.000000  0.000000  0.000000  0.000000  1.000000  0.999990  0.004436  -0.000068  -0.004436  0.999990  -0.000848  0.000065  0.000848  1.000000  0.000063  0.000000  
27.548902 -0.002389  0.085824  -0.012217  0.998305  0.057234  -0.010598  -0.057404  0.998214  -0.016521  0.009633  0.017101  0.999807  -0.002096  -0.007510  0.000447  -0.075222  -0.005350  0.228420  2.000000  0.999990  0.004436  -0.000068  -0.004436  0.999990  -0.000848  0.000065  0.000848  1.000000  0.999990  0.004533  0.000190  -0.004532  0.999988  -0.001776  -0.000198  0.001775  0.999998  1.000000  0.000000  0.000000  0.000000  1.000000  0.000000  0.000000  0.000000  1.000000  0.999990  0.004436  -0.000068  -0.004436  0.999990  -0.000848  0.000065  0.000848  1.000000  0.000061  0.000000  
27.550144 -0.002394  0.085813  -0.012217  0.998293  0.057438  -0.010608  -0.057609  0.998201  -0.016640  0.009633  0.017223  0.999805  -0.002238  -0.007637  0.000450  -0.075243  -0.005324  0.228487  2.000000  0.999990  0.004436  -0.000068  -0.004436  0.999990  -0.000848  0.000065  0.000848  1.000000  0.999991  0.004327  0.000193  -0.004327  0.999989  -0.001778  -0.000201  0.001777  0.999998  1.000000  0.000000  0.000000  0.000000  1.000000  0.000000  0.000000  0.000000  1.000000  0.999990  0.004436  -0.000068  -0.004436  0.999990  -0.000848  0.000065  0.000848  1.000000  0.000060  0.000000  
27.551145 -0.002397  0.085805  -0.012218  0.998281  0.057642  -0.010619  -0.057815  0.998187  -0.016759  0.009633  0.017344  0.999803  -0.002342  -0.007674  0.000394  -0.078747  -0.005378  0.219776  2.000000  0.999990  0.004436  -0.000068  -0.004436  0.999990  -0.000848  0.000065  0.000848  1.000000  0.999991  0.004121  0.000196  -0.004121  0.999990  -0.001901  -0.000204  0.001900  0.999998  1.000000  0.000000  0.000000  0.000000  1.000000  0.000000  0.000000  0.000000  1.000000  0.999990  0.004436  -0.000068  -0.004436  0.999990  -0.000848  0.000065  0.000848  1.000000  0.000059  0.000000  
27.552146 -0.002401  0.085796  -0.012219  0.998269  0.057846  -0.010629  -0.058020  0.998173  -0.016878  0.009633  0.017465  0.999801  -0.002500  -0.007808  0.000319  -0.078752  -0.005352  0.219791  2.000000  0.999990  0.004436  -0.000068  -0.004436  0.999990  -0.000848  0.000065  0.000848  1.000000  0.999991  0.004121  0.000196  -0.004121  0.999990  -0.001901  -0.000204  0.001900  0.999998  1.000000  0.000000  0.000000  0.000000  1.000000  0.000000  0.000000  0.000000  1.000000  0.999990  0.004436  -0.000068  -0.004436  0.999990  -0.000848  0.000065  0.000848  1.000000  0.000059  0.000000  
27.553147 -0.002405  0.085787  -0.012221  0.998257  0.058050  -0.010640  -0.058226  0.998159  -0.016996  0.009633  0.017586  0.999799  -0.002580  -0.007849  0.000206  -0.082837  -0.005449  0.212860  2.000000  0.999990  0.004436  -0.000068  -0.004436  0.999990  -0.000848  0.000065  0.000848  1.000000  0.999992  0.003918  0.000333  -0.003917  0.999990  -0.002024  -0.000341  0.002023  0.999998  1.000000  0.000000  0.000000  0.000000  1.000000  0.000000  0.000000  0.000000  1.000000  0.999990  0.004436  -0.000068  -0.004436  0.999990  -0.000848  0.000065  0.000848  1.000000  0.000059  0.000000  
27.554157 -0.002408  0.085779  -0.012222  0.998245  0.058255  -0.010650  -0.058431  0.998145  -0.017115  0.009633  0.017708  0.999797  -0.002688  -0.007935  0.000068  -0.083550  -0.010075  0.207712  2.000000  0.999990  0.004436  -0.000068  -0.004436  0.999990  -0.000848  0.000065  0.000848  1.000000  0.999993  0.003710  0.000202  -0.003709  0.999991  -0.002026  -0.000210  0.002025  0.999998  1.000000  0.000000  0.000000  0.000000  1.000000  0.000000  0.000000  0.000000  1.000000  0.999990  0.004436  -0.000068  -0.004436  0.999990  -0.000848  0.000065  0.000848  1.000000  0.000056  0.000000  
27.555400 -0.002414  0.085768  -0.012223  0.998245  0.058253  -0.010657  -0.058431  0.998143  -0.017236  0.009633  0.017829  0.999795  -0.002853  -0.007986  -0.000083  -0.083665  -0.005671  0.200802  2.000000  0.999990  0.004436  -0.000068  -0.004436  0.999990  -0.000848  0.000065  0.000848  1.000000  0.999993  0.003710  0.000202  -0.003709  0.999991  -0.002148  -0.000210  0.002147  0.999998  1.000000  0.000000  0.000000  0.000000  1.000000  0.000000  0.000000  0.000000  1.000000  0.999990  0.004436  -0.000068  -0.004436  0.999990  -0.000848  0.000065  0.000848  1.000000  0.000054  0.000000  
27.556405 -0.002417  0.085759  -0.012225  0.998233  0.058459  -0.010661  -0.058637  0.998131  -0.017234  0.009633  0.017829  0.999795  -0.002949  -0.008063  -0.000268  -0.083704  -0.005784  0.193817  2.000000  0.999990  0.004436  -0.000068  -0.004436  0.999990  -0.000848  0.000065  0.000848  1.000000  0.999993  0.003710  0.000202  -0.003709  0.999991  -0.002026  -0.000209  0.002025  0.999998  1.000000  0.000000  0.000000  0.000000  1.000000  0.000000  0.000000  0.000000  1.000000  0.999990  0.004436  -0.000068  -0.004436  0.999990  -0.000848  0.000065  0.000848  1.000000  0.000054  0.000000  
27.557650 -0.002422  0.085749  -0.012227  0.998221  0.058663  -0.010671  -0.058842  0.998116  -0.017353  0.009633  0.017950  0.999792  -0.003098  -0.008119  -0.000411  -0.083792  -0.005877  0.186945  2.000000  0.999990  0.004436  -0.000068  -0.004436  0.999990  -0.000848  0.000065  0.000848  1.000000  0.999993  0.003710  0.000201  -0.003709  0.999991  -0.002026  -0.000209  0.002025  0.999998  1.000000  0.000000  0.000000  0.000000  1.000000  0.000000  0.000000  0.000000  1.000000  0.999990  0.004436  -0.000068  -0.004436  0.999990  -0.000848  0.000065  0.000848  1.000000  0.000053  0.000000  
27.558654 -0.002426  0.085741  -0.012228  0.998209  0.058867  -0.010682  -0.059048  0.998102  -0.017472  0.009633  0.018071  0.999790  -0.003241  -0.008161  -0.000543  -0.087155  -0.005818  0.185429  2.000000  0.999990  0.004436  -0.000068  -0.004436  0.999990  -0.000848  0.000065  0.000848  1.000000  0.999994  0.003501  0.000071  -0.003501  0.999992  -0.002028  -0.000078  0.002028  0.999998  1.000000  0.000000  0.000000  0.000000  1.000000  0.000000  0.000000  0.000000  1.000000  0.999990  0.004436  -0.000068  -0.004436  0.999990  -0.000848  0.000065  0.000848  1.000000  0.000051  0.000000  
27.559897 -0.002431  0.085730  -0.012229  0.998207  0.058865  -0.010816  -0.059048  0.998102  -0.017464  0.009767  0.018071  0.999789  -0.003407  -0.008260  -0.000641  -0.087637  -0.001595  0.172336  2.000000  0.999990  0.004436  -0.000068  -0.004436  0.999990  -0.000848  0.000065  0.000848  1.000000  0.999994  0.003499  -0.000063  -0.003499  0.999992  -0.001785  0.000057  0.001785  0.999998  1.000000  0.000000  0.000000  0.000000  1.000000  0.000000  0.000000  0.000000  1.000000  0.999990  0.004436  -0.000068  -0.004436  0.999990  -0.000848  0.000065  0.000848  1.000000  0.000049  0.000000  
27.560898 -0.002436  0.085722  -0.012230  0.998195  0.059069  -0.010826  -0.059253  0.998088  -0.017583  0.009767  0.018193  0.999787  -0.003560  -0.008307  -0.000743  -0.088095  -0.006085  0.173335  2.000000  0.999990  0.004436  -0.000068  -0.004436  0.999990  -0.000848  0.000065  0.000848  1.000000  0.999994  0.003497  -0.000197  -0.003497  0.999992  -0.001906  0.000191  0.001907  0.999998  1.000000  0.000000  0.000000  0.000000  1.000000  0.000000  0.000000  0.000000  1.000000  0.999990  0.004436  -0.000068  -0.004436  0.999990  -0.000848  0.000065  0.000848  1.000000  0.000050  0.000000  
27.561899 -0.002440  0.085714  -0.012230  0.998183  0.059273  -0.010837  -0.059459  0.998074  -0.017702  0.009767  0.018314  0.999785  -0.003746  -0.008394  -0.000854  -0.092048  -0.006066  0.173093  2.000000  0.999990  0.004436  -0.000068  -0.004436  0.999990  -0.000848  0.000065  0.000848  1.000000  0.999995  0.003291  -0.000194  -0.003291  0.999993  -0.001787  0.000188  0.001788  0.999998  1.000000  0.000000  0.000000  0.000000  1.000000  0.000000  0.000000  0.000000  1.000000  0.999990  0.004436  -0.000068  -0.004436  0.999990  -0.000848  0.000065  0.000848  1.000000  0.000048  0.000000  
27.563147 -0.002445  0.085704  -0.012232  0.998183  0.059273  -0.010837  -0.059459  0.998074  -0.017702  0.009767  0.018314  0.999785  -0.003876  -0.008403  -0.001031  0.000000  0.000000  0.000000  2.000000  0.999990  0.004436  -0.000068  -0.004436  0.999990  -0.000848  0.000065  0.000848  1.000000  0.999995  0.003085  -0.000190  -0.003085  0.999994  -0.001789  0.000185  0.001790  0.999998  1.000000  0.000000  0.000000  0.000000  1.000000  0.000000  0.000000  0.000000  1.000000  0.999990  0.004436  -0.000068  -0.004436  0.999990  -0.000848  0.000065  0.000848  1.000000  0.000000  0.000000  
27.564395 -0.002452  0.085693  -0.012234  0.998171  0.059477  -0.010848  -0.059664  0.998059  -0.017821  0.009767  0.018435  0.999782  -0.004047  -0.008450  -0.001188  0.000000  0.000000  0.000000  2.000000  0.999990  0.004436  -0.000068  -0.004436  0.999990  -0.000848  0.000065  0.000848  1.000000  0.999995  0.003085  -0.000191  -0.003085  0.999994  -0.001789  0.000185  0.001790  0.999998  1.000000  0.000000  0.000000  0.000000  1.000000  0.000000  0.000000  0.000000  1.000000  0.999990  0.004436  -0.000068  -0.004436  0.999990  -0.000848  0.000065  0.000848  1.000000  0.000000  0.000000  
27.565396 -0.002456  0.085684  -0.012236  0.998171  0.059476  -0.010855  -0.059664  0.998057  -0.017942  0.009767  0.018556  0.999780  -0.004134  -0.008495  -0.001283  0.000000  0.000000  0.000000  2.000000  0.999990  0.004436  -0.000068  -0.004436  0.999990  -0.000848  0.000065  0.000848  1.000000  0.999995  0.003085  -0.000191  -0.003085  0.999994  -0.001789  0.000186  0.001790  0.999998  1.000000  0.000000  0.000000  0.000000  1.000000  0.000000  0.000000  0.000000  1.000000  0.999990  0.004436  -0.000068  -0.004436  0.999990  -0.000848  0.000065  0.000848  1.000000  0.000000  0.000000  
27.566646 -0.002462  0.085673  -0.012239  0.998158  0.059680  -0.010866  -0.059870  0.998043  -0.018060  0.009767  0.018678  0.999778  -0.004240  -0.008479  -0.001404  0.000000  0.000000  0.000000  2.000000  0.999990  0.004436  -0.000068  -0.004436  0.999990  -0.000848  0.000065  0.000848  1.000000  0.999996  0.002879  -0.000188  -0.002879  0.999994  -0.001791  0.000182  0.001792  0.999998  1.000000  0.000000  0.000000  0.000000  1.000000  0.000000  0.000000  0.000000  1.000000  0.999990  0.004436  -0.000068  -0.004436  0.999990  -0.000848  0.000065  0.000848  1.000000  0.000000  0.000000  
27.567895 -0.002469  0.085661  -0.012242  0.998158  0.059679  -0.010874  -0.059870  0.998041  -0.018182  0.009767  0.018799  0.999776  -0.004335  -0.008543  -0.001458  0.000000  0.000000  0.000000  2.000000  0.999990  0.004436  -0.000068  -0.004436  0.999990  -0.000848  0.000065  0.000848  1.000000  0.999996  0.002673  -0.000184  -0.002674  0.999995  -0.001793  0.000179  0.001794  0.999998  1.000000  0.000000  0.000000  0.000000  1.000000  0.000000  0.000000  0.000000  1.000000  0.999990  0.004436  -0.000068  -0.004436  0.999990  -0.000848  0.000065  0.000848  1.000000  0.000000  0.000000  
27.568897 -0.002473  0.085653  -0.012244  0.998146  0.059884  -0.010877  -0.060075  0.998028  -0.018179  0.009767  0.018799  0.999776  -0.004408  -0.008533  -0.001555  0.000000  0.000000  0.000000  2.000000  0.999990  0.004436  -0.000068  -0.004436  0.999990  -0.000848  0.000065  0.000848  1.000000  0.999996  0.002673  -0.000184  -0.002674  0.999995  -0.001793  0.000179  0.001794  0.999998  1.000000  0.000000  0.000000  0.000000  1.000000  0.000000  0.000000  0.000000  1.000000  0.999990  0.004436  -0.000068  -0.004436  0.999990  -0.000848  0.000065  0.000848  1.000000  0.000000  0.000000  
27.570142 -0.002479  0.085642  -0.012247  0.998146  0.059883  -0.010885  -0.060075  0.998026  -0.018300  0.009767  0.018920  0.999773  -0.004426  -0.008553  -0.001606  0.000000  0.000000  0.000000  2.000000  0.999990  0.004436  -0.000068  -0.004436  0.999990  -0.000848  0.000065  0.000848  1.000000  0.999997  0.002467  -0.000180  -0.002468  0.999996  -0.001674  0.000176  0.001674  0.999999  1.000000  0.000000  0.000000  0.000000  1.000000  0.000000  0.000000  0.000000  1.000000  0.999990  0.004436  -0.000068  -0.004436  0.999990  -0.000848  0.000065  0.000848  1.000000  0.000000  0.000000  
27.571152 -0.002483  0.085634  -0.012249  0.998146  0.059883  -0.010885  -0.060075  0.998026  -0.018300  0.009767  0.018920  0.999773  -0.004471  -0.008530  -0.001642  0.000000  0.000000  0.000000  2.000000  0.999990  0.004436  -0.000068  -0.004436  0.999990  -0.000848  0.000065  0.000848  1.000000  0.999997  0.002467  -0.000180  -0.002468  0.999996  -0.001674  0.000176  0.001674  0.999999  1.000000  0.000000  0.000000  0.000000  1.000000  0.000000  0.000000  0.000000  1.000000  0.999990  0.004436  -0.000068  -0.004436  0.999990  -0.000848  0.000065  0.000848  1.000000  0.000000  0.000000  
27.572398 -0.002489  0.085622  -0.012252  0.998134  0.060087  -0.010896  -0.060281  0.998012  -0.018419  0.009767  0.019042  0.999771  -0.004484  -0.008580  -0.001686  0.000000  0.000000  0.000000  2.000000  0.999990  0.004436  -0.000068  -0.004436  0.999990  -0.000848  0.000065  0.000848  1.000000  0.999997  0.002467  -0.000181  -0.002468  0.999996  -0.001553  0.000177  0.001553  0.999999  1.000000  0.000000  0.000000  0.000000  1.000000  0.000000  0.000000  0.000000  1.000000  0.999990  0.004436  -0.000068  -0.004436  0.999990  -0.000848  0.000065  0.000848  1.000000  0.000000  0.000000  
27.573399 -0.002493  0.085614  -0.012254  0.998134  0.060087  -0.010896  -0.060281  0.998012  -0.018419  0.009767  0.019042  0.999771  -0.004499  -0.008588  -0.001783  0.000000  0.000000  0.000000  2.000000  0.999990  0.004436  -0.000068  -0.004436  0.999990  -0.000848  0.000065  0.000848  1.000000  0.999997  0.002262  -0.000177  -0.002262  0.999996  -0.001433  0.000174  0.001434  0.999999  1.000000  0.000000  0.000000  0.000000  1.000000  0.000000  0.000000  0.000000  1.000000  0.999990  0.004436  -0.000068  -0.004436  0.999990  -0.000848  0.000065  0.000848  1.000000  0.000000  0.000000  
27.574646 -0.002498  0.085603  -0.012257  0.998123  0.060295  -0.010766  -0.060486  0.997999  -0.018425  0.009633  0.019042  0.999772  -0.004516  -0.008607  -0.001830  0.000000  0.000000  0.000000  2.000000  0.999990  0.004436  -0.000068  -0.004436  0.999990  -0.000848  0.000065  0.000848  1.000000  0.999998  0.002058  -0.000039  -0.002058  0.999997  -0.001314  0.000036  0.001314  0.999999  1.000000  0.000000  0.000000  0.000000  1.000000  0.000000  0.000000  0.000000  1.000000  0.999990  0.004436  -0.000068  -0.004436  0.999990  -0.000848  0.000065  0.000848  1.000000  0.000000  0.000000  
27.575652 -0.002503  0.085594  -0.012258  0.998123  0.060295  -0.010766  -0.060486  0.997999  -0.018425  0.009633  0.019042  0.999772  -0.004560  -0.008681  -0.001895  0.000000  0.000000  0.000000  2.000000  0.999990  0.004436  -0.000068  -0.004436  0.999990  -0.000848  0.000065  0.000848  1.000000  0.999998  0.002058  -0.000039  -0.002058  0.999997  -0.001193  0.000037  0.001193  0.999999  1.000000  0.000000  0.000000  0.000000  1.000000  0.000000  0.000000  0.000000  1.000000  0.999990  0.004436  -0.000068  -0.004436  0.999990  -0.000848  0.000065  0.000848  1.000000  0.000000  0.000000  
27.576898 -0.002509  0.085583  -0.012261  0.998123  0.060295  -0.010766  -0.060486  0.997999  -0.018425  0.009633  0.019042  0.999772  -0.004592  -0.008710  -0.002037  0.000000  0.000000  0.000000  2.000000  0.999990  0.004436  -0.000068  -0.004436  0.999990  -0.000848  0.000065  0.000848  1.000000  0.999998  0.001852  -0.000035  -0.001852  0.999998  -0.001195  0.000033  0.001195  0.999999  1.000000  0.000000  0.000000  0.000000  1.000000  0.000000  0.000000  0.000000  1.000000  0.999990  0.004436  -0.000068  -0.004436  0.999990  -0.000848  0.000065  0.000848  1.000000  0.000000  0.000000  
27.577910 -0.002513  0.085575  -0.012263  0.998123  0.060295  -0.010766  -0.060486  0.997999  -0.018425  0.009633  0.019042  0.999772  -0.004604  -0.008759  -0.002087  0.000000  0.000000  0.000000  2.000000  0.999990  0.004436  -0.000068  -0.004436  0.999990  -0.000848  0.000065  0.000848  1.000000  0.999998  0.001852  -0.000035  -0.001852  0.999998  -0.001074  0.000033  0.001074  0.999999  1.000000  0.000000  0.000000  0.000000  1.000000  0.000000  0.000000  0.000000  1.000000  0.999990  0.004436  -0.000068  -0.004436  0.999990  -0.000848  0.000065  0.000848  1.000000  0.000000  0.000000  
27.579148 -0.002519  0.085564  -0.012265  0.998123  0.060294  -0.010773  -0.060486  0.997997  -0.018546  0.009633  0.019163  0.999770  -0.004577  -0.008741  -0.002070  0.000000  0.000000  0.000000  2.000000  0.999990  0.004436  -0.000068  -0.004436  0.999990  -0.000848  0.000065  0.000848  1.000000  0.999999  0.001647  -0.000031  -0.001647  0.999998  -0.000954  0.000030  0.000955  1.000000  1.000000  0.000000  0.000000  0.000000  1.000000  0.000000  0.000000  0.000000  1.000000  0.999990  0.004436  -0.000068  -0.004436  0.999990  -0.000848  0.000065  0.000848  1.000000  0.000000  0.000000  
27.580394 -0.002525  0.085554  -0.012267  0.998110  0.060499  -0.010777  -0.060692  0.997984  -0.018544  0.009633  0.019163  0.999770  -0.004563  -0.008686  -0.002018  0.000000  0.000000  0.000000  2.000000  0.999990  0.004436  -0.000068  -0.004436  0.999990  -0.000848  0.000065  0.000848  1.000000  0.999999  0.001647  -0.000032  -0.001647  0.999998  -0.001076  0.000030  0.001076  0.999999  1.000000  0.000000  0.000000  0.000000  1.000000  0.000000  0.000000  0.000000  1.000000  0.999990  0.004436  -0.000068  -0.004436  0.999990  -0.000848  0.000065  0.000848  1.000000  0.000000  0.000000  
