1-Time 2-Px 3-Py 4-Pz 5-R11 6-R21 7-R31 8-R12 9-R22 10-R32 11-R13 12-R23 13-R33 14-Vx 15-Vy 16-Vz 17-Wx 18-Wy 19-Wz 20-state 21-PR11 22-PR21 23-PR31 24-PR12 25-PR22 26-PR32 27-PR13 28-PR23 29-PR33 
29.025626 0.005903  0.092355  -0.003766  0.999393  -0.011351  -0.032924  0.012140  0.999642  0.023859  0.032641  -0.024244  0.999173  0.000055  0.000035  0.000085  0.000000  0.000000  0.000000  2.000000  1.000000  0.000000  0.000000  0.000000  1.000000  0.000000  0.000000  0.000000  1.000000  1.000000  0.000000  0.000000  -0.000000  1.000000  -0.000121  0.000000  0.000121  1.000000  1.000000  0.000000  0.000000  0.000000  1.000000  0.000000  0.000000  0.000000  1.000000  0.800558  0.441274  -0.405443  -0.456836  0.887271  0.063647  0.387824  0.134268  0.911902  0.000000  0.000000  
29.026636 0.005903  0.092355  -0.003766  0.999393  -0.011351  -0.032924  0.012140  0.999642  0.023859  0.032641  -0.024244  0.999173  0.000078  0.000007  0.000063  0.000000  0.000000  0.000000  2.000000  1.000000  0.000000  0.000000  0.000000  1.000000  0.000000  0.000000  0.000000  1.000000  1.000000  0.000000  0.000000  -0.000000  1.000000  -0.000000  0.000000  -0.000000  1.000000  1.000000  0.000000  0.000000  0.000000  1.000000  0.000000  0.000000  0.000000  1.000000  1.000000  0.000000  0.000000  0.000000  1.000000  0.000000  0.000000  0.000000  1.000000  0.000000  0.000000  
29.027913 0.005904  0.092353  -0.003768  0.999389  -0.011348  -0.033057  0.012140  0.999642  0.023857  0.032775  -0.024244  0.999169  0.000112  -0.000105  -0.000027  0.000000  0.000000  0.000000  2.000000  1.000000  0.000000  0.000000  0.000000  1.000000  0.000000  0.000000  0.000000  1.000000  1.000000  0.000003  -0.000134  -0.000003  1.000000  0.000000  0.000134  0.000000  1.000000  1.000000  0.000000  0.000000  0.000000  1.000000  0.000000  0.000000  0.000000  1.000000  1.000000  0.000000  0.000000  0.000000  1.000000  0.000000  0.000000  0.000000  1.000000  0.000000  0.000000  
29.029139 0.005904  0.092351  -0.003770  0.999385  -0.011340  -0.033192  0.012140  0.999639  0.023977  0.032909  -0.024365  0.999161  0.000143  -0.000254  -0.000207  0.000000  0.000000  0.000000  2.000000  1.000000  0.000000  0.000000  0.000000  1.000000  0.000000  0.000000  0.000000  1.000000  1.000000  0.000007  -0.000268  -0.000006  1.000000  0.000121  0.000268  -0.000121  1.000000  1.000000  0.000000  0.000000  0.000000  1.000000  0.000000  0.000000  0.000000  1.000000  1.000000  0.000000  0.000000  0.000000  1.000000  0.000000  0.000000  0.000000  1.000000  0.000000  0.000000  
29.030385 0.005906  0.092348  -0.003772  0.999380  -0.011333  -0.033327  0.012139  0.999636  0.024097  0.033042  -0.024486  0.999154  0.000221  -0.000423  -0.000344  0.000000  0.000000  0.000000  2.000000  1.000000  0.000000  0.000000  0.000000  1.000000  0.000000  0.000000  0.000000  1.000000  1.000000  0.000010  -0.000401  -0.000010  1.000000  0.000121  0.000401  -0.000121  1.000000  1.000000  0.000000  0.000000  0.000000  1.000000  0.000000  0.000000  0.000000  1.000000  1.000000  0.000000  0.000000  0.000000  1.000000  0.000000  0.000000  0.000000  1.000000  0.000000  0.000000  
29.031385 0.005907  0.092346  -0.003774  0.999373  -0.011536  -0.033466  0.012345  0.999634  0.024088  0.033176  -0.024486  0.999150  0.000329  -0.000564  -0.000460  0.000000  0.000000  0.000000  2.000000  1.000000  0.000000  0.000000  0.000000  1.000000  0.000000  0.000000  0.000000  1.000000  1.000000  -0.000193  -0.000540  0.000193  1.000000  0.000236  0.000540  -0.000236  1.000000  1.000000  0.000000  0.000000  0.000000  1.000000  0.000000  0.000000  0.000000  1.000000  1.000000  0.000000  0.000000  0.000000  1.000000  0.000000  0.000000  0.000000  1.000000  0.000000  0.000000  
29.032386 0.005909  0.092343  -0.003776  0.999369  -0.011528  -0.033601  0.012345  0.999631  0.024208  0.033310  -0.024607  0.999142  0.000429  -0.000761  -0.000621  0.000000  0.000000  0.000000  2.000000  1.000000  0.000000  0.000000  0.000000  1.000000  0.000000  0.000000  0.000000  1.000000  1.000000  -0.000193  -0.000540  0.000193  1.000000  0.000357  0.000540  -0.000357  1.000000  1.000000  0.000000  0.000000  0.000000  1.000000  0.000000  0.000000  0.000000  1.000000  1.000000  0.000000  0.000000  0.000000  1.000000  0.000000  0.000000  0.000000  1.000000  0.000000  0.000000  
29.033639 0.005911  0.092340  -0.003779  0.999369  -0.011524  -0.033603  0.012345  0.999628  0.024329  0.033310  -0.024728  0.999139  0.000558  -0.001011  -0.000793  0.000000  0.000000  0.000000  2.000000  1.000000  0.000000  0.000000  0.000000  1.000000  0.000000  0.000000  0.000000  1.000000  1.000000  -0.000189  -0.000674  0.000189  1.000000  0.000478  0.000674  -0.000478  1.000000  1.000000  0.000000  0.000000  0.000000  1.000000  0.000000  0.000000  0.000000  1.000000  1.000000  0.000000  0.000000  0.000000  1.000000  0.000000  0.000000  0.000000  1.000000  0.000000  0.000000  
29.034883 0.005914  0.092337  -0.003781  0.999369  -0.011524  -0.033603  0.012345  0.999628  0.024329  0.033310  -0.024728  0.999139  0.000755  -0.001185  -0.000970  0.000000  0.000000  0.000000  2.000000  1.000000  0.000000  0.000000  0.000000  1.000000  0.000000  0.000000  0.000000  1.000000  1.000000  -0.000189  -0.000674  0.000189  1.000000  0.000478  0.000674  -0.000478  1.000000  1.000000  0.000000  0.000000  0.000000  1.000000  0.000000  0.000000  0.000000  1.000000  1.000000  0.000000  0.000000  0.000000  1.000000  0.000000  0.000000  0.000000  1.000000  0.000000  0.000000  
29.036134 0.005916  0.092335  -0.003784  0.999364  -0.011521  -0.033736  0.012345  0.999628  0.024327  0.033443  -0.024728  0.999135  0.000913  -0.001362  -0.001177  0.000000  0.000000  0.000000  2.000000  1.000000  0.000000  0.000000  0.000000  1.000000  0.000000  0.000000  0.000000  1.000000  1.000000  -0.000186  -0.000808  0.000186  1.000000  0.000478  0.000808  -0.000478  1.000000  1.000000  0.000000  0.000000  0.000000  1.000000  0.000000  0.000000  0.000000  1.000000  1.000000  0.000000  0.000000  0.000000  1.000000  0.000000  0.000000  0.000000  1.000000  0.000000  0.000000  
29.037383 0.005919  0.092333  -0.003788  0.999353  -0.011720  -0.034009  0.012551  0.999626  0.024317  0.033711  -0.024728  0.999126  0.001076  -0.001519  -0.001430  0.000000  0.000000  0.000000  2.000000  1.000000  0.000000  0.000000  0.000000  1.000000  0.000000  0.000000  0.000000  1.000000  0.999999  -0.000388  -0.000946  0.000389  1.000000  0.000471  0.000946  -0.000472  0.999999  1.000000  0.000000  0.000000  0.000000  1.000000  0.000000  0.000000  0.000000  1.000000  1.000000  0.000000  0.000000  0.000000  1.000000  0.000000  0.000000  0.000000  1.000000  0.000000  0.000000  
29.038632 0.005921  0.092331  -0.003792  0.999348  -0.011713  -0.034144  0.012551  0.999623  0.024436  0.033845  -0.024849  0.999118  0.001245  -0.001656  -0.001728  0.000000  0.000000  0.000000  2.000000  1.000000  0.000000  0.000000  0.000000  1.000000  0.000000  0.000000  0.000000  1.000000  0.999999  -0.000381  -0.001214  0.000382  1.000000  0.000593  0.001214  -0.000593  0.999999  1.000000  0.000000  0.000000  0.000000  1.000000  0.000000  0.000000  0.000000  1.000000  1.000000  0.000000  0.000000  0.000000  1.000000  0.000000  0.000000  0.000000  1.000000  0.000000  0.000000  
29.039882 0.005924  0.092328  -0.003797  0.999344  -0.011709  -0.034277  0.012551  0.999623  0.024435  0.033978  -0.024849  0.999114  0.001405  -0.001850  -0.002070  0.000000  0.000000  0.000000  2.000000  1.000000  0.000000  0.000000  0.000000  1.000000  0.000000  0.000000  0.000000  1.000000  0.999999  -0.000378  -0.001348  0.000379  1.000000  0.000593  0.001348  -0.000593  0.999999  1.000000  0.000000  0.000000  0.000000  1.000000  0.000000  0.000000  0.000000  1.000000  1.000000  0.000000  0.000000  0.000000  1.000000  0.000000  0.000000  0.000000  1.000000  0.000000  0.000000  
29.040884 0.005926  0.092327  -0.003801  0.999332  -0.011908  -0.034550  0.012756  0.999620  0.024424  0.034246  -0.024849  0.999104  0.001527  -0.001928  -0.002308  0.000000  0.000000  0.000000  2.000000  1.000000  0.000000  0.000000  0.000000  1.000000  0.000000  0.000000  0.000000  1.000000  0.999999  -0.000580  -0.001487  0.000581  1.000000  0.000585  0.001486  -0.000586  0.999999  1.000000  0.000000  0.000000  0.000000  1.000000  0.000000  0.000000  0.000000  1.000000  1.000000  0.000000  0.000000  0.000000  1.000000  0.000000  0.000000  0.000000  1.000000  0.000000  0.000000  
29.041884 0.005927  0.092324  -0.003804  0.999327  -0.011905  -0.034683  0.012756  0.999620  0.024423  0.034379  -0.024849  0.999100  0.001613  -0.002053  -0.002529  0.000000  0.000000  0.000000  2.000000  1.000000  0.000000  0.000000  0.000000  1.000000  0.000000  0.000000  0.000000  1.000000  0.999999  -0.000577  -0.001620  0.000578  1.000000  0.000585  0.001620  -0.000586  0.999999  1.000000  0.000000  0.000000  0.000000  1.000000  0.000000  0.000000  0.000000  1.000000  1.000000  0.000000  0.000000  0.000000  1.000000  0.000000  0.000000  0.000000  1.000000  0.000000  0.000000  
29.042887 0.005930  0.092322  -0.003808  0.999323  -0.011902  -0.034817  0.012756  0.999620  0.024421  0.034513  -0.024849  0.999095  0.001743  -0.002100  -0.002693  0.000000  0.000000  0.000000  2.000000  1.000000  0.000000  0.000000  0.000000  1.000000  0.000000  0.000000  0.000000  1.000000  0.999998  -0.000574  -0.001754  0.000575  1.000000  0.000585  0.001754  -0.000586  0.999998  1.000000  0.000000  0.000000  0.000000  1.000000  0.000000  0.000000  0.000000  1.000000  1.000000  0.000000  0.000000  0.000000  1.000000  0.000000  0.000000  0.000000  1.000000  0.000000  0.000000  
29.043930 0.005932  0.092320  -0.003812  0.999323  -0.011897  -0.034819  0.012756  0.999617  0.024542  0.034513  -0.024970  0.999092  0.001888  -0.002111  -0.002810  0.000000  0.000000  0.000000  2.000000  1.000000  0.000000  0.000000  0.000000  1.000000  0.000000  0.000000  0.000000  1.000000  0.999998  -0.000570  -0.001888  0.000572  1.000000  0.000707  0.001888  -0.000708  0.999998  1.000000  0.000000  0.000000  0.000000  1.000000  0.000000  0.000000  0.000000  1.000000  1.000000  0.000000  0.000000  0.000000  1.000000  0.000000  0.000000  0.000000  1.000000  0.000000  0.000000  
29.045144 0.005935  0.092316  -0.003816  0.999314  -0.011887  -0.035087  0.012756  0.999615  0.024660  0.034781  -0.025091  0.999080  0.001977  -0.002184  -0.002965  0.000000  0.000000  0.000000  2.000000  1.000000  0.000000  0.000000  0.000000  1.000000  0.000000  0.000000  0.000000  1.000000  0.999998  -0.000567  -0.002022  0.000568  1.000000  0.000706  0.002021  -0.000708  0.999998  1.000000  0.000000  0.000000  0.000000  1.000000  0.000000  0.000000  0.000000  1.000000  1.000000  0.000000  0.000000  0.000000  1.000000  0.000000  0.000000  0.000000  1.000000  0.000000  0.000000  
29.046387 0.005938  0.092313  -0.003820  0.999309  -0.011879  -0.035222  0.012756  0.999612  0.024780  0.034914  -0.025212  0.999072  0.002049  -0.002169  -0.003048  0.000000  0.000000  0.000000  2.000000  1.000000  0.000000  0.000000  0.000000  1.000000  0.000000  0.000000  0.000000  1.000000  0.999997  -0.000560  -0.002289  0.000562  0.999999  0.000828  0.002289  -0.000829  0.999997  1.000000  0.000000  0.000000  0.000000  1.000000  0.000000  0.000000  0.000000  1.000000  1.000000  0.000000  0.000000  0.000000  1.000000  0.000000  0.000000  0.000000  1.000000  0.000000  0.000000  
29.047636 0.005940  0.092309  -0.003824  0.999300  -0.011868  -0.035491  0.012756  0.999609  0.024897  0.035182  -0.025333  0.999060  0.002038  -0.002262  -0.003183  0.000000  0.000000  0.000000  2.000000  1.000000  0.000000  0.000000  0.000000  1.000000  0.000000  0.000000  0.000000  1.000000  0.999997  -0.000556  -0.002423  0.000559  0.999999  0.000949  0.002423  -0.000950  0.999997  1.000000  0.000000  0.000000  0.000000  1.000000  0.000000  0.000000  0.000000  1.000000  1.000000  0.000000  0.000000  0.000000  1.000000  0.000000  0.000000  0.000000  1.000000  0.000000  0.000000  
29.048637 0.005941  0.092305  -0.003828  0.999295  -0.011864  -0.035625  0.012756  0.999609  0.024896  0.035316  -0.025333  0.999055  0.002017  -0.002322  -0.003328  0.000000  0.000000  0.000000  2.000000  1.000000  0.000000  0.000000  0.000000  1.000000  0.000000  0.000000  0.000000  1.000000  0.999997  -0.000556  -0.002423  0.000559  0.999999  0.001070  0.002423  -0.001071  0.999996  1.000000  0.000000  0.000000  0.000000  1.000000  0.000000  0.000000  0.000000  1.000000  1.000000  0.000000  0.000000  0.000000  1.000000  0.000000  0.000000  0.000000  1.000000  0.000000  0.000000  
29.049887 0.005943  0.092300  -0.003834  0.999290  -0.011857  -0.035760  0.012756  0.999606  0.025015  0.035449  -0.025454  0.999047  0.001954  -0.002480  -0.003534  0.000000  0.000000  0.000000  2.000000  1.000000  0.000000  0.000000  0.000000  1.000000  0.000000  0.000000  0.000000  1.000000  0.999997  -0.000552  -0.002557  0.000555  0.999999  0.001070  0.002556  -0.001071  0.999996  1.000000  0.000000  0.000000  0.000000  1.000000  0.000000  0.000000  0.000000  1.000000  1.000000  0.000000  0.000000  0.000000  1.000000  0.000000  0.000000  0.000000  1.000000  0.000000  0.000000  
29.051133 0.005945  0.092296  -0.003841  0.999285  -0.011849  -0.035895  0.012756  0.999603  0.025135  0.035583  -0.025575  0.999039  0.001941  -0.002597  -0.003753  0.000000  0.000000  0.000000  2.000000  1.000000  0.000000  0.000000  0.000000  1.000000  0.000000  0.000000  0.000000  1.000000  0.999997  -0.000552  -0.002557  0.000555  0.999999  0.001070  0.002557  -0.001071  0.999996  1.000000  0.000000  0.000000  0.000000  1.000000  0.000000  0.000000  0.000000  1.000000  1.000000  0.000000  0.000000  0.000000  1.000000  0.000000  0.000000  0.000000  1.000000  0.000000  0.000000  
29.052383 0.005948  0.092292  -0.003847  0.999285  -0.011845  -0.035896  0.012756  0.999600  0.025256  0.035583  -0.025696  0.999036  0.001934  -0.002667  -0.003928  0.000000  0.000000  0.000000  2.000000  1.000000  0.000000  0.000000  0.000000  1.000000  0.000000  0.000000  0.000000  1.000000  0.999997  -0.000349  -0.002418  0.000352  0.999999  0.001198  0.002418  -0.001199  0.999996  1.000000  0.000000  0.000000  0.000000  1.000000  0.000000  0.000000  0.000000  1.000000  1.000000  0.000000  0.000000  0.000000  1.000000  0.000000  0.000000  0.000000  1.000000  0.000000  0.000000  
29.053634 0.005950  0.092289  -0.003854  0.999281  -0.011841  -0.036030  0.012756  0.999600  0.025254  0.035717  -0.025696  0.999032  0.001939  -0.002800  -0.004093  0.000000  0.000000  0.000000  2.000000  1.000000  0.000000  0.000000  0.000000  1.000000  0.000000  0.000000  0.000000  1.000000  0.999997  -0.000349  -0.002418  0.000352  0.999999  0.001077  0.002418  -0.001078  0.999996  1.000000  0.000000  0.000000  0.000000  1.000000  0.000000  0.000000  0.000000  1.000000  1.000000  0.000000  0.000000  0.000000  1.000000  0.000000  0.000000  0.000000  1.000000  0.000000  0.000000  
29.054882 0.005953  0.092286  -0.003860  0.999281  -0.011837  -0.036032  0.012756  0.999597  0.025376  0.035717  -0.025817  0.999028  0.001942  -0.002816  -0.004228  0.000000  0.000000  0.000000  2.000000  1.000000  0.000000  0.000000  0.000000  1.000000  0.000000  0.000000  0.000000  1.000000  0.999997  -0.000349  -0.002418  0.000352  0.999999  0.001077  0.002418  -0.001078  0.999996  1.000000  0.000000  0.000000  0.000000  1.000000  0.000000  0.000000  0.000000  1.000000  1.000000  0.000000  0.000000  0.000000  1.000000  0.000000  0.000000  0.000000  1.000000  0.000000  0.000000  
29.055884 0.005955  0.092284  -0.003864  0.999281  -0.011837  -0.036032  0.012756  0.999597  0.025376  0.035717  -0.025817  0.999028  0.001939  -0.002832  -0.004243  0.000000  0.000000  0.000000  2.000000  1.000000  0.000000  0.000000  0.000000  1.000000  0.000000  0.000000  0.000000  1.000000  0.999997  -0.000353  -0.002284  0.000355  0.999999  0.001077  0.002284  -0.001078  0.999997  1.000000  0.000000  0.000000  0.000000  1.000000  0.000000  0.000000  0.000000  1.000000  1.000000  0.000000  0.000000  0.000000  1.000000  0.000000  0.000000  0.000000  1.000000  0.000000  0.000000  
29.056885 0.005957  0.092283  -0.003868  0.999281  -0.011837  -0.036032  0.012756  0.999597  0.025376  0.035717  -0.025817  0.999028  0.001917  -0.002743  -0.004261  0.000000  0.000000  0.000000  2.000000  1.000000  0.000000  0.000000  0.000000  1.000000  0.000000  0.000000  0.000000  1.000000  0.999997  -0.000353  -0.002284  0.000355  0.999999  0.001077  0.002284  -0.001078  0.999997  1.000000  0.000000  0.000000  0.000000  1.000000  0.000000  0.000000  0.000000  1.000000  1.000000  0.000000  0.000000  0.000000  1.000000  0.000000  0.000000  0.000000  1.000000  0.000000  0.000000  
29.058131 0.005959  0.092282  -0.003873  0.999276  -0.011829  -0.036167  0.012755  0.999594  0.025495  0.035850  -0.025938  0.999021  0.001870  -0.002651  -0.004213  0.000000  0.000000  0.000000  2.000000  1.000000  0.000000  0.000000  0.000000  1.000000  0.000000  0.000000  0.000000  1.000000  0.999998  -0.000150  -0.002145  0.000153  0.999999  0.001206  0.002145  -0.001206  0.999997  1.000000  0.000000  0.000000  0.000000  1.000000  0.000000  0.000000  0.000000  1.000000  1.000000  0.000000  0.000000  0.000000  1.000000  0.000000  0.000000  0.000000  1.000000  0.000000  0.000000  
29.059139 0.005960  0.092280  -0.003876  0.999276  -0.011829  -0.036167  0.012755  0.999594  0.025495  0.035850  -0.025938  0.999021  0.001824  -0.002567  -0.004245  0.000000  0.000000  0.000000  2.000000  1.000000  0.000000  0.000000  0.000000  1.000000  0.000000  0.000000  0.000000  1.000000  0.999998  -0.000154  -0.002012  0.000156  0.999999  0.001084  0.002011  -0.001085  0.999997  1.000000  0.000000  0.000000  0.000000  1.000000  0.000000  0.000000  0.000000  1.000000  1.000000  0.000000  0.000000  0.000000  1.000000  0.000000  0.000000  0.000000  1.000000  0.000000  0.000000  
29.060387 0.005962  0.092279  -0.003880  0.999276  -0.011825  -0.036168  0.012755  0.999590  0.025616  0.035850  -0.026059  0.999017  0.001804  -0.002432  -0.004223  0.000000  0.000000  0.000000  2.000000  1.000000  0.000000  0.000000  0.000000  1.000000  0.000000  0.000000  0.000000  1.000000  0.999998  -0.000157  -0.001878  0.000159  0.999999  0.001206  0.001878  -0.001206  0.999998  1.000000  0.000000  0.000000  0.000000  1.000000  0.000000  0.000000  0.000000  1.000000  1.000000  0.000000  0.000000  0.000000  1.000000  0.000000  0.000000  0.000000  1.000000  0.000000  0.000000  
29.061636 0.005964  0.092277  -0.003884  0.999273  -0.012030  -0.036173  0.012961  0.999588  0.025609  0.035850  -0.026059  0.999017  0.001744  -0.002327  -0.004199  0.000000  0.000000  0.000000  2.000000  1.000000  0.000000  0.000000  0.000000  1.000000  0.000000  0.000000  0.000000  1.000000  0.999999  -0.000164  -0.001610  0.000166  0.999999  0.001206  0.001610  -0.001206  0.999998  1.000000  0.000000  0.000000  0.000000  1.000000  0.000000  0.000000  0.000000  1.000000  1.000000  0.000000  0.000000  0.000000  1.000000  0.000000  0.000000  0.000000  1.000000  0.000000  0.000000  
29.062887 0.005965  0.092275  -0.003888  0.999278  -0.012029  -0.036041  0.012961  0.999585  0.025732  0.035717  -0.026180  0.999019  0.001653  -0.002220  -0.004192  0.000000  0.000000  0.000000  2.000000  1.000000  0.000000  0.000000  0.000000  1.000000  0.000000  0.000000  0.000000  1.000000  0.999999  -0.000171  -0.001343  0.000172  0.999999  0.001327  0.001343  -0.001327  0.999998  1.000000  0.000000  0.000000  0.000000  1.000000  0.000000  0.000000  0.000000  1.000000  1.000000  0.000000  0.000000  0.000000  1.000000  0.000000  0.000000  0.000000  1.000000  0.000000  0.000000  
29.064137 0.005966  0.092272  -0.003892  0.999278  -0.012029  -0.036041  0.012961  0.999585  0.025732  0.035717  -0.026180  0.999019  0.001550  -0.002088  -0.004124  0.000000  0.000000  0.000000  2.000000  1.000000  0.000000  0.000000  0.000000  1.000000  0.000000  0.000000  0.000000  1.000000  0.999999  -0.000174  -0.001209  0.000176  0.999999  0.001206  0.001209  -0.001206  0.999999  1.000000  0.000000  0.000000  0.000000  1.000000  0.000000  0.000000  0.000000  1.000000  1.000000  0.000000  0.000000  0.000000  1.000000  0.000000  0.000000  0.000000  1.000000  0.000000  0.000000  
29.065388 0.005966  0.092269  -0.003897  0.999275  -0.012231  -0.036048  0.013167  0.999579  0.025846  0.035717  -0.026302  0.999016  0.001441  -0.001946  -0.004007  0.000000  0.000000  0.000000  2.000000  1.000000  0.000000  0.000000  0.000000  1.000000  0.000000  0.000000  0.000000  1.000000  0.999999  -0.000387  -0.000947  0.000388  0.999999  0.001198  0.000947  -0.001199  0.999999  1.000000  0.000000  0.000000  0.000000  1.000000  0.000000  0.000000  0.000000  1.000000  1.000000  0.000000  0.000000  0.000000  1.000000  0.000000  0.000000  0.000000  1.000000  0.000000  0.000000  
29.066635 0.005967  0.092268  -0.003900  0.999275  -0.012231  -0.036048  0.013167  0.999579  0.025846  0.035717  -0.026302  0.999016  0.001388  -0.001769  -0.003804  0.000000  0.000000  0.000000  2.000000  1.000000  0.000000  0.000000  0.000000  1.000000  0.000000  0.000000  0.000000  1.000000  1.000000  -0.000390  -0.000813  0.000391  0.999999  0.001077  0.000813  -0.001077  0.999999  1.000000  0.000000  0.000000  0.000000  1.000000  0.000000  0.000000  0.000000  1.000000  1.000000  0.000000  0.000000  0.000000  1.000000  0.000000  0.000000  0.000000  1.000000  0.000000  0.000000  
29.067884 0.005968  0.092266  -0.003904  0.999280  -0.012230  -0.035916  0.013167  0.999576  0.025969  0.035583  -0.026423  0.999017  0.001288  -0.001653  -0.003639  0.000000  0.000000  0.000000  2.000000  1.000000  0.000000  0.000000  0.000000  1.000000  0.000000  0.000000  0.000000  1.000000  1.000000  -0.000401  -0.000412  0.000401  0.999999  0.001077  0.000412  -0.001077  0.999999  1.000000  0.000000  0.000000  0.000000  1.000000  0.000000  0.000000  0.000000  1.000000  1.000000  0.000000  0.000000  0.000000  1.000000  0.000000  0.000000  0.000000  1.000000  0.000000  0.000000  
29.069136 0.005969  0.092265  -0.003908  0.999277  -0.012431  -0.035923  0.013373  0.999570  0.026083  0.035583  -0.026544  0.999014  0.001214  -0.001531  -0.003449  0.000000  0.000000  0.000000  2.000000  1.000000  0.000000  0.000000  0.000000  1.000000  0.000000  0.000000  0.000000  1.000000  1.000000  -0.000610  -0.000284  0.000610  0.999999  0.001191  0.000283  -0.001191  0.999999  1.000000  0.000000  0.000000  0.000000  1.000000  0.000000  0.000000  0.000000  1.000000  1.000000  0.000000  0.000000  0.000000  1.000000  0.000000  0.000000  0.000000  1.000000  0.000000  0.000000  
29.070383 0.005970  0.092263  -0.003912  0.999277  -0.012431  -0.035923  0.013373  0.999570  0.026083  0.035583  -0.026544  0.999014  0.001085  -0.001443  -0.003345  0.000000  0.000000  0.000000  2.000000  1.000000  0.000000  0.000000  0.000000  1.000000  0.000000  0.000000  0.000000  1.000000  1.000000  -0.000613  -0.000150  0.000614  0.999999  0.001070  0.000149  -0.001070  0.999999  1.000000  0.000000  0.000000  0.000000  1.000000  0.000000  0.000000  0.000000  1.000000  1.000000  0.000000  0.000000  0.000000  1.000000  0.000000  0.000000  0.000000  1.000000  0.000000  0.000000  
29.071632 0.005970  0.092263  -0.003917  0.999282  -0.012431  -0.035790  0.013373  0.999567  0.026206  0.035449  -0.026665  0.999016  0.000938  -0.001386  -0.003294  0.000000  0.000000  0.000000  2.000000  1.000000  0.000000  0.000000  0.000000  1.000000  0.000000  0.000000  0.000000  1.000000  1.000000  -0.000621  0.000117  0.000620  0.999999  0.001070  -0.000118  -0.001070  0.999999  1.000000  0.000000  0.000000  0.000000  1.000000  0.000000  0.000000  0.000000  1.000000  1.000000  0.000000  0.000000  0.000000  1.000000  0.000000  0.000000  0.000000  1.000000  0.000000  0.000000  
29.072633 0.005971  0.092262  -0.003921  0.999284  -0.012640  -0.035662  0.013579  0.999564  0.026200  0.035316  -0.026666  0.999020  0.000884  -0.001341  -0.003347  0.000000  0.000000  0.000000  2.000000  1.000000  0.000000  0.000000  0.000000  1.000000  0.000000  0.000000  0.000000  1.000000  1.000000  -0.000826  0.000112  0.000826  0.999999  0.000941  -0.000113  -0.000941  1.000000  1.000000  0.000000  0.000000  0.000000  1.000000  0.000000  0.000000  0.000000  1.000000  1.000000  0.000000  0.000000  0.000000  1.000000  0.000000  0.000000  0.000000  1.000000  0.000000  0.000000  
29.073884 0.005971  0.092261  -0.003926  0.999284  -0.012640  -0.035662  0.013579  0.999564  0.026200  0.035316  -0.026666  0.999020  0.000725  -0.001296  -0.003394  0.000000  0.000000  0.000000  2.000000  1.000000  0.000000  0.000000  0.000000  1.000000  0.000000  0.000000  0.000000  1.000000  1.000000  -0.000833  0.000379  0.000833  0.999999  0.000941  -0.000380  -0.000941  0.999999  1.000000  0.000000  0.000000  0.000000  1.000000  0.000000  0.000000  0.000000  1.000000  1.000000  0.000000  0.000000  0.000000  1.000000  0.000000  0.000000  0.000000  1.000000  0.000000  0.000000  
29.075132 0.005971  0.092260  -0.003931  0.999289  -0.012639  -0.035530  0.013579  0.999561  0.026323  0.035182  -0.026787  0.999022  0.000577  -0.001271  -0.003501  0.000000  0.000000  0.000000  2.000000  1.000000  0.000000  0.000000  0.000000  1.000000  0.000000  0.000000  0.000000  1.000000  1.000000  -0.000837  0.000513  0.000837  0.999999  0.000941  -0.000514  -0.000941  0.999999  1.000000  0.000000  0.000000  0.000000  1.000000  0.000000  0.000000  0.000000  1.000000  1.000000  0.000000  0.000000  0.000000  1.000000  0.000000  0.000000  0.000000  1.000000  0.000000  0.000000  
29.076136 0.005971  0.092259  -0.003936  0.999286  -0.012845  -0.035535  0.013784  0.999559  0.026316  0.035182  -0.026787  0.999022  0.000509  -0.001241  -0.003583  0.000000  0.000000  0.000000  2.000000  1.000000  0.000000  0.000000  0.000000  1.000000  0.000000  0.000000  0.000000  1.000000  0.999999  -0.001043  0.000507  0.001042  0.999999  0.000934  -0.000508  -0.000934  0.999999  1.000000  0.000000  0.000000  0.000000  1.000000  0.000000  0.000000  0.000000  1.000000  1.000000  0.000000  0.000000  0.000000  1.000000  0.000000  0.000000  0.000000  1.000000  0.000000  0.000000  
29.077387 0.005970  0.092258  -0.003941  0.999291  -0.012849  -0.035402  0.013784  0.999559  0.026318  0.035048  -0.026787  0.999027  0.000381  -0.001168  -0.003610  0.000000  0.000000  0.000000  2.000000  1.000000  0.000000  0.000000  0.000000  1.000000  0.000000  0.000000  0.000000  1.000000  0.999999  -0.001046  0.000641  0.001046  0.999999  0.000813  -0.000642  -0.000812  0.999999  1.000000  0.000000  0.000000  0.000000  1.000000  0.000000  0.000000  0.000000  1.000000  1.000000  0.000000  0.000000  0.000000  1.000000  0.000000  0.000000  0.000000  1.000000  0.000000  0.000000  
29.078441 0.005970  0.092257  -0.003944  0.999291  -0.012844  -0.035403  0.013784  0.999555  0.026439  0.035048  -0.026908  0.999023  0.000313  -0.001074  -0.003598  0.000000  0.000000  0.000000  2.000000  1.000000  0.000000  0.000000  0.000000  1.000000  0.000000  0.000000  0.000000  1.000000  0.999999  -0.001050  0.000775  0.001049  0.999999  0.000934  -0.000776  -0.000933  0.999999  1.000000  0.000000  0.000000  0.000000  1.000000  0.000000  0.000000  0.000000  1.000000  1.000000  0.000000  0.000000  0.000000  1.000000  0.000000  0.000000  0.000000  1.000000  0.000000  0.000000  
29.079631 0.005969  0.092256  -0.003948  0.999288  -0.013050  -0.035409  0.013990  0.999553  0.026432  0.035048  -0.026908  0.999023  0.000225  -0.000963  -0.003592  0.000000  0.000000  0.000000  2.000000  1.000000  0.000000  0.000000  0.000000  1.000000  0.000000  0.000000  0.000000  1.000000  0.999999  -0.001256  0.000769  0.001255  0.999999  0.000927  -0.000770  -0.000926  0.999999  1.000000  0.000000  0.000000  0.000000  1.000000  0.000000  0.000000  0.000000  1.000000  1.000000  0.000000  0.000000  0.000000  1.000000  0.000000  0.000000  0.000000  1.000000  0.000000  0.000000  
29.080633 0.005969  0.092255  -0.003951  0.999288  -0.013050  -0.035409  0.013990  0.999553  0.026432  0.035048  -0.026908  0.999023  0.000144  -0.000911  -0.003578  0.000000  0.000000  0.000000  2.000000  1.000000  0.000000  0.000000  0.000000  1.000000  0.000000  0.000000  0.000000  1.000000  0.999999  -0.001256  0.000769  0.001255  0.999999  0.000806  -0.000770  -0.000805  0.999999  1.000000  0.000000  0.000000  0.000000  1.000000  0.000000  0.000000  0.000000  1.000000  1.000000  0.000000  0.000000  0.000000  1.000000  0.000000  0.000000  0.000000  1.000000  0.000000  0.000000  
29.081634 0.005968  0.092254  -0.003953  0.999288  -0.013046  -0.035410  0.013990  0.999550  0.026553  0.035048  -0.027029  0.999020  0.000065  -0.000903  -0.003507  0.000000  0.000000  0.000000  2.000000  1.000000  0.000000  0.000000  0.000000  1.000000  0.000000  0.000000  0.000000  1.000000  0.999999  -0.001050  0.000775  0.001049  0.999999  0.000934  -0.000776  -0.000933  0.999999  1.000000  0.000000  0.000000  0.000000  1.000000  0.000000  0.000000  0.000000  1.000000  1.000000  0.000000  0.000000  0.000000  1.000000  0.000000  0.000000  0.000000  1.000000  0.000000  0.000000  
29.082887 0.005968  0.092253  -0.003956  0.999285  -0.013252  -0.035416  0.014196  0.999547  0.026546  0.035048  -0.027029  0.999020  -0.000044  -0.000857  -0.003485  0.000000  0.000000  0.000000  2.000000  1.000000  0.000000  0.000000  0.000000  1.000000  0.000000  0.000000  0.000000  1.000000  0.999999  -0.001252  0.000635  0.001252  0.999999  0.000806  -0.000636  -0.000805  0.999999  1.000000  0.000000  0.000000  0.000000  1.000000  0.000000  0.000000  0.000000  1.000000  1.000000  0.000000  0.000000  0.000000  1.000000  0.000000  0.000000  0.000000  1.000000  0.000000  0.000000  
29.084135 0.005967  0.092252  -0.003961  0.999285  -0.013247  -0.035417  0.014196  0.999544  0.026667  0.035048  -0.027150  0.999017  -0.000150  -0.000876  -0.003508  0.000000  0.000000  0.000000  2.000000  1.000000  0.000000  0.000000  0.000000  1.000000  0.000000  0.000000  0.000000  1.000000  0.999999  -0.001252  0.000635  0.001252  0.999999  0.000927  -0.000636  -0.000926  0.999999  1.000000  0.000000  0.000000  0.000000  1.000000  0.000000  0.000000  0.000000  1.000000  1.000000  0.000000  0.000000  0.000000  1.000000  0.000000  0.000000  0.000000  1.000000  0.000000  0.000000  
29.085383 0.005966  0.092250  -0.003964  0.999285  -0.013247  -0.035417  0.014196  0.999544  0.026667  0.035048  -0.027150  0.999017  -0.000238  -0.000923  -0.003482  0.000000  0.000000  0.000000  2.000000  1.000000  0.000000  0.000000  0.000000  1.000000  0.000000  0.000000  0.000000  1.000000  0.999999  -0.001046  0.000641  0.001046  0.999999  0.000813  -0.000642  -0.000812  0.999999  1.000000  0.000000  0.000000  0.000000  1.000000  0.000000  0.000000  0.000000  1.000000  1.000000  0.000000  0.000000  0.000000  1.000000  0.000000  0.000000  0.000000  1.000000  0.000000  0.000000  
29.086632 0.005965  0.092248  -0.003969  0.999282  -0.013453  -0.035423  0.014402  0.999541  0.026659  0.035048  -0.027150  0.999017  -0.000312  -0.000974  -0.003490  0.000000  0.000000  0.000000  2.000000  1.000000  0.000000  0.000000  0.000000  1.000000  0.000000  0.000000  0.000000  1.000000  0.999999  -0.001252  0.000635  0.001252  0.999999  0.000806  -0.000636  -0.000805  0.999999  1.000000  0.000000  0.000000  0.000000  1.000000  0.000000  0.000000  0.000000  1.000000  1.000000  0.000000  0.000000  0.000000  1.000000  0.000000  0.000000  0.000000  1.000000  0.000000  0.000000  
29.087632 0.005965  0.092246  -0.003973  0.999282  -0.013449  -0.035425  0.014402  0.999538  0.026781  0.035048  -0.027272  0.999013  -0.000430  -0.001048  -0.003485  0.000000  0.000000  0.000000  2.000000  1.000000  0.000000  0.000000  0.000000  1.000000  0.000000  0.000000  0.000000  1.000000  0.999999  -0.001252  0.000635  0.001252  0.999999  0.000684  -0.000636  -0.000684  1.000000  1.000000  0.000000  0.000000  0.000000  1.000000  0.000000  0.000000  0.000000  1.000000  1.000000  0.000000  0.000000  0.000000  1.000000  0.000000  0.000000  0.000000  1.000000  0.000000  0.000000  
29.088632 0.005964  0.092245  -0.003977  0.999282  -0.013449  -0.035425  0.014402  0.999538  0.026781  0.035048  -0.027272  0.999013  -0.000462  -0.001102  -0.003420  0.000000  0.000000  0.000000  2.000000  1.000000  0.000000  0.000000  0.000000  1.000000  0.000000  0.000000  0.000000  1.000000  0.999999  -0.001043  0.000507  0.001043  0.999999  0.000813  -0.000508  -0.000812  1.000000  1.000000  0.000000  0.000000  0.000000  1.000000  0.000000  0.000000  0.000000  1.000000  1.000000  0.000000  0.000000  0.000000  1.000000  0.000000  0.000000  0.000000  1.000000  0.000000  0.000000  
29.089884 0.005963  0.092243  -0.003981  0.999282  -0.013449  -0.035425  0.014402  0.999538  0.026781  0.035048  -0.027272  0.999013  -0.000512  -0.001146  -0.003361  0.000000  0.000000  0.000000  2.000000  1.000000  0.000000  0.000000  0.000000  1.000000  0.000000  0.000000  0.000000  1.000000  0.999999  -0.001043  0.000507  0.001043  0.999999  0.000692  -0.000508  -0.000691  1.000000  1.000000  0.000000  0.000000  0.000000  1.000000  0.000000  0.000000  0.000000  1.000000  1.000000  0.000000  0.000000  0.000000  1.000000  0.000000  0.000000  0.000000  1.000000  0.000000  0.000000  
29.091133 0.005963  0.092241  -0.003986  0.999282  -0.013449  -0.035425  0.014402  0.999538  0.026781  0.035048  -0.027272  0.999013  -0.000548  -0.001230  -0.003326  0.000000  0.000000  0.000000  2.000000  1.000000  0.000000  0.000000  0.000000  1.000000  0.000000  0.000000  0.000000  1.000000  0.999999  -0.001043  0.000507  0.001043  0.999999  0.000692  -0.000508  -0.000691  1.000000  1.000000  0.000000  0.000000  0.000000  1.000000  0.000000  0.000000  0.000000  1.000000  1.000000  0.000000  0.000000  0.000000  1.000000  0.000000  0.000000  0.000000  1.000000  0.000000  0.000000  
29.092383 0.005961  0.092238  -0.003991  0.999279  -0.013655  -0.035430  0.014607  0.999535  0.026773  0.035048  -0.027272  0.999013  -0.000563  -0.001305  -0.003325  0.000000  0.000000  0.000000  2.000000  1.000000  0.000000  0.000000  0.000000  1.000000  0.000000  0.000000  0.000000  1.000000  0.999999  -0.001039  0.000373  0.001039  0.999999  0.000570  -0.000374  -0.000570  1.000000  1.000000  0.000000  0.000000  0.000000  1.000000  0.000000  0.000000  0.000000  1.000000  1.000000  0.000000  0.000000  0.000000  1.000000  0.000000  0.000000  0.000000  1.000000  0.000000  0.000000  
29.093384 0.005961  0.092236  -0.003995  0.999284  -0.013654  -0.035298  0.014607  0.999531  0.026897  0.034914  -0.027393  0.999015  -0.000596  -0.001417  -0.003391  0.000000  0.000000  0.000000  2.000000  1.000000  0.000000  0.000000  0.000000  1.000000  0.000000  0.000000  0.000000  1.000000  0.999999  -0.001039  0.000373  0.001039  0.999999  0.000692  -0.000374  -0.000691  1.000000  1.000000  0.000000  0.000000  0.000000  1.000000  0.000000  0.000000  0.000000  1.000000  1.000000  0.000000  0.000000  0.000000  1.000000  0.000000  0.000000  0.000000  1.000000  0.000000  0.000000  
29.094386 0.005960  0.092234  -0.003998  0.999284  -0.013654  -0.035298  0.014607  0.999531  0.026897  0.034914  -0.027393  0.999015  -0.000595  -0.001491  -0.003412  0.000000  0.000000  0.000000  2.000000  1.000000  0.000000  0.000000  0.000000  1.000000  0.000000  0.000000  0.000000  1.000000  0.999999  -0.001039  0.000373  0.001039  0.999999  0.000692  -0.000374  -0.000691  1.000000  1.000000  0.000000  0.000000  0.000000  1.000000  0.000000  0.000000  0.000000  1.000000  1.000000  0.000000  0.000000  0.000000  1.000000  0.000000  0.000000  0.000000  1.000000  0.000000  0.000000  
29.095635 0.005959  0.092230  -0.004004  0.999279  -0.013650  -0.035432  0.014607  0.999532  0.026895  0.035048  -0.027393  0.999010  -0.000647  -0.001682  -0.003572  0.000000  0.000000  0.000000  2.000000  1.000000  0.000000  0.000000  0.000000  1.000000  0.000000  0.000000  0.000000  1.000000  0.999999  -0.001032  0.000106  0.001032  0.999999  0.000570  -0.000106  -0.000570  1.000000  1.000000  0.000000  0.000000  0.000000  1.000000  0.000000  0.000000  0.000000  1.000000  1.000000  0.000000  0.000000  0.000000  1.000000  0.000000  0.000000  0.000000  1.000000  0.000000  0.000000  
29.096636 0.005958  0.092228  -0.004008  0.999279  -0.013646  -0.035433  0.014607  0.999528  0.027016  0.035048  -0.027514  0.999007  -0.000673  -0.001768  -0.003667  0.000000  0.000000  0.000000  2.000000  1.000000  0.000000  0.000000  0.000000  1.000000  0.000000  0.000000  0.000000  1.000000  1.000000  -0.000826  0.000111  0.000826  0.999999  0.000699  -0.000112  -0.000699  1.000000  1.000000  0.000000  0.000000  0.000000  1.000000  0.000000  0.000000  0.000000  1.000000  1.000000  0.000000  0.000000  0.000000  1.000000  0.000000  0.000000  0.000000  1.000000  0.000000  0.000000  
29.097636 0.005957  0.092225  -0.004012  0.999279  -0.013646  -0.035433  0.014607  0.999528  0.027016  0.035048  -0.027514  0.999007  -0.000701  -0.001936  -0.003800  0.000000  0.000000  0.000000  2.000000  1.000000  0.000000  0.000000  0.000000  1.000000  0.000000  0.000000  0.000000  1.000000  1.000000  -0.000823  -0.000023  0.000823  0.999999  0.000699  0.000022  -0.000699  1.000000  1.000000  0.000000  0.000000  0.000000  1.000000  0.000000  0.000000  0.000000  1.000000  1.000000  0.000000  0.000000  0.000000  1.000000  0.000000  0.000000  0.000000  1.000000  0.000000  0.000000  
29.098887 0.005956  0.092221  -0.004018  0.999279  -0.013646  -0.035433  0.014607  0.999528  0.027016  0.035048  -0.027514  0.999007  -0.000755  -0.002096  -0.003864  0.000000  0.000000  0.000000  2.000000  1.000000  0.000000  0.000000  0.000000  1.000000  0.000000  0.000000  0.000000  1.000000  1.000000  -0.000823  -0.000023  0.000823  0.999999  0.000578  0.000022  -0.000578  1.000000  1.000000  0.000000  0.000000  0.000000  1.000000  0.000000  0.000000  0.000000  1.000000  1.000000  0.000000  0.000000  0.000000  1.000000  0.000000  0.000000  0.000000  1.000000  0.000000  0.000000  
29.100136 0.005954  0.092217  -0.004022  0.999274  -0.013638  -0.035569  0.014607  0.999525  0.027135  0.035182  -0.027635  0.998999  -0.000787  -0.002204  -0.003918  0.000000  0.000000  0.000000  2.000000  1.000000  0.000000  0.000000  0.000000  1.000000  0.000000  0.000000  0.000000  1.000000  1.000000  -0.000613  -0.000151  0.000613  1.000000  0.000706  0.000150  -0.000706  1.000000  1.000000  0.000000  0.000000  0.000000  1.000000  0.000000  0.000000  0.000000  1.000000  1.000000  0.000000  0.000000  0.000000  1.000000  0.000000  0.000000  0.000000  1.000000  0.000000  0.000000  
29.101424 0.005953  0.092214  -0.004026  0.999271  -0.013844  -0.035574  0.014813  0.999522  0.027128  0.035182  -0.027635  0.998999  -0.000819  -0.002290  -0.003828  0.000000  0.000000  0.000000  2.000000  1.000000  0.000000  0.000000  0.000000  1.000000  0.000000  0.000000  0.000000  1.000000  1.000000  -0.000819  -0.000156  0.000819  0.999999  0.000578  0.000156  -0.000578  1.000000  1.000000  0.000000  0.000000  0.000000  1.000000  0.000000  0.000000  0.000000  1.000000  1.000000  0.000000  0.000000  0.000000  1.000000  0.000000  0.000000  0.000000  1.000000  0.000000  0.000000  
29.102635 0.005952  0.092211  -0.004030  0.999271  -0.013844  -0.035574  0.014813  0.999522  0.027128  0.035182  -0.027635  0.998999  -0.000849  -0.002369  -0.003804  0.000000  0.000000  0.000000  2.000000  1.000000  0.000000  0.000000  0.000000  1.000000  0.000000  0.000000  0.000000  1.000000  1.000000  -0.000613  -0.000151  0.000613  1.000000  0.000585  0.000150  -0.000585  1.000000  1.000000  0.000000  0.000000  0.000000  1.000000  0.000000  0.000000  0.000000  1.000000  1.000000  0.000000  0.000000  0.000000  1.000000  0.000000  0.000000  0.000000  1.000000  0.000000  0.000000  
