1-Time 2-Px 3-Py 4-Pz 5-R11 6-R21 7-R31 8-R12 9-R22 10-R32 11-R13 12-R23 13-R33 14-Vx 15-Vy 16-Vz 17-Wx 18-Wy 19-Wz 20-state 21-PR11 22-PR21 23-PR31 24-PR12 25-PR22 26-PR32 27-PR13 28-PR23 29-PR33 
207.419064 0.003220  0.090887  -0.003541  0.999544  0.017867  -0.024335  -0.017287  0.999566  0.023833  0.024750  -0.023401  0.999420  -0.000473  -0.000455  -0.000345  0.000000  0.000000  0.000000  2.000000  1.000000  0.000000  0.000000  0.000000  1.000000  0.000000  0.000000  0.000000  1.000000  1.000000  0.000009  -0.000401  -0.000009  1.000000  0.000000  0.000401  0.000000  1.000000  1.000000  0.000000  0.000000  0.000000  1.000000  0.000000  0.000000  0.000000  1.000000  0.795198  0.461520  -0.393267  -0.361886  0.881639  0.302905  0.486516  -0.098551  0.868095  0.000000  0.000000  
207.420070 0.003219  0.090886  -0.003542  0.999541  0.017870  -0.024469  -0.017287  0.999566  0.023835  0.024884  -0.023401  0.999416  -0.000490  -0.000485  -0.000399  0.000000  0.000000  0.000000  2.000000  1.000000  0.000000  0.000000  0.000000  1.000000  0.000000  0.000000  0.000000  1.000000  1.000000  0.000009  -0.000401  -0.000009  1.000000  0.000000  0.000401  0.000000  1.000000  1.000000  0.000000  0.000000  0.000000  1.000000  0.000000  0.000000  0.000000  1.000000  1.000000  0.000000  0.000000  0.000000  1.000000  0.000000  0.000000  0.000000  1.000000  0.000000  0.000000  
207.421070 0.003218  0.090884  -0.003543  0.999541  0.017870  -0.024469  -0.017287  0.999566  0.023835  0.024884  -0.023401  0.999416  -0.000534  -0.000645  -0.000494  0.000000  0.000000  0.000000  2.000000  1.000000  0.000000  0.000000  0.000000  1.000000  0.000000  0.000000  0.000000  1.000000  1.000000  0.000013  -0.000535  -0.000013  1.000000  0.000000  0.000535  0.000000  1.000000  1.000000  0.000000  0.000000  0.000000  1.000000  0.000000  0.000000  0.000000  1.000000  1.000000  0.000000  0.000000  0.000000  1.000000  0.000000  0.000000  0.000000  1.000000  0.000000  0.000000  
207.422071 0.003217  0.090881  -0.003546  0.999534  0.018082  -0.024595  -0.017493  0.999560  0.023963  0.025018  -0.023522  0.999410  -0.000602  -0.000811  -0.000654  0.000000  0.000000  0.000000  2.000000  1.000000  0.000000  0.000000  0.000000  1.000000  0.000000  0.000000  0.000000  1.000000  1.000000  0.000221  -0.000664  -0.000221  1.000000  0.000005  0.000664  -0.000005  1.000000  1.000000  0.000000  0.000000  0.000000  1.000000  0.000000  0.000000  0.000000  1.000000  1.000000  0.000000  0.000000  0.000000  1.000000  0.000000  0.000000  0.000000  1.000000  0.000000  0.000000  
207.423320 0.003216  0.090877  -0.003549  0.999531  0.018085  -0.024729  -0.017493  0.999560  0.023966  0.025151  -0.023522  0.999407  -0.000620  -0.001056  -0.000848  0.000000  0.000000  0.000000  2.000000  1.000000  0.000000  0.000000  0.000000  1.000000  0.000000  0.000000  0.000000  1.000000  1.000000  0.000221  -0.000664  -0.000221  1.000000  0.000126  0.000664  -0.000126  1.000000  1.000000  0.000000  0.000000  0.000000  1.000000  0.000000  0.000000  0.000000  1.000000  1.000000  0.000000  0.000000  0.000000  1.000000  0.000000  0.000000  0.000000  1.000000  0.000000  0.000000  
207.424333 0.003215  0.090873  -0.003552  0.999527  0.018091  -0.024860  -0.017493  0.999557  0.024089  0.025285  -0.023643  0.999401  -0.000665  -0.001292  -0.000974  0.000000  0.000000  0.000000  2.000000  1.000000  0.000000  0.000000  0.000000  1.000000  0.000000  0.000000  0.000000  1.000000  1.000000  0.000225  -0.000798  -0.000225  1.000000  0.000248  0.000798  -0.000248  1.000000  1.000000  0.000000  0.000000  0.000000  1.000000  0.000000  0.000000  0.000000  1.000000  1.000000  0.000000  0.000000  0.000000  1.000000  0.000000  0.000000  0.000000  1.000000  0.000000  0.000000  
207.425581 0.003214  0.090868  -0.003555  0.999520  0.018303  -0.024987  -0.017698  0.999550  0.024218  0.025419  -0.023764  0.999394  -0.000676  -0.001560  -0.001158  0.000000  0.000000  0.000000  2.000000  1.000000  0.000000  0.000000  0.000000  1.000000  0.000000  0.000000  0.000000  1.000000  1.000000  0.000228  -0.000931  -0.000228  1.000000  0.000369  0.000932  -0.000369  0.999999  1.000000  0.000000  0.000000  0.000000  1.000000  0.000000  0.000000  0.000000  1.000000  1.000000  0.000000  0.000000  0.000000  1.000000  0.000000  0.000000  0.000000  1.000000  0.000000  0.000000  
207.426830 0.003213  0.090863  -0.003557  0.999517  0.018309  -0.025118  -0.017698  0.999547  0.024342  0.025553  -0.023885  0.999388  -0.000731  -0.001852  -0.001328  0.000000  0.000000  0.000000  2.000000  1.000000  0.000000  0.000000  0.000000  1.000000  0.000000  0.000000  0.000000  1.000000  0.999999  0.000437  -0.001060  -0.000437  1.000000  0.000496  0.001060  -0.000495  0.999999  1.000000  0.000000  0.000000  0.000000  1.000000  0.000000  0.000000  0.000000  1.000000  1.000000  0.000000  0.000000  0.000000  1.000000  0.000000  0.000000  0.000000  1.000000  0.000000  0.000000  
207.428077 0.003212  0.090858  -0.003561  0.999510  0.018518  -0.025247  -0.017904  0.999543  0.024349  0.025687  -0.023885  0.999385  -0.000721  -0.002148  -0.001534  0.000000  0.000000  0.000000  2.000000  1.000000  0.000000  0.000000  0.000000  1.000000  0.000000  0.000000  0.000000  1.000000  0.999999  0.000646  -0.001189  -0.000645  1.000000  0.000501  0.001189  -0.000500  0.999999  1.000000  0.000000  0.000000  0.000000  1.000000  0.000000  0.000000  0.000000  1.000000  1.000000  0.000000  0.000000  0.000000  1.000000  0.000000  0.000000  0.000000  1.000000  0.000000  0.000000  
207.429323 0.003211  0.090853  -0.003564  0.999503  0.018730  -0.025374  -0.018110  0.999536  0.024478  0.025820  -0.024006  0.999378  -0.000763  -0.002444  -0.001738  0.000000  0.000000  0.000000  2.000000  1.000000  0.000000  0.000000  0.000000  1.000000  0.000000  0.000000  0.000000  1.000000  0.999999  0.000852  -0.001184  -0.000851  0.999999  0.000628  0.001185  -0.000627  0.999999  1.000000  0.000000  0.000000  0.000000  1.000000  0.000000  0.000000  0.000000  1.000000  1.000000  0.000000  0.000000  0.000000  1.000000  0.000000  0.000000  0.000000  1.000000  0.000000  0.000000  
207.430393 0.003210  0.090850  -0.003568  0.999496  0.018737  -0.025641  -0.018109  0.999536  0.024483  0.026088  -0.024006  0.999371  -0.000755  -0.002627  -0.001914  0.000000  0.000000  0.000000  2.000000  1.000000  0.000000  0.000000  0.000000  1.000000  0.000000  0.000000  0.000000  1.000000  0.999999  0.000855  -0.001318  -0.000854  0.999999  0.000628  0.001318  -0.000627  0.999999  1.000000  0.000000  0.000000  0.000000  1.000000  0.000000  0.000000  0.000000  1.000000  1.000000  0.000000  0.000000  0.000000  1.000000  0.000000  0.000000  0.000000  1.000000  0.000000  0.000000  
207.431579 0.003208  0.090844  -0.003573  0.999488  0.018946  -0.025770  -0.018315  0.999532  0.024491  0.026222  -0.024006  0.999368  -0.000842  -0.002971  -0.002244  0.000000  0.000000  0.000000  2.000000  1.000000  0.000000  0.000000  0.000000  1.000000  0.000000  0.000000  0.000000  1.000000  0.999998  0.001067  -0.001580  -0.001066  0.999999  0.000633  0.001581  -0.000632  0.999999  1.000000  0.000000  0.000000  0.000000  1.000000  0.000000  0.000000  0.000000  1.000000  1.000000  0.000000  0.000000  0.000000  1.000000  0.000000  0.000000  0.000000  1.000000  0.000000  0.000000  
207.432822 0.003208  0.090840  -0.003577  0.999478  0.019158  -0.026032  -0.018521  0.999528  0.024501  0.026489  -0.024006  0.999361  -0.000841  -0.003201  -0.002516  0.000000  0.000000  0.000000  2.000000  1.000000  0.000000  0.000000  0.000000  1.000000  0.000000  0.000000  0.000000  1.000000  0.999998  0.001074  -0.001848  -0.001073  0.999999  0.000634  0.001849  -0.000632  0.999998  1.000000  0.000000  0.000000  0.000000  1.000000  0.000000  0.000000  0.000000  1.000000  1.000000  0.000000  0.000000  0.000000  1.000000  0.000000  0.000000  0.000000  1.000000  0.000000  0.000000  
207.434072 0.003206  0.090835  -0.003583  0.999470  0.019164  -0.026299  -0.018521  0.999528  0.024506  0.026757  -0.024006  0.999354  -0.000912  -0.003540  -0.002872  0.000000  0.000000  0.000000  2.000000  1.000000  0.000000  0.000000  0.000000  1.000000  0.000000  0.000000  0.000000  1.000000  0.999997  0.001286  -0.002110  -0.001285  0.999999  0.000640  0.002111  -0.000637  0.999998  1.000000  0.000000  0.000000  0.000000  1.000000  0.000000  0.000000  0.000000  1.000000  1.000000  0.000000  0.000000  0.000000  1.000000  0.000000  0.000000  0.000000  1.000000  0.000000  0.000000  
207.435322 0.003204  0.090829  -0.003589  0.999459  0.019377  -0.026562  -0.018726  0.999524  0.024516  0.027024  -0.024006  0.999346  -0.000966  -0.003848  -0.003174  0.000000  0.000000  0.000000  2.000000  1.000000  0.000000  0.000000  0.000000  1.000000  0.000000  0.000000  0.000000  1.000000  0.999996  0.001498  -0.002373  -0.001497  0.999999  0.000645  0.002374  -0.000642  0.999997  1.000000  0.000000  0.000000  0.000000  1.000000  0.000000  0.000000  0.000000  1.000000  1.000000  0.000000  0.000000  0.000000  1.000000  0.000000  0.000000  0.000000  1.000000  0.000000  0.000000  
207.436570 0.003202  0.090822  -0.003595  0.999448  0.019589  -0.026824  -0.018932  0.999520  0.024527  0.027292  -0.024006  0.999339  -0.000992  -0.004030  -0.003375  0.000000  0.000000  0.000000  2.000000  1.000000  0.000000  0.000000  0.000000  1.000000  0.000000  0.000000  0.000000  1.000000  0.999996  0.001704  -0.002368  -0.001702  0.999998  0.000651  0.002369  -0.000647  0.999997  1.000000  0.000000  0.000000  0.000000  1.000000  0.000000  0.000000  0.000000  1.000000  1.000000  0.000000  0.000000  0.000000  1.000000  0.000000  0.000000  0.000000  1.000000  0.000000  0.000000  
207.437570 0.003200  0.090816  -0.003599  0.999445  0.019595  -0.026955  -0.018932  0.999517  0.024651  0.027425  -0.024127  0.999333  -0.001043  -0.004204  -0.003485  0.000000  0.000000  0.000000  2.000000  1.000000  0.000000  0.000000  0.000000  1.000000  0.000000  0.000000  0.000000  1.000000  0.999995  0.001710  -0.002636  -0.001709  0.999998  0.000652  0.002637  -0.000647  0.999996  1.000000  0.000000  0.000000  0.000000  1.000000  0.000000  0.000000  0.000000  1.000000  1.000000  0.000000  0.000000  0.000000  1.000000  0.000000  0.000000  0.000000  1.000000  0.000000  0.000000  
207.438820 0.003198  0.090808  -0.003605  0.999433  0.019808  -0.027218  -0.019137  0.999513  0.024661  0.027693  -0.024127  0.999325  -0.001169  -0.004424  -0.003623  0.000000  0.000000  0.000000  2.000000  1.000000  0.000000  0.000000  0.000000  1.000000  0.000000  0.000000  0.000000  1.000000  0.999994  0.001923  -0.002898  -0.001921  0.999998  0.000779  0.002899  -0.000774  0.999995  1.000000  0.000000  0.000000  0.000000  1.000000  0.000000  0.000000  0.000000  1.000000  1.000000  0.000000  0.000000  0.000000  1.000000  0.000000  0.000000  0.000000  1.000000  0.000000  0.000000  
207.439823 0.003196  0.090802  -0.003609  0.999422  0.020023  -0.027477  -0.019343  0.999505  0.024793  0.027960  -0.024248  0.999315  -0.001211  -0.004580  -0.003717  0.000000  0.000000  0.000000  2.000000  1.000000  0.000000  0.000000  0.000000  1.000000  0.000000  0.000000  0.000000  1.000000  0.999993  0.001930  -0.003165  -0.001927  0.999998  0.000901  0.003167  -0.000895  0.999995  1.000000  0.000000  0.000000  0.000000  1.000000  0.000000  0.000000  0.000000  1.000000  1.000000  0.000000  0.000000  0.000000  1.000000  0.000000  0.000000  0.000000  1.000000  0.000000  0.000000  
207.440836 0.003194  0.090795  -0.003613  0.999414  0.020030  -0.027745  -0.019343  0.999505  0.024799  0.028228  -0.024247  0.999307  -0.001288  -0.004809  -0.003838  0.000000  0.000000  0.000000  2.000000  1.000000  0.000000  0.000000  0.000000  1.000000  0.000000  0.000000  0.000000  1.000000  0.999992  0.002139  -0.003294  -0.002136  0.999997  0.000907  0.003296  -0.000900  0.999994  1.000000  0.000000  0.000000  0.000000  1.000000  0.000000  0.000000  0.000000  1.000000  1.000000  0.000000  0.000000  0.000000  1.000000  0.000000  0.000000  0.000000  1.000000  0.000000  0.000000  
207.442077 0.003191  0.090785  -0.003619  0.999403  0.020245  -0.028005  -0.019549  0.999498  0.024931  0.028495  -0.024368  0.999297  -0.001438  -0.005139  -0.004126  0.000000  0.000000  0.000000  2.000000  1.000000  0.000000  0.000000  0.000000  1.000000  0.000000  0.000000  0.000000  1.000000  0.999991  0.002348  -0.003422  -0.002344  0.999997  0.001035  0.003425  -0.001027  0.999994  1.000000  0.000000  0.000000  0.000000  1.000000  0.000000  0.000000  0.000000  1.000000  1.000000  0.000000  0.000000  0.000000  1.000000  0.000000  0.000000  0.000000  1.000000  0.000000  0.000000  
207.443329 0.003189  0.090776  -0.003626  0.999395  0.020255  -0.028269  -0.019548  0.999495  0.025057  0.028763  -0.024489  0.999286  -0.001539  -0.005408  -0.004336  0.000000  0.000000  0.000000  2.000000  1.000000  0.000000  0.000000  0.000000  1.000000  0.000000  0.000000  0.000000  1.000000  0.999991  0.002149  -0.003695  -0.002145  0.999997  0.001030  0.003697  -0.001022  0.999993  1.000000  0.000000  0.000000  0.000000  1.000000  0.000000  0.000000  0.000000  1.000000  1.000000  0.000000  0.000000  0.000000  1.000000  0.000000  0.000000  0.000000  1.000000  0.000000  0.000000  
207.444577 0.003187  0.090767  -0.003634  0.999383  0.020471  -0.028529  -0.019754  0.999488  0.025190  0.029030  -0.024610  0.999276  -0.001612  -0.005731  -0.004561  0.000000  0.000000  0.000000  2.000000  1.000000  0.000000  0.000000  0.000000  1.000000  0.000000  0.000000  0.000000  1.000000  0.999990  0.002359  -0.003823  -0.002354  0.999997  0.001158  0.003826  -0.001149  0.999992  1.000000  0.000000  0.000000  0.000000  1.000000  0.000000  0.000000  0.000000  1.000000  1.000000  0.000000  0.000000  0.000000  1.000000  0.000000  0.000000  0.000000  1.000000  0.000000  0.000000  
207.445849 0.003185  0.090757  -0.003642  0.999372  0.020484  -0.028928  -0.019754  0.999484  0.025319  0.029431  -0.024731  0.999261  -0.001686  -0.006109  -0.004860  0.000000  0.000000  0.000000  2.000000  1.000000  0.000000  0.000000  0.000000  1.000000  0.000000  0.000000  0.000000  1.000000  0.999989  0.002362  -0.003957  -0.002358  0.999997  0.001037  0.003959  -0.001028  0.999992  1.000000  0.000000  0.000000  0.000000  1.000000  0.000000  0.000000  0.000000  1.000000  1.000000  0.000000  0.000000  0.000000  1.000000  0.000000  0.000000  0.000000  1.000000  0.000000  0.000000  
207.447073 0.003182  0.090748  -0.003650  0.999360  0.020697  -0.029190  -0.019959  0.999480  0.025330  0.029699  -0.024731  0.999253  -0.001751  -0.006335  -0.005065  0.000000  0.000000  0.000000  2.000000  1.000000  0.000000  0.000000  0.000000  1.000000  0.000000  0.000000  0.000000  1.000000  0.999989  0.002366  -0.004090  -0.002362  0.999997  0.001037  0.004093  -0.001028  0.999991  1.000000  0.000000  0.000000  0.000000  1.000000  0.000000  0.000000  0.000000  1.000000  1.000000  0.000000  0.000000  0.000000  1.000000  0.000000  0.000000  0.000000  1.000000  0.000000  0.000000  
207.448076 0.003180  0.090740  -0.003656  0.999356  0.020700  -0.029324  -0.019959  0.999480  0.025333  0.029833  -0.024731  0.999249  -0.001842  -0.006614  -0.005167  0.047292  0.168644  0.093991  2.000000  1.000000  0.000000  0.000000  0.000000  1.000000  0.000000  0.000000  0.000000  1.000000  0.999988  0.002369  -0.004224  -0.002365  0.999997  0.000917  0.004226  -0.000907  0.999991  1.000000  0.000000  0.000000  0.000000  1.000000  0.000000  0.000000  0.000000  1.000000  1.000000  0.000000  0.000000  0.000000  1.000000  0.000000  0.000000  0.000000  1.000000  0.000050  0.000000  
207.449324 0.003178  0.090732  -0.003663  0.999348  0.020710  -0.029588  -0.019959  0.999477  0.025459  0.030100  -0.024852  0.999238  -0.001834  -0.006775  -0.005265  0.051387  0.177651  0.094230  2.000000  1.000000  0.000000  0.000000  0.000000  1.000000  0.000000  0.000000  0.000000  1.000000  0.999989  0.002164  -0.004229  -0.002159  0.999997  0.001032  0.004231  -0.001023  0.999991  1.000000  0.000000  0.000000  0.000000  1.000000  0.000000  0.000000  0.000000  1.000000  1.000000  0.000000  0.000000  0.000000  1.000000  0.000000  0.000000  0.000000  1.000000  0.000051  0.000000  
207.450326 0.003176  0.090725  -0.003668  0.999339  0.020919  -0.029717  -0.020165  0.999472  0.025468  0.030234  -0.024852  0.999234  -0.001853  -0.006926  -0.005296  0.051596  0.177506  0.101157  2.000000  1.000000  0.000000  0.000000  0.000000  1.000000  0.000000  0.000000  0.000000  1.000000  0.999988  0.002167  -0.004363  -0.002163  0.999997  0.000911  0.004365  -0.000902  0.999990  1.000000  0.000000  0.000000  0.000000  1.000000  0.000000  0.000000  0.000000  1.000000  1.000000  0.000000  0.000000  0.000000  1.000000  0.000000  0.000000  0.000000  1.000000  0.000052  0.000000  
207.451572 0.003175  0.090717  -0.003673  0.999331  0.020926  -0.029984  -0.020165  0.999472  0.025473  0.030501  -0.024852  0.999226  -0.001838  -0.006976  -0.005276  0.051426  0.182180  0.094355  2.000000  1.000000  0.000000  0.000000  0.000000  1.000000  0.000000  0.000000  0.000000  1.000000  0.999988  0.002170  -0.004496  -0.002166  0.999997  0.000912  0.004498  -0.000902  0.999989  1.000000  0.000000  0.000000  0.000000  1.000000  0.000000  0.000000  0.000000  1.000000  1.000000  0.000000  0.000000  0.000000  1.000000  0.000000  0.000000  0.000000  1.000000  0.000053  0.000000  
207.452820 0.003173  0.090709  -0.003679  0.999327  0.020929  -0.030118  -0.020165  0.999472  0.025476  0.030635  -0.024852  0.999222  -0.001811  -0.007028  -0.005289  0.046968  0.180664  0.093584  2.000000  1.000000  0.000000  0.000000  0.000000  1.000000  0.000000  0.000000  0.000000  1.000000  0.999989  0.001958  -0.004234  -0.001954  0.999998  0.000906  0.004236  -0.000898  0.999991  1.000000  0.000000  0.000000  0.000000  1.000000  0.000000  0.000000  0.000000  1.000000  1.000000  0.000000  0.000000  0.000000  1.000000  0.000000  0.000000  0.000000  1.000000  0.000053  0.000000  
207.453820 0.003171  0.090703  -0.003683  0.999319  0.020936  -0.030385  -0.020164  0.999472  0.025482  0.030903  -0.024851  0.999213  -0.001819  -0.007034  -0.005209  0.042942  0.189600  0.093822  2.000000  1.000000  0.000000  0.000000  0.000000  1.000000  0.000000  0.000000  0.000000  1.000000  0.999989  0.001752  -0.004239  -0.001749  0.999998  0.000900  0.004241  -0.000893  0.999991  1.000000  0.000000  0.000000  0.000000  1.000000  0.000000  0.000000  0.000000  1.000000  1.000000  0.000000  0.000000  0.000000  1.000000  0.000000  0.000000  0.000000  1.000000  0.000053  0.000000  
207.455070 0.003168  0.090694  -0.003688  0.999315  0.020939  -0.030519  -0.020164  0.999472  0.025484  0.031036  -0.024851  0.999209  -0.001881  -0.007086  -0.005249  0.038914  0.185124  0.093719  2.000000  1.000000  0.000000  0.000000  0.000000  1.000000  0.000000  0.000000  0.000000  1.000000  0.999989  0.001752  -0.004239  -0.001749  0.999998  0.000900  0.004241  -0.000893  0.999991  1.000000  0.000000  0.000000  0.000000  1.000000  0.000000  0.000000  0.000000  1.000000  1.000000  0.000000  0.000000  0.000000  1.000000  0.000000  0.000000  0.000000  1.000000  0.000054  0.000000  
207.456320 0.003165  0.090685  -0.003694  0.999307  0.021148  -0.030647  -0.020370  0.999467  0.025493  0.031170  -0.024851  0.999205  -0.001882  -0.007090  -0.005252  0.038926  0.185126  0.093720  2.000000  1.000000  0.000000  0.000000  0.000000  1.000000  0.000000  0.000000  0.000000  1.000000  0.999990  0.001749  -0.004105  -0.001745  0.999998  0.000901  0.004107  -0.000893  0.999991  1.000000  0.000000  0.000000  0.000000  1.000000  0.000000  0.000000  0.000000  1.000000  1.000000  0.000000  0.000000  0.000000  1.000000  0.000000  0.000000  0.000000  1.000000  0.000054  0.000000  
207.457327 0.003162  0.090678  -0.003699  0.999302  0.021152  -0.030781  -0.020370  0.999467  0.025496  0.031304  -0.024851  0.999201  -0.001946  -0.007084  -0.005216  0.035175  0.186611  0.094485  2.000000  1.000000  0.000000  0.000000  0.000000  1.000000  0.000000  0.000000  0.000000  1.000000  0.999991  0.001540  -0.003977  -0.001536  0.999998  0.000894  0.003978  -0.000888  0.999992  1.000000  0.000000  0.000000  0.000000  1.000000  0.000000  0.000000  0.000000  1.000000  1.000000  0.000000  0.000000  0.000000  1.000000  0.000000  0.000000  0.000000  1.000000  0.000054  0.000000  
207.458572 0.003159  0.090669  -0.003704  0.999294  0.021158  -0.031048  -0.020370  0.999467  0.025501  0.031571  -0.024851  0.999193  -0.001969  -0.007040  -0.005064  0.034711  0.189724  0.086970  2.000000  1.000000  0.000000  0.000000  0.000000  1.000000  0.000000  0.000000  0.000000  1.000000  0.999991  0.001537  -0.003843  -0.001534  0.999999  0.000773  0.003844  -0.000767  0.999992  1.000000  0.000000  0.000000  0.000000  1.000000  0.000000  0.000000  0.000000  1.000000  1.000000  0.000000  0.000000  0.000000  1.000000  0.000000  0.000000  0.000000  1.000000  0.000052  0.000000  
207.459572 0.003157  0.090662  -0.003709  0.999290  0.021162  -0.031182  -0.020370  0.999467  0.025504  0.031705  -0.024851  0.999188  -0.001973  -0.006984  -0.004989  0.030482  0.189897  0.080128  2.000000  1.000000  0.000000  0.000000  0.000000  1.000000  0.000000  0.000000  0.000000  1.000000  0.999992  0.001331  -0.003848  -0.001328  0.999999  0.000767  0.003849  -0.000762  0.999992  1.000000  0.000000  0.000000  0.000000  1.000000  0.000000  0.000000  0.000000  1.000000  1.000000  0.000000  0.000000  0.000000  1.000000  0.000000  0.000000  0.000000  1.000000  0.000052  0.000000  
207.460840 0.003154  0.090654  -0.003713  0.999285  0.021169  -0.031313  -0.020369  0.999464  0.025628  0.031839  -0.024972  0.999181  -0.002027  -0.006878  -0.004699  0.034539  0.189910  0.080146  2.000000  1.000000  0.000000  0.000000  0.000000  1.000000  0.000000  0.000000  0.000000  1.000000  0.999992  0.001122  -0.003719  -0.001119  0.999999  0.000761  0.003720  -0.000756  0.999993  1.000000  0.000000  0.000000  0.000000  1.000000  0.000000  0.000000  0.000000  1.000000  1.000000  0.000000  0.000000  0.000000  1.000000  0.000000  0.000000  0.000000  1.000000  0.000052  0.000000  
207.462080 0.003151  0.090645  -0.003718  0.999285  0.021169  -0.031313  -0.020369  0.999464  0.025628  0.031839  -0.024972  0.999181  -0.002090  -0.006829  -0.004467  0.034629  0.182632  0.073663  2.000000  1.000000  0.000000  0.000000  0.000000  1.000000  0.000000  0.000000  0.000000  1.000000  0.999993  0.001119  -0.003586  -0.001116  0.999999  0.000761  0.003587  -0.000757  0.999993  1.000000  0.000000  0.000000  0.000000  1.000000  0.000000  0.000000  0.000000  1.000000  1.000000  0.000000  0.000000  0.000000  1.000000  0.000000  0.000000  0.000000  1.000000  0.000050  0.000000  
207.463324 0.003148  0.090637  -0.003723  0.999277  0.021378  -0.031441  -0.020575  0.999460  0.025637  0.031972  -0.024972  0.999177  -0.002143  -0.006805  -0.004315  0.034641  0.178130  0.073550  2.000000  1.000000  0.000000  0.000000  0.000000  1.000000  0.000000  0.000000  0.000000  1.000000  0.999994  0.000910  -0.003457  -0.000908  0.999999  0.000512  0.003458  -0.000509  0.999994  1.000000  0.000000  0.000000  0.000000  1.000000  0.000000  0.000000  0.000000  1.000000  1.000000  0.000000  0.000000  0.000000  1.000000  0.000000  0.000000  0.000000  1.000000  0.000048  0.000000  
207.464575 0.003145  0.090628  -0.003728  0.999277  0.021378  -0.031441  -0.020575  0.999460  0.025637  0.031972  -0.024972  0.999177  -0.002224  -0.006804  -0.004264  0.034449  0.169317  0.066418  2.000000  1.000000  0.000000  0.000000  0.000000  1.000000  0.000000  0.000000  0.000000  1.000000  0.999995  0.001105  -0.003051  -0.001104  0.999999  0.000518  0.003051  -0.000515  0.999995  1.000000  0.000000  0.000000  0.000000  1.000000  0.000000  0.000000  0.000000  1.000000  1.000000  0.000000  0.000000  0.000000  1.000000  0.000000  0.000000  0.000000  1.000000  0.000046  0.000000  
207.465825 0.003142  0.090621  -0.003734  0.999273  0.021381  -0.031575  -0.020575  0.999459  0.025640  0.032106  -0.024972  0.999172  -0.002298  -0.006777  -0.004240  0.000000  0.000000  0.000000  2.000000  1.000000  0.000000  0.000000  0.000000  1.000000  0.000000  0.000000  0.000000  1.000000  0.999995  0.000896  -0.002922  -0.000895  1.000000  0.000390  0.002922  -0.000388  0.999996  1.000000  0.000000  0.000000  0.000000  1.000000  0.000000  0.000000  0.000000  1.000000  1.000000  0.000000  0.000000  0.000000  1.000000  0.000000  0.000000  0.000000  1.000000  0.000000  0.000000  
207.467071 0.003138  0.090613  -0.003740  0.999273  0.021381  -0.031575  -0.020575  0.999459  0.025640  0.032106  -0.024972  0.999172  -0.002427  -0.006781  -0.004300  0.000000  0.000000  0.000000  2.000000  1.000000  0.000000  0.000000  0.000000  1.000000  0.000000  0.000000  0.000000  1.000000  0.999996  0.000890  -0.002655  -0.000889  1.000000  0.000269  0.002655  -0.000267  0.999996  1.000000  0.000000  0.000000  0.000000  1.000000  0.000000  0.000000  0.000000  1.000000  1.000000  0.000000  0.000000  0.000000  1.000000  0.000000  0.000000  0.000000  1.000000  0.000000  0.000000  
207.468071 0.003135  0.090606  -0.003745  0.999268  0.021587  -0.031570  -0.020781  0.999455  0.025647  0.032106  -0.024972  0.999172  -0.002518  -0.006783  -0.004328  0.000000  0.000000  0.000000  2.000000  1.000000  0.000000  0.000000  0.000000  1.000000  0.000000  0.000000  0.000000  1.000000  0.999997  0.000883  -0.002387  -0.000882  1.000000  0.000269  0.002387  -0.000267  0.999997  1.000000  0.000000  0.000000  0.000000  1.000000  0.000000  0.000000  0.000000  1.000000  1.000000  0.000000  0.000000  0.000000  1.000000  0.000000  0.000000  0.000000  1.000000  0.000000  0.000000  
207.469072 0.003131  0.090600  -0.003750  0.999268  0.021587  -0.031570  -0.020781  0.999455  0.025647  0.032106  -0.024972  0.999172  -0.002572  -0.006738  -0.004379  0.000000  0.000000  0.000000  2.000000  1.000000  0.000000  0.000000  0.000000  1.000000  0.000000  0.000000  0.000000  1.000000  0.999997  0.000880  -0.002253  -0.000879  1.000000  0.000269  0.002254  -0.000267  0.999997  1.000000  0.000000  0.000000  0.000000  1.000000  0.000000  0.000000  0.000000  1.000000  1.000000  0.000000  0.000000  0.000000  1.000000  0.000000  0.000000  0.000000  1.000000  0.000000  0.000000  
207.470320 0.003127  0.090592  -0.003756  0.999268  0.021587  -0.031570  -0.020781  0.999455  0.025647  0.032106  -0.024972  0.999172  -0.002647  -0.006667  -0.004410  0.000000  0.000000  0.000000  2.000000  1.000000  0.000000  0.000000  0.000000  1.000000  0.000000  0.000000  0.000000  1.000000  0.999998  0.000667  -0.001991  -0.000667  1.000000  0.000141  0.001991  -0.000140  0.999998  1.000000  0.000000  0.000000  0.000000  1.000000  0.000000  0.000000  0.000000  1.000000  1.000000  0.000000  0.000000  0.000000  1.000000  0.000000  0.000000  0.000000  1.000000  0.000000  0.000000  
207.471321 0.003124  0.090586  -0.003760  0.999268  0.021587  -0.031570  -0.020781  0.999455  0.025647  0.032106  -0.024972  0.999172  -0.002703  -0.006562  -0.004384  0.000000  0.000000  0.000000  2.000000  1.000000  0.000000  0.000000  0.000000  1.000000  0.000000  0.000000  0.000000  1.000000  0.999998  0.000661  -0.001723  -0.000660  1.000000  0.000141  0.001724  -0.000140  0.999999  1.000000  0.000000  0.000000  0.000000  1.000000  0.000000  0.000000  0.000000  1.000000  1.000000  0.000000  0.000000  0.000000  1.000000  0.000000  0.000000  0.000000  1.000000  0.000000  0.000000  
207.472323 0.003121  0.090581  -0.003763  0.999264  0.021793  -0.031564  -0.020986  0.999451  0.025653  0.032106  -0.024972  0.999172  -0.002754  -0.006476  -0.004297  0.000000  0.000000  0.000000  2.000000  1.000000  0.000000  0.000000  0.000000  1.000000  0.000000  0.000000  0.000000  1.000000  0.999998  0.000863  -0.001585  -0.000863  1.000000  0.000148  0.001585  -0.000146  0.999999  1.000000  0.000000  0.000000  0.000000  1.000000  0.000000  0.000000  0.000000  1.000000  1.000000  0.000000  0.000000  0.000000  1.000000  0.000000  0.000000  0.000000  1.000000  0.000000  0.000000  
207.473573 0.003116  0.090574  -0.003767  0.999264  0.021793  -0.031564  -0.020986  0.999451  0.025653  0.032106  -0.024972  0.999172  -0.002911  -0.006317  -0.004201  0.000000  0.000000  0.000000  2.000000  1.000000  0.000000  0.000000  0.000000  1.000000  0.000000  0.000000  0.000000  1.000000  0.999999  0.000856  -0.001317  -0.000856  1.000000  0.000148  0.001317  -0.000147  0.999999  1.000000  0.000000  0.000000  0.000000  1.000000  0.000000  0.000000  0.000000  1.000000  1.000000  0.000000  0.000000  0.000000  1.000000  0.000000  0.000000  0.000000  1.000000  0.000000  0.000000  
207.474824 0.003111  0.090567  -0.003771  0.999264  0.021793  -0.031564  -0.020986  0.999451  0.025653  0.032106  -0.024972  0.999172  -0.003029  -0.006230  -0.004122  0.000000  0.000000  0.000000  2.000000  1.000000  0.000000  0.000000  0.000000  1.000000  0.000000  0.000000  0.000000  1.000000  0.999999  0.000853  -0.001183  -0.000853  1.000000  0.000148  0.001183  -0.000147  0.999999  1.000000  0.000000  0.000000  0.000000  1.000000  0.000000  0.000000  0.000000  1.000000  1.000000  0.000000  0.000000  0.000000  1.000000  0.000000  0.000000  0.000000  1.000000  0.000000  0.000000  
207.475941 0.003107  0.090562  -0.003774  0.999264  0.021995  -0.031426  -0.021192  0.999446  0.025657  0.031972  -0.024972  0.999177  -0.003128  -0.006072  -0.004034  0.000000  0.000000  0.000000  2.000000  1.000000  0.000000  0.000000  0.000000  1.000000  0.000000  0.000000  0.000000  1.000000  0.999999  0.000641  -0.000921  -0.000640  1.000000  0.000141  0.000921  -0.000140  1.000000  1.000000  0.000000  0.000000  0.000000  1.000000  0.000000  0.000000  0.000000  1.000000  1.000000  0.000000  0.000000  0.000000  1.000000  0.000000  0.000000  0.000000  1.000000  0.000000  0.000000  
207.477075 0.003102  0.090554  -0.003778  0.999264  0.021991  -0.031428  -0.021192  0.999449  0.025535  0.031972  -0.024851  0.999180  -0.003281  -0.006072  -0.004047  0.000000  0.000000  0.000000  2.000000  1.000000  0.000000  0.000000  0.000000  1.000000  0.000000  0.000000  0.000000  1.000000  0.999999  0.000843  -0.000782  -0.000843  1.000000  0.000026  0.000782  -0.000026  1.000000  1.000000  0.000000  0.000000  0.000000  1.000000  0.000000  0.000000  0.000000  1.000000  1.000000  0.000000  0.000000  0.000000  1.000000  0.000000  0.000000  0.000000  1.000000  0.000000  0.000000  
207.478321 0.003096  0.090547  -0.003783  0.999264  0.021991  -0.031428  -0.021192  0.999449  0.025535  0.031972  -0.024851  0.999180  -0.003426  -0.005971  -0.004050  0.000000  0.000000  0.000000  2.000000  1.000000  0.000000  0.000000  0.000000  1.000000  0.000000  0.000000  0.000000  1.000000  1.000000  0.000836  -0.000515  -0.000836  1.000000  0.000026  0.000515  -0.000026  1.000000  1.000000  0.000000  0.000000  0.000000  1.000000  0.000000  0.000000  0.000000  1.000000  1.000000  0.000000  0.000000  0.000000  1.000000  0.000000  0.000000  0.000000  1.000000  0.000000  0.000000  
207.479324 0.003092  0.090542  -0.003788  0.999260  0.022197  -0.031423  -0.021398  0.999445  0.025542  0.031972  -0.024851  0.999180  -0.003590  -0.005888  -0.004058  0.000000  0.000000  0.000000  2.000000  1.000000  0.000000  0.000000  0.000000  1.000000  0.000000  0.000000  0.000000  1.000000  0.999999  0.001039  -0.000376  -0.001038  0.999999  0.000033  0.000376  -0.000033  1.000000  1.000000  0.000000  0.000000  0.000000  1.000000  0.000000  0.000000  0.000000  1.000000  1.000000  0.000000  0.000000  0.000000  1.000000  0.000000  0.000000  0.000000  1.000000  0.000000  0.000000  
207.480569 0.003086  0.090534  -0.003794  0.999260  0.022197  -0.031423  -0.021398  0.999445  0.025542  0.031972  -0.024851  0.999180  -0.003732  -0.005843  -0.004056  0.000000  0.000000  0.000000  2.000000  1.000000  0.000000  0.000000  0.000000  1.000000  0.000000  0.000000  0.000000  1.000000  0.999999  0.001035  -0.000242  -0.001035  0.999999  0.000033  0.000242  -0.000033  1.000000  1.000000  0.000000  0.000000  0.000000  1.000000  0.000000  0.000000  0.000000  1.000000  1.000000  0.000000  0.000000  0.000000  1.000000  0.000000  0.000000  0.000000  1.000000  0.000000  0.000000  
207.481574 0.003081  0.090529  -0.003799  0.999255  0.022403  -0.031418  -0.021604  0.999440  0.025548  0.031972  -0.024851  0.999180  -0.003902  -0.005758  -0.004065  0.000000  0.000000  0.000000  2.000000  1.000000  0.000000  0.000000  0.000000  1.000000  0.000000  0.000000  0.000000  1.000000  0.999999  0.001032  -0.000108  -0.001032  0.999999  -0.000088  0.000108  0.000089  1.000000  1.000000  0.000000  0.000000  0.000000  1.000000  0.000000  0.000000  0.000000  1.000000  1.000000  0.000000  0.000000  0.000000  1.000000  0.000000  0.000000  0.000000  1.000000  0.000000  0.000000  
207.482823 0.003075  0.090522  -0.003805  0.999260  0.022400  -0.031284  -0.021604  0.999440  0.025545  0.031839  -0.024851  0.999184  -0.004058  -0.005709  -0.004110  0.000000  0.000000  0.000000  2.000000  1.000000  0.000000  0.000000  0.000000  1.000000  0.000000  0.000000  0.000000  1.000000  0.999999  0.001231  0.000164  -0.001231  0.999999  -0.000082  -0.000165  0.000082  1.000000  1.000000  0.000000  0.000000  0.000000  1.000000  0.000000  0.000000  0.000000  1.000000  1.000000  0.000000  0.000000  0.000000  1.000000  0.000000  0.000000  0.000000  1.000000  0.000000  0.000000  
207.484072 0.003069  0.090515  -0.003811  0.999255  0.022601  -0.031281  -0.021810  0.999439  0.025431  0.031839  -0.024730  0.999187  -0.004162  -0.005641  -0.004087  0.000000  0.000000  0.000000  2.000000  1.000000  0.000000  0.000000  0.000000  1.000000  0.000000  0.000000  0.000000  1.000000  0.999999  0.001025  0.000159  -0.001025  0.999999  -0.000210  -0.000159  0.000210  1.000000  1.000000  0.000000  0.000000  0.000000  1.000000  0.000000  0.000000  0.000000  1.000000  1.000000  0.000000  0.000000  0.000000  1.000000  0.000000  0.000000  0.000000  1.000000  0.000000  0.000000  
207.485324 0.003063  0.090509  -0.003818  0.999255  0.022601  -0.031281  -0.021810  0.999439  0.025431  0.031839  -0.024730  0.999187  -0.004310  -0.005559  -0.004162  0.000000  0.000000  0.000000  2.000000  1.000000  0.000000  0.000000  0.000000  1.000000  0.000000  0.000000  0.000000  1.000000  0.999999  0.001231  0.000164  -0.001231  0.999999  -0.000203  -0.000165  0.000203  1.000000  1.000000  0.000000  0.000000  0.000000  1.000000  0.000000  0.000000  0.000000  1.000000  1.000000  0.000000  0.000000  0.000000  1.000000  0.000000  0.000000  0.000000  1.000000  0.000000  0.000000  
207.486571 0.003057  0.090502  -0.003824  0.999251  0.022807  -0.031276  -0.022015  0.999434  0.025437  0.031839  -0.024730  0.999187  -0.004443  -0.005522  -0.004277  0.000000  0.000000  0.000000  2.000000  1.000000  0.000000  0.000000  0.000000  1.000000  0.000000  0.000000  0.000000  1.000000  0.999999  0.001433  0.000303  -0.001433  0.999999  -0.000197  -0.000303  0.000196  1.000000  1.000000  0.000000  0.000000  0.000000  1.000000  0.000000  0.000000  0.000000  1.000000  1.000000  0.000000  0.000000  0.000000  1.000000  0.000000  0.000000  0.000000  1.000000  0.000000  0.000000  
207.487574 0.003051  0.090497  -0.003830  0.999251  0.022807  -0.031276  -0.022015  0.999434  0.025437  0.031839  -0.024730  0.999187  -0.004564  -0.005505  -0.004379  0.000000  0.000000  0.000000  2.000000  1.000000  0.000000  0.000000  0.000000  1.000000  0.000000  0.000000  0.000000  1.000000  0.999999  0.001433  0.000303  -0.001433  0.999999  -0.000197  -0.000303  0.000196  1.000000  1.000000  0.000000  0.000000  0.000000  1.000000  0.000000  0.000000  0.000000  1.000000  1.000000  0.000000  0.000000  0.000000  1.000000  0.000000  0.000000  0.000000  1.000000  0.000000  0.000000  
207.488821 0.003044  0.090490  -0.003837  0.999246  0.023013  -0.031271  -0.022221  0.999429  0.025444  0.031839  -0.024730  0.999187  -0.004708  -0.005514  -0.004555  0.000000  0.000000  0.000000  2.000000  1.000000  0.000000  0.000000  0.000000  1.000000  0.000000  0.000000  0.000000  1.000000  0.999999  0.001433  0.000303  -0.001433  0.999999  -0.000197  -0.000303  0.000196  1.000000  1.000000  0.000000  0.000000  0.000000  1.000000  0.000000  0.000000  0.000000  1.000000  1.000000  0.000000  0.000000  0.000000  1.000000  0.000000  0.000000  0.000000  1.000000  0.000000  0.000000  
207.490076 0.003037  0.090482  -0.003844  0.999246  0.023013  -0.031271  -0.022221  0.999429  0.025444  0.031839  -0.024730  0.999187  -0.004867  -0.005555  -0.004886  0.000000  0.000000  0.000000  2.000000  1.000000  0.000000  0.000000  0.000000  1.000000  0.000000  0.000000  0.000000  1.000000  0.999999  0.001433  0.000303  -0.001433  0.999999  -0.000197  -0.000303  0.000196  1.000000  1.000000  0.000000  0.000000  0.000000  1.000000  0.000000  0.000000  0.000000  1.000000  1.000000  0.000000  0.000000  0.000000  1.000000  0.000000  0.000000  0.000000  1.000000  0.000000  0.000000  
207.491083 0.003031  0.090476  -0.003851  0.999246  0.023013  -0.031271  -0.022221  0.999429  0.025444  0.031839  -0.024730  0.999187  -0.004988  -0.005598  -0.005066  0.000000  0.000000  0.000000  2.000000  1.000000  0.000000  0.000000  0.000000  1.000000  0.000000  0.000000  0.000000  1.000000  0.999999  0.001433  0.000303  -0.001433  0.999999  -0.000197  -0.000303  0.000196  1.000000  1.000000  0.000000  0.000000  0.000000  1.000000  0.000000  0.000000  0.000000  1.000000  1.000000  0.000000  0.000000  0.000000  1.000000  0.000000  0.000000  0.000000  1.000000  0.000000  0.000000  
207.492329 0.003024  0.090469  -0.003858  0.999241  0.023219  -0.031266  -0.022427  0.999425  0.025450  0.031839  -0.024730  0.999187  -0.005130  -0.005645  -0.005307  0.000000  0.000000  0.000000  2.000000  1.000000  0.000000  0.000000  0.000000  1.000000  0.000000  0.000000  0.000000  1.000000  0.999999  0.001639  0.000308  -0.001639  0.999999  -0.000190  -0.000309  0.000190  1.000000  1.000000  0.000000  0.000000  0.000000  1.000000  0.000000  0.000000  0.000000  1.000000  1.000000  0.000000  0.000000  0.000000  1.000000  0.000000  0.000000  0.000000  1.000000  0.000000  0.000000  
207.493331 0.003018  0.090463  -0.003864  0.999241  0.023219  -0.031266  -0.022427  0.999425  0.025450  0.031839  -0.024730  0.999187  -0.005212  -0.005624  -0.005377  0.000000  0.000000  0.000000  2.000000  1.000000  0.000000  0.000000  0.000000  1.000000  0.000000  0.000000  0.000000  1.000000  0.999999  0.001433  0.000303  -0.001433  0.999999  -0.000197  -0.000303  0.000196  1.000000  1.000000  0.000000  0.000000  0.000000  1.000000  0.000000  0.000000  0.000000  1.000000  1.000000  0.000000  0.000000  0.000000  1.000000  0.000000  0.000000  0.000000  1.000000  0.000000  0.000000  
207.494581 0.003011  0.090456  -0.003871  0.999237  0.023425  -0.031261  -0.022632  0.999420  0.025456  0.031839  -0.024730  0.999187  -0.005329  -0.005632  -0.005470  0.000000  0.000000  0.000000  2.000000  1.000000  0.000000  0.000000  0.000000  1.000000  0.000000  0.000000  0.000000  1.000000  0.999999  0.001639  0.000308  -0.001639  0.999999  -0.000190  -0.000309  0.000190  1.000000  1.000000  0.000000  0.000000  0.000000  1.000000  0.000000  0.000000  0.000000  1.000000  1.000000  0.000000  0.000000  0.000000  1.000000  0.000000  0.000000  0.000000  1.000000  0.000000  0.000000  
207.495826 0.003004  0.090449  -0.003878  0.999232  0.023428  -0.031394  -0.022632  0.999420  0.025459  0.031972  -0.024729  0.999183  -0.005429  -0.005611  -0.005510  0.000000  0.000000  0.000000  2.000000  1.000000  0.000000  0.000000  0.000000  1.000000  0.000000  0.000000  0.000000  1.000000  0.999999  0.001642  0.000175  -0.001642  0.999999  -0.000190  -0.000175  0.000190  1.000000  1.000000  0.000000  0.000000  0.000000  1.000000  0.000000  0.000000  0.000000  1.000000  1.000000  0.000000  0.000000  0.000000  1.000000  0.000000  0.000000  0.000000  1.000000  0.000000  0.000000  
