1-Time 2-Px 3-Py 4-Pz 5-R11 6-R21 7-R31 8-R12 9-R22 10-R32 11-R13 12-R23 13-R33 14-Vx 15-Vy 16-Vz 17-Wx 18-Wy 19-Wz 20-state 21-PR11 22-PR21 23-PR31 24-PR12 25-PR22 26-PR32 27-PR13 28-PR23 29-PR33 
97.965034 0.000954  0.089249  -0.021274  0.997697  0.045070  -0.050691  -0.046247  0.998681  -0.022298  0.049619  0.024590  0.998465  -0.000187  0.000477  -0.000077  0.000000  0.000000  0.000000  2.000000  1.000000  0.000000  0.000000  0.000000  1.000000  0.000000  0.000000  0.000000  1.000000  1.000000  0.000209  0.000129  -0.000209  1.000000  0.000010  -0.000129  -0.000010  1.000000  1.000000  0.000000  0.000000  0.000000  1.000000  0.000000  0.000000  0.000000  1.000000  0.804338  0.207080  -0.556919  -0.370367  0.907666  -0.197409  0.464617  0.365047  0.806766  0.000000  0.000000  
97.966037 0.000954  0.089250  -0.021274  0.997697  0.045070  -0.050691  -0.046247  0.998681  -0.022298  0.049619  0.024590  0.998465  -0.000187  0.000477  -0.000077  0.000000  0.000000  0.000000  2.000000  1.000000  0.000000  0.000000  0.000000  1.000000  0.000000  0.000000  0.000000  1.000000  1.000000  0.000209  0.000129  -0.000209  1.000000  0.000010  -0.000129  -0.000010  1.000000  1.000000  0.000000  0.000000  0.000000  1.000000  0.000000  0.000000  0.000000  1.000000  1.000000  0.000000  0.000000  0.000000  1.000000  0.000000  0.000000  0.000000  1.000000  0.000000  0.000000  
97.967038 0.000953  0.089248  -0.021275  0.997681  0.045272  -0.050829  -0.046452  0.998672  -0.022281  0.049753  0.024590  0.998459  -0.000237  0.000307  -0.000138  0.000000  0.000000  0.000000  2.000000  1.000000  0.000000  0.000000  0.000000  1.000000  0.000000  0.000000  0.000000  1.000000  1.000000  0.000206  -0.000005  -0.000206  1.000000  0.000010  0.000005  -0.000010  1.000000  1.000000  0.000000  0.000000  0.000000  1.000000  0.000000  0.000000  0.000000  1.000000  1.000000  0.000000  0.000000  0.000000  1.000000  0.000000  0.000000  0.000000  1.000000  0.000000  0.000000  
97.968286 0.000951  0.089245  -0.021276  0.997664  0.045475  -0.050967  -0.046658  0.998663  -0.022264  0.049886  0.024590  0.998452  -0.000302  0.000067  -0.000201  0.000000  0.000000  0.000000  2.000000  1.000000  0.000000  0.000000  0.000000  1.000000  0.000000  0.000000  0.000000  1.000000  1.000000  0.000613  -0.000149  -0.000613  1.000000  0.000031  0.000149  -0.000031  1.000000  1.000000  0.000000  0.000000  0.000000  1.000000  0.000000  0.000000  0.000000  1.000000  1.000000  0.000000  0.000000  0.000000  1.000000  0.000000  0.000000  0.000000  1.000000  0.000000  0.000000  
97.969309 0.000951  0.089243  -0.021276  0.997648  0.045671  -0.051110  -0.046863  0.998651  -0.022369  0.050020  0.024711  0.998442  -0.000353  -0.000124  -0.000216  0.000000  0.000000  0.000000  2.000000  1.000000  0.000000  0.000000  0.000000  1.000000  0.000000  0.000000  0.000000  1.000000  1.000000  0.000816  -0.000288  -0.000816  1.000000  0.000041  0.000288  -0.000041  1.000000  1.000000  0.000000  0.000000  0.000000  1.000000  0.000000  0.000000  0.000000  1.000000  1.000000  0.000000  0.000000  0.000000  1.000000  0.000000  0.000000  0.000000  1.000000  0.000000  0.000000  
97.970544 0.000949  0.089239  -0.021277  0.997641  0.045667  -0.051244  -0.046862  0.998651  -0.022362  0.050153  0.024711  0.998436  -0.000400  -0.000390  -0.000310  0.000000  0.000000  0.000000  2.000000  1.000000  0.000000  0.000000  0.000000  1.000000  0.000000  0.000000  0.000000  1.000000  1.000000  0.000610  -0.000283  -0.000610  1.000000  -0.000090  0.000283  0.000091  1.000000  1.000000  0.000000  0.000000  0.000000  1.000000  0.000000  0.000000  0.000000  1.000000  1.000000  0.000000  0.000000  0.000000  1.000000  0.000000  0.000000  0.000000  1.000000  0.000000  0.000000  
97.971788 0.000949  0.089236  -0.021278  0.997615  0.046075  -0.051386  -0.047273  0.998632  -0.022335  0.050287  0.024711  0.998429  -0.000417  -0.000654  -0.000340  0.000000  0.000000  0.000000  2.000000  1.000000  0.000000  0.000000  0.000000  1.000000  0.000000  0.000000  0.000000  1.000000  0.999999  0.001018  -0.000427  -0.001018  0.999999  -0.000070  0.000427  0.000070  1.000000  1.000000  0.000000  0.000000  0.000000  1.000000  0.000000  0.000000  0.000000  1.000000  1.000000  0.000000  0.000000  0.000000  1.000000  0.000000  0.000000  0.000000  1.000000  0.000000  0.000000  
97.972832 0.000949  0.089233  -0.021278  0.997599  0.046278  -0.051524  -0.047478  0.998623  -0.022318  0.050421  0.024711  0.998422  -0.000419  -0.000865  -0.000320  0.000000  0.000000  0.000000  2.000000  1.000000  0.000000  0.000000  0.000000  1.000000  0.000000  0.000000  0.000000  1.000000  0.999999  0.001220  -0.000566  -0.001220  0.999999  -0.000059  0.000565  0.000060  1.000000  1.000000  0.000000  0.000000  0.000000  1.000000  0.000000  0.000000  0.000000  1.000000  1.000000  0.000000  0.000000  0.000000  1.000000  0.000000  0.000000  0.000000  1.000000  0.000000  0.000000  
97.974040 0.000949  0.089231  -0.021278  0.997573  0.046679  -0.051673  -0.047888  0.998601  -0.022411  0.050554  0.024832  0.998413  -0.000414  -0.001083  -0.000341  0.000000  0.000000  0.000000  2.000000  1.000000  0.000000  0.000000  0.000000  1.000000  0.000000  0.000000  0.000000  1.000000  0.999998  0.001625  -0.000843  -0.001625  0.999999  -0.000038  0.000843  0.000039  1.000000  1.000000  0.000000  0.000000  0.000000  1.000000  0.000000  0.000000  0.000000  1.000000  1.000000  0.000000  0.000000  0.000000  1.000000  0.000000  0.000000  0.000000  1.000000  0.000000  0.000000  
97.975290 0.000949  0.089227  -0.021280  0.997539  0.047084  -0.051949  -0.048298  0.998582  -0.022377  0.050822  0.024831  0.998399  -0.000401  -0.001353  -0.000486  0.000000  0.000000  0.000000  2.000000  1.000000  0.000000  0.000000  0.000000  1.000000  0.000000  0.000000  0.000000  1.000000  0.999997  0.002032  -0.000987  -0.002032  0.999998  -0.000138  0.000987  0.000140  1.000000  1.000000  0.000000  0.000000  0.000000  1.000000  0.000000  0.000000  0.000000  1.000000  1.000000  0.000000  0.000000  0.000000  1.000000  0.000000  0.000000  0.000000  1.000000  0.000000  0.000000  
97.976541 0.000948  0.089224  -0.021283  0.997506  0.047488  -0.052225  -0.048708  0.998563  -0.022343  0.051089  0.024831  0.998385  -0.000435  -0.001599  -0.000665  0.000000  0.000000  0.000000  2.000000  1.000000  0.000000  0.000000  0.000000  1.000000  0.000000  0.000000  0.000000  1.000000  0.999996  0.002437  -0.001265  -0.002437  0.999997  -0.000117  0.001265  0.000120  0.999999  1.000000  0.000000  0.000000  0.000000  1.000000  0.000000  0.000000  0.000000  1.000000  1.000000  0.000000  0.000000  0.000000  1.000000  0.000000  0.000000  0.000000  1.000000  0.000000  0.000000  
97.977788 0.000948  0.089222  -0.021286  0.997479  0.047890  -0.052373  -0.049119  0.998541  -0.022436  0.051222  0.024952  0.998376  -0.000436  -0.001800  -0.000871  0.000000  0.000000  0.000000  2.000000  1.000000  0.000000  0.000000  0.000000  1.000000  0.000000  0.000000  0.000000  1.000000  0.999995  0.002838  -0.001677  -0.002838  0.999996  -0.000216  0.001676  0.000221  0.999999  1.000000  0.000000  0.000000  0.000000  1.000000  0.000000  0.000000  0.000000  1.000000  1.000000  0.000000  0.000000  0.000000  1.000000  0.000000  0.000000  0.000000  1.000000  0.000000  0.000000  
97.979036 0.000947  0.089219  -0.021289  0.997445  0.048294  -0.052649  -0.049529  0.998521  -0.022401  0.051490  0.024951  0.998362  -0.000481  -0.002045  -0.001011  0.000000  0.000000  0.000000  2.000000  1.000000  0.000000  0.000000  0.000000  1.000000  0.000000  0.000000  0.000000  1.000000  0.999993  0.003037  -0.001949  -0.003037  0.999995  -0.000205  0.001949  0.000211  0.999998  1.000000  0.000000  0.000000  0.000000  1.000000  0.000000  0.000000  0.000000  1.000000  1.000000  0.000000  0.000000  0.000000  1.000000  0.000000  0.000000  0.000000  1.000000  0.000000  0.000000  
97.980051 0.000946  0.089216  -0.021290  0.997410  0.048692  -0.052931  -0.049939  0.998499  -0.022487  0.051757  0.025072  0.998345  -0.000536  -0.002288  -0.001113  0.000000  0.000000  0.000000  2.000000  1.000000  0.000000  0.000000  0.000000  1.000000  0.000000  0.000000  0.000000  1.000000  0.999992  0.003444  -0.002093  -0.003445  0.999994  -0.000183  0.002093  0.000190  0.999998  1.000000  0.000000  0.000000  0.000000  1.000000  0.000000  0.000000  0.000000  1.000000  1.000000  0.000000  0.000000  0.000000  1.000000  0.000000  0.000000  0.000000  1.000000  0.000000  0.000000  
97.981288 0.000945  0.089210  -0.021293  0.997383  0.049100  -0.053074  -0.050349  0.998479  -0.022459  0.051891  0.025072  0.998338  -0.000555  -0.002604  -0.001230  0.000000  0.000000  0.000000  2.000000  1.000000  0.000000  0.000000  0.000000  1.000000  0.000000  0.000000  0.000000  1.000000  0.999990  0.003848  -0.002372  -0.003849  0.999993  -0.000282  0.002370  0.000291  0.999997  1.000000  0.000000  0.000000  0.000000  1.000000  0.000000  0.000000  0.000000  1.000000  1.000000  0.000000  0.000000  0.000000  1.000000  0.000000  0.000000  0.000000  1.000000  0.000000  0.000000  
97.982314 0.000944  0.089206  -0.021294  0.997348  0.049498  -0.053356  -0.050759  0.998456  -0.022544  0.052158  0.025193  0.998321  -0.000563  -0.002747  -0.001309  0.000000  0.000000  0.000000  2.000000  1.000000  0.000000  0.000000  0.000000  1.000000  0.000000  0.000000  0.000000  1.000000  0.999988  0.004256  -0.002516  -0.004257  0.999991  -0.000381  0.002514  0.000392  0.999997  1.000000  0.000000  0.000000  0.000000  1.000000  0.000000  0.000000  0.000000  1.000000  1.000000  0.000000  0.000000  0.000000  1.000000  0.000000  0.000000  0.000000  1.000000  0.000000  0.000000  
97.983537 0.000942  0.089200  -0.021295  0.997320  0.049906  -0.053499  -0.051169  0.998436  -0.022515  0.052291  0.025193  0.998314  -0.000576  -0.002942  -0.001301  0.000000  0.000000  0.000000  2.000000  1.000000  0.000000  0.000000  0.000000  1.000000  0.000000  0.000000  0.000000  1.000000  0.999985  0.004660  -0.002794  -0.004661  0.999989  -0.000359  0.002792  0.000372  0.999996  1.000000  0.000000  0.000000  0.000000  1.000000  0.000000  0.000000  0.000000  1.000000  1.000000  0.000000  0.000000  0.000000  1.000000  0.000000  0.000000  0.000000  1.000000  0.000000  0.000000  
97.984537 0.000941  0.089195  -0.021295  0.997295  0.050098  -0.053776  -0.051374  0.998423  -0.022612  0.052559  0.025313  0.998297  -0.000612  -0.003127  -0.001242  -0.015609  0.098704  0.170311  2.000000  1.000000  0.000063  -0.000038  -0.000063  1.000000  -0.000006  0.000038  0.000006  1.000000  0.999982  0.005064  -0.003072  -0.005066  0.999987  -0.000457  0.003070  0.000473  0.999995  1.000000  0.000063  -0.000038  -0.000063  1.000000  -0.000006  0.000038  0.000006  1.000000  1.000000  0.000063  -0.000038  -0.000063  1.000000  -0.000006  0.000038  0.000006  1.000000  0.000049  0.005941  
97.985541 0.000940  0.089190  -0.021294  0.997260  0.050502  -0.054052  -0.051784  0.998403  -0.022576  0.052826  0.025313  0.998283  -0.000604  -0.003309  -0.001130  -0.014875  0.108034  0.183890  2.000000  1.000000  0.000322  -0.000195  -0.000322  1.000000  -0.000029  0.000195  0.000029  1.000000  0.999981  0.005266  -0.003211  -0.005268  0.999986  -0.000446  0.003209  0.000462  0.999995  1.000000  0.000066  -0.000040  -0.000066  1.000000  -0.000006  0.000040  0.000006  1.000000  1.000000  0.000322  -0.000195  -0.000322  1.000000  -0.000029  0.000195  0.000029  1.000000  0.000051  0.006185  
97.986786 0.000940  0.089183  -0.021293  0.997225  0.050900  -0.054335  -0.052194  0.998380  -0.022661  0.053093  0.025434  0.998266  -0.000620  -0.003539  -0.001028  -0.018229  0.121880  0.197367  2.000000  1.000000  0.000671  -0.000412  -0.000671  1.000000  -0.000062  0.000412  0.000062  1.000000  0.999977  0.005667  -0.003623  -0.005669  0.999984  -0.000543  0.003620  0.000563  0.999993  1.000000  0.000071  -0.000045  -0.000071  1.000000  -0.000007  0.000045  0.000007  1.000000  1.000000  0.000671  -0.000412  -0.000671  1.000000  -0.000062  0.000412  0.000062  1.000000  0.000057  0.006749  
97.987793 0.000940  0.089177  -0.021293  0.997200  0.051092  -0.054612  -0.052398  0.998367  -0.022757  0.053360  0.025554  0.998248  -0.000595  -0.003735  -0.000995  -0.021918  0.131029  0.204000  2.000000  0.999999  0.000970  -0.000596  -0.000970  1.000000  -0.000090  0.000596  0.000091  1.000000  0.999974  0.006074  -0.003768  -0.006076  0.999981  -0.000641  0.003764  0.000663  0.999993  1.000000  0.000076  -0.000047  -0.000076  1.000000  -0.000008  0.000047  0.000008  1.000000  0.999999  0.000970  -0.000596  -0.000970  1.000000  -0.000090  0.000596  0.000091  1.000000  0.000061  0.007178  
97.989048 0.000940  0.089171  -0.021291  0.997157  0.051493  -0.055022  -0.052808  0.998346  -0.022713  0.053761  0.025554  0.998227  -0.000598  -0.003993  -0.000850  -0.021157  0.144833  0.217432  2.000000  0.999999  0.001273  -0.000795  -0.001273  0.999999  -0.000123  0.000795  0.000124  1.000000  0.999973  0.006067  -0.004036  -0.006070  0.999981  -0.000638  0.004032  0.000663  0.999992  1.000000  0.000076  -0.000050  -0.000076  1.000000  -0.000008  0.000050  0.000008  1.000000  0.999999  0.001273  -0.000795  -0.001273  0.999999  -0.000123  0.000795  0.000124  1.000000  0.000066  0.007316  
97.990293 0.000941  0.089164  -0.021290  0.997120  0.051891  -0.055304  -0.053218  0.998323  -0.022797  0.054028  0.025675  0.998209  -0.000495  -0.004228  -0.000671  -0.024491  0.154214  0.231056  2.000000  0.999998  0.001660  -0.001054  -0.001660  0.999999  -0.000168  0.001054  0.000170  0.999999  0.999972  0.006269  -0.004175  -0.006272  0.999980  -0.000747  0.004171  0.000773  0.999991  1.000000  0.000078  -0.000052  -0.000078  1.000000  -0.000009  0.000052  0.000009  1.000000  0.999998  0.001660  -0.001054  -0.001660  0.999999  -0.000168  0.001054  0.000170  0.999999  0.000070  0.007570  
97.991537 0.000942  0.089157  -0.021290  0.997095  0.052082  -0.055582  -0.053422  0.998310  -0.022892  0.054296  0.025795  0.998192  -0.000402  -0.004479  -0.000440  -0.028181  0.163421  0.237767  2.000000  0.999997  0.002057  -0.001325  -0.002057  0.999998  -0.000211  0.001325  0.000213  0.999999  0.999969  0.006467  -0.004449  -0.006470  0.999979  -0.000734  0.004444  0.000762  0.999990  1.000000  0.000081  -0.000056  -0.000081  1.000000  -0.000009  0.000056  0.000009  1.000000  0.999997  0.002057  -0.001325  -0.002057  0.999998  -0.000211  0.001325  0.000213  0.999999  0.000072  0.007885  
97.992791 0.000943  0.089150  -0.021288  0.997058  0.052480  -0.055864  -0.053832  0.998286  -0.022976  0.054563  0.025916  0.998174  -0.000280  -0.004833  -0.000111  -0.031498  0.172741  0.251294  2.000000  0.999996  0.002461  -0.001603  -0.002461  0.999997  -0.000258  0.001602  0.000262  0.999999  0.999969  0.006463  -0.004583  -0.006467  0.999979  -0.000853  0.004578  0.000883  0.999989  1.000000  0.000081  -0.000057  -0.000081  1.000000  -0.000011  0.000057  0.000011  1.000000  0.999996  0.002461  -0.001603  -0.002461  0.999997  -0.000258  0.001602  0.000262  0.999999  0.000077  0.007971  
97.994040 0.000944  0.089143  -0.021287  0.997021  0.052877  -0.056147  -0.054241  0.998262  -0.023060  0.054830  0.026037  0.998156  -0.000220  -0.005102  0.000135  -0.034818  0.182103  0.264877  2.000000  0.999994  0.002855  -0.001879  -0.002855  0.999996  -0.000312  0.001878  0.000317  0.999998  0.999972  0.006058  -0.004305  -0.006062  0.999981  -0.000875  0.004300  0.000901  0.999990  1.000000  0.000076  -0.000054  -0.000076  1.000000  -0.000011  0.000054  0.000011  1.000000  0.999994  0.002855  -0.001879  -0.002855  0.999996  -0.000312  0.001878  0.000317  0.999998  0.000079  0.007485  
97.995290 0.000944  0.089135  -0.021285  0.997003  0.053072  -0.056291  -0.054446  0.998248  -0.023162  0.054964  0.026158  0.998146  -0.000146  -0.005318  0.000385  -0.038218  0.185356  0.269573  2.000000  0.999992  0.003241  -0.002157  -0.003242  0.999995  -0.000368  0.002156  0.000375  0.999998  0.999972  0.006054  -0.004440  -0.006058  0.999981  -0.000873  0.004435  0.000900  0.999990  1.000000  0.000076  -0.000055  -0.000076  1.000000  -0.000011  0.000055  0.000011  1.000000  0.999992  0.003241  -0.002157  -0.003242  0.999995  -0.000368  0.002156  0.000375  0.999998  0.000083  0.007560  
97.996536 0.000944  0.089127  -0.021283  0.996977  0.053264  -0.056569  -0.054651  0.998235  -0.023257  0.055231  0.026278  0.998128  -0.000064  -0.005466  0.000675  -0.042191  0.191566  0.278565  2.000000  0.999990  0.003619  -0.002433  -0.003620  0.999993  -0.000431  0.002431  0.000440  0.999997  0.999972  0.006057  -0.004308  -0.006062  0.999981  -0.001115  0.004301  0.001141  0.999990  1.000000  0.000076  -0.000054  -0.000076  1.000000  -0.000014  0.000054  0.000014  1.000000  0.999990  0.003619  -0.002433  -0.003620  0.999993  -0.000431  0.002431  0.000440  0.999997  0.000084  0.007518  
97.997788 0.000943  0.089119  -0.021282  0.996958  0.053459  -0.056714  -0.054856  0.998221  -0.023359  0.055364  0.026399  0.998117  0.000049  -0.005620  0.000901  -0.046588  0.191378  0.271602  2.000000  0.999989  0.003914  -0.002651  -0.003916  0.999992  -0.000489  0.002649  0.000499  0.999996  0.999973  0.005847  -0.004437  -0.005853  0.999982  -0.001246  0.004429  0.001272  0.999989  1.000000  0.000073  -0.000055  -0.000073  1.000000  -0.000016  0.000055  0.000016  1.000000  0.999989  0.003914  -0.002651  -0.003916  0.999992  -0.000489  0.002649  0.000499  0.999996  0.000085  0.007447  
97.999040 0.000943  0.089112  -0.021279  0.996939  0.053654  -0.056859  -0.055060  0.998207  -0.023461  0.055498  0.026520  0.998107  0.000149  -0.005735  0.001068  -0.046584  0.191548  0.271773  2.000000  0.999987  0.004275  -0.002922  -0.004276  0.999991  -0.000562  0.002920  0.000575  0.999996  0.999975  0.005645  -0.004298  -0.005650  0.999983  -0.001257  0.004291  0.001281  0.999990  1.000000  0.000071  -0.000054  -0.000071  1.000000  -0.000016  0.000054  0.000016  1.000000  0.999987  0.004275  -0.002922  -0.004276  0.999991  -0.000562  0.002920  0.000575  0.999996  0.000084  0.007207  
98.000287 0.000943  0.089104  -0.021276  0.996902  0.054051  -0.057142  -0.055470  0.998183  -0.023544  0.055765  0.026641  0.998088  0.000202  -0.005828  0.001202  -0.049451  0.199134  0.282819  2.000000  0.999984  0.004630  -0.003189  -0.004632  0.999989  -0.000640  0.003186  0.000655  0.999995  0.999975  0.005648  -0.004165  -0.005653  0.999983  -0.001256  0.004157  0.001279  0.999991  1.000000  0.000071  -0.000052  -0.000071  1.000000  -0.000016  0.000052  0.000016  1.000000  0.999984  0.004630  -0.003189  -0.004632  0.999989  -0.000640  0.003186  0.000655  0.999995  0.000087  0.007131  
98.001541 0.000943  0.089096  -0.021274  0.996883  0.054246  -0.057286  -0.055675  0.998169  -0.023646  0.055899  0.026762  0.998078  0.000246  -0.005891  0.001327  -0.053816  0.198960  0.275933  2.000000  0.999982  0.004973  -0.003449  -0.004975  0.999987  -0.000720  0.003446  0.000737  0.999994  0.999977  0.005442  -0.004160  -0.005447  0.999984  -0.001266  0.004153  0.001289  0.999991  1.000000  0.000068  -0.000052  -0.000068  1.000000  -0.000016  0.000052  0.000016  1.000000  0.999982  0.004973  -0.003449  -0.004975  0.999987  -0.000720  0.003446  0.000737  0.999994  0.000087  0.006968  
98.002786 0.000943  0.089087  -0.021271  0.996864  0.054441  -0.057431  -0.055880  0.998155  -0.023748  0.056032  0.026882  0.998067  0.000226  -0.006028  0.001408  -0.057891  0.194813  0.276453  2.000000  0.999979  0.005297  -0.003704  -0.005300  0.999986  -0.000804  0.003700  0.000823  0.999993  0.999979  0.005034  -0.004016  -0.005039  0.999986  -0.001288  0.004009  0.001309  0.999991  1.000000  0.000063  -0.000050  -0.000063  1.000000  -0.000016  0.000050  0.000016  1.000000  0.999979  0.005297  -0.003704  -0.005300  0.999986  -0.000804  0.003700  0.000823  0.999993  0.000086  0.006569  
98.003790 0.000944  0.089081  -0.021270  0.996845  0.054643  -0.057569  -0.056085  0.998144  -0.023728  0.056166  0.026882  0.998059  0.000261  -0.006107  0.001450  -0.054543  0.195989  0.271429  2.000000  0.999977  0.005549  -0.003907  -0.005552  0.999984  -0.000874  0.003902  0.000895  0.999992  0.999979  0.005033  -0.004016  -0.005039  0.999986  -0.001409  0.004009  0.001429  0.999991  1.000000  0.000063  -0.000050  -0.000063  1.000000  -0.000018  0.000050  0.000018  1.000000  0.999977  0.005549  -0.003907  -0.005552  0.999984  -0.000874  0.003902  0.000895  0.999992  0.000084  0.006594  
98.004790 0.000945  0.089075  -0.021267  0.996818  0.054834  -0.057847  -0.056289  0.998130  -0.023822  0.056433  0.027003  0.998041  0.000255  -0.006168  0.001588  -0.058443  0.198649  0.262181  2.000000  0.999977  0.005549  -0.003907  -0.005552  0.999984  -0.000874  0.003902  0.000895  0.999992  0.999981  0.004831  -0.003878  -0.004836  0.999987  -0.001420  0.003871  0.001439  0.999991  1.000000  0.000000  0.000000  0.000000  1.000000  0.000000  0.000000  0.000000  1.000000  0.999977  0.005549  -0.003907  -0.005552  0.999984  -0.000874  0.003902  0.000895  0.999992  0.000084  0.000000  
98.006039 0.000946  0.089067  -0.021263  0.996799  0.055029  -0.057992  -0.056494  0.998116  -0.023924  0.056567  0.027124  0.998030  0.000261  -0.006208  0.001822  -0.062489  0.194381  0.262518  2.000000  0.999977  0.005549  -0.003907  -0.005552  0.999984  -0.000874  0.003902  0.000895  0.999992  0.999980  0.004827  -0.004012  -0.004833  0.999987  -0.001540  0.004005  0.001559  0.999991  1.000000  0.000000  0.000000  0.000000  1.000000  0.000000  0.000000  0.000000  1.000000  0.999977  0.005549  -0.003907  -0.005552  0.999984  -0.000874  0.003902  0.000895  0.999992  0.000084  0.000000  
98.007288 0.000946  0.089059  -0.021258  0.996780  0.055217  -0.058144  -0.056698  0.998099  -0.024147  0.056700  0.027366  0.998016  0.000224  -0.006280  0.002054  -0.070843  0.189619  0.255548  2.000000  0.999977  0.005549  -0.003907  -0.005552  0.999984  -0.000874  0.003902  0.000895  0.999992  0.999982  0.004628  -0.003740  -0.004634  0.999988  -0.001551  0.003732  0.001568  0.999992  1.000000  0.000000  0.000000  0.000000  1.000000  0.000000  0.000000  0.000000  1.000000  0.999977  0.005549  -0.003907  -0.005552  0.999984  -0.000874  0.003902  0.000895  0.999992  0.000082  0.000000  
98.008289 0.000946  0.089052  -0.021255  0.996761  0.055412  -0.058289  -0.056903  0.998085  -0.024248  0.056834  0.027486  0.998005  0.000197  -0.006383  0.002205  -0.071775  0.191055  0.250752  2.000000  0.999977  0.005549  -0.003907  -0.005552  0.999984  -0.000874  0.003902  0.000895  0.999992  0.999984  0.004426  -0.003601  -0.004431  0.999989  -0.001562  0.003594  0.001578  0.999992  1.000000  0.000000  0.000000  0.000000  1.000000  0.000000  0.000000  0.000000  1.000000  0.999977  0.005549  -0.003907  -0.005552  0.999984  -0.000874  0.003902  0.000895  0.999992  0.000081  0.000000  
98.009544 0.000946  0.089043  -0.021253  0.996741  0.055606  -0.058434  -0.057108  0.998071  -0.024350  0.056967  0.027607  0.997994  0.000180  -0.006473  0.002248  -0.076154  0.186337  0.243875  2.000000  0.999977  0.005549  -0.003907  -0.005552  0.999984  -0.000874  0.003902  0.000895  0.999992  0.999986  0.004227  -0.003329  -0.004233  0.999989  -0.001816  0.003321  0.001830  0.999993  1.000000  0.000000  0.000000  0.000000  1.000000  0.000000  0.000000  0.000000  1.000000  0.999977  0.005549  -0.003907  -0.005552  0.999984  -0.000874  0.003902  0.000895  0.999992  0.000080  0.000000  
98.010547 0.000946  0.089035  -0.021252  0.996722  0.055801  -0.058579  -0.057313  0.998057  -0.024451  0.057101  0.027728  0.997983  0.000175  -0.006542  0.002206  -0.075559  0.184992  0.242053  2.000000  0.999977  0.005549  -0.003907  -0.005552  0.999984  -0.000874  0.003902  0.000895  0.999992  0.999987  0.004024  -0.003190  -0.004030  0.999990  -0.001827  0.003182  0.001840  0.999993  1.000000  0.000000  0.000000  0.000000  1.000000  0.000000  0.000000  0.000000  1.000000  0.999977  0.005549  -0.003907  -0.005552  0.999984  -0.000874  0.003902  0.000895  0.999992  0.000079  0.000000  
98.011790 0.000946  0.089026  -0.021251  0.996710  0.055992  -0.058598  -0.057518  0.998039  -0.024681  0.057101  0.027970  0.997977  0.000138  -0.006668  0.002196  -0.080937  0.177094  0.230296  2.000000  0.999977  0.005549  -0.003907  -0.005552  0.999984  -0.000874  0.003902  0.000895  0.999992  0.999988  0.004031  -0.002923  -0.004037  0.999990  -0.001948  0.002915  0.001960  0.999994  1.000000  0.000000  0.000000  0.000000  1.000000  0.000000  0.000000  0.000000  1.000000  0.999977  0.005549  -0.003907  -0.005552  0.999984  -0.000874  0.003902  0.000895  0.999992  0.000076  0.000000  
98.013039 0.000945  0.089016  -0.021249  0.996679  0.056392  -0.058748  -0.057928  0.998013  -0.024770  0.057235  0.028091  0.997965  0.000071  -0.006791  0.002120  -0.084966  0.172610  0.230399  2.000000  0.999977  0.005549  -0.003907  -0.005552  0.999984  -0.000874  0.003902  0.000895  0.999992  0.999987  0.004236  -0.002930  -0.004242  0.999989  -0.002057  0.002921  0.002069  0.999994  1.000000  0.000000  0.000000  0.000000  1.000000  0.000000  0.000000  0.000000  1.000000  0.999977  0.005549  -0.003907  -0.005552  0.999984  -0.000874  0.003902  0.000895  0.999992  0.000075  0.000000  
98.014287 0.000944  0.089008  -0.021249  0.996659  0.056580  -0.058900  -0.058133  0.997996  -0.024992  0.057368  0.028333  0.997951  0.000060  -0.006825  0.002006  -0.088636  0.166579  0.221727  2.000000  0.999977  0.005549  -0.003907  -0.005552  0.999984  -0.000874  0.003902  0.000895  0.999992  0.999988  0.004038  -0.002657  -0.004043  0.999990  -0.002069  0.002648  0.002080  0.999994  1.000000  0.000000  0.000000  0.000000  1.000000  0.000000  0.000000  0.000000  1.000000  0.999977  0.005549  -0.003907  -0.005552  0.999984  -0.000874  0.003902  0.000895  0.999992  0.000074  0.000000  
98.015540 0.000943  0.088999  -0.021249  0.996647  0.056778  -0.058912  -0.058338  0.997981  -0.025101  0.057368  0.028454  0.997948  0.000006  -0.006900  0.001819  -0.093029  0.157494  0.215110  2.000000  0.999977  0.005549  -0.003907  -0.005552  0.999984  -0.000874  0.003902  0.000895  0.999992  0.999990  0.003630  -0.002512  -0.003635  0.999991  -0.002092  0.002504  0.002101  0.999995  1.000000  0.000000  0.000000  0.000000  1.000000  0.000000  0.000000  0.000000  1.000000  0.999977  0.005549  -0.003907  -0.005552  0.999984  -0.000874  0.003902  0.000895  0.999992  0.000071  0.000000  
98.016787 0.000943  0.088990  -0.021249  0.996627  0.056973  -0.059058  -0.058543  0.997967  -0.025202  0.057502  0.028575  0.997936  -0.000024  -0.006959  0.001655  -0.094166  0.149715  0.210301  2.000000  0.999977  0.005549  -0.003907  -0.005552  0.999984  -0.000874  0.003902  0.000895  0.999992  0.999990  0.003630  -0.002513  -0.003635  0.999991  -0.002213  0.002505  0.002222  0.999994  1.000000  0.000000  0.000000  0.000000  1.000000  0.000000  0.000000  0.000000  1.000000  0.999977  0.005549  -0.003907  -0.005552  0.999984  -0.000874  0.003902  0.000895  0.999992  0.000069  0.000000  
98.018037 0.000942  0.088981  -0.021249  0.996608  0.057167  -0.059203  -0.058747  0.997952  -0.025303  0.057635  0.028696  0.997925  -0.000103  -0.006989  0.001474  -0.094481  0.140539  0.203588  2.000000  0.999977  0.005549  -0.003907  -0.005552  0.999984  -0.000874  0.003902  0.000895  0.999992  0.999991  0.003633  -0.002380  -0.003638  0.999991  -0.002091  0.002372  0.002100  0.999995  1.000000  0.000000  0.000000  0.000000  1.000000  0.000000  0.000000  0.000000  1.000000  0.999977  0.005549  -0.003907  -0.005552  0.999984  -0.000874  0.003902  0.000895  0.999992  0.000067  0.000000  
98.019289 0.000941  0.088972  -0.021249  0.996596  0.057365  -0.059215  -0.058952  0.997937  -0.025412  0.057635  0.028817  0.997922  -0.000223  -0.007043  0.001314  -0.094028  0.130258  0.195223  2.000000  0.999977  0.005549  -0.003907  -0.005552  0.999984  -0.000874  0.003902  0.000895  0.999992  0.999991  0.003637  -0.002246  -0.003641  0.999991  -0.002091  0.002239  0.002099  0.999995  1.000000  0.000000  0.000000  0.000000  1.000000  0.000000  0.000000  0.000000  1.000000  0.999977  0.005549  -0.003907  -0.005552  0.999984  -0.000874  0.003902  0.000895  0.999992  0.000064  0.000000  
98.020289 0.000941  0.088965  -0.021248  0.996588  0.057354  -0.059355  -0.058952  0.997934  -0.025525  0.057769  0.028938  0.997911  -0.000291  -0.007100  0.001108  -0.098439  0.130095  0.188383  2.000000  0.999977  0.005549  -0.003907  -0.005552  0.999984  -0.000874  0.003902  0.000895  0.999992  0.999991  0.003636  -0.002247  -0.003641  0.999991  -0.002212  0.002239  0.002220  0.999995  1.000000  0.000000  0.000000  0.000000  1.000000  0.000000  0.000000  0.000000  1.000000  0.999977  0.005549  -0.003907  -0.005552  0.999984  -0.000874  0.003902  0.000895  0.999992  0.000062  0.000000  
98.021541 0.000940  0.088956  -0.021247  0.996576  0.057552  -0.059368  -0.059157  0.997919  -0.025634  0.057769  0.029059  0.997907  -0.000432  -0.007156  0.000842  -0.099615  0.117533  0.183411  2.000000  0.999977  0.005549  -0.003907  -0.005552  0.999984  -0.000874  0.003902  0.000895  0.999992  0.999991  0.003640  -0.002113  -0.003645  0.999991  -0.002212  0.002105  0.002219  0.999995  1.000000  0.000000  0.000000  0.000000  1.000000  0.000000  0.000000  0.000000  1.000000  0.999977  0.005549  -0.003907  -0.005552  0.999984  -0.000874  0.003902  0.000895  0.999992  0.000061  0.000000  
98.022791 0.000939  0.088948  -0.021247  0.996556  0.057747  -0.059513  -0.059362  0.997905  -0.025735  0.057902  0.029179  0.997896  -0.000510  -0.007165  0.000612  -0.098749  0.116562  0.181847  2.000000  0.999977  0.005549  -0.003907  -0.005552  0.999984  -0.000874  0.003902  0.000895  0.999992  0.999992  0.003438  -0.001974  -0.003442  0.999992  -0.002224  0.001966  0.002230  0.999996  1.000000  0.000000  0.000000  0.000000  1.000000  0.000000  0.000000  0.000000  1.000000  0.999977  0.005549  -0.003907  -0.005552  0.999984  -0.000874  0.003902  0.000895  0.999992  0.000059  0.000000  
98.024040 0.000938  0.088938  -0.021247  0.996544  0.057938  -0.059533  -0.059567  0.997887  -0.025965  0.057902  0.029421  0.997889  -0.000572  -0.007223  0.000398  -0.104026  0.108396  0.176702  2.000000  0.999977  0.005549  -0.003907  -0.005552  0.999984  -0.000874  0.003902  0.000895  0.999992  0.999992  0.003442  -0.001841  -0.003446  0.999991  -0.002344  0.001833  0.002351  0.999996  1.000000  0.000000  0.000000  0.000000  1.000000  0.000000  0.000000  0.000000  1.000000  0.999977  0.005549  -0.003907  -0.005552  0.999984  -0.000874  0.003902  0.000895  0.999992  0.000060  0.000000  
98.025287 0.000937  0.088929  -0.021248  0.996531  0.058136  -0.059545  -0.059772  0.997871  -0.026074  0.057902  0.029543  0.997885  -0.000650  -0.007252  0.000261  -0.103151  0.103059  0.175347  2.000000  0.999977  0.005549  -0.003907  -0.005552  0.999984  -0.000874  0.003902  0.000895  0.999992  0.999993  0.003445  -0.001708  -0.003449  0.999991  -0.002344  0.001700  0.002350  0.999996  1.000000  0.000000  0.000000  0.000000  1.000000  0.000000  0.000000  0.000000  1.000000  0.999977  0.005549  -0.003907  -0.005552  0.999984  -0.000874  0.003902  0.000895  0.999992  0.000057  0.000000  
98.026290 0.000936  0.088922  -0.021248  0.996511  0.058323  -0.059698  -0.059977  0.997853  -0.026296  0.058036  0.029784  0.997870  -0.000668  -0.007186  0.000153  -0.108035  0.099439  0.176886  2.000000  0.999977  0.005549  -0.003907  -0.005552  0.999984  -0.000874  0.003902  0.000895  0.999992  0.999993  0.003449  -0.001575  -0.003453  0.999991  -0.002344  0.001567  0.002349  0.999996  1.000000  0.000000  0.000000  0.000000  1.000000  0.000000  0.000000  0.000000  1.000000  0.999977  0.005549  -0.003907  -0.005552  0.999984  -0.000874  0.003902  0.000895  0.999992  0.000057  0.000000  
98.027536 0.000934  0.088912  -0.021248  0.996499  0.058521  -0.059710  -0.060182  0.997838  -0.026404  0.058036  0.029905  0.997866  -0.000698  -0.007193  0.000089  -0.108047  0.094987  0.177040  2.000000  0.999977  0.005549  -0.003907  -0.005552  0.999984  -0.000874  0.003902  0.000895  0.999992  0.999993  0.003453  -0.001442  -0.003456  0.999991  -0.002465  0.001433  0.002470  0.999996  1.000000  0.000000  0.000000  0.000000  1.000000  0.000000  0.000000  0.000000  1.000000  0.999977  0.005549  -0.003907  -0.005552  0.999984  -0.000874  0.003902  0.000895  0.999992  0.000057  0.000000  
98.028790 0.000934  0.088903  -0.021249  0.996499  0.058507  -0.059724  -0.060182  0.997832  -0.026646  0.058036  0.030147  0.997859  -0.000719  -0.007215  0.000033  0.000000  0.000000  0.000000  2.000000  0.999977  0.005549  -0.003907  -0.005552  0.999984  -0.000874  0.003902  0.000895  0.999992  0.999994  0.003251  -0.001302  -0.003254  0.999992  -0.002356  0.001295  0.002360  0.999996  1.000000  0.000000  0.000000  0.000000  1.000000  0.000000  0.000000  0.000000  1.000000  0.999977  0.005549  -0.003907  -0.005552  0.999984  -0.000874  0.003902  0.000895  0.999992  0.000000  0.000000  
98.030035 0.000933  0.088894  -0.021249  0.996479  0.058701  -0.059870  -0.060387  0.997817  -0.026747  0.058170  0.030268  0.997848  -0.000704  -0.007198  0.000000  0.000000  0.000000  0.000000  2.000000  0.999977  0.005549  -0.003907  -0.005552  0.999984  -0.000874  0.003902  0.000895  0.999992  0.999994  0.003251  -0.001303  -0.003254  0.999992  -0.002477  0.001295  0.002481  0.999996  1.000000  0.000000  0.000000  0.000000  1.000000  0.000000  0.000000  0.000000  1.000000  0.999977  0.005549  -0.003907  -0.005552  0.999984  -0.000874  0.003902  0.000895  0.999992  0.000000  0.000000  
98.031038 0.000933  0.088887  -0.021249  0.996466  0.058899  -0.059883  -0.060592  0.997801  -0.026856  0.058170  0.030389  0.997844  -0.000687  -0.007173  0.000005  0.000000  0.000000  0.000000  2.000000  0.999977  0.005549  -0.003907  -0.005552  0.999984  -0.000874  0.003902  0.000895  0.999992  0.999994  0.003254  -0.001170  -0.003257  0.999992  -0.002477  0.001162  0.002481  0.999996  1.000000  0.000000  0.000000  0.000000  1.000000  0.000000  0.000000  0.000000  1.000000  0.999977  0.005549  -0.003907  -0.005552  0.999984  -0.000874  0.003902  0.000895  0.999992  0.000000  0.000000  
98.032291 0.000932  0.088879  -0.021250  0.996466  0.058892  -0.059890  -0.060592  0.997798  -0.026977  0.058170  0.030510  0.997840  -0.000706  -0.007179  -0.000097  0.000000  0.000000  0.000000  2.000000  0.999977  0.005549  -0.003907  -0.005552  0.999984  -0.000874  0.003902  0.000895  0.999992  0.999995  0.003049  -0.001164  -0.003052  0.999993  -0.002367  0.001157  0.002371  0.999997  1.000000  0.000000  0.000000  0.000000  1.000000  0.000000  0.000000  0.000000  1.000000  0.999977  0.005549  -0.003907  -0.005552  0.999984  -0.000874  0.003902  0.000895  0.999992  0.000000  0.000000  
98.033541 0.000931  0.088870  -0.021251  0.996454  0.059090  -0.059903  -0.060797  0.997783  -0.027086  0.058170  0.030631  0.997837  -0.000696  -0.007179  -0.000135  0.000000  0.000000  0.000000  2.000000  0.999977  0.005549  -0.003907  -0.005552  0.999984  -0.000874  0.003902  0.000895  0.999992  0.999995  0.002847  -0.001024  -0.002850  0.999993  -0.002379  0.001017  0.002382  0.999997  1.000000  0.000000  0.000000  0.000000  1.000000  0.000000  0.000000  0.000000  1.000000  0.999977  0.005549  -0.003907  -0.005552  0.999984  -0.000874  0.003902  0.000895  0.999992  0.000000  0.000000  
98.034786 0.000931  0.088861  -0.021252  0.996441  0.059288  -0.059916  -0.061002  0.997767  -0.027194  0.058170  0.030752  0.997833  -0.000703  -0.007195  -0.000221  0.000000  0.000000  0.000000  2.000000  0.999977  0.005549  -0.003907  -0.005552  0.999984  -0.000874  0.003902  0.000895  0.999992  0.999996  0.002646  -0.000885  -0.002648  0.999994  -0.002270  0.000878  0.002272  0.999997  1.000000  0.000000  0.000000  0.000000  1.000000  0.000000  0.000000  0.000000  1.000000  0.999977  0.005549  -0.003907  -0.005552  0.999984  -0.000874  0.003902  0.000895  0.999992  0.000000  0.000000  
98.035787 0.000931  0.088854  -0.021252  0.996441  0.059288  -0.059916  -0.061002  0.997767  -0.027194  0.058170  0.030752  0.997833  -0.000665  -0.007220  -0.000326  0.000000  0.000000  0.000000  2.000000  0.999977  0.005549  -0.003907  -0.005552  0.999984  -0.000874  0.003902  0.000895  0.999992  0.999996  0.002851  -0.000891  -0.002853  0.999993  -0.002258  0.000884  0.002261  0.999997  1.000000  0.000000  0.000000  0.000000  1.000000  0.000000  0.000000  0.000000  1.000000  0.999977  0.005549  -0.003907  -0.005552  0.999984  -0.000874  0.003902  0.000895  0.999992  0.000000  0.000000  
98.037044 0.000930  0.088845  -0.021253  0.996441  0.059281  -0.059923  -0.061002  0.997764  -0.027315  0.058170  0.030873  0.997829  -0.000635  -0.007172  -0.000411  0.000000  0.000000  0.000000  2.000000  0.999977  0.005549  -0.003907  -0.005552  0.999984  -0.000874  0.003902  0.000895  0.999992  0.999996  0.002650  -0.000751  -0.002652  0.999994  -0.002149  0.000745  0.002151  0.999997  1.000000  0.000000  0.000000  0.000000  1.000000  0.000000  0.000000  0.000000  1.000000  0.999977  0.005549  -0.003907  -0.005552  0.999984  -0.000874  0.003902  0.000895  0.999992  0.000000  0.000000  
98.038286 0.000929  0.088836  -0.021253  0.996421  0.059475  -0.060069  -0.061207  0.997749  -0.027416  0.058303  0.030994  0.997818  -0.000671  -0.007170  -0.000379  0.000000  0.000000  0.000000  2.000000  0.999977  0.005549  -0.003907  -0.005552  0.999984  -0.000874  0.003902  0.000895  0.999992  0.999996  0.002646  -0.000885  -0.002648  0.999994  -0.002270  0.000879  0.002272  0.999997  1.000000  0.000000  0.000000  0.000000  1.000000  0.000000  0.000000  0.000000  1.000000  0.999977  0.005549  -0.003907  -0.005552  0.999984  -0.000874  0.003902  0.000895  0.999992  0.000000  0.000000  
98.039541 0.000928  0.088828  -0.021253  0.996421  0.059468  -0.060076  -0.061207  0.997745  -0.027537  0.058303  0.031115  0.997814  -0.000610  -0.007123  -0.000343  0.000000  0.000000  0.000000  2.000000  0.999977  0.005549  -0.003907  -0.005552  0.999984  -0.000874  0.003902  0.000895  0.999992  0.999997  0.002444  -0.000745  -0.002446  0.999994  -0.002282  0.000740  0.002284  0.999997  1.000000  0.000000  0.000000  0.000000  1.000000  0.000000  0.000000  0.000000  1.000000  0.999977  0.005549  -0.003907  -0.005552  0.999984  -0.000874  0.003902  0.000895  0.999992  0.000000  0.000000  
98.040541 0.000928  0.088821  -0.021252  0.996408  0.059666  -0.060089  -0.061412  0.997730  -0.027645  0.058303  0.031236  0.997810  -0.000570  -0.007073  -0.000288  0.000000  0.000000  0.000000  2.000000  0.999977  0.005549  -0.003907  -0.005552  0.999984  -0.000874  0.003902  0.000895  0.999992  0.999997  0.002448  -0.000612  -0.002450  0.999994  -0.002282  0.000606  0.002283  0.999997  1.000000  0.000000  0.000000  0.000000  1.000000  0.000000  0.000000  0.000000  1.000000  0.999977  0.005549  -0.003907  -0.005552  0.999984  -0.000874  0.003902  0.000895  0.999992  0.000000  0.000000  
98.041545 0.000927  0.088814  -0.021251  0.996416  0.059670  -0.059956  -0.061412  0.997729  -0.027654  0.058170  0.031237  0.997818  -0.000536  -0.006997  -0.000183  0.000000  0.000000  0.000000  2.000000  0.999977  0.005549  -0.003907  -0.005552  0.999984  -0.000874  0.003902  0.000895  0.999992  0.999997  0.002247  -0.000472  -0.002248  0.999995  -0.002052  0.000467  0.002053  0.999998  1.000000  0.000000  0.000000  0.000000  1.000000  0.000000  0.000000  0.000000  1.000000  0.999977  0.005549  -0.003907  -0.005552  0.999984  -0.000874  0.003902  0.000895  0.999992  0.000000  0.000000  
