1-Time 2-Px 3-Py 4-Pz 5-R11 6-R21 7-R31 8-R12 9-R22 10-R32 11-R13 12-R23 13-R33 14-Vx 15-Vy 16-Vz 17-Wx 18-Wy 19-Wz 20-state 21-PR11 22-PR21 23-PR31 24-PR12 25-PR22 26-PR32 27-PR13 28-PR23 29-PR33 
149.663351 0.007719  0.094805  -0.000791  0.997559  0.068314  -0.014467  -0.068289  0.997663  0.002206  0.014584  -0.001213  0.999893  -0.000293  0.000030  0.000480  0.000000  0.000000  0.000000  2.000000  1.000000  0.000000  0.000000  0.000000  1.000000  0.000000  0.000000  0.000000  1.000000  0.999996  -0.001232  -0.002544  0.001232  0.999999  -0.000018  0.002544  0.000015  0.999997  1.000000  0.000000  0.000000  0.000000  1.000000  0.000000  0.000000  0.000000  1.000000  0.537347  0.788867  -0.298239  -0.620343  0.609283  0.493911  0.571342  -0.080391  0.816765  0.000000  0.000000  
149.664600 0.007719  0.094805  -0.000791  0.997555  0.068314  -0.014734  -0.068288  0.997663  0.002224  0.014851  -0.001213  0.999889  -0.000249  -0.000026  0.000435  0.000000  0.000000  0.000000  2.000000  1.000000  0.000000  0.000000  0.000000  1.000000  0.000000  0.000000  0.000000  1.000000  0.999996  -0.001026  -0.002543  0.001026  0.999999  -0.000015  0.002543  0.000013  0.999997  1.000000  0.000000  0.000000  0.000000  1.000000  0.000000  0.000000  0.000000  1.000000  1.000000  0.000000  0.000000  0.000000  1.000000  0.000000  0.000000  0.000000  1.000000  0.000000  0.000000  
149.665600 0.007719  0.094805  -0.000791  0.997539  0.068519  -0.014867  -0.068494  0.997649  0.002237  0.014985  -0.001213  0.999887  -0.000187  -0.000049  0.000446  0.000000  0.000000  0.000000  2.000000  1.000000  0.000000  0.000000  0.000000  1.000000  0.000000  0.000000  0.000000  1.000000  0.999996  -0.000820  -0.002811  0.000820  1.000000  -0.000012  0.002811  0.000010  0.999996  1.000000  0.000000  0.000000  0.000000  1.000000  0.000000  0.000000  0.000000  1.000000  1.000000  0.000000  0.000000  0.000000  1.000000  0.000000  0.000000  0.000000  1.000000  0.000000  0.000000  
149.666848 0.007721  0.094804  -0.000791  0.997509  0.068930  -0.014999  -0.068904  0.997621  0.002252  0.015119  -0.001213  0.999885  -0.000081  -0.000129  0.000412  0.000000  0.000000  0.000000  2.000000  1.000000  0.000000  0.000000  0.000000  1.000000  0.000000  0.000000  0.000000  1.000000  0.999996  -0.000614  -0.002677  0.000614  1.000000  -0.000009  0.002677  0.000008  0.999996  1.000000  0.000000  0.000000  0.000000  1.000000  0.000000  0.000000  0.000000  1.000000  1.000000  0.000000  0.000000  0.000000  1.000000  0.000000  0.000000  0.000000  1.000000  0.000000  0.000000  
149.667848 0.007722  0.094802  -0.000791  0.997507  0.068931  -0.015133  -0.068904  0.997621  0.002261  0.015252  -0.001213  0.999883  0.000025  -0.000208  0.000379  0.000000  0.000000  0.000000  2.000000  1.000000  0.000000  0.000000  0.000000  1.000000  0.000000  0.000000  0.000000  1.000000  0.999996  -0.000408  -0.002810  0.000408  1.000000  -0.000006  0.002810  0.000005  0.999996  1.000000  0.000000  0.000000  0.000000  1.000000  0.000000  0.000000  0.000000  1.000000  1.000000  0.000000  0.000000  0.000000  1.000000  0.000000  0.000000  0.000000  1.000000  0.000000  0.000000  
149.668850 0.007724  0.094801  -0.000791  0.997488  0.069136  -0.015399  -0.069109  0.997606  0.002283  0.015520  -0.001213  0.999879  0.000161  -0.000259  0.000367  0.000000  0.000000  0.000000  2.000000  1.000000  0.000000  0.000000  0.000000  1.000000  0.000000  0.000000  0.000000  1.000000  0.999996  0.000003  -0.002810  -0.000003  1.000000  0.000000  0.002810  0.000000  0.999996  1.000000  0.000000  0.000000  0.000000  1.000000  0.000000  0.000000  0.000000  1.000000  1.000000  0.000000  0.000000  0.000000  1.000000  0.000000  0.000000  0.000000  1.000000  0.000000  0.000000  
149.669850 0.007726  0.094801  -0.000791  0.997470  0.069342  -0.015666  -0.069314  0.997592  0.002304  0.015788  -0.001213  0.999875  0.000311  -0.000313  0.000321  0.000000  0.000000  0.000000  2.000000  1.000000  0.000000  0.000000  0.000000  1.000000  0.000000  0.000000  0.000000  1.000000  0.999996  0.000209  -0.002943  -0.000209  1.000000  0.000003  0.002943  -0.000003  0.999996  1.000000  0.000000  0.000000  0.000000  1.000000  0.000000  0.000000  0.000000  1.000000  1.000000  0.000000  0.000000  0.000000  1.000000  0.000000  0.000000  0.000000  1.000000  0.000000  0.000000  
149.670851 0.007728  0.094800  -0.000791  0.997451  0.069548  -0.015932  -0.069519  0.997578  0.002326  0.016055  -0.001213  0.999870  0.000492  -0.000338  0.000297  0.000000  0.000000  0.000000  2.000000  1.000000  0.000000  0.000000  0.000000  1.000000  0.000000  0.000000  0.000000  1.000000  0.999995  0.000415  -0.003077  -0.000415  1.000000  0.000007  0.003077  -0.000005  0.999995  1.000000  0.000000  0.000000  0.000000  1.000000  0.000000  0.000000  0.000000  1.000000  1.000000  0.000000  0.000000  0.000000  1.000000  0.000000  0.000000  0.000000  1.000000  0.000000  0.000000  
149.672101 0.007731  0.094799  -0.000790  0.997404  0.070164  -0.016197  -0.070135  0.997535  0.002355  0.016323  -0.001213  0.999866  0.000690  -0.000412  0.000296  0.000000  0.000000  0.000000  2.000000  1.000000  0.000000  0.000000  0.000000  1.000000  0.000000  0.000000  0.000000  1.000000  0.999994  0.000827  -0.003344  -0.000827  1.000000  0.000013  0.003344  -0.000011  0.999994  1.000000  0.000000  0.000000  0.000000  1.000000  0.000000  0.000000  0.000000  1.000000  1.000000  0.000000  0.000000  0.000000  1.000000  0.000000  0.000000  0.000000  1.000000  0.000000  0.000000  
149.673353 0.007733  0.094798  -0.000791  0.997368  0.070575  -0.016597  -0.070545  0.997506  0.002390  0.016724  -0.001213  0.999859  0.000876  -0.000498  0.000195  0.000000  0.000000  0.000000  2.000000  1.000000  0.000000  0.000000  0.000000  1.000000  0.000000  0.000000  0.000000  1.000000  0.999993  0.001445  -0.003343  -0.001445  0.999999  0.000024  0.003343  -0.000019  0.999994  1.000000  0.000000  0.000000  0.000000  1.000000  0.000000  0.000000  0.000000  1.000000  1.000000  0.000000  0.000000  0.000000  1.000000  0.000000  0.000000  0.000000  1.000000  0.000000  0.000000  
149.674360 0.007735  0.094798  -0.000791  0.997335  0.070986  -0.016863  -0.070956  0.997477  0.002416  0.016992  -0.001213  0.999855  0.001062  -0.000503  0.000127  0.000000  0.000000  0.000000  2.000000  1.000000  0.000000  0.000000  0.000000  1.000000  0.000000  0.000000  0.000000  1.000000  0.999992  0.001857  -0.003476  -0.001857  0.999998  0.000031  0.003477  -0.000025  0.999994  1.000000  0.000000  0.000000  0.000000  1.000000  0.000000  0.000000  0.000000  1.000000  1.000000  0.000000  0.000000  0.000000  1.000000  0.000000  0.000000  0.000000  1.000000  0.000000  0.000000  
149.675604 0.007737  0.094797  -0.000793  0.997286  0.071603  -0.017128  -0.071571  0.997432  0.002445  0.017259  -0.001213  0.999850  0.001233  -0.000542  0.000004  0.000000  0.000000  0.000000  2.000000  1.000000  0.000000  0.000000  0.000000  1.000000  0.000000  0.000000  0.000000  1.000000  0.999990  0.002475  -0.003610  -0.002474  0.999997  0.000042  0.003610  -0.000033  0.999993  1.000000  0.000000  0.000000  0.000000  1.000000  0.000000  0.000000  0.000000  1.000000  1.000000  0.000000  0.000000  0.000000  1.000000  0.000000  0.000000  0.000000  1.000000  0.000000  0.000000  
149.676604 0.007740  0.094797  -0.000793  0.997254  0.072014  -0.017260  -0.071982  0.997403  0.002462  0.017393  -0.001213  0.999848  0.001411  -0.000522  -0.000076  0.000000  0.000000  0.000000  2.000000  1.000000  0.000000  0.000000  0.000000  1.000000  0.000000  0.000000  0.000000  1.000000  0.999988  0.003092  -0.003743  -0.003092  0.999995  0.000054  0.003743  -0.000042  0.999993  1.000000  0.000000  0.000000  0.000000  1.000000  0.000000  0.000000  0.000000  1.000000  1.000000  0.000000  0.000000  0.000000  1.000000  0.000000  0.000000  0.000000  1.000000  0.000047  0.000000  
149.677609 0.007742  0.094797  -0.000793  0.997220  0.072425  -0.017526  -0.072392  0.997373  0.002488  0.017661  -0.001213  0.999843  0.001538  -0.000548  -0.000099  0.001561  0.175172  0.103941  2.000000  1.000000  0.000000  0.000000  0.000000  1.000000  0.000000  0.000000  0.000000  1.000000  0.999986  0.003710  -0.003742  -0.003710  0.999993  0.000065  0.003742  -0.000051  0.999993  1.000000  0.000000  0.000000  0.000000  1.000000  0.000000  0.000000  0.000000  1.000000  1.000000  0.000000  0.000000  0.000000  1.000000  0.000000  0.000000  0.000000  1.000000  0.000050  0.000000  
149.678860 0.007743  0.094796  -0.000794  0.997155  0.073246  -0.017791  -0.073213  0.997313  0.002522  0.017928  -0.001213  0.999839  0.001665  -0.000612  -0.000211  0.002119  0.175123  0.138512  2.000000  1.000000  0.000000  0.000000  0.000000  1.000000  0.000000  0.000000  0.000000  1.000000  0.999983  0.004328  -0.003875  -0.004327  0.999991  0.000077  0.003875  -0.000060  0.999992  1.000000  0.000000  0.000000  0.000000  1.000000  0.000000  0.000000  0.000000  1.000000  1.000000  0.000000  0.000000  0.000000  1.000000  0.000000  0.000000  0.000000  1.000000  0.000055  0.000000  
149.680104 0.007745  0.094795  -0.000796  0.997103  0.073863  -0.018190  -0.073828  0.997268  0.002563  0.018329  -0.001213  0.999831  0.001775  -0.000627  -0.000345  0.002480  0.184166  0.159335  2.000000  1.000000  0.000153  0.000061  -0.000153  1.000000  0.000002  -0.000061  -0.000002  1.000000  0.999978  0.005151  -0.004141  -0.005151  0.999987  0.000094  0.004142  -0.000072  0.999991  1.000000  0.000077  0.000030  -0.000077  1.000000  0.000001  -0.000030  -0.000001  1.000000  1.000000  0.000153  0.000061  -0.000153  1.000000  0.000002  -0.000061  -0.000002  1.000000  0.000059  0.006610  
149.681359 0.007747  0.094794  -0.000797  0.997049  0.074479  -0.018588  -0.074443  0.997222  0.002604  0.018731  -0.001213  0.999824  0.001801  -0.000635  -0.000412  0.002851  0.193059  0.180028  2.000000  1.000000  0.000557  0.000234  -0.000557  1.000000  0.000008  -0.000234  -0.000008  1.000000  0.999973  0.005975  -0.004274  -0.005974  0.999982  0.000111  0.004275  -0.000085  0.999991  1.000000  0.000084  0.000038  -0.000084  1.000000  0.000001  -0.000038  -0.000001  1.000000  1.000000  0.000557  0.000234  -0.000557  1.000000  0.000008  -0.000234  -0.000008  1.000000  0.000065  0.007347  
149.682599 0.007748  0.094793  -0.000798  0.996998  0.075095  -0.018854  -0.075059  0.997176  0.002636  0.018998  -0.001213  0.999819  0.001808  -0.000615  -0.000456  0.003332  0.197585  0.207762  2.000000  0.999999  0.000993  0.000435  -0.000993  1.000000  0.000014  -0.000435  -0.000015  1.000000  0.999968  0.006593  -0.004541  -0.006592  0.999978  0.000125  0.004541  -0.000095  0.999990  1.000000  0.000090  0.000043  -0.000090  1.000000  0.000001  -0.000043  -0.000001  1.000000  0.999999  0.000993  0.000435  -0.000993  1.000000  0.000014  -0.000435  -0.000015  1.000000  0.000070  0.008006  
149.683849 0.007749  0.094791  -0.000798  0.996944  0.075712  -0.019252  -0.075674  0.997129  0.002678  0.019400  -0.001213  0.999811  0.001697  -0.000715  -0.000502  0.003742  0.202055  0.228518  2.000000  0.999999  0.001466  0.000673  -0.001466  0.999999  0.000021  -0.000673  -0.000022  1.000000  0.999961  0.007416  -0.004807  -0.007416  0.999972  0.000144  0.004808  -0.000108  0.999988  1.000000  0.000098  0.000050  -0.000098  1.000000  0.000002  -0.000050  -0.000002  1.000000  0.999999  0.001466  0.000673  -0.001466  0.999999  0.000021  -0.000673  -0.000022  1.000000  0.000077  0.008839  
149.684855 0.007750  0.094788  -0.000799  0.996892  0.076328  -0.019517  -0.076289  0.997082  0.002710  0.019667  -0.001213  0.999806  0.001648  -0.000825  -0.000551  0.004131  0.206486  0.249227  2.000000  0.999998  0.001866  0.000885  -0.001866  0.999998  0.000027  -0.000885  -0.000029  1.000000  0.999957  0.007828  -0.004940  -0.007828  0.999969  0.000154  0.004941  -0.000115  0.999988  1.000000  0.000102  0.000054  -0.000102  1.000000  0.000002  -0.000054  -0.000002  1.000000  0.999998  0.001866  0.000885  -0.001866  0.999998  0.000027  -0.000885  -0.000029  1.000000  0.000080  0.009258  
149.686100 0.007752  0.094786  -0.000799  0.996821  0.077149  -0.019915  -0.077109  0.997019  0.002757  0.020068  -0.001213  0.999798  0.001585  -0.000942  -0.000552  0.004782  0.215473  0.283867  2.000000  0.999996  0.002390  0.001178  -0.002390  0.999997  0.000036  -0.001177  -0.000039  0.999999  0.999952  0.008446  -0.004940  -0.008445  0.999964  0.000168  0.004941  -0.000127  0.999988  1.000000  0.000106  0.000061  -0.000106  1.000000  0.000002  -0.000061  -0.000002  1.000000  0.999996  0.002390  0.001178  -0.002390  0.999997  0.000036  -0.001177  -0.000039  0.999999  0.000087  0.009785  
149.687100 0.007753  0.094783  -0.000799  0.996783  0.077560  -0.020181  -0.077519  0.996987  0.002786  0.020336  -0.001213  0.999792  0.001507  -0.001087  -0.000606  0.005076  0.220003  0.297774  2.000000  0.999995  0.002718  0.001363  -0.002718  0.999996  0.000041  -0.001362  -0.000045  0.999999  0.999947  0.008858  -0.005207  -0.008857  0.999961  0.000180  0.005208  -0.000134  0.999986  1.000000  0.000112  0.000063  -0.000112  1.000000  0.000002  -0.000063  -0.000002  1.000000  0.999995  0.002718  0.001363  -0.002718  0.999996  0.000041  -0.001362  -0.000045  0.999999  0.000093  0.010276  
149.688100 0.007754  0.094780  -0.000800  0.996730  0.078174  -0.020455  -0.078135  0.996939  0.002699  0.020604  -0.001091  0.999787  0.001391  -0.001239  -0.000625  0.001417  0.224519  0.318556  2.000000  0.999994  0.003170  0.001619  -0.003171  0.999995  0.000048  -0.001619  -0.000053  0.999999  0.999945  0.009064  -0.005340  -0.009063  0.999959  0.000187  0.005342  -0.000138  0.999986  1.000000  0.000114  0.000065  -0.000114  1.000000  0.000002  -0.000065  -0.000002  1.000000  0.999994  0.003170  0.001619  -0.003171  0.999995  0.000048  -0.001619  -0.000053  0.999999  0.000096  0.010521  
149.689101 0.007754  0.094776  -0.000800  0.996689  0.078585  -0.020854  -0.078544  0.996907  0.002738  0.021005  -0.001091  0.999779  0.001307  -0.001420  -0.000591  0.001866  0.233478  0.339305  2.000000  0.999992  0.003636  0.001885  -0.003636  0.999993  0.000050  -0.001885  -0.000057  0.999998  0.999942  0.009269  -0.005475  -0.009269  0.999957  0.000072  0.005475  -0.000021  0.999985  1.000000  0.000117  0.000066  -0.000117  1.000000  0.000001  -0.000066  -0.000001  1.000000  0.999992  0.003636  0.001885  -0.003636  0.999993  0.000050  -0.001885  -0.000057  0.999998  0.000101  0.010765  
149.690372 0.007755  0.094772  -0.000801  0.996648  0.078995  -0.021253  -0.078954  0.996874  0.002779  0.021406  -0.001091  0.999770  0.001174  -0.001696  -0.000552  0.002201  0.242269  0.352879  2.000000  0.999989  0.004237  0.002231  -0.004237  0.999991  0.000052  -0.002231  -0.000061  0.999998  0.999937  0.009681  -0.005608  -0.009680  0.999953  0.000084  0.005609  -0.000030  0.999984  1.000000  0.000121  0.000070  -0.000121  1.000000  0.000001  -0.000070  -0.000001  1.000000  0.999989  0.004237  0.002231  -0.004237  0.999991  0.000052  -0.002231  -0.000061  0.999998  0.000106  0.011188  
149.691603 0.007756  0.094768  -0.000802  0.996591  0.079612  -0.021651  -0.079569  0.996825  0.002824  0.021807  -0.001091  0.999762  0.001042  -0.001952  -0.000551  0.002697  0.246877  0.373832  2.000000  0.999986  0.004727  0.002513  -0.004727  0.999989  0.000054  -0.002512  -0.000065  0.999997  0.999935  0.009887  -0.005608  -0.009886  0.999951  0.000093  0.005608  -0.000037  0.999984  1.000000  0.000123  0.000072  -0.000123  1.000000  0.000001  -0.000072  -0.000001  1.000000  0.999986  0.004727  0.002513  -0.004727  0.999989  0.000054  -0.002512  -0.000065  0.999997  0.000110  0.011367  
149.692858 0.007756  0.094764  -0.000802  0.996533  0.080225  -0.022059  -0.080184  0.996776  0.002748  0.022209  -0.000970  0.999753  0.000951  -0.002214  -0.000524  -0.000770  0.255812  0.401417  2.000000  0.999982  0.005348  0.002874  -0.005348  0.999986  0.000055  -0.002873  -0.000070  0.999996  0.999935  0.009886  -0.005743  -0.009886  0.999951  -0.000024  0.005742  0.000081  0.999984  1.000000  0.000124  0.000071  -0.000124  1.000000  -0.000001  -0.000071  0.000001  1.000000  0.999982  0.005348  0.002874  -0.005348  0.999986  0.000055  -0.002873  -0.000070  0.999996  0.000117  0.011433  
149.693861 0.007756  0.094760  -0.000802  0.996510  0.080430  -0.022325  -0.080388  0.996760  0.002775  0.022476  -0.000970  0.999747  0.000804  -0.002447  -0.000520  -0.000561  0.260328  0.408380  2.000000  0.999978  0.005848  0.003162  -0.005848  0.999983  0.000050  -0.003161  -0.000069  0.999995  0.999932  0.010092  -0.005876  -0.010092  0.999949  -0.000016  0.005876  0.000075  0.999983  1.000000  0.000127  0.000073  -0.000127  1.000000  -0.000001  -0.000073  0.000001  1.000000  0.999978  0.005848  0.003162  -0.005848  0.999983  0.000050  -0.003161  -0.000069  0.999995  0.000120  0.011678  
149.695101 0.007756  0.094756  -0.000802  0.996468  0.080841  -0.022724  -0.080798  0.996727  0.002816  0.022878  -0.000970  0.999738  0.000710  -0.002625  -0.000411  -0.000294  0.264937  0.415489  2.000000  0.999974  0.006352  0.003450  -0.006352  0.999980  0.000046  -0.003450  -0.000068  0.999994  0.999932  0.010092  -0.005876  -0.010092  0.999949  -0.000013  0.005876  0.000072  0.999983  1.000000  0.000127  0.000073  -0.000127  1.000000  -0.000001  -0.000073  0.000001  1.000000  0.999974  0.006352  0.003450  -0.006352  0.999980  0.000046  -0.003450  -0.000068  0.999994  0.000123  0.011678  
149.696104 0.007756  0.094753  -0.000802  0.996432  0.081249  -0.022866  -0.081208  0.996693  0.002715  0.023011  -0.000849  0.999735  0.000644  -0.002789  -0.000327  -0.004184  0.264949  0.422382  2.000000  0.999970  0.006854  0.003728  -0.006854  0.999977  0.000038  -0.003728  -0.000063  0.999993  0.999936  0.009679  -0.005878  -0.009680  0.999953  -0.000141  0.005876  0.000198  0.999983  1.000000  0.000124  0.000068  -0.000124  1.000000  -0.000002  -0.000068  0.000002  1.000000  0.999970  0.006854  0.003728  -0.006854  0.999977  0.000038  -0.003728  -0.000063  0.999993  0.000123  0.011326  
149.697108 0.007756  0.094750  -0.000802  0.996409  0.081454  -0.023132  -0.081413  0.996677  0.002742  0.023279  -0.000849  0.999729  0.000549  -0.002915  -0.000276  -0.004099  0.269386  0.422290  2.000000  0.999965  0.007353  0.004002  -0.007353  0.999973  0.000027  -0.004002  -0.000057  0.999992  0.999935  0.009679  -0.006012  -0.009680  0.999953  -0.000139  0.006010  0.000197  0.999982  1.000000  0.000126  0.000067  -0.000126  1.000000  -0.000002  -0.000067  0.000002  1.000000  0.999965  0.007353  0.004002  -0.007353  0.999973  0.000027  -0.004002  -0.000057  0.999992  0.000125  0.011396  
149.698363 0.007756  0.094745  -0.000801  0.996369  0.081862  -0.023408  -0.081822  0.996643  0.002652  0.023546  -0.000728  0.999722  0.000494  -0.003084  -0.000223  -0.007953  0.273815  0.429058  2.000000  0.999959  0.007974  0.004330  -0.007974  0.999968  0.000010  -0.004330  -0.000044  0.999991  0.999937  0.009473  -0.006013  -0.009475  0.999955  -0.000262  0.006010  0.000319  0.999982  1.000000  0.000124  0.000065  -0.000124  1.000000  -0.000004  -0.000065  0.000004  1.000000  0.999959  0.007974  0.004330  -0.007974  0.999968  0.000010  -0.004330  -0.000044  0.999991  0.000127  0.011224  
149.699483 0.007755  0.094742  -0.000800  0.996346  0.082067  -0.023674  -0.082027  0.996627  0.002679  0.023814  -0.000728  0.999716  0.000360  -0.003178  -0.000131  -0.007807  0.272699  0.427307  2.000000  0.999954  0.008462  0.004580  -0.008462  0.999964  -0.000007  -0.004580  -0.000032  0.999990  0.999941  0.009061  -0.006013  -0.009063  0.999959  -0.000269  0.006011  0.000324  0.999982  1.000000  0.000122  0.000061  -0.000122  1.000000  -0.000004  -0.000061  0.000004  1.000000  0.999954  0.008462  0.004580  -0.008462  0.999964  -0.000007  -0.004580  -0.000032  0.999990  0.000129  0.010879  
149.700642 0.007755  0.094737  -0.000799  0.996302  0.082475  -0.024083  -0.082436  0.996593  0.002601  0.024215  -0.000606  0.999707  0.000174  -0.003339  0.000004  -0.011591  0.273556  0.435508  2.000000  0.999950  0.008825  0.004757  -0.008825  0.999961  -0.000023  -0.004757  -0.000019  0.999989  0.999943  0.008855  -0.006015  -0.008857  0.999961  -0.000393  0.006011  0.000447  0.999982  1.000000  0.000120  0.000058  -0.000120  1.000000  -0.000005  -0.000058  0.000005  1.000000  0.999950  0.008825  0.004757  -0.008825  0.999961  -0.000023  -0.004757  -0.000019  0.999989  0.000127  0.010713  
149.701849 0.007754  0.094733  -0.000798  0.996279  0.082678  -0.024359  -0.082641  0.996576  0.002507  0.024483  -0.000485  0.999700  0.000065  -0.003438  0.000072  -0.015579  0.271699  0.425620  2.000000  0.999944  0.009307  0.004981  -0.009307  0.999957  -0.000049  -0.004981  0.000002  0.999988  0.999945  0.008442  -0.006150  -0.008446  0.999964  -0.000521  0.006145  0.000573  0.999981  1.000000  0.000119  0.000053  -0.000119  1.000000  -0.000007  -0.000053  0.000007  1.000000  0.999944  0.009307  0.004981  -0.009307  0.999957  -0.000049  -0.004981  0.000002  0.999988  0.000126  0.010459  
149.702851 0.007754  0.094729  -0.000797  0.996272  0.082675  -0.024635  -0.082640  0.996577  0.002409  0.024750  -0.000364  0.999694  0.000001  -0.003456  0.000196  -0.019956  0.273991  0.415299  2.000000  0.999940  0.009664  0.005140  -0.009664  0.999953  -0.000071  -0.005141  0.000021  0.999987  0.999947  0.008236  -0.006150  -0.008240  0.999966  -0.000524  0.006145  0.000575  0.999981  1.000000  0.000118  0.000051  -0.000118  1.000000  -0.000007  -0.000051  0.000007  1.000000  0.999940  0.009664  0.005140  -0.009664  0.999953  -0.000071  -0.005141  0.000021  0.999987  0.000124  0.010294  
149.704101 0.007753  0.094724  -0.000795  0.996231  0.083085  -0.024901  -0.083050  0.996542  0.002441  0.025018  -0.000364  0.999687  -0.000083  -0.003433  0.000397  -0.019691  0.271869  0.412079  2.000000  0.999933  0.010246  0.005393  -0.010245  0.999948  -0.000115  -0.005394  0.000060  0.999985  0.999950  0.008030  -0.006017  -0.008034  0.999968  -0.000648  0.006012  0.000697  0.999982  1.000000  0.000115  0.000049  -0.000115  1.000000  -0.000008  -0.000049  0.000008  1.000000  0.999933  0.010246  0.005393  -0.010245  0.999948  -0.000115  -0.005394  0.000060  0.999985  0.000122  0.010057  
149.705355 0.007752  0.094720  -0.000793  0.996207  0.083287  -0.025177  -0.083255  0.996526  0.002348  0.025285  -0.000243  0.999680  -0.000172  -0.003492  0.000512  -0.023907  0.271784  0.398156  2.000000  0.999926  0.010811  0.005625  -0.010810  0.999942  -0.000166  -0.005626  0.000105  0.999984  0.999955  0.007411  -0.005885  -0.007416  0.999972  -0.000783  0.005879  0.000827  0.999982  1.000000  0.000110  0.000043  -0.000110  1.000000  -0.000010  -0.000043  0.000010  1.000000  0.999926  0.010811  0.005625  -0.010810  0.999942  -0.000166  -0.005626  0.000105  0.999984  0.000119  0.009498  
149.706357 0.007752  0.094717  -0.000792  0.996184  0.083489  -0.025453  -0.083459  0.996509  0.002254  0.025553  -0.000121  0.999673  -0.000249  -0.003526  0.000633  -0.027993  0.271829  0.391300  2.000000  0.999920  0.011248  0.005797  -0.011247  0.999937  -0.000211  -0.005799  0.000146  0.999983  0.999958  0.007205  -0.005752  -0.007210  0.999974  -0.000909  0.005745  0.000950  0.999983  1.000000  0.000107  0.000042  -0.000107  1.000000  -0.000012  -0.000042  0.000012  1.000000  0.999920  0.011248  0.005797  -0.011247  0.999937  -0.000211  -0.005799  0.000146  0.999983  0.000118  0.009266  
149.707369 0.007751  0.094712  -0.000791  0.996180  0.083486  -0.025597  -0.083459  0.996509  0.002144  0.025687  0.000000  0.999670  -0.000342  -0.003595  0.000700  -0.032437  0.271929  0.370782  2.000000  0.999914  0.011673  0.005953  -0.011671  0.999932  -0.000261  -0.005956  0.000192  0.999982  0.999960  0.006792  -0.005753  -0.006798  0.999976  -0.001038  0.005746  0.001078  0.999983  1.000000  0.000105  0.000038  -0.000105  1.000000  -0.000013  -0.000038  0.000013  1.000000  0.999914  0.011673  0.005953  -0.011671  0.999932  -0.000261  -0.005956  0.000192  0.999982  0.000117  0.008964  
149.708605 0.007749  0.094707  -0.000791  0.996156  0.083688  -0.025873  -0.083663  0.996492  0.002051  0.025954  0.000121  0.999663  -0.000437  -0.003625  0.000769  -0.037111  0.269694  0.353041  2.000000  0.999909  0.012077  0.006087  -0.012075  0.999927  -0.000318  -0.006091  0.000244  0.999981  0.999966  0.006174  -0.005486  -0.006181  0.999980  -0.001175  0.005479  0.001209  0.999984  1.000000  0.000098  0.000033  -0.000098  1.000000  -0.000015  -0.000033  0.000015  1.000000  0.999909  0.012077  0.006087  -0.012075  0.999927  -0.000318  -0.006091  0.000244  0.999981  0.000113  0.008345  
149.709857 0.007748  0.094702  -0.000790  0.996135  0.083890  -0.026016  -0.083868  0.996475  0.001947  0.026088  0.000243  0.999660  -0.000509  -0.003637  0.000790  -0.040922  0.262976  0.343173  2.000000  0.999903  0.012466  0.006204  -0.012464  0.999922  -0.000381  -0.006209  0.000303  0.999981  0.999968  0.005762  -0.005487  -0.005769  0.999983  -0.001305  0.005479  0.001337  0.999984  1.000000  0.000095  0.000028  -0.000095  1.000000  -0.000017  -0.000028  0.000017  1.000000  0.999903  0.012466  0.006204  -0.012464  0.999922  -0.000381  -0.006209  0.000303  0.999981  0.000108  0.008065  
149.711106 0.007747  0.094698  -0.000789  0.996111  0.084092  -0.026293  -0.084073  0.996458  0.001854  0.026355  0.000364  0.999653  -0.000616  -0.003644  0.000848  -0.045676  0.256244  0.325307  2.000000  0.999896  0.012935  0.006337  -0.012933  0.999916  -0.000457  -0.006342  0.000375  0.999980  0.999971  0.005350  -0.005353  -0.005357  0.999985  -0.001193  0.005346  0.001222  0.999985  1.000000  0.000091  0.000025  -0.000091  1.000000  -0.000015  -0.000025  0.000015  1.000000  0.999896  0.012935  0.006337  -0.012933  0.999916  -0.000457  -0.006342  0.000375  0.999980  0.000105  0.007664  
149.712358 0.007746  0.094694  -0.000789  0.996104  0.084089  -0.026569  -0.084072  0.996458  0.001756  0.026623  0.000485  0.999645  -0.000679  -0.003637  0.000825  -0.050121  0.256171  0.304412  2.000000  0.999890  0.013385  0.006459  -0.013382  0.999910  -0.000542  -0.006466  0.000456  0.999979  0.999974  0.005144  -0.005086  -0.005150  0.999986  -0.001319  0.005079  0.001345  0.999986  1.000000  0.000087  0.000024  -0.000087  1.000000  -0.000017  -0.000024  0.000017  1.000000  0.999890  0.013385  0.006459  -0.013382  0.999910  -0.000542  -0.006466  0.000456  0.999979  0.000101  0.007355  
149.713359 0.007745  0.094691  -0.000789  0.996083  0.084291  -0.026712  -0.084277  0.996441  0.001651  0.026757  0.000606  0.999642  -0.000739  -0.003614  0.000814  -0.054429  0.247174  0.290527  2.000000  0.999888  0.013471  0.006481  -0.013468  0.999909  -0.000561  -0.006488  0.000473  0.999979  0.999977  0.004731  -0.004953  -0.004739  0.999988  -0.001450  0.004946  0.001474  0.999987  1.000000  0.000000  0.000000  0.000000  1.000000  0.000000  0.000000  0.000000  1.000000  0.999888  0.013471  0.006481  -0.013468  0.999909  -0.000561  -0.006488  0.000473  0.999979  0.000099  0.000000  
149.714608 0.007743  0.094687  -0.000789  0.996080  0.084287  -0.026856  -0.084276  0.996441  0.001542  0.026890  0.000728  0.999638  -0.000850  -0.003574  0.000694  -0.058947  0.242775  0.269846  2.000000  0.999888  0.013471  0.006481  -0.013468  0.999909  -0.000561  -0.006488  0.000473  0.999979  0.999981  0.004114  -0.004685  -0.004120  0.999990  -0.001466  0.004679  0.001485  0.999988  1.000000  0.000000  0.000000  0.000000  1.000000  0.000000  0.000000  0.000000  1.000000  0.999888  0.013471  0.006481  -0.013468  0.999909  -0.000561  -0.006488  0.000473  0.999979  0.000093  0.000000  
149.715858 0.007741  0.094683  -0.000790  0.996055  0.084489  -0.027132  -0.084481  0.996424  0.001449  0.027158  0.000849  0.999631  -0.000929  -0.003555  0.000562  -0.063412  0.238252  0.249027  2.000000  0.999888  0.013471  0.006481  -0.013468  0.999909  -0.000561  -0.006488  0.000473  0.999979  0.999983  0.003701  -0.004418  -0.003709  0.999992  -0.001719  0.004412  0.001736  0.999989  1.000000  0.000000  0.000000  0.000000  1.000000  0.000000  0.000000  0.000000  1.000000  0.999888  0.013471  0.006481  -0.013468  0.999909  -0.000561  -0.006488  0.000473  0.999979  0.000088  0.000000  
149.717099 0.007739  0.094680  -0.000791  0.996051  0.084486  -0.027276  -0.084481  0.996424  0.001340  0.027292  0.000970  0.999627  -0.001019  -0.003418  0.000462  -0.067223  0.231895  0.233290  2.000000  0.999888  0.013471  0.006481  -0.013468  0.999909  -0.000561  -0.006488  0.000473  0.999979  0.999985  0.003495  -0.004151  -0.003502  0.999992  -0.001724  0.004145  0.001739  0.999990  1.000000  0.000000  0.000000  0.000000  1.000000  0.000000  0.000000  0.000000  1.000000  0.999888  0.013471  0.006481  -0.013468  0.999909  -0.000561  -0.006488  0.000473  0.999979  0.000084  0.000000  
149.718111 0.007738  0.094678  -0.000791  0.996030  0.084687  -0.027419  -0.084685  0.996407  0.001236  0.027425  0.001091  0.999623  -0.001068  -0.003351  0.000361  -0.068039  0.224811  0.221319  2.000000  0.999888  0.013471  0.006481  -0.013468  0.999909  -0.000561  -0.006488  0.000473  0.999979  0.999985  0.003494  -0.004151  -0.003502  0.999992  -0.001845  0.004145  0.001860  0.999990  1.000000  0.000000  0.000000  0.000000  1.000000  0.000000  0.000000  0.000000  1.000000  0.999888  0.013471  0.006481  -0.013468  0.999909  -0.000561  -0.006488  0.000473  0.999979  0.000081  0.000000  
149.719349 0.007736  0.094675  -0.000791  0.996027  0.084684  -0.027563  -0.084685  0.996407  0.001126  0.027559  0.001213  0.999619  -0.001101  -0.003236  0.000257  -0.071832  0.218580  0.205826  2.000000  0.999888  0.013471  0.006481  -0.013468  0.999909  -0.000561  -0.006488  0.000473  0.999979  0.999988  0.003082  -0.003884  -0.003090  0.999994  -0.001856  0.003878  0.001868  0.999991  1.000000  0.000000  0.000000  0.000000  1.000000  0.000000  0.000000  0.000000  1.000000  0.999888  0.013471  0.006481  -0.013468  0.999909  -0.000561  -0.006488  0.000473  0.999979  0.000076  0.000000  
149.720351 0.007734  0.094672  -0.000792  0.996005  0.084885  -0.027706  -0.084890  0.996390  0.001022  0.027693  0.001334  0.999616  -0.001182  -0.003157  0.000083  -0.076034  0.209793  0.199068  2.000000  0.999888  0.013471  0.006481  -0.013468  0.999909  -0.000561  -0.006488  0.000473  0.999979  0.999988  0.002876  -0.003884  -0.002884  0.999994  -0.001983  0.003878  0.001994  0.999990  1.000000  0.000000  0.000000  0.000000  1.000000  0.000000  0.000000  0.000000  1.000000  0.999888  0.013471  0.006481  -0.013468  0.999909  -0.000561  -0.006488  0.000473  0.999979  0.000075  0.000000  
149.721600 0.007733  0.094670  -0.000793  0.996002  0.084882  -0.027850  -0.084889  0.996390  0.000913  0.027827  0.001455  0.999612  -0.001250  -0.003000  -0.000084  -0.080487  0.200748  0.178346  2.000000  0.999888  0.013471  0.006481  -0.013468  0.999909  -0.000561  -0.006488  0.000473  0.999979  0.999990  0.002464  -0.003616  -0.002472  0.999995  -0.001993  0.003611  0.002002  0.999991  1.000000  0.000000  0.000000  0.000000  1.000000  0.000000  0.000000  0.000000  1.000000  0.999888  0.013471  0.006481  -0.013468  0.999909  -0.000561  -0.006488  0.000473  0.999979  0.000072  0.000000  
149.722850 0.007731  0.094667  -0.000794  0.995981  0.085080  -0.028003  -0.085094  0.996373  0.000688  0.027960  0.001697  0.999608  -0.001288  -0.002868  -0.000192  -0.084842  0.191889  0.164619  2.000000  0.999888  0.013471  0.006481  -0.013468  0.999909  -0.000561  -0.006488  0.000473  0.999979  0.999991  0.002464  -0.003349  -0.002471  0.999995  -0.001993  0.003344  0.002001  0.999992  1.000000  0.000000  0.000000  0.000000  1.000000  0.000000  0.000000  0.000000  1.000000  0.999888  0.013471  0.006481  -0.013468  0.999909  -0.000561  -0.006488  0.000473  0.999979  0.000068  0.000000  
149.723866 0.007730  0.094665  -0.000796  0.995977  0.085080  -0.028137  -0.085094  0.996373  0.000700  0.028094  0.001697  0.999604  -0.001338  -0.002750  -0.000340  -0.086545  0.185968  0.153377  2.000000  0.999888  0.013471  0.006481  -0.013468  0.999909  -0.000561  -0.006488  0.000473  0.999979  0.999992  0.002258  -0.003215  -0.002265  0.999995  -0.001998  0.003210  0.002006  0.999993  1.000000  0.000000  0.000000  0.000000  1.000000  0.000000  0.000000  0.000000  1.000000  0.999888  0.013471  0.006481  -0.013468  0.999909  -0.000561  -0.006488  0.000473  0.999979  0.000065  0.000000  
149.724866 0.007728  0.094662  -0.000797  0.995973  0.085076  -0.028280  -0.085094  0.996373  0.000590  0.028228  0.001819  0.999600  -0.001346  -0.002617  -0.000508  -0.090015  0.179864  0.145121  2.000000  0.999888  0.013471  0.006481  -0.013468  0.999909  -0.000561  -0.006488  0.000473  0.999979  0.999993  0.002052  -0.003215  -0.002059  0.999996  -0.002125  0.003210  0.002132  0.999993  1.000000  0.000000  0.000000  0.000000  1.000000  0.000000  0.000000  0.000000  1.000000  0.999888  0.013471  0.006481  -0.013468  0.999909  -0.000561  -0.006488  0.000473  0.999979  0.000063  0.000000  
149.726104 0.007727  0.094660  -0.000799  0.995952  0.085274  -0.028434  -0.085298  0.996355  0.000366  0.028362  0.002061  0.999596  -0.001338  -0.002544  -0.000653  -0.094300  0.175505  0.138266  2.000000  0.999888  0.013471  0.006481  -0.013468  0.999909  -0.000561  -0.006488  0.000473  0.999979  0.999993  0.002258  -0.002948  -0.002264  0.999995  -0.002119  0.002943  0.002126  0.999993  1.000000  0.000000  0.000000  0.000000  1.000000  0.000000  0.000000  0.000000  1.000000  0.999888  0.013471  0.006481  -0.013468  0.999909  -0.000561  -0.006488  0.000473  0.999979  0.000061  0.000000  
149.727106 0.007726  0.094658  -0.000800  0.995952  0.085274  -0.028434  -0.085298  0.996355  0.000366  0.028362  0.002061  0.999596  -0.001344  -0.002445  -0.000765  -0.093674  0.169564  0.130244  2.000000  0.999888  0.013471  0.006481  -0.013468  0.999909  -0.000561  -0.006488  0.000473  0.999979  0.999994  0.002052  -0.002948  -0.002058  0.999996  -0.002125  0.002943  0.002131  0.999993  1.000000  0.000000  0.000000  0.000000  1.000000  0.000000  0.000000  0.000000  1.000000  0.999888  0.013471  0.006481  -0.013468  0.999909  -0.000561  -0.006488  0.000473  0.999979  0.000058  0.000000  
149.728107 0.007725  0.094656  -0.000803  0.995948  0.085270  -0.028578  -0.085298  0.996355  0.000256  0.028495  0.002182  0.999592  -0.001321  -0.002364  -0.000944  -0.094809  0.166522  0.117502  2.000000  0.999888  0.013471  0.006481  -0.013468  0.999909  -0.000561  -0.006488  0.000473  0.999979  0.999994  0.001846  -0.002814  -0.001852  0.999996  -0.002131  0.002810  0.002136  0.999994  1.000000  0.000000  0.000000  0.000000  1.000000  0.000000  0.000000  0.000000  1.000000  0.999888  0.013471  0.006481  -0.013468  0.999909  -0.000561  -0.006488  0.000473  0.999979  0.000057  0.000000  
149.729109 0.007725  0.094655  -0.000804  0.995930  0.085472  -0.028588  -0.085503  0.996338  0.000141  0.028495  0.002304  0.999591  -0.001243  -0.002244  -0.001034  0.000000  0.000000  0.000000  2.000000  0.999888  0.013471  0.006481  -0.013468  0.999909  -0.000561  -0.006488  0.000473  0.999979  0.999995  0.001846  -0.002680  -0.001852  0.999996  -0.002131  0.002676  0.002135  0.999994  1.000000  0.000000  0.000000  0.000000  1.000000  0.000000  0.000000  0.000000  1.000000  0.999888  0.013471  0.006481  -0.013468  0.999909  -0.000561  -0.006488  0.000473  0.999979  0.000000  0.000000  
149.730352 0.007724  0.094652  -0.000807  0.995927  0.085468  -0.028732  -0.085503  0.996338  0.000032  0.028629  0.002425  0.999587  -0.001207  -0.002150  -0.001150  0.000000  0.000000  0.000000  2.000000  0.999888  0.013471  0.006481  -0.013468  0.999909  -0.000561  -0.006488  0.000473  0.999979  0.999995  0.001640  -0.002546  -0.001646  0.999996  -0.002136  0.002543  0.002140  0.999994  1.000000  0.000000  0.000000  0.000000  1.000000  0.000000  0.000000  0.000000  1.000000  0.999888  0.013471  0.006481  -0.013468  0.999909  -0.000561  -0.006488  0.000473  0.999979  0.000000  0.000000  
149.731607 0.007722  0.094650  -0.000810  0.995905  0.085670  -0.028875  -0.085707  0.996320  -0.000072  0.028763  0.002546  0.999583  -0.001181  -0.002049  -0.001336  0.000000  0.000000  0.000000  2.000000  0.999888  0.013471  0.006481  -0.013468  0.999909  -0.000561  -0.006488  0.000473  0.999979  0.999996  0.001434  -0.002412  -0.001440  0.999997  -0.002142  0.002409  0.002145  0.999995  1.000000  0.000000  0.000000  0.000000  1.000000  0.000000  0.000000  0.000000  1.000000  0.999888  0.013471  0.006481  -0.013468  0.999909  -0.000561  -0.006488  0.000473  0.999979  0.000000  0.000000  
149.732852 0.007721  0.094649  -0.000813  0.995901  0.085666  -0.029019  -0.085707  0.996320  -0.000181  0.028896  0.002667  0.999579  -0.001115  -0.001946  -0.001528  0.000000  0.000000  0.000000  2.000000  0.999888  0.013471  0.006481  -0.013468  0.999909  -0.000561  -0.006488  0.000473  0.999979  0.999996  0.001640  -0.002279  -0.001645  0.999996  -0.002136  0.002275  0.002139  0.999995  1.000000  0.000000  0.000000  0.000000  1.000000  0.000000  0.000000  0.000000  1.000000  0.999888  0.013471  0.006481  -0.013468  0.999909  -0.000561  -0.006488  0.000473  0.999979  0.000000  0.000000  
149.734105 0.007720  0.094647  -0.000816  0.995901  0.085662  -0.029029  -0.085707  0.996320  -0.000302  0.028896  0.002789  0.999579  -0.001083  -0.001887  -0.001694  0.000000  0.000000  0.000000  2.000000  0.999888  0.013471  0.006481  -0.013468  0.999909  -0.000561  -0.006488  0.000473  0.999979  0.999997  0.001435  -0.002145  -0.001439  0.999997  -0.002142  0.002142  0.002145  0.999995  1.000000  0.000000  0.000000  0.000000  1.000000  0.000000  0.000000  0.000000  1.000000  0.999888  0.013471  0.006481  -0.013468  0.999909  -0.000561  -0.006488  0.000473  0.999979  0.000000  0.000000  
149.735349 0.007719  0.094646  -0.000819  0.995897  0.085658  -0.029173  -0.085707  0.996320  -0.000411  0.029030  0.002910  0.999574  -0.001019  -0.001769  -0.001777  0.000000  0.000000  0.000000  2.000000  0.999888  0.013471  0.006481  -0.013468  0.999909  -0.000561  -0.006488  0.000473  0.999979  0.999997  0.001435  -0.002011  -0.001439  0.999997  -0.002142  0.002008  0.002144  0.999996  1.000000  0.000000  0.000000  0.000000  1.000000  0.000000  0.000000  0.000000  1.000000  0.999888  0.013471  0.006481  -0.013468  0.999909  -0.000561  -0.006488  0.000473  0.999979  0.000000  0.000000  
149.736350 0.007719  0.094645  -0.000820  0.995897  0.085655  -0.029183  -0.085707  0.996320  -0.000532  0.029030  0.003031  0.999574  -0.000978  -0.001700  -0.001843  0.000000  0.000000  0.000000  2.000000  0.999888  0.013471  0.006481  -0.013468  0.999909  -0.000561  -0.006488  0.000473  0.999979  0.999997  0.001229  -0.001877  -0.001233  0.999997  -0.002147  0.001874  0.002150  0.999996  1.000000  0.000000  0.000000  0.000000  1.000000  0.000000  0.000000  0.000000  1.000000  0.999888  0.013471  0.006481  -0.013468  0.999909  -0.000561  -0.006488  0.000473  0.999979  0.000000  0.000000  
149.737356 0.007718  0.094644  -0.000822  0.995876  0.085856  -0.029327  -0.085911  0.996303  -0.000635  0.029164  0.003152  0.999570  -0.000915  -0.001580  -0.001900  0.000000  0.000000  0.000000  2.000000  0.999888  0.013471  0.006481  -0.013468  0.999909  -0.000561  -0.006488  0.000473  0.999979  0.999997  0.001228  -0.002011  -0.001233  0.999997  -0.002147  0.002008  0.002150  0.999996  1.000000  0.000000  0.000000  0.000000  1.000000  0.000000  0.000000  0.000000  1.000000  0.999888  0.013471  0.006481  -0.013468  0.999909  -0.000561  -0.006488  0.000473  0.999979  0.000000  0.000000  
