1-Time 2-Px 3-Py 4-Pz 5-R11 6-R21 7-R31 8-R12 9-R22 10-R32 11-R13 12-R23 13-R33 14-Vx 15-Vy 16-Vz 17-Wx 18-Wy 19-Wz 20-state 21-PR11 22-PR21 23-PR31 24-PR12 25-PR22 26-PR32 27-PR13 28-PR23 29-PR33 
53.550808 0.002326  0.090603  -0.005819  0.999009  -0.019389  -0.040065  0.018101  0.999315  -0.032263  0.040664  0.031506  0.998676  -0.000230  0.000285  0.000869  0.000000  0.000000  0.000000  2.000000  1.000000  0.000000  0.000000  0.000000  1.000000  0.000000  0.000000  0.000000  1.000000  1.000000  0.000004  0.000134  -0.000004  1.000000  -0.000000  -0.000134  -0.000000  1.000000  1.000000  0.000000  0.000000  0.000000  1.000000  0.000000  0.000000  0.000000  1.000000  0.691462  0.490602  -0.530273  -0.638052  0.758972  -0.129812  0.338777  0.428102  0.837830  0.000000  0.000000  
53.552063 0.002326  0.090603  -0.005818  0.999009  -0.019389  -0.040065  0.018101  0.999315  -0.032263  0.040664  0.031506  0.998676  -0.000221  0.000286  0.000849  0.000000  0.000000  0.000000  2.000000  1.000000  0.000000  0.000000  0.000000  1.000000  0.000000  0.000000  0.000000  1.000000  1.000000  0.000004  0.000134  -0.000004  1.000000  -0.000000  -0.000134  -0.000000  1.000000  1.000000  0.000000  0.000000  0.000000  1.000000  0.000000  0.000000  0.000000  1.000000  1.000000  0.000000  0.000000  0.000000  1.000000  0.000000  0.000000  0.000000  1.000000  0.000000  0.000000  
53.553069 0.002325  0.090601  -0.005820  0.999003  -0.019393  -0.040199  0.018101  0.999315  -0.032266  0.040797  0.031506  0.998671  -0.000251  0.000126  0.000719  0.000000  0.000000  0.000000  2.000000  1.000000  0.000000  0.000000  0.000000  1.000000  0.000000  0.000000  0.000000  1.000000  1.000000  -0.000000  0.000000  -0.000000  1.000000  0.000000  0.000000  0.000000  1.000000  1.000000  0.000000  0.000000  0.000000  1.000000  0.000000  0.000000  0.000000  1.000000  1.000000  0.000000  0.000000  0.000000  1.000000  0.000000  0.000000  0.000000  1.000000  0.000000  0.000000  
53.554310 0.002323  0.090597  -0.005822  0.998989  -0.019607  -0.040460  0.018306  0.999311  -0.032279  0.041065  0.031505  0.998660  -0.000354  -0.000139  0.000507  0.000000  0.000000  0.000000  2.000000  1.000000  0.000000  0.000000  0.000000  1.000000  0.000000  0.000000  0.000000  1.000000  1.000000  -0.000210  -0.000127  0.000210  1.000000  -0.000008  0.000127  0.000008  1.000000  1.000000  0.000000  0.000000  0.000000  1.000000  0.000000  0.000000  0.000000  1.000000  1.000000  0.000000  0.000000  0.000000  1.000000  0.000000  0.000000  0.000000  1.000000  0.000000  0.000000  
53.555563 0.002323  0.090595  -0.005823  0.998983  -0.019616  -0.040591  0.018306  0.999307  -0.032402  0.041198  0.031626  0.998650  -0.000352  -0.000329  0.000319  0.000000  0.000000  0.000000  2.000000  1.000000  0.000000  0.000000  0.000000  1.000000  0.000000  0.000000  0.000000  1.000000  1.000000  -0.000218  -0.000395  0.000218  1.000000  -0.000008  0.000395  0.000008  1.000000  1.000000  0.000000  0.000000  0.000000  1.000000  0.000000  0.000000  0.000000  1.000000  1.000000  0.000000  0.000000  0.000000  1.000000  0.000000  0.000000  0.000000  1.000000  0.000000  0.000000  
53.556808 0.002323  0.090592  -0.005826  0.998974  -0.019826  -0.040718  0.018512  0.999303  -0.032413  0.041332  0.031626  0.998645  -0.000328  -0.000547  0.000108  0.000000  0.000000  0.000000  2.000000  1.000000  0.000000  0.000000  0.000000  1.000000  0.000000  0.000000  0.000000  1.000000  1.000000  -0.000424  -0.000388  0.000424  1.000000  -0.000138  0.000388  0.000138  1.000000  1.000000  0.000000  0.000000  0.000000  1.000000  0.000000  0.000000  0.000000  1.000000  1.000000  0.000000  0.000000  0.000000  1.000000  0.000000  0.000000  0.000000  1.000000  0.000000  0.000000  
53.557808 0.002323  0.090589  -0.005828  0.998974  -0.019826  -0.040718  0.018512  0.999303  -0.032413  0.041332  0.031626  0.998645  -0.000343  -0.000767  -0.000132  0.000000  0.000000  0.000000  2.000000  1.000000  0.000000  0.000000  0.000000  1.000000  0.000000  0.000000  0.000000  1.000000  1.000000  -0.000428  -0.000522  0.000428  1.000000  -0.000138  0.000522  0.000138  1.000000  1.000000  0.000000  0.000000  0.000000  1.000000  0.000000  0.000000  0.000000  1.000000  1.000000  0.000000  0.000000  0.000000  1.000000  0.000000  0.000000  0.000000  1.000000  0.000000  0.000000  
53.558813 0.002323  0.090586  -0.005830  0.998974  -0.019826  -0.040718  0.018512  0.999303  -0.032413  0.041332  0.031626  0.998645  -0.000320  -0.000984  -0.000343  0.000000  0.000000  0.000000  2.000000  1.000000  0.000000  0.000000  0.000000  1.000000  0.000000  0.000000  0.000000  1.000000  1.000000  -0.000428  -0.000522  0.000428  1.000000  -0.000138  0.000522  0.000138  1.000000  1.000000  0.000000  0.000000  0.000000  1.000000  0.000000  0.000000  0.000000  1.000000  1.000000  0.000000  0.000000  0.000000  1.000000  0.000000  0.000000  0.000000  1.000000  0.000000  0.000000  
53.560057 0.002322  0.090582  -0.005833  0.998965  -0.020041  -0.040842  0.018717  0.999295  -0.032545  0.041466  0.031747  0.998635  -0.000299  -0.001278  -0.000588  0.000000  0.000000  0.000000  2.000000  1.000000  0.000000  0.000000  0.000000  1.000000  0.000000  0.000000  0.000000  1.000000  0.999999  -0.000642  -0.000783  0.000642  1.000000  -0.000268  0.000783  0.000268  1.000000  1.000000  0.000000  0.000000  0.000000  1.000000  0.000000  0.000000  0.000000  1.000000  1.000000  0.000000  0.000000  0.000000  1.000000  0.000000  0.000000  0.000000  1.000000  0.000000  0.000000  
53.561058 0.002322  0.090579  -0.005835  0.998959  -0.020050  -0.040973  0.018717  0.999291  -0.032669  0.041599  0.031868  0.998626  -0.000301  -0.001503  -0.000863  0.000000  0.000000  0.000000  2.000000  1.000000  0.000000  0.000000  0.000000  1.000000  0.000000  0.000000  0.000000  1.000000  0.999999  -0.000647  -0.000916  0.000646  1.000000  -0.000390  0.000917  0.000389  1.000000  1.000000  0.000000  0.000000  0.000000  1.000000  0.000000  0.000000  0.000000  1.000000  1.000000  0.000000  0.000000  0.000000  1.000000  0.000000  0.000000  0.000000  1.000000  0.000000  0.000000  
53.562079 0.002322  0.090576  -0.005839  0.998950  -0.020260  -0.041100  0.018923  0.999287  -0.032680  0.041733  0.031868  0.998620  -0.000334  -0.001752  -0.001156  0.000000  0.000000  0.000000  2.000000  1.000000  0.000000  0.000000  0.000000  1.000000  0.000000  0.000000  0.000000  1.000000  0.999999  -0.000857  -0.001044  0.000856  1.000000  -0.000398  0.001044  0.000397  0.999999  1.000000  0.000000  0.000000  0.000000  1.000000  0.000000  0.000000  0.000000  1.000000  1.000000  0.000000  0.000000  0.000000  1.000000  0.000000  0.000000  0.000000  1.000000  0.000000  0.000000  
53.563306 0.002320  0.090572  -0.005844  0.998929  -0.020484  -0.041492  0.019128  0.999278  -0.032817  0.042134  0.031989  0.998600  -0.000409  -0.002025  -0.001499  0.000000  0.000000  0.000000  2.000000  1.000000  0.000000  0.000000  0.000000  1.000000  0.000000  0.000000  0.000000  1.000000  0.999999  -0.001071  -0.001304  0.001070  0.999999  -0.000528  0.001305  0.000527  0.999999  1.000000  0.000000  0.000000  0.000000  1.000000  0.000000  0.000000  0.000000  1.000000  1.000000  0.000000  0.000000  0.000000  1.000000  0.000000  0.000000  0.000000  1.000000  0.000000  0.000000  
53.564310 0.002318  0.090568  -0.005849  0.998919  -0.020699  -0.041616  0.019333  0.999270  -0.032950  0.042268  0.032109  0.998590  -0.000543  -0.002344  -0.001932  0.000000  0.000000  0.000000  2.000000  1.000000  0.000000  0.000000  0.000000  1.000000  0.000000  0.000000  0.000000  1.000000  0.999998  -0.001080  -0.001572  0.001079  0.999999  -0.000650  0.001572  0.000648  0.999999  1.000000  0.000000  0.000000  0.000000  1.000000  0.000000  0.000000  0.000000  1.000000  1.000000  0.000000  0.000000  0.000000  1.000000  0.000000  0.000000  0.000000  1.000000  0.000000  0.000000  
53.565551 0.002316  0.090563  -0.005855  0.998908  -0.020713  -0.041881  0.019333  0.999266  -0.033076  0.042535  0.032230  0.998575  -0.000637  -0.002670  -0.002401  0.000000  0.000000  0.000000  2.000000  1.000000  0.000000  0.000000  0.000000  1.000000  0.000000  0.000000  0.000000  1.000000  0.999997  -0.001294  -0.001833  0.001293  0.999999  -0.000659  0.001833  0.000657  0.999998  1.000000  0.000000  0.000000  0.000000  1.000000  0.000000  0.000000  0.000000  1.000000  1.000000  0.000000  0.000000  0.000000  1.000000  0.000000  0.000000  0.000000  1.000000  0.000000  0.000000  
53.566556 0.002315  0.090558  -0.005860  0.998892  -0.020932  -0.042139  0.019539  0.999257  -0.033211  0.042802  0.032351  0.998560  -0.000765  -0.003026  -0.002834  0.000000  0.000000  0.000000  2.000000  1.000000  0.000000  0.000000  0.000000  1.000000  0.000000  0.000000  0.000000  1.000000  0.999997  -0.001508  -0.002093  0.001507  0.999999  -0.000790  0.002094  0.000786  0.999997  1.000000  0.000000  0.000000  0.000000  1.000000  0.000000  0.000000  0.000000  1.000000  1.000000  0.000000  0.000000  0.000000  1.000000  0.000000  0.000000  0.000000  1.000000  0.000000  0.000000  
53.567812 0.002311  0.090551  -0.005867  0.998881  -0.020946  -0.042403  0.019538  0.999253  -0.033338  0.043070  0.032472  0.998544  -0.000924  -0.003380  -0.003213  0.000000  0.000000  0.000000  2.000000  1.000000  0.000000  0.000000  0.000000  1.000000  0.000000  0.000000  0.000000  1.000000  0.999996  -0.001513  -0.002227  0.001511  0.999998  -0.001032  0.002228  0.001029  0.999997  1.000000  0.000000  0.000000  0.000000  1.000000  0.000000  0.000000  0.000000  1.000000  1.000000  0.000000  0.000000  0.000000  1.000000  0.000000  0.000000  0.000000  1.000000  0.000000  0.000000  
53.569062 0.002309  0.090545  -0.005873  0.998871  -0.021161  -0.042527  0.019744  0.999245  -0.033470  0.043204  0.032593  0.998535  -0.000997  -0.003573  -0.003458  0.000000  0.000000  0.000000  2.000000  1.000000  0.000000  0.000000  0.000000  1.000000  0.000000  0.000000  0.000000  1.000000  0.999996  -0.001522  -0.002494  0.001519  0.999998  -0.001154  0.002496  0.001150  0.999996  1.000000  0.000000  0.000000  0.000000  1.000000  0.000000  0.000000  0.000000  1.000000  1.000000  0.000000  0.000000  0.000000  1.000000  0.000000  0.000000  0.000000  1.000000  0.000000  0.000000  
53.570307 0.002306  0.090539  -0.005877  0.998860  -0.021175  -0.042792  0.019744  0.999240  -0.033597  0.043471  0.032713  0.998519  -0.001141  -0.003752  -0.003616  0.000000  0.000000  0.000000  2.000000  1.000000  0.000000  0.000000  0.000000  1.000000  0.000000  0.000000  0.000000  1.000000  0.999995  -0.001732  -0.002621  0.001729  0.999998  -0.001284  0.002623  0.001280  0.999996  1.000000  0.000000  0.000000  0.000000  1.000000  0.000000  0.000000  0.000000  1.000000  1.000000  0.000000  0.000000  0.000000  1.000000  0.000000  0.000000  0.000000  1.000000  0.000000  0.000000  
53.571310 0.002304  0.090534  -0.005881  0.998854  -0.021184  -0.042923  0.019744  0.999236  -0.033720  0.043605  0.032834  0.998509  -0.001294  -0.003973  -0.003799  0.000000  0.000000  0.000000  2.000000  1.000000  0.000000  0.000000  0.000000  1.000000  0.000000  0.000000  0.000000  1.000000  0.999994  -0.001741  -0.002888  0.001737  0.999998  -0.001406  0.002890  0.001401  0.999995  1.000000  0.000000  0.000000  0.000000  1.000000  0.000000  0.000000  0.000000  1.000000  1.000000  0.000000  0.000000  0.000000  1.000000  0.000000  0.000000  0.000000  1.000000  0.000000  0.000000  
53.572311 0.002302  0.090529  -0.005884  0.998842  -0.021198  -0.043188  0.019743  0.999232  -0.033847  0.043872  0.032955  0.998493  -0.001434  -0.004151  -0.003878  0.000000  0.000000  0.000000  2.000000  1.000000  0.000000  0.000000  0.000000  1.000000  0.000000  0.000000  0.000000  1.000000  0.999994  -0.001746  -0.003022  0.001742  0.999997  -0.001406  0.003024  0.001401  0.999994  1.000000  0.000000  0.000000  0.000000  1.000000  0.000000  0.000000  0.000000  1.000000  1.000000  0.000000  0.000000  0.000000  1.000000  0.000000  0.000000  0.000000  1.000000  0.000000  0.000000  
53.573556 0.002299  0.090522  -0.005890  0.998826  -0.021418  -0.043445  0.019949  0.999223  -0.033982  0.044139  0.033076  0.998478  -0.001605  -0.004364  -0.004004  0.000000  0.000000  0.000000  2.000000  1.000000  0.000000  0.000000  0.000000  1.000000  0.000000  0.000000  0.000000  1.000000  0.999993  -0.001957  -0.003148  0.001951  0.999997  -0.001658  0.003151  0.001652  0.999994  1.000000  0.000000  0.000000  0.000000  1.000000  0.000000  0.000000  0.000000  1.000000  1.000000  0.000000  0.000000  0.000000  1.000000  0.000000  0.000000  0.000000  1.000000  0.000000  0.000000  
53.574810 0.002296  0.090515  -0.005895  0.998814  -0.021432  -0.043710  0.019948  0.999219  -0.034109  0.044407  0.033196  0.998462  -0.001762  -0.004526  -0.004187  0.000000  0.000000  0.000000  2.000000  1.000000  0.000000  0.000000  0.000000  1.000000  0.000000  0.000000  0.000000  1.000000  0.999993  -0.001760  -0.003422  0.001754  0.999997  -0.001771  0.003425  0.001765  0.999993  1.000000  0.000000  0.000000  0.000000  1.000000  0.000000  0.000000  0.000000  1.000000  1.000000  0.000000  0.000000  0.000000  1.000000  0.000000  0.000000  0.000000  1.000000  0.000000  0.000000  
53.576060 0.002293  0.090508  -0.005901  0.998802  -0.021447  -0.043974  0.019948  0.999215  -0.034235  0.044674  0.033317  0.998446  -0.001956  -0.004785  -0.004399  0.000000  0.000000  0.000000  2.000000  1.000000  0.000000  0.000000  0.000000  1.000000  0.000000  0.000000  0.000000  1.000000  0.999993  -0.001761  -0.003422  0.001754  0.999997  -0.001893  0.003425  0.001887  0.999992  1.000000  0.000000  0.000000  0.000000  1.000000  0.000000  0.000000  0.000000  1.000000  1.000000  0.000000  0.000000  0.000000  1.000000  0.000000  0.000000  0.000000  1.000000  0.000000  0.000000  
53.577328 0.002291  0.090501  -0.005907  0.998790  -0.021461  -0.044239  0.019948  0.999210  -0.034362  0.044941  0.033438  0.998430  -0.002036  -0.004938  -0.004520  0.000000  0.000000  0.000000  2.000000  1.000000  0.000000  0.000000  0.000000  1.000000  0.000000  0.000000  0.000000  1.000000  0.999992  -0.001560  -0.003562  0.001553  0.999997  -0.001884  0.003565  0.001879  0.999992  1.000000  0.000000  0.000000  0.000000  1.000000  0.000000  0.000000  0.000000  1.000000  1.000000  0.000000  0.000000  0.000000  1.000000  0.000000  0.000000  0.000000  1.000000  0.000000  0.000000  
53.578557 0.002288  0.090495  -0.005913  0.998784  -0.021471  -0.044370  0.019948  0.999206  -0.034486  0.045075  0.033559  0.998420  -0.002114  -0.005112  -0.004509  0.000000  0.000000  0.000000  2.000000  1.000000  0.000000  0.000000  0.000000  1.000000  0.000000  0.000000  0.000000  1.000000  0.999992  -0.001565  -0.003696  0.001557  0.999997  -0.002006  0.003699  0.002000  0.999991  1.000000  0.000000  0.000000  0.000000  1.000000  0.000000  0.000000  0.000000  1.000000  1.000000  0.000000  0.000000  0.000000  1.000000  0.000000  0.000000  0.000000  1.000000  0.000000  0.000000  
53.579802 0.002285  0.090488  -0.005918  0.998778  -0.021481  -0.044501  0.019948  0.999202  -0.034610  0.045209  0.033680  0.998410  -0.002172  -0.005223  -0.004473  0.000000  0.000000  0.000000  2.000000  1.000000  0.000000  0.000000  0.000000  1.000000  0.000000  0.000000  0.000000  1.000000  0.999991  -0.001570  -0.003829  0.001562  0.999997  -0.002006  0.003832  0.002000  0.999991  1.000000  0.000000  0.000000  0.000000  1.000000  0.000000  0.000000  0.000000  1.000000  1.000000  0.000000  0.000000  0.000000  1.000000  0.000000  0.000000  0.000000  1.000000  0.000000  0.000000  
53.580807 0.002283  0.090481  -0.005922  0.998770  -0.021289  -0.044772  0.019742  0.999202  -0.034727  0.045476  0.033800  0.998393  -0.002211  -0.005347  -0.004368  0.000000  0.000000  0.000000  2.000000  1.000000  0.000000  0.000000  0.000000  1.000000  0.000000  0.000000  0.000000  1.000000  0.999992  -0.001159  -0.003843  0.001151  0.999997  -0.002109  0.003846  0.002104  0.999990  1.000000  0.000000  0.000000  0.000000  1.000000  0.000000  0.000000  0.000000  1.000000  1.000000  0.000000  0.000000  0.000000  1.000000  0.000000  0.000000  0.000000  1.000000  0.000000  0.000000  
53.582056 0.002280  0.090475  -0.005926  0.998764  -0.021305  -0.044901  0.019742  0.999193  -0.034972  0.045610  0.034042  0.998379  -0.002184  -0.005320  -0.004168  0.000000  0.000000  0.000000  2.000000  1.000000  0.000000  0.000000  0.000000  1.000000  0.000000  0.000000  0.000000  1.000000  0.999992  -0.000959  -0.003984  0.000950  0.999997  -0.002100  0.003986  0.002096  0.999990  1.000000  0.000000  0.000000  0.000000  1.000000  0.000000  0.000000  0.000000  1.000000  1.000000  0.000000  0.000000  0.000000  1.000000  0.000000  0.000000  0.000000  1.000000  0.000000  0.000000  
53.583057 0.002278  0.090471  -0.005928  0.998758  -0.021315  -0.045032  0.019742  0.999189  -0.035096  0.045743  0.034163  0.998369  -0.002180  -0.005246  -0.003990  0.000000  0.000000  0.000000  2.000000  1.000000  0.000000  0.000000  0.000000  1.000000  0.000000  0.000000  0.000000  1.000000  0.999992  -0.000959  -0.003984  0.000950  0.999997  -0.002221  0.003986  0.002217  0.999990  1.000000  0.000000  0.000000  0.000000  1.000000  0.000000  0.000000  0.000000  1.000000  1.000000  0.000000  0.000000  0.000000  1.000000  0.000000  0.000000  0.000000  1.000000  0.000000  0.000000  
53.584310 0.002276  0.090465  -0.005930  0.998752  -0.021325  -0.045163  0.019742  0.999185  -0.035220  0.045877  0.034284  0.998359  -0.002168  -0.005221  -0.003764  0.000000  0.000000  0.000000  2.000000  1.000000  0.000000  0.000000  0.000000  1.000000  0.000000  0.000000  0.000000  1.000000  0.999993  -0.000745  -0.003723  0.000737  0.999997  -0.002212  0.003725  0.002209  0.999991  1.000000  0.000000  0.000000  0.000000  1.000000  0.000000  0.000000  0.000000  1.000000  1.000000  0.000000  0.000000  0.000000  1.000000  0.000000  0.000000  0.000000  1.000000  0.000000  0.000000  
53.585561 0.002273  0.090460  -0.005933  0.998746  -0.021335  -0.045294  0.019741  0.999180  -0.035344  0.046010  0.034405  0.998348  -0.002178  -0.005212  -0.003599  0.000000  0.000000  0.000000  2.000000  1.000000  0.000000  0.000000  0.000000  1.000000  0.000000  0.000000  0.000000  1.000000  0.999993  -0.000536  -0.003596  0.000527  0.999997  -0.002324  0.003597  0.002322  0.999991  1.000000  0.000000  0.000000  0.000000  1.000000  0.000000  0.000000  0.000000  1.000000  1.000000  0.000000  0.000000  0.000000  1.000000  0.000000  0.000000  0.000000  1.000000  0.000000  0.000000  
53.586810 0.002271  0.090453  -0.005936  0.998740  -0.021345  -0.045425  0.019741  0.999176  -0.035467  0.046144  0.034526  0.998338  -0.002144  -0.005227  -0.003524  0.000000  0.000000  0.000000  2.000000  1.000000  0.000000  0.000000  0.000000  1.000000  0.000000  0.000000  0.000000  1.000000  0.999994  -0.000321  -0.003336  0.000313  0.999997  -0.002314  0.003337  0.002313  0.999992  1.000000  0.000000  0.000000  0.000000  1.000000  0.000000  0.000000  0.000000  1.000000  1.000000  0.000000  0.000000  0.000000  1.000000  0.000000  0.000000  0.000000  1.000000  0.000000  0.000000  
53.588059 0.002268  0.090447  -0.005939  0.998734  -0.021355  -0.045555  0.019741  0.999171  -0.035591  0.046278  0.034647  0.998328  -0.002122  -0.005165  -0.003384  0.000000  0.000000  0.000000  2.000000  1.000000  0.000000  0.000000  0.000000  1.000000  0.000000  0.000000  0.000000  1.000000  0.999995  -0.000317  -0.003202  0.000310  0.999998  -0.002193  0.003203  0.002192  0.999992  1.000000  0.000000  0.000000  0.000000  1.000000  0.000000  0.000000  0.000000  1.000000  1.000000  0.000000  0.000000  0.000000  1.000000  0.000000  0.000000  0.000000  1.000000  0.000000  0.000000  
53.589062 0.002266  0.090442  -0.005941  0.998734  -0.021361  -0.045553  0.019741  0.999167  -0.035712  0.046278  0.034768  0.998323  -0.002118  -0.005131  -0.003296  0.000000  0.000000  0.000000  2.000000  1.000000  0.000000  0.000000  0.000000  1.000000  0.000000  0.000000  0.000000  1.000000  0.999995  -0.000317  -0.003202  0.000310  0.999998  -0.002193  0.003203  0.002192  0.999992  1.000000  0.000000  0.000000  0.000000  1.000000  0.000000  0.000000  0.000000  1.000000  1.000000  0.000000  0.000000  0.000000  1.000000  0.000000  0.000000  0.000000  1.000000  0.000000  0.000000  
53.590306 0.002264  0.090437  -0.005944  0.998727  -0.021371  -0.045684  0.019741  0.999163  -0.035836  0.046411  0.034889  0.998313  -0.002061  -0.005010  -0.003050  0.000000  0.000000  0.000000  2.000000  1.000000  0.000000  0.000000  0.000000  1.000000  0.000000  0.000000  0.000000  1.000000  0.999995  -0.000107  -0.003075  0.000101  0.999998  -0.002062  0.003076  0.002062  0.999993  1.000000  0.000000  0.000000  0.000000  1.000000  0.000000  0.000000  0.000000  1.000000  1.000000  0.000000  0.000000  0.000000  1.000000  0.000000  0.000000  0.000000  1.000000  0.000000  0.000000  
53.591308 0.002262  0.090432  -0.005945  0.998727  -0.021371  -0.045684  0.019741  0.999163  -0.035836  0.046411  0.034889  0.998313  -0.002060  -0.005011  -0.002835  0.000000  0.000000  0.000000  2.000000  1.000000  0.000000  0.000000  0.000000  1.000000  0.000000  0.000000  0.000000  1.000000  0.999996  -0.000103  -0.002942  0.000096  0.999998  -0.002183  0.002942  0.002183  0.999993  1.000000  0.000000  0.000000  0.000000  1.000000  0.000000  0.000000  0.000000  1.000000  1.000000  0.000000  0.000000  0.000000  1.000000  0.000000  0.000000  0.000000  1.000000  0.000000  0.000000  
53.592320 0.002261  0.090428  -0.005946  0.998721  -0.021381  -0.045815  0.019741  0.999158  -0.035960  0.046545  0.035010  0.998302  -0.001992  -0.004885  -0.002583  0.000000  0.000000  0.000000  2.000000  1.000000  0.000000  0.000000  0.000000  1.000000  0.000000  0.000000  0.000000  1.000000  0.999996  -0.000094  -0.002674  0.000088  0.999998  -0.002183  0.002675  0.002183  0.999994  1.000000  0.000000  0.000000  0.000000  1.000000  0.000000  0.000000  0.000000  1.000000  1.000000  0.000000  0.000000  0.000000  1.000000  0.000000  0.000000  0.000000  1.000000  0.000000  0.000000  
53.593557 0.002259  0.090423  -0.005947  0.998725  -0.021181  -0.045820  0.019535  0.999158  -0.036072  0.046545  0.035131  0.998298  -0.001952  -0.004778  -0.002261  0.000000  0.000000  0.000000  2.000000  1.000000  0.000000  0.000000  0.000000  1.000000  0.000000  0.000000  0.000000  1.000000  0.999997  0.000322  -0.002555  -0.000327  0.999998  -0.002043  0.002554  0.002044  0.999995  1.000000  0.000000  0.000000  0.000000  1.000000  0.000000  0.000000  0.000000  1.000000  1.000000  0.000000  0.000000  0.000000  1.000000  0.000000  0.000000  0.000000  1.000000  0.000000  0.000000  
53.594561 0.002257  0.090419  -0.005947  0.998725  -0.021181  -0.045820  0.019535  0.999158  -0.036072  0.046545  0.035131  0.998298  -0.001929  -0.004676  -0.001973  0.000000  0.000000  0.000000  2.000000  1.000000  0.000000  0.000000  0.000000  1.000000  0.000000  0.000000  0.000000  1.000000  0.999997  0.000331  -0.002288  -0.000336  0.999998  -0.002043  0.002287  0.002044  0.999995  1.000000  0.000000  0.000000  0.000000  1.000000  0.000000  0.000000  0.000000  1.000000  1.000000  0.000000  0.000000  0.000000  1.000000  0.000000  0.000000  0.000000  1.000000  0.000000  0.000000  
53.595807 0.002254  0.090413  -0.005948  0.998725  -0.021187  -0.045817  0.019535  0.999154  -0.036193  0.046545  0.035252  0.998294  -0.001879  -0.004532  -0.001736  0.000000  0.000000  0.000000  2.000000  1.000000  0.000000  0.000000  0.000000  1.000000  0.000000  0.000000  0.000000  1.000000  0.999998  0.000340  -0.002020  -0.000344  0.999998  -0.002043  0.002020  0.002044  0.999996  1.000000  0.000000  0.000000  0.000000  1.000000  0.000000  0.000000  0.000000  1.000000  1.000000  0.000000  0.000000  0.000000  1.000000  0.000000  0.000000  0.000000  1.000000  0.000000  0.000000  
53.597058 0.002252  0.090408  -0.005949  0.998725  -0.021192  -0.045815  0.019535  0.999149  -0.036314  0.046545  0.035373  0.998290  -0.001865  -0.004473  -0.001529  0.000000  0.000000  0.000000  2.000000  1.000000  0.000000  0.000000  0.000000  1.000000  0.000000  0.000000  0.000000  1.000000  0.999998  0.000350  -0.001753  -0.000353  0.999998  -0.001922  0.001752  0.001922  0.999997  1.000000  0.000000  0.000000  0.000000  1.000000  0.000000  0.000000  0.000000  1.000000  1.000000  0.000000  0.000000  0.000000  1.000000  0.000000  0.000000  0.000000  1.000000  0.000000  0.000000  
53.598307 0.002249  0.090402  -0.005951  0.998725  -0.021192  -0.045815  0.019535  0.999149  -0.036314  0.046545  0.035373  0.998290  -0.001858  -0.004455  -0.001464  0.000000  0.000000  0.000000  2.000000  1.000000  0.000000  0.000000  0.000000  1.000000  0.000000  0.000000  0.000000  1.000000  0.999999  0.000359  -0.001485  -0.000362  0.999998  -0.001800  0.001485  0.001801  0.999997  1.000000  0.000000  0.000000  0.000000  1.000000  0.000000  0.000000  0.000000  1.000000  1.000000  0.000000  0.000000  0.000000  1.000000  0.000000  0.000000  0.000000  1.000000  0.000000  0.000000  
53.599556 0.002246  0.090396  -0.005953  0.998729  -0.020992  -0.045819  0.019330  0.999149  -0.036426  0.046545  0.035494  0.998285  -0.001942  -0.004508  -0.001507  0.000000  0.000000  0.000000  2.000000  1.000000  0.000000  0.000000  0.000000  1.000000  0.000000  0.000000  0.000000  1.000000  0.999999  0.000569  -0.001359  -0.000571  0.999998  -0.001669  0.001358  0.001670  0.999998  1.000000  0.000000  0.000000  0.000000  1.000000  0.000000  0.000000  0.000000  1.000000  1.000000  0.000000  0.000000  0.000000  1.000000  0.000000  0.000000  0.000000  1.000000  0.000000  0.000000  
53.600558 0.002243  0.090391  -0.005955  0.998729  -0.020992  -0.045819  0.019330  0.999149  -0.036426  0.046545  0.035494  0.998285  -0.002016  -0.004556  -0.001513  0.000000  0.000000  0.000000  2.000000  1.000000  0.000000  0.000000  0.000000  1.000000  0.000000  0.000000  0.000000  1.000000  0.999999  0.000368  -0.001218  -0.000370  0.999999  -0.001679  0.001217  0.001679  0.999998  1.000000  0.000000  0.000000  0.000000  1.000000  0.000000  0.000000  0.000000  1.000000  1.000000  0.000000  0.000000  0.000000  1.000000  0.000000  0.000000  0.000000  1.000000  0.000000  0.000000  
53.601560 0.002240  0.090387  -0.005957  0.998729  -0.020992  -0.045819  0.019330  0.999149  -0.036426  0.046545  0.035494  0.998285  -0.002044  -0.004478  -0.001472  0.000000  0.000000  0.000000  2.000000  1.000000  0.000000  0.000000  0.000000  1.000000  0.000000  0.000000  0.000000  1.000000  0.999999  0.000373  -0.001084  -0.000375  0.999999  -0.001558  0.001084  0.001558  0.999998  1.000000  0.000000  0.000000  0.000000  1.000000  0.000000  0.000000  0.000000  1.000000  1.000000  0.000000  0.000000  0.000000  1.000000  0.000000  0.000000  0.000000  1.000000  0.000000  0.000000  
53.602804 0.002237  0.090382  -0.005960  0.998729  -0.020998  -0.045817  0.019330  0.999145  -0.036547  0.046545  0.035615  0.998281  -0.002084  -0.004452  -0.001452  0.000000  0.000000  0.000000  2.000000  1.000000  0.000000  0.000000  0.000000  1.000000  0.000000  0.000000  0.000000  1.000000  1.000000  0.000382  -0.000817  -0.000384  0.999999  -0.001558  0.000816  0.001558  0.999998  1.000000  0.000000  0.000000  0.000000  1.000000  0.000000  0.000000  0.000000  1.000000  1.000000  0.000000  0.000000  0.000000  1.000000  0.000000  0.000000  0.000000  1.000000  0.000000  0.000000  
53.603808 0.002234  0.090377  -0.005961  0.998733  -0.020792  -0.045824  0.019124  0.999149  -0.036538  0.046545  0.035615  0.998281  -0.002132  -0.004390  -0.001333  0.000000  0.000000  0.000000  2.000000  1.000000  0.000000  0.000000  0.000000  1.000000  0.000000  0.000000  0.000000  1.000000  1.000000  0.000387  -0.000683  -0.000388  0.999999  -0.001436  0.000683  0.001437  0.999999  1.000000  0.000000  0.000000  0.000000  1.000000  0.000000  0.000000  0.000000  1.000000  1.000000  0.000000  0.000000  0.000000  1.000000  0.000000  0.000000  0.000000  1.000000  0.000000  0.000000  
53.605060 0.002230  0.090372  -0.005962  0.998733  -0.020792  -0.045824  0.019124  0.999149  -0.036538  0.046545  0.035615  0.998281  -0.002260  -0.004352  -0.001212  0.000000  0.000000  0.000000  2.000000  1.000000  0.000000  0.000000  0.000000  1.000000  0.000000  0.000000  0.000000  1.000000  1.000000  0.000597  -0.000557  -0.000598  0.999999  -0.001306  0.000556  0.001306  0.999999  1.000000  0.000000  0.000000  0.000000  1.000000  0.000000  0.000000  0.000000  1.000000  1.000000  0.000000  0.000000  0.000000  1.000000  0.000000  0.000000  0.000000  1.000000  0.000000  0.000000  
53.606061 0.002228  0.090368  -0.005963  0.998733  -0.020792  -0.045824  0.019124  0.999149  -0.036538  0.046545  0.035615  0.998281  -0.002344  -0.004322  -0.001151  0.000000  0.000000  0.000000  2.000000  1.000000  0.000000  0.000000  0.000000  1.000000  0.000000  0.000000  0.000000  1.000000  1.000000  0.000597  -0.000557  -0.000598  0.999999  -0.001184  0.000556  0.001185  0.999999  1.000000  0.000000  0.000000  0.000000  1.000000  0.000000  0.000000  0.000000  1.000000  1.000000  0.000000  0.000000  0.000000  1.000000  0.000000  0.000000  0.000000  1.000000  0.000000  0.000000  
53.607079 0.002224  0.090364  -0.005963  0.998733  -0.020792  -0.045824  0.019124  0.999149  -0.036538  0.046545  0.035615  0.998281  -0.002469  -0.004316  -0.001162  0.000000  0.000000  0.000000  2.000000  1.000000  0.000000  0.000000  0.000000  1.000000  0.000000  0.000000  0.000000  1.000000  1.000000  0.000602  -0.000423  -0.000603  0.999999  -0.001063  0.000422  0.001063  0.999999  1.000000  0.000000  0.000000  0.000000  1.000000  0.000000  0.000000  0.000000  1.000000  1.000000  0.000000  0.000000  0.000000  1.000000  0.000000  0.000000  0.000000  1.000000  0.000000  0.000000  
53.608307 0.002220  0.090358  -0.005966  0.998737  -0.020592  -0.045829  0.018918  0.999149  -0.036650  0.046545  0.035736  0.998277  -0.002620  -0.004380  -0.001270  0.000000  0.000000  0.000000  2.000000  1.000000  0.000000  0.000000  0.000000  1.000000  0.000000  0.000000  0.000000  1.000000  1.000000  0.000607  -0.000289  -0.000607  0.999999  -0.001063  0.000289  0.001063  0.999999  1.000000  0.000000  0.000000  0.000000  1.000000  0.000000  0.000000  0.000000  1.000000  1.000000  0.000000  0.000000  0.000000  1.000000  0.000000  0.000000  0.000000  1.000000  0.000000  0.000000  
53.609308 0.002216  0.090353  -0.005968  0.998737  -0.020592  -0.045829  0.018918  0.999149  -0.036650  0.046545  0.035736  0.998277  -0.002787  -0.004437  -0.001391  0.000000  0.000000  0.000000  2.000000  1.000000  0.000000  0.000000  0.000000  1.000000  0.000000  0.000000  0.000000  1.000000  1.000000  0.000813  -0.000297  -0.000813  0.999999  -0.000932  0.000296  0.000932  1.000000  1.000000  0.000000  0.000000  0.000000  1.000000  0.000000  0.000000  0.000000  1.000000  1.000000  0.000000  0.000000  0.000000  1.000000  0.000000  0.000000  0.000000  1.000000  0.000000  0.000000  
53.610309 0.002212  0.090348  -0.005971  0.998737  -0.020592  -0.045829  0.018918  0.999149  -0.036650  0.046545  0.035736  0.998277  -0.002917  -0.004497  -0.001527  0.000000  0.000000  0.000000  2.000000  1.000000  0.000000  0.000000  0.000000  1.000000  0.000000  0.000000  0.000000  1.000000  1.000000  0.000817  -0.000163  -0.000817  0.999999  -0.000932  0.000162  0.000932  1.000000  1.000000  0.000000  0.000000  0.000000  1.000000  0.000000  0.000000  0.000000  1.000000  1.000000  0.000000  0.000000  0.000000  1.000000  0.000000  0.000000  0.000000  1.000000  0.000000  0.000000  
53.611555 0.002206  0.090341  -0.005975  0.998737  -0.020592  -0.045829  0.018918  0.999149  -0.036650  0.046545  0.035736  0.998277  -0.003140  -0.004612  -0.001725  0.000000  0.000000  0.000000  2.000000  1.000000  0.000000  0.000000  0.000000  1.000000  0.000000  0.000000  0.000000  1.000000  1.000000  0.000817  -0.000163  -0.000817  0.999999  -0.000811  0.000162  0.000811  1.000000  1.000000  0.000000  0.000000  0.000000  1.000000  0.000000  0.000000  0.000000  1.000000  1.000000  0.000000  0.000000  0.000000  1.000000  0.000000  0.000000  0.000000  1.000000  0.000000  0.000000  
53.612555 0.002201  0.090335  -0.005978  0.998737  -0.020592  -0.045829  0.018918  0.999149  -0.036650  0.046545  0.035736  0.998277  -0.003344  -0.004695  -0.001870  0.000000  0.000000  0.000000  2.000000  1.000000  0.000000  0.000000  0.000000  1.000000  0.000000  0.000000  0.000000  1.000000  1.000000  0.000822  -0.000029  -0.000822  0.999999  -0.000689  0.000029  0.000689  1.000000  1.000000  0.000000  0.000000  0.000000  1.000000  0.000000  0.000000  0.000000  1.000000  1.000000  0.000000  0.000000  0.000000  1.000000  0.000000  0.000000  0.000000  1.000000  0.000000  0.000000  
53.613805 0.002195  0.090328  -0.005982  0.998735  -0.020396  -0.045968  0.018713  0.999149  -0.036764  0.046679  0.035857  0.998266  -0.003568  -0.004782  -0.001987  0.000000  0.000000  0.000000  2.000000  1.000000  0.000000  0.000000  0.000000  1.000000  0.000000  0.000000  0.000000  1.000000  1.000000  0.000817  -0.000163  -0.000817  1.000000  -0.000568  0.000163  0.000568  1.000000  1.000000  0.000000  0.000000  0.000000  1.000000  0.000000  0.000000  0.000000  1.000000  1.000000  0.000000  0.000000  0.000000  1.000000  0.000000  0.000000  0.000000  1.000000  0.000000  0.000000  
53.614806 0.002190  0.090323  -0.005985  0.998735  -0.020396  -0.045968  0.018713  0.999149  -0.036764  0.046679  0.035857  0.998266  -0.003655  -0.004810  -0.002094  0.000000  0.000000  0.000000  2.000000  1.000000  0.000000  0.000000  0.000000  1.000000  0.000000  0.000000  0.000000  1.000000  1.000000  0.000817  -0.000163  -0.000817  0.999999  -0.000689  0.000163  0.000689  1.000000  1.000000  0.000000  0.000000  0.000000  1.000000  0.000000  0.000000  0.000000  1.000000  1.000000  0.000000  0.000000  0.000000  1.000000  0.000000  0.000000  0.000000  1.000000  0.000000  0.000000  
53.616056 0.002184  0.090316  -0.005989  0.998735  -0.020396  -0.045968  0.018713  0.999149  -0.036764  0.046679  0.035857  0.998266  -0.003879  -0.004911  -0.002163  0.000000  0.000000  0.000000  2.000000  1.000000  0.000000  0.000000  0.000000  1.000000  0.000000  0.000000  0.000000  1.000000  1.000000  0.000817  -0.000163  -0.000817  1.000000  -0.000568  0.000163  0.000568  1.000000  1.000000  0.000000  0.000000  0.000000  1.000000  0.000000  0.000000  0.000000  1.000000  1.000000  0.000000  0.000000  0.000000  1.000000  0.000000  0.000000  0.000000  1.000000  0.000000  0.000000  
53.617306 0.002178  0.090308  -0.005993  0.998735  -0.020396  -0.045968  0.018713  0.999149  -0.036764  0.046679  0.035857  0.998266  -0.004090  -0.005027  -0.002308  0.000000  0.000000  0.000000  2.000000  1.000000  0.000000  0.000000  0.000000  1.000000  0.000000  0.000000  0.000000  1.000000  1.000000  0.000817  -0.000163  -0.000817  1.000000  -0.000568  0.000163  0.000568  1.000000  1.000000  0.000000  0.000000  0.000000  1.000000  0.000000  0.000000  0.000000  1.000000  1.000000  0.000000  0.000000  0.000000  1.000000  0.000000  0.000000  0.000000  1.000000  0.000000  0.000000  
53.618558 0.002171  0.090302  -0.005997  0.998738  -0.020185  -0.045978  0.018507  0.999157  -0.036633  0.046679  0.035736  0.998271  -0.004242  -0.005099  -0.002414  0.000000  0.000000  0.000000  2.000000  1.000000  0.000000  0.000000  0.000000  1.000000  0.000000  0.000000  0.000000  1.000000  0.999999  0.001023  -0.000170  -0.001023  0.999999  -0.000316  0.000170  0.000316  1.000000  1.000000  0.000000  0.000000  0.000000  1.000000  0.000000  0.000000  0.000000  1.000000  1.000000  0.000000  0.000000  0.000000  1.000000  0.000000  0.000000  0.000000  1.000000  0.000000  0.000000  
53.619559 0.002165  0.090295  -0.006001  0.998738  -0.020185  -0.045978  0.018507  0.999157  -0.036633  0.046679  0.035736  0.998271  -0.004488  -0.005301  -0.002660  0.000000  0.000000  0.000000  2.000000  1.000000  0.000000  0.000000  0.000000  1.000000  0.000000  0.000000  0.000000  1.000000  1.000000  0.000817  -0.000163  -0.000817  1.000000  -0.000325  0.000163  0.000326  1.000000  1.000000  0.000000  0.000000  0.000000  1.000000  0.000000  0.000000  0.000000  1.000000  1.000000  0.000000  0.000000  0.000000  1.000000  0.000000  0.000000  0.000000  1.000000  0.000000  0.000000  
53.620811 0.002158  0.090288  -0.006007  0.998738  -0.020185  -0.045978  0.018507  0.999157  -0.036633  0.046679  0.035736  0.998271  -0.004699  -0.005477  -0.002973  0.000000  0.000000  0.000000  2.000000  1.000000  0.000000  0.000000  0.000000  1.000000  0.000000  0.000000  0.000000  1.000000  1.000000  0.000817  -0.000163  -0.000817  1.000000  -0.000204  0.000163  0.000204  1.000000  1.000000  0.000000  0.000000  0.000000  1.000000  0.000000  0.000000  0.000000  1.000000  1.000000  0.000000  0.000000  0.000000  1.000000  0.000000  0.000000  0.000000  1.000000  0.000000  0.000000  
53.622067 0.002150  0.090279  -0.006013  0.998732  -0.020190  -0.046112  0.018507  0.999157  -0.036636  0.046812  0.035736  0.998264  -0.004945  -0.005689  -0.003301  0.000000  0.000000  0.000000  2.000000  1.000000  0.000000  0.000000  0.000000  1.000000  0.000000  0.000000  0.000000  1.000000  1.000000  0.000817  -0.000163  -0.000817  1.000000  -0.000204  0.000163  0.000204  1.000000  1.000000  0.000000  0.000000  0.000000  1.000000  0.000000  0.000000  0.000000  1.000000  1.000000  0.000000  0.000000  0.000000  1.000000  0.000000  0.000000  0.000000  1.000000  0.000000  0.000000  
53.623306 0.002143  0.090271  -0.006019  0.998732  -0.020190  -0.046112  0.018507  0.999157  -0.036636  0.046812  0.035736  0.998264  -0.005161  -0.005854  -0.003572  0.000000  0.000000  0.000000  2.000000  1.000000  0.000000  0.000000  0.000000  1.000000  0.000000  0.000000  0.000000  1.000000  1.000000  0.000812  -0.000297  -0.000813  1.000000  -0.000083  0.000297  0.000083  1.000000  1.000000  0.000000  0.000000  0.000000  1.000000  0.000000  0.000000  0.000000  1.000000  1.000000  0.000000  0.000000  0.000000  1.000000  0.000000  0.000000  0.000000  1.000000  0.000000  0.000000  
53.624309 0.002136  0.090263  -0.006024  0.998732  -0.020190  -0.046112  0.018507  0.999157  -0.036636  0.046812  0.035736  0.998264  -0.005329  -0.005989  -0.003778  0.000000  0.000000  0.000000  2.000000  1.000000  0.000000  0.000000  0.000000  1.000000  0.000000  0.000000  0.000000  1.000000  1.000000  0.000812  -0.000297  -0.000813  1.000000  -0.000083  0.000297  0.000083  1.000000  1.000000  0.000000  0.000000  0.000000  1.000000  0.000000  0.000000  0.000000  1.000000  1.000000  0.000000  0.000000  0.000000  1.000000  0.000000  0.000000  0.000000  1.000000  0.000000  0.000000  
53.625554 0.002128  0.090254  -0.006031  0.998732  -0.020190  -0.046112  0.018507  0.999157  -0.036636  0.046812  0.035736  0.998264  -0.005533  -0.006150  -0.003942  0.000000  0.000000  0.000000  2.000000  1.000000  0.000000  0.000000  0.000000  1.000000  0.000000  0.000000  0.000000  1.000000  1.000000  0.000607  -0.000289  -0.000607  1.000000  -0.000092  0.000289  0.000093  1.000000  1.000000  0.000000  0.000000  0.000000  1.000000  0.000000  0.000000  0.000000  1.000000  1.000000  0.000000  0.000000  0.000000  1.000000  0.000000  0.000000  0.000000  1.000000  0.000000  0.000000  
53.626559 0.002120  0.090248  -0.006035  0.998732  -0.020190  -0.046112  0.018507  0.999157  -0.036636  0.046812  0.035736  0.998264  -0.005721  -0.006228  -0.004042  0.000000  0.000000  0.000000  2.000000  1.000000  0.000000  0.000000  0.000000  1.000000  0.000000  0.000000  0.000000  1.000000  1.000000  0.000607  -0.000289  -0.000607  1.000000  -0.000092  0.000289  0.000093  1.000000  1.000000  0.000000  0.000000  0.000000  1.000000  0.000000  0.000000  0.000000  1.000000  1.000000  0.000000  0.000000  0.000000  1.000000  0.000000  0.000000  0.000000  1.000000  0.000000  0.000000  
