1-Time 2-Px 3-Py 4-Pz 5-R11 6-R21 7-R31 8-R12 9-R22 10-R32 11-R13 12-R23 13-R33 14-Vx 15-Vy 16-Vz 17-Wx 18-Wy 19-Wz 20-state 21-PR11 22-PR21 23-PR31 24-PR12 25-PR22 26-PR32 27-PR13 28-PR23 29-PR33 
39.303812 0.001571  0.091209  -0.007509  0.998861  -0.023766  -0.041365  0.022624  0.999356  -0.027868  0.042000  0.026901  0.998755  0.000020  -0.000026  -0.000024  0.000000  0.000000  0.000000  2.000000  1.000000  0.000000  0.000000  0.000000  1.000000  0.000000  0.000000  0.000000  1.000000  1.000000  -0.000411  0.000011  0.000411  1.000000  -0.000017  -0.000011  0.000017  1.000000  1.000000  0.000000  0.000000  0.000000  1.000000  0.000000  0.000000  0.000000  1.000000  0.737822  0.384609  -0.554702  -0.621868  0.706886  -0.337034  0.262485  0.593623  0.760732  0.000000  0.000000  
39.304818 0.001571  0.091208  -0.007509  0.998861  -0.023766  -0.041365  0.022624  0.999356  -0.027868  0.042000  0.026901  0.998755  -0.000011  -0.000052  -0.000044  0.000000  0.000000  0.000000  2.000000  1.000000  0.000000  0.000000  0.000000  1.000000  0.000000  0.000000  0.000000  1.000000  1.000000  -0.000411  0.000011  0.000411  1.000000  -0.000017  -0.000011  0.000017  1.000000  1.000000  0.000000  0.000000  0.000000  1.000000  0.000000  0.000000  0.000000  1.000000  1.000000  0.000000  0.000000  0.000000  1.000000  0.000000  0.000000  0.000000  1.000000  0.000000  0.000000  
39.305818 0.001570  0.091206  -0.007512  0.998856  -0.023770  -0.041498  0.022624  0.999355  -0.027872  0.042134  0.026901  0.998750  -0.000080  -0.000211  -0.000203  0.000000  0.000000  0.000000  2.000000  1.000000  0.000000  0.000000  0.000000  1.000000  0.000000  0.000000  0.000000  1.000000  1.000000  -0.000415  -0.000123  0.000415  1.000000  -0.000017  0.000123  0.000017  1.000000  1.000000  0.000000  0.000000  0.000000  1.000000  0.000000  0.000000  0.000000  1.000000  1.000000  0.000000  0.000000  0.000000  1.000000  0.000000  0.000000  0.000000  1.000000  0.000000  0.000000  
39.307064 0.001569  0.091202  -0.007516  0.998845  -0.023979  -0.041626  0.022829  0.999350  -0.027883  0.042268  0.026901  0.998744  -0.000166  -0.000455  -0.000493  0.000000  0.000000  0.000000  2.000000  1.000000  0.000000  0.000000  0.000000  1.000000  0.000000  0.000000  0.000000  1.000000  1.000000  -0.000418  -0.000256  0.000418  1.000000  -0.000017  0.000256  0.000017  1.000000  1.000000  0.000000  0.000000  0.000000  1.000000  0.000000  0.000000  0.000000  1.000000  1.000000  0.000000  0.000000  0.000000  1.000000  0.000000  0.000000  0.000000  1.000000  0.000000  0.000000  
39.308314 0.001568  0.091199  -0.007519  0.998829  -0.024192  -0.041888  0.023035  0.999345  -0.027898  0.042535  0.026900  0.998733  -0.000233  -0.000669  -0.000730  0.000000  0.000000  0.000000  2.000000  1.000000  0.000000  0.000000  0.000000  1.000000  0.000000  0.000000  0.000000  1.000000  1.000000  -0.000631  -0.000518  0.000631  1.000000  -0.000026  0.000518  0.000026  1.000000  1.000000  0.000000  0.000000  0.000000  1.000000  0.000000  0.000000  0.000000  1.000000  1.000000  0.000000  0.000000  0.000000  1.000000  0.000000  0.000000  0.000000  1.000000  0.000000  0.000000  
39.309316 0.001568  0.091197  -0.007523  0.998819  -0.024407  -0.042013  0.023240  0.999337  -0.028031  0.042669  0.027021  0.998724  -0.000227  -0.000834  -0.000963  0.000000  0.000000  0.000000  2.000000  1.000000  0.000000  0.000000  0.000000  1.000000  0.000000  0.000000  0.000000  1.000000  1.000000  -0.000837  -0.000513  0.000837  1.000000  -0.000156  0.000513  0.000156  1.000000  1.000000  0.000000  0.000000  0.000000  1.000000  0.000000  0.000000  0.000000  1.000000  1.000000  0.000000  0.000000  0.000000  1.000000  0.000000  0.000000  0.000000  1.000000  0.000000  0.000000  
39.310558 0.001568  0.091193  -0.007526  0.998819  -0.024407  -0.042013  0.023240  0.999337  -0.028031  0.042669  0.027021  0.998724  -0.000244  -0.001049  -0.001206  0.000000  0.000000  0.000000  2.000000  1.000000  0.000000  0.000000  0.000000  1.000000  0.000000  0.000000  0.000000  1.000000  0.999999  -0.000841  -0.000646  0.000840  1.000000  -0.000156  0.000647  0.000156  1.000000  1.000000  0.000000  0.000000  0.000000  1.000000  0.000000  0.000000  0.000000  1.000000  1.000000  0.000000  0.000000  0.000000  1.000000  0.000000  0.000000  0.000000  1.000000  0.000000  0.000000  
39.311560 0.001567  0.091190  -0.007529  0.998808  -0.024616  -0.042140  0.023446  0.999332  -0.028043  0.042802  0.027021  0.998718  -0.000269  -0.001240  -0.001391  0.000000  0.000000  0.000000  2.000000  1.000000  0.000000  0.000000  0.000000  1.000000  0.000000  0.000000  0.000000  1.000000  0.999999  -0.001050  -0.000775  0.001050  0.999999  -0.000165  0.000775  0.000165  1.000000  1.000000  0.000000  0.000000  0.000000  1.000000  0.000000  0.000000  0.000000  1.000000  1.000000  0.000000  0.000000  0.000000  1.000000  0.000000  0.000000  0.000000  1.000000  0.000000  0.000000  
39.312562 0.001568  0.091187  -0.007533  0.998804  -0.024827  -0.042132  0.023651  0.999323  -0.028172  0.042802  0.027142  0.998715  -0.000252  -0.001471  -0.001627  0.000000  0.000000  0.000000  2.000000  1.000000  0.000000  0.000000  0.000000  1.000000  0.000000  0.000000  0.000000  1.000000  0.999999  -0.001050  -0.000775  0.001050  0.999999  -0.000165  0.000775  0.000165  1.000000  1.000000  0.000000  0.000000  0.000000  1.000000  0.000000  0.000000  0.000000  1.000000  1.000000  0.000000  0.000000  0.000000  1.000000  0.000000  0.000000  0.000000  1.000000  0.000000  0.000000  
39.313809 0.001567  0.091184  -0.007538  0.998798  -0.024830  -0.042265  0.023651  0.999323  -0.028176  0.042936  0.027142  0.998709  -0.000274  -0.001718  -0.001957  0.000000  0.000000  0.000000  2.000000  1.000000  0.000000  0.000000  0.000000  1.000000  0.000000  0.000000  0.000000  1.000000  0.999999  -0.001259  -0.000903  0.001259  0.999999  -0.000296  0.000903  0.000294  1.000000  1.000000  0.000000  0.000000  0.000000  1.000000  0.000000  0.000000  0.000000  1.000000  1.000000  0.000000  0.000000  0.000000  1.000000  0.000000  0.000000  0.000000  1.000000  0.000000  0.000000  
39.314810 0.001566  0.091180  -0.007543  0.998781  -0.025049  -0.042523  0.023856  0.999314  -0.028312  0.043204  0.027263  0.998694  -0.000342  -0.001946  -0.002325  0.000000  0.000000  0.000000  2.000000  1.000000  0.000000  0.000000  0.000000  1.000000  0.000000  0.000000  0.000000  1.000000  0.999998  -0.001468  -0.001031  0.001468  0.999999  -0.000426  0.001031  0.000424  0.999999  1.000000  0.000000  0.000000  0.000000  1.000000  0.000000  0.000000  0.000000  1.000000  1.000000  0.000000  0.000000  0.000000  1.000000  0.000000  0.000000  0.000000  1.000000  0.000000  0.000000  
39.316060 0.001565  0.091175  -0.007550  0.998765  -0.025267  -0.042782  0.024062  0.999306  -0.028448  0.043471  0.027384  0.998679  -0.000439  -0.002256  -0.002792  0.000000  0.000000  0.000000  2.000000  1.000000  0.000000  0.000000  0.000000  1.000000  0.000000  0.000000  0.000000  1.000000  0.999998  -0.001682  -0.001292  0.001681  0.999998  -0.000557  0.001293  0.000554  0.999999  1.000000  0.000000  0.000000  0.000000  1.000000  0.000000  0.000000  0.000000  1.000000  1.000000  0.000000  0.000000  0.000000  1.000000  0.000000  0.000000  0.000000  1.000000  0.000000  0.000000  
39.317060 0.001564  0.091172  -0.007556  0.998748  -0.025480  -0.043043  0.024267  0.999300  -0.028464  0.043738  0.027383  0.998668  -0.000485  -0.002444  -0.003141  0.000000  0.000000  0.000000  2.000000  1.000000  0.000000  0.000000  0.000000  1.000000  0.000000  0.000000  0.000000  1.000000  0.999997  -0.001895  -0.001554  0.001894  0.999998  -0.000566  0.001555  0.000563  0.999999  1.000000  0.000000  0.000000  0.000000  1.000000  0.000000  0.000000  0.000000  1.000000  1.000000  0.000000  0.000000  0.000000  1.000000  0.000000  0.000000  0.000000  1.000000  0.000000  0.000000  
39.318065 0.001563  0.091168  -0.007563  0.998737  -0.025694  -0.043168  0.024473  0.999291  -0.028597  0.043872  0.027504  0.998658  -0.000568  -0.002751  -0.003657  0.000000  0.000000  0.000000  2.000000  1.000000  0.000000  0.000000  0.000000  1.000000  0.000000  0.000000  0.000000  1.000000  0.999996  -0.002108  -0.001816  0.002106  0.999998  -0.000697  0.001817  0.000693  0.999998  1.000000  0.000000  0.000000  0.000000  1.000000  0.000000  0.000000  0.000000  1.000000  1.000000  0.000000  0.000000  0.000000  1.000000  0.000000  0.000000  0.000000  1.000000  0.000000  0.000000  
39.319335 0.001561  0.091162  -0.007572  0.998721  -0.025913  -0.043426  0.024678  0.999282  -0.028734  0.044139  0.027625  0.998643  -0.000673  -0.003114  -0.004283  0.000000  0.000000  0.000000  2.000000  1.000000  0.000000  0.000000  0.000000  1.000000  0.000000  0.000000  0.000000  1.000000  0.999995  -0.002321  -0.002077  0.002319  0.999997  -0.000828  0.002079  0.000823  0.999997  1.000000  0.000000  0.000000  0.000000  1.000000  0.000000  0.000000  0.000000  1.000000  1.000000  0.000000  0.000000  0.000000  1.000000  0.000000  0.000000  0.000000  1.000000  0.000000  0.000000  
39.320563 0.001559  0.091156  -0.007581  0.998704  -0.026131  -0.043684  0.024883  0.999273  -0.028870  0.044407  0.027746  0.998628  -0.000765  -0.003347  -0.004685  0.000000  0.000000  0.000000  2.000000  1.000000  0.000000  0.000000  0.000000  1.000000  0.000000  0.000000  0.000000  1.000000  0.999994  -0.002534  -0.002339  0.002532  0.999996  -0.000959  0.002341  0.000953  0.999997  1.000000  0.000000  0.000000  0.000000  1.000000  0.000000  0.000000  0.000000  1.000000  1.000000  0.000000  0.000000  0.000000  1.000000  0.000000  0.000000  0.000000  1.000000  0.000000  0.000000  
39.321813 0.001556  0.091150  -0.007590  0.998692  -0.026144  -0.043948  0.024883  0.999270  -0.028998  0.044674  0.027867  0.998613  -0.000831  -0.003547  -0.005002  0.000000  0.000000  0.000000  2.000000  1.000000  0.000000  0.000000  0.000000  1.000000  0.000000  0.000000  0.000000  1.000000  0.999994  -0.002333  -0.002478  0.002330  0.999997  -0.001071  0.002480  0.001065  0.999996  1.000000  0.000000  0.000000  0.000000  1.000000  0.000000  0.000000  0.000000  1.000000  1.000000  0.000000  0.000000  0.000000  1.000000  0.000000  0.000000  0.000000  1.000000  0.000000  0.000000  
39.323064 0.001555  0.091145  -0.007597  0.998686  -0.026153  -0.044078  0.024883  0.999266  -0.029123  0.044808  0.027988  0.998604  -0.000870  -0.003693  -0.005273  0.000000  0.000000  0.000000  2.000000  1.000000  0.000000  0.000000  0.000000  1.000000  0.000000  0.000000  0.000000  1.000000  0.999993  -0.002340  -0.002745  0.002337  0.999997  -0.001193  0.002748  0.001187  0.999996  1.000000  0.000000  0.000000  0.000000  1.000000  0.000000  0.000000  0.000000  1.000000  1.000000  0.000000  0.000000  0.000000  1.000000  0.000000  0.000000  0.000000  1.000000  0.000000  0.000000  
39.324065 0.001553  0.091140  -0.007602  0.998675  -0.026368  -0.044203  0.025088  0.999257  -0.029257  0.044941  0.028109  0.998594  -0.001003  -0.003849  -0.005394  0.000000  0.000000  0.000000  2.000000  1.000000  0.000000  0.000000  0.000000  1.000000  0.000000  0.000000  0.000000  1.000000  0.999993  -0.002550  -0.002873  0.002546  0.999996  -0.001324  0.002876  0.001317  0.999995  1.000000  0.000000  0.000000  0.000000  1.000000  0.000000  0.000000  0.000000  1.000000  1.000000  0.000000  0.000000  0.000000  1.000000  0.000000  0.000000  0.000000  1.000000  0.000000  0.000000  
39.325313 0.001551  0.091134  -0.007609  0.998656  -0.026384  -0.044600  0.025088  0.999253  -0.029388  0.045342  0.028229  0.998573  -0.001129  -0.004038  -0.005633  0.000000  0.000000  0.000000  2.000000  1.000000  0.000000  0.000000  0.000000  1.000000  0.000000  0.000000  0.000000  1.000000  0.999992  -0.002558  -0.003140  0.002553  0.999996  -0.001325  0.003144  0.001317  0.999994  1.000000  0.000000  0.000000  0.000000  1.000000  0.000000  0.000000  0.000000  1.000000  1.000000  0.000000  0.000000  0.000000  1.000000  0.000000  0.000000  0.000000  1.000000  0.000000  0.000000  
39.326565 0.001549  0.091128  -0.007617  0.998639  -0.026603  -0.044858  0.025293  0.999244  -0.029525  0.045610  0.028350  0.998557  -0.001263  -0.004207  -0.005885  0.000000  0.000000  0.000000  2.000000  1.000000  0.000000  0.000000  0.000000  1.000000  0.000000  0.000000  0.000000  1.000000  0.999991  -0.002767  -0.003268  0.002763  0.999995  -0.001456  0.003272  0.001447  0.999994  1.000000  0.000000  0.000000  0.000000  1.000000  0.000000  0.000000  0.000000  1.000000  1.000000  0.000000  0.000000  0.000000  1.000000  0.000000  0.000000  0.000000  1.000000  0.000000  0.000000  
39.327806 0.001547  0.091121  -0.007626  0.998627  -0.026611  -0.045125  0.025293  0.999244  -0.029532  0.045877  0.028350  0.998545  -0.001379  -0.004337  -0.006124  0.000000  0.000000  0.000000  2.000000  1.000000  0.000000  0.000000  0.000000  1.000000  0.000000  0.000000  0.000000  1.000000  0.999990  -0.002570  -0.003541  0.002564  0.999995  -0.001569  0.003545  0.001560  0.999993  1.000000  0.000000  0.000000  0.000000  1.000000  0.000000  0.000000  0.000000  1.000000  1.000000  0.000000  0.000000  0.000000  1.000000  0.000000  0.000000  0.000000  1.000000  0.000000  0.000000  
39.328809 0.001545  0.091116  -0.007634  0.998615  -0.026624  -0.045389  0.025292  0.999240  -0.029660  0.046144  0.028471  0.998529  -0.001461  -0.004502  -0.006375  0.000000  0.000000  0.000000  2.000000  1.000000  0.000000  0.000000  0.000000  1.000000  0.000000  0.000000  0.000000  1.000000  0.999991  -0.002365  -0.003546  0.002359  0.999996  -0.001681  0.003550  0.001673  0.999992  1.000000  0.000000  0.000000  0.000000  1.000000  0.000000  0.000000  0.000000  1.000000  1.000000  0.000000  0.000000  0.000000  1.000000  0.000000  0.000000  0.000000  1.000000  0.000000  0.000000  
39.330064 0.001544  0.091109  -0.007643  0.998602  -0.026631  -0.045656  0.025292  0.999240  -0.029666  0.046411  0.028470  0.998517  -0.001501  -0.004661  -0.006612  0.000000  0.000000  0.000000  2.000000  1.000000  0.000000  0.000000  0.000000  1.000000  0.000000  0.000000  0.000000  1.000000  0.999991  -0.002159  -0.003552  0.002153  0.999996  -0.001551  0.003556  0.001543  0.999992  1.000000  0.000000  0.000000  0.000000  1.000000  0.000000  0.000000  0.000000  1.000000  1.000000  0.000000  0.000000  0.000000  1.000000  0.000000  0.000000  0.000000  1.000000  0.000000  0.000000  
39.331311 0.001542  0.091103  -0.007652  0.998596  -0.026641  -0.045786  0.025292  0.999236  -0.029791  0.046545  0.028591  0.998507  -0.001523  -0.004766  -0.006701  0.000000  0.000000  0.000000  2.000000  1.000000  0.000000  0.000000  0.000000  1.000000  0.000000  0.000000  0.000000  1.000000  0.999990  -0.002167  -0.003820  0.002161  0.999996  -0.001673  0.003823  0.001665  0.999991  1.000000  0.000000  0.000000  0.000000  1.000000  0.000000  0.000000  0.000000  1.000000  1.000000  0.000000  0.000000  0.000000  1.000000  0.000000  0.000000  0.000000  1.000000  0.000000  0.000000  
39.332560 0.001540  0.091097  -0.007660  0.998590  -0.026650  -0.045917  0.025292  0.999232  -0.029916  0.046679  0.028712  0.998497  -0.001593  -0.004913  -0.006732  0.000000  0.000000  0.000000  2.000000  1.000000  0.000000  0.000000  0.000000  1.000000  0.000000  0.000000  0.000000  1.000000  0.999991  -0.001962  -0.003825  0.001955  0.999996  -0.001785  0.003829  0.001777  0.999991  1.000000  0.000000  0.000000  0.000000  1.000000  0.000000  0.000000  0.000000  1.000000  1.000000  0.000000  0.000000  0.000000  1.000000  0.000000  0.000000  0.000000  1.000000  0.000000  0.000000  
39.333810 0.001538  0.091090  -0.007668  0.998583  -0.026660  -0.046047  0.025292  0.999229  -0.030040  0.046812  0.028833  0.998487  -0.001575  -0.004924  -0.006610  0.000000  0.000000  0.000000  2.000000  1.000000  0.000000  0.000000  0.000000  1.000000  0.000000  0.000000  0.000000  1.000000  0.999991  -0.001757  -0.003831  0.001750  0.999997  -0.001775  0.003834  0.001769  0.999991  1.000000  0.000000  0.000000  0.000000  1.000000  0.000000  0.000000  0.000000  1.000000  1.000000  0.000000  0.000000  0.000000  1.000000  0.000000  0.000000  0.000000  1.000000  0.000000  0.000000  
39.334827 0.001537  0.091086  -0.007673  0.998577  -0.026669  -0.046177  0.025292  0.999225  -0.030165  0.046946  0.028954  0.998478  -0.001533  -0.004907  -0.006462  0.000000  0.000000  0.000000  2.000000  1.000000  0.000000  0.000000  0.000000  1.000000  0.000000  0.000000  0.000000  1.000000  0.999991  -0.001552  -0.003837  0.001545  0.999997  -0.001766  0.003839  0.001760  0.999991  1.000000  0.000000  0.000000  0.000000  1.000000  0.000000  0.000000  0.000000  1.000000  1.000000  0.000000  0.000000  0.000000  1.000000  0.000000  0.000000  0.000000  1.000000  0.000000  0.000000  
39.336059 0.001535  0.091081  -0.007679  0.998571  -0.026679  -0.046308  0.025291  0.999221  -0.030289  0.047080  0.029075  0.998468  -0.001514  -0.004847  -0.006315  0.000000  0.000000  0.000000  2.000000  1.000000  0.000000  0.000000  0.000000  1.000000  0.000000  0.000000  0.000000  1.000000  0.999992  -0.001346  -0.003843  0.001339  0.999997  -0.001878  0.003845  0.001873  0.999991  1.000000  0.000000  0.000000  0.000000  1.000000  0.000000  0.000000  0.000000  1.000000  1.000000  0.000000  0.000000  0.000000  1.000000  0.000000  0.000000  0.000000  1.000000  0.000000  0.000000  
39.337063 0.001534  0.091077  -0.007684  0.998565  -0.026688  -0.046438  0.025291  0.999217  -0.030414  0.047213  0.029196  0.998458  -0.001484  -0.004809  -0.006167  0.000000  0.000000  0.000000  2.000000  1.000000  0.000000  0.000000  0.000000  1.000000  0.000000  0.000000  0.000000  1.000000  0.999992  -0.001343  -0.003709  0.001336  0.999998  -0.001757  0.003711  0.001752  0.999992  1.000000  0.000000  0.000000  0.000000  1.000000  0.000000  0.000000  0.000000  1.000000  1.000000  0.000000  0.000000  0.000000  1.000000  0.000000  0.000000  0.000000  1.000000  0.000000  0.000000  
39.338066 0.001533  0.091073  -0.007688  0.998565  -0.026688  -0.046438  0.025291  0.999217  -0.030414  0.047213  0.029196  0.998458  -0.001480  -0.004795  -0.006042  0.000000  0.000000  0.000000  2.000000  1.000000  0.000000  0.000000  0.000000  1.000000  0.000000  0.000000  0.000000  1.000000  0.999993  -0.001130  -0.003447  0.001124  0.999998  -0.001747  0.003449  0.001743  0.999993  1.000000  0.000000  0.000000  0.000000  1.000000  0.000000  0.000000  0.000000  1.000000  1.000000  0.000000  0.000000  0.000000  1.000000  0.000000  0.000000  0.000000  1.000000  0.000000  0.000000  
39.339309 0.001531  0.091068  -0.007693  0.998558  -0.026698  -0.046568  0.025291  0.999214  -0.030539  0.047347  0.029317  0.998448  -0.001436  -0.004743  -0.005969  0.000000  0.000000  0.000000  2.000000  1.000000  0.000000  0.000000  0.000000  1.000000  0.000000  0.000000  0.000000  1.000000  0.999995  -0.000711  -0.003192  0.000705  0.999998  -0.001728  0.003193  0.001725  0.999993  1.000000  0.000000  0.000000  0.000000  1.000000  0.000000  0.000000  0.000000  1.000000  1.000000  0.000000  0.000000  0.000000  1.000000  0.000000  0.000000  0.000000  1.000000  0.000000  0.000000  
39.340312 0.001530  0.091063  -0.007699  0.998557  -0.026502  -0.046705  0.025085  0.999215  -0.030654  0.047481  0.029438  0.998438  -0.001406  -0.004716  -0.005949  0.000000  0.000000  0.000000  2.000000  1.000000  0.000000  0.000000  0.000000  1.000000  0.000000  0.000000  0.000000  1.000000  0.999996  -0.000498  -0.002930  0.000493  0.999999  -0.001596  0.002931  0.001595  0.999994  1.000000  0.000000  0.000000  0.000000  1.000000  0.000000  0.000000  0.000000  1.000000  1.000000  0.000000  0.000000  0.000000  1.000000  0.000000  0.000000  0.000000  1.000000  0.000000  0.000000  
39.341312 0.001528  0.091058  -0.007704  0.998557  -0.026502  -0.046705  0.025085  0.999215  -0.030654  0.047481  0.029438  0.998438  -0.001418  -0.004712  -0.005915  0.000000  0.000000  0.000000  2.000000  1.000000  0.000000  0.000000  0.000000  1.000000  0.000000  0.000000  0.000000  1.000000  0.999996  -0.000292  -0.002936  0.000288  0.999999  -0.001587  0.002937  0.001586  0.999994  1.000000  0.000000  0.000000  0.000000  1.000000  0.000000  0.000000  0.000000  1.000000  1.000000  0.000000  0.000000  0.000000  1.000000  0.000000  0.000000  0.000000  1.000000  0.000000  0.000000  
39.342562 0.001527  0.091053  -0.007711  0.998557  -0.026507  -0.046702  0.025085  0.999212  -0.030775  0.047481  0.029559  0.998435  -0.001395  -0.004652  -0.005777  0.000000  0.000000  0.000000  2.000000  1.000000  0.000000  0.000000  0.000000  1.000000  0.000000  0.000000  0.000000  1.000000  0.999996  -0.000289  -0.002802  0.000284  0.999999  -0.001587  0.002803  0.001586  0.999995  1.000000  0.000000  0.000000  0.000000  1.000000  0.000000  0.000000  0.000000  1.000000  1.000000  0.000000  0.000000  0.000000  1.000000  0.000000  0.000000  0.000000  1.000000  0.000000  0.000000  
39.343563 0.001525  0.091048  -0.007716  0.998557  -0.026507  -0.046702  0.025085  0.999212  -0.030775  0.047481  0.029559  0.998435  -0.001379  -0.004583  -0.005602  0.000000  0.000000  0.000000  2.000000  1.000000  0.000000  0.000000  0.000000  1.000000  0.000000  0.000000  0.000000  1.000000  0.999996  -0.000079  -0.002675  0.000075  0.999999  -0.001577  0.002675  0.001577  0.999995  1.000000  0.000000  0.000000  0.000000  1.000000  0.000000  0.000000  0.000000  1.000000  1.000000  0.000000  0.000000  0.000000  1.000000  0.000000  0.000000  0.000000  1.000000  0.000000  0.000000  
39.344810 0.001524  0.091044  -0.007721  0.998551  -0.026517  -0.046832  0.025085  0.999208  -0.030899  0.047614  0.029680  0.998425  -0.001333  -0.004463  -0.005324  0.000000  0.000000  0.000000  2.000000  1.000000  0.000000  0.000000  0.000000  1.000000  0.000000  0.000000  0.000000  1.000000  0.999997  -0.000075  -0.002541  0.000072  0.999999  -0.001456  0.002541  0.001455  0.999996  1.000000  0.000000  0.000000  0.000000  1.000000  0.000000  0.000000  0.000000  1.000000  1.000000  0.000000  0.000000  0.000000  1.000000  0.000000  0.000000  0.000000  1.000000  0.000000  0.000000  
39.345812 0.001522  0.091040  -0.007725  0.998551  -0.026517  -0.046832  0.025085  0.999208  -0.030899  0.047614  0.029680  0.998425  -0.001347  -0.004390  -0.005080  0.000000  0.000000  0.000000  2.000000  1.000000  0.000000  0.000000  0.000000  1.000000  0.000000  0.000000  0.000000  1.000000  0.999997  -0.000068  -0.002274  0.000064  0.999999  -0.001456  0.002274  0.001455  0.999996  1.000000  0.000000  0.000000  0.000000  1.000000  0.000000  0.000000  0.000000  1.000000  1.000000  0.000000  0.000000  0.000000  1.000000  0.000000  0.000000  0.000000  1.000000  0.000000  0.000000  
39.347061 0.001521  0.091035  -0.007729  0.998551  -0.026517  -0.046832  0.025085  0.999208  -0.030899  0.047614  0.029680  0.998425  -0.001313  -0.004263  -0.004765  0.000000  0.000000  0.000000  2.000000  1.000000  0.000000  0.000000  0.000000  1.000000  0.000000  0.000000  0.000000  1.000000  0.999998  0.000146  -0.002012  -0.000149  0.999999  -0.001325  0.002012  0.001325  0.999997  1.000000  0.000000  0.000000  0.000000  1.000000  0.000000  0.000000  0.000000  1.000000  1.000000  0.000000  0.000000  0.000000  1.000000  0.000000  0.000000  0.000000  1.000000  0.000000  0.000000  
39.348310 0.001519  0.091030  -0.007734  0.998557  -0.026519  -0.046695  0.025085  0.999204  -0.031017  0.047481  0.029801  0.998428  -0.001329  -0.004183  -0.004586  0.000000  0.000000  0.000000  2.000000  1.000000  0.000000  0.000000  0.000000  1.000000  0.000000  0.000000  0.000000  1.000000  0.999999  0.000162  -0.001477  -0.000164  0.999999  -0.001325  0.001477  0.001325  0.999998  1.000000  0.000000  0.000000  0.000000  1.000000  0.000000  0.000000  0.000000  1.000000  1.000000  0.000000  0.000000  0.000000  1.000000  0.000000  0.000000  0.000000  1.000000  0.000000  0.000000  
39.349316 0.001517  0.091026  -0.007738  0.998557  -0.026519  -0.046695  0.025085  0.999204  -0.031017  0.047481  0.029801  0.998428  -0.001344  -0.004129  -0.004480  0.000000  0.000000  0.000000  2.000000  1.000000  0.000000  0.000000  0.000000  1.000000  0.000000  0.000000  0.000000  1.000000  0.999999  0.000166  -0.001344  -0.000167  0.999999  -0.001325  0.001343  0.001325  0.999998  1.000000  0.000000  0.000000  0.000000  1.000000  0.000000  0.000000  0.000000  1.000000  1.000000  0.000000  0.000000  0.000000  1.000000  0.000000  0.000000  0.000000  1.000000  0.000000  0.000000  
39.350561 0.001514  0.091021  -0.007743  0.998557  -0.026519  -0.046695  0.025085  0.999204  -0.031017  0.047481  0.029801  0.998428  -0.001440  -0.004115  -0.004445  0.000000  0.000000  0.000000  2.000000  1.000000  0.000000  0.000000  0.000000  1.000000  0.000000  0.000000  0.000000  1.000000  0.999999  0.000174  -0.001076  -0.000175  0.999999  -0.001203  0.001076  0.001203  0.999999  1.000000  0.000000  0.000000  0.000000  1.000000  0.000000  0.000000  0.000000  1.000000  1.000000  0.000000  0.000000  0.000000  1.000000  0.000000  0.000000  0.000000  1.000000  0.000000  0.000000  
39.351564 0.001512  0.091017  -0.007748  0.998563  -0.026520  -0.046559  0.025085  0.999200  -0.031135  0.047347  0.029922  0.998430  -0.001508  -0.004142  -0.004492  0.000000  0.000000  0.000000  2.000000  1.000000  0.000000  0.000000  0.000000  1.000000  0.000000  0.000000  0.000000  1.000000  1.000000  0.000182  -0.000809  -0.000183  0.999999  -0.001325  0.000808  0.001325  0.999999  1.000000  0.000000  0.000000  0.000000  1.000000  0.000000  0.000000  0.000000  1.000000  1.000000  0.000000  0.000000  0.000000  1.000000  0.000000  0.000000  0.000000  1.000000  0.000000  0.000000  
39.352837 0.001509  0.091011  -0.007755  0.998569  -0.026315  -0.046565  0.024880  0.999206  -0.031125  0.047347  0.029922  0.998430  -0.001626  -0.004165  -0.004529  0.000000  0.000000  0.000000  2.000000  1.000000  0.000000  0.000000  0.000000  1.000000  0.000000  0.000000  0.000000  1.000000  1.000000  0.000391  -0.000681  -0.000392  0.999999  -0.001193  0.000681  0.001194  0.999999  1.000000  0.000000  0.000000  0.000000  1.000000  0.000000  0.000000  0.000000  1.000000  1.000000  0.000000  0.000000  0.000000  1.000000  0.000000  0.000000  0.000000  1.000000  0.000000  0.000000  
39.354061 0.001505  0.091006  -0.007761  0.998575  -0.026311  -0.046431  0.024880  0.999206  -0.031122  0.047213  0.029922  0.998437  -0.001755  -0.004188  -0.004607  0.000000  0.000000  0.000000  2.000000  1.000000  0.000000  0.000000  0.000000  1.000000  0.000000  0.000000  0.000000  1.000000  1.000000  0.000399  -0.000414  -0.000400  0.999999  -0.001072  0.000413  0.001072  0.999999  1.000000  0.000000  0.000000  0.000000  1.000000  0.000000  0.000000  0.000000  1.000000  1.000000  0.000000  0.000000  0.000000  1.000000  0.000000  0.000000  0.000000  1.000000  0.000000  0.000000  
39.355313 0.001502  0.091001  -0.007767  0.998575  -0.026316  -0.046428  0.024880  0.999202  -0.031243  0.047213  0.030044  0.998433  -0.001846  -0.004123  -0.004532  0.000000  0.000000  0.000000  2.000000  1.000000  0.000000  0.000000  0.000000  1.000000  0.000000  0.000000  0.000000  1.000000  1.000000  0.000403  -0.000280  -0.000403  0.999999  -0.001072  0.000279  0.001072  0.999999  1.000000  0.000000  0.000000  0.000000  1.000000  0.000000  0.000000  0.000000  1.000000  1.000000  0.000000  0.000000  0.000000  1.000000  0.000000  0.000000  0.000000  1.000000  0.000000  0.000000  
39.356314 0.001499  0.090997  -0.007771  0.998575  -0.026316  -0.046428  0.024880  0.999202  -0.031243  0.047213  0.030044  0.998433  -0.001950  -0.004067  -0.004444  0.000000  0.000000  0.000000  2.000000  1.000000  0.000000  0.000000  0.000000  1.000000  0.000000  0.000000  0.000000  1.000000  1.000000  0.000407  -0.000146  -0.000407  0.999999  -0.000951  0.000146  0.000951  1.000000  1.000000  0.000000  0.000000  0.000000  1.000000  0.000000  0.000000  0.000000  1.000000  1.000000  0.000000  0.000000  0.000000  1.000000  0.000000  0.000000  0.000000  1.000000  0.000000  0.000000  
39.357568 0.001495  0.090993  -0.007777  0.998575  -0.026316  -0.046428  0.024880  0.999202  -0.031243  0.047213  0.030044  0.998433  -0.002112  -0.003988  -0.004359  0.000000  0.000000  0.000000  2.000000  1.000000  0.000000  0.000000  0.000000  1.000000  0.000000  0.000000  0.000000  1.000000  1.000000  0.000411  -0.000012  -0.000411  1.000000  -0.000830  0.000012  0.000830  1.000000  1.000000  0.000000  0.000000  0.000000  1.000000  0.000000  0.000000  0.000000  1.000000  1.000000  0.000000  0.000000  0.000000  1.000000  0.000000  0.000000  0.000000  1.000000  0.000000  0.000000  
39.358813 0.001491  0.090988  -0.007781  0.998575  -0.026316  -0.046428  0.024880  0.999202  -0.031243  0.047213  0.030044  0.998433  -0.002280  -0.003930  -0.004233  0.000000  0.000000  0.000000  2.000000  1.000000  0.000000  0.000000  0.000000  1.000000  0.000000  0.000000  0.000000  1.000000  1.000000  0.000415  0.000121  -0.000415  1.000000  -0.000708  -0.000122  0.000708  1.000000  1.000000  0.000000  0.000000  0.000000  1.000000  0.000000  0.000000  0.000000  1.000000  1.000000  0.000000  0.000000  0.000000  1.000000  0.000000  0.000000  0.000000  1.000000  0.000000  0.000000  
39.360063 0.001486  0.090983  -0.007786  0.998580  -0.026110  -0.046435  0.024674  0.999207  -0.031234  0.047213  0.030044  0.998433  -0.002552  -0.003958  -0.004260  0.000000  0.000000  0.000000  2.000000  1.000000  0.000000  0.000000  0.000000  1.000000  0.000000  0.000000  0.000000  1.000000  1.000000  0.000621  0.000115  -0.000621  1.000000  -0.000699  -0.000116  0.000699  1.000000  1.000000  0.000000  0.000000  0.000000  1.000000  0.000000  0.000000  0.000000  1.000000  1.000000  0.000000  0.000000  0.000000  1.000000  0.000000  0.000000  0.000000  1.000000  0.000000  0.000000  
39.361311 0.001480  0.090978  -0.007792  0.998580  -0.026110  -0.046435  0.024674  0.999207  -0.031234  0.047213  0.030044  0.998433  -0.002812  -0.004033  -0.004398  0.000000  0.000000  0.000000  2.000000  1.000000  0.000000  0.000000  0.000000  1.000000  0.000000  0.000000  0.000000  1.000000  1.000000  0.000419  0.000255  -0.000419  1.000000  -0.000587  -0.000255  0.000587  1.000000  1.000000  0.000000  0.000000  0.000000  1.000000  0.000000  0.000000  0.000000  1.000000  1.000000  0.000000  0.000000  0.000000  1.000000  0.000000  0.000000  0.000000  1.000000  0.000000  0.000000  
39.362312 0.001475  0.090973  -0.007798  0.998586  -0.026106  -0.046301  0.024675  0.999208  -0.031230  0.047080  0.030044  0.998439  -0.003040  -0.004063  -0.004572  0.000000  0.000000  0.000000  2.000000  1.000000  0.000000  0.000000  0.000000  1.000000  0.000000  0.000000  0.000000  1.000000  1.000000  0.000423  0.000389  -0.000423  1.000000  -0.000466  -0.000389  0.000466  1.000000  1.000000  0.000000  0.000000  0.000000  1.000000  0.000000  0.000000  0.000000  1.000000  1.000000  0.000000  0.000000  0.000000  1.000000  0.000000  0.000000  0.000000  1.000000  0.000000  0.000000  
39.363560 0.001469  0.090967  -0.007806  0.998586  -0.026106  -0.046301  0.024675  0.999208  -0.031230  0.047080  0.030044  0.998439  -0.003324  -0.004156  -0.004774  0.000000  0.000000  0.000000  2.000000  1.000000  0.000000  0.000000  0.000000  1.000000  0.000000  0.000000  0.000000  1.000000  1.000000  0.000423  0.000389  -0.000423  1.000000  -0.000466  -0.000389  0.000466  1.000000  1.000000  0.000000  0.000000  0.000000  1.000000  0.000000  0.000000  0.000000  1.000000  1.000000  0.000000  0.000000  0.000000  1.000000  0.000000  0.000000  0.000000  1.000000  0.000000  0.000000  
39.364810 0.001461  0.090960  -0.007814  0.998580  -0.026110  -0.046435  0.024674  0.999207  -0.031234  0.047213  0.030044  0.998433  -0.003659  -0.004249  -0.004972  0.000000  0.000000  0.000000  2.000000  1.000000  0.000000  0.000000  0.000000  1.000000  0.000000  0.000000  0.000000  1.000000  1.000000  0.000427  0.000523  -0.000427  1.000000  -0.000345  -0.000523  0.000344  1.000000  1.000000  0.000000  0.000000  0.000000  1.000000  0.000000  0.000000  0.000000  1.000000  1.000000  0.000000  0.000000  0.000000  1.000000  0.000000  0.000000  0.000000  1.000000  0.000000  0.000000  
39.365811 0.001455  0.090955  -0.007821  0.998585  -0.025905  -0.046441  0.024469  0.999213  -0.031224  0.047213  0.030044  0.998433  -0.003879  -0.004342  -0.005119  0.000000  0.000000  0.000000  2.000000  1.000000  0.000000  0.000000  0.000000  1.000000  0.000000  0.000000  0.000000  1.000000  1.000000  0.000629  0.000383  -0.000629  1.000000  -0.000335  -0.000383  0.000334  1.000000  1.000000  0.000000  0.000000  0.000000  1.000000  0.000000  0.000000  0.000000  1.000000  1.000000  0.000000  0.000000  0.000000  1.000000  0.000000  0.000000  0.000000  1.000000  0.000000  0.000000  
39.366813 0.001449  0.090950  -0.007828  0.998585  -0.025905  -0.046441  0.024469  0.999213  -0.031224  0.047213  0.030044  0.998433  -0.004145  -0.004424  -0.005222  0.000000  0.000000  0.000000  2.000000  1.000000  0.000000  0.000000  0.000000  1.000000  0.000000  0.000000  0.000000  1.000000  1.000000  0.000629  0.000383  -0.000629  1.000000  -0.000335  -0.000383  0.000334  1.000000  1.000000  0.000000  0.000000  0.000000  1.000000  0.000000  0.000000  0.000000  1.000000  1.000000  0.000000  0.000000  0.000000  1.000000  0.000000  0.000000  0.000000  1.000000  0.000000  0.000000  
39.368067 0.001442  0.090943  -0.007835  0.998585  -0.025905  -0.046441  0.024469  0.999213  -0.031224  0.047213  0.030044  0.998433  -0.004411  -0.004505  -0.005325  0.000000  0.000000  0.000000  2.000000  1.000000  0.000000  0.000000  0.000000  1.000000  0.000000  0.000000  0.000000  1.000000  1.000000  0.000629  0.000383  -0.000629  1.000000  -0.000335  -0.000383  0.000334  1.000000  1.000000  0.000000  0.000000  0.000000  1.000000  0.000000  0.000000  0.000000  1.000000  1.000000  0.000000  0.000000  0.000000  1.000000  0.000000  0.000000  0.000000  1.000000  0.000000  0.000000  
39.369310 0.001434  0.090936  -0.007843  0.998585  -0.025905  -0.046441  0.024469  0.999213  -0.031224  0.047213  0.030044  0.998433  -0.004685  -0.004564  -0.005437  0.000000  0.000000  0.000000  2.000000  1.000000  0.000000  0.000000  0.000000  1.000000  0.000000  0.000000  0.000000  1.000000  1.000000  0.000625  0.000249  -0.000625  1.000000  -0.000213  -0.000249  0.000213  1.000000  1.000000  0.000000  0.000000  0.000000  1.000000  0.000000  0.000000  0.000000  1.000000  1.000000  0.000000  0.000000  0.000000  1.000000  0.000000  0.000000  0.000000  1.000000  0.000000  0.000000  
39.370311 0.001428  0.090931  -0.007850  0.998585  -0.025899  -0.046444  0.024469  0.999217  -0.031103  0.047213  0.029922  0.998437  -0.004936  -0.004691  -0.005521  0.000000  0.000000  0.000000  2.000000  1.000000  0.000000  0.000000  0.000000  1.000000  0.000000  0.000000  0.000000  1.000000  1.000000  0.000625  0.000249  -0.000625  1.000000  -0.000213  -0.000249  0.000213  1.000000  1.000000  0.000000  0.000000  0.000000  1.000000  0.000000  0.000000  0.000000  1.000000  1.000000  0.000000  0.000000  0.000000  1.000000  0.000000  0.000000  0.000000  1.000000  0.000000  0.000000  
39.371316 0.001422  0.090925  -0.007856  0.998585  -0.025899  -0.046444  0.024469  0.999217  -0.031103  0.047213  0.029922  0.998437  -0.005168  -0.004823  -0.005674  0.000000  0.000000  0.000000  2.000000  1.000000  0.000000  0.000000  0.000000  1.000000  0.000000  0.000000  0.000000  1.000000  1.000000  0.000621  0.000115  -0.000621  1.000000  0.000029  -0.000115  -0.000029  1.000000  1.000000  0.000000  0.000000  0.000000  1.000000  0.000000  0.000000  0.000000  1.000000  1.000000  0.000000  0.000000  0.000000  1.000000  0.000000  0.000000  0.000000  1.000000  0.000000  0.000000  
39.372563 0.001414  0.090918  -0.007864  0.998579  -0.025903  -0.046578  0.024469  0.999217  -0.031106  0.047347  0.029922  0.998430  -0.005412  -0.005005  -0.005832  0.000000  0.000000  0.000000  2.000000  1.000000  0.000000  0.000000  0.000000  1.000000  0.000000  0.000000  0.000000  1.000000  1.000000  0.000415  0.000121  -0.000415  1.000000  0.000019  -0.000121  -0.000019  1.000000  1.000000  0.000000  0.000000  0.000000  1.000000  0.000000  0.000000  0.000000  1.000000  1.000000  0.000000  0.000000  0.000000  1.000000  0.000000  0.000000  0.000000  1.000000  0.000000  0.000000  
39.373812 0.001406  0.090910  -0.007873  0.998579  -0.025903  -0.046578  0.024469  0.999217  -0.031106  0.047347  0.029922  0.998430  -0.005671  -0.005247  -0.006163  0.000000  0.000000  0.000000  2.000000  1.000000  0.000000  0.000000  0.000000  1.000000  0.000000  0.000000  0.000000  1.000000  1.000000  0.000411  -0.000012  -0.000411  1.000000  0.000019  0.000012  -0.000019  1.000000  1.000000  0.000000  0.000000  0.000000  1.000000  0.000000  0.000000  0.000000  1.000000  1.000000  0.000000  0.000000  0.000000  1.000000  0.000000  0.000000  0.000000  1.000000  0.000000  0.000000  
39.374814 0.001399  0.090903  -0.007881  0.998579  -0.025903  -0.046578  0.024469  0.999217  -0.031106  0.047347  0.029922  0.998430  -0.005894  -0.005470  -0.006430  0.000000  0.000000  0.000000  2.000000  1.000000  0.000000  0.000000  0.000000  1.000000  0.000000  0.000000  0.000000  1.000000  1.000000  0.000407  -0.000146  -0.000407  1.000000  0.000019  0.000146  -0.000019  1.000000  1.000000  0.000000  0.000000  0.000000  1.000000  0.000000  0.000000  0.000000  1.000000  1.000000  0.000000  0.000000  0.000000  1.000000  0.000000  0.000000  0.000000  1.000000  0.000000  0.000000  
39.376065 0.001390  0.090894  -0.007891  0.998574  -0.026109  -0.046571  0.024674  0.999211  -0.031116  0.047347  0.029922  0.998430  -0.006112  -0.005737  -0.006727  0.000000  0.000000  0.000000  2.000000  1.000000  0.000000  0.000000  0.000000  1.000000  0.000000  0.000000  0.000000  1.000000  1.000000  0.000202  -0.000140  -0.000202  1.000000  0.000131  0.000140  -0.000131  1.000000  1.000000  0.000000  0.000000  0.000000  1.000000  0.000000  0.000000  0.000000  1.000000  1.000000  0.000000  0.000000  0.000000  1.000000  0.000000  0.000000  0.000000  1.000000  0.000000  0.000000  
39.377316 0.001381  0.090884  -0.007901  0.998567  -0.026113  -0.046705  0.024674  0.999211  -0.031119  0.047481  0.029922  0.998424  -0.006315  -0.005920  -0.006895  0.000000  0.000000  0.000000  2.000000  1.000000  0.000000  0.000000  0.000000  1.000000  0.000000  0.000000  0.000000  1.000000  1.000000  0.000198  -0.000274  -0.000197  1.000000  0.000131  0.000274  -0.000131  1.000000  1.000000  0.000000  0.000000  0.000000  1.000000  0.000000  0.000000  0.000000  1.000000  1.000000  0.000000  0.000000  0.000000  1.000000  0.000000  0.000000  0.000000  1.000000  0.000000  0.000000  
39.378560 0.001372  0.090875  -0.007911  0.998567  -0.026113  -0.046705  0.024674  0.999211  -0.031119  0.047481  0.029922  0.998424  -0.006474  -0.006127  -0.007018  0.000000  0.000000  0.000000  2.000000  1.000000  0.000000  0.000000  0.000000  1.000000  0.000000  0.000000  0.000000  1.000000  1.000000  0.000198  -0.000274  -0.000197  1.000000  0.000131  0.000274  -0.000131  1.000000  1.000000  0.000000  0.000000  0.000000  1.000000  0.000000  0.000000  0.000000  1.000000  1.000000  0.000000  0.000000  0.000000  1.000000  0.000000  0.000000  0.000000  1.000000  0.000000  0.000000  
39.379567 0.001364  0.090868  -0.007918  0.998567  -0.026113  -0.046705  0.024674  0.999211  -0.031119  0.047481  0.029922  0.998424  -0.006583  -0.006289  -0.007036  0.000000  0.000000  0.000000  2.000000  1.000000  0.000000  0.000000  0.000000  1.000000  0.000000  0.000000  0.000000  1.000000  1.000000  0.000198  -0.000274  -0.000197  1.000000  0.000131  0.000274  -0.000131  1.000000  1.000000  0.000000  0.000000  0.000000  1.000000  0.000000  0.000000  0.000000  1.000000  1.000000  0.000000  0.000000  0.000000  1.000000  0.000000  0.000000  0.000000  1.000000  0.000000  0.000000  
