1-Time 2-Px 3-Py 4-Pz 5-R11 6-R21 7-R31 8-R12 9-R22 10-R32 11-R13 12-R23 13-R33 14-Vx 15-Vy 16-Vz 17-Wx 18-Wy 19-Wz 20-state 21-PR11 22-PR21 23-PR31 24-PR12 25-PR22 26-PR32 27-PR13 28-PR23 29-PR33 
199.474082 0.006783  0.098631  -0.006030  0.997978  -0.036160  -0.052273  0.035147  0.999179  -0.020167  0.052959  0.018289  0.998429  0.000047  -0.000082  0.000313  0.000000  0.000000  0.000000  2.000000  1.000000  0.000000  0.000000  0.000000  1.000000  0.000000  0.000000  0.000000  1.000000  0.999998  0.001206  -0.001494  -0.001206  0.999999  0.000065  0.001494  -0.000064  0.999999  1.000000  0.000000  0.000000  0.000000  1.000000  0.000000  0.000000  0.000000  1.000000  0.716246  0.542963  -0.438387  -0.468518  0.839711  0.274548  0.517188  0.008749  0.855827  0.000000  0.000000  
199.475088 0.006783  0.098631  -0.006030  0.997978  -0.035957  -0.052411  0.034942  0.999186  -0.020161  0.053093  0.018289  0.998422  0.000059  -0.000084  0.000279  0.000000  0.000000  0.000000  2.000000  1.000000  0.000000  0.000000  0.000000  1.000000  0.000000  0.000000  0.000000  1.000000  0.999998  0.001206  -0.001494  -0.001206  0.999999  0.000066  0.001494  -0.000064  0.999999  1.000000  0.000000  0.000000  0.000000  1.000000  0.000000  0.000000  0.000000  1.000000  1.000000  0.000000  0.000000  0.000000  1.000000  0.000000  0.000000  0.000000  1.000000  0.000000  0.000000  
199.476343 0.006784  0.098631  -0.006031  0.997957  -0.036167  -0.052674  0.035147  0.999178  -0.020181  0.053360  0.018289  0.998408  0.000109  -0.000094  0.000143  0.000000  0.000000  0.000000  2.000000  1.000000  0.000000  0.000000  0.000000  1.000000  0.000000  0.000000  0.000000  1.000000  0.999998  0.000998  -0.001624  -0.000998  1.000000  0.000055  0.001624  -0.000053  0.999999  1.000000  0.000000  0.000000  0.000000  1.000000  0.000000  0.000000  0.000000  1.000000  1.000000  0.000000  0.000000  0.000000  1.000000  0.000000  0.000000  0.000000  1.000000  0.000000  0.000000  
199.477591 0.006785  0.098630  -0.006034  0.997928  -0.036380  -0.053070  0.035351  0.999171  -0.020206  0.053761  0.018288  0.998386  0.000205  -0.000134  -0.000087  0.000000  0.000000  0.000000  2.000000  1.000000  0.000000  0.000000  0.000000  1.000000  0.000000  0.000000  0.000000  1.000000  0.999998  0.000788  -0.001888  -0.000788  1.000000  0.000044  0.001888  -0.000043  0.999998  1.000000  0.000000  0.000000  0.000000  1.000000  0.000000  0.000000  0.000000  1.000000  1.000000  0.000000  0.000000  0.000000  1.000000  0.000000  0.000000  0.000000  1.000000  0.000000  0.000000  
199.478845 0.006787  0.098630  -0.006037  0.997899  -0.036600  -0.053462  0.035556  0.999160  -0.020353  0.054162  0.018409  0.998362  0.000309  -0.000119  -0.000270  0.000000  0.000000  0.000000  2.000000  1.000000  0.000000  0.000000  0.000000  1.000000  0.000000  0.000000  0.000000  1.000000  0.999997  0.000575  -0.002286  -0.000575  1.000000  -0.000088  0.002285  0.000089  0.999997  1.000000  0.000000  0.000000  0.000000  1.000000  0.000000  0.000000  0.000000  1.000000  1.000000  0.000000  0.000000  0.000000  1.000000  0.000000  0.000000  0.000000  1.000000  0.000000  0.000000  
199.480086 0.006789  0.098630  -0.006039  0.997877  -0.036607  -0.053862  0.035555  0.999160  -0.020367  0.054563  0.018409  0.998341  0.000494  -0.000147  -0.000473  0.000000  0.000000  0.000000  2.000000  1.000000  0.000000  0.000000  0.000000  1.000000  0.000000  0.000000  0.000000  1.000000  0.999997  0.000364  -0.002549  -0.000365  1.000000  -0.000099  0.002549  0.000100  0.999997  1.000000  0.000000  0.000000  0.000000  1.000000  0.000000  0.000000  0.000000  1.000000  1.000000  0.000000  0.000000  0.000000  1.000000  0.000000  0.000000  0.000000  1.000000  0.000000  0.000000  
199.481091 0.006792  0.098629  -0.006042  0.997870  -0.036610  -0.053996  0.035555  0.999160  -0.020372  0.054696  0.018409  0.998333  0.000658  -0.000150  -0.000651  0.000000  0.000000  0.000000  2.000000  1.000000  0.000000  0.000000  0.000000  1.000000  0.000000  0.000000  0.000000  1.000000  0.999996  0.000362  -0.002683  -0.000362  1.000000  -0.000099  0.002683  0.000100  0.999996  1.000000  0.000000  0.000000  0.000000  1.000000  0.000000  0.000000  0.000000  1.000000  1.000000  0.000000  0.000000  0.000000  1.000000  0.000000  0.000000  0.000000  1.000000  0.000000  0.000000  
199.482342 0.006795  0.098628  -0.006045  0.997848  -0.036820  -0.054259  0.035760  0.999152  -0.020392  0.054964  0.018408  0.998319  0.000868  -0.000183  -0.000921  0.000000  0.000000  0.000000  2.000000  1.000000  0.000000  0.000000  0.000000  1.000000  0.000000  0.000000  0.000000  1.000000  0.999996  -0.000052  -0.002809  0.000051  1.000000  -0.000121  0.002809  0.000121  0.999996  1.000000  0.000000  0.000000  0.000000  1.000000  0.000000  0.000000  0.000000  1.000000  1.000000  0.000000  0.000000  0.000000  1.000000  0.000000  0.000000  0.000000  1.000000  0.000000  0.000000  
199.483588 0.006798  0.098627  -0.006048  0.997833  -0.036832  -0.054521  0.035759  0.999150  -0.020523  0.055231  0.018529  0.998302  0.001012  -0.000314  -0.001147  0.000000  0.000000  0.000000  2.000000  1.000000  0.000000  0.000000  0.000000  1.000000  0.000000  0.000000  0.000000  1.000000  0.999996  -0.000055  -0.002943  0.000054  1.000000  -0.000243  0.002943  0.000243  0.999996  1.000000  0.000000  0.000000  0.000000  1.000000  0.000000  0.000000  0.000000  1.000000  1.000000  0.000000  0.000000  0.000000  1.000000  0.000000  0.000000  0.000000  1.000000  0.000000  0.000000  
199.484837 0.006800  0.098626  -0.006052  0.997803  -0.037052  -0.054913  0.035964  0.999139  -0.020670  0.055632  0.018650  0.998277  0.001192  -0.000376  -0.001438  0.000000  0.000000  0.000000  2.000000  1.000000  0.000000  0.000000  0.000000  1.000000  0.000000  0.000000  0.000000  1.000000  0.999995  -0.000266  -0.003207  0.000264  1.000000  -0.000375  0.003207  0.000375  0.999995  1.000000  0.000000  0.000000  0.000000  1.000000  0.000000  0.000000  0.000000  1.000000  1.000000  0.000000  0.000000  0.000000  1.000000  0.000000  0.000000  0.000000  1.000000  0.000000  0.000000  
199.486085 0.006802  0.098624  -0.006057  0.997774  -0.037265  -0.055309  0.036168  0.999131  -0.020696  0.056032  0.018649  0.998255  0.001314  -0.000497  -0.001772  0.000000  0.000000  0.000000  2.000000  1.000000  0.000000  0.000000  0.000000  1.000000  0.000000  0.000000  0.000000  1.000000  0.999994  -0.000682  -0.003467  0.000680  1.000000  -0.000399  0.003467  0.000396  0.999994  1.000000  0.000000  0.000000  0.000000  1.000000  0.000000  0.000000  0.000000  1.000000  1.000000  0.000000  0.000000  0.000000  1.000000  0.000000  0.000000  0.000000  1.000000  0.000000  0.000000  
199.487088 0.006803  0.098623  -0.006062  0.997736  -0.037487  -0.055834  0.036373  0.999121  -0.020848  0.056567  0.018770  0.998222  0.001408  -0.000552  -0.002134  0.000000  0.000000  0.000000  2.000000  1.000000  0.000000  0.000000  0.000000  1.000000  0.000000  0.000000  0.000000  1.000000  0.999992  -0.000898  -0.003998  0.000896  0.999999  -0.000532  0.003998  0.000528  0.999992  1.000000  0.000000  0.000000  0.000000  1.000000  0.000000  0.000000  0.000000  1.000000  1.000000  0.000000  0.000000  0.000000  1.000000  0.000000  0.000000  0.000000  1.000000  0.000000  0.000000  
199.488088 0.006805  0.098622  -0.006067  0.997698  -0.037703  -0.056364  0.036577  0.999113  -0.020879  0.057101  0.018769  0.998192  0.001516  -0.000608  -0.002530  -0.017063  0.179622  -0.017157  2.000000  1.000000  0.000000  0.000000  0.000000  1.000000  0.000000  0.000000  0.000000  1.000000  0.999990  -0.001111  -0.004395  0.001108  0.999999  -0.000544  0.004396  0.000539  0.999990  1.000000  0.000000  0.000000  0.000000  1.000000  0.000000  0.000000  0.000000  1.000000  1.000000  0.000000  0.000000  0.000000  1.000000  0.000000  0.000000  0.000000  1.000000  0.000044  0.000000  
199.489338 0.006807  0.098621  -0.006075  0.997652  -0.038131  -0.056884  0.036987  0.999094  -0.021043  0.057635  0.018890  0.998159  0.001625  -0.000640  -0.002990  -0.022286  0.192756  -0.038151  2.000000  1.000000  0.000000  0.000000  0.000000  1.000000  0.000000  0.000000  0.000000  1.000000  0.999987  -0.001533  -0.004922  0.001529  0.999999  -0.000690  0.004923  0.000682  0.999988  1.000000  0.000000  0.000000  0.000000  1.000000  0.000000  0.000000  0.000000  1.000000  1.000000  0.000000  0.000000  0.000000  1.000000  0.000000  0.000000  0.000000  1.000000  0.000048  0.000000  
199.490346 0.006809  0.098621  -0.006081  0.997629  -0.038139  -0.057285  0.036986  0.999094  -0.021058  0.058036  0.018889  0.998136  0.001788  -0.000678  -0.003413  -0.022277  0.201588  -0.038287  2.000000  1.000000  0.000134  -0.000153  -0.000134  1.000000  -0.000026  0.000153  0.000026  1.000000  0.999985  -0.001743  -0.005186  0.001739  0.999998  -0.000702  0.005187  0.000693  0.999986  1.000000  0.000045  -0.000051  -0.000045  1.000000  -0.000009  0.000051  0.000009  1.000000  1.000000  0.000134  -0.000153  -0.000134  1.000000  -0.000026  0.000153  0.000026  1.000000  0.000051  0.005515  
199.491594 0.006812  0.098621  -0.006088  0.997590  -0.038355  -0.057814  0.037190  0.999086  -0.021090  0.058570  0.018889  0.998105  0.001894  -0.000658  -0.003774  -0.023056  0.219350  -0.052440  2.000000  1.000000  0.000374  -0.000429  -0.000374  1.000000  -0.000070  0.000429  0.000070  1.000000  0.999982  -0.001959  -0.005717  0.001955  0.999998  -0.000715  0.005719  0.000704  0.999983  1.000000  0.000050  -0.000057  -0.000050  1.000000  -0.000009  0.000057  0.000009  1.000000  1.000000  0.000374  -0.000429  -0.000374  1.000000  -0.000070  0.000429  0.000070  1.000000  0.000055  0.006085  
199.492849 0.006816  0.098621  -0.006095  0.997559  -0.038575  -0.058206  0.037395  0.999075  -0.021238  0.058971  0.019009  0.998079  0.001996  -0.000582  -0.004054  -0.027524  0.228173  -0.059517  2.000000  1.000000  0.000624  -0.000730  -0.000624  1.000000  -0.000120  0.000730  0.000120  1.000000  0.999979  -0.002378  -0.006110  0.002373  0.999997  -0.000862  0.006112  0.000847  0.999981  1.000000  0.000051  -0.000064  -0.000051  1.000000  -0.000011  0.000064  0.000011  1.000000  1.000000  0.000624  -0.000730  -0.000624  1.000000  -0.000120  0.000730  0.000120  1.000000  0.000059  0.006612  
199.494088 0.006819  0.098622  -0.006101  0.997527  -0.038585  -0.058739  0.037393  0.999074  -0.021258  0.059505  0.019009  0.998047  0.002062  -0.000517  -0.004223  -0.027551  0.241729  -0.059786  2.000000  0.999999  0.000838  -0.000991  -0.000838  1.000000  -0.000162  0.000991  0.000163  0.999999  0.999977  -0.002383  -0.006378  0.002378  0.999997  -0.000863  0.006380  0.000847  0.999979  1.000000  0.000054  -0.000066  -0.000054  1.000000  -0.000011  0.000066  0.000011  1.000000  0.999999  0.000838  -0.000991  -0.000838  1.000000  -0.000162  0.000991  0.000163  0.999999  0.000062  0.006862  
199.495411 0.006821  0.098623  -0.006106  0.997488  -0.038808  -0.059264  0.037598  0.999064  -0.021411  0.060039  0.019129  0.998013  0.002046  -0.000469  -0.004401  -0.032338  0.258795  -0.073763  2.000000  0.999998  0.001124  -0.001340  -0.001124  0.999999  -0.000216  0.001340  0.000217  0.999999  0.999973  -0.002599  -0.006909  0.002593  0.999996  -0.000876  0.006911  0.000858  0.999976  1.000000  0.000059  -0.000071  -0.000059  1.000000  -0.000011  0.000071  0.000011  1.000000  0.999998  0.001124  -0.001340  -0.001124  0.999999  -0.000216  0.001340  0.000217  0.999999  0.000067  0.007433  
199.496587 0.006823  0.098622  -0.006112  0.997440  -0.039027  -0.059927  0.037801  0.999055  -0.021449  0.060707  0.019128  0.997972  0.001999  -0.000468  -0.004586  -0.032838  0.277296  -0.081190  2.000000  0.999998  0.001364  -0.001644  -0.001365  0.999999  -0.000266  0.001644  0.000268  0.999999  0.999968  -0.002816  -0.007440  0.002808  0.999996  -0.001012  0.007443  0.000991  0.999972  1.000000  0.000063  -0.000077  -0.000063  1.000000  -0.000013  0.000077  0.000013  1.000000  0.999998  0.001364  -0.001644  -0.001365  0.999999  -0.000266  0.001644  0.000268  0.999999  0.000072  0.008018  
199.497592 0.006824  0.098621  -0.006116  0.997399  -0.039250  -0.060451  0.038005  0.999044  -0.021602  0.061241  0.019249  0.997937  0.001886  -0.000451  -0.004738  -0.037327  0.290603  -0.088351  2.000000  0.999997  0.001619  -0.001960  -0.001620  0.999999  -0.000316  0.001959  0.000319  0.999998  0.999966  -0.003026  -0.007703  0.003018  0.999995  -0.001026  0.007706  0.001002  0.999970  1.000000  0.000065  -0.000081  -0.000065  1.000000  -0.000013  0.000081  0.000013  1.000000  0.999997  0.001619  -0.001960  -0.001620  0.999999  -0.000316  0.001959  0.000319  0.999998  0.000075  0.008339  
199.498837 0.006826  0.098621  -0.006122  0.997358  -0.039263  -0.061118  0.038004  0.999044  -0.021628  0.061909  0.019248  0.997896  0.001808  -0.000403  -0.004898  -0.037756  0.312987  -0.095689  2.000000  0.999996  0.001888  -0.002281  -0.001889  0.999998  -0.000372  0.002280  0.000376  0.999997  0.999964  -0.002827  -0.007975  0.002818  0.999995  -0.001136  0.007978  0.001114  0.999968  1.000000  0.000069  -0.000080  -0.000069  1.000000  -0.000014  0.000080  0.000014  1.000000  0.999996  0.001888  -0.002281  -0.001889  0.999998  -0.000372  0.002280  0.000376  0.999997  0.000081  0.008535  
199.500086 0.006827  0.098620  -0.006128  0.997309  -0.039481  -0.061781  0.038208  0.999035  -0.021666  0.062577  0.019247  0.997855  0.001783  -0.000372  -0.005033  -0.038194  0.330869  -0.102940  2.000000  0.999994  0.002236  -0.002692  -0.002237  0.999997  -0.000438  0.002691  0.000444  0.999996  0.999962  -0.002832  -0.008242  0.002824  0.999995  -0.001017  0.008245  0.000993  0.999966  1.000000  0.000072  -0.000082  -0.000072  1.000000  -0.000013  0.000082  0.000013  1.000000  0.999994  0.002236  -0.002692  -0.002237  0.999997  -0.000438  0.002691  0.000444  0.999996  0.000086  0.008773  
199.501090 0.006828  0.098619  -0.006132  0.997275  -0.039499  -0.062310  0.038206  0.999032  -0.021808  0.063111  0.019368  0.997819  0.001749  -0.000304  -0.005043  -0.042295  0.344287  -0.103193  2.000000  0.999992  0.002528  -0.003024  -0.002529  0.999997  -0.000492  0.003023  0.000500  0.999995  0.999960  -0.002838  -0.008509  0.002828  0.999995  -0.001140  0.008513  0.001115  0.999963  1.000000  0.000074  -0.000084  -0.000074  1.000000  -0.000014  0.000084  0.000014  1.000000  0.999992  0.002528  -0.003024  -0.002529  0.999997  -0.000492  0.003023  0.000500  0.999995  0.000091  0.009041  
199.502338 0.006830  0.098619  -0.006137  0.997241  -0.039510  -0.062844  0.038205  0.999031  -0.021828  0.063645  0.019367  0.997785  0.001792  -0.000186  -0.004890  -0.042728  0.362174  -0.110447  2.000000  0.999990  0.002905  -0.003447  -0.002907  0.999996  -0.000562  0.003446  0.000572  0.999994  0.999957  -0.002843  -0.008777  0.002833  0.999995  -0.001141  0.008780  0.001116  0.999961  1.000000  0.000077  -0.000086  -0.000077  1.000000  -0.000014  0.000086  0.000014  1.000000  0.999990  0.002905  -0.003447  -0.002907  0.999996  -0.000562  0.003446  0.000572  0.999994  0.000094  0.009295  
199.503588 0.006833  0.098620  -0.006142  0.997199  -0.039733  -0.063368  0.038409  0.999020  -0.021983  0.064179  0.019487  0.997748  0.001834  -0.000069  -0.004735  -0.047249  0.375567  -0.117641  2.000000  0.999987  0.003296  -0.003881  -0.003298  0.999994  -0.000633  0.003879  0.000645  0.999992  0.999955  -0.002849  -0.009044  0.002838  0.999995  -0.001264  0.009048  0.001238  0.999958  1.000000  0.000080  -0.000087  -0.000080  1.000000  -0.000016  0.000087  0.000016  1.000000  0.999987  0.003296  -0.003881  -0.003298  0.999994  -0.000633  0.003879  0.000645  0.999992  0.000098  0.009565  
199.504838 0.006836  0.098621  -0.006146  0.997164  -0.039744  -0.063901  0.038408  0.999020  -0.022003  0.064713  0.019487  0.997714  0.001858  0.000046  -0.004538  -0.046906  0.385930  -0.116948  2.000000  0.999984  0.003706  -0.004321  -0.003709  0.999993  -0.000702  0.004318  0.000718  0.999990  0.999953  -0.002649  -0.009316  0.002639  0.999996  -0.001131  0.009319  0.001106  0.999956  1.000000  0.000084  -0.000087  -0.000084  1.000000  -0.000014  0.000087  0.000014  1.000000  0.999984  0.003706  -0.004321  -0.003709  0.999993  -0.000702  0.004318  0.000718  0.999990  0.000102  0.009749  
199.506093 0.006839  0.098624  -0.006149  0.997121  -0.039757  -0.064568  0.038406  0.999019  -0.022029  0.065381  0.019486  0.997670  0.001844  0.000182  -0.004218  -0.047345  0.402605  -0.118165  2.000000  0.999980  0.004135  -0.004760  -0.004139  0.999991  -0.000764  0.004756  0.000783  0.999988  0.999951  -0.002654  -0.009583  0.002645  0.999996  -0.001011  0.009586  0.000986  0.999954  1.000000  0.000087  -0.000089  -0.000087  1.000000  -0.000012  0.000089  0.000012  1.000000  0.999980  0.004135  -0.004760  -0.004139  0.999991  -0.000764  0.004756  0.000783  0.999988  0.000105  0.009994  
199.507095 0.006841  0.098625  -0.006151  0.997078  -0.039973  -0.065097  0.038610  0.999011  -0.022063  0.065915  0.019485  0.997635  0.001790  0.000249  -0.004003  -0.047376  0.411482  -0.118299  2.000000  0.999978  0.004405  -0.005022  -0.004409  0.999990  -0.000800  0.005018  0.000822  0.999987  0.999948  -0.002454  -0.009855  0.002444  0.999997  -0.000999  0.009857  0.000975  0.999951  1.000000  0.000091  -0.000088  -0.000091  1.000000  -0.000012  0.000088  0.000012  1.000000  0.999978  0.004405  -0.005022  -0.004409  0.999990  -0.000800  0.005018  0.000822  0.999987  0.000106  0.010204  
199.508340 0.006844  0.098627  -0.006154  0.997034  -0.039986  -0.065764  0.038608  0.999010  -0.022089  0.066582  0.019484  0.997591  0.001764  0.000335  -0.003778  -0.047054  0.417092  -0.117513  2.000000  0.999973  0.004860  -0.005465  -0.004865  0.999988  -0.000853  0.005460  0.000880  0.999985  0.999948  -0.002454  -0.009855  0.002445  0.999997  -0.000879  0.009857  0.000855  0.999951  1.000000  0.000091  -0.000088  -0.000091  1.000000  -0.000011  0.000088  0.000011  1.000000  0.999973  0.004860  -0.005465  -0.004865  0.999988  -0.000853  0.005460  0.000880  0.999985  0.000109  0.010193  
199.509590 0.006846  0.098628  -0.006156  0.996989  -0.039999  -0.066431  0.038607  0.999010  -0.022115  0.067250  0.019483  0.997546  0.001731  0.000367  -0.003532  -0.043013  0.429746  -0.111796  2.000000  0.999968  0.005324  -0.005892  -0.005330  0.999985  -0.000904  0.005887  0.000936  0.999982  0.999949  -0.002043  -0.009863  0.002034  0.999998  -0.000853  0.009865  0.000833  0.999951  1.000000  0.000094  -0.000084  -0.000094  1.000000  -0.000011  0.000084  0.000011  1.000000  0.999968  0.005324  -0.005892  -0.005330  0.999985  -0.000904  0.005887  0.000936  0.999982  0.000111  0.010108  
199.510842 0.006847  0.098629  -0.006160  0.996945  -0.040215  -0.066960  0.038810  0.999001  -0.022149  0.067784  0.019483  0.997510  0.001710  0.000414  -0.003429  -0.043474  0.438559  -0.118857  2.000000  0.999963  0.005796  -0.006315  -0.005802  0.999983  -0.000950  0.006309  0.000987  0.999980  0.999951  -0.002040  -0.009729  0.002033  0.999998  -0.000733  0.009731  0.000713  0.999952  1.000000  0.000093  -0.000083  -0.000093  1.000000  -0.000009  0.000083  0.000009  1.000000  0.999963  0.005796  -0.006315  -0.005802  0.999983  -0.000950  0.006309  0.000987  0.999980  0.000113  0.009967  
199.512091 0.006849  0.098629  -0.006162  0.996908  -0.040225  -0.067494  0.038809  0.999001  -0.022170  0.068318  0.019482  0.997473  0.001703  0.000464  -0.003176  -0.043095  0.447723  -0.112129  2.000000  0.999958  0.006268  -0.006726  -0.006275  0.999980  -0.000993  0.006720  0.001035  0.999977  0.999950  -0.001837  -0.009867  0.001830  0.999998  -0.000720  0.009868  0.000702  0.999951  1.000000  0.000095  -0.000082  -0.000095  1.000000  -0.000009  0.000082  0.000009  1.000000  0.999958  0.006268  -0.006726  -0.006275  0.999980  -0.000993  0.006720  0.001035  0.999977  0.000116  0.010062  
199.513337 0.006850  0.098628  -0.006165  0.996881  -0.040242  -0.067889  0.038808  0.998998  -0.022307  0.068718  0.019602  0.997444  0.001684  0.000485  -0.002986  -0.043129  0.452197  -0.112265  2.000000  0.999952  0.006745  -0.007134  -0.006752  0.999977  -0.001033  0.007127  0.001081  0.999974  0.999950  -0.001838  -0.009867  0.001831  0.999998  -0.000721  0.009868  0.000702  0.999951  1.000000  0.000095  -0.000082  -0.000095  1.000000  -0.000009  0.000082  0.000009  1.000000  0.999952  0.006745  -0.007134  -0.006752  0.999977  -0.001033  0.007127  0.001081  0.999974  0.000118  0.010062  
199.514339 0.006852  0.098628  -0.006165  0.996853  -0.040249  -0.068289  0.038807  0.998997  -0.022322  0.069119  0.019602  0.997416  0.001707  0.000578  -0.002685  -0.038649  0.456749  -0.105454  2.000000  0.999948  0.007033  -0.007372  -0.007041  0.999975  -0.001058  0.007364  0.001109  0.999972  0.999951  -0.001630  -0.009737  0.001623  0.999998  -0.000707  0.009738  0.000691  0.999952  1.000000  0.000095  -0.000078  -0.000095  1.000000  -0.000009  0.000078  0.000009  1.000000  0.999948  0.007033  -0.007372  -0.007041  0.999975  -0.001058  0.007364  0.001109  0.999972  0.000118  0.009897  
199.515588 0.006853  0.098629  -0.006166  0.996816  -0.040252  -0.068827  0.038805  0.999000  -0.022222  0.069653  0.019480  0.997381  0.001715  0.000646  -0.002403  -0.033904  0.457613  -0.097800  2.000000  0.999942  0.007516  -0.007762  -0.007525  0.999971  -0.001097  0.007754  0.001155  0.999969  0.999952  -0.001424  -0.009741  0.001418  0.999999  -0.000572  0.009742  0.000558  0.999952  1.000000  0.000097  -0.000076  -0.000097  1.000000  -0.000007  0.000076  0.000007  1.000000  0.999942  0.007516  -0.007762  -0.007525  0.999971  -0.001097  0.007754  0.001155  0.999969  0.000117  0.009861  
199.516589 0.006855  0.098630  -0.006166  0.996788  -0.040259  -0.069227  0.038804  0.998999  -0.022237  0.070053  0.019480  0.997353  0.001719  0.000766  -0.002071  -0.029713  0.457033  -0.091644  2.000000  0.999936  0.007905  -0.008066  -0.007914  0.999968  -0.001119  0.008057  0.001183  0.999967  0.999953  -0.001215  -0.009611  0.001211  0.999999  -0.000437  0.009612  0.000425  0.999954  1.000000  0.000096  -0.000073  -0.000096  1.000000  -0.000005  0.000073  0.000005  1.000000  0.999936  0.007905  -0.008066  -0.007914  0.999968  -0.001119  0.008057  0.001183  0.999967  0.000117  0.009698  
199.517839 0.006857  0.098632  -0.006165  0.996733  -0.040478  -0.069889  0.039008  0.998991  -0.022278  0.070720  0.019479  0.997306  0.001666  0.000847  -0.001722  -0.029769  0.457049  -0.091644  2.000000  0.999929  0.008383  -0.008439  -0.008393  0.999964  -0.001144  0.008429  0.001214  0.999964  0.999953  -0.001215  -0.009611  0.001211  0.999999  -0.000437  0.009612  0.000426  0.999954  1.000000  0.000096  -0.000073  -0.000096  1.000000  -0.000005  0.000073  0.000005  1.000000  0.999929  0.008383  -0.008439  -0.008393  0.999964  -0.001144  0.008429  0.001214  0.999964  0.000117  0.009698  
199.519088 0.006859  0.098634  -0.006164  0.996695  -0.040488  -0.070423  0.039006  0.998990  -0.022299  0.071254  0.019478  0.997268  0.001623  0.000907  -0.001363  -0.024845  0.457326  -0.077863  2.000000  0.999922  0.008855  -0.008799  -0.008866  0.999960  -0.001162  0.008789  0.001239  0.999961  0.999956  -0.001210  -0.009344  0.001207  0.999999  -0.000317  0.009344  0.000305  0.999956  1.000000  0.000094  -0.000071  -0.000094  1.000000  -0.000004  0.000071  0.000004  1.000000  0.999922  0.008855  -0.008799  -0.008866  0.999960  -0.001162  0.008789  0.001239  0.999961  0.000117  0.009427  
199.520338 0.006861  0.098636  -0.006163  0.996649  -0.040705  -0.070951  0.039210  0.998981  -0.022334  0.071788  0.019477  0.997230  0.001541  0.000882  -0.001071  -0.025123  0.457973  -0.084169  2.000000  0.999915  0.009321  -0.009147  -0.009332  0.999956  -0.001177  0.009136  0.001263  0.999957  0.999957  -0.001002  -0.009214  0.000999  0.999999  -0.000302  0.009214  0.000293  0.999958  1.000000  0.000093  -0.000068  -0.000093  1.000000  -0.000004  0.000068  0.000004  1.000000  0.999915  0.009321  -0.009147  -0.009332  0.999956  -0.001177  0.009136  0.001263  0.999957  0.000116  0.009273  
199.521590 0.006862  0.098637  -0.006163  0.996620  -0.040712  -0.071351  0.039209  0.998981  -0.022350  0.072188  0.019477  0.997201  0.001451  0.000860  -0.000842  -0.024706  0.453578  -0.077221  2.000000  0.999907  0.009775  -0.009496  -0.009786  0.999951  -0.001187  0.009484  0.001280  0.999954  0.999959  -0.001202  -0.008943  0.001200  0.999999  -0.000196  0.008943  0.000185  0.999960  1.000000  0.000089  -0.000069  -0.000089  1.000000  -0.000002  0.000069  0.000002  1.000000  0.999907  0.009775  -0.009496  -0.009786  0.999951  -0.001187  0.009484  0.001280  0.999954  0.000115  0.009025  
199.522894 0.006862  0.098637  -0.006162  0.996591  -0.040720  -0.071751  0.039208  0.998981  -0.022365  0.072589  0.019476  0.997172  0.001280  0.000708  -0.000635  -0.020567  0.451828  -0.071339  2.000000  0.999901  0.010137  -0.009775  -0.010149  0.999948  -0.001194  0.009762  0.001293  0.999952  0.999958  -0.001205  -0.009076  0.001203  0.999999  -0.000197  0.009077  0.000186  0.999959  1.000000  0.000091  -0.000070  -0.000091  1.000000  -0.000002  0.000070  0.000002  1.000000  0.999901  0.010137  -0.009775  -0.010149  0.999948  -0.001194  0.009762  0.001293  0.999952  0.000115  0.009158  
199.524091 0.006863  0.098638  -0.006162  0.996562  -0.040728  -0.072151  0.039206  0.998980  -0.022381  0.072989  0.019475  0.997143  0.001170  0.000663  -0.000436  -0.019980  0.448605  -0.063903  2.000000  0.999894  0.010503  -0.010047  -0.010515  0.999944  -0.001200  0.010033  0.001306  0.999949  0.999958  -0.000999  -0.009080  0.000998  0.999999  -0.000182  0.009081  0.000173  0.999959  1.000000  0.000092  -0.000068  -0.000092  1.000000  -0.000002  0.000068  0.000002  1.000000  0.999894  0.010503  -0.010047  -0.010515  0.999944  -0.001200  0.010033  0.001306  0.999949  0.000115  0.009137  
199.525093 0.006862  0.098638  -0.006162  0.996532  -0.040736  -0.072551  0.039205  0.998980  -0.022397  0.073389  0.019475  0.997113  0.001052  0.000610  -0.000237  -0.015962  0.449629  -0.064076  2.000000  0.999888  0.010865  -0.010313  -0.010878  0.999940  -0.001200  0.010300  0.001312  0.999946  0.999959  -0.000997  -0.008947  0.000996  1.000000  -0.000061  0.008947  0.000052  0.999960  1.000000  0.000091  -0.000067  -0.000091  1.000000  -0.000001  0.000067  0.000001  1.000000  0.999888  0.010865  -0.010313  -0.010878  0.999940  -0.001200  0.010300  0.001312  0.999946  0.000113  0.009002  
199.526346 0.006862  0.098638  -0.006161  0.996495  -0.040949  -0.072946  0.039409  0.998971  -0.022428  0.073790  0.019474  0.997084  0.000923  0.000601  0.000016  -0.015831  0.440750  -0.063358  2.000000  0.999879  0.011311  -0.010643  -0.011324  0.999935  -0.001200  0.010628  0.001321  0.999943  0.999962  -0.000991  -0.008679  0.000991  1.000000  -0.000061  0.008679  0.000053  0.999962  1.000000  0.000088  -0.000065  -0.000088  1.000000  -0.000001  0.000065  0.000001  1.000000  0.999879  0.011311  -0.010643  -0.011324  0.999935  -0.001200  0.010628  0.001321  0.999943  0.000111  0.008736  
199.527594 0.006861  0.098638  -0.006159  0.996455  -0.040960  -0.073480  0.039408  0.998971  -0.022449  0.074323  0.019474  0.997044  0.000801  0.000632  0.000275  -0.011541  0.434377  -0.057178  2.000000  0.999871  0.011736  -0.010974  -0.011750  0.999930  -0.001201  0.010959  0.001330  0.999939  0.999964  -0.001192  -0.008408  0.001191  0.999999  -0.000077  0.008408  0.000067  0.999965  1.000000  0.000084  -0.000065  -0.000084  1.000000  -0.000001  0.000065  0.000001  1.000000  0.999871  0.011736  -0.010974  -0.011750  0.999930  -0.001201  0.010959  0.001330  0.999939  0.000110  0.008492  
199.528840 0.006861  0.098639  -0.006158  0.996425  -0.040967  -0.073879  0.039406  0.998971  -0.022465  0.074724  0.019473  0.997014  0.000661  0.000687  0.000462  -0.011467  0.426229  -0.056608  2.000000  0.999862  0.012153  -0.011286  -0.012167  0.999925  -0.001201  0.011271  0.001338  0.999936  0.999966  -0.000981  -0.008144  0.000980  1.000000  -0.000062  0.008144  0.000054  0.999967  1.000000  0.000082  -0.000062  -0.000082  1.000000  -0.000001  0.000062  0.000001  1.000000  0.999862  0.012153  -0.011286  -0.012167  0.999925  -0.001201  0.011271  0.001338  0.999936  0.000108  0.008203  
199.530093 0.006860  0.098639  -0.006157  0.996377  -0.041174  -0.074413  0.039610  0.998965  -0.022380  0.075257  0.019351  0.996976  0.000525  0.000686  0.000571  -0.003342  0.421730  -0.056519  2.000000  0.999854  0.012560  -0.011592  -0.012575  0.999920  -0.001201  0.011576  0.001346  0.999932  0.999967  -0.000978  -0.008010  0.000978  1.000000  -0.000062  0.008010  0.000055  0.999968  1.000000  0.000081  -0.000061  -0.000081  1.000000  -0.000001  0.000061  0.000001  1.000000  0.999854  0.012560  -0.011592  -0.012575  0.999920  -0.001201  0.011576  0.001346  0.999932  0.000106  0.008070  
199.531096 0.006860  0.098639  -0.006158  0.996357  -0.041180  -0.074680  0.039609  0.998964  -0.022390  0.075524  0.019351  0.996956  0.000389  0.000583  0.000565  -0.003359  0.417415  -0.056455  2.000000  0.999849  0.012799  -0.011778  -0.012814  0.999917  -0.001196  0.011762  0.001347  0.999930  0.999967  -0.000977  -0.008010  0.000978  1.000000  0.000058  0.008010  -0.000066  0.999968  1.000000  0.000081  -0.000061  -0.000081  1.000000  0.000001  0.000061  -0.000001  1.000000  0.999849  0.012799  -0.011778  -0.012814  0.999917  -0.001196  0.011762  0.001347  0.999930  0.000105  0.008070  
199.532338 0.006860  0.098639  -0.006158  0.996327  -0.041187  -0.075079  0.039608  0.998964  -0.022406  0.075925  0.019350  0.996926  0.000275  0.000511  0.000518  -0.002898  0.412921  -0.049446  2.000000  0.999840  0.013200  -0.012080  -0.013215  0.999912  -0.001189  0.012063  0.001348  0.999926  0.999969  -0.000975  -0.007877  0.000975  1.000000  0.000058  0.007877  -0.000066  0.999969  1.000000  0.000079  -0.000060  -0.000079  1.000000  0.000001  0.000060  -0.000001  1.000000  0.999840  0.013200  -0.012080  -0.013215  0.999912  -0.001189  0.012063  0.001348  0.999926  0.000104  0.007937  
199.533588 0.006860  0.098638  -0.006159  0.996296  -0.041195  -0.075479  0.039607  0.998964  -0.022422  0.076325  0.019350  0.996895  0.000072  0.000314  0.000381  0.001151  0.404981  -0.048966  2.000000  0.999831  0.013591  -0.012376  -0.013607  0.999907  -0.001181  0.012359  0.001349  0.999923  0.999970  -0.000972  -0.007743  0.000972  1.000000  0.000058  0.007743  -0.000066  0.999970  1.000000  0.000078  -0.000059  -0.000078  1.000000  0.000001  0.000059  -0.000001  1.000000  0.999831  0.013591  -0.012376  -0.013607  0.999907  -0.001181  0.012359  0.001349  0.999923  0.000102  0.007804  
199.534838 0.006859  0.098638  -0.006159  0.996265  -0.041203  -0.075879  0.039606  0.998963  -0.022438  0.076725  0.019349  0.996865  -0.000088  0.000170  0.000311  0.001138  0.399394  -0.049201  2.000000  0.999822  0.013977  -0.012669  -0.013993  0.999901  -0.001167  0.012651  0.001344  0.999919  0.999971  -0.000969  -0.007609  0.000971  1.000000  0.000179  0.007609  -0.000186  0.999971  1.000000  0.000076  -0.000058  -0.000076  1.000000  0.000002  0.000058  -0.000002  1.000000  0.999822  0.013977  -0.012669  -0.013993  0.999901  -0.001167  0.012651  0.001344  0.999919  0.000101  0.007673  
199.535841 0.006858  0.098637  -0.006160  0.996245  -0.041208  -0.076146  0.039605  0.998963  -0.022449  0.076992  0.019349  0.996844  -0.000215  0.000075  0.000218  0.001121  0.390420  -0.049027  2.000000  0.999815  0.014277  -0.012897  -0.014293  0.999897  -0.001154  0.012879  0.001339  0.999916  0.999973  -0.000964  -0.007342  0.000965  1.000000  0.000179  0.007341  -0.000186  0.999973  1.000000  0.000073  -0.000056  -0.000073  1.000000  0.000002  0.000056  -0.000002  1.000000  0.999815  0.014277  -0.012897  -0.014293  0.999897  -0.001154  0.012879  0.001339  0.999916  0.000099  0.007407  
199.537085 0.006857  0.098637  -0.006160  0.996214  -0.041216  -0.076545  0.039604  0.998963  -0.022465  0.077392  0.019348  0.996813  -0.000300  -0.000013  0.000153  0.001585  0.382967  -0.041700  2.000000  0.999806  0.014647  -0.013180  -0.014663  0.999892  -0.001147  0.013162  0.001340  0.999912  0.999973  -0.000964  -0.007342  0.000965  1.000000  0.000057  0.007341  -0.000064  0.999973  1.000000  0.000073  -0.000056  -0.000073  1.000000  0.000001  0.000056  -0.000001  1.000000  0.999806  0.014647  -0.013180  -0.014663  0.999892  -0.001147  0.013162  0.001340  0.999912  0.000097  0.007405  
199.538088 0.006857  0.098636  -0.006161  0.996193  -0.041221  -0.076812  0.039603  0.998963  -0.022475  0.077659  0.019348  0.996792  -0.000355  -0.000094  0.000124  0.001571  0.373951  -0.041515  2.000000  0.999799  0.014942  -0.013397  -0.014958  0.999887  -0.001140  0.013379  0.001340  0.999910  0.999974  -0.000756  -0.007212  0.000757  1.000000  0.000073  0.007212  -0.000078  0.999974  1.000000  0.000073  -0.000053  -0.000073  1.000000  0.000001  0.000053  -0.000001  1.000000  0.999799  0.014942  -0.013397  -0.014958  0.999887  -0.001140  0.013379  0.001340  0.999910  0.000095  0.007252  
199.539336 0.006856  0.098635  -0.006161  0.996162  -0.041229  -0.077212  0.039601  0.998962  -0.022491  0.078059  0.019347  0.996761  -0.000436  -0.000179  0.000060  0.001553  0.365020  -0.041339  2.000000  0.999791  0.015234  -0.013609  -0.015250  0.999883  -0.001133  0.013590  0.001340  0.999907  0.999974  -0.000756  -0.007212  0.000757  1.000000  0.000073  0.007212  -0.000078  0.999974  1.000000  0.000073  -0.000053  -0.000073  1.000000  0.000001  0.000053  -0.000001  1.000000  0.999791  0.015234  -0.013609  -0.015250  0.999883  -0.001133  0.013590  0.001340  0.999907  0.000093  0.007252  
199.540342 0.006855  0.098634  -0.006162  0.996141  -0.041234  -0.077478  0.039601  0.998962  -0.022502  0.078326  0.019347  0.996740  -0.000473  -0.000261  -0.000005  0.002042  0.360655  -0.034404  2.000000  0.999784  0.015520  -0.013818  -0.015537  0.999879  -0.001126  0.013799  0.001340  0.999904  0.999975  -0.000754  -0.007078  0.000754  1.000000  0.000072  0.007078  -0.000078  0.999975  1.000000  0.000072  -0.000052  -0.000072  1.000000  0.000001  0.000052  -0.000001  1.000000  0.999784  0.015520  -0.013818  -0.015537  0.999879  -0.001126  0.013799  0.001340  0.999904  0.000091  0.007118  
199.541595 0.006855  0.098633  -0.006163  0.996109  -0.041242  -0.077878  0.039599  0.998962  -0.022518  0.078726  0.019346  0.996709  -0.000482  -0.000357  -0.000174  0.002043  0.354591  -0.034507  2.000000  0.999775  0.015870  -0.014069  -0.015888  0.999873  -0.001117  0.014049  0.001340  0.999900  0.999977  -0.000543  -0.006814  0.000544  1.000000  0.000088  0.006814  -0.000092  0.999977  1.000000  0.000070  -0.000048  -0.000070  1.000000  0.000001  0.000048  -0.000001  1.000000  0.999775  0.015870  -0.014069  -0.015888  0.999873  -0.001117  0.014049  0.001340  0.999900  0.000088  0.006837  
199.542843 0.006854  0.098631  -0.006164  0.996097  -0.041041  -0.078149  0.039393  0.998970  -0.022512  0.078993  0.019346  0.996687  -0.000461  -0.000472  -0.000368  0.006621  0.345808  -0.027460  2.000000  0.999766  0.016219  -0.014306  -0.016237  0.999868  -0.001107  0.014286  0.001339  0.999897  0.999978  -0.000335  -0.006685  0.000336  1.000000  0.000105  0.006685  -0.000107  0.999978  1.000000  0.000070  -0.000045  -0.000070  1.000000  0.000001  0.000045  -0.000001  1.000000  0.999766  0.016219  -0.014306  -0.016237  0.999868  -0.001107  0.014286  0.001339  0.999897  0.000088  0.006694  
199.544092 0.006854  0.098630  -0.006166  0.996075  -0.041046  -0.078416  0.039393  0.998970  -0.022523  0.079259  0.019345  0.996666  -0.000454  -0.000554  -0.000528  0.006614  0.341308  -0.027371  2.000000  0.999757  0.016561  -0.014527  -0.016578  0.999862  -0.001097  0.014507  0.001337  0.999894  0.999979  -0.000330  -0.006417  0.000331  1.000000  0.000105  0.006417  -0.000107  0.999979  1.000000  0.000067  -0.000044  -0.000067  1.000000  0.000001  0.000044  -0.000001  1.000000  0.999757  0.016561  -0.014527  -0.016578  0.999862  -0.001097  0.014507  0.001337  0.999894  0.000086  0.006426  
199.545341 0.006854  0.098629  -0.006169  0.996044  -0.041054  -0.078815  0.039391  0.998970  -0.022538  0.079660  0.019345  0.996634  -0.000399  -0.000652  -0.000743  0.002527  0.336799  -0.027261  2.000000  0.999749  0.016892  -0.014742  -0.016910  0.999856  -0.001087  0.014721  0.001336  0.999891  0.999980  -0.000327  -0.006283  0.000328  1.000000  0.000105  0.006283  -0.000107  0.999980  1.000000  0.000066  -0.000043  -0.000066  1.000000  0.000001  0.000043  -0.000001  1.000000  0.999749  0.016892  -0.014742  -0.016910  0.999856  -0.001087  0.014721  0.001336  0.999891  0.000084  0.006293  
199.546591 0.006853  0.098628  -0.006172  0.996011  -0.041062  -0.079215  0.039390  0.998969  -0.022554  0.080060  0.019344  0.996602  -0.000429  -0.000772  -0.000933  0.003038  0.332505  -0.020279  2.000000  0.999740  0.017222  -0.014955  -0.017240  0.999851  -0.001076  0.014935  0.001334  0.999888  0.999980  -0.000327  -0.006283  0.000328  1.000000  0.000104  0.006283  -0.000107  0.999980  1.000000  0.000066  -0.000043  -0.000066  1.000000  0.000001  0.000043  -0.000001  1.000000  0.999740  0.017222  -0.014955  -0.017240  0.999851  -0.001076  0.014935  0.001334  0.999888  0.000084  0.006293  
199.547843 0.006853  0.098626  -0.006174  0.995990  -0.041067  -0.079482  0.039389  0.998969  -0.022565  0.080326  0.019344  0.996581  -0.000452  -0.000840  -0.001079  0.003031  0.323436  -0.020099  2.000000  0.999733  0.017491  -0.015118  -0.017509  0.999846  -0.001068  0.015097  0.001332  0.999885  0.999980  -0.000122  -0.006287  0.000123  1.000000  0.000121  0.006287  -0.000122  0.999980  1.000000  0.000067  -0.000041  -0.000067  1.000000  0.000002  0.000041  -0.000002  1.000000  0.999733  0.017491  -0.015118  -0.017509  0.999846  -0.001068  0.015097  0.001332  0.999885  0.000081  0.006290  
199.549087 0.006853  0.098625  -0.006177  0.995966  -0.040869  -0.079886  0.039183  0.998977  -0.022564  0.080726  0.019343  0.996549  -0.000436  -0.000861  -0.001180  0.003522  0.316468  -0.013006  2.000000  0.999724  0.017823  -0.015309  -0.017841  0.999840  -0.001056  0.015288  0.001329  0.999882  0.999982  0.000088  -0.006024  -0.000088  1.000000  0.000138  0.006024  -0.000137  0.999982  1.000000  0.000066  -0.000037  -0.000066  1.000000  0.000002  0.000037  -0.000002  1.000000  0.999724  0.017823  -0.015309  -0.017841  0.999840  -0.001056  0.015288  0.001329  0.999882  0.000079  0.006026  
199.550088 0.006853  0.098624  -0.006178  0.995955  -0.040872  -0.080019  0.039183  0.998977  -0.022569  0.080860  0.019343  0.996538  -0.000401  -0.000925  -0.001250  0.004077  0.305766  -0.005953  2.000000  0.999717  0.018085  -0.015455  -0.018103  0.999836  -0.001047  0.015433  0.001326  0.999880  0.999983  0.000091  -0.005890  -0.000090  1.000000  0.000138  0.005890  -0.000137  0.999983  1.000000  0.000064  -0.000036  -0.000064  1.000000  0.000002  0.000036  -0.000002  1.000000  0.999717  0.018085  -0.015455  -0.018103  0.999836  -0.001047  0.015433  0.001326  0.999880  0.000078  0.005892  
199.551337 0.006853  0.098623  -0.006180  0.995933  -0.040877  -0.080286  0.039182  0.998977  -0.022580  0.081127  0.019342  0.996516  -0.000325  -0.000925  -0.001322  0.004078  0.301299  -0.005866  2.000000  0.999709  0.018403  -0.015623  -0.018422  0.999830  -0.001039  0.015601  0.001326  0.999877  0.999984  0.000301  -0.005626  -0.000301  1.000000  0.000033  0.005626  -0.000031  0.999984  1.000000  0.000063  -0.000032  -0.000063  1.000000  0.000000  0.000032  -0.000000  1.000000  0.999709  0.018403  -0.015623  -0.018422  0.999830  -0.001039  0.015601  0.001326  0.999877  0.000076  0.005635  
