1-Time 2-Px 3-Py 4-Pz 5-R11 6-R21 7-R31 8-R12 9-R22 10-R32 11-R13 12-R23 13-R33 14-Vx 15-Vy 16-Vz 17-Wx 18-Wy 19-Wz 20-state 21-PR11 22-PR21 23-PR31 24-PR12 25-PR22 26-PR32 27-PR13 28-PR23 29-PR33 
170.385261 0.006165  0.095628  -0.013273  0.999026  0.031850  -0.030551  -0.033125  0.998561  -0.042179  0.029164  0.043150  0.998643  0.000092  0.000103  0.000015  0.000000  0.000000  0.000000  2.000000  1.000000  0.000000  0.000000  0.000000  1.000000  0.000000  0.000000  0.000000  1.000000  1.000000  -0.000200  0.000143  0.000200  1.000000  -0.000006  -0.000143  0.000006  1.000000  1.000000  0.000000  0.000000  0.000000  1.000000  0.000000  0.000000  0.000000  1.000000  0.821975  0.170016  -0.543554  -0.359078  0.895514  -0.262901  0.442063  0.411277  0.797140  0.000000  0.000000  
170.386275 0.006165  0.095628  -0.013273  0.999026  0.031850  -0.030551  -0.033125  0.998561  -0.042179  0.029164  0.043150  0.998643  0.000093  0.000104  0.000015  0.000000  0.000000  0.000000  2.000000  1.000000  0.000000  0.000000  0.000000  1.000000  0.000000  0.000000  0.000000  1.000000  1.000000  -0.000200  0.000143  0.000200  1.000000  -0.000006  -0.000143  0.000006  1.000000  1.000000  0.000000  0.000000  0.000000  1.000000  0.000000  0.000000  0.000000  1.000000  1.000000  0.000000  0.000000  0.000000  1.000000  0.000000  0.000000  0.000000  1.000000  0.000000  0.000000  
170.387524 0.006166  0.095628  -0.013273  0.999015  0.032046  -0.030697  -0.033331  0.998549  -0.042289  0.029298  0.043271  0.998634  0.000153  0.000083  0.000016  0.000000  0.000000  0.000000  2.000000  1.000000  0.000000  0.000000  0.000000  1.000000  0.000000  0.000000  0.000000  1.000000  1.000000  0.000000  0.000000  0.000000  1.000000  -0.000121  0.000000  0.000121  1.000000  1.000000  0.000000  0.000000  0.000000  1.000000  0.000000  0.000000  0.000000  1.000000  1.000000  0.000000  0.000000  0.000000  1.000000  0.000000  0.000000  0.000000  1.000000  0.000000  0.000000  
170.388769 0.006167  0.095627  -0.013272  0.999004  0.032246  -0.030840  -0.033536  0.998543  -0.042279  0.029431  0.043271  0.998630  0.000262  0.000044  0.000054  0.000000  0.000000  0.000000  2.000000  1.000000  0.000000  0.000000  0.000000  1.000000  0.000000  0.000000  0.000000  1.000000  1.000000  0.000206  -0.000009  -0.000206  1.000000  -0.000115  0.000009  0.000115  1.000000  1.000000  0.000000  0.000000  0.000000  1.000000  0.000000  0.000000  0.000000  1.000000  1.000000  0.000000  0.000000  0.000000  1.000000  0.000000  0.000000  0.000000  1.000000  0.000000  0.000000  
170.390021 0.006169  0.095627  -0.013272  0.999004  0.032242  -0.030844  -0.033536  0.998538  -0.042400  0.029431  0.043392  0.998625  0.000352  -0.000025  0.000036  0.000000  0.000000  0.000000  2.000000  1.000000  0.000000  0.000000  0.000000  1.000000  0.000000  0.000000  0.000000  1.000000  1.000000  0.000200  -0.000143  -0.000200  1.000000  -0.000237  0.000143  0.000237  1.000000  1.000000  0.000000  0.000000  0.000000  1.000000  0.000000  0.000000  0.000000  1.000000  1.000000  0.000000  0.000000  0.000000  1.000000  0.000000  0.000000  0.000000  1.000000  0.000000  0.000000  
170.391271 0.006171  0.095627  -0.013272  0.999004  0.032238  -0.030848  -0.033536  0.998533  -0.042521  0.029431  0.043513  0.998619  0.000503  -0.000039  0.000058  0.000000  0.000000  0.000000  2.000000  1.000000  0.000000  0.000000  0.000000  1.000000  0.000000  0.000000  0.000000  1.000000  1.000000  0.000200  -0.000143  -0.000200  1.000000  -0.000358  0.000143  0.000358  1.000000  1.000000  0.000000  0.000000  0.000000  1.000000  0.000000  0.000000  0.000000  1.000000  1.000000  0.000000  0.000000  0.000000  1.000000  0.000000  0.000000  0.000000  1.000000  0.000000  0.000000  
170.392271 0.006173  0.095626  -0.013272  0.998993  0.032434  -0.030994  -0.033742  0.998521  -0.042631  0.029565  0.043634  0.998610  0.000666  -0.000056  0.000044  0.000000  0.000000  0.000000  2.000000  1.000000  0.000000  0.000000  0.000000  1.000000  0.000000  0.000000  0.000000  1.000000  1.000000  0.000399  -0.000285  -0.000400  1.000000  -0.000473  0.000285  0.000473  1.000000  1.000000  0.000000  0.000000  0.000000  1.000000  0.000000  0.000000  0.000000  1.000000  1.000000  0.000000  0.000000  0.000000  1.000000  0.000000  0.000000  0.000000  1.000000  0.000000  0.000000  
170.393527 0.006176  0.095625  -0.013272  0.998986  0.032636  -0.031006  -0.033947  0.998509  -0.042746  0.029565  0.043755  0.998605  0.000846  -0.000118  0.000046  0.000000  0.000000  0.000000  2.000000  1.000000  0.000000  0.000000  0.000000  1.000000  0.000000  0.000000  0.000000  1.000000  1.000000  0.000605  -0.000294  -0.000605  1.000000  -0.000588  0.000294  0.000588  1.000000  1.000000  0.000000  0.000000  0.000000  1.000000  0.000000  0.000000  0.000000  1.000000  1.000000  0.000000  0.000000  0.000000  1.000000  0.000000  0.000000  0.000000  1.000000  0.000000  0.000000  
170.394767 0.006179  0.095624  -0.013273  0.998975  0.032832  -0.031153  -0.034153  0.998497  -0.042856  0.029699  0.043876  0.998595  0.001047  -0.000206  0.000022  0.000000  0.000000  0.000000  2.000000  1.000000  0.000000  0.000000  0.000000  1.000000  0.000000  0.000000  0.000000  1.000000  1.000000  0.000805  -0.000437  -0.000805  0.999999  -0.000703  0.000437  0.000704  1.000000  1.000000  0.000000  0.000000  0.000000  1.000000  0.000000  0.000000  0.000000  1.000000  1.000000  0.000000  0.000000  0.000000  1.000000  0.000000  0.000000  0.000000  1.000000  0.000000  0.000000  
170.395768 0.006181  0.095623  -0.013274  0.998964  0.033028  -0.031299  -0.034358  0.998486  -0.042966  0.029833  0.043997  0.998586  0.001170  -0.000303  -0.000061  0.000000  0.000000  0.000000  2.000000  1.000000  0.000000  0.000000  0.000000  1.000000  0.000000  0.000000  0.000000  1.000000  0.999999  0.001004  -0.000580  -0.001005  0.999999  -0.000697  0.000579  0.000698  1.000000  1.000000  0.000000  0.000000  0.000000  1.000000  0.000000  0.000000  0.000000  1.000000  1.000000  0.000000  0.000000  0.000000  1.000000  0.000000  0.000000  0.000000  1.000000  0.000000  0.000000  
170.396768 0.006183  0.095622  -0.013275  0.998957  0.033234  -0.031308  -0.034564  0.998479  -0.042960  0.029833  0.043997  0.998586  0.001291  -0.000401  -0.000143  0.000000  0.000000  0.000000  2.000000  1.000000  0.000000  0.000000  0.000000  1.000000  0.000000  0.000000  0.000000  1.000000  0.999999  0.001210  -0.000589  -0.001210  0.999999  -0.000812  0.000588  0.000813  0.999999  1.000000  0.000000  0.000000  0.000000  1.000000  0.000000  0.000000  0.000000  1.000000  1.000000  0.000000  0.000000  0.000000  1.000000  0.000000  0.000000  0.000000  1.000000  0.000000  0.000000  
170.398018 0.006186  0.095620  -0.013277  0.998946  0.033429  -0.031454  -0.034770  0.998467  -0.043070  0.029966  0.044118  0.998577  0.001487  -0.000500  -0.000307  0.000000  0.000000  0.000000  2.000000  1.000000  0.000000  0.000000  0.000000  1.000000  0.000000  0.000000  0.000000  1.000000  0.999999  0.001410  -0.000732  -0.001410  0.999999  -0.000927  0.000731  0.000928  0.999999  1.000000  0.000000  0.000000  0.000000  1.000000  0.000000  0.000000  0.000000  1.000000  1.000000  0.000000  0.000000  0.000000  1.000000  0.000000  0.000000  0.000000  1.000000  0.000000  0.000000  
170.399268 0.006188  0.095618  -0.013279  0.998935  0.033625  -0.031601  -0.034975  0.998455  -0.043180  0.030100  0.044239  0.998567  0.001630  -0.000623  -0.000417  0.000000  0.000000  0.000000  2.000000  1.000000  0.000000  0.000000  0.000000  1.000000  0.000000  0.000000  0.000000  1.000000  0.999998  0.001609  -0.000875  -0.001610  0.999998  -0.000921  0.000873  0.000922  0.999999  1.000000  0.000000  0.000000  0.000000  1.000000  0.000000  0.000000  0.000000  1.000000  1.000000  0.000000  0.000000  0.000000  1.000000  0.000000  0.000000  0.000000  1.000000  0.000000  0.000000  
170.400268 0.006190  0.095617  -0.013281  0.998928  0.033831  -0.031610  -0.035181  0.998448  -0.043173  0.030100  0.044239  0.998567  0.001735  -0.000751  -0.000557  0.000000  0.000000  0.000000  2.000000  1.000000  0.000000  0.000000  0.000000  1.000000  0.000000  0.000000  0.000000  1.000000  0.999998  0.001815  -0.000884  -0.001816  0.999998  -0.001036  0.000882  0.001037  0.999999  1.000000  0.000000  0.000000  0.000000  1.000000  0.000000  0.000000  0.000000  1.000000  1.000000  0.000000  0.000000  0.000000  1.000000  0.000000  0.000000  0.000000  1.000000  0.000000  0.000000  
170.401295 0.006193  0.095615  -0.013283  0.998916  0.034027  -0.031756  -0.035386  0.998436  -0.043283  0.030234  0.044360  0.998558  0.001894  -0.000898  -0.000693  0.000000  0.000000  0.000000  2.000000  1.000000  0.000000  0.000000  0.000000  1.000000  0.000000  0.000000  0.000000  1.000000  0.999997  0.002014  -0.001027  -0.002015  0.999997  -0.001151  0.001025  0.001153  0.999999  1.000000  0.000000  0.000000  0.000000  1.000000  0.000000  0.000000  0.000000  1.000000  1.000000  0.000000  0.000000  0.000000  1.000000  0.000000  0.000000  0.000000  1.000000  0.000000  0.000000  
170.402525 0.006196  0.095613  -0.013286  0.998909  0.034228  -0.031769  -0.035592  0.998424  -0.043398  0.030234  0.044481  0.998553  0.002023  -0.001031  -0.000907  0.000000  0.000000  0.000000  2.000000  1.000000  0.000000  0.000000  0.000000  1.000000  0.000000  0.000000  0.000000  1.000000  0.999997  0.002220  -0.001036  -0.002221  0.999997  -0.001266  0.001034  0.001268  0.999999  1.000000  0.000000  0.000000  0.000000  1.000000  0.000000  0.000000  0.000000  1.000000  1.000000  0.000000  0.000000  0.000000  1.000000  0.000000  0.000000  0.000000  1.000000  0.000000  0.000000  
170.403770 0.006199  0.095610  -0.013287  0.998898  0.034424  -0.031916  -0.035797  0.998412  -0.043507  0.030368  0.044602  0.998543  0.002137  -0.001128  -0.000954  0.000000  0.000000  0.000000  2.000000  1.000000  0.000000  0.000000  0.000000  1.000000  0.000000  0.000000  0.000000  1.000000  0.999996  0.002625  -0.001189  -0.002626  0.999996  -0.001374  0.001185  0.001377  0.999998  1.000000  0.000000  0.000000  0.000000  1.000000  0.000000  0.000000  0.000000  1.000000  1.000000  0.000000  0.000000  0.000000  1.000000  0.000000  0.000000  0.000000  1.000000  0.000000  0.000000  
170.404771 0.006201  0.095608  -0.013288  0.998886  0.034620  -0.032063  -0.036003  0.998399  -0.043617  0.030501  0.044723  0.998534  0.002184  -0.001277  -0.001039  0.000000  0.000000  0.000000  2.000000  1.000000  0.000000  0.000000  0.000000  1.000000  0.000000  0.000000  0.000000  1.000000  0.999995  0.002830  -0.001198  -0.002832  0.999995  -0.001489  0.001194  0.001493  0.999998  1.000000  0.000000  0.000000  0.000000  1.000000  0.000000  0.000000  0.000000  1.000000  1.000000  0.000000  0.000000  0.000000  1.000000  0.000000  0.000000  0.000000  1.000000  0.000000  0.000000  
170.406018 0.006204  0.095605  -0.013288  0.998879  0.034817  -0.032080  -0.036209  0.998382  -0.043853  0.030501  0.044965  0.998523  0.002232  -0.001449  -0.001080  0.000000  0.000000  0.000000  2.000000  1.000000  0.000000  0.000000  0.000000  1.000000  0.000000  0.000000  0.000000  1.000000  0.999994  0.003023  -0.001475  -0.003026  0.999994  -0.001725  0.001470  0.001730  0.999997  1.000000  0.000000  0.000000  0.000000  1.000000  0.000000  0.000000  0.000000  1.000000  1.000000  0.000000  0.000000  0.000000  1.000000  0.000000  0.000000  0.000000  1.000000  0.000000  0.000000  
170.407270 0.006207  0.095602  -0.013288  0.998867  0.035009  -0.032231  -0.036414  0.998364  -0.044083  0.030635  0.045207  0.998508  0.002240  -0.001614  -0.001057  0.000000  0.000000  0.000000  2.000000  1.000000  0.000000  0.000000  0.000000  1.000000  0.000000  0.000000  0.000000  1.000000  0.999994  0.003023  -0.001476  -0.003026  0.999994  -0.001846  0.001470  0.001850  0.999997  1.000000  0.000000  0.000000  0.000000  1.000000  0.000000  0.000000  0.000000  1.000000  1.000000  0.000000  0.000000  0.000000  1.000000  0.000000  0.000000  0.000000  1.000000  0.000000  0.000000  
170.408272 0.006210  0.095599  -0.013288  0.998860  0.035211  -0.032245  -0.036620  0.998351  -0.044198  0.030635  0.045328  0.998502  0.002285  -0.001763  -0.001060  0.000000  0.000000  0.000000  2.000000  1.000000  0.000000  0.000000  0.000000  1.000000  0.000000  0.000000  0.000000  1.000000  0.999994  0.003228  -0.001486  -0.003231  0.999993  -0.001961  0.001479  0.001966  0.999997  1.000000  0.000000  0.000000  0.000000  1.000000  0.000000  0.000000  0.000000  1.000000  1.000000  0.000000  0.000000  0.000000  1.000000  0.000000  0.000000  0.000000  1.000000  0.000000  0.000000  
170.409525 0.006213  0.095596  -0.013287  0.998848  0.035398  -0.032400  -0.036825  0.998328  -0.044550  0.030769  0.045691  0.998482  0.002297  -0.001927  -0.000990  0.000000  0.000000  0.000000  2.000000  1.000000  0.000000  0.000000  0.000000  1.000000  0.000000  0.000000  0.000000  1.000000  0.999994  0.003228  -0.001487  -0.003231  0.999993  -0.002082  0.001480  0.002087  0.999997  1.000000  0.000000  0.000000  0.000000  1.000000  0.000000  0.000000  0.000000  1.000000  1.000000  0.000000  0.000000  0.000000  1.000000  0.000000  0.000000  0.000000  1.000000  0.000000  0.000000  
170.410773 0.006216  0.095592  -0.013287  0.998836  0.035590  -0.032551  -0.037031  0.998310  -0.044780  0.030903  0.045933  0.998466  0.002291  -0.002067  -0.000893  0.000000  0.000000  0.000000  2.000000  1.000000  0.000000  0.000000  0.000000  1.000000  0.000000  0.000000  0.000000  1.000000  0.999993  0.003427  -0.001630  -0.003431  0.999991  -0.002318  0.001622  0.002323  0.999996  1.000000  0.000000  0.000000  0.000000  1.000000  0.000000  0.000000  0.000000  1.000000  1.000000  0.000000  0.000000  0.000000  1.000000  0.000000  0.000000  0.000000  1.000000  0.000000  0.000000  
170.412017 0.006218  0.095587  -0.013286  0.998829  0.035788  -0.032569  -0.037236  0.998292  -0.045016  0.030903  0.046176  0.998455  0.002290  -0.002272  -0.000697  0.000000  0.000000  0.000000  2.000000  1.000000  0.000000  0.000000  0.000000  1.000000  0.000000  0.000000  0.000000  1.000000  0.999993  0.003427  -0.001632  -0.003431  0.999991  -0.002560  0.001623  0.002566  0.999995  1.000000  0.000000  0.000000  0.000000  1.000000  0.000000  0.000000  0.000000  1.000000  1.000000  0.000000  0.000000  0.000000  1.000000  0.000000  0.000000  0.000000  1.000000  0.000000  0.000000  
170.413267 0.006221  0.095583  -0.013285  0.998817  0.035979  -0.032721  -0.037442  0.998274  -0.045246  0.031036  0.046418  0.998440  0.002288  -0.002477  -0.000501  0.000000  0.000000  0.000000  2.000000  1.000000  0.000000  0.000000  0.000000  1.000000  0.000000  0.000000  0.000000  1.000000  0.999993  0.003426  -0.001632  -0.003430  0.999991  -0.002438  0.001624  0.002444  0.999996  1.000000  0.000000  0.000000  0.000000  1.000000  0.000000  0.000000  0.000000  1.000000  1.000000  0.000000  0.000000  0.000000  1.000000  0.000000  0.000000  0.000000  1.000000  0.000000  0.000000  
170.414267 0.006223  0.095580  -0.013284  0.998809  0.036181  -0.032734  -0.037647  0.998261  -0.045360  0.031036  0.046539  0.998434  0.002319  -0.002585  -0.000295  0.000000  0.000000  0.000000  2.000000  1.000000  0.000000  0.000000  0.000000  1.000000  0.000000  0.000000  0.000000  1.000000  0.999993  0.003432  -0.001499  -0.003436  0.999991  -0.002681  0.001490  0.002686  0.999995  1.000000  0.000000  0.000000  0.000000  1.000000  0.000000  0.000000  0.000000  1.000000  1.000000  0.000000  0.000000  0.000000  1.000000  0.000000  0.000000  0.000000  1.000000  0.000000  0.000000  
170.415522 0.006225  0.095574  -0.013283  0.998797  0.036372  -0.032886  -0.037853  0.998243  -0.045591  0.031170  0.046781  0.998419  0.002269  -0.002792  -0.000041  0.000000  0.000000  0.000000  2.000000  1.000000  0.000000  0.000000  0.000000  1.000000  0.000000  0.000000  0.000000  1.000000  0.999993  0.003220  -0.001624  -0.003225  0.999991  -0.002808  0.001615  0.002813  0.999995  1.000000  0.000000  0.000000  0.000000  1.000000  0.000000  0.000000  0.000000  1.000000  1.000000  0.000000  0.000000  0.000000  1.000000  0.000000  0.000000  0.000000  1.000000  0.000000  0.000000  
170.416767 0.006227  0.095570  -0.013282  0.998797  0.036364  -0.032895  -0.037853  0.998232  -0.045833  0.031170  0.047023  0.998407  0.002182  -0.002944  0.000183  0.000000  0.000000  0.000000  2.000000  1.000000  0.000000  0.000000  0.000000  1.000000  0.000000  0.000000  0.000000  1.000000  0.999994  0.003226  -0.001491  -0.003230  0.999990  -0.002930  0.001482  0.002934  0.999995  1.000000  0.000000  0.000000  0.000000  1.000000  0.000000  0.000000  0.000000  1.000000  1.000000  0.000000  0.000000  0.000000  1.000000  0.000000  0.000000  0.000000  1.000000  0.000000  0.000000  
170.418020 0.006229  0.095565  -0.013282  0.998785  0.036555  -0.033047  -0.038058  0.998213  -0.046063  0.031304  0.047265  0.998392  0.002125  -0.003126  0.000318  0.000000  0.000000  0.000000  2.000000  1.000000  0.000000  0.000000  0.000000  1.000000  0.000000  0.000000  0.000000  1.000000  0.999993  0.003431  -0.001502  -0.003436  0.999989  -0.003044  0.001491  0.003049  0.999994  1.000000  0.000000  0.000000  0.000000  1.000000  0.000000  0.000000  0.000000  1.000000  1.000000  0.000000  0.000000  0.000000  1.000000  0.000000  0.000000  0.000000  1.000000  0.000000  0.000000  
170.419275 0.006230  0.095559  -0.013281  0.998777  0.036753  -0.033065  -0.038264  0.998195  -0.046299  0.031304  0.047507  0.998380  0.002010  -0.003349  0.000452  0.000000  0.000000  0.000000  2.000000  1.000000  0.000000  0.000000  0.000000  1.000000  0.000000  0.000000  0.000000  1.000000  0.999993  0.003431  -0.001502  -0.003436  0.999989  -0.003165  0.001491  0.003170  0.999994  1.000000  0.000000  0.000000  0.000000  1.000000  0.000000  0.000000  0.000000  1.000000  1.000000  0.000000  0.000000  0.000000  1.000000  0.000000  0.000000  0.000000  1.000000  0.000000  0.000000  
170.420292 0.006231  0.095555  -0.013281  0.998777  0.036749  -0.033070  -0.038264  0.998189  -0.046420  0.031304  0.047628  0.998374  0.001900  -0.003467  0.000519  0.000000  0.000000  0.000000  2.000000  1.000000  0.000000  0.000000  0.000000  1.000000  0.000000  0.000000  0.000000  1.000000  0.999994  0.003231  -0.001360  -0.003236  0.999989  -0.003293  0.001349  0.003297  0.999994  1.000000  0.000000  0.000000  0.000000  1.000000  0.000000  0.000000  0.000000  1.000000  1.000000  0.000000  0.000000  0.000000  1.000000  0.000000  0.000000  0.000000  1.000000  0.000000  0.000000  
170.421519 0.006232  0.095549  -0.013280  0.998769  0.036946  -0.033088  -0.038470  0.998170  -0.046655  0.031304  0.047871  0.998363  0.001785  -0.003672  0.000585  0.000000  0.000000  0.000000  2.000000  1.000000  0.000000  0.000000  0.000000  1.000000  0.000000  0.000000  0.000000  1.000000  0.999995  0.003032  -0.001216  -0.003036  0.999990  -0.003299  0.001206  0.003303  0.999994  1.000000  0.000000  0.000000  0.000000  1.000000  0.000000  0.000000  0.000000  1.000000  1.000000  0.000000  0.000000  0.000000  1.000000  0.000000  0.000000  0.000000  1.000000  0.000000  0.000000  
170.422774 0.006233  0.095544  -0.013278  0.998761  0.037144  -0.033107  -0.038675  0.998151  -0.046890  0.031304  0.048113  0.998351  0.001647  -0.003820  0.000631  0.000000  0.000000  0.000000  2.000000  1.000000  0.000000  0.000000  0.000000  1.000000  0.000000  0.000000  0.000000  1.000000  0.999995  0.002826  -0.001207  -0.002830  0.999990  -0.003427  0.001198  0.003431  0.999993  1.000000  0.000000  0.000000  0.000000  1.000000  0.000000  0.000000  0.000000  1.000000  1.000000  0.000000  0.000000  0.000000  1.000000  0.000000  0.000000  0.000000  1.000000  0.000000  0.000000  
170.424021 0.006235  0.095539  -0.013277  0.998761  0.037135  -0.033116  -0.038675  0.998140  -0.047133  0.031304  0.048355  0.998340  0.001563  -0.003898  0.000724  0.000000  0.000000  0.000000  2.000000  1.000000  0.000000  0.000000  0.000000  1.000000  0.000000  0.000000  0.000000  1.000000  0.999995  0.002832  -0.001075  -0.002836  0.999989  -0.003670  0.001064  0.003673  0.999993  1.000000  0.000000  0.000000  0.000000  1.000000  0.000000  0.000000  0.000000  1.000000  1.000000  0.000000  0.000000  0.000000  1.000000  0.000000  0.000000  0.000000  1.000000  0.000000  0.000000  
170.425267 0.006236  0.095533  -0.013275  0.998753  0.037333  -0.033134  -0.038881  0.998121  -0.047368  0.031304  0.048597  0.998328  0.001447  -0.004019  0.000827  0.000000  0.000000  0.000000  2.000000  1.000000  0.000000  0.000000  0.000000  1.000000  0.000000  0.000000  0.000000  1.000000  0.999996  0.002838  -0.000942  -0.002842  0.999989  -0.003670  0.000931  0.003672  0.999993  1.000000  0.000000  0.000000  0.000000  1.000000  0.000000  0.000000  0.000000  1.000000  1.000000  0.000000  0.000000  0.000000  1.000000  0.000000  0.000000  0.000000  1.000000  0.000000  0.000000  
170.426269 0.006237  0.095529  -0.013272  0.998749  0.037318  -0.033277  -0.038881  0.998109  -0.047605  0.031438  0.048839  0.998312  0.001356  -0.004108  0.000938  0.000000  0.000000  0.000000  2.000000  1.000000  0.000000  0.000000  0.000000  1.000000  0.000000  0.000000  0.000000  1.000000  0.999996  0.002626  -0.001066  -0.002630  0.999990  -0.003676  0.001056  0.003679  0.999993  1.000000  0.000000  0.000000  0.000000  1.000000  0.000000  0.000000  0.000000  1.000000  1.000000  0.000000  0.000000  0.000000  1.000000  0.000000  0.000000  0.000000  1.000000  0.000000  0.000000  
170.427523 0.006239  0.095524  -0.013268  0.998741  0.037516  -0.033296  -0.039086  0.998090  -0.047840  0.031438  0.049081  0.998300  0.001266  -0.004146  0.001147  0.000000  0.000000  0.000000  2.000000  1.000000  0.000000  0.000000  0.000000  1.000000  0.000000  0.000000  0.000000  1.000000  0.999996  0.002632  -0.000933  -0.002636  0.999989  -0.003918  0.000923  0.003921  0.999992  1.000000  0.000000  0.000000  0.000000  1.000000  0.000000  0.000000  0.000000  1.000000  1.000000  0.000000  0.000000  0.000000  1.000000  0.000000  0.000000  0.000000  1.000000  0.000000  0.000000  
170.428767 0.006240  0.095518  -0.013265  0.998741  0.037504  -0.033310  -0.039086  0.998072  -0.048203  0.031438  0.049445  0.998282  0.001186  -0.004238  0.001276  -0.173486  0.055750  0.141595  2.000000  1.000000  0.000000  0.000000  0.000000  1.000000  0.000000  0.000000  0.000000  1.000000  0.999997  0.002427  -0.000924  -0.002430  0.999989  -0.003925  0.000914  0.003927  0.999992  1.000000  0.000000  0.000000  0.000000  1.000000  0.000000  0.000000  0.000000  1.000000  1.000000  0.000000  0.000000  0.000000  1.000000  0.000000  0.000000  0.000000  1.000000  0.000057  0.000000  
170.429767 0.006241  0.095514  -0.013262  0.998733  0.037701  -0.033329  -0.039292  0.998053  -0.048439  0.031438  0.049687  0.998270  0.001159  -0.004275  0.001437  -0.177573  0.051336  0.141836  2.000000  1.000000  0.000000  0.000000  0.000000  1.000000  0.000000  0.000000  0.000000  1.000000  0.999997  0.002433  -0.000791  -0.002436  0.999989  -0.003925  0.000781  0.003927  0.999992  1.000000  0.000000  0.000000  0.000000  1.000000  0.000000  0.000000  0.000000  1.000000  1.000000  0.000000  0.000000  0.000000  1.000000  0.000000  0.000000  0.000000  1.000000  0.000058  0.000000  
170.431017 0.006243  0.095508  -0.013259  0.998733  0.037693  -0.033338  -0.039292  0.998041  -0.048681  0.031438  0.049929  0.998258  0.001136  -0.004318  0.001563  -0.181982  0.046245  0.128295  2.000000  1.000000  0.000000  0.000000  0.000000  1.000000  0.000000  0.000000  0.000000  1.000000  0.999997  0.002234  -0.000648  -0.002237  0.999989  -0.004053  0.000638  0.004054  0.999992  1.000000  0.000000  0.000000  0.000000  1.000000  0.000000  0.000000  0.000000  1.000000  1.000000  0.000000  0.000000  0.000000  1.000000  0.000000  0.000000  0.000000  1.000000  0.000059  0.000000  
170.432017 0.006244  0.095503  -0.013257  0.998733  0.037685  -0.033347  -0.039292  0.998029  -0.048923  0.031438  0.050171  0.998246  0.001120  -0.004359  0.001691  -0.187788  0.046327  0.122446  2.000000  1.000000  0.000000  0.000000  0.000000  1.000000  0.000000  0.000000  0.000000  1.000000  0.999998  0.002028  -0.000637  -0.002031  0.999990  -0.003938  0.000630  0.003939  0.999992  1.000000  0.000000  0.000000  0.000000  1.000000  0.000000  0.000000  0.000000  1.000000  1.000000  0.000000  0.000000  0.000000  1.000000  0.000000  0.000000  0.000000  1.000000  0.000057  0.000000  
170.433268 0.006245  0.095497  -0.013255  0.998725  0.037882  -0.033366  -0.039497  0.998010  -0.049158  0.031438  0.050413  0.998234  0.001104  -0.004398  0.001818  -0.190304  0.041518  0.121658  2.000000  1.000000  0.000000  0.000000  0.000000  1.000000  0.000000  0.000000  0.000000  1.000000  0.999998  0.002035  -0.000505  -0.002037  0.999990  -0.004059  0.000496  0.004060  0.999992  1.000000  0.000000  0.000000  0.000000  1.000000  0.000000  0.000000  0.000000  1.000000  1.000000  0.000000  0.000000  0.000000  1.000000  0.000000  0.000000  0.000000  1.000000  0.000059  0.000000  
170.434271 0.006246  0.095493  -0.013253  0.998725  0.037874  -0.033375  -0.039497  0.997998  -0.049400  0.031438  0.050655  0.998221  0.001111  -0.004416  0.001859  -0.196167  0.041553  0.115746  2.000000  1.000000  0.000000  0.000000  0.000000  1.000000  0.000000  0.000000  0.000000  1.000000  0.999998  0.002035  -0.000505  -0.002037  0.999990  -0.004059  0.000497  0.004060  0.999992  1.000000  0.000000  0.000000  0.000000  1.000000  0.000000  0.000000  0.000000  1.000000  1.000000  0.000000  0.000000  0.000000  1.000000  0.000000  0.000000  0.000000  1.000000  0.000058  0.000000  
170.435518 0.006248  0.095487  -0.013252  0.998725  0.037866  -0.033385  -0.039497  0.997986  -0.049642  0.031438  0.050898  0.998209  0.001139  -0.004486  0.001886  -0.198550  0.036769  0.114976  2.000000  1.000000  0.000000  0.000000  0.000000  1.000000  0.000000  0.000000  0.000000  1.000000  0.999998  0.001836  -0.000361  -0.001837  0.999990  -0.004066  0.000354  0.004066  0.999992  1.000000  0.000000  0.000000  0.000000  1.000000  0.000000  0.000000  0.000000  1.000000  1.000000  0.000000  0.000000  0.000000  1.000000  0.000000  0.000000  0.000000  1.000000  0.000057  0.000000  
170.436521 0.006249  0.095482  -0.013251  0.998717  0.038067  -0.033399  -0.039703  0.997972  -0.049756  0.031438  0.051019  0.998203  0.001158  -0.004483  0.001956  -0.196367  0.032277  0.109254  2.000000  1.000000  0.000000  0.000000  0.000000  1.000000  0.000000  0.000000  0.000000  1.000000  0.999998  0.001836  -0.000362  -0.001837  0.999990  -0.004066  0.000354  0.004066  0.999992  1.000000  0.000000  0.000000  0.000000  1.000000  0.000000  0.000000  0.000000  1.000000  1.000000  0.000000  0.000000  0.000000  1.000000  0.000000  0.000000  0.000000  1.000000  0.000058  0.000000  
170.437771 0.006252  0.095477  -0.013250  0.998717  0.038055  -0.033413  -0.039703  0.997954  -0.050120  0.031438  0.051382  0.998184  0.001237  -0.004502  0.001915  -0.200620  0.031969  0.102314  2.000000  1.000000  0.000000  0.000000  0.000000  1.000000  0.000000  0.000000  0.000000  1.000000  0.999999  0.001637  -0.000218  -0.001638  0.999990  -0.004072  0.000211  0.004073  0.999992  1.000000  0.000000  0.000000  0.000000  1.000000  0.000000  0.000000  0.000000  1.000000  1.000000  0.000000  0.000000  0.000000  1.000000  0.000000  0.000000  0.000000  1.000000  0.000056  0.000000  
170.439021 0.006255  0.095471  -0.013249  0.998717  0.038051  -0.033418  -0.039703  0.997948  -0.050241  0.031438  0.051503  0.998178  0.001343  -0.004505  0.001869  -0.195132  0.026937  0.094832  2.000000  1.000000  0.000000  0.000000  0.000000  1.000000  0.000000  0.000000  0.000000  1.000000  0.999999  0.001637  -0.000218  -0.001638  0.999990  -0.004072  0.000212  0.004073  0.999992  1.000000  0.000000  0.000000  0.000000  1.000000  0.000000  0.000000  0.000000  1.000000  1.000000  0.000000  0.000000  0.000000  1.000000  0.000000  0.000000  0.000000  1.000000  0.000056  0.000000  
170.440271 0.006257  0.095465  -0.013249  0.998709  0.038249  -0.033437  -0.039909  0.997928  -0.050476  0.031438  0.051745  0.998165  0.001388  -0.004534  0.001730  -0.195138  0.022507  0.095049  2.000000  1.000000  0.000000  0.000000  0.000000  1.000000  0.000000  0.000000  0.000000  1.000000  0.999999  0.001637  -0.000219  -0.001638  0.999990  -0.004194  0.000212  0.004194  0.999991  1.000000  0.000000  0.000000  0.000000  1.000000  0.000000  0.000000  0.000000  1.000000  1.000000  0.000000  0.000000  0.000000  1.000000  0.000000  0.000000  0.000000  1.000000  0.000055  0.000000  
170.441272 0.006259  0.095461  -0.013248  0.998709  0.038240  -0.033447  -0.039909  0.997915  -0.050718  0.031438  0.051987  0.998153  0.001434  -0.004525  0.001576  -0.196949  0.022375  0.088913  2.000000  1.000000  0.000000  0.000000  0.000000  1.000000  0.000000  0.000000  0.000000  1.000000  0.999999  0.001431  -0.000209  -0.001432  0.999990  -0.004200  0.000202  0.004200  0.999991  1.000000  0.000000  0.000000  0.000000  1.000000  0.000000  0.000000  0.000000  1.000000  1.000000  0.000000  0.000000  0.000000  1.000000  0.000000  0.000000  0.000000  1.000000  0.000056  0.000000  
170.442523 0.006262  0.095456  -0.013247  0.998709  0.038232  -0.033456  -0.039909  0.997903  -0.050960  0.031438  0.052229  0.998140  0.001531  -0.004531  0.001422  -0.197174  0.017565  0.082228  2.000000  1.000000  0.000000  0.000000  0.000000  1.000000  0.000000  0.000000  0.000000  1.000000  0.999999  0.001431  -0.000209  -0.001432  0.999990  -0.004321  0.000203  0.004322  0.999991  1.000000  0.000000  0.000000  0.000000  1.000000  0.000000  0.000000  0.000000  1.000000  1.000000  0.000000  0.000000  0.000000  1.000000  0.000000  0.000000  0.000000  1.000000  0.000054  0.000000  
170.443766 0.006265  0.095450  -0.013246  0.998709  0.038224  -0.033465  -0.039909  0.997891  -0.051202  0.031438  0.052472  0.998127  0.001669  -0.004509  0.001257  -0.195562  0.017442  0.081551  2.000000  1.000000  0.000000  0.000000  0.000000  1.000000  0.000000  0.000000  0.000000  1.000000  0.999999  0.001226  -0.000198  -0.001227  0.999990  -0.004328  0.000193  0.004328  0.999991  1.000000  0.000000  0.000000  0.000000  1.000000  0.000000  0.000000  0.000000  1.000000  1.000000  0.000000  0.000000  0.000000  1.000000  0.000000  0.000000  0.000000  1.000000  0.000054  0.000000  
170.444769 0.006267  0.095446  -0.013245  0.998700  0.038422  -0.033485  -0.040114  0.997870  -0.051437  0.031438  0.052714  0.998115  0.001713  -0.004545  0.001151  -0.197172  0.013114  0.082444  2.000000  1.000000  0.000000  0.000000  0.000000  1.000000  0.000000  0.000000  0.000000  1.000000  0.999999  0.001431  -0.000209  -0.001432  0.999990  -0.004200  0.000203  0.004200  0.999991  1.000000  0.000000  0.000000  0.000000  1.000000  0.000000  0.000000  0.000000  1.000000  1.000000  0.000000  0.000000  0.000000  1.000000  0.000000  0.000000  0.000000  1.000000  0.000054  0.000000  
170.445769 0.006270  0.095441  -0.013244  0.998700  0.038413  -0.033494  -0.040114  0.997858  -0.051679  0.031438  0.052956  0.998102  0.001819  -0.004499  0.001045  -0.200215  0.012704  0.075066  2.000000  1.000000  0.000000  0.000000  0.000000  1.000000  0.000000  0.000000  0.000000  1.000000  0.999999  0.001226  -0.000199  -0.001227  0.999990  -0.004207  0.000194  0.004207  0.999991  1.000000  0.000000  0.000000  0.000000  1.000000  0.000000  0.000000  0.000000  1.000000  1.000000  0.000000  0.000000  0.000000  1.000000  0.000000  0.000000  0.000000  1.000000  0.000053  0.000000  
170.447018 0.006273  0.095436  -0.013241  0.998700  0.038405  -0.033504  -0.040114  0.997845  -0.051921  0.031438  0.053198  0.998089  0.001952  -0.004468  0.001050  -0.201698  0.007964  0.068856  2.000000  1.000000  0.000000  0.000000  0.000000  1.000000  0.000000  0.000000  0.000000  1.000000  0.999999  0.001233  -0.000066  -0.001233  0.999990  -0.004328  0.000060  0.004328  0.999991  1.000000  0.000000  0.000000  0.000000  1.000000  0.000000  0.000000  0.000000  1.000000  1.000000  0.000000  0.000000  0.000000  1.000000  0.000000  0.000000  0.000000  1.000000  0.000054  0.000000  
170.448267 0.006276  0.095431  -0.013239  0.998700  0.038397  -0.033513  -0.040114  0.997833  -0.052163  0.031438  0.053440  0.998076  0.002027  -0.004434  0.001071  -0.201692  0.007980  0.068852  2.000000  1.000000  0.000000  0.000000  0.000000  1.000000  0.000000  0.000000  0.000000  1.000000  0.999999  0.001027  -0.000055  -0.001028  0.999991  -0.004213  0.000051  0.004213  0.999991  1.000000  0.000000  0.000000  0.000000  1.000000  0.000000  0.000000  0.000000  1.000000  1.000000  0.000000  0.000000  0.000000  1.000000  0.000000  0.000000  0.000000  1.000000  0.000054  0.000000  
170.449268 0.006279  0.095427  -0.013237  0.998692  0.038594  -0.033533  -0.040320  0.997812  -0.052399  0.031438  0.053682  0.998063  0.002158  -0.004404  0.001076  -0.204099  0.007928  0.068292  2.000000  1.000000  0.000000  0.000000  0.000000  1.000000  0.000000  0.000000  0.000000  1.000000  0.999999  0.001233  -0.000066  -0.001233  0.999990  -0.004207  0.000061  0.004207  0.999991  1.000000  0.000000  0.000000  0.000000  1.000000  0.000000  0.000000  0.000000  1.000000  1.000000  0.000000  0.000000  0.000000  1.000000  0.000000  0.000000  0.000000  1.000000  0.000055  0.000000  
170.450268 0.006281  0.095422  -0.013236  0.998688  0.038579  -0.033676  -0.040320  0.997800  -0.052635  0.031571  0.053924  0.998046  0.002237  -0.004376  0.001116  -0.208259  0.012403  0.068103  2.000000  1.000000  0.000000  0.000000  0.000000  1.000000  0.000000  0.000000  0.000000  1.000000  0.999999  0.001020  -0.000189  -0.001021  0.999991  -0.004092  0.000185  0.004092  0.999992  1.000000  0.000000  0.000000  0.000000  1.000000  0.000000  0.000000  0.000000  1.000000  1.000000  0.000000  0.000000  0.000000  1.000000  0.000000  0.000000  0.000000  1.000000  0.000054  0.000000  
170.451272 0.006284  0.095418  -0.013234  0.998688  0.038575  -0.033681  -0.040320  0.997793  -0.052756  0.031571  0.054045  0.998039  0.002277  -0.004370  0.001116  -0.208337  0.012054  0.061206  2.000000  1.000000  0.000000  0.000000  0.000000  1.000000  0.000000  0.000000  0.000000  1.000000  0.999999  0.001020  -0.000189  -0.001021  0.999991  -0.004092  0.000185  0.004092  0.999992  1.000000  0.000000  0.000000  0.000000  1.000000  0.000000  0.000000  0.000000  1.000000  1.000000  0.000000  0.000000  0.000000  1.000000  0.000000  0.000000  0.000000  1.000000  0.000054  0.000000  
170.452526 0.006287  0.095413  -0.013232  0.998688  0.038567  -0.033690  -0.040320  0.997780  -0.052998  0.031571  0.054287  0.998026  0.002367  -0.004288  0.001206  -0.206183  0.011817  0.054796  2.000000  1.000000  0.000000  0.000000  0.000000  1.000000  0.000000  0.000000  0.000000  1.000000  0.999999  0.001020  -0.000189  -0.001021  0.999991  -0.004092  0.000185  0.004092  0.999992  1.000000  0.000000  0.000000  0.000000  1.000000  0.000000  0.000000  0.000000  1.000000  1.000000  0.000000  0.000000  0.000000  1.000000  0.000000  0.000000  0.000000  1.000000  0.000054  0.000000  
170.453769 0.006290  0.095408  -0.013231  0.998688  0.038559  -0.033699  -0.040320  0.997767  -0.053240  0.031571  0.054529  0.998013  0.002387  -0.004260  0.001263  -0.206204  0.011831  0.054799  2.000000  1.000000  0.000000  0.000000  0.000000  1.000000  0.000000  0.000000  0.000000  1.000000  1.000000  0.000815  -0.000178  -0.000815  0.999991  -0.004098  0.000175  0.004098  0.999992  1.000000  0.000000  0.000000  0.000000  1.000000  0.000000  0.000000  0.000000  1.000000  1.000000  0.000000  0.000000  0.000000  1.000000  0.000000  0.000000  0.000000  1.000000  0.000054  0.000000  
170.455022 0.006292  0.095403  -0.013230  0.998680  0.038760  -0.033715  -0.040525  0.997753  -0.053355  0.031571  0.054650  0.998006  0.002429  -0.004235  0.001247  -0.202090  0.011839  0.054786  2.000000  1.000000  0.000000  0.000000  0.000000  1.000000  0.000000  0.000000  0.000000  1.000000  0.999999  0.001020  -0.000190  -0.001021  0.999992  -0.003849  0.000186  0.003849  0.999993  1.000000  0.000000  0.000000  0.000000  1.000000  0.000000  0.000000  0.000000  1.000000  1.000000  0.000000  0.000000  0.000000  1.000000  0.000000  0.000000  0.000000  1.000000  0.000052  0.000000  
170.456272 0.006295  0.095397  -0.013229  0.998680  0.038752  -0.033724  -0.040525  0.997740  -0.053597  0.031571  0.054893  0.997993  0.002432  -0.004237  0.001279  -0.202108  0.007362  0.055023  2.000000  1.000000  0.000000  0.000000  0.000000  1.000000  0.000000  0.000000  0.000000  1.000000  1.000000  0.000815  -0.000179  -0.000815  0.999993  -0.003734  0.000176  0.003734  0.999993  1.000000  0.000000  0.000000  0.000000  1.000000  0.000000  0.000000  0.000000  1.000000  1.000000  0.000000  0.000000  0.000000  1.000000  0.000000  0.000000  0.000000  1.000000  0.000052  0.000000  
170.457528 0.006298  0.095392  -0.013229  0.998680  0.038748  -0.033729  -0.040525  0.997733  -0.053718  0.031571  0.055014  0.997986  0.002388  -0.004239  0.001218  -0.194111  0.007013  0.048099  2.000000  1.000000  0.000000  0.000000  0.000000  1.000000  0.000000  0.000000  0.000000  1.000000  1.000000  0.000814  -0.000179  -0.000815  0.999993  -0.003734  0.000176  0.003734  0.999993  1.000000  0.000000  0.000000  0.000000  1.000000  0.000000  0.000000  0.000000  1.000000  1.000000  0.000000  0.000000  0.000000  1.000000  0.000000  0.000000  0.000000  1.000000  0.000051  0.000000  
170.458772 0.006300  0.095387  -0.013228  0.998680  0.038740  -0.033739  -0.040525  0.997720  -0.053960  0.031571  0.055256  0.997973  0.002350  -0.004245  0.001190  -0.194138  0.007026  0.048104  2.000000  1.000000  0.000000  0.000000  0.000000  1.000000  0.000000  0.000000  0.000000  1.000000  1.000000  0.000814  -0.000179  -0.000815  0.999993  -0.003613  0.000176  0.003613  0.999993  1.000000  0.000000  0.000000  0.000000  1.000000  0.000000  0.000000  0.000000  1.000000  1.000000  0.000000  0.000000  0.000000  1.000000  0.000000  0.000000  0.000000  1.000000  0.000050  0.000000  
170.460021 0.006302  0.095381  -0.013227  0.998680  0.038735  -0.033743  -0.040525  0.997714  -0.054081  0.031571  0.055377  0.997966  0.002310  -0.004250  0.001161  -0.186221  0.006674  0.041201  2.000000  1.000000  0.000000  0.000000  0.000000  1.000000  0.000000  0.000000  0.000000  1.000000  1.000000  0.000609  -0.000168  -0.000610  0.999993  -0.003619  0.000166  0.003619  0.999993  1.000000  0.000000  0.000000  0.000000  1.000000  0.000000  0.000000  0.000000  1.000000  1.000000  0.000000  0.000000  0.000000  1.000000  0.000000  0.000000  0.000000  1.000000  0.000048  0.000000  
170.461267 0.006305  0.095376  -0.013226  0.998680  0.038731  -0.033748  -0.040525  0.997707  -0.054202  0.031571  0.055498  0.997960  0.002260  -0.004254  0.001140  -0.182168  0.006682  0.041205  2.000000  1.000000  0.000000  0.000000  0.000000  1.000000  0.000000  0.000000  0.000000  1.000000  1.000000  0.000609  -0.000168  -0.000610  0.999994  -0.003498  0.000166  0.003498  0.999994  1.000000  0.000000  0.000000  0.000000  1.000000  0.000000  0.000000  0.000000  1.000000  1.000000  0.000000  0.000000  0.000000  1.000000  0.000000  0.000000  0.000000  1.000000  0.000047  0.000000  
170.462267 0.006307  0.095372  -0.013224  0.998671  0.038933  -0.033764  -0.040731  0.997693  -0.054316  0.031571  0.055619  0.997953  0.002232  -0.004185  0.001143  -0.178123  0.006691  0.041211  2.000000  1.000000  0.000000  0.000000  0.000000  1.000000  0.000000  0.000000  0.000000  1.000000  1.000000  0.000814  -0.000179  -0.000815  0.999994  -0.003370  0.000177  0.003370  0.999994  1.000000  0.000000  0.000000  0.000000  1.000000  0.000000  0.000000  0.000000  1.000000  1.000000  0.000000  0.000000  0.000000  1.000000  0.000000  0.000000  0.000000  1.000000  0.000047  0.000000  
