1-Time 2-Px 3-Py 4-Pz 5-R11 6-R21 7-R31 8-R12 9-R22 10-R32 11-R13 12-R23 13-R33 14-Vx 15-Vy 16-Vz 17-Wx 18-Wy 19-Wz 20-state 21-PR11 22-PR21 23-PR31 24-PR12 25-PR22 26-PR32 27-PR13 28-PR23 29-PR33 
34.126385 -0.000392  0.087344  -0.012218  0.999359  0.020869  -0.029080  -0.020371  0.999642  0.017334  0.029431  -0.016731  0.999427  0.003051  0.002289  0.001790  0.000000  0.000000  0.000000  2.000000  1.000000  0.000000  0.000000  0.000000  1.000000  0.000000  0.000000  0.000000  1.000000  0.999999  -0.000807  -0.000950  0.000807  1.000000  -0.000024  0.000950  0.000023  1.000000  1.000000  0.000000  0.000000  0.000000  1.000000  0.000000  0.000000  0.000000  1.000000  0.651745  0.415508  0.634493  -0.361153  0.905667  -0.222117  -0.666931  -0.084385  0.740326  0.000000  0.000000  
34.127388 -0.000389  0.087345  -0.012217  0.999355  0.020872  -0.029214  -0.020371  0.999642  0.017337  0.029565  -0.016731  0.999423  0.003026  0.002241  0.001780  0.000000  0.000000  0.000000  2.000000  1.000000  0.000000  0.000000  0.000000  1.000000  0.000000  0.000000  0.000000  1.000000  0.999999  -0.000807  -0.000950  0.000807  1.000000  -0.000024  0.000950  0.000023  1.000000  1.000000  0.000000  0.000000  0.000000  1.000000  0.000000  0.000000  0.000000  1.000000  1.000000  0.000000  0.000000  0.000000  1.000000  0.000000  0.000000  0.000000  1.000000  0.000000  0.000000  
34.128388 -0.000387  0.087345  -0.012215  0.999355  0.020872  -0.029214  -0.020371  0.999642  0.017337  0.029565  -0.016731  0.999423  0.003004  0.002095  0.001745  0.000000  0.000000  0.000000  2.000000  1.000000  0.000000  0.000000  0.000000  1.000000  0.000000  0.000000  0.000000  1.000000  0.999999  -0.000807  -0.000950  0.000807  1.000000  -0.000024  0.000950  0.000024  1.000000  1.000000  0.000000  0.000000  0.000000  1.000000  0.000000  0.000000  0.000000  1.000000  1.000000  0.000000  0.000000  0.000000  1.000000  0.000000  0.000000  0.000000  1.000000  0.000000  0.000000  
34.129389 -0.000386  0.087345  -0.012214  0.999351  0.020874  -0.029347  -0.020371  0.999642  0.017340  0.029699  -0.016731  0.999419  0.002878  0.001881  0.001691  0.000000  0.000000  0.000000  2.000000  1.000000  0.000000  0.000000  0.000000  1.000000  0.000000  0.000000  0.000000  1.000000  0.999999  -0.000602  -0.000947  0.000602  1.000000  -0.000018  0.000947  0.000018  1.000000  1.000000  0.000000  0.000000  0.000000  1.000000  0.000000  0.000000  0.000000  1.000000  1.000000  0.000000  0.000000  0.000000  1.000000  0.000000  0.000000  0.000000  1.000000  0.000000  0.000000  
34.130393 -0.000384  0.087343  -0.012214  0.999347  0.020880  -0.029479  -0.020371  0.999640  0.017464  0.029833  -0.016852  0.999413  0.002775  0.001615  0.001619  0.000000  0.000000  0.000000  2.000000  1.000000  0.000000  0.000000  0.000000  1.000000  0.000000  0.000000  0.000000  1.000000  0.999999  -0.000601  -0.000947  0.000602  1.000000  0.000103  0.000947  -0.000104  1.000000  1.000000  0.000000  0.000000  0.000000  1.000000  0.000000  0.000000  0.000000  1.000000  1.000000  0.000000  0.000000  0.000000  1.000000  0.000000  0.000000  0.000000  1.000000  0.000000  0.000000  
34.131640 -0.000381  0.087341  -0.012212  0.999343  0.020882  -0.029612  -0.020371  0.999640  0.017467  0.029966  -0.016852  0.999409  0.002697  0.001279  0.001575  0.000000  0.000000  0.000000  2.000000  1.000000  0.000000  0.000000  0.000000  1.000000  0.000000  0.000000  0.000000  1.000000  0.999999  -0.000601  -0.000947  0.000602  1.000000  0.000103  0.000947  -0.000103  1.000000  1.000000  0.000000  0.000000  0.000000  1.000000  0.000000  0.000000  0.000000  1.000000  1.000000  0.000000  0.000000  0.000000  1.000000  0.000000  0.000000  0.000000  1.000000  0.000000  0.000000  
34.132888 -0.000379  0.087339  -0.012211  0.999339  0.020888  -0.029743  -0.020371  0.999638  0.017591  0.030100  -0.016973  0.999403  0.002607  0.000951  0.001525  0.000000  0.000000  0.000000  2.000000  1.000000  0.000000  0.000000  0.000000  1.000000  0.000000  0.000000  0.000000  1.000000  0.999999  -0.000599  -0.001081  0.000599  1.000000  0.000224  0.001081  -0.000225  0.999999  1.000000  0.000000  0.000000  0.000000  1.000000  0.000000  0.000000  0.000000  1.000000  1.000000  0.000000  0.000000  0.000000  1.000000  0.000000  0.000000  0.000000  1.000000  0.000000  0.000000  
34.133894 -0.000378  0.087336  -0.012210  0.999335  0.021097  -0.029737  -0.020576  0.999631  0.017718  0.030100  -0.017094  0.999401  0.002450  0.000609  0.001468  0.000000  0.000000  0.000000  2.000000  1.000000  0.000000  0.000000  0.000000  1.000000  0.000000  0.000000  0.000000  1.000000  0.999999  -0.000393  -0.001077  0.000394  1.000000  0.000352  0.001077  -0.000352  0.999999  1.000000  0.000000  0.000000  0.000000  1.000000  0.000000  0.000000  0.000000  1.000000  1.000000  0.000000  0.000000  0.000000  1.000000  0.000000  0.000000  0.000000  1.000000  0.000000  0.000000  
34.135143 -0.000376  0.087334  -0.012208  0.999331  0.021100  -0.029871  -0.020576  0.999631  0.017721  0.030234  -0.017094  0.999397  0.002328  0.000252  0.001441  0.000000  0.000000  0.000000  2.000000  1.000000  0.000000  0.000000  0.000000  1.000000  0.000000  0.000000  0.000000  1.000000  0.999999  -0.000391  -0.001211  0.000391  1.000000  0.000351  0.001211  -0.000352  0.999999  1.000000  0.000000  0.000000  0.000000  1.000000  0.000000  0.000000  0.000000  1.000000  1.000000  0.000000  0.000000  0.000000  1.000000  0.000000  0.000000  0.000000  1.000000  0.000000  0.000000  
34.136391 -0.000375  0.087332  -0.012207  0.999319  0.021314  -0.030132  -0.020782  0.999625  0.017854  0.030501  -0.017215  0.999386  0.002172  -0.000086  0.001342  0.000000  0.000000  0.000000  2.000000  1.000000  0.000000  0.000000  0.000000  1.000000  0.000000  0.000000  0.000000  1.000000  0.999999  0.000021  -0.001204  -0.000020  1.000000  0.000485  0.001204  -0.000485  0.999999  1.000000  0.000000  0.000000  0.000000  1.000000  0.000000  0.000000  0.000000  1.000000  1.000000  0.000000  0.000000  0.000000  1.000000  0.000000  0.000000  0.000000  1.000000  0.000000  0.000000  
34.137392 -0.000374  0.087329  -0.012207  0.999315  0.021316  -0.030266  -0.020782  0.999625  0.017856  0.030635  -0.017215  0.999382  0.002009  -0.000399  0.001234  0.000000  0.000000  0.000000  2.000000  1.000000  0.000000  0.000000  0.000000  1.000000  0.000000  0.000000  0.000000  1.000000  0.999999  0.000023  -0.001338  -0.000022  1.000000  0.000485  0.001338  -0.000485  0.999999  1.000000  0.000000  0.000000  0.000000  1.000000  0.000000  0.000000  0.000000  1.000000  1.000000  0.000000  0.000000  0.000000  1.000000  0.000000  0.000000  0.000000  1.000000  0.000000  0.000000  
34.138396 -0.000373  0.087328  -0.012207  0.999310  0.021318  -0.030400  -0.020782  0.999625  0.017859  0.030769  -0.017215  0.999378  0.001868  -0.000665  0.001134  0.000000  0.000000  0.000000  2.000000  1.000000  0.000000  0.000000  0.000000  1.000000  0.000000  0.000000  0.000000  1.000000  0.999999  0.000025  -0.001472  -0.000025  1.000000  0.000485  0.001472  -0.000485  0.999999  1.000000  0.000000  0.000000  0.000000  1.000000  0.000000  0.000000  0.000000  1.000000  1.000000  0.000000  0.000000  0.000000  1.000000  0.000000  0.000000  0.000000  1.000000  0.000000  0.000000  
34.139638 -0.000372  0.087325  -0.012206  0.999306  0.021324  -0.030531  -0.020782  0.999622  0.017983  0.030903  -0.017336  0.999372  0.001663  -0.001000  0.001044  0.000000  0.000000  0.000000  2.000000  1.000000  0.000000  0.000000  0.000000  1.000000  0.000000  0.000000  0.000000  1.000000  0.999999  0.000028  -0.001605  -0.000027  1.000000  0.000485  0.001605  -0.000485  0.999999  1.000000  0.000000  0.000000  0.000000  1.000000  0.000000  0.000000  0.000000  1.000000  1.000000  0.000000  0.000000  0.000000  1.000000  0.000000  0.000000  0.000000  1.000000  0.000000  0.000000  
34.140642 -0.000372  0.087323  -0.012206  0.999298  0.021532  -0.030661  -0.020987  0.999618  0.017992  0.031036  -0.017336  0.999368  0.001468  -0.001337  0.000917  0.000000  0.000000  0.000000  2.000000  1.000000  0.000000  0.000000  0.000000  1.000000  0.000000  0.000000  0.000000  1.000000  0.999998  0.000442  -0.001732  -0.000441  1.000000  0.000619  0.001732  -0.000619  0.999998  1.000000  0.000000  0.000000  0.000000  1.000000  0.000000  0.000000  0.000000  1.000000  1.000000  0.000000  0.000000  0.000000  1.000000  0.000000  0.000000  0.000000  1.000000  0.000000  0.000000  
34.141889 -0.000372  0.087319  -0.012205  0.999290  0.021537  -0.030928  -0.020987  0.999618  0.017998  0.031304  -0.017336  0.999360  0.001232  -0.001739  0.000823  0.000000  0.000000  0.000000  2.000000  1.000000  0.000000  0.000000  0.000000  1.000000  0.000000  0.000000  0.000000  1.000000  0.999998  0.000444  -0.001866  -0.000443  1.000000  0.000619  0.001866  -0.000619  0.999998  1.000000  0.000000  0.000000  0.000000  1.000000  0.000000  0.000000  0.000000  1.000000  1.000000  0.000000  0.000000  0.000000  1.000000  0.000000  0.000000  0.000000  1.000000  0.000000  0.000000  
34.143139 -0.000374  0.087313  -0.012205  0.999285  0.021539  -0.031062  -0.020987  0.999618  0.018001  0.031438  -0.017336  0.999355  0.000901  -0.002172  0.000699  0.000000  0.000000  0.000000  2.000000  1.000000  0.000000  0.000000  0.000000  1.000000  0.000000  0.000000  0.000000  1.000000  0.999998  0.000446  -0.002000  -0.000445  1.000000  0.000619  0.002000  -0.000619  0.999998  1.000000  0.000000  0.000000  0.000000  1.000000  0.000000  0.000000  0.000000  1.000000  1.000000  0.000000  0.000000  0.000000  1.000000  0.000000  0.000000  0.000000  1.000000  0.000000  0.000000  
34.144142 -0.000374  0.087309  -0.012204  0.999277  0.021747  -0.031192  -0.021193  0.999613  0.018010  0.031571  -0.017336  0.999351  0.000776  -0.002431  0.000698  0.000000  0.000000  0.000000  2.000000  1.000000  0.000000  0.000000  0.000000  1.000000  0.000000  0.000000  0.000000  1.000000  0.999998  0.000654  -0.002130  -0.000653  1.000000  0.000626  0.002130  -0.000625  0.999998  1.000000  0.000000  0.000000  0.000000  1.000000  0.000000  0.000000  0.000000  1.000000  1.000000  0.000000  0.000000  0.000000  1.000000  0.000000  0.000000  0.000000  1.000000  0.000000  0.000000  
34.145388 -0.000375  0.087303  -0.012203  0.999268  0.021756  -0.031456  -0.021192  0.999611  0.018137  0.031839  -0.017457  0.999341  0.000562  -0.002711  0.000729  0.000000  0.000000  0.000000  2.000000  1.000000  0.000000  0.000000  0.000000  1.000000  0.000000  0.000000  0.000000  1.000000  0.999997  0.000659  -0.002397  -0.000658  1.000000  0.000747  0.002398  -0.000746  0.999997  1.000000  0.000000  0.000000  0.000000  1.000000  0.000000  0.000000  0.000000  1.000000  1.000000  0.000000  0.000000  0.000000  1.000000  0.000000  0.000000  0.000000  1.000000  0.000000  0.000000  
34.146393 -0.000376  0.087297  -0.012201  0.999264  0.021762  -0.031587  -0.021192  0.999609  0.018261  0.031972  -0.017578  0.999334  0.000338  -0.002985  0.000747  0.000000  0.000000  0.000000  2.000000  1.000000  0.000000  0.000000  0.000000  1.000000  0.000000  0.000000  0.000000  1.000000  0.999996  0.000867  -0.002527  -0.000865  0.999999  0.000754  0.002528  -0.000752  0.999997  1.000000  0.000000  0.000000  0.000000  1.000000  0.000000  0.000000  0.000000  1.000000  1.000000  0.000000  0.000000  0.000000  1.000000  0.000000  0.000000  0.000000  1.000000  0.000000  0.000000  
34.147638 -0.000377  0.087289  -0.012200  0.999255  0.021767  -0.031855  -0.021192  0.999609  0.018267  0.032240  -0.017578  0.999326  0.000165  -0.003329  0.000769  0.000000  0.000000  0.000000  2.000000  1.000000  0.000000  0.000000  0.000000  1.000000  0.000000  0.000000  0.000000  1.000000  0.999996  0.000872  -0.002795  -0.000870  0.999999  0.000876  0.002796  -0.000873  0.999996  1.000000  0.000000  0.000000  0.000000  1.000000  0.000000  0.000000  0.000000  1.000000  1.000000  0.000000  0.000000  0.000000  1.000000  0.000000  0.000000  0.000000  1.000000  0.000000  0.000000  
34.148640 -0.000377  0.087283  -0.012198  0.999242  0.021981  -0.032116  -0.021398  0.999602  0.018400  0.032507  -0.017699  0.999315  0.000056  -0.003630  0.000787  0.000000  0.000000  0.000000  2.000000  1.000000  0.000000  0.000000  0.000000  1.000000  0.000000  0.000000  0.000000  1.000000  0.999996  0.001079  -0.002791  -0.001076  0.999999  0.001004  0.002792  -0.001001  0.999996  1.000000  0.000000  0.000000  0.000000  1.000000  0.000000  0.000000  0.000000  1.000000  1.000000  0.000000  0.000000  0.000000  1.000000  0.000000  0.000000  0.000000  1.000000  0.000000  0.000000  
34.149888 -0.000377  0.087275  -0.012197  0.999234  0.021990  -0.032380  -0.021397  0.999599  0.018527  0.032775  -0.017820  0.999304  -0.000064  -0.003982  0.000760  0.000000  0.000000  0.000000  2.000000  1.000000  0.000000  0.000000  0.000000  1.000000  0.000000  0.000000  0.000000  1.000000  0.999995  0.001084  -0.003059  -0.001080  0.999999  0.001125  0.003060  -0.001122  0.999995  1.000000  0.000000  0.000000  0.000000  1.000000  0.000000  0.000000  0.000000  1.000000  1.000000  0.000000  0.000000  0.000000  1.000000  0.000000  0.000000  0.000000  1.000000  0.000000  0.000000  
34.150897 -0.000377  0.087269  -0.012195  0.999225  0.021999  -0.032645  -0.021397  0.999597  0.018654  0.033042  -0.017941  0.999293  -0.000159  -0.004282  0.000791  0.000000  0.000000  0.000000  2.000000  1.000000  0.000000  0.000000  0.000000  1.000000  0.000000  0.000000  0.000000  1.000000  0.999995  0.001084  -0.003058  -0.001081  0.999999  0.001126  0.003060  -0.001122  0.999995  1.000000  0.000000  0.000000  0.000000  1.000000  0.000000  0.000000  0.000000  1.000000  1.000000  0.000000  0.000000  0.000000  1.000000  0.000000  0.000000  0.000000  1.000000  0.000000  0.000000  
34.152142 -0.000376  0.087261  -0.012195  0.999220  0.022005  -0.032776  -0.021397  0.999595  0.018778  0.033176  -0.018062  0.999286  -0.000161  -0.004621  0.000802  0.000000  0.000000  0.000000  2.000000  1.000000  0.000000  0.000000  0.000000  1.000000  0.000000  0.000000  0.000000  1.000000  0.999994  0.001087  -0.003192  -0.001083  0.999999  0.001247  0.003193  -0.001244  0.999994  1.000000  0.000000  0.000000  0.000000  1.000000  0.000000  0.000000  0.000000  1.000000  1.000000  0.000000  0.000000  0.000000  1.000000  0.000000  0.000000  0.000000  1.000000  0.000000  0.000000  
34.153392 -0.000375  0.087254  -0.012194  0.999212  0.022010  -0.033043  -0.021397  0.999595  0.018784  0.033443  -0.018062  0.999277  -0.000108  -0.004922  0.000845  0.000000  0.000000  0.000000  2.000000  1.000000  0.000000  0.000000  0.000000  1.000000  0.000000  0.000000  0.000000  1.000000  0.999994  0.001089  -0.003326  -0.001085  0.999999  0.001126  0.003327  -0.001123  0.999994  1.000000  0.000000  0.000000  0.000000  1.000000  0.000000  0.000000  0.000000  1.000000  1.000000  0.000000  0.000000  0.000000  1.000000  0.000000  0.000000  0.000000  1.000000  0.000000  0.000000  
34.154397 -0.000374  0.087248  -0.012193  0.999207  0.022016  -0.033174  -0.021397  0.999592  0.018908  0.033577  -0.018183  0.999271  -0.000090  -0.005245  0.000825  0.000000  0.000000  0.000000  2.000000  1.000000  0.000000  0.000000  0.000000  1.000000  0.000000  0.000000  0.000000  1.000000  0.999994  0.000884  -0.003329  -0.000880  0.999999  0.001119  0.003330  -0.001116  0.999994  1.000000  0.000000  0.000000  0.000000  1.000000  0.000000  0.000000  0.000000  1.000000  1.000000  0.000000  0.000000  0.000000  1.000000  0.000000  0.000000  0.000000  1.000000  0.000000  0.000000  
34.155645 -0.000372  0.087240  -0.012192  0.999198  0.022224  -0.033304  -0.021602  0.999588  0.018918  0.033711  -0.018183  0.999266  -0.000018  -0.005594  0.000936  0.000000  0.000000  0.000000  2.000000  1.000000  0.000000  0.000000  0.000000  1.000000  0.000000  0.000000  0.000000  1.000000  0.999994  0.001090  -0.003326  -0.001086  0.999999  0.001126  0.003327  -0.001123  0.999994  1.000000  0.000000  0.000000  0.000000  1.000000  0.000000  0.000000  0.000000  1.000000  1.000000  0.000000  0.000000  0.000000  1.000000  0.000000  0.000000  0.000000  1.000000  0.000000  0.000000  
34.156893 -0.000371  0.087233  -0.012190  0.999194  0.022231  -0.033435  -0.021602  0.999585  0.019042  0.033845  -0.018304  0.999259  0.000106  -0.005733  0.001003  0.000000  0.000000  0.000000  2.000000  1.000000  0.000000  0.000000  0.000000  1.000000  0.000000  0.000000  0.000000  1.000000  0.999994  0.000884  -0.003329  -0.000881  0.999999  0.001120  0.003330  -0.001117  0.999994  1.000000  0.000000  0.000000  0.000000  1.000000  0.000000  0.000000  0.000000  1.000000  1.000000  0.000000  0.000000  0.000000  1.000000  0.000000  0.000000  0.000000  1.000000  0.000000  0.000000  
34.158144 -0.000370  0.087226  -0.012188  0.999189  0.022233  -0.033569  -0.021602  0.999585  0.019045  0.033978  -0.018304  0.999255  0.000265  -0.005865  0.001140  0.000000  0.000000  0.000000  2.000000  1.000000  0.000000  0.000000  0.000000  1.000000  0.000000  0.000000  0.000000  1.000000  0.999994  0.000884  -0.003329  -0.000880  0.999999  0.001120  0.003330  -0.001117  0.999994  1.000000  0.000000  0.000000  0.000000  1.000000  0.000000  0.000000  0.000000  1.000000  1.000000  0.000000  0.000000  0.000000  1.000000  0.000000  0.000000  0.000000  1.000000  0.000000  0.000000  
34.159387 -0.000368  0.087219  -0.012185  0.999185  0.022236  -0.033702  -0.021602  0.999585  0.019048  0.034112  -0.018304  0.999250  0.000417  -0.005908  0.001257  0.000000  0.000000  0.000000  2.000000  1.000000  0.000000  0.000000  0.000000  1.000000  0.000000  0.000000  0.000000  1.000000  0.999994  0.000884  -0.003329  -0.000880  0.999999  0.001120  0.003330  -0.001117  0.999994  1.000000  0.000000  0.000000  0.000000  1.000000  0.000000  0.000000  0.000000  1.000000  1.000000  0.000000  0.000000  0.000000  1.000000  0.000000  0.000000  0.000000  1.000000  0.000000  0.000000  
34.160391 -0.000367  0.087214  -0.012183  0.999180  0.022242  -0.033833  -0.021602  0.999583  0.019172  0.034246  -0.018425  0.999244  0.000600  -0.005913  0.001343  0.000000  0.000000  0.000000  2.000000  1.000000  0.000000  0.000000  0.000000  1.000000  0.000000  0.000000  0.000000  1.000000  0.999994  0.000885  -0.003329  -0.000881  0.999999  0.001120  0.003330  -0.001117  0.999994  1.000000  0.000000  0.000000  0.000000  1.000000  0.000000  0.000000  0.000000  1.000000  1.000000  0.000000  0.000000  0.000000  1.000000  0.000000  0.000000  0.000000  1.000000  0.000000  0.000000  
34.161640 -0.000365  0.087207  -0.012179  0.999171  0.022451  -0.033963  -0.021808  0.999578  0.019182  0.034379  -0.018425  0.999239  0.000789  -0.005915  0.001479  0.000000  0.000000  0.000000  2.000000  1.000000  0.000000  0.000000  0.000000  1.000000  0.000000  0.000000  0.000000  1.000000  0.999995  0.000880  -0.003062  -0.000876  0.999999  0.001120  0.003063  -0.001117  0.999995  1.000000  0.000000  0.000000  0.000000  1.000000  0.000000  0.000000  0.000000  1.000000  1.000000  0.000000  0.000000  0.000000  1.000000  0.000000  0.000000  0.000000  1.000000  0.000000  0.000000  
34.162886 -0.000363  0.087200  -0.012176  0.999166  0.022457  -0.034094  -0.021808  0.999576  0.019306  0.034513  -0.018546  0.999232  0.000921  -0.005873  0.001524  0.000000  0.000000  0.000000  2.000000  1.000000  0.000000  0.000000  0.000000  1.000000  0.000000  0.000000  0.000000  1.000000  0.999995  0.000877  -0.002928  -0.000874  0.999999  0.001120  0.002929  -0.001117  0.999995  1.000000  0.000000  0.000000  0.000000  1.000000  0.000000  0.000000  0.000000  1.000000  1.000000  0.000000  0.000000  0.000000  1.000000  0.000000  0.000000  0.000000  1.000000  0.000000  0.000000  
34.163955 -0.000362  0.087194  -0.012173  0.999166  0.022457  -0.034094  -0.021808  0.999576  0.019306  0.034513  -0.018546  0.999232  0.001029  -0.005791  0.001630  0.000000  0.000000  0.000000  2.000000  1.000000  0.000000  0.000000  0.000000  1.000000  0.000000  0.000000  0.000000  1.000000  0.999995  0.000672  -0.002932  -0.000668  0.999999  0.001234  0.002932  -0.001232  0.999995  1.000000  0.000000  0.000000  0.000000  1.000000  0.000000  0.000000  0.000000  1.000000  1.000000  0.000000  0.000000  0.000000  1.000000  0.000000  0.000000  0.000000  1.000000  0.000000  0.000000  
34.165139 -0.000360  0.087187  -0.012170  0.999157  0.022670  -0.034221  -0.022013  0.999569  0.019437  0.034647  -0.018667  0.999225  0.001162  -0.005767  0.001766  0.000000  0.000000  0.000000  2.000000  1.000000  0.000000  0.000000  0.000000  1.000000  0.000000  0.000000  0.000000  1.000000  0.999995  0.000672  -0.002932  -0.000669  0.999999  0.001234  0.002932  -0.001232  0.999995  1.000000  0.000000  0.000000  0.000000  1.000000  0.000000  0.000000  0.000000  1.000000  1.000000  0.000000  0.000000  0.000000  1.000000  0.000000  0.000000  0.000000  1.000000  0.000000  0.000000  
34.166388 -0.000358  0.087180  -0.012166  0.999153  0.022672  -0.034355  -0.022013  0.999569  0.019440  0.034781  -0.018667  0.999221  0.001273  -0.005707  0.001968  0.000000  0.000000  0.000000  2.000000  1.000000  0.000000  0.000000  0.000000  1.000000  0.000000  0.000000  0.000000  1.000000  0.999996  0.000875  -0.002794  -0.000872  0.999999  0.001242  0.002795  -0.001239  0.999995  1.000000  0.000000  0.000000  0.000000  1.000000  0.000000  0.000000  0.000000  1.000000  1.000000  0.000000  0.000000  0.000000  1.000000  0.000000  0.000000  0.000000  1.000000  0.000000  0.000000  
34.167393 -0.000356  0.087174  -0.012162  0.999148  0.022679  -0.034486  -0.022013  0.999566  0.019564  0.034914  -0.018788  0.999214  0.001313  -0.005696  0.002126  0.000000  0.000000  0.000000  2.000000  1.000000  0.000000  0.000000  0.000000  1.000000  0.000000  0.000000  0.000000  1.000000  0.999996  0.000873  -0.002660  -0.000870  0.999999  0.001242  0.002661  -0.001239  0.999996  1.000000  0.000000  0.000000  0.000000  1.000000  0.000000  0.000000  0.000000  1.000000  1.000000  0.000000  0.000000  0.000000  1.000000  0.000000  0.000000  0.000000  1.000000  0.000000  0.000000  
34.168639 -0.000354  0.087167  -0.012158  0.999143  0.022885  -0.034482  -0.022219  0.999562  0.019571  0.034914  -0.018788  0.999214  0.001360  -0.005657  0.002374  0.000000  0.000000  0.000000  2.000000  1.000000  0.000000  0.000000  0.000000  1.000000  0.000000  0.000000  0.000000  1.000000  0.999996  0.001076  -0.002522  -0.001074  0.999999  0.001128  0.002524  -0.001125  0.999996  1.000000  0.000000  0.000000  0.000000  1.000000  0.000000  0.000000  0.000000  1.000000  1.000000  0.000000  0.000000  0.000000  1.000000  0.000000  0.000000  0.000000  1.000000  0.000000  0.000000  
34.169643 -0.000353  0.087161  -0.012156  0.999143  0.022889  -0.034479  -0.022219  0.999559  0.019693  0.034914  -0.018910  0.999211  0.001374  -0.005650  0.002471  0.000000  0.000000  0.000000  2.000000  1.000000  0.000000  0.000000  0.000000  1.000000  0.000000  0.000000  0.000000  1.000000  0.999997  0.000866  -0.002259  -0.000863  0.999999  0.001242  0.002260  -0.001240  0.999997  1.000000  0.000000  0.000000  0.000000  1.000000  0.000000  0.000000  0.000000  1.000000  1.000000  0.000000  0.000000  0.000000  1.000000  0.000000  0.000000  0.000000  1.000000  0.000000  0.000000  
34.170892 -0.000351  0.087154  -0.012153  0.999134  0.023097  -0.034608  -0.022424  0.999554  0.019703  0.035048  -0.018910  0.999207  0.001389  -0.005667  0.002583  0.000000  0.000000  0.000000  2.000000  1.000000  0.000000  0.000000  0.000000  1.000000  0.000000  0.000000  0.000000  1.000000  0.999997  0.001069  -0.002121  -0.001067  0.999999  0.001128  0.002122  -0.001126  0.999997  1.000000  0.000000  0.000000  0.000000  1.000000  0.000000  0.000000  0.000000  1.000000  1.000000  0.000000  0.000000  0.000000  1.000000  0.000000  0.000000  0.000000  1.000000  0.000000  0.000000  
34.172139 -0.000350  0.087146  -0.012151  0.999134  0.023097  -0.034608  -0.022424  0.999554  0.019703  0.035048  -0.018910  0.999207  0.001394  -0.005686  0.002592  0.000000  0.000000  0.000000  2.000000  1.000000  0.000000  0.000000  0.000000  1.000000  0.000000  0.000000  0.000000  1.000000  0.999998  0.001064  -0.001853  -0.001062  0.999999  0.001006  0.001854  -0.001005  0.999998  1.000000  0.000000  0.000000  0.000000  1.000000  0.000000  0.000000  0.000000  1.000000  1.000000  0.000000  0.000000  0.000000  1.000000  0.000000  0.000000  0.000000  1.000000  0.000000  0.000000  
34.173142 -0.000349  0.087140  -0.012150  0.999129  0.023303  -0.034604  -0.022630  0.999550  0.019710  0.035048  -0.018910  0.999207  0.001353  -0.005743  0.002516  0.000000  0.000000  0.000000  2.000000  1.000000  0.000000  0.000000  0.000000  1.000000  0.000000  0.000000  0.000000  1.000000  0.999998  0.001267  -0.001716  -0.001266  0.999999  0.000892  0.001717  -0.000890  0.999998  1.000000  0.000000  0.000000  0.000000  1.000000  0.000000  0.000000  0.000000  1.000000  1.000000  0.000000  0.000000  0.000000  1.000000  0.000000  0.000000  0.000000  1.000000  0.000000  0.000000  
34.174391 -0.000348  0.087132  -0.012149  0.999125  0.023509  -0.034600  -0.022836  0.999545  0.019717  0.035048  -0.018910  0.999207  0.001358  -0.005802  0.002406  0.000000  0.000000  0.000000  2.000000  1.000000  0.000000  0.000000  0.000000  1.000000  0.000000  0.000000  0.000000  1.000000  0.999998  0.001470  -0.001578  -0.001469  0.999999  0.000778  0.001579  -0.000776  0.999998  1.000000  0.000000  0.000000  0.000000  1.000000  0.000000  0.000000  0.000000  1.000000  1.000000  0.000000  0.000000  0.000000  1.000000  0.000000  0.000000  0.000000  1.000000  0.000000  0.000000  
34.175392 -0.000347  0.087126  -0.012149  0.999125  0.023509  -0.034600  -0.022836  0.999545  0.019717  0.035048  -0.018910  0.999207  0.001293  -0.005862  0.002236  0.000000  0.000000  0.000000  2.000000  1.000000  0.000000  0.000000  0.000000  1.000000  0.000000  0.000000  0.000000  1.000000  0.999998  0.001468  -0.001444  -0.001467  0.999999  0.000778  0.001445  -0.000776  0.999999  1.000000  0.000000  0.000000  0.000000  1.000000  0.000000  0.000000  0.000000  1.000000  1.000000  0.000000  0.000000  0.000000  1.000000  0.000000  0.000000  0.000000  1.000000  0.000000  0.000000  
34.176638 -0.000347  0.087119  -0.012148  0.999125  0.023712  -0.034463  -0.023041  0.999540  0.019721  0.034914  -0.018910  0.999211  0.001222  -0.005871  0.002050  0.000000  0.000000  0.000000  2.000000  1.000000  0.000000  0.000000  0.000000  1.000000  0.000000  0.000000  0.000000  1.000000  0.999998  0.001463  -0.001177  -0.001462  0.999999  0.000778  0.001178  -0.000776  0.999999  1.000000  0.000000  0.000000  0.000000  1.000000  0.000000  0.000000  0.000000  1.000000  1.000000  0.000000  0.000000  0.000000  1.000000  0.000000  0.000000  0.000000  1.000000  0.000000  0.000000  
34.177640 -0.000346  0.087113  -0.012147  0.999125  0.023712  -0.034463  -0.023041  0.999540  0.019721  0.034914  -0.018910  0.999211  0.001192  -0.005858  0.001940  0.000000  0.000000  0.000000  2.000000  1.000000  0.000000  0.000000  0.000000  1.000000  0.000000  0.000000  0.000000  1.000000  0.999998  0.001460  -0.001043  -0.001460  0.999999  0.000657  0.001044  -0.000655  0.999999  1.000000  0.000000  0.000000  0.000000  1.000000  0.000000  0.000000  0.000000  1.000000  1.000000  0.000000  0.000000  0.000000  1.000000  0.000000  0.000000  0.000000  1.000000  0.000000  0.000000  
34.178886 -0.000345  0.087106  -0.012146  0.999120  0.023918  -0.034459  -0.023247  0.999535  0.019728  0.034914  -0.018910  0.999211  0.001111  -0.005911  0.001846  0.000000  0.000000  0.000000  2.000000  1.000000  0.000000  0.000000  0.000000  1.000000  0.000000  0.000000  0.000000  1.000000  0.999998  0.001663  -0.000905  -0.001663  0.999998  0.000664  0.000906  -0.000662  0.999999  1.000000  0.000000  0.000000  0.000000  1.000000  0.000000  0.000000  0.000000  1.000000  1.000000  0.000000  0.000000  0.000000  1.000000  0.000000  0.000000  0.000000  1.000000  0.000000  0.000000  
34.179925 -0.000345  0.087100  -0.012145  0.999115  0.023924  -0.034589  -0.023247  0.999533  0.019852  0.035048  -0.019031  0.999204  0.000989  -0.005879  0.001710  0.000000  0.000000  0.000000  2.000000  1.000000  0.000000  0.000000  0.000000  1.000000  0.000000  0.000000  0.000000  1.000000  0.999998  0.001663  -0.000905  -0.001663  0.999998  0.000664  0.000906  -0.000663  0.999999  1.000000  0.000000  0.000000  0.000000  1.000000  0.000000  0.000000  0.000000  1.000000  1.000000  0.000000  0.000000  0.000000  1.000000  0.000000  0.000000  0.000000  1.000000  0.000000  0.000000  
34.181139 -0.000345  0.087093  -0.012143  0.999110  0.024130  -0.034585  -0.023453  0.999528  0.019860  0.035048  -0.019031  0.999204  0.000849  -0.005898  0.001569  0.000000  0.000000  0.000000  2.000000  1.000000  0.000000  0.000000  0.000000  1.000000  0.000000  0.000000  0.000000  1.000000  0.999998  0.001867  -0.000767  -0.001866  0.999998  0.000671  0.000769  -0.000670  0.999999  1.000000  0.000000  0.000000  0.000000  1.000000  0.000000  0.000000  0.000000  1.000000  1.000000  0.000000  0.000000  0.000000  1.000000  0.000000  0.000000  0.000000  1.000000  0.000000  0.000000  
34.182389 -0.000346  0.087086  -0.012141  0.999110  0.024130  -0.034585  -0.023453  0.999528  0.019860  0.035048  -0.019031  0.999204  0.000693  -0.005924  0.001418  0.000000  0.000000  0.000000  2.000000  1.000000  0.000000  0.000000  0.000000  1.000000  0.000000  0.000000  0.000000  1.000000  0.999998  0.001658  -0.000637  -0.001658  0.999998  0.000664  0.000639  -0.000663  1.000000  1.000000  0.000000  0.000000  0.000000  1.000000  0.000000  0.000000  0.000000  1.000000  1.000000  0.000000  0.000000  0.000000  1.000000  0.000000  0.000000  0.000000  1.000000  0.000000  0.000000  
34.183665 -0.000346  0.087078  -0.012140  0.999106  0.024336  -0.034581  -0.023658  0.999523  0.019867  0.035048  -0.019031  0.999204  0.000500  -0.005947  0.001239  0.000000  0.000000  0.000000  2.000000  1.000000  0.000000  0.000000  0.000000  1.000000  0.000000  0.000000  0.000000  1.000000  0.999998  0.001862  -0.000500  -0.001861  0.999998  0.000550  0.000501  -0.000549  1.000000  1.000000  0.000000  0.000000  0.000000  1.000000  0.000000  0.000000  0.000000  1.000000  1.000000  0.000000  0.000000  0.000000  1.000000  0.000000  0.000000  0.000000  1.000000  0.000000  0.000000  
34.184893 -0.000348  0.087070  -0.012138  0.999106  0.024332  -0.034584  -0.023658  0.999525  0.019745  0.035048  -0.018910  0.999207  0.000322  -0.006005  0.001122  0.000000  0.000000  0.000000  2.000000  1.000000  0.000000  0.000000  0.000000  1.000000  0.000000  0.000000  0.000000  1.000000  0.999998  0.001859  -0.000366  -0.001859  0.999998  0.000308  0.000367  -0.000307  1.000000  1.000000  0.000000  0.000000  0.000000  1.000000  0.000000  0.000000  0.000000  1.000000  1.000000  0.000000  0.000000  0.000000  1.000000  0.000000  0.000000  0.000000  1.000000  0.000000  0.000000  
34.186142 -0.000349  0.087062  -0.012139  0.999101  0.024537  -0.034580  -0.023864  0.999520  0.019753  0.035048  -0.018910  0.999207  0.000141  -0.006012  0.000950  0.000000  0.000000  0.000000  2.000000  1.000000  0.000000  0.000000  0.000000  1.000000  0.000000  0.000000  0.000000  1.000000  0.999998  0.001856  -0.000232  -0.001856  0.999998  0.000308  0.000233  -0.000307  1.000000  1.000000  0.000000  0.000000  0.000000  1.000000  0.000000  0.000000  0.000000  1.000000  1.000000  0.000000  0.000000  0.000000  1.000000  0.000000  0.000000  0.000000  1.000000  0.000000  0.000000  
34.187142 -0.000350  0.087055  -0.012139  0.999101  0.024537  -0.034580  -0.023864  0.999520  0.019753  0.035048  -0.018910  0.999207  0.000001  -0.006061  0.000858  0.000000  0.000000  0.000000  2.000000  1.000000  0.000000  0.000000  0.000000  1.000000  0.000000  0.000000  0.000000  1.000000  0.999998  0.001856  -0.000232  -0.001856  0.999998  0.000186  0.000233  -0.000186  1.000000  1.000000  0.000000  0.000000  0.000000  1.000000  0.000000  0.000000  0.000000  1.000000  1.000000  0.000000  0.000000  0.000000  1.000000  0.000000  0.000000  0.000000  1.000000  0.000000  0.000000  
34.188392 -0.000351  0.087047  -0.012139  0.999101  0.024533  -0.034583  -0.023864  0.999522  0.019631  0.035048  -0.018788  0.999209  -0.000185  -0.006086  0.000730  0.000000  0.000000  0.000000  2.000000  1.000000  0.000000  0.000000  0.000000  1.000000  0.000000  0.000000  0.000000  1.000000  0.999999  0.001648  -0.000103  -0.001648  0.999999  0.000058  0.000103  -0.000058  1.000000  1.000000  0.000000  0.000000  0.000000  1.000000  0.000000  0.000000  0.000000  1.000000  1.000000  0.000000  0.000000  0.000000  1.000000  0.000000  0.000000  0.000000  1.000000  0.000000  0.000000  
34.189642 -0.000352  0.087039  -0.012139  0.999096  0.024739  -0.034579  -0.024070  0.999517  0.019638  0.035048  -0.018788  0.999209  -0.000326  -0.006137  0.000638  0.000000  0.000000  0.000000  2.000000  1.000000  0.000000  0.000000  0.000000  1.000000  0.000000  0.000000  0.000000  1.000000  0.999998  0.001854  -0.000099  -0.001854  0.999998  -0.000056  0.000099  0.000057  1.000000  1.000000  0.000000  0.000000  0.000000  1.000000  0.000000  0.000000  0.000000  1.000000  1.000000  0.000000  0.000000  0.000000  1.000000  0.000000  0.000000  0.000000  1.000000  0.000000  0.000000  
34.190892 -0.000353  0.087031  -0.012140  0.999096  0.024739  -0.034579  -0.024070  0.999517  0.019638  0.035048  -0.018788  0.999209  -0.000437  -0.006162  0.000566  0.000000  0.000000  0.000000  2.000000  1.000000  0.000000  0.000000  0.000000  1.000000  0.000000  0.000000  0.000000  1.000000  0.999999  0.001646  0.000031  -0.001646  0.999999  -0.000064  -0.000031  0.000064  1.000000  1.000000  0.000000  0.000000  0.000000  1.000000  0.000000  0.000000  0.000000  1.000000  1.000000  0.000000  0.000000  0.000000  1.000000  0.000000  0.000000  0.000000  1.000000  0.000000  0.000000  
34.192142 -0.000355  0.087023  -0.012141  0.999096  0.024739  -0.034579  -0.024070  0.999517  0.019638  0.035048  -0.018788  0.999209  -0.000601  -0.006214  0.000411  0.000000  0.000000  0.000000  2.000000  1.000000  0.000000  0.000000  0.000000  1.000000  0.000000  0.000000  0.000000  1.000000  0.999999  0.001646  0.000031  -0.001646  0.999999  -0.000064  -0.000031  0.000064  1.000000  1.000000  0.000000  0.000000  0.000000  1.000000  0.000000  0.000000  0.000000  1.000000  1.000000  0.000000  0.000000  0.000000  1.000000  0.000000  0.000000  0.000000  1.000000  0.000000  0.000000  
34.193388 -0.000356  0.087016  -0.012141  0.999095  0.024942  -0.034441  -0.024276  0.999512  0.019642  0.034914  -0.018788  0.999214  -0.000665  -0.006212  0.000324  0.000000  0.000000  0.000000  2.000000  1.000000  0.000000  0.000000  0.000000  1.000000  0.000000  0.000000  0.000000  1.000000  0.999999  0.001646  0.000031  -0.001646  0.999999  -0.000064  -0.000031  0.000064  1.000000  1.000000  0.000000  0.000000  0.000000  1.000000  0.000000  0.000000  0.000000  1.000000  1.000000  0.000000  0.000000  0.000000  1.000000  0.000000  0.000000  0.000000  1.000000  0.000000  0.000000  
34.194395 -0.000357  0.087008  -0.012142  0.999095  0.024938  -0.034444  -0.024276  0.999515  0.019521  0.034914  -0.018667  0.999216  -0.000819  -0.006318  0.000184  0.000000  0.000000  0.000000  2.000000  1.000000  0.000000  0.000000  0.000000  1.000000  0.000000  0.000000  0.000000  1.000000  0.999999  0.001437  0.000161  -0.001437  0.999999  -0.000192  -0.000161  0.000192  1.000000  1.000000  0.000000  0.000000  0.000000  1.000000  0.000000  0.000000  0.000000  1.000000  1.000000  0.000000  0.000000  0.000000  1.000000  0.000000  0.000000  0.000000  1.000000  0.000000  0.000000  
34.195638 -0.000359  0.087000  -0.012143  0.999095  0.024938  -0.034444  -0.024276  0.999515  0.019521  0.034914  -0.018667  0.999216  -0.000933  -0.006383  0.000075  0.000000  0.000000  0.000000  2.000000  1.000000  0.000000  0.000000  0.000000  1.000000  0.000000  0.000000  0.000000  1.000000  0.999999  0.001437  0.000161  -0.001437  0.999999  -0.000192  -0.000161  0.000192  1.000000  1.000000  0.000000  0.000000  0.000000  1.000000  0.000000  0.000000  0.000000  1.000000  1.000000  0.000000  0.000000  0.000000  1.000000  0.000000  0.000000  0.000000  1.000000  0.000000  0.000000  
34.196641 -0.000360  0.086994  -0.012143  0.999095  0.024938  -0.034444  -0.024276  0.999515  0.019521  0.034914  -0.018667  0.999216  -0.001012  -0.006430  -0.000113  0.000000  0.000000  0.000000  2.000000  1.000000  0.000000  0.000000  0.000000  1.000000  0.000000  0.000000  0.000000  1.000000  0.999999  0.001234  0.000023  -0.001234  0.999999  -0.000199  -0.000023  0.000199  1.000000  1.000000  0.000000  0.000000  0.000000  1.000000  0.000000  0.000000  0.000000  1.000000  1.000000  0.000000  0.000000  0.000000  1.000000  0.000000  0.000000  0.000000  1.000000  0.000000  0.000000  
34.197888 -0.000363  0.086985  -0.012144  0.999091  0.024941  -0.034578  -0.024275  0.999515  0.019524  0.035048  -0.018667  0.999211  -0.001121  -0.006511  -0.000267  0.000000  0.000000  0.000000  2.000000  1.000000  0.000000  0.000000  0.000000  1.000000  0.000000  0.000000  0.000000  1.000000  0.999999  0.001237  -0.000111  -0.001237  0.999999  -0.000199  0.000110  0.000199  1.000000  1.000000  0.000000  0.000000  0.000000  1.000000  0.000000  0.000000  0.000000  1.000000  1.000000  0.000000  0.000000  0.000000  1.000000  0.000000  0.000000  0.000000  1.000000  0.000000  0.000000  
34.198890 -0.000365  0.086978  -0.012144  0.999091  0.024941  -0.034578  -0.024275  0.999515  0.019524  0.035048  -0.018667  0.999211  -0.001207  -0.006526  -0.000360  0.000000  0.000000  0.000000  2.000000  1.000000  0.000000  0.000000  0.000000  1.000000  0.000000  0.000000  0.000000  1.000000  0.999999  0.001031  -0.000115  -0.001031  0.999999  -0.000207  0.000114  0.000207  1.000000  1.000000  0.000000  0.000000  0.000000  1.000000  0.000000  0.000000  0.000000  1.000000  1.000000  0.000000  0.000000  0.000000  1.000000  0.000000  0.000000  0.000000  1.000000  0.000000  0.000000  
34.200139 -0.000367  0.086970  -0.012144  0.999091  0.024941  -0.034578  -0.024275  0.999515  0.019524  0.035048  -0.018667  0.999211  -0.001319  -0.006569  -0.000388  0.000000  0.000000  0.000000  2.000000  1.000000  0.000000  0.000000  0.000000  1.000000  0.000000  0.000000  0.000000  1.000000  0.999999  0.001029  0.000019  -0.001029  0.999999  -0.000328  -0.000020  0.000328  1.000000  1.000000  0.000000  0.000000  0.000000  1.000000  0.000000  0.000000  0.000000  1.000000  1.000000  0.000000  0.000000  0.000000  1.000000  0.000000  0.000000  0.000000  1.000000  0.000000  0.000000  
34.201144 -0.000369  0.086964  -0.012143  0.999091  0.024936  -0.034581  -0.024275  0.999517  0.019403  0.035048  -0.018546  0.999214  -0.001382  -0.006525  -0.000316  0.000000  0.000000  0.000000  2.000000  1.000000  0.000000  0.000000  0.000000  1.000000  0.000000  0.000000  0.000000  1.000000  1.000000  0.000823  0.000015  -0.000823  1.000000  -0.000335  -0.000016  0.000335  1.000000  1.000000  0.000000  0.000000  0.000000  1.000000  0.000000  0.000000  0.000000  1.000000  1.000000  0.000000  0.000000  0.000000  1.000000  0.000000  0.000000  0.000000  1.000000  0.000000  0.000000  
34.202400 -0.000372  0.086956  -0.012142  0.999091  0.024936  -0.034581  -0.024275  0.999517  0.019403  0.035048  -0.018546  0.999214  -0.001464  -0.006488  -0.000246  0.000000  0.000000  0.000000  2.000000  1.000000  0.000000  0.000000  0.000000  1.000000  0.000000  0.000000  0.000000  1.000000  1.000000  0.000823  0.000015  -0.000823  1.000000  -0.000456  -0.000016  0.000456  1.000000  1.000000  0.000000  0.000000  0.000000  1.000000  0.000000  0.000000  0.000000  1.000000  1.000000  0.000000  0.000000  0.000000  1.000000  0.000000  0.000000  0.000000  1.000000  0.000000  0.000000  
