1-Time 2-Px 3-Py 4-Pz 5-R11 6-R21 7-R31 8-R12 9-R22 10-R32 11-R13 12-R23 13-R33 14-Vx 15-Vy 16-Vz 17-Wx 18-Wy 19-Wz 20-state 21-PR11 22-PR21 23-PR31 24-PR12 25-PR22 26-PR32 27-PR13 28-PR23 29-PR33 
149.602774 0.002427  0.091879  -0.015402  0.998643  0.049229  0.016973  -0.049176  0.998784  -0.003508  -0.017125  0.002668  0.999850  -0.000053  -0.000021  0.000055  0.000000  0.000000  0.000000  2.000000  1.000000  0.000000  0.000000  0.000000  1.000000  0.000000  0.000000  0.000000  1.000000  1.000000  -0.000823  0.000002  0.000823  1.000000  0.000014  -0.000002  -0.000014  1.000000  1.000000  0.000000  0.000000  0.000000  1.000000  0.000000  0.000000  0.000000  1.000000  0.775720  0.178301  -0.605366  -0.340795  0.925715  -0.164042  0.531148  0.333556  0.778860  0.000000  0.000000  
149.603775 0.002427  0.091878  -0.015402  0.998646  0.049228  0.016840  -0.049176  0.998784  -0.003501  -0.016992  0.002668  0.999852  -0.000045  -0.000044  0.000063  0.000000  0.000000  0.000000  2.000000  1.000000  0.000000  0.000000  0.000000  1.000000  0.000000  0.000000  0.000000  1.000000  1.000000  -0.000824  -0.000132  0.000824  1.000000  0.000014  0.000132  -0.000014  1.000000  1.000000  0.000000  0.000000  0.000000  1.000000  0.000000  0.000000  0.000000  1.000000  1.000000  0.000000  0.000000  0.000000  1.000000  0.000000  0.000000  0.000000  1.000000  0.000000  0.000000  
149.604779 0.002427  0.091877  -0.015402  0.998633  0.049434  0.016973  -0.049382  0.998774  -0.003511  -0.017125  0.002668  0.999850  -0.000028  -0.000090  0.000080  0.000000  0.000000  0.000000  2.000000  1.000000  0.000000  0.000000  0.000000  1.000000  0.000000  0.000000  0.000000  1.000000  1.000000  -0.000823  0.000002  0.000823  1.000000  0.000014  -0.000002  -0.000014  1.000000  1.000000  0.000000  0.000000  0.000000  1.000000  0.000000  0.000000  0.000000  1.000000  1.000000  0.000000  0.000000  0.000000  1.000000  0.000000  0.000000  0.000000  1.000000  0.000000  0.000000  
149.606026 0.002427  0.091875  -0.015402  0.998623  0.049640  0.016972  -0.049587  0.998764  -0.003515  -0.017125  0.002668  0.999850  -0.000036  -0.000259  0.000048  0.000000  0.000000  0.000000  2.000000  1.000000  0.000000  0.000000  0.000000  1.000000  0.000000  0.000000  0.000000  1.000000  1.000000  -0.000412  0.000001  0.000412  1.000000  0.000007  -0.000001  -0.000007  1.000000  1.000000  0.000000  0.000000  0.000000  1.000000  0.000000  0.000000  0.000000  1.000000  1.000000  0.000000  0.000000  0.000000  1.000000  0.000000  0.000000  0.000000  1.000000  0.000000  0.000000  
149.607273 0.002427  0.091872  -0.015402  0.998610  0.049846  0.017105  -0.049793  0.998753  -0.003525  -0.017259  0.002668  0.999847  -0.000056  -0.000426  0.000052  0.000000  0.000000  0.000000  2.000000  1.000000  0.000000  0.000000  0.000000  1.000000  0.000000  0.000000  0.000000  1.000000  1.000000  0.000000  0.000134  -0.000000  1.000000  -0.000000  -0.000134  -0.000000  1.000000  1.000000  0.000000  0.000000  0.000000  1.000000  0.000000  0.000000  0.000000  1.000000  1.000000  0.000000  0.000000  0.000000  1.000000  0.000000  0.000000  0.000000  1.000000  0.000000  0.000000  
149.608527 0.002427  0.091870  -0.015403  0.998610  0.049846  0.017105  -0.049793  0.998753  -0.003525  -0.017259  0.002668  0.999847  -0.000064  -0.000594  0.000020  0.000000  0.000000  0.000000  2.000000  1.000000  0.000000  0.000000  0.000000  1.000000  0.000000  0.000000  0.000000  1.000000  1.000000  0.000000  0.000134  -0.000000  1.000000  -0.000000  -0.000134  -0.000000  1.000000  1.000000  0.000000  0.000000  0.000000  1.000000  0.000000  0.000000  0.000000  1.000000  1.000000  0.000000  0.000000  0.000000  1.000000  0.000000  0.000000  0.000000  1.000000  0.000000  0.000000  
149.609531 0.002427  0.091868  -0.015403  0.998600  0.050052  0.017104  -0.049998  0.998743  -0.003528  -0.017259  0.002668  0.999847  -0.000042  -0.000737  0.000007  0.000000  0.000000  0.000000  2.000000  1.000000  0.000000  0.000000  0.000000  1.000000  0.000000  0.000000  0.000000  1.000000  1.000000  0.000206  0.000133  -0.000206  1.000000  -0.000004  -0.000133  0.000004  1.000000  1.000000  0.000000  0.000000  0.000000  1.000000  0.000000  0.000000  0.000000  1.000000  1.000000  0.000000  0.000000  0.000000  1.000000  0.000000  0.000000  0.000000  1.000000  0.000000  0.000000  
149.610774 0.002427  0.091865  -0.015402  0.998592  0.050257  0.016970  -0.050204  0.998733  -0.003525  -0.017125  0.002668  0.999850  -0.000023  -0.000901  0.000039  0.000000  0.000000  0.000000  2.000000  1.000000  0.000000  0.000000  0.000000  1.000000  0.000000  0.000000  0.000000  1.000000  1.000000  0.000412  -0.000001  -0.000412  1.000000  -0.000007  0.000001  0.000007  1.000000  1.000000  0.000000  0.000000  0.000000  1.000000  0.000000  0.000000  0.000000  1.000000  1.000000  0.000000  0.000000  0.000000  1.000000  0.000000  0.000000  0.000000  1.000000  0.000000  0.000000  
149.611774 0.002428  0.091864  -0.015402  0.998582  0.050460  0.016975  -0.050410  0.998723  -0.003407  -0.017125  0.002547  0.999850  0.000030  -0.001018  0.000044  0.000000  0.000000  0.000000  2.000000  1.000000  0.000000  0.000000  0.000000  1.000000  0.000000  0.000000  0.000000  1.000000  1.000000  0.000618  -0.000002  -0.000618  1.000000  -0.000011  0.000002  0.000011  1.000000  1.000000  0.000000  0.000000  0.000000  1.000000  0.000000  0.000000  0.000000  1.000000  1.000000  0.000000  0.000000  0.000000  1.000000  0.000000  0.000000  0.000000  1.000000  0.000000  0.000000  
149.612775 0.002428  0.091862  -0.015402  0.998561  0.050872  0.016974  -0.050821  0.998702  -0.003414  -0.017125  0.002547  0.999850  0.000053  -0.001162  0.000031  0.000000  0.000000  0.000000  2.000000  1.000000  0.000000  0.000000  0.000000  1.000000  0.000000  0.000000  0.000000  1.000000  0.999999  0.001235  -0.000003  -0.001235  0.999999  0.000100  0.000003  -0.000100  1.000000  1.000000  0.000000  0.000000  0.000000  1.000000  0.000000  0.000000  0.000000  1.000000  1.000000  0.000000  0.000000  0.000000  1.000000  0.000000  0.000000  0.000000  1.000000  0.000000  0.000000  
149.614024 0.002429  0.091859  -0.015402  0.998540  0.051283  0.016972  -0.051232  0.998681  -0.003421  -0.017125  0.002547  0.999850  0.000092  -0.001351  0.000034  0.000000  0.000000  0.000000  2.000000  1.000000  0.000000  0.000000  0.000000  1.000000  0.000000  0.000000  0.000000  1.000000  0.999999  0.001441  -0.000004  -0.001441  0.999999  0.000097  0.000004  -0.000097  1.000000  1.000000  0.000000  0.000000  0.000000  1.000000  0.000000  0.000000  0.000000  1.000000  1.000000  0.000000  0.000000  0.000000  1.000000  0.000000  0.000000  0.000000  1.000000  0.000000  0.000000  
149.615273 0.002429  0.091856  -0.015402  0.998516  0.051694  0.017105  -0.051643  0.998660  -0.003435  -0.017259  0.002547  0.999848  0.000131  -0.001540  0.000038  0.000000  0.000000  0.000000  2.000000  1.000000  0.000000  0.000000  0.000000  1.000000  0.000000  0.000000  0.000000  1.000000  0.999998  0.001853  0.000129  -0.001853  0.999998  0.000089  -0.000129  -0.000090  1.000000  1.000000  0.000000  0.000000  0.000000  1.000000  0.000000  0.000000  0.000000  1.000000  1.000000  0.000000  0.000000  0.000000  1.000000  0.000000  0.000000  0.000000  1.000000  0.000000  0.000000  
149.616522 0.002430  0.091854  -0.015401  0.998495  0.052108  0.017097  -0.052054  0.998638  -0.003563  -0.017259  0.002668  0.999847  0.000189  -0.001702  0.000097  0.000000  0.000000  0.000000  2.000000  1.000000  0.000000  0.000000  0.000000  1.000000  0.000000  0.000000  0.000000  1.000000  0.999997  0.002470  0.000127  -0.002470  0.999997  -0.000043  -0.000127  0.000042  1.000000  1.000000  0.000000  0.000000  0.000000  1.000000  0.000000  0.000000  0.000000  1.000000  1.000000  0.000000  0.000000  0.000000  1.000000  0.000000  0.000000  0.000000  1.000000  0.000000  0.000000  
149.617529 0.002431  0.091851  -0.015401  0.998484  0.052313  0.017096  -0.052260  0.998627  -0.003567  -0.017259  0.002668  0.999847  0.000220  -0.001868  0.000092  0.000000  0.000000  0.000000  2.000000  1.000000  0.000000  0.000000  0.000000  1.000000  0.000000  0.000000  0.000000  1.000000  0.999996  0.002882  0.000126  -0.002882  0.999996  -0.000050  -0.000126  0.000049  1.000000  1.000000  0.000000  0.000000  0.000000  1.000000  0.000000  0.000000  0.000000  1.000000  1.000000  0.000000  0.000000  0.000000  1.000000  0.000000  0.000000  0.000000  1.000000  0.000000  0.000000  
149.618771 0.002430  0.091847  -0.015400  0.998463  0.052724  0.017095  -0.052671  0.998606  -0.003574  -0.017259  0.002668  0.999847  0.000181  -0.002093  0.000137  0.000000  0.000000  0.000000  2.000000  1.000000  0.000000  0.000000  0.000000  1.000000  0.000000  0.000000  0.000000  1.000000  0.999995  0.003294  0.000125  -0.003294  0.999995  -0.000057  -0.000125  0.000056  1.000000  1.000000  0.000000  0.000000  0.000000  1.000000  0.000000  0.000000  0.000000  1.000000  1.000000  0.000000  0.000000  0.000000  1.000000  0.000000  0.000000  0.000000  1.000000  0.000000  0.000000  
149.619779 0.002430  0.091843  -0.015400  0.998441  0.053136  0.017093  -0.053082  0.998584  -0.003581  -0.017259  0.002668  0.999847  0.000169  -0.002279  0.000150  0.000000  0.000000  0.000000  2.000000  1.000000  0.000000  0.000000  0.000000  1.000000  0.000000  0.000000  0.000000  1.000000  0.999993  0.003705  0.000124  -0.003705  0.999993  -0.000064  -0.000124  0.000063  1.000000  1.000000  0.000000  0.000000  0.000000  1.000000  0.000000  0.000000  0.000000  1.000000  1.000000  0.000000  0.000000  0.000000  1.000000  0.000000  0.000000  0.000000  1.000000  0.000000  0.000000  
149.621024 0.002429  0.091838  -0.015399  0.998419  0.053547  0.017092  -0.053493  0.998562  -0.003588  -0.017259  0.002668  0.999847  0.000128  -0.002438  0.000227  0.000000  0.000000  0.000000  2.000000  1.000000  0.000000  0.000000  0.000000  1.000000  0.000000  0.000000  0.000000  1.000000  0.999992  0.004117  0.000123  -0.004117  0.999992  -0.000071  -0.000123  0.000071  1.000000  1.000000  0.000000  0.000000  0.000000  1.000000  0.000000  0.000000  0.000000  1.000000  1.000000  0.000000  0.000000  0.000000  1.000000  0.000000  0.000000  0.000000  1.000000  0.000000  0.000000  
149.622027 0.002429  0.091834  -0.015398  0.998408  0.053752  0.017091  -0.053698  0.998551  -0.003592  -0.017259  0.002668  0.999847  0.000122  -0.002594  0.000282  0.000000  0.000000  0.000000  2.000000  1.000000  0.000000  0.000000  0.000000  1.000000  0.000000  0.000000  0.000000  1.000000  0.999990  0.004529  0.000122  -0.004529  0.999990  -0.000078  -0.000122  0.000078  1.000000  1.000000  0.000000  0.000000  0.000000  1.000000  0.000000  0.000000  0.000000  1.000000  1.000000  0.000000  0.000000  0.000000  1.000000  0.000000  0.000000  0.000000  1.000000  0.000000  0.000000  
149.623278 0.002428  0.091828  -0.015397  0.998386  0.054163  0.017089  -0.054110  0.998529  -0.003599  -0.017259  0.002668  0.999847  0.000105  -0.002826  0.000385  0.000000  0.000000  0.000000  2.000000  1.000000  0.000000  0.000000  0.000000  1.000000  0.000000  0.000000  0.000000  1.000000  0.999988  0.004941  0.000120  -0.004940  0.999988  -0.000085  -0.000121  0.000085  1.000000  1.000000  0.000000  0.000000  0.000000  1.000000  0.000000  0.000000  0.000000  1.000000  1.000000  0.000000  0.000000  0.000000  1.000000  0.000000  0.000000  0.000000  1.000000  0.000000  0.000000  
149.624526 0.002429  0.091822  -0.015396  0.998361  0.054575  0.017221  -0.054521  0.998506  -0.003613  -0.017393  0.002668  0.999845  0.000117  -0.003035  0.000417  0.000000  0.000000  0.000000  2.000000  1.000000  0.000260  0.000019  -0.000260  1.000000  -0.000004  -0.000019  0.000004  1.000000  0.999986  0.005353  0.000387  -0.005353  0.999986  -0.000093  -0.000387  0.000091  1.000000  1.000000  0.000067  0.000005  -0.000067  1.000000  -0.000001  -0.000005  0.000001  1.000000  1.000000  0.000260  0.000019  -0.000260  1.000000  -0.000004  -0.000019  0.000004  1.000000  0.000000  0.005368  
149.625776 0.002429  0.091817  -0.015395  0.998339  0.054986  0.017220  -0.054932  0.998484  -0.003620  -0.017393  0.002668  0.999845  0.000108  -0.003275  0.000437  -0.003104  -0.008512  0.179849  2.000000  1.000000  0.000602  0.000037  -0.000602  1.000000  -0.000010  -0.000037  0.000010  1.000000  0.999985  0.005558  0.000252  -0.005558  0.999985  -0.000097  -0.000253  0.000095  1.000000  1.000000  0.000069  0.000003  -0.000069  1.000000  -0.000001  -0.000003  0.000001  1.000000  1.000000  0.000602  0.000037  -0.000602  1.000000  -0.000010  -0.000037  0.000010  1.000000  0.000045  0.005565  
149.627027 0.002429  0.091811  -0.015395  0.998316  0.055397  0.017219  -0.055343  0.998461  -0.003627  -0.017393  0.002668  0.999845  0.000063  -0.003511  0.000476  -0.003462  -0.008456  0.200593  2.000000  1.000000  0.000883  0.000049  -0.000883  1.000000  -0.000015  -0.000049  0.000015  1.000000  0.999983  0.005764  0.000252  -0.005764  0.999983  -0.000100  -0.000253  0.000099  1.000000  1.000000  0.000072  0.000003  -0.000072  1.000000  -0.000001  -0.000003  0.000001  1.000000  1.000000  0.000883  0.000049  -0.000883  1.000000  -0.000015  -0.000049  0.000015  1.000000  0.000050  0.005771  
149.628273 0.002429  0.091805  -0.015394  0.998305  0.055605  0.017211  -0.055548  0.998449  -0.003752  -0.017393  0.002789  0.999845  -0.000024  -0.003771  0.000534  -0.007658  -0.008426  0.207535  2.000000  0.999999  0.001238  0.000057  -0.001238  0.999999  -0.000023  -0.000057  0.000023  1.000000  0.999983  0.005764  0.000117  -0.005764  0.999983  -0.000222  -0.000119  0.000221  1.000000  1.000000  0.000072  0.000001  -0.000072  1.000000  -0.000003  -0.000001  0.000003  1.000000  0.999999  0.001238  0.000057  -0.001238  0.999999  -0.000023  -0.000057  0.000023  1.000000  0.000052  0.005769  
149.629528 0.002428  0.091798  -0.015395  0.998284  0.056016  0.017076  -0.055959  0.998426  -0.003751  -0.017259  0.002789  0.999847  -0.000089  -0.004034  0.000518  -0.007882  -0.003892  0.221353  2.000000  0.999999  0.001608  0.000059  -0.001608  0.999999  -0.000037  -0.000059  0.000037  1.000000  0.999982  0.005969  -0.000017  -0.005969  0.999982  -0.000224  0.000016  0.000224  1.000000  1.000000  0.000075  -0.000000  -0.000075  1.000000  -0.000003  0.000000  0.000003  1.000000  0.999999  0.001608  0.000059  -0.001608  0.999999  -0.000037  -0.000059  0.000037  1.000000  0.000054  0.005974  
149.630774 0.002428  0.091792  -0.015394  0.998258  0.056427  0.017208  -0.056370  0.998403  -0.003766  -0.017393  0.002789  0.999845  -0.000142  -0.004252  0.000502  -0.008255  -0.008331  0.242113  2.000000  0.999998  0.001984  0.000061  -0.001984  0.999998  -0.000051  -0.000062  0.000051  1.000000  0.999982  0.005970  0.000117  -0.005970  0.999982  -0.000224  -0.000118  0.000224  1.000000  1.000000  0.000075  0.000001  -0.000075  1.000000  -0.000003  -0.000001  0.000003  1.000000  0.999998  0.001984  0.000061  -0.001984  0.999998  -0.000051  -0.000062  0.000051  1.000000  0.000059  0.005975  
149.632024 0.002426  0.091785  -0.015394  0.998247  0.056633  0.017207  -0.056576  0.998391  -0.003770  -0.017393  0.002789  0.999845  -0.000286  -0.004537  0.000478  -0.008374  -0.008312  0.249028  2.000000  0.999997  0.002370  0.000077  -0.002370  0.999997  -0.000065  -0.000077  0.000065  1.000000  0.999981  0.006176  0.000250  -0.006176  0.999981  -0.000229  -0.000251  0.000227  1.000000  1.000000  0.000077  0.000003  -0.000077  1.000000  -0.000003  -0.000003  0.000003  1.000000  0.999997  0.002370  0.000077  -0.002370  0.999997  -0.000065  -0.000077  0.000065  1.000000  0.000062  0.006185  
149.633274 0.002425  0.091778  -0.015393  0.998235  0.056840  0.017199  -0.056781  0.998379  -0.003894  -0.017393  0.002911  0.999844  -0.000365  -0.004701  0.000528  -0.012454  -0.012674  0.253950  2.000000  0.999996  0.002751  0.000093  -0.002751  0.999996  -0.000089  -0.000093  0.000088  1.000000  0.999982  0.005970  0.000250  -0.005970  0.999982  -0.000468  -0.000253  0.000466  1.000000  1.000000  0.000075  0.000003  -0.000075  1.000000  -0.000006  -0.000003  0.000006  1.000000  0.999996  0.002751  0.000093  -0.002751  0.999996  -0.000089  -0.000093  0.000088  1.000000  0.000064  0.005994  
149.634275 0.002424  0.091773  -0.015392  0.998223  0.057046  0.017199  -0.056987  0.998367  -0.003898  -0.017393  0.002911  0.999844  -0.000425  -0.004856  0.000508  -0.012697  -0.008264  0.263026  2.000000  0.999995  0.003049  0.000105  -0.003049  0.999995  -0.000112  -0.000106  0.000112  1.000000  0.999982  0.005970  0.000250  -0.005970  0.999982  -0.000468  -0.000253  0.000466  1.000000  1.000000  0.000075  0.000003  -0.000075  1.000000  -0.000006  -0.000003  0.000006  1.000000  0.999995  0.003049  0.000105  -0.003049  0.999995  -0.000112  -0.000106  0.000112  1.000000  0.000065  0.005994  
149.635524 0.002422  0.091766  -0.015391  0.998212  0.057253  0.017191  -0.057192  0.998355  -0.004022  -0.017393  0.003032  0.999844  -0.000520  -0.004983  0.000539  -0.016631  -0.008177  0.260773  2.000000  0.999994  0.003340  0.000116  -0.003340  0.999994  -0.000135  -0.000117  0.000135  1.000000  0.999983  0.005764  0.000117  -0.005764  0.999983  -0.000464  -0.000119  0.000463  1.000000  1.000000  0.000072  0.000001  -0.000072  1.000000  -0.000006  -0.000001  0.000006  1.000000  0.999994  0.003340  0.000116  -0.003340  0.999994  -0.000135  -0.000117  0.000135  1.000000  0.000066  0.005784  
149.636527 0.002420  0.091760  -0.015391  0.998200  0.057459  0.017190  -0.057398  0.998343  -0.004026  -0.017393  0.003032  0.999844  -0.000613  -0.005080  0.000529  -0.016649  -0.003717  0.260763  2.000000  0.999993  0.003626  0.000122  -0.003626  0.999993  -0.000164  -0.000123  0.000164  1.000000  0.999983  0.005764  0.000116  -0.005764  0.999983  -0.000585  -0.000119  0.000585  1.000000  1.000000  0.000072  0.000001  -0.000072  1.000000  -0.000007  -0.000001  0.000007  1.000000  0.999993  0.003626  0.000122  -0.003626  0.999993  -0.000164  -0.000123  0.000164  1.000000  0.000066  0.005795  
149.637773 0.002417  0.091753  -0.015390  0.998188  0.057664  0.017189  -0.057603  0.998331  -0.004029  -0.017393  0.003032  0.999844  -0.000765  -0.005155  0.000519  -0.016790  -0.003748  0.262965  2.000000  0.999992  0.003971  0.000129  -0.003970  0.999992  -0.000193  -0.000130  0.000193  1.000000  0.999986  0.005352  0.000117  -0.005352  0.999986  -0.000457  -0.000120  0.000456  1.000000  1.000000  0.000067  0.000001  -0.000067  1.000000  -0.000006  -0.000001  0.000006  1.000000  0.999992  0.003971  0.000129  -0.003970  0.999992  -0.000193  -0.000130  0.000193  1.000000  0.000066  0.005373  
149.638778 0.002415  0.091747  -0.015389  0.998176  0.057872  0.017181  -0.057809  0.998319  -0.004154  -0.017393  0.003153  0.999844  -0.000918  -0.005244  0.000520  -0.020865  -0.003732  0.262939  2.000000  0.999991  0.004236  0.000135  -0.004236  0.999991  -0.000217  -0.000136  0.000217  1.000000  0.999987  0.005146  0.000117  -0.005146  0.999987  -0.000575  -0.000120  0.000574  1.000000  1.000000  0.000064  0.000001  -0.000064  1.000000  -0.000007  -0.000001  0.000007  1.000000  0.999991  0.004236  0.000135  -0.004236  0.999991  -0.000217  -0.000136  0.000217  1.000000  0.000067  0.005180  
149.640027 0.002412  0.091740  -0.015389  0.998176  0.057872  0.017181  -0.057809  0.998319  -0.004154  -0.017393  0.003153  0.999844  -0.001161  -0.005323  0.000493  -0.020676  -0.008162  0.260783  2.000000  0.999990  0.004364  0.000138  -0.004364  0.999990  -0.000232  -0.000139  0.000231  1.000000  0.999989  0.004735  0.000119  -0.004735  0.999989  -0.000568  -0.000121  0.000567  1.000000  1.000000  0.000000  0.000000  0.000000  1.000000  0.000000  0.000000  0.000000  1.000000  0.999990  0.004364  0.000138  -0.004364  0.999990  -0.000232  -0.000139  0.000231  1.000000  0.000066  0.000000  
149.641272 0.002409  0.091734  -0.015388  0.998164  0.058080  0.017174  -0.058014  0.998307  -0.004279  -0.017393  0.003275  0.999843  -0.001360  -0.005394  0.000484  -0.024599  -0.008166  0.253901  2.000000  0.999990  0.004364  0.000138  -0.004364  0.999990  -0.000232  -0.000139  0.000231  1.000000  0.999989  0.004735  0.000118  -0.004735  0.999989  -0.000689  -0.000121  0.000688  1.000000  1.000000  0.000000  0.000000  0.000000  1.000000  0.000000  0.000000  0.000000  1.000000  0.999990  0.004364  0.000138  -0.004364  0.999990  -0.000232  -0.000139  0.000231  1.000000  0.000064  0.000000  
149.642531 0.002405  0.091727  -0.015387  0.998164  0.058080  0.017174  -0.058014  0.998307  -0.004279  -0.017393  0.003275  0.999843  -0.001558  -0.005421  0.000539  -0.028637  -0.008288  0.242141  2.000000  0.999990  0.004364  0.000138  -0.004364  0.999990  -0.000232  -0.000139  0.000231  1.000000  0.999991  0.004323  0.000119  -0.004323  0.999990  -0.000682  -0.000122  0.000681  1.000000  1.000000  0.000000  0.000000  0.000000  1.000000  0.000000  0.000000  0.000000  1.000000  0.999990  0.004364  0.000138  -0.004364  0.999990  -0.000232  -0.000139  0.000231  1.000000  0.000062  0.000000  
149.643778 0.002402  0.091720  -0.015385  0.998152  0.058287  0.017166  -0.058220  0.998294  -0.004403  -0.017393  0.003396  0.999843  -0.001796  -0.005490  0.000649  -0.032597  -0.008295  0.235239  2.000000  0.999990  0.004364  0.000138  -0.004364  0.999990  -0.000232  -0.000139  0.000231  1.000000  0.999992  0.004117  0.000120  -0.004117  0.999991  -0.000799  -0.000123  0.000799  1.000000  1.000000  0.000000  0.000000  0.000000  1.000000  0.000000  0.000000  0.000000  1.000000  0.999990  0.004364  0.000138  -0.004364  0.999990  -0.000232  -0.000139  0.000231  1.000000  0.000061  0.000000  
149.645121 0.002398  0.091713  -0.015384  0.998152  0.058287  0.017166  -0.058220  0.998294  -0.004403  -0.017393  0.003396  0.999843  -0.002026  -0.005480  0.000700  -0.032270  -0.003827  0.220690  2.000000  0.999990  0.004364  0.000138  -0.004364  0.999990  -0.000232  -0.000139  0.000231  1.000000  0.999993  0.003705  -0.000013  -0.003705  0.999993  -0.000792  0.000010  0.000792  1.000000  1.000000  0.000000  0.000000  0.000000  1.000000  0.000000  0.000000  0.000000  1.000000  0.999990  0.004364  0.000138  -0.004364  0.999990  -0.000232  -0.000139  0.000231  1.000000  0.000057  0.000000  
149.646277 0.002393  0.091705  -0.015384  0.998138  0.058495  0.017291  -0.058425  0.998281  -0.004536  -0.017527  0.003517  0.999840  -0.002325  -0.005616  0.000695  -0.032267  -0.008330  0.214482  2.000000  0.999990  0.004364  0.000138  -0.004364  0.999990  -0.000232  -0.000139  0.000231  1.000000  0.999994  0.003500  0.000121  -0.003500  0.999993  -0.000910  -0.000125  0.000910  1.000000  1.000000  0.000000  0.000000  0.000000  1.000000  0.000000  0.000000  0.000000  1.000000  0.999990  0.004364  0.000138  -0.004364  0.999990  -0.000232  -0.000139  0.000231  1.000000  0.000056  0.000000  
149.647523 0.002388  0.091697  -0.015384  0.998138  0.058495  0.017291  -0.058425  0.998281  -0.004536  -0.017527  0.003517  0.999840  -0.002538  -0.005652  0.000611  -0.031889  -0.008285  0.205904  2.000000  0.999990  0.004364  0.000138  -0.004364  0.999990  -0.000232  -0.000139  0.000231  1.000000  0.999995  0.003088  0.000123  -0.003088  0.999995  -0.000903  -0.000126  0.000903  1.000000  1.000000  0.000000  0.000000  0.000000  1.000000  0.000000  0.000000  0.000000  1.000000  0.999990  0.004364  0.000138  -0.004364  0.999990  -0.000232  -0.000139  0.000231  1.000000  0.000052  0.000000  
149.648773 0.002383  0.091689  -0.015384  0.998138  0.058497  0.017284  -0.058425  0.998281  -0.004657  -0.017527  0.003638  0.999840  -0.002799  -0.005756  0.000559  -0.035865  -0.008405  0.186830  2.000000  0.999990  0.004364  0.000138  -0.004364  0.999990  -0.000232  -0.000139  0.000231  1.000000  0.999996  0.002882  0.000123  -0.002882  0.999995  -0.000900  -0.000126  0.000899  1.000000  1.000000  0.000000  0.000000  0.000000  1.000000  0.000000  0.000000  0.000000  1.000000  0.999990  0.004364  0.000138  -0.004364  0.999990  -0.000232  -0.000139  0.000231  1.000000  0.000049  0.000000  
149.649774 0.002378  0.091683  -0.015384  0.998138  0.058497  0.017284  -0.058425  0.998281  -0.004657  -0.017527  0.003638  0.999840  -0.002964  -0.005784  0.000504  -0.035455  -0.008359  0.178453  2.000000  0.999990  0.004364  0.000138  -0.004364  0.999990  -0.000232  -0.000139  0.000231  1.000000  0.999996  0.002677  0.000258  -0.002677  0.999996  -0.000896  -0.000260  0.000895  1.000000  1.000000  0.000000  0.000000  0.000000  1.000000  0.000000  0.000000  0.000000  1.000000  0.999990  0.004364  0.000138  -0.004364  0.999990  -0.000232  -0.000139  0.000231  1.000000  0.000046  0.000000  
149.651023 0.002373  0.091676  -0.015384  0.998138  0.058499  0.017277  -0.058425  0.998280  -0.004778  -0.017527  0.003760  0.999839  -0.003163  -0.005838  0.000459  0.000000  0.000000  0.000000  2.000000  0.999990  0.004364  0.000138  -0.004364  0.999990  -0.000232  -0.000139  0.000231  1.000000  0.999997  0.002471  0.000258  -0.002471  0.999996  -0.001014  -0.000261  0.001013  0.999999  1.000000  0.000000  0.000000  0.000000  1.000000  0.000000  0.000000  0.000000  1.000000  0.999990  0.004364  0.000138  -0.004364  0.999990  -0.000232  -0.000139  0.000231  1.000000  0.000044  0.000000  
149.652023 0.002369  0.091670  -0.015384  0.998138  0.058499  0.017277  -0.058425  0.998280  -0.004778  -0.017527  0.003760  0.999839  -0.003301  -0.005841  0.000451  0.000000  0.000000  0.000000  2.000000  0.999990  0.004364  0.000138  -0.004364  0.999990  -0.000232  -0.000139  0.000231  1.000000  0.999998  0.002059  0.000126  -0.002059  0.999997  -0.001006  -0.000128  0.001006  0.999999  1.000000  0.000000  0.000000  0.000000  1.000000  0.000000  0.000000  0.000000  1.000000  0.999990  0.004364  0.000138  -0.004364  0.999990  -0.000232  -0.000139  0.000231  1.000000  0.000000  0.000000  
149.653025 0.002365  0.091664  -0.015384  0.998138  0.058499  0.017277  -0.058425  0.998280  -0.004778  -0.017527  0.003760  0.999839  -0.003447  -0.005874  0.000353  0.000000  0.000000  0.000000  2.000000  0.999990  0.004364  0.000138  -0.004364  0.999990  -0.000232  -0.000139  0.000231  1.000000  0.999998  0.001853  0.000127  -0.001853  0.999998  -0.001003  -0.000129  0.001003  0.999999  1.000000  0.000000  0.000000  0.000000  1.000000  0.000000  0.000000  0.000000  1.000000  0.999990  0.004364  0.000138  -0.004364  0.999990  -0.000232  -0.000139  0.000231  1.000000  0.000000  0.000000  
149.654027 0.002360  0.091657  -0.015384  0.998136  0.058502  0.017403  -0.058425  0.998280  -0.004907  -0.017661  0.003881  0.999837  -0.003604  -0.005905  0.000291  0.000000  0.000000  0.000000  2.000000  0.999990  0.004364  0.000138  -0.004364  0.999990  -0.000232  -0.000139  0.000231  1.000000  0.999999  0.001648  0.000261  -0.001647  0.999998  -0.000999  -0.000263  0.000999  0.999999  1.000000  0.000000  0.000000  0.000000  1.000000  0.000000  0.000000  0.000000  1.000000  0.999990  0.004364  0.000138  -0.004364  0.999990  -0.000232  -0.000139  0.000231  1.000000  0.000000  0.000000  
149.655028 0.002356  0.091651  -0.015385  0.998136  0.058502  0.017403  -0.058425  0.998280  -0.004907  -0.017661  0.003881  0.999837  -0.003767  -0.005938  0.000216  0.000000  0.000000  0.000000  2.000000  0.999990  0.004364  0.000138  -0.004364  0.999990  -0.000232  -0.000139  0.000231  1.000000  0.999999  0.001442  0.000262  -0.001442  0.999998  -0.000996  -0.000263  0.000995  0.999999  1.000000  0.000000  0.000000  0.000000  1.000000  0.000000  0.000000  0.000000  1.000000  0.999990  0.004364  0.000138  -0.004364  0.999990  -0.000232  -0.000139  0.000231  1.000000  0.000000  0.000000  
149.656273 0.002350  0.091644  -0.015385  0.998136  0.058502  0.017403  -0.058425  0.998280  -0.004907  -0.017661  0.003881  0.999837  -0.003932  -0.005992  0.000198  0.000000  0.000000  0.000000  2.000000  0.999990  0.004364  0.000138  -0.004364  0.999990  -0.000232  -0.000139  0.000231  1.000000  0.999999  0.001236  0.000263  -0.001236  0.999999  -0.000871  -0.000264  0.000871  1.000000  1.000000  0.000000  0.000000  0.000000  1.000000  0.000000  0.000000  0.000000  1.000000  0.999990  0.004364  0.000138  -0.004364  0.999990  -0.000232  -0.000139  0.000231  1.000000  0.000000  0.000000  
149.657276 0.002346  0.091639  -0.015384  0.998136  0.058502  0.017403  -0.058425  0.998280  -0.004907  -0.017661  0.003881  0.999837  -0.004041  -0.005970  0.000209  0.000000  0.000000  0.000000  2.000000  0.999990  0.004364  0.000138  -0.004364  0.999990  -0.000232  -0.000139  0.000231  1.000000  0.999999  0.001030  0.000264  -0.001030  0.999999  -0.000867  -0.000264  0.000867  1.000000  1.000000  0.000000  0.000000  0.000000  1.000000  0.000000  0.000000  0.000000  1.000000  0.999990  0.004364  0.000138  -0.004364  0.999990  -0.000232  -0.000139  0.000231  1.000000  0.000000  0.000000  
149.658528 0.002341  0.091632  -0.015383  0.998136  0.058504  0.017396  -0.058425  0.998279  -0.005028  -0.017661  0.004002  0.999836  -0.004158  -0.005975  0.000128  0.000000  0.000000  0.000000  2.000000  0.999990  0.004364  0.000138  -0.004364  0.999990  -0.000232  -0.000139  0.000231  1.000000  1.000000  0.000824  0.000264  -0.000824  0.999999  -0.000985  -0.000265  0.000985  0.999999  1.000000  0.000000  0.000000  0.000000  1.000000  0.000000  0.000000  0.000000  1.000000  0.999990  0.004364  0.000138  -0.004364  0.999990  -0.000232  -0.000139  0.000231  1.000000  0.000000  0.000000  
149.659773 0.002335  0.091625  -0.015382  0.998148  0.058299  0.017397  -0.058219  0.998291  -0.005024  -0.017661  0.004002  0.999836  -0.004284  -0.005995  0.000103  0.000000  0.000000  0.000000  2.000000  0.999990  0.004364  0.000138  -0.004364  0.999990  -0.000232  -0.000139  0.000231  1.000000  1.000000  0.000413  0.000266  -0.000413  1.000000  -0.000856  -0.000266  0.000856  1.000000  1.000000  0.000000  0.000000  0.000000  1.000000  0.000000  0.000000  0.000000  1.000000  0.999990  0.004364  0.000138  -0.004364  0.999990  -0.000232  -0.000139  0.000231  1.000000  0.000000  0.000000  
149.661027 0.002330  0.091618  -0.015382  0.998148  0.058301  0.017390  -0.058219  0.998291  -0.005145  -0.017661  0.004123  0.999836  -0.004284  -0.005906  0.000122  0.000000  0.000000  0.000000  2.000000  0.999990  0.004364  0.000138  -0.004364  0.999990  -0.000232  -0.000139  0.000231  1.000000  1.000000  0.000207  0.000267  -0.000207  1.000000  -0.000853  -0.000267  0.000853  1.000000  1.000000  0.000000  0.000000  0.000000  1.000000  0.000000  0.000000  0.000000  1.000000  0.999990  0.004364  0.000138  -0.004364  0.999990  -0.000232  -0.000139  0.000231  1.000000  0.000000  0.000000  
149.662271 0.002325  0.091611  -0.015382  0.998145  0.058301  0.017524  -0.058219  0.998291  -0.005153  -0.017794  0.004123  0.999833  -0.004285  -0.005856  0.000120  0.000000  0.000000  0.000000  2.000000  0.999990  0.004364  0.000138  -0.004364  0.999990  -0.000232  -0.000139  0.000231  1.000000  1.000000  0.000207  0.000401  -0.000207  1.000000  -0.000853  -0.000401  0.000853  1.000000  1.000000  0.000000  0.000000  0.000000  1.000000  0.000000  0.000000  0.000000  1.000000  0.999990  0.004364  0.000138  -0.004364  0.999990  -0.000232  -0.000139  0.000231  1.000000  0.000000  0.000000  
149.663273 0.002321  0.091605  -0.015382  0.998145  0.058301  0.017524  -0.058219  0.998291  -0.005153  -0.017794  0.004123  0.999833  -0.004263  -0.005807  0.000130  0.000000  0.000000  0.000000  2.000000  0.999990  0.004364  0.000138  -0.004364  0.999990  -0.000232  -0.000139  0.000231  1.000000  1.000000  0.000207  0.000401  -0.000207  1.000000  -0.000853  -0.000401  0.000853  1.000000  1.000000  0.000000  0.000000  0.000000  1.000000  0.000000  0.000000  0.000000  1.000000  0.999990  0.004364  0.000138  -0.004364  0.999990  -0.000232  -0.000139  0.000231  1.000000  0.000000  0.000000  
149.664277 0.002316  0.091600  -0.015382  0.998145  0.058301  0.017524  -0.058219  0.998291  -0.005153  -0.017794  0.004123  0.999833  -0.004300  -0.005786  0.000144  0.000000  0.000000  0.000000  2.000000  0.999990  0.004364  0.000138  -0.004364  0.999990  -0.000232  -0.000139  0.000231  1.000000  1.000000  0.000002  0.000401  -0.000001  1.000000  -0.000728  -0.000401  0.000728  1.000000  1.000000  0.000000  0.000000  0.000000  1.000000  0.000000  0.000000  0.000000  1.000000  0.999990  0.004364  0.000138  -0.004364  0.999990  -0.000232  -0.000139  0.000231  1.000000  0.000000  0.000000  
149.665530 0.002312  0.091593  -0.015382  0.998145  0.058301  0.017524  -0.058219  0.998291  -0.005153  -0.017794  0.004123  0.999833  -0.004233  -0.005713  0.000186  0.000000  0.000000  0.000000  2.000000  0.999990  0.004364  0.000138  -0.004364  0.999990  -0.000232  -0.000139  0.000231  1.000000  1.000000  0.000002  0.000401  -0.000001  1.000000  -0.000728  -0.000401  0.000728  1.000000  1.000000  0.000000  0.000000  0.000000  1.000000  0.000000  0.000000  0.000000  1.000000  0.999990  0.004364  0.000138  -0.004364  0.999990  -0.000232  -0.000139  0.000231  1.000000  0.000000  0.000000  
149.666773 0.002308  0.091587  -0.015381  0.998143  0.058302  0.017657  -0.058219  0.998290  -0.005161  -0.017928  0.004123  0.999831  -0.004129  -0.005635  0.000206  0.000000  0.000000  0.000000  2.000000  0.999990  0.004364  0.000138  -0.004364  0.999990  -0.000232  -0.000139  0.000231  1.000000  1.000000  -0.000204  0.000402  0.000204  1.000000  -0.000603  -0.000402  0.000603  1.000000  1.000000  0.000000  0.000000  0.000000  1.000000  0.000000  0.000000  0.000000  1.000000  0.999990  0.004364  0.000138  -0.004364  0.999990  -0.000232  -0.000139  0.000231  1.000000  0.000000  0.000000  
149.667773 0.002305  0.091582  -0.015381  0.998143  0.058302  0.017657  -0.058219  0.998290  -0.005161  -0.017928  0.004123  0.999831  -0.004069  -0.005584  0.000243  0.000000  0.000000  0.000000  2.000000  0.999990  0.004364  0.000138  -0.004364  0.999990  -0.000232  -0.000139  0.000231  1.000000  1.000000  -0.000204  0.000402  0.000204  1.000000  -0.000603  -0.000402  0.000603  1.000000  1.000000  0.000000  0.000000  0.000000  1.000000  0.000000  0.000000  0.000000  1.000000  0.999990  0.004364  0.000138  -0.004364  0.999990  -0.000232  -0.000139  0.000231  1.000000  0.000000  0.000000  
149.669023 0.002302  0.091575  -0.015380  0.998143  0.058302  0.017657  -0.058219  0.998290  -0.005161  -0.017928  0.004123  0.999831  -0.003888  -0.005486  0.000271  0.000000  0.000000  0.000000  2.000000  0.999990  0.004364  0.000138  -0.004364  0.999990  -0.000232  -0.000139  0.000231  1.000000  1.000000  -0.000204  0.000402  0.000204  1.000000  -0.000481  -0.000402  0.000482  1.000000  1.000000  0.000000  0.000000  0.000000  1.000000  0.000000  0.000000  0.000000  1.000000  0.999990  0.004364  0.000138  -0.004364  0.999990  -0.000232  -0.000139  0.000231  1.000000  0.000000  0.000000  
149.670028 0.002298  0.091570  -0.015381  0.998143  0.058302  0.017657  -0.058219  0.998290  -0.005161  -0.017928  0.004123  0.999831  -0.003815  -0.005436  0.000272  0.000000  0.000000  0.000000  2.000000  0.999990  0.004364  0.000138  -0.004364  0.999990  -0.000232  -0.000139  0.000231  1.000000  1.000000  -0.000204  0.000402  0.000204  1.000000  -0.000481  -0.000402  0.000482  1.000000  1.000000  0.000000  0.000000  0.000000  1.000000  0.000000  0.000000  0.000000  1.000000  0.999990  0.004364  0.000138  -0.004364  0.999990  -0.000232  -0.000139  0.000231  1.000000  0.000000  0.000000  
149.671278 0.002296  0.091564  -0.015381  0.998140  0.058302  0.017791  -0.058219  0.998290  -0.005169  -0.018062  0.004123  0.999828  -0.003619  -0.005356  0.000261  0.000000  0.000000  0.000000  2.000000  0.999990  0.004364  0.000138  -0.004364  0.999990  -0.000232  -0.000139  0.000231  1.000000  1.000000  -0.000204  0.000536  0.000204  1.000000  -0.000360  -0.000536  0.000360  1.000000  1.000000  0.000000  0.000000  0.000000  1.000000  0.000000  0.000000  0.000000  1.000000  0.999990  0.004364  0.000138  -0.004364  0.999990  -0.000232  -0.000139  0.000231  1.000000  0.000000  0.000000  
149.672529 0.002293  0.091558  -0.015380  0.998128  0.058508  0.017790  -0.058425  0.998278  -0.005172  -0.018062  0.004123  0.999828  -0.003445  -0.005305  0.000242  0.000000  0.000000  0.000000  2.000000  0.999990  0.004364  0.000138  -0.004364  0.999990  -0.000232  -0.000139  0.000231  1.000000  1.000000  0.000002  0.000535  -0.000002  1.000000  -0.000364  -0.000535  0.000364  1.000000  1.000000  0.000000  0.000000  0.000000  1.000000  0.000000  0.000000  0.000000  1.000000  0.999990  0.004364  0.000138  -0.004364  0.999990  -0.000232  -0.000139  0.000231  1.000000  0.000000  0.000000  
149.673777 0.002290  0.091551  -0.015380  0.998126  0.058508  0.017923  -0.058424  0.998278  -0.005180  -0.018196  0.004123  0.999826  -0.003265  -0.005281  0.000233  0.000000  0.000000  0.000000  2.000000  0.999990  0.004364  0.000138  -0.004364  0.999990  -0.000232  -0.000139  0.000231  1.000000  1.000000  0.000002  0.000535  -0.000002  1.000000  -0.000243  -0.000535  0.000243  1.000000  1.000000  0.000000  0.000000  0.000000  1.000000  0.000000  0.000000  0.000000  1.000000  0.999990  0.004364  0.000138  -0.004364  0.999990  -0.000232  -0.000139  0.000231  1.000000  0.000000  0.000000  
149.675026 0.002288  0.091545  -0.015379  0.998126  0.058506  0.017930  -0.058424  0.998279  -0.005059  -0.018196  0.004002  0.999826  -0.003056  -0.005217  0.000209  0.000000  0.000000  0.000000  2.000000  0.999990  0.004364  0.000138  -0.004364  0.999990  -0.000232  -0.000139  0.000231  1.000000  1.000000  0.000002  0.000535  -0.000002  1.000000  -0.000121  -0.000535  0.000121  1.000000  1.000000  0.000000  0.000000  0.000000  1.000000  0.000000  0.000000  0.000000  1.000000  0.999990  0.004364  0.000138  -0.004364  0.999990  -0.000232  -0.000139  0.000231  1.000000  0.000000  0.000000  
149.676026 0.002287  0.091541  -0.015379  0.998126  0.058506  0.017930  -0.058424  0.998279  -0.005059  -0.018196  0.004002  0.999826  -0.002854  -0.005141  0.000209  0.000000  0.000000  0.000000  2.000000  0.999990  0.004364  0.000138  -0.004364  0.999990  -0.000232  -0.000139  0.000231  1.000000  1.000000  0.000002  0.000535  -0.000002  1.000000  -0.000121  -0.000535  0.000121  1.000000  1.000000  0.000000  0.000000  0.000000  1.000000  0.000000  0.000000  0.000000  1.000000  0.999990  0.004364  0.000138  -0.004364  0.999990  -0.000232  -0.000139  0.000231  1.000000  0.000000  0.000000  
149.677031 0.002286  0.091536  -0.015378  0.998126  0.058506  0.017930  -0.058424  0.998279  -0.005059  -0.018196  0.004002  0.999826  -0.002621  -0.005026  0.000252  0.000000  0.000000  0.000000  2.000000  0.999990  0.004364  0.000138  -0.004364  0.999990  -0.000232  -0.000139  0.000231  1.000000  1.000000  0.000002  0.000535  -0.000002  1.000000  -0.000121  -0.000535  0.000121  1.000000  1.000000  0.000000  0.000000  0.000000  1.000000  0.000000  0.000000  0.000000  1.000000  0.999990  0.004364  0.000138  -0.004364  0.999990  -0.000232  -0.000139  0.000231  1.000000  0.000000  0.000000  
149.678286 0.002285  0.091531  -0.015377  0.998124  0.058507  0.018064  -0.058424  0.998279  -0.005067  -0.018329  0.004002  0.999824  -0.002358  -0.004921  0.000335  0.000000  0.000000  0.000000  2.000000  0.999990  0.004364  0.000138  -0.004364  0.999990  -0.000232  -0.000139  0.000231  1.000000  1.000000  0.000002  0.000535  -0.000002  1.000000  -0.000000  -0.000535  -0.000000  1.000000  1.000000  0.000000  0.000000  0.000000  1.000000  0.000000  0.000000  0.000000  1.000000  0.999990  0.004364  0.000138  -0.004364  0.999990  -0.000232  -0.000139  0.000231  1.000000  0.000000  0.000000  
