1-Time 2-Px 3-Py 4-Pz 5-R11 6-R21 7-R31 8-R12 9-R22 10-R32 11-R13 12-R23 13-R33 14-Vx 15-Vy 16-Vz 17-Wx 18-Wy 19-Wz 20-state 21-PR11 22-PR21 23-PR31 24-PR12 25-PR22 26-PR32 27-PR13 28-PR23 29-PR33 
38.204375 0.003338  0.090415  -0.010088  0.994995  0.091537  0.040067  -0.093269  0.994680  0.043740  -0.035850  -0.047258  0.998239  0.000117  0.000128  0.000068  0.000000  0.000000  0.000000  2.000000  1.000000  0.000000  0.000000  0.000000  1.000000  0.000000  0.000000  0.000000  1.000000  1.000000  -0.000206  -0.000010  0.000206  1.000000  -0.000114  0.000010  0.000114  1.000000  1.000000  0.000000  0.000000  0.000000  1.000000  0.000000  0.000000  0.000000  1.000000  0.693797  0.392293  0.603947  -0.350860  0.916482  -0.192242  -0.628922  -0.078524  0.773493  0.000000  0.000000  
38.205632 0.003338  0.090415  -0.010089  0.994990  0.091531  0.040200  -0.093269  0.994680  0.043727  -0.035984  -0.047258  0.998234  0.000129  0.000125  0.000033  0.000000  0.000000  0.000000  2.000000  1.000000  0.000000  0.000000  0.000000  1.000000  0.000000  0.000000  0.000000  1.000000  1.000000  -0.000212  0.000124  0.000212  1.000000  -0.000114  -0.000124  0.000114  1.000000  1.000000  0.000000  0.000000  0.000000  1.000000  0.000000  0.000000  0.000000  1.000000  1.000000  0.000000  0.000000  0.000000  1.000000  0.000000  0.000000  0.000000  1.000000  0.000000  0.000000  
38.206874 0.003338  0.090412  -0.010089  0.994928  0.092134  0.040371  -0.093883  0.994619  0.043810  -0.036118  -0.047378  0.998224  0.000111  -0.000026  -0.000003  0.000000  0.000000  0.000000  2.000000  1.000000  0.000000  0.000000  0.000000  1.000000  0.000000  0.000000  0.000000  1.000000  1.000000  0.000199  0.000143  -0.000199  1.000000  -0.000007  -0.000143  0.000007  1.000000  1.000000  0.000000  0.000000  0.000000  1.000000  0.000000  0.000000  0.000000  1.000000  1.000000  0.000000  0.000000  0.000000  1.000000  0.000000  0.000000  0.000000  1.000000  0.000000  0.000000  
38.207877 0.003338  0.090410  -0.010090  0.994884  0.092537  0.040522  -0.094292  0.994581  0.043781  -0.036251  -0.047378  0.998219  0.000106  -0.000181  -0.000074  0.000000  0.000000  0.000000  2.000000  1.000000  0.000000  0.000000  0.000000  1.000000  0.000000  0.000000  0.000000  1.000000  1.000000  0.000809  0.000306  -0.000809  1.000000  -0.000030  -0.000306  0.000030  1.000000  1.000000  0.000000  0.000000  0.000000  1.000000  0.000000  0.000000  0.000000  1.000000  1.000000  0.000000  0.000000  0.000000  1.000000  0.000000  0.000000  0.000000  1.000000  0.000000  0.000000  
38.209127 0.003338  0.090406  -0.010091  0.994821  0.093135  0.040705  -0.094906  0.994514  0.043985  -0.036385  -0.047620  0.998203  0.000102  -0.000458  -0.000127  0.000000  0.000000  0.000000  2.000000  1.000000  0.000000  0.000000  0.000000  1.000000  0.000000  0.000000  0.000000  1.000000  0.999999  0.001413  0.000603  -0.001413  0.999999  0.000190  -0.000603  -0.000191  1.000000  1.000000  0.000000  0.000000  0.000000  1.000000  0.000000  0.000000  0.000000  1.000000  1.000000  0.000000  0.000000  0.000000  1.000000  0.000000  0.000000  0.000000  1.000000  0.000000  0.000000  
38.210383 0.003338  0.090403  -0.010091  0.994797  0.093329  0.040858  -0.095111  0.994490  0.044084  -0.036519  -0.047741  0.998192  0.000129  -0.000708  -0.000160  0.000000  0.000000  0.000000  2.000000  1.000000  0.000000  0.000000  0.000000  1.000000  0.000000  0.000000  0.000000  1.000000  0.999998  0.001612  0.000747  -0.001612  0.999999  0.000304  -0.000746  -0.000305  1.000000  1.000000  0.000000  0.000000  0.000000  1.000000  0.000000  0.000000  0.000000  1.000000  1.000000  0.000000  0.000000  0.000000  1.000000  0.000000  0.000000  0.000000  1.000000  0.000000  0.000000  
38.211627 0.003339  0.090400  -0.010091  0.994738  0.093938  0.040897  -0.095725  0.994427  0.044180  -0.036519  -0.047862  0.998186  0.000187  -0.000932  -0.000173  0.000000  0.000000  0.000000  2.000000  1.000000  0.000000  0.000000  0.000000  1.000000  0.000000  0.000000  0.000000  1.000000  0.999998  0.002023  0.000767  -0.002023  0.999998  0.000410  -0.000766  -0.000411  1.000000  1.000000  0.000000  0.000000  0.000000  1.000000  0.000000  0.000000  0.000000  1.000000  1.000000  0.000000  0.000000  0.000000  1.000000  0.000000  0.000000  0.000000  1.000000  0.000000  0.000000  
38.212633 0.003340  0.090398  -0.010091  0.994703  0.094349  0.040794  -0.096135  0.994382  0.044296  -0.036385  -0.047983  0.998185  0.000196  -0.001078  -0.000145  0.000000  0.000000  0.000000  2.000000  1.000000  0.000000  0.000000  0.000000  1.000000  0.000000  0.000000  0.000000  1.000000  0.999997  0.002440  0.000653  -0.002441  0.999997  0.000516  -0.000652  -0.000518  1.000000  1.000000  0.000000  0.000000  0.000000  1.000000  0.000000  0.000000  0.000000  1.000000  1.000000  0.000000  0.000000  0.000000  1.000000  0.000000  0.000000  0.000000  1.000000  0.000000  0.000000  
38.213879 0.003341  0.090395  -0.010090  0.994624  0.095158  0.040853  -0.096954  0.994293  0.044504  -0.036385  -0.048226  0.998174  0.000265  -0.001249  -0.000113  0.000000  0.000000  0.000000  2.000000  1.000000  0.000000  0.000000  0.000000  1.000000  0.000000  0.000000  0.000000  1.000000  0.999994  0.003468  0.000703  -0.003468  0.999994  0.000721  -0.000700  -0.000724  0.999999  1.000000  0.000000  0.000000  0.000000  1.000000  0.000000  0.000000  0.000000  1.000000  1.000000  0.000000  0.000000  0.000000  1.000000  0.000000  0.000000  0.000000  1.000000  0.000000  0.000000  
38.215124 0.003342  0.090393  -0.010090  0.994543  0.095971  0.040902  -0.097773  0.994209  0.044591  -0.036385  -0.048347  0.998168  0.000347  -0.001424  -0.000116  0.000000  0.000000  0.000000  2.000000  1.000000  0.000000  0.000000  0.000000  1.000000  0.000000  0.000000  0.000000  1.000000  0.999991  0.004290  0.000743  -0.004290  0.999990  0.000934  -0.000739  -0.000937  0.999999  1.000000  0.000000  0.000000  0.000000  1.000000  0.000000  0.000000  0.000000  1.000000  1.000000  0.000000  0.000000  0.000000  1.000000  0.000000  0.000000  0.000000  1.000000  0.000000  0.000000  
38.216377 0.003343  0.090391  -0.010090  0.994453  0.096772  0.041216  -0.098591  0.994126  0.044651  -0.036653  -0.048467  0.998152  0.000407  -0.001571  -0.000094  0.030414  -0.035234  0.171344  2.000000  1.000000  0.000064  0.000013  -0.000064  1.000000  0.000013  -0.000013  -0.000013  1.000000  0.999986  0.005098  0.001051  -0.005100  0.999986  0.001024  -0.001046  -0.001029  0.999999  1.000000  0.000064  0.000013  -0.000064  1.000000  0.000013  -0.000013  -0.000013  1.000000  1.000000  0.000064  0.000013  -0.000064  1.000000  0.000013  -0.000013  -0.000013  1.000000  0.000000  0.005306  
38.217625 0.003346  0.090389  -0.010088  0.994361  0.097573  0.041530  -0.099409  0.994042  0.044711  -0.036920  -0.048588  0.998136  0.000565  -0.001685  0.000042  0.033465  -0.045561  0.198561  2.000000  1.000000  0.000416  0.000085  -0.000416  1.000000  0.000079  -0.000085  -0.000079  1.000000  0.999982  0.005914  0.001225  -0.005915  0.999982  0.001114  -0.001218  -0.001121  0.999999  1.000000  0.000074  0.000015  -0.000074  1.000000  0.000014  -0.000015  -0.000014  1.000000  1.000000  0.000416  0.000085  -0.000416  1.000000  0.000079  -0.000085  -0.000079  1.000000  0.000050  0.006142  
38.218872 0.003348  0.090388  -0.010085  0.994274  0.098380  0.041712  -0.100227  0.993956  0.044784  -0.037054  -0.048709  0.998125  0.000687  -0.001763  0.000244  0.036523  -0.051398  0.225985  2.000000  1.000000  0.000815  0.000175  -0.000816  1.000000  0.000150  -0.000175  -0.000151  1.000000  0.999976  0.006723  0.001533  -0.006724  0.999977  0.001203  -0.001525  -0.001213  0.999998  1.000000  0.000084  0.000019  -0.000084  1.000000  0.000015  -0.000019  -0.000015  1.000000  1.000000  0.000815  0.000175  -0.000816  1.000000  0.000150  -0.000175  -0.000151  1.000000  0.000057  0.007000  
38.219874 0.003349  0.090385  -0.010082  0.994207  0.098982  0.041884  -0.100841  0.993890  0.044866  -0.037187  -0.048829  0.998115  0.000726  -0.001945  0.000390  0.039821  -0.056895  0.246454  2.000000  0.999999  0.001175  0.000256  -0.001175  0.999999  0.000210  -0.000256  -0.000210  1.000000  0.999972  0.007333  0.001696  -0.007335  0.999972  0.001179  -0.001688  -0.001191  0.999998  1.000000  0.000092  0.000021  -0.000092  1.000000  0.000015  -0.000021  -0.000015  1.000000  0.999999  0.001175  0.000256  -0.001175  0.999999  0.000210  -0.000256  -0.000210  1.000000  0.000062  0.007619  
38.220882 0.003349  0.090383  -0.010080  0.994145  0.099591  0.041924  -0.101455  0.993824  0.044960  -0.037187  -0.048951  0.998109  0.000781  -0.002085  0.000580  0.043129  -0.057896  0.267106  2.000000  0.999999  0.001470  0.000320  -0.001470  0.999999  0.000258  -0.000320  -0.000258  1.000000  0.999965  0.008154  0.001737  -0.008157  0.999966  0.001269  -0.001727  -0.001283  0.999998  1.000000  0.000102  0.000022  -0.000102  1.000000  0.000016  -0.000022  -0.000016  1.000000  0.999999  0.001470  0.000320  -0.001470  0.999999  0.000258  -0.000320  -0.000258  1.000000  0.000069  0.008435  
38.222128 0.003349  0.090378  -0.010078  0.994056  0.100398  0.042106  -0.102273  0.993737  0.045033  -0.037321  -0.049071  0.998098  0.000800  -0.002244  0.000755  0.046176  -0.063738  0.294512  2.000000  0.999998  0.002003  0.000435  -0.002003  0.999998  0.000346  -0.000434  -0.000347  1.000000  0.999960  0.008764  0.001903  -0.008767  0.999960  0.001487  -0.001890  -0.001504  0.999997  1.000000  0.000110  0.000024  -0.000110  1.000000  0.000019  -0.000024  -0.000019  1.000000  0.999998  0.002003  0.000435  -0.002003  0.999998  0.000346  -0.000434  -0.000347  1.000000  0.000075  0.009092  
38.223378 0.003350  0.090373  -0.010076  0.993971  0.101211  0.042155  -0.103092  0.993648  0.045119  -0.037321  -0.049192  0.998092  0.000850  -0.002376  0.000948  0.053061  -0.065406  0.329035  2.000000  0.999997  0.002581  0.000555  -0.002582  0.999997  0.000441  -0.000554  -0.000442  1.000000  0.999952  0.009585  0.001944  -0.009589  0.999953  0.001577  -0.001929  -0.001596  0.999997  1.000000  0.000120  0.000024  -0.000120  1.000000  0.000020  -0.000024  -0.000020  1.000000  0.999997  0.002581  0.000555  -0.002582  0.999997  0.000441  -0.000554  -0.000442  1.000000  0.000082  0.009909  
38.224628 0.003351  0.090367  -0.010075  0.993903  0.101808  0.042341  -0.103705  0.993575  0.045320  -0.037455  -0.049434  0.998075  0.000890  -0.002562  0.001096  0.060429  -0.070940  0.349521  2.000000  0.999995  0.003206  0.000679  -0.003206  0.999995  0.000546  -0.000678  -0.000549  1.000000  0.999946  0.010195  0.002111  -0.010199  0.999946  0.001795  -0.002092  -0.001817  0.999996  1.000000  0.000127  0.000026  -0.000127  1.000000  0.000023  -0.000026  -0.000023  1.000000  0.999995  0.003206  0.000679  -0.003206  0.999995  0.000546  -0.000678  -0.000549  1.000000  0.000089  0.010567  
38.225874 0.003353  0.090360  -0.010074  0.993812  0.102609  0.042536  -0.104523  0.993481  0.045512  -0.037589  -0.049676  0.998058  0.000924  -0.002782  0.001154  0.067550  -0.076823  0.376961  2.000000  0.999992  0.003877  0.000814  -0.003877  0.999992  0.000664  -0.000812  -0.000667  0.999999  0.999937  0.011016  0.002154  -0.011020  0.999937  0.002005  -0.002131  -0.002029  0.999996  1.000000  0.000138  0.000027  -0.000138  1.000000  0.000025  -0.000027  -0.000025  1.000000  0.999992  0.003877  0.000814  -0.003877  0.999992  0.000664  -0.000812  -0.000667  0.999999  0.000096  0.011405  
38.226879 0.003355  0.090354  -0.010074  0.993720  0.103410  0.042731  -0.105341  0.993385  0.045704  -0.037722  -0.049918  0.998041  0.001021  -0.003004  0.001170  0.074645  -0.082690  0.404284  2.000000  0.999990  0.004445  0.000926  -0.004446  0.999990  0.000766  -0.000923  -0.000770  0.999999  0.999932  0.011420  0.002309  -0.011425  0.999933  0.001988  -0.002286  -0.002014  0.999995  1.000000  0.000143  0.000029  -0.000143  1.000000  0.000025  -0.000029  -0.000025  1.000000  0.999990  0.004445  0.000926  -0.004446  0.999990  0.000766  -0.000923  -0.000770  0.999999  0.000103  0.011822  
38.228126 0.003357  0.090347  -0.010074  0.993645  0.104000  0.043050  -0.105953  0.993312  0.045890  -0.037990  -0.050160  0.998018  0.001093  -0.003353  0.001140  0.081988  -0.092744  0.424610  2.000000  0.999986  0.005167  0.001071  -0.005168  0.999986  0.000904  -0.001066  -0.000909  0.999999  0.999930  0.011625  0.002323  -0.011630  0.999930  0.002342  -0.002296  -0.002369  0.999995  1.000000  0.000145  0.000029  -0.000145  1.000000  0.000029  -0.000029  -0.000029  1.000000  0.999986  0.005167  0.001071  -0.005168  0.999986  0.000904  -0.001066  -0.000909  0.999999  0.000111  0.012087  
38.229373 0.003358  0.090339  -0.010075  0.993553  0.104801  0.043246  -0.106771  0.993215  0.046081  -0.038123  -0.050401  0.998001  0.001143  -0.003719  0.001057  0.089093  -0.098643  0.452027  2.000000  0.999983  0.005756  0.001186  -0.005757  0.999983  0.001022  -0.001180  -0.001029  0.999999  0.999928  0.011836  0.002203  -0.011842  0.999927  0.002454  -0.002173  -0.002480  0.999995  1.000000  0.000148  0.000027  -0.000148  1.000000  0.000031  -0.000027  -0.000031  1.000000  0.999983  0.005756  0.001186  -0.005757  0.999983  0.001022  -0.001180  -0.001029  0.999999  0.000116  0.012290  
38.230376 0.003360  0.090332  -0.010076  0.993508  0.105199  0.043291  -0.107180  0.993161  0.046304  -0.038123  -0.050644  0.997989  0.001159  -0.004115  0.000942  0.096723  -0.099365  0.465776  2.000000  0.999979  0.006355  0.001301  -0.006356  0.999979  0.001142  -0.001294  -0.001150  0.999999  0.999925  0.012041  0.002214  -0.012047  0.999924  0.002444  -0.002185  -0.002471  0.999995  1.000000  0.000151  0.000027  -0.000151  1.000000  0.000031  -0.000027  -0.000031  1.000000  0.999979  0.006355  0.001301  -0.006356  0.999979  0.001142  -0.001294  -0.001150  0.999999  0.000121  0.012488  
38.231628 0.003362  0.090323  -0.010077  0.993437  0.105801  0.043465  -0.107793  0.993091  0.046384  -0.038257  -0.050764  0.997978  0.001202  -0.004548  0.000812  0.100000  -0.104903  0.486272  2.000000  0.999974  0.007120  0.001447  -0.007122  0.999974  0.001298  -0.001438  -0.001308  0.999998  0.999920  0.012445  0.002372  -0.012451  0.999919  0.002548  -0.002340  -0.002577  0.999994  1.000000  0.000156  0.000029  -0.000156  1.000000  0.000032  -0.000029  -0.000032  1.000000  0.999974  0.007120  0.001447  -0.007122  0.999974  0.001298  -0.001438  -0.001308  0.999998  0.000127  0.012926  
38.232871 0.003364  0.090314  -0.010078  0.993365  0.106397  0.043652  -0.108406  0.993015  0.046583  -0.038391  -0.051006  0.997960  0.001195  -0.004983  0.000572  0.107366  -0.110489  0.506833  2.000000  0.999968  0.007890  0.001601  -0.007892  0.999968  0.001455  -0.001589  -0.001467  0.999998  0.999919  0.012431  0.002642  -0.012438  0.999919  0.002546  -0.002610  -0.002579  0.999993  1.000000  0.000155  0.000033  -0.000155  1.000000  0.000032  -0.000033  -0.000032  1.000000  0.999968  0.007890  0.001601  -0.007892  0.999968  0.001455  -0.001589  -0.001467  0.999998  0.000133  0.012965  
38.233875 0.003365  0.090307  -0.010078  0.993298  0.107005  0.043694  -0.109020  0.992943  0.046677  -0.038391  -0.051127  0.997954  0.001194  -0.005430  0.000393  0.110685  -0.111555  0.527608  2.000000  0.999962  0.008504  0.001733  -0.008506  0.999963  0.001580  -0.001719  -0.001595  0.999997  0.999922  0.012225  0.002633  -0.012232  0.999922  0.002554  -0.002602  -0.002586  0.999993  1.000000  0.000153  0.000033  -0.000153  1.000000  0.000032  -0.000033  -0.000032  1.000000  0.999962  0.008504  0.001733  -0.008506  0.999963  0.001580  -0.001719  -0.001595  0.999997  0.000136  0.012767  
38.234875 0.003366  0.090300  -0.010078  0.993248  0.107401  0.043859  -0.109428  0.992894  0.046764  -0.038524  -0.051248  0.997943  0.001188  -0.005792  0.000235  0.113264  -0.115791  0.536700  2.000000  0.999957  0.009107  0.001868  -0.009110  0.999957  0.001705  -0.001852  -0.001722  0.999997  0.999924  0.012012  0.002758  -0.012019  0.999924  0.002561  -0.002727  -0.002594  0.999993  1.000000  0.000150  0.000034  -0.000150  1.000000  0.000032  -0.000034  -0.000032  1.000000  0.999957  0.009107  0.001868  -0.009110  0.999957  0.001705  -0.001852  -0.001722  0.999997  0.000139  0.012592  
38.235877 0.003367  0.090292  -0.010077  0.993198  0.107798  0.044024  -0.109836  0.992845  0.046852  -0.038658  -0.051369  0.997931  0.001165  -0.006018  0.000169  0.116736  -0.116514  0.550455  2.000000  0.999951  0.009702  0.002006  -0.009706  0.999951  0.001828  -0.001988  -0.001847  0.999996  0.999927  0.011807  0.002747  -0.011814  0.999927  0.002446  -0.002718  -0.002478  0.999993  1.000000  0.000148  0.000034  -0.000148  1.000000  0.000031  -0.000034  -0.000031  1.000000  0.999951  0.009702  0.002006  -0.009706  0.999951  0.001828  -0.001988  -0.001847  0.999996  0.000144  0.012370  
38.237131 0.003368  0.090284  -0.010077  0.993147  0.108200  0.044176  -0.110245  0.992801  0.046819  -0.038792  -0.051369  0.997926  0.001261  -0.006331  0.000079  0.114060  -0.116820  0.541147  2.000000  0.999945  0.010287  0.002143  -0.010292  0.999945  0.001952  -0.002123  -0.001973  0.999996  0.999929  0.011601  0.002738  -0.011608  0.999930  0.002453  -0.002709  -0.002484  0.999993  1.000000  0.000145  0.000034  -0.000145  1.000000  0.000031  -0.000034  -0.000031  1.000000  0.999945  0.010287  0.002143  -0.010292  0.999945  0.001952  -0.002123  -0.001973  0.999996  0.000142  0.012173  
38.238374 0.003369  0.090275  -0.010076  0.993097  0.108596  0.044341  -0.110653  0.992752  0.046907  -0.038926  -0.051489  0.997915  0.001263  -0.006546  0.000010  0.113315  -0.115591  0.529862  2.000000  0.999937  0.010997  0.002311  -0.011002  0.999937  0.002103  -0.002288  -0.002128  0.999995  0.999934  0.011197  0.002585  -0.011203  0.999934  0.002467  -0.002557  -0.002496  0.999994  1.000000  0.000140  0.000032  -0.000140  1.000000  0.000031  -0.000032  -0.000031  1.000000  0.999937  0.010997  0.002311  -0.011002  0.999937  0.002103  -0.002288  -0.002128  0.999995  0.000140  0.011756  
38.239629 0.003370  0.090265  -0.010075  0.993023  0.109203  0.044503  -0.111266  0.992685  0.046864  -0.039059  -0.051489  0.997909  0.001246  -0.006780  0.000000  0.109809  -0.112435  0.541385  2.000000  0.999929  0.011684  0.002475  -0.011689  0.999929  0.002252  -0.002448  -0.002281  0.999994  0.999939  0.010786  0.002564  -0.010792  0.999939  0.002361  -0.002538  -0.002388  0.999994  1.000000  0.000135  0.000032  -0.000135  1.000000  0.000030  -0.000032  -0.000030  1.000000  0.999929  0.011684  0.002475  -0.011689  0.999929  0.002252  -0.002448  -0.002281  0.999994  0.000140  0.011338  
38.240878 0.003369  0.090256  -0.010073  0.992972  0.109599  0.044668  -0.111674  0.992635  0.046952  -0.039193  -0.051610  0.997898  0.001081  -0.006954  -0.000007  0.108608  -0.116369  0.543533  2.000000  0.999920  0.012342  0.002633  -0.012349  0.999921  0.002401  -0.002604  -0.002433  0.999994  0.999945  0.010169  0.002534  -0.010175  0.999945  0.002384  -0.002509  -0.002409  0.999994  1.000000  0.000127  0.000032  -0.000127  1.000000  0.000030  -0.000032  -0.000030  1.000000  0.999920  0.012342  0.002633  -0.012349  0.999921  0.002401  -0.002604  -0.002433  0.999994  0.000140  0.010751  
38.242128 0.003369  0.090246  -0.010072  0.992949  0.109803  0.044677  -0.111878  0.992613  0.046942  -0.039193  -0.051610  0.997898  0.000908  -0.007096  0.000094  0.101086  -0.120218  0.529652  2.000000  0.999912  0.012965  0.002789  -0.012972  0.999913  0.002543  -0.002756  -0.002579  0.999993  0.999949  0.009765  0.002379  -0.009770  0.999950  0.002279  -0.002356  -0.002302  0.999995  1.000000  0.000122  0.000030  -0.000122  1.000000  0.000029  -0.000030  -0.000029  1.000000  0.999912  0.012965  0.002789  -0.012972  0.999913  0.002543  -0.002756  -0.002579  0.999993  0.000139  0.010308  
38.243378 0.003368  0.090237  -0.010072  0.992926  0.110002  0.044700  -0.112083  0.992584  0.047054  -0.039193  -0.051731  0.997892  0.000694  -0.007269  0.000112  0.102691  -0.120223  0.513219  2.000000  0.999904  0.013562  0.002938  -0.013570  0.999904  0.002682  -0.002901  -0.002721  0.999992  0.999953  0.009354  0.002359  -0.009359  0.999954  0.002174  -0.002338  -0.002196  0.999995  1.000000  0.000117  0.000029  -0.000117  1.000000  0.000027  -0.000029  -0.000027  1.000000  0.999904  0.013562  0.002938  -0.013570  0.999904  0.002682  -0.002901  -0.002721  0.999992  0.000137  0.009891  
38.244628 0.003367  0.090227  -0.010072  0.992874  0.110399  0.044866  -0.112491  0.992534  0.047141  -0.039327  -0.051852  0.997880  0.000514  -0.007370  0.000221  0.099102  -0.124111  0.499147  2.000000  0.999895  0.014123  0.003089  -0.014132  0.999896  0.002812  -0.003049  -0.002856  0.999991  0.999959  0.008730  0.002461  -0.008736  0.999960  0.002076  -0.002442  -0.002097  0.999995  1.000000  0.000109  0.000031  -0.000109  1.000000  0.000026  -0.000031  -0.000026  1.000000  0.999895  0.014123  0.003089  -0.014132  0.999896  0.002812  -0.003049  -0.002856  0.999991  0.000131  0.009308  
38.245971 0.003365  0.090217  -0.010072  0.992851  0.110603  0.044876  -0.112695  0.992511  0.047131  -0.039327  -0.051852  0.997880  0.000265  -0.007387  0.000315  0.095446  -0.113760  0.477372  2.000000  0.999889  0.014557  0.003206  -0.014566  0.999890  0.002914  -0.003163  -0.002960  0.999991  0.999961  0.008532  0.002318  -0.008536  0.999962  0.001963  -0.002301  -0.001983  0.999995  1.000000  0.000107  0.000029  -0.000107  1.000000  0.000025  -0.000029  -0.000025  1.000000  0.999889  0.014557  0.003206  -0.014566  0.999890  0.002914  -0.003163  -0.002960  0.999991  0.000128  0.009058  
38.247129 0.003362  0.090206  -0.010073  0.992823  0.110795  0.045031  -0.112899  0.992483  0.047227  -0.039460  -0.051972  0.997869  -0.000061  -0.007574  0.000319  0.096476  -0.113135  0.458151  2.000000  0.999882  0.014976  0.003321  -0.014986  0.999883  0.003005  -0.003276  -0.003054  0.999990  0.999964  0.008121  0.002296  -0.008125  0.999965  0.001735  -0.002282  -0.001754  0.999996  1.000000  0.000102  0.000029  -0.000102  1.000000  0.000022  -0.000029  -0.000022  1.000000  0.999882  0.014976  0.003321  -0.014986  0.999883  0.003005  -0.003276  -0.003054  0.999990  0.000121  0.008618  
38.248373 0.003359  0.090195  -0.010074  0.992771  0.111197  0.045183  -0.113307  0.992438  0.047194  -0.039594  -0.051972  0.997863  -0.000357  -0.007721  0.000265  0.091826  -0.107451  0.447828  2.000000  0.999875  0.015460  0.003456  -0.015471  0.999875  0.003114  -0.003408  -0.003167  0.999989  0.999970  0.007511  0.002132  -0.007514  0.999970  0.001638  -0.002119  -0.001654  0.999996  1.000000  0.000094  0.000027  -0.000094  1.000000  0.000021  -0.000027  -0.000021  1.000000  0.999875  0.015460  0.003456  -0.015471  0.999875  0.003114  -0.003408  -0.003167  0.999989  0.000118  0.007979  
38.249375 0.003355  0.090185  -0.010076  0.992742  0.111394  0.045326  -0.113511  0.992416  0.047169  -0.039728  -0.051972  0.997858  -0.000726  -0.007910  0.000098  0.092543  -0.106399  0.427211  2.000000  0.999868  0.015823  0.003563  -0.015834  0.999870  0.003189  -0.003512  -0.003245  0.999989  0.999974  0.006895  0.002100  -0.006898  0.999975  0.001419  -0.002090  -0.001433  0.999997  1.000000  0.000086  0.000026  -0.000086  1.000000  0.000018  -0.000026  -0.000018  1.000000  0.999868  0.015823  0.003563  -0.015834  0.999870  0.003189  -0.003512  -0.003245  0.999989  0.000113  0.007347  
38.250379 0.003352  0.090176  -0.010078  0.992713  0.111592  0.045468  -0.113715  0.992394  0.047145  -0.039861  -0.051972  0.997853  -0.000981  -0.008015  -0.000032  0.089008  -0.110197  0.413316  2.000000  0.999863  0.016160  0.003665  -0.016172  0.999864  0.003255  -0.003612  -0.003313  0.999988  0.999977  0.006491  0.001945  -0.006493  0.999978  0.001314  -0.001936  -0.001327  0.999997  1.000000  0.000081  0.000024  -0.000081  1.000000  0.000017  -0.000024  -0.000017  1.000000  0.999863  0.016160  0.003665  -0.016172  0.999864  0.003255  -0.003612  -0.003313  0.999988  0.000108  0.006903  
38.251624 0.003348  0.090165  -0.010081  0.992690  0.111796  0.045478  -0.113919  0.992371  0.047135  -0.039861  -0.051972  0.997853  -0.001325  -0.008151  -0.000218  0.085728  -0.104725  0.392975  2.000000  0.999856  0.016562  0.003792  -0.016575  0.999857  0.003323  -0.003737  -0.003385  0.999987  0.999978  0.006285  0.001934  -0.006287  0.999980  0.001079  -0.001927  -0.001091  0.999998  1.000000  0.000079  0.000024  -0.000079  1.000000  0.000014  -0.000024  -0.000014  1.000000  0.999856  0.016562  0.003792  -0.016575  0.999857  0.003323  -0.003737  -0.003385  0.999987  0.000104  0.006665  
38.252874 0.003343  0.090155  -0.010082  0.992667  0.112000  0.045488  -0.114124  0.992348  0.047126  -0.039861  -0.051972  0.997853  -0.001733  -0.008272  -0.000416  0.078234  -0.104162  0.379568  2.000000  0.999850  0.016866  0.003889  -0.016879  0.999852  0.003368  -0.003832  -0.003434  0.999987  0.999981  0.005874  0.001913  -0.005876  0.999982  0.000853  -0.001908  -0.000864  0.999998  1.000000  0.000073  0.000024  -0.000073  1.000000  0.000011  -0.000024  -0.000011  1.000000  0.999850  0.016866  0.003889  -0.016879  0.999852  0.003368  -0.003832  -0.003434  0.999987  0.000101  0.006237  
38.253878 0.003339  0.090146  -0.010084  0.992667  0.112000  0.045488  -0.114124  0.992348  0.047126  -0.039861  -0.051972  0.997853  -0.002056  -0.008323  -0.000565  0.075812  -0.103565  0.354785  2.000000  0.999845  0.017157  0.003982  -0.017171  0.999847  0.003407  -0.003923  -0.003475  0.999986  0.999982  0.005676  0.001769  -0.005677  0.999984  0.000740  -0.001765  -0.000750  0.999998  1.000000  0.000071  0.000022  -0.000071  1.000000  0.000009  -0.000022  -0.000009  1.000000  0.999845  0.017157  0.003982  -0.017171  0.999847  0.003407  -0.003923  -0.003475  0.999986  0.000097  0.005992  
38.255129 0.003334  0.090136  -0.010086  0.992638  0.112198  0.045630  -0.114328  0.992326  0.047101  -0.039995  -0.051971  0.997847  -0.002414  -0.008359  -0.000783  0.068121  -0.098412  0.341179  2.000000  0.999839  0.017489  0.004092  -0.017503  0.999841  0.003446  -0.004031  -0.003517  0.999986  0.999985  0.005265  0.001747  -0.005266  0.999986  0.000635  -0.001744  -0.000644  0.999998  1.000000  0.000066  0.000022  -0.000066  1.000000  0.000008  -0.000022  -0.000008  1.000000  0.999839  0.017489  0.004092  -0.017503  0.999841  0.003446  -0.004031  -0.003517  0.999986  0.000092  0.005584  
38.256380 0.003328  0.090126  -0.010087  0.992614  0.112402  0.045640  -0.114532  0.992303  0.047092  -0.039995  -0.051971  0.997847  -0.002777  -0.008419  -0.000955  0.061013  -0.092544  0.313741  2.000000  0.999836  0.017615  0.004136  -0.017630  0.999839  0.003460  -0.004074  -0.003533  0.999985  0.999987  0.004854  0.001726  -0.004855  0.999988  0.000530  -0.001724  -0.000538  0.999998  1.000000  0.000000  0.000000  0.000000  1.000000  0.000000  0.000000  0.000000  1.000000  0.999836  0.017615  0.004136  -0.017630  0.999839  0.003460  -0.004074  -0.003533  0.999985  0.000086  0.000000  
38.257628 0.003322  0.090116  -0.010089  0.992585  0.112605  0.045768  -0.114736  0.992286  0.046947  -0.040129  -0.051850  0.997848  -0.003160  -0.008449  -0.001101  0.045471  -0.091520  0.293001  2.000000  0.999836  0.017615  0.004136  -0.017630  0.999839  0.003460  -0.004074  -0.003533  0.999985  0.999989  0.004457  0.001437  -0.004458  0.999990  0.000304  -0.001436  -0.000310  0.999999  1.000000  0.000000  0.000000  0.000000  1.000000  0.000000  0.000000  0.000000  1.000000  0.999836  0.017615  0.004136  -0.017630  0.999839  0.003460  -0.004074  -0.003533  0.999985  0.000079  0.000000  
38.258629 0.003317  0.090108  -0.010090  0.992585  0.112605  0.045768  -0.114736  0.992286  0.046947  -0.040129  -0.051850  0.997848  -0.003386  -0.008484  -0.001176  0.041599  -0.085689  0.277308  2.000000  0.999836  0.017615  0.004136  -0.017630  0.999839  0.003460  -0.004074  -0.003533  0.999985  0.999990  0.004252  0.001426  -0.004252  0.999991  0.000311  -0.001425  -0.000317  0.999999  1.000000  0.000000  0.000000  0.000000  1.000000  0.000000  0.000000  0.000000  1.000000  0.999836  0.017615  0.004136  -0.017630  0.999839  0.003460  -0.004074  -0.003533  0.999985  0.000074  0.000000  
38.259630 0.003312  0.090100  -0.010090  0.992562  0.112815  0.045764  -0.114940  0.992269  0.046817  -0.040129  -0.051729  0.997855  -0.003697  -0.008470  -0.001269  0.030207  -0.081155  0.265820  2.000000  0.999836  0.017615  0.004136  -0.017630  0.999839  0.003460  -0.004074  -0.003533  0.999985  0.999991  0.004053  0.001282  -0.004053  0.999992  0.000077  -0.001281  -0.000082  0.999999  1.000000  0.000000  0.000000  0.000000  1.000000  0.000000  0.000000  0.000000  1.000000  0.999836  0.017615  0.004136  -0.017630  0.999839  0.003460  -0.004074  -0.003533  0.999985  0.000070  0.000000  
38.260878 0.003307  0.090091  -0.010091  0.992562  0.112815  0.045764  -0.114940  0.992269  0.046817  -0.040129  -0.051729  0.997855  -0.003902  -0.008438  -0.001299  0.022852  -0.075640  0.245350  2.000000  0.999836  0.017615  0.004136  -0.017630  0.999839  0.003460  -0.004074  -0.003533  0.999985  0.999993  0.003642  0.001260  -0.003643  0.999993  0.000094  -0.001260  -0.000098  0.999999  1.000000  0.000000  0.000000  0.000000  1.000000  0.000000  0.000000  0.000000  1.000000  0.999836  0.017615  0.004136  -0.017630  0.999839  0.003460  -0.004074  -0.003533  0.999985  0.000066  0.000000  
38.262124 0.003300  0.090082  -0.010092  0.992562  0.112820  0.045751  -0.114940  0.992274  0.046697  -0.040129  -0.051608  0.997861  -0.004115  -0.008288  -0.001304  0.015117  -0.074323  0.229659  2.000000  0.999836  0.017615  0.004136  -0.017630  0.999839  0.003460  -0.004074  -0.003533  0.999985  0.999994  0.003239  0.001105  -0.003238  0.999995  -0.000132  -0.001106  0.000129  0.999999  1.000000  0.000000  0.000000  0.000000  1.000000  0.000000  0.000000  0.000000  1.000000  0.999836  0.017615  0.004136  -0.017630  0.999839  0.003460  -0.004074  -0.003533  0.999985  0.000061  0.000000  
38.263375 0.003294  0.090072  -0.010094  0.992538  0.113024  0.045760  -0.115144  0.992251  0.046687  -0.040129  -0.051608  0.997861  -0.004314  -0.008171  -0.001280  0.007887  -0.069409  0.211067  2.000000  0.999836  0.017615  0.004136  -0.017630  0.999839  0.003460  -0.004074  -0.003533  0.999985  0.999994  0.003239  0.001105  -0.003238  0.999995  -0.000254  -0.001106  0.000250  0.999999  1.000000  0.000000  0.000000  0.000000  1.000000  0.000000  0.000000  0.000000  1.000000  0.999836  0.017615  0.004136  -0.017630  0.999839  0.003460  -0.004074  -0.003533  0.999985  0.000057  0.000000  
38.264628 0.003289  0.090063  -0.010096  0.992538  0.113030  0.045747  -0.115144  0.992257  0.046567  -0.040129  -0.051487  0.997867  -0.004447  -0.007992  -0.001270  0.000534  -0.063844  0.190560  2.000000  0.999836  0.017615  0.004136  -0.017630  0.999839  0.003460  -0.004074  -0.003533  0.999985  0.999995  0.003033  0.001094  -0.003033  0.999995  -0.000367  -0.001095  0.000363  0.999999  1.000000  0.000000  0.000000  0.000000  1.000000  0.000000  0.000000  0.000000  1.000000  0.999836  0.017615  0.004136  -0.017630  0.999839  0.003460  -0.004074  -0.003533  0.999985  0.000052  0.000000  
38.265874 0.003284  0.090054  -0.010099  0.992514  0.113234  0.045756  -0.115349  0.992233  0.046558  -0.040129  -0.051487  0.997867  -0.004488  -0.007872  -0.001318  -0.003256  -0.058527  0.182382  2.000000  0.999836  0.017615  0.004136  -0.017630  0.999839  0.003460  -0.004074  -0.003533  0.999985  0.999996  0.002835  0.000950  -0.002834  0.999996  -0.000480  -0.000951  0.000477  0.999999  1.000000  0.000000  0.000000  0.000000  1.000000  0.000000  0.000000  0.000000  1.000000  0.999836  0.017615  0.004136  -0.017630  0.999839  0.003460  -0.004074  -0.003533  0.999985  0.000048  0.000000  
38.266899 0.003280  0.090046  -0.010102  0.992509  0.113233  0.045875  -0.115348  0.992240  0.046422  -0.040263  -0.051366  0.997868  -0.004473  -0.007784  -0.001364  -0.006834  -0.058258  0.169992  2.000000  0.999836  0.017615  0.004136  -0.017630  0.999839  0.003460  -0.004074  -0.003533  0.999985  0.999997  0.002424  0.000929  -0.002423  0.999997  -0.000585  -0.000930  0.000583  0.999999  1.000000  0.000000  0.000000  0.000000  1.000000  0.000000  0.000000  0.000000  1.000000  0.999836  0.017615  0.004136  -0.017630  0.999839  0.003460  -0.004074  -0.003533  0.999985  0.000046  0.000000  
38.268125 0.003276  0.090038  -0.010104  0.992509  0.113233  0.045875  -0.115348  0.992240  0.046422  -0.040263  -0.051366  0.997868  -0.004453  -0.007680  -0.001423  0.000000  0.000000  0.000000  2.000000  0.999836  0.017615  0.004136  -0.017630  0.999839  0.003460  -0.004074  -0.003533  0.999985  0.999997  0.002219  0.000918  -0.002218  0.999997  -0.000698  -0.000919  0.000696  0.999999  1.000000  0.000000  0.000000  0.000000  1.000000  0.000000  0.000000  0.000000  1.000000  0.999836  0.017615  0.004136  -0.017630  0.999839  0.003460  -0.004074  -0.003533  0.999985  0.000000  0.000000  
38.269127 0.003273  0.090031  -0.010106  0.992480  0.113430  0.046017  -0.115552  0.992217  0.046397  -0.040396  -0.051365  0.997863  -0.004334  -0.007591  -0.001480  0.000000  0.000000  0.000000  2.000000  0.999836  0.017615  0.004136  -0.017630  0.999839  0.003460  -0.004074  -0.003533  0.999985  0.999997  0.002431  0.000795  -0.002430  0.999997  -0.000706  -0.000797  0.000704  0.999999  1.000000  0.000000  0.000000  0.000000  1.000000  0.000000  0.000000  0.000000  1.000000  0.999836  0.017615  0.004136  -0.017630  0.999839  0.003460  -0.004074  -0.003533  0.999985  0.000000  0.000000  
38.270377 0.003270  0.090023  -0.010110  0.992480  0.113436  0.046003  -0.115552  0.992223  0.046277  -0.040396  -0.051244  0.997869  -0.004177  -0.007453  -0.001562  0.000000  0.000000  0.000000  2.000000  0.999836  0.017615  0.004136  -0.017630  0.999839  0.003460  -0.004074  -0.003533  0.999985  0.999998  0.002020  0.000774  -0.002019  0.999998  -0.000811  -0.000775  0.000809  0.999999  1.000000  0.000000  0.000000  0.000000  1.000000  0.000000  0.000000  0.000000  1.000000  0.999836  0.017615  0.004136  -0.017630  0.999839  0.003460  -0.004074  -0.003533  0.999985  0.000000  0.000000  
38.271379 0.003267  0.090016  -0.010112  0.992480  0.113436  0.046003  -0.115552  0.992223  0.046277  -0.040396  -0.051244  0.997869  -0.004051  -0.007341  -0.001662  0.000000  0.000000  0.000000  2.000000  0.999836  0.017615  0.004136  -0.017630  0.999839  0.003460  -0.004074  -0.003533  0.999985  0.999998  0.001821  0.000629  -0.001821  0.999998  -0.000803  -0.000631  0.000802  0.999999  1.000000  0.000000  0.000000  0.000000  1.000000  0.000000  0.000000  0.000000  1.000000  0.999836  0.017615  0.004136  -0.017630  0.999839  0.003460  -0.004074  -0.003533  0.999985  0.000000  0.000000  
38.272380 0.003265  0.090009  -0.010114  0.992480  0.113436  0.046003  -0.115552  0.992223  0.046277  -0.040396  -0.051244  0.997869  -0.003836  -0.007222  -0.001695  0.000000  0.000000  0.000000  2.000000  0.999836  0.017615  0.004136  -0.017630  0.999839  0.003460  -0.004074  -0.003533  0.999985  0.999998  0.001821  0.000629  -0.001821  0.999998  -0.000803  -0.000631  0.000802  0.999999  1.000000  0.000000  0.000000  0.000000  1.000000  0.000000  0.000000  0.000000  1.000000  0.999836  0.017615  0.004136  -0.017630  0.999839  0.003460  -0.004074  -0.003533  0.999985  0.000000  0.000000  
38.273632 0.003263  0.090001  -0.010116  0.992480  0.113436  0.046003  -0.115552  0.992223  0.046277  -0.040396  -0.051244  0.997869  -0.003604  -0.007110  -0.001810  0.000000  0.000000  0.000000  2.000000  0.999836  0.017615  0.004136  -0.017630  0.999839  0.003460  -0.004074  -0.003533  0.999985  0.999999  0.001411  0.000608  -0.001410  0.999999  -0.000786  -0.000609  0.000785  1.000000  1.000000  0.000000  0.000000  0.000000  1.000000  0.000000  0.000000  0.000000  1.000000  0.999836  0.017615  0.004136  -0.017630  0.999839  0.003460  -0.004074  -0.003533  0.999985  0.000000  0.000000  
38.274879 0.003261  0.089993  -0.010118  0.992480  0.113442  0.045990  -0.115552  0.992229  0.046156  -0.040396  -0.051123  0.997875  -0.003343  -0.007000  -0.001805  0.000000  0.000000  0.000000  2.000000  0.999836  0.017615  0.004136  -0.017630  0.999839  0.003460  -0.004074  -0.003533  0.999985  0.999999  0.001411  0.000608  -0.001410  0.999999  -0.000907  -0.000609  0.000906  0.999999  1.000000  0.000000  0.000000  0.000000  1.000000  0.000000  0.000000  0.000000  1.000000  0.999836  0.017615  0.004136  -0.017630  0.999839  0.003460  -0.004074  -0.003533  0.999985  0.000000  0.000000  
38.276126 0.003260  0.089987  -0.010118  0.992456  0.113646  0.045999  -0.115756  0.992205  0.046147  -0.040396  -0.051123  0.997875  -0.003048  -0.006810  -0.001792  0.000000  0.000000  0.000000  2.000000  0.999836  0.017615  0.004136  -0.017630  0.999839  0.003460  -0.004074  -0.003533  0.999985  0.999999  0.001418  0.000475  -0.001417  0.999999  -0.000907  -0.000476  0.000907  0.999999  1.000000  0.000000  0.000000  0.000000  1.000000  0.000000  0.000000  0.000000  1.000000  0.999836  0.017615  0.004136  -0.017630  0.999839  0.003460  -0.004074  -0.003533  0.999985  0.000000  0.000000  
38.277380 0.003259  0.089980  -0.010118  0.992456  0.113646  0.045999  -0.115756  0.992205  0.046147  -0.040396  -0.051123  0.997875  -0.002676  -0.006630  -0.001730  0.000000  0.000000  0.000000  2.000000  0.999836  0.017615  0.004136  -0.017630  0.999839  0.003460  -0.004074  -0.003533  0.999985  0.999999  0.001212  0.000464  -0.001212  0.999999  -0.000778  -0.000465  0.000777  1.000000  1.000000  0.000000  0.000000  0.000000  1.000000  0.000000  0.000000  0.000000  1.000000  0.999836  0.017615  0.004136  -0.017630  0.999839  0.003460  -0.004074  -0.003533  0.999985  0.000000  0.000000  
38.278626 0.003258  0.089974  -0.010118  0.992456  0.113646  0.045999  -0.115756  0.992205  0.046147  -0.040396  -0.051123  0.997875  -0.002322  -0.006423  -0.001586  0.000000  0.000000  0.000000  2.000000  0.999836  0.017615  0.004136  -0.017630  0.999839  0.003460  -0.004074  -0.003533  0.999985  0.999999  0.001013  0.000320  -0.001013  0.999999  -0.000769  -0.000321  0.000769  1.000000  1.000000  0.000000  0.000000  0.000000  1.000000  0.000000  0.000000  0.000000  1.000000  0.999836  0.017615  0.004136  -0.017630  0.999839  0.003460  -0.004074  -0.003533  0.999985  0.000000  0.000000  
38.279873 0.003258  0.089969  -0.010117  0.992456  0.113651  0.045985  -0.115756  0.992211  0.046026  -0.040396  -0.051002  0.997881  -0.001984  -0.006158  -0.001358  0.000000  0.000000  0.000000  2.000000  0.999836  0.017615  0.004136  -0.017630  0.999839  0.003460  -0.004074  -0.003533  0.999985  1.000000  0.000808  0.000309  -0.000808  0.999999  -0.000761  -0.000310  0.000761  1.000000  1.000000  0.000000  0.000000  0.000000  1.000000  0.000000  0.000000  0.000000  1.000000  0.999836  0.017615  0.004136  -0.017630  0.999839  0.003460  -0.004074  -0.003533  0.999985  0.000000  0.000000  
38.280875 0.003257  0.089964  -0.010117  0.992456  0.113651  0.045985  -0.115756  0.992211  0.046026  -0.040396  -0.051002  0.997881  -0.001702  -0.005924  -0.001150  0.000000  0.000000  0.000000  2.000000  0.999836  0.017615  0.004136  -0.017630  0.999839  0.003460  -0.004074  -0.003533  0.999985  1.000000  0.000808  0.000309  -0.000808  0.999999  -0.000761  -0.000310  0.000761  1.000000  1.000000  0.000000  0.000000  0.000000  1.000000  0.000000  0.000000  0.000000  1.000000  0.999836  0.017615  0.004136  -0.017630  0.999839  0.003460  -0.004074  -0.003533  0.999985  0.000000  0.000000  
