1-Time 2-Px 3-Py 4-Pz 5-R11 6-R21 7-R31 8-R12 9-R22 10-R32 11-R13 12-R23 13-R33 14-Vx 15-Vy 16-Vz 17-Wx 18-Wy 19-Wz 20-state 21-PR11 22-PR21 23-PR31 24-PR12 25-PR22 26-PR32 27-PR13 28-PR23 29-PR33 
103.814842 0.005937  0.093214  -0.005998  0.995009  0.029678  -0.095273  -0.027046  0.999219  0.028797  0.096053  -0.026076  0.995035  -0.000141  -0.000142  -0.000138  0.000000  0.000000  0.000000  2.000000  1.000000  0.000000  0.000000  0.000000  1.000000  0.000000  0.000000  0.000000  1.000000  1.000000  -0.000205  -0.000005  0.000205  1.000000  -0.000141  0.000005  0.000141  1.000000  1.000000  0.000000  0.000000  0.000000  1.000000  0.000000  0.000000  0.000000  1.000000  0.538134  0.762397  -0.359392  -0.631387  0.647103  0.427327  0.558357  -0.003044  0.829595  0.000000  0.000000  
103.815848 0.005937  0.093214  -0.005998  0.995009  0.029678  -0.095273  -0.027046  0.999219  0.028797  0.096053  -0.026076  0.995035  -0.000110  -0.000115  -0.000117  0.000000  0.000000  0.000000  2.000000  1.000000  0.000000  0.000000  0.000000  1.000000  0.000000  0.000000  0.000000  1.000000  1.000000  -0.000205  -0.000005  0.000205  1.000000  -0.000141  0.000005  0.000141  1.000000  1.000000  0.000000  0.000000  0.000000  1.000000  0.000000  0.000000  0.000000  1.000000  1.000000  0.000000  0.000000  0.000000  1.000000  0.000000  0.000000  0.000000  1.000000  0.000000  0.000000  
103.816848 0.005937  0.093213  -0.006000  0.994977  0.029902  -0.095529  -0.027250  0.999210  0.028945  0.096319  -0.026196  0.995006  -0.000049  -0.000153  -0.000245  0.000000  0.000000  0.000000  2.000000  1.000000  0.000000  0.000000  0.000000  1.000000  0.000000  0.000000  0.000000  1.000000  1.000000  -0.000201  -0.000139  0.000201  1.000000  -0.000020  0.000139  0.000020  1.000000  1.000000  0.000000  0.000000  0.000000  1.000000  0.000000  0.000000  0.000000  1.000000  1.000000  0.000000  0.000000  0.000000  1.000000  0.000000  0.000000  0.000000  1.000000  0.000000  0.000000  
103.817849 0.005937  0.093211  -0.006003  0.994952  0.029909  -0.095795  -0.027249  0.999209  0.028952  0.096586  -0.026195  0.994980  -0.000051  -0.000326  -0.000449  0.000000  0.000000  0.000000  2.000000  1.000000  0.000000  0.000000  0.000000  1.000000  0.000000  0.000000  0.000000  1.000000  1.000000  0.000011  -0.000401  -0.000011  1.000000  0.000000  0.000401  0.000000  1.000000  1.000000  0.000000  0.000000  0.000000  1.000000  0.000000  0.000000  0.000000  1.000000  1.000000  0.000000  0.000000  0.000000  1.000000  0.000000  0.000000  0.000000  1.000000  0.000000  0.000000  
103.819100 0.005938  0.093208  -0.006007  0.994900  0.029935  -0.096324  -0.027248  0.999205  0.029088  0.097118  -0.026315  0.994925  0.000035  -0.000450  -0.000681  0.000000  0.000000  0.000000  2.000000  1.000000  0.000000  0.000000  0.000000  1.000000  0.000000  0.000000  0.000000  1.000000  1.000000  0.000025  -0.000936  -0.000025  1.000000  0.000121  0.000936  -0.000121  1.000000  1.000000  0.000000  0.000000  0.000000  1.000000  0.000000  0.000000  0.000000  1.000000  1.000000  0.000000  0.000000  0.000000  1.000000  0.000000  0.000000  0.000000  1.000000  0.000000  0.000000  
103.820349 0.005939  0.093205  -0.006011  0.994861  0.029957  -0.096720  -0.027247  0.999202  0.029220  0.097518  -0.026434  0.994883  0.000085  -0.000702  -0.000924  0.000000  0.000000  0.000000  2.000000  1.000000  0.000000  0.000000  0.000000  1.000000  0.000000  0.000000  0.000000  1.000000  0.999999  0.000039  -0.001471  -0.000039  1.000000  0.000243  0.001471  -0.000243  0.999999  1.000000  0.000000  0.000000  0.000000  1.000000  0.000000  0.000000  0.000000  1.000000  1.000000  0.000000  0.000000  0.000000  1.000000  0.000000  0.000000  0.000000  1.000000  0.000000  0.000000  
103.821351 0.005940  0.093202  -0.006013  0.994816  0.030185  -0.097109  -0.027451  0.999192  0.029372  0.097917  -0.026554  0.994840  0.000175  -0.000870  -0.001101  0.000000  0.000000  0.000000  2.000000  1.000000  0.000000  0.000000  0.000000  1.000000  0.000000  0.000000  0.000000  1.000000  0.999998  0.000046  -0.001739  -0.000046  1.000000  0.000364  0.001739  -0.000364  0.999998  1.000000  0.000000  0.000000  0.000000  1.000000  0.000000  0.000000  0.000000  1.000000  1.000000  0.000000  0.000000  0.000000  1.000000  0.000000  0.000000  0.000000  1.000000  0.000000  0.000000  
103.822594 0.005942  0.093199  -0.006016  0.994771  0.030413  -0.097499  -0.027654  0.999181  0.029524  0.098317  -0.026674  0.994798  0.000312  -0.001022  -0.001261  0.000000  0.000000  0.000000  2.000000  1.000000  0.000000  0.000000  0.000000  1.000000  0.000000  0.000000  0.000000  1.000000  0.999998  0.000672  -0.002124  -0.000671  1.000000  0.000546  0.002124  -0.000544  0.999998  1.000000  0.000000  0.000000  0.000000  1.000000  0.000000  0.000000  0.000000  1.000000  1.000000  0.000000  0.000000  0.000000  1.000000  0.000000  0.000000  0.000000  1.000000  0.000000  0.000000  
103.823595 0.005943  0.093197  -0.006019  0.994739  0.030638  -0.097755  -0.027858  0.999171  0.029673  0.098583  -0.026794  0.994768  0.000409  -0.001214  -0.001427  0.000000  0.000000  0.000000  2.000000  1.000000  0.000000  0.000000  0.000000  1.000000  0.000000  0.000000  0.000000  1.000000  0.999997  0.000884  -0.002385  -0.000883  0.999999  0.000688  0.002386  -0.000686  0.999997  1.000000  0.000000  0.000000  0.000000  1.000000  0.000000  0.000000  0.000000  1.000000  1.000000  0.000000  0.000000  0.000000  1.000000  0.000000  0.000000  0.000000  1.000000  0.000000  0.000000  
103.824598 0.005944  0.093194  -0.006022  0.994688  0.031060  -0.098142  -0.028267  0.999158  0.029725  0.098982  -0.026792  0.994728  0.000466  -0.001405  -0.001657  0.000000  0.000000  0.000000  2.000000  1.000000  0.000000  0.000000  0.000000  1.000000  0.000000  0.000000  0.000000  1.000000  0.999996  0.001100  -0.002781  -0.001098  0.999999  0.000708  0.002782  -0.000705  0.999996  1.000000  0.000000  0.000000  0.000000  1.000000  0.000000  0.000000  0.000000  1.000000  1.000000  0.000000  0.000000  0.000000  1.000000  0.000000  0.000000  0.000000  1.000000  0.000000  0.000000  
103.825603 0.005944  0.093191  -0.006025  0.994642  0.031277  -0.098535  -0.028471  0.999152  0.029756  0.099382  -0.026791  0.994689  0.000464  -0.001577  -0.001860  0.000000  0.000000  0.000000  2.000000  1.000000  0.000000  0.000000  0.000000  1.000000  0.000000  0.000000  0.000000  1.000000  0.999994  0.001316  -0.003177  -0.001313  0.999999  0.000729  0.003178  -0.000725  0.999995  1.000000  0.000000  0.000000  0.000000  1.000000  0.000000  0.000000  0.000000  1.000000  1.000000  0.000000  0.000000  0.000000  1.000000  0.000000  0.000000  0.000000  1.000000  0.000000  0.000000  
103.826848 0.005944  0.093189  -0.006031  0.994569  0.031500  -0.099194  -0.028673  0.999145  0.029796  0.100048  -0.026790  0.994622  0.000472  -0.001724  -0.002290  0.000000  0.000000  0.000000  2.000000  1.000000  0.000000  0.000000  0.000000  1.000000  0.000000  0.000000  0.000000  1.000000  0.999991  0.001743  -0.003834  -0.001740  0.999998  0.000771  0.003836  -0.000765  0.999992  1.000000  0.000000  0.000000  0.000000  1.000000  0.000000  0.000000  0.000000  1.000000  1.000000  0.000000  0.000000  0.000000  1.000000  0.000000  0.000000  0.000000  1.000000  0.000000  0.000000  
103.827850 0.005944  0.093188  -0.006037  0.994510  0.031720  -0.099720  -0.028877  0.999138  0.029831  0.100580  -0.026788  0.994568  0.000507  -0.001783  -0.002617  0.000000  0.000000  0.000000  2.000000  1.000000  0.000000  0.000000  0.000000  1.000000  0.000000  0.000000  0.000000  1.000000  0.999989  0.001758  -0.004369  -0.001754  0.999998  0.000772  0.004371  -0.000764  0.999990  1.000000  0.000000  0.000000  0.000000  1.000000  0.000000  0.000000  0.000000  1.000000  1.000000  0.000000  0.000000  0.000000  1.000000  0.000000  0.000000  0.000000  1.000000  0.000000  0.000000  
103.828852 0.005945  0.093187  -0.006042  0.994442  0.031738  -0.100385  -0.028875  0.999137  0.029851  0.101246  -0.026786  0.994501  0.000524  -0.001874  -0.003001  0.025837  0.173801  0.059716  2.000000  1.000000  0.000067  -0.000010  -0.000067  1.000000  0.000011  0.000010  -0.000011  1.000000  0.999985  0.001980  -0.005033  -0.001976  0.999998  0.000915  0.005034  -0.000905  0.999987  1.000000  0.000067  -0.000010  -0.000067  1.000000  0.000011  0.000010  -0.000011  1.000000  1.000000  0.000067  -0.000010  -0.000067  1.000000  0.000011  0.000010  -0.000011  1.000000  0.000045  0.005484  
103.830105 0.005945  0.093185  -0.006051  0.994341  0.031981  -0.101306  -0.029077  0.999126  0.030020  0.102177  -0.026904  0.994402  0.000524  -0.002011  -0.003576  0.030621  0.205053  0.067438  2.000000  1.000000  0.000363  -0.000057  -0.000363  1.000000  0.000061  0.000057  -0.000061  1.000000  0.999980  0.002211  -0.005963  -0.002205  0.999997  0.001060  0.005965  -0.001046  0.999982  1.000000  0.000078  -0.000013  -0.000078  1.000000  0.000013  0.000013  -0.000013  1.000000  1.000000  0.000363  -0.000057  -0.000363  1.000000  0.000061  0.000057  -0.000061  1.000000  0.000053  0.006446  
103.831352 0.005945  0.093183  -0.006060  0.994247  0.032414  -0.102091  -0.029484  0.999112  0.030085  0.102976  -0.026902  0.994320  0.000571  -0.002089  -0.004075  0.032025  0.231663  0.081921  2.000000  1.000000  0.000786  -0.000126  -0.000786  1.000000  0.000128  0.000126  -0.000128  1.000000  0.999974  0.002643  -0.006754  -0.002635  0.999996  0.001104  0.006757  -0.001086  0.999977  1.000000  0.000090  -0.000014  -0.000090  1.000000  0.000014  0.000014  -0.000014  1.000000  1.000000  0.000786  -0.000126  -0.000786  1.000000  0.000128  0.000126  -0.000128  1.000000  0.000061  0.007335  
103.832603 0.005947  0.093180  -0.006068  0.994158  0.032654  -0.102879  -0.029686  0.999101  0.030251  0.103774  -0.027021  0.994234  0.000659  -0.002070  -0.004373  0.037512  0.258249  0.096412  2.000000  0.999999  0.001259  -0.000202  -0.001258  0.999999  0.000197  0.000202  -0.000197  1.000000  0.999968  0.002866  -0.007417  -0.002857  0.999995  0.001127  0.007421  -0.001105  0.999972  1.000000  0.000098  -0.000015  -0.000098  1.000000  0.000014  0.000015  -0.000014  1.000000  0.999999  0.001259  -0.000202  -0.001258  0.999999  0.000197  0.000202  -0.000197  1.000000  0.000067  0.008030  
103.833852 0.005948  0.093178  -0.006075  0.994076  0.033096  -0.103527  -0.030093  0.999084  0.030435  0.104440  -0.027139  0.994161  0.000698  -0.002095  -0.004612  0.043006  0.280356  0.110791  2.000000  0.999998  0.001784  -0.000286  -0.001784  0.999998  0.000275  0.000286  -0.000275  1.000000  0.999961  0.003093  -0.008214  -0.003083  0.999994  0.001272  0.008218  -0.001246  0.999965  1.000000  0.000108  -0.000018  -0.000108  1.000000  0.000016  0.000018  -0.000016  1.000000  0.999998  0.001784  -0.000286  -0.001784  0.999998  0.000275  0.000286  -0.000275  1.000000  0.000074  0.008867  
103.835099 0.005950  0.093174  -0.006080  0.993985  0.033336  -0.104315  -0.030295  0.999072  0.030602  0.105238  -0.027257  0.994073  0.000729  -0.002082  -0.004728  0.047824  0.307162  0.118421  2.000000  0.999997  0.002357  -0.000375  -0.002357  0.999997  0.000364  0.000376  -0.000363  1.000000  0.999953  0.003526  -0.009005  -0.003513  0.999993  0.001439  0.009010  -0.001407  0.999958  1.000000  0.000120  -0.000018  -0.000120  1.000000  0.000018  0.000018  -0.000018  1.000000  0.999997  0.002357  -0.000375  -0.002357  0.999997  0.000364  0.000376  -0.000363  1.000000  0.000082  0.009775  
103.836100 0.005951  0.093171  -0.006085  0.993894  0.033576  -0.105102  -0.030497  0.999061  0.030769  0.106036  -0.027376  0.993985  0.000707  -0.002148  -0.004873  0.052649  0.333972  0.126055  2.000000  0.999996  0.002856  -0.000456  -0.002856  0.999996  0.000441  0.000457  -0.000440  1.000000  0.999946  0.003750  -0.009667  -0.003735  0.999992  0.001584  0.009673  -0.001548  0.999952  1.000000  0.000128  -0.000020  -0.000128  1.000000  0.000020  0.000020  -0.000020  1.000000  0.999996  0.002856  -0.000456  -0.002856  0.999996  0.000441  0.000457  -0.000440  1.000000  0.000088  0.010487  
103.837348 0.005952  0.093166  -0.006091  0.993788  0.033820  -0.106022  -0.030699  0.999050  0.030940  0.106968  -0.027494  0.993882  0.000694  -0.002283  -0.004994  0.057488  0.365277  0.133812  2.000000  0.999994  0.003527  -0.000569  -0.003527  0.999994  0.000546  0.000571  -0.000544  1.000000  0.999938  0.003774  -0.010469  -0.003757  0.999991  0.001709  0.010475  -0.001670  0.999944  1.000000  0.000137  -0.000025  -0.000137  1.000000  0.000021  0.000025  -0.000021  1.000000  0.999994  0.003527  -0.000569  -0.003527  0.999994  0.000546  0.000571  -0.000544  1.000000  0.000097  0.011256  
103.838348 0.005953  0.093161  -0.006096  0.993696  0.034061  -0.106809  -0.030901  0.999038  0.031108  0.107766  -0.027612  0.993793  0.000678  -0.002414  -0.005232  0.066441  0.392328  0.141512  2.000000  0.999992  0.003952  -0.000647  -0.003952  0.999992  0.000610  0.000650  -0.000607  1.000000  0.999930  0.003998  -0.011132  -0.003979  0.999991  0.001735  0.011139  -0.001690  0.999937  1.000000  0.000145  -0.000026  -0.000145  1.000000  0.000021  0.000026  -0.000021  1.000000  0.999992  0.003952  -0.000647  -0.003952  0.999992  0.000610  0.000650  -0.000607  1.000000  0.000104  0.011952  
103.839598 0.005952  0.093154  -0.006103  0.993574  0.034296  -0.107866  -0.031101  0.999030  0.031164  0.108830  -0.027608  0.993677  0.000570  -0.002654  -0.005443  0.067185  0.427904  0.149282  2.000000  0.999989  0.004692  -0.000783  -0.004692  0.999989  0.000722  0.000786  -0.000719  0.999999  0.999925  0.004215  -0.011527  -0.004195  0.999990  0.001760  0.011534  -0.001712  0.999932  1.000000  0.000151  -0.000027  -0.000151  1.000000  0.000022  0.000027  -0.000022  1.000000  0.999989  0.004692  -0.000783  -0.004692  0.999989  0.000722  0.000786  -0.000719  0.999999  0.000112  0.012396  
103.840848 0.005953  0.093148  -0.006111  0.993465  0.034541  -0.108785  -0.031303  0.999019  0.031336  0.109761  -0.027726  0.993571  0.000598  -0.002876  -0.005659  0.072027  0.459104  0.157008  2.000000  0.999985  0.005466  -0.000925  -0.005465  0.999985  0.000833  0.000929  -0.000828  0.999999  0.999918  0.004231  -0.012061  -0.004210  0.999990  0.001765  0.012069  -0.001714  0.999926  1.000000  0.000157  -0.000030  -0.000157  1.000000  0.000022  0.000030  -0.000022  1.000000  0.999985  0.005466  -0.000925  -0.005465  0.999985  0.000833  0.000929  -0.000828  0.999999  0.000121  0.012900  
103.841848 0.005954  0.093143  -0.006118  0.993391  0.034573  -0.109445  -0.031300  0.999014  0.031478  0.110426  -0.027845  0.993494  0.000693  -0.003099  -0.005752  0.076149  0.481551  0.157634  2.000000  0.999981  0.006110  -0.001040  -0.006109  0.999981  0.000921  0.001046  -0.000914  0.999999  0.999913  0.004448  -0.012456  -0.004426  0.999989  0.001790  0.012464  -0.001735  0.999921  1.000000  0.000163  -0.000030  -0.000163  1.000000  0.000022  0.000030  -0.000022  1.000000  0.999981  0.006110  -0.001040  -0.006109  0.999981  0.000921  0.001046  -0.000914  0.999999  0.000127  0.013344  
103.842852 0.005956  0.093139  -0.006124  0.993311  0.034797  -0.110103  -0.031503  0.999006  0.031522  0.111091  -0.027843  0.993420  0.000805  -0.003284  -0.005824  0.076896  0.503723  0.165080  2.000000  0.999976  0.006764  -0.001167  -0.006763  0.999977  0.001004  0.001174  -0.000997  0.999999  0.999910  0.004251  -0.012729  -0.004230  0.999990  0.001649  0.012736  -0.001595  0.999918  1.000000  0.000164  -0.000034  -0.000164  1.000000  0.000020  0.000034  -0.000020  1.000000  0.999976  0.006764  -0.001167  -0.006763  0.999977  0.001004  0.001174  -0.000997  0.999999  0.000133  0.013518  
103.843855 0.005958  0.093135  -0.006130  0.993245  0.035018  -0.110628  -0.031705  0.998999  0.031562  0.111623  -0.027841  0.993361  0.000949  -0.003476  -0.005794  0.077650  0.521487  0.172432  2.000000  0.999972  0.007428  -0.001304  -0.007426  0.999972  0.001085  0.001312  -0.001075  0.999999  0.999906  0.004258  -0.012997  -0.004239  0.999990  0.001530  0.013003  -0.001475  0.999914  1.000000  0.000167  -0.000035  -0.000167  1.000000  0.000019  0.000035  -0.000019  1.000000  0.999972  0.007428  -0.001304  -0.007426  0.999972  0.001085  0.001312  -0.001075  0.999999  0.000138  0.013759  
103.845105 0.005961  0.093132  -0.006136  0.993148  0.035246  -0.111419  -0.031907  0.998991  0.031610  0.112420  -0.027838  0.993271  0.001080  -0.003537  -0.005652  0.078452  0.548381  0.180072  2.000000  0.999965  0.008271  -0.001492  -0.008269  0.999965  0.001180  0.001502  -0.001167  0.999998  0.999904  0.004061  -0.013270  -0.004041  0.999991  0.001510  0.013276  -0.001456  0.999911  1.000000  0.000169  -0.000039  -0.000169  1.000000  0.000019  0.000039  -0.000019  1.000000  0.999965  0.008271  -0.001492  -0.008269  0.999965  0.001180  0.001502  -0.001167  0.999998  0.000145  0.013957  
103.846351 0.005963  0.093129  -0.006141  0.993058  0.035268  -0.112216  -0.031904  0.998990  0.031636  0.113218  -0.027836  0.993180  0.001198  -0.003558  -0.005393  0.074462  0.570917  0.180731  2.000000  0.999959  0.008956  -0.001656  -0.008954  0.999959  0.001255  0.001667  -0.001240  0.999998  0.999901  0.003863  -0.013543  -0.003844  0.999992  0.001489  0.013549  -0.001437  0.999907  1.000000  0.000171  -0.000043  -0.000171  1.000000  0.000018  0.000043  -0.000018  1.000000  0.999959  0.008956  -0.001656  -0.008954  0.999959  0.001255  0.001667  -0.001240  0.999998  0.000149  0.014160  
103.847603 0.005967  0.093127  -0.006145  0.992975  0.035492  -0.112873  -0.032106  0.998982  0.031680  0.113883  -0.027834  0.993104  0.001327  -0.003554  -0.005132  0.074548  0.579885  0.180959  2.000000  0.999950  0.009818  -0.001871  -0.009816  0.999951  0.001349  0.001885  -0.001330  0.999997  0.999899  0.003867  -0.013677  -0.003847  0.999991  0.001492  0.013683  -0.001439  0.999905  1.000000  0.000172  -0.000044  -0.000172  1.000000  0.000018  0.000044  -0.000018  1.000000  0.999950  0.009818  -0.001871  -0.009816  0.999951  0.001349  0.001885  -0.001330  0.999997  0.000152  0.014289  
103.848854 0.005969  0.093125  -0.006149  0.992884  0.035528  -0.113666  -0.032103  0.998978  0.031827  0.114680  -0.027952  0.993009  0.001365  -0.003535  -0.004964  0.074657  0.588847  0.181261  2.000000  0.999941  0.010679  -0.002094  -0.010676  0.999942  0.001444  0.002110  -0.001421  0.999997  0.999900  0.003664  -0.013683  -0.003642  0.999992  0.001593  0.013688  -0.001543  0.999905  1.000000  0.000171  -0.000046  -0.000171  1.000000  0.000020  0.000046  -0.000020  1.000000  0.999941  0.010679  -0.002094  -0.010676  0.999942  0.001444  0.002110  -0.001421  0.999997  0.000155  0.014251  
103.850102 0.005971  0.093122  -0.006152  0.992791  0.035551  -0.114462  -0.032100  0.998977  0.031853  0.115478  -0.027949  0.992917  0.001471  -0.003442  -0.004803  0.070684  0.602352  0.181665  2.000000  0.999931  0.011530  -0.002327  -0.011526  0.999932  0.001542  0.002345  -0.001516  0.999996  0.999902  0.003455  -0.013555  -0.003435  0.999993  0.001450  0.013560  -0.001404  0.999907  1.000000  0.000168  -0.000047  -0.000168  1.000000  0.000018  0.000047  -0.000018  1.000000  0.999931  0.011530  -0.002327  -0.011526  0.999932  0.001542  0.002345  -0.001516  0.999996  0.000157  0.014061  
103.851349 0.005972  0.093118  -0.006156  0.992707  0.035775  -0.115120  -0.032302  0.998969  0.031898  0.116142  -0.027947  0.992839  0.001438  -0.003427  -0.004637  0.066151  0.606343  0.180454  2.000000  0.999920  0.012360  -0.002563  -0.012356  0.999922  0.001634  0.002583  -0.001602  0.999995  0.999906  0.003447  -0.013287  -0.003428  0.999993  0.001452  0.013292  -0.001406  0.999911  1.000000  0.000165  -0.000046  -0.000165  1.000000  0.000018  0.000046  -0.000018  1.000000  0.999920  0.012360  -0.002563  -0.012356  0.999922  0.001634  0.002583  -0.001602  0.999995  0.000159  0.013802  
103.852350 0.005973  0.093114  -0.006159  0.992645  0.035790  -0.115651  -0.032300  0.998969  0.031915  0.116674  -0.027945  0.992777  0.001433  -0.003393  -0.004544  0.061433  0.615411  0.173900  2.000000  0.999911  0.013017  -0.002754  -0.013012  0.999914  0.001707  0.002776  -0.001671  0.999995  0.999906  0.003242  -0.013293  -0.003223  0.999994  0.001430  0.013298  -0.001387  0.999911  1.000000  0.000164  -0.000048  -0.000164  1.000000  0.000018  0.000048  -0.000018  1.000000  0.999911  0.013017  -0.002754  -0.013012  0.999914  0.001707  0.002776  -0.001671  0.999995  0.000161  0.013755  
103.853596 0.005974  0.093109  -0.006163  0.992567  0.035809  -0.116315  -0.032297  0.998968  0.031937  0.117338  -0.027943  0.992699  0.001417  -0.003371  -0.004348  0.056471  0.625428  0.161753  2.000000  0.999902  0.013669  -0.002958  -0.013664  0.999905  0.001776  0.002982  -0.001735  0.999994  0.999907  0.002833  -0.013305  -0.002816  0.999995  0.001262  0.013308  -0.001225  0.999911  1.000000  0.000162  -0.000053  -0.000162  1.000000  0.000016  0.000053  -0.000016  1.000000  0.999902  0.013669  -0.002958  -0.013664  0.999905  0.001776  0.002982  -0.001735  0.999994  0.000163  0.013660  
103.854598 0.005974  0.093105  -0.006165  0.992520  0.035820  -0.116713  -0.032296  0.998968  0.031950  0.117737  -0.027941  0.992652  0.001411  -0.003269  -0.004103  0.055305  0.624864  0.153704  2.000000  0.999893  0.014312  -0.003168  -0.014306  0.999896  0.001839  0.003194  -0.001793  0.999993  0.999910  0.002624  -0.013177  -0.002609  0.999996  0.001118  0.013180  -0.001083  0.999913  1.000000  0.000159  -0.000054  -0.000159  1.000000  0.000014  0.000054  -0.000014  1.000000  0.999893  0.014312  -0.003168  -0.014306  0.999896  0.001839  0.003194  -0.001793  0.999993  0.000162  0.013481  
103.855599 0.005974  0.093100  -0.006167  0.992456  0.035835  -0.117244  -0.032294  0.998967  0.031967  0.118268  -0.027940  0.992589  0.001416  -0.003205  -0.003742  0.054628  0.629584  0.147018  2.000000  0.999883  0.014944  -0.003384  -0.014937  0.999887  0.001897  0.003412  -0.001846  0.999992  0.999912  0.002415  -0.013049  -0.002401  0.999997  0.001095  0.013051  -0.001063  0.999914  1.000000  0.000156  -0.000055  -0.000156  1.000000  0.000013  0.000055  -0.000013  1.000000  0.999883  0.014944  -0.003384  -0.014937  0.999887  0.001897  0.003412  -0.001846  0.999992  0.000163  0.013315  
103.856848 0.005975  0.093096  -0.006167  0.992386  0.036056  -0.117768  -0.032496  0.998959  0.032009  0.118800  -0.027938  0.992525  0.001354  -0.003113  -0.003313  0.055172  0.625850  0.147988  2.000000  0.999870  0.015714  -0.003657  -0.015707  0.999875  0.001959  0.003688  -0.001901  0.999991  0.999917  0.002404  -0.012648  -0.002393  0.999997  0.000853  0.012650  -0.000823  0.999920  1.000000  0.000152  -0.000053  -0.000152  1.000000  0.000010  0.000053  -0.000010  1.000000  0.999870  0.015714  -0.003657  -0.015707  0.999875  0.001959  0.003688  -0.001901  0.999991  0.000161  0.012902  
103.857848 0.005975  0.093094  -0.006168  0.992323  0.036071  -0.118299  -0.032494  0.998959  0.032026  0.119331  -0.027936  0.992461  0.001286  -0.003025  -0.002932  0.054017  0.625268  0.140049  2.000000  0.999859  0.016313  -0.003870  -0.016306  0.999865  0.002002  0.003902  -0.001939  0.999991  0.999921  0.002192  -0.012386  -0.002183  0.999997  0.000708  0.012388  -0.000681  0.999923  1.000000  0.000148  -0.000054  -0.000148  1.000000  0.000009  0.000054  -0.000009  1.000000  0.999859  0.016313  -0.003870  -0.016306  0.999865  0.002002  0.003902  -0.001939  0.999991  0.000161  0.012598  
103.858871 0.005976  0.093091  -0.006168  0.992259  0.036085  -0.118830  -0.032492  0.998958  0.032043  0.119862  -0.027934  0.992397  0.001202  -0.002950  -0.002531  0.054227  0.617549  0.134897  2.000000  0.999852  0.016751  -0.004031  -0.016743  0.999858  0.002031  0.004064  -0.001963  0.999990  0.999925  0.001979  -0.012124  -0.001971  0.999998  0.000684  0.012126  -0.000660  0.999926  1.000000  0.000144  -0.000054  -0.000144  1.000000  0.000008  0.000054  -0.000008  1.000000  0.999852  0.016751  -0.004031  -0.016743  0.999858  0.002031  0.004064  -0.001963  0.999990  0.000160  0.012304  
103.859876 0.005976  0.093088  -0.006169  0.992211  0.036097  -0.119228  -0.032490  0.998958  0.032056  0.120261  -0.027933  0.992349  0.001053  -0.002946  -0.002239  0.049742  0.607742  0.133645  2.000000  0.999844  0.017179  -0.004192  -0.017171  0.999850  0.002054  0.004227  -0.001982  0.999989  0.999926  0.001975  -0.011991  -0.001969  0.999998  0.000564  0.011992  -0.000540  0.999928  1.000000  0.000142  -0.000054  -0.000142  1.000000  0.000007  0.000054  -0.000007  1.000000  0.999844  0.017179  -0.004192  -0.017171  0.999850  0.002054  0.004227  -0.001982  0.999989  0.000157  0.012165  
103.861101 0.005976  0.093086  -0.006170  0.992146  0.036112  -0.119759  -0.032488  0.998957  0.032074  0.120792  -0.027931  0.992285  0.000887  -0.002931  -0.002007  0.048310  0.599598  0.119743  2.000000  0.999833  0.017737  -0.004409  -0.017728  0.999841  0.002083  0.004445  -0.002005  0.999988  0.999930  0.001763  -0.011729  -0.001758  0.999998  0.000418  0.011730  -0.000398  0.999931  1.000000  0.000138  -0.000054  -0.000138  1.000000  0.000005  0.000054  -0.000005  1.000000  0.999833  0.017737  -0.004409  -0.017728  0.999841  0.002083  0.004445  -0.002005  0.999988  0.000154  0.011868  
103.862354 0.005976  0.093082  -0.006172  0.992098  0.036123  -0.120157  -0.032486  0.998957  0.032087  0.121191  -0.027930  0.992236  0.000600  -0.003036  -0.001817  0.043514  0.586260  0.112519  2.000000  0.999820  0.018406  -0.004674  -0.018397  0.999829  0.002113  0.004713  -0.002027  0.999987  0.999936  0.001543  -0.011200  -0.001539  0.999999  0.000394  0.011200  -0.000377  0.999937  1.000000  0.000131  -0.000053  -0.000131  1.000000  0.000005  0.000053  -0.000005  1.000000  0.999820  0.018406  -0.004674  -0.018397  0.999829  0.002113  0.004713  -0.002027  0.999987  0.000152  0.011312  
103.863599 0.005975  0.093079  -0.006174  0.992049  0.036119  -0.120559  -0.032485  0.998961  0.031979  0.121589  -0.027808  0.992191  0.000390  -0.003103  -0.001703  0.033851  0.577726  0.098531  2.000000  0.999809  0.018920  -0.004885  -0.018910  0.999819  0.002127  0.004924  -0.002034  0.999986  0.999941  0.001326  -0.010805  -0.001325  0.999999  0.000127  0.010805  -0.000112  0.999942  1.000000  0.000125  -0.000053  -0.000125  1.000000  0.000001  0.000053  -0.000001  1.000000  0.999809  0.018920  -0.004885  -0.018910  0.999819  0.002127  0.004924  -0.002034  0.999986  0.000147  0.010886  
103.864852 0.005973  0.093076  -0.006177  0.992016  0.036127  -0.120825  -0.032484  0.998960  0.031987  0.121855  -0.027807  0.992158  0.000102  -0.003175  -0.001649  0.029026  0.559799  0.091168  2.000000  0.999796  0.019536  -0.005148  -0.019525  0.999807  0.002139  0.005189  -0.002038  0.999984  0.999944  0.001114  -0.010543  -0.001113  0.999999  0.000102  0.010543  -0.000090  0.999944  1.000000  0.000121  -0.000054  -0.000121  1.000000  0.000001  0.000054  -0.000001  1.000000  0.999796  0.019536  -0.005148  -0.019525  0.999807  0.002139  0.005189  -0.002038  0.999984  0.000143  0.010602  
103.866118 0.005971  0.093072  -0.006179  0.991977  0.036325  -0.121088  -0.032687  0.998956  0.031900  0.122120  -0.027686  0.992129  -0.000111  -0.003113  -0.001552  0.020909  0.537105  0.090503  2.000000  0.999783  0.020126  -0.005400  -0.020114  0.999795  0.002150  0.005442  -0.002040  0.999983  0.999949  0.001098  -0.010008  -0.001098  0.999999  -0.000019  0.010008  0.000030  0.999950  1.000000  0.000115  -0.000051  -0.000115  1.000000  -0.000000  0.000051  0.000000  1.000000  0.999783  0.020126  -0.005400  -0.020114  0.999795  0.002150  0.005442  -0.002040  0.999983  0.000138  0.010068  
103.867349 0.005967  0.093068  -0.006180  0.991928  0.036336  -0.121486  -0.032685  0.998956  0.031913  0.122519  -0.027685  0.992080  -0.000406  -0.003056  -0.001407  0.016256  0.515261  0.083713  2.000000  0.999773  0.020578  -0.005598  -0.020566  0.999786  0.002152  0.005641  -0.002037  0.999982  0.999952  0.001090  -0.009740  -0.001091  0.999999  -0.000019  0.009740  0.000030  0.999953  1.000000  0.000112  -0.000049  -0.000112  1.000000  -0.000000  0.000049  0.000000  1.000000  0.999773  0.020578  -0.005598  -0.020566  0.999786  0.002152  0.005641  -0.002037  0.999982  0.000133  0.009802  
103.868598 0.005963  0.093065  -0.006181  0.991879  0.036347  -0.121884  -0.032684  0.998956  0.031926  0.122917  -0.027683  0.992031  -0.000689  -0.002888  -0.001228  0.011176  0.497627  0.075230  2.000000  0.999760  0.021117  -0.005838  -0.021105  0.999775  0.002155  0.005882  -0.002032  0.999981  0.999957  0.000871  -0.009211  -0.000871  1.000000  -0.000044  0.009211  0.000052  0.999958  1.000000  0.000105  -0.000048  -0.000105  1.000000  -0.000001  0.000048  0.000001  1.000000  0.999760  0.021117  -0.005838  -0.021105  0.999775  0.002155  0.005882  -0.002032  0.999981  0.000127  0.009253  
103.869600 0.005960  0.093063  -0.006181  0.991846  0.036355  -0.122149  -0.032683  0.998955  0.031935  0.123182  -0.027682  0.991998  -0.000906  -0.002770  -0.001053  0.006426  0.479495  0.068387  2.000000  0.999752  0.021431  -0.005981  -0.021419  0.999768  0.002156  0.006026  -0.002028  0.999980  0.999958  0.000867  -0.009078  -0.000868  1.000000  -0.000044  0.009077  0.000052  0.999959  1.000000  0.000104  -0.000047  -0.000104  1.000000  -0.000001  0.000047  0.000001  1.000000  0.999752  0.021431  -0.005981  -0.021419  0.999768  0.002156  0.006026  -0.002028  0.999980  0.000121  0.009119  
103.870848 0.005956  0.093060  -0.006181  0.991813  0.036362  -0.122414  -0.032682  0.998955  0.031944  0.123448  -0.027681  0.991965  -0.001191  -0.002671  -0.000969  0.005655  0.452760  0.060767  2.000000  0.999740  0.021935  -0.006210  -0.021922  0.999757  0.002154  0.006256  -0.002017  0.999978  0.999962  0.000856  -0.008676  -0.000857  1.000000  -0.000165  0.008676  0.000173  0.999962  1.000000  0.000099  -0.000045  -0.000099  1.000000  -0.000002  0.000045  0.000002  1.000000  0.999740  0.021935  -0.006210  -0.021922  0.999757  0.002154  0.006256  -0.002017  0.999978  0.000116  0.008720  
103.872098 0.005953  0.093057  -0.006182  0.991780  0.036370  -0.122680  -0.032680  0.998955  0.031952  0.123714  -0.027680  0.991932  -0.001528  -0.002594  -0.000983  0.000783  0.435781  0.053096  2.000000  0.999728  0.022407  -0.006422  -0.022394  0.999747  0.002148  0.006469  -0.002004  0.999977  0.999967  0.000841  -0.008141  -0.000842  1.000000  -0.000165  0.008141  0.000172  0.999967  1.000000  0.000093  -0.000042  -0.000093  1.000000  -0.000002  0.000042  0.000002  1.000000  0.999728  0.022407  -0.006422  -0.022394  0.999747  0.002148  0.006469  -0.002004  0.999977  0.000112  0.008186  
103.873103 0.005949  0.093054  -0.006184  0.991763  0.036373  -0.122812  -0.032680  0.998955  0.031957  0.123846  -0.027680  0.991915  -0.001775  -0.002582  -0.001046  0.000796  0.422396  0.052719  2.000000  0.999719  0.022767  -0.006588  -0.022753  0.999739  0.002143  0.006635  -0.001992  0.999976  0.999970  0.000625  -0.007746  -0.000627  1.000000  -0.000191  0.007746  0.000196  0.999970  1.000000  0.000088  -0.000042  -0.000088  1.000000  -0.000002  0.000042  0.000002  1.000000  0.999719  0.022767  -0.006588  -0.022753  0.999739  0.002143  0.006635  -0.001992  0.999976  0.000108  0.007773  
103.874110 0.005946  0.093051  -0.006185  0.991723  0.036586  -0.123071  -0.032883  0.998947  0.031991  0.124112  -0.027679  0.991882  -0.002037  -0.002611  -0.001114  0.000825  0.407788  0.052634  2.000000  0.999710  0.023107  -0.006749  -0.023093  0.999731  0.002137  0.006796  -0.001980  0.999975  0.999973  0.000614  -0.007345  -0.000615  1.000000  -0.000191  0.007344  0.000195  0.999973  1.000000  0.000083  -0.000039  -0.000083  1.000000  -0.000002  0.000039  0.000002  1.000000  0.999710  0.023107  -0.006749  -0.023093  0.999731  0.002137  0.006796  -0.001980  0.999975  0.000104  0.007373  
103.875353 0.005942  0.093048  -0.006188  0.991707  0.036575  -0.123208  -0.032882  0.998951  0.031874  0.124245  -0.027558  0.991869  -0.002274  -0.002642  -0.001257  -0.004055  0.390178  0.045259  2.000000  0.999700  0.023511  -0.006924  -0.023497  0.999722  0.002127  0.006972  -0.001964  0.999974  0.999977  0.000803  -0.006804  -0.000805  1.000000  -0.000287  0.006804  0.000292  0.999977  1.000000  0.000079  -0.000034  -0.000079  1.000000  -0.000004  0.000034  0.000004  1.000000  0.999700  0.023511  -0.006924  -0.023497  0.999722  0.002127  0.006972  -0.001964  0.999974  0.000100  0.006857  
103.876354 0.005939  0.093045  -0.006191  0.991690  0.036579  -0.123341  -0.032882  0.998951  0.031878  0.124377  -0.027558  0.991852  -0.002508  -0.002641  -0.001350  -0.004041  0.372167  0.044752  2.000000  0.999691  0.023819  -0.007056  -0.023805  0.999714  0.002116  0.007105  -0.001947  0.999973  0.999978  0.000795  -0.006537  -0.000797  1.000000  -0.000286  0.006536  0.000292  0.999979  1.000000  0.000076  -0.000032  -0.000076  1.000000  -0.000004  0.000032  0.000004  1.000000  0.999691  0.023819  -0.007056  -0.023805  0.999714  0.002116  0.007105  -0.001947  0.999973  0.000095  0.006591  
103.877603 0.005935  0.093042  -0.006194  0.991657  0.036586  -0.123606  -0.032881  0.998950  0.031887  0.124643  -0.027557  0.991819  -0.002778  -0.002664  -0.001471  -0.004813  0.360358  0.037320  2.000000  0.999683  0.024113  -0.007181  -0.024099  0.999707  0.002105  0.007229  -0.001931  0.999972  0.999980  0.000788  -0.006269  -0.000789  1.000000  -0.000286  0.006269  0.000291  0.999980  1.000000  0.000073  -0.000031  -0.000073  1.000000  -0.000004  0.000031  0.000004  1.000000  0.999683  0.024113  -0.007181  -0.024099  0.999707  0.002105  0.007229  -0.001931  0.999972  0.000091  0.006325  
103.878853 0.005931  0.093039  -0.006198  0.991623  0.036579  -0.123876  -0.032880  0.998954  0.031775  0.124908  -0.027436  0.991789  -0.002953  -0.002664  -0.001521  -0.012885  0.342535  0.036822  2.000000  0.999674  0.024462  -0.007335  -0.024447  0.999699  0.002089  0.007384  -0.001909  0.999971  0.999983  0.000572  -0.005873  -0.000574  1.000000  -0.000312  0.005873  0.000315  0.999983  1.000000  0.000067  -0.000031  -0.000067  1.000000  -0.000004  0.000031  0.000004  1.000000  0.999674  0.024462  -0.007335  -0.024447  0.999699  0.002089  0.007384  -0.001909  0.999971  0.000086  0.005910  
103.879853 0.005927  0.093036  -0.006200  0.991607  0.036582  -0.124008  -0.032879  0.998954  0.031779  0.125041  -0.027435  0.991772  -0.003053  -0.002644  -0.001558  -0.012979  0.322913  0.036500  2.000000  0.999667  0.024721  -0.007452  -0.024706  0.999693  0.002070  0.007501  -0.001886  0.999970  0.999985  0.000560  -0.005472  -0.000563  1.000000  -0.000433  0.005472  0.000436  0.999985  1.000000  0.000063  -0.000028  -0.000063  1.000000  -0.000005  0.000028  0.000005  1.000000  0.999667  0.024721  -0.007452  -0.024706  0.999693  0.002070  0.007501  -0.001886  0.999970  0.000083  0.005518  
103.881102 0.005923  0.093033  -0.006204  0.991590  0.036586  -0.124141  -0.032879  0.998954  0.031784  0.125174  -0.027435  0.991755  -0.003178  -0.002648  -0.001710  -0.013802  0.305099  0.029128  2.000000  0.999660  0.024960  -0.007559  -0.024945  0.999687  0.002051  0.007608  -0.001862  0.999969  0.999988  0.000545  -0.004937  -0.000548  1.000000  -0.000433  0.004937  0.000436  0.999988  1.000000  0.000000  0.000000  0.000000  1.000000  0.000000  0.000000  0.000000  1.000000  0.999660  0.024960  -0.007559  -0.024945  0.999687  0.002051  0.007608  -0.001862  0.999969  0.000079  0.000000  
103.882359 0.005919  0.093029  -0.006209  0.991573  0.036575  -0.124278  -0.032878  0.998958  0.031667  0.125307  -0.027314  0.991742  -0.003234  -0.002661  -0.001928  -0.018028  0.285139  0.028736  2.000000  0.999660  0.024960  -0.007559  -0.024945  0.999687  0.002051  0.007608  -0.001862  0.999969  0.999990  0.000531  -0.004402  -0.000533  1.000000  -0.000433  0.004402  0.000436  0.999990  1.000000  0.000000  0.000000  0.000000  1.000000  0.000000  0.000000  0.000000  1.000000  0.999660  0.024960  -0.007559  -0.024945  0.999687  0.002051  0.007608  -0.001862  0.999969  0.000074  0.000000  
103.883601 0.005915  0.093025  -0.006214  0.991550  0.036784  -0.124404  -0.033082  0.998950  0.031697  0.125439  -0.027313  0.991725  -0.003256  -0.002706  -0.002214  -0.017024  0.268977  0.034976  2.000000  0.999660  0.024960  -0.007559  -0.024945  0.999687  0.002051  0.007608  -0.001862  0.999969  0.999992  0.000723  -0.003996  -0.000725  1.000000  -0.000408  0.003995  0.000410  0.999992  1.000000  0.000000  0.000000  0.000000  1.000000  0.000000  0.000000  0.000000  1.000000  0.999660  0.024960  -0.007559  -0.024945  0.999687  0.002051  0.007608  -0.001862  0.999969  0.000068  0.000000  
103.884845 0.005911  0.093020  -0.006220  0.991550  0.036784  -0.124404  -0.033082  0.998950  0.031697  0.125439  -0.027313  0.991725  -0.003275  -0.002788  -0.002577  -0.016879  0.253392  0.034315  2.000000  0.999660  0.024960  -0.007559  -0.024945  0.999687  0.002051  0.007608  -0.001862  0.999969  0.999993  0.000716  -0.003728  -0.000717  1.000000  -0.000408  0.003728  0.000410  0.999993  1.000000  0.000000  0.000000  0.000000  1.000000  0.000000  0.000000  0.000000  1.000000  0.999660  0.024960  -0.007559  -0.024945  0.999687  0.002051  0.007608  -0.001862  0.999969  0.000065  0.000000  
103.886102 0.005906  0.093016  -0.006227  0.991533  0.036787  -0.124537  -0.033081  0.998950  0.031701  0.125572  -0.027313  0.991708  -0.003292  -0.002938  -0.003062  -0.017007  0.237494  0.034095  2.000000  0.999660  0.024960  -0.007559  -0.024945  0.999687  0.002051  0.007608  -0.001862  0.999969  0.999993  0.000508  -0.003600  -0.000510  1.000000  -0.000433  0.003600  0.000435  0.999993  1.000000  0.000000  0.000000  0.000000  1.000000  0.000000  0.000000  0.000000  1.000000  0.999660  0.024960  -0.007559  -0.024945  0.999687  0.002051  0.007608  -0.001862  0.999969  0.000061  0.000000  
103.887348 0.005902  0.093011  -0.006234  0.991516  0.036791  -0.124669  -0.033080  0.998950  0.031706  0.125705  -0.027313  0.991692  -0.003280  -0.002984  -0.003495  -0.017701  0.222393  0.026637  2.000000  0.999660  0.024960  -0.007559  -0.024945  0.999687  0.002051  0.007608  -0.001862  0.999969  0.999994  0.000504  -0.003466  -0.000505  1.000000  -0.000312  0.003466  0.000314  0.999994  1.000000  0.000000  0.000000  0.000000  1.000000  0.000000  0.000000  0.000000  1.000000  0.999660  0.024960  -0.007559  -0.024945  0.999687  0.002051  0.007608  -0.001862  0.999969  0.000057  0.000000  
103.888348 0.005899  0.093008  -0.006240  0.991499  0.036795  -0.124802  -0.033080  0.998950  0.031710  0.125838  -0.027312  0.991675  -0.003302  -0.003063  -0.003771  -0.017709  0.209197  0.026287  2.000000  0.999660  0.024960  -0.007559  -0.024945  0.999687  0.002051  0.007608  -0.001862  0.999969  0.999995  0.000497  -0.003199  -0.000498  1.000000  -0.000312  0.003199  0.000314  0.999995  1.000000  0.000000  0.000000  0.000000  1.000000  0.000000  0.000000  0.000000  1.000000  0.999660  0.024960  -0.007559  -0.024945  0.999687  0.002051  0.007608  -0.001862  0.999969  0.000053  0.000000  
103.889349 0.005896  0.093004  -0.006246  0.991482  0.036798  -0.124935  -0.033079  0.998949  0.031715  0.125970  -0.027312  0.991658  -0.003258  -0.003113  -0.003999  -0.017688  0.200100  0.026015  2.000000  0.999660  0.024960  -0.007559  -0.024945  0.999687  0.002051  0.007608  -0.001862  0.999969  0.999995  0.000493  -0.003065  -0.000494  1.000000  -0.000312  0.003065  0.000313  0.999995  1.000000  0.000000  0.000000  0.000000  1.000000  0.000000  0.000000  0.000000  1.000000  0.999660  0.024960  -0.007559  -0.024945  0.999687  0.002051  0.007608  -0.001862  0.999969  0.000051  0.000000  
