1-Time 2-Px 3-Py 4-Pz 5-R11 6-R21 7-R31 8-R12 9-R22 10-R32 11-R13 12-R23 13-R33 14-Vx 15-Vy 16-Vz 17-Wx 18-Wy 19-Wz 20-state 21-PR11 22-PR21 23-PR31 24-PR12 25-PR22 26-PR32 27-PR13 28-PR23 29-PR33 
122.455778 0.001417  0.090171  -0.018084  0.996078  0.058894  -0.066030  -0.061186  0.997573  -0.033244  0.063912  0.037153  0.997264  0.002255  0.001814  0.001363  0.000000  0.000000  0.000000  2.000000  1.000000  0.000000  0.000000  0.000000  1.000000  0.000000  0.000000  0.000000  1.000000  1.000000  -0.000411  0.000015  0.000411  1.000000  -0.000026  -0.000015  0.000026  1.000000  1.000000  0.000000  0.000000  0.000000  1.000000  0.000000  0.000000  0.000000  1.000000  0.727089  0.225579  -0.648426  -0.443407  0.875368  -0.192668  0.524149  0.427603  0.736494  0.000000  0.000000  
122.456779 0.001419  0.090173  -0.018083  0.996091  0.058688  -0.066023  -0.060981  0.997585  -0.033257  0.063912  0.037153  0.997264  0.002223  0.001789  0.001344  0.000000  0.000000  0.000000  2.000000  1.000000  0.000000  0.000000  0.000000  1.000000  0.000000  0.000000  0.000000  1.000000  1.000000  -0.000616  0.000023  0.000616  1.000000  -0.000039  -0.000023  0.000039  1.000000  1.000000  0.000000  0.000000  0.000000  1.000000  0.000000  0.000000  0.000000  1.000000  1.000000  0.000000  0.000000  0.000000  1.000000  0.000000  0.000000  0.000000  1.000000  0.000000  0.000000  
122.457784 0.001420  0.090173  -0.018082  0.996070  0.058889  -0.066163  -0.061185  0.997573  -0.033236  0.064046  0.037153  0.997255  0.002196  0.001667  0.001295  0.000000  0.000000  0.000000  2.000000  1.000000  0.000000  0.000000  0.000000  1.000000  0.000000  0.000000  0.000000  1.000000  1.000000  -0.000416  -0.000118  0.000416  1.000000  -0.000026  0.000118  0.000026  1.000000  1.000000  0.000000  0.000000  0.000000  1.000000  0.000000  0.000000  0.000000  1.000000  1.000000  0.000000  0.000000  0.000000  1.000000  0.000000  0.000000  0.000000  1.000000  0.000000  0.000000  
122.459034 0.001422  0.090172  -0.018081  0.996036  0.059286  -0.066318  -0.061595  0.997545  -0.033321  0.064179  0.037274  0.997242  0.002074  0.001450  0.001236  0.000000  0.000000  0.000000  2.000000  1.000000  0.000000  0.000000  0.000000  1.000000  0.000000  0.000000  0.000000  1.000000  1.000000  0.000195  -0.000275  -0.000195  1.000000  -0.000108  0.000275  0.000108  1.000000  1.000000  0.000000  0.000000  0.000000  1.000000  0.000000  0.000000  0.000000  1.000000  1.000000  0.000000  0.000000  0.000000  1.000000  0.000000  0.000000  0.000000  1.000000  0.000000  0.000000  
122.460035 0.001424  0.090171  -0.018081  0.996006  0.059482  -0.066591  -0.061799  0.997533  -0.033291  0.064446  0.037273  0.997225  0.002033  0.001256  0.001185  0.000000  0.000000  0.000000  2.000000  1.000000  0.000000  0.000000  0.000000  1.000000  0.000000  0.000000  0.000000  1.000000  1.000000  0.000396  -0.000416  -0.000396  1.000000  -0.000095  0.000416  0.000095  1.000000  1.000000  0.000000  0.000000  0.000000  1.000000  0.000000  0.000000  0.000000  1.000000  1.000000  0.000000  0.000000  0.000000  1.000000  0.000000  0.000000  0.000000  1.000000  0.000000  0.000000  
122.461280 0.001426  0.090170  -0.018080  0.995997  0.059469  -0.066731  -0.061798  0.997530  -0.033404  0.064580  0.037394  0.997212  0.002001  0.001040  0.001142  0.000000  0.000000  0.000000  2.000000  1.000000  0.000000  0.000000  0.000000  1.000000  0.000000  0.000000  0.000000  1.000000  1.000000  0.000386  -0.000684  -0.000386  1.000000  -0.000095  0.000684  0.000095  1.000000  1.000000  0.000000  0.000000  0.000000  1.000000  0.000000  0.000000  0.000000  1.000000  1.000000  0.000000  0.000000  0.000000  1.000000  0.000000  0.000000  0.000000  1.000000  0.000000  0.000000  
122.462382 0.001428  0.090170  -0.018078  0.995976  0.059669  -0.066871  -0.062003  0.997518  -0.033382  0.064713  0.037393  0.997203  0.001967  0.000868  0.001138  0.000000  0.000000  0.000000  2.000000  1.000000  0.000000  0.000000  0.000000  1.000000  0.000000  0.000000  0.000000  1.000000  0.999999  0.000586  -0.000825  -0.000586  1.000000  -0.000203  0.000825  0.000203  1.000000  1.000000  0.000000  0.000000  0.000000  1.000000  0.000000  0.000000  0.000000  1.000000  1.000000  0.000000  0.000000  0.000000  1.000000  0.000000  0.000000  0.000000  1.000000  0.000000  0.000000  
122.463533 0.001430  0.090169  -0.018077  0.995933  0.060062  -0.067159  -0.062412  0.997490  -0.033458  0.064980  0.037514  0.997181  0.001937  0.000659  0.001140  0.000000  0.000000  0.000000  2.000000  1.000000  0.000000  0.000000  0.000000  1.000000  0.000000  0.000000  0.000000  1.000000  0.999999  0.000986  -0.001108  -0.000987  0.999999  -0.000176  0.001108  0.000177  0.999999  1.000000  0.000000  0.000000  0.000000  1.000000  0.000000  0.000000  0.000000  1.000000  1.000000  0.000000  0.000000  0.000000  1.000000  0.000000  0.000000  0.000000  1.000000  0.000000  0.000000  
122.464780 0.001432  0.090168  -0.018076  0.995877  0.060668  -0.067445  -0.063026  0.997453  -0.033400  0.065247  0.037513  0.997164  0.001915  0.000440  0.001060  0.000000  0.000000  0.000000  2.000000  1.000000  0.000000  0.000000  0.000000  1.000000  0.000000  0.000000  0.000000  1.000000  0.999998  0.001387  -0.001391  -0.001387  0.999999  -0.000270  0.001391  0.000272  0.999999  1.000000  0.000000  0.000000  0.000000  1.000000  0.000000  0.000000  0.000000  1.000000  1.000000  0.000000  0.000000  0.000000  1.000000  0.000000  0.000000  0.000000  1.000000  0.000000  0.000000  
122.466030 0.001434  0.090166  -0.018077  0.995825  0.061055  -0.067866  -0.063434  0.997425  -0.033468  0.065648  0.037633  0.997133  0.001842  0.000169  0.000906  0.000000  0.000000  0.000000  2.000000  1.000000  0.000000  0.000000  0.000000  1.000000  0.000000  0.000000  0.000000  1.000000  0.999997  0.001992  -0.001682  -0.001993  0.999998  -0.000350  0.001681  0.000354  0.999999  1.000000  0.000000  0.000000  0.000000  1.000000  0.000000  0.000000  0.000000  1.000000  1.000000  0.000000  0.000000  0.000000  1.000000  0.000000  0.000000  0.000000  1.000000  0.000000  0.000000  
122.467281 0.001435  0.090164  -0.018079  0.995781  0.061448  -0.068154  -0.063843  0.997396  -0.033544  0.065915  0.037753  0.997111  0.001742  -0.000084  0.000642  0.000000  0.000000  0.000000  2.000000  1.000000  0.000000  0.000000  0.000000  1.000000  0.000000  0.000000  0.000000  1.000000  0.999995  0.002388  -0.002098  -0.002389  0.999997  -0.000322  0.002098  0.000327  0.999998  1.000000  0.000000  0.000000  0.000000  1.000000  0.000000  0.000000  0.000000  1.000000  1.000000  0.000000  0.000000  0.000000  1.000000  0.000000  0.000000  0.000000  1.000000  0.000000  0.000000  
122.468530 0.001436  0.090163  -0.018081  0.995728  0.061843  -0.068567  -0.064251  0.997372  -0.033490  0.066315  0.037752  0.997084  0.001616  -0.000289  0.000400  0.000000  0.000000  0.000000  2.000000  1.000000  0.000000  0.000000  0.000000  1.000000  0.000000  0.000000  0.000000  1.000000  0.999993  0.002783  -0.002515  -0.002784  0.999996  -0.000415  0.002514  0.000422  0.999997  1.000000  0.000000  0.000000  0.000000  1.000000  0.000000  0.000000  0.000000  1.000000  1.000000  0.000000  0.000000  0.000000  1.000000  0.000000  0.000000  0.000000  1.000000  0.000000  0.000000  
122.469532 0.001436  0.090162  -0.018083  0.995675  0.062230  -0.068987  -0.064660  0.997343  -0.033557  0.066716  0.037872  0.997053  0.001497  -0.000461  0.000173  0.000000  0.000000  0.000000  2.000000  1.000000  0.000000  0.000000  0.000000  1.000000  0.000000  0.000000  0.000000  1.000000  0.999990  0.003389  -0.002806  -0.003390  0.999994  -0.000373  0.002805  0.000383  0.999996  1.000000  0.000000  0.000000  0.000000  1.000000  0.000000  0.000000  0.000000  1.000000  1.000000  0.000000  0.000000  0.000000  1.000000  0.000000  0.000000  0.000000  1.000000  0.000000  0.000000  
122.470538 0.001437  0.090161  -0.018085  0.995630  0.062631  -0.069268  -0.065068  0.997318  -0.033511  0.066983  0.037872  0.997035  0.001370  -0.000721  -0.000077  0.000000  0.000000  0.000000  2.000000  1.000000  0.000000  0.000000  0.000000  1.000000  0.000000  0.000000  0.000000  1.000000  0.999988  0.003784  -0.003223  -0.003785  0.999993  -0.000466  0.003221  0.000478  0.999995  1.000000  0.000000  0.000000  0.000000  1.000000  0.000000  0.000000  0.000000  1.000000  1.000000  0.000000  0.000000  0.000000  1.000000  0.000000  0.000000  0.000000  1.000000  0.000000  0.000000  
122.471784 0.001437  0.090157  -0.018088  0.995563  0.063223  -0.069695  -0.065681  0.997276  -0.033563  0.067383  0.037992  0.997004  0.001186  -0.001073  -0.000387  0.000000  0.000000  0.000000  2.000000  1.000000  0.000000  0.000000  0.000000  1.000000  0.000000  0.000000  0.000000  1.000000  0.999985  0.004179  -0.003640  -0.004181  0.999991  -0.000558  0.003638  0.000573  0.999993  1.000000  0.000000  0.000000  0.000000  1.000000  0.000000  0.000000  0.000000  1.000000  1.000000  0.000000  0.000000  0.000000  1.000000  0.000000  0.000000  0.000000  1.000000  0.000000  0.000000  
122.473036 0.001437  0.090153  -0.018091  0.995509  0.063610  -0.070116  -0.066090  0.997247  -0.033629  0.067784  0.038111  0.996972  0.001067  -0.001301  -0.000621  0.000000  0.000000  0.000000  2.000000  1.000000  0.000000  0.000000  0.000000  1.000000  0.000000  0.000000  0.000000  1.000000  0.999980  0.004779  -0.004065  -0.004782  0.999988  -0.000635  0.004062  0.000655  0.999992  1.000000  0.000000  0.000000  0.000000  1.000000  0.000000  0.000000  0.000000  1.000000  1.000000  0.000000  0.000000  0.000000  1.000000  0.000000  0.000000  0.000000  1.000000  0.000000  0.000000  
122.474074 0.001437  0.090151  -0.018092  0.995454  0.063997  -0.070537  -0.066498  0.997218  -0.033694  0.068184  0.038231  0.996940  0.001010  -0.001422  -0.000733  -0.025227  0.150087  0.166787  2.000000  1.000000  0.000065  -0.000054  -0.000065  1.000000  -0.000009  0.000054  0.000009  1.000000  0.999977  0.005179  -0.004348  -0.005182  0.999986  -0.000727  0.004345  0.000750  0.999990  1.000000  0.000065  -0.000054  -0.000065  1.000000  -0.000009  0.000054  0.000009  1.000000  1.000000  0.000065  -0.000054  -0.000065  1.000000  -0.000009  0.000054  0.000009  1.000000  0.000056  0.006803  
122.475284 0.001438  0.090147  -0.018091  0.995408  0.064389  -0.070825  -0.066906  0.997188  -0.033768  0.068451  0.038352  0.996917  0.000919  -0.001641  -0.000729  -0.028397  0.159802  0.180451  2.000000  1.000000  0.000334  -0.000285  -0.000334  1.000000  -0.000050  0.000285  0.000050  1.000000  0.999973  0.005573  -0.004766  -0.005577  0.999984  -0.000818  0.004761  0.000845  0.999988  1.000000  0.000070  -0.000060  -0.000070  1.000000  -0.000010  0.000060  0.000010  1.000000  1.000000  0.000334  -0.000285  -0.000334  1.000000  -0.000050  0.000285  0.000050  1.000000  0.000061  0.007380  
122.476284 0.001438  0.090143  -0.018091  0.995353  0.064775  -0.071246  -0.067314  0.997158  -0.033833  0.068852  0.038471  0.996885  0.000797  -0.001858  -0.000788  -0.031515  0.173803  0.193710  2.000000  1.000000  0.000620  -0.000532  -0.000620  1.000000  -0.000094  0.000532  0.000094  1.000000  0.999971  0.005768  -0.005042  -0.005773  0.999983  -0.000924  0.005036  0.000953  0.999987  1.000000  0.000072  -0.000063  -0.000072  1.000000  -0.000012  0.000063  0.000012  1.000000  1.000000  0.000620  -0.000532  -0.000620  1.000000  -0.000094  0.000532  0.000094  1.000000  0.000064  0.007718  
122.477535 0.001439  0.090138  -0.018090  0.995298  0.065162  -0.071667  -0.067722  0.997128  -0.033897  0.069252  0.038591  0.996852  0.000739  -0.002144  -0.000795  -0.034628  0.187810  0.206973  2.000000  0.999999  0.001013  -0.000869  -0.001013  0.999999  -0.000155  0.000868  0.000155  1.000000  0.999963  0.006568  -0.005609  -0.006573  0.999978  -0.000985  0.005602  0.001022  0.999984  1.000000  0.000082  -0.000070  -0.000082  1.000000  -0.000013  0.000070  0.000013  1.000000  0.999999  0.001013  -0.000869  -0.001013  0.999999  -0.000155  0.000868  0.000155  1.000000  0.000071  0.008695  
122.478776 0.001441  0.090132  -0.018088  0.995233  0.065534  -0.072229  -0.068129  0.997094  -0.034073  0.069786  0.038832  0.996806  0.000745  -0.002409  -0.000693  -0.041378  0.206810  0.227190  2.000000  0.999998  0.001418  -0.001227  -0.001418  0.999999  -0.000225  0.001227  0.000226  0.999999  0.999961  0.006556  -0.005878  -0.006563  0.999978  -0.001225  0.005869  0.001263  0.999982  1.000000  0.000082  -0.000073  -0.000082  1.000000  -0.000016  0.000073  0.000016  1.000000  0.999998  0.001418  -0.001227  -0.001418  0.999999  -0.000225  0.001227  0.000226  0.999999  0.000077  0.008892  
122.479778 0.001443  0.090128  -0.018086  0.995177  0.065920  -0.072650  -0.068537  0.997064  -0.034137  0.070187  0.038951  0.996773  0.000700  -0.002641  -0.000654  -0.044448  0.220676  0.240287  2.000000  0.999998  0.001666  -0.001454  -0.001667  0.999999  -0.000268  0.001454  0.000270  0.999999  0.999958  0.006750  -0.006154  -0.006758  0.999976  -0.001208  0.006145  0.001249  0.999980  1.000000  0.000084  -0.000077  -0.000084  1.000000  -0.000015  0.000077  0.000015  1.000000  0.999998  0.001666  -0.001454  -0.001667  0.999999  -0.000268  0.001454  0.000270  0.999999  0.000082  0.009216  
122.480781 0.001445  0.090123  -0.018085  0.995134  0.066092  -0.073072  -0.068740  0.997044  -0.034336  0.070587  0.039192  0.996735  0.000717  -0.002869  -0.000552  -0.052078  0.234410  0.246598  2.000000  0.999996  0.002006  -0.001770  -0.002007  0.999998  -0.000331  0.001770  0.000335  0.999998  0.999957  0.006739  -0.006422  -0.006747  0.999976  -0.001326  0.006413  0.001369  0.999979  1.000000  0.000084  -0.000080  -0.000084  1.000000  -0.000017  0.000080  0.000017  1.000000  0.999996  0.002006  -0.001770  -0.002007  0.999998  -0.000331  0.001770  0.000335  0.999998  0.000086  0.009406  
122.482031 0.001446  0.090118  -0.018083  0.995078  0.066478  -0.073494  -0.069148  0.997013  -0.034399  0.070987  0.039312  0.996702  0.000763  -0.003139  -0.000267  -0.055170  0.248435  0.259861  2.000000  0.999995  0.002440  -0.002179  -0.002441  0.999997  -0.000423  0.002178  0.000428  0.999998  0.999953  0.007142  -0.006573  -0.007153  0.999973  -0.001537  0.006562  0.001584  0.999977  1.000000  0.000089  -0.000082  -0.000089  1.000000  -0.000019  0.000082  0.000020  1.000000  0.999995  0.002440  -0.002179  -0.002441  0.999997  -0.000423  0.002178  0.000428  0.999998  0.000091  0.009831  
122.483281 0.001449  0.090112  -0.018082  0.995020  0.066855  -0.073923  -0.069556  0.996978  -0.034583  0.071388  0.039553  0.996664  0.000874  -0.003509  -0.000062  -0.061836  0.260390  0.270934  2.000000  0.999992  0.002883  -0.002601  -0.002885  0.999996  -0.000516  0.002600  0.000524  0.999996  0.999951  0.007131  -0.006841  -0.007142  0.999973  -0.001534  0.006830  0.001583  0.999975  1.000000  0.000089  -0.000085  -0.000089  1.000000  -0.000019  0.000085  0.000019  1.000000  0.999992  0.002883  -0.002601  -0.002885  0.999996  -0.000516  0.002600  0.000524  0.999996  0.000094  0.010004  
122.484530 0.001451  0.090106  -0.018080  0.994973  0.067246  -0.074212  -0.069964  0.996947  -0.034655  0.071655  0.039673  0.996640  0.000981  -0.003765  0.000187  -0.064944  0.269981  0.284397  2.000000  0.999990  0.003324  -0.003029  -0.003326  0.999994  -0.000620  0.003027  0.000630  0.999995  0.999953  0.006924  -0.006835  -0.006935  0.999975  -0.001667  0.006823  0.001714  0.999975  1.000000  0.000087  -0.000085  -0.000087  1.000000  -0.000021  0.000085  0.000021  1.000000  0.999990  0.003324  -0.003029  -0.003326  0.999994  -0.000620  0.003027  0.000630  0.999995  0.000099  0.009875  
122.485532 0.001452  0.090101  -0.018079  0.994939  0.067422  -0.074501  -0.070168  0.996926  -0.034863  0.071922  0.039914  0.996611  0.001028  -0.004011  0.000422  -0.073084  0.281332  0.293085  2.000000  0.999988  0.003672  -0.003372  -0.003675  0.999993  -0.000708  0.003370  0.000720  0.999994  0.999952  0.006918  -0.006970  -0.006930  0.999974  -0.001786  0.006957  0.001835  0.999974  1.000000  0.000087  -0.000087  -0.000087  1.000000  -0.000023  0.000087  0.000023  1.000000  0.999988  0.003672  -0.003372  -0.003675  0.999993  -0.000708  0.003370  0.000720  0.999994  0.000104  0.009985  
122.486537 0.001454  0.090096  -0.018077  0.994905  0.067608  -0.074782  -0.070371  0.996908  -0.034949  0.072188  0.040034  0.996587  0.001171  -0.004151  0.000791  -0.076170  0.290842  0.306483  2.000000  0.999985  0.004013  -0.003717  -0.004016  0.999992  -0.000802  0.003714  0.000817  0.999993  0.999953  0.006710  -0.006963  -0.006724  0.999976  -0.001921  0.006950  0.001967  0.999974  1.000000  0.000084  -0.000087  -0.000084  1.000000  -0.000024  0.000087  0.000024  1.000000  0.999985  0.004013  -0.003717  -0.004016  0.999992  -0.000802  0.003714  0.000817  0.999993  0.000107  0.009864  
122.487783 0.001456  0.090089  -0.018075  0.994862  0.067779  -0.075205  -0.070574  0.996887  -0.035147  0.072589  0.040274  0.996548  0.001271  -0.004350  0.001105  -0.083558  0.297444  0.303622  2.000000  0.999982  0.004351  -0.004064  -0.004355  0.999990  -0.000903  0.004060  0.000921  0.999991  0.999953  0.006709  -0.006965  -0.006724  0.999975  -0.002161  0.006950  0.002208  0.999973  1.000000  0.000084  -0.000087  -0.000084  1.000000  -0.000027  0.000087  0.000027  1.000000  0.999982  0.004351  -0.004064  -0.004355  0.999990  -0.000903  0.004060  0.000921  0.999991  0.000108  0.009914  
122.489035 0.001458  0.090083  -0.018072  0.994828  0.067955  -0.075495  -0.070777  0.996865  -0.035355  0.072856  0.040515  0.996519  0.001342  -0.004511  0.001306  -0.088721  0.299711  0.299195  2.000000  0.999979  0.004760  -0.004496  -0.004765  0.999988  -0.001037  0.004491  0.001058  0.999989  0.999956  0.006508  -0.006824  -0.006523  0.999976  -0.002174  0.006809  0.002219  0.999974  1.000000  0.000081  -0.000085  -0.000081  1.000000  -0.000027  0.000085  0.000027  1.000000  0.999979  0.004760  -0.004496  -0.004765  0.999988  -0.001037  0.004491  0.001058  0.999989  0.000108  0.009682  
122.490284 0.001459  0.090077  -0.018069  0.994779  0.068346  -0.075784  -0.071185  0.996834  -0.035426  0.073123  0.040635  0.996495  0.001451  -0.004661  0.001485  -0.092269  0.304522  0.305925  2.000000  0.999975  0.005157  -0.004919  -0.005163  0.999986  -0.001183  0.004913  0.001209  0.999987  0.999958  0.006306  -0.006683  -0.006323  0.999977  -0.002430  0.006668  0.002472  0.999975  1.000000  0.000079  -0.000083  -0.000079  1.000000  -0.000031  0.000083  0.000031  1.000000  0.999975  0.005157  -0.004919  -0.005163  0.999986  -0.001183  0.004913  0.001209  0.999987  0.000109  0.009510  
122.491533 0.001460  0.090070  -0.018066  0.994745  0.068521  -0.076074  -0.071389  0.996812  -0.035633  0.073389  0.040876  0.996465  0.001461  -0.004764  0.001635  -0.095477  0.306486  0.303131  2.000000  0.999970  0.005540  -0.005333  -0.005547  0.999984  -0.001335  0.005326  0.001365  0.999985  0.999960  0.006105  -0.006543  -0.006121  0.999978  -0.002565  0.006527  0.002605  0.999975  1.000000  0.000076  -0.000082  -0.000076  1.000000  -0.000032  0.000082  0.000032  1.000000  0.999970  0.005540  -0.005333  -0.005547  0.999984  -0.001335  0.005326  0.001365  0.999985  0.000111  0.009314  
122.492784 0.001462  0.090063  -0.018064  0.994706  0.068908  -0.076238  -0.071798  0.996775  -0.035834  0.073523  0.041118  0.996446  0.001491  -0.004888  0.001716  -0.103881  0.304848  0.312684  2.000000  0.999966  0.005904  -0.005730  -0.005913  0.999981  -0.001493  0.005721  0.001526  0.999982  0.999964  0.005704  -0.006259  -0.005720  0.999980  -0.002593  0.006244  0.002629  0.999977  1.000000  0.000071  -0.000078  -0.000071  1.000000  -0.000033  0.000078  0.000033  1.000000  0.999966  0.005904  -0.005730  -0.005913  0.999981  -0.001493  0.005721  0.001526  0.999982  0.000111  0.008862  
122.494033 0.001464  0.090056  -0.018060  0.994671  0.069084  -0.076528  -0.072001  0.996753  -0.036041  0.073790  0.041359  0.996416  0.001474  -0.005008  0.001808  -0.108814  0.299871  0.299010  2.000000  0.999962  0.006252  -0.006117  -0.006263  0.999979  -0.001658  0.006106  0.001697  0.999980  0.999966  0.005503  -0.006119  -0.005520  0.999981  -0.002728  0.006104  0.002762  0.999978  1.000000  0.000069  -0.000076  -0.000069  1.000000  -0.000034  0.000076  0.000034  1.000000  0.999962  0.006252  -0.006117  -0.006263  0.999979  -0.001658  0.006106  0.001697  0.999980  0.000111  0.008675  
122.495278 0.001466  0.090049  -0.018057  0.994637  0.069259  -0.076818  -0.072204  0.996731  -0.036247  0.074057  0.041600  0.996386  0.001492  -0.005102  0.001914  -0.112415  0.301742  0.289568  2.000000  0.999957  0.006583  -0.006489  -0.006595  0.999977  -0.001831  0.006477  0.001874  0.999977  0.999969  0.005306  -0.005845  -0.005323  0.999982  -0.002864  0.005830  0.002895  0.999979  1.000000  0.000066  -0.000073  -0.000066  1.000000  -0.000036  0.000073  0.000036  1.000000  0.999957  0.006583  -0.006489  -0.006595  0.999977  -0.001831  0.006477  0.001874  0.999977  0.000109  0.008403  
122.496282 0.001467  0.090044  -0.018053  0.994612  0.069440  -0.076975  -0.072408  0.996708  -0.036464  0.074190  0.041841  0.996366  0.001471  -0.005182  0.002130  -0.120466  0.297371  0.289756  2.000000  0.999955  0.006774  -0.006709  -0.006787  0.999975  -0.001942  0.006695  0.001987  0.999976  0.999970  0.005100  -0.005837  -0.005118  0.999982  -0.002999  0.005822  0.003029  0.999978  1.000000  0.000064  -0.000073  -0.000064  1.000000  -0.000038  0.000073  0.000038  1.000000  0.999955  0.006774  -0.006709  -0.006787  0.999975  -0.001942  0.006695  0.001987  0.999976  0.000109  0.008317  
122.497282 0.001469  0.090038  -0.018048  0.994587  0.069621  -0.077133  -0.072612  0.996686  -0.036680  0.074323  0.042082  0.996346  0.001433  -0.005241  0.002377  -0.126370  0.290198  0.278515  2.000000  0.999951  0.007029  -0.006993  -0.007044  0.999973  -0.002093  0.006978  0.002142  0.999973  0.999971  0.005110  -0.005571  -0.005127  0.999982  -0.003120  0.005555  0.003148  0.999980  1.000000  0.000064  -0.000070  -0.000064  1.000000  -0.000039  0.000070  0.000039  1.000000  0.999951  0.007029  -0.006993  -0.007044  0.999973  -0.002093  0.006978  0.002142  0.999973  0.000108  0.008183  
122.498530 0.001471  0.090031  -0.018042  0.994552  0.069796  -0.077423  -0.072816  0.996663  -0.036886  0.074590  0.042323  0.996316  0.001410  -0.005341  0.002637  -0.133338  0.287839  0.276179  2.000000  0.999946  0.007335  -0.007336  -0.007352  0.999970  -0.002292  0.007319  0.002346  0.999970  0.999973  0.004908  -0.005430  -0.004926  0.999983  -0.003255  0.005414  0.003282  0.999980  1.000000  0.000061  -0.000068  -0.000061  1.000000  -0.000041  0.000068  0.000041  1.000000  0.999946  0.007335  -0.007336  -0.007352  0.999970  -0.002292  0.007319  0.002346  0.999970  0.000107  0.008016  
122.499780 0.001472  0.090023  -0.018038  0.994512  0.070173  -0.077597  -0.073225  0.996621  -0.037207  0.074724  0.042685  0.996290  0.001369  -0.005449  0.002798  -0.143026  0.276605  0.272110  2.000000  0.999942  0.007572  -0.007598  -0.007591  0.999968  -0.002457  0.007580  0.002515  0.999968  0.999978  0.004519  -0.004879  -0.004536  0.999984  -0.003406  0.004864  0.003428  0.999982  1.000000  0.000000  0.000000  0.000000  1.000000  0.000000  0.000000  0.000000  1.000000  0.999942  0.007572  -0.007598  -0.007591  0.999968  -0.002457  0.007580  0.002515  0.999968  0.000103  0.000000  
122.500783 0.001473  0.090017  -0.018034  0.994502  0.070148  -0.077747  -0.073224  0.996613  -0.037439  0.074857  0.042926  0.996270  0.001352  -0.005511  0.002950  -0.148015  0.267110  0.258627  2.000000  0.999942  0.007572  -0.007598  -0.007591  0.999968  -0.002457  0.007580  0.002515  0.999968  0.999979  0.004318  -0.004739  -0.004335  0.999984  -0.003542  0.004723  0.003563  0.999982  1.000000  0.000000  0.000000  0.000000  1.000000  0.000000  0.000000  0.000000  1.000000  0.999942  0.007572  -0.007598  -0.007591  0.999968  -0.002457  0.007580  0.002515  0.999968  0.000103  0.000000  
122.502032 0.001475  0.090008  -0.018031  0.994462  0.070524  -0.077921  -0.073633  0.996570  -0.037760  0.074991  0.043288  0.996244  0.001362  -0.005651  0.002993  -0.158843  0.260446  0.256575  2.000000  0.999942  0.007572  -0.007598  -0.007591  0.999968  -0.002457  0.007580  0.002515  0.999968  0.999981  0.004334  -0.004339  -0.004350  0.999984  -0.003663  0.004323  0.003682  0.999984  1.000000  0.000000  0.000000  0.000000  1.000000  0.000000  0.000000  0.000000  1.000000  0.999942  0.007572  -0.007598  -0.007591  0.999968  -0.002457  0.007580  0.002515  0.999968  0.000099  0.000000  
122.503283 0.001476  0.090000  -0.018028  0.994447  0.070711  -0.077946  -0.073837  0.996547  -0.037986  0.074991  0.043530  0.996234  0.001278  -0.005841  0.003073  -0.161068  0.248581  0.245355  2.000000  0.999942  0.007572  -0.007598  -0.007591  0.999968  -0.002457  0.007580  0.002515  0.999968  0.999983  0.004350  -0.003939  -0.004365  0.999983  -0.003784  0.003923  0.003801  0.999985  1.000000  0.000000  0.000000  0.000000  1.000000  0.000000  0.000000  0.000000  1.000000  0.999942  0.007572  -0.007598  -0.007591  0.999968  -0.002457  0.007580  0.002515  0.999968  0.000098  0.000000  
122.504533 0.001477  0.089991  -0.018026  0.994406  0.071087  -0.078120  -0.074246  0.996504  -0.038306  0.075124  0.043892  0.996208  0.001239  -0.006014  0.002976  -0.168032  0.238067  0.244032  2.000000  0.999942  0.007572  -0.007598  -0.007591  0.999968  -0.002457  0.007580  0.002515  0.999968  0.999984  0.004150  -0.003798  -0.004164  0.999984  -0.003799  0.003782  0.003815  0.999986  1.000000  0.000000  0.000000  0.000000  1.000000  0.000000  0.000000  0.000000  1.000000  0.999942  0.007572  -0.007598  -0.007591  0.999968  -0.002457  0.007580  0.002515  0.999968  0.000095  0.000000  
122.505539 0.001478  0.089985  -0.018026  0.994406  0.071068  -0.078137  -0.074246  0.996495  -0.038548  0.075124  0.044134  0.996197  0.001248  -0.006066  0.002852  -0.174189  0.225671  0.232403  2.000000  0.999942  0.007572  -0.007598  -0.007591  0.999968  -0.002457  0.007580  0.002515  0.999968  0.999985  0.004160  -0.003531  -0.004174  0.999984  -0.003920  0.003515  0.003935  0.999986  1.000000  0.000000  0.000000  0.000000  1.000000  0.000000  0.000000  0.000000  1.000000  0.999942  0.007572  -0.007598  -0.007591  0.999968  -0.002457  0.007580  0.002515  0.999968  0.000094  0.000000  
122.506779 0.001480  0.089977  -0.018024  0.994391  0.071254  -0.078163  -0.074451  0.996471  -0.038774  0.075124  0.044376  0.996186  0.001259  -0.006115  0.002756  -0.177265  0.214663  0.223985  2.000000  0.999942  0.007572  -0.007598  -0.007591  0.999968  -0.002457  0.007580  0.002515  0.999968  0.999987  0.003972  -0.003123  -0.003984  0.999984  -0.004057  0.003107  0.004070  0.999987  1.000000  0.000000  0.000000  0.000000  1.000000  0.000000  0.000000  0.000000  1.000000  0.999942  0.007572  -0.007598  -0.007591  0.999968  -0.002457  0.007580  0.002515  0.999968  0.000091  0.000000  
122.507779 0.001481  0.089971  -0.018024  0.994376  0.071440  -0.078188  -0.074655  0.996446  -0.038999  0.075124  0.044617  0.996176  0.001238  -0.006194  0.002618  -0.181281  0.201356  0.224524  2.000000  0.999942  0.007572  -0.007598  -0.007591  0.999968  -0.002457  0.007580  0.002515  0.999968  0.999988  0.003983  -0.002856  -0.003994  0.999984  -0.004057  0.002840  0.004069  0.999988  1.000000  0.000000  0.000000  0.000000  1.000000  0.000000  0.000000  0.000000  1.000000  0.999942  0.007572  -0.007598  -0.007591  0.999968  -0.002457  0.007580  0.002515  0.999968  0.000090  0.000000  
122.508780 0.001481  0.089964  -0.018024  0.994350  0.071620  -0.078346  -0.074859  0.996423  -0.039215  0.075257  0.044858  0.996155  0.001196  -0.006262  0.002481  -0.189489  0.186200  0.215255  2.000000  0.999942  0.007572  -0.007598  -0.007591  0.999968  -0.002457  0.007580  0.002515  0.999968  0.999988  0.003988  -0.002724  -0.003999  0.999983  -0.004178  0.002707  0.004189  0.999988  1.000000  0.000000  0.000000  0.000000  1.000000  0.000000  0.000000  0.000000  1.000000  0.999942  0.007572  -0.007598  -0.007591  0.999968  -0.002457  0.007580  0.002515  0.999968  0.000087  0.000000  
122.509781 0.001483  0.089958  -0.018023  0.994335  0.071806  -0.078372  -0.075064  0.996398  -0.039441  0.075257  0.045100  0.996144  0.001179  -0.006307  0.002326  -0.191830  0.175574  0.213659  2.000000  0.999942  0.007572  -0.007598  -0.007591  0.999968  -0.002457  0.007580  0.002515  0.999968  0.999989  0.003999  -0.002457  -0.004010  0.999983  -0.004299  0.002440  0.004309  0.999988  1.000000  0.000000  0.000000  0.000000  1.000000  0.000000  0.000000  0.000000  1.000000  0.999942  0.007572  -0.007598  -0.007591  0.999968  -0.002457  0.007580  0.002515  0.999968  0.000085  0.000000  
122.510784 0.001483  0.089951  -0.018023  0.994319  0.071993  -0.078397  -0.075269  0.996374  -0.039666  0.075257  0.045342  0.996133  0.001129  -0.006390  0.002126  -0.192284  0.166327  0.207077  2.000000  0.999942  0.007572  -0.007598  -0.007591  0.999968  -0.002457  0.007580  0.002515  0.999968  0.999989  0.004005  -0.002325  -0.004015  0.999983  -0.004299  0.002307  0.004308  0.999988  1.000000  0.000000  0.000000  0.000000  1.000000  0.000000  0.000000  0.000000  1.000000  0.999942  0.007572  -0.007598  -0.007591  0.999968  -0.002457  0.007580  0.002515  0.999968  0.000084  0.000000  
122.511787 0.001485  0.089944  -0.018023  0.994304  0.072179  -0.078423  -0.075473  0.996350  -0.039892  0.075257  0.045583  0.996122  0.001107  -0.006493  0.001774  -0.196283  0.152859  0.207581  2.000000  0.999942  0.007572  -0.007598  -0.007591  0.999968  -0.002457  0.007580  0.002515  0.999968  0.999990  0.004016  -0.002058  -0.004025  0.999982  -0.004420  0.002041  0.004429  0.999988  1.000000  0.000000  0.000000  0.000000  1.000000  0.000000  0.000000  0.000000  1.000000  0.999942  0.007572  -0.007598  -0.007591  0.999968  -0.002457  0.007580  0.002515  0.999968  0.000083  0.000000  
122.513032 0.001486  0.089935  -0.018022  0.994298  0.072361  -0.078325  -0.075679  0.996320  -0.040248  0.075124  0.045946  0.996115  0.001081  -0.006563  0.001450  -0.200875  0.134682  0.201447  2.000000  0.999942  0.007572  -0.007598  -0.007591  0.999968  -0.002457  0.007580  0.002515  0.999968  0.999991  0.003823  -0.001783  -0.003831  0.999982  -0.004558  0.001766  0.004565  0.999988  1.000000  0.000000  0.000000  0.000000  1.000000  0.000000  0.000000  0.000000  1.000000  0.999942  0.007572  -0.007598  -0.007591  0.999968  -0.002457  0.007580  0.002515  0.999968  0.000081  0.000000  
122.514281 0.001488  0.089927  -0.018022  0.994283  0.072538  -0.078359  -0.075884  0.996290  -0.040595  0.075124  0.046309  0.996098  0.001090  -0.006588  0.001194  -0.209518  0.125452  0.194914  2.000000  0.999942  0.007572  -0.007598  -0.007591  0.999968  -0.002457  0.007580  0.002515  0.999968  0.999991  0.003835  -0.001517  -0.003842  0.999982  -0.004679  0.001499  0.004685  0.999988  1.000000  0.000000  0.000000  0.000000  1.000000  0.000000  0.000000  0.000000  1.000000  0.999942  0.007572  -0.007598  -0.007591  0.999968  -0.002457  0.007580  0.002515  0.999968  0.000079  0.000000  
122.515281 0.001489  0.089920  -0.018022  0.994267  0.072714  -0.078394  -0.076088  0.996260  -0.040941  0.075124  0.046671  0.996081  0.001069  -0.006643  0.000912  -0.213575  0.116529  0.195271  2.000000  0.999942  0.007572  -0.007598  -0.007591  0.999968  -0.002457  0.007580  0.002515  0.999968  0.999992  0.003840  -0.001384  -0.003847  0.999982  -0.004679  0.001366  0.004684  0.999988  1.000000  0.000000  0.000000  0.000000  1.000000  0.000000  0.000000  0.000000  1.000000  0.999942  0.007572  -0.007598  -0.007591  0.999968  -0.002457  0.007580  0.002515  0.999968  0.000078  0.000000  
122.516530 0.001490  0.089910  -0.018022  0.994251  0.072891  -0.078429  -0.076293  0.996230  -0.041287  0.075124  0.047034  0.996064  0.001024  -0.006738  0.000637  -0.219899  0.106714  0.194041  2.000000  0.999942  0.007572  -0.007598  -0.007591  0.999968  -0.002457  0.007580  0.002515  0.999968  0.999992  0.003852  -0.001118  -0.003858  0.999981  -0.004800  0.001100  0.004805  0.999988  1.000000  0.000000  0.000000  0.000000  1.000000  0.000000  0.000000  0.000000  1.000000  0.999942  0.007572  -0.007598  -0.007591  0.999968  -0.002457  0.007580  0.002515  0.999968  0.000078  0.000000  
122.517530 0.001491  0.089903  -0.018022  0.994236  0.073077  -0.078455  -0.076498  0.996205  -0.041513  0.075124  0.047275  0.996053  0.001026  -0.006770  0.000509  -0.219826  0.097827  0.194364  2.000000  0.999942  0.007572  -0.007598  -0.007591  0.999968  -0.002457  0.007580  0.002515  0.999968  0.999992  0.003865  -0.000853  -0.003869  0.999980  -0.004922  0.000834  0.004925  0.999988  1.000000  0.000000  0.000000  0.000000  1.000000  0.000000  0.000000  0.000000  1.000000  0.999942  0.007572  -0.007598  -0.007591  0.999968  -0.002457  0.007580  0.002515  0.999968  0.000078  0.000000  
122.518530 0.001492  0.089897  -0.018022  0.994220  0.073254  -0.078491  -0.076702  0.996175  -0.041859  0.075124  0.047638  0.996036  0.001088  -0.006754  0.000417  -0.227915  0.088973  0.194756  2.000000  0.999942  0.007572  -0.007598  -0.007591  0.999968  -0.002457  0.007580  0.002515  0.999968  0.999992  0.003871  -0.000720  -0.003874  0.999980  -0.004922  0.000701  0.004924  0.999988  1.000000  0.000000  0.000000  0.000000  1.000000  0.000000  0.000000  0.000000  1.000000  0.999942  0.007572  -0.007598  -0.007591  0.999968  -0.002457  0.007580  0.002515  0.999968  0.000079  0.000000  
122.519531 0.001494  0.089890  -0.018021  0.994204  0.073440  -0.078517  -0.076907  0.996150  -0.042085  0.075124  0.047879  0.996024  0.001109  -0.006759  0.000343  -0.229786  0.080775  0.196753  2.000000  0.999942  0.007572  -0.007598  -0.007591  0.999968  -0.002457  0.007580  0.002515  0.999968  0.999993  0.003672  -0.000577  -0.003675  0.999981  -0.004937  0.000559  0.004939  0.999988  1.000000  0.000000  0.000000  0.000000  1.000000  0.000000  0.000000  0.000000  1.000000  0.999942  0.007572  -0.007598  -0.007591  0.999968  -0.002457  0.007580  0.002515  0.999968  0.000077  0.000000  
122.520532 0.001495  0.089883  -0.018021  0.994204  0.073421  -0.078535  -0.076907  0.996139  -0.042327  0.075124  0.048121  0.996012  0.001128  -0.006787  0.000315  -0.232424  0.075381  0.188471  2.000000  0.999942  0.007572  -0.007598  -0.007591  0.999968  -0.002457  0.007580  0.002515  0.999968  0.999993  0.003678  -0.000445  -0.003680  0.999981  -0.004937  0.000427  0.004939  0.999988  1.000000  0.000000  0.000000  0.000000  1.000000  0.000000  0.000000  0.000000  1.000000  0.999942  0.007572  -0.007598  -0.007591  0.999968  -0.002457  0.007580  0.002515  0.999968  0.000078  0.000000  
122.521539 0.001496  0.089876  -0.018021  0.994198  0.073604  -0.078437  -0.077113  0.996108  -0.042683  0.074991  0.048484  0.996005  0.001132  -0.006828  0.000258  -0.242964  0.062254  0.183693  2.000000  0.999942  0.007572  -0.007598  -0.007591  0.999968  -0.002457  0.007580  0.002515  0.999968  0.999993  0.003691  -0.000179  -0.003692  0.999981  -0.004938  0.000160  0.004938  0.999988  1.000000  0.000000  0.000000  0.000000  1.000000  0.000000  0.000000  0.000000  1.000000  0.999942  0.007572  -0.007598  -0.007591  0.999968  -0.002457  0.007580  0.002515  0.999968  0.000078  0.000000  
122.522780 0.001499  0.089868  -0.018021  0.994182  0.073790  -0.078464  -0.077317  0.996083  -0.042909  0.074991  0.048726  0.995993  0.001225  -0.006813  0.000228  -0.240997  0.057341  0.182400  2.000000  0.999941  0.007706  -0.007606  -0.007727  0.999967  -0.002647  0.007585  0.002706  0.999968  0.999994  0.003486  -0.000170  -0.003487  0.999981  -0.005074  0.000152  0.005075  0.999987  1.000000  0.000044  -0.000002  -0.000044  1.000000  -0.000063  0.000002  0.000063  1.000000  0.999941  0.007706  -0.007606  -0.007727  0.999967  -0.002647  0.007585  0.002706  0.999968  0.000078  0.006159  
122.523780 0.001500  0.089862  -0.018021  0.994166  0.073976  -0.078491  -0.077522  0.996057  -0.043134  0.074991  0.048967  0.995981  0.001227  -0.006820  0.000165  -0.244984  0.048456  0.182767  2.000000  0.999941  0.007792  -0.007609  -0.007814  0.999966  -0.002774  0.007588  0.002833  0.999967  0.999994  0.003492  -0.000037  -0.003492  0.999981  -0.005074  0.000020  0.005074  0.999987  1.000000  0.000044  -0.000000  -0.000044  1.000000  -0.000063  0.000000  0.000063  1.000000  0.999941  0.007792  -0.007609  -0.007814  0.999966  -0.002774  0.007588  0.002833  0.999967  0.000079  0.006160  
122.524784 0.001501  0.089854  -0.018022  0.994176  0.073963  -0.078376  -0.077523  0.996046  -0.043386  0.074857  0.049209  0.995979  0.001244  -0.006870  0.000069  -0.244993  0.039591  0.183168  2.000000  0.999940  0.007876  -0.007611  -0.007899  0.999965  -0.002901  0.007588  0.002961  0.999967  0.999995  0.003287  -0.000028  -0.003287  0.999982  -0.005090  0.000011  0.005090  0.999987  1.000000  0.000041  -0.000000  -0.000041  1.000000  -0.000064  0.000000  0.000064  1.000000  0.999940  0.007876  -0.007611  -0.007899  0.999965  -0.002901  0.007588  0.002961  0.999967  0.000078  0.006059  
122.526037 0.001502  0.089846  -0.018023  0.994160  0.074140  -0.078412  -0.077727  0.996015  -0.043732  0.074857  0.049572  0.995961  0.001235  -0.006900  -0.000024  -0.247490  0.030682  0.178171  2.000000  0.999939  0.008003  -0.007609  -0.008027  0.999963  -0.003091  0.007584  0.003152  0.999966  0.999995  0.003294  0.000105  -0.003293  0.999982  -0.005090  -0.000122  0.005090  0.999987  1.000000  0.000041  0.000001  -0.000041  1.000000  -0.000064  -0.000001  0.000064  1.000000  0.999939  0.008003  -0.007609  -0.008027  0.999963  -0.003091  0.007584  0.003152  0.999966  0.000077  0.006064  
122.527284 0.001504  0.089837  -0.018024  0.994144  0.074326  -0.078439  -0.077932  0.995989  -0.043958  0.074857  0.049813  0.995949  0.001259  -0.006916  -0.000157  -0.247599  0.021753  0.178672  2.000000  0.999938  0.008128  -0.007606  -0.008153  0.999961  -0.003282  0.007579  0.003344  0.999966  0.999995  0.003294  0.000104  -0.003293  0.999982  -0.004969  -0.000120  0.004969  0.999988  1.000000  0.000000  0.000000  0.000000  1.000000  0.000000  0.000000  0.000000  1.000000  0.999938  0.008128  -0.007606  -0.008153  0.999961  -0.003282  0.007579  0.003344  0.999966  0.000076  0.000000  
122.528285 0.001505  0.089830  -0.018026  0.994144  0.074307  -0.078457  -0.077932  0.995978  -0.044200  0.074857  0.050055  0.995937  0.001249  -0.006917  -0.000237  -0.247974  0.016973  0.171888  2.000000  0.999937  0.008209  -0.007604  -0.008236  0.999960  -0.003409  0.007576  0.003472  0.999965  0.999995  0.003089  0.000113  -0.003088  0.999983  -0.004984  -0.000129  0.004984  0.999988  1.000000  0.000000  0.000000  0.000000  1.000000  0.000000  0.000000  0.000000  1.000000  0.999937  0.008209  -0.007604  -0.008236  0.999960  -0.003409  0.007576  0.003472  0.999965  0.000075  0.000000  
122.529535 0.001507  0.089822  -0.018027  0.994128  0.074493  -0.078484  -0.078137  0.995952  -0.044425  0.074857  0.050297  0.995925  0.001293  -0.006871  -0.000302  -0.244404  0.012212  0.165200  2.000000  0.999936  0.008327  -0.007596  -0.008354  0.999959  -0.003601  0.007566  0.003664  0.999965  0.999995  0.003096  0.000246  -0.003094  0.999982  -0.005106  -0.000262  0.005105  0.999987  1.000000  0.000039  0.000003  -0.000039  1.000000  -0.000064  -0.000003  0.000064  1.000000  0.999936  0.008327  -0.007596  -0.008354  0.999959  -0.003601  0.007566  0.003664  0.999965  0.000075  0.005976  
