1-Time 2-Px 3-Py 4-Pz 5-R11 6-R21 7-R31 8-R12 9-R22 10-R32 11-R13 12-R23 13-R33 14-Vx 15-Vy 16-Vz 17-Wx 18-Wy 19-Wz 20-state 21-PR11 22-PR21 23-PR31 24-PR12 25-PR22 26-PR32 27-PR13 28-PR23 29-PR33 
146.358096 0.008893  0.094973  -0.002657  0.998491  0.046191  -0.029701  -0.045666  0.998793  0.018114  0.030501  -0.016730  0.999395  -0.000090  0.000047  0.000192  0.000000  0.000000  0.000000  2.000000  1.000000  0.000000  0.000000  0.000000  1.000000  0.000000  0.000000  0.000000  1.000000  1.000000  0.000208  -0.000130  -0.000208  1.000000  0.000006  0.000130  -0.000006  1.000000  1.000000  0.000000  0.000000  0.000000  1.000000  0.000000  0.000000  0.000000  1.000000  0.476655  0.799230  -0.366102  -0.667565  0.600046  0.440796  0.571976  0.034290  0.819554  0.000000  0.000000  
146.359104 0.008893  0.094973  -0.002657  0.998491  0.046191  -0.029701  -0.045666  0.998793  0.018114  0.030501  -0.016730  0.999395  -0.000091  0.000048  0.000195  0.000000  0.000000  0.000000  2.000000  1.000000  0.000000  0.000000  0.000000  1.000000  0.000000  0.000000  0.000000  1.000000  1.000000  0.000208  -0.000130  -0.000208  1.000000  0.000006  0.000130  -0.000006  1.000000  1.000000  0.000000  0.000000  0.000000  1.000000  0.000000  0.000000  0.000000  1.000000  1.000000  0.000000  0.000000  0.000000  1.000000  0.000000  0.000000  0.000000  1.000000  0.000000  0.000000  
146.360105 0.008894  0.094973  -0.002657  0.998482  0.046397  -0.029697  -0.045872  0.998783  0.018120  0.030501  -0.016730  0.999395  -0.000016  0.000020  0.000170  0.000000  0.000000  0.000000  2.000000  1.000000  0.000000  0.000000  0.000000  1.000000  0.000000  0.000000  0.000000  1.000000  1.000000  0.000414  -0.000127  -0.000414  1.000000  0.000013  0.000127  -0.000013  1.000000  1.000000  0.000000  0.000000  0.000000  1.000000  0.000000  0.000000  0.000000  1.000000  1.000000  0.000000  0.000000  0.000000  1.000000  0.000000  0.000000  0.000000  1.000000  0.000000  0.000000  
146.361360 0.008896  0.094973  -0.002658  0.998468  0.046605  -0.029827  -0.046077  0.998773  0.018132  0.030635  -0.016730  0.999391  0.000141  -0.000014  0.000075  0.000000  0.000000  0.000000  2.000000  1.000000  0.000000  0.000000  0.000000  1.000000  0.000000  0.000000  0.000000  1.000000  1.000000  0.000622  -0.000257  -0.000622  1.000000  0.000019  0.000257  -0.000019  1.000000  1.000000  0.000000  0.000000  0.000000  1.000000  0.000000  0.000000  0.000000  1.000000  1.000000  0.000000  0.000000  0.000000  1.000000  0.000000  0.000000  0.000000  1.000000  0.000000  0.000000  
146.362605 0.008898  0.094971  -0.002659  0.998459  0.046814  -0.029817  -0.046283  0.998761  0.018260  0.030635  -0.016852  0.999389  0.000270  -0.000124  0.000015  0.000000  0.000000  0.000000  2.000000  1.000000  0.000000  0.000000  0.000000  1.000000  0.000000  0.000000  0.000000  1.000000  1.000000  0.000827  -0.000254  -0.000827  1.000000  0.000147  0.000254  -0.000146  1.000000  1.000000  0.000000  0.000000  0.000000  1.000000  0.000000  0.000000  0.000000  1.000000  1.000000  0.000000  0.000000  0.000000  1.000000  0.000000  0.000000  0.000000  1.000000  0.000000  0.000000  
146.363606 0.008900  0.094970  -0.002661  0.998445  0.047022  -0.029947  -0.046488  0.998752  0.018272  0.030769  -0.016852  0.999384  0.000419  -0.000216  -0.000125  0.000000  0.000000  0.000000  2.000000  1.000000  0.000000  0.000000  0.000000  1.000000  0.000000  0.000000  0.000000  1.000000  0.999999  0.001036  -0.000384  -0.001035  0.999999  0.000153  0.000384  -0.000153  1.000000  1.000000  0.000000  0.000000  0.000000  1.000000  0.000000  0.000000  0.000000  1.000000  1.000000  0.000000  0.000000  0.000000  1.000000  0.000000  0.000000  0.000000  1.000000  0.000000  0.000000  
146.364851 0.008903  0.094969  -0.002661  0.998422  0.047439  -0.030067  -0.046899  0.998730  0.018412  0.030903  -0.016973  0.999378  0.000663  -0.000266  -0.000143  0.000000  0.000000  0.000000  2.000000  1.000000  0.000000  0.000000  0.000000  1.000000  0.000000  0.000000  0.000000  1.000000  0.999999  0.001244  -0.000514  -0.001243  0.999999  0.000281  0.000514  -0.000280  1.000000  1.000000  0.000000  0.000000  0.000000  1.000000  0.000000  0.000000  0.000000  1.000000  1.000000  0.000000  0.000000  0.000000  1.000000  0.000000  0.000000  0.000000  1.000000  0.000000  0.000000  
146.366193 0.008907  0.094968  -0.002662  0.998398  0.047852  -0.030193  -0.047310  0.998710  0.018431  0.031036  -0.016973  0.999374  0.000929  -0.000322  -0.000228  0.000000  0.000000  0.000000  2.000000  1.000000  0.000000  0.000000  0.000000  1.000000  0.000000  0.000000  0.000000  1.000000  0.999998  0.001657  -0.000641  -0.001657  0.999999  0.000294  0.000641  -0.000293  1.000000  1.000000  0.000000  0.000000  0.000000  1.000000  0.000000  0.000000  0.000000  1.000000  1.000000  0.000000  0.000000  0.000000  1.000000  0.000000  0.000000  0.000000  1.000000  0.000000  0.000000  
146.367353 0.008911  0.094966  -0.002663  0.998374  0.048266  -0.030319  -0.047721  0.998690  0.018449  0.031170  -0.016973  0.999370  0.001179  -0.000456  -0.000281  0.000000  0.000000  0.000000  2.000000  1.000000  0.000000  0.000000  0.000000  1.000000  0.000000  0.000000  0.000000  1.000000  0.999998  0.002071  -0.000768  -0.002071  0.999998  0.000307  0.000768  -0.000305  1.000000  1.000000  0.000000  0.000000  0.000000  1.000000  0.000000  0.000000  0.000000  1.000000  1.000000  0.000000  0.000000  0.000000  1.000000  0.000000  0.000000  0.000000  1.000000  0.000000  0.000000  
146.368602 0.008914  0.094965  -0.002664  0.998350  0.048683  -0.030439  -0.048132  0.998668  0.018589  0.031304  -0.017094  0.999364  0.001420  -0.000544  -0.000390  0.000000  0.000000  0.000000  2.000000  1.000000  0.000000  0.000000  0.000000  1.000000  0.000000  0.000000  0.000000  1.000000  0.999996  0.002691  -0.000891  -0.002690  0.999996  0.000448  0.000892  -0.000445  1.000000  1.000000  0.000000  0.000000  0.000000  1.000000  0.000000  0.000000  0.000000  1.000000  1.000000  0.000000  0.000000  0.000000  1.000000  0.000000  0.000000  0.000000  1.000000  0.000000  0.000000  
146.369852 0.008917  0.094964  -0.002665  0.998316  0.049302  -0.030561  -0.048748  0.998638  0.018615  0.031438  -0.017094  0.999360  0.001652  -0.000606  -0.000509  0.000000  0.000000  0.000000  2.000000  1.000000  0.000000  0.000000  0.000000  1.000000  0.000000  0.000000  0.000000  1.000000  0.999995  0.003102  -0.000884  -0.003102  0.999995  0.000461  0.000885  -0.000458  1.000000  1.000000  0.000000  0.000000  0.000000  1.000000  0.000000  0.000000  0.000000  1.000000  1.000000  0.000000  0.000000  0.000000  1.000000  0.000000  0.000000  0.000000  1.000000  0.000000  0.000000  
146.371102 0.008921  0.094964  -0.002667  0.998292  0.049715  -0.030687  -0.049159  0.998617  0.018634  0.031571  -0.017094  0.999355  0.001890  -0.000648  -0.000674  0.000000  0.000000  0.000000  2.000000  1.000000  0.000000  0.000000  0.000000  1.000000  0.000000  0.000000  0.000000  1.000000  0.999993  0.003722  -0.001007  -0.003721  0.999993  0.000481  0.001008  -0.000477  0.999999  1.000000  0.000000  0.000000  0.000000  1.000000  0.000000  0.000000  0.000000  1.000000  1.000000  0.000000  0.000000  0.000000  1.000000  0.000000  0.000000  0.000000  1.000000  0.000000  0.000000  
146.372353 0.008925  0.094963  -0.002669  0.998257  0.050334  -0.030809  -0.049775  0.998586  0.018660  0.031705  -0.017093  0.999351  0.002118  -0.000671  -0.000759  0.000000  0.000000  0.000000  2.000000  1.000000  0.000000  0.000000  0.000000  1.000000  0.000000  0.000000  0.000000  1.000000  0.999991  0.004135  -0.001133  -0.004135  0.999991  0.000494  0.001135  -0.000490  0.999999  1.000000  0.000000  0.000000  0.000000  1.000000  0.000000  0.000000  0.000000  1.000000  1.000000  0.000000  0.000000  0.000000  1.000000  0.000000  0.000000  0.000000  1.000000  0.000000  0.000000  
146.373602 0.008929  0.094963  -0.002671  0.998232  0.050752  -0.030929  -0.050186  0.998563  0.018800  0.031839  -0.017215  0.999345  0.002403  -0.000711  -0.000923  0.000000  0.000000  0.000000  2.000000  1.000000  0.000000  0.000000  0.000000  1.000000  0.000000  0.000000  0.000000  1.000000  0.999989  0.004549  -0.001259  -0.004549  0.999989  0.000629  0.001262  -0.000623  0.999999  1.000000  0.000000  0.000000  0.000000  1.000000  0.000000  0.000000  0.000000  1.000000  1.000000  0.000000  0.000000  0.000000  1.000000  0.000000  0.000000  0.000000  1.000000  0.000000  0.000000  
146.374610 0.008932  0.094963  -0.002672  0.998193  0.051373  -0.031184  -0.050802  0.998531  0.018833  0.032106  -0.017214  0.999336  0.002643  -0.000732  -0.001045  0.021916  0.055373  0.180696  2.000000  1.000000  0.000000  0.000000  0.000000  1.000000  0.000000  0.000000  0.000000  1.000000  0.999987  0.004963  -0.001386  -0.004962  0.999987  0.000643  0.001389  -0.000636  0.999999  1.000000  0.000000  0.000000  0.000000  1.000000  0.000000  0.000000  0.000000  1.000000  1.000000  0.000000  0.000000  0.000000  1.000000  0.000000  0.000000  0.000000  1.000000  0.000046  0.000000  
146.375863 0.008937  0.094962  -0.002674  0.998167  0.051790  -0.031304  -0.051213  0.998508  0.018974  0.032240  -0.017336  0.999330  0.002817  -0.000734  -0.001084  0.026437  0.059621  0.194602  2.000000  1.000000  0.000252  0.000240  -0.000252  1.000000  0.000041  -0.000240  -0.000041  1.000000  0.999983  0.005585  -0.001643  -0.005584  0.999984  0.000664  0.001647  -0.000655  0.999998  1.000000  0.000053  0.000050  -0.000053  1.000000  0.000008  -0.000050  -0.000008  1.000000  1.000000  0.000252  0.000240  -0.000252  1.000000  0.000041  -0.000240  -0.000041  1.000000  0.000051  0.005859  
146.377106 0.008941  0.094960  -0.002675  0.998127  0.052412  -0.031559  -0.051829  0.998475  0.019007  0.032507  -0.017335  0.999321  0.002938  -0.000737  -0.001122  0.027121  0.068270  0.215535  2.000000  1.000000  0.000531  0.000502  -0.000531  1.000000  0.000090  -0.000502  -0.000090  1.000000  0.999979  0.006207  -0.001899  -0.006206  0.999980  0.000807  0.001904  -0.000795  0.999998  1.000000  0.000059  0.000055  -0.000059  1.000000  0.000010  -0.000055  -0.000010  1.000000  1.000000  0.000531  0.000502  -0.000531  1.000000  0.000090  -0.000502  -0.000090  1.000000  0.000057  0.006540  
146.378360 0.008945  0.094959  -0.002676  0.998090  0.053034  -0.031675  -0.052445  0.998440  0.019154  0.032641  -0.017457  0.999315  0.003070  -0.000727  -0.001057  0.031873  0.067888  0.236228  2.000000  0.999999  0.000840  0.000790  -0.000840  1.000000  0.000143  -0.000790  -0.000144  1.000000  0.999976  0.006621  -0.002025  -0.006619  0.999978  0.000942  0.002031  -0.000929  0.999998  1.000000  0.000063  0.000059  -0.000063  1.000000  0.000012  -0.000059  -0.000012  1.000000  0.999999  0.000840  0.000790  -0.000840  1.000000  0.000143  -0.000790  -0.000144  1.000000  0.000061  0.006987  
146.379606 0.008949  0.094956  -0.002677  0.998049  0.053660  -0.031923  -0.053061  0.998405  0.019309  0.032909  -0.017578  0.999304  0.003102  -0.000862  -0.001104  0.036642  0.076516  0.257154  2.000000  0.999999  0.001175  0.001101  -0.001175  0.999999  0.000202  -0.001101  -0.000204  0.999999  0.999971  0.007243  -0.002281  -0.007241  0.999973  0.000964  0.002288  -0.000948  0.999997  1.000000  0.000070  0.000064  -0.000070  1.000000  0.000012  -0.000064  -0.000012  1.000000  0.999999  0.001175  0.001101  -0.001175  0.999999  0.000202  -0.001101  -0.000204  0.999999  0.000066  0.007654  
146.380850 0.008953  0.094953  -0.002678  0.998018  0.054075  -0.032182  -0.053471  0.998382  0.019337  0.033176  -0.017577  0.999295  0.003150  -0.001026  -0.001112  0.037124  0.085284  0.271180  2.000000  0.999998  0.001538  0.001435  -0.001538  0.999999  0.000270  -0.001435  -0.000272  0.999999  0.999968  0.007657  -0.002407  -0.007654  0.999970  0.001100  0.002415  -0.001082  0.999996  1.000000  0.000074  0.000068  -0.000074  1.000000  0.000014  -0.000068  -0.000014  1.000000  0.999998  0.001538  0.001435  -0.001538  0.999999  0.000270  -0.001435  -0.000272  0.999999  0.000071  0.008100  
146.381856 0.008956  0.094950  -0.002679  0.997992  0.054493  -0.032301  -0.053882  0.998357  0.019478  0.033310  -0.017699  0.999288  0.003130  -0.001184  -0.001172  0.041431  0.089627  0.278124  2.000000  0.999997  0.001838  0.001707  -0.001838  0.999998  0.000324  -0.001707  -0.000327  0.999998  0.999966  0.007863  -0.002403  -0.007860  0.999968  0.001108  0.002412  -0.001089  0.999996  1.000000  0.000075  0.000070  -0.000075  1.000000  0.000014  -0.000070  -0.000014  1.000000  0.999997  0.001838  0.001707  -0.001838  0.999998  0.000324  -0.001707  -0.000327  0.999998  0.000075  0.008295  
146.383102 0.008959  0.094945  -0.002681  0.997954  0.055112  -0.032423  -0.054498  0.998323  0.019505  0.033443  -0.017699  0.999284  0.003099  -0.001376  -0.001199  0.042119  0.093779  0.298984  2.000000  0.999996  0.002150  0.001987  -0.002151  0.999998  0.000380  -0.001986  -0.000384  0.999998  0.999964  0.008074  -0.002666  -0.008071  0.999967  0.001117  0.002675  -0.001096  0.999996  1.000000  0.000079  0.000071  -0.000079  1.000000  0.000014  -0.000071  -0.000014  1.000000  0.999996  0.002150  0.001987  -0.002151  0.999998  0.000380  -0.001986  -0.000384  0.999998  0.000077  0.008574  
146.384105 0.008961  0.094941  -0.002682  0.997938  0.055319  -0.032552  -0.054703  0.998312  0.019519  0.033577  -0.017698  0.999279  0.003089  -0.001581  -0.001147  0.042365  0.098164  0.306002  2.000000  0.999994  0.002472  0.002276  -0.002473  0.999997  0.000435  -0.002275  -0.000441  0.999997  0.999962  0.008279  -0.002662  -0.008276  0.999965  0.001125  0.002672  -0.001103  0.999996  1.000000  0.000081  0.000073  -0.000081  1.000000  0.000014  -0.000073  -0.000014  1.000000  0.999994  0.002472  0.002276  -0.002473  0.999997  0.000435  -0.002275  -0.000441  0.999997  0.000081  0.008768  
146.385352 0.008965  0.094937  -0.002684  0.997895  0.055945  -0.032800  -0.055319  0.998275  0.019675  0.033845  -0.017820  0.999268  0.003054  -0.001812  -0.001176  0.047152  0.106785  0.326924  2.000000  0.999992  0.002886  0.002647  -0.002887  0.999996  0.000503  -0.002645  -0.000510  0.999996  0.999960  0.008488  -0.002791  -0.008485  0.999963  0.001133  0.002801  -0.001109  0.999995  1.000000  0.000083  0.000074  -0.000083  1.000000  0.000014  -0.000074  -0.000014  1.000000  0.999992  0.002886  0.002647  -0.002887  0.999996  0.000503  -0.002645  -0.000510  0.999996  0.000085  0.009005  
146.386356 0.008967  0.094933  -0.002685  0.997879  0.056153  -0.032930  -0.055524  0.998263  0.019690  0.033978  -0.017819  0.999264  0.003052  -0.002073  -0.001160  0.047383  0.111130  0.333819  2.000000  0.999990  0.003220  0.002947  -0.003222  0.999995  0.000558  -0.002945  -0.000567  0.999996  0.999960  0.008488  -0.002791  -0.008485  0.999963  0.001134  0.002801  -0.001110  0.999995  1.000000  0.000083  0.000074  -0.000083  1.000000  0.000014  -0.000074  -0.000014  1.000000  0.999990  0.003220  0.002947  -0.003222  0.999995  0.000558  -0.002945  -0.000567  0.999996  0.000088  0.009005  
146.387601 0.008971  0.094929  -0.002686  0.997840  0.056772  -0.033051  -0.056141  0.998228  0.019717  0.034112  -0.017819  0.999259  0.003003  -0.002267  -0.001108  0.047705  0.114378  0.351901  2.000000  0.999988  0.003634  0.003317  -0.003636  0.999993  0.000627  -0.003315  -0.000639  0.999994  0.999960  0.008488  -0.002791  -0.008484  0.999963  0.001136  0.002801  -0.001113  0.999995  1.000000  0.000083  0.000074  -0.000083  1.000000  0.000014  -0.000074  -0.000014  1.000000  0.999988  0.003634  0.003317  -0.003636  0.999993  0.000627  -0.003315  -0.000639  0.999994  0.000092  0.009005  
146.388852 0.008973  0.094926  -0.002686  0.997812  0.057185  -0.033177  -0.056551  0.998205  0.019739  0.034246  -0.017819  0.999255  0.002913  -0.002507  -0.001033  0.048169  0.118591  0.365664  2.000000  0.999985  0.004049  0.003687  -0.004052  0.999992  0.000689  -0.003685  -0.000704  0.999993  0.999962  0.008282  -0.002795  -0.008279  0.999965  0.001009  0.002803  -0.000986  0.999996  1.000000  0.000082  0.000072  -0.000082  1.000000  0.000012  -0.000072  -0.000012  1.000000  0.999985  0.004049  0.003687  -0.004052  0.999992  0.000689  -0.003685  -0.000704  0.999993  0.000095  0.008798  
146.390102 0.008976  0.094922  -0.002687  0.997796  0.057393  -0.033306  -0.056756  0.998193  0.019753  0.034379  -0.017819  0.999250  0.002777  -0.002662  -0.000925  0.048192  0.123045  0.365726  2.000000  0.999982  0.004460  0.004051  -0.004463  0.999990  0.000750  -0.004047  -0.000768  0.999992  0.999962  0.008282  -0.002795  -0.008279  0.999965  0.001010  0.002803  -0.000987  0.999996  1.000000  0.000082  0.000072  -0.000082  1.000000  0.000012  -0.000072  -0.000012  1.000000  0.999982  0.004460  0.004051  -0.004463  0.999990  0.000750  -0.004047  -0.000768  0.999992  0.000097  0.008798  
146.391142 0.008978  0.094919  -0.002686  0.997768  0.057806  -0.033431  -0.057167  0.998169  0.019774  0.034513  -0.017819  0.999245  0.002682  -0.002840  -0.000798  0.048814  0.123814  0.375272  2.000000  0.999980  0.004707  0.004261  -0.004710  0.999989  0.000787  -0.004257  -0.000807  0.999991  0.999963  0.008078  -0.002933  -0.008076  0.999967  0.001004  0.002941  -0.000981  0.999995  1.000000  0.000082  0.000069  -0.000082  1.000000  0.000012  -0.000069  -0.000012  1.000000  0.999980  0.004707  0.004261  -0.004710  0.999989  0.000787  -0.004257  -0.000807  0.999991  0.000098  0.008652  
146.392359 0.008980  0.094915  -0.002686  0.997751  0.058014  -0.033561  -0.057372  0.998157  0.019789  0.034647  -0.017819  0.999241  0.002537  -0.003022  -0.000717  0.044809  0.128406  0.375717  2.000000  0.999977  0.005035  0.004544  -0.005039  0.999987  0.000835  -0.004539  -0.000858  0.999989  0.999963  0.008078  -0.002933  -0.008076  0.999967  0.001005  0.002941  -0.000982  0.999995  1.000000  0.000082  0.000069  -0.000082  1.000000  0.000012  -0.000069  -0.000012  1.000000  0.999977  0.005035  0.004544  -0.005039  0.999987  0.000835  -0.004539  -0.000858  0.999989  0.000099  0.008652  
146.393605 0.008981  0.094911  -0.002685  0.997723  0.058427  -0.033686  -0.057783  0.998133  0.019811  0.034781  -0.017819  0.999236  0.002355  -0.003146  -0.000622  0.044716  0.127236  0.379498  2.000000  0.999973  0.005439  0.004887  -0.005444  0.999985  0.000894  -0.004882  -0.000920  0.999988  0.999965  0.007873  -0.002936  -0.007870  0.999969  0.000878  0.002943  -0.000855  0.999995  1.000000  0.000081  0.000067  -0.000081  1.000000  0.000011  -0.000067  -0.000011  1.000000  0.999973  0.005439  0.004887  -0.005444  0.999985  0.000894  -0.004882  -0.000920  0.999988  0.000100  0.008447  
146.394856 0.008982  0.094906  -0.002685  0.997711  0.058633  -0.033682  -0.057988  0.998121  0.019817  0.034781  -0.017819  0.999236  0.002093  -0.003345  -0.000490  0.041159  0.124955  0.378882  2.000000  0.999969  0.005832  0.005220  -0.005837  0.999983  0.000946  -0.005214  -0.000976  0.999986  0.999969  0.007456  -0.002676  -0.007454  0.999972  0.000864  0.002683  -0.000844  0.999996  1.000000  0.000076  0.000064  -0.000076  1.000000  0.000011  -0.000064  -0.000011  1.000000  0.999969  0.005832  0.005220  -0.005837  0.999983  0.000946  -0.005214  -0.000976  0.999986  0.000100  0.007968  
146.395863 0.008982  0.094901  -0.002684  0.997695  0.058841  -0.033811  -0.058193  0.998108  0.019832  0.034914  -0.017819  0.999231  0.001888  -0.003437  -0.000371  0.040744  0.124359  0.369773  2.000000  0.999966  0.006131  0.005472  -0.006137  0.999981  0.000987  -0.005465  -0.001020  0.999985  0.999970  0.007251  -0.002680  -0.007248  0.999973  0.000858  0.002686  -0.000838  0.999996  1.000000  0.000074  0.000062  -0.000074  1.000000  0.000011  -0.000062  -0.000011  1.000000  0.999966  0.006131  0.005472  -0.006137  0.999981  0.000987  -0.005465  -0.001020  0.999985  0.000099  0.007777  
146.397106 0.008982  0.094895  -0.002683  0.997678  0.059049  -0.033941  -0.058398  0.998096  0.019847  0.035048  -0.017819  0.999227  0.001640  -0.003559  -0.000240  0.040451  0.124134  0.361830  2.000000  0.999962  0.006489  0.005776  -0.006495  0.999978  0.001033  -0.005769  -0.001071  0.999983  0.999972  0.007042  -0.002550  -0.007041  0.999975  0.000730  0.002555  -0.000712  0.999996  1.000000  0.000072  0.000060  -0.000072  1.000000  0.000009  -0.000060  -0.000009  1.000000  0.999962  0.006489  0.005776  -0.006495  0.999978  0.001033  -0.005769  -0.001071  0.999983  0.000097  0.007525  
146.398355 0.008981  0.094889  -0.002682  0.997666  0.059254  -0.033937  -0.058604  0.998084  0.019854  0.035048  -0.017819  0.999227  0.001406  -0.003643  -0.000053  0.036168  0.119735  0.354838  2.000000  0.999958  0.006829  0.006062  -0.006835  0.999976  0.001076  -0.006054  -0.001117  0.999981  0.999975  0.006626  -0.002290  -0.006625  0.999978  0.000716  0.002295  -0.000701  0.999997  1.000000  0.000066  0.000057  -0.000066  1.000000  0.000009  -0.000057  -0.000009  1.000000  0.999958  0.006829  0.006062  -0.006835  0.999976  0.001076  -0.006054  -0.001117  0.999981  0.000094  0.007046  
146.399433 0.008981  0.094885  -0.002680  0.997649  0.059462  -0.034066  -0.058809  0.998072  0.019869  0.035182  -0.017819  0.999222  0.001242  -0.003656  0.000143  0.035890  0.119539  0.347003  2.000000  0.999956  0.007026  0.006226  -0.007033  0.999975  0.001096  -0.006218  -0.001140  0.999980  0.999976  0.006423  -0.002427  -0.006421  0.999979  0.000588  0.002431  -0.000573  0.999997  1.000000  0.000066  0.000054  -0.000066  1.000000  0.000007  -0.000054  -0.000007  1.000000  0.999956  0.007026  0.006226  -0.007033  0.999975  0.001096  -0.006218  -0.001140  0.999980  0.000094  0.006891  
146.400606 0.008981  0.094881  -0.002679  0.997637  0.059667  -0.034062  -0.059014  0.998059  0.019876  0.035182  -0.017819  0.999222  0.001024  -0.003702  0.000377  0.035544  0.115596  0.333998  2.000000  0.999953  0.007279  0.006438  -0.007287  0.999973  0.001123  -0.006430  -0.001170  0.999979  0.999980  0.006007  -0.002167  -0.006005  0.999982  0.000574  0.002171  -0.000561  0.999997  1.000000  0.000061  0.000051  -0.000061  1.000000  0.000007  -0.000051  -0.000007  1.000000  0.999953  0.007279  0.006438  -0.007287  0.999973  0.001123  -0.006430  -0.001170  0.999979  0.000089  0.006411  
146.401851 0.008981  0.094875  -0.002677  0.997632  0.059666  -0.034203  -0.059014  0.998062  0.019763  0.035316  -0.017697  0.999220  0.000800  -0.003814  0.000575  0.030794  0.114909  0.317542  2.000000  0.999949  0.007579  0.006687  -0.007587  0.999971  0.001144  -0.006678  -0.001195  0.999977  0.999982  0.005595  -0.002175  -0.005594  0.999984  0.000317  0.002177  -0.000305  0.999998  1.000000  0.000059  0.000047  -0.000059  1.000000  0.000004  -0.000047  -0.000004  1.000000  0.999949  0.007579  0.006687  -0.007587  0.999971  0.001144  -0.006678  -0.001195  0.999977  0.000087  0.006011  
146.403100 0.008980  0.094870  -0.002676  0.997620  0.059871  -0.034199  -0.059219  0.998049  0.019770  0.035316  -0.017697  0.999220  0.000594  -0.003868  0.000694  0.026543  0.110557  0.310631  2.000000  0.999945  0.007859  0.006920  -0.007868  0.999968  0.001160  -0.006911  -0.001215  0.999975  0.999984  0.005384  -0.001911  -0.005384  0.999985  0.000189  0.001912  -0.000179  0.999998  1.000000  0.000054  0.000046  -0.000054  1.000000  0.000002  -0.000046  -0.000002  1.000000  0.999945  0.007859  0.006920  -0.007868  0.999968  0.001160  -0.006911  -0.001215  0.999975  0.000083  0.005717  
146.404101 0.008980  0.094865  -0.002675  0.997608  0.060077  -0.034195  -0.059425  0.998037  0.019777  0.035316  -0.017697  0.999220  0.000414  -0.003988  0.000788  0.026105  0.106349  0.296871  2.000000  0.999944  0.007912  0.006964  -0.007921  0.999968  0.001162  -0.006955  -0.001217  0.999975  0.999987  0.004765  -0.001789  -0.004764  0.999989  0.000167  0.001789  -0.000159  0.999998  1.000000  0.000000  0.000000  0.000000  1.000000  0.000000  0.000000  0.000000  1.000000  0.999944  0.007912  0.006964  -0.007921  0.999968  0.001162  -0.006955  -0.001217  0.999975  0.000078  0.000000  
146.405102 0.008980  0.094861  -0.002674  0.997608  0.060077  -0.034195  -0.059425  0.998037  0.019777  0.035316  -0.017697  0.999220  0.000270  -0.004059  0.000858  0.025665  0.102139  0.283102  2.000000  0.999944  0.007912  0.006964  -0.007921  0.999968  0.001162  -0.006955  -0.001217  0.999975  0.999987  0.004762  -0.001655  -0.004762  0.999989  0.000167  0.001656  -0.000159  0.999999  1.000000  0.000000  0.000000  0.000000  1.000000  0.000000  0.000000  0.000000  1.000000  0.999944  0.007912  0.006964  -0.007921  0.999968  0.001162  -0.006955  -0.001217  0.999975  0.000077  0.000000  
146.406353 0.008980  0.094857  -0.002672  0.997596  0.060278  -0.034198  -0.059630  0.998027  0.019663  0.035316  -0.017576  0.999222  0.000079  -0.004105  0.000937  0.017292  0.094235  0.271465  2.000000  0.999944  0.007912  0.006964  -0.007921  0.999968  0.001162  -0.006955  -0.001217  0.999975  0.999990  0.004346  -0.001395  -0.004346  0.999991  -0.000090  0.001395  0.000096  0.999999  1.000000  0.000000  0.000000  0.000000  1.000000  0.000000  0.000000  0.000000  1.000000  0.999944  0.007912  0.006964  -0.007921  0.999968  0.001162  -0.006955  -0.001217  0.999975  0.000073  0.000000  
146.407366 0.008980  0.094854  -0.002671  0.997591  0.060280  -0.034331  -0.059630  0.998027  0.019671  0.035449  -0.017576  0.999217  -0.000033  -0.004116  0.000983  0.016862  0.089913  0.257364  2.000000  0.999944  0.007912  0.006964  -0.007921  0.999968  0.001162  -0.006955  -0.001217  0.999975  0.999990  0.004140  -0.001399  -0.004140  0.999991  -0.000097  0.001398  0.000103  0.999999  1.000000  0.000000  0.000000  0.000000  1.000000  0.000000  0.000000  0.000000  1.000000  0.999944  0.007912  0.006964  -0.007921  0.999968  0.001162  -0.006955  -0.001217  0.999975  0.000069  0.000000  
146.408606 0.008979  0.094849  -0.002671  0.997579  0.060482  -0.034334  -0.059835  0.998017  0.019557  0.035449  -0.017455  0.999219  -0.000140  -0.004122  0.000987  0.008261  0.085693  0.243554  2.000000  0.999944  0.007912  0.006964  -0.007921  0.999968  0.001162  -0.006955  -0.001217  0.999975  0.999991  0.003932  -0.001269  -0.003932  0.999992  -0.000104  0.001268  0.000109  0.999999  1.000000  0.000000  0.000000  0.000000  1.000000  0.000000  0.000000  0.000000  1.000000  0.999944  0.007912  0.006964  -0.007921  0.999968  0.001162  -0.006955  -0.001217  0.999975  0.000066  0.000000  
146.409852 0.008978  0.094845  -0.002669  0.997579  0.060482  -0.034334  -0.059835  0.998017  0.019557  0.035449  -0.017455  0.999219  -0.000217  -0.004047  0.001039  0.003697  0.080764  0.227789  2.000000  0.999944  0.007912  0.006964  -0.007921  0.999968  0.001162  -0.006955  -0.001217  0.999975  0.999993  0.003518  -0.001143  -0.003519  0.999994  -0.000240  0.001142  0.000244  0.999999  1.000000  0.000000  0.000000  0.000000  1.000000  0.000000  0.000000  0.000000  1.000000  0.999944  0.007912  0.006964  -0.007921  0.999968  0.001162  -0.006955  -0.001217  0.999975  0.000060  0.000000  
146.410852 0.008977  0.094841  -0.002668  0.997566  0.060687  -0.034330  -0.060040  0.998004  0.019564  0.035449  -0.017455  0.999219  -0.000292  -0.004021  0.001064  0.003284  0.072697  0.215731  2.000000  0.999944  0.007912  0.006964  -0.007921  0.999968  0.001162  -0.006955  -0.001217  0.999975  0.999995  0.003104  -0.001016  -0.003105  0.999995  -0.000254  0.001015  0.000258  0.999999  1.000000  0.000000  0.000000  0.000000  1.000000  0.000000  0.000000  0.000000  1.000000  0.999944  0.007912  0.006964  -0.007921  0.999968  0.001162  -0.006955  -0.001217  0.999975  0.000057  0.000000  
146.411855 0.008978  0.094839  -0.002667  0.997566  0.060683  -0.034338  -0.060040  0.998007  0.019443  0.035449  -0.017334  0.999221  -0.000272  -0.003847  0.001115  -0.005052  0.067744  0.206975  2.000000  0.999944  0.007912  0.006964  -0.007921  0.999968  0.001162  -0.006955  -0.001217  0.999975  0.999995  0.003102  -0.000883  -0.003102  0.999995  -0.000376  0.000882  0.000379  1.000000  1.000000  0.000000  0.000000  0.000000  1.000000  0.000000  0.000000  0.000000  1.000000  0.999944  0.007912  0.006964  -0.007921  0.999968  0.001162  -0.006955  -0.001217  0.999975  0.000055  0.000000  
146.413101 0.008977  0.094835  -0.002665  0.997554  0.060888  -0.034334  -0.060246  0.997994  0.019450  0.035449  -0.017334  0.999221  -0.000259  -0.003726  0.001141  -0.005511  0.063524  0.193178  2.000000  0.999944  0.007912  0.006964  -0.007921  0.999968  0.001162  -0.006955  -0.001217  0.999975  0.999996  0.002894  -0.000753  -0.002894  0.999996  -0.000383  0.000751  0.000385  1.000000  1.000000  0.000000  0.000000  0.000000  1.000000  0.000000  0.000000  0.000000  1.000000  0.999944  0.007912  0.006964  -0.007921  0.999968  0.001162  -0.006955  -0.001217  0.999975  0.000051  0.000000  
146.414357 0.008978  0.094832  -0.002663  0.997554  0.060884  -0.034341  -0.060246  0.997996  0.019329  0.035449  -0.017212  0.999223  -0.000205  -0.003560  0.001168  -0.010086  0.055312  0.180792  2.000000  0.999944  0.007912  0.006964  -0.007921  0.999968  0.001162  -0.006955  -0.001217  0.999975  0.999997  0.002480  -0.000626  -0.002480  0.999997  -0.000519  0.000625  0.000521  1.000000  1.000000  0.000000  0.000000  0.000000  1.000000  0.000000  0.000000  0.000000  1.000000  0.999944  0.007912  0.006964  -0.007921  0.999968  0.001162  -0.006955  -0.001217  0.999975  0.000049  0.000000  
146.415361 0.008978  0.094830  -0.002662  0.997554  0.060884  -0.034341  -0.060246  0.997996  0.019329  0.035449  -0.017212  0.999223  -0.000221  -0.003448  0.001148  0.000000  0.000000  0.000000  2.000000  0.999944  0.007912  0.006964  -0.007921  0.999968  0.001162  -0.006955  -0.001217  0.999975  0.999997  0.002274  -0.000630  -0.002275  0.999997  -0.000526  0.000629  0.000528  1.000000  1.000000  0.000000  0.000000  0.000000  1.000000  0.000000  0.000000  0.000000  1.000000  0.999944  0.007912  0.006964  -0.007921  0.999968  0.001162  -0.006955  -0.001217  0.999975  0.000045  0.000000  
146.416601 0.008979  0.094827  -0.002661  0.997541  0.061090  -0.034337  -0.060451  0.997984  0.019336  0.035449  -0.017212  0.999223  -0.000104  -0.003269  0.001070  0.000000  0.000000  0.000000  2.000000  0.999944  0.007912  0.006964  -0.007921  0.999968  0.001162  -0.006955  -0.001217  0.999975  0.999997  0.002272  -0.000496  -0.002272  0.999997  -0.000526  0.000495  0.000527  1.000000  1.000000  0.000000  0.000000  0.000000  1.000000  0.000000  0.000000  0.000000  1.000000  0.999944  0.007912  0.006964  -0.007921  0.999968  0.001162  -0.006955  -0.001217  0.999975  0.000000  0.000000  
146.417853 0.008980  0.094824  -0.002661  0.997529  0.061291  -0.034341  -0.060656  0.997974  0.019222  0.035449  -0.017091  0.999225  -0.000009  -0.003066  0.001041  0.000000  0.000000  0.000000  2.000000  0.999944  0.007912  0.006964  -0.007921  0.999968  0.001162  -0.006955  -0.001217  0.999975  0.999998  0.002064  -0.000366  -0.002064  0.999998  -0.000655  0.000365  0.000656  1.000000  1.000000  0.000000  0.000000  0.000000  1.000000  0.000000  0.000000  0.000000  1.000000  0.999944  0.007912  0.006964  -0.007921  0.999968  0.001162  -0.006955  -0.001217  0.999975  0.000000  0.000000  
146.419101 0.008982  0.094822  -0.002660  0.997529  0.061291  -0.034341  -0.060656  0.997974  0.019222  0.035449  -0.017091  0.999225  0.000105  -0.002893  0.000965  0.000000  0.000000  0.000000  2.000000  0.999944  0.007912  0.006964  -0.007921  0.999968  0.001162  -0.006955  -0.001217  0.999975  0.999998  0.002064  -0.000366  -0.002064  0.999998  -0.000655  0.000365  0.000656  1.000000  1.000000  0.000000  0.000000  0.000000  1.000000  0.000000  0.000000  0.000000  1.000000  0.999944  0.007912  0.006964  -0.007921  0.999968  0.001162  -0.006955  -0.001217  0.999975  0.000000  0.000000  
146.420102 0.008982  0.094820  -0.002660  0.997517  0.061496  -0.034337  -0.060862  0.997961  0.019229  0.035449  -0.017091  0.999225  0.000160  -0.002792  0.000912  0.000000  0.000000  0.000000  2.000000  0.999944  0.007912  0.006964  -0.007921  0.999968  0.001162  -0.006955  -0.001217  0.999975  0.999998  0.002062  -0.000232  -0.002062  0.999998  -0.000655  0.000231  0.000655  1.000000  1.000000  0.000000  0.000000  0.000000  1.000000  0.000000  0.000000  0.000000  1.000000  0.999944  0.007912  0.006964  -0.007921  0.999968  0.001162  -0.006955  -0.001217  0.999975  0.000000  0.000000  
146.421353 0.008984  0.094818  -0.002660  0.997512  0.061494  -0.034478  -0.060862  0.997963  0.019116  0.035583  -0.016970  0.999223  0.000289  -0.002588  0.000852  0.000000  0.000000  0.000000  2.000000  0.999944  0.007912  0.006964  -0.007921  0.999968  0.001162  -0.006955  -0.001217  0.999975  0.999998  0.001856  -0.000236  -0.001856  0.999998  -0.000662  0.000235  0.000662  1.000000  1.000000  0.000000  0.000000  0.000000  1.000000  0.000000  0.000000  0.000000  1.000000  0.999944  0.007912  0.006964  -0.007921  0.999968  0.001162  -0.006955  -0.001217  0.999975  0.000000  0.000000  
146.422355 0.008985  0.094817  -0.002660  0.997499  0.061700  -0.034474  -0.061067  0.997950  0.019123  0.035583  -0.016970  0.999223  0.000376  -0.002477  0.000769  0.000000  0.000000  0.000000  2.000000  0.999944  0.007912  0.006964  -0.007921  0.999968  0.001162  -0.006955  -0.001217  0.999975  0.999998  0.002062  -0.000233  -0.002062  0.999998  -0.000655  0.000231  0.000655  1.000000  1.000000  0.000000  0.000000  0.000000  1.000000  0.000000  0.000000  0.000000  1.000000  0.999944  0.007912  0.006964  -0.007921  0.999968  0.001162  -0.006955  -0.001217  0.999975  0.000000  0.000000  
146.423601 0.008987  0.094815  -0.002660  0.997499  0.061700  -0.034474  -0.061067  0.997950  0.019123  0.035583  -0.016970  0.999223  0.000555  -0.002274  0.000708  0.000000  0.000000  0.000000  2.000000  0.999944  0.007912  0.006964  -0.007921  0.999968  0.001162  -0.006955  -0.001217  0.999975  0.999998  0.001856  -0.000236  -0.001856  0.999998  -0.000662  0.000235  0.000662  1.000000  1.000000  0.000000  0.000000  0.000000  1.000000  0.000000  0.000000  0.000000  1.000000  0.999944  0.007912  0.006964  -0.007921  0.999968  0.001162  -0.006955  -0.001217  0.999975  0.000000  0.000000  
146.424610 0.008988  0.094813  -0.002661  0.997487  0.061901  -0.034477  -0.061272  0.997940  0.019009  0.035583  -0.016849  0.999225  0.000689  -0.002144  0.000569  0.000000  0.000000  0.000000  2.000000  0.999944  0.007912  0.006964  -0.007921  0.999968  0.001162  -0.006955  -0.001217  0.999975  0.999998  0.001856  -0.000236  -0.001856  0.999998  -0.000783  0.000235  0.000784  1.000000  1.000000  0.000000  0.000000  0.000000  1.000000  0.000000  0.000000  0.000000  1.000000  0.999944  0.007912  0.006964  -0.007921  0.999968  0.001162  -0.006955  -0.001217  0.999975  0.000000  0.000000  
146.425858 0.008990  0.094812  -0.002662  0.997487  0.061901  -0.034477  -0.061272  0.997940  0.019009  0.035583  -0.016849  0.999225  0.000859  -0.001953  0.000406  0.000000  0.000000  0.000000  2.000000  0.999944  0.007912  0.006964  -0.007921  0.999968  0.001162  -0.006955  -0.001217  0.999975  0.999998  0.001856  -0.000236  -0.001856  0.999998  -0.000662  0.000235  0.000662  1.000000  1.000000  0.000000  0.000000  0.000000  1.000000  0.000000  0.000000  0.000000  1.000000  0.999944  0.007912  0.006964  -0.007921  0.999968  0.001162  -0.006955  -0.001217  0.999975  0.000000  0.000000  
146.427100 0.008992  0.094810  -0.002663  0.997474  0.062107  -0.034473  -0.061478  0.997927  0.019016  0.035583  -0.016849  0.999225  0.001000  -0.001810  0.000240  0.000000  0.000000  0.000000  2.000000  0.999944  0.007912  0.006964  -0.007921  0.999968  0.001162  -0.006955  -0.001217  0.999975  0.999998  0.001854  -0.000103  -0.001854  0.999998  -0.000662  0.000101  0.000662  1.000000  1.000000  0.000000  0.000000  0.000000  1.000000  0.000000  0.000000  0.000000  1.000000  0.999944  0.007912  0.006964  -0.007921  0.999968  0.001162  -0.006955  -0.001217  0.999975  0.000000  0.000000  
146.428102 0.008993  0.094810  -0.002664  0.997469  0.062109  -0.034607  -0.061477  0.997927  0.019024  0.035717  -0.016849  0.999220  0.001094  -0.001653  0.000049  0.000000  0.000000  0.000000  2.000000  0.999944  0.007912  0.006964  -0.007921  0.999968  0.001162  -0.006955  -0.001217  0.999975  0.999999  0.001650  -0.000240  -0.001650  0.999998  -0.000669  0.000239  0.000669  1.000000  1.000000  0.000000  0.000000  0.000000  1.000000  0.000000  0.000000  0.000000  1.000000  0.999944  0.007912  0.006964  -0.007921  0.999968  0.001162  -0.006955  -0.001217  0.999975  0.000000  0.000000  
146.429359 0.008995  0.094809  -0.002665  0.997457  0.062314  -0.034603  -0.061683  0.997914  0.019032  0.035717  -0.016849  0.999220  0.001197  -0.001540  -0.000112  0.000000  0.000000  0.000000  2.000000  0.999944  0.007912  0.006964  -0.007921  0.999968  0.001162  -0.006955  -0.001217  0.999975  0.999998  0.001856  -0.000236  -0.001856  0.999998  -0.000540  0.000235  0.000541  1.000000  1.000000  0.000000  0.000000  0.000000  1.000000  0.000000  0.000000  0.000000  1.000000  0.999944  0.007912  0.006964  -0.007921  0.999968  0.001162  -0.006955  -0.001217  0.999975  0.000000  0.000000  
146.430605 0.008997  0.094808  -0.002666  0.997439  0.062522  -0.034732  -0.061888  0.997901  0.019047  0.035850  -0.016849  0.999215  0.001230  -0.001378  -0.000294  0.000000  0.000000  0.000000  2.000000  0.999944  0.007912  0.006964  -0.007921  0.999968  0.001162  -0.006955  -0.001217  0.999975  0.999998  0.002064  -0.000367  -0.002064  0.999998  -0.000533  0.000365  0.000533  1.000000  1.000000  0.000000  0.000000  0.000000  1.000000  0.000000  0.000000  0.000000  1.000000  0.999944  0.007912  0.006964  -0.007921  0.999968  0.001162  -0.006955  -0.001217  0.999975  0.000000  0.000000  
146.431851 0.008998  0.094807  -0.002666  0.997439  0.062518  -0.034740  -0.061888  0.997904  0.018926  0.035850  -0.016727  0.999217  0.001250  -0.001286  -0.000357  0.000000  0.000000  0.000000  2.000000  0.999944  0.007912  0.006964  -0.007921  0.999968  0.001162  -0.006955  -0.001217  0.999975  0.999998  0.001858  -0.000370  -0.001858  0.999998  -0.000540  0.000369  0.000541  1.000000  1.000000  0.000000  0.000000  0.000000  1.000000  0.000000  0.000000  0.000000  1.000000  0.999944  0.007912  0.006964  -0.007921  0.999968  0.001162  -0.006955  -0.001217  0.999975  0.000000  0.000000  
146.433099 0.009000  0.094807  -0.002666  0.997421  0.062725  -0.034870  -0.062093  0.997891  0.018941  0.035984  -0.016727  0.999212  0.001280  -0.001111  -0.000403  0.000000  0.000000  0.000000  2.000000  0.999944  0.007912  0.006964  -0.007921  0.999968  0.001162  -0.006955  -0.001217  0.999975  0.999998  0.001860  -0.000504  -0.001861  0.999998  -0.000540  0.000503  0.000541  1.000000  1.000000  0.000000  0.000000  0.000000  1.000000  0.000000  0.000000  0.000000  1.000000  0.999944  0.007912  0.006964  -0.007921  0.999968  0.001162  -0.006955  -0.001217  0.999975  0.000000  0.000000  
146.434358 0.009001  0.094807  -0.002667  0.997421  0.062725  -0.034870  -0.062093  0.997891  0.018941  0.035984  -0.016727  0.999212  0.001270  -0.000927  -0.000465  0.000000  0.000000  0.000000  2.000000  0.999944  0.007912  0.006964  -0.007921  0.999968  0.001162  -0.006955  -0.001217  0.999975  0.999998  0.001860  -0.000504  -0.001861  0.999998  -0.000419  0.000503  0.000419  1.000000  1.000000  0.000000  0.000000  0.000000  1.000000  0.000000  0.000000  0.000000  1.000000  0.999944  0.007912  0.006964  -0.007921  0.999968  0.001162  -0.006955  -0.001217  0.999975  0.000000  0.000000  
