1-Time 2-Px 3-Py 4-Pz 5-R11 6-R21 7-R31 8-R12 9-R22 10-R32 11-R13 12-R23 13-R33 14-Vx 15-Vy 16-Vz 17-Wx 18-Wy 19-Wz 20-state
44.948392 0.015954  -0.014006  -0.015084  0.136913  0.938856  0.315918  -0.962997  0.200890  -0.179665  -0.232144  -0.279630  0.931620  -0.016358  -0.019246  0.004145  -0.516267  0.133555  -0.036207  1.000000  
44.949591 0.015931  -0.014031  -0.015079  0.136918  0.939053  0.315331  -0.963028  0.200744  -0.179663  -0.232014  -0.279073  0.931819  -0.022536  -0.024385  0.005307  -0.520148  0.136711  -0.034662  1.000000  
44.950593 0.015910  -0.014049  -0.015064  0.137116  0.939164  0.314912  -0.963000  0.200850  -0.179696  -0.232014  -0.278621  0.931955  -0.021832  -0.021133  0.010012  -0.520888  0.133655  -0.036384  1.000000  
44.951840 0.015882  -0.014069  -0.015041  0.137111  0.939350  0.314360  -0.962969  0.200778  -0.179941  -0.232144  -0.278047  0.932094  -0.021998  -0.019208  0.013243  -0.520160  0.123883  -0.038742  1.000000  
44.953084 0.015853  -0.014093  -0.015023  0.137310  0.939537  0.313713  -0.962941  0.200840  -0.180023  -0.232144  -0.277369  0.932296  -0.022404  -0.019345  0.013734  -0.528250  0.119595  -0.040125  1.000000  
44.954333 0.015822  -0.014120  -0.015007  0.137305  0.939722  0.313161  -0.962910  0.200767  -0.180268  -0.232274  -0.276794  0.932434  -0.022958  -0.019731  0.013418  -0.524240  0.111044  -0.042815  1.000000  
44.955334 0.015796  -0.014139  -0.014995  0.137504  0.939832  0.312742  -0.962882  0.200873  -0.180301  -0.232274  -0.276342  0.932568  -0.023364  -0.019641  0.013265  -0.522598  0.108696  -0.050551  1.000000  
44.956337 0.015768  -0.014156  -0.014984  0.137499  0.939979  0.312304  -0.962851  0.200823  -0.180522  -0.232404  -0.275881  0.932673  -0.023991  -0.019338  0.013008  -0.524464  0.103306  -0.045903  1.000000  
44.957389 0.015738  -0.014172  -0.014974  0.137495  0.940125  0.311865  -0.962820  0.200771  -0.180743  -0.232535  -0.275419  0.932776  -0.024450  -0.018876  0.012557  -0.523498  0.094504  -0.048480  1.000000  
44.958586 0.015701  -0.014195  -0.014960  0.137490  0.940309  0.311313  -0.962789  0.200698  -0.180988  -0.232665  -0.274845  0.932913  -0.025263  -0.018909  0.012424  -0.525768  0.083395  -0.044424  1.000000  
44.959840 0.015664  -0.014219  -0.014941  0.137486  0.940455  0.310874  -0.962759  0.200647  -0.181209  -0.232795  -0.274383  0.933017  -0.025743  -0.018865  0.012702  -0.521976  0.075451  -0.047450  1.000000  
44.961084 0.015628  -0.014240  -0.014921  0.137482  0.940638  0.310321  -0.962728  0.200573  -0.181454  -0.232925  -0.273809  0.933153  -0.026093  -0.018669  0.013108  -0.519410  0.064348  -0.043308  1.000000  
44.962338 0.015591  -0.014259  -0.014899  0.137477  0.940821  0.309769  -0.962697  0.200499  -0.181700  -0.233055  -0.273234  0.933289  -0.026403  -0.018375  0.013466  -0.519348  0.051502  -0.047205  1.000000  
44.963584 0.015554  -0.014276  -0.014874  0.137473  0.940966  0.309330  -0.962666  0.200447  -0.181920  -0.233185  -0.272772  0.933392  -0.026653  -0.017968  0.014029  -0.475938  -0.057088  -0.058702  1.000000  
44.964594 0.015526  -0.014286  -0.014851  0.137270  0.941114  0.308967  -0.962663  0.200223  -0.182181  -0.233315  -0.272424  0.933461  -0.027126  -0.017001  0.015213  -0.471630  -0.065065  -0.045360  1.000000  
44.965838 0.015492  -0.014297  -0.014821  0.137464  0.941218  0.308566  -0.962604  0.200365  -0.182338  -0.233445  -0.271962  0.933563  -0.027538  -0.016257  0.015864  -0.462972  -0.064531  -0.055409  1.000000  
44.967088 0.015460  -0.014305  -0.014796  0.137460  0.941325  0.308241  -0.962573  0.200334  -0.182534  -0.233575  -0.271614  0.933632  -0.027855  -0.015379  0.016080  -0.451346  -0.067116  -0.053702  1.000000  
44.968089 0.015431  -0.014313  -0.014780  0.137455  0.941432  0.307916  -0.962542  0.200304  -0.182731  -0.233706  -0.271265  0.933701  -0.028174  -0.014563  0.016264  -0.446833  -0.070261  -0.052876  1.000000  
44.969338 0.015394  -0.014325  -0.014763  0.137451  0.941576  0.307477  -0.962511  0.200251  -0.182952  -0.233836  -0.270803  0.933802  -0.028596  -0.013579  0.016320  -0.443318  -0.072230  -0.051502  1.000000  
44.970584 0.015354  -0.014335  -0.014743  0.137446  0.941720  0.307038  -0.962480  0.200198  -0.183173  -0.233966  -0.270342  0.933903  -0.029026  -0.012749  0.016665  -0.440259  -0.073985  -0.050287  1.000000  
44.971587 0.015323  -0.014343  -0.014724  0.137640  0.941748  0.306865  -0.962421  0.200383  -0.183282  -0.234096  -0.270106  0.933939  -0.029149  -0.012135  0.017228  -0.429510  -0.073883  -0.058080  1.000000  
44.972837 0.015284  -0.014354  -0.014695  0.137640  0.941860  0.306522  -0.962421  0.200316  -0.183355  -0.234096  -0.269766  0.934037  -0.029377  -0.011530  0.018359  -0.422381  -0.070085  -0.055074  1.000000  
44.974086 0.015245  -0.014366  -0.014660  0.137838  0.941930  0.306217  -0.962393  0.200444  -0.183365  -0.234096  -0.269427  0.934135  -0.029357  -0.010601  0.019630  -0.414078  -0.064443  -0.059897  1.000000  
44.975087 0.015214  -0.014375  -0.014632  0.138036  0.942000  0.305912  -0.962364  0.200571  -0.183375  -0.234096  -0.269087  0.934233  -0.029557  -0.009991  0.020455  -0.410352  -0.059886  -0.064872  1.000000  
44.976089 0.015183  -0.014382  -0.014606  0.138036  0.942074  0.305684  -0.962364  0.200526  -0.183423  -0.234096  -0.268860  0.934298  -0.029685  -0.009379  0.021017  -0.404219  -0.057711  -0.062501  1.000000  
44.977093 0.015153  -0.014387  -0.014583  0.138230  0.942139  0.305396  -0.962305  0.200689  -0.183557  -0.234226  -0.268511  0.934366  -0.029652  -0.008680  0.021412  -0.401058  -0.058214  -0.068351  1.000000  
44.978338 0.015118  -0.014392  -0.014560  0.138428  0.942209  0.305091  -0.962276  0.200816  -0.183567  -0.234226  -0.268171  0.934464  -0.029575  -0.007880  0.021293  -0.394894  -0.053894  -0.071938  1.000000  
44.979339 0.015090  -0.014396  -0.014542  0.138622  0.942273  0.304804  -0.962217  0.200979  -0.183701  -0.234356  -0.267823  0.934531  -0.029478  -0.007416  0.021006  -0.385900  -0.060150  -0.080219  1.000000  
44.980376 0.015063  -0.014398  -0.014525  0.138815  0.942337  0.304517  -0.962157  0.201141  -0.183836  -0.234486  -0.267474  0.934598  -0.029494  -0.006975  0.020387  -0.380515  -0.064932  -0.082024  1.000000  
44.981591 0.015028  -0.014400  -0.014504  0.139013  0.942407  0.304212  -0.962129  0.201269  -0.183846  -0.234486  -0.267134  0.934696  -0.029700  -0.006568  0.019999  -0.371163  -0.058840  -0.087281  1.000000  
44.982594 0.014998  -0.014402  -0.014490  0.139405  0.942429  0.303962  -0.962040  0.201625  -0.183918  -0.234616  -0.266785  0.934763  -0.029877  -0.006185  0.019883  -0.361302  -0.061303  -0.094946  1.000000  
44.983843 0.014959  -0.014409  -0.014471  0.139598  0.942530  0.303561  -0.961981  0.201765  -0.184077  -0.234746  -0.266323  0.934862  -0.029974  -0.005855  0.019915  -0.355597  -0.059475  -0.101368  1.000000  
44.985084 0.014917  -0.014417  -0.014450  0.139995  0.942594  0.303179  -0.961923  0.202064  -0.184050  -0.234746  -0.265869  0.934991  -0.030233  -0.005735  0.020116  -0.350017  -0.057673  -0.107830  1.000000  
44.986086 0.014883  -0.014423  -0.014429  0.140386  0.942616  0.302930  -0.961834  0.202420  -0.184123  -0.234876  -0.265520  0.935057  -0.030339  -0.005566  0.020380  -0.342717  -0.053977  -0.120735  1.000000  
44.987336 0.014842  -0.014430  -0.014400  0.140778  0.942674  0.302567  -0.961745  0.202754  -0.184220  -0.235006  -0.265058  0.935156  -0.030544  -0.005395  0.020524  -0.337249  -0.049967  -0.132760  1.000000  
44.988584 0.014800  -0.014437  -0.014371  0.141169  0.942696  0.302318  -0.961656  0.203110  -0.184293  -0.235136  -0.264709  0.935222  -0.030775  -0.005076  0.020180  -0.325324  -0.046239  -0.145312  1.000000  
44.989837 0.014757  -0.014444  -0.014348  0.141560  0.942754  0.301954  -0.961567  0.203444  -0.184391  -0.235266  -0.264247  0.935320  -0.030933  -0.004756  0.019355  -0.322116  -0.042617  -0.158118  1.000000  
44.991084 0.014716  -0.014449  -0.014331  0.142150  0.942769  0.301629  -0.961448  0.203972  -0.184428  -0.235396  -0.263784  0.935418  -0.031103  -0.004499  0.018284  -0.311722  -0.037485  -0.178778  1.000000  
44.992084 0.014685  -0.014451  -0.014319  0.142739  0.942747  0.301418  -0.961329  0.204522  -0.184440  -0.235526  -0.263436  0.935483  -0.031215  -0.004243  0.017628  -0.302827  -0.031999  -0.198198  1.000000  
44.993086 0.014655  -0.014451  -0.014305  0.143130  0.942768  0.301170  -0.961239  0.204878  -0.184514  -0.235656  -0.263087  0.935549  -0.031330  -0.003958  0.017297  -0.299490  -0.028357  -0.211067  1.000000  
44.994334 0.014615  -0.014451  -0.014284  0.143719  0.942782  0.300845  -0.961119  0.205405  -0.184551  -0.235787  -0.262624  0.935646  -0.031689  -0.003716  0.017158  -0.294679  -0.020875  -0.235025  1.000000  
44.995336 0.014584  -0.014453  -0.014265  0.144110  0.942801  0.300596  -0.961028  0.205761  -0.184626  -0.235917  -0.262275  0.935711  -0.032012  -0.003662  0.017351  -0.291366  -0.017290  -0.247789  1.000000  
44.996357 0.014552  -0.014455  -0.014245  0.144694  0.942809  0.300290  -0.960877  0.206323  -0.184788  -0.236177  -0.261804  0.935777  -0.032213  -0.003735  0.017537  -0.290296  -0.018178  -0.263824  1.000000  
44.997591 0.014511  -0.014459  -0.014220  0.145283  0.942859  0.299851  -0.960756  0.206828  -0.184852  -0.236307  -0.261228  0.935906  -0.032531  -0.003758  0.018030  -0.289687  -0.012811  -0.283419  1.000000  
44.998837 0.014467  -0.014463  -0.014197  0.146064  0.942859  0.299469  -0.960574  0.207561  -0.184978  -0.236567  -0.260643  0.936003  -0.032839  -0.003572  0.018276  -0.291226  -0.009919  -0.310457  1.000000  
44.999843 0.014430  -0.014467  -0.014180  0.146450  0.942908  0.299125  -0.960451  0.207928  -0.185204  -0.236827  -0.260172  0.936068  -0.032972  -0.003353  0.018327  -0.293823  -0.014899  -0.323352  1.000000  
45.001086 0.014387  -0.014471  -0.014159  0.147236  0.942913  0.298725  -0.960298  0.208627  -0.185207  -0.236957  -0.259596  0.936195  -0.033119  -0.003139  0.017923  -0.291197  -0.009717  -0.345283  1.000000  
45.002335 0.014345  -0.014474  -0.014140  0.147815  0.942949  0.298325  -0.960113  0.209200  -0.185521  -0.237347  -0.259003  0.936261  -0.033115  -0.002969  0.017292  -0.295976  -0.012927  -0.364082  1.000000  
45.003584 0.014305  -0.014477  -0.014124  0.148596  0.942947  0.297944  -0.959928  0.209932  -0.185650  -0.237606  -0.258418  0.936356  -0.033000  -0.002669  0.016455  -0.299151  -0.016256  -0.385732  1.000000  
45.004586 0.014273  -0.014477  -0.014114  0.148981  0.942994  0.297601  -0.959804  0.210298  -0.185877  -0.237866  -0.257947  0.936420  -0.032848  -0.002224  0.015861  -0.303934  -0.021366  -0.400952  1.000000  
45.005834 0.014234  -0.014477  -0.014100  0.149762  0.942954  0.297335  -0.959618  0.211053  -0.185982  -0.238126  -0.257475  0.936484  -0.032721  -0.001872  0.015572  -0.299117  -0.024740  -0.422738  1.000000  
45.007084 0.014196  -0.014474  -0.014082  0.150542  0.942950  0.296955  -0.959432  0.211785  -0.186113  -0.238386  -0.256891  0.936578  -0.032614  -0.001581  0.015797  -0.302251  -0.023835  -0.443168  1.000000  
45.008334 0.014158  -0.014473  -0.014058  0.151317  0.942939  0.296595  -0.959213  0.212550  -0.186369  -0.238776  -0.256297  0.936642  -0.032614  -0.001512  0.016321  -0.305332  -0.031537  -0.465936  1.000000  
45.009584 0.014121  -0.014472  -0.014029  0.152097  0.942933  0.296216  -0.959025  0.213281  -0.186502  -0.239036  -0.255712  0.936735  -0.032448  -0.001362  0.016740  -0.308436  -0.030672  -0.486333  1.000000  
45.010584 0.014091  -0.014471  -0.014006  0.152877  0.942890  0.295952  -0.958836  0.214034  -0.186609  -0.239296  -0.255241  0.936798  -0.032416  -0.001196  0.016937  -0.307603  -0.029808  -0.506919  1.000000  
45.011836 0.014051  -0.014469  -0.013982  0.153853  0.942838  0.295612  -0.958615  0.214959  -0.186682  -0.239555  -0.254656  0.936890  -0.032437  -0.000802  0.016808  -0.306580  -0.029008  -0.527200  1.000000  
45.013084 0.014011  -0.014466  -0.013962  0.154825  0.942779  0.295292  -0.958361  0.215917  -0.186880  -0.239945  -0.254063  0.936952  -0.032172  -0.000384  0.016562  -0.304035  -0.035051  -0.556487  1.000000  
45.014090 0.013979  -0.014464  -0.013949  0.155604  0.942769  0.294914  -0.958170  0.216647  -0.187016  -0.240205  -0.253477  0.937044  -0.031863  0.000027  0.016265  -0.307214  -0.036389  -0.575168  1.000000  
45.015340 0.013939  -0.014462  -0.013929  0.156574  0.942708  0.294595  -0.957914  0.217604  -0.187215  -0.240595  -0.252884  0.937104  -0.031521  0.000487  0.016148  -0.306210  -0.039999  -0.596949  1.000000  
45.016342 0.013908  -0.014460  -0.013913  0.157550  0.942615  0.294371  -0.957689  0.218551  -0.187265  -0.240854  -0.252412  0.937164  -0.031323  0.000843  0.016139  -0.307590  -0.037382  -0.623870  1.000000  
45.017590 0.013869  -0.014454  -0.013890  0.158908  0.942491  0.294037  -0.957333  0.219906  -0.187496  -0.241374  -0.251697  0.937223  -0.031185  0.001436  0.016464  -0.308984  -0.043632  -0.653369  1.000000  
45.018833 0.013832  -0.014447  -0.013867  0.160075  0.942381  0.293759  -0.957041  0.221055  -0.187638  -0.241763  -0.251103  0.937282  -0.030958  0.002058  0.017073  -0.306337  -0.045541  -0.681705  1.000000  
45.019837 0.013801  -0.014441  -0.013848  0.161044  0.942279  0.293557  -0.956779  0.222034  -0.187814  -0.242153  -0.250623  0.937310  -0.030879  0.002451  0.017727  -0.305523  -0.053539  -0.705121  1.000000  
45.021084 0.013763  -0.014435  -0.013823  0.162018  0.942216  0.293221  -0.956549  0.222956  -0.187894  -0.242412  -0.250038  0.937399  -0.030887  0.002784  0.018392  -0.305817  -0.052417  -0.719197  1.000000  
45.022084 0.013732  -0.014429  -0.013802  0.162986  0.942076  0.293135  -0.956286  0.223956  -0.188045  -0.242802  -0.249672  0.937396  -0.030900  0.003029  0.018673  -0.302352  -0.057772  -0.734347  1.000000  
45.023085 0.013702  -0.014423  -0.013781  0.164156  0.941930  0.292952  -0.956020  0.225094  -0.188039  -0.243061  -0.249201  0.937454  -0.030916  0.003367  0.018742  -0.299702  -0.055366  -0.761217  1.000000  
45.024086 0.013670  -0.014418  -0.013761  0.165523  0.941735  0.292809  -0.955718  0.226426  -0.187974  -0.243321  -0.248729  0.937512  -0.031089  0.003630  0.018556  -0.295397  -0.053465  -0.794543  1.000000  
45.025334 0.013630  -0.014410  -0.013739  0.167079  0.941486  0.292726  -0.955348  0.227984  -0.187972  -0.243710  -0.248249  0.937538  -0.031208  0.004114  0.018184  -0.286955  -0.051471  -0.828912  1.000000  
45.026337 0.013596  -0.014404  -0.013724  0.168051  0.941381  0.292506  -0.955111  0.228927  -0.188029  -0.243970  -0.247777  0.937595  -0.031392  0.004453  0.017825  -0.283613  -0.048417  -0.842180  1.000000  
45.027584 0.013552  -0.014398  -0.013706  0.169405  0.941205  0.292294  -0.954739  0.230300  -0.188241  -0.244489  -0.247175  0.937619  -0.031663  0.004681  0.017637  -0.276624  -0.054860  -0.870961  1.000000  
45.028585 0.013516  -0.014392  -0.013689  0.170573  0.941014  0.292228  -0.954465  0.231459  -0.188211  -0.244748  -0.246818  0.937646  -0.031920  0.004946  0.017840  -0.267353  -0.050008  -0.890014  1.000000  
45.029590 0.013479  -0.014385  -0.013669  0.171728  0.940846  0.292093  -0.954124  0.232660  -0.188457  -0.245267  -0.246329  0.937638  -0.032220  0.005212  0.018092  -0.260184  -0.054366  -0.919216  1.000000  
45.030593 0.013443  -0.014379  -0.013645  0.172889  0.940682  0.291936  -0.953815  0.233827  -0.188580  -0.245656  -0.245849  0.937663  -0.032573  0.005573  0.018705  -0.254851  -0.058243  -0.940607  1.000000  
45.031855 0.013397  -0.014369  -0.013613  0.174436  0.940449  0.291766  -0.953399  0.235391  -0.188735  -0.246175  -0.245247  0.937684  -0.033050  0.005905  0.019420  -0.246008  -0.058766  -0.974754  1.000000  
45.033122 0.013351  -0.014358  -0.013580  0.175982  0.940178  0.291711  -0.952981  0.236977  -0.188863  -0.246694  -0.244759  0.937675  -0.033559  0.006211  0.020047  -0.234729  -0.061005  -1.002306  1.000000  
45.034338 0.013305  -0.014345  -0.013549  0.177533  0.939945  0.291521  -0.952592  0.238508  -0.188897  -0.247083  -0.244165  0.937728  -0.034185  0.006602  0.020553  -0.226248  -0.053027  -1.035848  1.000000  
45.035339 0.013267  -0.014335  -0.013527  0.178887  0.939724  0.291407  -0.952238  0.239867  -0.188963  -0.247471  -0.243685  0.937750  -0.034674  0.006925  0.020779  -0.219234  -0.055290  -1.063882  1.000000  
45.036585 0.013219  -0.014323  -0.013501  0.180039  0.939580  0.291163  -0.951886  0.241041  -0.189242  -0.247990  -0.243083  0.937769  -0.035335  0.007287  0.020796  -0.219497  -0.056792  -1.077998  1.000000  
45.037834 0.013171  -0.014311  -0.013475  0.181190  0.939433  0.290921  -0.951532  0.242214  -0.189522  -0.248508  -0.242481  0.937788  -0.035917  0.007612  0.020685  -0.216345  -0.060426  -1.090775  1.000000  
45.038834 0.013132  -0.014300  -0.013455  0.182346  0.939256  0.290770  -0.951210  0.243378  -0.189650  -0.248897  -0.242001  0.937809  -0.036489  0.007873  0.020701  -0.210313  -0.062444  -1.113715  1.000000  
45.039841 0.013091  -0.014291  -0.013434  0.183698  0.938992  0.290773  -0.950848  0.244757  -0.189690  -0.249286  -0.241635  0.937800  -0.037066  0.008144  0.020916  -0.200763  -0.062111  -1.133950  1.000000  
45.041084 0.013038  -0.014281  -0.013408  0.185427  0.938683  0.290675  -0.950342  0.246540  -0.189916  -0.249934  -0.241025  0.937785  -0.037780  0.008339  0.021261  -0.194278  -0.066675  -1.160186  1.000000  
45.042084 0.012995  -0.014273  -0.013386  0.186771  0.938407  0.290703  -0.949942  0.247950  -0.190080  -0.250452  -0.240650  0.937743  -0.038371  0.008568  0.021899  -0.183936  -0.073108  -1.185186  1.000000  
45.043334 0.012939  -0.014262  -0.013355  0.188498  0.938091  0.290608  -0.949430  0.249731  -0.190307  -0.251100  -0.240040  0.937726  -0.039080  0.008742  0.022576  -0.176511  -0.075718  -1.213096  1.000000  
45.044584 0.012884  -0.014250  -0.013323  0.190224  0.937772  0.290515  -0.948914  0.251511  -0.190536  -0.251747  -0.239429  0.937708  -0.039682  0.009011  0.023091  -0.166099  -0.080355  -1.238672  1.000000  
45.045588 0.012840  -0.014241  -0.013297  0.191753  0.937430  0.290612  -0.948434  0.253142  -0.190764  -0.252394  -0.239047  0.937632  -0.040177  0.009212  0.023254  -0.155276  -0.086967  -1.264040  1.000000  
45.046589 0.012797  -0.014230  -0.013271  0.193288  0.937128  0.290571  -0.947985  0.254719  -0.190901  -0.252912  -0.238558  0.937617  -0.040658  0.009410  0.023189  -0.145474  -0.086930  -1.284172  1.000000  
45.047601 0.012752  -0.014218  -0.013248  0.194814  0.936816  0.290557  -0.947499  0.256325  -0.191161  -0.253559  -0.238062  0.937568  -0.041193  0.009595  0.022928  -0.139693  -0.095510  -1.306199  1.000000  
45.048841 0.012697  -0.014202  -0.013221  0.197308  0.936264  0.290653  -0.946775  0.258903  -0.191276  -0.254336  -0.237443  0.937515  -0.041742  0.009859  0.022663  -0.126881  -0.093252  -1.353952  1.000000  
45.049841 0.012652  -0.014189  -0.013200  0.198832  0.935945  0.290643  -0.946282  0.260507  -0.191537  -0.254983  -0.236946  0.937465  -0.042293  0.010033  0.022516  -0.121117  -0.101939  -1.376593  1.000000  
45.050884 0.012607  -0.014178  -0.013179  0.200549  0.935569  0.290673  -0.945745  0.262303  -0.191739  -0.255630  -0.236450  0.937414  -0.042697  0.010107  0.022443  -0.111727  -0.107130  -1.410180  1.000000  
45.051910 0.012561  -0.014166  -0.013156  0.202273  0.935231  0.290566  -0.945238  0.264043  -0.191851  -0.256147  -0.235848  0.937424  -0.043087  0.010248  0.022571  -0.112251  -0.105403  -1.435820  1.000000  
45.053087 0.012503  -0.014151  -0.013123  0.204758  0.934657  0.290671  -0.944492  0.266614  -0.191970  -0.256923  -0.235229  0.937368  -0.043966  0.010472  0.023220  -0.103135  -0.115606  -1.475932  1.000000  
45.054335 0.012443  -0.014136  -0.013088  0.207039  0.934160  0.290653  -0.943748  0.268997  -0.192305  -0.257828  -0.234488  0.937305  -0.044605  0.010674  0.023846  -0.099349  -0.127399  -1.506278  1.000000  
45.055583 0.012381  -0.014122  -0.013053  0.209131  0.933685  0.290684  -0.943074  0.271179  -0.192545  -0.258604  -0.233869  0.937246  -0.045200  0.010848  0.024408  -0.095619  -0.134683  -1.535454  1.000000  
45.056584 0.012331  -0.014111  -0.013026  0.210833  0.933316  0.290639  -0.942482  0.272975  -0.192906  -0.259379  -0.233251  0.937185  -0.045675  0.011074  0.024772  -0.093679  -0.147988  -1.558969  1.000000  
45.057833 0.012269  -0.014098  -0.012994  0.212913  0.932824  0.290702  -0.941765  0.275184  -0.193270  -0.260283  -0.232624  0.937091  -0.046091  0.011279  0.024951  -0.085572  -0.155070  -1.588764  1.000000  
45.058834 0.012220  -0.014086  -0.012970  0.214619  0.932454  0.290634  -0.941199  0.276946  -0.193510  -0.260929  -0.232013  0.937062  -0.046540  0.011436  0.024890  -0.087649  -0.159612  -1.610076  1.000000  
45.059835 0.012169  -0.014073  -0.012946  0.216509  0.931981  0.290748  -0.940550  0.278952  -0.193780  -0.261704  -0.231508  0.936971  -0.046957  0.011742  0.024637  -0.079759  -0.167288  -1.638195  1.000000  
45.061084 0.012106  -0.014056  -0.012919  0.218768  0.931410  0.290889  -0.939739  0.281378  -0.194208  -0.262737  -0.230873  0.936839  -0.047491  0.011957  0.024330  -0.073305  -0.180346  -1.662416  1.000000  
45.062085 0.012055  -0.014043  -0.012898  0.220461  0.930986  0.290968  -0.939127  0.283189  -0.194539  -0.263512  -0.230368  0.936746  -0.048037  0.012096  0.024168  -0.071029  -0.184815  -1.683101  1.000000  
45.063333 0.011990  -0.014028  -0.012871  0.222916  0.930387  0.291014  -0.938293  0.285748  -0.194821  -0.264415  -0.229627  0.936673  -0.048636  0.012061  0.024083  -0.065250  -0.195197  -1.719601  1.000000  
45.064349 0.011937  -0.014015  -0.012849  0.224798  0.929895  0.291138  -0.937625  0.287747  -0.195092  -0.265189  -0.229122  0.936578  -0.049219  0.012008  0.024187  -0.057037  -0.203148  -1.747544  1.000000  
45.065587 0.011870  -0.014001  -0.012817  0.227248  0.929283  0.291190  -0.936778  0.290301  -0.195376  -0.266092  -0.228382  0.936502  -0.049905  0.011989  0.024509  -0.049267  -0.207812  -1.790506  1.000000  
45.066590 0.011815  -0.013989  -0.012791  0.229125  0.928817  0.291207  -0.936101  0.292273  -0.195683  -0.266866  -0.227763  0.936433  -0.050830  0.012032  0.024877  -0.045177  -0.215328  -1.818592  1.000000  
45.067590 0.011759  -0.013979  -0.012763  0.231193  0.928250  0.291379  -0.935371  0.294458  -0.195896  -0.267639  -0.227258  0.936335  -0.051194  0.011890  0.024863  -0.031642  -0.217982  -1.866937  1.000000  
45.068834 0.011688  -0.013965  -0.012729  0.233643  0.927627  0.291410  -0.934540  0.296976  -0.196061  -0.268413  -0.226526  0.936291  -0.051983  0.011798  0.024782  -0.025589  -0.219950  -1.901364  1.000000  
45.070084 0.011617  -0.013952  -0.012699  0.236073  0.927017  0.291392  -0.933633  0.299526  -0.196506  -0.269444  -0.225663  0.936203  -0.052698  0.011714  0.024495  -0.029196  -0.232331  -1.931446  1.000000  
45.071334 0.011545  -0.013939  -0.012669  0.238499  0.926365  0.291491  -0.932717  0.302096  -0.196916  -0.270474  -0.224915  0.936086  -0.053264  0.011671  0.024243  -0.024477  -0.240341  -1.959891  1.000000  
45.072586 0.011474  -0.013925  -0.012641  0.240922  0.925740  0.291482  -0.931795  0.304640  -0.197364  -0.271505  -0.224052  0.935995  -0.053938  0.011675  0.023892  -0.026057  -0.246794  -1.994885  1.000000  
45.073834 0.011403  -0.013911  -0.012612  0.243149  0.925137  0.291549  -0.930915  0.307014  -0.197836  -0.272535  -0.223303  0.935874  -0.054532  0.011659  0.023800  -0.023437  -0.255421  -2.014351  1.000000  
45.074834 0.011345  -0.013899  -0.012588  0.245192  0.924598  0.291546  -0.930115  0.309167  -0.198248  -0.273436  -0.222563  0.935788  -0.054991  0.011592  0.023861  -0.028304  -0.261654  -2.038093  1.000000  
45.075836 0.011287  -0.013887  -0.012563  0.247231  0.924019  0.291659  -0.929309  0.311341  -0.198623  -0.274337  -0.221936  0.935673  -0.055551  0.011487  0.024088  -0.025839  -0.269993  -2.057445  1.000000  
45.077083 0.011212  -0.013874  -0.012532  0.249632  0.923361  0.291699  -0.928325  0.313902  -0.199196  -0.275494  -0.221065  0.935539  -0.056215  0.011262  0.024425  -0.026555  -0.280077  -2.080703  1.000000  
45.078086 0.011152  -0.013864  -0.012506  0.251857  0.922741  0.291748  -0.927456  0.316236  -0.199550  -0.276395  -0.220325  0.935448  -0.056774  0.011065  0.024739  -0.031654  -0.285260  -2.101565  1.000000  
45.079087 0.011091  -0.013856  -0.012481  0.253888  0.922181  0.291760  -0.926633  0.318379  -0.199966  -0.277295  -0.219585  0.935356  -0.057341  0.010810  0.024878  -0.032260  -0.293624  -2.107768  1.000000  
45.080343 0.011013  -0.013846  -0.012451  0.256468  0.921401  0.291965  -0.925575  0.321144  -0.200443  -0.278451  -0.218828  0.935189  -0.058024  0.010491  0.024795  -0.027123  -0.306282  -2.137417  1.000000  
45.081594 0.010935  -0.013837  -0.012422  0.258854  0.920716  0.292022  -0.924562  0.323692  -0.201020  -0.279608  -0.217958  0.935048  -0.058678  0.010154  0.024525  -0.027095  -0.321767  -2.154362  1.000000  
45.082838 0.010855  -0.013829  -0.012395  0.261616  0.919889  0.292167  -0.923433  0.326615  -0.201478  -0.280764  -0.217087  0.934904  -0.059519  0.009806  0.024199  -0.027836  -0.329503  -2.167378  1.000000  
45.083840 0.010792  -0.013823  -0.012375  0.263824  0.919236  0.292236  -0.922531  0.328936  -0.201837  -0.281663  -0.216348  0.934805  -0.059805  0.009456  0.023573  -0.026285  -0.338290  -2.185530  1.000000  
45.085086 0.010711  -0.013815  -0.012350  0.266566  0.918420  0.292315  -0.921349  0.331854  -0.202457  -0.282946  -0.215356  0.934646  -0.060412  0.009113  0.023228  -0.030560  -0.348615  -2.207244  1.000000  
45.086087 0.010647  -0.013809  -0.012330  0.268578  0.917822  0.292350  -0.920488  0.333979  -0.202878  -0.283844  -0.214616  0.934544  -0.060874  0.008813  0.023017  -0.029220  -0.355872  -2.221826  1.000000  
45.087334 0.010567  -0.013802  -0.012302  0.271133  0.917031  0.292473  -0.919382  0.336699  -0.203399  -0.284999  -0.213746  0.934392  -0.061475  0.008388  0.022979  -0.027597  -0.360185  -2.248893  1.000000  
45.088584 0.010486  -0.013794  -0.012273  0.273861  0.916154  0.292679  -0.918174  0.339630  -0.203981  -0.286281  -0.212868  0.934201  -0.062136  0.007911  0.022990  -0.023594  -0.370614  -2.270500  1.000000  
45.089834 0.010404  -0.013786  -0.012242  0.276596  0.915312  0.292744  -0.916993  0.342504  -0.204486  -0.287435  -0.211885  0.934070  -0.062707  0.007522  0.023060  -0.028022  -0.374720  -2.286033  1.000000  
45.090834 0.010338  -0.013780  -0.012217  0.278959  0.914575  0.292805  -0.915955  0.344996  -0.204951  -0.288460  -0.211023  0.933949  -0.063250  0.007123  0.023100  -0.032192  -0.378150  -2.310691  1.000000  
45.091836 0.010271  -0.013774  -0.012193  0.281330  0.913839  0.292834  -0.914946  0.347457  -0.205298  -0.289356  -0.210171  0.933864  -0.063771  0.006770  0.022965  -0.034878  -0.378075  -2.336771  1.000000  
45.093087 0.010186  -0.013768  -0.012166  0.284050  0.912971  0.292914  -0.913740  0.350319  -0.205806  -0.290509  -0.209188  0.933726  -0.064402  0.006383  0.022651  -0.036840  -0.385893  -2.350592  1.000000  
45.094333 0.010100  -0.013763  -0.012140  0.286942  0.912049  0.292970  -0.912427  0.353367  -0.206418  -0.291789  -0.208084  0.933574  -0.065047  0.006020  0.022348  -0.042954  -0.393278  -2.374172  1.000000  
45.095337 0.010030  -0.013760  -0.012122  0.289288  0.911246  0.293161  -0.911358  0.355868  -0.206844  -0.292812  -0.207337  0.933420  -0.065565  0.005730  0.021955  -0.041203  -0.404822  -2.388047  1.000000  
45.096584 0.009942  -0.013757  -0.012098  0.292156  0.910261  0.293377  -0.909989  0.358957  -0.207533  -0.294219  -0.206338  0.933199  -0.066223  0.005327  0.021566  -0.038744  -0.414166  -2.415988  1.000000  
45.097590 0.009871  -0.013755  -0.012080  0.294668  0.909395  0.293548  -0.908805  0.361639  -0.208063  -0.295370  -0.205469  0.933027  -0.066716  0.005040  0.021341  -0.042790  -0.424411  -2.436834  1.000000  
45.098837 0.009781  -0.013752  -0.012056  0.297537  0.908399  0.293740  -0.907453  0.364691  -0.208635  -0.296648  -0.204479  0.932839  -0.067399  0.004698  0.021264  -0.040376  -0.439232  -2.457709  1.000000  
45.099839 0.009709  -0.013750  -0.012036  0.300051  0.907525  0.293883  -0.906290  0.367338  -0.209047  -0.297670  -0.203619  0.932701  -0.067953  0.004406  0.021268  -0.038519  -0.443978  -2.484672  1.000000  
45.101087 0.009618  -0.013748  -0.012011  0.302895  0.906501  0.294126  -0.904880  0.370406  -0.209739  -0.299075  -0.202620  0.932469  -0.068694  0.004076  0.021213  -0.037800  -0.455009  -2.505996  1.000000  
45.102337 0.009527  -0.013745  -0.011987  0.305733  0.905467  0.294377  -0.903460  0.373469  -0.210431  -0.300479  -0.201622  0.932234  -0.069417  0.003706  0.021006  -0.032956  -0.466222  -2.527182  1.000000  
45.103584 0.009434  -0.013743  -0.011962  0.308564  0.904422  0.294635  -0.902029  0.376525  -0.211124  -0.301882  -0.200624  0.931996  -0.070146  0.003426  0.020693  -0.030148  -0.475863  -2.554877  1.000000  
45.104834 0.009340  -0.013740  -0.011941  0.311573  0.903324  0.294834  -0.900522  0.379736  -0.211802  -0.303285  -0.199513  0.931779  -0.070935  0.003063  0.020091  -0.027284  -0.483097  -2.574807  1.000000  
45.105834 0.009264  -0.013738  -0.011925  0.313505  0.902678  0.294766  -0.899507  0.381777  -0.212446  -0.304305  -0.198541  0.931654  -0.071586  0.002813  0.019485  -0.036995  -0.489651  -2.574772  1.000000  
45.107084 0.009169  -0.013735  -0.011905  0.316132  0.901756  0.294782  -0.898111  0.384579  -0.213294  -0.305707  -0.197318  0.931455  -0.072518  0.002447  0.018739  -0.039828  -0.498448  -2.588349  1.000000  
45.108084 0.009090  -0.013733  -0.011890  0.318425  0.900940  0.294811  -0.896953  0.386983  -0.213820  -0.306726  -0.196346  0.931326  -0.073089  0.002328  0.018371  -0.045563  -0.503625  -2.594347  1.000000  
45.109085 0.009011  -0.013731  -0.011875  0.320515  0.900188  0.294843  -0.895815  0.389222  -0.214524  -0.307872  -0.195367  0.931154  -0.073828  0.002171  0.017980  -0.049043  -0.513284  -2.601530  1.000000  
45.110089 0.008932  -0.013729  -0.011858  0.322799  0.899358  0.294882  -0.894644  0.391618  -0.215052  -0.308890  -0.194395  0.931020  -0.074486  0.002112  0.017899  -0.056860  -0.517081  -2.614829  1.000000  
45.111092 0.008850  -0.013728  -0.011840  0.324881  0.898595  0.294923  -0.893494  0.393850  -0.215758  -0.310035  -0.193416  0.930843  -0.075191  0.002055  0.017846  -0.062193  -0.526612  -2.621704  1.000000  
45.112338 0.008748  -0.013725  -0.011817  0.327495  0.897644  0.294928  -0.892096  0.396603  -0.216497  -0.311307  -0.192203  0.930670  -0.076030  0.002014  0.017826  -0.067415  -0.532658  -2.627688  1.000000  
45.113584 0.008646  -0.013723  -0.011793  0.329891  0.896748  0.294983  -0.890678  0.399215  -0.217531  -0.312832  -0.190973  0.930411  -0.076911  0.002021  0.017842  -0.079730  -0.545499  -2.621298  1.000000  
45.114591 0.008564  -0.013720  -0.011775  0.331973  0.895974  0.294998  -0.889546  0.401409  -0.218124  -0.313848  -0.190003  0.930268  -0.077625  0.002035  0.017665  -0.083763  -0.552419  -2.620475  1.000000  
45.115838 0.008460  -0.013716  -0.011754  0.334541  0.894982  0.295111  -0.888044  0.404194  -0.219100  -0.315373  -0.188774  0.930002  -0.078494  0.002153  0.017462  -0.090156  -0.569332  -2.626494  1.000000  
45.117088 0.008356  -0.013711  -0.011733  0.337116  0.893989  0.295189  -0.886572  0.406949  -0.219961  -0.316769  -0.187554  0.929775  -0.079400  0.002309  0.017208  -0.093274  -0.577685  -2.635224  1.000000  
45.118336 0.008250  -0.013707  -0.011715  0.339700  0.892997  0.295229  -0.885130  0.409674  -0.220706  -0.318038  -0.186342  0.929585  -0.080254  0.002426  0.016783  -0.102221  -0.580658  -2.633788  1.000000  
45.119337 0.008166  -0.013704  -0.011700  0.341747  0.892188  0.295311  -0.883931  0.411874  -0.221420  -0.319179  -0.185365  0.929389  -0.080903  0.002510  0.016596  -0.103663  -0.591985  -2.634168  1.000000  
45.120584 0.008058  -0.013700  -0.011681  0.344123  0.891221  0.295472  -0.882503  0.414455  -0.222294  -0.320574  -0.184259  0.929129  -0.081779  0.002562  0.016534  -0.108521  -0.602123  -2.620768  1.000000  
45.121834 0.007950  -0.013696  -0.011661  0.346657  0.890188  0.295624  -0.880956  0.417210  -0.223275  -0.322094  -0.183032  0.928846  -0.082608  0.002639  0.016552  -0.112469  -0.619136  -2.614930  1.000000  
45.123086 0.007840  -0.013692  -0.011639  0.349201  0.889156  0.295738  -0.879440  0.419936  -0.224141  -0.323487  -0.181814  0.928601  -0.083433  0.002770  0.016767  -0.117292  -0.630901  -2.614939  1.000000  
45.124340 0.007729  -0.013687  -0.011615  0.351557  0.888238  0.295706  -0.877987  0.422445  -0.225120  -0.324879  -0.180484  0.928374  -0.084221  0.002964  0.017003  -0.129231  -0.641946  -2.600968  1.000000  
45.125585 0.007617  -0.013682  -0.011591  0.353906  0.887276  0.295789  -0.876526  0.424976  -0.226049  -0.326271  -0.179267  0.928122  -0.084990  0.003094  0.017250  -0.135143  -0.651419  -2.587571  1.000000  
45.126834 0.007505  -0.013676  -0.011566  0.355873  0.886511  0.295725  -0.875163  0.427130  -0.227268  -0.327788  -0.177929  0.927845  -0.085582  0.003381  0.017345  -0.153696  -0.667326  -2.557047  1.000000  
45.127840 0.007417  -0.013670  -0.011546  0.357704  0.885783  0.295695  -0.873988  0.429086  -0.228100  -0.328926  -0.176842  0.927650  -0.086077  0.003616  0.017362  -0.169433  -0.673237  -2.534005  1.000000  
45.129084 0.007305  -0.013663  -0.011523  0.360036  0.884875  0.295584  -0.872505  0.431545  -0.229137  -0.330315  -0.175402  0.927430  -0.086705  0.003919  0.017417  -0.187161  -0.682387  -2.520355  1.000000  
45.130086 0.007216  -0.013655  -0.011505  0.361842  0.884093  0.295721  -0.871279  0.433541  -0.230033  -0.331578  -0.174420  0.927164  -0.087057  0.004190  0.017410  -0.192274  -0.693128  -2.506769  1.000000  
45.131092 0.007127  -0.013649  -0.011486  0.363642  0.883342  0.295755  -0.870047  0.435505  -0.230983  -0.332840  -0.173326  0.926917  -0.087491  0.004427  0.017542  -0.201933  -0.706887  -2.493124  1.000000  
45.132338 0.007015  -0.013640  -0.011462  0.366119  0.882280  0.295868  -0.868426  0.438178  -0.232024  -0.334353  -0.171991  0.926621  -0.088086  0.004689  0.017917  -0.212861  -0.715862  -2.486186  1.000000  
45.133367 0.006925  -0.013634  -0.011441  0.367910  0.881520  0.295915  -0.867183  0.440133  -0.232975  -0.335614  -0.170898  0.926368  -0.088159  0.004909  0.018279  -0.226339  -0.724518  -2.469929  1.000000  
45.134589 0.006812  -0.013627  -0.011413  0.370356  0.880435  0.296092  -0.865504  0.442814  -0.234132  -0.337252  -0.169556  0.926019  -0.088869  0.005098  0.018962  -0.235472  -0.739812  -2.459047  1.000000  
45.135842 0.006698  -0.013620  -0.011385  0.372634  0.879443  0.296181  -0.863935  0.445286  -0.235237  -0.338763  -0.168224  0.925711  -0.089262  0.005309  0.019501  -0.236011  -0.747436  -2.457334  1.000000  
45.137085 0.006582  -0.013614  -0.011357  0.375242  0.878216  0.296532  -0.862161  0.448163  -0.236280  -0.340399  -0.166996  0.925333  -0.089770  0.005466  0.020035  -0.230353  -0.762839  -2.465015  1.000000  
45.138334 0.006467  -0.013608  -0.011329  0.377664  0.877071  0.296843  -0.860455  0.450851  -0.237384  -0.342034  -0.165769  0.924951  -0.090081  0.005590  0.020385  -0.228931  -0.778898  -2.460075  1.000000  
45.139334 0.006373  -0.013603  -0.011308  0.379603  0.876190  0.296972  -0.859100  0.452959  -0.238276  -0.343291  -0.164678  0.924680  -0.090420  0.005594  0.020501  -0.230078  -0.785950  -2.458991  1.000000  
45.140337 0.006281  -0.013597  -0.011285  0.381361  0.875361  0.297164  -0.857818  0.454912  -0.239174  -0.344547  -0.163701  0.924386  -0.090537  0.005732  0.020712  -0.231982  -0.797250  -2.444720  1.000000  
45.141584 0.006165  -0.013590  -0.011258  0.383605  0.874300  0.297399  -0.856209  0.457381  -0.240226  -0.346054  -0.162483  0.924038  -0.090862  0.005760  0.020873  -0.230623  -0.808486  -2.438465  1.000000  
45.142834 0.006049  -0.013583  -0.011230  0.386018  0.873174  0.297585  -0.854513  0.459995  -0.241272  -0.347560  -0.161155  0.923705  -0.091237  0.005803  0.021114  -0.228952  -0.814995  -2.443490  1.000000  
45.143841 0.005955  -0.013577  -0.011207  0.387954  0.872244  0.297794  -0.853175  0.462093  -0.241997  -0.348689  -0.160187  0.923448  -0.091450  0.005797  0.021438  -0.226564  -0.819503  -2.441039  1.000000  
45.145084 0.005839  -0.013570  -0.011175  0.390373  0.871077  0.298050  -0.851505  0.464704  -0.242875  -0.350068  -0.158979  0.923135  -0.091842  0.005667  0.022000  -0.222950  -0.820758  -2.439752  1.000000  
45.146336 0.005721  -0.013563  -0.011143  0.392959  0.869806  0.298363  -0.849746  0.467488  -0.243692  -0.351446  -0.157772  0.922818  -0.092315  0.005585  0.022598  -0.217351  -0.822732  -2.443941  1.000000  
45.147342 0.005626  -0.013559  -0.011115  0.394878  0.868859  0.298590  -0.848389  0.469571  -0.244417  -0.352574  -0.156806  0.922553  -0.092594  0.005419  0.023190  -0.214931  -0.827182  -2.441376  1.000000  
45.148587 0.005506  -0.013554  -0.011079  0.397275  0.867670  0.298868  -0.846695  0.472163  -0.245296  -0.353950  -0.155600  0.922230  -0.093161  0.005264  0.023766  -0.211606  -0.830297  -2.439038  1.000000  
45.149836 0.005384  -0.013550  -0.011044  0.399665  0.866437  0.299259  -0.844992  0.474779  -0.246117  -0.355327  -0.154507  0.921884  -0.093705  0.005035  0.024253  -0.208186  -0.835773  -2.439014  1.000000  
45.150837 0.005286  -0.013546  -0.011016  0.401914  0.865239  0.299710  -0.843450  0.477233  -0.246661  -0.356452  -0.153654  0.921592  -0.094172  0.004928  0.024661  -0.194483  -0.832078  -2.454534  1.000000  
45.151842 0.005186  -0.013544  -0.010988  0.403811  0.864233  0.300064  -0.842066  0.479326  -0.247327  -0.357577  -0.152801  0.921298  -0.094629  0.004716  0.024991  -0.187627  -0.834247  -2.452106  1.000000  
45.153085 0.005060  -0.013540  -0.010955  0.406374  0.862889  0.300472  -0.840300  0.482084  -0.247973  -0.358826  -0.151717  0.920992  -0.095318  0.004556  0.025357  -0.177947  -0.830109  -2.456938  1.000000  
45.154089 0.004959  -0.013538  -0.010929  0.408259  0.861871  0.300837  -0.838905  0.484167  -0.248638  -0.359950  -0.150865  0.920693  -0.095830  0.004389  0.025701  -0.164822  -0.833418  -2.461137  1.000000  
45.155333 0.004832  -0.013534  -0.010893  0.410635  0.860612  0.301206  -0.837207  0.486736  -0.249345  -0.361198  -0.149782  0.920381  -0.096595  0.004193  0.026130  -0.155180  -0.829035  -2.464917  1.000000  
45.156338 0.004731  -0.013531  -0.010865  0.412703  0.859492  0.301579  -0.835758  0.488969  -0.249837  -0.362196  -0.148939  0.920126  -0.097220  0.004001  0.026636  -0.137244  -0.825508  -2.480966  1.000000  
45.157584 0.004604  -0.013527  -0.010829  0.415237  0.858081  0.302117  -0.833959  0.491733  -0.250421  -0.363442  -0.147969  0.919791  -0.097965  0.003775  0.027165  -0.114483  -0.816617  -2.497228  1.000000  
45.158834 0.004475  -0.013523  -0.010792  0.417763  0.856662  0.302661  -0.832151  0.494491  -0.251004  -0.364689  -0.146999  0.919453  -0.098757  0.003612  0.027650  -0.090087  -0.812991  -2.506461  1.000000  
45.159843 0.004372  -0.013520  -0.010762  0.419813  0.855486  0.303153  -0.830682  0.496739  -0.251433  -0.365685  -0.146269  0.919174  -0.099418  0.003408  0.027975  -0.074286  -0.804017  -2.515365  1.000000  
45.161084 0.004242  -0.013516  -0.010724  0.422324  0.854051  0.303709  -0.828858  0.499484  -0.252013  -0.366930  -0.145300  0.918831  -0.100286  0.003202  0.028385  -0.054537  -0.795044  -2.525496  1.000000  
45.162095 0.004138  -0.013514  -0.010693  0.424384  0.852871  0.304154  -0.827418  0.501706  -0.252330  -0.367801  -0.144578  0.918597  -0.100932  0.003081  0.028559  -0.036451  -0.784176  -2.526896  1.000000  
