1-Time 2-Px 3-Py 4-Pz 5-R11 6-R21 7-R31 8-R12 9-R22 10-R32 11-R13 12-R23 13-R33 14-Vx 15-Vy 16-Vz 17-Wx 18-Wy 19-Wz 20-state
197.370146 0.015453  0.000368  0.006105  0.368346  0.888906  0.272338  -0.706658  0.077348  0.703315  0.604116  -0.451513  0.656643  0.000415  0.000231  -0.000147  0.000000  0.000000  0.000000  1.000000  
197.371357 0.015451  0.000366  0.006105  0.368529  0.888862  0.272234  -0.706654  0.077584  0.703293  0.604009  -0.451559  0.656709  -0.001858  -0.001952  -0.000019  0.000000  0.000000  0.000000  1.000000  
197.372617 0.015441  0.000360  0.006100  0.368529  0.888862  0.272234  -0.706654  0.077584  0.703293  0.604009  -0.451559  0.656709  -0.005389  -0.003169  -0.002128  0.000000  0.000000  0.000000  1.000000  
197.373623 0.015431  0.000355  0.006095  0.368529  0.888862  0.272234  -0.706654  0.077584  0.703293  0.604009  -0.451559  0.656709  -0.006682  -0.003708  -0.002822  0.000000  0.000000  0.000000  1.000000  
197.374623 0.015423  0.000352  0.006093  0.368529  0.888862  0.272234  -0.706654  0.077584  0.703293  0.604009  -0.451559  0.656709  -0.006888  -0.003581  -0.002828  0.000000  0.000000  0.000000  1.000000  
197.375869 0.015415  0.000349  0.006090  0.368529  0.888862  0.272234  -0.706654  0.077584  0.703293  0.604009  -0.451559  0.656709  -0.006753  -0.003300  -0.002569  0.000000  0.000000  0.000000  1.000000  
197.376879 0.015407  0.000347  0.006089  0.368529  0.888862  0.272234  -0.706654  0.077584  0.703293  0.604009  -0.451559  0.656709  -0.006946  -0.003195  -0.002375  0.000000  0.000000  0.000000  1.000000  
197.378113 0.015393  0.000344  0.006086  0.368529  0.888862  0.272234  -0.706654  0.077584  0.703293  0.604009  -0.451559  0.656709  -0.007654  -0.003022  -0.002387  0.000000  0.000000  0.000000  1.000000  
197.379113 0.015382  0.000343  0.006083  0.368529  0.888862  0.272234  -0.706654  0.077584  0.703293  0.604009  -0.451559  0.656709  -0.008086  -0.002829  -0.002454  0.000000  0.000000  0.000000  1.000000  
197.380115 0.015372  0.000342  0.006079  0.368529  0.888862  0.272234  -0.706654  0.077584  0.703293  0.604009  -0.451559  0.656709  -0.008305  -0.002600  -0.002584  0.000000  0.000000  0.000000  1.000000  
197.381365 0.015360  0.000340  0.006075  0.368529  0.888862  0.272234  -0.706654  0.077584  0.703293  0.604009  -0.451559  0.656709  -0.008442  -0.002473  -0.002666  0.000000  0.000000  0.000000  1.000000  
197.382607 0.015348  0.000338  0.006071  0.368529  0.888862  0.272234  -0.706654  0.077584  0.703293  0.604009  -0.451559  0.656709  -0.008557  -0.002374  -0.002734  0.000000  0.000000  0.000000  1.000000  
197.383617 0.015337  0.000337  0.006067  0.368529  0.888862  0.272234  -0.706654  0.077584  0.703293  0.604009  -0.451559  0.656709  -0.008748  -0.002313  -0.002807  0.000000  0.000000  0.000000  1.000000  
197.384859 0.015320  0.000332  0.006061  0.368529  0.888895  0.272126  -0.706654  0.077670  0.703284  0.604009  -0.451479  0.656764  -0.009176  -0.002422  -0.003017  0.000000  0.000000  0.000000  1.000000  
197.386106 0.015301  0.000326  0.006052  0.368529  0.888895  0.272126  -0.706654  0.077670  0.703284  0.604009  -0.451479  0.656764  -0.010137  -0.002672  -0.003542  0.000000  0.000000  0.000000  1.000000  
197.387356 0.015282  0.000317  0.006043  0.368529  0.888928  0.272019  -0.706654  0.077755  0.703274  0.604009  -0.451400  0.656819  -0.010784  -0.002960  -0.003870  0.000000  0.000000  0.000000  1.000000  
197.388369 0.015266  0.000311  0.006036  0.368529  0.888928  0.272019  -0.706654  0.077755  0.703274  0.604009  -0.451400  0.656819  -0.011137  -0.003089  -0.004047  0.000000  0.000000  0.000000  1.000000  
197.389606 0.015248  0.000305  0.006028  0.368566  0.888900  0.272059  -0.706725  0.077808  0.703196  0.603903  -0.451445  0.656886  -0.011668  -0.003158  -0.004293  0.000000  0.000000  0.000000  1.000000  
197.390629 0.015235  0.000301  0.006024  0.368566  0.888900  0.272059  -0.706725  0.077808  0.703196  0.603903  -0.451445  0.656886  -0.012246  -0.003267  -0.004497  0.000000  0.000000  0.000000  1.000000  
197.391868 0.015217  0.000297  0.006018  0.368749  0.888856  0.271955  -0.706721  0.078045  0.703174  0.603796  -0.451491  0.656952  -0.012724  -0.003338  -0.004752  0.000000  0.000000  0.000000  1.000000  
197.393112 0.015198  0.000292  0.006008  0.368786  0.888828  0.271996  -0.706793  0.078099  0.703096  0.603689  -0.451537  0.657019  -0.013007  -0.003499  -0.005190  0.000000  0.000000  0.000000  1.000000  
197.394113 0.015185  0.000289  0.006000  0.368969  0.888784  0.271892  -0.706788  0.078335  0.703075  0.603583  -0.451583  0.657085  -0.013093  -0.003608  -0.005575  0.000000  0.000000  0.000000  1.000000  
197.395217 0.015173  0.000286  0.005991  0.369006  0.888756  0.271932  -0.706860  0.078389  0.702997  0.603476  -0.451628  0.657152  -0.013195  -0.003795  -0.005884  0.000000  0.000000  0.000000  1.000000  
197.396362 0.015159  0.000282  0.005982  0.369189  0.888712  0.271828  -0.706856  0.078625  0.702975  0.603369  -0.451674  0.657218  -0.013366  -0.003858  -0.006246  0.000000  0.000000  0.000000  1.000000  
197.397607 0.015144  0.000277  0.005973  0.369227  0.888651  0.271977  -0.706927  0.078593  0.702906  0.603263  -0.451800  0.657230  -0.013632  -0.004077  -0.006584  0.000000  0.000000  0.000000  1.000000  
197.398855 0.015125  0.000272  0.005964  0.369301  0.888595  0.272058  -0.707070  0.078701  0.702750  0.603049  -0.451891  0.657363  -0.013878  -0.004275  -0.006825  0.000000  0.000000  0.000000  1.000000  
197.399862 0.015110  0.000267  0.005955  0.369484  0.888551  0.271954  -0.707066  0.078937  0.702728  0.602942  -0.451937  0.657430  -0.014046  -0.004437  -0.007053  0.000000  0.000000  0.000000  1.000000  
197.401106 0.015092  0.000259  0.005946  0.369522  0.888523  0.271995  -0.707137  0.078991  0.702650  0.602836  -0.451982  0.657496  -0.013992  -0.004453  -0.007096  0.000000  0.000000  0.000000  1.000000  
197.402357 0.015074  0.000253  0.005937  0.369742  0.888450  0.271932  -0.707204  0.079281  0.702550  0.602622  -0.452074  0.657629  -0.013817  -0.004217  -0.007028  0.000000  0.000000  0.000000  1.000000  
197.403605 0.015056  0.000248  0.005930  0.369817  0.888427  0.271906  -0.707347  0.079473  0.702385  0.602409  -0.452085  0.657817  -0.013799  -0.004070  -0.006918  0.000000  0.000000  0.000000  1.000000  
197.404608 0.015042  0.000246  0.005923  0.369891  0.888371  0.271987  -0.707490  0.079581  0.702229  0.602195  -0.452177  0.657950  -0.013720  -0.003915  -0.007026  0.000000  0.000000  0.000000  1.000000  
197.405857 0.015025  0.000243  0.005914  0.370003  0.888254  0.272217  -0.707704  0.079656  0.702004  0.601874  -0.452393  0.658094  -0.013772  -0.003851  -0.007230  0.000000  0.000000  0.000000  1.000000  
197.406871 0.015012  0.000241  0.005904  0.370115  0.888170  0.272340  -0.707918  0.079817  0.701770  0.601554  -0.452530  0.658293  -0.013633  -0.003701  -0.007590  0.000000  0.000000  0.000000  1.000000  
197.407881 0.014999  0.000239  0.005894  0.370190  0.888114  0.272421  -0.708061  0.079925  0.701614  0.601340  -0.452621  0.658426  -0.013503  -0.003530  -0.007720  0.000000  0.000000  0.000000  1.000000  
197.409114 0.014982  0.000239  0.005882  0.370339  0.888001  0.272585  -0.708346  0.080139  0.701302  0.600912  -0.452804  0.658691  -0.013586  -0.003339  -0.007785  0.000000  0.000000  0.000000  1.000000  
197.410114 0.014969  0.000237  0.005873  0.370451  0.887917  0.272707  -0.708559  0.080300  0.701067  0.600591  -0.452940  0.658889  -0.013759  -0.003270  -0.007925  0.000000  0.000000  0.000000  1.000000  
197.411360 0.014951  0.000235  0.005863  0.370562  0.887833  0.272830  -0.708773  0.080461  0.700833  0.600270  -0.453077  0.659088  -0.013906  -0.003140  -0.007929  0.000000  0.000000  0.000000  1.000000  
197.412361 0.014936  0.000232  0.005854  0.370528  0.887765  0.273097  -0.709063  0.080440  0.700542  0.599949  -0.453213  0.659286  -0.014058  -0.003074  -0.008086  0.000000  0.000000  0.000000  1.000000  
197.413610 0.014916  0.000227  0.005842  0.370677  0.887653  0.273260  -0.709347  0.080655  0.700230  0.599521  -0.453395  0.659551  -0.014151  -0.003046  -0.008269  -0.020567  -0.141973  -0.124220  1.000000  
197.414861 0.014895  0.000222  0.005830  0.370679  0.887557  0.273568  -0.709708  0.080687  0.699860  0.599093  -0.453577  0.659815  -0.014287  -0.002959  -0.008324  -0.012486  -0.161055  -0.130834  1.000000  
197.415867 0.014879  0.000219  0.005819  0.370790  0.887473  0.273690  -0.709921  0.080849  0.699626  0.598771  -0.453713  0.660013  -0.014371  -0.002761  -0.008613  -0.012480  -0.172145  -0.138457  1.000000  
197.417108 0.014861  0.000214  0.005807  0.370755  0.887405  0.273957  -0.710210  0.080827  0.699334  0.598450  -0.453849  0.660211  -0.014396  -0.002620  -0.008829  -0.004244  -0.186456  -0.141578  1.000000  
197.418108 0.014848  0.000212  0.005796  0.370866  0.887321  0.274080  -0.710423  0.080989  0.699099  0.598128  -0.453985  0.660409  -0.014374  -0.002512  -0.009141  -0.004243  -0.197662  -0.149288  1.000000  
197.419374 0.014830  0.000211  0.005782  0.370831  0.887253  0.274346  -0.710712  0.080968  0.698808  0.597806  -0.454121  0.660607  -0.014387  -0.002380  -0.009523  -0.000081  -0.207994  -0.149671  1.000000  
197.420608 0.014813  0.000209  0.005767  0.370796  0.887219  0.274505  -0.711001  0.081032  0.698506  0.597484  -0.454177  0.660860  -0.014364  -0.002271  -0.009979  -0.000000  -0.220697  -0.151675  1.000000  
197.421858 0.014796  0.000208  0.005751  0.370797  0.887123  0.274812  -0.711361  0.081065  0.698136  0.597055  -0.454358  0.661123  -0.014419  -0.002219  -0.010239  0.008244  -0.237861  -0.150148  1.000000  
197.422859 0.014782  0.000207  0.005738  0.370908  0.887039  0.274935  -0.711573  0.081226  0.697901  0.596733  -0.454493  0.661321  -0.014475  -0.002176  -0.010401  0.008238  -0.245147  -0.155156  1.000000  
197.423881 0.014768  0.000206  0.005726  0.371019  0.886955  0.275058  -0.711786  0.081388  0.697665  0.596411  -0.454629  0.661518  -0.014451  -0.002233  -0.010567  0.012448  -0.257579  -0.156882  1.000000  
197.425127 0.014750  0.000203  0.005711  0.370983  0.886920  0.275217  -0.712074  0.081452  0.697363  0.596089  -0.454684  0.661771  -0.014573  -0.002306  -0.010854  0.012458  -0.266873  -0.156655  1.000000  
197.426361 0.014729  0.000200  0.005694  0.371093  0.886836  0.275339  -0.712287  0.081614  0.697128  0.595766  -0.454820  0.661968  -0.014761  -0.002272  -0.011287  0.016530  -0.276545  -0.156711  1.000000  
197.427362 0.014713  0.000197  0.005680  0.371204  0.886785  0.275355  -0.712499  0.081860  0.696882  0.595444  -0.454875  0.662220  -0.014852  -0.002249  -0.011627  0.008505  -0.286228  -0.163084  1.000000  
197.428610 0.014693  0.000193  0.005661  0.371351  0.886673  0.275518  -0.712781  0.082076  0.696568  0.595014  -0.455055  0.662482  -0.014876  -0.002229  -0.012149  0.008494  -0.293640  -0.168168  1.000000  
197.429860 0.014673  0.000189  0.005641  0.371498  0.886593  0.275575  -0.713063  0.082377  0.696243  0.594584  -0.455155  0.662800  -0.014826  -0.002195  -0.012593  0.008482  -0.305419  -0.169831  1.000000  
197.430904 0.014658  0.000186  0.005625  0.371645  0.886481  0.275739  -0.713346  0.082593  0.695929  0.594153  -0.455335  0.663062  -0.014736  -0.002189  -0.012941  0.008528  -0.318571  -0.178589  1.000000  
197.432106 0.014640  0.000182  0.005605  0.371792  0.886402  0.275795  -0.713627  0.082893  0.695604  0.593723  -0.455435  0.663380  -0.014782  -0.002116  -0.013413  0.008591  -0.329671  -0.179381  1.000000  
197.433108 0.014625  0.000181  0.005589  0.371902  0.886317  0.275918  -0.713839  0.083055  0.695368  0.593400  -0.455570  0.663576  -0.014853  -0.002110  -0.013797  0.012653  -0.333348  -0.181874  1.000000  
197.434144 0.014611  0.000180  0.005574  0.372049  0.886238  0.275975  -0.714120  0.083356  0.695042  0.592969  -0.455669  0.663893  -0.014873  -0.002090  -0.014111  0.008562  -0.340824  -0.186960  1.000000  
197.435390 0.014593  0.000179  0.005554  0.372342  0.886108  0.275996  -0.714325  0.083755  0.694784  0.592538  -0.455848  0.664155  -0.014855  -0.002028  -0.014383  0.000333  -0.340965  -0.193853  1.000000  
197.436608 0.014576  0.000177  0.005535  0.372525  0.886001  0.276094  -0.714676  0.084110  0.694380  0.591999  -0.455992  0.664537  -0.014917  -0.002069  -0.014649  -0.003729  -0.349733  -0.200102  1.000000  
197.437610 0.014561  0.000175  0.005519  0.372672  0.885921  0.276151  -0.714957  0.084410  0.694054  0.591567  -0.456090  0.664853  -0.014959  -0.002154  -0.014856  -0.007790  -0.353445  -0.202606  1.000000  
197.438860 0.014542  0.000172  0.005499  0.372891  0.885785  0.276290  -0.715378  0.084819  0.693570  0.590920  -0.456278  0.665300  -0.015105  -0.002269  -0.015149  -0.011851  -0.364361  -0.210069  1.000000  
197.439865 0.014526  0.000170  0.005483  0.373221  0.885660  0.276246  -0.715652  0.085356  0.693222  0.590380  -0.456421  0.665681  -0.015208  -0.002272  -0.015388  -0.020166  -0.367955  -0.218899  1.000000  
197.440867 0.014508  0.000167  0.005466  0.373404  0.885553  0.276344  -0.716002  0.085711  0.692817  0.589840  -0.456563  0.666062  -0.015329  -0.002305  -0.015689  -0.024253  -0.375316  -0.223914  1.000000  
197.442113 0.014485  0.000163  0.005445  0.373623  0.885450  0.276377  -0.716421  0.086204  0.692322  0.589192  -0.456669  0.666563  -0.015423  -0.002314  -0.015850  -0.036542  -0.383387  -0.236116  1.000000  
197.443116 0.014469  0.000160  0.005428  0.373841  0.885314  0.276517  -0.716840  0.086613  0.691837  0.588543  -0.456856  0.667009  -0.015421  -0.002276  -0.016027  -0.040628  -0.394488  -0.243691  1.000000  
197.444362 0.014447  0.000158  0.005407  0.374096  0.885183  0.276591  -0.717329  0.087160  0.691261  0.587785  -0.457005  0.667574  -0.015545  -0.002159  -0.016162  -0.052909  -0.402542  -0.255884  1.000000  
197.445362 0.014430  0.000156  0.005391  0.374314  0.885047  0.276732  -0.717747  0.087570  0.690775  0.587136  -0.457190  0.668019  -0.015702  -0.002064  -0.016113  -0.056995  -0.413682  -0.263481  1.000000  
197.446363 0.014412  0.000155  0.005374  0.374568  0.884883  0.276914  -0.718234  0.088033  0.690210  0.586377  -0.457420  0.668528  -0.015882  -0.001952  -0.016196  -0.065183  -0.425384  -0.278220  1.000000  
197.447610 0.014390  0.000153  0.005355  0.374710  0.884742  0.277172  -0.718868  0.088453  0.689497  0.585510  -0.457611  0.669156  -0.016163  -0.001870  -0.016177  -0.069250  -0.447128  -0.286284  1.000000  
197.448859 0.014369  0.000153  0.005335  0.375036  0.884554  0.277330  -0.719492  0.089108  0.688760  0.584533  -0.457847  0.669849  -0.016342  -0.001787  -0.016177  -0.081510  -0.466280  -0.306087  1.000000  
197.449863 0.014352  0.000153  0.005319  0.375213  0.884385  0.277630  -0.720193  0.089582  0.687966  0.583556  -0.458081  0.670541  -0.016567  -0.001790  -0.016260  -0.089666  -0.488543  -0.321255  1.000000  
197.451110 0.014330  0.000152  0.005299  0.375537  0.884197  0.277789  -0.720816  0.090239  0.687227  0.582577  -0.458314  0.671232  -0.016918  -0.001776  -0.016247  -0.093765  -0.507227  -0.333914  1.000000  
197.452357 0.014306  0.000150  0.005280  0.375748  0.884034  0.278024  -0.721584  0.090850  0.686340  0.581489  -0.458509  0.672042  -0.017258  -0.001711  -0.016221  -0.105125  -0.532516  -0.351202  1.000000  
197.453606 0.014282  0.000148  0.005261  0.376179  0.883761  0.278308  -0.722411  0.091670  0.685360  0.580182  -0.458871  0.672923  -0.017596  -0.001631  -0.016177  -0.113256  -0.562170  -0.371394  1.000000  
197.454608 0.014263  0.000146  0.005245  0.376352  0.883626  0.278502  -0.723108  0.092228  0.684550  0.579201  -0.459019  0.673667  -0.017820  -0.001598  -0.016154  -0.121328  -0.584235  -0.386289  1.000000  
197.455863 0.014238  0.000143  0.005226  0.376632  0.883406  0.278821  -0.724009  0.092949  0.683499  0.577892  -0.459297  0.674602  -0.017988  -0.001560  -0.016006  -0.129429  -0.620525  -0.404214  1.000000  
197.457112 0.014212  0.000141  0.005208  0.376946  0.883158  0.279182  -0.724978  0.093724  0.682366  0.576471  -0.459616  0.675599  -0.018214  -0.001457  -0.015801  -0.133513  -0.660602  -0.424641  1.000000  
197.458365 0.014187  0.000140  0.005190  0.377259  0.882945  0.279436  -0.725944  0.094583  0.681219  0.575049  -0.459851  0.676650  -0.018501  -0.001300  -0.015625  -0.146888  -0.698984  -0.443595  1.000000  
197.459612 0.014163  0.000139  0.005173  0.377641  0.882674  0.279775  -0.727044  0.095551  0.679910  0.573406  -0.460170  0.677827  -0.018706  -0.001161  -0.015344  -0.155127  -0.743232  -0.466667  1.000000  
197.460612 0.014143  0.000140  0.005159  0.377915  0.882489  0.279988  -0.727938  0.096354  0.678839  0.572090  -0.460357  0.678811  -0.018820  -0.001039  -0.015133  -0.167678  -0.777380  -0.482807  1.000000  
197.461863 0.014118  0.000139  0.005143  0.378258  0.882248  0.280286  -0.728966  0.097267  0.677605  0.570552  -0.460628  0.679920  -0.019005  -0.000983  -0.014928  -0.174418  -0.814565  -0.501443  1.000000  
197.462863 0.014098  0.000140  0.005129  0.378529  0.882063  0.280500  -0.729856  0.098071  0.676530  0.569233  -0.460811  0.680902  -0.019172  -0.000879  -0.014748  -0.187989  -0.853398  -0.520393  1.000000  
197.463866 0.014079  0.000140  0.005114  0.378648  0.881899  0.280854  -0.730822  0.098693  0.675395  0.567912  -0.460992  0.681881  -0.019361  -0.000876  -0.014667  -0.192445  -0.890616  -0.531617  1.000000  
197.465107 0.014055  0.000140  0.005095  0.379091  0.881608  0.281173  -0.732045  0.099852  0.673899  0.566039  -0.461300  0.683230  -0.019528  -0.000903  -0.014646  -0.203018  -0.940536  -0.552306  1.000000  
197.466357 0.014029  0.000138  0.005076  0.379462  0.881373  0.281407  -0.733131  0.100901  0.672561  0.564383  -0.461520  0.684450  -0.019797  -0.000964  -0.014581  -0.215335  -0.980886  -0.572410  1.000000  
197.467363 0.014007  0.000135  0.005063  0.379610  0.881148  0.281911  -0.734158  0.101496  0.671350  0.562946  -0.461818  0.685431  -0.019901  -0.000979  -0.014463  -0.217343  -1.025148  -0.587654  1.000000  
197.468622 0.013981  0.000132  0.005045  0.380011  0.880921  0.282082  -0.735305  0.102681  0.669913  0.561176  -0.461991  0.686765  -0.020036  -0.001022  -0.014377  -0.233798  -1.065509  -0.607547  1.000000  
197.469856 0.013954  0.000129  0.005028  0.380293  0.880686  0.282434  -0.736594  0.103739  0.668332  0.559291  -0.462202  0.688159  -0.020247  -0.001099  -0.014243  -0.240532  -1.111458  -0.618504  1.000000  
197.470859 0.013933  0.000126  0.005014  0.380621  0.880482  0.282629  -0.737602  0.104732  0.667065  0.557738  -0.462367  0.689308  -0.020351  -0.001151  -0.014165  -0.252899  -1.148084  -0.635874  1.000000  
197.471867 0.013912  0.000124  0.005000  0.380830  0.880271  0.283005  -0.738752  0.105599  0.665654  0.556071  -0.462571  0.690517  -0.020381  -0.001139  -0.014155  -0.259396  -1.197514  -0.653700  1.000000  
197.473109 0.013885  0.000121  0.004982  0.381171  0.879982  0.283443  -0.740163  0.106766  0.663898  0.553956  -0.462853  0.692026  -0.020493  -0.001255  -0.014110  -0.269904  -1.242624  -0.671010  1.000000  
197.474116 0.013864  0.000119  0.004968  0.381527  0.879785  0.283575  -0.741228  0.107893  0.662525  0.552284  -0.462965  0.693286  -0.020542  -0.001359  -0.014100  -0.284642  -1.286026  -0.691126  1.000000  
197.475366 0.013838  0.000117  0.004951  0.381863  0.879532  0.283908  -0.742632  0.109140  0.660747  0.550163  -0.463154  0.694845  -0.020668  -0.001552  -0.014123  -0.301441  -1.333612  -0.708487  1.000000  
197.476618 0.013812  0.000115  0.004932  0.382228  0.879252  0.284284  -0.744096  0.110440  0.658881  0.547926  -0.463377  0.696461  -0.020743  -0.001665  -0.014249  -0.318186  -1.382028  -0.733038  1.000000  
197.477866 0.013784  0.000112  0.004914  0.382590  0.879007  0.284554  -0.745555  0.111820  0.656996  0.545686  -0.463511  0.698129  -0.020950  -0.001906  -0.014221  -0.335152  -1.430094  -0.750242  1.000000  
197.478931 0.013762  0.000109  0.004900  0.382935  0.878813  0.284689  -0.746606  0.112945  0.655608  0.544003  -0.463607  0.699378  -0.021044  -0.002090  -0.014155  -0.351071  -1.460177  -0.763076  1.000000  
197.480113 0.013734  0.000105  0.004883  0.383323  0.878542  0.285004  -0.748121  0.114377  0.653630  0.541643  -0.463769  0.701100  -0.021411  -0.002340  -0.014167  -0.368776  -1.508596  -0.786570  1.000000  
197.481357 0.013704  0.000099  0.004865  0.383707  0.878272  0.285319  -0.749631  0.115809  0.651645  0.539279  -0.463925  0.702817  -0.021692  -0.002582  -0.014120  -0.386845  -1.551829  -0.802276  1.000000  
197.482607 0.013675  0.000093  0.004847  0.383900  0.878090  0.285620  -0.751150  0.117082  0.649665  0.537024  -0.463950  0.704525  -0.021846  -0.002757  -0.014138  -0.403018  -1.597587  -0.815206  1.000000  
197.483612 0.013651  0.000088  0.004832  0.384300  0.877842  0.285844  -0.752315  0.118314  0.648093  0.535104  -0.464107  0.705882  -0.022055  -0.002981  -0.014208  -0.415733  -1.630847  -0.829280  1.000000  
197.484856 0.013621  0.000081  0.004813  0.384517  0.877635  0.286189  -0.753889  0.119640  0.646017  0.532728  -0.464159  0.707642  -0.022242  -0.003218  -0.014325  -0.433149  -1.672374  -0.841105  1.000000  
197.485857 0.013597  0.000075  0.004797  0.384943  0.877430  0.286245  -0.755109  0.121081  0.644322  0.530688  -0.464173  0.709164  -0.022400  -0.003443  -0.014428  -0.454186  -1.699956  -0.860152  1.000000  
197.486857 0.013574  0.000069  0.004782  0.385211  0.877215  0.286541  -0.756404  0.122262  0.642577  0.528645  -0.464268  0.710626  -0.022518  -0.003651  -0.014509  -0.470950  -1.736832  -0.873740  1.000000  
197.487864 0.013550  0.000064  0.004766  0.385476  0.877037  0.286731  -0.757695  0.123520  0.640813  0.526599  -0.464273  0.712140  -0.022715  -0.003862  -0.014629  -0.483776  -1.766615  -0.884645  1.000000  
197.489107 0.013520  0.000057  0.004747  0.385896  0.876823  0.286819  -0.759295  0.125286  0.638573  0.523981  -0.464203  0.714115  -0.022937  -0.004114  -0.014711  -0.508963  -1.801003  -0.900532  1.000000  
197.490359 0.013491  0.000050  0.004728  0.386186  0.876574  0.287189  -0.761029  0.126847  0.636195  0.521243  -0.464249  0.716085  -0.023181  -0.004435  -0.014886  -0.526321  -1.841737  -0.911226  1.000000  
197.491360 0.013467  0.000045  0.004711  0.386408  0.876463  0.287232  -0.762244  0.128121  0.634483  0.519301  -0.464110  0.717585  -0.023327  -0.004722  -0.015006  -0.543224  -1.867973  -0.919414  1.000000  
197.492360 0.013442  0.000038  0.004696  0.386689  0.876261  0.287468  -0.763578  0.129428  0.632611  0.517126  -0.464128  0.719142  -0.023565  -0.004993  -0.015059  -0.560894  -1.902641  -0.930449  1.000000  
197.493361 0.013418  0.000031  0.004681  0.386779  0.876186  0.287578  -0.764926  0.130650  0.630729  0.515064  -0.463928  0.720750  -0.023744  -0.005310  -0.015103  -0.577573  -1.927621  -0.933460  1.000000  
197.494362 0.013392  0.000024  0.004666  0.387084  0.875994  0.287752  -0.766313  0.132084  0.628744  0.512768  -0.463884  0.722413  -0.023949  -0.005582  -0.015192  -0.594667  -1.961540  -0.946416  1.000000  
197.495611 0.013360  0.000016  0.004647  0.387442  0.875740  0.288042  -0.768201  0.133953  0.626039  0.509663  -0.463828  0.724643  -0.024168  -0.005807  -0.015267  -0.621189  -2.008525  -0.963952  1.000000  
197.496613 0.013335  0.000008  0.004633  0.387579  0.875614  0.288239  -0.769655  0.135278  0.623964  0.507359  -0.463681  0.726352  -0.024241  -0.005979  -0.015260  -0.642888  -2.045880  -0.971935  1.000000  
197.497858 0.013303  -0.000001  0.004614  0.387925  0.875400  0.288425  -0.771527  0.137215  0.621223  0.504243  -0.463515  0.728624  -0.024358  -0.006188  -0.015340  -0.663541  -2.085609  -0.983475  1.000000  
197.498860 0.013278  -0.000009  0.004599  0.388272  0.875194  0.288583  -0.773010  0.138826  0.619018  0.501699  -0.463424  0.730436  -0.024435  -0.006362  -0.015336  -0.688545  -2.120367  -1.003292  1.000000  
197.500106 0.013247  -0.000018  0.004580  0.388634  0.874922  0.288920  -0.774924  0.140736  0.616187  0.498454  -0.463362  0.732693  -0.024535  -0.006518  -0.015283  -0.712553  -2.174524  -1.024127  1.000000  
197.501107 0.013223  -0.000026  0.004565  0.388781  0.874812  0.289056  -0.776413  0.142180  0.613977  0.496016  -0.463129  0.734492  -0.024584  -0.006657  -0.015202  -0.727850  -2.199778  -1.027078  1.000000  
197.502357 0.013193  -0.000035  0.004547  0.389159  0.874553  0.289332  -0.778369  0.144213  0.611020  0.492644  -0.462991  0.736846  -0.024568  -0.006723  -0.015131  -0.750046  -2.245205  -1.038488  1.000000  
197.503357 0.013170  -0.000041  0.004533  0.389543  0.874334  0.289476  -0.779940  0.145996  0.608588  0.489847  -0.462845  0.738800  -0.024570  -0.006844  -0.015026  -0.775237  -2.280342  -1.057708  1.000000  
197.504607 0.013140  -0.000050  0.004515  0.389907  0.874115  0.289648  -0.781875  0.148093  0.605590  0.486460  -0.462592  0.741191  -0.024573  -0.007039  -0.014932  -0.801055  -2.326478  -1.075926  1.000000  
197.505857 0.013111  -0.000060  0.004498  0.390130  0.873972  0.289778  -0.783938  0.150207  0.602394  0.482949  -0.462180  0.743740  -0.024628  -0.007183  -0.014776  -0.827471  -2.376118  -1.088632  1.000000  
197.506857 0.013087  -0.000068  0.004483  0.390495  0.873796  0.289819  -0.785483  0.152051  0.599914  0.480135  -0.461911  0.745727  -0.024544  -0.007297  -0.014682  -0.849255  -2.411092  -1.099972  1.000000  
197.507866 0.013063  -0.000076  0.004469  0.390665  0.873644  0.290045  -0.787044  0.153583  0.597473  0.477433  -0.461690  0.747596  -0.024464  -0.007431  -0.014573  -0.866707  -2.437600  -1.106140  1.000000  
197.509110 0.013033  -0.000086  0.004452  0.391111  0.873398  0.290187  -0.789166  0.156025  0.594031  0.473549  -0.461338  0.750279  -0.024367  -0.007518  -0.014491  -0.900363  -2.501196  -1.130085  1.000000  
197.510113 0.013009  -0.000094  0.004438  0.391352  0.873240  0.290336  -0.790879  0.157858  0.591262  0.470482  -0.461012  0.752406  -0.024247  -0.007557  -0.014507  -0.919279  -2.537324  -1.138681  1.000000  
197.511360 0.012979  -0.000104  0.004420  0.391780  0.873000  0.290480  -0.792976  0.160287  0.587791  0.466581  -0.460628  0.755065  -0.024126  -0.007570  -0.014463  -0.952930  -2.591115  -1.162616  1.000000  
197.512360 0.012955  -0.000112  0.004406  0.392006  0.872814  0.290736  -0.794668  0.162038  0.585018  0.463502  -0.460369  0.757117  -0.024014  -0.007591  -0.014345  -0.970916  -2.633909  -1.178009  1.000000  
197.513608 0.012927  -0.000120  0.004390  0.392415  0.872616  0.290778  -0.796738  0.164523  0.581498  0.459585  -0.459862  0.759808  -0.023862  -0.007548  -0.014161  -1.002012  -2.681377  -1.192181  1.000000  
197.514857 0.012898  -0.000129  0.004374  0.392704  0.872331  0.291241  -0.798984  0.166791  0.577759  0.455420  -0.459585  0.762479  -0.023717  -0.007483  -0.014003  -1.024790  -2.747057  -1.215709  1.000000  
197.515858 0.012875  -0.000136  0.004362  0.392959  0.872136  0.291483  -0.800753  0.168706  0.574746  0.452082  -0.459258  0.764660  -0.023588  -0.007475  -0.013811  -1.047092  -2.790117  -1.230467  1.000000  
197.517107 0.012847  -0.000144  0.004347  0.393445  0.871877  0.291602  -0.802995  0.171458  0.570790  0.447661  -0.458729  0.767572  -0.023449  -0.007414  -0.013574  -1.078194  -2.845871  -1.250872  1.000000  
197.518360 0.012819  -0.000153  0.004332  0.393944  0.871631  0.291664  -0.805272  0.174324  0.566699  0.443109  -0.458116  0.770574  -0.023420  -0.007435  -0.013362  -1.113304  -2.913028  -1.277949  1.000000  
197.519607 0.012790  -0.000161  0.004317  0.394187  0.871471  0.291813  -0.807452  0.176766  0.562828  0.438906  -0.457484  0.773350  -0.023322  -0.007389  -0.013148  -1.140295  -2.965062  -1.295360  1.000000  
197.520609 0.012767  -0.000168  0.004306  0.394457  0.871378  0.291726  -0.809273  0.179034  0.559486  0.435295  -0.456779  0.775803  -0.023310  -0.007332  -0.013017  -1.166182  -3.006472  -1.304807  1.000000  
197.521857 0.012738  -0.000178  0.004291  0.394895  0.871208  0.291642  -0.811444  0.181879  0.555409  0.430833  -0.455979  0.778759  -0.023276  -0.007303  -0.012780  -1.208228  -3.069823  -1.335750  1.000000  
197.523107 0.012708  -0.000186  0.004277  0.395203  0.871062  0.291658  -0.813780  0.184709  0.551040  0.426118  -0.455118  0.781851  -0.023243  -0.007215  -0.012578  -1.247339  -3.133222  -1.358680  1.000000  
197.524112 0.012684  -0.000194  0.004266  0.395444  0.870911  0.291785  -0.815556  0.186813  0.547694  0.422484  -0.454549  0.784151  -0.023194  -0.007169  -0.012386  -1.265754  -3.180519  -1.373501  1.000000  
197.525364 0.012655  -0.000203  0.004252  0.395702  0.870767  0.291863  -0.817805  0.189497  0.543402  0.417870  -0.453713  0.787102  -0.023228  -0.007124  -0.012123  -1.302827  -3.233105  -1.391113  1.000000  
197.526364 0.012630  -0.000211  0.004241  0.396189  0.870550  0.291852  -0.819671  0.192112  0.539660  0.413733  -0.453030  0.789677  -0.023302  -0.007117  -0.011943  -1.330358  -3.282447  -1.418391  1.000000  
197.527615 0.012600  -0.000219  0.004227  0.396541  0.870356  0.291951  -0.822127  0.195174  0.534803  0.408488  -0.452092  0.792938  -0.023320  -0.007023  -0.011707  -1.371766  -3.354540  -1.446575  1.000000  
197.528859 0.012571  -0.000227  0.004214  0.397070  0.870102  0.291989  -0.824524  0.198452  0.529884  0.403107  -0.451153  0.796220  -0.023297  -0.006980  -0.011473  -1.408139  -3.418174  -1.472747  1.000000  
197.529861 0.012547  -0.000233  0.004203  0.397351  0.869974  0.291988  -0.826413  0.200915  0.525998  0.398940  -0.450309  0.798792  -0.023372  -0.006889  -0.011365  -1.446140  -3.472543  -1.491462  1.000000  
197.531106 0.012517  -0.000239  0.004190  0.397725  0.869757  0.292126  -0.828938  0.204154  0.520752  0.393289  -0.449270  0.802172  -0.023483  -0.006786  -0.011214  -1.481876  -3.546859  -1.522952  1.000000  
197.532107 0.012493  -0.000245  0.004179  0.398198  0.869545  0.292114  -0.830801  0.206878  0.516693  0.388856  -0.448434  0.804797  -0.023632  -0.006706  -0.011214  -1.519898  -3.603970  -1.549440  1.000000  
197.533107 0.012469  -0.000251  0.004167  0.398489  0.869414  0.292105  -0.832726  0.209473  0.512531  0.384413  -0.447481  0.807457  -0.023702  -0.006631  -0.011192  -1.551397  -3.656929  -1.564071  1.000000  
197.534357 0.012438  -0.000260  0.004155  0.398943  0.869189  0.292155  -0.835000  0.212671  0.507490  0.378972  -0.446409  0.810617  -0.023878  -0.006702  -0.011034  -1.586389  -3.719141  -1.589178  1.000000  
197.535360 0.012414  -0.000268  0.004144  0.399252  0.869054  0.292137  -0.836974  0.215406  0.503065  0.374262  -0.445361  0.813377  -0.023957  -0.006815  -0.010983  -1.616832  -3.772986  -1.610178  1.000000  
197.536608 0.012384  -0.000280  0.004133  0.399781  0.868819  0.292110  -0.839418  0.219018  0.497401  0.368174  -0.444054  0.816862  -0.024006  -0.006945  -0.010768  -1.658395  -3.850484  -1.648144  1.000000  
197.537857 0.012353  -0.000291  0.004121  0.400096  0.868628  0.292247  -0.841865  0.222314  0.491771  0.362196  -0.442789  0.820215  -0.024090  -0.007115  -0.010610  -1.698848  -3.928479  -1.673369  1.000000  
197.539107 0.012322  -0.000303  0.004110  0.400647  0.868369  0.292263  -0.844369  0.226098  0.485717  0.355702  -0.441379  0.823809  -0.024188  -0.007265  -0.010388  -1.741760  -4.006226  -1.704115  1.000000  
197.540359 0.012291  -0.000313  0.004098  0.401115  0.868122  0.292353  -0.846705  0.229578  0.479984  0.349567  -0.440065  0.827131  -0.024254  -0.007320  -0.010233  -1.778308  -4.080559  -1.733998  1.000000  
197.541380 0.012266  -0.000321  0.004089  0.401541  0.867945  0.292293  -0.848508  0.232452  0.475396  0.344673  -0.438904  0.829797  -0.024225  -0.007370  -0.010096  -1.814887  -4.129924  -1.758656  1.000000  
197.542611 0.012234  -0.000330  0.004076  0.401974  0.867713  0.292389  -0.850780  0.235889  0.469605  0.338511  -0.437528  0.833054  -0.024399  -0.007416  -0.010025  -1.855307  -4.199792  -1.784252  1.000000  
197.543612 0.012210  -0.000337  0.004066  0.402410  0.867532  0.292326  -0.852612  0.238889  0.464741  0.333344  -0.436257  0.835800  -0.024472  -0.007456  -0.009970  -1.888286  -4.254705  -1.810371  1.000000  
197.544861 0.012178  -0.000346  0.004054  0.402881  0.867321  0.292304  -0.854977  0.242658  0.458400  0.326650  -0.434594  0.839302  -0.024617  -0.007560  -0.009918  -1.940093  -4.330833  -1.838009  1.000000  
197.545886 0.012152  -0.000353  0.004044  0.403268  0.867212  0.292094  -0.856713  0.245618  0.453558  0.321587  -0.433146  0.842001  -0.024723  -0.007727  -0.009876  -1.975677  -4.375206  -1.857733  1.000000  
197.547114 0.012119  -0.000363  0.004033  0.403857  0.867025  0.291833  -0.858883  0.249512  0.447285  0.314992  -0.431290  0.845440  -0.024957  -0.007924  -0.009734  -2.026214  -4.437540  -1.889813  1.000000  
197.548357 0.012085  -0.000374  0.004021  0.404231  0.866922  0.291621  -0.861058  0.253143  0.441020  0.308508  -0.429377  0.848798  -0.025164  -0.008114  -0.009581  -2.062551  -4.489024  -1.899741  1.000000  
197.549607 0.012052  -0.000386  0.004010  0.404778  0.866681  0.291581  -0.863147  0.256866  0.434739  0.301882  -0.427650  0.852046  -0.025408  -0.008316  -0.009450  -2.102551  -4.554795  -1.934127  1.000000  
197.550607 0.012026  -0.000395  0.004001  0.405136  0.866547  0.291482  -0.864836  0.259835  0.429587  0.296520  -0.426125  0.854689  -0.025517  -0.008344  -0.009350  -2.127578  -4.604005  -1.953765  1.000000  
197.551864 0.011993  -0.000408  0.003991  0.405660  0.866295  0.291500  -0.866885  0.263553  0.423142  0.289740  -0.424349  0.857892  -0.025576  -0.008377  -0.009288  -2.160899  -4.673064  -1.982716  1.000000  
197.553107 0.011961  -0.000422  0.003981  0.405872  0.866274  0.291268  -0.868735  0.266704  0.417335  0.283844  -0.422419  0.860810  -0.025750  -0.008535  -0.009212  -2.182161  -4.700125  -1.985480  1.000000  
197.554357 0.011929  -0.000435  0.003973  0.406261  0.866146  0.291106  -0.870502  0.270006  0.411488  0.277809  -0.420580  0.863675  -0.025801  -0.008736  -0.009001  -2.214203  -4.740221  -2.004786  1.000000  
197.555607 0.011898  -0.000449  0.003965  0.406679  0.865954  0.291094  -0.872334  0.273432  0.405299  0.271376  -0.418758  0.866601  -0.025771  -0.008972  -0.008703  -2.235394  -4.782744  -2.017209  1.000000  
197.556615 0.011873  -0.000461  0.003960  0.406927  0.865828  0.291121  -0.873806  0.276081  0.400303  0.266221  -0.417277  0.868911  -0.025803  -0.009248  -0.008417  -2.256835  -4.813306  -2.028260  1.000000  
197.557863 0.011842  -0.000476  0.003955  0.407265  0.865721  0.290969  -0.875474  0.279303  0.394380  0.260154  -0.415353  0.871666  -0.025818  -0.009654  -0.007917  -2.269087  -4.827384  -2.023362  1.000000  
197.559113 0.011810  -0.000491  0.003951  0.407615  0.865608  0.290813  -0.877169  0.282644  0.388183  0.253818  -0.413321  0.874495  -0.025807  -0.010042  -0.007338  -2.297109  -4.855998  -2.036609  1.000000  
197.560116 0.011784  -0.000503  0.003948  0.407973  0.865489  0.290668  -0.878412  0.285304  0.383397  0.248897  -0.411742  0.876652  -0.025807  -0.010417  -0.006864  -2.311790  -4.862957  -2.040517  1.000000  
197.561363 0.011752  -0.000520  0.003947  0.408262  0.865365  0.290630  -0.879983  0.288398  0.377435  0.242802  -0.409841  0.879248  -0.025803  -0.010860  -0.006191  -2.320561  -4.870043  -2.033716  1.000000  
197.562365 0.011725  -0.000535  0.003946  0.408400  0.865337  0.290518  -0.881231  0.290788  0.372659  0.237996  -0.408207  0.881320  -0.025747  -0.011287  -0.005523  -2.332652  -4.875647  -2.029633  1.000000  
197.563385 0.011700  -0.000549  0.003947  0.408722  0.865196  0.290486  -0.882401  0.293343  0.367856  0.233055  -0.406676  0.883346  -0.025613  -0.011673  -0.004858  -2.335049  -4.882087  -2.026266  1.000000  
197.564614 0.011669  -0.000569  0.003950  0.408966  0.865091  0.290455  -0.883882  0.296364  0.361829  0.226935  -0.404704  0.885842  -0.025531  -0.012251  -0.003895  -2.345421  -4.897025  -2.023124  1.000000  
197.565615 0.011644  -0.000585  0.003954  0.409250  0.864947  0.290483  -0.884975  0.298786  0.357136  0.222111  -0.403228  0.887735  -0.025393  -0.012636  -0.003056  -2.347919  -4.892888  -2.021812  1.000000  
197.566865 0.011613  -0.000606  0.003960  0.409609  0.864825  0.290339  -0.886231  0.301746  0.351488  0.216367  -0.401281  0.890033  -0.025276  -0.013194  -0.001930  -2.343655  -4.869139  -2.013995  1.000000  
197.567869 0.011591  -0.000622  0.003966  0.409883  0.864738  0.290214  -0.887303  0.304263  0.346581  0.211400  -0.399565  0.891997  -0.025057  -0.013528  -0.000987  -2.351074  -4.866164  -2.005523  1.000000  
197.569112 0.011562  -0.000644  0.003975  0.410238  0.864582  0.290177  -0.888551  0.307271  0.340677  0.205381  -0.397596  0.894280  -0.024854  -0.014125  0.000167  -2.347752  -4.840824  -1.997090  1.000000  
197.570362 0.011536  -0.000666  0.003987  0.410394  0.864461  0.290318  -0.889851  0.310033  0.334730  0.199353  -0.395711  0.896477  -0.024529  -0.014697  0.001478  -2.344635  -4.829499  -1.981956  1.000000  
197.571612 0.011509  -0.000690  0.004000  0.410695  0.864362  0.290187  -0.890986  0.312891  0.329003  0.193581  -0.393673  0.898637  -0.024259  -0.015281  0.002664  -2.341409  -4.817127  -1.970614  1.000000  
197.572864 0.011482  -0.000716  0.004015  0.410991  0.864211  0.290215  -0.892113  0.315730  0.323185  0.187670  -0.391731  0.900737  -0.023956  -0.016071  0.004158  -2.337244  -4.794509  -1.953366  1.000000  
197.573874 0.011460  -0.000736  0.004028  0.411375  0.864035  0.290196  -0.892946  0.318189  0.318439  0.182806  -0.390127  0.902432  -0.023673  -0.016608  0.005227  -2.325418  -4.775858  -1.945068  1.000000  
197.575112 0.011433  -0.000762  0.004046  0.411634  0.863882  0.290285  -0.893993  0.320896  0.312735  0.177015  -0.388245  0.904396  -0.023398  -0.017261  0.006535  -2.307437  -4.745471  -1.928298  1.000000  
197.576115 0.011410  -0.000784  0.004062  0.411976  0.863757  0.290172  -0.894736  0.323221  0.308181  0.172404  -0.386591  0.905994  -0.023154  -0.017914  0.007801  -2.292692  -4.725839  -1.919383  1.000000  
197.577362 0.011381  -0.000813  0.004084  0.412403  0.863630  0.289942  -0.895663  0.326218  0.302275  0.166470  -0.384349  0.908055  -0.022923  -0.018548  0.009190  -2.284596  -4.695615  -1.902432  1.000000  
197.578366 0.011358  -0.000835  0.004102  0.412743  0.863434  0.290043  -0.896400  0.328561  0.297513  0.161586  -0.382791  0.909594  -0.022807  -0.019088  0.010386  -2.268319  -4.672973  -1.893321  1.000000  
197.579661 0.011329  -0.000865  0.004127  0.412949  0.863371  0.289936  -0.897334  0.331247  0.291664  0.155774  -0.380612  0.911520  -0.022546  -0.019733  0.011874  -2.257459  -4.637469  -1.875383  1.000000  
197.580858 0.011299  -0.000894  0.004153  0.413342  0.863169  0.289980  -0.898188  0.334139  0.285674  0.149691  -0.378538  0.913401  -0.022588  -0.020334  0.013179  -2.245992  -4.609316  -1.860240  1.000000  
197.581858 0.011276  -0.000918  0.004175  0.413638  0.862971  0.290146  -0.898832  0.336342  0.281024  0.144927  -0.377035  0.914790  -0.022499  -0.020807  0.014364  -2.230157  -4.597182  -1.853216  1.000000  
197.583106 0.011246  -0.000947  0.004205  0.413996  0.862763  0.290253  -0.899609  0.339107  0.275155  0.138967  -0.375027  0.916539  -0.022588  -0.021414  0.015827  -2.215272  -4.589507  -1.856103  1.000000  
197.584110 0.011223  -0.000971  0.004230  0.414449  0.862524  0.290319  -0.900105  0.341407  0.270653  0.134328  -0.373489  0.917857  -0.022637  -0.021800  0.016977  -2.202440  -4.574695  -1.856340  1.000000  
197.585356 0.011193  -0.001002  0.004262  0.414779  0.862326  0.290435  -0.900823  0.344126  0.264755  0.128359  -0.371446  0.919539  -0.022859  -0.022413  0.018339  -2.192032  -4.556632  -1.850939  1.000000  
197.586363 0.011169  -0.001028  0.004288  0.415033  0.862178  0.290511  -0.901374  0.346288  0.260017  0.123581  -0.369775  0.920866  -0.023031  -0.022861  0.019529  -2.182124  -4.541862  -1.839561  1.000000  
