1-Time 2-Px 3-Py 4-Pz 5-R11 6-R21 7-R31 8-R12 9-R22 10-R32 11-R13 12-R23 13-R33 14-Vx 15-Vy 16-Vz 17-Wx 18-Wy 19-Wz 20-state
110.695487 -0.002032  -0.008389  0.003938  0.586528  0.717954  0.374869  -0.783969  0.619502  0.040136  -0.203416  -0.317426  0.926209  0.003468  -0.002352  -0.006384  -0.231926  -0.140317  0.424281  1.000000  
110.696684 -0.002029  -0.008391  0.003930  0.586060  0.718408  0.374732  -0.784352  0.619029  0.039928  -0.203285  -0.317322  0.926273  0.003636  -0.001942  -0.007953  0.000000  0.000000  0.000000  1.000000  
110.697925 -0.002022  -0.008389  0.003918  0.585576  0.718926  0.374495  -0.784714  0.618600  0.039472  -0.203285  -0.316985  0.926388  0.004620  -0.000113  -0.008772  0.000000  0.000000  0.000000  1.000000  
110.699169 -0.002015  -0.008388  0.003907  0.584929  0.719526  0.374353  -0.785196  0.618017  0.039014  -0.203285  -0.316761  0.926465  0.004902  0.000424  -0.009001  0.000000  0.000000  0.000000  1.000000  
110.700418 -0.002010  -0.008388  0.003896  0.584299  0.720196  0.374049  -0.785699  0.617404  0.038580  -0.203154  -0.316432  0.926606  0.004696  0.000214  -0.008928  0.000000  0.000000  0.000000  1.000000  
110.701667 -0.002005  -0.008389  0.003885  0.583651  0.720795  0.373906  -0.786180  0.616820  0.038122  -0.203154  -0.316207  0.926683  0.004575  0.000092  -0.008885  0.000000  0.000000  0.000000  1.000000  
110.702917 -0.001999  -0.008388  0.003875  0.583166  0.721312  0.373667  -0.786541  0.616389  0.037667  -0.203154  -0.315870  0.926798  0.004600  0.000164  -0.008758  0.000000  0.000000  0.000000  1.000000  
110.703917 -0.001995  -0.008386  0.003865  0.582680  0.721783  0.373515  -0.786901  0.615952  0.037287  -0.203154  -0.315645  0.926875  0.004559  0.000328  -0.008887  -0.356484  -0.158653  0.564589  1.000000  
110.704918 -0.001991  -0.008386  0.003855  0.582372  0.722152  0.373281  -0.787162  0.615630  0.037084  -0.203023  -0.315429  0.926977  0.004418  0.000364  -0.008984  -0.353137  -0.141841  0.549439  1.000000  
110.705918 -0.001989  -0.008386  0.003845  0.582372  0.722243  0.373106  -0.787162  0.615639  0.036934  -0.203023  -0.315204  0.927053  0.004207  0.000311  -0.009060  -0.342362  -0.127959  0.495913  1.000000  
110.706919 -0.001985  -0.008385  0.003836  0.582226  0.722440  0.372952  -0.787304  0.615461  0.036882  -0.202892  -0.315101  0.927117  0.004186  0.000357  -0.009092  -0.326405  -0.111107  0.472655  1.000000  
110.707925 -0.001981  -0.008385  0.003826  0.582080  0.722637  0.372798  -0.787446  0.615283  0.036831  -0.202761  -0.314997  0.927181  0.004162  0.000319  -0.009143  -0.312886  -0.096951  0.452954  1.000000  
110.709201 -0.001976  -0.008385  0.003814  0.581756  0.722981  0.372638  -0.787685  0.614994  0.036528  -0.202761  -0.314772  0.927258  0.004136  0.000274  -0.009197  -0.307484  -0.097374  0.438451  1.000000  
110.710228 -0.001972  -0.008385  0.003803  0.581431  0.723279  0.372565  -0.787925  0.614701  0.036300  -0.202761  -0.314659  0.927296  0.004151  0.000276  -0.009298  -0.299837  -0.099403  0.433685  1.000000  
110.711445 -0.001964  -0.008382  0.003787  0.581253  0.723426  0.372559  -0.788023  0.614590  0.036049  -0.202892  -0.314538  0.927308  0.004364  0.000603  -0.009677  -0.287137  -0.103873  0.409683  1.000000  
110.712675 -0.001956  -0.008377  0.003773  0.581253  0.723516  0.372383  -0.788023  0.614599  0.035900  -0.202892  -0.314313  0.927384  0.004484  0.000818  -0.009870  -0.280643  -0.096321  0.380092  1.000000  
110.713925 -0.001949  -0.008372  0.003759  0.581091  0.723733  0.372215  -0.788142  0.614458  0.035674  -0.202892  -0.314088  0.927461  0.004468  0.001046  -0.010002  -0.277016  -0.093249  0.364551  1.000000  
110.714928 -0.001945  -0.008370  0.003750  0.581107  0.723848  0.371966  -0.788164  0.614433  0.035625  -0.202761  -0.313872  0.927563  0.004461  0.001191  -0.010055  -0.275163  -0.081783  0.347832  1.000000  
110.716168 -0.001940  -0.008366  0.003739  0.580945  0.724110  0.371710  -0.788284  0.614297  0.035325  -0.202761  -0.313534  0.927677  0.004468  0.001530  -0.010047  -0.278295  -0.079943  0.336108  1.000000  
110.717185 -0.001937  -0.008363  0.003728  0.580961  0.724225  0.371460  -0.788306  0.614272  0.035276  -0.202630  -0.313318  0.927778  0.004398  0.001680  -0.010218  -0.276402  -0.070248  0.322254  1.000000  
110.718419 -0.001932  -0.008359  0.003715  0.580798  0.724487  0.371204  -0.788425  0.614136  0.034976  -0.202630  -0.312980  0.927892  0.004340  0.001899  -0.010389  -0.279245  -0.069236  0.313187  1.000000  
110.719489 -0.001930  -0.008356  0.003704  0.580636  0.724703  0.371035  -0.788545  0.613995  0.034750  -0.202630  -0.312755  0.927968  0.004246  0.001978  -0.010394  -0.278589  -0.068800  0.307086  1.000000  
110.720490 -0.001927  -0.008354  0.003693  0.580474  0.724919  0.370867  -0.788664  0.613854  0.034525  -0.202630  -0.312530  0.928044  0.004192  0.002112  -0.010473  -0.278821  -0.068605  0.302413  1.000000  
110.721669 -0.001925  -0.008351  0.003681  0.580327  0.725160  0.370624  -0.788806  0.613679  0.034400  -0.202499  -0.312314  0.928146  0.004076  0.002282  -0.010529  -0.277131  -0.063092  0.297748  1.000000  
110.722981 -0.001923  -0.008347  0.003667  0.580165  0.725377  0.370455  -0.788925  0.613538  0.034175  -0.202499  -0.312089  0.928221  0.003870  0.002564  -0.010568  -0.274195  -0.062392  0.290406  1.000000  
110.724167 -0.001921  -0.008343  0.003653  0.579872  0.725724  0.370234  -0.789207  0.613177  0.034148  -0.202237  -0.311993  0.928311  0.003685  0.002856  -0.010772  -0.269966  -0.055446  0.294778  1.000000  
110.725176 -0.001919  -0.008339  0.003641  0.579710  0.725895  0.370153  -0.789327  0.613031  0.033997  -0.202237  -0.311881  0.928348  0.003530  0.003114  -0.010818  -0.266267  -0.055729  0.291177  1.000000  
110.726419 -0.001917  -0.008333  0.003627  0.579563  0.726046  0.370087  -0.789468  0.612848  0.034021  -0.202106  -0.311889  0.928374  0.003132  0.003290  -0.010702  -0.256609  -0.052679  0.280248  1.000000  
110.727445 -0.001918  -0.008330  0.003617  0.579401  0.726217  0.370006  -0.789587  0.612703  0.033871  -0.202106  -0.311777  0.928412  0.002573  0.003202  -0.010537  -0.251605  -0.048664  0.269478  1.000000  
110.728674 -0.001918  -0.008325  0.003605  0.579092  0.726538  0.369858  -0.789848  0.612374  0.033744  -0.201975  -0.311673  0.928475  0.002126  0.003226  -0.010426  -0.240783  -0.040023  0.258266  1.000000  
110.729676 -0.001920  -0.008321  0.003594  0.578766  0.726790  0.369872  -0.790086  0.612075  0.033592  -0.201975  -0.311673  0.928475  0.001689  0.003280  -0.010549  -0.231200  -0.042076  0.250402  1.000000  
110.730926 -0.001922  -0.008317  0.003582  0.578294  0.727238  0.369731  -0.790465  0.611596  0.033390  -0.201844  -0.311569  0.928539  0.001176  0.003330  -0.010643  -0.225698  -0.035600  0.245428  1.000000  
110.732170 -0.001923  -0.008311  0.003566  0.578000  0.727628  0.369422  -0.790747  0.611238  0.033290  -0.201582  -0.311360  0.928665  0.000878  0.003484  -0.010786  -0.218828  -0.022673  0.235531  1.000000  
110.733172 -0.001925  -0.008306  0.003555  0.577854  0.727824  0.369267  -0.790887  0.611058  0.033240  -0.201451  -0.311256  0.928729  0.000452  0.003567  -0.010827  -0.211933  -0.014032  0.224135  1.000000  
110.734419 -0.001928  -0.008301  0.003540  0.577381  0.728270  0.369126  -0.791266  0.610579  0.033038  -0.201320  -0.311152  0.928792  0.000100  0.003736  -0.010981  -0.203787  -0.013982  0.224184  1.000000  
110.735422 -0.001930  -0.008296  0.003530  0.577071  0.728591  0.368978  -0.791525  0.610250  0.032913  -0.201189  -0.311048  0.928855  -0.000163  0.003905  -0.010933  -0.206539  -0.014027  0.238435  1.000000  
110.736669 -0.001930  -0.008291  0.003518  0.576761  0.728911  0.368830  -0.791785  0.609920  0.032787  -0.201058  -0.310944  0.928919  -0.000361  0.004049  -0.010861  -0.203852  -0.016153  0.244892  1.000000  
110.737669 -0.001930  -0.008285  0.003508  0.576451  0.729232  0.368682  -0.792044  0.609590  0.032662  -0.200926  -0.310840  0.928982  -0.000499  0.004277  -0.010840  -0.205260  -0.018295  0.251375  1.000000  
110.738919 -0.001929  -0.008275  0.003495  0.576156  0.729576  0.368460  -0.792324  0.609226  0.032637  -0.200664  -0.310744  0.929070  -0.000545  0.004533  -0.010740  -0.199456  -0.009644  0.252118  1.000000  
110.739979 -0.001929  -0.008268  0.003485  0.575846  0.729896  0.368312  -0.792583  0.608896  0.032512  -0.200533  -0.310640  0.929134  -0.000649  0.004755  -0.010541  -0.201084  -0.005432  0.255636  1.000000  
110.741170 -0.001929  -0.008259  0.003473  0.575551  0.730195  0.368179  -0.792864  0.608528  0.032562  -0.200271  -0.310657  0.929184  -0.000761  0.005039  -0.010490  -0.196766  0.005163  0.264194  1.000000  
110.742172 -0.001929  -0.008253  0.003463  0.575240  0.730470  0.368120  -0.793122  0.608194  0.032511  -0.200140  -0.310666  0.929210  -0.000783  0.005200  -0.010496  -0.195473  0.005115  0.278365  1.000000  
110.743183 -0.001930  -0.008247  0.003453  0.575092  0.730620  0.368053  -0.793262  0.608010  0.032536  -0.200009  -0.310674  0.929235  -0.000750  0.005359  -0.010464  -0.188885  0.009451  0.282055  1.000000  
110.744231 -0.001930  -0.008242  0.003442  0.574781  0.730895  0.367994  -0.793521  0.607675  0.032485  -0.199878  -0.310683  0.929261  -0.000692  0.005418  -0.010534  -0.183165  0.009407  0.295796  1.000000  
110.745425 -0.001932  -0.008236  0.003426  0.574649  0.731068  0.367855  -0.793682  0.607458  0.032611  -0.199616  -0.310699  0.929311  -0.000712  0.005526  -0.010653  -0.171212  0.013737  0.297775  1.000000  
110.746428 -0.001933  -0.008230  0.003413  0.574502  0.731218  0.367789  -0.793822  0.607273  0.032636  -0.199484  -0.310708  0.929337  -0.000656  0.005676  -0.010832  -0.164410  0.011611  0.304199  1.000000  
110.747675 -0.001934  -0.008223  0.003397  0.574369  0.731436  0.367561  -0.793984  0.607059  0.032688  -0.199222  -0.310612  0.929425  -0.000637  0.005724  -0.010860  -0.156217  0.020207  0.307062  1.000000  
110.748941 -0.001933  -0.008215  0.003383  0.574237  0.731610  0.367422  -0.794145  0.606841  0.032814  -0.198960  -0.310629  0.929475  -0.000429  0.005881  -0.010916  -0.144211  0.028838  0.310490  1.000000  
110.750173 -0.001932  -0.008207  0.003370  0.574268  0.731703  0.367187  -0.794188  0.606778  0.032942  -0.198698  -0.310533  0.929564  -0.000200  0.006017  -0.010872  -0.137681  0.039303  0.304669  1.000000  
110.751176 -0.001932  -0.008201  0.003358  0.574284  0.731727  0.367114  -0.794210  0.606744  0.033042  -0.198567  -0.310542  0.929589  -0.000076  0.006166  -0.010924  -0.128882  0.045973  0.301351  1.000000  
110.752421 -0.001930  -0.008192  0.003345  0.574151  0.731946  0.366887  -0.794371  0.606530  0.033095  -0.198304  -0.310446  0.929677  0.000048  0.006301  -0.011035  -0.124773  0.050296  0.302834  1.000000  
110.753487 -0.001926  -0.008184  0.003335  0.574182  0.732039  0.366652  -0.794414  0.606467  0.033223  -0.198042  -0.310350  0.929765  0.000180  0.006323  -0.011011  -0.123046  0.056615  0.297144  1.000000  
110.754698 -0.001923  -0.008174  0.003322  0.574377  0.732007  0.366411  -0.794339  0.606555  0.033426  -0.197780  -0.310254  0.929853  0.000359  0.006366  -0.011114  -0.120407  0.065292  0.286162  1.000000  
110.755920 -0.001921  -0.008166  0.003308  0.574424  0.732124  0.366103  -0.794403  0.606458  0.033655  -0.197386  -0.310166  0.929965  0.000533  0.006287  -0.011139  -0.121780  0.078209  0.276467  1.000000  
110.756923 -0.001920  -0.008160  0.003298  0.574618  0.732048  0.365950  -0.794328  0.606541  0.033932  -0.197124  -0.310183  0.930016  0.000615  0.006288  -0.011138  -0.114909  0.091060  0.266465  1.000000  
110.757944 -0.001920  -0.008154  0.003289  0.574828  0.732041  0.365636  -0.794273  0.606595  0.034237  -0.196730  -0.310095  0.930128  0.000644  0.006288  -0.011132  -0.114718  0.110245  0.251273  1.000000  
110.758988 -0.001920  -0.008149  0.003278  0.574859  0.732134  0.365401  -0.794316  0.606532  0.034365  -0.196468  -0.309999  0.930216  0.000675  0.006314  -0.011050  -0.113077  0.116457  0.245784  1.000000  
110.760170 -0.001921  -0.008142  0.003266  0.575068  0.732082  0.365175  -0.794261  0.606582  0.034742  -0.196074  -0.310024  0.930290  0.000686  0.006328  -0.010888  -0.104243  0.130667  0.228085  1.000000  
110.761176 -0.001923  -0.008138  0.003256  0.575278  0.732074  0.364860  -0.794207  0.606636  0.035046  -0.195681  -0.309936  0.930403  0.000655  0.006258  -0.010631  -0.100933  0.146753  0.213520  1.000000  
110.762423 -0.001925  -0.008131  0.003244  0.575488  0.732022  0.364634  -0.794152  0.606686  0.035424  -0.195287  -0.309960  0.930477  0.000611  0.006189  -0.010354  -0.092687  0.161729  0.197055  1.000000  
110.763673 -0.001926  -0.008125  0.003233  0.575697  0.732014  0.364318  -0.794097  0.606741  0.035728  -0.194893  -0.309872  0.930589  0.000482  0.006103  -0.010151  -0.087235  0.179018  0.174300  1.000000  
110.764675 -0.001927  -0.008120  0.003225  0.575922  0.731987  0.364018  -0.794062  0.606757  0.036206  -0.194369  -0.309905  0.930688  0.000407  0.006037  -0.009981  -0.078943  0.198117  0.159125  1.000000  
110.765919 -0.001928  -0.008113  0.003213  0.576310  0.731879  0.363622  -0.793909  0.606929  0.036685  -0.193844  -0.309825  0.930824  0.000213  0.005957  -0.009892  -0.068805  0.217741  0.136510  1.000000  
110.766919 -0.001930  -0.008106  0.003204  0.576534  0.731851  0.363322  -0.793874  0.606945  0.037163  -0.193318  -0.309858  0.930922  0.000000  0.005940  -0.009804  -0.061187  0.234548  0.121187  1.000000  
110.768169 -0.001931  -0.008099  0.003192  0.576758  0.731868  0.362933  -0.793839  0.606966  0.037567  -0.192793  -0.309777  0.931058  -0.000284  0.005808  -0.009746  -0.057089  0.253806  0.106124  1.000000  
110.769170 -0.001932  -0.008095  0.003182  0.576982  0.731840  0.362632  -0.793804  0.606983  0.038045  -0.192268  -0.309810  0.931156  -0.000525  0.005625  -0.009688  -0.052610  0.271017  0.090409  1.000000  
110.770437 -0.001935  -0.008088  0.003173  0.577221  0.731881  0.362169  -0.793789  0.606970  0.038550  -0.191612  -0.309738  0.931315  -0.000918  0.005358  -0.009380  -0.048530  0.289881  0.075380  1.000000  
110.771669 -0.001938  -0.008083  0.003163  0.577490  0.732014  0.361470  -0.793815  0.606896  0.039183  -0.190692  -0.309568  0.931560  -0.001164  0.005237  -0.009156  -0.053063  0.320189  0.063788  1.000000  
110.772732 -0.001942  -0.008079  0.003157  0.577728  0.732055  0.361006  -0.793799  0.606884  0.039688  -0.190035  -0.309495  0.931718  -0.001432  0.005110  -0.008897  -0.052976  0.342859  0.050008  1.000000  
110.773925 -0.001945  -0.008072  0.003149  0.578159  0.732020  0.360387  -0.793705  0.606956  0.040468  -0.189116  -0.309438  0.931924  -0.001674  0.005153  -0.008693  -0.052832  0.373305  0.039054  1.000000  
110.774944 -0.001948  -0.008067  0.003142  0.578397  0.732060  0.359923  -0.793688  0.606944  0.040973  -0.188459  -0.309365  0.932082  -0.001826  0.005071  -0.008368  -0.053208  0.398890  0.025616  1.000000  
110.776176 -0.001954  -0.008062  0.003136  0.578664  0.732149  0.359312  -0.793711  0.606866  0.041678  -0.187539  -0.309307  0.932286  -0.002054  0.005051  -0.007971  -0.054704  0.424797  0.019821  1.000000  
110.777367 -0.001957  -0.008057  0.003131  0.578916  0.732171  0.358862  -0.793713  0.606816  0.042357  -0.186750  -0.309355  0.932429  -0.002133  0.004963  -0.007615  -0.047697  0.447505  0.013913  1.000000  
110.778426 -0.001961  -0.008051  0.003124  0.579168  0.732236  0.358323  -0.793715  0.606771  0.042962  -0.185962  -0.309289  0.932609  -0.002350  0.005028  -0.007381  -0.050813  0.469556  0.013201  1.000000  
110.779679 -0.001963  -0.008044  0.003117  0.579434  0.732325  0.357710  -0.793736  0.606693  0.043668  -0.185041  -0.309230  0.932811  -0.002437  0.005052  -0.007152  -0.048234  0.495147  0.007341  1.000000  
110.780925 -0.001966  -0.008036  0.003110  0.579862  0.732289  0.357088  -0.793637  0.606766  0.044447  -0.184121  -0.309171  0.933013  -0.002512  0.005056  -0.006819  -0.049765  0.520901  0.001505  1.000000  
110.782170 -0.001968  -0.008029  0.003102  0.580305  0.732235  0.356480  -0.793556  0.606801  0.045400  -0.183069  -0.309233  0.933199  -0.002572  0.005046  -0.006541  -0.041837  0.552937  -0.009367  1.000000  
110.783176 -0.001970  -0.008024  0.003097  0.580569  0.732324  0.355866  -0.793575  0.606723  0.046106  -0.182148  -0.309174  0.933399  -0.002584  0.004979  -0.006255  -0.040355  0.576928  -0.007337  1.000000  
110.784419 -0.001971  -0.008018  0.003091  0.581011  0.732313  0.355168  -0.793493  0.606763  0.046985  -0.181095  -0.309122  0.933621  -0.002564  0.004985  -0.005939  -0.039485  0.604756  -0.006843  1.000000  
110.785419 -0.001973  -0.008014  0.003087  0.581260  0.732335  0.354715  -0.793490  0.606714  0.047662  -0.180306  -0.309167  0.933759  -0.002557  0.004966  -0.005687  -0.037931  0.618277  -0.007567  1.000000  
110.786683 -0.001975  -0.008009  0.003082  0.581715  0.732348  0.353942  -0.793425  0.606721  0.048642  -0.179121  -0.309122  0.934002  -0.002435  0.004972  -0.005363  -0.037092  0.650911  -0.005675  1.000000  
110.787919 -0.001976  -0.008003  0.003078  0.582168  0.732404  0.353079  -0.793359  0.606734  0.049547  -0.177936  -0.308963  0.934281  -0.002272  0.004946  -0.005159  -0.039755  0.673810  -0.003746  1.000000  
110.788984 -0.001977  -0.007998  0.003073  0.582608  0.732393  0.352377  -0.793272  0.606775  0.050425  -0.176883  -0.308909  0.934499  -0.002084  0.004967  -0.005027  -0.037322  0.703255  -0.008223  1.000000  
110.790169 -0.001977  -0.007992  0.003070  0.583074  0.732430  0.351527  -0.793222  0.606750  0.051504  -0.175566  -0.308870  0.934760  -0.001871  0.004933  -0.004784  -0.040271  0.734686  -0.004865  1.000000  
110.791175 -0.001977  -0.007986  0.003067  0.583511  0.732419  0.350824  -0.793133  0.606792  0.052381  -0.174512  -0.308815  0.934975  -0.001554  0.005026  -0.004564  -0.039174  0.757983  -0.004366  1.000000  
110.792232 -0.001976  -0.007981  0.003064  0.583948  0.732407  0.350120  -0.793043  0.606833  0.053258  -0.173458  -0.308760  0.935190  -0.001328  0.005126  -0.004482  -0.042393  0.786162  -0.003850  1.000000  
110.793423 -0.001975  -0.007974  0.003062  0.584575  0.732362  0.349167  -0.792868  0.606966  0.054334  -0.172140  -0.308606  0.935484  -0.000924  0.005150  -0.004148  -0.044238  0.821994  -0.007051  1.000000  
110.794424 -0.001973  -0.007967  0.003059  0.585011  0.732351  0.348461  -0.792775  0.607009  0.055210  -0.171085  -0.308550  0.935696  -0.000703  0.005221  -0.003976  -0.046857  0.838550  -0.006468  1.000000  
110.795427 -0.001973  -0.007962  0.003059  0.585459  0.732364  0.347680  -0.792699  0.607018  0.056187  -0.169899  -0.308501  0.935928  -0.000481  0.005153  -0.003582  -0.047471  0.866654  0.000405  1.000000  
110.796429 -0.001972  -0.007956  0.003058  0.586083  0.732276  0.346812  -0.792520  0.607145  0.057335  -0.168580  -0.308458  0.936181  -0.000332  0.005163  -0.003277  -0.049292  0.896481  -0.004130  1.000000  
110.797674 -0.001971  -0.007951  0.003057  0.586719  0.732213  0.345867  -0.792356  0.607240  0.058583  -0.167129  -0.308422  0.936453  -0.000140  0.005065  -0.002794  -0.047095  0.930807  -0.007321  1.000000  
110.798920 -0.001970  -0.007946  0.003057  0.587531  0.732050  0.344834  -0.792087  0.607452  0.060002  -0.165546  -0.308391  0.936744  0.000076  0.004989  -0.002449  -0.047496  0.965707  -0.015428  1.000000  
110.799921 -0.001969  -0.007943  0.003057  0.587975  0.732063  0.344048  -0.792005  0.607462  0.060976  -0.164358  -0.308340  0.936970  0.000239  0.004925  -0.002199  -0.046587  0.989907  -0.015011  1.000000  
110.800922 -0.001969  -0.007939  0.003056  0.588582  0.731951  0.343249  -0.791800  0.607624  0.062020  -0.163170  -0.308288  0.937195  0.000391  0.004924  -0.001966  -0.044746  1.013087  -0.023986  1.000000  
110.801924 -0.001968  -0.007936  0.003055  0.589188  0.731838  0.342448  -0.791593  0.607786  0.063064  -0.161982  -0.308235  0.937418  0.000506  0.004816  -0.001723  -0.042578  1.033379  -0.031426  1.000000  
110.802934 -0.001967  -0.007933  0.003055  0.589806  0.731751  0.341570  -0.791402  0.607915  0.064207  -0.160662  -0.308189  0.937661  0.000602  0.004686  -0.001464  -0.040554  1.055310  -0.038930  1.000000  
110.804170 -0.001966  -0.007929  0.003054  0.590598  0.731604  0.340514  -0.791105  0.608169  0.065447  -0.159209  -0.308035  0.937959  0.000729  0.004533  -0.001157  -0.041190  1.081598  -0.049879  1.000000  
110.805171 -0.001965  -0.007925  0.003055  0.591213  0.731516  0.339633  -0.790910  0.608299  0.066589  -0.157888  -0.307987  0.938198  0.000798  0.004442  -0.000951  -0.039059  1.103327  -0.055752  1.000000  
110.806419 -0.001964  -0.007921  0.003055  0.592028  0.731418  0.338423  -0.790641  0.608489  0.068027  -0.156170  -0.307845  0.938532  0.000876  0.004273  -0.000667  -0.040098  1.135146  -0.066922  1.000000  
110.807421 -0.001963  -0.007918  0.003057  0.592641  0.731330  0.337539  -0.790442  0.608619  0.069167  -0.154848  -0.307796  0.938767  0.000859  0.004090  -0.000434  -0.038563  1.162069  -0.076449  1.000000  
110.808483 -0.001962  -0.007914  0.003059  0.593253  0.731283  0.336564  -0.790241  0.608759  0.070233  -0.153526  -0.307632  0.939038  0.000885  0.003944  -0.000149  -0.044730  1.180623  -0.083792  1.000000  
110.809671 -0.001962  -0.007910  0.003062  0.594063  0.731185  0.335347  -0.789964  0.608950  0.071668  -0.151807  -0.307487  0.939365  0.000775  0.003730  0.000158  -0.045574  1.213825  -0.091708  1.000000  
110.810675 -0.001962  -0.007908  0.003065  0.594685  0.731121  0.334382  -0.789775  0.609049  0.072905  -0.150353  -0.307442  0.939613  0.000661  0.003450  0.000452  -0.044913  1.241083  -0.089972  1.000000  
110.811675 -0.001962  -0.007907  0.003068  0.595293  0.731074  0.333403  -0.789567  0.609190  0.073968  -0.149030  -0.307277  0.939878  0.000622  0.003211  0.000714  -0.051707  1.264066  -0.101103  1.000000  
110.812926 -0.001964  -0.007905  0.003072  0.596110  0.730959  0.332192  -0.789298  0.609342  0.075574  -0.147177  -0.307249  0.940179  0.000470  0.002967  0.000976  -0.050193  1.289966  -0.107338  1.000000  
110.814175 -0.001966  -0.007904  0.003075  0.596925  0.730884  0.330890  -0.789025  0.609503  0.077104  -0.145324  -0.307106  0.940514  0.000252  0.002729  0.001264  -0.052742  1.319617  -0.112212  1.000000  
110.815176 -0.001968  -0.007903  0.003078  0.597541  0.730821  0.329918  -0.788826  0.609603  0.078338  -0.143868  -0.307058  0.940754  0.000092  0.002578  0.001454  -0.055163  1.345244  -0.118335  1.000000  
110.816420 -0.001970  -0.007902  0.003082  0.598190  0.730872  0.328627  -0.788670  0.609616  0.079798  -0.142014  -0.306913  0.941083  -0.000073  0.002375  0.001763  -0.058986  1.369680  -0.118259  1.000000  
110.817437 -0.001971  -0.007901  0.003085  0.598803  0.730808  0.327651  -0.788466  0.609717  0.081030  -0.140557  -0.306863  0.941318  -0.000201  0.002241  0.002017  -0.058472  1.387507  -0.119283  1.000000  
110.818671 -0.001972  -0.007900  0.003089  0.599621  0.730758  0.326263  -0.788196  0.609849  0.082656  -0.138569  -0.306721  0.941658  -0.000392  0.001999  0.002384  -0.060851  1.413536  -0.122129  1.000000  
110.819733 -0.001974  -0.007899  0.003093  0.600231  0.730694  0.325283  -0.787987  0.609951  0.083886  -0.137112  -0.306670  0.941889  -0.000590  0.001808  0.002646  -0.056782  1.426855  -0.128189  1.000000  
110.820920 -0.001977  -0.007899  0.003099  0.601218  0.730543  0.323796  -0.787600  0.610201  0.085676  -0.134991  -0.306531  0.942240  -0.000872  0.001577  0.002960  -0.058722  1.461188  -0.139891  1.000000  
110.821985 -0.001977  -0.007897  0.003102  0.601836  0.730504  0.322735  -0.787400  0.610272  0.087004  -0.133400  -0.306484  0.942482  -0.000993  0.001438  0.003054  -0.058432  1.480083  -0.141049  1.000000  
110.823238 -0.001980  -0.007897  0.003106  0.602645  0.730453  0.321336  -0.787115  0.610406  0.088624  -0.131411  -0.306337  0.942809  -0.001229  0.001161  0.003228  -0.058247  1.500280  -0.140749  1.000000  
110.824420 -0.001982  -0.007897  0.003111  0.603453  0.730363  0.320023  -0.786826  0.610531  0.090316  -0.129421  -0.306304  0.943095  -0.001367  0.000983  0.003356  -0.056755  1.525283  -0.143416  1.000000  
110.825669 -0.001985  -0.007897  0.003115  0.604268  0.730337  0.318541  -0.786547  0.610634  0.092032  -0.127298  -0.306160  0.943431  -0.001524  0.000762  0.003365  -0.060921  1.544352  -0.144762  1.000000  
110.826727 -0.001988  -0.007897  0.003119  0.604888  0.730361  0.317306  -0.786348  0.610686  0.093382  -0.125572  -0.305999  0.943714  -0.001699  0.000611  0.003439  -0.062351  1.558533  -0.144821  1.000000  
110.827926 -0.001992  -0.007898  0.003124  0.605859  0.730171  0.315888  -0.785936  0.610930  0.095234  -0.123448  -0.305966  0.944005  -0.001861  0.000451  0.003482  -0.061584  1.587068  -0.151473  1.000000  
110.829176 -0.001995  -0.007899  0.003130  0.606657  0.730119  0.314474  -0.785631  0.611068  0.096846  -0.121456  -0.305813  0.944313  -0.001954  0.000347  0.003664  -0.066753  1.603858  -0.146303  1.000000  
110.830180 -0.001998  -0.007898  0.003136  0.607422  0.729954  0.313378  -0.785284  0.611293  0.098230  -0.119862  -0.305758  0.944534  -0.002063  0.000260  0.003894  -0.066797  1.622010  -0.149240  1.000000  
110.831429 -0.002002  -0.007898  0.003143  0.608224  0.729927  0.311881  -0.784985  0.611401  0.099939  -0.117737  -0.305607  0.944850  -0.002136  0.000202  0.004049  -0.070394  1.640365  -0.145213  1.000000  
110.832669 -0.002005  -0.007898  0.003150  0.609176  0.729749  0.310438  -0.784544  0.611692  0.101609  -0.115743  -0.305450  0.945147  -0.002291  0.000137  0.004289  -0.073747  1.658242  -0.154546  1.000000  
110.833672 -0.002009  -0.007898  0.003157  0.609944  0.729609  0.309257  -0.784199  0.611886  0.103088  -0.114016  -0.305397  0.945375  -0.002430  0.000117  0.004462  -0.071230  1.672587  -0.154540  1.000000  
110.834919 -0.002012  -0.007897  0.003164  0.610900  0.729455  0.307729  -0.783762  0.612146  0.104854  -0.111889  -0.305242  0.945679  -0.002566  0.000129  0.004668  -0.074141  1.692214  -0.158721  1.000000  
110.835984 -0.002016  -0.007897  0.003170  0.611664  0.729315  0.306542  -0.783411  0.612341  0.106330  -0.110160  -0.305186  0.945900  -0.002655  0.000106  0.004748  -0.075558  1.703007  -0.158294  1.000000  
110.837167 -0.002021  -0.007896  0.003177  0.612452  0.729287  0.305030  -0.783091  0.612453  0.108029  -0.108032  -0.305029  0.946196  -0.002917  0.000114  0.004976  -0.075432  1.716454  -0.157519  1.000000  
110.838170 -0.002025  -0.007896  0.003183  0.613221  0.729171  0.303759  -0.782744  0.612617  0.109602  -0.106169  -0.304975  0.946424  -0.003034  0.000079  0.005143  -0.075771  1.738765  -0.159118  1.000000  
110.839176 -0.002030  -0.007896  0.003189  0.613987  0.729056  0.302485  -0.782394  0.612781  0.111172  -0.104307  -0.304921  0.946648  -0.003268  0.000035  0.005258  -0.073409  1.753663  -0.159173  1.000000  
110.840419 -0.002037  -0.007896  0.003197  0.615090  0.728775  0.300918  -0.781809  0.613195  0.112990  -0.102177  -0.304759  0.946933  -0.003487  0.000072  0.005539  -0.071404  1.771228  -0.169623  1.000000  
110.841480 -0.002043  -0.007896  0.003203  0.615842  0.728671  0.299628  -0.781440  0.613407  0.114382  -0.100447  -0.304583  0.947174  -0.003718  0.000062  0.005692  -0.073098  1.782519  -0.171285  1.000000  
110.842704 -0.002050  -0.007897  0.003212  0.616778  0.728479  0.298165  -0.780973  0.613659  0.116208  -0.098317  -0.304533  0.947414  -0.003977  0.000087  0.005938  -0.073755  1.795030  -0.175604  1.000000  
110.843988 -0.002058  -0.007896  0.003222  0.617872  0.728198  0.296586  -0.780374  0.614076  0.118017  -0.096186  -0.304367  0.947686  -0.004276  0.000164  0.006176  -0.073434  1.805453  -0.186256  1.000000  
110.845178 -0.002066  -0.007895  0.003232  0.618793  0.727981  0.295194  -0.779887  0.614361  0.119738  -0.094188  -0.304311  0.947905  -0.004549  0.000194  0.006377  -0.069283  1.817491  -0.198800  1.000000  
110.846430 -0.002075  -0.007895  0.003242  0.619888  0.727723  0.293527  -0.779288  0.614747  0.121641  -0.091924  -0.304145  0.948180  -0.004966  0.000246  0.006659  -0.073289  1.834442  -0.208218  1.000000  
110.847674 -0.002085  -0.007895  0.003254  0.620979  0.727430  0.291943  -0.778683  0.615120  0.123615  -0.089658  -0.304093  0.948414  -0.005365  0.000221  0.006942  -0.069233  1.852204  -0.217740  1.000000  
110.848937 -0.002094  -0.007894  0.003265  0.622219  0.727020  0.290320  -0.777935  0.615690  0.125472  -0.087526  -0.303921  0.948668  -0.005703  0.000270  0.007116  -0.072488  1.866118  -0.234990  1.000000  
110.850170 -0.002104  -0.007892  0.003277  0.623302  0.726727  0.288726  -0.777319  0.616063  0.127440  -0.085260  -0.303866  0.948892  -0.006061  0.000356  0.007465  -0.067135  1.879177  -0.246297  1.000000  
110.851419 -0.002116  -0.007891  0.003290  0.624535  0.726315  0.287093  -0.776561  0.616634  0.129289  -0.083127  -0.303691  0.949137  -0.006527  0.000354  0.007808  -0.068199  1.894530  -0.265425  1.000000  
110.852490 -0.002126  -0.007891  0.003300  0.625430  0.726072  0.285756  -0.776037  0.616955  0.130894  -0.081260  -0.303623  0.949321  -0.006919  0.000309  0.008106  -0.068000  1.896793  -0.276640  1.000000  
110.853698 -0.002139  -0.007891  0.003314  0.626496  0.725752  0.284229  -0.775398  0.617361  0.132753  -0.079126  -0.303560  0.949521  -0.007453  0.000343  0.008589  -0.064320  1.907838  -0.289259  1.000000  
110.854919 -0.002153  -0.007891  0.003329  0.627565  0.725492  0.282529  -0.774761  0.617753  0.134633  -0.076858  -0.303383  0.949764  -0.007902  0.000360  0.009040  -0.068063  1.917158  -0.293493  1.000000  
110.856169 -0.002167  -0.007891  0.003343  0.628790  0.725071  0.280885  -0.773990  0.618279  0.136642  -0.074590  -0.303321  0.949965  -0.008427  0.000314  0.009455  -0.063876  1.928061  -0.312225  1.000000  
110.857169 -0.002178  -0.007891  0.003355  0.629679  0.724852  0.279452  -0.773456  0.618570  0.138334  -0.072589  -0.303250  0.950142  -0.008788  0.000364  0.009802  -0.064214  1.941694  -0.323051  1.000000  
110.858419 -0.002193  -0.007890  0.003369  0.630743  0.724617  0.277658  -0.772811  0.618933  0.140302  -0.070187  -0.303072  0.950380  -0.009207  0.000424  0.010119  -0.065573  1.951341  -0.327337  1.000000  
110.859422 -0.002205  -0.007889  0.003382  0.631626  0.724398  0.276218  -0.772269  0.619225  0.141989  -0.068184  -0.302999  0.950549  -0.009569  0.000427  0.010471  -0.065897  1.967783  -0.336562  1.000000  
110.860673 -0.002220  -0.007889  0.003398  0.632835  0.723975  0.274554  -0.771476  0.619753  0.143984  -0.065915  -0.302930  0.950731  -0.010025  0.000409  0.010773  -0.061925  1.982548  -0.353895  1.000000  
110.861677 -0.002232  -0.007889  0.003410  0.633706  0.723730  0.273187  -0.770918  0.620077  0.145567  -0.064046  -0.302851  0.950883  -0.010388  0.000436  0.011028  -0.060262  1.990090  -0.360049  1.000000  
110.862925 -0.002249  -0.007889  0.003426  0.634913  0.723333  0.271432  -0.770121  0.620574  0.147652  -0.061642  -0.302782  0.951064  -0.010873  0.000372  0.011364  -0.061163  2.007958  -0.369626  1.000000  
110.864173 -0.002266  -0.007888  0.003442  0.636115  0.722935  0.269672  -0.769317  0.621072  0.149733  -0.059238  -0.302711  0.951240  -0.011356  0.000308  0.011697  -0.058139  2.015865  -0.381833  1.000000  
110.865419 -0.002283  -0.007888  0.003459  0.637307  0.722512  0.267987  -0.768502  0.621602  0.151712  -0.056967  -0.302635  0.951402  -0.011695  0.000291  0.011982  -0.057883  2.022664  -0.393217  1.000000  
110.866419 -0.002297  -0.007888  0.003473  0.638165  0.722234  0.266691  -0.767926  0.621909  0.153359  -0.055097  -0.302667  0.951502  -0.012127  0.000224  0.012313  -0.050463  2.031153  -0.405289  1.000000  
110.867484 -0.002313  -0.007889  0.003489  0.639178  0.721860  0.265273  -0.767215  0.622384  0.154982  -0.053227  -0.302583  0.951636  -0.012461  0.000146  0.012569  -0.052245  2.036986  -0.417436  1.000000  
110.868734 -0.002332  -0.007890  0.003507  0.640363  0.721462  0.263493  -0.766389  0.622883  0.157047  -0.050822  -0.302505  0.951792  -0.012867  0.000077  0.012869  -0.049488  2.045441  -0.429736  1.000000  
110.869919 -0.002352  -0.007890  0.003525  0.641548  0.721057  0.261712  -0.765562  0.623333  0.159281  -0.048283  -0.302543  0.951912  -0.013242  0.000100  0.013116  -0.042330  2.058438  -0.433790  1.000000  
110.870983 -0.002368  -0.007890  0.003541  0.642554  0.720709  0.260198  -0.764842  0.623778  0.160992  -0.046278  -0.302457  0.952039  -0.013537  0.000116  0.013328  -0.044342  2.073054  -0.445680  1.000000  
110.872197 -0.002388  -0.007890  0.003560  0.643725  0.720279  0.258489  -0.763998  0.624259  0.163120  -0.043872  -0.302489  0.952143  -0.013988  0.000047  0.013667  -0.036603  2.092433  -0.454854  1.000000  
110.873419 -0.002408  -0.007890  0.003579  0.644899  0.719901  0.256609  -0.763156  0.624678  0.165439  -0.041198  -0.302524  0.952251  -0.014309  0.000035  0.013943  -0.034653  2.102909  -0.456659  1.000000  
110.874482 -0.002424  -0.007890  0.003594  0.645737  0.719650  0.255203  -0.762554  0.624955  0.167161  -0.039193  -0.302548  0.952328  -0.014622  -0.000013  0.014143  -0.028912  2.116437  -0.459997  1.000000  
110.875671 -0.002445  -0.007889  0.003614  0.647051  0.719091  0.253442  -0.761559  0.625584  0.169329  -0.036786  -0.302576  0.952415  -0.015014  0.000029  0.014446  -0.025576  2.130594  -0.470161  1.000000  
110.876804 -0.002463  -0.007890  0.003630  0.647875  0.718788  0.252194  -0.760940  0.625923  0.170852  -0.035048  -0.302595  0.952475  -0.015269  -0.000082  0.014562  -0.024260  2.119664  -0.471129  1.000000  
110.877938 -0.002486  -0.007890  0.003651  0.649183  0.718256  0.250339  -0.759937  0.626521  0.173108  -0.032507  -0.302621  0.952556  -0.015811  -0.000088  0.015013  -0.017937  2.144971  -0.482438  1.000000  
110.879180 -0.002508  -0.007890  0.003672  0.650480  0.717641  0.248731  -0.758921  0.627160  0.175241  -0.030234  -0.302758  0.952588  -0.016231  -0.000156  0.015319  -0.011512  2.149558  -0.495821  1.000000  
110.880426 -0.002532  -0.007891  0.003692  0.651621  0.717238  0.246900  -0.758039  0.627609  0.177436  -0.027693  -0.302780  0.952658  -0.016615  -0.000196  0.015549  -0.006000  2.162880  -0.492240  1.000000  
110.881674 -0.002556  -0.007892  0.003714  0.652755  0.716779  0.245232  -0.757147  0.628068  0.179605  -0.025285  -0.302915  0.952682  -0.017049  -0.000246  0.015757  -0.000115  2.169153  -0.497562  1.000000  
110.882935 -0.002581  -0.007894  0.003735  0.653883  0.716321  0.243559  -0.756250  0.628527  0.181770  -0.022878  -0.303048  0.952701  -0.017470  -0.000350  0.015994  0.009487  2.180499  -0.498071  1.000000  
110.883943 -0.002601  -0.007895  0.003753  0.654847  0.715940  0.242086  -0.755477  0.628899  0.183689  -0.020737  -0.303178  0.952708  -0.017698  -0.000338  0.016175  0.016532  2.187560  -0.503992  1.000000  
110.884979 -0.002621  -0.007896  0.003771  0.655650  0.715691  0.240643  -0.754832  0.629176  0.185381  -0.018731  -0.303190  0.952746  -0.017933  -0.000383  0.016305  0.017655  2.192706  -0.495586  1.000000  
110.886271 -0.002647  -0.007896  0.003794  0.656767  0.715232  0.238958  -0.753920  0.629580  0.187707  -0.016189  -0.303435  0.952715  -0.018298  -0.000439  0.016628  0.031370  2.195793  -0.500166  1.000000  
110.887421 -0.002672  -0.007897  0.003818  0.657876  0.714776  0.237264  -0.753000  0.630036  0.189856  -0.013781  -0.303561  0.952712  -0.018744  -0.000515  0.016991  0.037164  2.205788  -0.508660  1.000000  
110.888670 -0.002698  -0.007898  0.003843  0.659136  0.714217  0.235441  -0.751939  0.630609  0.192144  -0.011239  -0.303686  0.952706  -0.019129  -0.000554  0.017368  0.042739  2.212393  -0.514040  1.000000  
110.889920 -0.002725  -0.007898  0.003869  0.660236  0.713789  0.233651  -0.751008  0.631034  0.194378  -0.008697  -0.303810  0.952693  -0.019472  -0.000575  0.017830  0.052090  2.216666  -0.512913  1.000000  
110.891171 -0.002751  -0.007899  0.003894  0.661485  0.713204  0.231902  -0.749933  0.631582  0.196733  -0.006155  -0.304047  0.952637  -0.019811  -0.000629  0.018129  0.061974  2.225905  -0.521470  1.000000  
110.892419 -0.002780  -0.007900  0.003921  0.662727  0.712620  0.230143  -0.748852  0.632183  0.198909  -0.003746  -0.304166  0.952612  -0.020394  -0.000700  0.018729  0.067696  2.230350  -0.534696  1.000000  
110.893420 -0.002802  -0.007902  0.003942  0.663655  0.712188  0.228802  -0.748037  0.632558  0.200777  -0.001739  -0.304399  0.952543  -0.020488  -0.000808  0.018880  0.073387  2.230082  -0.534413  1.000000  
110.894428 -0.002825  -0.007903  0.003963  0.664579  0.711758  0.227454  -0.747218  0.632987  0.202469  0.000134  -0.304514  0.952508  -0.020789  -0.000807  0.019205  0.079463  2.233658  -0.536425  1.000000  
110.895673 -0.002854  -0.007905  0.003991  0.665807  0.711202  0.225596  -0.746119  0.633500  0.204899  0.002810  -0.304744  0.952430  -0.021145  -0.000941  0.019603  0.088923  2.248548  -0.538833  1.000000  
110.896924 -0.002884  -0.007907  0.004018  0.666875  0.710723  0.223943  -0.745152  0.633927  0.207087  0.005218  -0.304972  0.952347  -0.021507  -0.000952  0.020080  0.098476  2.253397  -0.539915  1.000000  
110.898176 -0.002913  -0.007909  0.004047  0.668244  0.709957  0.222283  -0.743904  0.634676  0.209267  0.007493  -0.305199  0.952259  -0.021811  -0.001012  0.020526  0.103802  2.253786  -0.556823  1.000000  
110.899422 -0.002943  -0.007911  0.004075  0.669303  0.709453  0.220704  -0.742926  0.635132  0.211350  0.009767  -0.305424  0.952166  -0.022132  -0.001074  0.020988  0.112987  2.244831  -0.559334  1.000000  
110.900732 -0.002972  -0.007913  0.004105  0.670509  0.708792  0.219161  -0.741804  0.635706  0.213552  0.012042  -0.305763  0.952032  -0.022408  -0.001146  0.021345  0.126828  2.238327  -0.563580  1.000000  
110.901921 -0.003003  -0.007915  0.004136  0.671861  0.708055  0.217396  -0.740537  0.636421  0.215810  0.014450  -0.305984  0.951927  -0.022779  -0.001235  0.021893  0.132362  2.244527  -0.577029  1.000000  
110.903176 -0.003033  -0.007917  0.004169  0.673206  0.707293  0.215710  -0.739263  0.637107  0.218139  0.016858  -0.306319  0.951780  -0.023040  -0.001290  0.022398  0.141481  2.237861  -0.591956  1.000000  
110.904419 -0.003064  -0.007918  0.004201  0.674545  0.706531  0.214016  -0.737982  0.637792  0.220463  0.019266  -0.306652  0.951627  -0.023308  -0.001358  0.022881  0.150334  2.245853  -0.610194  1.000000  
110.905419 -0.003089  -0.007920  0.004227  0.675581  0.705975  0.212579  -0.736979  0.638302  0.222333  0.021272  -0.306870  0.951514  -0.023616  -0.001481  0.023267  0.155699  2.247442  -0.613810  1.000000  
110.906669 -0.003120  -0.007923  0.004261  0.676755  0.705374  0.210832  -0.735823  0.638808  0.224696  0.023814  -0.307199  0.951347  -0.023819  -0.001534  0.023752  0.165541  2.268248  -0.620000  1.000000  
110.907669 -0.003146  -0.007925  0.004289  0.677781  0.704795  0.209470  -0.734811  0.639288  0.226636  0.025820  -0.307530  0.951188  -0.024103  -0.001624  0.024300  0.175570  2.259336  -0.621287  1.000000  
110.908670 -0.003172  -0.007927  0.004317  0.678805  0.704214  0.208104  -0.733796  0.639825  0.228400  0.027693  -0.307745  0.951066  -0.024308  -0.001688  0.024683  0.180091  2.260681  -0.623177  1.000000  
110.909675 -0.003197  -0.007930  0.004346  0.679828  0.703580  0.206905  -0.732781  0.640363  0.230146  0.029431  -0.308076  0.950906  -0.024495  -0.001736  0.025196  0.187082  2.258520  -0.634758  1.000000  
110.910696 -0.003223  -0.007931  0.004375  0.680691  0.703134  0.205577  -0.731896  0.640695  0.232032  0.031438  -0.308403  0.950736  -0.024621  -0.001786  0.025571  0.196543  2.256685  -0.633796  1.000000  
