1-Time 2-Px 3-Py 4-Pz 5-R11 6-R21 7-R31 8-R12 9-R22 10-R32 11-R13 12-R23 13-R33 14-Vx 15-Vy 16-Vz 17-Wx 18-Wy 19-Wz 20-state
24.385676 -0.012096  -0.012219  -0.002713  0.561665  0.688354  0.459021  -0.801165  0.591010  0.094031  -0.206559  -0.420566  0.883435  0.000255  0.000113  0.000717  0.000000  0.000000  0.000000  1.000000  
24.386910 -0.012095  -0.012219  -0.002712  0.561665  0.688354  0.459021  -0.801165  0.591010  0.094031  -0.206559  -0.420566  0.883435  0.001408  0.000186  0.000670  0.000000  0.000000  0.000000  1.000000  
24.388158 -0.012085  -0.012211  -0.002712  0.561681  0.688387  0.458953  -0.801188  0.590964  0.094128  -0.206428  -0.420578  0.883460  0.004981  0.003670  0.000697  0.000000  0.000000  0.000000  1.000000  
24.389407 -0.012074  -0.012203  -0.002710  0.561697  0.688475  0.458802  -0.801210  0.590929  0.094153  -0.206297  -0.420483  0.883536  0.006413  0.004724  0.000898  0.000000  0.000000  0.000000  1.000000  
24.390657 -0.012067  -0.012198  -0.002708  0.561697  0.688475  0.458802  -0.801210  0.590929  0.094153  -0.206297  -0.420483  0.883536  0.006161  0.004444  0.001127  0.000000  0.000000  0.000000  1.000000  
24.391908 -0.012060  -0.012194  -0.002704  0.561713  0.688563  0.458651  -0.801233  0.590894  0.094178  -0.206166  -0.420387  0.883612  0.006042  0.004224  0.001508  0.000000  0.000000  0.000000  1.000000  
24.392909 -0.012051  -0.012189  -0.002701  0.561728  0.688595  0.458583  -0.801256  0.590848  0.094275  -0.206035  -0.420399  0.883637  0.006456  0.004313  0.001753  0.000000  0.000000  0.000000  1.000000  
24.394158 -0.012040  -0.012181  -0.002699  0.561728  0.688651  0.458499  -0.801256  0.590860  0.094204  -0.206035  -0.420292  0.883688  0.006889  0.004595  0.001768  0.000000  0.000000  0.000000  1.000000  
24.395221 -0.012033  -0.012178  -0.002698  0.561744  0.688683  0.458431  -0.801278  0.590814  0.094300  -0.205905  -0.420304  0.883713  0.006771  0.004427  0.001649  0.000000  0.000000  0.000000  1.000000  
24.396412 -0.012026  -0.012175  -0.002697  0.561760  0.688715  0.458364  -0.801301  0.590768  0.094397  -0.205774  -0.420316  0.883738  0.006666  0.004252  0.001568  0.000000  0.000000  0.000000  1.000000  
24.397665 -0.012018  -0.012170  -0.002694  0.561776  0.688747  0.458296  -0.801323  0.590721  0.094494  -0.205643  -0.420327  0.883762  0.006676  0.004183  0.001583  0.000000  0.000000  0.000000  1.000000  
24.398913 -0.012007  -0.012162  -0.002693  0.561792  0.688835  0.458144  -0.801346  0.590687  0.094519  -0.205512  -0.420232  0.883838  0.006875  0.004368  0.001583  0.000000  0.000000  0.000000  1.000000  
24.399923 -0.011997  -0.012156  -0.002690  0.561792  0.688835  0.458144  -0.801346  0.590687  0.094519  -0.205512  -0.420232  0.883838  0.007085  0.004543  0.001614  0.000000  0.000000  0.000000  1.000000  
24.401158 -0.011982  -0.012145  -0.002689  0.561642  0.688934  0.458179  -0.801484  0.590488  0.094593  -0.205381  -0.420351  0.883812  0.007627  0.004959  0.001625  0.000000  0.000000  0.000000  1.000000  
24.402158 -0.011968  -0.012134  -0.002687  0.561642  0.688934  0.458179  -0.801484  0.590488  0.094593  -0.205381  -0.420351  0.883812  0.008420  0.005591  0.001713  0.000000  0.000000  0.000000  1.000000  
24.403220 -0.011953  -0.012122  -0.002685  0.561658  0.688966  0.458112  -0.801506  0.590441  0.094690  -0.205250  -0.420363  0.883837  0.008767  0.005909  0.001783  0.000000  0.000000  0.000000  1.000000  
24.404407 -0.011935  -0.012109  -0.002681  0.561674  0.688998  0.458044  -0.801529  0.590395  0.094787  -0.205119  -0.420375  0.883862  0.009271  0.006248  0.001942  0.000000  0.000000  0.000000  1.000000  
24.405463 -0.011925  -0.012100  -0.002677  0.561674  0.689054  0.457960  -0.801529  0.590407  0.094715  -0.205119  -0.420267  0.883913  0.009610  0.006642  0.002086  0.000000  0.000000  0.000000  1.000000  
24.406717 -0.011911  -0.012090  -0.002673  0.561525  0.689207  0.457912  -0.801667  0.590219  0.094718  -0.204988  -0.420279  0.883937  0.010078  0.007018  0.002108  0.000000  0.000000  0.000000  1.000000  
24.407938 -0.011896  -0.012078  -0.002670  0.561540  0.689240  0.457844  -0.801690  0.590173  0.094815  -0.204857  -0.420291  0.883962  0.010314  0.007397  0.002072  0.000000  0.000000  0.000000  1.000000  
24.409188 -0.011883  -0.012068  -0.002666  0.561556  0.689327  0.457692  -0.801712  0.590138  0.094840  -0.204726  -0.420196  0.884038  0.010448  0.007639  0.002162  0.000000  0.000000  0.000000  1.000000  
24.410414 -0.011874  -0.012060  -0.002663  0.561407  0.689481  0.457644  -0.801850  0.589950  0.094843  -0.204595  -0.420207  0.884063  0.010593  0.007828  0.002345  0.000000  0.000000  0.000000  1.000000  
24.411658 -0.011867  -0.012055  -0.002658  0.561257  0.689690  0.457512  -0.801988  0.589774  0.094774  -0.204464  -0.420112  0.884138  0.010505  0.007929  0.002561  0.000000  0.000000  0.000000  1.000000  
24.412661 -0.011859  -0.012048  -0.002655  0.561257  0.689690  0.457512  -0.801988  0.589774  0.094774  -0.204464  -0.420112  0.884138  0.010592  0.008162  0.002628  0.000000  0.000000  0.000000  1.000000  
24.413917 -0.011846  -0.012035  -0.002651  0.561273  0.689723  0.457444  -0.802010  0.589728  0.094871  -0.204333  -0.420124  0.884163  0.010733  0.008474  0.002719  0.000000  0.000000  0.000000  1.000000  
24.415167 -0.011831  -0.012022  -0.002647  0.561108  0.689844  0.457464  -0.802126  0.589586  0.094777  -0.204333  -0.420124  0.884163  0.010852  0.008734  0.002860  0.000000  0.000000  0.000000  1.000000  
24.416411 -0.011819  -0.012012  -0.002644  0.561108  0.689844  0.457464  -0.802126  0.589586  0.094777  -0.204333  -0.420124  0.884163  0.010623  0.008678  0.003000  0.000000  0.000000  0.000000  1.000000  
24.417659 -0.011808  -0.012002  -0.002640  0.560943  0.689965  0.457483  -0.802241  0.589444  0.094683  -0.204333  -0.420124  0.884163  0.010101  0.008380  0.003120  0.000000  0.000000  0.000000  1.000000  
24.418661 -0.011798  -0.011993  -0.002637  0.560943  0.689965  0.457483  -0.802241  0.589444  0.094683  -0.204333  -0.420124  0.884163  0.009833  0.008221  0.003085  0.000000  0.000000  0.000000  1.000000  
24.419908 -0.011786  -0.011984  -0.002634  0.560943  0.689965  0.457483  -0.802241  0.589444  0.094683  -0.204333  -0.420124  0.884163  0.009584  0.007983  0.003000  0.000000  0.000000  0.000000  1.000000  
24.420908 -0.011777  -0.011978  -0.002632  0.560778  0.690142  0.457419  -0.802357  0.589313  0.094517  -0.204333  -0.420016  0.884214  0.009489  0.007920  0.002871  0.000000  0.000000  0.000000  1.000000  
24.421909 -0.011771  -0.011974  -0.002631  0.560778  0.690142  0.457419  -0.802357  0.589313  0.094517  -0.204333  -0.420016  0.884214  0.009150  0.007600  0.002714  0.000000  0.000000  0.000000  1.000000  
24.422912 -0.011764  -0.011969  -0.002630  0.560778  0.690142  0.457419  -0.802357  0.589313  0.094517  -0.204333  -0.420016  0.884214  0.008835  0.007268  0.002681  0.000000  0.000000  0.000000  1.000000  
24.424157 -0.011757  -0.011965  -0.002628  0.560778  0.690198  0.457335  -0.802357  0.589325  0.094445  -0.204333  -0.419909  0.884265  0.008464  0.006856  0.002532  0.000000  0.000000  0.000000  1.000000  
24.425160 -0.011751  -0.011961  -0.002627  0.560778  0.690253  0.457252  -0.802357  0.589336  0.094374  -0.204333  -0.419802  0.884316  0.008311  0.006697  0.002411  0.000000  0.000000  0.000000  1.000000  
24.426164 -0.011746  -0.011958  -0.002625  0.560762  0.690276  0.457236  -0.802334  0.589394  0.094205  -0.204464  -0.419683  0.884342  0.008314  0.006615  0.002335  0.000000  0.000000  0.000000  1.000000  
24.427215 -0.011739  -0.011954  -0.002623  0.560762  0.690276  0.457236  -0.802334  0.589394  0.094205  -0.204464  -0.419683  0.884342  0.008289  0.006455  0.002229  0.000000  0.000000  0.000000  1.000000  
24.428407 -0.011728  -0.011947  -0.002620  0.560911  0.690178  0.457200  -0.802197  0.589593  0.094131  -0.204595  -0.419564  0.884368  0.008266  0.006265  0.002199  0.000000  0.000000  0.000000  1.000000  
24.429410 -0.011717  -0.011938  -0.002616  0.560896  0.690202  0.457185  -0.802174  0.589651  0.093963  -0.204726  -0.419445  0.884394  0.008155  0.006126  0.002257  0.000000  0.000000  0.000000  1.000000  
24.430411 -0.011708  -0.011930  -0.002613  0.561045  0.690104  0.457149  -0.802036  0.589850  0.093888  -0.204857  -0.419326  0.884420  0.007974  0.005937  0.002213  0.000000  0.000000  0.000000  1.000000  
24.431413 -0.011701  -0.011924  -0.002611  0.561029  0.690127  0.457133  -0.802014  0.589907  0.093720  -0.204988  -0.419207  0.884447  0.007861  0.005799  0.002119  0.000000  0.000000  0.000000  1.000000  
24.432661 -0.011690  -0.011916  -0.002608  0.561163  0.690052  0.457082  -0.801853  0.590164  0.093477  -0.205250  -0.418969  0.884499  0.007781  0.005626  0.002076  0.000000  0.000000  0.000000  1.000000  
24.433911 -0.011680  -0.011910  -0.002605  0.561312  0.689954  0.457047  -0.801715  0.590363  0.093402  -0.205381  -0.418850  0.884525  0.007657  0.005362  0.002087  0.000000  0.000000  0.000000  1.000000  
24.434920 -0.011672  -0.011905  -0.002603  0.561297  0.690032  0.456948  -0.801693  0.590432  0.093162  -0.205512  -0.418623  0.884601  0.007577  0.005246  0.002066  0.000000  0.000000  0.000000  1.000000  
24.435930 -0.011667  -0.011901  -0.002602  0.561430  0.689902  0.456981  -0.801532  0.590677  0.092991  -0.205774  -0.418492  0.884602  0.007330  0.005065  0.002003  0.000000  0.000000  0.000000  1.000000  
24.436968 -0.011663  -0.011899  -0.002601  0.561579  0.689804  0.456946  -0.801394  0.590876  0.092916  -0.205905  -0.418373  0.884628  0.007128  0.005001  0.002006  0.000000  0.000000  0.000000  1.000000  
24.437969 -0.011660  -0.011896  -0.002600  0.561728  0.689761  0.456827  -0.801256  0.591086  0.092770  -0.206035  -0.418147  0.884705  0.006878  0.004902  0.002019  0.000000  0.000000  0.000000  1.000000  
24.439164 -0.011654  -0.011891  -0.002598  0.561862  0.689686  0.456777  -0.801095  0.591342  0.092527  -0.206297  -0.417909  0.884756  0.006840  0.004930  0.002054  0.000000  0.000000  0.000000  1.000000  
24.440213 -0.011648  -0.011887  -0.002596  0.562160  0.689489  0.456708  -0.800818  0.591740  0.092377  -0.206559  -0.417671  0.884808  0.006914  0.004986  0.002052  0.000000  0.000000  0.000000  1.000000  
24.441216 -0.011641  -0.011881  -0.002594  0.562293  0.689413  0.456657  -0.800657  0.591996  0.092134  -0.206821  -0.417432  0.884859  0.006941  0.005179  0.002037  0.000000  0.000000  0.000000  1.000000  
24.442408 -0.011633  -0.011873  -0.002592  0.562410  0.689361  0.456592  -0.800473  0.592309  0.091722  -0.207214  -0.417075  0.884936  0.006885  0.005312  0.002048  0.000000  0.000000  0.000000  1.000000  
24.443410 -0.011627  -0.011866  -0.002589  0.562543  0.689286  0.456542  -0.800312  0.592564  0.091478  -0.207475  -0.416836  0.884987  0.006658  0.005316  0.002057  0.000000  0.000000  0.000000  1.000000  
24.444411 -0.011620  -0.011857  -0.002586  0.562840  0.689089  0.456473  -0.800035  0.592961  0.091329  -0.207737  -0.416598  0.885037  0.006444  0.005387  0.002091  0.000000  0.000000  0.000000  1.000000  
24.445661 -0.011611  -0.011846  -0.002583  0.563105  0.688882  0.456458  -0.799712  0.593460  0.090914  -0.208261  -0.416229  0.885088  0.006359  0.005530  0.001996  -0.112192  -0.077920  -0.148243  1.000000  
24.446912 -0.011604  -0.011836  -0.002579  0.563222  0.688830  0.456393  -0.799528  0.593772  0.090501  -0.208653  -0.415871  0.885164  0.006183  0.005657  0.002073  -0.122470  -0.085005  -0.167453  1.000000  
24.447915 -0.011600  -0.011831  -0.002576  0.563519  0.688632  0.456325  -0.799250  0.594168  0.090351  -0.208915  -0.415632  0.885214  0.005825  0.005619  0.002113  -0.127746  -0.087374  -0.183520  1.000000  
24.449161 -0.011595  -0.011823  -0.002571  0.563635  0.688580  0.456261  -0.799066  0.594479  0.089939  -0.209307  -0.415275  0.885289  0.005446  0.005680  0.002281  -0.138526  -0.096724  -0.195391  1.000000  
24.450161 -0.011593  -0.011817  -0.002567  0.563915  0.688405  0.456178  -0.798765  0.594931  0.089620  -0.209700  -0.414917  0.885364  0.005198  0.005781  0.002416  -0.142353  -0.100307  -0.219481  1.000000  
24.451408 -0.011591  -0.011810  -0.002563  0.564196  0.688230  0.456096  -0.798464  0.595383  0.089301  -0.210092  -0.414559  0.885439  0.004949  0.005957  0.002552  -0.151703  -0.106790  -0.237486  1.000000  
24.452657 -0.011589  -0.011803  -0.002558  0.564295  0.688145  0.456101  -0.798256  0.595738  0.088791  -0.210616  -0.414189  0.885488  0.004839  0.006278  0.002812  -0.161106  -0.119226  -0.249168  1.000000  
24.453658 -0.011586  -0.011796  -0.002554  0.564591  0.688001  0.455950  -0.797977  0.596144  0.088568  -0.210877  -0.413843  0.885587  0.004718  0.006515  0.002949  -0.167713  -0.122656  -0.267303  1.000000  
24.454717 -0.011582  -0.011788  -0.002550  0.564706  0.687949  0.455887  -0.797792  0.596454  0.088155  -0.211270  -0.413485  0.885661  0.004555  0.006785  0.003156  -0.174567  -0.132182  -0.279419  1.000000  
24.455907 -0.011577  -0.011776  -0.002545  0.564969  0.687741  0.455875  -0.797467  0.596949  0.087739  -0.211793  -0.413115  0.885709  0.004416  0.007149  0.003338  -0.182206  -0.137440  -0.294716  1.000000  
24.456967 -0.011574  -0.011765  -0.002541  0.565101  0.687720  0.455743  -0.797304  0.597213  0.087422  -0.212054  -0.412768  0.885808  0.004137  0.007403  0.003451  -0.190345  -0.143870  -0.306981  1.000000  
24.458155 -0.011570  -0.011752  -0.002537  0.565363  0.687568  0.455648  -0.796979  0.597719  0.086933  -0.212577  -0.412291  0.885905  0.003919  0.007671  0.003511  -0.197971  -0.149185  -0.322233  1.000000  
24.459187 -0.011567  -0.011742  -0.002533  0.565642  0.687391  0.455568  -0.796676  0.598168  0.086613  -0.212969  -0.411932  0.885977  0.003619  0.007745  0.003603  -0.206087  -0.155641  -0.334525  1.000000  
24.460213 -0.011563  -0.011733  -0.002527  0.565756  0.687394  0.455423  -0.796490  0.598486  0.086126  -0.213362  -0.411466  0.886100  0.003377  0.007808  0.003830  -0.218038  -0.163729  -0.337965  1.000000  
24.461405 -0.011560  -0.011721  -0.002521  0.566018  0.687240  0.455329  -0.796164  0.598990  0.085637  -0.213884  -0.410988  0.886195  0.003102  0.007931  0.003962  -0.225863  -0.169240  -0.353638  1.000000  
24.462415 -0.011559  -0.011712  -0.002516  0.566279  0.687032  0.455318  -0.795837  0.599483  0.085220  -0.214407  -0.410617  0.886241  0.002852  0.008095  0.004115  -0.230189  -0.175981  -0.366329  1.000000  
24.463661 -0.011559  -0.011703  -0.002511  0.566540  0.686879  0.455225  -0.795511  0.599986  0.084730  -0.214930  -0.410139  0.886336  0.002465  0.008237  0.004205  -0.240917  -0.185480  -0.378166  1.000000  
24.464663 -0.011559  -0.011695  -0.002505  0.566818  0.686757  0.455063  -0.795207  0.600444  0.084336  -0.215322  -0.409673  0.886456  0.002301  0.008371  0.004283  -0.246141  -0.188080  -0.394236  1.000000  
24.465933 -0.011559  -0.011685  -0.002500  0.567242  0.686534  0.454871  -0.794763  0.601098  0.083866  -0.215844  -0.409087  0.886600  0.002156  0.008543  0.004331  -0.259129  -0.190440  -0.409749  1.000000  
24.467160 -0.011558  -0.011674  -0.002493  0.567648  0.686225  0.454831  -0.794295  0.601785  0.083373  -0.216498  -0.408596  0.886667  0.002089  0.008844  0.004562  -0.266104  -0.200278  -0.422153  1.000000  
24.468424 -0.011558  -0.011663  -0.002485  0.568071  0.686002  0.454639  -0.793850  0.602437  0.082902  -0.217020  -0.408010  0.886809  0.001930  0.009034  0.004661  -0.274991  -0.206740  -0.439506  1.000000  
24.469659 -0.011556  -0.011649  -0.002479  0.568460  0.685714  0.454587  -0.793357  0.603177  0.082239  -0.217804  -0.407399  0.886898  0.001749  0.009263  0.004806  -0.280690  -0.214001  -0.458415  1.000000  
24.470908 -0.011554  -0.011634  -0.002471  0.569028  0.685334  0.454449  -0.792770  0.604012  0.081765  -0.218457  -0.406800  0.887012  0.001517  0.009420  0.004978  -0.286066  -0.220187  -0.480423  1.000000  
24.471969 -0.011552  -0.011623  -0.002465  0.569432  0.685078  0.454330  -0.792299  0.604706  0.081197  -0.219109  -0.406201  0.887126  0.001383  0.009472  0.005112  -0.297751  -0.226579  -0.492101  1.000000  
24.473157 -0.011552  -0.011609  -0.002458  0.569981  0.684665  0.454263  -0.791687  0.605583  0.080626  -0.219893  -0.405590  0.887211  0.001153  0.009519  0.005269  -0.303575  -0.233210  -0.514883  1.000000  
24.474214 -0.011552  -0.011599  -0.002451  0.570384  0.684408  0.454146  -0.791215  0.606275  0.080057  -0.220545  -0.404990  0.887323  0.000923  0.009485  0.005409  -0.311895  -0.240216  -0.527781  1.000000  
24.475407 -0.011553  -0.011586  -0.002443  0.571077  0.683892  0.454052  -0.790460  0.607344  0.079409  -0.221459  -0.404259  0.887429  0.000582  0.009612  0.005520  -0.319946  -0.243898  -0.556100  1.000000  
24.476408 -0.011555  -0.011577  -0.002438  0.571461  0.683602  0.454006  -0.789963  0.608077  0.078744  -0.222241  -0.403647  0.887512  0.000337  0.009571  0.005555  -0.326337  -0.257568  -0.569506  1.000000  
24.477662 -0.011558  -0.011567  -0.002431  0.572151  0.683139  0.453833  -0.789205  0.609153  0.078021  -0.223154  -0.402807  0.887665  0.000035  0.009609  0.005645  -0.336321  -0.262912  -0.601134  1.000000  
24.478930 -0.011562  -0.011557  -0.002424  0.573002  0.682550  0.453645  -0.788329  0.610368  0.077391  -0.224067  -0.401967  0.887816  -0.000204  0.009616  0.005696  -0.348859  -0.266250  -0.635651  1.000000  
24.480161 -0.011566  -0.011546  -0.002417  0.573672  0.682053  0.453546  -0.787544  0.611483  0.076570  -0.225110  -0.401114  0.887938  -0.000438  0.009625  0.005762  -0.357547  -0.276486  -0.658141  1.000000  
24.481167 -0.011568  -0.011537  -0.002410  0.574214  0.681690  0.453407  -0.786925  0.612360  0.075922  -0.225893  -0.400393  0.888064  -0.000573  0.009723  0.005890  -0.369346  -0.285721  -0.681135  1.000000  
24.482411 -0.011570  -0.011525  -0.002401  0.575042  0.681065  0.453296  -0.786020  0.613611  0.075194  -0.226935  -0.399539  0.888183  -0.000812  0.009830  0.005973  -0.377741  -0.288490  -0.719175  1.000000  
24.483429 -0.011572  -0.011515  -0.002395  0.575707  0.680565  0.453202  -0.785231  0.614720  0.074372  -0.227977  -0.398685  0.888300  -0.001001  0.009849  0.006049  -0.388906  -0.304877  -0.748140  1.000000  
24.484658 -0.011575  -0.011501  -0.002386  0.576513  0.679961  0.453084  -0.784298  0.616019  0.073473  -0.229150  -0.397711  0.888435  -0.001286  0.009866  0.006138  -0.398986  -0.314159  -0.785342  1.000000  
24.485659 -0.011578  -0.011490  -0.002379  0.577013  0.679586  0.453010  -0.783625  0.616983  0.072556  -0.230192  -0.396856  0.888548  -0.001640  0.009756  0.006210  -0.414250  -0.327400  -0.809701  1.000000  
24.486712 -0.011580  -0.011479  -0.002372  0.577673  0.679083  0.452924  -0.782832  0.618085  0.071733  -0.231233  -0.396001  0.888659  -0.001771  0.009784  0.006358  -0.424109  -0.341361  -0.845354  1.000000  
24.487980 -0.011584  -0.011466  -0.002362  0.578418  0.678436  0.452943  -0.781818  0.619512  0.070469  -0.232795  -0.394879  0.888750  -0.002201  0.009651  0.006478  -0.436434  -0.362654  -0.881941  1.000000  
24.489161 -0.011591  -0.011454  -0.002353  0.579339  0.677691  0.452881  -0.780708  0.621032  0.069393  -0.234226  -0.393770  0.888867  -0.002600  0.009685  0.006590  -0.450314  -0.380278  -0.922535  1.000000  
24.490407 -0.011599  -0.011443  -0.002343  0.580097  0.677127  0.452754  -0.779714  0.622416  0.068148  -0.235656  -0.392551  0.889027  -0.003093  0.009556  0.006699  -0.467212  -0.397578  -0.964850  1.000000  
24.491411 -0.011606  -0.011435  -0.002336  0.580908  0.676491  0.452664  -0.778794  0.623646  0.067415  -0.236697  -0.391695  0.889129  -0.003448  0.009519  0.006738  -0.472568  -0.407560  -0.998089  1.000000  
24.492414 -0.011613  -0.011426  -0.002328  0.581539  0.676061  0.452498  -0.777967  0.624793  0.066342  -0.237866  -0.390609  0.889294  -0.003738  0.009531  0.006927  -0.490167  -0.418305  -1.024840  1.000000  
24.493414 -0.011621  -0.011418  -0.002321  0.582167  0.675575  0.452416  -0.777138  0.625929  0.065343  -0.239036  -0.389630  0.889410  -0.004013  0.009524  0.007063  -0.505140  -0.434775  -1.060529  1.000000  
24.494415 -0.011627  -0.011409  -0.002313  0.582793  0.675088  0.452337  -0.776308  0.627062  0.064344  -0.240205  -0.388652  0.889523  -0.004215  0.009562  0.007203  -0.515948  -0.452222  -1.082516  1.000000  
24.495663 -0.011636  -0.011397  -0.002303  0.583519  0.674487  0.452298  -0.775278  0.628470  0.063000  -0.241763  -0.387418  0.889639  -0.004712  0.009637  0.007369  -0.531261  -0.477935  -1.123025  1.000000  
24.496667 -0.011643  -0.011387  -0.002295  0.584161  0.674029  0.452152  -0.774470  0.629556  0.062094  -0.242802  -0.386451  0.889777  -0.004996  0.009647  0.007401  -0.547342  -0.489252  -1.141247  1.000000  
24.497673 -0.011650  -0.011376  -0.002287  0.584800  0.673625  0.451927  -0.773660  0.630646  0.061111  -0.243840  -0.385376  0.889959  -0.005314  0.009698  0.007539  -0.562110  -0.498265  -1.166180  1.000000  
24.498916 -0.011659  -0.011362  -0.002276  0.585538  0.673106  0.451744  -0.772651  0.632010  0.059783  -0.245267  -0.384046  0.890142  -0.005756  0.009766  0.007730  -0.580921  -0.515987  -1.195103  1.000000  
24.499920 -0.011667  -0.011352  -0.002267  0.585975  0.672713  0.451763  -0.771906  0.633031  0.058592  -0.246564  -0.383052  0.890212  -0.006090  0.009808  0.007813  -0.594692  -0.538766  -1.211466  1.000000  
24.501162 -0.011678  -0.011338  -0.002256  0.586728  0.672279  0.451433  -0.770918  0.634353  0.057279  -0.247860  -0.381625  0.890465  -0.006673  0.009742  0.007944  -0.617649  -0.552619  -1.238615  1.000000  
24.502408 -0.011690  -0.011326  -0.002245  0.587458  0.671811  0.451179  -0.769902  0.635711  0.055870  -0.249286  -0.380185  0.890683  -0.007219  0.009722  0.008120  -0.635098  -0.565834  -1.256829  1.000000  
24.503658 -0.011704  -0.011314  -0.002235  0.588302  0.671205  0.450982  -0.768709  0.637290  0.054285  -0.250970  -0.378610  0.890881  -0.007741  0.009635  0.008082  -0.661702  -0.588630  -1.290476  1.000000  
24.504719 -0.011716  -0.011305  -0.002225  0.588889  0.670842  0.450756  -0.767836  0.638454  0.052952  -0.252265  -0.377290  0.891075  -0.008156  0.009605  0.008199  -0.681343  -0.605866  -1.300585  1.000000  
24.505949 -0.011732  -0.011294  -0.002214  0.589548  0.670334  0.450651  -0.766732  0.639924  0.051176  -0.254077  -0.375700  0.891232  -0.008617  0.009628  0.008379  -0.705766  -0.631394  -1.325539  1.000000  
24.506988 -0.011744  -0.011286  -0.002205  0.590286  0.669783  0.450504  -0.765734  0.641210  0.050011  -0.255371  -0.374487  0.891373  -0.008910  0.009652  0.008494  -0.720059  -0.642243  -1.341005  1.000000  
24.508165 -0.011758  -0.011274  -0.002192  0.591116  0.669280  0.450162  -0.764530  0.642779  0.048265  -0.257052  -0.372692  0.891641  -0.009288  0.009768  0.008725  -0.751577  -0.667899  -1.360296  1.000000  
24.509408 -0.011773  -0.011262  -0.002180  0.591785  0.668799  0.449998  -0.763444  0.644192  0.046579  -0.258733  -0.371113  0.891814  -0.009688  0.009821  0.008874  -0.769534  -0.687770  -1.373432  1.000000  
24.510463 -0.011784  -0.011252  -0.002170  0.592515  0.668353  0.449700  -0.762439  0.645476  0.045254  -0.260025  -0.369682  0.892033  -0.009971  0.009799  0.009021  -0.791787  -0.699331  -1.390612  1.000000  
24.511659 -0.011798  -0.011240  -0.002157  0.593469  0.667573  0.449600  -0.761076  0.647191  0.043656  -0.261833  -0.368089  0.892163  -0.010352  0.009830  0.009195  -0.806939  -0.718756  -1.419116  1.000000  
24.512664 -0.011810  -0.011229  -0.002147  0.594171  0.667040  0.449465  -0.760038  0.648499  0.042312  -0.263254  -0.366751  0.892295  -0.010670  0.009819  0.009306  -0.824642  -0.734905  -1.433558  1.000000  
24.513927 -0.011825  -0.011217  -0.002134  0.595139  0.666341  0.449221  -0.758697  0.650169  0.040728  -0.264931  -0.365061  0.892492  -0.011090  0.009663  0.009489  -0.843525  -0.747648  -1.450530  1.000000  
24.515162 -0.011841  -0.011206  -0.002121  0.596101  0.665640  0.448984  -0.757353  0.651832  0.039141  -0.266608  -0.363371  0.892682  -0.011520  0.009503  0.009618  -0.860333  -0.757926  -1.467857  1.000000  
24.516410 -0.011859  -0.011195  -0.002107  0.597060  0.665046  0.448591  -0.756005  0.653497  0.037394  -0.268284  -0.361463  0.892955  -0.011965  0.009315  0.009828  -0.888560  -0.768329  -1.486512  1.000000  
24.517659 -0.011879  -0.011186  -0.002093  0.598169  0.664260  0.448278  -0.754531  0.655287  0.035816  -0.269959  -0.359663  0.893177  -0.012469  0.009159  0.010010  -0.903504  -0.768781  -1.501604  1.000000  
24.518908 -0.011901  -0.011177  -0.002079  0.599405  0.663361  0.447958  -0.752901  0.657247  0.034155  -0.271762  -0.357740  0.893402  -0.012895  0.009034  0.010201  -0.923183  -0.769318  -1.528278  1.000000  
24.519911 -0.011917  -0.011170  -0.002066  0.600371  0.662626  0.447752  -0.751571  0.658840  0.032733  -0.273307  -0.356169  0.893558  -0.013209  0.008889  0.010469  -0.939247  -0.779293  -1.546809  1.000000  
24.521158 -0.011939  -0.011161  -0.002051  0.601418  0.661827  0.447529  -0.750027  0.660685  0.030882  -0.275237  -0.354231  0.893736  -0.013732  0.008788  0.010787  -0.955175  -0.793898  -1.569188  1.000000  
24.522215 -0.011956  -0.011154  -0.002038  0.602398  0.661117  0.447260  -0.748719  0.662228  0.029550  -0.276652  -0.352673  0.893916  -0.014041  0.008590  0.010990  -0.970114  -0.798858  -1.584007  1.000000  
24.523408 -0.011979  -0.011145  -0.002021  0.603611  0.660260  0.446889  -0.747073  0.664160  0.027799  -0.278451  -0.350639  0.894157  -0.014564  0.008435  0.011227  -0.989715  -0.804267  -1.611535  1.000000  
24.524408 -0.011998  -0.011139  -0.002007  0.604582  0.659600  0.446552  -0.745759  0.665693  0.026383  -0.279865  -0.348971  0.894369  -0.015068  0.008200  0.011578  -1.007055  -0.807241  -1.631892  1.000000  
24.525412 -0.012016  -0.011131  -0.001992  0.605549  0.658937  0.446220  -0.744442  0.667220  0.024964  -0.281277  -0.347302  0.894575  -0.015525  0.008081  0.011848  -1.024044  -0.805989  -1.650158  1.000000  
24.526657 -0.012040  -0.011123  -0.001974  0.606722  0.658042  0.445947  -0.742755  0.669164  0.023113  -0.283203  -0.345253  0.894761  -0.016164  0.007816  0.012184  -1.043335  -0.819691  -1.681722  1.000000  
24.527659 -0.012060  -0.011116  -0.001959  0.607655  0.657454  0.445544  -0.741402  0.670719  0.021435  -0.284742  -0.343352  0.895003  -0.016685  0.007566  0.012531  -1.064663  -0.831536  -1.705424  1.000000  
24.528929 -0.012088  -0.011109  -0.001940  0.608840  0.656637  0.445131  -0.739736  0.672612  0.019589  -0.286537  -0.341207  0.895251  -0.017610  0.007124  0.012959  -1.085101  -0.837808  -1.736135  1.000000  
24.530160 -0.012117  -0.011103  -0.001921  0.610171  0.655785  0.444565  -0.737941  0.674634  0.017669  -0.288332  -0.338843  0.895573  -0.018403  0.006836  0.013298  -1.110964  -0.837699  -1.769392  1.000000  
24.531163 -0.012143  -0.011099  -0.001905  0.611114  0.655110  0.444264  -0.736607  0.676126  0.016239  -0.289740  -0.337172  0.895749  -0.019249  0.006516  0.013647  -1.121981  -0.842739  -1.797209  1.000000  
24.532411 -0.012177  -0.011094  -0.001886  0.612432  0.654198  0.443794  -0.734803  0.678127  0.014393  -0.291533  -0.334916  0.896013  -0.020180  0.006222  0.014015  -1.140544  -0.844726  -1.822914  1.000000  
24.533657 -0.012212  -0.011090  -0.001867  0.613566  0.653446  0.443333  -0.733091  0.680020  0.012279  -0.293452  -0.332537  0.896273  -0.021082  0.005955  0.014353  -1.155997  -0.849997  -1.844836  1.000000  
24.534665 -0.012241  -0.011085  -0.001850  0.614594  0.652674  0.443046  -0.731561  0.681694  0.010584  -0.295114  -0.330620  0.896436  -0.021830  0.005797  0.014634  -1.168761  -0.857595  -1.875937  1.000000  
24.535683 -0.012270  -0.011082  -0.001833  0.615492  0.652015  0.442770  -0.730184  0.683191  0.008970  -0.296648  -0.328825  0.896590  -0.022688  0.005513  0.015002  -1.178737  -0.853778  -1.895949  1.000000  
24.536908 -0.012308  -0.011076  -0.001811  0.616608  0.651256  0.442334  -0.728460  0.685054  0.006847  -0.298564  -0.326445  0.896824  -0.023847  0.005364  0.015463  -1.202138  -0.863494  -1.915166  1.000000  
24.537908 -0.012339  -0.011071  -0.001793  0.617646  0.650506  0.441991  -0.726950  0.686671  0.005237  -0.300096  -0.324540  0.897004  -0.024674  0.005202  0.015728  -1.205237  -0.863346  -1.935738  1.000000  
24.539160 -0.012379  -0.011065  -0.001770  0.618749  0.649795  0.441494  -0.725217  0.688514  0.003024  -0.302010  -0.322050  0.897259  -0.025840  0.005006  0.016055  -1.228488  -0.866128  -1.959555  1.000000  
24.540408 -0.012419  -0.011058  -0.001746  0.619994  0.648939  0.441006  -0.723352  0.690478  0.000898  -0.303923  -0.319559  0.897504  -0.026861  0.004892  0.016415  -1.244905  -0.873778  -1.983518  1.000000  
24.541464 -0.012452  -0.011053  -0.001727  0.620865  0.648376  0.440607  -0.721959  0.691935  -0.000895  -0.305452  -0.317545  0.897700  -0.027781  0.004725  0.016697  -1.264083  -0.873226  -1.986873  1.000000  
24.542716 -0.012495  -0.011046  -0.001703  0.622097  0.647514  0.440138  -0.720086  0.693878  -0.003028  -0.307362  -0.315054  0.897925  -0.028955  0.004621  0.017115  -1.284024  -0.879263  -2.006413  1.000000  
24.543910 -0.012540  -0.011041  -0.001679  0.623051  0.647016  0.439519  -0.718496  0.695510  -0.005338  -0.309144  -0.312467  0.898217  -0.030189  0.004563  0.017448  -1.312293  -0.883795  -2.015115  1.000000  
24.544911 -0.012577  -0.011036  -0.001658  0.623907  0.646501  0.439063  -0.717094  0.696939  -0.007224  -0.310671  -0.310342  0.898427  -0.031092  0.004590  0.017778  -1.335486  -0.888981  -2.019529  1.000000  
24.545915 -0.012616  -0.011032  -0.001639  0.624611  0.646127  0.438612  -0.715817  0.698227  -0.009202  -0.312197  -0.308218  0.898630  -0.031967  0.004538  0.018034  -1.358009  -0.898731  -2.025751  1.000000  
24.547162 -0.012665  -0.011026  -0.001614  0.625789  0.645281  0.438179  -0.713896  0.700156  -0.011524  -0.314230  -0.305603  0.898814  -0.033059  0.004636  0.018502  -1.375296  -0.911729  -2.039844  1.000000  
24.548164 -0.012704  -0.011021  -0.001594  0.626602  0.644734  0.437823  -0.712453  0.701589  -0.013507  -0.315880  -0.303464  0.898960  -0.033860  0.004695  0.018774  -1.391177  -0.926184  -2.048303  1.000000  
24.549411 -0.012754  -0.011015  -0.001568  0.627618  0.644134  0.437250  -0.710653  0.703358  -0.016096  -0.317911  -0.300631  0.899196  -0.034833  0.004798  0.019166  -1.417905  -0.936166  -2.048079  1.000000  
24.550658 -0.012806  -0.011007  -0.001542  0.628801  0.643360  0.436689  -0.708752  0.705218  -0.018422  -0.319813  -0.297920  0.899424  -0.035780  0.004958  0.019465  -1.441874  -0.936530  -2.056226  1.000000  
24.551659 -0.012846  -0.011001  -0.001521  0.629597  0.642860  0.436278  -0.707298  0.706618  -0.020500  -0.321461  -0.295672  0.899578  -0.036488  0.005061  0.019635  -1.466768  -0.951220  -2.060968  1.000000  
24.552909 -0.012898  -0.010993  -0.001494  0.630737  0.642055  0.435817  -0.705356  0.708482  -0.022924  -0.323487  -0.292948  0.899743  -0.037336  0.005181  0.019908  -1.480979  -0.961974  -2.065635  1.000000  
24.553929 -0.012939  -0.010986  -0.001473  0.631521  0.641499  0.435500  -0.703897  0.709865  -0.024920  -0.325132  -0.290809  0.899844  -0.037902  0.005331  0.020126  -1.495510  -0.972878  -2.061616  1.000000  
24.555160 -0.012990  -0.010977  -0.001445  0.632646  0.640690  0.435058  -0.701946  0.711705  -0.027350  -0.327156  -0.288085  0.899987  -0.038749  0.005465  0.020446  -1.515450  -0.980641  -2.067620  1.000000  
24.556215 -0.013033  -0.010970  -0.001422  0.633563  0.639985  0.434762  -0.700350  0.713200  -0.029262  -0.328799  -0.285946  0.900070  -0.039428  0.005571  0.020691  -1.523986  -0.989504  -2.069653  1.000000  
24.557216 -0.013077  -0.010964  -0.001399  0.634533  0.639382  0.434233  -0.698815  0.714626  -0.031084  -0.330189  -0.283725  0.900264  -0.040066  0.005627  0.021031  -1.535623  -0.987623  -2.071561  1.000000  
24.558408 -0.013133  -0.010956  -0.001369  0.635780  0.638471  0.433751  -0.696722  0.716558  -0.033520  -0.332209  -0.280892  0.900409  -0.040763  0.005742  0.021273  -1.555693  -0.999488  -2.087712  1.000000  
24.559659 -0.013189  -0.010949  -0.001337  0.637017  0.637556  0.433280  -0.694623  0.718474  -0.035960  -0.334227  -0.278059  0.900542  -0.041383  0.005927  0.021747  -1.565937  -1.007231  -2.091745  1.000000  
24.560679 -0.013235  -0.010943  -0.001312  0.638020  0.636775  0.432952  -0.692849  0.720078  -0.038055  -0.335992  -0.275690  0.900613  -0.041942  0.006047  0.022130  -1.579117  -1.024576  -2.106035  1.000000  
24.561910 -0.013293  -0.010935  -0.001280  0.639098  0.636004  0.432496  -0.690873  0.721836  -0.040591  -0.338008  -0.272858  0.900722  -0.042636  0.006183  0.022618  -1.595697  -1.038672  -2.105549  1.000000  
24.562916 -0.013340  -0.010928  -0.001253  0.639976  0.635340  0.432173  -0.689255  0.723265  -0.042605  -0.339644  -0.270612  0.900784  -0.043112  0.006310  0.023093  -1.607691  -1.045882  -2.110121  1.000000  
24.564166 -0.013401  -0.010919  -0.001218  0.641038  0.634565  0.431738  -0.687271  0.724997  -0.045146  -0.341657  -0.267781  0.900868  -0.043844  0.006483  0.023677  -1.620493  -1.051933  -2.106285  1.000000  
24.565411 -0.013462  -0.010909  -0.001184  0.642341  0.633517  0.431339  -0.684984  0.726995  -0.047689  -0.343794  -0.264828  0.900928  -0.044466  0.006639  0.024215  -1.636415  -1.061401  -2.126038  1.000000  
24.566658 -0.013523  -0.010900  -0.001148  0.643525  0.632640  0.430862  -0.682858  0.728822  -0.050237  -0.345803  -0.261889  0.901019  -0.045110  0.006754  0.024838  -1.647525  -1.066915  -2.134169  1.000000  
24.567660 -0.013573  -0.010892  -0.001120  0.644375  0.631970  0.430575  -0.681227  0.730205  -0.052260  -0.347435  -0.259644  0.901040  -0.045759  0.006873  0.025390  -1.656840  -1.075973  -2.132277  1.000000  
24.568660 -0.013623  -0.010885  -0.001090  0.645359  0.631147  0.430308  -0.679459  0.731709  -0.054196  -0.349065  -0.257401  0.901054  -0.046484  0.006883  0.025990  -1.657607  -1.081162  -2.142788  1.000000  
24.569716 -0.013675  -0.010877  -0.001060  0.646369  0.630347  0.429965  -0.677723  0.733178  -0.056046  -0.350569  -0.255170  0.901104  -0.046907  0.006870  0.026314  -1.657397  -1.081942  -2.141418  1.000000  
24.570909 -0.013742  -0.010869  -0.001023  0.647553  0.629433  0.429522  -0.675615  0.734936  -0.058429  -0.352448  -0.252356  0.901164  -0.048113  0.006941  0.027111  -1.668294  -1.088553  -2.158394  1.000000  
24.571911 -0.013796  -0.010862  -0.000991  0.648517  0.628605  0.429281  -0.673837  0.736409  -0.060371  -0.354076  -0.250114  0.901151  -0.048808  0.006904  0.027696  -1.673555  -1.097394  -2.165598  1.000000  
24.573219 -0.013865  -0.010854  -0.000950  0.649651  0.627715  0.428868  -0.671687  0.738157  -0.062935  -0.356077  -0.247179  0.901172  -0.049415  0.006942  0.028277  -1.666376  -1.096537  -2.169754  1.000000  
24.574422 -0.013935  -0.010845  -0.000909  0.650775  0.626823  0.428467  -0.669532  0.739890  -0.065502  -0.358076  -0.244245  0.901180  -0.050495  0.007017  0.029038  -1.673122  -1.109594  -2.184016  1.000000  
24.575658 -0.014007  -0.010836  -0.000866  0.652199  0.625595  0.428099  -0.667138  0.741850  -0.067719  -0.359950  -0.241434  0.901191  -0.051546  0.007108  0.029800  -1.669025  -1.106202  -2.210342  1.000000  
24.576909 -0.014080  -0.010826  -0.000821  0.653337  0.624668  0.427715  -0.665008  0.743537  -0.070116  -0.361821  -0.238625  0.901190  -0.052436  0.007218  0.030609  -1.666934  -1.106675  -2.210666  1.000000  
24.578158 -0.014153  -0.010816  -0.000776  0.654432  0.623769  0.427352  -0.662839  0.745225  -0.072692  -0.363816  -0.235694  0.901158  -0.053420  0.007362  0.031368  -1.670787  -1.109825  -2.218868  1.000000  
24.579162 -0.014213  -0.010807  -0.000738  0.655383  0.622954  0.427085  -0.661075  0.746606  -0.074560  -0.365311  -0.233470  0.901132  -0.054155  0.007476  0.032062  -1.660698  -1.107850  -2.227811  1.000000  
24.580411 -0.014288  -0.010795  -0.000690  0.656496  0.622073  0.426659  -0.658933  0.748244  -0.077054  -0.367179  -0.230554  0.901124  -0.055163  0.007615  0.033020  -1.662690  -1.112792  -2.229369  1.000000  
24.581414 -0.014348  -0.010785  -0.000652  0.657333  0.621482  0.426232  -0.657333  0.749446  -0.079020  -0.368547  -0.228234  0.901156  -0.055929  0.007769  0.033670  -1.661370  -1.107859  -2.229317  1.000000  
24.582676 -0.014425  -0.010773  -0.000602  0.658464  0.620619  0.425742  -0.655219  0.751037  -0.081435  -0.370288  -0.225333  0.901172  -0.056869  0.007906  0.034547  -1.662760  -1.103825  -2.227610  1.000000  
24.583909 -0.014503  -0.010761  -0.000551  0.659587  0.619703  0.425339  -0.653101  0.752624  -0.083761  -0.372028  -0.222542  0.901150  -0.057877  0.008129  0.035543  -1.662355  -1.099199  -2.233840  1.000000  
24.584970 -0.014566  -0.010751  -0.000511  0.660370  0.619035  0.425098  -0.651457  0.753826  -0.085726  -0.373517  -0.220322  0.901079  -0.058640  0.008299  0.036240  -1.656738  -1.097639  -2.224893  1.000000  
24.586157 -0.014645  -0.010739  -0.000460  0.661477  0.618167  0.424640  -0.649333  0.755379  -0.088149  -0.375254  -0.217424  0.901061  -0.059426  0.008573  0.037042  -1.667569  -1.098264  -2.231344  1.000000  
24.587218 -0.014709  -0.010729  -0.000419  0.662150  0.617672  0.424310  -0.647855  0.756414  -0.090120  -0.376618  -0.215218  0.901022  -0.060054  0.008786  0.037692  -1.659963  -1.099717  -2.210370  1.000000  
24.588408 -0.014789  -0.010717  -0.000367  0.663109  0.616906  0.423927  -0.645861  0.757826  -0.092543  -0.378353  -0.212432  0.900956  -0.061024  0.009120  0.038580  -1.662613  -1.103044  -2.203946  1.000000  
24.589465 -0.014854  -0.010706  -0.000326  0.663940  0.616326  0.423469  -0.644278  0.758938  -0.094438  -0.379591  -0.210131  0.900975  -0.061168  0.009281  0.038830  -1.661182  -1.095400  -2.188147  1.000000  
24.590701 -0.014934  -0.010691  -0.000273  0.665017  0.615503  0.422975  -0.642141  0.760430  -0.096962  -0.381323  -0.207129  0.900939  -0.061657  0.009652  0.039449  -1.662533  -1.090227  -2.181257  1.000000  
24.591713 -0.014999  -0.010680  -0.000230  0.665837  0.614869  0.422607  -0.640553  0.761536  -0.098769  -0.382560  -0.204938  0.900915  -0.062076  0.009914  0.039922  -1.658872  -1.081943  -2.173108  1.000000  
24.592918 -0.015081  -0.010663  -0.000176  0.666936  0.614011  0.422121  -0.638445  0.762995  -0.101122  -0.384166  -0.202059  0.900882  -0.062814  0.010314  0.040648  -1.659758  -1.075933  -2.175110  1.000000  
24.593969 -0.015145  -0.010649  -0.000133  0.667708  0.613355  0.421854  -0.636817  0.764102  -0.103015  -0.385525  -0.199860  0.900792  -0.062919  0.010640  0.040812  -1.653956  -1.070669  -2.165501  1.000000  
24.595217 -0.015227  -0.010632  -0.000078  0.668699  0.612620  0.421354  -0.634877  0.765406  -0.105284  -0.387006  -0.197104  0.900764  -0.063433  0.011038  0.041338  -1.651261  -1.058803  -2.142736  1.000000  
24.596410 -0.015310  -0.010614  -0.000021  0.669813  0.611725  0.420884  -0.632795  0.766825  -0.107468  -0.388486  -0.194350  0.900726  -0.064135  0.011453  0.042046  -1.646408  -1.049043  -2.142693  1.000000  
24.597412 -0.015377  -0.010598  0.000024  0.670643  0.611154  0.420391  -0.631232  0.767855  -0.109295  -0.389595  -0.192067  0.900736  -0.064629  0.011861  0.042532  -1.648349  -1.037946  -2.130043  1.000000  
24.598660 -0.015460  -0.010579  0.000082  0.671651  0.610483  0.419755  -0.629319  0.769095  -0.111581  -0.390950  -0.189216  0.900753  -0.064914  0.012334  0.042948  -1.654235  -1.025816  -2.107729  1.000000  
24.599661 -0.015528  -0.010564  0.000129  0.672472  0.609910  0.419275  -0.627752  0.770107  -0.113412  -0.392058  -0.186935  0.900747  -0.065219  0.012659  0.043416  -1.660921  -1.020881  -2.104015  1.000000  
