1-Time 2-Px 3-Py 4-Pz 5-R11 6-R21 7-R31 8-R12 9-R22 10-R32 11-R13 12-R23 13-R33 14-Vx 15-Vy 16-Vz 17-Wx 18-Wy 19-Wz 20-state
217.692849 -0.026114  -0.015561  0.017915  0.715266  0.698590  -0.019145  -0.580594  0.578760  -0.572667  -0.388979  0.420724  0.819565  0.001313  -0.002394  -0.001952  0.000000  0.000000  0.000000  1.000000  
217.693899 -0.026115  -0.015561  0.017913  0.715266  0.698590  -0.019145  -0.580594  0.578760  -0.572667  -0.388979  0.420724  0.819565  -0.000869  0.000193  -0.002253  0.000000  0.000000  0.000000  1.000000  
217.695128 -0.026096  -0.015550  0.017895  0.715307  0.698546  -0.019230  -0.580627  0.578796  -0.572597  -0.388856  0.420748  0.819611  0.008792  0.005578  -0.009916  0.000000  0.000000  0.000000  1.000000  
217.696138 -0.026074  -0.015536  0.017875  0.715347  0.698505  -0.019230  -0.580660  0.578901  -0.572458  -0.388732  0.420673  0.819708  0.013145  0.008335  -0.013294  0.000000  0.000000  0.000000  1.000000  
217.697369 -0.026054  -0.015524  0.017852  0.715268  0.698580  -0.019433  -0.580840  0.578792  -0.572385  -0.388609  0.420696  0.819755  0.014036  0.008647  -0.014712  0.000000  0.000000  0.000000  1.000000  
217.698386 -0.026043  -0.015520  0.017839  0.715268  0.698580  -0.019433  -0.580840  0.578792  -0.572385  -0.388609  0.420696  0.819755  0.013428  0.007699  -0.014437  0.000000  0.000000  0.000000  1.000000  
217.699614 -0.026028  -0.015517  0.017826  0.715268  0.698578  -0.019518  -0.580840  0.578723  -0.572455  -0.388609  0.420796  0.819704  0.013244  0.006711  -0.013611  0.000000  0.000000  0.000000  1.000000  
217.700863 -0.026007  -0.015509  0.017814  0.715308  0.698534  -0.019603  -0.580873  0.578758  -0.572386  -0.388486  0.420819  0.819750  0.013823  0.006702  -0.012997  0.000000  0.000000  0.000000  1.000000  
217.702111 -0.025988  -0.015499  0.017798  0.715308  0.698534  -0.019603  -0.580873  0.578758  -0.572386  -0.388486  0.420819  0.819750  0.014031  0.006824  -0.012958  0.000000  0.000000  0.000000  1.000000  
217.703360 -0.025969  -0.015491  0.017778  0.715189  0.698653  -0.019721  -0.581020  0.578615  -0.572382  -0.388486  0.420819  0.819750  0.014133  0.006833  -0.013326  0.000000  0.000000  0.000000  1.000000  
217.704360 -0.025954  -0.015483  0.017761  0.715308  0.698534  -0.019603  -0.580873  0.578758  -0.572386  -0.388486  0.420819  0.819750  0.014225  0.006897  -0.013690  0.000000  0.000000  0.000000  1.000000  
217.705393 -0.025939  -0.015475  0.017746  0.715308  0.698532  -0.019688  -0.580873  0.578689  -0.572456  -0.388486  0.420919  0.819699  0.014253  0.007014  -0.013769  0.000000  0.000000  0.000000  1.000000  
217.706613 -0.025917  -0.015463  0.017725  0.715148  0.698694  -0.019721  -0.580987  0.578510  -0.572521  -0.388609  0.420895  0.819653  0.014625  0.007287  -0.014034  0.000000  0.000000  0.000000  1.000000  
217.707614 -0.025894  -0.015451  0.017704  0.715148  0.698694  -0.019721  -0.580987  0.578510  -0.572521  -0.388609  0.420895  0.819653  0.015194  0.007583  -0.014558  0.000000  0.000000  0.000000  1.000000  
217.708864 -0.025857  -0.015431  0.017669  0.714988  0.698860  -0.019669  -0.581101  0.578400  -0.572516  -0.388732  0.420772  0.819657  0.017238  0.008686  -0.016328  0.000000  0.000000  0.000000  1.000000  
217.709868 -0.025824  -0.015410  0.017640  0.714988  0.698860  -0.019669  -0.581101  0.578400  -0.572516  -0.388732  0.420772  0.819657  0.018445  0.009472  -0.017329  0.000000  0.000000  0.000000  1.000000  
217.711115 -0.025786  -0.015382  0.017606  0.714948  0.698906  -0.019499  -0.581069  0.578434  -0.572515  -0.388856  0.420649  0.819662  0.019258  0.010275  -0.017949  0.000000  0.000000  0.000000  1.000000  
217.712360 -0.025757  -0.015360  0.017583  0.714828  0.699027  -0.019532  -0.581216  0.578359  -0.572441  -0.388856  0.420549  0.819713  0.019846  0.010980  -0.017942  0.000000  0.000000  0.000000  1.000000  
217.713362 -0.025738  -0.015347  0.017570  0.714709  0.699146  -0.019650  -0.581363  0.578215  -0.572437  -0.388856  0.420549  0.819713  0.020369  0.011558  -0.017957  0.000000  0.000000  0.000000  1.000000  
217.714608 -0.025715  -0.015332  0.017554  0.714469  0.699387  -0.019801  -0.581657  0.577997  -0.572359  -0.388856  0.420450  0.819764  0.020871  0.012339  -0.018165  0.000000  0.000000  0.000000  1.000000  
217.715608 -0.025695  -0.015319  0.017537  0.714309  0.699549  -0.019833  -0.581771  0.577817  -0.572424  -0.388979  0.420426  0.819718  0.021121  0.012815  -0.018682  0.000000  0.000000  0.000000  1.000000  
217.716610 -0.025675  -0.015303  0.017515  0.714189  0.699671  -0.019866  -0.581918  0.577743  -0.572350  -0.388979  0.420327  0.819769  0.021349  0.013340  -0.019342  0.000000  0.000000  0.000000  1.000000  
217.717861 -0.025652  -0.015286  0.017482  0.713909  0.699954  -0.019932  -0.582180  0.577488  -0.572341  -0.389102  0.420204  0.819773  0.021730  0.014041  -0.020406  0.000000  0.000000  0.000000  1.000000  
217.719108 -0.025632  -0.015270  0.017448  0.713629  0.700236  -0.020083  -0.582441  0.577165  -0.572402  -0.389225  0.420180  0.819727  0.021780  0.014377  -0.021137  0.000000  0.000000  0.000000  1.000000  
217.720108 -0.025614  -0.015256  0.017423  0.713509  0.700357  -0.020116  -0.582587  0.577090  -0.572328  -0.389225  0.420080  0.819778  0.021950  0.014765  -0.021764  0.000000  0.000000  0.000000  1.000000  
217.721108 -0.025593  -0.015241  0.017399  0.713349  0.700524  -0.019979  -0.582701  0.577049  -0.572253  -0.389349  0.419858  0.819834  0.022265  0.015142  -0.022357  0.000000  0.000000  0.000000  1.000000  
217.722361 -0.025563  -0.015219  0.017370  0.713069  0.700810  -0.019959  -0.582962  0.576864  -0.572174  -0.389472  0.419635  0.819889  0.022447  0.015762  -0.022619  0.000000  0.000000  0.000000  1.000000  
217.723364 -0.025540  -0.015201  0.017348  0.712829  0.701052  -0.020025  -0.583256  0.576714  -0.572026  -0.389472  0.419436  0.819991  0.022187  0.015937  -0.022426  0.000000  0.000000  0.000000  1.000000  
217.724373 -0.025520  -0.015182  0.017327  0.712668  0.701219  -0.019888  -0.583369  0.576673  -0.571952  -0.389595  0.419214  0.820046  0.021153  0.015801  -0.021629  0.000000  0.000000  0.000000  1.000000  
217.725374 -0.025500  -0.015163  0.017312  0.712548  0.701343  -0.019835  -0.583516  0.576667  -0.571808  -0.389595  0.419015  0.820148  0.020378  0.015581  -0.020761  0.000000  0.000000  0.000000  1.000000  
217.726615 -0.025477  -0.015141  0.017297  0.712428  0.701469  -0.019698  -0.583663  0.576731  -0.571594  -0.389595  0.418716  0.820300  0.019687  0.015360  -0.019935  0.000000  0.000000  0.000000  1.000000  
217.727870 -0.025457  -0.015124  0.017284  0.712188  0.701711  -0.019763  -0.583956  0.576581  -0.571446  -0.389595  0.418517  0.820402  0.019404  0.015323  -0.019661  0.000000  0.000000  0.000000  1.000000  
217.729110 -0.025438  -0.015110  0.017265  0.711947  0.701956  -0.019743  -0.584249  0.576499  -0.571228  -0.389595  0.418219  0.820554  0.019118  0.015238  -0.019823  0.000000  0.000000  0.000000  1.000000  
217.730112 -0.025421  -0.015099  0.017245  0.711786  0.702122  -0.019605  -0.584363  0.576458  -0.571154  -0.389718  0.417996  0.820609  0.018907  0.015124  -0.020139  0.000000  0.000000  0.000000  1.000000  
217.731359 -0.025399  -0.015082  0.017214  0.711666  0.702246  -0.019552  -0.584509  0.576452  -0.571010  -0.389718  0.417797  0.820710  0.018698  0.014977  -0.020470  0.000000  0.000000  0.000000  1.000000  
217.732366 -0.025380  -0.015068  0.017188  0.711666  0.702248  -0.019467  -0.584509  0.576521  -0.570940  -0.389718  0.417697  0.820761  0.018721  0.014940  -0.020348  0.000000  0.000000  0.000000  1.000000  
217.733609 -0.025358  -0.015054  0.017160  0.711546  0.702371  -0.019414  -0.584656  0.576515  -0.570796  -0.389718  0.417498  0.820862  0.018842  0.014779  -0.019934  0.000000  0.000000  0.000000  1.000000  
217.734860 -0.025335  -0.015041  0.017140  0.711305  0.702616  -0.019394  -0.584949  0.576434  -0.570578  -0.389718  0.417199  0.821014  0.018922  0.014595  -0.019266  0.000000  0.000000  0.000000  1.000000  
217.735865 -0.025315  -0.015028  0.017127  0.711345  0.702577  -0.019308  -0.584982  0.576607  -0.570369  -0.389595  0.417024  0.821162  0.018812  0.014408  -0.018420  0.000000  0.000000  0.000000  1.000000  
217.737109 -0.025287  -0.015009  0.017113  0.711225  0.702701  -0.019255  -0.585128  0.576601  -0.570225  -0.389595  0.416825  0.821263  0.018685  0.014236  -0.017444  0.000000  0.000000  0.000000  1.000000  
217.738109 -0.025266  -0.014992  0.017101  0.711265  0.702665  -0.019084  -0.585161  0.576844  -0.569945  -0.389472  0.416549  0.821461  0.018605  0.014170  -0.016708  0.000000  0.000000  0.000000  1.000000  
217.739111 -0.025245  -0.014976  0.017088  0.711265  0.702669  -0.018914  -0.585161  0.576982  -0.569805  -0.389472  0.416350  0.821562  0.018660  0.014053  -0.016322  0.000000  0.000000  0.000000  1.000000  
217.740112 -0.025225  -0.014961  0.017075  0.711305  0.702631  -0.018828  -0.585194  0.577156  -0.569595  -0.389349  0.416174  0.821710  0.018693  0.013795  -0.016012  0.000000  0.000000  0.000000  1.000000  
217.741117 -0.025205  -0.014948  0.017062  0.711346  0.702595  -0.018657  -0.585227  0.577398  -0.569315  -0.389225  0.415899  0.821908  0.018792  0.013364  -0.016152  0.000000  0.000000  0.000000  1.000000  
217.742367 -0.025181  -0.014935  0.017042  0.711386  0.702559  -0.018487  -0.585261  0.577641  -0.569035  -0.389102  0.415623  0.822105  0.018926  0.013051  -0.016581  0.000000  0.000000  0.000000  1.000000  
217.743378 -0.025165  -0.014925  0.017024  0.711386  0.702563  -0.018316  -0.585261  0.577779  -0.568895  -0.389102  0.415424  0.822206  0.018987  0.012941  -0.016970  0.000000  0.000000  0.000000  1.000000  
217.744614 -0.025147  -0.014914  0.016998  0.711426  0.702527  -0.018145  -0.585294  0.578021  -0.568615  -0.388979  0.415148  0.822404  0.018886  0.012785  -0.017092  0.000000  0.000000  0.000000  1.000000  
217.745616 -0.025132  -0.014903  0.016978  0.711587  0.702371  -0.017858  -0.585180  0.578408  -0.568338  -0.388856  0.414872  0.822601  0.018701  0.012617  -0.016855  0.000000  0.000000  0.000000  1.000000  
217.746622 -0.025116  -0.014892  0.016961  0.711587  0.702376  -0.017687  -0.585180  0.578546  -0.568198  -0.388856  0.414672  0.822702  0.018531  0.012451  -0.016221  0.173103  0.071545  0.120891  1.000000  
217.747869 -0.025097  -0.014877  0.016947  0.711627  0.702341  -0.017432  -0.585213  0.578857  -0.567847  -0.388732  0.414297  0.822949  0.018326  0.012369  -0.015155  0.190742  0.069754  0.107531  1.000000  
217.749115 -0.025080  -0.014864  0.016939  0.711667  0.702305  -0.017261  -0.585246  0.579098  -0.567567  -0.388609  0.414020  0.823147  0.017916  0.012372  -0.014080  0.204318  0.071991  0.092131  1.000000  
217.750365 -0.025064  -0.014849  0.016933  0.711747  0.702228  -0.017091  -0.585312  0.579444  -0.567146  -0.388362  0.413668  0.823440  0.017331  0.012360  -0.013329  0.221917  0.078220  0.074676  1.000000  
217.751365 -0.025050  -0.014835  0.016926  0.711908  0.702072  -0.016803  -0.585199  0.579830  -0.566868  -0.388239  0.413391  0.823637  0.016953  0.012380  -0.013026  0.231394  0.076450  0.061302  1.000000  
217.752367 -0.025033  -0.014820  0.016916  0.711988  0.701992  -0.016718  -0.585265  0.580106  -0.566517  -0.387992  0.413138  0.823880  0.016509  0.012208  -0.012963  0.242197  0.085573  0.049530  1.000000  
217.753616 -0.025013  -0.014803  0.016900  0.712028  0.701958  -0.016463  -0.585298  0.580416  -0.566166  -0.387869  0.412762  0.824127  0.016092  0.011971  -0.012962  0.253730  0.083154  0.035877  1.000000  
217.754864 -0.024997  -0.014790  0.016882  0.712108  0.701880  -0.016293  -0.585364  0.580761  -0.565744  -0.387622  0.412408  0.824420  0.015414  0.011608  -0.013071  0.260435  0.092225  0.024230  1.000000  
217.755867 -0.024989  -0.014782  0.016868  0.712068  0.701921  -0.016324  -0.585576  0.580892  -0.565389  -0.387376  0.412154  0.824663  0.014741  0.011310  -0.013080  0.265268  0.098127  0.014720  1.000000  
217.756869 -0.024981  -0.014774  0.016856  0.712108  0.701886  -0.016069  -0.585609  0.581202  -0.565037  -0.387252  0.411777  0.824909  0.013809  0.011024  -0.012968  0.276098  0.099259  0.007038  1.000000  
217.757881 -0.024977  -0.014767  0.016845  0.712188  0.701807  -0.015984  -0.585675  0.581477  -0.564685  -0.387006  0.411523  0.825152  0.012968  0.010867  -0.012455  0.282699  0.104354  -0.002671  1.000000  
217.759115 -0.024972  -0.014757  0.016832  0.712147  0.701851  -0.015845  -0.585887  0.581745  -0.564189  -0.386759  0.411069  0.825494  0.012132  0.010749  -0.011790  0.297781  0.113595  -0.014391  1.000000  
217.760364 -0.024966  -0.014748  0.016822  0.712227  0.701776  -0.015590  -0.585953  0.582157  -0.563696  -0.386512  0.410614  0.825835  0.011328  0.010572  -0.010711  0.312720  0.118776  -0.024082  1.000000  
217.761612 -0.024962  -0.014736  0.016815  0.712226  0.701780  -0.015451  -0.586198  0.582527  -0.563058  -0.386142  0.410082  0.826273  0.010301  0.010373  -0.009750  0.324970  0.130850  -0.030074  1.000000  
217.762864 -0.024957  -0.014725  0.016811  0.712306  0.701706  -0.015111  -0.586264  0.583006  -0.562493  -0.385895  0.409527  0.826664  0.009318  0.010135  -0.009103  0.343927  0.136027  -0.039740  1.000000  
217.764109 -0.024951  -0.014713  0.016805  0.712305  0.701712  -0.014887  -0.586509  0.583443  -0.561784  -0.385525  0.408893  0.827150  0.008606  0.010039  -0.008983  0.365384  0.146898  -0.045345  1.000000  
217.765359 -0.024945  -0.014701  0.016796  0.712304  0.701717  -0.014749  -0.586754  0.583812  -0.561145  -0.385154  0.408359  0.827586  0.007979  0.009854  -0.009176  0.377521  0.154901  -0.049256  1.000000  
217.766361 -0.024937  -0.014691  0.016785  0.712383  0.701641  -0.014494  -0.586819  0.584222  -0.560650  -0.384907  0.407903  0.827926  0.007514  0.009581  -0.009402  0.389738  0.162935  -0.053191  1.000000  
217.767608 -0.024928  -0.014679  0.016769  0.712381  0.701647  -0.014270  -0.587064  0.584657  -0.559939  -0.384537  0.407268  0.828411  0.006752  0.009207  -0.009551  0.409239  0.172348  -0.057542  1.000000  
217.768858 -0.024921  -0.014669  0.016756  0.712419  0.701612  -0.014132  -0.587341  0.585126  -0.559158  -0.384043  0.406655  0.828941  0.005903  0.008760  -0.009367  0.423406  0.189737  -0.059267  1.000000  
217.769867 -0.024919  -0.014664  0.016748  0.712538  0.701494  -0.013963  -0.587440  0.585569  -0.558591  -0.383672  0.406220  0.829326  0.005142  0.008372  -0.008854  0.435054  0.199380  -0.063669  1.000000  
217.771114 -0.024918  -0.014659  0.016743  0.712615  0.701417  -0.013911  -0.587749  0.586071  -0.557738  -0.383054  0.405628  0.829901  0.004526  0.008093  -0.008075  0.445065  0.216599  -0.065305  1.000000  
217.772368 -0.024917  -0.014652  0.016740  0.712773  0.701262  -0.013658  -0.587880  0.586682  -0.556957  -0.382560  0.405013  0.830429  0.004130  0.007953  -0.007308  0.460937  0.230495  -0.071687  1.000000  
217.773617 -0.024914  -0.014645  0.016736  0.712849  0.701185  -0.013606  -0.588189  0.587183  -0.556102  -0.381942  0.404420  0.831002  0.003969  0.007786  -0.006676  0.474844  0.251492  -0.075219  1.000000  
217.774864 -0.024911  -0.014637  0.016731  0.712886  0.701151  -0.013468  -0.588466  0.587648  -0.555318  -0.381447  0.403804  0.831529  0.003869  0.007668  -0.006289  0.488314  0.268531  -0.075923  1.000000  
217.775873 -0.024907  -0.014631  0.016726  0.713043  0.700996  -0.013216  -0.588596  0.588257  -0.554535  -0.380952  0.403186  0.832055  0.003850  0.007489  -0.006191  0.505917  0.283425  -0.076004  1.000000  
217.777116 -0.024900  -0.014623  0.016717  0.713239  0.700801  -0.012965  -0.588758  0.588966  -0.553609  -0.380334  0.402490  0.832676  0.003956  0.007203  -0.006439  0.526511  0.299716  -0.083796  1.000000  
217.778364 -0.024890  -0.014614  0.016706  0.713435  0.700606  -0.012715  -0.588920  0.589674  -0.552683  -0.379715  0.401792  0.833295  0.004336  0.007103  -0.006842  0.542334  0.313266  -0.090771  1.000000  
217.779365 -0.024881  -0.014606  0.016697  0.713631  0.700409  -0.012551  -0.589081  0.590314  -0.551827  -0.379096  0.401194  0.833864  0.004605  0.006944  -0.007155  0.563199  0.332087  -0.099270  1.000000  
217.780366 -0.024873  -0.014599  0.016687  0.713788  0.700254  -0.012300  -0.589210  0.590919  -0.551041  -0.378600  0.400574  0.834387  0.004684  0.006744  -0.007200  0.579477  0.344232  -0.105001  1.000000  
217.781366 -0.024866  -0.014593  0.016678  0.713983  0.700060  -0.012051  -0.589372  0.591623  -0.550112  -0.377981  0.399873  0.835004  0.004721  0.006511  -0.007078  0.597206  0.363255  -0.106939  1.000000  
217.782614 -0.024859  -0.014586  0.016670  0.714338  0.699703  -0.011691  -0.589418  0.592571  -0.549041  -0.377238  0.399092  0.835714  0.004551  0.006136  -0.006541  0.620435  0.376793  -0.120320  1.000000  
217.783614 -0.024855  -0.014581  0.016665  0.714532  0.699507  -0.011529  -0.589578  0.593207  -0.548182  -0.376618  0.398491  0.836280  0.004517  0.005969  -0.006145  0.631431  0.389742  -0.126909  1.000000  
217.784615 -0.024852  -0.014578  0.016663  0.714727  0.699313  -0.011282  -0.589738  0.593908  -0.547250  -0.375998  0.397787  0.836893  0.004510  0.005812  -0.005783  0.653021  0.405211  -0.133584  1.000000  
217.785859 -0.024848  -0.014574  0.016659  0.715119  0.698916  -0.011011  -0.589815  0.594886  -0.546104  -0.375130  0.397024  0.837645  0.004628  0.005690  -0.005652  0.677281  0.416542  -0.153375  1.000000  
217.787109 -0.024843  -0.014569  0.016652  0.715473  0.698561  -0.010570  -0.589859  0.595894  -0.544956  -0.374386  0.396136  0.838398  0.004941  0.005629  -0.005850  0.700267  0.430044  -0.166523  1.000000  
217.788360 -0.024836  -0.014563  0.016643  0.715743  0.698287  -0.010329  -0.590082  0.596790  -0.543733  -0.373517  0.395268  0.839195  0.005287  0.005541  -0.006229  0.724422  0.454197  -0.177794  1.000000  
217.789609 -0.024827  -0.014555  0.016631  0.716173  0.697851  -0.010064  -0.590188  0.597861  -0.542439  -0.372524  0.394420  0.840035  0.005596  0.005527  -0.006712  0.749888  0.468922  -0.198517  1.000000  
217.790628 -0.024819  -0.014550  0.016622  0.716525  0.697494  -0.009712  -0.590231  0.598797  -0.541359  -0.371779  0.393629  0.840736  0.005904  0.005466  -0.006989  0.770493  0.486113  -0.213180  1.000000  
217.791874 -0.024809  -0.014543  0.016612  0.716915  0.697100  -0.009194  -0.590304  0.599962  -0.539987  -0.370910  0.392552  0.841623  0.006138  0.005439  -0.007123  0.802442  0.497369  -0.232281  1.000000  
217.793120 -0.024798  -0.014535  0.016604  0.717342  0.696665  -0.008849  -0.590409  0.601092  -0.538615  -0.369915  0.391596  0.842505  0.006240  0.005336  -0.006946  0.823427  0.518944  -0.248980  1.000000  
217.794365 -0.024788  -0.014527  0.016597  0.717731  0.696269  -0.008418  -0.590481  0.602186  -0.537312  -0.369045  0.390617  0.843341  0.006195  0.005286  -0.006605  0.849022  0.529891  -0.267768  1.000000  
217.795613 -0.024782  -0.014520  0.016592  0.718157  0.695835  -0.007992  -0.590584  0.603375  -0.535863  -0.368050  0.389554  0.844267  0.005883  0.005141  -0.006175  0.874650  0.545000  -0.288428  1.000000  
217.796625 -0.024778  -0.014515  0.016588  0.718545  0.695438  -0.007734  -0.590655  0.604334  -0.534703  -0.367179  0.388776  0.845005  0.005716  0.005017  -0.005828  0.893159  0.562548  -0.303296  1.000000  
217.797859 -0.024775  -0.014511  0.016584  0.718970  0.695003  -0.007311  -0.590756  0.605518  -0.533249  -0.366183  0.387709  0.845926  0.005493  0.004892  -0.005616  0.919178  0.573940  -0.322120  1.000000  
217.799109 -0.024771  -0.014507  0.016578  0.719432  0.694528  -0.006977  -0.590887  0.606733  -0.531722  -0.365062  0.386660  0.846890  0.005501  0.004811  -0.005677  0.945066  0.589367  -0.342823  1.000000  
217.800109 -0.024768  -0.014504  0.016571  0.719817  0.694130  -0.006808  -0.590956  0.607621  -0.530630  -0.364190  0.385980  0.847576  0.005515  0.004836  -0.006004  0.955667  0.602003  -0.354753  1.000000  
217.801362 -0.024764  -0.014499  0.016560  0.720277  0.693656  -0.006478  -0.591085  0.608829  -0.529098  -0.363068  0.384927  0.848536  0.005575  0.004938  -0.006460  0.984902  0.617076  -0.375108  1.000000  
217.802609 -0.024757  -0.014492  0.016549  0.720737  0.693183  -0.006066  -0.591214  0.610099  -0.527490  -0.361946  0.383768  0.849539  0.005577  0.004990  -0.006668  1.014321  0.628332  -0.393548  1.000000  
217.803861 -0.024750  -0.014484  0.016539  0.721316  0.692583  -0.005632  -0.591193  0.611443  -0.525955  -0.360823  0.382709  0.850494  0.005516  0.005048  -0.006615  1.039519  0.643546  -0.413837  1.000000  
217.805109 -0.024742  -0.014477  0.016531  0.721811  0.692069  -0.005397  -0.591350  0.612674  -0.524343  -0.359575  0.381668  0.851490  0.005445  0.005074  -0.006379  1.060684  0.658856  -0.434084  1.000000  
217.806109 -0.024735  -0.014471  0.016527  0.722230  0.691635  -0.004988  -0.591445  0.613837  -0.522874  -0.358576  0.380585  0.852396  0.005351  0.005102  -0.006085  1.087566  0.672912  -0.446781  1.000000  
217.807134 -0.024731  -0.014465  0.016525  0.722611  0.691239  -0.004576  -0.591509  0.614902  -0.521549  -0.357702  0.379584  0.853209  0.004989  0.005064  -0.005626  1.110292  0.683845  -0.458956  1.000000  
217.808365 -0.024725  -0.014458  0.016523  0.723103  0.690728  -0.004179  -0.591662  0.616249  -0.519781  -0.356452  0.378328  0.854289  0.004669  0.005038  -0.005254  1.133882  0.698586  -0.471771  1.000000  
217.809366 -0.024721  -0.014453  0.016521  0.723678  0.690126  -0.003925  -0.591636  0.617451  -0.518383  -0.355327  0.377464  0.855140  0.004460  0.004928  -0.005031  1.150919  0.713990  -0.492134  1.000000  
217.810366 -0.024718  -0.014447  0.016519  0.724094  0.689692  -0.003523  -0.591727  0.618602  -0.516905  -0.354326  0.376372  0.856036  0.004396  0.004927  -0.004913  1.172202  0.726227  -0.502531  1.000000  
217.811366 -0.024714  -0.014443  0.016514  0.724546  0.689219  -0.003295  -0.591848  0.619719  -0.515427  -0.353199  0.375401  0.856927  0.004350  0.004904  -0.004955  1.186698  0.740343  -0.514988  1.000000  
217.812638 -0.024709  -0.014439  0.016508  0.725155  0.688580  -0.002719  -0.591847  0.621256  -0.513573  -0.351947  0.374029  0.858041  0.004440  0.004872  -0.005134  1.214239  0.756281  -0.529200  1.000000  
217.813860 -0.024706  -0.014434  0.016501  0.725641  0.688070  -0.002251  -0.591995  0.622646  -0.511716  -0.350695  0.372655  0.859152  0.004410  0.004955  -0.005246  1.239928  0.769017  -0.539398  1.000000  
217.815109 -0.024700  -0.014428  0.016494  0.726248  0.687431  -0.001764  -0.591992  0.624112  -0.509931  -0.349441  0.371381  0.860213  0.004489  0.005027  -0.005153  1.262576  0.783433  -0.551639  1.000000  
217.816111 -0.024696  -0.014423  0.016489  0.726817  0.686830  -0.001358  -0.591959  0.625418  -0.508368  -0.348313  0.370294  0.861139  0.004606  0.005155  -0.004868  1.285920  0.793473  -0.570652  1.000000  
217.817362 -0.024690  -0.014416  0.016485  0.727422  0.686190  -0.000794  -0.591953  0.626936  -0.506501  -0.347058  0.368910  0.862239  0.004555  0.005154  -0.004348  1.308445  0.803881  -0.580890  1.000000  
217.818609 -0.024684  -0.014408  0.016483  0.728061  0.685512  -0.000323  -0.591975  0.628480  -0.504558  -0.345678  0.367540  0.863378  0.004426  0.005192  -0.003766  1.331200  0.818583  -0.593061  1.000000  
217.819861 -0.024679  -0.014400  0.016483  0.728734  0.684796  0.000221  -0.592024  0.630172  -0.502385  -0.344171  0.365975  0.864644  0.004265  0.005201  -0.003249  1.360398  0.830753  -0.610924  1.000000  
217.821110 -0.024675  -0.014394  0.016483  0.729492  0.683988  0.000953  -0.591893  0.631967  -0.500281  -0.342788  0.364387  0.865863  0.004026  0.005138  -0.002941  1.386485  0.840190  -0.625584  1.000000  
217.822362 -0.024671  -0.014387  0.016481  0.730163  0.683272  0.001405  -0.591938  0.633585  -0.498176  -0.341280  0.362918  0.867075  0.003921  0.005108  -0.002898  1.408641  0.858851  -0.639103  1.000000  
217.823363 -0.024668  -0.014383  0.016479  0.730725  0.682669  0.001958  -0.591896  0.634985  -0.496440  -0.340147  0.361603  0.868069  0.003792  0.004992  -0.002930  1.430835  0.869236  -0.649156  1.000000  
217.824381 -0.024666  -0.014378  0.016474  0.731287  0.682066  0.002507  -0.591852  0.636381  -0.494702  -0.339015  0.360285  0.869059  0.003693  0.004944  -0.003175  1.456319  0.878444  -0.660687  1.000000  
217.825618 -0.024664  -0.014374  0.016469  0.732039  0.681254  0.003305  -0.591713  0.638213  -0.492504  -0.337630  0.358576  0.870304  0.003522  0.004829  -0.003236  1.485780  0.887056  -0.676667  1.000000  
217.826868 -0.024662  -0.014370  0.016463  0.732669  0.680574  0.003915  -0.591723  0.639837  -0.490379  -0.336244  0.356969  0.871501  0.003347  0.004761  -0.003270  1.508458  0.898112  -0.686633  1.000000  
217.828115 -0.024660  -0.014365  0.016461  0.733453  0.679725  0.004530  -0.591609  0.641626  -0.488176  -0.334732  0.355374  0.872734  0.003151  0.004792  -0.002883  1.533238  0.906469  -0.702409  1.000000  
217.829375 -0.024660  -0.014361  0.016460  0.734236  0.678875  0.005140  -0.591492  0.643407  -0.485968  -0.333218  0.353775  0.873962  0.002888  0.004724  -0.002427  1.561559  0.918666  -0.719757  1.000000  
217.830610 -0.024658  -0.014354  0.016462  0.734895  0.678156  0.005727  -0.591525  0.645100  -0.483678  -0.331704  0.352065  0.875227  0.002695  0.004738  -0.001961  1.592925  0.930220  -0.729950  1.000000  
217.831865 -0.024656  -0.014349  0.016464  0.735675  0.677305  0.006409  -0.591403  0.646926  -0.481383  -0.330189  0.350351  0.876487  0.002398  0.004627  -0.001457  1.614990  0.941237  -0.739479  1.000000  
217.833108 -0.024654  -0.014343  0.016465  0.736418  0.676487  0.007341  -0.591253  0.648831  -0.478998  -0.328799  0.348402  0.877785  0.002163  0.004506  -0.001198  1.650694  0.942128  -0.749055  1.000000  
217.834108 -0.024652  -0.014340  0.016466  0.736970  0.675880  0.007862  -0.591197  0.650183  -0.477230  -0.327662  0.347056  0.878743  0.001966  0.004331  -0.001133  1.669142  0.949031  -0.757325  1.000000  
217.835358 -0.024651  -0.014336  0.016464  0.737623  0.675159  0.008595  -0.591221  0.651964  -0.474764  -0.326144  0.345115  0.880071  0.001757  0.004125  -0.001273  1.701188  0.956010  -0.767718  1.000000  
217.836359 -0.024650  -0.014333  0.016461  0.738328  0.674378  0.009277  -0.591038  0.653588  -0.472755  -0.324879  0.343565  0.881145  0.001592  0.003964  -0.001482  1.724370  0.960978  -0.779158  1.000000  
217.837360 -0.024650  -0.014331  0.016458  0.738910  0.673732  0.009859  -0.591005  0.655067  -0.470744  -0.323614  0.342011  0.882215  0.001366  0.003754  -0.001582  1.746439  0.972030  -0.788779  1.000000  
217.838608 -0.024650  -0.014329  0.016454  0.739680  0.672876  0.010593  -0.590872  0.656907  -0.468341  -0.322094  0.340163  0.883484  0.001178  0.003500  -0.001578  1.767888  0.974883  -0.794442  1.000000  
217.839608 -0.024652  -0.014328  0.016452  0.740259  0.672229  0.011167  -0.590836  0.658375  -0.466322  -0.320827  0.338601  0.884545  0.000892  0.003282  -0.001370  1.790045  0.981950  -0.802389  1.000000  
217.840626 -0.024654  -0.014327  0.016451  0.740837  0.671582  0.011736  -0.590798  0.659836  -0.464300  -0.319559  0.337036  0.885600  0.000663  0.003102  -0.001061  1.809991  0.984483  -0.811329  1.000000  
217.841863 -0.024656  -0.014327  0.016453  0.741481  0.670857  0.012524  -0.590812  0.661628  -0.461725  -0.318038  0.334960  0.886935  0.000423  0.002889  -0.000703  1.841021  0.997659  -0.812307  1.000000  
217.842864 -0.024657  -0.014326  0.016454  0.742056  0.670208  0.013168  -0.590771  0.663133  -0.459614  -0.316769  0.333280  0.888021  0.000255  0.002724  -0.000477  1.860731  1.002012  -0.820875  1.000000  
217.843867 -0.024658  -0.014325  0.016456  0.742785  0.669389  0.013727  -0.590602  0.664741  -0.457503  -0.315373  0.331719  0.889102  0.000115  0.002481  -0.000264  1.878335  1.013142  -0.830205  1.000000  
217.845111 -0.024657  -0.014323  0.016458  0.743489  0.668591  0.014477  -0.590663  0.666674  -0.454602  -0.313594  0.329441  0.890577  0.000096  0.002302  -0.000197  1.917031  1.029390  -0.841042  1.000000  
217.846119 -0.024656  -0.014322  0.016458  0.744060  0.667942  0.015108  -0.590617  0.668158  -0.452479  -0.312324  0.327749  0.891647  0.000005  0.002020  -0.000306  1.936357  1.034691  -0.840824  1.000000  
217.847361 -0.024656  -0.014321  0.016458  0.744850  0.667042  0.015952  -0.590494  0.670127  -0.449719  -0.310671  0.325554  0.893028  -0.000070  0.001682  -0.000456  1.963259  1.046562  -0.846518  1.000000  
217.848608 -0.024655  -0.014321  0.016457  0.745637  0.666143  0.016708  -0.590368  0.672031  -0.447034  -0.309017  0.323461  0.894361  -0.000163  0.001363  -0.000561  1.989113  1.054257  -0.853744  1.000000  
217.849609 -0.024654  -0.014321  0.016456  0.746203  0.665493  0.017326  -0.590317  0.673493  -0.444897  -0.307744  0.321756  0.895414  -0.000227  0.001071  -0.000598  2.005347  1.056499  -0.855696  1.000000  
217.850858 -0.024654  -0.014323  0.016456  0.747019  0.664556  0.018138  -0.590212  0.675513  -0.441963  -0.305961  0.319449  0.896850  -0.000257  0.000760  -0.000369  2.030539  1.067851  -0.860562  1.000000  
217.851874 -0.024655  -0.014324  0.016457  0.747582  0.663902  0.018828  -0.590158  0.677013  -0.439735  -0.304687  0.317627  0.897930  -0.000312  0.000495  -0.000108  2.047810  1.076206  -0.857526  1.000000  
217.853108 -0.024656  -0.014326  0.016459  0.748394  0.662964  0.019628  -0.590048  0.679013  -0.436789  -0.302903  0.315309  0.899350  -0.000393  0.000256  0.000244  2.075079  1.084940  -0.865028  1.000000  
217.854359 -0.024658  -0.014329  0.016463  0.749234  0.661991  0.020406  -0.589961  0.681079  -0.433678  -0.300989  0.312888  0.900837  -0.000460  -0.000011  0.000645  2.101024  1.101177  -0.871689  1.000000  
217.855359 -0.024659  -0.014331  0.016466  0.749977  0.661128  0.021060  -0.589796  0.682794  -0.431199  -0.299458  0.310968  0.902011  -0.000385  -0.000171  0.000944  2.121822  1.112539  -0.880079  1.000000  
217.856365 -0.024659  -0.014333  0.016468  0.750566  0.660439  0.021716  -0.589759  0.684339  -0.428794  -0.298053  0.309031  0.903141  -0.000216  -0.000377  0.001055  2.142184  1.122965  -0.881472  1.000000  
217.857373 -0.024658  -0.014334  0.016469  0.751305  0.659576  0.022360  -0.589590  0.686038  -0.426305  -0.296520  0.307102  0.904303  -0.000061  -0.000528  0.001003  2.165537  1.137357  -0.887314  1.000000  
217.858616 -0.024656  -0.014336  0.016468  0.752136  0.658602  0.023112  -0.589492  0.688060  -0.423170  -0.294603  0.304657  0.905755  0.000101  -0.000747  0.000795  2.193496  1.152239  -0.889510  1.000000  
217.859868 -0.024654  -0.014338  0.016467  0.752964  0.657626  0.023935  -0.589390  0.690120  -0.419944  -0.292684  0.302095  0.907234  0.000190  -0.001013  0.000591  2.223539  1.164938  -0.897632  1.000000  
217.861111 -0.024652  -0.014340  0.016466  0.753941  0.656476  0.024741  -0.589154  0.692327  -0.416630  -0.290637  0.299538  0.908739  0.000285  -0.001213  0.000492  2.253583  1.181936  -0.907273  1.000000  
217.862361 -0.024651  -0.014342  0.016466  0.754763  0.655497  0.025628  -0.589046  0.694409  -0.413305  -0.288716  0.296851  0.910232  0.000367  -0.001422  0.000540  2.283463  1.194786  -0.915085  1.000000  
217.863363 -0.024650  -0.014345  0.016467  0.755491  0.654630  0.026318  -0.588864  0.696105  -0.410703  -0.287178  0.294785  0.911389  0.000328  -0.001629  0.000641  2.303021  1.209265  -0.917236  1.000000  
217.864376 -0.024650  -0.014347  0.016468  0.756127  0.653875  0.026822  -0.588859  0.697681  -0.408026  -0.285512  0.292725  0.912576  0.000294  -0.001763  0.000844  2.321694  1.227539  -0.920513  1.000000  
217.865609 -0.024650  -0.014350  0.016471  0.757092  0.652725  0.027595  -0.588610  0.699835  -0.404684  -0.283459  0.290140  0.914040  0.000305  -0.001880  0.000976  2.344877  1.245546  -0.930252  1.000000  
217.866858 -0.024650  -0.014354  0.016474  0.757963  0.651689  0.028179  -0.588536  0.701863  -0.401265  -0.281277  0.287560  0.915528  0.000312  -0.001979  0.001185  2.366329  1.266967  -0.940745  1.000000  
217.867860 -0.024649  -0.014356  0.016476  0.758591  0.650933  0.028744  -0.588523  0.703455  -0.398486  -0.279608  0.285372  0.916724  0.000517  -0.001995  0.001156  2.387864  1.283802  -0.936358  1.000000  
217.869109 -0.024648  -0.014359  0.016477  0.759576  0.649754  0.029393  -0.588286  0.705590  -0.395048  -0.277423  0.282777  0.918190  0.000725  -0.002047  0.000953  2.407861  1.300701  -0.948316  1.000000  
217.870358 -0.024645  -0.014361  0.016476  0.760465  0.648685  0.030012  -0.588224  0.707693  -0.391360  -0.275109  0.279962  0.919748  0.000945  -0.002022  0.000709  2.438520  1.322997  -0.958839  1.000000  
217.871609 -0.024641  -0.014363  0.016476  0.761351  0.647617  0.030621  -0.588158  0.709779  -0.387665  -0.272792  0.277139  0.921292  0.001177  -0.002048  0.000575  2.464872  1.350457  -0.963568  1.000000  
217.872858 -0.024636  -0.014365  0.016475  0.762232  0.646551  0.031221  -0.588087  0.711848  -0.383960  -0.270474  0.274306  0.922822  0.001420  -0.002013  0.000458  2.486119  1.376508  -0.974577  1.000000  
217.873873 -0.024633  -0.014367  0.016475  0.762995  0.645625  0.031733  -0.587924  0.713534  -0.381069  -0.268671  0.272097  0.924002  0.001506  -0.002075  0.000540  2.504682  1.389702  -0.978943  1.000000  
217.875113 -0.024629  -0.014369  0.016476  0.763868  0.644563  0.032315  -0.587846  0.715572  -0.377351  -0.266350  0.269250  0.925506  0.001637  -0.002062  0.000651  2.524766  1.414279  -0.982434  1.000000  
217.876116 -0.024626  -0.014371  0.016477  0.764746  0.643483  0.033046  -0.587520  0.717457  -0.374267  -0.264544  0.266804  0.926732  0.001711  -0.002106  0.000781  2.549940  1.424191  -0.998691  1.000000  
217.877364 -0.024623  -0.014374  0.016480  0.765761  0.642243  0.033666  -0.587297  0.719662  -0.370364  -0.262092  0.263838  0.928277  0.001873  -0.002146  0.001001  2.577317  1.451618  -1.006483  1.000000  
217.878623 -0.024620  -0.014378  0.016482  0.766771  0.641005  0.034274  -0.587069  0.721847  -0.366451  -0.259637  0.260863  0.929806  0.002025  -0.002147  0.001025  2.604030  1.475902  -1.023042  1.000000  
217.879870 -0.024616  -0.014381  0.016484  0.767924  0.639596  0.034768  -0.586700  0.724122  -0.362535  -0.257052  0.258001  0.931321  0.002288  -0.002146  0.000957  2.631386  1.504872  -1.041316  1.000000  
217.881109 -0.024611  -0.014385  0.016484  0.768924  0.638362  0.035352  -0.586461  0.726268  -0.358606  -0.254595  0.255008  0.932820  0.002581  -0.002251  0.000784  2.653472  1.532290  -1.051773  1.000000  
217.882361 -0.024605  -0.014389  0.016485  0.770067  0.636952  0.035897  -0.586080  0.728547  -0.354584  -0.252006  0.252015  0.934335  0.003000  -0.002239  0.000646  2.676331  1.557207  -1.068036  1.000000  
217.883612 -0.024598  -0.014392  0.016485  0.771084  0.635691  0.036434  -0.585852  0.730716  -0.350473  -0.249416  0.248899  0.935864  0.003392  -0.002269  0.000535  2.697174  1.584290  -1.077596  1.000000  
217.884859 -0.024590  -0.014395  0.016486  0.772136  0.634355  0.037407  -0.585399  0.732978  -0.346484  -0.247212  0.245635  0.937310  0.003723  -0.002316  0.000639  2.724033  1.589970  -1.089820  1.000000  
217.886109 -0.024581  -0.014398  0.016489  0.773384  0.632790  0.038136  -0.584841  0.735408  -0.342251  -0.244618  0.242387  0.938834  0.004101  -0.002372  0.000861  2.757954  1.616514  -1.110603  1.000000  
217.887360 -0.024573  -0.014401  0.016494  0.774548  0.631307  0.039074  -0.584219  0.737716  -0.338324  -0.242412  0.239220  0.940218  0.004380  -0.002445  0.001188  2.780385  1.622265  -1.122605  1.000000  
217.888608 -0.024564  -0.014405  0.016499  0.775784  0.629748  0.039697  -0.583650  0.740060  -0.334161  -0.239815  0.236068  0.941680  0.004640  -0.002585  0.001579  2.804163  1.641303  -1.142907  1.000000  
217.889609 -0.024557  -0.014408  0.016504  0.776673  0.628625  0.040113  -0.583318  0.741808  -0.330849  -0.237736  0.233563  0.942831  0.004857  -0.002649  0.001867  2.816797  1.659419  -1.150230  1.000000  
217.890632 -0.024550  -0.014411  0.016509  0.777679  0.627350  0.040589  -0.582822  0.743671  -0.327524  -0.235656  0.231052  0.943971  0.005201  -0.002737  0.002116  2.832139  1.671502  -1.167221  1.000000  
217.891866 -0.024541  -0.014416  0.016513  0.779020  0.625631  0.041389  -0.582076  0.746165  -0.323149  -0.233055  0.227648  0.945443  0.005522  -0.002869  0.002294  2.869974  1.694789  -1.192644  1.000000  
217.892868 -0.024535  -0.014420  0.016516  0.780187  0.624150  0.041779  -0.581447  0.748198  -0.319560  -0.230712  0.225024  0.946645  0.005803  -0.002977  0.002364  2.879801  1.714220  -1.216694  1.000000  
217.894116 -0.024525  -0.014425  0.016519  0.781397  0.622597  0.042331  -0.580849  0.750442  -0.315358  -0.228108  0.221832  0.948028  0.006218  -0.003076  0.002498  2.901211  1.730956  -1.236301  1.000000  
217.895362 -0.024516  -0.014430  0.016522  0.782672  0.620932  0.043210  -0.580048  0.752794  -0.311200  -0.225762  0.218504  0.949362  0.006516  -0.003169  0.002480  2.923868  1.737543  -1.252127  1.000000  
217.896376 -0.024508  -0.014434  0.016523  0.783775  0.619501  0.043763  -0.579367  0.754738  -0.307742  -0.223676  0.215846  0.950463  0.006789  -0.003258  0.002594  2.944192  1.745921  -1.276592  1.000000  
217.897629 -0.024498  -0.014438  0.016526  0.785160  0.617680  0.044674  -0.578393  0.757175  -0.303558  -0.221328  0.212502  0.951765  0.007083  -0.003261  0.002785  2.967179  1.745753  -1.304574  1.000000  
217.898862 -0.024489  -0.014443  0.016530  0.786705  0.615651  0.045498  -0.577285  0.759785  -0.299113  -0.218718  0.209048  0.953132  0.007194  -0.003369  0.002967  2.999844  1.755538  -1.335730  1.000000  
217.899863 -0.024482  -0.014446  0.016533  0.787770  0.614236  0.046186  -0.576571  0.761693  -0.295618  -0.216759  0.206249  0.954189  0.007213  -0.003420  0.003115  3.017073  1.756735  -1.358162  1.000000  
217.901111 -0.024472  -0.014450  0.016537  0.789256  0.612255  0.047105  -0.575417  0.764187  -0.291399  -0.214407  0.202883  0.955441  0.007281  -0.003452  0.003191  3.037517  1.751397  -1.391709  1.000000  
217.902124 -0.024465  -0.014453  0.016541  0.790290  0.610861  0.047870  -0.574676  0.766043  -0.287966  -0.212577  0.200067  0.956443  0.007312  -0.003506  0.003195  3.057652  1.743582  -1.411687  1.000000  
217.903360 -0.024456  -0.014456  0.016543  0.791647  0.609035  0.048695  -0.573673  0.768369  -0.283741  -0.210223  0.196688  0.957664  0.007316  -0.003477  0.003006  3.076637  1.743554  -1.432591  1.000000  
217.904609 -0.024448  -0.014460  0.016543  0.793117  0.607037  0.049706  -0.572500  0.770863  -0.279310  -0.207868  0.193068  0.958914  0.007302  -0.003477  0.002605  3.102654  1.740548  -1.459283  1.000000  
217.905611 -0.024441  -0.014462  0.016542  0.794234  0.605509  0.050518  -0.571566  0.772740  -0.276015  -0.206166  0.190346  0.959825  0.007269  -0.003413  0.002217  3.110913  1.733696  -1.479412  1.000000  
217.906862 -0.024433  -0.014465  0.016539  0.795413  0.603874  0.051516  -0.570677  0.774877  -0.271832  -0.204071  0.186820  0.960965  0.007220  -0.003276  0.001734  3.131036  1.726232  -1.491961  1.000000  
217.907864 -0.024427  -0.014467  0.016536  0.796522  0.602343  0.052302  -0.569736  0.776721  -0.268525  -0.202368  0.184088  0.961852  0.007206  -0.003116  0.001321  3.136366  1.710855  -1.504587  1.000000  
217.909113 -0.024421  -0.014469  0.016531  0.797832  0.600532  0.053148  -0.568689  0.778922  -0.264335  -0.200140  0.180671  0.962965  0.006992  -0.002942  0.000765  3.152524  1.701126  -1.523561  1.000000  
217.910117 -0.024415  -0.014470  0.016526  0.798934  0.598992  0.053980  -0.567740  0.780763  -0.260922  -0.198435  0.177813  0.963850  0.006863  -0.002709  0.000318  3.169464  1.690803  -1.543685  1.000000  
