1-Time 2-Px 3-Py 4-Pz 5-R11 6-R21 7-R31 8-R12 9-R22 10-R32 11-R13 12-R23 13-R33 14-Vx 15-Vy 16-Vz 17-Wx 18-Wy 19-Wz 20-state
219.215844 0.001952  -0.015181  0.003767  0.392749  0.804381  0.445780  -0.898843  0.233235  0.371057  0.194500  -0.546419  0.814614  0.000187  -0.000653  0.000280  0.000000  0.000000  0.000000  1.000000  
219.216912 0.001952  -0.015181  0.003767  0.392749  0.804381  0.445780  -0.898843  0.233235  0.371057  0.194500  -0.546419  0.814614  0.000000  0.000000  0.000000  0.000000  0.000000  0.000000  1.000000  
219.218162 0.001954  -0.015174  0.003763  0.392564  0.804483  0.445759  -0.898924  0.233114  0.370937  0.194500  -0.546320  0.814681  0.001145  0.003524  -0.001896  0.000000  0.000000  0.000000  1.000000  
219.219162 0.001958  -0.015164  0.003759  0.392564  0.804483  0.445759  -0.898924  0.233114  0.370937  0.194500  -0.546320  0.814681  0.002096  0.005444  -0.002814  0.000000  0.000000  0.000000  1.000000  
219.220414 0.001960  -0.015157  0.003754  0.392564  0.804537  0.445662  -0.898924  0.233159  0.370909  0.194500  -0.546221  0.814747  0.001917  0.005610  -0.003058  0.000000  0.000000  0.000000  1.000000  
219.221676 0.001961  -0.015152  0.003753  0.392564  0.804591  0.445564  -0.898924  0.233204  0.370880  0.194500  -0.546122  0.814813  0.001668  0.005265  -0.002674  0.000000  0.000000  0.000000  1.000000  
219.222920 0.001962  -0.015145  0.003753  0.392564  0.804645  0.445466  -0.898924  0.233249  0.370852  0.194500  -0.546023  0.814879  0.001453  0.005277  -0.002157  0.000000  0.000000  0.000000  1.000000  
219.223921 0.001962  -0.015138  0.003750  0.392564  0.804699  0.445369  -0.898924  0.233294  0.370824  0.194500  -0.545924  0.814946  0.001273  0.005552  -0.002162  0.000000  0.000000  0.000000  1.000000  
219.224942 0.001962  -0.015130  0.003747  0.392379  0.804747  0.445445  -0.899004  0.233128  0.370732  0.194500  -0.545924  0.814946  0.001085  0.005809  -0.002251  0.000000  0.000000  0.000000  1.000000  
219.226165 0.001960  -0.015121  0.003743  0.392368  0.804830  0.445304  -0.898981  0.233106  0.370804  0.194631  -0.545811  0.814990  0.000835  0.005995  -0.002434  0.000000  0.000000  0.000000  1.000000  
219.227415 0.001959  -0.015113  0.003738  0.392368  0.804884  0.445206  -0.898981  0.233151  0.370776  0.194631  -0.545712  0.815056  0.000632  0.006041  -0.002602  0.000000  0.000000  0.000000  1.000000  
219.228664 0.001960  -0.015103  0.003734  0.392358  0.804913  0.445163  -0.898957  0.233084  0.370875  0.194762  -0.545698  0.815035  0.000619  0.006238  -0.002681  0.000000  0.000000  0.000000  1.000000  
219.229917 0.001961  -0.015092  0.003728  0.392358  0.804967  0.445065  -0.898957  0.233129  0.370847  0.194762  -0.545599  0.815101  0.000649  0.006429  -0.002832  0.000000  0.000000  0.000000  1.000000  
219.231163 0.001963  -0.015079  0.003722  0.392358  0.804967  0.445065  -0.898957  0.233129  0.370847  0.194762  -0.545599  0.815101  0.000697  0.006781  -0.003043  0.000000  0.000000  0.000000  1.000000  
219.232164 0.001966  -0.015066  0.003714  0.392173  0.805069  0.445044  -0.899037  0.233008  0.370727  0.194762  -0.545500  0.815167  0.000906  0.007607  -0.003513  0.000000  0.000000  0.000000  1.000000  
219.233164 0.001970  -0.015051  0.003708  0.392173  0.805069  0.445044  -0.899037  0.233008  0.370727  0.194762  -0.545500  0.815167  0.000997  0.008151  -0.003665  0.000000  0.000000  0.000000  1.000000  
219.234164 0.001975  -0.015035  0.003702  0.392173  0.805069  0.445044  -0.899037  0.233008  0.370727  0.194762  -0.545500  0.815167  0.001127  0.008641  -0.003709  0.000000  0.000000  0.000000  1.000000  
219.235414 0.001977  -0.015019  0.003698  0.392173  0.805123  0.444946  -0.899037  0.233053  0.370699  0.194762  -0.545401  0.815233  0.001143  0.009165  -0.003774  0.000000  0.000000  0.000000  1.000000  
219.236414 0.001977  -0.015008  0.003695  0.392368  0.805100  0.444816  -0.898981  0.233331  0.370662  0.194631  -0.545317  0.815321  0.001056  0.009742  -0.003906  0.000000  0.000000  0.000000  1.000000  
219.237665 0.001978  -0.014993  0.003691  0.392368  0.805154  0.444718  -0.898981  0.233376  0.370634  0.194631  -0.545218  0.815387  0.001101  0.010289  -0.004150  0.000000  0.000000  0.000000  1.000000  
219.238675 0.001979  -0.014979  0.003685  0.392368  0.805208  0.444620  -0.898981  0.233421  0.370606  0.194631  -0.545119  0.815453  0.001136  0.010747  -0.004398  0.000000  0.000000  0.000000  1.000000  
219.239677 0.001980  -0.014965  0.003679  0.392379  0.805179  0.444664  -0.899004  0.233488  0.370506  0.194500  -0.545133  0.815475  0.001216  0.011162  -0.004643  0.000000  0.000000  0.000000  1.000000  
219.240939 0.001979  -0.014951  0.003671  0.392379  0.805233  0.444566  -0.899004  0.233533  0.370477  0.194500  -0.545034  0.815541  0.001271  0.011500  -0.004854  0.000000  0.000000  0.000000  1.000000  
219.242171 0.001977  -0.014938  0.003665  0.392379  0.805287  0.444469  -0.899004  0.233578  0.370449  0.194500  -0.544936  0.815607  0.001227  0.011859  -0.004976  0.000000  0.000000  0.000000  1.000000  
219.243415 0.001977  -0.014923  0.003658  0.392574  0.805209  0.444436  -0.898947  0.233810  0.370441  0.194369  -0.544950  0.815629  0.001197  0.012191  -0.005146  0.000000  0.000000  0.000000  1.000000  
219.244663 0.001979  -0.014907  0.003651  0.392574  0.805209  0.444436  -0.898947  0.233810  0.370441  0.194369  -0.544950  0.815629  0.001245  0.012477  -0.005233  0.000000  0.000000  0.000000  1.000000  
219.245663 0.001981  -0.014893  0.003646  0.392574  0.805209  0.444436  -0.898947  0.233810  0.370441  0.194369  -0.544950  0.815629  0.001258  0.012810  -0.005218  0.000000  0.000000  0.000000  1.000000  
219.246913 0.001981  -0.014877  0.003639  0.392584  0.805180  0.444480  -0.898971  0.233877  0.370341  0.194237  -0.544964  0.815650  0.001035  0.012804  -0.005111  0.000000  0.000000  0.000000  1.000000  
219.247913 0.001982  -0.014864  0.003634  0.392780  0.805103  0.444447  -0.898914  0.234110  0.370332  0.194106  -0.544979  0.815672  0.000814  0.012686  -0.005026  0.000000  0.000000  0.000000  1.000000  
219.248913 0.001982  -0.014852  0.003631  0.392790  0.805020  0.444589  -0.898938  0.234132  0.370260  0.193975  -0.545092  0.815628  0.000508  0.012470  -0.004807  0.000000  0.000000  0.000000  1.000000  
219.250163 0.001980  -0.014838  0.003626  0.392801  0.804991  0.444632  -0.898962  0.234198  0.370160  0.193844  -0.545107  0.815649  0.000181  0.012289  -0.004798  0.000000  0.000000  0.000000  1.000000  
219.251413 0.001977  -0.014826  0.003620  0.392996  0.804913  0.444600  -0.898905  0.234431  0.370152  0.193712  -0.545121  0.815671  -0.000004  0.012162  -0.004973  0.000000  0.000000  0.000000  1.000000  
219.252663 0.001973  -0.014815  0.003613  0.393192  0.804836  0.444567  -0.898848  0.234663  0.370143  0.193581  -0.545135  0.815692  -0.000336  0.011856  -0.005167  0.000000  0.000000  0.000000  1.000000  
219.253663 0.001970  -0.014805  0.003606  0.393202  0.804806  0.444611  -0.898871  0.234730  0.370044  0.193450  -0.545150  0.815714  -0.000586  0.011598  -0.005263  0.000000  0.000000  0.000000  1.000000  
219.254665 0.001967  -0.014795  0.003601  0.393212  0.804777  0.444655  -0.898895  0.234797  0.369944  0.193318  -0.545164  0.815735  -0.000821  0.011378  -0.005227  0.000000  0.000000  0.000000  1.000000  
219.255676 0.001964  -0.014786  0.003595  0.393418  0.804616  0.444764  -0.898861  0.235052  0.369864  0.193056  -0.545292  0.815712  -0.001044  0.011167  -0.005168  0.000000  0.000000  0.000000  1.000000  
219.256923 0.001959  -0.014777  0.003591  0.393613  0.804539  0.444731  -0.898804  0.235284  0.369855  0.192925  -0.545306  0.815734  -0.001270  0.010913  -0.005020  0.000000  0.000000  0.000000  1.000000  
219.258166 0.001956  -0.014767  0.003587  0.393819  0.804432  0.444743  -0.898770  0.235583  0.369747  0.192662  -0.545335  0.815776  -0.001442  0.010602  -0.004770  0.000000  0.000000  0.000000  1.000000  
219.259417 0.001955  -0.014754  0.003584  0.393840  0.804319  0.444928  -0.898817  0.235672  0.369575  0.192399  -0.545462  0.815753  -0.001635  0.010388  -0.004548  0.000000  0.000000  0.000000  1.000000  
219.260666 0.001955  -0.014740  0.003581  0.394056  0.804183  0.444983  -0.898807  0.236038  0.369367  0.192006  -0.545505  0.815817  -0.001786  0.010126  -0.004328  0.000000  0.000000  0.000000  1.000000  
219.261668 0.001954  -0.014731  0.003577  0.394262  0.804021  0.445093  -0.898773  0.236293  0.369287  0.191743  -0.545633  0.815794  -0.001846  0.009900  -0.004159  0.000000  0.000000  0.000000  1.000000  
219.262913 0.001951  -0.014721  0.003574  0.394477  0.803885  0.445148  -0.898762  0.236659  0.369079  0.191349  -0.545676  0.815858  -0.002066  0.009535  -0.004004  0.000000  0.000000  0.000000  1.000000  
219.263914 0.001950  -0.014714  0.003571  0.394683  0.803723  0.445257  -0.898728  0.236913  0.369000  0.191086  -0.545803  0.815834  -0.002204  0.009172  -0.003975  0.000000  0.000000  0.000000  1.000000  
219.265164 0.001947  -0.014706  0.003566  0.394909  0.803503  0.445455  -0.898740  0.237301  0.368720  0.190561  -0.545959  0.815853  -0.002224  0.008769  -0.004014  0.000000  0.000000  0.000000  1.000000  
219.266164 0.001944  -0.014699  0.003560  0.395115  0.803395  0.445466  -0.898705  0.237601  0.368612  0.190298  -0.545987  0.815895  -0.002190  0.008586  -0.004060  0.000000  0.000000  0.000000  1.000000  
219.267414 0.001940  -0.014691  0.003554  0.395341  0.803175  0.445664  -0.898717  0.237989  0.368333  0.189773  -0.546143  0.815913  -0.002261  0.008381  -0.004000  0.000000  0.000000  0.000000  1.000000  
219.268664 0.001935  -0.014683  0.003548  0.395752  0.802905  0.445786  -0.898647  0.238542  0.368146  0.189247  -0.546298  0.815931  -0.002349  0.008049  -0.003830  0.000000  0.000000  0.000000  1.000000  
219.269914 0.001933  -0.014675  0.003543  0.395987  0.802708  0.445930  -0.898681  0.239042  0.367738  0.188590  -0.546368  0.816036  -0.002266  0.007862  -0.003764  0.001915  -0.103211  -0.206903  1.000000  
219.270921 0.001931  -0.014669  0.003541  0.396213  0.802487  0.446128  -0.898692  0.239430  0.367459  0.188065  -0.546523  0.816054  -0.002076  0.007715  -0.003555  0.008724  -0.114295  -0.222432  1.000000  
219.272178 0.001929  -0.014660  0.003538  0.396439  0.802320  0.446228  -0.898702  0.239863  0.367151  0.187539  -0.546579  0.816137  -0.001948  0.007701  -0.003449  0.011583  -0.122576  -0.237203  1.000000  
219.273419 0.001927  -0.014649  0.003534  0.396674  0.802068  0.446470  -0.898735  0.240318  0.366773  0.186882  -0.546748  0.816175  -0.001988  0.007612  -0.003553  0.015704  -0.141265  -0.249762  1.000000  
219.274420 0.001928  -0.014639  0.003529  0.396715  0.801950  0.446647  -0.898826  0.240586  0.366373  0.186356  -0.546804  0.816258  -0.001904  0.007586  -0.003631  0.015739  -0.156208  -0.259766  1.000000  
219.275671 0.001928  -0.014627  0.003523  0.396950  0.801699  0.446889  -0.898859  0.241041  0.365995  0.185699  -0.546972  0.816295  -0.001860  0.007474  -0.003813  0.018554  -0.167370  -0.275452  1.000000  
219.276918 0.001926  -0.014617  0.003518  0.397185  0.801501  0.447035  -0.898890  0.241541  0.365587  0.185041  -0.547041  0.816398  -0.001810  0.007421  -0.003970  0.017289  -0.182293  -0.293640  1.000000  
219.277926 0.001924  -0.014611  0.003513  0.397420  0.801303  0.447180  -0.898921  0.242041  0.365180  0.184384  -0.547110  0.816501  -0.001798  0.007336  -0.004044  0.017341  -0.197178  -0.303560  1.000000  
219.279164 0.001921  -0.014600  0.003508  0.397480  0.801126  0.447445  -0.899057  0.242443  0.364580  0.183595  -0.547192  0.816623  -0.001874  0.007422  -0.004167  0.013227  -0.214141  -0.313604  1.000000  
219.280164 0.001919  -0.014592  0.003502  0.397519  0.801007  0.447622  -0.899146  0.242711  0.364181  0.183069  -0.547247  0.816705  -0.001902  0.007612  -0.004214  0.013386  -0.227143  -0.323742  1.000000  
219.281164 0.001915  -0.014583  0.003497  0.397754  0.800809  0.447768  -0.899176  0.243210  0.363773  0.182411  -0.547315  0.816807  -0.001920  0.007775  -0.004218  0.013441  -0.242061  -0.333718  1.000000  
219.282414 0.001910  -0.014573  0.003491  0.397813  0.800631  0.448033  -0.899310  0.243612  0.363173  0.181622  -0.547396  0.816928  -0.001977  0.007891  -0.004206  0.014807  -0.264525  -0.340589  1.000000  
219.283414 0.001907  -0.014564  0.003487  0.398047  0.800433  0.448180  -0.899339  0.244112  0.362766  0.180964  -0.547463  0.817029  -0.001923  0.008130  -0.004149  0.013565  -0.275687  -0.356250  1.000000  
219.284664 0.001903  -0.014552  0.003481  0.398116  0.800226  0.448490  -0.899493  0.244581  0.362066  0.180042  -0.547558  0.817169  -0.002019  0.008316  -0.004233  0.013529  -0.295636  -0.368195  1.000000  
219.285914 0.001900  -0.014539  0.003474  0.398184  0.800018  0.448799  -0.899647  0.245050  0.361366  0.179121  -0.547651  0.817309  -0.002066  0.008636  -0.004412  0.010849  -0.317915  -0.375058  1.000000  
219.286918 0.001897  -0.014528  0.003467  0.398427  0.799789  0.448991  -0.899696  0.245617  0.360858  0.178331  -0.547731  0.817428  -0.002122  0.008927  -0.004808  0.010913  -0.336470  -0.387505  1.000000  
219.288170 0.001895  -0.014513  0.003457  0.398495  0.799582  0.449301  -0.899849  0.246086  0.360158  0.177410  -0.547824  0.817566  -0.002164  0.009241  -0.005210  0.012371  -0.357892  -0.394984  1.000000  
219.289420 0.001894  -0.014498  0.003447  0.398757  0.799293  0.449581  -0.899940  0.246786  0.359451  0.176356  -0.547929  0.817724  -0.002251  0.009386  -0.005495  0.008380  -0.380244  -0.409988  1.000000  
219.290668 0.001891  -0.014485  0.003438  0.399018  0.799059  0.449765  -0.900030  0.247531  0.358713  0.175302  -0.547935  0.817947  -0.002432  0.009468  -0.005704  0.004392  -0.402821  -0.425133  1.000000  
219.291673 0.001888  -0.014476  0.003431  0.399075  0.798881  0.450031  -0.900158  0.247933  0.358113  0.174512  -0.548013  0.818063  -0.002572  0.009600  -0.005848  0.000392  -0.413837  -0.432504  1.000000  
219.292915 0.001884  -0.014463  0.003423  0.399355  0.798587  0.450304  -0.900289  0.248811  0.357174  0.173194  -0.548043  0.818323  -0.002682  0.009846  -0.006001  -0.007650  -0.440113  -0.450166  1.000000  
219.293923 0.001880  -0.014453  0.003417  0.399606  0.798328  0.450542  -0.900354  0.249445  0.356566  0.172272  -0.548133  0.818457  -0.002774  0.009987  -0.006119  -0.007570  -0.458694  -0.462587  1.000000  
219.295166 0.001877  -0.014440  0.003410  0.399893  0.798004  0.450860  -0.900503  0.250389  0.355528  0.170822  -0.548174  0.818734  -0.002739  0.010167  -0.006259  -0.015605  -0.488691  -0.482730  1.000000  
219.296413 0.001874  -0.014426  0.003401  0.400180  0.797625  0.451277  -0.900649  0.251291  0.354519  0.169371  -0.548314  0.818942  -0.002726  0.010303  -0.006373  -0.015356  -0.514303  -0.498618  1.000000  
219.297414 0.001870  -0.014416  0.003395  0.400439  0.797389  0.451463  -0.900732  0.252035  0.353781  0.168316  -0.548315  0.819158  -0.002660  0.010461  -0.006404  -0.023347  -0.532773  -0.510987  1.000000  
219.298414 0.001867  -0.014405  0.003388  0.400901  0.797042  0.451666  -0.900772  0.253076  0.352934  0.166997  -0.548340  0.819411  -0.002656  0.010605  -0.006615  -0.031576  -0.559657  -0.530304  1.000000  
219.299666 0.001864  -0.014390  0.003379  0.401195  0.796631  0.452129  -0.900933  0.254044  0.351825  0.165414  -0.548489  0.819633  -0.002597  0.010807  -0.006832  -0.031426  -0.585761  -0.547798  1.000000  
219.300914 0.001861  -0.014374  0.003368  0.401683  0.796193  0.452468  -0.901029  0.255286  0.350678  0.163698  -0.548548  0.819938  -0.002558  0.010999  -0.007069  -0.040324  -0.610661  -0.571381  1.000000  
219.301914 0.001860  -0.014361  0.003361  0.402160  0.795784  0.452764  -0.901103  0.256461  0.349631  0.162114  -0.548594  0.820221  -0.002484  0.011123  -0.007049  -0.045433  -0.640283  -0.599306  1.000000  
219.303164 0.001856  -0.014346  0.003351  0.402655  0.795259  0.453247  -0.901213  0.257727  0.348414  0.160266  -0.548762  0.820472  -0.002600  0.011118  -0.007047  -0.051675  -0.666006  -0.632877  1.000000  
219.304414 0.001852  -0.014332  0.003342  0.403147  0.794788  0.453634  -0.901319  0.259035  0.347166  0.158416  -0.548829  0.820787  -0.002803  0.011071  -0.006991  -0.056709  -0.695690  -0.660873  1.000000  
219.305423 0.001847  -0.014322  0.003336  0.403622  0.794321  0.454030  -0.901384  0.260167  0.346150  0.156831  -0.548969  0.820997  -0.002969  0.011096  -0.006886  -0.062244  -0.723634  -0.689472  1.000000  
219.306669 0.001841  -0.014309  0.003328  0.404121  0.793818  0.454465  -0.901503  0.261541  0.344802  0.154848  -0.549043  0.821324  -0.003131  0.011095  -0.006856  -0.067272  -0.757267  -0.720173  1.000000  
219.307669 0.001837  -0.014299  0.003322  0.404593  0.793405  0.454767  -0.901562  0.262714  0.343753  0.153262  -0.549081  0.821596  -0.003203  0.011084  -0.006883  -0.072889  -0.773161  -0.745288  1.000000  
219.308671 0.001831  -0.014289  0.003315  0.405082  0.792875  0.455256  -0.901656  0.263979  0.342537  0.151411  -0.549240  0.821834  -0.003350  0.011117  -0.006937  -0.074398  -0.809259  -0.779554  1.000000  
219.309914 0.001825  -0.014276  0.003305  0.405787  0.792224  0.455761  -0.901736  0.265716  0.340980  0.149030  -0.549341  0.822201  -0.003546  0.011097  -0.007083  -0.080960  -0.839652  -0.822382  1.000000  
219.311163 0.001818  -0.014262  0.003296  0.406296  0.791601  0.456389  -0.901875  0.267182  0.339462  0.146780  -0.549528  0.822481  -0.003737  0.011112  -0.007157  -0.081753  -0.876603  -0.855310  1.000000  
219.312164 0.001812  -0.014252  0.003289  0.406780  0.791123  0.456786  -0.901957  0.268487  0.338213  0.144927  -0.549580  0.822775  -0.003938  0.011100  -0.007191  -0.088474  -0.906280  -0.893818  1.000000  
219.313414 0.001804  -0.014238  0.003280  0.407487  0.790382  0.457439  -0.902038  0.270249  0.336589  0.142411  -0.549783  0.823078  -0.004174  0.011132  -0.007178  -0.089577  -0.943080  -0.932423  1.000000  
219.314414 0.001797  -0.014226  0.003273  0.407983  0.789841  0.457930  -0.902146  0.271688  0.335138  0.140292  -0.549851  0.823397  -0.004499  0.011116  -0.007211  -0.096234  -0.977064  -0.974106  1.000000  
219.315666 0.001788  -0.014210  0.003265  0.408500  0.789208  0.458560  -0.902300  0.273327  0.333386  0.137774  -0.549947  0.823757  -0.004986  0.011102  -0.006992  -0.102033  -1.014271  -1.015401  1.000000  
219.316914 0.001777  -0.014195  0.003258  0.409201  0.788462  0.459219  -0.902364  0.275088  0.331762  0.135256  -0.550140  0.824046  -0.005488  0.011109  -0.006849  -0.102892  -1.046650  -1.050722  1.000000  
219.317914 0.001768  -0.014183  0.003253  0.409691  0.787918  0.459716  -0.902457  0.276525  0.330311  0.133135  -0.550200  0.824352  -0.005994  0.011053  -0.006636  -0.108635  -1.076178  -1.086748  1.000000  
219.318923 0.001757  -0.014172  0.003247  0.410187  0.787286  0.460356  -0.902561  0.277989  0.328793  0.130880  -0.550366  0.824601  -0.006422  0.011048  -0.006547  -0.109251  -1.113455  -1.120029  1.000000  
219.320163 0.001744  -0.014159  0.003240  0.410709  0.786587  0.461085  -0.902724  0.279761  0.326839  0.128094  -0.550468  0.824971  -0.006987  0.011026  -0.006520  -0.110715  -1.154042  -1.163321  1.000000  
219.321164 0.001732  -0.014148  0.003233  0.411201  0.786008  0.461633  -0.902817  0.281264  0.325287  0.125838  -0.550528  0.825278  -0.007449  0.011078  -0.006592  -0.115278  -1.190980  -1.196118  1.000000  
219.322170 0.001721  -0.014137  0.003226  0.411697  0.785342  0.462324  -0.902921  0.282794  0.323668  0.123448  -0.550695  0.825527  -0.007934  0.011087  -0.006639  -0.112568  -1.230594  -1.234092  1.000000  
219.323416 0.001706  -0.014124  0.003217  0.412218  0.784609  0.463104  -0.903078  0.284631  0.321613  0.120526  -0.550794  0.825893  -0.008457  0.011210  -0.006661  -0.116009  -1.268620  -1.264283  1.000000  
219.324419 0.001694  -0.014113  0.003210  0.412709  0.783940  0.463799  -0.903170  0.286161  0.319994  0.118135  -0.550954  0.826132  -0.008960  0.011245  -0.006656  -0.117351  -1.309032  -1.303127  1.000000  
219.325667 0.001680  -0.014098  0.003201  0.413230  0.783173  0.464630  -0.903326  0.288064  0.317838  0.115079  -0.551052  0.826497  -0.009416  0.011348  -0.006609  -0.116621  -1.346652  -1.332827  1.000000  
219.326914 0.001664  -0.014084  0.003193  0.413927  0.782376  0.465352  -0.903375  0.290061  0.315878  0.112154  -0.551138  0.826843  -0.009924  0.011379  -0.006545  -0.118668  -1.383808  -1.377547  1.000000  
219.327917 0.001653  -0.014071  0.003186  0.414417  0.781672  0.466099  -0.903460  0.291657  0.314158  0.109628  -0.551294  0.827077  -0.010330  0.011488  -0.006515  -0.114833  -1.417274  -1.408074  1.000000  
219.329163 0.001637  -0.014056  0.003178  0.415125  0.780778  0.466965  -0.903532  0.293854  0.311896  0.106303  -0.551394  0.827445  -0.010821  0.011514  -0.006458  -0.117976  -1.457530  -1.439360  1.000000  
219.330163 0.001624  -0.014044  0.003172  0.415609  0.780128  0.467621  -0.903604  0.295486  0.310141  0.103774  -0.551442  0.827734  -0.011228  0.011499  -0.006426  -0.118118  -1.483522  -1.464721  1.000000  
219.331164 0.001610  -0.014031  0.003164  0.416101  0.779358  0.468466  -0.903694  0.297215  0.308221  0.100979  -0.551601  0.827973  -0.011582  0.011498  -0.006525  -0.118204  -1.525822  -1.497089  1.000000  
219.332414 0.001593  -0.014016  0.003155  0.416804  0.778485  0.469293  -0.903750  0.299513  0.305822  0.097518  -0.551592  0.828394  -0.012033  0.011474  -0.006674  -0.122124  -1.567295  -1.532792  1.000000  
219.333414 0.001577  -0.014005  0.003148  0.417475  0.777707  0.469986  -0.903738  0.301438  0.303962  0.094721  -0.551641  0.828686  -0.012447  0.011486  -0.006899  -0.122122  -1.597440  -1.561035  1.000000  
219.334667 0.001558  -0.013991  0.003137  0.418164  0.776802  0.470868  -0.903762  0.303630  0.301699  0.091391  -0.551713  0.829012  -0.012765  0.011510  -0.007081  -0.125969  -1.634593  -1.594019  1.000000  
219.335670 0.001542  -0.013980  0.003129  0.418833  0.775989  0.471614  -0.903744  0.305620  0.299738  0.088459  -0.551759  0.829299  -0.013065  0.011593  -0.007164  -0.125856  -1.668248  -1.624516  1.000000  
219.336913 0.001522  -0.013966  0.003118  0.419709  0.775012  0.472441  -0.903683  0.308139  0.297334  0.084860  -0.551731  0.829694  -0.013430  0.011602  -0.007333  -0.133459  -1.702922  -1.659693  1.000000  
219.337913 0.001507  -0.013954  0.003110  0.420376  0.774163  0.473241  -0.903656  0.310193  0.295273  0.081793  -0.551772  0.829974  -0.013679  0.011687  -0.007357  -0.133188  -1.736071  -1.689699  1.000000  
219.338934 0.001491  -0.013942  0.003102  0.421038  0.773369  0.473949  -0.903620  0.312281  0.293174  0.078726  -0.551708  0.830314  -0.013993  0.011703  -0.007465  -0.141967  -1.768320  -1.723408  1.000000  
219.340171 0.001471  -0.013928  0.003092  0.421916  0.772200  0.475072  -0.903561  0.315027  0.290405  0.074590  -0.551783  0.830646  -0.014329  0.011740  -0.007493  -0.141295  -1.813840  -1.762030  1.000000  
219.341417 0.001451  -0.013914  0.003081  0.422966  0.771083  0.475952  -0.903382  0.317831  0.287897  0.070720  -0.551737  0.831014  -0.014671  0.011723  -0.007645  -0.150346  -1.848317  -1.809899  1.000000  
219.342667 0.001431  -0.013898  0.003070  0.424016  0.769899  0.476934  -0.903204  0.320766  0.285189  0.066582  -0.551693  0.831385  -0.014986  0.011775  -0.007833  -0.154207  -1.885163  -1.850415  1.000000  
219.343670 0.001414  -0.013887  0.003061  0.424849  0.768996  0.477649  -0.903043  0.323071  0.283087  0.063378  -0.551607  0.831693  -0.015314  0.011716  -0.008028  -0.158389  -1.911286  -1.883875  1.000000  
219.344914 0.001392  -0.013874  0.003048  0.425890  0.767830  0.478597  -0.902842  0.326101  0.280239  0.059105  -0.551449  0.832112  -0.015712  0.011538  -0.008381  -0.169682  -1.947817  -1.927458  1.000000  
219.346164 0.001369  -0.013861  0.003035  0.426927  0.766569  0.479694  -0.902631  0.329160  0.277330  0.054696  -0.551386  0.832456  -0.016112  0.011321  -0.008627  -0.173829  -1.984995  -1.976439  1.000000  
219.347164 0.001349  -0.013851  0.003023  0.427940  0.765519  0.480466  -0.902369  0.331916  0.274884  0.050955  -0.551192  0.832821  -0.016513  0.011248  -0.008929  -0.182984  -2.028116  -2.026559  1.000000  
219.348414 0.001322  -0.013839  0.003010  0.429147  0.764238  0.481428  -0.902035  0.335158  0.272035  0.046545  -0.551008  0.833201  -0.017005  0.011071  -0.009201  -0.195908  -2.064336  -2.084219  1.000000  
219.349414 0.001301  -0.013829  0.002998  0.430147  0.763121  0.482307  -0.901743  0.337873  0.269631  0.042802  -0.550898  0.833474  -0.017382  0.011013  -0.009427  -0.199790  -2.092345  -2.126523  1.000000  
219.350667 0.001274  -0.013818  0.002984  0.431341  0.761797  0.483333  -0.901378  0.341173  0.266682  0.038257  -0.550696  0.833829  -0.017870  0.010853  -0.009700  -0.211355  -2.125446  -2.172701  1.000000  
219.351672 0.001252  -0.013808  0.002974  0.432144  0.760768  0.484235  -0.901149  0.343823  0.264037  0.034379  -0.550470  0.834147  -0.018318  0.010720  -0.009764  -0.219177  -2.159238  -2.219239  1.000000  
219.352913 0.001223  -0.013797  0.002961  0.433322  0.759461  0.485234  -0.900750  0.347213  0.260946  0.029699  -0.550148  0.834539  -0.018908  0.010485  -0.009955  -0.229303  -2.190451  -2.265580  1.000000  
219.353915 0.001199  -0.013788  0.002949  0.434108  0.758456  0.486101  -0.900487  0.349789  0.258402  0.025954  -0.549902  0.834826  -0.019463  0.010293  -0.010161  -0.240364  -2.220656  -2.301655  1.000000  
219.354916 0.001175  -0.013779  0.002939  0.434890  0.757417  0.487021  -0.900213  0.352428  0.255757  0.022075  -0.549649  0.835104  -0.019967  0.010140  -0.010319  -0.251209  -2.253832  -2.339400  1.000000  
219.355920 0.001152  -0.013770  0.002927  0.435667  0.756343  0.487996  -0.899927  0.355129  0.253012  0.018062  -0.549389  0.835371  -0.020595  0.009884  -0.010549  -0.259845  -2.295090  -2.389488  1.000000  
219.357171 0.001120  -0.013759  0.002913  0.436626  0.755059  0.489126  -0.899546  0.358410  0.249720  0.013246  -0.549025  0.835701  -0.021395  0.009634  -0.010818  -0.268541  -2.332715  -2.431034  1.000000  
219.358416 0.001087  -0.013748  0.002898  0.437574  0.753802  0.490216  -0.899142  0.361618  0.246529  0.008563  -0.548648  0.836010  -0.022160  0.009402  -0.011068  -0.280194  -2.371391  -2.471298  1.000000  
219.359671 0.001052  -0.013739  0.002883  0.438327  0.752617  0.491363  -0.898807  0.364666  0.243236  0.003880  -0.548258  0.836300  -0.023000  0.009135  -0.011197  -0.290095  -2.401601  -2.506707  1.000000  
219.360914 0.001014  -0.013731  0.002868  0.439255  0.751315  0.492525  -0.898362  0.368090  0.239699  -0.001204  -0.547755  0.836638  -0.024005  0.008826  -0.011309  -0.307927  -2.440209  -2.547973  1.000000  
219.361916 0.000984  -0.013724  0.002856  0.439804  0.750360  0.493490  -0.898079  0.370644  0.236807  -0.005218  -0.547341  0.836893  -0.024710  0.008599  -0.011369  -0.317509  -2.478292  -2.571964  1.000000  
219.363164 0.000944  -0.013716  0.002842  0.440710  0.749020  0.494716  -0.897589  0.374121  0.233168  -0.010436  -0.546811  0.837191  -0.025602  0.008375  -0.011402  -0.326872  -2.516869  -2.612451  1.000000  
219.364414 0.000904  -0.013706  0.002827  0.441420  0.747785  0.495950  -0.897166  0.377372  0.229528  -0.015520  -0.546268  0.837467  -0.026540  0.008205  -0.011436  -0.340101  -2.563018  -2.649876  1.000000  
219.365664 0.000862  -0.013697  0.002812  0.441931  0.746622  0.497246  -0.896806  0.380620  0.225537  -0.020871  -0.545605  0.837783  -0.027470  0.008020  -0.011483  -0.354191  -2.610062  -2.671281  1.000000  
219.366667 0.000829  -0.013689  0.002800  0.442442  0.745687  0.498192  -0.896448  0.383245  0.222496  -0.025018  -0.545045  0.838034  -0.028193  0.007899  -0.011573  -0.365936  -2.651000  -2.695866  1.000000  
219.367673 0.000794  -0.013682  0.002788  0.442946  0.744751  0.499143  -0.896074  0.385865  0.219453  -0.029164  -0.544475  0.838270  -0.029057  0.007808  -0.011690  -0.379277  -2.681527  -2.714257  1.000000  
219.368913 0.000751  -0.013672  0.002772  0.443614  0.743601  0.500263  -0.895568  0.389051  0.215863  -0.034112  -0.543780  0.838534  -0.029900  0.007775  -0.011822  -0.389632  -2.711576  -2.733161  1.000000  
219.369914 0.000717  -0.013663  0.002760  0.444103  0.742695  0.501175  -0.895164  0.391595  0.212919  -0.038123  -0.543192  0.838742  -0.030579  0.007747  -0.011966  -0.402726  -2.733650  -2.745634  1.000000  
219.370914 0.000682  -0.013655  0.002747  0.444395  0.741865  0.502145  -0.894827  0.394136  0.209623  -0.042401  -0.542488  0.838993  -0.031347  0.007679  -0.012057  -0.415573  -2.768186  -2.749574  1.000000  
219.371921 0.000645  -0.013647  0.002735  0.444863  0.740892  0.503166  -0.894382  0.396799  0.206476  -0.046679  -0.541876  0.839161  -0.032152  0.007579  -0.012084  -0.427826  -2.810925  -2.766793  1.000000  
219.373166 0.000599  -0.013638  0.002720  0.445300  0.739876  0.504273  -0.893876  0.399983  0.202480  -0.051891  -0.540922  0.839471  -0.032979  0.007535  -0.012072  -0.448549  -2.850371  -2.773314  1.000000  
219.374172 0.000561  -0.013631  0.002709  0.445565  0.739046  0.505255  -0.893486  0.402505  0.199179  -0.056166  -0.540186  0.839670  -0.033721  0.007472  -0.011994  -0.461803  -2.885077  -2.777028  1.000000  
219.375419 0.000514  -0.013621  0.002695  0.445983  0.738062  0.506324  -0.892944  0.405608  0.195278  -0.061241  -0.539209  0.839942  -0.034483  0.007582  -0.011909  -0.482756  -2.913451  -2.776252  1.000000  
219.376663 0.000465  -0.013611  0.002680  0.446382  0.737075  0.507409  -0.892362  0.408853  0.191125  -0.066582  -0.538108  0.840242  -0.035093  0.007669  -0.011884  -0.503863  -2.943913  -2.769416  1.000000  
219.377667 0.000427  -0.013603  0.002668  0.446609  0.736242  0.508417  -0.891898  0.411505  0.187567  -0.071121  -0.537225  0.840435  -0.035604  0.007798  -0.011944  -0.521404  -2.988830  -2.769725  1.000000  
219.378916 0.000378  -0.013592  0.002653  0.446973  0.735192  0.509615  -0.891251  0.414858  0.183208  -0.076725  -0.536084  0.840671  -0.036181  0.007926  -0.011988  -0.538584  -3.032577  -2.769557  1.000000  
219.380163 0.000329  -0.013579  0.002637  0.447333  0.734206  0.510720  -0.890595  0.418071  0.179047  -0.082060  -0.534938  0.840897  -0.036650  0.008094  -0.012040  -0.559523  -3.058164  -2.768112  1.000000  
219.381164 0.000291  -0.013570  0.002624  0.447716  0.733383  0.511566  -0.889986  0.420804  0.175637  -0.086460  -0.533922  0.841101  -0.036973  0.008213  -0.012138  -0.578023  -3.089654  -2.766735  1.000000  
219.382164 0.000252  -0.013559  0.002612  0.448089  0.732560  0.512418  -0.889360  0.423529  0.172227  -0.090858  -0.532896  0.841288  -0.037335  0.008431  -0.012113  -0.600032  -3.114048  -2.771230  1.000000  
219.383414 0.000203  -0.013546  0.002595  0.448590  0.731580  0.513379  -0.888532  0.426966  0.167960  -0.096319  -0.531499  0.841565  -0.037812  0.008622  -0.012236  -0.625775  -3.146829  -2.771335  1.000000  
219.384664 0.000154  -0.013531  0.002579  0.449076  0.730536  0.514439  -0.887678  0.430368  0.163743  -0.101778  -0.530189  0.841749  -0.038112  0.008908  -0.012231  -0.647310  -3.172115  -2.775113  1.000000  
219.385914 0.000104  -0.013517  0.002564  0.449522  0.729427  0.515622  -0.886745  0.434029  0.159068  -0.107766  -0.528729  0.841921  -0.038506  0.009178  -0.012203  -0.671209  -3.204748  -2.785727  1.000000  
219.387166 0.000053  -0.013504  0.002547  0.449971  0.728477  0.516573  -0.885820  0.437503  0.154639  -0.113351  -0.527174  0.842164  -0.038855  0.009464  -0.012307  -0.700633  -3.233629  -2.791052  1.000000  
219.388421 0.000003  -0.013489  0.002532  0.450404  0.727590  0.517445  -0.884868  0.440979  0.150153  -0.118932  -0.525500  0.842440  -0.039136  0.009829  -0.012337  -0.736214  -3.270372  -2.798241  1.000000  
219.389673 -0.000048  -0.013475  0.002515  0.450829  0.726736  0.518275  -0.883902  0.444376  0.145763  -0.124377  -0.523818  0.842701  -0.039348  0.010135  -0.012538  -0.769606  -3.291566  -2.806192  1.000000  
219.390917 -0.000099  -0.013459  0.002498  0.451216  0.725849  0.519179  -0.882863  0.447959  0.141013  -0.130217  -0.521992  0.842952  -0.039571  0.010560  -0.012754  -0.803603  -3.322126  -2.811528  1.000000  
219.391921 -0.000140  -0.013446  0.002484  0.451660  0.724997  0.519983  -0.881939  0.450899  0.137382  -0.134858  -0.520643  0.843056  -0.039711  0.010893  -0.012913  -0.824950  -3.339787  -2.826377  1.000000  
219.393164 -0.000193  -0.013429  0.002466  0.452024  0.724207  0.520766  -0.880862  0.454402  0.132670  -0.140557  -0.518693  0.843327  -0.040056  0.011316  -0.013129  -0.862478  -3.358888  -2.832055  1.000000  
219.394164 -0.000235  -0.013414  0.002452  0.452461  0.723482  0.521394  -0.879929  0.457207  0.129178  -0.144927  -0.517238  0.843481  -0.040257  0.011718  -0.013236  -0.888525  -3.373201  -2.836242  1.000000  
219.395416 -0.000288  -0.013395  0.002433  0.452796  0.722695  0.522195  -0.878800  0.460674  0.124457  -0.150617  -0.515259  0.843696  -0.040532  0.012147  -0.013420  -0.921215  -3.384498  -2.844589  1.000000  
219.396664 -0.000341  -0.013375  0.002414  0.453115  0.721845  0.523094  -0.877643  0.464106  0.119788  -0.156302  -0.513367  0.843815  -0.040781  0.012640  -0.013615  -0.946433  -3.401938  -2.851600  1.000000  
219.397664 -0.000385  -0.013359  0.002398  0.453496  0.721121  0.523761  -0.876609  0.467004  0.116031  -0.160926  -0.511753  0.843926  -0.041145  0.012958  -0.013767  -0.971541  -3.417079  -2.863661  1.000000  
219.398914 -0.000440  -0.013338  0.002379  0.453794  0.720369  0.524537  -0.875419  0.470353  0.111398  -0.166470  -0.509741  0.844069  -0.041577  0.013507  -0.014025  -1.009076  -3.440875  -2.868843  1.000000  
219.399915 -0.000485  -0.013320  0.002363  0.453950  0.719618  0.525433  -0.874396  0.473180  0.107384  -0.171349  -0.508183  0.844032  -0.041960  0.013944  -0.014213  -1.025949  -3.470682  -2.889828  1.000000  
219.401163 -0.000542  -0.013298  0.002344  0.454398  0.718899  0.526029  -0.873061  0.476666  0.102737  -0.176883  -0.505939  0.844238  -0.042435  0.014462  -0.014452  -1.062181  -3.475687  -2.896245  1.000000  
219.402163 -0.000588  -0.013281  0.002326  0.454572  0.718404  0.526556  -0.872079  0.479246  0.099002  -0.181227  -0.504202  0.844356  -0.042768  0.014863  -0.014751  -1.086396  -3.481216  -2.900872  1.000000  
219.403164 -0.000635  -0.013262  0.002309  0.454747  0.718069  0.526861  -0.871102  0.481777  0.095247  -0.185436  -0.502263  0.844598  -0.043191  0.015332  -0.015084  -1.119886  -3.484572  -2.895750  1.000000  
219.404164 -0.000681  -0.013243  0.002291  0.454901  0.717640  0.527312  -0.870087  0.484341  0.091447  -0.189773  -0.500406  0.844737  -0.043541  0.015832  -0.015377  -1.148832  -3.489162  -2.899958  1.000000  
219.405171 -0.000727  -0.013224  0.002273  0.455033  0.717247  0.527733  -0.869032  0.486960  0.087484  -0.194237  -0.498424  0.844893  -0.043979  0.016361  -0.015751  -1.183512  -3.506219  -2.908633  1.000000  
219.406417 -0.000786  -0.013198  0.002249  0.455043  0.716835  0.528284  -0.867747  0.490132  0.082378  -0.199878  -0.495902  0.845062  -0.044480  0.017047  -0.016143  -1.220607  -3.522755  -2.909215  1.000000  
219.407424 -0.000834  -0.013177  0.002231  0.455177  0.716572  0.528525  -0.866700  0.492607  0.078546  -0.204071  -0.493825  0.845276  -0.044865  0.017559  -0.016341  -1.253333  -3.515367  -2.904802  1.000000  
219.408668 -0.000893  -0.013149  0.002208  0.455210  0.716289  0.528879  -0.865465  0.495500  0.073829  -0.209177  -0.491334  0.845480  -0.045321  0.018208  -0.016685  -1.290793  -3.509694  -2.891930  1.000000  
219.409917 -0.000952  -0.013121  0.002186  0.455216  0.715916  0.529379  -0.864180  0.498420  0.069067  -0.214407  -0.488919  0.845569  -0.045790  0.018872  -0.016976  -1.323921  -3.514535  -2.885618  1.000000  
219.411165 -0.001011  -0.013092  0.002162  0.455208  0.715675  0.529712  -0.862872  0.501332  0.064177  -0.219632  -0.486288  0.845746  -0.046172  0.019499  -0.017242  -1.362196  -3.515976  -2.868308  1.000000  
219.412413 -0.001072  -0.013062  0.002140  0.455363  0.715334  0.530039  -0.861445  0.504366  0.059391  -0.224850  -0.483644  0.845891  -0.046600  0.020113  -0.017533  -1.399752  -3.518364  -2.859724  1.000000  
219.413664 -0.001132  -0.013032  0.002115  0.455516  0.715027  0.530322  -0.860021  0.507318  0.054698  -0.229931  -0.481004  0.846030  -0.046936  0.020702  -0.017898  -1.432816  -3.515857  -2.847636  1.000000  
219.414914 -0.001193  -0.013002  0.002089  0.455612  0.714632  0.530772  -0.858491  0.510415  0.049700  -0.235396  -0.478307  0.846056  -0.047222  0.021188  -0.018242  -1.469995  -3.525215  -2.843037  1.000000  
219.416164 -0.001253  -0.012971  0.002063  0.455912  0.714225  0.531062  -0.856925  0.513463  0.045106  -0.240465  -0.475645  0.846132  -0.047415  0.021862  -0.018709  -1.497826  -3.504410  -2.827759  1.000000  
219.417415 -0.001312  -0.012941  0.002038  0.456083  0.714110  0.531070  -0.855547  0.516121  0.040734  -0.245008  -0.472933  0.846348  -0.047516  0.022445  -0.018975  -1.530001  -3.479930  -2.810158  1.000000  
219.418415 -0.001359  -0.012916  0.002017  0.456336  0.713853  0.531198  -0.854326  0.518400  0.037270  -0.248768  -0.470824  0.846427  -0.047556  0.022875  -0.019215  -1.546208  -3.467739  -2.796705  1.000000  
219.419666 -0.001418  -0.012884  0.001990  0.456436  0.713653  0.531381  -0.852823  0.521182  0.032588  -0.253689  -0.468048  0.846506  -0.047575  0.023355  -0.019482  -1.575199  -3.462506  -2.782388  1.000000  
219.420914 -0.001475  -0.012852  0.001965  0.456682  0.713254  0.531705  -0.851175  0.524136  0.027974  -0.258733  -0.465349  0.846467  -0.047507  0.023730  -0.019568  -1.594288  -3.445432  -2.768798  1.000000  
219.421921 -0.001520  -0.012826  0.001944  0.456887  0.713036  0.531821  -0.849877  0.526419  0.024336  -0.262608  -0.463101  0.846507  -0.047400  0.024053  -0.019773  -1.621769  -3.427928  -2.746961  1.000000  
219.423168 -0.001576  -0.012794  0.001919  0.457297  0.712755  0.531845  -0.848126  0.529427  0.019730  -0.267511  -0.460094  0.846612  -0.047174  0.024448  -0.019955  -1.652009  -3.411900  -2.741210  1.000000  
219.424418 -0.001633  -0.012761  0.001893  0.457709  0.712440  0.531913  -0.846385  0.532352  0.015282  -0.272277  -0.457198  0.846661  -0.046956  0.024807  -0.020136  -1.674206  -3.392373  -2.733577  1.000000  
219.425419 -0.001677  -0.012734  0.001872  0.458038  0.712216  0.531930  -0.844913  0.534779  0.011512  -0.276266  -0.454707  0.846710  -0.046684  0.025019  -0.020366  -1.698166  -3.378697  -2.723421  1.000000  
219.426665 -0.001733  -0.012702  0.001846  0.458404  0.711874  0.532072  -0.843102  0.537709  0.006955  -0.281149  -0.451779  0.846670  -0.046478  0.025248  -0.020519  -1.724166  -3.359120  -2.716161  1.000000  
219.427666 -0.001778  -0.012676  0.001825  0.458728  0.711552  0.532224  -0.841632  0.540041  0.003407  -0.284999  -0.449500  0.846597  -0.046199  0.025349  -0.020675  -1.739881  -3.341172  -2.704270  1.000000  
219.428667 -0.001823  -0.012651  0.001804  0.459060  0.711324  0.532243  -0.840183  0.542304  -0.000111  -0.288716  -0.447130  0.846592  -0.045963  0.025450  -0.020746  -1.758343  -3.324284  -2.700609  1.000000  
219.429667 -0.001867  -0.012625  0.001783  0.459537  0.710891  0.532410  -0.838592  0.544749  -0.003555  -0.292557  -0.444841  0.846479  -0.045691  0.025570  -0.020799  -1.772819  -3.299514  -2.694887  1.000000  
219.430914 -0.001924  -0.012594  0.001757  0.460003  0.710411  0.532647  -0.836580  0.547785  -0.008117  -0.297542  -0.441868  0.846299  -0.045482  0.025619  -0.020744  -1.788015  -3.280632  -2.693161  1.000000  
219.431916 -0.001969  -0.012568  0.001738  0.460264  0.710192  0.532713  -0.835018  0.550094  -0.011908  -0.301500  -0.439344  0.846212  -0.045302  0.025708  -0.020684  -1.805818  -3.271673  -2.693323  1.000000  
