1-Time 2-Px 3-Py 4-Pz 5-R11 6-R21 7-R31 8-R12 9-R22 10-R32 11-R13 12-R23 13-R33 14-Vx 15-Vy 16-Vz 17-Wx 18-Wy 19-Wz 20-state
148.938654 -0.010326  -0.012828  0.009366  0.857978  0.244492  0.451771  -0.513577  0.390178  0.764199  0.010570  -0.887685  0.460330  0.002000  -0.001188  -0.003003  0.000000  0.000000  0.000000  1.000000  
148.939852 -0.010325  -0.012830  0.009362  0.857977  0.244594  0.451718  -0.513577  0.390117  0.764230  0.010704  -0.887684  0.460329  0.000826  -0.001766  -0.004539  0.000000  0.000000  0.000000  1.000000  
148.941092 -0.010314  -0.012822  0.009348  0.857976  0.244751  0.451635  -0.513576  0.390148  0.764215  0.010837  -0.887627  0.460436  0.005453  0.002613  -0.008118  0.000000  0.000000  0.000000  1.000000  
148.942109 -0.010304  -0.012816  0.009336  0.857870  0.244831  0.451793  -0.513752  0.390098  0.764122  0.010837  -0.887627  0.460436  0.006682  0.003888  -0.009210  0.000000  0.000000  0.000000  1.000000  
148.943339 -0.010297  -0.012811  0.009324  0.857869  0.244988  0.451710  -0.513752  0.390130  0.764106  0.010971  -0.887570  0.460543  0.006496  0.003785  -0.009368  0.000000  0.000000  0.000000  1.000000  
148.944345 -0.010293  -0.012811  0.009317  0.857869  0.244988  0.451710  -0.513752  0.390130  0.764106  0.010971  -0.887570  0.460543  0.006068  0.003192  -0.008932  0.000000  0.000000  0.000000  1.000000  
148.945586 -0.010285  -0.012807  0.009309  0.857867  0.245145  0.451628  -0.513751  0.390161  0.764090  0.011105  -0.887512  0.460650  0.006128  0.003092  -0.008518  0.000000  0.000000  0.000000  1.000000  
148.946588 -0.010277  -0.012803  0.009302  0.857867  0.245199  0.451598  -0.513751  0.390254  0.764043  0.011105  -0.887457  0.460758  0.006306  0.003311  -0.008265  0.000000  0.000000  0.000000  1.000000  
148.947619 -0.010271  -0.012797  0.009294  0.857866  0.245356  0.451515  -0.513750  0.390286  0.764027  0.011239  -0.887399  0.460865  0.006257  0.003572  -0.008256  0.000000  0.000000  0.000000  1.000000  
148.948839 -0.010266  -0.012791  0.009282  0.857760  0.245436  0.451673  -0.513927  0.390235  0.763934  0.011239  -0.887399  0.460865  0.006011  0.003745  -0.008429  0.000000  0.000000  0.000000  1.000000  
148.949840 -0.010262  -0.012786  0.009272  0.857759  0.245593  0.451590  -0.513926  0.390267  0.763919  0.011373  -0.887342  0.460971  0.005816  0.003803  -0.008556  0.000000  0.000000  0.000000  1.000000  
148.950862 -0.010256  -0.012780  0.009263  0.857758  0.245750  0.451507  -0.513925  0.390298  0.763903  0.011506  -0.887285  0.461078  0.005797  0.003999  -0.008597  0.000000  0.000000  0.000000  1.000000  
148.952092 -0.010248  -0.012772  0.009251  0.857756  0.245961  0.451395  -0.513924  0.390423  0.763840  0.011640  -0.887172  0.461293  0.005868  0.004288  -0.008647  0.000000  0.000000  0.000000  1.000000  
148.953095 -0.010239  -0.012763  0.009241  0.857756  0.246016  0.451365  -0.513924  0.390515  0.763793  0.011640  -0.887116  0.461401  0.006070  0.004608  -0.008800  0.000000  0.000000  0.000000  1.000000  
148.954344 -0.010226  -0.012747  0.009223  0.857756  0.246070  0.451335  -0.513924  0.390608  0.763745  0.011640  -0.887060  0.461508  0.006811  0.005676  -0.009551  0.000000  0.000000  0.000000  1.000000  
148.955592 -0.010208  -0.012727  0.009202  0.857755  0.246227  0.451252  -0.513924  0.390640  0.763730  0.011774  -0.887002  0.461615  0.007395  0.006657  -0.010113  0.000000  0.000000  0.000000  1.000000  
148.956600 -0.010195  -0.012710  0.009187  0.857649  0.246417  0.451349  -0.514100  0.390774  0.763542  0.011774  -0.886890  0.461830  0.007578  0.007281  -0.010271  0.000000  0.000000  0.000000  1.000000  
148.957837 -0.010182  -0.012692  0.009173  0.857649  0.246472  0.451320  -0.514100  0.390867  0.763495  0.011774  -0.886834  0.461938  0.007823  0.007994  -0.010352  0.000000  0.000000  0.000000  1.000000  
148.958837 -0.010174  -0.012681  0.009165  0.857648  0.246683  0.451207  -0.514099  0.390991  0.763432  0.011908  -0.886721  0.462152  0.008068  0.008771  -0.010440  0.000000  0.000000  0.000000  1.000000  
148.959837 -0.010166  -0.012670  0.009155  0.857648  0.246738  0.451177  -0.514099  0.391084  0.763384  0.011908  -0.886665  0.462260  0.008299  0.009396  -0.010539  0.000000  0.000000  0.000000  1.000000  
148.961087 -0.010154  -0.012652  0.009139  0.857541  0.247029  0.451221  -0.514275  0.391157  0.763228  0.012042  -0.886551  0.462474  0.008484  0.010251  -0.011109  0.000000  0.000000  0.000000  1.000000  
148.962087 -0.010146  -0.012637  0.009125  0.857541  0.247084  0.451191  -0.514275  0.391249  0.763181  0.012042  -0.886495  0.462582  0.008559  0.010868  -0.011570  0.000000  0.000000  0.000000  1.000000  
148.963089 -0.010138  -0.012623  0.009108  0.857435  0.247219  0.451318  -0.514452  0.391291  0.763040  0.012042  -0.886439  0.462689  0.008772  0.011462  -0.012096  0.000000  0.000000  0.000000  1.000000  
148.964339 -0.010130  -0.012609  0.009086  0.857329  0.247409  0.451415  -0.514628  0.391425  0.762853  0.012042  -0.886327  0.462904  0.008904  0.012031  -0.012709  0.000000  0.000000  0.000000  1.000000  
148.965613 -0.010120  -0.012593  0.009065  0.857329  0.247519  0.451355  -0.514628  0.391610  0.762758  0.012042  -0.886214  0.463119  0.009260  0.012701  -0.013386  0.000000  0.000000  0.000000  1.000000  
148.966838 -0.010107  -0.012574  0.009047  0.857223  0.247654  0.451482  -0.514805  0.391652  0.762617  0.012042  -0.886158  0.463227  0.009539  0.013352  -0.013789  0.000000  0.000000  0.000000  1.000000  
148.967845 -0.010095  -0.012556  0.009032  0.857117  0.247790  0.451609  -0.514981  0.391693  0.762477  0.012042  -0.886102  0.463334  0.009792  0.013895  -0.014064  0.000000  0.000000  0.000000  1.000000  
148.968848 -0.010085  -0.012539  0.009017  0.857011  0.247925  0.451736  -0.515158  0.391735  0.762336  0.012042  -0.886046  0.463442  0.009765  0.014366  -0.014263  0.000000  0.000000  0.000000  1.000000  
148.970091 -0.010071  -0.012517  0.008999  0.856906  0.248014  0.451886  -0.515335  0.391930  0.762116  0.011908  -0.885935  0.463657  0.009559  0.014553  -0.014082  0.000000  0.000000  0.000000  1.000000  
148.971096 -0.010061  -0.012500  0.008986  0.856800  0.248149  0.452013  -0.515511  0.391971  0.761976  0.011908  -0.885878  0.463765  0.009320  0.014527  -0.013843  0.000000  0.000000  0.000000  1.000000  
148.972341 -0.010047  -0.012480  0.008973  0.856694  0.248340  0.452109  -0.515688  0.392105  0.761787  0.011908  -0.885766  0.463980  0.009291  0.014636  -0.013730  0.000000  0.000000  0.000000  1.000000  
148.973343 -0.010038  -0.012466  0.008962  0.856588  0.248475  0.452236  -0.515864  0.392146  0.761647  0.011908  -0.885710  0.464087  0.009331  0.014803  -0.013861  0.000000  0.000000  0.000000  1.000000  
148.974588 -0.010028  -0.012449  0.008945  0.856483  0.248564  0.452386  -0.516041  0.392341  0.761426  0.011774  -0.885598  0.464303  0.009308  0.014941  -0.014247  0.000000  0.000000  0.000000  1.000000  
148.975589 -0.010020  -0.012435  0.008928  0.856377  0.248700  0.452512  -0.516217  0.392382  0.761286  0.011774  -0.885542  0.464410  0.009300  0.014973  -0.014596  0.000000  0.000000  0.000000  1.000000  
148.976589 -0.010010  -0.012420  0.008910  0.856272  0.248789  0.452662  -0.516395  0.392577  0.761065  0.011640  -0.885431  0.464626  0.009293  0.014924  -0.014865  0.000000  0.000000  0.000000  1.000000  
148.977837 -0.009999  -0.012401  0.008886  0.856059  0.249061  0.452915  -0.516747  0.392659  0.760784  0.011640  -0.885318  0.464840  0.009416  0.015009  -0.015063  0.000000  0.000000  0.000000  1.000000  
148.978838 -0.009989  -0.012387  0.008870  0.855954  0.249095  0.453094  -0.516924  0.392761  0.760610  0.011506  -0.885263  0.464948  0.009580  0.015140  -0.014993  0.000000  0.000000  0.000000  1.000000  
148.980091 -0.009978  -0.012370  0.008852  0.855742  0.249210  0.453431  -0.517277  0.392812  0.760344  0.011373  -0.885208  0.465057  0.009719  0.015295  -0.014733  0.000000  0.000000  0.000000  1.000000  
148.981340 -0.009965  -0.012351  0.008838  0.855531  0.249381  0.453736  -0.517630  0.392955  0.760030  0.011239  -0.885096  0.465272  0.009752  0.015378  -0.014418  0.000000  0.000000  0.000000  1.000000  
148.982601 -0.009952  -0.012328  0.008823  0.855425  0.249415  0.453916  -0.517807  0.393057  0.759856  0.011105  -0.885041  0.465380  0.009722  0.015458  -0.014193  0.000000  0.000000  0.000000  1.000000  
148.983856 -0.009938  -0.012306  0.008807  0.855213  0.249531  0.454252  -0.518160  0.393108  0.759590  0.010971  -0.884986  0.465488  0.009733  0.015482  -0.013963  0.000000  0.000000  0.000000  1.000000  
148.984865 -0.009928  -0.012290  0.008792  0.855001  0.249647  0.454587  -0.518513  0.393159  0.759322  0.010837  -0.884931  0.465596  0.009685  0.015380  -0.014044  -0.148727  -0.171792  0.059461  1.000000  
148.986107 -0.009915  -0.012271  0.008774  0.854896  0.249682  0.454767  -0.518690  0.393261  0.759149  0.010704  -0.884876  0.465704  0.009620  0.015189  -0.014137  -0.148722  -0.175947  0.051516  1.000000  
148.987356 -0.009902  -0.012253  0.008757  0.854790  0.249717  0.454946  -0.518866  0.393363  0.758975  0.010570  -0.884821  0.465812  0.009646  0.015102  -0.014501  -0.144609  -0.184181  0.050784  1.000000  
148.988610 -0.009892  -0.012236  0.008737  0.854683  0.249908  0.455042  -0.519042  0.393495  0.758786  0.010570  -0.884707  0.466027  0.009614  0.015089  -0.014821  -0.144486  -0.192337  0.050046  1.000000  
148.989617 -0.009885  -0.012224  0.008718  0.854577  0.249943  0.455221  -0.519219  0.393597  0.758612  0.010436  -0.884652  0.466135  0.009552  0.015021  -0.015103  -0.144384  -0.200489  0.049286  1.000000  
148.990618 -0.009875  -0.012209  0.008700  0.854472  0.249978  0.455400  -0.519396  0.393699  0.758438  0.010302  -0.884597  0.466243  0.009637  0.015056  -0.015153  -0.144392  -0.202562  0.045330  1.000000  
148.991860 -0.009862  -0.012190  0.008679  0.854367  0.249912  0.455632  -0.519573  0.393863  0.758232  0.010035  -0.884543  0.466351  0.009718  0.015025  -0.014986  -0.140295  -0.214995  0.036652  1.000000  
148.993090 -0.009848  -0.012171  0.008662  0.854261  0.250003  0.455781  -0.519750  0.394057  0.758010  0.009901  -0.884431  0.466566  0.009874  0.015122  -0.014661  -0.140400  -0.217215  0.032746  1.000000  
148.994337 -0.009836  -0.012152  0.008647  0.854155  0.250038  0.455960  -0.519926  0.394159  0.757836  0.009767  -0.884375  0.466674  0.009982  0.015231  -0.014344  -0.139276  -0.217524  0.028558  1.000000  
148.995588 -0.009823  -0.012131  0.008633  0.854158  0.249947  0.456006  -0.519928  0.394466  0.757675  0.009500  -0.884264  0.466890  0.010008  0.015494  -0.014271  -0.139414  -0.221842  0.020730  1.000000  
148.996589 -0.009811  -0.012112  0.008620  0.854052  0.249982  0.456185  -0.520104  0.394568  0.757501  0.009366  -0.884209  0.466998  0.010090  0.015610  -0.014401  -0.140477  -0.225601  0.016932  1.000000  
148.997593 -0.009800  -0.012093  0.008604  0.853946  0.250018  0.456364  -0.520280  0.394670  0.757327  0.009232  -0.884153  0.467106  0.010139  0.015694  -0.014598  -0.139260  -0.231889  0.016064  1.000000  
148.998593 -0.009788  -0.012075  0.008587  0.853947  0.249972  0.456387  -0.520281  0.394823  0.757246  0.009098  -0.884098  0.467214  0.010215  0.015658  -0.014928  -0.140603  -0.223698  0.005807  1.000000  
148.999837 -0.009775  -0.012056  0.008565  0.853842  0.249962  0.456589  -0.520458  0.395078  0.756992  0.008831  -0.883986  0.467429  0.010249  0.015622  -0.015149  -0.139490  -0.223939  0.001865  1.000000  
149.000866 -0.009765  -0.012042  0.008548  0.853735  0.250053  0.456738  -0.520635  0.395272  0.756769  0.008697  -0.883874  0.467644  0.010194  0.015525  -0.015347  -0.144611  -0.227690  -0.002057  1.000000  
149.002092 -0.009754  -0.012023  0.008527  0.853630  0.250043  0.456940  -0.520811  0.395527  0.756514  0.008429  -0.883763  0.467860  0.010074  0.015544  -0.015561  -0.144732  -0.232031  -0.009962  1.000000  
149.003110 -0.009746  -0.012008  0.008511  0.853524  0.250079  0.457119  -0.520988  0.395629  0.756339  0.008295  -0.883707  0.467967  0.010031  0.015651  -0.015566  -0.144667  -0.234000  -0.013905  1.000000  
149.004347 -0.009734  -0.011988  0.008491  0.853417  0.250226  0.457237  -0.521164  0.395915  0.756069  0.008162  -0.883537  0.468289  0.010202  0.015996  -0.015401  -0.148811  -0.234073  -0.013838  1.000000  
149.005638 -0.009721  -0.011967  0.008472  0.853204  0.250399  0.457541  -0.521516  0.396056  0.755752  0.008028  -0.883425  0.468504  0.010305  0.016096  -0.015080  -0.148535  -0.241931  -0.014509  1.000000  
149.006841 -0.009706  -0.011946  0.008456  0.852991  0.250472  0.457898  -0.521868  0.396260  0.755402  0.007760  -0.883313  0.468719  0.010436  0.016320  -0.014882  -0.148823  -0.244437  -0.018451  1.000000  
149.008172 -0.009692  -0.011925  0.008440  0.852884  0.250564  0.458046  -0.522044  0.396453  0.755178  0.007626  -0.883200  0.468934  0.010350  0.016334  -0.014696  -0.152574  -0.237668  -0.021577  1.000000  
149.009341 -0.009679  -0.011903  0.008422  0.852671  0.250692  0.458373  -0.522397  0.396748  0.754780  0.007359  -0.883031  0.469257  0.010471  0.016571  -0.015104  -0.157027  -0.248640  -0.026283  1.000000  
149.010589 -0.009664  -0.011880  0.008401  0.852457  0.250922  0.458646  -0.522748  0.396981  0.754414  0.007225  -0.882861  0.469578  0.010557  0.016707  -0.015488  -0.163921  -0.246710  -0.026018  1.000000  
149.011837 -0.009648  -0.011856  0.008379  0.852135  0.251133  0.459127  -0.523276  0.397224  0.753920  0.006957  -0.882692  0.469900  0.010692  0.016772  -0.015767  -0.171877  -0.260863  -0.023475  1.000000  
149.012837 -0.009636  -0.011837  0.008362  0.852029  0.251180  0.459298  -0.523452  0.397570  0.753615  0.006690  -0.882523  0.470222  0.010828  0.016927  -0.015992  -0.180062  -0.256879  -0.030563  1.000000  
149.013837 -0.009626  -0.011820  0.008346  0.851814  0.251411  0.459571  -0.523803  0.397803  0.753248  0.006556  -0.882352  0.470544  0.010617  0.016786  -0.015741  -0.188228  -0.263107  -0.027305  1.000000  
149.014959 -0.009617  -0.011804  0.008331  0.851600  0.251597  0.459866  -0.524155  0.398189  0.752800  0.006288  -0.882125  0.470973  0.010403  0.016650  -0.015461  -0.201181  -0.266227  -0.031288  1.000000  
149.016090 -0.009607  -0.011784  0.008315  0.851277  0.251865  0.460316  -0.524681  0.398522  0.752256  0.006021  -0.881898  0.471402  0.010370  0.016937  -0.015238  -0.212483  -0.279447  -0.028596  1.000000  
149.017108 -0.009599  -0.011767  0.008303  0.851063  0.252052  0.460611  -0.525033  0.398907  0.751807  0.005753  -0.881671  0.471830  0.010386  0.017126  -0.014947  -0.226323  -0.289805  -0.029457  1.000000  
149.018344 -0.009586  -0.011744  0.008288  0.850740  0.252221  0.461114  -0.525559  0.399302  0.751229  0.005352  -0.881444  0.472259  0.010537  0.017403  -0.014643  -0.234565  -0.308565  -0.034795  1.000000  
149.019349 -0.009575  -0.011726  0.008275  0.850525  0.252408  0.461408  -0.525910  0.399686  0.750779  0.005084  -0.881216  0.472687  0.010608  0.017462  -0.014401  -0.246832  -0.316842  -0.035429  1.000000  
149.020599 -0.009561  -0.011703  0.008258  0.850201  0.252635  0.461880  -0.526437  0.400171  0.750151  0.004683  -0.880931  0.473222  0.010674  0.017668  -0.014327  -0.260922  -0.330526  -0.036446  1.000000  
149.021843 -0.009546  -0.011680  0.008242  0.849878  0.252862  0.462352  -0.526963  0.400656  0.749523  0.004282  -0.880645  0.473758  0.010692  0.017776  -0.014319  -0.277087  -0.344746  -0.033808  1.000000  
149.023095 -0.009530  -0.011657  0.008223  0.849553  0.253146  0.462792  -0.527488  0.401232  0.748845  0.003880  -0.880301  0.474399  0.010892  0.017974  -0.014550  -0.295473  -0.363814  -0.035320  1.000000  
149.024345 -0.009513  -0.011632  0.008205  0.849120  0.253469  0.463409  -0.528189  0.401907  0.747989  0.003345  -0.879900  0.475147  0.011006  0.018079  -0.014379  -0.319868  -0.386317  -0.033297  1.000000  
149.025588 -0.009498  -0.011608  0.008186  0.848687  0.253639  0.464110  -0.528889  0.402553  0.747146  0.002676  -0.879556  0.475788  0.011116  0.018143  -0.014365  -0.336259  -0.413217  -0.039197  1.000000  
149.026837 -0.009483  -0.011584  0.008168  0.848361  0.253882  0.464572  -0.529414  0.403280  0.746382  0.002141  -0.879152  0.476536  0.010974  0.018086  -0.014090  -0.360781  -0.435832  -0.037137  1.000000  
149.027837 -0.009472  -0.011566  0.008156  0.848035  0.254071  0.465064  -0.529938  0.403915  0.745666  0.001606  -0.878806  0.477176  0.010964  0.018081  -0.013683  -0.379539  -0.452421  -0.042124  1.000000  
149.029087 -0.009460  -0.011545  0.008142  0.847817  0.254290  0.465341  -0.530287  0.404783  0.744947  0.001070  -0.878344  0.478029  0.010948  0.018071  -0.013284  -0.402395  -0.463038  -0.050232  1.000000  
149.030087 -0.009450  -0.011528  0.008131  0.847599  0.254298  0.465734  -0.530637  0.405532  0.744291  0.000401  -0.877996  0.478668  0.011070  0.018164  -0.013133  -0.422315  -0.479525  -0.059050  1.000000  
149.031339 -0.009438  -0.011506  0.008117  0.847271  0.254503  0.466218  -0.531160  0.406408  0.743439  -0.000268  -0.877531  0.479520  0.011194  0.018284  -0.013021  -0.443396  -0.496373  -0.067518  1.000000  
149.032344 -0.009427  -0.011486  0.008103  0.847052  0.254513  0.466611  -0.531509  0.407156  0.742780  -0.000937  -0.877181  0.480158  0.011260  0.018422  -0.013105  -0.463285  -0.514883  -0.080359  1.000000  
149.033588 -0.009411  -0.011462  0.008086  0.846833  0.254693  0.466911  -0.531857  0.408174  0.741972  -0.001606  -0.876656  0.481115  0.011404  0.018529  -0.013257  -0.492244  -0.525502  -0.091888  1.000000  
149.034595 -0.009399  -0.011442  0.008072  0.846503  0.254902  0.467394  -0.532379  0.409048  0.741115  -0.002275  -0.876188  0.481965  0.011561  0.018647  -0.013388  -0.520615  -0.548152  -0.097562  1.000000  
149.035597 -0.009386  -0.011422  0.008057  0.846282  0.255029  0.467725  -0.532727  0.409974  0.740354  -0.002944  -0.875718  0.482814  0.011678  0.018735  -0.013409  -0.541403  -0.561057  -0.112924  1.000000  
149.036845 -0.009370  -0.011397  0.008039  0.845951  0.255255  0.468201  -0.533248  0.411088  0.739360  -0.003746  -0.875129  0.483875  0.011752  0.018879  -0.013465  -0.577924  -0.579613  -0.125801  1.000000  
149.037846 -0.009358  -0.011377  0.008026  0.845619  0.255469  0.468684  -0.533769  0.411960  0.738498  -0.004415  -0.874657  0.484722  0.011676  0.018983  -0.013377  -0.604228  -0.602113  -0.135038  1.000000  
149.038875 -0.009345  -0.011356  0.008014  0.845286  0.255741  0.469135  -0.534289  0.412920  0.737585  -0.005084  -0.874124  0.485675  0.011620  0.019020  -0.013122  -0.626532  -0.612392  -0.142618  1.000000  
149.040089 -0.009331  -0.011330  0.008000  0.844952  0.255988  0.469603  -0.534809  0.414272  0.736450  -0.006021  -0.873412  0.486945  0.011515  0.019135  -0.012833  -0.668307  -0.632239  -0.162658  1.000000  
149.041337 -0.009319  -0.011306  0.007985  0.844506  0.256380  0.470190  -0.535501  0.415659  0.735164  -0.006957  -0.872638  0.488318  0.011331  0.019168  -0.012713  -0.705331  -0.655373  -0.175123  1.000000  
149.042337 -0.009309  -0.011287  0.007972  0.844281  0.256629  0.470458  -0.535846  0.416757  0.734290  -0.007626  -0.872041  0.489374  0.011281  0.019271  -0.012640  -0.732041  -0.664662  -0.185562  1.000000  
149.043588 -0.009296  -0.011263  0.007957  0.843943  0.256784  0.470980  -0.536363  0.418167  0.733111  -0.008697  -0.871320  0.490639  0.011201  0.019395  -0.012699  -0.771082  -0.683346  -0.210119  1.000000  
149.044838 -0.009284  -0.011238  0.007940  0.843494  0.257241  0.471535  -0.537053  0.419637  0.731764  -0.009633  -0.870478  0.492113  0.011265  0.019661  -0.012933  -0.808690  -0.703506  -0.221462  1.000000  
149.046087 -0.009271  -0.011212  0.007921  0.843153  0.257517  0.471994  -0.537568  0.421220  0.730476  -0.010704  -0.869631  0.493585  0.011294  0.019935  -0.013248  -0.846268  -0.713883  -0.243263  1.000000  
149.047087 -0.009261  -0.011190  0.007906  0.842813  0.257819  0.472436  -0.538084  0.422410  0.729408  -0.011506  -0.868964  0.494741  0.011270  0.020123  -0.013361  -0.875416  -0.729199  -0.255077  1.000000  
149.048097 -0.009249  -0.011168  0.007891  0.842472  0.258181  0.472846  -0.538599  0.423687  0.728286  -0.012309  -0.868235  0.496000  0.011181  0.020272  -0.013478  -0.911601  -0.743655  -0.266556  1.000000  
149.049344 -0.009236  -0.011140  0.007873  0.842017  0.258551  0.473454  -0.539285  0.425210  0.726889  -0.013379  -0.867380  0.497467  0.011056  0.020479  -0.013497  -0.948410  -0.760790  -0.281875  1.000000  
149.050592 -0.009223  -0.011112  0.007857  0.841562  0.259138  0.473942  -0.539971  0.426845  0.725420  -0.014316  -0.866401  0.499143  0.010893  0.020654  -0.013304  -0.993364  -0.775894  -0.293187  1.000000  
149.051596 -0.009213  -0.011091  0.007846  0.841218  0.259507  0.474350  -0.540485  0.428115  0.724288  -0.015119  -0.865664  0.500398  0.010613  0.020757  -0.013134  -1.030200  -0.789001  -0.306517  1.000000  
149.052846 -0.009201  -0.011063  0.007831  0.840759  0.260003  0.474893  -0.541168  0.429807  0.722775  -0.016189  -0.864676  0.502069  0.010354  0.020921  -0.012990  -1.071470  -0.806480  -0.321729  1.000000  
149.054090 -0.009190  -0.011035  0.007817  0.840411  0.260568  0.475199  -0.541679  0.431573  0.721338  -0.017125  -0.863626  0.503843  0.010150  0.021034  -0.012995  -1.112849  -0.807707  -0.335787  1.000000  
149.055096 -0.009181  -0.011014  0.007804  0.839951  0.261109  0.475715  -0.542362  0.433108  0.719904  -0.018062  -0.862693  0.505405  0.009976  0.021096  -0.013090  -1.153519  -0.820372  -0.343007  1.000000  
149.056349 -0.009170  -0.010988  0.007786  0.839487  0.261673  0.476223  -0.543042  0.434876  0.718323  -0.019132  -0.861632  0.507173  0.009893  0.021202  -0.013242  -1.194604  -0.829643  -0.357441  1.000000  
149.057597 -0.009159  -0.010962  0.007769  0.839022  0.262357  0.476666  -0.543722  0.436815  0.716630  -0.020202  -0.860443  0.509146  0.009816  0.021376  -0.013375  -1.244129  -0.842933  -0.364480  1.000000  
149.058844 -0.009148  -0.010935  0.007752  0.838441  0.263038  0.477313  -0.544572  0.438757  0.714796  -0.021406  -0.859246  0.511115  0.009724  0.021571  -0.013460  -1.289747  -0.872753  -0.372400  1.000000  
149.059845 -0.009139  -0.010913  0.007739  0.837865  0.263723  0.477945  -0.545425  0.440075  0.713334  -0.022209  -0.858361  0.512565  0.009679  0.021687  -0.013438  -1.323000  -0.893457  -0.364958  1.000000  
149.061095 -0.009127  -0.010885  0.007723  0.837283  0.264510  0.478530  -0.546274  0.441946  0.711526  -0.023279  -0.857157  0.514529  0.009603  0.021763  -0.013241  -1.368617  -0.912835  -0.368351  1.000000  
149.062345 -0.009115  -0.010857  0.007707  0.836812  0.265152  0.478999  -0.546949  0.443781  0.709863  -0.024349  -0.856010  0.516386  0.009538  0.021829  -0.012948  -1.410155  -0.929914  -0.367821  1.000000  
149.063595 -0.009102  -0.010830  0.007694  0.836226  0.265949  0.479581  -0.547796  0.445643  0.708041  -0.025419  -0.854795  0.518344  0.009393  0.021765  -0.012666  -1.451648  -0.949268  -0.371010  1.000000  
149.064889 -0.009091  -0.010803  0.007680  0.835751  0.266774  0.479949  -0.548469  0.447726  0.706203  -0.026489  -0.853448  0.520505  0.009244  0.021685  -0.012377  -1.495282  -0.959240  -0.373065  1.000000  
149.066102 -0.009080  -0.010777  0.007667  0.835159  0.267659  0.480487  -0.549311  0.449897  0.704167  -0.027693  -0.852028  0.522763  0.009168  0.021643  -0.012330  -1.546823  -0.979844  -0.376341  1.000000  
149.067351 -0.009069  -0.010752  0.007651  0.834568  0.268762  0.480899  -0.550154  0.452168  0.702050  -0.028763  -0.850477  0.525226  0.009066  0.021431  -0.012393  -1.604868  -0.994888  -0.371241  1.000000  
149.068593 -0.009058  -0.010728  0.007635  0.833972  0.269717  0.481398  -0.550993  0.454411  0.699941  -0.029966  -0.848978  0.527578  0.009140  0.021245  -0.012494  -1.649246  -1.008363  -0.374731  1.000000  
149.069610 -0.009048  -0.010708  0.007622  0.833497  0.270633  0.481705  -0.551666  0.456175  0.698261  -0.030769  -0.847739  0.529520  0.009154  0.021082  -0.012535  -1.691820  -1.020882  -0.368463  1.000000  
149.070847 -0.009038  -0.010686  0.007606  0.832901  0.271751  0.482107  -0.552505  0.458426  0.696120  -0.031839  -0.846166  0.531968  0.009215  0.021000  -0.012575  -1.741493  -1.032211  -0.370443  1.000000  
149.072193 -0.009026  -0.010663  0.007591  0.832303  0.272875  0.482505  -0.553343  0.460670  0.693970  -0.032909  -0.844584  0.534410  0.009157  0.020506  -0.012211  -1.781430  -1.043778  -0.363710  1.000000  
149.073339 -0.009014  -0.010639  0.007577  0.831699  0.273909  0.482959  -0.554177  0.462968  0.691772  -0.034112  -0.842991  0.536845  0.009238  0.020437  -0.012169  -1.837849  -1.062494  -0.359481  1.000000  
149.074589 -0.009002  -0.010617  0.007563  0.831208  0.274972  0.483202  -0.554839  0.465483  0.689550  -0.035316  -0.841259  0.539478  0.009265  0.020107  -0.011907  -1.887526  -1.067988  -0.364614  1.000000  
149.075590 -0.008993  -0.010599  0.007554  0.830727  0.275967  0.483461  -0.555507  0.467302  0.687780  -0.036118  -0.839923  0.541502  0.009247  0.019822  -0.011643  -1.924804  -1.074499  -0.359002  1.000000  
149.076837 -0.008982  -0.010577  0.007542  0.830118  0.277135  0.483839  -0.556337  0.469745  0.685441  -0.037321  -0.838174  0.544124  0.009174  0.019410  -0.011449  -1.966658  -1.085168  -0.357908  1.000000  
149.077837 -0.008974  -0.010560  0.007531  0.829741  0.277855  0.484073  -0.556827  0.471733  0.683675  -0.038391  -0.836818  0.546134  0.009065  0.019042  -0.011400  -2.011012  -1.100224  -0.361188  1.000000  
149.078837 -0.008965  -0.010544  0.007519  0.829366  0.278730  0.484212  -0.557319  0.473737  0.681886  -0.039327  -0.835394  0.548243  0.009014  0.018684  -0.011474  -2.049883  -1.098067  -0.360392  1.000000  
149.079837 -0.008957  -0.010529  0.007508  0.828872  0.279555  0.484583  -0.557978  0.475658  0.680007  -0.040396  -0.834026  0.550245  0.008970  0.018341  -0.011560  -2.079772  -1.109034  -0.359933  1.000000  
149.080903 -0.008950  -0.010514  0.007495  0.828491  0.280403  0.484745  -0.558466  0.477795  0.678106  -0.041466  -0.832518  0.552444  0.008799  0.017775  -0.011606  -2.117695  -1.113239  -0.367067  1.000000  
149.082087 -0.008941  -0.010497  0.007479  0.827979  0.281430  0.485024  -0.559113  0.480547  0.675623  -0.042936  -0.830585  0.555234  0.008696  0.017344  -0.011716  -2.169368  -1.124333  -0.377267  1.000000  
149.083087 -0.008934  -0.010483  0.007468  0.827595  0.282345  0.485147  -0.559598  0.482753  0.673647  -0.044006  -0.828994  0.557523  0.008612  0.016939  -0.011614  -2.206394  -1.129864  -0.382308  1.000000  
149.084094 -0.008928  -0.010471  0.007456  0.827205  0.283171  0.485331  -0.560079  0.485013  0.671620  -0.045209  -0.827391  0.559804  0.008360  0.016409  -0.011462  -2.249102  -1.136334  -0.390100  1.000000  
149.085354 -0.008919  -0.010456  0.007444  0.826577  0.284347  0.485713  -0.560896  0.487537  0.669106  -0.046545  -0.825503  0.562476  0.008124  0.015887  -0.011201  -2.286898  -1.148025  -0.390911  1.000000  
149.086596 -0.008911  -0.010441  0.007432  0.826057  0.285396  0.485982  -0.561537  0.490253  0.666580  -0.048015  -0.823530  0.565237  0.007960  0.015368  -0.010974  -2.329952  -1.157003  -0.399333  1.000000  
149.087845 -0.008902  -0.010424  0.007419  0.825535  0.286509  0.486214  -0.562177  0.493038  0.663981  -0.049485  -0.821478  0.568089  0.007780  0.014938  -0.010925  -2.374896  -1.159267  -0.411044  1.000000  
149.089088 -0.008893  -0.010408  0.007406  0.825011  0.287748  0.486373  -0.562815  0.495973  0.661249  -0.050955  -0.819275  0.571132  0.007612  0.014548  -0.010858  -2.416685  -1.160442  -0.419363  1.000000  
149.090093 -0.008886  -0.010396  0.007395  0.824606  0.288684  0.486504  -0.563285  0.498495  0.658948  -0.052291  -0.817413  0.573673  0.007435  0.014090  -0.010970  -2.469564  -1.158703  -0.438598  1.000000  
149.091337 -0.008877  -0.010381  0.007380  0.824078  0.289993  0.486621  -0.563920  0.501487  0.656129  -0.053761  -0.815117  0.576797  0.007277  0.013647  -0.011073  -2.518885  -1.160165  -0.446684  1.000000  
149.092338 -0.008871  -0.010369  0.007368  0.823675  0.290970  0.486719  -0.564392  0.503847  0.653911  -0.054964  -0.813311  0.579228  0.007166  0.013337  -0.011242  -2.564284  -1.168639  -0.455182  1.000000  
149.093589 -0.008863  -0.010355  0.007352  0.823130  0.292111  0.486958  -0.565015  0.506939  0.650977  -0.056700  -0.810977  0.582324  0.006903  0.012787  -0.011343  -2.617419  -1.176522  -0.473958  1.000000  
149.094837 -0.008857  -0.010342  0.007336  0.822588  0.293467  0.487058  -0.565640  0.510112  0.647948  -0.058303  -0.808494  0.585609  0.006714  0.012478  -0.011419  -2.675159  -1.189841  -0.485681  1.000000  
149.096087 -0.008849  -0.010328  0.007321  0.822161  0.294606  0.487093  -0.566094  0.513175  0.645127  -0.059906  -0.806138  0.588687  0.006589  0.012212  -0.011403  -2.712661  -1.185963  -0.499970  1.000000  
149.097087 -0.008843  -0.010316  0.007310  0.821738  0.295543  0.487239  -0.566551  0.515774  0.642648  -0.061375  -0.804134  0.591271  0.006462  0.011992  -0.011277  -2.749083  -1.193889  -0.519005  1.000000  
149.098089 -0.008838  -0.010306  0.007299  0.821319  0.296515  0.487354  -0.567012  0.518224  0.640267  -0.062710  -0.802199  0.593755  0.006406  0.011830  -0.011235  -2.773249  -1.196901  -0.530516  1.000000  
149.099354 -0.008829  -0.010293  0.007284  0.820871  0.297670  0.487405  -0.567451  0.521605  0.637124  -0.064580  -0.799575  0.597084  0.006433  0.011698  -0.011324  -2.825530  -1.202126  -0.557020  1.000000  
149.100602 -0.008821  -0.010279  0.007268  0.820427  0.298980  0.487351  -0.567893  0.524986  0.633946  -0.066315  -0.796869  0.600501  0.006441  0.011569  -0.011595  -2.873519  -1.204996  -0.578805  1.000000  
149.101846 -0.008811  -0.010264  0.007251  0.819863  0.300405  0.487424  -0.568502  0.528288  0.630648  -0.068051  -0.794147  0.603904  0.006549  0.011475  -0.011886  -2.933266  -1.218487  -0.598958  1.000000  
149.103093 -0.008800  -0.010250  0.007233  0.819405  0.301581  0.487467  -0.568935  0.531619  0.627451  -0.069920  -0.791473  0.607192  0.006690  0.011394  -0.012257  -2.968149  -1.220062  -0.618384  1.000000  
149.104095 -0.008791  -0.010238  0.007218  0.818976  0.302757  0.487459  -0.569387  0.534239  0.624810  -0.071254  -0.789258  0.609914  0.006785  0.011273  -0.012536  -3.001261  -1.227438  -0.626223  1.000000  
149.105342 -0.008779  -0.010224  0.007200  0.818521  0.304091  0.487393  -0.569821  0.537555  0.621562  -0.072989  -0.786488  0.613278  0.007025  0.011215  -0.012864  -3.046826  -1.231712  -0.648178  1.000000  
149.106342 -0.008769  -0.010214  0.007184  0.818198  0.305138  0.487282  -0.570096  0.540347  0.618883  -0.074457  -0.784166  0.616068  0.007219  0.011119  -0.013102  -3.087164  -1.232706  -0.667061  1.000000  
149.107588 -0.008758  -0.010201  0.007165  0.817738  0.306483  0.487209  -0.570526  0.543632  0.615601  -0.076191  -0.781365  0.619405  0.007401  0.011050  -0.013301  -3.128887  -1.237621  -0.677538  1.000000  
149.108659 -0.008749  -0.010191  0.007150  0.817419  0.307565  0.487063  -0.570804  0.546264  0.613008  -0.077525  -0.779101  0.622086  0.007574  0.010951  -0.013358  -3.154263  -1.239022  -0.687157  1.000000  
149.109837 -0.008738  -0.010177  0.007131  0.816854  0.309264  0.486935  -0.571410  0.549410  0.609622  -0.078993  -0.776212  0.625504  0.007896  0.010950  -0.013720  -3.205074  -1.241923  -0.689675  1.000000  
149.111103 -0.008726  -0.010164  0.007112  0.816405  0.310855  0.486675  -0.571848  0.552601  0.606319  -0.080460  -0.773306  0.628907  0.008218  0.010891  -0.013974  -3.247007  -1.243648  -0.686649  1.000000  
149.112344 -0.008713  -0.010151  0.007092  0.815945  0.312484  0.486403  -0.572277  0.555979  0.602815  -0.082060  -0.770221  0.632476  0.008632  0.010847  -0.014435  -3.286853  -1.241675  -0.695131  1.000000  
149.113585 -0.008701  -0.010138  0.007069  0.815364  0.314234  0.486249  -0.572872  0.559273  0.599192  -0.083660  -0.767118  0.636027  0.008916  0.010878  -0.014943  -3.328419  -1.249958  -0.697246  1.000000  
149.114594 -0.008689  -0.010126  0.007051  0.814936  0.315678  0.486031  -0.573324  0.561726  0.596460  -0.084727  -0.764730  0.638757  0.009283  0.010928  -0.015378  -3.361742  -1.249557  -0.689834  1.000000  
149.115837 -0.008674  -0.010111  0.007028  0.814352  0.317321  0.485941  -0.573915  0.564840  0.592939  -0.086326  -0.761750  0.642094  0.009660  0.010988  -0.015840  -3.403577  -1.254042  -0.697230  1.000000  
149.116837 -0.008663  -0.010100  0.007009  0.813803  0.318890  0.485833  -0.574532  0.567200  0.590083  -0.087393  -0.759338  0.644801  0.009895  0.010986  -0.016130  -3.436051  -1.257039  -0.684647  1.000000  
149.117847 -0.008650  -0.010089  0.006991  0.813361  0.320263  0.485669  -0.574974  0.569671  0.587265  -0.088592  -0.756906  0.647491  0.010170  0.010873  -0.016423  -3.459946  -1.258695  -0.682589  1.000000  
149.119097 -0.008635  -0.010077  0.006970  0.812790  0.322088  0.485419  -0.575574  0.572618  0.583800  -0.089925  -0.753902  0.650804  0.010379  0.010770  -0.016574  -3.488306  -1.255527  -0.670210  1.000000  
149.120351 -0.008620  -0.010066  0.006949  0.812217  0.323917  0.485161  -0.576173  0.575547  0.580319  -0.091257  -0.750882  0.654101  0.010545  0.010542  -0.016694  -3.505717  -1.255650  -0.661429  1.000000  
149.121595 -0.008606  -0.010056  0.006929  0.811642  0.325810  0.484855  -0.576771  0.578526  0.576752  -0.092590  -0.747767  0.657474  0.010740  0.010316  -0.016745  -3.531358  -1.252943  -0.649142  1.000000  
149.122838 -0.008592  -0.010048  0.006909  0.811065  0.327708  0.484541  -0.577366  0.581486  0.573169  -0.093922  -0.744635  0.660831  0.010961  0.010045  -0.016880  -3.561536  -1.250274  -0.637048  1.000000  
149.123840 -0.008580  -0.010040  0.006893  0.810518  0.329325  0.484362  -0.577983  0.583631  0.570361  -0.094854  -0.742240  0.663387  0.011195  0.009819  -0.016892  -3.570587  -1.252052  -0.621446  1.000000  
149.125087 -0.008564  -0.010033  0.006873  0.809948  0.331195  0.484040  -0.578583  0.586360  0.566942  -0.096053  -0.739251  0.666545  0.011434  0.009387  -0.017021  -3.584604  -1.251607  -0.601483  1.000000  
149.126337 -0.008549  -0.010027  0.006852  0.809257  0.333191  0.483825  -0.579349  0.589003  0.563410  -0.097251  -0.736247  0.669688  0.011647  0.008955  -0.017045  -3.602291  -1.247967  -0.578051  1.000000  
149.127587 -0.008533  -0.010021  0.006833  0.808554  0.335112  0.483674  -0.580105  0.591684  0.559811  -0.098583  -0.733219  0.672808  0.011913  0.008421  -0.016946  -3.611900  -1.252982  -0.552166  1.000000  
149.128589 -0.008519  -0.010017  0.006818  0.808109  0.336484  0.483465  -0.580543  0.593830  0.557078  -0.099648  -0.730852  0.675223  0.012063  0.007933  -0.016769  -3.617156  -1.245522  -0.539046  1.000000  
149.129837 -0.008502  -0.010013  0.006800  0.807413  0.338435  0.483265  -0.581303  0.596353  0.553578  -0.100846  -0.727890  0.678237  0.012387  0.007371  -0.016487  -3.619506  -1.243960  -0.507731  1.000000  
149.131087 -0.008484  -0.010010  0.006787  0.806693  0.340235  0.483204  -0.582047  0.598971  0.549959  -0.102310  -0.724896  0.681219  0.012478  0.006564  -0.015746  -3.617811  -1.249579  -0.493641  1.000000  
149.132089 -0.008471  -0.010009  0.006776  0.806005  0.341865  0.483203  -0.582812  0.600937  0.546996  -0.103375  -0.722498  0.683601  0.012614  0.005804  -0.015250  -3.614622  -1.257597  -0.465636  1.000000  
149.133342 -0.008454  -0.010009  0.006765  0.805280  0.343736  0.483084  -0.583552  0.603587  0.543278  -0.104839  -0.719395  0.686644  0.012703  0.005015  -0.014516  -3.621938  -1.260725  -0.441992  1.000000  
149.134345 -0.008439  -0.010011  0.006757  0.804697  0.345115  0.483072  -0.584140  0.605585  0.540413  -0.106036  -0.717051  0.688908  0.012891  0.004154  -0.013892  -3.614381  -1.264898  -0.429130  1.000000  
149.135594 -0.008421  -0.010015  0.006747  0.803956  0.346862  0.483054  -0.584867  0.608191  0.536688  -0.107633  -0.713996  0.691827  0.013124  0.003172  -0.013118  -3.608376  -1.273272  -0.411804  1.000000  
149.136595 -0.008407  -0.010020  0.006741  0.803369  0.348193  0.483074  -0.585452  0.610098  0.533878  -0.108830  -0.711718  0.693984  0.013281  0.002361  -0.012476  -3.599191  -1.279299  -0.391847  1.000000  
149.137846 -0.008388  -0.010026  0.006734  0.802636  0.349852  0.483094  -0.586184  0.612420  0.530405  -0.110293  -0.708904  0.696628  0.013616  0.001317  -0.011577  -3.580294  -1.284865  -0.370585  1.000000  
149.138883 -0.008373  -0.010033  0.006729  0.802033  0.351117  0.483177  -0.586757  0.614359  0.527522  -0.111623  -0.706598  0.698756  0.013768  0.000389  -0.010777  -3.565415  -1.289625  -0.361341  1.000000  
149.140092 -0.008353  -0.010042  0.006724  0.801162  0.352839  0.483367  -0.587641  0.616634  0.523872  -0.113218  -0.703752  0.701366  0.014111  -0.000698  -0.009733  -3.557093  -1.311168  -0.346108  1.000000  
149.141337 -0.008333  -0.010052  0.006722  0.800409  0.354501  0.483398  -0.588356  0.619027  0.520233  -0.114813  -0.700810  0.704048  0.014387  -0.001750  -0.008563  -3.538683  -1.320896  -0.339068  1.000000  
149.142587 -0.008312  -0.010063  0.006722  0.799654  0.356053  0.483508  -0.589070  0.621276  0.516733  -0.116408  -0.698027  0.706546  0.014689  -0.002810  -0.007412  -3.504930  -1.332391  -0.324379  1.000000  
149.143591 -0.008295  -0.010072  0.006724  0.798921  0.357410  0.483719  -0.589800  0.623025  0.513786  -0.117737  -0.695772  0.708548  0.014961  -0.003762  -0.006119  -3.482186  -1.346340  -0.313839  1.000000  
149.144837 -0.008275  -0.010086  0.006728  0.798282  0.358905  0.483667  -0.590344  0.625380  0.510288  -0.119331  -0.692883  0.711107  0.015116  -0.004959  -0.004740  -3.474670  -1.353253  -0.312213  1.000000  
149.145837 -0.008259  -0.010097  0.006732  0.797653  0.360069  0.483838  -0.590896  0.627233  0.507367  -0.120792  -0.690601  0.713078  0.015247  -0.005895  -0.003697  -3.449155  -1.362986  -0.309166  1.000000  
149.147087 -0.008239  -0.010112  0.006738  0.796901  0.361720  0.483846  -0.591610  0.629366  0.503880  -0.122253  -0.687791  0.715540  0.015438  -0.006842  -0.002506  -3.423283  -1.372608  -0.302165  1.000000  
149.148089 -0.008224  -0.010124  0.006743  0.796404  0.362839  0.483827  -0.592004  0.631214  0.501098  -0.123581  -0.685504  0.717504  0.015592  -0.007812  -0.001433  -3.407741  -1.371150  -0.305548  1.000000  
149.149340 -0.008205  -0.010141  0.006750  0.795729  0.364093  0.483996  -0.592521  0.633497  0.497595  -0.125439  -0.682728  0.719824  0.015632  -0.008675  -0.000428  -3.380314  -1.384450  -0.312940  1.000000  
149.150593 -0.008185  -0.010159  0.006758  0.794942  0.365616  0.484140  -0.593208  0.635694  0.493961  -0.127165  -0.679866  0.722226  0.015748  -0.009591  0.000747  -3.349237  -1.405327  -0.307567  1.000000  
149.151595 -0.008170  -0.010173  0.006765  0.794439  0.366750  0.484109  -0.593597  0.637505  0.491153  -0.128492  -0.677556  0.724160  0.015853  -0.010324  0.001736  -3.328375  -1.407308  -0.314137  1.000000  
149.152845 -0.008151  -0.010191  0.006774  0.793661  0.368299  0.484208  -0.594290  0.639558  0.487633  -0.130084  -0.674775  0.726469  0.015811  -0.010977  0.002705  -3.301954  -1.419754  -0.310141  1.000000  
149.153849 -0.008135  -0.010205  0.006784  0.793032  0.369515  0.484313  -0.594838  0.641210  0.484786  -0.131411  -0.672539  0.728301  0.015873  -0.011513  0.003671  -3.282107  -1.434532  -0.310327  1.000000  
149.155094 -0.008117  -0.010224  0.006797  0.792372  0.370945  0.484301  -0.595363  0.643310  0.481347  -0.133002  -0.669741  0.730587  0.015741  -0.012223  0.004925  -3.254452  -1.440544  -0.319054  1.000000  
