1-Time 2-Px 3-Py 4-Pz 5-R11 6-R21 7-R31 8-R12 9-R22 10-R32 11-R13 12-R23 13-R33 14-Vx 15-Vy 16-Vz 17-Wx 18-Wy 19-Wz 20-state
78.671918 -0.008147  -0.011353  0.002082  0.623933  0.759817  0.182718  -0.757756  0.645395  -0.096288  -0.191086  -0.078378  0.978439  -0.001040  -0.000325  -0.000612  0.000000  0.000000  0.000000  1.000000  
78.673024 -0.008146  -0.011353  0.002082  0.623933  0.759817  0.182718  -0.757756  0.645395  -0.096288  -0.191086  -0.078378  0.978439  0.000964  0.000170  0.000477  0.000000  0.000000  0.000000  1.000000  
78.674273 -0.008138  -0.011346  0.002080  0.623933  0.759817  0.182718  -0.757756  0.645395  -0.096288  -0.191086  -0.078378  0.978439  0.004544  0.003291  -0.001147  0.000000  0.000000  0.000000  1.000000  
78.675291 -0.008129  -0.011338  0.002077  0.623933  0.759817  0.182718  -0.757756  0.645395  -0.096288  -0.191086  -0.078378  0.978439  0.005904  0.004843  -0.001656  0.000000  0.000000  0.000000  1.000000  
78.676536 -0.008123  -0.011332  0.002075  0.623933  0.759817  0.182718  -0.757756  0.645395  -0.096288  -0.191086  -0.078378  0.978439  0.005610  0.004838  -0.001513  0.000000  0.000000  0.000000  1.000000  
78.677781 -0.008118  -0.011329  0.002075  0.623933  0.759839  0.182626  -0.757756  0.645383  -0.096366  -0.191086  -0.078260  0.978449  0.005262  0.004299  -0.001277  0.000000  0.000000  0.000000  1.000000  
78.679023 -0.008110  -0.011324  0.002075  0.623933  0.759839  0.182626  -0.757756  0.645383  -0.096366  -0.191086  -0.078260  0.978449  0.005421  0.004255  -0.000981  0.000000  0.000000  0.000000  1.000000  
78.680027 -0.008103  -0.011319  0.002075  0.623777  0.759972  0.182606  -0.757884  0.645227  -0.096404  -0.191086  -0.078260  0.978449  0.005648  0.004424  -0.000899  0.000000  0.000000  0.000000  1.000000  
78.681275 -0.008097  -0.011312  0.002073  0.623777  0.759994  0.182514  -0.757884  0.645215  -0.096482  -0.191086  -0.078141  0.978458  0.005578  0.004553  -0.000980  0.000000  0.000000  0.000000  1.000000  
78.682279 -0.008094  -0.011308  0.002071  0.623777  0.759994  0.182514  -0.757884  0.645215  -0.096482  -0.191086  -0.078141  0.978458  0.005343  0.004432  -0.001087  0.000000  0.000000  0.000000  1.000000  
78.683279 -0.008089  -0.011304  0.002070  0.623777  0.759994  0.182514  -0.757884  0.645215  -0.096482  -0.191086  -0.078141  0.978458  0.005289  0.004442  -0.001079  0.000000  0.000000  0.000000  1.000000  
78.684283 -0.008084  -0.011299  0.002069  0.623777  0.759994  0.182514  -0.757884  0.645215  -0.096482  -0.191086  -0.078141  0.978458  0.005269  0.004504  -0.001106  0.000000  0.000000  0.000000  1.000000  
78.685531 -0.008075  -0.011290  0.002067  0.623777  0.760016  0.182421  -0.757884  0.645203  -0.096560  -0.191086  -0.078022  0.978467  0.005412  0.004705  -0.001149  0.000000  0.000000  0.000000  1.000000  
78.686780 -0.008066  -0.011281  0.002062  0.623777  0.760016  0.182421  -0.757884  0.645203  -0.096560  -0.191086  -0.078022  0.978467  0.005563  0.004983  -0.001344  0.000000  0.000000  0.000000  1.000000  
78.687782 -0.008057  -0.011270  0.002058  0.623777  0.760016  0.182421  -0.757884  0.645203  -0.096560  -0.191086  -0.078022  0.978467  0.006070  0.005566  -0.001608  0.000000  0.000000  0.000000  1.000000  
78.689028 -0.008044  -0.011255  0.002054  0.623777  0.760039  0.182329  -0.757884  0.645192  -0.096639  -0.191086  -0.077904  0.978477  0.006376  0.006184  -0.001736  0.000000  0.000000  0.000000  1.000000  
78.690275 -0.008031  -0.011240  0.002051  0.623777  0.760039  0.182329  -0.757884  0.645192  -0.096639  -0.191086  -0.077904  0.978477  0.006563  0.006571  -0.001732  0.000000  0.000000  0.000000  1.000000  
78.691525 -0.008022  -0.011228  0.002050  0.623793  0.760067  0.182154  -0.757904  0.645172  -0.096616  -0.190955  -0.077787  0.978512  0.006755  0.006951  -0.001724  0.000000  0.000000  0.000000  1.000000  
78.692525 -0.008016  -0.011220  0.002049  0.623793  0.760067  0.182154  -0.757904  0.645172  -0.096616  -0.190955  -0.077787  0.978512  0.006947  0.007392  -0.001765  0.000000  0.000000  0.000000  1.000000  
78.693776 -0.008006  -0.011209  0.002047  0.623793  0.760089  0.182062  -0.757904  0.645160  -0.096694  -0.190955  -0.077668  0.978521  0.007054  0.007824  -0.001932  0.000000  0.000000  0.000000  1.000000  
78.695025 -0.007997  -0.011196  0.002044  0.623637  0.760222  0.182042  -0.758032  0.645004  -0.096731  -0.190955  -0.077668  0.978521  0.007069  0.008171  -0.002093  0.000000  0.000000  0.000000  1.000000  
78.696028 -0.007992  -0.011187  0.002040  0.623653  0.760251  0.181866  -0.758052  0.644984  -0.096709  -0.190824  -0.077552  0.978556  0.007111  0.008481  -0.002258  0.000000  0.000000  0.000000  1.000000  
78.697279 -0.007987  -0.011179  0.002035  0.623653  0.760251  0.181866  -0.758052  0.644984  -0.096709  -0.190824  -0.077552  0.978556  0.007108  0.008714  -0.002393  0.000000  0.000000  0.000000  1.000000  
78.698528 -0.007982  -0.011169  0.002031  0.623669  0.760279  0.181691  -0.758072  0.644964  -0.096686  -0.190692  -0.077435  0.978591  0.007083  0.008990  -0.002581  0.000000  0.000000  0.000000  1.000000  
78.699529 -0.007975  -0.011159  0.002029  0.623669  0.760279  0.181691  -0.758072  0.644964  -0.096686  -0.190692  -0.077435  0.978591  0.007120  0.009278  -0.002664  0.000000  0.000000  0.000000  1.000000  
78.700533 -0.007968  -0.011147  0.002025  0.623669  0.760302  0.181599  -0.758072  0.644953  -0.096764  -0.190692  -0.077316  0.978600  0.007185  0.009619  -0.002776  0.000000  0.000000  0.000000  1.000000  
78.701779 -0.007958  -0.011132  0.002021  0.623530  0.760441  0.181496  -0.758220  0.644788  -0.096700  -0.190561  -0.077318  0.978626  0.007235  0.009882  -0.002773  0.000000  0.000000  0.000000  1.000000  
78.702782 -0.007952  -0.011122  0.002018  0.623530  0.760463  0.181403  -0.758220  0.644776  -0.096778  -0.190561  -0.077199  0.978635  0.006995  0.009899  -0.002718  0.000000  0.000000  0.000000  1.000000  
78.703794 -0.007946  -0.011112  0.002014  0.623530  0.760463  0.181403  -0.758220  0.644776  -0.096778  -0.190561  -0.077199  0.978635  0.006601  0.009694  -0.002688  0.000000  0.000000  0.000000  1.000000  
78.705025 -0.007938  -0.011099  0.002012  0.623530  0.760463  0.181403  -0.758220  0.644776  -0.096778  -0.190561  -0.077199  0.978635  0.006269  0.009561  -0.002627  0.000000  0.000000  0.000000  1.000000  
78.706027 -0.007933  -0.011090  0.002009  0.623546  0.760491  0.181228  -0.758240  0.644757  -0.096755  -0.190430  -0.077083  0.978670  0.006154  0.009498  -0.002799  0.000000  0.000000  0.000000  1.000000  
78.707275 -0.007926  -0.011080  0.002005  0.623718  0.760365  0.181165  -0.758131  0.644905  -0.096617  -0.190298  -0.077085  0.978695  0.006057  0.009488  -0.002956  0.000000  0.000000  0.000000  1.000000  
78.708275 -0.007923  -0.011073  0.002000  0.623718  0.760365  0.181165  -0.758131  0.644905  -0.096617  -0.190298  -0.077085  0.978695  0.005846  0.009350  -0.003195  0.000000  0.000000  0.000000  1.000000  
78.709282 -0.007919  -0.011066  0.001995  0.623734  0.760394  0.180989  -0.758151  0.644886  -0.096594  -0.190167  -0.076968  0.978730  0.005507  0.009136  -0.003351  0.000000  0.000000  0.000000  1.000000  
78.710525 -0.007914  -0.011057  0.001989  0.623750  0.760422  0.180814  -0.758170  0.644866  -0.096571  -0.190035  -0.076851  0.978765  0.005328  0.008975  -0.003493  0.000000  0.000000  0.000000  1.000000  
78.711525 -0.007912  -0.011049  0.001984  0.623750  0.760422  0.180814  -0.758170  0.644866  -0.096571  -0.190035  -0.076851  0.978765  0.005203  0.008937  -0.003615  0.000000  0.000000  0.000000  1.000000  
78.712775 -0.007908  -0.011042  0.001980  0.623923  0.760318  0.180658  -0.758061  0.645003  -0.096511  -0.189904  -0.076735  0.978799  0.005154  0.008892  -0.003589  0.000000  0.000000  0.000000  1.000000  
78.714027 -0.007903  -0.011032  0.001976  0.623939  0.760346  0.180483  -0.758081  0.644983  -0.096488  -0.189773  -0.076618  0.978834  0.005067  0.008835  -0.003609  0.000000  0.000000  0.000000  1.000000  
78.715043 -0.007896  -0.011022  0.001972  0.623955  0.760375  0.180307  -0.758101  0.644964  -0.096465  -0.189641  -0.076501  0.978869  0.004954  0.008704  -0.003625  0.000000  0.000000  0.000000  1.000000  
78.716047 -0.007891  -0.011011  0.001968  0.624127  0.760248  0.180244  -0.757992  0.645112  -0.096327  -0.189510  -0.076503  0.978894  0.004912  0.008733  -0.003688  0.000000  0.000000  0.000000  1.000000  
78.717300 -0.007885  -0.010998  0.001962  0.624143  0.760277  0.180068  -0.758011  0.645093  -0.096304  -0.189379  -0.076386  0.978928  0.004656  0.008588  -0.003789  0.000000  0.000000  0.000000  1.000000  
78.718531 -0.007879  -0.010988  0.001957  0.624315  0.760150  0.180005  -0.757902  0.645241  -0.096166  -0.189247  -0.076388  0.978954  0.004537  0.008419  -0.003864  0.000000  0.000000  0.000000  1.000000  
78.719785 -0.007874  -0.010978  0.001952  0.624347  0.760185  0.179746  -0.757941  0.645214  -0.096042  -0.188984  -0.076273  0.979013  0.004358  0.008210  -0.004099  0.000000  0.000000  0.000000  1.000000  
78.721028 -0.007870  -0.010968  0.001946  0.624520  0.760081  0.179590  -0.757832  0.645351  -0.095982  -0.188853  -0.076157  0.979048  0.004181  0.008108  -0.004274  0.000000  0.000000  0.000000  1.000000  
78.722277 -0.007867  -0.010960  0.001939  0.624708  0.759961  0.179444  -0.757743  0.645491  -0.095743  -0.188590  -0.076161  0.979098  0.003929  0.007994  -0.004412  0.000000  0.000000  0.000000  1.000000  
78.723525 -0.007867  -0.010952  0.001931  0.624740  0.759995  0.179185  -0.757782  0.645464  -0.095619  -0.188328  -0.076046  0.979158  0.003689  0.007956  -0.004534  0.000000  0.000000  0.000000  1.000000  
78.724525 -0.007866  -0.010944  0.001926  0.624912  0.759869  0.179121  -0.757672  0.645613  -0.095481  -0.188196  -0.076048  0.979183  0.003462  0.007954  -0.004527  0.000000  0.000000  0.000000  1.000000  
78.725525 -0.007864  -0.010937  0.001923  0.625100  0.759771  0.178882  -0.757583  0.645742  -0.095321  -0.187933  -0.075933  0.979242  0.003366  0.008002  -0.004403  0.000000  0.000000  0.000000  1.000000  
78.726775 -0.007861  -0.010926  0.001917  0.625288  0.759672  0.178642  -0.757493  0.645871  -0.095160  -0.187670  -0.075818  0.979302  0.003325  0.008114  -0.004378  0.000000  0.000000  0.000000  1.000000  
78.727781 -0.007859  -0.010917  0.001914  0.625320  0.759707  0.178383  -0.757531  0.645844  -0.095036  -0.187408  -0.075703  0.979361  0.003306  0.008273  -0.004380  0.000000  0.000000  0.000000  1.000000  
78.729025 -0.007856  -0.010906  0.001908  0.625508  0.759609  0.178144  -0.757441  0.645973  -0.094876  -0.187145  -0.075588  0.979420  0.003124  0.008384  -0.004538  0.000000  0.000000  0.000000  1.000000  
78.730025 -0.007852  -0.010894  0.001902  0.625695  0.759488  0.177997  -0.757351  0.646114  -0.094637  -0.186882  -0.075592  0.979470  0.002983  0.008512  -0.004668  0.000000  0.000000  0.000000  1.000000  
78.731275 -0.007848  -0.010880  0.001896  0.625883  0.759390  0.177757  -0.757261  0.646243  -0.094477  -0.186619  -0.075477  0.979529  0.002794  0.008533  -0.004735  0.000000  0.000000  0.000000  1.000000  
78.732277 -0.007846  -0.010870  0.001890  0.626071  0.759291  0.177517  -0.757170  0.646373  -0.094317  -0.186356  -0.075362  0.979588  0.002612  0.008571  -0.004812  0.000000  0.000000  0.000000  1.000000  
78.733281 -0.007845  -0.010861  0.001887  0.626258  0.759192  0.177277  -0.757080  0.646502  -0.094157  -0.186093  -0.075247  0.979646  0.002385  0.008558  -0.004799  0.000000  0.000000  0.000000  1.000000  
78.734292 -0.007843  -0.010853  0.001882  0.626306  0.759233  0.176935  -0.757137  0.646467  -0.093932  -0.185699  -0.075134  0.979730  0.002154  0.008605  -0.004817  0.000000  0.000000  0.000000  1.000000  
78.735534 -0.007843  -0.010842  0.001876  0.626649  0.759001  0.176714  -0.756918  0.646753  -0.093736  -0.185436  -0.075019  0.979789  0.001885  0.008661  -0.004814  0.000000  0.000000  0.000000  1.000000  
78.736780 -0.007844  -0.010831  0.001870  0.626853  0.758909  0.176391  -0.756846  0.646875  -0.093475  -0.185041  -0.074906  0.979872  0.001653  0.008806  -0.004713  -0.055379  0.188263  -0.101266  1.000000  
78.737781 -0.007844  -0.010823  0.001866  0.626884  0.758921  0.176223  -0.756884  0.646859  -0.093273  -0.184778  -0.074909  0.979921  0.001533  0.008949  -0.004613  -0.056690  0.196699  -0.093796  1.000000  
78.739028 -0.007844  -0.010812  0.001860  0.627071  0.758822  0.175983  -0.756793  0.646989  -0.093113  -0.184515  -0.074794  0.979980  0.001478  0.009085  -0.004542  -0.054971  0.200075  -0.099446  1.000000  
78.740274 -0.007844  -0.010801  0.001856  0.627259  0.758723  0.175743  -0.756702  0.647118  -0.092953  -0.184252  -0.074679  0.980038  0.001351  0.009204  -0.004473  -0.057751  0.205029  -0.105837  1.000000  
78.741274 -0.007844  -0.010791  0.001852  0.627446  0.758624  0.175503  -0.756611  0.647248  -0.092794  -0.183989  -0.074564  0.980096  0.001218  0.009301  -0.004498  -0.056483  0.214427  -0.111897  1.000000  
78.742524 -0.007842  -0.010777  0.001846  0.627649  0.758531  0.175178  -0.756538  0.647370  -0.092534  -0.183595  -0.074451  0.980179  0.001147  0.009535  -0.004603  -0.056517  0.223307  -0.111243  1.000000  
78.743784 -0.007841  -0.010763  0.001839  0.627852  0.758438  0.174854  -0.756466  0.647492  -0.092273  -0.183200  -0.074337  0.980261  0.001004  0.009681  -0.004699  -0.055720  0.234596  -0.118266  1.000000  
78.745024 -0.007840  -0.010749  0.001832  0.628054  0.758345  0.174530  -0.756393  0.647614  -0.092013  -0.182806  -0.074224  0.980343  0.000764  0.009670  -0.004673  -0.054064  0.242259  -0.123466  1.000000  
78.746024 -0.007839  -0.010738  0.001828  0.628241  0.758246  0.174289  -0.756301  0.647743  -0.091854  -0.182542  -0.074109  0.980401  0.000679  0.009633  -0.004619  -0.058146  0.246734  -0.123160  1.000000  
78.747276 -0.007839  -0.010727  0.001825  0.628428  0.758146  0.174048  -0.756209  0.647873  -0.091695  -0.182279  -0.073993  0.980459  0.000435  0.009505  -0.004362  -0.056901  0.251697  -0.129588  1.000000  
78.748528 -0.007841  -0.010717  0.001821  0.628630  0.758053  0.173724  -0.756136  0.647995  -0.091435  -0.181885  -0.073880  0.980541  0.000202  0.009440  -0.004230  -0.060940  0.260391  -0.128829  1.000000  
78.749536 -0.007842  -0.010709  0.001819  0.628661  0.758086  0.173464  -0.756173  0.647969  -0.091312  -0.181622  -0.073765  0.980598  0.000040  0.009438  -0.004113  -0.061485  0.262532  -0.129936  1.000000  
78.750786 -0.007843  -0.010698  0.001815  0.629004  0.757853  0.173242  -0.755952  0.648255  -0.091117  -0.181358  -0.073649  0.980655  -0.000010  0.009492  -0.003963  -0.060220  0.267459  -0.136380  1.000000  
78.751789 -0.007845  -0.010689  0.001811  0.629206  0.757760  0.172917  -0.755878  0.648377  -0.090858  -0.180964  -0.073536  0.980737  -0.000091  0.009512  -0.003884  -0.063053  0.272380  -0.142805  1.000000  
78.753029 -0.007846  -0.010678  0.001808  0.629393  0.757660  0.172676  -0.755786  0.648507  -0.090699  -0.180700  -0.073421  0.980794  -0.000097  0.009518  -0.003735  -0.063111  0.276953  -0.142558  1.000000  
78.754035 -0.007846  -0.010670  0.001805  0.629595  0.757566  0.172351  -0.755712  0.648629  -0.090440  -0.180306  -0.073307  0.980875  -0.000119  0.009465  -0.003705  -0.067229  0.281373  -0.142215  1.000000  
78.755275 -0.007847  -0.010659  0.001801  0.629781  0.757487  0.172017  -0.755619  0.648748  -0.090360  -0.180042  -0.073073  0.980941  -0.000227  0.009388  -0.003626  -0.071372  0.281443  -0.142323  1.000000  
78.756524 -0.007847  -0.010647  0.001796  0.630138  0.757259  0.171710  -0.755415  0.649027  -0.090066  -0.179648  -0.072959  0.981022  -0.000249  0.009346  -0.003600  -0.068314  0.284564  -0.154303  1.000000  
78.757524 -0.007846  -0.010638  0.001793  0.630325  0.757159  0.171469  -0.755323  0.649157  -0.089907  -0.179384  -0.072844  0.981079  -0.000265  0.009215  -0.003493  -0.068362  0.284549  -0.154349  1.000000  
78.758524 -0.007846  -0.010630  0.001789  0.630526  0.757044  0.171235  -0.755248  0.649290  -0.089570  -0.178989  -0.072849  0.981150  -0.000367  0.009057  -0.003337  -0.068408  0.293438  -0.153680  1.000000  
78.759781 -0.007847  -0.010619  0.001786  0.630883  0.756816  0.170928  -0.755043  0.649569  -0.089276  -0.178595  -0.072735  0.981231  -0.000446  0.008782  -0.003146  -0.067773  0.296332  -0.161768  1.000000  
78.761024 -0.007849  -0.010612  0.001784  0.631100  0.756728  0.170517  -0.754987  0.649684  -0.088916  -0.178068  -0.072623  0.981335  -0.000654  0.008415  -0.002959  -0.067295  0.302799  -0.159830  1.000000  
78.762024 -0.007851  -0.010606  0.001782  0.631472  0.756506  0.170125  -0.754800  0.649955  -0.088522  -0.177541  -0.072511  0.981438  -0.000781  0.008204  -0.002920  -0.066164  0.312392  -0.166050  1.000000  
78.763274 -0.007852  -0.010600  0.001778  0.631843  0.756284  0.169733  -0.754613  0.650226  -0.088128  -0.177015  -0.072399  0.981542  -0.000805  0.007980  -0.002966  -0.064964  0.321636  -0.172088  1.000000  
78.764524 -0.007855  -0.010594  0.001773  0.632230  0.756088  0.169164  -0.754443  0.650479  -0.087713  -0.176356  -0.072170  0.981677  -0.000846  0.007693  -0.003032  -0.067874  0.331027  -0.178239  1.000000  
78.765545 -0.007857  -0.010589  0.001770  0.632601  0.755865  0.168771  -0.754255  0.650750  -0.087320  -0.175829  -0.072058  0.981780  -0.000895  0.007433  -0.003066  -0.067235  0.338506  -0.186096  1.000000  
78.766794 -0.007858  -0.010582  0.001765  0.633142  0.755515  0.168310  -0.753954  0.651169  -0.086791  -0.175171  -0.071947  0.981906  -0.000860  0.007104  -0.003055  -0.064849  0.348420  -0.199029  1.000000  
78.768028 -0.007859  -0.010575  0.001763  0.633528  0.755318  0.167740  -0.753783  0.651422  -0.086377  -0.174512  -0.071717  0.982040  -0.000846  0.006851  -0.002953  -0.067831  0.362576  -0.205026  1.000000  
78.769030 -0.007860  -0.010570  0.001761  0.633898  0.755095  0.167346  -0.753593  0.651693  -0.085985  -0.173985  -0.071605  0.982142  -0.000893  0.006701  -0.002923  -0.065428  0.372447  -0.217946  1.000000  
78.770274 -0.007861  -0.010563  0.001759  0.634453  0.754770  0.166708  -0.753308  0.652095  -0.085437  -0.173194  -0.071377  0.982298  -0.000891  0.006413  -0.002814  -0.070646  0.392648  -0.228059  1.000000  
78.771281 -0.007861  -0.010557  0.001757  0.634823  0.754546  0.166313  -0.753117  0.652366  -0.085045  -0.172667  -0.071264  0.982399  -0.000967  0.006090  -0.002668  -0.070103  0.400776  -0.236423  1.000000  
78.772524 -0.007862  -0.010551  0.001756  0.635377  0.754220  0.165673  -0.752831  0.652768  -0.084498  -0.171876  -0.071036  0.982554  -0.001008  0.005775  -0.002468  -0.071287  0.416317  -0.246779  1.000000  
78.773529 -0.007863  -0.010548  0.001754  0.635776  0.754008  0.165108  -0.752674  0.653024  -0.083906  -0.171085  -0.070927  0.982700  -0.001140  0.005371  -0.002364  -0.070840  0.433820  -0.254774  1.000000  
78.774774 -0.007866  -0.010545  0.001753  0.636344  0.753688  0.164382  -0.752404  0.653419  -0.083260  -0.170163  -0.070700  0.982877  -0.001299  0.004947  -0.002213  -0.072653  0.452639  -0.267102  1.000000  
78.775780 -0.007868  -0.010543  0.001751  0.636756  0.753481  0.163730  -0.752263  0.653669  -0.082569  -0.169240  -0.070592  0.983044  -0.001350  0.004709  -0.002212  -0.071602  0.475446  -0.272279  1.000000  
78.777024 -0.007872  -0.010541  0.001750  0.637338  0.753166  0.162918  -0.752007  0.654057  -0.081824  -0.168185  -0.070366  0.983241  -0.001401  0.004348  -0.002150  -0.073477  0.503431  -0.284083  1.000000  
78.778274 -0.007875  -0.010539  0.001746  0.638058  0.752689  0.162298  -0.751602  0.654617  -0.081067  -0.167261  -0.070258  0.983406  -0.001477  0.004055  -0.002130  -0.068259  0.523409  -0.307126  1.000000  
78.779274 -0.007877  -0.010538  0.001744  0.638469  0.752482  0.161644  -0.751458  0.654866  -0.080377  -0.166338  -0.070150  0.983570  -0.001489  0.003812  -0.001954  -0.067289  0.546249  -0.312417  1.000000  
78.780526 -0.007880  -0.010536  0.001742  0.639048  0.752165  0.160829  -0.751199  0.655255  -0.079635  -0.165282  -0.069924  0.983764  -0.001554  0.003512  -0.001840  -0.069206  0.569374  -0.324391  1.000000  
78.781779 -0.007882  -0.010534  0.001741  0.639781  0.751712  0.160029  -0.750807  0.655798  -0.078860  -0.164226  -0.069698  0.983957  -0.001604  0.003214  -0.001606  -0.071160  0.592643  -0.336461  1.000000  
78.782797 -0.007883  -0.010532  0.001741  0.640189  0.751504  0.159372  -0.750660  0.656048  -0.078172  -0.163302  -0.069589  0.984119  -0.001646  0.002924  -0.001492  -0.070728  0.619914  -0.344236  1.000000  
78.783801 -0.007884  -0.010530  0.001741  0.640738  0.751174  0.158725  -0.750364  0.656451  -0.077632  -0.162510  -0.069360  0.984266  -0.001639  0.002696  -0.001359  -0.072670  0.634325  -0.357025  1.000000  
78.785032 -0.007886  -0.010528  0.001742  0.641328  0.750861  0.157821  -0.750116  0.656832  -0.076792  -0.161322  -0.069135  0.984477  -0.001692  0.002396  -0.001122  -0.070628  0.666838  -0.368682  1.000000  
78.786035 -0.007887  -0.010526  0.001742  0.641903  0.750522  0.157092  -0.749851  0.657231  -0.075974  -0.160266  -0.069027  0.984657  -0.001755  0.002115  -0.000986  -0.068543  0.694583  -0.380410  1.000000  
78.787273 -0.007889  -0.010525  0.001744  0.642491  0.750208  0.156185  -0.749600  0.657613  -0.075136  -0.159077  -0.068802  0.984866  -0.001804  0.001820  -0.000787  -0.075264  0.716196  -0.382350  1.000000  
78.788277 -0.007890  -0.010526  0.001744  0.643050  0.749881  0.155449  -0.749316  0.658009  -0.074499  -0.158152  -0.068573  0.985031  -0.001805  0.001522  -0.000639  -0.077923  0.740987  -0.398018  1.000000  
78.789525 -0.007892  -0.010527  0.001746  0.643650  0.749553  0.154545  -0.749078  0.658393  -0.073483  -0.156831  -0.068468  0.985249  -0.001836  0.001219  -0.000494  -0.077175  0.773043  -0.402835  1.000000  
78.790777 -0.007895  -0.010528  0.001747  0.644249  0.749244  0.153548  -0.748839  0.658769  -0.072548  -0.155509  -0.068244  0.985474  -0.001771  0.000984  -0.000240  -0.079349  0.800646  -0.414619  1.000000  
78.791783 -0.007897  -0.010529  0.001748  0.644820  0.748921  0.152723  -0.748567  0.659159  -0.071814  -0.154452  -0.068016  0.985656  -0.001723  0.000825  -0.000115  -0.082638  0.818838  -0.420269  1.000000  
78.793025 -0.007899  -0.010529  0.001751  0.645430  0.748616  0.151638  -0.748340  0.659529  -0.070781  -0.152998  -0.067793  0.985899  -0.001658  0.000647  0.000318  -0.086072  0.850859  -0.425175  1.000000  
78.794275 -0.007900  -0.010530  0.001754  0.646025  0.748286  0.150729  -0.748095  0.659914  -0.069769  -0.151675  -0.067687  0.986110  -0.001554  0.000496  0.000673  -0.081347  0.873715  -0.430633  1.000000  
78.795525 -0.007901  -0.010531  0.001757  0.646632  0.747980  0.149641  -0.747864  0.660284  -0.068738  -0.150220  -0.067463  0.986348  -0.001427  0.000340  0.001012  -0.084140  0.898607  -0.432131  1.000000  
78.796525 -0.007902  -0.010531  0.001761  0.647045  0.747773  0.148888  -0.747719  0.660529  -0.067958  -0.149162  -0.067354  0.986516  -0.001381  0.000169  0.001310  -0.084501  0.915975  -0.430862  1.000000  
78.797775 -0.007903  -0.010532  0.001764  0.647650  0.747466  0.147797  -0.747484  0.660899  -0.066929  -0.147706  -0.067130  0.986750  -0.001316  0.000029  0.001517  -0.089088  0.942766  -0.429306  1.000000  
78.798780 -0.007903  -0.010533  0.001767  0.648215  0.747141  0.146965  -0.747203  0.661291  -0.066200  -0.146648  -0.066901  0.986924  -0.001277  -0.000170  0.001721  -0.088360  0.960685  -0.434990  1.000000  
78.799788 -0.007903  -0.010533  0.001769  0.648637  0.746939  0.146123  -0.747069  0.661529  -0.065323  -0.145456  -0.066793  0.987107  -0.001204  -0.000364  0.001826  -0.089567  0.981707  -0.437693  1.000000  
78.800795 -0.007904  -0.010535  0.001772  0.649059  0.746754  0.145189  -0.746933  0.661760  -0.064526  -0.144265  -0.066565  0.987298  -0.001148  -0.000583  0.001983  -0.089994  1.003899  -0.436376  1.000000  
78.802033 -0.007905  -0.010537  0.001776  0.649813  0.746309  0.144107  -0.746558  0.662286  -0.063471  -0.142808  -0.066340  0.987525  -0.001109  -0.000785  0.002190  -0.093581  1.027017  -0.442027  1.000000  
78.803278 -0.007906  -0.010539  0.001780  0.650399  0.745992  0.143097  -0.746300  0.662665  -0.062546  -0.141484  -0.066113  0.987730  -0.001049  -0.000942  0.002370  -0.094180  1.040555  -0.441510  1.000000  
78.804291 -0.007908  -0.010542  0.001783  0.650830  0.745795  0.142163  -0.746174  0.662898  -0.061572  -0.140159  -0.066006  0.987926  -0.001080  -0.001052  0.002524  -0.094683  1.057952  -0.440268  1.000000  
78.805531 -0.007910  -0.010545  0.001788  0.651426  0.745483  0.141064  -0.745927  0.663270  -0.060549  -0.138702  -0.065780  0.988147  -0.001037  -0.001193  0.002756  -0.095374  1.071749  -0.439878  1.000000  
78.806777 -0.007912  -0.010548  0.001794  0.652173  0.745035  0.139975  -0.745543  0.663797  -0.059499  -0.137244  -0.065554  0.988366  -0.000982  -0.001313  0.003087  -0.094964  1.085531  -0.446115  1.000000  
78.807783 -0.007913  -0.010551  0.001799  0.652754  0.744716  0.138960  -0.745277  0.664176  -0.058579  -0.135919  -0.065326  0.988564  -0.000917  -0.001445  0.003290  -0.099575  1.103164  -0.445069  1.000000  
78.809025 -0.007914  -0.010552  0.001806  0.653357  0.744408  0.137769  -0.745037  0.664543  -0.057461  -0.134328  -0.065100  0.988796  -0.000917  -0.001531  0.003521  -0.104374  1.121348  -0.444271  1.000000  
78.810275 -0.007915  -0.010555  0.001812  0.654124  0.743969  0.136500  -0.744673  0.665058  -0.056217  -0.132604  -0.064876  0.989044  -0.000948  -0.001642  0.003676  -0.104080  1.144225  -0.449979  1.000000  
78.811525 -0.007918  -0.010558  0.001818  0.654723  0.743660  0.135306  -0.744428  0.665425  -0.055101  -0.131013  -0.064649  0.989271  -0.001048  -0.001760  0.003821  -0.105816  1.161712  -0.442352  1.000000  
78.812775 -0.007920  -0.010560  0.001823  0.655474  0.743229  0.134031  -0.744045  0.665940  -0.054040  -0.129421  -0.064303  0.989503  -0.001204  -0.001898  0.003891  -0.111735  1.175824  -0.451360  1.000000  
78.813779 -0.007922  -0.010563  0.001827  0.656048  0.742890  0.133098  -0.743770  0.666328  -0.053045  -0.128094  -0.064194  0.989682  -0.001299  -0.002012  0.004033  -0.108257  1.193572  -0.450457  1.000000  
78.815031 -0.007926  -0.010567  0.001833  0.656665  0.742606  0.131633  -0.743543  0.666678  -0.051816  -0.126236  -0.063849  0.989943  -0.001531  -0.002220  0.004219  -0.113034  1.214809  -0.449106  1.000000  
78.816033 -0.007929  -0.010570  0.001838  0.657235  0.742267  0.130698  -0.743263  0.667066  -0.050823  -0.124908  -0.063740  0.990119  -0.001694  -0.002376  0.004404  -0.113675  1.223698  -0.448761  1.000000  
78.817035 -0.007934  -0.010575  0.001844  0.657815  0.741948  0.129583  -0.742994  0.667442  -0.049813  -0.123448  -0.063512  0.990317  -0.001961  -0.002541  0.004583  -0.115294  1.242310  -0.452136  1.000000  
78.818281 -0.007939  -0.010580  0.001851  0.658557  0.741497  0.128389  -0.742599  0.667965  -0.048679  -0.121855  -0.063284  0.990528  -0.002170  -0.002643  0.004767  -0.115089  1.256255  -0.458530  1.000000  
78.819281 -0.007944  -0.010585  0.001856  0.659124  0.741172  0.127359  -0.742314  0.668348  -0.047771  -0.120526  -0.063054  0.990706  -0.002351  -0.002826  0.004828  -0.119825  1.265248  -0.458288  1.000000  
78.820525 -0.007949  -0.010589  0.001863  0.660026  0.740587  0.126083  -0.741790  0.669017  -0.046514  -0.118800  -0.062827  0.990929  -0.002604  -0.002934  0.004984  -0.118788  1.279828  -0.471614  1.000000  
78.821526 -0.007953  -0.010593  0.001868  0.660599  0.740265  0.124962  -0.741512  0.669394  -0.045510  -0.117338  -0.062597  0.991117  -0.002813  -0.003054  0.005023  -0.119518  1.293444  -0.471227  1.000000  
78.822528 -0.007957  -0.010597  0.001875  0.661161  0.739938  0.123928  -0.741221  0.669778  -0.044605  -0.116009  -0.062367  0.991288  -0.002985  -0.003128  0.005131  -0.123327  1.297859  -0.477943  1.000000  
78.823785 -0.007962  -0.010602  0.001881  0.661925  0.739499  0.122459  -0.740848  0.670283  -0.043182  -0.114016  -0.062141  0.991534  -0.003260  -0.003342  0.005139  -0.123317  1.320334  -0.483646  1.000000  
78.825024 -0.007968  -0.010607  0.001890  0.662829  0.738916  0.121086  -0.740324  0.670947  -0.041835  -0.112154  -0.061913  0.991760  -0.003518  -0.003470  0.005317  -0.125399  1.337294  -0.491962  1.000000  
78.826025 -0.007972  -0.010611  0.001895  0.663395  0.738591  0.119958  -0.740037  0.671326  -0.040836  -0.110692  -0.061683  0.991939  -0.003676  -0.003621  0.005350  -0.125278  1.346520  -0.498596  1.000000  
78.827025 -0.007977  -0.010615  0.001903  0.664112  0.738113  0.118926  -0.739610  0.671861  -0.039732  -0.109229  -0.061572  0.992108  -0.003874  -0.003747  0.005494  -0.122198  1.362752  -0.509724  1.000000  
78.828275 -0.007984  -0.010621  0.001911  0.664867  0.737685  0.117359  -0.739225  0.672363  -0.038398  -0.107234  -0.061225  0.992347  -0.004181  -0.003982  0.005719  -0.130678  1.382823  -0.516545  1.000000  
78.829275 -0.007990  -0.010626  0.001919  0.665599  0.737217  0.116146  -0.738815  0.672887  -0.037101  -0.105504  -0.061116  0.992539  -0.004445  -0.004168  0.005950  -0.128506  1.397172  -0.523754  1.000000  
78.830527 -0.007998  -0.010633  0.001928  0.666348  0.736772  0.114663  -0.738422  0.673394  -0.035690  -0.103508  -0.060888  0.992763  -0.004672  -0.004275  0.006214  -0.128712  1.415211  -0.529846  1.000000  
78.831787 -0.008006  -0.010640  0.001939  0.667254  0.736194  0.113095  -0.737898  0.674047  -0.034158  -0.101379  -0.060660  0.992997  -0.004852  -0.004391  0.006419  -0.126053  1.440502  -0.540742  1.000000  
78.833027 -0.008014  -0.010646  0.001948  0.668149  0.735608  0.111614  -0.737360  0.674706  -0.032729  -0.099382  -0.060432  0.993213  -0.005036  -0.004492  0.006598  -0.127553  1.461198  -0.555145  1.000000  
78.834031 -0.008020  -0.010652  0.001956  0.668711  0.735270  0.110473  -0.737065  0.675085  -0.031561  -0.097784  -0.060321  0.993378  -0.005126  -0.004530  0.006799  -0.125629  1.473760  -0.560348  1.000000  
78.835281 -0.008027  -0.010658  0.001967  0.669600  0.734683  0.108986  -0.736520  0.675744  -0.030135  -0.095787  -0.060092  0.993586  -0.005264  -0.004615  0.007038  -0.125101  1.492000  -0.573246  1.000000  
78.836525 -0.008035  -0.010664  0.001976  0.670485  0.734094  0.107496  -0.735971  0.676404  -0.028713  -0.093789  -0.059862  0.993791  -0.005442  -0.004713  0.007207  -0.125464  1.510302  -0.579487  1.000000  
78.837528 -0.008041  -0.010668  0.001984  0.671200  0.733620  0.106265  -0.735538  0.676928  -0.027430  -0.092057  -0.059751  0.993959  -0.005611  -0.004785  0.007312  -0.121649  1.524287  -0.585966  1.000000  
78.838778 -0.008048  -0.010674  0.001996  0.672097  0.733040  0.104590  -0.734999  0.677576  -0.025816  -0.089792  -0.059522  0.994180  -0.005757  -0.004836  0.007642  -0.121383  1.547029  -0.598639  1.000000  
78.839782 -0.008054  -0.010678  0.002005  0.672806  0.732564  0.103354  -0.734559  0.678101  -0.024537  -0.088059  -0.059411  0.994342  -0.005844  -0.004851  0.007787  -0.117592  1.560590  -0.604972  1.000000  
78.841025 -0.008062  -0.010684  0.002017  0.673696  0.731982  0.101672  -0.734012  0.678749  -0.022929  -0.085793  -0.059182  0.994554  -0.006040  -0.004911  0.008098  -0.117524  1.579624  -0.618259  1.000000  
78.842275 -0.008071  -0.010690  0.002030  0.674732  0.731258  0.099991  -0.733321  0.679549  -0.021303  -0.083527  -0.058952  0.994760  -0.006145  -0.004896  0.008428  -0.117436  1.602799  -0.631143  1.000000  
78.843275 -0.008077  -0.010695  0.002042  0.675290  0.730925  0.098653  -0.733018  0.679916  -0.019953  -0.081660  -0.058840  0.994922  -0.006241  -0.004911  0.008733  -0.114530  1.620646  -0.630447  1.000000  
78.844525 -0.008087  -0.010701  0.002056  0.676168  0.730339  0.096961  -0.732457  0.680566  -0.018354  -0.079393  -0.058610  0.995119  -0.006345  -0.004869  0.009011  -0.113515  1.634567  -0.637713  1.000000  
78.845775 -0.008095  -0.010707  0.002069  0.677043  0.729740  0.095354  -0.731891  0.681217  -0.016675  -0.077125  -0.058499  0.995304  -0.006364  -0.004791  0.009236  -0.110293  1.653224  -0.644093  1.000000  
78.846777 -0.008102  -0.010711  0.002081  0.677742  0.729265  0.094012  -0.731438  0.681736  -0.015311  -0.075257  -0.058387  0.995453  -0.006442  -0.004791  0.009491  -0.106742  1.671076  -0.650136  1.000000  
78.847782 -0.008109  -0.010715  0.002092  0.678459  0.728805  0.092396  -0.731004  0.682237  -0.013657  -0.072989  -0.058276  0.995629  -0.006434  -0.004661  0.009759  -0.104382  1.702977  -0.661676  1.000000  
78.848793 -0.008114  -0.010719  0.002104  0.679159  0.728322  0.091046  -0.730550  0.682751  -0.012117  -0.070987  -0.058284  0.995773  -0.006375  -0.004557  0.010000  -0.097424  1.729277  -0.660146  1.000000  
78.850027 -0.008122  -0.010723  0.002120  0.680031  0.727731  0.089245  -0.729981  0.683391  -0.010254  -0.068451  -0.058174  0.995957  -0.006392  -0.004419  0.010390  -0.096883  1.751964  -0.666748  1.000000  
78.851034 -0.008128  -0.010727  0.002133  0.680725  0.727248  0.087890  -0.729519  0.683905  -0.008719  -0.066449  -0.058182  0.996092  -0.006492  -0.004367  0.010755  -0.090971  1.774971  -0.671921  1.000000  
78.852280 -0.008136  -0.010731  0.002151  0.681733  0.726509  0.086173  -0.728793  0.684699  -0.006941  -0.064046  -0.058070  0.996256  -0.006471  -0.004236  0.011228  -0.085841  1.793075  -0.685591  1.000000  
78.853526 -0.008144  -0.010735  0.002169  0.682597  0.725910  0.084357  -0.728213  0.685333  -0.004907  -0.061375  -0.058080  0.996424  -0.006481  -0.004179  0.011693  -0.076334  1.821992  -0.691233  1.000000  
78.854776 -0.008151  -0.010739  0.002186  0.683601  0.725164  0.082628  -0.727481  0.686122  -0.002957  -0.058837  -0.058089  0.996576  -0.006455  -0.004035  0.012113  -0.069328  1.844151  -0.696901  1.000000  
78.855785 -0.008158  -0.010743  0.002201  0.684274  0.724683  0.081263  -0.726996  0.686639  -0.001613  -0.056967  -0.057974  0.996691  -0.006489  -0.003983  0.012475  -0.066000  1.857324  -0.703203  1.000000  
78.857025 -0.008166  -0.010748  0.002220  0.685269  0.723935  0.079526  -0.726254  0.687427  0.000330  -0.054429  -0.057983  0.996833  -0.006488  -0.003962  0.012774  -0.061927  1.878944  -0.709374  1.000000  
78.858025 -0.008171  -0.010751  0.002235  0.685940  0.723449  0.078151  -0.725767  0.687938  0.001850  -0.052425  -0.057989  0.996940  -0.006379  -0.003842  0.013114  -0.054774  1.892591  -0.715737  1.000000  
78.859025 -0.008178  -0.010755  0.002251  0.686762  0.722826  0.076682  -0.725140  0.688592  0.003480  -0.050287  -0.057995  0.997050  -0.006339  -0.003776  0.013459  -0.048869  1.908403  -0.722119  1.000000  
78.860275 -0.008185  -0.010760  0.002271  0.687594  0.722218  0.074933  -0.724523  0.689229  0.005398  -0.047748  -0.058002  0.997174  -0.006252  -0.003700  0.013825  -0.042096  1.926846  -0.728374  1.000000  
78.861525 -0.008192  -0.010764  0.002292  0.688570  0.721459  0.073267  -0.723759  0.690013  0.007411  -0.045209  -0.058130  0.997285  -0.006133  -0.003599  0.014263  -0.031341  1.941361  -0.734980  1.000000  
78.862775 -0.008199  -0.010768  0.002314  0.689545  0.720714  0.071416  -0.722993  0.690791  0.009432  -0.042535  -0.058137  0.997402  -0.006007  -0.003519  0.014808  -0.023813  1.961164  -0.740632  1.000000  
78.863784 -0.008205  -0.010770  0.002332  0.690201  0.720230  0.069933  -0.722489  0.691294  0.011035  -0.040396  -0.058142  0.997491  -0.006031  -0.003444  0.015180  -0.021380  1.979591  -0.740050  1.000000  
78.865034 -0.008212  -0.010775  0.002355  0.691165  0.719484  0.068073  -0.721712  0.692071  0.013050  -0.037722  -0.058148  0.997595  -0.005986  -0.003412  0.015668  -0.015126  2.004204  -0.752525  1.000000  
78.866284 -0.008220  -0.010778  0.002379  0.692117  0.718717  0.066480  -0.720921  0.692856  0.014951  -0.035316  -0.058274  0.997676  -0.005965  -0.003374  0.016131  -0.004372  2.017687  -0.758737  1.000000  
78.867284 -0.008226  -0.010781  0.002398  0.692758  0.718227  0.065080  -0.720400  0.693364  0.016449  -0.033310  -0.058278  0.997745  -0.006002  -0.003377  0.016546  -0.001318  2.024088  -0.758373  1.000000  
78.868532 -0.008234  -0.010785  0.002421  0.693701  0.717460  0.063478  -0.719600  0.694147  0.018344  -0.030903  -0.058404  0.997815  -0.005983  -0.003354  0.016920  0.008649  2.031773  -0.765423  1.000000  
78.869780 -0.008243  -0.010790  0.002445  0.694494  0.716848  0.061697  -0.718939  0.694778  0.020233  -0.028362  -0.058408  0.997890  -0.006082  -0.003393  0.017274  0.011144  2.042351  -0.764705  1.000000  
78.871026 -0.008252  -0.010795  0.002469  0.695429  0.716086  0.059994  -0.718130  0.695554  0.022216  -0.025820  -0.058533  0.997951  -0.006162  -0.003388  0.017608  0.021137  2.054654  -0.771529  1.000000  
78.872031 -0.008260  -0.010799  0.002488  0.696203  0.715444  0.058663  -0.717450  0.696203  0.023800  -0.023814  -0.058657  0.997994  -0.006269  -0.003407  0.017854  0.031630  2.058853  -0.771390  1.000000  
78.873275 -0.008269  -0.010804  0.002512  0.697129  0.714687  0.056865  -0.716630  0.696980  0.025691  -0.021272  -0.058661  0.998051  -0.006372  -0.003448  0.018218  0.034212  2.064410  -0.785278  1.000000  
78.874525 -0.008279  -0.010809  0.002536  0.698051  0.713929  0.055055  -0.715807  0.697746  0.027758  -0.018597  -0.058785  0.998097  -0.006548  -0.003459  0.018501  0.044596  2.082723  -0.791355  1.000000  
78.875526 -0.008286  -0.010813  0.002556  0.698664  0.713430  0.053719  -0.715257  0.698246  0.029321  -0.016590  -0.058908  0.998126  -0.006661  -0.003541  0.018727  0.050977  2.087238  -0.791183  1.000000  
78.876775 -0.008296  -0.010818  0.002580  0.699575  0.712665  0.051993  -0.714421  0.699016  0.031285  -0.014048  -0.059031  0.998157  -0.006863  -0.003515  0.018958  0.057257  2.093156  -0.797156  1.000000  
78.877775 -0.008305  -0.010822  0.002600  0.700180  0.712161  0.050745  -0.713863  0.699520  0.032748  -0.012175  -0.059154  0.998175  -0.007057  -0.003632  0.019088  0.063446  2.080137  -0.798152  1.000000  
78.878775 -0.008313  -0.010826  0.002620  0.700930  0.711524  0.049307  -0.713157  0.700168  0.034229  -0.010169  -0.059155  0.998197  -0.007195  -0.003702  0.019188  0.061905  2.081404  -0.805409  1.000000  
78.879782 -0.008321  -0.010831  0.002638  0.701531  0.711030  0.047866  -0.712594  0.700659  0.035877  -0.008028  -0.059278  0.998209  -0.007439  -0.003803  0.019230  0.068032  2.084611  -0.804740  1.000000  
78.881025 -0.008332  -0.010835  0.002662  0.702276  0.710408  0.046140  -0.711883  0.701289  0.037638  -0.005620  -0.059279  0.998226  -0.007627  -0.003858  0.019199  0.065757  2.080719  -0.805302  1.000000  
78.882029 -0.008342  -0.010840  0.002680  0.702868  0.709909  0.044787  -0.711311  0.701784  0.039186  -0.003613  -0.059400  0.998228  -0.007810  -0.003969  0.019172  0.071914  2.083378  -0.798908  1.000000  
78.883031 -0.008351  -0.010845  0.002699  0.703457  0.709415  0.043346  -0.710736  0.702284  0.040647  -0.001606  -0.059400  0.998233  -0.008043  -0.004090  0.019130  0.069988  2.078361  -0.799030  1.000000  
78.884279 -0.008362  -0.010851  0.002721  0.704189  0.708787  0.041697  -0.710012  0.702907  0.042483  0.000803  -0.059522  0.998227  -0.008199  -0.004238  0.019016  0.071589  2.073681  -0.792394  1.000000  
78.885283 -0.008372  -0.010857  0.002740  0.704771  0.708292  0.040250  -0.709429  0.703406  0.043939  0.002810  -0.059521  0.998223  -0.008392  -0.004355  0.019024  0.073825  2.073434  -0.792494  1.000000  
78.886525 -0.008384  -0.010864  0.002762  0.705494  0.707664  0.038594  -0.708697  0.704027  0.045770  0.005218  -0.059642  0.998206  -0.008602  -0.004489  0.018904  0.075552  2.073721  -0.785763  1.000000  
78.887530 -0.008393  -0.010869  0.002779  0.706069  0.707163  0.037236  -0.708107  0.704531  0.047126  0.007091  -0.059641  0.998195  -0.008665  -0.004564  0.018738  0.073777  2.068768  -0.785892  1.000000  
