1-Time 2-Px 3-Py 4-Pz 5-R11 6-R21 7-R31 8-R12 9-R22 10-R32 11-R13 12-R23 13-R33 14-Vx 15-Vy 16-Vz 17-Wx 18-Wy 19-Wz 20-state
60.677616 -0.009922  -0.007328  0.030693  0.709050  0.519351  -0.476992  -0.673743  0.698605  -0.240877  0.208130  0.492164  0.845255  0.000521  0.000111  0.000430  0.000000  0.000000  0.000000  1.000000  
60.678829 -0.009920  -0.007328  0.030692  0.709030  0.519303  -0.477074  -0.673724  0.698650  -0.240799  0.208261  0.492150  0.845231  0.002022  -0.000185  -0.001923  0.000000  0.000000  0.000000  1.000000  
60.680074 -0.009907  -0.007323  0.030668  0.709030  0.519361  -0.477011  -0.673724  0.698680  -0.240714  0.208261  0.492047  0.845291  0.006628  0.001860  -0.011526  0.000000  0.000000  0.000000  1.000000  
60.681324 -0.009891  -0.007318  0.030638  0.709030  0.519419  -0.476948  -0.673724  0.698709  -0.240629  0.208261  0.491945  0.845351  0.008823  0.002714  -0.016032  0.000000  0.000000  0.000000  1.000000  
60.682574 -0.009878  -0.007318  0.030614  0.709030  0.519419  -0.476948  -0.673724  0.698709  -0.240629  0.208261  0.491945  0.845351  0.009144  0.002067  -0.016723  0.000000  0.000000  0.000000  1.000000  
60.683594 -0.009872  -0.007319  0.030600  0.709030  0.519419  -0.476948  -0.673724  0.698709  -0.240629  0.208261  0.491945  0.845351  0.008682  0.001403  -0.016254  0.000000  0.000000  0.000000  1.000000  
60.684824 -0.009864  -0.007323  0.030581  0.708912  0.519611  -0.476916  -0.673889  0.698557  -0.240609  0.208130  0.491959  0.845375  0.008239  0.000651  -0.016156  0.000000  0.000000  0.000000  1.000000  
60.685831 -0.009857  -0.007323  0.030565  0.708912  0.519669  -0.476853  -0.673889  0.698586  -0.240524  0.208130  0.491856  0.845434  0.008052  0.000612  -0.016041  0.000000  0.000000  0.000000  1.000000  
60.687077 -0.009848  -0.007320  0.030546  0.708912  0.519669  -0.476853  -0.673889  0.698586  -0.240524  0.208130  0.491856  0.845434  0.008011  0.000803  -0.015970  0.000000  0.000000  0.000000  1.000000  
60.688079 -0.009838  -0.007317  0.030530  0.708773  0.519754  -0.476966  -0.674035  0.698450  -0.240511  0.208130  0.491959  0.845375  0.008204  0.001005  -0.015918  0.000000  0.000000  0.000000  1.000000  
60.689328 -0.009824  -0.007315  0.030508  0.708773  0.519754  -0.476966  -0.674035  0.698450  -0.240511  0.208130  0.491959  0.845375  0.008474  0.001113  -0.016148  0.000000  0.000000  0.000000  1.000000  
60.690576 -0.009814  -0.007313  0.030480  0.708614  0.519793  -0.477160  -0.674161  0.698359  -0.240419  0.208261  0.492047  0.845291  0.008450  0.001111  -0.016759  0.000000  0.000000  0.000000  1.000000  
60.691579 -0.009805  -0.007313  0.030454  0.708634  0.519783  -0.477141  -0.674181  0.698284  -0.240582  0.208130  0.492164  0.845255  0.008480  0.001086  -0.017417  0.000000  0.000000  0.000000  1.000000  
60.692593 -0.009794  -0.007311  0.030423  0.708495  0.519868  -0.477254  -0.674326  0.698148  -0.240568  0.208130  0.492266  0.845196  0.008661  0.001108  -0.018323  0.000000  0.000000  0.000000  1.000000  
60.693826 -0.009771  -0.007306  0.030376  0.708495  0.519810  -0.477317  -0.674326  0.698119  -0.240653  0.208130  0.492369  0.845136  0.009900  0.001424  -0.021052  0.000000  0.000000  0.000000  1.000000  
60.694848 -0.009750  -0.007299  0.030337  0.708377  0.519944  -0.477347  -0.674492  0.697937  -0.240717  0.207999  0.492485  0.845100  0.010586  0.001662  -0.022385  0.000000  0.000000  0.000000  1.000000  
60.696075 -0.009729  -0.007291  0.030293  0.708238  0.519972  -0.477523  -0.674637  0.697772  -0.240788  0.207999  0.492690  0.844981  0.010978  0.001858  -0.023376  0.000000  0.000000  0.000000  1.000000  
60.697325 -0.009716  -0.007285  0.030258  0.708079  0.520068  -0.477655  -0.674764  0.697710  -0.240612  0.208130  0.492676  0.844957  0.011024  0.002225  -0.024125  0.000000  0.000000  0.000000  1.000000  
60.698575 -0.009709  -0.007284  0.030230  0.707940  0.520153  -0.477767  -0.674910  0.697574  -0.240598  0.208130  0.492779  0.844897  0.010868  0.002391  -0.024682  0.000000  0.000000  0.000000  1.000000  
60.699826 -0.009700  -0.007284  0.030200  0.707801  0.520297  -0.477817  -0.675055  0.697467  -0.240500  0.208130  0.492779  0.844897  0.011028  0.002694  -0.025558  0.000000  0.000000  0.000000  1.000000  
60.700830 -0.009690  -0.007282  0.030170  0.707662  0.520383  -0.477929  -0.675201  0.697330  -0.240486  0.208130  0.492881  0.844837  0.011167  0.002709  -0.026327  0.000000  0.000000  0.000000  1.000000  
60.702080 -0.009676  -0.007279  0.030127  0.707543  0.520574  -0.477897  -0.675366  0.697178  -0.240466  0.207999  0.492895  0.844861  0.011513  0.002745  -0.028221  0.000000  0.000000  0.000000  1.000000  
60.703081 -0.009664  -0.007277  0.030087  0.707404  0.520717  -0.477947  -0.675512  0.697071  -0.240368  0.207999  0.492895  0.844861  0.011554  0.002737  -0.029768  0.000000  0.000000  0.000000  1.000000  
60.704083 -0.009654  -0.007274  0.030045  0.707265  0.520803  -0.478059  -0.675657  0.696934  -0.240354  0.207999  0.492998  0.844801  0.011530  0.002747  -0.031400  0.000000  0.000000  0.000000  1.000000  
60.705328 -0.009640  -0.007273  0.029991  0.707146  0.520994  -0.478027  -0.675822  0.696781  -0.240333  0.207868  0.493012  0.844825  0.011778  0.002721  -0.033109  0.000000  0.000000  0.000000  1.000000  
60.706328 -0.009629  -0.007273  0.029952  0.706868  0.521281  -0.478126  -0.676113  0.696567  -0.240137  0.207868  0.493012  0.844825  0.011897  0.002685  -0.033958  0.000000  0.000000  0.000000  1.000000  
60.707575 -0.009615  -0.007271  0.029905  0.706728  0.521366  -0.478239  -0.676259  0.696430  -0.240123  0.207868  0.493114  0.844766  0.011948  0.002683  -0.034562  0.000000  0.000000  0.000000  1.000000  
60.708576 -0.009603  -0.007268  0.029871  0.706589  0.521510  -0.478288  -0.676404  0.696323  -0.240024  0.207868  0.493114  0.844766  0.011390  0.002625  -0.034221  0.000000  0.000000  0.000000  1.000000  
60.709825 -0.009590  -0.007262  0.029833  0.706331  0.521786  -0.478368  -0.676714  0.696034  -0.239990  0.207737  0.493231  0.844730  0.010731  0.002459  -0.033634  0.000000  0.000000  0.000000  1.000000  
60.711075 -0.009579  -0.007255  0.029802  0.706191  0.521871  -0.478481  -0.676860  0.695897  -0.239976  0.207737  0.493333  0.844670  0.010028  0.002369  -0.032689  0.000000  0.000000  0.000000  1.000000  
60.712331 -0.009572  -0.007252  0.029776  0.706052  0.522014  -0.478531  -0.677005  0.695790  -0.239877  0.207737  0.493333  0.844670  0.009654  0.002205  -0.032327  0.000000  0.000000  0.000000  1.000000  
60.713575 -0.009566  -0.007251  0.029747  0.705773  0.522243  -0.478693  -0.677296  0.695545  -0.239764  0.207737  0.493436  0.844610  0.009606  0.002261  -0.032335  0.000000  0.000000  0.000000  1.000000  
60.714579 -0.009558  -0.007251  0.029716  0.705634  0.522328  -0.478805  -0.677441  0.695409  -0.239750  0.207737  0.493538  0.844550  0.009620  0.002203  -0.032781  0.000000  0.000000  0.000000  1.000000  
60.715825 -0.009545  -0.007250  0.029668  0.705494  0.522471  -0.478855  -0.677586  0.695301  -0.239652  0.207737  0.493538  0.844550  0.009681  0.002139  -0.033506  0.000000  0.000000  0.000000  1.000000  
60.717075 -0.009528  -0.007248  0.029616  0.705375  0.522604  -0.478886  -0.677751  0.695119  -0.239716  0.207606  0.493655  0.844514  0.009825  0.002074  -0.034077  0.000000  0.000000  0.000000  1.000000  
60.718075 -0.009518  -0.007246  0.029576  0.705255  0.522795  -0.478854  -0.677915  0.694966  -0.239695  0.207475  0.493669  0.844538  0.009794  0.002037  -0.034056  0.000000  0.000000  0.000000  1.000000  
60.719084 -0.009508  -0.007245  0.029540  0.705275  0.522842  -0.478772  -0.677934  0.694920  -0.239774  0.207345  0.493683  0.844562  0.009686  0.001940  -0.033439  0.000000  0.000000  0.000000  1.000000  
60.720335 -0.009497  -0.007243  0.029500  0.705156  0.523033  -0.478740  -0.678099  0.694766  -0.239754  0.207214  0.493697  0.844586  0.009567  0.002019  -0.032641  0.000000  0.000000  0.000000  1.000000  
60.721579 -0.009485  -0.007239  0.029465  0.705176  0.523138  -0.478595  -0.678118  0.694750  -0.239748  0.207083  0.493608  0.844670  0.009421  0.002277  -0.031746  -0.011572  0.057602  0.170122  1.000000  
60.722829 -0.009473  -0.007235  0.029431  0.705176  0.523197  -0.478532  -0.678118  0.694779  -0.239663  0.207083  0.493506  0.844730  0.009203  0.002378  -0.031090  0.000000  0.000000  0.000000  1.000000  
60.724075 -0.009462  -0.007231  0.029394  0.705056  0.523387  -0.478500  -0.678282  0.694625  -0.239643  0.206952  0.493520  0.844754  0.008979  0.002304  -0.030743  0.000000  0.000000  0.000000  1.000000  
60.725079 -0.009453  -0.007228  0.029363  0.704936  0.523636  -0.478404  -0.678447  0.694501  -0.239539  0.206821  0.493431  0.844838  0.008935  0.002078  -0.030949  0.000000  0.000000  0.000000  1.000000  
60.726325 -0.009442  -0.007226  0.029323  0.704956  0.523683  -0.478323  -0.678466  0.694455  -0.239617  0.206690  0.493445  0.844862  0.009057  0.001922  -0.031813  0.000000  0.000000  0.000000  1.000000  
60.727325 -0.009434  -0.007224  0.029288  0.704976  0.523731  -0.478241  -0.678485  0.694409  -0.239696  0.206559  0.493459  0.844885  0.009193  0.001853  -0.032566  0.000000  0.000000  0.000000  1.000000  
60.728332 -0.009425  -0.007223  0.029251  0.704876  0.523969  -0.478128  -0.678669  0.694210  -0.239754  0.206297  0.493487  0.844933  0.009493  0.001881  -0.033654  0.000000  0.000000  0.000000  1.000000  
60.729575 -0.009414  -0.007221  0.029200  0.704896  0.524017  -0.478046  -0.678688  0.694164  -0.239832  0.206166  0.493501  0.844957  0.009609  0.001977  -0.034412  0.000000  0.000000  0.000000  1.000000  
60.730579 -0.009404  -0.007218  0.029160  0.704776  0.524149  -0.478078  -0.678852  0.693981  -0.239896  0.206035  0.493617  0.844921  0.009521  0.002194  -0.034427  0.000000  0.000000  0.000000  1.000000  
60.731825 -0.009393  -0.007213  0.029115  0.704656  0.524339  -0.478046  -0.679016  0.693827  -0.239877  0.205905  0.493631  0.844945  0.009184  0.002353  -0.033939  0.000000  0.000000  0.000000  1.000000  
60.732825 -0.009386  -0.007209  0.029086  0.704536  0.524530  -0.478014  -0.679180  0.693674  -0.239857  0.205774  0.493645  0.844968  0.008918  0.002552  -0.033247  0.000000  0.000000  0.000000  1.000000  
60.734078 -0.009380  -0.007204  0.029054  0.704416  0.524720  -0.477982  -0.679344  0.693520  -0.239837  0.205643  0.493659  0.844992  0.008538  0.002777  -0.032436  0.000000  0.000000  0.000000  1.000000  
60.735079 -0.009376  -0.007198  0.029029  0.704316  0.524958  -0.477868  -0.679528  0.693320  -0.239895  0.205381  0.493687  0.845040  0.008167  0.003046  -0.031928  0.000000  0.000000  0.000000  1.000000  
60.736086 -0.009371  -0.007192  0.029002  0.704196  0.525148  -0.477836  -0.679692  0.693166  -0.239875  0.205250  0.493701  0.845063  0.007897  0.003253  -0.031835  0.000000  0.000000  0.000000  1.000000  
60.737329 -0.009364  -0.007186  0.028960  0.703936  0.525481  -0.477854  -0.680001  0.692904  -0.239757  0.205119  0.493714  0.845087  0.007582  0.003394  -0.032379  0.000000  0.000000  0.000000  1.000000  
60.738578 -0.009358  -0.007181  0.028914  0.703835  0.525777  -0.477677  -0.680184  0.692733  -0.239732  0.204857  0.493640  0.845194  0.007228  0.003421  -0.033008  0.000000  0.000000  0.000000  1.000000  
60.739579 -0.009351  -0.007177  0.028873  0.703575  0.526109  -0.477694  -0.680492  0.692470  -0.239614  0.204726  0.493653  0.845218  0.007024  0.003458  -0.033744  0.000000  0.000000  0.000000  1.000000  
60.740588 -0.009347  -0.007176  0.028831  0.703334  0.526547  -0.477566  -0.680820  0.692191  -0.239490  0.204464  0.493579  0.845325  0.006779  0.003436  -0.034422  0.000000  0.000000  0.000000  1.000000  
60.741826 -0.009342  -0.007173  0.028778  0.703093  0.526927  -0.477502  -0.681148  0.691882  -0.239451  0.204202  0.493606  0.845372  0.006368  0.003495  -0.035144  0.039709  -0.019488  0.207418  1.000000  
60.743076 -0.009340  -0.007171  0.028729  0.702851  0.527307  -0.477439  -0.681475  0.691573  -0.239412  0.203940  0.493634  0.845420  0.005796  0.003565  -0.035387  0.045189  -0.023826  0.217812  1.000000  
60.744332 -0.009339  -0.007167  0.028682  0.702750  0.527602  -0.477261  -0.681658  0.691402  -0.239387  0.203678  0.493559  0.845527  0.005107  0.003656  -0.035092  0.051892  -0.035003  0.216491  1.000000  
60.745575 -0.009335  -0.007163  0.028639  0.702489  0.527934  -0.477279  -0.681966  0.691138  -0.239270  0.203547  0.493572  0.845550  0.004615  0.003616  -0.034734  0.053308  -0.035472  0.224624  1.000000  
60.746825 -0.009333  -0.007159  0.028600  0.702228  0.528266  -0.477296  -0.682274  0.690875  -0.239152  0.203416  0.493586  0.845574  0.004004  0.003618  -0.034305  0.058785  -0.032041  0.230482  1.000000  
60.747836 -0.009333  -0.007155  0.028571  0.701966  0.528597  -0.477313  -0.682582  0.690611  -0.239034  0.203285  0.493600  0.845597  0.003560  0.003607  -0.034337  0.060159  -0.028612  0.236247  1.000000  
60.749075 -0.009332  -0.007152  0.028532  0.701705  0.528929  -0.477331  -0.682890  0.690348  -0.238917  0.203154  0.493613  0.845621  0.003221  0.003477  -0.034828  0.062489  -0.021612  0.246035  1.000000  
60.750325 -0.009329  -0.007148  0.028487  0.701603  0.529166  -0.477218  -0.683073  0.690146  -0.238976  0.202892  0.493641  0.845667  0.003061  0.003240  -0.035729  0.062452  -0.025461  0.248309  1.000000  
60.751575 -0.009324  -0.007145  0.028436  0.701341  0.529497  -0.477235  -0.683380  0.689882  -0.238859  0.202761  0.493655  0.845691  0.002920  0.002983  -0.036671  0.061180  -0.018692  0.259856  1.000000  
60.752583 -0.009320  -0.007144  0.028393  0.701239  0.529734  -0.477122  -0.683563  0.689681  -0.238918  0.202499  0.493682  0.845738  0.002826  0.002696  -0.037267  0.058990  -0.023208  0.272360  1.000000  
60.753829 -0.009316  -0.007145  0.028339  0.701118  0.529923  -0.477090  -0.683726  0.689526  -0.238899  0.202368  0.493696  0.845761  0.002611  0.002334  -0.037653  0.058960  -0.023205  0.272367  1.000000  
60.755079 -0.009314  -0.007147  0.028289  0.700996  0.530112  -0.477059  -0.683889  0.689371  -0.238880  0.202237  0.493709  0.845785  0.002327  0.002009  -0.037697  0.054850  -0.023217  0.272353  1.000000  
60.756331 -0.009316  -0.007148  0.028245  0.701016  0.530160  -0.476978  -0.683908  0.689325  -0.238959  0.202106  0.493723  0.845808  0.001832  0.001707  -0.036874  0.054811  -0.019331  0.270121  1.000000  
60.757576 -0.009318  -0.007150  0.028204  0.700914  0.530396  -0.476865  -0.684090  0.689123  -0.239019  0.201844  0.493750  0.845855  0.001534  0.001440  -0.036309  0.054317  -0.023019  0.270164  1.000000  
60.758826 -0.009318  -0.007151  0.028163  0.700952  0.530491  -0.476703  -0.684128  0.689031  -0.239177  0.201582  0.493777  0.845901  0.001403  0.001134  -0.035782  0.054724  -0.027090  0.274688  1.000000  
60.760075 -0.009318  -0.007154  0.028119  0.700850  0.530785  -0.476526  -0.684310  0.688858  -0.239153  0.201320  0.493702  0.846008  0.001236  0.000764  -0.035766  0.058269  -0.030729  0.274666  1.000000  
60.761075 -0.009316  -0.007156  0.028082  0.700728  0.530974  -0.476494  -0.684473  0.688703  -0.239134  0.201189  0.493715  0.846031  0.001198  0.000252  -0.036159  0.063686  -0.027324  0.280503  1.000000  
60.762075 -0.009314  -0.007160  0.028043  0.700767  0.531126  -0.476268  -0.684510  0.688640  -0.239209  0.200926  0.493640  0.846137  0.001252  -0.000201  -0.036813  0.066287  -0.034575  0.276951  1.000000  
60.763325 -0.009312  -0.007164  0.027992  0.700805  0.531221  -0.476106  -0.684548  0.688547  -0.239367  0.200664  0.493667  0.846184  0.001364  -0.000686  -0.037590  0.065421  -0.038301  0.273614  1.000000  
60.764327 -0.009310  -0.007168  0.027948  0.700684  0.531467  -0.476009  -0.684711  0.688421  -0.239265  0.200533  0.493578  0.846267  0.001414  -0.001230  -0.038358  0.068011  -0.041699  0.267544  1.000000  
60.765575 -0.009307  -0.007173  0.027894  0.700741  0.531609  -0.475766  -0.684767  0.688282  -0.239502  0.200140  0.493618  0.846336  0.001415  -0.001775  -0.038873  0.066016  -0.052451  0.264095  1.000000  
60.766575 -0.009305  -0.007177  0.027853  0.700779  0.531704  -0.475604  -0.684805  0.688190  -0.239661  0.199878  0.493645  0.846382  0.001289  -0.002140  -0.038882  0.064562  -0.055826  0.258261  1.000000  
60.767577 -0.009304  -0.007182  0.027814  0.700677  0.531940  -0.475492  -0.684986  0.687988  -0.239721  0.199616  0.493672  0.846429  0.001036  -0.002564  -0.038626  0.060480  -0.059690  0.260513  1.000000  
60.768586 -0.009305  -0.007189  0.027779  0.700574  0.532176  -0.475379  -0.685168  0.687786  -0.239782  0.199353  0.493699  0.846475  0.000739  -0.002969  -0.037948  0.059525  -0.067460  0.259014  1.000000  
60.769831 -0.009309  -0.007198  0.027740  0.700490  0.532459  -0.475186  -0.685368  0.687538  -0.239921  0.198960  0.493739  0.846544  0.000344  -0.003477  -0.037277  0.058235  -0.074970  0.256185  1.000000  
60.770831 -0.009312  -0.007204  0.027709  0.700547  0.532601  -0.474943  -0.685424  0.687400  -0.240159  0.198567  0.493780  0.846613  0.000231  -0.003801  -0.036904  0.052559  -0.085963  0.254182  1.000000  
60.772078 -0.009315  -0.007211  0.027669  0.700463  0.532884  -0.474749  -0.685624  0.687151  -0.240299  0.198173  0.493820  0.846681  0.000193  -0.004159  -0.036792  0.051119  -0.089410  0.248447  1.000000  
60.773079 -0.009315  -0.007217  0.027633  0.700359  0.533120  -0.474637  -0.685805  0.686949  -0.240360  0.197911  0.493846  0.846727  0.000201  -0.004481  -0.037007  0.049669  -0.096661  0.244742  1.000000  
60.774325 -0.009313  -0.007223  0.027585  0.700152  0.533591  -0.474412  -0.686167  0.686544  -0.240481  0.197386  0.493900  0.846819  0.000333  -0.004757  -0.037447  0.046543  -0.100220  0.253112  1.000000  
60.775576 -0.009311  -0.007232  0.027532  0.699945  0.534120  -0.474123  -0.686529  0.686169  -0.240520  0.196862  0.493850  0.846970  0.000388  -0.005154  -0.037892  0.049553  -0.116107  0.256101  1.000000  
60.776825 -0.009308  -0.007241  0.027480  0.699756  0.534638  -0.473817  -0.686909  0.685717  -0.240722  0.196206  0.493916  0.847083  0.000451  -0.005509  -0.038241  0.049490  -0.131642  0.265186  1.000000  
60.778075 -0.009308  -0.007251  0.027429  0.699690  0.535026  -0.473479  -0.687127  0.685451  -0.240859  0.195681  0.493866  0.847234  0.000303  -0.005902  -0.038143  0.052139  -0.146743  0.266166  1.000000  
60.779325 -0.009308  -0.007260  0.027382  0.699377  0.535789  -0.473077  -0.687669  0.684872  -0.240960  0.194893  0.493843  0.847429  0.000158  -0.006110  -0.037792  0.058883  -0.155447  0.286933  1.000000  
60.780327 -0.009308  -0.007267  0.027346  0.699168  0.536259  -0.472853  -0.688030  0.684466  -0.241084  0.194369  0.493895  0.847519  -0.000050  -0.006411  -0.037140  0.060193  -0.163659  0.299563  1.000000  
60.781575 -0.009308  -0.007277  0.027302  0.698995  0.536881  -0.472402  -0.688427  0.683996  -0.241283  0.193581  0.493871  0.847714  -0.000213  -0.006663  -0.036683  0.063662  -0.181593  0.308350  1.000000  
60.782575 -0.009309  -0.007285  0.027269  0.698644  0.537549  -0.472163  -0.688931  0.683508  -0.241227  0.193056  0.493820  0.847863  -0.000290  -0.006809  -0.036320  0.070368  -0.182580  0.324550  1.000000  
60.783576 -0.009311  -0.007294  0.027237  0.698452  0.538123  -0.471793  -0.689309  0.683084  -0.241348  0.192399  0.493782  0.848034  -0.000372  -0.007009  -0.036181  0.075684  -0.194600  0.339319  1.000000  
60.784825 -0.009311  -0.007305  0.027194  0.698136  0.538826  -0.471458  -0.689849  0.682473  -0.241536  0.191612  0.493859  0.848167  -0.000121  -0.007159  -0.036370  0.078290  -0.207064  0.362168  1.000000  
60.785841 -0.009310  -0.007313  0.027158  0.697961  0.539446  -0.471008  -0.690244  0.682001  -0.241738  0.190824  0.493834  0.848360  0.000168  -0.007282  -0.036745  0.085600  -0.221291  0.388057  1.000000  
60.787082 -0.009306  -0.007323  0.027109  0.697643  0.540149  -0.470673  -0.690783  0.681389  -0.241926  0.190035  0.493911  0.848492  0.000598  -0.007489  -0.037288  0.088211  -0.230035  0.408947  1.000000  
60.788330 -0.009299  -0.007332  0.027058  0.697342  0.540956  -0.470192  -0.691339  0.680759  -0.242112  0.189116  0.493897  0.848705  0.001035  -0.007657  -0.037822  0.096223  -0.243123  0.440159  1.000000  
60.789579 -0.009293  -0.007341  0.027008  0.696898  0.541844  -0.469828  -0.692037  0.679987  -0.242285  0.188196  0.493986  0.848858  0.001291  -0.007737  -0.037701  0.096038  -0.252317  0.469096  1.000000  
60.790825 -0.009289  -0.007351  0.026963  0.696595  0.542649  -0.469347  -0.692591  0.679356  -0.242473  0.187276  0.493971  0.849070  0.001423  -0.007797  -0.037163  0.102647  -0.264950  0.492213  1.000000  
60.791826 -0.009285  -0.007358  0.026929  0.696416  0.543210  -0.468964  -0.692984  0.678852  -0.242760  0.186488  0.494047  0.849200  0.001535  -0.007826  -0.036665  0.101094  -0.273671  0.513009  1.000000  
60.793075 -0.009282  -0.007369  0.026890  0.696112  0.543957  -0.468550  -0.693537  0.678190  -0.243032  0.185567  0.494134  0.849350  0.001740  -0.007846  -0.035929  0.104918  -0.282828  0.541958  1.000000  
60.794325 -0.009280  -0.007380  0.026850  0.695823  0.544807  -0.467991  -0.694107  0.677510  -0.243303  0.184515  0.494131  0.849581  0.001868  -0.007976  -0.035411  0.106500  -0.300738  0.564835  1.000000  
60.795575 -0.009276  -0.007390  0.026811  0.695677  0.545517  -0.467381  -0.694532  0.676942  -0.243670  0.183463  0.494127  0.849812  0.002110  -0.008017  -0.035064  0.113862  -0.315830  0.592582  1.000000  
60.796575 -0.009274  -0.007399  0.026777  0.695512  0.546123  -0.466918  -0.694940  0.676390  -0.244041  0.182542  0.494213  0.849960  0.002330  -0.008134  -0.035064  0.114972  -0.331820  0.609801  1.000000  
60.797825 -0.009270  -0.007411  0.026732  0.695221  0.546971  -0.466359  -0.695507  0.675708  -0.244314  0.181490  0.494208  0.850188  0.002677  -0.008256  -0.035319  0.121742  -0.338239  0.633563  1.000000  
60.798829 -0.009267  -0.007420  0.026694  0.695037  0.547530  -0.465977  -0.695896  0.675202  -0.244605  0.180700  0.494281  0.850314  0.003029  -0.008302  -0.035649  0.122962  -0.350583  0.649021  1.000000  
60.800075 -0.009262  -0.007433  0.026644  0.694886  0.548238  -0.465369  -0.696319  0.674631  -0.244975  0.179648  0.494275  0.850541  0.003261  -0.008369  -0.036032  0.127906  -0.366148  0.665481  1.000000  
60.801075 -0.009258  -0.007443  0.026605  0.694718  0.548899  -0.464840  -0.696723  0.674108  -0.245266  0.178726  0.494256  0.850746  0.003380  -0.008505  -0.036205  0.132995  -0.382011  0.682475  1.000000  
60.802079 -0.009253  -0.007451  0.026567  0.694549  0.549503  -0.464379  -0.697128  0.673554  -0.245639  0.177805  0.494340  0.850890  0.003528  -0.008547  -0.036189  0.135124  -0.397260  0.703067  1.000000  
60.803331 -0.009249  -0.007463  0.026523  0.694379  0.550107  -0.463918  -0.697531  0.672999  -0.246013  0.176883  0.494423  0.851034  0.003340  -0.008764  -0.035597  0.136327  -0.406089  0.716869  1.000000  
60.804577 -0.009247  -0.007474  0.026483  0.694242  0.550860  -0.463229  -0.697968  0.672380  -0.246467  0.175697  0.494427  0.851277  0.003065  -0.008847  -0.035033  0.141170  -0.425431  0.735343  1.000000  
60.805578 -0.009247  -0.007483  0.026453  0.694197  0.551279  -0.462798  -0.698210  0.671985  -0.246856  0.174907  0.494497  0.851399  0.002833  -0.008945  -0.034517  0.135500  -0.436563  0.733875  1.000000  
60.806826 -0.009247  -0.007494  0.026417  0.694041  0.551928  -0.462257  -0.698629  0.671383  -0.247312  0.173853  0.494591  0.851560  0.002574  -0.009082  -0.034236  0.131100  -0.452152  0.742999  1.000000  
60.808076 -0.009248  -0.007507  0.026378  0.693900  0.552624  -0.461637  -0.699062  0.670733  -0.247850  0.172667  0.494696  0.851741  0.002287  -0.009235  -0.034214  0.130709  -0.467655  0.752096  1.000000  
60.809325 -0.009249  -0.007520  0.026335  0.693742  0.553217  -0.461164  -0.699479  0.670099  -0.248388  0.171613  0.494892  0.851840  0.002066  -0.009382  -0.034410  0.122171  -0.475406  0.756705  1.000000  
60.810575 -0.009250  -0.007534  0.026290  0.693599  0.553913  -0.460544  -0.699911  0.669448  -0.248927  0.170426  0.494995  0.852018  0.001792  -0.009599  -0.034742  0.116767  -0.490792  0.761738  1.000000  
60.811825 -0.009251  -0.007547  0.026243  0.693599  0.554470  -0.459873  -0.700199  0.668910  -0.249561  0.169240  0.495098  0.852195  0.001409  -0.009763  -0.034978  0.110714  -0.509523  0.760910  1.000000  
60.812825 -0.009253  -0.007558  0.026206  0.693422  0.555016  -0.459482  -0.700597  0.668322  -0.250020  0.168316  0.495281  0.852271  0.001136  -0.009811  -0.035051  0.105092  -0.524534  0.761890  1.000000  
60.813825 -0.009256  -0.007569  0.026171  0.693244  0.555617  -0.459023  -0.700994  0.667764  -0.250398  0.167393  0.495360  0.852407  0.000726  -0.009890  -0.034893  0.100708  -0.532378  0.766506  1.000000  
60.815075 -0.009260  -0.007582  0.026128  0.693081  0.556265  -0.458485  -0.701406  0.667158  -0.250859  0.166338  0.495449  0.852562  0.000097  -0.009928  -0.034344  0.098265  -0.538966  0.758756  1.000000  
60.816075 -0.009264  -0.007591  0.026097  0.693046  0.556728  -0.457975  -0.701660  0.666713  -0.251332  0.165414  0.495527  0.852696  -0.000467  -0.009922  -0.033780  0.092701  -0.550148  0.757500  1.000000  
60.817326 -0.009270  -0.007603  0.026058  0.692896  0.557367  -0.457425  -0.702086  0.666028  -0.251955  0.164226  0.495731  0.852808  -0.001125  -0.009925  -0.033354  0.087041  -0.561192  0.756269  1.000000  
60.818585 -0.009277  -0.007615  0.026021  0.692601  0.558197  -0.456860  -0.702654  0.665259  -0.252404  0.163038  0.495830  0.852978  -0.001948  -0.010034  -0.032907  0.082018  -0.572999  0.758723  1.000000  
60.819831 -0.009285  -0.007628  0.025981  0.692448  0.558890  -0.456243  -0.703079  0.664603  -0.252948  0.161850  0.495928  0.853147  -0.002599  -0.010169  -0.032970  0.080449  -0.588122  0.759765  1.000000  
60.820834 -0.009291  -0.007639  0.025948  0.692265  0.559489  -0.455786  -0.703471  0.664042  -0.253330  0.160926  0.496004  0.853278  -0.002997  -0.010233  -0.033228  0.076043  -0.591912  0.761890  1.000000  
60.822082 -0.009299  -0.007652  0.025904  0.692111  0.560181  -0.455170  -0.703894  0.663386  -0.253875  0.159737  0.496101  0.853445  -0.003470  -0.010336  -0.033683  0.074459  -0.599373  0.758557  1.000000  
60.823327 -0.009306  -0.007665  0.025858  0.691955  0.560818  -0.454622  -0.704316  0.662698  -0.254501  0.158549  0.496301  0.853550  -0.003894  -0.010364  -0.034110  0.064736  -0.610539  0.757238  1.000000  
60.824363 -0.009311  -0.007675  0.025821  0.691638  0.561544  -0.454208  -0.704864  0.661941  -0.254953  0.157492  0.496489  0.853636  -0.004180  -0.010252  -0.034102  0.061406  -0.610052  0.764393  1.000000  
60.825578 -0.009318  -0.007688  0.025777  0.691466  0.562189  -0.453673  -0.705268  0.661331  -0.255418  0.156434  0.496574  0.853781  -0.004650  -0.010291  -0.034125  0.055853  -0.614268  0.759490  1.000000  
60.826825 -0.009327  -0.007700  0.025736  0.691161  0.562961  -0.453179  -0.705829  0.660525  -0.255953  0.155245  0.496772  0.853883  -0.005034  -0.010176  -0.033808  0.052558  -0.614762  0.767886  1.000000  
60.827826 -0.009334  -0.007710  0.025705  0.690986  0.563550  -0.452714  -0.706232  0.659882  -0.256499  0.154187  0.496959  0.853966  -0.005434  -0.010108  -0.033355  0.044067  -0.622433  0.772364  1.000000  
60.829075 -0.009343  -0.007720  0.025669  0.690679  0.564320  -0.452222  -0.706791  0.659074  -0.257035  0.152998  0.497155  0.854066  -0.005784  -0.009924  -0.032897  0.035514  -0.626351  0.774765  1.000000  
60.830078 -0.009349  -0.007729  0.025640  0.690357  0.565099  -0.451742  -0.707334  0.658345  -0.257410  0.151940  0.497237  0.854207  -0.005934  -0.009825  -0.032598  0.036304  -0.626756  0.782951  1.000000  
60.831328 -0.009357  -0.007740  0.025603  0.690061  0.565915  -0.451171  -0.707906  0.657488  -0.258029  0.150617  0.497443  0.854321  -0.006136  -0.009733  -0.032438  0.028851  -0.631028  0.793394  1.000000  
60.832340 -0.009363  -0.007748  0.025571  0.689895  0.566549  -0.450629  -0.708319  0.656794  -0.258660  0.149427  0.497637  0.854417  -0.006198  -0.009634  -0.032475  0.024377  -0.638629  0.797896  1.000000  
60.833579 -0.009370  -0.007759  0.025530  0.689597  0.567419  -0.449991  -0.708888  0.655967  -0.259201  0.148103  0.497738  0.854589  -0.006221  -0.009640  -0.032755  0.026019  -0.642098  0.812247  1.000000  
60.834827 -0.009377  -0.007770  0.025486  0.689296  0.568234  -0.449423  -0.709455  0.655107  -0.259823  0.146780  0.497940  0.854699  -0.006154  -0.009484  -0.033027  0.017570  -0.647400  0.819079  1.000000  
60.835838 -0.009382  -0.007779  0.025450  0.688980  0.569001  -0.448936  -0.710007  0.654294  -0.260363  0.145589  0.498133  0.854791  -0.006031  -0.009363  -0.033148  0.015320  -0.651875  0.837466  1.000000  
60.837085 -0.009388  -0.007791  0.025406  0.688690  0.569916  -0.448221  -0.710585  0.653416  -0.260990  0.144133  0.498240  0.854975  -0.006033  -0.009290  -0.033142  0.015889  -0.656189  0.847991  1.000000  
60.838332 -0.009395  -0.007803  0.025364  0.688544  0.570641  -0.447522  -0.711020  0.652623  -0.261788  0.142676  0.498450  0.855097  -0.005942  -0.009155  -0.032913  0.015378  -0.667763  0.855003  1.000000  
60.839581 -0.009402  -0.007814  0.025325  0.688264  0.571546  -0.446798  -0.711609  0.651663  -0.262578  0.141087  0.498669  0.855233  -0.005971  -0.009063  -0.032519  0.012896  -0.672455  0.873728  1.000000  
60.840826 -0.009408  -0.007823  0.025289  0.688114  0.572270  -0.446101  -0.712041  0.650868  -0.263378  0.139629  0.498876  0.855351  -0.005822  -0.008846  -0.031976  0.008264  -0.680241  0.878514  1.000000  
60.841830 -0.009413  -0.007832  0.025260  0.687803  0.573082  -0.445538  -0.712600  0.650002  -0.264005  0.138304  0.499074  0.855451  -0.005723  -0.008764  -0.031702  0.008851  -0.688202  0.891212  1.000000  
60.843078 -0.009419  -0.007841  0.025224  0.687650  0.573805  -0.444842  -0.713029  0.649205  -0.264807  0.136847  0.499280  0.855566  -0.005579  -0.008657  -0.031617  0.004237  -0.699857  0.898235  1.000000  
60.844327 -0.009423  -0.007852  0.025186  0.687508  0.574575  -0.444068  -0.713469  0.648359  -0.265691  0.135256  0.499494  0.855694  -0.005224  -0.008587  -0.031729  -0.000435  -0.711414  0.905147  1.000000  
60.845575 -0.009426  -0.007862  0.025146  0.687217  0.575478  -0.443349  -0.714049  0.647394  -0.266485  0.133665  0.499706  0.855820  -0.004940  -0.008556  -0.032005  -0.003981  -0.721369  0.914965  1.000000  
60.846575 -0.009428  -0.007870  0.025112  0.687194  0.576021  -0.442680  -0.714319  0.646761  -0.267298  0.132339  0.499900  0.855913  -0.004593  -0.008550  -0.032240  -0.009666  -0.734588  0.919022  1.000000  
60.847825 -0.009431  -0.007881  0.025069  0.686911  0.576915  -0.441953  -0.714908  0.645713  -0.268255  0.130615  0.500223  0.855989  -0.004333  -0.008567  -0.032397  -0.013321  -0.750371  0.936489  1.000000  
60.848832 -0.009434  -0.007890  0.025036  0.686896  0.577505  -0.441205  -0.715187  0.645031  -0.269151  0.129155  0.500423  0.856093  -0.004139  -0.008574  -0.032328  -0.017949  -0.762055  0.943556  1.000000  
60.850074 -0.009437  -0.007902  0.024995  0.686768  0.578313  -0.440346  -0.715643  0.644051  -0.270282  0.127298  0.500752  0.856179  -0.003895  -0.008616  -0.032092  -0.026498  -0.782838  0.951976  1.000000  
60.851114 -0.009440  -0.007910  0.024965  0.686590  0.578988  -0.439735  -0.716048  0.643297  -0.271006  0.125970  0.500941  0.856265  -0.003805  -0.008582  -0.031813  -0.031294  -0.791832  0.960693  1.000000  
60.852331 -0.009445  -0.007922  0.024927  0.686446  0.579803  -0.438886  -0.716488  0.642396  -0.271979  0.124245  0.501155  0.856392  -0.003655  -0.008536  -0.031262  -0.032945  -0.811559  0.965108  1.000000  
60.853581 -0.009449  -0.007933  0.024892  0.686311  0.580610  -0.438029  -0.716938  0.641413  -0.273112  0.122386  0.501480  0.856469  -0.003516  -0.008509  -0.030988  -0.041372  -0.832096  0.973548  1.000000  
60.854583 -0.009452  -0.007942  0.024862  0.686139  0.581331  -0.437341  -0.717350  0.640607  -0.273921  0.120925  0.501674  0.856563  -0.003339  -0.008581  -0.030905  -0.041894  -0.847671  0.983073  1.000000  
60.855831 -0.009455  -0.007954  0.024822  0.685999  0.582191  -0.436416  -0.717794  0.639655  -0.274978  0.119065  0.501891  0.856696  -0.003127  -0.008681  -0.031116  -0.043863  -0.868821  0.991352  1.000000  
60.857078 -0.009457  -0.007965  0.024780  0.685856  0.583051  -0.435491  -0.718237  0.638701  -0.276037  0.117205  0.502107  0.856826  -0.002890  -0.008773  -0.031547  -0.049560  -0.892258  0.997647  1.000000  
60.858078 -0.009459  -0.007975  0.024745  0.685679  0.583772  -0.434805  -0.718643  0.637893  -0.276847  0.115743  0.502298  0.856913  -0.002646  -0.008925  -0.031980  -0.049589  -0.903527  1.000294  1.000000  
60.859325 -0.009459  -0.007987  0.024699  0.685521  0.584585  -0.433961  -0.719070  0.636986  -0.277824  0.114016  0.502503  0.857025  -0.002419  -0.009002  -0.032492  -0.051583  -0.922089  1.007403  1.000000  
60.860327 -0.009460  -0.007996  0.024663  0.685329  0.585258  -0.433356  -0.719462  0.636225  -0.278553  0.112686  0.502684  0.857095  -0.002275  -0.009114  -0.032740  -0.052979  -0.933065  1.006082  1.000000  
60.861575 -0.009461  -0.008009  0.024618  0.685177  0.586117  -0.432434  -0.719896  0.635268  -0.279615  0.110825  0.502893  0.857214  -0.002252  -0.009248  -0.032902  -0.057181  -0.948637  1.011692  1.000000  
60.862826 -0.009463  -0.008022  0.024576  0.684874  0.587053  -0.431643  -0.720468  0.634155  -0.280666  0.108963  0.503206  0.857270  -0.002121  -0.009369  -0.032822  -0.062754  -0.963153  1.012559  1.000000  
60.864075 -0.009465  -0.008035  0.024535  0.684717  0.587911  -0.430724  -0.720897  0.633196  -0.281729  0.107101  0.503412  0.857383  -0.002074  -0.009475  -0.032823  -0.063377  -0.978396  1.021760  1.000000  
60.865075 -0.009466  -0.008045  0.024502  0.684379  0.588760  -0.430101  -0.721433  0.632260  -0.282455  0.105637  0.503595  0.857457  -0.001895  -0.009572  -0.032914  -0.068570  -0.986632  1.030588  1.000000  
60.866079 -0.009467  -0.008055  0.024470  0.684188  0.589426  -0.429492  -0.721827  0.631411  -0.283347  0.104174  0.503882  0.857468  -0.001765  -0.009654  -0.033124  -0.072636  -0.999546  1.035669  1.000000  
60.867327 -0.009466  -0.008067  0.024427  0.683866  0.590367  -0.428713  -0.722380  0.630376  -0.284242  0.102444  0.504077  0.857562  -0.001444  -0.009721  -0.033358  -0.073095  -1.004831  1.038033  1.000000  
60.868592 -0.009464  -0.008080  0.024382  0.683699  0.591171  -0.427869  -0.722799  0.629378  -0.285385  0.100580  0.504381  0.857603  -0.000923  -0.009747  -0.033994  -0.083403  -1.016165  1.040610  1.000000  
60.869924 -0.009461  -0.008093  0.024335  0.683372  0.592111  -0.427093  -0.723348  0.628340  -0.286281  0.098849  0.504573  0.857692  -0.000493  -0.009815  -0.034415  -0.083778  -1.020813  1.042334  1.000000  
60.871089 -0.009456  -0.008105  0.024287  0.683051  0.593044  -0.426311  -0.723903  0.627217  -0.287338  0.096985  0.504874  0.857727  0.000025  -0.009973  -0.035188  -0.087937  -1.027689  1.055943  1.000000  
60.872338 -0.009451  -0.008118  0.024238  0.682718  0.593982  -0.425537  -0.724446  0.626177  -0.288237  0.095254  0.505063  0.857810  0.000483  -0.009998  -0.035595  -0.088574  -1.035380  1.060781  1.000000  
60.873581 -0.009446  -0.008130  0.024188  0.682383  0.594868  -0.424836  -0.724987  0.625100  -0.289212  0.093522  0.505354  0.857829  0.000898  -0.010063  -0.035868  -0.092562  -1.031951  1.067257  1.000000  
60.874826 -0.009441  -0.008142  0.024141  0.682037  0.595758  -0.424144  -0.725517  0.624106  -0.290029  0.091924  0.505534  0.857896  0.001275  -0.010094  -0.035953  -0.089105  -1.035667  1.069849  1.000000  
60.875828 -0.009437  -0.008153  0.024104  0.681814  0.596380  -0.423628  -0.725878  0.623381  -0.290683  0.090724  0.505694  0.857929  0.001605  -0.010135  -0.036048  -0.088831  -1.028065  1.073592  1.000000  
60.877075 -0.009432  -0.008166  0.024058  0.681472  0.597316  -0.422859  -0.726413  0.622336  -0.291585  0.088992  0.505877  0.858003  0.001993  -0.010145  -0.036173  -0.089546  -1.028002  1.073897  1.000000  
60.878075 -0.009427  -0.008176  0.024022  0.681254  0.597984  -0.422266  -0.726780  0.621561  -0.292324  0.087659  0.506041  0.858043  0.002494  -0.010129  -0.036419  -0.089356  -1.024596  1.080256  1.000000  
60.879325 -0.009420  -0.008189  0.023975  0.680900  0.598820  -0.421650  -0.727302  0.620527  -0.293219  0.086060  0.506320  0.858040  0.003116  -0.010070  -0.036899  -0.088487  -1.015944  1.079482  1.000000  
60.880331 -0.009412  -0.008199  0.023935  0.680529  0.599615  -0.421120  -0.727806  0.619627  -0.293873  0.084727  0.506483  0.858077  0.003668  -0.010068  -0.037378  -0.089152  -1.005079  1.085304  1.000000  
60.881581 -0.009403  -0.008211  0.023884  0.680171  0.600451  -0.420507  -0.728325  0.618590  -0.294770  0.083127  0.506759  0.858070  0.004301  -0.010083  -0.038003  -0.089177  -0.997766  1.089650  1.000000  
60.882825 -0.009391  -0.008223  0.023833  0.679811  0.601337  -0.419822  -0.728841  0.617588  -0.295592  0.081527  0.506931  0.858123  0.004990  -0.010035  -0.038517  -0.088467  -0.990499  1.089809  1.000000  
60.884077 -0.009379  -0.008234  0.023781  0.679450  0.602171  -0.419211  -0.729356  0.616549  -0.296491  0.079926  0.507205  0.858111  0.005592  -0.009940  -0.038859  -0.092528  -0.978529  1.090783  1.000000  
60.885340 -0.009367  -0.008245  0.023731  0.679085  0.603005  -0.418602  -0.729868  0.615509  -0.297390  0.078326  0.507478  0.858098  0.006142  -0.009827  -0.038983  -0.094077  -0.970238  1.090350  1.000000  
60.886582 -0.009355  -0.008257  0.023684  0.678719  0.603838  -0.417994  -0.730379  0.614467  -0.298290  0.076725  0.507749  0.858082  0.006656  -0.009764  -0.038878  -0.098278  -0.958946  1.092175  1.000000  
60.887584 -0.009346  -0.008265  0.023647  0.678495  0.604499  -0.417404  -0.730740  0.613598  -0.299192  0.075257  0.508014  0.858055  0.007024  -0.009662  -0.038655  -0.103010  -0.958588  1.092262  1.000000  
60.888830 -0.009333  -0.008276  0.023600  0.678275  0.605205  -0.416737  -0.731107  0.612679  -0.300179  0.073656  0.508283  0.858034  0.007438  -0.009619  -0.038615  -0.107891  -0.950739  1.088089  1.000000  
60.890078 -0.009321  -0.008287  0.023554  0.677903  0.606037  -0.416133  -0.731612  0.611633  -0.301080  0.072055  0.508551  0.858012  0.007934  -0.009460  -0.038544  -0.112066  -0.947076  1.094337  1.000000  
60.891341 -0.009308  -0.008299  0.023505  0.677679  0.606743  -0.415468  -0.731975  0.610711  -0.302068  0.070453  0.508818  0.857987  0.008485  -0.009377  -0.038702  -0.116886  -0.938610  1.089443  1.000000  
60.892579 -0.009296  -0.008310  0.023456  0.677303  0.607574  -0.414867  -0.732475  0.609663  -0.302971  0.068852  0.509083  0.857959  0.008965  -0.009236  -0.038923  -0.117742  -0.930986  1.085652  1.000000  
60.893582 -0.009285  -0.008319  0.023415  0.677057  0.608140  -0.414438  -0.732814  0.608889  -0.303706  0.067650  0.509333  0.857906  0.009364  -0.009134  -0.039199  -0.122421  -0.922895  1.081154  1.000000  
60.894825 -0.009272  -0.008330  0.023364  0.676828  0.608845  -0.413776  -0.733172  0.607963  -0.304695  0.066048  0.509596  0.857875  0.009704  -0.009038  -0.039393  -0.127926  -0.918655  1.071140  1.000000  
60.895827 -0.009261  -0.008338  0.023322  0.676586  0.609458  -0.413271  -0.733515  0.607137  -0.305516  0.064713  0.509849  0.857827  0.009899  -0.008982  -0.039530  -0.130870  -0.915019  1.072887  1.000000  
60.897075 -0.009248  -0.008349  0.023272  0.676196  0.610241  -0.412753  -0.734002  0.606135  -0.306336  0.063245  0.510105  0.857784  0.010022  -0.008934  -0.039458  -0.133379  -0.906570  1.064813  1.000000  
