1-Time 2-Px 3-Py 4-Pz 5-R11 6-R21 7-R31 8-R12 9-R22 10-R32 11-R13 12-R23 13-R33 14-Vx 15-Vy 16-Vz 17-Wx 18-Wy 19-Wz 20-state
69.722057 0.048421  0.002993  0.009512  0.661799  0.552638  0.506570  -0.533138  -0.128114  0.836272  0.527054  -0.823516  0.209847  0.003547  -0.000854  -0.007134  0.087614  -0.235696  -0.147206  1.000000  
69.723098 0.048424  0.002991  0.009507  0.661744  0.552526  0.506764  -0.533318  -0.128158  0.836150  0.526941  -0.823584  0.209864  0.003984  -0.002610  -0.006961  0.087584  -0.235699  -0.147194  1.000000  
69.724104 0.048412  0.002975  0.009494  0.661799  0.552440  0.506786  -0.533362  -0.128089  0.836133  0.526827  -0.823652  0.209881  -0.005046  -0.009790  -0.010406  0.085063  -0.225305  -0.147001  1.000000  
69.725346 0.048382  0.002945  0.009473  0.661799  0.552378  0.506853  -0.533362  -0.128191  0.836117  0.526827  -0.823678  0.209781  -0.013181  -0.015838  -0.013272  0.088761  -0.216596  -0.142825  1.000000  
69.726368 0.048362  0.002927  0.009457  0.661799  0.552378  0.506853  -0.533362  -0.128191  0.836117  0.526827  -0.823678  0.209781  -0.014752  -0.016194  -0.013789  0.086161  -0.204659  -0.138065  1.000000  
69.727602 0.048347  0.002918  0.009446  0.661799  0.552317  0.506920  -0.533362  -0.128292  0.836101  0.526827  -0.823703  0.209682  -0.014037  -0.014130  -0.012571  0.090684  -0.196887  -0.130876  1.000000  
69.728605 0.048338  0.002917  0.009443  0.661744  0.552143  0.507181  -0.533543  -0.128438  0.835964  0.526713  -0.823797  0.209599  -0.013230  -0.012093  -0.011110  0.095142  -0.190097  -0.127955  1.000000  
69.729855 0.048318  0.002915  0.009437  0.661689  0.551969  0.507442  -0.533723  -0.128584  0.835826  0.526599  -0.823891  0.209516  -0.013767  -0.010287  -0.010028  0.099201  -0.189024  -0.123620  1.000000  
69.731182 0.048289  0.002911  0.009426  0.661689  0.551908  0.507509  -0.533723  -0.128685  0.835811  0.526599  -0.823916  0.209416  -0.014914  -0.009203  -0.009747  0.099744  -0.174951  -0.117472  1.000000  
69.732346 0.048261  0.002905  0.009412  0.661744  0.551761  0.507598  -0.533768  -0.128717  0.835777  0.526486  -0.824010  0.209334  -0.016012  -0.008766  -0.010034  0.103635  -0.168350  -0.118257  1.000000  
69.733596 0.048238  0.002898  0.009396  0.661744  0.551761  0.507598  -0.533768  -0.128717  0.835777  0.526486  -0.824010  0.209334  -0.016307  -0.008394  -0.010307  0.000000  0.000000  0.000000  1.000000  
69.734596 0.048221  0.002895  0.009383  0.661689  0.551785  0.507643  -0.533723  -0.128888  0.835779  0.526599  -0.823967  0.209217  -0.016353  -0.007976  -0.010534  0.000000  0.000000  0.000000  1.000000  
69.735596 0.048201  0.002894  0.009372  0.661634  0.551611  0.507904  -0.533904  -0.129034  0.835642  0.526486  -0.824061  0.209134  -0.016585  -0.007446  -0.010608  0.000000  0.000000  0.000000  1.000000  
69.736850 0.048167  0.002886  0.009359  0.661414  0.551434  0.508381  -0.534176  -0.129464  0.835401  0.526486  -0.824111  0.208934  -0.017511  -0.007363  -0.010609  0.000000  0.000000  0.000000  1.000000  
69.738096 0.048124  0.002864  0.009342  0.661304  0.551346  0.508620  -0.534312  -0.129678  0.835281  0.526486  -0.824137  0.208834  -0.020006  -0.008434  -0.011046  0.000000  0.000000  0.000000  1.000000  
69.739112 0.048085  0.002837  0.009326  0.661249  0.551370  0.508665  -0.534268  -0.129849  0.835283  0.526599  -0.824094  0.208717  -0.021820  -0.009008  -0.011085  0.000000  0.000000  0.000000  1.000000  
69.740346 0.048038  0.002803  0.009303  0.661249  0.551247  0.508799  -0.534268  -0.130052  0.835251  0.526599  -0.824144  0.208517  -0.022901  -0.009446  -0.011305  0.000000  0.000000  0.000000  1.000000  
69.741350 0.048003  0.002783  0.009287  0.661139  0.551158  0.509038  -0.534404  -0.130266  0.835130  0.526599  -0.824170  0.208417  -0.023973  -0.009614  -0.011323  0.000000  0.000000  0.000000  1.000000  
69.742351 0.047968  0.002770  0.009276  0.661194  0.550949  0.509193  -0.534448  -0.130400  0.835081  0.526486  -0.824288  0.208234  -0.025730  -0.010053  -0.011524  0.000000  0.000000  0.000000  1.000000  
69.743354 0.047933  0.002762  0.009271  0.661194  0.550627  0.509542  -0.534673  -0.130577  0.834910  0.526258  -0.824475  0.208069  -0.027154  -0.010346  -0.011471  0.000000  0.000000  0.000000  1.000000  
69.744599 0.047892  0.002753  0.009263  0.661193  0.550243  0.509957  -0.534898  -0.130855  0.834722  0.526031  -0.824688  0.207803  -0.028721  -0.010796  -0.011705  0.000000  0.000000  0.000000  1.000000  
69.745603 0.047860  0.002746  0.009254  0.661302  0.550009  0.510067  -0.534986  -0.130818  0.834671  0.525803  -0.824849  0.207737  -0.029500  -0.011242  -0.011862  0.000000  0.000000  0.000000  1.000000  
69.746852 0.047819  0.002732  0.009236  0.661466  0.549628  0.510266  -0.535119  -0.130812  0.834587  0.525462  -0.825104  0.207589  -0.030180  -0.011730  -0.012105  0.000000  0.000000  0.000000  1.000000  
69.748096 0.047777  0.002717  0.009218  0.661630  0.549309  0.510397  -0.535252  -0.130705  0.834519  0.525120  -0.825334  0.207540  -0.031228  -0.012224  -0.012365  0.000000  0.000000  0.000000  1.000000  
69.749100 0.047743  0.002707  0.009205  0.661850  0.549102  0.510335  -0.535204  -0.130554  0.834573  0.524892  -0.825495  0.207474  -0.032651  -0.012766  -0.012314  0.000000  0.000000  0.000000  1.000000  
69.750346 0.047700  0.002697  0.009195  0.662014  0.548782  0.510466  -0.535336  -0.130447  0.834505  0.524551  -0.825725  0.207425  -0.033976  -0.013354  -0.012004  0.000000  0.000000  0.000000  1.000000  
69.751346 0.047665  0.002687  0.009190  0.662177  0.548463  0.510598  -0.535469  -0.130340  0.834437  0.524209  -0.825954  0.207377  -0.034558  -0.013621  -0.011586  0.000000  0.000000  0.000000  1.000000  
69.752596 0.047620  0.002669  0.009182  0.662341  0.548143  0.510729  -0.535601  -0.130232  0.834369  0.523867  -0.826183  0.207328  -0.034844  -0.013746  -0.011083  0.000000  0.000000  0.000000  1.000000  
69.753596 0.047581  0.002650  0.009173  0.662504  0.547885  0.510794  -0.535733  -0.130024  0.834316  0.523525  -0.826387  0.207379  -0.034981  -0.013444  -0.010713  0.000000  0.000000  0.000000  1.000000  
69.754846 0.047532  0.002626  0.009158  0.662778  0.547654  0.510687  -0.535729  -0.129703  0.834369  0.523183  -0.826591  0.207430  -0.034961  -0.012670  -0.010283  0.146546  -0.074641  -0.128366  1.000000  
69.755848 0.047493  0.002610  0.009145  0.662941  0.547334  0.510818  -0.535861  -0.129595  0.834301  0.522841  -0.826820  0.207381  -0.035102  -0.012128  -0.009997  0.147775  -0.078567  -0.142541  1.000000  
69.756853 0.047455  0.002599  0.009135  0.663160  0.547126  0.510755  -0.535812  -0.129445  0.834356  0.522613  -0.826981  0.207314  -0.035358  -0.011850  -0.009766  0.146996  -0.074436  -0.151455  1.000000  
69.758096 0.047412  0.002591  0.009124  0.663378  0.546720  0.510908  -0.535988  -0.129268  0.834270  0.522156  -0.827277  0.207282  -0.035384  -0.011524  -0.009892  0.143366  -0.072026  -0.165850  1.000000  
69.759096 0.047380  0.002590  0.009115  0.663486  0.546486  0.511018  -0.536076  -0.129230  0.834220  0.521928  -0.827437  0.207216  -0.035242  -0.011112  -0.010147  0.143356  -0.074189  -0.174502  1.000000  
69.760106 0.047349  0.002590  0.009102  0.663649  0.546166  0.511149  -0.536207  -0.129122  0.834152  0.521586  -0.827666  0.207166  -0.035166  -0.010718  -0.010516  0.140895  -0.071265  -0.186101  1.000000  
69.761350 0.047304  0.002585  0.009082  0.663866  0.545759  0.511301  -0.536383  -0.128945  0.834067  0.521129  -0.827962  0.207133  -0.035442  -0.010174  -0.010797  0.140882  -0.075641  -0.203542  1.000000  
69.762352 0.047264  0.002579  0.009064  0.664139  0.545527  0.511194  -0.536377  -0.128624  0.834120  0.520786  -0.828164  0.207184  -0.035940  -0.009808  -0.010928  0.133168  -0.072112  -0.213696  1.000000  
69.763601 0.047213  0.002569  0.009044  0.664302  0.545268  0.511259  -0.536509  -0.128415  0.834067  0.520444  -0.828367  0.207235  -0.036568  -0.009555  -0.011070  0.133152  -0.076502  -0.231114  1.000000  
69.764845 0.047164  0.002562  0.009029  0.664464  0.545010  0.511323  -0.536640  -0.128206  0.834015  0.520101  -0.828570  0.207286  -0.036962  -0.009294  -0.011298  0.125487  -0.072993  -0.241348  1.000000  
69.765846 0.047124  0.002559  0.009018  0.664573  0.544837  0.511367  -0.536727  -0.128066  0.833980  0.519872  -0.828705  0.207319  -0.037250  -0.008881  -0.011710  0.113702  -0.069439  -0.251503  1.000000  
69.767095 0.047071  0.002553  0.009002  0.664570  0.544638  0.511581  -0.536951  -0.128039  0.833840  0.519644  -0.828840  0.207353  -0.037794  -0.008252  -0.012262  0.109629  -0.071624  -0.260241  1.000000  
69.768097 0.047025  0.002546  0.008985  0.664679  0.544528  0.511558  -0.537039  -0.127799  0.833821  0.519415  -0.828949  0.207487  -0.038335  -0.007360  -0.012918  0.093771  -0.068079  -0.270388  1.000000  
69.769345 0.046966  0.002533  0.008960  0.664733  0.544503  0.511514  -0.537082  -0.127628  0.833819  0.519301  -0.828992  0.207605  -0.039072  -0.006780  -0.013598  0.084955  -0.069733  -0.276953  1.000000  
69.770595 0.046911  0.002525  0.008935  0.664841  0.544393  0.511491  -0.537170  -0.127387  0.833799  0.519072  -0.829101  0.207739  -0.039455  -0.005904  -0.014237  0.069782  -0.066748  -0.289336  1.000000  
69.771598 0.046870  0.002524  0.008917  0.664895  0.544369  0.511447  -0.537213  -0.127216  0.833797  0.518958  -0.829143  0.207857  -0.039690  -0.005071  -0.014776  0.061620  -0.066739  -0.289300  1.000000  
69.772846 0.046820  0.002528  0.008897  0.665003  0.544258  0.511424  -0.537301  -0.126976  0.833778  0.518729  -0.829253  0.207991  -0.040000  -0.004258  -0.015255  0.045417  -0.061615  -0.292816  1.000000  
69.773849 0.046781  0.002534  0.008880  0.665000  0.544059  0.511639  -0.537525  -0.126948  0.833637  0.518500  -0.829387  0.208025  -0.040658  -0.003829  -0.015893  0.037327  -0.061573  -0.292804  1.000000  
69.774851 0.046740  0.002538  0.008862  0.665054  0.544035  0.511595  -0.537568  -0.126778  0.833635  0.518386  -0.829429  0.208142  -0.041221  -0.003467  -0.016266  0.025181  -0.060436  -0.288341  1.000000  
69.775852 0.046697  0.002539  0.008844  0.665108  0.544011  0.511550  -0.537612  -0.126607  0.833633  0.518271  -0.829471  0.208260  -0.041804  -0.003214  -0.016417  0.013163  -0.059830  -0.286413  1.000000  
69.776883 0.046652  0.002535  0.008822  0.665216  0.543900  0.511528  -0.537699  -0.126366  0.833613  0.518042  -0.829581  0.208394  -0.042136  -0.003072  -0.016712  0.005004  -0.059750  -0.286038  1.000000  
69.778105 0.046593  0.002526  0.008793  0.665270  0.543876  0.511483  -0.537743  -0.126195  0.833611  0.517928  -0.829623  0.208512  -0.042736  -0.002993  -0.017245  -0.003140  -0.057607  -0.277562  1.000000  
69.779356 0.046532  0.002518  0.008766  0.665377  0.543765  0.511461  -0.537830  -0.125954  0.833591  0.517699  -0.829732  0.208646  -0.043460  -0.003076  -0.017917  -0.007682  -0.062236  -0.271774  1.000000  
69.780605 0.046471  0.002511  0.008738  0.665596  0.543681  0.511267  -0.537780  -0.125602  0.833677  0.517470  -0.829841  0.208780  -0.044253  -0.003244  -0.018953  -0.019434  -0.054314  -0.264485  1.000000  
69.781851 0.046412  0.002504  0.008710  0.665703  0.543570  0.511244  -0.537867  -0.125361  0.833657  0.517241  -0.829950  0.208915  -0.044645  -0.003305  -0.019795  -0.027364  -0.053882  -0.262393  1.000000  
69.782853 0.046365  0.002498  0.008685  0.665811  0.543521  0.511156  -0.537954  -0.125019  0.833652  0.517012  -0.830033  0.209150  -0.044779  -0.003223  -0.020362  -0.039810  -0.053235  -0.260154  1.000000  
69.783853 0.046318  0.002492  0.008658  0.665976  0.543522  0.510940  -0.537860  -0.124736  0.833755  0.516897  -0.830075  0.209268  -0.044707  -0.002969  -0.020825  -0.043883  -0.051056  -0.251433  1.000000  
69.785097 0.046258  0.002484  0.008624  0.666248  0.543413  0.510702  -0.537853  -0.124213  0.833837  0.516554  -0.830225  0.209520  -0.044916  -0.002844  -0.021403  -0.059716  -0.045347  -0.252927  1.000000  
69.786346 0.046201  0.002482  0.008595  0.666466  0.543389  0.510442  -0.537803  -0.123759  0.833937  0.516325  -0.830308  0.209755  -0.045323  -0.002860  -0.021849  -0.071941  -0.043164  -0.244206  1.000000  
69.787597 0.046147  0.002482  0.008569  0.666738  0.543217  0.510270  -0.537796  -0.123337  0.834005  0.515981  -0.830484  0.209907  -0.045658  -0.003116  -0.022203  -0.083681  -0.037424  -0.245651  1.000000  
69.788597 0.046103  0.002482  0.008551  0.667010  0.543107  0.510032  -0.537789  -0.122814  0.834087  0.515637  -0.830633  0.210159  -0.045928  -0.003498  -0.022367  -0.098669  -0.032523  -0.249367  1.000000  
69.789845 0.046046  0.002479  0.008525  0.667282  0.542996  0.509795  -0.537781  -0.122290  0.834168  0.515293  -0.830783  0.210411  -0.046266  -0.003974  -0.022508  -0.114455  -0.026866  -0.251040  1.000000  
69.790853 0.045997  0.002472  0.008503  0.667553  0.542823  0.509623  -0.537773  -0.121868  0.834235  0.514949  -0.830958  0.210563  -0.046720  -0.004462  -0.022719  -0.127014  -0.020216  -0.249964  1.000000  
69.791853 0.045946  0.002462  0.008479  0.667771  0.542799  0.509363  -0.537722  -0.121414  0.834334  0.514719  -0.831040  0.210798  -0.047176  -0.004847  -0.022877  -0.134044  -0.020073  -0.247906  1.000000  
69.793119 0.045879  0.002446  0.008451  0.668097  0.542663  0.509082  -0.537757  -0.120720  0.834412  0.514261  -0.831230  0.211168  -0.047538  -0.005253  -0.022783  -0.150872  -0.014524  -0.251289  1.000000  
69.794356 0.045812  0.002433  0.008425  0.668532  0.542489  0.508695  -0.537655  -0.120015  0.834580  0.513801  -0.831446  0.211438  -0.047930  -0.005662  -0.022679  -0.164962  -0.004131  -0.256695  1.000000  
69.795614 0.045747  0.002421  0.008401  0.668800  0.542240  0.508608  -0.537870  -0.119363  0.834535  0.513227  -0.831702  0.211825  -0.048286  -0.005977  -0.022464  -0.178338  -0.006389  -0.267256  1.000000  
69.796854 0.045683  0.002413  0.008376  0.669178  0.541955  0.508415  -0.537947  -0.118700  0.834579  0.512653  -0.831983  0.212112  -0.048621  -0.006144  -0.022231  -0.193660  0.001780  -0.283324  1.000000  
69.797905 0.045630  0.002405  0.008355  0.669556  0.541730  0.508157  -0.538024  -0.117936  0.834638  0.512079  -0.832238  0.212499  -0.048795  -0.006205  -0.021835  -0.205000  0.004164  -0.297355  1.000000  
69.799100 0.045564  0.002396  0.008327  0.669987  0.541418  0.507921  -0.538144  -0.117102  0.834679  0.511389  -0.832558  0.212904  -0.049490  -0.006268  -0.021481  -0.217059  0.004352  -0.321160  1.000000  
69.800347 0.045497  0.002388  0.008301  0.670360  0.540995  0.507880  -0.538443  -0.116310  0.834596  0.510584  -0.832944  0.213325  -0.049995  -0.006405  -0.021029  -0.225183  -0.001218  -0.342995  1.000000  
69.801347 0.045446  0.002384  0.008282  0.670737  0.540707  0.507688  -0.538519  -0.115647  0.834639  0.510008  -0.833223  0.213612  -0.050456  -0.006644  -0.020824  -0.232814  0.000070  -0.361938  1.000000  
69.802347 0.045394  0.002380  0.008263  0.671056  0.540370  0.507625  -0.538775  -0.114925  0.834574  0.509318  -0.833542  0.214017  -0.051056  -0.006921  -0.020745  -0.240891  -0.004415  -0.379336  1.000000  
69.803348 0.045341  0.002378  0.008245  0.671322  0.540120  0.507540  -0.538988  -0.114272  0.834526  0.508742  -0.833794  0.214405  -0.051682  -0.007104  -0.020692  -0.256634  -0.003137  -0.398227  1.000000  
69.804602 0.045272  0.002371  0.008221  0.671640  0.539844  0.507413  -0.539244  -0.113448  0.834473  0.508051  -0.834085  0.214912  -0.052413  -0.007301  -0.020579  -0.268828  -0.007662  -0.415690  1.000000  
69.805847 0.045200  0.002360  0.008197  0.672011  0.539481  0.507308  -0.539542  -0.112554  0.834402  0.507244  -0.834441  0.215435  -0.053179  -0.007452  -0.020418  -0.278724  -0.014300  -0.438254  1.000000  
69.807104 0.045124  0.002346  0.008173  0.672381  0.539118  0.507204  -0.539839  -0.111660  0.834330  0.506436  -0.834796  0.215959  -0.053853  -0.007465  -0.020021  -0.290750  -0.019907  -0.459793  1.000000  
69.808350 0.045049  0.002333  0.008151  0.672751  0.538816  0.507035  -0.540136  -0.110664  0.834270  0.505629  -0.835123  0.216584  -0.054471  -0.007414  -0.019674  -0.306914  -0.026669  -0.485788  1.000000  
69.809381 0.044989  0.002324  0.008135  0.673067  0.538600  0.506844  -0.540390  -0.109738  0.834228  0.504936  -0.835384  0.217193  -0.054802  -0.007179  -0.019298  -0.321846  -0.037219  -0.505249  1.000000  
69.810606 0.044916  0.002319  0.008118  0.673488  0.538210  0.506699  -0.540728  -0.108673  0.834149  0.504012  -0.835775  0.217835  -0.055397  -0.006852  -0.018887  -0.335606  -0.043735  -0.527474  1.000000  
69.811611 0.044857  0.002316  0.008104  0.673692  0.537972  0.506681  -0.541119  -0.107857  0.834000  0.503318  -0.836034  0.218444  -0.055933  -0.006599  -0.018396  -0.351027  -0.054483  -0.547644  1.000000  
69.812614 0.044798  0.002313  0.008090  0.674007  0.537756  0.506491  -0.541372  -0.106931  0.833956  0.502624  -0.836292  0.219054  -0.056562  -0.006265  -0.017986  -0.363196  -0.059163  -0.565025  1.000000  
69.813871 0.044725  0.002311  0.008071  0.674426  0.537488  0.506218  -0.541709  -0.105662  0.833899  0.501699  -0.836626  0.219900  -0.056808  -0.005774  -0.017300  -0.383891  -0.071863  -0.589368  1.000000  
69.815095 0.044652  0.002310  0.008052  0.674844  0.537219  0.505946  -0.542045  -0.104393  0.833840  0.500772  -0.836957  0.220748  -0.057246  -0.005346  -0.016981  -0.397707  -0.084026  -0.609386  1.000000  
69.816100 0.044594  0.002310  0.008036  0.675157  0.537002  0.505758  -0.542296  -0.103467  0.833792  0.500077  -0.837212  0.221358  -0.057741  -0.005045  -0.016635  -0.409654  -0.095227  -0.630293  1.000000  
69.817347 0.044522  0.002311  0.008019  0.675626  0.536706  0.505446  -0.542673  -0.102026  0.833724  0.499034  -0.837578  0.222324  -0.058152  -0.004633  -0.016280  -0.434674  -0.108092  -0.654949  1.000000  
69.818347 0.044463  0.002312  0.008004  0.675990  0.536462  0.505218  -0.542966  -0.100928  0.833668  0.498222  -0.837867  0.223054  -0.058513  -0.004370  -0.016095  -0.447440  -0.118683  -0.670825  1.000000  
69.819621 0.044388  0.002311  0.007985  0.676406  0.536253  0.504884  -0.543299  -0.099558  0.833615  0.497294  -0.838165  0.224005  -0.058884  -0.003959  -0.015705  -0.467935  -0.130388  -0.690395  1.000000  
69.820847 0.044311  0.002307  0.007965  0.676820  0.536105  0.504486  -0.543632  -0.098086  0.833573  0.496365  -0.838434  0.225057  -0.059232  -0.003562  -0.015493  -0.493389  -0.141200  -0.705407  1.000000  
69.822097 0.044234  0.002301  0.007944  0.677183  0.536043  0.504065  -0.543923  -0.096684  0.833547  0.495552  -0.838636  0.226093  -0.059419  -0.003006  -0.015214  -0.518368  -0.152051  -0.722630  1.000000  
69.823097 0.044173  0.002297  0.007929  0.677544  0.535919  0.503711  -0.544214  -0.095383  0.833507  0.494738  -0.838864  0.227028  -0.059442  -0.002494  -0.015113  -0.535220  -0.162717  -0.737135  1.000000  
69.824097 0.044113  0.002296  0.007916  0.678017  0.535815  0.503185  -0.544364  -0.093972  0.833569  0.493924  -0.839090  0.227964  -0.059526  -0.001879  -0.014908  -0.559180  -0.167605  -0.753909  1.000000  
69.825099 0.044055  0.002298  0.007902  0.678326  0.535777  0.502808  -0.544612  -0.092741  0.833545  0.493226  -0.839251  0.228882  -0.059414  -0.001502  -0.014875  -0.579970  -0.176062  -0.760929  1.000000  
69.826110 0.043998  0.002301  0.007889  0.678686  0.535652  0.502456  -0.544901  -0.091440  0.833500  0.492411  -0.839473  0.229818  -0.059250  -0.001035  -0.014895  -0.605551  -0.185999  -0.774054  1.000000  
69.827353 0.043928  0.002306  0.007870  0.679148  0.535473  0.502023  -0.545272  -0.089796  0.833436  0.491362  -0.839765  0.230993  -0.059012  -0.000538  -0.014898  -0.628924  -0.190802  -0.789190  1.000000  
69.828357 0.043870  0.002308  0.007856  0.679506  0.535407  0.501607  -0.545560  -0.088394  0.833397  0.490546  -0.839956  0.232032  -0.058952  -0.000214  -0.014944  -0.655758  -0.198936  -0.794838  1.000000  
69.829603 0.043799  0.002312  0.007837  0.679916  0.535375  0.501087  -0.545888  -0.086719  0.833358  0.489613  -0.840151  0.233293  -0.058785  0.000137  -0.014836  -0.684462  -0.207580  -0.801282  1.000000  
69.830606 0.043743  0.002316  0.007824  0.680385  0.535387  0.500437  -0.546035  -0.085106  0.833428  0.488796  -0.840308  0.234435  -0.058748  0.000369  -0.014663  -0.720164  -0.203426  -0.806611  1.000000  
69.831884 0.043671  0.002319  0.007807  0.680793  0.535413  0.499854  -0.546362  -0.083329  0.833394  0.487862  -0.840470  0.235799  -0.058530  0.000511  -0.014499  -0.752683  -0.212080  -0.812802  1.000000  
69.833098 0.043598  0.002323  0.007792  0.681251  0.535411  0.499232  -0.546729  -0.081382  0.833345  0.486811  -0.840661  0.237284  -0.058618  0.000752  -0.014353  -0.790286  -0.215516  -0.822261  1.000000  
69.834347 0.043524  0.002325  0.007777  0.681657  0.535557  0.498521  -0.547055  -0.079403  0.833322  0.485875  -0.840758  0.238853  -0.058636  0.000971  -0.014139  -0.831202  -0.218803  -0.830864  1.000000  
69.835599 0.043449  0.002325  0.007760  0.682112  0.535613  0.497837  -0.547421  -0.077355  0.833275  0.484823  -0.840913  0.240441  -0.058432  0.001240  -0.013901  -0.871775  -0.222018  -0.839120  1.000000  
69.836851 0.043374  0.002325  0.007742  0.682567  0.535668  0.497154  -0.547786  -0.075306  0.833222  0.483769  -0.841064  0.242030  -0.058250  0.001643  -0.013709  -0.912688  -0.225339  -0.847699  1.000000  
69.838097 0.043300  0.002326  0.007725  0.682971  0.535870  0.496382  -0.548110  -0.073226  0.833195  0.482832  -0.841119  0.243704  -0.058140  0.001951  -0.013571  -0.949514  -0.226779  -0.848949  1.000000  
69.839097 0.043243  0.002330  0.007713  0.683273  0.536065  0.495755  -0.548352  -0.071591  0.833177  0.482129  -0.841136  0.245036  -0.058024  0.002252  -0.013569  -0.983040  -0.228675  -0.852442  1.000000  
69.840099 0.043186  0.002334  0.007700  0.683625  0.536172  0.495154  -0.548635  -0.069885  0.833136  0.481308  -0.841211  0.246387  -0.057950  0.002395  -0.013462  -1.010715  -0.229790  -0.853273  1.000000  
69.841109 0.043130  0.002339  0.007687  0.684026  0.536190  0.494579  -0.548957  -0.068109  0.833071  0.480370  -0.841345  0.247757  -0.057911  0.002494  -0.013456  -1.046324  -0.227887  -0.865512  1.000000  
69.842347 0.043059  0.002344  0.007670  0.684364  0.536285  0.494009  -0.549459  -0.066069  0.832904  0.479313  -0.841447  0.249451  -0.057916  0.002564  -0.013371  -1.075088  -0.235275  -0.865369  1.000000  
69.843364 0.043002  0.002346  0.007656  0.684713  0.536449  0.493346  -0.549740  -0.064263  0.832860  0.478491  -0.841482  0.250906  -0.057867  0.002476  -0.013194  -1.107130  -0.237355  -0.869170  1.000000  
69.844608 0.042930  0.002348  0.007640  0.685049  0.536543  0.492777  -0.550242  -0.062223  0.832684  0.477433  -0.841576  0.252602  -0.057917  0.002321  -0.013058  -1.141147  -0.246285  -0.874174  1.000000  
69.845850 0.042857  0.002348  0.007626  0.685433  0.536668  0.492107  -0.550782  -0.059912  0.832496  0.476257  -0.841664  0.254522  -0.058247  0.002133  -0.012966  -1.173168  -0.254941  -0.878107  1.000000  
69.846852 0.042798  0.002348  0.007616  0.685830  0.536801  0.491408  -0.551101  -0.057934  0.832425  0.475316  -0.841718  0.256099  -0.058284  0.001965  -0.012790  -1.211332  -0.258164  -0.884984  1.000000  
69.847896 0.042739  0.002347  0.007605  0.686113  0.536921  0.490882  -0.551561  -0.056066  0.832248  0.474374  -0.841767  0.257677  -0.058098  0.001611  -0.012645  -1.238770  -0.265901  -0.886038  1.000000  
69.849119 0.042665  0.002345  0.007591  0.686542  0.537015  0.490178  -0.552139  -0.053584  0.832028  0.473077  -0.841869  0.259720  -0.058202  0.001372  -0.012610  -1.277199  -0.277067  -0.897644  1.000000  
69.850346 0.042590  0.002343  0.007575  0.686970  0.537108  0.489476  -0.552716  -0.051101  0.831801  0.471780  -0.841964  0.261763  -0.058300  0.001153  -0.012576  -1.308769  -0.288313  -0.910237  1.000000  
69.851347 0.042531  0.002341  0.007563  0.687299  0.537198  0.488916  -0.553213  -0.049063  0.831593  0.470718  -0.842028  0.263464  -0.058171  0.001110  -0.012365  -1.333758  -0.297853  -0.916708  1.000000  
69.852603 0.042457  0.002339  0.007549  0.687772  0.537261  0.488180  -0.553828  -0.046409  0.831337  0.469301  -0.842138  0.265631  -0.058136  0.000862  -0.012190  -1.373989  -0.311604  -0.934905  1.000000  
69.853848 0.042386  0.002340  0.007537  0.688130  0.537373  0.487552  -0.554583  -0.043766  0.830976  0.467883  -0.842208  0.267901  -0.058118  0.000658  -0.011938  -1.405329  -0.328646  -0.945141  1.000000  
69.854851 0.042329  0.002342  0.007528  0.688454  0.537461  0.486997  -0.555078  -0.041728  0.830751  0.466818  -0.842255  0.269605  -0.058068  0.000596  -0.011590  -1.426608  -0.343957  -0.949486  1.000000  
69.855854 0.042273  0.002343  0.007519  0.688874  0.537491  0.486370  -0.555651  -0.039348  0.830484  0.465516  -0.842351  0.271552  -0.058121  0.000299  -0.011379  -1.464171  -0.358199  -0.968266  1.000000  
69.857102 0.042202  0.002343  0.007508  0.689226  0.537602  0.485749  -0.556403  -0.036706  0.830101  0.464094  -0.842399  0.273825  -0.058100  -0.000045  -0.010980  -1.493758  -0.373504  -0.973044  1.000000  
69.858350 0.042131  0.002343  0.007497  0.689575  0.537831  0.484999  -0.557154  -0.033863  0.829718  0.462671  -0.842372  0.276304  -0.058130  -0.000209  -0.010662  -1.532106  -0.392297  -0.986078  1.000000  
69.859364 0.042074  0.002340  0.007488  0.689941  0.537888  0.484414  -0.557685  -0.031655  0.829449  0.461485  -0.842422  0.278132  -0.058060  -0.000544  -0.010360  -1.561161  -0.405455  -0.999883  1.000000  
69.860601 0.042001  0.002334  0.007477  0.690335  0.538028  0.483698  -0.558473  -0.028742  0.829025  0.459941  -0.842437  0.280632  -0.058114  -0.000914  -0.010107  -1.587909  -0.429463  -1.011611  1.000000  
69.861607 0.041944  0.002329  0.007469  0.690697  0.538143  0.483052  -0.559002  -0.026435  0.828745  0.458753  -0.842439  0.282564  -0.057996  -0.001245  -0.009936  -1.619685  -0.443737  -1.026885  1.000000  
69.862850 0.041872  0.002324  0.007458  0.690971  0.538277  0.482511  -0.559930  -0.023634  0.828203  0.457206  -0.842437  0.285067  -0.057989  -0.001565  -0.009818  -1.645163  -0.468383  -1.036674  1.000000  
69.863855 0.041815  0.002318  0.007449  0.691425  0.538274  0.481863  -0.560534  -0.021086  0.827863  0.455778  -0.842506  0.287142  -0.057674  -0.001837  -0.009598  -1.670224  -0.484050  -1.059528  1.000000  
69.864888 0.041758  0.002313  0.007440  0.691714  0.538355  0.481358  -0.561240  -0.018719  0.827441  0.454467  -0.842510  0.289198  -0.057240  -0.002058  -0.009355  -1.686509  -0.502563  -1.070954  1.000000  
69.866102 0.041688  0.002307  0.007429  0.692143  0.538522  0.480554  -0.562061  -0.015538  0.826950  0.452798  -0.842468  0.291928  -0.057087  -0.002283  -0.009082  -1.723045  -0.524204  -1.088788  1.000000  
69.867347 0.041620  0.002303  0.007420  0.692684  0.538692  0.479583  -0.562737  -0.012247  0.826545  0.451127  -0.842414  0.294659  -0.056798  -0.002390  -0.008825  -1.758597  -0.537620  -1.106691  1.000000  
69.868347 0.041566  0.002301  0.007413  0.693014  0.538685  0.479115  -0.563479  -0.009812  0.826072  0.449693  -0.842450  0.296737  -0.056608  -0.002666  -0.008556  -1.779431  -0.561666  -1.128283  1.000000  
69.869597 0.041498  0.002298  0.007406  0.693527  0.538676  0.478382  -0.564370  -0.006492  0.825496  0.447780  -0.842488  0.299510  -0.056366  -0.002914  -0.008338  -1.806981  -0.583488  -1.152056  1.000000  
69.870597 0.041445  0.002296  0.007399  0.693967  0.538785  0.477619  -0.564966  -0.003747  0.825106  0.446344  -0.842435  0.301795  -0.056126  -0.003089  -0.008160  -1.836387  -0.598541  -1.170208  1.000000  
69.871853 0.041377  0.002293  0.007391  0.694520  0.538746  0.476860  -0.565892  -0.000257  0.824480  0.444308  -0.842468  0.304693  -0.055909  -0.003442  -0.007906  -1.874188  -0.625476  -1.195827  1.000000  
69.873097 0.041308  0.002288  0.007382  0.694976  0.538881  0.476042  -0.566740  0.003089  0.823891  0.442509  -0.842376  0.307552  -0.055798  -0.003724  -0.007761  -1.904670  -0.640307  -1.216626  1.000000  
69.874104 0.041252  0.002282  0.007375  0.695409  0.539045  0.475222  -0.567331  0.005931  0.823468  0.441068  -0.842256  0.309941  -0.055737  -0.003919  -0.007649  -1.938221  -0.655736  -1.234559  1.000000  
69.875347 0.041182  0.002276  0.007367  0.695814  0.539381  0.474247  -0.568139  0.009402  0.822879  0.439386  -0.842009  0.312985  -0.055632  -0.004020  -0.007447  -1.980150  -0.672111  -1.252151  1.000000  
69.876351 0.041126  0.002271  0.007362  0.696243  0.539543  0.473433  -0.568728  0.012241  0.822435  0.437944  -0.841869  0.315376  -0.055457  -0.003965  -0.007234  -2.008339  -0.680505  -1.267309  1.000000  
69.877357 0.041070  0.002267  0.007357  0.696714  0.539617  0.472655  -0.569353  0.015151  0.821954  0.436379  -0.841774  0.317788  -0.055291  -0.003919  -0.006995  -2.037668  -0.693735  -1.288956  1.000000  
69.878358 0.041015  0.002262  0.007351  0.697021  0.539781  0.472015  -0.570082  0.017877  0.821393  0.434934  -0.841616  0.320180  -0.055171  -0.003919  -0.006845  -2.062469  -0.706536  -1.297607  1.000000  
69.879604 0.040945  0.002255  0.007344  0.697578  0.539965  0.470981  -0.570777  0.021425  0.820825  0.433126  -0.841415  0.323145  -0.055234  -0.003917  -0.006547  -2.092090  -0.718857  -1.308966  1.000000  
69.880605 0.040890  0.002251  0.007338  0.697998  0.540237  0.470046  -0.571361  0.024459  0.820335  0.431678  -0.841158  0.325742  -0.055251  -0.003870  -0.006318  -2.128712  -0.723833  -1.323853  1.000000  
69.881845 0.040820  0.002246  0.007333  0.698431  0.540536  0.469057  -0.572196  0.028090  0.819636  0.429867  -0.840852  0.328912  -0.055149  -0.003839  -0.006050  -2.161707  -0.736391  -1.334650  1.000000  
69.882846 0.040765  0.002243  0.007328  0.698846  0.540806  0.468127  -0.572776  0.031121  0.819121  0.428417  -0.840572  0.331509  -0.055160  -0.003861  -0.005854  -2.194237  -0.744056  -1.345412  1.000000  
69.883848 0.040711  0.002240  0.007324  0.699259  0.541073  0.467200  -0.573356  0.034149  0.818595  0.426965  -0.840282  0.334107  -0.055219  -0.003980  -0.005685  -2.225135  -0.753978  -1.354582  1.000000  
69.885124 0.040641  0.002236  0.007319  0.699640  0.541457  0.466185  -0.574150  0.037703  0.817882  0.425271  -0.839883  0.337256  -0.055289  -0.004075  -0.005569  -2.260273  -0.758909  -1.355387  1.000000  
69.886346 0.040571  0.002231  0.007313  0.700180  0.541744  0.465039  -0.574834  0.041438  0.817220  0.423453  -0.839522  0.340427  -0.055594  -0.004196  -0.005373  -2.288355  -0.764770  -1.364153  1.000000  
69.887347 0.040513  0.002225  0.007308  0.700424  0.542047  0.464318  -0.575518  0.044179  0.816595  0.422120  -0.839186  0.342901  -0.055827  -0.004386  -0.005233  -2.312382  -0.773524  -1.369505  1.000000  
69.888597 0.040439  0.002216  0.007303  0.700916  0.542473  0.463077  -0.576163  0.047936  0.815928  0.420421  -0.838704  0.346152  -0.056107  -0.004573  -0.005039  -2.341802  -0.777178  -1.372496  1.000000  
69.889847 0.040365  0.002207  0.007298  0.701328  0.542821  0.462043  -0.576986  0.051650  0.815119  0.418599  -0.838259  0.349424  -0.056320  -0.004738  -0.004772  -2.374659  -0.784697  -1.378446  1.000000  
69.890849 0.040306  0.002200  0.007296  0.701728  0.543136  0.461065  -0.577557  0.054765  0.814511  0.417140  -0.837857  0.352123  -0.056595  -0.004871  -0.004595  -2.410103  -0.789388  -1.389885  1.000000  
69.892097 0.040231  0.002192  0.007294  0.702135  0.543538  0.459971  -0.578377  0.058573  0.813664  0.415315  -0.837339  0.355496  -0.056896  -0.005045  -0.004219  -2.436319  -0.800836  -1.394837  1.000000  
69.893106 0.040171  0.002186  0.007292  0.702529  0.543795  0.459064  -0.578945  0.061585  0.813038  0.413854  -0.836956  0.358092  -0.057215  -0.005172  -0.003950  -2.463392  -0.802258  -1.397568  1.000000  
69.894355 0.040097  0.002178  0.007291  0.703049  0.544125  0.457875  -0.579617  0.065399  0.812261  0.412026  -0.836452  0.361363  -0.057511  -0.005263  -0.003569  -2.491435  -0.802724  -1.401459  1.000000  
69.895603 0.040022  0.002169  0.007291  0.703405  0.544608  0.456753  -0.580396  0.069126  0.811395  0.410319  -0.835837  0.364712  -0.057826  -0.005481  -0.003186  -2.523823  -0.806886  -1.396480  1.000000  
69.896604 0.039963  0.002162  0.007291  0.703792  0.544972  0.455721  -0.580960  0.072327  0.810712  0.408854  -0.835329  0.367510  -0.058121  -0.005691  -0.002815  -2.548518  -0.805614  -1.399017  1.000000  
69.897852 0.039887  0.002153  0.007291  0.704304  0.545351  0.454476  -0.581626  0.076230  0.809877  0.407022  -0.834734  0.370880  -0.058624  -0.006091  -0.002477  -2.576139  -0.806167  -1.402646  1.000000  
69.898853 0.039826  0.002144  0.007292  0.704645  0.545741  0.453477  -0.582152  0.079257  0.809208  0.405677  -0.834197  0.373552  -0.058989  -0.006455  -0.002134  -2.596764  -0.806605  -1.392058  1.000000  
69.900097 0.039749  0.002132  0.007293  0.705110  0.546147  0.452265  -0.582780  0.082985  0.808382  0.403964  -0.833569  0.376797  -0.059606  -0.006951  -0.001763  -2.619471  -0.801849  -1.388987  1.000000  
69.901097 0.039686  0.002122  0.007294  0.705448  0.546480  0.451336  -0.583303  0.085908  0.807699  0.402617  -0.833055  0.379367  -0.059964  -0.007411  -0.001292  -2.631989  -0.802274  -1.378580  1.000000  
69.902347 0.039606  0.002105  0.007297  0.705907  0.546990  0.449996  -0.583928  0.089825  0.806820  0.400902  -0.832306  0.382811  -0.060439  -0.007981  -0.000768  -2.661575  -0.800000  -1.368635  1.000000  
69.903597 0.039526  0.002088  0.007300  0.706364  0.547444  0.448726  -0.584551  0.093640  0.805935  0.399185  -0.831587  0.386153  -0.060901  -0.008570  -0.000244  -2.679671  -0.795550  -1.365664  1.000000  
69.904598 0.039461  0.002073  0.007303  0.706737  0.547740  0.447777  -0.585105  0.096723  0.805169  0.397713  -0.831039  0.388843  -0.061309  -0.009066  0.000338  -2.691568  -0.799251  -1.363139  1.000000  
69.905847 0.039379  0.002054  0.007308  0.707391  0.547997  0.446427  -0.585646  0.100786  0.804276  0.395748  -0.830386  0.392227  -0.061786  -0.009727  0.000833  -2.711085  -0.801798  -1.371024  1.000000  
69.906852 0.039313  0.002039  0.007313  0.707800  0.548096  0.445657  -0.586230  0.103739  0.803475  0.394150  -0.829957  0.394737  -0.062242  -0.010396  0.001232  -2.721079  -0.801716  -1.370270  1.000000  
69.907853 0.039247  0.002023  0.007316  0.708165  0.548334  0.444783  -0.586779  0.106717  0.802684  0.392673  -0.829422  0.397324  -0.062644  -0.011029  0.001629  -2.726728  -0.803564  -1.369105  1.000000  
69.909108 0.039165  0.002003  0.007323  0.708811  0.548530  0.443511  -0.587314  0.110671  0.801757  0.390704  -0.828774  0.400604  -0.063177  -0.011873  0.002181  -2.743031  -0.800298  -1.373991  1.000000  
69.910110 0.039098  0.001986  0.007329  0.709293  0.548795  0.442411  -0.587713  0.113853  0.801018  0.389225  -0.828168  0.403289  -0.063817  -0.012539  0.002488  -2.754255  -0.798449  -1.374186  1.000000  
69.911356 0.039013  0.001962  0.007337  0.709812  0.549009  0.441312  -0.588390  0.117686  0.799967  0.387252  -0.827490  0.406566  -0.064358  -0.013595  0.003144  -2.761268  -0.799304  -1.377877  1.000000  
69.912356 0.038945  0.001943  0.007346  0.710290  0.549216  0.440285  -0.588786  0.120765  0.799217  0.385772  -0.826909  0.409148  -0.064863  -0.014419  0.003726  -2.760620  -0.797660  -1.378265  1.000000  
69.913606 0.038859  0.001915  0.007357  0.710924  0.549294  0.439163  -0.589312  0.124510  0.798254  0.383796  -0.826301  0.412222  -0.065539  -0.015550  0.004382  -2.759386  -0.798367  -1.382064  1.000000  
69.914639 0.038789  0.001892  0.007367  0.711397  0.549443  0.438208  -0.589704  0.127485  0.797494  0.382313  -0.825748  0.414702  -0.065964  -0.016394  0.005004  -2.755149  -0.795540  -1.380818  1.000000  
69.915853 0.038701  0.001862  0.007380  0.711987  0.549601  0.437051  -0.590193  0.131153  0.796537  0.380457  -0.825068  0.417749  -0.066777  -0.017567  0.005783  -2.764362  -0.791477  -1.389161  1.000000  
69.917097 0.038611  0.001831  0.007393  0.712612  0.549777  0.435809  -0.590711  0.135079  0.795496  0.378477  -0.824317  0.421019  -0.067501  -0.018614  0.006526  -2.774909  -0.788797  -1.400156  1.000000  
69.918347 0.038520  0.001798  0.007408  0.713234  0.549844  0.434705  -0.591227  0.138809  0.794470  0.376494  -0.823652  0.424086  -0.068170  -0.019679  0.007323  -2.769805  -0.791679  -1.408264  1.000000  
69.919597 0.038429  0.001764  0.007422  0.713892  0.549877  0.433583  -0.591772  0.142700  0.793374  0.374386  -0.822965  0.427274  -0.068771  -0.020642  0.007934  -2.771549  -0.788959  -1.419034  1.000000  
69.920597 0.038356  0.001737  0.007434  0.714475  0.549934  0.432548  -0.592008  0.145676  0.792657  0.372897  -0.822406  0.429647  -0.069256  -0.021394  0.008482  -2.767393  -0.780402  -1.423443  1.000000  
69.921598 0.038282  0.001709  0.007446  0.714974  0.549933  0.431724  -0.592420  0.148607  0.791804  0.371282  -0.821882  0.432042  -0.069932  -0.022322  0.009030  -2.757257  -0.780304  -1.427557  1.000000  
69.922847 0.038189  0.001674  0.007462  0.715584  0.549939  0.430705  -0.592926  0.152224  0.790738  0.369294  -0.821216  0.435003  -0.070577  -0.023278  0.009729  -2.750600  -0.775628  -1.434325  1.000000  
69.923849 0.038114  0.001645  0.007476  0.716116  0.549903  0.429866  -0.593367  0.155314  0.789806  0.367552  -0.820661  0.437517  -0.071178  -0.024111  0.010296  -2.749565  -0.777817  -1.443058  1.000000  
69.924851 0.038037  0.001616  0.007490  0.716607  0.549898  0.429053  -0.593774  0.158236  0.788920  0.365934  -0.820106  0.439908  -0.071891  -0.025002  0.010806  -2.740093  -0.779956  -1.451626  1.000000  
69.926112 0.037940  0.001577  0.007509  0.717331  0.549917  0.427818  -0.594124  0.162050  0.787881  0.363941  -0.819348  0.442963  -0.072727  -0.026092  0.011634  -2.729728  -0.775791  -1.458599  1.000000  
69.927352 0.037842  0.001538  0.007528  0.717892  0.550050  0.426704  -0.594589  0.165677  0.786775  0.362071  -0.818533  0.445992  -0.073570  -0.026983  0.012170  -2.719675  -0.774991  -1.458321  1.000000  
69.928357 0.037762  0.001506  0.007546  0.718376  0.549989  0.425968  -0.594990  0.168493  0.785874  0.360449  -0.817999  0.448279  -0.074347  -0.027711  0.012813  -2.706695  -0.772399  -1.469572  1.000000  
69.929606 0.037662  0.001465  0.007566  0.719054  0.549980  0.424834  -0.595302  0.172034  0.784869  0.358576  -0.817268  0.451106  -0.075254  -0.028514  0.013298  -2.695563  -0.767753  -1.476668  1.000000  
69.930852 0.037561  0.001424  0.007587  0.719680  0.549887  0.423893  -0.595821  0.175692  0.783664  0.356452  -0.816552  0.454076  -0.075970  -0.029252  0.013802  -2.686079  -0.773077  -1.489057  1.000000  
69.931879 0.037480  0.001390  0.007603  0.720157  0.549923  0.423035  -0.596215  0.178688  0.782687  0.354826  -0.815877  0.456556  -0.076507  -0.029830  0.014230  -2.678158  -0.774905  -1.496462  1.000000  
69.933098 0.037378  0.001348  0.007627  0.720704  0.549944  0.422076  -0.596668  0.182103  0.781553  0.352949  -0.815108  0.459376  -0.077395  -0.030451  0.014867  -2.659046  -0.777124  -1.502255  1.000000  
69.934348 0.037276  0.001307  0.007650  0.721248  0.550065  0.420987  -0.597119  0.185703  0.780361  0.351071  -0.814213  0.462392  -0.078160  -0.030984  0.015417  -2.649681  -0.776690  -1.502647  1.000000  
69.935597 0.037174  0.001265  0.007674  0.721912  0.550043  0.419875  -0.597418  0.189223  0.779286  0.349191  -0.813417  0.465208  -0.078814  -0.031434  0.015946  -2.634221  -0.773121  -1.498702  1.000000  
69.936600 0.037092  0.001232  0.007693  0.722343  0.550055  0.419118  -0.597775  0.191945  0.778346  0.347686  -0.812771  0.467459  -0.079383  -0.031855  0.016503  -2.625641  -0.769600  -1.496261  1.000000  
