1-Time 2-Px 3-Py 4-Pz 5-R11 6-R21 7-R31 8-R12 9-R22 10-R32 11-R13 12-R23 13-R33 14-Vx 15-Vy 16-Vz 17-Wx 18-Wy 19-Wz 20-state
151.097474 -0.002558  -0.011675  0.005304  0.575359  0.787727  0.220108  -0.796388  0.600875  -0.068677  -0.186356  -0.135778  0.973055  0.000919  0.001037  -0.001663  -0.093802  0.275155  0.328472  1.000000  
151.098538 -0.002557  -0.011676  0.005305  0.575359  0.787700  0.220204  -0.796388  0.600883  -0.068604  -0.186356  -0.135896  0.973038  0.000525  -0.000680  0.001015  0.000000  0.000000  0.000000  1.000000  
151.099545 -0.002553  -0.011671  0.005304  0.575359  0.787700  0.220204  -0.796388  0.600883  -0.068604  -0.186356  -0.135896  0.973038  0.002382  0.002438  0.000101  0.000000  0.000000  0.000000  1.000000  
151.100786 -0.002547  -0.011663  0.005300  0.575359  0.787700  0.220204  -0.796388  0.600883  -0.068604  -0.186356  -0.135896  0.973038  0.003469  0.004225  -0.001448  0.000000  0.000000  0.000000  1.000000  
151.102036 -0.002543  -0.011657  0.005298  0.575374  0.787711  0.220128  -0.796408  0.600868  -0.068498  -0.186225  -0.135899  0.973063  0.003328  0.004404  -0.001441  0.000000  0.000000  0.000000  1.000000  
151.103280 -0.002541  -0.011654  0.005298  0.575538  0.787587  0.220142  -0.796289  0.601030  -0.068453  -0.186225  -0.135899  0.973063  0.002965  0.003887  -0.001068  0.000000  0.000000  0.000000  1.000000  
151.104285 -0.002540  -0.011652  0.005300  0.575538  0.787587  0.220142  -0.796289  0.601030  -0.068453  -0.186225  -0.135899  0.973063  0.002710  0.003667  -0.000572  0.000000  0.000000  0.000000  1.000000  
151.105528 -0.002537  -0.011646  0.005300  0.575552  0.787598  0.220066  -0.796309  0.601016  -0.068347  -0.186093  -0.135903  0.973088  0.002651  0.003839  -0.000464  0.000000  0.000000  0.000000  1.000000  
151.106778 -0.002536  -0.011640  0.005301  0.575552  0.787598  0.220066  -0.796309  0.601016  -0.068347  -0.186093  -0.135903  0.973088  0.002418  0.003953  -0.000385  0.000000  0.000000  0.000000  1.000000  
151.107780 -0.002536  -0.011636  0.005300  0.575567  0.787609  0.219989  -0.796330  0.601001  -0.068242  -0.185962  -0.135906  0.973112  0.002187  0.003960  -0.000363  0.000000  0.000000  0.000000  1.000000  
151.109028 -0.002534  -0.011630  0.005300  0.575582  0.787593  0.220009  -0.796350  0.600994  -0.068063  -0.185830  -0.136028  0.973121  0.002075  0.004016  -0.000378  0.000000  0.000000  0.000000  1.000000  
151.110028 -0.002533  -0.011626  0.005299  0.575760  0.787480  0.219946  -0.796251  0.601142  -0.067913  -0.185699  -0.136031  0.973145  0.001994  0.004009  -0.000392  0.000000  0.000000  0.000000  1.000000  
151.111028 -0.002532  -0.011622  0.005298  0.575760  0.787480  0.219946  -0.796251  0.601142  -0.067913  -0.185699  -0.136031  0.973145  0.001950  0.004055  -0.000434  0.000000  0.000000  0.000000  1.000000  
151.112280 -0.002528  -0.011613  0.005295  0.575775  0.787490  0.219870  -0.796272  0.601127  -0.067807  -0.185567  -0.136035  0.973170  0.002010  0.004306  -0.000631  0.000000  0.000000  0.000000  1.000000  
151.113528 -0.002523  -0.011602  0.005289  0.575775  0.787490  0.219870  -0.796272  0.601127  -0.067807  -0.185567  -0.136035  0.973170  0.002288  0.004958  -0.001024  0.000000  0.000000  0.000000  1.000000  
151.114539 -0.002517  -0.011590  0.005285  0.575775  0.787490  0.219870  -0.796272  0.601127  -0.067807  -0.185567  -0.136035  0.973170  0.002435  0.005419  -0.001270  0.000000  0.000000  0.000000  1.000000  
151.115784 -0.002510  -0.011576  0.005281  0.575953  0.787377  0.219808  -0.796173  0.601274  -0.067656  -0.185436  -0.136038  0.973194  0.002445  0.005750  -0.001258  0.000000  0.000000  0.000000  1.000000  
151.116787 -0.002508  -0.011568  0.005280  0.575953  0.787404  0.219712  -0.796173  0.601266  -0.067729  -0.185436  -0.135920  0.973211  0.002384  0.006034  -0.001209  0.000000  0.000000  0.000000  1.000000  
151.118032 -0.002506  -0.011558  0.005281  0.575968  0.787414  0.219636  -0.796193  0.601252  -0.067624  -0.185304  -0.135923  0.973235  0.002405  0.006500  -0.001151  0.000000  0.000000  0.000000  1.000000  
151.119284 -0.002503  -0.011548  0.005281  0.576131  0.787291  0.219650  -0.796075  0.601414  -0.067579  -0.185304  -0.135923  0.973235  0.002430  0.006879  -0.001304  0.000000  0.000000  0.000000  1.000000  
151.120285 -0.002501  -0.011540  0.005278  0.576131  0.787291  0.219650  -0.796075  0.601414  -0.067579  -0.185304  -0.135923  0.973235  0.002410  0.007144  -0.001511  0.000000  0.000000  0.000000  1.000000  
151.121533 -0.002500  -0.011530  0.005273  0.576146  0.787301  0.219573  -0.796095  0.601399  -0.067473  -0.185173  -0.135927  0.973260  0.002452  0.007464  -0.001857  0.000000  0.000000  0.000000  1.000000  
151.122779 -0.002500  -0.011522  0.005268  0.576146  0.787301  0.219573  -0.796095  0.601399  -0.067473  -0.185173  -0.135927  0.973260  0.002364  0.007554  -0.002138  0.000000  0.000000  0.000000  1.000000  
151.123785 -0.002499  -0.011516  0.005265  0.576146  0.787301  0.219573  -0.796095  0.601399  -0.067473  -0.185173  -0.135927  0.973260  0.002382  0.007713  -0.002379  0.000000  0.000000  0.000000  1.000000  
151.125030 -0.002497  -0.011507  0.005260  0.576146  0.787301  0.219573  -0.796095  0.601399  -0.067473  -0.185173  -0.135927  0.973260  0.002415  0.007974  -0.002597  0.000000  0.000000  0.000000  1.000000  
151.126030 -0.002494  -0.011498  0.005255  0.576324  0.787215  0.219415  -0.795996  0.601538  -0.067395  -0.185041  -0.135812  0.973301  0.002550  0.008251  -0.002916  0.000000  0.000000  0.000000  1.000000  
151.127281 -0.002490  -0.011487  0.005251  0.576324  0.787215  0.219415  -0.795996  0.601538  -0.067395  -0.185041  -0.135812  0.973301  0.002530  0.008411  -0.002921  0.000000  0.000000  0.000000  1.000000  
151.128530 -0.002488  -0.011475  0.005246  0.576324  0.787215  0.219415  -0.795996  0.601538  -0.067395  -0.185041  -0.135812  0.973301  0.002263  0.008380  -0.002843  0.000000  0.000000  0.000000  1.000000  
151.129530 -0.002485  -0.011466  0.005244  0.576324  0.787215  0.219415  -0.795996  0.601538  -0.067395  -0.185041  -0.135812  0.973301  0.002095  0.008256  -0.002746  0.000000  0.000000  0.000000  1.000000  
151.130533 -0.002484  -0.011458  0.005243  0.576324  0.787215  0.219415  -0.795996  0.601538  -0.067395  -0.185041  -0.135812  0.973301  0.001793  0.008044  -0.002532  0.000000  0.000000  0.000000  1.000000  
151.131536 -0.002483  -0.011452  0.005243  0.576310  0.787204  0.219492  -0.795976  0.601553  -0.067501  -0.185173  -0.135809  0.973276  0.001698  0.007882  -0.002526  0.000000  0.000000  0.000000  1.000000  
151.132786 -0.002483  -0.011444  0.005240  0.576324  0.787215  0.219415  -0.795996  0.601538  -0.067395  -0.185041  -0.135812  0.973301  0.001513  0.007710  -0.002758  0.000000  0.000000  0.000000  1.000000  
151.133787 -0.002484  -0.011439  0.005236  0.576488  0.787091  0.219429  -0.795877  0.601700  -0.067350  -0.185041  -0.135812  0.973301  0.001385  0.007593  -0.003060  0.000000  0.000000  0.000000  1.000000  
151.135031 -0.002483  -0.011432  0.005229  0.576488  0.787117  0.219334  -0.795877  0.601692  -0.067423  -0.185041  -0.135694  0.973317  0.001260  0.007338  -0.003307  0.000000  0.000000  0.000000  1.000000  
151.136282 -0.002483  -0.011426  0.005222  0.576488  0.787117  0.219334  -0.795877  0.601692  -0.067423  -0.185041  -0.135694  0.973317  0.001141  0.007067  -0.003497  0.000000  0.000000  0.000000  1.000000  
151.137529 -0.002483  -0.011420  0.005217  0.576488  0.787117  0.219334  -0.795877  0.601692  -0.067423  -0.185041  -0.135694  0.973317  0.001094  0.006912  -0.003465  0.000000  0.000000  0.000000  1.000000  
151.138533 -0.002483  -0.011416  0.005212  0.576488  0.787117  0.219334  -0.795877  0.601692  -0.067423  -0.185041  -0.135694  0.973317  0.001078  0.006792  -0.003565  0.000000  0.000000  0.000000  1.000000  
151.139534 -0.002482  -0.011412  0.005210  0.576488  0.787117  0.219334  -0.795877  0.601692  -0.067423  -0.185041  -0.135694  0.973317  0.001040  0.006616  -0.003428  0.000000  0.000000  0.000000  1.000000  
151.140779 -0.002479  -0.011404  0.005206  0.576652  0.786994  0.219348  -0.795759  0.601854  -0.067378  -0.185041  -0.135694  0.973317  0.001087  0.006500  -0.003397  0.000000  0.000000  0.000000  1.000000  
151.142029 -0.002476  -0.011395  0.005201  0.576652  0.787020  0.219252  -0.795759  0.601846  -0.067451  -0.185041  -0.135576  0.973334  0.001035  0.006283  -0.003387  0.000000  0.000000  0.000000  1.000000  
151.143283 -0.002474  -0.011387  0.005196  0.576652  0.787020  0.219252  -0.795759  0.601846  -0.067451  -0.185041  -0.135576  0.973334  0.000904  0.005999  -0.003427  0.000000  0.000000  0.000000  1.000000  
151.144530 -0.002473  -0.011380  0.005191  0.576652  0.787020  0.219252  -0.795759  0.601846  -0.067451  -0.185041  -0.135576  0.973334  0.000818  0.005719  -0.003565  0.000000  0.000000  0.000000  1.000000  
151.145530 -0.002472  -0.011376  0.005185  0.576652  0.787020  0.219252  -0.795759  0.601846  -0.067451  -0.185041  -0.135576  0.973334  0.000824  0.005450  -0.003857  0.000000  0.000000  0.000000  1.000000  
151.146780 -0.002471  -0.011372  0.005178  0.576816  0.786923  0.219171  -0.795640  0.602000  -0.067479  -0.185041  -0.135458  0.973350  0.000794  0.005233  -0.004302  0.000000  0.000000  0.000000  1.000000  
151.147791 -0.002471  -0.011368  0.005171  0.576816  0.786923  0.219171  -0.795640  0.602000  -0.067479  -0.185041  -0.135458  0.973350  0.000861  0.005052  -0.004641  0.000000  0.000000  0.000000  1.000000  
151.149034 -0.002472  -0.011364  0.005162  0.576816  0.786949  0.219075  -0.795640  0.601991  -0.067552  -0.185041  -0.135340  0.973367  0.000811  0.004916  -0.004869  0.000000  0.000000  0.000000  1.000000  
151.150283 -0.002472  -0.011358  0.005153  0.576816  0.786949  0.219075  -0.795640  0.601991  -0.067552  -0.185041  -0.135340  0.973367  0.000747  0.004858  -0.005019  0.000000  0.000000  0.000000  1.000000  
151.151284 -0.002471  -0.011353  0.005148  0.576830  0.786987  0.218903  -0.795660  0.601969  -0.067520  -0.184910  -0.135225  0.973408  0.000774  0.004822  -0.004966  0.000000  0.000000  0.000000  1.000000  
151.152529 -0.002471  -0.011348  0.005143  0.576994  0.786889  0.218822  -0.795541  0.602122  -0.067548  -0.184910  -0.135107  0.973424  0.000833  0.004817  -0.004839  0.000000  0.000000  0.000000  1.000000  
151.153534 -0.002471  -0.011343  0.005139  0.576994  0.786889  0.218822  -0.795541  0.602122  -0.067548  -0.184910  -0.135107  0.973424  0.000826  0.004896  -0.004917  0.000000  0.000000  0.000000  1.000000  
151.154779 -0.002469  -0.011335  0.005132  0.576994  0.786916  0.218726  -0.795541  0.602114  -0.067621  -0.184910  -0.134989  0.973440  0.000791  0.004997  -0.005098  0.000000  0.000000  0.000000  1.000000  
151.155782 -0.002468  -0.011327  0.005125  0.576994  0.786942  0.218631  -0.795541  0.602106  -0.067694  -0.184910  -0.134871  0.973457  0.000686  0.005092  -0.005438  0.000000  0.000000  0.000000  1.000000  
151.157029 -0.002466  -0.011318  0.005115  0.577158  0.786845  0.218549  -0.795423  0.602260  -0.067722  -0.184910  -0.134753  0.973473  0.000671  0.005127  -0.005798  0.000000  0.000000  0.000000  1.000000  
151.158030 -0.002465  -0.011311  0.005108  0.577158  0.786845  0.218549  -0.795423  0.602260  -0.067722  -0.184910  -0.134753  0.973473  0.000629  0.005117  -0.005979  0.000000  0.000000  0.000000  1.000000  
151.159030 -0.002466  -0.011307  0.005100  0.577173  0.786882  0.218377  -0.795443  0.602237  -0.067689  -0.184778  -0.134638  0.973514  0.000489  0.005083  -0.006206  0.000000  0.000000  0.000000  1.000000  
151.160279 -0.002466  -0.011300  0.005090  0.577173  0.786935  0.218186  -0.795443  0.602221  -0.067835  -0.184778  -0.134402  0.973547  0.000342  0.005109  -0.006383  0.000000  0.000000  0.000000  1.000000  
151.161282 -0.002468  -0.011294  0.005083  0.577336  0.786837  0.218105  -0.795324  0.602374  -0.067863  -0.184778  -0.134284  0.973563  0.000231  0.005336  -0.006546  0.000000  0.000000  0.000000  1.000000  
151.162529 -0.002470  -0.011287  0.005073  0.577336  0.786864  0.218010  -0.795324  0.602366  -0.067937  -0.184778  -0.134166  0.973579  0.000079  0.005505  -0.006627  0.000000  0.000000  0.000000  1.000000  
151.163530 -0.002471  -0.011281  0.005066  0.577336  0.786890  0.217914  -0.795324  0.602358  -0.068010  -0.184778  -0.134048  0.973595  0.000044  0.005682  -0.006582  0.000000  0.000000  0.000000  1.000000  
151.164541 -0.002472  -0.011274  0.005060  0.577515  0.786803  0.217756  -0.795225  0.602497  -0.067932  -0.184647  -0.133933  0.973636  -0.000007  0.005828  -0.006536  0.000000  0.000000  0.000000  1.000000  
151.165783 -0.002473  -0.011265  0.005052  0.577515  0.786856  0.217565  -0.795225  0.602481  -0.068079  -0.184647  -0.133697  0.973669  -0.000059  0.006010  -0.006568  0.000000  0.000000  0.000000  1.000000  
151.166785 -0.002473  -0.011258  0.005046  0.577678  0.786758  0.217484  -0.795106  0.602634  -0.068107  -0.184647  -0.133579  0.973685  -0.000084  0.006250  -0.006652  0.000000  0.000000  0.000000  1.000000  
151.167790 -0.002473  -0.011249  0.005040  0.577678  0.786785  0.217388  -0.795106  0.602626  -0.068180  -0.184647  -0.133461  0.973701  -0.000115  0.006533  -0.006870  0.000000  0.000000  0.000000  1.000000  
151.169029 -0.002472  -0.011238  0.005028  0.577856  0.786724  0.217135  -0.795007  0.602757  -0.068176  -0.184515  -0.133228  0.973758  -0.000126  0.006812  -0.007204  0.000000  0.000000  0.000000  1.000000  
151.170030 -0.002471  -0.011228  0.005019  0.578020  0.786626  0.217054  -0.794888  0.602911  -0.068205  -0.184515  -0.133110  0.973774  -0.000167  0.006982  -0.007482  0.000000  0.000000  0.000000  1.000000  
151.171030 -0.002471  -0.011219  0.005010  0.578020  0.786679  0.216863  -0.794888  0.602894  -0.068351  -0.184515  -0.132873  0.973806  -0.000239  0.007069  -0.007535  0.000000  0.000000  0.000000  1.000000  
151.172285 -0.002471  -0.011209  0.005001  0.578198  0.786618  0.216609  -0.794789  0.603025  -0.068347  -0.184384  -0.132641  0.973863  -0.000395  0.007179  -0.007509  0.000000  0.000000  0.000000  1.000000  
151.173533 -0.002474  -0.011199  0.004993  0.578525  0.786422  0.216447  -0.794551  0.603332  -0.068404  -0.184384  -0.132404  0.973895  -0.000585  0.007329  -0.007387  0.000000  0.000000  0.000000  1.000000  
151.174780 -0.002476  -0.011190  0.004985  0.578689  0.786350  0.216270  -0.794432  0.603478  -0.068506  -0.184384  -0.132168  0.973927  -0.000682  0.007477  -0.007278  0.000000  0.000000  0.000000  1.000000  
151.175787 -0.002478  -0.011182  0.004978  0.578867  0.786289  0.216017  -0.794332  0.603609  -0.068503  -0.184252  -0.131935  0.973984  -0.000740  0.007715  -0.007220  0.000000  0.000000  0.000000  1.000000  
151.177030 -0.002480  -0.011171  0.004969  0.579194  0.786092  0.215854  -0.794094  0.603916  -0.068560  -0.184252  -0.131699  0.974016  -0.000756  0.007946  -0.007206  0.000000  0.000000  0.000000  1.000000  
151.178280 -0.002482  -0.011160  0.004959  0.579372  0.786057  0.215505  -0.793995  0.604038  -0.068630  -0.184121  -0.131348  0.974088  -0.000796  0.008092  -0.007225  0.000000  0.000000  0.000000  1.000000  
151.179282 -0.002484  -0.011153  0.004952  0.579699  0.785860  0.215343  -0.793756  0.604345  -0.068688  -0.184121  -0.131111  0.974120  -0.000846  0.008225  -0.007305  0.000000  0.000000  0.000000  1.000000  
151.180533 -0.002486  -0.011141  0.004943  0.580040  0.785674  0.215104  -0.793537  0.604638  -0.068641  -0.183989  -0.130878  0.974176  -0.000857  0.008425  -0.007402  0.000000  0.000000  0.000000  1.000000  
151.181783 -0.002486  -0.011128  0.004932  0.580367  0.785503  0.214846  -0.793298  0.604937  -0.068773  -0.183989  -0.130524  0.974224  -0.000846  0.008653  -0.007622  0.000000  0.000000  0.000000  1.000000  
151.182787 -0.002487  -0.011118  0.004923  0.580708  0.785317  0.214607  -0.793079  0.605229  -0.068726  -0.183858  -0.130291  0.974280  -0.000928  0.008758  -0.007776  0.000000  0.000000  0.000000  1.000000  
151.183791 -0.002488  -0.011107  0.004915  0.581212  0.785005  0.214382  -0.792740  0.605683  -0.068635  -0.183726  -0.130058  0.974336  -0.001038  0.008858  -0.007693  0.000000  0.000000  0.000000  1.000000  
151.185033 -0.002489  -0.011095  0.004906  0.581539  0.784833  0.214124  -0.792501  0.605982  -0.068767  -0.183726  -0.129703  0.974383  -0.001178  0.008877  -0.007491  -0.149037  0.064836  -0.176518  1.000000  
151.186284 -0.002492  -0.011084  0.004898  0.582043  0.784547  0.213804  -0.792161  0.606427  -0.068751  -0.183595  -0.129352  0.974454  -0.001414  0.008870  -0.007336  -0.153353  0.071981  -0.196119  1.000000  
151.187530 -0.002497  -0.011074  0.004891  0.582546  0.784235  0.213579  -0.791821  0.606881  -0.068661  -0.183463  -0.129118  0.974510  -0.001679  0.008899  -0.007234  -0.154916  0.078239  -0.209038  1.000000  
151.188533 -0.002500  -0.011066  0.004885  0.582724  0.784172  0.213326  -0.791721  0.607012  -0.068659  -0.183332  -0.128885  0.974566  -0.001761  0.008920  -0.007154  -0.157733  0.079105  -0.215777  1.000000  
151.189779 -0.002506  -0.011056  0.004877  0.583227  0.783884  0.213006  -0.791381  0.607457  -0.068643  -0.183200  -0.128534  0.974637  -0.001971  0.008927  -0.007193  -0.160783  0.085549  -0.233530  1.000000  
151.190780 -0.002509  -0.011048  0.004869  0.583568  0.783696  0.212766  -0.791160  0.607750  -0.068598  -0.183069  -0.128301  0.974692  -0.002047  0.008956  -0.007272  -0.163661  0.092489  -0.248362  1.000000  
151.191786 -0.002513  -0.011039  0.004862  0.583922  0.783518  0.212450  -0.790959  0.608028  -0.068448  -0.182806  -0.128071  0.974772  -0.002249  0.008939  -0.007202  -0.166453  0.102238  -0.253853  1.000000  
151.193030 -0.002517  -0.011028  0.004854  0.584425  0.783204  0.212224  -0.790618  0.608481  -0.068360  -0.182674  -0.127837  0.974827  -0.002361  0.009003  -0.007180  -0.162724  0.109396  -0.273616  1.000000  
151.194280 -0.002522  -0.011015  0.004846  0.584780  0.783051  0.211812  -0.790417  0.608752  -0.068284  -0.182411  -0.127489  0.974922  -0.002520  0.009161  -0.007097  -0.167008  0.114646  -0.284178  1.000000  
151.195530 -0.002526  -0.011003  0.004839  0.585297  0.782772  0.211414  -0.790095  0.609183  -0.068165  -0.182148  -0.127140  0.975017  -0.002701  0.009227  -0.006897  -0.172582  0.125186  -0.296344  1.000000  
151.196780 -0.002531  -0.010990  0.004834  0.585651  0.782592  0.211097  -0.789893  0.609461  -0.068017  -0.181885  -0.126910  0.975096  -0.003026  0.009181  -0.006540  -0.171386  0.134867  -0.301923  1.000000  
151.197795 -0.002535  -0.010980  0.004830  0.585991  0.782403  0.210858  -0.789671  0.609753  -0.067973  -0.181753  -0.126677  0.975151  -0.003217  0.009193  -0.006226  -0.170228  0.137642  -0.317793  1.000000  
151.199033 -0.002540  -0.010968  0.004826  0.586345  0.782248  0.210445  -0.789469  0.610024  -0.067898  -0.181490  -0.126328  0.975245  -0.003540  0.009138  -0.005767  -0.177207  0.147417  -0.323478  1.000000  
151.200036 -0.002546  -0.010958  0.004824  0.586684  0.782058  0.210206  -0.789247  0.610316  -0.067855  -0.181358  -0.126095  0.975300  -0.003799  0.009145  -0.005406  -0.175953  0.152683  -0.329648  1.000000  
151.201284 -0.002552  -0.010948  0.004822  0.587038  0.781878  0.209888  -0.789044  0.610594  -0.067707  -0.181095  -0.125864  0.975378  -0.004029  0.009057  -0.005116  -0.174761  0.162439  -0.335305  1.000000  
151.202291 -0.002558  -0.010939  0.004819  0.587392  0.781697  0.209570  -0.788841  0.610873  -0.067560  -0.180832  -0.125634  0.975457  -0.004133  0.009094  -0.004887  -0.177574  0.167664  -0.341365  1.000000  
151.203531 -0.002565  -0.010929  0.004815  0.587746  0.781517  0.209253  -0.788638  0.611151  -0.067412  -0.180569  -0.125403  0.975535  -0.004298  0.009149  -0.004690  -0.174983  0.176002  -0.344269  1.000000  
151.204779 -0.002572  -0.010918  0.004811  0.588262  0.781185  0.209043  -0.788314  0.611599  -0.067148  -0.180306  -0.125291  0.975598  -0.004402  0.009190  -0.004413  -0.168476  0.186540  -0.356501  1.000000  
151.205780 -0.002577  -0.010910  0.004809  0.588438  0.781119  0.208790  -0.788212  0.611730  -0.067149  -0.180174  -0.125057  0.975653  -0.004566  0.009158  -0.004032  -0.168565  0.186497  -0.356636  1.000000  
151.206780 -0.002582  -0.010901  0.004807  0.588792  0.780913  0.208566  -0.788008  0.612016  -0.066928  -0.179911  -0.124945  0.975716  -0.004598  0.009179  -0.003682  -0.165915  0.196874  -0.358418  1.000000  
151.207787 -0.002587  -0.010892  0.004807  0.589130  0.780696  0.208421  -0.787785  0.612316  -0.066812  -0.179779  -0.124830  0.975755  -0.004707  0.009200  -0.003172  -0.160589  0.197647  -0.365118  1.000000  
151.209029 -0.002592  -0.010880  0.004807  0.589646  0.780388  0.208116  -0.787459  0.612756  -0.066623  -0.179516  -0.124599  0.975832  -0.004738  0.009155  -0.002671  -0.158095  0.205685  -0.367755  1.000000  
151.210280 -0.002598  -0.010868  0.004808  0.589999  0.780206  0.207798  -0.787255  0.613034  -0.066477  -0.179253  -0.124369  0.975910  -0.004874  0.009137  -0.002120  -0.154134  0.210002  -0.367260  1.000000  
151.211281 -0.002602  -0.010859  0.004809  0.590351  0.779999  0.207574  -0.787050  0.613321  -0.066257  -0.178989  -0.124256  0.975973  -0.004946  0.009061  -0.001707  -0.148947  0.219730  -0.372969  1.000000  
151.212529 -0.002608  -0.010848  0.004811  0.590866  0.779690  0.207269  -0.786724  0.613760  -0.066068  -0.178726  -0.124026  0.976051  -0.004959  0.009005  -0.001280  -0.144969  0.224021  -0.372439  1.000000  
151.213790 -0.002614  -0.010838  0.004813  0.591381  0.779356  0.207058  -0.786397  0.614206  -0.065806  -0.178463  -0.123913  0.976113  -0.005029  0.008838  -0.000930  -0.140969  0.228322  -0.371825  1.000000  
151.215032 -0.002620  -0.010829  0.004815  0.591909  0.779057  0.206674  -0.786089  0.614632  -0.065514  -0.178068  -0.123685  0.976214  -0.004983  0.008653  -0.000586  -0.135770  0.242360  -0.376895  1.000000  
151.216038 -0.002626  -0.010822  0.004817  0.592423  0.778747  0.206368  -0.785761  0.615071  -0.065327  -0.177805  -0.123455  0.976291  -0.004997  0.008561  -0.000331  -0.132891  0.248697  -0.379502  1.000000  
151.217283 -0.002632  -0.010813  0.004819  0.592937  0.778437  0.206062  -0.785433  0.615510  -0.065141  -0.177541  -0.123224  0.976368  -0.004948  0.008443  0.000026  -0.132975  0.253071  -0.379006  1.000000  
151.218286 -0.002636  -0.010805  0.004822  0.593451  0.778126  0.205756  -0.785104  0.615948  -0.064954  -0.177278  -0.122993  0.976445  -0.004848  0.008413  0.000467  -0.130564  0.259188  -0.392015  1.000000  
151.219538 -0.002642  -0.010796  0.004825  0.593964  0.777816  0.205450  -0.784775  0.616387  -0.064769  -0.177015  -0.122762  0.976522  -0.004794  0.008323  0.000981  -0.126549  0.263483  -0.391462  1.000000  
151.220781 -0.002648  -0.010786  0.004831  0.594492  0.777514  0.205064  -0.784465  0.616812  -0.064479  -0.176619  -0.122534  0.976622  -0.004695  0.008249  0.001521  -0.126709  0.267892  -0.391039  1.000000  
151.221782 -0.002652  -0.010779  0.004836  0.594990  0.777193  0.204837  -0.784116  0.617264  -0.064398  -0.176488  -0.122300  0.976675  -0.004674  0.008131  0.001960  -0.123274  0.267349  -0.401341  1.000000  
151.223030 -0.002658  -0.010769  0.004842  0.595679  0.776763  0.204464  -0.783683  0.617849  -0.064067  -0.176093  -0.122072  0.976775  -0.004667  0.007991  0.002357  -0.122144  0.276928  -0.406944  1.000000  
151.224030 -0.002663  -0.010762  0.004847  0.596191  0.776451  0.204157  -0.783352  0.618287  -0.063883  -0.175829  -0.121840  0.976852  -0.004697  0.007842  0.002687  -0.117971  0.279995  -0.417221  1.000000  
151.225280 -0.002669  -0.010753  0.004852  0.596864  0.776011  0.203863  -0.782898  0.618885  -0.063657  -0.175566  -0.121609  0.976928  -0.004771  0.007639  0.002899  -0.112775  0.280729  -0.424078  1.000000  
151.226533 -0.002676  -0.010745  0.004857  0.597552  0.775580  0.203489  -0.782462  0.619469  -0.063327  -0.175171  -0.121381  0.977027  -0.004846  0.007438  0.003112  -0.110446  0.286780  -0.437071  1.000000  
151.227782 -0.002684  -0.010738  0.004861  0.598385  0.775011  0.203207  -0.781884  0.620226  -0.063061  -0.174907  -0.121150  0.977103  -0.004990  0.007177  0.003327  -0.106012  0.291439  -0.453322  1.000000  
151.229030 -0.002693  -0.010732  0.004865  0.599072  0.774603  0.202738  -0.781447  0.620803  -0.062808  -0.174512  -0.120803  0.977217  -0.005166  0.006945  0.003430  -0.103691  0.297288  -0.466125  1.000000  
151.230030 -0.002701  -0.010727  0.004869  0.599582  0.774289  0.202430  -0.781114  0.621240  -0.062626  -0.174248  -0.120571  0.977292  -0.005377  0.006775  0.003587  -0.102580  0.302477  -0.472401  1.000000  
151.231050 -0.002709  -0.010723  0.004873  0.600254  0.773846  0.202134  -0.780656  0.621837  -0.062403  -0.173985  -0.120340  0.977368  -0.005589  0.006605  0.003808  -0.101042  0.306372  -0.489604  1.000000  
151.232284 -0.002719  -0.010716  0.004878  0.600939  0.773436  0.201665  -0.780217  0.622413  -0.062152  -0.173590  -0.119993  0.977481  -0.005831  0.006393  0.004000  -0.102069  0.310039  -0.498898  1.000000  
151.233298 -0.002727  -0.010710  0.004883  0.601463  0.773130  0.201276  -0.779901  0.622838  -0.061868  -0.173194  -0.119764  0.977579  -0.006019  0.006261  0.004129  -0.101794  0.317565  -0.508961  1.000000  
151.234533 -0.002738  -0.010704  0.004889  0.602308  0.772591  0.200819  -0.779336  0.623573  -0.061577  -0.172799  -0.119417  0.977691  -0.006358  0.006117  0.004271  -0.107732  0.323744  -0.522256  1.000000  
151.235782 -0.002748  -0.010697  0.004895  0.603006  0.772189  0.200268  -0.778913  0.624136  -0.061225  -0.172272  -0.119072  0.977826  -0.006729  0.005908  0.004278  -0.109597  0.334209  -0.534804  1.000000  
151.236785 -0.002758  -0.010692  0.004900  0.603530  0.771881  0.199878  -0.778595  0.624560  -0.060943  -0.171876  -0.118843  0.977924  -0.007079  0.005767  0.004233  -0.112596  0.343843  -0.540476  1.000000  
151.238029 -0.002769  -0.010685  0.004905  0.604213  0.771469  0.199407  -0.778152  0.625136  -0.060696  -0.171481  -0.118496  0.978035  -0.007414  0.005658  0.004167  -0.113532  0.347062  -0.549201  1.000000  
151.239030 -0.002779  -0.010679  0.004909  0.604896  0.771055  0.198935  -0.777709  0.625712  -0.060449  -0.171085  -0.118148  0.978147  -0.007760  0.005520  0.004123  -0.120383  0.355901  -0.566760  1.000000  
151.240031 -0.002789  -0.010674  0.004912  0.605418  0.770770  0.198451  -0.777389  0.626128  -0.060244  -0.170690  -0.117800  0.978258  -0.008136  0.005350  0.004102  -0.123413  0.365503  -0.572563  1.000000  
151.241280 -0.002803  -0.010669  0.004917  0.606128  0.770375  0.197817  -0.776980  0.626679  -0.059793  -0.170031  -0.117458  0.978414  -0.008629  0.005097  0.004064  -0.128369  0.377290  -0.579742  1.000000  
151.242530 -0.002818  -0.010664  0.004922  0.606824  0.769969  0.197264  -0.776552  0.627242  -0.059446  -0.169503  -0.117113  0.978546  -0.009052  0.004993  0.004149  -0.133811  0.384730  -0.584195  1.000000  
151.243782 -0.002834  -0.010660  0.004926  0.607533  0.769572  0.196629  -0.776142  0.627793  -0.058996  -0.168844  -0.116770  0.978701  -0.009560  0.004873  0.004152  -0.138692  0.400873  -0.590887  1.000000  
151.245029 -0.002850  -0.010655  0.004932  0.608241  0.769198  0.195900  -0.775730  0.628336  -0.058624  -0.168185  -0.116308  0.978870  -0.009933  0.004802  0.004161  -0.145901  0.410259  -0.596591  1.000000  
151.246031 -0.002863  -0.010651  0.004936  0.608762  0.768910  0.195414  -0.775407  0.628753  -0.058422  -0.167789  -0.115960  0.978979  -0.010256  0.004762  0.004219  -0.150180  0.414567  -0.596294  1.000000  
151.247286 -0.002878  -0.010646  0.004942  0.609469  0.768511  0.194778  -0.774993  0.629304  -0.057976  -0.167129  -0.115617  0.979133  -0.010635  0.004683  0.004189  -0.155802  0.426631  -0.600154  1.000000  
151.248532 -0.002894  -0.010640  0.004946  0.610163  0.768125  0.194128  -0.774561  0.629860  -0.057709  -0.166602  -0.115152  0.979277  -0.010962  0.004647  0.004124  -0.158969  0.436187  -0.606137  1.000000  
151.249533 -0.002905  -0.010636  0.004950  0.610696  0.767844  0.193560  -0.774254  0.630266  -0.057407  -0.166074  -0.114806  0.979407  -0.011165  0.004556  0.004049  -0.164805  0.446604  -0.606458  1.000000  
151.250538 -0.002918  -0.010631  0.004953  0.611215  0.767554  0.193072  -0.773929  0.630683  -0.057209  -0.165678  -0.114458  0.979515  -0.011513  0.004489  0.003892  -0.170464  0.449995  -0.611489  1.000000  
151.251782 -0.002933  -0.010625  0.004958  0.611921  0.767175  0.192341  -0.773512  0.631227  -0.056842  -0.165018  -0.113995  0.979681  -0.011661  0.004469  0.003854  -0.176266  0.464671  -0.611338  1.000000  
151.253033 -0.002949  -0.010619  0.004962  0.612613  0.766786  0.191690  -0.773077  0.631783  -0.056579  -0.164490  -0.113530  0.979823  -0.011978  0.004347  0.003848  -0.183300  0.471930  -0.609367  1.000000  
151.254281 -0.002965  -0.010614  0.004968  0.613317  0.766405  0.190957  -0.772659  0.632328  -0.056214  -0.163830  -0.113067  0.979987  -0.012253  0.004249  0.003905  -0.190641  0.481480  -0.615328  1.000000  
151.255532 -0.002981  -0.010609  0.004974  0.614008  0.766015  0.190305  -0.772222  0.632884  -0.055954  -0.163302  -0.112602  0.980129  -0.012429  0.004245  0.004028  -0.200227  0.489363  -0.607685  1.000000  
151.256780 -0.002998  -0.010604  0.004982  0.614698  0.765623  0.189653  -0.771784  0.633441  -0.055694  -0.162774  -0.112136  0.980270  -0.012593  0.004190  0.004218  -0.208705  0.493646  -0.607424  1.000000  
151.258030 -0.003016  -0.010601  0.004989  0.615401  0.765262  0.188826  -0.771363  0.633979  -0.055410  -0.162114  -0.111554  0.980446  -0.012708  0.004139  0.004396  -0.221245  0.506792  -0.606095  1.000000  
151.259280 -0.003033  -0.010595  0.004996  0.616249  0.764738  0.188184  -0.770797  0.634693  -0.055113  -0.161586  -0.111088  0.980586  -0.012805  0.004182  0.004521  -0.226603  0.512023  -0.606957  1.000000  
151.260530 -0.003049  -0.010590  0.005004  0.616937  0.764366  0.187437  -0.770356  0.635243  -0.054934  -0.161058  -0.110503  0.980739  -0.012815  0.004232  0.004642  -0.235024  0.516217  -0.606798  1.000000  
151.261779 -0.003065  -0.010584  0.005012  0.617639  0.764002  0.186609  -0.769932  0.635782  -0.054653  -0.160398  -0.109920  0.980913  -0.012886  0.004240  0.004817  -0.247564  0.524942  -0.606169  1.000000  
151.262782 -0.003078  -0.010580  0.005018  0.618313  0.763574  0.186129  -0.769473  0.636356  -0.054424  -0.160002  -0.109570  0.981017  -0.012966  0.004251  0.004996  -0.246616  0.525365  -0.612954  1.000000  
151.263789 -0.003092  -0.010576  0.005025  0.618828  0.763298  0.185546  -0.769141  0.636767  -0.054312  -0.159605  -0.109101  0.981134  -0.013022  0.004206  0.005205  -0.255271  0.527801  -0.604659  1.000000  
151.265034 -0.003108  -0.010570  0.005032  0.619673  0.762769  0.184902  -0.768570  0.637481  -0.054021  -0.159077  -0.108635  0.981271  -0.013124  0.004171  0.005414  -0.258527  0.532840  -0.611234  1.000000  
151.266035 -0.003122  -0.010566  0.005039  0.620188  0.762492  0.184318  -0.768237  0.637892  -0.053910  -0.158681  -0.108165  0.981387  -0.013180  0.004210  0.005645  -0.266960  0.532646  -0.611499  1.000000  
151.267282 -0.003140  -0.010561  0.005049  0.620873  0.762114  0.183570  -0.767792  0.638442  -0.053737  -0.158152  -0.107579  0.981537  -0.013394  0.004107  0.005976  -0.276611  0.531571  -0.605033  1.000000  
151.268531 -0.003158  -0.010556  0.005060  0.621717  0.761582  0.182925  -0.767218  0.639156  -0.053450  -0.157624  -0.107112  0.981673  -0.013557  0.004077  0.006353  -0.276433  0.532934  -0.613281  1.000000  
151.269532 -0.003174  -0.010553  0.005069  0.622243  0.761312  0.182257  -0.766899  0.639556  -0.053239  -0.157095  -0.106645  0.981808  -0.013744  0.003948  0.006670  -0.284322  0.540919  -0.611501  1.000000  
151.270548 -0.003189  -0.010550  0.005077  0.622915  0.760878  0.181776  -0.766435  0.640130  -0.053016  -0.156699  -0.106295  0.981910  -0.013817  0.003970  0.006890  -0.285392  0.537477  -0.613883  1.000000  
151.271786 -0.003209  -0.010547  0.005089  0.623598  0.760474  0.181118  -0.765987  0.640687  -0.052770  -0.156170  -0.105827  0.982045  -0.014007  0.003896  0.007153  -0.287831  0.536544  -0.619092  1.000000  
151.273030 -0.003228  -0.010542  0.005100  0.624282  0.760092  0.180369  -0.765538  0.641237  -0.052602  -0.155642  -0.105240  0.982192  -0.014145  0.003905  0.007412  -0.297986  0.531941  -0.614358  1.000000  
151.274283 -0.003247  -0.010537  0.005111  0.624978  0.759695  0.179628  -0.765104  0.641783  -0.052256  -0.154981  -0.104775  0.982346  -0.014324  0.003901  0.007638  -0.300949  0.531582  -0.620287  1.000000  
151.275530 -0.003266  -0.010532  0.005123  0.625817  0.759178  0.178888  -0.764524  0.642490  -0.052054  -0.154452  -0.104188  0.982491  -0.014474  0.003863  0.007914  -0.304667  0.532873  -0.628469  1.000000  
151.276530 -0.003282  -0.010528  0.005133  0.626329  0.758873  0.178394  -0.764186  0.642907  -0.051872  -0.154055  -0.103837  0.982591  -0.014703  0.003831  0.008229  -0.304630  0.527386  -0.628246  1.000000  
151.277779 -0.003302  -0.010523  0.005147  0.627167  0.758354  0.177653  -0.763604  0.643614  -0.051673  -0.153526  -0.103249  0.982736  -0.014925  0.003818  0.008568  -0.309535  0.528118  -0.629842  1.000000  
151.279030 -0.003323  -0.010518  0.005161  0.627861  0.757953  0.176911  -0.763166  0.644160  -0.051331  -0.152865  -0.102783  0.982887  -0.015240  0.003758  0.009023  -0.312833  0.528422  -0.636653  1.000000  
151.280030 -0.003340  -0.010515  0.005173  0.628371  0.757646  0.176416  -0.762826  0.644578  -0.051152  -0.152469  -0.102432  0.982986  -0.015499  0.003708  0.009351  -0.313155  0.523761  -0.637385  1.000000  
151.281038 -0.003358  -0.010511  0.005184  0.628894  0.757347  0.175837  -0.762500  0.644985  -0.050872  -0.151940  -0.102083  0.983104  -0.015718  0.003653  0.009634  -0.313130  0.527063  -0.636131  1.000000  
151.282292 -0.003380  -0.010507  0.005199  0.629573  0.756935  0.175176  -0.762045  0.645541  -0.050635  -0.151411  -0.101614  0.983234  -0.016039  0.003608  0.009988  -0.313394  0.526584  -0.636232  1.000000  
151.283296 -0.003399  -0.010504  0.005210  0.630252  0.756502  0.174607  -0.761588  0.646104  -0.050320  -0.150882  -0.101265  0.983352  -0.016292  0.003555  0.010165  -0.312639  0.527042  -0.643201  1.000000  
151.284533 -0.003422  -0.010500  0.005223  0.630787  0.756230  0.173852  -0.761277  0.646495  -0.050019  -0.150220  -0.100798  0.983501  -0.016607  0.003561  0.010352  -0.314270  0.530679  -0.636501  1.000000  
151.285779 -0.003444  -0.010496  0.005237  0.631477  0.755804  0.173198  -0.760834  0.647048  -0.049605  -0.149559  -0.100450  0.983637  -0.016776  0.003536  0.010457  -0.306981  0.531218  -0.637813  1.000000  
151.286781 -0.003463  -0.010493  0.005248  0.632155  0.755368  0.172627  -0.760375  0.647611  -0.049293  -0.149030  -0.100100  0.983753  -0.016943  0.003588  0.010607  -0.306902  0.534624  -0.636594  1.000000  
151.287787 -0.003481  -0.010489  0.005259  0.632675  0.755065  0.172046  -0.760046  0.648018  -0.049018  -0.148500  -0.099750  0.983869  -0.017154  0.003577  0.010728  -0.303157  0.534292  -0.636797  1.000000  
151.289030 -0.003504  -0.010484  0.005273  0.633377  0.754644  0.171306  -0.759616  0.648561  -0.048506  -0.147706  -0.099404  0.984023  -0.017435  0.003611  0.010988  -0.300685  0.542374  -0.629494  1.000000  
151.290280 -0.003527  -0.010479  0.005288  0.634078  0.754223  0.170565  -0.759185  0.649103  -0.047994  -0.146912  -0.099058  0.984177  -0.017704  0.003577  0.011215  -0.292982  0.551009  -0.628862  1.000000  
151.291283 -0.003545  -0.010475  0.005301  0.634597  0.753918  0.169982  -0.758853  0.649511  -0.047721  -0.146383  -0.098708  0.984291  -0.017821  0.003575  0.011364  -0.289235  0.550679  -0.629074  1.000000  
151.292530 -0.003569  -0.010470  0.005317  0.635310  0.753504  0.169155  -0.758435  0.650043  -0.047111  -0.145456  -0.098363  0.984463  -0.018077  0.003590  0.011568  -0.286774  0.563226  -0.621287  1.000000  
151.293780 -0.003592  -0.010465  0.005333  0.636009  0.753081  0.168412  -0.758001  0.650586  -0.046603  -0.144662  -0.098016  0.984614  -0.018226  0.003625  0.011667  -0.279772  0.572441  -0.621912  1.000000  
151.295030 -0.003616  -0.010460  0.005349  0.636707  0.752677  0.167576  -0.757566  0.651124  -0.046175  -0.143868  -0.097550  0.984777  -0.018360  0.003662  0.011769  -0.281218  0.580215  -0.614475  1.000000  
151.296031 -0.003636  -0.010456  0.005361  0.637393  0.752223  0.167007  -0.757115  0.651682  -0.045691  -0.143206  -0.097320  0.984896  -0.018562  0.003687  0.011847  -0.272451  0.589568  -0.620556  1.000000  
151.297285 -0.003661  -0.010451  0.005377  0.638090  0.751817  0.166170  -0.756677  0.652220  -0.045266  -0.142411  -0.096854  0.985058  -0.018718  0.003739  0.011843  -0.268049  0.597740  -0.618752  1.000000  
151.298287 -0.003680  -0.010447  0.005390  0.638774  0.751361  0.165600  -0.756224  0.652778  -0.044784  -0.141749  -0.096624  0.985176  -0.018789  0.003812  0.012041  -0.264330  0.606491  -0.618049  1.000000  
151.299534 -0.003705  -0.010441  0.005406  0.639482  0.750962  0.164677  -0.755799  0.653306  -0.044260  -0.140822  -0.096159  0.985354  -0.018907  0.003937  0.012228  -0.264890  0.615184  -0.617543  1.000000  
151.300536 -0.003725  -0.010437  0.005419  0.640177  0.750514  0.164019  -0.755358  0.653855  -0.043679  -0.140027  -0.095931  0.985490  -0.019067  0.003989  0.012374  -0.258121  0.628657  -0.617898  1.000000  
151.301538 -0.003745  -0.010433  0.005433  0.640872  0.750084  0.163270  -0.754916  0.654399  -0.043179  -0.139232  -0.095583  0.985636  -0.019117  0.004045  0.012522  -0.256542  0.642316  -0.622204  1.000000  
151.302780 -0.003770  -0.010427  0.005450  0.641721  0.749519  0.162529  -0.754341  0.655096  -0.042647  -0.138437  -0.095235  0.985782  -0.019306  0.004132  0.012769  -0.247847  0.651710  -0.628528  1.000000  
151.303788 -0.003790  -0.010422  0.005464  0.642413  0.749068  0.161869  -0.753896  0.655645  -0.042070  -0.137642  -0.095007  0.985915  -0.019384  0.004208  0.012967  -0.243141  0.660955  -0.634493  1.000000  
151.305031 -0.003816  -0.010416  0.005483  0.643439  0.748383  0.160963  -0.753214  0.656478  -0.041306  -0.136582  -0.094662  0.986096  -0.019577  0.004281  0.013172  -0.234607  0.679423  -0.640074  1.000000  
151.306282 -0.003842  -0.010410  0.005501  0.644309  0.747850  0.159956  -0.752662  0.657151  -0.040657  -0.135521  -0.094197  0.986286  -0.019820  0.004324  0.013300  -0.234164  0.697685  -0.645482  1.000000  
151.307530 -0.003868  -0.010404  0.005518  0.645178  0.747297  0.159039  -0.752108  0.657829  -0.039931  -0.134461  -0.093852  0.986464  -0.019964  0.004359  0.013395  -0.226593  0.715315  -0.644145  1.000000  
151.308780 -0.003895  -0.010398  0.005536  0.646200  0.746607  0.158128  -0.751419  0.658662  -0.039173  -0.133400  -0.093507  0.986641  -0.020218  0.004453  0.013513  -0.221155  0.729838  -0.656835  1.000000  
151.310030 -0.003923  -0.010392  0.005554  0.647066  0.746051  0.157207  -0.750861  0.659340  -0.038450  -0.132339  -0.093161  0.986817  -0.020475  0.004507  0.013661  -0.220735  0.748127  -0.662172  1.000000  
151.311030 -0.003946  -0.010388  0.005569  0.647753  0.745614  0.156450  -0.750408  0.659884  -0.037961  -0.131543  -0.092812  0.986956  -0.020679  0.004511  0.013833  -0.217465  0.756582  -0.669430  1.000000  
151.312031 -0.003969  -0.010383  0.005584  0.648451  0.745183  0.155605  -0.749967  0.660418  -0.037373  -0.130615  -0.092464  0.987112  -0.020918  0.004595  0.014066  -0.216934  0.774565  -0.674612  1.000000  
151.313284 -0.003998  -0.010377  0.005604  0.649314  0.744624  0.154681  -0.749405  0.661097  -0.036655  -0.129553  -0.092118  0.987284  -0.021169  0.004667  0.014273  -0.213631  0.787937  -0.674011  1.000000  
