1-Time 2-Px 3-Py 4-Pz 5-R11 6-R21 7-R31 8-R12 9-R22 10-R32 11-R13 12-R23 13-R33 14-Vx 15-Vy 16-Vz 17-Wx 18-Wy 19-Wz 20-state
189.338384 -0.039456  -0.032280  -0.015086  0.891417  0.344448  -0.294502  -0.423196  0.865165  -0.269063  0.162114  0.364479  0.916992  -0.006406  0.004475  -0.006562  0.000000  0.000000  0.000000  1.000000  
189.339609 -0.039462  -0.032277  -0.015089  0.891417  0.344413  -0.294543  -0.423196  0.865132  -0.269168  0.162114  0.364590  0.916948  -0.005986  0.002774  -0.003347  0.000000  0.000000  0.000000  1.000000  
189.340610 -0.039447  -0.032262  -0.015089  0.891437  0.344421  -0.294474  -0.423205  0.865079  -0.269325  0.161982  0.364709  0.916924  0.004761  0.008943  -0.001471  0.000000  0.000000  0.000000  1.000000  
189.341622 -0.039422  -0.032240  -0.015090  0.891456  0.344429  -0.294405  -0.423215  0.865025  -0.269483  0.161850  0.364829  0.916899  0.011434  0.013121  -0.001310  0.000000  0.000000  0.000000  1.000000  
189.342863 -0.039400  -0.032216  -0.015090  0.891388  0.344616  -0.294392  -0.423407  0.864901  -0.269580  0.161718  0.364948  0.916875  0.013262  0.015071  -0.001061  0.000000  0.000000  0.000000  1.000000  
189.343867 -0.039388  -0.032199  -0.015086  0.891388  0.344580  -0.294434  -0.423407  0.864868  -0.269684  0.161718  0.365059  0.916831  0.012924  0.015332  -0.000090  0.000000  0.000000  0.000000  1.000000  
189.345112 -0.039368  -0.032179  -0.015075  0.891408  0.344553  -0.294406  -0.423417  0.864782  -0.269947  0.161586  0.365289  0.916763  0.013546  0.015507  0.001647  0.000000  0.000000  0.000000  1.000000  
189.346362 -0.039340  -0.032154  -0.015065  0.891428  0.344526  -0.294379  -0.423426  0.864695  -0.270209  0.161454  0.365520  0.916694  0.014995  0.016288  0.002622  0.000000  0.000000  0.000000  1.000000  
189.347609 -0.039316  -0.032128  -0.015061  0.891379  0.344756  -0.294255  -0.423628  0.864549  -0.270359  0.161190  0.365647  0.916690  0.015523  0.016931  0.002767  0.000000  0.000000  0.000000  1.000000  
189.348859 -0.039299  -0.032105  -0.015058  0.891418  0.344809  -0.294075  -0.423646  0.864474  -0.270569  0.160926  0.365774  0.916685  0.015313  0.017026  0.002667  0.000000  0.000000  0.000000  1.000000  
189.349891 -0.039285  -0.032088  -0.015056  0.891457  0.344862  -0.293896  -0.423665  0.864400  -0.270779  0.160662  0.365901  0.916681  0.015169  0.016995  0.002610  0.000000  0.000000  0.000000  1.000000  
189.351109 -0.039261  -0.032061  -0.015053  0.891515  0.344994  -0.293563  -0.423693  0.864337  -0.270937  0.160266  0.365925  0.916741  0.015578  0.017530  0.002629  0.000000  0.000000  0.000000  1.000000  
189.352112 -0.039236  -0.032033  -0.015049  0.891554  0.345083  -0.293342  -0.423711  0.864295  -0.271042  0.160002  0.365941  0.916781  0.016304  0.018290  0.002694  0.000000  0.000000  0.000000  1.000000  
189.353359 -0.039199  -0.031993  -0.015041  0.891418  0.345563  -0.293190  -0.424096  0.864143  -0.270922  0.159737  0.365846  0.916865  0.017446  0.019443  0.003004  0.000000  0.000000  0.000000  1.000000  
189.354359 -0.039164  -0.031959  -0.015033  0.891457  0.345687  -0.292926  -0.424115  0.864134  -0.270923  0.159473  0.365750  0.916949  0.020217  0.021559  0.003812  0.000000  0.000000  0.000000  1.000000  
189.355359 -0.039124  -0.031922  -0.015024  0.891495  0.345846  -0.292621  -0.424133  0.864158  -0.270819  0.159209  0.365544  0.917077  0.021863  0.023063  0.004402  0.000000  0.000000  0.000000  1.000000  
189.356366 -0.039081  -0.031881  -0.015015  0.891534  0.346005  -0.292315  -0.424151  0.864181  -0.270714  0.158945  0.365337  0.917205  0.023125  0.024327  0.004960  0.000000  0.000000  0.000000  1.000000  
189.357367 -0.039036  -0.031837  -0.015005  0.891465  0.346263  -0.292218  -0.424344  0.864122  -0.270602  0.158813  0.365233  0.917269  0.024893  0.025928  0.005770  0.000000  0.000000  0.000000  1.000000  
189.358618 -0.038983  -0.031783  -0.014991  0.891378  0.346511  -0.292190  -0.424527  0.864116  -0.270332  0.158813  0.365011  0.917358  0.027482  0.028196  0.006485  0.000000  0.000000  0.000000  1.000000  
189.359619 -0.038947  -0.031742  -0.014977  0.891291  0.346689  -0.292245  -0.424711  0.864045  -0.270272  0.158813  0.365011  0.917358  0.028895  0.029892  0.006821  0.000000  0.000000  0.000000  1.000000  
189.360863 -0.038905  -0.031693  -0.014959  0.891310  0.346733  -0.292135  -0.424720  0.864024  -0.270325  0.158681  0.365019  0.917378  0.029851  0.031574  0.007335  0.000000  0.000000  0.000000  1.000000  
189.361864 -0.038873  -0.031656  -0.014943  0.891310  0.346733  -0.292135  -0.424720  0.864024  -0.270325  0.158681  0.365019  0.917378  0.030589  0.032651  0.008135  0.000000  0.000000  0.000000  1.000000  
189.363113 -0.038837  -0.031609  -0.014923  0.891135  0.347089  -0.292246  -0.425087  0.863881  -0.270205  0.158681  0.365019  0.917378  0.031746  0.034248  0.009263  0.000000  0.000000  0.000000  1.000000  
189.364360 -0.038805  -0.031562  -0.014904  0.891047  0.347267  -0.292302  -0.425271  0.863810  -0.270144  0.158681  0.365019  0.917378  0.032901  0.036120  0.010433  0.000000  0.000000  0.000000  1.000000  
189.365609 -0.038773  -0.031514  -0.014885  0.891028  0.347187  -0.292454  -0.425261  0.863798  -0.270196  0.158813  0.365122  0.917314  0.033200  0.037247  0.011325  0.000000  0.000000  0.000000  1.000000  
189.366609 -0.038743  -0.031473  -0.014871  0.891028  0.347187  -0.292454  -0.425261  0.863798  -0.270196  0.158813  0.365122  0.917314  0.033874  0.038487  0.012184  0.000000  0.000000  0.000000  1.000000  
189.367865 -0.038696  -0.031418  -0.014852  0.891097  0.347001  -0.292468  -0.425069  0.863923  -0.270099  0.158945  0.365003  0.917338  0.034592  0.039536  0.012925  0.000000  0.000000  0.000000  1.000000  
189.369110 -0.038647  -0.031363  -0.014831  0.891058  0.346984  -0.292605  -0.425050  0.864031  -0.269784  0.159209  0.364765  0.917387  0.035031  0.040418  0.013649  0.000000  0.000000  0.000000  1.000000  
189.370359 -0.038600  -0.031308  -0.014811  0.891020  0.347002  -0.292700  -0.425032  0.864171  -0.269364  0.159473  0.364415  0.917480  0.034791  0.040918  0.014309  0.000000  0.000000  0.000000  1.000000  
189.371359 -0.038564  -0.031266  -0.014794  0.891069  0.346807  -0.292782  -0.424830  0.864349  -0.269108  0.159737  0.364177  0.917529  0.034498  0.040974  0.014732  0.000000  0.000000  0.000000  1.000000  
189.372609 -0.038517  -0.031214  -0.014774  0.891185  0.346426  -0.292878  -0.424436  0.864653  -0.268756  0.160134  0.363819  0.917602  0.033844  0.040838  0.015236  0.000000  0.000000  0.000000  1.000000  
189.373611 -0.038481  -0.031174  -0.014758  0.891215  0.346187  -0.293071  -0.424225  0.864852  -0.268448  0.160530  0.363573  0.917630  0.033437  0.040675  0.015506  0.000000  0.000000  0.000000  1.000000  
189.374617 -0.038450  -0.031136  -0.014742  0.891244  0.345949  -0.293265  -0.424013  0.865051  -0.268140  0.160926  0.363327  0.917658  0.033142  0.040440  0.015646  0.000000  0.000000  0.000000  1.000000  
189.375872 -0.038414  -0.031091  -0.014722  0.891340  0.345488  -0.293514  -0.423609  0.865342  -0.267840  0.161454  0.363072  0.917666  0.032685  0.040145  0.015757  0.000000  0.000000  0.000000  1.000000  
189.377114 -0.038384  -0.031049  -0.014701  0.891437  0.344992  -0.293805  -0.423205  0.865600  -0.267646  0.161982  0.362929  0.917630  0.032145  0.039827  0.015874  0.000000  0.000000  0.000000  1.000000  
189.378117 -0.038360  -0.031015  -0.014682  0.891552  0.344504  -0.294028  -0.422810  0.865804  -0.267609  0.162378  0.362905  0.917569  0.031829  0.039556  0.016048  0.000000  0.000000  0.000000  1.000000  
189.379120 -0.038335  -0.030981  -0.014662  0.891647  0.343972  -0.294361  -0.422406  0.866029  -0.267520  0.162906  0.362873  0.917488  0.031890  0.039342  0.016345  0.000000  0.000000  0.000000  1.000000  
189.380365 -0.038302  -0.030938  -0.014637  0.891722  0.343396  -0.294806  -0.421992  0.866275  -0.267378  0.163566  0.362833  0.917387  0.031959  0.039029  0.016832  0.000000  0.000000  0.000000  1.000000  
189.381609 -0.038265  -0.030893  -0.014609  0.891864  0.342597  -0.295307  -0.421385  0.866611  -0.267246  0.164358  0.362785  0.917264  0.031791  0.038590  0.017510  0.000000  0.000000  0.000000  1.000000  
189.382859 -0.038222  -0.030845  -0.014579  0.892024  0.341878  -0.295655  -0.420787  0.866958  -0.267061  0.165018  0.362633  0.917206  0.031604  0.038223  0.018200  0.089152  0.129383  -0.161595  1.000000  
189.383865 -0.038182  -0.030804  -0.014555  0.892097  0.341338  -0.296059  -0.420373  0.867235  -0.266816  0.165678  0.362481  0.917147  0.031519  0.037908  0.018738  0.085740  0.151076  -0.192196  1.000000  
189.385110 -0.038130  -0.030753  -0.014522  0.892150  0.340789  -0.296532  -0.419948  0.867564  -0.266414  0.166470  0.362209  0.917111  0.031876  0.037623  0.019574  0.082774  0.178065  -0.216337  1.000000  
189.386111 -0.038091  -0.030715  -0.014496  0.892222  0.340249  -0.296937  -0.419534  0.867839  -0.266170  0.167129  0.362057  0.917051  0.032056  0.037432  0.020165  0.080507  0.197995  -0.238786  1.000000  
189.387359 -0.038048  -0.030672  -0.014465  0.892379  0.339566  -0.297245  -0.418935  0.868217  -0.265882  0.167789  0.361794  0.917035  0.031859  0.036728  0.020951  0.076010  0.217146  -0.275474  1.000000  
189.388359 -0.038016  -0.030639  -0.014441  0.892450  0.339061  -0.297609  -0.418520  0.868524  -0.265533  0.168448  0.361530  0.917018  0.031639  0.036292  0.021379  0.076610  0.230411  -0.302469  1.000000  
189.389611 -0.037979  -0.030599  -0.014412  0.892520  0.338557  -0.297973  -0.418104  0.868830  -0.265184  0.169108  0.361266  0.917000  0.031407  0.035804  0.021999  0.077224  0.243766  -0.329561  1.000000  
189.390616 -0.037952  -0.030568  -0.014390  0.892503  0.338232  -0.298392  -0.417872  0.869067  -0.264775  0.169767  0.361002  0.916982  0.031390  0.035500  0.022529  0.084804  0.268349  -0.348453  1.000000  
189.391616 -0.037925  -0.030539  -0.014368  0.892593  0.337735  -0.298686  -0.417466  0.869320  -0.264584  0.170294  0.360857  0.916941  0.031371  0.035156  0.022764  0.086545  0.280081  -0.367744  1.000000  
189.392617 -0.037899  -0.030511  -0.014345  0.892596  0.337417  -0.299035  -0.417244  0.869503  -0.264333  0.170822  0.360713  0.916900  0.031486  0.034748  0.023123  0.088261  0.291755  -0.386952  1.000000  
189.393866 -0.037867  -0.030475  -0.014314  0.892685  0.336957  -0.299289  -0.416838  0.869788  -0.264037  0.171349  0.360457  0.916903  0.031751  0.034272  0.023634  0.091782  0.298503  -0.418917  1.000000  
189.395116 -0.037830  -0.030435  -0.014280  0.892601  0.336855  -0.299652  -0.416799  0.869933  -0.263618  0.171876  0.360201  0.916905  0.031964  0.034082  0.024161  0.103914  0.311071  -0.423835  1.000000  
189.396365 -0.037788  -0.030391  -0.014244  0.892625  0.336654  -0.299809  -0.416586  0.870160  -0.263208  0.172272  0.359842  0.916971  0.032336  0.034036  0.024743  0.114949  0.321209  -0.435102  1.000000  
189.397610 -0.037741  -0.030345  -0.014203  0.892520  0.336545  -0.300242  -0.416537  0.870357  -0.262632  0.172931  0.359466  0.916995  0.032627  0.033903  0.025484  0.124176  0.340671  -0.435412  1.000000  
189.398859 -0.037692  -0.030299  -0.014161  0.892415  0.336400  -0.300717  -0.416488  0.870522  -0.262161  0.173590  0.359201  0.916974  0.032654  0.033675  0.026262  0.124028  0.353290  -0.440205  1.000000  
189.399866 -0.037654  -0.030262  -0.014125  0.892416  0.336120  -0.301026  -0.416265  0.870737  -0.261804  0.174117  0.358945  0.916974  0.032262  0.033283  0.026893  0.122749  0.363356  -0.451286  1.000000  
189.401110 -0.037609  -0.030217  -0.014080  0.892311  0.336012  -0.301460  -0.416216  0.870933  -0.261228  0.174775  0.358569  0.916996  0.032165  0.033213  0.027742  0.122776  0.375537  -0.446116  1.000000  
189.402110 -0.037573  -0.030181  -0.014045  0.892140  0.336090  -0.301877  -0.416360  0.871008  -0.260747  0.175302  0.358312  0.916996  0.032150  0.033311  0.028491  0.124979  0.388951  -0.436731  1.000000  
189.403358 -0.037535  -0.030138  -0.014000  0.892076  0.336070  -0.302088  -0.416330  0.871164  -0.260275  0.175697  0.357953  0.917061  0.032063  0.033445  0.029375  0.131210  0.389906  -0.422382  1.000000  
189.404359 -0.037506  -0.030106  -0.013964  0.891926  0.336193  -0.302393  -0.416484  0.871219  -0.259845  0.176093  0.357705  0.917082  0.032019  0.033444  0.030266  0.133489  0.395163  -0.409883  1.000000  
189.405359 -0.037480  -0.030075  -0.013927  0.891884  0.336179  -0.302534  -0.416464  0.871322  -0.259530  0.176356  0.357465  0.917124  0.031867  0.033385  0.031255  0.135632  0.391675  -0.393673  1.000000  
189.406360 -0.037455  -0.030045  -0.013891  0.891820  0.336123  -0.302786  -0.416434  0.871446  -0.259163  0.176751  0.357217  0.917145  0.031787  0.033399  0.032137  0.140772  0.394292  -0.387357  1.000000  
189.407365 -0.037430  -0.030014  -0.013855  0.891691  0.336326  -0.302939  -0.416597  0.871511  -0.258680  0.177015  0.356866  0.917231  0.031823  0.033687  0.033198  0.153523  0.396744  -0.368110  1.000000  
189.408613 -0.037397  -0.029974  -0.013809  0.891626  0.336343  -0.303110  -0.416567  0.871697  -0.258101  0.177410  0.356395  0.917338  0.031715  0.033941  0.034080  0.170663  0.398443  -0.352318  1.000000  
189.409619 -0.037369  -0.029940  -0.013772  0.891562  0.336324  -0.303321  -0.416537  0.871851  -0.257628  0.177805  0.356035  0.917401  0.031795  0.034187  0.034957  0.186561  0.398397  -0.339154  1.000000  
189.410865 -0.037330  -0.029895  -0.013722  0.891497  0.336379  -0.303451  -0.416507  0.872068  -0.256943  0.178200  0.355453  0.917550  0.031643  0.034222  0.035881  0.210393  0.397563  -0.316678  1.000000  
189.412113 -0.037289  -0.029850  -0.013671  0.891432  0.336433  -0.303580  -0.416476  0.872284  -0.256258  0.178595  0.354871  0.917699  0.031304  0.034154  0.036692  0.230179  0.392579  -0.292570  1.000000  
189.413114 -0.037257  -0.029815  -0.013626  0.891346  0.336446  -0.303821  -0.416436  0.872519  -0.255521  0.179121  0.354280  0.917824  0.030823  0.034029  0.037371  0.248786  0.393452  -0.278075  1.000000  
189.414361 -0.037219  -0.029771  -0.013570  0.891344  0.336316  -0.303969  -0.416212  0.872855  -0.254741  0.179648  0.353577  0.917992  0.030124  0.033941  0.038242  0.270311  0.387708  -0.268301  1.000000  
189.415609 -0.037184  -0.029727  -0.013511  0.891213  0.336280  -0.304392  -0.416151  0.873160  -0.253793  0.180437  0.352857  0.918115  0.029513  0.033848  0.039138  0.290159  0.395294  -0.249068  1.000000  
189.416609 -0.037157  -0.029692  -0.013465  0.891211  0.336114  -0.304581  -0.415926  0.873462  -0.253119  0.180964  0.352266  0.918238  0.028782  0.033735  0.039940  0.307624  0.397856  -0.242565  1.000000  
189.417859 -0.037127  -0.029648  -0.013407  0.891187  0.335906  -0.304882  -0.415691  0.873784  -0.252392  0.181622  0.351665  0.918338  0.028173  0.033733  0.040814  0.318358  0.397122  -0.234086  1.000000  
189.419109 -0.037101  -0.029607  -0.013346  0.891226  0.335475  -0.305243  -0.415263  0.874195  -0.251676  0.182411  0.351056  0.918415  0.027527  0.033739  0.041824  0.329100  0.400544  -0.235829  1.000000  
189.420359 -0.037079  -0.029568  -0.013284  0.891178  0.335225  -0.305656  -0.415017  0.874535  -0.250897  0.183200  0.350447  0.918491  0.026772  0.033806  0.042899  0.343731  0.403947  -0.229054  1.000000  
189.421359 -0.037062  -0.029536  -0.013232  0.891089  0.335241  -0.305899  -0.414976  0.874766  -0.250159  0.183726  0.349855  0.918611  0.026146  0.033906  0.043991  0.357110  0.406566  -0.222621  1.000000  
189.422609 -0.037041  -0.029496  -0.013167  0.891103  0.334806  -0.306332  -0.414536  0.875224  -0.249285  0.184647  0.349125  0.918704  0.025536  0.034059  0.045269  0.377260  0.414960  -0.225644  1.000000  
189.423611 -0.037021  -0.029461  -0.013114  0.891077  0.334638  -0.306595  -0.414301  0.875572  -0.248452  0.185304  0.348412  0.918842  0.025079  0.034161  0.046313  0.393356  0.423344  -0.228624  1.000000  
189.424621 -0.036999  -0.029426  -0.013062  0.891134  0.334289  -0.306807  -0.413881  0.875989  -0.247682  0.185962  0.347699  0.918980  0.024552  0.034242  0.047440  0.411559  0.428619  -0.238224  1.000000  
189.425868 -0.036970  -0.029381  -0.012996  0.891124  0.333926  -0.307232  -0.413430  0.876552  -0.246438  0.187013  0.346625  0.919172  0.023792  0.034226  0.048570  0.434734  0.443154  -0.250722  1.000000  
189.427116 -0.036942  -0.029337  -0.012930  0.891089  0.333560  -0.307731  -0.412968  0.877163  -0.245035  0.188196  0.345431  0.919380  0.022934  0.034125  0.049513  0.464753  0.459424  -0.271137  1.000000  
189.428365 -0.036914  -0.029294  -0.012862  0.891076  0.333238  -0.308119  -0.412517  0.877752  -0.243684  0.189247  0.344245  0.919609  0.022117  0.034095  0.050285  0.490716  0.467389  -0.288303  1.000000  
189.429609 -0.036890  -0.029251  -0.012795  0.891038  0.332875  -0.308620  -0.412054  0.878358  -0.242280  0.190430  0.343049  0.919812  0.021301  0.034005  0.050994  0.517735  0.482228  -0.299873  1.000000  
189.430609 -0.036872  -0.029218  -0.012741  0.891045  0.332559  -0.308939  -0.411612  0.878893  -0.241087  0.191349  0.341982  0.920018  0.020766  0.033907  0.051364  0.543447  0.490127  -0.316914  1.000000  
189.431609 -0.036857  -0.029186  -0.012687  0.891051  0.332244  -0.309260  -0.411170  0.879426  -0.239893  0.192268  0.340915  0.920223  0.020007  0.033746  0.051833  0.572634  0.495607  -0.341499  1.000000  
189.432859 -0.036839  -0.029145  -0.012620  0.891094  0.331704  -0.309716  -0.410522  0.880093  -0.238553  0.193450  0.339719  0.920418  0.019163  0.033534  0.052459  0.597218  0.509666  -0.368146  1.000000  
189.433859 -0.036827  -0.029114  -0.012565  0.890990  0.331531  -0.310200  -0.410252  0.880573  -0.237244  0.194500  0.338642  0.920593  0.018521  0.033469  0.052951  0.619197  0.528333  -0.380534  1.000000  
189.435109 -0.036813  -0.029074  -0.012494  0.891006  0.330953  -0.310771  -0.409592  0.881254  -0.235852  0.195812  0.337435  0.920758  0.018015  0.033499  0.053535  0.647597  0.552879  -0.419833  1.000000  
189.436114 -0.036800  -0.029041  -0.012437  0.890923  0.330786  -0.311185  -0.409332  0.881682  -0.234701  0.196730  0.336478  0.920912  0.017785  0.033574  0.053863  0.665118  0.567067  -0.430202  1.000000  
189.437359 -0.036781  -0.028998  -0.012365  0.890960  0.330252  -0.311647  -0.408683  0.882339  -0.233360  0.197911  0.335280  0.921096  0.017592  0.033770  0.054426  0.688193  0.583032  -0.464448  1.000000  
189.438609 -0.036758  -0.028952  -0.012291  0.890887  0.329935  -0.312192  -0.408205  0.882999  -0.231690  0.199222  0.333848  0.921334  0.017508  0.033984  0.054938  0.717696  0.607942  -0.487403  1.000000  
189.439610 -0.036737  -0.028913  -0.012232  0.890836  0.329548  -0.312745  -0.407738  0.883555  -0.230393  0.200402  0.332761  0.921471  0.017450  0.034233  0.055363  0.739294  0.628756  -0.509026  1.000000  
189.440631 -0.036714  -0.028874  -0.012174  0.890724  0.329384  -0.313235  -0.407465  0.884021  -0.229082  0.201451  0.331682  0.921632  0.017346  0.034369  0.055703  0.759671  0.652630  -0.526526  1.000000  
189.441864 -0.036687  -0.028826  -0.012100  0.890597  0.329031  -0.313968  -0.406964  0.884737  -0.227201  0.203023  0.330118  0.921848  0.017314  0.034669  0.056282  0.789755  0.686742  -0.552884  1.000000  
189.443115 -0.036658  -0.028778  -0.012026  0.890575  0.328539  -0.314544  -0.406289  0.885499  -0.225436  0.204464  0.328564  0.922085  0.017450  0.034908  0.056644  0.813906  0.705522  -0.580455  1.000000  
189.444363 -0.036632  -0.028731  -0.011955  0.890467  0.328270  -0.315129  -0.405797  0.886215  -0.223498  0.205905  0.326896  0.922357  0.017492  0.035260  0.056904  0.844835  0.733381  -0.596797  1.000000  
189.445609 -0.036607  -0.028684  -0.011885  0.890441  0.327822  -0.315670  -0.405121  0.886995  -0.221625  0.207345  0.325229  0.922624  0.017672  0.035626  0.057075  0.873219  0.748320  -0.622831  1.000000  
189.446611 -0.036588  -0.028648  -0.011830  0.890322  0.327783  -0.316047  -0.404846  0.887527  -0.219989  0.208392  0.323812  0.922886  0.017927  0.035910  0.057245  0.901401  0.765791  -0.628147  1.000000  
189.447865 -0.036567  -0.028603  -0.011761  0.890234  0.327599  -0.316485  -0.404363  0.888239  -0.217993  0.209700  0.322040  0.923210  0.018229  0.036207  0.057263  0.941769  0.783434  -0.633303  1.000000  
189.449112 -0.036545  -0.028558  -0.011692  0.890144  0.327418  -0.316925  -0.403880  0.888947  -0.215996  0.211008  0.320267  0.923528  0.018661  0.036481  0.057309  0.980854  0.803042  -0.646375  1.000000  
189.450358 -0.036520  -0.028512  -0.011623  0.890135  0.327057  -0.317322  -0.403214  0.889716  -0.214064  0.212316  0.318494  0.923842  0.019429  0.036971  0.057168  1.014293  0.813638  -0.660392  1.000000  
189.451359 -0.036497  -0.028473  -0.011568  0.889985  0.326987  -0.317816  -0.402925  0.890252  -0.212375  0.213492  0.317066  0.924062  0.020033  0.037387  0.056989  1.040921  0.833016  -0.673407  1.000000  
189.452359 -0.036472  -0.028431  -0.011511  0.889916  0.326736  -0.318267  -0.402452  0.890852  -0.210751  0.214669  0.315637  0.924278  0.020642  0.037757  0.056873  1.073747  0.849244  -0.681127  1.000000  
189.453609 -0.036438  -0.028378  -0.011440  0.889875  0.326382  -0.318743  -0.401772  0.891651  -0.208657  0.216106  0.313741  0.924589  0.021353  0.038213  0.056706  1.102188  0.863810  -0.696018  1.000000  
189.454609 -0.036409  -0.028336  -0.011381  0.889829  0.326212  -0.319045  -0.401310  0.892251  -0.206975  0.217151  0.312209  0.924863  0.021899  0.038419  0.056720  1.130527  0.877510  -0.699690  1.000000  
189.455874 -0.036371  -0.028283  -0.011307  0.889702  0.326047  -0.319569  -0.400812  0.892973  -0.204815  0.218587  0.310311  0.925163  0.022487  0.038785  0.056682  1.163506  0.892172  -0.702286  1.000000  
189.457109 -0.036333  -0.028228  -0.011233  0.889682  0.325777  -0.319900  -0.400142  0.893764  -0.202662  0.219893  0.308310  0.925523  0.023216  0.039203  0.056845  1.184604  0.894194  -0.708909  1.000000  
189.458114 -0.036302  -0.028185  -0.011173  0.889604  0.325615  -0.320280  -0.399667  0.894393  -0.200818  0.221067  0.306654  0.925793  0.023753  0.039563  0.056885  1.208259  0.907612  -0.711958  1.000000  
189.459362 -0.036267  -0.028132  -0.011098  0.889553  0.325312  -0.320729  -0.398984  0.895190  -0.198613  0.222502  0.304643  0.926113  0.024335  0.039924  0.057113  1.236633  0.914160  -0.722504  1.000000  
189.460365 -0.036240  -0.028091  -0.011041  0.889499  0.325192  -0.321000  -0.398520  0.895792  -0.196819  0.223546  0.302995  0.926402  0.024872  0.040196  0.057233  1.256523  0.919361  -0.722573  1.000000  
189.461367 -0.036214  -0.028050  -0.010982  0.889444  0.325112  -0.321233  -0.398056  0.896415  -0.194915  0.224589  0.301235  0.926724  0.025345  0.040519  0.057458  1.280537  0.924644  -0.722602  1.000000  
189.462609 -0.036183  -0.028001  -0.010910  0.889497  0.324708  -0.321496  -0.397200  0.897270  -0.192716  0.225893  0.299119  0.927093  0.025859  0.040739  0.057686  1.311549  0.928185  -0.728987  1.000000  
189.463609 -0.036158  -0.027962  -0.010851  0.889439  0.324593  -0.321772  -0.396735  0.897859  -0.190919  0.226935  0.297470  0.927368  0.026542  0.041085  0.057896  1.330057  0.927027  -0.734003  1.000000  
189.464861 -0.036125  -0.027911  -0.010780  0.889406  0.324418  -0.322041  -0.396062  0.898658  -0.188543  0.228238  0.295239  0.927761  0.027093  0.041328  0.058064  1.366117  0.928284  -0.732210  1.000000  
189.465873 -0.036097  -0.027872  -0.010724  0.889426  0.324200  -0.322203  -0.395413  0.899351  -0.186593  0.229280  0.293364  0.928099  0.027506  0.041374  0.058055  1.395061  0.929061  -0.744857  1.000000  
189.467109 -0.036059  -0.027819  -0.010652  0.889389  0.324069  -0.322438  -0.394739  0.900159  -0.184105  0.230582  0.291020  0.928515  0.027966  0.041502  0.058264  1.430553  0.929281  -0.746497  1.000000  
189.468111 -0.036028  -0.027778  -0.010593  0.889378  0.323859  -0.322679  -0.394077  0.900878  -0.181994  0.231754  0.289022  0.928847  0.028245  0.041430  0.058384  1.464825  0.936102  -0.757365  1.000000  
189.469359 -0.035990  -0.027726  -0.010520  0.889390  0.323591  -0.322917  -0.393206  0.901798  -0.179302  0.233185  0.286442  0.929288  0.028466  0.041382  0.058459  1.497733  0.938304  -0.766153  1.000000  
189.470359 -0.035958  -0.027686  -0.010459  0.889346  0.323351  -0.323277  -0.392530  0.902520  -0.177138  0.234486  0.284433  0.929577  0.028544  0.041212  0.058534  1.528385  0.941885  -0.772502  1.000000  
189.471359 -0.035928  -0.027646  -0.010399  0.889410  0.323001  -0.323451  -0.391684  0.903308  -0.174982  0.235656  0.282321  0.929925  0.028492  0.040964  0.058593  1.557166  0.939003  -0.783492  1.000000  
189.472609 -0.035892  -0.027596  -0.010322  0.889304  0.322933  -0.323810  -0.390981  0.904173  -0.172059  0.237217  0.279616  0.930346  0.028392  0.040695  0.058723  1.595221  0.942808  -0.788962  1.000000  
189.473611 -0.035864  -0.027558  -0.010262  0.889283  0.322735  -0.324064  -0.390317  0.904860  -0.169943  0.238386  0.277615  0.930646  0.028293  0.040416  0.058683  1.617272  0.937809  -0.792162  1.000000  
189.474863 -0.035830  -0.027510  -0.010187  0.889311  0.322476  -0.324244  -0.389456  0.905704  -0.167404  0.239685  0.275153  0.931043  0.028211  0.040098  0.058856  1.641921  0.931198  -0.801412  1.000000  
189.475864 -0.035805  -0.027473  -0.010126  0.889287  0.322283  -0.324504  -0.388791  0.906378  -0.165286  0.240854  0.273151  0.931331  0.028144  0.039817  0.059044  1.665398  0.934016  -0.811097  1.000000  
189.477114 -0.035774  -0.027428  -0.010048  0.889281  0.322076  -0.324727  -0.387917  0.907261  -0.162475  0.242283  0.270453  0.931748  0.028143  0.039487  0.059356  1.694329  0.936183  -0.823071  1.000000  
189.478361 -0.035743  -0.027382  -0.009973  0.889242  0.321799  -0.325107  -0.387028  0.908129  -0.159723  0.243840  0.267858  0.932091  0.028121  0.039295  0.059578  1.720548  0.944614  -0.829949  1.000000  
189.479607 -0.035711  -0.027337  -0.009897  0.889280  0.321379  -0.325419  -0.385956  0.909072  -0.156926  0.245397  0.265149  0.932457  0.028089  0.039040  0.059841  1.743970  0.947659  -0.851867  1.000000  
189.480607 -0.035683  -0.027300  -0.009836  0.889216  0.321283  -0.325688  -0.385276  0.909789  -0.154424  0.246694  0.262797  0.932781  0.028060  0.038775  0.060106  1.778253  0.953200  -0.855481  1.000000  
189.481857 -0.035647  -0.027255  -0.009760  0.889247  0.320870  -0.326010  -0.384203  0.910713  -0.151626  0.248249  0.260087  0.933128  0.028010  0.038392  0.060442  1.800946  0.952048  -0.875724  1.000000  
189.483107 -0.035610  -0.027209  -0.009684  0.889244  0.320508  -0.326373  -0.383116  0.911676  -0.148555  0.249934  0.257141  0.933494  0.027913  0.037980  0.060678  1.833158  0.963088  -0.889800  1.000000  
189.484107 -0.035581  -0.027173  -0.009624  0.889251  0.320195  -0.326661  -0.382251  0.912415  -0.146228  0.251229  0.254900  0.933761  0.027746  0.037568  0.060681  1.857535  0.965185  -0.901899  1.000000  
189.485107 -0.035551  -0.027138  -0.009565  0.889256  0.319963  -0.326875  -0.381386  0.913182  -0.143679  0.252524  0.252433  0.934082  0.027672  0.037185  0.060631  1.885852  0.967465  -0.913776  1.000000  
189.486357 -0.035517  -0.027095  -0.009492  0.889321  0.319505  -0.327146  -0.380114  0.914214  -0.140451  0.254207  0.249259  0.934478  0.027448  0.036747  0.060444  1.919128  0.975246  -0.940511  1.000000  
189.487607 -0.035483  -0.027053  -0.009421  0.889350  0.319020  -0.327539  -0.378828  0.915245  -0.137173  0.256018  0.246076  0.934827  0.027235  0.036227  0.060135  1.953819  0.989313  -0.962019  1.000000  
189.488607 -0.035457  -0.027021  -0.009363  0.889346  0.318799  -0.327766  -0.377961  0.915982  -0.134620  0.257311  0.243607  0.935119  0.027096  0.035822  0.059950  1.977887  0.991852  -0.973713  1.000000  
189.489608 -0.035432  -0.026989  -0.009307  0.889385  0.318403  -0.328046  -0.376897  0.916805  -0.131975  0.258733  0.241016  0.935398  0.026978  0.035382  0.059653  2.004528  0.997052  -0.993098  1.000000  
189.490610 -0.035407  -0.026957  -0.009249  0.889407  0.318217  -0.328165  -0.376043  0.917512  -0.129470  0.259896  0.238555  0.935706  0.026952  0.035038  0.059375  2.029952  1.001417  -0.998219  1.000000  
189.491613 -0.035383  -0.026926  -0.009192  0.889473  0.317776  -0.328415  -0.374992  0.918274  -0.127094  0.261188  0.236199  0.935944  0.026934  0.034665  0.059198  2.044253  1.006592  -1.017520  1.000000  
189.492866 -0.035349  -0.026885  -0.009119  0.889515  0.317301  -0.328759  -0.373717  0.919221  -0.123971  0.262866  0.233136  0.936242  0.027079  0.034319  0.058859  2.077329  1.018741  -1.037073  1.000000  
189.494115 -0.035315  -0.026843  -0.009047  0.889586  0.316860  -0.328994  -0.372454  0.920143  -0.120895  0.264415  0.230082  0.936561  0.027233  0.034061  0.058618  2.099267  1.024629  -1.055635  1.000000  
189.495362 -0.035277  -0.026800  -0.008973  0.889510  0.316595  -0.329453  -0.371347  0.921024  -0.117542  0.266221  0.226896  0.936827  0.027503  0.033860  0.058452  2.127337  1.041418  -1.070282  1.000000  
189.496610 -0.035239  -0.026758  -0.008900  0.889506  0.316187  -0.329856  -0.370056  0.921971  -0.114144  0.268026  0.223597  0.937105  0.027679  0.033668  0.058251  2.154060  1.056855  -1.091377  1.000000  
189.497871 -0.035200  -0.026715  -0.008828  0.889497  0.315785  -0.330265  -0.368764  0.922902  -0.110746  0.269830  0.220298  0.937369  0.027781  0.033446  0.057974  2.176766  1.069155  -1.103858  1.000000  
189.499109 -0.035159  -0.026672  -0.008757  0.889483  0.315388  -0.330681  -0.367471  0.923819  -0.107346  0.271634  0.216999  0.937618  0.028080  0.033355  0.057773  2.197500  1.080056  -1.116927  1.000000  
189.500111 -0.035128  -0.026638  -0.008702  0.889524  0.315053  -0.330891  -0.366416  0.924537  -0.104742  0.272921  0.214415  0.937838  0.028277  0.033284  0.057500  2.212859  1.081710  -1.127164  1.000000  
189.501359 -0.035088  -0.026597  -0.008633  0.889502  0.314706  -0.331281  -0.365123  0.925439  -0.101229  0.274723  0.211002  0.938086  0.028542  0.033215  0.057216  2.234317  1.094233  -1.133021  1.000000  
189.502359 -0.035058  -0.026565  -0.008579  0.889502  0.314393  -0.331578  -0.364053  0.926159  -0.098464  0.276137  0.208296  0.938275  0.028786  0.033063  0.057058  2.248226  1.098941  -1.150920  1.000000  
189.503609 -0.035022  -0.026526  -0.008512  0.889579  0.313932  -0.331806  -0.362589  0.927099  -0.094953  0.277809  0.204778  0.938557  0.029043  0.032983  0.056757  2.273878  1.103847  -1.168135  1.000000  
189.504609 -0.034994  -0.026496  -0.008458  0.889607  0.313691  -0.331960  -0.361533  0.927797  -0.092121  0.279094  0.201966  0.938784  0.029265  0.032870  0.056544  2.297494  1.112143  -1.180134  1.000000  
189.505878 -0.034959  -0.026457  -0.008391  0.889710  0.313223  -0.332124  -0.360082  0.928688  -0.088768  0.280635  0.198570  0.939049  0.029580  0.032808  0.056199  2.322423  1.117188  -1.196996  1.000000  
189.507109 -0.034921  -0.026417  -0.008323  0.889844  0.312865  -0.332103  -0.358645  0.929575  -0.085235  0.282048  0.194953  0.939384  0.029899  0.032833  0.055952  2.349046  1.114622  -1.212221  1.000000  
189.508118 -0.034889  -0.026385  -0.008270  0.889971  0.312467  -0.332139  -0.357418  0.930292  -0.082516  0.283203  0.192149  0.939614  0.030261  0.032798  0.055594  2.371119  1.110768  -1.228218  1.000000  
189.509364 -0.034847  -0.026343  -0.008202  0.890026  0.312067  -0.332366  -0.355952  0.931169  -0.078887  0.284870  0.188518  0.939846  0.030718  0.032727  0.055230  2.398486  1.116114  -1.238190  1.000000  
189.510365 -0.034811  -0.026309  -0.008148  0.890182  0.311739  -0.332259  -0.354739  0.931863  -0.076100  0.285896  0.185608  0.940113  0.031081  0.032684  0.054982  2.412127  1.106125  -1.252169  1.000000  
189.511365 -0.034776  -0.026275  -0.008092  0.890298  0.311389  -0.332274  -0.353512  0.932556  -0.073265  0.287050  0.182690  0.940333  0.031368  0.032735  0.054798  2.431605  1.102075  -1.260806  1.000000  
189.512609 -0.034731  -0.026232  -0.008021  0.890305  0.310939  -0.332676  -0.352030  0.933390  -0.069700  0.288844  0.179166  0.940462  0.031799  0.032765  0.054721  2.451171  1.112289  -1.272038  1.000000  
189.513609 -0.034694  -0.026198  -0.007964  0.890379  0.310614  -0.332782  -0.350789  0.934076  -0.066704  0.290125  0.176128  0.940642  0.032071  0.032745  0.054730  2.474737  1.108549  -1.280689  1.000000  
189.514859 -0.034649  -0.026155  -0.007891  0.890376  0.310215  -0.333161  -0.349306  0.934887  -0.063025  0.291917  0.172492  0.940761  0.032472  0.032811  0.055013  2.489435  1.118835  -1.291267  1.000000  
189.515862 -0.034613  -0.026121  -0.007831  0.890443  0.309898  -0.333280  -0.348063  0.935547  -0.060029  0.293196  0.169454  0.940915  0.032715  0.032839  0.055265  2.502080  1.116684  -1.292952  1.000000  
189.517109 -0.034570  -0.026080  -0.007761  0.890538  0.309338  -0.333544  -0.346411  0.936382  -0.056464  0.294859  0.165826  0.941042  0.033144  0.032920  0.055469  2.515277  1.117109  -1.308250  1.000000  
189.518359 -0.034527  -0.026039  -0.007690  0.890517  0.308764  -0.334133  -0.344715  0.937230  -0.052648  0.296904  0.162065  0.941054  0.033613  0.032991  0.055680  2.529820  1.132298  -1.319545  1.000000  
189.519609 -0.034483  -0.025999  -0.007621  0.890600  0.308298  -0.334342  -0.343062  0.938041  -0.048856  0.298564  0.158211  0.941185  0.034098  0.033115  0.055851  2.548387  1.134356  -1.327805  1.000000  
189.520859 -0.034438  -0.025959  -0.007552  0.890607  0.308071  -0.334531  -0.341592  0.938776  -0.044881  0.300224  0.154244  0.941315  0.034778  0.033277  0.056012  2.575158  1.140218  -1.328651  1.000000  
189.522109 -0.034391  -0.025918  -0.007484  0.890717  0.307716  -0.334565  -0.339952  0.939553  -0.040904  0.301755  0.150170  0.941484  0.035308  0.033301  0.055990  2.607533  1.140949  -1.343097  1.000000  
189.523116 -0.034353  -0.025885  -0.007429  0.890758  0.307506  -0.334649  -0.338708  0.940137  -0.037677  0.303030  0.146909  0.941589  0.035727  0.033301  0.056114  2.635700  1.141742  -1.347343  1.000000  
189.524363 -0.034304  -0.025844  -0.007359  0.890751  0.307336  -0.334824  -0.337237  0.940821  -0.033586  0.304687  0.142831  0.941682  0.036198  0.033290  0.056200  2.664447  1.145636  -1.349012  1.000000  
189.525365 -0.034264  -0.025812  -0.007304  0.890715  0.307369  -0.334889  -0.336175  0.941316  -0.030175  0.305961  0.139458  0.941774  0.036549  0.033144  0.056190  2.688837  1.143953  -1.350359  1.000000  
189.526368 -0.034222  -0.025778  -0.007250  0.890707  0.307154  -0.335107  -0.334916  0.941864  -0.026902  0.307362  0.136194  0.941796  0.036913  0.033099  0.056114  2.709692  1.146904  -1.352933  1.000000  
189.527616 -0.034171  -0.025736  -0.007180  0.890786  0.306677  -0.335336  -0.333063  0.942632  -0.022675  0.309144  0.131886  0.941826  0.037311  0.033009  0.056043  2.739526  1.149220  -1.367953  1.000000  
189.528862 -0.034118  -0.025695  -0.007109  0.890789  0.306361  -0.335616  -0.331393  0.943312  -0.018493  0.310925  0.127694  0.941817  0.037876  0.032980  0.056120  2.765051  1.151867  -1.375422  1.000000  
189.529868 -0.034078  -0.025663  -0.007051  0.890767  0.306203  -0.335818  -0.330133  0.943814  -0.015106  0.312324  0.124320  0.941806  0.038094  0.032704  0.055899  2.789669  1.159348  -1.378552  1.000000  
189.531109 -0.034027  -0.025625  -0.006977  0.890799  0.305997  -0.335922  -0.328477  0.944451  -0.010739  0.313976  0.119909  0.941829  0.038545  0.032542  0.056037  2.819846  1.160505  -1.383538  1.000000  
189.532109 -0.033986  -0.025593  -0.006920  0.890769  0.305849  -0.336135  -0.327216  0.944921  -0.007353  0.315373  0.116539  0.941785  0.038900  0.032464  0.056049  2.841557  1.161946  -1.388129  1.000000  
189.533359 -0.033933  -0.025553  -0.006849  0.890790  0.305655  -0.336256  -0.325560  0.945517  -0.002986  0.317023  0.112131  0.941766  0.039566  0.032462  0.056069  2.870060  1.166671  -1.389223  1.000000  
189.534359 -0.033891  -0.025520  -0.006793  0.890859  0.305418  -0.336289  -0.324131  0.946012  0.000517  0.318291  0.108541  0.941759  0.040109  0.032520  0.056135  2.892878  1.169232  -1.397882  1.000000  
189.535609 -0.033836  -0.025479  -0.006722  0.890896  0.304987  -0.336582  -0.322276  0.946634  0.004743  0.320067  0.104247  0.941642  0.040761  0.032550  0.056262  2.921193  1.182498  -1.407960  1.000000  
189.536611 -0.033792  -0.025446  -0.006665  0.890956  0.304677  -0.336704  -0.320847  0.947097  0.008016  0.321334  0.100889  0.941576  0.041228  0.032548  0.056403  2.932030  1.194255  -1.410627  1.000000  
189.537859 -0.033735  -0.025405  -0.006594  0.891021  0.304313  -0.336861  -0.319006  0.947673  0.012312  0.322981  0.096490  0.941474  0.041853  0.032568  0.056604  2.957001  1.200272  -1.415715  1.000000  
189.538859 -0.033689  -0.025373  -0.006537  0.891031  0.304123  -0.337005  -0.317562  0.948103  0.015972  0.324373  0.092789  0.941367  0.042347  0.032512  0.056745  2.983201  1.207529  -1.424581  1.000000  
189.539862 -0.033641  -0.025341  -0.006480  0.891013  0.304105  -0.337070  -0.316316  0.948453  0.019543  0.325638  0.089207  0.941277  0.042910  0.032421  0.056801  3.001551  1.216817  -1.420414  1.000000  
189.540864 -0.033593  -0.025310  -0.006425  0.891080  0.303689  -0.337268  -0.314688  0.948916  0.023018  0.327030  0.085624  0.941127  0.043363  0.032302  0.056862  3.023696  1.232872  -1.430520  1.000000  
189.542113 -0.033531  -0.025271  -0.006357  0.891123  0.303512  -0.337313  -0.312847  0.949397  0.027772  0.328673  0.080779  0.940983  0.044087  0.032084  0.056759  3.066719  1.236732  -1.433783  1.000000  
189.543115 -0.033482  -0.025241  -0.006303  0.891116  0.303425  -0.337411  -0.311403  0.949750  0.031660  0.330063  0.076858  0.940825  0.044615  0.031933  0.056569  3.099495  1.241098  -1.435326  1.000000  
189.544365 -0.033422  -0.025205  -0.006237  0.891105  0.303171  -0.337666  -0.309548  0.950194  0.036223  0.331830  0.072245  0.940569  0.045194  0.031659  0.056106  3.125065  1.250040  -1.442587  1.000000  
189.545610 -0.033360  -0.025168  -0.006171  0.891130  0.302975  -0.337776  -0.307708  0.950603  0.040859  0.333471  0.067525  0.940339  0.045896  0.031480  0.055629  3.156081  1.255226  -1.449779  1.000000  
189.546615 -0.033311  -0.025139  -0.006120  0.891108  0.302866  -0.337934  -0.306263  0.950900  0.044629  0.334858  0.063728  0.940111  0.046396  0.031327  0.055217  3.184031  1.263798  -1.451534  1.000000  
189.547861 -0.033250  -0.025103  -0.006056  0.891059  0.302879  -0.338051  -0.304606  0.951200  0.049332  0.336496  0.059015  0.939834  0.046942  0.031044  0.054785  3.222507  1.256912  -1.443704  1.000000  
189.549109 -0.033189  -0.025066  -0.005992  0.891004  0.302901  -0.338177  -0.302949  0.951474  0.054034  0.338134  0.054306  0.939530  0.047630  0.030722  0.054274  3.252365  1.260595  -1.433553  1.000000  
189.550359 -0.033126  -0.025030  -0.005927  0.890924  0.303091  -0.338217  -0.301491  0.951664  0.058648  0.339644  0.049718  0.939239  0.048175  0.030426  0.053902  3.277635  1.266322  -1.424013  1.000000  
189.551609 -0.033062  -0.024993  -0.005861  0.890963  0.302938  -0.338251  -0.299665  0.951946  0.063237  0.341154  0.045021  0.938929  0.048705  0.030187  0.053607  3.295599  1.267158  -1.430066  1.000000  
189.552859 -0.032997  -0.024957  -0.005794  0.890978  0.302992  -0.338163  -0.298038  0.952139  0.067854  0.342537  0.040329  0.938638  0.049261  0.029857  0.053220  3.314665  1.265828  -1.425755  1.000000  
189.554109 -0.032932  -0.024921  -0.005729  0.890884  0.303285  -0.338149  -0.296579  0.952237  0.072694  0.344045  0.035526  0.938281  0.049668  0.029537  0.052885  3.341132  1.272641  -1.419235  1.000000  
189.555359 -0.032865  -0.024887  -0.005666  0.890801  0.303303  -0.338349  -0.294923  0.952391  0.077272  0.345678  0.030953  0.937843  0.050127  0.029276  0.052426  3.352961  1.278713  -1.419115  1.000000  
