1-Time 2-Px 3-Py 4-Pz 5-R11 6-R21 7-R31 8-R12 9-R22 10-R32 11-R13 12-R23 13-R33 14-Vx 15-Vy 16-Vz 17-Wx 18-Wy 19-Wz 20-state
84.685850 -0.003561  -0.004412  -0.000811  0.534367  0.780754  0.323844  -0.803760  0.587927  -0.091166  -0.261575  -0.211576  0.941708  -0.001037  -0.001163  0.000480  0.000000  0.000000  0.000000  1.000000  
84.687039 -0.003560  -0.004412  -0.000813  0.534386  0.780770  0.323774  -0.803789  0.587903  -0.091062  -0.261446  -0.211584  0.941742  0.000472  -0.000492  -0.001491  0.000000  0.000000  0.000000  1.000000  
84.688043 -0.003558  -0.004409  -0.000814  0.534221  0.780891  0.323755  -0.803899  0.587743  -0.091128  -0.261446  -0.211584  0.941742  0.001473  0.001270  -0.001157  0.000000  0.000000  0.000000  1.000000  
84.689289 -0.003555  -0.004406  -0.000815  0.534221  0.780891  0.323755  -0.803899  0.587743  -0.091128  -0.261446  -0.211584  0.941742  0.001960  0.001687  -0.001088  0.000000  0.000000  0.000000  1.000000  
84.690308 -0.003553  -0.004405  -0.000816  0.534221  0.780891  0.323755  -0.803899  0.587743  -0.091128  -0.261446  -0.211584  0.941742  0.001837  0.001581  -0.001099  0.000000  0.000000  0.000000  1.000000  
84.691543 -0.003552  -0.004403  -0.000817  0.534221  0.780891  0.323755  -0.803899  0.587743  -0.091128  -0.261446  -0.211584  0.941742  0.001650  0.001502  -0.000928  0.000000  0.000000  0.000000  1.000000  
84.692787 -0.003549  -0.004402  -0.000817  0.534221  0.780891  0.323755  -0.803899  0.587743  -0.091128  -0.261446  -0.211584  0.941742  0.001773  0.001457  -0.000823  0.000000  0.000000  0.000000  1.000000  
84.693791 -0.003547  -0.004400  -0.000818  0.534221  0.780891  0.323755  -0.803899  0.587743  -0.091128  -0.261446  -0.211584  0.941742  0.001858  0.001540  -0.000870  0.000000  0.000000  0.000000  1.000000  
84.695043 -0.003545  -0.004398  -0.000819  0.534221  0.780891  0.323755  -0.803899  0.587743  -0.091128  -0.261446  -0.211584  0.941742  0.001764  0.001467  -0.000877  0.000000  0.000000  0.000000  1.000000  
84.696044 -0.003545  -0.004398  -0.000820  0.534221  0.780891  0.323755  -0.803899  0.587743  -0.091128  -0.261446  -0.211584  0.941742  0.001614  0.001388  -0.000828  0.000000  0.000000  0.000000  1.000000  
84.697057 -0.003543  -0.004396  -0.000821  0.534221  0.780891  0.323755  -0.803899  0.587743  -0.091128  -0.261446  -0.211584  0.941742  0.001599  0.001376  -0.000857  0.000000  0.000000  0.000000  1.000000  
84.698066 -0.003542  -0.004395  -0.000821  0.534221  0.780891  0.323755  -0.803899  0.587743  -0.091128  -0.261446  -0.211584  0.941742  0.001568  0.001386  -0.000819  0.000000  0.000000  0.000000  1.000000  
84.699299 -0.003541  -0.004393  -0.000822  0.534221  0.780891  0.323755  -0.803899  0.587743  -0.091128  -0.261446  -0.211584  0.941742  0.001535  0.001423  -0.000803  0.000000  0.000000  0.000000  1.000000  
84.700302 -0.003539  -0.004391  -0.000822  0.534221  0.780852  0.323850  -0.803899  0.587754  -0.091057  -0.261446  -0.211698  0.941716  0.001563  0.001440  -0.000751  0.000000  0.000000  0.000000  1.000000  
84.701543 -0.003536  -0.004387  -0.000823  0.534221  0.780852  0.323850  -0.803899  0.587754  -0.091057  -0.261446  -0.211698  0.941716  0.001681  0.001660  -0.000758  0.000000  0.000000  0.000000  1.000000  
84.702545 -0.003533  -0.004383  -0.000823  0.534221  0.780852  0.323850  -0.803899  0.587754  -0.091057  -0.261446  -0.211698  0.941716  0.001780  0.001805  -0.000661  0.000000  0.000000  0.000000  1.000000  
84.703793 -0.003529  -0.004378  -0.000824  0.534221  0.780852  0.323850  -0.803899  0.587754  -0.091057  -0.261446  -0.211698  0.941716  0.001785  0.001932  -0.000613  0.000000  0.000000  0.000000  1.000000  
84.704795 -0.003527  -0.004376  -0.000824  0.534221  0.780852  0.323850  -0.803899  0.587754  -0.091057  -0.261446  -0.211698  0.941716  0.001807  0.001974  -0.000556  0.000000  0.000000  0.000000  1.000000  
84.706038 -0.003526  -0.004373  -0.000824  0.534221  0.780852  0.323850  -0.803899  0.587754  -0.091057  -0.261446  -0.211698  0.941716  0.001762  0.002086  -0.000531  0.000000  0.000000  0.000000  1.000000  
84.707041 -0.003524  -0.004370  -0.000824  0.534221  0.780852  0.323850  -0.803899  0.587754  -0.091057  -0.261446  -0.211698  0.941716  0.001748  0.002164  -0.000458  0.000000  0.000000  0.000000  1.000000  
84.708288 -0.003523  -0.004366  -0.000825  0.534386  0.780731  0.323869  -0.803789  0.587914  -0.090990  -0.261446  -0.211698  0.941716  0.001675  0.002252  -0.000507  0.000000  0.000000  0.000000  1.000000  
84.709541 -0.003522  -0.004364  -0.000825  0.534386  0.780731  0.323869  -0.803789  0.587914  -0.090990  -0.261446  -0.211698  0.941716  0.001559  0.002319  -0.000412  0.000000  0.000000  0.000000  1.000000  
84.710786 -0.003523  -0.004362  -0.000825  0.534386  0.780731  0.323869  -0.803789  0.587914  -0.090990  -0.261446  -0.211698  0.941716  0.001475  0.002352  -0.000356  0.000000  0.000000  0.000000  1.000000  
84.711787 -0.003523  -0.004362  -0.000825  0.534406  0.780746  0.323799  -0.803818  0.587891  -0.090885  -0.261317  -0.211706  0.941751  0.001347  0.002361  -0.000304  0.000000  0.000000  0.000000  1.000000  
84.713037 -0.003523  -0.004358  -0.000825  0.534406  0.780746  0.323799  -0.803818  0.587891  -0.090885  -0.261317  -0.211706  0.941751  0.001289  0.002434  -0.000255  0.000000  0.000000  0.000000  1.000000  
84.714047 -0.003522  -0.004355  -0.000826  0.534406  0.780746  0.323799  -0.803818  0.587891  -0.090885  -0.261317  -0.211706  0.941751  0.001263  0.002524  -0.000258  0.000000  0.000000  0.000000  1.000000  
84.715299 -0.003521  -0.004353  -0.000827  0.534406  0.780746  0.323799  -0.803818  0.587891  -0.090885  -0.261317  -0.211706  0.941751  0.001167  0.002569  -0.000303  0.000000  0.000000  0.000000  1.000000  
84.716310 -0.003521  -0.004350  -0.000827  0.534406  0.780746  0.323799  -0.803818  0.587891  -0.090885  -0.261317  -0.211706  0.941751  0.001038  0.002513  -0.000253  0.000000  0.000000  0.000000  1.000000  
84.717544 -0.003520  -0.004347  -0.000828  0.534590  0.780641  0.323748  -0.803738  0.588028  -0.090714  -0.261188  -0.211714  0.941785  0.000863  0.002399  -0.000294  0.000000  0.000000  0.000000  1.000000  
84.718547 -0.003519  -0.004345  -0.000829  0.534590  0.780641  0.323748  -0.803738  0.588028  -0.090714  -0.261188  -0.211714  0.941785  0.000714  0.002299  -0.000369  0.000000  0.000000  0.000000  1.000000  
84.719794 -0.003518  -0.004342  -0.000830  0.534610  0.780696  0.323583  -0.803767  0.587993  -0.090680  -0.261058  -0.211607  0.941844  0.000608  0.002242  -0.000411  0.000000  0.000000  0.000000  1.000000  
84.720795 -0.003518  -0.004342  -0.000831  0.534610  0.780696  0.323583  -0.803767  0.587993  -0.090680  -0.261058  -0.211607  0.941844  0.000500  0.002086  -0.000488  0.000000  0.000000  0.000000  1.000000  
84.722044 -0.003518  -0.004341  -0.000832  0.534795  0.780591  0.323532  -0.803686  0.588131  -0.090509  -0.260929  -0.211615  0.941879  0.000385  0.001957  -0.000534  0.000000  0.000000  0.000000  1.000000  
84.723046 -0.003519  -0.004340  -0.000833  0.534795  0.780591  0.323532  -0.803686  0.588131  -0.090509  -0.260929  -0.211615  0.941879  0.000251  0.001781  -0.000554  0.000000  0.000000  0.000000  1.000000  
84.724296 -0.003520  -0.004340  -0.000834  0.534814  0.780606  0.323462  -0.803715  0.588107  -0.090404  -0.260800  -0.211622  0.941913  0.000151  0.001635  -0.000650  0.000000  0.000000  0.000000  1.000000  
84.725304 -0.003521  -0.004340  -0.000835  0.534999  0.780540  0.323316  -0.803634  0.588233  -0.090304  -0.260671  -0.211516  0.941972  0.000149  0.001571  -0.000674  0.000000  0.000000  0.000000  1.000000  
84.726541 -0.003521  -0.004339  -0.000835  0.535018  0.780556  0.323247  -0.803663  0.588210  -0.090199  -0.260542  -0.211523  0.942006  0.000147  0.001510  -0.000699  0.000000  0.000000  0.000000  1.000000  
84.727792 -0.003521  -0.004338  -0.000837  0.535203  0.780450  0.323195  -0.803581  0.588347  -0.090027  -0.260413  -0.211531  0.942040  0.000095  0.001374  -0.000771  0.000000  0.000000  0.000000  1.000000  
84.728795 -0.003520  -0.004337  -0.000837  0.535222  0.780505  0.323031  -0.803610  0.588312  -0.089994  -0.260283  -0.211424  0.942100  0.000138  0.001300  -0.000759  0.000000  0.000000  0.000000  1.000000  
84.730044 -0.003520  -0.004335  -0.000838  0.535407  0.780400  0.322979  -0.803529  0.588449  -0.089822  -0.260154  -0.211432  0.942134  0.000071  0.001182  -0.000781  0.000000  0.000000  0.000000  1.000000  
84.731298 -0.003520  -0.004334  -0.000839  0.535611  0.780310  0.322858  -0.803477  0.588563  -0.089546  -0.259896  -0.211447  0.942202  0.000052  0.001075  -0.000780  0.000000  0.000000  0.000000  1.000000  
84.732323 -0.003520  -0.004333  -0.000839  0.535796  0.780205  0.322807  -0.803396  0.588700  -0.089375  -0.259767  -0.211455  0.942236  0.000014  0.000935  -0.000763  0.000000  0.000000  0.000000  1.000000  
84.733540 -0.003520  -0.004333  -0.000840  0.535834  0.780275  0.322572  -0.803453  0.588642  -0.089236  -0.259508  -0.211356  0.942329  -0.000086  0.000776  -0.000699  0.000000  0.000000  0.000000  1.000000  
84.734546 -0.003520  -0.004333  -0.000840  0.536038  0.780185  0.322450  -0.803401  0.588756  -0.088960  -0.259250  -0.211371  0.942397  -0.000126  0.000633  -0.000682  0.000000  0.000000  0.000000  1.000000  
84.735793 -0.003522  -0.004335  -0.000841  0.536242  0.780134  0.322234  -0.803348  0.588859  -0.088755  -0.258991  -0.211272  0.942490  -0.000224  0.000476  -0.000618  0.000000  0.000000  0.000000  1.000000  
84.736794 -0.003523  -0.004336  -0.000841  0.536446  0.780045  0.322112  -0.803295  0.588972  -0.088479  -0.258733  -0.211287  0.942558  -0.000277  0.000339  -0.000541  0.000000  0.000000  0.000000  1.000000  
84.738039 -0.003524  -0.004336  -0.000842  0.536669  0.779970  0.321920  -0.803271  0.589062  -0.088098  -0.258345  -0.211310  0.942659  -0.000326  0.000267  -0.000589  0.000000  0.000000  0.000000  1.000000  
84.739287 -0.003524  -0.004337  -0.000842  0.536892  0.779935  0.321634  -0.803247  0.589142  -0.087789  -0.257957  -0.211218  0.942786  -0.000268  0.000196  -0.000491  0.000000  0.000000  0.000000  1.000000  
84.740288 -0.003525  -0.004337  -0.000842  0.537095  0.779845  0.321511  -0.803194  0.589255  -0.087513  -0.257699  -0.211233  0.942853  -0.000268  0.000196  -0.000491  0.000000  0.000000  0.000000  1.000000  
84.741537 -0.003525  -0.004337  -0.000843  0.537503  0.779705  0.321172  -0.803087  0.589472  -0.087033  -0.257182  -0.211149  0.943013  -0.000223  0.000144  -0.000491  0.000000  0.000000  0.000000  1.000000  
84.742538 -0.003525  -0.004337  -0.000843  0.537706  0.779615  0.321050  -0.803033  0.589585  -0.086757  -0.256923  -0.211164  0.943080  -0.000193  0.000109  -0.000441  0.000000  0.000000  0.000000  1.000000  
84.743541 -0.003525  -0.004337  -0.000843  0.537948  0.779595  0.320692  -0.803037  0.589641  -0.086343  -0.256406  -0.211079  0.943240  -0.000276  0.000008  -0.000414  0.000000  0.000000  0.000000  1.000000  
84.744787 -0.003524  -0.004337  -0.000843  0.538190  0.779537  0.320429  -0.803040  0.589708  -0.085858  -0.255888  -0.211109  0.943374  -0.000311  -0.000083  -0.000363  0.000000  0.000000  0.000000  1.000000  
84.745789 -0.003525  -0.004336  -0.000843  0.538577  0.779380  0.320158  -0.802903  0.589948  -0.085483  -0.255500  -0.211017  0.943499  -0.000345  -0.000112  -0.000288  0.000000  0.000000  0.000000  1.000000  
84.747056 -0.003526  -0.004338  -0.000842  0.538838  0.779376  0.319730  -0.802934  0.589981  -0.084964  -0.254854  -0.210940  0.943692  -0.000471  -0.000310  -0.000212  0.000000  0.000000  0.000000  1.000000  
84.748313 -0.003528  -0.004339  -0.000842  0.539282  0.779227  0.319342  -0.802882  0.590161  -0.084204  -0.254077  -0.210985  0.943891  -0.000522  -0.000385  -0.000110  -0.001548  0.273389  -0.089383  1.000000  
84.749547 -0.003529  -0.004339  -0.000842  0.539708  0.779102  0.318930  -0.802801  0.590355  -0.083620  -0.253430  -0.210907  0.944082  -0.000570  -0.000396  -0.000134  0.001952  0.293988  -0.098591  1.000000  
84.750797 -0.003531  -0.004341  -0.000841  0.539967  0.779097  0.318500  -0.802830  0.590388  -0.083101  -0.252783  -0.210830  0.944273  -0.000606  -0.000427  -0.000058  -0.000401  0.317345  -0.100221  1.000000  
84.752045 -0.003532  -0.004342  -0.000842  0.540227  0.779093  0.318070  -0.802859  0.590421  -0.082583  -0.252136  -0.210752  0.944464  -0.000604  -0.000425  -0.000057  -0.004545  0.334930  -0.096338  1.000000  
84.753295 -0.003533  -0.004343  -0.000841  0.540652  0.778929  0.317751  -0.802776  0.590625  -0.081928  -0.251488  -0.210788  0.944628  -0.000590  -0.000445  0.000043  -0.001067  0.355410  -0.105479  1.000000  
84.754537 -0.003533  -0.004343  -0.000841  0.541113  0.778834  0.317196  -0.802748  0.590772  -0.081135  -0.250582  -0.210725  0.944883  -0.000588  -0.000382  0.000067  0.000613  0.384444  -0.104346  1.000000  
84.755537 -0.003533  -0.004342  -0.000841  0.541372  0.778830  0.316765  -0.802776  0.590806  -0.080618  -0.249934  -0.210647  0.945072  -0.000602  -0.000303  0.000142  -0.001753  0.403348  -0.106981  1.000000  
84.756787 -0.003534  -0.004342  -0.000841  0.541815  0.778720  0.316279  -0.802719  0.590977  -0.079930  -0.249156  -0.210576  0.945293  -0.000650  -0.000313  0.000118  -0.002389  0.427959  -0.115101  1.000000  
84.757787 -0.003534  -0.004342  -0.000840  0.542073  0.778715  0.315847  -0.802745  0.591011  -0.079412  -0.248508  -0.210497  0.945481  -0.000666  -0.000296  0.000168  -0.006515  0.445393  -0.111261  1.000000  
84.758787 -0.003534  -0.004342  -0.000840  0.542313  0.778695  0.315485  -0.802744  0.591068  -0.079000  -0.247990  -0.210411  0.945636  -0.000655  -0.000379  0.000244  -0.004840  0.459928  -0.114902  1.000000  
84.760043 -0.003535  -0.004343  -0.000838  0.542736  0.778568  0.315069  -0.802658  0.591262  -0.078417  -0.247342  -0.210333  0.945824  -0.000642  -0.000461  0.000320  -0.007226  0.478679  -0.117515  1.000000  
84.761287 -0.003536  -0.004345  -0.000837  0.543013  0.778580  0.314565  -0.802710  0.591273  -0.077795  -0.246564  -0.210261  0.946043  -0.000712  -0.000492  0.000366  -0.011390  0.496262  -0.113725  1.000000  
84.762289 -0.003537  -0.004345  -0.000836  0.543435  0.778415  0.314243  -0.802623  0.591477  -0.077142  -0.245916  -0.210297  0.946203  -0.000665  -0.000483  0.000390  -0.009750  0.515536  -0.116431  1.000000  
84.763302 -0.003537  -0.004345  -0.000836  0.543711  0.778426  0.313738  -0.802674  0.591489  -0.076520  -0.245137  -0.210225  0.946421  -0.000601  -0.000427  0.000388  -0.008192  0.538044  -0.119933  1.000000  
84.764303 -0.003538  -0.004346  -0.000835  0.544152  0.778315  0.313249  -0.802613  0.591660  -0.075833  -0.244359  -0.210153  0.946639  -0.000626  -0.000417  0.000444  -0.010653  0.557149  -0.122636  1.000000  
84.765545 -0.003539  -0.004346  -0.000833  0.544592  0.778204  0.312759  -0.802551  0.591832  -0.075147  -0.243580  -0.210080  0.946855  -0.000592  -0.000328  0.000543  -0.009045  0.576267  -0.125382  1.000000  
84.766797 -0.003540  -0.004346  -0.000832  0.545197  0.777971  0.312283  -0.802376  0.592164  -0.074397  -0.242802  -0.210008  0.947071  -0.000513  -0.000291  0.000641  -0.009782  0.596645  -0.134591  1.000000  
84.768049 -0.003540  -0.004347  -0.000831  0.545655  0.777913  0.311626  -0.802339  0.592304  -0.073679  -0.241893  -0.209827  0.947344  -0.000481  -0.000264  0.000715  -0.016375  0.615523  -0.137306  1.000000  
84.769288 -0.003540  -0.004347  -0.000830  0.546131  0.777833  0.310992  -0.802328  0.592429  -0.072784  -0.240854  -0.209768  0.947622  -0.000444  -0.000296  0.000753  -0.016577  0.637654  -0.132586  1.000000  
84.770290 -0.003540  -0.004347  -0.000829  0.546588  0.777738  0.310428  -0.802289  0.592578  -0.071994  -0.239945  -0.209701  0.947867  -0.000469  -0.000347  0.000791  -0.019110  0.656626  -0.135293  1.000000  
84.771537 -0.003541  -0.004347  -0.000828  0.547063  0.777658  0.309791  -0.802276  0.592705  -0.071100  -0.238906  -0.209642  0.948143  -0.000455  -0.000366  0.000892  -0.017453  0.674489  -0.135968  1.000000  
84.772787 -0.003541  -0.004348  -0.000826  0.547720  0.777509  0.309002  -0.802175  0.592959  -0.070109  -0.237736  -0.209474  0.948474  -0.000418  -0.000396  0.000926  -0.018499  0.705000  -0.145505  1.000000  
84.773787 -0.003541  -0.004348  -0.000826  0.548359  0.777307  0.308378  -0.802046  0.593246  -0.069152  -0.236697  -0.209413  0.948747  -0.000465  -0.000406  0.000903  -0.019200  0.728142  -0.151564  1.000000  
84.775037 -0.003542  -0.004350  -0.000826  0.549015  0.777120  0.307681  -0.801942  0.593509  -0.068091  -0.235526  -0.209360  0.949050  -0.000481  -0.000449  0.000781  -0.017971  0.748885  -0.156627  1.000000  
84.776039 -0.003542  -0.004351  -0.000826  0.549487  0.777039  0.307041  -0.801923  0.593636  -0.067198  -0.234486  -0.209299  0.949321  -0.000418  -0.000455  0.000754  -0.020585  0.772290  -0.158404  1.000000  
84.777289 -0.003544  -0.004354  -0.000825  0.550159  0.776905  0.306175  -0.801841  0.593869  -0.066105  -0.233185  -0.209136  0.949677  -0.000493  -0.000582  0.000745  -0.023090  0.793723  -0.158061  1.000000  
84.778537 -0.003544  -0.004354  -0.000824  0.550883  0.776818  0.305092  -0.801835  0.594033  -0.064698  -0.231493  -0.208992  0.950123  -0.000487  -0.000634  0.000709  -0.029922  0.825505  -0.157971  1.000000  
84.779787 -0.003546  -0.004355  -0.000822  0.551571  0.776700  0.304151  -0.801774  0.594244  -0.063502  -0.230061  -0.208834  0.950505  -0.000521  -0.000664  0.000785  -0.031002  0.854465  -0.165417  1.000000  
84.780796 -0.003546  -0.004356  -0.000821  0.552223  0.776512  0.303446  -0.801661  0.594509  -0.062443  -0.228889  -0.208778  0.950800  -0.000464  -0.000618  0.000795  -0.027993  0.879005  -0.173758  1.000000  
84.782043 -0.003547  -0.004356  -0.000820  0.553073  0.776270  0.302514  -0.801482  0.594880  -0.061186  -0.227456  -0.208620  0.951179  -0.000464  -0.000618  0.000795  -0.027484  0.909470  -0.187754  1.000000  
84.783045 -0.003547  -0.004357  -0.000819  0.553741  0.776134  0.301640  -0.801390  0.595116  -0.060096  -0.226153  -0.208454  0.951526  -0.000521  -0.000663  0.000784  -0.034598  0.940459  -0.191230  1.000000  
84.784293 -0.003549  -0.004358  -0.000818  0.554441  0.776030  0.300619  -0.801345  0.595305  -0.058797  -0.224589  -0.208300  0.951930  -0.000595  -0.000731  0.000799  -0.037517  0.963651  -0.193192  1.000000  
84.785545 -0.003550  -0.004359  -0.000817  0.555306  0.775803  0.299609  -0.801184  0.595655  -0.057438  -0.223024  -0.208146  0.952332  -0.000679  -0.000833  0.000827  -0.037158  0.994208  -0.207336  1.000000  
84.786790 -0.003552  -0.004361  -0.000815  0.556351  0.775468  0.298534  -0.800929  0.596143  -0.055913  -0.221328  -0.207998  0.952760  -0.000763  -0.000936  0.000855  -0.036886  1.029429  -0.220597  1.000000  
84.788038 -0.003554  -0.004363  -0.000813  0.557246  0.775272  0.297373  -0.800810  0.596448  -0.054347  -0.219501  -0.207854  0.953213  -0.000911  -0.001032  0.000910  -0.038315  1.067590  -0.226353  1.000000  
84.789290 -0.003556  -0.004365  -0.000811  0.558304  0.774952  0.296219  -0.800572  0.596913  -0.052721  -0.217673  -0.207710  0.953664  -0.000931  -0.001047  0.000972  -0.036521  1.112833  -0.244259  1.000000  
84.790537 -0.003558  -0.004367  -0.000810  0.559196  0.774755  0.295051  -0.800444  0.597220  -0.051157  -0.215844  -0.207565  0.954111  -0.001025  -0.001067  0.001071  -0.036067  1.151542  -0.252570  1.000000  
84.791787 -0.003560  -0.004369  -0.000808  0.560086  0.774593  0.293786  -0.800314  0.597521  -0.049667  -0.214015  -0.207303  0.954580  -0.001103  -0.001044  0.001146  -0.041653  1.189220  -0.258392  1.000000  
84.792787 -0.003563  -0.004371  -0.000807  0.560941  0.774327  0.292853  -0.800132  0.597880  -0.048242  -0.212446  -0.207260  0.954940  -0.001252  -0.001112  0.001194  -0.039483  1.224055  -0.269194  1.000000  
84.794037 -0.003565  -0.004373  -0.000805  0.561844  0.774144  0.291603  -0.800017  0.598166  -0.046577  -0.210485  -0.207118  0.955405  -0.001399  -0.001208  0.001248  -0.040813  1.256193  -0.271855  1.000000  
84.795038 -0.003567  -0.004374  -0.000803  0.562712  0.773929  0.290497  -0.799853  0.598498  -0.045123  -0.208784  -0.206964  0.955811  -0.001416  -0.001192  0.001299  -0.040870  1.290857  -0.285122  1.000000  
84.796039 -0.003569  -0.004375  -0.000801  0.563398  0.773821  0.289454  -0.799778  0.598693  -0.043834  -0.207214  -0.206803  0.956188  -0.001496  -0.001261  0.001359  -0.043995  1.322723  -0.285344  1.000000  
84.797055 -0.003571  -0.004375  -0.000799  0.564264  0.773605  0.288343  -0.799607  0.599026  -0.042382  -0.205512  -0.206646  0.956589  -0.001607  -0.001234  0.001352  -0.046036  1.366773  -0.294449  1.000000  
84.798292 -0.003574  -0.004376  -0.000796  0.565174  0.773437  0.287008  -0.799500  0.599292  -0.040617  -0.203416  -0.206507  0.957067  -0.001760  -0.001278  0.001485  -0.047505  1.402401  -0.296111  1.000000  
84.799295 -0.003578  -0.004378  -0.000793  0.566036  0.773220  0.285891  -0.799322  0.599626  -0.039168  -0.201713  -0.206349  0.957461  -0.001951  -0.001377  0.001612  -0.049744  1.438785  -0.307382  1.000000  
84.800545 -0.003581  -0.004380  -0.000790  0.566958  0.773067  0.284475  -0.799227  0.599870  -0.037301  -0.199484  -0.206212  0.957957  -0.002064  -0.001390  0.001811  -0.049236  1.479644  -0.305907  1.000000  
84.801793 -0.003585  -0.004382  -0.000786  0.568057  0.772805  0.282989  -0.799032  0.600252  -0.035273  -0.197124  -0.206080  0.958474  -0.002244  -0.001446  0.001920  -0.049900  1.523571  -0.317614  1.000000  
84.803040 -0.003590  -0.004385  -0.000781  0.568989  0.772701  0.281397  -0.798949  0.600472  -0.033378  -0.194762  -0.205831  0.959011  -0.002455  -0.001476  0.002176  -0.057706  1.564660  -0.316253  1.000000  
84.804050 -0.003594  -0.004387  -0.000777  0.569858  0.772464  0.280288  -0.798776  0.600790  -0.031756  -0.192925  -0.205790  0.959391  -0.002616  -0.001492  0.002304  -0.055100  1.594163  -0.318642  1.000000  
84.805291 -0.003599  -0.004389  -0.000772  0.570978  0.772233  0.278639  -0.798606  0.601130  -0.029524  -0.190298  -0.205665  0.959942  -0.002828  -0.001523  0.002560  -0.055477  1.643688  -0.320889  1.000000  
84.806541 -0.003605  -0.004391  -0.000768  0.572079  0.771986  0.277061  -0.798408  0.601493  -0.027399  -0.187802  -0.205533  0.960462  -0.003006  -0.001523  0.002739  -0.057913  1.685958  -0.326067  1.000000  
84.807541 -0.003610  -0.004393  -0.000763  0.572955  0.771798  0.275772  -0.798241  0.601787  -0.025751  -0.185830  -0.205378  0.960878  -0.003199  -0.001506  0.002969  -0.056147  1.710724  -0.335166  1.000000  
84.808542 -0.003614  -0.004394  -0.000759  0.573800  0.771577  0.274630  -0.798031  0.602126  -0.024313  -0.184121  -0.205212  0.961243  -0.003360  -0.001522  0.003097  -0.058355  1.730961  -0.345073  1.000000  
84.809791 -0.003620  -0.004396  -0.000753  0.575057  0.771205  0.273043  -0.797698  0.602650  -0.022137  -0.181622  -0.205076  0.961747  -0.003588  -0.001536  0.003403  -0.056924  1.769142  -0.351451  1.000000  
84.811047 -0.003626  -0.004398  -0.000747  0.576133  0.770939  0.271522  -0.797458  0.603039  -0.020124  -0.179253  -0.204933  0.962222  -0.003894  -0.001585  0.003610  -0.059087  1.799878  -0.354430  1.000000  
84.812291 -0.003634  -0.004400  -0.000740  0.577233  0.770672  0.269939  -0.797250  0.603385  -0.017832  -0.176619  -0.204916  0.962712  -0.004188  -0.001684  0.003860  -0.053728  1.834693  -0.360109  1.000000  
84.813292 -0.003641  -0.004402  -0.000735  0.578110  0.770498  0.268556  -0.797079  0.603661  -0.016087  -0.174512  -0.204760  0.963130  -0.004423  -0.001738  0.004034  -0.053617  1.867606  -0.360987  1.000000  
84.814298 -0.003647  -0.004404  -0.000729  0.579148  0.770166  0.267267  -0.796784  0.604097  -0.014216  -0.172404  -0.204721  0.963518  -0.004674  -0.001767  0.004280  -0.049978  1.900586  -0.367152  1.000000  
84.815543 -0.003657  -0.004408  -0.000721  0.580237  0.769931  0.265576  -0.796557  0.604444  -0.012003  -0.169767  -0.204582  0.964015  -0.005014  -0.001855  0.004541  -0.048389  1.931739  -0.368731  1.000000  
84.816546 -0.003664  -0.004410  -0.000715  0.581133  0.769756  0.264123  -0.796407  0.604678  -0.009982  -0.167393  -0.204549  0.964437  -0.005291  -0.001869  0.004846  -0.047656  1.968015  -0.361036  1.000000  
84.817796 -0.003673  -0.004413  -0.000705  0.582378  0.769363  0.262518  -0.796047  0.605186  -0.007645  -0.164754  -0.204524  0.964897  -0.005631  -0.001948  0.005129  -0.042660  1.997101  -0.369313  1.000000  
84.819037 -0.003684  -0.004416  -0.000696  0.583456  0.769127  0.260812  -0.795800  0.605535  -0.005439  -0.162114  -0.204381  0.965374  -0.005958  -0.001973  0.005404  -0.044451  2.024195  -0.364607  1.000000  
84.820041 -0.003692  -0.004419  -0.000689  0.584479  0.768794  0.259501  -0.795477  0.605973  -0.003579  -0.160002  -0.204335  0.965736  -0.006279  -0.002014  0.005646  -0.039173  2.048699  -0.373761  1.000000  
84.821287 -0.003703  -0.004421  -0.000679  0.585725  0.768417  0.257802  -0.795113  0.606460  -0.001146  -0.157227  -0.204310  0.966197  -0.006623  -0.002065  0.005982  -0.034386  2.082452  -0.381206  1.000000  
84.822537 -0.003714  -0.004424  -0.000669  0.586804  0.768164  0.256097  -0.794862  0.606789  0.001230  -0.154452  -0.204284  0.966650  -0.006957  -0.002081  0.006286  -0.032257  2.108838  -0.376294  1.000000  
84.823539 -0.003724  -0.004426  -0.000660  0.587817  0.767799  0.254865  -0.794522  0.607227  0.003157  -0.152336  -0.204351  0.966972  -0.007309  -0.002142  0.006614  -0.023104  2.129144  -0.386346  1.000000  
84.824787 -0.003737  -0.004430  -0.000648  0.589050  0.767421  0.253148  -0.794136  0.607715  0.005581  -0.149559  -0.204322  0.967411  -0.007788  -0.002253  0.006970  -0.018264  2.149349  -0.389636  1.000000  
84.825787 -0.003747  -0.004433  -0.000639  0.590069  0.767103  0.251736  -0.793800  0.608132  0.007534  -0.147309  -0.204274  0.967766  -0.008138  -0.002313  0.007297  -0.013406  2.175874  -0.399218  1.000000  
84.826789 -0.003759  -0.004435  -0.000629  0.591096  0.766771  0.250336  -0.793474  0.608527  0.009663  -0.144927  -0.204347  0.968111  -0.008490  -0.002375  0.007626  -0.007295  2.202211  -0.401158  1.000000  
84.828039 -0.003774  -0.004440  -0.000617  0.592306  0.766346  0.248773  -0.793052  0.609035  0.012048  -0.142279  -0.204426  0.968487  -0.009041  -0.002550  0.008040  0.001425  2.220992  -0.404065  1.000000  
84.829289 -0.003789  -0.004445  -0.000603  0.593685  0.765842  0.247031  -0.792514  0.609681  0.014511  -0.139497  -0.204390  0.968899  -0.009441  -0.002676  0.008416  0.006801  2.242549  -0.420948  1.000000  
84.830292 -0.003802  -0.004448  -0.000593  0.594679  0.765476  0.245770  -0.792139  0.610119  0.016424  -0.137377  -0.204452  0.969189  -0.009885  -0.002723  0.008735  0.015495  2.257976  -0.431863  1.000000  
84.831297 -0.003816  -0.004452  -0.000581  0.595691  0.765144  0.244350  -0.791789  0.610513  0.018543  -0.134991  -0.204519  0.969510  -0.010260  -0.002823  0.009044  0.021604  2.276577  -0.436053  1.000000  
84.832304 -0.003829  -0.004455  -0.000571  0.596700  0.764782  0.243017  -0.791433  0.610905  0.020733  -0.132604  -0.204703  0.969800  -0.010656  -0.002897  0.009247  0.032962  2.290194  -0.440187  1.000000  
84.833545 -0.003847  -0.004459  -0.000556  0.597910  0.764391  0.241270  -0.791003  0.611368  0.023311  -0.129686  -0.204783  0.970178  -0.011178  -0.002975  0.009711  0.040939  2.311920  -0.450720  1.000000  
84.834545 -0.003861  -0.004463  -0.000544  0.598921  0.764075  0.239756  -0.790647  0.611739  0.025526  -0.127165  -0.204851  0.970497  -0.011570  -0.003064  0.009972  0.048090  2.330699  -0.454230  1.000000  
84.835788 -0.003879  -0.004468  -0.000528  0.600131  0.763700  0.237918  -0.790215  0.612181  0.028201  -0.124112  -0.204930  0.970876  -0.012095  -0.003206  0.010413  0.051493  2.345288  -0.457855  1.000000  
84.837037 -0.003899  -0.004472  -0.000511  0.601325  0.763280  0.236244  -0.789760  0.612640  0.030843  -0.121191  -0.205123  0.971204  -0.012661  -0.003292  0.010849  0.062111  2.359872  -0.462253  1.000000  
84.838287 -0.003918  -0.004477  -0.000493  0.602676  0.762763  0.234464  -0.789173  0.613259  0.033456  -0.118268  -0.205196  0.971549  -0.013124  -0.003392  0.011227  0.069824  2.384819  -0.471615  1.000000  
84.839287 -0.003935  -0.004481  -0.000479  0.603660  0.762404  0.233100  -0.788776  0.613647  0.035630  -0.115876  -0.205372  0.971800  -0.013541  -0.003507  0.011557  0.079833  2.397756  -0.469259  1.000000  
84.840537 -0.003956  -0.004486  -0.000461  0.605010  0.761876  0.231319  -0.788184  0.614239  0.038413  -0.112819  -0.205562  0.972119  -0.014097  -0.003592  0.011985  0.091360  2.422812  -0.478520  1.000000  
84.841537 -0.003973  -0.004490  -0.000448  0.605994  0.761562  0.229772  -0.787786  0.614609  0.040610  -0.110293  -0.205621  0.972397  -0.014486  -0.003679  0.012244  0.094176  2.441462  -0.481880  1.000000  
84.842538 -0.003992  -0.004494  -0.000433  0.607136  0.761093  0.228305  -0.787256  0.615130  0.042927  -0.107766  -0.205796  0.972643  -0.015000  -0.003757  0.012576  0.105577  2.458455  -0.493961  1.000000  
84.843544 -0.004011  -0.004498  -0.000418  0.608282  0.760642  0.226751  -0.786731  0.615628  0.045343  -0.105105  -0.205973  0.972897  -0.015415  -0.003809  0.012929  0.114112  2.489495  -0.505190  1.000000  
84.844787 -0.004034  -0.004505  -0.000399  0.609465  0.760276  0.224793  -0.786253  0.616017  0.048270  -0.101778  -0.206163  0.973210  -0.015933  -0.003920  0.013230  0.122739  2.503996  -0.497815  1.000000  
84.845790 -0.004053  -0.004509  -0.000383  0.610585  0.759792  0.223387  -0.785690  0.616557  0.050473  -0.099382  -0.206331  0.973422  -0.016321  -0.003967  0.013623  0.130240  2.506816  -0.511437  1.000000  
84.847057 -0.004078  -0.004515  -0.000363  0.612071  0.759130  0.221566  -0.784931  0.617272  0.053456  -0.096186  -0.206633  0.973679  -0.016897  -0.004058  0.014089  0.145072  2.523262  -0.523463  1.000000  
84.848296 -0.004103  -0.004521  -0.000343  0.613389  0.758621  0.219654  -0.784288  0.617836  0.056314  -0.092989  -0.206814  0.973951  -0.017341  -0.004153  0.014390  0.152005  2.544827  -0.533771  1.000000  
84.849547 -0.004129  -0.004527  -0.000321  0.614699  0.758087  0.217826  -0.783634  0.618392  0.059241  -0.089792  -0.207111  0.974188  -0.017938  -0.004330  0.014809  0.166073  2.563832  -0.537126  1.000000  
84.850797 -0.004155  -0.004533  -0.000299  0.616010  0.757572  0.215909  -0.782979  0.618924  0.062267  -0.086460  -0.207409  0.974426  -0.018402  -0.004392  0.015285  0.176786  2.588509  -0.546078  1.000000  
84.852045 -0.004182  -0.004540  -0.000276  0.617307  0.757040  0.214064  -0.782304  0.619476  0.065185  -0.083260  -0.207702  0.974642  -0.018915  -0.004547  0.015676  0.186532  2.598784  -0.551157  1.000000  
84.853305 -0.004209  -0.004548  -0.000253  0.618603  0.756500  0.212222  -0.781628  0.619997  0.068276  -0.079926  -0.208114  0.974834  -0.019423  -0.004743  0.016073  0.196249  2.621569  -0.552947  1.000000  
84.854547 -0.004238  -0.004554  -0.000229  0.620052  0.755860  0.210264  -0.780813  0.620680  0.071329  -0.076592  -0.208405  0.975039  -0.019987  -0.004863  0.016496  0.206739  2.642734  -0.563010  1.000000  
84.855796 -0.004268  -0.004562  -0.000204  0.621339  0.755341  0.208322  -0.780122  0.621174  0.074512  -0.073123  -0.208814  0.975218  -0.020594  -0.005044  0.016983  0.220258  2.661866  -0.566062  1.000000  
84.857045 -0.004298  -0.004570  -0.000180  0.622784  0.754738  0.206183  -0.779299  0.621809  0.077758  -0.069519  -0.209105  0.975419  -0.021108  -0.005219  0.017421  0.225613  2.690135  -0.567306  1.000000  
84.858297 -0.004330  -0.004578  -0.000154  0.624214  0.754093  0.204206  -0.778456  0.622454  0.080972  -0.066048  -0.209509  0.975573  -0.021641  -0.005377  0.017912  0.235814  2.719277  -0.574964  1.000000  
84.859545 -0.004362  -0.004586  -0.000127  0.625470  0.753561  0.202318  -0.777724  0.622963  0.084036  -0.062710  -0.209910  0.975708  -0.022190  -0.005477  0.018440  0.249360  2.738773  -0.578044  1.000000  
84.860794 -0.004395  -0.004593  -0.000099  0.626883  0.752920  0.200322  -0.776858  0.623604  0.087238  -0.059238  -0.210309  0.975839  -0.022810  -0.005634  0.018976  0.258366  2.761708  -0.585170  1.000000  
84.862044 -0.004428  -0.004602  -0.000071  0.628119  0.752373  0.198498  -0.776097  0.624130  0.090190  -0.056032  -0.210703  0.975943  -0.023350  -0.005786  0.019469  0.267473  2.770615  -0.589525  1.000000  
84.863045 -0.004455  -0.004608  -0.000048  0.629174  0.751903  0.196932  -0.775440  0.624566  0.092792  -0.053227  -0.211091  0.976016  -0.023860  -0.005926  0.019958  0.273823  2.784035  -0.589285  1.000000  
84.864052 -0.004483  -0.004615  -0.000025  0.630219  0.751417  0.195442  -0.774770  0.625021  0.095288  -0.050554  -0.211476  0.976075  -0.024401  -0.006022  0.020332  0.283651  2.793739  -0.593757  1.000000  
84.865298 -0.004519  -0.004624  0.000004  0.631442  0.750886  0.193523  -0.773993  0.625485  0.098505  -0.047080  -0.211985  0.976138  -0.025033  -0.006179  0.020874  0.296699  2.808368  -0.597283  1.000000  
84.866657 -0.004555  -0.004633  0.000035  0.632816  0.750253  0.191482  -0.773074  0.626114  0.101679  -0.043605  -0.212374  0.976215  -0.025515  -0.006298  0.021229  0.301093  2.818441  -0.604361  1.000000  
84.867795 -0.004593  -0.004642  0.000067  0.634025  0.749722  0.189552  -0.772278  0.626538  0.105061  -0.039995  -0.212998  0.976234  -0.026326  -0.006491  0.021939  0.319170  2.848292  -0.609060  1.000000  
84.869049 -0.004630  -0.004652  0.000098  0.635377  0.749051  0.187666  -0.771331  0.627169  0.108198  -0.036653  -0.213499  0.976255  -0.026982  -0.006681  0.022530  0.328116  2.862749  -0.612307  1.000000  
84.870075 -0.004661  -0.004660  0.000125  0.636390  0.748549  0.186232  -0.770619  0.627600  0.110749  -0.033978  -0.213993  0.976244  -0.027428  -0.006838  0.022971  0.340941  2.864533  -0.610299  1.000000  
84.871288 -0.004701  -0.004670  0.000160  0.637566  0.747993  0.184435  -0.769781  0.628093  0.113736  -0.030769  -0.214489  0.976242  -0.028114  -0.007017  0.023620  0.350349  2.874601  -0.616347  1.000000  
84.872289 -0.004733  -0.004678  0.000187  0.638725  0.747365  0.182964  -0.768922  0.628673  0.116316  -0.028094  -0.214980  0.976214  -0.028583  -0.007137  0.024069  0.358008  2.881909  -0.618710  1.000000  
84.873289 -0.004765  -0.004685  0.000216  0.639722  0.746886  0.181428  -0.768190  0.629074  0.118955  -0.025285  -0.215469  0.976183  -0.029032  -0.007171  0.024624  0.367020  2.886055  -0.623403  1.000000  
84.874537 -0.004805  -0.004696  0.000252  0.641037  0.746203  0.179590  -0.767196  0.629676  0.122142  -0.021941  -0.216078  0.976129  -0.029586  -0.007330  0.025270  0.379523  2.887728  -0.629292  1.000000  
84.875537 -0.004838  -0.004703  0.000282  0.642025  0.745765  0.177872  -0.766452  0.630027  0.124972  -0.018864  -0.216566  0.976086  -0.030024  -0.007422  0.025789  0.390754  2.911020  -0.627223  1.000000  
84.876787 -0.004880  -0.004713  0.000321  0.643482  0.744975  0.175907  -0.765306  0.630753  0.128283  -0.015386  -0.217170  0.976012  -0.030611  -0.007546  0.026534  0.399486  2.923331  -0.631441  1.000000  
84.878037 -0.004921  -0.004724  0.000359  0.644771  0.744298  0.174042  -0.764281  0.631344  0.131451  -0.012042  -0.217772  0.975925  -0.031062  -0.007701  0.027181  0.409615  2.928437  -0.639444  1.000000  
84.879037 -0.004955  -0.004732  0.000391  0.645734  0.743808  0.172559  -0.763507  0.631715  0.134143  -0.009232  -0.218371  0.975822  -0.031488  -0.007831  0.027764  0.422380  2.933223  -0.637636  1.000000  
84.880044 -0.004988  -0.004741  0.000423  0.646848  0.743190  0.171043  -0.762592  0.632235  0.136866  -0.006422  -0.218967  0.975711  -0.031743  -0.007902  0.028279  0.431385  2.943000  -0.641195  1.000000  
84.881044 -0.005022  -0.004749  0.000455  0.647798  0.742706  0.169543  -0.761803  0.632639  0.139373  -0.003746  -0.219444  0.975618  -0.032125  -0.008001  0.028777  0.439036  2.944493  -0.643707  1.000000  
84.882302 -0.005065  -0.004760  0.000496  0.649213  0.741907  0.167621  -0.760606  0.633329  0.142729  -0.000268  -0.220155  0.975465  -0.032503  -0.008112  0.029560  0.451524  2.951661  -0.654889  1.000000  
84.883545 -0.005107  -0.004772  0.000538  0.650618  0.741090  0.165778  -0.759398  0.633998  0.146155  0.003211  -0.220982  0.975273  -0.032857  -0.008266  0.030220  0.465076  2.963220  -0.661573  1.000000  
84.884546 -0.005142  -0.004781  0.000572  0.651703  0.740480  0.164230  -0.758450  0.634504  0.148857  0.006021  -0.221571  0.975126  -0.033131  -0.008361  0.030719  0.473871  2.969041  -0.666112  1.000000  
84.885791 -0.005186  -0.004793  0.000615  0.653091  0.739650  0.162447  -0.757223  0.635225  0.151994  0.009232  -0.222275  0.974940  -0.033410  -0.008461  0.031313  0.482188  2.964117  -0.680056  1.000000  
84.886792 -0.005221  -0.004802  0.000649  0.654166  0.738987  0.161140  -0.756262  0.635792  0.154390  0.011640  -0.222861  0.974781  -0.033614  -0.008577  0.031799  0.490856  2.951030  -0.681713  1.000000  
84.888043 -0.005265  -0.004814  0.000693  0.655380  0.738312  0.159290  -0.755148  0.636289  0.157756  0.015119  -0.223678  0.974546  -0.033849  -0.008702  0.032335  0.506596  2.948453  -0.687867  1.000000  
84.889288 -0.005309  -0.004825  0.000737  0.656586  0.737621  0.157516  -0.754025  0.636804  0.161017  0.018463  -0.224493  0.974301  -0.034099  -0.008768  0.032775  0.518496  2.949592  -0.686345  1.000000  
84.890537 -0.005353  -0.004837  0.000781  0.657935  0.736803  0.155702  -0.752755  0.637422  0.164479  0.021941  -0.225422  0.974014  -0.034278  -0.008899  0.033285  0.534381  2.952940  -0.697843  1.000000  
84.891787 -0.005398  -0.004848  0.000827  0.659275  0.736007  0.153787  -0.751472  0.638054  0.167856  0.025419  -0.226230  0.973742  -0.034536  -0.009005  0.033724  0.542174  2.963605  -0.700695  1.000000  
84.893037 -0.005442  -0.004860  0.000872  0.660606  0.735177  0.152037  -0.750182  0.638683  0.171205  0.028763  -0.227155  0.973434  -0.034729  -0.009141  0.034250  0.558036  2.962908  -0.713195  1.000000  
84.894037 -0.005479  -0.004870  0.000910  0.661633  0.734567  0.150511  -0.749168  0.639181  0.173764  0.031438  -0.227726  0.973218  -0.034972  -0.009205  0.034674  0.562708  2.965431  -0.718655  1.000000  
84.895287 -0.005524  -0.004883  0.000956  0.662947  0.733742  0.148742  -0.747858  0.639800  0.177100  0.034781  -0.228645  0.972888  -0.035197  -0.009340  0.035005  0.574277  2.964276  -0.730826  1.000000  
84.896289 -0.005561  -0.004892  0.000995  0.664110  0.733008  0.147167  -0.746690  0.640396  0.179853  0.037589  -0.229330  0.972623  -0.035359  -0.009387  0.035483  0.582505  2.967183  -0.742491  1.000000  
84.897296 -0.005598  -0.004902  0.001033  0.665116  0.732369  0.145797  -0.745654  0.640839  0.182551  0.040263  -0.230132  0.972326  -0.035565  -0.009461  0.035832  0.595119  2.959704  -0.746789  1.000000  
84.898539 -0.005645  -0.004914  0.001082  0.666399  0.731592  0.143824  -0.744312  0.641441  0.185886  0.043738  -0.230924  0.971988  -0.035868  -0.009512  0.036269  0.598024  2.962472  -0.753891  1.000000  
84.899788 -0.005693  -0.004926  0.001129  0.667671  0.730802  0.141928  -0.742958  0.642015  0.189290  0.047213  -0.231830  0.971610  -0.036118  -0.009550  0.036578  0.609438  2.974778  -0.763116  1.000000  
84.900795 -0.005730  -0.004936  0.001168  0.668807  0.730040  0.140495  -0.741761  0.642594  0.192000  0.049886  -0.232625  0.971286  -0.036308  -0.009542  0.036918  0.617800  2.978971  -0.774651  1.000000  
84.902041 -0.005779  -0.004948  0.001217  0.670059  0.729274  0.138491  -0.740387  0.643180  0.195311  0.053360  -0.233407  0.970914  -0.036608  -0.009570  0.037312  0.624896  2.988811  -0.777074  1.000000  
