1-Time 2-Px 3-Py 4-Pz 5-R11 6-R21 7-R31 8-R12 9-R22 10-R32 11-R13 12-R23 13-R33 14-Vx 15-Vy 16-Vz 17-Wx 18-Wy 19-Wz 20-state
98.659934 0.005085  -0.005880  -0.018642  0.275205  0.857752  0.434194  -0.943203  0.328317  -0.050761  -0.186093  -0.395563  0.899388  -0.003314  -0.010714  0.002487  -0.173065  0.190359  0.011633  1.000000  
98.661029 0.005083  -0.005887  -0.018638  0.275205  0.857752  0.434194  -0.943203  0.328317  -0.050761  -0.186093  -0.395563  0.899388  -0.003258  -0.010633  0.005553  0.000000  0.000000  0.000000  1.000000  
98.662278 0.005078  -0.005898  -0.018619  0.275198  0.857789  0.434123  -0.943179  0.328362  -0.050916  -0.186225  -0.395444  0.899413  -0.003364  -0.009423  0.011559  0.000000  0.000000  0.000000  1.000000  
98.663288 0.005074  -0.005906  -0.018598  0.275198  0.857842  0.434019  -0.943179  0.328355  -0.050956  -0.186225  -0.395335  0.899461  -0.003676  -0.008923  0.014691  0.000000  0.000000  0.000000  1.000000  
98.664295 0.005070  -0.005915  -0.018581  0.275198  0.857895  0.433915  -0.943179  0.328349  -0.050996  -0.186225  -0.395226  0.899509  -0.003741  -0.008760  0.015048  0.000000  0.000000  0.000000  1.000000  
98.665305 0.005066  -0.005923  -0.018568  0.275198  0.857947  0.433811  -0.943179  0.328343  -0.051035  -0.186225  -0.395117  0.899557  -0.003774  -0.008652  0.014617  0.000000  0.000000  0.000000  1.000000  
98.666529 0.005060  -0.005932  -0.018554  0.275191  0.858038  0.433637  -0.943155  0.328381  -0.051231  -0.186356  -0.394888  0.899630  -0.003993  -0.008391  0.014047  0.000000  0.000000  0.000000  1.000000  
98.667530 0.005054  -0.005939  -0.018542  0.275191  0.858090  0.433533  -0.943155  0.328375  -0.051271  -0.186356  -0.394779  0.899678  -0.004354  -0.008238  0.013720  0.000000  0.000000  0.000000  1.000000  
98.668533 0.005047  -0.005946  -0.018531  0.275191  0.858143  0.433429  -0.943155  0.328369  -0.051310  -0.186356  -0.394670  0.899726  -0.004600  -0.008033  0.013423  0.000000  0.000000  0.000000  1.000000  
98.669536 0.005042  -0.005953  -0.018520  0.275191  0.858143  0.433429  -0.943155  0.328369  -0.051310  -0.186356  -0.394670  0.899726  -0.004639  -0.007937  0.013219  0.000000  0.000000  0.000000  1.000000  
98.670787 0.005036  -0.005963  -0.018504  0.275184  0.858181  0.433358  -0.943131  0.328413  -0.051466  -0.186488  -0.394551  0.899751  -0.004715  -0.007964  0.013160  0.000000  0.000000  0.000000  1.000000  
98.672073 0.005028  -0.005972  -0.018485  0.275184  0.858181  0.433358  -0.943131  0.328413  -0.051466  -0.186488  -0.394551  0.899751  -0.004803  -0.007841  0.013322  0.000000  0.000000  0.000000  1.000000  
98.673293 0.005020  -0.005981  -0.018465  0.275184  0.858233  0.433254  -0.943131  0.328407  -0.051506  -0.186488  -0.394442  0.899799  -0.004969  -0.007779  0.013557  0.000000  0.000000  0.000000  1.000000  
98.674528 0.005012  -0.005991  -0.018444  0.274990  0.858301  0.433243  -0.943188  0.328230  -0.051595  -0.186488  -0.394442  0.899799  -0.005157  -0.007795  0.013906  0.000000  0.000000  0.000000  1.000000  
98.675779 0.005004  -0.006000  -0.018416  0.274983  0.858234  0.433381  -0.943164  0.328287  -0.051671  -0.186619  -0.394541  0.899728  -0.005309  -0.007682  0.014848  0.000000  0.000000  0.000000  1.000000  
98.677029 0.004997  -0.006008  -0.018386  0.274983  0.858234  0.433381  -0.943164  0.328287  -0.051671  -0.186619  -0.394541  0.899728  -0.005510  -0.007446  0.015778  0.000000  0.000000  0.000000  1.000000  
98.678279 0.004991  -0.006015  -0.018361  0.274983  0.858234  0.433381  -0.943164  0.328287  -0.051671  -0.186619  -0.394541  0.899728  -0.005529  -0.007217  0.015807  0.000000  0.000000  0.000000  1.000000  
98.679279 0.004986  -0.006019  -0.018346  0.274983  0.858234  0.433381  -0.943164  0.328287  -0.051671  -0.186619  -0.394541  0.899728  -0.005630  -0.006987  0.015728  0.000000  0.000000  0.000000  1.000000  
98.680280 0.004980  -0.006023  -0.018334  0.274983  0.858234  0.433381  -0.943164  0.328287  -0.051671  -0.186619  -0.394541  0.899728  -0.005777  -0.006707  0.015657  0.000000  0.000000  0.000000  1.000000  
98.681534 0.004971  -0.006028  -0.018317  0.274983  0.858286  0.433277  -0.943164  0.328281  -0.051710  -0.186619  -0.394432  0.899776  -0.005946  -0.006403  0.015848  0.000000  0.000000  0.000000  1.000000  
98.682786 0.004962  -0.006033  -0.018293  0.275177  0.858271  0.433184  -0.943107  0.328451  -0.051661  -0.186619  -0.394323  0.899824  -0.006027  -0.006140  0.016554  0.000000  0.000000  0.000000  1.000000  
98.683786 0.004957  -0.006037  -0.018269  0.275177  0.858324  0.433080  -0.943107  0.328445  -0.051701  -0.186619  -0.394214  0.899872  -0.005960  -0.005964  0.017470  0.000000  0.000000  0.000000  1.000000  
98.685036 0.004949  -0.006043  -0.018235  0.275177  0.858324  0.433080  -0.943107  0.328445  -0.051701  -0.186619  -0.394214  0.899872  -0.006003  -0.005677  0.018673  0.000000  0.000000  0.000000  1.000000  
98.686290 0.004941  -0.006048  -0.018200  0.275379  0.858323  0.432952  -0.943074  0.328565  -0.051536  -0.186488  -0.394114  0.899942  -0.006069  -0.005365  0.019775  0.000000  0.000000  0.000000  1.000000  
98.687534 0.004931  -0.006052  -0.018167  0.275379  0.858376  0.432848  -0.943074  0.328559  -0.051576  -0.186488  -0.394005  0.899990  -0.006261  -0.005050  0.020733  0.000000  0.000000  0.000000  1.000000  
98.688778 0.004923  -0.006057  -0.018140  0.275573  0.858308  0.432859  -0.943018  0.328735  -0.051487  -0.186488  -0.394005  0.899990  -0.006293  -0.004774  0.021248  0.000000  0.000000  0.000000  1.000000  
98.690027 0.004916  -0.006061  -0.018114  0.275774  0.858308  0.432732  -0.942985  0.328855  -0.051322  -0.186356  -0.393906  0.900061  -0.006228  -0.004396  0.021241  0.000000  0.000000  0.000000  1.000000  
98.691289 0.004909  -0.006065  -0.018091  0.275774  0.858360  0.432627  -0.942985  0.328849  -0.051362  -0.186356  -0.393797  0.900109  -0.006183  -0.004106  0.020826  0.000000  0.000000  0.000000  1.000000  
98.692527 0.004901  -0.006069  -0.018069  0.275968  0.858293  0.432638  -0.942928  0.329026  -0.051273  -0.186356  -0.393797  0.900109  -0.006247  -0.003864  0.020410  0.000000  0.000000  0.000000  1.000000  
98.693530 0.004894  -0.006071  -0.018054  0.276162  0.858277  0.432544  -0.942871  0.329196  -0.051224  -0.186356  -0.393688  0.900156  -0.006399  -0.003676  0.020253  0.000000  0.000000  0.000000  1.000000  
98.694777 0.004887  -0.006075  -0.018036  0.276162  0.858277  0.432544  -0.942871  0.329196  -0.051224  -0.186356  -0.393688  0.900156  -0.006433  -0.003602  0.020258  0.000000  0.000000  0.000000  1.000000  
98.695783 0.004879  -0.006079  -0.018020  0.276356  0.858262  0.432451  -0.942814  0.329367  -0.051174  -0.186356  -0.393578  0.900204  -0.006474  -0.003587  0.020624  0.000000  0.000000  0.000000  1.000000  
98.697030 0.004870  -0.006084  -0.017992  0.276550  0.858247  0.432357  -0.942757  0.329537  -0.051125  -0.186356  -0.393469  0.900252  -0.006450  -0.003610  0.021129  0.000000  0.000000  0.000000  1.000000  
98.698059 0.004863  -0.006088  -0.017966  0.276751  0.858246  0.432230  -0.942724  0.329657  -0.050961  -0.186225  -0.393370  0.900322  -0.006471  -0.003614  0.021383  0.000000  0.000000  0.000000  1.000000  
98.699282 0.004855  -0.006093  -0.017933  0.276945  0.858230  0.432136  -0.942667  0.329828  -0.050912  -0.186225  -0.393261  0.900370  -0.006603  -0.003579  0.021513  0.000000  0.000000  0.000000  1.000000  
98.700310 0.004848  -0.006096  -0.017911  0.277139  0.858215  0.432043  -0.942610  0.329998  -0.050863  -0.186225  -0.393152  0.900418  -0.006636  -0.003487  0.021030  0.000000  0.000000  0.000000  1.000000  
98.701531 0.004840  -0.006101  -0.017886  0.277341  0.858267  0.431811  -0.942577  0.330112  -0.050738  -0.186093  -0.392943  0.900536  -0.006567  -0.003437  0.020353  0.000000  0.000000  0.000000  1.000000  
98.702534 0.004834  -0.006103  -0.017870  0.277535  0.858303  0.431613  -0.942520  0.330277  -0.050730  -0.186093  -0.392725  0.900631  -0.006510  -0.003358  0.019751  0.000000  0.000000  0.000000  1.000000  
98.703796 0.004827  -0.006104  -0.017850  0.277930  0.858287  0.431392  -0.942429  0.330567  -0.050517  -0.185962  -0.392516  0.900749  -0.006407  -0.003193  0.019245  0.000000  0.000000  0.000000  1.000000  
98.705029 0.004821  -0.006105  -0.017826  0.278325  0.858322  0.431066  -0.942339  0.330852  -0.050344  -0.185830  -0.392198  0.900915  -0.006338  -0.002891  0.019167  0.000000  0.000000  0.000000  1.000000  
98.706296 0.004815  -0.006105  -0.017798  0.278526  0.858374  0.430834  -0.942305  0.330966  -0.050220  -0.185699  -0.391990  0.901033  -0.006289  -0.002683  0.019530  0.000000  0.000000  0.000000  1.000000  
98.707534 0.004808  -0.006108  -0.017768  0.278921  0.858409  0.430508  -0.942214  0.331251  -0.050047  -0.185567  -0.391672  0.901198  -0.006175  -0.002631  0.020159  0.000000  0.000000  0.000000  1.000000  
98.708777 0.004801  -0.006110  -0.017737  0.279503  0.858361  0.430226  -0.942042  0.331763  -0.049902  -0.185567  -0.391344  0.901341  -0.006110  -0.002530  0.021011  0.000000  0.000000  0.000000  1.000000  
98.710027 0.004793  -0.006113  -0.017708  0.279898  0.858396  0.429900  -0.941951  0.332048  -0.049730  -0.185436  -0.391025  0.901506  -0.006063  -0.002401  0.021745  0.000000  0.000000  0.000000  1.000000  
98.711027 0.004787  -0.006115  -0.017685  0.280292  0.858378  0.429678  -0.941859  0.332339  -0.049518  -0.185304  -0.390817  0.901623  -0.006053  -0.002278  0.021989  0.000000  0.000000  0.000000  1.000000  
98.712029 0.004781  -0.006117  -0.017661  0.280687  0.858412  0.429352  -0.941767  0.332625  -0.049347  -0.185173  -0.390498  0.901788  -0.005938  -0.002147  0.022031  0.000000  0.000000  0.000000  1.000000  
98.713278 0.004776  -0.006119  -0.017635  0.281089  0.858461  0.428991  -0.941699  0.332860  -0.049060  -0.184910  -0.390190  0.901976  -0.005759  -0.002031  0.021607  -0.119521  0.134002  -0.162431  1.000000  
98.714528 0.004771  -0.006121  -0.017614  0.281678  0.858427  0.428674  -0.941549  0.333323  -0.048801  -0.184778  -0.389871  0.902140  -0.005491  -0.001789  0.020922  -0.123730  0.146048  -0.179144  1.000000  
98.715540 0.004766  -0.006122  -0.017598  0.281879  0.858529  0.428337  -0.941515  0.333432  -0.048718  -0.184647  -0.389553  0.902305  -0.005363  -0.001668  0.020498  -0.132894  0.151306  -0.178833  1.000000  
98.716546 0.004762  -0.006123  -0.017584  0.282274  0.858562  0.428010  -0.941422  0.333718  -0.048547  -0.184515  -0.389234  0.902469  -0.005160  -0.001478  0.020261  -0.142536  0.156640  -0.191269  1.000000  
98.717782 0.004756  -0.006124  -0.017560  0.282675  0.858610  0.427648  -0.941353  0.333954  -0.048261  -0.184252  -0.388925  0.902656  -0.005027  -0.001374  0.020436  -0.149596  0.167729  -0.194173  1.000000  
98.718787 0.004752  -0.006124  -0.017536  0.283271  0.858590  0.427296  -0.941226  0.334367  -0.047888  -0.183989  -0.388616  0.902843  -0.004943  -0.001309  0.020937  -0.153818  0.183921  -0.209195  1.000000  
98.720031 0.004748  -0.006124  -0.017502  0.283673  0.858689  0.426829  -0.941156  0.334598  -0.047643  -0.183726  -0.388198  0.903076  -0.004908  -0.001334  0.021651  -0.168923  0.190737  -0.213733  1.000000  
98.721284 0.004742  -0.006124  -0.017464  0.284081  0.858803  0.426327  -0.941110  0.334779  -0.047282  -0.183332  -0.387789  0.903332  -0.004851  -0.001245  0.022241  -0.177221  0.206795  -0.219148  1.000000  
98.722527 0.004736  -0.006123  -0.017430  0.284490  0.858969  0.425721  -0.941063  0.334955  -0.046963  -0.182937  -0.387270  0.903635  -0.004843  -0.001003  0.022561  -0.196193  0.221652  -0.220051  1.000000  
98.723527 0.004729  -0.006121  -0.017404  0.284899  0.859031  0.425322  -0.941016  0.335143  -0.046562  -0.182542  -0.386970  0.903843  -0.004930  -0.000781  0.022621  -0.203091  0.236583  -0.221012  1.000000  
98.724777 0.004722  -0.006118  -0.017375  0.285501  0.859178  0.424621  -0.940910  0.335492  -0.046197  -0.182148  -0.386341  0.904192  -0.004879  -0.000455  0.022632  -0.223600  0.256798  -0.234354  1.000000  
98.725777 0.004716  -0.006116  -0.017353  0.285910  0.859290  0.424117  -0.940862  0.335675  -0.045837  -0.181753  -0.385930  0.904447  -0.004816  -0.000095  0.022481  -0.234573  0.271739  -0.235373  1.000000  
98.727027 0.004709  -0.006113  -0.017323  0.286318  0.859454  0.423509  -0.940814  0.335853  -0.045519  -0.181358  -0.385410  0.904747  -0.004849  0.000211  0.022530  -0.249532  0.286597  -0.236357  1.000000  
98.728030 0.004704  -0.006109  -0.017298  0.286921  0.859549  0.422910  -0.940706  0.336208  -0.045114  -0.180964  -0.384890  0.905048  -0.004882  0.000680  0.022818  -0.263504  0.300311  -0.245549  1.000000  
98.729277 0.004696  -0.006105  -0.017267  0.287530  0.859708  0.422171  -0.940622  0.336510  -0.044635  -0.180437  -0.384269  0.905417  -0.005043  0.001100  0.023503  -0.281085  0.321695  -0.250831  1.000000  
98.730279 0.004690  -0.006101  -0.017241  0.287938  0.859820  0.421665  -0.940572  0.336695  -0.044277  -0.180042  -0.383858  0.905670  -0.005167  0.001411  0.024130  -0.292289  0.336882  -0.252074  1.000000  
98.731279 0.004684  -0.006098  -0.017214  0.288347  0.859931  0.421160  -0.940523  0.336880  -0.043919  -0.179648  -0.383447  0.905922  -0.005322  0.001691  0.024905  -0.299022  0.347432  -0.254720  1.000000  
98.732286 0.004677  -0.006095  -0.017184  0.288949  0.859972  0.420663  -0.940413  0.337243  -0.043475  -0.179253  -0.383035  0.906175  -0.005450  0.001883  0.025711  -0.307106  0.367879  -0.264070  1.000000  
98.733308 0.004671  -0.006092  -0.017153  0.289558  0.860028  0.420130  -0.940326  0.337557  -0.042915  -0.178726  -0.382633  0.906449  -0.005553  0.002122  0.026304  -0.313768  0.382435  -0.264857  1.000000  
98.734532 0.004663  -0.006088  -0.017117  0.290174  0.860149  0.419456  -0.940261  0.337818  -0.042281  -0.178068  -0.382129  0.906791  -0.005775  0.002418  0.026512  -0.321290  0.405416  -0.266774  1.000000  
98.735536 0.004657  -0.006084  -0.017091  0.290782  0.860204  0.418921  -0.940173  0.338134  -0.041722  -0.177541  -0.381726  0.907064  -0.005878  0.002651  0.026396  -0.330938  0.423707  -0.270066  1.000000  
98.736776 0.004648  -0.006079  -0.017060  0.291592  0.860255  0.418254  -0.940046  0.338573  -0.041003  -0.176883  -0.381222  0.907404  -0.006103  0.002965  0.026023  -0.336971  0.444736  -0.279815  1.000000  
98.737779 0.004640  -0.006074  -0.017038  0.292207  0.860375  0.417577  -0.939979  0.338837  -0.040371  -0.176224  -0.380717  0.907744  -0.006222  0.003243  0.025624  -0.346713  0.467345  -0.281472  1.000000  
98.739026 0.004631  -0.006068  -0.017010  0.293210  0.860455  0.416707  -0.939790  0.339445  -0.039649  -0.175566  -0.379992  0.908176  -0.006366  0.003452  0.025495  -0.359485  0.491789  -0.293545  1.000000  
98.740027 0.004623  -0.006063  -0.016985  0.293825  0.860574  0.416028  -0.939720  0.339710  -0.039018  -0.174907  -0.379486  0.908514  -0.006454  0.003686  0.025744  -0.367518  0.510717  -0.288795  1.000000  
98.741029 0.004616  -0.006057  -0.016955  0.294627  0.860607  0.415393  -0.939567  0.340202  -0.038418  -0.174380  -0.378971  0.908830  -0.006597  0.003960  0.026252  -0.376474  0.528505  -0.300525  1.000000  
98.742278 0.004606  -0.006049  -0.016914  0.295636  0.860700  0.414483  -0.939397  0.340766  -0.037584  -0.173590  -0.378253  0.909281  -0.006767  0.004180  0.026856  -0.390501  0.554322  -0.304612  1.000000  
98.743282 0.004598  -0.006042  -0.016880  0.296251  0.860816  0.413801  -0.939325  0.341033  -0.036954  -0.172931  -0.377746  0.909617  -0.006964  0.004401  0.027497  -0.397608  0.573398  -0.304158  1.000000  
98.744526 0.004588  -0.006034  -0.016838  0.297452  0.860837  0.412895  -0.939090  0.341777  -0.036037  -0.172140  -0.377026  0.910065  -0.007113  0.004678  0.028228  -0.409876  0.599580  -0.318182  1.000000  
98.745526 0.004580  -0.006026  -0.016805  0.298267  0.860947  0.412077  -0.938976  0.342172  -0.035250  -0.171349  -0.376416  0.910467  -0.007245  0.004942  0.028680  -0.418761  0.628112  -0.328669  1.000000  
98.746527 0.004572  -0.006019  -0.016773  0.299269  0.860970  0.411301  -0.938778  0.342793  -0.034495  -0.170690  -0.375797  0.910846  -0.007301  0.005228  0.028902  -0.427571  0.652447  -0.340879  1.000000  
98.747779 0.004562  -0.006009  -0.016734  0.300483  0.860968  0.410420  -0.938581  0.343449  -0.033308  -0.169635  -0.375204  0.911288  -0.007516  0.005651  0.028965  -0.434964  0.687049  -0.355605  1.000000  
98.748782 0.004554  -0.006001  -0.016704  0.301491  0.861004  0.409604  -0.938400  0.344024  -0.032439  -0.168844  -0.374592  0.911687  -0.007574  0.005969  0.028975  -0.445017  0.708604  -0.361592  1.000000  
98.750029 0.004543  -0.005993  -0.016669  0.302705  0.861098  0.408508  -0.938199  0.344676  -0.031339  -0.167789  -0.373775  0.912216  -0.007809  0.006223  0.029002  -0.456717  0.743420  -0.376694  1.000000  
98.751030 0.004534  -0.005985  -0.016640  0.303712  0.861083  0.407793  -0.938014  0.345258  -0.030431  -0.166997  -0.373273  0.912567  -0.007934  0.006453  0.029323  -0.461412  0.769886  -0.393997  1.000000  
98.752032 0.004524  -0.005979  -0.016611  0.304719  0.861116  0.406971  -0.937828  0.345838  -0.029566  -0.166206  -0.372659  0.912963  -0.008144  0.006606  0.029785  -0.466152  0.793918  -0.406316  1.000000  
98.753293 0.004511  -0.005971  -0.016571  0.306125  0.861086  0.405979  -0.937557  0.346675  -0.028345  -0.165150  -0.371951  0.913443  -0.008379  0.006785  0.030576  -0.472727  0.823091  -0.431275  1.000000  
98.754315 0.004501  -0.005963  -0.016538  0.307131  0.861117  0.405153  -0.937367  0.347258  -0.027483  -0.164358  -0.371336  0.913836  -0.008553  0.006904  0.031102  -0.473217  0.846626  -0.443486  1.000000  
98.755531 0.004487  -0.005954  -0.016492  0.308537  0.861132  0.404050  -0.937090  0.348095  -0.026308  -0.163302  -0.370515  0.914358  -0.008854  0.007082  0.031901  -0.481825  0.874404  -0.463046  1.000000  
98.756777 0.004473  -0.005945  -0.016448  0.309948  0.861161  0.402907  -0.936830  0.348888  -0.025019  -0.162114  -0.369701  0.914899  -0.009130  0.007184  0.032164  -0.488782  0.912174  -0.485034  1.000000  
98.758027 0.004459  -0.005935  -0.016405  0.311353  0.861221  0.401693  -0.936547  0.349728  -0.023890  -0.161058  -0.368766  0.915463  -0.009456  0.007278  0.032196  -0.496829  0.935271  -0.498379  1.000000  
98.759027 0.004446  -0.005926  -0.016375  0.312364  0.861311  0.400715  -0.936368  0.350267  -0.022961  -0.160134  -0.368045  0.915915  -0.009716  0.007414  0.031981  -0.503269  0.960337  -0.510803  1.000000  
98.760029 0.004434  -0.005917  -0.016344  0.313382  0.861414  0.399696  -0.936208  0.350761  -0.021916  -0.159077  -0.367331  0.916386  -0.010023  0.007515  0.031790  -0.512589  0.988616  -0.521885  1.000000  
98.761277 0.004418  -0.005906  -0.016305  0.314991  0.861476  0.398296  -0.935892  0.351689  -0.020522  -0.157756  -0.366297  0.917027  -0.010379  0.007631  0.031760  -0.526409  1.024381  -0.544195  1.000000  
98.762279 0.004405  -0.005897  -0.016273  0.316008  0.861577  0.397271  -0.935727  0.352188  -0.019481  -0.156699  -0.365581  0.917494  -0.010761  0.007736  0.031810  -0.536956  1.049965  -0.549104  1.000000  
98.763530 0.004388  -0.005886  -0.016228  0.317430  0.861722  0.395820  -0.935488  0.352898  -0.018058  -0.155245  -0.364553  0.918151  -0.011190  0.007804  0.032264  -0.554934  1.082440  -0.559094  1.000000  
98.764792 0.004369  -0.005876  -0.016181  0.319044  0.861744  0.394472  -0.935179  0.353791  -0.016513  -0.153791  -0.363634  0.918759  -0.011773  0.007913  0.033036  -0.567799  1.121252  -0.581220  1.000000  
98.766033 0.004349  -0.005866  -0.016133  0.320464  0.861884  0.393012  -0.934931  0.354508  -0.015096  -0.152336  -0.362602  0.919409  -0.012324  0.008040  0.033925  -0.584732  1.156245  -0.597598  1.000000  
98.767035 0.004334  -0.005858  -0.016095  0.321678  0.861968  0.391834  -0.934707  0.355146  -0.013908  -0.151146  -0.361776  0.919931  -0.012712  0.008132  0.034402  -0.595974  1.182638  -0.603256  1.000000  
98.768282 0.004313  -0.005848  -0.016048  0.323296  0.862046  0.390328  -0.934405  0.356001  -0.012298  -0.149559  -0.360748  0.920594  -0.013183  0.008204  0.034872  -0.608599  1.216635  -0.619383  1.000000  
98.769284 0.004297  -0.005840  -0.016012  0.324515  0.862095  0.389207  -0.934193  0.356601  -0.010955  -0.148236  -0.360039  0.921085  -0.013586  0.008248  0.035152  -0.614223  1.248672  -0.629161  1.000000  
98.770543 0.004278  -0.005829  -0.015968  0.325939  0.862242  0.387689  -0.933948  0.357286  -0.009431  -0.146648  -0.359007  0.921742  -0.013965  0.008391  0.034915  -0.625329  1.277900  -0.633060  1.000000  
98.771782 0.004257  -0.005818  -0.015928  0.327369  0.862402  0.386126  -0.933716  0.357929  -0.007793  -0.144927  -0.357981  0.922413  -0.014439  0.008457  0.034662  -0.640971  1.312064  -0.635637  1.000000  
98.773027 0.004236  -0.005808  -0.015888  0.329182  0.862458  0.384456  -0.933344  0.358932  -0.006044  -0.143206  -0.356840  0.923124  -0.014816  0.008469  0.034459  -0.653399  1.353850  -0.657508  1.000000  
98.774027 0.004219  -0.005800  -0.015857  0.330392  0.862529  0.383255  -0.933099  0.359587  -0.004870  -0.142014  -0.356006  0.923630  -0.015165  0.008403  0.034499  -0.658802  1.367685  -0.657459  1.000000  
98.775027 0.004201  -0.005793  -0.015823  0.331806  0.862650  0.381760  -0.932818  0.360332  -0.003474  -0.140557  -0.354960  0.924255  -0.015570  0.008269  0.034701  -0.675646  1.404439  -0.668931  1.000000  
98.776029 0.004183  -0.005787  -0.015788  0.333219  0.862675  0.380470  -0.932532  0.361081  -0.001993  -0.139099  -0.354136  0.924791  -0.015936  0.008075  0.035019  -0.687014  1.429914  -0.674616  1.000000  
98.777277 0.004161  -0.005778  -0.015740  0.335219  0.862690  0.378673  -0.932071  0.362277  -0.000223  -0.137377  -0.352876  0.925530  -0.016297  0.007901  0.035508  -0.703620  1.466914  -0.698336  1.000000  
98.778277 0.004143  -0.005772  -0.015701  0.336637  0.862772  0.377227  -0.931793  0.362988  0.001324  -0.135786  -0.351943  0.926120  -0.016603  0.007786  0.035749  -0.716334  1.491089  -0.701468  1.000000  
98.779527 0.004120  -0.005762  -0.015653  0.338647  0.862857  0.375228  -0.931352  0.364105  0.003274  -0.133798  -0.350578  0.926927  -0.016859  0.007684  0.035802  -0.734134  1.529073  -0.717335  1.000000  
98.780527 0.004102  -0.005755  -0.015615  0.340253  0.862858  0.373769  -0.930994  0.365003  0.004891  -0.132206  -0.349641  0.927509  -0.017056  0.007633  0.035838  -0.745752  1.558526  -0.721854  1.000000  
98.781548 0.004084  -0.005749  -0.015580  0.341673  0.862993  0.372159  -0.930717  0.365683  0.006501  -0.130482  -0.348596  0.928146  -0.017158  0.007523  0.035594  -0.768492  1.597642  -0.725759  1.000000  
98.782787 0.004063  -0.005739  -0.015536  0.343679  0.863021  0.370244  -0.930255  0.366815  0.008481  -0.128492  -0.347336  0.928896  -0.017249  0.007482  0.035424  -0.783722  1.633755  -0.735698  1.000000  
98.783795 0.004045  -0.005731  -0.015501  0.345294  0.863089  0.368577  -0.929912  0.367639  0.010276  -0.126634  -0.346292  0.929541  -0.017390  0.007470  0.035163  -0.798543  1.669398  -0.745024  1.000000  
98.785032 0.004024  -0.005722  -0.015456  0.347301  0.863169  0.366498  -0.929451  0.368740  0.012318  -0.124510  -0.344919  0.930337  -0.017433  0.007446  0.035250  -0.818168  1.710779  -0.757488  1.000000  
98.786036 0.004007  -0.005715  -0.015419  0.349099  0.863095  0.364963  -0.929007  0.369793  0.014108  -0.122784  -0.343978  0.930915  -0.017536  0.007298  0.035506  -0.828239  1.748755  -0.769835  1.000000  
98.787279 0.003984  -0.005707  -0.015371  0.351294  0.863089  0.362864  -0.928458  0.371084  0.016213  -0.120659  -0.342600  0.931701  -0.017690  0.007130  0.036119  -0.847149  1.787517  -0.786800  1.000000  
98.788280 0.003964  -0.005702  -0.015332  0.353088  0.863007  0.361315  -0.928000  0.372145  0.017994  -0.118932  -0.341654  0.932270  -0.017815  0.007000  0.036626  -0.853256  1.821845  -0.804685  1.000000  
98.789527 0.003940  -0.005695  -0.015281  0.355469  0.862870  0.359300  -0.927361  0.373623  0.020207  -0.116807  -0.340383  0.933003  -0.017992  0.006800  0.037302  -0.859229  1.863102  -0.828440  1.000000  
98.790527 0.003921  -0.005689  -0.015241  0.357265  0.862840  0.357587  -0.926903  0.374653  0.022049  -0.114946  -0.339325  0.933620  -0.018128  0.006683  0.037678  -0.870539  1.894483  -0.840056  1.000000  
98.791783 0.003896  -0.005683  -0.015192  0.359648  0.862710  0.355507  -0.926259  0.376100  0.024365  -0.112686  -0.338054  0.934356  -0.018298  0.006539  0.037823  -0.881436  1.936709  -0.864381  1.000000  
98.793027 0.003871  -0.005677  -0.015145  0.362033  0.862590  0.353371  -0.925618  0.377511  0.026790  -0.110293  -0.336785  0.935100  -0.018423  0.006375  0.037699  -0.886917  1.970501  -0.883300  1.000000  
98.794277 0.003846  -0.005671  -0.015100  0.364409  0.862490  0.351164  -0.924951  0.378974  0.029044  -0.108032  -0.335394  0.935863  -0.018581  0.006234  0.037559  -0.901768  2.011976  -0.913141  1.000000  
98.795527 0.003821  -0.005665  -0.015055  0.366798  0.862434  0.348808  -0.924314  0.380320  0.031640  -0.105371  -0.334013  0.936660  -0.018742  0.006032  0.037391  -0.912613  2.055552  -0.929927  1.000000  
98.796527 0.003800  -0.005660  -0.015018  0.368583  0.862381  0.347053  -0.923814  0.381377  0.033453  -0.103508  -0.332942  0.937249  -0.018992  0.005901  0.037549  -0.920196  2.086405  -0.942001  1.000000  
98.797777 0.003775  -0.005654  -0.014968  0.370771  0.862375  0.344728  -0.923218  0.382600  0.035847  -0.100979  -0.331551  0.938018  -0.019221  0.005712  0.037857  -0.933171  2.121863  -0.953663  1.000000  
98.798795 0.003753  -0.005649  -0.014925  0.372551  0.862356  0.342853  -0.922704  0.383672  0.037603  -0.099116  -0.330361  0.938636  -0.019518  0.005479  0.038391  -0.945526  2.150195  -0.973763  1.000000  
98.800029 0.003727  -0.005643  -0.014871  0.374543  0.862459  0.340413  -0.922165  0.384736  0.039867  -0.096586  -0.328849  0.939430  -0.019849  0.005238  0.038997  -0.966129  2.179097  -0.980755  1.000000  
98.801032 0.003704  -0.005639  -0.014827  0.376129  0.862551  0.338427  -0.921713  0.385647  0.041496  -0.094721  -0.327540  0.940077  -0.020180  0.005081  0.039478  -0.984571  2.202708  -0.997127  1.000000  
98.802041 0.003681  -0.005635  -0.014783  0.377913  0.862551  0.336435  -0.921200  0.386654  0.043469  -0.092590  -0.326351  0.940703  -0.020493  0.004902  0.039865  -0.992732  2.232994  -1.009724  1.000000  
98.803318 0.003652  -0.005629  -0.014729  0.379897  0.862638  0.333968  -0.920635  0.387740  0.045714  -0.090058  -0.324829  0.941475  -0.020781  0.004795  0.040080  -1.010879  2.261587  -1.008147  1.000000  
98.804531 0.003622  -0.005624  -0.014677  0.382072  0.862655  0.331433  -0.919991  0.388972  0.048137  -0.087393  -0.323307  0.942250  -0.021268  0.004701  0.040269  -1.026522  2.297178  -1.015373  1.000000  
98.805532 0.003597  -0.005621  -0.014636  0.383658  0.862720  0.329425  -0.919531  0.389820  0.050024  -0.085260  -0.322109  0.942856  -0.021593  0.004540  0.040323  -1.034875  2.313789  -1.018509  1.000000  
98.806777 0.003566  -0.005617  -0.014586  0.385826  0.862725  0.326870  -0.918867  0.391068  0.052433  -0.082593  -0.320580  0.943614  -0.021961  0.004401  0.040428  -1.049306  2.346341  -1.024659  1.000000  
98.807784 0.003541  -0.005615  -0.014545  0.387596  0.862700  0.324836  -0.918311  0.392106  0.054376  -0.080460  -0.319376  0.944206  -0.022375  0.004226  0.040709  -1.057347  2.372630  -1.033647  1.000000  
98.809027 0.003508  -0.005613  -0.014492  0.389942  0.862595  0.322297  -0.917536  0.393586  0.056720  -0.077926  -0.317837  0.944938  -0.022952  0.003934  0.041166  -1.068294  2.393244  -1.044947  1.000000  
98.810278 0.003473  -0.005611  -0.014438  0.392103  0.862597  0.319659  -0.916849  0.394818  0.059220  -0.075124  -0.316300  0.945680  -0.023572  0.003631  0.041792  -1.077355  2.416695  -1.045984  1.000000  
98.811278 0.003446  -0.005610  -0.014393  0.393875  0.862567  0.317553  -0.916293  0.395752  0.061541  -0.072589  -0.315212  0.946241  -0.023975  0.003461  0.042317  -1.083213  2.450088  -1.054638  1.000000  
98.812527 0.003411  -0.005608  -0.014333  0.396221  0.862415  0.315039  -0.915509  0.397124  0.064304  -0.069653  -0.313900  0.946898  -0.024639  0.003092  0.043041  -1.083138  2.478504  -1.059977  1.000000  
98.813533 0.003382  -0.005608  -0.014285  0.398171  0.862277  0.312950  -0.914843  0.398287  0.066561  -0.067250  -0.312803  0.947434  -0.025087  0.002743  0.043443  -1.089808  2.507223  -1.075995  1.000000  
98.814794 0.003346  -0.005608  -0.014225  0.400504  0.862134  0.310357  -0.914026  0.399720  0.069142  -0.064446  -0.311366  0.948102  -0.025788  0.002421  0.043762  -1.090882  2.524795  -1.080356  1.000000  
98.816030 0.003309  -0.005607  -0.014167  0.402836  0.862000  0.307700  -0.913203  0.401124  0.071830  -0.061509  -0.309928  0.948768  -0.026359  0.002092  0.044035  -1.101008  2.548646  -1.081931  1.000000  
98.817038 0.003278  -0.005607  -0.014122  0.404586  0.861929  0.305595  -0.912588  0.402128  0.074001  -0.059105  -0.308822  0.949282  -0.026860  0.001812  0.044072  -1.102990  2.571367  -1.078459  1.000000  
98.818284 0.003241  -0.005607  -0.014065  0.406717  0.861812  0.303086  -0.911818  0.403398  0.076542  -0.056299  -0.307490  0.949884  -0.027473  0.001529  0.044383  -1.107643  2.591310  -1.075323  1.000000  
98.819286 0.003210  -0.005607  -0.014019  0.408460  0.861732  0.300963  -0.911184  0.404414  0.078701  -0.053895  -0.306378  0.950383  -0.027887  0.001195  0.044616  -1.116111  2.609091  -1.064763  1.000000  
98.820538 0.003172  -0.005607  -0.013959  0.410964  0.861506  0.298189  -0.910234  0.405989  0.081532  -0.050822  -0.304929  0.951018  -0.028433  0.000895  0.045184  -1.123775  2.637091  -1.073250  1.000000  
98.821780 0.003132  -0.005607  -0.013895  0.413087  0.861367  0.295644  -0.909439  0.407197  0.084328  -0.047748  -0.303706  0.951569  -0.029035  0.000611  0.046077  -1.123140  2.655651  -1.062193  1.000000  
98.823027 0.003093  -0.005609  -0.013830  0.415578  0.861126  0.292842  -0.908460  0.408789  0.087138  -0.044674  -0.302248  0.952182  -0.029439  0.000387  0.046925  -1.131609  2.677169  -1.065815  1.000000  
98.824029 0.003060  -0.005610  -0.013778  0.417492  0.860905  0.290764  -0.907697  0.409997  0.089376  -0.042268  -0.301240  0.952611  -0.029877  0.000149  0.047697  -1.130195  2.698005  -1.064098  1.000000  
98.825277 0.003019  -0.005612  -0.013713  0.419788  0.860716  0.288005  -0.906782  0.411380  0.092272  -0.039059  -0.299892  0.953173  -0.030278  -0.000054  0.048364  -1.132265  2.719007  -1.065937  1.000000  
98.826277 0.002987  -0.005613  -0.013661  0.421692  0.860485  0.285906  -0.905998  0.412599  0.094496  -0.036653  -0.298878  0.953587  -0.030618  -0.000263  0.048808  -1.128487  2.726367  -1.066738  1.000000  
98.827279 0.002953  -0.005615  -0.013610  0.423590  0.860232  0.283853  -0.905201  0.413860  0.096597  -0.034379  -0.297861  0.953990  -0.031031  -0.000492  0.049061  -1.126437  2.741151  -1.074392  1.000000  
98.828527 0.002911  -0.005618  -0.013547  0.426241  0.859768  0.281278  -0.904068  0.415629  0.099566  -0.031304  -0.296734  0.954447  -0.031441  -0.000649  0.049243  -1.119848  2.767068  -1.089362  1.000000  
98.829527 0.002876  -0.005621  -0.013497  0.428318  0.859436  0.279129  -0.903166  0.417041  0.101825  -0.028896  -0.295713  0.954840  -0.031871  -0.000912  0.049440  -1.110321  2.784176  -1.108190  1.000000  
98.830777 0.002833  -0.005624  -0.013434  0.430770  0.859045  0.276548  -0.902092  0.418646  0.104715  -0.025820  -0.294580  0.955278  -0.032230  -0.001086  0.049691  -1.098287  2.810537  -1.125250  1.000000  
98.831861 0.002799  -0.005626  -0.013383  0.432839  0.858719  0.274321  -0.901171  0.420032  0.107072  -0.023279  -0.293555  0.955659  -0.032362  -0.001264  0.049851  -1.089529  2.821304  -1.137487  1.000000  
98.833037 0.002754  -0.005630  -0.013314  0.435279  0.858332  0.271656  -0.900072  0.421614  0.110057  -0.020068  -0.292416  0.956081  -0.033026  -0.001564  0.050857  -1.081453  2.857261  -1.158613  1.000000  
98.834281 0.002708  -0.005633  -0.013244  0.437713  0.857939  0.268976  -0.898957  0.423203  0.113031  -0.016858  -0.291273  0.956491  -0.033502  -0.001738  0.051692  -1.069075  2.873898  -1.169416  1.000000  
98.835286 0.002671  -0.005634  -0.013185  0.439580  0.857683  0.266738  -0.898089  0.424429  0.115305  -0.014316  -0.290240  0.956847  -0.033913  -0.001866  0.052450  -1.064753  2.889214  -1.181990  1.000000  
98.836528 0.002626  -0.005636  -0.013111  0.442184  0.857172  0.264063  -0.896854  0.426242  0.118198  -0.011239  -0.289091  0.957236  -0.034246  -0.001892  0.053116  -1.053353  2.907002  -1.202207  1.000000  
98.837529 0.002589  -0.005637  -0.013051  0.444225  0.856786  0.261882  -0.895873  0.427641  0.120561  -0.008697  -0.288169  0.957540  -0.034672  -0.001949  0.053764  -1.043534  2.919873  -1.212069  1.000000  
98.838531 0.002552  -0.005638  -0.012991  0.446261  0.856443  0.259530  -0.894882  0.429024  0.122978  -0.006021  -0.287129  0.957873  -0.035045  -0.001887  0.054241  -1.041216  2.946665  -1.224850  1.000000  
98.839784 0.002505  -0.005638  -0.012919  0.448661  0.856000  0.256839  -0.893697  0.430678  0.125784  -0.002944  -0.285971  0.958234  -0.035446  -0.001814  0.054687  -1.030591  2.955269  -1.233116  1.000000  
98.841027 0.002458  -0.005639  -0.012846  0.451421  0.855390  0.254023  -0.892311  0.432657  0.128798  0.000268  -0.284810  0.958584  -0.035767  -0.001720  0.055194  -1.026501  2.967843  -1.258150  1.000000  
98.842027 0.002419  -0.005640  -0.012788  0.453438  0.854967  0.251842  -0.891283  0.434025  0.131291  0.002944  -0.283995  0.958821  -0.036216  -0.001654  0.055736  -1.020657  2.982708  -1.275020  1.000000  
98.843027 0.002380  -0.005641  -0.012729  0.455267  0.854643  0.249632  -0.890338  0.435271  0.133557  0.005486  -0.283061  0.959086  -0.036564  -0.001600  0.056342  -1.013741  2.985828  -1.277385  1.000000  
98.844278 0.002330  -0.005643  -0.012652  0.458005  0.853947  0.246994  -0.888910  0.437317  0.136359  0.008429  -0.282008  0.959375  -0.037053  -0.001469  0.057255  -1.003165  2.987995  -1.294638  1.000000  
98.845278 0.002289  -0.005644  -0.012590  0.460006  0.853492  0.244838  -0.887848  0.438731  0.138711  0.010971  -0.281187  0.959590  -0.037464  -0.001433  0.057940  -0.999160  2.997456  -1.305547  1.000000  
98.846278 0.002248  -0.005645  -0.012527  0.462002  0.852969  0.242894  -0.886780  0.440198  0.140881  0.013246  -0.280480  0.959768  -0.037881  -0.001310  0.058810  -0.983359  2.995136  -1.322844  1.000000  
98.847529 0.002195  -0.005646  -0.012446  0.464533  0.852366  0.240168  -0.885400  0.441964  0.143994  0.016590  -0.279535  0.959992  -0.038452  -0.001176  0.059775  -0.973441  3.012183  -1.342277  1.000000  
98.848537 0.002153  -0.005647  -0.012382  0.466152  0.852051  0.238143  -0.884498  0.443020  0.146276  0.019132  -0.278824  0.960152  -0.038879  -0.001077  0.060328  -0.962630  3.019847  -1.342866  1.000000  
98.849784 0.002100  -0.005647  -0.012302  0.468849  0.851327  0.235418  -0.882995  0.445003  0.149302  0.022343  -0.277873  0.960358  -0.039307  -0.000925  0.060868  -0.949062  3.033319  -1.360489  1.000000  
98.851035 0.002047  -0.005647  -0.012223  0.471355  0.850706  0.232647  -0.881570  0.446784  0.152379  0.025687  -0.276919  0.960550  -0.039807  -0.000752  0.061168  -0.939694  3.039763  -1.376087  1.000000  
98.852285 0.001996  -0.005646  -0.012145  0.474033  0.849967  0.229888  -0.880033  0.448777  0.155376  0.028896  -0.275963  0.960734  -0.040251  -0.000616  0.061516  -0.930056  3.048143  -1.398292  1.000000  
98.853526 0.001944  -0.005645  -0.012067  0.477063  0.849062  0.226944  -0.878282  0.451143  0.158398  0.032106  -0.274887  0.960940  -0.040528  -0.000481  0.061654  -0.924523  3.061796  -1.429028  1.000000  
98.854530 0.001902  -0.005643  -0.012003  0.479189  0.848489  0.224598  -0.877022  0.452731  0.160831  0.034781  -0.274046  0.961087  -0.040870  -0.000328  0.062072  -0.922469  3.068009  -1.449256  1.000000  
98.855534 0.001861  -0.005641  -0.011940  0.481488  0.847817  0.222208  -0.875652  0.454496  0.163299  0.037455  -0.273203  0.961227  -0.041061  -0.000154  0.062418  -0.915905  3.080719  -1.469588  1.000000  
98.856777 0.001810  -0.005638  -0.011857  0.484489  0.846859  0.219317  -0.873852  0.456855  0.166332  0.040664  -0.272236  0.961371  -0.041379  0.000099  0.063164  -0.910947  3.093629  -1.499287  1.000000  
98.857777 0.001769  -0.005636  -0.011789  0.486950  0.846079  0.216865  -0.872354  0.458801  0.168820  0.043337  -0.271390  0.961493  -0.041430  0.000340  0.063700  -0.912953  3.106826  -1.519377  1.000000  
98.859027 0.001718  -0.005634  -0.011703  0.490103  0.845070  0.213674  -0.870407  0.461299  0.172033  0.046812  -0.270297  0.961638  -0.041503  0.000570  0.064346  -0.912586  3.134540  -1.549431  1.000000  
98.860277 0.001666  -0.005631  -0.011618  0.492884  0.844214  0.210636  -0.868641  0.463433  0.175196  0.050287  -0.269318  0.961737  -0.041521  0.000838  0.064794  -0.912514  3.146742  -1.563711  1.000000  
98.861280 0.001625  -0.005629  -0.011551  0.495138  0.843480  0.208277  -0.867199  0.465194  0.177655  0.052959  -0.268581  0.961800  -0.041459  0.001088  0.065007  -0.911351  3.158918  -1.578078  1.000000  
98.862527 0.001574  -0.005627  -0.011470  0.498075  0.842512  0.205167  -0.865295  0.467509  0.180829  0.056433  -0.267597  0.961877  -0.041389  0.001267  0.065081  -0.907462  3.173515  -1.605028  1.000000  
98.863531 0.001533  -0.005626  -0.011405  0.500308  0.841758  0.202818  -0.863819  0.469223  0.183431  0.059238  -0.266970  0.961882  -0.041304  0.001421  0.065122  -0.902315  3.181888  -1.625765  1.000000  
98.864794 0.001483  -0.005623  -0.011326  0.503230  0.840737  0.199802  -0.861894  0.471607  0.186350  0.062443  -0.265984  0.961953  -0.041125  0.001663  0.064990  -0.897676  3.188946  -1.653852  1.000000  
98.866032 0.001431  -0.005621  -0.011248  0.505957  0.839774  0.196944  -0.860047  0.473745  0.189435  0.065781  -0.265227  0.961939  -0.041072  0.001760  0.065017  -0.890079  3.202338  -1.674557  1.000000  
98.867037 0.001390  -0.005620  -0.011185  0.508161  0.839001  0.194551  -0.858527  0.475466  0.191999  0.068585  -0.264594  0.961918  -0.041044  0.001814  0.065076  -0.885939  3.215885  -1.687922  1.000000  
98.868285 0.001339  -0.005618  -0.011105  0.510866  0.838046  0.191558  -0.856647  0.477633  0.194996  0.071922  -0.263715  0.961916  -0.040996  0.001845  0.065199  -0.877472  3.215175  -1.704201  1.000000  
98.869533 0.001287  -0.005615  -0.011024  0.513553  0.837078  0.188583  -0.854740  0.479749  0.198145  0.075391  -0.262947  0.961860  -0.041026  0.001869  0.065344  -0.870349  3.232643  -1.723595  1.000000  
98.870546 0.001245  -0.005614  -0.010957  0.515721  0.836327  0.185979  -0.853168  0.481471  0.200722  0.078326  -0.262187  0.961833  -0.041072  0.001813  0.065392  -0.868783  3.243482  -1.727726  1.000000  
98.871789 0.001192  -0.005611  -0.010875  0.518378  0.835363  0.182901  -0.851218  0.483563  0.203949  0.081927  -0.261411  0.961744  -0.041167  0.001802  0.065401  -0.864066  3.258828  -1.742670  1.000000  
98.873027 0.001139  -0.005609  -0.010791  0.520677  0.834594  0.179856  -0.849472  0.485369  0.206915  0.085393  -0.260519  0.961685  -0.041315  0.001803  0.065327  -0.864304  3.265323  -1.748495  1.000000  
98.874027 0.001096  -0.005605  -0.010724  0.522478  0.833987  0.177431  -0.848093  0.486817  0.209158  0.088059  -0.259758  0.961650  -0.041437  0.001882  0.065296  -0.866463  3.270556  -1.741739  1.000000  
98.875030 0.001052  -0.005603  -0.010659  0.524265  0.833373  0.175029  -0.846694  0.488212  0.211560  0.090858  -0.259110  0.961565  -0.041591  0.001939  0.065040  -0.863943  3.281928  -1.741130  1.000000  
