1-Time 2-Px 3-Py 4-Pz 5-R11 6-R21 7-R31 8-R12 9-R22 10-R32 11-R13 12-R23 13-R33 14-Vx 15-Vy 16-Vz 17-Wx 18-Wy 19-Wz 20-state
93.943660 0.019623  -0.009938  0.011006  0.378195  0.879464  0.288985  -0.796627  0.150176  0.585519  0.471544  -0.451653  0.757400  0.000134  0.000348  0.001648  0.000000  0.000000  0.000000  1.000000  
93.944855 0.019622  -0.009938  0.011007  0.378195  0.879464  0.288985  -0.796627  0.150176  0.585519  0.471544  -0.451653  0.757400  -0.000995  -0.000025  0.000371  0.000000  0.000000  0.000000  1.000000  
93.946100 0.019614  -0.009937  0.010998  0.378359  0.879433  0.288864  -0.796549  0.150357  0.585579  0.471544  -0.451653  0.757400  -0.004038  0.000410  -0.003704  0.000000  0.000000  0.000000  1.000000  
93.947350 0.019602  -0.009937  0.010988  0.378359  0.879398  0.288971  -0.796549  0.150286  0.585597  0.471544  -0.451745  0.757346  -0.006016  0.000190  -0.005230  0.000000  0.000000  0.000000  1.000000  
93.948602 0.019597  -0.009936  0.010984  0.378523  0.879402  0.288744  -0.796471  0.150538  0.585638  0.471544  -0.451653  0.757400  -0.005603  0.000458  -0.004740  0.000000  0.000000  0.000000  1.000000  
93.949845 0.019591  -0.009934  0.010983  0.378523  0.879402  0.288744  -0.796471  0.150538  0.585638  0.471544  -0.451653  0.757400  -0.005435  0.000678  -0.003930  0.000000  0.000000  0.000000  1.000000  
93.950846 0.019583  -0.009931  0.010981  0.378687  0.879371  0.288623  -0.796393  0.150719  0.585697  0.471544  -0.451653  0.757400  -0.005774  0.000971  -0.003700  0.000000  0.000000  0.000000  1.000000  
93.951852 0.019571  -0.009928  0.010977  0.378687  0.879371  0.288623  -0.796393  0.150719  0.585697  0.471544  -0.451653  0.757400  -0.006470  0.001254  -0.003691  0.000000  0.000000  0.000000  1.000000  
93.953096 0.019556  -0.009923  0.010972  0.378687  0.879371  0.288623  -0.796393  0.150719  0.585697  0.471544  -0.451653  0.757400  -0.007260  0.001646  -0.003783  0.000000  0.000000  0.000000  1.000000  
93.954096 0.019546  -0.009919  0.010969  0.378660  0.879397  0.288580  -0.796336  0.150664  0.585789  0.471662  -0.451621  0.757346  -0.007547  0.001885  -0.003613  0.000000  0.000000  0.000000  1.000000  
93.955346 0.019536  -0.009913  0.010965  0.378824  0.879401  0.288352  -0.796258  0.150916  0.585830  0.471662  -0.451529  0.757401  -0.007575  0.002177  -0.003610  0.000000  0.000000  0.000000  1.000000  
93.956599 0.019525  -0.009909  0.010959  0.378797  0.879427  0.288309  -0.796201  0.150862  0.585922  0.471780  -0.451497  0.757347  -0.007712  0.002287  -0.003700  0.000000  0.000000  0.000000  1.000000  
93.957849 0.019510  -0.009904  0.010950  0.378769  0.879453  0.288265  -0.796144  0.150807  0.586013  0.471898  -0.451465  0.757292  -0.008074  0.002407  -0.004041  0.000000  0.000000  0.000000  1.000000  
93.959103 0.019492  -0.009900  0.010938  0.378906  0.879482  0.287994  -0.796009  0.151005  0.586146  0.472016  -0.451340  0.757293  -0.008846  0.002572  -0.004721  0.000000  0.000000  0.000000  1.000000  
93.960370 0.019474  -0.009897  0.010924  0.378906  0.879517  0.287888  -0.796009  0.151076  0.586127  0.472016  -0.451249  0.757348  -0.009752  0.002732  -0.005315  0.000000  0.000000  0.000000  1.000000  
93.961599 0.019458  -0.009894  0.010912  0.379070  0.879521  0.287660  -0.795931  0.151328  0.586168  0.472016  -0.451157  0.757402  -0.010098  0.002907  -0.005475  0.000000  0.000000  0.000000  1.000000  
93.962599 0.019444  -0.009891  0.010905  0.379234  0.879490  0.287540  -0.795853  0.151509  0.586227  0.472016  -0.451157  0.757402  -0.010534  0.003092  -0.005520  0.000000  0.000000  0.000000  1.000000  
93.963864 0.019428  -0.009884  0.010898  0.379398  0.879494  0.287312  -0.795775  0.151761  0.586268  0.472016  -0.451065  0.757457  -0.011268  0.003425  -0.005762  0.000000  0.000000  0.000000  1.000000  
93.965096 0.019409  -0.009877  0.010894  0.379562  0.879462  0.287192  -0.795697  0.151943  0.586327  0.472016  -0.451065  0.757457  -0.012043  0.003710  -0.005953  0.000000  0.000000  0.000000  1.000000  
93.966096 0.019393  -0.009872  0.010887  0.379725  0.879431  0.287071  -0.795619  0.152124  0.586386  0.472016  -0.451065  0.757457  -0.012431  0.003897  -0.006158  0.000000  0.000000  0.000000  1.000000  
93.967346 0.019375  -0.009866  0.010875  0.379889  0.879400  0.286950  -0.795541  0.152305  0.586445  0.472016  -0.451065  0.757457  -0.012615  0.004009  -0.006722  0.000000  0.000000  0.000000  1.000000  
93.968596 0.019360  -0.009861  0.010861  0.380217  0.879337  0.286709  -0.795384  0.152667  0.586564  0.472016  -0.451065  0.757457  -0.012679  0.004014  -0.007287  0.000000  0.000000  0.000000  1.000000  
93.969596 0.019349  -0.009855  0.010851  0.380380  0.879305  0.286588  -0.795306  0.152848  0.586623  0.472016  -0.451065  0.757457  -0.012938  0.004059  -0.007871  0.000000  0.000000  0.000000  1.000000  
93.970600 0.019337  -0.009850  0.010843  0.380708  0.879242  0.286346  -0.795149  0.153210  0.586741  0.472016  -0.451065  0.757457  -0.013219  0.004135  -0.008125  0.000000  0.000000  0.000000  1.000000  
93.971848 0.019319  -0.009845  0.010832  0.380872  0.879211  0.286226  -0.795071  0.153391  0.586799  0.472016  -0.451065  0.757457  -0.013564  0.004145  -0.008420  0.000000  0.000000  0.000000  1.000000  
93.973096 0.019300  -0.009842  0.010819  0.381199  0.879113  0.286091  -0.794914  0.153682  0.586936  0.472016  -0.451157  0.757402  -0.013799  0.004096  -0.008548  0.000000  0.000000  0.000000  1.000000  
93.974346 0.019280  -0.009839  0.010809  0.381499  0.879076  0.285805  -0.794700  0.153989  0.587145  0.472134  -0.451124  0.757348  -0.013915  0.004034  -0.008391  0.000000  0.000000  0.000000  1.000000  
93.975603 0.019262  -0.009834  0.010801  0.381662  0.879044  0.285684  -0.794621  0.154170  0.587204  0.472134  -0.451124  0.757348  -0.013882  0.004187  -0.008007  0.000000  0.000000  0.000000  1.000000  
93.976872 0.019244  -0.009829  0.010795  0.381990  0.878980  0.285442  -0.794464  0.154532  0.587321  0.472134  -0.451124  0.757348  -0.014060  0.004309  -0.007600  -0.095410  0.091095  -0.108941  1.000000  
93.978102 0.019222  -0.009823  0.010790  0.382344  0.878856  0.285351  -0.794364  0.154877  0.587366  0.472016  -0.451249  0.757348  -0.014414  0.004376  -0.007459  -0.090579  0.090424  -0.116567  1.000000  
93.979348 0.019200  -0.009817  0.010781  0.382508  0.878824  0.285230  -0.794285  0.155058  0.587425  0.472016  -0.451249  0.757348  -0.014635  0.004322  -0.007790  -0.093842  0.093546  -0.121805  1.000000  
93.980597 0.019179  -0.009810  0.010769  0.382671  0.878792  0.285109  -0.794206  0.155239  0.587484  0.472016  -0.451249  0.757348  -0.014787  0.004269  -0.008144  -0.093846  0.093550  -0.121810  1.000000  
93.981597 0.019163  -0.009805  0.010758  0.382835  0.878726  0.285095  -0.794128  0.155349  0.587561  0.472016  -0.451340  0.757293  -0.014849  0.004303  -0.008315  -0.093054  0.096703  -0.127073  1.000000  
93.982597 0.019147  -0.009799  0.010747  0.382998  0.878694  0.284974  -0.794049  0.155529  0.587620  0.472016  -0.451340  0.757293  -0.015036  0.004425  -0.008350  -0.096295  0.099803  -0.132282  1.000000  
93.983852 0.019124  -0.009792  0.010736  0.383161  0.878627  0.284959  -0.793970  0.155639  0.587698  0.472016  -0.451432  0.757238  -0.015648  0.004451  -0.008171  -0.095482  0.099057  -0.139796  1.000000  
93.985096 0.019099  -0.009787  0.010726  0.383161  0.878592  0.285066  -0.793970  0.155568  0.587716  0.472016  -0.451524  0.757183  -0.016287  0.004394  -0.008038  -0.084082  0.095953  -0.134584  1.000000  
93.986346 0.019073  -0.009783  0.010719  0.383134  0.878550  0.285235  -0.793913  0.155371  0.587845  0.472134  -0.451675  0.757020  -0.016951  0.004315  -0.007815  -0.075958  0.095974  -0.134578  1.000000  
93.987599 0.019047  -0.009778  0.010710  0.383134  0.878515  0.285342  -0.793913  0.155299  0.587864  0.472134  -0.451767  0.756965  -0.017384  0.004402  -0.007570  -0.071883  0.092105  -0.136855  1.000000  
93.988846 0.019020  -0.009772  0.010702  0.383134  0.878480  0.285448  -0.793913  0.155228  0.587883  0.472134  -0.451859  0.756910  -0.017831  0.004520  -0.007368  -0.059970  0.084407  -0.132801  1.000000  
93.989846 0.018998  -0.009769  0.010694  0.383270  0.878440  0.285390  -0.793777  0.155283  0.588052  0.472252  -0.451918  0.756801  -0.018379  0.004573  -0.007442  -0.059205  0.091384  -0.135764  1.000000  
93.990850 0.018977  -0.009764  0.010685  0.383270  0.878440  0.285390  -0.793777  0.155283  0.588052  0.472252  -0.451918  0.756801  -0.018803  0.004617  -0.007692  0.000000  0.000000  0.000000  1.000000  
93.991852 0.018956  -0.009760  0.010676  0.383243  0.878432  0.285452  -0.793720  0.155157  0.588162  0.472370  -0.451978  0.756692  -0.019216  0.004612  -0.007977  0.000000  0.000000  0.000000  1.000000  
93.993103 0.018929  -0.009753  0.010663  0.383406  0.878400  0.285331  -0.793641  0.155338  0.588221  0.472370  -0.451978  0.756692  -0.019574  0.004614  -0.008530  0.000000  0.000000  0.000000  1.000000  
93.994354 0.018904  -0.009745  0.010649  0.383569  0.878333  0.285317  -0.793562  0.155448  0.588298  0.472370  -0.452070  0.756637  -0.019747  0.004793  -0.008864  0.000000  0.000000  0.000000  1.000000  
93.995599 0.018878  -0.009736  0.010634  0.383542  0.878325  0.285379  -0.793505  0.155322  0.588408  0.472488  -0.452129  0.756528  -0.020135  0.004976  -0.008963  0.000000  0.000000  0.000000  1.000000  
93.996599 0.018858  -0.009730  0.010623  0.383705  0.878293  0.285258  -0.793426  0.155503  0.588467  0.472488  -0.452129  0.756528  -0.020414  0.004984  -0.008970  0.000000  0.000000  0.000000  1.000000  
93.997846 0.018833  -0.009723  0.010612  0.383868  0.878226  0.285243  -0.793347  0.155612  0.588545  0.472488  -0.452221  0.756473  -0.020691  0.004984  -0.008871  0.000000  0.000000  0.000000  1.000000  
93.998846 0.018812  -0.009719  0.010603  0.384032  0.878160  0.285229  -0.793268  0.155722  0.588622  0.472488  -0.452312  0.756418  -0.020822  0.004899  -0.008820  0.000000  0.000000  0.000000  1.000000  
93.999852 0.018791  -0.009714  0.010595  0.384358  0.878061  0.285093  -0.793110  0.156012  0.588758  0.472488  -0.452404  0.756363  -0.020899  0.004928  -0.008925  0.000000  0.000000  0.000000  1.000000  
94.001096 0.018764  -0.009709  0.010582  0.384494  0.878020  0.285034  -0.792974  0.156067  0.588927  0.472606  -0.452464  0.756254  -0.020969  0.004996  -0.009310  0.000000  0.000000  0.000000  1.000000  
94.002346 0.018738  -0.009704  0.010566  0.384793  0.877948  0.284854  -0.792759  0.156302  0.589154  0.472724  -0.452523  0.756145  -0.020932  0.005029  -0.009825  0.000000  0.000000  0.000000  1.000000  
94.003596 0.018714  -0.009699  0.010548  0.385092  0.877841  0.284780  -0.792544  0.156466  0.589401  0.472842  -0.452674  0.755981  -0.020758  0.004993  -0.010303  0.000000  0.000000  0.000000  1.000000  
94.004599 0.018695  -0.009695  0.010533  0.385390  0.877768  0.284599  -0.792328  0.156702  0.589628  0.472959  -0.452733  0.755872  -0.020543  0.004999  -0.010915  0.000000  0.000000  0.000000  1.000000  
94.005846 0.018671  -0.009690  0.010514  0.385689  0.877696  0.284419  -0.792112  0.156937  0.589855  0.473077  -0.452792  0.755763  -0.020390  0.004967  -0.011383  0.000000  0.000000  0.000000  1.000000  
94.006852 0.018652  -0.009685  0.010497  0.386015  0.877597  0.284282  -0.791953  0.157227  0.589991  0.473077  -0.452884  0.755708  -0.020278  0.004998  -0.011909  0.000000  0.000000  0.000000  1.000000  
94.007856 0.018633  -0.009679  0.010483  0.386476  0.877492  0.283980  -0.791658  0.157643  0.590276  0.473195  -0.452943  0.755598  -0.020118  0.005066  -0.012227  0.000000  0.000000  0.000000  1.000000  
94.009100 0.018609  -0.009671  0.010465  0.386746  0.877445  0.283755  -0.791385  0.157824  0.590594  0.473431  -0.452969  0.755435  -0.019994  0.004991  -0.012483  0.000000  0.000000  0.000000  1.000000  
94.010101 0.018590  -0.009665  0.010451  0.387044  0.877373  0.283573  -0.791169  0.158059  0.590821  0.473549  -0.453028  0.755326  -0.019847  0.004938  -0.012537  0.000000  0.000000  0.000000  1.000000  
94.011104 0.018571  -0.009660  0.010438  0.387505  0.877267  0.283270  -0.790873  0.158474  0.591106  0.473667  -0.453087  0.755216  -0.019809  0.004837  -0.012664  -0.003582  0.151040  -0.129911  1.000000  
94.012349 0.018545  -0.009653  0.010423  0.387775  0.877255  0.282938  -0.790599  0.158727  0.591404  0.473902  -0.453022  0.755108  -0.019836  0.004865  -0.012883  -0.006880  0.161883  -0.130517  1.000000  
94.013598 0.018518  -0.009646  0.010406  0.388072  0.877182  0.282756  -0.790383  0.158962  0.591630  0.474020  -0.453081  0.754998  -0.019909  0.004944  -0.013373  -0.010168  0.168917  -0.133441  1.000000  
94.014848 0.018490  -0.009639  0.010386  0.388342  0.877136  0.282530  -0.790109  0.159142  0.591947  0.474256  -0.453107  0.754835  -0.020049  0.004996  -0.013889  -0.016740  0.182867  -0.139225  1.000000  
94.015853 0.018468  -0.009634  0.010370  0.388477  0.877130  0.282364  -0.789972  0.159269  0.592096  0.474374  -0.453075  0.754780  -0.020001  0.005051  -0.014344  -0.024116  0.185963  -0.144404  1.000000  
94.017096 0.018441  -0.009628  0.010349  0.388746  0.877084  0.282137  -0.789698  0.159449  0.592413  0.474609  -0.453101  0.754616  -0.020141  0.005121  -0.014706  -0.034779  0.200003  -0.150230  1.000000  
94.018346 0.018413  -0.009621  0.010328  0.388987  0.877098  0.281759  -0.789367  0.159647  0.592801  0.474962  -0.453003  0.754453  -0.020422  0.005270  -0.014933  -0.045458  0.217842  -0.153728  1.000000  
94.019596 0.018383  -0.009613  0.010309  0.389093  0.877085  0.281654  -0.789173  0.159647  0.593059  0.475198  -0.453029  0.754289  -0.020779  0.005478  -0.014928  -0.045507  0.221707  -0.151369  1.000000  
94.020846 0.018352  -0.009605  0.010291  0.389171  0.877098  0.281505  -0.788922  0.159592  0.593408  0.475551  -0.453022  0.754070  -0.021226  0.005664  -0.014835  -0.044391  0.234469  -0.148401  1.000000  
94.021846 0.018328  -0.009598  0.010278  0.389115  0.877118  0.281522  -0.788807  0.159412  0.593608  0.475786  -0.453048  0.753906  -0.021582  0.005748  -0.014638  -0.044444  0.238316  -0.146067  1.000000  
94.023096 0.018297  -0.009590  0.010261  0.389058  0.877137  0.281539  -0.788693  0.159231  0.593808  0.476022  -0.453074  0.753742  -0.022141  0.005842  -0.014534  -0.037180  0.242872  -0.136273  1.000000  
94.024346 0.018266  -0.009581  0.010244  0.389164  0.877158  0.281327  -0.788499  0.159303  0.594047  0.476257  -0.453008  0.753633  -0.022574  0.005876  -0.014478  -0.041258  0.250534  -0.131662  1.000000  
94.025347 0.018239  -0.009574  0.010229  0.389108  0.877178  0.281344  -0.788385  0.159122  0.594247  0.476492  -0.453034  0.753469  -0.023157  0.005976  -0.014645  -0.041297  0.254307  -0.129287  1.000000  
94.026355 0.018212  -0.009567  0.010214  0.389051  0.877231  0.281255  -0.788270  0.159013  0.594428  0.476728  -0.452968  0.753360  -0.023585  0.006073  -0.014789  -0.038383  0.260951  -0.120478  1.000000  
94.027600 0.018179  -0.009558  0.010194  0.389129  0.877279  0.280999  -0.788018  0.159031  0.594757  0.477080  -0.452870  0.753196  -0.024046  0.006223  -0.014975  -0.042509  0.272527  -0.113509  1.000000  
94.028852 0.018146  -0.009549  0.010175  0.389072  0.877299  0.281016  -0.787904  0.158850  0.594957  0.477316  -0.452895  0.753031  -0.024510  0.006398  -0.015170  -0.039252  0.277094  -0.103607  1.000000  
94.030096 0.018113  -0.009540  0.010155  0.388987  0.877379  0.280882  -0.787732  0.158687  0.595228  0.477668  -0.452796  0.752867  -0.024866  0.006547  -0.015107  -0.036823  0.278591  -0.088513  1.000000  
94.031349 0.018081  -0.009532  0.010137  0.388931  0.877433  0.280793  -0.787617  0.158579  0.595409  0.477903  -0.452730  0.752757  -0.025192  0.006680  -0.014924  -0.034365  0.276167  -0.075717  1.000000  
94.032598 0.018048  -0.009523  0.010121  0.388874  0.877452  0.280810  -0.787503  0.158398  0.595609  0.478138  -0.452756  0.752593  -0.025437  0.006833  -0.014597  -0.031889  0.277617  -0.060586  1.000000  
94.033846 0.018016  -0.009513  0.010107  0.388980  0.877473  0.280599  -0.787308  0.158470  0.595847  0.478373  -0.452690  0.752483  -0.025733  0.006955  -0.014189  -0.032716  0.278346  -0.053020  1.000000  
94.035096 0.017986  -0.009504  0.010093  0.388895  0.877554  0.280465  -0.787136  0.158307  0.596118  0.478726  -0.452591  0.752319  -0.025671  0.007078  -0.013915  -0.034336  0.279791  -0.037897  1.000000  
94.036096 0.017961  -0.009496  0.010083  0.389000  0.877541  0.280359  -0.786941  0.158307  0.596375  0.478961  -0.452616  0.752154  -0.025686  0.007122  -0.013675  -0.030820  0.278193  -0.030064  1.000000  
94.037096 0.017938  -0.009488  0.010070  0.389105  0.877562  0.280147  -0.786746  0.158379  0.596613  0.479196  -0.452550  0.752044  -0.025566  0.007214  -0.013645  -0.031892  0.281214  -0.022749  1.000000  
94.038346 0.017908  -0.009480  0.010052  0.389210  0.877549  0.280042  -0.786551  0.158378  0.596870  0.479430  -0.452575  0.751879  -0.025489  0.007206  -0.013725  -0.025123  0.276497  -0.009870  1.000000  
94.039347 0.017885  -0.009474  0.010038  0.389315  0.877536  0.279936  -0.786356  0.158378  0.597128  0.479665  -0.452600  0.751714  -0.025346  0.007143  -0.013792  -0.017840  0.277209  -0.002371  1.000000  
94.040599 0.017855  -0.009467  0.010019  0.389420  0.877523  0.279830  -0.786160  0.158378  0.597385  0.479900  -0.452625  0.751549  -0.025147  0.007010  -0.013811  -0.011428  0.273230  0.008089  1.000000  
94.041846 0.017827  -0.009460  0.010000  0.389687  0.877478  0.279601  -0.785885  0.158558  0.597699  0.480135  -0.452650  0.751385  -0.024837  0.006872  -0.013741  -0.011362  0.274822  0.010367  1.000000  
94.042854 0.017803  -0.009455  0.009986  0.389791  0.877465  0.279495  -0.785689  0.158558  0.597956  0.480370  -0.452675  0.751220  -0.024566  0.006719  -0.013504  -0.008179  0.277754  0.018025  1.000000  
94.044098 0.017775  -0.009448  0.009970  0.390029  0.877447  0.279221  -0.785356  0.158684  0.598360  0.480722  -0.452666  0.750999  -0.024278  0.006563  -0.013332  -0.004146  0.281616  0.020381  1.000000  
94.045100 0.017751  -0.009443  0.009957  0.390295  0.877401  0.278992  -0.785080  0.158864  0.598675  0.480956  -0.452691  0.750834  -0.024064  0.006496  -0.013154  -0.004171  0.285455  0.022744  1.000000  
94.046349 0.017723  -0.009437  0.009942  0.390561  0.877356  0.278762  -0.784804  0.159044  0.598989  0.481191  -0.452715  0.750669  -0.023819  0.006340  -0.013021  -0.003435  0.288583  0.017570  1.000000  
94.047598 0.017695  -0.009432  0.009926  0.390826  0.877311  0.278533  -0.784528  0.159224  0.599302  0.481425  -0.452740  0.750504  -0.023587  0.006044  -0.013029  -0.003442  0.286195  0.017476  1.000000  
94.048846 0.017667  -0.009426  0.009909  0.391225  0.877226  0.278241  -0.784114  0.159458  0.599783  0.481777  -0.452822  0.750229  -0.023282  0.005809  -0.013197  -0.006069  0.294843  0.007289  1.000000  
94.049847 0.017645  -0.009422  0.009896  0.391490  0.877181  0.278010  -0.783837  0.159638  0.600096  0.482012  -0.452846  0.750063  -0.023113  0.005550  -0.013418  -0.005343  0.297963  0.002120  1.000000  
94.051096 0.017617  -0.009417  0.009876  0.391755  0.877135  0.277780  -0.783560  0.159818  0.600409  0.482246  -0.452871  0.749898  -0.022921  0.005320  -0.013752  -0.008709  0.297238  -0.005345  1.000000  
94.052347 0.017589  -0.009412  0.009857  0.391991  0.877084  0.277611  -0.783226  0.159871  0.600832  0.482598  -0.452952  0.749622  -0.022887  0.004919  -0.013983  -0.011318  0.307351  -0.013349  1.000000  
94.053596 0.017559  -0.009409  0.009838  0.392359  0.877026  0.277273  -0.782753  0.160050  0.601400  0.483066  -0.453001  0.749291  -0.022900  0.004627  -0.013994  -0.017123  0.321763  -0.024019  1.000000  
94.054596 0.017535  -0.009407  0.009825  0.392462  0.876980  0.277272  -0.782556  0.159976  0.601675  0.483301  -0.453115  0.749071  -0.022926  0.004341  -0.013885  -0.013239  0.324427  -0.024136  1.000000  
94.055853 0.017504  -0.009405  0.009809  0.392829  0.876889  0.277039  -0.782082  0.160082  0.602263  0.483769  -0.453254  0.748684  -0.023069  0.004073  -0.013665  -0.011066  0.337673  -0.037305  1.000000  
94.057098 0.017471  -0.009403  0.009794  0.393064  0.876838  0.276869  -0.781747  0.160134  0.602684  0.484120  -0.453335  0.748408  -0.023293  0.003696  -0.013515  -0.009551  0.344876  -0.044922  1.000000  
94.058348 0.017440  -0.009400  0.009778  0.393240  0.876807  0.276715  -0.781296  0.160005  0.603304  0.484706  -0.453439  0.747966  -0.023491  0.003487  -0.013433  -0.004866  0.359425  -0.043025  1.000000  
94.059353 0.017413  -0.009399  0.009764  0.393474  0.876723  0.276650  -0.780960  0.159984  0.603744  0.485057  -0.453610  0.747635  -0.023657  0.003184  -0.013530  0.000573  0.368658  -0.053657  1.000000  
94.060604 0.017381  -0.009397  0.009746  0.393649  0.876726  0.276389  -0.780508  0.159927  0.604343  0.485642  -0.453623  0.747247  -0.023997  0.002845  -0.013689  0.001949  0.386385  -0.056953  1.000000  
94.061848 0.017349  -0.009395  0.009727  0.393853  0.876669  0.276279  -0.780114  0.159851  0.604872  0.486109  -0.453760  0.746860  -0.024227  0.002671  -0.013903  0.007348  0.397151  -0.062061  1.000000  
94.062849 0.017322  -0.009393  0.009712  0.393896  0.876679  0.276187  -0.779800  0.159668  0.605324  0.486577  -0.453806  0.746527  -0.024479  0.002447  -0.014091  0.008042  0.411200  -0.062977  1.000000  
94.063855 0.017296  -0.009392  0.009695  0.394100  0.876622  0.276077  -0.779405  0.159592  0.605853  0.487044  -0.453942  0.746139  -0.024710  0.002289  -0.014243  0.016820  0.421907  -0.063365  1.000000  
94.065099 0.017264  -0.009390  0.009675  0.394113  0.876626  0.276046  -0.779033  0.159281  0.606413  0.487629  -0.454044  0.745696  -0.025076  0.001969  -0.014354  0.021509  0.436725  -0.061422  1.000000  
94.066346 0.017232  -0.009390  0.009657  0.394286  0.876597  0.275890  -0.778580  0.159150  0.607029  0.488213  -0.454146  0.745252  -0.025342  0.001687  -0.014408  0.030248  0.447580  -0.061802  1.000000  
94.067346 0.017207  -0.009390  0.009642  0.394329  0.876608  0.275797  -0.778265  0.158966  0.607481  0.488680  -0.454190  0.744918  -0.025487  0.001494  -0.014362  0.034209  0.455221  -0.057001  1.000000  
94.068346 0.017181  -0.009389  0.009629  0.394341  0.876612  0.275766  -0.777893  0.158654  0.608039  0.489263  -0.454291  0.744474  -0.025629  0.001372  -0.014200  0.046332  0.470636  -0.047545  1.000000  
94.069596 0.017149  -0.009389  0.009613  0.394513  0.876584  0.275609  -0.777438  0.158523  0.608655  0.489847  -0.454391  0.744029  -0.025736  0.001216  -0.014142  0.050982  0.481459  -0.047873  1.000000  
94.070596 0.017124  -0.009388  0.009599  0.394525  0.876588  0.275578  -0.777064  0.158211  0.609213  0.490430  -0.454491  0.743584  -0.025748  0.001146  -0.014237  0.058523  0.492627  -0.038044  1.000000  
94.071853 0.017093  -0.009388  0.009582  0.394506  0.876587  0.275607  -0.776632  0.157770  0.609878  0.491129  -0.454646  0.743027  -0.025648  0.001001  -0.014352  0.074403  0.504918  -0.025945  1.000000  
94.073096 0.017063  -0.009387  0.009563  0.394617  0.876582  0.275466  -0.776059  0.157455  0.610688  0.491945  -0.454766  0.742414  -0.025522  0.000870  -0.014617  0.085780  0.519972  -0.013928  1.000000  
94.074346 0.017035  -0.009386  0.009542  0.394598  0.876581  0.275495  -0.775626  0.157014  0.611352  0.492644  -0.454920  0.741856  -0.025217  0.000842  -0.014803  0.101086  0.531983  0.000694  1.000000  
94.075349 0.017013  -0.009385  0.009527  0.394608  0.876587  0.275463  -0.775250  0.156700  0.611908  0.493226  -0.455017  0.741410  -0.024942  0.000850  -0.014894  0.113312  0.540951  0.010739  1.000000  
94.076355 0.016991  -0.009384  0.009511  0.394777  0.876560  0.275305  -0.774794  0.156567  0.612521  0.493807  -0.455114  0.740963  -0.024658  0.000782  -0.014928  0.121303  0.552275  0.017940  1.000000  
94.077602 0.016965  -0.009382  0.009493  0.394916  0.876528  0.275208  -0.774278  0.156305  0.613240  0.494505  -0.455266  0.740404  -0.024231  0.000817  -0.014869  0.133389  0.567603  0.027533  1.000000  
94.078849 0.016940  -0.009379  0.009475  0.395183  0.876492  0.274939  -0.773621  0.156169  0.614103  0.495319  -0.455382  0.739788  -0.023762  0.000812  -0.014673  0.138012  0.589949  0.034368  1.000000  
94.079855 0.016920  -0.009378  0.009461  0.395222  0.876471  0.274952  -0.773303  0.155909  0.614568  0.495784  -0.455512  0.739396  -0.023338  0.000834  -0.014510  0.149397  0.594288  0.044389  1.000000  
94.081096 0.016895  -0.009377  0.009444  0.395518  0.876375  0.274833  -0.772705  0.155751  0.615361  0.496481  -0.455751  0.738781  -0.022905  0.000839  -0.014404  0.160881  0.607861  0.048506  1.000000  
94.082096 0.016877  -0.009376  0.009430  0.395684  0.876349  0.274673  -0.772246  0.155617  0.615971  0.497062  -0.455845  0.738332  -0.022359  0.000942  -0.014381  0.166163  0.620593  0.053860  1.000000  
94.083346 0.016854  -0.009375  0.009411  0.395979  0.876254  0.274554  -0.771646  0.155459  0.616762  0.497758  -0.456083  0.737716  -0.021775  0.000921  -0.014531  0.173376  0.629881  0.055628  1.000000  
94.084346 0.016836  -0.009375  0.009396  0.396334  0.876170  0.274311  -0.771164  0.155558  0.617339  0.498222  -0.456211  0.737323  -0.021206  0.000952  -0.014698  0.175377  0.642090  0.053554  1.000000  
94.085596 0.016814  -0.009374  0.009375  0.396627  0.876075  0.274191  -0.770563  0.155399  0.618129  0.498918  -0.456448  0.736706  -0.020653  0.000943  -0.014950  0.183378  0.649822  0.058670  1.000000  
94.086846 0.016793  -0.009372  0.009354  0.397077  0.875982  0.273835  -0.769880  0.155494  0.618955  0.499614  -0.456594  0.736144  -0.019980  0.001070  -0.015205  0.179634  0.665108  0.050206  1.000000  
94.087852 0.016778  -0.009370  0.009338  0.397399  0.875893  0.273652  -0.769338  0.155463  0.619637  0.500193  -0.456774  0.735639  -0.019351  0.001156  -0.015237  0.181551  0.677317  0.048199  1.000000  
94.089096 0.016757  -0.009368  0.009319  0.397690  0.875799  0.273529  -0.768735  0.155302  0.620425  0.500888  -0.457008  0.735020  -0.018865  0.001209  -0.015176  0.188670  0.686393  0.050106  1.000000  
94.090346 0.016737  -0.009367  0.009301  0.397979  0.875706  0.273406  -0.768132  0.155141  0.621212  0.501583  -0.457241  0.734401  -0.018433  0.001206  -0.015080  0.193122  0.693171  0.047798  1.000000  
94.091596 0.016716  -0.009364  0.009284  0.398395  0.875610  0.273108  -0.767387  0.155105  0.622141  0.502393  -0.457438  0.733725  -0.017987  0.001293  -0.014914  0.194190  0.710739  0.045101  1.000000  
94.092602 0.016700  -0.009363  0.009270  0.398745  0.875462  0.273074  -0.766902  0.155050  0.622752  0.502855  -0.457740  0.733219  -0.017670  0.001246  -0.014869  0.204380  0.715789  0.038394  1.000000  
94.093850 0.016679  -0.009361  0.009252  0.399001  0.875398  0.272903  -0.766238  0.154833  0.623624  0.503665  -0.457935  0.732542  -0.017340  0.001259  -0.014832  0.207169  0.724445  0.040499  1.000000  
94.095099 0.016658  -0.009359  0.009234  0.399444  0.875275  0.272649  -0.765550  0.154849  0.624464  0.504358  -0.458165  0.731921  -0.017053  0.001315  -0.014959  0.204757  0.737425  0.028100  1.000000  
94.096103 0.016641  -0.009358  0.009218  0.399761  0.875189  0.272461  -0.765004  0.154815  0.625141  0.504936  -0.458340  0.731412  -0.016954  0.001283  -0.015092  0.206818  0.746496  0.023655  1.000000  
94.097347 0.016619  -0.009356  0.009199  0.400045  0.875066  0.272439  -0.764398  0.154574  0.625942  0.505629  -0.458657  0.730735  -0.016818  0.001355  -0.015116  0.211928  0.756669  0.016355  1.000000  
94.098349 0.016601  -0.009355  0.009183  0.400203  0.875013  0.272379  -0.763933  0.154358  0.626562  0.506206  -0.458831  0.730226  -0.016795  0.001340  -0.015162  0.212281  0.759668  0.011698  1.000000  
94.099396 0.016584  -0.009353  0.009167  0.400360  0.874960  0.272319  -0.763468  0.154143  0.627181  0.506782  -0.459005  0.729716  -0.016752  0.001418  -0.015196  0.219870  0.762274  0.014436  1.000000  
94.100596 0.016561  -0.009352  0.009148  0.400610  0.874866  0.272251  -0.762800  0.153845  0.628066  0.507590  -0.459283  0.728980  -0.016844  0.001463  -0.015139  0.221127  0.773521  0.007270  1.000000  
94.101846 0.016540  -0.009350  0.009130  0.400735  0.874809  0.272250  -0.762274  0.153498  0.628790  0.508281  -0.459507  0.728357  -0.016920  0.001463  -0.014977  0.223720  0.774160  0.005032  1.000000  
94.102874 0.016522  -0.009348  0.009115  0.400890  0.874724  0.272295  -0.761808  0.153204  0.629426  0.508857  -0.459767  0.727790  -0.016993  0.001442  -0.014817  0.229086  0.772027  0.000907  1.000000  
94.104096 0.016499  -0.009347  0.009097  0.401138  0.874632  0.272225  -0.761138  0.152905  0.630308  0.509663  -0.460042  0.727052  -0.017247  0.001398  -0.014739  0.230159  0.782776  -0.006237  1.000000  
94.105346 0.016477  -0.009345  0.009079  0.401229  0.874572  0.272285  -0.760551  0.152425  0.631133  0.510469  -0.460315  0.726314  -0.017338  0.001423  -0.014796  0.236614  0.786939  -0.005914  1.000000  
94.106346 0.016458  -0.009344  0.009065  0.401507  0.874519  0.272047  -0.759940  0.152332  0.631891  0.511159  -0.460448  0.725744  -0.017495  0.001379  -0.014852  0.236948  0.793939  -0.008101  1.000000  
94.107397 0.016441  -0.009343  0.009049  0.401628  0.874464  0.272045  -0.759412  0.151982  0.632610  0.511849  -0.460668  0.725118  -0.017503  0.001372  -0.014941  0.242231  0.799054  -0.007548  1.000000  
94.108598 0.016418  -0.009341  0.009029  0.401872  0.874374  0.271973  -0.758740  0.151679  0.633488  0.512653  -0.460938  0.724378  -0.017691  0.001318  -0.015090  0.248931  0.804286  -0.007188  1.000000  
94.109605 0.016400  -0.009342  0.009013  0.402147  0.874289  0.271839  -0.758127  0.151508  0.634262  0.513342  -0.461156  0.723751  -0.017763  0.001188  -0.015247  0.251232  0.814031  -0.011694  1.000000  
94.110849 0.016377  -0.009340  0.008993  0.402390  0.874200  0.271766  -0.757454  0.151204  0.635138  0.514146  -0.461423  0.723009  -0.017878  0.001171  -0.015279  0.254890  0.817618  -0.008569  1.000000  
94.111856 0.016359  -0.009340  0.008978  0.402540  0.874118  0.271807  -0.756984  0.150906  0.635769  0.514719  -0.461676  0.722439  -0.017949  0.001110  -0.015245  0.262696  0.817368  -0.008024  1.000000  
94.113100 0.016336  -0.009339  0.008959  0.402937  0.873966  0.271708  -0.756227  0.150704  0.636718  0.515522  -0.462030  0.721641  -0.017993  0.001084  -0.015168  0.267010  0.824396  -0.009895  1.000000  
94.114349 0.016314  -0.009338  0.008942  0.403176  0.873879  0.271632  -0.755552  0.150398  0.637591  0.516325  -0.462294  0.720898  -0.018057  0.001047  -0.015047  0.278301  0.828684  0.000623  1.000000  
94.115596 0.016292  -0.009336  0.008925  0.403447  0.873731  0.271708  -0.754937  0.150069  0.638397  0.517012  -0.462681  0.720156  -0.017942  0.001054  -0.014865  0.284352  0.828749  -0.001293  1.000000  
94.116599 0.016275  -0.009335  0.008911  0.403717  0.873649  0.271571  -0.754321  0.149893  0.639165  0.517699  -0.462893  0.719526  -0.017909  0.001010  -0.014833  0.293946  0.832324  0.004368  1.000000  
94.117846 0.016254  -0.009334  0.008893  0.403954  0.873497  0.271705  -0.753644  0.149430  0.640072  0.518500  -0.463329  0.718669  -0.017919  0.000938  -0.014805  0.307414  0.833078  0.009880  1.000000  
94.118846 0.016238  -0.009333  0.008878  0.404222  0.873416  0.271567  -0.753027  0.149253  0.640838  0.519186  -0.463538  0.718037  -0.017742  0.000989  -0.014859  0.309580  0.839787  0.010647  1.000000  
94.119883 0.016221  -0.009332  0.008862  0.404523  0.873306  0.271473  -0.752471  0.149130  0.641519  0.519758  -0.463785  0.717464  -0.017556  0.000906  -0.014917  0.312969  0.838633  0.011239  1.000000  
94.121096 0.016201  -0.009332  0.008843  0.404944  0.873129  0.271413  -0.751770  0.148976  0.642376  0.520444  -0.464167  0.716720  -0.017480  0.000801  -0.015026  0.315577  0.842765  0.004311  1.000000  
94.122346 0.016180  -0.009332  0.008823  0.405453  0.872982  0.271129  -0.750863  0.148891  0.643457  0.521357  -0.464472  0.715858  -0.017425  0.000761  -0.015096  0.315681  0.853306  0.005002  1.000000  
94.123607 0.016159  -0.009331  0.008804  0.405839  0.872803  0.271127  -0.750099  0.148603  0.644414  0.522156  -0.464900  0.714997  -0.017216  0.000680  -0.014975  0.325918  0.856240  0.003587  1.000000  
94.124846 0.016138  -0.009332  0.008786  0.406344  0.872657  0.270840  -0.749189  0.148516  0.645492  0.523069  -0.465202  0.714133  -0.017173  0.000631  -0.014905  0.328008  0.866912  0.001598  1.000000  
94.125852 0.016120  -0.009333  0.008771  0.406793  0.872486  0.270715  -0.748546  0.148491  0.646242  0.523639  -0.465530  0.713501  -0.017116  0.000501  -0.014788  0.332276  0.870040  -0.002679  1.000000  
94.127099 0.016098  -0.009333  0.008754  0.407141  0.872340  0.270665  -0.747718  0.148143  0.647280  0.524551  -0.465915  0.712580  -0.017059  0.000444  -0.014677  0.336337  0.880455  -0.001859  1.000000  
94.128102 0.016081  -0.009333  0.008739  0.407589  0.872170  0.270538  -0.747075  0.148117  0.648029  0.525120  -0.466241  0.711947  -0.016957  0.000417  -0.014641  0.339268  0.887025  -0.008521  1.000000  
94.129350 0.016060  -0.009333  0.008722  0.408088  0.872027  0.270246  -0.746161  0.148025  0.649101  0.526031  -0.466537  0.711080  -0.016911  0.000306  -0.014661  0.338060  0.901735  -0.015276  1.000000  
94.130353 0.016042  -0.009333  0.008708  0.408533  0.871859  0.270117  -0.745516  0.147997  0.649848  0.526599  -0.466861  0.710446  -0.016961  0.000225  -0.014711  0.336331  0.903264  -0.024358  1.000000  
94.131597 0.016019  -0.009333  0.008688  0.408875  0.871748  0.269956  -0.744685  0.147724  0.650863  0.527509  -0.467154  0.709578  -0.017067  0.000140  -0.014823  0.336887  0.917229  -0.028541  1.000000  
94.132846 0.015997  -0.009333  0.008669  0.409403  0.871578  0.269706  -0.743830  0.147685  0.651848  0.528305  -0.467484  0.708769  -0.017145  0.000091  -0.014926  0.331402  0.927429  -0.037419  1.000000  
94.133846 0.015977  -0.009333  0.008654  0.409776  0.871439  0.269589  -0.743059  0.147465  0.652776  0.529100  -0.467813  0.707958  -0.017347  -0.000038  -0.014899  0.331655  0.936747  -0.043910  1.000000  
94.134846 0.015959  -0.009334  0.008639  0.410030  0.871333  0.269545  -0.742434  0.147199  0.653547  0.529781  -0.468093  0.707263  -0.017525  -0.000101  -0.014909  0.335701  0.943373  -0.045625  1.000000  
94.135853 0.015939  -0.009335  0.008626  0.410435  0.871198  0.269366  -0.741724  0.147112  0.654373  0.530461  -0.468373  0.706568  -0.017724  -0.000148  -0.014683  0.334350  0.946692  -0.054893  1.000000  
94.137096 0.015914  -0.009336  0.008609  0.410957  0.871030  0.269111  -0.740866  0.147069  0.655354  0.531255  -0.468697  0.705756  -0.018011  -0.000273  -0.014475  0.328518  0.955892  -0.063407  1.000000  
94.138347 0.015888  -0.009338  0.008593  0.411443  0.870862  0.268915  -0.739945  0.146890  0.656433  0.532162  -0.469067  0.704827  -0.018400  -0.000435  -0.014326  0.328867  0.965900  -0.069680  1.000000  
94.139347 0.015867  -0.009339  0.008580  0.411692  0.870758  0.268868  -0.739318  0.146620  0.657200  0.532841  -0.469342  0.704129  -0.018598  -0.000438  -0.014194  0.332486  0.965921  -0.068803  1.000000  
94.140347 0.015845  -0.009340  0.008566  0.412092  0.870626  0.268685  -0.738604  0.146530  0.658022  0.533520  -0.469617  0.703432  -0.018933  -0.000567  -0.014119  0.332423  0.968882  -0.072805  1.000000  
94.141348 0.015824  -0.009341  0.008552  0.412526  0.870430  0.268652  -0.737953  0.146413  0.658778  0.534086  -0.470016  0.702736  -0.019167  -0.000600  -0.014125  0.336977  0.975236  -0.081744  1.000000  
94.142356 0.015803  -0.009343  0.008538  0.412923  0.870298  0.268468  -0.737239  0.146321  0.659598  0.534764  -0.470288  0.702037  -0.019473  -0.000679  -0.014107  0.331463  0.982465  -0.088747  1.000000  
94.143603 0.015776  -0.009344  0.008520  0.413285  0.870100  0.268553  -0.736462  0.145932  0.660551  0.535556  -0.470775  0.701107  -0.019856  -0.000766  -0.014194  0.339625  0.984046  -0.087648  1.000000  
94.144605 0.015754  -0.009345  0.008505  0.413716  0.869939  0.268412  -0.735808  0.145893  0.661287  0.536120  -0.471085  0.700467  -0.020107  -0.000847  -0.014167  0.335417  0.988711  -0.096461  1.000000  
94.145852 0.015726  -0.009347  0.008488  0.414075  0.869775  0.268390  -0.735030  0.145583  0.662221  0.536911  -0.471484  0.699593  -0.020562  -0.000996  -0.014091  0.335276  0.991875  -0.100175  1.000000  
94.147099 0.015698  -0.009349  0.008471  0.414433  0.869612  0.268366  -0.734250  0.145271  0.663154  0.537701  -0.471881  0.698718  -0.020859  -0.001107  -0.013989  0.338758  0.988103  -0.101432  1.000000  
94.148101 0.015674  -0.009351  0.008457  0.414825  0.869451  0.268282  -0.733533  0.145094  0.663986  0.538377  -0.472232  0.697959  -0.021196  -0.001237  -0.013909  0.342766  0.994940  -0.102888  1.000000  
94.149360 0.015646  -0.009353  0.008440  0.415180  0.869257  0.268362  -0.732752  0.144699  0.664934  0.539166  -0.472710  0.697026  -0.021497  -0.001291  -0.013770  0.350194  0.994464  -0.101575  1.000000  
94.150596 0.015617  -0.009356  0.008424  0.415534  0.869096  0.268336  -0.731970  0.144384  0.665863  0.539955  -0.473102  0.696149  -0.021850  -0.001465  -0.013665  0.355451  0.997272  -0.099663  1.000000  
94.151596 0.015594  -0.009358  0.008411  0.415922  0.868937  0.268249  -0.731251  0.144203  0.666692  0.540631  -0.473449  0.695388  -0.022053  -0.001527  -0.013615  0.357876  1.001782  -0.101844  1.000000  
94.152846 0.015565  -0.009361  0.008394  0.416273  0.868745  0.268326  -0.730468  0.143805  0.667635  0.541418  -0.473922  0.694452  -0.022261  -0.001575  -0.013667  0.361357  1.001685  -0.100500  1.000000  
94.154096 0.015536  -0.009363  0.008376  0.416659  0.868555  0.268343  -0.729747  0.143541  0.668480  0.542093  -0.474350  0.693633  -0.022409  -0.001688  -0.013771  0.365928  0.993258  -0.098554  1.000000  
94.155096 0.015514  -0.009366  0.008360  0.417043  0.868398  0.268253  -0.729026  0.143358  0.669306  0.542767  -0.474693  0.692871  -0.022462  -0.001705  -0.013969  0.372131  0.990842  -0.098358  1.000000  
94.156347 0.015485  -0.009368  0.008342  0.417576  0.868180  0.268130  -0.728218  0.143271  0.670203  0.543442  -0.475118  0.692050  -0.022617  -0.001802  -0.014006  0.369367  0.992774  -0.103638  1.000000  
94.157597 0.015457  -0.009371  0.008323  0.418072  0.867994  0.267960  -0.727346  0.143128  0.671180  0.544228  -0.475501  0.691169  -0.022710  -0.001850  -0.014118  0.368685  0.988833  -0.104812  1.000000  
94.158846 0.015429  -0.009373  0.008305  0.418602  0.867745  0.267939  -0.726536  0.142957  0.672092  0.544901  -0.476007  0.690290  -0.022771  -0.001909  -0.014111  0.376219  0.985040  -0.106050  1.000000  
94.159860 0.015406  -0.009376  0.008290  0.419018  0.867559  0.267892  -0.725876  0.142824  0.672834  0.545462  -0.476386  0.689586  -0.022785  -0.002020  -0.014110  0.378285  0.981953  -0.105886  1.000000  
94.161103 0.015378  -0.009379  0.008272  0.419546  0.867343  0.267763  -0.725065  0.142733  0.673727  0.546134  -0.476805  0.688763  -0.022781  -0.002033  -0.014169  0.381961  0.978521  -0.107260  1.000000  
94.162350 0.015350  -0.009382  0.008253  0.420072  0.867096  0.267739  -0.724253  0.142558  0.674637  0.546807  -0.477307  0.687881  -0.022813  -0.002124  -0.014261  0.385777  0.974176  -0.115862  1.000000  
94.163351 0.015327  -0.009384  0.008239  0.420596  0.866915  0.267503  -0.723440  0.142546  0.675511  0.547479  -0.477640  0.687115  -0.022796  -0.002208  -0.014346  0.385582  0.977272  -0.119640  1.000000  
94.164599 0.015298  -0.009388  0.008219  0.421119  0.866636  0.267582  -0.722627  0.142286  0.676435  0.548150  -0.478222  0.686175  -0.022772  -0.002291  -0.014581  0.389428  0.973091  -0.128136  1.000000  
