1-Time 2-Px 3-Py 4-Pz 5-R11 6-R21 7-R31 8-R12 9-R22 10-R32 11-R13 12-R23 13-R33 14-Vx 15-Vy 16-Vz 17-Wx 18-Wy 19-Wz 20-state
20.617583 -0.006443  -0.007646  0.017086  0.653378  0.720871  0.231178  -0.745679  0.665525  0.032239  -0.130615  -0.193449  0.972377  0.000804  0.000848  0.000994  0.000000  0.000000  0.000000  1.000000  
20.618820 -0.006440  -0.007645  0.017086  0.653378  0.720871  0.231178  -0.745679  0.665525  0.032239  -0.130615  -0.193449  0.972377  0.002732  0.000897  0.000029  0.000000  0.000000  0.000000  1.000000  
20.619823 -0.006433  -0.007641  0.017075  0.653389  0.720888  0.231092  -0.745692  0.665505  0.032337  -0.130482  -0.193452  0.972394  0.004979  0.002666  -0.005474  0.000000  0.000000  0.000000  1.000000  
20.620827 -0.006424  -0.007634  0.017063  0.653389  0.720888  0.231092  -0.745692  0.665505  0.032337  -0.130482  -0.193452  0.972394  0.006383  0.003870  -0.007804  0.000000  0.000000  0.000000  1.000000  
20.621841 -0.006416  -0.007629  0.017052  0.653389  0.720888  0.231092  -0.745692  0.665505  0.032337  -0.130482  -0.193452  0.972394  0.006655  0.004162  -0.008665  0.000000  0.000000  0.000000  1.000000  
20.623080 -0.006410  -0.007627  0.017043  0.653401  0.720933  0.230919  -0.745706  0.665490  0.032354  -0.130349  -0.193337  0.972435  0.006338  0.003554  -0.008325  0.000000  0.000000  0.000000  1.000000  
20.624095 -0.006404  -0.007626  0.017037  0.653401  0.720933  0.230919  -0.745706  0.665490  0.032354  -0.130349  -0.193337  0.972435  0.006229  0.003253  -0.007887  0.000000  0.000000  0.000000  1.000000  
20.625097 -0.006399  -0.007623  0.017030  0.653412  0.720950  0.230833  -0.745719  0.665470  0.032452  -0.130217  -0.193341  0.972452  0.006023  0.003217  -0.007706  0.000000  0.000000  0.000000  1.000000  
20.626326 -0.006392  -0.007617  0.017021  0.653259  0.721087  0.230840  -0.745853  0.665322  0.032404  -0.130217  -0.193341  0.972452  0.005942  0.003458  -0.007688  0.000000  0.000000  0.000000  1.000000  
20.627573 -0.006386  -0.007611  0.017012  0.653270  0.721104  0.230754  -0.745866  0.665302  0.032502  -0.130084  -0.193344  0.972469  0.005869  0.003632  -0.007660  0.000000  0.000000  0.000000  1.000000  
20.628822 -0.006379  -0.007605  0.017001  0.653293  0.721166  0.230495  -0.745892  0.665267  0.032617  -0.129819  -0.193233  0.972527  0.005800  0.003694  -0.007795  0.000000  0.000000  0.000000  1.000000  
20.629822 -0.006374  -0.007601  0.016990  0.653304  0.721183  0.230409  -0.745905  0.665248  0.032715  -0.129686  -0.193236  0.972544  0.005755  0.003777  -0.008007  0.000000  0.000000  0.000000  1.000000  
20.631073 -0.006367  -0.007595  0.016976  0.653316  0.721228  0.230236  -0.745918  0.665232  0.032732  -0.129553  -0.193122  0.972584  0.005696  0.003842  -0.008307  0.000000  0.000000  0.000000  1.000000  
20.632077 -0.006361  -0.007589  0.016962  0.653327  0.721245  0.230150  -0.745932  0.665213  0.032830  -0.129421  -0.193125  0.972601  0.005768  0.004010  -0.008732  0.000000  0.000000  0.000000  1.000000  
20.633325 -0.006349  -0.007578  0.016938  0.653339  0.721290  0.229977  -0.745945  0.665198  0.032847  -0.129288  -0.193011  0.972642  0.006215  0.004486  -0.009948  0.000000  0.000000  0.000000  1.000000  
20.634573 -0.006334  -0.007565  0.016911  0.653350  0.721335  0.229804  -0.745958  0.665182  0.032864  -0.129155  -0.192896  0.972682  0.006707  0.005135  -0.011127  0.000000  0.000000  0.000000  1.000000  
20.635823 -0.006322  -0.007552  0.016889  0.653219  0.721534  0.229552  -0.746118  0.664999  0.032932  -0.128890  -0.192785  0.972739  0.006775  0.005497  -0.011581  0.000000  0.000000  0.000000  1.000000  
20.636830 -0.006315  -0.007543  0.016877  0.653231  0.721551  0.229466  -0.746131  0.664979  0.033030  -0.128757  -0.192788  0.972756  0.006757  0.005738  -0.011680  0.000000  0.000000  0.000000  1.000000  
20.638076 -0.006310  -0.007535  0.016864  0.653242  0.721595  0.229293  -0.746144  0.664964  0.033047  -0.128625  -0.192673  0.972796  0.006665  0.006134  -0.011907  0.000000  0.000000  0.000000  1.000000  
20.639327 -0.006303  -0.007527  0.016850  0.653253  0.721640  0.229120  -0.746157  0.664949  0.033065  -0.128492  -0.192559  0.972837  0.006674  0.006498  -0.012351  0.000000  0.000000  0.000000  1.000000  
20.640333 -0.006296  -0.007519  0.016835  0.653265  0.721657  0.229034  -0.746170  0.664929  0.033163  -0.128359  -0.192562  0.972853  0.006719  0.006820  -0.012883  0.000000  0.000000  0.000000  1.000000  
20.641573 -0.006288  -0.007510  0.016811  0.653276  0.721674  0.228948  -0.746183  0.664910  0.033261  -0.128227  -0.192565  0.972870  0.006917  0.007094  -0.014015  0.000000  0.000000  0.000000  1.000000  
20.642573 -0.006283  -0.007504  0.016791  0.653287  0.721691  0.228862  -0.746196  0.664890  0.033358  -0.128094  -0.192569  0.972887  0.006840  0.007122  -0.014710  0.000000  0.000000  0.000000  1.000000  
20.643822 -0.006276  -0.007497  0.016764  0.653287  0.721719  0.228775  -0.746196  0.664894  0.033278  -0.128094  -0.192451  0.972910  0.006888  0.007197  -0.015800  0.000000  0.000000  0.000000  1.000000  
20.644822 -0.006269  -0.007492  0.016743  0.653298  0.721736  0.228689  -0.746209  0.664875  0.033376  -0.127961  -0.192454  0.972927  0.006957  0.007223  -0.016498  0.000000  0.000000  0.000000  1.000000  
20.645824 -0.006263  -0.007486  0.016723  0.653298  0.721736  0.228689  -0.746209  0.664875  0.033376  -0.127961  -0.192454  0.972927  0.007098  0.007407  -0.017149  0.000000  0.000000  0.000000  1.000000  
20.647070 -0.006254  -0.007476  0.016699  0.653310  0.721753  0.228603  -0.746221  0.664856  0.033474  -0.127828  -0.192457  0.972944  0.007128  0.007498  -0.017536  0.000000  0.000000  0.000000  1.000000  
20.648325 -0.006245  -0.007466  0.016678  0.653310  0.721753  0.228603  -0.746221  0.664856  0.033474  -0.127828  -0.192457  0.972944  0.006857  0.007414  -0.017253  0.000000  0.000000  0.000000  1.000000  
20.649570 -0.006238  -0.007457  0.016661  0.653310  0.721753  0.228603  -0.746221  0.664856  0.033474  -0.127828  -0.192457  0.972944  0.006421  0.007184  -0.016712  0.000000  0.000000  0.000000  1.000000  
20.650571 -0.006233  -0.007450  0.016650  0.653310  0.721753  0.228603  -0.746221  0.664856  0.033474  -0.127828  -0.192457  0.972944  0.006062  0.006960  -0.016198  0.000000  0.000000  0.000000  1.000000  
20.651571 -0.006229  -0.007445  0.016641  0.653463  0.721616  0.228596  -0.746087  0.665004  0.033521  -0.127828  -0.192457  0.972944  0.005833  0.006737  -0.015838  0.000000  0.000000  0.000000  1.000000  
20.652573 -0.006226  -0.007441  0.016633  0.653463  0.721616  0.228596  -0.746087  0.665004  0.033521  -0.127828  -0.192457  0.972944  0.005691  0.006482  -0.015766  0.000000  0.000000  0.000000  1.000000  
20.653577 -0.006223  -0.007438  0.016619  0.653463  0.721616  0.228596  -0.746087  0.665004  0.033521  -0.127828  -0.192457  0.972944  0.005582  0.006340  -0.015944  0.000000  0.000000  0.000000  1.000000  
20.654828 -0.006220  -0.007433  0.016598  0.653617  0.721479  0.228589  -0.745952  0.665153  0.033568  -0.127828  -0.192457  0.972944  0.005336  0.006012  -0.016282  0.000000  0.000000  0.000000  1.000000  
20.656073 -0.006213  -0.007427  0.016573  0.653759  0.721297  0.228756  -0.745805  0.665317  0.033598  -0.127961  -0.192572  0.972904  0.005255  0.005795  -0.016535  0.000000  0.000000  0.000000  1.000000  
20.657075 -0.006209  -0.007424  0.016554  0.653759  0.721297  0.228756  -0.745805  0.665317  0.033598  -0.127961  -0.192572  0.972904  0.005135  0.005525  -0.016520  0.000000  0.000000  0.000000  1.000000  
20.658323 -0.006205  -0.007422  0.016533  0.653901  0.721116  0.228922  -0.745657  0.665480  0.033628  -0.128094  -0.192687  0.972864  0.004843  0.005177  -0.015987  0.000000  0.000000  0.000000  1.000000  
20.659572 -0.006203  -0.007420  0.016516  0.654055  0.720979  0.228915  -0.745523  0.665629  0.033675  -0.128094  -0.192687  0.972864  0.004524  0.004876  -0.015446  0.000000  0.000000  0.000000  1.000000  
20.660819 -0.006199  -0.007416  0.016503  0.654197  0.720769  0.229169  -0.745375  0.665788  0.033786  -0.128227  -0.192919  0.972800  0.004225  0.004641  -0.014717  0.000000  0.000000  0.000000  1.000000  
20.662072 -0.006196  -0.007411  0.016490  0.654186  0.720724  0.229342  -0.745362  0.665804  0.033769  -0.128359  -0.193034  0.972760  0.003800  0.004335  -0.013893  0.000000  0.000000  0.000000  1.000000  
20.663320 -0.006194  -0.007406  0.016475  0.654339  0.720559  0.229423  -0.745228  0.665948  0.033897  -0.128359  -0.193152  0.972736  0.003380  0.003993  -0.013512  0.000000  0.000000  0.000000  1.000000  
20.664327 -0.006193  -0.007404  0.016462  0.654481  0.720377  0.229589  -0.745080  0.666112  0.033927  -0.128492  -0.193267  0.972696  0.003047  0.003593  -0.013483  0.000000  0.000000  0.000000  1.000000  
20.665571 -0.006192  -0.007403  0.016446  0.654635  0.720184  0.229757  -0.744945  0.666252  0.034136  -0.128492  -0.193503  0.972649  0.002635  0.003115  -0.013659  0.000000  0.000000  0.000000  1.000000  
20.666819 -0.006193  -0.007403  0.016428  0.654930  0.719865  0.229916  -0.744663  0.666563  0.034213  -0.128625  -0.193617  0.972609  0.002311  0.002682  -0.014160  0.000000  0.000000  0.000000  1.000000  
20.667823 -0.006194  -0.007404  0.016410  0.655083  0.719700  0.229996  -0.744528  0.666708  0.034342  -0.128625  -0.193735  0.972585  0.002121  0.002452  -0.014630  0.000000  0.000000  0.000000  1.000000  
20.668830 -0.006195  -0.007403  0.016392  0.655236  0.719535  0.230076  -0.744393  0.666851  0.034470  -0.128625  -0.193853  0.972562  0.001848  0.002229  -0.014859  0.000000  0.000000  0.000000  1.000000  
20.669838 -0.006196  -0.007402  0.016374  0.655378  0.719352  0.230243  -0.744245  0.667015  0.034500  -0.128757  -0.193968  0.972521  0.001472  0.001977  -0.014888  0.000000  0.000000  0.000000  1.000000  
20.671077 -0.006197  -0.007401  0.016354  0.655531  0.719187  0.230323  -0.744110  0.667159  0.034629  -0.128757  -0.194086  0.972498  0.000968  0.001715  -0.014456  0.000000  0.000000  0.000000  1.000000  
20.672342 -0.006200  -0.007400  0.016341  0.655838  0.718884  0.230396  -0.743840  0.667451  0.034805  -0.128757  -0.194204  0.972474  0.000501  0.001536  -0.013816  0.000000  0.000000  0.000000  1.000000  
20.673344 -0.006203  -0.007400  0.016333  0.655991  0.718719  0.230476  -0.743705  0.667594  0.034933  -0.128757  -0.194322  0.972451  0.000096  0.001504  -0.013357  0.000000  0.000000  0.000000  1.000000  
20.674577 -0.006207  -0.007399  0.016323  0.656144  0.718553  0.230556  -0.743570  0.667738  0.035061  -0.128757  -0.194440  0.972427  -0.000359  0.001396  -0.012955  0.000000  0.000000  0.000000  1.000000  
20.675577 -0.006210  -0.007396  0.016312  0.656450  0.718251  0.230628  -0.743300  0.668030  0.035237  -0.128757  -0.194558  0.972404  -0.000723  0.001341  -0.012941  0.000000  0.000000  0.000000  1.000000  
20.676837 -0.006212  -0.007392  0.016294  0.656756  0.717919  0.230788  -0.743030  0.668317  0.035494  -0.128757  -0.194793  0.972356  -0.001041  0.001249  -0.013257  0.101901  -0.000058  -0.160857  1.000000  
20.678070 -0.006215  -0.007391  0.016273  0.657062  0.717616  0.230860  -0.742759  0.668608  0.035671  -0.128757  -0.194911  0.972333  -0.001380  0.001069  -0.013652  0.107835  0.002632  -0.174447  1.000000  
20.679076 -0.006218  -0.007391  0.016256  0.657215  0.717451  0.230940  -0.742624  0.668751  0.035799  -0.128757  -0.195029  0.972309  -0.001709  0.000894  -0.013928  0.112755  0.003982  -0.181105  1.000000  
20.680328 -0.006223  -0.007392  0.016234  0.657379  0.717302  0.230933  -0.742501  0.668875  0.036025  -0.128625  -0.195151  0.972302  -0.002083  0.000739  -0.014387  0.117704  0.009744  -0.186953  1.000000  
20.681579 -0.006230  -0.007393  0.016213  0.657532  0.717136  0.231013  -0.742366  0.669018  0.036154  -0.128625  -0.195269  0.972279  -0.002477  0.000730  -0.014521  0.121783  0.009755  -0.186957  1.000000  
20.682820 -0.006237  -0.007392  0.016193  0.657838  0.716833  0.231085  -0.742095  0.669309  0.036330  -0.128625  -0.195387  0.972255  -0.002851  0.000742  -0.014479  0.126610  0.012350  -0.198807  1.000000  
20.683822 -0.006242  -0.007391  0.016178  0.657990  0.716667  0.231164  -0.741960  0.669452  0.036459  -0.128625  -0.195504  0.972231  -0.003128  0.000784  -0.014256  0.130654  0.012362  -0.198806  1.000000  
20.684823 -0.006248  -0.007390  0.016166  0.658296  0.716363  0.231236  -0.741689  0.669743  0.036635  -0.128625  -0.195622  0.972208  -0.003440  0.000790  -0.013864  0.136468  0.015039  -0.212172  1.000000  
20.686089 -0.006255  -0.007389  0.016153  0.658460  0.716215  0.231229  -0.741566  0.669866  0.036862  -0.128492  -0.195744  0.972201  -0.003927  0.000798  -0.013422  0.137512  0.023996  -0.212032  1.000000  
20.687091 -0.006261  -0.007387  0.016143  0.658613  0.716049  0.231309  -0.741431  0.670009  0.036990  -0.128492  -0.195862  0.972177  -0.004176  0.000878  -0.013383  0.142448  0.025347  -0.218719  1.000000  
20.688331 -0.006268  -0.007385  0.016128  0.658918  0.715745  0.231380  -0.741159  0.670300  0.037167  -0.128492  -0.195980  0.972153  -0.004312  0.000996  -0.013622  0.143439  0.031143  -0.224697  1.000000  
20.689589 -0.006274  -0.007382  0.016110  0.659223  0.715469  0.231365  -0.740888  0.670594  0.037262  -0.128492  -0.195980  0.972153  -0.004395  0.001128  -0.014200  0.140167  0.032483  -0.231287  1.000000  
20.690818 -0.006278  -0.007377  0.016089  0.659528  0.715164  0.231436  -0.740616  0.670884  0.037439  -0.128492  -0.196097  0.972129  -0.004548  0.001205  -0.014658  0.140004  0.037973  -0.235333  1.000000  
20.691838 -0.006281  -0.007374  0.016071  0.659833  0.714860  0.231507  -0.740345  0.671174  0.037616  -0.128492  -0.196215  0.972106  -0.004707  0.001188  -0.014831  0.142889  0.045397  -0.249730  1.000000  
20.693072 -0.006287  -0.007372  0.016051  0.660138  0.714584  0.231492  -0.740073  0.671468  0.037711  -0.128492  -0.196215  0.972106  -0.004889  0.001261  -0.014807  0.139766  0.046780  -0.256570  1.000000  
20.694320 -0.006296  -0.007371  0.016032  0.660442  0.714307  0.231476  -0.739801  0.671762  0.037806  -0.128492  -0.196215  0.972106  -0.005162  0.001353  -0.014648  0.135500  0.052131  -0.260306  1.000000  
20.695570 -0.006304  -0.007370  0.016019  0.660888  0.713847  0.231626  -0.739380  0.672219  0.037934  -0.128625  -0.196330  0.972065  -0.005310  0.001465  -0.014059  0.133212  0.050470  -0.274466  1.000000  
20.696572 -0.006310  -0.007368  0.016008  0.661192  0.713570  0.231611  -0.739108  0.672512  0.038029  -0.128625  -0.196330  0.972065  -0.005347  0.001629  -0.013684  0.130259  0.055314  -0.275852  1.000000  
20.697820 -0.006317  -0.007365  0.015996  0.661648  0.713126  0.231674  -0.738700  0.672948  0.038254  -0.128625  -0.196448  0.972041  -0.005334  0.001841  -0.013109  0.130962  0.057574  -0.286941  1.000000  
20.698834 -0.006323  -0.007362  0.015984  0.662104  0.712710  0.231650  -0.738291  0.673389  0.038397  -0.128625  -0.196448  0.972041  -0.005336  0.001978  -0.012913  0.129750  0.060769  -0.302773  1.000000  
20.700070 -0.006329  -0.007359  0.015969  0.662549  0.712277  0.231713  -0.737869  0.673848  0.038443  -0.128757  -0.196444  0.972024  -0.005298  0.002072  -0.012981  0.126471  0.062978  -0.313677  1.000000  
20.701071 -0.006333  -0.007356  0.015956  0.662853  0.711999  0.231697  -0.737596  0.674141  0.038539  -0.128757  -0.196444  0.972024  -0.005170  0.002147  -0.013174  0.123300  0.064332  -0.320320  1.000000  
20.702073 -0.006336  -0.007354  0.015941  0.663308  0.711555  0.231760  -0.737187  0.674576  0.038764  -0.128757  -0.196562  0.972000  -0.004988  0.002225  -0.013510  0.125053  0.067045  -0.333619  1.000000  
20.703075 -0.006338  -0.007350  0.015925  0.663752  0.711120  0.231823  -0.736764  0.675035  0.038810  -0.128890  -0.196559  0.971984  -0.004782  0.002345  -0.013866  0.122848  0.065400  -0.347972  1.000000  
20.704334 -0.006342  -0.007346  0.015904  0.664206  0.710703  0.231799  -0.736354  0.675474  0.038953  -0.128890  -0.196559  0.971984  -0.004626  0.002446  -0.013971  0.120604  0.067275  -0.357359  1.000000  
20.705576 -0.006345  -0.007342  0.015886  0.664813  0.710147  0.231767  -0.735807  0.676059  0.039144  -0.128890  -0.196559  0.971984  -0.004577  0.002374  -0.013805  0.117359  0.069439  -0.367823  1.000000  
20.706589 -0.006350  -0.007339  0.015873  0.665267  0.709701  0.231828  -0.735396  0.676493  0.039369  -0.128890  -0.196677  0.971960  -0.004639  0.002359  -0.013394  0.115152  0.071440  -0.377604  1.000000  
20.707822 -0.006357  -0.007337  0.015861  0.665872  0.709144  0.231796  -0.734848  0.677077  0.039560  -0.128890  -0.196677  0.971960  -0.004747  0.002320  -0.012913  0.112854  0.074170  -0.391041  1.000000  
20.708835 -0.006362  -0.007336  0.015852  0.666326  0.708725  0.231771  -0.734437  0.677515  0.039703  -0.128890  -0.196677  0.971960  -0.004690  0.002370  -0.012452  0.110532  0.076885  -0.404389  1.000000  
20.710072 -0.006370  -0.007334  0.015842  0.667082  0.708028  0.231731  -0.733750  0.678244  0.039942  -0.128890  -0.196677  0.971960  -0.004651  0.002445  -0.012173  0.110051  0.077966  -0.432411  1.000000  
20.711320 -0.006377  -0.007330  0.015830  0.667686  0.707469  0.231698  -0.733201  0.678827  0.040133  -0.128890  -0.196677  0.971960  -0.004600  0.002580  -0.012089  0.107730  0.081370  -0.448775  1.000000  
20.712326 -0.006382  -0.007327  0.015818  0.668289  0.706881  0.231750  -0.732651  0.679405  0.040406  -0.128890  -0.196795  0.971936  -0.004489  0.002605  -0.012201  0.110384  0.084796  -0.465847  1.000000  
20.713574 -0.006387  -0.007323  0.015801  0.669043  0.706182  0.231708  -0.731962  0.680132  0.040644  -0.128890  -0.196795  0.971936  -0.004345  0.002650  -0.012384  0.109884  0.090264  -0.492807  1.000000  
20.714820 -0.006392  -0.007319  0.015785  0.669646  0.705621  0.231675  -0.731411  0.680713  0.040835  -0.128890  -0.196795  0.971936  -0.004309  0.002740  -0.012497  0.106710  0.092249  -0.502116  1.000000  
20.715826 -0.006396  -0.007316  0.015771  0.670248  0.705032  0.231727  -0.730859  0.681289  0.041109  -0.128890  -0.196913  0.971912  -0.004256  0.002764  -0.012499  0.110283  0.092787  -0.527585  1.000000  
20.716827 -0.006400  -0.007312  0.015759  0.670849  0.704471  0.231693  -0.730307  0.681869  0.041299  -0.128890  -0.196913  0.971912  -0.004345  0.002846  -0.012386  0.107929  0.096054  -0.542999  1.000000  
20.718071 -0.006405  -0.007307  0.015746  0.671601  0.703741  0.231735  -0.729616  0.682589  0.041621  -0.128890  -0.197030  0.971888  -0.004450  0.002877  -0.011935  0.114659  0.100164  -0.563190  1.000000  
20.719072 -0.006411  -0.007304  0.015736  0.672213  0.703196  0.231613  -0.729076  0.683149  0.041907  -0.128757  -0.197034  0.971905  -0.004665  0.002904  -0.011484  0.112358  0.107286  -0.575731  1.000000  
20.720076 -0.006417  -0.007300  0.015729  0.672663  0.702746  0.231672  -0.728660  0.683578  0.042133  -0.128757  -0.197152  0.971881  -0.004878  0.002857  -0.010866  0.114105  0.110037  -0.588967  1.000000  
20.721327 -0.006425  -0.007298  0.015720  0.673413  0.702014  0.231714  -0.727968  0.684296  0.042454  -0.128757  -0.197270  0.971857  -0.005124  0.002842  -0.010390  0.120789  0.114115  -0.608932  1.000000  
20.722333 -0.006433  -0.007296  0.015714  0.673874  0.701609  0.231599  -0.727564  0.684710  0.042693  -0.128625  -0.197273  0.971874  -0.005278  0.002804  -0.010058  0.117657  0.119949  -0.615091  1.000000  
20.723578 -0.006441  -0.007293  0.015704  0.674623  0.700876  0.231640  -0.726870  0.685427  0.043015  -0.128625  -0.197391  0.971850  -0.005348  0.002882  -0.010029  0.124362  0.123575  -0.632974  1.000000  
20.724597 -0.006448  -0.007291  0.015695  0.675233  0.700301  0.231601  -0.726327  0.685979  0.043384  -0.128492  -0.197512  0.971843  -0.005338  0.002954  -0.010085  0.126897  0.132055  -0.651791  1.000000  
20.725821 -0.006456  -0.007286  0.015682  0.675980  0.699567  0.231641  -0.725631  0.686694  0.043705  -0.128492  -0.197630  0.971819  -0.005416  0.003047  -0.010162  0.132936  0.139371  -0.665045  1.000000  
20.726822 -0.006462  -0.007282  0.015671  0.676577  0.698973  0.231690  -0.725075  0.687265  0.043979  -0.128492  -0.197748  0.971795  -0.005508  0.003089  -0.010192  0.137749  0.141070  -0.673387  1.000000  
20.728070 -0.006469  -0.007277  0.015658  0.677335  0.698255  0.231640  -0.724390  0.687959  0.044396  -0.128359  -0.197869  0.971788  -0.005626  0.003146  -0.009932  0.139345  0.148105  -0.685234  1.000000  
20.729320 -0.006476  -0.007272  0.015650  0.678080  0.697518  0.231679  -0.723693  0.688672  0.044718  -0.128359  -0.197987  0.971764  -0.005775  0.003231  -0.009449  0.146448  0.156558  -0.703670  1.000000  
20.730321 -0.006482  -0.007268  0.015645  0.678688  0.696941  0.231638  -0.723147  0.689221  0.045087  -0.128227  -0.198109  0.971757  -0.005934  0.003310  -0.008781  0.151357  0.162365  -0.709451  1.000000  
20.731570 -0.006491  -0.007263  0.015640  0.679580  0.696061  0.231667  -0.722308  0.690076  0.045457  -0.128227  -0.198226  0.971733  -0.006162  0.003344  -0.008175  0.152748  0.165169  -0.723561  1.000000  
20.732594 -0.006499  -0.007258  0.015637  0.680187  0.695483  0.231624  -0.721760  0.690624  0.045826  -0.128094  -0.198348  0.971725  -0.006408  0.003395  -0.007519  0.158787  0.172202  -0.734722  1.000000  
20.733827 -0.006508  -0.007253  0.015632  0.681090  0.694591  0.231647  -0.720932  0.691452  0.046375  -0.127961  -0.198587  0.971694  -0.006567  0.003418  -0.007092  0.168366  0.183851  -0.747599  1.000000  
20.735074 -0.006518  -0.007249  0.015626  0.681843  0.693869  0.231594  -0.720243  0.692142  0.046792  -0.127828  -0.198708  0.971687  -0.006740  0.003416  -0.006847  0.174670  0.191192  -0.759599  1.000000  
20.736082 -0.006525  -0.007247  0.015620  0.682584  0.693128  0.231629  -0.719541  0.692850  0.047114  -0.127828  -0.198826  0.971663  -0.006772  0.003438  -0.006782  0.176383  0.193951  -0.772747  1.000000  
20.737084 -0.006532  -0.007244  0.015613  0.683336  0.692405  0.231575  -0.718850  0.693538  0.047531  -0.127696  -0.198947  0.971655  -0.006730  0.003530  -0.006838  0.182160  0.201119  -0.785202  1.000000  
20.738333 -0.006541  -0.007240  0.015603  0.684235  0.691538  0.231510  -0.718018  0.694368  0.047995  -0.127563  -0.199069  0.971648  -0.006772  0.003583  -0.006842  0.187052  0.206923  -0.790951  1.000000  
20.739575 -0.006551  -0.007235  0.015594  0.685134  0.690642  0.231529  -0.717184  0.695191  0.048544  -0.127430  -0.199308  0.971616  -0.006848  0.003677  -0.006783  0.196975  0.214224  -0.803701  1.000000  
20.740825 -0.006559  -0.007230  0.015586  0.686031  0.689773  0.231462  -0.716350  0.696018  0.049008  -0.127298  -0.199429  0.971609  -0.006890  0.003765  -0.006298  0.202762  0.221414  -0.816220  1.000000  
20.741833 -0.006567  -0.007226  0.015582  0.686768  0.689028  0.231495  -0.715643  0.696722  0.049331  -0.127298  -0.199547  0.971584  -0.007012  0.003748  -0.005806  0.203591  0.222821  -0.822687  1.000000  
20.743075 -0.006576  -0.007220  0.015579  0.687810  0.687986  0.231501  -0.714665  0.697683  0.049927  -0.127165  -0.199786  0.971553  -0.007182  0.003777  -0.005229  0.213515  0.230135  -0.835447  1.000000  
20.744328 -0.006587  -0.007215  0.015578  0.688716  0.687133  0.231342  -0.713840  0.698487  0.050485  -0.126899  -0.199911  0.971562  -0.007398  0.003803  -0.004773  0.218339  0.240349  -0.840290  1.000000  
20.745575 -0.006598  -0.007210  0.015575  0.689756  0.686088  0.231345  -0.712858  0.699445  0.051081  -0.126767  -0.200150  0.971530  -0.007596  0.003752  -0.004629  0.225087  0.249113  -0.859816  1.000000  
20.746822 -0.006610  -0.007205  0.015571  0.690794  0.685070  0.231264  -0.711876  0.700408  0.051593  -0.126634  -0.200271  0.971522  -0.007800  0.003714  -0.004585  0.229850  0.255577  -0.871852  1.000000  
20.747823 -0.006619  -0.007202  0.015565  0.691685  0.684195  0.231192  -0.711034  0.701228  0.052057  -0.126501  -0.200392  0.971514  -0.007908  0.003673  -0.004713  0.235567  0.262706  -0.884216  1.000000  
20.748826 -0.006628  -0.007199  0.015559  0.692574  0.683319  0.231120  -0.710191  0.702047  0.052521  -0.126369  -0.200514  0.971507  -0.008027  0.003618  -0.004832  0.238256  0.266346  -0.898172  1.000000  
20.750074 -0.006641  -0.007196  0.015551  0.693767  0.682171  0.230934  -0.709074  0.703127  0.053172  -0.126103  -0.200638  0.971515  -0.008193  0.003553  -0.004976  0.240564  0.279852  -0.922395  1.000000  
20.751077 -0.006651  -0.007193  0.015546  0.694654  0.681293  0.230860  -0.708228  0.703943  0.053636  -0.125970  -0.200759  0.971508  -0.008369  0.003624  -0.004941  0.243386  0.288082  -0.935880  1.000000  
20.752330 -0.006664  -0.007189  0.015541  0.695686  0.680241  0.230856  -0.707239  0.704892  0.054232  -0.125838  -0.200999  0.971475  -0.008707  0.003625  -0.004631  0.252832  0.291292  -0.954831  1.000000  
20.753334 -0.006675  -0.007185  0.015537  0.696582  0.679379  0.230689  -0.706403  0.705687  0.054788  -0.125572  -0.201123  0.971484  -0.008938  0.003678  -0.004374  0.255623  0.303957  -0.967455  1.000000  
20.754576 -0.006690  -0.007181  0.015533  0.697757  0.678207  0.230589  -0.705266  0.706779  0.055346  -0.125439  -0.201244  0.971476  -0.009322  0.003627  -0.003968  0.257086  0.307307  -0.986976  1.000000  
20.755826 -0.006704  -0.007176  0.015532  0.698941  0.677052  0.230396  -0.704140  0.707850  0.055996  -0.125174  -0.201369  0.971484  -0.009702  0.003574  -0.003559  0.260633  0.321308  -1.006003  1.000000  
20.756826 -0.006716  -0.007172  0.015530  0.699822  0.676168  0.230317  -0.703288  0.708659  0.056458  -0.125041  -0.201490  0.971476  -0.009945  0.003581  -0.003474  0.262280  0.328553  -1.018374  1.000000  
20.758076 -0.006731  -0.007168  0.015527  0.701003  0.674982  0.230204  -0.702158  0.709720  0.057194  -0.124776  -0.201733  0.971460  -0.010358  0.003523  -0.003529  0.268784  0.337313  -1.037660  1.000000  
20.759326 -0.006748  -0.007164  0.015522  0.702182  0.673823  0.230007  -0.701026  0.710786  0.057843  -0.124510  -0.201857  0.971468  -0.010715  0.003424  -0.003679  0.271251  0.350384  -1.055946  1.000000  
20.760332 -0.006761  -0.007161  0.015517  0.703071  0.672955  0.229833  -0.700182  0.711572  0.058397  -0.124245  -0.201982  0.971476  -0.011016  0.003361  -0.003880  0.272719  0.357615  -1.068245  1.000000  
20.761575 -0.006777  -0.007157  0.015510  0.704247  0.671765  0.229715  -0.699046  0.712627  0.059131  -0.123979  -0.202224  0.971460  -0.011377  0.003249  -0.004129  0.278372  0.365064  -1.080971  1.000000  
20.762825 -0.006795  -0.007154  0.015503  0.705421  0.670601  0.229514  -0.697909  0.713687  0.059779  -0.123714  -0.202349  0.971468  -0.011816  0.003207  -0.004094  0.279456  0.376521  -1.097194  1.000000  
20.764073 -0.006812  -0.007151  0.015499  0.706593  0.669435  0.229311  -0.696769  0.714746  0.060426  -0.123448  -0.202474  0.971476  -0.012116  0.003136  -0.003919  0.278469  0.385829  -1.112605  1.000000  
20.765074 -0.006828  -0.007149  0.015497  0.707608  0.668368  0.229294  -0.695762  0.715676  0.061021  -0.123315  -0.202713  0.971443  -0.012524  0.003132  -0.003596  0.283971  0.388597  -1.125379  1.000000  
20.766106 -0.006843  -0.007146  0.015496  0.708490  0.667494  0.229113  -0.694910  0.716455  0.061573  -0.123050  -0.202837  0.971450  -0.012815  0.003143  -0.003283  0.285377  0.395795  -1.137529  1.000000  
20.767325 -0.006863  -0.007142  0.015497  0.709657  0.666325  0.228907  -0.693766  0.717508  0.062219  -0.122784  -0.202962  0.971458  -0.013230  0.003182  -0.002903  0.285573  0.405724  -1.146837  1.000000  
20.768333 -0.006878  -0.007137  0.015497  0.710537  0.665449  0.228724  -0.692911  0.718285  0.062771  -0.122519  -0.203086  0.971465  -0.013517  0.003243  -0.002628  0.283569  0.413634  -1.155181  1.000000  
20.769342 -0.006894  -0.007133  0.015497  0.711547  0.664377  0.228701  -0.691898  0.719209  0.063365  -0.122386  -0.203325  0.971432  -0.013850  0.003286  -0.002429  0.289081  0.416448  -1.168048  1.000000  
20.770344 -0.006910  -0.007129  0.015497  0.712566  0.663351  0.228504  -0.690895  0.720120  0.063963  -0.122120  -0.203450  0.971440  -0.014114  0.003256  -0.002362  0.289252  0.426253  -1.177180  1.000000  
20.771582 -0.006929  -0.007123  0.015495  0.713727  0.662176  0.228291  -0.689743  0.721166  0.064607  -0.121855  -0.203574  0.971447  -0.014443  0.003296  -0.002402  0.290738  0.433572  -1.189690  1.000000  
20.772829 -0.006949  -0.007119  0.015491  0.715015  0.660803  0.228238  -0.688431  0.722357  0.065296  -0.121722  -0.203813  0.971413  -0.014763  0.003334  -0.002441  0.293808  0.438810  -1.206059  1.000000  
20.773831 -0.006966  -0.007115  0.015489  0.716030  0.659773  0.228036  -0.687422  0.723263  0.065892  -0.121456  -0.203938  0.971420  -0.015024  0.003369  -0.002355  0.295226  0.446090  -1.218377  1.000000  
20.774849 -0.006982  -0.007111  0.015486  0.717032  0.658722  0.227927  -0.686401  0.724186  0.066399  -0.121323  -0.204059  0.971412  -0.015242  0.003433  -0.002195  0.296570  0.448733  -1.230951  1.000000  
20.775859 -0.007000  -0.007107  0.015486  0.718044  0.657662  0.227803  -0.685389  0.725080  0.067082  -0.121058  -0.204301  0.971394  -0.015517  0.003479  -0.001817  0.301137  0.454605  -1.236282  1.000000  
20.777076 -0.007023  -0.007102  0.015487  0.719336  0.656302  0.227649  -0.684080  0.726244  0.067860  -0.120792  -0.204544  0.971376  -0.015967  0.003608  -0.001283  0.302938  0.462645  -1.250171  1.000000  
20.778324 -0.007046  -0.007097  0.015489  0.720626  0.654967  0.227413  -0.682768  0.727412  0.068548  -0.120526  -0.204668  0.971383  -0.016316  0.003719  -0.000767  0.303796  0.464753  -1.258356  1.000000  
20.779329 -0.007065  -0.007092  0.015493  0.721620  0.653883  0.227379  -0.681740  0.728320  0.069142  -0.120394  -0.204907  0.971349  -0.016590  0.003898  -0.000352  0.308174  0.465817  -1.263467  1.000000  
20.780330 -0.007083  -0.007087  0.015495  0.722626  0.652845  0.227169  -0.680721  0.729216  0.069736  -0.120128  -0.205032  0.971355  -0.016839  0.004050  -0.000129  0.308785  0.471823  -1.269355  1.000000  
20.781331 -0.007103  -0.007082  0.015497  0.723629  0.651778  0.227037  -0.679701  0.730101  0.070419  -0.119862  -0.205274  0.971337  -0.017071  0.004183  0.000047  0.313421  0.477833  -1.275014  1.000000  
20.782426 -0.007121  -0.007076  0.015499  0.724771  0.650560  0.226888  -0.678530  0.731119  0.071147  -0.119597  -0.205516  0.971319  -0.017148  0.004312  0.000148  0.317896  0.479473  -1.284627  1.000000  
20.783576 -0.007144  -0.007069  0.015499  0.726050  0.649217  0.226645  -0.677208  0.732277  0.071834  -0.119331  -0.205641  0.971325  -0.017491  0.004481  0.000080  0.318571  0.485813  -1.297327  1.000000  
20.784826 -0.007167  -0.007061  0.015499  0.727327  0.647845  0.226478  -0.675884  0.733423  0.072608  -0.119065  -0.205883  0.971306  -0.017765  0.004656  0.000135  0.320798  0.490098  -1.307824  1.000000  
20.786087 -0.007191  -0.007053  0.015500  0.728602  0.646470  0.226309  -0.674556  0.734567  0.073383  -0.118800  -0.206125  0.971287  -0.017990  0.004877  0.000345  0.325202  0.491534  -1.313910  1.000000  
20.787361 -0.007217  -0.007046  0.015502  0.730024  0.644963  0.226028  -0.673087  0.735822  0.074291  -0.118401  -0.206371  0.971284  -0.018387  0.005016  0.000683  0.331189  0.504446  -1.331209  1.000000  
20.788595 -0.007242  -0.007037  0.015505  0.731431  0.643432  0.225839  -0.671604  0.737093  0.075111  -0.118135  -0.206613  0.971265  -0.018687  0.005268  0.001117  0.331818  0.506443  -1.338516  1.000000  
20.789824 -0.007269  -0.007029  0.015510  0.732836  0.641900  0.225648  -0.670118  0.738360  0.075930  -0.117870  -0.206855  0.971245  -0.019119  0.005457  0.001583  0.336322  0.508508  -1.355102  1.000000  
20.790835 -0.007290  -0.007022  0.015514  0.733962  0.640696  0.225408  -0.668932  0.739370  0.076567  -0.117604  -0.206979  0.971251  -0.019354  0.005659  0.001918  0.338558  0.512647  -1.365649  1.000000  
20.792094 -0.007317  -0.007014  0.015520  0.735361  0.639159  0.225212  -0.667440  0.740631  0.077385  -0.117338  -0.207222  0.971232  -0.019619  0.005863  0.002225  0.343832  0.515613  -1.378707  1.000000  
20.793332 -0.007344  -0.007005  0.015525  0.736768  0.637640  0.224918  -0.665957  0.741871  0.078290  -0.116939  -0.207467  0.971227  -0.019864  0.006145  0.002341  0.345185  0.523460  -1.391862  1.000000  
20.794572 -0.007371  -0.006996  0.015527  0.738434  0.635765  0.224762  -0.664155  0.743378  0.079289  -0.116674  -0.207827  0.971182  -0.020100  0.006371  0.002281  0.354187  0.526583  -1.413783  1.000000  
20.795574 -0.007392  -0.006988  0.015528  0.739687  0.634373  0.224575  -0.662807  0.744498  0.080060  -0.116408  -0.208069  0.971162  -0.020239  0.006545  0.002165  0.357573  0.532763  -1.432242  1.000000  
20.796576 -0.007414  -0.006980  0.015529  0.740937  0.632980  0.224386  -0.661456  0.745616  0.080830  -0.116142  -0.208311  0.971142  -0.020456  0.006747  0.002116  0.363797  0.541653  -1.451293  1.000000  
20.797823 -0.007441  -0.006969  0.015530  0.742467  0.631298  0.224064  -0.659807  0.746972  0.081778  -0.115743  -0.208557  0.971137  -0.020720  0.006994  0.002067  0.368428  0.548896  -1.471725  1.000000  
20.798823 -0.007463  -0.006960  0.015531  0.743712  0.629901  0.223871  -0.658451  0.748083  0.082547  -0.115478  -0.208799  0.971117  -0.021023  0.007149  0.002164  0.373777  0.556338  -1.484009  1.000000  
20.799824 -0.007486  -0.006951  0.015534  0.744954  0.628501  0.223675  -0.657092  0.749192  0.083315  -0.115212  -0.209041  0.971096  -0.021230  0.007283  0.002327  0.380086  0.561222  -1.504917  1.000000  
20.801074 -0.007516  -0.006941  0.015538  0.746609  0.626630  0.223403  -0.655280  0.750656  0.084398  -0.114813  -0.209404  0.971065  -0.021693  0.007480  0.002512  0.385836  0.570010  -1.523092  1.000000  
20.802325 -0.007546  -0.006930  0.015544  0.748261  0.624756  0.223128  -0.653464  0.752116  0.085479  -0.114414  -0.209767  0.971034  -0.022052  0.007736  0.002818  0.395843  0.579053  -1.542200  1.000000  
20.803342 -0.007572  -0.006921  0.015549  0.749639  0.623216  0.222809  -0.651952  0.753324  0.086377  -0.114016  -0.210012  0.971028  -0.022408  0.007892  0.002951  0.399975  0.591168  -1.566517  1.000000  
20.804343 -0.007597  -0.006912  0.015554  0.751003  0.621652  0.222585  -0.650428  0.754548  0.087189  -0.113750  -0.210254  0.971007  -0.022708  0.008047  0.003047  0.405276  0.598623  -1.578687  1.000000  
20.805584 -0.007629  -0.006900  0.015557  0.752787  0.619608  0.222257  -0.648455  0.756092  0.088490  -0.113218  -0.210738  0.970964  -0.022975  0.008282  0.002943  0.418708  0.612160  -1.605587  1.000000  
20.806596 -0.007654  -0.006890  0.015560  0.754143  0.618039  0.222028  -0.646924  0.757308  0.089300  -0.112952  -0.210980  0.970942  -0.023162  0.008513  0.002835  0.422974  0.619980  -1.630845  1.000000  
20.807825 -0.007685  -0.006878  0.015562  0.756039  0.615811  0.221772  -0.644777  0.758987  0.090561  -0.112553  -0.211461  0.970884  -0.023496  0.008768  0.002612  0.433054  0.634681  -1.663325  1.000000  
20.808843 -0.007711  -0.006868  0.015565  0.757399  0.614231  0.221511  -0.643248  0.760165  0.091546  -0.112154  -0.211824  0.970851  -0.023725  0.008937  0.002631  0.440471  0.645628  -1.681003  1.000000  
20.810073 -0.007742  -0.006854  0.015567  0.759152  0.612152  0.221265  -0.641248  0.761707  0.092760  -0.111756  -0.212304  0.970792  -0.024090  0.009208  0.002699  0.453630  0.654477  -1.707899  1.000000  
20.811322 -0.007774  -0.006841  0.015572  0.761175  0.609777  0.220875  -0.638939  0.763475  0.094147  -0.111224  -0.212788  0.970747  -0.024387  0.009409  0.002957  0.465628  0.672271  -1.745412  1.000000  
20.812325 -0.007800  -0.006830  0.015577  0.762642  0.607983  0.220757  -0.637232  0.764771  0.095185  -0.110958  -0.213265  0.970673  -0.024690  0.009568  0.003194  0.477078  0.679344  -1.770735  1.000000  
20.813575 -0.007835  -0.006816  0.015584  0.764391  0.605915  0.220396  -0.635227  0.766276  0.096479  -0.110426  -0.213749  0.970627  -0.025178  0.009792  0.003565  0.490014  0.692100  -1.789474  1.000000  
20.814821 -0.007869  -0.006802  0.015592  0.766122  0.603794  0.220203  -0.633207  0.767781  0.097783  -0.110027  -0.214347  0.970541  -0.025560  0.009979  0.003867  0.504713  0.703089  -1.815194  1.000000  
20.815826 -0.007896  -0.006791  0.015597  0.767577  0.601992  0.220072  -0.631489  0.769062  0.098819  -0.109761  -0.214825  0.970465  -0.025774  0.010173  0.003982  0.518295  0.712760  -1.844132  1.000000  
20.817070 -0.007931  -0.006776  0.015603  0.769439  0.599702  0.219821  -0.629311  0.770648  0.100343  -0.109229  -0.215543  0.970366  -0.026068  0.010459  0.003972  0.538131  0.725054  -1.866745  1.000000  
20.818071 -0.007958  -0.006764  0.015606  0.771014  0.597734  0.219661  -0.627427  0.772042  0.101424  -0.108963  -0.216021  0.970290  -0.026190  0.010613  0.003883  0.548681  0.731377  -1.892767  1.000000  
20.819071 -0.007986  -0.006752  0.015610  0.772467  0.595919  0.219490  -0.625707  0.773277  0.102635  -0.108564  -0.216619  0.970201  -0.026339  0.010807  0.003811  0.566445  0.740707  -1.911389  1.000000  
20.820083 -0.008013  -0.006740  0.015613  0.774044  0.593968  0.219220  -0.623824  0.774642  0.103797  -0.108165  -0.217099  0.970138  -0.026488  0.011012  0.003803  0.580151  0.754865  -1.939449  1.000000  
20.821329 -0.008046  -0.006724  0.015618  0.776001  0.591455  0.219097  -0.621458  0.776329  0.105377  -0.107766  -0.217932  0.969996  -0.026562  0.011240  0.003902  0.600269  0.764226  -1.968696  1.000000  
20.822575 -0.008080  -0.006708  0.015625  0.777822  0.589125  0.218917  -0.619245  0.777898  0.106816  -0.107367  -0.218647  0.969879  -0.026781  0.011496  0.004234  0.618997  0.775623  -1.994670  1.000000  
20.823824 -0.008113  -0.006691  0.015632  0.779765  0.586630  0.218707  -0.616867  0.779581  0.108301  -0.106968  -0.219363  0.969762  -0.026884  0.011796  0.004490  0.636928  0.785976  -2.023923  1.000000  
20.825074 -0.008146  -0.006674  0.015642  0.781699  0.584103  0.218562  -0.614483  0.781241  0.109880  -0.106569  -0.220195  0.969617  -0.026947  0.012022  0.005027  0.659635  0.793154  -2.050784  1.000000  
20.826076 -0.008173  -0.006660  0.015650  0.783123  0.582270  0.218359  -0.612737  0.782440  0.111089  -0.106169  -0.220793  0.969525  -0.027031  0.012256  0.005292  0.672772  0.805731  -2.061858  1.000000  
20.827322 -0.008206  -0.006643  0.015661  0.785056  0.579759  0.218098  -0.610351  0.784066  0.112747  -0.105637  -0.221629  0.969392  -0.027039  0.012448  0.005584  0.691102  0.817757  -2.082481  1.000000  
20.828326 -0.008231  -0.006629  0.015669  0.786333  0.578032  0.218081  -0.608751  0.785139  0.113926  -0.105371  -0.222340  0.969258  -0.026875  0.012682  0.005718  0.707235  0.815849  -2.089632  1.000000  
20.829329 -0.008257  -0.006615  0.015675  0.787618  0.576353  0.217887  -0.607156  0.786203  0.115089  -0.104972  -0.222938  0.969164  -0.026787  0.012800  0.005728  0.718870  0.824927  -2.091915  1.000000  
20.830571 -0.008289  -0.006598  0.015683  0.789523  0.573783  0.217779  -0.604747  0.787812  0.116762  -0.104573  -0.223887  0.968989  -0.026649  0.013010  0.005805  0.740981  0.828500  -2.114672  1.000000  
20.831577 -0.008314  -0.006583  0.015687  0.790912  0.571886  0.217724  -0.602974  0.788988  0.117987  -0.104307  -0.224599  0.968853  -0.026404  0.013250  0.005819  0.757661  0.830469  -2.125603  1.000000  
20.832821 -0.008344  -0.006566  0.015694  0.792669  0.569447  0.217729  -0.600709  0.790481  0.119537  -0.104041  -0.225545  0.968661  -0.026170  0.013445  0.005981  0.778525  0.831392  -2.135560  1.000000  
20.833821 -0.008368  -0.006551  0.015699  0.794173  0.567382  0.217639  -0.598766  0.791761  0.120807  -0.103774  -0.226257  0.968524  -0.025907  0.013614  0.006094  0.795306  0.830957  -2.149192  1.000000  
