1-Time 2-Px 3-Py 4-Pz 5-R11 6-R21 7-R31 8-R12 9-R22 10-R32 11-R13 12-R23 13-R33 14-Vx 15-Vy 16-Vz 17-Wx 18-Wy 19-Wz 20-state
135.974243 0.006720  0.003492  0.007139  0.496013  0.718550  0.487500  -0.847529  0.522744  0.091831  -0.188853  -0.458720  0.868280  -0.001711  0.002141  0.004783  0.000000  0.000000  0.000000  1.000000  
135.975339 0.006720  0.003493  0.007141  0.496013  0.718550  0.487500  -0.847529  0.522744  0.091831  -0.188853  -0.458720  0.868280  -0.000136  0.001369  0.003390  0.000000  0.000000  0.000000  1.000000  
135.976339 0.006716  0.003492  0.007140  0.496013  0.718550  0.487500  -0.847529  0.522744  0.091831  -0.188853  -0.458720  0.868280  -0.002323  -0.000320  0.000995  0.000000  0.000000  0.000000  1.000000  
135.977583 0.006709  0.003489  0.007137  0.496013  0.718550  0.487500  -0.847529  0.522744  0.091831  -0.188853  -0.458720  0.868280  -0.003432  -0.001205  -0.000678  0.000000  0.000000  0.000000  1.000000  
135.978583 0.006706  0.003486  0.007134  0.496188  0.718443  0.487481  -0.847427  0.522892  0.091931  -0.188853  -0.458720  0.868280  -0.003432  -0.001433  -0.001071  0.000000  0.000000  0.000000  1.000000  
135.979833 0.006704  0.003486  0.007133  0.496188  0.718443  0.487481  -0.847427  0.522892  0.091931  -0.188853  -0.458720  0.868280  -0.003011  -0.001224  -0.001034  0.000000  0.000000  0.000000  1.000000  
135.980833 0.006701  0.003484  0.007133  0.496188  0.718443  0.487481  -0.847427  0.522892  0.091931  -0.188853  -0.458720  0.868280  -0.003052  -0.001245  -0.000936  0.000000  0.000000  0.000000  1.000000  
135.981865 0.006697  0.003484  0.007132  0.496188  0.718443  0.487481  -0.847427  0.522892  0.091931  -0.188853  -0.458720  0.868280  -0.003169  -0.001155  -0.000867  0.000000  0.000000  0.000000  1.000000  
135.983083 0.006691  0.003483  0.007132  0.496188  0.718443  0.487481  -0.847427  0.522892  0.091931  -0.188853  -0.458720  0.868280  -0.003380  -0.001087  -0.000802  0.000000  0.000000  0.000000  1.000000  
135.984089 0.006688  0.003483  0.007132  0.496362  0.718335  0.487462  -0.847325  0.523040  0.092031  -0.188853  -0.458720  0.868280  -0.003374  -0.000913  -0.000690  0.000000  0.000000  0.000000  1.000000  
135.985090 0.006685  0.003483  0.007132  0.496362  0.718394  0.487375  -0.847325  0.523051  0.091968  -0.188853  -0.458615  0.868336  -0.003276  -0.000866  -0.000664  0.000000  0.000000  0.000000  1.000000  
135.986340 0.006683  0.003482  0.007130  0.496362  0.718394  0.487375  -0.847325  0.523051  0.091968  -0.188853  -0.458615  0.868336  -0.003163  -0.000853  -0.000723  0.000000  0.000000  0.000000  1.000000  
135.987586 0.006678  0.003481  0.007128  0.496362  0.718453  0.487288  -0.847325  0.523062  0.091904  -0.188853  -0.458509  0.868392  -0.003180  -0.000878  -0.000830  0.000000  0.000000  0.000000  1.000000  
135.988833 0.006673  0.003479  0.007125  0.496536  0.718345  0.487269  -0.847223  0.523210  0.092005  -0.188853  -0.458509  0.868392  -0.003292  -0.000932  -0.000971  0.000000  0.000000  0.000000  1.000000  
135.989839 0.006668  0.003476  0.007120  0.496536  0.718405  0.487182  -0.847223  0.523221  0.091941  -0.188853  -0.458404  0.868447  -0.003529  -0.001113  -0.001366  0.000000  0.000000  0.000000  1.000000  
135.991084 0.006662  0.003471  0.007114  0.496711  0.718356  0.487076  -0.847120  0.523381  0.091978  -0.188853  -0.458299  0.868503  -0.003672  -0.001412  -0.001787  0.000000  0.000000  0.000000  1.000000  
135.992340 0.006655  0.003465  0.007109  0.496711  0.718415  0.486989  -0.847120  0.523392  0.091915  -0.188853  -0.458193  0.868558  -0.003693  -0.001574  -0.001906  0.000000  0.000000  0.000000  1.000000  
135.993586 0.006649  0.003462  0.007105  0.496711  0.718415  0.486989  -0.847120  0.523392  0.091915  -0.188853  -0.458193  0.868558  -0.003785  -0.001670  -0.001981  0.000000  0.000000  0.000000  1.000000  
135.994832 0.006645  0.003459  0.007103  0.496885  0.718366  0.486883  -0.847018  0.523551  0.091951  -0.188853  -0.458088  0.868614  -0.003924  -0.001751  -0.002025  0.000000  0.000000  0.000000  1.000000  
135.995833 0.006641  0.003457  0.007102  0.497060  0.718259  0.486864  -0.846916  0.523699  0.092052  -0.188853  -0.458088  0.868614  -0.003968  -0.001830  -0.002073  0.000000  0.000000  0.000000  1.000000  
135.997083 0.006636  0.003453  0.007097  0.497047  0.718227  0.486923  -0.846894  0.523751  0.091951  -0.188984  -0.458076  0.868592  -0.003939  -0.002044  -0.002336  0.000000  0.000000  0.000000  1.000000  
135.998083 0.006634  0.003451  0.007092  0.497221  0.718120  0.486904  -0.846792  0.523899  0.092052  -0.188984  -0.458076  0.868592  -0.003818  -0.002142  -0.002718  0.000000  0.000000  0.000000  1.000000  
135.999333 0.006631  0.003449  0.007084  0.497221  0.718179  0.486817  -0.846792  0.523910  0.091988  -0.188984  -0.457971  0.868647  -0.003736  -0.002313  -0.003184  0.000000  0.000000  0.000000  1.000000  
136.000340 0.006630  0.003446  0.007078  0.497395  0.718071  0.486798  -0.846689  0.524058  0.092088  -0.188984  -0.457971  0.868647  -0.003717  -0.002491  -0.003603  0.000000  0.000000  0.000000  1.000000  
136.001342 0.006627  0.003442  0.007072  0.497383  0.718040  0.486857  -0.846667  0.524111  0.091988  -0.189116  -0.457959  0.868625  -0.003718  -0.002677  -0.003921  0.000000  0.000000  0.000000  1.000000  
136.002587 0.006623  0.003438  0.007065  0.497383  0.718040  0.486857  -0.846667  0.524111  0.091988  -0.189116  -0.457959  0.868625  -0.003674  -0.002847  -0.004215  0.000000  0.000000  0.000000  1.000000  
136.003836 0.006617  0.003433  0.007058  0.497557  0.717932  0.486838  -0.846565  0.524259  0.092088  -0.189116  -0.457959  0.868625  -0.003728  -0.003045  -0.004411  0.000000  0.000000  0.000000  1.000000  
136.004838 0.006612  0.003429  0.007054  0.497557  0.717991  0.486751  -0.846565  0.524270  0.092025  -0.189116  -0.457854  0.868680  -0.003690  -0.003155  -0.004457  0.000000  0.000000  0.000000  1.000000  
136.006083 0.006607  0.003424  0.007049  0.497731  0.717883  0.486732  -0.846463  0.524418  0.092125  -0.189116  -0.457854  0.868680  -0.003633  -0.003088  -0.004310  0.000000  0.000000  0.000000  1.000000  
136.007085 0.006603  0.003421  0.007048  0.497731  0.717883  0.486732  -0.846463  0.524418  0.092125  -0.189116  -0.457854  0.868680  -0.003515  -0.003009  -0.004109  0.000000  0.000000  0.000000  1.000000  
136.008339 0.006598  0.003419  0.007046  0.497893  0.717803  0.486685  -0.846338  0.524630  0.092061  -0.189247  -0.457736  0.868713  -0.003486  -0.002909  -0.004008  0.000000  0.000000  0.000000  1.000000  
136.009583 0.006592  0.003417  0.007043  0.497893  0.717803  0.486685  -0.846338  0.524630  0.092061  -0.189247  -0.457736  0.868713  -0.003565  -0.002893  -0.004086  0.000000  0.000000  0.000000  1.000000  
136.010584 0.006588  0.003415  0.007039  0.498067  0.717695  0.486666  -0.846236  0.524777  0.092162  -0.189247  -0.457736  0.868713  -0.003592  -0.002866  -0.004287  0.000000  0.000000  0.000000  1.000000  
136.011833 0.006584  0.003412  0.007032  0.498054  0.717664  0.486724  -0.846214  0.524830  0.092061  -0.189379  -0.457725  0.868691  -0.003527  -0.002743  -0.004414  0.000000  0.000000  0.000000  1.000000  
136.012837 0.006581  0.003411  0.007026  0.498054  0.717723  0.486637  -0.846214  0.524841  0.091998  -0.189379  -0.457619  0.868746  -0.003557  -0.002710  -0.004464  0.000000  0.000000  0.000000  1.000000  
136.014084 0.006577  0.003409  0.007020  0.498228  0.717615  0.486618  -0.846111  0.524989  0.092098  -0.189379  -0.457619  0.868746  -0.003660  -0.002672  -0.004344  0.000000  0.000000  0.000000  1.000000  
136.015333 0.006571  0.003407  0.007015  0.498215  0.717584  0.486677  -0.846089  0.525042  0.091998  -0.189510  -0.457607  0.868724  -0.003903  -0.002635  -0.004209  0.000000  0.000000  0.000000  1.000000  
136.016340 0.006566  0.003403  0.007011  0.498390  0.717476  0.486659  -0.845987  0.525190  0.092098  -0.189510  -0.457607  0.868724  -0.004065  -0.002594  -0.004066  0.000000  0.000000  0.000000  1.000000  
136.017589 0.006559  0.003399  0.007005  0.498377  0.717386  0.486805  -0.845965  0.525231  0.092061  -0.189641  -0.457701  0.868646  -0.004252  -0.002581  -0.003964  0.000000  0.000000  0.000000  1.000000  
136.018836 0.006552  0.003395  0.007002  0.498551  0.717277  0.486786  -0.845862  0.525379  0.092162  -0.189641  -0.457701  0.868646  -0.004342  -0.002562  -0.003779  0.000000  0.000000  0.000000  1.000000  
136.019838 0.006546  0.003391  0.006997  0.498538  0.717246  0.486845  -0.845841  0.525432  0.092062  -0.189773  -0.457689  0.868624  -0.004437  -0.002457  -0.003747  0.000000  0.000000  0.000000  1.000000  
136.020840 0.006539  0.003388  0.006991  0.498699  0.717107  0.486885  -0.845716  0.525632  0.092062  -0.189904  -0.457677  0.868601  -0.004575  -0.002442  -0.003950  0.000000  0.000000  0.000000  1.000000  
136.022086 0.006532  0.003385  0.006985  0.498686  0.717076  0.486944  -0.845694  0.525685  0.091962  -0.190035  -0.457665  0.868579  -0.004793  -0.002413  -0.004231  0.000000  0.000000  0.000000  1.000000  
136.023087 0.006527  0.003384  0.006979  0.498847  0.716937  0.486984  -0.845570  0.525885  0.091962  -0.190167  -0.457654  0.868556  -0.004836  -0.002373  -0.004535  0.000000  0.000000  0.000000  1.000000  
136.024340 0.006520  0.003382  0.006971  0.499009  0.716797  0.487024  -0.845445  0.526085  0.091962  -0.190298  -0.457642  0.868534  -0.004920  -0.002347  -0.004859  0.000000  0.000000  0.000000  1.000000  
136.025583 0.006512  0.003380  0.006963  0.499170  0.716717  0.486977  -0.845320  0.526297  0.091898  -0.190430  -0.457524  0.868567  -0.005054  -0.002279  -0.005057  0.000000  0.000000  0.000000  1.000000  
136.026833 0.006505  0.003379  0.006955  0.499318  0.716546  0.487076  -0.845174  0.526550  0.091798  -0.190692  -0.457501  0.868522  -0.005226  -0.002230  -0.005161  0.000000  0.000000  0.000000  1.000000  
136.027833 0.006499  0.003377  0.006949  0.499466  0.716375  0.487176  -0.845027  0.526803  0.091699  -0.190955  -0.457477  0.868476  -0.005464  -0.002303  -0.005143  0.000000  0.000000  0.000000  1.000000  
136.029083 0.006490  0.003374  0.006944  0.499614  0.716205  0.487275  -0.844880  0.527056  0.091599  -0.191218  -0.457453  0.868431  -0.005780  -0.002354  -0.005050  0.000000  0.000000  0.000000  1.000000  
136.030332 0.006481  0.003370  0.006939  0.499935  0.715984  0.487269  -0.844630  0.527467  0.091536  -0.191480  -0.457324  0.868441  -0.006044  -0.002459  -0.005103  0.000000  0.000000  0.000000  1.000000  
136.031585 0.006471  0.003365  0.006932  0.500257  0.715705  0.487350  -0.844380  0.527867  0.091536  -0.191743  -0.457300  0.868396  -0.006288  -0.002481  -0.005243  0.000000  0.000000  0.000000  1.000000  
136.032836 0.006462  0.003361  0.006924  0.500578  0.715425  0.487430  -0.844130  0.528267  0.091537  -0.192006  -0.457276  0.868350  -0.006369  -0.002442  -0.005383  0.000000  0.000000  0.000000  1.000000  
136.034085 0.006453  0.003357  0.006916  0.500713  0.715222  0.487589  -0.843960  0.528572  0.091338  -0.192399  -0.457240  0.868282  -0.006456  -0.002440  -0.005648  0.000000  0.000000  0.000000  1.000000  
136.035089 0.006447  0.003355  0.006907  0.501034  0.715001  0.487584  -0.843710  0.528983  0.091274  -0.192662  -0.457111  0.868292  -0.006496  -0.002399  -0.005949  0.000000  0.000000  0.000000  1.000000  
136.036342 0.006437  0.003351  0.006896  0.501342  0.714690  0.487724  -0.843437  0.529435  0.091176  -0.193056  -0.457075  0.868224  -0.006614  -0.002401  -0.006199  0.000000  0.000000  0.000000  1.000000  
136.037585 0.006429  0.003348  0.006886  0.501823  0.714328  0.487759  -0.843060  0.530045  0.091113  -0.193450  -0.456933  0.868210  -0.006690  -0.002390  -0.006428  0.014041  -0.045039  -0.223299  1.000000  
136.038836 0.006420  0.003346  0.006876  0.502130  0.714016  0.487900  -0.842787  0.530496  0.091014  -0.193844  -0.456897  0.868142  -0.006813  -0.002453  -0.006553  0.019478  -0.053827  -0.235578  1.000000  
136.040084 0.006412  0.003342  0.006868  0.502424  0.713731  0.488014  -0.842491  0.531011  0.090752  -0.194369  -0.456743  0.868105  -0.006955  -0.002625  -0.006528  0.016779  -0.066603  -0.249973  1.000000  
136.041332 0.006402  0.003338  0.006859  0.502904  0.713309  0.488137  -0.842113  0.531609  0.090754  -0.194762  -0.456707  0.868036  -0.007131  -0.002783  -0.006569  0.020644  -0.064536  -0.269929  1.000000  
136.042332 0.006394  0.003334  0.006853  0.503211  0.713055  0.488191  -0.841839  0.532071  0.090592  -0.195156  -0.456565  0.868022  -0.007237  -0.002923  -0.006617  0.019283  -0.070125  -0.288083  1.000000  
136.043332 0.006385  0.003330  0.006846  0.503517  0.712801  0.488247  -0.841565  0.532533  0.090429  -0.195550  -0.456423  0.868008  -0.007420  -0.003048  -0.006742  0.020649  -0.078869  -0.300261  1.000000  
136.044334 0.006375  0.003326  0.006839  0.503823  0.712488  0.488388  -0.841290  0.532984  0.090331  -0.195943  -0.456387  0.867938  -0.007540  -0.003102  -0.007004  0.023550  -0.081168  -0.318966  1.000000  
136.045582 0.006365  0.003321  0.006829  0.504302  0.712124  0.488425  -0.840911  0.533592  0.090269  -0.196337  -0.456245  0.867924  -0.007548  -0.003157  -0.007277  0.023338  -0.082971  -0.340493  1.000000  
136.046833 0.006354  0.003317  0.006819  0.504594  0.711838  0.488541  -0.840613  0.534105  0.090007  -0.196862  -0.456091  0.867886  -0.007702  -0.003189  -0.007455  0.016798  -0.092428  -0.355521  1.000000  
136.048083 0.006343  0.003312  0.006809  0.505059  0.711500  0.488552  -0.840211  0.534776  0.089781  -0.197386  -0.455831  0.867904  -0.007780  -0.003238  -0.007556  0.011304  -0.101260  -0.372881  1.000000  
136.049332 0.006333  0.003309  0.006799  0.505364  0.711245  0.488608  -0.839935  0.535236  0.089619  -0.197780  -0.455689  0.867889  -0.007914  -0.003229  -0.007608  0.009993  -0.102894  -0.388854  1.000000  
136.050334 0.006323  0.003306  0.006793  0.505828  0.710848  0.488706  -0.839532  0.535895  0.089458  -0.198304  -0.455534  0.867850  -0.008137  -0.003193  -0.007492  0.010024  -0.109318  -0.415028  1.000000  
136.051340 0.006314  0.003303  0.006786  0.506132  0.710592  0.488763  -0.839255  0.536355  0.089296  -0.198698  -0.455392  0.867835  -0.008237  -0.003211  -0.007346  0.007459  -0.115041  -0.428575  1.000000  
136.052586 0.006303  0.003299  0.006780  0.506596  0.710194  0.488862  -0.838851  0.537014  0.089135  -0.199222  -0.455237  0.867796  -0.008435  -0.003265  -0.007045  0.006208  -0.116725  -0.444752  1.000000  
136.053591 0.006293  0.003297  0.006774  0.506886  0.709906  0.488979  -0.838551  0.537525  0.088873  -0.199747  -0.455083  0.867756  -0.008594  -0.003353  -0.006946  0.003594  -0.125532  -0.456957  1.000000  
136.054836 0.006281  0.003292  0.006765  0.507175  0.709677  0.489011  -0.838251  0.538047  0.088547  -0.200271  -0.454822  0.867772  -0.008883  -0.003441  -0.006952  0.000985  -0.134427  -0.469254  1.000000  
136.056083 0.006268  0.003287  0.006756  0.507637  0.709337  0.489024  -0.837846  0.538715  0.088321  -0.200795  -0.454562  0.867787  -0.009025  -0.003487  -0.007029  -0.002964  -0.135845  -0.489454  1.000000  
136.057086 0.006258  0.003282  0.006748  0.508099  0.708938  0.489125  -0.837440  0.539372  0.088161  -0.201320  -0.454407  0.867747  -0.009229  -0.003529  -0.007082  -0.005558  -0.141820  -0.503658  1.000000  
136.058417 0.006245  0.003276  0.006738  0.508546  0.708565  0.489200  -0.837011  0.540091  0.087836  -0.201975  -0.454134  0.867738  -0.009253  -0.003557  -0.007141  -0.010784  -0.147134  -0.520477  1.000000  
136.059582 0.006233  0.003271  0.006728  0.508993  0.708192  0.489275  -0.836581  0.540809  0.087511  -0.202630  -0.453861  0.867728  -0.009337  -0.003610  -0.007258  -0.015952  -0.155944  -0.537776  1.000000  
136.060599 0.006224  0.003267  0.006720  0.509453  0.707850  0.489291  -0.836174  0.541475  0.087285  -0.203154  -0.453600  0.867742  -0.009390  -0.003602  -0.007225  -0.018624  -0.162089  -0.552109  1.000000  
136.061833 0.006212  0.003261  0.006712  0.509898  0.707477  0.489368  -0.835743  0.542192  0.086960  -0.203809  -0.453326  0.867731  -0.009497  -0.003696  -0.007158  -0.023828  -0.163927  -0.568537  1.000000  
136.063083 0.006201  0.003256  0.006705  0.510501  0.706959  0.489488  -0.835183  0.543106  0.086637  -0.204595  -0.453040  0.867696  -0.009551  -0.003766  -0.006908  -0.029009  -0.173658  -0.588875  1.000000  
136.064339 0.006189  0.003253  0.006699  0.511102  0.706440  0.489609  -0.834622  0.544019  0.086314  -0.205381  -0.452753  0.867660  -0.009571  -0.003742  -0.006707  -0.030068  -0.179451  -0.607097  1.000000  
136.065610 0.006177  0.003248  0.006694  0.511703  0.705980  0.489645  -0.834060  0.544942  0.085925  -0.206166  -0.452361  0.867678  -0.009549  -0.003811  -0.006472  -0.039228  -0.185075  -0.624718  1.000000  
136.066835 0.006166  0.003243  0.006687  0.512303  0.705519  0.489682  -0.833497  0.545863  0.085536  -0.206952  -0.451969  0.867695  -0.009511  -0.003892  -0.006422  -0.048070  -0.193393  -0.640158  1.000000  
136.067843 0.006157  0.003240  0.006682  0.512730  0.705111  0.489823  -0.833038  0.546629  0.085113  -0.207737  -0.451681  0.867657  -0.009543  -0.003957  -0.006426  -0.052247  -0.207062  -0.651533  1.000000  
136.069086 0.006146  0.003234  0.006673  0.513485  0.704504  0.489905  -0.832344  0.547745  0.084726  -0.208653  -0.451276  0.867649  -0.009479  -0.004024  -0.006473  -0.059950  -0.209772  -0.675800  1.000000  
136.070087 0.006136  0.003230  0.006667  0.514082  0.704040  0.489945  -0.831778  0.548664  0.084338  -0.209438  -0.450882  0.867664  -0.009492  -0.004069  -0.006446  -0.065036  -0.219607  -0.696004  1.000000  
136.071337 0.006124  0.003223  0.006658  0.514820  0.703400  0.490091  -0.831058  0.549829  0.083852  -0.210485  -0.450463  0.867628  -0.009399  -0.004103  -0.006419  -0.068572  -0.226355  -0.722261  1.000000  
136.072341 0.006115  0.003218  0.006652  0.515400  0.702903  0.490195  -0.830466  0.550797  0.083365  -0.211400  -0.450056  0.867617  -0.009332  -0.004162  -0.006312  -0.079054  -0.243252  -0.738403  1.000000  
136.073587 0.006104  0.003213  0.006644  0.516119  0.702228  0.490405  -0.829718  0.552010  0.082782  -0.212577  -0.449623  0.867554  -0.009247  -0.004128  -0.006114  -0.082511  -0.254045  -0.766804  1.000000  
136.074833 0.006092  0.003207  0.006637  0.517023  0.701528  0.490454  -0.828886  0.553326  0.082331  -0.213623  -0.449097  0.867570  -0.009284  -0.004151  -0.005889  -0.090047  -0.260909  -0.793092  1.000000  
136.076083 0.006080  0.003202  0.006631  0.517739  0.700850  0.490667  -0.828135  0.554536  0.081748  -0.214799  -0.448663  0.867504  -0.009259  -0.004142  -0.005769  -0.093421  -0.271693  -0.821333  1.000000  
136.077333 0.006068  0.003197  0.006625  0.518609  0.700084  0.490843  -0.827250  0.555949  0.081101  -0.216106  -0.448110  0.867465  -0.009306  -0.004150  -0.005646  -0.100838  -0.290531  -0.853726  1.000000  
136.078583 0.006056  0.003193  0.006618  0.519491  0.699348  0.490959  -0.826388  0.557309  0.080553  -0.217281  -0.447569  0.867451  -0.009307  -0.004149  -0.005645  -0.105946  -0.299776  -0.882685  1.000000  
136.079583 0.006047  0.003189  0.006613  0.520218  0.698698  0.491116  -0.825656  0.558463  0.080070  -0.218326  -0.447147  0.867406  -0.009354  -0.004140  -0.005714  -0.110133  -0.309114  -0.916152  1.000000  
136.080585 0.006036  0.003186  0.006606  0.520926  0.698073  0.491253  -0.824897  0.559676  0.079421  -0.219501  -0.446605  0.867389  -0.009459  -0.004140  -0.005854  -0.118945  -0.327177  -0.940513  1.000000  
136.081585 0.006025  0.003183  0.006599  0.521649  0.697480  0.491329  -0.824161  0.560837  0.078870  -0.220545  -0.446077  0.867396  -0.009582  -0.004137  -0.005955  -0.123828  -0.332199  -0.966591  1.000000  
136.082837 0.006010  0.003178  0.006591  0.522492  0.696733  0.491493  -0.823241  0.562299  0.078058  -0.221980  -0.445402  0.867377  -0.009804  -0.004143  -0.006051  -0.130911  -0.351117  -0.998558  1.000000  
136.084087 0.005995  0.003173  0.006583  0.523333  0.695984  0.491659  -0.822319  0.563760  0.077246  -0.223415  -0.444726  0.867355  -0.010068  -0.004106  -0.006006  -0.143118  -0.369069  -1.036947  1.000000  
136.085088 0.005982  0.003169  0.006578  0.524050  0.695446  0.491657  -0.821578  0.564923  0.076627  -0.224459  -0.444091  0.867411  -0.010281  -0.004014  -0.005862  -0.151786  -0.379279  -1.056838  1.000000  
136.086339 0.005965  0.003165  0.006573  0.524870  0.694662  0.491891  -0.820625  0.566429  0.075718  -0.226023  -0.443400  0.867358  -0.010562  -0.003855  -0.005674  -0.162863  -0.402435  -1.091261  1.000000  
136.087589 0.005949  0.003162  0.006567  0.525703  0.693908  0.492065  -0.819695  0.567881  0.074906  -0.227456  -0.442722  0.867330  -0.010938  -0.003726  -0.005536  -0.169763  -0.417555  -1.121108  1.000000  
136.088834 0.005932  0.003158  0.006561  0.526517  0.693180  0.492221  -0.818737  0.569389  0.073929  -0.229020  -0.441924  0.867325  -0.011301  -0.003551  -0.005426  -0.177789  -0.434215  -1.151887  1.000000  
136.089837 0.005918  0.003156  0.006556  0.527209  0.692544  0.492374  -0.817962  0.570586  0.073281  -0.230192  -0.441378  0.867293  -0.011620  -0.003476  -0.005434  -0.185119  -0.451159  -1.175259  1.000000  
136.091083 0.005901  0.003152  0.006548  0.528018  0.691813  0.492536  -0.816999  0.572088  0.072303  -0.231754  -0.440579  0.867283  -0.011962  -0.003323  -0.005523  -0.196983  -0.467562  -1.205625  1.000000  
136.092335 0.005884  0.003150  0.006540  0.528941  0.690866  0.492875  -0.815845  0.573878  0.071135  -0.233706  -0.439736  0.867187  -0.012283  -0.003188  -0.005659  -0.205007  -0.494911  -1.249489  1.000000  
136.093583 0.005866  0.003147  0.006531  0.529743  0.690131  0.493044  -0.814875  0.575374  0.070158  -0.235266  -0.438935  0.867171  -0.012688  -0.003073  -0.005802  -0.213944  -0.510090  -1.270822  1.000000  
136.094583 0.005851  0.003144  0.006524  0.530242  0.689635  0.493201  -0.814174  0.576477  0.069242  -0.236567  -0.438267  0.867156  -0.013034  -0.003032  -0.005884  -0.227055  -0.535000  -1.291334  1.000000  
136.095833 0.005832  0.003141  0.006515  0.531039  0.688897  0.493375  -0.813200  0.577967  0.068265  -0.238126  -0.437464  0.867134  -0.013419  -0.002915  -0.005942  -0.235056  -0.549674  -1.313082  1.000000  
136.097083 0.005812  0.003136  0.006508  0.531832  0.688158  0.493552  -0.812222  0.579454  0.067289  -0.239685  -0.436660  0.867110  -0.013857  -0.002940  -0.005857  -0.243150  -0.568527  -1.337233  1.000000  
136.098083 0.005796  0.003134  0.006501  0.532474  0.687568  0.493682  -0.811379  0.580748  0.066307  -0.241114  -0.435870  0.867111  -0.014097  -0.002858  -0.005909  -0.253286  -0.586234  -1.351760  1.000000  
136.099333 0.005776  0.003130  0.006494  0.533096  0.686945  0.493878  -0.810506  0.582087  0.065229  -0.242672  -0.435064  0.867081  -0.014418  -0.002749  -0.005926  -0.264118  -0.602891  -1.359069  1.000000  
136.100337 0.005759  0.003127  0.006489  0.533786  0.686449  0.493822  -0.809739  0.583230  0.064538  -0.243710  -0.434317  0.867165  -0.014693  -0.002691  -0.005902  -0.277560  -0.608816  -1.369959  1.000000  
136.101341 0.005743  0.003126  0.006483  0.534291  0.685980  0.493928  -0.809054  0.584270  0.063719  -0.244878  -0.433659  0.867165  -0.014896  -0.002606  -0.006057  -0.284670  -0.621396  -1.375136  1.000000  
136.102586 0.005722  0.003123  0.006476  0.535054  0.685321  0.494017  -0.808037  0.585807  0.062503  -0.246564  -0.432627  0.867203  -0.015154  -0.002549  -0.006068  -0.302171  -0.639513  -1.390808  1.000000  
136.103590 0.005706  0.003121  0.006469  0.535555  0.684910  0.494044  -0.807348  0.586850  0.061613  -0.247731  -0.431863  0.867251  -0.015354  -0.002513  -0.006267  -0.313339  -0.648310  -1.394127  1.000000  
136.104590 0.005690  0.003119  0.006462  0.536367  0.684224  0.494113  -0.806409  0.588221  0.060829  -0.249027  -0.431084  0.867267  -0.015483  -0.002445  -0.006347  -0.322888  -0.658179  -1.405674  1.000000  
136.105833 0.005669  0.003117  0.006456  0.537122  0.683561  0.494211  -0.805384  0.589748  0.059612  -0.250711  -0.430049  0.867296  -0.015671  -0.002389  -0.006228  -0.335958  -0.667784  -1.415563  1.000000  
136.107084 0.005649  0.003114  0.006448  0.537873  0.682896  0.494313  -0.804357  0.591270  0.058395  -0.252394  -0.429013  0.867321  -0.015925  -0.002375  -0.006210  -0.355139  -0.685641  -1.424637  1.000000  
136.108335 0.005629  0.003112  0.006442  0.538583  0.682166  0.494548  -0.803269  0.592884  0.056985  -0.254336  -0.427946  0.867280  -0.016087  -0.002331  -0.006063  -0.369881  -0.710905  -1.435905  1.000000  
136.109584 0.005607  0.003108  0.006435  0.539492  0.681376  0.494646  -0.802124  0.594538  0.055869  -0.256018  -0.426908  0.867297  -0.016330  -0.002397  -0.005891  -0.383052  -0.721117  -1.447105  1.000000  
136.110833 0.005585  0.003104  0.006429  0.540379  0.680552  0.494813  -0.800947  0.596236  0.054657  -0.257828  -0.425854  0.867279  -0.016470  -0.002435  -0.005752  -0.392042  -0.731538  -1.458383  1.000000  
136.112083 0.005563  0.003100  0.006423  0.541261  0.679726  0.494985  -0.799766  0.597928  0.053445  -0.259637  -0.424799  0.867257  -0.016567  -0.002458  -0.005655  -0.400229  -0.744608  -1.469337  1.000000  
136.113083 0.005545  0.003096  0.006417  0.542013  0.679024  0.495124  -0.798751  0.599377  0.052395  -0.261188  -0.423879  0.867241  -0.016709  -0.002497  -0.005583  -0.410232  -0.756146  -1.482840  1.000000  
136.114083 0.005527  0.003093  0.006412  0.542763  0.678261  0.495348  -0.797733  0.600815  0.051419  -0.262737  -0.423064  0.867172  -0.016819  -0.002523  -0.005548  -0.414395  -0.764843  -1.491824  1.000000  
136.115333 0.005506  0.003089  0.006404  0.543634  0.677550  0.495367  -0.796542  0.602507  0.050060  -0.264544  -0.421795  0.867240  -0.016915  -0.002534  -0.005635  -0.427176  -0.775385  -1.502463  1.000000  
136.116337 0.005488  0.003087  0.006398  0.544540  0.676719  0.495507  -0.795406  0.604084  0.049113  -0.266092  -0.420873  0.867215  -0.016977  -0.002593  -0.005635  -0.434543  -0.782627  -1.519583  1.000000  
136.117358 0.005470  0.003084  0.006392  0.545280  0.676011  0.495660  -0.794380  0.605517  0.048063  -0.267639  -0.419950  0.867186  -0.017091  -0.002649  -0.005665  -0.444457  -0.793950  -1.532317  1.000000  
136.118589 0.005447  0.003081  0.006387  0.546139  0.675294  0.495692  -0.793179  0.607196  0.046703  -0.269444  -0.418679  0.867242  -0.017258  -0.002669  -0.005489  -0.457488  -0.801122  -1.541921  1.000000  
136.119591 0.005428  0.003078  0.006382  0.547035  0.674457  0.495843  -0.792034  0.608760  0.045755  -0.270990  -0.417754  0.867206  -0.017482  -0.002769  -0.005326  -0.464805  -0.808460  -1.559056  1.000000  
136.120840 0.005404  0.003075  0.006378  0.548007  0.673547  0.496008  -0.790653  0.610659  0.044306  -0.273050  -0.416450  0.867187  -0.017723  -0.002834  -0.005154  -0.475617  -0.820304  -1.577632  1.000000  
136.122084 0.005379  0.003071  0.006373  0.548952  0.672602  0.496244  -0.789238  0.612597  0.042761  -0.275237  -0.415128  0.867129  -0.018022  -0.002875  -0.005009  -0.488040  -0.827429  -1.586721  1.000000  
136.123088 0.005358  0.003068  0.006371  0.549835  0.671879  0.496246  -0.788082  0.614158  0.041664  -0.276780  -0.413990  0.867182  -0.018330  -0.002977  -0.004816  -0.499136  -0.830942  -1.601282  1.000000  
136.124336 0.005332  0.003063  0.006367  0.550792  0.671021  0.496346  -0.786688  0.616044  0.040139  -0.278837  -0.412578  0.867196  -0.018639  -0.003039  -0.004622  -0.512168  -0.840162  -1.625923  1.000000  
136.125583 0.005305  0.003059  0.006362  0.551882  0.669942  0.496592  -0.785146  0.618101  0.038695  -0.281021  -0.411252  0.867121  -0.018963  -0.003087  -0.004528  -0.521035  -0.853490  -1.652726  1.000000  
136.126833 0.005278  0.003054  0.006358  0.552665  0.669267  0.496632  -0.783856  0.619840  0.036992  -0.283074  -0.409732  0.867173  -0.019307  -0.003105  -0.004466  -0.539486  -0.866534  -1.661277  1.000000  
136.128083 0.005251  0.003051  0.006354  0.553582  0.668371  0.496818  -0.782417  0.621749  0.035371  -0.285255  -0.408299  0.867134  -0.019614  -0.003038  -0.004229  -0.549801  -0.878850  -1.679492  1.000000  
136.129083 0.005228  0.003047  0.006350  0.554260  0.667734  0.496917  -0.781327  0.623191  0.034074  -0.286922  -0.407141  0.867129  -0.019930  -0.003085  -0.004136  -0.562907  -0.889117  -1.700271  1.000000  
136.130337 0.005200  0.003043  0.006346  0.555189  0.666865  0.497047  -0.779911  0.625044  0.032547  -0.288972  -0.405722  0.867113  -0.020403  -0.003054  -0.003836  -0.573448  -0.909549  -1.722331  1.000000  
136.131586 0.005171  0.003040  0.006343  0.556111  0.666055  0.497103  -0.778490  0.626894  0.030943  -0.291021  -0.404197  0.867140  -0.020906  -0.003106  -0.003572  -0.583714  -0.916908  -1.742414  1.000000  
136.132840 0.005141  0.003036  0.006340  0.556983  0.665119  0.497380  -0.777001  0.628820  0.029226  -0.293324  -0.402744  0.867040  -0.021305  -0.003163  -0.003331  -0.592168  -0.936127  -1.766762  1.000000  
136.134086 0.005110  0.003033  0.006338  0.557688  0.664371  0.497590  -0.775622  0.630606  0.027330  -0.295626  -0.401183  0.866982  -0.021853  -0.003149  -0.003044  -0.605679  -0.961063  -1.779959  1.000000  
136.135338 0.005078  0.003028  0.006335  0.558570  0.663523  0.497732  -0.774155  0.632477  0.025630  -0.297798  -0.399638  0.866952  -0.022362  -0.003203  -0.002913  -0.620317  -0.979674  -1.796582  1.000000  
136.136348 0.005052  0.003025  0.006333  0.559198  0.662846  0.497929  -0.773011  0.633929  0.024238  -0.299585  -0.398458  0.866879  -0.022801  -0.003230  -0.002886  -0.624392  -0.990716  -1.806466  1.000000  
136.137585 0.005019  0.003021  0.006330  0.560045  0.661903  0.498231  -0.771503  0.635827  0.022521  -0.301882  -0.396999  0.866752  -0.023356  -0.003301  -0.002798  -0.630002  -1.002316  -1.828633  1.000000  
136.138588 0.004993  0.003018  0.006328  0.560798  0.661122  0.498420  -0.770204  0.637450  0.021060  -0.303795  -0.395695  0.866680  -0.023680  -0.003266  -0.002767  -0.642200  -1.013862  -1.839210  1.000000  
136.139841 0.004960  0.003013  0.006325  0.561498  0.660399  0.498591  -0.768835  0.639157  0.019256  -0.305961  -0.394146  0.866623  -0.024119  -0.003195  -0.002641  -0.654322  -1.031081  -1.846658  1.000000  
136.141083 0.004925  0.003010  0.006323  0.562327  0.659511  0.498832  -0.767313  0.641036  0.017461  -0.308253  -0.392579  0.866523  -0.024635  -0.003122  -0.002481  -0.662134  -1.047486  -1.858835  1.000000  
136.142334 0.004891  0.003006  0.006322  0.563197  0.658744  0.498863  -0.765852  0.642823  0.015775  -0.310289  -0.390940  0.866537  -0.025166  -0.003140  -0.002268  -0.682105  -1.055326  -1.866654  1.000000  
136.143586 0.004857  0.003003  0.006321  0.563988  0.657883  0.499107  -0.764286  0.644729  0.013808  -0.312705  -0.389249  0.866430  -0.025588  -0.003016  -0.002006  -0.695537  -1.074392  -1.871995  1.000000  
136.144833 0.004821  0.003000  0.006322  0.564771  0.657019  0.499359  -0.762715  0.646626  0.011841  -0.315119  -0.387556  0.866314  -0.025976  -0.003006  -0.001745  -0.705637  -1.092118  -1.887621  1.000000  
136.145833 0.004793  0.002997  0.006322  0.565491  0.656230  0.499582  -0.761391  0.648210  0.010379  -0.317023  -0.386247  0.866204  -0.026410  -0.002997  -0.001502  -0.713653  -1.103937  -1.897875  1.000000  
136.147083 0.004758  0.002995  0.006322  0.566287  0.655394  0.499777  -0.759844  0.650050  0.008505  -0.319306  -0.384569  0.866112  -0.026727  -0.002911  -0.001348  -0.722859  -1.118846  -1.900808  1.000000  
136.148083 0.004729  0.002992  0.006320  0.567152  0.654468  0.500010  -0.758396  0.651755  0.007146  -0.321207  -0.383258  0.865990  -0.027028  -0.002909  -0.001280  -0.728889  -1.131983  -1.918818  1.000000  
136.149335 0.004692  0.002989  0.006320  0.567909  0.653599  0.500288  -0.756805  0.653620  0.005179  -0.323614  -0.381562  0.865843  -0.027465  -0.002837  -0.001145  -0.742049  -1.150921  -1.923644  1.000000  
136.150339 0.004662  0.002985  0.006318  0.568581  0.652834  0.500524  -0.755431  0.655219  0.003545  -0.325638  -0.380127  0.865715  -0.027752  -0.002850  -0.001135  -0.749742  -1.162998  -1.933368  1.000000  
136.151343 0.004632  0.002983  0.006317  0.569274  0.652098  0.500695  -0.754087  0.656771  0.002004  -0.327535  -0.378709  0.865621  -0.028032  -0.002804  -0.001084  -0.761400  -1.176655  -1.932891  1.000000  
136.152346 0.004602  0.002979  0.006315  0.569834  0.651527  0.500802  -0.752893  0.658143  0.000452  -0.329305  -0.377308  0.865562  -0.028223  -0.002786  -0.001021  -0.773227  -1.185701  -1.926236  1.000000  
136.153589 0.004565  0.002975  0.006314  0.570746  0.650548  0.501035  -0.751202  0.660071  -0.001320  -0.331578  -0.375625  0.865426  -0.028553  -0.002829  -0.000927  -0.776593  -1.194633  -1.933886  1.000000  
136.154836 0.004527  0.002971  0.006314  0.571597  0.649566  0.501338  -0.749435  0.662069  -0.003357  -0.334101  -0.373802  0.865245  -0.028873  -0.002792  -0.000758  -0.783677  -1.211688  -1.944703  1.000000  
136.156083 0.004489  0.002968  0.006313  0.572439  0.648584  0.501650  -0.747662  0.664057  -0.005393  -0.336622  -0.371978  0.865054  -0.029100  -0.002790  -0.000713  -0.790411  -1.227875  -1.950992  1.000000  
136.157084 0.004458  0.002965  0.006313  0.573103  0.647903  0.501772  -0.746299  0.665573  -0.007015  -0.338511  -0.370451  0.864972  -0.029356  -0.002757  -0.000596  -0.800540  -1.235801  -1.955146  1.000000  
136.158334 0.004420  0.002963  0.006314  0.573930  0.647039  0.501942  -0.744516  0.667541  -0.009214  -0.341028  -0.368416  0.864852  -0.029617  -0.002737  -0.000503  -0.809383  -1.250515  -1.971385  1.000000  
136.159583 0.004382  0.002960  0.006313  0.574929  0.646126  0.501973  -0.742645  0.669590  -0.011299  -0.343417  -0.366292  0.864809  -0.029812  -0.002723  -0.000557  -0.826386  -1.257188  -1.984050  1.000000  
136.160584 0.004351  0.002957  0.006312  0.575699  0.645334  0.502110  -0.741115  0.671253  -0.012992  -0.345427  -0.364642  0.864706  -0.030004  -0.002759  -0.000633  -0.835708  -1.267095  -1.998953  1.000000  
136.161833 0.004311  0.002953  0.006312  0.576681  0.644479  0.502081  -0.739233  0.673279  -0.015161  -0.347811  -0.362412  0.864688  -0.030276  -0.002790  -0.000662  -0.853729  -1.274389  -2.014454  1.000000  
136.163083 0.004271  0.002950  0.006311  0.577684  0.643590  0.502069  -0.737383  0.675257  -0.017158  -0.350068  -0.360305  0.864657  -0.030557  -0.002799  -0.000617  -0.870233  -1.272812  -2.022888  1.000000  
136.164336 0.004230  0.002946  0.006310  0.578800  0.642530  0.502141  -0.735371  0.677394  -0.019144  -0.352448  -0.358180  0.864574  -0.030860  -0.002861  -0.000596  -0.880517  -1.273193  -2.039414  1.000000  
136.165585 0.004187  0.002942  0.006310  0.579906  0.641467  0.502224  -0.733353  0.679519  -0.021132  -0.354826  -0.356054  0.864479  -0.031176  -0.002856  -0.000528  -0.891963  -1.278768  -2.063002  1.000000  
136.166586 0.004154  0.002938  0.006309  0.580790  0.640587  0.502326  -0.731681  0.681266  -0.022807  -0.356827  -0.354296  0.864378  -0.031393  -0.002913  -0.000483  -0.901360  -1.281238  -2.076192  1.000000  
136.167590 0.004120  0.002934  0.006309  0.581698  0.639674  0.502440  -0.730042  0.682970  -0.024309  -0.358701  -0.352661  0.864270  -0.031728  -0.002960  -0.000411  -0.907369  -1.280269  -2.090728  1.000000  
136.168838 0.004076  0.002930  0.006309  0.582927  0.638462  0.502555  -0.727889  0.685195  -0.026195  -0.361073  -0.350535  0.864148  -0.032130  -0.002973  -0.000369  -0.915105  -1.278339  -2.113276  1.000000  
136.169843 0.004041  0.002926  0.006308  0.583789  0.637637  0.502602  -0.726203  0.686911  -0.027955  -0.363068  -0.348672  0.864066  -0.032408  -0.003040  -0.000348  -0.929643  -1.286256  -2.133429  1.000000  
136.171086 0.003997  0.002921  0.006307  0.584851  0.636622  0.502655  -0.724159  0.688979  -0.030029  -0.365436  -0.346440  0.863965  -0.032871  -0.003144  -0.000379  -0.939573  -1.287452  -2.149938  1.000000  
136.172338 0.003951  0.002917  0.006306  0.585933  0.635634  0.502646  -0.722147  0.690998  -0.032014  -0.367677  -0.344226  0.863900  -0.033318  -0.003230  -0.000509  -0.953416  -1.288203  -2.165943  1.000000  
136.173338 0.003915  0.002913  0.006305  0.586834  0.634800  0.502648  -0.720525  0.692619  -0.033514  -0.369418  -0.342504  0.863841  -0.033690  -0.003335  -0.000563  -0.955828  -1.280371  -2.179623  1.000000  
136.174583 0.003870  0.002908  0.006303  0.588078  0.633753  0.502514  -0.718421  0.694708  -0.035393  -0.371531  -0.340203  0.863844  -0.034159  -0.003468  -0.000667  -0.966998  -1.267318  -2.197525  1.000000  
136.175583 0.003832  0.002904  0.006302  0.588934  0.632947  0.502529  -0.716753  0.696342  -0.037067  -0.373393  -0.338358  0.863766  -0.034582  -0.003523  -0.000723  -0.975296  -1.266172  -2.206255  1.000000  
136.176833 0.003785  0.002898  0.006301  0.590097  0.631837  0.502561  -0.714561  0.698478  -0.039128  -0.375750  -0.336022  0.863656  -0.035106  -0.003685  -0.000754  -0.990702  -1.264548  -2.227479  1.000000  
136.178083 0.003737  0.002893  0.006300  0.591134  0.630897  0.502523  -0.712525  0.700436  -0.041204  -0.377981  -0.333703  0.863581  -0.035591  -0.003820  -0.000734  -1.008182  -1.263372  -2.228506  1.000000  
136.179083 0.003698  0.002888  0.006299  0.592145  0.630091  0.502344  -0.710761  0.702127  -0.042860  -0.379715  -0.331667  0.863605  -0.036040  -0.003915  -0.000740  -1.024630  -1.252898  -2.247196  1.000000  
136.180349 0.003650  0.002883  0.006300  0.593197  0.629236  0.502175  -0.708754  0.704023  -0.044936  -0.381818  -0.329263  0.863598  -0.036412  -0.003976  -0.000695  -1.039718  -1.244113  -2.250506  1.000000  
136.181587 0.003601  0.002878  0.006299  0.594353  0.628265  0.502024  -0.706581  0.706064  -0.047085  -0.384043  -0.326735  0.863571  -0.036890  -0.004058  -0.000677  -1.060356  -1.239456  -2.264267  1.000000  
136.182838 0.003552  0.002873  0.006300  0.595386  0.627344  0.501952  -0.704564  0.707942  -0.049079  -0.386142  -0.324436  0.863502  -0.037235  -0.004003  -0.000637  -1.069393  -1.233201  -2.276623  1.000000  
136.184087 0.003503  0.002868  0.006298  0.596444  0.626508  0.501739  -0.702582  0.709768  -0.051073  -0.388116  -0.322051  0.863510  -0.037658  -0.004053  -0.000691  -1.083170  -1.219760  -2.287211  1.000000  
136.185091 0.003463  0.002863  0.006297  0.597450  0.625657  0.501604  -0.700838  0.711382  -0.052563  -0.389718  -0.320139  0.863499  -0.037945  -0.004141  -0.000718  -1.093459  -1.202251  -2.295510  1.000000  
136.186347 0.003413  0.002857  0.006297  0.598491  0.624817  0.501409  -0.698848  0.713187  -0.054561  -0.391689  -0.317755  0.863488  -0.038271  -0.004206  -0.000696  -1.110849  -1.191982  -2.291344  1.000000  
136.187589 0.003364  0.002851  0.006296  0.599599  0.623712  0.501462  -0.696650  0.715179  -0.056545  -0.393904  -0.315439  0.863330  -0.038581  -0.004325  -0.000673  -1.111380  -1.182225  -2.302332  1.000000  
136.188590 0.003324  0.002846  0.006295  0.600405  0.622913  0.501491  -0.694978  0.716676  -0.058144  -0.395625  -0.313615  0.863207  -0.038820  -0.004383  -0.000650  -1.111091  -1.177686  -2.309373  1.000000  
136.191767 0.003274  0.002839  0.006295  0.601278  0.622215  0.501312  -0.693099  0.718320  -0.060249  -0.397590  -0.311232  0.863167  -0.034228  -0.003958  -0.000413  -1.048258  -1.083609  -2.155042  1.000000  
136.192963 0.003183  0.002827  0.006297  0.602929  0.620712  0.501191  -0.689535  0.721423  -0.063957  -0.401270  -0.307028  0.862970  -0.037231  -0.004420  -0.000241  -1.094665  -1.122551  -2.226570  1.000000  
136.194083 0.003101  0.002816  0.006300  0.604483  0.619164  0.501236  -0.686163  0.724333  -0.067247  -0.404698  -0.303280  0.862694  -0.039821  -0.004873  0.000018  -1.132960  -1.156612  -2.287602  1.000000  
