1-Time 2-Px 3-Py 4-Pz 5-R11 6-R21 7-R31 8-R12 9-R22 10-R32 11-R13 12-R23 13-R33 14-Vx 15-Vy 16-Vz 17-Wx 18-Wy 19-Wz 20-state
85.823891 0.001845  -0.009226  0.004099  0.502488  0.845793  0.179277  -0.855358  0.516533  -0.039452  -0.125970  -0.133522  0.983007  0.000170  0.000067  0.000303  0.000000  0.000000  0.000000  1.000000  
85.825024 0.001846  -0.009226  0.004100  0.502312  0.845899  0.179269  -0.855461  0.516359  -0.039489  -0.125970  -0.133522  0.983007  0.000971  0.000248  0.000504  0.000000  0.000000  0.000000  1.000000  
85.826273 0.001848  -0.009221  0.004096  0.502312  0.845899  0.179269  -0.855461  0.516359  -0.039489  -0.125970  -0.133522  0.983007  0.001528  0.002398  -0.001609  0.000000  0.000000  0.000000  1.000000  
85.827274 0.001850  -0.009216  0.004092  0.502312  0.845899  0.179269  -0.855461  0.516359  -0.039489  -0.125970  -0.133522  0.983007  0.001793  0.003131  -0.002267  0.000000  0.000000  0.000000  1.000000  
85.828524 0.001852  -0.009212  0.004090  0.502312  0.845899  0.179269  -0.855461  0.516359  -0.039489  -0.125970  -0.133522  0.983007  0.001683  0.003189  -0.002170  0.000000  0.000000  0.000000  1.000000  
85.829774 0.001854  -0.009210  0.004089  0.502312  0.845921  0.179166  -0.855461  0.516354  -0.039551  -0.125970  -0.133402  0.983024  0.001593  0.002875  -0.001828  0.000000  0.000000  0.000000  1.000000  
85.831024 0.001855  -0.009207  0.004088  0.502312  0.845921  0.179166  -0.855461  0.516354  -0.039551  -0.125970  -0.133402  0.983024  0.001436  0.002791  -0.001616  0.000000  0.000000  0.000000  1.000000  
85.832027 0.001854  -0.009204  0.004086  0.502312  0.845921  0.179166  -0.855461  0.516354  -0.039551  -0.125970  -0.133402  0.983024  0.001222  0.002862  -0.001666  0.000000  0.000000  0.000000  1.000000  
85.833277 0.001855  -0.009198  0.004084  0.502136  0.846027  0.179158  -0.855565  0.516180  -0.039588  -0.125970  -0.133402  0.983024  0.001099  0.003097  -0.001708  0.000000  0.000000  0.000000  1.000000  
85.834279 0.001855  -0.009194  0.004081  0.502136  0.846027  0.179158  -0.855565  0.516180  -0.039588  -0.125970  -0.133402  0.983024  0.000997  0.003191  -0.001778  0.000000  0.000000  0.000000  1.000000  
85.835526 0.001856  -0.009189  0.004078  0.502144  0.846036  0.179091  -0.855579  0.516164  -0.039475  -0.125838  -0.133405  0.983040  0.001007  0.003253  -0.001865  0.000000  0.000000  0.000000  1.000000  
85.836530 0.001857  -0.009185  0.004076  0.502144  0.846058  0.178989  -0.855579  0.516160  -0.039537  -0.125838  -0.133285  0.983056  0.000990  0.003331  -0.001879  0.000000  0.000000  0.000000  1.000000  
85.837781 0.001858  -0.009179  0.004072  0.502144  0.846058  0.178989  -0.855579  0.516160  -0.039537  -0.125838  -0.133285  0.983056  0.000988  0.003457  -0.002029  0.000000  0.000000  0.000000  1.000000  
85.839024 0.001860  -0.009171  0.004066  0.501968  0.846164  0.178980  -0.855683  0.515985  -0.039574  -0.125838  -0.133285  0.983056  0.001048  0.003705  -0.002237  0.000000  0.000000  0.000000  1.000000  
85.840025 0.001863  -0.009163  0.004060  0.501968  0.846186  0.178878  -0.855683  0.515981  -0.039637  -0.125838  -0.133166  0.983073  0.001138  0.004164  -0.002663  0.000000  0.000000  0.000000  1.000000  
85.841273 0.001866  -0.009153  0.004054  0.501968  0.846186  0.178878  -0.855683  0.515981  -0.039637  -0.125838  -0.133166  0.983073  0.001231  0.004516  -0.002835  0.000000  0.000000  0.000000  1.000000  
85.842523 0.001870  -0.009143  0.004049  0.501968  0.846186  0.178878  -0.855683  0.515981  -0.039637  -0.125838  -0.133166  0.983073  0.001281  0.004833  -0.002839  0.000000  0.000000  0.000000  1.000000  
85.843524 0.001871  -0.009137  0.004047  0.501968  0.846208  0.178775  -0.855683  0.515976  -0.039699  -0.125838  -0.133047  0.983089  0.001249  0.005078  -0.002924  0.000000  0.000000  0.000000  1.000000  
85.844524 0.001872  -0.009130  0.004044  0.501968  0.846208  0.178775  -0.855683  0.515976  -0.039699  -0.125838  -0.133047  0.983089  0.001257  0.005416  -0.003063  0.000000  0.000000  0.000000  1.000000  
85.845774 0.001874  -0.009122  0.004040  0.501968  0.846229  0.178673  -0.855683  0.515971  -0.039762  -0.125838  -0.132928  0.983105  0.001303  0.005785  -0.003281  0.000000  0.000000  0.000000  1.000000  
85.847024 0.001876  -0.009112  0.004034  0.501960  0.846220  0.178739  -0.855668  0.515986  -0.039875  -0.125970  -0.132925  0.983088  0.001475  0.006088  -0.003519  0.000000  0.000000  0.000000  1.000000  
85.848026 0.001878  -0.009105  0.004028  0.501960  0.846220  0.178739  -0.855668  0.515986  -0.039875  -0.125970  -0.132925  0.983088  0.001570  0.006254  -0.003676  0.000000  0.000000  0.000000  1.000000  
85.849030 0.001880  -0.009099  0.004023  0.501968  0.846229  0.178673  -0.855683  0.515971  -0.039762  -0.125838  -0.132928  0.983105  0.001662  0.006359  -0.003858  0.000000  0.000000  0.000000  1.000000  
85.850324 0.001882  -0.009091  0.004016  0.501968  0.846251  0.178570  -0.855683  0.515966  -0.039825  -0.125838  -0.132808  0.983121  0.001720  0.006620  -0.004199  0.000000  0.000000  0.000000  1.000000  
85.851526 0.001885  -0.009082  0.004011  0.502144  0.846145  0.178578  -0.855579  0.516140  -0.039788  -0.125838  -0.132808  0.983121  0.001835  0.006856  -0.004331  0.000000  0.000000  0.000000  1.000000  
85.852528 0.001887  -0.009074  0.004006  0.502144  0.846145  0.178578  -0.855579  0.516140  -0.039788  -0.125838  -0.132808  0.983121  0.001974  0.007126  -0.004461  0.000000  0.000000  0.000000  1.000000  
85.853776 0.001891  -0.009063  0.003999  0.502144  0.846166  0.178475  -0.855579  0.516136  -0.039850  -0.125838  -0.132689  0.983137  0.002053  0.007311  -0.004568  0.000000  0.000000  0.000000  1.000000  
85.855024 0.001893  -0.009053  0.003994  0.502144  0.846166  0.178475  -0.855579  0.516136  -0.039850  -0.125838  -0.132689  0.983137  0.002008  0.007335  -0.004396  0.000000  0.000000  0.000000  1.000000  
85.856274 0.001895  -0.009043  0.003990  0.502329  0.846069  0.178417  -0.855490  0.516294  -0.039700  -0.125705  -0.132691  0.983154  0.001878  0.007291  -0.004282  0.000000  0.000000  0.000000  1.000000  
85.857288 0.001896  -0.009035  0.003986  0.502329  0.846091  0.178314  -0.855490  0.516290  -0.039763  -0.125705  -0.132572  0.983170  0.001781  0.007325  -0.004305  0.000000  0.000000  0.000000  1.000000  
85.858524 0.001897  -0.009027  0.003981  0.502329  0.846091  0.178314  -0.855490  0.516290  -0.039763  -0.125705  -0.132572  0.983170  0.001753  0.007366  -0.004362  0.000000  0.000000  0.000000  1.000000  
85.859531 0.001897  -0.009020  0.003977  0.502514  0.845993  0.178256  -0.855401  0.516449  -0.039613  -0.125572  -0.132574  0.983186  0.001642  0.007355  -0.004514  0.000000  0.000000  0.000000  1.000000  
85.860774 0.001897  -0.009012  0.003968  0.502514  0.845993  0.178256  -0.855401  0.516449  -0.039613  -0.125572  -0.132574  0.983186  0.001518  0.007304  -0.004798  0.000000  0.000000  0.000000  1.000000  
85.861777 0.001897  -0.009006  0.003962  0.502522  0.846002  0.178189  -0.855416  0.516433  -0.039499  -0.125439  -0.132577  0.983203  0.001400  0.007230  -0.004821  0.000000  0.000000  0.000000  1.000000  
85.863026 0.001898  -0.008997  0.003955  0.502698  0.845918  0.178095  -0.855313  0.516603  -0.039525  -0.125439  -0.132457  0.983219  0.001291  0.007213  -0.004896  0.000000  0.000000  0.000000  1.000000  
85.864029 0.001897  -0.008991  0.003951  0.502707  0.845927  0.178028  -0.855327  0.516587  -0.039412  -0.125307  -0.132460  0.983236  0.001161  0.007224  -0.004846  0.000000  0.000000  0.000000  1.000000  
85.865038 0.001897  -0.008985  0.003946  0.502891  0.845829  0.177970  -0.855238  0.516746  -0.039262  -0.125174  -0.132462  0.983252  0.001020  0.007198  -0.004753  0.000000  0.000000  0.000000  1.000000  
85.866049 0.001897  -0.008979  0.003942  0.503076  0.845732  0.177911  -0.855149  0.516905  -0.039112  -0.125041  -0.132464  0.983269  0.000901  0.007163  -0.004733  0.000000  0.000000  0.000000  1.000000  
85.867084 0.001898  -0.008971  0.003938  0.503084  0.845741  0.177844  -0.855163  0.516890  -0.038998  -0.124908  -0.132466  0.983286  0.000765  0.007091  -0.004694  0.000000  0.000000  0.000000  1.000000  
85.868294 0.001898  -0.008961  0.003931  0.503269  0.845643  0.177786  -0.855074  0.517049  -0.038848  -0.124776  -0.132469  0.983302  0.000537  0.007094  -0.004705  0.000000  0.000000  0.000000  1.000000  
85.869531 0.001898  -0.008952  0.003925  0.503462  0.845555  0.177660  -0.854999  0.517192  -0.038585  -0.124510  -0.132473  0.983335  0.000419  0.007029  -0.004732  0.000000  0.000000  0.000000  1.000000  
85.870776 0.001897  -0.008944  0.003919  0.503822  0.845372  0.177507  -0.854806  0.517520  -0.038461  -0.124377  -0.132356  0.983368  0.000192  0.006905  -0.004810  0.000000  0.000000  0.000000  1.000000  
85.871783 0.001897  -0.008938  0.003913  0.504015  0.845284  0.177381  -0.854731  0.517664  -0.038198  -0.124112  -0.132360  0.983401  0.000036  0.006719  -0.005058  0.000000  0.000000  0.000000  1.000000  
85.873032 0.001895  -0.008931  0.003905  0.504208  0.845195  0.177255  -0.854656  0.517807  -0.037935  -0.123846  -0.132365  0.983434  -0.000080  0.006581  -0.005259  0.000000  0.000000  0.000000  1.000000  
85.874276 0.001893  -0.008923  0.003896  0.504577  0.845000  0.177137  -0.854477  0.518125  -0.037635  -0.123581  -0.132369  0.983466  -0.000239  0.006567  -0.005443  0.000000  0.000000  0.000000  1.000000  
85.875525 0.001891  -0.008916  0.003887  0.504778  0.844920  0.176944  -0.854415  0.518253  -0.037259  -0.123182  -0.132376  0.983515  -0.000386  0.006527  -0.005516  0.000000  0.000000  0.000000  1.000000  
85.876775 0.001890  -0.008908  0.003880  0.505146  0.844725  0.176825  -0.854236  0.518570  -0.036960  -0.122917  -0.132380  0.983548  -0.000502  0.006492  -0.005503  0.000000  0.000000  0.000000  1.000000  
85.878025 0.001889  -0.008901  0.003874  0.505523  0.844560  0.176537  -0.854070  0.518868  -0.036610  -0.122519  -0.132268  0.983613  -0.000606  0.006404  -0.005423  0.000000  0.000000  0.000000  1.000000  
85.879025 0.001887  -0.008895  0.003870  0.505900  0.844373  0.176351  -0.853904  0.519170  -0.036198  -0.122120  -0.132274  0.983662  -0.000671  0.006410  -0.005399  0.000000  0.000000  0.000000  1.000000  
85.880027 0.001885  -0.008889  0.003864  0.506276  0.844186  0.176164  -0.853738  0.519472  -0.035785  -0.121722  -0.132281  0.983710  -0.000749  0.006435  -0.005478  0.000000  0.000000  0.000000  1.000000  
85.881275 0.001885  -0.008879  0.003856  0.506652  0.844000  0.175977  -0.853571  0.519774  -0.035373  -0.121323  -0.132287  0.983758  -0.000854  0.006489  -0.005604  0.000985  0.173037  -0.148479  1.000000  
85.882286 0.001883  -0.008871  0.003849  0.507029  0.843813  0.175790  -0.853404  0.520076  -0.034961  -0.120925  -0.132294  0.983807  -0.001019  0.006500  -0.005802  0.001812  0.188706  -0.154673  1.000000  
85.883529 0.001882  -0.008863  0.003840  0.507413  0.843635  0.175535  -0.853251  0.520362  -0.034436  -0.120394  -0.132302  0.983871  -0.001101  0.006443  -0.005982  0.007545  0.208392  -0.165927  1.000000  
85.884531 0.001880  -0.008856  0.003833  0.507613  0.843576  0.175238  -0.853188  0.520486  -0.034124  -0.119995  -0.132189  0.983935  -0.001175  0.006409  -0.006154  0.004280  0.222650  -0.170935  1.000000  
85.885779 0.001876  -0.008849  0.003825  0.507997  0.843398  0.174983  -0.853034  0.520773  -0.033599  -0.119464  -0.132198  0.983998  -0.001390  0.006312  -0.006227  0.005864  0.235988  -0.181321  1.000000  
85.887036 0.001873  -0.008840  0.003817  0.508381  0.843241  0.174625  -0.852880  0.521055  -0.033138  -0.118932  -0.132087  0.984077  -0.001580  0.006388  -0.006278  0.006701  0.256648  -0.187252  1.000000  
85.888277 0.001867  -0.008832  0.003809  0.508949  0.842964  0.174308  -0.852634  0.521500  -0.032465  -0.118268  -0.132098  0.984156  -0.001853  0.006493  -0.006257  0.009159  0.281635  -0.204649  1.000000  
85.889524 0.001862  -0.008823  0.003801  0.509340  0.842794  0.173983  -0.852492  0.521771  -0.031828  -0.117604  -0.132108  0.984234  -0.002011  0.006603  -0.006234  0.009825  0.297976  -0.207396  1.000000  
85.890526 0.001858  -0.008815  0.003796  0.509723  0.842637  0.173624  -0.852336  0.522053  -0.031368  -0.117072  -0.131997  0.984312  -0.002223  0.006699  -0.006080  0.007440  0.320030  -0.220315  1.000000  
85.891526 0.001855  -0.008808  0.003791  0.509931  0.842566  0.173360  -0.852284  0.522166  -0.030880  -0.116541  -0.132005  0.984374  -0.002352  0.006774  -0.006004  0.008123  0.331594  -0.223500  1.000000  
85.892775 0.001850  -0.008799  0.003785  0.510497  0.842288  0.173040  -0.852036  0.522611  -0.030208  -0.115876  -0.132016  0.984451  -0.002625  0.006876  -0.005981  0.013848  0.358458  -0.236012  1.000000  
85.893775 0.001846  -0.008792  0.003780  0.510704  0.842217  0.172776  -0.851984  0.522724  -0.029720  -0.115345  -0.132024  0.984513  -0.002794  0.007002  -0.006061  0.014470  0.369754  -0.239099  1.000000  
85.894775 0.001842  -0.008784  0.003774  0.511095  0.842068  0.172347  -0.851840  0.522991  -0.029148  -0.114680  -0.131915  0.984605  -0.002973  0.007080  -0.006146  0.011149  0.388868  -0.243847  1.000000  
85.895783 0.001838  -0.008775  0.003767  0.511477  0.841889  0.172088  -0.851682  0.523277  -0.028625  -0.114149  -0.131923  0.984666  -0.003169  0.007220  -0.006140  0.011856  0.402478  -0.248479  1.000000  
85.897026 0.001833  -0.008764  0.003760  0.511875  0.841728  0.171692  -0.851549  0.523533  -0.027877  -0.113351  -0.131935  0.984756  -0.003393  0.007350  -0.006075  0.013373  0.427120  -0.259471  1.000000  
85.898293 0.001827  -0.008753  0.003754  0.512447  0.841459  0.171301  -0.851311  0.523962  -0.027093  -0.112553  -0.131947  0.984846  -0.003706  0.007404  -0.005831  0.014830  0.450227  -0.269533  1.000000  
85.899532 0.001819  -0.008743  0.003749  0.513019  0.841211  0.170808  -0.851071  0.524388  -0.026374  -0.111756  -0.131839  0.984951  -0.004051  0.007516  -0.005630  0.011517  0.472686  -0.276231  1.000000  
85.900535 0.001813  -0.008735  0.003745  0.513408  0.841041  0.170478  -0.850924  0.524659  -0.025739  -0.111091  -0.131849  0.985025  -0.004276  0.007693  -0.005401  0.016270  0.491309  -0.280633  1.000000  
85.901780 0.001805  -0.008726  0.003741  0.513980  0.840792  0.169983  -0.850682  0.525084  -0.025021  -0.110293  -0.131742  0.985129  -0.004594  0.007771  -0.005148  0.013524  0.506888  -0.289593  1.000000  
85.902782 0.001799  -0.008718  0.003737  0.514368  0.840621  0.169653  -0.850534  0.525355  -0.024387  -0.109628  -0.131751  0.985202  -0.004696  0.007844  -0.005065  0.014277  0.525388  -0.297037  1.000000  
85.903803 0.001792  -0.008709  0.003732  0.514756  0.840450  0.169321  -0.850384  0.525626  -0.023753  -0.108963  -0.131761  0.985275  -0.004874  0.007936  -0.004881  0.014896  0.539146  -0.301778  1.000000  
85.905024 0.001785  -0.008699  0.003727  0.515326  0.840201  0.168824  -0.850141  0.526051  -0.023036  -0.108165  -0.131653  0.985377  -0.005068  0.007983  -0.004763  0.011342  0.553791  -0.304020  1.000000  
85.906025 0.001779  -0.008691  0.003723  0.515896  0.839931  0.168428  -0.849896  0.526480  -0.022255  -0.107367  -0.131665  0.985463  -0.005175  0.008102  -0.004714  0.012721  0.573247  -0.315162  1.000000  
85.907275 0.001772  -0.008680  0.003717  0.516648  0.839561  0.167966  -0.849557  0.527066  -0.021328  -0.106436  -0.131678  0.985562  -0.005300  0.008210  -0.004715  0.014061  0.597166  -0.325740  1.000000  
85.908524 0.001766  -0.008669  0.003712  0.517231  0.839329  0.167329  -0.849334  0.527462  -0.020387  -0.105371  -0.131573  0.985690  -0.005392  0.008278  -0.004642  0.014519  0.615730  -0.330245  1.000000  
85.909525 0.001761  -0.008661  0.003707  0.517800  0.839058  0.166929  -0.849087  0.527890  -0.019608  -0.104573  -0.131584  0.985774  -0.005471  0.008363  -0.004542  0.015180  0.635327  -0.338142  1.000000  
85.910525 0.001755  -0.008652  0.003703  0.518368  0.838807  0.166427  -0.848838  0.528315  -0.018894  -0.103774  -0.131476  0.985873  -0.005585  0.008317  -0.004383  0.011557  0.648460  -0.339703  1.000000  
85.911781 0.001748  -0.008643  0.003699  0.519124  0.838445  0.165892  -0.848505  0.528886  -0.017857  -0.102710  -0.131490  0.985982  -0.005756  0.008226  -0.004117  0.012861  0.673550  -0.353830  1.000000  
85.913026 0.001740  -0.008633  0.003696  0.519880  0.838103  0.165254  -0.848171  0.529454  -0.016884  -0.101645  -0.131385  0.986107  -0.005905  0.008184  -0.003940  0.009916  0.691889  -0.361549  1.000000  
85.914274 0.001732  -0.008624  0.003692  0.520628  0.837731  0.164784  -0.847823  0.530039  -0.015961  -0.100713  -0.131398  0.986201  -0.005961  0.008087  -0.003872  0.015146  0.707066  -0.373440  1.000000  
85.915298 0.001724  -0.008617  0.003690  0.521200  0.837488  0.164208  -0.847581  0.530450  -0.015137  -0.099781  -0.131291  0.986310  -0.006055  0.008003  -0.003746  0.011601  0.726666  -0.381369  1.000000  
85.916535 0.001715  -0.008609  0.003685  0.522121  0.837006  0.163739  -0.847123  0.531207  -0.014181  -0.098849  -0.131303  0.986402  -0.006110  0.007931  -0.003797  0.013516  0.742963  -0.400167  1.000000  
85.917782 0.001706  -0.008600  0.003680  0.522881  0.836671  0.163025  -0.846794  0.531760  -0.013100  -0.097651  -0.131199  0.986535  -0.006216  0.007833  -0.003760  0.014465  0.760902  -0.407682  1.000000  
85.918782 0.001699  -0.008593  0.003677  0.523626  0.836297  0.162550  -0.846440  0.532344  -0.012180  -0.096719  -0.131211  0.986625  -0.006264  0.007752  -0.003711  0.015567  0.775971  -0.419473  1.000000  
85.920026 0.001689  -0.008586  0.003672  0.524732  0.835742  0.161837  -0.845891  0.533241  -0.011035  -0.095520  -0.131106  0.986756  -0.006366  0.007598  -0.003606  0.014041  0.799494  -0.448601  1.000000  
85.921276 0.001681  -0.008577  0.003669  0.526024  0.835094  0.160984  -0.845253  0.534280  -0.009633  -0.094055  -0.131005  0.986910  -0.006474  0.007444  -0.003549  0.017096  0.830744  -0.479299  1.000000  
85.922526 0.001671  -0.008568  0.003665  0.527501  0.834334  0.160090  -0.844523  0.535461  -0.007912  -0.092323  -0.131026  0.987071  -0.006683  0.007333  -0.003365  0.020584  0.869030  -0.510659  1.000000  
85.923778 0.001662  -0.008560  0.003662  0.528802  0.833702  0.159089  -0.843896  0.536469  -0.006291  -0.090591  -0.130928  0.987244  -0.006894  0.007088  -0.003226  0.018729  0.910975  -0.538112  1.000000  
85.925025 0.001652  -0.008554  0.003659  0.529927  0.833179  0.158082  -0.843375  0.537305  -0.004706  -0.088859  -0.130828  0.987415  -0.007064  0.006885  -0.003069  0.020715  0.945939  -0.561553  1.000000  
85.926046 0.001643  -0.008549  0.003657  0.531032  0.832608  0.157383  -0.842819  0.538186  -0.003393  -0.087526  -0.130844  0.987532  -0.007263  0.006609  -0.002924  0.022802  0.971187  -0.585539  1.000000  
85.927274 0.001631  -0.008544  0.003654  0.532326  0.831972  0.156369  -0.842181  0.539193  -0.001779  -0.085793  -0.130744  0.987697  -0.007599  0.006273  -0.002845  0.021279  1.007631  -0.616097  1.000000  
85.928525 0.001619  -0.008541  0.003650  0.533625  0.831344  0.155280  -0.841547  0.540184  -0.000057  -0.083927  -0.130645  0.987871  -0.007889  0.005867  -0.003010  0.022916  1.047268  -0.632545  1.000000  
85.929526 0.001608  -0.008536  0.003646  0.534914  0.830706  0.154256  -0.840899  0.541190  0.001551  -0.082193  -0.130544  0.988030  -0.008087  0.005697  -0.003027  0.021278  1.087003  -0.661789  1.000000  
85.930527 0.001598  -0.008532  0.003641  0.536207  0.830056  0.153258  -0.840255  0.542180  0.003334  -0.080326  -0.130564  0.988181  -0.008276  0.005569  -0.003180  0.023549  1.131368  -0.690497  1.000000  
85.931783 0.001584  -0.008526  0.003636  0.537682  0.829331  0.152011  -0.839514  0.543312  0.005302  -0.078192  -0.130466  0.988365  -0.008635  0.005369  -0.003221  0.025643  1.180442  -0.725633  1.000000  
85.932783 0.001572  -0.008523  0.003631  0.538975  0.828689  0.150931  -0.838869  0.544286  0.007190  -0.076191  -0.130487  0.988518  -0.008939  0.005101  -0.003289  0.027099  1.232976  -0.746462  1.000000  
85.933795 0.001560  -0.008520  0.003628  0.540265  0.828046  0.149846  -0.838218  0.545260  0.009075  -0.074190  -0.130506  0.988668  -0.009270  0.004865  -0.003252  0.029525  1.277487  -0.774988  1.000000  
85.935030 0.001545  -0.008518  0.003625  0.541746  0.827345  0.148365  -0.837483  0.546346  0.011366  -0.071655  -0.130411  0.988867  -0.009678  0.004432  -0.003163  0.030542  1.340304  -0.802331  1.000000  
85.936031 0.001533  -0.008516  0.003622  0.543029  0.826699  0.147268  -0.836820  0.547318  0.013245  -0.069653  -0.130429  0.989008  -0.010022  0.004137  -0.003153  0.031686  1.388270  -0.823718  1.000000  
85.937277 0.001518  -0.008513  0.003620  0.544506  0.825987  0.145801  -0.836078  0.548386  0.015705  -0.066983  -0.130453  0.989189  -0.010406  0.003749  -0.003090  0.036890  1.446419  -0.851138  1.000000  
85.938526 0.001502  -0.008508  0.003617  0.546155  0.825170  0.144251  -0.835222  0.549609  0.018302  -0.064179  -0.130477  0.989372  -0.010813  0.003523  -0.003031  0.037817  1.508989  -0.877845  1.000000  
85.939777 0.001487  -0.008504  0.003615  0.547627  0.824482  0.142595  -0.834469  0.550663  0.020797  -0.061375  -0.130380  0.989563  -0.011195  0.003343  -0.002997  0.034040  1.575365  -0.897396  1.000000  
85.941025 0.001470  -0.008502  0.003612  0.549098  0.823785  0.140958  -0.833713  0.551700  0.023465  -0.058437  -0.130403  0.989737  -0.011575  0.003178  -0.003023  0.038710  1.642141  -0.923522  1.000000  
85.942275 0.001453  -0.008500  0.003610  0.550558  0.823078  0.139386  -0.832941  0.552750  0.026017  -0.055632  -0.130424  0.989896  -0.011966  0.002986  -0.002932  0.038698  1.703688  -0.943352  1.000000  
85.943525 0.001435  -0.008499  0.003610  0.551846  0.822493  0.137738  -0.832280  0.553616  0.028647  -0.052692  -0.130445  0.990054  -0.012326  0.002772  -0.002692  0.042381  1.763814  -0.953551  1.000000  
85.944775 0.001417  -0.008496  0.003609  0.553300  0.821792  0.136076  -0.831495  0.554650  0.031300  -0.049753  -0.130465  0.990204  -0.012609  0.002602  -0.002352  0.046121  1.829249  -0.972782  1.000000  
85.945775 0.001403  -0.008494  0.003610  0.554562  0.821167  0.134707  -0.830794  0.555572  0.033479  -0.047347  -0.130480  0.990320  -0.012811  0.002408  -0.001932  0.045729  1.886248  -0.986913  1.000000  
85.947025 0.001386  -0.008491  0.003612  0.555834  0.820579  0.133036  -0.830106  0.556436  0.036096  -0.044407  -0.130498  0.990454  -0.012983  0.002319  -0.001518  0.048273  1.949043  -0.992142  1.000000  
85.948025 0.001372  -0.008488  0.003614  0.557091  0.819961  0.131580  -0.829395  0.557342  0.038378  -0.041867  -0.130512  0.990562  -0.013156  0.002301  -0.001085  0.048027  2.005530  -1.012344  1.000000  
85.949043 0.001358  -0.008486  0.003617  0.558170  0.819432  0.130299  -0.828788  0.558089  0.040587  -0.039460  -0.130645  0.990644  -0.013268  0.002283  -0.000663  0.054713  2.062204  -1.021940  1.000000  
85.950281 0.001340  -0.008484  0.003619  0.559597  0.818727  0.128599  -0.827960  0.559119  0.043218  -0.036519  -0.130659  0.990754  -0.013486  0.002301  -0.000277  0.052522  2.121657  -1.021591  1.000000  
85.951529 0.001324  -0.008481  0.003622  0.561188  0.817890  0.126981  -0.827007  0.560311  0.045937  -0.033577  -0.130793  0.990841  -0.013595  0.002249  0.000035  0.058619  2.168229  -1.029661  1.000000  
85.952531 0.001310  -0.008480  0.003624  0.562250  0.817350  0.125755  -0.826374  0.561069  0.048025  -0.031304  -0.130923  0.990898  -0.013608  0.002150  0.000398  0.064313  2.194619  -1.026102  1.000000  
85.953786 0.001295  -0.008478  0.003627  0.563830  0.816511  0.124120  -0.825404  0.562259  0.050735  -0.028362  -0.131055  0.990969  -0.013624  0.001958  0.000790  0.066139  2.236173  -1.034335  1.000000  
85.955025 0.001277  -0.008476  0.003632  0.565233  0.815787  0.122485  -0.824539  0.563278  0.053414  -0.025419  -0.131185  0.991032  -0.013741  0.001791  0.001259  0.072104  2.283491  -1.042735  1.000000  
85.956274 0.001260  -0.008475  0.003637  0.566800  0.814932  0.120930  -0.823549  0.564457  0.056181  -0.022476  -0.131435  0.991070  -0.013757  0.001793  0.001723  0.081934  2.320501  -1.047528  1.000000  
85.957275 0.001246  -0.008474  0.003642  0.568015  0.814297  0.119493  -0.822773  0.565370  0.058319  -0.020068  -0.131442  0.991121  -0.013765  0.001750  0.002151  0.079717  2.357680  -1.054049  1.000000  
85.958275 0.001233  -0.008473  0.003648  0.569226  0.813633  0.118247  -0.821991  0.566268  0.060591  -0.017661  -0.131688  0.991134  -0.013701  0.001773  0.002573  0.089668  2.389951  -1.056800  1.000000  
85.959276 0.001220  -0.008471  0.003653  0.570432  0.812973  0.116972  -0.821201  0.567186  0.062682  -0.015386  -0.131813  0.991155  -0.013603  0.001718  0.003012  0.095088  2.407881  -1.054611  1.000000  
85.960525 0.001203  -0.008470  0.003661  0.571974  0.812108  0.115437  -0.820173  0.568394  0.065143  -0.012711  -0.131938  0.991176  -0.013572  0.001667  0.003477  0.095909  2.416348  -1.055962  1.000000  
85.961775 0.001186  -0.008468  0.003670  0.573512  0.811263  0.113741  -0.819139  0.569572  0.067816  -0.009767  -0.132063  0.991193  -0.013612  0.001494  0.003919  0.100847  2.444331  -1.059638  1.000000  
85.963026 0.001168  -0.008466  0.003679  0.575211  0.810299  0.112021  -0.817977  0.570914  0.070506  -0.006824  -0.132187  0.991201  -0.013591  0.001444  0.004387  0.101386  2.458016  -1.064448  1.000000  
85.964276 0.001150  -0.008464  0.003688  0.576734  0.809427  0.110481  -0.816922  0.572093  0.073127  -0.004014  -0.132429  0.991184  -0.013630  0.001378  0.004694  0.110096  2.468080  -1.070176  1.000000  
85.965295 0.001136  -0.008462  0.003695  0.577915  0.808762  0.109170  -0.816095  0.573004  0.075196  -0.001739  -0.132550  0.991175  -0.013593  0.001381  0.005126  0.111157  2.476517  -1.065897  1.000000  
85.966531 0.001116  -0.008461  0.003704  0.579426  0.807889  0.107613  -0.815024  0.574179  0.077807  0.001070  -0.132791  0.991144  -0.013839  0.001353  0.005547  0.116020  2.490481  -1.073120  1.000000  
85.967531 0.001100  -0.008461  0.003712  0.580597  0.807210  0.106388  -0.814184  0.575078  0.079937  0.003345  -0.133030  0.991106  -0.014042  0.001241  0.005881  0.120944  2.491750  -1.070890  1.000000  
85.968537 0.001083  -0.008461  0.003720  0.581932  0.806415  0.105119  -0.813219  0.576165  0.081908  0.005486  -0.133149  0.991081  -0.014340  0.001152  0.006297  0.122337  2.488888  -1.085005  1.000000  
85.969784 0.001062  -0.008461  0.003732  0.583428  0.805518  0.103692  -0.812125  0.577363  0.084289  0.008028  -0.133388  0.991031  -0.014598  0.001029  0.006761  0.130887  2.476477  -1.093578  1.000000  
85.971024 0.001040  -0.008461  0.003741  0.584917  0.804619  0.102278  -0.811023  0.578533  0.086842  0.010704  -0.133745  0.990958  -0.014912  0.000958  0.007075  0.138836  2.472141  -1.096396  1.000000  
85.972027 0.001021  -0.008460  0.003751  0.586238  0.803798  0.101163  -0.810039  0.579619  0.088762  0.012711  -0.133982  0.990902  -0.015247  0.000922  0.007334  0.144706  2.466067  -1.108836  1.000000  
85.973276 0.000996  -0.008459  0.003761  0.587880  0.802811  0.099460  -0.808797  0.580931  0.091470  0.015654  -0.134217  0.990828  -0.015809  0.000936  0.007618  0.149051  2.469076  -1.129254  1.000000  
85.974526 0.000972  -0.008457  0.003772  0.589349  0.801920  0.097942  -0.807668  0.582079  0.094115  0.018463  -0.134571  0.990732  -0.016344  0.000916  0.007802  0.157217  2.465649  -1.136285  1.000000  
85.975783 0.000945  -0.008457  0.003782  0.590978  0.800920  0.096296  -0.806407  0.583400  0.096703  0.021272  -0.134804  0.990644  -0.017002  0.000859  0.007901  0.161316  2.462448  -1.150023  1.000000  
85.977025 0.000918  -0.008456  0.003794  0.592431  0.800038  0.094680  -0.805257  0.584527  0.099443  0.024215  -0.135155  0.990528  -0.017674  0.000786  0.008115  0.168467  2.463450  -1.158504  1.000000  
85.978025 0.000895  -0.008455  0.003802  0.593557  0.799355  0.093393  -0.804356  0.585407  0.101534  0.026489  -0.135388  0.990439  -0.018187  0.000744  0.008185  0.174067  2.457581  -1.165141  1.000000  
85.979275 0.000867  -0.008453  0.003814  0.595165  0.798341  0.091817  -0.803070  0.586708  0.104176  0.029298  -0.135737  0.990312  -0.018884  0.000724  0.008389  0.176839  2.448579  -1.173910  1.000000  
85.980275 0.000842  -0.008452  0.003824  0.596280  0.797657  0.090517  -0.802155  0.587585  0.106258  0.031571  -0.135968  0.990210  -0.019605  0.000704  0.008605  0.181544  2.449537  -1.180383  1.000000  
85.981527 0.000811  -0.008450  0.003837  0.598034  0.796543  0.088743  -0.800721  0.589015  0.109119  0.034647  -0.136315  0.990060  -0.020340  0.000751  0.008847  0.185085  2.455695  -1.192623  1.000000  
85.982531 0.000785  -0.008448  0.003849  0.599297  0.795747  0.087343  -0.799662  0.590008  0.111493  0.037187  -0.136662  0.989919  -0.020979  0.000869  0.009121  0.189483  2.466580  -1.204398  1.000000  
85.983565 0.000759  -0.008447  0.003859  0.600393  0.795063  0.086039  -0.798724  0.590850  0.113740  0.039594  -0.137010  0.989778  -0.021673  0.000981  0.009279  0.194999  2.465464  -1.201388  1.000000  
85.984778 0.000725  -0.008444  0.003873  0.601957  0.794069  0.084275  -0.797381  0.592078  0.116740  0.042802  -0.137472  0.989580  -0.022454  0.001122  0.009448  0.202585  2.478726  -1.214158  1.000000  
85.985779 0.000698  -0.008442  0.003884  0.603038  0.793396  0.082877  -0.796423  0.592899  0.119083  0.045342  -0.137817  0.989419  -0.023156  0.001252  0.009649  0.205612  2.487283  -1.213699  1.000000  
85.987025 0.000664  -0.008438  0.003897  0.604421  0.792534  0.081022  -0.795184  0.593972  0.121982  0.048550  -0.138156  0.989220  -0.023802  0.001446  0.009791  0.208952  2.496291  -1.211780  1.000000  
85.988029 0.000636  -0.008436  0.003908  0.605494  0.791841  0.079786  -0.794217  0.594788  0.124281  0.050955  -0.138619  0.989034  -0.024422  0.001525  0.009976  0.214796  2.493059  -1.210059  1.000000  
85.989274 0.000601  -0.008432  0.003922  0.607020  0.790859  0.077903  -0.792829  0.595987  0.127361  0.054296  -0.139074  0.988792  -0.025161  0.001670  0.010182  0.220482  2.511212  -1.214939  1.000000  
85.990274 0.000572  -0.008429  0.003934  0.608072  0.790198  0.076395  -0.791836  0.596784  0.129789  0.056967  -0.139413  0.988594  -0.025572  0.001841  0.010386  0.224835  2.529068  -1.211788  1.000000  
85.991526 0.000535  -0.008424  0.003950  0.609581  0.789207  0.074587  -0.790427  0.597960  0.132927  0.060307  -0.139985  0.988315  -0.026290  0.002127  0.010834  0.237880  2.545270  -1.214634  1.000000  
85.992774 0.000498  -0.008421  0.003967  0.611080  0.788217  0.072768  -0.789006  0.599131  0.136057  0.063645  -0.140556  0.988025  -0.026898  0.002325  0.011154  0.247359  2.561765  -1.212250  1.000000  
85.993774 0.000467  -0.008417  0.003981  0.612277  0.787414  0.071384  -0.787868  0.600079  0.138451  0.066182  -0.141012  0.987793  -0.027405  0.002498  0.011400  0.255465  2.567796  -1.217704  1.000000  
85.995024 0.000430  -0.008412  0.003999  0.613753  0.786437  0.069462  -0.786420  0.601226  0.141671  0.069653  -0.141577  0.987474  -0.027891  0.002702  0.011873  0.262574  2.592467  -1.220741  1.000000  
85.996274 0.000393  -0.008408  0.004018  0.615385  0.785325  0.067580  -0.784840  0.602545  0.144792  0.072989  -0.142142  0.987152  -0.028365  0.002884  0.012273  0.269266  2.611432  -1.230105  1.000000  
85.997526 0.000354  -0.008403  0.004037  0.616832  0.784353  0.065646  -0.783359  0.603650  0.148172  0.076592  -0.142822  0.986780  -0.028734  0.003038  0.012594  0.280109  2.639661  -1.231849  1.000000  
85.998537 0.000324  -0.008399  0.004053  0.618146  0.783443  0.064128  -0.782043  0.604696  0.150835  0.079393  -0.143389  0.986477  -0.029054  0.003213  0.012961  0.291988  2.662490  -1.234148  1.000000  
85.999776 0.000286  -0.008393  0.004074  0.619587  0.782449  0.062335  -0.780557  0.605820  0.153992  0.082727  -0.144067  0.986104  -0.029289  0.003460  0.013356  0.303223  2.691143  -1.236025  1.000000  
86.001027 0.000248  -0.008387  0.004095  0.621330  0.781219  0.060384  -0.778794  0.607245  0.157268  0.086193  -0.144742  0.985708  -0.029606  0.003655  0.013906  0.312268  2.727777  -1.249220  1.000000  
86.002279 0.000208  -0.008381  0.004118  0.623068  0.779977  0.058501  -0.777027  0.608679  0.160432  0.089525  -0.145417  0.985312  -0.029971  0.003853  0.014638  0.318839  2.748566  -1.258844  1.000000  
86.003533 0.000168  -0.008375  0.004143  0.624635  0.778854  0.056731  -0.775377  0.609926  0.163648  0.092856  -0.146209  0.984886  -0.030234  0.004018  0.015273  0.332322  2.778000  -1.268140  1.000000  
86.004534 0.000136  -0.008370  0.004164  0.625904  0.777947  0.055160  -0.774012  0.610948  0.166275  0.095653  -0.146767  0.984535  -0.030489  0.004150  0.015948  0.340943  2.787213  -1.270675  1.000000  
86.005780 0.000096  -0.008364  0.004191  0.627441  0.776839  0.053284  -0.772330  0.612168  0.169577  0.099116  -0.147552  0.984075  -0.030814  0.004256  0.016722  0.352489  2.808452  -1.273527  1.000000  
86.007025 0.000054  -0.008357  0.004218  0.628958  0.775738  0.051405  -0.770625  0.613345  0.173046  0.102710  -0.148453  0.983571  -0.031065  0.004407  0.017453  0.369835  2.836844  -1.281127  1.000000  
86.008026 0.000021  -0.008353  0.004240  0.630367  0.774689  0.049944  -0.769113  0.614506  0.175635  0.105371  -0.149127  0.983188  -0.031320  0.004483  0.017983  0.376526  2.853705  -1.297855  1.000000  
86.009275 -0.000022  -0.008347  0.004269  0.631879  0.773566  0.048207  -0.767407  0.615701  0.178883  0.108697  -0.150027  0.982689  -0.031645  0.004551  0.018801  0.395300  2.873381  -1.300106  1.000000  
86.010529 -0.000064  -0.008341  0.004297  0.633538  0.772318  0.046419  -0.765559  0.617047  0.182132  0.112021  -0.150924  0.982178  -0.031976  0.004651  0.019401  0.404709  2.890329  -1.316076  1.000000  
86.011776 -0.000107  -0.008335  0.004326  0.635194  0.771058  0.044701  -0.763711  0.618401  0.185271  0.115212  -0.151822  0.981670  -0.032309  0.004736  0.020112  0.419385  2.893882  -1.320972  1.000000  
86.013024 -0.000152  -0.008328  0.004357  0.636681  0.769922  0.043101  -0.761983  0.619566  0.188467  0.118401  -0.152835  0.981133  -0.032799  0.004822  0.020850  0.432947  2.900302  -1.330738  1.000000  
86.014274 -0.000196  -0.008323  0.004388  0.638293  0.768691  0.041186  -0.760088  0.620873  0.191789  0.121855  -0.153723  0.980572  -0.033193  0.004812  0.021555  0.446316  2.916281  -1.339909  1.000000  
86.015297 -0.000233  -0.008317  0.004415  0.639655  0.767629  0.039837  -0.758533  0.621991  0.194307  0.124377  -0.154506  0.980132  -0.033593  0.004870  0.022252  0.456303  2.918306  -1.357933  1.000000  
86.016543 -0.000279  -0.008311  0.004449  0.641254  0.766383  0.038074  -0.756629  0.623276  0.197585  0.127696  -0.155510  0.979546  -0.034066  0.004920  0.023030  0.468980  2.926488  -1.374785  1.000000  
86.017780 -0.000327  -0.008304  0.004484  0.642852  0.765130  0.036289  -0.754726  0.624593  0.200679  0.130880  -0.156395  0.978985  -0.034671  0.004952  0.023782  0.478043  2.936762  -1.392810  1.000000  
86.018781 -0.000366  -0.008299  0.004511  0.644031  0.764196  0.035042  -0.753278  0.625511  0.203244  0.133400  -0.157292  0.978501  -0.035070  0.004994  0.024230  0.492946  2.933669  -1.397648  1.000000  
86.020029 -0.000414  -0.008293  0.004547  0.645632  0.762914  0.033495  -0.751384  0.626821  0.206199  0.136316  -0.158296  0.977937  -0.035729  0.005003  0.024839  0.505601  2.924522  -1.417285  1.000000  
86.021032 -0.000454  -0.008288  0.004574  0.646961  0.761840  0.032272  -0.749802  0.627899  0.208660  0.138702  -0.159192  0.977456  -0.036116  0.004944  0.025238  0.515794  2.918363  -1.429525  1.000000  
86.022274 -0.000503  -0.008281  0.004609  0.648516  0.760585  0.030623  -0.747861  0.629137  0.211873  0.141881  -0.160305  0.976817  -0.036686  0.005007  0.025761  0.528828  2.918082  -1.440986  1.000000  
86.023274 -0.000544  -0.008276  0.004637  0.649662  0.759657  0.029337  -0.746384  0.630030  0.214414  0.144397  -0.161193  0.976302  -0.037147  0.005041  0.026192  0.543784  2.920315  -1.445506  1.000000  
86.024275 -0.000583  -0.008270  0.004665  0.650813  0.758714  0.028222  -0.744915  0.630908  0.216927  0.146780  -0.162201  0.975780  -0.037483  0.005096  0.026505  0.554403  2.908903  -1.451233  1.000000  
86.025528 -0.000633  -0.008264  0.004700  0.652490  0.757334  0.026492  -0.742813  0.632278  0.220122  0.149956  -0.163306  0.975112  -0.037952  0.005103  0.026879  0.567013  2.907438  -1.462032  1.000000  
86.026529 -0.000674  -0.008259  0.004730  0.653611  0.756409  0.025271  -0.741314  0.633126  0.222721  0.152469  -0.164307  0.974555  -0.038381  0.005119  0.027247  0.577545  2.904995  -1.466393  1.000000  
86.027776 -0.000725  -0.008253  0.004766  0.655139  0.755132  0.023826  -0.739358  0.634330  0.225776  0.155377  -0.165531  0.973888  -0.038905  0.005144  0.027771  0.594205  2.886471  -1.480056  1.000000  
86.029024 -0.000777  -0.008246  0.004803  0.656823  0.753709  0.022499  -0.737273  0.635669  0.228807  0.158152  -0.166874  0.973212  -0.039294  0.005147  0.028103  0.609020  2.868549  -1.491315  1.000000  
86.030275 -0.000827  -0.008240  0.004841  0.658343  0.752422  0.021114  -0.735314  0.636872  0.231749  0.160926  -0.168096  0.972546  -0.039657  0.005164  0.028462  0.622349  2.849039  -1.497873  1.000000  
86.031275 -0.000867  -0.008235  0.004870  0.659746  0.751225  0.019935  -0.733531  0.637989  0.234311  0.163302  -0.169209  0.971957  -0.039840  0.005142  0.028531  0.635192  2.842704  -1.505240  1.000000  
86.032282 -0.000908  -0.008230  0.004898  0.660838  0.750294  0.018751  -0.732013  0.638819  0.236783  0.165678  -0.170201  0.971382  -0.039999  0.005162  0.028558  0.650300  2.829507  -1.503996  1.000000  
86.033545 -0.000958  -0.008223  0.004933  0.662614  0.748764  0.017146  -0.729742  0.640289  0.239807  0.168580  -0.171411  0.970669  -0.040130  0.005169  0.028535  0.657559  2.823906  -1.521075  1.000000  
86.034782 -0.001008  -0.008215  0.004968  0.664362  0.747252  0.015438  -0.727442  0.641732  0.242917  0.171613  -0.172615  0.969924  -0.040208  0.005239  0.028543  0.666684  2.818987  -1.535386  1.000000  
86.035784 -0.001047  -0.008210  0.004996  0.665742  0.746047  0.014211  -0.725646  0.642865  0.245278  0.173853  -0.173604  0.969349  -0.040229  0.005268  0.028586  0.670078  2.797813  -1.554106  1.000000  
86.037028 -0.001097  -0.008203  0.005031  0.667348  0.744636  0.012792  -0.723500  0.644141  0.248255  0.176619  -0.174927  0.968610  -0.040230  0.005334  0.028574  0.679183  2.778590  -1.560331  1.000000  
86.038029 -0.001136  -0.008197  0.005060  0.668726  0.743418  0.011633  -0.721708  0.645278  0.250508  0.178726  -0.175917  0.968045  -0.040145  0.005333  0.028658  0.684621  2.764356  -1.573567  1.000000  
86.039275 -0.001185  -0.008190  0.005097  0.670179  0.742128  0.010329  -0.719701  0.646400  0.253373  0.181358  -0.177239  0.967314  -0.040103  0.005344  0.028784  0.695084  2.744745  -1.573518  1.000000  
86.040276 -0.001224  -0.008184  0.005126  0.671671  0.740794  0.009098  -0.717740  0.647627  0.255789  0.183595  -0.178337  0.966690  -0.040029  0.005397  0.028877  0.703392  2.736440  -1.592731  1.000000  
86.041278 -0.001262  -0.008178  0.005155  0.673007  0.739594  0.007911  -0.715911  0.648695  0.258198  0.185830  -0.179432  0.966060  -0.039822  0.005517  0.028833  0.708594  2.731137  -1.604044  1.000000  
86.042525 -0.001310  -0.008170  0.005190  0.674706  0.738059  0.006376  -0.713586  0.650078  0.261138  0.188590  -0.180742  0.965280  -0.039679  0.005613  0.028739  0.717229  2.719132  -1.613002  1.000000  
86.043526 -0.001348  -0.008164  0.005218  0.676170  0.736728  0.005113  -0.711604  0.651282  0.263535  0.190824  -0.181832  0.964636  -0.039463  0.005715  0.028648  0.721213  2.715304  -1.630996  1.000000  
