1-Time 2-Px 3-Py 4-Pz 5-R11 6-R21 7-R31 8-R12 9-R22 10-R32 11-R13 12-R23 13-R33 14-Vx 15-Vy 16-Vz 17-Wx 18-Wy 19-Wz 20-state
7.733058 -0.046850  0.057397  0.002278  0.951493  0.307584  0.007284  -0.188297  0.563435  0.804416  0.243321  -0.766768  0.594022  0.000000  0.000000  0.000000  0.000000  0.000000  0.000000  1.000000  
7.734089 -0.046850  0.057397  0.002278  0.951493  0.307584  0.007284  -0.188297  0.563435  0.804416  0.243321  -0.766768  0.594022  0.000000  0.000000  0.000000  0.000000  0.000000  0.000000  1.000000  
7.735341 -0.046837  0.057383  0.002277  0.951493  0.307584  0.007284  -0.188297  0.563435  0.804416  0.243321  -0.766768  0.594022  0.006303  -0.006594  -0.000634  0.000000  0.000000  0.000000  1.000000  
7.736591 -0.046815  0.057358  0.002275  0.951493  0.307583  0.007322  -0.188297  0.563338  0.804484  0.243321  -0.766840  0.593929  0.010757  -0.011682  -0.000984  0.000000  0.000000  0.000000  1.000000  
7.737592 -0.046794  0.057334  0.002273  0.951493  0.307581  0.007396  -0.188297  0.563142  0.804621  0.243321  -0.766984  0.593743  0.013070  -0.014546  -0.001310  0.000000  0.000000  0.000000  1.000000  
7.738836 -0.046763  0.057300  0.002267  0.951493  0.307577  0.007545  -0.188297  0.562752  0.804894  0.243321  -0.767272  0.593370  0.015729  -0.017438  -0.002134  0.000000  0.000000  0.000000  1.000000  
7.739848 -0.046731  0.057268  0.002259  0.951493  0.307574  0.007657  -0.188297  0.562459  0.805099  0.243321  -0.767488  0.593091  0.018262  -0.019686  -0.003002  0.000000  0.000000  0.000000  1.000000  
7.741087 -0.046683  0.057220  0.002248  0.951500  0.307555  0.007600  -0.188094  0.562014  0.805457  0.243451  -0.767822  0.592606  0.021511  -0.022710  -0.003870  0.000000  0.000000  0.000000  1.000000  
7.742224 -0.046641  0.057177  0.002241  0.951507  0.307537  0.007469  -0.187892  0.561764  0.805678  0.243580  -0.768012  0.592306  0.023543  -0.024646  -0.004175  0.000000  0.000000  0.000000  1.000000  
7.743335 -0.046585  0.057118  0.002234  0.951616  0.307202  0.007364  -0.187507  0.561520  0.805938  0.243451  -0.768325  0.591954  0.026527  -0.027820  -0.004399  0.000000  0.000000  0.000000  1.000000  
7.744338 -0.046538  0.057068  0.002228  0.951757  0.306765  0.007336  -0.187128  0.561295  0.806183  0.243191  -0.768663  0.591620  0.028336  -0.029848  -0.004525  0.000000  0.000000  0.000000  1.000000  
7.745584 -0.046479  0.057004  0.002219  0.951930  0.306228  0.007386  -0.186754  0.561089  0.806413  0.242802  -0.769028  0.591307  0.030269  -0.032048  -0.004866  0.000000  0.000000  0.000000  1.000000  
7.746598 -0.046433  0.056952  0.002210  0.952064  0.305806  0.007564  -0.186577  0.560918  0.806573  0.242412  -0.769320  0.591086  0.031451  -0.033469  -0.005171  0.000000  0.000000  0.000000  1.000000  
7.747722 -0.046386  0.056899  0.002200  0.952127  0.305602  0.007793  -0.186590  0.560762  0.806678  0.242153  -0.769515  0.590939  0.032210  -0.034559  -0.005446  0.000000  0.000000  0.000000  1.000000  
7.748856 -0.046328  0.056827  0.002188  0.952229  0.305282  0.007894  -0.186406  0.560571  0.806854  0.241893  -0.769781  0.590699  0.035361  -0.038592  -0.006095  0.000000  0.000000  0.000000  1.000000  
7.750109 -0.046270  0.056748  0.002178  0.952369  0.304848  0.007754  -0.186026  0.560638  0.806895  0.241633  -0.769904  0.590645  0.038436  -0.042988  -0.006704  0.000000  0.000000  0.000000  1.000000  
7.751112 -0.046223  0.056684  0.002169  0.952446  0.304615  0.007495  -0.185634  0.560568  0.807034  0.241633  -0.770047  0.590458  0.040364  -0.046010  -0.007215  0.000000  0.000000  0.000000  1.000000  
7.752334 -0.046167  0.056602  0.002158  0.952446  0.304615  0.007532  -0.185634  0.560470  0.807102  0.241633  -0.770119  0.590364  0.042221  -0.049276  -0.007691  0.000000  0.000000  0.000000  1.000000  
7.753338 -0.046123  0.056533  0.002148  0.952376  0.304829  0.007695  -0.185824  0.560192  0.807251  0.241763  -0.770237  0.590158  0.043893  -0.052524  -0.008135  0.000000  0.000000  0.000000  1.000000  
7.754587 -0.046066  0.056445  0.002134  0.952268  0.305158  0.008061  -0.186210  0.559753  0.807467  0.241893  -0.770426  0.589858  0.045102  -0.055853  -0.008451  0.242327  0.039632  -0.117907  1.000000  
7.755589 -0.046020  0.056372  0.002121  0.952166  0.305474  0.008146  -0.186394  0.559454  0.807631  0.242153  -0.770517  0.589632  0.045618  -0.058176  -0.008773  0.244556  0.038085  -0.097598  1.000000  
7.756596 -0.045976  0.056298  0.002107  0.951993  0.306004  0.008358  -0.186767  0.558975  0.807877  0.242542  -0.770654  0.589292  0.045950  -0.060585  -0.009258  0.253897  0.033370  -0.069224  1.000000  
7.757847 -0.045923  0.056203  0.002087  0.951750  0.306751  0.008659  -0.187330  0.558412  0.808136  0.243061  -0.770766  0.588933  0.045612  -0.062857  -0.010093  0.261897  0.025621  -0.033484  1.000000  
7.759090 -0.045869  0.056106  0.002065  0.951507  0.307495  0.009035  -0.187892  0.557653  0.808530  0.243580  -0.771019  0.588386  0.045331  -0.065164  -0.011110  0.278629  0.018622  -0.001215  1.000000  
7.760339 -0.045817  0.056008  0.002037  0.951263  0.308239  0.009413  -0.188455  0.556892  0.808923  0.244099  -0.771272  0.587839  0.044867  -0.067459  -0.012316  0.293769  0.012249  0.028073  1.000000  
7.761341 -0.045776  0.055928  0.002012  0.951018  0.308983  0.009754  -0.189017  0.556228  0.809248  0.244618  -0.771453  0.587386  0.044524  -0.069441  -0.013425  0.305961  0.006484  0.055248  1.000000  
7.762608 -0.045728  0.055826  0.001979  0.950733  0.309839  0.010300  -0.189774  0.555402  0.809639  0.245137  -0.771705  0.586838  0.044205  -0.072060  -0.014870  0.320289  -0.004317  0.083959  1.000000  
7.763840 -0.045682  0.055722  0.001945  0.950448  0.310695  0.010847  -0.190531  0.554574  0.810028  0.245656  -0.771956  0.586291  0.043097  -0.073742  -0.016242  0.342387  -0.014617  0.113236  1.000000  
7.764841 -0.045645  0.055637  0.001917  0.950201  0.311438  0.011153  -0.191092  0.554006  0.810285  0.246175  -0.772064  0.585930  0.042449  -0.075234  -0.017514  0.356740  -0.019497  0.138595  1.000000  
7.765853 -0.045609  0.055550  0.001890  0.949986  0.312080  0.011536  -0.191659  0.553457  0.810526  0.246564  -0.772199  0.585590  0.041701  -0.076943  -0.018969  0.376851  -0.027433  0.162610  1.000000  
7.767090 -0.045564  0.055441  0.001854  0.949698  0.312935  0.012049  -0.192415  0.552725  0.810846  0.247083  -0.772378  0.585135  0.040901  -0.078690  -0.020597  0.392050  -0.037868  0.193292  1.000000  
7.768339 -0.045519  0.055332  0.001821  0.949417  0.313778  0.012280  -0.192969  0.552133  0.811118  0.247731  -0.772458  0.584754  0.040150  -0.080239  -0.022031  0.393065  -0.040251  0.223326  1.000000  
7.769589 -0.045473  0.055223  0.001788  0.949168  0.314520  0.012589  -0.193529  0.551562  0.811373  0.248249  -0.772565  0.584393  0.039326  -0.081762  -0.023408  0.394314  -0.045417  0.249926  1.000000  
7.770839 -0.045425  0.055113  0.001757  0.948852  0.315465  0.012707  -0.194075  0.551046  0.811593  0.249027  -0.772548  0.584085  0.038981  -0.082750  -0.024020  0.388829  -0.053155  0.283947  1.000000  
7.771839 -0.045385  0.055024  0.001734  0.948602  0.316207  0.012979  -0.194634  0.550571  0.811781  0.249545  -0.772583  0.583817  0.038687  -0.083675  -0.024622  0.393199  -0.063213  0.312507  1.000000  
7.773089 -0.045334  0.054912  0.001706  0.948285  0.317151  0.013098  -0.195179  0.550054  0.812001  0.250322  -0.772565  0.583509  0.038574  -0.084752  -0.025101  0.392098  -0.074018  0.356230  1.000000  
7.774089 -0.045292  0.054823  0.001685  0.948040  0.317880  0.013127  -0.195536  0.549622  0.812208  0.250970  -0.772572  0.583220  0.038412  -0.085704  -0.025395  0.390839  -0.076383  0.397489  1.000000  
7.775092 -0.045250  0.054732  0.001663  0.947795  0.318610  0.013157  -0.195892  0.549189  0.812415  0.251618  -0.772580  0.582932  0.038399  -0.086472  -0.025356  0.393601  -0.078737  0.438675  1.000000  
7.776338 -0.045199  0.054618  0.001635  0.947483  0.319541  0.013034  -0.196235  0.548714  0.812653  0.252524  -0.772532  0.582602  0.038517  -0.087369  -0.025144  0.390859  -0.064962  0.490431  1.000000  
7.777340 -0.045157  0.054525  0.001612  0.947244  0.320258  0.012821  -0.196388  0.548325  0.812878  0.253301  -0.772512  0.582293  0.038768  -0.088308  -0.024853  0.390060  -0.050984  0.516039  1.000000  
7.778592 -0.045105  0.054406  0.001584  0.946963  0.321086  0.012815  -0.196737  0.547771  0.813167  0.254077  -0.772561  0.581889  0.039120  -0.089198  -0.024465  0.398696  -0.042628  0.559279  1.000000  
7.779840 -0.045053  0.054284  0.001554  0.946682  0.321914  0.012810  -0.197085  0.547217  0.813456  0.254854  -0.772609  0.581485  0.039468  -0.090176  -0.024201  0.409654  -0.042363  0.603761  1.000000  
7.781091 -0.045003  0.054161  0.001523  0.946434  0.322639  0.012920  -0.197440  0.546584  0.813796  0.255500  -0.772755  0.581007  0.039849  -0.091166  -0.023908  0.424812  -0.050262  0.637742  1.000000  
7.782093 -0.044964  0.054063  0.001496  0.946259  0.323152  0.012901  -0.197607  0.546137  0.814055  0.256018  -0.772857  0.580644  0.040078  -0.091907  -0.023842  0.437968  -0.045235  0.660845  1.000000  
7.783339 -0.044914  0.053939  0.001461  0.946043  0.323774  0.013129  -0.197969  0.545425  0.814445  0.256535  -0.773099  0.580093  0.040424  -0.092946  -0.023968  0.448124  -0.042729  0.675801  1.000000  
7.784588 -0.044863  0.053814  0.001424  0.945827  0.324397  0.013318  -0.198330  0.544811  0.814767  0.257052  -0.773270  0.579635  0.040660  -0.093939  -0.024267  0.456266  -0.037872  0.688795  1.000000  
7.785589 -0.044823  0.053714  0.001395  0.945685  0.324808  0.013376  -0.198503  0.544384  0.815011  0.257440  -0.773399  0.579292  0.040833  -0.094776  -0.024547  0.454889  -0.026962  0.686090  1.000000  
7.786589 -0.044781  0.053613  0.001366  0.945469  0.325432  0.013526  -0.198864  0.543869  0.815267  0.257957  -0.773499  0.578928  0.040937  -0.095675  -0.024922  0.457090  -0.029513  0.687942  1.000000  
7.787839 -0.044731  0.053487  0.001331  0.945292  0.325943  0.013549  -0.199030  0.543321  0.815591  0.258474  -0.773669  0.578470  0.040842  -0.096650  -0.025469  0.457931  -0.019155  0.679887  1.000000  
7.789088 -0.044682  0.053360  0.001297  0.945075  0.326566  0.013701  -0.199391  0.542804  0.815847  0.258991  -0.773769  0.578105  0.040718  -0.097506  -0.025889  0.448288  -0.014134  0.675751  1.000000  
7.790090 -0.044642  0.053258  0.001270  0.944891  0.327089  0.013929  -0.199759  0.542309  0.816087  0.259379  -0.773896  0.577761  0.040544  -0.098327  -0.026163  0.442313  -0.011903  0.673702  1.000000  
7.791339 -0.044593  0.053128  0.001239  0.944673  0.327712  0.014082  -0.200119  0.541791  0.816342  0.259896  -0.773994  0.577397  0.040358  -0.099480  -0.026445  0.433126  -0.006739  0.664132  1.000000  
7.792340 -0.044555  0.053022  0.001217  0.944488  0.328235  0.014271  -0.200486  0.541393  0.816516  0.260283  -0.774051  0.577146  0.040128  -0.100424  -0.026520  0.421440  0.000953  0.658363  1.000000  
7.793590 -0.044508  0.052888  0.001191  0.944194  0.329074  0.014437  -0.201033  0.540984  0.816653  0.260929  -0.773981  0.576948  0.039776  -0.101205  -0.026210  0.403350  0.008816  0.657476  1.000000  
7.794839 -0.044464  0.052752  0.001166  0.943940  0.329800  0.014476  -0.201385  0.540542  0.816859  0.261575  -0.773981  0.576656  0.039250  -0.102127  -0.025920  0.394491  0.016581  0.651631  1.000000  
7.795839 -0.044430  0.052643  0.001145  0.943720  0.330426  0.014551  -0.201745  0.540220  0.816983  0.262092  -0.773938  0.576478  0.038808  -0.102928  -0.025579  0.384977  0.024455  0.651423  1.000000  
7.797088 -0.044388  0.052507  0.001119  0.943431  0.331252  0.014515  -0.202089  0.539756  0.817205  0.262866  -0.773909  0.576165  0.038376  -0.103762  -0.025098  0.373490  0.040231  0.650304  1.000000  
7.798092 -0.044355  0.052397  0.001097  0.943168  0.331989  0.014759  -0.202642  0.539365  0.817326  0.263383  -0.773866  0.575987  0.037907  -0.104569  -0.024634  0.368612  0.037747  0.652007  1.000000  
7.799338 -0.044313  0.052258  0.001069  0.942905  0.332723  0.015043  -0.203195  0.538874  0.817512  0.263899  -0.773893  0.575715  0.037388  -0.105385  -0.024211  0.364766  0.037594  0.652053  1.000000  
7.800343 -0.044280  0.052146  0.001045  0.942717  0.333247  0.015194  -0.203561  0.538573  0.817620  0.264286  -0.773877  0.575558  0.036791  -0.106214  -0.023746  0.359076  0.037468  0.640765  1.000000  
7.801588 -0.044239  0.052006  0.001013  0.942488  0.333879  0.015554  -0.204121  0.538103  0.817790  0.264673  -0.773932  0.575307  0.036178  -0.107129  -0.023572  0.359323  0.031965  0.633649  1.000000  
7.802837 -0.044198  0.051864  0.000979  0.942250  0.334518  0.016199  -0.204882  0.537486  0.818005  0.264931  -0.774084  0.574983  0.035548  -0.108209  -0.023458  0.368110  0.012944  0.625584  1.000000  
7.803856 -0.044165  0.051749  0.000950  0.941977  0.335260  0.016728  -0.205635  0.536946  0.818171  0.265318  -0.774138  0.574732  0.035000  -0.109122  -0.023494  0.368942  -0.000529  0.623690  1.000000  
7.805083 -0.044123  0.051603  0.000912  0.941703  0.336000  0.017299  -0.206388  0.536305  0.818402  0.265705  -0.774262  0.574386  0.034621  -0.110375  -0.023929  0.373966  -0.016634  0.619775  1.000000  
7.806085 -0.044090  0.051483  0.000880  0.941471  0.336630  0.017661  -0.206946  0.535832  0.818570  0.266092  -0.774315  0.574135  0.034191  -0.111406  -0.024358  0.377680  -0.035362  0.616830  1.000000  
7.807333 -0.044048  0.051331  0.000840  0.941161  0.337467  0.018199  -0.207691  0.535068  0.818881  0.266608  -0.774479  0.573674  0.033769  -0.112801  -0.025162  0.389691  -0.054160  0.614083  1.000000  
7.808582 -0.044007  0.051175  0.000799  0.940851  0.338306  0.018696  -0.208435  0.534402  0.819127  0.267124  -0.774573  0.573307  0.033466  -0.114274  -0.026162  0.393559  -0.070286  0.614823  1.000000  
7.809586 -0.043973  0.051048  0.000765  0.940574  0.339044  0.019229  -0.209186  0.533857  0.819291  0.267511  -0.774626  0.573056  0.033365  -0.115454  -0.027016  0.395071  -0.091681  0.619426  1.000000  
7.810833 -0.043930  0.050888  0.000723  0.940218  0.339989  0.019938  -0.210123  0.533020  0.819596  0.268026  -0.774789  0.572595  0.033405  -0.117083  -0.028151  0.404791  -0.110491  0.627677  1.000000  
7.811835 -0.043895  0.050759  0.000690  0.939948  0.340717  0.020227  -0.210672  0.532520  0.819780  0.268542  -0.774812  0.572321  0.033450  -0.118360  -0.029007  0.398845  -0.116005  0.631703  1.000000  
7.813083 -0.043851  0.050596  0.000649  0.939599  0.341654  0.020653  -0.211407  0.531828  0.820041  0.269186  -0.774875  0.571933  0.033602  -0.120145  -0.029933  0.398613  -0.124152  0.642971  1.000000  
7.814083 -0.043815  0.050464  0.000616  0.939292  0.342483  0.020870  -0.211947  0.531303  0.820241  0.269830  -0.774869  0.571637  0.033751  -0.121515  -0.030558  0.398423  -0.129586  0.657923  1.000000  
7.815088 -0.043779  0.050331  0.000584  0.939020  0.343210  0.021161  -0.212496  0.530801  0.820424  0.270346  -0.774891  0.571364  0.033961  -0.123088  -0.031274  0.396351  -0.132363  0.665256  1.000000  
7.816337 -0.043733  0.050165  0.000544  0.938712  0.344038  0.021379  -0.213035  0.530275  0.820624  0.270990  -0.774884  0.571068  0.034295  -0.124584  -0.031654  0.392222  -0.143155  0.673032  1.000000  
7.817586 -0.043687  0.049998  0.000503  0.938439  0.344762  0.021713  -0.213583  0.529672  0.820871  0.271505  -0.774975  0.570700  0.034613  -0.126270  -0.032153  0.390290  -0.148701  0.676899  1.000000  
7.818838 -0.043641  0.049830  0.000462  0.938165  0.345488  0.022006  -0.214130  0.529168  0.821054  0.272020  -0.774996  0.570426  0.034939  -0.128076  -0.032546  0.384300  -0.154199  0.680733  1.000000  
7.820083 -0.043595  0.049659  0.000419  0.937970  0.346007  0.022163  -0.214492  0.528856  0.821160  0.272406  -0.774978  0.570267  0.035230  -0.129810  -0.032888  0.376524  -0.156991  0.677185  1.000000  
7.821333 -0.043549  0.049485  0.000374  0.937775  0.346522  0.022362  -0.214854  0.528445  0.821330  0.272792  -0.775028  0.570014  0.035498  -0.131241  -0.033234  0.372708  -0.159788  0.673476  1.000000  
7.822340 -0.043512  0.049344  0.000337  0.937624  0.346932  0.022350  -0.215022  0.528205  0.821441  0.273178  -0.775009  0.569855  0.035758  -0.132566  -0.033559  0.367014  -0.154533  0.669417  1.000000  
7.823587 -0.043466  0.049166  0.000288  0.937429  0.347449  0.022507  -0.215384  0.527892  0.821547  0.273565  -0.774989  0.569696  0.036091  -0.133989  -0.034038  0.365475  -0.154550  0.658274  1.000000  
7.824594 -0.043428  0.049022  0.000247  0.937268  0.347863  0.022782  -0.215753  0.527503  0.821700  0.273822  -0.775068  0.569465  0.036315  -0.135106  -0.034528  0.368670  -0.163928  0.652668  1.000000  
7.825855 -0.043380  0.048840  0.000195  0.937072  0.348378  0.022982  -0.216114  0.527091  0.821870  0.274208  -0.775118  0.569212  0.036597  -0.136477  -0.035172  0.368820  -0.169313  0.645128  1.000000  
7.827085 -0.043331  0.048654  0.000143  0.936840  0.348994  0.023108  -0.216467  0.526655  0.822056  0.274723  -0.775138  0.568937  0.037020  -0.138284  -0.035971  0.370329  -0.170705  0.636483  1.000000  
7.828089 -0.043291  0.048504  0.000099  0.936688  0.349400  0.023139  -0.216635  0.526313  0.822231  0.275109  -0.775187  0.568684  0.037313  -0.139500  -0.036655  0.370939  -0.162794  0.625002  1.000000  
7.829332 -0.043240  0.048316  0.000045  0.936455  0.350012  0.023309  -0.216988  0.525776  0.822481  0.275623  -0.775275  0.568314  0.037747  -0.140999  -0.037540  0.373451  -0.157628  0.621067  1.000000  
7.830337 -0.043198  0.048165  0.000001  0.936303  0.350415  0.023383  -0.217155  0.525335  0.822719  0.276009  -0.775392  0.567967  0.038197  -0.142556  -0.038390  0.379842  -0.152399  0.617003  1.000000  
7.831341 -0.043157  0.048013  -0.000043  0.936069  0.351030  0.023511  -0.217507  0.524897  0.822906  0.276523  -0.775411  0.567691  0.038423  -0.143621  -0.039198  0.381313  -0.145716  0.621648  1.000000  
7.832585 -0.043105  0.047821  -0.000098  0.935880  0.351533  0.023513  -0.217667  0.524431  0.823161  0.277038  -0.775498  0.567322  0.038783  -0.145165  -0.040091  0.376845  -0.123418  0.611896  1.000000  
7.833588 -0.043064  0.047666  -0.000143  0.935691  0.352040  0.023472  -0.217826  0.524065  0.823352  0.277552  -0.775515  0.567046  0.039151  -0.146702  -0.041040  0.370707  -0.105891  0.609043  1.000000  
7.834834 -0.043012  0.047473  -0.000199  0.935456  0.352657  0.023558  -0.218177  0.523726  0.823474  0.278066  -0.775464  0.566864  0.039477  -0.148053  -0.041812  0.358755  -0.092530  0.604305  1.000000  
7.835835 -0.042972  0.047317  -0.000244  0.935302  0.353062  0.023592  -0.218344  0.523383  0.823648  0.278451  -0.775511  0.566610  0.039783  -0.149338  -0.042526  0.354075  -0.083918  0.598957  1.000000  
7.836837 -0.042931  0.047161  -0.000289  0.935149  0.353473  0.023540  -0.218511  0.523239  0.823695  0.278837  -0.775421  0.566544  0.039992  -0.150371  -0.043007  0.339278  -0.071247  0.588345  1.000000  
7.838082 -0.042882  0.046966  -0.000345  0.934994  0.353881  0.023531  -0.218678  0.522995  0.823806  0.279222  -0.775399  0.566384  0.040189  -0.151435  -0.043507  0.324865  -0.060138  0.575726  1.000000  
7.839083 -0.042843  0.046810  -0.000390  0.934840  0.354291  0.023479  -0.218845  0.522852  0.823852  0.279608  -0.775309  0.566318  0.040261  -0.152260  -0.043864  0.308056  -0.041927  0.561273  1.000000  
7.840333 -0.042794  0.046615  -0.000446  0.934722  0.354601  0.023501  -0.219021  0.522731  0.823882  0.279865  -0.775248  0.566274  0.040395  -0.153245  -0.044184  0.288301  -0.025856  0.538067  1.000000  
7.841341 -0.042754  0.046459  -0.000492  0.934604  0.354911  0.023523  -0.219196  0.522611  0.823912  0.280122  -0.775188  0.566229  0.040462  -0.153890  -0.044425  0.272312  -0.020513  0.522722  1.000000  
7.842617 -0.042704  0.046264  -0.000548  0.934450  0.355321  0.023472  -0.219363  0.522467  0.823959  0.280507  -0.775097  0.566163  0.040422  -0.154147  -0.044539  0.258399  -0.009765  0.503178  1.000000  
7.843851 -0.042654  0.046068  -0.000603  0.934331  0.355633  0.023451  -0.219538  0.522446  0.823925  0.280764  -0.774968  0.566213  0.040351  -0.154742  -0.044665  0.236708  -0.004356  0.477155  1.000000  
7.844868 -0.042614  0.045912  -0.000648  0.934168  0.356048  0.023686  -0.219905  0.522152  0.824014  0.281021  -0.774976  0.566074  0.040268  -0.154957  -0.044721  0.230751  -0.004374  0.465773  1.000000  
7.846093 -0.042563  0.045714  -0.000707  0.933967  0.356565  0.023804  -0.220264  0.521934  0.824056  0.281406  -0.774884  0.566008  0.040256  -0.155811  -0.045008  0.221017  -0.004357  0.454924  1.000000  
7.847098 -0.042522  0.045555  -0.000753  0.933848  0.356875  0.023826  -0.220439  0.521813  0.824086  0.281663  -0.774824  0.565963  0.040240  -0.156076  -0.045139  0.211006  -0.001689  0.447273  1.000000  
7.848128 -0.042481  0.045396  -0.000801  0.933647  0.357389  0.023988  -0.220797  0.521495  0.824192  0.282048  -0.774801  0.565803  0.040132  -0.156095  -0.045211  0.204909  0.003611  0.442865  1.000000  
7.849338 -0.042429  0.045196  -0.000860  0.933446  0.357903  0.024149  -0.221156  0.521176  0.824297  0.282433  -0.774778  0.565642  0.040248  -0.157003  -0.045548  0.201210  0.000904  0.439770  1.000000  
7.850587 -0.042377  0.044994  -0.000920  0.933162  0.358626  0.024408  -0.221697  0.520759  0.824415  0.282946  -0.774724  0.565459  0.040269  -0.157460  -0.045800  0.203267  -0.001824  0.447335  1.000000  
7.851841 -0.042327  0.044792  -0.000980  0.932887  0.359341  0.024423  -0.222037  0.520391  0.824556  0.283588  -0.774640  0.565253  0.040285  -0.157852  -0.046082  0.203375  0.003469  0.454491  1.000000  
7.853089 -0.042276  0.044590  -0.001040  0.932602  0.360063  0.024681  -0.222578  0.519973  0.824674  0.284101  -0.774586  0.565070  0.040389  -0.158337  -0.046391  0.201407  0.000712  0.462149  1.000000  
7.854336 -0.042226  0.044389  -0.001101  0.932353  0.360686  0.024970  -0.223128  0.519678  0.824711  0.284486  -0.774494  0.565002  0.040506  -0.158819  -0.046641  0.197695  -0.001983  0.465783  1.000000  
7.855338 -0.042185  0.044228  -0.001149  0.932104  0.361306  0.025303  -0.223677  0.519282  0.824812  0.284870  -0.774470  0.564841  0.040578  -0.159107  -0.046827  0.197622  -0.012677  0.473602  1.000000  
7.856341 -0.042145  0.044069  -0.001196  0.931937  0.361722  0.025495  -0.224043  0.519085  0.824837  0.285127  -0.774408  0.564796  0.040605  -0.159328  -0.046952  0.189678  -0.015349  0.470098  1.000000  
7.857587 -0.042096  0.043870  -0.001253  0.931725  0.362244  0.025858  -0.224600  0.518813  0.824856  0.285383  -0.774346  0.564751  0.040660  -0.159890  -0.047115  0.181039  -0.026205  0.470547  1.000000  
7.858614 -0.042056  0.043713  -0.001299  0.931558  0.362659  0.026051  -0.224966  0.518615  0.824881  0.285640  -0.774285  0.564706  0.040539  -0.159560  -0.047089  0.174719  -0.034215  0.470260  1.000000  
7.859835 -0.042007  0.043516  -0.001355  0.931344  0.363180  0.026413  -0.225523  0.518342  0.824900  0.285896  -0.774223  0.564661  0.040535  -0.160037  -0.047217  0.167525  -0.044605  0.463816  1.000000  
7.861082 -0.041959  0.043320  -0.001410  0.931093  0.363806  0.026658  -0.226071  0.518145  0.824874  0.286281  -0.774062  0.564687  0.040296  -0.159711  -0.046907  0.151228  -0.057900  0.467719  1.000000  
7.862082 -0.041921  0.043164  -0.001453  0.930879  0.364327  0.027021  -0.226628  0.517871  0.824893  0.286537  -0.774000  0.564642  0.040118  -0.159614  -0.046684  0.146426  -0.069083  0.468280  1.000000  
7.863083 -0.041883  0.043007  -0.001495  0.930711  0.364744  0.027170  -0.226993  0.517772  0.824855  0.286794  -0.773869  0.564691  0.039968  -0.159749  -0.046427  0.135156  -0.076477  0.464757  1.000000  
7.864084 -0.041846  0.042851  -0.001536  0.930459  0.365366  0.027459  -0.227541  0.517473  0.824892  0.287178  -0.773776  0.564623  0.039618  -0.159113  -0.045891  0.132159  -0.090488  0.472667  1.000000  
7.865092 -0.041808  0.042695  -0.001577  0.930253  0.365881  0.027578  -0.227897  0.517248  0.824935  0.287563  -0.773683  0.564555  0.039302  -0.158540  -0.045339  0.130166  -0.098461  0.472773  1.000000  
7.866336 -0.041762  0.042499  -0.001627  0.929963  0.366605  0.027750  -0.228434  0.517024  0.824927  0.288075  -0.773490  0.564558  0.038942  -0.158154  -0.044666  0.126137  -0.109140  0.480601  1.000000  
7.867586 -0.041717  0.042304  -0.001677  0.929624  0.367433  0.028136  -0.229163  0.516622  0.824976  0.288588  -0.773366  0.564467  0.038594  -0.157793  -0.044011  0.127163  -0.119027  0.495908  1.000000  
7.868832 -0.041671  0.042110  -0.001726  0.929333  0.368154  0.028352  -0.229700  0.516296  0.825031  0.289100  -0.773241  0.564376  0.038297  -0.157383  -0.043305  0.129186  -0.121564  0.502931  1.000000  
7.869835 -0.041634  0.041955  -0.001766  0.929125  0.368668  0.028472  -0.230055  0.516070  0.825074  0.289484  -0.773147  0.564307  0.038097  -0.156964  -0.042749  0.133267  -0.129571  0.514435  1.000000  
7.871082 -0.041588  0.041761  -0.001816  0.928785  0.369490  0.028903  -0.230782  0.515566  0.825185  0.289997  -0.773090  0.564122  0.037824  -0.156572  -0.042174  0.141373  -0.137512  0.525595  1.000000  
7.872084 -0.041551  0.041607  -0.001857  0.928577  0.370004  0.029023  -0.231137  0.515339  0.825228  0.290381  -0.772996  0.564053  0.037548  -0.156113  -0.041689  0.143494  -0.140182  0.533133  1.000000  
7.873332 -0.041506  0.041415  -0.001907  0.928235  0.370829  0.029410  -0.231864  0.514934  0.825277  0.290893  -0.772870  0.563962  0.037302  -0.155871  -0.041354  0.153616  -0.150806  0.552031  1.000000  
7.874332 -0.041470  0.041263  -0.001949  0.928026  0.371339  0.029575  -0.232217  0.514606  0.825382  0.291277  -0.772844  0.563799  0.037074  -0.155502  -0.041082  0.159751  -0.153463  0.559397  1.000000  
7.875582 -0.041425  0.041073  -0.002000  0.927769  0.371957  0.029865  -0.232762  0.514301  0.825419  0.291661  -0.772750  0.563730  0.036839  -0.155078  -0.040786  0.158302  -0.159213  0.564823  1.000000  
7.876832 -0.041381  0.040883  -0.002051  0.927464  0.372681  0.030326  -0.233497  0.513919  0.825449  0.292045  -0.772655  0.563661  0.036643  -0.154656  -0.040588  0.161982  -0.166756  0.574686  1.000000  
7.877832 -0.041346  0.040731  -0.002090  0.927254  0.373194  0.030446  -0.233851  0.513689  0.825492  0.292429  -0.772560  0.563592  0.036411  -0.154347  -0.040359  0.158306  -0.166933  0.575292  1.000000  
7.879082 -0.041304  0.040542  -0.002138  0.926995  0.373812  0.030737  -0.234394  0.513383  0.825529  0.292812  -0.772466  0.563523  0.036131  -0.153942  -0.040107  0.156285  -0.174674  0.574888  1.000000  
7.880084 -0.041270  0.040391  -0.002175  0.926736  0.374433  0.030982  -0.234938  0.513176  0.825503  0.293196  -0.772302  0.563547  0.035862  -0.153665  -0.039927  0.154365  -0.179851  0.578572  1.000000  
7.881085 -0.041237  0.040241  -0.002211  0.926525  0.374945  0.031103  -0.235291  0.512945  0.825546  0.293580  -0.772207  0.563478  0.035632  -0.153183  -0.039622  0.151783  -0.183955  0.579629  1.000000  
7.882088 -0.041204  0.040091  -0.002247  0.926304  0.375462  0.031466  -0.235843  0.512663  0.825563  0.293836  -0.772144  0.563431  0.035411  -0.152693  -0.039335  0.148644  -0.190385  0.575124  1.000000  
7.883091 -0.041170  0.039941  -0.002282  0.926092  0.375973  0.031587  -0.236196  0.512431  0.825606  0.294219  -0.772048  0.563362  0.035228  -0.152204  -0.039031  0.144000  -0.189201  0.572182  1.000000  
7.884337 -0.041128  0.039755  -0.002325  0.925755  0.376794  0.031686  -0.236719  0.512171  0.825618  0.294859  -0.771821  0.563339  0.034969  -0.151705  -0.038539  0.136128  -0.183860  0.579474  1.000000  
7.885367 -0.041094  0.039607  -0.002358  0.925505  0.377404  0.031734  -0.237061  0.511914  0.825680  0.295370  -0.771693  0.563246  0.034666  -0.150913  -0.038028  0.136178  -0.178319  0.586074  1.000000  
7.886608 -0.041052  0.039422  -0.002401  0.925166  0.378224  0.031833  -0.237583  0.511652  0.825691  0.296009  -0.771465  0.563223  0.034461  -0.150566  -0.037534  0.132408  -0.172976  0.593475  1.000000  
7.887609 -0.041017  0.039274  -0.002434  0.924877  0.378935  0.031808  -0.237914  0.511368  0.825772  0.296648  -0.771305  0.563106  0.034301  -0.150055  -0.037030  0.130616  -0.159621  0.600388  1.000000  
7.888616 -0.040983  0.039128  -0.002468  0.924576  0.379650  0.032027  -0.238446  0.511031  0.825828  0.297159  -0.771177  0.563013  0.034169  -0.149521  -0.036506  0.132782  -0.156966  0.615099  1.000000  
7.889834 -0.040940  0.038945  -0.002510  0.924235  0.380465  0.032172  -0.238967  0.510667  0.825902  0.297798  -0.771016  0.562895  0.034146  -0.149389  -0.035974  0.134041  -0.153177  0.625233  1.000000  
7.891082 -0.040897  0.038761  -0.002553  0.923983  0.381075  0.032220  -0.239308  0.510407  0.825964  0.298309  -0.770887  0.562801  0.034032  -0.149059  -0.035499  0.135424  -0.141018  0.626251  1.000000  
7.892082 -0.040863  0.038613  -0.002587  0.923719  0.381690  0.032512  -0.239848  0.510094  0.826001  0.298692  -0.770790  0.562731  0.033955  -0.148774  -0.035044  0.136469  -0.142481  0.628499  1.000000  
7.893332 -0.040821  0.038428  -0.002631  0.923426  0.382399  0.032488  -0.240178  0.509807  0.826082  0.299330  -0.770629  0.562613  0.033884  -0.148436  -0.034705  0.139959  -0.135571  0.633469  1.000000  
7.894582 -0.040778  0.038245  -0.002675  0.923123  0.383112  0.032707  -0.240708  0.509466  0.826138  0.299841  -0.770499  0.562518  0.033966  -0.148181  -0.034540  0.139019  -0.129167  0.635515  1.000000  
7.895839 -0.040736  0.038060  -0.002720  0.922868  0.383721  0.032755  -0.241047  0.509204  0.826200  0.300351  -0.770369  0.562423  0.034004  -0.147793  -0.034446  0.141288  -0.123755  0.631553  1.000000  
7.897083 -0.040693  0.037875  -0.002765  0.922563  0.384434  0.032974  -0.241577  0.508863  0.826256  0.300862  -0.770240  0.562328  0.034085  -0.147734  -0.034511  0.141536  -0.123688  0.631486  1.000000  
7.898090 -0.040658  0.037728  -0.002801  0.922308  0.385043  0.033024  -0.241916  0.508600  0.826319  0.301372  -0.770109  0.562233  0.034156  -0.147601  -0.034562  0.140904  -0.119293  0.632693  1.000000  
7.899091 -0.040622  0.037580  -0.002836  0.922091  0.385551  0.033146  -0.242265  0.508363  0.826363  0.301755  -0.770012  0.562162  0.034298  -0.147437  -0.034670  0.139062  -0.116536  0.625049  1.000000  
7.900338 -0.040576  0.037396  -0.002881  0.921796  0.386258  0.033122  -0.242593  0.508073  0.826445  0.302393  -0.769848  0.562043  0.034625  -0.147662  -0.034934  0.137296  -0.108481  0.624752  1.000000  
7.901586 -0.040529  0.037212  -0.002926  0.921539  0.386862  0.033219  -0.242931  0.507709  0.826569  0.302903  -0.769786  0.561854  0.034915  -0.147527  -0.035044  0.133444  -0.095206  0.620724  1.000000  
7.902833 -0.040482  0.037029  -0.002968  0.921193  0.387673  0.033366  -0.243448  0.507338  0.826645  0.303540  -0.769622  0.561734  0.035208  -0.147592  -0.035098  0.133698  -0.092479  0.624249  1.000000  
7.903863 -0.040444  0.036882  -0.003001  0.920896  0.388380  0.033343  -0.243776  0.507047  0.826727  0.304178  -0.769458  0.561615  0.035293  -0.147070  -0.034889  0.127664  -0.081733  0.626915  1.000000  
7.905090 -0.040397  0.036696  -0.003041  0.920548  0.389190  0.033490  -0.244292  0.506675  0.826802  0.304815  -0.769293  0.561494  0.035612  -0.147394  -0.034809  0.127997  -0.076438  0.634625  1.000000  
7.906096 -0.040358  0.036547  -0.003073  0.920290  0.389797  0.033540  -0.244629  0.506408  0.826866  0.305324  -0.769161  0.561398  0.035931  -0.147389  -0.034621  0.128175  -0.073721  0.638090  1.000000  
7.907342 -0.040310  0.036361  -0.003112  0.919952  0.390602  0.033445  -0.244945  0.506089  0.826968  0.306089  -0.768963  0.561254  0.036298  -0.147555  -0.034339  0.124316  -0.055051  0.641246  1.000000  
7.908590 -0.040262  0.036175  -0.003152  0.919603  0.391411  0.033593  -0.245460  0.505715  0.827044  0.306726  -0.768797  0.561133  0.036679  -0.147701  -0.034108  0.124550  -0.049696  0.648509  1.000000  
7.909590 -0.040224  0.036026  -0.003184  0.919343  0.392017  0.033644  -0.245796  0.505448  0.827108  0.307235  -0.768665  0.561036  0.036990  -0.147815  -0.033872  0.128861  -0.046970  0.652296  1.000000  
7.910840 -0.040175  0.035839  -0.003226  0.919003  0.392821  0.033549  -0.246111  0.505127  0.827210  0.307999  -0.768465  0.560890  0.037414  -0.148002  -0.033673  0.127039  -0.036258  0.655498  1.000000  
7.911845 -0.040135  0.035689  -0.003259  0.918793  0.393322  0.033430  -0.246257  0.504939  0.827281  0.308508  -0.768332  0.560793  0.037751  -0.148141  -0.033501  0.123032  -0.020254  0.654918  1.000000  
7.913091 -0.040084  0.035501  -0.003302  0.918492  0.394026  0.033408  -0.246582  0.504644  0.827364  0.309144  -0.768165  0.560671  0.038285  -0.148512  -0.033381  0.122248  -0.014777  0.656776  1.000000  
7.914348 -0.040033  0.035313  -0.003345  0.918150  0.394830  0.033314  -0.246896  0.504322  0.827467  0.309908  -0.767964  0.560525  0.038642  -0.148573  -0.033208  0.125527  -0.009446  0.658053  1.000000  
7.915592 -0.039980  0.035125  -0.003389  0.917848  0.395533  0.033293  -0.247220  0.504025  0.827551  0.310544  -0.767797  0.560402  0.039067  -0.148908  -0.033162  0.122749  -0.001400  0.652860  1.000000  
7.916841 -0.039927  0.034936  -0.003433  0.917545  0.396233  0.033320  -0.247543  0.503628  0.827696  0.311179  -0.767697  0.560187  0.039502  -0.149244  -0.033275  0.129052  0.001327  0.645422  1.000000  
7.918090 -0.039873  0.034747  -0.003477  0.917202  0.397035  0.033226  -0.247856  0.503304  0.827800  0.311942  -0.767495  0.560039  0.040030  -0.149763  -0.033414  0.127271  0.009315  0.645269  1.000000  
7.919091 -0.039829  0.034595  -0.003512  0.916939  0.397634  0.033326  -0.248190  0.502933  0.827925  0.312451  -0.767428  0.559848  0.040448  -0.149992  -0.033565  0.130415  0.012076  0.642535  1.000000  
7.920352 -0.039773  0.034404  -0.003555  0.916594  0.398436  0.033233  -0.248502  0.502608  0.828029  0.313213  -0.767225  0.559700  0.040976  -0.150239  -0.033770  0.130587  0.017431  0.649382  1.000000  
7.921582 -0.039717  0.034213  -0.003599  0.916249  0.399233  0.033189  -0.248813  0.502182  0.828194  0.313976  -0.767089  0.559458  0.041512  -0.150748  -0.034056  0.132887  0.028093  0.653196  1.000000  
7.922583 -0.039671  0.034060  -0.003634  0.915943  0.399935  0.033169  -0.249135  0.501883  0.828278  0.314611  -0.766919  0.559334  0.041975  -0.150970  -0.034310  0.133098  0.030799  0.656748  1.000000  
7.923835 -0.039614  0.033869  -0.003678  0.915596  0.400736  0.033077  -0.249446  0.501557  0.828383  0.315373  -0.766715  0.559185  0.042553  -0.151294  -0.034616  0.131201  0.041480  0.660031  1.000000  
7.925083 -0.039557  0.033677  -0.003722  0.915249  0.401536  0.032985  -0.249756  0.501230  0.828487  0.316134  -0.766510  0.559036  0.043216  -0.151690  -0.034817  0.131449  0.046847  0.667303  1.000000  
7.926083 -0.039511  0.033523  -0.003757  0.914942  0.402237  0.032965  -0.250077  0.500929  0.828572  0.316769  -0.766339  0.558911  0.043653  -0.151924  -0.034900  0.131639  0.052198  0.674532  1.000000  
7.927333 -0.039452  0.033332  -0.003800  0.914542  0.403139  0.033044  -0.250575  0.500518  0.828670  0.317530  -0.766133  0.558761  0.044234  -0.152182  -0.034961  0.131966  0.054945  0.678451  1.000000  
7.928583 -0.039393  0.033142  -0.003843  0.914192  0.403938  0.032953  -0.250884  0.500189  0.828775  0.318291  -0.765927  0.558611  0.044698  -0.152362  -0.034980  0.131061  0.062425  0.683478  1.000000  
7.929583 -0.039346  0.032991  -0.003879  0.913884  0.404638  0.032934  -0.251204  0.499887  0.828860  0.318925  -0.765755  0.558485  0.045125  -0.152397  -0.034997  0.131239  0.065094  0.686863  1.000000  
7.930833 -0.039287  0.032802  -0.003923  0.913533  0.405437  0.032843  -0.251512  0.499557  0.828966  0.319686  -0.765548  0.558334  0.045558  -0.152436  -0.034980  0.131500  0.067792  0.690425  1.000000  
7.931842 -0.039240  0.032651  -0.003958  0.913275  0.406033  0.032654  -0.251643  0.499338  0.829058  0.320320  -0.765375  0.558208  0.045850  -0.152372  -0.034969  0.126542  0.076315  0.695719  1.000000  
7.933090 -0.039180  0.032461  -0.004002  0.912912  0.406835  0.032806  -0.252150  0.498950  0.829137  0.320954  -0.765202  0.558082  0.046208  -0.152374  -0.035008  0.126818  0.076402  0.695905  1.000000  
7.934338 -0.039120  0.032272  -0.004047  0.912601  0.407534  0.032787  -0.252469  0.498646  0.829223  0.321587  -0.765028  0.557955  0.046578  -0.152314  -0.035120  0.125981  0.075820  0.689998  1.000000  
7.935342 -0.039071  0.032121  -0.004084  0.912342  0.408130  0.032598  -0.252599  0.498426  0.829316  0.322221  -0.764854  0.557828  0.046810  -0.152306  -0.035287  0.122922  0.087130  0.687955  1.000000  
7.936622 -0.039011  0.031932  -0.004131  0.911978  0.408930  0.032751  -0.253105  0.498037  0.829396  0.322854  -0.764680  0.557701  0.046940  -0.151633  -0.035373  0.125188  0.081796  0.691051  1.000000  
7.937857 -0.038950  0.031744  -0.004178  0.911623  0.409727  0.032661  -0.253411  0.497704  0.829502  0.323614  -0.764470  0.557548  0.047247  -0.151600  -0.035593  0.123338  0.087207  0.687431  1.000000  
7.938858 -0.038902  0.031592  -0.004215  0.911310  0.410420  0.032693  -0.253728  0.497298  0.829649  0.324247  -0.764363  0.557328  0.047406  -0.151463  -0.035741  0.127614  0.089868  0.691028  1.000000  
7.940088 -0.038841  0.031404  -0.004262  0.910955  0.411216  0.032604  -0.254033  0.496964  0.829755  0.325006  -0.764152  0.557174  0.047703  -0.151438  -0.035972  0.129041  0.089245  0.696797  1.000000  
7.941332 -0.038781  0.031216  -0.004307  0.910546  0.412114  0.032686  -0.254525  0.496545  0.829856  0.325765  -0.763941  0.557020  0.047895  -0.151221  -0.036108  0.129340  0.089337  0.696892  1.000000  
7.942583 -0.038720  0.031030  -0.004352  0.910189  0.412909  0.032597  -0.254830  0.496210  0.829963  0.326524  -0.763729  0.556866  0.048100  -0.150917  -0.036245  0.129584  0.092030  0.700419  1.000000  
7.943583 -0.038671  0.030883  -0.004388  0.909916  0.413506  0.032651  -0.255157  0.495929  0.830030  0.327030  -0.763588  0.556763  0.048148  -0.150580  -0.036305  0.131965  0.084194  0.700568  1.000000  
7.944583 -0.038623  0.030736  -0.004424  0.909600  0.414202  0.032635  -0.255473  0.495621  0.830117  0.327662  -0.763411  0.556634  0.048208  -0.150313  -0.036315  0.132191  0.086892  0.704231  1.000000  
7.945583 -0.038575  0.030590  -0.004460  0.909283  0.414902  0.032568  -0.255788  0.495413  0.830144  0.328294  -0.763166  0.556597  0.048293  -0.149960  -0.036420  0.130541  0.084361  0.711587  1.000000  
7.946585 -0.038527  0.030445  -0.004495  0.909009  0.415499  0.032623  -0.256114  0.495131  0.830211  0.328799  -0.763024  0.556494  0.048306  -0.149685  -0.036376  0.127761  0.082426  0.713830  1.000000  
7.947649 -0.038479  0.030300  -0.004530  0.908691  0.416194  0.032606  -0.256429  0.494821  0.830299  0.329431  -0.762846  0.556364  0.048089  -0.148501  -0.036266  0.127706  0.082303  0.712157  1.000000  
7.948838 -0.038421  0.030120  -0.004574  0.908373  0.416893  0.032540  -0.256743  0.494612  0.830327  0.330063  -0.762601  0.556326  0.048244  -0.148734  -0.036354  0.121247  0.079230  0.715152  1.000000  
7.949842 -0.038374  0.029977  -0.004608  0.908055  0.417587  0.032523  -0.257057  0.494301  0.830414  0.330694  -0.762422  0.556196  0.048064  -0.147885  -0.036125  0.121583  0.079359  0.715676  1.000000  
7.950843 -0.038328  0.029835  -0.004642  0.907831  0.418085  0.032357  -0.257195  0.494205  0.830429  0.331199  -0.762212  0.556184  0.048007  -0.147705  -0.036043  0.112309  0.079982  0.709608  1.000000  
7.951845 -0.038283  0.029693  -0.004676  0.907512  0.418779  0.032341  -0.257509  0.493893  0.830517  0.331830  -0.762032  0.556053  0.047787  -0.147007  -0.035749  0.112518  0.082687  0.713168  1.000000  
