1-Time 2-Px 3-Py 4-Pz 5-R11 6-R21 7-R31 8-R12 9-R22 10-R32 11-R13 12-R23 13-R33 14-Vx 15-Vy 16-Vz 17-Wx 18-Wy 19-Wz 20-state
61.021498 0.035908  -0.003618  0.006132  0.367878  0.757337  0.539543  -0.854844  0.047104  0.516743  0.365934  -0.651323  0.664733  -0.004892  -0.003215  -0.002788  0.000000  0.000000  0.000000  1.000000  
61.022664 0.035903  -0.003621  0.006130  0.367878  0.757402  0.539451  -0.854844  0.047166  0.516737  0.365934  -0.651243  0.664812  -0.005208  -0.003388  -0.002710  0.000000  0.000000  0.000000  1.000000  
61.023910 0.035879  -0.003634  0.006121  0.367721  0.757378  0.539593  -0.854965  0.047090  0.516544  0.365810  -0.651277  0.664847  -0.013229  -0.007267  -0.005133  0.000000  0.000000  0.000000  1.000000  
61.024911 0.035854  -0.003647  0.006111  0.367721  0.757443  0.539501  -0.854965  0.047153  0.516539  0.365810  -0.651196  0.664926  -0.016834  -0.008885  -0.006524  0.000000  0.000000  0.000000  1.000000  
61.026167 0.035830  -0.003656  0.006103  0.367721  0.757443  0.539501  -0.854965  0.047153  0.516539  0.365810  -0.651196  0.664926  -0.017305  -0.008400  -0.006550  0.000000  0.000000  0.000000  1.000000  
61.027412 0.035812  -0.003660  0.006099  0.367721  0.757508  0.539409  -0.854965  0.047216  0.516533  0.365810  -0.651116  0.665005  -0.016794  -0.007296  -0.005751  0.000000  0.000000  0.000000  1.000000  
61.028413 0.035794  -0.003661  0.006098  0.367721  0.757508  0.539409  -0.854965  0.047216  0.516533  0.365810  -0.651116  0.665005  -0.016992  -0.006431  -0.005113  0.000000  0.000000  0.000000  1.000000  
61.029418 0.035770  -0.003663  0.006094  0.367545  0.757584  0.539423  -0.855040  0.047122  0.516416  0.365810  -0.651035  0.665084  -0.017891  -0.005877  -0.004879  0.000000  0.000000  0.000000  1.000000  
61.030423 0.035743  -0.003665  0.006091  0.367565  0.757549  0.539458  -0.855085  0.047202  0.516334  0.365685  -0.651069  0.665119  -0.018827  -0.005347  -0.004753  0.000000  0.000000  0.000000  1.000000  
61.031663 0.035712  -0.003667  0.006084  0.367565  0.757549  0.539458  -0.855085  0.047202  0.516334  0.365685  -0.651069  0.665119  -0.019675  -0.004904  -0.004813  0.000000  0.000000  0.000000  1.000000  
61.032664 0.035690  -0.003668  0.006080  0.367545  0.757649  0.539331  -0.855040  0.047185  0.516411  0.365810  -0.650954  0.665163  -0.019877  -0.004563  -0.004782  0.000000  0.000000  0.000000  1.000000  
61.033913 0.035663  -0.003669  0.006074  0.367369  0.757659  0.539438  -0.855116  0.047029  0.516299  0.365810  -0.650954  0.665163  -0.020063  -0.004218  -0.004777  0.000000  0.000000  0.000000  1.000000  
61.034974 0.035638  -0.003671  0.006069  0.367369  0.757659  0.539438  -0.855116  0.047029  0.516299  0.365810  -0.650954  0.665163  -0.020337  -0.003984  -0.004771  0.000000  0.000000  0.000000  1.000000  
61.036161 0.035600  -0.003675  0.006063  0.367369  0.757659  0.539438  -0.855116  0.047029  0.516299  0.365810  -0.650954  0.665163  -0.021245  -0.003945  -0.004756  0.000000  0.000000  0.000000  1.000000  
61.037218 0.035565  -0.003684  0.006057  0.367369  0.757724  0.539346  -0.855116  0.047092  0.516294  0.365810  -0.650874  0.665242  -0.022992  -0.004358  -0.004929  0.000000  0.000000  0.000000  1.000000  
61.038411 0.035520  -0.003699  0.006048  0.367350  0.757758  0.539311  -0.855071  0.047012  0.516376  0.365934  -0.650839  0.665207  -0.024737  -0.004617  -0.005116  0.000000  0.000000  0.000000  1.000000  
61.039411 0.035483  -0.003712  0.006038  0.367369  0.757790  0.539254  -0.855116  0.047154  0.516288  0.365810  -0.650793  0.665321  -0.025553  -0.004680  -0.005142  0.000000  0.000000  0.000000  1.000000  
61.040467 0.035449  -0.003721  0.006028  0.367545  0.757780  0.539148  -0.855040  0.047310  0.516399  0.365810  -0.650793  0.665321  -0.026331  -0.004605  -0.005234  0.000000  0.000000  0.000000  1.000000  
61.041468 0.035415  -0.003726  0.006022  0.367741  0.757736  0.539076  -0.855009  0.047546  0.516428  0.365685  -0.650827  0.665356  -0.027561  -0.004631  -0.005303  0.000000  0.000000  0.000000  1.000000  
61.042662 0.035371  -0.003731  0.006018  0.367936  0.757626  0.539097  -0.854979  0.047720  0.516463  0.365560  -0.650942  0.665312  -0.029321  -0.004772  -0.005492  0.000000  0.000000  0.000000  1.000000  
61.043720 0.035336  -0.003733  0.006015  0.368131  0.757582  0.539026  -0.854948  0.047956  0.516492  0.365436  -0.650976  0.665347  -0.030157  -0.004766  -0.005419  0.000000  0.000000  0.000000  1.000000  
61.044921 0.035293  -0.003737  0.006008  0.368327  0.757537  0.538955  -0.854917  0.048192  0.516522  0.365311  -0.651011  0.665382  -0.030925  -0.004911  -0.005599  0.000000  0.000000  0.000000  1.000000  
61.046165 0.035253  -0.003740  0.005998  0.368874  0.757408  0.538763  -0.854734  0.048677  0.516779  0.365187  -0.651125  0.665338  -0.031404  -0.004967  -0.005902  0.000000  0.000000  0.000000  1.000000  
61.047175 0.035221  -0.003743  0.005989  0.369069  0.757363  0.538692  -0.854703  0.048913  0.516808  0.365062  -0.651160  0.665373  -0.032101  -0.005128  -0.006225  0.000000  0.000000  0.000000  1.000000  
61.048418 0.035180  -0.003746  0.005980  0.369636  0.757264  0.538443  -0.854565  0.049540  0.516977  0.364813  -0.651228  0.665442  -0.033055  -0.005214  -0.006369  0.000000  0.000000  0.000000  1.000000  
61.049661 0.035137  -0.003751  0.005974  0.370007  0.757143  0.538358  -0.854457  0.049869  0.517123  0.364689  -0.651343  0.665398  -0.033967  -0.005404  -0.006445  0.000000  0.000000  0.000000  1.000000  
61.050663 0.035100  -0.003757  0.005968  0.370554  0.757012  0.538165  -0.854273  0.050354  0.517380  0.364564  -0.651458  0.665354  -0.034434  -0.005581  -0.006524  0.000000  0.000000  0.000000  1.000000  
61.051912 0.035052  -0.003767  0.005959  0.371101  0.756946  0.537881  -0.854089  0.050902  0.517630  0.364439  -0.651492  0.665389  -0.034972  -0.005754  -0.006671  0.000000  0.000000  0.000000  1.000000  
61.052914 0.035014  -0.003777  0.005951  0.371629  0.756915  0.537561  -0.853860  0.051369  0.517963  0.364439  -0.651492  0.665389  -0.034867  -0.005449  -0.006649  0.000000  0.000000  0.000000  1.000000  
61.054162 0.034966  -0.003786  0.005942  0.372175  0.756848  0.537277  -0.853675  0.051917  0.518213  0.364315  -0.651526  0.665424  -0.035081  -0.005114  -0.006536  0.000000  0.000000  0.000000  1.000000  
61.055168 0.034927  -0.003792  0.005934  0.372722  0.756716  0.537084  -0.853489  0.052401  0.518469  0.364190  -0.651641  0.665380  -0.035462  -0.004805  -0.006423  -0.068181  0.079922  -0.165148  1.000000  
61.056464 0.034877  -0.003795  0.005927  0.373288  0.756548  0.536927  -0.853348  0.052965  0.518644  0.363941  -0.651789  0.665370  -0.035843  -0.004597  -0.006305  -0.067466  0.086880  -0.184945  1.000000  
61.057661 0.034829  -0.003796  0.005921  0.373854  0.756380  0.536770  -0.853207  0.053529  0.518819  0.363692  -0.651938  0.665361  -0.036125  -0.004337  -0.006476  -0.071068  0.094170  -0.205415  1.000000  
61.058934 0.034782  -0.003795  0.005911  0.374596  0.756201  0.536506  -0.852987  0.054249  0.519105  0.363442  -0.652087  0.665351  -0.036359  -0.004075  -0.006903  -0.075451  0.110223  -0.234579  1.000000  
61.059970 0.034743  -0.003794  0.005901  0.375142  0.756067  0.536313  -0.852800  0.054733  0.519361  0.363318  -0.652202  0.665307  -0.036608  -0.003798  -0.007140  -0.078796  0.123593  -0.248035  1.000000  
61.061161 0.034691  -0.003793  0.005885  0.375688  0.755998  0.536028  -0.852613  0.055280  0.519611  0.363193  -0.652236  0.665341  -0.037510  -0.003507  -0.007504  -0.085819  0.133103  -0.263400  1.000000  
61.062168 0.034646  -0.003793  0.005875  0.376254  0.755828  0.535870  -0.852470  0.055843  0.519785  0.362944  -0.652385  0.665332  -0.038324  -0.003301  -0.007584  -0.085882  0.138038  -0.288713  1.000000  
61.063172 0.034602  -0.003794  0.005868  0.376625  0.755705  0.535784  -0.852359  0.056171  0.519931  0.362819  -0.652499  0.665287  -0.039177  -0.003204  -0.007627  -0.089327  0.148345  -0.305598  1.000000  
61.064415 0.034546  -0.003795  0.005859  0.376995  0.755581  0.535697  -0.852248  0.056499  0.520077  0.362694  -0.652614  0.665243  -0.040015  -0.002981  -0.007819  -0.090464  0.154507  -0.318628  1.000000  
61.065416 0.034500  -0.003796  0.005850  0.377385  0.755422  0.535647  -0.852182  0.056907  0.520142  0.362445  -0.652763  0.665233  -0.040648  -0.002678  -0.007949  -0.090465  0.155562  -0.330804  1.000000  
61.066662 0.034438  -0.003801  0.005839  0.377931  0.755351  0.535362  -0.851993  0.057453  0.520391  0.362320  -0.652797  0.665267  -0.041620  -0.002271  -0.008172  -0.094862  0.167492  -0.351222  1.000000  
61.067915 0.034373  -0.003807  0.005825  0.378302  0.755227  0.535275  -0.851882  0.057781  0.520537  0.362196  -0.652911  0.665223  -0.042777  -0.001944  -0.008454  -0.095625  0.169761  -0.365978  1.000000  
61.068969 0.034323  -0.003811  0.005814  0.378672  0.755103  0.535188  -0.851770  0.058108  0.520684  0.362071  -0.653026  0.665178  -0.043399  -0.001706  -0.008641  -0.096372  0.178518  -0.374556  1.000000  
61.069996 0.034276  -0.003812  0.005804  0.379043  0.755044  0.535010  -0.851658  0.058499  0.520823  0.361946  -0.653060  0.665213  -0.043896  -0.001392  -0.008782  -0.094867  0.179947  -0.382626  1.000000  
61.071167 0.034219  -0.003809  0.005791  0.379413  0.754919  0.534924  -0.851546  0.058827  0.520969  0.361821  -0.653174  0.665168  -0.044803  -0.000940  -0.009264  -0.095244  0.187963  -0.389678  1.000000  
61.072411 0.034161  -0.003804  0.005778  0.379803  0.754759  0.534873  -0.851478  0.059234  0.521033  0.361572  -0.653323  0.665158  -0.045331  -0.000530  -0.009670  -0.097623  0.189251  -0.397223  1.000000  
61.073467 0.034113  -0.003801  0.005765  0.380193  0.754598  0.534823  -0.851410  0.059641  0.521098  0.361322  -0.653471  0.665148  -0.045843  -0.000374  -0.009957  -0.094148  0.187416  -0.403176  1.000000  
61.074713 0.034052  -0.003799  0.005748  0.380758  0.754425  0.534665  -0.851264  0.060204  0.521273  0.361073  -0.653620  0.665137  -0.046717  -0.000309  -0.010288  -0.094856  0.192962  -0.414857  1.000000  
61.075927 0.033991  -0.003799  0.005730  0.381323  0.754251  0.534507  -0.851116  0.060766  0.521448  0.360823  -0.653768  0.665127  -0.047344  -0.000398  -0.010498  -0.094876  0.190042  -0.418470  1.000000  
61.077164 0.033929  -0.003801  0.005713  0.382064  0.754064  0.534242  -0.850890  0.061483  0.521734  0.360574  -0.653916  0.665116  -0.047870  -0.000517  -0.010843  -0.097501  0.198909  -0.432146  1.000000  
61.078167 0.033877  -0.003802  0.005701  0.382629  0.753825  0.534175  -0.850742  0.061982  0.521916  0.360324  -0.654145  0.665027  -0.048382  -0.000583  -0.011132  -0.090014  0.200605  -0.435653  1.000000  
61.079172 0.033824  -0.003805  0.005688  0.383213  0.753614  0.534054  -0.850637  0.062624  0.522010  0.359950  -0.654328  0.665050  -0.048922  -0.000671  -0.011579  -0.092362  0.198705  -0.446378  1.000000  
61.080416 0.033760  -0.003809  0.005670  0.383973  0.753389  0.533825  -0.850453  0.063420  0.522214  0.359575  -0.654509  0.665074  -0.049348  -0.000776  -0.012069  -0.094773  0.196954  -0.457429  1.000000  
61.081418 0.033708  -0.003813  0.005656  0.384558  0.753112  0.533795  -0.850347  0.063998  0.522316  0.359201  -0.654772  0.665018  -0.049447  -0.000806  -0.012400  -0.089017  0.191897  -0.471411  1.000000  
61.082661 0.033645  -0.003820  0.005634  0.385317  0.752886  0.533567  -0.850161  0.064794  0.522520  0.358826  -0.654954  0.665041  -0.049391  -0.000921  -0.012935  -0.084843  0.185606  -0.477896  1.000000  
61.083663 0.033596  -0.003823  0.005617  0.386077  0.752659  0.533338  -0.849975  0.065590  0.522724  0.358451  -0.655135  0.665064  -0.049475  -0.000812  -0.013387  -0.083127  0.183744  -0.488749  1.000000  
61.084725 0.033548  -0.003824  0.005600  0.386836  0.752366  0.533200  -0.849788  0.066323  0.522936  0.358076  -0.655398  0.665008  -0.049402  -0.000811  -0.013862  -0.081239  0.181565  -0.498537  1.000000  
61.085911 0.033490  -0.003823  0.005580  0.387965  0.752074  0.532793  -0.849483  0.067508  0.523279  0.357577  -0.655613  0.665064  -0.049334  -0.000849  -0.014239  -0.086630  0.189335  -0.524287  1.000000  
61.086912 0.033445  -0.003821  0.005566  0.388919  0.751728  0.532585  -0.849257  0.068474  0.523520  0.357077  -0.655908  0.665042  -0.049320  -0.001059  -0.014538  -0.089673  0.196299  -0.543464  1.000000  
61.087913 0.033399  -0.003822  0.005551  0.390048  0.751432  0.532177  -0.848950  0.069658  0.523863  0.356577  -0.656123  0.665098  -0.049424  -0.001425  -0.014778  -0.097670  0.201898  -0.570985  1.000000  
61.089181 0.033339  -0.003825  0.005532  0.391196  0.751033  0.531898  -0.848684  0.070857  0.524133  0.355952  -0.656452  0.665108  -0.049165  -0.001823  -0.014923  -0.098258  0.201391  -0.589343  1.000000  
61.090411 0.033277  -0.003830  0.005511  0.392538  0.750644  0.531458  -0.848378  0.072354  0.524423  0.355201  -0.656733  0.665232  -0.049423  -0.002057  -0.015191  -0.107113  0.202072  -0.618816  1.000000  
61.091665 0.033213  -0.003835  0.005490  0.393860  0.750225  0.531071  -0.848027  0.073707  0.524802  0.354576  -0.657061  0.665241  -0.049333  -0.002314  -0.015355  -0.112719  0.210829  -0.646912  1.000000  
61.092667 0.033161  -0.003840  0.005474  0.395008  0.749883  0.530701  -0.847755  0.074969  0.525063  0.353950  -0.657309  0.665330  -0.049401  -0.002564  -0.015545  -0.120781  0.213370  -0.678357  1.000000  
61.093935 0.033094  -0.003847  0.005454  0.396524  0.749407  0.530244  -0.847360  0.076554  0.525472  0.353199  -0.657670  0.665373  -0.049498  -0.002851  -0.015817  -0.128676  0.223306  -0.713636  1.000000  
61.095166 0.033026  -0.003854  0.005433  0.398039  0.748926  0.529787  -0.846962  0.078139  0.525880  0.352448  -0.658030  0.665415  -0.049703  -0.003097  -0.016109  -0.139154  0.238049  -0.754321  1.000000  
61.096168 0.032973  -0.003859  0.005414  0.399340  0.748599  0.529271  -0.846558  0.079472  0.526330  0.351947  -0.658243  0.665469  -0.049860  -0.003144  -0.016335  -0.147166  0.251174  -0.786686  1.000000  
61.097178 0.032920  -0.003863  0.005394  0.400680  0.748193  0.528832  -0.846237  0.080965  0.526619  0.351196  -0.658523  0.665590  -0.050005  -0.003035  -0.016541  -0.159105  0.257943  -0.825254  1.000000  
61.098415 0.032852  -0.003867  0.005371  0.402388  0.747648  0.528304  -0.845790  0.082780  0.527055  0.350319  -0.658915  0.665663  -0.050452  -0.002986  -0.016643  -0.165722  0.266805  -0.873966  1.000000  
61.099664 0.032784  -0.003869  0.005350  0.404096  0.747100  0.527777  -0.845338  0.084594  0.527491  0.349441  -0.659307  0.665736  -0.051153  -0.002994  -0.016722  -0.179524  0.278726  -0.925505  1.000000  
61.100911 0.032717  -0.003870  0.005332  0.405803  0.746546  0.527250  -0.844883  0.086407  0.527927  0.348564  -0.659699  0.665808  -0.051530  -0.003146  -0.016581  -0.189232  0.289626  -0.966786  1.000000  
61.101912 0.032663  -0.003871  0.005316  0.406968  0.746081  0.527010  -0.844633  0.087678  0.528117  0.347811  -0.660057  0.665847  -0.052090  -0.003349  -0.016622  -0.196946  0.296578  -1.005348  1.000000  
61.102912 0.032608  -0.003873  0.005300  0.408286  0.745698  0.526533  -0.844255  0.089087  0.528486  0.347184  -0.660301  0.665932  -0.052728  -0.003413  -0.016692  -0.204630  0.309772  -1.037685  1.000000  
61.104161 0.032534  -0.003878  0.005279  0.409991  0.745134  0.526006  -0.843789  0.090896  0.528922  0.346305  -0.660692  0.666002  -0.053690  -0.003511  -0.016844  -0.214579  0.321305  -1.080850  1.000000  
61.105187 0.032474  -0.003883  0.005262  0.411308  0.744744  0.525529  -0.843405  0.092303  0.529290  0.345678  -0.660936  0.666086  -0.054360  -0.003600  -0.016846  -0.226515  0.335006  -1.114539  1.000000  
61.106412 0.032398  -0.003889  0.005242  0.413013  0.744172  0.525003  -0.842932  0.094110  0.529725  0.344799  -0.661325  0.666156  -0.055279  -0.003644  -0.016784  -0.239716  0.344598  -1.161418  1.000000  
61.107661 0.032321  -0.003895  0.005224  0.414737  0.743620  0.524426  -0.842496  0.096060  0.530069  0.343794  -0.661665  0.666337  -0.056007  -0.003655  -0.016661  -0.251524  0.350132  -1.198168  1.000000  
61.108667 0.032259  -0.003899  0.005208  0.416072  0.743182  0.523988  -0.842145  0.097544  0.530356  0.343040  -0.661941  0.666452  -0.056642  -0.003554  -0.016687  -0.260258  0.357450  -1.231620  1.000000  
61.109912 0.032180  -0.003904  0.005188  0.417948  0.742577  0.523353  -0.841574  0.099500  0.530899  0.342160  -0.662328  0.666519  -0.057334  -0.003390  -0.016657  -0.274220  0.373940  -1.266077  1.000000  
61.111168 0.032102  -0.003906  0.005168  0.419843  0.741991  0.522668  -0.841039  0.101598  0.531349  0.341154  -0.662667  0.666698  -0.058185  -0.003159  -0.016334  -0.287774  0.385573  -1.309293  1.000000  
61.112417 0.032023  -0.003908  0.005150  0.421584  0.741317  0.522222  -0.840626  0.103557  0.531624  0.340022  -0.663118  0.666828  -0.058977  -0.003009  -0.015932  -0.298754  0.391600  -1.354466  1.000000  
61.113665 0.031945  -0.003910  0.005133  0.423671  0.740594  0.521558  -0.840034  0.105820  0.532114  0.338889  -0.663568  0.666957  -0.059643  -0.002828  -0.015523  -0.312150  0.403613  -1.398109  1.000000  
61.114914 0.031867  -0.003909  0.005116  0.425777  0.739888  0.520846  -0.839476  0.108224  0.532511  0.337630  -0.663968  0.667197  -0.060331  -0.002711  -0.015424  -0.323224  0.408059  -1.441467  1.000000  
61.116161 0.031790  -0.003910  0.005099  0.427536  0.739156  0.520443  -0.839087  0.110258  0.532706  0.336370  -0.664448  0.667356  -0.060974  -0.002664  -0.015294  -0.329016  0.403039  -1.473692  1.000000  
61.117163 0.031726  -0.003912  0.005084  0.429102  0.738483  0.520110  -0.838742  0.112058  0.532874  0.335236  -0.664895  0.667481  -0.061617  -0.002709  -0.015238  -0.330763  0.399460  -1.499140  1.000000  
61.118411 0.031645  -0.003917  0.005064  0.431205  0.737694  0.519489  -0.838166  0.114392  0.533284  0.333975  -0.665373  0.667637  -0.062270  -0.002811  -0.015235  -0.339170  0.404407  -1.538125  1.000000  
61.119412 0.031580  -0.003922  0.005048  0.432921  0.737091  0.518918  -0.837683  0.116327  0.533625  0.332966  -0.665706  0.667809  -0.062687  -0.002802  -0.015102  -0.349554  0.412918  -1.568804  1.000000  
61.120662 0.031498  -0.003929  0.005030  0.435043  0.736248  0.518340  -0.837134  0.118736  0.533955  0.331578  -0.666214  0.667994  -0.063103  -0.002859  -0.014911  -0.355514  0.413577  -1.604120  1.000000  
61.121921 0.031416  -0.003934  0.005013  0.437163  0.735398  0.517764  -0.836579  0.121142  0.534285  0.330189  -0.666720  0.668177  -0.063452  -0.002814  -0.014767  -0.359312  0.413361  -1.641574  1.000000  
61.123163 0.031334  -0.003940  0.004997  0.439130  0.734523  0.517340  -0.836145  0.123474  0.534430  0.328673  -0.667255  0.668389  -0.063796  -0.002864  -0.014573  -0.364127  0.406870  -1.668899  1.000000  
61.124411 0.031253  -0.003944  0.004982  0.441096  0.733642  0.516917  -0.835705  0.125804  0.534575  0.327156  -0.667790  0.668600  -0.063939  -0.002841  -0.014310  -0.363007  0.397775  -1.697407  1.000000  
61.125411 0.031188  -0.003948  0.004968  0.442849  0.732926  0.516434  -0.835272  0.127888  0.534757  0.325891  -0.668179  0.668828  -0.064085  -0.002887  -0.014118  -0.370261  0.391802  -1.722800  1.000000  
61.126661 0.031107  -0.003952  0.004952  0.445349  0.731909  0.515727  -0.834583  0.130745  0.535142  0.324247  -0.668741  0.669066  -0.064322  -0.002981  -0.013913  -0.379939  0.393330  -1.768018  1.000000  
61.127911 0.031026  -0.003955  0.004937  0.447675  0.730908  0.515131  -0.833976  0.133448  0.535421  0.322601  -0.669301  0.669301  -0.064471  -0.003020  -0.013719  -0.384809  0.388972  -1.800982  1.000000  
61.128914 0.030960  -0.003957  0.004924  0.449596  0.730145  0.514541  -0.833432  0.135676  0.535709  0.321334  -0.669687  0.669525  -0.064743  -0.003205  -0.013687  -0.392706  0.388099  -1.830826  1.000000  
61.130165 0.030877  -0.003960  0.004908  0.452262  0.729070  0.513728  -0.832622  0.138674  0.536199  0.319686  -0.670244  0.669756  -0.065003  -0.003421  -0.013677  -0.402700  0.393483  -1.875846  1.000000  
61.131171 0.030810  -0.003964  0.004895  0.454392  0.728113  0.513205  -0.832045  0.141139  0.536452  0.318165  -0.670769  0.669956  -0.065300  -0.003676  -0.013587  -0.405178  0.392896  -1.910327  1.000000  
61.132414 0.030723  -0.003971  0.004878  0.457095  0.726930  0.512481  -0.831290  0.144287  0.536785  0.316261  -0.671382  0.670243  -0.065820  -0.003942  -0.013462  -0.414369  0.391635  -1.959845  1.000000  
61.133663 0.030635  -0.003981  0.004860  0.459795  0.725735  0.511759  -0.830523  0.147430  0.537118  0.314357  -0.671992  0.670527  -0.066253  -0.004180  -0.013299  -0.425743  0.391703  -2.016580  1.000000  
61.134912 0.030546  -0.003990  0.004844  0.462835  0.724464  0.510819  -0.829553  0.150868  0.537662  0.312451  -0.672600  0.670808  -0.066759  -0.004357  -0.013084  -0.436282  0.399042  -2.073265  1.000000  
61.136162 0.030456  -0.004000  0.004829  0.465721  0.723165  0.510036  -0.828701  0.154229  0.538022  0.310416  -0.673235  0.671115  -0.067233  -0.004581  -0.012986  -0.446050  0.399815  -2.131960  1.000000  
61.137175 0.030385  -0.004007  0.004816  0.468032  0.722082  0.509455  -0.828017  0.156904  0.538302  0.308762  -0.673780  0.671332  -0.067646  -0.004818  -0.012943  -0.450788  0.401419  -2.176812  1.000000  
61.138411 0.030295  -0.004016  0.004800  0.470933  0.720712  0.508720  -0.827176  0.160335  0.538584  0.306598  -0.674438  0.671663  -0.068267  -0.005078  -0.012907  -0.455942  0.399963  -2.224125  1.000000  
61.139411 0.030224  -0.004022  0.004787  0.473239  0.719607  0.508144  -0.826471  0.163003  0.538865  0.304942  -0.674978  0.671874  -0.068713  -0.005231  -0.012937  -0.463966  0.399262  -2.276160  1.000000  
61.140412 0.030150  -0.004029  0.004772  0.475734  0.718414  0.507502  -0.825695  0.165893  0.539172  0.303158  -0.675545  0.672112  -0.069247  -0.005447  -0.013083  -0.465167  0.400598  -2.318434  1.000000  
61.141412 0.030078  -0.004035  0.004756  0.478036  0.717290  0.506929  -0.824973  0.168554  0.539453  0.301500  -0.676081  0.672319  -0.069723  -0.005607  -0.013286  -0.471108  0.398825  -2.365184  1.000000  
61.142415 0.030005  -0.004041  0.004742  0.480546  0.716030  0.506337  -0.824211  0.171514  0.539684  0.299585  -0.676672  0.672580  -0.070309  -0.005895  -0.013431  -0.477789  0.401557  -2.412665  1.000000  
61.143664 0.029912  -0.004049  0.004725  0.483622  0.714512  0.505551  -0.823244  0.175147  0.539994  0.297287  -0.677345  0.672923  -0.071009  -0.006173  -0.013528  -0.485117  0.397662  -2.464790  1.000000  
61.144939 0.029817  -0.004058  0.004709  0.486775  0.712793  0.504952  -0.822396  0.179085  0.539994  0.294475  -0.678126  0.673372  -0.071751  -0.006605  -0.013465  -0.490674  0.384537  -2.529947  1.000000  
61.146165 0.029720  -0.004068  0.004692  0.489863  0.711194  0.504220  -0.821428  0.182782  0.540228  0.292045  -0.678818  0.673732  -0.072679  -0.006891  -0.013531  -0.502237  0.390340  -2.593642  1.000000  
61.147168 0.029641  -0.004076  0.004678  0.492360  0.709879  0.503641  -0.820615  0.185722  0.540461  0.290125  -0.679397  0.673979  -0.073305  -0.007075  -0.013504  -0.505542  0.395788  -2.636363  1.000000  
61.148170 0.029561  -0.004085  0.004665  0.495023  0.708574  0.502866  -0.819689  0.188869  0.540775  0.288203  -0.679890  0.674305  -0.073978  -0.007191  -0.013453  -0.517076  0.398097  -2.682468  1.000000  
61.149411 0.029460  -0.004096  0.004649  0.498268  0.706949  0.501948  -0.818575  0.192759  0.541090  0.285768  -0.680490  0.674737  -0.074749  -0.007299  -0.013421  -0.526034  0.398500  -2.733411  1.000000  
61.150413 0.029381  -0.004104  0.004636  0.500548  0.705731  0.501394  -0.817764  0.195384  0.541375  0.284101  -0.681006  0.674920  -0.075339  -0.007316  -0.013449  -0.528967  0.401633  -2.767924  1.000000  
61.151663 0.029281  -0.004114  0.004619  0.503468  0.704107  0.500753  -0.816859  0.199048  0.541407  0.281534  -0.681625  0.675371  -0.076028  -0.007379  -0.013594  -0.537030  0.393441  -2.816980  1.000000  
61.152911 0.029181  -0.004122  0.004602  0.506512  0.702460  0.499996  -0.815770  0.202630  0.541720  0.279222  -0.682269  0.675680  -0.076649  -0.007341  -0.013683  -0.540890  0.403455  -2.855909  1.000000  
61.153911 0.029102  -0.004129  0.004587  0.509029  0.700972  0.499528  -0.814948  0.205695  0.541802  0.277038  -0.682882  0.675960  -0.077236  -0.007356  -0.013747  -0.547212  0.406738  -2.910699  1.000000  
61.155161 0.029004  -0.004138  0.004569  0.511955  0.699190  0.499034  -0.814028  0.209352  0.541785  0.274337  -0.683597  0.676339  -0.077738  -0.007375  -0.013747  -0.550363  0.398805  -2.959073  1.000000  
61.156411 0.028904  -0.004147  0.004553  0.515044  0.697347  0.498433  -0.812985  0.213146  0.541871  0.271634  -0.684307  0.676712  -0.078316  -0.007519  -0.013584  -0.551162  0.389427  -2.999621  1.000000  
61.157661 0.028804  -0.004157  0.004536  0.518128  0.695426  0.497922  -0.811924  0.216866  0.541986  0.268928  -0.685093  0.676997  -0.078942  -0.007706  -0.013505  -0.549842  0.384958  -3.044827  1.000000  
61.158663 0.028723  -0.004166  0.004524  0.520461  0.693925  0.497582  -0.811154  0.219764  0.541971  0.266737  -0.685691  0.677259  -0.079215  -0.007789  -0.013368  -0.547490  0.375022  -3.075025  1.000000  
61.159914 0.028621  -0.004177  0.004510  0.523554  0.691981  0.497044  -0.810092  0.223612  0.541986  0.263899  -0.686411  0.677641  -0.079867  -0.007995  -0.013255  -0.543843  0.356589  -3.116657  1.000000  
61.161161 0.028519  -0.004190  0.004495  0.526622  0.690008  0.496547  -0.808981  0.227310  0.542107  0.261188  -0.687182  0.677910  -0.080098  -0.008140  -0.013123  -0.540009  0.350882  -3.144190  1.000000  
61.162165 0.028436  -0.004200  0.004483  0.528943  0.688467  0.496218  -0.808172  0.230191  0.542097  0.258991  -0.687768  0.678158  -0.080375  -0.008301  -0.013038  -0.535040  0.339858  -3.167516  1.000000  
61.163166 0.028353  -0.004211  0.004471  0.531279  0.686865  0.495942  -0.807382  0.233144  0.542013  0.256664  -0.688375  0.678427  -0.080552  -0.008368  -0.012924  -0.527899  0.327164  -3.191796  1.000000  
61.164414 0.028249  -0.004223  0.004457  0.534038  0.684900  0.495697  -0.806502  0.236758  0.541756  0.253689  -0.689099  0.678811  -0.080781  -0.008455  -0.012788  -0.521776  0.301352  -3.211240  1.000000  
61.165664 0.028145  -0.004232  0.004444  0.537122  0.682820  0.495235  -0.805384  0.240646  0.541706  0.250711  -0.689816  0.679189  -0.081048  -0.008435  -0.012562  -0.517296  0.279463  -3.237765  1.000000  
61.166910 0.028043  -0.004241  0.004433  0.540052  0.680718  0.494941  -0.804386  0.244462  0.541481  0.247601  -0.690551  0.679582  -0.081268  -0.008406  -0.012199  -0.512760  0.258808  -3.261436  1.000000  
61.167911 0.027961  -0.004249  0.004424  0.542554  0.678958  0.494622  -0.803457  0.247607  0.541431  0.245137  -0.691163  0.679854  -0.081456  -0.008434  -0.011804  -0.509341  0.246567  -3.286019  1.000000  
61.168911 0.027877  -0.004256  0.004416  0.544867  0.677350  0.494285  -0.802600  0.250596  0.541327  0.242802  -0.691664  0.680182  -0.081680  -0.008435  -0.011395  -0.503999  0.235504  -3.299611  1.000000  
61.170160 0.027774  -0.004264  0.004406  0.547945  0.675147  0.493896  -0.801441  0.254528  0.541210  0.239685  -0.692382  0.680558  -0.081990  -0.008426  -0.010875  -0.501401  0.212791  -3.326348  1.000000  
61.171162 0.027690  -0.004271  0.004399  0.550249  0.673511  0.493568  -0.800558  0.257505  0.541108  0.237347  -0.692874  0.680876  -0.082264  -0.008404  -0.010383  -0.498187  0.198965  -3.344433  1.000000  
61.172411 0.027584  -0.004282  0.004392  0.553185  0.671221  0.493406  -0.799529  0.261435  0.540745  0.233966  -0.693624  0.681282  -0.082660  -0.008450  -0.009800  -0.491004  0.174452  -3.362553  1.000000  
61.173661 0.027478  -0.004292  0.004384  0.556424  0.668915  0.492895  -0.798226  0.265621  0.540630  0.230712  -0.694261  0.681743  -0.083061  -0.008451  -0.009345  -0.489683  0.159253  -3.390611  1.000000  
61.174911 0.027369  -0.004305  0.004375  0.559508  0.666528  0.492636  -0.797041  0.269669  0.540375  0.227326  -0.694995  0.682132  -0.083546  -0.008541  -0.008992  -0.482087  0.149236  -3.407767  1.000000  
61.175912 0.027280  -0.004315  0.004368  0.561824  0.664728  0.492433  -0.796150  0.272770  0.540131  0.224719  -0.695510  0.682472  -0.083965  -0.008537  -0.008582  -0.478092  0.130474  -3.417158  1.000000  
61.176913 0.027191  -0.004326  0.004362  0.564135  0.662915  0.492235  -0.795247  0.275864  0.539889  0.222111  -0.696019  0.682806  -0.084355  -0.008531  -0.008257  -0.470470  0.111615  -3.429273  1.000000  
61.178164 0.027080  -0.004337  0.004354  0.567017  0.660587  0.492053  -0.794102  0.279674  0.539615  0.218848  -0.696711  0.683154  -0.084890  -0.008442  -0.007851  -0.459737  0.085600  -3.440881  1.000000  
61.179166 0.026990  -0.004346  0.004348  0.569316  0.658747  0.491865  -0.793171  0.282755  0.539378  0.216236  -0.697210  0.683477  -0.085376  -0.008391  -0.007424  -0.448216  0.060891  -3.449379  1.000000  
61.180416 0.026875  -0.004356  0.004342  0.572396  0.656222  0.491666  -0.791943  0.286976  0.538954  0.212577  -0.697866  0.683954  -0.086075  -0.008411  -0.006904  -0.446563  0.032971  -3.490407  1.000000  
61.181664 0.026761  -0.004365  0.004336  0.575450  0.653729  0.491422  -0.790669  0.291110  0.538607  0.209046  -0.698493  0.684403  -0.086871  -0.008393  -0.006525  -0.444752  0.014551  -3.522303  1.000000  
61.182932 0.026645  -0.004373  0.004332  0.578494  0.651275  0.491107  -0.789373  0.295298  0.538228  0.205512  -0.699028  0.684927  -0.087656  -0.008353  -0.006059  -0.444992  -0.008868  -3.547133  1.000000  
61.184161 0.026527  -0.004381  0.004328  0.581544  0.648743  0.490856  -0.788077  0.299549  0.537777  0.201844  -0.699573  0.685461  -0.088798  -0.008300  -0.005750  -0.445338  -0.029072  -3.573703  1.000000  
61.185162 0.026432  -0.004387  0.004325  0.583987  0.646767  0.490563  -0.786970  0.302863  0.537542  0.199091  -0.699976  0.685855  -0.089555  -0.008190  -0.005427  -0.447129  -0.040140  -3.587336  1.000000  
61.186411 0.026311  -0.004394  0.004321  0.587148  0.644245  0.490107  -0.785472  0.307076  0.537344  0.195681  -0.700466  0.686335  -0.090658  -0.008047  -0.005167  -0.448418  -0.042695  -3.610975  1.000000  
61.187411 0.026213  -0.004400  0.004318  0.589608  0.642125  0.489937  -0.784375  0.310523  0.536965  0.192662  -0.700893  0.686754  -0.091519  -0.007910  -0.004875  -0.452173  -0.061843  -3.634781  1.000000  
61.188412 0.026115  -0.004407  0.004317  0.592044  0.640107  0.489640  -0.783243  0.313952  0.536623  0.189773  -0.701212  0.687233  -0.092404  -0.007774  -0.004584  -0.456997  -0.069409  -3.653160  1.000000  
61.189661 0.025989  -0.004416  0.004313  0.594725  0.637668  0.489573  -0.782094  0.317952  0.535943  0.186093  -0.701631  0.687811  -0.093515  -0.007473  -0.004212  -0.461619  -0.095856  -3.663960  1.000000  
61.190911 0.025863  -0.004423  0.004311  0.597718  0.635078  0.489295  -0.780679  0.322204  0.535467  0.182411  -0.702040  0.688379  -0.094472  -0.007163  -0.003811  -0.468228  -0.118650  -3.691579  1.000000  
61.192164 0.025736  -0.004430  0.004310  0.600539  0.632534  0.489137  -0.779365  0.326312  0.534893  0.178726  -0.702440  0.688938  -0.095636  -0.006737  -0.003330  -0.473506  -0.136262  -3.711223  1.000000  
61.193411 0.025608  -0.004435  0.004308  0.603480  0.630016  0.488765  -0.777869  0.330390  0.534567  0.175302  -0.702796  0.689454  -0.096622  -0.006389  -0.002945  -0.479055  -0.142468  -3.729856  1.000000  
61.194412 0.025504  -0.004440  0.004307  0.605874  0.627857  0.488581  -0.776655  0.333707  0.534272  0.172404  -0.703161  0.689813  -0.097529  -0.006069  -0.002606  -0.483186  -0.140736  -3.750021  1.000000  
61.195414 0.025400  -0.004443  0.004306  0.608116  0.625754  0.488494  -0.775570  0.337025  0.533766  0.169371  -0.703453  0.690266  -0.098396  -0.005797  -0.002428  -0.485751  -0.159789  -3.763442  1.000000  
61.196415 0.025295  -0.004447  0.004303  0.610336  0.623697  0.488357  -0.774453  0.340261  0.533333  0.166470  -0.703722  0.690698  -0.099379  -0.005530  -0.002224  -0.490994  -0.167936  -3.773707  1.000000  
61.197666 0.025163  -0.004451  0.004301  0.613280  0.620994  0.488113  -0.772939  0.344583  0.532755  0.162642  -0.704010  0.691316  -0.100572  -0.005261  -0.002130  -0.498313  -0.182331  -3.790952  1.000000  
61.198915 0.025030  -0.004454  0.004298  0.616199  0.618327  0.487822  -0.771385  0.348817  0.532252  0.158945  -0.704272  0.691909  -0.101411  -0.004933  -0.001974  -0.503296  -0.192193  -3.812975  1.000000  
61.200161 0.024896  -0.004456  0.004295  0.619105  0.615639  0.487542  -0.769810  0.353037  0.531749  0.155245  -0.704524  0.692492  -0.102406  -0.004650  -0.001991  -0.510974  -0.206701  -3.830554  1.000000  
61.201162 0.024787  -0.004459  0.004294  0.621290  0.613638  0.487285  -0.768630  0.356364  0.531237  0.152336  -0.704594  0.693066  -0.103278  -0.004398  -0.001832  -0.520264  -0.215606  -3.840844  1.000000  
61.202411 0.024650  -0.004461  0.004293  0.624029  0.610986  0.487118  -0.767161  0.360571  0.530521  0.148500  -0.704758  0.693732  -0.104282  -0.004041  -0.001734  -0.529983  -0.228838  -3.847165  1.000000  
61.203411 0.024541  -0.004463  0.004292  0.626208  0.608898  0.486936  -0.765967  0.363952  0.529937  0.145456  -0.704828  0.694306  -0.104929  -0.003721  -0.001616  -0.537722  -0.242622  -3.853296  1.000000  
61.204662 0.024402  -0.004465  0.004291  0.628925  0.606269  0.486715  -0.764460  0.368200  0.529179  0.141616  -0.704887  0.695038  -0.105895  -0.003242  -0.001504  -0.551563  -0.256133  -3.859297  1.000000  
61.205911 0.024263  -0.004465  0.004291  0.631628  0.603621  0.486506  -0.762931  0.372434  0.528421  0.137774  -0.704936  0.695761  -0.106689  -0.002826  -0.001365  -0.562725  -0.267296  -3.871196  1.000000  
61.206911 0.024151  -0.004465  0.004291  0.633924  0.601530  0.486109  -0.761547  0.375900  0.527964  0.134858  -0.704884  0.696385  -0.107451  -0.002412  -0.001274  -0.577053  -0.268510  -3.883178  1.000000  
61.208162 0.024011  -0.004464  0.004292  0.636448  0.598924  0.486029  -0.760112  0.379985  0.527107  0.131013  -0.704912  0.697090  -0.108227  -0.001913  -0.001090  -0.590945  -0.285141  -3.892370  1.000000  
61.209412 0.023870  -0.004462  0.004293  0.639282  0.596139  0.485733  -0.758407  0.384439  0.526332  0.127032  -0.704858  0.697881  -0.108912  -0.001489  -0.000929  -0.606861  -0.292573  -3.910795  1.000000  
61.210415 0.023756  -0.004460  0.004294  0.641403  0.594021  0.485532  -0.757120  0.387821  0.525703  0.123979  -0.704793  0.698495  -0.109654  -0.001081  -0.000776  -0.618259  -0.300298  -3.910089  1.000000  
61.211683 0.023612  -0.004457  0.004295  0.644045  0.591341  0.485306  -0.755496  0.392054  0.524899  0.120128  -0.704706  0.699256  -0.110419  -0.000613  -0.000485  -0.631146  -0.313994  -3.904477  1.000000  
61.212918 0.023466  -0.004455  0.004297  0.646829  0.588559  0.484985  -0.753719  0.396393  0.524195  0.116275  -0.704607  0.700007  -0.111378  -0.000190  -0.000193  -0.642896  -0.317665  -3.921883  1.000000  
61.214165 0.023320  -0.004454  0.004299  0.649434  0.585901  0.484723  -0.752042  0.400525  0.523462  0.112553  -0.704486  0.700736  -0.112263  0.000042  0.000056  -0.653481  -0.323829  -3.918107  1.000000  
61.215172 0.023200  -0.004453  0.004301  0.651369  0.583745  0.484728  -0.750839  0.403813  0.522662  0.109362  -0.704398  0.701329  -0.112995  0.000297  0.000362  -0.659891  -0.343062  -3.917974  1.000000  
61.216412 0.023050  -0.004452  0.004303  0.653813  0.581013  0.484718  -0.749283  0.407941  0.521689  0.105371  -0.704278  0.702061  -0.114088  0.000537  0.000679  -0.667740  -0.367387  -3.915171  1.000000  
61.217413 0.022929  -0.004451  0.004306  0.655873  0.578809  0.484572  -0.747906  0.411258  0.521060  0.102310  -0.704164  0.702628  -0.114865  0.000719  0.000942  -0.671275  -0.372630  -3.911090  1.000000  
61.218662 0.022777  -0.004449  0.004309  0.658446  0.576019  0.484408  -0.746179  0.415542  0.520137  0.098317  -0.703937  0.703425  -0.115804  0.001016  0.001205  -0.685288  -0.387448  -3.917018  1.000000  
61.219912 0.022625  -0.004446  0.004311  0.661004  0.573209  0.484258  -0.744431  0.419810  0.519213  0.094321  -0.703698  0.704210  -0.116704  0.001297  0.001413  -0.697038  -0.389608  -3.929311  1.000000  
61.221162 0.022472  -0.004442  0.004315  0.663530  0.570564  0.483926  -0.742645  0.423985  0.518378  0.090591  -0.703345  0.705053  -0.117595  0.001581  0.001621  -0.711185  -0.395457  -3.925083  1.000000  
61.222412 0.022319  -0.004437  0.004319  0.665898  0.567868  0.483845  -0.740985  0.428034  0.517425  0.086726  -0.703074  0.705808  -0.118559  0.001862  0.001854  -0.721351  -0.407448  -3.927482  1.000000  
61.223662 0.022166  -0.004432  0.004323  0.668251  0.565213  0.483709  -0.739307  0.432132  0.516418  0.082860  -0.702707  0.706638  -0.119394  0.002102  0.002062  -0.734900  -0.427760  -3.928094  1.000000  
61.224912 0.022010  -0.004428  0.004329  0.670598  0.562478  0.483650  -0.737618  0.436284  0.515341  0.078859  -0.702335  0.707465  -0.120235  0.002226  0.002352  -0.745872  -0.442857  -3.926451  1.000000  
61.226162 0.021854  -0.004423  0.004334  0.673232  0.559545  0.483392  -0.735632  0.440652  0.514462  0.074857  -0.701951  0.708280  -0.121108  0.002371  0.002611  -0.760796  -0.445005  -3.934927  1.000000  
61.227165 0.021727  -0.004419  0.004340  0.675049  0.557377  0.483363  -0.734272  0.443820  0.513681  0.071788  -0.701680  0.708866  -0.121825  0.002490  0.002923  -0.767718  -0.455438  -3.925591  1.000000  
61.228165 0.021600  -0.004415  0.004346  0.676850  0.555321  0.483210  -0.732893  0.446972  0.512917  0.068852  -0.701310  0.709524  -0.122596  0.002653  0.003251  -0.778816  -0.457754  -3.917081  1.000000  
61.229168 0.021471  -0.004412  0.004352  0.678505  0.553161  0.483368  -0.731657  0.450076  0.511967  0.065648  -0.701031  0.710103  -0.123280  0.002775  0.003567  -0.780889  -0.476505  -3.905369  1.000000  
61.230417 0.021309  -0.004408  0.004359  0.680623  0.550574  0.483343  -0.730013  0.453910  0.510927  0.061909  -0.700595  0.710868  -0.124150  0.002968  0.003911  -0.790133  -0.495758  -3.894588  1.000000  
61.231419 0.021179  -0.004406  0.004365  0.682396  0.548428  0.483282  -0.728600  0.456971  0.510216  0.058971  -0.700289  0.711420  -0.124707  0.003113  0.004065  -0.790300  -0.498784  -3.886749  1.000000  
61.232664 0.021017  -0.004402  0.004371  0.684501  0.545687  0.483410  -0.726937  0.460916  0.509037  0.054964  -0.699845  0.712177  -0.125484  0.003249  0.004332  -0.795798  -0.513412  -3.880900  1.000000  
61.233944 0.020854  -0.004398  0.004379  0.686590  0.542930  0.483550  -0.725257  0.464846  0.507858  0.050955  -0.699389  0.712923  -0.125952  0.003367  0.004696  -0.797220  -0.531318  -3.876829  1.000000  
61.235164 0.020693  -0.004391  0.004385  0.688804  0.540251  0.483403  -0.723408  0.468799  0.506861  0.047213  -0.698825  0.713732  -0.126819  0.003563  0.004916  -0.804040  -0.535359  -3.870048  1.000000  
61.236412 0.020531  -0.004384  0.004393  0.690859  0.537530  0.483503  -0.721689  0.472632  0.505751  0.043337  -0.698342  0.714451  -0.127498  0.003772  0.005181  -0.801831  -0.547355  -3.860762  1.000000  
61.237662 0.020369  -0.004378  0.004400  0.692896  0.534918  0.483485  -0.719950  0.476444  0.504652  0.039594  -0.697757  0.715240  -0.128110  0.003869  0.005420  -0.808135  -0.559356  -3.851178  1.000000  
61.238912 0.020206  -0.004372  0.004406  0.694919  0.532234  0.483545  -0.718194  0.480180  0.503611  0.035850  -0.697248  0.715933  -0.128831  0.003921  0.005504  -0.805538  -0.569852  -3.830427  1.000000  
61.240162 0.020044  -0.004368  0.004413  0.696930  0.529530  0.483619  -0.716426  0.484030  0.502443  0.031972  -0.696644  0.716704  -0.129283  0.003942  0.005610  -0.807767  -0.582147  -3.821091  1.000000  
