1-Time 2-Px 3-Py 4-Pz 5-R11 6-R21 7-R31 8-R12 9-R22 10-R32 11-R13 12-R23 13-R33 14-Vx 15-Vy 16-Vz 17-Wx 18-Wy 19-Wz 20-state
122.893603 0.023607  -0.003684  0.017892  0.513760  0.856835  0.043413  -0.645870  0.352966  0.676954  0.564714  -0.375831  0.734744  -0.000244  -0.000774  -0.000324  0.000000  0.000000  0.000000  1.000000  
122.894778 0.023603  -0.003685  0.017890  0.513760  0.856845  0.043205  -0.645870  0.353130  0.676868  0.564714  -0.375653  0.734835  -0.003570  -0.000698  -0.001778  0.000000  0.000000  0.000000  1.000000  
122.895787 0.023590  -0.003691  0.017878  0.513760  0.856856  0.042997  -0.645870  0.353295  0.676783  0.564714  -0.375475  0.734926  -0.008313  -0.003283  -0.007064  0.000000  0.000000  0.000000  1.000000  
122.896809 0.023572  -0.003698  0.017860  0.513760  0.856866  0.042789  -0.645870  0.353459  0.676697  0.564714  -0.375296  0.735017  -0.011412  -0.004633  -0.010399  0.000000  0.000000  0.000000  1.000000  
122.898032 0.023555  -0.003705  0.017845  0.513760  0.856882  0.042478  -0.645870  0.353705  0.676568  0.564714  -0.375029  0.735154  -0.012312  -0.004835  -0.011029  0.000000  0.000000  0.000000  1.000000  
122.899036 0.023544  -0.003707  0.017838  0.513760  0.856897  0.042166  -0.645870  0.353951  0.676439  0.564714  -0.374761  0.735290  -0.012001  -0.004285  -0.010226  0.000000  0.000000  0.000000  1.000000  
122.900040 0.023534  -0.003707  0.017833  0.513760  0.856907  0.041958  -0.645870  0.354115  0.676354  0.564714  -0.374583  0.735381  -0.011731  -0.003649  -0.009440  0.000000  0.000000  0.000000  1.000000  
122.901040 0.023518  -0.003708  0.017825  0.513760  0.856917  0.041750  -0.645870  0.354279  0.676268  0.564714  -0.374405  0.735472  -0.012224  -0.003239  -0.009185  0.000000  0.000000  0.000000  1.000000  
122.902062 0.023499  -0.003707  0.017816  0.513760  0.856932  0.041438  -0.645870  0.354525  0.676139  0.564714  -0.374137  0.735608  -0.013082  -0.002799  -0.009149  0.000000  0.000000  0.000000  1.000000  
122.903278 0.023473  -0.003707  0.017803  0.513713  0.856979  0.041065  -0.645811  0.354732  0.676087  0.564825  -0.373835  0.735677  -0.014110  -0.002438  -0.009302  0.000000  0.000000  0.000000  1.000000  
122.904281 0.023455  -0.003707  0.017794  0.513713  0.856993  0.040753  -0.645811  0.354978  0.675958  0.564825  -0.373567  0.735813  -0.014438  -0.002163  -0.009342  0.000000  0.000000  0.000000  1.000000  
122.905288 0.023440  -0.003706  0.017785  0.513533  0.857112  0.040519  -0.645858  0.355009  0.675897  0.564935  -0.373265  0.735881  -0.014517  -0.001934  -0.009291  0.000000  0.000000  0.000000  1.000000  
122.906525 0.023420  -0.003706  0.017771  0.513486  0.857163  0.040042  -0.645798  0.355298  0.675802  0.565046  -0.372874  0.735995  -0.014676  -0.001697  -0.009475  0.000000  0.000000  0.000000  1.000000  
122.907526 0.023400  -0.003707  0.017756  0.513486  0.857182  0.039626  -0.645798  0.355625  0.675629  0.565046  -0.372517  0.736176  -0.015091  -0.001647  -0.009903  0.000000  0.000000  0.000000  1.000000  
122.908537 0.023375  -0.003709  0.017737  0.513439  0.857228  0.039253  -0.645739  0.355832  0.675577  0.565156  -0.372215  0.736244  -0.015706  -0.001692  -0.010465  0.000000  0.000000  0.000000  1.000000  
122.909782 0.023342  -0.003715  0.017711  0.513259  0.857356  0.038811  -0.645786  0.356027  0.675430  0.565266  -0.371734  0.736402  -0.017482  -0.001999  -0.011969  0.000000  0.000000  0.000000  1.000000  
122.911032 0.023308  -0.003725  0.017685  0.513259  0.857379  0.038291  -0.645786  0.356436  0.675214  0.565266  -0.371288  0.736627  -0.018523  -0.002039  -0.012484  0.000000  0.000000  0.000000  1.000000  
122.912035 0.023282  -0.003731  0.017668  0.513259  0.857398  0.037875  -0.645786  0.356764  0.675041  0.565266  -0.370930  0.736807  -0.019177  -0.002047  -0.012613  0.000000  0.000000  0.000000  1.000000  
122.913286 0.023251  -0.003736  0.017652  0.513392  0.857347  0.037216  -0.645680  0.357350  0.674832  0.565266  -0.370483  0.737032  -0.020204  -0.002010  -0.012826  0.000000  0.000000  0.000000  1.000000  
122.914297 0.023224  -0.003736  0.017640  0.513439  0.857329  0.036965  -0.645739  0.357634  0.674625  0.565156  -0.370249  0.737234  -0.021367  -0.001988  -0.013264  -0.355124  0.019533  0.019187  1.000000  
122.915533 0.023188  -0.003737  0.017622  0.513486  0.857316  0.036611  -0.645798  0.358000  0.674374  0.565046  -0.369925  0.737482  -0.022557  -0.001994  -0.013828  -0.357263  0.012938  0.015312  1.000000  
122.916533 0.023161  -0.003739  0.017603  0.513353  0.857403  0.036438  -0.645904  0.358069  0.674236  0.565046  -0.369657  0.737616  -0.023267  -0.002113  -0.014602  -0.352434  0.008997  0.021300  1.000000  
122.917783 0.023129  -0.003743  0.017575  0.513353  0.857417  0.036126  -0.645904  0.358314  0.674106  0.565046  -0.369388  0.737751  -0.023588  -0.002364  -0.015545  -0.349242  0.008532  0.020189  1.000000  
122.918784 0.023105  -0.003746  0.017552  0.513533  0.857321  0.035840  -0.645858  0.358693  0.673949  0.564935  -0.369243  0.737908  -0.024029  -0.002703  -0.016564  -0.349612  0.006485  0.010898  1.000000  
122.919793 0.023081  -0.003751  0.017529  0.513533  0.857334  0.035528  -0.645858  0.358938  0.673819  0.564935  -0.368975  0.738042  -0.024611  -0.003028  -0.017506  -0.350040  0.006235  0.010474  1.000000  
122.921030 0.023047  -0.003756  0.017501  0.513533  0.857342  0.035320  -0.645858  0.359101  0.673732  0.564935  -0.368795  0.738132  -0.025577  -0.003365  -0.018467  -0.343052  0.005953  0.009998  1.000000  
122.922035 0.023018  -0.003761  0.017479  0.513447  0.857399  0.035208  -0.646022  0.359209  0.673516  0.564825  -0.368561  0.738333  -0.026228  -0.003692  -0.019018  -0.339616  -0.001198  0.012873  1.000000  
122.923282 0.022980  -0.003768  0.017451  0.513494  0.857381  0.034958  -0.646082  0.359492  0.673308  0.564714  -0.368326  0.738535  -0.026830  -0.004031  -0.019401  -0.337597  -0.005195  0.010284  1.000000  
122.924286 0.022949  -0.003775  0.017432  0.513541  0.857363  0.034707  -0.646141  0.359776  0.673100  0.564604  -0.368091  0.738737  -0.027074  -0.004177  -0.019236  -0.342747  -0.009160  0.008168  1.000000  
122.925532 0.022912  -0.003782  0.017412  0.513588  0.857349  0.034353  -0.646200  0.360141  0.672848  0.564493  -0.367766  0.738983  -0.027283  -0.004099  -0.018889  -0.346964  -0.013177  0.006151  1.000000  
122.926532 0.022882  -0.003788  0.017399  0.513768  0.857256  0.033964  -0.646153  0.360601  0.672646  0.564383  -0.367530  0.739184  -0.027538  -0.003960  -0.018478  -0.355246  -0.014634  -0.000972  1.000000  
122.927788 0.022843  -0.003792  0.017384  0.513815  0.857242  0.033610  -0.646212  0.360965  0.672394  0.564273  -0.367205  0.739430  -0.028055  -0.003881  -0.018336  -0.360047  -0.018483  -0.002963  1.000000  
122.929032 0.022803  -0.003795  0.017365  0.513909  0.857197  0.033317  -0.646330  0.361369  0.672064  0.564052  -0.366914  0.739743  -0.028558  -0.003988  -0.018650  -0.360090  -0.026458  -0.006961  1.000000  
122.930034 0.022773  -0.003797  0.017347  0.514003  0.857148  0.033128  -0.646449  0.361690  0.671777  0.563831  -0.366711  0.740012  -0.028673  -0.004007  -0.018880  -0.364137  -0.034433  -0.010959  1.000000  
122.931047 0.022745  -0.003798  0.017325  0.514230  0.857025  0.032801  -0.646461  0.362187  0.671497  0.563610  -0.366509  0.740281  -0.028613  -0.004002  -0.019144  -0.370786  -0.040168  -0.020164  1.000000  
122.932282 0.022710  -0.003798  0.017298  0.514371  0.856941  0.032779  -0.646638  0.362465  0.671177  0.563278  -0.366430  0.740572  -0.028775  -0.003809  -0.019205  -0.366943  -0.052260  -0.026214  1.000000  
122.933287 0.022681  -0.003800  0.017277  0.514598  0.856813  0.032556  -0.646650  0.362881  0.670940  0.563057  -0.366317  0.740796  -0.029108  -0.003678  -0.019037  -0.366793  -0.061773  -0.037355  1.000000  
122.934534 0.022641  -0.003806  0.017253  0.514872  0.856655  0.032395  -0.646721  0.363336  0.670626  0.562725  -0.366237  0.741088  -0.029850  -0.003731  -0.018743  -0.363574  -0.070697  -0.048088  1.000000  
122.935788 0.022597  -0.003814  0.017230  0.515059  0.856537  0.032538  -0.646956  0.363570  0.670272  0.562283  -0.366281  0.741402  -0.030515  -0.003942  -0.018399  -0.354037  -0.088817  -0.063611  1.000000  
122.937033 0.022553  -0.003822  0.017208  0.515333  0.856374  0.032482  -0.647027  0.363943  0.670002  0.561951  -0.366291  0.741649  -0.031008  -0.004122  -0.018101  -0.345768  -0.102382  -0.076752  1.000000  
122.938037 0.022519  -0.003829  0.017190  0.515607  0.856208  0.032530  -0.647097  0.364234  0.669775  0.561619  -0.366391  0.741851  -0.031235  -0.004099  -0.017716  -0.337383  -0.115910  -0.089876  1.000000  
122.939282 0.022475  -0.003837  0.017165  0.515927  0.856014  0.032535  -0.647226  0.364645  0.669427  0.561176  -0.366434  0.742165  -0.031651  -0.004157  -0.017818  -0.328994  -0.130996  -0.110149  1.000000  
122.940284 0.022438  -0.003846  0.017144  0.516334  0.855772  0.032446  -0.647189  0.365112  0.669208  0.560843  -0.366533  0.742367  -0.032156  -0.004303  -0.018185  -0.320545  -0.138018  -0.126410  1.000000  
122.941284 0.022402  -0.003854  0.017122  0.516655  0.855579  0.032452  -0.647317  0.365523  0.668860  0.560400  -0.366576  0.742680  -0.032549  -0.004474  -0.018784  -0.312103  -0.151558  -0.139487  1.000000  
122.942534 0.022358  -0.003862  0.017091  0.517155  0.855279  0.032383  -0.647397  0.366148  0.668440  0.559846  -0.366652  0.743061  -0.032856  -0.004748  -0.019914  -0.299658  -0.169173  -0.154586  1.000000  
122.943534 0.022326  -0.003866  0.017065  0.517608  0.855006  0.032356  -0.647418  0.366653  0.668143  0.559402  -0.366784  0.743329  -0.032838  -0.004822  -0.020724  -0.291114  -0.176182  -0.170817  1.000000  
122.944782 0.022287  -0.003867  0.017031  0.518289  0.854603  0.032109  -0.647449  0.367573  0.667608  0.558737  -0.366802  0.743821  -0.032888  -0.004726  -0.021361  -0.296209  -0.191145  -0.196539  1.000000  
122.946032 0.022247  -0.003870  0.016998  0.518969  0.854195  0.031967  -0.647478  0.368412  0.667116  0.558071  -0.366910  0.744267  -0.033248  -0.004811  -0.021810  -0.303497  -0.201037  -0.226786  1.000000  
122.947033 0.022214  -0.003873  0.016976  0.519469  0.853894  0.031900  -0.647556  0.369036  0.666696  0.557516  -0.366985  0.744646  -0.033649  -0.005058  -0.021844  -0.301527  -0.217813  -0.248903  1.000000  
122.948036 0.022179  -0.003879  0.016955  0.520102  0.853516  0.031697  -0.647525  0.369835  0.666283  0.556960  -0.367060  0.745025  -0.034060  -0.005341  -0.021803  -0.309039  -0.226307  -0.272282  1.000000  
122.949285 0.022133  -0.003889  0.016931  0.520829  0.853072  0.031723  -0.647610  0.370630  0.665758  0.556182  -0.367290  0.745493  -0.034393  -0.005616  -0.021777  -0.304478  -0.249421  -0.296524  1.000000  
122.950285 0.022096  -0.003897  0.016911  0.521508  0.852661  0.031584  -0.647636  0.371468  0.665266  0.555515  -0.367397  0.745938  -0.034561  -0.005713  -0.021936  -0.311998  -0.266009  -0.323941  1.000000  
122.951288 0.022058  -0.003905  0.016887  0.522188  0.852247  0.031549  -0.647661  0.372224  0.664819  0.554847  -0.367594  0.746338  -0.034798  -0.005818  -0.022339  -0.315157  -0.275976  -0.354450  1.000000  
122.952537 0.022011  -0.003915  0.016854  0.523094  0.851693  0.031503  -0.647692  0.373232  0.664223  0.553956  -0.367856  0.746870  -0.035019  -0.005946  -0.023061  -0.318288  -0.298036  -0.390974  1.000000  
122.953787 0.021966  -0.003925  0.016817  0.524000  0.851133  0.031563  -0.647722  0.374159  0.663673  0.553065  -0.368208  0.747357  -0.035094  -0.006046  -0.023866  -0.317327  -0.312047  -0.423603  1.000000  
122.955028 0.021920  -0.003936  0.016779  0.525039  0.850496  0.031486  -0.647642  0.375261  0.663129  0.552173  -0.368560  0.747843  -0.035119  -0.006230  -0.024671  -0.317617  -0.328871  -0.461563  1.000000  
122.956277 0.021875  -0.003948  0.016739  0.525944  0.849938  0.031445  -0.647668  0.376267  0.662533  0.551280  -0.368821  0.748372  -0.035147  -0.006270  -0.025530  -0.316582  -0.342808  -0.493891  1.000000  
122.957533 0.021830  -0.003955  0.016697  0.527076  0.849234  0.031498  -0.647697  0.377444  0.661834  0.550163  -0.369238  0.748989  -0.035268  -0.006203  -0.026232  -0.309997  -0.371846  -0.536662  1.000000  
122.958776 0.021786  -0.003960  0.016657  0.528207  0.848529  0.031554  -0.647724  0.378621  0.661135  0.549045  -0.369654  0.749603  -0.035495  -0.006278  -0.026727  -0.310089  -0.388083  -0.573677  1.000000  
122.959784 0.021751  -0.003964  0.016628  0.529291  0.847857  0.031445  -0.647692  0.379839  0.660468  0.548038  -0.369946  0.750196  -0.035732  -0.006536  -0.026908  -0.316732  -0.403392  -0.613066  1.000000  
122.961027 0.021706  -0.003972  0.016591  0.530468  0.847117  0.031567  -0.647770  0.381053  0.659691  0.546807  -0.370394  0.750874  -0.036046  -0.006846  -0.027159  -0.311648  -0.429569  -0.651880  1.000000  
122.962027 0.021667  -0.003981  0.016562  0.531552  0.846441  0.031462  -0.647732  0.382270  0.659024  0.545798  -0.370685  0.751463  -0.036464  -0.007178  -0.027611  -0.322105  -0.440664  -0.689118  1.000000  
122.963027 0.021628  -0.003989  0.016531  0.532502  0.845842  0.031494  -0.647801  0.383312  0.658350  0.544789  -0.370975  0.752052  -0.036771  -0.007354  -0.028275  -0.325122  -0.461071  -0.718467  1.000000  
122.964294 0.021578  -0.004000  0.016491  0.533858  0.844993  0.031347  -0.647817  0.384896  0.657410  0.543442  -0.371270  0.752881  -0.036957  -0.007435  -0.029491  -0.342286  -0.488214  -0.768036  1.000000  
122.965531 0.021530  -0.004010  0.016449  0.535259  0.844106  0.031369  -0.647885  0.386438  0.656438  0.541981  -0.371688  0.753728  -0.037079  -0.007445  -0.030412  -0.357763  -0.509035  -0.812733  1.000000  
122.966545 0.021492  -0.004018  0.016414  0.536387  0.843390  0.031337  -0.647892  0.387690  0.655693  0.540856  -0.372008  0.754377  -0.037099  -0.007449  -0.031201  -0.371354  -0.531007  -0.854054  1.000000  
122.967789 0.021444  -0.004028  0.016372  0.537833  0.842465  0.031430  -0.648007  0.389268  0.654643  0.539279  -0.372456  0.755285  -0.037170  -0.007372  -0.031680  -0.389881  -0.558531  -0.900511  1.000000  
122.969032 0.021395  -0.004036  0.016332  0.539232  0.841573  0.031360  -0.648062  0.390885  0.653623  0.537814  -0.372778  0.756170  -0.037428  -0.007219  -0.031887  -0.408292  -0.582006  -0.944729  1.000000  
122.970034 0.021355  -0.004042  0.016301  0.540452  0.840787  0.031465  -0.648169  0.392211  0.652722  0.536459  -0.373160  0.756943  -0.037707  -0.007020  -0.031889  -0.419419  -0.606854  -0.977520  1.000000  
122.971285 0.021306  -0.004049  0.016264  0.541941  0.839821  0.031634  -0.648326  0.393825  0.651594  0.534764  -0.373635  0.757908  -0.037926  -0.006789  -0.031585  -0.429293  -0.640253  -1.019496  1.000000  
122.972534 0.021258  -0.004053  0.016229  0.543563  0.838770  0.031673  -0.648366  0.395610  0.650473  0.533067  -0.374109  0.758869  -0.038123  -0.006587  -0.031230  -0.443286  -0.667588  -1.065844  1.000000  
122.973782 0.021210  -0.004058  0.016191  0.545097  0.837765  0.031915  -0.648566  0.397259  0.649267  0.531255  -0.374612  0.759891  -0.038472  -0.006581  -0.031116  -0.453550  -0.697357  -1.107297  1.000000  
122.974784 0.021170  -0.004062  0.016159  0.546450  0.836871  0.032230  -0.648819  0.398696  0.648132  0.529554  -0.375083  0.760845  -0.038797  -0.006510  -0.031226  -0.459693  -0.733929  -1.145059  1.000000  
122.975789 0.021128  -0.004067  0.016125  0.547802  0.835975  0.032548  -0.649067  0.400133  0.646998  0.527850  -0.375552  0.761797  -0.039149  -0.006426  -0.031556  -0.462144  -0.768837  -1.175742  1.000000  
122.977032 0.021075  -0.004075  0.016082  0.549602  0.834784  0.032767  -0.649299  0.402145  0.645516  0.525689  -0.376052  0.763044  -0.039472  -0.006261  -0.032014  -0.475869  -0.805700  -1.220300  1.000000  
122.978032 0.021033  -0.004082  0.016045  0.551085  0.833798  0.032961  -0.649422  0.403752  0.644387  0.523981  -0.376518  0.763989  -0.039644  -0.006148  -0.032363  -0.482003  -0.837897  -1.256162  1.000000  
122.979032 0.020991  -0.004089  0.016009  0.552479  0.832863  0.033257  -0.649708  0.405302  0.643125  0.522156  -0.376920  0.765039  -0.039865  -0.006050  -0.032653  -0.492333  -0.872545  -1.286822  1.000000  
122.980033 0.020949  -0.004095  0.015974  0.554050  0.831810  0.033491  -0.649927  0.407062  0.641791  0.520215  -0.377351  0.766148  -0.040006  -0.005881  -0.032754  -0.502280  -0.908794  -1.324773  1.000000  
122.981050 0.020908  -0.004101  0.015939  0.555529  0.830814  0.033698  -0.650035  0.408665  0.640662  0.518500  -0.377811  0.767083  -0.040188  -0.005758  -0.032767  -0.516178  -0.940085  -1.367389  1.000000  
122.982284 0.020857  -0.004107  0.015897  0.557411  0.829537  0.034078  -0.650337  0.410746  0.639022  0.516095  -0.378360  0.768433  -0.040476  -0.005517  -0.032717  -0.530039  -0.984869  -1.410446  1.000000  
122.983287 0.020816  -0.004111  0.015867  0.558933  0.828505  0.034261  -0.650484  0.412462  0.637765  0.514261  -0.378754  0.769468  -0.040559  -0.005343  -0.032583  -0.547987  -1.016980  -1.446572  1.000000  
122.984534 0.020766  -0.004117  0.015830  0.560900  0.827148  0.034889  -0.650874  0.414540  0.636019  0.511619  -0.379451  0.770884  -0.040683  -0.005149  -0.032413  -0.553525  -1.071684  -1.487695  1.000000  
122.985783 0.020716  -0.004122  0.015794  0.562999  0.825704  0.035294  -0.651137  0.416862  0.634229  0.508972  -0.380051  0.772340  -0.040719  -0.005042  -0.032331  -0.574548  -1.121270  -1.539483  1.000000  
122.987032 0.020666  -0.004127  0.015756  0.565004  0.824306  0.035906  -0.651557  0.419052  0.632353  0.506206  -0.380677  0.773848  -0.040772  -0.005032  -0.032452  -0.588028  -1.172043  -1.579040  1.000000  
122.988036 0.020625  -0.004130  0.015724  0.566651  0.823153  0.036417  -0.651827  0.420800  0.630911  0.504012  -0.381244  0.775000  -0.040940  -0.005041  -0.032691  -0.593693  -1.214677  -1.614120  1.000000  
122.989282 0.020572  -0.004136  0.015681  0.568739  0.821678  0.037182  -0.652328  0.423063  0.628877  0.501004  -0.381921  0.776615  -0.041134  -0.005050  -0.032923  -0.603294  -1.272106  -1.650656  1.000000  
122.990533 0.020518  -0.004143  0.015639  0.571091  0.820021  0.037698  -0.652580  0.425662  0.626858  0.497990  -0.382594  0.778221  -0.041388  -0.005143  -0.032980  -0.623611  -1.321491  -1.702795  1.000000  
122.991789 0.020462  -0.004152  0.015597  0.573304  0.818444  0.038354  -0.652937  0.428089  0.624831  0.494970  -0.383261  0.779817  -0.041531  -0.005216  -0.032844  -0.632380  -1.371941  -1.742128  1.000000  
122.993032 0.020406  -0.004160  0.015557  0.575735  0.816709  0.038932  -0.653260  0.430834  0.622602  0.491712  -0.383887  0.781569  -0.041772  -0.005167  -0.032561  -0.648839  -1.428390  -1.791362  1.000000  
122.994034 0.020360  -0.004166  0.015526  0.577675  0.815304  0.039629  -0.653560  0.432896  0.620854  0.489030  -0.384552  0.782924  -0.042098  -0.005107  -0.032206  -0.653797  -1.477454  -1.837276  1.000000  
122.995034 0.020314  -0.004172  0.015495  0.579612  0.813899  0.040235  -0.653850  0.435032  0.619053  0.486343  -0.385118  0.784318  -0.042373  -0.005092  -0.031843  -0.662642  -1.523830  -1.874395  1.000000  
122.996282 0.020256  -0.004179  0.015456  0.582164  0.812046  0.040818  -0.654012  0.437860  0.616885  0.483066  -0.385823  0.785994  -0.042804  -0.005110  -0.031633  -0.678344  -1.573715  -1.927506  1.000000  
122.997285 0.020210  -0.004185  0.015425  0.584093  0.810628  0.041442  -0.654278  0.439991  0.615084  0.480370  -0.386381  0.787372  -0.043131  -0.005197  -0.031465  -0.686826  -1.615658  -1.962301  1.000000  
122.998541 0.020154  -0.004192  0.015385  0.586502  0.808849  0.042175  -0.654531  0.442646  0.612907  0.477080  -0.387076  0.789029  -0.043464  -0.005323  -0.031650  -0.694286  -1.663368  -2.007091  1.000000  
122.999791 0.020097  -0.004200  0.015343  0.589166  0.806866  0.043007  -0.654787  0.445579  0.610502  0.473431  -0.387848  0.790846  -0.043968  -0.005553  -0.031998  -0.709119  -1.720642  -2.063799  1.000000  
123.001037 0.020038  -0.004209  0.015300  0.591824  0.804873  0.043854  -0.655024  0.448508  0.608099  0.469773  -0.388613  0.792649  -0.044545  -0.005798  -0.032492  -0.723889  -1.774231  -2.119096  1.000000  
123.002285 0.019979  -0.004219  0.015255  0.594434  0.802904  0.044645  -0.655196  0.451394  0.605774  0.466226  -0.389344  0.794383  -0.045166  -0.006076  -0.032937  -0.734991  -1.826107  -2.166672  1.000000  
123.003535 0.019917  -0.004231  0.015212  0.597079  0.800884  0.045619  -0.655394  0.454241  0.603426  0.462553  -0.390191  0.796113  -0.045828  -0.006530  -0.032961  -0.745136  -1.875002  -2.219708  1.000000  
123.004780 0.019852  -0.004243  0.015173  0.599675  0.798895  0.046439  -0.655529  0.457119  0.601103  0.458990  -0.390908  0.797821  -0.046602  -0.006957  -0.032769  -0.756641  -1.905915  -2.259670  1.000000  
123.005780 0.019798  -0.004254  0.015143  0.601830  0.797226  0.047230  -0.655712  0.459509  0.599077  0.455897  -0.391512  0.799298  -0.047248  -0.007297  -0.032540  -0.767682  -1.941637  -2.299292  1.000000  
123.007027 0.019730  -0.004266  0.015106  0.604631  0.795058  0.048003  -0.655777  0.462692  0.596551  0.452082  -0.392172  0.801138  -0.048070  -0.007551  -0.032206  -0.780955  -1.982268  -2.347820  1.000000  
123.008028 0.019675  -0.004277  0.015077  0.606815  0.793338  0.048891  -0.655975  0.465114  0.594446  0.448857  -0.392791  0.802648  -0.048750  -0.007796  -0.032012  -0.788182  -2.024200  -2.383698  1.000000  
123.009277 0.019606  -0.004288  0.015039  0.609453  0.791228  0.050254  -0.656382  0.468004  0.591721  0.444667  -0.393613  0.804575  -0.049488  -0.008002  -0.031988  -0.790233  -2.078098  -2.426016  1.000000  
123.010277 0.019550  -0.004297  0.015008  0.611624  0.789492  0.051167  -0.656549  0.470419  0.589618  0.441428  -0.394218  0.806060  -0.050179  -0.008228  -0.031999  -0.793233  -2.116289  -2.460054  1.000000  
123.011529 0.019480  -0.004308  0.014967  0.614395  0.787283  0.052001  -0.656536  0.473582  0.587095  0.437583  -0.394849  0.807846  -0.051030  -0.008512  -0.032101  -0.805925  -2.152962  -2.506958  1.000000  
123.012777 0.019408  -0.004318  0.014926  0.617142  0.785051  0.053196  -0.656756  0.476693  0.584325  0.433367  -0.395548  0.809775  -0.052064  -0.008753  -0.032327  -0.818983  -2.200361  -2.553090  1.000000  
123.013777 0.019351  -0.004328  0.014892  0.619293  0.783291  0.054147  -0.656874  0.479096  0.582223  0.430109  -0.396134  0.811224  -0.052822  -0.008981  -0.032412  -0.821642  -2.234638  -2.585431  1.000000  
123.014789 0.019292  -0.004338  0.014857  0.621612  0.781394  0.054969  -0.656891  0.481766  0.579996  0.426723  -0.396641  0.812762  -0.053631  -0.009159  -0.032406  -0.834094  -2.266465  -2.628508  1.000000  
123.015790 0.019232  -0.004349  0.014824  0.623751  0.779626  0.055848  -0.656980  0.484233  0.577837  0.423453  -0.397117  0.814239  -0.054620  -0.009450  -0.032243  -0.844388  -2.292396  -2.656696  1.000000  
123.017039 0.019156  -0.004363  0.014784  0.626598  0.777256  0.056985  -0.656993  0.487484  0.575082  0.419206  -0.397784  0.816109  -0.055767  -0.009786  -0.031956  -0.856190  -2.326168  -2.703740  1.000000  
123.018290 0.019077  -0.004378  0.014745  0.629416  0.774872  0.058392  -0.657233  0.490754  0.572019  0.414585  -0.398415  0.818159  -0.056912  -0.009983  -0.031620  -0.864627  -2.372156  -2.742240  1.000000  
123.019534 0.018997  -0.004393  0.014708  0.632144  0.772543  0.059762  -0.657367  0.493871  0.569175  0.410197  -0.399086  0.820042  -0.057917  -0.010187  -0.031491  -0.872416  -2.407771  -2.783004  1.000000  
123.020537 0.018933  -0.004405  0.014678  0.634364  0.770637  0.060831  -0.657505  0.496503  0.566721  0.406533  -0.399504  0.821661  -0.058652  -0.010243  -0.031510  -0.878619  -2.440543  -2.807505  1.000000  
123.021545 0.018868  -0.004416  0.014646  0.636539  0.768754  0.061931  -0.657588  0.499023  0.564406  0.402985  -0.399991  0.823171  -0.059293  -0.010282  -0.031640  -0.885005  -2.469344  -2.830713  1.000000  
123.022777 0.018786  -0.004430  0.014605  0.639237  0.766412  0.063163  -0.657660  0.502260  0.561443  0.398572  -0.400435  0.825102  -0.060186  -0.010368  -0.031965  -0.893713  -2.497466  -2.854143  1.000000  
123.023783 0.018721  -0.004439  0.014571  0.641603  0.764342  0.064237  -0.657652  0.505072  0.558923  0.394764  -0.400852  0.826728  -0.060855  -0.010379  -0.032191  -0.903258  -2.525486  -2.883599  1.000000  
123.025027 0.018638  -0.004449  0.014529  0.644487  0.761793  0.065639  -0.657623  0.508462  0.555877  0.390088  -0.401421  0.828669  -0.061694  -0.010266  -0.032422  -0.910076  -2.553730  -2.913838  1.000000  
123.026027 0.018572  -0.004456  0.014497  0.646698  0.759818  0.066767  -0.657709  0.511172  0.553283  0.386265  -0.401720  0.830313  -0.062472  -0.010186  -0.032452  -0.916715  -2.585357  -2.930884  1.000000  
123.027278 0.018487  -0.004466  0.014458  0.649422  0.757361  0.068229  -0.657765  0.514457  0.550163  0.381571  -0.402167  0.832265  -0.063452  -0.010127  -0.032272  -0.925202  -2.622334  -2.958212  1.000000  
123.028531 0.018401  -0.004475  0.014421  0.652168  0.754863  0.069700  -0.657832  0.517839  0.546901  0.376742  -0.402522  0.834291  -0.064277  -0.009960  -0.031975  -0.937623  -2.663690  -2.987562  1.000000  
123.029780 0.018313  -0.004484  0.014384  0.654899  0.752356  0.071192  -0.657872  0.521212  0.543638  0.371903  -0.402863  0.836295  -0.065317  -0.009742  -0.031569  -0.946697  -2.695527  -3.005365  1.000000  
123.031044 0.018224  -0.004493  0.014349  0.657650  0.749799  0.072785  -0.657920  0.524614  0.540297  0.366930  -0.403213  0.838321  -0.066256  -0.009390  -0.031060  -0.956538  -2.737140  -3.026973  1.000000  
123.032284 0.018133  -0.004502  0.014314  0.660215  0.747389  0.074342  -0.658044  0.527880  0.536955  0.362071  -0.403426  0.840329  -0.067272  -0.009058  -0.030802  -0.965552  -2.768983  -3.037550  1.000000  
123.033536 0.018042  -0.004511  0.014277  0.662968  0.744774  0.076060  -0.658072  0.531302  0.533534  0.356952  -0.403769  0.842352  -0.068052  -0.008591  -0.030712  -0.976121  -2.813127  -3.061435  1.000000  
123.034786 0.017951  -0.004519  0.014239  0.665568  0.742269  0.077820  -0.658210  0.534626  0.530033  0.351822  -0.403995  0.844399  -0.068778  -0.008181  -0.030777  -0.986237  -2.859795  -3.078516  1.000000  
123.036037 0.017858  -0.004528  0.014200  0.668287  0.739654  0.079404  -0.658183  0.538157  0.526481  0.346682  -0.404103  0.846471  -0.069503  -0.007716  -0.030823  -1.000359  -2.898839  -3.091797  1.000000  
123.037286 0.017767  -0.004534  0.014159  0.670755  0.737247  0.080967  -0.658169  0.541348  0.523217  0.341908  -0.404240  0.848345  -0.070168  -0.007214  -0.030830  -1.010800  -2.921995  -3.097690  1.000000  
123.038527 0.017675  -0.004538  0.014121  0.673136  0.734876  0.082730  -0.658334  0.544517  0.519709  0.336874  -0.404299  0.850328  -0.070819  -0.006720  -0.030554  -1.025264  -2.949971  -3.106042  1.000000  
123.039784 0.017582  -0.004540  0.014085  0.675700  0.732309  0.084571  -0.658396  0.547903  0.516059  0.331578  -0.404382  0.852368  -0.071595  -0.006199  -0.030144  -1.034884  -2.980680  -3.114631  1.000000  
123.041027 0.017488  -0.004543  0.014049  0.678110  0.729858  0.086452  -0.658570  0.551191  0.512322  0.326271  -0.404346  0.854431  -0.072290  -0.005766  -0.029822  -1.044106  -3.030777  -3.118617  1.000000  
123.042027 0.017411  -0.004544  0.014022  0.680191  0.727769  0.087709  -0.658418  0.553968  0.509515  0.322221  -0.404317  0.855980  -0.072915  -0.005327  -0.029567  -1.058421  -3.047159  -3.127282  1.000000  
123.043277 0.017313  -0.004547  0.013988  0.682641  0.725280  0.089274  -0.658344  0.557372  0.505885  0.317150  -0.404111  0.857969  -0.073760  -0.004863  -0.029349  -1.073834  -3.072368  -3.132700  1.000000  
123.044527 0.017214  -0.004549  0.013953  0.685074  0.722774  0.090949  -0.658245  0.560702  0.502321  0.312069  -0.403994  0.859885  -0.074548  -0.004434  -0.029226  -1.086119  -3.100488  -3.133615  1.000000  
123.045530 0.017134  -0.004550  0.013925  0.687040  0.720716  0.092440  -0.658232  0.563440  0.499266  0.307744  -0.403862  0.861504  -0.075075  -0.003982  -0.029246  -1.101243  -3.130438  -3.140538  1.000000  
123.046530 0.017054  -0.004551  0.013896  0.688963  0.718693  0.093863  -0.658174  0.566132  0.496288  0.303540  -0.403702  0.863069  -0.075626  -0.003654  -0.029286  -1.112935  -3.154164  -3.144969  1.000000  
123.047790 0.016953  -0.004551  0.013860  0.691378  0.716142  0.095594  -0.658034  0.569529  0.492573  0.298309  -0.403458  0.865005  -0.076226  -0.002989  -0.029351  -1.130368  -3.176529  -3.147504  1.000000  
123.049036 0.016850  -0.004552  0.013823  0.693722  0.713597  0.097615  -0.658092  0.572937  0.488527  0.292684  -0.403142  0.867071  -0.077043  -0.002504  -0.029297  -1.143750  -3.215088  -3.144319  1.000000  
123.050286 0.016747  -0.004550  0.013787  0.696097  0.711046  0.099307  -0.657898  0.576366  0.484739  0.287435  -0.402759  0.869003  -0.077791  -0.001827  -0.029129  -1.162079  -3.231164  -3.145157  1.000000  
123.051289 0.016664  -0.004549  0.013759  0.697823  0.709214  0.100291  -0.657628  0.578894  0.482086  0.283844  -0.402364  0.870365  -0.078446  -0.001262  -0.028714  -1.178983  -3.235882  -3.139018  1.000000  
123.052549 0.016561  -0.004546  0.013727  0.700084  0.706772  0.101768  -0.657314  0.582189  0.478533  0.278965  -0.401907  0.872152  -0.079148  -0.000690  -0.028250  -1.192622  -3.244942  -3.133303  1.000000  
123.053777 0.016456  -0.004542  0.013695  0.702272  0.704327  0.103622  -0.657196  0.585436  0.474719  0.273693  -0.401482  0.874016  -0.080122  -0.000189  -0.027859  -1.202889  -3.265571  -3.123173  1.000000  
123.054778 0.016372  -0.004538  0.013669  0.704095  0.702288  0.105080  -0.657001  0.588119  0.471663  0.269444  -0.401133  0.875496  -0.080669  0.000146  -0.027728  -1.217088  -3.284194  -3.115486  1.000000  
123.055786 0.016286  -0.004536  0.013642  0.705879  0.700285  0.106466  -0.656765  0.590756  0.468686  0.265318  -0.400759  0.876926  -0.081401  0.000472  -0.027613  -1.224799  -3.291554  -3.110140  1.000000  
123.057027 0.016177  -0.004532  0.013607  0.707965  0.697922  0.108121  -0.656534  0.593953  0.464955  0.260283  -0.400157  0.878708  -0.082297  0.000836  -0.027685  -1.241986  -3.304144  -3.100552  1.000000  
123.058277 0.016066  -0.004529  0.013570  0.710194  0.695380  0.109872  -0.656157  0.597259  0.461237  0.255112  -0.399661  0.880448  -0.083142  0.001205  -0.027824  -1.252815  -3.313005  -3.095993  1.000000  
123.059527 0.015956  -0.004524  0.013532  0.712427  0.692821  0.111565  -0.655778  0.600698  0.457292  0.249804  -0.398950  0.882291  -0.083865  0.001653  -0.028089  -1.271609  -3.325958  -3.092552  1.000000  
123.060527 0.015867  -0.004521  0.013503  0.714018  0.690943  0.113030  -0.655615  0.603206  0.454215  0.245656  -0.398422  0.883693  -0.084487  0.001976  -0.028145  -1.281620  -3.332865  -3.079485  1.000000  
123.061529 0.015777  -0.004517  0.013473  0.715731  0.688940  0.114416  -0.655290  0.605846  0.451160  0.241504  -0.397885  0.885078  -0.085136  0.002280  -0.028221  -1.292744  -3.337893  -3.075466  1.000000  
123.062530 0.015685  -0.004514  0.013444  0.717250  0.687152  0.115650  -0.655054  0.608319  0.448166  0.237606  -0.397204  0.886438  -0.086027  0.002531  -0.028179  -1.304693  -3.337257  -3.064942  1.000000  
123.063783 0.015570  -0.004508  0.013411  0.719416  0.684582  0.117422  -0.654591  0.611705  0.444215  0.232274  -0.396439  0.888192  -0.086747  0.002874  -0.027947  -1.319179  -3.338144  -3.055472  1.000000  
123.064797 0.015478  -0.004505  0.013383  0.720954  0.682713  0.118862  -0.654364  0.614227  0.441058  0.228108  -0.395762  0.889573  -0.087435  0.003103  -0.027825  -1.337090  -3.337824  -3.043195  1.000000  
123.066041 0.015363  -0.004498  0.013351  0.723060  0.680178  0.120588  -0.653837  0.617550  0.437184  0.222894  -0.394955  0.891251  -0.088207  0.003411  -0.027686  -1.348552  -3.348053  -3.037868  1.000000  
123.067285 0.015248  -0.004491  0.013318  0.724968  0.677846  0.122250  -0.653395  0.620646  0.433443  0.217934  -0.394110  0.892850  -0.088835  0.003691  -0.027656  -1.361759  -3.349374  -3.030968  1.000000  
123.068287 0.015156  -0.004485  0.013290  0.726597  0.675846  0.123650  -0.652968  0.623273  0.430307  0.213754  -0.393399  0.894174  -0.089628  0.003890  -0.027827  -1.376397  -3.348661  -3.032499  1.000000  
123.069538 0.015038  -0.004478  0.013253  0.728513  0.673448  0.125446  -0.652524  0.626464  0.426328  0.208522  -0.392442  0.895828  -0.090364  0.004061  -0.028158  -1.391679  -3.346581  -3.021057  1.000000  
123.070786 0.014920  -0.004473  0.013215  0.730409  0.671034  0.127346  -0.652057  0.629587  0.422423  0.203285  -0.391578  0.897408  -0.091021  0.004182  -0.028461  -1.400265  -3.340641  -3.014656  1.000000  
123.072029 0.014802  -0.004468  0.013178  0.732264  0.668657  0.129177  -0.651550  0.632660  0.418598  0.198173  -0.390689  0.898938  -0.091671  0.004335  -0.028589  -1.407880  -3.346849  -3.006809  1.000000  
123.073277 0.014682  -0.004462  0.013140  0.734100  0.666296  0.130948  -0.651020  0.635769  0.414694  0.193056  -0.389677  0.900490  -0.092276  0.004444  -0.028666  -1.414084  -3.346761  -2.990795  1.000000  
123.074527 0.014561  -0.004457  0.013104  0.735916  0.663934  0.132741  -0.650468  0.638861  0.410789  0.187933  -0.388650  0.902016  -0.093091  0.004546  -0.028463  -1.426615  -3.342453  -2.982167  1.000000  
123.075528 0.014463  -0.004451  0.013076  0.737315  0.662059  0.134328  -0.650085  0.641277  0.407619  0.183726  -0.387869  0.903218  -0.093654  0.004646  -0.028419  -1.430014  -3.345745  -2.968750  1.000000  
123.076777 0.014339  -0.004445  0.013042  0.739113  0.659674  0.136170  -0.649510  0.644423  0.403554  0.178463  -0.386716  0.904766  -0.094330  0.004737  -0.028241  -1.441119  -3.348599  -2.955232  1.000000  
123.078027 0.014216  -0.004439  0.013008  0.740837  0.657389  0.137840  -0.648866  0.647402  0.399805  0.173590  -0.385630  0.906177  -0.094933  0.004856  -0.028235  -1.449206  -3.338239  -2.942242  1.000000  
123.079277 0.014094  -0.004432  0.012973  0.742461  0.655155  0.139726  -0.648399  0.650428  0.395629  0.168316  -0.384337  0.907719  -0.095581  0.004967  -0.028287  -1.460114  -3.327831  -2.924977  1.000000  
123.080277 0.013994  -0.004427  0.012945  0.743931  0.653165  0.141216  -0.647796  0.652977  0.392406  0.164094  -0.383402  0.908887  -0.095956  0.004990  -0.028412  -1.466703  -3.327099  -2.921029  1.000000  
123.081294 0.013895  -0.004421  0.012916  0.745254  0.651292  0.142881  -0.647331  0.655332  0.389232  0.159869  -0.382568  0.909991  -0.096358  0.005079  -0.028547  -1.467168  -3.343161  -2.912992  1.000000  
123.082536 0.013771  -0.004414  0.012880  0.746924  0.649004  0.144558  -0.646627  0.658380  0.385240  0.154848  -0.381221  0.911423  -0.097016  0.005044  -0.028677  -1.480202  -3.356006  -2.910344  1.000000  
123.083795 0.013645  -0.004407  0.012843  0.748457  0.646798  0.146506  -0.646069  0.661263  0.381217  0.149691  -0.379978  0.912803  -0.097616  0.004992  -0.028781  -1.487011  -3.351473  -2.891256  1.000000  
123.085032 0.013518  -0.004402  0.012807  0.750087  0.644478  0.148382  -0.645323  0.664184  0.377383  0.144662  -0.378824  0.914092  -0.098232  0.004993  -0.028729  -1.492961  -3.343984  -2.883771  1.000000  
123.086280 0.013389  -0.004398  0.012773  0.751698  0.642158  0.150277  -0.644557  0.667088  0.373549  0.139629  -0.377658  0.915357  -0.099061  0.004867  -0.028468  -1.497151  -3.342325  -2.870973  1.000000  
123.087531 0.013259  -0.004393  0.012740  0.753275  0.639878  0.152099  -0.643760  0.669944  0.369795  0.134726  -0.376472  0.916579  -0.099720  0.004859  -0.028146  -1.498569  -3.337478  -2.863564  1.000000  
123.088780 0.013129  -0.004388  0.012708  0.754713  0.637698  0.154109  -0.643109  0.672685  0.365930  0.129686  -0.375281  0.917794  -0.100398  0.004758  -0.027807  -1.497199  -3.334138  -2.842160  1.000000  
123.090027 0.012998  -0.004383  0.012676  0.756132  0.635520  0.156137  -0.642440  0.675411  0.362065  0.124643  -0.374077  0.918983  -0.100948  0.004733  -0.027577  -1.492102  -3.335356  -2.822507  1.000000  
123.091027 0.012893  -0.004379  0.012650  0.757313  0.633713  0.157753  -0.641834  0.677679  0.358888  0.120526  -0.373042  0.919953  -0.101431  0.004678  -0.027468  -1.494855  -3.334247  -2.817619  1.000000  
123.092104 0.012787  -0.004374  0.012624  0.758588  0.631842  0.159119  -0.641039  0.680001  0.355904  0.116674  -0.371986  0.920877  -0.101325  0.004625  -0.027269  -1.490028  -3.324751  -2.805215  1.000000  
123.093276 0.012655  -0.004368  0.012589  0.760053  0.629643  0.160840  -0.640134  0.682720  0.352310  0.112021  -0.370733  0.921959  -0.102461  0.004614  -0.027491  -1.494355  -3.316134  -2.803422  1.000000  
123.094277 0.012549  -0.004363  0.012561  0.761170  0.627915  0.162306  -0.639469  0.684889  0.349294  0.108165  -0.369662  0.922849  -0.102951  0.004582  -0.027517  -1.493500  -3.309071  -2.789831  1.000000  
123.095277 0.012443  -0.004358  0.012532  0.762275  0.626168  0.163860  -0.638793  0.687006  0.346360  0.104307  -0.368695  0.923680  -0.103398  0.004587  -0.027515  -1.490283  -3.300232  -2.773695  1.000000  
123.096530 0.012308  -0.004353  0.012498  0.763703  0.623934  0.165722  -0.637852  0.689717  0.342690  0.099515  -0.367419  0.924716  -0.104262  0.004393  -0.027440  -1.483367  -3.286733  -2.761721  1.000000  
123.097783 0.012173  -0.004349  0.012464  0.765112  0.621682  0.167676  -0.636892  0.692370  0.339105  0.094721  -0.366245  0.925685  -0.104869  0.004203  -0.027164  -1.477258  -3.282566  -2.754788  1.000000  
123.098787 0.012063  -0.004346  0.012439  0.766016  0.620194  0.169053  -0.636311  0.694232  0.336377  0.091257  -0.365240  0.926429  -0.105516  0.004058  -0.026954  -1.469727  -3.261042  -2.726165  1.000000  
123.099917 0.011953  -0.004343  0.012414  0.767059  0.618510  0.170485  -0.635578  0.696317  0.333442  0.087526  -0.364126  0.927228  -0.105123  0.003961  -0.026398  -1.463508  -3.236503  -2.701122  1.000000  
123.101033 0.011814  -0.004340  0.012383  0.768265  0.616518  0.172264  -0.634712  0.698713  0.330063  0.083127  -0.362914  0.928108  -0.106702  0.003941  -0.026373  -1.457774  -3.230660  -2.684210  1.000000  
123.102284 0.011675  -0.004336  0.012352  0.769454  0.614527  0.174057  -0.633831  0.701096  0.326685  0.078726  -0.361692  0.928968  -0.107367  0.003860  -0.026291  -1.451781  -3.213271  -2.671564  1.000000  
123.103533 0.011534  -0.004333  0.012319  0.770636  0.612523  0.175887  -0.632942  0.703535  0.323143  0.074190  -0.360352  0.929861  -0.108097  0.003774  -0.026342  -1.444750  -3.194911  -2.650779  1.000000  
123.104778 0.011394  -0.004328  0.012285  0.771779  0.610611  0.177517  -0.632021  0.705831  0.319926  0.070053  -0.359106  0.930664  -0.108715  0.003698  -0.026547  -1.434232  -3.168440  -2.627111  1.000000  
123.106027 0.011254  -0.004325  0.012248  0.773044  0.608539  0.179118  -0.630933  0.708308  0.316581  0.065781  -0.357742  0.931500  -0.109263  0.003623  -0.026789  -1.428369  -3.139112  -2.609387  1.000000  
123.107027 0.011140  -0.004322  0.012221  0.773982  0.606992  0.180310  -0.630107  0.710166  0.314052  0.062577  -0.356686  0.932126  -0.110365  0.003491  -0.027021  -1.419808  -3.117130  -2.595695  1.000000  
123.108027 0.011027  -0.004320  0.012192  0.774912  0.605446  0.181512  -0.629274  0.712016  0.311524  0.059372  -0.355625  0.932741  -0.110350  0.003319  -0.026964  -1.411010  -3.086612  -2.578563  1.000000  
123.109276 0.010885  -0.004317  0.012157  0.776009  0.603525  0.183216  -0.628311  0.714333  0.308146  0.055097  -0.354240  0.933530  -0.110950  0.003077  -0.026936  -1.399057  -3.066526  -2.561301  1.000000  
