1-Time 2-Px 3-Py 4-Pz 5-R11 6-R21 7-R31 8-R12 9-R22 10-R32 11-R13 12-R23 13-R33 14-Vx 15-Vy 16-Vz 17-Wx 18-Wy 19-Wz 20-state
72.868077 0.018183  -0.001140  -0.007885  0.670520  -0.004956  0.741875  0.021127  0.999700  -0.012417  -0.741591  0.024000  0.670423  0.002980  -0.002388  -0.009451  0.000000  0.000000  0.000000  1.000000  
72.869249 0.018186  -0.001143  -0.007894  0.670524  -0.004840  0.741872  0.020989  0.999702  -0.012449  -0.741591  0.023918  0.670426  0.003032  -0.002999  -0.008898  0.000000  0.000000  0.000000  1.000000  
72.870475 0.018180  -0.001150  -0.007897  0.670524  -0.004930  0.741872  0.020989  0.999704  -0.012327  -0.741591  0.023837  0.670429  -0.001244  -0.004713  -0.005153  0.000000  0.000000  0.000000  1.000000  
72.871482 0.018173  -0.001156  -0.007896  0.670528  -0.004724  0.741869  0.020851  0.999705  -0.012480  -0.741591  0.023837  0.670429  -0.002924  -0.005011  -0.003197  0.000000  0.000000  0.000000  1.000000  
72.872732 0.018169  -0.001160  -0.007898  0.670433  -0.004605  0.741956  0.020710  0.999707  -0.012509  -0.741681  0.023752  0.670332  -0.002955  -0.004477  -0.002854  0.000000  0.000000  0.000000  1.000000  
72.873975 0.018164  -0.001162  -0.007902  0.670433  -0.004695  0.741955  0.020710  0.999709  -0.012388  -0.741681  0.023671  0.670335  -0.003160  -0.003846  -0.002859  0.000000  0.000000  0.000000  1.000000  
72.874976 0.018158  -0.001165  -0.007905  0.670438  -0.004489  0.741952  0.020572  0.999710  -0.012540  -0.741681  0.023671  0.670335  -0.003686  -0.003715  -0.002905  0.000000  0.000000  0.000000  1.000000  
72.875981 0.018150  -0.001166  -0.007908  0.670442  -0.004373  0.741949  0.020434  0.999712  -0.012572  -0.741681  0.023590  0.670338  -0.004262  -0.003435  -0.002928  0.000000  0.000000  0.000000  1.000000  
72.877228 0.018139  -0.001167  -0.007911  0.670446  -0.004258  0.741946  0.020296  0.999715  -0.012603  -0.741681  0.023508  0.670341  -0.004845  -0.003086  -0.002859  0.000000  0.000000  0.000000  1.000000  
72.878237 0.018133  -0.001167  -0.007914  0.670446  -0.004348  0.741946  0.020296  0.999716  -0.012482  -0.741681  0.023427  0.670344  -0.004988  -0.002734  -0.002878  0.000000  0.000000  0.000000  1.000000  
72.879482 0.018124  -0.001168  -0.007916  0.670351  -0.004229  0.742032  0.020155  0.999719  -0.012511  -0.741770  0.023342  0.670247  -0.005245  -0.002490  -0.002759  0.000000  0.000000  0.000000  1.000000  
72.880729 0.018112  -0.001169  -0.007917  0.670355  -0.004113  0.742029  0.020017  0.999721  -0.012542  -0.741770  0.023261  0.670250  -0.005617  -0.002358  -0.002565  0.000000  0.000000  0.000000  1.000000  
72.881976 0.018099  -0.001172  -0.007915  0.670359  -0.004087  0.742026  0.019879  0.999725  -0.012453  -0.741770  0.023098  0.670256  -0.006065  -0.002313  -0.002143  0.000000  0.000000  0.000000  1.000000  
72.882980 0.018087  -0.001175  -0.007911  0.670363  -0.003971  0.742022  0.019741  0.999727  -0.012484  -0.741770  0.023017  0.670259  -0.006474  -0.002379  -0.001716  0.000000  0.000000  0.000000  1.000000  
72.884247 0.018068  -0.001182  -0.007902  0.670268  -0.003852  0.742109  0.019600  0.999730  -0.012513  -0.741860  0.022932  0.670162  -0.007816  -0.002615  -0.000516  0.000000  0.000000  0.000000  1.000000  
72.885475 0.018049  -0.001189  -0.007895  0.670272  -0.003737  0.742106  0.019462  0.999732  -0.012544  -0.741860  0.022851  0.670165  -0.008704  -0.002499  0.000067  0.000000  0.000000  0.000000  1.000000  
72.886475 0.018036  -0.001192  -0.007892  0.670272  -0.003917  0.742105  0.019462  0.999735  -0.012302  -0.741860  0.022688  0.670171  -0.009144  -0.002397  0.000240  0.000000  0.000000  0.000000  1.000000  
72.887476 0.018024  -0.001194  -0.007892  0.670276  -0.003801  0.742102  0.019324  0.999737  -0.012333  -0.741860  0.022607  0.670173  -0.009660  -0.002333  0.000387  0.000000  0.000000  0.000000  1.000000  
72.888476 0.018013  -0.001194  -0.007891  0.670276  -0.003891  0.742102  0.019324  0.999739  -0.012212  -0.741860  0.022526  0.670176  -0.010380  -0.002216  0.000682  0.000000  0.000000  0.000000  1.000000  
72.889478 0.018000  -0.001196  -0.007889  0.670280  -0.003775  0.742099  0.019186  0.999741  -0.012244  -0.741860  0.022445  0.670179  -0.010865  -0.002189  0.001046  0.000000  0.000000  0.000000  1.000000  
72.890725 0.017984  -0.001197  -0.007884  0.670379  -0.003868  0.742009  0.019189  0.999742  -0.012125  -0.741770  0.022367  0.670281  -0.011145  -0.002018  0.001550  0.000000  0.000000  0.000000  1.000000  
72.891726 0.017974  -0.001197  -0.007877  0.670379  -0.003958  0.742008  0.019189  0.999744  -0.012004  -0.741770  0.022285  0.670283  -0.011280  -0.001943  0.002224  0.000000  0.000000  0.000000  1.000000  
72.892728 0.017965  -0.001196  -0.007869  0.670482  -0.003845  0.741915  0.019054  0.999746  -0.012038  -0.741681  0.022207  0.670385  -0.011415  -0.001869  0.002898  0.000000  0.000000  0.000000  1.000000  
72.893981 0.017954  -0.001193  -0.007857  0.670482  -0.003935  0.741915  0.019054  0.999747  -0.011916  -0.741681  0.022126  0.670388  -0.011680  -0.001751  0.004012  0.000000  0.000000  0.000000  1.000000  
72.895227 0.017940  -0.001193  -0.007844  0.670582  -0.004028  0.741825  0.019056  0.999749  -0.011798  -0.741591  0.022048  0.670490  -0.011818  -0.001645  0.004918  0.000000  0.000000  0.000000  1.000000  
72.896476 0.017924  -0.001195  -0.007832  0.670784  -0.003918  0.741643  0.018924  0.999751  -0.011834  -0.741411  0.021973  0.670691  -0.012044  -0.001670  0.005671  0.000000  0.000000  0.000000  1.000000  
72.897476 0.017911  -0.001197  -0.007824  0.670883  -0.003921  0.741553  0.018927  0.999751  -0.011837  -0.741322  0.021976  0.670790  -0.012163  -0.001615  0.005915  0.000000  0.000000  0.000000  1.000000  
72.898477 0.017899  -0.001199  -0.007819  0.671085  -0.003811  0.741370  0.018794  0.999753  -0.011873  -0.741142  0.021901  0.670991  -0.012024  -0.001401  0.005879  0.000000  0.000000  0.000000  1.000000  
72.899724 0.017883  -0.001201  -0.007816  0.671283  -0.003907  0.741191  0.018800  0.999754  -0.011757  -0.740962  0.021827  0.671192  -0.011826  -0.001067  0.005551  0.000000  0.000000  0.000000  1.000000  
72.900728 0.017870  -0.001202  -0.007813  0.671386  -0.003794  0.741098  0.018664  0.999756  -0.011791  -0.740872  0.021748  0.671293  -0.011667  -0.000795  0.005482  0.000000  0.000000  0.000000  1.000000  
72.901975 0.017853  -0.001202  -0.007811  0.671588  -0.003684  0.740915  0.018532  0.999758  -0.011827  -0.740693  0.021673  0.671494  -0.011780  -0.000613  0.005403  0.000000  0.000000  0.000000  1.000000  
72.902975 0.017839  -0.001202  -0.007807  0.671786  -0.003779  0.740735  0.018537  0.999760  -0.011711  -0.740513  0.021598  0.671695  -0.011953  -0.000511  0.005653  0.000000  0.000000  0.000000  1.000000  
72.903982 0.017826  -0.001201  -0.007801  0.671988  -0.003759  0.740552  0.018404  0.999763  -0.011626  -0.740333  0.021442  0.671898  -0.011943  -0.000392  0.006042  0.000000  0.000000  0.000000  1.000000  
72.905226 0.017810  -0.001200  -0.007791  0.672289  -0.003651  0.740280  0.018274  0.999765  -0.011664  -0.740063  0.021370  0.672198  -0.011987  -0.000224  0.006431  0.000000  0.000000  0.000000  1.000000  
72.906227 0.017796  -0.001200  -0.007781  0.672491  -0.003631  0.740097  0.018141  0.999768  -0.011579  -0.739883  0.021213  0.672401  -0.012156  -0.000174  0.006680  0.000000  0.000000  0.000000  1.000000  
72.907475 0.017779  -0.001197  -0.007768  0.672791  -0.003523  0.739824  0.018010  0.999770  -0.011617  -0.739613  0.021140  0.672700  -0.012568  -0.000091  0.006825  0.000000  0.000000  0.000000  1.000000  
72.908476 0.017764  -0.001195  -0.007760  0.673092  -0.003416  0.739551  0.017880  0.999772  -0.011655  -0.739343  0.021068  0.672999  -0.012995  -0.000139  0.006724  0.000000  0.000000  0.000000  1.000000  
72.909477 0.017750  -0.001195  -0.007754  0.673388  -0.003514  0.739281  0.017888  0.999773  -0.011541  -0.739073  0.020996  0.673299  -0.013290  -0.000146  0.006514  0.000000  0.000000  0.000000  1.000000  
72.910482 0.017734  -0.001196  -0.007749  0.673688  -0.003406  0.739008  0.017757  0.999775  -0.011579  -0.738802  0.020923  0.673598  -0.013566  -0.000101  0.006082  0.000000  0.000000  0.000000  1.000000  
72.911485 0.017718  -0.001197  -0.007745  0.673989  -0.003298  0.738734  0.017626  0.999777  -0.011617  -0.738532  0.020851  0.673896  -0.013786  -0.000080  0.005732  0.000000  0.000000  0.000000  1.000000  
72.912732 0.017696  -0.001198  -0.007739  0.674391  -0.002898  0.738369  0.017359  0.999778  -0.011931  -0.738171  0.020863  0.674291  -0.014118  -0.000017  0.005578  0.021989  0.182527  0.077868  1.000000  
72.913978 0.017676  -0.001199  -0.007732  0.674789  -0.002793  0.738005  0.017230  0.999780  -0.011971  -0.737809  0.020793  0.674689  -0.014510  0.000085  0.005761  0.022021  0.205135  0.077231  1.000000  
72.915225 0.017655  -0.001199  -0.007724  0.675092  -0.002389  0.737730  0.016959  0.999781  -0.012281  -0.737538  0.020802  0.674985  -0.014731  0.000175  0.006045  0.007644  0.216963  0.085366  1.000000  
72.916231 0.017640  -0.001199  -0.007715  0.675392  -0.002281  0.737456  0.016828  0.999783  -0.012319  -0.737267  0.020730  0.675283  -0.014864  0.000241  0.006505  0.003649  0.232212  0.085692  1.000000  
72.917477 0.017620  -0.001199  -0.007703  0.675691  -0.002173  0.737182  0.016696  0.999784  -0.012356  -0.736996  0.020657  0.675581  -0.015088  0.000234  0.007099  0.003669  0.245733  0.085323  1.000000  
72.918725 0.017601  -0.001198  -0.007689  0.676088  -0.002068  0.736818  0.016567  0.999786  -0.012395  -0.736634  0.020587  0.675978  -0.015229  0.000239  0.007576  -0.001410  0.261673  0.088723  1.000000  
72.919725 0.017587  -0.001198  -0.007681  0.676387  -0.001960  0.736543  0.016435  0.999788  -0.012432  -0.736363  0.020514  0.676276  -0.015311  0.000201  0.007645  -0.001391  0.275058  0.088356  1.000000  
72.920726 0.017573  -0.001199  -0.007674  0.676686  -0.001941  0.736269  0.016302  0.999791  -0.012348  -0.736091  0.020359  0.676576  -0.015380  0.000076  0.007451  -0.002413  0.286428  0.093532  1.000000  
72.921976 0.017555  -0.001200  -0.007667  0.676982  -0.002038  0.735997  0.016310  0.999792  -0.012233  -0.735819  0.020285  0.676874  -0.015398  -0.000099  0.007087  -0.002373  0.297456  0.092403  1.000000  
72.922976 0.017540  -0.001201  -0.007663  0.677277  -0.002135  0.735725  0.016317  0.999793  -0.012119  -0.735547  0.020212  0.677172  -0.015379  -0.000311  0.006734  0.002746  0.308755  0.088290  1.000000  
72.923978 0.017526  -0.001204  -0.007661  0.677575  -0.002116  0.735450  0.016184  0.999797  -0.012034  -0.735275  0.020057  0.677472  -0.015433  -0.000574  0.006425  0.001719  0.319722  0.091849  1.000000  
72.925226 0.017507  -0.001207  -0.007655  0.677968  -0.002216  0.735088  0.016194  0.999798  -0.011921  -0.734913  0.019986  0.677867  -0.015392  -0.000793  0.006396  0.001752  0.333062  0.091501  1.000000  
72.926226 0.017492  -0.001210  -0.007648  0.678267  -0.002107  0.734813  0.016061  0.999800  -0.011958  -0.734640  0.019912  0.678165  -0.015342  -0.000906  0.006527  0.005830  0.337513  0.091419  1.000000  
72.927229 0.017477  -0.001213  -0.007639  0.678561  -0.002204  0.734540  0.016068  0.999801  -0.011843  -0.734368  0.019839  0.678462  -0.015198  -0.001047  0.006894  0.005905  0.349278  0.091966  1.000000  
72.928479 0.017459  -0.001215  -0.007627  0.678954  -0.002215  0.734177  0.016077  0.999801  -0.011852  -0.734005  0.019850  0.678854  -0.014924  -0.001113  0.007238  0.006974  0.358160  0.087094  1.000000  
72.929727 0.017444  -0.001216  -0.007615  0.679347  -0.002315  0.733814  0.016087  0.999802  -0.011739  -0.733641  0.019779  0.679249  -0.014679  -0.001150  0.007463  0.007012  0.367093  0.086892  1.000000  
72.930728 0.017431  -0.001216  -0.007605  0.679739  -0.002414  0.733450  0.016096  0.999803  -0.011626  -0.733277  0.019708  0.679644  -0.014453  -0.001116  0.007619  0.012046  0.377309  0.081214  1.000000  
72.931978 0.017415  -0.001215  -0.007594  0.680128  -0.002631  0.733088  0.016245  0.999802  -0.011484  -0.732913  0.019720  0.680036  -0.014188  -0.001051  0.007548  0.018309  0.384653  0.072470  1.000000  
72.933228 0.017399  -0.001215  -0.007584  0.680618  -0.002733  0.732633  0.016257  0.999803  -0.011374  -0.732458  0.019651  0.680529  -0.014020  -0.001113  0.007377  0.019368  0.397986  0.067494  1.000000  
72.934479 0.017384  -0.001214  -0.007575  0.681108  -0.002835  0.732178  0.016269  0.999804  -0.011263  -0.732002  0.019583  0.681021  -0.013750  -0.001093  0.007156  0.020426  0.406802  0.062655  1.000000  
72.935725 0.017368  -0.001214  -0.007568  0.681597  -0.002937  0.731722  0.016280  0.999805  -0.011153  -0.731546  0.019514  0.681512  -0.013622  -0.001043  0.007015  0.020293  0.416834  0.061825  1.000000  
72.936728 0.017355  -0.001214  -0.007562  0.681985  -0.003241  0.731359  0.016430  0.999806  -0.010890  -0.731181  0.019443  0.681906  -0.013549  -0.000970  0.007074  0.026598  0.424504  0.052946  1.000000  
72.937976 0.017336  -0.001214  -0.007553  0.682572  -0.003434  0.730810  0.016444  0.999808  -0.010660  -0.730633  0.019294  0.682497  -0.013598  -0.000874  0.007365  0.035510  0.434294  0.047587  1.000000  
72.939231 0.017317  -0.001215  -0.007542  0.683158  -0.003538  0.730262  0.016458  0.999809  -0.010552  -0.730085  0.019228  0.683086  -0.013651  -0.000667  0.007924  0.040921  0.446653  0.043110  1.000000  
72.940476 0.017297  -0.001216  -0.007530  0.683740  -0.003937  0.729715  0.016613  0.999810  -0.010173  -0.729536  0.019078  0.683676  -0.013730  -0.000529  0.008230  0.054751  0.456188  0.033172  1.000000  
72.941476 0.017281  -0.001217  -0.007521  0.684228  -0.004038  0.729257  0.016625  0.999811  -0.010062  -0.729079  0.019009  0.684166  -0.013784  -0.000352  0.008292  0.059818  0.465009  0.028335  1.000000  
72.942728 0.017263  -0.001214  -0.007511  0.684813  -0.004142  0.728707  0.016639  0.999812  -0.009955  -0.728529  0.018942  0.684753  -0.013770  -0.000017  0.008277  0.073946  0.473569  0.018799  1.000000  
72.943987 0.017245  -0.001211  -0.007503  0.685401  -0.004128  0.728154  0.016512  0.999815  -0.009875  -0.727979  0.018792  0.685342  -0.013856  0.000292  0.007900  0.083697  0.486155  0.014092  1.000000  
72.945228 0.017227  -0.001208  -0.007497  0.686082  -0.004234  0.727512  0.016529  0.999816  -0.009769  -0.727336  0.018728  0.686026  -0.014058  0.000478  0.007533  0.088805  0.499618  0.009077  1.000000  
72.946229 0.017213  -0.001206  -0.007491  0.686666  -0.004337  0.726960  0.016543  0.999816  -0.009661  -0.726785  0.018660  0.686611  -0.014172  0.000647  0.007242  0.097163  0.513254  0.003857  1.000000  
72.947488 0.017195  -0.001201  -0.007484  0.687443  -0.004445  0.726225  0.016562  0.999817  -0.009558  -0.726049  0.018598  0.687391  -0.014285  0.000894  0.007028  0.108059  0.534982  -0.005980  1.000000  
72.948727 0.017177  -0.001198  -0.007475  0.688223  -0.004347  0.725486  0.016439  0.999819  -0.009604  -0.725313  0.018535  0.688170  -0.014432  0.001088  0.007015  0.108110  0.553176  -0.006425  1.000000  
72.949729 0.017163  -0.001195  -0.007467  0.688902  -0.004540  0.724840  0.016455  0.999821  -0.009377  -0.724668  0.018387  0.688853  -0.014572  0.001292  0.007211  0.108110  0.571128  -0.006795  1.000000  
72.950976 0.017143  -0.001192  -0.007454  0.689774  -0.004650  0.724010  0.016476  0.999821  -0.009275  -0.723838  0.018326  0.689727  -0.014825  0.001474  0.007574  0.113187  0.598063  -0.012211  1.000000  
72.951983 0.017127  -0.001190  -0.007441  0.690451  -0.004755  0.723363  0.016492  0.999822  -0.009169  -0.723191  0.018261  0.690407  -0.014969  0.001623  0.007957  0.113167  0.615925  -0.012640  1.000000  
72.953225 0.017107  -0.001187  -0.007426  0.691321  -0.004952  0.722531  0.016513  0.999824  -0.008947  -0.722359  0.018116  0.691281  -0.015066  0.001841  0.008348  0.112263  0.637741  -0.013135  1.000000  
72.954225 0.017090  -0.001185  -0.007414  0.691904  -0.004849  0.721973  0.016384  0.999825  -0.008987  -0.721803  0.018047  0.691863  -0.015101  0.002022  0.008516  0.113196  0.652021  -0.013413  1.000000  
72.955228 0.017075  -0.001182  -0.007406  0.692580  -0.004953  0.721324  0.016400  0.999826  -0.008881  -0.721155  0.017981  0.692540  -0.015088  0.002311  0.008440  0.113180  0.669889  -0.013826  1.000000  
72.956476 0.017055  -0.001179  -0.007396  0.693451  -0.004944  0.720487  0.016278  0.999829  -0.008807  -0.720320  0.017835  0.693412  -0.015070  0.002557  0.008286  0.117291  0.692553  -0.014323  1.000000  
72.957500 0.017040  -0.001175  -0.007389  0.694221  -0.005050  0.719744  0.016296  0.999829  -0.008703  -0.719577  0.017771  0.694185  -0.015133  0.002687  0.008250  0.117225  0.714608  -0.014843  1.000000  
72.958726 0.017021  -0.001170  -0.007380  0.695087  -0.005246  0.718907  0.016316  0.999831  -0.008480  -0.718741  0.017624  0.695055  -0.015198  0.002788  0.008407  0.121374  0.737510  -0.015329  1.000000  
72.959982 0.017003  -0.001166  -0.007369  0.696051  -0.005238  0.717973  0.016195  0.999834  -0.008407  -0.717810  0.017480  0.696020  -0.015192  0.002862  0.008644  0.124484  0.764451  -0.011204  1.000000  
72.960982 0.016988  -0.001164  -0.007359  0.696819  -0.005343  0.717227  0.016213  0.999834  -0.008303  -0.717064  0.017414  0.696790  -0.015229  0.002847  0.008934  0.124488  0.786916  -0.011711  1.000000  
72.962231 0.016969  -0.001160  -0.007343  0.697876  -0.005424  0.716198  0.016094  0.999838  -0.008111  -0.716037  0.017187  0.697850  -0.015315  0.002793  0.009542  0.122617  0.814088  -0.002694  1.000000  
72.963478 0.016949  -0.001158  -0.007326  0.698834  -0.005620  0.715262  0.016116  0.999839  -0.007890  -0.715103  0.017041  0.698812  -0.015492  0.002661  0.010103  0.129724  0.834224  -0.003268  1.000000  
72.964729 0.016928  -0.001157  -0.007308  0.699793  -0.005611  0.714324  0.015994  0.999842  -0.007816  -0.714167  0.016894  0.699772  -0.015656  0.002530  0.010579  0.129895  0.859261  0.001182  1.000000  
72.965976 0.016907  -0.001157  -0.007289  0.700843  -0.005809  0.713292  0.016018  0.999843  -0.007597  -0.713136  0.016750  0.700826  -0.015797  0.002360  0.010974  0.129931  0.886312  0.000710  1.000000  
72.966977 0.016889  -0.001156  -0.007277  0.701606  -0.005999  0.712540  0.016036  0.999844  -0.007371  -0.712385  0.016598  0.701593  -0.015866  0.002298  0.010976  0.129025  0.904372  0.005212  1.000000  
72.967982 0.016871  -0.001155  -0.007264  0.702463  -0.006106  0.711694  0.016055  0.999845  -0.007269  -0.711539  0.016533  0.702452  -0.015979  0.002198  0.010982  0.129021  0.922131  0.004882  1.000000  
72.969225 0.016848  -0.001152  -0.007247  0.703607  -0.006185  0.710562  0.015936  0.999848  -0.007078  -0.710410  0.016304  0.703599  -0.016156  0.002177  0.011176  0.131187  0.946256  0.009059  1.000000  
72.970226 0.016830  -0.001151  -0.007234  0.704462  -0.006291  0.709714  0.015956  0.999848  -0.006976  -0.709562  0.016238  0.704456  -0.016317  0.002059  0.011477  0.122209  0.964019  0.013570  1.000000  
72.971239 0.016812  -0.001150  -0.007218  0.705316  -0.006482  0.708864  0.015975  0.999850  -0.006752  -0.708713  0.016087  0.705313  -0.016494  0.001955  0.012057  0.127291  0.985139  0.013553  1.000000  
72.972267 0.016793  -0.001148  -0.007202  0.706077  -0.006465  0.708106  0.015847  0.999852  -0.006672  -0.707958  0.015933  0.706075  -0.016691  0.001840  0.012674  0.126311  0.997802  0.018222  1.000000  
72.973578 0.016769  -0.001146  -0.007179  0.707023  -0.006658  0.707159  0.015868  0.999853  -0.006451  -0.707012  0.015782  0.707025  -0.017007  0.001608  0.013514  0.135110  1.013557  0.013165  1.000000  
72.974730 0.016744  -0.001146  -0.007153  0.707874  -0.006934  0.706305  0.015887  0.999855  -0.006106  -0.706160  0.015544  0.707882  -0.017522  0.001377  0.014635  0.142580  1.026501  0.012943  1.000000  
72.975989 0.016719  -0.001146  -0.007127  0.709010  -0.006924  0.705165  0.015767  0.999857  -0.006035  -0.705022  0.015397  0.709018  -0.017908  0.001139  0.015486  0.138817  1.048286  0.017851  1.000000  
72.977247 0.016693  -0.001147  -0.007103  0.709952  -0.007201  0.704213  0.015788  0.999859  -0.005692  -0.704073  0.015159  0.709966  -0.018378  0.000909  0.016048  0.147024  1.057300  0.017942  1.000000  
72.978482 0.016667  -0.001148  -0.007080  0.710799  -0.007476  0.703355  0.015807  0.999861  -0.005347  -0.703217  0.014918  0.710819  -0.018871  0.000683  0.016463  0.160186  1.061804  0.013304  1.000000  
72.979731 0.016640  -0.001150  -0.007058  0.711833  -0.007668  0.702307  0.015830  0.999862  -0.005128  -0.702170  0.014767  0.711856  -0.019245  0.000543  0.016732  0.160231  1.070750  0.013400  1.000000  
72.980981 0.016612  -0.001151  -0.007036  0.712963  -0.007741  0.701159  0.015708  0.999864  -0.004934  -0.701026  0.014531  0.712988  -0.019662  0.000373  0.016927  0.163509  1.084358  0.018253  1.000000  
72.982230 0.016585  -0.001153  -0.007015  0.713994  -0.008017  0.700106  0.015731  0.999866  -0.004593  -0.699976  0.014292  0.714024  -0.020017  0.000151  0.017275  0.167656  1.097943  0.018327  1.000000  
72.983230 0.016562  -0.001154  -0.006995  0.714839  -0.007998  0.699243  0.015602  0.999868  -0.004513  -0.699115  0.014136  0.714869  -0.020321  0.000009  0.017678  0.166847  1.106954  0.023232  1.000000  
72.984231 0.016540  -0.001155  -0.006975  0.715680  -0.008184  0.698380  0.015620  0.999869  -0.004290  -0.698254  0.013979  0.715714  -0.020618  -0.000201  0.018212  0.175882  1.115797  0.018409  1.000000  
72.985476 0.016512  -0.001156  -0.006946  0.716707  -0.008459  0.697323  0.015643  0.999870  -0.003949  -0.697199  0.013738  0.716746  -0.020987  -0.000352  0.018976  0.180056  1.129544  0.018505  1.000000  
72.986729 0.016483  -0.001157  -0.006917  0.717921  -0.008446  0.696073  0.015521  0.999872  -0.003877  -0.695951  0.013587  0.717960  -0.021275  -0.000535  0.019598  0.182673  1.142518  0.018120  1.000000  
72.987981 0.016455  -0.001159  -0.006887  0.719130  -0.008722  0.694820  0.015547  0.999873  -0.003540  -0.694701  0.013348  0.719175  -0.021618  -0.000819  0.020068  0.188312  1.160840  0.018490  1.000000  
72.989230 0.016426  -0.001161  -0.006858  0.720248  -0.008790  0.693661  0.015423  0.999875  -0.003344  -0.693545  0.013107  0.720294  -0.021930  -0.001035  0.020404  0.192469  1.169926  0.018713  1.000000  
72.990479 0.016397  -0.001163  -0.006830  0.721360  -0.009063  0.692501  0.015447  0.999876  -0.003005  -0.692388  0.012865  0.721411  -0.022179  -0.001201  0.020521  0.195126  1.178974  0.018601  1.000000  
72.991727 0.016369  -0.001166  -0.006804  0.722474  -0.009130  0.691338  0.015322  0.999879  -0.002808  -0.691228  0.012621  0.722526  -0.022334  -0.001307  0.020566  0.194293  1.182860  0.023794  1.000000  
72.992728 0.016346  -0.001169  -0.006783  0.723306  -0.009312  0.690465  0.015340  0.999879  -0.002584  -0.690358  0.012461  0.723361  -0.022514  -0.001453  0.020704  0.199166  1.187158  0.019163  1.000000  
72.993989 0.016317  -0.001172  -0.006756  0.724416  -0.009377  0.689299  0.015214  0.999881  -0.002387  -0.689195  0.012216  0.724473  -0.022625  -0.001580  0.021071  0.200026  1.196613  0.024673  1.000000  
72.995229 0.016287  -0.001176  -0.006729  0.725524  -0.009442  0.688132  0.015088  0.999884  -0.002189  -0.688031  0.011971  0.725583  -0.022824  -0.001752  0.021425  0.204237  1.201457  0.025026  1.000000  
72.996231 0.016264  -0.001179  -0.006704  0.726355  -0.009500  0.687254  0.014956  0.999886  -0.001985  -0.687157  0.011720  0.726415  -0.022981  -0.001831  0.022071  0.203518  1.206004  0.030295  1.000000  
72.997233 0.016241  -0.001181  -0.006680  0.727274  -0.009682  0.686279  0.014975  0.999886  -0.001762  -0.686184  0.011558  0.727336  -0.022914  -0.001927  0.022360  0.203570  1.210392  0.030564  1.000000  
72.998479 0.016211  -0.001185  -0.006649  0.728378  -0.009828  0.685106  0.014847  0.999889  -0.001442  -0.685015  0.011222  0.728442  -0.023176  -0.002118  0.022883  0.211821  1.214968  0.031002  1.000000  
72.999728 0.016181  -0.001189  -0.006618  0.729479  -0.009889  0.683931  0.014720  0.999891  -0.001243  -0.683845  0.010974  0.729545  -0.023164  -0.002242  0.023018  0.211167  1.219600  0.036329  1.000000  
73.000975 0.016150  -0.001193  -0.006588  0.730579  -0.009949  0.682756  0.014591  0.999893  -0.001043  -0.682672  0.010724  0.730646  -0.023339  -0.002475  0.023091  0.212844  1.218676  0.041172  1.000000  
73.002227 0.016120  -0.001198  -0.006560  0.731677  -0.010091  0.681577  0.014462  0.999895  -0.000722  -0.681498  0.010385  0.731746  -0.023449  -0.002675  0.023001  0.217254  1.229124  0.041669  1.000000  
73.003228 0.016095  -0.001202  -0.006537  0.732591  -0.010147  0.680594  0.014330  0.999897  -0.000517  -0.680518  0.010132  0.732661  -0.023567  -0.002862  0.022942  0.216349  1.236639  0.046845  1.000000  
73.004475 0.016064  -0.001207  -0.006508  0.733776  -0.010288  0.679313  0.014202  0.999899  -0.000197  -0.679243  0.009792  0.733848  -0.023752  -0.003065  0.022908  0.219753  1.254396  0.052019  1.000000  
73.005725 0.016032  -0.001213  -0.006479  0.734962  -0.010140  0.678032  0.013922  0.999903  -0.000137  -0.677965  0.009540  0.735032  -0.024008  -0.003259  0.023097  0.215121  1.263362  0.057390  1.000000  
73.006727 0.016006  -0.001217  -0.006454  0.735871  -0.010193  0.677045  0.013788  0.999905  0.000069  -0.676981  0.009284  0.735942  -0.024197  -0.003436  0.023294  0.214563  1.268127  0.062766  1.000000  
73.007729 0.015979  -0.001222  -0.006429  0.736779  -0.010246  0.676056  0.013653  0.999907  0.000275  -0.675996  0.009028  0.736850  -0.024427  -0.003532  0.023620  0.214013  1.281855  0.068001  1.000000  
73.008980 0.015945  -0.001228  -0.006394  0.737956  -0.010383  0.674768  0.013523  0.999908  0.000597  -0.674713  0.008684  0.738029  -0.024788  -0.003741  0.024150  0.213384  1.294805  0.073406  1.000000  
73.010226 0.015911  -0.001234  -0.006359  0.739131  -0.010438  0.673480  0.013392  0.999910  0.000799  -0.673428  0.008429  0.739205  -0.025067  -0.003892  0.024641  0.213588  1.299521  0.073972  1.000000  
73.011231 0.015884  -0.001239  -0.006332  0.740124  -0.010489  0.672388  0.013258  0.999912  0.001005  -0.672339  0.008171  0.740198  -0.025391  -0.004041  0.024878  0.215189  1.312581  0.080284  1.000000  
73.012482 0.015849  -0.001245  -0.006299  0.741298  -0.010498  0.671094  0.012973  0.999915  0.001312  -0.671051  0.007734  0.741371  -0.025714  -0.004170  0.024956  0.215883  1.317299  0.089885  1.000000  
73.013731 0.015814  -0.001252  -0.006266  0.742556  -0.010632  0.669699  0.012842  0.999916  0.001635  -0.669661  0.007387  0.742630  -0.026220  -0.004414  0.025202  0.220227  1.326847  0.090537  1.000000  
73.014981 0.015778  -0.001258  -0.006235  0.743901  -0.010765  0.668203  0.012712  0.999917  0.001956  -0.668169  0.007039  0.743976  -0.026527  -0.004573  0.025228  0.221473  1.346047  0.096919  1.000000  
73.016227 0.015741  -0.001266  -0.006203  0.745156  -0.010690  0.666804  0.012427  0.999920  0.002143  -0.666774  0.006689  0.745230  -0.026924  -0.004773  0.025332  0.221067  1.355272  0.102631  1.000000  
73.017229 0.015711  -0.001272  -0.006177  0.746139  -0.010736  0.665703  0.012290  0.999922  0.002352  -0.665676  0.006427  0.746213  -0.027285  -0.004922  0.025541  0.220603  1.350702  0.108339  1.000000  
73.018483 0.015673  -0.001280  -0.006144  0.747565  -0.010866  0.664100  0.012159  0.999922  0.002674  -0.664077  0.006076  0.747639  -0.027744  -0.005152  0.025875  0.224916  1.373197  0.108832  1.000000  
73.019726 0.015634  -0.001288  -0.006108  0.748812  -0.010868  0.662693  0.011871  0.999925  0.002985  -0.662676  0.005632  0.748885  -0.028258  -0.005357  0.026341  0.226091  1.379842  0.118564  1.000000  
73.020726 0.015602  -0.001295  -0.006079  0.749878  -0.010992  0.661485  0.011734  0.999926  0.003315  -0.661472  0.005276  0.749951  -0.028722  -0.005542  0.026667  0.225722  1.388984  0.124294  1.000000  
73.021730 0.015570  -0.001301  -0.006049  0.750764  -0.011034  0.660478  0.011593  0.999927  0.003527  -0.660468  0.005009  0.750837  -0.029061  -0.005642  0.027007  0.227737  1.395610  0.126041  1.000000  
73.022976 0.015529  -0.001310  -0.006013  0.752002  -0.011237  0.659065  0.011457  0.999926  0.003976  -0.659061  0.004561  0.752076  -0.029599  -0.005823  0.027202  0.236178  1.404790  0.126864  1.000000  
73.023982 0.015497  -0.001317  -0.005984  0.753062  -0.011358  0.657852  0.011318  0.999927  0.004307  -0.657852  0.004202  0.753135  -0.029924  -0.005869  0.027352  0.241941  1.415686  0.131242  1.000000  
73.025227 0.015456  -0.001325  -0.005948  0.754207  -0.011478  0.656536  0.011180  0.999927  0.004637  -0.656541  0.003843  0.754280  -0.030395  -0.006037  0.027420  0.246192  1.419871  0.131998  1.000000  
73.026476 0.015415  -0.001332  -0.005913  0.755525  -0.011677  0.655015  0.011044  0.999926  0.005086  -0.655026  0.003391  0.755599  -0.030818  -0.006121  0.027476  0.254545  1.433204  0.132792  1.000000  
73.027488 0.015382  -0.001338  -0.005884  0.756578  -0.011714  0.653798  0.010904  0.999927  0.005298  -0.653812  0.003121  0.756650  -0.031172  -0.006217  0.027632  0.252740  1.444582  0.134681  1.000000  
73.028730 0.015340  -0.001346  -0.005849  0.757978  -0.011911  0.652171  0.010768  0.999926  0.005747  -0.652191  0.002667  0.758050  -0.031599  -0.006277  0.027808  0.261698  1.465471  0.135740  1.000000  
73.029979 0.015297  -0.001353  -0.005811  0.759288  -0.012026  0.650644  0.010630  0.999925  0.006076  -0.650668  0.002303  0.759359  -0.032037  -0.006345  0.028284  0.263642  1.474589  0.135161  1.000000  
73.031233 0.015254  -0.001361  -0.005771  0.760594  -0.012218  0.649113  0.010492  0.999924  0.006528  -0.649143  0.001845  0.760664  -0.032490  -0.006327  0.028879  0.269915  1.489678  0.137171  1.000000  
73.032477 0.015210  -0.001369  -0.005729  0.762071  -0.012331  0.647376  0.010355  0.999923  0.006856  -0.647411  0.001479  0.762140  -0.032977  -0.006368  0.029481  0.272021  1.508692  0.136669  1.000000  
73.033479 0.015174  -0.001375  -0.005696  0.763109  -0.012647  0.646146  0.010369  0.999919  0.007324  -0.646186  0.001111  0.763179  -0.033320  -0.006331  0.029877  0.283160  1.520978  0.133472  1.000000  
73.034726 0.015128  -0.001382  -0.005653  0.764493  -0.012756  0.644506  0.010231  0.999918  0.007655  -0.644551  0.000742  0.764561  -0.033819  -0.006293  0.030393  0.283460  1.534513  0.134373  1.000000  
73.035726 0.015091  -0.001388  -0.005621  0.765443  -0.012785  0.643377  0.010086  0.999918  0.007871  -0.643425  0.000464  0.765509  -0.034101  -0.006210  0.030586  0.283696  1.534584  0.135130  1.000000  
73.036726 0.015053  -0.001394  -0.005589  0.766563  -0.012892  0.642040  0.009943  0.999917  0.008206  -0.642093  0.000093  0.766627  -0.034461  -0.006201  0.030723  0.289608  1.548513  0.134558  1.000000  
73.037976 0.015007  -0.001401  -0.005549  0.767852  -0.013074  0.640494  0.009801  0.999914  0.008661  -0.640553  -0.000373  0.767914  -0.034917  -0.006040  0.030911  0.296410  1.561448  0.136797  1.000000  
73.039226 0.014959  -0.001407  -0.005509  0.769138  -0.013255  0.638946  0.009659  0.999912  0.009116  -0.639010  -0.000840  0.769198  -0.035370  -0.005907  0.031153  0.302268  1.570687  0.136502  1.000000  
73.040389 0.014921  -0.001412  -0.005476  0.770250  -0.013357  0.637602  0.009515  0.999910  0.009453  -0.637671  -0.001215  0.770308  -0.035372  -0.005780  0.031164  0.303591  1.576180  0.137970  1.000000  
73.041476 0.014872  -0.001419  -0.005434  0.771615  -0.013535  0.635946  0.009373  0.999907  0.009908  -0.636021  -0.001685  0.771670  -0.036280  -0.005761  0.031955  0.310920  1.593137  0.138401  1.000000  
73.042728 0.014823  -0.001424  -0.005390  0.772890  -0.013839  0.634389  0.009388  0.999902  0.010375  -0.634471  -0.002063  0.772944  -0.036741  -0.005639  0.032506  0.318989  1.598330  0.130332  1.000000  
73.043981 0.014772  -0.001430  -0.005344  0.774163  -0.014013  0.632831  0.009244  0.999899  0.010832  -0.632918  -0.002536  0.774214  -0.037338  -0.005542  0.033223  0.323063  1.601424  0.131307  1.000000  
73.044983 0.014732  -0.001435  -0.005307  0.775265  -0.014032  0.631480  0.009098  0.999898  0.011050  -0.631571  -0.002821  0.775313  -0.037767  -0.005427  0.033567  0.323673  1.605657  0.126896  1.000000  
73.046050 0.014691  -0.001439  -0.005269  0.776280  -0.014051  0.630232  0.008950  0.999896  0.011269  -0.630325  -0.003107  0.776325  -0.038017  -0.005307  0.033874  0.323126  1.606383  0.127346  1.000000  
73.047230 0.014638  -0.001444  -0.005222  0.777629  -0.014220  0.628562  0.008805  0.999892  0.011727  -0.628662  -0.003585  0.777671  -0.038705  -0.005175  0.034345  0.328209  1.619005  0.128726  1.000000  
73.048233 0.014596  -0.001448  -0.005185  0.778637  -0.014443  0.627308  0.008817  0.999888  0.012077  -0.627412  -0.003873  0.778678  -0.039152  -0.004997  0.034569  0.332965  1.614774  0.124252  1.000000  
73.049331 0.014553  -0.001452  -0.005149  0.779562  -0.014535  0.626157  0.008667  0.999885  0.012420  -0.626265  -0.004255  0.779598  -0.039334  -0.004780  0.034541  0.331981  1.609040  0.124753  1.000000  
73.050482 0.014499  -0.001457  -0.005103  0.780902  -0.014623  0.624482  0.008521  0.999882  0.012758  -0.624595  -0.004642  0.780935  -0.040134  -0.004660  0.035094  0.333722  1.618808  0.120970  1.000000  
73.051726 0.014444  -0.001460  -0.005058  0.782154  -0.014991  0.622905  0.008535  0.999874  0.013347  -0.623026  -0.005123  0.782184  -0.040616  -0.004403  0.035405  0.343747  1.628117  0.115688  1.000000  
73.052726 0.014399  -0.001463  -0.005020  0.783238  -0.015078  0.621539  0.008385  0.999871  0.013690  -0.621665  -0.005511  0.783264  -0.041175  -0.004215  0.035836  0.342721  1.637002  0.117713  1.000000  
73.053976 0.014343  -0.001467  -0.004972  0.784567  -0.015367  0.619853  0.008399  0.999865  0.014157  -0.619987  -0.005901  0.784590  -0.041754  -0.004084  0.036451  0.344546  1.641526  0.112466  1.000000  
73.055226 0.014286  -0.001472  -0.004922  0.785812  -0.015524  0.618271  0.008251  0.999859  0.014619  -0.618411  -0.006386  0.785829  -0.042793  -0.003992  0.037338  0.348737  1.650106  0.113529  1.000000  
73.056475 0.014228  -0.001476  -0.004872  0.787134  -0.015885  0.616578  0.008265  0.999850  0.015208  -0.616727  -0.006875  0.787147  -0.042919  -0.003800  0.037432  0.353320  1.654453  0.109430  1.000000  
73.057495 0.014181  -0.001479  -0.004833  0.788207  -0.015965  0.615203  0.008114  0.999846  0.015552  -0.615357  -0.007266  0.788215  -0.043500  -0.003691  0.037744  0.356357  1.658683  0.111258  1.000000  
73.058726 0.014122  -0.001482  -0.004784  0.789522  -0.016247  0.613507  0.008127  0.999839  0.016020  -0.613668  -0.007662  0.789527  -0.044056  -0.003542  0.037954  0.358119  1.659049  0.106083  1.000000  
73.059978 0.014062  -0.001486  -0.004736  0.790834  -0.016528  0.611807  0.008141  0.999831  0.016487  -0.611976  -0.008058  0.790835  -0.044665  -0.003450  0.038120  0.362627  1.663316  0.101743  1.000000  
73.060981 0.014014  -0.001489  -0.004698  0.791816  -0.016811  0.610529  0.008151  0.999823  0.016959  -0.610706  -0.008452  0.791813  -0.045335  -0.003370  0.038232  0.366138  1.663778  0.098226  1.000000  
73.062227 0.013953  -0.001493  -0.004651  0.793040  -0.017016  0.608932  0.008163  0.999817  0.017307  -0.609115  -0.008754  0.793033  -0.045685  -0.003242  0.038084  0.367601  1.654471  0.092839  1.000000  
73.063476 0.013891  -0.001497  -0.004604  0.794261  -0.017293  0.607331  0.008176  0.999809  0.017775  -0.607522  -0.009153  0.794250  -0.046267  -0.003161  0.038185  0.363720  1.654375  0.093878  1.000000  
73.064476 0.013841  -0.001499  -0.004564  0.795235  -0.017499  0.606049  0.008186  0.999802  0.018126  -0.606246  -0.009453  0.795221  -0.046800  -0.003074  0.038392  0.367145  1.650054  0.089995  1.000000  
73.065726 0.013780  -0.001502  -0.004515  0.796531  -0.017698  0.604339  0.008199  0.999796  0.018472  -0.604542  -0.009759  0.796513  -0.047179  -0.002991  0.038642  0.367541  1.659008  0.085469  1.000000  
73.066980 0.013718  -0.001505  -0.004464  0.797823  -0.017970  0.602624  0.008213  0.999787  0.018940  -0.602836  -0.010161  0.797801  -0.047690  -0.002913  0.038943  0.367916  1.658912  0.081083  1.000000  
73.068225 0.013655  -0.001508  -0.004413  0.799110  -0.018445  0.600902  0.008391  0.999774  0.019531  -0.601126  -0.010566  0.799084  -0.048215  -0.002848  0.039135  0.372619  1.663630  0.071293  1.000000  
73.069474 0.013592  -0.001511  -0.004361  0.800315  -0.018642  0.599290  0.008403  0.999767  0.019878  -0.599521  -0.010873  0.800285  -0.048582  -0.002767  0.039380  0.368892  1.659215  0.066733  1.000000  
73.070474 0.013541  -0.001513  -0.004322  0.801435  -0.019045  0.597779  0.008580  0.999756  0.020349  -0.598021  -0.011180  0.801403  -0.048986  -0.002716  0.039395  0.373823  1.669890  0.056752  1.000000  
73.071724 0.013478  -0.001516  -0.004272  0.802713  -0.019310  0.596053  0.008594  0.999746  0.020816  -0.596304  -0.011587  0.802675  -0.049235  -0.002643  0.039297  0.377816  1.668280  0.052128  1.000000  
73.072735 0.013427  -0.001519  -0.004233  0.803747  -0.019640  0.594647  0.008770  0.999738  0.021166  -0.594906  -0.011797  0.803708  -0.049495  -0.002656  0.039284  0.378070  1.672122  0.041888  1.000000  
73.073974 0.013363  -0.001523  -0.004185  0.804938  -0.020038  0.593021  0.008949  0.999726  0.021634  -0.593292  -0.012107  0.804896  -0.049754  -0.002637  0.039315  0.375372  1.672658  0.037008  1.000000  
73.074975 0.013312  -0.001526  -0.004146  0.805889  -0.020234  0.591721  0.008959  0.999718  0.021984  -0.591999  -0.012415  0.805843  -0.049987  -0.002650  0.039306  0.379600  1.668191  0.032173  1.000000  
73.076224 0.013248  -0.001530  -0.004098  0.807074  -0.020630  0.590090  0.009139  0.999706  0.022451  -0.590380  -0.012727  0.807025  -0.050506  -0.002676  0.039677  0.384024  1.664057  0.021991  1.000000  
73.077233 0.013197  -0.001532  -0.004058  0.807940  -0.020960  0.588892  0.009315  0.999697  0.022801  -0.589192  -0.012936  0.807890  -0.050360  -0.002593  0.039536  0.383246  1.659218  0.011719  1.000000  
73.078478 0.013134  -0.001536  -0.004007  0.809119  -0.021353  0.587257  0.009495  0.999684  0.023267  -0.587569  -0.013250  0.809066  -0.050462  -0.002621  0.039745  0.388470  1.659270  0.001457  1.000000  
73.079727 0.013070  -0.001540  -0.003957  0.810296  -0.021469  0.585627  0.009509  0.999679  0.023491  -0.585944  -0.013466  0.810240  -0.050610  -0.002729  0.039897  0.380378  1.659386  0.002036  1.000000  
73.080729 0.013020  -0.001543  -0.003916  0.811234  -0.021795  0.584316  0.009687  0.999669  0.023838  -0.584642  -0.013678  0.811176  -0.050834  -0.002770  0.040067  0.379646  1.659797  -0.008441  1.000000  
73.081976 0.012957  -0.001547  -0.003866  0.812325  -0.022187  0.582782  0.009867  0.999656  0.024304  -0.583121  -0.013992  0.812265  -0.050755  -0.002828  0.039905  0.379766  1.650867  -0.018827  1.000000  
73.083224 0.012894  -0.001551  -0.003816  0.813492  -0.022506  0.581141  0.010049  0.999646  0.024646  -0.581489  -0.014209  0.813430  -0.050694  -0.002866  0.039827  0.371647  1.651061  -0.023716  1.000000  
73.084233 0.012844  -0.001554  -0.003776  0.814345  -0.022761  0.579935  0.010227  0.999638  0.024872  -0.580291  -0.014323  0.814283  -0.050656  -0.002928  0.039624  0.371615  1.641711  -0.034545  1.000000  
73.085476 0.012782  -0.001559  -0.003727  0.815505  -0.023078  0.578289  0.010410  0.999628  0.025213  -0.578656  -0.014541  0.815442  -0.050609  -0.003051  0.039651  0.363539  1.642345  -0.039488  1.000000  
73.086726 0.012720  -0.001563  -0.003677  0.816509  -0.023398  0.576859  0.010591  0.999617  0.025556  -0.577236  -0.014757  0.816444  -0.050513  -0.003094  0.039730  0.359426  1.628894  -0.050163  1.000000  
