1-Time 2-Px 3-Py 4-Pz 5-R11 6-R21 7-R31 8-R12 9-R22 10-R32 11-R13 12-R23 13-R33 14-Vx 15-Vy 16-Vz 17-Wx 18-Wy 19-Wz 20-state
14.046962 0.010913  -0.006839  0.004898  0.947291  -0.007261  0.320294  -0.310383  0.226948  0.923124  -0.079393  -0.973880  0.212732  -0.001363  -0.000399  0.000284  0.000000  0.000000  0.000000  1.000000  
14.048098 0.010912  -0.006839  0.004898  0.947291  -0.007261  0.320294  -0.310383  0.226948  0.923124  -0.079393  -0.973880  0.212732  -0.001331  -0.000365  0.000363  0.000000  0.000000  0.000000  1.000000  
14.049120 0.010907  -0.006839  0.004896  0.947354  -0.007308  0.320103  -0.310188  0.226947  0.923190  -0.079393  -0.973880  0.212732  -0.001602  -0.000282  0.000226  0.000000  0.000000  0.000000  1.000000  
14.050337 0.010899  -0.006839  0.004892  0.947354  -0.007308  0.320103  -0.310188  0.226947  0.923190  -0.079393  -0.973880  0.212732  -0.004707  0.000281  -0.002142  0.000000  0.000000  0.000000  1.000000  
14.051338 0.010893  -0.006837  0.004889  0.947354  -0.007308  0.320103  -0.310188  0.226947  0.923190  -0.079393  -0.973880  0.212732  -0.004891  0.000644  -0.002215  0.000000  0.000000  0.000000  1.000000  
14.052588 0.010888  -0.006836  0.004889  0.947354  -0.007269  0.320104  -0.310188  0.227059  0.923162  -0.079393  -0.973854  0.212850  -0.004778  0.000643  -0.001775  0.000000  0.000000  0.000000  1.000000  
14.053589 0.010882  -0.006835  0.004889  0.947354  -0.007269  0.320104  -0.310188  0.227059  0.923162  -0.079393  -0.973854  0.212850  -0.004938  0.000709  -0.001442  0.000000  0.000000  0.000000  1.000000  
14.054837 0.010871  -0.006833  0.004888  0.947354  -0.007230  0.320105  -0.310188  0.227170  0.923134  -0.079393  -0.973828  0.212968  -0.005590  0.000804  -0.001326  0.000000  0.000000  0.000000  1.000000  
14.055843 0.010861  -0.006830  0.004887  0.947354  -0.007230  0.320105  -0.310188  0.227170  0.923134  -0.079393  -0.973828  0.212968  -0.006079  0.001093  -0.001327  0.000000  0.000000  0.000000  1.000000  
14.057092 0.010850  -0.006827  0.004884  0.947354  -0.007191  0.320106  -0.310188  0.227282  0.923107  -0.079393  -0.973802  0.213086  -0.006424  0.001312  -0.001417  0.000000  0.000000  0.000000  1.000000  
14.058338 0.010839  -0.006823  0.004883  0.947354  -0.007191  0.320106  -0.310188  0.227282  0.923107  -0.079393  -0.973802  0.213086  -0.006674  0.001462  -0.001344  0.000000  0.000000  0.000000  1.000000  
14.059340 0.010832  -0.006821  0.004882  0.947364  -0.007029  0.320080  -0.310191  0.227354  0.923088  -0.079259  -0.973787  0.213207  -0.006732  0.001568  -0.001341  0.000000  0.000000  0.000000  1.000000  
14.060347 0.010822  -0.006819  0.004879  0.947364  -0.007029  0.320080  -0.310191  0.227354  0.923088  -0.079259  -0.973787  0.213207  -0.006944  0.001603  -0.001428  0.000000  0.000000  0.000000  1.000000  
14.061347 0.010813  -0.006816  0.004876  0.947364  -0.006990  0.320081  -0.310191  0.227466  0.923061  -0.079259  -0.973761  0.213325  -0.007110  0.001685  -0.001532  0.000000  0.000000  0.000000  1.000000  
14.062594 0.010799  -0.006813  0.004871  0.947375  -0.006827  0.320054  -0.310194  0.227537  0.923042  -0.079126  -0.973745  0.213445  -0.007654  0.001805  -0.001812  0.000000  0.000000  0.000000  1.000000  
14.063848 0.010786  -0.006810  0.004864  0.947375  -0.006827  0.320054  -0.310194  0.227537  0.923042  -0.079126  -0.973745  0.213445  -0.008221  0.001990  -0.002194  0.000000  0.000000  0.000000  1.000000  
14.065092 0.010772  -0.006807  0.004858  0.947375  -0.006788  0.320055  -0.310194  0.227649  0.923014  -0.079126  -0.973720  0.213563  -0.008597  0.002040  -0.002343  0.000000  0.000000  0.000000  1.000000  
14.066339 0.010759  -0.006803  0.004854  0.947375  -0.006749  0.320056  -0.310194  0.227761  0.922987  -0.079126  -0.973694  0.213682  -0.009048  0.002259  -0.002390  0.000000  0.000000  0.000000  1.000000  
14.067588 0.010744  -0.006801  0.004853  0.947375  -0.006711  0.320057  -0.310194  0.227873  0.922959  -0.079126  -0.973668  0.213800  -0.009585  0.002345  -0.002386  0.000000  0.000000  0.000000  1.000000  
14.068840 0.010729  -0.006797  0.004851  0.947364  -0.006796  0.320085  -0.310191  0.228026  0.922922  -0.079259  -0.973631  0.213915  -0.009977  0.002557  -0.002576  0.000000  0.000000  0.000000  1.000000  
14.070090 0.010714  -0.006793  0.004846  0.947364  -0.006757  0.320086  -0.310191  0.228138  0.922895  -0.079259  -0.973605  0.214034  -0.010275  0.002608  -0.002788  0.000000  0.000000  0.000000  1.000000  
14.071340 0.010700  -0.006789  0.004839  0.947364  -0.006718  0.320087  -0.310191  0.228250  0.922867  -0.079259  -0.973579  0.214152  -0.010444  0.002649  -0.003152  0.000000  0.000000  0.000000  1.000000  
14.072588 0.010687  -0.006785  0.004833  0.947354  -0.006803  0.320115  -0.310188  0.228402  0.922830  -0.079393  -0.973543  0.214267  -0.010532  0.002685  -0.003389  0.000000  0.000000  0.000000  1.000000  
14.073590 0.010678  -0.006781  0.004829  0.947354  -0.006764  0.320115  -0.310188  0.228514  0.922803  -0.079393  -0.973517  0.214386  -0.010704  0.002728  -0.003604  0.000000  0.000000  0.000000  1.000000  
14.074841 0.010666  -0.006777  0.004824  0.947354  -0.006686  0.320117  -0.310188  0.228738  0.922747  -0.079393  -0.973465  0.214622  -0.010794  0.002825  -0.003764  0.000000  0.000000  0.000000  1.000000  
14.075842 0.010655  -0.006775  0.004820  0.947354  -0.006648  0.320118  -0.310188  0.228850  0.922720  -0.079393  -0.973439  0.214740  -0.010886  0.002798  -0.003861  0.000000  0.000000  0.000000  1.000000  
14.077113 0.010642  -0.006771  0.004815  0.947354  -0.006609  0.320119  -0.310188  0.228962  0.922692  -0.079393  -0.973413  0.214858  -0.010843  0.002889  -0.003867  0.000000  0.000000  0.000000  1.000000  
14.078346 0.010629  -0.006767  0.004809  0.947291  -0.006484  0.320310  -0.310383  0.229187  0.922570  -0.079393  -0.973361  0.215094  -0.010756  0.002924  -0.003817  0.000000  0.000000  0.000000  1.000000  
14.079591 0.010618  -0.006763  0.004806  0.947291  -0.006445  0.320311  -0.310383  0.229299  0.922542  -0.079393  -0.973335  0.215212  -0.010629  0.002993  -0.003576  0.000000  0.000000  0.000000  1.000000  
14.080841 0.010606  -0.006759  0.004803  0.947227  -0.006320  0.320502  -0.310578  0.229524  0.922421  -0.079393  -0.973283  0.215448  -0.010502  0.003058  -0.003446  0.000000  0.000000  0.000000  1.000000  
14.082089 0.010593  -0.006755  0.004800  0.947227  -0.006281  0.320503  -0.310578  0.229636  0.922393  -0.079393  -0.973256  0.215566  -0.010431  0.003122  -0.003554  0.000000  0.000000  0.000000  1.000000  
14.083338 0.010580  -0.006752  0.004794  0.947163  -0.006156  0.320695  -0.310773  0.229861  0.922271  -0.079393  -0.973204  0.215802  -0.010291  0.003115  -0.003921  0.000000  0.000000  0.000000  1.000000  
14.084588 0.010569  -0.006746  0.004785  0.947163  -0.006078  0.320696  -0.310773  0.230084  0.922216  -0.079393  -0.973152  0.216038  -0.010091  0.003236  -0.004145  0.000000  0.000000  0.000000  1.000000  
14.085596 0.010561  -0.006742  0.004778  0.947089  -0.006077  0.320915  -0.310964  0.230350  0.922085  -0.079526  -0.973089  0.216272  -0.009828  0.003314  -0.004287  0.000000  0.000000  0.000000  1.000000  
14.086838 0.010549  -0.006735  0.004770  0.947025  -0.005952  0.321106  -0.311159  0.230575  0.921963  -0.079526  -0.973036  0.216508  -0.009710  0.003500  -0.004459  0.000000  0.000000  0.000000  1.000000  
14.087846 0.010541  -0.006731  0.004764  0.946960  -0.005826  0.321297  -0.311354  0.230800  0.921841  -0.079526  -0.972984  0.216744  -0.009635  0.003520  -0.004553  0.000000  0.000000  0.000000  1.000000  
14.089087 0.010529  -0.006726  0.004757  0.946896  -0.005662  0.321489  -0.311549  0.231136  0.921690  -0.079526  -0.972905  0.217098  -0.009685  0.003546  -0.004639  0.000000  0.000000  0.000000  1.000000  
14.090111 0.010520  -0.006723  0.004752  0.946822  -0.005660  0.321708  -0.311741  0.231402  0.921559  -0.079660  -0.972842  0.217332  -0.009535  0.003627  -0.004733  0.000000  0.000000  0.000000  1.000000  
14.091338 0.010508  -0.006716  0.004744  0.946758  -0.005495  0.321900  -0.311936  0.231738  0.921408  -0.079660  -0.972763  0.217686  -0.009440  0.003857  -0.004928  0.000000  0.000000  0.000000  1.000000  
14.092589 0.010496  -0.006710  0.004736  0.946629  -0.005282  0.322281  -0.312326  0.232076  0.921191  -0.079660  -0.972683  0.218040  -0.009339  0.004050  -0.005035  0.000000  0.000000  0.000000  1.000000  
14.093591 0.010487  -0.006705  0.004729  0.946565  -0.005117  0.322472  -0.312520  0.232412  0.921040  -0.079660  -0.972604  0.218394  -0.009307  0.004128  -0.005301  0.000000  0.000000  0.000000  1.000000  
14.094595 0.010478  -0.006700  0.004724  0.946555  -0.005123  0.322502  -0.312517  0.232788  0.920947  -0.079793  -0.972514  0.218745  -0.009330  0.004223  -0.005486  -0.185949  -0.085663  -0.004001  1.000000  
14.095847 0.010467  -0.006694  0.004714  0.946491  -0.004958  0.322694  -0.312712  0.233124  0.920796  -0.079793  -0.972434  0.219099  -0.009230  0.004328  -0.005986  -0.194666  -0.092403  -0.002484  1.000000  
14.097091 0.010456  -0.006688  0.004704  0.946426  -0.004753  0.322885  -0.312907  0.233572  0.920616  -0.079793  -0.972328  0.219571  -0.009172  0.004529  -0.006428  -0.207455  -0.099141  -0.000957  1.000000  
14.098338 0.010444  -0.006680  0.004692  0.946362  -0.004548  0.323077  -0.313102  0.234019  0.920436  -0.079793  -0.972221  0.220043  -0.009108  0.004761  -0.006755  -0.220270  -0.104907  0.004964  1.000000  
14.099346 0.010435  -0.006674  0.004683  0.946287  -0.004506  0.323296  -0.313293  0.234396  0.920275  -0.079926  -0.972131  0.220394  -0.009058  0.004900  -0.006918  -0.233000  -0.112589  0.002096  1.000000  
14.100588 0.010424  -0.006667  0.004672  0.946223  -0.004301  0.323488  -0.313488  0.234843  0.920094  -0.079926  -0.972024  0.220866  -0.009115  0.004969  -0.007100  -0.243811  -0.118363  0.003605  1.000000  
14.101588 0.010415  -0.006662  0.004664  0.946148  -0.004258  0.323707  -0.313679  0.235220  0.919933  -0.080060  -0.971933  0.221217  -0.009123  0.004982  -0.007200  -0.254624  -0.127096  0.000782  1.000000  
14.102590 0.010405  -0.006657  0.004655  0.946138  -0.004225  0.323737  -0.313676  0.235707  0.919809  -0.080193  -0.971815  0.221686  -0.009167  0.005017  -0.007348  -0.266766  -0.127042  0.000820  1.000000  
14.103844 0.010392  -0.006651  0.004644  0.946073  -0.003980  0.323929  -0.313871  0.236266  0.919600  -0.080193  -0.971680  0.222276  -0.009247  0.005109  -0.007660  -0.281454  -0.132748  0.002359  1.000000  
14.105088 0.010381  -0.006643  0.004633  0.946063  -0.003867  0.323960  -0.313867  0.236976  0.919418  -0.080326  -0.971508  0.222980  -0.009285  0.005288  -0.007995  -0.299982  -0.134775  -0.001946  1.000000  
14.106339 0.010370  -0.006635  0.004619  0.945988  -0.003745  0.324180  -0.314059  0.237575  0.919198  -0.080460  -0.971362  0.223567  -0.009189  0.005460  -0.008407  -0.316840  -0.142488  -0.004768  1.000000  
14.107340 0.010361  -0.006629  0.004607  0.945913  -0.003623  0.324400  -0.314250  0.238174  0.918978  -0.080593  -0.971216  0.224154  -0.009162  0.005504  -0.008749  -0.330959  -0.148969  -0.007521  1.000000  
14.108588 0.010350  -0.006621  0.004593  0.945903  -0.003549  0.324431  -0.314247  0.238773  0.918823  -0.080726  -0.971069  0.224740  -0.009123  0.005602  -0.009102  -0.342547  -0.143282  -0.013318  1.000000  
14.109588 0.010341  -0.006615  0.004583  0.945828  -0.003427  0.324650  -0.314438  0.239372  0.918602  -0.080860  -0.970922  0.225327  -0.009164  0.005649  -0.009416  -0.359292  -0.150949  -0.016104  1.000000  
14.110594 0.010333  -0.006609  0.004572  0.945818  -0.003353  0.324681  -0.314435  0.239970  0.918447  -0.080993  -0.970775  0.225913  -0.009118  0.005805  -0.009625  -0.373936  -0.146468  -0.022085  1.000000  
14.111610 0.010324  -0.006602  0.004562  0.945743  -0.003230  0.324901  -0.314626  0.240568  0.918225  -0.081127  -0.970627  0.226499  -0.009081  0.005908  -0.009770  -0.390585  -0.154110  -0.024873  1.000000  
14.112841 0.010312  -0.006594  0.004550  0.945722  -0.003200  0.324961  -0.314619  0.241430  0.918001  -0.081393  -0.970413  0.227319  -0.009109  0.005995  -0.009832  -0.411199  -0.156204  -0.033572  1.000000  
14.114090 0.010302  -0.006584  0.004539  0.945647  -0.002998  0.325182  -0.314810  0.242251  0.917719  -0.081527  -0.970209  0.228140  -0.008995  0.006140  -0.009782  -0.431601  -0.157227  -0.037871  1.000000  
14.115338 0.010291  -0.006576  0.004527  0.945626  -0.002968  0.325242  -0.314803  0.243112  0.917494  -0.081793  -0.969994  0.228959  -0.008987  0.006210  -0.009784  -0.451621  -0.151583  -0.043726  1.000000  
14.116339 0.010282  -0.006569  0.004519  0.945540  -0.002927  0.325491  -0.314991  0.243862  0.917231  -0.082060  -0.969805  0.229659  -0.008969  0.006259  -0.009811  -0.467838  -0.153579  -0.052409  1.000000  
14.117589 0.010271  -0.006561  0.004507  0.945455  -0.002768  0.325742  -0.315179  0.244946  0.916877  -0.082327  -0.969533  0.230713  -0.008969  0.006380  -0.009887  -0.496471  -0.155655  -0.061081  1.000000  
14.118837 0.010260  -0.006552  0.004494  0.945423  -0.002821  0.325833  -0.315168  0.245959  0.916610  -0.082727  -0.969276  0.231646  -0.008835  0.006571  -0.010022  -0.516234  -0.151983  -0.075666  1.000000  
14.119845 0.010252  -0.006544  0.004483  0.945337  -0.002739  0.326082  -0.315356  0.246819  0.916314  -0.082993  -0.969058  0.232464  -0.008699  0.006721  -0.010153  -0.536933  -0.153119  -0.080008  1.000000  
14.121090 0.010242  -0.006534  0.004469  0.945251  -0.002578  0.326333  -0.315544  0.247902  0.915957  -0.083260  -0.968782  0.233516  -0.008635  0.006855  -0.010133  -0.561102  -0.155123  -0.088611  1.000000  
14.122338 0.010233  -0.006523  0.004456  0.945155  -0.002539  0.326614  -0.315728  0.249025  0.915589  -0.083660  -0.968494  0.234566  -0.008563  0.007015  -0.010101  -0.580746  -0.156940  -0.100798  1.000000  
14.123591 0.010222  -0.006512  0.004444  0.945068  -0.002337  0.326865  -0.315915  0.250218  0.915199  -0.083927  -0.968187  0.235735  -0.008528  0.007278  -0.009925  -0.609541  -0.153678  -0.111841  1.000000  
14.124838 0.010213  -0.006501  0.004434  0.944971  -0.002297  0.327145  -0.316099  0.251341  0.914827  -0.084327  -0.967896  0.236784  -0.008417  0.007495  -0.009694  -0.633063  -0.154573  -0.119542  1.000000  
14.125839 0.010205  -0.006493  0.004427  0.944885  -0.002173  0.327396  -0.316286  0.252311  0.914496  -0.084593  -0.967644  0.237718  -0.008384  0.007675  -0.009550  -0.653768  -0.163332  -0.126538  1.000000  
14.127092 0.010195  -0.006480  0.004417  0.944787  -0.002092  0.327678  -0.316470  0.253544  0.914091  -0.084993  -0.967322  0.238883  -0.008269  0.007887  -0.009335  -0.679409  -0.167857  -0.140530  1.000000  
14.128345 0.010186  -0.006467  0.004408  0.944690  -0.001971  0.327960  -0.316654  0.254887  0.913654  -0.085393  -0.966969  0.240165  -0.008165  0.008164  -0.009173  -0.707905  -0.171082  -0.153490  1.000000  
14.129590 0.010176  -0.006455  0.004398  0.944527  -0.001795  0.328430  -0.317032  0.256230  0.913147  -0.085793  -0.966614  0.241447  -0.008112  0.008443  -0.009046  -0.737181  -0.180044  -0.160514  1.000000  
14.130840 0.010167  -0.006442  0.004390  0.944418  -0.001755  0.328743  -0.317211  0.257724  0.912664  -0.086326  -0.966217  0.242842  -0.008016  0.008738  -0.008907  -0.769812  -0.183330  -0.173454  1.000000  
14.131841 0.010159  -0.006431  0.004382  0.944330  -0.001587  0.328995  -0.317398  0.258803  0.912294  -0.086593  -0.965929  0.243891  -0.007926  0.008981  -0.008711  -0.794238  -0.185543  -0.182055  1.000000  
14.133087 0.010149  -0.006418  0.004374  0.944167  -0.001369  0.329465  -0.317776  0.260254  0.911749  -0.086993  -0.965539  0.245288  -0.007785  0.009349  -0.008528  -0.821375  -0.199610  -0.185877  1.000000  
14.134087 0.010142  -0.006405  0.004367  0.944068  -0.001283  0.329748  -0.317959  0.261484  0.911333  -0.087393  -0.965207  0.246451  -0.007712  0.009691  -0.008254  -0.845563  -0.202889  -0.198690  1.000000  
14.135087 0.010135  -0.006393  0.004360  0.943904  -0.001101  0.330219  -0.318337  0.262824  0.910816  -0.087793  -0.964843  0.247730  -0.007679  0.009991  -0.007985  -0.871016  -0.218476  -0.203931  1.000000  
14.136337 0.010126  -0.006377  0.004352  0.943728  -0.001001  0.330721  -0.318710  0.264315  0.910254  -0.088326  -0.964436  0.249122  -0.007627  0.010329  -0.007603  -0.899991  -0.228509  -0.215093  1.000000  
14.137338 0.010119  -0.006365  0.004346  0.943563  -0.000817  0.331192  -0.319087  0.265653  0.909732  -0.088725  -0.964068  0.250400  -0.007594  0.010625  -0.007265  -0.924903  -0.237487  -0.221914  1.000000  
14.138587 0.010110  -0.006348  0.004339  0.943398  -0.000471  0.331663  -0.319464  0.267432  0.909078  -0.089125  -0.963577  0.252144  -0.007493  0.010934  -0.007026  -0.966473  -0.253147  -0.226997  1.000000  
14.139840 0.010101  -0.006332  0.004332  0.943221  -0.000285  0.332166  -0.319837  0.269141  0.908442  -0.089658  -0.963101  0.253768  -0.007440  0.011327  -0.006775  -0.999668  -0.264415  -0.235624  1.000000  
14.140843 0.010094  -0.006318  0.004325  0.943121  -0.000112  0.332450  -0.320020  0.270587  0.907948  -0.090058  -0.962696  0.255160  -0.007382  0.011667  -0.006781  -1.030343  -0.272815  -0.245230  1.000000  
14.142088 0.010085  -0.006302  0.004317  0.942943  0.000118  0.332954  -0.320393  0.272404  0.907273  -0.090591  -0.962183  0.256899  -0.007348  0.011897  -0.006706  -1.061653  -0.281482  -0.251455  1.000000  
14.143090 0.010078  -0.006288  0.004309  0.942777  0.000390  0.333425  -0.320769  0.273958  0.906672  -0.090991  -0.961742  0.258407  -0.007357  0.012103  -0.006734  -1.096043  -0.299653  -0.258527  1.000000  
14.144098 0.010070  -0.006275  0.004302  0.942676  0.000607  0.333709  -0.320952  0.275512  0.906137  -0.091391  -0.961298  0.259913  -0.007302  0.012317  -0.006711  -1.128611  -0.300998  -0.262533  1.000000  
14.145341 0.010061  -0.006259  0.004293  0.942497  0.000923  0.334213  -0.321324  0.277545  0.905384  -0.091924  -0.960712  0.261882  -0.007251  0.012582  -0.006663  -1.166185  -0.310338  -0.269141  1.000000  
14.146342 0.010054  -0.006246  0.004287  0.942330  0.001200  0.334683  -0.321700  0.279096  0.904773  -0.092323  -0.960262  0.263387  -0.007280  0.012760  -0.006588  -1.195983  -0.326227  -0.274083  1.000000  
14.147591 0.010045  -0.006228  0.004280  0.942150  0.001560  0.335187  -0.322072  0.281236  0.903978  -0.092856  -0.959637  0.265469  -0.007228  0.013039  -0.006461  -1.231154  -0.332747  -0.278239  1.000000  
14.148838 0.010036  -0.006210  0.004272  0.942025  0.001743  0.335538  -0.322246  0.283417  0.903235  -0.093522  -0.958995  0.267547  -0.007212  0.013194  -0.006362  -1.274747  -0.344906  -0.286964  1.000000  
14.149843 0.010029  -0.006196  0.004266  0.941845  0.001986  0.336042  -0.322617  0.285225  0.902533  -0.094055  -0.958459  0.269278  -0.007223  0.013363  -0.006333  -1.305482  -0.351290  -0.291120  1.000000  
14.151088 0.010019  -0.006179  0.004259  0.941664  0.002435  0.336545  -0.322989  0.287578  0.901652  -0.094588  -0.957754  0.271589  -0.007243  0.013451  -0.006257  -1.350654  -0.360663  -0.297396  1.000000  
14.152338 0.010011  -0.006161  0.004252  0.941483  0.002886  0.337048  -0.323360  0.289930  0.900766  -0.095121  -0.957043  0.273897  -0.007224  0.013562  -0.006258  -1.399275  -0.372015  -0.301765  1.000000  
14.153588 0.010002  -0.006143  0.004244  0.941290  0.003219  0.337585  -0.323727  0.292321  0.899861  -0.095787  -0.956315  0.276201  -0.007200  0.013739  -0.006392  -1.437130  -0.379525  -0.309856  1.000000  
14.154838 0.009993  -0.006126  0.004234  0.941108  0.003717  0.338087  -0.324097  0.294777  0.898926  -0.096319  -0.955559  0.278621  -0.007233  0.013739  -0.006525  -1.486239  -0.387792  -0.311674  1.000000  
14.155840 0.009984  -0.006112  0.004227  0.940992  0.003992  0.338405  -0.324274  0.296796  0.898197  -0.096852  -0.954933  0.280577  -0.007348  0.013727  -0.006526  -1.527365  -0.392715  -0.317991  1.000000  
14.156880 0.009976  -0.006099  0.004219  0.940809  0.004288  0.338909  -0.324645  0.298703  0.897431  -0.097385  -0.954337  0.282415  -0.007374  0.013703  -0.006609  -1.558645  -0.401637  -0.323867  1.000000  
14.158089 0.009966  -0.006083  0.004211  0.940601  0.004593  0.339482  -0.325007  0.301344  0.896416  -0.098184  -0.953504  0.284938  -0.007462  0.013711  -0.006523  -1.605238  -0.409540  -0.332005  1.000000  
14.159100 0.009958  -0.006069  0.004205  0.940418  0.004936  0.339986  -0.325377  0.303357  0.895603  -0.098716  -0.952864  0.286888  -0.007465  0.013742  -0.006441  -1.639335  -0.421251  -0.336466  1.000000  
14.160344 0.009948  -0.006054  0.004197  0.940221  0.005409  0.340522  -0.325742  0.306060  0.894550  -0.099382  -0.951997  0.289526  -0.007534  0.013679  -0.006439  -1.688664  -0.424398  -0.344320  1.000000  
14.161345 0.009940  -0.006041  0.004190  0.940103  0.005735  0.340841  -0.325918  0.308178  0.893758  -0.099914  -0.951311  0.291588  -0.007584  0.013598  -0.006490  -1.721235  -0.427349  -0.352232  1.000000  
14.162593 0.009930  -0.006026  0.004182  0.939893  0.006093  0.341415  -0.326279  0.310918  0.892677  -0.100713  -0.950417  0.294217  -0.007704  0.013457  -0.006541  -1.766461  -0.430559  -0.360025  1.000000  
14.163847 0.009920  -0.006011  0.004172  0.939628  0.006680  0.342134  -0.326837  0.313719  0.891492  -0.101379  -0.949492  0.296963  -0.007719  0.013270  -0.006717  -1.816522  -0.446961  -0.363915  1.000000  
14.165088 0.009910  -0.005995  0.004163  0.939416  0.007129  0.342706  -0.327197  0.316669  0.890316  -0.102177  -0.948509  0.299816  -0.007758  0.013114  -0.006849  -1.866084  -0.450361  -0.371624  1.000000  
14.166090 0.009903  -0.005984  0.004155  0.939216  0.007451  0.343245  -0.327561  0.318925  0.889376  -0.102843  -0.947751  0.301980  -0.007772  0.012996  -0.007001  -1.902944  -0.453490  -0.379480  1.000000  
14.167338 0.009894  -0.005970  0.004146  0.939003  0.007907  0.343818  -0.327921  0.321868  0.888183  -0.103641  -0.946752  0.304828  -0.007804  0.012753  -0.007068  -1.948037  -0.458151  -0.391380  1.000000  
14.168588 0.009884  -0.005956  0.004137  0.938789  0.008408  0.344390  -0.328280  0.324914  0.886940  -0.104440  -0.945706  0.307786  -0.007874  0.012498  -0.007140  -1.993068  -0.461630  -0.398873  1.000000  
14.169588 0.009876  -0.005944  0.004130  0.938588  0.008865  0.344927  -0.328643  0.327485  0.885860  -0.105105  -0.944815  0.310287  -0.007907  0.012335  -0.007093  -2.038354  -0.465026  -0.406635  1.000000  
14.170838 0.009865  -0.005931  0.004122  0.938291  0.009323  0.345721  -0.329190  0.330563  0.884512  -0.106036  -0.943738  0.313234  -0.007921  0.012086  -0.007053  -2.079853  -0.480326  -0.415451  1.000000  
14.171840 0.009858  -0.005920  0.004115  0.938075  0.009668  0.346297  -0.329548  0.333169  0.883401  -0.106835  -0.942818  0.315724  -0.007902  0.011942  -0.006964  -2.125565  -0.487749  -0.426372  1.000000  
14.173087 0.009848  -0.005907  0.004107  0.937858  0.010228  0.346869  -0.329905  0.336307  0.882077  -0.107633  -0.941697  0.318782  -0.007872  0.011703  -0.006914  -2.165003  -0.488655  -0.434529  1.000000  
14.174091 0.009840  -0.005897  0.004101  0.937654  0.010699  0.347406  -0.330268  0.338864  0.880962  -0.108298  -0.940775  0.321271  -0.007866  0.011501  -0.006887  -2.202531  -0.498763  -0.440089  1.000000  
14.175093 0.009832  -0.005887  0.004094  0.937436  0.011097  0.347982  -0.330625  0.341567  0.879784  -0.109096  -0.939792  0.323866  -0.007861  0.011281  -0.006938  -2.245073  -0.506509  -0.451040  1.000000  
14.176338 0.009822  -0.005875  0.004086  0.937148  0.011823  0.348731  -0.331174  0.344903  0.878274  -0.109894  -0.938564  0.327140  -0.007843  0.011082  -0.006979  -2.292424  -0.514012  -0.456856  1.000000  
14.177343 0.009815  -0.005865  0.004078  0.936942  0.012348  0.349266  -0.331535  0.347555  0.877092  -0.110559  -0.937578  0.329733  -0.007789  0.010872  -0.007005  -2.331847  -0.520704  -0.463617  1.000000  
14.178350 0.009809  -0.005856  0.004072  0.936722  0.012758  0.349842  -0.331891  0.350247  0.875886  -0.111357  -0.936571  0.332318  -0.007708  0.010719  -0.006971  -2.368735  -0.530832  -0.468811  1.000000  
14.179591 0.009800  -0.005844  0.004062  0.936418  0.013381  0.350631  -0.332435  0.353610  0.874327  -0.112287  -0.935297  0.335575  -0.007598  0.010497  -0.006986  -2.407525  -0.538414  -0.474373  1.000000  
14.180596 0.009794  -0.005835  0.004055  0.936210  0.013917  0.351165  -0.332795  0.356251  0.873117  -0.112952  -0.934287  0.338157  -0.007527  0.010262  -0.006907  -2.439441  -0.545370  -0.481080  1.000000  
14.181838 0.009785  -0.005825  0.004047  0.935919  0.014754  0.351907  -0.333343  0.359773  0.871462  -0.113750  -0.932923  0.341637  -0.007437  0.009999  -0.006896  -2.482662  -0.558184  -0.480042  1.000000  
14.182842 0.009779  -0.005818  0.004041  0.935695  0.015222  0.352482  -0.333697  0.362554  0.870173  -0.114547  -0.931839  0.344319  -0.007350  0.009776  -0.006787  -2.523250  -0.566710  -0.490988  1.000000  
14.183844 0.009773  -0.005810  0.004035  0.935416  0.015930  0.353189  -0.334249  0.365390  0.868774  -0.115212  -0.930718  0.347117  -0.007243  0.009495  -0.006651  -2.556634  -0.575843  -0.491625  1.000000  
14.185088 0.009765  -0.005801  0.004027  0.935108  0.016624  0.353974  -0.334790  0.368832  0.867109  -0.116142  -0.929348  0.350463  -0.007110  0.009156  -0.006567  -2.590838  -0.588301  -0.500544  1.000000  
14.186339 0.009758  -0.005793  0.004019  0.934813  0.017483  0.354711  -0.335336  0.372330  0.865402  -0.116939  -0.927936  0.353922  -0.006872  0.008842  -0.006584  -2.637915  -0.598053  -0.501023  1.000000  
14.187589 0.009751  -0.005784  0.004010  0.934502  0.018232  0.355491  -0.335876  0.375863  0.863663  -0.117870  -0.926496  0.357369  -0.006684  0.008512  -0.006627  -2.673377  -0.611517  -0.503219  1.000000  
14.188838 0.009744  -0.005777  0.004002  0.934205  0.019147  0.356223  -0.336421  0.379452  0.861880  -0.118667  -0.925013  0.360928  -0.006552  0.008157  -0.006703  -2.719404  -0.619662  -0.499130  1.000000  
14.189840 0.009738  -0.005772  0.003995  0.933907  0.019852  0.356964  -0.336966  0.382512  0.860313  -0.119464  -0.923737  0.363920  -0.006404  0.007870  -0.006738  -2.756556  -0.630312  -0.503588  1.000000  
14.190842 0.009734  -0.005766  0.003988  0.933693  0.020556  0.357484  -0.337323  0.385424  0.858872  -0.120128  -0.922511  0.366802  -0.006219  0.007612  -0.006758  -2.785156  -0.633147  -0.506095  1.000000  
14.191845 0.009729  -0.005760  0.003982  0.933409  0.021344  0.358180  -0.337872  0.388327  0.857347  -0.120792  -0.921274  0.369679  -0.005991  0.007324  -0.006726  -2.818808  -0.648718  -0.503987  1.000000  
14.193091 0.009723  -0.005753  0.003974  0.933093  0.022166  0.358952  -0.338410  0.391932  0.855493  -0.121722  -0.919727  0.373210  -0.005821  0.006998  -0.006613  -2.852338  -0.658325  -0.503709  1.000000  
14.194094 0.009717  -0.005749  0.003969  0.932877  0.022839  0.359471  -0.338766  0.394724  0.854067  -0.122386  -0.918516  0.375966  -0.005773  0.006560  -0.006446  -2.880312  -0.665245  -0.505913  1.000000  
14.195341 0.009711  -0.005744  0.003962  0.932559  0.023760  0.360234  -0.339303  0.398522  0.852088  -0.123315  -0.916851  0.379707  -0.005651  0.006227  -0.006361  -2.921785  -0.668599  -0.507869  1.000000  
14.196591 0.009704  -0.005741  0.003956  0.932241  0.024645  0.360999  -0.339839  0.402207  0.850140  -0.124245  -0.915217  0.383329  -0.005505  0.005745  -0.006165  -2.955272  -0.678283  -0.507321  1.000000  
14.197592 0.009699  -0.005737  0.003950  0.931937  0.025432  0.361728  -0.340381  0.405328  0.848440  -0.125041  -0.913818  0.386396  -0.005400  0.005435  -0.006133  -2.985449  -0.687887  -0.507222  1.000000  
14.198838 0.009693  -0.005734  0.003944  0.931616  0.026330  0.362490  -0.340916  0.408998  0.846462  -0.125970  -0.912156  0.390005  -0.005286  0.005058  -0.006079  -3.014961  -0.696030  -0.502312  1.000000  
14.199843 0.009688  -0.005733  0.003938  0.931380  0.027000  0.363046  -0.341264  0.412008  0.844860  -0.126767  -0.910780  0.392950  -0.005175  0.004666  -0.006008  -3.039199  -0.698920  -0.504412  1.000000  
14.201087 0.009682  -0.005731  0.003931  0.931041  0.027884  0.363847  -0.341793  0.415908  0.842732  -0.127828  -0.908979  0.396758  -0.005174  0.004198  -0.005923  -3.077020  -0.702499  -0.506155  1.000000  
14.202091 0.009677  -0.005730  0.003925  0.930804  0.028608  0.364398  -0.342140  0.419008  0.841054  -0.128625  -0.907532  0.399802  -0.005133  0.003822  -0.005887  -3.101413  -0.705527  -0.508167  1.000000  
14.203337 0.009671  -0.005729  0.003919  0.930549  0.029488  0.364977  -0.342482  0.422753  0.839039  -0.129553  -0.905765  0.403492  -0.005059  0.003377  -0.005783  -3.127882  -0.707742  -0.505786  1.000000  
14.204337 0.009665  -0.005729  0.003914  0.930310  0.030222  0.365526  -0.342829  0.425839  0.837335  -0.130349  -0.904294  0.406523  -0.005071  0.002995  -0.005620  -3.149561  -0.706184  -0.507841  1.000000  
14.205338 0.009660  -0.005730  0.003910  0.930071  0.030915  0.366078  -0.343176  0.428817  0.835671  -0.131145  -0.902862  0.409439  -0.005059  0.002584  -0.005411  -3.166341  -0.709396  -0.509901  1.000000  
14.206595 0.009654  -0.005730  0.003906  0.929743  0.031900  0.366825  -0.343707  0.432532  0.833536  -0.132074  -0.901054  0.413108  -0.005097  0.001978  -0.005142  -3.188216  -0.715511  -0.506856  1.000000  
14.207848 0.009646  -0.005731  0.003901  0.929468  0.032778  0.367443  -0.344041  0.436488  0.831333  -0.133135  -0.899113  0.416979  -0.005192  0.001478  -0.004947  -3.216972  -0.714634  -0.515080  1.000000  
14.209093 0.009638  -0.005734  0.003895  0.929121  0.033754  0.368231  -0.344565  0.440427  0.829035  -0.134195  -0.897154  0.420840  -0.005280  0.000978  -0.004912  -3.245999  -0.718331  -0.516447  1.000000  
14.210340 0.009630  -0.005737  0.003890  0.928827  0.034489  0.368904  -0.344891  0.444303  0.826828  -0.135389  -0.895213  0.424576  -0.005359  0.000470  -0.004773  -3.268272  -0.719321  -0.522074  1.000000  
14.211344 0.009623  -0.005740  0.003886  0.928583  0.035253  0.369447  -0.345235  0.447344  0.825043  -0.136184  -0.893667  0.427566  -0.005511  0.000010  -0.004739  -3.282434  -0.720740  -0.526450  1.000000  
14.212592 0.009614  -0.005744  0.003882  0.928304  0.036202  0.370056  -0.345567  0.451360  0.822714  -0.137244  -0.891607  0.431509  -0.005657  -0.000440  -0.004547  -3.311819  -0.724671  -0.527745  1.000000  
14.213840 0.009606  -0.005747  0.003876  0.927952  0.037207  0.370838  -0.346088  0.455257  0.820344  -0.138304  -0.889582  0.435334  -0.005878  -0.000891  -0.004498  -3.329563  -0.725916  -0.533084  1.000000  
14.215089 0.009597  -0.005751  0.003872  0.927670  0.038215  0.371440  -0.346418  0.459350  0.817919  -0.139364  -0.887433  0.439363  -0.006077  -0.001337  -0.004271  -3.369570  -0.728991  -0.537720  1.000000  
14.216090 0.009589  -0.005755  0.003869  0.927422  0.039000  0.371977  -0.346761  0.462358  0.816077  -0.140159  -0.885835  0.442325  -0.006233  -0.001640  -0.004134  -3.376295  -0.725128  -0.541487  1.000000  
14.217337 0.009579  -0.005759  0.003867  0.927049  0.039960  0.372804  -0.347274  0.466364  0.813576  -0.141352  -0.883690  0.446219  -0.006434  -0.001955  -0.003857  -3.402237  -0.734535  -0.547930  1.000000  
14.218587 0.009569  -0.005765  0.003864  0.926692  0.041131  0.373563  -0.347793  0.470513  0.810961  -0.142411  -0.881434  0.450326  -0.006723  -0.002376  -0.003567  -3.426967  -0.738703  -0.548819  1.000000  
14.219591 0.009561  -0.005768  0.003862  0.926442  0.042023  0.374085  -0.348135  0.473692  0.808961  -0.143206  -0.879688  0.453478  -0.006894  -0.002623  -0.003412  -3.438970  -0.734443  -0.549158  1.000000  
14.220838 0.009551  -0.005773  0.003859  0.926083  0.043209  0.374839  -0.348653  0.477817  0.806308  -0.144265  -0.877396  0.457563  -0.007149  -0.002893  -0.003305  -3.467697  -0.740476  -0.554133  1.000000  
14.222087 0.009540  -0.005779  0.003855  0.925776  0.044102  0.375492  -0.348972  0.481784  0.803805  -0.145456  -0.875179  0.461415  -0.007380  -0.003205  -0.003221  -3.483323  -0.740322  -0.561956  1.000000  
14.223337 0.009529  -0.005784  0.003851  0.925396  0.045240  0.376293  -0.349482  0.486021  0.801028  -0.146648  -0.872775  0.465573  -0.007594  -0.003438  -0.003192  -3.520433  -0.746801  -0.574254  1.000000  
14.224354 0.009519  -0.005789  0.003847  0.925123  0.046139  0.376854  -0.349814  0.489396  0.798825  -0.147574  -0.870840  0.468892  -0.007831  -0.003633  -0.003134  -3.543247  -0.750271  -0.575387  1.000000  
14.225592 0.009508  -0.005794  0.003843  0.924793  0.047129  0.377540  -0.350125  0.493754  0.796002  -0.148897  -0.868323  0.473122  -0.008040  -0.003697  -0.003086  -3.572740  -0.754723  -0.591428  1.000000  
14.226871 0.009495  -0.005798  0.003838  0.924390  0.048184  0.378394  -0.350625  0.497991  0.793137  -0.150220  -0.865842  0.477232  -0.008287  -0.003810  -0.003026  -3.598182  -0.760438  -0.595618  1.000000  
14.228097 0.009484  -0.005803  0.003835  0.924056  0.049238  0.379072  -0.350934  0.502415  0.790206  -0.151543  -0.863224  0.481539  -0.008517  -0.003859  -0.002927  -3.632761  -0.763425  -0.607680  1.000000  
14.229340 0.009471  -0.005807  0.003831  0.923649  0.050451  0.379904  -0.351432  0.506907  0.787109  -0.152865  -0.860523  0.485935  -0.008718  -0.003900  -0.002905  -3.671100  -0.770439  -0.612399  1.000000  
14.230340 0.009460  -0.005811  0.003828  0.923332  0.051308  0.380560  -0.351747  0.510591  0.784584  -0.154055  -0.858292  0.489492  -0.008977  -0.003912  -0.002929  -3.703143  -0.772600  -0.624666  1.000000  
14.231341 0.009451  -0.005813  0.003823  0.922940  0.052231  0.381383  -0.352250  0.514157  0.782024  -0.155245  -0.856104  0.492935  -0.009137  -0.003877  -0.003088  -3.728638  -0.787027  -0.630685  1.000000  
14.232591 0.009438  -0.005817  0.003818  0.922488  0.053306  0.382326  -0.352731  0.518779  0.778749  -0.156831  -0.853245  0.497370  -0.009311  -0.003759  -0.003170  -3.771126  -0.806330  -0.643945  1.000000  
14.233838 0.009425  -0.005819  0.003811  0.922034  0.054487  0.383255  -0.353210  0.523570  0.775317  -0.158416  -0.850238  0.501995  -0.009480  -0.003579  -0.003542  -3.814345  -0.820835  -0.655762  1.000000  
14.235088 0.009413  -0.005822  0.003804  0.921504  0.055742  0.384347  -0.353877  0.528235  0.771841  -0.160002  -0.847266  0.506497  -0.009603  -0.003448  -0.003755  -3.864092  -0.843379  -0.665736  1.000000  
14.236337 0.009401  -0.005826  0.003797  0.921024  0.056704  0.385355  -0.354346  0.532746  0.768519  -0.161718  -0.844374  0.510764  -0.009692  -0.003387  -0.004055  -3.902443  -0.859285  -0.685890  1.000000  
14.237592 0.009388  -0.005830  0.003788  0.920562  0.057971  0.386271  -0.354821  0.537567  0.764933  -0.163302  -0.841226  0.515434  -0.009826  -0.003267  -0.004414  -3.948742  -0.877169  -0.694211  1.000000  
14.238837 0.009377  -0.005836  0.003779  0.920076  0.059241  0.387234  -0.355287  0.542592  0.761160  -0.165018  -0.837905  0.520274  -0.009844  -0.003294  -0.004654  -3.997397  -0.891578  -0.704509  1.000000  
14.239843 0.009368  -0.005839  0.003772  0.919723  0.060254  0.387916  -0.355586  0.546565  0.758173  -0.166338  -0.835246  0.524114  -0.009800  -0.003223  -0.004913  -4.046004  -0.900328  -0.717473  1.000000  
14.240844 0.009359  -0.005844  0.003765  0.919347  0.061125  0.388670  -0.355875  0.550470  0.755205  -0.167789  -0.832614  0.527826  -0.009762  -0.003258  -0.005174  -4.088970  -0.917973  -0.726461  1.000000  
14.242096 0.009348  -0.005850  0.003754  0.918833  0.062281  0.389702  -0.356329  0.555380  0.751387  -0.169635  -0.829261  0.532494  -0.009675  -0.003409  -0.005616  -4.137966  -0.934646  -0.745293  1.000000  
14.243337 0.009338  -0.005858  0.003743  0.918367  0.063234  0.390646  -0.356583  0.560319  0.747590  -0.171613  -0.825859  0.537127  -0.009512  -0.003615  -0.006087  -4.178129  -0.950353  -0.769940  1.000000  
14.244346 0.009329  -0.005865  0.003733  0.918005  0.064192  0.391339  -0.356878  0.564041  0.744645  -0.172931  -0.823248  0.540701  -0.009452  -0.003827  -0.006523  -4.212648  -0.965951  -0.779749  1.000000  
14.245593 0.009318  -0.005873  0.003722  0.917555  0.065320  0.392208  -0.357138  0.568987  0.740748  -0.174775  -0.819749  0.545404  -0.009319  -0.004159  -0.007014  -4.267302  -0.983643  -0.798382  1.000000  
14.246595 0.009311  -0.005881  0.003711  0.917167  0.066338  0.392943  -0.357422  0.572983  0.737523  -0.176224  -0.816878  0.549231  -0.009140  -0.004478  -0.007481  -4.309947  -0.989719  -0.812999  1.000000  
14.247848 0.009301  -0.005891  0.003697  0.916733  0.067544  0.393750  -0.357687  0.577753  0.733663  -0.177936  -0.813412  0.553805  -0.008954  -0.004986  -0.008014  -4.350900  -1.005230  -0.827173  1.000000  
14.249092 0.009291  -0.005902  0.003682  0.916296  0.068762  0.394556  -0.357952  0.582499  0.729771  -0.179648  -0.809918  0.558354  -0.008828  -0.005515  -0.008583  -4.388012  -1.015415  -0.844911  1.000000  
14.250338 0.009280  -0.005913  0.003667  0.915878  0.070190  0.395273  -0.358223  0.587356  0.725733  -0.181227  -0.806279  0.563090  -0.008671  -0.006076  -0.009098  -4.437176  -1.023513  -0.858634  1.000000  
14.251338 0.009272  -0.005924  0.003655  0.915504  0.071445  0.395914  -0.358512  0.591408  0.722292  -0.182542  -0.803201  0.567050  -0.008511  -0.006504  -0.009402  -4.486408  -1.036569  -0.869541  1.000000  
14.252338 0.009264  -0.005934  0.003644  0.915202  0.072491  0.396422  -0.358611  0.595281  0.719054  -0.183858  -0.800241  0.570798  -0.008423  -0.007063  -0.009736  -4.526513  -1.041480  -0.880264  1.000000  
14.253588 0.009255  -0.005948  0.003630  0.914778  0.073950  0.397130  -0.358879  0.600067  0.714930  -0.185436  -0.796524  0.575467  -0.008264  -0.007619  -0.010088  -4.558367  -1.046656  -0.882990  1.000000  
14.254838 0.009244  -0.005962  0.003617  0.914375  0.075423  0.397780  -0.359156  0.604615  0.710949  -0.186882  -0.792939  0.579933  -0.008252  -0.008214  -0.010350  -4.590254  -1.050362  -0.888643  1.000000  
14.255844 0.009236  -0.005975  0.003606  0.913994  0.076619  0.398428  -0.359440  0.608412  0.707557  -0.188196  -0.789914  0.583625  -0.008193  -0.008725  -0.010568  -4.628626  -1.063270  -0.890866  1.000000  
14.256845 0.009227  -0.005988  0.003596  0.913634  0.077921  0.398999  -0.359733  0.612153  0.704174  -0.189379  -0.786891  0.587314  -0.008181  -0.009298  -0.010739  -4.655439  -1.066096  -0.891423  1.000000  
14.258112 0.009216  -0.006006  0.003584  0.913128  0.079647  0.399817  -0.360185  0.616994  0.699704  -0.190955  -0.782927  0.592082  -0.008200  -0.009977  -0.010786  -4.696156  -1.078839  -0.890940  1.000000  
14.259342 0.009206  -0.006025  0.003571  0.912643  0.081388  0.400573  -0.360646  0.621596  0.695379  -0.192399  -0.779098  0.596648  -0.008210  -0.010673  -0.010792  -4.724194  -1.087000  -0.889158  1.000000  
14.260593 0.009194  -0.006045  0.003560  0.912180  0.083238  0.401247  -0.361114  0.626132  0.691053  -0.193712  -0.775261  0.601204  -0.008278  -0.011451  -0.010802  -4.752982  -1.089343  -0.879277  1.000000  
14.261599 0.009185  -0.006062  0.003552  0.911763  0.084804  0.401865  -0.361601  0.629730  0.687521  -0.194762  -0.772171  0.604830  -0.008420  -0.012168  -0.010601  -4.779400  -1.093876  -0.863205  1.000000  
14.262841 0.009172  -0.006085  0.003541  0.911198  0.086711  0.402740  -0.362245  0.634234  0.683027  -0.196206  -0.768264  0.609323  -0.008572  -0.012928  -0.010394  -4.797275  -1.101806  -0.849273  1.000000  
14.263847 0.009163  -0.006103  0.003532  0.910704  0.088428  0.403484  -0.362917  0.637770  0.679367  -0.197255  -0.765134  0.612912  -0.008668  -0.013652  -0.010158  -4.813926  -1.108372  -0.836424  1.000000  
