1-Time 2-Px 3-Py 4-Pz 5-R11 6-R21 7-R31 8-R12 9-R22 10-R32 11-R13 12-R23 13-R33 14-Vx 15-Vy 16-Vz 17-Wx 18-Wy 19-Wz 20-state
52.861237 0.000026  -0.015168  -0.001831  0.551112  0.660377  0.510077  -0.807856  0.575310  0.128014  -0.208915  -0.482618  0.850549  -0.000189  -0.000123  -0.000018  0.000000  0.000000  0.000000  1.000000  
52.862297 0.000025  -0.015169  -0.001832  0.551112  0.660377  0.510077  -0.807856  0.575310  0.128014  -0.208915  -0.482618  0.850549  -0.000969  -0.000202  -0.000483  0.000000  0.000000  0.000000  1.000000  
52.863537 0.000028  -0.015162  -0.001832  0.551112  0.660377  0.510077  -0.807856  0.575310  0.128014  -0.208915  -0.482618  0.850549  0.001278  0.003206  -0.000285  0.000000  0.000000  0.000000  1.000000  
52.864785 0.000032  -0.015153  -0.001831  0.551112  0.660439  0.509997  -0.807856  0.575326  0.127944  -0.208915  -0.482515  0.850608  0.001877  0.004856  0.000108  0.000000  0.000000  0.000000  1.000000  
52.866035 0.000034  -0.015147  -0.001830  0.551112  0.660439  0.509997  -0.807856  0.575326  0.127944  -0.208915  -0.482515  0.850608  0.001802  0.004830  0.000218  0.000000  0.000000  0.000000  1.000000  
52.867036 0.000034  -0.015144  -0.001828  0.551112  0.660501  0.509917  -0.807856  0.575341  0.127874  -0.208915  -0.482412  0.850666  0.001477  0.004500  0.000526  0.000000  0.000000  0.000000  1.000000  
52.868037 0.000035  -0.015139  -0.001828  0.550945  0.660619  0.509943  -0.807969  0.575205  0.127769  -0.208915  -0.482412  0.850666  0.001398  0.004593  0.000549  0.000000  0.000000  0.000000  1.000000  
52.869279 0.000037  -0.015130  -0.001827  0.550945  0.660681  0.509863  -0.807969  0.575221  0.127700  -0.208915  -0.482309  0.850725  0.001400  0.004935  0.000538  0.000000  0.000000  0.000000  1.000000  
52.870542 0.000037  -0.015122  -0.001829  0.550945  0.660681  0.509863  -0.807969  0.575221  0.127700  -0.208915  -0.482309  0.850725  0.001213  0.005170  0.000274  0.000000  0.000000  0.000000  1.000000  
52.871778 0.000035  -0.015116  -0.001831  0.550945  0.660681  0.509863  -0.807969  0.575221  0.127700  -0.208915  -0.482309  0.850725  0.000934  0.005120  0.000083  0.000000  0.000000  0.000000  1.000000  
52.872778 0.000036  -0.015110  -0.001831  0.550961  0.660717  0.509799  -0.807992  0.575167  0.127794  -0.208784  -0.482323  0.850749  0.000899  0.005167  0.000066  0.000000  0.000000  0.000000  1.000000  
52.874028 0.000037  -0.015101  -0.001831  0.550795  0.660836  0.509825  -0.808106  0.575031  0.127689  -0.208784  -0.482323  0.850749  0.000915  0.005362  0.000045  0.000000  0.000000  0.000000  1.000000  
52.875028 0.000039  -0.015093  -0.001831  0.550795  0.660836  0.509825  -0.808106  0.575031  0.127689  -0.208784  -0.482323  0.850749  0.000995  0.005566  0.000028  0.000000  0.000000  0.000000  1.000000  
52.876030 0.000041  -0.015084  -0.001832  0.550795  0.660836  0.509825  -0.808106  0.575031  0.127689  -0.208784  -0.482323  0.850749  0.001039  0.005843  -0.000014  0.000000  0.000000  0.000000  1.000000  
52.877277 0.000046  -0.015069  -0.001832  0.550779  0.660799  0.509889  -0.808082  0.575085  0.127595  -0.208915  -0.482309  0.850725  0.001406  0.006643  -0.000015  0.000000  0.000000  0.000000  1.000000  
52.878278 0.000051  -0.015055  -0.001833  0.550779  0.660799  0.509889  -0.808082  0.575085  0.127595  -0.208915  -0.482309  0.850725  0.001607  0.007236  -0.000031  0.000000  0.000000  0.000000  1.000000  
52.879281 0.000056  -0.015041  -0.001833  0.550779  0.660799  0.509889  -0.808082  0.575085  0.127595  -0.208915  -0.482309  0.850725  0.001677  0.007640  -0.000117  0.000000  0.000000  0.000000  1.000000  
52.880285 0.000060  -0.015029  -0.001834  0.550779  0.660799  0.509889  -0.808082  0.575085  0.127595  -0.208915  -0.482309  0.850725  0.001774  0.008124  -0.000233  0.000000  0.000000  0.000000  1.000000  
52.881544 0.000062  -0.015014  -0.001834  0.550779  0.660861  0.509809  -0.808082  0.575100  0.127525  -0.208915  -0.482206  0.850783  0.001925  0.008859  -0.000328  0.000000  0.000000  0.000000  1.000000  
52.882785 0.000065  -0.014998  -0.001835  0.550779  0.660861  0.509809  -0.808082  0.575100  0.127525  -0.208915  -0.482206  0.850783  0.002024  0.009536  -0.000474  0.000000  0.000000  0.000000  1.000000  
52.884029 0.000068  -0.014981  -0.001835  0.550929  0.660768  0.509767  -0.807946  0.575305  0.127466  -0.209046  -0.482089  0.850817  0.002129  0.010122  -0.000539  0.000000  0.000000  0.000000  1.000000  
52.885031 0.000070  -0.014968  -0.001835  0.550929  0.660768  0.509767  -0.807946  0.575305  0.127466  -0.209046  -0.482089  0.850817  0.002248  0.010540  -0.000443  0.000000  0.000000  0.000000  1.000000  
52.886278 0.000070  -0.014955  -0.001834  0.550929  0.660768  0.509767  -0.807946  0.575305  0.127466  -0.209046  -0.482089  0.850817  0.002287  0.010986  -0.000265  0.000000  0.000000  0.000000  1.000000  
52.887279 0.000070  -0.014944  -0.001833  0.550929  0.660768  0.509767  -0.807946  0.575305  0.127466  -0.209046  -0.482089  0.850817  0.002320  0.011363  -0.000113  0.000000  0.000000  0.000000  1.000000  
52.888533 0.000072  -0.014928  -0.001831  0.551096  0.660712  0.509660  -0.807832  0.575456  0.127501  -0.209046  -0.481985  0.850876  0.002399  0.011893  0.000009  0.000000  0.000000  0.000000  1.000000  
52.889778 0.000076  -0.014909  -0.001830  0.551096  0.660712  0.509660  -0.807832  0.575456  0.127501  -0.209046  -0.481985  0.850876  0.002529  0.012475  0.000044  0.000000  0.000000  0.000000  1.000000  
52.890778 0.000081  -0.014893  -0.001830  0.551262  0.660531  0.509714  -0.807719  0.575577  0.127676  -0.209046  -0.482089  0.850817  0.002723  0.012926  0.000090  0.000000  0.000000  0.000000  1.000000  
52.891782 0.000085  -0.014879  -0.001831  0.551246  0.660495  0.509778  -0.807696  0.575630  0.127582  -0.209177  -0.482075  0.850793  0.002709  0.013147  0.000114  0.000000  0.000000  0.000000  1.000000  
52.893028 0.000087  -0.014861  -0.001832  0.551413  0.660376  0.509752  -0.807582  0.575766  0.127687  -0.209177  -0.482075  0.850793  0.002510  0.013185  0.000087  0.000000  0.000000  0.000000  1.000000  
52.894028 0.000090  -0.014847  -0.001832  0.551563  0.660160  0.509870  -0.807446  0.575940  0.127768  -0.209307  -0.482164  0.850710  0.002319  0.013211  0.000014  0.000000  0.000000  0.000000  1.000000  
52.895281 0.000093  -0.014829  -0.001833  0.551729  0.660041  0.509844  -0.807332  0.576076  0.127873  -0.209307  -0.482164  0.850710  0.002215  0.013329  0.000068  0.000000  0.000000  0.000000  1.000000  
52.896286 0.000094  -0.014816  -0.001833  0.551729  0.660041  0.509844  -0.807332  0.576076  0.127873  -0.209307  -0.482164  0.850710  0.002125  0.013427  0.000022  0.000000  0.000000  0.000000  1.000000  
52.897538 0.000094  -0.014801  -0.001834  0.552046  0.659767  0.509855  -0.807082  0.576401  0.127989  -0.209438  -0.482150  0.850686  0.002027  0.013410  0.000021  0.000000  0.000000  0.000000  1.000000  
52.898541 0.000094  -0.014788  -0.001833  0.552212  0.659649  0.509829  -0.806968  0.576537  0.128093  -0.209438  -0.482150  0.850686  0.001847  0.013306  0.000086  0.000000  0.000000  0.000000  1.000000  
52.899784 0.000094  -0.014773  -0.001832  0.552362  0.659494  0.509867  -0.806831  0.576726  0.128105  -0.209569  -0.482137  0.850662  0.001624  0.013221  0.000174  0.000000  0.000000  0.000000  1.000000  
52.901039 0.000093  -0.014758  -0.001832  0.552694  0.659256  0.509814  -0.806604  0.576997  0.128314  -0.209569  -0.482137  0.850662  0.001583  0.013328  0.000200  0.000000  0.000000  0.000000  1.000000  
52.902279 0.000094  -0.014743  -0.001830  0.552845  0.659101  0.509852  -0.806467  0.577186  0.128326  -0.209700  -0.482123  0.850637  0.001565  0.013385  0.000192  0.000000  0.000000  0.000000  1.000000  
52.903530 0.000096  -0.014727  -0.001830  0.553177  0.658863  0.509799  -0.806239  0.577457  0.128535  -0.209700  -0.482123  0.850637  0.001616  0.013402  0.000060  0.000000  0.000000  0.000000  1.000000  
52.904533 0.000100  -0.014712  -0.001829  0.553493  0.658589  0.509811  -0.805988  0.577782  0.128652  -0.209831  -0.482109  0.850613  0.001582  0.013340  0.000041  0.000000  0.000000  0.000000  1.000000  
52.905778 0.000104  -0.014692  -0.001829  0.553824  0.658289  0.509837  -0.805760  0.578037  0.128932  -0.209831  -0.482212  0.850554  0.001499  0.013396  0.000064  0.000000  0.000000  0.000000  1.000000  
52.906778 0.000106  -0.014678  -0.001828  0.554140  0.658014  0.509849  -0.805509  0.578361  0.129048  -0.209962  -0.482198  0.850530  0.001398  0.013374  0.000172  0.000000  0.000000  0.000000  1.000000  
52.907779 0.000107  -0.014665  -0.001827  0.554472  0.657776  0.509796  -0.805281  0.578632  0.129258  -0.209962  -0.482198  0.850530  0.001308  0.013298  0.000289  0.000000  0.000000  0.000000  1.000000  
52.909028 0.000108  -0.014649  -0.001826  0.554787  0.657501  0.509807  -0.805029  0.578956  0.129374  -0.210092  -0.482184  0.850505  0.001196  0.013176  0.000442  0.035950  0.047826  -0.165762  1.000000  
52.910278 0.000110  -0.014633  -0.001824  0.555268  0.657107  0.509792  -0.804663  0.579415  0.129595  -0.210223  -0.482171  0.850481  0.001117  0.013056  0.000577  0.040277  0.053875  -0.185480  1.000000  
52.911278 0.000109  -0.014621  -0.001824  0.555434  0.656988  0.509765  -0.804549  0.579551  0.129700  -0.210223  -0.482171  0.850481  0.001031  0.013019  0.000633  0.045760  0.057173  -0.191320  1.000000  
52.912283 0.000108  -0.014609  -0.001824  0.555749  0.656712  0.509776  -0.804297  0.579874  0.129816  -0.210354  -0.482157  0.850456  0.000916  0.013008  0.000636  0.048644  0.059903  -0.205169  1.000000  
52.913531 0.000105  -0.014595  -0.001825  0.556064  0.656437  0.509787  -0.804045  0.580197  0.129932  -0.210485  -0.482143  0.850432  0.000748  0.012939  0.000591  0.050118  0.063216  -0.211025  1.000000  
52.914546 0.000105  -0.014582  -0.001825  0.556395  0.656198  0.509734  -0.803816  0.580468  0.130142  -0.210485  -0.482143  0.850432  0.000742  0.012949  0.000524  0.057480  0.070359  -0.224420  1.000000  
52.915781 0.000106  -0.014565  -0.001825  0.556876  0.655802  0.509718  -0.803449  0.580926  0.130364  -0.210616  -0.482129  0.850407  0.000855  0.013120  0.000466  0.061872  0.076479  -0.244375  1.000000  
52.917028 0.000107  -0.014547  -0.001825  0.557207  0.655563  0.509664  -0.803220  0.581196  0.130574  -0.210616  -0.482129  0.850407  0.000959  0.013314  0.000396  0.064258  0.082485  -0.254096  1.000000  
52.918030 0.000108  -0.014531  -0.001825  0.557372  0.655444  0.509637  -0.803105  0.581331  0.130678  -0.210616  -0.482129  0.850407  0.000868  0.013451  0.000328  0.068297  0.082463  -0.254082  1.000000  
52.919278 0.000111  -0.014511  -0.001824  0.557852  0.655048  0.509622  -0.802737  0.581788  0.130900  -0.210746  -0.482115  0.850383  0.000734  0.013615  0.000330  0.073242  0.089245  -0.276077  1.000000  
52.920279 0.000112  -0.014495  -0.001824  0.558182  0.654808  0.509568  -0.802508  0.582058  0.131110  -0.210746  -0.482115  0.850383  0.000557  0.013676  0.000388  0.070617  0.092598  -0.281959  1.000000  
52.921530 0.000113  -0.014475  -0.001821  0.558513  0.654568  0.509514  -0.802278  0.582328  0.131319  -0.210746  -0.482115  0.850383  0.000524  0.013747  0.000482  0.072925  0.102315  -0.289061  1.000000  
52.922779 0.000112  -0.014457  -0.001817  0.558843  0.654328  0.509460  -0.802048  0.582597  0.131529  -0.210746  -0.482115  0.850383  0.000387  0.013859  0.000655  0.074988  0.106507  -0.297365  1.000000  
52.923779 0.000112  -0.014443  -0.001816  0.559173  0.654088  0.509405  -0.801818  0.582867  0.131739  -0.210746  -0.482115  0.850383  0.000232  0.013970  0.000685  0.072386  0.113773  -0.301027  1.000000  
52.924781 0.000110  -0.014428  -0.001814  0.559503  0.653848  0.509351  -0.801587  0.583136  0.131949  -0.210746  -0.482115  0.850383  0.000082  0.014141  0.000739  0.074667  0.119445  -0.310198  1.000000  
52.926028 0.000108  -0.014409  -0.001812  0.559998  0.653488  0.509269  -0.801242  0.583540  0.132263  -0.210746  -0.482115  0.850383  -0.000074  0.014364  0.000829  0.077579  0.126109  -0.321993  1.000000  
52.927028 0.000107  -0.014393  -0.001812  0.560328  0.653310  0.509136  -0.801011  0.583825  0.132402  -0.210746  -0.482012  0.850441  -0.000073  0.014581  0.000801  0.074988  0.133259  -0.325588  1.000000  
52.928034 0.000105  -0.014379  -0.001809  0.560642  0.653032  0.509146  -0.800757  0.584146  0.132518  -0.210877  -0.481998  0.850417  -0.000028  0.014820  0.000997  0.077084  0.133778  -0.336371  1.000000  
52.929038 0.000104  -0.014363  -0.001808  0.561136  0.652671  0.509064  -0.800411  0.584550  0.132833  -0.210877  -0.481998  0.850417  -0.000078  0.015014  0.001102  0.078543  0.140989  -0.339949  1.000000  
52.930282 0.000105  -0.014343  -0.001805  0.561630  0.652310  0.508982  -0.800064  0.584953  0.133147  -0.210877  -0.481998  0.850417  -0.000061  0.015265  0.001363  0.081467  0.147686  -0.351781  1.000000  
52.931282 0.000106  -0.014325  -0.001803  0.562124  0.651949  0.508900  -0.799717  0.585355  0.133462  -0.210877  -0.481998  0.850417  -0.000057  0.015530  0.001517  0.083678  0.153081  -0.360545  1.000000  
52.932284 0.000106  -0.014307  -0.001800  0.562453  0.651708  0.508845  -0.799485  0.585624  0.133671  -0.210877  -0.481998  0.850417  -0.000073  0.015749  0.001700  0.084421  0.158303  -0.361410  1.000000  
52.933538 0.000108  -0.014285  -0.001796  0.563112  0.651225  0.508735  -0.799022  0.586160  0.134090  -0.210877  -0.481998  0.850417  -0.000111  0.015919  0.001910  0.088730  0.168204  -0.378826  1.000000  
52.934779 0.000109  -0.014263  -0.001792  0.563769  0.650742  0.508624  -0.798558  0.586696  0.134509  -0.210877  -0.481998  0.850417  -0.000201  0.015968  0.002164  0.090248  0.175516  -0.382637  1.000000  
52.936035 0.000109  -0.014243  -0.001788  0.564246  0.650404  0.508528  -0.798187  0.587167  0.134659  -0.211008  -0.481881  0.850451  -0.000246  0.015987  0.002310  0.083589  0.178807  -0.388430  1.000000  
52.937278 0.000109  -0.014222  -0.001783  0.564903  0.649920  0.508417  -0.797722  0.587702  0.135078  -0.211008  -0.481881  0.850451  -0.000232  0.016186  0.002387  0.085811  0.183996  -0.397001  1.000000  
52.938278 0.000108  -0.014206  -0.001780  0.565560  0.649436  0.508305  -0.797256  0.588237  0.135496  -0.211008  -0.481881  0.850451  -0.000247  0.016277  0.002473  0.088721  0.194470  -0.406430  1.000000  
52.939278 0.000106  -0.014191  -0.001776  0.566052  0.649135  0.508143  -0.796907  0.588655  0.135739  -0.211008  -0.481778  0.850509  -0.000305  0.016334  0.002519  0.086849  0.199422  -0.415756  1.000000  
52.940528 0.000105  -0.014171  -0.001772  0.566872  0.648528  0.508003  -0.796324  0.589323  0.136262  -0.211008  -0.481778  0.850509  -0.000263  0.016352  0.002706  0.090525  0.211637  -0.427752  1.000000  
52.941529 0.000104  -0.014154  -0.001768  0.567528  0.648104  0.507812  -0.795857  0.589873  0.136609  -0.211008  -0.481675  0.850568  -0.000203  0.016470  0.002937  0.090116  0.223872  -0.440713  1.000000  
52.942529 0.000102  -0.014138  -0.001762  0.568330  0.647459  0.507737  -0.795249  0.590592  0.137039  -0.211139  -0.481661  0.850543  -0.000188  0.016583  0.003247  0.095203  0.231402  -0.462681  1.000000  
52.943529 0.000101  -0.014121  -0.001756  0.568985  0.647034  0.507546  -0.794781  0.591142  0.137385  -0.211139  -0.481557  0.850601  -0.000217  0.016670  0.003532  0.094076  0.241835  -0.472105  1.000000  
52.944530 0.000099  -0.014105  -0.001749  0.569639  0.646609  0.507354  -0.794312  0.591691  0.137731  -0.211139  -0.481454  0.850660  -0.000332  0.016725  0.003874  0.092973  0.248545  -0.484039  1.000000  
52.945535 0.000099  -0.014087  -0.001743  0.570440  0.645962  0.507278  -0.793702  0.592409  0.138161  -0.211270  -0.481440  0.850635  -0.000394  0.016777  0.004102  0.096682  0.257118  -0.499522  1.000000  
52.946783 0.000097  -0.014064  -0.001735  0.571420  0.645291  0.507029  -0.792997  0.593223  0.138715  -0.211270  -0.481337  0.850694  -0.000595  0.016791  0.004477  0.098440  0.270411  -0.523059  1.000000  
52.947786 0.000095  -0.014047  -0.001728  0.572236  0.644680  0.506886  -0.792408  0.593887  0.139237  -0.211270  -0.481337  0.850694  -0.000803  0.016727  0.004720  0.104275  0.283735  -0.546583  1.000000  
52.949032 0.000091  -0.014027  -0.001720  0.573198  0.643970  0.506702  -0.791678  0.594752  0.139699  -0.211400  -0.481220  0.850727  -0.001146  0.016635  0.004972  0.104670  0.293712  -0.564281  1.000000  
52.950279 0.000086  -0.014007  -0.001713  0.574338  0.643173  0.506422  -0.790851  0.595697  0.140357  -0.211400  -0.481117  0.850786  -0.001553  0.016534  0.005248  0.107902  0.310358  -0.593759  1.000000  
52.951279 0.000083  -0.013990  -0.001706  0.575315  0.642499  0.506171  -0.790141  0.596508  0.140910  -0.211400  -0.481014  0.850844  -0.001787  0.016518  0.005413  0.109677  0.323680  -0.617377  1.000000  
52.952530 0.000075  -0.013971  -0.001699  0.576274  0.641785  0.505985  -0.789407  0.597370  0.141371  -0.211531  -0.480897  0.850878  -0.002273  0.016447  0.005612  0.111484  0.333031  -0.643108  1.000000  
52.953778 0.000067  -0.013953  -0.001691  0.577411  0.640984  0.505703  -0.788576  0.598312  0.142027  -0.211531  -0.480793  0.850936  -0.002741  0.016346  0.005792  0.113765  0.346762  -0.667005  1.000000  
52.954779 0.000059  -0.013939  -0.001684  0.578384  0.640306  0.505450  -0.787862  0.599120  0.142579  -0.211531  -0.480690  0.850994  -0.003166  0.016282  0.006090  0.115525  0.359957  -0.690419  1.000000  
52.956030 0.000050  -0.013919  -0.001674  0.579502  0.639465  0.505234  -0.787005  0.600111  0.143143  -0.211662  -0.480573  0.851028  -0.003661  0.016260  0.006384  0.118289  0.372255  -0.721823  1.000000  
52.957278 0.000041  -0.013899  -0.001663  0.580636  0.638722  0.504872  -0.786169  0.601067  0.143725  -0.211662  -0.480366  0.851145  -0.004103  0.016242  0.006713  0.119082  0.382307  -0.739376  1.000000  
52.958278 0.000033  -0.013882  -0.001654  0.581445  0.638165  0.504647  -0.785571  0.601742  0.144171  -0.211662  -0.480263  0.851203  -0.004539  0.016265  0.006854  0.118984  0.396039  -0.755157  1.000000  
52.959528 0.000023  -0.013861  -0.001644  0.582721  0.637195  0.504399  -0.784589  0.602861  0.144838  -0.211793  -0.480146  0.851237  -0.005089  0.016284  0.006999  0.122732  0.408693  -0.786258  1.000000  
52.960782 0.000012  -0.013839  -0.001634  0.584012  0.636324  0.504005  -0.783628  0.603945  0.145522  -0.211793  -0.479940  0.851353  -0.005773  0.016251  0.007174  0.121880  0.425043  -0.815393  1.000000  
52.962031 0.000000  -0.013817  -0.001623  0.585285  0.635351  0.503756  -0.782643  0.605062  0.146187  -0.211923  -0.479822  0.851387  -0.006412  0.016165  0.007348  0.123713  0.434344  -0.841033  1.000000  
52.963282 -0.000013  -0.013796  -0.001612  0.586573  0.634476  0.503361  -0.781678  0.606143  0.146870  -0.211923  -0.479616  0.851503  -0.007100  0.016217  0.007558  0.122453  0.451212  -0.871731  1.000000  
52.964285 -0.000024  -0.013780  -0.001604  0.587538  0.633849  0.503025  -0.780953  0.606962  0.147344  -0.211923  -0.479409  0.851619  -0.007597  0.016163  0.007692  0.119131  0.460475  -0.887751  1.000000  
52.965531 -0.000038  -0.013760  -0.001592  0.588807  0.632932  0.502697  -0.779961  0.608092  0.147934  -0.212054  -0.479189  0.851711  -0.008338  0.016165  0.007945  0.120564  0.474073  -0.912802  1.000000  
52.966536 -0.000051  -0.013744  -0.001583  0.589770  0.632241  0.502437  -0.779233  0.608891  0.148481  -0.212054  -0.479085  0.851769  -0.008909  0.016196  0.008142  0.120858  0.483908  -0.930338  1.000000  
52.967805 -0.000067  -0.013724  -0.001571  0.590875  0.631446  0.502139  -0.778360  0.609889  0.148966  -0.212185  -0.478865  0.851860  -0.009451  0.016250  0.008460  0.117094  0.489533  -0.949659  1.000000  
52.969029 -0.000084  -0.013703  -0.001558  0.591996  0.630749  0.501694  -0.777508  0.610853  0.149467  -0.212185  -0.478555  0.852035  -0.009932  0.016461  0.008773  0.113435  0.499695  -0.968273  1.000000  
52.970278 -0.000100  -0.013682  -0.001546  0.593418  0.629699  0.501333  -0.776387  0.612108  0.150157  -0.212316  -0.478334  0.852126  -0.010355  0.016523  0.008924  0.111219  0.508963  -0.994135  1.000000  
52.971528 -0.000116  -0.013660  -0.001533  0.594679  0.628833  0.500925  -0.775386  0.613250  0.150669  -0.212446  -0.478010  0.852275  -0.010878  0.016650  0.009064  0.108096  0.513778  -1.011554  1.000000  
52.972528 -0.000128  -0.013642  -0.001523  0.595778  0.628031  0.500625  -0.774506  0.614243  0.151152  -0.212577  -0.477790  0.852366  -0.011184  0.016865  0.009194  0.103070  0.520222  -1.023270  1.000000  
52.973778 -0.000144  -0.013619  -0.001511  0.597036  0.627162  0.500217  -0.773501  0.615382  0.151662  -0.212708  -0.477465  0.852515  -0.011606  0.016936  0.009308  0.098810  0.527146  -1.046157  1.000000  
52.975028 -0.000161  -0.013597  -0.001499  0.598450  0.626163  0.499777  -0.772371  0.616649  0.152274  -0.212839  -0.477141  0.852664  -0.011990  0.016980  0.009399  0.095271  0.537144  -1.064566  1.000000  
52.976034 -0.000175  -0.013579  -0.001488  0.599545  0.625356  0.499475  -0.771485  0.617638  0.152754  -0.212969  -0.476920  0.852755  -0.012367  0.017046  0.009610  0.092223  0.541395  -1.080511  1.000000  
52.977278 -0.000192  -0.013556  -0.001475  0.601115  0.624225  0.499003  -0.770227  0.619030  0.153467  -0.213100  -0.476596  0.852903  -0.012693  0.017103  0.009723  0.088598  0.547169  -1.100493  1.000000  
52.978530 -0.000211  -0.013534  -0.001460  0.602506  0.623180  0.498631  -0.769067  0.620342  0.153985  -0.213362  -0.476258  0.853027  -0.013062  0.017180  0.010015  0.085126  0.552814  -1.120241  1.000000  
52.979537 -0.000227  -0.013518  -0.001448  0.603754  0.622300  0.498221  -0.768051  0.621474  0.154491  -0.213492  -0.475934  0.853175  -0.013408  0.017235  0.010209  0.080693  0.559746  -1.143497  1.000000  
52.980785 -0.000248  -0.013496  -0.001434  0.605158  0.621349  0.497703  -0.766909  0.622752  0.155022  -0.213623  -0.475506  0.853381  -0.013754  0.017311  0.010454  0.071493  0.562105  -1.157678  1.000000  
52.981796 -0.000264  -0.013479  -0.001421  0.606385  0.620425  0.497364  -0.765866  0.623930  0.155435  -0.213884  -0.475167  0.853504  -0.014019  0.017336  0.010607  0.066521  0.564305  -1.171373  1.000000  
52.983030 -0.000284  -0.013458  -0.001406  0.608100  0.619151  0.496856  -0.764468  0.625440  0.156244  -0.214015  -0.474843  0.853652  -0.014249  0.017441  0.010814  0.065840  0.576811  -1.203573  1.000000  
52.984034 -0.000300  -0.013440  -0.001394  0.609480  0.618093  0.496483  -0.763296  0.626743  0.156758  -0.214276  -0.474504  0.853775  -0.014457  0.017557  0.010984  0.058203  0.578573  -1.225585  1.000000  
52.985278 -0.000321  -0.013418  -0.001378  0.611171  0.616833  0.495971  -0.761869  0.628317  0.157399  -0.214538  -0.474062  0.853955  -0.014757  0.017620  0.011204  0.053185  0.585965  -1.247180  1.000000  
52.986278 -0.000338  -0.013401  -0.001365  0.612563  0.615809  0.495526  -0.760713  0.629565  0.157999  -0.214669  -0.473737  0.854102  -0.015057  0.017616  0.011395  0.054074  0.596477  -1.277714  1.000000  
52.987528 -0.000360  -0.013378  -0.001349  0.614248  0.614542  0.495013  -0.759279  0.631134  0.158637  -0.214930  -0.473295  0.854281  -0.015451  0.017582  0.011605  0.049002  0.599680  -1.300820  1.000000  
52.988778 -0.000382  -0.013356  -0.001332  0.615912  0.613291  0.494496  -0.757819  0.632768  0.159108  -0.215322  -0.472735  0.854493  -0.015860  0.017567  0.011949  0.036449  0.602940  -1.328079  1.000000  
52.989778 -0.000401  -0.013339  -0.001319  0.617141  0.612388  0.494083  -0.756781  0.633884  0.159603  -0.215453  -0.472410  0.854640  -0.016293  0.017495  0.012212  0.035435  0.605327  -1.342538  1.000000  
52.991028 -0.000427  -0.013318  -0.001300  0.618953  0.610940  0.493608  -0.755187  0.635620  0.160249  -0.215844  -0.471954  0.854793  -0.016778  0.017384  0.012494  0.029413  0.606157  -1.372571  1.000000  
52.992034 -0.000447  -0.013302  -0.001287  0.620333  0.609900  0.493161  -0.754017  0.636858  0.160844  -0.215975  -0.471629  0.854939  -0.017283  0.017238  0.012758  0.028497  0.612276  -1.384464  1.000000  
52.993277 -0.000475  -0.013283  -0.001268  0.621984  0.608635  0.492645  -0.752543  0.638481  0.161308  -0.216367  -0.471068  0.855149  -0.017864  0.017127  0.013034  0.019744  0.611387  -1.409156  1.000000  
52.994279 -0.000499  -0.013267  -0.001254  0.623513  0.607458  0.492164  -0.751239  0.639840  0.162001  -0.216498  -0.470743  0.855295  -0.018398  0.016992  0.013180  0.021687  0.620114  -1.434964  1.000000  
52.995285 -0.000523  -0.013252  -0.001239  0.624867  0.606429  0.491716  -0.750038  0.641141  0.162426  -0.216759  -0.470300  0.855473  -0.018901  0.016879  0.013380  0.015509  0.623925  -1.454826  1.000000  
52.996531 -0.000553  -0.013232  -0.001221  0.626662  0.605020  0.491167  -0.748425  0.642880  0.162987  -0.217151  -0.469739  0.855681  -0.019542  0.016742  0.013548  0.008366  0.626184  -1.484929  1.000000  
52.997534 -0.000577  -0.013217  -0.001206  0.628183  0.603893  0.490611  -0.747111  0.644252  0.163598  -0.217281  -0.469310  0.855884  -0.020170  0.016613  0.013751  0.004961  0.641068  -1.516142  1.000000  
52.998536 -0.000603  -0.013201  -0.001191  0.629529  0.602856  0.490162  -0.745901  0.645546  0.164018  -0.217543  -0.468867  0.856060  -0.020761  0.016535  0.013944  0.001486  0.641849  -1.536961  1.000000  
52.999778 -0.000635  -0.013181  -0.001171  0.631332  0.601475  0.489539  -0.744299  0.647229  0.164662  -0.217804  -0.468320  0.856293  -0.021490  0.016398  0.014263  -0.001465  0.651627  -1.562211  1.000000  
53.000778 -0.000662  -0.013166  -0.001153  0.632825  0.600297  0.489056  -0.742954  0.648641  0.165180  -0.218065  -0.467876  0.856469  -0.022130  0.016248  0.014560  -0.004892  0.652925  -1.584197  1.000000  
53.001778 -0.000689  -0.013150  -0.001136  0.634315  0.599116  0.488573  -0.741605  0.650051  0.165697  -0.218326  -0.467433  0.856645  -0.022813  0.016073  0.014940  -0.005683  0.660343  -1.611818  1.000000  
53.002780 -0.000717  -0.013135  -0.001118  0.635803  0.597991  0.488018  -0.740253  0.651479  0.166133  -0.218587  -0.466885  0.856877  -0.023595  0.015904  0.015231  -0.014060  0.666494  -1.629957  1.000000  
53.004029 -0.000754  -0.013116  -0.001096  0.637591  0.596594  0.487394  -0.738636  0.653150  0.166769  -0.218848  -0.466337  0.857109  -0.024553  0.015625  0.015518  -0.016405  0.670438  -1.651913  1.000000  
53.005278 -0.000791  -0.013098  -0.001073  0.639376  0.595192  0.486770  -0.737014  0.654818  0.167402  -0.219109  -0.465789  0.857340  -0.025406  0.015497  0.015906  -0.018223  0.678758  -1.678124  1.000000  
53.006528 -0.000831  -0.013080  -0.001051  0.641156  0.593845  0.486074  -0.735388  0.656503  0.167953  -0.219370  -0.465137  0.857627  -0.026336  0.015302  0.016188  -0.026976  0.684314  -1.690249  1.000000  
53.007529 -0.000863  -0.013067  -0.001033  0.642649  0.592687  0.485515  -0.734045  0.657853  0.168548  -0.219501  -0.464707  0.857827  -0.027048  0.015110  0.016444  -0.030390  0.693404  -1.708111  1.000000  
53.008778 -0.000904  -0.013050  -0.001010  0.644422  0.591272  0.484890  -0.732411  0.659511  0.169175  -0.219762  -0.464159  0.858057  -0.027929  0.015019  0.016780  -0.031913  0.695847  -1.719977  1.000000  
53.010028 -0.000946  -0.013032  -0.000986  0.646341  0.589716  0.484230  -0.730639  0.661287  0.169899  -0.220023  -0.463610  0.858286  -0.028707  0.014940  0.017118  -0.031124  0.700710  -1.740246  1.000000  
53.011278 -0.000988  -0.013014  -0.000962  0.648254  0.588214  0.483499  -0.728863  0.663080  0.170540  -0.220284  -0.462958  0.858572  -0.029423  0.014845  0.017472  -0.036789  0.712511  -1.763837  1.000000  
53.012287 -0.001022  -0.013000  -0.000942  0.649734  0.587040  0.482938  -0.727505  0.664419  0.171127  -0.220415  -0.462527  0.858770  -0.030159  0.014685  0.017873  -0.038210  0.718116  -1.770410  1.000000  
53.013531 -0.001065  -0.012982  -0.000916  0.651639  0.585528  0.482206  -0.725719  0.666205  0.171763  -0.220676  -0.461874  0.859055  -0.030841  0.014633  0.018303  -0.042973  0.719586  -1.784898  1.000000  
53.014544 -0.001099  -0.012967  -0.000896  0.653092  0.584365  0.481651  -0.724332  0.667605  0.172180  -0.220937  -0.461325  0.859282  -0.031460  0.014543  0.018615  -0.049090  0.721666  -1.790490  1.000000  
53.015782 -0.001144  -0.012948  -0.000869  0.655138  0.582647  0.480954  -0.722403  0.669483  0.172991  -0.221198  -0.460776  0.859510  -0.032267  0.014488  0.019012  -0.052215  0.730655  -1.809047  1.000000  
53.017027 -0.001189  -0.012930  -0.000842  0.657197  0.581023  0.480108  -0.720490  0.671332  0.173803  -0.221328  -0.460136  0.859819  -0.032977  0.014404  0.019319  -0.051998  0.743489  -1.821903  1.000000  
53.018033 -0.001226  -0.012916  -0.000820  0.658787  0.579651  0.479588  -0.718956  0.672821  0.174394  -0.221589  -0.459691  0.859990  -0.033497  0.014322  0.019634  -0.050385  0.751868  -1.843040  1.000000  
53.019278 -0.001272  -0.012897  -0.000792  0.660836  0.578017  0.478740  -0.717033  0.674662  0.175200  -0.221720  -0.459051  0.860298  -0.034157  0.014314  0.019993  -0.053607  0.764448  -1.859362  1.000000  
53.020278 -0.001311  -0.012884  -0.000770  0.662418  0.576636  0.478219  -0.715491  0.676145  0.175787  -0.221980  -0.458606  0.860468  -0.034661  0.014282  0.020282  -0.054117  0.770045  -1.871456  1.000000  
53.021278 -0.001349  -0.012869  -0.000747  0.663869  0.575491  0.477586  -0.714104  0.677483  0.176276  -0.222111  -0.458070  0.860720  -0.035109  0.014314  0.020577  -0.056408  0.772212  -1.877759  1.000000  
53.022528 -0.001398  -0.012851  -0.000717  0.665884  0.573741  0.476885  -0.712144  0.679336  0.177071  -0.222372  -0.457520  0.860945  -0.035637  0.014401  0.021024  -0.056772  0.781505  -1.887800  1.000000  
53.023778 -0.001446  -0.012832  -0.000687  0.667893  0.572044  0.476114  -0.710178  0.681205  0.177781  -0.222633  -0.456865  0.861225  -0.036166  0.014497  0.021549  -0.059818  0.789925  -1.905964  1.000000  
53.025028 -0.001496  -0.012814  -0.000656  0.670042  0.570142  0.475376  -0.708069  0.683166  0.178669  -0.222894  -0.456315  0.861450  -0.036744  0.014538  0.022052  -0.054715  0.798520  -1.924614  1.000000  
53.026028 -0.001536  -0.012798  -0.000631  0.671769  0.568698  0.474667  -0.706390  0.684725  0.179344  -0.223024  -0.455778  0.861700  -0.037175  0.014615  0.022475  -0.054377  0.810720  -1.936258  1.000000  
53.027278 -0.001585  -0.012779  -0.000599  0.673761  0.566983  0.473895  -0.704408  0.686581  0.180045  -0.223285  -0.455123  0.861978  -0.037555  0.014757  0.022869  -0.054826  0.815588  -1.948173  1.000000  
53.028534 -0.001636  -0.012758  -0.000567  0.675747  0.565204  0.473192  -0.702420  0.688410  0.180827  -0.223546  -0.454572  0.862201  -0.038103  0.014870  0.023303  -0.051233  0.820679  -1.960334  1.000000  
53.029538 -0.001677  -0.012743  -0.000541  0.677459  0.563746  0.472482  -0.700727  0.689958  0.181494  -0.223676  -0.454035  0.862450  -0.038527  0.014936  0.023639  -0.051214  0.829933  -1.974243  1.000000  
53.030785 -0.001729  -0.012723  -0.000508  0.679578  0.561815  0.471740  -0.698589  0.691893  0.182367  -0.223937  -0.453484  0.862673  -0.039038  0.014987  0.024037  -0.047447  0.839115  -1.984659  1.000000  
53.031786 -0.001771  -0.012708  -0.000482  0.681403  0.560105  0.471139  -0.696725  0.693570  0.183127  -0.224198  -0.453038  0.862839  -0.039436  0.015042  0.024395  -0.042413  0.843554  -2.004609  1.000000  
53.033030 -0.001825  -0.012689  -0.000448  0.683509  0.558218  0.470328  -0.694574  0.695517  0.183911  -0.224459  -0.452382  0.863116  -0.039985  0.015140  0.024818  -0.037244  0.851831  -2.023573  1.000000  
53.034284 -0.001880  -0.012669  -0.000413  0.685609  0.556324  0.469515  -0.692417  0.697458  0.184690  -0.224719  -0.451726  0.863392  -0.040550  0.015227  0.025338  -0.035977  0.863821  -2.039558  1.000000  
53.035529 -0.001936  -0.012649  -0.000378  0.687701  0.554423  0.468702  -0.690254  0.699393  0.185467  -0.224980  -0.451070  0.863667  -0.041107  0.015375  0.025793  -0.030776  0.871886  -2.058165  1.000000  
53.036567 -0.001981  -0.012634  -0.000350  0.689241  0.553079  0.468027  -0.688674  0.700803  0.186021  -0.225110  -0.450532  0.863913  -0.041404  0.015459  0.026114  -0.031433  0.875889  -2.067713  1.000000  
53.037778 -0.002039  -0.012613  -0.000313  0.691300  0.551125  0.467296  -0.686479  0.702771  0.186710  -0.225501  -0.449861  0.864161  -0.042134  0.015600  0.026679  -0.031727  0.878190  -2.085491  1.000000  
53.038778 -0.002084  -0.012597  -0.000283  0.692832  0.549772  0.466621  -0.684890  0.704173  0.187259  -0.225632  -0.449323  0.864407  -0.042508  0.015701  0.026938  -0.033123  0.882197  -2.091690  1.000000  
53.039778 -0.002131  -0.012580  -0.000253  0.694479  0.548228  0.465989  -0.683134  0.705727  0.187821  -0.225893  -0.448771  0.864626  -0.043007  0.015862  0.027325  -0.034335  0.885094  -2.103686  1.000000  
53.040779 -0.002177  -0.012563  -0.000223  0.695981  0.546825  0.465396  -0.681517  0.707165  0.188285  -0.226153  -0.448219  0.864844  -0.043445  0.015962  0.027635  -0.037086  0.882197  -2.106544  1.000000  
53.042028 -0.002237  -0.012541  -0.000185  0.697899  0.545037  0.464621  -0.679466  0.708960  0.188949  -0.226414  -0.447561  0.865116  -0.044069  0.016103  0.028034  -0.034946  0.883814  -2.113196  1.000000  
53.043028 -0.002284  -0.012524  -0.000154  0.699392  0.543625  0.464029  -0.677842  0.710391  0.189408  -0.226674  -0.447009  0.865333  -0.044590  0.016165  0.028396  -0.032795  0.885487  -2.119285  1.000000  
53.044030 -0.002332  -0.012506  -0.000123  0.700882  0.542154  0.463502  -0.676214  0.711795  0.189953  -0.226935  -0.446561  0.865496  -0.045028  0.016330  0.028731  -0.030802  0.883679  -2.127850  1.000000  
53.045281 -0.002393  -0.012485  -0.000084  0.702923  0.540204  0.462687  -0.674004  0.713688  0.190703  -0.227196  -0.445903  0.865767  -0.045670  0.016417  0.029180  -0.027105  0.888166  -2.139909  1.000000  
53.046283 -0.002442  -0.012468  -0.000052  0.704381  0.538793  0.462114  -0.672348  0.715172  0.190990  -0.227587  -0.445231  0.866010  -0.046210  0.016496  0.029638  -0.035286  0.880522  -2.142018  1.000000  
53.047535 -0.002505  -0.012447  -0.000012  0.706272  0.536979  0.461339  -0.670273  0.716944  0.191640  -0.227847  -0.444573  0.866280  -0.046839  0.016631  0.030063  -0.036384  0.871934  -2.139001  1.000000  
53.048781 -0.002568  -0.012426  0.000030  0.708134  0.535172  0.460583  -0.668172  0.718774  0.192120  -0.228238  -0.443795  0.866575  -0.047348  0.016742  0.030551  -0.039688  0.866123  -2.141470  1.000000  
53.050028 -0.002631  -0.012404  0.000071  0.709990  0.533303  0.459893  -0.666065  0.720576  0.192684  -0.228629  -0.443123  0.866817  -0.047806  0.016884  0.030901  -0.040648  0.862155  -2.152167  1.000000  
53.051031 -0.002681  -0.012387  0.000105  0.711589  0.531658  0.459327  -0.664267  0.722066  0.193311  -0.228889  -0.442674  0.866977  -0.048209  0.016998  0.031290  -0.033772  0.864772  -2.164355  1.000000  
53.052279 -0.002745  -0.012364  0.000147  0.713433  0.529778  0.458638  -0.662151  0.723858  0.193871  -0.229280  -0.442002  0.867217  -0.048686  0.017142  0.031700  -0.037074  0.859319  -2.167000  1.000000  
53.053528 -0.002807  -0.012342  0.000189  0.715271  0.527893  0.457949  -0.660030  0.725644  0.194428  -0.229671  -0.441329  0.867456  -0.048939  0.017274  0.031995  -0.036299  0.853687  -2.169582  1.000000  
53.054530 -0.002857  -0.012324  0.000223  0.716696  0.526395  0.457445  -0.658346  0.727075  0.194788  -0.230061  -0.440761  0.867642  -0.049263  0.017355  0.032269  -0.040359  0.843798  -2.167989  1.000000  
53.055779 -0.002920  -0.012301  0.000266  0.718522  0.524499  0.456757  -0.656215  0.728851  0.195340  -0.230452  -0.440087  0.867880  -0.049542  0.017455  0.032630  -0.042118  0.832578  -2.164563  1.000000  
53.057028 -0.002983  -0.012278  0.000310  0.720342  0.522598  0.456070  -0.654079  0.730621  0.195890  -0.230842  -0.439414  0.868117  -0.049806  0.017519  0.032992  -0.041348  0.826946  -2.167125  1.000000  
53.058279 -0.003046  -0.012255  0.000355  0.722266  0.520496  0.455429  -0.651769  0.732532  0.196453  -0.231363  -0.438726  0.868326  -0.050025  0.017635  0.033444  -0.042930  0.820641  -2.177962  1.000000  
53.059528 -0.003110  -0.012232  0.000400  0.724206  0.518376  0.454765  -0.649473  0.734373  0.197181  -0.231754  -0.438157  0.868509  -0.050203  0.017692  0.033809  -0.037272  0.813819  -2.182438  1.000000  
53.060528 -0.003160  -0.012215  0.000437  0.725739  0.516705  0.454224  -0.647620  0.735889  0.197625  -0.232144  -0.437589  0.868692  -0.050345  0.017718  0.034157  -0.040532  0.808394  -2.184259  1.000000  
53.061778 -0.003225  -0.012192  0.000483  0.727510  0.514737  0.453625  -0.645443  0.737675  0.198088  -0.232665  -0.436901  0.868899  -0.050483  0.017823  0.034564  -0.046792  0.792929  -2.177159  1.000000  
53.062784 -0.003275  -0.012174  0.000520  0.729032  0.513001  0.453147  -0.643582  0.739157  0.198619  -0.233055  -0.436437  0.869027  -0.050528  0.017885  0.034848  -0.042993  0.784619  -2.178935  1.000000  
53.064042 -0.003339  -0.012152  0.000566  0.730945  0.510914  0.452422  -0.641266  0.740998  0.199248  -0.233445  -0.435762  0.869261  -0.050558  0.017955  0.035225  -0.042219  0.778855  -2.181130  1.000000  
53.065281 -0.003402  -0.012129  0.000613  0.732696  0.508874  0.451888  -0.639074  0.742742  0.199795  -0.233966  -0.435179  0.869413  -0.050593  0.018057  0.035600  -0.038819  0.766376  -2.179964  1.000000  
53.066283 -0.003453  -0.012110  0.000651  0.734226  0.507224  0.451261  -0.637221  0.744195  0.200307  -0.234226  -0.434624  0.869621  -0.050573  0.018113  0.035860  -0.036813  0.764990  -2.191025  1.000000  
53.067533 -0.003515  -0.012087  0.000698  0.736119  0.505119  0.450537  -0.634889  0.746018  0.200929  -0.234616  -0.433949  0.869853  -0.050576  0.018177  0.036283  -0.035843  0.762291  -2.188500  1.000000  
53.068779 -0.003579  -0.012064  0.000746  0.738028  0.502998  0.449786  -0.632572  0.747772  0.201714  -0.234876  -0.433393  0.870060  -0.050708  0.018259  0.036646  -0.029565  0.763975  -2.195328  1.000000  
53.069781 -0.003630  -0.012045  0.000785  0.739541  0.501333  0.449160  -0.630706  0.749211  0.202219  -0.235136  -0.432837  0.870266  -0.050661  0.018290  0.036958  -0.028944  0.762452  -2.195299  1.000000  
53.071028 -0.003694  -0.012022  0.000834  0.741283  0.499311  0.448539  -0.628511  0.750888  0.202832  -0.235526  -0.432267  0.870444  -0.050763  0.018335  0.037332  -0.018427  0.759921  -2.204053  1.000000  
53.072035 -0.003745  -0.012003  0.000873  0.742786  0.497638  0.447913  -0.626637  0.752317  0.203333  -0.235787  -0.431711  0.870649  -0.050770  0.018373  0.037548  -0.020278  0.761468  -2.209689  1.000000  
53.073278 -0.003810  -0.011980  0.000923  0.744669  0.495495  0.447161  -0.624300  0.754049  0.204108  -0.236047  -0.431155  0.870854  -0.050936  0.018334  0.037879  -0.015589  0.760158  -2.210734  1.000000  
53.074278 -0.003861  -0.011961  0.000964  0.746032  0.493915  0.446637  -0.622572  0.755342  0.204604  -0.236307  -0.430705  0.871007  -0.050968  0.018381  0.038225  -0.010894  0.758935  -2.211165  1.000000  
53.075528 -0.003926  -0.011938  0.001014  0.747775  0.491917  0.445926  -0.620378  0.756961  0.205283  -0.236567  -0.430148  0.871211  -0.051058  0.018423  0.038467  -0.007003  0.757290  -2.205167  1.000000  
53.076778 -0.003992  -0.011915  0.001065  0.749408  0.490169  0.445109  -0.618355  0.758461  0.205849  -0.236697  -0.429500  0.871495  -0.051127  0.018511  0.038796  -0.007980  0.760526  -2.195453  1.000000  
53.078028 -0.004057  -0.011891  0.001116  0.751138  0.488162  0.444398  -0.616152  0.760069  0.206523  -0.236957  -0.428944  0.871699  -0.051266  0.018608  0.039155  0.000720  0.758923  -2.196050  1.000000  
