1-Time 2-Px 3-Py 4-Pz 5-R11 6-R21 7-R31 8-R12 9-R22 10-R32 11-R13 12-R23 13-R33 14-Vx 15-Vy 16-Vz 17-Wx 18-Wy 19-Wz 20-state
91.298943 -0.006916  -0.012680  0.005323  0.683363  0.724782  0.087782  -0.727528  0.686077  -0.001034  -0.060974  -0.063157  0.996139  -0.000533  -0.000424  0.000499  0.066422  0.319184  -0.103845  1.000000  
91.300031 -0.006916  -0.012680  0.005321  0.683219  0.724929  0.087690  -0.727674  0.685922  -0.000955  -0.060841  -0.063158  0.996147  -0.000626  -0.000542  -0.001474  0.000000  0.000000  0.000000  1.000000  
91.301282 -0.006910  -0.012673  0.005315  0.683225  0.724945  0.087511  -0.727680  0.685916  -0.000941  -0.060707  -0.063037  0.996163  0.002846  0.003579  -0.003757  0.000000  0.000000  0.000000  1.000000  
91.302290 -0.006903  -0.012664  0.005309  0.683080  0.725092  0.087420  -0.727827  0.685760  -0.000862  -0.060574  -0.063038  0.996171  0.004285  0.005160  -0.004642  0.000000  0.000000  0.000000  1.000000  
91.303539 -0.006898  -0.012658  0.005303  0.683080  0.725103  0.087332  -0.727827  0.685760  -0.000945  -0.060574  -0.062917  0.996179  0.004089  0.005134  -0.004503  0.000000  0.000000  0.000000  1.000000  
91.304776 -0.006896  -0.012656  0.005300  0.682936  0.725261  0.087152  -0.727973  0.685605  -0.000949  -0.060440  -0.062797  0.996195  0.003545  0.004322  -0.004190  0.000000  0.000000  0.000000  1.000000  
91.305778 -0.006893  -0.012653  0.005297  0.682936  0.725261  0.087152  -0.727973  0.685605  -0.000949  -0.060440  -0.062797  0.996195  0.003512  0.004175  -0.003861  0.000000  0.000000  0.000000  1.000000  
91.306830 -0.006889  -0.012647  0.005294  0.682786  0.725412  0.087064  -0.728114  0.685455  -0.001050  -0.060440  -0.062676  0.996202  0.003594  0.004306  -0.003757  0.000000  0.000000  0.000000  1.000000  
91.308025 -0.006884  -0.012640  0.005289  0.682636  0.725564  0.086976  -0.728255  0.685306  -0.001151  -0.060440  -0.062555  0.996210  0.003585  0.004611  -0.003890  0.000000  0.000000  0.000000  1.000000  
91.309273 -0.006882  -0.012634  0.005281  0.682631  0.725558  0.087067  -0.728249  0.685312  -0.001248  -0.060574  -0.062554  0.996202  0.003327  0.004587  -0.004143  0.000000  0.000000  0.000000  1.000000  
91.310273 -0.006881  -0.012629  0.005276  0.682481  0.725710  0.086979  -0.728389  0.685162  -0.001349  -0.060574  -0.062434  0.996209  0.003180  0.004585  -0.004263  0.000000  0.000000  0.000000  1.000000  
91.311273 -0.006878  -0.012624  0.005271  0.682481  0.725720  0.086891  -0.728389  0.685162  -0.001432  -0.060574  -0.062313  0.996217  0.003123  0.004674  -0.004306  0.000000  0.000000  0.000000  1.000000  
91.312274 -0.006874  -0.012617  0.005265  0.682331  0.725861  0.086890  -0.728530  0.685013  -0.001450  -0.060574  -0.062313  0.996217  0.003200  0.004842  -0.004434  0.000000  0.000000  0.000000  1.000000  
91.313523 -0.006868  -0.012606  0.005257  0.682175  0.726007  0.086893  -0.728664  0.684869  -0.001648  -0.060707  -0.062191  0.996216  0.003348  0.005183  -0.004636  0.000000  0.000000  0.000000  1.000000  
91.314775 -0.006859  -0.012592  0.005243  0.682020  0.726153  0.086896  -0.728799  0.684726  -0.001847  -0.060841  -0.062070  0.996216  0.003816  0.005874  -0.005251  0.000000  0.000000  0.000000  1.000000  
91.315780 -0.006850  -0.012578  0.005233  0.681864  0.726299  0.086898  -0.728933  0.684582  -0.002045  -0.060974  -0.061949  0.996215  0.004145  0.006515  -0.005668  0.000000  0.000000  0.000000  1.000000  
91.316787 -0.006841  -0.012564  0.005224  0.681708  0.726434  0.086989  -0.729068  0.684438  -0.002160  -0.061108  -0.061948  0.996207  0.004269  0.006962  -0.005850  0.000000  0.000000  0.000000  1.000000  
91.318026 -0.006834  -0.012548  0.005216  0.681553  0.726580  0.086991  -0.729202  0.684295  -0.002359  -0.061241  -0.061827  0.996206  0.004360  0.007423  -0.005951  0.000000  0.000000  0.000000  1.000000  
91.319028 -0.006831  -0.012539  0.005212  0.681403  0.726731  0.086903  -0.729342  0.684145  -0.002459  -0.061241  -0.061706  0.996214  0.004454  0.007946  -0.006017  0.000000  0.000000  0.000000  1.000000  
91.320273 -0.006827  -0.012527  0.005205  0.681247  0.726877  0.086905  -0.729476  0.684001  -0.002658  -0.061375  -0.061585  0.996213  0.004535  0.008499  -0.006303  0.000000  0.000000  0.000000  1.000000  
91.321282 -0.006822  -0.012515  0.005197  0.681091  0.727023  0.086907  -0.729611  0.683857  -0.002856  -0.061509  -0.061463  0.996212  0.004581  0.009045  -0.006651  0.000000  0.000000  0.000000  1.000000  
91.322524 -0.006816  -0.012500  0.005185  0.680935  0.727169  0.086909  -0.729745  0.683713  -0.003054  -0.061642  -0.061342  0.996212  0.004661  0.009517  -0.007097  0.000000  0.000000  0.000000  1.000000  
91.323524 -0.006814  -0.012490  0.005175  0.680785  0.727309  0.086909  -0.729885  0.683563  -0.003072  -0.061642  -0.061342  0.996212  0.004653  0.009858  -0.007425  0.000000  0.000000  0.000000  1.000000  
91.324773 -0.006811  -0.012479  0.005163  0.680629  0.727455  0.086911  -0.730019  0.683419  -0.003270  -0.061776  -0.061221  0.996211  0.004780  0.010304  -0.007777  0.000000  0.000000  0.000000  1.000000  
91.326023 -0.006807  -0.012466  0.005152  0.680323  0.727741  0.086912  -0.730293  0.683125  -0.003487  -0.061909  -0.061099  0.996210  0.004817  0.010704  -0.008048  0.000000  0.000000  0.000000  1.000000  
91.327271 -0.006799  -0.012449  0.005142  0.680167  0.727876  0.087002  -0.730427  0.682981  -0.003602  -0.062043  -0.061099  0.996202  0.005009  0.011191  -0.008198  0.000000  0.000000  0.000000  1.000000  
91.328273 -0.006792  -0.012435  0.005132  0.680167  0.727887  0.086914  -0.730427  0.682981  -0.003685  -0.062043  -0.060978  0.996209  0.005186  0.011625  -0.008423  0.000000  0.000000  0.000000  1.000000  
91.329522 -0.006784  -0.012417  0.005121  0.679860  0.728162  0.087003  -0.730701  0.682687  -0.003818  -0.062176  -0.060977  0.996201  0.005133  0.011888  -0.008378  0.000000  0.000000  0.000000  1.000000  
91.330524 -0.006779  -0.012403  0.005112  0.679855  0.728157  0.087094  -0.730695  0.682693  -0.003916  -0.062310  -0.060977  0.996192  0.004900  0.011888  -0.008226  0.000000  0.000000  0.000000  1.000000  
91.331535 -0.006774  -0.012390  0.005106  0.679698  0.728292  0.087184  -0.730829  0.682549  -0.004031  -0.062443  -0.060976  0.996184  0.004624  0.011800  -0.008021  0.000000  0.000000  0.000000  1.000000  
91.332779 -0.006768  -0.012375  0.005099  0.679542  0.728437  0.087185  -0.730963  0.682404  -0.004230  -0.062577  -0.060855  0.996183  0.004517  0.011777  -0.007916  0.000000  0.000000  0.000000  1.000000  
91.333791 -0.006764  -0.012365  0.005093  0.679537  0.728432  0.087276  -0.730957  0.682410  -0.004327  -0.062710  -0.060855  0.996175  0.004577  0.011837  -0.008086  0.000000  0.000000  0.000000  1.000000  
91.335039 -0.006759  -0.012352  0.005081  0.679386  0.728572  0.087275  -0.731096  0.682260  -0.004345  -0.062710  -0.060855  0.996175  0.004573  0.011855  -0.008338  0.000000  0.000000  0.000000  1.000000  
91.336275 -0.006755  -0.012340  0.005069  0.679380  0.728567  0.087366  -0.731090  0.682266  -0.004443  -0.062844  -0.060854  0.996166  0.004427  0.011720  -0.008537  0.000000  0.000000  0.000000  1.000000  
91.337287 -0.006751  -0.012329  0.005058  0.679375  0.728561  0.087457  -0.731084  0.682272  -0.004541  -0.062977  -0.060854  0.996158  0.004394  0.011594  -0.008603  0.000000  0.000000  0.000000  1.000000  
91.338525 -0.006747  -0.012316  0.005046  0.679218  0.728696  0.087547  -0.731218  0.682128  -0.004656  -0.063111  -0.060853  0.996150  0.004477  0.011643  -0.008513  0.000000  0.000000  0.000000  1.000000  
91.339776 -0.006744  -0.012305  0.005038  0.679218  0.728696  0.087547  -0.731218  0.682128  -0.004656  -0.063111  -0.060853  0.996150  0.004562  0.011655  -0.008306  0.000000  0.000000  0.000000  1.000000  
91.341022 -0.006738  -0.012292  0.005030  0.679213  0.728691  0.087637  -0.731212  0.682134  -0.004754  -0.063245  -0.060852  0.996141  0.004626  0.011575  -0.008178  0.000000  0.000000  0.000000  1.000000  
91.342023 -0.006731  -0.012279  0.005023  0.679207  0.728685  0.087728  -0.731205  0.682140  -0.004852  -0.063378  -0.060852  0.996133  0.004633  0.011557  -0.008076  0.000000  0.000000  0.000000  1.000000  
91.343274 -0.006723  -0.012262  0.005015  0.679352  0.728528  0.087908  -0.731059  0.682297  -0.004848  -0.063512  -0.060972  0.996117  0.004579  0.011462  -0.007793  0.000000  0.000000  0.000000  1.000000  
91.344523 -0.006717  -0.012246  0.005005  0.679352  0.728518  0.087996  -0.731059  0.682297  -0.004766  -0.063512  -0.061093  0.996109  0.004510  0.011326  -0.007709  0.000000  0.000000  0.000000  1.000000  
91.345524 -0.006713  -0.012235  0.004998  0.679346  0.728512  0.088087  -0.731053  0.682303  -0.004863  -0.063645  -0.061093  0.996101  0.004429  0.011216  -0.007658  0.000000  0.000000  0.000000  1.000000  
91.346582 -0.006709  -0.012225  0.004991  0.679496  0.728372  0.088088  -0.730913  0.682453  -0.004845  -0.063645  -0.061093  0.996101  0.004342  0.010914  -0.007668  0.000000  0.000000  0.000000  1.000000  
91.347775 -0.006704  -0.012214  0.004982  0.679641  0.728215  0.088268  -0.730767  0.682610  -0.004842  -0.063779  -0.061213  0.996085  0.004256  0.010736  -0.007784  0.000000  0.000000  0.000000  1.000000  
91.348783 -0.006702  -0.012205  0.004974  0.679641  0.728204  0.088357  -0.730767  0.682610  -0.004759  -0.063779  -0.061334  0.996078  0.004108  0.010650  -0.007880  0.000000  0.000000  0.000000  1.000000  
91.350027 -0.006700  -0.012194  0.004963  0.679791  0.728053  0.088446  -0.730627  0.682761  -0.004658  -0.063779  -0.061455  0.996070  0.003942  0.010580  -0.007926  0.000000  0.000000  0.000000  1.000000  
91.351040 -0.006699  -0.012185  0.004954  0.679791  0.728053  0.088446  -0.730627  0.682761  -0.004658  -0.063779  -0.061455  0.996070  0.003785  0.010492  -0.007804  0.000000  0.000000  0.000000  1.000000  
91.352285 -0.006697  -0.012172  0.004945  0.680092  0.727761  0.088536  -0.730347  0.683061  -0.004539  -0.063779  -0.061575  0.996063  0.003633  0.010436  -0.007536  0.000000  0.000000  0.000000  1.000000  
91.353534 -0.006693  -0.012160  0.004939  0.680242  0.727599  0.088714  -0.730207  0.683212  -0.004355  -0.063779  -0.061817  0.996048  0.003595  0.010401  -0.007139  0.000000  0.000000  0.000000  1.000000  
91.354773 -0.006690  -0.012148  0.004933  0.680393  0.727447  0.088803  -0.730067  0.683362  -0.004254  -0.063779  -0.061938  0.996040  0.003591  0.010453  -0.007037  0.000000  0.000000  0.000000  1.000000  
91.355778 -0.006687  -0.012137  0.004927  0.680543  0.727296  0.088892  -0.729927  0.683513  -0.004152  -0.063779  -0.062059  0.996033  0.003418  0.010541  -0.006918  0.000000  0.000000  0.000000  1.000000  
91.357022 -0.006683  -0.012121  0.004918  0.680693  0.727134  0.089069  -0.729787  0.683663  -0.003968  -0.063779  -0.062300  0.996018  0.003193  0.010520  -0.006984  0.000000  0.000000  0.000000  1.000000  
91.358273 -0.006678  -0.012105  0.004907  0.681000  0.726847  0.089068  -0.729513  0.683957  -0.003751  -0.063645  -0.062422  0.996018  0.002969  0.010457  -0.007153  0.000000  0.000000  0.000000  1.000000  
91.359523 -0.006675  -0.012092  0.004898  0.681300  0.726544  0.089246  -0.729232  0.684257  -0.003549  -0.063645  -0.062663  0.996003  0.002807  0.010304  -0.007118  0.000000  0.000000  0.000000  1.000000  
91.360773 -0.006674  -0.012081  0.004890  0.681456  0.726387  0.089332  -0.729098  0.684401  -0.003267  -0.063512  -0.062905  0.995997  0.002513  0.010103  -0.007041  0.000000  0.000000  0.000000  1.000000  
91.362023 -0.006674  -0.012070  0.004881  0.681756  0.726083  0.089509  -0.728818  0.684701  -0.003064  -0.063512  -0.063147  0.995981  0.002233  0.010034  -0.007101  0.000000  0.000000  0.000000  1.000000  
91.363023 -0.006674  -0.012061  0.004875  0.682056  0.725780  0.089686  -0.728537  0.685001  -0.002861  -0.063512  -0.063389  0.995966  0.001936  0.010037  -0.007057  0.000000  0.000000  0.000000  1.000000  
91.364273 -0.006674  -0.012048  0.004867  0.682362  0.725482  0.089772  -0.728262  0.685294  -0.002560  -0.063378  -0.063631  0.995959  0.001769  0.010172  -0.006851  0.000000  0.000000  0.000000  1.000000  
91.365288 -0.006675  -0.012039  0.004861  0.682512  0.725319  0.089949  -0.728122  0.685444  -0.002376  -0.063378  -0.063872  0.995944  0.001667  0.010189  -0.006598  0.000000  0.000000  0.000000  1.000000  
91.366531 -0.006675  -0.012027  0.004855  0.682967  0.724868  0.090123  -0.727706  0.685886  -0.001973  -0.063245  -0.064235  0.995929  0.001570  0.010184  -0.006378  0.124599  -0.003077  -0.166227  1.000000  
91.367532 -0.006675  -0.012017  0.004851  0.683117  0.724705  0.090299  -0.727566  0.686036  -0.001788  -0.063245  -0.064477  0.995913  0.001432  0.010170  -0.006190  0.133191  0.001863  -0.172824  1.000000  
91.368780 -0.006672  -0.012003  0.004845  0.683422  0.724396  0.090472  -0.727290  0.686328  -0.001404  -0.063111  -0.064840  0.995898  0.001347  0.010312  -0.006184  0.146746  0.012175  -0.192952  1.000000  
91.369780 -0.006671  -0.011992  0.004839  0.683572  0.724232  0.090648  -0.727150  0.686478  -0.001219  -0.063111  -0.065081  0.995882  0.001247  0.010403  -0.006298  0.155321  0.012633  -0.199823  1.000000  
91.371031 -0.006669  -0.011976  0.004830  0.683871  0.723917  0.090912  -0.726868  0.686776  -0.000932  -0.063111  -0.065444  0.995858  0.001159  0.010512  -0.006301  0.168461  0.018032  -0.213347  1.000000  
91.372273 -0.006667  -0.011961  0.004821  0.684176  0.723607  0.091085  -0.726593  0.687068  -0.000547  -0.062977  -0.065807  0.995843  0.000952  0.010416  -0.006272  0.177522  0.027942  -0.226596  1.000000  
91.373526 -0.006666  -0.011947  0.004814  0.684475  0.723291  0.091348  -0.726311  0.687366  -0.000260  -0.062977  -0.066169  0.995819  0.000649  0.010275  -0.006033  0.190228  0.032915  -0.233223  1.000000  
91.374773 -0.006668  -0.011935  0.004809  0.684780  0.722969  0.091607  -0.726035  0.687658  0.000208  -0.062844  -0.066653  0.995795  0.000407  0.010246  -0.005837  0.203313  0.042843  -0.246394  1.000000  
91.375779 -0.006670  -0.011927  0.004805  0.684929  0.722805  0.091783  -0.725894  0.687806  0.000394  -0.062844  -0.066894  0.995779  0.000257  0.010303  -0.005621  0.211420  0.042863  -0.246333  1.000000  
91.377023 -0.006673  -0.011915  0.004800  0.685234  0.722484  0.092042  -0.725618  0.688097  0.000863  -0.062710  -0.067378  0.995755  0.000027  0.010340  -0.005412  0.222706  0.047927  -0.257729  1.000000  
91.378273 -0.006676  -0.011902  0.004793  0.685533  0.722156  0.092392  -0.725336  0.688394  0.001234  -0.062710  -0.067861  0.995722  -0.000100  0.010451  -0.005373  0.239326  0.052882  -0.264256  1.000000  
91.379522 -0.006677  -0.011889  0.004787  0.685831  0.721827  0.092741  -0.725054  0.688691  0.001607  -0.062710  -0.068344  0.995689  -0.000200  0.010497  -0.005247  0.251924  0.053414  -0.271111  1.000000  
91.380526 -0.006680  -0.011879  0.004781  0.685981  0.721652  0.093004  -0.724912  0.688838  0.001876  -0.062710  -0.068707  0.995664  -0.000271  0.010493  -0.005292  0.260413  0.053920  -0.277898  1.000000  
91.381529 -0.006680  -0.011869  0.004777  0.686279  0.721323  0.093353  -0.724630  0.689135  0.002249  -0.062710  -0.069190  0.995631  -0.000331  0.010561  -0.005242  0.273063  0.054470  -0.284806  1.000000  
91.382530 -0.006681  -0.011858  0.004771  0.686428  0.721147  0.093615  -0.724489  0.689282  0.002519  -0.062710  -0.069552  0.995605  -0.000448  0.010641  -0.005319  0.283361  0.054968  -0.287029  1.000000  
91.383799 -0.006682  -0.011843  0.004763  0.686726  0.720806  0.094051  -0.724206  0.689577  0.002976  -0.062710  -0.070156  0.995563  -0.000694  0.010675  -0.005442  0.299883  0.055487  -0.293681  1.000000  
91.385029 -0.006683  -0.011828  0.004756  0.687174  0.720323  0.094486  -0.723782  0.690020  0.003452  -0.062710  -0.070760  0.995520  -0.000875  0.010697  -0.005422  0.317273  0.056551  -0.307646  1.000000  
91.386274 -0.006684  -0.011813  0.004750  0.687472  0.719981  0.094921  -0.723499  0.690315  0.003910  -0.062710  -0.071363  0.995477  -0.001058  0.010624  -0.005163  0.329549  0.056690  -0.307666  1.000000  
91.387275 -0.006685  -0.011803  0.004746  0.687769  0.719651  0.095269  -0.723216  0.690609  0.004284  -0.062710  -0.071846  0.995442  -0.001250  0.010563  -0.005004  0.342206  0.057245  -0.314528  1.000000  
91.388523 -0.006688  -0.011791  0.004743  0.688216  0.719166  0.095702  -0.722791  0.691051  0.004762  -0.062710  -0.072450  0.995399  -0.001457  0.010453  -0.004749  0.354881  0.053364  -0.321725  1.000000  
91.389772 -0.006692  -0.011779  0.004738  0.688662  0.718681  0.096135  -0.722365  0.691492  0.005241  -0.062710  -0.073054  0.995354  -0.001591  0.010405  -0.004719  0.364921  0.053986  -0.332688  1.000000  
91.390772 -0.006695  -0.011770  0.004734  0.688960  0.718350  0.096482  -0.722082  0.691785  0.005616  -0.062710  -0.073537  0.995319  -0.001618  0.010445  -0.004772  0.377466  0.050107  -0.339815  1.000000  
91.391779 -0.006698  -0.011761  0.004728  0.689257  0.718006  0.096915  -0.721798  0.692077  0.006075  -0.062710  -0.074140  0.995274  -0.001677  0.010440  -0.004866  0.392778  0.050661  -0.342569  1.000000  
91.393023 -0.006701  -0.011749  0.004721  0.689851  0.717377  0.097345  -0.721230  0.692664  0.006575  -0.062710  -0.074744  0.995229  -0.001732  0.010372  -0.004914  0.402585  0.051342  -0.353432  1.000000  
91.394273 -0.006703  -0.011737  0.004714  0.690290  0.716871  0.097955  -0.720798  0.693109  0.007044  -0.062844  -0.075468  0.995166  -0.001738  0.010308  -0.004936  0.419188  0.043093  -0.360858  1.000000  
91.395522 -0.006705  -0.011724  0.004708  0.690884  0.716228  0.098470  -0.720229  0.693694  0.007629  -0.062844  -0.076192  0.995111  -0.001705  0.010344  -0.004888  0.432325  0.044266  -0.374621  1.000000  
91.396772 -0.006707  -0.011712  0.004701  0.691477  0.715585  0.098985  -0.719660  0.694278  0.008215  -0.062844  -0.076916  0.995055  -0.001759  0.010274  -0.004934  0.445371  0.040997  -0.388646  1.000000  
91.397775 -0.006709  -0.011701  0.004697  0.691915  0.715089  0.099505  -0.719227  0.694722  0.008602  -0.062977  -0.077519  0.995000  -0.001819  0.010200  -0.004830  0.457859  0.032742  -0.396028  1.000000  
91.398787 -0.006710  -0.011691  0.004692  0.692359  0.714599  0.099934  -0.718799  0.695158  0.009085  -0.062977  -0.078122  0.994953  -0.001864  0.010116  -0.004778  0.470419  0.034179  -0.412844  1.000000  
91.400029 -0.006714  -0.011679  0.004686  0.692951  0.713941  0.100532  -0.718229  0.695738  0.009758  -0.062977  -0.078967  0.994886  -0.002083  0.009883  -0.004637  0.487744  0.035438  -0.426727  1.000000  
91.401048 -0.006717  -0.011670  0.004682  0.693542  0.713295  0.101043  -0.717658  0.696319  0.010348  -0.062977  -0.079691  0.994828  -0.002235  0.009679  -0.004615  0.504483  0.036618  -0.440101  1.000000  
91.402278 -0.006722  -0.011661  0.004677  0.694133  0.712635  0.101640  -0.717087  0.696897  0.011023  -0.062977  -0.080536  0.994760  -0.002461  0.009403  -0.004657  0.521956  0.033439  -0.454468  1.000000  
91.403526 -0.006727  -0.011653  0.004670  0.694871  0.711831  0.102233  -0.716372  0.697620  0.011720  -0.062977  -0.081380  0.994691  -0.002583  0.009212  -0.004875  0.539694  0.035441  -0.478109  1.000000  
91.404527 -0.006731  -0.011646  0.004664  0.695460  0.711182  0.102741  -0.715799  0.698197  0.012312  -0.062977  -0.082104  0.994632  -0.002673  0.009046  -0.005017  0.553142  0.032571  -0.496145  1.000000  
91.405772 -0.006737  -0.011636  0.004655  0.696344  0.710231  0.103329  -0.714940  0.699065  0.013032  -0.062977  -0.082949  0.994562  -0.002834  0.008960  -0.005208  0.571109  0.035151  -0.526326  1.000000  
91.406773 -0.006741  -0.011628  0.004649  0.696932  0.709567  0.103920  -0.714366  0.699638  0.013711  -0.062977  -0.083793  0.994491  -0.002872  0.008874  -0.005305  0.588840  0.032354  -0.544720  1.000000  
91.407779 -0.006745  -0.011620  0.004643  0.697521  0.708915  0.104425  -0.713792  0.700212  0.014307  -0.062977  -0.084517  0.994430  -0.002985  0.008735  -0.005251  0.601813  0.033698  -0.558357  1.000000  
91.409022 -0.006750  -0.011610  0.004638  0.698402  0.707948  0.105094  -0.712930  0.701072  0.015116  -0.062977  -0.085482  0.994347  -0.003166  0.008601  -0.005169  0.619303  0.036429  -0.587950  1.000000  
91.410022 -0.006753  -0.011602  0.004633  0.698989  0.707281  0.105682  -0.712354  0.701642  0.015798  -0.062977  -0.086326  0.994274  -0.003268  0.008510  -0.005083  0.633518  0.038239  -0.606623  1.000000  
91.411272 -0.006759  -0.011592  0.004628  0.699721  0.706442  0.106437  -0.711635  0.702352  0.016674  -0.062977  -0.087412  0.994180  -0.003493  0.008365  -0.005023  0.654231  0.040507  -0.628862  1.000000  
91.412273 -0.006764  -0.011583  0.004624  0.700307  0.705786  0.106937  -0.711058  0.702921  0.017273  -0.062977  -0.088135  0.994116  -0.003743  0.008256  -0.005016  0.667374  0.041941  -0.642641  1.000000  
91.413273 -0.006769  -0.011576  0.004619  0.700893  0.705103  0.107607  -0.710481  0.703485  0.018044  -0.062977  -0.089100  0.994030  -0.003973  0.008051  -0.004980  0.684774  0.044042  -0.663031  1.000000  
91.414527 -0.006776  -0.011567  0.004612  0.701770  0.704116  0.108354  -0.709615  0.704335  0.018945  -0.062977  -0.090185  0.993932  -0.004264  0.007789  -0.005088  0.702199  0.046256  -0.683436  1.000000  
91.415528 -0.006782  -0.011561  0.004607  0.702354  0.703430  0.109021  -0.709037  0.704896  0.019719  -0.062977  -0.091149  0.993844  -0.004433  0.007580  -0.005082  0.719301  0.047871  -0.697121  1.000000  
91.416778 -0.006790  -0.011554  0.004600  0.703229  0.702426  0.109848  -0.708169  0.705740  0.020709  -0.062977  -0.092355  0.993733  -0.004708  0.007376  -0.005313  0.742671  0.050640  -0.723304  1.000000  
91.417780 -0.006797  -0.011548  0.004593  0.703812  0.701738  0.110512  -0.707589  0.706297  0.021485  -0.062977  -0.093319  0.993643  -0.004883  0.007333  -0.005392  0.759832  0.052310  -0.737018  1.000000  
91.419030 -0.006806  -0.011542  0.004585  0.704540  0.700876  0.111340  -0.706864  0.706992  0.022457  -0.062977  -0.094524  0.993529  -0.005177  0.007135  -0.005483  0.781067  0.054138  -0.750719  1.000000  
91.420277 -0.006815  -0.011534  0.004578  0.705413  0.699866  0.112161  -0.705994  0.707830  0.023453  -0.062977  -0.095729  0.993413  -0.005349  0.007059  -0.005374  0.803324  0.057171  -0.778326  1.000000  
91.421277 -0.006821  -0.011527  0.004572  0.706139  0.699028  0.112816  -0.705267  0.708527  0.024256  -0.062977  -0.096693  0.993320  -0.005437  0.007023  -0.005322  0.816360  0.058962  -0.791982  1.000000  
91.422523 -0.006829  -0.011519  0.004566  0.706864  0.698161  0.113638  -0.704540  0.709216  0.025232  -0.062977  -0.097898  0.993202  -0.005642  0.006853  -0.005229  0.837722  0.060884  -0.805796  1.000000  
91.423527 -0.006836  -0.011513  0.004561  0.707589  0.697306  0.114373  -0.703812  0.709906  0.026124  -0.062977  -0.098982  0.993094  -0.005875  0.006710  -0.005251  0.854942  0.067253  -0.819098  1.000000  
91.424773 -0.006843  -0.011505  0.004556  0.708458  0.696290  0.115185  -0.702937  0.710734  0.027127  -0.062977  -0.100187  0.992974  -0.006088  0.006547  -0.005242  0.872568  0.069878  -0.839685  1.000000  
91.425774 -0.006850  -0.011498  0.004551  0.709181  0.695432  0.115916  -0.702208  0.711420  0.028023  -0.062977  -0.101271  0.992864  -0.006189  0.006465  -0.005313  0.889736  0.071821  -0.853376  1.000000  
91.427024 -0.006857  -0.011490  0.004543  0.710048  0.694397  0.116808  -0.701331  0.712241  0.029116  -0.062977  -0.102595  0.992728  -0.006280  0.006302  -0.005456  0.911004  0.073947  -0.867073  1.000000  
91.428273 -0.006865  -0.011484  0.004535  0.710908  0.693336  0.117876  -0.700448  0.713064  0.030205  -0.063111  -0.104039  0.992569  -0.006420  0.006131  -0.005625  0.932817  0.075475  -0.873524  1.000000  
91.429523 -0.006873  -0.011478  0.004527  0.711917  0.692150  0.118756  -0.699422  0.714022  0.031328  -0.063111  -0.105363  0.992429  -0.006487  0.005975  -0.005676  0.950344  0.078329  -0.893957  1.000000  
91.430527 -0.006881  -0.011474  0.004520  0.712636  0.691270  0.119562  -0.698689  0.714695  0.032317  -0.063111  -0.106567  0.992301  -0.006639  0.005822  -0.005790  0.971776  0.080447  -0.907854  1.000000  
91.431528 -0.006889  -0.011469  0.004514  0.713355  0.690403  0.120283  -0.697955  0.715370  0.033221  -0.063111  -0.107650  0.992184  -0.006724  0.005739  -0.005779  0.983907  0.081881  -0.914198  1.000000  
91.432532 -0.006897  -0.011465  0.004509  0.714073  0.689520  0.121085  -0.697221  0.716040  0.034213  -0.063111  -0.108854  0.992052  -0.006767  0.005647  -0.005723  1.004580  0.084154  -0.928429  1.000000  
91.433783 -0.006906  -0.011459  0.004501  0.715077  0.688296  0.122121  -0.696191  0.716977  0.035518  -0.063111  -0.110418  0.991879  -0.006788  0.005602  -0.005694  1.029932  0.086612  -0.942097  1.000000  
91.435025 -0.006916  -0.011453  0.004494  0.715930  0.687206  0.123256  -0.695301  0.717780  0.036709  -0.063245  -0.111981  0.991696  -0.006839  0.005450  -0.005663  1.054545  0.083287  -0.942510  1.000000  
91.436274 -0.006924  -0.011447  0.004487  0.717075  0.685842  0.124194  -0.694121  0.718857  0.037958  -0.063245  -0.113424  0.991532  -0.006917  0.005323  -0.005665  1.072271  0.086484  -0.963127  1.000000  
91.437277 -0.006932  -0.011443  0.004481  0.717925  0.684792  0.125073  -0.693229  0.719667  0.038892  -0.063378  -0.114626  0.991385  -0.006970  0.005194  -0.005749  1.085381  0.084375  -0.977175  1.000000  
91.438524 -0.006941  -0.011437  0.004472  0.718924  0.683556  0.126095  -0.692194  0.720591  0.040209  -0.063378  -0.116189  0.991203  -0.007024  0.005057  -0.005949  1.106567  0.087009  -0.990747  1.000000  
91.439779 -0.006950  -0.011431  0.004462  0.720057  0.682157  0.127200  -0.691003  0.721662  0.041462  -0.063512  -0.117751  0.991010  -0.007151  0.004886  -0.006286  1.127716  0.085196  -1.004677  1.000000  
91.441023 -0.006959  -0.011426  0.004452  0.721194  0.680782  0.128123  -0.689816  0.722723  0.042724  -0.063512  -0.119193  0.990838  -0.007228  0.004708  -0.006483  1.141491  0.088639  -1.025386  1.000000  
91.442273 -0.006969  -0.011421  0.004442  0.722323  0.679376  0.129220  -0.688621  0.723786  0.043985  -0.063645  -0.120754  0.990640  -0.007388  0.004491  -0.006622  1.163219  0.087640  -1.046315  1.000000  
91.443276 -0.006978  -0.011420  0.004434  0.723173  0.678309  0.130070  -0.687729  0.724565  0.045111  -0.063645  -0.122076  0.990478  -0.007546  0.004271  -0.006760  1.180444  0.090248  -1.059994  1.000000  
91.444523 -0.006990  -0.011416  0.004425  0.724304  0.676893  0.131145  -0.686537  0.725603  0.046557  -0.063645  -0.123758  0.990269  -0.007777  0.004093  -0.006789  1.196359  0.093117  -1.071646  1.000000  
91.445527 -0.007001  -0.011415  0.004418  0.725146  0.675809  0.132086  -0.685636  0.726387  0.047598  -0.063779  -0.125078  0.990095  -0.007968  0.003915  -0.006829  1.209304  0.091392  -1.085525  1.000000  
91.446773 -0.007013  -0.011412  0.004409  0.726268  0.674374  0.133249  -0.684434  0.727429  0.048960  -0.063912  -0.126758  0.989873  -0.008123  0.003765  -0.006947  1.226585  0.090055  -1.099644  1.000000  
91.447779 -0.007023  -0.011409  0.004401  0.727113  0.673296  0.134087  -0.683537  0.728195  0.050096  -0.063912  -0.128079  0.989703  -0.008271  0.003637  -0.007127  1.239390  0.092828  -1.112982  1.000000  
91.448779 -0.007032  -0.011406  0.004392  0.728091  0.672054  0.135008  -0.682482  0.729108  0.051171  -0.064046  -0.129398  0.989522  -0.008367  0.003533  -0.007279  1.254825  0.092117  -1.136434  1.000000  
91.450027 -0.007045  -0.011403  0.004382  0.729207  0.670593  0.136241  -0.681277  0.730132  0.052632  -0.064179  -0.131197  0.989277  -0.008693  0.003266  -0.007535  1.276142  0.090941  -1.150506  1.000000  
91.451032 -0.007055  -0.011400  0.004372  0.730188  0.669358  0.137058  -0.680225  0.731026  0.053803  -0.064179  -0.132517  0.989101  -0.008832  0.003174  -0.007777  1.289024  0.093837  -1.163920  1.000000  
91.452278 -0.007068  -0.011397  0.004360  0.731301  0.667906  0.138201  -0.679016  0.732047  0.055182  -0.064313  -0.134195  0.988866  -0.009094  0.003021  -0.008046  1.306723  0.093474  -1.184878  1.000000  
91.453526 -0.007082  -0.011394  0.004348  0.732412  0.666451  0.139339  -0.677804  0.733063  0.056565  -0.064446  -0.135873  0.988628  -0.009401  0.002777  -0.008259  1.317686  0.092341  -1.196029  1.000000  
91.454773 -0.007096  -0.011392  0.004337  0.733661  0.664841  0.140460  -0.676440  0.734212  0.057980  -0.064580  -0.137551  0.988387  -0.009732  0.002580  -0.008388  1.335247  0.092101  -1.216822  1.000000  
91.455781 -0.007108  -0.011391  0.004326  0.734628  0.663580  0.141359  -0.675377  0.735103  0.059074  -0.064713  -0.138868  0.988194  -0.010102  0.002394  -0.008534  1.346488  0.090845  -1.233855  1.000000  
91.457023 -0.007124  -0.011390  0.004315  0.735594  0.662266  0.142496  -0.674311  0.735970  0.060438  -0.064847  -0.140545  0.987948  -0.010441  0.002159  -0.008629  1.356935  0.089071  -1.238039  1.000000  
91.458023 -0.007138  -0.011390  0.004305  0.736559  0.660982  0.143469  -0.673245  0.736847  0.061627  -0.064980  -0.141981  0.987734  -0.010817  0.002007  -0.008742  1.370073  0.092331  -1.251481  1.000000  
91.459273 -0.007156  -0.011390  0.004293  0.737660  0.659492  0.144665  -0.672025  0.737834  0.063117  -0.065114  -0.143777  0.987466  -0.011207  0.001811  -0.008976  1.382728  0.090810  -1.258680  1.000000  
91.460273 -0.007170  -0.011389  0.004283  0.738622  0.658202  0.145630  -0.670955  0.738704  0.064311  -0.065247  -0.145213  0.987247  -0.011453  0.001771  -0.009176  1.391776  0.089791  -1.272704  1.000000  
91.461526 -0.007186  -0.011387  0.004269  0.739713  0.656707  0.146835  -0.669726  0.739702  0.065630  -0.065514  -0.146887  0.986981  -0.011735  0.001654  -0.009490  1.405038  0.084625  -1.287357  1.000000  
91.462773 -0.007203  -0.011386  0.004254  0.740946  0.655053  0.148003  -0.668348  0.740810  0.067162  -0.065648  -0.148681  0.986704  -0.011978  0.001566  -0.009801  1.418686  0.084971  -1.308269  1.000000  
91.463782 -0.007217  -0.011384  0.004242  0.741902  0.653754  0.148956  -0.667274  0.741668  0.068366  -0.065781  -0.150116  0.986478  -0.012282  0.001449  -0.010056  1.423096  0.083258  -1.315369  1.000000  
91.465030 -0.007234  -0.011383  0.004228  0.743124  0.652076  0.150213  -0.665887  0.742779  0.069817  -0.066048  -0.151908  0.986185  -0.012674  0.001313  -0.010271  1.435535  0.082812  -1.333477  1.000000  
91.466279 -0.007251  -0.011381  0.004212  0.744343  0.650394  0.151463  -0.664497  0.743885  0.071273  -0.066315  -0.153699  0.985890  -0.012889  0.001293  -0.010540  1.444666  0.078010  -1.348129  1.000000  
91.467526 -0.007270  -0.011379  0.004198  0.745560  0.648726  0.152630  -0.663105  0.744993  0.072644  -0.066582  -0.155370  0.985610  -0.013292  0.001199  -0.010733  1.453717  0.076624  -1.355608  1.000000  
91.468529 -0.007285  -0.011378  0.004185  0.746371  0.647567  0.153582  -0.662177  0.745701  0.073830  -0.066716  -0.156803  0.985374  -0.013514  0.001137  -0.010901  1.461695  0.073964  -1.355869  1.000000  
91.469774 -0.007304  -0.011376  0.004171  0.747584  0.645891  0.154739  -0.660781  0.746801  0.075208  -0.066983  -0.158473  0.985089  -0.013860  0.001075  -0.011075  1.463882  0.073845  -1.365996  1.000000  
91.470774 -0.007319  -0.011375  0.004159  0.748522  0.644556  0.155767  -0.659691  0.747649  0.076345  -0.067250  -0.159904  0.984839  -0.014088  0.001014  -0.011159  1.475607  0.066581  -1.371484  1.000000  
91.471783 -0.007335  -0.011374  0.004146  0.749465  0.643234  0.156692  -0.658606  0.748479  0.077572  -0.067383  -0.161336  0.984596  -0.014319  0.001051  -0.011434  1.479733  0.064995  -1.378398  1.000000  
91.473023 -0.007356  -0.011373  0.004128  0.750670  0.641528  0.157914  -0.657204  0.749555  0.079053  -0.067650  -0.163124  0.984283  -0.014542  0.001073  -0.011743  1.489329  0.064090  -1.381495  1.000000  
91.474023 -0.007372  -0.011372  0.004115  0.751603  0.640183  0.158930  -0.656110  0.750392  0.080200  -0.067917  -0.164554  0.984027  -0.014657  0.001222  -0.012048  1.493861  0.057922  -1.394272  1.000000  
91.475273 -0.007392  -0.011370  0.004097  0.752931  0.638297  0.160224  -0.654543  0.751604  0.081635  -0.068318  -0.166339  0.983699  -0.014844  0.001286  -0.012365  1.499396  0.053497  -1.409287  1.000000  
91.476523 -0.007413  -0.011367  0.004078  0.754122  0.636560  0.161530  -0.653129  0.752679  0.083043  -0.068718  -0.168124  0.983368  -0.015125  0.001379  -0.012714  1.504598  0.045048  -1.419633  1.000000  
91.477527 -0.007429  -0.011364  0.004064  0.755048  0.635204  0.162534  -0.652030  0.753503  0.084200  -0.068985  -0.169552  0.983104  -0.015319  0.001477  -0.012874  1.508911  0.042204  -1.425307  1.000000  
91.478773 -0.007450  -0.011361  0.004046  0.756361  0.633286  0.163912  -0.650450  0.754714  0.085565  -0.069519  -0.171334  0.982757  -0.015589  0.001564  -0.013114  1.514598  0.033953  -1.435899  1.000000  
91.479780 -0.007467  -0.011357  0.004031  0.757284  0.631923  0.164908  -0.649347  0.755531  0.086730  -0.069786  -0.172761  0.982488  -0.015746  0.001756  -0.013335  1.514459  0.031099  -1.441307  1.000000  
91.481023 -0.007488  -0.011354  0.004012  0.758457  0.630171  0.166217  -0.647918  0.756612  0.087979  -0.070320  -0.174423  0.982157  -0.015999  0.001838  -0.013559  1.515890  0.017493  -1.446099  1.000000  
91.482037 -0.007506  -0.011350  0.003997  0.759509  0.628646  0.167187  -0.646656  0.757550  0.089185  -0.070587  -0.175849  0.981883  -0.016228  0.001979  -0.013779  1.519847  0.015483  -1.458021  1.000000  
91.483279 -0.007528  -0.011347  0.003978  0.760677  0.626884  0.168487  -0.645223  0.758622  0.090443  -0.071121  -0.177509  0.981546  -0.016537  0.002094  -0.014089  1.521097  0.005720  -1.467188  1.000000  
91.484279 -0.007546  -0.011343  0.003961  0.761724  0.625351  0.169449  -0.643957  0.759551  0.091656  -0.071388  -0.178935  0.981268  -0.016695  0.002251  -0.014414  1.525789  0.004417  -1.474550  1.000000  
91.485527 -0.007569  -0.011339  0.003940  0.763018  0.623403  0.170796  -0.642363  0.760731  0.093051  -0.071922  -0.180713  0.980903  -0.016888  0.002448  -0.014797  1.531326  -0.005205  -1.483972  1.000000  
91.486529 -0.007587  -0.011336  0.003923  0.763921  0.622001  0.171869  -0.641244  0.761539  0.094152  -0.072322  -0.182135  0.980610  -0.017078  0.002626  -0.015085  1.535714  -0.010896  -1.491684  1.000000  
91.487781 -0.007611  -0.011332  0.003901  0.765210  0.620064  0.173131  -0.639645  0.762719  0.095465  -0.072856  -0.183793  0.980261  -0.017270  0.002838  -0.015403  1.532992  -0.019329  -1.507404  1.000000  
91.489023 -0.007634  -0.011326  0.003879  0.766495  0.618101  0.174462  -0.638043  0.763882  0.096875  -0.073389  -0.185569  0.979887  -0.017462  0.003099  -0.015768  1.534823  -0.027621  -1.523625  1.000000  
91.490024 -0.007652  -0.011321  0.003862  0.767383  0.616668  0.175623  -0.636913  0.764694  0.097905  -0.073923  -0.186987  0.979577  -0.017614  0.003303  -0.015976  1.535313  -0.038712  -1.525866  1.000000  
91.491027 -0.007671  -0.011316  0.003843  0.768277  0.615251  0.176681  -0.635788  0.765486  0.099022  -0.074323  -0.188407  0.979275  -0.017780  0.003460  -0.016150  1.539598  -0.045448  -1.527212  1.000000  
91.492276 -0.007695  -0.011310  0.003822  0.769416  0.613411  0.178119  -0.634331  0.766524  0.100327  -0.074991  -0.190179  0.978881  -0.018033  0.003648  -0.016409  1.540830  -0.054801  -1.536383  1.000000  
91.493529 -0.007719  -0.011304  0.003799  0.770551  0.611566  0.179552  -0.632873  0.767556  0.101638  -0.075658  -0.191950  0.978484  -0.018247  0.003879  -0.016681  1.542827  -0.067133  -1.541318  1.000000  
91.494777 -0.007744  -0.011297  0.003776  0.771690  0.609757  0.180804  -0.631418  0.768579  0.102944  -0.076191  -0.193604  0.978117  -0.018478  0.004029  -0.017031  1.538265  -0.075904  -1.541465  1.000000  
91.495784 -0.007763  -0.011291  0.003756  0.772698  0.608146  0.181925  -0.630120  0.769497  0.104031  -0.076725  -0.195019  0.977794  -0.018661  0.004243  -0.017360  1.538830  -0.085721  -1.550260  1.000000  
91.497028 -0.007789  -0.011285  0.003731  0.773824  0.606308  0.183270  -0.628655  0.770527  0.105264  -0.077392  -0.196669  0.977411  -0.018882  0.004374  -0.017760  1.540336  -0.093471  -1.553777  1.000000  
91.498286 -0.007815  -0.011277  0.003706  0.775068  0.604284  0.184689  -0.627021  0.771693  0.106458  -0.078192  -0.198316  0.977014  -0.019168  0.004628  -0.018196  1.537215  -0.108888  -1.569574  1.000000  
91.499532 -0.007842  -0.011271  0.003679  0.776187  0.602413  0.186097  -0.625551  0.772700  0.107796  -0.078859  -0.200083  0.976600  -0.019400  0.004830  -0.018527  1.541916  -0.119398  -1.572049  1.000000  
91.500786 -0.007867  -0.011263  0.003653  0.777424  0.600378  0.187506  -0.623912  0.773855  0.109003  -0.079660  -0.201728  0.976197  -0.019576  0.005089  -0.018875  1.538851  -0.133048  -1.581929  1.000000  
91.502026 -0.007894  -0.011256  0.003627  0.778657  0.598337  0.188909  -0.622270  0.775005  0.110216  -0.080460  -0.203373  0.975790  -0.019860  0.005232  -0.019172  1.536697  -0.146743  -1.592793  1.000000  
91.503274 -0.007921  -0.011248  0.003601  0.779749  0.596428  0.190433  -0.620779  0.776043  0.111314  -0.081393  -0.205014  0.975369  -0.020050  0.005426  -0.019393  1.533793  -0.166075  -1.597398  1.000000  
91.504527 -0.007947  -0.011239  0.003573  0.780965  0.594354  0.191929  -0.619125  0.777198  0.112458  -0.082327  -0.206654  0.974944  -0.020280  0.005687  -0.019871  1.530990  -0.179631  -1.607465  1.000000  
91.505774 -0.007974  -0.011230  0.003545  0.782041  0.592435  0.193474  -0.617622  0.778258  0.113394  -0.083393  -0.208173  0.974530  -0.020503  0.005846  -0.020216  1.524575  -0.199461  -1.612994  1.000000  
91.507023 -0.008001  -0.011221  0.003516  0.783241  0.590350  0.194991  -0.615955  0.779434  0.114377  -0.084460  -0.209690  0.974113  -0.020722  0.006016  -0.020661  1.517595  -0.218626  -1.617446  1.000000  
91.508273 -0.008027  -0.011211  0.003486  0.784435  0.588258  0.196504  -0.614285  0.780605  0.115366  -0.085527  -0.211207  0.973692  -0.020838  0.006205  -0.021207  1.511154  -0.236466  -1.628694  1.000000  
91.509273 -0.008049  -0.011205  0.003461  0.785392  0.586599  0.197641  -0.612950  0.781537  0.116157  -0.086326  -0.212373  0.973368  -0.020991  0.006286  -0.021602  1.503970  -0.246134  -1.637613  1.000000  
91.510273 -0.008070  -0.011198  0.003435  0.786336  0.584913  0.198879  -0.611606  0.782483  0.116872  -0.087259  -0.213536  0.973030  -0.021101  0.006393  -0.022070  1.496799  -0.266027  -1.642287  1.000000  
91.511524 -0.008097  -0.011190  0.003403  0.787384  0.582943  0.200508  -0.610083  0.783538  0.117758  -0.088459  -0.215047  0.972589  -0.021241  0.006459  -0.022518  1.494844  -0.285039  -1.647667  1.000000  
91.512773 -0.008124  -0.011182  0.003371  0.788312  0.581152  0.202054  -0.608727  0.784452  0.118689  -0.089525  -0.216560  0.972156  -0.021305  0.006577  -0.022960  1.487524  -0.305505  -1.645942  1.000000  
91.513775 -0.008146  -0.011176  0.003345  0.789247  0.579452  0.203283  -0.607377  0.785387  0.119419  -0.090458  -0.217720  0.971810  -0.021435  0.006611  -0.023376  1.484607  -0.320930  -1.649892  1.000000  
91.514775 -0.008168  -0.011170  0.003319  0.790179  0.577724  0.204579  -0.606024  0.786305  0.120249  -0.091391  -0.218998  0.971436  -0.021514  0.006695  -0.023783  1.481225  -0.336042  -1.653406  1.000000  
91.515781 -0.008190  -0.011163  0.003293  0.791108  0.576016  0.205802  -0.604670  0.787233  0.120988  -0.092323  -0.220157  0.971086  -0.021502  0.006703  -0.024014  1.472791  -0.356656  -1.657378  1.000000  
