1-Time 2-Px 3-Py 4-Pz 5-R11 6-R21 7-R31 8-R12 9-R22 10-R32 11-R13 12-R23 13-R33 14-Vx 15-Vy 16-Vz 17-Wx 18-Wy 19-Wz 20-state
45.297143 -0.011469  -0.000049  0.001426  0.874689  -0.077125  0.478508  -0.289989  0.707785  0.644164  -0.388362  -0.702205  0.596726  0.003044  -0.000581  -0.006352  0.000000  0.000000  0.000000  1.000000  
45.298166 -0.011467  -0.000050  0.001421  0.874640  -0.077214  0.478584  -0.289972  0.707815  0.644139  -0.388486  -0.702166  0.596693  0.001980  -0.002138  -0.005845  0.000000  0.000000  0.000000  1.000000  
45.299178 -0.011463  -0.000051  0.001417  0.874580  -0.077069  0.478717  -0.290152  0.707830  0.644040  -0.388486  -0.702166  0.596693  0.003633  -0.001406  -0.005084  0.000000  0.000000  0.000000  1.000000  
45.300409 -0.011453  -0.000051  0.001410  0.874520  -0.076865  0.478859  -0.290332  0.707924  0.643856  -0.388486  -0.702093  0.596778  0.005485  -0.000908  -0.005385  0.000000  0.000000  0.000000  1.000000  
45.301411 -0.011446  -0.000052  0.001404  0.874471  -0.076954  0.478935  -0.290316  0.707954  0.643831  -0.388609  -0.702054  0.596744  0.005682  -0.000837  -0.005547  0.000000  0.000000  0.000000  1.000000  
45.302659 -0.011440  -0.000054  0.001396  0.874411  -0.076750  0.479076  -0.290496  0.708048  0.643646  -0.388609  -0.701981  0.596829  0.005610  -0.001031  -0.005705  0.000000  0.000000  0.000000  1.000000  
45.303660 -0.011432  -0.000055  0.001390  0.874352  -0.076604  0.479209  -0.290676  0.708064  0.643547  -0.388609  -0.701981  0.596829  0.005930  -0.001074  -0.005702  0.000000  0.000000  0.000000  1.000000  
45.304912 -0.011422  -0.000057  0.001383  0.874242  -0.076548  0.479417  -0.290839  0.708109  0.643424  -0.388732  -0.701942  0.596796  0.006352  -0.001157  -0.005746  0.000000  0.000000  0.000000  1.000000  
45.306159 -0.011411  -0.000061  0.001376  0.874182  -0.076344  0.479559  -0.291019  0.708203  0.643239  -0.388732  -0.701869  0.596881  0.006675  -0.001353  -0.005657  0.000000  0.000000  0.000000  1.000000  
45.307161 -0.011403  -0.000064  0.001370  0.874182  -0.076344  0.479559  -0.291019  0.708203  0.643239  -0.388732  -0.701869  0.596881  0.006737  -0.001603  -0.005688  0.000000  0.000000  0.000000  1.000000  
45.308224 -0.011396  -0.000067  0.001364  0.874122  -0.076140  0.479701  -0.291199  0.708297  0.643054  -0.388732  -0.701797  0.596966  0.006772  -0.001735  -0.005715  0.000000  0.000000  0.000000  1.000000  
45.309412 -0.011387  -0.000071  0.001357  0.874063  -0.075994  0.479833  -0.291379  0.708312  0.642956  -0.388732  -0.701797  0.596966  0.006884  -0.001847  -0.005739  0.000000  0.000000  0.000000  1.000000  
45.310475 -0.011378  -0.000073  0.001351  0.874003  -0.075790  0.479974  -0.291559  0.708406  0.642771  -0.388732  -0.701724  0.597051  0.006973  -0.001876  -0.005759  0.000000  0.000000  0.000000  1.000000  
45.311723 -0.011365  -0.000076  0.001342  0.873942  -0.075644  0.480107  -0.291739  0.708421  0.642672  -0.388732  -0.701724  0.597051  0.007250  -0.001885  -0.005879  0.000000  0.000000  0.000000  1.000000  
45.312920 -0.011351  -0.000078  0.001334  0.873882  -0.075440  0.480248  -0.291919  0.708515  0.642487  -0.388732  -0.701652  0.597136  0.007779  -0.001877  -0.005964  0.000000  0.000000  0.000000  1.000000  
45.313936 -0.011340  -0.000078  0.001326  0.873822  -0.075294  0.480380  -0.292099  0.708530  0.642388  -0.388732  -0.701652  0.597136  0.008317  -0.001828  -0.006135  0.000000  0.000000  0.000000  1.000000  
45.315165 -0.011326  -0.000080  0.001318  0.873811  -0.075001  0.480446  -0.292295  0.708594  0.642229  -0.388609  -0.701619  0.597255  0.008611  -0.001918  -0.006234  0.000000  0.000000  0.000000  1.000000  
45.316166 -0.011315  -0.000082  0.001310  0.873751  -0.074855  0.480578  -0.292475  0.708609  0.642130  -0.388609  -0.701619  0.597255  0.008903  -0.002007  -0.006332  0.000000  0.000000  0.000000  1.000000  
45.317410 -0.011302  -0.000085  0.001301  0.873691  -0.074651  0.480719  -0.292655  0.708703  0.641945  -0.388609  -0.701547  0.597340  0.009352  -0.002090  -0.006411  0.000000  0.000000  0.000000  1.000000  
45.318465 -0.011291  -0.000088  0.001294  0.873680  -0.074416  0.480776  -0.292852  0.708688  0.641871  -0.388486  -0.701586  0.597374  0.009544  -0.002224  -0.006482  0.000000  0.000000  0.000000  1.000000  
45.319663 -0.011277  -0.000092  0.001285  0.873620  -0.074212  0.480917  -0.293031  0.708781  0.641686  -0.388486  -0.701514  0.597459  0.009764  -0.002321  -0.006603  0.000000  0.000000  0.000000  1.000000  
45.320910 -0.011266  -0.000097  0.001276  0.873609  -0.073977  0.480973  -0.293228  0.708767  0.641613  -0.388362  -0.701553  0.597493  0.009802  -0.002445  -0.006797  0.000000  0.000000  0.000000  1.000000  
45.322160 -0.011256  -0.000103  0.001265  0.873488  -0.073627  0.481246  -0.293587  0.708875  0.641329  -0.388362  -0.701481  0.597578  0.009818  -0.002582  -0.007029  0.000000  0.000000  0.000000  1.000000  
45.323485 -0.011246  -0.000109  0.001254  0.873477  -0.073392  0.481303  -0.293784  0.708860  0.641255  -0.388239  -0.701520  0.597612  0.009915  -0.002702  -0.007214  0.000000  0.000000  0.000000  1.000000  
45.324663 -0.011234  -0.000112  0.001243  0.873416  -0.073187  0.481444  -0.293964  0.708953  0.641070  -0.388239  -0.701448  0.597697  0.010048  -0.002736  -0.007459  -0.113668  -0.113633  0.103151  1.000000  
45.325742 -0.011225  -0.000116  0.001234  0.873356  -0.073041  0.481575  -0.294144  0.708968  0.640971  -0.388239  -0.701448  0.597697  0.010084  -0.002800  -0.007636  -0.112145  -0.114392  0.103550  1.000000  
45.326910 -0.011213  -0.000119  0.001225  0.873356  -0.073041  0.481575  -0.294144  0.708968  0.640971  -0.388239  -0.701448  0.597697  0.010008  -0.002882  -0.007718  -0.107711  -0.109869  0.099456  1.000000  
45.327911 -0.011204  -0.000122  0.001216  0.873405  -0.072894  0.481509  -0.294160  0.709016  0.640911  -0.388116  -0.701415  0.597815  0.009860  -0.002971  -0.007823  -0.109900  -0.105088  0.101158  1.000000  
45.328922 -0.011194  -0.000126  0.001208  0.873344  -0.072748  0.481640  -0.294340  0.709031  0.640811  -0.388116  -0.701415  0.597815  0.009707  -0.003162  -0.007913  -0.110752  -0.102975  0.105356  1.000000  
45.330163 -0.011183  -0.000130  0.001197  0.873344  -0.072690  0.481649  -0.294340  0.709109  0.640725  -0.388116  -0.701342  0.597900  0.009498  -0.003356  -0.008017  -0.108029  -0.098073  0.101201  1.000000  
45.331168 -0.011174  -0.000134  0.001189  0.873284  -0.072544  0.481781  -0.294520  0.709124  0.640626  -0.388116  -0.701342  0.597900  0.009355  -0.003506  -0.008117  -0.110711  -0.099997  0.108742  1.000000  
45.332415 -0.011162  -0.000140  0.001179  0.873284  -0.072485  0.481790  -0.294520  0.709201  0.640540  -0.388116  -0.701270  0.597986  0.009243  -0.003690  -0.008184  -0.108030  -0.095135  0.104627  1.000000  
45.333660 -0.011152  -0.000145  0.001168  0.873284  -0.072485  0.481790  -0.294520  0.709201  0.640540  -0.388116  -0.701270  0.597986  0.009054  -0.003781  -0.008403  0.000000  0.000000  0.000000  1.000000  
45.334722 -0.011143  -0.000150  0.001159  0.873344  -0.072573  0.481667  -0.294340  0.709264  0.640553  -0.388116  -0.701197  0.598071  0.008917  -0.003828  -0.008430  0.000000  0.000000  0.000000  1.000000  
45.335967 -0.011133  -0.000156  0.001147  0.873284  -0.072368  0.481808  -0.294520  0.709357  0.640368  -0.388116  -0.701125  0.598156  0.008813  -0.003887  -0.008595  0.000000  0.000000  0.000000  1.000000  
45.337160 -0.011123  -0.000161  0.001136  0.873284  -0.072310  0.481816  -0.294520  0.709434  0.640282  -0.388116  -0.701052  0.598241  0.008855  -0.003889  -0.008630  0.000000  0.000000  0.000000  1.000000  
45.338164 -0.011115  -0.000165  0.001127  0.873284  -0.072251  0.481825  -0.294520  0.709512  0.640196  -0.388116  -0.700980  0.598326  0.008912  -0.003814  -0.008679  0.000000  0.000000  0.000000  1.000000  
45.339257 -0.011106  -0.000166  0.001119  0.873284  -0.072251  0.481825  -0.294520  0.709512  0.640196  -0.388116  -0.700980  0.598326  0.008790  -0.003701  -0.008512  0.000000  0.000000  0.000000  1.000000  
45.340409 -0.011096  -0.000169  0.001110  0.873223  -0.072047  0.481966  -0.294699  0.709604  0.640011  -0.388116  -0.700907  0.598411  0.008808  -0.003616  -0.008465  0.000000  0.000000  0.000000  1.000000  
45.341410 -0.011087  -0.000170  0.001104  0.873223  -0.071989  0.481974  -0.294699  0.709682  0.639925  -0.388116  -0.700835  0.598496  0.008683  -0.003498  -0.008294  0.000000  0.000000  0.000000  1.000000  
45.342410 -0.011079  -0.000172  0.001097  0.873162  -0.071784  0.482115  -0.294879  0.709774  0.639739  -0.388116  -0.700762  0.598581  0.008621  -0.003427  -0.008246  0.000000  0.000000  0.000000  1.000000  
45.343660 -0.011068  -0.000174  0.001087  0.873102  -0.071579  0.482255  -0.295059  0.709867  0.639554  -0.388116  -0.700689  0.598666  0.008564  -0.003296  -0.008180  0.000000  0.000000  0.000000  1.000000  
45.344660 -0.011061  -0.000175  0.001079  0.873102  -0.071521  0.482264  -0.295059  0.709944  0.639468  -0.388116  -0.700617  0.598751  0.008494  -0.003134  -0.008175  0.000000  0.000000  0.000000  1.000000  
45.345666 -0.011053  -0.000177  0.001072  0.873041  -0.071316  0.482404  -0.295239  0.710037  0.639282  -0.388116  -0.700544  0.598836  0.008420  -0.002997  -0.008091  0.000000  0.000000  0.000000  1.000000  
45.346913 -0.011042  -0.000180  0.001064  0.872980  -0.071111  0.482544  -0.295418  0.710129  0.639097  -0.388116  -0.700471  0.598921  0.008348  -0.002788  -0.007956  0.000000  0.000000  0.000000  1.000000  
45.347913 -0.011034  -0.000181  0.001057  0.872919  -0.070907  0.482685  -0.295598  0.710221  0.638912  -0.388116  -0.700399  0.599006  0.008259  -0.002569  -0.007807  0.000000  0.000000  0.000000  1.000000  
45.348913 -0.011027  -0.000184  0.001049  0.872858  -0.070702  0.482825  -0.295778  0.710313  0.638726  -0.388116  -0.700326  0.599091  0.008173  -0.002517  -0.007798  0.000000  0.000000  0.000000  1.000000  
45.350164 -0.011017  -0.000186  0.001040  0.872736  -0.070351  0.483096  -0.296137  0.710420  0.638441  -0.388116  -0.700253  0.599176  0.008091  -0.002231  -0.007597  0.000000  0.000000  0.000000  1.000000  
45.351168 -0.011008  -0.000186  0.001033  0.872675  -0.070146  0.483236  -0.296317  0.710511  0.638255  -0.388116  -0.700181  0.599260  0.008225  -0.001883  -0.007408  0.000000  0.000000  0.000000  1.000000  
45.352410 -0.010997  -0.000186  0.001027  0.872614  -0.069882  0.483384  -0.296497  0.710681  0.637983  -0.388116  -0.700035  0.599430  0.008282  -0.001553  -0.007103  0.000000  0.000000  0.000000  1.000000  
45.353470 -0.010988  -0.000186  0.001023  0.872492  -0.069531  0.483656  -0.296856  0.710787  0.637698  -0.388116  -0.699963  0.599515  0.008318  -0.001370  -0.006842  0.000000  0.000000  0.000000  1.000000  
45.354675 -0.010977  -0.000185  0.001017  0.872431  -0.069267  0.483804  -0.297035  0.710956  0.637426  -0.388116  -0.699817  0.599685  0.008332  -0.001145  -0.006566  0.000000  0.000000  0.000000  1.000000  
45.355910 -0.010966  -0.000184  0.001012  0.872309  -0.068857  0.484083  -0.297395  0.711139  0.637054  -0.388116  -0.699672  0.599855  0.008329  -0.000978  -0.006343  0.000000  0.000000  0.000000  1.000000  
45.356965 -0.010956  -0.000183  0.001007  0.872248  -0.068593  0.484231  -0.297574  0.711307  0.636782  -0.388116  -0.699526  0.600024  0.008425  -0.000729  -0.006148  -0.156738  -0.088999  0.082002  1.000000  
45.358161 -0.010945  -0.000181  0.001001  0.872125  -0.068124  0.484517  -0.297933  0.711567  0.636324  -0.388116  -0.699308  0.600279  0.008561  -0.000494  -0.006038  -0.171960  -0.096934  0.082911  1.000000  
45.359219 -0.010936  -0.000180  0.000996  0.872125  -0.068007  0.484534  -0.297933  0.711721  0.636151  -0.388116  -0.699162  0.600449  0.008567  -0.000335  -0.005803  -0.179773  -0.096740  0.082766  1.000000  
45.360465 -0.010924  -0.000180  0.000991  0.872051  -0.067508  0.484736  -0.298309  0.711873  0.635805  -0.387992  -0.699056  0.600652  0.008677  -0.000216  -0.005480  -0.186536  -0.098657  0.090346  1.000000  
45.361658 -0.010914  -0.000181  0.000986  0.871990  -0.067185  0.484892  -0.298489  0.712119  0.635446  -0.387992  -0.698837  0.600906  0.008685  -0.000171  -0.005296  -0.200140  -0.102815  0.093901  1.000000  
45.362667 -0.010904  -0.000183  0.000983  0.871867  -0.066715  0.485178  -0.298848  0.712377  0.634987  -0.387992  -0.698618  0.601161  0.008852  -0.000090  -0.005004  -0.215266  -0.113301  0.102975  1.000000  
45.363929 -0.010892  -0.000184  0.000978  0.871805  -0.066391  0.485332  -0.299027  0.712622  0.634628  -0.387992  -0.698400  0.601415  0.009057  0.000029  -0.004674  -0.228684  -0.122904  0.111251  1.000000  
45.365163 -0.010878  -0.000184  0.000973  0.871756  -0.066303  0.485433  -0.299010  0.712883  0.634342  -0.388116  -0.698141  0.601635  0.009266  0.000113  -0.004516  -0.236470  -0.120071  0.102941  1.000000  
45.366431 -0.010865  -0.000184  0.000968  0.871695  -0.065980  0.485587  -0.299190  0.713128  0.633983  -0.388116  -0.697922  0.601889  0.009417  0.000154  -0.004183  -0.247195  -0.124833  0.107077  1.000000  
45.367659 -0.010852  -0.000184  0.000965  0.871633  -0.065597  0.485750  -0.299369  0.713449  0.633537  -0.388116  -0.697630  0.602228  0.009533  0.000090  -0.004070  -0.262479  -0.129842  0.111442  1.000000  
45.368719 -0.010840  -0.000185  0.000961  0.871571  -0.065274  0.485904  -0.299549  0.713693  0.633177  -0.388116  -0.697411  0.602481  0.009691  0.000000  -0.004014  -0.274569  -0.135273  0.116160  1.000000  
45.369911 -0.010827  -0.000185  0.000955  0.871571  -0.065038  0.485936  -0.299549  0.714000  0.632831  -0.388116  -0.697119  0.602820  0.009920  0.000026  -0.004041  -0.285022  -0.134408  0.115488  1.000000  
45.371162 -0.010814  -0.000185  0.000949  0.871510  -0.064655  0.486097  -0.299728  0.714320  0.632384  -0.388116  -0.696826  0.603158  0.009973  -0.000115  -0.004050  -0.299426  -0.135397  0.116409  1.000000  
45.372411 -0.010802  -0.000186  0.000944  0.871510  -0.064419  0.486129  -0.299728  0.714627  0.632038  -0.388116  -0.696533  0.603496  0.009996  -0.000320  -0.004028  -0.308953  -0.130520  0.112285  1.000000  
45.373660 -0.010790  -0.000187  0.000940  0.871448  -0.063977  0.486298  -0.299908  0.715023  0.631504  -0.388116  -0.696167  0.603918  0.009994  -0.000403  -0.003910  -0.322597  -0.129411  0.111413  1.000000  
45.374660 -0.010781  -0.000188  0.000937  0.871448  -0.063741  0.486329  -0.299908  0.715329  0.631157  -0.388116  -0.695874  0.604256  0.009988  -0.000526  -0.003814  -0.334728  -0.129378  0.111452  1.000000  
45.375660 -0.010773  -0.000190  0.000933  0.871386  -0.063299  0.486497  -0.300087  0.715725  0.630623  -0.388116  -0.695508  0.604678  0.009944  -0.000660  -0.003781  -0.350964  -0.129361  0.111520  1.000000  
45.376912 -0.010763  -0.000192  0.000929  0.871386  -0.063004  0.486535  -0.300087  0.716107  0.630189  -0.388116  -0.695141  0.605100  0.009828  -0.000656  -0.003738  -0.364405  -0.124506  0.107414  1.000000  
45.377934 -0.010754  -0.000192  0.000925  0.871386  -0.062709  0.486573  -0.300087  0.716489  0.629754  -0.388116  -0.694774  0.605521  0.009829  -0.000612  -0.003795  -0.378106  -0.115767  0.099947  1.000000  
45.379168 -0.010743  -0.000194  0.000920  0.871324  -0.062207  0.486748  -0.300266  0.716960  0.629133  -0.388116  -0.694333  0.606027  0.009726  -0.000719  -0.003800  -0.399086  -0.115901  0.100150  1.000000  
45.380414 -0.010731  -0.000195  0.000914  0.871324  -0.061794  0.486801  -0.300266  0.717494  0.628524  -0.388116  -0.693818  0.606616  0.009621  -0.000796  -0.003864  -0.416481  -0.110935  0.095964  1.000000  
45.381663 -0.010721  -0.000197  0.000909  0.871263  -0.061292  0.486975  -0.300446  0.717964  0.627901  -0.388116  -0.693376  0.607121  0.009453  -0.000845  -0.004004  -0.434139  -0.106062  0.091828  1.000000  
45.382910 -0.010709  -0.000197  0.000902  0.871201  -0.060730  0.487156  -0.300625  0.718510  0.627191  -0.388116  -0.692861  0.607709  0.009329  -0.000847  -0.004131  -0.455427  -0.106223  0.092069  1.000000  
45.383911 -0.010700  -0.000198  0.000895  0.871188  -0.060140  0.487252  -0.300821  0.718948  0.626594  -0.387992  -0.692457  0.608247  0.009099  -0.000909  -0.004335  -0.471386  -0.102268  0.094626  1.000000  
45.385163 -0.010689  -0.000200  0.000889  0.871126  -0.059519  0.487439  -0.301001  0.719568  0.625796  -0.387992  -0.691867  0.608919  0.008977  -0.000969  -0.004351  -0.492731  -0.097378  0.090487  1.000000  
45.386410 -0.010680  -0.000201  0.000882  0.871064  -0.058898  0.487625  -0.301180  0.720187  0.624997  -0.387992  -0.691275  0.609590  0.008792  -0.001020  -0.004468  -0.514227  -0.092531  0.086377  1.000000  
45.387662 -0.010670  -0.000202  0.000875  0.871002  -0.058276  0.487811  -0.301359  0.720805  0.624197  -0.387992  -0.690683  0.610261  0.008623  -0.001113  -0.004604  -0.534801  -0.092535  0.086497  1.000000  
45.388722 -0.010663  -0.000204  0.000870  0.870940  -0.057713  0.487989  -0.301539  0.721347  0.623485  -0.387992  -0.690165  0.610847  0.008403  -0.001141  -0.004676  -0.559162  -0.093176  0.087191  1.000000  
45.389913 -0.010653  -0.000206  0.000863  0.870816  -0.056883  0.488308  -0.301897  0.722051  0.622496  -0.387992  -0.689498  0.611600  0.008404  -0.001153  -0.004867  -0.585653  -0.100075  0.087358  1.000000  
45.391166 -0.010644  -0.000207  0.000856  0.870753  -0.056201  0.488497  -0.302077  0.722741  0.621607  -0.387992  -0.688830  0.612352  0.008387  -0.001068  -0.005078  -0.607495  -0.095287  0.083301  1.000000  
45.392217 -0.010636  -0.000207  0.000851  0.870691  -0.055578  0.488680  -0.302256  0.723356  0.620804  -0.387992  -0.688235  0.613021  0.008302  -0.000991  -0.005156  -0.631422  -0.095793  0.083856  1.000000  
45.393410 -0.010625  -0.000206  0.000844  0.870567  -0.054688  0.489002  -0.302614  0.724131  0.619725  -0.387992  -0.687491  0.613855  0.008312  -0.000898  -0.005317  -0.659126  -0.099988  0.087668  1.000000  
45.394411 -0.010616  -0.000206  0.000838  0.870455  -0.054091  0.489266  -0.302776  0.724848  0.618807  -0.388116  -0.686782  0.614570  0.008318  -0.000789  -0.005450  -0.687241  -0.099889  0.087699  1.000000  
45.395414 -0.010607  -0.000206  0.000833  0.870331  -0.053258  0.489580  -0.303135  0.725545  0.617813  -0.388116  -0.686111  0.615320  0.008336  -0.000722  -0.005470  -0.719575  -0.105369  0.092645  1.000000  
45.396662 -0.010595  -0.000206  0.000827  0.870206  -0.052306  0.489904  -0.303493  0.726390  0.616643  -0.388116  -0.685289  0.616235  0.008399  -0.000630  -0.005455  -0.750861  -0.110079  0.096965  1.000000  
45.397663 -0.010585  -0.000205  0.000822  0.870143  -0.051562  0.490094  -0.303672  0.727149  0.615661  -0.388116  -0.684541  0.617065  0.008447  -0.000535  -0.005405  -0.786650  -0.114862  0.101327  1.000000  
45.398663 -0.010575  -0.000205  0.000818  0.870018  -0.050727  0.490403  -0.304030  0.727841  0.614665  -0.388116  -0.683867  0.617812  0.008508  -0.000484  -0.005264  -0.808106  -0.118732  0.104894  1.000000  
45.399912 -0.010562  -0.000205  0.000812  0.869893  -0.049654  0.490735  -0.304389  0.728830  0.613314  -0.388116  -0.682892  0.618890  0.008667  -0.000351  -0.005200  -0.855227  -0.128917  0.114129  1.000000  
45.401161 -0.010550  -0.000205  0.000806  0.869768  -0.048639  0.491059  -0.304747  0.729742  0.612051  -0.388116  -0.681990  0.619883  0.008799  -0.000294  -0.005120  -0.883240  -0.132484  0.117516  1.000000  
45.402163 -0.010540  -0.000205  0.000802  0.869642  -0.047683  0.491375  -0.305105  0.730578  0.610874  -0.388116  -0.681163  0.620793  0.008944  -0.000238  -0.005040  -0.924516  -0.143016  0.127091  1.000000  
45.403222 -0.010531  -0.000206  0.000796  0.869467  -0.046812  0.491768  -0.305446  0.731442  0.609669  -0.388239  -0.680295  0.621666  0.009080  -0.000131  -0.005050  -0.953671  -0.150321  0.127820  1.000000  
45.404444 -0.010518  -0.000206  0.000790  0.869341  -0.045675  0.492097  -0.305804  0.732495  0.608223  -0.388239  -0.679239  0.622820  0.009278  -0.000103  -0.005041  -0.996694  -0.159839  0.136611  1.000000  
45.405448 -0.010507  -0.000206  0.000785  0.869215  -0.044717  0.492407  -0.306162  0.733324  0.607043  -0.388239  -0.678407  0.623726  0.009488  0.000054  -0.004975  -1.023663  -0.164432  0.140992  1.000000  
45.406660 -0.010494  -0.000206  0.000779  0.869089  -0.043518  0.492737  -0.306520  0.734445  0.605505  -0.388239  -0.677271  0.624959  0.009767  0.000054  -0.005011  -1.071246  -0.173991  0.149903  1.000000  
45.407660 -0.010484  -0.000205  0.000773  0.868963  -0.042498  0.493049  -0.306877  0.735343  0.604232  -0.388239  -0.676361  0.625945  0.009833  0.000080  -0.004995  -1.105972  -0.183462  0.158723  1.000000  
45.408662 -0.010474  -0.000205  0.000768  0.868900  -0.041569  0.493239  -0.307056  0.736304  0.602970  -0.388239  -0.675373  0.627010  0.009944  0.000072  -0.004956  -1.141802  -0.183155  0.158788  1.000000  
45.409910 -0.010460  -0.000205  0.000764  0.868773  -0.040308  0.493567  -0.307414  0.737489  0.601337  -0.388239  -0.674155  0.628320  0.010049  0.000043  -0.004800  -1.178111  -0.190820  0.166191  1.000000  
45.410911 -0.010450  -0.000206  0.000760  0.868647  -0.039166  0.493882  -0.307772  0.738526  0.599880  -0.388239  -0.673087  0.629464  0.010126  0.000016  -0.004732  -1.217227  -0.195330  0.170663  1.000000  
45.411914 -0.010439  -0.000207  0.000756  0.868583  -0.038235  0.494066  -0.307950  0.739479  0.598613  -0.388239  -0.672093  0.630524  0.010195  -0.000128  -0.004616  -1.251676  -0.196724  0.172303  1.000000  
45.412937 -0.010429  -0.000208  0.000752  0.868456  -0.037091  0.494376  -0.308308  0.740509  0.597153  -0.388239  -0.671022  0.631665  0.010206  -0.000164  -0.004561  -1.288502  -0.205769  0.180958  1.000000  
45.414168 -0.010416  -0.000209  0.000748  0.868393  -0.035919  0.494574  -0.308487  0.741747  0.595523  -0.388239  -0.669718  0.633047  0.010182  -0.000319  -0.004491  -1.330191  -0.208692  0.178073  1.000000  
45.415169 -0.010407  -0.000212  0.000744  0.868266  -0.034713  0.494883  -0.308844  0.742843  0.593969  -0.388239  -0.668565  0.634265  0.010125  -0.000448  -0.004462  -1.369631  -0.213183  0.182650  1.000000  
45.416432 -0.010396  -0.000214  0.000739  0.868202  -0.033419  0.495084  -0.309023  0.744217  0.592153  -0.388239  -0.667101  0.635804  0.010064  -0.000582  -0.004383  -1.413579  -0.212750  0.182884  1.000000  
45.417662 -0.010385  -0.000217  0.000734  0.868075  -0.031911  0.495407  -0.309381  0.745665  0.590142  -0.388239  -0.665557  0.637420  0.010044  -0.000826  -0.004328  -1.458194  -0.215512  0.186140  1.000000  
45.418910 -0.010375  -0.000220  0.000730  0.868060  -0.030532  0.495519  -0.309577  0.746999  0.588349  -0.388116  -0.664124  0.638988  0.009974  -0.000964  -0.004242  -1.501568  -0.209418  0.187234  1.000000  
45.419910 -0.010367  -0.000223  0.000726  0.867996  -0.029356  0.495702  -0.309755  0.748217  0.586705  -0.388116  -0.662805  0.640356  0.009726  -0.001128  -0.004115  -1.536496  -0.207276  0.185816  1.000000  
45.420968 -0.010360  -0.000225  0.000722  0.867933  -0.028239  0.495879  -0.309934  0.749360  0.585150  -0.388116  -0.661560  0.641642  0.009418  -0.001336  -0.003942  -1.574861  -0.208325  0.187328  1.000000  
45.422158 -0.010351  -0.000229  0.000718  0.867805  -0.026727  0.496186  -0.310291  0.750788  0.583126  -0.388116  -0.660002  0.643245  0.009250  -0.001512  -0.003842  -1.619216  -0.211729  0.191177  1.000000  
45.423166 -0.010344  -0.000232  0.000716  0.867741  -0.025549  0.496360  -0.310470  0.751994  0.581475  -0.388116  -0.658674  0.644604  0.008952  -0.001787  -0.003700  -1.654949  -0.208049  0.188338  1.000000  
45.424216 -0.010338  -0.000235  0.000712  0.867677  -0.024491  0.496525  -0.310649  0.753056  0.580003  -0.388116  -0.657500  0.645802  0.008635  -0.001958  -0.003583  -1.676468  -0.204333  0.191578  1.000000  
45.425408 -0.010330  -0.000239  0.000708  0.867598  -0.022773  0.496745  -0.311023  0.754581  0.577816  -0.387992  -0.655811  0.647590  0.008380  -0.002204  -0.003553  -1.718614  -0.199655  0.194026  1.000000  
45.426659 -0.010323  -0.000243  0.000703  0.867534  -0.021291  0.496922  -0.311202  0.756125  0.575698  -0.387992  -0.654081  0.649338  0.007931  -0.002429  -0.003587  -1.760288  -0.194653  0.190065  1.000000  
45.427661 -0.010317  -0.000248  0.000700  0.867470  -0.020050  0.497086  -0.311381  0.757384  0.573944  -0.387992  -0.652662  0.650765  0.007575  -0.002699  -0.003600  -1.792572  -0.194324  0.190389  1.000000  
45.428661 -0.010313  -0.000251  0.000696  0.867342  -0.018653  0.497364  -0.311738  0.758643  0.572084  -0.387992  -0.651239  0.652188  0.007218  -0.002847  -0.003566  -1.828909  -0.194007  0.190702  1.000000  
45.429664 -0.010309  -0.000257  0.000693  0.867326  -0.017268  0.497441  -0.311934  0.759934  0.570261  -0.387869  -0.649771  0.653724  0.006853  -0.003090  -0.003567  -1.865845  -0.187530  0.191518  1.000000  
45.430667 -0.010305  -0.000261  0.000688  0.867262  -0.016025  0.497594  -0.312113  0.761180  0.568498  -0.387869  -0.648342  0.655141  0.006506  -0.003257  -0.003581  -1.899534  -0.182581  0.187382  1.000000  
45.431913 -0.010300  -0.000267  0.000684  0.867182  -0.014181  0.497789  -0.312487  0.762809  0.566105  -0.387746  -0.646469  0.657063  0.006127  -0.003452  -0.003522  -1.940703  -0.179076  0.191090  1.000000  
45.433180 -0.010296  -0.000272  0.000681  0.867053  -0.012417  0.498060  -0.312844  0.764459  0.563677  -0.387746  -0.644553  0.658942  0.005635  -0.003582  -0.003436  -1.980106  -0.174341  0.193370  1.000000  
45.434413 -0.010292  -0.000277  0.000678  0.866973  -0.010510  0.498244  -0.313219  0.766140  0.561181  -0.387622  -0.642588  0.660931  0.005202  -0.003710  -0.003333  -2.023705  -0.170699  0.196903  1.000000  
45.435660 -0.010288  -0.000282  0.000675  0.866844  -0.008683  0.498503  -0.313576  0.767841  0.558650  -0.387622  -0.640581  0.662876  0.004897  -0.003831  -0.003165  -2.067282  -0.170156  0.197217  1.000000  
45.436718 -0.010286  -0.000286  0.000674  0.866829  -0.007235  0.498554  -0.313772  0.769167  0.556713  -0.387499  -0.639007  0.664466  0.004528  -0.003888  -0.003094  -2.096887  -0.163035  0.197477  1.000000  
45.437912 -0.010283  -0.000291  0.000670  0.866748  -0.005326  0.498718  -0.314146  0.770825  0.554203  -0.387376  -0.637025  0.666438  0.004137  -0.003998  -0.003072  -2.137607  -0.159707  0.201474  1.000000  
45.438924 -0.010281  -0.000295  0.000669  0.866683  -0.003897  0.498844  -0.314325  0.772235  0.552135  -0.387376  -0.635325  0.668058  0.003937  -0.004030  -0.002977  -2.171492  -0.154760  0.197298  1.000000  
45.440160 -0.010278  -0.000299  0.000664  0.866602  -0.001925  0.498995  -0.314699  0.773944  0.549522  -0.387252  -0.633251  0.670096  0.003563  -0.004091  -0.003011  -2.208484  -0.151102  0.200926  1.000000  
45.441409 -0.010276  -0.000305  0.000662  0.866522  0.000108  0.499140  -0.315074  0.775711  0.546810  -0.387129  -0.631088  0.672204  0.003149  -0.004185  -0.002835  -2.249366  -0.150692  0.207252  1.000000  
45.442410 -0.010275  -0.000309  0.000660  0.866440  0.001839  0.499277  -0.315448  0.777138  0.544563  -0.387006  -0.629328  0.673924  0.002974  -0.004159  -0.002762  -2.282037  -0.147107  0.210768  1.000000  
45.443660 -0.010273  -0.000315  0.000657  0.866359  0.003874  0.499407  -0.315823  0.778887  0.541841  -0.386882  -0.627152  0.676019  0.002695  -0.004213  -0.002615  -2.322320  -0.143374  0.214295  1.000000  
45.444662 -0.010271  -0.000319  0.000655  0.866229  0.005467  0.499617  -0.316179  0.780262  0.539649  -0.386882  -0.625428  0.677614  0.002541  -0.004163  -0.002472  -2.349077  -0.147342  0.219096  1.000000  
45.445668 -0.010270  -0.000323  0.000654  0.866147  0.007201  0.499737  -0.316554  0.781668  0.537390  -0.386759  -0.623653  0.679319  0.002333  -0.004137  -0.002248  -2.384869  -0.144825  0.224433  1.000000  
45.446914 -0.010269  -0.000329  0.000654  0.866049  0.009477  0.499870  -0.317124  0.783361  0.534582  -0.386512  -0.621495  0.681434  0.002034  -0.004176  -0.002051  -2.418619  -0.146671  0.240261  1.000000  
45.448167 -0.010267  -0.000335  0.000653  0.865967  0.011576  0.499968  -0.317499  0.785139  0.531744  -0.386389  -0.619211  0.683580  0.001919  -0.004209  -0.001851  -2.455207  -0.145994  0.240684  1.000000  
45.449413 -0.010266  -0.000341  0.000653  0.865933  0.013813  0.499969  -0.317891  0.786942  0.528836  -0.386142  -0.616872  0.685830  0.001760  -0.004253  -0.001662  -2.490528  -0.143239  0.251984  1.000000  
45.450661 -0.010264  -0.000346  0.000654  0.865785  0.016076  0.500158  -0.318443  0.788696  0.525883  -0.386019  -0.614574  0.687960  0.001598  -0.004265  -0.001396  -2.528620  -0.147228  0.263013  1.000000  
45.451910 -0.010264  -0.000352  0.000654  0.865751  0.018254  0.500143  -0.318836  0.790413  0.523059  -0.385772  -0.612302  0.690121  0.001442  -0.004364  -0.001250  -2.557554  -0.139820  0.269265  1.000000  
45.452910 -0.010263  -0.000357  0.000655  0.865733  0.019888  0.500110  -0.319032  0.791837  0.520781  -0.385648  -0.610408  0.691865  0.001299  -0.004392  -0.001035  -2.584560  -0.135886  0.272541  1.000000  
45.454161 -0.010264  -0.000363  0.000656  0.865633  0.022290  0.500183  -0.319602  0.793594  0.517748  -0.385401  -0.608039  0.694085  0.001045  -0.004555  -0.000723  -2.631218  -0.137556  0.288837  1.000000  
45.455221 -0.010264  -0.000368  0.000658  0.865664  0.024002  0.500050  -0.319816  0.794974  0.515493  -0.385154  -0.606168  0.695857  0.000880  -0.004597  -0.000418  -2.643631  -0.129728  0.288878  1.000000  
45.456466 -0.010266  -0.000376  0.000661  0.865629  0.026301  0.499995  -0.320208  0.796778  0.512456  -0.384907  -0.603699  0.698136  0.000651  -0.004729  -0.000030  -2.679378  -0.126640  0.300147  1.000000  
45.457660 -0.010267  -0.000383  0.000665  0.865593  0.028660  0.499927  -0.320600  0.798632  0.509316  -0.384660  -0.601137  0.700479  0.000452  -0.004915  0.000408  -2.717607  -0.122732  0.309348  1.000000  
45.458911 -0.010269  -0.000390  0.000669  0.865558  0.030898  0.499855  -0.320992  0.800350  0.506363  -0.384413  -0.598736  0.702668  0.000246  -0.004997  0.000831  -2.742216  -0.118512  0.312825  1.000000  
45.460160 -0.010270  -0.000398  0.000674  0.865522  0.033197  0.499770  -0.321385  0.802119  0.503307  -0.384166  -0.596241  0.704920  0.000004  -0.005111  0.001262  -2.770204  -0.110927  0.319215  1.000000  
45.461410 -0.010273  -0.000407  0.000679  0.865600  0.035344  0.499487  -0.321616  0.803794  0.500478  -0.383796  -0.593857  0.707131  -0.000257  -0.005326  0.001695  -2.794326  -0.103344  0.325591  1.000000  
45.462416 -0.010274  -0.000414  0.000684  0.865630  0.037051  0.499311  -0.321830  0.805124  0.498197  -0.383549  -0.591948  0.708864  -0.000440  -0.005471  0.002014  -2.810728  -0.092321  0.329905  1.000000  
45.463416 -0.010277  -0.000421  0.000688  0.865660  0.038879  0.499120  -0.322044  0.806568  0.495717  -0.383301  -0.589861  0.710735  -0.000672  -0.005663  0.002381  -2.827900  -0.080458  0.331383  1.000000  
45.464663 -0.010278  -0.000430  0.000694  0.865672  0.041249  0.498910  -0.322454  0.808268  0.492673  -0.382931  -0.587369  0.712995  -0.000875  -0.005892  0.002797  -2.848027  -0.076407  0.339642  1.000000  
45.465933 -0.010282  -0.000439  0.000701  0.865749  0.043572  0.498578  -0.322686  0.810083  0.489530  -0.382560  -0.584694  0.715389  -0.001187  -0.006175  0.003187  -2.874972  -0.064760  0.343720  1.000000  
45.467164 -0.010284  -0.000449  0.000708  0.865808  0.046072  0.498251  -0.323114  0.811790  0.486409  -0.382065  -0.582129  0.717741  -0.001392  -0.006410  0.003606  -2.899399  -0.049888  0.353370  1.000000  
45.468412 -0.010288  -0.000459  0.000716  0.865933  0.048464  0.497807  -0.323364  0.813554  0.483287  -0.381571  -0.579467  0.720154  -0.001676  -0.006676  0.004072  -2.924844  -0.034468  0.358112  1.000000  
45.469660 -0.010292  -0.000469  0.000723  0.866038  0.051153  0.497354  -0.323810  0.815326  0.479991  -0.380952  -0.576738  0.722667  -0.001850  -0.006851  0.004391  -2.955941  -0.019767  0.372413  1.000000  
45.470717 -0.010296  -0.000477  0.000730  0.866163  0.053178  0.496925  -0.324059  0.816717  0.477451  -0.380457  -0.574583  0.724642  -0.002077  -0.007064  0.004779  -2.963408  -0.000908  0.378647  1.000000  
45.471964 -0.010300  -0.000488  0.000738  0.866334  0.055753  0.496343  -0.324327  0.818534  0.474147  -0.379839  -0.571747  0.727206  -0.002246  -0.007318  0.005093  -2.989757  0.018250  0.385620  1.000000  
45.473160 -0.010304  -0.000499  0.000747  0.866438  0.058374  0.495860  -0.324773  0.820210  0.470933  -0.379220  -0.569076  0.729620  -0.002469  -0.007604  0.005400  -3.011826  0.032951  0.394822  1.000000  
45.474221 -0.010309  -0.000509  0.000754  0.866609  0.060461  0.495312  -0.325040  0.821546  0.468414  -0.378600  -0.566927  0.731611  -0.002672  -0.007780  0.005554  -3.022447  0.052215  0.403769  1.000000  
45.475409 -0.010314  -0.000521  0.000762  0.866712  0.063196  0.494790  -0.325486  0.823312  0.464990  -0.377981  -0.564060  0.734144  -0.002868  -0.008056  0.005802  -3.052856  0.066900  0.412713  1.000000  
45.476663 -0.010322  -0.000534  0.000771  0.866909  0.066068  0.494069  -0.325967  0.825011  0.461630  -0.377114  -0.561241  0.736745  -0.003259  -0.008381  0.006103  -3.083270  0.090443  0.425378  1.000000  
45.477966 -0.010328  -0.000547  0.000780  0.867125  0.068694  0.493332  -0.326252  0.826736  0.458331  -0.376370  -0.558381  0.739295  -0.003542  -0.008655  0.006285  -3.099443  0.113217  0.433719  1.000000  
45.479176 -0.010336  -0.000562  0.000790  0.867434  0.071336  0.492412  -0.326572  0.828285  0.455297  -0.375378  -0.555748  0.741778  -0.003943  -0.009061  0.006579  -3.113001  0.139839  0.446119  1.000000  
45.480415 -0.010345  -0.000577  0.000800  0.867628  0.074133  0.491657  -0.327053  0.829888  0.452021  -0.374510  -0.552984  0.744279  -0.004352  -0.009434  0.006767  -3.131522  0.166458  0.457869  1.000000  
45.481663 -0.010355  -0.000592  0.000809  0.867888  0.076813  0.490785  -0.327356  0.831547  0.448740  -0.373642  -0.550117  0.746835  -0.004821  -0.009854  0.006952  -3.153254  0.189657  0.466469  1.000000  
45.482912 -0.010365  -0.000609  0.000818  0.868195  0.079556  0.489805  -0.327675  0.833168  0.445489  -0.372648  -0.547268  0.749420  -0.005225  -0.010271  0.007001  -3.170712  0.219956  0.480487  1.000000  
45.484168 -0.010375  -0.000626  0.000827  0.868386  0.082455  0.488986  -0.328156  0.834838  0.441995  -0.371779  -0.544286  0.752019  -0.005680  -0.010775  0.007082  -3.198508  0.239303  0.493615  1.000000  
45.485182 -0.010384  -0.000639  0.000833  0.868597  0.084576  0.488248  -0.328440  0.836056  0.439474  -0.371034  -0.542086  0.753974  -0.006053  -0.011162  0.007164  -3.209683  0.253011  0.500866  1.000000  
45.486215 -0.010392  -0.000654  0.000840  0.868808  0.086752  0.487491  -0.328724  0.837320  0.436847  -0.370288  -0.539787  0.755988  -0.006372  -0.011542  0.007125  -3.214955  0.275666  0.508276  1.000000  
45.487412 -0.010402  -0.000671  0.000848  0.869064  0.089523  0.486532  -0.329026  0.839023  0.433338  -0.369418  -0.536680  0.758620  -0.006735  -0.011925  0.007059  -3.232172  0.299170  0.515872  1.000000  
45.488467 -0.010410  -0.000684  0.000854  0.869273  0.091749  0.485743  -0.329310  0.840319  0.430602  -0.368672  -0.534271  0.760681  -0.006985  -0.012197  0.007045  -3.241756  0.317421  0.521310  1.000000  
45.489658 -0.010419  -0.000702  0.000864  0.869506  0.094688  0.484761  -0.329807  0.841900  0.427121  -0.367677  -0.531262  0.763266  -0.007211  -0.012569  0.007114  -3.272442  0.334565  0.538359  1.000000  
45.490660 -0.010427  -0.000717  0.000871  0.869714  0.096846  0.483961  -0.330091  0.843123  0.424480  -0.366930  -0.528927  0.765244  -0.007430  -0.012921  0.007144  -3.288713  0.353917  0.550964  1.000000  
45.491716 -0.010434  -0.000732  0.000880  0.869921  0.098999  0.483153  -0.330375  0.844339  0.421835  -0.366183  -0.526585  0.767215  -0.007510  -0.013198  0.007244  -3.299253  0.372674  0.556425  1.000000  
45.492912 -0.010443  -0.000752  0.000891  0.870173  0.101624  0.482153  -0.330675  0.845876  0.418506  -0.365311  -0.523609  0.769663  -0.007659  -0.013734  0.007435  -3.318214  0.389996  0.564997  1.000000  
45.493916 -0.010450  -0.000770  0.000900  0.870379  0.103884  0.481299  -0.330959  0.847173  0.415649  -0.364564  -0.521062  0.771743  -0.007726  -0.014101  0.007494  -3.336080  0.406328  0.574765  1.000000  
45.494971 -0.010457  -0.000786  0.000909  0.870516  0.106199  0.480546  -0.331421  0.848338  0.412895  -0.363816  -0.518695  0.773688  -0.007725  -0.014336  0.007542  -3.341070  0.417607  0.589786  1.000000  
45.496167 -0.010465  -0.000808  0.000921  0.870697  0.109039  0.479580  -0.331901  0.849867  0.409351  -0.362944  -0.515594  0.776167  -0.007573  -0.014806  0.007742  -3.360566  0.431473  0.595251  1.000000  
45.497417 -0.010473  -0.000830  0.000933  0.870946  0.111582  0.478542  -0.332201  0.851305  0.406107  -0.362071  -0.512669  0.778508  -0.007440  -0.015234  0.007894  -3.367207  0.444764  0.603555  1.000000  
45.498663 -0.010479  -0.000854  0.000945  0.871126  0.114351  0.477560  -0.332680  0.852755  0.402657  -0.361198  -0.509639  0.780899  -0.007189  -0.015686  0.008142  -3.375643  0.458127  0.609825  1.000000  
45.499912 -0.010485  -0.000877  0.000958  0.871191  0.117285  0.476730  -0.333322  0.854240  0.398963  -0.360449  -0.506477  0.783299  -0.006918  -0.016111  0.008384  -3.388870  0.456767  0.621075  1.000000  
45.501162 -0.010491  -0.000901  0.000970  0.871255  0.120156  0.475897  -0.333963  0.855659  0.395368  -0.359700  -0.503398  0.785625  -0.006656  -0.016568  0.008717  -3.397561  0.455563  0.630532  1.000000  
45.502253 -0.010495  -0.000920  0.000981  0.871341  0.122437  0.475156  -0.334408  0.856827  0.392452  -0.359076  -0.500856  0.787533  -0.006267  -0.016766  0.008987  -3.391042  0.459735  0.631478  1.000000  
45.503434 -0.010500  -0.000944  0.000995  0.871359  0.125179  0.474409  -0.335032  0.858194  0.388916  -0.358451  -0.497828  0.789734  -0.006015  -0.017348  0.009423  -3.401646  0.459650  0.636479  1.000000  
45.504661 -0.010506  -0.000969  0.001011  0.871420  0.128093  0.473518  -0.335674  0.859616  0.385205  -0.357702  -0.494623  0.792084  -0.005720  -0.017820  0.009847  -3.427219  0.455971  0.646837  1.000000  
45.505933 -0.010510  -0.000994  0.001027  0.871366  0.131061  0.472804  -0.336477  0.860972  0.381458  -0.357077  -0.491478  0.794321  -0.005419  -0.018241  0.010248  -3.420944  0.446674  0.651703  1.000000  
45.506994 -0.010515  -0.001014  0.001041  0.871336  0.133443  0.472193  -0.337084  0.862086  0.378394  -0.356577  -0.488877  0.796148  -0.005176  -0.018460  0.010594  -3.425297  0.436677  0.656713  1.000000  
45.508182 -0.010519  -0.001040  0.001060  0.871236  0.136285  0.471565  -0.337871  0.863388  0.374706  -0.356077  -0.485786  0.798262  -0.004918  -0.018901  0.011122  -3.450718  0.420031  0.667679  1.000000  
45.509220 -0.010524  -0.001062  0.001075  0.871135  0.138725  0.471040  -0.338657  0.864358  0.371748  -0.355577  -0.483364  0.799953  -0.004774  -0.019152  0.011429  -3.436560  0.405130  0.668402  1.000000  
45.510410 -0.010530  -0.001089  0.001096  0.871008  0.141742  0.470377  -0.339640  0.865532  0.368101  -0.354951  -0.480378  0.802027  -0.004602  -0.019618  0.012155  -3.449559  0.387011  0.681754  1.000000  
45.511413 -0.010535  -0.001112  0.001113  0.870975  0.144056  0.469735  -0.340247  0.866552  0.365130  -0.354451  -0.477845  0.803759  -0.004504  -0.020049  0.012704  -3.453782  0.374622  0.686172  1.000000  
45.512416 -0.010539  -0.001135  0.001131  0.870826  0.146485  0.469258  -0.341016  0.867553  0.362022  -0.354076  -0.475283  0.805442  -0.004403  -0.020293  0.013203  -3.461023  0.354542  0.696763  1.000000  
