1-Time 2-Px 3-Py 4-Pz 5-R11 6-R21 7-R31 8-R12 9-R22 10-R32 11-R13 12-R23 13-R33 14-Vx 15-Vy 16-Vz 17-Wx 18-Wy 19-Wz 20-state
65.770438 0.014448  -0.008448  -0.000693  0.331042  0.866672  0.373218  -0.940470  0.335305  0.055558  -0.076992  -0.369392  0.926079  0.000027  -0.000694  0.000854  0.000000  0.000000  0.000000  1.000000  
65.771590 0.014447  -0.008450  -0.000693  0.331042  0.866672  0.373218  -0.940470  0.335305  0.055558  -0.076992  -0.369392  0.926079  -0.001257  -0.001685  0.000410  0.000000  0.000000  0.000000  1.000000  
65.772838 0.014439  -0.008451  -0.000693  0.330848  0.866741  0.373229  -0.940538  0.335127  0.055481  -0.076992  -0.369392  0.926079  -0.004007  -0.001178  0.000381  0.000000  0.000000  0.000000  1.000000  
65.773839 0.014433  -0.008451  -0.000690  0.330848  0.866786  0.373124  -0.940538  0.335134  0.055440  -0.076992  -0.369280  0.926124  -0.004780  -0.000893  0.000891  0.000000  0.000000  0.000000  1.000000  
65.775088 0.014427  -0.008451  -0.000689  0.330848  0.866786  0.373124  -0.940538  0.335134  0.055440  -0.076992  -0.369280  0.926124  -0.004689  -0.000701  0.001007  0.000000  0.000000  0.000000  1.000000  
65.776094 0.014423  -0.008452  -0.000688  0.330848  0.866786  0.373124  -0.940538  0.335134  0.055440  -0.076992  -0.369280  0.926124  -0.004623  -0.000661  0.000900  0.000000  0.000000  0.000000  1.000000  
65.777338 0.014415  -0.008451  -0.000687  0.330848  0.866831  0.373019  -0.940538  0.335140  0.055399  -0.076992  -0.369167  0.926168  -0.004911  -0.000397  0.000918  0.000000  0.000000  0.000000  1.000000  
65.778341 0.014407  -0.008449  -0.000688  0.330848  0.866831  0.373019  -0.940538  0.335140  0.055399  -0.076992  -0.369167  0.926168  -0.005359  -0.000128  0.000651  0.000000  0.000000  0.000000  1.000000  
65.779589 0.014395  -0.008447  -0.000690  0.330655  0.866900  0.373030  -0.940606  0.334962  0.055323  -0.076992  -0.369167  0.926168  -0.005896  0.000105  0.000390  0.000000  0.000000  0.000000  1.000000  
65.780595 0.014387  -0.008446  -0.000690  0.330655  0.866900  0.373030  -0.940606  0.334962  0.055323  -0.076992  -0.369167  0.926168  -0.006095  0.000215  0.000315  0.000000  0.000000  0.000000  1.000000  
65.781844 0.014378  -0.008444  -0.000690  0.330655  0.866945  0.372925  -0.940606  0.334969  0.055282  -0.076992  -0.369055  0.926213  -0.006271  0.000362  0.000285  0.000000  0.000000  0.000000  1.000000  
65.782845 0.014370  -0.008444  -0.000691  0.330464  0.867031  0.372895  -0.940684  0.334744  0.055322  -0.076858  -0.369059  0.926223  -0.006408  0.000352  0.000200  0.000000  0.000000  0.000000  1.000000  
65.783849 0.014361  -0.008443  -0.000691  0.330464  0.867031  0.372895  -0.940684  0.334744  0.055322  -0.076858  -0.369059  0.926223  -0.006594  0.000417  0.000189  0.000000  0.000000  0.000000  1.000000  
65.784855 0.014351  -0.008441  -0.000691  0.330461  0.867014  0.372937  -0.940674  0.334790  0.055205  -0.076992  -0.369055  0.926213  -0.006852  0.000506  0.000152  0.000000  0.000000  0.000000  1.000000  
65.786090 0.014336  -0.008440  -0.000692  0.330461  0.867014  0.372937  -0.940674  0.334790  0.055205  -0.076992  -0.369055  0.926213  -0.007570  0.000653  0.000044  0.000000  0.000000  0.000000  1.000000  
65.787099 0.014324  -0.008439  -0.000693  0.330461  0.867014  0.372937  -0.940674  0.334790  0.055205  -0.076992  -0.369055  0.926213  -0.008025  0.000771  0.000020  0.000000  0.000000  0.000000  1.000000  
65.788103 0.014313  -0.008437  -0.000694  0.330461  0.867060  0.372831  -0.940674  0.334797  0.055165  -0.076992  -0.368943  0.926258  -0.008337  0.000980  -0.000142  0.000000  0.000000  0.000000  1.000000  
65.789338 0.014300  -0.008433  -0.000696  0.330457  0.867043  0.372872  -0.940664  0.334844  0.055048  -0.077125  -0.368939  0.926248  -0.008682  0.001191  -0.000403  0.000000  0.000000  0.000000  1.000000  
65.790339 0.014290  -0.008430  -0.000698  0.330457  0.867043  0.372872  -0.940664  0.334844  0.055048  -0.077125  -0.368939  0.926248  -0.009214  0.001474  -0.000625  0.000000  0.000000  0.000000  1.000000  
65.791589 0.014274  -0.008426  -0.000700  0.330454  0.867072  0.372808  -0.940655  0.334897  0.054890  -0.077259  -0.368823  0.926283  -0.009779  0.001720  -0.000812  0.000000  0.000000  0.000000  1.000000  
65.792652 0.014262  -0.008423  -0.000702  0.330454  0.867072  0.372808  -0.940655  0.334897  0.054890  -0.077259  -0.368823  0.926283  -0.010008  0.001860  -0.000915  0.000000  0.000000  0.000000  1.000000  
65.793836 0.014248  -0.008419  -0.000703  0.330644  0.867032  0.372733  -0.940577  0.335128  0.054809  -0.077392  -0.368706  0.926319  -0.010288  0.001983  -0.000955  0.000000  0.000000  0.000000  1.000000  
65.795161 0.014235  -0.008414  -0.000705  0.330641  0.867016  0.372774  -0.940567  0.335175  0.054692  -0.077525  -0.368703  0.926309  -0.010438  0.002170  -0.000966  0.000000  0.000000  0.000000  1.000000  
65.796339 0.014223  -0.008410  -0.000705  0.330834  0.866947  0.372763  -0.940499  0.335353  0.054769  -0.077525  -0.368703  0.926309  -0.010599  0.002305  -0.001006  0.000000  0.000000  0.000000  1.000000  
65.797343 0.014212  -0.008407  -0.000705  0.330831  0.866975  0.372699  -0.940489  0.335407  0.054612  -0.077659  -0.368586  0.926344  -0.010815  0.002465  -0.000925  0.000000  0.000000  0.000000  1.000000  
65.798596 0.014197  -0.008404  -0.000706  0.330831  0.866975  0.372699  -0.940489  0.335407  0.054612  -0.077659  -0.368586  0.926344  -0.011127  0.002639  -0.000994  0.000000  0.000000  0.000000  1.000000  
65.799597 0.014184  -0.008401  -0.000707  0.331021  0.866890  0.372729  -0.940411  0.335632  0.054571  -0.077792  -0.368583  0.926334  -0.011310  0.002690  -0.001102  0.000000  0.000000  0.000000  1.000000  
65.800599 0.014171  -0.008399  -0.000710  0.331215  0.866866  0.372612  -0.940343  0.335817  0.054607  -0.077792  -0.368470  0.926379  -0.011360  0.002754  -0.001208  0.000000  0.000000  0.000000  1.000000  
65.801838 0.014156  -0.008396  -0.000714  0.331211  0.866850  0.372654  -0.940333  0.335863  0.054490  -0.077926  -0.368466  0.926369  -0.011405  0.002903  -0.001408  0.000000  0.000000  0.000000  1.000000  
65.802839 0.014145  -0.008392  -0.000716  0.331401  0.866764  0.372683  -0.940255  0.336088  0.054450  -0.078059  -0.368463  0.926360  -0.011397  0.003003  -0.001535  0.000000  0.000000  0.000000  1.000000  
65.803840 0.014132  -0.008388  -0.000720  0.331592  0.866724  0.372608  -0.940177  0.336320  0.054369  -0.078192  -0.368346  0.926395  -0.011567  0.003103  -0.001587  0.000000  0.000000  0.000000  1.000000  
65.805089 0.014113  -0.008383  -0.000724  0.331588  0.866707  0.372650  -0.940167  0.336366  0.054252  -0.078326  -0.368342  0.926385  -0.011943  0.003155  -0.001774  0.000000  0.000000  0.000000  1.000000  
65.806339 0.014095  -0.008379  -0.000729  0.331972  0.866598  0.372563  -0.940021  0.336776  0.054248  -0.078459  -0.368226  0.926420  -0.012155  0.003174  -0.001962  0.000000  0.000000  0.000000  1.000000  
65.807589 0.014077  -0.008374  -0.000732  0.332162  0.866512  0.372594  -0.939942  0.337001  0.054208  -0.078592  -0.368222  0.926410  -0.012388  0.003266  -0.002042  0.000000  0.000000  0.000000  1.000000  
65.808657 0.014062  -0.008369  -0.000735  0.332352  0.866426  0.372624  -0.939864  0.337226  0.054168  -0.078726  -0.368218  0.926400  -0.012514  0.003324  -0.002111  0.000000  0.000000  0.000000  1.000000  
65.809839 0.014044  -0.008364  -0.000737  0.332542  0.866385  0.372549  -0.939786  0.337457  0.054087  -0.078859  -0.368102  0.926435  -0.013044  0.003441  -0.002211  0.000000  0.000000  0.000000  1.000000  
65.811088 0.014024  -0.008359  -0.000740  0.332732  0.866299  0.372579  -0.939707  0.337682  0.054047  -0.078993  -0.368098  0.926425  -0.013449  0.003499  -0.002383  0.000000  0.000000  0.000000  1.000000  
65.812091 0.014009  -0.008355  -0.000744  0.332921  0.866213  0.372609  -0.939629  0.337907  0.054006  -0.079126  -0.368094  0.926415  -0.013765  0.003497  -0.002656  0.000000  0.000000  0.000000  1.000000  
65.813151 0.013993  -0.008353  -0.000748  0.333111  0.866173  0.372534  -0.939550  0.338138  0.053925  -0.079259  -0.367978  0.926450  -0.013970  0.003421  -0.002885  0.000000  0.000000  0.000000  1.000000  
65.814347 0.013972  -0.008349  -0.000753  0.333495  0.866017  0.372554  -0.939403  0.338541  0.053962  -0.079393  -0.367974  0.926440  -0.014334  0.003553  -0.003084  0.000000  0.000000  0.000000  1.000000  
65.815601 0.013952  -0.008344  -0.000758  0.333684  0.865976  0.372479  -0.939324  0.338772  0.053881  -0.079526  -0.367858  0.926475  -0.014649  0.003684  -0.003215  0.000000  0.000000  0.000000  1.000000  
65.816848 0.013932  -0.008339  -0.000762  0.333874  0.865890  0.372509  -0.939246  0.338997  0.053841  -0.079660  -0.367854  0.926465  -0.015018  0.003800  -0.003212  0.000000  0.000000  0.000000  1.000000  
65.818091 0.013912  -0.008334  -0.000767  0.334257  0.865779  0.372424  -0.939098  0.339406  0.053836  -0.079793  -0.367738  0.926500  -0.015287  0.003794  -0.003293  0.000000  0.000000  0.000000  1.000000  
65.819341 0.013891  -0.008329  -0.000772  0.334640  0.865667  0.372338  -0.938950  0.339816  0.053831  -0.079926  -0.367621  0.926535  -0.015518  0.003841  -0.003400  0.000000  0.000000  0.000000  1.000000  
65.820589 0.013870  -0.008323  -0.000777  0.334827  0.865564  0.372410  -0.938861  0.340086  0.053675  -0.080193  -0.367613  0.926515  -0.015728  0.003925  -0.003398  0.000000  0.000000  0.000000  1.000000  
65.821657 0.013854  -0.008318  -0.000782  0.335209  0.865453  0.372325  -0.938713  0.340496  0.053670  -0.080326  -0.367497  0.926549  -0.015817  0.004007  -0.003516  -0.031410  -0.032636  -0.199694  1.000000  
65.822851 0.013833  -0.008312  -0.000787  0.335592  0.865341  0.372240  -0.938565  0.340905  0.053665  -0.080460  -0.367381  0.926584  -0.016053  0.004074  -0.003635  -0.034196  -0.027367  -0.211390  1.000000  
65.823918 0.013817  -0.008307  -0.000792  0.335782  0.865254  0.372270  -0.938486  0.341129  0.053625  -0.080593  -0.367377  0.926574  -0.016058  0.004050  -0.003813  -0.030003  -0.031456  -0.212331  1.000000  
65.825126 0.013797  -0.008302  -0.000799  0.335971  0.865213  0.372196  -0.938406  0.341360  0.053543  -0.080726  -0.367260  0.926608  -0.016092  0.004010  -0.004113  -0.033353  -0.028805  -0.217775  1.000000  
65.826339 0.013777  -0.008298  -0.000807  0.336354  0.865056  0.372216  -0.938258  0.341763  0.053580  -0.080860  -0.367256  0.926598  -0.016266  0.004025  -0.004393  -0.032759  -0.030393  -0.225535  1.000000  
65.827591 0.013756  -0.008293  -0.000815  0.336737  0.864943  0.372131  -0.938109  0.342171  0.053575  -0.080993  -0.367140  0.926633  -0.016432  0.004093  -0.004656  -0.031653  -0.025379  -0.238312  1.000000  
65.828844 0.013736  -0.008288  -0.000822  0.336930  0.864918  0.372015  -0.938040  0.342356  0.053610  -0.080993  -0.367028  0.926677  -0.016326  0.004228  -0.004770  -0.035986  -0.025599  -0.240239  1.000000  
65.830065 0.013721  -0.008284  -0.000826  0.337123  0.864848  0.372004  -0.937970  0.342534  0.053687  -0.080993  -0.367028  0.926677  -0.015986  0.004134  -0.004672  -0.035162  -0.018736  -0.243193  1.000000  
65.831090 0.013702  -0.008278  -0.000831  0.337506  0.864735  0.371919  -0.937821  0.342943  0.053682  -0.081127  -0.366911  0.926712  -0.016112  0.004289  -0.004768  -0.034574  -0.020373  -0.250997  1.000000  
65.832097 0.013686  -0.008273  -0.000836  0.337699  0.864709  0.371803  -0.937752  0.343127  0.053717  -0.081127  -0.366799  0.926756  -0.016120  0.004296  -0.004821  -0.038912  -0.016373  -0.251348  1.000000  
65.833344 0.013667  -0.008266  -0.000841  0.337892  0.864684  0.371687  -0.937682  0.343312  0.053751  -0.081127  -0.366686  0.926801  -0.016065  0.004444  -0.004902  -0.038348  -0.009682  -0.256112  1.000000  
65.834593 0.013647  -0.008259  -0.000847  0.338278  0.864587  0.371560  -0.937543  0.343674  0.053863  -0.081127  -0.366574  0.926845  -0.016067  0.004625  -0.004989  -0.041841  0.001204  -0.259201  1.000000  
65.835840 0.013627  -0.008251  -0.000853  0.338664  0.864491  0.371433  -0.937404  0.344037  0.053974  -0.081127  -0.366461  0.926890  -0.015980  0.004695  -0.005038  -0.041277  0.007895  -0.263980  1.000000  
65.837091 0.013607  -0.008244  -0.000859  0.338857  0.864465  0.371317  -0.937334  0.344221  0.054009  -0.081127  -0.366349  0.926934  -0.015914  0.004804  -0.005014  -0.045890  0.009518  -0.255911  1.000000  
65.838339 0.013588  -0.008237  -0.000865  0.339243  0.864413  0.371085  -0.937194  0.344591  0.054078  -0.081127  -0.366124  0.927023  -0.015823  0.004864  -0.004960  -0.053144  0.016108  -0.259055  1.000000  
65.839613 0.013568  -0.008229  -0.000871  0.339628  0.864316  0.370958  -0.937054  0.344953  0.054189  -0.081127  -0.366012  0.927067  -0.015871  0.005008  -0.004969  -0.052865  0.022880  -0.265224  1.000000  
65.840839 0.013547  -0.008223  -0.000876  0.340207  0.864193  0.370715  -0.936844  0.345500  0.054334  -0.081127  -0.365787  0.927156  -0.015829  0.005136  -0.004844  -0.059935  0.032125  -0.276604  1.000000  
65.842089 0.013526  -0.008217  -0.000880  0.340597  0.864113  0.370545  -0.936715  0.345816  0.054562  -0.080993  -0.365678  0.927211  -0.015850  0.005237  -0.004494  -0.062936  0.042656  -0.277408  1.000000  
65.843339 0.013507  -0.008210  -0.000885  0.340982  0.864015  0.370418  -0.936574  0.346179  0.054672  -0.080993  -0.365566  0.927255  -0.015807  0.005313  -0.004338  -0.063466  0.047177  -0.278175  1.000000  
65.844339 0.013492  -0.008206  -0.000888  0.341368  0.863917  0.370290  -0.936434  0.346541  0.054783  -0.080993  -0.365453  0.927299  -0.015792  0.005297  -0.004231  -0.066405  0.053426  -0.280544  1.000000  
65.845341 0.013477  -0.008200  -0.000891  0.341946  0.863793  0.370047  -0.936223  0.347088  0.054927  -0.080993  -0.365228  0.927388  -0.015727  0.005427  -0.004205  -0.069317  0.062544  -0.291587  1.000000  
65.846342 0.013462  -0.008195  -0.000895  0.342332  0.863695  0.369919  -0.936082  0.347450  0.055037  -0.080993  -0.365116  0.927432  -0.015737  0.005507  -0.004124  -0.072783  0.069183  -0.296286  1.000000  
65.847348 0.013446  -0.008189  -0.000898  0.342717  0.863641  0.369687  -0.935941  0.347819  0.055105  -0.080993  -0.364891  0.927521  -0.015887  0.005507  -0.004128  -0.076879  0.076411  -0.303487  1.000000  
65.848615 0.013426  -0.008182  -0.000903  0.343295  0.863516  0.369444  -0.935729  0.348366  0.055249  -0.080993  -0.364666  0.927609  -0.015770  0.005447  -0.004052  -0.084398  0.083034  -0.308049  1.000000  
65.849847 0.013406  -0.008176  -0.000906  0.343869  0.863373  0.369243  -0.935507  0.348958  0.055276  -0.081127  -0.364437  0.927688  -0.015743  0.005405  -0.003894  -0.087930  0.085564  -0.314679  1.000000  
65.851092 0.013386  -0.008169  -0.000911  0.344447  0.863292  0.368895  -0.935294  0.349512  0.055377  -0.081127  -0.364099  0.927820  -0.015813  0.005342  -0.003732  -0.095140  0.099140  -0.324969  1.000000  
65.852339 0.013365  -0.008162  -0.000914  0.345024  0.863210  0.368546  -0.935081  0.350065  0.055477  -0.081127  -0.363762  0.927953  -0.015928  0.005362  -0.003566  -0.106115  0.105116  -0.327604  1.000000  
65.853381 0.013348  -0.008157  -0.000915  0.345598  0.863066  0.368346  -0.934858  0.350657  0.055503  -0.081260  -0.363533  0.928031  -0.015917  0.005280  -0.003315  -0.109943  0.107938  -0.335144  1.000000  
65.854591 0.013326  -0.008151  -0.000917  0.346368  0.862911  0.367986  -0.934573  0.351388  0.055679  -0.081260  -0.363195  0.928163  -0.016171  0.005218  -0.003084  -0.115835  0.119045  -0.351087  1.000000  
65.855651 0.013309  -0.008146  -0.000918  0.346945  0.862783  0.367742  -0.934359  0.351935  0.055821  -0.081260  -0.362970  0.928251  -0.016094  0.005144  -0.002796  -0.123253  0.128657  -0.363553  1.000000  
65.856841 0.013287  -0.008141  -0.000919  0.347714  0.862627  0.367382  -0.934073  0.352665  0.055995  -0.081260  -0.362632  0.928383  -0.016227  0.005166  -0.002618  -0.130542  0.133886  -0.377179  1.000000  
65.858089 0.013266  -0.008135  -0.000920  0.348479  0.862497  0.366961  -0.933776  0.353448  0.056010  -0.081393  -0.362177  0.928549  -0.016311  0.005119  -0.002400  -0.144476  0.137700  -0.386843  1.000000  
65.859339 0.013245  -0.008129  -0.000922  0.349248  0.862340  0.366601  -0.933488  0.354179  0.056183  -0.081393  -0.361839  0.928680  -0.016470  0.005150  -0.002330  -0.150886  0.145105  -0.405964  1.000000  
65.860589 0.013224  -0.008124  -0.000925  0.350017  0.862181  0.366241  -0.933201  0.354909  0.056356  -0.081393  -0.361502  0.928812  -0.016653  0.005009  -0.002196  -0.157407  0.152608  -0.425386  1.000000  
65.861610 0.013206  -0.008120  -0.000926  0.350593  0.862095  0.365892  -0.932984  0.355462  0.056453  -0.081393  -0.361164  0.928944  -0.017002  0.004945  -0.002061  -0.169626  0.162862  -0.439705  1.000000  
65.862899 0.013184  -0.008115  -0.000929  0.351361  0.861979  0.365427  -0.932695  0.356200  0.056581  -0.081393  -0.360713  0.929119  -0.016857  0.004734  -0.001926  -0.180448  0.167502  -0.451892  1.000000  
65.864096 0.013161  -0.008110  -0.000930  0.352129  0.861863  0.364962  -0.932406  0.356937  0.056709  -0.081393  -0.360262  0.929294  -0.017141  0.004640  -0.001689  -0.187802  0.172668  -0.465612  1.000000  
65.865344 0.013138  -0.008105  -0.000932  0.352897  0.861745  0.364498  -0.932115  0.357674  0.056836  -0.081393  -0.359811  0.929468  -0.017370  0.004545  -0.001551  -0.198341  0.180062  -0.484922  1.000000  
65.866345 0.013118  -0.008102  -0.000932  0.353473  0.861657  0.364149  -0.931897  0.358227  0.056931  -0.081393  -0.359473  0.929599  -0.017570  0.004352  -0.001387  -0.205937  0.182460  -0.491401  1.000000  
65.867594 0.013093  -0.008098  -0.000933  0.354240  0.861538  0.363684  -0.931606  0.358964  0.057056  -0.081393  -0.359022  0.929773  -0.017904  0.004201  -0.001251  -0.216489  0.189846  -0.510750  1.000000  
65.868840 0.013068  -0.008094  -0.000933  0.355007  0.861463  0.363114  -0.931314  0.359708  0.057138  -0.081393  -0.358458  0.929991  -0.018092  0.004019  -0.001193  -0.228171  0.192148  -0.517288  1.000000  
65.870089 0.013042  -0.008090  -0.000934  0.355582  0.861460  0.362557  -0.931094  0.360275  0.057143  -0.081393  -0.357894  0.930208  -0.018373  0.003909  -0.001082  -0.243935  0.194479  -0.523823  1.000000  
65.871280 0.013023  -0.008086  -0.000934  0.356157  0.861457  0.361999  -0.930874  0.360842  0.057149  -0.081393  -0.357329  0.930425  -0.018375  0.003832  -0.000992  -0.258048  0.191361  -0.528534  1.000000  
65.872405 0.012997  -0.008081  -0.000935  0.356923  0.861379  0.361429  -0.930581  0.361586  0.057227  -0.081393  -0.356765  0.930642  -0.018731  0.003753  -0.000992  -0.274254  0.196940  -0.543595  1.000000  
65.873589 0.012972  -0.008077  -0.000934  0.357690  0.861300  0.360860  -0.930287  0.362330  0.057305  -0.081393  -0.356201  0.930858  -0.019035  0.003665  -0.000896  -0.286013  0.202170  -0.557830  1.000000  
65.874839 0.012947  -0.008073  -0.000935  0.358264  0.861295  0.360302  -0.930066  0.362896  0.057308  -0.081393  -0.355636  0.931074  -0.019329  0.003573  -0.000734  -0.299296  0.202793  -0.559726  1.000000  
65.875840 0.012926  -0.008071  -0.000933  0.358842  0.861306  0.359699  -0.929854  0.363419  0.057426  -0.081260  -0.355075  0.931299  -0.019542  0.003454  -0.000504  -0.312046  0.207100  -0.559240  1.000000  
65.876904 0.012905  -0.008068  -0.000932  0.359608  0.861181  0.359234  -0.929558  0.364156  0.057546  -0.081260  -0.354623  0.931472  -0.019656  0.003376  -0.000285  -0.324432  0.212762  -0.574472  1.000000  
65.878091 0.012880  -0.008065  -0.000931  0.360373  0.861142  0.358560  -0.929262  0.364907  0.057576  -0.081260  -0.353945  0.931729  -0.019975  0.003283  -0.000041  -0.336805  0.215396  -0.582267  1.000000  
65.879360 0.012853  -0.008062  -0.000928  0.360947  0.861177  0.357898  -0.929039  0.365481  0.057532  -0.081260  -0.353267  0.931987  -0.020203  0.003150  0.000177  -0.352873  0.219184  -0.580422  1.000000  
65.880598 0.012827  -0.008059  -0.000927  0.361712  0.861136  0.357224  -0.928742  0.366232  0.057560  -0.081260  -0.352589  0.932244  -0.020400  0.003010  0.000314  -0.368729  0.221453  -0.587150  1.000000  
65.881848 0.012799  -0.008058  -0.000926  0.362286  0.861170  0.356561  -0.928518  0.366806  0.057513  -0.081260  -0.351910  0.932500  -0.020571  0.002823  0.000419  -0.381496  0.218642  -0.580798  1.000000  
65.882848 0.012778  -0.008055  -0.000925  0.362859  0.861159  0.356004  -0.928294  0.367372  0.057511  -0.081260  -0.351344  0.932713  -0.020662  0.002756  0.000479  -0.390274  0.219247  -0.583014  1.000000  
65.884095 0.012751  -0.008054  -0.000925  0.363623  0.861115  0.355330  -0.927995  0.368123  0.057536  -0.081260  -0.350666  0.932969  -0.020807  0.002616  0.000589  -0.405387  0.224767  -0.585892  1.000000  
65.885338 0.012725  -0.008052  -0.000923  0.364387  0.861070  0.354655  -0.927695  0.368874  0.057560  -0.081260  -0.349986  0.933224  -0.020866  0.002423  0.000697  -0.413682  0.225079  -0.587665  1.000000  
65.886339 0.012704  -0.008050  -0.000922  0.364960  0.861057  0.354098  -0.927470  0.369441  0.057555  -0.081260  -0.349420  0.933436  -0.020919  0.002314  0.000861  -0.426871  0.225389  -0.589222  1.000000  
65.887344 0.012683  -0.008049  -0.000920  0.365724  0.860967  0.353528  -0.927169  0.370185  0.057622  -0.081260  -0.348854  0.933647  -0.021030  0.002174  0.001012  -0.437409  0.230582  -0.591075  1.000000  
65.888592 0.012657  -0.008047  -0.000917  0.366487  0.860962  0.352750  -0.926868  0.370943  0.057598  -0.081260  -0.348061  0.933943  -0.021004  0.001972  0.001212  -0.449658  0.230198  -0.591255  1.000000  
65.889595 0.012636  -0.008046  -0.000914  0.367251  0.860912  0.352076  -0.926566  0.371694  0.057618  -0.081260  -0.347382  0.934196  -0.021035  0.001876  0.001428  -0.465392  0.232360  -0.597800  1.000000  
65.890839 0.012610  -0.008045  -0.000909  0.368013  0.860904  0.351297  -0.926263  0.372452  0.057592  -0.081260  -0.346588  0.934491  -0.021069  0.001706  0.001620  -0.477676  0.231988  -0.598023  1.000000  
65.891841 0.012590  -0.008044  -0.000906  0.368776  0.860853  0.350623  -0.925960  0.373202  0.057610  -0.081260  -0.345908  0.934743  -0.021131  0.001554  0.001787  -0.488777  0.234631  -0.605974  1.000000  
65.893088 0.012564  -0.008044  -0.000902  0.369538  0.860843  0.349845  -0.925656  0.373960  0.057581  -0.081260  -0.345114  0.935036  -0.021064  0.001374  0.001912  -0.505916  0.233863  -0.605057  1.000000  
65.894089 0.012544  -0.008044  -0.000898  0.370301  0.860789  0.349171  -0.925351  0.374711  0.057596  -0.081260  -0.344434  0.935287  -0.020985  0.001230  0.002097  -0.513151  0.233948  -0.606394  1.000000  
65.895095 0.012523  -0.008044  -0.000895  0.371062  0.860691  0.348601  -0.925046  0.375455  0.057656  -0.081260  -0.343866  0.935496  -0.021014  0.001106  0.002206  -0.521399  0.235516  -0.611452  1.000000  
65.896158 0.012501  -0.008045  -0.000891  0.371828  0.860652  0.347881  -0.924750  0.376163  0.057786  -0.081127  -0.343189  0.935756  -0.020899  0.000889  0.002390  -0.531924  0.241285  -0.615080  1.000000  
65.897346 0.012475  -0.008045  -0.000887  0.372590  0.860680  0.346998  -0.924443  0.376928  0.057706  -0.081127  -0.342281  0.936089  -0.020911  0.000748  0.002588  -0.549384  0.241360  -0.616590  1.000000  
65.898593 0.012449  -0.008046  -0.000882  0.373541  0.860585  0.346208  -0.924059  0.377863  0.057743  -0.081127  -0.341486  0.936379  -0.020812  0.000595  0.002866  -0.556956  0.243324  -0.623202  1.000000  
65.899845 0.012423  -0.008047  -0.000877  0.374302  0.860609  0.345325  -0.923751  0.378627  0.057660  -0.081127  -0.340577  0.936710  -0.020851  0.000358  0.003207  -0.568570  0.245227  -0.629794  1.000000  
65.901089 0.012396  -0.008049  -0.000872  0.375062  0.860590  0.344547  -0.923443  0.379385  0.057623  -0.081127  -0.339782  0.936999  -0.020925  0.000118  0.003424  -0.575149  0.246746  -0.635316  1.000000  
65.902090 0.012374  -0.008049  -0.000867  0.375823  0.860528  0.343873  -0.923134  0.380135  0.057630  -0.081127  -0.339100  0.937246  -0.021036  0.000008  0.003599  -0.580259  0.247712  -0.639199  1.000000  
65.903340 0.012348  -0.008051  -0.000860  0.376777  0.860487  0.342932  -0.922756  0.381035  0.057730  -0.080993  -0.338194  0.937585  -0.020964  -0.000270  0.003830  -0.592050  0.252915  -0.641803  1.000000  
65.904611 0.012321  -0.008053  -0.000855  0.377726  0.860426  0.342037  -0.922368  0.381977  0.057712  -0.080993  -0.337284  0.937912  -0.021003  -0.000526  0.003906  -0.602710  0.257014  -0.654453  1.000000  
65.905656 0.012298  -0.008056  -0.000851  0.378486  0.860401  0.341259  -0.922057  0.382735  0.057669  -0.080993  -0.336487  0.938198  -0.021024  -0.000698  0.003895  -0.609398  0.254321  -0.661640  1.000000  
65.906838 0.012271  -0.008059  -0.000845  0.379439  0.860355  0.340317  -0.921677  0.383635  0.057764  -0.080860  -0.335580  0.938535  -0.021264  -0.000969  0.004012  -0.622817  0.259459  -0.664236  1.000000  
65.907904 0.012248  -0.008061  -0.000841  0.380198  0.860327  0.339539  -0.921364  0.384392  0.057718  -0.080860  -0.334783  0.938819  -0.021300  -0.001143  0.004139  -0.629285  0.259933  -0.667001  1.000000  
65.909110 0.012220  -0.008064  -0.000835  0.381150  0.860277  0.338597  -0.920982  0.385292  0.057810  -0.080726  -0.333876  0.939154  -0.021532  -0.001304  0.004234  -0.637789  0.268932  -0.680134  1.000000  
65.910338 0.012191  -0.008067  -0.000827  0.381912  0.860305  0.337666  -0.920678  0.386016  0.057830  -0.080593  -0.332968  0.939488  -0.021765  -0.001579  0.004487  -0.644175  0.272735  -0.679653  1.000000  
65.911404 0.012168  -0.008070  -0.000820  0.382675  0.860290  0.336840  -0.920373  0.386732  0.057896  -0.080460  -0.332174  0.939780  -0.021827  -0.001683  0.004685  -0.652241  0.278084  -0.682497  1.000000  
65.912590 0.012139  -0.008072  -0.000812  0.383626  0.860276  0.335793  -0.919988  0.387640  0.057935  -0.080326  -0.331151  0.940152  -0.022067  -0.001782  0.004947  -0.666857  0.287071  -0.696303  1.000000  
65.913847 0.012109  -0.008075  -0.000804  0.384573  0.860202  0.334899  -0.919593  0.388582  0.057904  -0.080326  -0.330239  0.940473  -0.022339  -0.001907  0.005189  -0.672317  0.288740  -0.702284  1.000000  
65.915094 0.012079  -0.008078  -0.000795  0.385523  0.860183  0.333851  -0.919207  0.389490  0.057940  -0.080193  -0.329215  0.940843  -0.022565  -0.002013  0.005406  -0.683961  0.294647  -0.707422  1.000000  
65.916096 0.012055  -0.008080  -0.000787  0.386284  0.860162  0.333024  -0.918899  0.390207  0.057999  -0.080060  -0.328420  0.941133  -0.022755  -0.002095  0.005600  -0.691582  0.300697  -0.712573  1.000000  
65.917344 0.012024  -0.008083  -0.000780  0.387238  0.860157  0.331928  -0.918520  0.391075  0.058147  -0.079793  -0.327399  0.941511  -0.023036  -0.002248  0.005733  -0.700492  0.308756  -0.710487  1.000000  
65.918589 0.011993  -0.008086  -0.000771  0.387999  0.860173  0.330996  -0.918211  0.391799  0.058156  -0.079660  -0.326489  0.941838  -0.023359  -0.002259  0.005980  -0.705856  0.311953  -0.709305  1.000000  
65.919594 0.011967  -0.008088  -0.000764  0.388759  0.860148  0.330169  -0.917901  0.392517  0.058212  -0.079526  -0.325693  0.942125  -0.023633  -0.002341  0.006101  -0.712201  0.315787  -0.707331  1.000000  
65.920649 0.011941  -0.008092  -0.000757  0.389519  0.860082  0.329446  -0.917590  0.393227  0.058313  -0.079393  -0.325010  0.942372  -0.023812  -0.002399  0.006311  -0.710307  0.321202  -0.711152  1.000000  
65.921865 0.011909  -0.008094  -0.000747  0.390471  0.860070  0.328348  -0.917208  0.394096  0.058454  -0.079126  -0.323988  0.942746  -0.024130  -0.002370  0.006573  -0.719389  0.329354  -0.709286  1.000000  
65.923089 0.011877  -0.008098  -0.000736  0.391419  0.859999  0.327404  -0.916816  0.394999  0.058525  -0.078993  -0.323077  0.943070  -0.024449  -0.002463  0.006903  -0.723604  0.335551  -0.715213  1.000000  
65.924153 0.011851  -0.008100  -0.000727  0.392178  0.859968  0.326576  -0.916503  0.395717  0.058575  -0.078859  -0.322279  0.943354  -0.024581  -0.002435  0.007177  -0.726093  0.338462  -0.712368  1.000000  
65.925400 0.011818  -0.008104  -0.000716  0.393130  0.859950  0.325477  -0.916118  0.396587  0.058710  -0.078592  -0.321256  0.943725  -0.024851  -0.002457  0.007359  -0.734681  0.342143  -0.711499  1.000000  
65.926620 0.011785  -0.008106  -0.000704  0.394081  0.859930  0.324378  -0.915732  0.397457  0.058843  -0.078326  -0.320232  0.944095  -0.025173  -0.002456  0.007646  -0.739565  0.350215  -0.709555  1.000000  
65.927657 0.011758  -0.008108  -0.000694  0.394839  0.859894  0.323550  -0.915417  0.398176  0.058888  -0.078192  -0.319434  0.944377  -0.025265  -0.002395  0.007835  -0.742230  0.355745  -0.713971  1.000000  
65.928845 0.011725  -0.008110  -0.000682  0.395790  0.859870  0.322450  -0.915029  0.399047  0.059017  -0.077926  -0.318410  0.944745  -0.025595  -0.002308  0.008143  -0.751641  0.366641  -0.719496  1.000000  
65.930112 0.011692  -0.008112  -0.000668  0.396924  0.859745  0.321388  -0.914549  0.400135  0.059095  -0.077792  -0.317381  0.945102  -0.025790  -0.002295  0.008485  -0.756471  0.371664  -0.725281  1.000000  
65.931345 0.011657  -0.008114  -0.000655  0.398061  0.859673  0.320171  -0.914077  0.401191  0.059237  -0.077525  -0.316241  0.945506  -0.026129  -0.002241  0.008765  -0.763820  0.383923  -0.735918  1.000000  
65.932592 0.011623  -0.008116  -0.000640  0.399198  0.859521  0.319163  -0.913604  0.402233  0.059474  -0.077259  -0.315330  0.945832  -0.026335  -0.002155  0.009246  -0.767174  0.393800  -0.739566  1.000000  
65.933593 0.011595  -0.008117  -0.000628  0.399959  0.859494  0.318283  -0.913294  0.402914  0.059627  -0.076992  -0.314534  0.946119  -0.026534  -0.002068  0.009565  -0.770246  0.398421  -0.738151  1.000000  
65.934839 0.011559  -0.008120  -0.000612  0.401095  0.859376  0.317169  -0.912818  0.403964  0.059811  -0.076725  -0.313507  0.946481  -0.026850  -0.002026  0.010035  -0.770271  0.408616  -0.742626  1.000000  
65.935845 0.011530  -0.008120  -0.000598  0.401851  0.859367  0.316235  -0.912496  0.404691  0.059795  -0.076592  -0.312592  0.946795  -0.027127  -0.001872  0.010531  -0.777888  0.407646  -0.742357  1.000000  
65.936917 0.011501  -0.008122  -0.000585  0.402798  0.859252  0.315341  -0.912101  0.405550  0.060008  -0.076325  -0.311794  0.947079  -0.027105  -0.001800  0.010830  -0.776107  0.417039  -0.745022  1.000000  
65.938096 0.011464  -0.008124  -0.000567  0.403745  0.859211  0.314239  -0.911705  0.406424  0.060120  -0.076058  -0.310766  0.947438  -0.027540  -0.001688  0.011336  -0.781834  0.421325  -0.745432  1.000000  
65.939112 0.011434  -0.008125  -0.000552  0.404687  0.859076  0.313396  -0.911298  0.407321  0.060214  -0.075925  -0.309965  0.947712  -0.027885  -0.001653  0.011640  -0.781371  0.427189  -0.750894  1.000000  
65.940339 0.011396  -0.008127  -0.000534  0.405633  0.859031  0.312293  -0.910899  0.408196  0.060323  -0.075658  -0.308936  0.948069  -0.028198  -0.001568  0.012160  -0.785220  0.432977  -0.756569  1.000000  
65.941399 0.011366  -0.008128  -0.000520  0.406579  0.858909  0.311398  -0.910500  0.409056  0.060528  -0.075391  -0.308138  0.948350  -0.028363  -0.001453  0.012446  -0.785814  0.437419  -0.762071  1.000000  
65.942592 0.011328  -0.008130  -0.000502  0.407524  0.858823  0.310399  -0.910099  0.409923  0.060683  -0.075124  -0.307223  0.948668  -0.028835  -0.001440  0.012906  -0.784713  0.442165  -0.760737  1.000000  
65.943846 0.011288  -0.008131  -0.000482  0.408660  0.858704  0.309230  -0.909622  0.410938  0.060965  -0.074724  -0.306197  0.949031  -0.029208  -0.001406  0.013372  -0.785546  0.454901  -0.763708  1.000000  
65.944906 0.011256  -0.008133  -0.000465  0.409601  0.858560  0.308386  -0.909210  0.411837  0.061049  -0.074590  -0.305394  0.949300  -0.029467  -0.001407  0.013747  -0.782351  0.456952  -0.768850  1.000000  
65.946109 0.011216  -0.008134  -0.000444  0.410736  0.858400  0.307321  -0.908731  0.412845  0.061377  -0.074190  -0.304482  0.949625  -0.029923  -0.001335  0.014286  -0.779347  0.463381  -0.775745  1.000000  
65.947344 0.011173  -0.008136  -0.000423  0.411683  0.858322  0.306267  -0.908335  0.413677  0.061639  -0.073790  -0.303569  0.949948  -0.030491  -0.001371  0.014702  -0.777022  0.469702  -0.773803  1.000000  
65.948345 0.011139  -0.008138  -0.000404  0.412626  0.858189  0.305370  -0.907928  0.414539  0.061834  -0.073523  -0.302768  0.950224  -0.030890  -0.001426  0.015159  -0.778947  0.479280  -0.785700  1.000000  
65.949346 0.011104  -0.008140  -0.000387  0.413386  0.858157  0.304432  -0.907615  0.415188  0.062080  -0.073123  -0.301970  0.950509  -0.031322  -0.001430  0.015450  -0.779321  0.487238  -0.783428  1.000000  
65.950593 0.011060  -0.008141  -0.000363  0.414515  0.858008  0.303313  -0.907122  0.416242  0.062233  -0.072856  -0.300938  0.950857  -0.031852  -0.001433  0.015942  -0.785664  0.491992  -0.790532  1.000000  
65.951846 0.011015  -0.008144  -0.000339  0.415647  0.857874  0.302141  -0.906635  0.417260  0.062499  -0.072455  -0.299909  0.951212  -0.032556  -0.001472  0.016445  -0.784431  0.496883  -0.795177  1.000000  
65.953105 0.010969  -0.008146  -0.000314  0.416779  0.857738  0.300968  -0.906148  0.418279  0.062762  -0.072055  -0.298879  0.951567  -0.033217  -0.001490  0.016929  -0.786180  0.508041  -0.798623  1.000000  
65.954152 0.010932  -0.008148  -0.000294  0.417719  0.857595  0.300068  -0.905736  0.419143  0.062947  -0.071788  -0.298077  0.951839  -0.033377  -0.001493  0.017187  -0.787344  0.512042  -0.804458  1.000000  
65.955402 0.010885  -0.008150  -0.000269  0.418668  0.857557  0.298853  -0.905340  0.419950  0.063260  -0.071254  -0.297049  0.952200  -0.034006  -0.001556  0.017689  -0.784423  0.518776  -0.802842  1.000000  
65.956601 0.010837  -0.008153  -0.000242  0.419798  0.857377  0.297782  -0.904848  0.420963  0.063568  -0.070854  -0.296133  0.952515  -0.034847  -0.001610  0.018347  -0.783953  0.525514  -0.808466  1.000000  
65.957838 0.010788  -0.008155  -0.000215  0.420745  0.857299  0.296670  -0.904450  0.421763  0.063927  -0.070320  -0.295220  0.952838  -0.035529  -0.001670  0.018870  -0.778774  0.535147  -0.806120  1.000000  
65.959151 0.010738  -0.008157  -0.000187  0.421873  0.857150  0.295494  -0.903955  0.422785  0.064178  -0.069920  -0.294188  0.953187  -0.036066  -0.001738  0.019269  -0.777220  0.541577  -0.802099  1.000000  
65.960408 0.010686  -0.008161  -0.000159  0.423006  0.857016  0.294262  -0.903467  0.423771  0.064543  -0.069386  -0.293158  0.953543  -0.036837  -0.001860  0.019802  -0.777572  0.551706  -0.807034  1.000000  
65.961591 0.010634  -0.008164  -0.000131  0.424137  0.856843  0.293134  -0.902977  0.424751  0.064956  -0.068852  -0.292244  0.953862  -0.037605  -0.001950  0.020278  -0.776289  0.557880  -0.805962  1.000000  
65.962842 0.010582  -0.008167  -0.000103  0.425268  0.856704  0.291901  -0.902486  0.425739  0.065315  -0.068318  -0.291213  0.954216  -0.038321  -0.001990  0.020700  -0.776576  0.569735  -0.802498  1.000000  
65.963846 0.010539  -0.008170  -0.000080  0.426026  0.856667  0.290902  -0.902168  0.426359  0.065655  -0.067784  -0.290413  0.954498  -0.038840  -0.002099  0.021015  -0.775667  0.580105  -0.800355  1.000000  
65.965096 0.010485  -0.008174  -0.000050  0.427341  0.856435  0.289653  -0.901586  0.427525  0.066069  -0.067250  -0.289381  0.954849  -0.039542  -0.002218  0.021515  -0.775477  0.589845  -0.804806  1.000000  
65.966346 0.010429  -0.008178  -0.000021  0.428470  0.856253  0.288521  -0.901090  0.428508  0.066473  -0.066716  -0.288465  0.955163  -0.040326  -0.002352  0.021850  -0.771866  0.597664  -0.802822  1.000000  
65.967594 0.010374  -0.008181  0.000009  0.429787  0.856032  0.287215  -0.900511  0.429641  0.066996  -0.066048  -0.287435  0.955520  -0.040998  -0.002407  0.022268  -0.774111  0.612125  -0.814013  1.000000  
65.968863 0.010317  -0.008185  0.000041  0.430918  0.855861  0.286026  -0.900019  0.430590  0.067510  -0.065381  -0.286520  0.955841  -0.041807  -0.002566  0.022738  -0.767782  0.625922  -0.809347  1.000000  
65.970089 0.010260  -0.008190  0.000072  0.432234  0.855634  0.284718  -0.899437  0.431725  0.068027  -0.064713  -0.285489  0.956195  -0.042470  -0.002681  0.023160  -0.767278  0.642056  -0.819241  1.000000  
65.971155 0.010214  -0.008193  0.000098  0.433174  0.855497  0.283699  -0.899022  0.432526  0.068414  -0.064179  -0.284687  0.956470  -0.042747  -0.002807  0.023310  -0.767488  0.649804  -0.816948  1.000000  
65.972421 0.010155  -0.008198  0.000131  0.434303  0.855319  0.282506  -0.898525  0.433478  0.068920  -0.063512  -0.283771  0.956787  -0.043359  -0.002934  0.023716  -0.765531  0.662276  -0.818140  1.000000  
65.973587 0.010094  -0.008204  0.000164  0.435616  0.855084  0.281194  -0.897936  0.434615  0.069428  -0.062844  -0.282738  0.957136  -0.044603  -0.003169  0.024319  -0.768876  0.674646  -0.823400  1.000000  
65.974592 0.010046  -0.008208  0.000189  0.436558  0.854957  0.280116  -0.897525  0.435385  0.069924  -0.062176  -0.281937  0.957416  -0.044993  -0.003281  0.024516  -0.771237  0.688439  -0.822088  1.000000  
65.975846 0.009984  -0.008213  0.000223  0.437688  0.854823  0.278760  -0.897030  0.436314  0.070484  -0.061375  -0.280906  0.957771  -0.045484  -0.003429  0.024766  -0.773115  0.702738  -0.817573  1.000000  
65.977088 0.009921  -0.008219  0.000256  0.439002  0.854562  0.277490  -0.896442  0.437412  0.071152  -0.060574  -0.279990  0.958090  -0.046151  -0.003601  0.025060  -0.769611  0.719006  -0.825600  1.000000  
65.978337 0.009858  -0.008225  0.000290  0.440315  0.854332  0.276116  -0.895852  0.438520  0.071764  -0.059772  -0.278957  0.958441  -0.046961  -0.003766  0.025475  -0.773883  0.733043  -0.829121  1.000000  
65.979340 0.009807  -0.008230  0.000318  0.441439  0.854073  0.275122  -0.895343  0.439460  0.072360  -0.059105  -0.278271  0.958682  -0.047412  -0.003897  0.025817  -0.769424  0.744876  -0.840198  1.000000  
65.980345 0.009755  -0.008234  0.000347  0.442377  0.853935  0.274038  -0.894923  0.440234  0.072844  -0.058437  -0.277468  0.958956  -0.047899  -0.003995  0.026110  -0.768473  0.761040  -0.837280  1.000000  
65.981595 0.009690  -0.008240  0.000382  0.443872  0.853573  0.272747  -0.894235  0.441512  0.073557  -0.057635  -0.276550  0.959270  -0.048553  -0.004152  0.026447  -0.764165  0.777150  -0.847491  1.000000  
65.982848 0.009624  -0.008247  0.000419  0.445180  0.853332  0.271366  -0.893636  0.442624  0.074156  -0.056834  -0.275515  0.959615  -0.049256  -0.004323  0.026915  -0.764503  0.791311  -0.851289  1.000000  
65.983851 0.009571  -0.008252  0.000449  0.446117  0.853188  0.270279  -0.893211  0.443401  0.074633  -0.056166  -0.274711  0.959885  -0.049819  -0.004426  0.027247  -0.766212  0.804807  -0.849472  1.000000  
65.985089 0.009503  -0.008258  0.000486  0.447427  0.852925  0.268940  -0.892613  0.444474  0.075395  -0.055231  -0.273793  0.960201  -0.050455  -0.004561  0.027617  -0.763481  0.820596  -0.858019  1.000000  
65.986090 0.009448  -0.008264  0.000517  0.448549  0.852701  0.267777  -0.892099  0.445395  0.076038  -0.054429  -0.272990  0.960476  -0.051279  -0.004742  0.028057  -0.762236  0.835531  -0.866931  1.000000  
65.987150 0.009393  -0.008269  0.000548  0.449483  0.852551  0.266685  -0.891670  0.446175  0.076508  -0.053761  -0.272184  0.960742  -0.051730  -0.004859  0.028300  -0.763310  0.845926  -0.863274  1.000000  
65.988365 0.009323  -0.008276  0.000586  0.450977  0.852205  0.265268  -0.890979  0.447394  0.077431  -0.052692  -0.271267  0.961061  -0.052175  -0.004919  0.028601  -0.763018  0.870471  -0.876659  1.000000  
65.989598 0.009252  -0.008283  0.000625  0.452283  0.851963  0.263818  -0.890372  0.448480  0.078126  -0.051757  -0.270231  0.961403  -0.052938  -0.005046  0.029083  -0.767791  0.884849  -0.884324  1.000000  
