1-Time 2-Px 3-Py 4-Pz 5-R11 6-R21 7-R31 8-R12 9-R22 10-R32 11-R13 12-R23 13-R33 14-Vx 15-Vy 16-Vz 17-Wx 18-Wy 19-Wz 20-state
108.255093 0.015562  0.007132  -0.008309  0.738669  0.070450  0.670377  -0.641344  0.379564  0.666790  -0.207475  -0.922479  0.325555  -0.001279  -0.003158  0.000755  0.000000  0.000000  0.000000  1.000000  
108.256292 0.015561  0.007131  -0.008308  0.738822  0.070384  0.670215  -0.641210  0.379417  0.667002  -0.207345  -0.922545  0.325452  -0.001239  -0.001467  0.001117  0.000000  0.000000  0.000000  1.000000  
108.257524 0.015550  0.007121  -0.008299  0.738822  0.070384  0.670215  -0.641210  0.379417  0.667002  -0.207345  -0.922545  0.325452  -0.005617  -0.004996  0.004397  0.000000  0.000000  0.000000  1.000000  
108.258524 0.015540  0.007113  -0.008291  0.738822  0.070384  0.670215  -0.641210  0.379417  0.667002  -0.207345  -0.922545  0.325452  -0.006994  -0.005993  0.005383  0.000000  0.000000  0.000000  1.000000  
108.259776 0.015530  0.007105  -0.008284  0.738843  0.070477  0.670182  -0.641228  0.379336  0.667031  -0.207214  -0.922571  0.325462  -0.007097  -0.005940  0.005579  0.000000  0.000000  0.000000  1.000000  
108.261026 0.015522  0.007100  -0.008278  0.738843  0.070477  0.670182  -0.641228  0.379336  0.667031  -0.207214  -0.922571  0.325462  -0.007033  -0.005571  0.005366  0.000000  0.000000  0.000000  1.000000  
108.262274 0.015510  0.007094  -0.008272  0.738843  0.070396  0.670191  -0.641228  0.379255  0.667077  -0.207214  -0.922610  0.325350  -0.007482  -0.005517  0.005287  0.000000  0.000000  0.000000  1.000000  
108.263275 0.015499  0.007088  -0.008266  0.738843  0.070396  0.670191  -0.641228  0.379255  0.667077  -0.207214  -0.922610  0.325350  -0.007902  -0.005556  0.005300  0.000000  0.000000  0.000000  1.000000  
108.264529 0.015489  0.007083  -0.008261  0.738843  0.070396  0.670191  -0.641228  0.379255  0.667077  -0.207214  -0.922610  0.325350  -0.007984  -0.005354  0.005125  0.000000  0.000000  0.000000  1.000000  
108.265531 0.015482  0.007079  -0.008257  0.738975  0.070237  0.670062  -0.641076  0.379189  0.667261  -0.207214  -0.922650  0.325238  -0.007822  -0.005201  0.005035  0.000000  0.000000  0.000000  1.000000  
108.266803 0.015473  0.007073  -0.008251  0.738975  0.070237  0.670062  -0.641076  0.379189  0.667261  -0.207214  -0.922650  0.325238  -0.007771  -0.005170  0.004976  0.000000  0.000000  0.000000  1.000000  
108.268030 0.015461  0.007065  -0.008243  0.738843  0.070233  0.670208  -0.641228  0.379093  0.667169  -0.207214  -0.922689  0.325126  -0.007947  -0.005266  0.005128  0.000000  0.000000  0.000000  1.000000  
108.269275 0.015447  0.007057  -0.008234  0.738843  0.070233  0.670208  -0.641228  0.379093  0.667169  -0.207214  -0.922689  0.325126  -0.008223  -0.005394  0.005330  0.000000  0.000000  0.000000  1.000000  
108.270528 0.015431  0.007043  -0.008222  0.738975  0.070074  0.670079  -0.641076  0.379027  0.667353  -0.207214  -0.922729  0.325014  -0.008772  -0.005942  0.005754  0.000000  0.000000  0.000000  1.000000  
108.271786 0.015411  0.007025  -0.008209  0.738975  0.069993  0.670088  -0.641076  0.378946  0.667399  -0.207214  -0.922768  0.324902  -0.009737  -0.006822  0.006406  0.000000  0.000000  0.000000  1.000000  
108.273025 0.015391  0.007006  -0.008195  0.738975  0.069912  0.670096  -0.641076  0.378865  0.667445  -0.207214  -0.922808  0.324790  -0.010238  -0.007324  0.006662  0.000000  0.000000  0.000000  1.000000  
108.274029 0.015377  0.006993  -0.008187  0.739107  0.069752  0.669967  -0.640924  0.378798  0.667629  -0.207214  -0.922847  0.324678  -0.010568  -0.007732  0.006755  0.000000  0.000000  0.000000  1.000000  
108.275275 0.015360  0.006981  -0.008178  0.739107  0.069671  0.669976  -0.640924  0.378717  0.667675  -0.207214  -0.922886  0.324566  -0.011196  -0.008232  0.006906  0.000000  0.000000  0.000000  1.000000  
108.276525 0.015343  0.006967  -0.008169  0.739107  0.069590  0.669984  -0.640924  0.378636  0.667721  -0.207214  -0.922926  0.324454  -0.011676  -0.008743  0.007104  0.000000  0.000000  0.000000  1.000000  
108.277777 0.015325  0.006953  -0.008158  0.739239  0.069431  0.669855  -0.640772  0.378569  0.667904  -0.207214  -0.922965  0.324342  -0.011938  -0.009269  0.007480  0.000000  0.000000  0.000000  1.000000  
108.278781 0.015313  0.006943  -0.008146  0.739371  0.069353  0.669717  -0.640620  0.378584  0.668042  -0.207214  -0.922965  0.324342  -0.012096  -0.009547  0.007888  0.000000  0.000000  0.000000  1.000000  
108.279786 0.015303  0.006935  -0.008133  0.739502  0.069193  0.669588  -0.640468  0.378517  0.668226  -0.207214  -0.923004  0.324230  -0.012365  -0.009925  0.008560  0.000000  0.000000  0.000000  1.000000  
108.281025 0.015291  0.006926  -0.008114  0.739634  0.069116  0.669451  -0.640315  0.378531  0.668364  -0.207214  -0.923004  0.324230  -0.012527  -0.010063  0.009371  0.000000  0.000000  0.000000  1.000000  
108.282034 0.015280  0.006916  -0.008099  0.739634  0.069034  0.669459  -0.640315  0.378450  0.668410  -0.207214  -0.923044  0.324118  -0.012808  -0.010386  0.010096  0.000000  0.000000  0.000000  1.000000  
108.283278 0.015262  0.006903  -0.008080  0.739766  0.068956  0.669321  -0.640163  0.378464  0.668548  -0.207214  -0.923044  0.324118  -0.013181  -0.010749  0.010877  0.000000  0.000000  0.000000  1.000000  
108.284279 0.015247  0.006891  -0.008067  0.739766  0.068956  0.669321  -0.640163  0.378464  0.668548  -0.207214  -0.923044  0.324118  -0.013348  -0.011060  0.011178  0.000000  0.000000  0.000000  1.000000  
108.285528 0.015230  0.006875  -0.008052  0.740030  0.068801  0.669046  -0.639858  0.378493  0.668823  -0.207214  -0.923044  0.324118  -0.013376  -0.011176  0.011375  0.000000  0.000000  0.000000  1.000000  
108.286780 0.015213  0.006859  -0.008038  0.740051  0.068894  0.669013  -0.639876  0.378412  0.668852  -0.207083  -0.923070  0.324128  -0.013222  -0.011034  0.011409  0.000000  0.000000  0.000000  1.000000  
108.287789 0.015198  0.006846  -0.008027  0.740182  0.068816  0.668876  -0.639724  0.378426  0.668989  -0.207083  -0.923070  0.324128  -0.013069  -0.010822  0.011385  0.000000  0.000000  0.000000  1.000000  
108.289027 0.015181  0.006833  -0.008014  0.740314  0.068657  0.668746  -0.639572  0.378359  0.669173  -0.207083  -0.923109  0.324016  -0.013070  -0.010695  0.011519  0.000000  0.000000  0.000000  1.000000  
108.290275 0.015165  0.006822  -0.008001  0.740446  0.068579  0.668608  -0.639419  0.378373  0.669311  -0.207083  -0.923109  0.324016  -0.012987  -0.010586  0.011804  0.000000  0.000000  0.000000  1.000000  
108.291275 0.015154  0.006813  -0.007989  0.740467  0.068673  0.668576  -0.639437  0.378293  0.669339  -0.206952  -0.923135  0.324025  -0.012809  -0.010470  0.012191  0.000000  0.000000  0.000000  1.000000  
108.292525 0.015138  0.006801  -0.007971  0.740598  0.068595  0.668438  -0.639285  0.378307  0.669477  -0.206952  -0.923135  0.324025  -0.012662  -0.010300  0.012642  0.000000  0.000000  0.000000  1.000000  
108.293780 0.015124  0.006791  -0.007950  0.740751  0.068610  0.668267  -0.639151  0.378240  0.669642  -0.206821  -0.923161  0.324034  -0.012584  -0.010113  0.013053  0.000000  0.000000  0.000000  1.000000  
108.294782 0.015115  0.006785  -0.007934  0.740751  0.068610  0.668267  -0.639151  0.378240  0.669642  -0.206821  -0.923161  0.324034  -0.012541  -0.009975  0.013291  0.000000  0.000000  0.000000  1.000000  
108.295785 0.015105  0.006778  -0.007919  0.740772  0.068704  0.668234  -0.639169  0.378159  0.669671  -0.206690  -0.923188  0.324043  -0.012592  -0.009979  0.013219  0.000000  0.000000  0.000000  1.000000  
108.297025 0.015091  0.006767  -0.007903  0.740924  0.068801  0.668055  -0.639034  0.378174  0.669791  -0.206559  -0.923174  0.324164  -0.012542  -0.009986  0.013088  0.000000  0.000000  0.000000  1.000000  
108.298031 0.015078  0.006755  -0.007893  0.740924  0.068882  0.668047  -0.639034  0.378255  0.669745  -0.206559  -0.923135  0.324276  -0.012448  -0.010013  0.012696  0.000000  0.000000  0.000000  1.000000  
108.299278 0.015062  0.006743  -0.007879  0.740945  0.069056  0.668006  -0.639052  0.378256  0.669727  -0.206428  -0.923122  0.324397  -0.012366  -0.009913  0.012514  0.000000  0.000000  0.000000  1.000000  
108.300281 0.015048  0.006733  -0.007867  0.740966  0.069231  0.667964  -0.639070  0.378256  0.669710  -0.206297  -0.923108  0.324519  -0.012311  -0.009665  0.012497  0.000000  0.000000  0.000000  1.000000  
108.301282 0.015036  0.006723  -0.007854  0.740987  0.069405  0.667923  -0.639088  0.378257  0.669692  -0.206166  -0.923095  0.324640  -0.012178  -0.009422  0.012659  0.000000  0.000000  0.000000  1.000000  
108.302526 0.015021  0.006711  -0.007836  0.741118  0.069489  0.667768  -0.638936  0.378434  0.669738  -0.206166  -0.923016  0.324864  -0.011995  -0.009195  0.012971  0.000000  0.000000  0.000000  1.000000  
108.303529 0.015009  0.006702  -0.007821  0.741139  0.069664  0.667727  -0.638954  0.378434  0.669721  -0.206035  -0.923003  0.324985  -0.011901  -0.009078  0.013249  0.000000  0.000000  0.000000  1.000000  
108.304529 0.014997  0.006695  -0.007805  0.741160  0.069839  0.667686  -0.638972  0.378435  0.669703  -0.205905  -0.922989  0.325106  -0.011801  -0.008924  0.013673  0.000000  0.000000  0.000000  1.000000  
108.305779 0.014984  0.006686  -0.007784  0.741160  0.070001  0.667669  -0.638972  0.378597  0.669611  -0.205905  -0.922911  0.325330  -0.011700  -0.008702  0.014119  0.000000  0.000000  0.000000  1.000000  
108.307027 0.014971  0.006678  -0.007763  0.741181  0.070256  0.667619  -0.638990  0.378679  0.669548  -0.205774  -0.922858  0.325563  -0.011556  -0.008509  0.014406  0.000000  0.000000  0.000000  1.000000  
108.308275 0.014959  0.006669  -0.007743  0.741181  0.070418  0.667602  -0.638990  0.378842  0.669456  -0.205774  -0.922779  0.325787  -0.011441  -0.008378  0.014408  0.000000  0.000000  0.000000  1.000000  
108.309275 0.014949  0.006662  -0.007729  0.741050  0.070658  0.667722  -0.639142  0.378990  0.669227  -0.205774  -0.922700  0.326010  -0.011375  -0.008385  0.014174  0.000000  0.000000  0.000000  1.000000  
108.310275 0.014939  0.006654  -0.007717  0.741070  0.070913  0.667672  -0.639160  0.379071  0.669163  -0.205643  -0.922646  0.326243  -0.011429  -0.008545  0.013939  0.000000  0.000000  0.000000  1.000000  
108.311525 0.014926  0.006642  -0.007703  0.741070  0.071156  0.667646  -0.639160  0.379315  0.669025  -0.205643  -0.922528  0.326579  -0.011418  -0.008624  0.013862  0.000000  0.000000  0.000000  1.000000  
108.312776 0.014911  0.006628  -0.007687  0.741070  0.071399  0.667620  -0.639160  0.379558  0.668887  -0.205643  -0.922409  0.326915  -0.011338  -0.008723  0.013930  0.000000  0.000000  0.000000  1.000000  
108.313789 0.014900  0.006616  -0.007673  0.741091  0.071736  0.667561  -0.639178  0.379721  0.668777  -0.205512  -0.922316  0.327260  -0.011234  -0.008753  0.014104  0.000000  0.000000  0.000000  1.000000  
108.315034 0.014887  0.006603  -0.007652  0.740960  0.072057  0.667673  -0.639331  0.379949  0.668502  -0.205512  -0.922196  0.327595  -0.011010  -0.008773  0.014588  0.000000  0.000000  0.000000  1.000000  
108.316278 0.014875  0.006590  -0.007630  0.740960  0.072381  0.667638  -0.639331  0.380274  0.668317  -0.205512  -0.922037  0.328043  -0.010746  -0.008838  0.014917  0.000000  0.000000  0.000000  1.000000  
108.317279 0.014867  0.006581  -0.007612  0.740939  0.072530  0.667644  -0.639313  0.380597  0.668150  -0.205643  -0.921892  0.328369  -0.010491  -0.008782  0.015214  0.000000  0.000000  0.000000  1.000000  
108.318534 0.014854  0.006569  -0.007591  0.740807  0.072933  0.667747  -0.639465  0.380907  0.667828  -0.205643  -0.921733  0.328816  -0.010284  -0.008907  0.015386  0.000000  0.000000  0.000000  1.000000  
108.319782 0.014843  0.006558  -0.007570  0.740786  0.073163  0.667745  -0.639447  0.381311  0.667614  -0.205774  -0.921547  0.329254  -0.010120  -0.009061  0.015326  0.000000  0.000000  0.000000  1.000000  
108.321026 0.014832  0.006548  -0.007553  0.740786  0.073487  0.667709  -0.639447  0.381635  0.667429  -0.205774  -0.921387  0.329701  -0.009904  -0.009149  0.015112  0.000000  0.000000  0.000000  1.000000  
108.322027 0.014825  0.006540  -0.007538  0.740634  0.073797  0.667844  -0.639582  0.382024  0.667078  -0.205905  -0.921201  0.330139  -0.009757  -0.009283  0.014942  0.000000  0.000000  0.000000  1.000000  
108.323275 0.014815  0.006528  -0.007521  0.740613  0.074108  0.667833  -0.639564  0.382509  0.666817  -0.206035  -0.920975  0.330688  -0.009606  -0.009416  0.014815  -0.239968  0.002625  0.027464  1.000000  
108.324275 0.014805  0.006518  -0.007506  0.740481  0.074511  0.667934  -0.639716  0.382817  0.666494  -0.206035  -0.920814  0.331135  -0.009638  -0.009696  0.014952  -0.258975  -0.010022  0.031960  1.000000  
108.325525 0.014792  0.006504  -0.007487  0.740460  0.074904  0.667913  -0.639698  0.383383  0.666186  -0.206166  -0.920547  0.331796  -0.009647  -0.009930  0.015264  -0.283234  -0.013000  0.023559  1.000000  
108.326778 0.014779  0.006489  -0.007466  0.740308  0.075295  0.668038  -0.639833  0.383852  0.665787  -0.206297  -0.920320  0.332345  -0.009544  -0.010009  0.015617  -0.302273  -0.027141  0.023870  1.000000  
108.327782 0.014770  0.006476  -0.007449  0.740155  0.075605  0.668172  -0.639967  0.384240  0.665434  -0.206428  -0.920132  0.332782  -0.009368  -0.010105  0.015896  -0.318438  -0.036757  0.017877  1.000000  
108.329025 0.014759  0.006461  -0.007428  0.740003  0.076077  0.668288  -0.640101  0.384789  0.664987  -0.206559  -0.919864  0.333442  -0.009210  -0.010231  0.016062  -0.337447  -0.045769  0.011601  1.000000  
108.330028 0.014750  0.006449  -0.007410  0.739982  0.076390  0.668275  -0.640083  0.385273  0.664724  -0.206690  -0.919636  0.333990  -0.009130  -0.010312  0.016114  -0.353670  -0.048773  0.003218  1.000000  
108.331278 0.014739  0.006434  -0.007391  0.739829  0.076862  0.668390  -0.640217  0.385821  0.664277  -0.206821  -0.919366  0.334650  -0.009083  -0.010433  0.015906  -0.375274  -0.058096  -0.002899  1.000000  
108.332280 0.014731  0.006423  -0.007377  0.739676  0.077254  0.668514  -0.640352  0.386288  0.663876  -0.206952  -0.919137  0.335198  -0.008949  -0.010504  0.015614  -0.393415  -0.072831  -0.002564  1.000000  
108.333282 0.014723  0.006412  -0.007365  0.739523  0.077646  0.668638  -0.640486  0.386755  0.663475  -0.207083  -0.918908  0.335746  -0.008876  -0.010641  0.015323  -0.411170  -0.082245  -0.008718  1.000000  
108.334284 0.014716  0.006402  -0.007352  0.739371  0.078039  0.668761  -0.640620  0.387222  0.663073  -0.207214  -0.918678  0.336294  -0.008699  -0.010736  0.015070  -0.428882  -0.091655  -0.014863  1.000000  
108.335533 0.014707  0.006389  -0.007336  0.739218  0.078593  0.668865  -0.640754  0.387849  0.662576  -0.207345  -0.918366  0.337064  -0.008603  -0.010890  0.014880  -0.450714  -0.099557  -0.016754  1.000000  
108.336777 0.014698  0.006375  -0.007317  0.739044  0.079056  0.669003  -0.640870  0.388556  0.662050  -0.207606  -0.918027  0.337824  -0.008605  -0.011137  0.014983  -0.468687  -0.109608  -0.026876  1.000000  
108.337778 0.014689  0.006363  -0.007302  0.738891  0.079530  0.669115  -0.641004  0.389102  0.661600  -0.207737  -0.917755  0.338483  -0.008652  -0.011329  0.015078  -0.490305  -0.117443  -0.028745  1.000000  
108.339027 0.014677  0.006348  -0.007281  0.738606  0.080247  0.669344  -0.641289  0.389791  0.660916  -0.207868  -0.917400  0.339364  -0.008669  -0.011492  0.015257  -0.516210  -0.126334  -0.030833  1.000000  
108.340275 0.014665  0.006332  -0.007260  0.738321  0.080965  0.669572  -0.641575  0.390480  0.660232  -0.207999  -0.917044  0.340244  -0.008675  -0.011690  0.015378  -0.539041  -0.140972  -0.034314  1.000000  
108.341275 0.014655  0.006319  -0.007244  0.738168  0.081440  0.669684  -0.641709  0.391024  0.659780  -0.208130  -0.916770  0.340902  -0.008624  -0.011717  0.015380  -0.557244  -0.150073  -0.036444  1.000000  
108.342525 0.014644  0.006303  -0.007225  0.737861  0.082066  0.669945  -0.641976  0.391791  0.659065  -0.208392  -0.916387  0.341772  -0.008543  -0.011698  0.015273  -0.580518  -0.165895  -0.040171  1.000000  
108.343787 0.014633  0.006288  -0.007208  0.737576  0.082785  0.670170  -0.642262  0.392477  0.658378  -0.208522  -0.916029  0.342651  -0.008485  -0.011660  0.014923  -0.598756  -0.180215  -0.043512  1.000000  
108.345025 0.014623  0.006274  -0.007191  0.737290  0.083586  0.670385  -0.642547  0.393241  0.657643  -0.208653  -0.915628  0.343641  -0.008457  -0.011620  0.014635  -0.624608  -0.188130  -0.045279  1.000000  
108.346025 0.014614  0.006263  -0.007178  0.737137  0.084144  0.670484  -0.642680  0.393863  0.657141  -0.208784  -0.915310  0.344408  -0.008459  -0.011596  0.014471  -0.642079  -0.195953  -0.047037  1.000000  
108.347275 0.014606  0.006250  -0.007162  0.736719  0.085027  0.670832  -0.643117  0.394608  0.656266  -0.208915  -0.914907  0.345398  -0.008371  -0.011532  0.014356  -0.666620  -0.214907  -0.039950  1.000000  
108.348282 0.014598  0.006239  -0.007149  0.736544  0.085494  0.670964  -0.643232  0.395308  0.655732  -0.209177  -0.914561  0.346154  -0.008335  -0.011560  0.014401  -0.684431  -0.219822  -0.048583  1.000000  
108.349528 0.014590  0.006225  -0.007130  0.736126  0.086460  0.671300  -0.643668  0.396130  0.654807  -0.209307  -0.914114  0.347254  -0.008314  -0.011609  0.014676  -0.713285  -0.238934  -0.041379  1.000000  
108.350528 0.014583  0.006214  -0.007114  0.735840  0.087102  0.671531  -0.643953  0.396731  0.654163  -0.209438  -0.913793  0.348020  -0.008317  -0.011695  0.014813  -0.728236  -0.253161  -0.040739  1.000000  
108.351534 0.014575  0.006201  -0.007097  0.735553  0.087825  0.671750  -0.644237  0.397410  0.653470  -0.209569  -0.913429  0.348896  -0.008354  -0.011799  0.014923  -0.749952  -0.259483  -0.038217  1.000000  
108.352778 0.014565  0.006185  -0.007078  0.735246  0.088620  0.671982  -0.644503  0.398327  0.652649  -0.209831  -0.912953  0.349984  -0.008242  -0.011909  0.014868  -0.773361  -0.275373  -0.041712  1.000000  
108.353789 0.014557  0.006171  -0.007064  0.734959  0.089426  0.672189  -0.644787  0.399083  0.651907  -0.209962  -0.912544  0.350970  -0.008144  -0.011991  0.014697  -0.794930  -0.281642  -0.039123  1.000000  
108.355027 0.014547  0.006155  -0.007047  0.734673  0.090396  0.672372  -0.645071  0.399995  0.651066  -0.210092  -0.912048  0.352177  -0.008019  -0.012007  0.014444  -0.818535  -0.294467  -0.034118  1.000000  
108.356275 0.014537  0.006138  -0.007032  0.734232  0.091357  0.672724  -0.645488  0.400968  0.650054  -0.210354  -0.911525  0.353374  -0.007823  -0.012076  0.014125  -0.846000  -0.308768  -0.033306  1.000000  
108.357278 0.014530  0.006125  -0.007020  0.733945  0.092247  0.672916  -0.645772  0.401799  0.649258  -0.210485  -0.911070  0.354469  -0.007706  -0.012069  0.013914  -0.873320  -0.321439  -0.028289  1.000000  
108.358525 0.014523  0.006110  -0.007003  0.733504  0.093292  0.673253  -0.646188  0.402847  0.648194  -0.210746  -0.910500  0.355774  -0.007492  -0.012107  0.013898  -0.900811  -0.335741  -0.027385  1.000000  
108.359782 0.014516  0.006096  -0.006986  0.733195  0.094337  0.673443  -0.646452  0.403991  0.647218  -0.211008  -0.909886  0.357189  -0.007261  -0.012118  0.013849  -0.930736  -0.343636  -0.028814  1.000000  
108.361025 0.014509  0.006082  -0.006966  0.732753  0.095467  0.673764  -0.646867  0.405113  0.646101  -0.211270  -0.909269  0.358602  -0.007030  -0.012154  0.014136  -0.962435  -0.357983  -0.027836  1.000000  
108.362025 0.014504  0.006071  -0.006950  0.732466  0.096360  0.673950  -0.647150  0.405937  0.645299  -0.211400  -0.908807  0.359695  -0.006880  -0.012173  0.014345  -0.984407  -0.361364  -0.024949  1.000000  
108.363275 0.014498  0.006056  -0.006930  0.732002  0.097483  0.674292  -0.647546  0.407214  0.644097  -0.211793  -0.908116  0.361206  -0.006723  -0.012188  0.014593  -1.015596  -0.377071  -0.028045  1.000000  
108.364529 0.014492  0.006041  -0.006911  0.731560  0.098698  0.674595  -0.647961  0.408407  0.642924  -0.212054  -0.907448  0.362726  -0.006532  -0.012312  0.014568  -1.051373  -0.392818  -0.022934  1.000000  
108.365529 0.014487  0.006028  -0.006896  0.731251  0.099585  0.674800  -0.648224  0.409384  0.642036  -0.212316  -0.906911  0.363916  -0.006357  -0.012424  0.014489  -1.072534  -0.399067  -0.028317  1.000000  
108.366785 0.014480  0.006011  -0.006878  0.730808  0.100803  0.675099  -0.648638  0.410573  0.640858  -0.212577  -0.906239  0.365434  -0.006200  -0.012500  0.014340  -1.107038  -0.408559  -0.025579  1.000000  
108.368030 0.014473  0.005993  -0.006862  0.730343  0.102013  0.675420  -0.649033  0.411916  0.639595  -0.212969  -0.905493  0.367050  -0.005921  -0.012527  0.014078  -1.138772  -0.424509  -0.028523  1.000000  
108.369277 0.014467  0.005975  -0.006847  0.729878  0.103144  0.675751  -0.649427  0.413180  0.638379  -0.213362  -0.904789  0.368555  -0.005738  -0.012639  0.013991  -1.164966  -0.432511  -0.029712  1.000000  
108.370526 0.014462  0.005958  -0.006831  0.729413  0.104358  0.676067  -0.649820  0.414517  0.637110  -0.213754  -0.904038  0.370168  -0.005320  -0.012617  0.014022  -1.196553  -0.448414  -0.032577  1.000000  
108.371778 0.014457  0.005941  -0.006814  0.728835  0.105750  0.676474  -0.650383  0.415750  0.635732  -0.214015  -0.903310  0.371791  -0.005087  -0.012706  0.014115  -1.226070  -0.458868  -0.031007  1.000000  
108.373025 0.014453  0.005925  -0.006796  0.728347  0.106960  0.676808  -0.650756  0.417238  0.634373  -0.214538  -0.902481  0.373499  -0.004825  -0.012770  0.014294  -1.262310  -0.473934  -0.040624  1.000000  
108.374027 0.014451  0.005911  -0.006781  0.727903  0.108188  0.677092  -0.651168  0.418409  0.633178  -0.214799  -0.901792  0.375009  -0.004593  -0.012862  0.014390  -1.292325  -0.481885  -0.041722  1.000000  
108.375275 0.014448  0.005895  -0.006763  0.727414  0.109401  0.677421  -0.651540  0.419891  0.631812  -0.215322  -0.900957  0.376714  -0.004392  -0.013060  0.014317  -1.326669  -0.491548  -0.046904  1.000000  
108.376275 0.014444  0.005881  -0.006749  0.726948  0.110543  0.677737  -0.651932  0.421136  0.630579  -0.215714  -0.900236  0.378210  -0.004260  -0.013239  0.014245  -1.358273  -0.507482  -0.049641  1.000000  
108.377525 0.014441  0.005864  -0.006733  0.726346  0.112019  0.678140  -0.652472  0.422585  0.629049  -0.216106  -0.899374  0.380032  -0.004060  -0.013373  0.013898  -1.388483  -0.517189  -0.054662  1.000000  
108.378775 0.014437  0.005847  -0.006718  0.725722  0.113491  0.678562  -0.652993  0.424185  0.627430  -0.216628  -0.898436  0.381949  -0.003895  -0.013544  0.013579  -1.426155  -0.536677  -0.058365  1.000000  
108.379777 0.014433  0.005831  -0.006707  0.725254  0.114721  0.678856  -0.653382  0.425496  0.626135  -0.217020  -0.897659  0.383549  -0.003817  -0.013740  0.013261  -1.458654  -0.542915  -0.062218  1.000000  
108.380777 0.014430  0.005817  -0.006695  0.724786  0.115869  0.679161  -0.653772  0.426728  0.624888  -0.217412  -0.896927  0.385039  -0.003684  -0.013862  0.013041  -1.485953  -0.554219  -0.064324  1.000000  
108.381781 0.014426  0.005802  -0.006684  0.724161  0.117101  0.679616  -0.654290  0.428090  0.623413  -0.217934  -0.896118  0.386624  -0.003633  -0.013921  0.012946  -1.517453  -0.571778  -0.070915  1.000000  
108.383040 0.014421  0.005784  -0.006668  0.723670  0.118577  0.679883  -0.654659  0.429773  0.621865  -0.218457  -0.895117  0.388641  -0.003447  -0.013892  0.012948  -1.557772  -0.581362  -0.082873  1.000000  
108.384281 0.014417  0.005765  -0.006651  0.723044  0.120227  0.680260  -0.655176  0.431503  0.620121  -0.218979  -0.894064  0.390765  -0.003344  -0.013994  0.013105  -1.598208  -0.597616  -0.085007  1.000000  
108.385530 0.014414  0.005748  -0.006633  0.722282  0.121968  0.680759  -0.655841  0.433201  0.618230  -0.219501  -0.893006  0.392885  -0.003180  -0.014029  0.013262  -1.634043  -0.615421  -0.091172  1.000000  
108.386776 0.014411  0.005730  -0.006615  0.721655  0.123624  0.681125  -0.656357  0.434919  0.616475  -0.220023  -0.891943  0.395003  -0.003060  -0.014040  0.013270  -1.672471  -0.625255  -0.095749  1.000000  
108.387777 0.014409  0.005717  -0.006602  0.721162  0.124863  0.681421  -0.656723  0.436359  0.615066  -0.220545  -0.891067  0.396685  -0.002994  -0.014089  0.013157  -1.698541  -0.636780  -0.104624  1.000000  
108.389028 0.014407  0.005699  -0.006587  0.720534  0.126607  0.681764  -0.657237  0.438141  0.613248  -0.221067  -0.889946  0.398906  -0.002922  -0.014160  0.012890  -1.734314  -0.652877  -0.106390  1.000000  
108.390275 0.014406  0.005681  -0.006575  0.719883  0.128183  0.682157  -0.657730  0.439922  0.611440  -0.221720  -0.888841  0.401002  -0.002814  -0.014226  0.012567  -1.759630  -0.666947  -0.115544  1.000000  
108.391525 0.014403  0.005662  -0.006562  0.719253  0.129850  0.682505  -0.658243  0.441618  0.609664  -0.222241  -0.887757  0.403108  -0.002698  -0.014390  0.012259  -1.793707  -0.676785  -0.119866  1.000000  
108.392525 0.014402  0.005648  -0.006552  0.718623  0.131272  0.682897  -0.658754  0.443087  0.608044  -0.222763  -0.886815  0.404889  -0.002587  -0.014449  0.012095  -1.826845  -0.690609  -0.121142  1.000000  
108.393775 0.014399  0.005627  -0.006538  0.717993  0.133111  0.683204  -0.659265  0.444919  0.606149  -0.223285  -0.885623  0.407204  -0.002490  -0.014588  0.012040  -1.855483  -0.702748  -0.125772  1.000000  
108.395025 0.014397  0.005607  -0.006524  0.717362  0.135036  0.683489  -0.659775  0.446817  0.604195  -0.223807  -0.884375  0.409623  -0.002375  -0.014713  0.012009  -1.893890  -0.710984  -0.125677  1.000000  
108.396025 0.014396  0.005592  -0.006513  0.716730  0.136466  0.683868  -0.660284  0.448270  0.602560  -0.224328  -0.883420  0.411395  -0.002119  -0.014764  0.012009  -1.919535  -0.720711  -0.129989  1.000000  
108.397275 0.014394  0.005571  -0.006497  0.716097  0.138397  0.684142  -0.660793  0.450155  0.600594  -0.224850  -0.882160  0.413807  -0.001989  -0.014901  0.012080  -1.957853  -0.730729  -0.133906  1.000000  
108.398286 0.014394  0.005556  -0.006485  0.715465  0.139916  0.684495  -0.661300  0.451670  0.598895  -0.225371  -0.881146  0.415681  -0.001731  -0.014940  0.011914  -1.991683  -0.744787  -0.134985  1.000000  
108.399304 0.014394  0.005541  -0.006473  0.714990  0.141431  0.684680  -0.661681  0.453129  0.597371  -0.225762  -0.880154  0.417565  -0.001540  -0.014977  0.011788  -2.016147  -0.752340  -0.134927  1.000000  
108.400528 0.014395  0.005522  -0.006460  0.714219  0.143463  0.685061  -0.662334  0.454966  0.595247  -0.226284  -0.878877  0.419966  -0.001314  -0.015068  0.011551  -2.054079  -0.767497  -0.131988  1.000000  
108.401531 0.014395  0.005507  -0.006449  0.713721  0.144896  0.685279  -0.662693  0.456495  0.593676  -0.226805  -0.877848  0.421832  -0.001077  -0.015143  0.011300  -2.078707  -0.771313  -0.138827  1.000000  
108.402775 0.014397  0.005488  -0.006436  0.712950  0.147102  0.685612  -0.663344  0.458461  0.591429  -0.227326  -0.876456  0.424439  -0.000806  -0.015255  0.011051  -2.115101  -0.785426  -0.131811  1.000000  
108.403777 0.014398  0.005473  -0.006426  0.712451  0.148623  0.685802  -0.663701  0.460050  0.589792  -0.227847  -0.875366  0.426404  -0.000620  -0.015311  0.010943  -2.139763  -0.787486  -0.134389  1.000000  
108.405030 0.014400  0.005453  -0.006413  0.711678  0.150835  0.686122  -0.664351  0.462000  0.587532  -0.228368  -0.873959  0.429003  -0.000405  -0.015478  0.010942  -2.179395  -0.800314  -0.130556  1.000000  
108.406275 0.014400  0.005432  -0.006399  0.711041  0.152956  0.686312  -0.664853  0.463973  0.585405  -0.228889  -0.872544  0.431597  -0.000235  -0.015643  0.011044  -2.207958  -0.801983  -0.128922  1.000000  
108.407275 0.014401  0.005414  -0.006387  0.710564  0.154569  0.686446  -0.665229  0.465464  0.583792  -0.229280  -0.871465  0.433566  -0.000076  -0.015852  0.011167  -2.233370  -0.802806  -0.131082  1.000000  
108.408525 0.014401  0.005392  -0.006371  0.709789  0.156708  0.686762  -0.665876  0.467319  0.581568  -0.229801  -0.870089  0.436046  0.000087  -0.015972  0.011379  -2.259759  -0.809197  -0.126240  1.000000  
108.409775 0.014402  0.005369  -0.006357  0.709036  0.159102  0.686990  -0.666543  0.469226  0.579264  -0.230192  -0.868628  0.438746  0.000284  -0.016158  0.011371  -2.288876  -0.814891  -0.117578  1.000000  
108.410775 0.014403  0.005351  -0.006345  0.708419  0.160985  0.687187  -0.667064  0.470806  0.577380  -0.230582  -0.867425  0.440915  0.000446  -0.016314  0.011315  -2.318983  -0.821141  -0.113038  1.000000  
108.411779 0.014404  0.005332  -0.006336  0.707940  0.162774  0.687260  -0.667438  0.472413  0.575633  -0.230973  -0.866216  0.443081  0.000637  -0.016462  0.011113  -2.342108  -0.813397  -0.110095  1.000000  
108.413025 0.014406  0.005310  -0.006325  0.707185  0.165259  0.687444  -0.668102  0.474364  0.573252  -0.231363  -0.864678  0.445873  0.000821  -0.016622  0.010869  -2.378831  -0.824149  -0.098134  1.000000  
108.414025 0.014407  0.005292  -0.006317  0.706727  0.167219  0.687441  -0.668496  0.475947  0.571478  -0.231624  -0.863430  0.448150  0.000919  -0.016839  0.010656  -2.401767  -0.816358  -0.095111  1.000000  
108.415030 0.014410  0.005274  -0.006308  0.706131  0.169195  0.687569  -0.669035  0.477421  0.569615  -0.231884  -0.862231  0.450320  0.001002  -0.017036  0.010493  -2.424952  -0.819041  -0.085729  1.000000  
108.416279 0.014411  0.005252  -0.006296  0.705375  0.171606  0.687748  -0.669698  0.479276  0.567273  -0.232274  -0.860724  0.452993  0.001067  -0.017316  0.010331  -2.451187  -0.821300  -0.072443  1.000000  
108.417530 0.014411  0.005227  -0.006284  0.704617  0.174102  0.687897  -0.670359  0.481190  0.564867  -0.232665  -0.859153  0.455766  0.000925  -0.017665  0.010319  -2.481771  -0.825578  -0.063144  1.000000  
108.418530 0.014411  0.005208  -0.006274  0.704136  0.176153  0.687869  -0.670730  0.482961  0.562912  -0.233055  -0.857741  0.458221  0.000854  -0.017922  0.010343  -2.510576  -0.823665  -0.057086  1.000000  
108.419777 0.014408  0.005182  -0.006261  0.703400  0.178821  0.687933  -0.671411  0.484844  0.560476  -0.233315  -0.856124  0.461102  0.000580  -0.018387  0.010336  -2.540243  -0.821018  -0.047502  1.000000  
108.420789 0.014406  0.005161  -0.006250  0.702801  0.180975  0.687981  -0.671947  0.486415  0.558469  -0.233575  -0.854780  0.463459  0.000400  -0.018624  0.010293  -2.572797  -0.823557  -0.037696  1.000000  
108.422027 0.014402  0.005133  -0.006237  0.702087  0.183731  0.687980  -0.672648  0.488199  0.556063  -0.233706  -0.853173  0.466344  0.000067  -0.019060  0.010191  -2.604275  -0.821926  -0.016188  1.000000  
108.423276 0.014397  0.005104  -0.006225  0.701371  0.186488  0.687968  -0.673349  0.489972  0.553650  -0.233836  -0.851557  0.469224  -0.000273  -0.019480  0.009924  -2.630710  -0.821912  0.001361  1.000000  
108.424525 0.014392  0.005075  -0.006215  0.700655  0.189332  0.687921  -0.674049  0.491801  0.551172  -0.233966  -0.849874  0.472201  -0.000660  -0.019916  0.009631  -2.661166  -0.821778  0.018961  1.000000  
108.425775 0.014387  0.005047  -0.006205  0.699939  0.192260  0.687839  -0.674748  0.493684  0.548627  -0.234096  -0.848123  0.475276  -0.001055  -0.020284  0.009353  -2.689495  -0.814730  0.036109  1.000000  
108.426775 0.014384  0.005023  -0.006198  0.699383  0.194586  0.687750  -0.675324  0.495053  0.546681  -0.234096  -0.846794  0.477640  -0.001371  -0.020654  0.009221  -2.711484  -0.812370  0.057038  1.000000  
108.427777 0.014379  0.004998  -0.006191  0.698826  0.196996  0.687629  -0.675900  0.496480  0.544671  -0.234096  -0.845399  0.480103  -0.001813  -0.021158  0.009088  -2.737131  -0.804771  0.072708  1.000000  
108.429025 0.014373  0.004967  -0.006181  0.698130  0.199927  0.687491  -0.676619  0.498187  0.542214  -0.234096  -0.843705  0.483074  -0.002267  -0.021672  0.009023  -2.764936  -0.797670  0.089282  1.000000  
108.430029 0.014369  0.004942  -0.006174  0.697433  0.202442  0.687462  -0.677337  0.499555  0.540054  -0.234096  -0.842296  0.485528  -0.002717  -0.022153  0.008940  -2.788225  -0.800842  0.113345  1.000000  
108.431278 0.014363  0.004910  -0.006164  0.696736  0.205458  0.687274  -0.678055  0.501306  0.537526  -0.234096  -0.840523  0.488590  -0.003235  -0.022807  0.008852  -2.823981  -0.796540  0.136930  1.000000  
108.432281 0.014356  0.004882  -0.006157  0.696200  0.208036  0.687042  -0.678650  0.502684  0.535483  -0.233966  -0.839065  0.491152  -0.003680  -0.023383  0.008610  -2.847956  -0.787522  0.154892  1.000000  
108.433531 0.014348  0.004848  -0.006149  0.695501  0.211137  0.686804  -0.679366  0.504477  0.532883  -0.233966  -0.837212  0.494304  -0.004234  -0.024022  0.008258  -2.872734  -0.783950  0.178075  1.000000  
108.434777 0.014338  0.004812  -0.006143  0.694683  0.214423  0.686613  -0.680247  0.506135  0.530181  -0.233836  -0.835374  0.497464  -0.004708  -0.024744  0.007799  -2.901137  -0.776954  0.206203  1.000000  
108.436026 0.014328  0.004776  -0.006136  0.693983  0.217360  0.686398  -0.680962  0.507773  0.527691  -0.233836  -0.833619  0.500400  -0.005172  -0.025274  0.007395  -2.918854  -0.773410  0.227714  1.000000  
108.437027 0.014319  0.004746  -0.006132  0.693422  0.219693  0.686222  -0.681533  0.509063  0.525707  -0.233836  -0.832220  0.502723  -0.005523  -0.025795  0.006974  -2.936861  -0.772183  0.244732  1.000000  
108.438275 0.014307  0.004708  -0.006126  0.692602  0.223066  0.685963  -0.682411  0.510746  0.522928  -0.233706  -0.830289  0.505966  -0.006008  -0.026427  0.006604  -2.971338  -0.766335  0.270283  1.000000  
108.439525 0.014295  0.004670  -0.006118  0.691899  0.226254  0.685627  -0.683123  0.512540  0.520236  -0.233706  -0.828319  0.509185  -0.006593  -0.027097  0.006429  -2.995961  -0.758768  0.284742  1.000000  
108.440775 0.014283  0.004633  -0.006109  0.691077  0.229877  0.685251  -0.684000  0.514382  0.517258  -0.233575  -0.826176  0.512714  -0.006969  -0.027574  0.006381  -3.030945  -0.754366  0.307023  1.000000  
108.441777 0.014272  0.004602  -0.006102  0.690513  0.232545  0.684919  -0.684568  0.515882  0.515006  -0.233575  -0.824493  0.515417  -0.007508  -0.028070  0.006416  -3.057111  -0.752685  0.324152  1.000000  
108.443025 0.014259  0.004564  -0.006092  0.689808  0.235735  0.684539  -0.685279  0.517635  0.512296  -0.233575  -0.822486  0.518613  -0.008027  -0.028632  0.006490  -3.076881  -0.745036  0.338173  1.000000  
108.444027 0.014248  0.004532  -0.006083  0.689244  0.238403  0.684184  -0.685847  0.519114  0.510034  -0.233575  -0.820783  0.521304  -0.008453  -0.029081  0.006483  -3.102925  -0.743071  0.355356  1.000000  
108.445275 0.014234  0.004491  -0.006074  0.688418  0.241944  0.683772  -0.686720  0.520837  0.507095  -0.233445  -0.818652  0.524701  -0.008947  -0.029675  0.006479  -3.133681  -0.740719  0.373222  1.000000  
108.446525 0.014220  0.004450  -0.006066  0.687711  0.245217  0.683317  -0.687428  0.522611  0.504303  -0.233445  -0.816546  0.527974  -0.009405  -0.030175  0.006429  -3.161815  -0.732510  0.387364  1.000000  
108.447781 0.014207  0.004408  -0.006058  0.687003  0.248573  0.682817  -0.688135  0.524430  0.501440  -0.233445  -0.814361  0.531337  -0.009796  -0.030703  0.006383  -3.186677  -0.721979  0.405663  1.000000  
108.448782 0.014195  0.004373  -0.006053  0.686458  0.251318  0.682360  -0.688723  0.525786  0.499209  -0.233315  -0.812643  0.534018  -0.010079  -0.031234  0.006384  -3.204327  -0.719549  0.422843  1.000000  
108.450034 0.014182  0.004330  -0.006044  0.685629  0.254858  0.681880  -0.689592  0.527449  0.496245  -0.233185  -0.810460  0.537382  -0.010313  -0.031687  0.006470  -3.230322  -0.716746  0.440558  1.000000  
108.451279 0.014169  0.004286  -0.006035  0.684941  0.258454  0.681218  -0.690320  0.529269  0.493288  -0.233055  -0.808131  0.540934  -0.010448  -0.032180  0.006724  -3.259753  -0.710546  0.451203  1.000000  
108.452527 0.014158  0.004241  -0.006025  0.684274  0.262125  0.680485  -0.691069  0.530995  0.490375  -0.232795  -0.805813  0.544492  -0.010422  -0.032702  0.006974  -3.291961  -0.699328  0.469262  1.000000  
108.453530 0.014149  0.004205  -0.006017  0.683726  0.264866  0.679974  -0.691654  0.532304  0.488126  -0.232665  -0.804051  0.547146  -0.010402  -0.033082  0.007121  -3.313224  -0.695785  0.475314  1.000000  
108.454775 0.014137  0.004159  -0.006006  0.682937  0.268472  0.679353  -0.692565  0.533693  0.485310  -0.232274  -0.801932  0.550413  -0.010377  -0.033676  0.007345  -3.330351  -0.690116  0.496688  1.000000  
108.455783 0.014128  0.004121  -0.005997  0.682388  0.271376  0.678750  -0.693149  0.535098  0.482923  -0.232144  -0.800016  0.553248  -0.010299  -0.034153  0.007458  -3.345455  -0.683476  0.506397  1.000000  
108.457025 0.014117  0.004074  -0.005986  0.681739  0.275114  0.677897  -0.693918  0.536690  0.480044  -0.231754  -0.797669  0.556789  -0.010172  -0.034738  0.007527  -3.375004  -0.674559  0.520712  1.000000  
108.458026 0.014108  0.004036  -0.005977  0.681068  0.278282  0.677278  -0.694663  0.537995  0.477497  -0.231493  -0.795688  0.559724  -0.010036  -0.035226  0.007616  -3.400789  -0.673707  0.534115  1.000000  
108.459275 0.014096  0.003987  -0.005966  0.680396  0.282023  0.676405  -0.695408  0.539691  0.474490  -0.231233  -0.793219  0.563325  -0.009855  -0.035845  0.007680  -3.433462  -0.666774  0.544431  1.000000  
108.460275 0.014087  0.003947  -0.005957  0.679723  0.285106  0.675789  -0.696152  0.540913  0.472001  -0.230973  -0.791283  0.566148  -0.009775  -0.036313  0.007809  -3.455594  -0.661404  0.553684  1.000000  
108.461525 0.014075  0.003897  -0.005945  0.679071  0.288916  0.674826  -0.696918  0.542502  0.469038  -0.230582  -0.788809  0.569748  -0.009641  -0.036868  0.008027  -3.479372  -0.651061  0.566916  1.000000  
108.462525 0.014065  0.003857  -0.005934  0.678396  0.291994  0.674180  -0.697661  0.543697  0.466543  -0.230322  -0.786850  0.572555  -0.009610  -0.037398  0.008407  -3.496603  -0.652315  0.576402  1.000000  
108.463527 0.014056  0.003816  -0.005923  0.677742  0.295063  0.673501  -0.698425  0.544749  0.464166  -0.229931  -0.784975  0.575279  -0.009500  -0.037746  0.008783  -3.510581  -0.648783  0.593445  1.000000  
108.464529 0.014046  0.003774  -0.005911  0.677231  0.298099  0.672678  -0.699049  0.545908  0.461860  -0.229540  -0.783021  0.578091  -0.009460  -0.038263  0.009170  -3.524511  -0.633817  0.602967  1.000000  
108.465531 0.014037  0.003733  -0.005898  0.676719  0.301132  0.671842  -0.699673  0.547056  0.459551  -0.229150  -0.781056  0.580897  -0.009358  -0.038671  0.009554  -3.548502  -0.626996  0.612410  1.000000  
108.466782 0.014025  0.003681  -0.005882  0.675918  0.305120  0.670848  -0.700574  0.548568  0.456365  -0.228759  -0.778444  0.584546  -0.009329  -0.039180  0.009960  -3.589726  -0.621896  0.631448  1.000000  
108.468029 0.014013  0.003627  -0.005867  0.675281  0.309064  0.669683  -0.701358  0.550049  0.453369  -0.228238  -0.775839  0.588202  -0.009351  -0.039711  0.010289  -3.612479  -0.606137  0.641520  1.000000  
108.469277 0.014001  0.003574  -0.005851  0.674499  0.313116  0.668588  -0.702279  0.551448  0.450232  -0.227717  -0.773216  0.591846  -0.009362  -0.040279  0.010677  -3.638592  -0.598863  0.662821  1.000000  
108.470277 0.013992  0.003529  -0.005840  0.674004  0.316207  0.667631  -0.702923  0.552470  0.447969  -0.227196  -0.771226  0.594636  -0.009410  -0.040731  0.010826  -3.640675  -0.583384  0.672168  1.000000  
108.471525 0.013980  0.003473  -0.005826  0.673075  0.320283  0.666625  -0.703981  0.553718  0.444756  -0.226674  -0.768645  0.598166  -0.009452  -0.041390  0.011053  -3.656318  -0.581341  0.697266  1.000000  
108.472775 0.013969  0.003416  -0.005811  0.672309  0.324392  0.665410  -0.704921  0.554991  0.441668  -0.226023  -0.765999  0.601796  -0.009391  -0.041940  0.011253  -3.681887  -0.570948  0.722005  1.000000  
