1-Time 2-Px 3-Py 4-Pz 5-R11 6-R21 7-R31 8-R12 9-R22 10-R32 11-R13 12-R23 13-R33 14-Vx 15-Vy 16-Vz 17-Wx 18-Wy 19-Wz 20-state
80.839468 0.025293  -0.006784  0.012338  0.601898  0.796610  0.055949  -0.788827  0.604004  -0.113712  -0.124377  0.024309  0.991937  0.006144  0.005447  0.003848  0.000000  0.000000  0.000000  1.000000  
80.840485 0.025298  -0.006782  0.012343  0.601898  0.796610  0.055949  -0.788827  0.604004  -0.113712  -0.124377  0.024309  0.991937  0.006598  0.003316  0.007236  0.000000  0.000000  0.000000  1.000000  
80.841734 0.025292  -0.006783  0.012341  0.601898  0.796610  0.055949  -0.788827  0.604004  -0.113712  -0.124377  0.024309  0.991937  -0.000546  0.000547  0.001580  0.000000  0.000000  0.000000  1.000000  
80.842746 0.025282  -0.006786  0.012333  0.601898  0.796610  0.055949  -0.788827  0.604004  -0.113712  -0.124377  0.024309  0.991937  -0.003892  -0.000668  -0.001617  0.000000  0.000000  0.000000  1.000000  
80.843757 0.025275  -0.006787  0.012329  0.601908  0.796615  0.055771  -0.788841  0.603993  -0.113680  -0.124245  0.024430  0.991951  -0.004688  -0.000823  -0.002076  0.000000  0.000000  0.000000  1.000000  
80.844998 0.025273  -0.006784  0.012331  0.601908  0.796615  0.055771  -0.788841  0.603993  -0.113680  -0.124245  0.024430  0.991951  -0.003818  -0.000013  -0.001152  0.000000  0.000000  0.000000  1.000000  
80.846238 0.025271  -0.006780  0.012335  0.601746  0.796740  0.055748  -0.788964  0.603829  -0.113691  -0.124245  0.024430  0.991951  -0.003473  0.000675  -0.000346  0.000000  0.000000  0.000000  1.000000  
80.847249 0.025263  -0.006776  0.012336  0.601756  0.796744  0.055571  -0.788978  0.603818  -0.113659  -0.124112  0.024551  0.991964  -0.004097  0.001093  -0.000143  0.000000  0.000000  0.000000  1.000000  
80.848496 0.025248  -0.006770  0.012337  0.601756  0.796744  0.055571  -0.788978  0.603818  -0.113659  -0.124112  0.024551  0.991964  -0.005131  0.001562  -0.000114  0.000000  0.000000  0.000000  1.000000  
80.849736 0.025236  -0.006764  0.012338  0.601766  0.796742  0.055490  -0.788991  0.603820  -0.113553  -0.123979  0.024551  0.991981  -0.005697  0.002016  0.000036  0.000000  0.000000  0.000000  1.000000  
80.850984 0.025229  -0.006758  0.012339  0.601614  0.796871  0.055290  -0.789128  0.603645  -0.113533  -0.123846  0.024672  0.991995  -0.005705  0.002316  0.000171  0.000000  0.000000  0.000000  1.000000  
80.851989 0.025223  -0.006754  0.012341  0.601624  0.796869  0.055209  -0.789141  0.603648  -0.113427  -0.123714  0.024672  0.992011  -0.005768  0.002470  0.000257  0.000000  0.000000  0.000000  1.000000  
80.853236 0.025211  -0.006748  0.012337  0.601634  0.796874  0.055032  -0.789154  0.603637  -0.113395  -0.123581  0.024793  0.992025  -0.006109  0.002700  -0.000023  0.000000  0.000000  0.000000  1.000000  
80.854485 0.025192  -0.006744  0.012329  0.601644  0.796885  0.054759  -0.789167  0.603612  -0.113436  -0.123448  0.025034  0.992035  -0.006859  0.002716  -0.000570  0.000000  0.000000  0.000000  1.000000  
80.855735 0.025171  -0.006743  0.012319  0.601654  0.796896  0.054485  -0.789181  0.603587  -0.113476  -0.123315  0.025275  0.992046  -0.008512  0.002594  -0.001598  0.000000  0.000000  0.000000  1.000000  
80.856736 0.025153  -0.006744  0.012310  0.601816  0.796779  0.054411  -0.789057  0.603737  -0.113538  -0.123315  0.025396  0.992043  -0.009206  0.002689  -0.001893  0.000000  0.000000  0.000000  1.000000  
80.857984 0.025134  -0.006745  0.012303  0.601816  0.796792  0.054218  -0.789057  0.603710  -0.113685  -0.123315  0.025636  0.992036  -0.009729  0.002804  -0.001977  0.000000  0.000000  0.000000  1.000000  
80.858985 0.025119  -0.006743  0.012300  0.601816  0.796805  0.054025  -0.789057  0.603682  -0.113831  -0.123315  0.025877  0.992030  -0.010406  0.002922  -0.002006  0.000000  0.000000  0.000000  1.000000  
80.859988 0.025104  -0.006737  0.012298  0.601979  0.796687  0.053952  -0.788933  0.603832  -0.113893  -0.123315  0.025997  0.992027  -0.011325  0.003126  -0.002263  0.000000  0.000000  0.000000  1.000000  
80.860999 0.025086  -0.006733  0.012294  0.602141  0.796563  0.053975  -0.788809  0.603996  -0.113882  -0.123315  0.025997  0.992027  -0.012496  0.003164  -0.002775  0.000000  0.000000  0.000000  1.000000  
80.862240 0.025066  -0.006727  0.012287  0.602466  0.796321  0.053925  -0.788561  0.604310  -0.113933  -0.123315  0.026118  0.992024  -0.013116  0.003278  -0.003279  0.000000  0.000000  0.000000  1.000000  
80.863242 0.025052  -0.006722  0.012279  0.602638  0.796201  0.053772  -0.788450  0.604463  -0.113890  -0.123182  0.026238  0.992037  -0.013343  0.003264  -0.003905  0.000000  0.000000  0.000000  1.000000  
80.864491 0.025037  -0.006717  0.012265  0.602963  0.795952  0.053819  -0.788202  0.604791  -0.113868  -0.123182  0.026238  0.992037  -0.013503  0.003203  -0.004915  0.000000  0.000000  0.000000  1.000000  
80.865736 0.025021  -0.006712  0.012253  0.603287  0.795703  0.053865  -0.787953  0.605119  -0.113846  -0.123182  0.026238  0.992037  -0.014088  0.003130  -0.005892  0.000000  0.000000  0.000000  1.000000  
80.866986 0.025004  -0.006708  0.012240  0.603612  0.795460  0.053816  -0.787705  0.605432  -0.113897  -0.123182  0.026359  0.992034  -0.014589  0.003093  -0.006737  0.000000  0.000000  0.000000  1.000000  
80.868235 0.024982  -0.006704  0.012227  0.603936  0.795211  0.053863  -0.787456  0.605760  -0.113875  -0.123182  0.026359  0.992034  -0.015258  0.002920  -0.007348  0.000000  0.000000  0.000000  1.000000  
80.869485 0.024958  -0.006701  0.012216  0.604422  0.794843  0.053837  -0.787083  0.606237  -0.113915  -0.123182  0.026479  0.992031  -0.015611  0.002858  -0.007553  0.000000  0.000000  0.000000  1.000000  
80.870756 0.024935  -0.006698  0.012206  0.604918  0.794473  0.053730  -0.786723  0.606717  -0.113850  -0.123050  0.026600  0.992044  -0.015656  0.003058  -0.007441  0.000000  0.000000  0.000000  1.000000  
80.871992 0.024913  -0.006695  0.012200  0.605404  0.794111  0.053607  -0.786349  0.607180  -0.113964  -0.123050  0.026840  0.992037  -0.015843  0.003343  -0.007289  0.000000  0.000000  0.000000  1.000000  
80.873049 0.024893  -0.006691  0.012198  0.605728  0.793867  0.053558  -0.786100  0.607493  -0.114016  -0.123050  0.026961  0.992034  -0.015976  0.003614  -0.006986  0.000000  0.000000  0.000000  1.000000  
80.874235 0.024867  -0.006684  0.012193  0.606375  0.793373  0.053556  -0.785601  0.608133  -0.114046  -0.123050  0.027081  0.992031  -0.016531  0.003818  -0.007151  -0.066098  0.035385  -0.185002  1.000000  
80.875485 0.024841  -0.006677  0.012184  0.607022  0.792879  0.053553  -0.785101  0.608772  -0.114075  -0.123050  0.027201  0.992028  -0.016895  0.003892  -0.007462  -0.066725  0.034652  -0.212185  1.000000  
80.876735 0.024820  -0.006667  0.012171  0.607506  0.792503  0.053624  -0.784726  0.609262  -0.114042  -0.123050  0.027201  0.992028  -0.016980  0.004100  -0.008006  -0.059772  0.029703  -0.241224  1.000000  
80.877751 0.024803  -0.006659  0.012161  0.607829  0.792252  0.053671  -0.784476  0.609588  -0.114020  -0.123050  0.027201  0.992028  -0.017102  0.004362  -0.008161  -0.058044  0.029335  -0.254875  1.000000  
80.878986 0.024780  -0.006649  0.012147  0.608314  0.791875  0.053741  -0.784100  0.610077  -0.113987  -0.123050  0.027201  0.992028  -0.017492  0.004651  -0.008337  -0.055033  0.028567  -0.273251  1.000000  
80.879995 0.024759  -0.006642  0.012137  0.608808  0.791496  0.053730  -0.783737  0.610569  -0.113849  -0.122917  0.027202  0.992044  -0.018234  0.004829  -0.008139  -0.052551  0.028046  -0.293808  1.000000  
80.881241 0.024729  -0.006637  0.012127  0.609302  0.791110  0.053815  -0.783374  0.611074  -0.113637  -0.122784  0.027082  0.992064  -0.019139  0.004872  -0.008017  -0.041451  0.023051  -0.323416  1.000000  
80.882486 0.024699  -0.006631  0.012117  0.609786  0.790726  0.053981  -0.782998  0.611576  -0.113529  -0.122784  0.026962  0.992067  -0.019731  0.004999  -0.007870  -0.030513  0.017872  -0.341104  1.000000  
80.883738 0.024668  -0.006624  0.012108  0.610279  0.790339  0.054065  -0.782634  0.612081  -0.113317  -0.122651  0.026842  0.992087  -0.020303  0.005325  -0.007580  -0.020101  0.017481  -0.364485  1.000000  
80.884988 0.024635  -0.006617  0.012097  0.610602  0.790081  0.054208  -0.782382  0.612420  -0.113221  -0.122651  0.026721  0.992090  -0.020942  0.005596  -0.007586  -0.006169  0.017100  -0.378227  1.000000  
80.886237 0.024601  -0.006611  0.012084  0.611095  0.789700  0.054196  -0.782018  0.612911  -0.113082  -0.122519  0.026722  0.992106  -0.021688  0.005830  -0.008029  0.003634  0.016694  -0.391980  1.000000  
80.887483 0.024568  -0.006605  0.012068  0.611417  0.789441  0.054338  -0.781766  0.613250  -0.112986  -0.122519  0.026601  0.992110  -0.022375  0.005851  -0.008718  0.017423  0.016176  -0.402408  1.000000  
80.888487 0.024542  -0.006598  0.012055  0.611910  0.789060  0.054326  -0.781402  0.613740  -0.112848  -0.122386  0.026602  0.992126  -0.022767  0.006029  -0.009491  0.024167  0.020238  -0.426456  1.000000  
80.889740 0.024512  -0.006586  0.012037  0.612241  0.788798  0.054387  -0.781162  0.614081  -0.112646  -0.122253  0.026482  0.992146  -0.023005  0.006320  -0.010185  0.037217  0.024524  -0.433418  1.000000  
80.890755 0.024491  -0.006575  0.012023  0.612573  0.788543  0.054351  -0.780923  0.614409  -0.112519  -0.122120  0.026482  0.992162  -0.023129  0.006651  -0.010544  0.038032  0.028835  -0.440352  1.000000  
80.891987 0.024462  -0.006562  0.012005  0.612905  0.788281  0.054411  -0.780684  0.614750  -0.112318  -0.121987  0.026363  0.992181  -0.023511  0.006907  -0.010933  0.046628  0.032883  -0.443764  1.000000  
80.893235 0.024433  -0.006551  0.011990  0.613407  0.787891  0.054412  -0.780331  0.615256  -0.112001  -0.121722  0.026243  0.992217  -0.024085  0.006925  -0.011006  0.055473  0.037165  -0.450747  1.000000  
80.894253 0.024409  -0.006544  0.011980  0.613899  0.787502  0.054494  -0.779964  0.615759  -0.111788  -0.121589  0.026123  0.992237  -0.024442  0.006884  -0.011009  0.060793  0.041792  -0.461211  1.000000  
80.895491 0.024377  -0.006537  0.011967  0.614400  0.787110  0.054494  -0.779611  0.616264  -0.111472  -0.121323  0.026004  0.992272  -0.024708  0.006922  -0.011111  0.065671  0.050641  -0.468448  1.000000  
80.896742 0.024344  -0.006529  0.011952  0.614902  0.786712  0.054590  -0.779257  0.616782  -0.111080  -0.121058  0.025764  0.992311  -0.024826  0.007111  -0.011412  0.078680  0.059477  -0.475541  1.000000  
80.897991 0.024313  -0.006521  0.011933  0.615563  0.786193  0.054612  -0.778775  0.617449  -0.110752  -0.120792  0.025644  0.992347  -0.024920  0.007194  -0.012001  0.084382  0.068136  -0.489513  1.000000  
80.899235 0.024283  -0.006511  0.011911  0.616215  0.785675  0.054716  -0.778281  0.618112  -0.110527  -0.120659  0.025524  0.992366  -0.024814  0.007350  -0.012908  0.093363  0.072465  -0.496593  1.000000  
80.900237 0.024258  -0.006505  0.011892  0.616705  0.785285  0.054797  -0.777913  0.618613  -0.110315  -0.120526  0.025404  0.992385  -0.024635  0.007444  -0.013642  0.101442  0.071683  -0.499277  1.000000  
80.901237 0.024233  -0.006499  0.011870  0.617366  0.784764  0.054818  -0.777430  0.619279  -0.109986  -0.120261  0.025285  0.992420  -0.024467  0.007486  -0.014311  0.111212  0.081088  -0.510526  1.000000  
80.902485 0.024204  -0.006490  0.011844  0.618175  0.784118  0.054943  -0.776807  0.620102  -0.109751  -0.120128  0.025165  0.992439  -0.024226  0.007654  -0.015013  0.120853  0.084344  -0.526876  1.000000  
80.903485 0.024181  -0.006482  0.011823  0.618835  0.783602  0.054868  -0.776322  0.620753  -0.109498  -0.119862  0.025166  0.992472  -0.024068  0.007750  -0.015476  0.125659  0.093049  -0.533932  1.000000  
80.904486 0.024159  -0.006472  0.011803  0.619484  0.783082  0.054971  -0.775825  0.621414  -0.109273  -0.119729  0.025046  0.992491  -0.023985  0.007750  -0.015905  0.135671  0.098145  -0.545398  1.000000  
80.905735 0.024133  -0.006460  0.011780  0.620462  0.782303  0.055034  -0.775084  0.622399  -0.108923  -0.119464  0.024926  0.992526  -0.023877  0.007677  -0.016229  0.145451  0.106790  -0.559454  1.000000  
80.906736 0.024110  -0.006452  0.011763  0.621269  0.781653  0.055158  -0.774458  0.623220  -0.108687  -0.119331  0.024806  0.992545  -0.023885  0.007452  -0.016402  0.152041  0.110805  -0.580303  1.000000  
80.907987 0.024080  -0.006445  0.011741  0.622246  0.780879  0.055126  -0.773714  0.624190  -0.108411  -0.119065  0.024807  0.992576  -0.023966  0.007190  -0.016856  0.154037  0.118098  -0.603019  1.000000  
80.909237 0.024048  -0.006438  0.011718  0.623211  0.780105  0.055176  -0.772958  0.625157  -0.108240  -0.118932  0.024807  0.992592  -0.024142  0.007057  -0.017471  0.155610  0.122164  -0.616575  1.000000  
80.910487 0.024016  -0.006431  0.011693  0.624185  0.779321  0.055238  -0.772212  0.626138  -0.107889  -0.118667  0.024688  0.992627  -0.024087  0.007013  -0.018252  0.157969  0.126160  -0.637104  1.000000  
80.911489 0.023990  -0.006427  0.011671  0.625000  0.778679  0.055087  -0.771594  0.626932  -0.107702  -0.118401  0.024809  0.992656  -0.024087  0.006942  -0.018967  0.155887  0.131465  -0.649306  1.000000  
80.912493 0.023963  -0.006421  0.011648  0.625803  0.778031  0.055114  -0.770962  0.627736  -0.107542  -0.118268  0.024809  0.992672  -0.024170  0.006819  -0.019616  0.154229  0.135426  -0.669846  1.000000  
80.913740 0.023929  -0.006413  0.011620  0.626924  0.777124  0.055185  -0.770072  0.628859  -0.107359  -0.118135  0.024810  0.992688  -0.024398  0.006766  -0.020053  0.154253  0.134595  -0.704286  1.000000  
80.914991 0.023893  -0.006404  0.011593  0.628043  0.776221  0.055162  -0.769180  0.629968  -0.107253  -0.118002  0.024930  0.992700  -0.024720  0.006806  -0.020226  0.149366  0.138358  -0.731785  1.000000  
80.916235 0.023856  -0.006396  0.011568  0.629161  0.775317  0.055138  -0.768286  0.631075  -0.107148  -0.117870  0.025051  0.992713  -0.025129  0.006872  -0.020172  0.148164  0.136326  -0.760048  1.000000  
80.917487 0.023819  -0.006387  0.011545  0.630277  0.774405  0.055208  -0.767391  0.632194  -0.106965  -0.117737  0.025052  0.992729  -0.025693  0.006870  -0.019908  0.148529  0.136780  -0.793780  1.000000  
80.918738 0.023781  -0.006378  0.011522  0.631382  0.773493  0.055362  -0.766482  0.633310  -0.106886  -0.117737  0.025052  0.992729  -0.026381  0.006711  -0.019722  0.151807  0.131578  -0.821190  1.000000  
80.919990 0.023743  -0.006368  0.011497  0.632654  0.772447  0.055454  -0.765453  0.634585  -0.106692  -0.117604  0.025052  0.992745  -0.027175  0.006537  -0.019734  0.152565  0.134066  -0.864172  1.000000  
80.921234 0.023702  -0.006361  0.011472  0.633756  0.771538  0.055514  -0.764540  0.635685  -0.106689  -0.117604  0.025172  0.992742  -0.028017  0.006325  -0.019990  0.147311  0.124141  -0.889268  1.000000  
80.922235 0.023668  -0.006355  0.011449  0.634710  0.770750  0.055560  -0.763769  0.636640  -0.106518  -0.117471  0.025173  0.992757  -0.028673  0.006283  -0.020336  0.147658  0.124521  -0.924179  1.000000  
80.923485 0.023625  -0.006349  0.011421  0.635978  0.769698  0.055651  -0.762735  0.637911  -0.106325  -0.117338  0.025173  0.992773  -0.029573  0.006238  -0.020754  0.146778  0.119431  -0.952037  1.000000  
80.924506 0.023590  -0.006345  0.011397  0.636762  0.769048  0.055667  -0.762080  0.638690  -0.106345  -0.117338  0.025294  0.992770  -0.030116  0.006134  -0.021049  0.140947  0.114327  -0.971933  1.000000  
80.925736 0.023545  -0.006340  0.011367  0.638027  0.767993  0.055757  -0.761042  0.639959  -0.106151  -0.117205  0.025294  0.992786  -0.030940  0.005991  -0.021342  0.139652  0.108116  -0.997968  1.000000  
80.926998 0.023500  -0.006335  0.011338  0.639123  0.767077  0.055817  -0.760122  0.641052  -0.106148  -0.117205  0.025414  0.992782  -0.031839  0.005950  -0.021416  0.135784  0.099287  -1.033244  1.000000  
80.928012 0.023463  -0.006329  0.011318  0.640061  0.766291  0.055855  -0.759332  0.641986  -0.106157  -0.117205  0.025535  0.992779  -0.032516  0.005949  -0.021207  0.129964  0.094211  -1.053170  1.000000  
80.929244 0.023417  -0.006319  0.011293  0.641165  0.765370  0.055829  -0.758421  0.643079  -0.106053  -0.117072  0.025656  0.992792  -0.033168  0.006025  -0.021040  0.123313  0.089411  -1.067365  1.000000  
80.930488 0.023371  -0.006311  0.011271  0.642413  0.764316  0.055911  -0.757364  0.644326  -0.106039  -0.117072  0.025776  0.992789  -0.033914  0.005990  -0.020819  0.118405  0.084228  -1.094990  1.000000  
80.931489 0.023334  -0.006304  0.011252  0.643358  0.763518  0.055956  -0.756581  0.645272  -0.105869  -0.116939  0.025777  0.992804  -0.034367  0.006034  -0.020775  0.115810  0.083931  -1.108616  1.000000  
80.932735 0.023288  -0.006296  0.011227  0.644603  0.762461  0.056038  -0.755521  0.646516  -0.105855  -0.116939  0.025897  0.992801  -0.034969  0.005932  -0.020905  0.109984  0.074421  -1.129162  1.000000  
80.933986 0.023242  -0.006287  0.011200  0.645847  0.761395  0.056212  -0.754458  0.647771  -0.105763  -0.116939  0.025897  0.992801  -0.035556  0.005889  -0.021168  0.108231  0.068730  -1.147215  1.000000  
80.935232 0.023195  -0.006278  0.011171  0.647089  0.760327  0.056386  -0.753393  0.649024  -0.105670  -0.116939  0.025897  0.992801  -0.036012  0.005861  -0.021390  0.106457  0.059350  -1.167301  1.000000  
80.936236 0.023158  -0.006273  0.011148  0.648029  0.759522  0.056430  -0.752605  0.649965  -0.105499  -0.116807  0.025897  0.992817  -0.036330  0.005838  -0.021510  0.107091  0.055340  -1.176760  1.000000  
80.937484 0.023110  -0.006267  0.011119  0.649268  0.758451  0.056603  -0.751537  0.651215  -0.105406  -0.116807  0.025897  0.992817  -0.036683  0.005838  -0.021660  0.104519  0.049975  -1.187412  1.000000  
80.938484 0.023071  -0.006262  0.011097  0.650206  0.757637  0.056738  -0.750746  0.652167  -0.105157  -0.116674  0.025777  0.992836  -0.036929  0.005769  -0.021648  0.108463  0.046165  -1.190916  1.000000  
80.939485 0.023032  -0.006258  0.011075  0.651132  0.756831  0.056868  -0.749943  0.653103  -0.105087  -0.116674  0.025777  0.992836  -0.037264  0.005794  -0.021524  0.105885  0.041370  -1.203979  1.000000  
80.940734 0.022983  -0.006253  0.011048  0.652377  0.755752  0.056954  -0.748881  0.654351  -0.104893  -0.116541  0.025778  0.992851  -0.037516  0.005825  -0.021290  0.111255  0.035983  -1.214624  1.000000  
80.941985 0.022935  -0.006247  0.011023  0.653763  0.754538  0.057148  -0.747671  0.655750  -0.104787  -0.116541  0.025778  0.992851  -0.037706  0.005865  -0.021041  0.112792  0.031177  -1.228198  1.000000  
80.943235 0.022887  -0.006239  0.010997  0.655148  0.753322  0.057342  -0.746458  0.657147  -0.104681  -0.116541  0.025778  0.992851  -0.037756  0.005873  -0.021002  0.115115  0.026194  -1.248404  1.000000  
80.944248 0.022849  -0.006232  0.010976  0.656079  0.752507  0.057384  -0.745660  0.658079  -0.104510  -0.116408  0.025778  0.992867  -0.037817  0.005740  -0.021191  0.119175  0.026512  -1.251992  1.000000  
80.945487 0.022802  -0.006226  0.010947  0.657460  0.751286  0.057577  -0.744443  0.659473  -0.104404  -0.116408  0.025778  0.992867  -0.037937  0.005672  -0.021574  0.120694  0.021661  -1.265429  1.000000  
80.946488 0.022764  -0.006220  0.010923  0.658685  0.750199  0.057749  -0.743359  0.660709  -0.104309  -0.116408  0.025778  0.992867  -0.038039  0.005576  -0.021917  0.126289  0.016734  -1.278876  1.000000  
80.947489 0.022725  -0.006216  0.010900  0.659919  0.749101  0.057924  -0.742285  0.661959  -0.104034  -0.116275  0.025658  0.992886  -0.038124  0.005425  -0.022195  0.131812  0.016460  -1.292625  1.000000  
80.948736 0.022677  -0.006210  0.010870  0.661303  0.747871  0.058028  -0.741073  0.663348  -0.103827  -0.116142  0.025659  0.992901  -0.038263  0.005224  -0.022384  0.133869  0.020089  -1.309531  1.000000  
80.949737 0.022638  -0.006205  0.010848  0.662523  0.746770  0.058289  -0.739983  0.664592  -0.103651  -0.116142  0.025538  0.992904  -0.038382  0.005016  -0.022294  0.138987  0.015842  -1.320475  1.000000  
80.950740 0.022597  -0.006203  0.010827  0.663751  0.745672  0.058371  -0.738902  0.665823  -0.103456  -0.116009  0.025539  0.992920  -0.038651  0.004804  -0.022164  0.140475  0.019982  -1.333961  1.000000  
80.951991 0.022545  -0.006199  0.010802  0.665281  0.744291  0.058585  -0.737546  0.667372  -0.103156  -0.115876  0.025418  0.992938  -0.038928  0.004629  -0.021911  0.150868  0.019456  -1.354567  1.000000  
80.953235 0.022492  -0.006196  0.010778  0.666960  0.742768  0.058820  -0.736049  0.669071  -0.102844  -0.115743  0.025298  0.992957  -0.039264  0.004498  -0.021664  0.157220  0.019018  -1.375532  1.000000  
80.954484 0.022439  -0.006193  0.010753  0.668636  0.741241  0.059053  -0.734548  0.670766  -0.102531  -0.115611  0.025178  0.992975  -0.039557  0.004329  -0.021427  0.168825  0.022294  -1.406120  1.000000  
80.955485 0.022397  -0.006191  0.010733  0.670147  0.739859  0.059264  -0.733170  0.672291  -0.102409  -0.115611  0.025178  0.992975  -0.039733  0.004222  -0.021379  0.171633  0.017620  -1.430511  1.000000  
80.956736 0.022344  -0.006188  0.010706  0.671816  0.738325  0.059495  -0.731662  0.673979  -0.102095  -0.115478  0.025058  0.992994  -0.040066  0.004012  -0.021489  0.182994  0.021425  -1.458782  1.000000  
80.957984 0.022291  -0.006184  0.010679  0.673632  0.736648  0.059747  -0.730011  0.675816  -0.101768  -0.115345  0.024938  0.993012  -0.040425  0.003739  -0.021587  0.194345  0.024678  -1.488370  1.000000  
80.959237 0.022237  -0.006180  0.010649  0.675294  0.735106  0.059976  -0.728495  0.677497  -0.101453  -0.115212  0.024818  0.993031  -0.040857  0.003477  -0.021818  0.205288  0.023967  -1.514634  1.000000  
80.960237 0.022194  -0.006178  0.010625  0.676503  0.733980  0.060141  -0.727393  0.678722  -0.101174  -0.115079  0.024698  0.993049  -0.041173  0.003267  -0.021921  0.210796  0.028168  -1.528185  1.000000  
80.961250 0.022151  -0.006177  0.010602  0.678010  0.732572  0.060348  -0.726010  0.680246  -0.100870  -0.114946  0.024578  0.993068  -0.041498  0.002965  -0.021776  0.222010  0.028042  -1.554023  1.000000  
80.962507 0.022096  -0.006176  0.010574  0.679822  0.730877  0.060503  -0.724355  0.682071  -0.100444  -0.114680  0.024458  0.993101  -0.041960  0.002632  -0.021554  0.233067  0.036317  -1.581145  1.000000  
80.963740 0.022040  -0.006176  0.010549  0.681630  0.729178  0.060658  -0.722696  0.683891  -0.100018  -0.114414  0.024339  0.993135  -0.042521  0.002220  -0.021247  0.240272  0.044727  -1.609822  1.000000  
80.964988 0.021984  -0.006175  0.010526  0.683424  0.727477  0.060901  -0.721021  0.685705  -0.099689  -0.114281  0.024219  0.993153  -0.042996  0.001939  -0.021069  0.247431  0.048623  -1.637372  1.000000  
80.966245 0.021926  -0.006176  0.010501  0.685373  0.725620  0.061161  -0.719211  0.687678  -0.099166  -0.114016  0.023978  0.993190  -0.043407  0.001629  -0.021086  0.259184  0.052439  -1.671471  1.000000  
80.967485 0.021869  -0.006177  0.010474  0.687168  0.723907  0.061309  -0.717538  0.689485  -0.098739  -0.113750  0.023859  0.993223  -0.043770  0.001357  -0.021235  0.266998  0.056191  -1.706543  1.000000  
80.968735 0.021811  -0.006178  0.010446  0.689107  0.722047  0.061477  -0.715718  0.691437  -0.098299  -0.113484  0.023739  0.993256  -0.043990  0.001130  -0.021516  0.270762  0.064532  -1.741214  1.000000  
80.969985 0.021754  -0.006179  0.010416  0.690895  0.720317  0.061709  -0.714035  0.693247  -0.097788  -0.113218  0.023499  0.993292  -0.044281  0.000868  -0.021848  0.281138  0.072114  -1.768127  1.000000  
80.970985 0.021709  -0.006178  0.010392  0.692531  0.718733  0.061832  -0.712491  0.694893  -0.097373  -0.112952  0.023379  0.993325  -0.044423  0.000772  -0.021991  0.288778  0.076974  -1.796694  1.000000  
80.971987 0.021663  -0.006177  0.010368  0.694153  0.717148  0.062047  -0.710931  0.696532  -0.097053  -0.112819  0.023259  0.993343  -0.044647  0.000579  -0.022163  0.295856  0.080884  -1.823985  1.000000  
80.973234 0.021607  -0.006177  0.010341  0.696231  0.715116  0.062220  -0.708960  0.698627  -0.096420  -0.112420  0.023019  0.993394  -0.044906  0.000357  -0.022087  0.306672  0.092644  -1.857226  1.000000  
80.974234 0.021561  -0.006176  0.010319  0.697700  0.713667  0.062412  -0.707536  0.700111  -0.096112  -0.112287  0.022899  0.993412  -0.045055  0.000297  -0.022011  0.313745  0.092128  -1.885360  1.000000  
80.975485 0.021505  -0.006175  0.010293  0.699622  0.711769  0.062561  -0.705698  0.702048  -0.095491  -0.111889  0.022659  0.993462  -0.045297  0.000126  -0.021748  0.324446  0.105022  -1.912147  1.000000  
80.976485 0.021459  -0.006175  0.010271  0.701240  0.710165  0.062676  -0.704133  0.703674  -0.095076  -0.111623  0.022539  0.993495  -0.045398  0.000070  -0.021658  0.330594  0.113559  -1.932919  1.000000  
80.977502 0.021414  -0.006176  0.010251  0.702709  0.708696  0.062855  -0.702709  0.705162  -0.094587  -0.111357  0.022299  0.993530  -0.045513  -0.000013  -0.021579  0.336886  0.119301  -1.948300  1.000000  
80.978741 0.021357  -0.006177  0.010224  0.704619  0.706784  0.062997  -0.700857  0.707085  -0.093966  -0.110958  0.022058  0.993580  -0.045616  -0.000075  -0.021740  0.347695  0.127875  -1.976270  1.000000  
80.979990 0.021299  -0.006177  0.010195  0.706524  0.704868  0.063135  -0.699000  0.709003  -0.093345  -0.110559  0.021818  0.993630  -0.045591  -0.000137  -0.022075  0.353645  0.136748  -1.997431  1.000000  
80.980990 0.021255  -0.006178  0.010171  0.707993  0.703385  0.063214  -0.697575  0.710481  -0.092762  -0.110160  0.021578  0.993680  -0.045519  -0.000094  -0.022354  0.358089  0.150424  -2.004570  1.000000  
80.982235 0.021198  -0.006178  0.010140  0.709889  0.701459  0.063347  -0.695709  0.712390  -0.092141  -0.109761  0.021338  0.993729  -0.045445  -0.000067  -0.022635  0.367383  0.157395  -2.029474  1.000000  
80.983486 0.021142  -0.006178  0.010110  0.711637  0.699676  0.063459  -0.693984  0.714149  -0.091532  -0.109362  0.021098  0.993778  -0.045371  0.000017  -0.022787  0.373200  0.168230  -2.039781  1.000000  
80.984734 0.021086  -0.006177  0.010080  0.713523  0.697741  0.063587  -0.692107  0.716047  -0.090910  -0.108963  0.020858  0.993827  -0.045283  0.000142  -0.022801  0.377516  0.177433  -2.046937  1.000000  
80.985735 0.021042  -0.006174  0.010058  0.715120  0.696096  0.063674  -0.690520  0.717653  -0.090315  -0.108564  0.020618  0.993876  -0.045224  0.000235  -0.022636  0.382611  0.186485  -2.061013  1.000000  
80.986984 0.020986  -0.006172  0.010033  0.717138  0.694003  0.063815  -0.688486  0.719684  -0.089680  -0.108165  0.020377  0.993924  -0.045161  0.000389  -0.022341  0.387652  0.195518  -2.074830  1.000000  
80.987987 0.020942  -0.006169  0.010012  0.718727  0.692350  0.063897  -0.686890  0.721281  -0.089085  -0.107766  0.020137  0.993972  -0.045056  0.000534  -0.022247  0.396893  0.208920  -2.088706  1.000000  
80.989234 0.020886  -0.006166  0.009988  0.720594  0.690388  0.064098  -0.684994  0.723169  -0.088376  -0.107367  0.019776  0.994023  -0.045024  0.000583  -0.022055  0.404252  0.216024  -2.099217  1.000000  
80.990237 0.020840  -0.006165  0.009968  0.722175  0.688727  0.064175  -0.683390  0.724757  -0.087780  -0.106968  0.019536  0.994071  -0.045068  0.000714  -0.022024  0.411082  0.227170  -2.116678  1.000000  
80.991485 0.020783  -0.006163  0.009941  0.724043  0.686754  0.064272  -0.681494  0.726637  -0.086979  -0.106436  0.019175  0.994135  -0.045053  0.000826  -0.022027  0.418012  0.234139  -2.126946  1.000000  
80.992486 0.020738  -0.006161  0.009920  0.725626  0.685084  0.064247  -0.679891  0.728218  -0.086293  -0.105903  0.018935  0.994196  -0.045113  0.000987  -0.022102  0.422373  0.247907  -2.135468  1.000000  
80.993746 0.020680  -0.006158  0.009893  0.727623  0.682951  0.064354  -0.677836  0.730228  -0.085479  -0.105371  0.018575  0.994259  -0.045013  0.001269  -0.022063  0.432801  0.259258  -2.151572  1.000000  
80.994991 0.020623  -0.006156  0.009866  0.729615  0.680813  0.064458  -0.675774  0.732231  -0.084665  -0.104839  0.018214  0.994322  -0.045091  0.001490  -0.021960  0.436757  0.268740  -2.158583  1.000000  
80.996240 0.020566  -0.006152  0.009841  0.731601  0.678669  0.064557  -0.673706  0.734227  -0.083851  -0.104307  0.017853  0.994385  -0.045155  0.001776  -0.021558  0.443679  0.279936  -2.169144  1.000000  
80.997489 0.020508  -0.006148  0.009817  0.733453  0.676670  0.064537  -0.671793  0.736079  -0.082961  -0.103641  0.017492  0.994461  -0.045289  0.001998  -0.020994  0.452714  0.291982  -2.173018  1.000000  
80.998735 0.020450  -0.006143  0.009796  0.735427  0.674515  0.064628  -0.669713  0.738062  -0.082148  -0.103109  0.017132  0.994523  -0.045437  0.002271  -0.020473  0.457462  0.301374  -2.187182  1.000000  
80.999738 0.020403  -0.006139  0.009779  0.737110  0.672661  0.064779  -0.667922  0.739761  -0.081450  -0.102710  0.016770  0.994570  -0.045544  0.002498  -0.020002  0.466516  0.310608  -2.201081  1.000000  
81.000984 0.020345  -0.006133  0.009759  0.739073  0.670496  0.064862  -0.665831  0.741732  -0.080637  -0.102177  0.016409  0.994631  -0.045754  0.002711  -0.019582  0.472123  0.317098  -2.203740  1.000000  
81.002235 0.020286  -0.006128  0.009738  0.741176  0.668170  0.064858  -0.663591  0.743835  -0.079722  -0.101512  0.016048  0.994705  -0.045994  0.002895  -0.019347  0.477649  0.334194  -2.208790  1.000000  
81.003485 0.020227  -0.006122  0.009715  0.743262  0.665840  0.064949  -0.661335  0.745930  -0.078896  -0.100979  0.015687  0.994765  -0.046160  0.003040  -0.019134  0.486373  0.343435  -2.222650  1.000000  
81.004734 0.020167  -0.006117  0.009693  0.745341  0.663504  0.065035  -0.659073  0.748016  -0.078070  -0.100447  0.015326  0.994824  -0.046386  0.003205  -0.018957  0.489146  0.349511  -2.238499  1.000000  
81.005985 0.020106  -0.006112  0.009670  0.747413  0.661153  0.065196  -0.656803  0.750104  -0.077154  -0.099914  0.014844  0.994885  -0.046670  0.003414  -0.018741  0.497034  0.354741  -2.245952  1.000000  
81.006987 0.020058  -0.006108  0.009653  0.749074  0.659268  0.065226  -0.654990  0.751769  -0.076368  -0.099382  0.014483  0.994944  -0.046855  0.003567  -0.018493  0.505748  0.364005  -2.260140  1.000000  
81.007991 0.020007  -0.006104  0.009637  0.750854  0.657233  0.065288  -0.653009  0.753553  -0.075748  -0.098982  0.014242  0.994987  -0.047168  0.003751  -0.018021  0.506786  0.364015  -2.279638  1.000000  
81.009236 0.019945  -0.006098  0.009618  0.752917  0.654864  0.065336  -0.650730  0.755621  -0.074745  -0.098317  0.013760  0.995060  -0.047533  0.003960  -0.017628  0.515364  0.378061  -2.294065  1.000000  
81.010240 0.019894  -0.006093  0.009605  0.754562  0.652966  0.065354  -0.648903  0.757268  -0.073960  -0.097784  0.013399  0.995117  -0.047829  0.004126  -0.017060  0.521866  0.386477  -2.306070  1.000000  
81.011243 0.019844  -0.006087  0.009591  0.756326  0.650909  0.065485  -0.646906  0.759043  -0.073249  -0.097385  0.013037  0.995161  -0.048143  0.004352  -0.016654  0.526318  0.386835  -2.319221  1.000000  
81.012491 0.019781  -0.006079  0.009574  0.758369  0.648524  0.065518  -0.644610  0.761091  -0.072246  -0.096719  0.012555  0.995233  -0.048497  0.004589  -0.016233  0.535380  0.396320  -2.340052  1.000000  
81.013493 0.019730  -0.006073  0.009560  0.760121  0.646457  0.065642  -0.642603  0.762853  -0.071535  -0.096319  0.012194  0.995276  -0.048836  0.004747  -0.015997  0.544814  0.400982  -2.360464  1.000000  
81.014742 0.019665  -0.006065  0.009541  0.762273  0.643912  0.065703  -0.640128  0.765008  -0.070697  -0.095787  0.011832  0.995332  -0.049272  0.004904  -0.015908  0.545678  0.401499  -2.381098  1.000000  
81.015992 0.019600  -0.006057  0.009521  0.764427  0.641351  0.065736  -0.637655  0.767164  -0.069682  -0.095121  0.011350  0.995401  -0.049738  0.005133  -0.015861  0.554680  0.411028  -2.401936  1.000000  
81.017235 0.019533  -0.006048  0.009501  0.766431  0.638942  0.065850  -0.635324  0.769178  -0.068765  -0.094588  0.010868  0.995457  -0.050175  0.005281  -0.015779  0.562585  0.416417  -2.409615  1.000000  
81.018235 0.019479  -0.006041  0.009486  0.768037  0.637011  0.065841  -0.633461  0.770783  -0.067983  -0.094055  0.010506  0.995512  -0.050662  0.005446  -0.015608  0.566221  0.421525  -2.416508  1.000000  
81.019483 0.019412  -0.006032  0.009467  0.770168  0.634424  0.065934  -0.630967  0.772922  -0.066875  -0.093389  0.009903  0.995580  -0.051213  0.005736  -0.015295  0.574392  0.427047  -2.430647  1.000000  
81.020485 0.019357  -0.006026  0.009454  0.771763  0.632484  0.065916  -0.629094  0.774514  -0.066093  -0.092856  0.009541  0.995634  -0.051620  0.005894  -0.015004  0.578644  0.432025  -2.444182  1.000000  
81.021485 0.019300  -0.006018  0.009441  0.773492  0.630380  0.065805  -0.627065  0.776232  -0.065215  -0.092190  0.009179  0.995699  -0.052094  0.006115  -0.014701  0.582736  0.441517  -2.457867  1.000000  
81.022736 0.019230  -0.006009  0.009424  0.775601  0.627791  0.065729  -0.624552  0.778332  -0.064297  -0.091524  0.008817  0.995764  -0.052696  0.006398  -0.014483  0.582633  0.446718  -2.471728  1.000000  
81.023738 0.019173  -0.006000  0.009411  0.777299  0.625679  0.065817  -0.622497  0.780034  -0.063587  -0.091124  0.008455  0.995804  -0.053119  0.006699  -0.014288  0.584398  0.443414  -2.486057  1.000000  
81.024738 0.019117  -0.005991  0.009398  0.778872  0.623723  0.065784  -0.620605  0.781604  -0.062807  -0.090591  0.008093  0.995855  -0.053548  0.006984  -0.014217  0.586512  0.448154  -2.492685  1.000000  
81.025986 0.019046  -0.005980  0.009381  0.780960  0.621109  0.065769  -0.618074  0.783687  -0.061797  -0.089925  0.007611  0.995919  -0.054123  0.007280  -0.014230  0.587545  0.449508  -2.506227  1.000000  
81.027016 0.018987  -0.005970  0.009367  0.782776  0.618821  0.065753  -0.615850  0.785499  -0.060992  -0.089392  0.007249  0.995970  -0.054549  0.007544  -0.014231  0.590449  0.453678  -2.524330  1.000000  
81.028239 0.018915  -0.005958  0.009347  0.784847  0.616194  0.065728  -0.613305  0.787565  -0.059982  -0.088725  0.006766  0.996033  -0.055161  0.007784  -0.014385  0.595489  0.459371  -2.547111  1.000000  
81.029244 0.018856  -0.005948  0.009333  0.786397  0.614220  0.065678  -0.611393  0.789109  -0.059205  -0.088192  0.006404  0.996083  -0.055706  0.008046  -0.014368  0.598360  0.464626  -2.547080  1.000000  
81.030491 0.018783  -0.005935  0.009314  0.788202  0.611908  0.065618  -0.609160  0.790907  -0.058225  -0.087526  0.005921  0.996145  -0.056235  0.008329  -0.014329  0.600750  0.465718  -2.547114  1.000000  
81.031736 0.018709  -0.005922  0.009297  0.790117  0.609428  0.065671  -0.606752  0.792822  -0.057312  -0.086993  0.005438  0.996194  -0.056818  0.008643  -0.014085  0.603491  0.466818  -2.547157  1.000000  
81.032985 0.018633  -0.005909  0.009282  0.792157  0.606779  0.065623  -0.604181  0.794855  -0.056306  -0.086326  0.004955  0.996255  -0.057340  0.008904  -0.013795  0.606738  0.472362  -2.554271  1.000000  
81.034235 0.018557  -0.005896  0.009267  0.794065  0.604295  0.065486  -0.601767  0.796747  -0.055410  -0.085660  0.004592  0.996314  -0.057938  0.009266  -0.013584  0.601073  0.477897  -2.554027  1.000000  
81.035485 0.018480  -0.005883  0.009252  0.796212  0.601469  0.065438  -0.599018  0.798886  -0.054393  -0.084993  0.004109  0.996373  -0.058466  0.009543  -0.013440  0.605848  0.479000  -2.567151  1.000000  
81.036487 0.018420  -0.005871  0.009240  0.797726  0.599468  0.065364  -0.597077  0.800390  -0.053620  -0.084460  0.003747  0.996420  -0.058781  0.009817  -0.013370  0.603605  0.484341  -2.568104  1.000000  
81.037735 0.018342  -0.005858  0.009224  0.799855  0.596629  0.065306  -0.594315  0.802510  -0.052604  -0.083793  0.003263  0.996478  -0.059155  0.010061  -0.013303  0.604383  0.489989  -2.580846  1.000000  
81.038985 0.018268  -0.005843  0.009208  0.801845  0.593957  0.065265  -0.591703  0.804491  -0.051779  -0.083260  0.002901  0.996524  -0.059442  0.010355  -0.013370  0.601746  0.486380  -2.581646  1.000000  
81.039993 0.018207  -0.005831  0.009195  0.803704  0.591445  0.065210  -0.589251  0.806341  -0.050969  -0.082727  0.002539  0.996569  -0.059744  0.010582  -0.013345  0.602154  0.487082  -2.601910  1.000000  
81.041236 0.018131  -0.005815  0.009179  0.805806  0.588595  0.065063  -0.586467  0.808425  -0.050054  -0.082060  0.002176  0.996625  -0.060021  0.010793  -0.013224  0.598444  0.492848  -2.608575  1.000000  
81.042485 0.018053  -0.005801  0.009165  0.807889  0.585729  0.065090  -0.583669  0.810505  -0.049120  -0.081527  0.001693  0.996670  -0.060374  0.011021  -0.012897  0.598076  0.489536  -2.622021  1.000000  
81.043748 0.017976  -0.005786  0.009151  0.809842  0.583032  0.065030  -0.581030  0.812448  -0.048299  -0.080993  0.001330  0.996714  -0.060653  0.011162  -0.012565  0.595359  0.490219  -2.622210  1.000000  
81.044994 0.017899  -0.005771  0.009139  0.811906  0.580161  0.064975  -0.578217  0.814501  -0.047465  -0.080460  0.000967  0.996757  -0.060930  0.011318  -0.012146  0.590396  0.491208  -2.628593  1.000000  
81.046240 0.017821  -0.005756  0.009126  0.813723  0.577619  0.064896  -0.575732  0.816306  -0.046659  -0.079926  0.000605  0.996801  -0.061114  0.011463  -0.011803  0.585645  0.488282  -2.621934  1.000000  
81.047490 0.017743  -0.005742  0.009115  0.815768  0.574735  0.064832  -0.572905  0.818340  -0.045827  -0.079393  0.000242  0.996843  -0.061392  0.011503  -0.011483  0.579978  0.489002  -2.635825  1.000000  
81.048739 0.017664  -0.005727  0.009102  0.817559  0.572181  0.064853  -0.570401  0.820127  -0.045099  -0.078993  -0.000121  0.996875  -0.061493  0.011634  -0.011323  0.574502  0.481138  -2.635729  1.000000  
81.049985 0.017586  -0.005713  0.009090  0.819468  0.569453  0.064770  -0.567729  0.822024  -0.044282  -0.078459  -0.000484  0.996917  -0.061672  0.011699  -0.011166  0.570195  0.478075  -2.634750  1.000000  
81.051235 0.017508  -0.005699  0.009077  0.821360  0.566711  0.064861  -0.565044  0.823916  -0.043442  -0.078059  -0.000967  0.996948  -0.061775  0.011704  -0.011070  0.568767  0.470422  -2.634512  1.000000  
81.052235 0.017446  -0.005687  0.009067  0.823011  0.564319  0.064792  -0.562692  0.825556  -0.042829  -0.077659  -0.001209  0.996979  -0.061831  0.011776  -0.010895  0.563884  0.462266  -2.641230  1.000000  
81.053484 0.017369  -0.005672  0.009054  0.825009  0.561395  0.064772  -0.559832  0.827546  -0.041901  -0.077125  -0.001693  0.997020  -0.061931  0.011764  -0.010679  0.563669  0.463533  -2.655005  1.000000  
81.054485 0.017306  -0.005661  0.009045  0.826530  0.559163  0.064688  -0.557639  0.829055  -0.041302  -0.076725  -0.001935  0.997050  -0.062077  0.011697  -0.010431  0.562434  0.459725  -2.655018  1.000000  
81.055735 0.017228  -0.005646  0.009034  0.828388  0.556406  0.064694  -0.554931  0.830907  -0.040564  -0.076325  -0.002298  0.997080  -0.062229  0.011715  -0.010089  0.556928  0.451900  -2.654704  1.000000  
81.056736 0.017164  -0.005636  0.009026  0.829887  0.554158  0.064782  -0.552723  0.832407  -0.039940  -0.076058  -0.002661  0.997100  -0.062405  0.011579  -0.009846  0.554581  0.443886  -2.652112  1.000000  
81.057985 0.017086  -0.005621  0.009016  0.831955  0.551047  0.064796  -0.549661  0.834469  -0.039175  -0.075658  -0.003024  0.997129  -0.062454  0.011562  -0.009557  0.551243  0.436367  -2.662696  1.000000  
81.058985 0.017023  -0.005610  0.009008  0.833561  0.548625  0.064707  -0.547277  0.836062  -0.038566  -0.075257  -0.003266  0.997159  -0.062602  0.011488  -0.009379  0.546896  0.432548  -2.675469  1.000000  
81.059987 0.016960  -0.005600  0.009000  0.835040  0.546370  0.064719  -0.545055  0.837537  -0.038044  -0.074991  -0.003508  0.997178  -0.062624  0.011428  -0.009265  0.542305  0.424406  -2.682093  1.000000  
