1-Time 2-Px 3-Py 4-Pz 5-R11 6-R21 7-R31 8-R12 9-R22 10-R32 11-R13 12-R23 13-R33 14-Vx 15-Vy 16-Vz 17-Wx 18-Wy 19-Wz 20-state
19.745290 0.000169  -0.020951  0.011586  0.636107  0.740479  0.216929  -0.763210  0.645161  0.035747  -0.113484  -0.188301  0.975533  0.000165  -0.001686  -0.003148  0.000000  0.000000  0.000000  1.000000  
19.746333 0.000169  -0.020952  0.011584  0.636097  0.740463  0.217012  -0.763198  0.645181  0.035647  -0.113617  -0.188298  0.975518  0.000149  -0.001694  -0.003146  0.000000  0.000000  0.000000  1.000000  
19.747580 0.000176  -0.020943  0.011571  0.636097  0.740489  0.216922  -0.763198  0.645185  0.035569  -0.113617  -0.188180  0.975541  0.000623  -0.000950  -0.003748  0.000000  0.000000  0.000000  1.000000  
19.748846 0.000187  -0.020929  0.011553  0.636097  0.740516  0.216833  -0.763198  0.645189  0.035490  -0.113617  -0.188062  0.975563  0.001296  0.000177  -0.004688  0.000000  0.000000  0.000000  1.000000  
19.750084 0.000193  -0.020919  0.011539  0.636097  0.740542  0.216743  -0.763198  0.645194  0.035412  -0.113617  -0.187943  0.975586  0.005310  0.007045  -0.010457  0.000000  0.000000  0.000000  1.000000  
19.751103 0.000196  -0.020916  0.011533  0.636097  0.740568  0.216653  -0.763198  0.645198  0.035334  -0.113617  -0.187825  0.975609  0.004874  0.006373  -0.009698  0.000000  0.000000  0.000000  1.000000  
19.752348 0.000196  -0.020912  0.011527  0.635940  0.740727  0.216570  -0.763329  0.645050  0.035211  -0.113617  -0.187707  0.975632  0.004014  0.005714  -0.008815  0.000000  0.000000  0.000000  1.000000  
19.753586 0.000197  -0.020904  0.011519  0.635940  0.740780  0.216391  -0.763329  0.645058  0.035055  -0.113617  -0.187470  0.975677  0.003422  0.005829  -0.008347  0.000000  0.000000  0.000000  1.000000  
19.754603 0.000196  -0.020896  0.011512  0.635940  0.740780  0.216391  -0.763329  0.645058  0.035055  -0.113617  -0.187470  0.975677  0.002979  0.006037  -0.008241  0.000000  0.000000  0.000000  1.000000  
19.755613 0.000196  -0.020888  0.011502  0.635783  0.740939  0.216308  -0.763460  0.644910  0.034932  -0.113617  -0.187352  0.975700  0.002655  0.006296  -0.008361  0.000000  0.000000  0.000000  1.000000  
19.756829 0.000197  -0.020878  0.011491  0.635793  0.740981  0.216135  -0.763472  0.644895  0.034954  -0.113484  -0.187236  0.975738  0.002439  0.006486  -0.008451  0.000000  0.000000  0.000000  1.000000  
19.757834 0.000198  -0.020870  0.011482  0.635803  0.741024  0.215961  -0.763483  0.644880  0.034976  -0.113351  -0.187121  0.975775  0.002332  0.006617  -0.008502  0.000000  0.000000  0.000000  1.000000  
19.759081 0.000199  -0.020858  0.011469  0.635803  0.741076  0.215781  -0.763483  0.644888  0.034820  -0.113351  -0.186884  0.975821  0.002205  0.006867  -0.008668  0.000000  0.000000  0.000000  1.000000  
19.760088 0.000201  -0.020846  0.011455  0.635803  0.741102  0.215692  -0.763483  0.644893  0.034741  -0.113351  -0.186766  0.975843  0.002178  0.007221  -0.009034  0.000000  0.000000  0.000000  1.000000  
19.761335 0.000207  -0.020826  0.011434  0.635793  0.741138  0.215595  -0.763472  0.644920  0.034485  -0.113484  -0.186526  0.975874  0.002495  0.008485  -0.010009  0.000000  0.000000  0.000000  1.000000  
19.762583 0.000218  -0.020800  0.011412  0.635636  0.741297  0.215512  -0.763602  0.644772  0.034362  -0.113484  -0.186408  0.975896  0.002697  0.009547  -0.010472  0.000000  0.000000  0.000000  1.000000  
19.763834 0.000228  -0.020774  0.011395  0.635636  0.741350  0.215333  -0.763602  0.644780  0.034206  -0.113484  -0.186171  0.975942  0.002784  0.010296  -0.010576  0.000000  0.000000  0.000000  1.000000  
19.765082 0.000231  -0.020754  0.011384  0.635793  0.741269  0.215146  -0.763472  0.644941  0.034093  -0.113484  -0.185934  0.975987  0.002509  0.010971  -0.010326  0.000000  0.000000  0.000000  1.000000  
19.766331 0.000229  -0.020737  0.011375  0.635793  0.741321  0.214966  -0.763472  0.644949  0.033937  -0.113484  -0.185697  0.976032  0.002204  0.011804  -0.010440  0.000000  0.000000  0.000000  1.000000  
19.767348 0.000227  -0.020724  0.011366  0.635793  0.741373  0.214786  -0.763472  0.644957  0.033781  -0.113484  -0.185460  0.976077  0.002065  0.012566  -0.010688  0.000000  0.000000  0.000000  1.000000  
19.768585 0.000229  -0.020704  0.011349  0.635793  0.741399  0.214696  -0.763472  0.644961  0.033702  -0.113484  -0.185342  0.976099  0.002154  0.013313  -0.011333  0.000000  0.000000  0.000000  1.000000  
19.769587 0.000231  -0.020689  0.011333  0.635793  0.741425  0.214606  -0.763472  0.644966  0.033624  -0.113484  -0.185224  0.976122  0.002321  0.013831  -0.011923  0.000000  0.000000  0.000000  1.000000  
19.770589 0.000232  -0.020675  0.011316  0.635793  0.741451  0.214516  -0.763472  0.644970  0.033546  -0.113484  -0.185105  0.976144  0.002412  0.014208  -0.012423  0.000000  0.000000  0.000000  1.000000  
19.771833 0.000231  -0.020658  0.011295  0.635793  0.741503  0.214336  -0.763472  0.644978  0.033389  -0.113484  -0.184868  0.976189  0.002337  0.014747  -0.013213  0.000000  0.000000  0.000000  1.000000  
19.772835 0.000232  -0.020643  0.011280  0.635950  0.741397  0.214240  -0.763341  0.645134  0.033355  -0.113484  -0.184750  0.976211  0.002333  0.015249  -0.013578  0.000000  0.000000  0.000000  1.000000  
19.774086 0.000234  -0.020622  0.011262  0.635950  0.741449  0.214060  -0.763341  0.645143  0.033199  -0.113484  -0.184513  0.976256  0.002359  0.015803  -0.013804  0.000000  0.000000  0.000000  1.000000  
19.775331 0.000238  -0.020598  0.011244  0.635950  0.741475  0.213970  -0.763341  0.645147  0.033120  -0.113484  -0.184395  0.976279  0.002440  0.016300  -0.013782  0.000000  0.000000  0.000000  1.000000  
19.776334 0.000241  -0.020578  0.011231  0.636107  0.741368  0.213873  -0.763210  0.645303  0.033086  -0.113484  -0.184276  0.976301  0.002262  0.016495  -0.013534  0.000000  0.000000  0.000000  1.000000  
19.777582 0.000243  -0.020555  0.011219  0.636097  0.741378  0.213867  -0.763198  0.645326  0.032908  -0.113617  -0.184155  0.976308  0.001704  0.016315  -0.012925  0.000000  0.000000  0.000000  1.000000  
19.778583 0.000243  -0.020537  0.011209  0.636255  0.741271  0.213770  -0.763067  0.645483  0.032873  -0.113617  -0.184037  0.976331  0.001085  0.016149  -0.012550  0.000000  0.000000  0.000000  1.000000  
19.779832 0.000240  -0.020518  0.011199  0.636421  0.741180  0.213590  -0.762948  0.645620  0.032939  -0.113484  -0.183921  0.976368  0.000589  0.016001  -0.012437  0.000000  0.000000  0.000000  1.000000  
19.781081 0.000234  -0.020502  0.011184  0.636578  0.741099  0.213403  -0.762817  0.645781  0.032827  -0.113484  -0.183684  0.976413  0.000320  0.015907  -0.012796  0.000000  0.000000  0.000000  1.000000  
19.782085 0.000230  -0.020490  0.011170  0.636578  0.741099  0.213403  -0.762817  0.645781  0.032827  -0.113484  -0.183684  0.976413  0.000212  0.015856  -0.013244  0.000000  0.000000  0.000000  1.000000  
19.783331 0.000227  -0.020474  0.011147  0.636735  0.740991  0.213306  -0.762686  0.645938  0.032792  -0.113484  -0.183566  0.976435  -0.000029  0.015655  -0.013721  0.000000  0.000000  0.000000  1.000000  
19.784342 0.000226  -0.020460  0.011130  0.636902  0.740900  0.213126  -0.762566  0.646075  0.032858  -0.113351  -0.183450  0.976472  -0.000337  0.015517  -0.013760  0.000000  0.000000  0.000000  1.000000  
19.785587 0.000222  -0.020444  0.011111  0.637059  0.740793  0.213029  -0.762435  0.646232  0.032824  -0.113351  -0.183332  0.976494  -0.000683  0.015405  -0.013702  0.000000  0.000000  0.000000  1.000000  
19.786837 0.000216  -0.020428  0.011095  0.637216  0.740686  0.212933  -0.762304  0.646388  0.032789  -0.113351  -0.183213  0.976516  -0.001031  0.015356  -0.013258  0.000000  0.000000  0.000000  1.000000  
19.788084 0.000213  -0.020412  0.011083  0.637540  0.740461  0.212746  -0.762053  0.646678  0.032898  -0.113218  -0.183098  0.976554  -0.001328  0.015154  -0.012842  0.000000  0.000000  0.000000  1.000000  
19.789345 0.000212  -0.020391  0.011069  0.637706  0.740344  0.212655  -0.761933  0.646812  0.033042  -0.113085  -0.183100  0.976568  -0.001587  0.014988  -0.012609  0.000000  0.000000  0.000000  1.000000  
19.790582 0.000212  -0.020368  0.011054  0.637863  0.740236  0.212558  -0.761802  0.646968  0.033008  -0.113085  -0.182982  0.976591  -0.001892  0.014901  -0.012401  0.000000  0.000000  0.000000  1.000000  
19.791831 0.000210  -0.020349  0.011038  0.638177  0.739970  0.212545  -0.761539  0.647273  0.033095  -0.113085  -0.182982  0.976591  -0.002190  0.014629  -0.012506  0.000000  0.000000  0.000000  1.000000  
19.792832 0.000205  -0.020337  0.011024  0.638343  0.739852  0.212454  -0.761420  0.647407  0.033239  -0.112952  -0.182985  0.976606  -0.002583  0.014193  -0.012863  0.000000  0.000000  0.000000  1.000000  
19.794081 0.000199  -0.020323  0.011006  0.638666  0.739627  0.212267  -0.761168  0.647697  0.033348  -0.112819  -0.182869  0.976643  -0.002908  0.013783  -0.013339  0.000000  0.000000  0.000000  1.000000  
19.795082 0.000193  -0.020313  0.010989  0.638823  0.739494  0.212260  -0.761037  0.647849  0.033392  -0.112819  -0.182869  0.976643  -0.003005  0.013495  -0.013901  0.000000  0.000000  0.000000  1.000000  
19.796331 0.000186  -0.020298  0.010967  0.639156  0.739284  0.211988  -0.760797  0.648120  0.033601  -0.112553  -0.182756  0.976694  -0.003084  0.013465  -0.014270  0.000000  0.000000  0.000000  1.000000  
19.797331 0.000181  -0.020286  0.010950  0.639322  0.739166  0.211897  -0.760677  0.648253  0.033744  -0.112420  -0.182759  0.976709  -0.003280  0.013402  -0.014265  0.000000  0.000000  0.000000  1.000000  
19.798333 0.000175  -0.020273  0.010933  0.639645  0.738915  0.211799  -0.760425  0.648539  0.033932  -0.112287  -0.182762  0.976724  -0.003472  0.013413  -0.014249  0.000000  0.000000  0.000000  1.000000  
19.799581 0.000169  -0.020257  0.010918  0.639977  0.738680  0.211617  -0.760184  0.648806  0.034219  -0.112021  -0.182767  0.976753  -0.003743  0.013277  -0.013853  -0.064802  0.081055  -0.165165  1.000000  
19.800585 0.000165  -0.020244  0.010907  0.640143  0.738587  0.211436  -0.760064  0.648943  0.034284  -0.111889  -0.182651  0.976790  -0.003792  0.013318  -0.013594  -0.064036  0.086675  -0.171040  1.000000  
19.801586 0.000160  -0.020231  0.010896  0.640309  0.738469  0.211345  -0.759944  0.649076  0.034427  -0.111756  -0.182654  0.976805  -0.003803  0.013381  -0.013521  -0.055639  0.093054  -0.178375  1.000000  
19.802587 0.000156  -0.020216  0.010883  0.640485  0.738367  0.211169  -0.759835  0.649191  0.034671  -0.111490  -0.182660  0.976834  -0.003833  0.013524  -0.013667  -0.051590  0.101885  -0.176727  1.000000  
19.803839 0.000154  -0.020195  0.010865  0.640651  0.738249  0.211078  -0.759714  0.649324  0.034814  -0.111357  -0.182662  0.976849  -0.003917  0.013621  -0.014030  -0.042671  0.107552  -0.182664  1.000000  
19.805085 0.000151  -0.020173  0.010842  0.640983  0.738014  0.210895  -0.759473  0.649591  0.035101  -0.111091  -0.182668  0.976878  -0.004104  0.013582  -0.014556  -0.037064  0.118914  -0.194515  1.000000  
19.806334 0.000147  -0.020154  0.010819  0.641324  0.737793  0.210627  -0.759243  0.649839  0.035487  -0.110692  -0.182676  0.976922  -0.004298  0.013478  -0.015106  -0.031991  0.132340  -0.197169  1.000000  
19.807581 0.000139  -0.020138  0.010796  0.641509  0.737707  0.210367  -0.759145  0.649935  0.035830  -0.110293  -0.182684  0.976966  -0.004497  0.013446  -0.015478  -0.027209  0.151122  -0.200591  1.000000  
19.808584 0.000131  -0.020126  0.010779  0.641694  0.737620  0.210106  -0.759047  0.650031  0.036173  -0.109894  -0.182692  0.977009  -0.004647  0.013487  -0.015635  -0.023401  0.165609  -0.199762  1.000000  
19.809833 0.000122  -0.020110  0.010758  0.641879  0.737534  0.209846  -0.758948  0.650126  0.036515  -0.109495  -0.182700  0.977052  -0.004797  0.013746  -0.015678  -0.019387  0.174451  -0.198136  1.000000  
19.811080 0.000112  -0.020092  0.010739  0.642063  0.737447  0.209585  -0.758850  0.650222  0.036858  -0.109096  -0.182709  0.977096  -0.005015  0.013958  -0.015524  -0.011187  0.186147  -0.194069  1.000000  
19.812083 0.000106  -0.020077  0.010724  0.642248  0.737336  0.209413  -0.758751  0.650314  0.037279  -0.108697  -0.182835  0.977116  -0.005093  0.014152  -0.015304  -0.006426  0.200573  -0.198304  1.000000  
19.813329 0.000097  -0.020058  0.010708  0.642432  0.737249  0.209152  -0.758652  0.650409  0.037622  -0.108298  -0.182843  0.977159  -0.005210  0.014308  -0.015025  -0.002429  0.213718  -0.195858  1.000000  
19.814581 0.000089  -0.020039  0.010691  0.642635  0.737194  0.208722  -0.758575  0.650468  0.038164  -0.107633  -0.182856  0.977230  -0.005338  0.014539  -0.015113  0.001521  0.231248  -0.192597  1.000000  
19.815582 0.000084  -0.020022  0.010676  0.642819  0.737108  0.208460  -0.758475  0.650563  0.038506  -0.107234  -0.182864  0.977273  -0.005381  0.014830  -0.015367  0.005519  0.244411  -0.190169  1.000000  
19.816849 0.000079  -0.019998  0.010655  0.643031  0.737069  0.207945  -0.758408  0.650603  0.039147  -0.106436  -0.182880  0.977357  -0.005332  0.015295  -0.015914  0.009527  0.268380  -0.187524  1.000000  
19.818087 0.000074  -0.019975  0.010632  0.643389  0.736880  0.207506  -0.758197  0.650813  0.039731  -0.105770  -0.182893  0.977427  -0.005395  0.015567  -0.016316  0.013528  0.290544  -0.183463  1.000000  
19.819103 0.000070  -0.019957  0.010614  0.643582  0.736784  0.207248  -0.758108  0.650886  0.040252  -0.105238  -0.183022  0.977460  -0.005642  0.015473  -0.016419  0.017524  0.303790  -0.180955  1.000000  
19.820337 0.000063  -0.019937  0.010592  0.643783  0.736729  0.206817  -0.758029  0.650944  0.040793  -0.104573  -0.183035  0.977529  -0.005963  0.015422  -0.016342  0.021525  0.325924  -0.176868  1.000000  
19.821585 0.000053  -0.019919  0.010574  0.644149  0.736556  0.206292  -0.757828  0.651135  0.041476  -0.103774  -0.183050  0.977611  -0.006212  0.015464  -0.015980  0.021433  0.352463  -0.171920  1.000000  
19.822595 0.000043  -0.019905  0.010559  0.644506  0.736368  0.205851  -0.757615  0.651345  0.042059  -0.103109  -0.183063  0.977679  -0.006392  0.015586  -0.015737  0.022078  0.371278  -0.175317  1.000000  
19.823836 0.000032  -0.019886  0.010542  0.644871  0.736195  0.205325  -0.757412  0.651536  0.042742  -0.102310  -0.183078  0.977760  -0.006526  0.015808  -0.015468  0.026048  0.393476  -0.171264  1.000000  
19.825080 0.000022  -0.019867  0.010524  0.645245  0.736038  0.204713  -0.757219  0.651709  0.043523  -0.101379  -0.183096  0.977854  -0.006528  0.016029  -0.015354  0.026461  0.422239  -0.170852  1.000000  
19.826330 0.000012  -0.019846  0.010505  0.645765  0.735706  0.204266  -0.756882  0.652046  0.044326  -0.100580  -0.183229  0.977911  -0.006567  0.016150  -0.015334  0.035146  0.441015  -0.174282  1.000000  
19.827581 0.000003  -0.019827  0.010485  0.646285  0.735398  0.203729  -0.756545  0.652389  0.045049  -0.099781  -0.183244  0.977990  -0.006582  0.016180  -0.015543  0.036056  0.468089  -0.178382  1.000000  
19.828581 -0.000004  -0.019811  0.010468  0.646648  0.735225  0.203200  -0.756339  0.652580  0.045730  -0.098982  -0.183259  0.978069  -0.006598  0.016291  -0.015839  0.036646  0.487036  -0.181848  1.000000  
19.829831 -0.000012  -0.019791  0.010446  0.647175  0.734934  0.202576  -0.756010  0.652903  0.046551  -0.098050  -0.183276  0.978160  -0.006721  0.016235  -0.016125  0.037238  0.514946  -0.183703  1.000000  
19.831081 -0.000018  -0.019768  0.010425  0.647865  0.734523  0.201856  -0.755556  0.653359  0.047513  -0.096985  -0.183295  0.978262  -0.006657  0.016339  -0.016196  0.042215  0.539372  -0.190684  1.000000  
19.832088 -0.000024  -0.019750  0.010407  0.648374  0.734175  0.201489  -0.755204  0.653714  0.048213  -0.096319  -0.183426  0.978303  -0.006830  0.016219  -0.016178  0.048281  0.560660  -0.207496  1.000000  
19.833331 -0.000033  -0.019730  0.010388  0.648907  0.733899  0.200777  -0.754882  0.654018  0.049132  -0.095254  -0.183445  0.978404  -0.007079  0.016094  -0.015917  0.048787  0.588256  -0.209314  1.000000  
19.834342 -0.000043  -0.019715  0.010375  0.649431  0.733607  0.200148  -0.754548  0.654341  0.049950  -0.094321  -0.183461  0.978491  -0.007522  0.015892  -0.015594  0.050417  0.617704  -0.220437  1.000000  
19.835587 -0.000057  -0.019698  0.010359  0.650126  0.733213  0.199338  -0.754098  0.654778  0.051008  -0.093123  -0.183482  0.978602  -0.007823  0.015714  -0.015292  0.051187  0.646161  -0.226441  1.000000  
19.836588 -0.000068  -0.019685  0.010347  0.650656  0.732936  0.198622  -0.753772  0.655082  0.051924  -0.092057  -0.183500  0.978700  -0.008001  0.015615  -0.015068  0.052753  0.680186  -0.236772  1.000000  
19.837590 -0.000079  -0.019671  0.010334  0.651178  0.732644  0.197990  -0.753435  0.655404  0.052740  -0.091124  -0.183516  0.978784  -0.008152  0.015567  -0.014998  0.053901  0.700338  -0.246995  1.000000  
19.838835 -0.000092  -0.019654  0.010315  0.651869  0.732249  0.197175  -0.752981  0.655840  0.053794  -0.089925  -0.183536  0.978891  -0.008281  0.015511  -0.015119  0.055685  0.730796  -0.262407  1.000000  
19.840087 -0.000105  -0.019635  0.010295  0.652568  0.731869  0.196273  -0.752534  0.656257  0.054946  -0.088592  -0.183558  0.979009  -0.008464  0.015445  -0.015316  0.057394  0.765483  -0.276930  1.000000  
19.841333 -0.000117  -0.019616  0.010274  0.653264  0.731490  0.195368  -0.752085  0.656675  0.056097  -0.087259  -0.183580  0.979124  -0.008670  0.015403  -0.015423  0.055005  0.800385  -0.291478  1.000000  
19.842583 -0.000129  -0.019596  0.010254  0.653959  0.731110  0.194462  -0.751634  0.657091  0.057246  -0.085926  -0.183601  0.979238  -0.008834  0.015372  -0.015339  0.056614  0.830692  -0.306850  1.000000  
19.843830 -0.000143  -0.019578  0.010235  0.654660  0.730723  0.193557  -0.751190  0.657482  0.058572  -0.084460  -0.183743  0.979339  -0.009162  0.015312  -0.015181  0.061751  0.862728  -0.317888  1.000000  
19.844869 -0.000152  -0.019561  0.010221  0.655183  0.730446  0.192831  -0.750853  0.657785  0.059482  -0.083393  -0.183759  0.979427  -0.009386  0.015182  -0.014895  0.063127  0.889035  -0.330391  1.000000  
19.846079 -0.000165  -0.019542  0.010205  0.655889  0.730098  0.191747  -0.750413  0.658164  0.060825  -0.081793  -0.183784  0.979558  -0.009825  0.015072  -0.014642  0.064123  0.921862  -0.341776  1.000000  
19.847330 -0.000179  -0.019523  0.010190  0.656431  0.729846  0.190849  -0.750098  0.658404  0.062108  -0.080326  -0.183925  0.979653  -0.010278  0.014862  -0.014265  0.068242  0.945220  -0.344435  1.000000  
19.848333 -0.000193  -0.019509  0.010178  0.656957  0.729586  0.190033  -0.749764  0.658688  0.063113  -0.079126  -0.183942  0.979747  -0.010657  0.014732  -0.014004  0.069044  0.969385  -0.353701  1.000000  
19.849581 -0.000212  -0.019494  0.010163  0.657650  0.729198  0.189118  -0.749310  0.659078  0.064433  -0.077659  -0.184083  0.979838  -0.011052  0.014531  -0.013913  0.070372  0.999674  -0.368912  1.000000  
19.850586 -0.000226  -0.019482  0.010150  0.658335  0.728818  0.188199  -0.748845  0.659493  0.065574  -0.076325  -0.184102  0.979939  -0.011269  0.014433  -0.013977  0.071595  1.027906  -0.382149  1.000000  
19.851837 -0.000242  -0.019465  0.010132  0.658884  0.728600  0.187121  -0.748537  0.659694  0.067049  -0.074590  -0.184245  0.980046  -0.011430  0.014415  -0.014167  0.075560  1.060029  -0.383077  1.000000  
19.853087 -0.000257  -0.019447  0.010112  0.659592  0.728284  0.185851  -0.748098  0.660035  0.068581  -0.072722  -0.184270  0.980182  -0.011614  0.014586  -0.014422  0.076017  1.098076  -0.390110  1.000000  
19.854088 -0.000270  -0.019432  0.010098  0.660117  0.728017  0.185029  -0.747763  0.660292  0.069759  -0.071388  -0.184407  0.980254  -0.011635  0.014516  -0.014167  0.080094  1.121321  -0.392668  1.000000  
19.855330 -0.000284  -0.019413  0.010082  0.660820  0.727702  0.183755  -0.747318  0.660632  0.071287  -0.069519  -0.184431  0.980384  -0.011781  0.014524  -0.013854  0.080502  1.159521  -0.399753  1.000000  
19.856582 -0.000299  -0.019394  0.010067  0.661367  0.727501  0.182582  -0.747005  0.660814  0.072855  -0.067650  -0.184574  0.980488  -0.011988  0.014530  -0.013506  0.079644  1.190448  -0.393849  1.000000  
19.857582 -0.000311  -0.019378  0.010057  0.662047  0.727137  0.181565  -0.746534  0.661209  0.074085  -0.066182  -0.184592  0.980584  -0.012083  0.014560  -0.013118  0.080131  1.219366  -0.402428  1.000000  
19.858830 -0.000325  -0.019359  0.010046  0.662743  0.726800  0.180372  -0.746080  0.661540  0.075689  -0.064313  -0.184734  0.980682  -0.012228  0.014537  -0.012583  0.083913  1.251826  -0.403461  1.000000  
19.859831 -0.000338  -0.019344  0.010036  0.663266  0.726550  0.179454  -0.745741  0.661777  0.076959  -0.062844  -0.184870  0.980752  -0.012410  0.014540  -0.012391  0.087185  1.273389  -0.401037  1.000000  
19.861080 -0.000353  -0.019325  0.010023  0.663962  0.726230  0.178169  -0.745287  0.662088  0.078657  -0.060841  -0.185012  0.980851  -0.012556  0.014381  -0.012069  0.090261  1.304132  -0.395277  1.000000  
19.862080 -0.000365  -0.019311  0.010012  0.664481  0.725981  0.177247  -0.744943  0.662324  0.079924  -0.059372  -0.185147  0.980916  -0.012583  0.014337  -0.012039  0.089607  1.330781  -0.390311  1.000000  
19.863080 -0.000379  -0.019299  0.010000  0.664999  0.725753  0.176236  -0.744597  0.662569  0.081111  -0.057902  -0.185163  0.981000  -0.012642  0.014221  -0.012082  0.088870  1.352400  -0.386154  1.000000  
19.864088 -0.000392  -0.019287  0.009988  0.665668  0.725368  0.175295  -0.744111  0.662953  0.082412  -0.056433  -0.185298  0.981061  -0.012475  0.014212  -0.012077  0.093379  1.374101  -0.394552  1.000000  
19.865330 -0.000407  -0.019271  0.009972  0.666355  0.725049  0.174001  -0.743646  0.663263  0.084103  -0.054429  -0.185438  0.981147  -0.012376  0.014193  -0.012084  0.096217  1.399056  -0.391388  1.000000  
19.866582 -0.000422  -0.019255  0.009958  0.667034  0.724692  0.172880  -0.743171  0.663580  0.085776  -0.052559  -0.185694  0.981201  -0.012249  0.014242  -0.011791  0.103272  1.416676  -0.387998  1.000000  
19.867609 -0.000433  -0.019239  0.009947  0.667701  0.724324  0.171843  -0.742684  0.663945  0.087170  -0.050955  -0.185829  0.981260  -0.012119  0.014338  -0.011431  0.107179  1.440190  -0.388283  1.000000  
19.868833 -0.000448  -0.019221  0.009936  0.668384  0.724023  0.170454  -0.742213  0.664234  0.088953  -0.048817  -0.185968  0.981342  -0.012096  0.014303  -0.011063  0.109922  1.470388  -0.384715  1.000000  
19.869837 -0.000459  -0.019207  0.009928  0.669046  0.723655  0.169413  -0.741720  0.664598  0.090344  -0.047213  -0.186101  0.981396  -0.012013  0.014231  -0.010619  0.113955  1.491589  -0.386249  1.000000  
19.871086 -0.000472  -0.019189  0.009920  0.669872  0.723200  0.168087  -0.741099  0.665054  0.092060  -0.045209  -0.186237  0.981464  -0.011958  0.014154  -0.010202  0.117379  1.514820  -0.388804  1.000000  
19.872329 -0.000485  -0.019171  0.009911  0.670698  0.722743  0.166756  -0.740479  0.665480  0.093952  -0.043070  -0.186493  0.981512  -0.011824  0.014046  -0.009905  0.124336  1.540098  -0.392357  1.000000  
19.873337 -0.000495  -0.019157  0.009903  0.671357  0.722392  0.165619  -0.739981  0.665823  0.095435  -0.041332  -0.186626  0.981561  -0.011718  0.013974  -0.009860  0.124258  1.561495  -0.393753  1.000000  
19.874628 -0.000509  -0.019140  0.009892  0.672176  0.721955  0.164195  -0.739353  0.666259  0.097241  -0.039193  -0.186761  0.981623  -0.011601  0.013754  -0.009743  0.127570  1.589189  -0.395477  1.000000  
19.875833 -0.000523  -0.019125  0.009880  0.673144  0.721362  0.162834  -0.738583  0.666830  0.099158  -0.037054  -0.187014  0.981658  -0.011532  0.013593  -0.009732  0.135285  1.609773  -0.405665  1.000000  
19.877082 -0.000538  -0.019111  0.009869  0.673952  0.720889  0.161578  -0.737943  0.667271  0.100943  -0.035048  -0.187266  0.981684  -0.011458  0.013413  -0.009483  0.138956  1.630221  -0.415706  1.000000  
19.878331 -0.000553  -0.019097  0.009859  0.674915  0.720313  0.160120  -0.737167  0.667822  0.102951  -0.032775  -0.187519  0.981714  -0.011394  0.013316  -0.009160  0.145821  1.655740  -0.425718  1.000000  
19.879578 -0.000569  -0.019084  0.009851  0.676020  0.719566  0.158814  -0.736241  0.668557  0.104795  -0.030769  -0.187769  0.981731  -0.011364  0.013197  -0.008730  0.149721  1.677246  -0.442381  1.000000  
19.880578 -0.000580  -0.019072  0.009844  0.676815  0.719077  0.157635  -0.735585  0.669012  0.106474  -0.028896  -0.188018  0.981740  -0.011274  0.013112  -0.008252  0.157006  1.696523  -0.445759  1.000000  
19.881578 -0.000591  -0.019059  0.009839  0.677608  0.718608  0.156366  -0.734927  0.669480  0.108070  -0.027024  -0.188147  0.981769  -0.011268  0.013027  -0.007890  0.156489  1.716613  -0.455744  1.000000  
19.882593 -0.000602  -0.019047  0.009835  0.678397  0.718120  0.155181  -0.734265  0.669934  0.109744  -0.025151  -0.188394  0.981771  -0.011288  0.012806  -0.007493  0.165085  1.732600  -0.472726  1.000000  
19.883850 -0.000616  -0.019031  0.009829  0.679494  0.717425  0.153589  -0.733329  0.670608  0.111865  -0.022744  -0.188643  0.981782  -0.011236  0.012624  -0.007133  0.168489  1.758511  -0.488620  1.000000  
19.885082 -0.000630  -0.019016  0.009822  0.680589  0.716765  0.151814  -0.732391  0.671244  0.114173  -0.020068  -0.188892  0.981793  -0.011238  0.012494  -0.006974  0.175790  1.789592  -0.503999  1.000000  
19.886084 -0.000641  -0.019005  0.009815  0.681519  0.716175  0.150416  -0.731577  0.671837  0.115884  -0.018062  -0.189018  0.981807  -0.011277  0.012324  -0.006989  0.178315  1.806983  -0.521938  1.000000  
19.887332 -0.000655  -0.018990  0.009807  0.682602  0.715498  0.148719  -0.730626  0.672489  0.118088  -0.015520  -0.189265  0.981803  -0.011386  0.012050  -0.006951  0.181316  1.836557  -0.536697  1.000000  
19.888335 -0.000666  -0.018979  0.009800  0.683524  0.714909  0.147312  -0.729803  0.673080  0.119791  -0.013513  -0.189389  0.981809  -0.011378  0.011858  -0.006909  0.181634  1.858636  -0.553665  1.000000  
19.889582 -0.000681  -0.018965  0.009792  0.684747  0.714129  0.145402  -0.728700  0.673873  0.122030  -0.010837  -0.189514  0.981818  -0.011454  0.011709  -0.006684  0.180651  1.890681  -0.575721  1.000000  
19.890827 -0.000696  -0.018953  0.009784  0.685964  0.713348  0.143482  -0.727591  0.674630  0.124440  -0.008028  -0.189758  0.981798  -0.011556  0.011455  -0.006367  0.186436  1.921207  -0.597042  1.000000  
19.891827 -0.000708  -0.018943  0.009781  0.686873  0.712794  0.141880  -0.726754  0.675182  0.126322  -0.005753  -0.189880  0.981791  -0.011559  0.011364  -0.006024  0.185334  1.951401  -0.612057  1.000000  
19.892828 -0.000721  -0.018933  0.009777  0.687778  0.712239  0.140275  -0.725913  0.675733  0.128201  -0.003479  -0.190001  0.981778  -0.011587  0.011307  -0.005735  0.184151  1.981572  -0.627055  1.000000  
19.893831 -0.000732  -0.018923  0.009774  0.688827  0.711511  0.138815  -0.724925  0.676432  0.130090  -0.001338  -0.190240  0.981737  -0.011538  0.011225  -0.005366  0.188199  2.010046  -0.644007  1.000000  
19.894831 -0.000743  -0.018912  0.009772  0.689722  0.710975  0.137109  -0.724074  0.676963  0.132056  0.001070  -0.190359  0.981714  -0.011416  0.011231  -0.005104  0.185524  2.037542  -0.657729  1.000000  
19.895832 -0.000753  -0.018901  0.009768  0.690761  0.710264  0.135549  -0.723075  0.677641  0.134032  0.003345  -0.190596  0.981663  -0.011360  0.011158  -0.004991  0.189343  2.070543  -0.673957  1.000000  
19.897082 -0.000765  -0.018886  0.009764  0.691942  0.709486  0.133591  -0.721927  0.678390  0.136411  0.006155  -0.190832  0.981603  -0.011195  0.011099  -0.004883  0.190330  2.099795  -0.694327  1.000000  
19.898331 -0.000776  -0.018872  0.009759  0.693115  0.708691  0.131713  -0.720771  0.679121  0.138866  0.008964  -0.191185  0.981513  -0.011011  0.011020  -0.004825  0.196161  2.125712  -0.709878  1.000000  
19.899331 -0.000785  -0.018861  0.009755  0.694138  0.707964  0.130226  -0.719756  0.679813  0.140733  0.011105  -0.191419  0.981446  -0.010849  0.010938  -0.004778  0.194621  2.148718  -0.733040  1.000000  
19.900593 -0.000797  -0.018847  0.009749  0.695297  0.707204  0.128156  -0.718585  0.680538  0.143189  0.014048  -0.191650  0.981363  -0.010734  0.010867  -0.004696  0.197418  2.186153  -0.748695  1.000000  
19.901839 -0.000807  -0.018833  0.009744  0.696448  0.706430  0.126165  -0.717406  0.681244  0.145720  0.016992  -0.191998  0.981248  -0.010493  0.010812  -0.004387  0.202985  2.221019  -0.762585  1.000000  
19.903087 -0.000819  -0.018820  0.009741  0.697590  0.705656  0.124167  -0.716219  0.681948  0.148245  0.019935  -0.192345  0.981125  -0.010401  0.010748  -0.003990  0.204293  2.247959  -0.778314  1.000000  
19.904092 -0.000829  -0.018810  0.009740  0.698584  0.704984  0.122381  -0.715175  0.682578  0.150374  0.022476  -0.192572  0.981025  -0.010274  0.010719  -0.003618  0.205942  2.277933  -0.792993  1.000000  
19.905331 -0.000841  -0.018798  0.009739  0.699856  0.704104  0.120160  -0.713826  0.683423  0.152921  0.025553  -0.192796  0.980906  -0.010033  0.010693  -0.003144  0.203007  2.314992  -0.813916  1.000000  
19.906332 -0.000851  -0.018787  0.009740  0.700695  0.703538  0.118577  -0.712918  0.683942  0.154827  0.027827  -0.193022  0.980800  -0.009887  0.010717  -0.002803  0.203282  2.333559  -0.813453  1.000000  
19.907334 -0.000859  -0.018776  0.009740  0.701675  0.702817  0.117044  -0.711861  0.684585  0.156835  0.030100  -0.193367  0.980665  -0.009586  0.010787  -0.002649  0.206289  2.358875  -0.825427  1.000000  
19.908708 -0.000869  -0.018761  0.009739  0.702635  0.702189  0.115044  -0.710783  0.685135  0.159306  0.033042  -0.193705  0.980503  -0.009172  0.010864  -0.002375  0.206279  2.376823  -0.822867  1.000000  
19.909830 -0.000877  -0.018745  0.009737  0.703730  0.701438  0.112912  -0.709549  0.685808  0.161887  0.036118  -0.194042  0.980328  -0.008956  0.011115  -0.002350  0.207916  2.421132  -0.833359  1.000000  
19.910832 -0.000885  -0.018733  0.009737  0.704542  0.700879  0.111303  -0.708615  0.686283  0.163951  0.038524  -0.194381  0.980169  -0.008788  0.011195  -0.002119  0.213221  2.439541  -0.835854  1.000000  
19.912089 -0.000894  -0.018717  0.009736  0.705625  0.700099  0.109335  -0.707371  0.686951  0.166509  0.041466  -0.194833  0.979959  -0.008638  0.011292  -0.001861  0.217931  2.462956  -0.837339  1.000000  
19.913331 -0.000904  -0.018700  0.009737  0.706700  0.699333  0.107274  -0.706118  0.687636  0.168978  0.044407  -0.195165  0.979765  -0.008552  0.011459  -0.001451  0.214462  2.483021  -0.840021  1.000000  
19.914331 -0.000913  -0.018688  0.009739  0.707494  0.698765  0.105733  -0.705167  0.688085  0.171110  0.046812  -0.195619  0.979562  -0.008553  0.011578  -0.000985  0.222071  2.491884  -0.840716  1.000000  
19.915583 -0.000926  -0.018671  0.009744  0.708554  0.697989  0.103745  -0.703901  0.688744  0.173650  0.049753  -0.196066  0.979328  -0.008616  0.011739  -0.000318  0.230511  2.503128  -0.845243  1.000000  
19.916585 -0.000936  -0.018659  0.009749  0.709340  0.697405  0.102286  -0.702944  0.689207  0.175681  0.052024  -0.196519  0.979119  -0.008728  0.011767  0.000223  0.235674  2.510961  -0.842157  1.000000  
19.917596 -0.000947  -0.018646  0.009754  0.710122  0.696822  0.100824  -0.701982  0.689668  0.177707  0.054296  -0.196970  0.978905  -0.008820  0.011929  0.000884  0.246673  2.520472  -0.842793  1.000000  
19.918596 -0.000958  -0.018634  0.009760  0.710893  0.696260  0.099263  -0.701010  0.690108  0.179822  0.056700  -0.197419  0.978678  -0.008929  0.012103  0.001372  0.255958  2.533638  -0.839260  1.000000  
19.919832 -0.000973  -0.018617  0.009767  0.711931  0.695459  0.097428  -0.699724  0.690754  0.182331  0.059505  -0.197980  0.978398  -0.009068  0.012392  0.001829  0.262897  2.542439  -0.841940  1.000000  
19.920833 -0.000984  -0.018604  0.009772  0.712851  0.694700  0.096100  -0.698613  0.691388  0.184181  0.061509  -0.198430  0.978183  -0.009182  0.012555  0.002216  0.273930  2.532461  -0.845354  1.000000  
19.921833 -0.000993  -0.018589  0.009778  0.713756  0.693980  0.094580  -0.697485  0.691983  0.186210  0.063779  -0.198876  0.977947  -0.009250  0.012858  0.002640  0.282926  2.533882  -0.851234  1.000000  
19.922836 -0.001003  -0.018574  0.009784  0.714523  0.693365  0.093281  -0.696512  0.692470  0.188033  0.065781  -0.199325  0.977723  -0.009362  0.013116  0.003044  0.288415  2.523696  -0.845089  1.000000  
19.924084 -0.001015  -0.018555  0.009792  0.715534  0.692559  0.091505  -0.695203  0.693082  0.190605  0.068585  -0.199999  0.977393  -0.009508  0.013373  0.003644  0.305154  2.524711  -0.844125  1.000000  
19.925186 -0.001025  -0.018539  0.009800  0.716292  0.691947  0.090196  -0.694221  0.693565  0.192419  0.070587  -0.200445  0.977159  -0.009653  0.013446  0.004326  0.309664  2.506211  -0.835212  1.000000  
19.926331 -0.001037  -0.018520  0.009812  0.717439  0.690982  0.088462  -0.692759  0.694331  0.194908  0.073256  -0.201117  0.976824  -0.009903  0.013757  0.005057  0.320218  2.507284  -0.848284  1.000000  
19.927332 -0.001048  -0.018504  0.009824  0.718322  0.690238  0.087093  -0.691614  0.694908  0.196907  0.075391  -0.201677  0.976546  -0.010102  0.013946  0.005871  0.332247  2.509985  -0.851061  1.000000  
19.928605 -0.001061  -0.018485  0.009838  0.719446  0.689296  0.085250  -0.690133  0.695649  0.199473  0.078192  -0.202344  0.976188  -0.010312  0.014174  0.006744  0.340408  2.507948  -0.848698  1.000000  
19.929831 -0.001074  -0.018465  0.009854  0.720719  0.688174  0.083546  -0.688511  0.696564  0.201869  0.080726  -0.203013  0.975843  -0.010378  0.014392  0.007518  0.352892  2.508822  -0.862506  1.000000  
19.930832 -0.001086  -0.018450  0.009867  0.721734  0.687271  0.082212  -0.687209  0.697292  0.203780  0.082727  -0.203572  0.975559  -0.010445  0.014618  0.008171  0.358566  2.497222  -0.873607  1.000000  
19.932082 -0.001099  -0.018431  0.009882  0.723000  0.686122  0.080670  -0.685583  0.698194  0.206158  0.085127  -0.204358  0.975188  -0.010533  0.014794  0.008732  0.374428  2.482695  -0.888975  1.000000  
19.933084 -0.001110  -0.018415  0.009895  0.724003  0.685221  0.079323  -0.684273  0.698915  0.208059  0.087126  -0.204914  0.974894  -0.010526  0.014974  0.009208  0.378749  2.472597  -0.903673  1.000000  
19.934094 -0.001121  -0.018399  0.009908  0.725000  0.684312  0.078055  -0.682958  0.699608  0.210040  0.089125  -0.205587  0.974572  -0.010457  0.015197  0.009722  0.394980  2.456423  -0.909996  1.000000  
19.935338 -0.001134  -0.018379  0.009924  0.726246  0.683166  0.076491  -0.681315  0.700497  0.212401  0.091524  -0.206370  0.974184  -0.010324  0.015515  0.010367  0.406653  2.437525  -0.926271  1.000000  
19.936586 -0.001146  -0.018357  0.009942  0.727624  0.681869  0.074957  -0.679516  0.701494  0.214856  0.093922  -0.207268  0.973765  -0.010312  0.015747  0.011133  0.422148  2.429266  -0.947523  1.000000  
19.937830 -0.001157  -0.018335  0.009962  0.728993  0.680582  0.073330  -0.677711  0.702513  0.217218  0.096319  -0.208047  0.973365  -0.010222  0.015960  0.011904  0.433787  2.415505  -0.965144  1.000000  
19.938833 -0.001166  -0.018318  0.009980  0.729955  0.679699  0.071939  -0.676368  0.703171  0.219266  0.098450  -0.208712  0.973009  -0.010225  0.016062  0.012614  0.446376  2.411927  -0.977969  1.000000  
19.940082 -0.001177  -0.018296  0.010003  0.731308  0.678406  0.070378  -0.674550  0.704153  0.221701  0.100846  -0.209605  0.972572  -0.010239  0.016341  0.013570  0.456393  2.393918  -1.006646  1.000000  
19.941329 -0.001189  -0.018274  0.010027  0.732643  0.677144  0.068630  -0.672717  0.705137  0.224130  0.103375  -0.210376  0.972140  -0.010162  0.016385  0.014316  0.467263  2.384616  -1.022725  1.000000  
19.942331 -0.001200  -0.018258  0.010045  0.733882  0.675933  0.067317  -0.671075  0.706099  0.226014  0.105238  -0.211042  0.971795  -0.010122  0.016451  0.014772  0.474272  2.377537  -1.050712  1.000000  
19.943333 -0.001210  -0.018240  0.010064  0.734829  0.675034  0.065994  -0.669722  0.706760  0.227953  0.107234  -0.211704  0.971433  -0.010083  0.016608  0.015364  0.481958  2.364033  -1.071782  1.000000  
19.944580 -0.001222  -0.018218  0.010087  0.736277  0.673623  0.064255  -0.667719  0.707841  0.230461  0.109761  -0.212587  0.970958  -0.010055  0.016749  0.015677  0.487240  2.362344  -1.099306  1.000000  
19.945831 -0.001235  -0.018197  0.010110  0.737589  0.672345  0.062569  -0.665871  0.708824  0.232774  0.112154  -0.213354  0.970516  -0.009977  0.016909  0.016228  0.494335  2.349316  -1.120674  1.000000  
19.947081 -0.001249  -0.018175  0.010135  0.739040  0.670894  0.061003  -0.663875  0.709931  0.235092  0.114414  -0.214240  0.970057  -0.009967  0.017077  0.016806  0.499403  2.339129  -1.149606  1.000000  
19.948083 -0.001260  -0.018158  0.010154  0.740232  0.669701  0.059636  -0.662197  0.710823  0.237119  0.116408  -0.215014  0.969649  -0.009994  0.017152  0.017288  0.505594  2.332283  -1.177229  1.000000  
19.949333 -0.001274  -0.018135  0.010181  0.741654  0.668274  0.057955  -0.660178  0.711899  0.239509  0.118800  -0.215893  0.969163  -0.010066  0.017337  0.018052  0.512002  2.320851  -1.205866  1.000000  
19.950588 -0.001288  -0.018112  0.010209  0.742919  0.667010  0.056297  -0.658295  0.712783  0.242051  0.121323  -0.216884  0.968629  -0.010183  0.017458  0.018791  0.520949  2.326453  -1.223130  1.000000  
19.951840 -0.001303  -0.018090  0.010237  0.744322  0.665579  0.054676  -0.656262  0.713816  0.244512  0.123714  -0.217877  0.968104  -0.010339  0.017532  0.019434  0.531244  2.322444  -1.249381  1.000000  
19.953087 -0.001318  -0.018066  0.010265  0.745567  0.664320  0.052998  -0.654365  0.714687  0.247038  0.126236  -0.218863  0.967555  -0.010599  0.017667  0.019948  0.537086  2.323799  -1.268194  1.000000  
19.954089 -0.001331  -0.018049  0.010288  0.746720  0.663128  0.051670  -0.652661  0.715523  0.249119  0.128227  -0.219746  0.967093  -0.010906  0.017650  0.020226  0.546907  2.321485  -1.294873  1.000000  
19.955332 -0.001348  -0.018026  0.010315  0.747935  0.661895  0.049877  -0.650741  0.716363  0.251716  0.130880  -0.220724  0.966515  -0.011212  0.017708  0.020536  0.553604  2.331812  -1.305903  1.000000  
19.956333 -0.001361  -0.018009  0.010337  0.748939  0.660861  0.048506  -0.649181  0.717082  0.253687  0.132869  -0.221486  0.966069  -0.011494  0.017748  0.020768  0.556323  2.329822  -1.317470  1.000000  
19.957617 -0.001379  -0.017987  0.010364  0.750296  0.659435  0.046917  -0.647118  0.718054  0.256197  0.135256  -0.222585  0.965485  -0.011784  0.017702  0.020915  0.569078  2.319011  -1.336120  1.000000  
19.958831 -0.001397  -0.017966  0.010390  0.751643  0.658011  0.045318  -0.645048  0.719019  0.258698  0.137642  -0.223681  0.964894  -0.012209  0.017699  0.021155  0.577577  2.320171  -1.355817  1.000000  
19.960088 -0.001415  -0.017944  0.010418  0.752966  0.656613  0.043610  -0.642960  0.719957  0.261276  0.140159  -0.224771  0.964279  -0.012570  0.017745  0.021467  0.589348  2.322790  -1.367760  1.000000  
19.961331 -0.001435  -0.017922  0.010447  0.754264  0.655245  0.041714  -0.640853  0.720900  0.263840  0.142808  -0.225738  0.963664  -0.012940  0.017747  0.021786  0.589420  2.337070  -1.374953  1.000000  
19.962331 -0.001450  -0.017905  0.010470  0.755230  0.654215  0.040384  -0.639267  0.721562  0.265867  0.144795  -0.226607  0.963164  -0.013244  0.017735  0.022064  0.599118  2.338835  -1.381280  1.000000  
19.963580 -0.001469  -0.017883  0.010499  0.756523  0.652825  0.038646  -0.637161  0.722480  0.268419  0.147309  -0.227689  0.962527  -0.013530  0.017705  0.022287  0.603175  2.349013  -1.389251  1.000000  
