1-Time 2-Px 3-Py 4-Pz 5-R11 6-R21 7-R31 8-R12 9-R22 10-R32 11-R13 12-R23 13-R33 14-Vx 15-Vy 16-Vz 17-Wx 18-Wy 19-Wz 20-state
122.083671 0.016552  -0.040817  0.013163  0.560560  0.796862  0.225352  -0.816640  0.577075  -0.009201  -0.137377  -0.178873  0.974234  0.001205  0.000477  0.000818  0.000000  0.000000  0.000000  1.000000  
122.084815 0.016554  -0.040816  0.013161  0.560560  0.796862  0.225352  -0.816640  0.577075  -0.009201  -0.137377  -0.178873  0.974234  0.001923  0.001339  -0.001337  0.000000  0.000000  0.000000  1.000000  
122.085928 0.016560  -0.040803  0.013153  0.560560  0.796862  0.225352  -0.816640  0.577075  -0.009201  -0.137377  -0.178873  0.974234  0.003369  0.006724  -0.004517  0.000000  0.000000  0.000000  1.000000  
122.087070 0.016568  -0.040781  0.013137  0.560728  0.796743  0.225354  -0.816524  0.577239  -0.009155  -0.137377  -0.178873  0.974234  0.004850  0.011139  -0.007801  0.000000  0.000000  0.000000  1.000000  
122.088307 0.016574  -0.040763  0.013126  0.560728  0.796771  0.225257  -0.816524  0.577237  -0.009225  -0.137377  -0.178755  0.974256  0.004851  0.012068  -0.008202  0.000000  0.000000  0.000000  1.000000  
122.089308 0.016575  -0.040753  0.013124  0.560718  0.796784  0.225234  -0.816509  0.577256  -0.009402  -0.137509  -0.178634  0.974259  0.004037  0.011669  -0.007023  0.000000  0.000000  0.000000  1.000000  
122.090557 0.016570  -0.040740  0.013124  0.560549  0.796931  0.225135  -0.816624  0.577091  -0.009519  -0.137509  -0.178515  0.974281  0.002679  0.011509  -0.005680  0.000000  0.000000  0.000000  1.000000  
122.091560 0.016564  -0.040725  0.013121  0.560549  0.796958  0.225039  -0.816624  0.577090  -0.009589  -0.137509  -0.178397  0.974303  0.001477  0.011848  -0.005341  0.000000  0.000000  0.000000  1.000000  
122.092807 0.016555  -0.040704  0.013115  0.560381  0.797077  0.225037  -0.816740  0.576926  -0.009635  -0.137509  -0.178397  0.974303  0.000247  0.012616  -0.005255  0.000000  0.000000  0.000000  1.000000  
122.093809 0.016547  -0.040687  0.013111  0.560392  0.797090  0.224963  -0.816755  0.576906  -0.009528  -0.137377  -0.178401  0.974321  -0.000545  0.013004  -0.005171  0.000000  0.000000  0.000000  1.000000  
122.094811 0.016541  -0.040671  0.013107  0.560402  0.797104  0.224889  -0.816770  0.576886  -0.009420  -0.137244  -0.178404  0.974339  -0.000999  0.013311  -0.005028  0.000000  0.000000  0.000000  1.000000  
122.096064 0.016535  -0.040649  0.013102  0.560412  0.797117  0.224816  -0.816785  0.576867  -0.009313  -0.137112  -0.178407  0.974357  -0.001392  0.013715  -0.004964  0.000000  0.000000  0.000000  1.000000  
122.097080 0.016530  -0.040629  0.013095  0.560255  0.797277  0.224643  -0.816916  0.576682  -0.009321  -0.136979  -0.178292  0.974397  -0.001693  0.014161  -0.005090  0.000000  0.000000  0.000000  1.000000  
122.098317 0.016522  -0.040599  0.013079  0.560255  0.797304  0.224546  -0.816916  0.576680  -0.009391  -0.136979  -0.178174  0.974418  -0.002058  0.015058  -0.005761  0.000000  0.000000  0.000000  1.000000  
122.099564 0.016517  -0.040562  0.013058  0.560244  0.797318  0.224523  -0.816901  0.576699  -0.009569  -0.137112  -0.178053  0.974422  -0.002426  0.017032  -0.006952  0.000000  0.000000  0.000000  1.000000  
122.100813 0.016519  -0.040519  0.013041  0.560244  0.797345  0.224427  -0.816901  0.576698  -0.009639  -0.137112  -0.177934  0.974443  -0.002724  0.019079  -0.007507  0.000000  0.000000  0.000000  1.000000  
122.101858 0.016523  -0.040483  0.013031  0.560244  0.797372  0.224330  -0.816901  0.576697  -0.009709  -0.137112  -0.177816  0.974465  -0.003055  0.020130  -0.007193  0.000000  0.000000  0.000000  1.000000  
122.103060 0.016522  -0.040441  0.013022  0.560412  0.797308  0.224139  -0.816785  0.576858  -0.009802  -0.137112  -0.177580  0.974508  -0.003396  0.021697  -0.007030  0.000000  0.000000  0.000000  1.000000  
122.104067 0.016516  -0.040408  0.013017  0.560412  0.797335  0.224042  -0.816785  0.576857  -0.009872  -0.137112  -0.177462  0.974530  -0.003972  0.023382  -0.007251  0.000000  0.000000  0.000000  1.000000  
122.105309 0.016503  -0.040368  0.013009  0.560570  0.797230  0.224021  -0.816655  0.577040  -0.010004  -0.137244  -0.177340  0.974533  -0.004583  0.025166  -0.007840  0.000000  0.000000  0.000000  1.000000  
122.106309 0.016493  -0.040337  0.013001  0.560570  0.797257  0.223924  -0.816655  0.577039  -0.010074  -0.137244  -0.177222  0.974554  -0.004792  0.026339  -0.008178  0.000000  0.000000  0.000000  1.000000  
122.107559 0.016484  -0.040298  0.012988  0.560560  0.797244  0.223998  -0.816640  0.577058  -0.010181  -0.137377  -0.177219  0.974536  -0.004790  0.027511  -0.008602  0.000000  0.000000  0.000000  1.000000  
122.108562 0.016478  -0.040268  0.012977  0.560728  0.797125  0.224000  -0.816524  0.577222  -0.010135  -0.137377  -0.177219  0.974536  -0.004693  0.028431  -0.009073  0.000000  0.000000  0.000000  1.000000  
122.109563 0.016474  -0.040236  0.012962  0.560728  0.797125  0.224000  -0.816524  0.577222  -0.010135  -0.137377  -0.177219  0.974536  -0.004595  0.029452  -0.009866  0.000000  0.000000  0.000000  1.000000  
122.110809 0.016466  -0.040195  0.012945  0.561074  0.796901  0.223931  -0.816308  0.577531  -0.009935  -0.137244  -0.177222  0.974554  -0.004675  0.030827  -0.010618  0.000000  0.000000  0.000000  1.000000  
122.111809 0.016459  -0.040159  0.012931  0.561074  0.796901  0.223931  -0.816308  0.577531  -0.009935  -0.137244  -0.177222  0.974554  -0.004869  0.031712  -0.011065  0.000000  0.000000  0.000000  1.000000  
122.112809 0.016452  -0.040122  0.012918  0.561411  0.796663  0.223935  -0.816077  0.577859  -0.009843  -0.137244  -0.177222  0.974554  -0.004913  0.032664  -0.011161  0.000000  0.000000  0.000000  1.000000  
122.113815 0.016445  -0.040085  0.012908  0.561579  0.796544  0.223937  -0.815962  0.578023  -0.009797  -0.137244  -0.177222  0.974554  -0.004956  0.033443  -0.010732  0.000000  0.000000  0.000000  1.000000  
122.114815 0.016440  -0.040047  0.012900  0.561736  0.796411  0.224013  -0.815831  0.578206  -0.009858  -0.137377  -0.177219  0.974536  -0.005253  0.033804  -0.010255  0.000000  0.000000  0.000000  1.000000  
122.115816 0.016435  -0.040007  0.012894  0.561894  0.796279  0.224089  -0.815700  0.578390  -0.009920  -0.137509  -0.177215  0.974518  -0.005744  0.034142  -0.009745  0.000000  0.000000  0.000000  1.000000  
122.117065 0.016427  -0.039956  0.012888  0.562051  0.796146  0.224165  -0.815569  0.578573  -0.009981  -0.137642  -0.177212  0.974500  -0.006405  0.034601  -0.009412  0.000000  0.000000  0.000000  1.000000  
122.118361 0.016412  -0.039910  0.012878  0.562387  0.795908  0.224169  -0.815338  0.578901  -0.009889  -0.137642  -0.177212  0.974500  -0.007247  0.034763  -0.009555  0.000000  0.000000  0.000000  1.000000  
122.119562 0.016389  -0.039869  0.012865  0.562712  0.795656  0.224247  -0.815091  0.579248  -0.009904  -0.137774  -0.177209  0.974482  -0.008024  0.034956  -0.009923  0.000000  0.000000  0.000000  1.000000  
122.120809 0.016368  -0.039830  0.012851  0.563048  0.795390  0.224347  -0.814859  0.579577  -0.009741  -0.137774  -0.177327  0.974461  -0.008697  0.034861  -0.010284  0.000000  0.000000  0.000000  1.000000  
122.122059 0.016351  -0.039789  0.012835  0.563383  0.795152  0.224351  -0.814627  0.579904  -0.009649  -0.137774  -0.177327  0.974461  -0.009149  0.035012  -0.010657  0.000000  0.000000  0.000000  1.000000  
122.123308 0.016335  -0.039746  0.012817  0.563718  0.794858  0.224548  -0.814395  0.580234  -0.009415  -0.137774  -0.177563  0.974418  -0.009622  0.035293  -0.010905  0.000000  0.000000  0.000000  1.000000  
122.124309 0.016321  -0.039712  0.012804  0.563886  0.794712  0.224646  -0.814279  0.580399  -0.009299  -0.137774  -0.177682  0.974396  -0.010209  0.035485  -0.010852  0.000000  0.000000  0.000000  1.000000  
122.125309 0.016305  -0.039679  0.012791  0.564221  0.794445  0.224747  -0.814047  0.580727  -0.009136  -0.137774  -0.177800  0.974374  -0.011002  0.035507  -0.010700  0.000000  0.000000  0.000000  1.000000  
122.126314 0.016290  -0.039644  0.012781  0.564556  0.794152  0.224943  -0.813815  0.581056  -0.008902  -0.137774  -0.178036  0.974331  -0.011637  0.035482  -0.010385  0.016575  0.009935  -0.179359  1.000000  
122.127558 0.016270  -0.039599  0.012772  0.565059  0.793765  0.225045  -0.813466  0.581548  -0.008693  -0.137774  -0.178154  0.974310  -0.012261  0.035481  -0.009952  0.023306  0.009149  -0.198806  1.000000  
122.128561 0.016257  -0.039560  0.012765  0.565226  0.793618  0.225143  -0.813349  0.581712  -0.008576  -0.137774  -0.178272  0.974288  -0.012677  0.035616  -0.009672  0.032327  0.010369  -0.205418  1.000000  
122.129809 0.016239  -0.039513  0.012755  0.565551  0.793310  0.225413  -0.813102  0.582061  -0.008449  -0.137907  -0.178505  0.974227  -0.013403  0.035583  -0.009635  0.046373  0.012828  -0.218791  1.000000  
122.130822 0.016224  -0.039475  0.012745  0.565885  0.793043  0.225513  -0.812869  0.582388  -0.008286  -0.137907  -0.178624  0.974205  -0.014245  0.035322  -0.010030  0.056796  0.015396  -0.234014  1.000000  
122.132067 0.016201  -0.039432  0.012726  0.566220  0.792776  0.225612  -0.812636  0.582716  -0.008122  -0.137907  -0.178742  0.974183  -0.015198  0.034896  -0.010916  0.066384  0.017738  -0.245766  1.000000  
122.133315 0.016175  -0.039390  0.012703  0.566722  0.792389  0.225714  -0.812286  0.583206  -0.007912  -0.137907  -0.178860  0.974162  -0.015846  0.034743  -0.011705  0.080995  0.020317  -0.261023  1.000000  
122.134315 0.016154  -0.039357  0.012685  0.566889  0.792241  0.225811  -0.812169  0.583370  -0.007795  -0.137907  -0.178978  0.974140  -0.015939  0.034726  -0.012216  0.090102  0.021551  -0.267772  1.000000  
122.135558 0.016128  -0.039316  0.012663  0.567056  0.792094  0.225909  -0.812052  0.583534  -0.007678  -0.137907  -0.179096  0.974118  -0.016223  0.034805  -0.012717  0.098332  0.025990  -0.267120  1.000000  
122.136562 0.016109  -0.039282  0.012649  0.567401  0.791812  0.226030  -0.811834  0.583842  -0.007336  -0.137774  -0.179336  0.974093  -0.016573  0.034927  -0.012762  0.112391  0.032882  -0.279644  1.000000  
122.137809 0.016088  -0.039237  0.012630  0.567735  0.791517  0.226225  -0.811600  0.584170  -0.007101  -0.137774  -0.179572  0.974049  -0.016898  0.035106  -0.012889  0.121469  0.039483  -0.289927  1.000000  
122.139059 0.016065  -0.039191  0.012614  0.568069  0.791221  0.226419  -0.811366  0.584498  -0.006866  -0.137774  -0.179809  0.974006  -0.017313  0.035335  -0.012811  0.130533  0.040754  -0.296684  1.000000  
122.140061 0.016046  -0.039154  0.012602  0.568237  0.791046  0.226613  -0.811249  0.584662  -0.006678  -0.137774  -0.180045  0.973962  -0.017552  0.035557  -0.012840  0.139745  0.041120  -0.299082  1.000000  
122.141309 0.016023  -0.039106  0.012587  0.568570  0.790750  0.226807  -0.811015  0.584989  -0.006443  -0.137774  -0.180281  0.973918  -0.017760  0.035921  -0.012922  0.147591  0.037654  -0.304078  1.000000  
122.142331 0.016007  -0.039066  0.012573  0.568904  0.790454  0.227002  -0.810781  0.585317  -0.006207  -0.137774  -0.180517  0.973875  -0.017810  0.036098  -0.013447  0.157832  0.039219  -0.313162  1.000000  
122.143559 0.015988  -0.039015  0.012554  0.569238  0.790158  0.227196  -0.810547  0.585643  -0.005972  -0.137774  -0.180754  0.973831  -0.017928  0.036336  -0.014064  0.165674  0.040190  -0.317483  1.000000  
122.144563 0.015972  -0.038976  0.012534  0.569572  0.789862  0.227390  -0.810312  0.585970  -0.005736  -0.137774  -0.180990  0.973787  -0.018128  0.036422  -0.015019  0.173761  0.044609  -0.316630  1.000000  
122.145565 0.015953  -0.038937  0.012513  0.569905  0.789593  0.227488  -0.810078  0.586296  -0.005571  -0.137774  -0.181108  0.973765  -0.018330  0.036593  -0.015654  0.180274  0.050667  -0.325215  1.000000  
122.146815 0.015926  -0.038889  0.012486  0.570239  0.789296  0.227682  -0.809843  0.586622  -0.005335  -0.137774  -0.181344  0.973721  -0.018623  0.036728  -0.016297  0.189397  0.056368  -0.331122  1.000000  
122.147817 0.015904  -0.038851  0.012466  0.570572  0.789027  0.227780  -0.809608  0.586948  -0.005170  -0.137774  -0.181462  0.973699  -0.018715  0.037095  -0.016389  0.193437  0.056377  -0.331054  1.000000  
122.149066 0.015876  -0.038805  0.012445  0.570895  0.788716  0.228048  -0.809358  0.587294  -0.005041  -0.137907  -0.181695  0.973637  -0.018883  0.037435  -0.016291  0.201645  0.052003  -0.331912  1.000000  
122.150316 0.015848  -0.038757  0.012427  0.571395  0.788298  0.228243  -0.809005  0.587782  -0.004757  -0.137907  -0.181931  0.973593  -0.019008  0.037860  -0.016017  0.206673  0.057721  -0.337783  1.000000  
122.151566 0.015821  -0.038708  0.012410  0.571894  0.787879  0.228437  -0.808652  0.588270  -0.004473  -0.137907  -0.182167  0.973549  -0.019239  0.038274  -0.015980  0.215757  0.059000  -0.344480  1.000000  
122.152813 0.015797  -0.038655  0.012391  0.572238  0.787596  0.228554  -0.808432  0.588575  -0.004130  -0.137774  -0.182407  0.973522  -0.019415  0.038858  -0.016033  0.220782  0.064735  -0.350423  1.000000  
122.154059 0.015772  -0.038600  0.012371  0.572737  0.787176  0.228748  -0.808078  0.589063  -0.003846  -0.137774  -0.182643  0.973478  -0.019517  0.039398  -0.016188  0.219933  0.065529  -0.354243  1.000000  
122.155059 0.015753  -0.038557  0.012355  0.573070  0.786878  0.228940  -0.807842  0.589388  -0.003609  -0.137774  -0.182879  0.973434  -0.019542  0.039827  -0.016463  0.223976  0.065594  -0.354232  1.000000  
122.156061 0.015733  -0.038514  0.012338  0.573392  0.786566  0.229208  -0.807591  0.589732  -0.003478  -0.137907  -0.183112  0.973371  -0.019667  0.040134  -0.016896  0.225899  0.061813  -0.358034  1.000000  
122.157309 0.015707  -0.038461  0.012315  0.574056  0.785996  0.229497  -0.807119  0.590381  -0.003074  -0.137907  -0.183466  0.973305  -0.020023  0.040362  -0.017207  0.233974  0.063860  -0.368368  1.000000  
122.158309 0.015685  -0.038418  0.012297  0.574389  0.785698  0.229689  -0.806882  0.590705  -0.002837  -0.137907  -0.183702  0.973260  -0.020415  0.040486  -0.017413  0.238014  0.063926  -0.368353  1.000000  
122.159331 0.015662  -0.038375  0.012277  0.574887  0.785277  0.229881  -0.806528  0.591191  -0.002551  -0.137907  -0.183939  0.973215  -0.020954  0.040654  -0.017347  0.244877  0.065740  -0.377914  1.000000  
122.160563 0.015630  -0.038323  0.012256  0.575385  0.784828  0.230168  -0.806172  0.591677  -0.002194  -0.137907  -0.184293  0.973148  -0.021525  0.040945  -0.017141  0.249065  0.072254  -0.387703  1.000000  
122.161809 0.015595  -0.038272  0.012237  0.576049  0.784285  0.230360  -0.805698  0.592323  -0.001861  -0.137907  -0.184529  0.973104  -0.022111  0.041186  -0.016559  0.254020  0.073561  -0.394316  1.000000  
122.162809 0.015566  -0.038231  0.012224  0.576546  0.783835  0.230646  -0.805342  0.592808  -0.001503  -0.137907  -0.184883  0.973036  -0.022547  0.041344  -0.016115  0.263042  0.074901  -0.400963  1.000000  
122.163815 0.015538  -0.038190  0.012213  0.577043  0.783412  0.230837  -0.804986  0.593292  -0.001216  -0.137907  -0.185119  0.972992  -0.022890  0.041654  -0.015737  0.269089  0.077505  -0.414483  1.000000  
122.165064 0.015504  -0.038136  0.012196  0.577872  0.782717  0.231123  -0.804392  0.594099  -0.000763  -0.137907  -0.185473  0.972924  -0.023285  0.042096  -0.015698  0.282138  0.081976  -0.437804  1.000000  
122.166066 0.015478  -0.038091  0.012182  0.578368  0.782294  0.231313  -0.804035  0.594582  -0.000476  -0.137907  -0.185709  0.972879  -0.023573  0.042484  -0.015622  0.285826  0.079531  -0.448537  1.000000  
122.167315 0.015447  -0.038034  0.012161  0.579041  0.781706  0.231617  -0.803573  0.595206  0.000109  -0.137774  -0.186184  0.972807  -0.024060  0.042820  -0.015894  0.297175  0.086013  -0.457985  1.000000  
122.168319 0.015424  -0.037987  0.012145  0.579703  0.781160  0.231806  -0.803096  0.595850  0.000445  -0.137774  -0.186420  0.972762  -0.024243  0.043092  -0.015867  0.299984  0.089909  -0.478088  1.000000  
122.169563 0.015393  -0.037929  0.012123  0.580529  0.780434  0.232184  -0.802499  0.596653  0.000973  -0.137774  -0.186892  0.972671  -0.024680  0.043290  -0.015993  0.311059  0.093908  -0.498359  1.000000  
122.170812 0.015362  -0.037872  0.012104  0.581366  0.779749  0.232391  -0.801916  0.597435  0.001534  -0.137642  -0.187250  0.972621  -0.025159  0.043511  -0.015830  0.313895  0.102328  -0.517717  1.000000  
122.172061 0.015327  -0.037815  0.012086  0.582191  0.779021  0.232767  -0.801317  0.598237  0.002064  -0.137642  -0.187722  0.972530  -0.025778  0.043797  -0.015523  0.326287  0.105434  -0.533481  1.000000  
122.173309 0.015290  -0.037758  0.012070  0.583015  0.778320  0.233048  -0.800717  0.599037  0.002522  -0.137642  -0.188076  0.972462  -0.026333  0.044003  -0.015131  0.329144  0.109433  -0.553514  1.000000  
122.174310 0.015260  -0.037712  0.012056  0.583674  0.777741  0.233329  -0.800237  0.599677  0.002932  -0.137642  -0.188429  0.972393  -0.026826  0.044248  -0.014763  0.337896  0.113079  -0.571606  1.000000  
122.175559 0.015221  -0.037657  0.012042  0.584662  0.776887  0.233702  -0.799515  0.600636  0.003511  -0.137642  -0.188901  0.972302  -0.027249  0.044374  -0.014245  0.351016  0.117396  -0.593564  1.000000  
122.176563 0.015190  -0.037612  0.012031  0.585485  0.776183  0.233981  -0.798913  0.601434  0.003971  -0.137642  -0.189255  0.972233  -0.027439  0.044722  -0.013982  0.360854  0.122395  -0.618637  1.000000  
122.177809 0.015151  -0.037556  0.012015  0.586307  0.775450  0.234353  -0.798310  0.602230  0.004504  -0.137642  -0.189727  0.972141  -0.027661  0.045055  -0.013965  0.372900  0.125412  -0.633626  1.000000  
122.178810 0.015122  -0.037508  0.012000  0.587129  0.774744  0.234630  -0.797706  0.603026  0.004964  -0.137642  -0.190080  0.972072  -0.027767  0.045505  -0.014216  0.379771  0.133794  -0.652688  1.000000  
122.180077 0.015086  -0.037447  0.011980  0.588114  0.773885  0.234999  -0.796980  0.603980  0.005547  -0.137642  -0.190552  0.971980  -0.027911  0.045905  -0.014372  0.393778  0.138955  -0.677978  1.000000  
122.181316 0.015052  -0.037385  0.011961  0.589098  0.772996  0.235461  -0.796253  0.604932  0.006204  -0.137642  -0.191141  0.971864  -0.028043  0.046309  -0.014432  0.409015  0.143169  -0.698364  1.000000  
122.182317 0.015026  -0.037335  0.011946  0.589917  0.772258  0.235829  -0.795646  0.605724  0.006741  -0.137642  -0.191613  0.971771  -0.028170  0.046518  -0.014238  0.419947  0.142880  -0.719305  1.000000  
122.183564 0.014992  -0.037273  0.011928  0.590910  0.771410  0.236117  -0.794932  0.606654  0.007431  -0.137509  -0.192088  0.971696  -0.028399  0.046769  -0.014077  0.431827  0.152733  -0.745272  1.000000  
122.184813 0.014957  -0.037210  0.011913  0.592055  0.770392  0.236574  -0.794079  0.607760  0.008140  -0.137509  -0.192677  0.971579  -0.028701  0.047174  -0.013783  0.447876  0.158250  -0.772144  1.000000  
122.186064 0.014920  -0.037148  0.011898  0.593036  0.769497  0.237030  -0.793347  0.608706  0.008801  -0.137509  -0.193267  0.971462  -0.029076  0.047504  -0.013482  0.458887  0.166927  -0.791300  1.000000  
122.187309 0.014882  -0.037086  0.011884  0.594178  0.768475  0.237483  -0.792492  0.609808  0.009512  -0.137509  -0.193856  0.971345  -0.029211  0.047891  -0.013252  0.474995  0.172510  -0.818259  1.000000  
122.188559 0.014842  -0.037025  0.011869  0.595320  0.767451  0.237935  -0.791635  0.610909  0.010225  -0.137509  -0.194445  0.971227  -0.029344  0.048117  -0.013174  0.487022  0.176635  -0.838189  1.000000  
122.189561 0.014812  -0.036976  0.011856  0.596134  0.766706  0.238296  -0.791022  0.611694  0.010767  -0.137509  -0.194916  0.971133  -0.029422  0.048469  -0.013291  0.497034  0.181077  -0.858504  1.000000  
122.190809 0.014774  -0.036913  0.011838  0.597274  0.765680  0.238745  -0.790162  0.612791  0.011482  -0.137509  -0.195505  0.971014  -0.029277  0.048938  -0.013480  0.508069  0.185446  -0.878638  1.000000  
122.191810 0.014743  -0.036863  0.011823  0.598098  0.764948  0.239026  -0.789561  0.613552  0.012129  -0.137377  -0.195980  0.970937  -0.029249  0.049304  -0.013637  0.518015  0.192795  -0.891078  1.000000  
122.192814 0.014713  -0.036810  0.011808  0.598910  0.764171  0.239477  -0.788945  0.614332  0.012747  -0.137377  -0.196568  0.970818  -0.029139  0.049732  -0.013797  0.532122  0.195803  -0.904401  1.000000  
122.194059 0.014676  -0.036744  0.011788  0.600046  0.763111  0.240013  -0.788081  0.615422  0.013540  -0.137377  -0.197275  0.970675  -0.029170  0.050119  -0.013852  0.544035  0.200074  -0.924187  1.000000  
122.195059 0.014648  -0.036691  0.011775  0.600846  0.762315  0.240541  -0.787448  0.616220  0.014058  -0.137509  -0.197860  0.970537  -0.029240  0.050444  -0.013741  0.556908  0.197306  -0.931174  1.000000  
122.196063 0.014621  -0.036637  0.011763  0.601656  0.761534  0.240988  -0.786830  0.616996  0.014680  -0.137509  -0.198448  0.970417  -0.029230  0.050708  -0.013463  0.570879  0.200321  -0.944347  1.000000  
122.197068 0.014592  -0.036584  0.011751  0.602477  0.760739  0.241447  -0.786224  0.617747  0.015480  -0.137377  -0.199158  0.970290  -0.029405  0.050960  -0.013238  0.584537  0.203878  -0.958713  1.000000  
122.198314 0.014556  -0.036517  0.011737  0.603610  0.759672  0.241978  -0.785355  0.618831  0.016279  -0.137377  -0.199865  0.970145  -0.029559  0.051216  -0.013038  0.598846  0.206679  -0.970916  1.000000  
122.199316 0.014525  -0.036465  0.011725  0.604579  0.758731  0.242510  -0.784609  0.619757  0.017029  -0.137377  -0.200571  0.970000  -0.029811  0.051347  -0.012932  0.612828  0.210296  -0.985419  1.000000  
122.200564 0.014487  -0.036400  0.011709  0.605709  0.757661  0.243036  -0.783737  0.620837  0.017830  -0.137377  -0.201276  0.969853  -0.029900  0.051519  -0.012978  0.626888  0.209114  -0.999631  1.000000  
122.201565 0.014456  -0.036349  0.011695  0.606677  0.756716  0.243565  -0.782988  0.621759  0.018583  -0.137377  -0.201982  0.969707  -0.029914  0.051635  -0.013185  0.640945  0.212330  -1.012838  1.000000  
122.202565 0.014425  -0.036298  0.011680  0.607644  0.755800  0.244000  -0.782238  0.622681  0.019261  -0.137377  -0.202570  0.969584  -0.029907  0.051731  -0.013448  0.651014  0.215529  -1.026196  1.000000  
122.203817 0.014387  -0.036234  0.011661  0.608782  0.754711  0.244533  -0.781376  0.623732  0.020245  -0.137244  -0.203397  0.969430  -0.029806  0.051950  -0.013688  0.669066  0.223244  -1.038494  1.000000  
122.205065 0.014350  -0.036169  0.011641  0.610068  0.753445  0.245231  -0.780373  0.624953  0.021254  -0.137244  -0.204338  0.969232  -0.029723  0.052113  -0.013843  0.687350  0.226746  -1.051888  1.000000  
122.206315 0.014313  -0.036104  0.011621  0.611352  0.752206  0.245834  -0.779367  0.626175  0.022189  -0.137244  -0.205161  0.969058  -0.029643  0.052281  -0.013999  0.701578  0.230209  -1.065320  1.000000  
122.207620 0.014277  -0.036038  0.011603  0.612635  0.750965  0.246435  -0.778359  0.627394  0.023127  -0.137244  -0.205983  0.968883  -0.029467  0.052172  -0.013841  0.715217  0.234555  -1.083131  1.000000  
122.208817 0.014244  -0.035971  0.011585  0.614065  0.749544  0.247200  -0.777208  0.628782  0.024092  -0.137377  -0.206920  0.968665  -0.029332  0.052396  -0.013779  0.735758  0.235489  -1.105977  1.000000  
122.210064 0.014210  -0.035904  0.011568  0.615344  0.748268  0.247886  -0.776196  0.629992  0.025110  -0.137377  -0.207860  0.968464  -0.029259  0.052401  -0.013754  0.753160  0.238515  -1.117312  1.000000  
122.211064 0.014183  -0.035851  0.011554  0.616302  0.747308  0.248399  -0.775435  0.630897  0.025876  -0.137377  -0.208564  0.968312  -0.029250  0.052331  -0.013895  0.761885  0.240468  -1.123375  1.000000  
122.212066 0.014154  -0.035799  0.011540  0.617419  0.746217  0.248904  -0.774546  0.631954  0.026694  -0.137377  -0.209269  0.968160  -0.029190  0.052284  -0.014098  0.773305  0.244628  -1.139352  1.000000  
122.213067 0.014125  -0.035749  0.011524  0.618694  0.744964  0.249493  -0.773528  0.633159  0.027641  -0.137377  -0.210091  0.967982  -0.029178  0.052075  -0.014430  0.792274  0.245057  -1.160100  1.000000  
122.214068 0.014097  -0.035698  0.011506  0.619808  0.743839  0.250084  -0.772636  0.634208  0.028539  -0.137377  -0.210913  0.967803  -0.029000  0.051991  -0.014857  0.804843  0.247918  -1.170504  1.000000  
122.215314 0.014060  -0.035637  0.011484  0.621397  0.742289  0.250745  -0.771358  0.635709  0.029671  -0.137377  -0.211852  0.967598  -0.028974  0.051762  -0.015225  0.822417  0.255146  -1.199974  1.000000  
122.216316 0.014031  -0.035588  0.011465  0.622508  0.741159  0.251332  -0.770462  0.636753  0.030573  -0.137377  -0.212673  0.967418  -0.028812  0.051619  -0.015612  0.835607  0.257355  -1.206529  1.000000  
122.217317 0.014001  -0.035539  0.011447  0.623618  0.740027  0.251916  -0.769564  0.637794  0.031477  -0.137377  -0.213495  0.967237  -0.028771  0.051438  -0.015774  0.849547  0.260922  -1.219501  1.000000  
122.218322 0.013971  -0.035490  0.011429  0.624884  0.738761  0.252491  -0.768536  0.638984  0.032434  -0.137377  -0.214316  0.967055  -0.028727  0.051254  -0.016046  0.863606  0.264543  -1.232642  1.000000  
122.219564 0.013934  -0.035429  0.011407  0.626307  0.737300  0.253236  -0.767377  0.640316  0.033601  -0.137377  -0.215371  0.966821  -0.028765  0.051093  -0.016123  0.882925  0.269900  -1.252768  1.000000  
122.220809 0.013898  -0.035366  0.011386  0.627728  0.735835  0.253976  -0.766215  0.641643  0.034770  -0.137377  -0.216427  0.966585  -0.028682  0.050940  -0.016149  0.901264  0.273857  -1.266137  1.000000  
122.222059 0.013862  -0.035304  0.011366  0.629316  0.734254  0.254624  -0.764935  0.643095  0.036095  -0.137244  -0.217486  0.966366  -0.028762  0.050888  -0.016284  0.918874  0.279779  -1.289158  1.000000  
122.223059 0.013834  -0.035254  0.011349  0.630575  0.732946  0.255275  -0.763898  0.644268  0.037140  -0.137244  -0.218423  0.966155  -0.028680  0.050526  -0.016417  0.933570  0.284991  -1.308518  1.000000  
122.224066 0.013805  -0.035204  0.011331  0.631663  0.731750  0.256014  -0.762974  0.645309  0.038034  -0.137377  -0.219357  0.965925  -0.028800  0.050124  -0.016767  0.949429  0.284038  -1.319885  1.000000  
122.225309 0.013769  -0.035143  0.011308  0.633233  0.730109  0.256821  -0.761672  0.646767  0.039346  -0.137377  -0.220528  0.965658  -0.028975  0.049854  -0.017160  0.965930  0.295703  -1.345958  1.000000  
122.226311 0.013739  -0.035096  0.011287  0.634486  0.728793  0.257463  -0.760628  0.647930  0.040397  -0.137377  -0.221465  0.965443  -0.029106  0.049497  -0.017555  0.980742  0.301045  -1.365449  1.000000  
122.227559 0.013702  -0.035037  0.011262  0.636207  0.726980  0.258341  -0.759189  0.649523  0.041847  -0.137377  -0.222753  0.965147  -0.029247  0.049171  -0.018021  1.001786  0.302845  -1.388432  1.000000  
122.228562 0.013671  -0.034991  0.011242  0.637301  0.725761  0.259073  -0.758271  0.650524  0.042929  -0.137377  -0.223807  0.964903  -0.029368  0.048876  -0.018283  1.014663  0.305504  -1.394530  1.000000  
122.229809 0.013631  -0.034934  0.011217  0.638860  0.724106  0.259863  -0.756958  0.651964  0.044254  -0.137377  -0.224977  0.964631  -0.029577  0.048526  -0.018434  1.033780  0.311278  -1.414317  1.000000  
122.230820 0.013599  -0.034888  0.011198  0.640106  0.722747  0.260579  -0.755905  0.653106  0.045394  -0.137377  -0.226030  0.964385  -0.029767  0.048291  -0.018435  1.051079  0.316609  -1.431921  1.000000  
122.232071 0.013558  -0.034831  0.011175  0.641661  0.721053  0.261447  -0.754585  0.654531  0.046804  -0.137377  -0.227316  0.964082  -0.029988  0.048006  -0.018442  1.073452  0.322179  -1.450435  1.000000  
122.233315 0.013518  -0.034773  0.011152  0.643213  0.719354  0.262310  -0.753263  0.655950  0.048218  -0.137377  -0.228603  0.963778  -0.030212  0.047830  -0.018476  1.088598  0.322902  -1.466029  1.000000  
122.234563 0.013479  -0.034714  0.011129  0.644917  0.717516  0.263158  -0.751804  0.657512  0.049689  -0.137377  -0.229888  0.963472  -0.030319  0.047655  -0.018516  1.104539  0.329183  -1.486775  1.000000  
122.235810 0.013441  -0.034654  0.011105  0.646452  0.715789  0.264094  -0.750461  0.658943  0.051012  -0.137509  -0.231169  0.963147  -0.030473  0.047450  -0.018781  1.122792  0.329474  -1.500777  1.000000  
122.237064 0.013403  -0.034594  0.011080  0.647995  0.714078  0.264942  -0.749128  0.660346  0.052437  -0.137509  -0.232454  0.962838  -0.030605  0.047238  -0.019076  1.142832  0.334702  -1.516313  1.000000  
122.238309 0.013364  -0.034535  0.011054  0.649382  0.712500  0.265795  -0.747927  0.661597  0.053810  -0.137509  -0.233739  0.962527  -0.030802  0.047110  -0.019388  1.154049  0.337414  -1.520096  1.000000  
122.239561 0.013325  -0.034475  0.011027  0.650920  0.710781  0.266632  -0.746588  0.662989  0.055242  -0.137509  -0.235023  0.962214  -0.031047  0.046993  -0.019621  1.167047  0.344977  -1.525091  1.000000  
122.240563 0.013294  -0.034428  0.011007  0.651996  0.709533  0.267327  -0.745649  0.663952  0.056351  -0.137509  -0.236073  0.961957  -0.031195  0.046892  -0.019681  1.180058  0.347872  -1.531327  1.000000  
122.241815 0.013252  -0.034370  0.010982  0.653376  0.707945  0.268167  -0.744440  0.665189  0.057734  -0.137509  -0.237356  0.961641  -0.031561  0.046771  -0.019639  1.197131  0.351108  -1.537030  1.000000  
122.243059 0.013210  -0.034312  0.010959  0.654895  0.706195  0.269075  -0.743079  0.666590  0.059079  -0.137642  -0.238635  0.961305  -0.031740  0.046811  -0.019521  1.205639  0.348674  -1.538496  1.000000  
122.244061 0.013176  -0.034265  0.010940  0.655965  0.704906  0.269845  -0.742135  0.667535  0.060276  -0.137642  -0.239801  0.961015  -0.031890  0.046834  -0.019464  1.217681  0.350235  -1.538024  1.000000  
122.245309 0.013134  -0.034206  0.010918  0.657492  0.703137  0.270744  -0.740783  0.668895  0.061805  -0.137642  -0.241199  0.960665  -0.032050  0.047018  -0.019310  1.233813  0.352089  -1.537549  1.000000  
122.246309 0.013100  -0.034158  0.010899  0.658711  0.701739  0.271408  -0.739699  0.669984  0.062983  -0.137642  -0.242248  0.960401  -0.032115  0.047177  -0.019344  1.242896  0.355158  -1.543892  1.000000  
122.247328 0.013068  -0.034109  0.010880  0.659776  0.700443  0.272167  -0.738749  0.670917  0.064188  -0.137642  -0.243413  0.960107  -0.032108  0.047334  -0.019341  1.254621  0.356517  -1.542009  1.000000  
122.248568 0.013027  -0.034047  0.010855  0.661283  0.698642  0.273137  -0.737375  0.672287  0.065631  -0.137774  -0.244805  0.959734  -0.032176  0.047663  -0.019448  1.272167  0.355655  -1.549505  1.000000  
122.249814 0.012988  -0.033984  0.010830  0.662649  0.696997  0.274030  -0.736149  0.673484  0.067117  -0.137774  -0.246202  0.959376  -0.032248  0.047918  -0.019576  1.279677  0.356210  -1.542740  1.000000  
122.250815 0.012955  -0.033933  0.010810  0.663860  0.695554  0.274763  -0.735057  0.674548  0.068387  -0.137774  -0.247365  0.959077  -0.032414  0.048040  -0.019662  1.292655  0.359351  -1.548798  1.000000  
122.252181 0.012916  -0.033869  0.010784  0.665359  0.693741  0.275718  -0.733675  0.675902  0.069841  -0.137907  -0.248757  0.958698  -0.032205  0.047950  -0.019490  1.299802  0.351213  -1.544422  1.000000  
122.253320 0.012874  -0.033806  0.010760  0.666718  0.692085  0.276596  -0.732441  0.677083  0.071337  -0.137907  -0.250152  0.958335  -0.032685  0.048509  -0.019563  1.312025  0.357351  -1.542059  1.000000  
122.254565 0.012832  -0.033743  0.010736  0.668212  0.690264  0.277540  -0.731053  0.678426  0.072799  -0.138039  -0.251542  0.957952  -0.032868  0.048797  -0.019487  1.322125  0.356912  -1.550340  1.000000  
122.255814 0.012789  -0.033680  0.010713  0.669866  0.688322  0.278376  -0.729538  0.679880  0.074417  -0.138039  -0.252936  0.957585  -0.033058  0.049089  -0.019303  1.330587  0.360447  -1.555768  1.000000  
122.256815 0.012754  -0.033630  0.010694  0.671054  0.686840  0.279174  -0.728420  0.680946  0.075608  -0.138172  -0.254092  0.957259  -0.033182  0.049284  -0.019225  1.337908  0.356134  -1.549805  1.000000  
122.258065 0.012710  -0.033567  0.010671  0.672552  0.685064  0.279932  -0.727037  0.682257  0.077093  -0.138172  -0.255369  0.956920  -0.033308  0.049688  -0.019158  1.334783  0.359952  -1.555956  1.000000  
122.259315 0.012666  -0.033503  0.010647  0.673885  0.683367  0.280870  -0.725776  0.683436  0.078512  -0.138304  -0.256757  0.956529  -0.033379  0.050096  -0.019291  1.342144  0.356012  -1.549969  1.000000  
122.260318 0.012632  -0.033450  0.010627  0.674918  0.682017  0.281672  -0.724790  0.684349  0.079653  -0.138437  -0.257912  0.956199  -0.033471  0.050444  -0.019390  1.344882  0.350206  -1.537877  1.000000  
122.261565 0.012590  -0.033384  0.010602  0.676408  0.680196  0.282498  -0.723399  0.685635  0.081231  -0.138437  -0.259304  0.955823  -0.033494  0.050873  -0.019498  1.348421  0.354180  -1.544142  1.000000  
122.262568 0.012556  -0.033329  0.010582  0.677438  0.678840  0.283291  -0.722410  0.686540  0.082378  -0.138569  -0.260458  0.955489  -0.033612  0.051170  -0.019564  1.352742  0.349657  -1.537622  1.000000  
122.263814 0.012513  -0.033262  0.010556  0.678911  0.676989  0.284194  -0.721001  0.687840  0.083869  -0.138702  -0.261844  0.955091  -0.033758  0.051580  -0.019559  1.357006  0.347463  -1.538327  1.000000  
122.265064 0.012470  -0.033193  0.010533  0.680381  0.675133  0.285092  -0.719588  0.689134  0.085364  -0.138834  -0.263229  0.954691  -0.034032  0.051887  -0.019398  1.360087  0.343504  -1.532147  1.000000  
122.266066 0.012434  -0.033138  0.010514  0.681552  0.673627  0.285856  -0.718453  0.690166  0.086578  -0.138967  -0.264382  0.954353  -0.034268  0.052158  -0.019350  1.368422  0.345162  -1.531713  1.000000  
122.267314 0.012390  -0.033070  0.010491  0.683017  0.671763  0.286743  -0.717035  0.691450  0.088080  -0.139099  -0.265766  0.953950  -0.034551  0.052479  -0.019193  1.372607  0.342945  -1.532354  1.000000  
122.268373 0.012352  -0.033016  0.010473  0.684184  0.670286  0.287418  -0.715896  0.692484  0.089216  -0.139232  -0.266802  0.953641  -0.034700  0.052518  -0.018986  1.371152  0.341370  -1.536911  1.000000  
122.269559 0.012306  -0.032948  0.010450  0.685644  0.668415  0.288295  -0.714472  0.693757  0.090726  -0.139364  -0.268185  0.953234  -0.035114  0.052998  -0.019019  1.376628  0.340299  -1.541049  1.000000  
122.270560 0.012268  -0.032894  0.010431  0.686660  0.667039  0.289062  -0.713470  0.694634  0.091892  -0.139497  -0.269336  0.952890  -0.035302  0.053298  -0.019058  1.380832  0.337772  -1.541842  1.000000  
122.271561 0.012230  -0.032839  0.010413  0.687821  0.665554  0.289726  -0.712324  0.695657  0.093036  -0.139629  -0.270370  0.952577  -0.035506  0.053611  -0.019040  1.381771  0.336854  -1.549042  1.000000  
122.272563 0.012193  -0.032784  0.010393  0.688980  0.664030  0.290466  -0.711177  0.696664  0.094266  -0.139762  -0.271521  0.952231  -0.035607  0.053891  -0.019162  1.387408  0.338089  -1.548132  1.000000  
122.273809 0.012147  -0.032714  0.010368  0.690430  0.662181  0.291244  -0.709744  0.697929  0.095704  -0.139894  -0.272786  0.951850  -0.035826  0.054310  -0.019239  1.387096  0.338148  -1.555892  1.000000  
122.274810 0.012110  -0.032657  0.010348  0.691585  0.660651  0.291977  -0.708592  0.698927  0.096940  -0.140027  -0.273935  0.951500  -0.035985  0.054652  -0.019306  1.388695  0.335150  -1.556323  1.000000  
122.276061 0.012062  -0.032586  0.010323  0.693016  0.658770  0.292834  -0.707140  0.700208  0.098294  -0.140292  -0.275194  0.951098  -0.036276  0.054914  -0.019286  1.383400  0.329285  -1.558486  1.000000  
122.277309 0.012015  -0.032516  0.010300  0.694589  0.656704  0.293746  -0.705542  0.701606  0.099796  -0.140557  -0.276567  0.950660  -0.036599  0.055212  -0.019110  1.386350  0.326705  -1.574379  1.000000  
122.278560 0.011968  -0.032443  0.010278  0.696013  0.654778  0.294672  -0.704084  0.702862  0.101243  -0.140822  -0.277940  0.950220  -0.036966  0.055471  -0.018893  1.386158  0.324560  -1.574454  1.000000  
122.279561 0.011929  -0.032387  0.010261  0.697001  0.653390  0.295418  -0.703054  0.703747  0.102256  -0.141087  -0.278967  0.949880  -0.037216  0.055605  -0.018784  1.381218  0.315926  -1.569682  1.000000  
122.280563 0.011889  -0.032329  0.010243  0.698144  0.651845  0.296130  -0.701891  0.704723  0.103507  -0.141219  -0.280113  0.949523  -0.037548  0.055755  -0.018699  1.382123  0.315300  -1.576843  1.000000  
122.281567 0.011849  -0.032272  0.010225  0.699273  0.650307  0.296848  -0.700714  0.705735  0.104585  -0.141484  -0.281139  0.949180  -0.037849  0.055922  -0.018665  1.383775  0.311821  -1.577425  1.000000  
122.282567 0.011809  -0.032215  0.010207  0.700255  0.648911  0.297586  -0.699679  0.706610  0.105605  -0.141749  -0.282164  0.948836  -0.038100  0.056139  -0.018644  1.379918  0.304969  -1.579455  1.000000  
122.283612 0.011768  -0.032158  0.010188  0.701380  0.647332  0.298377  -0.698498  0.707602  0.106774  -0.142014  -0.283304  0.948457  -0.038211  0.056081  -0.018638  1.382369  0.302021  -1.578050  1.000000  
122.284813 0.011717  -0.032087  0.010163  0.702789  0.645421  0.299198  -0.697025  0.708843  0.108155  -0.142279  -0.284558  0.948042  -0.038577  0.056561  -0.018826  1.380668  0.296032  -1.582501  1.000000  
122.286062 0.011667  -0.032015  0.010139  0.704039  0.643625  0.300127  -0.695682  0.709972  0.109389  -0.142676  -0.285807  0.947607  -0.038805  0.056832  -0.018835  1.373491  0.282671  -1.572500  1.000000  
122.287309 0.011617  -0.031942  0.010115  0.705299  0.641853  0.300961  -0.694349  0.711070  0.110716  -0.142941  -0.287060  0.947188  -0.039052  0.057132  -0.018854  1.368996  0.278742  -1.566964  1.000000  
122.288563 0.011567  -0.031868  0.010091  0.706686  0.639904  0.301858  -0.692856  0.712322  0.112020  -0.143338  -0.288306  0.946749  -0.039255  0.057362  -0.018740  1.366218  0.274178  -1.575360  1.000000  
122.289809 0.011517  -0.031793  0.010068  0.708070  0.637950  0.302750  -0.691359  0.713568  0.113327  -0.143735  -0.289553  0.946308  -0.039527  0.057638  -0.018651  1.362653  0.263535  -1.578812  1.000000  
122.290809 0.011476  -0.031733  0.010049  0.709024  0.636506  0.303553  -0.690298  0.714444  0.114279  -0.144133  -0.290569  0.945936  -0.039681  0.057819  -0.018600  1.363033  0.256662  -1.580886  1.000000  
122.291811 0.011436  -0.031674  0.010031  0.709976  0.635061  0.304354  -0.689235  0.715316  0.115233  -0.144530  -0.291584  0.945563  -0.039930  0.057999  -0.018540  1.356608  0.248463  -1.583057  1.000000  
122.293059 0.011384  -0.031600  0.010007  0.711210  0.633243  0.305258  -0.687878  0.716418  0.116488  -0.144927  -0.292828  0.945118  -0.040205  0.058178  -0.018657  1.350784  0.237462  -1.579951  1.000000  
122.294309 0.011332  -0.031526  0.009983  0.712428  0.631394  0.306249  -0.686505  0.717542  0.117660  -0.145456  -0.294066  0.944652  -0.040465  0.058346  -0.018832  1.346050  0.224850  -1.576497  1.000000  
122.295565 0.011278  -0.031453  0.009957  0.713783  0.629392  0.307211  -0.684983  0.718792  0.118900  -0.145986  -0.295303  0.944185  -0.040756  0.058486  -0.019152  1.339695  0.212422  -1.580073  1.000000  
122.296825 0.011225  -0.031379  0.009929  0.714981  0.627506  0.308284  -0.683591  0.719934  0.119993  -0.146648  -0.296533  0.943696  -0.040901  0.058593  -0.019444  1.334722  0.199616  -1.576173  1.000000  
122.298067 0.011171  -0.031306  0.009903  0.716315  0.625467  0.309328  -0.682050  0.721200  0.121154  -0.147309  -0.297762  0.943206  -0.041155  0.058762  -0.019679  1.338391  0.184880  -1.584548  1.000000  
122.299315 0.011118  -0.031232  0.009875  0.717646  0.623460  0.310293  -0.680506  0.722475  0.122233  -0.147971  -0.298876  0.942750  -0.041309  0.058973  -0.019972  1.327672  0.171715  -1.586607  1.000000  
