1-Time 2-Px 3-Py 4-Pz 5-R11 6-R21 7-R31 8-R12 9-R22 10-R32 11-R13 12-R23 13-R33 14-Vx 15-Vy 16-Vz 17-Wx 18-Wy 19-Wz 20-state
73.407374 0.019241  -0.014724  0.021435  0.271301  0.958490  0.087714  -0.958372  0.260589  0.116693  0.088992  -0.115721  0.989287  0.003896  -0.000140  -0.008491  0.000000  0.000000  0.000000  1.000000  
73.408527 0.019246  -0.014724  0.021427  0.271301  0.958490  0.087714  -0.958372  0.260589  0.116693  0.088992  -0.115721  0.989287  0.005942  -0.000311  -0.010285  0.000000  0.000000  0.000000  1.000000  
73.409765 0.019245  -0.014725  0.021401  0.271301  0.958479  0.087830  -0.958372  0.260574  0.116725  0.088992  -0.115841  0.989273  0.001959  -0.000205  -0.016927  0.000000  0.000000  0.000000  1.000000  
73.410783 0.019243  -0.014723  0.021377  0.271301  0.958468  0.087946  -0.958372  0.260560  0.116756  0.088992  -0.115961  0.989259  0.000341  0.000229  -0.019228  0.000000  0.000000  0.000000  1.000000  
73.412028 0.019242  -0.014722  0.021350  0.271301  0.958468  0.087946  -0.958372  0.260560  0.116756  0.088992  -0.115961  0.989259  0.000112  0.000620  -0.019913  0.000000  0.000000  0.000000  1.000000  
73.413029 0.019243  -0.014720  0.021334  0.271301  0.958468  0.087946  -0.958372  0.260560  0.116756  0.088992  -0.115961  0.989259  0.000348  0.000884  -0.019243  0.000000  0.000000  0.000000  1.000000  
73.414260 0.019241  -0.014717  0.021313  0.271107  0.958507  0.088122  -0.958439  0.260364  0.116642  0.088859  -0.116083  0.989257  -0.000076  0.001123  -0.018834  0.000000  0.000000  0.000000  1.000000  
73.415515 0.019232  -0.014713  0.021288  0.271107  0.958507  0.088122  -0.958439  0.260364  0.116642  0.088859  -0.116083  0.989257  -0.001229  0.001486  -0.018910  0.000000  0.000000  0.000000  1.000000  
73.416517 0.019223  -0.014707  0.021268  0.271107  0.958496  0.088239  -0.958439  0.260350  0.116674  0.088859  -0.116203  0.989243  -0.002131  0.001926  -0.019022  0.000000  0.000000  0.000000  1.000000  
73.417763 0.019213  -0.014699  0.021245  0.270909  0.958550  0.088263  -0.958495  0.260152  0.116656  0.088859  -0.116203  0.989243  -0.002820  0.002481  -0.018980  0.000000  0.000000  0.000000  1.000000  
73.418767 0.019207  -0.014693  0.021228  0.270906  0.958543  0.088343  -0.958483  0.260123  0.116815  0.088992  -0.116321  0.989217  -0.003093  0.002820  -0.018830  0.000000  0.000000  0.000000  1.000000  
73.419768 0.019203  -0.014687  0.021209  0.270903  0.958548  0.088307  -0.958472  0.260108  0.116942  0.089125  -0.116320  0.989205  -0.003212  0.003079  -0.018803  0.000000  0.000000  0.000000  1.000000  
73.420788 0.019197  -0.014680  0.021187  0.270706  0.958601  0.088331  -0.958528  0.259911  0.116924  0.089125  -0.116320  0.989205  -0.003400  0.003393  -0.019069  0.000000  0.000000  0.000000  1.000000  
73.422026 0.019184  -0.014672  0.021152  0.270706  0.958612  0.088215  -0.958528  0.259925  0.116892  0.089125  -0.116200  0.989219  -0.004006  0.003679  -0.019815  0.000000  0.000000  0.000000  1.000000  
73.423264 0.019170  -0.014663  0.021113  0.270706  0.958612  0.088215  -0.958528  0.259925  0.116892  0.089125  -0.116200  0.989219  -0.005015  0.004052  -0.021116  0.000000  0.000000  0.000000  1.000000  
73.424515 0.019156  -0.014653  0.021076  0.270706  0.958623  0.088099  -0.958528  0.259939  0.116861  0.089125  -0.116080  0.989233  -0.005986  0.004779  -0.022099  0.000000  0.000000  0.000000  1.000000  
73.425765 0.019145  -0.014642  0.021042  0.270706  0.958633  0.087982  -0.958528  0.259953  0.116829  0.089125  -0.115960  0.989247  -0.006492  0.005444  -0.022343  0.000000  0.000000  0.000000  1.000000  
73.426768 0.019136  -0.014632  0.021018  0.270903  0.958590  0.087842  -0.958472  0.260165  0.116816  0.089125  -0.115840  0.989261  -0.007058  0.005958  -0.022469  0.000000  0.000000  0.000000  1.000000  
73.428017 0.019118  -0.014619  0.020990  0.270906  0.958586  0.087878  -0.958483  0.260180  0.116689  0.088992  -0.115841  0.989273  -0.008333  0.006704  -0.022953  0.000000  0.000000  0.000000  1.000000  
73.429264 0.019100  -0.014604  0.020960  0.271103  0.958533  0.087854  -0.958428  0.260377  0.116707  0.088992  -0.115841  0.989273  -0.009466  0.007555  -0.023572  0.000000  0.000000  0.000000  1.000000  
73.430265 0.019087  -0.014595  0.020933  0.271103  0.958522  0.087970  -0.958428  0.260363  0.116738  0.088992  -0.115961  0.989259  -0.009833  0.008011  -0.024081  0.000000  0.000000  0.000000  1.000000  
73.431265 0.019075  -0.014584  0.020904  0.271107  0.958518  0.088006  -0.958439  0.260378  0.116611  0.088859  -0.115963  0.989271  -0.009998  0.008333  -0.024705  0.000000  0.000000  0.000000  1.000000  
73.432268 0.019066  -0.014574  0.020875  0.271304  0.958453  0.088098  -0.958383  0.260561  0.116661  0.088859  -0.116083  0.989257  -0.010067  0.008631  -0.025389  0.000000  0.000000  0.000000  1.000000  
73.433516 0.019053  -0.014561  0.020837  0.271505  0.958385  0.088227  -0.958339  0.260759  0.116583  0.088725  -0.116204  0.989254  -0.010423  0.008970  -0.026336  0.000000  0.000000  0.000000  1.000000  
73.434558 0.019042  -0.014549  0.020806  0.271702  0.958331  0.088203  -0.958283  0.260956  0.116601  0.088725  -0.116204  0.989254  -0.010875  0.009345  -0.027298  0.000000  0.000000  0.000000  1.000000  
73.435767 0.019026  -0.014535  0.020766  0.271702  0.958320  0.088319  -0.958283  0.260942  0.116633  0.088725  -0.116324  0.989240  -0.011432  0.009671  -0.028079  0.000000  0.000000  0.000000  1.000000  
73.436770 0.019011  -0.014525  0.020736  0.271899  0.958256  0.088411  -0.958227  0.261125  0.116683  0.088725  -0.116444  0.989226  -0.011772  0.009955  -0.028268  0.000000  0.000000  0.000000  1.000000  
73.438021 0.018993  -0.014512  0.020700  0.272297  0.958144  0.088399  -0.958126  0.261535  0.116592  0.088592  -0.116445  0.989238  -0.011995  0.010287  -0.027978  0.000000  0.000000  0.000000  1.000000  
73.439270 0.018975  -0.014497  0.020670  0.272497  0.958075  0.088528  -0.958082  0.261733  0.116514  0.088459  -0.116567  0.989236  -0.012274  0.010569  -0.027523  0.000000  0.000000  0.000000  1.000000  
73.440517 0.018956  -0.014480  0.020643  0.272695  0.958021  0.088504  -0.958025  0.261930  0.116533  0.088459  -0.116567  0.989236  -0.012810  0.010971  -0.027090  0.000000  0.000000  0.000000  1.000000  
73.441517 0.018939  -0.014467  0.020621  0.272895  0.957963  0.088516  -0.957981  0.262143  0.116424  0.088326  -0.116568  0.989247  -0.013245  0.011173  -0.026803  0.000000  0.000000  0.000000  1.000000  
73.442519 0.018921  -0.014454  0.020598  0.273293  0.957840  0.088621  -0.957880  0.262538  0.116365  0.088192  -0.116689  0.989245  -0.013617  0.011368  -0.026930  0.000000  0.000000  0.000000  1.000000  
73.443766 0.018898  -0.014440  0.020564  0.273690  0.957717  0.088725  -0.957778  0.262933  0.116306  0.088059  -0.116811  0.989243  -0.013923  0.011399  -0.027274  0.000000  0.000000  0.000000  1.000000  
73.445015 0.018878  -0.014425  0.020527  0.273891  0.957648  0.088854  -0.957733  0.263131  0.116229  0.087926  -0.116932  0.989240  -0.014143  0.011470  -0.027574  0.000000  0.000000  0.000000  1.000000  
73.446015 0.018862  -0.014411  0.020497  0.274285  0.957528  0.088922  -0.957620  0.263511  0.116297  0.087926  -0.117052  0.989226  -0.014457  0.011737  -0.027614  0.000000  0.000000  0.000000  1.000000  
73.447265 0.018841  -0.014395  0.020460  0.274485  0.957448  0.089167  -0.957575  0.263695  0.116252  0.087793  -0.117294  0.989209  -0.014979  0.011907  -0.027693  0.000000  0.000000  0.000000  1.000000  
73.448267 0.018820  -0.014385  0.020432  0.274880  0.957318  0.089351  -0.957462  0.264061  0.116353  0.087793  -0.117534  0.989181  -0.015769  0.011932  -0.027468  0.000000  0.000000  0.000000  1.000000  
73.449518 0.018793  -0.014372  0.020398  0.275277  0.957183  0.089572  -0.957360  0.264442  0.116327  0.087659  -0.117775  0.989164  -0.016626  0.011809  -0.027217  0.000000  0.000000  0.000000  1.000000  
73.450766 0.018766  -0.014359  0.020366  0.275675  0.957037  0.089909  -0.957258  0.264809  0.116333  0.087526  -0.118136  0.989132  -0.017349  0.011711  -0.026642  0.000000  0.000000  0.000000  1.000000  
73.451778 0.018744  -0.014347  0.020342  0.276072  0.956902  0.090130  -0.957156  0.265190  0.116307  0.087393  -0.118378  0.989115  -0.017850  0.011829  -0.026162  0.056895  -0.036143  -0.191688  1.000000  
73.452800 0.018721  -0.014336  0.020317  0.276269  0.956836  0.090222  -0.957099  0.265373  0.116358  0.087393  -0.118498  0.989101  -0.018404  0.011905  -0.025968  0.060297  -0.035282  -0.198324  1.000000  
73.454021 0.018690  -0.014322  0.020283  0.276469  0.956744  0.090583  -0.957053  0.265543  0.116346  0.087259  -0.118859  0.989069  -0.019304  0.011812  -0.026211  0.075452  -0.038631  -0.204238  1.000000  
73.455023 0.018666  -0.014311  0.020254  0.276669  0.956674  0.090712  -0.957007  0.265741  0.116269  0.087126  -0.118980  0.989067  -0.019938  0.011685  -0.026729  0.083620  -0.042596  -0.213267  1.000000  
73.456317 0.018635  -0.014298  0.020215  0.277064  0.956543  0.090896  -0.956893  0.266107  0.116371  0.087126  -0.119220  0.989038  -0.020527  0.011464  -0.027483  0.095102  -0.041710  -0.219796  1.000000  
73.457515 0.018606  -0.014283  0.020173  0.277264  0.956461  0.091141  -0.956847  0.266291  0.116328  0.086993  -0.119461  0.989020  -0.021041  0.011428  -0.028335  0.101966  -0.045027  -0.225654  1.000000  
73.458517 0.018583  -0.014269  0.020140  0.277461  0.956395  0.091233  -0.956790  0.266474  0.116379  0.086993  -0.119581  0.989006  -0.021394  0.011551  -0.028718  0.105417  -0.039775  -0.231914  1.000000  
73.459765 0.018554  -0.014253  0.020098  0.277461  0.956373  0.091465  -0.956790  0.266445  0.116443  0.086993  -0.119821  0.988977  -0.021979  0.011656  -0.029047  0.115064  -0.040896  -0.227017  1.000000  
73.461015 0.018522  -0.014237  0.020059  0.277658  0.956296  0.091673  -0.956733  0.266614  0.116527  0.086993  -0.120061  0.988948  -0.022812  0.011583  -0.029155  0.117558  -0.035275  -0.231390  1.000000  
73.462019 0.018496  -0.014225  0.020031  0.277855  0.956219  0.091881  -0.956676  0.266783  0.116610  0.086993  -0.120301  0.988919  -0.023378  0.011520  -0.029093  0.125655  -0.035250  -0.231413  1.000000  
73.463263 0.018462  -0.014211  0.019994  0.278052  0.956142  0.092089  -0.956619  0.266951  0.116694  0.086993  -0.120541  0.988889  -0.023884  0.011548  -0.029205  0.129693  -0.035206  -0.231411  1.000000  
73.464269 0.018435  -0.014200  0.019965  0.278249  0.956076  0.092181  -0.956562  0.267134  0.116745  0.086993  -0.120661  0.988875  -0.024319  0.011707  -0.029390  0.130970  -0.031048  -0.233133  1.000000  
73.465514 0.018401  -0.014184  0.019924  0.278442  0.955991  0.092468  -0.956493  0.267273  0.116989  0.087126  -0.121019  0.988819  -0.024689  0.011828  -0.029944  0.137258  -0.025466  -0.237290  1.000000  
73.466531 0.018375  -0.014171  0.019888  0.278639  0.955914  0.092676  -0.956436  0.267441  0.117073  0.087126  -0.121259  0.988790  -0.025026  0.011960  -0.030751  0.142343  -0.025610  -0.239039  1.000000  
73.467764 0.018343  -0.014157  0.019840  0.278836  0.955836  0.092883  -0.956378  0.267609  0.117157  0.087126  -0.121499  0.988760  -0.025242  0.011975  -0.031842  0.149346  -0.020954  -0.236662  1.000000  
73.468777 0.018317  -0.014145  0.019800  0.279230  0.955704  0.093067  -0.956263  0.267975  0.117260  0.087126  -0.121739  0.988731  -0.025305  0.011998  -0.032751  0.158664  -0.021088  -0.238513  1.000000  
73.470020 0.018283  -0.014129  0.019749  0.279623  0.955571  0.093251  -0.956148  0.268340  0.117363  0.087126  -0.121979  0.988701  -0.025532  0.012125  -0.033679  0.160869  -0.015632  -0.242891  1.000000  
73.471020 0.018257  -0.014116  0.019708  0.280017  0.955437  0.093434  -0.956033  0.268704  0.117467  0.087126  -0.122219  0.988672  -0.025751  0.012365  -0.034497  0.169756  -0.010440  -0.251198  1.000000  
73.472023 0.018231  -0.014101  0.019666  0.280214  0.955371  0.093526  -0.955976  0.268887  0.117519  0.087126  -0.122339  0.988657  -0.025799  0.012479  -0.034863  0.169738  -0.005944  -0.250609  1.000000  
73.473058 0.018205  -0.014088  0.019628  0.280608  0.955237  0.093709  -0.955860  0.269252  0.117623  0.087126  -0.122579  0.988627  -0.025913  0.012492  -0.035175  0.177700  -0.005907  -0.250342  1.000000  
73.474267 0.018174  -0.014071  0.019581  0.281198  0.955059  0.093752  -0.955687  0.269827  0.117713  0.087126  -0.122698  0.988612  -0.026169  0.012515  -0.035617  0.177344  -0.000591  -0.256977  1.000000  
73.475512 0.018140  -0.014054  0.019535  0.281591  0.954937  0.093820  -0.955571  0.270206  0.117785  0.087126  -0.122818  0.988597  -0.026326  0.012577  -0.036003  0.171277  0.004711  -0.261143  1.000000  
73.476761 0.018106  -0.014037  0.019488  0.282181  0.954758  0.093863  -0.955397  0.270782  0.117875  0.087126  -0.122938  0.988582  -0.026486  0.012752  -0.036611  0.170700  0.009996  -0.267403  1.000000  
73.477761 0.018079  -0.014023  0.019448  0.282575  0.954635  0.093930  -0.955280  0.271161  0.117947  0.087126  -0.123058  0.988568  -0.026433  0.012928  -0.037378  0.166043  0.010869  -0.274167  1.000000  
73.478761 0.018052  -0.014010  0.019407  0.283165  0.954456  0.093973  -0.955106  0.271736  0.118038  0.087126  -0.123178  0.988553  -0.026412  0.013065  -0.038228  0.161412  0.016173  -0.280405  1.000000  
73.479763 0.018027  -0.013996  0.019363  0.283558  0.954344  0.093924  -0.954989  0.272129  0.118076  0.087126  -0.123178  0.988553  -0.026278  0.013157  -0.039096  0.152940  0.017058  -0.287593  1.000000  
73.481010 0.017995  -0.013978  0.019309  0.284148  0.954165  0.093967  -0.954814  0.272704  0.118168  0.087126  -0.123298  0.988538  -0.026211  0.013315  -0.039819  0.148098  0.022342  -0.293428  1.000000  
73.482011 0.017968  -0.013964  0.019265  0.284541  0.954052  0.093918  -0.954697  0.273097  0.118206  0.087126  -0.123298  0.988538  -0.026326  0.013438  -0.040323  0.137178  0.027057  -0.295446  1.000000  
73.483260 0.017932  -0.013946  0.019211  0.285327  0.953816  0.093937  -0.954462  0.273868  0.118317  0.087126  -0.123418  0.988523  -0.026474  0.013678  -0.040614  0.134255  0.033788  -0.312799  1.000000  
73.484264 0.017902  -0.013931  0.019170  0.285916  0.953646  0.093864  -0.954286  0.274457  0.118375  0.087126  -0.123418  0.988523  -0.026722  0.013874  -0.040593  0.124958  0.035486  -0.326345  1.000000  
73.485266 0.017873  -0.013916  0.019129  0.286506  0.953465  0.093906  -0.954109  0.275031  0.118466  0.087126  -0.123538  0.988508  -0.026869  0.014077  -0.040618  0.119717  0.041631  -0.339307  1.000000  
73.486269 0.017844  -0.013900  0.019089  0.286898  0.953341  0.093973  -0.953991  0.275410  0.118538  0.087126  -0.123658  0.988493  -0.027071  0.014151  -0.040505  0.119894  0.041734  -0.339805  1.000000  
73.487519 0.017807  -0.013881  0.019039  0.287684  0.953102  0.093991  -0.953754  0.276180  0.118649  0.087126  -0.123778  0.988478  -0.027383  0.014221  -0.040549  0.114841  0.049066  -0.362064  1.000000  
73.488532 0.017777  -0.013866  0.018998  0.288273  0.952931  0.093918  -0.953576  0.276769  0.118707  0.087126  -0.123778  0.988478  -0.027764  0.014319  -0.040778  0.105419  0.050765  -0.375518  1.000000  
73.489543 0.017745  -0.013851  0.018954  0.288862  0.952749  0.093960  -0.953398  0.277343  0.118799  0.087126  -0.123898  0.988463  -0.028067  0.014446  -0.041206  0.103576  0.053319  -0.395884  1.000000  
73.490764 0.017705  -0.013832  0.018897  0.289451  0.952566  0.094002  -0.953219  0.277917  0.118890  0.087126  -0.124017  0.988448  -0.028591  0.014618  -0.041983  0.098400  0.055135  -0.409965  1.000000  
73.492035 0.017666  -0.013813  0.018842  0.290236  0.952337  0.093904  -0.952981  0.278701  0.118968  0.087126  -0.124017  0.988448  -0.028864  0.014738  -0.042415  0.088369  0.057676  -0.430145  1.000000  
73.493261 0.017628  -0.013794  0.018785  0.290824  0.952153  0.093946  -0.952801  0.279275  0.119060  0.087126  -0.124137  0.988433  -0.029204  0.014845  -0.042879  0.082469  0.059001  -0.440485  1.000000  
73.494261 0.017596  -0.013779  0.018740  0.291412  0.951980  0.093873  -0.952622  0.279863  0.119118  0.087126  -0.124137  0.988433  -0.029600  0.014889  -0.042990  0.077244  0.060719  -0.454136  1.000000  
73.495514 0.017555  -0.013758  0.018685  0.291997  0.951812  0.093760  -0.952430  0.280435  0.119302  0.087259  -0.124136  0.988421  -0.030250  0.015157  -0.043002  0.064370  0.062989  -0.471474  1.000000  
73.496761 0.017512  -0.013738  0.018634  0.292782  0.951581  0.093662  -0.952189  0.281219  0.119379  0.087259  -0.124136  0.988421  -0.030865  0.015366  -0.042790  0.053973  0.065072  -0.488081  1.000000  
73.497761 0.017478  -0.013720  0.018595  0.293370  0.951407  0.093588  -0.952008  0.281806  0.119437  0.087259  -0.124136  0.988421  -0.031270  0.015573  -0.042475  0.044676  0.066802  -0.501526  1.000000  
73.498763 0.017444  -0.013703  0.018556  0.293762  0.951291  0.093539  -0.951888  0.282198  0.119475  0.087259  -0.124136  0.988421  -0.031619  0.015718  -0.042284  0.036603  0.066887  -0.501700  1.000000  
73.499787 0.017409  -0.013686  0.018518  0.294346  0.951121  0.093426  -0.951695  0.282770  0.119660  0.087393  -0.124134  0.988409  -0.031910  0.015840  -0.042041  0.028084  0.072749  -0.511644  1.000000  
73.501011 0.017366  -0.013664  0.018468  0.294934  0.950947  0.093352  -0.951513  0.283357  0.119717  0.087393  -0.124134  0.988409  -0.032359  0.016078  -0.042097  0.019186  0.073113  -0.514601  1.000000  
73.502019 0.017330  -0.013646  0.018427  0.295521  0.950771  0.093278  -0.951330  0.283944  0.119775  0.087393  -0.124134  0.988409  -0.032789  0.016248  -0.042229  0.013942  0.074826  -0.528099  1.000000  
73.503022 0.017294  -0.013628  0.018383  0.296105  0.950590  0.093280  -0.951137  0.284501  0.119993  0.087526  -0.124253  0.988383  -0.033229  0.016371  -0.042413  0.009273  0.080281  -0.534885  1.000000  
73.504024 0.017259  -0.013610  0.018340  0.296497  0.950472  0.093231  -0.951015  0.284892  0.120032  0.087526  -0.124253  0.988383  -0.033457  0.016598  -0.042332  0.005866  0.080018  -0.531764  1.000000  
73.505269 0.017215  -0.013589  0.018288  0.297280  0.950226  0.093247  -0.950770  0.285660  0.120143  0.087526  -0.124373  0.988368  -0.033732  0.016746  -0.042076  0.004658  0.081792  -0.545428  1.000000  
73.506335 0.017179  -0.013571  0.018247  0.297668  0.950113  0.093158  -0.950636  0.286036  0.120308  0.087659  -0.124371  0.988356  -0.033923  0.016814  -0.041613  0.000543  0.086085  -0.543594  1.000000  
73.507509 0.017134  -0.013549  0.018197  0.298451  0.949866  0.093174  -0.950391  0.286803  0.120419  0.087659  -0.124491  0.988341  -0.034483  0.017131  -0.041423  -0.000060  0.086514  -0.547298  1.000000  
73.508514 0.017097  -0.013531  0.018158  0.299037  0.949678  0.093215  -0.950207  0.287375  0.120511  0.087659  -0.124611  0.988326  -0.034926  0.017347  -0.040936  -0.000060  0.087288  -0.551761  1.000000  
73.509785 0.017051  -0.013508  0.018112  0.299820  0.949441  0.093116  -0.949960  0.288157  0.120588  0.087659  -0.124611  0.988326  -0.035220  0.017539  -0.040304  -0.000664  0.088080  -0.558186  1.000000  
73.511011 0.017006  -0.013485  0.018065  0.300599  0.949197  0.093092  -0.949702  0.288908  0.120826  0.087793  -0.124729  0.988299  -0.035481  0.017678  -0.039973  -0.001308  0.093534  -0.564872  1.000000  
73.512017 0.016970  -0.013467  0.018029  0.301185  0.949018  0.093017  -0.949516  0.289495  0.120883  0.087793  -0.124729  0.988299  -0.035539  0.017787  -0.039688  -0.001913  0.094372  -0.571590  1.000000  
73.513261 0.016925  -0.013443  0.017980  0.301967  0.948768  0.093033  -0.949267  0.290261  0.120995  0.087793  -0.124849  0.988284  -0.035728  0.017902  -0.039762  -0.001913  0.094469  -0.571748  1.000000  
73.514511 0.016881  -0.013419  0.017931  0.302748  0.948529  0.092933  -0.949018  0.291043  0.121072  0.087793  -0.124849  0.988284  -0.035785  0.018095  -0.039798  -0.007142  0.095429  -0.580590  1.000000  
73.515513 0.016845  -0.013400  0.017892  0.303334  0.948349  0.092858  -0.948831  0.291628  0.121129  0.087793  -0.124849  0.988284  -0.035908  0.018121  -0.039745  -0.007142  0.095429  -0.580593  1.000000  
73.516514 0.016810  -0.013381  0.017853  0.303917  0.948174  0.092743  -0.948632  0.292198  0.121312  0.087926  -0.124848  0.988272  -0.035899  0.018232  -0.039632  -0.011224  0.099887  -0.580012  1.000000  
73.517760 0.016764  -0.013359  0.017807  0.304893  0.947861  0.092733  -0.948319  0.293159  0.121443  0.087926  -0.124968  0.988257  -0.035963  0.018227  -0.039189  -0.011826  0.100819  -0.586830  1.000000  
73.518766 0.016728  -0.013341  0.017771  0.305479  0.947680  0.092658  -0.948131  0.293745  0.121501  0.087926  -0.124968  0.988257  -0.036040  0.018265  -0.038621  -0.011925  0.101662  -0.591739  1.000000  
73.519767 0.016692  -0.013323  0.017737  0.306259  0.947438  0.092558  -0.947879  0.294525  0.121577  0.087926  -0.124968  0.988257  -0.036020  0.018364  -0.038147  -0.016604  0.102533  -0.598422  1.000000  
73.520768 0.016654  -0.013304  0.017704  0.307036  0.947200  0.092417  -0.947615  0.295289  0.121779  0.088059  -0.124966  0.988245  -0.036209  0.018426  -0.037559  -0.021327  0.107890  -0.604676  1.000000  
73.521771 0.016617  -0.013286  0.017671  0.307817  0.946945  0.092432  -0.947362  0.296054  0.121891  0.088059  -0.125086  0.988230  -0.036237  0.018490  -0.037036  -0.017868  0.108857  -0.611897  1.000000  
73.522900 0.016580  -0.013267  0.017637  0.308792  0.946640  0.092306  -0.947045  0.297029  0.121986  0.088059  -0.125086  0.988230  -0.035978  0.018330  -0.036292  -0.023643  0.110905  -0.629140  1.000000  
73.524014 0.016534  -0.013245  0.017595  0.309763  0.946339  0.092139  -0.946715  0.297987  0.122206  0.088192  -0.125085  0.988219  -0.036330  0.018451  -0.036275  -0.024401  0.116740  -0.638316  1.000000  
73.525015 0.016497  -0.013227  0.017560  0.310542  0.946082  0.092153  -0.946460  0.298751  0.122319  0.088192  -0.125204  0.988203  -0.036342  0.018405  -0.036123  -0.020975  0.113176  -0.645687  1.000000  
73.526285 0.016451  -0.013204  0.017515  0.311516  0.945774  0.092027  -0.946139  0.299725  0.122413  0.088192  -0.125204  0.988203  -0.036344  0.018372  -0.035988  -0.022174  0.114827  -0.658938  1.000000  
73.527511 0.016405  -0.013182  0.017469  0.312486  0.945470  0.091860  -0.945807  0.300683  0.122634  0.088326  -0.125203  0.988192  -0.036529  0.018311  -0.036011  -0.022844  0.120241  -0.665726  1.000000  
73.528761 0.016357  -0.013161  0.017423  0.313460  0.945149  0.091848  -0.945485  0.301641  0.122765  0.088326  -0.125323  0.988176  -0.036693  0.018209  -0.035847  -0.020420  0.121858  -0.680579  1.000000  
73.530013 0.016310  -0.013140  0.017378  0.314624  0.944781  0.091655  -0.945086  0.302792  0.123003  0.088459  -0.125321  0.988165  -0.036924  0.017971  -0.035535  -0.022329  0.124461  -0.701124  1.000000  
73.531261 0.016262  -0.013119  0.017334  0.315592  0.944474  0.091486  -0.944750  0.303749  0.123223  0.088592  -0.125320  0.988153  -0.037153  0.017784  -0.035156  -0.022972  0.129696  -0.707091  1.000000  
73.532511 0.016213  -0.013097  0.017293  0.316561  0.944166  0.091317  -0.944414  0.304705  0.123443  0.088725  -0.125318  0.988141  -0.037368  0.017735  -0.034825  -0.028278  0.135905  -0.720238  1.000000  
73.533514 0.016173  -0.013081  0.017261  0.317339  0.943915  0.091216  -0.944153  0.305482  0.123518  0.088725  -0.125318  0.988141  -0.037646  0.017605  -0.034647  -0.028933  0.132338  -0.727588  1.000000  
73.534534 0.016133  -0.013064  0.017227  0.318112  0.943669  0.091072  -0.943880  0.306243  0.123718  0.088859  -0.125317  0.988129  -0.037843  0.017485  -0.034540  -0.029817  0.138686  -0.739496  1.000000  
73.535595 0.016093  -0.013048  0.017193  0.318886  0.943433  0.090813  -0.943606  0.307020  0.123881  0.088992  -0.125196  0.988133  -0.037817  0.017275  -0.034443  -0.038543  0.143692  -0.744125  1.000000  
73.536767 0.016043  -0.013028  0.017149  0.320047  0.943058  0.090617  -0.943200  0.308169  0.124118  0.089125  -0.125194  0.988121  -0.038297  0.017202  -0.034780  -0.044046  0.145840  -0.759735  1.000000  
73.538014 0.015994  -0.013007  0.017103  0.320816  0.942815  0.090430  -0.942914  0.308914  0.124443  0.089392  -0.125191  0.988097  -0.038467  0.017013  -0.035089  -0.048869  0.155767  -0.765889  1.000000  
73.539016 0.015954  -0.012990  0.017067  0.321588  0.942565  0.090285  -0.942638  0.309674  0.124643  0.089525  -0.125190  0.988085  -0.038714  0.016929  -0.035218  -0.049501  0.160986  -0.771639  1.000000  
73.540269 0.015904  -0.012970  0.017021  0.322555  0.942262  0.089999  -0.942295  0.310643  0.124823  0.089658  -0.125068  0.988089  -0.038926  0.016817  -0.035281  -0.058361  0.161814  -0.778295  1.000000  
73.541516 0.015854  -0.012950  0.016976  0.323521  0.941948  0.089828  -0.941951  0.311597  0.125041  0.089792  -0.125067  0.988077  -0.039251  0.016667  -0.035310  -0.059034  0.167154  -0.784639  1.000000  
73.542782 0.015801  -0.012931  0.016932  0.324482  0.941637  0.089613  -0.941595  0.312535  0.125383  0.090058  -0.125064  0.988053  -0.039579  0.016466  -0.035122  -0.063796  0.176887  -0.789885  1.000000  
73.544018 0.015749  -0.012912  0.016889  0.325447  0.941321  0.089441  -0.941249  0.313488  0.125600  0.090191  -0.125062  0.988041  -0.039923  0.016323  -0.034896  -0.064497  0.182297  -0.796535  1.000000  
73.545260 0.015697  -0.012893  0.016846  0.326602  0.940944  0.089199  -0.940823  0.314619  0.125960  0.090458  -0.125059  0.988017  -0.040287  0.016149  -0.034847  -0.065926  0.192266  -0.809405  1.000000  
73.546261 0.015655  -0.012877  0.016812  0.327372  0.940690  0.089052  -0.940543  0.315378  0.126159  0.090591  -0.125058  0.988005  -0.040429  0.016099  -0.034816  -0.066642  0.193103  -0.816095  1.000000  
73.547261 0.015613  -0.012863  0.016776  0.328143  0.940446  0.088790  -0.940261  0.316152  0.126318  0.090724  -0.124936  0.988008  -0.040682  0.015888  -0.034992  -0.074793  0.198319  -0.815532  1.000000  
73.548261 0.015572  -0.012848  0.016740  0.328913  0.940191  0.088642  -0.939979  0.316911  0.126516  0.090858  -0.124935  0.987996  -0.040779  0.015792  -0.035226  -0.074878  0.202052  -0.815374  1.000000  
73.549515 0.015520  -0.012830  0.016695  0.329872  0.939875  0.088424  -0.939617  0.317847  0.126857  0.091124  -0.124932  0.987972  -0.040921  0.015650  -0.035515  -0.075578  0.211689  -0.820747  1.000000  
73.550761 0.015469  -0.012811  0.016647  0.330638  0.939635  0.088118  -0.939322  0.318605  0.127140  0.091391  -0.124809  0.987963  -0.041096  0.015600  -0.036001  -0.079179  0.215217  -0.813450  1.000000  
73.551810 0.015428  -0.012796  0.016609  0.331407  0.939378  0.087969  -0.939038  0.319363  0.127337  0.091524  -0.124807  0.987951  -0.040991  0.015394  -0.035873  -0.082594  0.219433  -0.804649  1.000000  
73.553020 0.015377  -0.012777  0.016564  0.332365  0.939070  0.087636  -0.938673  0.320313  0.127638  0.091790  -0.124684  0.987941  -0.041169  0.015261  -0.035924  -0.086938  0.224112  -0.805071  1.000000  
73.554269 0.015326  -0.012759  0.016521  0.333516  0.938685  0.087390  -0.938239  0.321442  0.127996  0.092057  -0.124681  0.987917  -0.041545  0.015232  -0.036060  -0.087680  0.233917  -0.810843  1.000000  
73.555270 0.015284  -0.012744  0.016487  0.334285  0.938436  0.087126  -0.937952  0.322214  0.128153  0.092190  -0.124560  0.987920  -0.041343  0.015042  -0.035524  -0.095874  0.238342  -0.810154  1.000000  
73.556511 0.015232  -0.012726  0.016446  0.335435  0.938049  0.086879  -0.937515  0.323342  0.128509  0.092456  -0.124557  0.987895  -0.041461  0.014929  -0.035364  -0.096696  0.243738  -0.816658  1.000000  
73.557517 0.015190  -0.012711  0.016413  0.336203  0.937798  0.086615  -0.937227  0.324114  0.128666  0.092590  -0.124435  0.987898  -0.041516  0.014917  -0.035186  -0.100801  0.248082  -0.815882  1.000000  
73.558761 0.015137  -0.012693  0.016373  0.337352  0.937419  0.086252  -0.936788  0.325257  0.128982  0.092856  -0.124312  0.987889  -0.041527  0.014824  -0.034990  -0.109432  0.256649  -0.821757  1.000000  
73.559789 0.015095  -0.012678  0.016340  0.338119  0.937157  0.086101  -0.936498  0.326013  0.129177  0.092989  -0.124311  0.987876  -0.041412  0.014779  -0.034846  -0.109113  0.256847  -0.814247  1.000000  
73.561010 0.015043  -0.012660  0.016299  0.339267  0.936775  0.085738  -0.936056  0.327155  0.129492  0.093256  -0.124188  0.987867  -0.041459  0.014781  -0.034811  -0.113759  0.261022  -0.821191  1.000000  
73.562260 0.014991  -0.012642  0.016256  0.340414  0.936392  0.085374  -0.935613  0.328296  0.129807  0.093522  -0.124065  0.987857  -0.041480  0.014748  -0.034670  -0.118543  0.270682  -0.826880  1.000000  
73.563260 0.014949  -0.012627  0.016222  0.341373  0.936059  0.085195  -0.935250  0.329244  0.130019  0.093655  -0.124063  0.987845  -0.041499  0.014710  -0.034529  -0.119291  0.271553  -0.833703  1.000000  
73.564511 0.014896  -0.012609  0.016181  0.342519  0.935673  0.084830  -0.934804  0.330385  0.130332  0.093922  -0.123941  0.987835  -0.041586  0.014737  -0.034242  -0.124219  0.276970  -0.840500  1.000000  
73.565513 0.014855  -0.012594  0.016149  0.343472  0.935344  0.084604  -0.934428  0.331317  0.130667  0.094188  -0.123937  0.987810  -0.041668  0.014703  -0.033715  -0.121216  0.282761  -0.848409  1.000000  
73.566513 0.014813  -0.012579  0.016119  0.344237  0.935087  0.084338  -0.934133  0.332087  0.130821  0.094321  -0.123816  0.987812  -0.041721  0.014730  -0.033307  -0.125057  0.281961  -0.846173  1.000000  
73.567760 0.014760  -0.012561  0.016082  0.345382  0.934688  0.084084  -0.933683  0.333211  0.131173  0.094588  -0.123813  0.987787  -0.041849  0.014679  -0.032729  -0.125864  0.287240  -0.852385  1.000000  
73.568765 0.014717  -0.012546  0.016055  0.346147  0.934429  0.083817  -0.933387  0.333981  0.131325  0.094721  -0.123691  0.987790  -0.041960  0.014673  -0.032186  -0.130025  0.287187  -0.852392  1.000000  
73.569768 0.014674  -0.012531  0.016026  0.346906  0.934165  0.083617  -0.933077  0.334719  0.131642  0.094987  -0.123688  0.987764  -0.042058  0.014712  -0.031846  -0.126605  0.288607  -0.852482  1.000000  
73.571019 0.014620  -0.012513  0.015990  0.348050  0.933773  0.083248  -0.932624  0.335858  0.131952  0.095254  -0.123565  0.987754  -0.042202  0.014667  -0.031549  -0.131487  0.293849  -0.858682  1.000000  
73.572268 0.014566  -0.012494  0.015954  0.349001  0.933448  0.082907  -0.932242  0.336804  0.132245  0.095520  -0.123442  0.987744  -0.042271  0.014676  -0.031175  -0.135112  0.297423  -0.851365  1.000000  
73.573510 0.014511  -0.012476  0.015917  0.350143  0.933043  0.082650  -0.931786  0.337926  0.132594  0.095787  -0.123439  0.987718  -0.042410  0.014697  -0.030994  -0.136158  0.297551  -0.864734  1.000000  
73.574510 0.014468  -0.012461  0.015887  0.351093  0.932716  0.082307  -0.931401  0.338871  0.132886  0.096053  -0.123316  0.987708  -0.042501  0.014740  -0.030749  -0.141017  0.302766  -0.870939  1.000000  
73.575514 0.014423  -0.012446  0.015859  0.351855  0.932443  0.082151  -0.931099  0.339624  0.133077  0.096186  -0.123315  0.987695  -0.042733  0.014780  -0.030361  -0.141013  0.303549  -0.864455  1.000000  
73.576761 0.014367  -0.012427  0.015825  0.352991  0.932050  0.081733  -0.930628  0.340745  0.133508  0.096586  -0.123190  0.987672  -0.043011  0.014781  -0.029789  -0.145481  0.307131  -0.870356  1.000000  
73.578011 0.014311  -0.012407  0.015794  0.354131  0.931650  0.081361  -0.930167  0.341882  0.133814  0.096852  -0.123067  0.987661  -0.043262  0.014910  -0.029047  -0.146314  0.312316  -0.876647  1.000000  
73.579261 0.014254  -0.012388  0.015763  0.355266  0.931244  0.081054  -0.929693  0.342986  0.134285  0.097251  -0.123062  0.987622  -0.043521  0.014973  -0.028331  -0.147864  0.319429  -0.883505  1.000000  
73.580511 0.014197  -0.012368  0.015734  0.356405  0.930842  0.080681  -0.929229  0.344122  0.134590  0.097518  -0.122939  0.987611  -0.043827  0.015046  -0.027729  -0.149396  0.320990  -0.897074  1.000000  
73.581513 0.014151  -0.012353  0.015710  0.357352  0.930499  0.080447  -0.928837  0.345049  0.134919  0.097784  -0.122936  0.987585  -0.044117  0.015083  -0.027312  -0.149715  0.324610  -0.903064  1.000000  
73.582761 0.014093  -0.012333  0.015680  0.358294  0.930161  0.080165  -0.928432  0.345961  0.135372  0.098184  -0.122931  0.987546  -0.044506  0.015177  -0.026864  -0.145871  0.333295  -0.901647  1.000000  
73.583762 0.014046  -0.012318  0.015655  0.359240  0.929816  0.079931  -0.928038  0.346887  0.135701  0.098450  -0.122928  0.987520  -0.044729  0.015185  -0.026700  -0.146762  0.334112  -0.908321  1.000000  
73.584769 0.013999  -0.012303  0.015629  0.360185  0.929480  0.079583  -0.927643  0.347830  0.135987  0.098716  -0.122805  0.987509  -0.044990  0.015228  -0.026352  -0.146938  0.338395  -0.907708  1.000000  
73.586020 0.013940  -0.012284  0.015597  0.361321  0.929062  0.079319  -0.927173  0.348947  0.136332  0.098982  -0.122802  0.987483  -0.045331  0.015244  -0.026120  -0.147187  0.338384  -0.907663  1.000000  
73.587270 0.013880  -0.012266  0.015566  0.362642  0.928576  0.078978  -0.926614  0.350240  0.136815  0.099382  -0.122797  0.987443  -0.045715  0.015246  -0.025746  -0.145312  0.346446  -0.921451  1.000000  
73.588528 0.013821  -0.012247  0.015536  0.363581  0.928242  0.078579  -0.926203  0.351166  0.137222  0.099781  -0.122672  0.987419  -0.046085  0.015291  -0.025301  -0.144892  0.349759  -0.913604  1.000000  
73.589602 0.013772  -0.012231  0.015513  0.364525  0.927892  0.078341  -0.925804  0.352091  0.137549  0.100048  -0.122669  0.987392  -0.046117  0.015242  -0.024738  -0.145534  0.354543  -0.918492  1.000000  
73.590765 0.013711  -0.012212  0.015486  0.365653  0.927475  0.078026  -0.925315  0.353191  0.138014  0.100447  -0.122664  0.987352  -0.046802  0.015405  -0.024401  -0.142061  0.359635  -0.919712  1.000000  
73.592039 0.013650  -0.012193  0.015460  0.366781  0.927066  0.077596  -0.924825  0.354307  0.138436  0.100846  -0.122539  0.987327  -0.047024  0.015369  -0.023902  -0.142263  0.363680  -0.918409  1.000000  
73.593269 0.013588  -0.012173  0.015433  0.367913  0.926639  0.077328  -0.924346  0.355422  0.138777  0.101113  -0.122536  0.987300  -0.047416  0.015395  -0.023592  -0.142620  0.363935  -0.919035  1.000000  
73.594511 0.013526  -0.012153  0.015407  0.369040  0.926227  0.076897  -0.923853  0.356537  0.139197  0.101512  -0.122411  0.987275  -0.047780  0.015421  -0.023372  -0.142397  0.370588  -0.917329  1.000000  
73.595515 0.013476  -0.012137  0.015385  0.369975  0.925878  0.076606  -0.923435  0.357445  0.139644  0.101911  -0.122406  0.987234  -0.048035  0.015436  -0.023262  -0.139131  0.377172  -0.917441  1.000000  
73.596761 0.013414  -0.012118  0.015356  0.371105  0.925448  0.076335  -0.922952  0.358558  0.139984  0.102177  -0.122402  0.987207  -0.048374  0.015372  -0.023112  -0.139542  0.380228  -0.922990  1.000000  
73.598011 0.013351  -0.012099  0.015329  0.372420  0.924958  0.075873  -0.922378  0.359863  0.140418  0.102577  -0.122278  0.987181  -0.048759  0.015371  -0.022906  -0.144591  0.385457  -0.929254  1.000000  
73.599261 0.013288  -0.012079  0.015302  0.373543  0.924531  0.075550  -0.921879  0.360960  0.140878  0.102976  -0.122273  0.987140  -0.048967  0.015443  -0.022653  -0.141586  0.390762  -0.935702  1.000000  
73.600511 0.013223  -0.012061  0.015277  0.374666  0.924112  0.075115  -0.921379  0.362073  0.141295  0.103375  -0.122148  0.987114  -0.049369  0.015448  -0.022197  -0.142582  0.395883  -0.941869  1.000000  
73.601515 0.013172  -0.012045  0.015259  0.375414  0.923826  0.074899  -0.921044  0.362804  0.141601  0.103641  -0.122144  0.987086  -0.049679  0.015441  -0.021755  -0.142154  0.395014  -0.935012  1.000000  
73.602516 0.013119  -0.012030  0.015240  0.376162  0.923539  0.074682  -0.920709  0.363534  0.141907  0.103907  -0.122141  0.987059  -0.050011  0.015461  -0.021282  -0.138131  0.396508  -0.929045  1.000000  
73.603519 0.013067  -0.012014  0.015222  0.376904  0.923267  0.074303  -0.920360  0.364266  0.142291  0.104307  -0.122016  0.987032  -0.050300  0.015479  -0.020909  -0.142475  0.405395  -0.927980  1.000000  
73.604520 0.013015  -0.011999  0.015206  0.377841  0.922904  0.074057  -0.919946  0.365186  0.142612  0.104573  -0.122013  0.987004  -0.050724  0.015546  -0.020616  -0.138594  0.405150  -0.927555  1.000000  
73.605521 0.012963  -0.011983  0.015188  0.378588  0.922615  0.073839  -0.919609  0.365916  0.142917  0.104839  -0.122009  0.986976  -0.050701  0.015467  -0.020189  -0.138849  0.405134  -0.927501  1.000000  
73.606760 0.012897  -0.011964  0.015165  0.379896  0.922115  0.073369  -0.919023  0.367217  0.143345  0.105238  -0.121884  0.986949  -0.050969  0.015484  -0.019991  -0.139459  0.407925  -0.933192  1.000000  
73.608015 0.012831  -0.011945  0.015141  0.381015  0.921679  0.073040  -0.918514  0.368311  0.143801  0.105637  -0.121879  0.986907  -0.051305  0.015437  -0.019786  -0.136217  0.410349  -0.933970  1.000000  
73.609259 0.012765  -0.011926  0.015119  0.382133  0.921242  0.072710  -0.918004  0.369404  0.144257  0.106036  -0.121874  0.986865  -0.051589  0.015409  -0.019553  -0.136140  0.412302  -0.932632  1.000000  
73.610259 0.012712  -0.011912  0.015101  0.382878  0.920959  0.072378  -0.917662  0.370150  0.144516  0.106303  -0.121751  0.986852  -0.051818  0.015325  -0.019313  -0.139742  0.411391  -0.925831  1.000000  
73.611509 0.012645  -0.011893  0.015080  0.383995  0.920520  0.072047  -0.917149  0.371242  0.144971  0.106702  -0.121746  0.986809  -0.052114  0.015231  -0.018843  -0.136033  0.415789  -0.925345  1.000000  
73.612759 0.012578  -0.011875  0.015060  0.385299  0.920003  0.071684  -0.916555  0.372523  0.145439  0.107101  -0.121740  0.986767  -0.052417  0.015153  -0.018319  -0.137822  0.417435  -0.938793  1.000000  
73.614009 0.012509  -0.011857  0.015042  0.386414  0.919570  0.071239  -0.916039  0.373632  0.145847  0.107500  -0.121615  0.986739  -0.052786  0.015068  -0.017668  -0.142195  0.421804  -0.938246  1.000000  
73.615009 0.012454  -0.011843  0.015029  0.387340  0.919204  0.070935  -0.915601  0.374533  0.146285  0.107899  -0.121610  0.986696  -0.053120  0.015065  -0.017236  -0.138510  0.426257  -0.937884  1.000000  
73.616015 0.012399  -0.011828  0.015015  0.388460  0.918753  0.070651  -0.915095  0.375638  0.146616  0.108165  -0.121606  0.986667  -0.053329  0.015002  -0.016852  -0.139467  0.427041  -0.944519  1.000000  
73.617260 0.012330  -0.011811  0.014998  0.389573  0.918308  0.070314  -0.914575  0.376728  0.147068  0.108564  -0.121601  0.986624  -0.053515  0.014884  -0.016476  -0.139183  0.426295  -0.937919  1.000000  
73.618272 0.012276  -0.011797  0.014985  0.390497  0.917947  0.069896  -0.914133  0.377646  0.147458  0.108963  -0.121476  0.986595  -0.053627  0.014771  -0.016104  -0.140734  0.429709  -0.945703  1.000000  
73.619513 0.012207  -0.011779  0.014967  0.391984  0.917343  0.069497  -0.913449  0.379113  0.147937  0.109362  -0.121471  0.986552  -0.053919  0.014664  -0.015890  -0.142435  0.434248  -0.960185  1.000000  
73.620515 0.012152  -0.011765  0.014953  0.392907  0.916972  0.069188  -0.913004  0.380012  0.148372  0.109761  -0.121465  0.986508  -0.054084  0.014581  -0.015677  -0.142349  0.437385  -0.956760  1.000000  
73.621766 0.012083  -0.011747  0.014935  0.394205  0.916442  0.068817  -0.912396  0.381288  0.148835  0.110160  -0.121460  0.986465  -0.054314  0.014426  -0.015244  -0.140047  0.436861  -0.966056  1.000000  
73.623010 0.012013  -0.011730  0.014919  0.395502  0.915911  0.068445  -0.911787  0.382564  0.149298  0.110559  -0.121455  0.986421  -0.054572  0.014305  -0.014832  -0.140597  0.439094  -0.970476  1.000000  
73.624015 0.011957  -0.011717  0.014907  0.396610  0.915458  0.068102  -0.911257  0.383650  0.149745  0.110958  -0.121449  0.986376  -0.054754  0.014156  -0.014358  -0.141645  0.444288  -0.976524  1.000000  
