1-Time 2-Px 3-Py 4-Pz 5-R11 6-R21 7-R31 8-R12 9-R22 10-R32 11-R13 12-R23 13-R33 14-Vx 15-Vy 16-Vz 17-Wx 18-Wy 19-Wz 20-state
149.315546 0.027279  -0.013757  0.010979  0.530911  0.786335  0.315929  -0.839559  0.538748  0.069938  -0.115212  -0.302372  0.946202  -0.000426  -0.002266  -0.000354  0.000000  0.000000  0.000000  1.000000  
149.316774 0.027278  -0.013757  0.010977  0.530911  0.786335  0.315929  -0.839559  0.538748  0.069938  -0.115212  -0.302372  0.946202  -0.001144  0.000075  -0.001270  0.000000  0.000000  0.000000  1.000000  
149.318032 0.027265  -0.013759  0.010969  0.530911  0.786335  0.315929  -0.839559  0.538748  0.069938  -0.115212  -0.302372  0.946202  -0.006465  -0.000588  -0.004368  0.000000  0.000000  0.000000  1.000000  
149.319035 0.027251  -0.013761  0.010959  0.530911  0.786335  0.315929  -0.839559  0.538748  0.069938  -0.115212  -0.302372  0.946202  -0.008747  -0.001018  -0.006039  0.000000  0.000000  0.000000  1.000000  
149.320277 0.027238  -0.013761  0.010951  0.530911  0.786335  0.315929  -0.839559  0.538748  0.069938  -0.115212  -0.302372  0.946202  -0.009152  -0.000753  -0.006101  0.000000  0.000000  0.000000  1.000000  
149.321278 0.027230  -0.013760  0.010949  0.530903  0.786313  0.315997  -0.839546  0.538782  0.069831  -0.115345  -0.302367  0.946187  -0.008951  -0.000503  -0.005409  0.000000  0.000000  0.000000  1.000000  
149.322528 0.027218  -0.013756  0.010947  0.530730  0.786424  0.316011  -0.839655  0.538620  0.069766  -0.115345  -0.302367  0.946187  -0.009136  0.000167  -0.004717  0.000000  0.000000  0.000000  1.000000  
149.323769 0.027198  -0.013751  0.010940  0.530730  0.786424  0.316011  -0.839655  0.538620  0.069766  -0.115345  -0.302367  0.946187  -0.010178  0.000733  -0.004789  0.000000  0.000000  0.000000  1.000000  
149.324771 0.027180  -0.013747  0.010934  0.530738  0.786445  0.315944  -0.839668  0.538586  0.069873  -0.115212  -0.302372  0.946202  -0.011075  0.001140  -0.004919  0.000000  0.000000  0.000000  1.000000  
149.326019 0.027159  -0.013742  0.010928  0.530738  0.786445  0.315944  -0.839668  0.538586  0.069873  -0.115212  -0.302372  0.946202  -0.011713  0.001529  -0.004951  0.000000  0.000000  0.000000  1.000000  
149.327268 0.027143  -0.013736  0.010922  0.530747  0.786467  0.315876  -0.839681  0.538552  0.069980  -0.115079  -0.302377  0.946216  -0.011876  0.001867  -0.004895  0.000000  0.000000  0.000000  1.000000  
149.328270 0.027129  -0.013731  0.010917  0.530755  0.786489  0.315808  -0.839694  0.538518  0.070087  -0.114946  -0.302381  0.946231  -0.011998  0.002106  -0.004937  0.000000  0.000000  0.000000  1.000000  
149.329518 0.027109  -0.013725  0.010907  0.530763  0.786510  0.315741  -0.839707  0.538483  0.070194  -0.114813  -0.302386  0.946246  -0.012390  0.002383  -0.005230  0.000000  0.000000  0.000000  1.000000  
149.330519 0.027088  -0.013720  0.010897  0.530763  0.786549  0.315645  -0.839707  0.538492  0.070128  -0.114813  -0.302271  0.946282  -0.012955  0.002541  -0.005565  0.000000  0.000000  0.000000  1.000000  
149.331768 0.027060  -0.013715  0.010882  0.530771  0.786570  0.315578  -0.839720  0.538458  0.070235  -0.114680  -0.302276  0.946297  -0.014530  0.002798  -0.006381  0.000000  0.000000  0.000000  1.000000  
149.333020 0.027033  -0.013711  0.010868  0.530944  0.786498  0.315468  -0.839611  0.538628  0.070235  -0.114680  -0.302161  0.946334  -0.015479  0.003170  -0.006748  0.000000  0.000000  0.000000  1.000000  
149.334022 0.027011  -0.013709  0.010858  0.530952  0.786557  0.315305  -0.839624  0.538602  0.070277  -0.114547  -0.302051  0.946385  -0.015978  0.003454  -0.006740  0.000000  0.000000  0.000000  1.000000  
149.335272 0.026986  -0.013702  0.010848  0.531125  0.786485  0.315195  -0.839515  0.538773  0.070276  -0.114547  -0.301936  0.946421  -0.016800  0.003923  -0.006907  0.000000  0.000000  0.000000  1.000000  
149.336368 0.026964  -0.013695  0.010840  0.531298  0.786374  0.315180  -0.839405  0.538935  0.070341  -0.114547  -0.301936  0.946421  -0.017774  0.004336  -0.007284  0.000000  0.000000  0.000000  1.000000  
149.337522 0.026935  -0.013684  0.010831  0.531463  0.786279  0.315138  -0.839283  0.539139  0.070234  -0.114680  -0.301817  0.946443  -0.018833  0.004810  -0.007753  0.000000  0.000000  0.000000  1.000000  
149.338770 0.026908  -0.013675  0.010818  0.531808  0.786057  0.315109  -0.839064  0.539463  0.070363  -0.114680  -0.301817  0.946443  -0.019336  0.005145  -0.008145  0.000000  0.000000  0.000000  1.000000  
149.339771 0.026887  -0.013669  0.010806  0.531989  0.785968  0.315027  -0.838968  0.539591  0.070535  -0.114547  -0.301821  0.946458  -0.019508  0.005232  -0.008577  0.000000  0.000000  0.000000  1.000000  
149.341018 0.026865  -0.013661  0.010790  0.532162  0.785857  0.315012  -0.838858  0.539753  0.070600  -0.114547  -0.301821  0.946458  -0.019643  0.005402  -0.009185  0.000000  0.000000  0.000000  1.000000  
149.342269 0.026842  -0.013651  0.010775  0.532507  0.785635  0.314983  -0.838639  0.540076  0.070730  -0.114547  -0.301821  0.946458  -0.020126  0.005713  -0.009989  0.000000  0.000000  0.000000  1.000000  
149.343519 0.026818  -0.013641  0.010760  0.532680  0.785523  0.314969  -0.838529  0.540238  0.070795  -0.114547  -0.301821  0.946458  -0.020636  0.005930  -0.010455  0.000000  0.000000  0.000000  1.000000  
149.344769 0.026789  -0.013634  0.010745  0.533025  0.785301  0.314940  -0.838310  0.540561  0.070924  -0.114547  -0.301821  0.946458  -0.021004  0.005941  -0.010660  0.000000  0.000000  0.000000  1.000000  
149.346019 0.026760  -0.013628  0.010731  0.533370  0.785078  0.314910  -0.838090  0.540884  0.071054  -0.114547  -0.301821  0.946458  -0.021153  0.005987  -0.010691  0.000000  0.000000  0.000000  1.000000  
149.347269 0.026732  -0.013620  0.010718  0.533715  0.784855  0.314881  -0.837871  0.541208  0.071184  -0.114547  -0.301821  0.946458  -0.021114  0.006231  -0.010530  0.000000  0.000000  0.000000  1.000000  
149.348269 0.026710  -0.013613  0.010709  0.534060  0.784633  0.314852  -0.837651  0.541531  0.071313  -0.114547  -0.301821  0.946458  -0.021225  0.006526  -0.010364  0.000000  0.000000  0.000000  1.000000  
149.349271 0.026687  -0.013605  0.010700  0.534405  0.784448  0.314727  -0.837431  0.541862  0.071377  -0.114547  -0.301707  0.946495  -0.021323  0.006902  -0.010380  0.000000  0.000000  0.000000  1.000000  
149.350272 0.026662  -0.013596  0.010691  0.534569  0.784314  0.314781  -0.837308  0.542058  0.071335  -0.114680  -0.301702  0.946480  -0.021596  0.007108  -0.010416  0.000000  0.000000  0.000000  1.000000  
149.351524 0.026631  -0.013584  0.010679  0.535086  0.783979  0.314737  -0.836978  0.542542  0.071530  -0.114680  -0.301702  0.946480  -0.021782  0.007220  -0.010619  0.000000  0.000000  0.000000  1.000000  
149.352530 0.026607  -0.013574  0.010667  0.535431  0.783794  0.314612  -0.836757  0.542874  0.071593  -0.114680  -0.301587  0.946517  -0.021839  0.007327  -0.011014  -0.007049  0.077822  -0.169931  1.000000  
149.353774 0.026580  -0.013560  0.010652  0.535775  0.783571  0.314583  -0.836537  0.543196  0.071723  -0.114680  -0.301587  0.946517  -0.021888  0.007686  -0.011100  -0.005460  0.082024  -0.183080  1.000000  
149.355018 0.026552  -0.013547  0.010635  0.535947  0.783421  0.314663  -0.836426  0.543349  0.071854  -0.114680  -0.301702  0.946480  -0.022090  0.008038  -0.011249  -0.000596  0.079229  -0.189527  1.000000  
149.356023 0.026528  -0.013537  0.010623  0.536111  0.783287  0.314716  -0.836303  0.543544  0.071812  -0.114813  -0.301697  0.946465  -0.022560  0.008281  -0.011103  0.000209  0.077630  -0.198864  1.000000  
149.357268 0.026496  -0.013525  0.010610  0.536456  0.783025  0.314782  -0.836082  0.543858  0.072007  -0.114813  -0.301812  0.946429  -0.023065  0.008383  -0.010979  0.005814  0.076909  -0.211590  1.000000  
149.358518 0.026464  -0.013515  0.010596  0.536808  0.782823  0.314684  -0.835874  0.544146  0.072243  -0.114680  -0.301817  0.946443  -0.023584  0.008413  -0.010911  0.007422  0.081739  -0.226472  1.000000  
149.359768 0.026431  -0.013504  0.010583  0.536988  0.782694  0.314695  -0.835777  0.544265  0.072481  -0.114547  -0.301936  0.946421  -0.023914  0.008673  -0.010787  0.016338  0.083831  -0.233026  1.000000  
149.360769 0.026403  -0.013495  0.010572  0.536988  0.782656  0.314790  -0.835777  0.544256  0.072547  -0.114547  -0.302051  0.946385  -0.024155  0.009016  -0.010717  0.020399  0.079560  -0.234388  1.000000  
149.362019 0.026370  -0.013484  0.010556  0.537169  0.782566  0.314707  -0.835679  0.544383  0.072718  -0.114414  -0.302056  0.946399  -0.024575  0.009220  -0.010983  0.024256  0.083134  -0.231090  1.000000  
149.363269 0.026336  -0.013472  0.010539  0.537169  0.782528  0.314802  -0.835679  0.544374  0.072784  -0.114414  -0.302170  0.946363  -0.024926  0.009401  -0.011376  0.028326  0.083226  -0.231300  1.000000  
149.364518 0.026303  -0.013459  0.010520  0.537341  0.782416  0.314787  -0.835568  0.544535  0.072849  -0.114414  -0.302170  0.946363  -0.025203  0.009560  -0.011953  0.032329  0.078893  -0.232467  1.000000  
149.365520 0.026277  -0.013447  0.010504  0.537513  0.782304  0.314772  -0.835458  0.544696  0.072914  -0.114414  -0.302170  0.946363  -0.025243  0.009778  -0.012410  0.037467  0.081623  -0.240950  1.000000  
149.366534 0.026253  -0.013433  0.010488  0.537513  0.782304  0.314772  -0.835458  0.544696  0.072914  -0.114414  -0.302170  0.946363  -0.025201  0.010063  -0.012818  0.036676  0.083783  -0.232937  1.000000  
149.367775 0.026222  -0.013415  0.010467  0.537685  0.782153  0.314852  -0.835347  0.544849  0.073045  -0.114414  -0.302285  0.946326  -0.025418  0.010338  -0.013199  0.044045  0.081713  -0.226443  1.000000  
149.369023 0.026192  -0.013399  0.010447  0.537693  0.782175  0.314783  -0.835360  0.544815  0.073151  -0.114281  -0.302290  0.946341  -0.025534  0.010593  -0.013376  0.043235  0.083903  -0.218519  1.000000  
149.370026 0.026167  -0.013387  0.010433  0.537865  0.782025  0.314863  -0.835249  0.544967  0.073282  -0.114281  -0.302405  0.946304  -0.025696  0.010622  -0.013485  0.047297  0.079636  -0.219890  1.000000  
149.371268 0.026135  -0.013374  0.010415  0.538045  0.781896  0.314874  -0.835151  0.545085  0.073519  -0.114149  -0.302524  0.946282  -0.025774  0.010697  -0.013713  0.050576  0.081858  -0.212010  1.000000  
149.372278 0.026109  -0.013363  0.010401  0.538217  0.781784  0.314859  -0.835040  0.545246  0.073584  -0.114149  -0.302524  0.946282  -0.025798  0.010876  -0.013929  0.050554  0.081821  -0.211917  1.000000  
149.373520 0.026077  -0.013350  0.010381  0.538389  0.781634  0.314938  -0.834930  0.545398  0.073715  -0.114149  -0.302639  0.946245  -0.025749  0.011101  -0.014440  0.053855  0.079770  -0.205432  1.000000  
149.374768 0.026046  -0.013335  0.010358  0.538569  0.781505  0.314949  -0.834832  0.545516  0.073953  -0.114016  -0.302758  0.946223  -0.025587  0.011291  -0.015082  0.057442  0.083376  -0.202386  1.000000  
149.375768 0.026023  -0.013325  0.010339  0.538913  0.781280  0.314919  -0.834610  0.545837  0.074082  -0.114016  -0.302758  0.946223  -0.025372  0.011379  -0.015582  0.057924  0.084076  -0.204086  1.000000  
149.377018 0.025993  -0.013310  0.010313  0.539093  0.781190  0.314835  -0.834512  0.545964  0.074253  -0.113883  -0.302763  0.946237  -0.025094  0.011589  -0.016207  0.057119  0.086269  -0.196170  1.000000  
149.378019 0.025970  -0.013298  0.010292  0.539436  0.780965  0.314804  -0.834290  0.546286  0.074383  -0.113883  -0.302763  0.946237  -0.024784  0.011838  -0.016767  0.057430  0.087629  -0.201039  1.000000  
149.379269 0.025941  -0.013281  0.010265  0.539780  0.780740  0.314774  -0.834067  0.546607  0.074513  -0.113883  -0.302763  0.946237  -0.024536  0.012087  -0.017292  0.060690  0.085544  -0.194552  1.000000  
149.380519 0.025912  -0.013263  0.010239  0.540123  0.780515  0.314743  -0.833845  0.546929  0.074642  -0.113883  -0.302763  0.946237  -0.024337  0.012297  -0.017704  0.060717  0.089811  -0.193234  1.000000  
149.381769 0.025884  -0.013245  0.010215  0.540467  0.780290  0.314712  -0.833623  0.547250  0.074772  -0.113883  -0.302763  0.946237  -0.024142  0.012311  -0.017947  0.064754  0.089789  -0.193218  1.000000  
149.382769 0.025862  -0.013231  0.010196  0.540810  0.780064  0.314682  -0.833400  0.547571  0.074901  -0.113883  -0.302763  0.946237  -0.023998  0.012309  -0.018053  0.064755  0.089790  -0.193221  1.000000  
149.383780 0.025838  -0.013218  0.010176  0.541161  0.779861  0.314582  -0.833190  0.547858  0.075137  -0.113750  -0.302768  0.946252  -0.023975  0.012247  -0.018378  0.065255  0.094786  -0.193388  1.000000  
149.385028 0.025808  -0.013202  0.010149  0.541676  0.779560  0.314441  -0.832856  0.548349  0.075265  -0.113750  -0.302653  0.946289  -0.023917  0.012331  -0.018932  0.058685  0.098971  -0.206489  1.000000  
149.386278 0.025776  -0.013187  0.010123  0.542190  0.779222  0.314394  -0.832521  0.548830  0.075459  -0.113750  -0.302653  0.946289  -0.023862  0.012490  -0.019568  0.059486  0.105336  -0.211651  1.000000  
149.387529 0.025746  -0.013172  0.010096  0.542541  0.779056  0.314199  -0.832310  0.549127  0.075628  -0.113617  -0.302543  0.946340  -0.023742  0.012581  -0.020152  0.051302  0.105335  -0.211650  1.000000  
149.388772 0.025716  -0.013156  0.010068  0.543063  0.778739  0.314083  -0.831988  0.549574  0.075928  -0.113484  -0.302547  0.946354  -0.023631  0.012681  -0.020572  0.048800  0.113837  -0.223420  1.000000  
149.389773 0.025692  -0.013144  0.010047  0.543577  0.778437  0.313942  -0.831652  0.550064  0.076055  -0.113484  -0.302432  0.946391  -0.023683  0.012791  -0.020794  0.046283  0.113719  -0.237885  1.000000  
149.390779 0.025667  -0.013131  0.010024  0.543928  0.778233  0.313841  -0.831441  0.550350  0.076291  -0.113351  -0.302437  0.946405  -0.023776  0.012904  -0.020927  0.043754  0.122168  -0.249545  1.000000  
149.391779 0.025641  -0.013117  0.010003  0.544270  0.778044  0.313716  -0.831217  0.550680  0.076353  -0.113351  -0.302322  0.946442  -0.023881  0.013079  -0.021016  0.040451  0.119968  -0.257483  1.000000  
149.393019 0.025609  -0.013099  0.009978  0.544792  0.777764  0.313505  -0.830893  0.551136  0.076586  -0.113218  -0.302212  0.946493  -0.024050  0.013277  -0.020921  0.034655  0.130570  -0.275857  1.000000  
149.394269 0.025578  -0.013080  0.009954  0.545142  0.777635  0.313215  -0.830682  0.551441  0.076687  -0.113085  -0.301987  0.946581  -0.024214  0.013341  -0.020674  0.027267  0.136909  -0.281051  1.000000  
149.395519 0.025547  -0.013061  0.009932  0.545655  0.777333  0.313073  -0.830345  0.551930  0.076813  -0.113085  -0.301872  0.946618  -0.024329  0.013423  -0.020434  0.024560  0.139909  -0.291733  1.000000  
149.396768 0.025515  -0.013043  0.009908  0.546176  0.777090  0.312768  -0.830020  0.552395  0.076979  -0.112952  -0.301647  0.946705  -0.024656  0.013404  -0.020466  0.018794  0.150355  -0.309917  1.000000  
149.397769 0.025488  -0.013029  0.009888  0.546526  0.776922  0.312572  -0.829808  0.552691  0.077146  -0.112819  -0.301537  0.946756  -0.024942  0.013481  -0.020556  0.011464  0.156687  -0.315080  1.000000  
149.398771 0.025461  -0.013015  0.009866  0.546876  0.776793  0.312282  -0.829595  0.552996  0.077246  -0.112686  -0.301312  0.946844  -0.025198  0.013522  -0.020656  0.004887  0.160781  -0.328074  1.000000  
149.400028 0.025427  -0.012998  0.009840  0.547226  0.776663  0.311992  -0.829383  0.553301  0.077346  -0.112553  -0.301087  0.946931  -0.025391  0.013673  -0.020593  -0.006542  0.168418  -0.335891  1.000000  
149.401272 0.025393  -0.012982  0.009814  0.547575  0.776495  0.311796  -0.829170  0.553596  0.077513  -0.112420  -0.300976  0.946982  -0.025562  0.013685  -0.020629  -0.013961  0.170519  -0.342469  1.000000  
149.402524 0.025360  -0.012965  0.009790  0.547925  0.776365  0.311506  -0.828957  0.553901  0.077613  -0.112287  -0.300751  0.947069  -0.025746  0.013804  -0.020386  -0.026218  0.174796  -0.341142  1.000000  
149.403771 0.025326  -0.012948  0.009767  0.548275  0.776234  0.311216  -0.828744  0.554206  0.077713  -0.112154  -0.300526  0.947157  -0.025992  0.013916  -0.020115  -0.033615  0.181136  -0.346368  1.000000  
149.405018 0.025292  -0.012930  0.009745  0.548632  0.776088  0.310950  -0.828543  0.554468  0.077985  -0.111889  -0.300420  0.947222  -0.026210  0.014068  -0.019764  -0.040752  0.186082  -0.348884  1.000000  
149.406272 0.025260  -0.012911  0.009724  0.548982  0.775957  0.310659  -0.828330  0.554773  0.078084  -0.111756  -0.300195  0.947309  -0.026275  0.014151  -0.019274  -0.049267  0.187457  -0.351567  1.000000  
149.407519 0.025227  -0.012893  0.009704  0.549331  0.775826  0.310369  -0.828116  0.555078  0.078183  -0.111623  -0.299970  0.947396  -0.026313  0.014250  -0.018864  -0.056202  0.192198  -0.353857  1.000000  
149.408768 0.025195  -0.012874  0.009684  0.549688  0.775717  0.310008  -0.827914  0.555350  0.078387  -0.111357  -0.299749  0.947497  -0.026386  0.014259  -0.018669  -0.064342  0.200658  -0.351185  1.000000  
149.409769 0.025168  -0.012859  0.009667  0.549867  0.775700  0.309734  -0.827814  0.555495  0.078422  -0.111224  -0.299523  0.947584  -0.026490  0.014296  -0.018533  -0.073228  0.202800  -0.343361  1.000000  
149.410769 0.025142  -0.012843  0.009649  0.550216  0.775569  0.309443  -0.827600  0.555800  0.078520  -0.111091  -0.299298  0.947671  -0.026593  0.014340  -0.018556  -0.082022  0.208745  -0.344906  1.000000  
149.412021 0.025109  -0.012825  0.009627  0.550573  0.775459  0.309082  -0.827398  0.556072  0.078724  -0.110825  -0.299077  0.947772  -0.026617  0.014301  -0.018353  -0.090224  0.217267  -0.342196  1.000000  
149.413268 0.025075  -0.012808  0.009605  0.550752  0.775442  0.308808  -0.827297  0.556217  0.078758  -0.110692  -0.298852  0.947858  -0.026620  0.014230  -0.018117  -0.098436  0.213474  -0.333066  1.000000  
149.414269 0.025048  -0.012795  0.009589  0.551101  0.775310  0.308517  -0.827082  0.556522  0.078856  -0.110559  -0.298626  0.947945  -0.026576  0.014190  -0.017841  -0.102476  0.217602  -0.331658  1.000000  
149.415521 0.025015  -0.012778  0.009570  0.551458  0.775200  0.308155  -0.826880  0.556794  0.079059  -0.110293  -0.298405  0.948045  -0.026571  0.014268  -0.017236  -0.111569  0.224376  -0.323025  1.000000  
149.416530 0.024988  -0.012764  0.009556  0.551806  0.775067  0.307864  -0.826665  0.557099  0.079156  -0.110160  -0.298179  0.948132  -0.026549  0.014333  -0.016748  -0.121275  0.223721  -0.318607  1.000000  
149.417779 0.024956  -0.012746  0.009540  0.552163  0.774994  0.307409  -0.826462  0.557381  0.079291  -0.109894  -0.297843  0.948268  -0.026492  0.014350  -0.016330  -0.129455  0.232177  -0.315891  1.000000  
149.419025 0.024924  -0.012728  0.009522  0.552681  0.774747  0.307101  -0.826133  0.557846  0.079451  -0.109761  -0.297617  0.948355  -0.026307  0.014378  -0.015969  -0.136547  0.230267  -0.313375  1.000000  
149.420025 0.024898  -0.012714  0.009508  0.553038  0.774598  0.306833  -0.825930  0.558108  0.079720  -0.109495  -0.297511  0.948419  -0.026267  0.014343  -0.015797  -0.138495  0.238631  -0.306726  1.000000  
149.421026 0.024873  -0.012701  0.009494  0.553386  0.774465  0.306542  -0.825714  0.558413  0.079817  -0.109362  -0.297285  0.948505  -0.026183  0.014263  -0.015623  -0.142612  0.238562  -0.306756  1.000000  
149.422279 0.024842  -0.012683  0.009475  0.553742  0.774354  0.306180  -0.825511  0.558685  0.080018  -0.109096  -0.297064  0.948605  -0.026098  0.014189  -0.015555  -0.147507  0.240684  -0.298847  1.000000  
149.423520 0.024810  -0.012666  0.009456  0.554268  0.774127  0.305801  -0.825193  0.559117  0.080282  -0.108830  -0.296843  0.948705  -0.026064  0.014082  -0.015475  -0.150903  0.251343  -0.302821  1.000000  
149.424768 0.024777  -0.012651  0.009436  0.554786  0.773915  0.305399  -0.824862  0.559591  0.080373  -0.108697  -0.296502  0.948826  -0.026064  0.013864  -0.015392  -0.157786  0.249187  -0.300375  1.000000  
149.425769 0.024751  -0.012638  0.009422  0.555142  0.773803  0.305036  -0.824658  0.559864  0.080573  -0.108431  -0.296280  0.948926  -0.026041  0.013640  -0.015138  -0.159196  0.255518  -0.301636  1.000000  
149.426769 0.024724  -0.012626  0.009409  0.555489  0.773668  0.304745  -0.824441  0.560169  0.080668  -0.108298  -0.296054  0.949012  -0.026077  0.013475  -0.014764  -0.163273  0.259713  -0.300287  1.000000  
149.428020 0.024691  -0.012612  0.009394  0.556014  0.773440  0.304365  -0.824122  0.560601  0.080931  -0.108032  -0.295833  0.949111  -0.026053  0.013319  -0.014310  -0.163350  0.263939  -0.299014  1.000000  
149.429269 0.024656  -0.012597  0.009381  0.556539  0.773249  0.303891  -0.823802  0.561042  0.081125  -0.107766  -0.295496  0.949246  -0.026128  0.013191  -0.013868  -0.169411  0.268003  -0.301796  1.000000  
149.430519 0.024622  -0.012582  0.009366  0.557064  0.773057  0.303418  -0.823482  0.561484  0.081319  -0.107500  -0.295159  0.949381  -0.026173  0.013032  -0.013565  -0.172776  0.274219  -0.307059  1.000000  
149.431519 0.024596  -0.012571  0.009355  0.557419  0.772944  0.303054  -0.823277  0.561756  0.081518  -0.107234  -0.294937  0.949480  -0.026156  0.012874  -0.013457  -0.174294  0.280726  -0.308349  1.000000  
149.432769 0.024564  -0.012556  0.009340  0.557952  0.772773  0.302509  -0.822968  0.562166  0.081816  -0.106835  -0.294604  0.949629  -0.026125  0.012709  -0.013342  -0.177729  0.291302  -0.312341  1.000000  
149.433775 0.024538  -0.012544  0.009326  0.558307  0.772696  0.302051  -0.822762  0.562448  0.081946  -0.106569  -0.294267  0.949763  -0.026156  0.012531  -0.013316  -0.185932  0.291143  -0.312329  1.000000  
149.435026 0.024506  -0.012529  0.009310  0.558839  0.772524  0.301505  -0.822452  0.562858  0.082243  -0.106169  -0.293934  0.949911  -0.026183  0.012357  -0.013168  -0.188611  0.303758  -0.322880  1.000000  
149.436278 0.024474  -0.012515  0.009293  0.559371  0.772353  0.300959  -0.822142  0.563267  0.082540  -0.105770  -0.293601  0.950058  -0.026197  0.012167  -0.013077  -0.192007  0.314245  -0.326804  1.000000  
149.437524 0.024441  -0.012502  0.009277  0.559894  0.772158  0.300484  -0.821820  0.563709  0.082731  -0.105504  -0.293264  0.950192  -0.026313  0.011866  -0.012795  -0.199531  0.316244  -0.333480  1.000000  
149.438768 0.024408  -0.012489  0.009263  0.560425  0.771985  0.299937  -0.821509  0.564119  0.083026  -0.105105  -0.292930  0.950339  -0.026361  0.011627  -0.012577  -0.201330  0.324142  -0.334747  1.000000  
149.439768 0.024381  -0.012480  0.009252  0.560779  0.771906  0.299478  -0.821301  0.564402  0.083154  -0.104839  -0.292593  0.950473  -0.026438  0.011366  -0.012315  -0.204714  0.330330  -0.340036  1.000000  
149.441019 0.024346  -0.012468  0.009238  0.561141  0.771849  0.298948  -0.821105  0.564654  0.083387  -0.104440  -0.292259  0.950619  -0.026600  0.011111  -0.012035  -0.210652  0.337296  -0.341667  1.000000  
149.442269 0.024312  -0.012456  0.009224  0.561672  0.771711  0.298306  -0.820792  0.565074  0.083612  -0.104041  -0.291810  0.950801  -0.026597  0.010973  -0.011975  -0.214099  0.347788  -0.345719  1.000000  
149.443519 0.024277  -0.012444  0.009208  0.562033  0.771689  0.297682  -0.820595  0.565336  0.083776  -0.103641  -0.291361  0.950982  -0.026616  0.010713  -0.012081  -0.222398  0.351961  -0.344526  1.000000  
149.444769 0.024244  -0.012432  0.009192  0.562564  0.771550  0.297040  -0.820282  0.565757  0.084000  -0.103242  -0.290912  0.951163  -0.026543  0.010564  -0.012186  -0.230094  0.362729  -0.348821  1.000000  
149.445769 0.024217  -0.012423  0.009178  0.562917  0.771469  0.296580  -0.820074  0.566041  0.084126  -0.102976  -0.290574  0.951295  -0.026573  0.010401  -0.012345  -0.234190  0.362470  -0.348792  1.000000  
149.447019 0.024185  -0.012410  0.009162  0.563286  0.771468  0.295883  -0.819887  0.566271  0.084393  -0.102444  -0.290128  0.951489  -0.026499  0.010313  -0.012481  -0.240582  0.372282  -0.342228  1.000000  
149.448025 0.024160  -0.012400  0.009149  0.563639  0.771386  0.295423  -0.819678  0.566556  0.084519  -0.102177  -0.289790  0.951620  -0.026567  0.010107  -0.012457  -0.244568  0.376216  -0.340824  1.000000  
149.449273 0.024127  -0.012388  0.009134  0.564168  0.771281  0.294687  -0.819363  0.566988  0.084672  -0.101778  -0.289225  0.951835  -0.026538  0.009959  -0.012384  -0.256103  0.382328  -0.346182  1.000000  
149.450525 0.024095  -0.012376  0.009119  0.564536  0.771278  0.293989  -0.819175  0.567219  0.084937  -0.101246  -0.288779  0.952027  -0.026505  0.009791  -0.012267  -0.263198  0.391902  -0.339990  1.000000  
149.451772 0.024064  -0.012364  0.009106  0.565065  0.771136  0.293345  -0.818860  0.567641  0.085158  -0.100846  -0.288328  0.952206  -0.026436  0.009724  -0.012074  -0.271494  0.396074  -0.338818  1.000000  
149.452775 0.024037  -0.012355  0.009095  0.565425  0.771110  0.292719  -0.818660  0.567905  0.085318  -0.100447  -0.287878  0.952385  -0.026496  0.009585  -0.011952  -0.279749  0.404527  -0.336311  1.000000  
149.453775 0.024011  -0.012346  0.009085  0.565777  0.771026  0.292258  -0.818450  0.568190  0.085441  -0.100181  -0.287539  0.952515  -0.026414  0.009512  -0.011888  -0.288035  0.408811  -0.335150  1.000000  
149.455019 0.023979  -0.012336  0.009070  0.566137  0.771035  0.291538  -0.818250  0.568465  0.085531  -0.099781  -0.286973  0.952728  -0.026315  0.009413  -0.011942  -0.297052  0.410926  -0.327458  1.000000  
149.456027 0.023954  -0.012327  0.009059  0.566497  0.771007  0.290911  -0.818049  0.568729  0.085690  -0.099382  -0.286522  0.952905  -0.026119  0.009372  -0.011983  -0.305275  0.415008  -0.326224  1.000000  
149.457269 0.023921  -0.012316  0.009043  0.567025  0.770862  0.290266  -0.817732  0.569152  0.085908  -0.098982  -0.286071  0.953082  -0.026048  0.009294  -0.012018  -0.313660  0.419312  -0.325165  1.000000  
149.458269 0.023896  -0.012307  0.009031  0.567384  0.770834  0.289638  -0.817531  0.569417  0.086065  -0.098583  -0.285620  0.953259  -0.025865  0.009327  -0.012007  -0.321927  0.427795  -0.322698  1.000000  
149.459519 0.023864  -0.012296  0.009016  0.567919  0.770710  0.288920  -0.817224  0.569810  0.086387  -0.098050  -0.285173  0.953448  -0.025792  0.009258  -0.011947  -0.326180  0.436269  -0.320274  1.000000  
149.460769 0.023834  -0.012283  0.009001  0.568446  0.770598  0.288181  -0.816905  0.570244  0.086533  -0.097651  -0.284606  0.953658  -0.025576  0.009320  -0.011811  -0.334482  0.440423  -0.319192  1.000000  
149.462019 0.023803  -0.012272  0.008989  0.568812  0.770625  0.287386  -0.816714  0.570489  0.086725  -0.097118  -0.284042  0.953881  -0.025481  0.009231  -0.011532  -0.344086  0.445274  -0.314221  1.000000  
149.463269 0.023773  -0.012260  0.008977  0.569338  0.770511  0.286646  -0.816394  0.570924  0.086870  -0.096719  -0.283475  0.954090  -0.025353  0.009187  -0.011236  -0.352490  0.445308  -0.314582  1.000000  
149.464272 0.023749  -0.012251  0.008968  0.569689  0.770424  0.286184  -0.816181  0.571211  0.086990  -0.096452  -0.283135  0.954218  -0.025252  0.009149  -0.011032  -0.351999  0.442337  -0.311947  1.000000  
149.465521 0.023718  -0.012239  0.008958  0.570223  0.770331  0.285370  -0.815871  0.571615  0.087238  -0.095920  -0.282571  0.954439  -0.025158  0.009127  -0.010730  -0.360701  0.449076  -0.313526  1.000000  
149.466526 0.023694  -0.012230  0.008950  0.570741  0.770159  0.284796  -0.815540  0.572071  0.087346  -0.095653  -0.282115  0.954600  -0.025055  0.009048  -0.010610  -0.367896  0.448342  -0.317617  1.000000  
149.467528 0.023669  -0.012222  0.008941  0.571099  0.770127  0.284167  -0.815336  0.572338  0.087500  -0.095254  -0.281663  0.954774  -0.024949  0.009016  -0.010467  -0.372024  0.452403  -0.316443  1.000000  
149.468775 0.023639  -0.012211  0.008931  0.571632  0.770066  0.283259  -0.815025  0.572754  0.087677  -0.094721  -0.280982  0.955027  -0.024810  0.009003  -0.010249  -0.384449  0.460873  -0.314133  1.000000  
149.469776 0.023616  -0.012202  0.008924  0.571989  0.770032  0.282629  -0.814820  0.573022  0.087829  -0.094321  -0.280529  0.955200  -0.024636  0.009067  -0.009930  -0.388701  0.460746  -0.314346  1.000000  
149.471027 0.023586  -0.012191  0.008914  0.572514  0.769914  0.281887  -0.814498  0.573459  0.087970  -0.093922  -0.279960  0.955406  -0.024502  0.009080  -0.009537  -0.396970  0.460532  -0.314541  1.000000  
149.472277 0.023556  -0.012178  0.008907  0.573046  0.769851  0.280979  -0.814185  0.573876  0.088144  -0.093389  -0.279279  0.955658  -0.024350  0.009147  -0.009006  -0.404641  0.466629  -0.320144  1.000000  
149.473518 0.023526  -0.012167  0.008901  0.573577  0.769752  0.280163  -0.813872  0.574283  0.088387  -0.092856  -0.278713  0.955875  -0.024210  0.009212  -0.008372  -0.409009  0.473269  -0.321827  1.000000  
149.474519 0.023503  -0.012157  0.008898  0.573934  0.769716  0.279532  -0.813666  0.574551  0.088538  -0.092456  -0.278260  0.956046  -0.024098  0.009247  -0.007759  -0.413297  0.475118  -0.318176  1.000000  
149.475769 0.023472  -0.012144  0.008894  0.574464  0.769616  0.278715  -0.813352  0.574959  0.088779  -0.091924  -0.277694  0.956262  -0.024083  0.009273  -0.007126  -0.417451  0.481516  -0.319773  1.000000  
149.476769 0.023449  -0.012134  0.008892  0.574821  0.769578  0.278083  -0.813145  0.575228  0.088929  -0.091524  -0.277240  0.956432  -0.024029  0.009326  -0.006595  -0.421169  0.481100  -0.323997  1.000000  
149.478020 0.023419  -0.012121  0.008888  0.575351  0.769477  0.277266  -0.812830  0.575636  0.089169  -0.090991  -0.276674  0.956646  -0.023947  0.009391  -0.006040  -0.425316  0.487498  -0.325597  1.000000  
149.479275 0.023390  -0.012109  0.008885  0.575874  0.769320  0.276616  -0.812504  0.576064  0.089374  -0.090591  -0.276220  0.956816  -0.023905  0.009430  -0.005511  -0.424844  0.486901  -0.329759  1.000000  
149.480518 0.023360  -0.012097  0.008882  0.576236  0.769336  0.275816  -0.812306  0.576314  0.089556  -0.090058  -0.275653  0.957029  -0.023902  0.009453  -0.005082  -0.425775  0.487196  -0.326197  1.000000  
149.481519 0.023335  -0.012088  0.008879  0.576592  0.769296  0.275184  -0.812098  0.576585  0.089703  -0.089658  -0.275198  0.957198  -0.023940  0.009489  -0.004703  -0.429925  0.491290  -0.325121  1.000000  
149.482769 0.023305  -0.012076  0.008877  0.577121  0.769192  0.274365  -0.811781  0.576994  0.089941  -0.089125  -0.274631  0.957410  -0.023928  0.009551  -0.004132  -0.430205  0.491143  -0.325470  1.000000  
149.483777 0.023281  -0.012067  0.008876  0.577476  0.769151  0.273732  -0.811572  0.577265  0.090087  -0.088725  -0.274176  0.957578  -0.023880  0.009628  -0.003605  -0.433826  0.494914  -0.328328  1.000000  
149.485026 0.023249  -0.012054  0.008876  0.577837  0.769164  0.272931  -0.811373  0.577517  0.090267  -0.088192  -0.273608  0.957789  -0.023973  0.009723  -0.002891  -0.434681  0.497088  -0.320767  1.000000  
149.486274 0.023220  -0.012041  0.008879  0.578199  0.769176  0.272130  -0.811173  0.577769  0.090446  -0.087659  -0.273040  0.958000  -0.023993  0.009819  -0.002202  -0.438983  0.501252  -0.319805  1.000000  
149.487523 0.023189  -0.012027  0.008881  0.578727  0.769102  0.271216  -0.810854  0.578191  0.090611  -0.087126  -0.272356  0.958244  -0.024025  0.009994  -0.001598  -0.443316  0.501064  -0.320173  1.000000  
149.488769 0.023158  -0.012013  0.008883  0.579087  0.769112  0.270414  -0.810654  0.578444  0.090789  -0.086593  -0.271787  0.958454  -0.024145  0.010045  -0.001132  -0.444214  0.503321  -0.312658  1.000000  
149.489770 0.023134  -0.012002  0.008886  0.579448  0.769090  0.269706  -0.810453  0.578687  0.091037  -0.086060  -0.271335  0.958630  -0.024245  0.010145  -0.000695  -0.448513  0.507529  -0.311644  1.000000  
149.491019 0.023103  -0.011988  0.008889  0.579975  0.768980  0.268884  -0.810132  0.579099  0.091269  -0.085527  -0.270766  0.958838  -0.024287  0.010263  -0.000229  -0.448744  0.507341  -0.311970  1.000000  
149.492020 0.023077  -0.011977  0.008891  0.580329  0.768935  0.268250  -0.809921  0.579372  0.091412  -0.085127  -0.270310  0.959003  -0.024379  0.010287  0.000017  -0.448834  0.511447  -0.310938  1.000000  
149.493268 0.023046  -0.011963  0.008893  0.580689  0.768943  0.267446  -0.809719  0.579627  0.091588  -0.084593  -0.269740  0.959210  -0.024504  0.010415  0.000398  -0.449411  0.511385  -0.307450  1.000000  
149.494269 0.023021  -0.011951  0.008894  0.581215  0.768798  0.266717  -0.809397  0.580029  0.091888  -0.084060  -0.269287  0.959384  -0.024586  0.010520  0.000618  -0.453049  0.521770  -0.311802  1.000000  
149.495269 0.022994  -0.011941  0.008897  0.581568  0.768752  0.266082  -0.809185  0.580302  0.092029  -0.083660  -0.268831  0.959547  -0.024768  0.010572  0.000992  -0.453592  0.519737  -0.309337  1.000000  
149.496270 0.022969  -0.011930  0.008900  0.581927  0.768726  0.265371  -0.808981  0.580547  0.092274  -0.083127  -0.268377  0.959721  -0.024840  0.010692  0.001405  -0.454149  0.523989  -0.304607  1.000000  
149.497518 0.022936  -0.011916  0.008905  0.582452  0.768612  0.264548  -0.808658  0.580961  0.092503  -0.082593  -0.267807  0.959926  -0.025016  0.010828  0.001903  -0.454361  0.528106  -0.303716  1.000000  
149.498518 0.022910  -0.011906  0.008910  0.582811  0.768584  0.263836  -0.808454  0.581206  0.092746  -0.082060  -0.267353  0.960098  -0.025159  0.010894  0.002253  -0.450449  0.532149  -0.302745  1.000000  
149.499557 0.022884  -0.011894  0.008914  0.583169  0.768556  0.263125  -0.808249  0.581452  0.092989  -0.081527  -0.266899  0.960270  -0.025157  0.010980  0.002513  -0.450451  0.533913  -0.298608  1.000000  
149.500781 0.022851  -0.011879  0.008919  0.583694  0.768472  0.262207  -0.807924  0.581878  0.093145  -0.080993  -0.266212  0.960506  -0.025344  0.011142  0.002787  -0.455138  0.538526  -0.298019  1.000000  
149.502024 0.022818  -0.011865  0.008923  0.584218  0.768354  0.261382  -0.807598  0.582294  0.093370  -0.080460  -0.265640  0.960709  -0.025510  0.011196  0.002911  -0.451062  0.535833  -0.302510  1.000000  
149.503025 0.022792  -0.011853  0.008926  0.584576  0.768325  0.260669  -0.807393  0.582541  0.093612  -0.079926  -0.265186  0.960879  -0.025696  0.011242  0.002960  -0.451467  0.542482  -0.297428  1.000000  
149.504029 0.022765  -0.011841  0.008930  0.585099  0.768174  0.259937  -0.807066  0.582946  0.093906  -0.079393  -0.264731  0.961049  -0.025758  0.011286  0.003046  -0.451603  0.546588  -0.296439  1.000000  
149.505269 0.022732  -0.011826  0.008935  0.585623  0.768086  0.259018  -0.806739  0.583374  0.094059  -0.078859  -0.264043  0.961282  -0.025940  0.011358  0.003220  -0.455472  0.548452  -0.303557  1.000000  
149.506270 0.022705  -0.011815  0.008939  0.586146  0.767934  0.258285  -0.806411  0.583780  0.094351  -0.078326  -0.263587  0.961450  -0.026111  0.011358  0.003366  -0.455657  0.552612  -0.302605  1.000000  
149.507518 0.022671  -0.011800  0.008946  0.586668  0.767813  0.257458  -0.806083  0.584198  0.094573  -0.077792  -0.263015  0.961650  -0.026272  0.011450  0.003663  -0.455589  0.554069  -0.305814  1.000000  
149.508519 0.022643  -0.011789  0.008952  0.587030  0.767831  0.256574  -0.805883  0.584429  0.094844  -0.077125  -0.262445  0.961860  -0.026499  0.011402  0.003933  -0.459841  0.562460  -0.303705  1.000000  
149.509519 0.022615  -0.011777  0.008959  0.587552  0.767677  0.255840  -0.805553  0.584836  0.095135  -0.076592  -0.261990  0.962027  -0.026676  0.011441  0.004258  -0.463885  0.568926  -0.309585  1.000000  
149.510769 0.022579  -0.011763  0.008967  0.588245  0.767484  0.254823  -0.805110  0.585396  0.095439  -0.075925  -0.261303  0.962266  -0.026854  0.011463  0.004600  -0.467150  0.574896  -0.319027  1.000000  
149.511770 0.022551  -0.011751  0.008975  0.588601  0.767449  0.254108  -0.804901  0.585646  0.095676  -0.075391  -0.260846  0.962432  -0.027006  0.011570  0.004878  -0.467399  0.579119  -0.318136  1.000000  
149.513019 0.022516  -0.011736  0.008984  0.589299  0.767244  0.253107  -0.804464  0.586167  0.096153  -0.074590  -0.260278  0.962648  -0.027106  0.011647  0.005158  -0.467755  0.590222  -0.323168  1.000000  
149.514022 0.022488  -0.011725  0.008992  0.589660  0.767228  0.252314  -0.804262  0.586389  0.096492  -0.073923  -0.259824  0.962822  -0.027266  0.011691  0.005419  -0.466990  0.599179  -0.323353  1.000000  
149.515268 0.022452  -0.011710  0.009000  0.590351  0.767000  0.251388  -0.803816  0.586940  0.096863  -0.073256  -0.259253  0.963027  -0.027493  0.011699  0.005604  -0.466160  0.606936  -0.335727  1.000000  
149.516271 0.022423  -0.011697  0.009008  0.590711  0.766983  0.250595  -0.803612  0.587163  0.097201  -0.072589  -0.258798  0.963200  -0.027613  0.011753  0.005788  -0.466400  0.615350  -0.333647  1.000000  
149.517293 0.022394  -0.011686  0.009015  0.591230  0.766824  0.249857  -0.803278  0.587572  0.097485  -0.072055  -0.258341  0.963363  -0.027829  0.011729  0.006105  -0.462056  0.619824  -0.336577  1.000000  
149.518525 0.022358  -0.011671  0.009026  0.591760  0.766735  0.248873  -0.802959  0.587938  0.097906  -0.071254  -0.257772  0.963575  -0.028047  0.011724  0.006575  -0.462069  0.630441  -0.341409  1.000000  
149.519526 0.022329  -0.011659  0.009035  0.592278  0.766574  0.248134  -0.802624  0.588348  0.098189  -0.070720  -0.257314  0.963737  -0.028236  0.011711  0.006924  -0.461780  0.632093  -0.348377  1.000000  
149.520774 0.022292  -0.011644  0.009049  0.592807  0.766483  0.247149  -0.802303  0.588716  0.098607  -0.069920  -0.256744  0.963947  -0.028530  0.011727  0.007522  -0.462135  0.640587  -0.346420  1.000000  
149.522019 0.022253  -0.011630  0.009062  0.593336  0.766392  0.246163  -0.801982  0.589083  0.099025  -0.069119  -0.256174  0.964156  -0.028770  0.011689  0.007957  -0.462195  0.649914  -0.347042  1.000000  
149.523020 0.022223  -0.011619  0.009074  0.593853  0.766228  0.245423  -0.801645  0.589495  0.099306  -0.068585  -0.255715  0.964316  -0.028952  0.011676  0.008317  -0.461697  0.656939  -0.356956  1.000000  
149.524021 0.022192  -0.011608  0.009087  0.594210  0.766206  0.244626  -0.801437  0.589721  0.099639  -0.067917  -0.255259  0.964484  -0.029085  0.011677  0.008799  -0.462525  0.659283  -0.349451  1.000000  
149.525022 0.022161  -0.011597  0.009098  0.594727  0.766042  0.243885  -0.801099  0.590133  0.099918  -0.067383  -0.254800  0.964643  -0.029298  0.011604  0.009121  -0.462230  0.665253  -0.355257  1.000000  
149.526269 0.022123  -0.011583  0.009114  0.595254  0.765947  0.242897  -0.800775  0.590503  0.100332  -0.066582  -0.254229  0.964849  -0.029497  0.011614  0.009517  -0.462324  0.670032  -0.357005  1.000000  
149.527269 0.022092  -0.011571  0.009127  0.595604  0.765902  0.242176  -0.800558  0.590758  0.100560  -0.066048  -0.253770  0.965007  -0.029668  0.011629  0.009906  -0.462884  0.673603  -0.353700  1.000000  
149.528270 0.022061  -0.011559  0.009140  0.596125  0.765727  0.241449  -0.800225  0.591131  0.101012  -0.065381  -0.253430  0.965142  -0.029817  0.011642  0.010285  -0.458317  0.680095  -0.361921  1.000000  
149.529518 0.022022  -0.011544  0.009156  0.596645  0.765609  0.240537  -0.799892  0.591530  0.101320  -0.064713  -0.252855  0.965337  -0.030083  0.011597  0.010710  -0.459249  0.680742  -0.362817  1.000000  
149.530519 0.021991  -0.011533  0.009171  0.597165  0.765461  0.239716  -0.799558  0.591916  0.101699  -0.064046  -0.252398  0.965502  -0.030294  0.011569  0.011314  -0.458532  0.690224  -0.367060  1.000000  
149.531519 0.021960  -0.011520  0.009186  0.597514  0.765414  0.238994  -0.799339  0.592173  0.101924  -0.063512  -0.251938  0.965657  -0.030472  0.011628  0.011765  -0.455287  0.688280  -0.360860  1.000000  
149.532769 0.021920  -0.011506  0.009206  0.598203  0.765163  0.238074  -0.798887  0.592691  0.102454  -0.062710  -0.251482  0.965828  -0.030723  0.011623  0.012449  -0.451073  0.698431  -0.365536  1.000000  
