1-Time 2-Px 3-Py 4-Pz 5-R11 6-R21 7-R31 8-R12 9-R22 10-R32 11-R13 12-R23 13-R33 14-Vx 15-Vy 16-Vz 17-Wx 18-Wy 19-Wz 20-state
16.525199 0.014189  -0.029500  0.050388  0.535917  0.708235  0.459562  -0.821778  0.562396  0.091601  -0.193581  -0.426748  0.883409  -0.002978  -0.007211  0.000789  0.082831  0.184083  -0.009183  1.000000  
16.526322 0.014187  -0.029505  0.050388  0.535931  0.708266  0.459497  -0.821800  0.562349  0.091700  -0.193450  -0.426760  0.883433  -0.003000  -0.007256  0.000710  0.080822  0.183715  -0.001113  1.000000  
16.527324 0.014192  -0.029508  0.050365  0.535762  0.708381  0.459516  -0.821910  0.562203  0.091605  -0.193450  -0.426760  0.883433  -0.002478  -0.007002  -0.000907  0.000000  0.000000  0.000000  1.000000  
16.528327 0.014204  -0.029506  0.050324  0.535762  0.708437  0.459430  -0.821910  0.562214  0.091537  -0.193450  -0.426652  0.883485  -0.001497  -0.006423  -0.003811  0.000000  0.000000  0.000000  1.000000  
16.529574 0.014219  -0.029501  0.050272  0.535762  0.708493  0.459344  -0.821910  0.562225  0.091469  -0.193450  -0.426545  0.883536  -0.000196  -0.005421  -0.007370  0.000000  0.000000  0.000000  1.000000  
16.530824 0.014229  -0.029497  0.050234  0.535776  0.708580  0.459194  -0.821932  0.562188  0.091500  -0.193318  -0.426449  0.883611  0.007694  0.000565  -0.029319  0.000000  0.000000  0.000000  1.000000  
16.532076 0.014225  -0.029498  0.050206  0.535607  0.708751  0.459127  -0.822042  0.562053  0.091337  -0.193318  -0.426342  0.883663  0.005531  0.000353  -0.027977  0.000000  0.000000  0.000000  1.000000  
16.533324 0.014204  -0.029501  0.050183  0.535621  0.708894  0.458890  -0.822064  0.562028  0.091300  -0.193187  -0.426139  0.883790  0.001945  -0.000151  -0.026526  0.000000  0.000000  0.000000  1.000000  
16.534330 0.014183  -0.029503  0.050162  0.535452  0.709065  0.458823  -0.822174  0.561893  0.091137  -0.193187  -0.426032  0.883841  -0.000751  -0.000321  -0.025807  0.000000  0.000000  0.000000  1.000000  
16.535583 0.014163  -0.029498  0.050136  0.535452  0.709176  0.458651  -0.822174  0.561915  0.091001  -0.193187  -0.425817  0.883945  -0.002633  0.000228  -0.025170  0.000000  0.000000  0.000000  1.000000  
16.536828 0.014154  -0.029487  0.050108  0.535296  0.709434  0.458433  -0.822306  0.561743  0.090869  -0.193056  -0.425614  0.884071  -0.003113  0.001197  -0.024930  0.000000  0.000000  0.000000  1.000000  
16.538078 0.014153  -0.029473  0.050070  0.535310  0.709632  0.458110  -0.822328  0.561729  0.090764  -0.192925  -0.425304  0.884249  -0.002919  0.002159  -0.025456  0.000000  0.000000  0.000000  1.000000  
16.539327 0.014147  -0.029461  0.050018  0.535339  0.709916  0.457637  -0.822371  0.561677  0.090690  -0.192662  -0.424897  0.884502  -0.003060  0.002812  -0.026905  0.000000  0.000000  0.000000  1.000000  
16.540575 0.014137  -0.029450  0.049951  0.535367  0.710200  0.457163  -0.822414  0.561626  0.090616  -0.192399  -0.424490  0.884755  -0.003472  0.003340  -0.029135  0.000000  0.000000  0.000000  1.000000  
16.541824 0.014129  -0.029437  0.049875  0.535381  0.710508  0.456668  -0.822436  0.561633  0.090374  -0.192268  -0.423964  0.885035  -0.003954  0.004703  -0.033638  0.000000  0.000000  0.000000  1.000000  
16.542824 0.014126  -0.029424  0.049817  0.535381  0.710730  0.456323  -0.822436  0.561677  0.090102  -0.192268  -0.423535  0.885241  -0.004776  0.005535  -0.035275  0.000000  0.000000  0.000000  1.000000  
16.544080 0.014127  -0.029400  0.049754  0.535211  0.711177  0.455824  -0.822546  0.561596  0.089599  -0.192268  -0.422891  0.885549  -0.006108  0.006896  -0.035757  0.000000  0.000000  0.000000  1.000000  
16.545324 0.014122  -0.029372  0.049703  0.535211  0.711398  0.455479  -0.822546  0.561640  0.089327  -0.192268  -0.422461  0.885754  -0.006956  0.008439  -0.036298  -0.168373  0.061832  0.067016  1.000000  
16.546324 0.014113  -0.029349  0.049667  0.535367  0.711473  0.455180  -0.822414  0.561877  0.089048  -0.192399  -0.422020  0.885935  -0.007908  0.009995  -0.037258  -0.270859  0.035501  0.060242  1.000000  
16.547574 0.014093  -0.029326  0.049619  0.535367  0.711694  0.454835  -0.822414  0.561920  0.088776  -0.192399  -0.421590  0.886140  -0.008390  0.011494  -0.038567  -0.277523  0.033496  0.056809  1.000000  
16.548824 0.014067  -0.029310  0.049562  0.535367  0.711804  0.454662  -0.822414  0.561941  0.088640  -0.192399  -0.421375  0.886242  -0.008370  0.012891  -0.040758  -0.273038  0.031702  0.053750  1.000000  
16.549826 0.014050  -0.029296  0.049509  0.535353  0.711884  0.454554  -0.822393  0.562010  0.088404  -0.192531  -0.421149  0.886321  -0.008190  0.013713  -0.042953  -0.271757  0.025419  0.049138  1.000000  
16.550834 0.014043  -0.029281  0.049443  0.535339  0.711963  0.454446  -0.822371  0.562079  0.088168  -0.192662  -0.420923  0.886400  -0.007788  0.014413  -0.046281  -0.270521  0.019632  0.044885  1.000000  
16.551836 0.014041  -0.029265  0.049369  0.535494  0.711872  0.454406  -0.822239  0.562283  0.088094  -0.192793  -0.420804  0.886428  -0.007738  0.014801  -0.049555  -0.263305  0.017612  0.034029  1.000000  
16.553076 0.014043  -0.029243  0.049272  0.535452  0.711890  0.454428  -0.822174  0.562446  0.087659  -0.193187  -0.420556  0.886460  -0.007283  0.015357  -0.053194  -0.260255  0.003652  0.026186  1.000000  
16.554078 0.014044  -0.029223  0.049199  0.535607  0.711798  0.454388  -0.822042  0.562650  0.087585  -0.193318  -0.420438  0.886488  -0.006996  0.016152  -0.055564  -0.253965  0.002350  0.016843  1.000000  
16.555324 0.014036  -0.029196  0.049118  0.535578  0.711792  0.454431  -0.821999  0.562755  0.087318  -0.193581  -0.420308  0.886492  -0.006890  0.017050  -0.056549  -0.247409  -0.005864  0.012253  1.000000  
16.556328 0.014023  -0.029174  0.049062  0.535733  0.711701  0.454392  -0.821867  0.562959  0.087244  -0.193712  -0.420189  0.886519  -0.007253  0.018007  -0.056163  -0.250020  -0.011043  0.002241  1.000000  
16.557331 0.014008  -0.029152  0.049013  0.535705  0.711694  0.454435  -0.821823  0.563064  0.086977  -0.193975  -0.420059  0.886523  -0.008040  0.018653  -0.055428  -0.252716  -0.016223  -0.007762  1.000000  
16.558574 0.013987  -0.029124  0.048962  0.535846  0.711627  0.454374  -0.821670  0.563326  0.086735  -0.194237  -0.419822  0.886578  -0.009237  0.019063  -0.054349  -0.255524  -0.021415  -0.017766  1.000000  
16.559574 0.013973  -0.029100  0.048926  0.535987  0.711505  0.454399  -0.821516  0.563577  0.086562  -0.194500  -0.419692  0.886582  -0.010133  0.019287  -0.053836  -0.252065  -0.026383  -0.027537  1.000000  
16.560824 0.013957  -0.029069  0.048877  0.535958  0.711554  0.454356  -0.821472  0.563692  0.086227  -0.194762  -0.419455  0.886637  -0.010802  0.019379  -0.053892  -0.256105  -0.038461  -0.033300  1.000000  
16.561824 0.013944  -0.029046  0.048828  0.536099  0.711487  0.454296  -0.821318  0.563953  0.085985  -0.195025  -0.419218  0.886692  -0.010769  0.019557  -0.054747  -0.259665  -0.041059  -0.049704  1.000000  
16.563074 0.013924  -0.029024  0.048752  0.536225  0.711389  0.454300  -0.821142  0.564261  0.085643  -0.195418  -0.418969  0.886722  -0.010623  0.019761  -0.056493  -0.258296  -0.054379  -0.063565  1.000000  
16.564076 0.013908  -0.029007  0.048685  0.536196  0.711383  0.454344  -0.821098  0.564366  0.085376  -0.195681  -0.418839  0.886726  -0.010155  0.020050  -0.057778  -0.254852  -0.059096  -0.072959  1.000000  
16.565324 0.013890  -0.028986  0.048600  0.536322  0.711175  0.454521  -0.820922  0.564653  0.085172  -0.196074  -0.418806  0.886655  -0.010380  0.020171  -0.058487  -0.249438  -0.068273  -0.084783  1.000000  
16.566574 0.013878  -0.028961  0.048520  0.536463  0.710942  0.454719  -0.820768  0.564883  0.085135  -0.196337  -0.418891  0.886557  -0.010898  0.020541  -0.057917  -0.230583  -0.070540  -0.100766  1.000000  
16.567582 0.013870  -0.028937  0.048462  0.536420  0.710739  0.455086  -0.820702  0.565003  0.084974  -0.196730  -0.419072  0.886384  -0.011739  0.021031  -0.056308  -0.212075  -0.091415  -0.111259  1.000000  
16.568584 0.013860  -0.028909  0.048407  0.536376  0.710537  0.455453  -0.820635  0.565123  0.084814  -0.197124  -0.419253  0.886210  -0.012507  0.021608  -0.054785  -0.195731  -0.107634  -0.118981  1.000000  
16.569827 0.013841  -0.028873  0.048345  0.536487  0.710077  0.456040  -0.820437  0.565416  0.084785  -0.197649  -0.419638  0.885911  -0.013351  0.022279  -0.053395  -0.161818  -0.129105  -0.136760  1.000000  
16.570828 0.013822  -0.028847  0.048296  0.536444  0.709763  0.456579  -0.820370  0.565516  0.084762  -0.198042  -0.420034  0.885636  -0.013861  0.022575  -0.052907  -0.132164  -0.144129  -0.143312  1.000000  
16.572076 0.013794  -0.028819  0.048232  0.536569  0.709333  0.457100  -0.820193  0.565762  0.084833  -0.198435  -0.420429  0.885360  -0.014522  0.022566  -0.053012  -0.094423  -0.157343  -0.157054  1.000000  
16.573325 0.013765  -0.028795  0.048162  0.536680  0.708871  0.457686  -0.819994  0.566055  0.084805  -0.198960  -0.420813  0.885060  -0.015110  0.022313  -0.054221  -0.047635  -0.169084  -0.178322  1.000000  
16.574574 0.013740  -0.028770  0.048081  0.536636  0.708612  0.458139  -0.819927  0.566166  0.084714  -0.199353  -0.421101  0.884835  -0.015604  0.021949  -0.056613  -0.018920  -0.179773  -0.182587  1.000000  
16.575574 0.013725  -0.028747  0.048008  0.536592  0.708297  0.458677  -0.819860  0.566266  0.084691  -0.199747  -0.421496  0.884558  -0.015727  0.021822  -0.058909  0.012205  -0.192323  -0.181860  1.000000  
16.576824 0.013709  -0.028718  0.047912  0.536717  0.707920  0.459112  -0.819682  0.566523  0.084695  -0.200140  -0.421783  0.884332  -0.015700  0.021932  -0.061130  0.037728  -0.199921  -0.192187  1.000000  
16.578074 0.013688  -0.028688  0.047821  0.536673  0.707605  0.459650  -0.819615  0.566623  0.084673  -0.200533  -0.422177  0.884055  -0.015716  0.022496  -0.062048  0.070191  -0.212296  -0.198216  1.000000  
16.579074 0.013669  -0.028664  0.047756  0.536812  0.707315  0.459933  -0.819459  0.566843  0.084707  -0.200795  -0.422368  0.883904  -0.015971  0.022902  -0.061916  0.087626  -0.217154  -0.207845  1.000000  
16.580076 0.013646  -0.028639  0.047701  0.536783  0.707141  0.460234  -0.819414  0.566917  0.084647  -0.201058  -0.422560  0.883753  -0.016524  0.023560  -0.060982  0.104695  -0.223050  -0.211532  1.000000  
16.581324 0.013615  -0.028606  0.047638  0.536922  0.706795  0.460604  -0.819259  0.567126  0.084750  -0.201320  -0.422858  0.883550  -0.017806  0.024081  -0.059811  0.125411  -0.218273  -0.215839  1.000000  
16.582575 0.013584  -0.028570  0.047575  0.537046  0.706361  0.461124  -0.819081  0.567373  0.084824  -0.201713  -0.423252  0.883272  -0.019063  0.024442  -0.059124  0.146897  -0.224148  -0.219640  1.000000  
16.583577 0.013561  -0.028540  0.047521  0.537185  0.706014  0.461493  -0.818925  0.567582  0.084928  -0.201975  -0.423550  0.883070  -0.019912  0.024654  -0.059123  0.163207  -0.223362  -0.225803  1.000000  
16.584582 0.013542  -0.028508  0.047461  0.537156  0.705784  0.461879  -0.818880  0.567646  0.084936  -0.202237  -0.423848  0.882867  -0.020287  0.024776  -0.059856  0.179506  -0.228082  -0.221549  1.000000  
16.585585 0.013521  -0.028480  0.047393  0.537295  0.705437  0.462248  -0.818724  0.567855  0.085041  -0.202499  -0.424145  0.882663  -0.020358  0.024858  -0.061160  0.201318  -0.225188  -0.227715  1.000000  
16.586827 0.013496  -0.028448  0.047300  0.537433  0.705033  0.462702  -0.818568  0.568054  0.085214  -0.202761  -0.424550  0.882409  -0.020188  0.025209  -0.063193  0.221726  -0.229208  -0.229692  1.000000  
16.588076 0.013466  -0.028420  0.047198  0.537557  0.704598  0.463221  -0.818389  0.568300  0.085289  -0.203154  -0.424943  0.882129  -0.020229  0.025476  -0.065367  0.242149  -0.229165  -0.229721  1.000000  
16.589077 0.013441  -0.028397  0.047115  0.537696  0.704194  0.463675  -0.818233  0.568499  0.085463  -0.203416  -0.425347  0.881874  -0.020538  0.025656  -0.066645  0.266626  -0.233192  -0.231679  1.000000  
16.590325 0.013411  -0.028364  0.047014  0.537973  0.703609  0.464240  -0.817920  0.568937  0.085536  -0.203940  -0.425728  0.881569  -0.021291  0.025963  -0.067349  0.293913  -0.231391  -0.245887  1.000000  
16.591574 0.013379  -0.028328  0.046922  0.538081  0.703142  0.464823  -0.817718  0.569231  0.085513  -0.204464  -0.426108  0.881264  -0.022137  0.026432  -0.067237  0.315785  -0.237495  -0.247715  1.000000  
16.592824 0.013347  -0.028290  0.046836  0.538372  0.702587  0.465324  -0.817428  0.569622  0.085686  -0.204857  -0.426499  0.880983  -0.023050  0.026931  -0.066786  0.344337  -0.236540  -0.255934  1.000000  
16.593824 0.013321  -0.028258  0.046769  0.538664  0.702089  0.465738  -0.817138  0.570023  0.085789  -0.205250  -0.426784  0.880754  -0.023565  0.027467  -0.066891  0.363481  -0.234730  -0.270141  1.000000  
16.595074 0.013286  -0.028220  0.046686  0.538939  0.701559  0.466218  -0.816824  0.570471  0.085795  -0.205774  -0.427057  0.880500  -0.023976  0.027930  -0.067623  0.374000  -0.237862  -0.277824  1.000000  
16.596075 0.013259  -0.028189  0.046617  0.539062  0.701234  0.466565  -0.816644  0.570738  0.085735  -0.206166  -0.427234  0.880322  -0.024145  0.028262  -0.069239  0.381254  -0.239799  -0.280173  1.000000  
16.597324 0.013227  -0.028150  0.046523  0.539521  0.700617  0.466962  -0.816242  0.571283  0.085936  -0.206559  -0.427518  0.880092  -0.024218  0.028481  -0.071345  0.390464  -0.233107  -0.298075  1.000000  
16.598574 0.013199  -0.028112  0.046420  0.539796  0.700199  0.467271  -0.815927  0.571752  0.085805  -0.207083  -0.427577  0.879940  -0.024178  0.028530  -0.073391  0.385289  -0.227259  -0.310277  1.000000  
16.599824 0.013172  -0.028074  0.046314  0.540238  0.699719  0.467478  -0.815501  0.572375  0.085701  -0.207606  -0.427528  0.879841  -0.024280  0.028459  -0.075483  0.371910  -0.221329  -0.322367  1.000000  
16.600830 0.013150  -0.028044  0.046230  0.540512  0.699357  0.467703  -0.815186  0.572854  0.085501  -0.208130  -0.427479  0.879740  -0.024370  0.028620  -0.076389  0.361522  -0.221243  -0.339179  1.000000  
16.601832 0.013125  -0.028014  0.046152  0.540802  0.699026  0.467863  -0.814894  0.573284  0.085399  -0.208522  -0.427443  0.879665  -0.024729  0.028977  -0.076420  0.346701  -0.218229  -0.345314  1.000000  
16.603076 0.013086  -0.027979  0.046061  0.541395  0.698395  0.468119  -0.814332  0.574098  0.085294  -0.209177  -0.427382  0.879540  -0.025312  0.029397  -0.075842  0.334815  -0.213441  -0.365663  1.000000  
16.604080 0.013054  -0.027948  0.045992  0.541653  0.698057  0.468325  -0.813992  0.574634  0.084928  -0.209831  -0.427214  0.879465  -0.025868  0.029978  -0.074740  0.321399  -0.219662  -0.383664  1.000000  
16.605324 0.013013  -0.027909  0.045908  0.542229  0.697394  0.468646  -0.813405  0.575494  0.084726  -0.210616  -0.427140  0.879314  -0.026539  0.030393  -0.073745  0.312440  -0.218233  -0.410573  1.000000  
16.606324 0.012983  -0.027875  0.045839  0.542821  0.696818  0.468818  -0.812841  0.576316  0.084553  -0.211270  -0.426972  0.879238  -0.026889  0.030713  -0.073443  0.299107  -0.215241  -0.434274  1.000000  
16.607327 0.012955  -0.027839  0.045767  0.543244  0.696303  0.469093  -0.812388  0.576984  0.084353  -0.211923  -0.426910  0.879111  -0.027048  0.031062  -0.073537  0.295338  -0.218521  -0.458377  1.000000  
16.608574 0.012925  -0.027795  0.045670  0.543802  0.695662  0.469397  -0.811775  0.577899  0.083986  -0.212839  -0.426717  0.878984  -0.026859  0.031445  -0.074424  0.281187  -0.228041  -0.482427  1.000000  
16.609823 0.012896  -0.027751  0.045565  0.544343  0.694988  0.469768  -0.811138  0.578861  0.083521  -0.213884  -0.426510  0.878830  -0.026483  0.031766  -0.075900  0.270961  -0.236445  -0.516288  1.000000  
16.610824 0.012871  -0.027718  0.045477  0.544732  0.694465  0.470091  -0.810635  0.579632  0.083057  -0.214799  -0.426316  0.878701  -0.026284  0.031930  -0.077288  0.261903  -0.254735  -0.540023  1.000000  
16.611824 0.012844  -0.027688  0.045386  0.545287  0.693822  0.470398  -0.810018  0.580545  0.082691  -0.215714  -0.426121  0.878572  -0.026378  0.031868  -0.078424  0.252353  -0.264196  -0.570586  1.000000  
16.613111 0.012811  -0.027648  0.045273  0.545808  0.693171  0.470753  -0.809353  0.581561  0.082061  -0.216890  -0.425795  0.878441  -0.026602  0.031846  -0.079058  0.233715  -0.276363  -0.605898  1.000000  
16.614324 0.012777  -0.027607  0.045167  0.546328  0.692519  0.471109  -0.808686  0.582576  0.081431  -0.218065  -0.425467  0.878308  -0.027138  0.032124  -0.079214  0.216544  -0.293861  -0.633436  1.000000  
16.615324 0.012751  -0.027572  0.045087  0.546879  0.691987  0.471251  -0.808067  0.583506  0.080925  -0.218979  -0.425059  0.878279  -0.027379  0.032425  -0.079033  0.196837  -0.305161  -0.661047  1.000000  
16.616574 0.012716  -0.027528  0.044994  0.547379  0.691359  0.471592  -0.807373  0.584575  0.080128  -0.220284  -0.424611  0.878169  -0.027697  0.032912  -0.078570  0.173266  -0.328564  -0.694641  1.000000  
16.617581 0.012685  -0.027493  0.044921  0.547911  0.690794  0.471803  -0.806726  0.585549  0.079525  -0.221328  -0.424189  0.878110  -0.027769  0.033359  -0.078476  0.150870  -0.346711  -0.730235  1.000000  
16.618583 0.012652  -0.027459  0.044848  0.548441  0.690228  0.472015  -0.806079  0.586522  0.078924  -0.222372  -0.423766  0.878051  -0.027797  0.033653  -0.078654  0.127177  -0.358276  -0.758509  1.000000  
16.619827 0.012610  -0.027416  0.044756  0.549086  0.689501  0.472327  -0.805242  0.587786  0.078057  -0.223807  -0.423197  0.877961  -0.027859  0.033926  -0.079179  0.104120  -0.379835  -0.793569  1.000000  
16.621077 0.012573  -0.027371  0.044660  0.549745  0.688863  0.472491  -0.804429  0.589009  0.077216  -0.225110  -0.422534  0.877946  -0.027829  0.034127  -0.079816  0.065148  -0.394399  -0.828027  1.000000  
16.622323 0.012540  -0.027324  0.044558  0.550220  0.688371  0.472656  -0.803702  0.590145  0.076109  -0.226544  -0.421751  0.877954  -0.027672  0.034329  -0.080635  0.033202  -0.414795  -0.854716  1.000000  
16.623325 0.012515  -0.027286  0.044473  0.550726  0.687827  0.472858  -0.803023  0.591167  0.075340  -0.227717  -0.421207  0.877912  -0.027772  0.034456  -0.081127  0.008454  -0.432724  -0.883615  1.000000  
16.624326 0.012490  -0.027249  0.044387  0.551232  0.687282  0.473060  -0.802342  0.592188  0.074571  -0.228889  -0.420662  0.877868  -0.027890  0.034682  -0.081295  -0.016587  -0.451240  -0.907328  1.000000  
16.625574 0.012456  -0.027201  0.044283  0.551848  0.686634  0.473283  -0.801471  0.593505  0.073465  -0.230452  -0.419864  0.877842  -0.028172  0.035058  -0.080926  -0.048123  -0.479155  -0.942986  1.000000  
16.626824 0.012415  -0.027155  0.044186  0.552445  0.685896  0.473658  -0.800571  0.594856  0.072335  -0.232144  -0.419158  0.877733  -0.028613  0.035563  -0.079776  -0.071419  -0.511125  -0.980529  1.000000  
16.628076 0.012372  -0.027110  0.044096  0.552838  0.685215  0.474185  -0.799731  0.596155  0.070915  -0.234096  -0.418425  0.877565  -0.029288  0.035942  -0.078653  -0.097580  -0.552995  -1.007740  1.000000  
16.629324 0.012328  -0.027065  0.044008  0.553446  0.684506  0.474499  -0.798852  0.597455  0.069883  -0.235656  -0.417730  0.877478  -0.029956  0.036133  -0.077261  -0.111762  -0.576274  -1.034626  1.000000  
16.630324 0.012295  -0.027028  0.043934  0.553923  0.683926  0.474778  -0.798136  0.598511  0.069019  -0.236957  -0.417169  0.877395  -0.030414  0.036304  -0.076850  -0.124249  -0.594950  -1.058086  1.000000  
16.631326 0.012262  -0.026991  0.043857  0.554381  0.683371  0.475044  -0.797392  0.599620  0.067986  -0.238386  -0.416486  0.877332  -0.030773  0.036448  -0.077062  -0.140734  -0.621658  -1.085202  1.000000  
16.632575 0.012225  -0.026944  0.043754  0.554982  0.682659  0.475365  -0.796506  0.600912  0.066955  -0.239945  -0.415790  0.877237  -0.030733  0.036654  -0.077815  -0.157063  -0.644442  -1.110447  1.000000  
16.633581 0.012194  -0.026907  0.043669  0.555435  0.682103  0.475635  -0.795758  0.602016  0.065923  -0.241374  -0.415106  0.877169  -0.030556  0.036833  -0.078594  -0.173892  -0.674607  -1.130934  1.000000  
16.634830 0.012157  -0.026861  0.043563  0.556012  0.681415  0.475945  -0.794841  0.603356  0.064723  -0.243061  -0.414288  0.877090  -0.030204  0.036974  -0.079655  -0.195828  -0.700498  -1.150027  1.000000  
16.635834 0.012127  -0.026824  0.043478  0.556680  0.680886  0.475922  -0.794055  0.604467  0.064004  -0.244099  -0.413538  0.877155  -0.030191  0.037072  -0.080046  -0.212414  -0.707388  -1.167554  1.000000  
16.637081 0.012088  -0.026777  0.043376  0.557252  0.680254  0.476155  -0.793133  0.605810  0.062732  -0.245786  -0.412612  0.877121  -0.030612  0.037066  -0.080079  -0.238375  -0.729471  -1.184838  1.000000  
16.638324 0.012048  -0.026728  0.043281  0.557821  0.679622  0.476392  -0.792208  0.607149  0.061459  -0.247471  -0.411685  0.877082  -0.031143  0.037258  -0.079498  -0.256567  -0.746581  -1.200090  1.000000  
16.639328 0.012013  -0.026689  0.043209  0.558464  0.679058  0.476443  -0.791389  0.608297  0.060644  -0.248638  -0.410919  0.877111  -0.031899  0.037276  -0.078368  -0.276593  -0.754512  -1.217509  1.000000  
16.640577 0.011969  -0.026639  0.043126  0.559047  0.678513  0.476535  -0.790487  0.609592  0.059394  -0.250193  -0.409899  0.877147  -0.032417  0.037459  -0.077056  -0.302478  -0.768627  -1.230685  1.000000  
16.641824 0.011922  -0.026592  0.043045  0.559751  0.677721  0.476836  -0.789412  0.611106  0.058123  -0.252006  -0.408955  0.877068  -0.032890  0.037509  -0.076049  -0.319955  -0.785494  -1.245462  1.000000  
16.642824 0.011882  -0.026556  0.042978  0.560205  0.677306  0.476893  -0.788675  0.612158  0.057040  -0.253301  -0.408067  0.877109  -0.033221  0.037571  -0.075772  -0.342436  -0.797924  -1.258746  1.000000  
16.644076 0.011835  -0.026511  0.042890  0.560903  0.676569  0.477119  -0.787595  0.613671  0.055695  -0.255112  -0.407016  0.877072  -0.033410  0.037554  -0.075747  -0.361948  -0.812328  -1.278143  1.000000  
16.645324 0.011791  -0.026466  0.042795  0.561455  0.675989  0.477291  -0.786655  0.614997  0.054348  -0.256794  -0.405977  0.877063  -0.033600  0.037462  -0.075935  -0.376467  -0.827913  -1.284295  1.000000  
16.646324 0.011759  -0.026428  0.042716  0.562064  0.675446  0.477344  -0.785796  0.616179  0.053362  -0.258087  -0.405088  0.877095  -0.033560  0.037514  -0.076086  -0.393186  -0.832884  -1.300393  1.000000  
16.647574 0.011719  -0.026381  0.042616  0.562751  0.674706  0.477581  -0.784707  0.617680  0.052017  -0.259896  -0.404034  0.877047  -0.033701  0.037513  -0.075893  -0.405721  -0.845656  -1.312538  1.000000  
16.648574 0.011687  -0.026343  0.042536  0.563335  0.674128  0.477708  -0.783816  0.618901  0.050935  -0.261317  -0.403129  0.877041  -0.033797  0.037606  -0.075577  -0.419197  -0.855861  -1.323567  1.000000  
16.649574 0.011652  -0.026306  0.042460  0.563895  0.673519  0.477906  -0.782894  0.620162  0.049758  -0.262866  -0.402209  0.877000  -0.034182  0.037611  -0.074932  -0.432538  -0.869998  -1.336271  1.000000  
16.650580 0.011614  -0.026269  0.042387  0.564474  0.672940  0.478039  -0.781999  0.621376  0.048676  -0.264286  -0.401302  0.876989  -0.034719  0.037616  -0.074122  -0.441824  -0.876173  -1.345126  1.000000  
16.651584 0.011575  -0.026232  0.042316  0.565050  0.672360  0.478174  -0.781101  0.622588  0.047594  -0.265705  -0.400396  0.876974  -0.035335  0.037525  -0.073213  -0.446486  -0.881555  -1.360999  1.000000  
16.652830 0.011526  -0.026186  0.042229  0.565882  0.671544  0.478337  -0.779882  0.624214  0.046272  -0.267511  -0.399231  0.876956  -0.035952  0.037420  -0.072602  -0.457964  -0.889483  -1.377901  1.000000  
16.654077 0.011477  -0.026139  0.042142  0.566730  0.670758  0.478435  -0.778688  0.625792  0.045046  -0.269186  -0.398081  0.876967  -0.036376  0.037295  -0.072373  -0.468113  -0.891317  -1.391506  1.000000  
16.655324 0.011429  -0.026091  0.042052  0.567554  0.669939  0.478607  -0.777462  0.627408  0.043724  -0.270990  -0.396914  0.876940  -0.036613  0.037166  -0.072664  -0.475199  -0.895110  -1.405965  1.000000  
16.656326 0.011390  -0.026054  0.041978  0.568256  0.669310  0.478654  -0.776408  0.628796  0.042492  -0.272535  -0.395777  0.876975  -0.036700  0.037112  -0.073439  -0.492272  -0.901121  -1.422663  1.000000  
16.657327 0.011350  -0.026019  0.041901  0.568795  0.668752  0.478794  -0.775469  0.630037  0.041239  -0.274079  -0.394746  0.876958  -0.036795  0.037036  -0.074154  -0.505336  -0.899462  -1.427671  1.000000  
16.658574 0.011299  -0.025976  0.041803  0.569744  0.667941  0.478796  -0.774087  0.631834  0.039690  -0.276009  -0.393243  0.877028  -0.036932  0.036936  -0.074965  -0.523211  -0.895953  -1.452412  1.000000  
16.659575 0.011259  -0.025941  0.041725  0.570458  0.667340  0.478785  -0.773055  0.633167  0.038552  -0.277423  -0.392119  0.877085  -0.037195  0.036851  -0.075212  -0.540592  -0.897863  -1.467462  1.000000  
16.660824 0.011209  -0.025896  0.041631  0.571239  0.666656  0.478806  -0.771783  0.634815  0.036904  -0.279351  -0.390615  0.877145  -0.037842  0.036695  -0.074902  -0.561543  -0.903961  -1.481462  1.000000  
16.662074 0.011159  -0.025848  0.041542  0.572016  0.665971  0.478832  -0.770507  0.636456  0.035254  -0.281277  -0.389110  0.877198  -0.038407  0.036758  -0.074255  -0.580537  -0.908561  -1.496132  1.000000  
16.663074 0.011117  -0.025810  0.041475  0.572697  0.665393  0.478822  -0.769437  0.637821  0.033943  -0.282818  -0.387862  0.877255  -0.039112  0.036866  -0.073358  -0.599554  -0.908333  -1.508551  1.000000  
16.664081 0.011073  -0.025771  0.041409  0.573555  0.664713  0.478739  -0.768276  0.639277  0.032823  -0.284229  -0.386630  0.877343  -0.039817  0.036874  -0.072446  -0.611802  -0.904333  -1.528880  1.000000  
16.665324 0.011017  -0.025724  0.041326  0.574477  0.663949  0.478694  -0.766872  0.641041  0.031192  -0.286153  -0.385016  0.877428  -0.040430  0.037026  -0.071949  -0.629962  -0.911742  -1.549480  1.000000  
16.666574 0.010960  -0.025676  0.041240  0.575393  0.663184  0.478654  -0.765465  0.642799  0.029559  -0.288075  -0.383401  0.877506  -0.041051  0.037094  -0.071772  -0.648752  -0.924595  -1.567334  1.000000  
16.667592 0.010914  -0.025640  0.041169  0.576082  0.662689  0.478511  -0.764414  0.644106  0.028260  -0.289484  -0.382060  0.877627  -0.041434  0.037022  -0.071796  -0.666582  -0.918821  -1.578815  1.000000  
16.668833 0.010858  -0.025593  0.041075  0.576831  0.662053  0.478488  -0.763118  0.645715  0.026526  -0.291405  -0.380444  0.877693  -0.041966  0.036944  -0.072304  -0.683351  -0.934845  -1.590897  1.000000  
16.670078 0.010803  -0.025547  0.040977  0.577685  0.661280  0.478527  -0.761637  0.647536  0.024625  -0.293580  -0.378689  0.877727  -0.042408  0.036857  -0.072921  -0.704185  -0.945458  -1.614973  1.000000  
16.671328 0.010748  -0.025501  0.040878  0.578401  0.660611  0.478588  -0.760301  0.649170  0.022796  -0.295626  -0.377056  0.877744  -0.042838  0.036903  -0.073273  -0.718646  -0.954600  -1.630843  1.000000  
16.672575 0.010691  -0.025454  0.040784  0.579110  0.659999  0.478574  -0.758962  0.650800  0.020887  -0.297670  -0.375315  0.877799  -0.043265  0.037097  -0.073211  -0.739111  -0.966697  -1.640702  1.000000  
16.673828 0.010631  -0.025406  0.040693  0.579815  0.659444  0.478486  -0.757619  0.652423  0.018898  -0.299713  -0.373467  0.877892  -0.043986  0.037387  -0.072515  -0.763492  -0.974747  -1.648479  1.000000  
16.675074 0.010570  -0.025358  0.040609  0.580514  0.658888  0.478404  -0.756272  0.654039  0.016907  -0.301755  -0.371618  0.877977  -0.044583  0.037670  -0.071834  -0.786029  -0.984288  -1.664230  1.000000  
16.676076 0.010521  -0.025319  0.040543  0.581127  0.658440  0.478276  -0.755137  0.655389  0.015255  -0.303413  -0.370029  0.878077  -0.045281  0.037840  -0.071237  -0.806763  -0.996110  -1.674006  1.000000  
16.677324 0.010460  -0.025271  0.040463  0.581816  0.657882  0.478206  -0.753783  0.656989  0.013261  -0.305452  -0.368179  0.878148  -0.045959  0.037879  -0.070851  -0.831123  -1.004339  -1.681818  1.000000  
16.678324 0.010411  -0.025231  0.040397  0.582446  0.657521  0.477936  -0.752675  0.658290  0.011619  -0.306980  -0.366498  0.878318  -0.046382  0.037894  -0.070832  -0.855219  -1.009186  -1.685579  1.000000  
16.679574 0.010351  -0.025182  0.040313  0.583126  0.657020  0.477797  -0.751314  0.659876  0.009542  -0.309017  -0.364540  0.878419  -0.046733  0.037992  -0.070903  -0.879145  -1.013426  -1.691133  1.000000  
16.680824 0.010288  -0.025133  0.040227  0.583980  0.656469  0.477510  -0.749862  0.661551  0.007575  -0.310925  -0.362490  0.878593  -0.047093  0.038116  -0.071059  -0.909661  -1.015448  -1.703406  1.000000  
16.681824 0.010239  -0.025094  0.040157  0.584572  0.656017  0.477407  -0.748712  0.662868  0.005915  -0.312578  -0.360898  0.878662  -0.047243  0.038235  -0.071101  -0.931953  -1.025804  -1.705011  1.000000  
16.683074 0.010177  -0.025044  0.040071  0.585544  0.655296  0.477205  -0.747100  0.664700  0.003949  -0.314611  -0.358832  0.878783  -0.047558  0.038507  -0.070740  -0.951780  -1.029098  -1.724043  1.000000  
16.684084 0.010128  -0.025004  0.040004  0.586102  0.654813  0.477185  -0.745911  0.666042  0.002194  -0.316388  -0.357223  0.878800  -0.048031  0.038758  -0.069980  -0.975621  -1.046695  -1.731622  1.000000  
16.685326 0.010065  -0.024953  0.039924  0.586909  0.654284  0.476917  -0.744411  0.667721  0.000045  -0.318418  -0.355049  0.878948  -0.048525  0.039039  -0.068754  -1.003957  -1.055738  -1.739044  1.000000  
16.686329 0.010014  -0.024911  0.039862  0.587636  0.653749  0.476755  -0.743129  0.669146  -0.001603  -0.320067  -0.353349  0.879035  -0.049025  0.039318  -0.067548  -1.024292  -1.059757  -1.744774  1.000000  
16.687334 0.009961  -0.024869  0.039803  0.588333  0.653183  0.476671  -0.741810  0.670601  -0.003344  -0.321841  -0.351632  0.879075  -0.049456  0.039603  -0.066487  -1.040541  -1.068147  -1.752315  1.000000  
16.688574 0.009894  -0.024819  0.039730  0.589097  0.652622  0.476497  -0.740266  0.672291  -0.005591  -0.323993  -0.349441  0.879158  -0.049939  0.039802  -0.065443  -1.064576  -1.077405  -1.759526  1.000000  
16.689578 0.009841  -0.024778  0.039670  0.589810  0.652026  0.476431  -0.738974  0.673695  -0.007161  -0.325638  -0.347846  0.879183  -0.050272  0.039983  -0.064757  -1.072633  -1.085672  -1.766788  1.000000  
16.690825 0.009775  -0.024728  0.039593  0.590741  0.651352  0.476199  -0.737335  0.675465  -0.009222  -0.327662  -0.345670  0.879289  -0.050599  0.040115  -0.064419  -1.090467  -1.088339  -1.778131  1.000000  
16.692076 0.009710  -0.024677  0.039513  0.591817  0.650537  0.475977  -0.735569  0.677358  -0.011186  -0.329684  -0.343494  0.879387  -0.050882  0.040225  -0.064364  -1.108127  -1.090937  -1.789254  1.000000  
16.693324 0.009645  -0.024626  0.039429  0.592762  0.649888  0.475688  -0.733955  0.679071  -0.013159  -0.331578  -0.341333  0.879516  -0.051069  0.040348  -0.064499  -1.128140  -1.092132  -1.792873  1.000000  
16.694324 0.009592  -0.024586  0.039363  0.593455  0.649402  0.475488  -0.732650  0.680442  -0.014900  -0.333218  -0.339524  0.879596  -0.051422  0.040409  -0.064381  -1.144391  -1.100900  -1.800144  1.000000  
16.695574 0.009525  -0.024536  0.039281  0.594332  0.648807  0.475204  -0.730960  0.682203  -0.017226  -0.335362  -0.337117  0.879707  -0.051759  0.040485  -0.064098  -1.164118  -1.110853  -1.806715  1.000000  
16.696576 0.009471  -0.024494  0.039221  0.595015  0.648318  0.475016  -0.729649  0.683558  -0.018970  -0.337000  -0.335307  0.879773  -0.052084  0.040679  -0.063450  -1.180074  -1.115369  -1.811926  1.000000  
16.697824 0.009401  -0.024442  0.039148  0.595758  0.647948  0.474590  -0.728108  0.685128  -0.021390  -0.339015  -0.332809  0.879947  -0.052608  0.040827  -0.062638  -1.208470  -1.125806  -1.815055  1.000000  
16.698824 0.009343  -0.024400  0.039093  0.596460  0.647543  0.474260  -0.726827  0.686431  -0.023131  -0.340525  -0.330909  0.880081  -0.053186  0.040978  -0.061888  -1.224587  -1.126672  -1.818766  1.000000  
16.699824 0.009286  -0.024357  0.039039  0.597130  0.647109  0.474011  -0.725508  0.687760  -0.024963  -0.342160  -0.328992  0.880165  -0.053703  0.041142  -0.061097  -1.240171  -1.127262  -1.821908  1.000000  
16.700830 0.009229  -0.024313  0.038984  0.597944  0.646532  0.473772  -0.724064  0.689216  -0.026700  -0.343794  -0.327076  0.880243  -0.054064  0.041311  -0.060592  -1.257702  -1.120838  -1.833308  1.000000  
16.702076 0.009157  -0.024258  0.038914  0.598694  0.646185  0.473297  -0.722546  0.690713  -0.029039  -0.345678  -0.324593  0.880424  -0.054508  0.041441  -0.060232  -1.281214  -1.119135  -1.831050  1.000000  
16.703326 0.009085  -0.024205  0.038843  0.599587  0.645636  0.472915  -0.720900  0.692336  -0.031200  -0.347560  -0.322217  0.880555  -0.054851  0.041626  -0.060139  -1.294801  -1.117991  -1.843716  1.000000  
16.704328 0.009027  -0.024163  0.038782  0.600267  0.645225  0.472614  -0.719606  0.693601  -0.032950  -0.349065  -0.320317  0.880654  -0.055176  0.041639  -0.060244  -1.306575  -1.114725  -1.845421  1.000000  
16.705574 0.008954  -0.024110  0.038705  0.601209  0.644729  0.472094  -0.718026  0.695139  -0.034935  -0.350695  -0.317973  0.880856  -0.055570  0.041884  -0.060285  -1.315256  -1.102509  -1.845599  1.000000  
16.706577 0.008896  -0.024068  0.038644  0.601880  0.644372  0.471726  -0.716727  0.696384  -0.036773  -0.352198  -0.315965  0.880978  -0.056060  0.041968  -0.059995  -1.338044  -1.100955  -1.845193  1.000000  
16.707824 0.008820  -0.024015  0.038568  0.602750  0.643818  0.471372  -0.715068  0.697969  -0.038944  -0.354076  -0.313589  0.881074  -0.056748  0.042077  -0.059678  -1.339818  -1.094991  -1.854432  1.000000  
16.708824 0.008760  -0.023972  0.038509  0.603443  0.643428  0.471016  -0.713800  0.699171  -0.040612  -0.355452  -0.311705  0.881189  -0.057337  0.042296  -0.058972  -1.344547  -1.087223  -1.858883  1.000000  
16.709824 0.008699  -0.023928  0.038454  0.604101  0.643011  0.470742  -0.712494  0.700398  -0.042371  -0.356952  -0.309804  0.881253  -0.057801  0.042568  -0.058271  -1.352588  -1.088657  -1.862739  1.000000  
16.711074 0.008621  -0.023874  0.038386  0.604840  0.642681  0.470245  -0.710987  0.701787  -0.044640  -0.358701  -0.307338  0.881406  -0.058474  0.042742  -0.057662  -1.368823  -1.089568  -1.853166  1.000000  
16.712081 0.008557  -0.023830  0.038332  0.605520  0.642289  0.469905  -0.709712  0.702968  -0.046314  -0.360074  -0.305453  0.881501  -0.059017  0.042935  -0.057296  -1.379791  -1.083592  -1.851160  1.000000  
16.713323 0.008478  -0.023774  0.038263  0.606249  0.641956  0.469420  -0.708201  0.704337  -0.048588  -0.361821  -0.302987  0.881637  -0.059598  0.043132  -0.057198  -1.393808  -1.075972  -1.843650  1.000000  
16.714324 0.008415  -0.023730  0.038207  0.606889  0.641535  0.469167  -0.706884  0.705534  -0.050354  -0.363318  -0.301088  0.881673  -0.059990  0.043223  -0.057264  -1.399786  -1.069862  -1.839658  1.000000  
16.715324 0.008353  -0.023684  0.038151  0.607558  0.641197  0.468765  -0.705603  0.706688  -0.052118  -0.364689  -0.299097  0.881784  -0.060254  0.043405  -0.057415  -1.403330  -1.067171  -1.841208  1.000000  
16.716324 0.008291  -0.023639  0.038093  0.608223  0.640857  0.468367  -0.704320  0.707835  -0.053885  -0.366059  -0.297106  0.881889  -0.060597  0.043449  -0.057573  -1.413433  -1.062649  -1.835557  1.000000  
16.717331 0.008229  -0.023593  0.038035  0.608771  0.640688  0.467885  -0.703197  0.708813  -0.055660  -0.367303  -0.295131  0.882035  -0.060938  0.043641  -0.057657  -1.425637  -1.051753  -1.820449  1.000000  
16.718584 0.008149  -0.023537  0.037964  0.609508  0.640376  0.467352  -0.701710  0.710110  -0.057856  -0.368921  -0.292682  0.882176  -0.061499  0.043839  -0.057501  -1.438742  -1.040001  -1.808148  1.000000  
16.719827 0.008069  -0.023479  0.037895  0.610241  0.640119  0.466748  -0.700221  0.711389  -0.060141  -0.370537  -0.290126  0.882343  -0.062050  0.044148  -0.057016  -1.459342  -1.034421  -1.794601  1.000000  
16.720827 0.008004  -0.023433  0.037842  0.610778  0.639948  0.466280  -0.699092  0.712345  -0.061922  -0.371779  -0.288152  0.882467  -0.062438  0.044432  -0.056378  -1.467756  -1.027582  -1.781071  1.000000  
16.722074 0.007921  -0.023375  0.037781  0.611391  0.639804  0.465674  -0.697761  0.713454  -0.064133  -0.373269  -0.285719  0.882630  -0.062958  0.044788  -0.055462  -1.484435  -1.021288  -1.756224  1.000000  
16.723077 0.007855  -0.023328  0.037735  0.611922  0.639574  0.465291  -0.696630  0.714404  -0.065831  -0.374510  -0.283852  0.882706  -0.063423  0.045108  -0.054453  -1.493604  -1.018900  -1.741901  1.000000  
16.724326 0.007773  -0.023267  0.037678  0.612637  0.639200  0.464865  -0.695131  0.715664  -0.067953  -0.376122  -0.281512  0.882770  -0.063830  0.045551  -0.053483  -1.497466  -1.008481  -1.726399  1.000000  
16.725575 0.007691  -0.023205  0.037620  0.613238  0.639053  0.464274  -0.693794  0.716746  -0.070170  -0.377610  -0.279080  0.882907  -0.064126  0.046042  -0.052779  -1.501680  -0.998281  -1.711075  1.000000  
16.726824 0.007608  -0.023143  0.037559  0.613800  0.638881  0.463767  -0.692417  0.717847  -0.072479  -0.379220  -0.276633  0.882987  -0.064360  0.046553  -0.052433  -1.512433  -0.994309  -1.691260  1.000000  
16.728080 0.007527  -0.023080  0.037497  0.614534  0.638585  0.463203  -0.690950  0.719043  -0.074606  -0.380705  -0.274202  0.883107  -0.064476  0.047042  -0.051937  -1.512271  -0.983814  -1.675587  1.000000  
16.729324 0.007445  -0.023016  0.037433  0.615088  0.638355  0.462785  -0.689568  0.720134  -0.076831  -0.382313  -0.271864  0.883135  -0.064696  0.047559  -0.051618  -1.514013  -0.979749  -1.659089  1.000000  
16.730325 0.007379  -0.022966  0.037382  0.615597  0.638178  0.462352  -0.688426  0.721032  -0.078627  -0.383549  -0.269892  0.883204  -0.064983  0.047877  -0.051111  -1.518701  -0.976898  -1.647515  1.000000  
16.731573 0.007296  -0.022902  0.037322  0.616177  0.637971  0.461865  -0.687079  0.722080  -0.080768  -0.385031  -0.267570  0.883265  -0.065372  0.048381  -0.050294  -1.521523  -0.968433  -1.626619  1.000000  
16.732574 0.007229  -0.022850  0.037277  0.616680  0.637736  0.461517  -0.685933  0.722975  -0.082479  -0.386265  -0.265707  0.883289  -0.065625  0.048829  -0.049600  -1.518122  -0.965434  -1.615047  1.000000  
16.733580 0.007160  -0.022797  0.037234  0.617074  0.637674  0.461077  -0.684952  0.723707  -0.084199  -0.387376  -0.263859  0.883356  -0.065931  0.049310  -0.048643  -1.522522  -0.959666  -1.592529  1.000000  
16.734581 0.007092  -0.022743  0.037193  0.617713  0.637289  0.460754  -0.683677  0.724721  -0.085818  -0.388609  -0.261996  0.883369  -0.066205  0.049907  -0.047580  -1.520707  -0.958620  -1.588494  1.000000  
16.735584 0.007024  -0.022688  0.037153  0.618277  0.637155  0.460181  -0.682605  0.725537  -0.087446  -0.389595  -0.260056  0.883508  -0.066412  0.050522  -0.046691  -1.525377  -0.950893  -1.575233  1.000000  
16.736828 0.006939  -0.022618  0.037102  0.618874  0.637024  0.459560  -0.681288  0.726512  -0.089595  -0.390950  -0.257644  0.883616  -0.066550  0.051308  -0.046019  -1.527771  -0.943032  -1.558648  1.000000  
16.737828 0.006873  -0.022561  0.037061  0.619257  0.636960  0.459133  -0.680302  0.727221  -0.091320  -0.392058  -0.255798  0.883662  -0.066652  0.051874  -0.045742  -1.532604  -0.936742  -1.536079  1.000000  
16.739078 0.006792  -0.022489  0.037008  0.619812  0.636804  0.458599  -0.678943  0.728205  -0.093561  -0.393535  -0.253372  0.883704  -0.066495  0.052778  -0.045392  -1.537109  -0.934118  -1.523985  1.000000  
16.740325 0.006711  -0.022417  0.036954  0.620502  0.636498  0.458091  -0.677454  0.729311  -0.095710  -0.395010  -0.250948  0.883738  -0.066453  0.053464  -0.045140  -1.535244  -0.929768  -1.518258  1.000000  
