1-Time 2-Px 3-Py 4-Pz 5-R11 6-R21 7-R31 8-R12 9-R22 10-R32 11-R13 12-R23 13-R33 14-Vx 15-Vy 16-Vz 17-Wx 18-Wy 19-Wz 20-state
112.374768 0.029142  -0.025892  0.007285  0.392326  0.688593  0.609852  -0.859968  0.509854  -0.022455  -0.326397  -0.515644  0.792197  -0.010243  -0.021806  0.003095  0.000000  0.000000  0.000000  1.000000  
112.375807 0.029136  -0.025908  0.007291  0.392326  0.688667  0.609768  -0.859968  0.509851  -0.022517  -0.326397  -0.515548  0.792260  -0.008500  -0.020954  0.007509  0.000000  0.000000  0.000000  1.000000  
112.377048 0.029121  -0.025927  0.007293  0.392326  0.688741  0.609685  -0.859968  0.509848  -0.022578  -0.326397  -0.515451  0.792322  -0.010637  -0.017194  0.004055  0.000000  0.000000  0.000000  1.000000  
112.378298 0.029103  -0.025940  0.007291  0.392521  0.688813  0.609478  -0.859927  0.509922  -0.022480  -0.326271  -0.515283  0.792484  -0.011943  -0.014730  0.001892  0.000000  0.000000  0.000000  1.000000  
112.379550 0.029086  -0.025956  0.007292  0.392698  0.688930  0.609232  -0.859846  0.510055  -0.022540  -0.326271  -0.514995  0.792671  -0.012559  -0.014072  0.001690  0.000000  0.000000  0.000000  1.000000  
112.380798 0.029066  -0.025973  0.007300  0.392698  0.689151  0.608982  -0.859846  0.510047  -0.022726  -0.326271  -0.514706  0.792859  -0.013203  -0.013997  0.002542  0.000000  0.000000  0.000000  1.000000  
112.381820 0.029048  -0.025984  0.007305  0.392698  0.689373  0.608731  -0.859846  0.510039  -0.022912  -0.326271  -0.514418  0.793046  -0.013864  -0.013501  0.002990  0.000000  0.000000  0.000000  1.000000  
112.383054 0.029020  -0.025994  0.007309  0.392698  0.689594  0.608480  -0.859846  0.510030  -0.023097  -0.326271  -0.514129  0.793233  -0.015287  -0.012661  0.003065  0.000000  0.000000  0.000000  1.000000  
112.384060 0.028994  -0.026002  0.007310  0.392893  0.689666  0.608273  -0.859805  0.510104  -0.022999  -0.326144  -0.513960  0.793394  -0.016464  -0.012150  0.002820  0.000000  0.000000  0.000000  1.000000  
112.385304 0.028963  -0.026011  0.007311  0.392911  0.689915  0.607978  -0.859845  0.510033  -0.023088  -0.326018  -0.513695  0.793618  -0.017505  -0.011586  0.002563  0.000000  0.000000  0.000000  1.000000  
112.386547 0.028934  -0.026020  0.007314  0.392929  0.690091  0.607767  -0.859884  0.509965  -0.023115  -0.325891  -0.513526  0.793779  -0.018095  -0.011097  0.002546  0.000000  0.000000  0.000000  1.000000  
112.387549 0.028911  -0.026026  0.007317  0.392966  0.690296  0.607511  -0.859964  0.509835  -0.023046  -0.325638  -0.513381  0.793977  -0.018476  -0.010679  0.002580  0.000000  0.000000  0.000000  1.000000  
112.388551 0.028887  -0.026030  0.007317  0.393161  0.690367  0.607304  -0.859922  0.509909  -0.022948  -0.325512  -0.513212  0.794138  -0.018915  -0.010202  0.002355  0.000000  0.000000  0.000000  1.000000  
112.389798 0.028853  -0.026033  0.007312  0.393179  0.690543  0.607092  -0.859962  0.509841  -0.022975  -0.325385  -0.513043  0.794299  -0.019614  -0.009556  0.001831  0.000000  0.000000  0.000000  1.000000  
112.391048 0.028818  -0.026033  0.007305  0.393179  0.690764  0.606841  -0.859962  0.509832  -0.023160  -0.325385  -0.512754  0.794486  -0.021029  -0.008012  0.000891  0.000000  0.000000  0.000000  1.000000  
112.392055 0.028793  -0.026029  0.007300  0.393374  0.690834  0.606634  -0.859921  0.509907  -0.023062  -0.325259  -0.512585  0.794647  -0.021987  -0.006750  0.000532  0.000000  0.000000  0.000000  1.000000  
112.393298 0.028761  -0.026025  0.007297  0.393569  0.690979  0.606343  -0.859879  0.509978  -0.023026  -0.325132  -0.512319  0.794870  -0.022825  -0.005637  0.000416  0.000000  0.000000  0.000000  1.000000  
112.394298 0.028734  -0.026022  0.007298  0.393764  0.691123  0.606052  -0.859838  0.510050  -0.022990  -0.325006  -0.512054  0.795093  -0.023877  -0.004467  0.000341  0.000000  0.000000  0.000000  1.000000  
112.395548 0.028695  -0.026016  0.007299  0.393941  0.691312  0.605721  -0.859757  0.510181  -0.023113  -0.325006  -0.511668  0.795341  -0.025071  -0.003119  0.000050  -0.234083  0.101501  -0.024757  1.000000  
112.396550 0.028663  -0.026010  0.007298  0.394295  0.691322  0.605479  -0.859594  0.510457  -0.023050  -0.325006  -0.511378  0.795527  -0.026035  -0.001930  -0.000458  -0.233862  0.106598  -0.038817  1.000000  
112.397553 0.028632  -0.026003  0.007295  0.394472  0.691437  0.605232  -0.859513  0.510591  -0.023111  -0.325006  -0.511089  0.795713  -0.026653  -0.000908  -0.000904  -0.236630  0.106538  -0.044367  1.000000  
112.398558 0.028602  -0.025998  0.007291  0.394649  0.691552  0.604986  -0.859432  0.510725  -0.023172  -0.325006  -0.510799  0.795899  -0.027021  0.000109  -0.001254  -0.239143  0.106471  -0.049441  1.000000  
112.399803 0.028566  -0.025993  0.007284  0.395003  0.691562  0.604744  -0.859269  0.511001  -0.023109  -0.325006  -0.510509  0.796085  -0.027232  0.001002  -0.001734  -0.236399  0.109641  -0.060179  1.000000  
112.401052 0.028530  -0.025987  0.007278  0.395357  0.691571  0.604501  -0.859107  0.511278  -0.023046  -0.325006  -0.510220  0.796271  -0.027654  0.002025  -0.002321  -0.233876  0.112483  -0.069878  1.000000  
112.402298 0.028494  -0.025979  0.007273  0.395887  0.691476  0.604264  -0.858862  0.511696  -0.022859  -0.325006  -0.509930  0.796456  -0.028237  0.003065  -0.002909  -0.229159  0.118949  -0.084703  1.000000  
112.403306 0.028463  -0.025973  0.007269  0.396241  0.691411  0.604106  -0.858699  0.511975  -0.022734  -0.325006  -0.509737  0.796580  -0.028734  0.003888  -0.003202  -0.224820  0.122163  -0.093266  1.000000  
112.404549 0.028424  -0.025966  0.007264  0.396771  0.691242  0.603952  -0.858454  0.512397  -0.022485  -0.325006  -0.509543  0.796704  -0.029104  0.004558  -0.003215  -0.216755  0.127735  -0.105979  1.000000  
112.405798 0.028386  -0.025958  0.007261  0.397301  0.691145  0.603714  -0.858209  0.512816  -0.022299  -0.325006  -0.509254  0.796889  -0.029296  0.004958  -0.003031  -0.214661  0.136214  -0.120674  1.000000  
112.406799 0.028355  -0.025951  0.007259  0.397636  0.691051  0.603600  -0.858006  0.513157  -0.022272  -0.325132  -0.509037  0.796976  -0.029687  0.005291  -0.002770  -0.215944  0.140595  -0.135100  1.000000  
112.408055 0.028315  -0.025941  0.007260  0.398148  0.690852  0.603491  -0.857721  0.513640  -0.022120  -0.325259  -0.508820  0.797063  -0.030254  0.005673  -0.002517  -0.211396  0.140061  -0.150977  1.000000  
112.409065 0.028277  -0.025935  0.007261  0.398659  0.690652  0.603382  -0.857435  0.514123  -0.021969  -0.325385  -0.508603  0.797149  -0.030910  0.005850  -0.002493  -0.202726  0.143264  -0.164391  1.000000  
112.410298 0.028227  -0.025929  0.007259  0.399170  0.690452  0.603273  -0.857149  0.514606  -0.021818  -0.325512  -0.508386  0.797236  -0.031747  0.005880  -0.002702  -0.194434  0.148895  -0.181931  1.000000  
112.411548 0.028178  -0.025922  0.007255  0.399681  0.690252  0.603164  -0.856863  0.515088  -0.021667  -0.325638  -0.508170  0.797323  -0.032369  0.005881  -0.002862  -0.183747  0.155683  -0.200845  1.000000  
112.412798 0.028130  -0.025912  0.007249  0.400368  0.690018  0.602976  -0.856494  0.515710  -0.021454  -0.325765  -0.507856  0.797471  -0.033014  0.005969  -0.002980  -0.174725  0.165839  -0.225084  1.000000  
112.413801 0.028091  -0.025904  0.007245  0.400879  0.689817  0.602867  -0.856207  0.516193  -0.021304  -0.325891  -0.507639  0.797557  -0.033625  0.006170  -0.002929  -0.166194  0.165264  -0.240858  1.000000  
112.414804 0.028049  -0.025897  0.007241  0.401213  0.689649  0.602838  -0.856003  0.516536  -0.021215  -0.326018  -0.507519  0.797582  -0.034532  0.006399  -0.002896  -0.157640  0.168456  -0.254187  1.000000  
112.416057 0.027995  -0.025891  0.007237  0.401723  0.689447  0.602729  -0.855715  0.517018  -0.021065  -0.326144  -0.507302  0.797668  -0.035762  0.006436  -0.002755  -0.148084  0.168974  -0.280081  1.000000  
112.417301 0.027942  -0.025883  0.007233  0.402409  0.689065  0.602708  -0.855345  0.517644  -0.020728  -0.326271  -0.507182  0.797693  -0.036906  0.006360  -0.002730  -0.135049  0.171742  -0.309506  1.000000  
112.418301 0.027900  -0.025876  0.007230  0.402742  0.688896  0.602678  -0.855139  0.517987  -0.020639  -0.326397  -0.507062  0.797718  -0.037516  0.006483  -0.002639  -0.128722  0.167651  -0.319913  1.000000  
112.419548 0.027848  -0.025867  0.007226  0.403446  0.688542  0.602611  -0.854808  0.518552  -0.020205  -0.326397  -0.506965  0.797779  -0.038355  0.006636  -0.002587  -0.115651  0.177931  -0.344418  1.000000  
112.420550 0.027805  -0.025859  0.007222  0.403798  0.688329  0.602620  -0.854641  0.518835  -0.019957  -0.326397  -0.506965  0.797779  -0.039329  0.006727  -0.002660  -0.102980  0.184935  -0.355436  1.000000  
112.421798 0.027749  -0.025853  0.007216  0.404307  0.688052  0.602594  -0.854352  0.519319  -0.019745  -0.326524  -0.506845  0.797804  -0.040391  0.006574  -0.002878  -0.090341  0.184380  -0.371454  1.000000  
112.422798 0.027703  -0.025846  0.007211  0.404835  0.687732  0.602606  -0.854102  0.519744  -0.019372  -0.326524  -0.506845  0.797804  -0.041459  0.006419  -0.003356  -0.073606  0.187538  -0.384852  1.000000  
112.424055 0.027645  -0.025840  0.007201  0.405519  0.687347  0.602584  -0.853729  0.520369  -0.019036  -0.326650  -0.506725  0.797828  -0.042157  0.006372  -0.003960  -0.058677  0.190406  -0.406201  1.000000  
112.425298 0.027586  -0.025832  0.007190  0.406028  0.686997  0.602642  -0.853439  0.520855  -0.018760  -0.326777  -0.506701  0.797791  -0.042756  0.006452  -0.004584  -0.037840  0.193600  -0.419770  1.000000  
112.426548 0.027527  -0.025822  0.007178  0.406555  0.686675  0.602653  -0.853188  0.521279  -0.018388  -0.326777  -0.506701  0.797791  -0.043368  0.006665  -0.005157  -0.023161  0.195417  -0.421803  1.000000  
112.427798 0.027470  -0.025810  0.007165  0.407238  0.686289  0.602631  -0.852814  0.521903  -0.018051  -0.326903  -0.506581  0.797816  -0.044000  0.006753  -0.005613  -0.008332  0.202033  -0.440661  1.000000  
112.428799 0.027423  -0.025801  0.007157  0.407765  0.685967  0.602642  -0.852562  0.522327  -0.017679  -0.326903  -0.506581  0.797816  -0.044480  0.006891  -0.005873  0.008273  0.208938  -0.451642  1.000000  
112.429801 0.027378  -0.025791  0.007149  0.408273  0.685688  0.602616  -0.852271  0.522810  -0.017466  -0.327030  -0.506461  0.797840  -0.044787  0.007075  -0.006103  0.018630  0.208538  -0.459520  1.000000  
112.431051 0.027319  -0.025780  0.007139  0.408974  0.685330  0.602547  -0.851934  0.523372  -0.017034  -0.327030  -0.506364  0.797902  -0.045068  0.007372  -0.006507  0.031190  0.215398  -0.470501  1.000000  
112.432063 0.027275  -0.025768  0.007130  0.409481  0.685051  0.602520  -0.851642  0.523854  -0.016821  -0.327156  -0.506244  0.797926  -0.045197  0.007786  -0.006957  0.039621  0.213182  -0.476663  1.000000  
112.433304 0.027220  -0.025753  0.007116  0.410164  0.684590  0.602580  -0.851265  0.524479  -0.016421  -0.327283  -0.506220  0.797889  -0.045427  0.008235  -0.007633  0.051912  0.214678  -0.486327  1.000000  
112.434551 0.027168  -0.025738  0.007101  0.410845  0.684201  0.602557  -0.850887  0.525102  -0.016085  -0.327409  -0.506100  0.797914  -0.045400  0.008601  -0.008358  0.062782  0.216028  -0.498277  1.000000  
112.435826 0.027115  -0.025724  0.007084  0.411546  0.683841  0.602487  -0.850549  0.525663  -0.015652  -0.327409  -0.506003  0.797975  -0.045250  0.008972  -0.009213  0.069093  0.223044  -0.500977  1.000000  
112.437048 0.027060  -0.025710  0.007066  0.412402  0.683270  0.602550  -0.850085  0.526428  -0.015128  -0.327535  -0.505980  0.797938  -0.045218  0.009410  -0.010013  0.085946  0.226397  -0.514957  1.000000  
112.438048 0.027015  -0.025698  0.007050  0.413083  0.682807  0.602609  -0.849706  0.527051  -0.014728  -0.327662  -0.505956  0.797901  -0.045060  0.009930  -0.010682  0.093848  0.231482  -0.521721  1.000000  
112.439048 0.026970  -0.025686  0.007035  0.413588  0.682525  0.602581  -0.849411  0.527532  -0.014516  -0.327788  -0.505836  0.797925  -0.045011  0.010271  -0.011115  0.098001  0.231451  -0.521917  1.000000  
112.440055 0.026925  -0.025673  0.007020  0.414268  0.682061  0.602640  -0.849031  0.528154  -0.014116  -0.327915  -0.505812  0.797888  -0.044737  0.010821  -0.011496  0.109237  0.236646  -0.531419  1.000000  
112.441298 0.026870  -0.025656  0.007003  0.415084  0.681501  0.602712  -0.848486  0.529037  -0.013847  -0.328294  -0.505645  0.797838  -0.044530  0.011271  -0.011824  0.118017  0.235998  -0.547399  1.000000  
112.442548 0.026814  -0.025638  0.006985  0.416093  0.680787  0.602823  -0.847894  0.530000  -0.013294  -0.328547  -0.505598  0.797764  -0.044447  0.011718  -0.012205  0.134895  0.239094  -0.560858  1.000000  
112.443798 0.026758  -0.025617  0.006967  0.417101  0.680145  0.602851  -0.847300  0.530960  -0.012805  -0.328799  -0.505454  0.797751  -0.044378  0.012234  -0.012639  0.144686  0.243663  -0.575056  1.000000  
112.444798 0.026712  -0.025600  0.006951  0.417934  0.679611  0.602876  -0.846791  0.531780  -0.012441  -0.329052  -0.505310  0.797738  -0.044380  0.012755  -0.013188  0.151565  0.250251  -0.593909  1.000000  
112.446048 0.026654  -0.025578  0.006931  0.418922  0.678937  0.602950  -0.846156  0.532799  -0.012048  -0.329431  -0.505143  0.797688  -0.044333  0.013451  -0.013879  0.162546  0.253031  -0.615177  1.000000  
112.447049 0.026610  -0.025559  0.006915  0.419733  0.678371  0.603022  -0.845606  0.533678  -0.011779  -0.329810  -0.504975  0.797637  -0.044333  0.013952  -0.014378  0.167191  0.252286  -0.630756  1.000000  
112.448061 0.026566  -0.025540  0.006896  0.420738  0.677798  0.602967  -0.845008  0.534634  -0.011354  -0.330063  -0.504735  0.797685  -0.044353  0.014378  -0.014946  0.171400  0.260867  -0.654775  1.000000  
112.449300 0.026509  -0.025516  0.006874  0.422070  0.676972  0.602964  -0.844195  0.535928  -0.010778  -0.330441  -0.504470  0.797696  -0.044602  0.014944  -0.015373  0.176596  0.263390  -0.684247  1.000000  
112.450302 0.026463  -0.025498  0.006856  0.423053  0.676292  0.603038  -0.843554  0.536943  -0.010384  -0.330820  -0.504303  0.797645  -0.044916  0.015499  -0.015688  0.181757  0.265921  -0.713517  1.000000  
112.451551 0.026403  -0.025474  0.006836  0.424189  0.675616  0.602999  -0.842786  0.538155  -0.010092  -0.331325  -0.503918  0.797678  -0.045307  0.016124  -0.015795  0.182952  0.268286  -0.742785  1.000000  
112.452798 0.026341  -0.025450  0.006817  0.425323  0.674864  0.603042  -0.842015  0.539366  -0.009735  -0.331830  -0.503629  0.797650  -0.045735  0.016731  -0.015802  0.182603  0.264752  -0.768096  1.000000  
112.453808 0.026292  -0.025430  0.006802  0.426455  0.674037  0.603166  -0.841243  0.540577  -0.009312  -0.332335  -0.503438  0.797561  -0.045970  0.017294  -0.015743  0.191222  0.265888  -0.798186  1.000000  
112.455048 0.026230  -0.025405  0.006784  0.427933  0.673132  0.603131  -0.840292  0.542062  -0.008772  -0.332840  -0.503053  0.797594  -0.046355  0.017888  -0.015743  0.192979  0.275283  -0.838572  1.000000  
112.456055 0.026180  -0.025384  0.006769  0.429062  0.672301  0.603256  -0.839516  0.543271  -0.008349  -0.333344  -0.502861  0.797504  -0.046756  0.018418  -0.015882  0.198221  0.273898  -0.870014  1.000000  
112.457298 0.026117  -0.025356  0.006748  0.430322  0.671367  0.603398  -0.838570  0.544734  -0.008057  -0.334101  -0.502524  0.797399  -0.047262  0.019091  -0.016074  0.206036  0.272179  -0.909749  1.000000  
112.458551 0.026053  -0.025328  0.006726  0.431579  0.670431  0.603541  -0.837621  0.546196  -0.007765  -0.334858  -0.502188  0.797294  -0.047807  0.019603  -0.016339  0.207398  0.263144  -0.946123  1.000000  
112.459798 0.025986  -0.025300  0.006704  0.433027  0.669483  0.603556  -0.836621  0.547733  -0.007320  -0.335488  -0.501778  0.797287  -0.048380  0.019983  -0.016482  0.211635  0.266379  -0.980728  1.000000  
112.461048 0.025921  -0.025272  0.006682  0.434432  0.668397  0.603751  -0.835538  0.549388  -0.006997  -0.336370  -0.501417  0.797142  -0.048889  0.020452  -0.016575  0.219433  0.257018  -1.024698  1.000000  
112.462048 0.025869  -0.025248  0.006665  0.435531  0.667595  0.603845  -0.834712  0.550646  -0.006733  -0.337000  -0.501104  0.797073  -0.049387  0.020762  -0.016667  0.224993  0.255596  -1.056436  1.000000  
112.463051 0.025817  -0.025223  0.006648  0.436821  0.666710  0.603892  -0.833833  0.551981  -0.006251  -0.337504  -0.500815  0.797042  -0.049928  0.021166  -0.016514  0.228578  0.261278  -1.090493  1.000000  
112.464055 0.025765  -0.025199  0.006631  0.437917  0.665978  0.603906  -0.833003  0.553235  -0.006054  -0.338134  -0.500404  0.797033  -0.050470  0.021541  -0.016431  0.229631  0.258302  -1.125491  1.000000  
112.465055 0.025711  -0.025175  0.006616  0.438840  0.665284  0.604000  -0.832261  0.554352  -0.005914  -0.338763  -0.500091  0.796962  -0.051003  0.021878  -0.016295  0.228756  0.249526  -1.153955  1.000000  
112.466302 0.025642  -0.025146  0.006596  0.440062  0.664444  0.604036  -0.831256  0.555858  -0.005848  -0.339644  -0.499535  0.796936  -0.051550  0.022235  -0.016275  0.224109  0.236746  -1.185124  1.000000  
112.467551 0.025576  -0.025115  0.006576  0.441131  0.663674  0.604102  -0.830380  0.557167  -0.005745  -0.340399  -0.499100  0.796886  -0.051851  0.022713  -0.016338  0.216986  0.224318  -1.207793  1.000000  
112.468799 0.025509  -0.025083  0.006555  0.442519  0.662714  0.604142  -0.829280  0.558806  -0.005556  -0.341280  -0.498544  0.796857  -0.052201  0.023156  -0.016491  0.216944  0.218384  -1.249645  1.000000  
112.470053 0.025443  -0.025049  0.006534  0.444096  0.661666  0.604133  -0.828125  0.560519  -0.005147  -0.342034  -0.498012  0.796867  -0.052564  0.023720  -0.016723  0.213327  0.217982  -1.283956  1.000000  
112.471298 0.025375  -0.025017  0.006513  0.445477  0.660699  0.604175  -0.827019  0.562152  -0.004958  -0.342914  -0.497456  0.796836  -0.052910  0.024152  -0.016825  0.211206  0.216100  -1.315095  1.000000  
112.472298 0.025319  -0.024990  0.006495  0.446537  0.659918  0.604246  -0.826134  0.563453  -0.004855  -0.343668  -0.497020  0.796783  -0.053178  0.024381  -0.016840  0.203738  0.205789  -1.341060  1.000000  
112.473304 0.025264  -0.024964  0.006479  0.447596  0.659135  0.604317  -0.825246  0.564753  -0.004752  -0.344422  -0.496584  0.796730  -0.053473  0.024696  -0.016742  0.200869  0.197003  -1.361229  1.000000  
112.474548 0.025194  -0.024929  0.006459  0.449309  0.657852  0.604444  -0.823947  0.566651  -0.004244  -0.345301  -0.496123  0.796636  -0.053706  0.025166  -0.016609  0.205790  0.196673  -1.394679  1.000000  
112.475548 0.025138  -0.024902  0.006444  0.450532  0.657020  0.604439  -0.822963  0.568081  -0.004085  -0.346054  -0.495590  0.796641  -0.054003  0.025411  -0.016411  0.200744  0.193250  -1.424417  1.000000  
112.476798 0.025067  -0.024867  0.006425  0.452069  0.655918  0.604487  -0.821749  0.569837  -0.003771  -0.346933  -0.495032  0.796606  -0.054353  0.025722  -0.016267  0.199359  0.189357  -1.451730  1.000000  
112.478048 0.024996  -0.024833  0.006406  0.453602  0.654813  0.604537  -0.820532  0.571590  -0.003457  -0.347811  -0.494474  0.796570  -0.054781  0.026031  -0.016162  0.199209  0.183893  -1.477896  1.000000  
112.479048 0.024939  -0.024804  0.006390  0.454817  0.653898  0.604614  -0.819539  0.573014  -0.003229  -0.348564  -0.494037  0.796512  -0.055099  0.026294  -0.016085  0.196529  0.178833  -1.495228  1.000000  
112.480057 0.024880  -0.024777  0.006374  0.456199  0.652862  0.604693  -0.818450  0.574570  -0.002876  -0.349316  -0.493599  0.796453  -0.055310  0.026545  -0.016076  0.197238  0.171698  -1.519908  1.000000  
112.481319 0.024808  -0.024743  0.006352  0.457891  0.651700  0.604667  -0.817129  0.576449  -0.002507  -0.350193  -0.492944  0.796474  -0.055571  0.026864  -0.016238  0.199444  0.173050  -1.548183  1.000000  
112.482551 0.024736  -0.024708  0.006330  0.459724  0.650309  0.604775  -0.815669  0.578516  -0.002036  -0.351196  -0.492360  0.796394  -0.055989  0.027207  -0.016348  0.204336  0.174336  -1.585757  1.000000  
112.483553 0.024679  -0.024679  0.006313  0.461095  0.649335  0.604777  -0.814570  0.580063  -0.001753  -0.351947  -0.491825  0.796393  -0.056311  0.027415  -0.016406  0.197861  0.172979  -1.601751  1.000000  
112.484805 0.024605  -0.024642  0.006291  0.462775  0.648158  0.604756  -0.813237  0.581931  -0.001385  -0.352824  -0.491169  0.796410  -0.056752  0.027596  -0.016524  0.195445  0.167366  -1.619035  1.000000  
112.486049 0.024531  -0.024606  0.006269  0.464572  0.646792  0.604841  -0.811722  0.584043  -0.001077  -0.353950  -0.490462  0.796345  -0.057171  0.027828  -0.016499  0.190784  0.163338  -1.645028  1.000000  
112.487299 0.024456  -0.024570  0.006250  0.466220  0.645573  0.604876  -0.810339  0.585961  -0.000802  -0.354951  -0.489781  0.796319  -0.057614  0.028073  -0.016307  0.190447  0.166617  -1.671369  1.000000  
112.488548 0.024381  -0.024533  0.006232  0.468006  0.644195  0.604966  -0.808814  0.588064  -0.000494  -0.356077  -0.489073  0.796251  -0.057963  0.028265  -0.016218  0.185986  0.166254  -1.694154  1.000000  
112.489798 0.024304  -0.024496  0.006214  0.469786  0.642811  0.605057  -0.807284  0.590163  -0.000186  -0.357202  -0.488366  0.796182  -0.058625  0.028506  -0.016130  0.186451  0.160189  -1.719484  1.000000  
112.490798 0.024241  -0.024467  0.006199  0.471278  0.641658  0.605122  -0.806026  0.591880  0.000129  -0.358076  -0.487805  0.796133  -0.058854  0.028539  -0.016079  0.183726  0.164042  -1.739029  1.000000  
112.491798 0.024179  -0.024438  0.006183  0.472767  0.640500  0.605187  -0.804765  0.593594  0.000444  -0.358951  -0.487243  0.796083  -0.059250  0.028612  -0.016161  0.184056  0.165785  -1.759965  1.000000  
112.493048 0.024101  -0.024402  0.006164  0.474698  0.639052  0.605206  -0.803124  0.595812  0.000805  -0.360074  -0.486438  0.796068  -0.059680  0.028716  -0.016189  0.179707  0.161297  -1.784176  1.000000  
112.494298 0.024023  -0.024366  0.006143  0.476459  0.637646  0.605306  -0.801575  0.597893  0.001114  -0.361198  -0.485729  0.795992  -0.060134  0.028832  -0.016223  0.182821  0.162271  -1.812524  1.000000  
112.495548 0.023945  -0.024330  0.006122  0.478354  0.636077  0.605461  -0.799882  0.600156  0.001456  -0.362445  -0.484994  0.795873  -0.060498  0.028867  -0.016214  0.192701  0.166470  -1.846675  1.000000  
112.496552 0.023882  -0.024302  0.006105  0.479989  0.634850  0.605455  -0.798505  0.601985  0.001823  -0.363318  -0.484334  0.795877  -0.060844  0.028948  -0.016217  0.197340  0.176459  -1.886040  1.000000  
112.497553 0.023819  -0.024273  0.006089  0.481431  0.633635  0.605583  -0.797182  0.603736  0.002048  -0.364315  -0.483746  0.795779  -0.061130  0.028987  -0.016068  0.202021  0.174059  -1.908880  1.000000  
112.498556 0.023757  -0.024244  0.006072  0.483032  0.632365  0.605636  -0.795756  0.605613  0.002324  -0.365311  -0.483061  0.795739  -0.061447  0.028976  -0.015976  0.205237  0.178732  -1.934997  1.000000  
112.499801 0.023679  -0.024208  0.006053  0.485068  0.630721  0.605722  -0.793943  0.607987  0.002718  -0.366557  -0.482228  0.795671  -0.061793  0.028980  -0.015872  0.208822  0.175499  -1.966547  1.000000  
112.500801 0.023615  -0.024179  0.006037  0.486496  0.629565  0.605779  -0.792607  0.609725  0.002870  -0.367552  -0.481541  0.795628  -0.062107  0.028957  -0.015746  0.209666  0.176694  -1.986997  1.000000  
112.501805 0.023551  -0.024151  0.006021  0.487894  0.628372  0.605894  -0.791227  0.611516  0.002931  -0.368672  -0.480830  0.795540  -0.062344  0.028869  -0.015766  0.210601  0.170245  -2.012648  1.000000  
112.503048 0.023471  -0.024115  0.006000  0.489750  0.626909  0.605913  -0.789498  0.613745  0.003127  -0.369915  -0.479899  0.795525  -0.062699  0.028830  -0.015976  0.209353  0.172190  -2.037954  1.000000  
112.504055 0.023407  -0.024086  0.005982  0.491327  0.625540  0.606051  -0.788051  0.615600  0.003478  -0.370910  -0.479308  0.795418  -0.062821  0.028761  -0.016186  0.215345  0.171737  -2.061502  1.000000  
112.505298 0.023327  -0.024050  0.005960  0.493170  0.623991  0.606151  -0.786312  0.617818  0.003749  -0.372152  -0.478473  0.795341  -0.063040  0.028783  -0.016504  0.213296  0.167003  -2.075412  1.000000  
112.506298 0.023262  -0.024021  0.005942  0.494683  0.622617  0.606331  -0.784771  0.619774  0.003846  -0.373393  -0.477733  0.795203  -0.063200  0.028801  -0.016661  0.215762  0.162507  -2.102400  1.000000  
112.507298 0.023196  -0.023993  0.005922  0.496379  0.621217  0.606380  -0.783166  0.621799  0.004083  -0.374510  -0.476923  0.795165  -0.063463  0.028690  -0.016895  0.215290  0.159110  -2.133280  1.000000  
112.508549 0.023114  -0.023957  0.005900  0.498444  0.619363  0.606583  -0.781079  0.624417  0.004259  -0.376122  -0.475912  0.795009  -0.063723  0.028698  -0.017005  0.217150  0.152696  -2.169404  1.000000  
112.509798 0.023032  -0.023923  0.005878  0.500527  0.617608  0.606657  -0.779027  0.626974  0.004451  -0.377610  -0.474830  0.794951  -0.063950  0.028598  -0.017142  0.213557  0.148668  -2.199843  1.000000  
112.511048 0.022949  -0.023888  0.005857  0.502760  0.615715  0.606735  -0.776865  0.629650  0.004767  -0.379096  -0.473748  0.794890  -0.064325  0.028557  -0.017125  0.216438  0.143976  -2.238008  1.000000  
112.512055 0.022883  -0.023860  0.005840  0.504560  0.614123  0.606854  -0.775090  0.631830  0.005040  -0.380334  -0.472909  0.794798  -0.064505  0.028437  -0.017152  0.216627  0.140430  -2.269972  1.000000  
112.513299 0.022800  -0.023825  0.005817  0.506906  0.612120  0.606922  -0.772766  0.634669  0.005315  -0.381942  -0.471703  0.794743  -0.064884  0.028406  -0.017308  0.215631  0.131542  -2.309099  1.000000  
112.514305 0.022734  -0.023797  0.005799  0.508850  0.610456  0.606972  -0.770874  0.636963  0.005636  -0.383178  -0.470767  0.794703  -0.065080  0.028355  -0.017488  0.219345  0.132703  -2.348163  1.000000  
112.515554 0.022651  -0.023762  0.005774  0.510858  0.608697  0.607052  -0.768743  0.639533  0.005662  -0.384784  -0.469560  0.794642  -0.065346  0.028299  -0.017797  0.216188  0.124163  -2.380858  1.000000  
112.516802 0.022569  -0.023726  0.005749  0.513172  0.606737  0.607062  -0.766393  0.642345  0.005859  -0.386389  -0.468255  0.794633  -0.065475  0.028335  -0.018160  0.214171  0.122048  -2.424654  1.000000  
112.518051 0.022486  -0.023691  0.005722  0.515475  0.604840  0.607004  -0.764034  0.645148  0.005977  -0.387992  -0.466853  0.794676  -0.065714  0.028244  -0.018498  0.204866  0.118350  -2.456203  1.000000  
112.519299 0.022403  -0.023655  0.005697  0.517765  0.602859  0.607026  -0.761666  0.647941  0.006173  -0.389595  -0.465547  0.794658  -0.065886  0.028232  -0.018752  0.201513  0.118399  -2.496465  1.000000  
112.520303 0.022336  -0.023627  0.005676  0.519664  0.601227  0.607022  -0.759740  0.650196  0.006414  -0.390827  -0.464512  0.794659  -0.066059  0.028163  -0.018909  0.198064  0.117673  -2.524322  1.000000  
112.521548 0.022253  -0.023591  0.005651  0.522089  0.599092  0.607052  -0.757248  0.653093  0.006734  -0.392427  -0.463205  0.794633  -0.066184  0.028164  -0.019024  0.194004  0.115735  -2.560389  1.000000  
112.522798 0.022169  -0.023556  0.005627  0.524471  0.596983  0.607076  -0.754703  0.656031  0.006886  -0.394150  -0.461774  0.794614  -0.066310  0.028175  -0.019078  0.190166  0.109488  -2.598348  1.000000  
112.524051 0.022085  -0.023521  0.005603  0.527025  0.594688  0.607117  -0.752083  0.659028  0.007330  -0.395748  -0.460465  0.794579  -0.066434  0.028203  -0.019181  0.191496  0.113900  -2.644786  1.000000  
112.525298 0.022001  -0.023486  0.005579  0.529379  0.592482  0.607226  -0.749518  0.661941  0.007562  -0.397467  -0.459129  0.794494  -0.066560  0.028146  -0.019433  0.188036  0.111607  -2.680420  1.000000  
112.526300 0.021933  -0.023459  0.005559  0.531229  0.590879  0.607172  -0.747555  0.664155  0.007720  -0.398695  -0.457996  0.794533  -0.066677  0.028155  -0.019597  0.182353  0.106964  -2.703109  1.000000  
112.527548 0.021848  -0.023425  0.005535  0.533437  0.588824  0.607232  -0.745126  0.666876  0.007913  -0.400289  -0.456686  0.794485  -0.066842  0.028065  -0.019762  0.178308  0.106539  -2.729317  1.000000  
112.528549 0.021780  -0.023398  0.005513  0.535391  0.587033  0.607247  -0.742997  0.669246  0.008109  -0.401637  -0.455524  0.794471  -0.066951  0.028053  -0.020046  0.175751  0.104967  -2.757153  1.000000  
112.529552 0.021713  -0.023369  0.005493  0.537214  0.585481  0.607135  -0.741015  0.671439  0.008185  -0.402862  -0.454293  0.794556  -0.067011  0.028066  -0.020079  0.164157  0.102433  -2.778534  1.000000  
112.530798 0.021626  -0.023334  0.005468  0.539574  0.583442  0.607005  -0.738496  0.674206  0.008423  -0.404331  -0.452815  0.794654  -0.067268  0.028006  -0.020100  0.158983  0.108371  -2.807380  1.000000  
112.531810 0.021557  -0.023305  0.005449  0.541380  0.581875  0.606902  -0.736501  0.676383  0.008496  -0.405555  -0.451584  0.794731  -0.067418  0.028008  -0.019979  0.154208  0.112673  -2.831703  1.000000  
112.533054 0.021470  -0.023269  0.005425  0.543749  0.579852  0.606719  -0.734009  0.679082  0.008817  -0.406900  -0.450132  0.794867  -0.067736  0.028134  -0.019783  0.146757  0.121076  -2.860789  1.000000  
112.534302 0.021382  -0.023232  0.005402  0.545773  0.578138  0.606539  -0.731690  0.681582  0.008718  -0.408366  -0.448556  0.795006  -0.068091  0.028236  -0.019610  0.130080  0.118872  -2.880889  1.000000  
112.535548 0.021292  -0.023195  0.005379  0.548119  0.576168  0.606297  -0.729181  0.684262  0.008952  -0.409709  -0.447007  0.795188  -0.068551  0.028318  -0.019462  0.116161  0.127580  -2.901910  1.000000  
112.536552 0.021220  -0.023164  0.005361  0.549887  0.574569  0.606214  -0.727160  0.686409  0.009018  -0.410929  -0.445774  0.795250  -0.068831  0.028493  -0.019315  0.107202  0.129932  -2.919260  1.000000  
112.537799 0.021130  -0.023126  0.005339  0.551763  0.573005  0.605989  -0.724977  0.688716  0.008873  -0.412270  -0.444224  0.795424  -0.069280  0.028623  -0.019171  0.086752  0.129446  -2.916109  1.000000  
112.539048 0.021039  -0.023088  0.005316  0.553629  0.571434  0.605770  -0.722787  0.691016  0.008726  -0.413611  -0.442673  0.795592  -0.069759  0.028880  -0.019149  0.069665  0.133684  -2.906880  1.000000  
112.540050 0.020965  -0.023058  0.005297  0.555257  0.569993  0.605638  -0.720907  0.692976  0.008747  -0.414707  -0.441466  0.795692  -0.070265  0.029057  -0.019085  0.060258  0.136150  -2.912153  1.000000  
112.541298 0.020871  -0.023019  0.005275  0.557106  0.568408  0.605430  -0.718706  0.695261  0.008596  -0.416046  -0.439915  0.795852  -0.070751  0.029337  -0.018950  0.038360  0.129161  -2.897766  1.000000  
112.542548 0.020778  -0.022980  0.005253  0.558980  0.566851  0.605162  -0.716543  0.697491  0.008526  -0.417262  -0.438391  0.796057  -0.071296  0.029661  -0.018780  0.020488  0.129833  -2.878731  1.000000  
112.543548 0.020703  -0.022949  0.005236  0.560473  0.565571  0.604979  -0.714808  0.699269  0.008503  -0.418234  -0.437209  0.796196  -0.071794  0.029921  -0.018501  0.008165  0.127976  -2.867058  1.000000  
112.544798 0.020608  -0.022909  0.005216  0.562330  0.564001  0.604721  -0.712634  0.701486  0.008429  -0.419449  -0.435684  0.796393  -0.072494  0.030241  -0.018171  -0.006837  0.131834  -2.854225  1.000000  
112.546048 0.020514  -0.022866  0.005197  0.564033  0.562641  0.604402  -0.710570  0.703580  0.008143  -0.420664  -0.434063  0.796638  -0.073032  0.030706  -0.017721  -0.028672  0.132421  -2.835213  1.000000  
112.547049 0.020436  -0.022833  0.005183  0.565359  0.561637  0.604097  -0.708938  0.705227  0.007818  -0.421634  -0.432687  0.796873  -0.073624  0.031044  -0.017396  -0.050119  0.126779  -2.813068  1.000000  
112.548056 0.020358  -0.022798  0.005168  0.566826  0.560483  0.603794  -0.707187  0.706986  0.007616  -0.422605  -0.431312  0.797104  -0.074164  0.031399  -0.017125  -0.062120  0.134088  -2.799391  1.000000  
112.549301 0.020261  -0.022753  0.005149  0.568652  0.558960  0.603488  -0.704992  0.709176  0.007447  -0.423817  -0.429689  0.797337  -0.074726  0.031924  -0.016809  -0.083203  0.127770  -2.777714  1.000000  
112.550304 0.020183  -0.022717  0.005135  0.569961  0.558015  0.603128  -0.703350  0.710809  0.007030  -0.424786  -0.428217  0.797613  -0.075129  0.032398  -0.016539  -0.109056  0.122134  -2.755492  1.000000  
112.551552 0.020087  -0.022669  0.005116  0.571626  0.556700  0.602767  -0.701263  0.712872  0.006644  -0.425997  -0.426496  0.797889  -0.075557  0.033005  -0.016317  -0.136982  0.116577  -2.725534  1.000000  
112.552798 0.019988  -0.022621  0.005099  0.573319  0.555414  0.602345  -0.699215  0.714883  0.006338  -0.427086  -0.424803  0.798211  -0.076129  0.033709  -0.016020  -0.156725  0.122635  -2.695684  1.000000  
112.553799 0.019909  -0.022581  0.005084  0.574610  0.554382  0.602066  -0.697562  0.716499  0.006000  -0.428054  -0.423426  0.798424  -0.076582  0.034289  -0.015775  -0.185620  0.114457  -2.662301  1.000000  
112.555049 0.019810  -0.022532  0.005066  0.576289  0.553085  0.601654  -0.695505  0.718498  0.005687  -0.429142  -0.421731  0.798736  -0.077003  0.035049  -0.015396  -0.213776  0.117073  -2.627876  1.000000  
112.556050 0.019730  -0.022491  0.005053  0.577711  0.551822  0.601450  -0.693726  0.720217  0.005556  -0.430109  -0.420451  0.798891  -0.077374  0.035779  -0.015056  -0.224841  0.115055  -2.611598  1.000000  
112.557298 0.019631  -0.022440  0.005036  0.579518  0.550292  0.601114  -0.691542  0.722316  0.005450  -0.431195  -0.418853  0.799145  -0.077781  0.036601  -0.014701  -0.243458  0.120188  -2.590662  1.000000  
112.558551 0.019530  -0.022389  0.005021  0.581099  0.548978  0.600789  -0.689382  0.724381  0.004877  -0.432523  -0.417007  0.799393  -0.078178  0.037360  -0.014310  -0.267561  0.110761  -2.562733  1.000000  
112.559798 0.019430  -0.022337  0.005006  0.582850  0.547544  0.600401  -0.687143  0.726509  0.004507  -0.433729  -0.415188  0.799686  -0.078556  0.038106  -0.013990  -0.287777  0.108330  -2.546544  1.000000  
112.560799 0.019348  -0.022295  0.004994  0.584103  0.546483  0.600150  -0.685467  0.728092  0.004156  -0.434693  -0.413810  0.799877  -0.079009  0.038726  -0.013768  -0.310162  0.100512  -2.511360  1.000000  
112.562048 0.019247  -0.022241  0.004978  0.585800  0.545001  0.599843  -0.683174  0.730246  0.003698  -0.436018  -0.411964  0.800109  -0.079282  0.039443  -0.013648  -0.326034  0.090238  -2.499802  1.000000  
112.563050 0.019165  -0.022198  0.004966  0.587181  0.543926  0.599469  -0.681371  0.731931  0.003289  -0.436981  -0.410391  0.800392  -0.079573  0.040052  -0.013495  -0.345406  0.084037  -2.485456  1.000000  
112.564301 0.019063  -0.022142  0.004950  0.588721  0.542655  0.599110  -0.679189  0.733959  0.002613  -0.438304  -0.408447  0.800662  -0.079963  0.040796  -0.013316  -0.363922  0.076790  -2.470830  1.000000  
112.565302 0.018981  -0.022096  0.004938  0.589910  0.541614  0.598882  -0.677455  0.735561  0.002083  -0.439386  -0.406945  0.800834  -0.080183  0.041353  -0.013120  -0.384533  0.060065  -2.447233  1.000000  
112.566553 0.018877  -0.022038  0.004925  0.591295  0.540557  0.598472  -0.675387  0.737463  0.001189  -0.440708  -0.404903  0.801143  -0.080679  0.042129  -0.012742  -0.413351  0.046911  -2.421757  1.000000  
112.567801 0.018772  -0.021979  0.004911  0.592770  0.539235  0.598205  -0.673148  0.739508  0.000424  -0.442149  -0.402932  0.801343  -0.081079  0.042879  -0.012472  -0.429279  0.034867  -2.416986  1.000000  
112.569123 0.018667  -0.021919  0.004898  0.594098  0.537986  0.598011  -0.671027  0.741433  -0.000377  -0.443588  -0.401058  0.801487  -0.081111  0.043378  -0.012056  -0.442923  0.023954  -2.398757  1.000000  
112.570299 0.018560  -0.021858  0.004885  0.595516  0.536690  0.597766  -0.668734  0.743500  -0.001317  -0.445146  -0.398963  0.801669  -0.081932  0.044361  -0.011790  -0.471023  0.005106  -2.396553  1.000000  
112.571549 0.018454  -0.021797  0.004875  0.597003  0.535386  0.597452  -0.666526  0.745479  -0.002010  -0.446464  -0.397018  0.801902  -0.082483  0.045057  -0.011434  -0.487345  -0.006794  -2.391924  1.000000  
112.572798 0.018345  -0.021736  0.004862  0.598304  0.534268  0.597151  -0.664393  0.747378  -0.002999  -0.447900  -0.394949  0.802123  -0.083054  0.045626  -0.011185  -0.510607  -0.025722  -2.383694  1.000000  
112.574048 0.018235  -0.021675  0.004852  0.599774  0.532953  0.596852  -0.662176  0.749339  -0.003698  -0.449215  -0.393003  0.802343  -0.083788  0.046303  -0.010747  -0.526128  -0.036145  -2.380248  1.000000  
112.575298 0.018123  -0.021613  0.004841  0.601057  0.531608  0.596761  -0.660034  0.751222  -0.004419  -0.450649  -0.391226  0.802407  -0.084416  0.046869  -0.010594  -0.530971  -0.053291  -2.376121  1.000000  
112.576298 0.018033  -0.021563  0.004832  0.602184  0.530601  0.596521  -0.658271  0.752764  -0.005059  -0.451724  -0.389626  0.802582  -0.085035  0.047413  -0.010313  -0.543903  -0.064273  -2.371777  1.000000  
112.577363 0.017943  -0.021514  0.004824  0.603398  0.529328  0.596424  -0.656336  0.754449  -0.005565  -0.452917  -0.388096  0.802650  -0.085289  0.047616  -0.010050  -0.541296  -0.073430  -2.375210  1.000000  
112.578548 0.017829  -0.021451  0.004813  0.604700  0.528150  0.596151  -0.654228  0.756270  -0.006396  -0.454229  -0.386151  0.802847  -0.086316  0.048348  -0.009703  -0.556549  -0.086673  -2.370797  1.000000  
112.579551 0.017737  -0.021401  0.004807  0.605766  0.527025  0.596064  -0.652411  0.757833  -0.007028  -0.455420  -0.384622  0.802906  -0.086998  0.048684  -0.009318  -0.558314  -0.103482  -2.366845  1.000000  
112.580798 0.017621  -0.021337  0.004797  0.606876  0.526033  0.595812  -0.650377  0.759568  -0.008156  -0.456849  -0.382553  0.803083  -0.087911  0.049048  -0.009019  -0.572581  -0.120718  -2.361105  1.000000  
112.581805 0.017528  -0.021286  0.004791  0.607837  0.525165  0.595597  -0.648724  0.760971  -0.008927  -0.457920  -0.380952  0.803234  -0.088658  0.049354  -0.008620  -0.582556  -0.133579  -2.353772  1.000000  
112.583055 0.017411  -0.021222  0.004782  0.609066  0.524008  0.595360  -0.646559  0.762799  -0.009936  -0.459347  -0.378884  0.803397  -0.089423  0.049714  -0.008370  -0.591786  -0.150950  -2.357779  1.000000  
112.584059 0.017317  -0.021169  0.004774  0.610015  0.523207  0.595093  -0.644902  0.764189  -0.010804  -0.460416  -0.377186  0.803584  -0.090375  0.050180  -0.008289  -0.607710  -0.164849  -2.346885  1.000000  
112.585302 0.017199  -0.021104  0.004763  0.611097  0.522128  0.594931  -0.642856  0.765895  -0.011848  -0.461841  -0.375215  0.803689  -0.090830  0.050298  -0.008151  -0.619317  -0.187661  -2.340715  1.000000  
112.586558 0.017080  -0.021039  0.004753  0.612302  0.520960  0.594716  -0.640681  0.767699  -0.012864  -0.463264  -0.373147  0.803833  -0.091584  0.050528  -0.008065  -0.638843  -0.210362  -2.333472  1.000000  
112.587799 0.016959  -0.020974  0.004742  0.613367  0.519947  0.594506  -0.638630  0.769387  -0.014005  -0.464687  -0.371079  0.803970  -0.092420  0.050798  -0.008044  -0.657503  -0.228005  -2.317702  1.000000  
112.589048 0.016838  -0.020909  0.004733  0.614555  0.518771  0.594306  -0.636448  0.771173  -0.015026  -0.466108  -0.369011  0.804099  -0.093088  0.051071  -0.007988  -0.667493  -0.241498  -2.315740  1.000000  
112.590048 0.016742  -0.020856  0.004725  0.615342  0.517969  0.594190  -0.634905  0.772428  -0.015838  -0.467173  -0.367509  0.804168  -0.093633  0.051317  -0.007882  -0.673952  -0.257690  -2.303863  1.000000  
112.591298 0.016621  -0.020790  0.004716  0.616645  0.516555  0.594071  -0.632591  0.774307  -0.016646  -0.468592  -0.365539  0.804241  -0.094133  0.051578  -0.007718  -0.678287  -0.273727  -2.300441  1.000000  
