1-Time 2-Px 3-Py 4-Pz 5-R11 6-R21 7-R31 8-R12 9-R22 10-R32 11-R13 12-R23 13-R33 14-Vx 15-Vy 16-Vz 17-Wx 18-Wy 19-Wz 20-state
175.511520 0.019010  -0.024572  -0.006818  0.592120  0.151689  0.791445  -0.637188  0.689387  0.344584  -0.493342  -0.708334  0.504854  -0.002255  -0.000451  -0.001105  0.000000  0.000000  0.000000  1.000000  
175.512576 0.019010  -0.024572  -0.006817  0.592120  0.151689  0.791445  -0.637188  0.689387  0.344584  -0.493342  -0.708334  0.504854  -0.000430  -0.000965  0.000581  0.000000  0.000000  0.000000  1.000000  
175.513582 0.019006  -0.024568  -0.006815  0.592120  0.151593  0.791463  -0.637188  0.689345  0.344667  -0.493342  -0.708395  0.504768  -0.002361  0.001874  0.001776  0.000000  0.000000  0.000000  1.000000  
175.514824 0.019000  -0.024559  -0.006807  0.592120  0.151593  0.791463  -0.637188  0.689345  0.344667  -0.493342  -0.708395  0.504768  -0.003456  0.004303  0.003530  0.000000  0.000000  0.000000  1.000000  
175.516069 0.018994  -0.024551  -0.006801  0.592120  0.151689  0.791445  -0.637188  0.689387  0.344584  -0.493342  -0.708334  0.504854  -0.003914  0.004828  0.003850  0.000000  0.000000  0.000000  1.000000  
175.517318 0.018987  -0.024546  -0.006796  0.592120  0.151785  0.791426  -0.637188  0.689428  0.344500  -0.493342  -0.708272  0.504939  -0.004265  0.004644  0.003947  0.000000  0.000000  0.000000  1.000000  
175.518326 0.018979  -0.024539  -0.006791  0.592120  0.151785  0.791426  -0.637188  0.689428  0.344500  -0.493342  -0.708272  0.504939  -0.004799  0.005019  0.004095  0.000000  0.000000  0.000000  1.000000  
175.519565 0.018968  -0.024527  -0.006789  0.592120  0.151881  0.791408  -0.637188  0.689470  0.344416  -0.493342  -0.708211  0.505025  -0.005497  0.005778  0.003706  0.000000  0.000000  0.000000  1.000000  
175.520566 0.018956  -0.024517  -0.006789  0.591988  0.152023  0.791479  -0.637310  0.689439  0.344254  -0.493342  -0.708211  0.505025  -0.006169  0.006266  0.003320  0.000000  0.000000  0.000000  1.000000  
175.521569 0.018944  -0.024508  -0.006788  0.592033  0.152087  0.791433  -0.637358  0.689369  0.344303  -0.493226  -0.708265  0.505064  -0.006747  0.006484  0.003015  0.000000  0.000000  0.000000  1.000000  
175.522817 0.018931  -0.024498  -0.006785  0.592033  0.152087  0.791433  -0.637358  0.689369  0.344303  -0.493226  -0.708265  0.505064  -0.007229  0.006691  0.002944  0.000000  0.000000  0.000000  1.000000  
175.523818 0.018921  -0.024488  -0.006783  0.592033  0.152087  0.791433  -0.637358  0.689369  0.344303  -0.493226  -0.708265  0.505064  -0.007428  0.006985  0.002937  0.000000  0.000000  0.000000  1.000000  
175.525068 0.018908  -0.024475  -0.006778  0.592033  0.152087  0.791433  -0.637358  0.689369  0.344303  -0.493226  -0.708265  0.505064  -0.007679  0.007334  0.003012  0.000000  0.000000  0.000000  1.000000  
175.526319 0.018894  -0.024460  -0.006773  0.592033  0.152087  0.791433  -0.637358  0.689369  0.344303  -0.493226  -0.708265  0.505064  -0.008041  0.007716  0.003108  0.000000  0.000000  0.000000  1.000000  
175.527327 0.018881  -0.024447  -0.006766  0.592033  0.151991  0.791451  -0.637358  0.689328  0.344387  -0.493226  -0.708326  0.504978  -0.008718  0.008516  0.003455  0.000000  0.000000  0.000000  1.000000  
175.528569 0.018866  -0.024428  -0.006758  0.592033  0.151895  0.791470  -0.637358  0.689286  0.344470  -0.493226  -0.708387  0.504892  -0.009313  0.009367  0.003794  0.000000  0.000000  0.000000  1.000000  
175.529571 0.018856  -0.024412  -0.006753  0.592033  0.151895  0.791470  -0.637358  0.689286  0.344470  -0.493226  -0.708387  0.504892  -0.009743  0.009966  0.003690  0.000000  0.000000  0.000000  1.000000  
175.530818 0.018841  -0.024393  -0.006748  0.592164  0.151753  0.791399  -0.637236  0.689317  0.344633  -0.493226  -0.708387  0.504892  -0.010237  0.010644  0.003648  0.000000  0.000000  0.000000  1.000000  
175.532070 0.018825  -0.024373  -0.006745  0.592164  0.151753  0.791399  -0.637236  0.689317  0.344633  -0.493226  -0.708387  0.504892  -0.010992  0.011740  0.003495  0.000000  0.000000  0.000000  1.000000  
175.533318 0.018806  -0.024352  -0.006739  0.592296  0.151707  0.791310  -0.637114  0.689390  0.344713  -0.493226  -0.708326  0.504978  -0.011561  0.012492  0.003462  0.000000  0.000000  0.000000  1.000000  
175.534564 0.018787  -0.024330  -0.006731  0.592382  0.151501  0.791285  -0.636944  0.689491  0.344826  -0.493342  -0.708272  0.504939  -0.012051  0.013145  0.003874  0.000000  0.000000  0.000000  1.000000  
175.535567 0.018772  -0.024313  -0.006724  0.592382  0.151597  0.791266  -0.636944  0.689533  0.344742  -0.493342  -0.708211  0.505025  -0.012305  0.013696  0.004404  0.000000  0.000000  0.000000  1.000000  
175.536814 0.018753  -0.024292  -0.006712  0.592513  0.151551  0.791177  -0.636822  0.689606  0.344822  -0.493342  -0.708150  0.505111  -0.012544  0.014276  0.005058  0.000000  0.000000  0.000000  1.000000  
175.537814 0.018739  -0.024276  -0.006700  0.592644  0.151409  0.791106  -0.636700  0.689637  0.344984  -0.493342  -0.708150  0.505111  -0.012759  0.014841  0.005721  0.000000  0.000000  0.000000  1.000000  
175.538815 0.018725  -0.024257  -0.006688  0.592820  0.151428  0.790970  -0.636626  0.689641  0.345113  -0.493226  -0.708142  0.505235  -0.013075  0.015373  0.006329  0.000000  0.000000  0.000000  1.000000  
175.540067 0.018708  -0.024233  -0.006675  0.592951  0.151286  0.790899  -0.636504  0.689672  0.345276  -0.493226  -0.708142  0.505235  -0.013368  0.016096  0.006850  0.000000  0.000000  0.000000  1.000000  
175.541315 0.018691  -0.024209  -0.006665  0.593082  0.151144  0.790828  -0.636382  0.689703  0.345439  -0.493226  -0.708142  0.505235  -0.013516  0.016740  0.007169  0.000000  0.000000  0.000000  1.000000  
175.542318 0.018677  -0.024191  -0.006658  0.593344  0.150860  0.790686  -0.636138  0.689765  0.345764  -0.493226  -0.708142  0.505235  -0.013627  0.017070  0.007259  0.000000  0.000000  0.000000  1.000000  
175.543564 0.018660  -0.024168  -0.006650  0.593430  0.150653  0.790661  -0.635967  0.689865  0.345878  -0.493342  -0.708089  0.505197  -0.013755  0.017349  0.007204  0.000000  0.000000  0.000000  1.000000  
175.544565 0.018646  -0.024149  -0.006643  0.593561  0.150415  0.790608  -0.635845  0.689854  0.346124  -0.493342  -0.708150  0.505111  -0.014028  0.017498  0.007326  0.000000  0.000000  0.000000  1.000000  
175.545839 0.018626  -0.024127  -0.006636  0.593823  0.150131  0.790465  -0.635601  0.689916  0.346450  -0.493342  -0.708150  0.505111  -0.014393  0.017709  0.007526  0.000000  0.000000  0.000000  1.000000  
175.547068 0.018604  -0.024107  -0.006629  0.594039  0.149782  0.790369  -0.635308  0.690047  0.346726  -0.493458  -0.708096  0.505073  -0.014737  0.017753  0.007714  0.000000  0.000000  0.000000  1.000000  
175.548074 0.018585  -0.024091  -0.006623  0.594301  0.149498  0.790226  -0.635063  0.690109  0.347051  -0.493458  -0.708096  0.505073  -0.014923  0.017697  0.007896  0.000000  0.000000  0.000000  1.000000  
175.549318 0.018562  -0.024070  -0.006612  0.594562  0.149214  0.790083  -0.634819  0.690170  0.347376  -0.493458  -0.708096  0.505073  -0.015234  0.017596  0.008079  0.000000  0.000000  0.000000  1.000000  
175.550565 0.018540  -0.024048  -0.006600  0.594824  0.148930  0.789940  -0.634574  0.690232  0.347702  -0.493458  -0.708096  0.505073  -0.015486  0.017695  0.008303  0.000000  0.000000  0.000000  1.000000  
175.551567 0.018521  -0.024030  -0.006590  0.594909  0.148723  0.789914  -0.634403  0.690331  0.347815  -0.493575  -0.708042  0.505035  -0.015756  0.017793  0.008296  0.000000  0.000000  0.000000  1.000000  
175.552636 0.018503  -0.024012  -0.006581  0.595170  0.148534  0.789753  -0.634158  0.690435  0.348057  -0.493575  -0.707981  0.505120  -0.015929  0.017767  0.008004  0.077026  0.114407  -0.098139  1.000000  
175.553814 0.018483  -0.023988  -0.006571  0.595386  0.148185  0.789656  -0.633865  0.690565  0.348332  -0.493691  -0.707927  0.505082  -0.016131  0.017981  0.007749  0.083354  0.120855  -0.108119  1.000000  
175.554814 0.018468  -0.023966  -0.006565  0.595647  0.147997  0.789495  -0.633620  0.690668  0.348574  -0.493691  -0.707866  0.505168  -0.016276  0.018090  0.007442  0.086082  0.130565  -0.115058  1.000000  
175.556067 0.018447  -0.023940  -0.006559  0.595732  0.147885  0.789451  -0.633449  0.690810  0.348603  -0.493807  -0.707751  0.505215  -0.016510  0.018205  0.007214  0.085431  0.132811  -0.122151  1.000000  
175.557068 0.018431  -0.023919  -0.006552  0.595863  0.147743  0.789379  -0.633326  0.690840  0.348766  -0.493807  -0.707751  0.505215  -0.016668  0.018448  0.007190  0.084773  0.137675  -0.125607  1.000000  
175.558315 0.018408  -0.023895  -0.006540  0.596123  0.147554  0.789218  -0.633081  0.690943  0.349007  -0.493807  -0.707690  0.505301  -0.017070  0.018512  0.007461  0.083473  0.147417  -0.132560  1.000000  
175.559315 0.018390  -0.023876  -0.006531  0.596339  0.147301  0.789103  -0.632787  0.691115  0.349199  -0.493924  -0.707575  0.505349  -0.017335  0.018507  0.007584  0.086209  0.154514  -0.143115  1.000000  
175.560564 0.018366  -0.023853  -0.006519  0.596469  0.147158  0.789031  -0.632664  0.691146  0.349361  -0.493924  -0.707575  0.505349  -0.017620  0.018589  0.007922  0.086218  0.154530  -0.143130  1.000000  
175.561565 0.018347  -0.023834  -0.006511  0.596599  0.147112  0.788941  -0.632542  0.691218  0.349440  -0.493924  -0.707513  0.505435  -0.017701  0.018746  0.008049  0.085565  0.159388  -0.146613  1.000000  
175.562568 0.018326  -0.023815  -0.006504  0.596684  0.146904  0.788915  -0.632371  0.691318  0.349553  -0.494040  -0.707460  0.505396  -0.017850  0.018903  0.008162  0.090354  0.158059  -0.151474  1.000000  
175.563570 0.018306  -0.023796  -0.006497  0.596769  0.146793  0.788872  -0.632200  0.691459  0.349582  -0.494156  -0.707345  0.505443  -0.018000  0.019139  0.008092  0.089732  0.162951  -0.154985  1.000000  
175.564572 0.018287  -0.023777  -0.006491  0.596899  0.146650  0.788800  -0.632077  0.691489  0.349745  -0.494156  -0.707345  0.505443  -0.018054  0.019277  0.007831  0.089709  0.162909  -0.154946  1.000000  
175.565817 0.018264  -0.023752  -0.006485  0.596938  0.146474  0.788803  -0.631858  0.691699  0.349725  -0.494389  -0.707176  0.505452  -0.018053  0.019427  0.007427  0.093187  0.162601  -0.165826  1.000000  
175.566818 0.018248  -0.023730  -0.006482  0.597068  0.146331  0.788731  -0.631735  0.691730  0.349887  -0.494389  -0.707176  0.505452  -0.017937  0.019680  0.006991  0.097232  0.162538  -0.165781  1.000000  
175.568071 0.018227  -0.023702  -0.006479  0.597237  0.146012  0.788662  -0.631393  0.691970  0.350030  -0.494622  -0.707007  0.505461  -0.017911  0.020025  0.006494  0.096601  0.162177  -0.176589  1.000000  
175.569314 0.018206  -0.023673  -0.006476  0.597322  0.145900  0.788619  -0.631222  0.692111  0.350059  -0.494738  -0.706892  0.505508  -0.017976  0.020320  0.006180  0.095818  0.155657  -0.182436  1.000000  
175.570315 0.018189  -0.023650  -0.006470  0.597406  0.145789  0.788576  -0.631051  0.692252  0.350089  -0.494854  -0.706776  0.505556  -0.018083  0.020417  0.006147  0.089141  0.149433  -0.184131  1.000000  
175.571565 0.018168  -0.023620  -0.006462  0.597620  0.145534  0.788460  -0.630757  0.692423  0.350280  -0.494970  -0.706661  0.505603  -0.018062  0.020603  0.006230  0.087767  0.150442  -0.189711  1.000000  
175.572565 0.018151  -0.023598  -0.006454  0.597835  0.145280  0.788345  -0.630463  0.692594  0.350472  -0.495087  -0.706546  0.505650  -0.018036  0.020746  0.006152  0.087873  0.156565  -0.194790  1.000000  
175.573815 0.018129  -0.023571  -0.006442  0.598048  0.145121  0.788212  -0.630168  0.692808  0.350579  -0.495203  -0.706369  0.505783  -0.017973  0.021037  0.006178  0.082475  0.157514  -0.200308  1.000000  
175.575069 0.018107  -0.023542  -0.006432  0.598217  0.144896  0.788126  -0.629826  0.693089  0.350637  -0.495435  -0.706139  0.505877  -0.017950  0.021405  0.006140  0.070945  0.153530  -0.209243  1.000000  
175.576072 0.018089  -0.023517  -0.006426  0.598430  0.144737  0.787993  -0.629531  0.693303  0.350745  -0.495552  -0.705962  0.506010  -0.017807  0.021799  0.005911  0.062822  0.150913  -0.212959  1.000000  
175.577315 0.018067  -0.023487  -0.006419  0.598598  0.144512  0.787907  -0.629189  0.693584  0.350803  -0.495784  -0.705732  0.506104  -0.017586  0.022287  0.005733  0.057653  0.151859  -0.218276  1.000000  
175.578565 0.018045  -0.023457  -0.006412  0.598895  0.144145  0.787748  -0.628723  0.693895  0.351023  -0.496016  -0.705501  0.506197  -0.017398  0.022592  0.005641  0.052999  0.151488  -0.229024  1.000000  
175.579571 0.018029  -0.023432  -0.006407  0.599062  0.143920  0.787662  -0.628380  0.694176  0.351081  -0.496249  -0.705270  0.506291  -0.017173  0.022986  0.005605  0.041891  0.142564  -0.234726  1.000000  
175.580817 0.018010  -0.023400  -0.006401  0.599358  0.143648  0.787486  -0.627914  0.694529  0.351216  -0.496481  -0.704978  0.506470  -0.016981  0.023504  0.005658  0.036245  0.145845  -0.247015  1.000000  
175.581819 0.017995  -0.023372  -0.006395  0.599525  0.143422  0.787401  -0.627571  0.694810  0.351274  -0.496713  -0.704748  0.506564  -0.016875  0.023883  0.005853  0.028449  0.144403  -0.252758  1.000000  
175.583071 0.017975  -0.023338  -0.006386  0.599821  0.143149  0.787225  -0.627105  0.695163  0.351409  -0.496946  -0.704455  0.506742  -0.016801  0.024261  0.006162  0.020341  0.141654  -0.256353  1.000000  
175.584072 0.017959  -0.023312  -0.006379  0.600116  0.142780  0.787067  -0.626638  0.695472  0.351629  -0.497178  -0.704224  0.506836  -0.016727  0.024420  0.006541  0.023155  0.146117  -0.270669  1.000000  
175.585315 0.017938  -0.023280  -0.006371  0.600365  0.142442  0.786939  -0.626123  0.695893  0.351715  -0.497526  -0.703878  0.506975  -0.016695  0.024628  0.006640  0.017697  0.146765  -0.286330  1.000000  
175.586565 0.017919  -0.023248  -0.006362  0.600788  0.142120  0.786674  -0.625533  0.696316  0.351927  -0.497758  -0.703524  0.507239  -0.016638  0.024899  0.006597  0.012428  0.153727  -0.296908  1.000000  
175.587814 0.017898  -0.023214  -0.006356  0.601035  0.141780  0.786546  -0.625017  0.696736  0.352013  -0.498106  -0.703177  0.507378  -0.016577  0.025273  0.006308  0.011209  0.155509  -0.314749  1.000000  
175.588815 0.017880  -0.023189  -0.006351  0.601283  0.141440  0.786418  -0.624502  0.697154  0.352098  -0.498454  -0.702830  0.507517  -0.016591  0.025449  0.006040  0.002589  0.156354  -0.328206  1.000000  
175.589815 0.017863  -0.023163  -0.006347  0.601529  0.141100  0.786291  -0.623986  0.697573  0.352183  -0.498802  -0.702483  0.507655  -0.016548  0.025689  0.005788  -0.002067  0.153281  -0.342752  1.000000  
175.591065 0.017841  -0.023130  -0.006341  0.602032  0.140567  0.786001  -0.623223  0.698092  0.352507  -0.499150  -0.702075  0.507878  -0.016553  0.025846  0.005643  -0.000485  0.163375  -0.364620  1.000000  
175.592074 0.017823  -0.023103  -0.006336  0.602278  0.140226  0.785874  -0.622707  0.698509  0.352592  -0.499498  -0.701727  0.508016  -0.016522  0.026014  0.005637  -0.005749  0.169084  -0.381877  1.000000  
175.593314 0.017801  -0.023068  -0.006326  0.602651  0.139836  0.785658  -0.622067  0.698998  0.352753  -0.499845  -0.701318  0.508239  -0.016538  0.026383  0.005867  -0.007532  0.174308  -0.400233  1.000000  
175.594314 0.017784  -0.023039  -0.006316  0.603069  0.139511  0.785394  -0.621474  0.699419  0.352963  -0.500077  -0.700963  0.508501  -0.016597  0.026650  0.006240  -0.013395  0.186048  -0.414260  1.000000  
175.595315 0.017767  -0.023009  -0.006304  0.603313  0.139169  0.785268  -0.620957  0.699835  0.353047  -0.500425  -0.700616  0.508638  -0.016762  0.026886  0.006612  -0.018592  0.190364  -0.428437  1.000000  
175.596328 0.017749  -0.022979  -0.006294  0.603684  0.138777  0.785052  -0.620316  0.700323  0.353208  -0.500772  -0.700206  0.508860  -0.016876  0.027072  0.006913  -0.020533  0.201059  -0.449723  1.000000  
175.597570 0.017726  -0.022941  -0.006281  0.604182  0.138336  0.784747  -0.619551  0.700881  0.353445  -0.501120  -0.699735  0.509166  -0.017150  0.027362  0.007269  -0.022949  0.215070  -0.471139  1.000000  
175.598818 0.017703  -0.022904  -0.006270  0.604632  0.137924  0.784473  -0.618737  0.701548  0.353547  -0.501583  -0.699148  0.509517  -0.017339  0.027707  0.007392  -0.032845  0.221523  -0.492709  1.000000  
175.600076 0.017679  -0.022866  -0.006259  0.605081  0.137415  0.784216  -0.617922  0.702172  0.353733  -0.502046  -0.698621  0.509783  -0.017559  0.028072  0.007564  -0.035157  0.235370  -0.513916  1.000000  
175.601315 0.017656  -0.022828  -0.006250  0.605528  0.136906  0.783959  -0.617107  0.702794  0.353920  -0.502508  -0.698095  0.510048  -0.017834  0.028445  0.007605  -0.040959  0.241865  -0.535602  1.000000  
175.602315 0.017636  -0.022797  -0.006243  0.605847  0.136446  0.783793  -0.616416  0.703345  0.354029  -0.502971  -0.697630  0.510227  -0.018014  0.028776  0.007725  -0.046112  0.243433  -0.553580  1.000000  
175.603565 0.017610  -0.022759  -0.006234  0.606245  0.135965  0.783569  -0.615552  0.704076  0.354080  -0.503549  -0.696987  0.510536  -0.018318  0.029169  0.007935  -0.051843  0.247082  -0.578746  1.000000  
175.604587 0.017589  -0.022728  -0.006226  0.606610  0.135569  0.783355  -0.614909  0.704558  0.354238  -0.503896  -0.696576  0.510755  -0.018520  0.029435  0.008188  -0.049404  0.258508  -0.592509  1.000000  
175.605814 0.017564  -0.022689  -0.006214  0.607006  0.135181  0.783116  -0.614044  0.705330  0.354202  -0.504474  -0.695871  0.511146  -0.018775  0.029832  0.008532  -0.062778  0.260145  -0.613044  1.000000  
175.606815 0.017543  -0.022657  -0.006204  0.607321  0.134813  0.782935  -0.613352  0.705921  0.354225  -0.504936  -0.695343  0.511408  -0.019005  0.030241  0.008966  -0.067811  0.264154  -0.627282  1.000000  
175.608071 0.017518  -0.022616  -0.006189  0.607714  0.134328  0.782713  -0.612487  0.706647  0.354273  -0.505513  -0.694698  0.511713  -0.019201  0.030645  0.009278  -0.073383  0.267570  -0.650354  1.000000  
175.609317 0.017493  -0.022573  -0.006175  0.608106  0.133842  0.782492  -0.611621  0.707373  0.354321  -0.506090  -0.694053  0.512018  -0.019433  0.031037  0.009401  -0.078416  0.268926  -0.670136  1.000000  
175.610564 0.017467  -0.022531  -0.006161  0.608621  0.133305  0.782183  -0.610630  0.708167  0.354444  -0.506667  -0.693346  0.512406  -0.019740  0.031445  0.009385  -0.083973  0.274892  -0.691481  1.000000  
175.611565 0.017446  -0.022496  -0.006152  0.608884  0.132869  0.782052  -0.609888  0.708820  0.354416  -0.507244  -0.692763  0.512625  -0.019921  0.031753  0.009362  -0.092363  0.271372  -0.705806  1.000000  
175.612569 0.017426  -0.022460  -0.006142  0.609194  0.132592  0.781858  -0.609194  0.709450  0.354349  -0.507705  -0.692171  0.512967  -0.020016  0.032057  0.009270  -0.105656  0.275306  -0.718817  1.000000  
175.613569 0.017406  -0.022425  -0.006132  0.609455  0.132249  0.781712  -0.608452  0.710144  0.354234  -0.508281  -0.691525  0.513268  -0.020160  0.032460  0.009389  -0.110612  0.276434  -0.736721  1.000000  
175.614572 0.017385  -0.022389  -0.006120  0.609840  0.131759  0.781495  -0.607585  0.710864  0.354279  -0.508857  -0.690878  0.513568  -0.020285  0.032802  0.009533  -0.119660  0.277652  -0.754788  1.000000  
175.615817 0.017358  -0.022345  -0.006106  0.610176  0.131392  0.781295  -0.606668  0.711734  0.354102  -0.509548  -0.690051  0.513994  -0.020456  0.033263  0.009883  -0.132712  0.275990  -0.776412  1.000000  
175.616818 0.017337  -0.022309  -0.006093  0.610384  0.131076  0.781185  -0.605877  0.712533  0.353850  -0.510239  -0.689287  0.514335  -0.020613  0.033633  0.010317  -0.145115  0.272156  -0.790824  1.000000  
175.618065 0.017310  -0.022264  -0.006075  0.610841  0.130655  0.780898  -0.604835  0.713470  0.353745  -0.510929  -0.688396  0.514842  -0.020706  0.034017  0.010867  -0.162190  0.273050  -0.808894  1.000000  
175.619065 0.017289  -0.022227  -0.006061  0.611096  0.130403  0.780741  -0.604091  0.714202  0.353540  -0.511504  -0.687685  0.515221  -0.020738  0.034458  0.011318  -0.174673  0.269220  -0.823347  1.000000  
175.620067 0.017267  -0.022189  -0.006046  0.611474  0.130003  0.780512  -0.603221  0.714959  0.353494  -0.512079  -0.686974  0.515599  -0.020738  0.034941  0.011725  -0.183592  0.272804  -0.837641  1.000000  
175.621315 0.017242  -0.022142  -0.006029  0.611752  0.129661  0.780351  -0.602255  0.715929  0.353178  -0.512883  -0.686027  0.516060  -0.020756  0.035454  0.011983  -0.200010  0.266064  -0.855778  1.000000  
175.622564 0.017217  -0.022095  -0.006013  0.612202  0.129330  0.780053  -0.601210  0.716904  0.352982  -0.513572  -0.685072  0.516644  -0.020715  0.035813  0.012102  -0.219261  0.264543  -0.866507  1.000000  
175.623564 0.017197  -0.022057  -0.006001  0.612525  0.128861  0.779876  -0.600291  0.717721  0.352885  -0.514261  -0.684303  0.516977  -0.020703  0.036148  0.012128  -0.225318  0.262705  -0.888275  1.000000  
175.624565 0.017177  -0.022019  -0.005991  0.612848  0.128487  0.779685  -0.599371  0.718580  0.352700  -0.514949  -0.683472  0.517391  -0.020718  0.036478  0.012062  -0.238216  0.263432  -0.906176  1.000000  
175.625815 0.017151  -0.021972  -0.005976  0.613242  0.127992  0.779456  -0.598276  0.719570  0.352539  -0.515752  -0.682522  0.517845  -0.020729  0.036665  0.012210  -0.249073  0.256571  -0.923819  1.000000  
175.626817 0.017131  -0.021935  -0.005963  0.613438  0.127669  0.779355  -0.597482  0.720357  0.352280  -0.516439  -0.681753  0.518174  -0.020690  0.036864  0.012402  -0.262297  0.247624  -0.935131  1.000000  
175.627869 0.017110  -0.021898  -0.005950  0.613755  0.127291  0.779167  -0.596561  0.721211  0.352092  -0.517126  -0.680919  0.518584  -0.020641  0.036831  0.012621  -0.274161  0.243035  -0.947923  1.000000  
175.629068 0.017084  -0.021852  -0.005933  0.614143  0.126887  0.778927  -0.595465  0.722239  0.351841  -0.517928  -0.679905  0.519115  -0.020760  0.037029  0.012855  -0.285050  0.239121  -0.963028  1.000000  
175.630073 0.017063  -0.021816  -0.005918  0.614457  0.126507  0.778742  -0.594543  0.723090  0.351651  -0.518614  -0.679070  0.519522  -0.020773  0.037067  0.013137  -0.297250  0.234915  -0.977267  1.000000  
175.631087 0.017041  -0.021780  -0.005903  0.614719  0.126061  0.778607  -0.593573  0.724003  0.351412  -0.519415  -0.678180  0.519885  -0.020754  0.037098  0.013324  -0.311154  0.227571  -0.995461  1.000000  
175.632318 0.017015  -0.021734  -0.005884  0.615101  0.125653  0.778371  -0.592475  0.725025  0.351157  -0.520215  -0.677163  0.520410  -0.020741  0.037095  0.013506  -0.327536  0.225852  -1.006744  1.000000  
175.633338 0.016994  -0.021697  -0.005869  0.615531  0.125121  0.778117  -0.591426  0.725898  0.351124  -0.520900  -0.676326  0.520812  -0.020649  0.037119  0.013484  -0.331956  0.228778  -1.020467  1.000000  
175.634567 0.016969  -0.021651  -0.005852  0.615980  0.124590  0.777847  -0.590152  0.727047  0.350890  -0.521814  -0.675189  0.521373  -0.020556  0.037182  0.013438  -0.346837  0.226718  -1.041895  1.000000  
175.635817 0.016944  -0.021604  -0.005835  0.616476  0.124123  0.777529  -0.588926  0.728131  0.350702  -0.522613  -0.674106  0.521974  -0.020573  0.037128  0.013406  -0.357427  0.228918  -1.056949  1.000000  
175.637065 0.016918  -0.021557  -0.005818  0.616919  0.123588  0.777263  -0.587650  0.729275  0.350464  -0.523525  -0.672967  0.522530  -0.020607  0.037092  0.013433  -0.370026  0.228853  -1.074992  1.000000  
175.638315 0.016891  -0.021512  -0.005800  0.617358  0.123052  0.776999  -0.586375  0.730416  0.350225  -0.524437  -0.671826  0.523083  -0.020770  0.036937  0.013588  -0.379939  0.228897  -1.090912  1.000000  
175.639565 0.016864  -0.021467  -0.005782  0.617795  0.122513  0.776737  -0.585098  0.731554  0.349983  -0.525348  -0.670685  0.523633  -0.020826  0.036776  0.013952  -0.394559  0.223729  -1.107197  1.000000  
175.640565 0.016842  -0.021432  -0.005765  0.618159  0.122095  0.776513  -0.583996  0.732561  0.349718  -0.526144  -0.669662  0.524142  -0.020908  0.036606  0.014262  -0.407179  0.223694  -1.125115  1.000000  
175.641815 0.016814  -0.021390  -0.005746  0.618590  0.121648  0.776240  -0.582718  0.733737  0.349384  -0.527054  -0.668455  0.524769  -0.021132  0.036320  0.014490  -0.419618  0.225989  -1.139469  1.000000  
175.642817 0.016791  -0.021356  -0.005731  0.618949  0.121133  0.776034  -0.581615  0.734697  0.349204  -0.527850  -0.667493  0.525193  -0.021338  0.036301  0.014652  -0.425042  0.228791  -1.151260  1.000000  
175.643818 0.016769  -0.021323  -0.005716  0.619306  0.120616  0.775830  -0.580512  0.735655  0.349023  -0.528645  -0.666531  0.525615  -0.021382  0.035889  0.014751  -0.428380  0.228402  -1.171629  1.000000  
175.645065 0.016741  -0.021281  -0.005699  0.619676  0.120005  0.775629  -0.579184  0.736842  0.348726  -0.529667  -0.665329  0.526108  -0.021474  0.035706  0.014606  -0.437075  0.223358  -1.183120  1.000000  
175.646071 0.016718  -0.021248  -0.005685  0.620028  0.119485  0.775428  -0.578080  0.737795  0.348543  -0.530461  -0.664365  0.526526  -0.021520  0.035485  0.014499  -0.436203  0.228160  -1.196330  1.000000  
175.647317 0.016692  -0.021207  -0.005669  0.620563  0.118878  0.775093  -0.576671  0.738983  0.348361  -0.531368  -0.663153  0.527139  -0.021571  0.035181  0.014285  -0.440321  0.232814  -1.207091  1.000000  
175.648321 0.016669  -0.021174  -0.005656  0.620910  0.118449  0.774881  -0.575565  0.739974  0.348085  -0.532162  -0.662124  0.527632  -0.021700  0.034915  0.014187  -0.448620  0.235110  -1.221254  1.000000  
175.649568 0.016642  -0.021133  -0.005640  0.621267  0.117831  0.774689  -0.574234  0.741150  0.347782  -0.533181  -0.660918  0.528115  -0.021796  0.034497  0.014055  -0.448631  0.234263  -1.239158  1.000000  
175.650570 0.016621  -0.021099  -0.005626  0.621609  0.117400  0.774480  -0.573128  0.742136  0.347503  -0.533973  -0.659887  0.528604  -0.021891  0.034239  0.014138  -0.452372  0.231672  -1.249763  1.000000  
175.651826 0.016592  -0.021059  -0.005607  0.622078  0.116720  0.774206  -0.571668  0.743372  0.347266  -0.534991  -0.658615  0.529161  -0.022102  0.033746  0.014247  -0.456235  0.233320  -1.263751  1.000000  
175.653068 0.016563  -0.021020  -0.005588  0.622543  0.116037  0.773935  -0.570207  0.744605  0.347027  -0.536008  -0.657342  0.529714  -0.022210  0.033365  0.014394  -0.460282  0.235026  -1.278313  1.000000  
175.654315 0.016533  -0.020981  -0.005567  0.623004  0.115353  0.773666  -0.568745  0.745834  0.346786  -0.537024  -0.656068  0.530264  -0.022431  0.032960  0.014542  -0.460172  0.236576  -1.292732  1.000000  
175.655565 0.016505  -0.020942  -0.005547  0.623398  0.114978  0.773405  -0.567460  0.747019  0.346341  -0.537926  -0.654784  0.530936  -0.022519  0.032691  0.014562  -0.471844  0.236222  -1.299834  1.000000  
175.656565 0.016480  -0.020911  -0.005531  0.623725  0.114540  0.773206  -0.566350  0.747993  0.346055  -0.538716  -0.653749  0.531411  -0.022630  0.032463  0.014539  -0.475951  0.240949  -1.310661  1.000000  
175.657817 0.016450  -0.020873  -0.005512  0.624176  0.114037  0.772917  -0.564886  0.749297  0.345627  -0.539730  -0.652342  0.532110  -0.022778  0.032195  0.014594  -0.485151  0.242563  -1.323152  1.000000  
175.658824 0.016426  -0.020842  -0.005497  0.624560  0.113563  0.772676  -0.563599  0.750431  0.345267  -0.540631  -0.651119  0.532693  -0.022872  0.032006  0.014585  -0.491762  0.243676  -1.338818  1.000000  
175.660067 0.016397  -0.020803  -0.005479  0.625003  0.112963  0.772406  -0.562134  0.751686  0.344925  -0.541643  -0.649775  0.533306  -0.022952  0.031880  0.014674  -0.496144  0.244931  -1.349454  1.000000  
175.661317 0.016368  -0.020764  -0.005460  0.625503  0.112234  0.772107  -0.560491  0.753060  0.344602  -0.542767  -0.648308  0.533947  -0.023011  0.031752  0.014817  -0.500082  0.250441  -1.367017  1.000000  
175.662571 0.016338  -0.020725  -0.005438  0.626174  0.111127  0.771724  -0.558540  0.754534  0.344546  -0.544003  -0.646784  0.534538  -0.023192  0.031488  0.015219  -0.499919  0.257789  -1.396196  1.000000  
175.663821 0.016309  -0.020687  -0.005417  0.626668  0.110108  0.771468  -0.556669  0.756036  0.344281  -0.545350  -0.645202  0.535077  -0.023354  0.031328  0.015566  -0.499560  0.257409  -1.420829  1.000000  
175.664828 0.016284  -0.020657  -0.005399  0.627037  0.109246  0.771291  -0.555152  0.757248  0.344066  -0.546471  -0.643926  0.535471  -0.023531  0.031121  0.015836  -0.499423  0.257587  -1.445377  1.000000  
175.666070 0.016255  -0.020620  -0.005378  0.627465  0.108156  0.771096  -0.553231  0.758796  0.343750  -0.547926  -0.642285  0.535954  -0.023635  0.030874  0.016095  -0.502853  0.246918  -1.473811  1.000000  
175.667318 0.016224  -0.020584  -0.005357  0.628054  0.106972  0.770782  -0.551227  0.760304  0.343637  -0.549269  -0.640699  0.536478  -0.023801  0.030624  0.016209  -0.498731  0.250834  -1.502256  1.000000  
175.668565 0.016193  -0.020547  -0.005336  0.628636  0.105878  0.770459  -0.549223  0.761847  0.343430  -0.550610  -0.639046  0.537075  -0.023921  0.030473  0.016216  -0.498679  0.254569  -1.530880  1.000000  
175.669819 0.016161  -0.020510  -0.005316  0.629155  0.104716  0.770194  -0.547168  0.763439  0.343172  -0.552061  -0.637334  0.537618  -0.024102  0.030304  0.016121  -0.494399  0.255209  -1.562943  1.000000  
175.671065 0.016129  -0.020474  -0.005297  0.629721  0.103708  0.769868  -0.545161  0.765011  0.342867  -0.553399  -0.635613  0.538281  -0.024211  0.030214  0.016154  -0.494042  0.261248  -1.587739  1.000000  
175.672071 0.016103  -0.020443  -0.005280  0.630113  0.102796  0.769669  -0.543461  0.766353  0.342568  -0.554624  -0.634142  0.538754  -0.024299  0.030168  0.016257  -0.497662  0.257707  -1.615750  1.000000  
175.673315 0.016071  -0.020405  -0.005259  0.630665  0.101781  0.769352  -0.541452  0.767913  0.342257  -0.555960  -0.632417  0.539406  -0.024519  0.030118  0.016493  -0.497215  0.266385  -1.637357  1.000000  
175.674565 0.016037  -0.020366  -0.005235  0.631099  0.101015  0.769097  -0.539572  0.769486  0.341692  -0.557293  -0.630624  0.540127  -0.024732  0.030132  0.016795  -0.508942  0.264473  -1.655425  1.000000  
175.675820 0.016003  -0.020327  -0.005209  0.631580  0.099930  0.768843  -0.537512  0.771087  0.341328  -0.558737  -0.628839  0.540717  -0.025112  0.030098  0.017260  -0.516269  0.260059  -1.683638  1.000000  
175.677065 0.015969  -0.020288  -0.005182  0.632111  0.099091  0.768516  -0.535500  0.772710  0.340821  -0.560068  -0.626977  0.541502  -0.025464  0.030184  0.017668  -0.523805  0.262471  -1.711723  1.000000  
175.678070 0.015941  -0.020256  -0.005161  0.632419  0.098483  0.768341  -0.533974  0.773992  0.340305  -0.561176  -0.625490  0.542074  -0.025716  0.030253  0.018007  -0.535073  0.259657  -1.729225  1.000000  
175.679078 0.015912  -0.020225  -0.005140  0.632722  0.097872  0.768169  -0.532448  0.775270  0.339787  -0.562283  -0.624001  0.542643  -0.026053  0.030307  0.018205  -0.545722  0.255216  -1.745870  1.000000  
175.680317 0.015874  -0.020188  -0.005114  0.633176  0.096962  0.767911  -0.530385  0.776929  0.339225  -0.563720  -0.622077  0.543360  -0.026533  0.030287  0.018465  -0.553280  0.257390  -1.774926  1.000000  
175.681322 0.015844  -0.020158  -0.005095  0.633411  0.096377  0.767791  -0.528809  0.778291  0.338561  -0.564935  -0.620463  0.543943  -0.026939  0.030304  0.018524  -0.568404  0.251248  -1.795495  1.000000  
175.682568 0.015806  -0.020121  -0.005072  0.633800  0.095685  0.767556  -0.526923  0.779864  0.337881  -0.566259  -0.618592  0.544696  -0.027462  0.030398  0.018689  -0.587269  0.242807  -1.809554  1.000000  
175.683817 0.015766  -0.020085  -0.005048  0.634132  0.095307  0.767328  -0.525216  0.781399  0.336992  -0.567472  -0.616711  0.545568  -0.028028  0.030363  0.019009  -0.605744  0.238406  -1.818840  1.000000  
175.684820 0.015735  -0.020055  -0.005027  0.634303  0.094941  0.767233  -0.523818  0.782674  0.336209  -0.568573  -0.615149  0.546184  -0.028467  0.030333  0.019321  -0.621256  0.230698  -1.840202  1.000000  
175.686066 0.015694  -0.020018  -0.005003  0.634566  0.094404  0.767081  -0.522061  0.784210  0.335362  -0.569893  -0.613273  0.546918  -0.029095  0.030295  0.019621  -0.631457  0.223384  -1.853278  1.000000  
175.687070 0.015661  -0.019988  -0.004982  0.634680  0.094167  0.767016  -0.520841  0.785363  0.334559  -0.570882  -0.611831  0.547500  -0.029509  0.030325  0.019878  -0.646639  0.212523  -1.860372  1.000000  
175.688072 0.015627  -0.019958  -0.004961  0.634849  0.094086  0.766886  -0.519669  0.786502  0.333704  -0.571761  -0.610379  0.548204  -0.030070  0.030271  0.020170  -0.657347  0.208716  -1.859931  1.000000  
175.689318 0.015584  -0.019920  -0.004934  0.635099  0.093544  0.766746  -0.517911  0.788023  0.332849  -0.573077  -0.608498  0.548920  -0.030713  0.030253  0.020354  -0.671908  0.195391  -1.870241  1.000000  
175.690565 0.015540  -0.019882  -0.004907  0.635190  0.093388  0.766690  -0.516463  0.789447  0.331721  -0.574283  -0.606672  0.549680  -0.031404  0.030216  0.020461  -0.694309  0.183633  -1.869619  1.000000  
175.691818 0.015496  -0.019844  -0.004880  0.635442  0.093131  0.766512  -0.514932  0.790835  0.330795  -0.575377  -0.604902  0.550486  -0.032019  0.030095  0.020527  -0.711288  0.172095  -1.860751  1.000000  
175.692819 0.015460  -0.019813  -0.004857  0.635764  0.092945  0.766267  -0.513677  0.791926  0.330135  -0.576143  -0.603501  0.551222  -0.032519  0.030074  0.020601  -0.733612  0.165667  -1.845922  1.000000  
175.693824 0.015424  -0.019783  -0.004835  0.636083  0.092664  0.766037  -0.512421  0.792975  0.329569  -0.576908  -0.602166  0.551881  -0.033147  0.029969  0.020712  -0.749702  0.164841  -1.832632  1.000000  
175.695065 0.015377  -0.019745  -0.004806  0.636429  0.092332  0.765789  -0.510758  0.794409  0.328696  -0.578001  -0.600324  0.552744  -0.033640  0.030027  0.020941  -0.770029  0.166411  -1.817074  1.000000  
175.696070 0.015341  -0.019714  -0.004780  0.636846  0.091885  0.765496  -0.509371  0.795470  0.328283  -0.578765  -0.598987  0.553395  -0.034128  0.030096  0.021371  -0.780614  0.171703  -1.806494  1.000000  
175.697318 0.015294  -0.019677  -0.004748  0.637165  0.091259  0.765305  -0.507479  0.797013  0.327469  -0.580073  -0.597028  0.554141  -0.034610  0.030081  0.021896  -0.802595  0.162754  -1.802159  1.000000  
175.698322 0.015258  -0.019647  -0.004720  0.637514  0.090838  0.765065  -0.506043  0.798155  0.326909  -0.580945  -0.595564  0.554803  -0.035000  0.030166  0.022559  -0.819131  0.158963  -1.791552  1.000000  
175.699568 0.015213  -0.019609  -0.004685  0.637944  0.090332  0.764766  -0.504247  0.799588  0.326181  -0.582034  -0.593716  0.555642  -0.035344  0.030236  0.023248  -0.837561  0.158972  -1.777530  1.000000  
175.700571 0.015178  -0.019579  -0.004656  0.638284  0.089908  0.764533  -0.502809  0.800723  0.325616  -0.582904  -0.592250  0.556295  -0.035526  0.030281  0.023860  -0.852063  0.156969  -1.766363  1.000000  
175.701819 0.015133  -0.019540  -0.004620  0.638868  0.089387  0.764106  -0.500929  0.802155  0.324988  -0.583882  -0.590388  0.557248  -0.035691  0.030428  0.024537  -0.862556  0.164053  -1.752760  1.000000  
175.703065 0.015090  -0.019499  -0.004584  0.639508  0.088832  0.763635  -0.499096  0.803494  0.324500  -0.584750  -0.588648  0.558176  -0.035807  0.030610  0.025123  -0.866416  0.174123  -1.745765  1.000000  
175.704072 0.015055  -0.019466  -0.004557  0.639958  0.088618  0.763283  -0.497754  0.804559  0.323921  -0.585401  -0.587223  0.558994  -0.035841  0.030732  0.025593  -0.879547  0.179584  -1.724656  1.000000  
175.705314 0.015012  -0.019426  -0.004521  0.640383  0.088574  0.762931  -0.496183  0.805932  0.322917  -0.586269  -0.585344  0.560054  -0.035846  0.030867  0.026156  -0.907416  0.179929  -1.703992  1.000000  
175.706314 0.014976  -0.019395  -0.004492  0.640663  0.088459  0.762710  -0.494924  0.807021  0.322130  -0.587027  -0.583860  0.560809  -0.035887  0.030953  0.026590  -0.917863  0.180893  -1.689718  1.000000  
175.707315 0.014941  -0.019363  -0.004463  0.640940  0.088343  0.762491  -0.493665  0.808106  0.321340  -0.587785  -0.582375  0.561559  -0.035826  0.031017  0.027083  -0.931697  0.176481  -1.671620  1.000000  
175.708315 0.014904  -0.019333  -0.004431  0.641112  0.088392  0.762340  -0.492537  0.809170  0.320392  -0.588543  -0.580888  0.562305  -0.035844  0.031049  0.027742  -0.946387  0.173466  -1.653663  1.000000  
175.709565 0.014859  -0.019293  -0.004389  0.641321  0.088581  0.762142  -0.491229  0.810451  0.319159  -0.589408  -0.579070  0.563273  -0.035835  0.031139  0.028504  -0.965292  0.172784  -1.626093  1.000000  
175.710816 0.014814  -0.019254  -0.004345  0.641791  0.088404  0.761767  -0.489705  0.811679  0.318381  -0.590164  -0.577375  0.564220  -0.035718  0.031199  0.029471  -0.971723  0.175146  -1.601850  1.000000  
175.711816 0.014778  -0.019223  -0.004308  0.642181  0.088313  0.761449  -0.488541  0.812619  0.317772  -0.590704  -0.576066  0.564993  -0.035667  0.031269  0.030182  -0.978574  0.182768  -1.581492  1.000000  
175.712828 0.014743  -0.019192  -0.004271  0.642469  0.088387  0.761197  -0.487508  0.813538  0.317004  -0.591244  -0.574755  0.565763  -0.035569  0.031326  0.030979  -0.984617  0.185141  -1.555224  1.000000  
175.714067 0.014698  -0.019155  -0.004223  0.642866  0.088143  0.760890  -0.485935  0.814802  0.316172  -0.592107  -0.572999  0.566641  -0.035503  0.031341  0.031702  -0.983236  0.193057  -1.542074  1.000000  
175.715317 0.014655  -0.019118  -0.004175  0.643295  0.087667  0.760583  -0.484181  0.816126  0.315448  -0.593077  -0.571186  0.567457  -0.035428  0.031280  0.032601  -0.977614  0.206175  -1.539604  1.000000  
175.716317 0.014620  -0.019088  -0.004137  0.643647  0.087279  0.760329  -0.482788  0.817164  0.314895  -0.593830  -0.569759  0.568102  -0.035392  0.031158  0.033234  -0.976344  0.213055  -1.536605  1.000000  
175.717565 0.014578  -0.019052  -0.004089  0.643967  0.086967  0.760094  -0.481166  0.818461  0.314008  -0.594799  -0.567942  0.568908  -0.035361  0.030893  0.034096  -0.971776  0.219719  -1.536368  1.000000  
175.718566 0.014542  -0.019023  -0.004050  0.644312  0.086575  0.759847  -0.479772  0.819492  0.313451  -0.595552  -0.566513  0.569545  -0.035398  0.030635  0.034866  -0.965505  0.229930  -1.534788  1.000000  
175.719816 0.014498  -0.018987  -0.004000  0.644722  0.086091  0.759554  -0.478017  0.820798  0.312716  -0.596518  -0.564694  0.570339  -0.035413  0.030347  0.035864  -0.964123  0.239330  -1.530060  1.000000  
175.721065 0.014452  -0.018951  -0.003948  0.645092  0.085834  0.759269  -0.476442  0.822036  0.311866  -0.597377  -0.562930  0.571184  -0.035601  0.030089  0.036770  -0.962604  0.245297  -1.527169  1.000000  
175.722065 0.014413  -0.018922  -0.003908  0.645392  0.085667  0.759033  -0.475227  0.822994  0.311191  -0.598021  -0.561553  0.571865  -0.035781  0.029929  0.037620  -0.960322  0.252869  -1.529078  1.000000  
175.723065 0.014375  -0.018893  -0.003867  0.645624  0.085437  0.758861  -0.473965  0.823994  0.310469  -0.598771  -0.560120  0.572485  -0.035902  0.029831  0.038083  -0.960314  0.248821  -1.524332  1.000000  
175.724067 0.014335  -0.018863  -0.003827  0.645854  0.085299  0.758681  -0.472702  0.825029  0.309645  -0.599521  -0.558616  0.573169  -0.036358  0.029906  0.038898  -0.958809  0.249176  -1.526505  1.000000  
175.725071 0.014295  -0.018834  -0.003787  0.646145  0.085128  0.758452  -0.471487  0.825978  0.308965  -0.600163  -0.557237  0.573839  -0.036372  0.029556  0.039042  -0.965581  0.248095  -1.515657  1.000000  
175.726315 0.014243  -0.018798  -0.003737  0.646304  0.085296  0.758298  -0.470178  0.827200  0.307691  -0.601019  -0.555396  0.574727  -0.036853  0.029379  0.039306  -0.980964  0.238310  -1.499745  1.000000  
