1-Time 2-Px 3-Py 4-Pz 5-R11 6-R21 7-R31 8-R12 9-R22 10-R32 11-R13 12-R23 13-R33 14-Vx 15-Vy 16-Vz 17-Wx 18-Wy 19-Wz 20-state
84.886966 0.024954  -0.008126  0.017351  0.518319  0.839475  0.163180  -0.855078  0.505686  0.114554  0.013647  -0.198907  0.979923  -0.000081  -0.001032  -0.001245  0.000000  0.000000  0.000000  1.000000  
84.888061 0.024954  -0.008126  0.017351  0.518495  0.839370  0.163156  -0.854972  0.505859  0.114587  0.013647  -0.198907  0.979923  0.000000  0.000000  0.000000  0.000000  0.000000  0.000000  1.000000  
84.889304 0.024943  -0.008130  0.017337  0.518494  0.839364  0.163190  -0.854970  0.505822  0.114761  0.013781  -0.199025  0.979897  -0.005223  -0.001804  -0.007294  0.000000  0.000000  0.000000  1.000000  
84.890304 0.024930  -0.008135  0.017321  0.518494  0.839364  0.163190  -0.854970  0.505822  0.114761  0.013781  -0.199025  0.979897  -0.007991  -0.002759  -0.009994  0.000000  0.000000  0.000000  1.000000  
84.891554 0.024917  -0.008138  0.017307  0.518670  0.839260  0.163167  -0.854863  0.505995  0.114794  0.013781  -0.199025  0.979897  -0.008640  -0.002719  -0.010479  0.000000  0.000000  0.000000  1.000000  
84.892557 0.024910  -0.008139  0.017301  0.518670  0.839260  0.163167  -0.854863  0.505995  0.114794  0.013781  -0.199025  0.979897  -0.008253  -0.002359  -0.009676  0.000000  0.000000  0.000000  1.000000  
84.893807 0.024901  -0.008137  0.017293  0.518669  0.839254  0.163200  -0.854862  0.505958  0.114968  0.013915  -0.199144  0.979871  -0.008075  -0.001662  -0.008942  0.000000  0.000000  0.000000  1.000000  
84.895056 0.024884  -0.008136  0.017282  0.518669  0.839254  0.163200  -0.854862  0.505958  0.114968  0.013915  -0.199144  0.979871  -0.009057  -0.001195  -0.008919  0.000000  0.000000  0.000000  1.000000  
84.896062 0.024867  -0.008133  0.017272  0.518669  0.839254  0.163200  -0.854862  0.505958  0.114968  0.013915  -0.199144  0.979871  -0.009873  -0.000804  -0.009052  0.000000  0.000000  0.000000  1.000000  
84.897330 0.024849  -0.008130  0.017261  0.518669  0.839235  0.163302  -0.854862  0.505944  0.115029  0.013915  -0.199263  0.979847  -0.010456  -0.000379  -0.008972  0.000000  0.000000  0.000000  1.000000  
84.898560 0.024835  -0.008127  0.017251  0.518844  0.839144  0.163210  -0.854753  0.506094  0.115175  0.014048  -0.199262  0.979845  -0.010579  -0.000039  -0.008922  0.000000  0.000000  0.000000  1.000000  
84.899563 0.024823  -0.008125  0.017241  0.518843  0.839178  0.163041  -0.854752  0.506086  0.115225  0.014182  -0.199143  0.979868  -0.010644  0.000100  -0.008996  0.000000  0.000000  0.000000  1.000000  
84.900807 0.024807  -0.008121  0.017223  0.518843  0.839178  0.163041  -0.854752  0.506086  0.115225  0.014182  -0.199143  0.979868  -0.010914  0.000369  -0.009489  0.000000  0.000000  0.000000  1.000000  
84.901815 0.024787  -0.008120  0.017206  0.518842  0.839192  0.162973  -0.854750  0.506063  0.115338  0.014316  -0.199143  0.979866  -0.011478  0.000474  -0.010007  0.000000  0.000000  0.000000  1.000000  
84.903059 0.024762  -0.008120  0.017182  0.519018  0.839107  0.162847  -0.854643  0.506250  0.115310  0.014316  -0.199024  0.979890  -0.012791  0.000443  -0.011301  0.000000  0.000000  0.000000  1.000000  
84.904061 0.024742  -0.008121  0.017162  0.519018  0.839127  0.162745  -0.854643  0.506263  0.115248  0.014316  -0.198905  0.979914  -0.013659  0.000598  -0.011876  0.000000  0.000000  0.000000  1.000000  
84.905305 0.024718  -0.008123  0.017140  0.519194  0.839042  0.162620  -0.854536  0.506450  0.115220  0.014316  -0.198786  0.979938  -0.014126  0.000902  -0.012026  0.000000  0.000000  0.000000  1.000000  
84.906305 0.024699  -0.008123  0.017125  0.519195  0.839048  0.162586  -0.854538  0.506487  0.115047  0.014182  -0.198668  0.979964  -0.014775  0.001043  -0.012307  0.000000  0.000000  0.000000  1.000000  
84.907555 0.024674  -0.008119  0.017110  0.519371  0.838964  0.162461  -0.854431  0.506674  0.115019  0.014182  -0.198549  0.979988  -0.015776  0.001331  -0.012741  0.000000  0.000000  0.000000  1.000000  
84.908809 0.024647  -0.008113  0.017093  0.519548  0.838846  0.162505  -0.854326  0.506869  0.114940  0.014048  -0.198549  0.979990  -0.017030  0.001616  -0.013444  0.000000  0.000000  0.000000  1.000000  
84.910055 0.024622  -0.008108  0.017070  0.519724  0.838741  0.162481  -0.854219  0.507042  0.114974  0.014048  -0.198549  0.979990  -0.017427  0.001819  -0.014176  0.000000  0.000000  0.000000  1.000000  
84.911305 0.024601  -0.008105  0.017044  0.520076  0.838519  0.162502  -0.854006  0.507410  0.114929  0.013915  -0.198550  0.979992  -0.017507  0.001842  -0.015192  0.000000  0.000000  0.000000  1.000000  
84.912305 0.024585  -0.008102  0.017021  0.520253  0.838400  0.162547  -0.853901  0.507605  0.114850  0.013781  -0.198550  0.979994  -0.017603  0.001877  -0.016050  0.000000  0.000000  0.000000  1.000000  
84.913555 0.024565  -0.008098  0.016994  0.520430  0.838282  0.162591  -0.853795  0.507800  0.114772  0.013647  -0.198550  0.979996  -0.017988  0.001916  -0.017144  0.000000  0.000000  0.000000  1.000000  
84.914562 0.024548  -0.008095  0.016972  0.520606  0.838177  0.162568  -0.853688  0.507973  0.114805  0.013647  -0.198550  0.979996  -0.018395  0.002030  -0.017964  0.000000  0.000000  0.000000  1.000000  
84.915813 0.024522  -0.008093  0.016945  0.520782  0.838059  0.162612  -0.853582  0.508168  0.114727  0.013513  -0.198551  0.979997  -0.018958  0.001968  -0.018620  0.000000  0.000000  0.000000  1.000000  
84.917058 0.024495  -0.008092  0.016918  0.521135  0.837836  0.162633  -0.853370  0.508536  0.114682  0.013379  -0.198551  0.979999  -0.019167  0.001889  -0.018847  0.000000  0.000000  0.000000  1.000000  
84.918308 0.024469  -0.008089  0.016895  0.521487  0.837613  0.162655  -0.853156  0.508903  0.114637  0.013246  -0.198551  0.980001  -0.019166  0.002102  -0.018772  0.000000  0.000000  0.000000  1.000000  
84.919555 0.024443  -0.008087  0.016874  0.521664  0.837514  0.162598  -0.853051  0.509112  0.114497  0.013112  -0.198433  0.980027  -0.019260  0.002324  -0.018604  0.000000  0.000000  0.000000  1.000000  
84.920805 0.024417  -0.008081  0.016855  0.522016  0.837310  0.162518  -0.852837  0.509494  0.114390  0.012978  -0.198314  0.980053  -0.019511  0.002791  -0.018517  0.000000  0.000000  0.000000  1.000000  
84.921806 0.024393  -0.008076  0.016840  0.522193  0.837177  0.162631  -0.852733  0.509711  0.114200  0.012711  -0.198315  0.980056  -0.019720  0.002992  -0.018752  0.000000  0.000000  0.000000  1.000000  
84.922811 0.024371  -0.008070  0.016821  0.522369  0.837078  0.162574  -0.852627  0.509920  0.114060  0.012577  -0.198197  0.980082  -0.019866  0.003135  -0.019139  0.000000  0.000000  0.000000  1.000000  
84.924057 0.024345  -0.008062  0.016793  0.522722  0.836840  0.162665  -0.852414  0.510310  0.113903  0.012309  -0.198197  0.980085  -0.019737  0.003352  -0.019763  0.000000  0.000000  0.000000  1.000000  
84.925092 0.024327  -0.008054  0.016770  0.522899  0.836707  0.162778  -0.852309  0.510527  0.113713  0.012042  -0.198198  0.980088  -0.019671  0.003668  -0.019920  0.000000  0.000000  0.000000  1.000000  
84.926305 0.024304  -0.008044  0.016741  0.523251  0.836483  0.162800  -0.852095  0.510894  0.113668  0.011908  -0.198198  0.980090  -0.019908  0.004067  -0.020182  -0.039021  -0.030363  -0.189742  1.000000  
84.927306 0.024282  -0.008038  0.016719  0.523253  0.836436  0.163039  -0.852098  0.510926  0.113507  0.011640  -0.198318  0.980069  -0.020351  0.004291  -0.020130  -0.034654  -0.038869  -0.190076  1.000000  
84.928556 0.024251  -0.008032  0.016694  0.523429  0.836297  0.163185  -0.851992  0.511107  0.113490  0.011506  -0.198437  0.980046  -0.021038  0.004407  -0.019950  -0.030587  -0.047574  -0.191723  1.000000  
84.929599 0.024226  -0.008029  0.016675  0.523605  0.836178  0.163231  -0.851885  0.511302  0.113412  0.011373  -0.198437  0.980048  -0.021402  0.004466  -0.019671  -0.026812  -0.055338  -0.201580  1.000000  
84.930811 0.024195  -0.008023  0.016651  0.523782  0.836025  0.163446  -0.851780  0.511505  0.113285  0.011105  -0.198557  0.980027  -0.021768  0.004637  -0.019600  -0.022832  -0.062835  -0.210412  1.000000  
84.932060 0.024163  -0.008017  0.016626  0.523784  0.835977  0.163685  -0.851782  0.511537  0.113123  0.010837  -0.198676  0.980005  -0.022100  0.005044  -0.019473  -0.014666  -0.076057  -0.213099  1.000000  
84.933061 0.024138  -0.008011  0.016604  0.523784  0.835963  0.163754  -0.851784  0.511559  0.113011  0.010704  -0.198676  0.980007  -0.022426  0.005290  -0.019687  -0.014566  -0.081836  -0.207203  1.000000  
84.934310 0.024106  -0.008005  0.016575  0.523961  0.835844  0.163799  -0.851677  0.511754  0.112933  0.010570  -0.198677  0.980008  -0.022825  0.005536  -0.020255  -0.006488  -0.084909  -0.214909  1.000000  
84.935557 0.024076  -0.007996  0.016545  0.523962  0.835816  0.163937  -0.851679  0.511800  0.112710  0.010302  -0.198677  0.980011  -0.023131  0.005755  -0.021065  -0.002300  -0.095104  -0.209891  1.000000  
84.936805 0.024047  -0.007986  0.016510  0.523963  0.835788  0.164074  -0.851682  0.511845  0.112487  0.010035  -0.198678  0.980014  -0.023110  0.005997  -0.021973  -0.002179  -0.100895  -0.204022  1.000000  
84.938055 0.024020  -0.007972  0.016477  0.523965  0.835760  0.164211  -0.851684  0.511890  0.112263  0.009767  -0.198678  0.980016  -0.023113  0.006417  -0.022606  0.002000  -0.105808  -0.196490  1.000000  
84.939055 0.023997  -0.007962  0.016449  0.523966  0.835753  0.164247  -0.851686  0.511949  0.111978  0.009500  -0.198560  0.980043  -0.023207  0.006698  -0.022935  0.000000  0.000000  0.000000  1.000000  
84.940057 0.023975  -0.007952  0.016423  0.523967  0.835725  0.164385  -0.851688  0.511994  0.111755  0.009232  -0.198560  0.980045  -0.023534  0.006843  -0.023216  0.000000  0.000000  0.000000  1.000000  
84.941305 0.023944  -0.007943  0.016393  0.524144  0.835591  0.164499  -0.851582  0.512211  0.111565  0.008964  -0.198561  0.980048  -0.023941  0.006732  -0.023179  0.000000  0.000000  0.000000  1.000000  
84.942555 0.023913  -0.007935  0.016365  0.524321  0.835444  0.164683  -0.851477  0.512451  0.111264  0.008563  -0.198562  0.980051  -0.024189  0.006772  -0.023315  0.000000  0.000000  0.000000  1.000000  
84.943557 0.023887  -0.007929  0.016342  0.524498  0.835297  0.164866  -0.851372  0.512691  0.110963  0.008162  -0.198562  0.980054  -0.024210  0.006936  -0.023584  0.000000  0.000000  0.000000  1.000000  
84.944806 0.023856  -0.007921  0.016309  0.524500  0.835255  0.165072  -0.851375  0.512759  0.110628  0.007760  -0.198563  0.980057  -0.024213  0.007136  -0.024105  -0.001616  -0.162364  -0.186936  1.000000  
84.946055 0.023827  -0.007913  0.016273  0.524852  0.835002  0.165233  -0.851162  0.513171  0.110361  0.007359  -0.198563  0.980060  -0.024103  0.007294  -0.024855  -0.001576  -0.171130  -0.188734  1.000000  
84.947055 0.023804  -0.007907  0.016242  0.524853  0.834974  0.165371  -0.851163  0.513216  0.110138  0.007091  -0.198564  0.980062  -0.023941  0.007336  -0.025620  -0.001475  -0.176850  -0.182878  1.000000  
84.948063 0.023782  -0.007901  0.016209  0.525030  0.834827  0.165555  -0.851058  0.513456  0.109837  0.006690  -0.198564  0.980065  -0.023684  0.007386  -0.026374  -0.001379  -0.188470  -0.179364  1.000000  
84.949309 0.023754  -0.007893  0.016169  0.525381  0.834593  0.165615  -0.850844  0.513881  0.109508  0.006288  -0.198446  0.980092  -0.023515  0.007465  -0.027083  -0.001409  -0.195946  -0.187920  1.000000  
84.950558 0.023725  -0.007883  0.016129  0.525558  0.834486  0.165597  -0.850737  0.514147  0.109083  0.005887  -0.198209  0.980142  -0.023328  0.007582  -0.027723  -0.005382  -0.206172  -0.182891  1.000000  
84.951558 0.023704  -0.007873  0.016097  0.525734  0.834358  0.165680  -0.850631  0.514399  0.108720  0.005486  -0.198090  0.980168  -0.023189  0.007659  -0.028008  -0.009413  -0.210590  -0.183769  1.000000  
84.952809 0.023679  -0.007861  0.016059  0.525911  0.834217  0.165832  -0.850525  0.514674  0.108245  0.004951  -0.197972  0.980195  -0.023098  0.007502  -0.028291  -0.009290  -0.222007  -0.184893  1.000000  
84.954055 0.023652  -0.007850  0.016023  0.526088  0.834081  0.165953  -0.850420  0.514985  0.107597  0.004282  -0.197735  0.980246  -0.023026  0.007361  -0.028424  -0.017255  -0.236501  -0.180787  1.000000  
84.955305 0.023622  -0.007842  0.015988  0.526439  0.833854  0.165982  -0.850205  0.515444  0.107094  0.003746  -0.197497  0.980296  -0.023136  0.007126  -0.028657  -0.025346  -0.243928  -0.189265  1.000000  
84.956305 0.023597  -0.007836  0.015956  0.526615  0.833746  0.165965  -0.850098  0.515709  0.106669  0.003345  -0.197260  0.980346  -0.023189  0.007104  -0.029228  -0.033611  -0.251744  -0.184906  1.000000  
84.957555 0.023566  -0.007828  0.015916  0.526790  0.833625  0.166017  -0.849991  0.515996  0.106132  0.002810  -0.197022  0.980395  -0.023130  0.007176  -0.030048  -0.045799  -0.264986  -0.187562  1.000000  
84.958809 0.023535  -0.007819  0.015874  0.526966  0.833523  0.165969  -0.849883  0.516296  0.105532  0.002275  -0.196666  0.980468  -0.023037  0.007224  -0.030899  -0.062048  -0.273791  -0.189283  1.000000  
84.960061 0.023504  -0.007812  0.015831  0.527142  0.833422  0.165920  -0.849776  0.516595  0.104932  0.001739  -0.196309  0.980540  -0.023047  0.007173  -0.031390  -0.078348  -0.285648  -0.198679  1.000000  
84.961305 0.023473  -0.007804  0.015789  0.527492  0.833200  0.165920  -0.849559  0.517088  0.104255  0.001070  -0.195953  0.980613  -0.023205  0.007160  -0.031707  -0.089834  -0.295176  -0.206415  1.000000  
84.962306 0.023448  -0.007797  0.015756  0.527667  0.833079  0.165973  -0.849451  0.517374  0.103718  0.000535  -0.195715  0.980661  -0.023380  0.007265  -0.031797  -0.101959  -0.306963  -0.215772  1.000000  
84.963308 0.023422  -0.007789  0.015725  0.527842  0.832977  0.165926  -0.849343  0.517672  0.103118  0.000000  -0.195358  0.980732  -0.023665  0.007431  -0.031785  -0.115008  -0.321372  -0.226919  1.000000  
84.964312 0.023397  -0.007780  0.015694  0.528017  0.832842  0.166049  -0.849234  0.517979  0.102469  -0.000669  -0.195120  0.980779  -0.023819  0.007520  -0.031651  -0.123073  -0.334587  -0.229509  1.000000  
84.965559 0.023366  -0.007769  0.015658  0.528191  0.832761  0.165901  -0.849125  0.518288  0.101806  -0.001204  -0.194644  0.980873  -0.024040  0.007533  -0.031417  -0.139365  -0.342145  -0.238013  1.000000  
84.966559 0.023342  -0.007759  0.015628  0.528366  0.832660  0.165855  -0.849015  0.518585  0.101206  -0.001739  -0.194287  0.980943  -0.024259  0.007549  -0.031280  -0.151551  -0.354016  -0.247358  1.000000  
84.967808 0.023310  -0.007748  0.015588  0.528540  0.832565  0.165777  -0.848905  0.518916  0.100432  -0.002408  -0.193811  0.981036  -0.024569  0.007562  -0.031447  -0.167805  -0.365955  -0.256711  1.000000  
84.969056 0.023277  -0.007737  0.015547  0.528714  0.832490  0.165598  -0.848795  0.519258  0.099594  -0.003077  -0.193215  0.981152  -0.025021  0.007596  -0.031809  -0.184075  -0.377974  -0.266042  1.000000  
84.970057 0.023250  -0.007730  0.015513  0.528887  0.832395  0.165521  -0.848684  0.519587  0.098819  -0.003746  -0.192739  0.981243  -0.025196  0.007629  -0.032192  -0.198644  -0.386663  -0.273080  1.000000  
84.971306 0.023216  -0.007722  0.015469  0.529060  0.832340  0.165242  -0.848573  0.519939  0.097917  -0.004415  -0.192024  0.981380  -0.025411  0.007636  -0.032494  -0.224683  -0.398852  -0.277002  1.000000  
84.972555 0.023184  -0.007713  0.015426  0.529058  0.832359  0.165154  -0.848569  0.520129  0.096933  -0.005218  -0.191428  0.981493  -0.025449  0.007680  -0.032674  -0.244988  -0.413599  -0.272777  1.000000  
84.973805 0.023152  -0.007702  0.015384  0.529230  0.832277  0.165015  -0.848456  0.520522  0.095809  -0.006155  -0.190713  0.981627  -0.025507  0.007806  -0.032657  -0.269321  -0.431331  -0.276118  1.000000  
84.974811 0.023126  -0.007694  0.015351  0.529402  0.832203  0.164838  -0.848343  0.520859  0.094969  -0.006824  -0.190117  0.981738  -0.025631  0.008001  -0.032564  -0.289485  -0.444440  -0.278478  1.000000  
84.976062 0.023094  -0.007682  0.015313  0.529399  0.832262  0.164549  -0.848338  0.521069  0.093858  -0.007626  -0.189282  0.981893  -0.025680  0.008273  -0.032314  -0.317917  -0.454756  -0.273266  1.000000  
84.977305 0.023064  -0.007669  0.015275  0.529571  0.832194  0.164341  -0.848224  0.521437  0.092844  -0.008429  -0.188566  0.982024  -0.025625  0.008558  -0.032112  -0.339512  -0.468683  -0.274348  1.000000  
84.978306 0.023040  -0.007659  0.015244  0.529567  0.832234  0.164153  -0.848218  0.521632  0.091796  -0.009232  -0.187850  0.982154  -0.025471  0.008683  -0.032057  -0.359631  -0.487616  -0.270853  1.000000  
84.979308 0.023016  -0.007648  0.015215  0.529737  0.832166  0.163947  -0.848102  0.521997  0.090781  -0.010035  -0.187134  0.982283  -0.025380  0.008803  -0.031976  -0.383783  -0.500839  -0.273253  1.000000  
84.980555 0.022986  -0.007635  0.015175  0.529906  0.832091  0.163779  -0.847984  0.522415  0.089480  -0.011105  -0.186297  0.982431  -0.025338  0.008901  -0.032186  -0.403910  -0.522921  -0.277293  1.000000  
84.981561 0.022962  -0.007624  0.015142  0.529901  0.832131  0.163591  -0.847976  0.522606  0.088431  -0.011908  -0.185581  0.982557  -0.025305  0.008967  -0.032331  -0.427462  -0.538719  -0.267441  1.000000  
84.982814 0.022932  -0.007612  0.015100  0.530069  0.832077  0.163323  -0.847855  0.523030  0.087065  -0.012978  -0.184625  0.982723  -0.025230  0.008969  -0.032508  -0.451774  -0.556516  -0.270545  1.000000  
84.984066 0.022902  -0.007601  0.015059  0.530061  0.832151  0.162972  -0.847843  0.523292  0.085602  -0.014048  -0.183549  0.982910  -0.025000  0.009099  -0.032466  -0.480192  -0.575647  -0.266799  1.000000  
84.985305 0.022870  -0.007590  0.015019  0.530228  0.832110  0.162635  -0.847723  0.523691  0.084347  -0.014985  -0.182593  0.983074  -0.024852  0.009198  -0.032339  -0.504540  -0.584323  -0.266896  1.000000  
84.986310 0.022846  -0.007581  0.014989  0.530395  0.832070  0.162299  -0.847601  0.524088  0.083091  -0.015921  -0.181636  0.983237  -0.024655  0.009398  -0.031997  -0.528926  -0.602518  -0.271236  1.000000  
84.987556 0.022816  -0.007568  0.014952  0.530559  0.832023  0.162002  -0.847475  0.524534  0.081548  -0.017125  -0.180559  0.983415  -0.024545  0.009639  -0.031552  -0.557395  -0.624855  -0.275111  1.000000  
84.988805 0.022786  -0.007556  0.014915  0.530722  0.831996  0.161605  -0.847348  0.524987  0.079941  -0.018329  -0.179362  0.983612  -0.024442  0.009778  -0.031260  -0.585103  -0.646276  -0.277462  1.000000  
84.989807 0.022763  -0.007545  0.014886  0.530713  0.832064  0.161286  -0.847333  0.525206  0.078651  -0.019266  -0.178404  0.983769  -0.024252  0.009935  -0.031021  -0.610363  -0.666454  -0.275092  1.000000  
84.991055 0.022735  -0.007531  0.014850  0.530873  0.832025  0.160960  -0.847201  0.525673  0.076931  -0.020604  -0.177206  0.983958  -0.023995  0.010029  -0.030827  -0.637411  -0.687309  -0.277280  1.000000  
84.992065 0.022712  -0.007521  0.014821  0.531034  0.831960  0.160766  -0.847070  0.526099  0.075450  -0.021807  -0.176247  0.984104  -0.023842  0.010024  -0.030767  -0.662868  -0.711999  -0.275602  1.000000  
84.993306 0.022683  -0.007507  0.014782  0.531192  0.831921  0.160441  -0.846935  0.526560  0.073729  -0.023145  -0.175048  0.984288  -0.023767  0.010093  -0.030798  -0.685791  -0.732875  -0.277819  1.000000  
84.994556 0.022653  -0.007494  0.014742  0.531350  0.831903  0.160016  -0.846799  0.527026  0.071944  -0.024483  -0.173729  0.984489  -0.023810  0.010138  -0.030957  -0.718026  -0.750686  -0.280500  1.000000  
84.995556 0.022629  -0.007484  0.014712  0.531510  0.831870  0.159654  -0.846667  0.527432  0.070508  -0.025553  -0.172649  0.984652  -0.023859  0.010043  -0.030834  -0.742148  -0.772776  -0.284035  1.000000  
84.996806 0.022598  -0.007472  0.014675  0.531665  0.831852  0.159230  -0.846527  0.527891  0.068721  -0.026890  -0.171329  0.984847  -0.023901  0.009967  -0.030577  -0.772702  -0.797241  -0.288953  1.000000  
84.997810 0.022572  -0.007464  0.014647  0.531650  0.831948  0.158782  -0.846503  0.528128  0.067188  -0.027960  -0.170130  0.985025  -0.024014  0.009880  -0.030235  -0.801064  -0.816245  -0.284731  1.000000  
84.999057 0.022538  -0.007454  0.014614  0.531976  0.831828  0.158315  -0.846248  0.528778  0.065256  -0.029431  -0.168689  0.985230  -0.024246  0.009774  -0.029635  -0.829423  -0.841907  -0.295603  1.000000  
85.000064 0.022511  -0.007445  0.014589  0.532131  0.831822  0.157824  -0.846108  0.529206  0.063579  -0.030635  -0.167368  0.985418  -0.024362  0.009822  -0.029162  -0.857654  -0.859697  -0.298014  1.000000  
85.001309 0.022477  -0.007434  0.014557  0.532283  0.831843  0.157201  -0.845963  0.529665  0.061660  -0.031972  -0.165807  0.985640  -0.024630  0.009834  -0.028808  -0.886054  -0.877755  -0.300245  1.000000  
85.002555 0.022444  -0.007422  0.014524  0.532434  0.831864  0.156579  -0.845816  0.530119  0.059741  -0.033310  -0.164245  0.985857  -0.024816  0.009753  -0.028544  -0.914985  -0.896053  -0.308422  1.000000  
85.003556 0.022417  -0.007413  0.014498  0.532586  0.831858  0.156090  -0.845672  0.530535  0.058060  -0.034513  -0.162923  0.986035  -0.024951  0.009689  -0.028249  -0.942886  -0.912743  -0.311665  1.000000  
85.004556 0.022393  -0.007402  0.014472  0.532740  0.831864  0.155531  -0.845531  0.530930  0.056491  -0.035583  -0.161601  0.986214  -0.025062  0.009698  -0.028058  -0.967389  -0.926491  -0.313206  1.000000  
85.005557 0.022367  -0.007391  0.014445  0.532891  0.831859  0.155043  -0.845384  0.531340  0.054810  -0.036786  -0.160278  0.986386  -0.025283  0.009646  -0.027950  -0.991319  -0.943070  -0.322187  1.000000  
85.006807 0.022335  -0.007379  0.014411  0.533038  0.831917  0.154222  -0.845232  0.531789  0.052758  -0.038123  -0.158475  0.986627  -0.025566  0.009574  -0.027784  -1.023766  -0.961218  -0.324050  1.000000  
85.008062 0.022301  -0.007368  0.014378  0.533182  0.831945  0.153573  -0.845074  0.532244  0.050658  -0.039594  -0.156791  0.986838  -0.025884  0.009427  -0.027411  -1.051802  -0.978024  -0.332692  1.000000  
85.009306 0.022269  -0.007357  0.014345  0.533321  0.831981  0.152895  -0.844909  0.532717  0.048380  -0.041198  -0.154985  0.987057  -0.026082  0.009281  -0.026908  -1.079529  -0.996942  -0.333355  1.000000  
85.010558 0.022235  -0.007348  0.014316  0.533633  0.831907  0.152208  -0.844632  0.533355  0.046133  -0.042802  -0.153178  0.987271  -0.026302  0.009098  -0.026306  -1.112583  -1.017873  -0.343775  1.000000  
85.011805 0.022200  -0.007338  0.014288  0.533769  0.831943  0.151532  -0.844463  0.533815  0.043854  -0.044407  -0.151371  0.987479  -0.026512  0.008969  -0.025823  -1.139366  -1.035110  -0.350911  1.000000  
85.012811 0.022171  -0.007331  0.014265  0.533914  0.831974  0.150847  -0.844308  0.534207  0.042037  -0.045610  -0.149806  0.987663  -0.026701  0.008884  -0.025478  -1.167549  -1.044371  -0.351226  1.000000  
85.014059 0.022137  -0.007322  0.014235  0.534048  0.832047  0.149971  -0.844135  0.534665  0.039626  -0.047213  -0.147758  0.987896  -0.026759  0.008808  -0.025262  -1.199600  -1.061517  -0.359341  1.000000  
85.015308 0.022103  -0.007312  0.014205  0.534358  0.832001  0.149118  -0.843855  0.535264  0.037421  -0.048683  -0.145830  0.988111  -0.026719  0.008780  -0.025089  -1.233259  -1.078379  -0.368842  1.000000  
85.016313 0.022077  -0.007303  0.014180  0.534496  0.832022  0.148506  -0.843689  0.535657  0.035490  -0.050020  -0.144262  0.988274  -0.026595  0.008741  -0.025095  -1.253241  -1.092001  -0.369606  1.000000  
85.017559 0.022045  -0.007292  0.014150  0.534626  0.832093  0.147632  -0.843510  0.536093  0.033075  -0.051623  -0.142212  0.988489  -0.026630  0.008700  -0.024975  -1.285688  -1.110420  -0.370807  1.000000  
85.018807 0.022013  -0.007279  0.014119  0.534755  0.832165  0.146760  -0.843329  0.536522  0.030659  -0.053227  -0.140162  0.988697  -0.026585  0.008738  -0.024773  -1.313988  -1.119946  -0.370429  1.000000  
85.019809 0.021988  -0.007269  0.014097  0.534894  0.832213  0.145978  -0.843164  0.536885  0.028772  -0.054429  -0.138474  0.988869  -0.026601  0.008696  -0.024467  -1.337934  -1.128182  -0.377166  1.000000  
85.021055 0.021956  -0.007257  0.014070  0.535193  0.832174  0.145102  -0.842869  0.537471  0.026384  -0.056032  -0.136422  0.989065  -0.026603  0.008648  -0.024058  -1.362904  -1.136113  -0.381965  1.000000  
85.022055 0.021930  -0.007247  0.014049  0.535330  0.832222  0.144322  -0.842701  0.537824  0.024495  -0.057235  -0.134733  0.989228  -0.026582  0.008624  -0.023624  -1.387375  -1.136997  -0.380565  1.000000  
85.023305 0.021897  -0.007235  0.014026  0.535458  0.832319  0.143281  -0.842519  0.538212  0.022121  -0.058704  -0.132562  0.989435  -0.026504  0.008698  -0.022971  -1.418979  -1.141679  -0.379186  1.000000  
85.024305 0.021871  -0.007226  0.014008  0.535589  0.832391  0.142371  -0.842342  0.538573  0.019988  -0.060039  -0.130631  0.989611  -0.026521  0.008733  -0.022508  -1.451005  -1.151890  -0.380472  1.000000  
85.025308 0.021845  -0.007216  0.013989  0.535723  0.832455  0.141493  -0.842170  0.538910  0.018031  -0.061241  -0.128821  0.989775  -0.026417  0.008905  -0.022159  -1.475088  -1.156777  -0.379427  1.000000  
85.026558 0.021812  -0.007204  0.013967  0.535838  0.832566  0.140394  -0.841969  0.539309  0.015300  -0.062977  -0.126405  0.989978  -0.026337  0.009045  -0.021750  -1.511524  -1.170884  -0.379266  1.000000  
85.027805 0.021780  -0.007192  0.013943  0.535957  0.832687  0.139225  -0.841772  0.539684  0.012679  -0.064580  -0.123991  0.990180  -0.026110  0.009299  -0.021444  -1.539109  -1.178715  -0.383477  1.000000  
85.029055 0.021749  -0.007179  0.013919  0.536073  0.832806  0.138056  -0.841573  0.540050  0.010057  -0.066182  -0.121575  0.990373  -0.025878  0.009557  -0.021091  -1.571289  -1.184740  -0.374997  1.000000  
85.030056 0.021724  -0.007167  0.013901  0.536199  0.832875  0.137150  -0.841387  0.540375  0.007919  -0.067517  -0.119642  0.990519  -0.025714  0.009810  -0.020718  -1.591621  -1.190049  -0.373774  1.000000  
85.031067 0.021699  -0.007155  0.013882  0.536323  0.832927  0.136346  -0.841200  0.540693  0.005846  -0.068852  -0.117829  0.990644  -0.025655  0.010031  -0.020242  -1.611983  -1.200020  -0.374654  1.000000  
85.032310 0.021668  -0.007139  0.013862  0.536431  0.833036  0.135251  -0.840987  0.541046  0.003109  -0.070587  -0.115412  0.990807  -0.025552  0.010381  -0.019482  -1.640392  -1.214274  -0.374171  1.000000  
85.033558 0.021636  -0.007123  0.013844  0.536537  0.833145  0.134156  -0.840772  0.541389  0.000371  -0.072322  -0.112994  0.990960  -0.025579  0.010556  -0.018676  -1.668679  -1.223992  -0.372984  1.000000  
85.034810 0.021604  -0.007106  0.013828  0.536642  0.833269  0.132961  -0.840554  0.541722  -0.002434  -0.074057  -0.110455  0.991118  -0.025577  0.010845  -0.017869  -1.692744  -1.233671  -0.371502  1.000000  
85.036057 0.021572  -0.007090  0.013813  0.536912  0.833289  0.131739  -0.840215  0.542227  -0.005391  -0.075925  -0.107795  0.991270  -0.025567  0.011119  -0.017122  -1.725414  -1.252596  -0.371281  1.000000  
85.037058 0.021545  -0.007078  0.013800  0.537030  0.833355  0.130837  -0.840018  0.542506  -0.007534  -0.077259  -0.105860  0.991375  -0.025598  0.011361  -0.016567  -1.740730  -1.256535  -0.376511  1.000000  
85.038336 0.021513  -0.007061  0.013785  0.537129  0.833508  0.129443  -0.839793  0.542806  -0.010474  -0.078993  -0.103079  0.991532  -0.025571  0.011578  -0.015974  -1.775834  -1.266018  -0.367648  1.000000  
85.039556 0.021480  -0.007046  0.013770  0.537239  0.833660  0.128007  -0.839583  0.543072  -0.013126  -0.080460  -0.100421  0.991686  -0.025611  0.011868  -0.015425  -1.806018  -1.263778  -0.364616  1.000000  
85.040805 0.021449  -0.007029  0.013757  0.537342  0.833786  0.126745  -0.839363  0.543341  -0.015824  -0.082060  -0.097882  0.991809  -0.025516  0.012199  -0.014834  -1.830090  -1.264531  -0.361824  1.000000  
85.041808 0.021424  -0.007015  0.013745  0.537449  0.833873  0.125715  -0.839150  0.543595  -0.018214  -0.083527  -0.095705  0.991899  -0.025431  0.012537  -0.014353  -1.849947  -1.273966  -0.360492  1.000000  
85.043055 0.021393  -0.006996  0.013734  0.537542  0.834022  0.124323  -0.838915  0.543850  -0.021158  -0.085260  -0.092923  0.992016  -0.025375  0.012901  -0.013555  -1.878567  -1.279575  -0.358083  1.000000  
85.044057 0.021368  -0.006981  0.013726  0.537480  0.834240  0.123117  -0.838819  0.543902  -0.023529  -0.086593  -0.090626  0.992113  -0.025340  0.013219  -0.012834  -1.899426  -1.283579  -0.347635  1.000000  
85.045305 0.021338  -0.006961  0.013718  0.537571  0.834401  0.121625  -0.838580  0.544132  -0.026541  -0.088326  -0.087724  0.992221  -0.025345  0.013510  -0.011765  -1.932064  -1.294180  -0.338768  1.000000  
85.046309 0.021313  -0.006944  0.013713  0.537679  0.834505  0.120424  -0.838369  0.544337  -0.028888  -0.089658  -0.085427  0.992302  -0.025281  0.013842  -0.011048  -1.956147  -1.294889  -0.336252  1.000000  
85.047310 0.021288  -0.006928  0.013710  0.537786  0.834623  0.119122  -0.838157  0.544531  -0.031302  -0.090991  -0.083010  0.992386  -0.025293  0.014067  -0.010127  -1.984195  -1.297363  -0.335053  1.000000  
85.048316 0.021263  -0.006911  0.013706  0.537893  0.834725  0.117923  -0.837943  0.544720  -0.033650  -0.092323  -0.080712  0.992452  -0.025252  0.014343  -0.009332  -2.003733  -1.302113  -0.332838  1.000000  
85.049562 0.021231  -0.006891  0.013701  0.537978  0.834879  0.116432  -0.837695  0.544906  -0.036664  -0.094055  -0.077810  0.992522  -0.025297  0.014598  -0.008618  -2.032419  -1.307718  -0.330142  1.000000  
85.050808 0.021198  -0.006871  0.013694  0.537895  0.835150  0.114863  -0.837567  0.544898  -0.039592  -0.095653  -0.074909  0.992592  -0.025343  0.014856  -0.008009  -2.061683  -1.309993  -0.313141  1.000000  
85.051810 0.021172  -0.006855  0.013690  0.537998  0.835261  0.113563  -0.837348  0.545054  -0.042008  -0.096985  -0.072492  0.992642  -0.025301  0.015096  -0.007476  -2.085793  -1.315037  -0.310872  1.000000  
85.053063 0.021140  -0.006835  0.013684  0.538086  0.835443  0.111799  -0.837105  0.545184  -0.045044  -0.098583  -0.069350  0.992709  -0.025339  0.015400  -0.006850  -2.117878  -1.320185  -0.307761  1.000000  
85.054306 0.021107  -0.006814  0.013680  0.538172  0.835622  0.110036  -0.836860  0.545301  -0.048082  -0.100181  -0.066208  0.992764  -0.025331  0.015703  -0.006236  -2.146570  -1.321299  -0.304199  1.000000  
85.055555 0.021074  -0.006792  0.013677  0.538077  0.835905  0.108334  -0.836712  0.545239  -0.051254  -0.101911  -0.063066  0.992792  -0.025411  0.016059  -0.005510  -2.169819  -1.325296  -0.292839  1.000000  
85.056555 0.021047  -0.006773  0.013676  0.538182  0.836014  0.106963  -0.836498  0.545346  -0.053560  -0.103109  -0.060650  0.992819  -0.025502  0.016424  -0.004892  -2.185726  -1.321461  -0.289502  1.000000  
85.057555 0.021021  -0.006754  0.013676  0.538271  0.836112  0.105737  -0.836259  0.545459  -0.056090  -0.104573  -0.058232  0.992811  -0.025603  0.016732  -0.004140  -2.203665  -1.328686  -0.288245  1.000000  
85.058808 0.020988  -0.006730  0.013676  0.538180  0.836368  0.104165  -0.836116  0.545368  -0.059018  -0.106169  -0.055332  0.992807  -0.025772  0.016973  -0.003363  -2.220094  -1.329943  -0.277782  1.000000  
85.060057 0.020955  -0.006706  0.013676  0.538251  0.836556  0.102272  -0.835849  0.545413  -0.062301  -0.107899  -0.051950  0.992804  -0.025941  0.017282  -0.002844  -2.256407  -1.335158  -0.274342  1.000000  
85.061305 0.020921  -0.006682  0.013677  0.538157  0.836856  0.100293  -0.835702  0.545264  -0.065494  -0.109495  -0.048569  0.992800  -0.026180  0.017449  -0.002393  -2.287191  -1.334635  -0.262515  1.000000  
85.062305 0.020892  -0.006663  0.013677  0.538257  0.837015  0.098416  -0.835480  0.545281  -0.068132  -0.110692  -0.045553  0.992810  -0.026399  0.017666  -0.002200  -2.323346  -1.326378  -0.258454  1.000000  
85.063308 0.020864  -0.006643  0.013676  0.538184  0.837258  0.096728  -0.835367  0.545132  -0.070658  -0.111889  -0.042777  0.992800  -0.026623  0.017886  -0.002006  -2.355867  -1.322918  -0.248187  1.000000  
85.064313 0.020836  -0.006624  0.013677  0.538103  0.837496  0.095112  -0.835241  0.544978  -0.073295  -0.113218  -0.040001  0.992765  -0.026787  0.018125  -0.001623  -2.383666  -1.316964  -0.238395  1.000000  
85.065558 0.020799  -0.006599  0.013676  0.538184  0.837684  0.092972  -0.834989  0.544934  -0.076421  -0.114680  -0.036502  0.992732  -0.027019  0.018425  -0.001241  -2.412232  -1.304387  -0.233343  1.000000  
85.066808 0.020762  -0.006574  0.013676  0.538264  0.837878  0.090731  -0.834735  0.544866  -0.079613  -0.116142  -0.032884  0.992688  -0.027321  0.018720  -0.000959  -2.444806  -1.298804  -0.228036  1.000000  
85.067808 0.020732  -0.006554  0.013677  0.538188  0.838119  0.088940  -0.834617  0.544662  -0.082203  -0.117338  -0.029990  0.992639  -0.027612  0.019010  -0.000560  -2.473656  -1.297177  -0.218469  1.000000  
85.068868 0.020702  -0.006533  0.013679  0.538291  0.838247  0.087093  -0.834400  0.544617  -0.084663  -0.118401  -0.027096  0.992596  -0.027806  0.019241  -0.000133  -2.492967  -1.286183  -0.214139  1.000000  
85.070058 0.020662  -0.006507  0.013682  0.538205  0.838541  0.084762  -0.834267  0.544332  -0.087761  -0.119729  -0.023481  0.992529  -0.028351  0.019611  0.000318  -2.531128  -1.285394  -0.203339  1.000000  
85.071305 0.020624  -0.006479  0.013686  0.538280  0.838706  0.082622  -0.834007  0.544217  -0.090885  -0.121191  -0.019986  0.992428  -0.028651  0.019907  0.000625  -2.559675  -1.277147  -0.198834  1.000000  
85.072307 0.020593  -0.006456  0.013688  0.538390  0.838822  0.080703  -0.833800  0.544137  -0.093234  -0.122120  -0.017094  0.992368  -0.028999  0.020183  0.000830  -2.583873  -1.259631  -0.194552  1.000000  
85.073555 0.020553  -0.006428  0.013690  0.538482  0.838999  0.078217  -0.833565  0.543969  -0.096267  -0.123315  -0.013361  0.992278  -0.029490  0.020459  0.000985  -2.614985  -1.245377  -0.188985  1.000000  
85.074810 0.020513  -0.006401  0.013693  0.538401  0.839281  0.075710  -0.833440  0.543612  -0.099315  -0.124510  -0.009628  0.992172  -0.029981  0.020673  0.001167  -2.645060  -1.229629  -0.177737  1.000000  
85.076058 0.020472  -0.006373  0.013694  0.538481  0.839462  0.073091  -0.833188  0.543390  -0.102590  -0.125838  -0.005656  0.992035  -0.030409  0.020957  0.001189  -2.682148  -1.217029  -0.172886  1.000000  
85.077305 0.020430  -0.006346  0.013697  0.538561  0.839609  0.070778  -0.832935  0.543188  -0.105667  -0.127165  -0.002045  0.991879  -0.030912  0.021111  0.001347  -2.700376  -1.207548  -0.167788  1.000000  
85.078306 0.020396  -0.006324  0.013700  0.538667  0.839708  0.068758  -0.832724  0.543037  -0.108080  -0.128094  0.000962  0.991762  -0.031222  0.021298  0.001585  -2.725010  -1.194842  -0.164045  1.000000  
85.079558 0.020353  -0.006295  0.013705  0.538755  0.839852  0.066272  -0.832483  0.542795  -0.111110  -0.129288  0.004691  0.991596  -0.031726  0.021594  0.001945  -2.752625  -1.177324  -0.159353  1.000000  
85.080812 0.020308  -0.006265  0.013712  0.538841  0.840005  0.063582  -0.832241  0.542510  -0.114271  -0.130482  0.008659  0.991413  -0.032336  0.021971  0.002426  -2.790928  -1.160436  -0.155262  1.000000  
85.082059 0.020264  -0.006234  0.013720  0.538936  0.840155  0.060718  -0.832012  0.542196  -0.117386  -0.131543  0.012745  0.991229  -0.032698  0.022355  0.002897  -2.827019  -1.147442  -0.157587  1.000000  
85.083308 0.020219  -0.006203  0.013728  0.539021  0.840291  0.058028  -0.831768  0.541878  -0.120545  -0.132737  0.016710  0.991010  -0.033162  0.022683  0.003334  -2.852307  -1.129676  -0.152322  1.000000  
85.084308 0.020183  -0.006178  0.013735  0.539124  0.840369  0.055908  -0.831552  0.541652  -0.123020  -0.133665  0.019833  0.990828  -0.033572  0.022995  0.003689  -2.875397  -1.116874  -0.149435  1.000000  
85.085556 0.020137  -0.006146  0.013744  0.539217  0.840488  0.053146  -0.831320  0.541307  -0.126066  -0.134726  0.023796  0.990597  -0.034035  0.023279  0.004003  -2.904036  -1.099519  -0.145083  1.000000  
85.086557 0.020101  -0.006119  0.013751  0.539319  0.840554  0.051027  -0.831103  0.541059  -0.128541  -0.135654  0.026916  0.990391  -0.034426  0.023635  0.004290  -2.927396  -1.086266  -0.148639  1.000000  
85.087806 0.020053  -0.006086  0.013759  0.539582  0.840541  0.048395  -0.830759  0.540874  -0.131509  -0.136714  0.030756  0.990133  -0.034946  0.023909  0.004618  -2.955307  -1.064340  -0.151455  1.000000  
85.089055 0.020006  -0.006054  0.013768  0.539673  0.840637  0.045635  -0.830525  0.540486  -0.134552  -0.137774  0.034713  0.989855  -0.035487  0.024244  0.005078  -2.984995  -1.047937  -0.153647  1.000000  
85.090305 0.019958  -0.006021  0.013778  0.539944  0.840610  0.042831  -0.830194  0.540258  -0.137474  -0.138702  0.038670  0.989579  -0.035963  0.024586  0.005669  -3.002383  -1.020427  -0.157146  1.000000  
85.091555 0.019908  -0.005987  0.013790  0.540034  0.840689  0.040072  -0.829958  0.539839  -0.140515  -0.139762  0.042625  0.989267  -0.036452  0.025004  0.006286  -3.021456  -1.002910  -0.160161  1.000000  
85.092556 0.019868  -0.005960  0.013800  0.540314  0.840622  0.037607  -0.829641  0.539656  -0.143063  -0.140557  0.046099  0.988999  -0.036929  0.025367  0.006849  -3.041449  -0.990140  -0.163832  1.000000  
85.093557 0.019828  -0.005933  0.013811  0.540423  0.840647  0.035419  -0.829435  0.539342  -0.145422  -0.141352  0.049212  0.988736  -0.037282  0.025721  0.007403  -3.047746  -0.976899  -0.167686  1.000000  
85.094805 0.019778  -0.005897  0.013825  0.540692  0.840596  0.032416  -0.829101  0.539024  -0.148473  -0.142279  0.053402  0.988385  -0.037711  0.026124  0.007908  -3.070767  -0.960779  -0.169787  1.000000  
85.095808 0.019737  -0.005868  0.013836  0.540800  0.840608  0.030229  -0.828894  0.538688  -0.150830  -0.143073  0.056512  0.988097  -0.038060  0.026469  0.008297  -3.082894  -0.942385  -0.175093  1.000000  
85.097055 0.019687  -0.005831  0.013850  0.541068  0.840535  0.027331  -0.828559  0.538360  -0.153814  -0.144000  0.060579  0.987722  -0.038498  0.026904  0.008674  -3.097053  -0.926470  -0.177286  1.000000  
85.098063 0.019646  -0.005801  0.013860  0.541356  0.840427  0.024800  -0.828255  0.538126  -0.156250  -0.144662  0.064046  0.987406  -0.038807  0.027241  0.008959  -3.115288  -0.912135  -0.189434  1.000000  
85.099308 0.019594  -0.005763  0.013874  0.541453  0.840447  0.021872  -0.828030  0.537597  -0.159237  -0.145589  0.068109  0.986998  -0.039262  0.027665  0.009278  -3.131837  -0.899512  -0.186185  1.000000  
85.100308 0.019553  -0.005732  0.013885  0.541729  0.840326  0.019518  -0.827709  0.537351  -0.161717  -0.146383  0.071452  0.986644  -0.039586  0.028079  0.009549  -3.147040  -0.886783  -0.190518  1.000000  
85.101309 0.019511  -0.005700  0.013897  0.541846  0.840303  0.017161  -0.827515  0.536950  -0.164025  -0.147045  0.074675  0.986307  -0.039986  0.028407  0.009913  -3.161985  -0.878484  -0.194898  1.000000  
85.102555 0.019457  -0.005661  0.013912  0.542111  0.840186  0.014270  -0.827176  0.536553  -0.167004  -0.147971  0.078731  0.985853  -0.040402  0.028796  0.010318  -3.178102  -0.866237  -0.198801  1.000000  
85.103555 0.019413  -0.005629  0.013925  0.542397  0.840039  0.011847  -0.826870  0.536283  -0.169372  -0.148633  0.082071  0.985481  -0.040808  0.029134  0.010725  -3.186529  -0.859713  -0.201449  1.000000  
85.104555 0.019369  -0.005598  0.013938  0.542512  0.839998  0.009187  -0.826675  0.535788  -0.171872  -0.149294  0.085648  0.985076  -0.041182  0.029505  0.011054  -3.208631  -0.850110  -0.207485  1.000000  
