1-Time 2-Px 3-Py 4-Pz 5-R11 6-R21 7-R31 8-R12 9-R22 10-R32 11-R13 12-R23 13-R33 14-Vx 15-Vy 16-Vz 17-Wx 18-Wy 19-Wz 20-state
102.905511 0.017435  -0.020074  0.010290  0.077317  0.947496  0.310279  -0.996831  0.067618  0.041912  0.018731  -0.312536  0.949721  -0.001869  -0.007659  0.001862  0.000000  0.000000  0.000000  1.000000  
102.906668 0.017432  -0.020081  0.010291  0.077317  0.947496  0.310279  -0.996831  0.067618  0.041912  0.018731  -0.312536  0.949721  -0.002766  -0.006805  0.000626  0.000000  0.000000  0.000000  1.000000  
102.907668 0.017428  -0.020082  0.010284  0.077317  0.947534  0.310164  -0.996831  0.067623  0.041903  0.018731  -0.312421  0.949759  -0.003574  -0.003667  -0.002786  0.000000  0.000000  0.000000  1.000000  
102.908916 0.017421  -0.020080  0.010275  0.077522  0.947520  0.310155  -0.996815  0.067818  0.041967  0.018731  -0.312421  0.949759  -0.004240  -0.001664  -0.004665  0.000000  0.000000  0.000000  1.000000  
102.909916 0.017417  -0.020080  0.010271  0.077522  0.947557  0.310041  -0.996815  0.067823  0.041959  0.018731  -0.312306  0.949797  -0.004221  -0.001215  -0.004545  0.000000  0.000000  0.000000  1.000000  
102.911167 0.017412  -0.020082  0.010270  0.077522  0.947633  0.309811  -0.996815  0.067833  0.041943  0.018731  -0.312075  0.949873  -0.004185  -0.001317  -0.003732  0.000000  0.000000  0.000000  1.000000  
102.912168 0.017405  -0.020083  0.010270  0.077522  0.947670  0.309696  -0.996815  0.067838  0.041934  0.018731  -0.311960  0.949911  -0.004659  -0.001248  -0.003041  0.000000  0.000000  0.000000  1.000000  
102.913417 0.017392  -0.020081  0.010267  0.077522  0.947708  0.309581  -0.996815  0.067843  0.041926  0.018731  -0.311845  0.949948  -0.005640  -0.000856  -0.003003  0.000000  0.000000  0.000000  1.000000  
102.914667 0.017377  -0.020077  0.010261  0.077522  0.947745  0.309466  -0.996815  0.067848  0.041918  0.018731  -0.311730  0.949986  -0.006469  -0.000316  -0.003215  0.000000  0.000000  0.000000  1.000000  
102.915918 0.017364  -0.020075  0.010256  0.077522  0.947786  0.309341  -0.996812  0.067812  0.042036  0.018864  -0.311614  0.950022  -0.006967  -0.000046  -0.003367  0.000000  0.000000  0.000000  1.000000  
102.917169 0.017354  -0.020071  0.010252  0.077316  0.947841  0.309225  -0.996826  0.067580  0.042091  0.018998  -0.311498  0.950057  -0.007097  0.000260  -0.003344  0.000000  0.000000  0.000000  1.000000  
102.918173 0.017345  -0.020068  0.010247  0.077316  0.947882  0.309100  -0.996823  0.067544  0.042210  0.019132  -0.311382  0.950092  -0.007183  0.000518  -0.003454  0.000000  0.000000  0.000000  1.000000  
102.919178 0.017335  -0.020064  0.010239  0.077316  0.947919  0.308985  -0.996823  0.067549  0.042202  0.019132  -0.311266  0.950130  -0.007405  0.000744  -0.003792  0.000000  0.000000  0.000000  1.000000  
102.920421 0.017321  -0.020058  0.010226  0.077316  0.947960  0.308860  -0.996820  0.067512  0.042320  0.019266  -0.311150  0.950165  -0.007753  0.001084  -0.004361  0.000000  0.000000  0.000000  1.000000  
102.921422 0.017311  -0.020051  0.010213  0.077521  0.947983  0.308737  -0.996805  0.067713  0.042375  0.019266  -0.311035  0.950203  -0.008178  0.001954  -0.005210  0.000000  0.000000  0.000000  1.000000  
102.922667 0.017301  -0.020037  0.010199  0.077521  0.948055  0.308516  -0.996807  0.067764  0.042232  0.019132  -0.310805  0.950281  -0.008498  0.002966  -0.005705  0.000000  0.000000  0.000000  1.000000  
102.923668 0.017294  -0.020027  0.010191  0.077521  0.948092  0.308401  -0.996807  0.067770  0.042224  0.019132  -0.310690  0.950319  -0.008647  0.003604  -0.005711  0.000000  0.000000  0.000000  1.000000  
102.924917 0.017283  -0.020014  0.010182  0.077727  0.948153  0.308163  -0.996791  0.067975  0.042271  0.019132  -0.310459  0.950394  -0.009074  0.004430  -0.005997  0.000000  0.000000  0.000000  1.000000  
102.925917 0.017271  -0.020005  0.010177  0.077727  0.948190  0.308048  -0.996791  0.067980  0.042263  0.019132  -0.310344  0.950432  -0.009576  0.005191  -0.006281  0.000000  0.000000  0.000000  1.000000  
102.927169 0.017255  -0.019994  0.010168  0.077932  0.948251  0.307809  -0.996775  0.068186  0.042310  0.019132  -0.310114  0.950507  -0.010050  0.006004  -0.006870  0.000000  0.000000  0.000000  1.000000  
102.928419 0.017241  -0.019981  0.010156  0.078137  0.948271  0.307695  -0.996762  0.068427  0.042238  0.018998  -0.309999  0.950547  -0.010037  0.006734  -0.007451  0.000000  0.000000  0.000000  1.000000  
102.929666 0.017227  -0.019971  0.010141  0.078137  0.948309  0.307580  -0.996762  0.068432  0.042230  0.018998  -0.309884  0.950585  -0.009977  0.007112  -0.008030  0.000000  0.000000  0.000000  1.000000  
102.930916 0.017215  -0.019961  0.010124  0.078342  0.948332  0.307456  -0.996745  0.068633  0.042285  0.018998  -0.309768  0.950622  -0.009899  0.007620  -0.008757  0.000000  0.000000  0.000000  1.000000  
102.931918 0.017206  -0.019952  0.010113  0.078548  0.948355  0.307333  -0.996729  0.068833  0.042340  0.018998  -0.309653  0.950660  -0.009996  0.008124  -0.009416  0.000000  0.000000  0.000000  1.000000  
102.932920 0.017196  -0.019943  0.010102  0.078753  0.948378  0.307209  -0.996713  0.069034  0.042394  0.018998  -0.309538  0.950697  -0.010114  0.008444  -0.009729  0.000000  0.000000  0.000000  1.000000  
102.934177 0.017182  -0.019931  0.010087  0.078958  0.948404  0.307075  -0.996694  0.069193  0.042576  0.019132  -0.309422  0.950732  -0.010228  0.008866  -0.010114  0.000000  0.000000  0.000000  1.000000  
102.935418 0.017167  -0.019920  0.010072  0.079368  0.948413  0.306943  -0.996662  0.069588  0.042694  0.019132  -0.309306  0.950770  -0.010269  0.009200  -0.010236  0.000000  0.000000  0.000000  1.000000  
102.936425 0.017157  -0.019910  0.010061  0.079573  0.948395  0.306944  -0.996648  0.069825  0.042631  0.018998  -0.309307  0.950772  -0.010274  0.009316  -0.010122  0.000000  0.000000  0.000000  1.000000  
102.937671 0.017144  -0.019896  0.010052  0.079779  0.948418  0.306820  -0.996632  0.070025  0.042685  0.018998  -0.309192  0.950810  -0.010551  0.009385  -0.009822  0.000000  0.000000  0.000000  1.000000  
102.938918 0.017128  -0.019882  0.010042  0.080189  0.948426  0.306687  -0.996599  0.070421  0.042803  0.018998  -0.309077  0.950847  -0.010950  0.009446  -0.009804  0.000000  0.000000  0.000000  1.000000  
102.940180 0.017108  -0.019871  0.010032  0.080600  0.948431  0.306565  -0.996568  0.070858  0.042794  0.018864  -0.308962  0.950887  -0.011411  0.009438  -0.010051  0.000000  0.000000  0.000000  1.000000  
102.941418 0.017086  -0.019863  0.010017  0.081010  0.948439  0.306432  -0.996535  0.071254  0.042911  0.018864  -0.308847  0.950925  -0.011854  0.009195  -0.010554  0.000000  0.000000  0.000000  1.000000  
102.942666 0.017066  -0.019853  0.009999  0.081420  0.948443  0.306310  -0.996504  0.071690  0.042902  0.018731  -0.308732  0.950965  -0.012189  0.009051  -0.010973  0.000000  0.000000  0.000000  1.000000  
102.943924 0.017047  -0.019843  0.009982  0.081831  0.948414  0.306292  -0.996470  0.072081  0.043028  0.018731  -0.308732  0.950965  -0.012558  0.008947  -0.011213  0.000000  0.000000  0.000000  1.000000  
102.945166 0.017026  -0.019833  0.009965  0.082241  0.948421  0.306159  -0.996436  0.072477  0.043146  0.018731  -0.308617  0.951002  -0.013090  0.008878  -0.011261  0.000000  0.000000  0.000000  1.000000  
102.946166 0.017008  -0.019827  0.009954  0.082651  0.948391  0.306142  -0.996402  0.072867  0.043272  0.018731  -0.308617  0.951002  -0.013795  0.008737  -0.011142  -0.109396  0.051524  -0.172423  1.000000  
102.947416 0.016983  -0.019821  0.009942  0.083061  0.948361  0.306124  -0.996368  0.073258  0.043398  0.018731  -0.308617  0.951002  -0.014585  0.008415  -0.011084  -0.104712  0.051100  -0.185420  1.000000  
102.948666 0.016961  -0.019812  0.009929  0.083267  0.948346  0.306115  -0.996351  0.073453  0.043461  0.018731  -0.308617  0.951002  -0.015168  0.008233  -0.010890  -0.100813  0.048976  -0.193331  1.000000  
102.949668 0.016944  -0.019805  0.009919  0.083472  0.948331  0.306106  -0.996334  0.073648  0.043524  0.018731  -0.308617  0.951002  -0.015481  0.008130  -0.010826  -0.096923  0.051104  -0.199907  1.000000  
102.950924 0.016922  -0.019796  0.009906  0.083882  0.948301  0.306088  -0.996300  0.074039  0.043650  0.018731  -0.308617  0.951002  -0.016014  0.007982  -0.010718  -0.089824  0.051502  -0.216069  1.000000  
102.951928 0.016904  -0.019789  0.009894  0.084087  0.948285  0.306079  -0.996282  0.074234  0.043713  0.018731  -0.308617  0.951002  -0.016620  0.007684  -0.010850  -0.085728  0.051478  -0.216024  1.000000  
102.953172 0.016878  -0.019781  0.009879  0.084497  0.948255  0.306061  -0.996248  0.074624  0.043839  0.018731  -0.308617  0.951002  -0.017453  0.007202  -0.011374  -0.077837  0.060021  -0.227831  1.000000  
102.954172 0.016856  -0.019776  0.009865  0.084702  0.948239  0.306052  -0.996230  0.074820  0.043902  0.018731  -0.308617  0.951002  -0.017950  0.006872  -0.011753  -0.073889  0.062148  -0.234407  1.000000  
102.955416 0.016829  -0.019769  0.009846  0.084907  0.948224  0.306043  -0.996213  0.075015  0.043965  0.018731  -0.308617  0.951002  -0.018321  0.006699  -0.012195  -0.069240  0.061625  -0.232489  1.000000  
102.956418 0.016807  -0.019763  0.009830  0.085113  0.948205  0.306045  -0.996198  0.075251  0.043901  0.018597  -0.308618  0.951004  -0.018577  0.006625  -0.012438  -0.061646  0.057833  -0.235825  1.000000  
102.957666 0.016780  -0.019755  0.009810  0.085318  0.948189  0.306036  -0.996180  0.075446  0.043964  0.018597  -0.308618  0.951004  -0.019036  0.006551  -0.012603  -0.053621  0.064239  -0.241084  1.000000  
102.958666 0.016759  -0.019748  0.009796  0.085523  0.948211  0.305912  -0.996163  0.075647  0.044018  0.018597  -0.308502  0.951042  -0.019529  0.006396  -0.012592  -0.053608  0.064194  -0.241035  1.000000  
102.959924 0.016732  -0.019741  0.009781  0.085933  0.948180  0.305893  -0.996127  0.076037  0.044144  0.018597  -0.308502  0.951042  -0.019929  0.006259  -0.012467  -0.049649  0.066303  -0.247558  1.000000  
102.961166 0.016704  -0.019735  0.009768  0.086138  0.948164  0.305884  -0.996110  0.076232  0.044207  0.018597  -0.308502  0.951042  -0.020222  0.006177  -0.012409  -0.045585  0.066305  -0.247628  1.000000  
102.962416 0.016678  -0.019726  0.009752  0.086548  0.948133  0.305866  -0.996074  0.076623  0.044333  0.018597  -0.308502  0.951042  -0.020329  0.006301  -0.012632  -0.041638  0.068429  -0.254212  1.000000  
102.963416 0.016660  -0.019718  0.009736  0.086753  0.948117  0.305857  -0.996056  0.076818  0.044396  0.018597  -0.308502  0.951042  -0.020460  0.006408  -0.013090  -0.041654  0.064150  -0.255595  1.000000  
102.964666 0.016636  -0.019708  0.009716  0.087369  0.948069  0.305829  -0.996002  0.077404  0.044585  0.018597  -0.308502  0.951042  -0.020492  0.006503  -0.013511  -0.037527  0.067848  -0.266551  1.000000  
102.965918 0.016613  -0.019699  0.009695  0.087779  0.948037  0.305811  -0.995966  0.077794  0.044710  0.018597  -0.308502  0.951042  -0.020550  0.006507  -0.014086  -0.033601  0.074210  -0.271760  1.000000  
102.966919 0.016593  -0.019693  0.009677  0.087984  0.948021  0.305802  -0.995948  0.077989  0.044773  0.018597  -0.308502  0.951042  -0.020692  0.006384  -0.014521  -0.029551  0.074179  -0.271714  1.000000  
102.967931 0.016573  -0.019686  0.009658  0.088394  0.947989  0.305783  -0.995912  0.078379  0.044899  0.018597  -0.308502  0.951042  -0.020659  0.006474  -0.014936  -0.029784  0.074763  -0.273850  1.000000  
102.969176 0.016547  -0.019676  0.009635  0.089009  0.947974  0.305652  -0.995860  0.079012  0.044952  0.018463  -0.308388  0.951082  -0.020624  0.006664  -0.015360  -0.029878  0.076874  -0.280469  1.000000  
102.970422 0.016520  -0.019667  0.009613  0.089624  0.947925  0.305624  -0.995805  0.079597  0.045141  0.018463  -0.308388  0.951082  -0.020601  0.006796  -0.015471  -0.025937  0.079008  -0.287112  1.000000  
102.971670 0.016494  -0.019657  0.009593  0.090239  0.947909  0.305493  -0.995751  0.080229  0.045193  0.018329  -0.308273  0.951121  -0.020491  0.006968  -0.015536  -0.026044  0.076828  -0.295076  1.000000  
102.972920 0.016467  -0.019647  0.009573  0.090854  0.947892  0.305361  -0.995698  0.080861  0.045245  0.018196  -0.308158  0.951161  -0.020509  0.007068  -0.015562  -0.026132  0.078928  -0.301672  1.000000  
102.974167 0.016441  -0.019637  0.009552  0.091470  0.947876  0.305230  -0.995644  0.081493  0.045297  0.018062  -0.308044  0.951201  -0.020462  0.007245  -0.015873  -0.026241  0.076754  -0.309679  1.000000  
102.975416 0.016414  -0.019626  0.009530  0.092085  0.947858  0.305099  -0.995590  0.082125  0.045349  0.017928  -0.307929  0.951240  -0.020428  0.007592  -0.016466  -0.030425  0.074593  -0.317664  1.000000  
102.976667 0.016389  -0.019613  0.009506  0.092700  0.947840  0.304967  -0.995535  0.082757  0.045400  0.017794  -0.307814  0.951280  -0.020259  0.007940  -0.017113  -0.034606  0.072428  -0.325632  1.000000  
102.977667 0.016371  -0.019603  0.009486  0.093315  0.947826  0.304824  -0.995478  0.083348  0.045579  0.017794  -0.307699  0.951317  -0.020241  0.008079  -0.017503  -0.038939  0.076680  -0.338831  1.000000  
102.978918 0.016347  -0.019590  0.009460  0.094135  0.947827  0.304569  -0.995403  0.084180  0.045683  0.017661  -0.307469  0.951394  -0.020230  0.008243  -0.017905  -0.047442  0.078744  -0.359922  1.000000  
102.979920 0.016327  -0.019580  0.009439  0.094749  0.947812  0.304426  -0.995344  0.084771  0.045860  0.017661  -0.307354  0.951431  -0.020334  0.008423  -0.018202  -0.051642  0.080849  -0.366492  1.000000  
102.980921 0.016306  -0.019570  0.009420  0.095569  0.947775  0.304285  -0.995268  0.085598  0.045974  0.017527  -0.307239  0.951471  -0.020538  0.008580  -0.018284  -0.055614  0.082267  -0.384477  1.000000  
102.982168 0.016277  -0.019559  0.009397  0.096389  0.947774  0.304029  -0.995192  0.086431  0.046077  0.017393  -0.307009  0.951548  -0.020751  0.008879  -0.018332  -0.064047  0.084314  -0.405446  1.000000  
102.983416 0.016248  -0.019546  0.009376  0.097209  0.947772  0.303774  -0.995114  0.087263  0.046179  0.017259  -0.306779  0.951624  -0.020992  0.009077  -0.018213  -0.072349  0.084239  -0.419860  1.000000  
102.984424 0.016225  -0.019536  0.009359  0.097824  0.947788  0.303528  -0.995056  0.087901  0.046219  0.017125  -0.306548  0.951701  -0.021109  0.009208  -0.018103  -0.081319  0.084861  -0.437885  1.000000  
102.985673 0.016195  -0.019524  0.009337  0.098643  0.947789  0.303260  -0.994976  0.088692  0.046447  0.017125  -0.306318  0.951775  -0.021377  0.009412  -0.018186  -0.089846  0.091193  -0.457655  1.000000  
102.986928 0.016164  -0.019510  0.009313  0.099667  0.947803  0.302879  -0.994876  0.089726  0.046600  0.016992  -0.305972  0.951889  -0.021580  0.009725  -0.018432  -0.102363  0.097469  -0.477328  1.000000  
102.988172 0.016133  -0.019496  0.009288  0.100487  0.947798  0.302624  -0.994796  0.090558  0.046701  0.016858  -0.305742  0.951965  -0.021918  0.010025  -0.018864  -0.110860  0.099517  -0.498512  1.000000  
102.989416 0.016103  -0.019480  0.009262  0.101306  0.947829  0.302253  -0.994715  0.091396  0.046790  0.016724  -0.305396  0.952079  -0.022197  0.010275  -0.019123  -0.119245  0.099383  -0.513179  1.000000  
102.990419 0.016078  -0.019468  0.009241  0.102125  0.947823  0.301998  -0.994633  0.092229  0.046890  0.016590  -0.305166  0.952155  -0.022432  0.010522  -0.019300  -0.127722  0.101405  -0.534296  1.000000  
102.991666 0.016048  -0.019452  0.009215  0.103149  0.947833  0.301618  -0.994530  0.093262  0.047040  0.016456  -0.304820  0.952268  -0.022780  0.010702  -0.019384  -0.140420  0.105529  -0.562108  1.000000  
102.992667 0.016023  -0.019440  0.009196  0.103764  0.947844  0.301372  -0.994468  0.093900  0.047077  0.016323  -0.304589  0.952344  -0.023165  0.010831  -0.019336  -0.148657  0.103302  -0.570087  1.000000  
102.993918 0.015992  -0.019424  0.009173  0.104787  0.947856  0.300978  -0.994361  0.094893  0.047352  0.016323  -0.304243  0.952455  -0.023670  0.011013  -0.019101  -0.160029  0.110749  -0.591486  1.000000  
102.994918 0.015966  -0.019412  0.009156  0.105402  0.947866  0.300732  -0.994298  0.095530  0.047388  0.016189  -0.304012  0.952530  -0.024109  0.011195  -0.018894  -0.169602  0.109442  -0.604414  1.000000  
102.995919 0.015938  -0.019401  0.009139  0.106221  0.947897  0.300348  -0.994211  0.096328  0.047601  0.016189  -0.303666  0.952641  -0.024536  0.011295  -0.018765  -0.182041  0.113548  -0.617495  1.000000  
102.996926 0.015911  -0.019389  0.009123  0.106835  0.947905  0.300103  -0.994147  0.096965  0.047636  0.016055  -0.303435  0.952717  -0.024824  0.011500  -0.018624  -0.190228  0.111284  -0.625327  1.000000  
102.998167 0.015877  -0.019375  0.009101  0.107858  0.947951  0.299594  -0.994037  0.097964  0.047898  0.016055  -0.302973  0.952864  -0.025152  0.011607  -0.018584  -0.205293  0.116570  -0.640132  1.000000  
102.999417 0.015843  -0.019359  0.009078  0.108881  0.947954  0.299213  -0.993927  0.098998  0.048043  0.015921  -0.302627  0.952976  -0.025495  0.011835  -0.018765  -0.213541  0.120616  -0.653264  1.000000  
103.000417 0.015815  -0.019345  0.009059  0.109700  0.947981  0.298828  -0.993837  0.099796  0.048253  0.015921  -0.302280  0.953086  -0.025699  0.012061  -0.018827  -0.225885  0.124675  -0.666286  1.000000  
103.001425 0.015788  -0.019332  0.009039  0.110314  0.948059  0.298353  -0.993771  0.100445  0.048262  0.015788  -0.301818  0.953235  -0.025864  0.012275  -0.018907  -0.239842  0.125476  -0.671690  1.000000  
103.002427 0.015761  -0.019319  0.009020  0.111133  0.948080  0.297982  -0.993682  0.101283  0.048344  0.015654  -0.301472  0.953346  -0.026092  0.012378  -0.018856  -0.248095  0.129509  -0.684780  1.000000  
103.003672 0.015726  -0.019301  0.008998  0.112155  0.948120  0.297472  -0.993567  0.102283  0.048601  0.015654  -0.301010  0.953493  -0.026296  0.012599  -0.018639  -0.260558  0.137823  -0.696758  1.000000  
103.004690 0.015699  -0.019286  0.008981  0.113178  0.948118  0.297091  -0.993453  0.103316  0.048743  0.015520  -0.300663  0.953604  -0.026468  0.012726  -0.018319  -0.268851  0.139605  -0.717503  1.000000  
103.005918 0.015666  -0.019268  0.008962  0.114201  0.948150  0.296596  -0.993339  0.104356  0.048872  0.015386  -0.300201  0.953752  -0.026708  0.012937  -0.017897  -0.283173  0.142576  -0.725315  1.000000  
103.006921 0.015638  -0.019253  0.008947  0.115223  0.948186  0.296085  -0.993220  0.105356  0.049126  0.015386  -0.299738  0.953897  -0.026926  0.013115  -0.017495  -0.293702  0.149859  -0.736511  1.000000  
103.008167 0.015603  -0.019235  0.008929  0.116450  0.948194  0.295579  -0.993079  0.106591  0.049313  0.015252  -0.299276  0.954045  -0.027228  0.013214  -0.017144  -0.306186  0.155942  -0.756366  1.000000  
103.009417 0.015568  -0.019218  0.008910  0.117677  0.948200  0.295073  -0.992937  0.107826  0.049499  0.015119  -0.298814  0.954192  -0.027345  0.013328  -0.016928  -0.318590  0.155622  -0.770960  1.000000  
103.010666 0.015533  -0.019202  0.008891  0.118904  0.948210  0.294552  -0.992791  0.109021  0.049811  0.015119  -0.298351  0.954337  -0.027494  0.013419  -0.016795  -0.324201  0.162458  -0.776341  1.000000  
103.011667 0.015505  -0.019189  0.008875  0.119926  0.948235  0.294055  -0.992670  0.110061  0.049934  0.014985  -0.297888  0.954483  -0.027554  0.013562  -0.016775  -0.339175  0.165686  -0.789541  1.000000  
103.012926 0.015470  -0.019172  0.008856  0.121152  0.948236  0.293549  -0.992523  0.111296  0.050116  0.014851  -0.297426  0.954629  -0.027573  0.013751  -0.016648  -0.347315  0.169519  -0.802498  1.000000  
103.014167 0.015435  -0.019154  0.008836  0.122378  0.948235  0.293042  -0.992374  0.112531  0.050297  0.014717  -0.296963  0.954776  -0.027607  0.013921  -0.016385  -0.352916  0.169844  -0.817154  1.000000  
103.015167 0.015406  -0.019140  0.008821  0.123604  0.948237  0.292520  -0.992222  0.113727  0.050604  0.014717  -0.296500  0.954920  -0.027699  0.013930  -0.016153  -0.361234  0.177972  -0.829118  1.000000  
103.016168 0.015379  -0.019126  0.008807  0.124626  0.948257  0.292024  -0.992097  0.114767  0.050723  0.014584  -0.296037  0.955065  -0.027724  0.014017  -0.015808  -0.369552  0.181867  -0.842561  1.000000  
103.017215 0.015351  -0.019111  0.008794  0.125647  0.948239  0.291642  -0.991970  0.115801  0.050854  0.014450  -0.295690  0.955175  -0.027713  0.014063  -0.015242  -0.371879  0.184787  -0.854543  1.000000  
103.018428 0.015315  -0.019092  0.008780  0.127077  0.948243  0.291010  -0.991790  0.117237  0.051077  0.014316  -0.295111  0.955356  -0.027870  0.014115  -0.014750  -0.384617  0.188786  -0.868769  1.000000  
103.019676 0.015280  -0.019073  0.008766  0.128302  0.948269  0.290388  -0.991634  0.118479  0.051238  0.014182  -0.294532  0.955536  -0.027994  0.014208  -0.014375  -0.392909  0.192538  -0.882166  1.000000  
103.020921 0.015244  -0.019055  0.008752  0.129731  0.948263  0.289772  -0.991452  0.119954  0.051330  0.013915  -0.293954  0.955718  -0.028126  0.014165  -0.013948  -0.401165  0.192000  -0.896974  1.000000  
103.022166 0.015208  -0.019037  0.008738  0.130956  0.948284  0.289150  -0.991292  0.121196  0.051487  0.013781  -0.293375  0.955898  -0.028260  0.014155  -0.013678  -0.410121  0.189883  -0.904064  1.000000  
103.023171 0.015178  -0.019024  0.008725  0.132181  0.948269  0.288643  -0.991132  0.122431  0.051658  0.013647  -0.292911  0.956042  -0.028337  0.014106  -0.013613  -0.417662  0.195195  -0.924809  1.000000  
103.024421 0.015140  -0.019007  0.008710  0.133405  0.948286  0.288021  -0.990969  0.123673  0.051813  0.013513  -0.292332  0.956221  -0.028525  0.014088  -0.013308  -0.425891  0.198872  -0.938106  1.000000  
103.025666 0.015103  -0.018990  0.008695  0.134833  0.948271  0.287405  -0.990780  0.125148  0.051899  0.013246  -0.291753  0.956402  -0.028627  0.014117  -0.013077  -0.434713  0.194468  -0.952829  1.000000  
103.026667 0.015073  -0.018978  0.008683  0.135853  0.948276  0.286909  -0.990642  0.126188  0.052006  0.013112  -0.291290  0.956545  -0.028793  0.014081  -0.012831  -0.442545  0.197812  -0.967817  1.000000  
103.027672 0.015044  -0.018964  0.008672  0.137077  0.948253  0.286402  -0.990475  0.127423  0.052172  0.012978  -0.290826  0.956688  -0.028893  0.014106  -0.012458  -0.446553  0.197127  -0.982007  1.000000  
103.028927 0.015005  -0.018948  0.008659  0.138301  0.948298  0.285665  -0.990307  0.128671  0.052305  0.012844  -0.290130  0.956901  -0.029137  0.013946  -0.012000  -0.455112  0.199060  -0.987229  1.000000  
103.030167 0.014966  -0.018931  0.008648  0.139524  0.948306  0.285043  -0.990137  0.129913  0.052453  0.012711  -0.289550  0.957078  -0.029354  0.013957  -0.011523  -0.459189  0.196294  -0.995220  1.000000  
103.031417 0.014927  -0.018915  0.008637  0.140951  0.948285  0.284410  -0.989937  0.131349  0.052657  0.012577  -0.288970  0.957255  -0.029654  0.013828  -0.011149  -0.463496  0.201880  -1.015233  1.000000  
103.032417 0.014895  -0.018901  0.008628  0.141970  0.948281  0.283914  -0.989793  0.132389  0.052759  0.012443  -0.288506  0.957397  -0.029997  0.013732  -0.010944  -0.467515  0.203483  -1.021917  1.000000  
103.033667 0.014856  -0.018884  0.008615  0.143397  0.948290  0.283166  -0.989589  0.133833  0.052944  0.012309  -0.287810  0.957608  -0.030158  0.013601  -0.010785  -0.475660  0.202614  -1.036332  1.000000  
103.034679 0.014824  -0.018871  0.008605  0.144619  0.948290  0.282544  -0.989412  0.135074  0.053085  0.012175  -0.287229  0.957784  -0.030404  0.013424  -0.010773  -0.483795  0.204169  -1.043194  1.000000  
103.035940 0.014784  -0.018856  0.008590  0.146045  0.948260  0.281911  -0.989205  0.136511  0.053282  0.012042  -0.286649  0.957960  -0.030649  0.013208  -0.010784  -0.487206  0.207021  -1.057389  1.000000  
103.037178 0.014743  -0.018840  0.008577  0.147471  0.948262  0.281163  -0.988995  0.137954  0.053461  0.011908  -0.285952  0.958170  -0.030990  0.013062  -0.010647  -0.495646  0.204220  -1.066025  1.000000  
103.038421 0.014702  -0.018825  0.008565  0.148896  0.948260  0.280414  -0.988783  0.139397  0.053638  0.011774  -0.285255  0.958379  -0.031280  0.013002  -0.010459  -0.499667  0.203546  -1.066353  1.000000  
103.039669 0.014659  -0.018811  0.008554  0.150321  0.948257  0.279666  -0.988569  0.140841  0.053813  0.011640  -0.284558  0.958588  -0.031587  0.012824  -0.010096  -0.508208  0.205095  -1.074028  1.000000  
103.040918 0.014618  -0.018797  0.008543  0.151949  0.948227  0.278887  -0.988320  0.142442  0.054170  0.011640  -0.283860  0.958795  -0.031931  0.012690  -0.009900  -0.516082  0.212617  -1.085261  1.000000  
103.042166 0.014576  -0.018782  0.008533  0.153374  0.948217  0.278138  -0.988101  0.143885  0.054340  0.011506  -0.283163  0.959003  -0.032195  0.012553  -0.009555  -0.524276  0.209675  -1.093365  1.000000  
103.043167 0.014543  -0.018771  0.008526  0.154594  0.948207  0.277496  -0.987911  0.145090  0.054596  0.011506  -0.282581  0.959174  -0.032390  0.012459  -0.009342  -0.528219  0.217652  -1.102826  1.000000  
103.044169 0.014508  -0.018759  0.008518  0.155611  0.948225  0.276864  -0.987751  0.146099  0.054793  0.011506  -0.282000  0.959346  -0.032669  0.012335  -0.009283  -0.536461  0.221132  -1.104067  1.000000  
103.045416 0.014466  -0.018744  0.008507  0.157034  0.948215  0.276095  -0.987526  0.147505  0.055084  0.011506  -0.281301  0.959551  -0.032891  0.012216  -0.009253  -0.540539  0.224732  -1.103072  1.000000  
103.046416 0.014431  -0.018733  0.008498  0.158051  0.948224  0.275484  -0.987366  0.148552  0.055152  0.011373  -0.280720  0.959722  -0.033067  0.012092  -0.009215  -0.548450  0.222201  -1.096551  1.000000  
103.047417 0.014397  -0.018722  0.008489  0.159270  0.948207  0.274840  -0.987170  0.149757  0.055401  0.011373  -0.280138  0.959892  -0.033194  0.011954  -0.009263  -0.553080  0.223782  -1.104226  1.000000  
103.048666 0.014354  -0.018707  0.008478  0.160693  0.948190  0.274070  -0.986939  0.151164  0.055687  0.011373  -0.279439  0.960096  -0.033496  0.011789  -0.009177  -0.556358  0.229348  -1.106425  1.000000  
103.049669 0.014318  -0.018696  0.008469  0.161912  0.948201  0.273311  -0.986740  0.152375  0.055915  0.011373  -0.278740  0.960299  -0.033764  0.011711  -0.009045  -0.564417  0.234901  -1.111781  1.000000  
103.050922 0.014274  -0.018682  0.008460  0.163537  0.948148  0.272529  -0.986472  0.153978  0.056253  0.011373  -0.278041  0.960502  -0.034061  0.011591  -0.008721  -0.568840  0.244608  -1.118396  1.000000  
103.051926 0.014237  -0.018671  0.008454  0.164755  0.948122  0.271884  -0.986269  0.155183  0.056495  0.011373  -0.277459  0.960670  -0.034310  0.011455  -0.008347  -0.572778  0.250218  -1.123587  1.000000  
103.052927 0.014201  -0.018661  0.008448  0.165973  0.948094  0.271239  -0.986065  0.156389  0.056736  0.011373  -0.276876  0.960838  -0.034537  0.011350  -0.008093  -0.576852  0.253948  -1.122591  1.000000  
103.054170 0.014156  -0.018647  0.008442  0.167597  0.948065  0.270340  -0.985790  0.157998  0.057049  0.011373  -0.276060  0.961073  -0.034763  0.011304  -0.007707  -0.585232  0.261434  -1.135024  1.000000  
103.055416 0.014109  -0.018633  0.008437  0.169220  0.948000  0.269556  -0.985513  0.159601  0.057378  0.011373  -0.275360  0.961274  -0.035025  0.011307  -0.007378  -0.588607  0.268685  -1.144180  1.000000  
103.056419 0.014073  -0.018622  0.008431  0.170235  0.948031  0.268807  -0.985338  0.160619  0.057538  0.011373  -0.274661  0.961474  -0.035265  0.011270  -0.007213  -0.597259  0.274863  -1.138074  1.000000  
103.057424 0.014036  -0.018610  0.008426  0.171654  0.947961  0.268149  -0.985092  0.162020  0.057827  0.011373  -0.274078  0.961640  -0.035447  0.011262  -0.007018  -0.601337  0.280508  -1.143585  1.000000  
103.058667 0.013989  -0.018595  0.008420  0.173479  0.947893  0.267214  -0.984770  0.163790  0.058312  0.011506  -0.273261  0.961871  -0.035792  0.011299  -0.006757  -0.604843  0.293685  -1.158272  1.000000  
103.059926 0.013942  -0.018581  0.008414  0.175303  0.947815  0.266301  -0.984447  0.165596  0.058666  0.011506  -0.272444  0.962103  -0.036076  0.011228  -0.006469  -0.613829  0.303310  -1.179759  1.000000  
103.061167 0.013894  -0.018566  0.008409  0.176722  0.947801  0.265412  -0.984194  0.167011  0.058908  0.011506  -0.271627  0.962334  -0.036431  0.011305  -0.006037  -0.622095  0.306864  -1.179093  1.000000  
103.062417 0.013844  -0.018552  0.008406  0.178140  0.947784  0.264522  -0.983938  0.168427  0.059148  0.011506  -0.270810  0.962564  -0.036863  0.011312  -0.005492  -0.629134  0.311654  -1.181424  1.000000  
103.063417 0.013805  -0.018540  0.008405  0.179355  0.947735  0.263874  -0.983717  0.169634  0.059371  0.011506  -0.270226  0.962728  -0.037220  0.011351  -0.004916  -0.630174  0.315862  -1.183651  1.000000  
103.064667 0.013753  -0.018525  0.008405  0.180975  0.947678  0.262971  -0.983420  0.171245  0.059661  0.011506  -0.269408  0.962957  -0.037700  0.011346  -0.004256  -0.633337  0.320605  -1.186423  1.000000  
103.065917 0.013701  -0.018510  0.008406  0.182595  0.947618  0.262068  -0.983121  0.172857  0.059947  0.011506  -0.268590  0.963186  -0.038222  0.011471  -0.003616  -0.641684  0.326067  -1.192499  1.000000  
103.066917 0.013658  -0.018498  0.008406  0.183809  0.947594  0.261304  -0.982895  0.174071  0.060144  0.011506  -0.267889  0.963381  -0.038625  0.011542  -0.003163  -0.645365  0.331277  -1.197408  1.000000  
103.067928 0.013616  -0.018486  0.008408  0.185023  0.947568  0.260540  -0.982667  0.175286  0.060339  0.011506  -0.267188  0.963576  -0.039024  0.011702  -0.002633  -0.650271  0.333539  -1.192665  1.000000  
103.068929 0.013573  -0.018473  0.008409  0.186439  0.947504  0.259763  -0.982399  0.176695  0.060586  0.011506  -0.266487  0.963770  -0.039444  0.011800  -0.002228  -0.654271  0.334571  -1.199252  1.000000  
103.070172 0.013521  -0.018456  0.008410  0.187854  0.947475  0.258847  -0.982128  0.178077  0.060936  0.011640  -0.265668  0.963994  -0.039876  0.011972  -0.001799  -0.658532  0.342366  -1.197382  1.000000  
103.071421 0.013467  -0.018439  0.008413  0.188865  0.947511  0.257980  -0.981934  0.179104  0.061050  0.011640  -0.264849  0.964220  -0.040441  0.012146  -0.001151  -0.662433  0.337620  -1.184316  1.000000  
103.072666 0.013413  -0.018422  0.008415  0.190078  0.947507  0.257100  -0.981700  0.180326  0.061215  0.011640  -0.264031  0.964444  -0.040950  0.012357  -0.000672  -0.669072  0.338370  -1.173653  1.000000  
103.073668 0.013369  -0.018408  0.008419  0.191290  0.947471  0.256335  -0.981465  0.181541  0.061401  0.011640  -0.263329  0.964636  -0.041458  0.012509  -0.000021  -0.670956  0.338604  -1.177859  1.000000  
103.074917 0.013312  -0.018391  0.008426  0.192906  0.947388  0.255429  -0.981148  0.183154  0.061668  0.011640  -0.262510  0.964859  -0.042005  0.012680  0.000792  -0.677315  0.340396  -1.187351  1.000000  
103.075919 0.013266  -0.018378  0.008432  0.194118  0.947353  0.254638  -0.980908  0.184335  0.061975  0.011774  -0.261807  0.965048  -0.042548  0.012800  0.001549  -0.678800  0.349066  -1.188411  1.000000  
103.077168 0.013209  -0.018360  0.008441  0.195531  0.947333  0.253629  -0.980627  0.185760  0.062162  0.011774  -0.260870  0.965302  -0.043101  0.013029  0.002331  -0.686967  0.348064  -1.188731  1.000000  
103.078417 0.013150  -0.018341  0.008449  0.196944  0.947279  0.252735  -0.980344  0.187178  0.062369  0.011774  -0.260051  0.965523  -0.043660  0.013271  0.003001  -0.691062  0.347136  -1.189037  1.000000  
103.079417 0.013102  -0.018327  0.008457  0.198155  0.947231  0.251969  -0.980100  0.188394  0.062544  0.011774  -0.259348  0.965712  -0.044109  0.013461  0.003483  -0.691123  0.346301  -1.189394  1.000000  
103.080667 0.013043  -0.018308  0.008466  0.199769  0.947133  0.251061  -0.979772  0.190007  0.062797  0.011774  -0.258528  0.965932  -0.044584  0.013686  0.004072  -0.693569  0.346221  -1.192889  1.000000  
103.081917 0.012983  -0.018290  0.008475  0.201382  0.947038  0.250127  -0.979440  0.191587  0.063175  0.011908  -0.257707  0.966150  -0.045044  0.013906  0.004568  -0.697909  0.349684  -1.192333  1.000000  
103.082920 0.012935  -0.018274  0.008483  0.202591  0.946952  0.249475  -0.979191  0.192795  0.063367  0.011908  -0.257121  0.966306  -0.045432  0.014097  0.005017  -0.697837  0.348925  -1.192422  1.000000  
103.084171 0.012874  -0.018254  0.008493  0.204204  0.946852  0.248540  -0.978854  0.194374  0.063739  0.012042  -0.256300  0.966522  -0.045927  0.014363  0.005591  -0.699372  0.351327  -1.187923  1.000000  
103.085422 0.012814  -0.018235  0.008505  0.206017  0.946701  0.247618  -0.978474  0.196183  0.064033  0.012042  -0.255479  0.966740  -0.046469  0.014570  0.006369  -0.699433  0.353940  -1.201394  1.000000  
103.086427 0.012764  -0.018219  0.008515  0.207225  0.946615  0.246937  -0.978218  0.197358  0.064346  0.012175  -0.254893  0.966893  -0.046878  0.014739  0.006956  -0.699357  0.357465  -1.200143  1.000000  
103.087672 0.012702  -0.018199  0.008530  0.208635  0.946539  0.246041  -0.977918  0.198777  0.064533  0.012175  -0.254072  0.967109  -0.047453  0.014911  0.007710  -0.699586  0.350397  -1.195346  1.000000  
103.088696 0.012651  -0.018183  0.008543  0.209842  0.946449  0.245360  -0.977658  0.199952  0.064842  0.012309  -0.253485  0.967261  -0.047796  0.015059  0.008283  -0.694769  0.349961  -1.179922  1.000000  
103.089916 0.012587  -0.018163  0.008559  0.211452  0.946333  0.244422  -0.977309  0.201533  0.065201  0.012443  -0.252663  0.967474  -0.048381  0.015232  0.008887  -0.698192  0.352783  -1.177427  1.000000  
103.090919 0.012534  -0.018147  0.008572  0.212859  0.946197  0.243726  -0.977002  0.202903  0.065557  0.012577  -0.252076  0.967626  -0.048795  0.015402  0.009303  -0.695695  0.359075  -1.185905  1.000000  
103.092166 0.012469  -0.018126  0.008587  0.214468  0.946075  0.242787  -0.976648  0.204484  0.065911  0.012711  -0.251253  0.967838  -0.049327  0.015627  0.009743  -0.698272  0.363137  -1.188435  1.000000  
103.093167 0.012415  -0.018109  0.008600  0.215875  0.945926  0.242118  -0.976338  0.205887  0.066136  0.012711  -0.250666  0.967990  -0.049853  0.015782  0.010210  -0.695970  0.365308  -1.198659  1.000000  
103.094170 0.012362  -0.018091  0.008613  0.217080  0.945855  0.241320  -0.976069  0.207071  0.066411  0.012844  -0.249961  0.968171  -0.050177  0.016001  0.010575  -0.695900  0.366943  -1.190954  1.000000  
103.095416 0.012295  -0.018068  0.008630  0.218486  0.945767  0.240393  -0.975754  0.208458  0.066708  0.012978  -0.249139  0.968381  -0.050631  0.016276  0.011064  -0.694421  0.369097  -1.186978  1.000000  
103.096416 0.012241  -0.018051  0.008645  0.219691  0.945662  0.239708  -0.975481  0.209634  0.067004  0.013112  -0.248551  0.968530  -0.051088  0.016419  0.011560  -0.694515  0.372691  -1.186068  1.000000  
103.097417 0.012187  -0.018032  0.008660  0.220695  0.945619  0.238951  -0.975255  0.210657  0.067097  0.013112  -0.247846  0.968711  -0.051473  0.016626  0.012054  -0.694439  0.370063  -1.179720  1.000000  
103.098417 0.012132  -0.018013  0.008677  0.221899  0.945539  0.238151  -0.974980  0.211841  0.067365  0.013246  -0.247141  0.968889  -0.051953  0.016916  0.012693  -0.694676  0.373598  -1.179105  1.000000  
103.099669 0.012063  -0.017990  0.008697  0.223304  0.945442  0.237222  -0.974657  0.213229  0.067653  0.013379  -0.246317  0.969097  -0.052523  0.017108  0.013284  -0.694630  0.375126  -1.171569  1.000000  
103.100925 0.011994  -0.017966  0.008718  0.224707  0.945350  0.236263  -0.974331  0.214585  0.068065  0.013647  -0.245494  0.969302  -0.053108  0.017408  0.013924  -0.692309  0.381341  -1.180199  1.000000  
103.101929 0.011938  -0.017948  0.008736  0.226111  0.945219  0.235448  -0.974004  0.215965  0.068375  0.013781  -0.244788  0.969479  -0.053438  0.017554  0.014319  -0.696513  0.388353  -1.192468  1.000000  
103.103178 0.011868  -0.017926  0.008757  0.227514  0.945085  0.234632  -0.973675  0.217345  0.068682  0.013915  -0.244082  0.969655  -0.053912  0.017720  0.014708  -0.688469  0.393406  -1.198233  1.000000  
103.104422 0.011796  -0.017902  0.008779  0.228916  0.944984  0.233671  -0.973343  0.218702  0.069087  0.014182  -0.243257  0.969858  -0.054499  0.017902  0.015137  -0.691787  0.400040  -1.194151  1.000000  
103.105667 0.011724  -0.017880  0.008799  0.230318  0.944874  0.232739  -0.973010  0.220091  0.069363  0.014316  -0.242433  0.970062  -0.054926  0.018098  0.015442  -0.688944  0.396764  -1.183787  1.000000  
103.106922 0.011652  -0.017857  0.008821  0.231919  0.944722  0.231762  -0.972626  0.221643  0.069811  0.014584  -0.241608  0.970264  -0.055350  0.018226  0.015880  -0.685002  0.406059  -1.188371  1.000000  
103.108167 0.011579  -0.017833  0.008845  0.233520  0.944532  0.230929  -0.972241  0.223218  0.070156  0.014717  -0.240902  0.970438  -0.055726  0.018399  0.016361  -0.681196  0.411266  -1.194430  1.000000  
103.109167 0.011522  -0.017813  0.008864  0.234720  0.944410  0.230209  -0.971948  0.224365  0.070558  0.014985  -0.240312  0.970580  -0.056041  0.018529  0.016750  -0.677283  0.419174  -1.192447  1.000000  
103.110417 0.011448  -0.017788  0.008890  0.236319  0.944249  0.229229  -0.971556  0.225918  0.070998  0.015252  -0.239487  0.970780  -0.056497  0.018689  0.017436  -0.677452  0.426871  -1.190560  1.000000  
103.111667 0.011374  -0.017763  0.008917  0.237919  0.944050  0.228394  -0.971163  0.227494  0.071336  0.015386  -0.238780  0.970952  -0.057050  0.018874  0.017959  -0.673539  0.425929  -1.190886  1.000000  
103.112916 0.011300  -0.017738  0.008943  0.239516  0.943863  0.227496  -0.970764  0.229007  0.071923  0.015788  -0.238072  0.971119  -0.057284  0.018990  0.018320  -0.672502  0.438012  -1.191391  1.000000  
103.113917 0.011241  -0.017718  0.008965  0.240715  0.943725  0.226803  -0.970465  0.230186  0.072191  0.015921  -0.237482  0.971261  -0.057579  0.019098  0.018661  -0.668499  0.435500  -1.184971  1.000000  
103.115167 0.011167  -0.017693  0.008991  0.242311  0.943560  0.225789  -0.970061  0.231709  0.072746  0.016323  -0.236656  0.971456  -0.057948  0.019153  0.018997  -0.672828  0.447555  -1.182075  1.000000  
103.116169 0.011108  -0.017672  0.009012  0.243508  0.943425  0.225063  -0.969757  0.232858  0.073136  0.016590  -0.236066  0.971595  -0.058151  0.019320  0.019263  -0.669398  0.449713  -1.175429  1.000000  
103.117423 0.011032  -0.017647  0.009039  0.245303  0.943205  0.224031  -0.969298  0.234576  0.073731  0.016992  -0.235239  0.971789  -0.058559  0.019436  0.019638  -0.670710  0.466790  -1.188087  1.000000  
103.118446 0.010971  -0.017627  0.009062  0.246499  0.943039  0.223418  -0.968989  0.235716  0.074146  0.017259  -0.234767  0.971899  -0.058752  0.019555  0.020050  -0.666916  0.470522  -1.187292  1.000000  
103.119674 0.010894  -0.017603  0.009090  0.248093  0.942862  0.222398  -0.968575  0.237241  0.074690  0.017661  -0.233940  0.972091  -0.059252  0.019692  0.020572  -0.670009  0.477751  -1.188916  1.000000  
103.120929 0.010817  -0.017578  0.009119  0.249885  0.942579  0.221590  -0.968107  0.238942  0.075335  0.018062  -0.233348  0.972225  -0.059538  0.019823  0.021108  -0.663267  0.485986  -1.183183  1.000000  
103.122166 0.010740  -0.017552  0.009149  0.251477  0.942369  0.220682  -0.967687  0.240459  0.075903  0.018463  -0.232639  0.972388  -0.059877  0.019949  0.021568  -0.658547  0.493244  -1.185288  1.000000  
103.123173 0.010678  -0.017531  0.009174  0.252671  0.942228  0.219918  -0.967368  0.241579  0.076406  0.018864  -0.232047  0.972522  -0.060071  0.020109  0.022002  -0.655862  0.501762  -1.179663  1.000000  
103.124419 0.010601  -0.017505  0.009205  0.254063  0.942062  0.219023  -0.966996  0.242903  0.076924  0.019266  -0.231338  0.972683  -0.060388  0.020251  0.022387  -0.652046  0.512350  -1.170305  1.000000  
