1-Time 2-Px 3-Py 4-Pz 5-R11 6-R21 7-R31 8-R12 9-R22 10-R32 11-R13 12-R23 13-R33 14-Vx 15-Vy 16-Vz 17-Wx 18-Wy 19-Wz 20-state
171.255480 0.038846  -0.033744  -0.008069  0.563118  0.616687  0.550087  -0.646956  -0.085163  0.757757  0.514146  -0.782588  0.351012  0.002153  0.001135  0.000707  0.000000  0.000000  0.000000  1.000000  
171.256571 0.038846  -0.033746  -0.008067  0.563297  0.616569  0.550036  -0.646892  -0.085049  0.757824  0.514031  -0.782694  0.350945  -0.000394  -0.002538  0.002459  0.000000  0.000000  0.000000  1.000000  
171.257816 0.038837  -0.033745  -0.008059  0.563297  0.616569  0.550036  -0.646892  -0.085049  0.757824  0.514031  -0.782694  0.350945  -0.004765  -0.000641  0.004976  0.000000  0.000000  0.000000  1.000000  
171.258822 0.038825  -0.033744  -0.008051  0.563297  0.616569  0.550036  -0.646892  -0.085049  0.757824  0.514031  -0.782694  0.350945  -0.007326  0.000171  0.005992  0.000000  0.000000  0.000000  1.000000  
171.260068 0.038812  -0.033740  -0.008041  0.563475  0.616518  0.549911  -0.646828  -0.084844  0.757902  0.513916  -0.782756  0.350973  -0.008059  0.000991  0.006544  0.000000  0.000000  0.000000  1.000000  
171.261319 0.038802  -0.033733  -0.008030  0.563475  0.616584  0.549836  -0.646828  -0.084752  0.757912  0.513916  -0.782714  0.351068  -0.008055  0.002003  0.007078  0.000000  0.000000  0.000000  1.000000  
171.262588 0.038787  -0.033723  -0.008020  0.563653  0.616600  0.549636  -0.646764  -0.084454  0.758000  0.513801  -0.782734  0.351192  -0.008804  0.003094  0.007129  0.000000  0.000000  0.000000  1.000000  
171.263821 0.038765  -0.033711  -0.008014  0.563698  0.616531  0.549667  -0.646815  -0.084375  0.757965  0.513687  -0.782797  0.351220  -0.010198  0.004169  0.006866  0.000000  0.000000  0.000000  1.000000  
171.264824 0.038745  -0.033701  -0.008010  0.563698  0.616597  0.549592  -0.646815  -0.084283  0.757975  0.513687  -0.782754  0.351315  -0.011264  0.004845  0.006547  0.000000  0.000000  0.000000  1.000000  
171.266073 0.038721  -0.033689  -0.008003  0.563565  0.616580  0.549748  -0.646931  -0.084410  0.757862  0.513687  -0.782754  0.351315  -0.012269  0.005389  0.006360  0.000000  0.000000  0.000000  1.000000  
171.267316 0.038699  -0.033675  -0.007996  0.563565  0.616647  0.549674  -0.646931  -0.084318  0.757872  0.513687  -0.782712  0.351410  -0.012825  0.006039  0.006330  0.000000  0.000000  0.000000  1.000000  
171.268317 0.038682  -0.033663  -0.007989  0.563520  0.616715  0.549643  -0.646880  -0.084397  0.757908  0.513801  -0.782649  0.351381  -0.013208  0.006536  0.006358  0.000000  0.000000  0.000000  1.000000  
171.269568 0.038657  -0.033645  -0.007981  0.563520  0.616782  0.549568  -0.646880  -0.084305  0.757918  0.513801  -0.782606  0.351476  -0.013795  0.007188  0.006394  0.000000  0.000000  0.000000  1.000000  
171.270816 0.038628  -0.033629  -0.007968  0.563387  0.616765  0.549724  -0.646996  -0.084432  0.757805  0.513801  -0.782606  0.351476  -0.014611  0.007699  0.006694  0.000000  0.000000  0.000000  1.000000  
171.271817 0.038602  -0.033616  -0.007958  0.563387  0.616765  0.549724  -0.646996  -0.084432  0.757805  0.513801  -0.782606  0.351476  -0.016239  0.008701  0.007129  0.000000  0.000000  0.000000  1.000000  
171.272819 0.038577  -0.033602  -0.007947  0.563432  0.616696  0.549755  -0.647047  -0.084353  0.757769  0.513687  -0.782669  0.351504  -0.017377  0.009712  0.007427  0.000000  0.000000  0.000000  1.000000  
171.274066 0.038548  -0.033581  -0.007937  0.563432  0.616696  0.549755  -0.647047  -0.084353  0.757769  0.513687  -0.782669  0.351504  -0.018273  0.010733  0.007424  0.000000  0.000000  0.000000  1.000000  
171.275317 0.038517  -0.033559  -0.007930  0.563610  0.616645  0.549630  -0.646983  -0.084147  0.757847  0.513572  -0.782732  0.351533  -0.019745  0.012080  0.007250  0.000000  0.000000  0.000000  1.000000  
171.276319 0.038491  -0.033540  -0.007923  0.563655  0.616576  0.549661  -0.647035  -0.084068  0.757811  0.513457  -0.782794  0.351561  -0.020929  0.012981  0.007129  0.000000  0.000000  0.000000  1.000000  
171.277567 0.038455  -0.033515  -0.007913  0.563701  0.616507  0.549692  -0.647087  -0.083989  0.757776  0.513342  -0.782857  0.351589  -0.022175  0.013923  0.007202  0.000000  0.000000  0.000000  1.000000  
171.278819 0.038418  -0.033491  -0.007899  0.563924  0.616453  0.549523  -0.647074  -0.083612  0.757828  0.513113  -0.782940  0.351740  -0.023146  0.014690  0.007640  0.000000  0.000000  0.000000  1.000000  
171.279820 0.038389  -0.033470  -0.007888  0.564102  0.616402  0.549398  -0.647010  -0.083406  0.757906  0.512998  -0.783002  0.351768  -0.023755  0.015363  0.008145  0.000000  0.000000  0.000000  1.000000  
171.281068 0.038353  -0.033445  -0.007872  0.564371  0.616279  0.549260  -0.647049  -0.082951  0.757923  0.512653  -0.783147  0.351948  -0.024559  0.016303  0.008798  0.000000  0.000000  0.000000  1.000000  
171.282070 0.038324  -0.033421  -0.007855  0.564594  0.616158  0.549165  -0.647036  -0.082666  0.757965  0.512423  -0.783272  0.352004  -0.025424  0.017171  0.009544  0.000000  0.000000  0.000000  1.000000  
171.283321 0.038287  -0.033392  -0.007832  0.564818  0.616104  0.548997  -0.647023  -0.082289  0.758017  0.512194  -0.783355  0.352155  -0.026466  0.018136  0.010538  0.000000  0.000000  0.000000  1.000000  
171.284566 0.038247  -0.033364  -0.007811  0.565041  0.615983  0.548903  -0.647010  -0.082004  0.758059  0.511964  -0.783480  0.352211  -0.027324  0.018768  0.011348  0.000000  0.000000  0.000000  1.000000  
171.285819 0.038209  -0.033336  -0.007793  0.565397  0.615879  0.548652  -0.646880  -0.081593  0.758214  0.511734  -0.783605  0.352267  -0.027967  0.019627  0.011747  0.000000  0.000000  0.000000  1.000000  
171.287066 0.038171  -0.033309  -0.007779  0.565799  0.615705  0.548433  -0.646802  -0.081103  0.758333  0.511389  -0.783792  0.352352  -0.028403  0.020349  0.011692  0.000000  0.000000  0.000000  1.000000  
171.288072 0.038139  -0.033286  -0.007770  0.566022  0.615650  0.548265  -0.646789  -0.080726  0.758385  0.511159  -0.783874  0.352503  -0.028935  0.020885  0.011690  0.000000  0.000000  0.000000  1.000000  
171.289317 0.038099  -0.033257  -0.007758  0.566469  0.615340  0.548151  -0.646761  -0.080249  0.758459  0.510699  -0.784166  0.352520  -0.029663  0.021462  0.011945  0.000000  0.000000  0.000000  1.000000  
171.290317 0.038064  -0.033234  -0.007750  0.566737  0.615149  0.548088  -0.646799  -0.079885  0.758465  0.510354  -0.784353  0.352604  -0.030287  0.021662  0.012122  0.000000  0.000000  0.000000  1.000000  
171.291565 0.038020  -0.033207  -0.007738  0.567183  0.614839  0.547975  -0.646771  -0.079408  0.758539  0.509893  -0.784645  0.352621  -0.030892  0.021845  0.012224  0.000000  0.000000  0.000000  1.000000  
171.292815 0.037976  -0.033179  -0.007722  0.567629  0.614528  0.547862  -0.646742  -0.078932  0.758614  0.509433  -0.784936  0.352637  -0.031422  0.022074  0.012503  0.000000  0.000000  0.000000  1.000000  
171.294065 0.037930  -0.033152  -0.007706  0.568208  0.614299  0.547518  -0.646596  -0.078236  0.758810  0.508972  -0.785185  0.352749  -0.032126  0.022278  0.012717  0.000000  0.000000  0.000000  1.000000  
171.295066 0.037892  -0.033129  -0.007695  0.568654  0.614054  0.547330  -0.646566  -0.077668  0.758894  0.508512  -0.785433  0.352860  -0.032670  0.022423  0.012687  0.000000  0.000000  0.000000  1.000000  
171.296084 0.037853  -0.033106  -0.007683  0.569100  0.613742  0.547217  -0.646536  -0.077192  0.758968  0.508051  -0.785724  0.352877  -0.033404  0.022500  0.012502  -0.096481  0.045389  -0.261807  1.000000  
171.297329 0.037805  -0.033076  -0.007670  0.569591  0.613426  0.547060  -0.646557  -0.076544  0.759016  0.507474  -0.786034  0.353016  -0.034192  0.022576  0.011971  -0.099445  0.045203  -0.291337  1.000000  
171.298568 0.037758  -0.033045  -0.007658  0.569904  0.613163  0.547029  -0.646643  -0.076102  0.758987  0.507013  -0.786282  0.353127  -0.034806  0.022761  0.011204  -0.098891  0.043283  -0.310297  1.000000  
171.299572 0.037719  -0.033020  -0.007650  0.570349  0.612916  0.546841  -0.646612  -0.075534  0.759070  0.506552  -0.786529  0.353238  -0.035320  0.022931  0.010633  -0.105887  0.046787  -0.331533  1.000000  
171.300818 0.037668  -0.032989  -0.007639  0.570928  0.612684  0.546498  -0.646463  -0.074840  0.759266  0.506090  -0.786776  0.353349  -0.036020  0.023132  0.010232  -0.119965  0.061166  -0.357743  1.000000  
171.301821 0.037627  -0.032965  -0.007629  0.571195  0.612490  0.546435  -0.646497  -0.074477  0.759272  0.505744  -0.786962  0.353432  -0.036808  0.023280  0.010166  -0.123449  0.061090  -0.372489  1.000000  
171.303067 0.037576  -0.032934  -0.007616  0.571641  0.612242  0.546248  -0.646465  -0.073910  0.759355  0.505282  -0.787208  0.353543  -0.037518  0.023433  0.010220  -0.130450  0.066474  -0.389752  1.000000  
171.304073 0.037536  -0.032910  -0.007604  0.571953  0.611978  0.546217  -0.646550  -0.073468  0.759326  0.504820  -0.787455  0.353654  -0.038146  0.023548  0.010450  -0.133875  0.064549  -0.408496  1.000000  
171.305320 0.037484  -0.032877  -0.007589  0.572265  0.611780  0.546112  -0.646634  -0.072934  0.759306  0.504358  -0.787658  0.353860  -0.038775  0.023820  0.010787  -0.137897  0.059048  -0.420887  1.000000  
171.306567 0.037431  -0.032845  -0.007574  0.572755  0.611461  0.545956  -0.646651  -0.072288  0.759353  0.503780  -0.787966  0.353998  -0.039371  0.024200  0.010886  -0.144869  0.062606  -0.442272  1.000000  
171.307567 0.037388  -0.032819  -0.007564  0.573022  0.611266  0.545894  -0.646684  -0.071925  0.759359  0.503434  -0.788150  0.354081  -0.039903  0.024447  0.010773  -0.147085  0.063853  -0.449154  1.000000  
171.308571 0.037344  -0.032794  -0.007553  0.573334  0.611001  0.545863  -0.646768  -0.071484  0.759330  0.502971  -0.788396  0.354192  -0.040379  0.024644  0.010656  -0.144137  0.060725  -0.461130  1.000000  
171.309573 0.037300  -0.032767  -0.007545  0.573601  0.610871  0.545727  -0.646801  -0.071029  0.759344  0.502624  -0.788537  0.354370  -0.040773  0.024903  0.010240  -0.148141  0.057043  -0.469332  1.000000  
171.310817 0.037246  -0.032732  -0.007538  0.573912  0.610606  0.545697  -0.646884  -0.070587  0.759315  0.502161  -0.788782  0.354480  -0.041186  0.025295  0.009847  -0.142794  0.052946  -0.473673  1.000000  
171.311817 0.037202  -0.032703  -0.007533  0.574357  0.610355  0.545510  -0.646848  -0.070020  0.759397  0.501699  -0.789027  0.354590  -0.041476  0.025732  0.009438  -0.146179  0.054738  -0.484264  1.000000  
171.312824 0.037159  -0.032673  -0.007529  0.574668  0.610155  0.545406  -0.646931  -0.069487  0.759376  0.501235  -0.789229  0.354796  -0.041930  0.026073  0.008998  -0.147247  0.053341  -0.492326  1.000000  
171.313826 0.037114  -0.032645  -0.007523  0.575024  0.609818  0.545407  -0.647063  -0.068966  0.759311  0.500656  -0.789535  0.354933  -0.042272  0.026287  0.008818  -0.147153  0.046023  -0.508779  1.000000  
171.315073 0.037059  -0.032609  -0.007512  0.575513  0.609562  0.545178  -0.647076  -0.068228  0.759366  0.500077  -0.789797  0.355166  -0.042722  0.026588  0.008950  -0.154606  0.045964  -0.523538  1.000000  
171.316074 0.037014  -0.032581  -0.007502  0.575868  0.609290  0.545106  -0.647207  -0.067616  0.759309  0.499498  -0.790059  0.355399  -0.042952  0.026896  0.008983  -0.158559  0.040463  -0.535860  1.000000  
171.317318 0.036959  -0.032542  -0.007490  0.576357  0.609033  0.544878  -0.647220  -0.066878  0.759364  0.498918  -0.790320  0.355632  -0.043195  0.027400  0.009024  -0.158427  0.036784  -0.544117  1.000000  
171.318322 0.036916  -0.032511  -0.007479  0.576668  0.608831  0.544774  -0.647300  -0.066345  0.759342  0.498454  -0.790521  0.355838  -0.043326  0.027858  0.008868  -0.162960  0.029555  -0.545771  1.000000  
171.319567 0.036863  -0.032471  -0.007466  0.577200  0.608502  0.544578  -0.647361  -0.065528  0.759361  0.497758  -0.790842  0.356098  -0.043483  0.028445  0.008815  -0.170404  0.029522  -0.560663  1.000000  
171.320569 0.036820  -0.032440  -0.007454  0.577644  0.608379  0.544244  -0.647322  -0.064778  0.759459  0.497294  -0.790998  0.356399  -0.043596  0.028779  0.008788  -0.185999  0.035015  -0.563200  1.000000  
171.321817 0.036765  -0.032400  -0.007441  0.578132  0.608185  0.543943  -0.647332  -0.063948  0.759521  0.496713  -0.791215  0.356728  -0.043716  0.029262  0.008703  -0.193985  0.033183  -0.567313  1.000000  
171.323067 0.036711  -0.032359  -0.007430  0.578708  0.607849  0.543705  -0.647441  -0.062961  0.759511  0.495900  -0.791552  0.357111  -0.043661  0.029805  0.008595  -0.202569  0.022261  -0.577280  1.000000  
171.324069 0.036668  -0.032325  -0.007421  0.579196  0.607588  0.543478  -0.647450  -0.062224  0.759564  0.495319  -0.791811  0.357343  -0.043578  0.030425  0.008528  -0.206488  0.018603  -0.585458  1.000000  
171.325318 0.036615  -0.032280  -0.007410  0.579949  0.607258  0.543043  -0.647486  -0.060940  0.759637  0.494389  -0.792164  0.357849  -0.043459  0.031099  0.008800  -0.222543  0.013108  -0.597735  1.000000  
171.326567 0.036561  -0.032236  -0.007398  0.580569  0.606849  0.542839  -0.647641  -0.059875  0.759589  0.493458  -0.792559  0.358259  -0.043483  0.031625  0.009195  -0.228709  0.005711  -0.609442  1.000000  
171.327817 0.036504  -0.032192  -0.007383  0.581188  0.606439  0.542635  -0.647795  -0.058809  0.759542  0.492527  -0.792953  0.358669  -0.043643  0.032048  0.009735  -0.239936  0.005673  -0.623951  1.000000  
171.328819 0.036460  -0.032156  -0.007371  0.581806  0.606093  0.542359  -0.647947  -0.057651  0.759500  0.491595  -0.793302  0.359175  -0.043658  0.032558  0.010123  -0.251833  -0.003506  -0.644223  1.000000  
171.329826 0.036415  -0.032120  -0.007360  0.582558  0.605692  0.542000  -0.647979  -0.056461  0.759563  0.490663  -0.793693  0.359584  -0.043697  0.033098  0.010328  -0.265308  -0.005431  -0.668466  1.000000  
171.331070 0.036359  -0.032073  -0.007346  0.583263  0.605202  0.541789  -0.648226  -0.055145  0.759448  0.489497  -0.794160  0.360144  -0.043730  0.033840  0.010393  -0.273892  -0.021993  -0.690780  1.000000  
171.332073 0.036313  -0.032035  -0.007338  0.583880  0.604787  0.541587  -0.648375  -0.054080  0.759398  0.488563  -0.794549  0.360553  -0.043801  0.034399  0.010293  -0.285297  -0.023897  -0.709753  1.000000  
171.333321 0.036256  -0.031987  -0.007327  0.584718  0.604305  0.541221  -0.648499  -0.052640  0.759393  0.487395  -0.795012  0.361112  -0.044038  0.034940  0.010135  -0.304058  -0.024044  -0.739137  1.000000  
171.334567 0.036199  -0.031937  -0.007317  0.585598  0.603750  0.540889  -0.648670  -0.051122  0.759351  0.486109  -0.795533  0.361697  -0.044255  0.035659  0.009855  -0.318803  -0.024225  -0.768835  1.000000  
171.335568 0.036152  -0.031898  -0.007309  0.586214  0.603397  0.540616  -0.648814  -0.049965  0.759305  0.485174  -0.795874  0.362202  -0.044483  0.036107  0.009672  -0.330807  -0.033516  -0.789348  1.000000  
171.336817 0.036095  -0.031847  -0.007297  0.587046  0.602750  0.540434  -0.649198  -0.048321  0.759083  0.483652  -0.796465  0.362938  -0.044675  0.036871  0.009618  -0.350190  -0.042873  -0.824719  1.000000  
171.338067 0.036036  -0.031796  -0.007283  0.587924  0.602255  0.540032  -0.649362  -0.046711  0.759043  0.482363  -0.796936  0.363619  -0.045028  0.037600  0.009754  -0.369949  -0.046408  -0.855379  1.000000  
171.339067 0.035989  -0.031754  -0.007270  0.588447  0.601882  0.539877  -0.649671  -0.045507  0.758852  0.481308  -0.797287  0.364247  -0.045296  0.038065  0.010045  -0.381625  -0.061691  -0.880647  1.000000  
171.340069 0.035940  -0.031712  -0.007256  0.589146  0.601446  0.539601  -0.649905  -0.044101  0.758735  0.480135  -0.797695  0.364901  -0.045799  0.038520  0.010428  -0.401070  -0.063252  -0.906667  1.000000  
171.341318 0.035878  -0.031659  -0.007237  0.589974  0.600859  0.539351  -0.650280  -0.042365  0.758512  0.478608  -0.798232  0.365732  -0.046296  0.039071  0.010948  -0.420956  -0.079935  -0.943358  1.000000  
171.342319 0.035828  -0.031616  -0.007223  0.590629  0.600557  0.538970  -0.650463  -0.040946  0.758433  0.477551  -0.798533  0.366457  -0.046660  0.039676  0.011103  -0.440169  -0.083902  -0.966077  1.000000  
171.343323 0.035777  -0.031572  -0.007208  0.591235  0.600036  0.538886  -0.650861  -0.039584  0.758164  0.476257  -0.798993  0.367137  -0.047072  0.040238  0.011288  -0.452650  -0.100485  -0.988042  1.000000  
171.344567 0.035713  -0.031515  -0.007191  0.592279  0.599438  0.538405  -0.651202  -0.037383  0.757983  0.474491  -0.799547  0.368214  -0.047570  0.040923  0.011450  -0.483244  -0.108330  -1.033802  1.000000  
171.345825 0.035648  -0.031458  -0.007176  0.593229  0.598693  0.538188  -0.651708  -0.035318  0.757647  0.472606  -0.800200  0.369221  -0.048181  0.041651  0.011547  -0.507054  -0.126176  -1.079136  1.000000  
171.347092 0.035581  -0.031400  -0.007161  0.594177  0.598010  0.537901  -0.652210  -0.033162  0.757313  0.470718  -0.800802  0.370324  -0.048819  0.042301  0.011790  -0.530648  -0.146884  -1.123351  1.000000  
171.348324 0.035515  -0.031342  -0.007147  0.595124  0.597324  0.537617  -0.652708  -0.031005  0.756975  0.468828  -0.801400  0.371427  -0.049483  0.043039  0.012081  -0.554915  -0.167821  -1.168976  1.000000  
171.349325 0.035461  -0.031294  -0.007135  0.595849  0.596710  0.537496  -0.653233  -0.029222  0.756592  0.467173  -0.801925  0.372379  -0.050024  0.043588  0.012328  -0.574885  -0.184938  -1.205839  1.000000  
171.350570 0.035394  -0.031233  -0.007117  0.596874  0.595941  0.537211  -0.653817  -0.026815  0.756177  0.465042  -0.802581  0.373631  -0.050605  0.044316  0.012820  -0.598875  -0.209770  -1.259099  1.000000  
171.351572 0.035340  -0.031185  -0.007101  0.597595  0.595323  0.537095  -0.654336  -0.025032  0.755789  0.463383  -0.803097  0.374582  -0.051155  0.044870  0.013250  -0.611465  -0.234447  -1.297460  1.000000  
171.352818 0.035272  -0.031123  -0.007083  0.598574  0.594686  0.536710  -0.654866  -0.022613  0.755406  0.461366  -0.803640  0.375904  -0.051811  0.045604  0.013595  -0.639547  -0.253855  -1.338453  1.000000  
171.354067 0.035202  -0.031062  -0.007062  0.599416  0.593977  0.536555  -0.655516  -0.020408  0.754906  0.459347  -0.804223  0.377129  -0.052446  0.046141  0.013830  -0.658809  -0.280095  -1.373483  1.000000  
171.355317 0.035133  -0.030999  -0.007044  0.600389  0.593401  0.536105  -0.656038  -0.017898  0.754515  0.457325  -0.804708  0.378548  -0.053054  0.046866  0.013859  -0.683304  -0.303203  -1.407313  1.000000  
171.356567 0.035064  -0.030936  -0.007026  0.601308  0.592608  0.535953  -0.656770  -0.015443  0.753933  0.455063  -0.805343  0.379921  -0.053756  0.047719  0.013876  -0.707748  -0.329906  -1.449192  1.000000  
171.357567 0.035008  -0.030886  -0.007012  0.602099  0.591966  0.535773  -0.657363  -0.013318  0.753456  0.453156  -0.805853  0.381118  -0.053887  0.047936  0.013727  -0.734367  -0.353955  -1.491354  1.000000  
171.358646 0.034952  -0.030835  -0.006998  0.602848  0.591395  0.535561  -0.657908  -0.011272  0.753014  0.451366  -0.806303  0.382288  -0.053905  0.048209  0.013691  -0.749046  -0.372517  -1.513251  1.000000  
171.359816 0.034881  -0.030770  -0.006978  0.603797  0.590653  0.535310  -0.658672  -0.008555  0.752381  0.448976  -0.806880  0.383881  -0.054667  0.049021  0.013987  -0.774369  -0.404957  -1.548346  1.000000  
171.360817 0.034824  -0.030717  -0.006961  0.604622  0.589998  0.535102  -0.659299  -0.006259  0.751855  0.446943  -0.807380  0.385201  -0.054929  0.049453  0.014337  -0.798862  -0.428134  -1.581808  1.000000  
171.361817 0.034767  -0.030664  -0.006943  0.605443  0.589342  0.534897  -0.659922  -0.003964  0.751324  0.444907  -0.807874  0.386520  -0.055240  0.049841  0.014723  -0.823549  -0.451458  -1.615580  1.000000  
171.362830 0.034710  -0.030611  -0.006924  0.606302  0.588610  0.534730  -0.660584  -0.001588  0.750750  0.442749  -0.808415  0.387864  -0.055482  0.050280  0.015325  -0.847507  -0.482256  -1.655465  1.000000  
171.364073 0.034637  -0.030544  -0.006901  0.607237  0.587990  0.534351  -0.661330  0.001310  0.750094  0.440348  -0.808867  0.389651  -0.055845  0.050863  0.015850  -0.880515  -0.506465  -1.689318  1.000000  
171.365322 0.034565  -0.030476  -0.006877  0.608168  0.587367  0.533977  -0.662070  0.004208  0.749430  0.437944  -0.809310  0.391437  -0.056209  0.051379  0.016276  -0.914416  -0.538113  -1.724554  1.000000  
171.366571 0.034492  -0.030406  -0.006856  0.609213  0.586587  0.533643  -0.662934  0.007435  0.748641  0.435175  -0.809852  0.393398  -0.056555  0.051889  0.016350  -0.951398  -0.564432  -1.762185  1.000000  
171.367626 0.034434  -0.030351  -0.006839  0.610057  0.585977  0.533349  -0.663579  0.009991  0.748040  0.433005  -0.810266  0.394937  -0.056564  0.052128  0.016440  -0.974483  -0.587559  -1.792376  1.000000  
171.368820 0.034361  -0.030282  -0.006820  0.611054  0.585265  0.532990  -0.664388  0.013137  0.747272  0.430350  -0.810736  0.396871  -0.056991  0.052837  0.016450  -1.013427  -0.617130  -1.837376  1.000000  
171.370067 0.034290  -0.030213  -0.006801  0.612085  0.584606  0.532530  -0.665234  0.016544  0.746452  0.427570  -0.811149  0.399026  -0.057209  0.053280  0.016492  -1.050005  -0.644441  -1.871463  1.000000  
171.371317 0.034217  -0.030144  -0.006783  0.613110  0.583880  0.532147  -0.666073  0.019859  0.745622  0.424786  -0.811597  0.401082  -0.057407  0.053700  0.016411  -1.086747  -0.671147  -1.908380  1.000000  
171.372322 0.034159  -0.030089  -0.006767  0.613801  0.583395  0.531882  -0.666824  0.022472  0.744877  0.422605  -0.811878  0.402815  -0.057530  0.054051  0.016621  -1.117530  -0.701458  -1.942397  1.000000  
171.373567 0.034086  -0.030019  -0.006746  0.614816  0.582665  0.531510  -0.667651  0.025785  0.744028  0.419814  -0.812303  0.404870  -0.058029  0.054673  0.016839  -1.145363  -0.726570  -1.971574  1.000000  
171.374817 0.034014  -0.029950  -0.006725  0.615726  0.581929  0.531263  -0.668639  0.029148  0.743016  0.416897  -0.812717  0.407047  -0.057813  0.054710  0.016850  -1.181758  -0.763584  -2.003347  1.000000  
171.375842 0.033957  -0.029894  -0.006707  0.616517  0.581219  0.531122  -0.669498  0.031999  0.742124  0.414341  -0.813118  0.408853  -0.057758  0.054812  0.016824  -1.206013  -0.784462  -2.026927  1.000000  
171.377067 0.033884  -0.029825  -0.006686  0.617415  0.580609  0.530746  -0.670473  0.035539  0.741082  0.411417  -0.813406  0.411225  -0.057965  0.055167  0.016749  -1.243869  -0.816159  -2.054947  1.000000  
171.378069 0.033826  -0.029768  -0.006670  0.618260  0.580101  0.530318  -0.671113  0.038438  0.740358  0.409098  -0.813637  0.413078  -0.057999  0.055332  0.016632  -1.275035  -0.829648  -2.076760  1.000000  
171.379322 0.033752  -0.029699  -0.006649  0.619221  0.579405  0.529958  -0.672156  0.042225  0.739205  0.405922  -0.813945  0.415597  -0.058043  0.055458  0.016489  -1.316900  -0.861302  -2.105967  1.000000  
171.380573 0.033679  -0.029628  -0.006630  0.620137  0.578781  0.529568  -0.673151  0.045930  0.738078  0.402862  -0.814189  0.418089  -0.058066  0.055590  0.016159  -1.361825  -0.890782  -2.132306  1.000000  
171.381820 0.033605  -0.029558  -0.006613  0.621010  0.578293  0.529077  -0.674099  0.049642  0.736971  0.399921  -0.814317  0.420655  -0.058201  0.055641  0.015916  -1.400792  -0.919796  -2.154348  1.000000  
171.382823 0.033547  -0.029501  -0.006598  0.621769  0.577769  0.528758  -0.674922  0.052754  0.736000  0.397344  -0.814493  0.422750  -0.058180  0.055724  0.015814  -1.437684  -0.941698  -2.177772  1.000000  
171.384074 0.033474  -0.029430  -0.006580  0.622774  0.576920  0.528504  -0.676013  0.056694  0.734706  0.393904  -0.814831  0.425312  -0.058194  0.055893  0.015694  -1.472042  -0.978350  -2.214872  1.000000  
171.385321 0.033401  -0.029359  -0.006561  0.623594  0.576219  0.528301  -0.677183  0.060521  0.733321  0.390581  -0.815051  0.427947  -0.058265  0.055973  0.015761  -1.506751  -1.011615  -2.244074  1.000000  
171.386566 0.033328  -0.029288  -0.006541  0.624546  0.575570  0.527884  -0.678217  0.064554  0.732021  0.387252  -0.815201  0.430678  -0.058328  0.056116  0.015802  -1.547953  -1.036597  -2.269371  1.000000  
171.387567 0.033270  -0.029232  -0.006525  0.625281  0.575106  0.527520  -0.679014  0.067747  0.730992  0.384660  -0.815269  0.432866  -0.058318  0.056185  0.015835  -1.581209  -1.055514  -2.284976  1.000000  
171.388567 0.033213  -0.029175  -0.006510  0.626045  0.574632  0.527130  -0.679844  0.071107  0.729901  0.381942  -0.815317  0.435176  -0.058223  0.056281  0.015762  -1.622848  -1.081524  -2.314583  1.000000  
171.389817 0.033141  -0.029104  -0.006492  0.626941  0.574116  0.526626  -0.680818  0.075140  0.728589  0.378724  -0.815319  0.437977  -0.058207  0.056347  0.015502  -1.665653  -1.102214  -2.330705  1.000000  
171.390822 0.033084  -0.029048  -0.006479  0.627587  0.573582  0.526438  -0.681801  0.078457  0.727318  0.375874  -0.815382  0.440307  -0.058255  0.056472  0.015261  -1.696008  -1.129155  -2.346701  1.000000  
171.391825 0.033027  -0.028992  -0.006466  0.628368  0.573096  0.526037  -0.682649  0.081978  0.726134  0.373021  -0.815378  0.442735  -0.058038  0.056447  0.014913  -1.733562  -1.148805  -2.361724  1.000000  
171.393074 0.032956  -0.028922  -0.006451  0.629310  0.572430  0.525636  -0.683672  0.086161  0.724685  0.369542  -0.815414  0.445577  -0.057916  0.056408  0.014529  -1.765326  -1.172153  -2.381604  1.000000  
171.394098 0.032900  -0.028867  -0.006439  0.629936  0.571896  0.525466  -0.684635  0.089471  0.723374  0.366681  -0.815432  0.447901  -0.057671  0.056316  0.014215  -1.797510  -1.202843  -2.403847  1.000000  
171.395323 0.032830  -0.028797  -0.006424  0.630895  0.571219  0.525053  -0.685677  0.093815  0.721835  0.363068  -0.815418  0.450859  -0.057539  0.056334  0.014003  -1.829801  -1.236883  -2.429016  1.000000  
171.396323 0.032773  -0.028743  -0.006410  0.631474  0.570824  0.524786  -0.686591  0.097126  0.720527  0.360324  -0.815308  0.453255  -0.057539  0.056225  0.013974  -1.859449  -1.255135  -2.439639  1.000000  
171.397324 0.032717  -0.028688  -0.006397  0.632222  0.570398  0.524348  -0.687404  0.100719  0.719258  0.357452  -0.815170  0.455770  -0.057289  0.056122  0.013905  -1.896837  -1.278128  -2.458822  1.000000  
171.398325 0.032661  -0.028633  -0.006383  0.633028  0.569824  0.524000  -0.688280  0.104469  0.717884  0.354326  -0.815099  0.458330  -0.057137  0.055949  0.013887  -1.923151  -1.300790  -2.476707  1.000000  
171.399572 0.032591  -0.028565  -0.006365  0.633985  0.569198  0.523523  -0.689321  0.109051  0.716201  0.350569  -0.814937  0.461497  -0.056912  0.055802  0.013856  -1.961051  -1.329166  -2.502243  1.000000  
171.400818 0.032521  -0.028496  -0.006348  0.634791  0.568594  0.523203  -0.690482  0.113511  0.714388  0.346807  -0.814749  0.464659  -0.056675  0.055644  0.013652  -1.996625  -1.359310  -2.517084  1.000000  
171.401819 0.032466  -0.028441  -0.006334  0.635479  0.568240  0.522753  -0.691230  0.117007  0.713099  0.344045  -0.814502  0.467140  -0.056491  0.055464  0.013592  -2.025273  -1.375027  -2.534317  1.000000  
171.403067 0.032397  -0.028373  -0.006317  0.636204  0.567784  0.522365  -0.692305  0.121296  0.711337  0.340525  -0.814192  0.470249  -0.056290  0.055366  0.013413  -2.058401  -1.393865  -2.542591  1.000000  
171.404069 0.032342  -0.028318  -0.006303  0.636971  0.567272  0.521987  -0.693140  0.125112  0.709862  0.337378  -0.813972  0.472891  -0.056084  0.055213  0.013297  -2.093438  -1.421213  -2.565548  1.000000  
171.405317 0.032275  -0.028249  -0.006287  0.637770  0.566723  0.521607  -0.694296  0.129802  0.707887  0.333471  -0.813619  0.476257  -0.055886  0.055184  0.013275  -2.131470  -1.445557  -2.582550  1.000000  
171.406327 0.032221  -0.028193  -0.006272  0.638491  0.566284  0.521202  -0.695081  0.133527  0.706423  0.330441  -0.813322  0.478869  -0.055623  0.055047  0.013357  -2.163751  -1.460198  -2.594435  1.000000  
171.407574 0.032155  -0.028125  -0.006254  0.639269  0.565737  0.520842  -0.696216  0.138205  0.704402  0.326524  -0.812921  0.482225  -0.055400  0.055056  0.013544  -2.202229  -1.488095  -2.615228  1.000000  
171.408825 0.032087  -0.028057  -0.006235  0.640151  0.565236  0.520303  -0.697176  0.142911  0.702511  0.322727  -0.812456  0.485554  -0.055183  0.054968  0.013888  -2.232374  -1.509751  -2.623591  1.000000  
171.410075 0.032020  -0.027990  -0.006214  0.640820  0.564848  0.519900  -0.698193  0.147249  0.700602  0.319179  -0.811951  0.488734  -0.054922  0.054709  0.014223  -2.256754  -1.529422  -2.631016  1.000000  
171.411077 0.031966  -0.027938  -0.006197  0.641395  0.564241  0.519851  -0.699108  0.150747  0.698944  0.316007  -0.811731  0.491153  -0.054771  0.054570  0.014530  -2.273851  -1.554380  -2.646864  1.000000  
171.412324 0.031899  -0.027873  -0.006176  0.642103  0.563773  0.519485  -0.700169  0.155316  0.696878  0.312197  -0.811195  0.494465  -0.054546  0.054335  0.014761  -2.296412  -1.575366  -2.655720  1.000000  
171.413575 0.031830  -0.027807  -0.006156  0.642800  0.563369  0.519060  -0.701220  0.159963  0.694768  0.308381  -0.810572  0.497870  -0.054399  0.054119  0.014968  -2.329354  -1.595763  -2.657421  1.000000  
171.414575 0.031776  -0.027756  -0.006138  0.643322  0.563092  0.518715  -0.702079  0.163701  0.693028  0.305324  -0.810018  0.500647  -0.054286  0.053865  0.015144  -2.355453  -1.612063  -2.657949  1.000000  
171.415823 0.031708  -0.027691  -0.006117  0.644000  0.562755  0.518239  -0.703109  0.168415  0.690850  0.301500  -0.809286  0.504137  -0.054156  0.053666  0.015412  -2.388570  -1.627098  -2.664956  1.000000  
171.416824 0.031653  -0.027639  -0.006100  0.644532  0.562407  0.517954  -0.703982  0.172220  0.689021  0.298309  -0.808726  0.506926  -0.054085  0.053454  0.015588  -2.414842  -1.645783  -2.669363  1.000000  
171.417850 0.031599  -0.027587  -0.006082  0.645111  0.561853  0.517835  -0.704905  0.176095  0.687095  0.294859  -0.808277  0.509654  -0.054030  0.053116  0.015860  -2.427114  -1.670197  -2.683248  1.000000  
171.419072 0.031530  -0.027522  -0.006058  0.645614  0.561496  0.517595  -0.706038  0.180586  0.684762  0.291021  -0.807534  0.513026  -0.054128  0.052927  0.016365  -2.445387  -1.700474  -2.689400  1.000000  
171.420317 0.031463  -0.027457  -0.006033  0.646252  0.561168  0.517156  -0.707027  0.185266  0.682487  0.287178  -0.806701  0.516489  -0.054154  0.052738  0.016939  -2.472768  -1.716127  -2.687173  1.000000  
171.421567 0.031395  -0.027392  -0.006006  0.646776  0.561070  0.516606  -0.707894  0.189536  0.680414  0.283844  -0.805777  0.519765  -0.054206  0.052540  0.017499  -2.493167  -1.719848  -2.673850  1.000000  
171.422570 0.031340  -0.027339  -0.005984  0.647216  0.560941  0.516194  -0.708668  0.193228  0.678566  0.280892  -0.804990  0.522581  -0.054326  0.052380  0.018025  -2.512467  -1.735470  -2.670862  1.000000  
171.423817 0.031271  -0.027275  -0.005955  0.647629  0.560742  0.515893  -0.709707  0.197524  0.676240  0.277295  -0.804085  0.525885  -0.054430  0.052132  0.018646  -2.533915  -1.743947  -2.653379  1.000000  
171.425066 0.031203  -0.027211  -0.005925  0.648252  0.560288  0.515603  -0.710684  0.202164  0.673838  0.273307  -0.803248  0.529241  -0.054490  0.051980  0.019261  -2.552206  -1.764643  -2.655750  1.000000  
171.426067 0.031148  -0.027160  -0.005901  0.648694  0.560031  0.515327  -0.711462  0.205831  0.671904  0.270217  -0.802496  0.531962  -0.054590  0.051870  0.019704  -2.567327  -1.782229  -2.656165  1.000000  
171.427069 0.031092  -0.027110  -0.005877  0.649129  0.559838  0.514989  -0.712234  0.209572  0.669928  0.267124  -0.801662  0.534774  -0.054649  0.051719  0.020253  -2.587395  -1.791207  -2.654646  1.000000  
171.428071 0.031036  -0.027060  -0.005853  0.649533  0.559657  0.514676  -0.712972  0.213145  0.668012  0.264157  -0.800845  0.537464  -0.054777  0.051575  0.020786  -2.597912  -1.796832  -2.635103  1.000000  
171.429321 0.030966  -0.026998  -0.005821  0.649901  0.559537  0.514342  -0.713966  0.217477  0.665550  0.260542  -0.799764  0.540829  -0.054908  0.051417  0.021483  -2.610073  -1.814120  -2.618057  1.000000  
171.430571 0.030896  -0.026936  -0.005787  0.650406  0.559313  0.513947  -0.714816  0.221833  0.663195  0.256923  -0.798724  0.544088  -0.055069  0.051226  0.022270  -2.624223  -1.819498  -2.602571  1.000000  
171.431574 0.030839  -0.026886  -0.005760  0.650833  0.558995  0.513751  -0.715582  0.225541  0.661116  0.253689  -0.797907  0.546796  -0.055139  0.051014  0.022965  -2.634671  -1.839051  -2.605448  1.000000  
171.432823 0.030769  -0.026826  -0.005723  0.651343  0.558581  0.513556  -0.716439  0.229796  0.658718  0.249934  -0.796983  0.549865  -0.055426  0.050868  0.024002  -2.639279  -1.849599  -2.603328  1.000000  
171.434069 0.030697  -0.026765  -0.005686  0.651718  0.558332  0.513351  -0.717444  0.234244  0.656052  0.246045  -0.795861  0.553233  -0.055547  0.050503  0.024810  -2.646766  -1.865640  -2.588295  1.000000  
171.435071 0.030640  -0.026717  -0.005656  0.652076  0.558167  0.513076  -0.718135  0.237769  0.654024  0.243061  -0.794931  0.555883  -0.055773  0.050136  0.025589  -2.653036  -1.869693  -2.573531  1.000000  
171.436317 0.030569  -0.026656  -0.005618  0.652557  0.558011  0.512634  -0.718962  0.242311  0.651443  0.239296  -0.793668  0.559311  -0.056016  0.049878  0.026336  -2.667162  -1.880651  -2.562585  1.000000  
171.437317 0.030511  -0.026608  -0.005586  0.652901  0.557913  0.512303  -0.719639  0.245897  0.649349  0.236307  -0.792633  0.562042  -0.056202  0.049612  0.026909  -2.673843  -1.888551  -2.546073  1.000000  
171.438319 0.030454  -0.026560  -0.005555  0.653259  0.557684  0.512095  -0.720332  0.249475  0.647213  0.233185  -0.791676  0.564689  -0.056354  0.049361  0.027516  -2.677822  -1.895157  -2.540150  1.000000  
171.439567 0.030382  -0.026499  -0.005515  0.653565  0.557465  0.511943  -0.721266  0.253713  0.644520  0.229410  -0.790483  0.567898  -0.056568  0.049147  0.028229  -2.689242  -1.909316  -2.530697  1.000000  
171.440817 0.030309  -0.026439  -0.005474  0.654029  0.557189  0.511650  -0.722077  0.258211  0.641820  0.225501  -0.789220  0.571211  -0.056837  0.048917  0.028911  -2.706372  -1.917898  -2.524445  1.000000  
171.442067 0.030236  -0.026380  -0.005430  0.654443  0.556997  0.511330  -0.722833  0.262461  0.639240  0.221850  -0.787952  0.574381  -0.057094  0.048682  0.029757  -2.715298  -1.921417  -2.510641  1.000000  
171.443321 0.030163  -0.026320  -0.005386  0.654698  0.556801  0.511217  -0.723713  0.266508  0.636563  0.218195  -0.786731  0.577447  -0.057234  0.048459  0.030732  -2.705678  -1.930252  -2.492380  1.000000  
171.444322 0.030105  -0.026273  -0.005349  0.654997  0.556659  0.510989  -0.724343  0.269961  0.634389  0.215191  -0.785654  0.580035  -0.057466  0.048258  0.031510  -2.710644  -1.934881  -2.483540  1.000000  
171.445567 0.030031  -0.026214  -0.005301  0.655421  0.556337  0.510795  -0.725112  0.274333  0.631627  0.211270  -0.784366  0.583211  -0.057629  0.048159  0.032457  -2.707707  -1.943824  -2.476937  1.000000  
171.446575 0.029972  -0.026167  -0.005261  0.655686  0.556272  0.510527  -0.725706  0.277690  0.629476  0.208392  -0.783231  0.585767  -0.057781  0.048004  0.033263  -2.706027  -1.944708  -2.457311  1.000000  
171.447823 0.029898  -0.026108  -0.005211  0.655924  0.556147  0.510356  -0.726570  0.281923  0.626590  0.204595  -0.781805  0.589000  -0.058060  0.047821  0.034099  -2.713477  -1.948655  -2.436698  1.000000  
171.448823 0.029838  -0.026062  -0.005172  0.656175  0.556088  0.510098  -0.727149  0.285261  0.624404  0.201713  -0.780636  0.591540  -0.058225  0.047663  0.034884  -2.716622  -1.949211  -2.422524  1.000000  
171.450071 0.029764  -0.026005  -0.005122  0.656359  0.556052  0.509901  -0.727956  0.289240  0.621627  0.198173  -0.779196  0.594626  -0.058440  0.047452  0.035642  -2.710575  -1.950908  -2.400845  1.000000  
171.451317 0.029689  -0.025946  -0.005072  0.656500  0.556221  0.509535  -0.728714  0.293127  0.618912  0.194893  -0.777621  0.597764  -0.058628  0.047338  0.036379  -2.714144  -1.962535  -2.386774  1.000000  
171.452324 0.029629  -0.025900  -0.005032  0.656581  0.556172  0.509485  -0.729408  0.296246  0.616605  0.192006  -0.776474  0.600186  -0.058783  0.047159  0.037009  -2.704768  -1.971999  -2.373379  1.000000  
171.453567 0.029553  -0.025844  -0.004979  0.656740  0.556150  0.509303  -0.730189  0.300190  0.613767  0.188459  -0.774973  0.603241  -0.059162  0.046889  0.037941  -2.705902  -1.981466  -2.362098  1.000000  
171.454567 0.029491  -0.025799  -0.004937  0.656941  0.556178  0.509014  -0.730715  0.303402  0.611557  0.185699  -0.773701  0.605725  -0.059369  0.046680  0.038570  -2.710726  -1.973881  -2.342999  1.000000  
171.455817 0.029415  -0.025743  -0.004882  0.657084  0.556227  0.508775  -0.731480  0.307396  0.608642  0.182148  -0.772087  0.608854  -0.059637  0.046457  0.039462  -2.711721  -1.978259  -2.324215  1.000000  
171.456817 0.029354  -0.025697  -0.004837  0.657106  0.556395  0.508564  -0.732111  0.310398  0.606356  0.179516  -0.770765  0.611307  -0.059805  0.046322  0.040252  -2.705399  -1.981584  -2.296936  1.000000  
171.458067 0.029277  -0.025640  -0.004781  0.657202  0.556530  0.508292  -0.732824  0.314140  0.603560  0.176224  -0.769149  0.614292  -0.060109  0.046125  0.041051  -2.702488  -1.983056  -2.274979  1.000000  
171.459322 0.029200  -0.025585  -0.004724  0.657274  0.556739  0.507969  -0.733512  0.317794  0.600805  0.173063  -0.767495  0.617252  -0.060298  0.045827  0.041747  -2.697429  -1.981684  -2.249862  1.000000  
171.460567 0.029122  -0.025529  -0.004667  0.657203  0.556951  0.507829  -0.734345  0.321396  0.597864  0.169767  -0.765840  0.620216  -0.060629  0.045635  0.042268  -2.697342  -1.991047  -2.228026  1.000000  
171.461817 0.029044  -0.025474  -0.004608  0.657261  0.557232  0.507446  -0.735018  0.325095  0.595030  0.166602  -0.764072  0.623248  -0.060901  0.045417  0.042933  -2.700886  -1.985501  -2.191914  1.000000  
171.462825 0.028982  -0.025429  -0.004562  0.657238  0.557550  0.507126  -0.735602  0.328041  0.592687  0.164094  -0.762579  0.625736  -0.061098  0.045274  0.043429  -2.712214  -1.982012  -2.168014  1.000000  
171.464079 0.028905  -0.025374  -0.004501  0.657117  0.558037  0.506747  -0.736381  0.331596  0.589734  0.161058  -0.760683  0.628826  -0.061244  0.045078  0.044062  -2.713373  -1.980854  -2.126623  1.000000  
171.465324 0.028826  -0.025319  -0.004441  0.657140  0.558400  0.506316  -0.737018  0.335181  0.586905  0.158020  -0.758844  0.631812  -0.061542  0.044875  0.044801  -2.710792  -1.972544  -2.098310  1.000000  
171.466571 0.028748  -0.025266  -0.004378  0.656978  0.558910  0.505964  -0.737753  0.338414  0.584120  0.155245  -0.757031  0.634668  -0.061765  0.044599  0.045644  -2.705096  -1.971549  -2.058216  1.000000  
171.467817 0.028668  -0.025213  -0.004316  0.656975  0.559226  0.505618  -0.738361  0.341755  0.581400  0.152336  -0.755294  0.637436  -0.062046  0.044335  0.046341  -2.697067  -1.962253  -2.019047  1.000000  
171.468817 0.028603  -0.025171  -0.004264  0.656913  0.559631  0.505251  -0.738904  0.344572  0.579043  0.149956  -0.753713  0.639868  -0.062274  0.044044  0.047060  -2.704796  -1.956760  -1.987996  1.000000  
171.470067 0.028524  -0.025119  -0.004200  0.656886  0.560084  0.504784  -0.739486  0.347884  0.576313  0.147177  -0.751852  0.642695  -0.062431  0.043814  0.047727  -2.702700  -1.946905  -1.954556  1.000000  
171.471317 0.028444  -0.025067  -0.004136  0.656701  0.560613  0.504437  -0.740198  0.351069  0.573461  0.144397  -0.749976  0.645512  -0.062699  0.043522  0.048298  -2.696353  -1.936792  -1.909309  1.000000  
171.472324 0.028380  -0.025025  -0.004083  0.656612  0.561034  0.504084  -0.740713  0.353709  0.571169  0.142146  -0.748418  0.647815  -0.062820  0.043254  0.048786  -2.702492  -1.932356  -1.880225  1.000000  
