1-Time 2-Px 3-Py 4-Pz 5-R11 6-R21 7-R31 8-R12 9-R22 10-R32 11-R13 12-R23 13-R33 14-Vx 15-Vy 16-Vz 17-Wx 18-Wy 19-Wz 20-state
131.211469 0.023582  -0.037496  0.004303  0.360696  0.778473  0.513691  -0.893342  0.446634  -0.049577  -0.268026  -0.441020  0.856541  -0.000335  -0.001940  -0.000383  0.000000  0.000000  0.000000  1.000000  
131.212689 0.023581  -0.037497  0.004304  0.360696  0.778473  0.513691  -0.893342  0.446634  -0.049577  -0.268026  -0.441020  0.856541  -0.000437  -0.000742  0.000490  0.000000  0.000000  0.000000  1.000000  
131.213922 0.023579  -0.037488  0.004302  0.360696  0.778473  0.513691  -0.893342  0.446634  -0.049577  -0.268026  -0.441020  0.856541  -0.001429  0.003569  -0.000863  0.000000  0.000000  0.000000  1.000000  
131.214923 0.023577  -0.037476  0.004297  0.360880  0.778381  0.513702  -0.893268  0.446794  -0.049471  -0.268026  -0.441020  0.856541  -0.001684  0.006365  -0.001905  0.000000  0.000000  0.000000  1.000000  
131.215927 0.023575  -0.037465  0.004295  0.360880  0.778443  0.513607  -0.893268  0.446788  -0.049525  -0.268026  -0.440916  0.856595  -0.001685  0.007398  -0.002125  0.000000  0.000000  0.000000  1.000000  
131.217169 0.023570  -0.037455  0.004296  0.360880  0.778505  0.513513  -0.893268  0.446782  -0.049580  -0.268026  -0.440812  0.856648  -0.002259  0.007508  -0.001348  0.000000  0.000000  0.000000  1.000000  
131.218169 0.023562  -0.037448  0.004300  0.360880  0.778567  0.513418  -0.893268  0.446776  -0.049634  -0.268026  -0.440708  0.856702  -0.003064  0.007527  -0.000609  0.000000  0.000000  0.000000  1.000000  
131.219170 0.023553  -0.037436  0.004300  0.360696  0.778722  0.513314  -0.893342  0.446610  -0.049794  -0.268026  -0.440604  0.856755  -0.003877  0.008091  -0.000429  0.000000  0.000000  0.000000  1.000000  
131.220418 0.023537  -0.037419  0.004298  0.360696  0.778784  0.513219  -0.893342  0.446604  -0.049848  -0.268026  -0.440500  0.856809  -0.005147  0.008860  -0.000684  0.000000  0.000000  0.000000  1.000000  
131.221439 0.023522  -0.037407  0.004295  0.360696  0.778784  0.513219  -0.893342  0.446604  -0.049848  -0.268026  -0.440500  0.856809  -0.006178  0.009135  -0.000882  0.000000  0.000000  0.000000  1.000000  
131.222460 0.023508  -0.037395  0.004295  0.360526  0.778960  0.513072  -0.893450  0.446383  -0.049901  -0.267897  -0.440413  0.856894  -0.006857  0.009390  -0.000804  0.000000  0.000000  0.000000  1.000000  
131.223669 0.023493  -0.037380  0.004296  0.360526  0.778960  0.513072  -0.893450  0.446383  -0.049901  -0.267897  -0.440413  0.856894  -0.007420  0.009757  -0.000662  0.000000  0.000000  0.000000  1.000000  
131.224919 0.023479  -0.037360  0.004294  0.360539  0.779044  0.512934  -0.893483  0.446322  -0.049849  -0.267768  -0.440325  0.856979  -0.007804  0.010315  -0.000749  0.000000  0.000000  0.000000  1.000000  
131.225943 0.023465  -0.037343  0.004289  0.360552  0.779067  0.512891  -0.893516  0.446267  -0.049743  -0.267639  -0.440342  0.857011  -0.008242  0.010791  -0.001013  0.000000  0.000000  0.000000  1.000000  
131.227167 0.023447  -0.037316  0.004282  0.360552  0.779067  0.512891  -0.893516  0.446267  -0.049743  -0.267639  -0.440342  0.857011  -0.008972  0.011978  -0.001415  0.000000  0.000000  0.000000  1.000000  
131.228455 0.023432  -0.037287  0.004276  0.360539  0.779044  0.512934  -0.893483  0.446322  -0.049849  -0.267768  -0.440325  0.856979  -0.009991  0.013769  -0.001781  0.000000  0.000000  0.000000  1.000000  
131.229673 0.023419  -0.037254  0.004273  0.360539  0.779107  0.512840  -0.893483  0.446316  -0.049903  -0.267768  -0.440221  0.857033  -0.010649  0.015059  -0.001689  0.000000  0.000000  0.000000  1.000000  
131.230673 0.023408  -0.037228  0.004271  0.360723  0.779077  0.512755  -0.893409  0.446470  -0.049852  -0.267768  -0.440117  0.857086  -0.011327  0.016067  -0.001587  0.000000  0.000000  0.000000  1.000000  
131.231676 0.023394  -0.037201  0.004270  0.360723  0.779139  0.512661  -0.893409  0.446464  -0.049906  -0.267768  -0.440014  0.857140  -0.012025  0.017327  -0.001752  0.000000  0.000000  0.000000  1.000000  
131.232676 0.023376  -0.037176  0.004269  0.360907  0.779109  0.512577  -0.893334  0.446619  -0.049855  -0.267768  -0.439910  0.857193  -0.012820  0.018549  -0.002033  0.000000  0.000000  0.000000  1.000000  
131.233920 0.023352  -0.037143  0.004267  0.360907  0.779234  0.512388  -0.893334  0.446606  -0.049963  -0.267768  -0.439702  0.857300  -0.013648  0.019882  -0.002287  0.000000  0.000000  0.000000  1.000000  
131.234921 0.023334  -0.037116  0.004264  0.361077  0.779182  0.512346  -0.893227  0.446815  -0.050018  -0.267897  -0.439581  0.857321  -0.013924  0.020671  -0.002327  0.000000  0.000000  0.000000  1.000000  
131.236167 0.023313  -0.037085  0.004259  0.361261  0.779152  0.512262  -0.893153  0.446970  -0.049967  -0.267897  -0.439477  0.857374  -0.014196  0.021709  -0.002467  0.000000  0.000000  0.000000  1.000000  
131.237418 0.023293  -0.037053  0.004256  0.361445  0.779184  0.512083  -0.893078  0.447118  -0.049970  -0.267897  -0.439269  0.857481  -0.014418  0.022914  -0.002584  0.000000  0.000000  0.000000  1.000000  
131.238667 0.023271  -0.037019  0.004253  0.361642  0.779176  0.511956  -0.893037  0.447218  -0.049812  -0.267768  -0.439182  0.857566  -0.014850  0.024022  -0.002858  0.000000  0.000000  0.000000  1.000000  
131.239667 0.023254  -0.036991  0.004251  0.361826  0.779084  0.511966  -0.892962  0.447378  -0.049707  -0.267768  -0.439182  0.857566  -0.015223  0.024931  -0.002904  0.000000  0.000000  0.000000  1.000000  
131.240917 0.023231  -0.036955  0.004247  0.362194  0.778900  0.511987  -0.892813  0.447699  -0.049496  -0.267768  -0.439182  0.857566  -0.015603  0.025932  -0.002812  0.000000  0.000000  0.000000  1.000000  
131.242167 0.023210  -0.036919  0.004245  0.362378  0.778808  0.511997  -0.892739  0.447859  -0.049391  -0.267768  -0.439182  0.857566  -0.015846  0.026527  -0.002503  0.000000  0.000000  0.000000  1.000000  
131.243189 0.023193  -0.036889  0.004244  0.362561  0.778716  0.512007  -0.892664  0.448020  -0.049285  -0.267768  -0.439182  0.857566  -0.016219  0.027008  -0.002167  0.000000  0.000000  0.000000  1.000000  
131.244418 0.023171  -0.036850  0.004244  0.362929  0.778531  0.512027  -0.892515  0.448340  -0.049074  -0.267768  -0.439182  0.857566  -0.016713  0.027426  -0.001881  0.000000  0.000000  0.000000  1.000000  
131.245423 0.023151  -0.036819  0.004244  0.363296  0.778346  0.512048  -0.892365  0.448661  -0.048864  -0.267768  -0.439182  0.857566  -0.017406  0.027717  -0.001819  0.000000  0.000000  0.000000  1.000000  
131.246677 0.023119  -0.036783  0.004240  0.363664  0.778162  0.512068  -0.892216  0.448981  -0.048653  -0.267768  -0.439182  0.857566  -0.018349  0.027973  -0.002036  0.000000  0.000000  0.000000  1.000000  
131.247930 0.023084  -0.036750  0.004235  0.364031  0.778039  0.511993  -0.892066  0.449296  -0.048496  -0.267768  -0.439078  0.857619  -0.019104  0.027963  -0.002258  0.000000  0.000000  0.000000  1.000000  
131.249174 0.023051  -0.036716  0.004230  0.364398  0.777854  0.512013  -0.891916  0.449616  -0.048286  -0.267768  -0.439078  0.857619  -0.019822  0.027985  -0.002422  0.000000  0.000000  0.000000  1.000000  
131.250182 0.023024  -0.036688  0.004226  0.364766  0.777731  0.511939  -0.891766  0.449930  -0.048129  -0.267768  -0.438973  0.857673  -0.020430  0.028107  -0.002443  0.000000  0.000000  0.000000  1.000000  
131.251457 0.022991  -0.036652  0.004220  0.365133  0.777545  0.511958  -0.891616  0.450251  -0.047918  -0.267768  -0.438973  0.857673  -0.021248  0.028371  -0.002549  0.000000  0.000000  0.000000  1.000000  
131.252667 0.022954  -0.036617  0.004216  0.365500  0.777422  0.511884  -0.891465  0.450565  -0.047762  -0.267768  -0.438869  0.857726  -0.022338  0.028649  -0.002603  -0.011117  0.086157  -0.158150  1.000000  
131.253917 0.022919  -0.036582  0.004213  0.366064  0.777166  0.511870  -0.891272  0.450991  -0.047340  -0.267639  -0.438886  0.857758  -0.023260  0.028661  -0.002676  -0.005536  0.094484  -0.174473  1.000000  
131.255167 0.022885  -0.036544  0.004210  0.366431  0.776980  0.511889  -0.891122  0.451311  -0.047129  -0.267639  -0.438886  0.857758  -0.024056  0.028833  -0.002638  0.002200  0.101368  -0.187841  1.000000  
131.256417 0.022852  -0.036505  0.004207  0.366811  0.776817  0.511865  -0.891004  0.451576  -0.046812  -0.267511  -0.438902  0.857790  -0.024727  0.029051  -0.002598  0.005827  0.106564  -0.198057  1.000000  
131.257419 0.022825  -0.036475  0.004205  0.367192  0.776653  0.511840  -0.890886  0.451842  -0.046495  -0.267382  -0.438918  0.857821  -0.025348  0.029123  -0.002644  0.009498  0.120517  -0.205719  1.000000  
131.258667 0.022788  -0.036438  0.004203  0.367559  0.776405  0.511954  -0.890734  0.452167  -0.046230  -0.267382  -0.439022  0.857768  -0.026622  0.029029  -0.002837  0.017214  0.126561  -0.217474  1.000000  
131.259675 0.022756  -0.036408  0.004198  0.367939  0.776241  0.511929  -0.890616  0.452432  -0.045913  -0.267253  -0.439039  0.857800  -0.027445  0.028870  -0.003109  0.025118  0.137682  -0.229098  1.000000  
131.260677 0.022723  -0.036380  0.004193  0.368319  0.776077  0.511904  -0.890497  0.452698  -0.045596  -0.267124  -0.439055  0.857832  -0.028118  0.028791  -0.003311  0.031029  0.144720  -0.233004  1.000000  
131.261921 0.022680  -0.036344  0.004185  0.368700  0.775913  0.511879  -0.890379  0.452963  -0.045279  -0.266995  -0.439071  0.857864  -0.029040  0.029112  -0.003652  0.042876  0.154820  -0.242908  1.000000  
131.262923 0.022646  -0.036315  0.004177  0.368897  0.775842  0.511844  -0.890336  0.453068  -0.045068  -0.266866  -0.439088  0.857896  -0.029225  0.029044  -0.003845  0.046539  0.157469  -0.238835  1.000000  
131.263929 0.022612  -0.036286  0.004171  0.369277  0.775740  0.511724  -0.890217  0.453328  -0.044806  -0.266737  -0.439000  0.857981  -0.029751  0.029135  -0.004014  0.050585  0.168768  -0.250564  1.000000  
131.265175 0.022570  -0.036249  0.004162  0.369671  0.775599  0.511655  -0.890131  0.453539  -0.044383  -0.266479  -0.439032  0.858044  -0.030325  0.029286  -0.004265  0.060572  0.183806  -0.250407  1.000000  
131.266176 0.022537  -0.036218  0.004157  0.369868  0.775528  0.511620  -0.890087  0.453644  -0.044172  -0.266350  -0.439048  0.858076  -0.030807  0.029526  -0.004310  0.064627  0.187794  -0.248373  1.000000  
131.267429 0.022497  -0.036178  0.004149  0.370261  0.775386  0.511550  -0.890001  0.453855  -0.043749  -0.266092  -0.439081  0.858139  -0.030983  0.029740  -0.004534  0.070475  0.194791  -0.252238  1.000000  
131.268431 0.022466  -0.036145  0.004143  0.370458  0.775377  0.511421  -0.889957  0.453955  -0.043593  -0.265963  -0.438993  0.858224  -0.031166  0.030102  -0.004773  0.070452  0.198760  -0.250213  1.000000  
131.269676 0.022429  -0.036102  0.004134  0.370866  0.775258  0.511306  -0.889903  0.454112  -0.043065  -0.265576  -0.439042  0.858319  -0.031363  0.030485  -0.005191  0.072247  0.213848  -0.250063  1.000000  
131.270922 0.022392  -0.036060  0.004125  0.371259  0.775116  0.511235  -0.889816  0.454323  -0.042642  -0.265318  -0.439074  0.858382  -0.031644  0.030736  -0.005632  0.072208  0.221870  -0.245991  1.000000  
131.271929 0.022363  -0.036025  0.004117  0.371653  0.775036  0.511070  -0.889729  0.454528  -0.042275  -0.265060  -0.439002  0.858499  -0.031771  0.030896  -0.006040  0.069923  0.232872  -0.247820  1.000000  
131.273175 0.022325  -0.035984  0.004106  0.372047  0.774956  0.510905  -0.889641  0.454734  -0.041907  -0.264802  -0.438930  0.858615  -0.031840  0.031223  -0.006546  0.067141  0.242083  -0.247822  1.000000  
131.274425 0.022285  -0.035942  0.004094  0.372637  0.774805  0.510703  -0.889509  0.455045  -0.041329  -0.264415  -0.438874  0.858763  -0.031958  0.031603  -0.007053  0.063506  0.255914  -0.243584  1.000000  
131.275425 0.022252  -0.035908  0.004084  0.373031  0.774663  0.510632  -0.889421  0.455255  -0.040907  -0.264157  -0.438907  0.858826  -0.031947  0.031988  -0.007385  0.065345  0.267141  -0.245601  1.000000  
131.276674 0.022210  -0.035866  0.004074  0.373621  0.774574  0.510335  -0.889288  0.455562  -0.040384  -0.263770  -0.438747  0.859027  -0.031922  0.032426  -0.007512  0.058455  0.279762  -0.243347  1.000000  
131.277675 0.022175  -0.035833  0.004066  0.374028  0.774517  0.510124  -0.889231  0.455713  -0.039912  -0.263383  -0.438690  0.859174  -0.031922  0.032680  -0.007487  0.058880  0.294121  -0.239313  1.000000  
131.278923 0.022133  -0.035789  0.004056  0.374801  0.774271  0.509929  -0.889020  0.456184  -0.039229  -0.262995  -0.438634  0.859322  -0.031918  0.033132  -0.007616  0.057914  0.309578  -0.243027  1.000000  
131.279929 0.022099  -0.035753  0.004049  0.375378  0.774159  0.509676  -0.888854  0.456544  -0.038813  -0.262737  -0.438458  0.859491  -0.031892  0.033621  -0.007661  0.056112  0.323192  -0.246990  1.000000  
131.281175 0.022058  -0.035705  0.004038  0.375981  0.774092  0.509333  -0.888751  0.456797  -0.038185  -0.262221  -0.438313  0.859722  -0.031955  0.034160  -0.007956  0.049747  0.342602  -0.245077  1.000000  
131.282424 0.022017  -0.035656  0.004026  0.376768  0.773930  0.508997  -0.888570  0.457209  -0.037453  -0.261704  -0.438168  0.859953  -0.032001  0.034817  -0.008204  0.049163  0.364171  -0.248522  1.000000  
131.283670 0.021978  -0.035606  0.004014  0.377371  0.773925  0.508558  -0.888466  0.457458  -0.036882  -0.261188  -0.437919  0.860237  -0.032034  0.035390  -0.008535  0.036811  0.376216  -0.242527  1.000000  
131.284673 0.021946  -0.035567  0.004004  0.377961  0.773834  0.508258  -0.888329  0.457765  -0.036361  -0.260800  -0.437757  0.860437  -0.032194  0.035722  -0.008711  0.032233  0.394233  -0.248320  1.000000  
131.285917 0.021907  -0.035516  0.003991  0.378930  0.773578  0.507927  -0.888068  0.458338  -0.035525  -0.260283  -0.437612  0.860667  -0.032395  0.036250  -0.008953  0.027604  0.412388  -0.254216  1.000000  
131.286917 0.021873  -0.035476  0.003980  0.379533  0.773571  0.507486  -0.887962  0.458587  -0.034955  -0.259767  -0.437362  0.860951  -0.032705  0.036671  -0.009164  0.018754  0.430832  -0.255894  1.000000  
131.287924 0.021839  -0.035436  0.003970  0.380305  0.773386  0.507191  -0.887745  0.459054  -0.034331  -0.259379  -0.437200  0.861150  -0.032983  0.037048  -0.009191  0.010208  0.448422  -0.265846  1.000000  
131.289167 0.021793  -0.035388  0.003959  0.381104  0.773369  0.506617  -0.887590  0.459406  -0.033606  -0.258733  -0.436860  0.861516  -0.033397  0.037502  -0.009257  -0.004456  0.467668  -0.263913  1.000000  
131.290167 0.021755  -0.035351  0.003951  0.381890  0.773205  0.506274  -0.887403  0.459820  -0.032877  -0.258216  -0.436714  0.861746  -0.033653  0.037776  -0.009088  -0.007246  0.484662  -0.273417  1.000000  
131.291421 0.021707  -0.035302  0.003941  0.382689  0.773188  0.505698  -0.887247  0.460173  -0.032154  -0.257570  -0.436374  0.862111  -0.034008  0.038160  -0.008975  -0.020168  0.510622  -0.279532  1.000000  
131.292667 0.021662  -0.035250  0.003930  0.383670  0.773075  0.505127  -0.887011  0.460685  -0.031328  -0.256923  -0.436033  0.862477  -0.034276  0.038828  -0.009077  -0.030984  0.531449  -0.287110  1.000000  
131.293920 0.021614  -0.035198  0.003920  0.384651  0.772961  0.504554  -0.886773  0.461198  -0.030502  -0.256276  -0.435692  0.862841  -0.034615  0.039422  -0.009113  -0.037930  0.556296  -0.296951  1.000000  
131.295182 0.021567  -0.035145  0.003908  0.385632  0.772847  0.503980  -0.886533  0.461712  -0.029677  -0.255630  -0.435350  0.863205  -0.034904  0.039934  -0.009261  -0.049373  0.581911  -0.311334  1.000000  
131.296426 0.021521  -0.035090  0.003898  0.386627  0.772755  0.503358  -0.886324  0.462173  -0.028748  -0.254854  -0.435024  0.863600  -0.035299  0.040363  -0.009154  -0.060516  0.610908  -0.319185  1.000000  
131.297426 0.021483  -0.035047  0.003890  0.387593  0.772616  0.502827  -0.886050  0.462742  -0.028031  -0.254336  -0.434666  0.863932  -0.035660  0.040601  -0.009037  -0.069276  0.625829  -0.336388  1.000000  
131.298674 0.021437  -0.034991  0.003881  0.388769  0.772489  0.502115  -0.885757  0.463360  -0.027055  -0.253559  -0.434233  0.864378  -0.036091  0.041061  -0.008805  -0.078624  0.653574  -0.352233  1.000000  
131.299922 0.021390  -0.034935  0.003873  0.389777  0.772480  0.501348  -0.885574  0.463767  -0.026079  -0.252653  -0.433815  0.864853  -0.036635  0.041415  -0.008489  -0.094659  0.688117  -0.363204  1.000000  
131.301172 0.021341  -0.034881  0.003865  0.390952  0.772351  0.500631  -0.885277  0.464387  -0.025106  -0.251877  -0.433381  0.865297  -0.037303  0.041674  -0.008134  -0.104195  0.712162  -0.381323  1.000000  
131.302417 0.021290  -0.034827  0.003858  0.391958  0.772340  0.499860  -0.885089  0.464796  -0.024131  -0.250970  -0.432962  0.865770  -0.037762  0.041912  -0.007751  -0.118650  0.735190  -0.386222  1.000000  
131.303666 0.021239  -0.034774  0.003851  0.393147  0.772293  0.498998  -0.884819  0.465362  -0.023111  -0.250063  -0.432436  0.866295  -0.038144  0.042248  -0.007496  -0.132204  0.766914  -0.400240  1.000000  
131.304667 0.021196  -0.034731  0.003845  0.393943  0.772330  0.498313  -0.884647  0.465720  -0.022453  -0.249416  -0.431985  0.866707  -0.038444  0.042572  -0.007328  -0.145176  0.784708  -0.406400  1.000000  
131.305667 0.021154  -0.034688  0.003839  0.394753  0.772389  0.497579  -0.884505  0.466026  -0.021690  -0.248638  -0.431549  0.867147  -0.038781  0.042958  -0.007157  -0.160040  0.799635  -0.406732  1.000000  
131.306917 0.021103  -0.034631  0.003832  0.395745  0.772413  0.496755  -0.884280  0.466490  -0.020882  -0.247860  -0.431006  0.867640  -0.039072  0.043397  -0.006940  -0.175402  0.820305  -0.418874  1.000000  
131.307919 0.021061  -0.034586  0.003827  0.396540  0.772447  0.496066  -0.884105  0.466850  -0.020226  -0.247212  -0.430554  0.868049  -0.039435  0.043661  -0.006701  -0.190156  0.835060  -0.419133  1.000000  
131.309167 0.021008  -0.034528  0.003820  0.397741  0.772480  0.495053  -0.883855  0.467368  -0.019163  -0.246175  -0.429933  0.868651  -0.039842  0.043951  -0.006470  -0.205798  0.864259  -0.427742  1.000000  
131.310170 0.020966  -0.034482  0.003815  0.398563  0.772560  0.494266  -0.883737  0.467625  -0.018297  -0.245267  -0.429509  0.869118  -0.040107  0.044214  -0.006206  -0.220628  0.882608  -0.425868  1.000000  
131.311424 0.020913  -0.034423  0.003813  0.399944  0.772434  0.493346  -0.883401  0.468307  -0.017078  -0.244229  -0.428992  0.869666  -0.040517  0.044495  -0.005688  -0.231829  0.911915  -0.433970  1.000000  
131.312440 0.020870  -0.034376  0.003811  0.400921  0.772429  0.492561  -0.883137  0.468829  -0.016382  -0.243580  -0.428431  0.870124  -0.040942  0.044659  -0.005245  -0.244906  0.925193  -0.442172  1.000000  
131.313672 0.020816  -0.034317  0.003809  0.401937  0.772494  0.491629  -0.882961  0.469195  -0.015368  -0.242542  -0.427912  0.870669  -0.041458  0.044902  -0.004827  -0.258465  0.947473  -0.446869  1.000000  
131.314677 0.020772  -0.034271  0.003809  0.402940  0.772534  0.490744  -0.882753  0.469615  -0.014462  -0.241633  -0.427378  0.871184  -0.041912  0.045011  -0.004343  -0.271877  0.965307  -0.453390  1.000000  
131.315923 0.020714  -0.034214  0.003807  0.404346  0.772511  0.489623  -0.882464  0.470197  -0.013094  -0.240335  -0.426780  0.871836  -0.042441  0.045200  -0.003905  -0.285508  0.995274  -0.454119  1.000000  
131.316942 0.020668  -0.034169  0.003806  0.405361  0.772514  0.488778  -0.882281  0.470569  -0.012028  -0.239296  -0.426364  0.872325  -0.042792  0.045278  -0.003607  -0.294775  1.016578  -0.458377  1.000000  
131.318188 0.020610  -0.034113  0.003805  0.406585  0.772585  0.487648  -0.882070  0.470996  -0.010764  -0.237996  -0.425763  0.872974  -0.043182  0.045471  -0.003231  -0.306145  1.043698  -0.453324  1.000000  
131.319419 0.020552  -0.034055  0.003804  0.408002  0.772641  0.486374  -0.881800  0.471531  -0.009352  -0.236567  -0.425069  0.873701  -0.043676  0.045772  -0.002800  -0.322511  1.077268  -0.460533  1.000000  
131.320669 0.020493  -0.033999  0.003802  0.409419  0.772696  0.485096  -0.881526  0.472069  -0.007943  -0.235136  -0.424372  0.874425  -0.044122  0.045951  -0.002392  -0.334654  1.110159  -0.467582  1.000000  
131.321918 0.020435  -0.033940  0.003803  0.410834  0.772748  0.483813  -0.881247  0.472610  -0.006536  -0.233706  -0.423674  0.875147  -0.044578  0.046060  -0.001895  -0.347958  1.137631  -0.468710  1.000000  
131.322919 0.020388  -0.033893  0.003804  0.411900  0.772901  0.482662  -0.881163  0.472785  -0.005109  -0.232144  -0.423200  0.875792  -0.044880  0.046228  -0.001432  -0.364188  1.175330  -0.459590  1.000000  
131.324171 0.020329  -0.033833  0.003806  0.413508  0.772878  0.481322  -0.880819  0.473439  -0.003500  -0.230582  -0.422511  0.876537  -0.045372  0.046298  -0.000847  -0.376448  1.212087  -0.464754  1.000000  
131.325174 0.020280  -0.033786  0.003809  0.414546  0.773039  0.480170  -0.880672  0.473721  -0.002346  -0.229280  -0.421900  0.877172  -0.045809  0.046314  -0.000436  -0.387107  1.236117  -0.460109  1.000000  
131.326419 0.020219  -0.033727  0.003813  0.416152  0.773012  0.478821  -0.880319  0.474381  -0.000742  -0.227717  -0.421207  0.877912  -0.046271  0.046410  0.000023  -0.399441  1.268676  -0.467369  1.000000  
131.327420 0.020169  -0.033681  0.003816  0.417369  0.773073  0.477662  -0.880079  0.474827  0.000508  -0.226414  -0.420593  0.878543  -0.046802  0.046390  0.000316  -0.410822  1.295383  -0.462594  1.000000  
131.328457 0.020120  -0.033635  0.003818  0.418573  0.773050  0.476644  -0.879809  0.475325  0.001708  -0.225241  -0.420070  0.879095  -0.047053  0.046164  0.000623  -0.418795  1.316446  -0.461029  1.000000  
131.329694 0.020057  -0.033578  0.003821  0.420371  0.773003  0.475137  -0.879384  0.476101  0.003451  -0.223546  -0.419278  0.879905  -0.047615  0.046175  0.000862  -0.429996  1.352749  -0.474920  1.000000  
131.330927 0.019993  -0.033521  0.003824  0.421986  0.773051  0.473625  -0.879039  0.476722  0.005093  -0.221850  -0.418484  0.880712  -0.048160  0.046164  0.001159  -0.444550  1.387407  -0.474899  1.000000  
131.332177 0.019927  -0.033466  0.003829  0.423794  0.773023  0.472054  -0.878629  0.477455  0.006936  -0.220023  -0.417699  0.881542  -0.048691  0.046087  0.001541  -0.455718  1.427027  -0.486736  1.000000  
131.333426 0.019862  -0.033412  0.003834  0.425419  0.773090  0.470478  -0.878299  0.478033  0.008678  -0.218195  -0.416912  0.882369  -0.049116  0.045995  0.002043  -0.466198  1.460949  -0.486720  1.000000  
131.334426 0.019810  -0.033367  0.003839  0.426837  0.773149  0.469096  -0.877999  0.478555  0.010166  -0.216628  -0.416204  0.883089  -0.049454  0.045912  0.002395  -0.474807  1.497823  -0.492577  1.000000  
131.335673 0.019746  -0.033310  0.003846  0.428447  0.773188  0.467560  -0.877632  0.479190  0.011796  -0.214930  -0.415400  0.883882  -0.049813  0.045847  0.002921  -0.483687  1.530609  -0.500693  1.000000  
131.336920 0.019682  -0.033254  0.003855  0.430081  0.773331  0.465822  -0.877311  0.479731  0.013577  -0.212969  -0.414510  0.884774  -0.050362  0.045686  0.003579  -0.492750  1.575656  -0.503283  1.000000  
131.338171 0.019617  -0.033198  0.003864  0.431882  0.773347  0.464126  -0.876869  0.480485  0.015344  -0.211139  -0.413604  0.885637  -0.050599  0.045556  0.003991  -0.505902  1.612488  -0.509729  1.000000  
131.339421 0.019551  -0.033142  0.003872  0.433705  0.773354  0.462411  -0.876470  0.481143  0.017379  -0.209046  -0.412827  0.886495  -0.051038  0.045365  0.004317  -0.513684  1.656301  -0.520325  1.000000  
131.340421 0.019498  -0.033098  0.003879  0.435104  0.773377  0.461055  -0.876119  0.481731  0.018746  -0.207606  -0.412096  0.887173  -0.051283  0.045128  0.004575  -0.524241  1.678201  -0.526359  1.000000  
131.341422 0.019446  -0.033053  0.003885  0.436682  0.773300  0.459691  -0.875673  0.482481  0.020206  -0.206166  -0.411363  0.887849  -0.051524  0.044933  0.004836  -0.531206  1.699901  -0.536124  1.000000  
131.342426 0.019393  -0.033009  0.003890  0.438091  0.773345  0.458273  -0.875338  0.483025  0.021675  -0.204595  -0.410639  0.888547  -0.051793  0.044711  0.005044  -0.537808  1.734218  -0.536706  1.000000  
131.343672 0.019325  -0.032956  0.003899  0.440088  0.773298  0.456434  -0.874824  0.483860  0.023731  -0.202499  -0.409743  0.889441  -0.052158  0.044473  0.005392  -0.548046  1.779644  -0.553421  1.000000  
131.344922 0.019256  -0.032903  0.003908  0.441891  0.773323  0.454647  -0.874368  0.484589  0.025583  -0.200533  -0.408833  0.890304  -0.052501  0.044184  0.005828  -0.561509  1.813416  -0.558894  1.000000  
131.345926 0.019201  -0.032862  0.003916  0.443487  0.773286  0.453153  -0.873948  0.485255  0.027242  -0.198829  -0.408114  0.891017  -0.052772  0.043965  0.006148  -0.566755  1.841639  -0.569346  1.000000  
131.347177 0.019132  -0.032811  0.003927  0.445670  0.773155  0.451231  -0.873342  0.486214  0.029484  -0.196599  -0.407219  0.891920  -0.052994  0.043693  0.006580  -0.575711  1.880390  -0.586200  1.000000  
131.348177 0.019077  -0.032769  0.003937  0.447095  0.773238  0.449676  -0.873026  0.486679  0.031149  -0.194762  -0.406505  0.892648  -0.053214  0.043563  0.006931  -0.582819  1.910129  -0.588947  1.000000  
131.349178 0.019022  -0.032728  0.003946  0.448675  0.773169  0.448219  -0.872565  0.487403  0.032691  -0.193187  -0.405768  0.893326  -0.053419  0.043341  0.007225  -0.587936  1.931493  -0.599999  1.000000  
131.350424 0.018954  -0.032675  0.003958  0.450503  0.773255  0.446232  -0.872143  0.488009  0.034842  -0.190824  -0.404875  0.894239  -0.053677  0.043100  0.007607  -0.595852  1.965565  -0.601596  1.000000  
131.351672 0.018886  -0.032622  0.003970  0.452687  0.773191  0.444128  -0.871526  0.488943  0.037112  -0.188459  -0.403869  0.895194  -0.053926  0.042787  0.007786  -0.604914  2.005134  -0.615591  1.000000  
131.352673 0.018831  -0.032581  0.003980  0.454273  0.773193  0.442502  -0.871069  0.489635  0.038689  -0.186750  -0.403025  0.895932  -0.054162  0.042529  0.007994  -0.615131  2.017410  -0.634364  1.000000  
131.353922 0.018762  -0.032527  0.003993  0.456071  0.773274  0.440508  -0.870577  0.490357  0.040554  -0.184647  -0.401992  0.896832  -0.054424  0.042369  0.008287  -0.628673  2.036354  -0.635850  1.000000  
131.355063 0.018706  -0.032486  0.004003  0.457664  0.773348  0.438721  -0.870130  0.491015  0.042171  -0.182806  -0.401044  0.897633  -0.054105  0.041821  0.008410  -0.635910  2.051063  -0.646204  1.000000  
131.356173 0.018635  -0.032434  0.004016  0.459468  0.773447  0.436657  -0.869646  0.491700  0.044134  -0.180569  -0.400015  0.898545  -0.054944  0.041975  0.008901  -0.652462  2.083234  -0.648804  1.000000  
131.357421 0.018564  -0.032384  0.004031  0.460912  0.773744  0.434603  -0.869343  0.492071  0.045912  -0.178331  -0.398981  0.899451  -0.055234  0.041684  0.009383  -0.668870  2.100154  -0.636127  1.000000  
131.358672 0.018493  -0.032334  0.004047  0.462734  0.773886  0.432410  -0.868885  0.492673  0.048079  -0.175829  -0.397962  0.900394  -0.055445  0.041477  0.009894  -0.678282  2.127582  -0.635349  1.000000  
131.359928 0.018421  -0.032285  0.004065  0.464720  0.773897  0.430254  -0.868301  0.493488  0.050223  -0.173458  -0.396930  0.901310  -0.055725  0.041235  0.010510  -0.691316  2.157180  -0.638406  1.000000  
131.361172 0.018348  -0.032237  0.004083  0.466536  0.773979  0.428137  -0.867825  0.494096  0.052439  -0.170954  -0.396012  0.902191  -0.055985  0.041030  0.010925  -0.698768  2.177536  -0.632258  1.000000  
131.362182 0.018290  -0.032198  0.004097  0.467969  0.774108  0.426335  -0.867491  0.494471  0.054383  -0.168712  -0.395292  0.902929  -0.056104  0.040779  0.011310  -0.701094  2.200335  -0.623301  1.000000  
131.363427 0.018219  -0.032150  0.004116  0.469789  0.774209  0.424144  -0.867017  0.495043  0.056697  -0.166074  -0.394375  0.903818  -0.056329  0.040561  0.011839  -0.707302  2.227588  -0.621569  1.000000  
131.364675 0.018147  -0.032103  0.004135  0.471595  0.774232  0.422094  -0.866513  0.495661  0.058961  -0.163566  -0.393556  0.904633  -0.056586  0.040242  0.012308  -0.705322  2.250835  -0.621757  1.000000  
131.365926 0.018075  -0.032055  0.004156  0.473586  0.774123  0.420059  -0.865921  0.496389  0.061472  -0.160926  -0.392850  0.905412  -0.056847  0.039933  0.012884  -0.701997  2.280502  -0.625931  1.000000  
131.367172 0.018001  -0.032007  0.004177  0.475385  0.774140  0.417991  -0.865398  0.497017  0.063726  -0.158416  -0.392023  0.906213  -0.057170  0.039598  0.013413  -0.701444  2.296756  -0.621858  1.000000  
131.368421 0.017927  -0.031961  0.004200  0.477201  0.774204  0.415797  -0.864902  0.497558  0.066187  -0.155642  -0.391208  0.907046  -0.057532  0.039168  0.014245  -0.704994  2.325145  -0.612108  1.000000  
131.369423 0.017867  -0.031924  0.004220  0.478607  0.774193  0.414198  -0.864503  0.497991  0.068122  -0.153526  -0.390679  0.907634  -0.057846  0.038746  0.014928  -0.699659  2.336790  -0.608970  1.000000  
131.370673 0.017791  -0.031878  0.004248  0.480406  0.774178  0.412139  -0.863970  0.498579  0.070529  -0.150882  -0.389958  0.908387  -0.058176  0.038444  0.015817  -0.695013  2.361269  -0.601167  1.000000  
131.371922 0.017714  -0.031834  0.004276  0.482033  0.774288  0.410027  -0.863545  0.498967  0.072953  -0.148103  -0.389242  0.909151  -0.058650  0.037936  0.016846  -0.692898  2.384294  -0.579134  1.000000  
131.373171 0.017636  -0.031789  0.004306  0.484002  0.774165  0.407934  -0.862893  0.499725  0.075434  -0.145456  -0.388514  0.909890  -0.059024  0.037647  0.017803  -0.686781  2.400792  -0.582994  1.000000  
131.374172 0.017574  -0.031754  0.004332  0.485397  0.774148  0.406306  -0.862464  0.500172  0.077356  -0.143338  -0.387973  0.910457  -0.059390  0.037351  0.018589  -0.682697  2.414056  -0.572079  1.000000  
131.375420 0.017496  -0.031710  0.004364  0.487181  0.774075  0.404306  -0.861894  0.500769  0.079805  -0.140689  -0.387348  0.911135  -0.059772  0.037072  0.019600  -0.674270  2.430351  -0.568013  1.000000  
131.376671 0.017416  -0.031666  0.004399  0.488961  0.774048  0.402203  -0.861314  0.501381  0.082188  -0.138039  -0.386610  0.911854  -0.060377  0.036778  0.020721  -0.672235  2.441330  -0.551764  1.000000  
131.377672 0.017352  -0.031630  0.004427  0.490347  0.774026  0.400554  -0.860863  0.501838  0.084099  -0.135919  -0.386060  0.912405  -0.060642  0.036646  0.021550  -0.668178  2.446152  -0.544433  1.000000  
131.378674 0.017289  -0.031594  0.004457  0.491739  0.773980  0.398933  -0.860422  0.502243  0.086173  -0.133665  -0.385626  0.912922  -0.061069  0.036395  0.022627  -0.658963  2.462039  -0.539607  1.000000  
131.379678 0.017224  -0.031559  0.004489  0.493120  0.773907  0.397367  -0.859959  0.502695  0.088139  -0.131543  -0.385183  0.913417  -0.061527  0.036203  0.023685  -0.650707  2.469820  -0.529857  1.000000  
131.380927 0.017142  -0.031515  0.004530  0.494895  0.773802  0.395359  -0.859361  0.503256  0.090733  -0.128757  -0.384660  0.914034  -0.062174  0.035967  0.025126  -0.634085  2.481528  -0.527509  1.000000  
131.382179 0.017059  -0.031471  0.004573  0.496665  0.773649  0.393435  -0.858752  0.503810  0.093384  -0.125970  -0.384244  0.914597  -0.062818  0.035679  0.026466  -0.615522  2.492164  -0.510731  1.000000  
131.383457 0.016974  -0.031429  0.004618  0.498423  0.773515  0.391469  -0.858119  0.504423  0.095862  -0.123315  -0.383707  0.915184  -0.063516  0.035366  0.028025  -0.598047  2.505752  -0.506130  1.000000  
131.384673 0.016889  -0.031386  0.004665  0.500169  0.773355  0.389556  -0.857462  0.505084  0.098230  -0.120792  -0.383161  0.915750  -0.064284  0.035230  0.029416  -0.581692  2.526136  -0.502551  1.000000  
131.385963 0.016803  -0.031343  0.004713  0.501910  0.773192  0.387634  -0.856796  0.505749  0.100592  -0.118268  -0.382611  0.916309  -0.064701  0.034997  0.030706  -0.561300  2.518678  -0.499011  1.000000  
131.387173 0.016717  -0.031300  0.004763  0.503824  0.772924  0.385682  -0.856017  0.506577  0.103029  -0.115743  -0.382059  0.916861  -0.065486  0.034971  0.032219  -0.542101  2.537986  -0.518057  1.000000  
131.388177 0.016648  -0.031265  0.004805  0.505189  0.772821  0.384097  -0.855514  0.506993  0.105135  -0.113484  -0.381714  0.917287  -0.065940  0.034924  0.033376  -0.524817  2.545673  -0.516871  1.000000  
131.389423 0.016562  -0.031220  0.004858  0.506919  0.772654  0.382150  -0.854822  0.507667  0.107483  -0.110958  -0.381156  0.917828  -0.066410  0.035010  0.034837  -0.514833  2.543869  -0.514502  1.000000  
131.390673 0.016476  -0.031176  0.004914  0.508821  0.772334  0.380265  -0.854017  0.508491  0.109966  -0.108431  -0.380706  0.918317  -0.066976  0.035037  0.036236  -0.491564  2.549577  -0.521103  1.000000  
131.391925 0.016390  -0.031130  0.004972  0.510557  0.772169  0.378267  -0.853330  0.509072  0.112576  -0.105637  -0.380264  0.918826  -0.067432  0.035183  0.037865  -0.477428  2.551170  -0.525030  1.000000  
131.393175 0.016304  -0.031085  0.005032  0.512273  0.771951  0.376387  -0.852610  0.509742  0.114970  -0.103109  -0.379808  0.919301  -0.067907  0.035195  0.039507  -0.458894  2.545218  -0.528583  1.000000  
131.394175 0.016235  -0.031048  0.005082  0.513790  0.771667  0.374900  -0.851953  0.510359  0.117090  -0.100979  -0.379556  0.919641  -0.068151  0.035254  0.040651  -0.447000  2.548297  -0.537580  1.000000  
131.395184 0.016165  -0.031012  0.005132  0.515289  0.771375  0.373440  -0.851266  0.511079  0.118933  -0.099116  -0.379182  0.919999  -0.068419  0.035234  0.041945  -0.435292  2.542121  -0.540373  1.000000  
131.396421 0.016076  -0.030968  0.005197  0.516995  0.771108  0.371630  -0.850522  0.511743  0.121375  -0.096586  -0.378830  0.920413  -0.068851  0.035304  0.043321  -0.421362  2.543820  -0.543849  1.000000  
131.397425 0.016005  -0.030932  0.005250  0.518313  0.770874  0.370277  -0.849929  0.512292  0.123196  -0.094721  -0.378563  0.920716  -0.069171  0.035422  0.044607  -0.405605  2.534662  -0.548485  1.000000  
131.398428 0.015934  -0.030896  0.005302  0.519817  0.770587  0.368764  -0.849245  0.512916  0.125301  -0.092590  -0.378304  0.921039  -0.069535  0.035547  0.045702  -0.393039  2.532094  -0.557613  1.000000  
131.399673 0.015844  -0.030852  0.005369  0.521505  0.770290  0.366995  -0.848468  0.513628  0.127624  -0.090191  -0.377941  0.921426  -0.069682  0.035607  0.046932  -0.383285  2.524300  -0.564034  1.000000  
131.400922 0.015753  -0.030807  0.005437  0.523020  0.770125  0.365181  -0.847800  0.514141  0.129973  -0.087659  -0.377579  0.921819  -0.070210  0.035822  0.048357  -0.371724  2.517320  -0.561717  1.000000  
131.402174 0.015662  -0.030761  0.005507  0.524706  0.769853  0.363332  -0.847017  0.514816  0.132392  -0.085127  -0.377215  0.922205  -0.070324  0.035897  0.049708  -0.359382  2.508559  -0.567400  1.000000  
131.403423 0.015572  -0.030714  0.005578  0.526387  0.769580  0.361474  -0.846224  0.515492  0.134806  -0.082593  -0.376848  0.922585  -0.070661  0.036136  0.050991  -0.347776  2.501615  -0.565046  1.000000  
131.404671 0.015480  -0.030668  0.005650  0.528064  0.769262  0.359701  -0.845423  0.516155  0.137277  -0.080060  -0.376591  0.922914  -0.070998  0.036271  0.052218  -0.334704  2.498437  -0.569554  1.000000  
131.405671 0.015408  -0.030630  0.005709  0.529360  0.769022  0.358305  -0.844786  0.516716  0.139072  -0.078192  -0.376311  0.923188  -0.071222  0.036410  0.053014  -0.325777  2.491629  -0.575020  1.000000  
131.406921 0.015315  -0.030583  0.005783  0.531029  0.768703  0.356517  -0.843970  0.517381  0.141534  -0.075658  -0.376048  0.923506  -0.071670  0.036507  0.054084  -0.309508  2.487815  -0.578906  1.000000  
131.407927 0.015241  -0.030545  0.005843  0.532335  0.768542  0.354912  -0.843347  0.517818  0.143636  -0.073389  -0.375776  0.923800  -0.072069  0.036568  0.055010  -0.304809  2.483981  -0.579054  1.000000  
131.409176 0.015147  -0.030498  0.005919  0.534000  0.768291  0.352949  -0.842522  0.518462  0.146130  -0.070720  -0.375401  0.924161  -0.072442  0.036757  0.055890  -0.300536  2.486109  -0.582015  1.000000  
131.410421 0.015053  -0.030450  0.005996  0.535659  0.768039  0.350977  -0.841688  0.519109  0.148618  -0.068051  -0.375022  0.924515  -0.072959  0.036893  0.056745  -0.295769  2.483660  -0.591746  1.000000  
131.411671 0.014959  -0.030403  0.006072  0.537136  0.767823  0.349187  -0.840947  0.519625  0.150988  -0.065514  -0.374749  0.924809  -0.073381  0.037019  0.057473  -0.288362  2.473075  -0.590654  1.000000  
131.412678 0.014881  -0.030366  0.006135  0.538595  0.767526  0.347590  -0.840178  0.520269  0.153040  -0.063378  -0.374464  0.925073  -0.073823  0.037186  0.058254  -0.283408  2.472393  -0.592013  1.000000  
131.413678 0.014802  -0.030328  0.006197  0.539877  0.767335  0.346019  -0.839513  0.520757  0.155017  -0.061241  -0.374178  0.925333  -0.074245  0.037279  0.058867  -0.278635  2.472684  -0.593135  1.000000  
131.414929 0.014705  -0.030281  0.006276  0.541346  0.767186  0.344048  -0.838757  0.521255  0.157415  -0.058570  -0.373789  0.925663  -0.074735  0.037448  0.059692  -0.274744  2.471840  -0.586358  1.000000  
131.416174 0.014606  -0.030234  0.006358  0.542975  0.766834  0.342264  -0.837869  0.521978  0.159733  -0.056166  -0.373504  0.925927  -0.075333  0.037561  0.060499  -0.266223  2.467789  -0.589786  1.000000  
131.417416 0.014507  -0.030187  0.006438  0.544602  0.766548  0.340312  -0.836978  0.522681  0.162087  -0.053628  -0.373107  0.926237  -0.075823  0.037687  0.061178  -0.266833  2.466771  -0.586044  1.000000  
131.418418 0.014427  -0.030148  0.006503  0.546041  0.766205  0.338775  -0.836174  0.523314  0.164180  -0.051490  -0.372924  0.926432  -0.076345  0.037746  0.061683  -0.261326  2.469048  -0.593472  1.000000  
131.419667 0.014327  -0.030101  0.006584  0.547491  0.766012  0.336866  -0.835386  0.523801  0.166621  -0.048817  -0.372637  0.926692  -0.076901  0.037781  0.062248  -0.253718  2.466228  -0.588776  1.000000  
131.420667 0.014247  -0.030064  0.006649  0.548747  0.765789  0.335325  -0.834676  0.524341  0.168470  -0.046812  -0.372335  0.926917  -0.077411  0.037760  0.062664  -0.253210  2.463812  -0.583780  1.000000  
131.421674 0.014166  -0.030027  0.006715  0.550004  0.765553  0.333804  -0.833967  0.524820  0.170482  -0.044674  -0.372147  0.927098  -0.077951  0.037698  0.063132  -0.247794  2.458006  -0.585618  1.000000  
131.422917 0.014064  -0.029980  0.006797  0.551440  0.765398  0.331782  -0.833156  0.525333  0.172846  -0.042000  -0.371740  0.927386  -0.078510  0.037720  0.063593  -0.248670  2.460870  -0.580167  1.000000  
131.423924 0.013983  -0.029943  0.006862  0.552518  0.765269  0.330285  -0.832548  0.525658  0.174782  -0.039861  -0.371548  0.927558  -0.078990  0.037577  0.063962  -0.248096  2.454122  -0.567305  1.000000  
131.425175 0.013880  -0.029898  0.006946  0.553945  0.765073  0.328342  -0.831722  0.526154  0.177200  -0.037187  -0.371249  0.927789  -0.079557  0.037414  0.064432  -0.245312  2.458891  -0.553889  1.000000  
131.426417 0.013775  -0.029854  0.007030  0.555533  0.764712  0.326493  -0.830766  0.526893  0.179474  -0.034781  -0.370943  0.928004  -0.080155  0.037233  0.064910  -0.244787  2.454178  -0.556732  1.000000  
131.427418 0.013693  -0.029818  0.007098  0.556768  0.764446  0.325011  -0.830021  0.527420  0.181363  -0.032775  -0.370743  0.928157  -0.080575  0.037152  0.065343  -0.243558  2.458432  -0.556020  1.000000  
131.428422 0.013609  -0.029783  0.007167  0.557997  0.764151  0.323593  -0.829268  0.527989  0.183146  -0.030903  -0.370540  0.928302  -0.080884  0.036954  0.065651  -0.242820  2.447404  -0.553907  1.000000  
131.429429 0.013526  -0.029749  0.007236  0.559227  0.763912  0.322032  -0.828516  0.528478  0.185131  -0.028763  -0.370338  0.928451  -0.081230  0.036743  0.066124  -0.240720  2.453314  -0.549976  1.000000  
