1-Time 2-Px 3-Py 4-Pz 5-R11 6-R21 7-R31 8-R12 9-R22 10-R32 11-R13 12-R23 13-R33 14-Vx 15-Vy 16-Vz 17-Wx 18-Wy 19-Wz 20-state
24.760532 0.038089  -0.027270  -0.017302  0.337719  0.680218  0.650576  -0.922879  0.375180  0.086799  -0.185041  -0.629717  0.754464  -0.001535  -0.003642  0.001501  0.000000  0.000000  0.000000  1.000000  
24.761617 0.038089  -0.027270  -0.017302  0.337719  0.680218  0.650576  -0.922879  0.375180  0.086799  -0.185041  -0.629717  0.754464  -0.000223  -0.001259  -0.000655  0.000000  0.000000  0.000000  1.000000  
24.762623 0.038081  -0.027271  -0.017294  0.337727  0.680326  0.650459  -0.922902  0.375112  0.086848  -0.184910  -0.629641  0.754560  -0.004600  -0.000865  0.004520  0.000000  0.000000  0.000000  1.000000  
24.763889 0.038066  -0.027271  -0.017273  0.337727  0.680326  0.650459  -0.922902  0.375112  0.086848  -0.184910  -0.629641  0.754560  -0.007941  -0.000418  0.009456  0.000000  0.000000  0.000000  1.000000  
24.765116 0.038053  -0.027267  -0.017258  0.337727  0.680405  0.650376  -0.922902  0.375122  0.086802  -0.184910  -0.629549  0.754636  -0.008618  0.000482  0.010483  0.000000  0.000000  0.000000  1.000000  
24.766120 0.038043  -0.027263  -0.017248  0.337727  0.680484  0.650294  -0.922902  0.375133  0.086757  -0.184910  -0.629458  0.754713  -0.008937  0.001178  0.010217  0.000000  0.000000  0.000000  1.000000  
24.767366 0.038027  -0.027255  -0.017240  0.337727  0.680563  0.650211  -0.922902  0.375143  0.086711  -0.184910  -0.629366  0.754789  -0.009655  0.002270  0.009607  0.000000  0.000000  0.000000  1.000000  
24.768614 0.038003  -0.027245  -0.017235  0.337537  0.680719  0.650147  -0.922972  0.375014  0.086532  -0.184910  -0.629275  0.754865  -0.011142  0.003202  0.008623  0.000000  0.000000  0.000000  1.000000  
24.769878 0.037977  -0.027234  -0.017232  0.337356  0.680825  0.650130  -0.923065  0.374794  0.086493  -0.184778  -0.629291  0.754884  -0.012489  0.003933  0.007801  0.000000  0.000000  0.000000  1.000000  
24.771115 0.037954  -0.027222  -0.017225  0.337166  0.680981  0.650065  -0.923134  0.374665  0.086314  -0.184778  -0.629199  0.754961  -0.013275  0.004638  0.007555  0.000000  0.000000  0.000000  1.000000  
24.772116 0.037936  -0.027212  -0.017217  0.337174  0.681010  0.650030  -0.923157  0.374586  0.086409  -0.184647  -0.629215  0.754980  -0.013643  0.005130  0.007589  0.000000  0.000000  0.000000  1.000000  
24.773363 0.037914  -0.027198  -0.017206  0.336984  0.681087  0.650048  -0.923227  0.374445  0.086275  -0.184647  -0.629215  0.754980  -0.014097  0.005772  0.007656  0.000000  0.000000  0.000000  1.000000  
24.774364 0.037893  -0.027187  -0.017194  0.336802  0.681193  0.650031  -0.923319  0.374226  0.086236  -0.184515  -0.629231  0.754999  -0.014614  0.006137  0.007982  0.000000  0.000000  0.000000  1.000000  
24.775364 0.037867  -0.027177  -0.017181  0.336612  0.681191  0.650132  -0.923388  0.374075  0.086147  -0.184515  -0.629322  0.754922  -0.015354  0.006388  0.008358  0.000000  0.000000  0.000000  1.000000  
24.776366 0.037840  -0.027169  -0.017162  0.336612  0.681112  0.650214  -0.923388  0.374065  0.086193  -0.184515  -0.629414  0.754846  -0.016601  0.006790  0.009308  0.000000  0.000000  0.000000  1.000000  
24.777614 0.037806  -0.027156  -0.017139  0.336422  0.681189  0.650232  -0.923458  0.373925  0.086059  -0.184515  -0.629414  0.754846  -0.018365  0.007651  0.010330  0.000000  0.000000  0.000000  1.000000  
24.778864 0.037775  -0.027140  -0.017120  0.336422  0.681110  0.650315  -0.923458  0.373914  0.086104  -0.184515  -0.629505  0.754770  -0.019433  0.008706  0.010246  0.000000  0.000000  0.000000  1.000000  
24.780118 0.037742  -0.027122  -0.017109  0.336422  0.681110  0.650315  -0.923458  0.373914  0.086104  -0.184515  -0.629505  0.754770  -0.020933  0.009833  0.009907  0.000000  0.000000  0.000000  1.000000  
24.781123 0.037713  -0.027105  -0.017102  0.336422  0.681110  0.650315  -0.923458  0.373914  0.086104  -0.184515  -0.629505  0.754770  -0.022213  0.010623  0.009777  0.000000  0.000000  0.000000  1.000000  
24.782367 0.037673  -0.027084  -0.017092  0.336612  0.681033  0.650297  -0.923388  0.374054  0.086238  -0.184515  -0.629505  0.754770  -0.023701  0.011475  0.009961  0.000000  0.000000  0.000000  1.000000  
24.783370 0.037642  -0.027066  -0.017080  0.336612  0.681033  0.650297  -0.923388  0.374054  0.086238  -0.184515  -0.629505  0.754770  -0.024494  0.012129  0.010526  0.000000  0.000000  0.000000  1.000000  
24.784370 0.037612  -0.027048  -0.017064  0.336802  0.681035  0.650196  -0.923319  0.374205  0.086327  -0.184515  -0.629414  0.754846  -0.025114  0.012752  0.011455  0.000000  0.000000  0.000000  1.000000  
24.785614 0.037579  -0.027022  -0.017035  0.336992  0.681037  0.650096  -0.923250  0.374356  0.086415  -0.184515  -0.629322  0.754922  -0.025619  0.013664  0.012884  0.000000  0.000000  0.000000  1.000000  
24.786626 0.037551  -0.027001  -0.017008  0.337182  0.681039  0.649996  -0.923180  0.374506  0.086503  -0.184515  -0.629231  0.754999  -0.026391  0.014526  0.014261  0.000000  0.000000  0.000000  1.000000  
24.787866 0.037516  -0.026973  -0.016972  0.337563  0.680884  0.649960  -0.923041  0.374787  0.086771  -0.184515  -0.629231  0.754999  -0.027318  0.015445  0.016002  0.000000  0.000000  0.000000  1.000000  
24.789114 0.037476  -0.026947  -0.016940  0.337943  0.680809  0.649842  -0.922902  0.375078  0.086993  -0.184515  -0.629139  0.755075  -0.028245  0.016302  0.017214  0.000000  0.000000  0.000000  1.000000  
24.790115 0.037444  -0.026927  -0.016920  0.338141  0.680839  0.649706  -0.922856  0.375149  0.087176  -0.184384  -0.629063  0.755170  -0.028693  0.016878  0.017642  0.000000  0.000000  0.000000  1.000000  
24.791364 0.037404  -0.026901  -0.016898  0.338521  0.680764  0.649588  -0.922717  0.375440  0.087398  -0.184384  -0.628972  0.755246  -0.029099  0.017836  0.017661  0.000000  0.000000  0.000000  1.000000  
24.792366 0.037372  -0.026880  -0.016882  0.338901  0.680688  0.649469  -0.922577  0.375731  0.087620  -0.184384  -0.628880  0.755323  -0.029433  0.018754  0.017448  0.000000  0.000000  0.000000  1.000000  
24.793613 0.037331  -0.026851  -0.016865  0.339281  0.680612  0.649351  -0.922438  0.376022  0.087842  -0.184384  -0.628788  0.755399  -0.030031  0.019527  0.017248  0.000000  0.000000  0.000000  1.000000  
24.794614 0.037296  -0.026827  -0.016851  0.339661  0.680457  0.649314  -0.922298  0.376302  0.088109  -0.184384  -0.628788  0.755399  -0.030609  0.020172  0.017420  0.000000  0.000000  0.000000  1.000000  
24.795616 0.037260  -0.026804  -0.016837  0.340040  0.680381  0.649195  -0.922158  0.376593  0.088331  -0.184384  -0.628697  0.755475  -0.031181  0.020607  0.017852  0.000000  0.000000  0.000000  1.000000  
24.796864 0.037214  -0.026777  -0.016817  0.340610  0.680227  0.649058  -0.921948  0.377024  0.088686  -0.184384  -0.628605  0.755551  -0.031696  0.021051  0.018681  0.000000  0.000000  0.000000  1.000000  
24.797879 0.037176  -0.026754  -0.016798  0.340989  0.680150  0.648939  -0.921807  0.377315  0.088908  -0.184384  -0.628514  0.755628  -0.032123  0.021449  0.019349  0.000000  0.000000  0.000000  1.000000  
24.799122 0.037127  -0.026725  -0.016768  0.341550  0.679966  0.648837  -0.921573  0.377825  0.089168  -0.184515  -0.628406  0.755685  -0.032857  0.021870  0.019997  0.000000  0.000000  0.000000  1.000000  
24.800372 0.037079  -0.026692  -0.016739  0.342119  0.679812  0.648699  -0.921362  0.378255  0.089523  -0.184515  -0.628314  0.755761  -0.033887  0.022369  0.020061  0.000000  0.000000  0.000000  1.000000  
24.801619 0.037030  -0.026659  -0.016712  0.342688  0.679735  0.648479  -0.921151  0.378697  0.089831  -0.184515  -0.628131  0.755914  -0.034727  0.022767  0.019748  -0.011882  0.129598  -0.148702  1.000000  
24.802873 0.036983  -0.026626  -0.016688  0.343067  0.679815  0.648195  -0.921010  0.379010  0.089961  -0.184515  -0.627856  0.756142  -0.035561  0.023130  0.018789  -0.020278  0.142597  -0.164385  1.000000  
24.804118 0.036932  -0.026592  -0.016670  0.343636  0.679817  0.647892  -0.920798  0.379462  0.090223  -0.184515  -0.627581  0.756371  -0.036314  0.023667  0.017994  -0.027419  0.156528  -0.188232  1.000000  
24.805120 0.036890  -0.026565  -0.016658  0.344024  0.679847  0.647654  -0.920679  0.379685  0.090492  -0.184384  -0.627413  0.756542  -0.037003  0.024147  0.017433  -0.035834  0.173009  -0.201043  1.000000  
24.806120 0.036846  -0.026538  -0.016643  0.344403  0.679926  0.647369  -0.920537  0.379998  0.090621  -0.184384  -0.627138  0.756770  -0.037790  0.024581  0.017242  -0.049184  0.180200  -0.209802  1.000000  
24.807366 0.036792  -0.026504  -0.016622  0.344980  0.679956  0.647030  -0.920348  0.380373  0.090977  -0.184252  -0.626878  0.757017  -0.038739  0.025037  0.017360  -0.056740  0.202510  -0.229634  1.000000  
24.808369 0.036750  -0.026476  -0.016601  0.345368  0.680065  0.646710  -0.920229  0.380607  0.091200  -0.184121  -0.626618  0.757264  -0.039320  0.025409  0.017893  -0.070509  0.214612  -0.237224  1.000000  
24.809617 0.036697  -0.026440  -0.016569  0.345746  0.680143  0.646425  -0.920086  0.380921  0.091327  -0.184121  -0.626343  0.757492  -0.039997  0.025806  0.018887  -0.079535  0.221441  -0.245710  1.000000  
24.810625 0.036653  -0.026412  -0.016543  0.346134  0.680251  0.646104  -0.919967  0.381155  0.091550  -0.183989  -0.626083  0.757739  -0.040501  0.026177  0.019624  -0.089890  0.235363  -0.255363  1.000000  
24.811872 0.036594  -0.026377  -0.016513  0.346521  0.680358  0.645783  -0.919847  0.381391  0.091772  -0.183858  -0.625822  0.757986  -0.041371  0.026683  0.020244  -0.100878  0.243145  -0.257796  1.000000  
24.813117 0.036535  -0.026342  -0.016488  0.347089  0.680436  0.645396  -0.919633  0.381855  0.091985  -0.183858  -0.625455  0.758289  -0.042058  0.027063  0.020241  -0.112437  0.254019  -0.271327  1.000000  
24.814128 0.036489  -0.026313  -0.016472  0.347477  0.680465  0.645157  -0.919513  0.382080  0.092253  -0.183726  -0.625286  0.758460  -0.042563  0.027465  0.019722  -0.116168  0.263815  -0.275924  1.000000  
24.815132 0.036444  -0.026282  -0.016457  0.347855  0.680542  0.644871  -0.919370  0.382393  0.092380  -0.183726  -0.625010  0.758688  -0.042998  0.027761  0.019128  -0.123015  0.268020  -0.281152  1.000000  
24.816371 0.036388  -0.026244  -0.016440  0.348243  0.680649  0.644550  -0.919250  0.382629  0.092601  -0.183595  -0.624750  0.758934  -0.043572  0.028185  0.018430  -0.130011  0.275951  -0.283793  1.000000  
24.817386 0.036342  -0.026212  -0.016428  0.348810  0.680647  0.644245  -0.919034  0.383083  0.092860  -0.183595  -0.624474  0.759161  -0.044042  0.028482  0.017993  -0.139563  0.284305  -0.294042  1.000000  
24.818620 0.036283  -0.026175  -0.016409  0.349386  0.680752  0.643821  -0.918842  0.383471  0.093166  -0.183463  -0.624121  0.759483  -0.044714  0.028700  0.017946  -0.150627  0.292181  -0.296673  1.000000  
24.819870 0.036224  -0.026138  -0.016387  0.349963  0.680857  0.643397  -0.918649  0.383858  0.093473  -0.183332  -0.623768  0.759805  -0.045125  0.028967  0.018334  -0.161641  0.296434  -0.302014  1.000000  
24.821119 0.036167  -0.026101  -0.016361  0.350539  0.680962  0.642972  -0.918455  0.384246  0.093779  -0.183200  -0.623415  0.760126  -0.045299  0.029133  0.018837  -0.172628  0.304148  -0.304489  1.000000  
24.822368 0.036112  -0.026062  -0.016329  0.351312  0.681095  0.642409  -0.918212  0.384708  0.094265  -0.182937  -0.622985  0.760542  -0.045452  0.029500  0.019494  -0.186443  0.319628  -0.309358  1.000000  
24.823370 0.036067  -0.026030  -0.016304  0.351888  0.681120  0.642067  -0.918018  0.385086  0.094616  -0.182806  -0.622723  0.760788  -0.045553  0.029756  0.019669  -0.193353  0.327351  -0.311820  1.000000  
24.824618 0.036011  -0.025989  -0.016270  0.352464  0.681301  0.641559  -0.917823  0.385486  0.094874  -0.182674  -0.622277  0.761184  -0.045795  0.030133  0.019815  -0.209691  0.330714  -0.309086  1.000000  
24.825869 0.035953  -0.025949  -0.016242  0.353417  0.681323  0.641011  -0.917483  0.386167  0.095395  -0.182542  -0.621831  0.761580  -0.046065  0.030538  0.019738  -0.226341  0.347144  -0.322142  1.000000  
24.827119 0.035896  -0.025906  -0.016217  0.354181  0.681423  0.640482  -0.917214  0.386709  0.095784  -0.182411  -0.621384  0.761976  -0.045854  0.030973  0.019452  -0.239426  0.351907  -0.321993  1.000000  
24.828120 0.035851  -0.025872  -0.016199  0.354945  0.681523  0.639953  -0.916945  0.387251  0.096171  -0.182279  -0.620937  0.762372  -0.045590  0.031407  0.019272  -0.255224  0.366845  -0.332457  1.000000  
24.829380 0.035795  -0.025828  -0.016175  0.355907  0.681572  0.639367  -0.916625  0.387856  0.096785  -0.182016  -0.620506  0.762786  -0.045555  0.031810  0.019499  -0.264841  0.385609  -0.334416  1.000000  
24.830634 0.035737  -0.025783  -0.016146  0.356859  0.681668  0.638734  -0.916280  0.388551  0.097255  -0.181885  -0.619966  0.763256  -0.045585  0.032253  0.020386  -0.282676  0.397522  -0.342189  1.000000  
24.831873 0.035677  -0.025741  -0.016112  0.357999  0.681605  0.638163  -0.915862  0.389375  0.097903  -0.181753  -0.619518  0.763651  -0.045811  0.032544  0.021595  -0.287614  0.414861  -0.357728  1.000000  
24.832874 0.035629  -0.025707  -0.016083  0.358762  0.681623  0.637714  -0.915589  0.389906  0.098335  -0.181622  -0.619163  0.763971  -0.045899  0.032773  0.022699  -0.297290  0.426492  -0.363709  1.000000  
24.834123 0.035569  -0.025665  -0.016045  0.359713  0.681716  0.637079  -0.915242  0.390603  0.098802  -0.181490  -0.618622  0.764440  -0.046006  0.033094  0.023771  -0.301255  0.442077  -0.376387  1.000000  
24.835132 0.035521  -0.025631  -0.016017  0.360476  0.681810  0.636547  -0.914968  0.391147  0.099185  -0.181358  -0.618173  0.764834  -0.046048  0.033356  0.024342  -0.310904  0.450361  -0.386956  1.000000  
24.836368 0.035460  -0.025587  -0.015986  0.361426  0.681901  0.635911  -0.914619  0.391845  0.099650  -0.181227  -0.617632  0.765302  -0.046450  0.033747  0.024626  -0.320864  0.459034  -0.397971  1.000000  
24.837371 0.035411  -0.025552  -0.015961  0.362197  0.681947  0.635422  -0.914366  0.392301  0.100173  -0.180964  -0.617291  0.765640  -0.046724  0.034027  0.024510  -0.322551  0.474534  -0.403097  1.000000  
24.838620 0.035350  -0.025507  -0.015931  0.363335  0.682032  0.634681  -0.913940  0.393152  0.100720  -0.180832  -0.616656  0.766182  -0.047126  0.034357  0.024381  -0.335051  0.487055  -0.419085  1.000000  
24.839868 0.035288  -0.025461  -0.015901  0.364294  0.682149  0.634005  -0.913611  0.393774  0.101277  -0.180569  -0.616128  0.766669  -0.047465  0.034695  0.024221  -0.339944  0.503784  -0.432884  1.000000  
24.841118 0.035225  -0.025415  -0.015870  0.365440  0.682262  0.633224  -0.913205  0.394550  0.101915  -0.180306  -0.615507  0.767229  -0.047827  0.035058  0.024483  -0.350985  0.527228  -0.448236  1.000000  
24.842118 0.035173  -0.025377  -0.015843  0.366210  0.682458  0.632567  -0.912949  0.395034  0.102340  -0.180042  -0.614979  0.767715  -0.048184  0.035284  0.024918  -0.362274  0.535205  -0.452935  1.000000  
24.843368 0.035107  -0.025330  -0.015806  0.367167  0.682649  0.631805  -0.912616  0.395671  0.102846  -0.179779  -0.614357  0.768274  -0.048938  0.035472  0.026094  -0.374697  0.554339  -0.461475  1.000000  
24.844368 0.035053  -0.025293  -0.015772  0.367937  0.682844  0.631147  -0.912358  0.396155  0.103268  -0.179516  -0.613828  0.768759  -0.049511  0.035706  0.026917  -0.384360  0.566044  -0.471089  1.000000  
24.845378 0.034998  -0.025254  -0.015735  0.368894  0.683033  0.630383  -0.912023  0.396794  0.103772  -0.179253  -0.613205  0.769317  -0.050133  0.035889  0.027935  -0.401209  0.585678  -0.479986  1.000000  
24.846619 0.034928  -0.025207  -0.015687  0.370056  0.683277  0.629437  -0.911655  0.397435  0.104546  -0.178726  -0.612517  0.769987  -0.050812  0.036123  0.028876  -0.413439  0.608016  -0.489083  1.000000  
24.847638 0.034871  -0.025169  -0.015649  0.370825  0.683469  0.628776  -0.911395  0.397922  0.104966  -0.178463  -0.611987  0.770470  -0.051365  0.036444  0.029329  -0.427799  0.620292  -0.495730  1.000000  
24.848873 0.034799  -0.025121  -0.015607  0.371611  0.683875  0.627870  -0.911177  0.398284  0.105479  -0.177936  -0.611298  0.771138  -0.052155  0.036847  0.029725  -0.443285  0.634981  -0.493241  1.000000  
24.849874 0.034740  -0.025081  -0.015576  0.372379  0.684141  0.627124  -0.910915  0.398786  0.105848  -0.177673  -0.610672  0.771694  -0.052881  0.037230  0.029839  -0.457165  0.650192  -0.498559  1.000000  
24.851123 0.034665  -0.025031  -0.015538  0.373353  0.684462  0.626194  -0.910619  0.399291  0.106489  -0.177146  -0.609982  0.772361  -0.053829  0.037627  0.030229  -0.468382  0.664563  -0.495924  1.000000  
24.852368 0.034590  -0.024981  -0.015498  0.374326  0.684858  0.625180  -0.910322  0.399810  0.107079  -0.176619  -0.609197  0.773100  -0.054723  0.038040  0.030884  -0.486674  0.679853  -0.501553  1.000000  
24.853619 0.034516  -0.024931  -0.015455  0.375299  0.685252  0.624164  -0.910023  0.400332  0.107668  -0.176093  -0.608411  0.773839  -0.055559  0.038397  0.031712  -0.502040  0.694281  -0.499068  1.000000  
24.854868 0.034442  -0.024880  -0.015408  0.376459  0.685562  0.623124  -0.909646  0.400995  0.108384  -0.175566  -0.607624  0.774577  -0.056460  0.038801  0.033003  -0.516155  0.712947  -0.501906  1.000000  
24.856125 0.034366  -0.024829  -0.015359  0.377431  0.685878  0.622188  -0.909345  0.401506  0.109019  -0.175039  -0.606930  0.775240  -0.057334  0.039057  0.034190  -0.528625  0.719485  -0.496810  1.000000  
24.857368 0.034289  -0.024778  -0.015308  0.378599  0.686216  0.621104  -0.908986  0.402099  0.109827  -0.174380  -0.606155  0.775994  -0.058201  0.039353  0.035266  -0.537235  0.739937  -0.498202  1.000000  
24.858619 0.034210  -0.024728  -0.015258  0.379570  0.686529  0.620165  -0.908681  0.402613  0.110459  -0.173853  -0.605459  0.776656  -0.059021  0.039545  0.035924  -0.551335  0.751952  -0.489250  1.000000  
24.859868 0.034130  -0.024677  -0.015210  0.380737  0.686864  0.619078  -0.908319  0.403209  0.111264  -0.173194  -0.604682  0.777408  -0.059687  0.039780  0.036239  -0.564868  0.767728  -0.485288  1.000000  
24.860869 0.034066  -0.024637  -0.015171  0.381699  0.687143  0.618176  -0.907990  0.403800  0.111797  -0.172799  -0.603970  0.778049  -0.060246  0.039925  0.036378  -0.576318  0.778974  -0.485930  1.000000  
24.862122 0.033986  -0.024585  -0.015122  0.382865  0.687474  0.617085  -0.907625  0.404400  0.112599  -0.172140  -0.603191  0.778799  -0.060932  0.040256  0.036393  -0.592669  0.792353  -0.475412  1.000000  
24.863368 0.033905  -0.024532  -0.015074  0.384030  0.687879  0.615908  -0.907257  0.405015  0.113350  -0.171481  -0.602316  0.779621  -0.061540  0.040536  0.036600  -0.607944  0.810071  -0.470433  1.000000  
24.864376 0.033840  -0.024489  -0.015035  0.385187  0.688102  0.614937  -0.906866  0.405678  0.114101  -0.170954  -0.601616  0.780278  -0.061981  0.040840  0.037166  -0.624190  0.831125  -0.471927  1.000000  
24.865624 0.033758  -0.024436  -0.014983  0.386360  0.688534  0.613715  -0.906516  0.406223  0.114944  -0.170163  -0.600752  0.781116  -0.062489  0.041011  0.038027  -0.639678  0.848963  -0.466962  1.000000  
24.866874 0.033676  -0.024383  -0.014925  0.387720  0.688956  0.612383  -0.906083  0.406927  0.115862  -0.169371  -0.599792  0.782025  -0.062997  0.041233  0.039402  -0.658087  0.874671  -0.464733  1.000000  
24.867875 0.033611  -0.024340  -0.014876  0.388874  0.689247  0.611323  -0.905687  0.407610  0.116558  -0.168844  -0.598993  0.782751  -0.063330  0.041373  0.040404  -0.672278  0.889729  -0.470651  1.000000  
24.869120 0.033529  -0.024287  -0.014813  0.390224  0.689632  0.610027  -0.905229  0.408392  0.117375  -0.168185  -0.598017  0.783639  -0.063931  0.041541  0.041634  -0.687819  0.907716  -0.465998  1.000000  
24.870368 0.033447  -0.024232  -0.014751  0.391573  0.690014  0.608729  -0.904769  0.409176  0.118189  -0.167525  -0.597039  0.784525  -0.064353  0.041821  0.042564  -0.706315  0.926422  -0.469483  1.000000  
24.871617 0.033364  -0.024179  -0.014692  0.392929  0.690426  0.607386  -0.904326  0.409890  0.119097  -0.166734  -0.596072  0.785428  -0.064797  0.041954  0.043150  -0.718776  0.940677  -0.466286  1.000000  
24.872868 0.033280  -0.024126  -0.014635  0.394463  0.690792  0.605974  -0.903780  0.410836  0.119981  -0.166074  -0.594996  0.786384  -0.065214  0.042129  0.043614  -0.735130  0.963466  -0.476699  1.000000  
24.874118 0.033194  -0.024075  -0.014581  0.395995  0.691082  0.604643  -0.903231  0.411770  0.120912  -0.165414  -0.594013  0.787266  -0.065650  0.042219  0.043957  -0.744959  0.982186  -0.486948  1.000000  
24.875122 0.033125  -0.024033  -0.014535  0.397155  0.691392  0.603527  -0.902842  0.412393  0.121690  -0.164754  -0.593219  0.788002  -0.065946  0.042243  0.044436  -0.755873  1.000798  -0.483935  1.000000  
24.876369 0.033039  -0.023982  -0.014477  0.398500  0.691762  0.602215  -0.902369  0.413189  0.122491  -0.164094  -0.592233  0.788881  -0.066353  0.042299  0.045026  -0.766670  1.011331  -0.491519  1.000000  
24.877618 0.032954  -0.023930  -0.014416  0.400030  0.692043  0.600876  -0.901812  0.414131  0.123413  -0.163434  -0.591246  0.789758  -0.066664  0.042254  0.045777  -0.777510  1.026831  -0.498355  1.000000  
24.878868 0.032866  -0.023879  -0.014354  0.401374  0.692480  0.599475  -0.901334  0.414948  0.124157  -0.162774  -0.590161  0.790705  -0.067168  0.042116  0.046806  -0.790360  1.041632  -0.512773  1.000000  
24.879871 0.032796  -0.023840  -0.014301  0.402522  0.692749  0.598393  -0.900917  0.415651  0.124830  -0.162246  -0.589350  0.791419  -0.067527  0.041865  0.047673  -0.796484  1.056432  -0.519110  1.000000  
24.880882 0.032725  -0.023800  -0.014248  0.403494  0.693062  0.597375  -0.900601  0.416126  0.125526  -0.161586  -0.588646  0.792077  -0.067822  0.041692  0.048275  -0.803485  1.067998  -0.521643  1.000000  
24.882124 0.032637  -0.023749  -0.014181  0.404836  0.693492  0.595968  -0.900117  0.416949  0.126263  -0.160926  -0.587557  0.793020  -0.068298  0.041530  0.048810  -0.814110  1.079379  -0.531260  1.000000  
24.883371 0.032548  -0.023698  -0.014114  0.406185  0.693950  0.594514  -0.899650  0.417704  0.127094  -0.160134  -0.586478  0.793978  -0.068688  0.041366  0.049107  -0.824827  1.094325  -0.538195  1.000000  
24.884374 0.032477  -0.023659  -0.014062  0.407340  0.694244  0.593380  -0.899245  0.418343  0.127856  -0.159473  -0.585675  0.794703  -0.069082  0.041072  0.049154  -0.832318  1.105040  -0.539267  1.000000  
24.885424 0.032405  -0.023620  -0.014010  0.408495  0.694607  0.592159  -0.898838  0.419000  0.128564  -0.158813  -0.584773  0.795499  -0.069233  0.040629  0.049216  -0.841391  1.118057  -0.544993  1.000000  
24.886619 0.032314  -0.023572  -0.013946  0.409843  0.695058  0.590697  -0.898364  0.419762  0.129388  -0.158020  -0.583690  0.796452  -0.070045  0.040431  0.049729  -0.858928  1.127261  -0.550202  1.000000  
24.887621 0.032241  -0.023534  -0.013892  0.410820  0.695536  0.589454  -0.898057  0.420209  0.130068  -0.157227  -0.582798  0.797262  -0.070429  0.040117  0.050331  -0.870620  1.141560  -0.548730  1.000000  
24.888868 0.032149  -0.023487  -0.013824  0.412360  0.695856  0.588000  -0.897513  0.421033  0.131155  -0.156302  -0.581820  0.798157  -0.070856  0.039843  0.051301  -0.876313  1.160574  -0.561217  1.000000  
24.890118 0.032056  -0.023441  -0.013751  0.413714  0.696403  0.586399  -0.897050  0.421750  0.132016  -0.155377  -0.580647  0.799192  -0.071321  0.039514  0.052239  -0.892435  1.171252  -0.562964  1.000000  
24.891120 0.031982  -0.023403  -0.013691  0.414689  0.696803  0.585234  -0.896737  0.422188  0.132742  -0.154584  -0.579847  0.799926  -0.071656  0.039239  0.053200  -0.897127  1.181431  -0.556122  1.000000  
24.892369 0.031889  -0.023358  -0.013616  0.416042  0.697273  0.583712  -0.896269  0.422894  0.133649  -0.153659  -0.578767  0.800886  -0.072172  0.038792  0.054291  -0.908791  1.190283  -0.555979  1.000000  
24.893618 0.031796  -0.023313  -0.013540  0.417394  0.697740  0.582187  -0.895799  0.423604  0.134554  -0.152733  -0.577684  0.801844  -0.072560  0.038413  0.055216  -0.918839  1.199449  -0.554532  1.000000  
24.894868 0.031702  -0.023268  -0.013468  0.418744  0.698133  0.580743  -0.895325  0.424300  0.135507  -0.151807  -0.576697  0.802730  -0.072936  0.038120  0.055579  -0.921429  1.207054  -0.553966  1.000000  
24.896126 0.031609  -0.023223  -0.013397  0.420103  0.698557  0.579251  -0.894868  0.424929  0.136555  -0.150749  -0.575720  0.803630  -0.073255  0.037760  0.055798  -0.927141  1.215756  -0.552162  1.000000  
24.897135 0.031534  -0.023188  -0.013341  0.421075  0.699018  0.577988  -0.894544  0.425397  0.137219  -0.149956  -0.574815  0.804426  -0.073476  0.037351  0.055947  -0.933021  1.214546  -0.545417  1.000000  
24.898374 0.031440  -0.023144  -0.013269  0.422432  0.699437  0.576489  -0.894081  0.426032  0.138262  -0.148897  -0.573834  0.805323  -0.073907  0.036924  0.056334  -0.930195  1.225049  -0.539374  1.000000  
24.899621 0.031346  -0.023102  -0.013197  0.423788  0.699853  0.574986  -0.893615  0.426671  0.139302  -0.147839  -0.572851  0.806217  -0.074185  0.036508  0.056822  -0.935329  1.235388  -0.533098  1.000000  
24.900623 0.031271  -0.023069  -0.013137  0.424951  0.700252  0.573640  -0.893215  0.427221  0.140176  -0.146912  -0.571952  0.807024  -0.074419  0.036049  0.057443  -0.939186  1.246071  -0.534793  1.000000  
24.901874 0.031176  -0.023028  -0.013061  0.426498  0.700678  0.571970  -0.892673  0.427958  0.141375  -0.145721  -0.570878  0.807999  -0.074633  0.035570  0.058203  -0.940458  1.260149  -0.526225  1.000000  
24.903121 0.031081  -0.022989  -0.012982  0.428035  0.701067  0.570343  -0.892109  0.428768  0.142472  -0.144662  -0.569791  0.808957  -0.074852  0.035113  0.058915  -0.945439  1.270258  -0.520098  1.000000  
24.904125 0.031006  -0.022957  -0.012918  0.429195  0.701459  0.568987  -0.891702  0.429327  0.143339  -0.143735  -0.568887  0.809758  -0.074931  0.034626  0.059474  -0.950105  1.280283  -0.513586  1.000000  
24.905368 0.030911  -0.022918  -0.012837  0.430730  0.701774  0.567437  -0.891132  0.430127  0.144482  -0.142676  -0.567894  0.810642  -0.075135  0.034180  0.059999  -0.945543  1.288414  -0.514393  1.000000  
24.906368 0.030837  -0.022886  -0.012773  0.431880  0.702128  0.566123  -0.890702  0.430760  0.145246  -0.141881  -0.566976  0.811423  -0.075112  0.033884  0.060216  -0.954365  1.295084  -0.510640  1.000000  
24.907368 0.030763  -0.022853  -0.012709  0.433046  0.702547  0.564712  -0.890304  0.431259  0.146204  -0.140822  -0.566078  0.812235  -0.075115  0.033617  0.060413  -0.961424  1.308303  -0.497722  1.000000  
24.908616 0.030669  -0.022813  -0.012632  0.434586  0.703023  0.562933  -0.889741  0.432035  0.147331  -0.139629  -0.564893  0.813265  -0.075156  0.033317  0.060544  -0.968555  1.322917  -0.493431  1.000000  
24.909616 0.030594  -0.022782  -0.012570  0.435734  0.703302  0.561696  -0.889304  0.432658  0.148141  -0.138834  -0.564068  0.813973  -0.075153  0.032977  0.060787  -0.968397  1.333779  -0.495324  1.000000  
24.910617 0.030519  -0.022750  -0.012506  0.437072  0.703591  0.560292  -0.888791  0.433378  0.149109  -0.137907  -0.563154  0.814763  -0.075146  0.032699  0.061296  -0.972814  1.345127  -0.497530  1.000000  
24.911869 0.030424  -0.022711  -0.012426  0.438608  0.703991  0.558587  -0.888218  0.434148  0.150279  -0.136714  -0.562061  0.815718  -0.075209  0.032357  0.061976  -0.972340  1.362183  -0.494484  1.000000  
24.913119 0.030330  -0.022673  -0.012341  0.440151  0.704420  0.556829  -0.887658  0.434854  0.151544  -0.135389  -0.560976  0.816686  -0.075289  0.032023  0.062901  -0.976776  1.380259  -0.491783  1.000000  
24.914124 0.030254  -0.022643  -0.012273  0.441486  0.704634  0.555501  -0.887136  0.435565  0.152556  -0.134461  -0.560156  0.817402  -0.075393  0.031619  0.063618  -0.973633  1.394735  -0.495122  1.000000  
24.915124 0.030178  -0.022614  -0.012204  0.442821  0.704912  0.554084  -0.886611  0.436297  0.153512  -0.133532  -0.559235  0.818184  -0.075411  0.031368  0.064305  -0.975237  1.407889  -0.498156  1.000000  
24.916374 0.030082  -0.022578  -0.012119  0.444360  0.705333  0.552313  -0.886039  0.437014  0.154767  -0.132206  -0.558144  0.819144  -0.075488  0.031096  0.064854  -0.973720  1.423296  -0.494643  1.000000  
24.917375 0.030005  -0.022550  -0.012052  0.445700  0.705640  0.550840  -0.885524  0.437686  0.155815  -0.131145  -0.557229  0.819937  -0.075528  0.030807  0.065198  -0.972871  1.438035  -0.502521  1.000000  
24.918622 0.029908  -0.022514  -0.011969  0.447228  0.706021  0.549110  -0.884929  0.438477  0.156966  -0.129951  -0.556123  0.820878  -0.075694  0.030545  0.065377  -0.978322  1.444874  -0.499538  1.000000  
24.919871 0.029812  -0.022479  -0.011885  0.448946  0.706408  0.547208  -0.884253  0.439371  0.158270  -0.128625  -0.554925  0.821897  -0.075793  0.030302  0.065621  -0.977781  1.463138  -0.505475  1.000000  
24.921121 0.029716  -0.022444  -0.011802  0.450843  0.706634  0.545353  -0.883480  0.440396  0.159734  -0.127298  -0.553823  0.822846  -0.076012  0.029970  0.065834  -0.976150  1.485152  -0.516834  1.000000  
24.922367 0.029618  -0.022409  -0.011717  0.452375  0.706971  0.543644  -0.882887  0.441115  0.161024  -0.125970  -0.552819  0.823725  -0.076300  0.029646  0.066181  -0.974850  1.498982  -0.521157  1.000000  
24.923367 0.029540  -0.022381  -0.011647  0.453526  0.707354  0.542184  -0.882447  0.441658  0.161944  -0.124908  -0.551894  0.824506  -0.076509  0.029381  0.066717  -0.977131  1.510735  -0.519497  1.000000  
24.924370 0.029461  -0.022353  -0.011576  0.454858  0.707644  0.540688  -0.881910  0.442350  0.162973  -0.123846  -0.550968  0.825286  -0.076778  0.029077  0.067382  -0.980392  1.525262  -0.527466  1.000000  
24.925618 0.029361  -0.022319  -0.011485  0.456567  0.707948  0.538847  -0.881212  0.443246  0.164310  -0.122519  -0.549857  0.826224  -0.077200  0.028733  0.068168  -0.984084  1.543585  -0.533395  1.000000  
24.926869 0.029260  -0.022284  -0.011392  0.458267  0.708214  0.537052  -0.880495  0.444211  0.165545  -0.121323  -0.548735  0.827146  -0.077608  0.028506  0.068908  -0.986650  1.549138  -0.542821  1.000000  
24.928125 0.029158  -0.022250  -0.011297  0.459791  0.708536  0.535321  -0.879882  0.444949  0.166816  -0.119995  -0.547720  0.828012  -0.078117  0.028145  0.069588  -0.984374  1.565104  -0.547376  1.000000  
24.929373 0.029055  -0.022217  -0.011203  0.461314  0.708920  0.533499  -0.879265  0.445711  0.168030  -0.118667  -0.546602  0.828942  -0.078731  0.027958  0.070264  -0.989105  1.575710  -0.550302  1.000000  
24.930637 0.028951  -0.022183  -0.011109  0.463016  0.709208  0.531638  -0.878549  0.446624  0.169350  -0.117338  -0.545482  0.829868  -0.079189  0.027720  0.070709  -0.989359  1.581755  -0.555613  1.000000  
24.931868 0.028847  -0.022149  -0.011015  0.464355  0.709613  0.529928  -0.878019  0.447228  0.170501  -0.116009  -0.544460  0.830726  -0.079819  0.027647  0.071392  -0.986557  1.584117  -0.551683  1.000000  
24.932874 0.028763  -0.022122  -0.010940  0.465316  0.710067  0.528475  -0.877649  0.447651  0.171289  -0.114946  -0.543519  0.831489  -0.080248  0.027547  0.071943  -0.990533  1.584729  -0.541397  1.000000  
24.934123 0.028658  -0.022089  -0.010842  0.466840  0.710472  0.526584  -0.877030  0.448366  0.172587  -0.113484  -0.542400  0.832420  -0.080892  0.027390  0.072990  -0.990387  1.593641  -0.540541  1.000000  
24.935123 0.028572  -0.022062  -0.010763  0.468160  0.710672  0.525139  -0.876463  0.449067  0.173642  -0.112420  -0.541557  0.833113  -0.081470  0.027340  0.073847  -0.992625  1.602211  -0.541353  1.000000  
24.936136 0.028487  -0.022036  -0.010682  0.469487  0.710968  0.523552  -0.875906  0.449728  0.174737  -0.111224  -0.540619  0.833883  -0.081865  0.027180  0.074659  -0.992652  1.615949  -0.541361  1.000000  
24.937370 0.028380  -0.022003  -0.010580  0.470999  0.711266  0.521786  -0.875262  0.450497  0.175981  -0.109894  -0.539587  0.834727  -0.082646  0.027064  0.075857  -0.986652  1.619720  -0.541626  1.000000  
24.938619 0.028271  -0.021970  -0.010476  0.472509  0.711561  0.520016  -0.874614  0.451269  0.177221  -0.108564  -0.538551  0.835569  -0.083405  0.026915  0.077006  -0.984391  1.622978  -0.541617  1.000000  
24.939868 0.028161  -0.021938  -0.010372  0.474024  0.711886  0.518188  -0.873974  0.451982  0.178555  -0.107101  -0.537522  0.836421  -0.084059  0.026734  0.077846  -0.982235  1.630013  -0.539139  1.000000  
24.940869 0.028072  -0.021913  -0.010290  0.475345  0.712108  0.516671  -0.873402  0.452635  0.179692  -0.105903  -0.536678  0.837115  -0.084657  0.026576  0.078538  -0.978732  1.640732  -0.541887  1.000000  
24.942119 0.027959  -0.021882  -0.010186  0.477036  0.712335  0.514796  -0.872656  0.453503  0.181125  -0.104440  -0.535644  0.837961  -0.085463  0.026351  0.079192  -0.978677  1.649001  -0.541031  1.000000  
24.943368 0.027846  -0.021850  -0.010081  0.478726  0.712558  0.512916  -0.871904  0.454375  0.182554  -0.102976  -0.534607  0.838803  -0.086105  0.026236  0.079907  -0.972592  1.662084  -0.548387  1.000000  
24.944371 0.027755  -0.021825  -0.009996  0.480035  0.712675  0.511528  -0.871310  0.455079  0.183638  -0.101911  -0.533852  0.839414  -0.086643  0.026126  0.080474  -0.969399  1.659717  -0.546449  1.000000  
24.945617 0.027641  -0.021793  -0.009886  0.481714  0.712857  0.509692  -0.870537  0.456020  0.184960  -0.100580  -0.532804  0.840240  -0.087421  0.026015  0.081595  -0.966103  1.666212  -0.552072  1.000000  
24.946617 0.027550  -0.021767  -0.009798  0.483020  0.712970  0.508297  -0.869936  0.456729  0.186037  -0.099515  -0.532046  0.840847  -0.087882  0.025932  0.082445  -0.963383  1.665475  -0.553847  1.000000  
24.947621 0.027457  -0.021741  -0.009706  0.484331  0.713176  0.506757  -0.869343  0.457401  0.187155  -0.098317  -0.531191  0.841528  -0.088534  0.025820  0.083653  -0.958453  1.671334  -0.549408  1.000000  
24.948623 0.027365  -0.021715  -0.009613  0.485635  0.713285  0.505356  -0.868735  0.458115  0.188227  -0.097251  -0.530430  0.842132  -0.089003  0.025777  0.084561  -0.950700  1.674083  -0.556965  1.000000  
24.949872 0.027249  -0.021681  -0.009495  0.487485  0.713360  0.503464  -0.867846  0.459217  0.189637  -0.095920  -0.529374  0.842948  -0.089692  0.025784  0.085932  -0.947763  1.677288  -0.565278  1.000000  
24.950874 0.027155  -0.021654  -0.009400  0.488970  0.713464  0.501874  -0.867142  0.460045  0.190848  -0.094721  -0.528515  0.843623  -0.090333  0.025857  0.086969  -0.945307  1.680576  -0.564935  1.000000  
24.952163 0.027038  -0.021621  -0.009280  0.490823  0.713506  0.500002  -0.866254  0.461069  0.192402  -0.093256  -0.527564  0.844381  -0.090686  0.025773  0.087837  -0.940205  1.688606  -0.575469  1.000000  
24.953370 0.026919  -0.021589  -0.009162  0.492494  0.713700  0.498078  -0.865462  0.461975  0.193792  -0.091790  -0.526509  0.845200  -0.091616  0.025830  0.089119  -0.934692  1.697938  -0.582321  1.000000  
24.954618 0.026800  -0.021556  -0.009043  0.494169  0.713925  0.496093  -0.864675  0.462823  0.195276  -0.090191  -0.525458  0.846026  -0.092266  0.025929  0.090153  -0.932078  1.708765  -0.585878  1.000000  
24.955868 0.026677  -0.021525  -0.008923  0.495836  0.714111  0.494158  -0.863872  0.463737  0.196656  -0.088725  -0.524398  0.846838  -0.092944  0.025875  0.091125  -0.929897  1.715625  -0.583575  1.000000  
24.957118 0.026555  -0.021494  -0.008801  0.497501  0.714233  0.492304  -0.863064  0.464632  0.198088  -0.087259  -0.523439  0.847583  -0.093553  0.025877  0.092334  -0.927787  1.718735  -0.583497  1.000000  
24.958367 0.026433  -0.021463  -0.008678  0.499163  0.714293  0.490532  -0.862251  0.465505  0.199571  -0.085793  -0.522580  0.848263  -0.094236  0.025814  0.093542  -0.919747  1.726224  -0.590737  1.000000  
24.959367 0.026333  -0.021439  -0.008577  0.500634  0.714317  0.488997  -0.861516  0.466332  0.200809  -0.084593  -0.521810  0.848857  -0.094813  0.025767  0.094601  -0.912765  1.733436  -0.596243  1.000000  
24.960370 0.026234  -0.021415  -0.008477  0.501926  0.714434  0.487499  -0.860881  0.467014  0.201944  -0.083393  -0.521039  0.849449  -0.095428  0.025673  0.095544  -0.910163  1.736315  -0.595655  1.000000  
24.961618 0.026108  -0.021384  -0.008349  0.503587  0.714521  0.485655  -0.860064  0.467838  0.203513  -0.081793  -0.520181  0.850130  -0.096124  0.025531  0.096632  -0.898897  1.750730  -0.604888  1.000000  
24.962624 0.026007  -0.021360  -0.008247  0.505052  0.714537  0.484107  -0.859318  0.468673  0.204741  -0.080593  -0.519407  0.850718  -0.096775  0.025395  0.097373  -0.891212  1.764456  -0.620416  1.000000  
24.963882 0.025882  -0.021331  -0.008119  0.506703  0.714524  0.482397  -0.858482  0.469538  0.206260  -0.079126  -0.518642  0.851322  -0.097366  0.025095  0.098045  -0.876090  1.766860  -0.628340  1.000000  
24.965124 0.025756  -0.021301  -0.007991  0.508352  0.714509  0.480682  -0.857641  0.470406  0.207775  -0.077659  -0.517876  0.851924  -0.098047  0.024914  0.098695  -0.863808  1.774007  -0.629679  1.000000  
24.966125 0.025654  -0.021277  -0.007889  0.509640  0.714592  0.479193  -0.856996  0.471017  0.209048  -0.076325  -0.517205  0.852451  -0.098573  0.024688  0.099207  -0.855680  1.774709  -0.629581  1.000000  
24.967373 0.025525  -0.021249  -0.007759  0.511289  0.714665  0.477323  -0.856154  0.471858  0.210595  -0.074724  -0.516337  0.853119  -0.099282  0.024384  0.099864  -0.848446  1.787827  -0.637069  1.000000  
24.968619 0.025396  -0.021219  -0.007628  0.512946  0.714806  0.475330  -0.855324  0.472584  0.212334  -0.072856  -0.515477  0.853801  -0.100008  0.024135  0.100706  -0.842126  1.806231  -0.635810  1.000000  
24.969629 0.025292  -0.021197  -0.007521  0.514403  0.714785  0.473784  -0.854561  0.473351  0.213694  -0.071521  -0.514802  0.854321  -0.100444  0.023880  0.101482  -0.835039  1.812692  -0.641019  1.000000  
24.970868 0.025161  -0.021170  -0.007385  0.516045  0.714736  0.472071  -0.853703  0.474150  0.215342  -0.069920  -0.514135  0.854855  -0.101072  0.023676  0.102521  -0.821198  1.816337  -0.642385  1.000000  
24.972121 0.025030  -0.021142  -0.007248  0.517688  0.714834  0.470119  -0.852848  0.474946  0.216970  -0.068184  -0.513263  0.855519  -0.101767  0.023377  0.103583  -0.815464  1.823230  -0.638567  1.000000  
24.973368 0.024897  -0.021115  -0.007112  0.519323  0.714950  0.468135  -0.851980  0.475832  0.218436  -0.066582  -0.512281  0.856233  -0.102399  0.023238  0.104513  -0.813787  1.826307  -0.640211  1.000000  
24.974368 0.024790  -0.021094  -0.007003  0.520597  0.715017  0.466615  -0.851306  0.476463  0.219684  -0.065247  -0.511599  0.856744  -0.102901  0.022990  0.105069  -0.811636  1.833580  -0.637387  1.000000  
24.975368 0.024683  -0.021072  -0.006894  0.521868  0.715083  0.465091  -0.850628  0.477098  0.220928  -0.063912  -0.510915  0.857252  -0.103379  0.022811  0.105500  -0.805210  1.840892  -0.633063  1.000000  
24.976371 0.024576  -0.021052  -0.006787  0.523133  0.715111  0.463624  -0.849940  0.477792  0.222071  -0.062710  -0.510226  0.857751  -0.103881  0.022543  0.105922  -0.802784  1.844085  -0.632458  1.000000  
24.977618 0.024442  -0.021026  -0.006652  0.524589  0.715294  0.461693  -0.849169  0.478459  0.223582  -0.060974  -0.509344  0.858400  -0.104382  0.022317  0.106385  -0.797927  1.847346  -0.626009  1.000000  
24.978618 0.024335  -0.021006  -0.006543  0.525851  0.715318  0.460219  -0.848474  0.479159  0.224719  -0.059772  -0.508652  0.858895  -0.104820  0.022046  0.106780  -0.795627  1.850744  -0.625512  1.000000  
24.979868 0.024200  -0.020981  -0.006408  0.527472  0.715306  0.458379  -0.847579  0.480010  0.226276  -0.058170  -0.507867  0.859469  -0.105396  0.021721  0.107293  -0.786204  1.854102  -0.617282  1.000000  
