1-Time 2-Px 3-Py 4-Pz 5-R11 6-R21 7-R31 8-R12 9-R22 10-R32 11-R13 12-R23 13-R33 14-Vx 15-Vy 16-Vz 17-Wx 18-Wy 19-Wz 20-state
118.017054 0.009167  -0.030622  -0.005365  0.880688  0.095248  0.464023  -0.463912  0.371505  0.804220  -0.095787  -0.923532  0.371366  0.001800  -0.000356  -0.004303  0.000000  0.000000  0.000000  1.000000  
118.018259 0.009167  -0.030622  -0.005371  0.880688  0.095248  0.464023  -0.463912  0.371505  0.804220  -0.095787  -0.923532  0.371366  0.000263  0.000052  -0.005872  0.000000  0.000000  0.000000  1.000000  
118.019492 0.009172  -0.030608  -0.005373  0.880688  0.095304  0.464011  -0.463912  0.371602  0.804175  -0.095787  -0.923487  0.371478  0.002335  0.005855  -0.003775  0.000000  0.000000  0.000000  1.000000  
118.020498 0.009175  -0.030596  -0.005373  0.880688  0.095360  0.464000  -0.463912  0.371700  0.804130  -0.095787  -0.923442  0.371590  0.002355  0.007927  -0.002699  0.000000  0.000000  0.000000  1.000000  
118.021748 0.009177  -0.030584  -0.005375  0.880592  0.095549  0.464142  -0.464093  0.371875  0.803944  -0.095787  -0.923352  0.371814  0.002113  0.008446  -0.002291  0.000000  0.000000  0.000000  1.000000  
118.022750 0.009176  -0.030575  -0.005376  0.880592  0.095662  0.464119  -0.464093  0.372070  0.803854  -0.095787  -0.923262  0.372038  0.001668  0.008390  -0.002125  0.000000  0.000000  0.000000  1.000000  
118.024005 0.009175  -0.030562  -0.005379  0.880592  0.095775  0.464096  -0.464093  0.372265  0.803764  -0.095787  -0.923172  0.372262  0.001160  0.008880  -0.002192  0.000000  0.000000  0.000000  1.000000  
118.025257 0.009173  -0.030542  -0.005384  0.880592  0.095887  0.464072  -0.464093  0.372460  0.803673  -0.095787  -0.923081  0.372486  0.000782  0.009949  -0.002407  0.000000  0.000000  0.000000  1.000000  
118.026499 0.009168  -0.030523  -0.005392  0.880497  0.096076  0.464214  -0.464274  0.372635  0.803488  -0.095787  -0.922991  0.372710  0.000067  0.010678  -0.002959  0.000000  0.000000  0.000000  1.000000  
118.027742 0.009160  -0.030506  -0.005398  0.880508  0.096355  0.464135  -0.464280  0.372870  0.803375  -0.095653  -0.922867  0.373051  -0.000712  0.010969  -0.003165  0.000000  0.000000  0.000000  1.000000  
118.028743 0.009154  -0.030493  -0.005400  0.880508  0.096411  0.464124  -0.464280  0.372968  0.803330  -0.095653  -0.922822  0.373163  -0.001160  0.011191  -0.003107  0.000000  0.000000  0.000000  1.000000  
118.029992 0.009149  -0.030473  -0.005404  0.880519  0.096633  0.464056  -0.464286  0.373105  0.803263  -0.095520  -0.922743  0.373391  -0.001435  0.011683  -0.003109  0.000000  0.000000  0.000000  1.000000  
118.030993 0.009145  -0.030454  -0.005407  0.880424  0.096766  0.464210  -0.464468  0.373182  0.803122  -0.095520  -0.922698  0.373503  -0.001587  0.012179  -0.003046  0.000000  0.000000  0.000000  1.000000  
118.031999 0.009142  -0.030432  -0.005408  0.880424  0.096822  0.464198  -0.464468  0.373280  0.803077  -0.095520  -0.922653  0.373615  -0.001662  0.012833  -0.002939  0.000000  0.000000  0.000000  1.000000  
118.033243 0.009142  -0.030401  -0.005408  0.880328  0.097012  0.464340  -0.464649  0.373455  0.802890  -0.095520  -0.922562  0.373839  -0.001707  0.014747  -0.002527  0.000000  0.000000  0.000000  1.000000  
118.034493 0.009142  -0.030366  -0.005408  0.880328  0.097068  0.464328  -0.464649  0.373552  0.802845  -0.095520  -0.922517  0.373951  -0.002045  0.016218  -0.002342  0.000000  0.000000  0.000000  1.000000  
118.035497 0.009143  -0.030339  -0.005410  0.880328  0.097124  0.464316  -0.464649  0.373649  0.802800  -0.095520  -0.922471  0.374063  -0.002113  0.017101  -0.002429  0.000000  0.000000  0.000000  1.000000  
118.036745 0.009140  -0.030307  -0.005413  0.880328  0.097293  0.464281  -0.464649  0.373942  0.802664  -0.095520  -0.922335  0.374398  -0.002448  0.018448  -0.002519  0.000000  0.000000  0.000000  1.000000  
118.037749 0.009136  -0.030280  -0.005415  0.880328  0.097406  0.464257  -0.464649  0.374136  0.802573  -0.095520  -0.922244  0.374622  -0.002699  0.019694  -0.002611  0.000000  0.000000  0.000000  1.000000  
118.038999 0.009129  -0.030244  -0.005418  0.880317  0.097409  0.464278  -0.464643  0.374389  0.802459  -0.095653  -0.922141  0.374841  -0.003030  0.021178  -0.002592  0.000000  0.000000  0.000000  1.000000  
118.040003 0.009125  -0.030214  -0.005419  0.880305  0.097413  0.464299  -0.464637  0.374641  0.802345  -0.095787  -0.922039  0.375060  -0.003303  0.022221  -0.002348  0.000000  0.000000  0.000000  1.000000  
118.041248 0.009117  -0.030180  -0.005417  0.880294  0.097473  0.464308  -0.464631  0.374990  0.802185  -0.095920  -0.921890  0.375390  -0.003520  0.023084  -0.001835  0.000000  0.000000  0.000000  1.000000  
118.042494 0.009105  -0.030149  -0.005413  0.880294  0.097642  0.464272  -0.464631  0.375282  0.802048  -0.095920  -0.921753  0.375726  -0.003757  0.024041  -0.001048  0.000000  0.000000  0.000000  1.000000  
118.043494 0.009094  -0.030123  -0.005408  0.880283  0.097645  0.464293  -0.464625  0.375534  0.801934  -0.096053  -0.921650  0.375945  -0.004032  0.025102  -0.000493  0.000000  0.000000  0.000000  1.000000  
118.044743 0.009086  -0.030086  -0.005401  0.880378  0.097737  0.464092  -0.464444  0.375846  0.801893  -0.096053  -0.921514  0.376280  -0.004267  0.026223  0.000247  0.000000  0.000000  0.000000  1.000000  
118.045993 0.009081  -0.030045  -0.005397  0.880367  0.097740  0.464113  -0.464438  0.376098  0.801778  -0.096186  -0.921410  0.376499  -0.004328  0.027387  0.000664  -0.196187  -0.025068  -0.004907  1.000000  
118.047243 0.009076  -0.030005  -0.005396  0.880356  0.097688  0.464146  -0.464432  0.376253  0.801709  -0.096319  -0.921353  0.376606  -0.004488  0.028153  0.000832  -0.192052  -0.025699  -0.008835  1.000000  
118.048246 0.009071  -0.029974  -0.005397  0.880440  0.097557  0.464013  -0.464244  0.376428  0.801735  -0.096452  -0.921295  0.376712  -0.004824  0.028462  0.000756  -0.195485  -0.021050  -0.015539  1.000000  
118.049493 0.009064  -0.029937  -0.005397  0.880428  0.097561  0.464034  -0.464238  0.376680  0.801620  -0.096586  -0.921192  0.376931  -0.005357  0.028632  0.000777  -0.201096  -0.022908  -0.019824  1.000000  
118.050743 0.009056  -0.029901  -0.005400  0.880512  0.097374  0.463914  -0.464051  0.376757  0.801692  -0.096719  -0.921180  0.376926  -0.005784  0.028767  0.000666  -0.194775  -0.018072  -0.026366  1.000000  
118.051743 0.009049  -0.029873  -0.005401  0.880501  0.097265  0.463959  -0.464045  0.376815  0.801669  -0.096852  -0.921168  0.376921  -0.006058  0.028925  0.000789  -0.186015  -0.013422  -0.033065  1.000000  
118.052745 0.009040  -0.029847  -0.005403  0.880489  0.097212  0.463991  -0.464039  0.376970  0.801600  -0.096985  -0.921110  0.377028  -0.006388  0.028866  0.000861  -0.181976  -0.015107  -0.037196  1.000000  
118.053748 0.009030  -0.029822  -0.005403  0.880478  0.097103  0.464036  -0.464033  0.377027  0.801576  -0.097118  -0.921098  0.377023  -0.006774  0.028642  0.000966  -0.173868  -0.016788  -0.041322  1.000000  
118.054751 0.009017  -0.029798  -0.005403  0.880562  0.096917  0.463916  -0.463846  0.377104  0.801648  -0.097251  -0.921086  0.377018  -0.007266  0.028219  0.001070  -0.166492  -0.012245  -0.048423  1.000000  
118.056010 0.009001  -0.029768  -0.005403  0.880634  0.096621  0.463840  -0.463652  0.377239  0.801696  -0.097518  -0.921062  0.377008  -0.007805  0.027859  0.001011  0.000000  0.000000  0.000000  1.000000  
118.057248 0.008984  -0.029739  -0.005400  0.880623  0.096568  0.463873  -0.463646  0.377394  0.801627  -0.097651  -0.921004  0.377115  -0.008153  0.027759  0.000885  0.000000  0.000000  0.000000  1.000000  
118.058495 0.008970  -0.029708  -0.005399  0.880695  0.096329  0.463785  -0.463453  0.377626  0.801630  -0.097917  -0.920934  0.377217  -0.008268  0.027692  0.000462  -0.148166  -0.003303  -0.081195  1.000000  
118.059501 0.008962  -0.029680  -0.005398  0.880672  0.096111  0.463875  -0.463440  0.377740  0.801583  -0.098184  -0.920910  0.377207  -0.008404  0.027490  0.000156  0.000000  0.000000  0.000000  1.000000  
118.060743 0.008953  -0.029642  -0.005399  0.880744  0.095871  0.463787  -0.463247  0.377972  0.801586  -0.098450  -0.920840  0.377309  -0.008666  0.027299  -0.000145  -0.138674  0.000952  -0.107221  1.000000  
118.061993 0.008943  -0.029604  -0.005399  0.880721  0.095709  0.463865  -0.463235  0.378184  0.801493  -0.098716  -0.920770  0.377410  -0.009050  0.027150  -0.000183  -0.137541  -0.002435  -0.114612  1.000000  
118.063244 0.008931  -0.029568  -0.005394  0.880793  0.095470  0.463778  -0.463041  0.378416  0.801495  -0.098982  -0.920699  0.377512  -0.009291  0.027059  0.000142  -0.133223  0.006883  -0.129063  1.000000  
118.064244 0.008921  -0.029541  -0.005390  0.880781  0.095417  0.463811  -0.463035  0.378570  0.801426  -0.099116  -0.920641  0.377619  -0.009716  0.026835  0.000481  -0.133229  0.005169  -0.133237  1.000000  
118.065248 0.008911  -0.029515  -0.005385  0.880757  0.095199  0.463901  -0.463022  0.378685  0.801379  -0.099382  -0.920617  0.377609  -0.009938  0.026613  0.000952  -0.129153  0.001764  -0.141575  1.000000  
118.066495 0.008899  -0.029482  -0.005382  0.880746  0.095146  0.463934  -0.463016  0.378839  0.801309  -0.099515  -0.920559  0.377715  -0.010167  0.026541  0.001259  -0.120992  0.000030  -0.145736  1.000000  
118.067742 0.008882  -0.029451  -0.005380  0.880722  0.094928  0.464023  -0.463004  0.378954  0.801262  -0.099781  -0.920534  0.377705  -0.010522  0.026425  0.001530  -0.111918  -0.003361  -0.152817  1.000000  
118.068745 0.008868  -0.029428  -0.005379  0.880710  0.094875  0.464056  -0.462998  0.379109  0.801193  -0.099914  -0.920476  0.377812  -0.010781  0.026277  0.001656  -0.111897  -0.003380  -0.152798  1.000000  
118.069745 0.008855  -0.029405  -0.005379  0.880686  0.094657  0.464146  -0.462985  0.379223  0.801146  -0.100181  -0.920451  0.377802  -0.010847  0.026214  0.001604  0.000000  0.000000  0.000000  1.000000  
118.070758 0.008842  -0.029382  -0.005380  0.880579  0.094626  0.464356  -0.463160  0.379261  0.801027  -0.100314  -0.920438  0.377796  -0.010783  0.026226  0.001512  0.000000  0.000000  0.000000  1.000000  
118.072003 0.008830  -0.029349  -0.005383  0.880555  0.094465  0.464434  -0.463148  0.379473  0.800934  -0.100580  -0.920368  0.377898  -0.010496  0.026427  0.001182  0.000000  0.000000  0.000000  1.000000  
118.073250 0.008819  -0.029314  -0.005386  0.880532  0.094247  0.464523  -0.463135  0.379587  0.800887  -0.100846  -0.920343  0.377888  -0.010281  0.026641  0.000885  0.000000  0.000000  0.000000  1.000000  
118.074499 0.008809  -0.029277  -0.005389  0.880400  0.094054  0.464811  -0.463297  0.379837  0.800674  -0.101246  -0.920259  0.377984  -0.010174  0.026876  0.000639  0.000000  0.000000  0.000000  1.000000  
118.075743 0.008800  -0.029240  -0.005389  0.880376  0.093893  0.464889  -0.463285  0.380049  0.800581  -0.101512  -0.920189  0.378085  -0.010201  0.026830  0.000670  0.000000  0.000000  0.000000  1.000000  
118.076743 0.008792  -0.029210  -0.005387  0.880257  0.093809  0.465132  -0.463453  0.380241  0.800392  -0.101778  -0.920118  0.378186  -0.010248  0.026756  0.000827  0.000000  0.000000  0.000000  1.000000  
118.077745 0.008783  -0.029180  -0.005383  0.880233  0.093704  0.465199  -0.463441  0.380550  0.800253  -0.102044  -0.920001  0.378399  -0.010225  0.026802  0.000797  0.000000  0.000000  0.000000  1.000000  
118.078992 0.008772  -0.029143  -0.005377  0.880101  0.093625  0.465464  -0.463603  0.380994  0.799947  -0.102444  -0.919825  0.378718  -0.010148  0.026977  0.000921  0.000000  0.000000  0.000000  1.000000  
118.079999 0.008763  -0.029113  -0.005374  0.880077  0.093521  0.465531  -0.463590  0.381303  0.799808  -0.102710  -0.919708  0.378931  -0.010029  0.027247  0.000755  0.000000  0.000000  0.000000  1.000000  
118.081247 0.008751  -0.029076  -0.005371  0.880040  0.093363  0.465631  -0.463571  0.381766  0.799598  -0.103109  -0.919531  0.379250  -0.010006  0.027517  0.000751  -0.092309  -0.073338  -0.196491  1.000000  
118.082492 0.008738  -0.029039  -0.005370  0.879908  0.093342  0.465885  -0.463733  0.382307  0.799246  -0.103508  -0.919309  0.379680  -0.009844  0.027874  0.000643  -0.105213  -0.083174  -0.202291  1.000000  
118.083493 0.008727  -0.029010  -0.005369  0.879788  0.093372  0.466106  -0.463901  0.382693  0.798963  -0.103774  -0.919145  0.380004  -0.009695  0.028214  0.000661  -0.117950  -0.091158  -0.203645  1.000000  
118.084493 0.008717  -0.028980  -0.005367  0.879763  0.093324  0.466162  -0.463888  0.383098  0.798776  -0.104041  -0.918981  0.380328  -0.009339  0.028827  0.000763  -0.130808  -0.099233  -0.205210  1.000000  
118.085496 0.008709  -0.028948  -0.005367  0.879643  0.093355  0.466382  -0.464056  0.383484  0.798493  -0.104307  -0.918817  0.380652  -0.009105  0.029276  0.000848  -0.144294  -0.113572  -0.204066  1.000000  
118.086742 0.008701  -0.028907  -0.005365  0.879619  0.093364  0.466427  -0.464043  0.383987  0.798260  -0.104573  -0.918606  0.381087  -0.008715  0.029970  0.001160  -0.156445  -0.113643  -0.204050  1.000000  
118.087751 0.008694  -0.028872  -0.005364  0.879486  0.093344  0.466682  -0.464204  0.384527  0.797906  -0.104972  -0.918382  0.381516  -0.008587  0.030426  0.001512  -0.175420  -0.130761  -0.208728  1.000000  
118.088997 0.008685  -0.028830  -0.005361  0.879353  0.093323  0.466936  -0.464366  0.385067  0.797551  -0.105371  -0.918158  0.381946  -0.008513  0.030847  0.001819  -0.188391  -0.137200  -0.206086  1.000000  
118.090245 0.008676  -0.028788  -0.005359  0.879207  0.093252  0.467224  -0.464520  0.385760  0.797126  -0.105903  -0.917874  0.382481  -0.008527  0.031364  0.002020  -0.206129  -0.153430  -0.209090  1.000000  
118.091253 0.008670  -0.028753  -0.005358  0.879087  0.093284  0.467445  -0.464688  0.386146  0.796842  -0.106169  -0.917709  0.382804  -0.008365  0.031463  0.001947  -0.214951  -0.159798  -0.206368  1.000000  
118.092493 0.008660  -0.028710  -0.005358  0.878940  0.093213  0.467734  -0.464842  0.386839  0.796415  -0.106702  -0.917424  0.383338  -0.008301  0.031863  0.001713  -0.230862  -0.176342  -0.211824  1.000000  
118.093494 0.008653  -0.028675  -0.005360  0.878820  0.093360  0.467932  -0.465010  0.387418  0.796036  -0.106968  -0.917165  0.383884  -0.008210  0.032223  0.001248  -0.251781  -0.184402  -0.213260  1.000000  
118.094743 0.008641  -0.028633  -0.005363  0.878769  0.093210  0.468057  -0.464983  0.388130  0.795705  -0.107500  -0.916879  0.384417  -0.008257  0.032539  0.000761  -0.268262  -0.188084  -0.221659  1.000000  
118.096001 0.008630  -0.028590  -0.005366  0.878635  0.093362  0.468278  -0.465144  0.388958  0.795206  -0.107899  -0.916512  0.385179  -0.008180  0.032899  0.000354  -0.295367  -0.197602  -0.224653  1.000000  
118.097241 0.008618  -0.028548  -0.005368  0.878501  0.093515  0.468499  -0.465304  0.389786  0.794707  -0.108298  -0.916145  0.385940  -0.008184  0.033189  0.000147  -0.322077  -0.205860  -0.228411  1.000000  
118.098246 0.008608  -0.028514  -0.005366  0.878366  0.093611  0.468732  -0.465465  0.390517  0.794254  -0.108697  -0.915824  0.386590  -0.008027  0.033620  0.000169  -0.347040  -0.213925  -0.229800  1.000000  
118.099493 0.008598  -0.028468  -0.005362  0.878315  0.093633  0.468824  -0.465437  0.391517  0.793777  -0.109229  -0.915394  0.387456  -0.007904  0.034129  0.000415  -0.378572  -0.219324  -0.239938  1.000000  
118.100742 0.008590  -0.028420  -0.005356  0.878180  0.093844  0.469034  -0.465598  0.392440  0.793227  -0.109628  -0.914978  0.388327  -0.007841  0.034712  0.000719  -0.407991  -0.221151  -0.246185  1.000000  
118.101743 0.008583  -0.028381  -0.005351  0.878128  0.093810  0.469138  -0.465570  0.393343  0.792796  -0.110160  -0.914593  0.389080  -0.007882  0.035048  0.000946  -0.436148  -0.224588  -0.254208  1.000000  
118.102745 0.008577  -0.028341  -0.005346  0.877993  0.093965  0.469360  -0.465730  0.394168  0.792292  -0.110559  -0.914222  0.389840  -0.007835  0.035417  0.001203  -0.461197  -0.234465  -0.259714  1.000000  
118.103762 0.008570  -0.028302  -0.005342  0.877954  0.094040  0.469418  -0.465709  0.395013  0.791884  -0.110958  -0.913850  0.390598  -0.007833  0.035740  0.001305  -0.488505  -0.230047  -0.264256  1.000000  
118.104997 0.008561  -0.028253  -0.005340  0.877888  0.094012  0.469547  -0.465674  0.396163  0.791329  -0.111623  -0.913354  0.391566  -0.007806  0.036249  0.001272  -0.523089  -0.236295  -0.277579  1.000000  
118.106003 0.008554  -0.028214  -0.005339  0.877739  0.094118  0.469803  -0.465827  0.397141  0.790749  -0.112154  -0.912919  0.392429  -0.007855  0.036529  0.001300  -0.550620  -0.245461  -0.282129  1.000000  
118.107248 0.008545  -0.028165  -0.005338  0.877673  0.094091  0.469933  -0.465792  0.398290  0.790192  -0.112819  -0.912421  0.393395  -0.007816  0.036912  0.001351  -0.578518  -0.242815  -0.292949  1.000000  
118.108493 0.008534  -0.028118  -0.005337  0.877510  0.094205  0.470214  -0.465937  0.399515  0.789488  -0.113484  -0.911874  0.394472  -0.007965  0.037128  0.001528  -0.611284  -0.248310  -0.305255  1.000000  
118.109500 0.008523  -0.028082  -0.005336  0.877456  0.094230  0.470309  -0.465908  0.400509  0.789000  -0.114016  -0.911435  0.395332  -0.008059  0.037380  0.001785  -0.635650  -0.250184  -0.309177  1.000000  
118.110744 0.008509  -0.028036  -0.005334  0.877279  0.094295  0.470627  -0.466046  0.401885  0.788219  -0.114813  -0.910822  0.396511  -0.008248  0.037604  0.002136  -0.665144  -0.262110  -0.318756  1.000000  
118.112013 0.008497  -0.027989  -0.005331  0.877102  0.094360  0.470944  -0.466183  0.403260  0.787436  -0.115611  -0.910207  0.397689  -0.008155  0.037857  0.002524  -0.697363  -0.269232  -0.334873  1.000000  
118.113246 0.008487  -0.027941  -0.005326  0.877006  0.094293  0.471137  -0.466132  0.404805  0.786672  -0.116541  -0.909528  0.398970  -0.008115  0.038168  0.002674  -0.729697  -0.270428  -0.354055  1.000000  
118.114492 0.008478  -0.027891  -0.005320  0.876827  0.094361  0.471456  -0.466269  0.406178  0.785884  -0.117338  -0.908909  0.400145  -0.008011  0.038475  0.002779  -0.756864  -0.281777  -0.364650  1.000000  
118.115493 0.008470  -0.027851  -0.005316  0.876661  0.094480  0.471740  -0.466412  0.407397  0.785167  -0.118002  -0.908351  0.401216  -0.008100  0.038629  0.002717  -0.785309  -0.287356  -0.376775  1.000000  
118.116743 0.008462  -0.027799  -0.005311  0.876481  0.094608  0.472048  -0.466548  0.408862  0.784325  -0.118800  -0.907679  0.402499  -0.008073  0.038832  0.002722  -0.820619  -0.295513  -0.392093  1.000000  
118.118001 0.008452  -0.027748  -0.005304  0.876287  0.094744  0.472382  -0.466676  0.410573  0.783354  -0.119729  -0.906892  0.403994  -0.008157  0.038889  0.002745  -0.861081  -0.302908  -0.408115  1.000000  
118.119246 0.008444  -0.027696  -0.005296  0.876091  0.094882  0.472717  -0.466803  0.412282  0.782380  -0.120659  -0.906102  0.405488  -0.008109  0.039072  0.002975  -0.898045  -0.308784  -0.420245  1.000000  
118.120502 0.008434  -0.027645  -0.005287  0.875895  0.095021  0.473053  -0.466930  0.413989  0.781402  -0.121589  -0.905309  0.406979  -0.008257  0.039188  0.003574  -0.938704  -0.316321  -0.436333  1.000000  
118.121745 0.008424  -0.027595  -0.005277  0.875684  0.095055  0.473437  -0.467049  0.415751  0.780395  -0.122651  -0.904497  0.408462  -0.008327  0.039335  0.004132  -0.975668  -0.325840  -0.456685  1.000000  
118.122746 0.008414  -0.027555  -0.005268  0.875500  0.095190  0.473749  -0.467183  0.417209  0.779536  -0.123448  -0.903812  0.409738  -0.008411  0.039459  0.004720  -1.009134  -0.337961  -0.465990  1.000000  
118.123747 0.008404  -0.027517  -0.005258  0.875316  0.095269  0.474073  -0.467316  0.418570  0.778726  -0.124245  -0.903174  0.410902  -0.008413  0.039551  0.005342  -1.033576  -0.343775  -0.477987  1.000000  
118.124747 0.008394  -0.027478  -0.005248  0.875117  0.095357  0.474423  -0.467441  0.420176  0.777786  -0.125174  -0.902418  0.412277  -0.008352  0.039666  0.005935  -1.066129  -0.353269  -0.498150  1.000000  
118.125995 0.008383  -0.027428  -0.005238  0.874902  0.095456  0.474799  -0.467558  0.422026  0.776713  -0.126236  -0.901545  0.413862  -0.008173  0.039951  0.006467  -1.099050  -0.366289  -0.511478  1.000000  
118.126995 0.008376  -0.027388  -0.005230  0.874701  0.095605  0.475139  -0.467682  0.423722  0.775714  -0.127165  -0.900733  0.415343  -0.008090  0.040157  0.006721  -1.136506  -0.377140  -0.531582  1.000000  
118.128010 0.008370  -0.027347  -0.005222  0.874388  0.095680  0.475700  -0.467978  0.425359  0.774639  -0.128227  -0.899953  0.416705  -0.007927  0.040257  0.007042  -1.165559  -0.392990  -0.548749  1.000000  
118.129243 0.008363  -0.027296  -0.005214  0.874155  0.095736  0.476117  -0.468085  0.427353  0.773477  -0.129421  -0.899002  0.418386  -0.007765  0.040367  0.007117  -1.199686  -0.409376  -0.566214  1.000000  
118.130243 0.008357  -0.027255  -0.005208  0.873855  0.095979  0.476619  -0.468387  0.429024  0.772368  -0.130349  -0.898180  0.419860  -0.007679  0.040348  0.007294  -1.229109  -0.423673  -0.579315  1.000000  
118.131493 0.008350  -0.027205  -0.005200  0.873620  0.096099  0.477026  -0.468492  0.431106  0.771143  -0.131543  -0.897169  0.421644  -0.007620  0.040263  0.007520  -1.266808  -0.440008  -0.596420  1.000000  
118.132743 0.008344  -0.027155  -0.005190  0.873271  0.096204  0.477643  -0.468768  0.433223  0.769789  -0.132869  -0.896138  0.423418  -0.007380  0.040210  0.007715  -1.297744  -0.456231  -0.616556  1.000000  
118.133995 0.008337  -0.027106  -0.005178  0.872840  0.096507  0.478370  -0.469232  0.435259  0.768356  -0.134063  -0.895118  0.425196  -0.007299  0.040006  0.007965  -1.333344  -0.485202  -0.628049  1.000000  
118.135004 0.008331  -0.027068  -0.005169  0.872616  0.096624  0.478754  -0.469343  0.437090  0.767248  -0.135123  -0.894213  0.426762  -0.007183  0.039759  0.008098  -1.369103  -0.501671  -0.641649  1.000000  
118.136241 0.008322  -0.027021  -0.005156  0.872279  0.096903  0.479311  -0.469625  0.439234  0.765850  -0.136316  -0.893131  0.428642  -0.007076  0.039639  0.008387  -1.399792  -0.514147  -0.653314  1.000000  
118.137249 0.008315  -0.026984  -0.005145  0.871956  0.097174  0.479843  -0.469914  0.441132  0.764580  -0.137377  -0.892166  0.430311  -0.006881  0.039401  0.008491  -1.441399  -0.537324  -0.664320  1.000000  
118.138250 0.008308  -0.026946  -0.005135  0.871649  0.097552  0.480324  -0.470212  0.442971  0.763333  -0.138304  -0.891213  0.431986  -0.006632  0.039331  0.008510  -1.474823  -0.550057  -0.672854  1.000000  
118.139499 0.008301  -0.026899  -0.005123  0.871308  0.098016  0.480848  -0.470492  0.445382  0.761756  -0.139497  -0.889959  0.434181  -0.006435  0.039221  0.008554  -1.517451  -0.568486  -0.681059  1.000000  
118.140749 0.008295  -0.026851  -0.005112  0.870853  0.098471  0.481580  -0.470940  0.447826  0.760044  -0.140822  -0.888682  0.436364  -0.005977  0.039148  0.008539  -1.564568  -0.592670  -0.691967  1.000000  
118.141995 0.008291  -0.026802  -0.005101  0.870492  0.098838  0.482156  -0.471209  0.450284  0.758424  -0.142146  -0.887398  0.438542  -0.005662  0.039011  0.008616  -1.602346  -0.604976  -0.703013  1.000000  
118.143042 0.008287  -0.026764  -0.005091  0.870164  0.099184  0.482677  -0.471494  0.452258  0.757070  -0.143206  -0.886355  0.440303  -0.005547  0.038670  0.008781  -1.634727  -0.624274  -0.704602  1.000000  
118.144246 0.008282  -0.026717  -0.005080  0.869817  0.099663  0.483203  -0.471770  0.454652  0.755463  -0.144397  -0.885076  0.442482  -0.005370  0.038479  0.008945  -1.679002  -0.638453  -0.713709  1.000000  
118.145252 0.008279  -0.026680  -0.005070  0.869487  0.100074  0.483713  -0.472054  0.456710  0.754043  -0.145456  -0.883969  0.444344  -0.005193  0.038242  0.009220  -1.712443  -0.651479  -0.721781  1.000000  
118.146500 0.008274  -0.026635  -0.005059  0.869103  0.100412  0.484331  -0.472309  0.459299  0.752308  -0.146912  -0.882588  0.446604  -0.005081  0.037953  0.009447  -1.754568  -0.668814  -0.737889  1.000000  
118.147750 0.008270  -0.026591  -0.005048  0.868638  0.101012  0.485041  -0.472752  0.461897  0.750438  -0.148236  -0.881163  0.448975  -0.004896  0.037601  0.009389  -1.793971  -0.688827  -0.742903  1.000000  
118.149000 0.008265  -0.026550  -0.005040  0.868251  0.101419  0.485649  -0.473004  0.464566  0.748629  -0.149691  -0.879712  0.451331  -0.004745  0.036979  0.009217  -1.831578  -0.704272  -0.754478  1.000000  
118.150001 0.008261  -0.026519  -0.005034  0.867915  0.101904  0.486148  -0.473285  0.466698  0.747124  -0.150749  -0.878526  0.453284  -0.004638  0.036648  0.009010  -1.866087  -0.721764  -0.755254  1.000000  
118.151249 0.008256  -0.026480  -0.005027  0.867444  0.102578  0.486845  -0.473724  0.469370  0.745170  -0.152072  -0.877023  0.455746  -0.004387  0.036004  0.008589  -1.905951  -0.739524  -0.761869  1.000000  
118.152500 0.008250  -0.026443  -0.005021  0.867070  0.103043  0.487413  -0.473983  0.471876  0.743420  -0.153394  -0.875623  0.457990  -0.004230  0.035423  0.008144  -1.938368  -0.747407  -0.766348  1.000000  
118.153765 0.008248  -0.026404  -0.005015  0.866676  0.103528  0.488011  -0.474231  0.474613  0.741517  -0.154848  -0.874085  0.460431  -0.003775  0.034806  0.007695  -1.979635  -0.760877  -0.773403  1.000000  
118.154996 0.008245  -0.026366  -0.005008  0.866182  0.104116  0.488762  -0.474656  0.477321  0.739504  -0.156302  -0.872539  0.462867  -0.003600  0.034221  0.007322  -2.015674  -0.781363  -0.778027  1.000000  
118.155999 0.008243  -0.026336  -0.005002  0.865919  0.104540  0.489139  -0.474744  0.479686  0.737916  -0.157492  -0.871190  0.464999  -0.003425  0.033654  0.007124  -2.048295  -0.786776  -0.784358  1.000000  
118.157247 0.008241  -0.026300  -0.004993  0.865421  0.105198  0.489877  -0.475166  0.482472  0.735824  -0.158945  -0.869571  0.467528  -0.003251  0.032778  0.006966  -2.081703  -0.796223  -0.789201  1.000000  
118.158493 0.008239  -0.026263  -0.004983  0.865038  0.105984  0.490384  -0.475420  0.485395  0.733736  -0.160266  -0.867848  0.470272  -0.003071  0.032183  0.006880  -2.129105  -0.809162  -0.786430  1.000000  
118.159499 0.008237  -0.026234  -0.004976  0.864673  0.106519  0.490912  -0.475682  0.487721  0.732021  -0.161454  -0.866477  0.472388  -0.002912  0.031438  0.006771  -2.161661  -0.814621  -0.792654  1.000000  
118.160744 0.008235  -0.026201  -0.004966  0.864268  0.107153  0.491487  -0.475923  0.490597  0.729940  -0.162906  -0.864773  0.475004  -0.002795  0.030774  0.006632  -2.199623  -0.818944  -0.794851  1.000000  
118.161746 0.008233  -0.026174  -0.004960  0.863899  0.107697  0.492016  -0.476184  0.492912  0.728208  -0.164094  -0.863388  0.477110  -0.002665  0.030112  0.006493  -2.229342  -0.830682  -0.797951  1.000000  
118.162994 0.008230  -0.026143  -0.004952  0.863510  0.108562  0.492509  -0.476433  0.495894  0.726017  -0.165414  -0.861570  0.479932  -0.002582  0.029384  0.006249  -2.267871  -0.829824  -0.797193  1.000000  
118.163995 0.008227  -0.026119  -0.004948  0.863139  0.109234  0.493011  -0.476692  0.498373  0.724147  -0.166602  -0.860054  0.482236  -0.002560  0.028781  0.006143  -2.311440  -0.838541  -0.801755  1.000000  
118.164996 0.008225  -0.026096  -0.004943  0.862747  0.109750  0.493582  -0.476939  0.500814  0.722298  -0.167921  -0.858569  0.484419  -0.002420  0.028188  0.006033  -2.339037  -0.847693  -0.806473  1.000000  
118.166243 0.008222  -0.026067  -0.004937  0.862215  0.110593  0.494323  -0.477341  0.503949  0.719848  -0.169503  -0.856624  0.487302  -0.002212  0.027515  0.005977  -2.387004  -0.859045  -0.814354  1.000000  
118.167492 0.008222  -0.026040  -0.004931  0.861681  0.111383  0.495076  -0.477741  0.506987  0.717446  -0.171085  -0.854727  0.490073  -0.001901  0.026864  0.005973  -2.418442  -0.868749  -0.818380  1.000000  
118.168495 0.008221  -0.026019  -0.004926  0.861283  0.111915  0.495648  -0.477984  0.509407  0.715567  -0.172404  -0.853217  0.492237  -0.001785  0.026210  0.006057  -2.439214  -0.882547  -0.824686  1.000000  
118.169745 0.008221  -0.025992  -0.004919  0.860765  0.112879  0.496329  -0.478392  0.512459  0.713111  -0.173853  -0.851260  0.495107  -0.001599  0.025493  0.006032  -2.476149  -0.889139  -0.829983  1.000000  
118.170754 0.008222  -0.025972  -0.004913  0.860384  0.113581  0.496828  -0.478644  0.514897  0.711183  -0.175039  -0.849694  0.497374  -0.001433  0.024729  0.006051  -2.505121  -0.896464  -0.830475  1.000000  
118.172005 0.008222  -0.025946  -0.004905  0.859743  0.114565  0.497711  -0.479215  0.517963  0.708567  -0.176619  -0.847696  0.500217  -0.001251  0.023925  0.005994  -2.535512  -0.914916  -0.828846  1.000000  
118.173250 0.008223  -0.025923  -0.004897  0.859219  0.115610  0.498374  -0.479619  0.521073  0.706009  -0.178068  -0.845646  0.503164  -0.001064  0.023054  0.005856  -2.574268  -0.922262  -0.834453  1.000000  
118.174499 0.008225  -0.025899  -0.004889  0.858672  0.116503  0.499108  -0.480009  0.524142  0.703468  -0.179648  -0.843625  0.505988  -0.000820  0.022344  0.005784  -2.608274  -0.934909  -0.836194  1.000000  
118.175743 0.008225  -0.025878  -0.004882  0.858144  0.117441  0.499796  -0.480410  0.527060  0.701010  -0.181095  -0.841674  0.508713  -0.000612  0.021533  0.005618  -2.633290  -0.941942  -0.835378  1.000000  
118.176746 0.008225  -0.025861  -0.004875  0.857656  0.118340  0.500421  -0.480833  0.529520  0.698863  -0.182279  -0.840003  0.511048  -0.000523  0.020919  0.005648  -2.658673  -0.949732  -0.829568  1.000000  
118.178007 0.008226  -0.025840  -0.004867  0.857124  0.119535  0.501048  -0.481230  0.532758  0.696123  -0.183726  -0.837783  0.514163  -0.000233  0.020096  0.005711  -2.697179  -0.958169  -0.828935  1.000000  
118.179243 0.008227  -0.025820  -0.004856  0.856491  0.120970  0.501786  -0.481803  0.536127  0.693134  -0.185173  -0.835425  0.517471  0.000014  0.019564  0.006036  -2.743318  -0.969254  -0.820514  1.000000  
118.180493 0.008228  -0.025800  -0.004845  0.855856  0.122292  0.502549  -0.482374  0.539314  0.690258  -0.186619  -0.833178  0.520565  0.000299  0.018873  0.006445  -2.778708  -0.985957  -0.814483  1.000000  
118.181743 0.008230  -0.025780  -0.004831  0.855296  0.123414  0.503228  -0.482754  0.542568  0.687436  -0.188196  -0.830897  0.523635  0.000568  0.018428  0.006913  -2.812849  -0.998923  -0.815550  1.000000  
118.182993 0.008233  -0.025760  -0.004818  0.854612  0.124622  0.504092  -0.483297  0.545921  0.684393  -0.189904  -0.828516  0.526780  0.000738  0.017920  0.007471  -2.855110  -1.011879  -0.816534  1.000000  
118.183999 0.008235  -0.025745  -0.004807  0.854091  0.125648  0.504719  -0.483699  0.548627  0.681942  -0.191218  -0.826572  0.529353  0.000926  0.017482  0.007792  -2.889441  -1.024495  -0.818138  1.000000  
118.185249 0.008239  -0.025726  -0.004796  0.853501  0.126699  0.505453  -0.484061  0.551898  0.679039  -0.192925  -0.824230  0.532376  0.001168  0.016975  0.007988  -2.926032  -1.035760  -0.821051  1.000000  
118.186493 0.008243  -0.025709  -0.004783  0.852810  0.127935  0.506309  -0.484597  0.555212  0.675948  -0.194631  -0.821811  0.535487  0.001401  0.016523  0.008292  -2.954917  -1.056387  -0.816063  1.000000  
118.187510 0.008246  -0.025695  -0.004775  0.852260  0.128827  0.507007  -0.484982  0.557858  0.673489  -0.196074  -0.819877  0.537918  0.001587  0.016080  0.008511  -2.980138  -1.073028  -0.815705  1.000000  
118.188747 0.008250  -0.025679  -0.004762  0.851563  0.130020  0.507873  -0.485514  0.561064  0.670435  -0.197780  -0.817497  0.540908  0.001712  0.015630  0.008761  -3.006091  -1.087566  -0.817102  1.000000  
118.189748 0.008252  -0.025667  -0.004753  0.851009  0.130988  0.508552  -0.485895  0.563770  0.667884  -0.199222  -0.815479  0.543420  0.001823  0.015194  0.009079  -3.030311  -1.101885  -0.821443  1.000000  
118.191005 0.008254  -0.025653  -0.004740  0.850307  0.132323  0.509381  -0.486423  0.567112  0.664663  -0.200926  -0.812942  0.546584  0.001908  0.014634  0.009361  -3.065095  -1.120624  -0.817791  1.000000  
118.192244 0.008257  -0.025639  -0.004726  0.849601  0.133730  0.510190  -0.486948  0.570519  0.661354  -0.202630  -0.810323  0.549834  0.002092  0.014188  0.009789  -3.101907  -1.140168  -0.814408  1.000000  
118.193494 0.008259  -0.025624  -0.004711  0.848793  0.135143  0.511163  -0.487646  0.573722  0.658061  -0.204333  -0.807824  0.552873  0.002271  0.013817  0.010125  -3.121706  -1.159415  -0.810692  1.000000  
118.194743 0.008262  -0.025609  -0.004695  0.848106  0.136541  0.511931  -0.488181  0.576883  0.654893  -0.205905  -0.805333  0.555915  0.002407  0.013499  0.010464  -3.143844  -1.170982  -0.804474  1.000000  
118.195995 0.008266  -0.025593  -0.004678  0.847392  0.138043  0.512710  -0.488699  0.580321  0.651461  -0.207606  -0.802603  0.559221  0.002514  0.013212  0.010744  -3.180423  -1.184894  -0.794993  1.000000  
118.197243 0.008269  -0.025577  -0.004661  0.846675  0.139618  0.513467  -0.489215  0.583819  0.647938  -0.209307  -0.799789  0.562608  0.002541  0.012948  0.010943  -3.219582  -1.196094  -0.790616  1.000000  
118.198243 0.008273  -0.025564  -0.004648  0.846130  0.140862  0.514026  -0.489598  0.586542  0.645185  -0.210616  -0.797576  0.565256  0.002653  0.012807  0.011165  -3.245457  -1.207125  -0.785018  1.000000  
118.199493 0.008277  -0.025547  -0.004630  0.845408  0.142394  0.514791  -0.490110  0.589929  0.641698  -0.212316  -0.794801  0.568519  0.002726  0.012633  0.011474  -3.281281  -1.217746  -0.782613  1.000000  
118.200743 0.008281  -0.025532  -0.004612  0.844607  0.144151  0.515615  -0.490808  0.593215  0.638125  -0.213884  -0.792033  0.571784  0.002720  0.012491  0.011893  -3.312309  -1.234851  -0.772281  1.000000  
118.202000 0.008286  -0.025516  -0.004594  0.843880  0.145705  0.516369  -0.491315  0.596566  0.634601  -0.215583  -0.789227  0.575017  0.002771  0.012408  0.012335  -3.340961  -1.239924  -0.771098  1.000000  
118.203242 0.008289  -0.025502  -0.004573  0.843200  0.147390  0.517001  -0.491850  0.599716  0.631209  -0.217020  -0.786522  0.578174  0.002724  0.012213  0.012978  -3.363724  -1.248529  -0.762654  1.000000  
118.204254 0.008292  -0.025492  -0.004558  0.842543  0.148734  0.517686  -0.492397  0.602263  0.628351  -0.218326  -0.784320  0.580669  0.002764  0.012041  0.013392  -3.388728  -1.261608  -0.753225  1.000000  
118.205499 0.008296  -0.025481  -0.004538  0.841834  0.150408  0.518356  -0.492913  0.605511  0.624815  -0.219893  -0.781495  0.583878  0.002888  0.011874  0.013900  -3.423676  -1.272502  -0.748379  1.000000  
118.206501 0.008299  -0.025471  -0.004523  0.841199  0.151922  0.518946  -0.493471  0.608054  0.621897  -0.221067  -0.779224  0.586463  0.002984  0.011744  0.014175  -3.446239  -1.280398  -0.740577  1.000000  
118.207747 0.008305  -0.025459  -0.004503  0.840383  0.153803  0.519712  -0.494157  0.611312  0.618148  -0.222633  -0.776301  0.589739  0.003173  0.011618  0.014466  -3.472339  -1.297771  -0.731794  1.000000  
118.208993 0.008311  -0.025447  -0.004484  0.839617  0.155875  0.520333  -0.494870  0.614444  0.614461  -0.223937  -0.773409  0.593035  0.003360  0.011455  0.014762  -3.485566  -1.303273  -0.718477  1.000000  
118.209995 0.008317  -0.025437  -0.004469  0.838874  0.157476  0.521048  -0.495596  0.616837  0.611470  -0.225110  -0.771176  0.595493  0.003600  0.011299  0.014837  -3.497899  -1.316002  -0.704733  1.000000  
118.211242 0.008324  -0.025424  -0.004450  0.838104  0.159503  0.521672  -0.496305  0.619861  0.607827  -0.226414  -0.768330  0.598670  0.003840  0.011038  0.014971  -3.512799  -1.321868  -0.691906  1.000000  
118.212242 0.008330  -0.025415  -0.004433  0.837486  0.161270  0.522120  -0.496871  0.622427  0.604734  -0.227456  -0.765883  0.601404  0.004085  0.010813  0.015212  -3.538901  -1.324260  -0.676274  1.000000  
118.213243 0.008337  -0.025405  -0.004415  0.836867  0.162917  0.522602  -0.497436  0.624834  0.601781  -0.228498  -0.763571  0.603943  0.004316  0.010603  0.015510  -3.554776  -1.330237  -0.654796  1.000000  
118.214493 0.008345  -0.025393  -0.004392  0.836220  0.165054  0.522966  -0.497984  0.627933  0.598090  -0.229671  -0.760564  0.607284  0.004513  0.010260  0.015968  -3.576122  -1.322339  -0.634563  1.000000  
118.215493 0.008350  -0.025383  -0.004371  0.835598  0.166714  0.523434  -0.498546  0.630311  0.595113  -0.230712  -0.758231  0.609801  0.004638  0.010100  0.016305  -3.587182  -1.324247  -0.617757  1.000000  
118.216743 0.008357  -0.025371  -0.004345  0.834845  0.168933  0.523923  -0.499263  0.633268  0.591361  -0.231884  -0.755270  0.613023  0.004835  0.009853  0.016874  -3.610589  -1.322199  -0.595164  1.000000  
118.217994 0.008363  -0.025360  -0.004317  0.834064  0.171264  0.524410  -0.499962  0.636471  0.587318  -0.233185  -0.752046  0.616483  0.005042  0.009671  0.017379  -3.645680  -1.321710  -0.573714  1.000000  
118.219246 0.008369  -0.025351  -0.004289  0.833101  0.173891  0.525076  -0.501019  0.639456  0.583161  -0.234356  -0.748905  0.619854  0.005170  0.009429  0.017968  -3.675857  -1.331825  -0.534007  1.000000  
118.220501 0.008375  -0.025342  -0.004261  0.832266  0.176355  0.525577  -0.501918  0.642261  0.579293  -0.235396  -0.745922  0.623048  0.005302  0.009225  0.018490  -3.692119  -1.328749  -0.499297  1.000000  
118.221748 0.008382  -0.025333  -0.004233  0.831484  0.178998  0.525922  -0.502847  0.644941  0.575496  -0.236177  -0.742974  0.626267  0.005466  0.009090  0.019091  -3.705069  -1.325535  -0.464044  1.000000  
118.222750 0.008387  -0.025326  -0.004211  0.830803  0.181068  0.526289  -0.503604  0.647153  0.572342  -0.236957  -0.740545  0.628844  0.005532  0.008902  0.019553  -3.718152  -1.320938  -0.441050  1.000000  
118.223751 0.008393  -0.025320  -0.004189  0.830176  0.183313  0.526502  -0.504393  0.649248  0.569267  -0.237476  -0.738156  0.631452  0.005518  0.008597  0.020000  -3.737122  -1.308563  -0.407559  1.000000  
118.224995 0.008399  -0.025314  -0.004159  0.829285  0.186045  0.526947  -0.505490  0.651767  0.565403  -0.238256  -0.735247  0.634544  0.005495  0.008221  0.020771  -3.751490  -1.309818  -0.368460  1.000000  
118.225996 0.008404  -0.025309  -0.004135  0.828628  0.188152  0.527233  -0.506260  0.653813  0.562342  -0.238906  -0.732890  0.637022  0.005405  0.007852  0.021399  -3.755553  -1.307817  -0.337939  1.000000  
118.227243 0.008409  -0.025303  -0.004104  0.827761  0.191109  0.527530  -0.507370  0.656378  0.558340  -0.239555  -0.729825  0.640288  0.005189  0.007412  0.022005  -3.765078  -1.302721  -0.291309  1.000000  
118.228493 0.008414  -0.025297  -0.004074  0.826997  0.194002  0.527673  -0.508308  0.659027  0.554352  -0.240205  -0.726668  0.643627  0.005002  0.006944  0.022499  -3.777675  -1.292131  -0.248899  1.000000  
118.229743 0.008417  -0.025293  -0.004044  0.826127  0.196846  0.527983  -0.509415  0.661412  0.550482  -0.240854  -0.723731  0.646686  0.004726  0.006436  0.022882  -3.788381  -1.286564  -0.202792  1.000000  
118.230993 0.008418  -0.025289  -0.004014  0.825177  0.200042  0.528267  -0.510707  0.663816  0.546376  -0.241374  -0.720646  0.649929  0.004369  0.005899  0.023135  -3.799215  -1.285446  -0.152100  1.000000  
118.232000 0.008419  -0.025286  -0.003988  0.824436  0.202395  0.528528  -0.511658  0.665687  0.543201  -0.241893  -0.718260  0.652373  0.004078  0.005460  0.023440  -3.805109  -1.279270  -0.120562  1.000000  
118.233242 0.008418  -0.025284  -0.003956  0.823693  0.205201  0.528604  -0.512607  0.668001  0.539452  -0.242412  -0.715309  0.655415  0.003591  0.005002  0.023804  -3.813155  -1.270082  -0.082569  1.000000  
118.234493 0.008416  -0.025280  -0.003922  0.823082  0.208019  0.528454  -0.513403  0.670353  0.535765  -0.242802  -0.712289  0.658553  0.003006  0.004538  0.024150  -3.823274  -1.242103  -0.042834  1.000000  
