1-Time 2-Px 3-Py 4-Pz 5-R11 6-R21 7-R31 8-R12 9-R22 10-R32 11-R13 12-R23 13-R33 14-Vx 15-Vy 16-Vz 17-Wx 18-Wy 19-Wz 20-state
123.360050 0.005066  -0.036340  0.022303  0.534196  0.842054  0.074699  -0.844369  0.535761  -0.001081  -0.040931  -0.062496  0.997206  0.007193  -0.000452  -0.000733  0.000000  0.000000  0.000000  1.000000  
123.361164 0.005069  -0.036338  0.022306  0.534373  0.841939  0.074730  -0.844264  0.535927  -0.000888  -0.040797  -0.062617  0.997203  0.004655  0.001898  0.003597  0.000000  0.000000  0.000000  1.000000  
123.362166 0.005082  -0.036326  0.022296  0.534379  0.841939  0.074689  -0.844273  0.535913  -0.000597  -0.040530  -0.062739  0.997207  0.009013  0.007750  -0.004028  0.000000  0.000000  0.000000  1.000000  
123.363169 0.005098  -0.036307  0.022279  0.534558  0.841828  0.074649  -0.844172  0.536072  -0.000291  -0.040263  -0.062861  0.997210  0.011570  0.011833  -0.008809  0.000000  0.000000  0.000000  1.000000  
123.364170 0.005113  -0.036288  0.022263  0.534561  0.841824  0.074679  -0.844176  0.536065  -0.000114  -0.040129  -0.062982  0.997208  0.012566  0.013656  -0.010724  0.000000  0.000000  0.000000  1.000000  
123.365416 0.005123  -0.036274  0.022254  0.534744  0.841718  0.074567  -0.844080  0.536217  0.000305  -0.039728  -0.063104  0.997216  0.011489  0.013179  -0.009900  0.000000  0.000000  0.000000  1.000000  
123.366419 0.005126  -0.036267  0.022251  0.534920  0.841612  0.074496  -0.843974  0.536383  0.000433  -0.039594  -0.063104  0.997221  0.010015  0.012064  -0.008606  0.000000  0.000000  0.000000  1.000000  
123.367664 0.005125  -0.036255  0.022250  0.534926  0.841621  0.074353  -0.843983  0.536369  0.000658  -0.039327  -0.063105  0.997232  0.008158  0.011643  -0.007321  0.000000  0.000000  0.000000  1.000000  
123.368911 0.005124  -0.036237  0.022245  0.534931  0.841621  0.074312  -0.843992  0.536355  0.000949  -0.039059  -0.063226  0.997235  0.006848  0.012074  -0.006900  0.000000  0.000000  0.000000  1.000000  
123.369912 0.005124  -0.036221  0.022238  0.534937  0.841621  0.074271  -0.844001  0.536340  0.001239  -0.038792  -0.063348  0.997237  0.006101  0.012514  -0.006868  0.000000  0.000000  0.000000  1.000000  
123.371161 0.005129  -0.036200  0.022228  0.534945  0.841626  0.074159  -0.844014  0.536319  0.001642  -0.038391  -0.063470  0.997245  0.005852  0.013012  -0.006980  0.000000  0.000000  0.000000  1.000000  
123.372174 0.005133  -0.036182  0.022221  0.535127  0.841529  0.073945  -0.843917  0.536470  0.001996  -0.037990  -0.063471  0.997260  0.005745  0.013379  -0.006946  0.000000  0.000000  0.000000  1.000000  
123.373412 0.005136  -0.036161  0.022209  0.535135  0.841534  0.073832  -0.843930  0.536449  0.002399  -0.037589  -0.063593  0.997268  0.005415  0.013750  -0.007228  0.000000  0.000000  0.000000  1.000000  
123.374662 0.005138  -0.036136  0.022188  0.535317  0.841437  0.073617  -0.843832  0.536600  0.002752  -0.037187  -0.063594  0.997283  0.005052  0.014287  -0.008071  0.000000  0.000000  0.000000  1.000000  
123.375918 0.005144  -0.036104  0.022160  0.535323  0.841455  0.073372  -0.843840  0.536586  0.002912  -0.036920  -0.063474  0.997300  0.005077  0.015650  -0.009679  0.000000  0.000000  0.000000  1.000000  
123.377162 0.005159  -0.036065  0.022131  0.535499  0.841349  0.073300  -0.843734  0.536752  0.003040  -0.036786  -0.063474  0.997305  0.005171  0.017388  -0.011008  0.000000  0.000000  0.000000  1.000000  
123.378412 0.005178  -0.036023  0.022108  0.535501  0.841353  0.073229  -0.843739  0.536745  0.003153  -0.036653  -0.063474  0.997310  0.005046  0.018562  -0.011076  0.000000  0.000000  0.000000  1.000000  
123.379417 0.005187  -0.035992  0.022095  0.535678  0.841248  0.073157  -0.843632  0.536911  0.003280  -0.036519  -0.063474  0.997315  0.004660  0.019652  -0.011080  0.000000  0.000000  0.000000  1.000000  
123.380665 0.005186  -0.035959  0.022084  0.535857  0.841146  0.073013  -0.843530  0.537070  0.003521  -0.036251  -0.063475  0.997325  0.004095  0.020878  -0.011241  0.000000  0.000000  0.000000  1.000000  
123.381665 0.005180  -0.035935  0.022076  0.536036  0.841045  0.072869  -0.843428  0.537229  0.003761  -0.035984  -0.063476  0.997334  0.003666  0.022272  -0.011932  0.000000  0.000000  0.000000  1.000000  
123.382916 0.005175  -0.035904  0.022061  0.536214  0.840934  0.072827  -0.843326  0.537387  0.004066  -0.035717  -0.063597  0.997336  0.003396  0.023376  -0.012708  0.000000  0.000000  0.000000  1.000000  
123.383920 0.005177  -0.035878  0.022044  0.536217  0.840930  0.072857  -0.843330  0.537379  0.004244  -0.035583  -0.063719  0.997333  0.003591  0.024086  -0.013502  0.055266  0.233217  -0.081667  1.000000  
123.385166 0.005183  -0.035844  0.022017  0.536393  0.840815  0.072887  -0.843224  0.537545  0.004437  -0.035449  -0.063840  0.997330  0.003905  0.024938  -0.014667  0.057694  0.227398  -0.085491  1.000000  
123.386413 0.005190  -0.035811  0.021987  0.536393  0.840806  0.072989  -0.843224  0.537544  0.004502  -0.035449  -0.063961  0.997323  0.004007  0.025655  -0.016003  0.059592  0.216504  -0.081381  1.000000  
123.387663 0.005194  -0.035775  0.021958  0.536569  0.840682  0.073120  -0.843117  0.537709  0.004760  -0.035316  -0.064203  0.997312  0.004008  0.026747  -0.017424  0.066042  0.211964  -0.084846  1.000000  
123.388664 0.005196  -0.035746  0.021937  0.536743  0.840572  0.073119  -0.843007  0.537882  0.004775  -0.035316  -0.064203  0.997312  0.004035  0.027483  -0.018004  0.063979  0.204915  -0.089104  1.000000  
123.389912 0.005197  -0.035708  0.021915  0.536916  0.840452  0.073220  -0.842896  0.538055  0.004856  -0.035316  -0.064324  0.997304  0.003943  0.028222  -0.017796  0.065649  0.196694  -0.092281  1.000000  
123.390916 0.005199  -0.035676  0.021901  0.537092  0.840337  0.073249  -0.842789  0.538220  0.005049  -0.035182  -0.064445  0.997301  0.003708  0.028555  -0.017293  0.064576  0.193529  -0.090768  1.000000  
123.391924 0.005204  -0.035642  0.021889  0.537263  0.840213  0.073422  -0.842675  0.538399  0.005016  -0.035316  -0.064566  0.997288  0.003019  0.028668  -0.016392  0.064844  0.185096  -0.098170  1.000000  
123.393163 0.005210  -0.035600  0.021879  0.537261  0.840190  0.073698  -0.842671  0.538405  0.005034  -0.035449  -0.064808  0.997268  0.002139  0.028695  -0.015530  0.068603  0.166837  -0.092415  1.000000  
123.394165 0.005210  -0.035569  0.021871  0.537432  0.840066  0.073870  -0.842556  0.538585  0.005002  -0.035583  -0.064928  0.997255  0.001591  0.028727  -0.015073  0.000000  0.000000  0.000000  1.000000  
123.395418 0.005200  -0.035537  0.021861  0.537605  0.839937  0.074073  -0.842446  0.538757  0.005148  -0.035583  -0.065170  0.997240  0.000942  0.028631  -0.015145  0.000000  0.000000  0.000000  1.000000  
123.396666 0.005185  -0.035510  0.021844  0.537952  0.839697  0.074274  -0.842224  0.539101  0.005310  -0.035583  -0.065412  0.997224  0.000557  0.028483  -0.015582  0.000000  0.000000  0.000000  1.000000  
123.397668 0.005177  -0.035487  0.021827  0.538299  0.839448  0.074578  -0.842003  0.539445  0.005537  -0.035583  -0.065775  0.997200  0.000149  0.028278  -0.015862  0.000000  0.000000  0.000000  1.000000  
123.398916 0.005175  -0.035454  0.021803  0.538472  0.839301  0.074984  -0.841892  0.539615  0.005814  -0.035583  -0.066259  0.997168  -0.000122  0.028254  -0.016046  0.000000  0.000000  0.000000  1.000000  
123.399919 0.005176  -0.035426  0.021783  0.538645  0.839162  0.075288  -0.841781  0.539786  0.006026  -0.035583  -0.066622  0.997144  -0.000516  0.028340  -0.015842  0.000000  0.000000  0.000000  1.000000  
123.401164 0.005174  -0.035392  0.021762  0.538819  0.839014  0.075694  -0.841670  0.539955  0.006303  -0.035583  -0.067105  0.997111  -0.000982  0.028337  -0.015378  0.000000  0.000000  0.000000  1.000000  
123.402164 0.005169  -0.035366  0.021749  0.539165  0.838755  0.076098  -0.841448  0.540298  0.006596  -0.035583  -0.067589  0.997079  -0.001686  0.028245  -0.014496  0.000000  0.000000  0.000000  1.000000  
123.403413 0.005157  -0.035333  0.021739  0.539511  0.838496  0.076502  -0.841226  0.540640  0.006890  -0.035583  -0.068073  0.997046  -0.002577  0.028020  -0.013580  0.157180  0.074219  -0.168368  1.000000  
123.404413 0.005149  -0.035305  0.021734  0.539685  0.838356  0.076806  -0.841115  0.540810  0.007103  -0.035583  -0.068436  0.997021  -0.003096  0.027927  -0.012659  0.169379  0.065270  -0.168940  1.000000  
123.405663 0.005143  -0.035268  0.021727  0.539858  0.838208  0.077211  -0.841004  0.540979  0.007381  -0.035583  -0.068920  0.996987  -0.003820  0.027659  -0.011775  0.190030  0.056796  -0.176460  1.000000  
123.406663 0.005140  -0.035238  0.021719  0.539858  0.838170  0.077618  -0.841004  0.540975  0.007643  -0.035583  -0.069403  0.996954  -0.004291  0.027407  -0.011543  0.206288  0.052340  -0.176710  1.000000  
123.407920 0.005136  -0.035203  0.021701  0.540031  0.838021  0.078023  -0.840893  0.541144  0.007922  -0.035583  -0.069887  0.996920  -0.004995  0.026900  -0.012015  0.222530  0.047884  -0.176955  1.000000  
123.409167 0.005126  -0.035172  0.021678  0.540377  0.837760  0.078426  -0.840670  0.541485  0.008217  -0.035583  -0.070371  0.996886  -0.005538  0.026430  -0.012941  0.239135  0.043915  -0.184191  1.000000  
123.410413 0.005113  -0.035144  0.021654  0.540382  0.837732  0.078688  -0.840678  0.541465  0.008704  -0.035316  -0.070855  0.996861  -0.005793  0.026197  -0.013778  0.253281  0.043596  -0.182659  1.000000  
123.411663 0.005098  -0.035118  0.021632  0.540385  0.837699  0.079023  -0.840682  0.541453  0.009079  -0.035182  -0.071339  0.996831  -0.005807  0.026165  -0.014126  0.268931  0.038266  -0.169266  1.000000  
123.412670 0.005090  -0.035094  0.021616  0.540560  0.837554  0.079355  -0.840575  0.541613  0.009470  -0.035048  -0.071823  0.996801  -0.005824  0.026226  -0.013970  0.283331  0.034145  -0.170948  1.000000  
123.413921 0.005085  -0.035060  0.021598  0.540565  0.837517  0.079719  -0.840583  0.541590  0.010023  -0.034781  -0.072428  0.996767  -0.006056  0.026294  -0.013481  0.299562  0.038688  -0.170608  1.000000  
123.415166 0.005081  -0.035022  0.021582  0.540744  0.837367  0.080080  -0.840479  0.541740  0.010592  -0.034513  -0.073033  0.996732  -0.006424  0.026454  -0.013032  0.313291  0.042888  -0.168917  1.000000  
123.416169 0.005073  -0.034993  0.021573  0.540748  0.837339  0.080342  -0.840487  0.541719  0.011079  -0.034246  -0.073518  0.996706  -0.006786  0.026597  -0.012577  0.328067  0.052264  -0.169672  1.000000  
123.417413 0.005060  -0.034959  0.021563  0.540926  0.837189  0.080703  -0.840383  0.541867  0.011649  -0.033978  -0.074123  0.996670  -0.007008  0.026764  -0.012295  0.340319  0.056831  -0.169368  1.000000  
123.418663 0.005047  -0.034923  0.021551  0.540931  0.837151  0.081067  -0.840391  0.541843  0.012202  -0.033711  -0.074728  0.996634  -0.007189  0.026859  -0.012407  0.357457  0.064833  -0.160487  1.000000  
123.419915 0.005037  -0.034887  0.021532  0.540939  0.837108  0.081459  -0.840402  0.541809  0.012932  -0.033310  -0.075454  0.996593  -0.007346  0.026783  -0.013395  0.380492  0.073922  -0.154251  1.000000  
123.421164 0.005030  -0.034851  0.021505  0.541116  0.836958  0.081820  -0.840298  0.541956  0.013502  -0.033042  -0.076059  0.996556  -0.007569  0.026760  -0.014630  0.396839  0.087447  -0.153296  1.000000  
123.422413 0.005021  -0.034814  0.021474  0.541297  0.836813  0.082108  -0.840198  0.542094  0.014184  -0.032641  -0.076665  0.996522  -0.007762  0.026804  -0.015615  0.405662  0.100137  -0.151049  1.000000  
123.423413 0.005011  -0.034789  0.021450  0.541304  0.836800  0.082196  -0.840209  0.542063  0.014717  -0.032240  -0.077028  0.996508  -0.008175  0.026714  -0.016150  0.416976  0.118471  -0.144121  1.000000  
123.424663 0.004993  -0.034757  0.021424  0.541484  0.836655  0.082484  -0.840108  0.542200  0.015399  -0.031839  -0.077634  0.996473  -0.008563  0.026879  -0.016327  0.429164  0.136470  -0.142779  1.000000  
123.425914 0.004974  -0.034727  0.021405  0.541493  0.836628  0.082702  -0.840122  0.542156  0.016176  -0.031304  -0.078239  0.996443  -0.008756  0.027160  -0.016001  0.437542  0.152727  -0.133440  1.000000  
123.426915 0.004961  -0.034701  0.021393  0.541675  0.836499  0.082816  -0.840025  0.542284  0.016905  -0.030769  -0.078724  0.996421  -0.009029  0.027479  -0.015688  0.449020  0.171475  -0.126284  1.000000  
123.428163 0.004948  -0.034666  0.021377  0.541859  0.836365  0.082958  -0.839930  0.542402  0.017811  -0.030100  -0.079330  0.996394  -0.009347  0.027658  -0.015453  0.453335  0.192355  -0.123535  1.000000  
123.429184 0.004940  -0.034634  0.021364  0.541869  0.836354  0.083003  -0.839947  0.542348  0.018634  -0.029431  -0.079815  0.996375  -0.009720  0.027779  -0.015476  0.456517  0.215787  -0.115847  1.000000  
123.430417 0.004929  -0.034594  0.021342  0.542055  0.836217  0.083174  -0.839855  0.542452  0.019718  -0.028629  -0.080542  0.996340  -0.010024  0.028042  -0.015955  0.460573  0.242381  -0.106882  1.000000  
123.431417 0.004920  -0.034563  0.021323  0.542238  0.836094  0.083214  -0.839760  0.542569  0.020558  -0.027960  -0.081027  0.996320  -0.010033  0.028191  -0.016649  0.464619  0.264855  -0.105114  1.000000  
123.432666 0.004905  -0.034527  0.021299  0.542423  0.835967  0.083282  -0.839666  0.542674  0.021577  -0.027158  -0.081633  0.996292  -0.010078  0.028337  -0.017650  0.468433  0.291304  -0.096058  1.000000  
123.433913 0.004890  -0.034491  0.021273  0.542780  0.835729  0.083346  -0.839461  0.542949  0.022612  -0.026355  -0.082239  0.996264  -0.010293  0.028345  -0.018422  0.468828  0.316187  -0.099944  1.000000  
123.434914 0.004878  -0.034463  0.021251  0.542963  0.835607  0.083385  -0.839364  0.543064  0.023452  -0.025687  -0.082724  0.996241  -0.010584  0.028325  -0.018748  0.472453  0.340750  -0.092017  1.000000  
123.435915 0.004865  -0.034434  0.021228  0.543145  0.835474  0.083525  -0.839266  0.543175  0.024358  -0.025018  -0.083329  0.996208  -0.011183  0.028237  -0.018772  0.480764  0.363733  -0.097031  1.000000  
123.437163 0.004845  -0.034400  0.021201  0.543332  0.835351  0.083548  -0.839177  0.543253  0.025666  -0.023948  -0.084057  0.996173  -0.011881  0.028127  -0.018578  0.488896  0.399700  -0.094056  1.000000  
123.438163 0.004827  -0.034374  0.021183  0.543515  0.835235  0.083513  -0.839081  0.543356  0.026618  -0.023145  -0.084542  0.996151  -0.012427  0.028147  -0.018089  0.492919  0.426641  -0.091801  1.000000  
123.439414 0.004804  -0.034343  0.021166  0.543873  0.834990  0.083631  -0.838877  0.543600  0.028009  -0.022075  -0.085389  0.996103  -0.012806  0.028072  -0.017537  0.505264  0.458620  -0.095958  1.000000  
123.440664 0.004781  -0.034311  0.021151  0.544407  0.834655  0.083496  -0.838565  0.543998  0.029574  -0.020737  -0.086117  0.996069  -0.013108  0.028170  -0.017246  0.513922  0.500680  -0.113194  1.000000  
123.441921 0.004761  -0.034277  0.021133  0.544765  0.834417  0.083538  -0.838361  0.544229  0.031076  -0.019533  -0.086965  0.996020  -0.013352  0.028331  -0.017440  0.522295  0.533198  -0.124118  1.000000  
123.443163 0.004744  -0.034240  0.021109  0.545123  0.834190  0.083479  -0.838156  0.544461  0.032512  -0.018329  -0.087691  0.995979  -0.013620  0.028343  -0.017878  0.526181  0.565028  -0.126772  1.000000  
123.444165 0.004733  -0.034210  0.021087  0.545305  0.834062  0.083570  -0.838058  0.544540  0.033708  -0.017393  -0.088418  0.995932  -0.013828  0.028347  -0.018494  0.534339  0.592317  -0.131112  1.000000  
123.445418 0.004719  -0.034173  0.021058  0.545661  0.833835  0.083509  -0.837850  0.544768  0.035144  -0.016189  -0.089144  0.995887  -0.014117  0.028014  -0.018964  0.538781  0.624760  -0.136467  1.000000  
123.446670 0.004704  -0.034138  0.021031  0.546188  0.833486  0.083540  -0.837528  0.545162  0.036663  -0.014985  -0.089992  0.995830  -0.014297  0.027771  -0.019168  0.547233  0.657848  -0.154098  1.000000  
123.447925 0.004684  -0.034105  0.021006  0.546543  0.833267  0.083403  -0.837320  0.545377  0.038210  -0.013647  -0.090718  0.995783  -0.014613  0.027579  -0.019111  0.551211  0.694253  -0.157558  1.000000  
123.449165 0.004660  -0.034073  0.020985  0.547070  0.832926  0.083357  -0.836996  0.545756  0.039840  -0.012309  -0.091565  0.995723  -0.015200  0.027380  -0.018754  0.555737  0.727684  -0.175117  1.000000  
123.450413 0.004637  -0.034040  0.020966  0.547423  0.832698  0.083319  -0.836784  0.545962  0.041453  -0.010971  -0.092412  0.995660  -0.015669  0.027221  -0.018230  0.563254  0.757942  -0.177036  1.000000  
123.451413 0.004618  -0.034014  0.020953  0.547602  0.832586  0.083260  -0.836682  0.546009  0.042870  -0.009767  -0.093138  0.995605  -0.015928  0.027084  -0.017600  0.571869  0.795779  -0.175345  1.000000  
123.452663 0.004595  -0.033983  0.020936  0.548125  0.832237  0.083311  -0.836354  0.546376  0.044566  -0.008429  -0.094105  0.995527  -0.016077  0.026898  -0.016993  0.588378  0.824575  -0.193147  1.000000  
123.453663 0.004576  -0.033958  0.020923  0.548475  0.832013  0.083240  -0.836136  0.546590  0.046001  -0.007225  -0.094830  0.995467  -0.016050  0.026963  -0.016863  0.596738  0.857437  -0.203773  1.000000  
123.454913 0.004553  -0.033927  0.020902  0.548824  0.831784  0.083224  -0.835918  0.546770  0.047790  -0.005753  -0.095797  0.995384  -0.016122  0.026900  -0.017188  0.607766  0.886524  -0.205186  1.000000  
123.455920 0.004537  -0.033899  0.020884  0.549172  0.831569  0.083078  -0.835697  0.546970  0.049336  -0.004415  -0.096522  0.995321  -0.015979  0.027031  -0.017655  0.616666  0.921815  -0.217653  1.000000  
123.457163 0.004520  -0.033862  0.020858  0.549519  0.831332  0.083161  -0.835476  0.547138  0.051191  -0.002944  -0.097609  0.995220  -0.015778  0.027192  -0.018011  0.632207  0.946980  -0.219431  1.000000  
123.458163 0.004508  -0.033833  0.020837  0.549865  0.831101  0.083186  -0.835252  0.547337  0.052691  -0.001739  -0.098455  0.995140  -0.015742  0.027159  -0.018114  0.643711  0.969245  -0.223493  1.000000  
123.459166 0.004496  -0.033804  0.020818  0.550038  0.830983  0.083222  -0.835140  0.547363  0.054174  -0.000535  -0.099300  0.995057  -0.015832  0.027040  -0.017873  0.656096  0.988447  -0.228242  1.000000  
123.460416 0.004477  -0.033769  0.020796  0.550381  0.830762  0.083154  -0.834913  0.547500  0.056251  0.001204  -0.100386  0.994948  -0.016103  0.026914  -0.017505  0.667486  1.019723  -0.231210  1.000000  
123.461663 0.004456  -0.033736  0.020778  0.550723  0.830535  0.083158  -0.834683  0.547645  0.058216  0.002810  -0.101472  0.994834  -0.016530  0.026824  -0.016885  0.683344  1.047182  -0.234737  1.000000  
123.462668 0.004436  -0.033710  0.020765  0.551064  0.830314  0.083105  -0.834453  0.547823  0.059826  0.004148  -0.102316  0.994743  -0.016809  0.026809  -0.016338  0.696833  1.074507  -0.241136  1.000000  
123.463669 0.004416  -0.033685  0.020754  0.551232  0.830197  0.083165  -0.834334  0.547820  0.061486  0.005486  -0.103280  0.994637  -0.016906  0.026731  -0.015941  0.712682  1.096366  -0.231370  1.000000  
123.464916 0.004392  -0.033652  0.020737  0.551570  0.829962  0.083266  -0.834098  0.547947  0.063517  0.007091  -0.104486  0.994501  -0.016899  0.026785  -0.015700  0.732757  1.119696  -0.235177  1.000000  
123.465917 0.004376  -0.033625  0.020722  0.551736  0.829846  0.083324  -0.833976  0.547938  0.065175  0.008429  -0.105450  0.994389  -0.016756  0.026789  -0.015861  0.744590  1.142185  -0.232158  1.000000  
123.467163 0.004357  -0.033591  0.020699  0.552071  0.829621  0.083348  -0.833735  0.548045  0.067316  0.010169  -0.106654  0.994244  -0.016488  0.026964  -0.016216  0.758374  1.164853  -0.233100  1.000000  
123.468163 0.004342  -0.033563  0.020681  0.552235  0.829499  0.083478  -0.833611  0.548043  0.068864  0.011373  -0.107617  0.994127  -0.016257  0.027113  -0.016575  0.774199  1.178342  -0.230969  1.000000  
123.469163 0.004328  -0.033535  0.020661  0.552568  0.829270  0.083547  -0.833369  0.548175  0.070716  0.012844  -0.108700  0.993992  -0.015911  0.027395  -0.016918  0.788425  1.201911  -0.230452  1.000000  
123.470166 0.004315  -0.033506  0.020643  0.552729  0.829154  0.083629  -0.833238  0.548134  0.072551  0.014316  -0.109783  0.993852  -0.015591  0.027573  -0.016954  0.804181  1.214728  -0.221202  1.000000  
123.471413 0.004299  -0.033468  0.020621  0.553056  0.828931  0.083675  -0.832987  0.548204  0.074867  0.016189  -0.111106  0.993677  -0.015401  0.027731  -0.016776  0.820025  1.237441  -0.217669  1.000000  
123.472663 0.004285  -0.033430  0.020603  0.553381  0.828700  0.083820  -0.832732  0.548260  0.077250  0.018062  -0.112549  0.993482  -0.015343  0.027779  -0.016286  0.843957  1.260050  -0.214068  1.000000  
123.473913 0.004269  -0.033394  0.020587  0.553704  0.828469  0.083964  -0.832475  0.548311  0.079632  0.019935  -0.113991  0.993282  -0.015373  0.027794  -0.015737  0.864818  1.280936  -0.207857  1.000000  
123.474920 0.004254  -0.033366  0.020575  0.553856  0.828375  0.083895  -0.832331  0.548227  0.081687  0.021674  -0.115071  0.993121  -0.015444  0.027806  -0.015243  0.879540  1.308775  -0.199580  1.000000  
123.476163 0.004233  -0.033333  0.020558  0.554173  0.828166  0.083861  -0.832065  0.548264  0.084112  0.023680  -0.116390  0.992921  -0.015419  0.027794  -0.015090  0.896325  1.329666  -0.193521  1.000000  
123.477417 0.004212  -0.033300  0.020541  0.554486  0.827947  0.083953  -0.831792  0.548262  0.086779  0.025820  -0.117950  0.992684  -0.015243  0.027842  -0.015237  0.919926  1.360806  -0.188630  1.000000  
123.478667 0.004193  -0.033268  0.020519  0.554970  0.827619  0.083998  -0.831405  0.548447  0.089287  0.027827  -0.119388  0.992458  -0.014861  0.027805  -0.015622  0.943218  1.385678  -0.187096  1.000000  
123.479923 0.004176  -0.033234  0.020495  0.555451  0.827291  0.084041  -0.831014  0.548626  0.091793  0.029833  -0.120826  0.992225  -0.014301  0.027885  -0.016194  0.962710  1.408602  -0.189926  1.000000  
123.481166 0.004162  -0.033200  0.020467  0.555759  0.827058  0.084300  -0.830734  0.548605  0.094414  0.031839  -0.122503  0.991957  -0.013985  0.027877  -0.016741  0.990861  1.427037  -0.186228  1.000000  
123.482166 0.004151  -0.033172  0.020445  0.556069  0.826849  0.084304  -0.830457  0.548652  0.096548  0.033577  -0.123699  0.991752  -0.013741  0.027922  -0.016959  1.006658  1.449531  -0.182387  1.000000  
123.483416 0.004136  -0.033138  0.020420  0.556538  0.826525  0.084392  -0.830048  0.548761  0.099406  0.035850  -0.125373  0.991462  -0.013513  0.027891  -0.016983  1.030487  1.476613  -0.177475  1.000000  
123.484416 0.004125  -0.033110  0.020403  0.557015  0.826195  0.084472  -0.829651  0.548955  0.101622  0.037589  -0.126688  0.991230  -0.013352  0.027848  -0.016867  1.050118  1.496171  -0.187694  1.000000  
123.485663 0.004110  -0.033076  0.020384  0.557478  0.825874  0.084554  -0.829234  0.549049  0.104478  0.039861  -0.128359  0.990926  -0.013236  0.027678  -0.016667  1.069063  1.520362  -0.187063  1.000000  
123.486663 0.004099  -0.033049  0.020370  0.557951  0.825537  0.084729  -0.828831  0.549219  0.106760  0.041599  -0.129792  0.990668  -0.013169  0.027524  -0.016539  1.092662  1.539076  -0.190187  1.000000  
123.487663 0.004087  -0.033023  0.020355  0.558247  0.825324  0.084849  -0.828535  0.549199  0.109133  0.043471  -0.131224  0.990399  -0.013210  0.027166  -0.016516  1.113418  1.561167  -0.188761  1.000000  
123.488913 0.004071  -0.032992  0.020332  0.558869  0.824896  0.084926  -0.827986  0.549414  0.112179  0.045877  -0.133011  0.990052  -0.013140  0.026813  -0.016997  1.135687  1.590130  -0.194112  1.000000  
123.490163 0.004053  -0.032963  0.020307  0.559317  0.824582  0.085022  -0.827546  0.549449  0.115207  0.048283  -0.134797  0.989696  -0.013086  0.026419  -0.017665  1.160436  1.617891  -0.198464  1.000000  
123.491163 0.004039  -0.032941  0.020285  0.559776  0.824261  0.085112  -0.827125  0.549578  0.117595  0.050153  -0.136225  0.989408  -0.012835  0.026093  -0.018355  1.178155  1.637243  -0.205063  1.000000  
123.492169 0.004025  -0.032919  0.020262  0.560404  0.823828  0.085174  -0.826584  0.549872  0.120000  0.052024  -0.137652  0.989113  -0.012680  0.025795  -0.018874  1.195518  1.657986  -0.217840  1.000000  
123.493413 0.004008  -0.032892  0.020232  0.561008  0.823418  0.085161  -0.826010  0.550037  0.123151  0.054563  -0.139432  0.988727  -0.012519  0.025505  -0.019432  1.216410  1.685602  -0.222511  1.000000  
123.494413 0.003995  -0.032869  0.020209  0.561455  0.823102  0.085267  -0.825571  0.550117  0.125711  0.056567  -0.140975  0.988396  -0.012532  0.025230  -0.019630  1.235472  1.714090  -0.230677  1.000000  
123.495419 0.003981  -0.032846  0.020187  0.562070  0.822675  0.085344  -0.825013  0.550359  0.128289  0.058570  -0.142517  0.988058  -0.012599  0.024901  -0.019702  1.256521  1.743508  -0.242179  1.000000  
123.496670 0.003965  -0.032819  0.020162  0.562668  0.822240  0.085593  -0.824431  0.550483  0.131460  0.060974  -0.144534  0.987619  -0.012770  0.024456  -0.019552  1.283414  1.767680  -0.250154  1.000000  
123.497919 0.003948  -0.032791  0.020139  0.563262  0.821818  0.085737  -0.823844  0.550612  0.134563  0.063378  -0.146428  0.987189  -0.012941  0.024012  -0.019402  1.306131  1.797464  -0.264479  1.000000  
123.499166 0.003931  -0.032764  0.020115  0.564022  0.821264  0.086048  -0.823135  0.550868  0.137815  0.065781  -0.148560  0.986713  -0.013145  0.023476  -0.019531  1.332879  1.822986  -0.278966  1.000000  
123.500413 0.003913  -0.032738  0.020091  0.564598  0.820849  0.086233  -0.822523  0.550909  0.141266  0.068451  -0.150687  0.986209  -0.013319  0.022985  -0.019791  1.359823  1.847843  -0.286527  1.000000  
123.501417 0.003898  -0.032719  0.020069  0.565202  0.820409  0.086463  -0.821950  0.551109  0.143795  0.070320  -0.152341  0.985823  -0.013619  0.022376  -0.020420  1.379226  1.865448  -0.302873  1.000000  
123.502663 0.003881  -0.032695  0.020038  0.565944  0.819874  0.086683  -0.821218  0.551314  0.147151  0.072856  -0.154465  0.985308  -0.013792  0.021782  -0.021222  1.397239  1.887449  -0.312604  1.000000  
123.503919 0.003863  -0.032672  0.020005  0.566502  0.819479  0.086779  -0.820580  0.551304  0.150705  0.075658  -0.156583  0.984763  -0.013891  0.021241  -0.021849  1.422754  1.923048  -0.322635  1.000000  
123.505163 0.003843  -0.032652  0.019972  0.567229  0.818961  0.086913  -0.819827  0.551468  0.154165  0.078326  -0.158700  0.984215  -0.014022  0.020772  -0.022294  1.445216  1.943045  -0.339778  1.000000  
123.506413 0.003823  -0.032631  0.019941  0.567782  0.818561  0.087073  -0.819185  0.551450  0.157605  0.080993  -0.160814  0.983656  -0.014148  0.020342  -0.022495  1.471629  1.965332  -0.344950  1.000000  
123.507413 0.003807  -0.032614  0.019919  0.568363  0.818122  0.087405  -0.818582  0.551549  0.160369  0.082993  -0.162696  0.983180  -0.014329  0.020006  -0.022495  1.489658  1.978927  -0.355800  1.000000  
123.508413 0.003790  -0.032596  0.019896  0.568934  0.817709  0.087559  -0.817966  0.551640  0.163173  0.085127  -0.164455  0.982704  -0.014530  0.019687  -0.022440  1.512730  2.001617  -0.361660  1.000000  
123.509663 0.003771  -0.032573  0.019872  0.569650  0.817169  0.087946  -0.817199  0.551736  0.166651  0.087659  -0.166802  0.982086  -0.014730  0.019354  -0.022153  1.537905  2.019312  -0.370786  1.000000  
123.510665 0.003756  -0.032555  0.019852  0.570214  0.816749  0.088190  -0.816574  0.551788  0.169518  0.089792  -0.168675  0.981573  -0.014797  0.019117  -0.022080  1.560191  2.039671  -0.378516  1.000000  
123.511923 0.003737  -0.032532  0.019826  0.570921  0.816214  0.088565  -0.815797  0.551859  0.172992  0.092323  -0.171016  0.980933  -0.014967  0.018686  -0.022161  1.586246  2.058672  -0.390579  1.000000  
123.513168 0.003719  -0.032510  0.019798  0.571792  0.815568  0.088898  -0.814897  0.552085  0.176483  0.094854  -0.173354  0.980281  -0.015095  0.018310  -0.022437  1.608109  2.072024  -0.405474  1.000000  
123.514170 0.003704  -0.032493  0.019774  0.572345  0.815155  0.089128  -0.814257  0.552105  0.179344  0.096985  -0.175220  0.979741  -0.015098  0.018035  -0.022843  1.626540  2.086938  -0.406751  1.000000  
123.515416 0.003685  -0.032472  0.019743  0.573024  0.814644  0.089434  -0.813442  0.552077  0.183093  0.099781  -0.177666  0.979019  -0.015211  0.017729  -0.023201  1.652298  2.107720  -0.413090  1.000000  
123.516663 0.003666  -0.032452  0.019710  0.573704  0.814124  0.089809  -0.812631  0.552053  0.186732  0.102444  -0.180110  0.978297  -0.015264  0.017473  -0.023496  1.672460  2.124142  -0.414068  1.000000  
123.517667 0.003649  -0.032437  0.019686  0.574246  0.813696  0.090222  -0.811977  0.551996  0.189721  0.104573  -0.182205  0.977684  -0.015460  0.017182  -0.023452  1.696228  2.134622  -0.421293  1.000000  
123.518913 0.003629  -0.032418  0.019655  0.574917  0.813182  0.090586  -0.811154  0.551945  0.193354  0.107234  -0.184642  0.976938  -0.015554  0.016951  -0.023327  1.716015  2.146645  -0.422745  1.000000  
123.519920 0.003613  -0.032403  0.019634  0.575451  0.812748  0.091090  -0.810491  0.551841  0.196406  0.109362  -0.186850  0.976282  -0.015609  0.016846  -0.022931  1.744061  2.157290  -0.429865  1.000000  
123.521163 0.003592  -0.032384  0.019608  0.576122  0.812213  0.091616  -0.809670  0.551758  0.199995  0.111889  -0.189401  0.975504  -0.015691  0.016749  -0.022601  1.767515  2.164893  -0.431688  1.000000  
123.522163 0.003575  -0.032368  0.019589  0.576657  0.811780  0.092088  -0.809010  0.551676  0.202869  0.113883  -0.191486  0.974866  -0.015702  0.016661  -0.022298  1.790579  2.170458  -0.426968  1.000000  
123.523413 0.003556  -0.032346  0.019562  0.577319  0.811250  0.092604  -0.808178  0.551566  0.206453  0.116408  -0.194030  0.974064  -0.015615  0.016634  -0.022266  1.818682  2.172579  -0.434770  1.000000  
123.524663 0.003538  -0.032324  0.019535  0.577986  0.810697  0.093288  -0.807353  0.551437  0.209995  0.118800  -0.196690  0.973242  -0.015509  0.016609  -0.022503  1.841796  2.169982  -0.430809  1.000000  
123.525663 0.003524  -0.032307  0.019510  0.578667  0.810172  0.093627  -0.806549  0.551466  0.212988  0.120925  -0.198764  0.972559  -0.015416  0.016521  -0.022764  1.859274  2.177689  -0.439326  1.000000  
123.526665 0.003510  -0.032290  0.019486  0.579354  0.809622  0.094134  -0.805755  0.551479  0.215940  0.122917  -0.200955  0.971858  -0.015358  0.016406  -0.023011  1.877209  2.184036  -0.440768  1.000000  
123.527920 0.003493  -0.032270  0.019454  0.579999  0.809080  0.094823  -0.804902  0.551261  0.219647  0.125439  -0.203718  0.970960  -0.015305  0.016292  -0.023288  1.906601  2.189738  -0.440661  1.000000  
123.529170 0.003474  -0.032250  0.019423  0.580804  0.808427  0.095461  -0.803924  0.551192  0.223370  0.127961  -0.206477  0.970048  -0.015296  0.016212  -0.023356  1.928216  2.196332  -0.440835  1.000000  
123.530417 0.003454  -0.032230  0.019395  0.581604  0.807777  0.096090  -0.802939  0.551107  0.227090  0.130482  -0.209231  0.969122  -0.015383  0.016142  -0.023134  1.949201  2.199933  -0.448585  1.000000  
123.531668 0.003433  -0.032211  0.019366  0.582409  0.807125  0.096690  -0.801964  0.551055  0.230635  0.132869  -0.211866  0.968224  -0.015467  0.016068  -0.022909  1.970945  2.197914  -0.450652  1.000000  
123.532680 0.003417  -0.032196  0.019345  0.582921  0.806683  0.097293  -0.801281  0.550862  0.233451  0.134726  -0.214043  0.967489  -0.015527  0.016044  -0.022643  1.988758  2.193350  -0.446714  1.000000  
123.533914 0.003396  -0.032177  0.019319  0.583883  0.805898  0.098028  -0.800176  0.550891  0.237144  0.137112  -0.216904  0.966516  -0.015481  0.016134  -0.022504  2.009313  2.187391  -0.463849  1.000000  
123.534914 0.003380  -0.032161  0.019297  0.584542  0.805351  0.098593  -0.799351  0.550788  0.240148  0.139099  -0.219186  0.965717  -0.015505  0.016158  -0.022459  2.031824  2.184189  -0.466611  1.000000  
123.535920 0.003365  -0.032145  0.019274  0.585374  0.804674  0.099179  -0.798417  0.550863  0.243065  0.140954  -0.221470  0.964926  -0.015379  0.016191  -0.022662  2.047798  2.179907  -0.483684  1.000000  
123.537163 0.003347  -0.032124  0.019244  0.586321  0.803872  0.100085  -0.797296  0.550787  0.246885  0.143338  -0.224551  0.963863  -0.015238  0.016282  -0.023020  2.075350  2.176161  -0.492369  1.000000  
123.538163 0.003333  -0.032106  0.019217  0.586981  0.803300  0.100806  -0.796475  0.550641  0.249844  0.145192  -0.226944  0.963024  -0.015111  0.016257  -0.023435  2.098909  2.173525  -0.495382  1.000000  
123.539413 0.003316  -0.032085  0.019184  0.588083  0.802401  0.101547  -0.795224  0.550727  0.253612  0.147574  -0.229898  0.961961  -0.015017  0.016179  -0.023807  2.118654  2.174565  -0.510164  1.000000  
123.540665 0.003299  -0.032066  0.019150  0.589027  0.801611  0.102309  -0.794104  0.550685  0.257187  0.149823  -0.232734  0.960931  -0.015041  0.016075  -0.024064  2.132880  2.166188  -0.519439  1.000000  
123.541916 0.003280  -0.032046  0.019117  0.589965  0.800811  0.103160  -0.792979  0.550596  0.260825  0.152072  -0.235682  0.959858  -0.015170  0.015925  -0.024160  2.153812  2.162281  -0.528447  1.000000  
123.543163 0.003260  -0.032029  0.019086  0.591062  0.799900  0.103948  -0.791727  0.550653  0.264482  0.154320  -0.238623  0.958772  -0.015270  0.015803  -0.024074  2.173743  2.157493  -0.537241  1.000000  
123.544166 0.003244  -0.032013  0.019063  0.591878  0.799204  0.104658  -0.790780  0.550629  0.267348  0.156038  -0.240999  0.957900  -0.015307  0.015766  -0.024019  2.190274  2.148365  -0.548279  1.000000  
123.545418 0.003223  -0.031996  0.019033  0.592978  0.798252  0.105698  -0.789535  0.550615  0.271031  0.158152  -0.244168  0.956750  -0.015414  0.015586  -0.024085  2.215745  2.130837  -0.567451  1.000000  
123.546418 0.003207  -0.031982  0.019010  0.593948  0.797432  0.106435  -0.788459  0.550696  0.273983  0.159869  -0.246651  0.955827  -0.015373  0.015550  -0.024184  2.231367  2.123309  -0.585148  1.000000  
123.547669 0.003187  -0.031964  0.018978  0.595038  0.796508  0.107262  -0.787205  0.550715  0.277528  0.161982  -0.249577  0.954711  -0.015309  0.015506  -0.024485  2.242489  2.111933  -0.602668  1.000000  
123.548916 0.003169  -0.031945  0.018944  0.596123  0.795559  0.108272  -0.785945  0.550649  0.281204  0.164094  -0.252729  0.953520  -0.015128  0.015414  -0.025004  2.261610  2.100701  -0.619973  1.000000  
123.550165 0.003152  -0.031926  0.018908  0.597041  0.794739  0.109235  -0.784804  0.550434  0.284788  0.166206  -0.255758  0.952346  -0.014917  0.015372  -0.025604  2.273634  2.088226  -0.630705  1.000000  
123.551413 0.003135  -0.031907  0.018872  0.598129  0.793786  0.110206  -0.783553  0.550393  0.288291  0.168185  -0.258788  0.951180  -0.014836  0.015232  -0.026001  2.288828  2.081657  -0.647292  1.000000  
123.552413 0.003122  -0.031891  0.018844  0.598932  0.793051  0.111135  -0.782598  0.550233  0.291176  0.169767  -0.261368  0.950192  -0.014760  0.015161  -0.026212  2.305279  2.073238  -0.658283  1.000000  
123.553664 0.003106  -0.031872  0.018810  0.599836  0.792208  0.112264  -0.781444  0.549898  0.294885  0.171876  -0.264611  0.948915  -0.014712  0.015032  -0.026276  2.329220  2.065265  -0.667969  1.000000  
123.554913 0.003087  -0.031855  0.018776  0.600911  0.791259  0.113209  -0.780180  0.549807  0.298380  0.173853  -0.267623  0.947709  -0.014830  0.014870  -0.026253  2.341597  2.055178  -0.676492  1.000000  
123.555918 0.003071  -0.031841  0.018751  0.601877  0.790391  0.114131  -0.779110  0.549797  0.301182  0.175302  -0.270195  0.946712  -0.014962  0.014695  -0.026132  2.351627  2.037228  -0.698516  1.000000  
123.557163 0.003052  -0.031824  0.018719  0.602797  0.789521  0.115293  -0.777981  0.549504  0.304616  0.177146  -0.273317  0.945472  -0.014958  0.014551  -0.026116  2.369168  2.019767  -0.704121  1.000000  
123.558413 0.003032  -0.031808  0.018686  0.603873  0.788538  0.116383  -0.776724  0.549356  0.308071  0.178989  -0.276433  0.944218  -0.014878  0.014461  -0.026391  2.379828  2.009469  -0.721682  1.000000  
123.559665 0.003013  -0.031791  0.018652  0.604944  0.787542  0.117559  -0.775463  0.549153  0.311590  0.180832  -0.279657  0.942917  -0.014779  0.014369  -0.026648  2.390589  1.990947  -0.731241  1.000000  
123.560667 0.002998  -0.031777  0.018624  0.605737  0.786789  0.118515  -0.774504  0.548927  0.314360  0.182279  -0.282210  0.941877  -0.014710  0.014330  -0.026971  2.407855  1.977264  -0.737050  1.000000  
123.561939 0.002981  -0.031760  0.018587  0.606800  0.785809  0.119577  -0.773236  0.548730  0.317808  0.184121  -0.285308  0.940584  -0.014488  0.014252  -0.027358  2.417907  1.965808  -0.749800  1.000000  
123.563166 0.002964  -0.031743  0.018549  0.607715  0.784904  0.120869  -0.772108  0.548345  0.321197  0.185830  -0.288520  0.939267  -0.014386  0.014231  -0.027695  2.436452  1.949582  -0.755993  1.000000  
123.564170 0.002952  -0.031728  0.018519  0.608657  0.784039  0.121738  -0.771015  0.548241  0.323986  0.187276  -0.291058  0.938197  -0.014244  0.014235  -0.027848  2.445052  1.939832  -0.760525  1.000000  
123.565415 0.002935  -0.031710  0.018483  0.609564  0.783134  0.123013  -0.769881  0.547825  0.327369  0.188984  -0.294258  0.936855  -0.014211  0.014197  -0.027849  2.459177  1.920793  -0.759753  1.000000  
123.566668 0.002919  -0.031691  0.018448  0.610626  0.782102  0.124307  -0.768617  0.547513  0.330842  0.190692  -0.297565  0.935463  -0.014257  0.014086  -0.027732  2.466172  1.900658  -0.772898  1.000000  
123.567920 0.002901  -0.031674  0.018414  0.611525  0.781213  0.125471  -0.767476  0.547103  0.334153  0.192399  -0.300639  0.934130  -0.014295  0.013976  -0.027706  2.471647  1.885596  -0.771022  1.000000  
123.569163 0.002884  -0.031657  0.018380  0.612594  0.780187  0.126634  -0.766226  0.546870  0.337390  0.193975  -0.303713  0.932809  -0.014273  0.013890  -0.027697  2.477885  1.862456  -0.771921  1.000000  
123.570413 0.002866  -0.031641  0.018344  0.613644  0.779156  0.127899  -0.764951  0.546505  0.340854  0.195681  -0.307000  0.931375  -0.014261  0.013745  -0.027951  2.494725  1.849586  -0.776826  1.000000  
123.571413 0.002851  -0.031629  0.018315  0.614597  0.778242  0.128877  -0.763882  0.546383  0.343438  0.196862  -0.309522  0.930291  -0.014138  0.013685  -0.028289  2.498501  1.833690  -0.790875  1.000000  
123.572664 0.002833  -0.031612  0.018276  0.615515  0.777255  0.130445  -0.762769  0.545850  0.346743  0.198304  -0.312925  0.928845  -0.014016  0.013669  -0.028635  2.520000  1.807852  -0.782033  1.000000  
123.573913 0.002817  -0.031596  0.018236  0.616569  0.776213  0.131667  -0.761506  0.545511  0.350038  0.199878  -0.316088  0.927436  -0.013834  0.013643  -0.029078  2.524965  1.795495  -0.787153  1.000000  
123.574923 0.002804  -0.031583  0.018204  0.617357  0.775395  0.132789  -0.760557  0.545149  0.352655  0.201058  -0.318708  0.926284  -0.013674  0.013626  -0.029371  2.534297  1.775999  -0.776826  1.000000  
123.576163 0.002789  -0.031566  0.018165  0.618421  0.774342  0.133978  -0.759308  0.544857  0.355783  0.202499  -0.321754  0.924915  -0.013526  0.013625  -0.029604  2.534268  1.759708  -0.780569  1.000000  
123.577417 0.002773  -0.031549  0.018126  0.619482  0.773256  0.135345  -0.758057  0.544462  0.359041  0.203940  -0.325018  0.923456  -0.013386  0.013637  -0.029750  2.543669  1.740618  -0.780456  1.000000  
123.578668 0.002758  -0.031530  0.018088  0.620383  0.772297  0.136683  -0.756931  0.543935  0.362202  0.205381  -0.328164  0.922023  -0.013290  0.013674  -0.029698  2.549770  1.717435  -0.771013  1.000000  
123.579917 0.002743  -0.031513  0.018051  0.621436  0.771243  0.137845  -0.755674  0.543596  0.365323  0.206821  -0.331191  0.920618  -0.013214  0.013592  -0.029790  2.550326  1.700450  -0.778092  1.000000  
