1-Time 2-Px 3-Py 4-Pz 5-R11 6-R21 7-R31 8-R12 9-R22 10-R32 11-R13 12-R23 13-R33 14-Vx 15-Vy 16-Vz 17-Wx 18-Wy 19-Wz 20-state
190.062422 0.017365  -0.019572  -0.019712  0.586855  0.802366  0.108673  -0.809137  0.576180  0.115385  0.029966  -0.155646  0.987358  0.001797  0.000105  -0.000838  0.000000  0.000000  0.000000  1.000000  
190.063520 0.017365  -0.019572  -0.019713  0.586855  0.802366  0.108673  -0.809137  0.576180  0.115385  0.029966  -0.155646  0.987358  0.000271  -0.000256  -0.001481  0.000000  0.000000  0.000000  1.000000  
190.064526 0.017365  -0.019570  -0.019705  0.586855  0.802366  0.108673  -0.809137  0.576180  0.115385  0.029966  -0.155646  0.987358  -0.000160  0.001346  0.004392  0.000000  0.000000  0.000000  1.000000  
190.065557 0.017361  -0.019566  -0.019686  0.586855  0.802366  0.108673  -0.809137  0.576180  0.115385  0.029966  -0.155646  0.987358  -0.001632  0.002298  0.009728  0.000000  0.000000  0.000000  1.000000  
190.066785 0.017355  -0.019560  -0.019661  0.586858  0.802354  0.108750  -0.809140  0.576197  0.115279  0.029833  -0.155646  0.987362  -0.002595  0.003265  0.013184  0.000000  0.000000  0.000000  1.000000  
190.067790 0.017351  -0.019555  -0.019647  0.586858  0.802367  0.108653  -0.809140  0.576211  0.115209  0.029833  -0.155527  0.987381  -0.002805  0.003531  0.013302  0.000000  0.000000  0.000000  1.000000  
190.069036 0.017346  -0.019548  -0.019637  0.586858  0.802367  0.108653  -0.809140  0.576211  0.115209  0.029833  -0.155527  0.987381  -0.003151  0.003916  0.012318  0.000000  0.000000  0.000000  1.000000  
190.070042 0.017339  -0.019541  -0.019630  0.586858  0.802367  0.108653  -0.809140  0.576211  0.115209  0.029833  -0.155527  0.987381  -0.003695  0.004392  0.011528  0.000000  0.000000  0.000000  1.000000  
190.071270 0.017328  -0.019532  -0.019622  0.586691  0.802486  0.108677  -0.809261  0.576045  0.115186  0.029833  -0.155527  0.987381  -0.004452  0.004865  0.010783  0.000000  0.000000  0.000000  1.000000  
190.072285 0.017320  -0.019524  -0.019614  0.586691  0.802486  0.108677  -0.809261  0.576045  0.115186  0.029833  -0.155527  0.987381  -0.004809  0.005212  0.010439  0.000000  0.000000  0.000000  1.000000  
190.073523 0.017309  -0.019514  -0.019603  0.586691  0.802472  0.108774  -0.809261  0.576031  0.115256  0.029833  -0.155646  0.987362  -0.005272  0.005476  0.010296  0.000000  0.000000  0.000000  1.000000  
190.074526 0.017302  -0.019507  -0.019590  0.586691  0.802459  0.108871  -0.809261  0.576017  0.115326  0.029833  -0.155766  0.987343  -0.005464  0.005668  0.010515  0.000000  0.000000  0.000000  1.000000  
190.075527 0.017294  -0.019499  -0.019576  0.586693  0.802447  0.108949  -0.809264  0.576034  0.115219  0.029699  -0.155767  0.987347  -0.005639  0.005841  0.010771  0.000000  0.000000  0.000000  1.000000  
190.076775 0.017283  -0.019488  -0.019558  0.586527  0.802552  0.109070  -0.809385  0.575855  0.115267  0.029699  -0.155886  0.987328  -0.005887  0.006089  0.011126  0.000000  0.000000  0.000000  1.000000  
190.077776 0.017273  -0.019480  -0.019540  0.586527  0.802539  0.109167  -0.809385  0.575841  0.115336  0.029699  -0.156006  0.987309  -0.006165  0.006234  0.011546  0.000000  0.000000  0.000000  1.000000  
190.079027 0.017260  -0.019469  -0.019513  0.586529  0.802514  0.109342  -0.809388  0.575844  0.115299  0.029565  -0.156127  0.987294  -0.007044  0.006863  0.013202  0.000000  0.000000  0.000000  1.000000  
190.080031 0.017251  -0.019459  -0.019489  0.586529  0.802500  0.109439  -0.809388  0.575830  0.115369  0.029565  -0.156246  0.987276  -0.007508  0.007341  0.013672  0.000000  0.000000  0.000000  1.000000  
190.081275 0.017241  -0.019443  -0.019464  0.586531  0.802488  0.109517  -0.809392  0.575847  0.115262  0.029431  -0.156247  0.987279  -0.007733  0.007922  0.013770  0.000000  0.000000  0.000000  1.000000  
190.082527 0.017232  -0.019426  -0.019447  0.586534  0.802476  0.109594  -0.809395  0.575864  0.115155  0.029298  -0.156248  0.987283  -0.008045  0.008664  0.013528  0.000000  0.000000  0.000000  1.000000  
190.083532 0.017222  -0.019413  -0.019437  0.586700  0.802344  0.109668  -0.809274  0.576015  0.115248  0.029298  -0.156367  0.987264  -0.008454  0.009312  0.013575  0.000000  0.000000  0.000000  1.000000  
190.084783 0.017209  -0.019395  -0.019423  0.586703  0.802332  0.109746  -0.809277  0.576032  0.115141  0.029164  -0.156368  0.987268  -0.008808  0.009874  0.013898  0.000000  0.000000  0.000000  1.000000  
190.086027 0.017196  -0.019379  -0.019400  0.586869  0.802213  0.109722  -0.809156  0.576197  0.115163  0.029164  -0.156368  0.987268  -0.008948  0.010273  0.014909  0.000000  0.000000  0.000000  1.000000  
190.087030 0.017188  -0.019365  -0.019374  0.586871  0.802201  0.109799  -0.809160  0.576214  0.115056  0.029030  -0.156369  0.987272  -0.008933  0.010704  0.016226  0.000000  0.000000  0.000000  1.000000  
190.088033 0.017180  -0.019351  -0.019344  0.587038  0.802082  0.109776  -0.809039  0.576379  0.115079  0.029030  -0.156369  0.987272  -0.008878  0.011090  0.017584  0.000000  0.000000  0.000000  1.000000  
190.089272 0.017169  -0.019334  -0.019302  0.587038  0.802082  0.109776  -0.809039  0.576379  0.115079  0.029030  -0.156369  0.987272  -0.008949  0.011666  0.019447  0.000000  0.000000  0.000000  1.000000  
190.090277 0.017160  -0.019319  -0.019271  0.587205  0.801963  0.109752  -0.808918  0.576544  0.115101  0.029030  -0.156369  0.987272  -0.009036  0.012141  0.020560  0.000000  0.000000  0.000000  1.000000  
190.091527 0.017147  -0.019300  -0.019240  0.587371  0.801845  0.109728  -0.808797  0.576710  0.115124  0.029030  -0.156369  0.987272  -0.009243  0.012735  0.021535  0.000000  0.000000  0.000000  1.000000  
190.092774 0.017135  -0.019282  -0.019215  0.587538  0.801739  0.109607  -0.808676  0.576889  0.115077  0.029030  -0.156249  0.987291  -0.009224  0.013197  0.021732  0.000000  0.000000  0.000000  1.000000  
190.093776 0.017126  -0.019266  -0.019196  0.587704  0.801620  0.109584  -0.808555  0.577054  0.115099  0.029030  -0.156249  0.987291  -0.009109  0.013765  0.021479  0.000000  0.000000  0.000000  1.000000  
190.095024 0.017113  -0.019246  -0.019174  0.587873  0.801503  0.109541  -0.808437  0.577250  0.114945  0.028896  -0.156130  0.987314  -0.009163  0.014165  0.020988  0.000000  0.000000  0.000000  1.000000  
190.096031 0.017104  -0.019230  -0.019158  0.588039  0.801397  0.109420  -0.808316  0.577428  0.114897  0.028896  -0.156010  0.987333  -0.009318  0.014483  0.020711  0.000000  0.000000  0.000000  1.000000  
190.097274 0.017090  -0.019210  -0.019139  0.588374  0.801147  0.109450  -0.808077  0.577775  0.114836  0.028763  -0.156010  0.987337  -0.009524  0.014688  0.020728  0.000000  0.000000  0.000000  1.000000  
190.098524 0.017075  -0.019192  -0.019119  0.588541  0.801041  0.109329  -0.807956  0.577954  0.114788  0.028763  -0.155891  0.987355  -0.009812  0.014714  0.021274  0.000000  0.000000  0.000000  1.000000  
190.099534 0.017063  -0.019179  -0.019099  0.588875  0.800804  0.109263  -0.807717  0.578315  0.114656  0.028629  -0.155772  0.987378  -0.009906  0.014669  0.021983  0.000000  0.000000  0.000000  1.000000  
190.100780 0.017046  -0.019162  -0.019067  0.589042  0.800698  0.109142  -0.807595  0.578493  0.114609  0.028629  -0.155652  0.987397  -0.010140  0.014700  0.022548  0.000000  0.000000  0.000000  1.000000  
190.102031 0.017032  -0.019143  -0.019033  0.589374  0.800473  0.108998  -0.807353  0.578837  0.114583  0.028629  -0.155532  0.987416  -0.010419  0.014787  0.022644  0.000000  0.000000  0.000000  1.000000  
190.103031 0.017020  -0.019128  -0.019004  0.589540  0.800367  0.108877  -0.807231  0.579016  0.114536  0.028629  -0.155412  0.987435  -0.010686  0.014870  0.022605  0.000000  0.000000  0.000000  1.000000  
190.104032 0.017009  -0.019113  -0.018981  0.589875  0.800143  0.108714  -0.806992  0.579390  0.114333  0.028495  -0.155173  0.987476  -0.010852  0.014922  0.021758  0.000000  0.000000  0.000000  1.000000  
190.105274 0.016995  -0.019095  -0.018957  0.590207  0.799931  0.108473  -0.806749  0.579747  0.114237  0.028495  -0.154934  0.987514  -0.011017  0.014918  0.020978  0.000000  0.000000  0.000000  1.000000  
190.106279 0.016984  -0.019079  -0.018942  0.590539  0.799718  0.108231  -0.806506  0.580104  0.114141  0.028495  -0.154694  0.987551  -0.011037  0.015017  0.020196  0.000000  0.000000  0.000000  1.000000  
190.107525 0.016970  -0.019057  -0.018922  0.590871  0.799519  0.107894  -0.806262  0.580475  0.113974  0.028495  -0.154335  0.987608  -0.011180  0.015245  0.019831  -0.061799  -0.011968  -0.182422  1.000000  
190.108526 0.016960  -0.019039  -0.018903  0.591037  0.799425  0.107676  -0.806141  0.580667  0.113856  0.028495  -0.154095  0.987645  -0.011215  0.015419  0.019897  -0.074733  -0.006562  -0.190075  1.000000  
190.109775 0.016948  -0.019017  -0.018873  0.591371  0.799213  0.107417  -0.805900  0.581054  0.113582  0.028362  -0.153736  0.987705  -0.011203  0.015533  0.020422  -0.091450  -0.008885  -0.204485  1.000000  
190.111025 0.016936  -0.018998  -0.018838  0.591703  0.799013  0.107079  -0.805657  0.581424  0.113415  0.028362  -0.153377  0.987761  -0.011212  0.015458  0.021315  -0.104051  -0.002335  -0.217416  1.000000  
190.112031 0.016924  -0.018983  -0.018810  0.591871  0.798907  0.106940  -0.805538  0.581633  0.113189  0.028228  -0.153138  0.987802  -0.011249  0.015335  0.022305  -0.112353  -0.001290  -0.224205  1.000000  
190.113274 0.016911  -0.018965  -0.018778  0.592205  0.798694  0.106681  -0.805297  0.582019  0.112915  0.028094  -0.152779  0.987861  -0.011147  0.015418  0.023096  -0.128015  -0.003592  -0.236669  1.000000  
190.114525 0.016897  -0.018947  -0.018749  0.592537  0.798506  0.106247  -0.805053  0.582403  0.112676  0.028094  -0.152300  0.987935  -0.011044  0.015508  0.023374  -0.144371  0.001817  -0.242757  1.000000  
190.115775 0.016885  -0.018927  -0.018724  0.592705  0.798413  0.106012  -0.804934  0.582624  0.112380  0.027960  -0.151941  0.987994  -0.010744  0.015673  0.022921  -0.156476  -0.002634  -0.243430  1.000000  
190.116794 0.016878  -0.018913  -0.018704  0.592870  0.798318  0.105795  -0.804812  0.582816  0.112260  0.027960  -0.151701  0.988031  -0.010426  0.015628  0.022271  -0.166025  0.002822  -0.251463  1.000000  
190.118030 0.016870  -0.018892  -0.018683  0.593204  0.798105  0.105537  -0.804571  0.583202  0.111985  0.027827  -0.151342  0.988090  -0.010018  0.015743  0.021429  -0.177052  -0.000596  -0.256987  1.000000  
190.119030 0.016863  -0.018877  -0.018667  0.593537  0.797891  0.105279  -0.804330  0.583587  0.111710  0.027693  -0.150983  0.988148  -0.009734  0.015790  0.020923  -0.191074  -0.002964  -0.273404  1.000000  
190.120035 0.016856  -0.018860  -0.018651  0.593705  0.797797  0.105044  -0.804211  0.583808  0.111413  0.027559  -0.150624  0.988207  -0.009423  0.015902  0.020727  -0.203285  -0.007457  -0.274095  1.000000  
190.121274 0.016848  -0.018840  -0.018626  0.593873  0.797716  0.104713  -0.804091  0.584043  0.111045  0.027425  -0.150145  0.988284  -0.009117  0.015877  0.021090  -0.217803  -0.011870  -0.272571  1.000000  
190.122275 0.016841  -0.018824  -0.018602  0.594206  0.797501  0.104456  -0.803850  0.584428  0.110769  0.027292  -0.149786  0.988342  -0.008760  0.015800  0.021716  -0.226077  -0.015294  -0.280045  1.000000  
190.123525 0.016833  -0.018803  -0.018566  0.594376  0.797408  0.104203  -0.803733  0.584678  0.110294  0.027024  -0.149308  0.988421  -0.008464  0.015693  0.022469  -0.244242  -0.024380  -0.283762  1.000000  
190.124774 0.016827  -0.018782  -0.018526  0.594709  0.797218  0.103753  -0.803491  0.585089  0.109876  0.026890  -0.148709  0.988515  -0.008037  0.015698  0.023159  -0.260701  -0.023428  -0.290584  1.000000  
190.125776 0.016822  -0.018764  -0.018495  0.595042  0.797016  0.103400  -0.803249  0.585486  0.109528  0.026757  -0.148229  0.988591  -0.007698  0.015878  0.023279  -0.274886  -0.026667  -0.295629  1.000000  
190.127024 0.016814  -0.018741  -0.018462  0.595375  0.796825  0.102950  -0.803007  0.585897  0.109109  0.026623  -0.147630  0.988684  -0.007371  0.016143  0.023222  -0.291202  -0.025732  -0.302392  1.000000  
190.128029 0.016808  -0.018723  -0.018438  0.595709  0.796623  0.102580  -0.802768  0.586322  0.108583  0.026355  -0.147032  0.988781  -0.006987  0.016362  0.023007  -0.309858  -0.034943  -0.306228  1.000000  
190.129275 0.016800  -0.018700  -0.018413  0.596042  0.796432  0.102131  -0.802525  0.586732  0.108164  0.026222  -0.146433  0.988873  -0.006581  0.016696  0.022736  -0.323809  -0.038156  -0.311305  1.000000  
190.130275 0.016796  -0.018681  -0.018392  0.596376  0.796216  0.101858  -0.802285  0.587143  0.107708  0.025954  -0.145954  0.988951  -0.006213  0.016990  0.022839  -0.335918  -0.042666  -0.312001  1.000000  
190.131525 0.016790  -0.018657  -0.018361  0.596711  0.796013  0.101489  -0.802045  0.587568  0.107182  0.025687  -0.145355  0.989046  -0.005990  0.017319  0.023210  -0.352134  -0.050553  -0.320013  1.000000  
190.132540 0.016786  -0.018638  -0.018333  0.597045  0.795797  0.101217  -0.801805  0.587978  0.106726  0.025419  -0.144876  0.989123  -0.005749  0.017564  0.023976  -0.367055  -0.059933  -0.323837  1.000000  
190.133789 0.016779  -0.018615  -0.018298  0.597544  0.795471  0.100826  -0.801441  0.588565  0.106219  0.025151  -0.144277  0.989218  -0.005684  0.017751  0.025030  -0.379472  -0.063490  -0.331382  1.000000  
190.135031 0.016772  -0.018591  -0.018261  0.598043  0.795158  0.100340  -0.801078  0.589165  0.105641  0.024884  -0.143558  0.989329  -0.005597  0.017918  0.025996  -0.395920  -0.071511  -0.339535  1.000000  
190.136034 0.016765  -0.018574  -0.018232  0.598377  0.794941  0.100070  -0.800837  0.589574  0.105184  0.024616  -0.143079  0.989405  -0.005569  0.018074  0.026688  -0.404059  -0.080532  -0.340875  1.000000  
190.137277 0.016757  -0.018551  -0.018198  0.599042  0.794481  0.099739  -0.800351  0.590338  0.104590  0.024215  -0.142480  0.989501  -0.005604  0.018179  0.026901  -0.412547  -0.091992  -0.356551  1.000000  
190.138528 0.016750  -0.018527  -0.018165  0.599542  0.794155  0.099335  -0.799989  0.590950  0.103904  0.023814  -0.141762  0.989614  -0.005609  0.018394  0.026637  -0.428911  -0.104471  -0.365298  1.000000  
190.139777 0.016742  -0.018502  -0.018133  0.600042  0.793828  0.098931  -0.799626  0.591561  0.103217  0.023413  -0.141043  0.989727  -0.005702  0.018645  0.026069  -0.441435  -0.111532  -0.380277  1.000000  
190.141025 0.016733  -0.018478  -0.018104  0.600706  0.793378  0.098508  -0.799139  0.592335  0.102550  0.023011  -0.140324  0.989838  -0.005839  0.018736  0.025529  -0.450232  -0.122044  -0.392642  1.000000  
190.142274 0.016723  -0.018454  -0.018078  0.601204  0.793050  0.098106  -0.798775  0.592944  0.101862  0.022610  -0.139605  0.989949  -0.005967  0.018878  0.025247  -0.466318  -0.131169  -0.404033  1.000000  
190.143274 0.016715  -0.018433  -0.018055  0.601703  0.792721  0.097705  -0.798411  0.593552  0.101173  0.022209  -0.138885  0.990059  -0.006047  0.019099  0.025314  -0.478853  -0.137095  -0.415485  1.000000  
190.144276 0.016708  -0.018412  -0.018027  0.602201  0.792380  0.097402  -0.798046  0.594147  0.100556  0.021807  -0.138286  0.990152  -0.006152  0.019196  0.025839  -0.487023  -0.150811  -0.427687  1.000000  
190.145523 0.016698  -0.018385  -0.017987  0.602864  0.791940  0.096886  -0.797557  0.594929  0.099814  0.021406  -0.137446  0.990278  -0.006479  0.019393  0.026684  -0.503616  -0.155642  -0.445731  1.000000  
190.146524 0.016690  -0.018364  -0.017950  0.603361  0.791598  0.096584  -0.797191  0.595522  0.099196  0.021005  -0.136847  0.990369  -0.006645  0.019540  0.027385  -0.512193  -0.167195  -0.461381  1.000000  
190.147525 0.016682  -0.018343  -0.017912  0.603859  0.791267  0.096187  -0.796825  0.596126  0.098505  0.020604  -0.136127  0.990477  -0.006955  0.019665  0.028089  -0.528350  -0.174196  -0.475956  1.000000  
190.148774 0.016671  -0.018315  -0.017870  0.604519  0.790836  0.095579  -0.796334  0.596916  0.097688  0.020202  -0.135167  0.990617  -0.007210  0.019993  0.028537  -0.548854  -0.181403  -0.490771  1.000000  
190.149788 0.016663  -0.018292  -0.017839  0.605016  0.790492  0.095280  -0.795967  0.597507  0.097068  0.019801  -0.134567  0.990707  -0.007419  0.020274  0.028626  -0.557403  -0.191053  -0.502767  1.000000  
190.151032 0.016651  -0.018264  -0.017805  0.605676  0.790059  0.094674  -0.795475  0.598294  0.096249  0.019400  -0.133607  0.990844  -0.007648  0.020651  0.028466  -0.573987  -0.197347  -0.524376  1.000000  
190.152034 0.016641  -0.018242  -0.017778  0.606336  0.789614  0.094166  -0.794982  0.599068  0.095503  0.018998  -0.132767  0.990965  -0.007829  0.020989  0.028434  -0.590451  -0.204602  -0.539199  1.000000  
190.153281 0.016629  -0.018214  -0.017745  0.606996  0.789157  0.093739  -0.794490  0.599856  0.094649  0.018463  -0.131927  0.991088  -0.008165  0.021213  0.028406  -0.603020  -0.210971  -0.560942  1.000000  
190.154523 0.016616  -0.018187  -0.017710  0.607656  0.788722  0.093123  -0.793998  0.600664  0.093650  0.017928  -0.130846  0.991241  -0.008515  0.021365  0.028611  -0.618484  -0.221029  -0.571696  1.000000  
190.155524 0.016605  -0.018164  -0.017680  0.608151  0.788387  0.092733  -0.793628  0.601260  0.092954  0.017527  -0.130125  0.991343  -0.008775  0.021631  0.029029  -0.626568  -0.229249  -0.579592  1.000000  
190.156527 0.016593  -0.018142  -0.017650  0.608808  0.787938  0.092230  -0.793133  0.602029  0.092203  0.017125  -0.129284  0.991460  -0.009075  0.021808  0.029716  -0.640083  -0.238568  -0.599192  1.000000  
190.157773 0.016579  -0.018114  -0.017609  0.609630  0.787376  0.091599  -0.792513  0.602995  0.091219  0.016590  -0.128203  0.991609  -0.009383  0.021977  0.030497  -0.651408  -0.246588  -0.623106  1.000000  
190.158774 0.016567  -0.018091  -0.017576  0.610288  0.786915  0.091179  -0.792017  0.603774  0.090362  0.016055  -0.127362  0.991726  -0.009586  0.022116  0.030996  -0.663585  -0.253954  -0.637754  1.000000  
190.160030 0.016553  -0.018063  -0.017534  0.610945  0.786475  0.090571  -0.791521  0.604574  0.089357  0.015520  -0.126281  0.991873  -0.009967  0.022241  0.031239  -0.681145  -0.264584  -0.650823  1.000000  
190.161274 0.016539  -0.018033  -0.017492  0.611765  0.785911  0.089932  -0.790900  0.605557  0.088190  0.014851  -0.125079  0.992036  -0.010274  0.022438  0.031035  -0.700006  -0.273454  -0.667527  1.000000  
190.162274 0.016527  -0.018008  -0.017460  0.612257  0.785593  0.089359  -0.790527  0.606168  0.087343  0.014450  -0.124117  0.992162  -0.010515  0.022702  0.030645  -0.718431  -0.279958  -0.680749  1.000000  
190.163522 0.016513  -0.017977  -0.017423  0.613075  0.785036  0.088642  -0.789902  0.607133  0.086279  0.013915  -0.122914  0.992320  -0.010686  0.022958  0.030343  -0.736524  -0.289531  -0.690008  1.000000  
190.164523 0.016501  -0.017952  -0.017394  0.613730  0.784581  0.088136  -0.789402  0.607915  0.085343  0.013379  -0.121952  0.992446  -0.010881  0.023109  0.030113  -0.752685  -0.297043  -0.704577  1.000000  
190.165779 0.016486  -0.017920  -0.017358  0.614548  0.784022  0.087410  -0.788777  0.608899  0.084098  0.012711  -0.120629  0.992616  -0.011152  0.023317  0.030310  -0.775188  -0.307392  -0.725051  1.000000  
190.166780 0.016474  -0.017895  -0.017327  0.615362  0.783450  0.086808  -0.788148  0.609825  0.083282  0.012309  -0.119666  0.992738  -0.011351  0.023523  0.030615  -0.791298  -0.306033  -0.738385  1.000000  
190.168038 0.016458  -0.017863  -0.017281  0.616178  0.782888  0.086087  -0.787521  0.610804  0.082033  0.011640  -0.118342  0.992905  -0.011596  0.023826  0.031451  -0.811346  -0.318268  -0.753314  1.000000  
190.169277 0.016441  -0.017832  -0.017232  0.617154  0.782208  0.085270  -0.786764  0.611929  0.080905  0.011105  -0.117018  0.993068  -0.011838  0.024066  0.032401  -0.835959  -0.321767  -0.767542  1.000000  
190.170279 0.016427  -0.017806  -0.017192  0.617806  0.781758  0.084679  -0.786260  0.612710  0.079888  0.010570  -0.115935  0.993201  -0.012080  0.024240  0.033079  -0.852086  -0.325073  -0.781506  1.000000  
190.171536 0.016410  -0.017775  -0.017146  0.618618  0.781191  0.083978  -0.785628  0.613659  0.078813  0.010035  -0.114731  0.993346  -0.012226  0.024446  0.033620  -0.863887  -0.329381  -0.788431  1.000000  
190.172776 0.016393  -0.017743  -0.017103  0.619592  0.780507  0.083156  -0.784868  0.614797  0.077501  0.009366  -0.113285  0.993518  -0.012377  0.024748  0.033766  -0.888583  -0.336659  -0.810084  1.000000  
190.174025 0.016376  -0.017710  -0.017064  0.620565  0.779810  0.082432  -0.784107  0.615923  0.076260  0.008697  -0.111960  0.993675  -0.012521  0.025043  0.033667  -0.901527  -0.341038  -0.824742  1.000000  
190.175272 0.016359  -0.017678  -0.017026  0.621376  0.779240  0.081715  -0.783473  0.616905  0.074822  0.007894  -0.110515  0.993843  -0.012713  0.025250  0.033288  -0.925287  -0.354312  -0.832727  1.000000  
190.176274 0.016346  -0.017652  -0.016996  0.622184  0.778666  0.081025  -0.782836  0.617843  0.073741  0.007359  -0.109309  0.993981  -0.012882  0.025433  0.033157  -0.944913  -0.357281  -0.846179  1.000000  
190.177525 0.016329  -0.017620  -0.016956  0.623154  0.777984  0.080121  -0.782071  0.618976  0.072345  0.006690  -0.107742  0.994156  -0.013054  0.025481  0.033167  -0.964990  -0.365573  -0.860502  1.000000  
190.178774 0.016312  -0.017588  -0.016915  0.624122  0.777291  0.079316  -0.781304  0.620097  0.071021  0.006021  -0.106296  0.994316  -0.013193  0.025487  0.033460  -0.985106  -0.373816  -0.874899  1.000000  
190.180027 0.016294  -0.017558  -0.016872  0.625250  0.776476  0.078405  -0.780406  0.621383  0.069637  0.005352  -0.104728  0.994487  -0.013461  0.025413  0.034004  -1.005670  -0.377487  -0.896012  1.000000  
190.181274 0.016276  -0.017527  -0.016826  0.626215  0.775778  0.077606  -0.779636  0.622496  0.068309  0.004683  -0.103281  0.994641  -0.013646  0.025416  0.034532  -1.021177  -0.381256  -0.909432  1.000000  
190.182275 0.016261  -0.017502  -0.016788  0.627180  0.775068  0.076905  -0.778864  0.623598  0.067054  0.004014  -0.101954  0.994781  -0.013755  0.025382  0.034724  -1.041144  -0.388627  -0.930518  1.000000  
190.183281 0.016247  -0.017476  -0.016749  0.627982  0.774494  0.076137  -0.778220  0.624526  0.065886  0.003479  -0.100627  0.994918  -0.013866  0.025347  0.034778  -1.061352  -0.392031  -0.944434  1.000000  
190.184281 0.016233  -0.017451  -0.016711  0.628784  0.773901  0.075549  -0.777575  0.625454  0.064688  0.002810  -0.099420  0.995042  -0.013885  0.025371  0.034597  -1.073104  -0.401115  -0.951883  1.000000  
190.185530 0.016215  -0.017418  -0.016667  0.629906  0.773076  0.074646  -0.776669  0.626739  0.063112  0.002007  -0.097730  0.995211  -0.013938  0.025430  0.034356  -1.097188  -0.408967  -0.973027  1.000000  
190.186781 0.016197  -0.017385  -0.016625  0.631025  0.772248  0.073758  -0.775761  0.628001  0.061713  0.001338  -0.096161  0.995365  -0.013939  0.025504  0.034145  -1.113080  -0.413181  -0.986759  1.000000  
190.188024 0.016180  -0.017352  -0.016585  0.631983  0.771548  0.072876  -0.774982  0.629118  0.060117  0.000535  -0.094471  0.995528  -0.013951  0.025659  0.034036  -1.133131  -0.422815  -0.994274  1.000000  
190.189027 0.016165  -0.017326  -0.016551  0.632781  0.770966  0.072114  -0.774331  0.630047  0.058759  -0.000134  -0.093021  0.995664  -0.014058  0.025628  0.034194  -1.152967  -0.432102  -1.001576  1.000000  
190.190273 0.016147  -0.017294  -0.016506  0.633895  0.770124  0.071312  -0.773418  0.631322  0.057070  -0.001070  -0.091330  0.995820  -0.014120  0.025618  0.034809  -1.172877  -0.440239  -1.022719  1.000000  
190.191273 0.016133  -0.017269  -0.016467  0.634691  0.769546  0.070472  -0.772765  0.632234  0.055811  -0.001606  -0.089881  0.995951  -0.014173  0.025544  0.035248  -1.186975  -0.440626  -1.027830  1.000000  
190.192275 0.016119  -0.017244  -0.016427  0.635644  0.768829  0.069707  -0.771979  0.633311  0.054462  -0.002275  -0.088431  0.996080  -0.014193  0.025537  0.035834  -1.204342  -0.448619  -1.049899  1.000000  
190.193524 0.016101  -0.017213  -0.016378  0.636755  0.767995  0.068749  -0.771061  0.634554  0.052971  -0.002944  -0.086739  0.996227  -0.014288  0.025442  0.036397  -1.220298  -0.453236  -1.063640  1.000000  
190.194775 0.016083  -0.017183  -0.016332  0.637864  0.767152  0.067880  -0.770140  0.635802  0.051374  -0.003746  -0.085047  0.996370  -0.014341  0.025406  0.036632  -1.231908  -0.457914  -1.077241  1.000000  
190.195775 0.016067  -0.017160  -0.016296  0.638654  0.766559  0.067137  -0.769481  0.636709  0.050005  -0.004415  -0.083596  0.996490  -0.014462  0.025262  0.036503  -1.245604  -0.462807  -1.082507  1.000000  
190.197024 0.016048  -0.017131  -0.016253  0.639918  0.765580  0.066267  -0.768425  0.638105  0.048417  -0.005218  -0.081904  0.996627  -0.014491  0.025120  0.036310  -1.261794  -0.472122  -1.096967  1.000000  
190.198025 0.016033  -0.017107  -0.016219  0.640706  0.764984  0.065531  -0.767763  0.639004  0.047043  -0.005887  -0.080453  0.996741  -0.014550  0.024989  0.035934  -1.273031  -0.477169  -1.103395  1.000000  
190.199287 0.016014  -0.017077  -0.016179  0.641810  0.764139  0.064593  -0.766836  0.640225  0.045539  -0.006556  -0.078760  0.996872  -0.014556  0.024897  0.035497  -1.286087  -0.482620  -1.111006  1.000000  
190.200525 0.015996  -0.017047  -0.016135  0.643068  0.763160  0.063644  -0.765774  0.641612  0.043865  -0.007359  -0.076945  0.997008  -0.014623  0.024740  0.035431  -1.302123  -0.491480  -1.132132  1.000000  
190.201528 0.015980  -0.017023  -0.016101  0.643853  0.762551  0.063011  -0.765107  0.642494  0.042563  -0.008028  -0.075615  0.997105  -0.014743  0.024593  0.035528  -1.311299  -0.496256  -1.137036  1.000000  
190.202530 0.015965  -0.016998  -0.016065  0.644794  0.761823  0.062187  -0.764307  0.643540  0.041116  -0.008697  -0.074042  0.997217  -0.014765  0.024429  0.035757  -1.325115  -0.501956  -1.145357  1.000000  
190.203776 0.015945  -0.016969  -0.016016  0.646047  0.760836  0.061253  -0.763239  0.644912  0.039434  -0.009500  -0.072227  0.997343  -0.014924  0.024234  0.036252  -1.340714  -0.507004  -1.158854  1.000000  
190.205026 0.015925  -0.016939  -0.015964  0.647142  0.760000  0.060061  -0.762302  0.646124  0.037682  -0.010169  -0.070170  0.997483  -0.015049  0.024098  0.036695  -1.360176  -0.503280  -1.171264  1.000000  
190.206291 0.015906  -0.016908  -0.015913  0.648234  0.759141  0.059144  -0.761362  0.647328  0.035981  -0.010971  -0.068354  0.997601  -0.015186  0.023956  0.036879  -1.366795  -0.508875  -1.177101  1.000000  
190.207525 0.015886  -0.016878  -0.015864  0.649326  0.758291  0.058054  -0.760421  0.648524  0.034300  -0.011640  -0.066417  0.997724  -0.015319  0.023971  0.036860  -1.383066  -0.510548  -1.183766  1.000000  
190.208774 0.015866  -0.016848  -0.015817  0.650571  0.757300  0.057049  -0.759343  0.649877  0.032526  -0.012443  -0.064480  0.997841  -0.015421  0.023945  0.036738  -1.395111  -0.515323  -1.194496  1.000000  
190.209775 0.015849  -0.016824  -0.015782  0.651504  0.756557  0.056256  -0.758534  0.650884  0.031244  -0.012978  -0.063027  0.997927  -0.015517  0.023981  0.036655  -1.402175  -0.517611  -1.196540  1.000000  
190.211025 0.015828  -0.016794  -0.015738  0.652747  0.755558  0.055265  -0.757453  0.652216  0.029644  -0.013647  -0.061211  0.998032  -0.015684  0.024021  0.036648  -1.413453  -0.518386  -1.209383  1.000000  
190.212026 0.015811  -0.016770  -0.015701  0.653677  0.754804  0.054571  -0.756641  0.653212  0.028437  -0.014182  -0.059879  0.998105  -0.015788  0.024057  0.036838  -1.412711  -0.515502  -1.208286  1.000000  
190.213275 0.015789  -0.016741  -0.015653  0.654760  0.753934  0.053595  -0.755691  0.654379  0.026820  -0.014851  -0.058062  0.998202  -0.015974  0.024042  0.037277  -1.416702  -0.516585  -1.211759  1.000000  
190.214524 0.015767  -0.016711  -0.015603  0.655997  0.752914  0.052802  -0.754604  0.655690  0.025370  -0.015520  -0.056488  0.998283  -0.016256  0.024002  0.037803  -1.415817  -0.513520  -1.217450  1.000000  
190.215524 0.015750  -0.016687  -0.015563  0.656767  0.752291  0.052120  -0.753920  0.656529  0.023966  -0.016189  -0.055034  0.998353  -0.016401  0.024013  0.038134  -1.419018  -0.515198  -1.216679  1.000000  
190.216526 0.015731  -0.016663  -0.015524  0.657692  0.751535  0.051348  -0.753102  0.657514  0.022670  -0.016724  -0.053580  0.998423  -0.016618  0.023969  0.038476  -1.422223  -0.516323  -1.222665  1.000000  
190.217529 0.015712  -0.016639  -0.015484  0.658615  0.750784  0.050488  -0.752282  0.658497  0.021294  -0.017259  -0.052005  0.998498  -0.016868  0.023959  0.038762  -1.429079  -0.514116  -1.224273  1.000000  
190.218779 0.015689  -0.016608  -0.015435  0.659691  0.749909  0.049442  -0.751323  0.659644  0.019584  -0.017928  -0.050067  0.998585  -0.017068  0.024014  0.038693  -1.436720  -0.510924  -1.227133  1.000000  
190.219784 0.015671  -0.016583  -0.015397  0.660612  0.749147  0.048681  -0.750500  0.660617  0.018282  -0.018463  -0.048613  0.998647  -0.017270  0.024093  0.038445  -1.439362  -0.508488  -1.228621  1.000000  
190.221025 0.015647  -0.016551  -0.015349  0.661685  0.748273  0.047554  -0.749538  0.661756  0.016487  -0.019132  -0.046553  0.998733  -0.017513  0.024228  0.038280  -1.446958  -0.506052  -1.234554  1.000000  
190.222275 0.015624  -0.016519  -0.015301  0.662756  0.747395  0.046432  -0.748574  0.662889  0.014689  -0.019801  -0.044493  0.998813  -0.017795  0.024317  0.038157  -1.454329  -0.503563  -1.230297  1.000000  
190.223525 0.015599  -0.016487  -0.015252  0.663827  0.746512  0.045317  -0.747610  0.664009  0.013067  -0.020336  -0.042554  0.998887  -0.018054  0.024488  0.038238  -1.465621  -0.497142  -1.231753  1.000000  
190.224525 0.015579  -0.016460  -0.015212  0.664742  0.745742  0.044571  -0.746781  0.664966  0.011756  -0.020871  -0.041099  0.998937  -0.018300  0.024707  0.038634  -1.465084  -0.498970  -1.231107  1.000000  
190.225776 0.015553  -0.016426  -0.015159  0.665808  0.744851  0.043553  -0.745812  0.666081  0.010029  -0.021540  -0.039160  0.999001  -0.018651  0.024930  0.039277  -1.468147  -0.496751  -1.229769  1.000000  
190.227025 0.015527  -0.016392  -0.015101  0.666873  0.743951  0.042631  -0.744841  0.667190  0.008380  -0.022209  -0.037342  0.999056  -0.018936  0.025190  0.039997  -1.471338  -0.494423  -1.228610  1.000000  
190.228026 0.015506  -0.016364  -0.015054  0.667786  0.743178  0.041807  -0.744010  0.668130  0.007162  -0.022610  -0.035887  0.999100  -0.019225  0.025515  0.040620  -1.474735  -0.487146  -1.227355  1.000000  
190.229274 0.015478  -0.016330  -0.014997  0.668849  0.742277  0.040804  -0.743038  0.669226  0.005607  -0.023145  -0.034069  0.999151  -0.019605  0.025812  0.041123  -1.474576  -0.484582  -1.230735  1.000000  
190.230275 0.015455  -0.016300  -0.014953  0.669758  0.741502  0.039986  -0.742202  0.670164  0.004203  -0.023680  -0.032493  0.999191  -0.019915  0.026205  0.041339  -1.477642  -0.481910  -1.229529  1.000000  
190.231275 0.015433  -0.016270  -0.014910  0.670668  0.740723  0.039171  -0.741367  0.671094  0.002979  -0.024081  -0.031038  0.999228  -0.020193  0.026635  0.041618  -1.480901  -0.474670  -1.228250  1.000000  
190.232276 0.015409  -0.016241  -0.014868  0.671422  0.740077  0.038450  -0.740666  0.671871  0.001645  -0.024616  -0.029583  0.999259  -0.020521  0.026976  0.041708  -1.476041  -0.472048  -1.227206  1.000000  
190.233284 0.015385  -0.016211  -0.014825  0.672330  0.739289  0.037732  -0.739829  0.672795  0.000498  -0.025018  -0.028250  0.999288  -0.020900  0.027335  0.041978  -1.471227  -0.469520  -1.222058  1.000000  
190.234530 0.015356  -0.016172  -0.014771  0.673386  0.738377  0.036748  -0.738849  0.673870  -0.001069  -0.025553  -0.026431  0.999324  -0.021328  0.027854  0.042461  -1.466435  -0.462861  -1.220791  1.000000  
190.235530 0.015332  -0.016141  -0.014725  0.674291  0.737590  0.035946  -0.738009  0.674787  -0.002302  -0.025954  -0.024976  0.999351  -0.021698  0.028236  0.042916  -1.461730  -0.455732  -1.219661  1.000000  
190.236781 0.015301  -0.016102  -0.014666  0.675496  0.736529  0.035061  -0.736887  0.676005  -0.003785  -0.026489  -0.023279  0.999378  -0.022245  0.028666  0.043624  -1.452686  -0.453133  -1.225490  1.000000  
190.238024 0.015270  -0.016063  -0.014604  0.676702  0.735468  0.034089  -0.735766  0.677216  -0.005173  -0.026890  -0.021581  0.999405  -0.022651  0.029120  0.044496  -1.448388  -0.446389  -1.228539  1.000000  
190.239025 0.015244  -0.016031  -0.014555  0.677603  0.734674  0.033298  -0.734921  0.678122  -0.006413  -0.027292  -0.020126  0.999425  -0.023024  0.029505  0.045139  -1.443495  -0.439250  -1.223427  1.000000  
190.240030 0.015218  -0.015998  -0.014504  0.678503  0.733874  0.032599  -0.734076  0.679025  -0.007572  -0.027693  -0.018793  0.999440  -0.023408  0.029930  0.045771  -1.438776  -0.436677  -1.215517  1.000000  
190.241276 0.015186  -0.015956  -0.014441  0.679552  0.732945  0.031638  -0.733089  0.680073  -0.008974  -0.028094  -0.017095  0.999459  -0.023855  0.030465  0.046346  -1.434278  -0.429893  -1.214568  1.000000  
190.242525 0.015153  -0.015913  -0.014376  0.680598  0.732011  0.030772  -0.732098  0.681119  -0.010477  -0.028629  -0.015398  0.999472  -0.024204  0.031063  0.046787  -1.433767  -0.427736  -1.206788  1.000000  
190.243774 0.015120  -0.015868  -0.014313  0.681644  0.731080  0.029731  -0.731108  0.682157  -0.011967  -0.029030  -0.013579  0.999486  -0.024662  0.031680  0.047090  -1.437232  -0.420877  -1.205722  1.000000  
190.244777 0.015093  -0.015832  -0.014262  0.682541  0.730277  0.028865  -0.730260  0.683044  -0.013120  -0.029298  -0.012124  0.999497  -0.024948  0.032220  0.047510  -1.440602  -0.409031  -1.204538  1.000000  
190.246024 0.015058  -0.015787  -0.014199  0.683582  0.729336  0.028012  -0.729264  0.684076  -0.014631  -0.029833  -0.010427  0.999501  -0.025325  0.032769  0.048075  -1.437081  -0.407444  -1.208696  1.000000  
190.247275 0.015023  -0.015741  -0.014134  0.684774  0.728252  0.027074  -0.728128  0.685253  -0.016040  -0.030234  -0.008729  0.999505  -0.025729  0.033318  0.048936  -1.427000  -0.400177  -1.213519  1.000000  
190.248276 0.014994  -0.015704  -0.014080  0.685667  0.727443  0.026218  -0.727276  0.686130  -0.017200  -0.030501  -0.007274  0.999508  -0.026067  0.033867  0.049735  -1.422278  -0.392328  -1.215700  1.000000  
190.249287 0.014965  -0.015666  -0.014022  0.686557  0.726627  0.025546  -0.726419  0.687006  -0.018376  -0.030903  -0.005941  0.999505  -0.026464  0.034316  0.050700  -1.417162  -0.389397  -1.214606  1.000000  
190.250526 0.014929  -0.015618  -0.013951  0.687746  0.725537  0.024528  -0.725282  0.688171  -0.019697  -0.031170  -0.004243  0.999505  -0.026877  0.034893  0.051634  -1.404623  -0.378133  -1.220793  1.000000  
190.251545 0.014899  -0.015580  -0.013894  0.688636  0.724715  0.023857  -0.724425  0.689042  -0.020696  -0.031438  -0.003031  0.999501  -0.027195  0.035401  0.052326  -1.391066  -0.370620  -1.219295  1.000000  
190.252792 0.014861  -0.015531  -0.013822  0.689819  0.723612  0.023115  -0.723281  0.690205  -0.021952  -0.031839  -0.001576  0.999492  -0.027644  0.036002  0.052957  -1.374023  -0.363568  -1.225429  1.000000  
190.254023 0.014823  -0.015483  -0.013752  0.691004  0.722513  0.022109  -0.722138  0.691357  -0.023281  -0.032106  0.000121  0.999484  -0.028029  0.036552  0.053544  -1.366899  -0.358061  -1.229180  1.000000  
190.255048 0.014792  -0.015443  -0.013698  0.691892  0.721682  0.021443  -0.721281  0.692223  -0.024106  -0.032240  0.001212  0.999479  -0.028382  0.037042  0.053697  -1.348134  -0.344734  -1.230396  1.000000  
190.256278 0.014754  -0.015392  -0.013629  0.693073  0.720572  0.020619  -0.720134  0.693375  -0.025272  -0.032507  0.002667  0.999468  -0.028812  0.037638  0.054115  -1.336090  -0.333381  -1.237354  1.000000  
190.257524 0.014715  -0.015342  -0.013559  0.694104  0.719605  0.019707  -0.719128  0.694371  -0.026530  -0.032775  0.004243  0.999454  -0.029230  0.038080  0.054463  -1.328504  -0.323480  -1.233414  1.000000  
190.258524 0.014683  -0.015300  -0.013503  0.694986  0.718773  0.018966  -0.718264  0.695222  -0.027626  -0.033042  0.005577  0.999438  -0.029618  0.038553  0.054921  -1.323043  -0.319262  -1.236182  1.000000  
190.259774 0.014642  -0.015248  -0.013431  0.696162  0.717658  0.018066  -0.717112  0.696359  -0.028884  -0.033310  0.007152  0.999419  -0.030074  0.038962  0.055442  -1.315246  -0.313817  -1.239036  1.000000  
190.261022 0.014600  -0.015195  -0.013357  0.697339  0.716538  0.017077  -0.715961  0.697493  -0.030050  -0.033443  0.008728  0.999402  -0.030511  0.039479  0.056144  -1.302598  -0.302560  -1.245263  1.000000  
190.262023 0.014565  -0.015153  -0.013296  0.698216  0.715698  0.016433  -0.715093  0.698339  -0.031067  -0.033711  0.009941  0.999382  -0.030978  0.039832  0.056651  -1.294247  -0.295355  -1.244978  1.000000  
190.263024 0.014531  -0.015110  -0.013236  0.699243  0.714714  0.015618  -0.714083  0.699326  -0.032072  -0.033845  0.011274  0.999364  -0.031351  0.040222  0.057184  -1.293940  -0.288071  -1.258637  1.000000  
190.264031 0.014497  -0.015067  -0.013175  0.700268  0.713726  0.014806  -0.713071  0.700311  -0.033080  -0.033978  0.012607  0.999343  -0.031794  0.040619  0.057453  -1.287414  -0.278855  -1.260872  1.000000  
190.265273 0.014452  -0.015012  -0.013100  0.701438  0.712596  0.013830  -0.711913  0.701431  -0.034257  -0.034112  0.014183  0.999317  -0.032272  0.041058  0.057760  -1.280450  -0.269530  -1.264067  1.000000  
190.266293 0.014416  -0.014968  -0.013042  0.702460  0.711602  0.013110  -0.710899  0.702414  -0.035184  -0.034246  0.015395  0.999295  -0.032745  0.041487  0.057732  -1.269671  -0.260068  -1.266353  1.000000  
190.267529 0.014371  -0.014913  -0.012968  0.703627  0.710466  0.012142  -0.709737  0.703527  -0.036367  -0.034379  0.016971  0.999265  -0.033315  0.041958  0.057947  -1.265364  -0.248718  -1.273199  1.000000  
190.268779 0.014324  -0.014858  -0.012896  0.704792  0.709325  0.011264  -0.708574  0.704641  -0.037467  -0.034513  0.018425  0.999234  -0.033820  0.042347  0.058048  -1.256888  -0.241736  -1.272803  1.000000  
190.270026 0.014277  -0.014802  -0.012823  0.705954  0.708180  0.010475  -0.707409  0.705756  -0.038485  -0.034647  0.019758  0.999204  -0.034382  0.042761  0.058389  -1.245967  -0.232553  -1.275915  1.000000  
190.271269 0.014230  -0.014747  -0.012748  0.707115  0.707033  0.009604  -0.706242  0.706862  -0.039591  -0.034781  0.021213  0.999170  -0.034930  0.043062  0.058784  -1.237441  -0.225679  -1.282537  1.000000  
190.272276 0.014192  -0.014702  -0.012688  0.708132  0.706024  0.008890  -0.705223  0.707837  -0.040350  -0.034781  0.022303  0.999146  -0.035445  0.043377  0.059094  -1.226762  -0.211327  -1.292682  1.000000  
190.273520 0.014143  -0.014646  -0.012611  0.709293  0.704869  0.007931  -0.704055  0.708939  -0.041367  -0.034781  0.023758  0.999113  -0.036009  0.043590  0.059518  -1.216135  -0.202615  -1.295580  1.000000  
190.274521 0.014103  -0.014601  -0.012548  0.710159  0.704004  0.007308  -0.703175  0.709761  -0.042226  -0.034914  0.024848  0.999081  -0.036455  0.043792  0.059791  -1.203746  -0.195436  -1.302557  1.000000  
190.275773 0.014053  -0.014545  -0.012473  0.711460  0.702697  0.006364  -0.701858  0.711002  -0.043247  -0.034914  0.026302  0.999044  -0.037036  0.044005  0.059944  -1.194790  -0.184101  -1.308784  1.000000  
190.277020 0.014003  -0.014489  -0.012398  0.712615  0.701533  0.005499  -0.700686  0.712100  -0.044187  -0.034914  0.027635  0.999008  -0.037511  0.044244  0.059887  -1.182478  -0.172717  -1.308705  1.000000  
190.278022 0.013963  -0.014444  -0.012338  0.713624  0.700512  0.004798  -0.699658  0.713062  -0.044957  -0.034914  0.028726  0.998977  -0.037924  0.044418  0.059819  -1.170070  -0.161105  -1.315711  1.000000  
