1-Time 2-Px 3-Py 4-Pz 5-R11 6-R21 7-R31 8-R12 9-R22 10-R32 11-R13 12-R23 13-R33 14-Vx 15-Vy 16-Vz 17-Wx 18-Wy 19-Wz 20-state
160.039400 -0.004653  -0.025214  0.006465  0.928352  0.306350  -0.210506  -0.351254  0.908289  -0.227228  0.121589  0.284889  0.950818  0.003559  0.000747  0.000699  -0.449560  0.128073  0.099943  1.000000  
160.040595 -0.004650  -0.025214  0.006460  0.928279  0.306409  -0.210739  -0.351445  0.908088  -0.227736  0.121589  0.285465  0.950645  0.002811  0.000188  -0.004399  0.000000  0.000000  0.000000  1.000000  
160.041597 -0.004639  -0.025204  0.006452  0.928207  0.306442  -0.211009  -0.351636  0.907858  -0.228353  0.121589  0.286157  0.950437  0.006871  0.004826  -0.006511  0.000000  0.000000  0.000000  1.000000  
160.042603 -0.004625  -0.025190  0.006440  0.928135  0.306501  -0.211242  -0.351827  0.907657  -0.228860  0.121589  0.286734  0.950263  0.009123  0.007918  -0.008221  0.000000  0.000000  0.000000  1.000000  
160.043623 -0.004615  -0.025180  0.006432  0.928062  0.306560  -0.211475  -0.352018  0.907455  -0.229367  0.121589  0.287310  0.950089  0.009312  0.008523  -0.008095  0.000000  0.000000  0.000000  1.000000  
160.044838 -0.004607  -0.025172  0.006425  0.927990  0.306567  -0.211782  -0.352209  0.907197  -0.230094  0.121589  0.288117  0.949845  0.008679  0.007966  -0.007606  0.000000  0.000000  0.000000  1.000000  
160.045840 -0.004601  -0.025168  0.006422  0.927860  0.306822  -0.211982  -0.352597  0.906889  -0.230712  0.121456  0.288812  0.949650  0.008227  0.007341  -0.006820  0.000000  0.000000  0.000000  1.000000  
160.047090 -0.004593  -0.025159  0.006418  0.927715  0.307016  -0.212337  -0.352979  0.906566  -0.231395  0.121456  0.289619  0.949405  0.007938  0.007355  -0.006246  0.000000  0.000000  0.000000  1.000000  
160.048120 -0.004587  -0.025148  0.006412  0.927657  0.307110  -0.212453  -0.353176  0.906349  -0.231946  0.121323  0.290199  0.949244  0.007729  0.007692  -0.006129  -0.625366  0.039408  0.238591  1.000000  
160.049347 -0.004582  -0.025135  0.006403  0.927512  0.307328  -0.212772  -0.353558  0.906053  -0.232518  0.121323  0.290890  0.949033  0.007309  0.008081  -0.006292  -0.616212  0.046685  0.248682  1.000000  
160.050352 -0.004578  -0.025125  0.006395  0.927496  0.307162  -0.213077  -0.353552  0.905926  -0.233022  0.121456  0.291461  0.948841  0.007003  0.008284  -0.006461  -0.615063  0.054301  0.221835  1.000000  
160.051601 -0.004570  -0.025111  0.006386  0.927424  0.307220  -0.213311  -0.353743  0.905721  -0.233527  0.121456  0.292036  0.948664  0.006930  0.008538  -0.006519  -0.599463  0.053655  0.215012  1.000000  
160.052609 -0.004563  -0.025099  0.006380  0.927336  0.307292  -0.213590  -0.353928  0.905587  -0.233768  0.121589  0.292376  0.948542  0.006869  0.008792  -0.006468  -0.579082  0.063943  0.210391  1.000000  
160.053845 -0.004554  -0.025082  0.006370  0.927263  0.307349  -0.213824  -0.354119  0.905382  -0.234273  0.121589  0.292952  0.948365  0.006973  0.009270  -0.006653  -0.569635  0.062627  0.205835  1.000000  
160.054859 -0.004543  -0.025063  0.006358  0.927205  0.307494  -0.213866  -0.354315  0.905219  -0.234604  0.121456  0.293302  0.948273  0.007410  0.010293  -0.007046  -0.554015  0.054015  0.207517  1.000000  
160.056102 -0.004524  -0.025033  0.006343  0.927235  0.307464  -0.213778  -0.354327  0.905077  -0.235133  0.121191  0.293771  0.948162  0.008000  0.011801  -0.007485  -0.541711  0.034483  0.196604  1.000000  
160.057346 -0.004504  -0.024998  0.006330  0.927250  0.307397  -0.213809  -0.354333  0.904949  -0.235618  0.121058  0.294236  0.948035  0.008225  0.012999  -0.007431  -0.531099  0.024900  0.185019  1.000000  
160.058346 -0.004492  -0.024974  0.006323  0.927177  0.307479  -0.214006  -0.354524  0.904771  -0.236013  0.121058  0.294696  0.947892  0.008375  0.013859  -0.007346  -0.527307  0.026796  0.185565  1.000000  
160.059598 -0.004481  -0.024948  0.006318  0.927177  0.307349  -0.214193  -0.354524  0.904628  -0.236561  0.121058  0.295271  0.947713  0.008538  0.015077  -0.007128  -0.524629  0.025172  0.173944  1.000000  
160.060600 -0.004474  -0.024929  0.006317  0.927177  0.307245  -0.214342  -0.354524  0.904513  -0.237000  0.121058  0.295731  0.947570  0.008666  0.016224  -0.007127  -0.522686  0.024010  0.165634  1.000000  
160.061846 -0.004464  -0.024904  0.006311  0.927089  0.307290  -0.214658  -0.354709  0.904349  -0.237350  0.121191  0.296186  0.947411  0.008781  0.017248  -0.007214  -0.514108  0.031144  0.163380  1.000000  
160.063095 -0.004452  -0.024877  0.006304  0.927089  0.307186  -0.214807  -0.354709  0.904234  -0.237788  0.121191  0.296645  0.947267  0.008981  0.018100  -0.007228  -0.507416  0.029525  0.154684  1.000000  
160.064102 -0.004445  -0.024855  0.006296  0.927089  0.307134  -0.214882  -0.354709  0.904176  -0.238008  0.121191  0.296875  0.947195  0.009192  0.018863  -0.007319  -0.496463  0.028329  0.148324  1.000000  
160.065354 -0.004436  -0.024827  0.006287  0.927016  0.307242  -0.215043  -0.354900  0.904026  -0.238293  0.121191  0.297220  0.947087  0.009476  0.019968  -0.007189  -0.485496  0.029305  0.148697  1.000000  
160.066602 -0.004428  -0.024799  0.006279  0.927074  0.306940  -0.215224  -0.354703  0.904017  -0.238621  0.121323  0.297559  0.946963  0.009569  0.021020  -0.007211  -0.477441  0.030492  0.133127  1.000000  
160.067851 -0.004416  -0.024769  0.006271  0.927074  0.306862  -0.215335  -0.354703  0.903930  -0.238949  0.121323  0.297904  0.946855  0.009735  0.022017  -0.007171  -0.469224  0.029168  0.127239  1.000000  
160.068854 -0.004407  -0.024744  0.006263  0.927074  0.306836  -0.215372  -0.354703  0.903901  -0.239059  0.121323  0.298019  0.946819  0.009736  0.022600  -0.007039  -0.457278  0.028175  0.122874  1.000000  
160.070098 -0.004395  -0.024709  0.006252  0.927074  0.306810  -0.215410  -0.354703  0.903872  -0.239169  0.121323  0.298134  0.946782  0.009546  0.023243  -0.006834  -0.437887  0.027508  0.119830  1.000000  
160.071106 -0.004387  -0.024680  0.006242  0.927162  0.306635  -0.215279  -0.354518  0.903892  -0.239368  0.121191  0.298253  0.946762  0.009022  0.023390  -0.006610  -0.422594  0.019436  0.108948  1.000000  
160.072343 -0.004378  -0.024646  0.006233  0.927162  0.306635  -0.215279  -0.354518  0.903892  -0.239368  0.121191  0.298253  0.946762  0.008441  0.023502  -0.006495  -0.396111  0.015450  0.095907  1.000000  
160.073351 -0.004372  -0.024621  0.006228  0.927162  0.306635  -0.215279  -0.354518  0.903892  -0.239368  0.121191  0.298253  0.946762  0.007953  0.023504  -0.006378  -0.377380  0.013332  0.088573  1.000000  
160.074601 -0.004369  -0.024596  0.006220  0.927220  0.306385  -0.215385  -0.354321  0.903940  -0.239477  0.121323  0.298363  0.946710  0.007427  0.023508  -0.006660  -0.354848  0.013614  0.074245  1.000000  
160.075845 -0.004366  -0.024572  0.006210  0.927205  0.306348  -0.215504  -0.354315  0.903954  -0.239432  0.121456  0.298358  0.946695  0.007060  0.023571  -0.007138  -0.326698  0.018285  0.059040  1.000000  
160.076847 -0.004363  -0.024551  0.006198  0.927278  0.306162  -0.215455  -0.354125  0.904017  -0.239476  0.121456  0.298358  0.946695  0.006681  0.023560  -0.007635  -0.304750  0.012204  0.039354  1.000000  
160.078094 -0.004358  -0.024522  0.006183  0.927263  0.306125  -0.215573  -0.354119  0.904031  -0.239431  0.121589  0.298354  0.946679  0.006322  0.023681  -0.008054  -0.283160  0.018633  0.029909  1.000000  
160.079094 -0.004353  -0.024498  0.006171  0.927247  0.306087  -0.215691  -0.354113  0.904046  -0.239385  0.121722  0.298349  0.946664  0.006099  0.023769  -0.008292  -0.263664  0.020874  0.022060  1.000000  
160.080103 -0.004349  -0.024475  0.006163  0.927247  0.306061  -0.215728  -0.354113  0.904017  -0.239495  0.121722  0.298463  0.946627  0.005877  0.023878  -0.008432  -0.246173  0.014711  0.017001  1.000000  
160.081122 -0.004345  -0.024453  0.006156  0.927305  0.305838  -0.215797  -0.353916  0.904094  -0.239494  0.121855  0.298459  0.946612  0.005711  0.023811  -0.008492  -0.231390  0.014914  0.002543  1.000000  
160.082353 -0.004337  -0.024423  0.006148  0.927305  0.305812  -0.215834  -0.353916  0.904065  -0.239604  0.121855  0.298573  0.946576  0.005595  0.023844  -0.008499  -0.220213  0.008589  -0.002678  1.000000  
160.083603 -0.004327  -0.024391  0.006137  0.927363  0.305588  -0.215903  -0.353720  0.904142  -0.239603  0.121987  0.298568  0.946560  0.005448  0.023886  -0.008552  -0.201418  0.008784  -0.017129  1.000000  
160.084852 -0.004316  -0.024356  0.006124  0.927347  0.305577  -0.215985  -0.353714  0.904185  -0.239449  0.122120  0.298449  0.946581  0.005364  0.023906  -0.008627  0.000000  0.000000  0.000000  1.000000  
160.085932 -0.004308  -0.024330  0.006114  0.927332  0.305540  -0.216103  -0.353708  0.904200  -0.239403  0.122253  0.298444  0.946565  0.005314  0.023664  -0.008628  0.000000  0.000000  0.000000  1.000000  
160.087098 -0.004300  -0.024300  0.006101  0.927390  0.305343  -0.216135  -0.353511  0.904306  -0.239293  0.122386  0.298324  0.946586  0.005255  0.023502  -0.008877  0.000000  0.000000  0.000000  1.000000  
160.088104 -0.004298  -0.024280  0.006091  0.927447  0.305145  -0.216167  -0.353314  0.904412  -0.239183  0.122519  0.298204  0.946606  0.005039  0.023135  -0.009267  0.000000  0.000000  0.000000  1.000000  
160.089497 -0.004295  -0.024257  0.006075  0.927416  0.305123  -0.216330  -0.353303  0.904498  -0.238873  0.122784  0.297965  0.946647  0.004965  0.022763  -0.009775  0.000000  0.000000  0.000000  1.000000  
160.090598 -0.004294  -0.024232  0.006056  0.927474  0.304952  -0.216325  -0.353106  0.904633  -0.238653  0.122917  0.297730  0.946704  0.004913  0.023005  -0.010453  0.000000  0.000000  0.000000  1.000000  
160.091599 -0.004291  -0.024211  0.006040  0.927443  0.304904  -0.216525  -0.353094  0.904690  -0.238453  0.123182  0.297606  0.946709  0.004871  0.023080  -0.010722  0.000000  0.000000  0.000000  1.000000  
160.092848 -0.004287  -0.024183  0.006021  0.927500  0.304733  -0.216520  -0.352897  0.904825  -0.238233  0.123315  0.297371  0.946765  0.004781  0.022979  -0.011004  0.000000  0.000000  0.000000  1.000000  
160.093848 -0.004283  -0.024160  0.006009  0.927485  0.304722  -0.216602  -0.352892  0.904868  -0.238079  0.123448  0.297251  0.946785  0.004750  0.022935  -0.010973  0.000000  0.000000  0.000000  1.000000  
160.095094 -0.004279  -0.024132  0.005996  0.927542  0.304551  -0.216597  -0.352695  0.905003  -0.237859  0.123581  0.297016  0.946842  0.004678  0.022893  -0.011130  0.000000  0.000000  0.000000  1.000000  
160.096101 -0.004276  -0.024109  0.005987  0.927511  0.304530  -0.216760  -0.352683  0.905089  -0.237549  0.123846  0.296777  0.946882  0.004554  0.022929  -0.011241  0.000000  0.000000  0.000000  1.000000  
160.097346 -0.004270  -0.024078  0.005973  0.927496  0.304545  -0.216805  -0.352677  0.905160  -0.237284  0.123979  0.296542  0.946938  0.004426  0.023023  -0.011677  0.000000  0.000000  0.000000  1.000000  
160.098356 -0.004265  -0.024053  0.005960  0.927465  0.304523  -0.216968  -0.352665  0.905246  -0.236975  0.124245  0.296303  0.946978  0.004215  0.022917  -0.011966  0.000000  0.000000  0.000000  1.000000  
160.099603 -0.004257  -0.024021  0.005943  0.927506  0.304316  -0.217082  -0.352462  0.905394  -0.236710  0.124510  0.296063  0.947018  0.003990  0.022695  -0.012296  0.000000  0.000000  0.000000  1.000000  
160.100854 -0.004253  -0.023993  0.005928  0.927459  0.304257  -0.217363  -0.352445  0.905494  -0.236355  0.124908  0.295818  0.947042  0.003692  0.022549  -0.012444  0.000000  0.000000  0.000000  1.000000  
160.101863 -0.004253  -0.023972  0.005918  0.927428  0.304236  -0.217526  -0.352433  0.905579  -0.236045  0.125174  0.295578  0.947082  0.003244  0.022170  -0.012425  0.000000  0.000000  0.000000  1.000000  
160.103097 -0.004255  -0.023948  0.005905  0.927381  0.304204  -0.217771  -0.352415  0.905707  -0.235581  0.125572  0.295219  0.947142  0.002813  0.022102  -0.012372  0.000000  0.000000  0.000000  1.000000  
160.104103 -0.004258  -0.023928  0.005896  0.927334  0.304173  -0.218016  -0.352397  0.905835  -0.235116  0.125970  0.294859  0.947201  0.002569  0.022508  -0.012224  0.000000  0.000000  0.000000  1.000000  
160.105348 -0.004259  -0.023902  0.005884  0.927286  0.304142  -0.218261  -0.352379  0.905962  -0.234651  0.126369  0.294499  0.947260  0.002327  0.022350  -0.011738  0.122742  0.140332  -0.108679  1.000000  
160.106597 -0.004259  -0.023874  0.005872  0.927255  0.304148  -0.218387  -0.352367  0.906076  -0.234232  0.126634  0.294145  0.947335  0.002169  0.022428  -0.011187  0.133852  0.147709  -0.110421  1.000000  
160.107846 -0.004260  -0.023845  0.005862  0.927223  0.304180  -0.218476  -0.352355  0.906217  -0.233702  0.126899  0.293675  0.947445  0.001827  0.022510  -0.010607  0.152123  0.155309  -0.106092  1.000000  
160.108847 -0.004261  -0.023823  0.005855  0.927191  0.304186  -0.218603  -0.352343  0.906330  -0.233282  0.127165  0.293320  0.947519  0.001454  0.022502  -0.010282  0.164339  0.159617  -0.107400  1.000000  
160.110095 -0.004262  -0.023792  0.005847  0.927159  0.304219  -0.218692  -0.352331  0.906471  -0.232752  0.127430  0.292850  0.947629  0.001086  0.022648  -0.009980  0.183244  0.166882  -0.109174  1.000000  
160.111095 -0.004262  -0.023768  0.005840  0.927112  0.304215  -0.218900  -0.352313  0.906625  -0.232177  0.127828  0.292375  0.947722  0.000980  0.022767  -0.009815  0.200392  0.177568  -0.105354  1.000000  
160.112101 -0.004260  -0.023743  0.005831  0.927080  0.304222  -0.219026  -0.352300  0.906738  -0.231757  0.128094  0.292020  0.947795  0.000695  0.022716  -0.009571  0.218207  0.187509  -0.108804  1.000000  
160.113346 -0.004260  -0.023713  0.005820  0.927015  0.304236  -0.219279  -0.352276  0.906961  -0.230917  0.128625  0.291310  0.947942  0.000325  0.022656  -0.009323  0.241516  0.200804  -0.105314  1.000000  
160.114598 -0.004262  -0.023686  0.005812  0.927039  0.304099  -0.219366  -0.352067  0.907233  -0.230167  0.129023  0.290605  0.948104  -0.000287  0.022398  -0.008742  0.264896  0.207333  -0.114386  1.000000  
160.115848 -0.004266  -0.023659  0.005807  0.926991  0.304150  -0.219501  -0.352048  0.907442  -0.229371  0.129421  0.289900  0.948266  -0.000896  0.022290  -0.008068  0.285871  0.216484  -0.117258  1.000000  
160.116852 -0.004271  -0.023638  0.005806  0.926942  0.304148  -0.219709  -0.352030  0.907594  -0.228796  0.129819  0.289425  0.948357  -0.001221  0.022280  -0.007460  0.300510  0.228317  -0.113934  1.000000  
160.118102 -0.004276  -0.023612  0.005804  0.926966  0.304012  -0.219796  -0.351821  0.907864  -0.228045  0.130217  0.288719  0.948517  -0.001380  0.022428  -0.006711  0.318275  0.235032  -0.115550  1.000000  
160.119122 -0.004280  -0.023589  0.005803  0.926933  0.304074  -0.219849  -0.351808  0.908030  -0.227405  0.130482  0.288134  0.948659  -0.001501  0.022582  -0.006150  0.334556  0.238042  -0.116903  1.000000  
160.120350 -0.004283  -0.023560  0.005800  0.926957  0.303939  -0.219937  -0.351599  0.908299  -0.226654  0.130880  0.287428  0.948818  -0.001612  0.022845  -0.005475  0.349425  0.245678  -0.118941  1.000000  
160.121597 -0.004286  -0.023528  0.005797  0.926980  0.303804  -0.220026  -0.351389  0.908567  -0.225903  0.131278  0.286722  0.948977  -0.001793  0.023082  -0.005021  0.365892  0.245972  -0.125680  1.000000  
160.122599 -0.004288  -0.023503  0.005795  0.926947  0.303866  -0.220079  -0.351377  0.908731  -0.225262  0.131543  0.286137  0.949117  -0.001919  0.023230  -0.004503  0.382026  0.254381  -0.121378  1.000000  
160.123851 -0.004290  -0.023471  0.005795  0.926970  0.303732  -0.220168  -0.351167  0.908998  -0.224511  0.131941  0.285430  0.949274  -0.001975  0.023402  -0.003977  0.397349  0.260963  -0.130426  1.000000  
160.125097 -0.004291  -0.023438  0.005794  0.926993  0.303624  -0.220220  -0.350958  0.909291  -0.223649  0.132339  0.284609  0.949465  -0.001897  0.023566  -0.003508  0.417775  0.265373  -0.131619  1.000000  
160.126346 -0.004291  -0.023407  0.005792  0.927015  0.303544  -0.220236  -0.350748  0.909610  -0.222677  0.132737  0.283672  0.949690  -0.001990  0.023644  -0.002978  0.441392  0.272082  -0.140669  1.000000  
160.127596 -0.004292  -0.023375  0.005791  0.927021  0.303429  -0.220371  -0.350532  0.909942  -0.221660  0.133267  0.282730  0.949896  -0.002184  0.023759  -0.002314  0.465151  0.278892  -0.149758  1.000000  
160.128596 -0.004295  -0.023350  0.005790  0.927043  0.303323  -0.220425  -0.350322  0.910232  -0.220798  0.133665  0.281909  0.950085  -0.002367  0.023868  -0.001810  0.485399  0.280837  -0.149636  1.000000  
160.129598 -0.004298  -0.023326  0.005792  0.927065  0.303217  -0.220479  -0.350112  0.910522  -0.219935  0.134063  0.281087  0.950272  -0.002446  0.023956  -0.001306  0.504702  0.287466  -0.158584  1.000000  
160.130598 -0.004303  -0.023303  0.005793  0.927086  0.303111  -0.220533  -0.349902  0.910810  -0.219073  0.134461  0.280264  0.950459  -0.002487  0.024100  -0.000968  0.523927  0.285535  -0.164912  1.000000  
160.131600 -0.004308  -0.023280  0.005796  0.927108  0.303006  -0.220588  -0.349692  0.911098  -0.218210  0.134858  0.279442  0.950645  -0.002490  0.024310  -0.000686  0.547975  0.290439  -0.174067  1.000000  
160.132854 -0.004313  -0.023249  0.005797  0.927112  0.302919  -0.220688  -0.349476  0.911451  -0.217081  0.135389  0.278384  0.950880  -0.002465  0.024637  -0.000518  0.571158  0.292710  -0.181612  1.000000  
160.134102 -0.004317  -0.023215  0.005797  0.927116  0.302860  -0.220753  -0.349260  0.911828  -0.215841  0.135919  0.277210  0.951147  -0.002459  0.024963  -0.000362  0.593921  0.292804  -0.187717  1.000000  
160.135102 -0.004319  -0.023188  0.005797  0.927137  0.302783  -0.220772  -0.349049  0.912139  -0.214867  0.136316  0.276271  0.951363  -0.002436  0.025178  -0.000227  0.618247  0.293368  -0.195630  1.000000  
160.136128 -0.004320  -0.023160  0.005797  0.927068  0.302859  -0.220955  -0.349024  0.912399  -0.213802  0.136847  0.275328  0.951561  -0.002367  0.025321  0.000027  0.637931  0.301804  -0.197808  1.000000  
160.137347 -0.004322  -0.023126  0.005798  0.927071  0.302775  -0.221057  -0.348807  0.912745  -0.212672  0.137377  0.274269  0.951790  -0.002276  0.025550  0.000177  0.662159  0.308944  -0.206956  1.000000  
160.138594 -0.004323  -0.023092  0.005801  0.927057  0.302711  -0.221205  -0.348584  0.913155  -0.211275  0.138039  0.272973  0.952067  -0.002247  0.025711  0.000457  0.688146  0.317480  -0.215345  1.000000  
160.139595 -0.004324  -0.023063  0.005804  0.927042  0.302593  -0.221428  -0.348360  0.913511  -0.210100  0.138702  0.271908  0.952275  -0.002234  0.025899  0.000683  0.711387  0.332774  -0.226695  1.000000  
160.140599 -0.004326  -0.023035  0.005808  0.926972  0.302699  -0.221575  -0.348334  0.913791  -0.208923  0.139232  0.270848  0.952500  -0.002373  0.026046  0.001003  0.733496  0.340023  -0.229548  1.000000  
160.141848 -0.004328  -0.023000  0.005812  0.926922  0.302597  -0.221926  -0.348097  0.914245  -0.207325  0.140159  0.269426  0.952767  -0.002464  0.026198  0.001448  0.765253  0.355630  -0.240928  1.000000  
160.143097 -0.004331  -0.022967  0.005817  0.926888  0.302530  -0.222160  -0.347867  0.914684  -0.205770  0.140954  0.268008  0.953050  -0.002526  0.026323  0.001764  0.788605  0.362548  -0.249618  1.000000  
160.144101 -0.004334  -0.022942  0.005820  0.926781  0.302599  -0.222509  -0.347827  0.915008  -0.204392  0.141749  0.266821  0.953265  -0.002472  0.026464  0.001912  0.813787  0.381889  -0.247741  1.000000  
160.145346 -0.004338  -0.022910  0.005824  0.926746  0.302507  -0.222780  -0.347596  0.915418  -0.202948  0.142544  0.265518  0.953510  -0.002367  0.026704  0.002084  0.830654  0.390072  -0.255701  1.000000  
160.146596 -0.004342  -0.022876  0.005826  0.926692  0.302438  -0.223098  -0.347358  0.915886  -0.201236  0.143471  0.263979  0.953798  -0.002284  0.026958  0.002012  0.857763  0.405524  -0.266702  1.000000  
160.147861 -0.004344  -0.022841  0.005826  0.926566  0.302559  -0.223457  -0.347311  0.916288  -0.199478  0.144397  0.262439  0.954083  -0.002065  0.027206  0.001995  0.889895  0.423948  -0.265488  1.000000  
160.149102 -0.004345  -0.022806  0.005828  0.926529  0.302527  -0.223657  -0.347079  0.916737  -0.197810  0.145192  0.260903  0.954384  -0.001876  0.027316  0.002089  0.914717  0.436398  -0.274557  1.000000  
160.150104 -0.004345  -0.022778  0.005830  0.926491  0.302468  -0.223894  -0.346848  0.917160  -0.196253  0.145986  0.259483  0.954650  -0.001730  0.027374  0.002247  0.946011  0.452973  -0.279869  1.000000  
160.151361 -0.004344  -0.022743  0.005833  0.926434  0.302460  -0.224141  -0.346609  0.917662  -0.194316  0.146912  0.257710  0.954988  -0.001604  0.027367  0.002461  0.982259  0.470464  -0.284125  1.000000  
160.152601 -0.004344  -0.022708  0.005839  0.926286  0.302611  -0.224548  -0.346553  0.918110  -0.192288  0.147971  0.255931  0.955303  -0.001482  0.027390  0.002745  1.020106  0.494475  -0.283163  1.000000  
160.153848 -0.004344  -0.022674  0.005846  0.926208  0.302575  -0.224916  -0.346307  0.918616  -0.190305  0.149030  0.254152  0.955613  -0.001337  0.027344  0.002904  1.051277  0.514741  -0.294110  1.000000  
160.155096 -0.004343  -0.022639  0.005853  0.926182  0.302375  -0.225292  -0.345863  0.919237  -0.188100  0.150220  0.252135  0.955961  -0.001253  0.027314  0.003120  1.090563  0.539063  -0.307125  1.000000  
160.156098 -0.004343  -0.022612  0.005858  0.926050  0.302510  -0.225654  -0.345813  0.919615  -0.186337  0.151146  0.250591  0.956221  -0.001113  0.027250  0.003248  1.120873  0.563103  -0.307226  1.000000  
160.157347 -0.004342  -0.022580  0.005864  0.926021  0.302315  -0.226033  -0.345368  0.920227  -0.184130  0.152336  0.248573  0.956559  -0.000859  0.027143  0.003382  1.156472  0.583410  -0.318996  1.000000  
160.158349 -0.004342  -0.022554  0.005869  0.925977  0.302323  -0.226202  -0.345135  0.920669  -0.182345  0.153130  0.246918  0.956861  -0.000643  0.027165  0.003429  1.184862  0.596794  -0.321831  1.000000  
160.159349 -0.004342  -0.022528  0.005874  0.925913  0.302275  -0.226528  -0.344894  0.921098  -0.180627  0.154055  0.245373  0.957110  -0.000403  0.027149  0.003530  1.209190  0.614515  -0.325872  1.000000  
160.160595 -0.004341  -0.022495  0.005881  0.925829  0.302280  -0.226864  -0.344645  0.921600  -0.178528  0.155113  0.243474  0.957424  -0.000107  0.027133  0.003765  1.235636  0.631482  -0.328261  1.000000  
160.161598 -0.004339  -0.022468  0.005886  0.925783  0.302293  -0.227035  -0.344411  0.922032  -0.176741  0.155906  0.241817  0.957715  0.000250  0.027176  0.004045  1.263924  0.644853  -0.330990  1.000000  
160.162846 -0.004335  -0.022434  0.005893  0.925768  0.302168  -0.227264  -0.343972  0.922630  -0.174464  0.156963  0.239685  0.958078  0.000555  0.027145  0.004453  1.299377  0.660938  -0.341193  1.000000  
160.163848 -0.004332  -0.022406  0.005899  0.925771  0.301964  -0.227521  -0.343539  0.923127  -0.172678  0.157888  0.238022  0.958341  0.000871  0.027062  0.004732  1.322302  0.676743  -0.351443  1.000000  
160.164849 -0.004328  -0.022380  0.005907  0.925723  0.302009  -0.227657  -0.343305  0.923568  -0.170777  0.158681  0.236248  0.958649  0.001120  0.026964  0.005235  1.349477  0.688393  -0.360507  1.000000  
160.166102 -0.004324  -0.022347  0.005917  0.925704  0.301918  -0.227854  -0.342864  0.924170  -0.168385  0.159737  0.233997  0.959025  0.001373  0.026843  0.005636  1.385855  0.700801  -0.369589  1.000000  
160.167103 -0.004320  -0.022322  0.005924  0.925634  0.301965  -0.228076  -0.342621  0.924633  -0.166326  0.160662  0.232100  0.959332  0.001609  0.026645  0.005901  1.424310  0.719497  -0.374637  1.000000  
160.168106 -0.004315  -0.022297  0.005931  0.925633  0.301824  -0.228265  -0.342188  0.925153  -0.164313  0.161586  0.230203  0.959634  0.001923  0.026456  0.005982  1.448071  0.729747  -0.381713  1.000000  
160.169347 -0.004309  -0.022265  0.005939  0.925591  0.301766  -0.228513  -0.341739  0.925788  -0.161649  0.162774  0.227713  0.960027  0.002295  0.026338  0.005941  1.491385  0.743542  -0.392208  1.000000  
160.170352 -0.004305  -0.022240  0.005945  0.925518  0.301848  -0.228701  -0.341496  0.926255  -0.159475  0.163698  0.225698  0.960345  0.002585  0.026054  0.006042  1.522673  0.755442  -0.400991  1.000000  
160.171593 -0.004299  -0.022210  0.005952  0.925473  0.301768  -0.228989  -0.341046  0.926857  -0.156921  0.164886  0.223322  0.960697  0.002904  0.025910  0.006080  1.549646  0.765696  -0.407402  1.000000  
160.172597 -0.004295  -0.022186  0.005958  0.925398  0.301854  -0.229179  -0.340802  0.927312  -0.154746  0.165810  0.221306  0.961005  0.003182  0.025817  0.006231  1.580595  0.768904  -0.413802  1.000000  
160.173598 -0.004291  -0.022162  0.005966  0.925413  0.301751  -0.229254  -0.340375  0.927796  -0.152774  0.166602  0.219411  0.961303  0.003488  0.025712  0.006388  1.603631  0.772211  -0.420235  1.000000  
160.174598 -0.004285  -0.022137  0.005974  0.925406  0.301650  -0.229415  -0.339940  0.928303  -0.150644  0.167525  0.217394  0.961600  0.003844  0.025617  0.006570  1.636187  0.777767  -0.428989  1.000000  
160.175846 -0.004277  -0.022105  0.005984  0.925377  0.301663  -0.229515  -0.339497  0.928906  -0.147905  0.168580  0.214788  0.962002  0.004225  0.025496  0.006810  1.668749  0.781818  -0.440296  1.000000  
160.176847 -0.004270  -0.022079  0.005991  0.925319  0.301812  -0.229551  -0.339260  0.929347  -0.145658  0.169371  0.212658  0.962336  0.004580  0.025399  0.006991  1.706935  0.784797  -0.441422  1.000000  
160.177848 -0.004263  -0.022053  0.006001  0.925310  0.301744  -0.229679  -0.338824  0.929855  -0.143413  0.170294  0.210522  0.962642  0.004800  0.025316  0.007227  1.731644  0.789085  -0.453077  1.000000  
160.179098 -0.004255  -0.022022  0.006012  0.925277  0.301764  -0.229783  -0.338380  0.930436  -0.140671  0.171349  0.207914  0.963022  0.005072  0.025180  0.007401  1.766169  0.796867  -0.459928  1.000000  
160.180099 -0.004247  -0.021997  0.006021  0.925196  0.301892  -0.229943  -0.338135  0.930869  -0.138377  0.172272  0.205777  0.963316  0.005341  0.025056  0.007482  1.790277  0.802081  -0.459514  1.000000  
160.181120 -0.004240  -0.021973  0.006030  0.925183  0.301859  -0.230038  -0.337698  0.931375  -0.136016  0.173194  0.203523  0.963630  0.005594  0.024924  0.007514  1.819176  0.807699  -0.468029  1.000000  
160.182354 -0.004231  -0.021942  0.006038  0.925125  0.301916  -0.230194  -0.337245  0.931974  -0.133001  0.174380  0.200674  0.964013  0.005841  0.024884  0.007444  1.853978  0.810321  -0.480567  1.000000  
160.183357 -0.004224  -0.021918  0.006044  0.925110  0.301888  -0.230293  -0.336808  0.932467  -0.130638  0.175302  0.198419  0.964313  0.006020  0.024789  0.007495  1.880819  0.813903  -0.486600  1.000000  
160.184597 -0.004215  -0.021888  0.006052  0.925072  0.301976  -0.230331  -0.336363  0.933039  -0.127664  0.176356  0.195574  0.964702  0.006201  0.024711  0.007551  1.908339  0.809383  -0.490265  1.000000  
160.185845 -0.004207  -0.021858  0.006061  0.925033  0.302067  -0.230370  -0.335918  0.933602  -0.124689  0.177410  0.192727  0.965081  0.006360  0.024704  0.007610  1.935726  0.806666  -0.491994  1.000000  
160.186846 -0.004201  -0.021834  0.006069  0.925037  0.302097  -0.230315  -0.335488  0.934078  -0.122255  0.178200  0.190358  0.965406  0.006513  0.024682  0.007734  1.962561  0.799800  -0.497845  1.000000  
160.188100 -0.004193  -0.021803  0.006078  0.925041  0.301976  -0.230454  -0.334843  0.934694  -0.119281  0.179384  0.187506  0.965745  0.006675  0.024693  0.007755  1.989517  0.803903  -0.503428  1.000000  
160.189348 -0.004184  -0.021772  0.006088  0.924998  0.302103  -0.230462  -0.334397  0.935243  -0.116189  0.180437  0.184540  0.966120  0.006850  0.024728  0.007781  2.020340  0.801385  -0.505010  1.000000  
160.190594 -0.004173  -0.021740  0.006097  0.924999  0.302017  -0.230570  -0.333752  0.935852  -0.113099  0.181622  0.181569  0.966461  0.007002  0.024758  0.007698  2.053891  0.804029  -0.517093  1.000000  
160.191597 -0.004165  -0.021715  0.006104  0.924976  0.302032  -0.230643  -0.333313  0.936305  -0.110616  0.182542  0.179193  0.966731  0.007130  0.024742  0.007643  2.076664  0.808005  -0.522941  1.000000  
160.192845 -0.004154  -0.021683  0.006112  0.924906  0.302172  -0.230741  -0.332857  0.936845  -0.107363  0.183726  0.176104  0.967074  0.007261  0.024674  0.007412  2.108643  0.813785  -0.521668  1.000000  
160.193846 -0.004145  -0.021658  0.006120  0.924880  0.302220  -0.230780  -0.332418  0.937295  -0.104764  0.184647  0.173610  0.967350  0.007431  0.024686  0.007277  2.136742  0.814949  -0.519915  1.000000  
160.194846 -0.004136  -0.021633  0.006126  0.924831  0.302193  -0.231015  -0.331970  0.937721  -0.102348  0.185699  0.171345  0.967552  0.007520  0.024665  0.007043  2.151478  0.823386  -0.526659  1.000000  
160.195849 -0.004127  -0.021609  0.006133  0.924803  0.302217  -0.231093  -0.331531  0.938144  -0.099862  0.186619  0.168967  0.967793  0.007670  0.024728  0.007006  2.173202  0.827136  -0.528118  1.000000  
160.197097 -0.004116  -0.021578  0.006142  0.924772  0.302128  -0.231336  -0.330875  0.938705  -0.096723  0.187933  0.165990  0.968054  0.007817  0.024729  0.007035  2.188952  0.832034  -0.537621  1.000000  
160.198117 -0.004108  -0.021553  0.006149  0.924742  0.302185  -0.231381  -0.330435  0.939124  -0.094121  0.188853  0.163494  0.968300  0.007845  0.024718  0.007090  2.205239  0.830951  -0.537715  1.000000  
160.199352 -0.004097  -0.021521  0.006159  0.924731  0.302179  -0.231432  -0.329787  0.939679  -0.090795  0.190035  0.160284  0.968605  0.007995  0.024847  0.007205  2.232825  0.831427  -0.542120  1.000000  
160.200602 -0.004086  -0.021491  0.006170  0.924786  0.301983  -0.231468  -0.328949  0.940284  -0.087516  0.191218  0.157075  0.968898  0.008180  0.024879  0.007342  2.254626  0.830468  -0.553043  1.000000  
160.201603 -0.004078  -0.021465  0.006178  0.924728  0.302057  -0.231604  -0.328499  0.940694  -0.084754  0.192268  0.154456  0.969111  0.008352  0.024957  0.007388  2.277133  0.834744  -0.558526  1.000000  
160.202846 -0.004066  -0.021433  0.006187  0.924687  0.302013  -0.231822  -0.327842  0.941211  -0.081496  0.193581  0.151359  0.969338  0.008622  0.025093  0.007383  2.296413  0.844124  -0.564598  1.000000  
160.204106 -0.004053  -0.021400  0.006197  0.924669  0.301993  -0.231921  -0.327193  0.941710  -0.078280  0.194762  0.148266  0.969580  0.008878  0.025187  0.007366  2.313324  0.846557  -0.566256  1.000000  
160.205350 -0.004040  -0.021368  0.006204  0.924692  0.301820  -0.232056  -0.326344  0.942284  -0.074840  0.196074  0.144934  0.969819  0.009034  0.025224  0.007284  2.340290  0.856836  -0.581973  1.000000  
160.206596 -0.004026  -0.021336  0.006214  0.924670  0.301807  -0.232160  -0.325694  0.942759  -0.071622  0.197255  0.141840  0.970037  0.009237  0.025252  0.007294  2.351931  0.863369  -0.583954  1.000000  
160.207599 -0.004016  -0.021310  0.006221  0.924671  0.301703  -0.232291  -0.325053  0.943182  -0.068905  0.198304  0.139221  0.970202  0.009395  0.025286  0.007408  2.365737  0.866559  -0.592257  1.000000  
160.208848 -0.004002  -0.021279  0.006231  0.924645  0.301725  -0.232364  -0.324402  0.943644  -0.065571  0.199484  0.136010  0.970416  0.009539  0.025316  0.007483  2.379436  0.867387  -0.599746  1.000000  
160.210095 -0.003989  -0.021247  0.006242  0.924659  0.301511  -0.232586  -0.323552  0.944153  -0.062357  0.200795  0.132912  0.970575  0.009722  0.025390  0.007639  2.392801  0.875716  -0.612018  1.000000  
160.211096 -0.003977  -0.021221  0.006252  0.924656  0.301387  -0.232761  -0.322910  0.944542  -0.059752  0.201844  0.130411  0.970697  0.009884  0.025419  0.007847  2.401154  0.881200  -0.617728  1.000000  
160.212098 -0.003966  -0.021195  0.006261  0.924650  0.301295  -0.232902  -0.322268  0.944929  -0.057032  0.202892  0.127792  0.970826  0.010076  0.025498  0.007940  2.409408  0.880853  -0.621554  1.000000  
160.213348 -0.003951  -0.021162  0.006273  0.924658  0.301120  -0.233097  -0.321417  0.945414  -0.053702  0.204202  0.124577  0.970970  0.010323  0.025628  0.008153  2.418851  0.889550  -0.633612  1.000000  
160.214349 -0.003938  -0.021136  0.006283  0.924624  0.300990  -0.233402  -0.320765  0.945782  -0.051054  0.205381  0.122072  0.971039  0.010627  0.025702  0.008262  2.424724  0.898671  -0.639350  1.000000  
160.215354 -0.003925  -0.021109  0.006293  0.924613  0.300906  -0.233550  -0.320122  0.946143  -0.048333  0.206428  0.119454  0.971143  0.010909  0.025845  0.008360  2.430931  0.908005  -0.645020  1.000000  
160.216602 -0.003909  -0.021076  0.006305  0.924615  0.300772  -0.233718  -0.319270  0.946600  -0.044887  0.207737  0.116122  0.971268  0.011233  0.025948  0.008446  2.443238  0.919939  -0.661069  1.000000  
160.217851 -0.003891  -0.021041  0.006317  0.924614  0.300613  -0.233927  -0.318417  0.947039  -0.041555  0.209046  0.112908  0.971366  0.011670  0.026118  0.008620  2.454000  0.925604  -0.665636  1.000000  
160.218870 -0.003876  -0.021014  0.006327  0.924598  0.300539  -0.234083  -0.317773  0.947371  -0.038833  0.210092  0.110290  0.971441  0.011944  0.026189  0.008819  2.458175  0.929940  -0.669990  1.000000  
160.220098 -0.003857  -0.020979  0.006339  0.924566  0.300375  -0.234421  -0.316911  0.947792  -0.035459  0.211531  0.107074  0.971488  0.012324  0.026362  0.009057  2.464936  0.944171  -0.682881  1.000000  
160.221104 -0.003842  -0.020952  0.006350  0.924547  0.300251  -0.234655  -0.316267  0.948097  -0.032967  0.212577  0.104693  0.971520  0.012663  0.026455  0.009326  2.462524  0.949110  -0.687707  1.000000  
160.222349 -0.003823  -0.020918  0.006364  0.924482  0.300054  -0.235158  -0.315395  0.948497  -0.029666  0.214146  0.101593  0.971504  0.013081  0.026601  0.009662  2.465129  0.964178  -0.696351  1.000000  
160.223597 -0.003802  -0.020884  0.006378  0.924470  0.299946  -0.235347  -0.314541  0.948882  -0.026218  0.215453  0.098264  0.971558  0.013586  0.026772  0.009937  2.465532  0.968730  -0.704075  1.000000  
160.224846 -0.003782  -0.020850  0.006392  0.924427  0.299772  -0.235735  -0.313677  0.949252  -0.022959  0.216890  0.095168  0.971546  0.014038  0.026928  0.010185  2.471232  0.974314  -0.708226  1.000000  
160.226098 -0.003760  -0.020815  0.006405  0.924410  0.299615  -0.236003  -0.312822  0.949606  -0.019742  0.218195  0.092076  0.971552  0.014565  0.027075  0.010247  2.472156  0.979330  -0.719203  1.000000  
160.227360 -0.003737  -0.020780  0.006420  0.924417  0.299475  -0.236152  -0.311977  0.949945  -0.016566  0.219370  0.088988  0.971575  0.015074  0.027207  0.010462  2.468847  0.980258  -0.722336  1.000000  
160.228598 -0.003714  -0.020745  0.006432  0.924367  0.299373  -0.236478  -0.311112  0.950283  -0.013077  0.220806  0.085659  0.971549  0.015710  0.027500  0.010488  2.476665  0.987558  -0.722288  1.000000  
160.229848 -0.003690  -0.020710  0.006446  0.924342  0.299230  -0.236757  -0.310256  0.950602  -0.009860  0.222111  0.082570  0.971519  0.016178  0.027544  0.010587  2.470616  0.993079  -0.730805  1.000000  
160.231111 -0.003665  -0.020675  0.006459  0.924406  0.298934  -0.236878  -0.309220  0.950968  -0.006619  0.223285  0.079366  0.971517  0.016799  0.027655  0.010602  2.466402  0.993847  -0.733511  1.000000  
160.232111 -0.003644  -0.020646  0.006471  0.924433  0.298647  -0.237135  -0.308383  0.951253  -0.004177  0.224328  0.076990  0.971468  0.017213  0.027752  0.010791  2.455849  0.994598  -0.744622  1.000000  
160.233358 -0.003618  -0.020610  0.006486  0.924373  0.298478  -0.237584  -0.307517  0.951542  -0.001036  0.225762  0.074018  0.971366  0.017722  0.027851  0.010991  2.451632  1.001507  -0.749262  1.000000  
160.234364 -0.003597  -0.020581  0.006498  0.924396  0.298168  -0.237883  -0.306679  0.951812  0.001290  0.226805  0.071762  0.971293  0.018178  0.027883  0.011123  2.439199  1.006154  -0.753255  1.000000  
160.235364 -0.003576  -0.020553  0.006511  0.924354  0.298114  -0.238112  -0.306032  0.952013  0.003895  0.227847  0.069270  0.971230  0.018565  0.027904  0.011301  2.431297  1.006697  -0.756684  1.000000  
160.236598 -0.003549  -0.020519  0.006527  0.924378  0.297742  -0.238484  -0.304984  0.952333  0.006829  0.229150  0.066421  0.971122  0.019128  0.027985  0.011407  2.418080  1.013345  -0.760994  1.000000  
160.237846 -0.003522  -0.020484  0.006542  0.924429  0.297411  -0.238701  -0.303946  0.952638  0.009837  0.230322  0.063458  0.971043  0.019504  0.028038  0.011522  2.411125  1.014683  -0.771412  1.000000  
160.238846 -0.003500  -0.020456  0.006554  0.924444  0.297142  -0.238977  -0.303108  0.952877  0.012276  0.231363  0.061087  0.970948  0.019914  0.028067  0.011507  2.399195  1.015316  -0.776705  1.000000  
160.239847 -0.003478  -0.020428  0.006565  0.924487  0.296855  -0.239167  -0.302279  0.953108  0.014559  0.232274  0.058836  0.970869  0.020257  0.028128  0.011519  2.389847  1.012475  -0.778868  1.000000  
160.241098 -0.003451  -0.020394  0.006578  0.924501  0.296497  -0.239555  -0.301231  0.953391  0.017490  0.233575  0.055991  0.970725  0.020644  0.028090  0.011518  2.375045  1.014185  -0.782202  1.000000  
160.242099 -0.003429  -0.020367  0.006590  0.924511  0.296209  -0.239875  -0.300392  0.953610  0.019812  0.234616  0.053740  0.970602  0.020911  0.028029  0.011558  2.363983  1.015133  -0.787655  1.000000  
160.243346 -0.003402  -0.020333  0.006604  0.924550  0.295866  -0.240147  -0.299353  0.953872  0.022702  0.235787  0.050900  0.970471  0.021157  0.027939  0.011641  2.349656  1.012615  -0.790644  1.000000  
160.244353 -0.003380  -0.020307  0.006615  0.924586  0.295590  -0.240350  -0.298523  0.954075  0.024982  0.236697  0.048652  0.970365  0.021266  0.027798  0.011709  2.336168  1.005525  -0.792748  1.000000  
160.245596 -0.003354  -0.020274  0.006629  0.924589  0.295427  -0.240536  -0.297684  0.954261  0.027765  0.237736  0.045932  0.970243  0.021441  0.027645  0.011681  2.318422  0.998715  -0.789902  1.000000  
160.246597 -0.003332  -0.020248  0.006641  0.924622  0.295155  -0.240744  -0.296854  0.954450  0.030044  0.238646  0.043686  0.970123  0.021548  0.027503  0.011784  2.304147  0.995732  -0.793589  1.000000  
160.247856 -0.003305  -0.020216  0.006656  0.924683  0.294801  -0.240942  -0.295824  0.954680  0.032776  0.239685  0.040969  0.969986  0.021540  0.027161  0.011693  2.280753  0.988434  -0.794844  1.000000  
160.249099 -0.003278  -0.020184  0.006669  0.924773  0.294456  -0.241021  -0.294804  0.954899  0.035468  0.240595  0.038254  0.969872  0.021579  0.026969  0.011539  2.266643  0.977051  -0.797588  1.000000  
160.250103 -0.003258  -0.020160  0.006680  0.924740  0.294359  -0.241266  -0.294164  0.955012  0.037680  0.241504  0.036128  0.969727  0.021575  0.026669  0.011446  2.249266  0.969891  -0.794269  1.000000  
160.251365 -0.003233  -0.020131  0.006694  0.924795  0.293985  -0.241511  -0.293134  0.955222  0.040295  0.242542  0.033531  0.969561  0.021413  0.026250  0.011314  2.233490  0.957777  -0.796680  1.000000  
160.252600 -0.003207  -0.020102  0.006707  0.924848  0.293613  -0.241759  -0.292104  0.955424  0.042908  0.243580  0.030935  0.969387  0.021330  0.025887  0.011163  2.211862  0.946777  -0.799871  1.000000  
160.253846 -0.003182  -0.020073  0.006720  0.924870  0.293416  -0.241913  -0.291273  0.955561  0.045416  0.244489  0.028459  0.969234  0.021246  0.025566  0.011077  2.181521  0.931056  -0.802649  1.000000  
160.254848 -0.003162  -0.020050  0.006730  0.924891  0.293103  -0.242213  -0.290443  0.955715  0.047460  0.245397  0.026454  0.969062  0.021053  0.025126  0.011026  2.167796  0.928052  -0.799824  1.000000  
160.256103 -0.003137  -0.020023  0.006743  0.924938  0.292741  -0.242471  -0.289412  0.955894  0.050071  0.246434  0.023861  0.968866  0.020877  0.024657  0.010971  2.148732  0.920896  -0.802993  1.000000  
