1-Time 2-Px 3-Py 4-Pz 5-R11 6-R21 7-R31 8-R12 9-R22 10-R32 11-R13 12-R23 13-R33 14-Vx 15-Vy 16-Vz 17-Wx 18-Wy 19-Wz 20-state
84.959091 -0.007217  -0.055160  0.011632  0.486643  0.871654  0.058294  -0.872648  0.488145  -0.014159  -0.040797  -0.043980  0.998199  -0.001073  -0.002468  0.000038  0.000000  0.000000  0.000000  1.000000  
84.960234 -0.007215  -0.055160  0.011627  0.486643  0.871647  0.058400  -0.872648  0.488147  -0.014099  -0.040797  -0.044101  0.998194  0.001937  -0.000515  -0.004578  0.000000  0.000000  0.000000  1.000000  
84.961476 -0.007184  -0.055136  0.011606  0.486823  0.871546  0.058403  -0.872547  0.488326  -0.014087  -0.040797  -0.044101  0.998194  0.014647  0.010457  -0.011464  0.000000  0.000000  0.000000  1.000000  
84.962476 -0.007153  -0.055109  0.011585  0.486823  0.871546  0.058403  -0.872547  0.488326  -0.014087  -0.040797  -0.044101  0.998194  0.019609  0.015495  -0.014525  0.000000  0.000000  0.000000  1.000000  
84.963770 -0.007130  -0.055085  0.011566  0.486823  0.871560  0.058191  -0.872547  0.488323  -0.014206  -0.040797  -0.043859  0.998204  0.019249  0.016476  -0.014518  0.000000  0.000000  0.000000  1.000000  
84.964985 -0.007121  -0.055070  0.011560  0.486823  0.871574  0.057980  -0.872547  0.488319  -0.014324  -0.040797  -0.043617  0.998215  0.016655  0.015463  -0.012466  0.000000  0.000000  0.000000  1.000000  
84.965988 -0.007119  -0.055059  0.011562  0.486820  0.871579  0.057939  -0.872543  0.488323  -0.014500  -0.040931  -0.043495  0.998215  0.014493  0.014834  -0.010278  0.000000  0.000000  0.000000  1.000000  
84.967231 -0.007112  -0.055036  0.011564  0.486641  0.871686  0.057830  -0.872643  0.488141  -0.014571  -0.040931  -0.043374  0.998220  0.013106  0.015423  -0.008497  0.000000  0.000000  0.000000  1.000000  
84.968234 -0.007107  -0.055015  0.011559  0.486461  0.871787  0.057827  -0.872743  0.487962  -0.014583  -0.040931  -0.043374  0.998220  0.012242  0.016065  -0.008099  0.000000  0.000000  0.000000  1.000000  
84.969476 -0.007100  -0.054989  0.011546  0.486461  0.871787  0.057827  -0.872743  0.487962  -0.014583  -0.040931  -0.043374  0.998220  0.011449  0.016676  -0.008339  0.000000  0.000000  0.000000  1.000000  
84.970477 -0.007093  -0.054969  0.011534  0.486464  0.871789  0.057762  -0.872748  0.487957  -0.014466  -0.040797  -0.043375  0.998226  0.011036  0.016913  -0.008659  0.000000  0.000000  0.000000  1.000000  
84.971728 -0.007083  -0.054942  0.011522  0.486466  0.871785  0.057803  -0.872753  0.487954  -0.014291  -0.040664  -0.043496  0.998226  0.010757  0.017381  -0.008814  0.000000  0.000000  0.000000  1.000000  
84.972976 -0.007072  -0.054908  0.011507  0.486287  0.871893  0.057694  -0.872853  0.487772  -0.014362  -0.040664  -0.043375  0.998231  0.010547  0.018281  -0.009105  0.000000  0.000000  0.000000  1.000000  
84.973978 -0.007060  -0.054873  0.011491  0.486104  0.871990  0.057756  -0.872948  0.487598  -0.014490  -0.040797  -0.043375  0.998226  0.010658  0.019388  -0.009571  0.000000  0.000000  0.000000  1.000000  
84.975226 -0.007036  -0.054821  0.011469  0.486102  0.871987  0.057821  -0.872943  0.487603  -0.014607  -0.040931  -0.043374  0.998220  0.011986  0.022624  -0.010571  0.000000  0.000000  0.000000  1.000000  
84.976229 -0.007005  -0.054773  0.011451  0.485916  0.872082  0.057948  -0.873034  0.487434  -0.014852  -0.041198  -0.043374  0.998209  0.012122  0.024623  -0.010529  0.000000  0.000000  0.000000  1.000000  
84.977476 -0.006965  -0.054711  0.011433  0.485914  0.872079  0.058013  -0.873029  0.487439  -0.014969  -0.041332  -0.043374  0.998204  0.012565  0.026535  -0.010077  0.000000  0.000000  0.000000  1.000000  
84.978476 -0.006939  -0.054666  0.011424  0.485914  0.872079  0.058013  -0.873029  0.487439  -0.014969  -0.041332  -0.043374  0.998204  0.012938  0.028500  -0.009633  0.000000  0.000000  0.000000  1.000000  
84.979728 -0.006921  -0.054613  0.011417  0.485737  0.872189  0.057839  -0.873134  0.487252  -0.014923  -0.041198  -0.043253  0.998214  0.013461  0.030716  -0.009572  0.000000  0.000000  0.000000  1.000000  
84.980733 -0.006915  -0.054573  0.011413  0.485737  0.872196  0.057734  -0.873134  0.487250  -0.014982  -0.041198  -0.043132  0.998220  0.013680  0.032690  -0.009907  0.000000  0.000000  0.000000  1.000000  
84.981737 -0.006909  -0.054533  0.011409  0.485554  0.872294  0.057795  -0.873229  0.487076  -0.015111  -0.041332  -0.043131  0.998214  0.013847  0.034499  -0.010509  0.000000  0.000000  0.000000  1.000000  
84.982987 -0.006899  -0.054482  0.011400  0.485554  0.872294  0.057795  -0.873229  0.487076  -0.015111  -0.041332  -0.043131  0.998214  0.014070  0.036105  -0.010790  0.000000  0.000000  0.000000  1.000000  
84.983991 -0.006888  -0.054442  0.011387  0.485372  0.872384  0.057963  -0.873324  0.486903  -0.015181  -0.041466  -0.043252  0.998203  0.014362  0.037168  -0.010947  0.000000  0.000000  0.000000  1.000000  
84.985233 -0.006872  -0.054391  0.011365  0.485192  0.872485  0.057960  -0.873424  0.486724  -0.015193  -0.041466  -0.043252  0.998203  0.014976  0.039164  -0.011449  0.000000  0.000000  0.000000  1.000000  
84.986481 -0.006855  -0.054338  0.011340  0.485192  0.872485  0.057960  -0.873424  0.486724  -0.015193  -0.041466  -0.043252  0.998203  0.015444  0.040967  -0.012298  0.000000  0.000000  0.000000  1.000000  
84.987728 -0.006836  -0.054279  0.011319  0.485192  0.872485  0.057960  -0.873424  0.486724  -0.015193  -0.041466  -0.043252  0.998203  0.016017  0.042663  -0.012719  0.000000  0.000000  0.000000  1.000000  
84.988980 -0.006816  -0.054215  0.011305  0.485192  0.872478  0.058066  -0.873424  0.486725  -0.015133  -0.041466  -0.043373  0.998198  0.016264  0.043985  -0.012355  0.000000  0.000000  0.000000  1.000000  
84.990226 -0.006797  -0.054151  0.011297  0.485187  0.872458  0.058407  -0.873414  0.486739  -0.015249  -0.041733  -0.043615  0.998176  0.015662  0.044652  -0.011325  0.000000  0.000000  0.000000  1.000000  
84.991226 -0.006781  -0.054099  0.011295  0.485181  0.872445  0.058643  -0.873404  0.486751  -0.015423  -0.042000  -0.043736  0.998160  0.014945  0.044929  -0.010386  0.000000  0.000000  0.000000  1.000000  
84.992476 -0.006760  -0.054037  0.011291  0.484999  0.872535  0.058810  -0.873499  0.486579  -0.015493  -0.042134  -0.043856  0.998149  0.013388  0.044924  -0.009459  0.000000  0.000000  0.000000  1.000000  
84.993482 -0.006749  -0.053991  0.011284  0.484996  0.872532  0.058875  -0.873494  0.486584  -0.015610  -0.042268  -0.043856  0.998143  0.012564  0.044945  -0.009410  0.000000  0.000000  0.000000  1.000000  
84.994726 -0.006742  -0.053939  0.011269  0.485173  0.872422  0.059049  -0.873390  0.486771  -0.015656  -0.042401  -0.043977  0.998132  0.011921  0.044942  -0.009874  0.000000  0.000000  0.000000  1.000000  
84.995728 -0.006744  -0.053900  0.011254  0.485173  0.872415  0.059155  -0.873390  0.486772  -0.015596  -0.042401  -0.044098  0.998127  0.011401  0.044832  -0.010586  0.000000  0.000000  0.000000  1.000000  
84.996978 -0.006744  -0.053851  0.011236  0.485350  0.872305  0.059329  -0.873285  0.486959  -0.015642  -0.042535  -0.044219  0.998116  0.010917  0.044780  -0.011444  0.000000  0.000000  0.000000  1.000000  
84.997992 -0.006739  -0.053811  0.011222  0.485347  0.872302  0.059393  -0.873280  0.486964  -0.015759  -0.042669  -0.044219  0.998110  0.010649  0.044789  -0.011881  0.000000  0.000000  0.000000  1.000000  
84.999239 -0.006731  -0.053761  0.011206  0.485524  0.872191  0.059567  -0.873175  0.487151  -0.015804  -0.042802  -0.044339  0.998099  0.010268  0.044764  -0.011818  0.000000  0.000000  0.000000  1.000000  
85.000482 -0.006725  -0.053710  0.011187  0.485521  0.872189  0.059632  -0.873170  0.487156  -0.015921  -0.042936  -0.044339  0.998093  0.009542  0.044738  -0.011389  0.000000  0.000000  0.000000  1.000000  
85.001728 -0.006718  -0.053657  0.011173  0.485878  0.871978  0.059810  -0.872965  0.487522  -0.015954  -0.043070  -0.044460  0.998082  0.008704  0.044584  -0.010766  0.000000  0.000000  0.000000  1.000000  
85.002979 -0.006708  -0.053597  0.011164  0.486055  0.871875  0.059878  -0.872860  0.487707  -0.016058  -0.043204  -0.044460  0.998077  0.008116  0.044481  -0.010072  0.000000  0.000000  0.000000  1.000000  
85.003992 -0.006696  -0.053547  0.011162  0.486232  0.871771  0.059946  -0.872755  0.487892  -0.016162  -0.043337  -0.044459  0.998071  0.007909  0.044361  -0.009506  0.000000  0.000000  0.000000  1.000000  
85.005007 -0.006685  -0.053498  0.011161  0.486586  0.871564  0.060083  -0.872544  0.488261  -0.016371  -0.043605  -0.044459  0.998059  0.007581  0.044121  -0.009208  0.000000  0.000000  0.000000  1.000000  
85.006226 -0.006677  -0.053442  0.011156  0.486762  0.871454  0.060257  -0.872439  0.488448  -0.016416  -0.043738  -0.044580  0.998048  0.006972  0.043807  -0.009238  0.000000  0.000000  0.000000  1.000000  
85.007476 -0.006673  -0.053390  0.011140  0.487116  0.871247  0.060394  -0.872228  0.488817  -0.016624  -0.044006  -0.044579  0.998036  0.005788  0.043106  -0.010087  0.000000  0.000000  0.000000  1.000000  
85.008476 -0.006674  -0.053351  0.011122  0.487292  0.871143  0.060462  -0.872123  0.489001  -0.016729  -0.044139  -0.044579  0.998030  0.004984  0.042652  -0.010842  0.000000  0.000000  0.000000  1.000000  
85.009476 -0.006674  -0.053313  0.011101  0.487649  0.870931  0.060640  -0.871917  0.489367  -0.016761  -0.044273  -0.044700  0.998019  0.004614  0.042442  -0.011346  0.000000  0.000000  0.000000  1.000000  
85.010481 -0.006677  -0.053276  0.011082  0.487828  0.870831  0.060644  -0.871816  0.489547  -0.016748  -0.044273  -0.044700  0.998019  0.004538  0.042347  -0.011699  0.000000  0.000000  0.000000  1.000000  
85.011728 -0.006682  -0.053229  0.011063  0.488184  0.870626  0.060716  -0.871610  0.489910  -0.016840  -0.044407  -0.044700  0.998013  0.004185  0.042156  -0.011721  0.000000  0.000000  0.000000  1.000000  
85.012977 -0.006687  -0.053182  0.011048  0.488543  0.870424  0.060723  -0.871409  0.490269  -0.016815  -0.044407  -0.044700  0.998013  0.003476  0.041988  -0.011597  0.000000  0.000000  0.000000  1.000000  
85.013993 -0.006690  -0.053141  0.011039  0.488899  0.870219  0.060795  -0.871203  0.490632  -0.016906  -0.044540  -0.044699  0.998007  0.002775  0.041987  -0.011316  0.000000  0.000000  0.000000  1.000000  
85.015234 -0.006692  -0.053088  0.011027  0.489255  0.870014  0.060867  -0.870996  0.490996  -0.016998  -0.044674  -0.044699  0.998001  0.002229  0.042212  -0.010880  0.000000  0.000000  0.000000  1.000000  
85.016481 -0.006691  -0.053031  0.011016  0.489610  0.869817  0.060834  -0.870789  0.491357  -0.017149  -0.044808  -0.044578  0.998001  0.001866  0.042459  -0.010563  0.051877  -0.103860  -0.176140  1.000000  
85.017482 -0.006688  -0.052984  0.011007  0.489786  0.869713  0.060903  -0.870683  0.491541  -0.017253  -0.044941  -0.044577  0.997995  0.001494  0.042365  -0.010650  0.052614  -0.108902  -0.184691  1.000000  
85.018727 -0.006684  -0.052924  0.010996  0.489966  0.869619  0.060801  -0.870582  0.491718  -0.017300  -0.044941  -0.044456  0.998000  0.001010  0.042352  -0.011117  0.044772  -0.108626  -0.191646  1.000000  
85.019731 -0.006682  -0.052877  0.010985  0.490145  0.869518  0.060805  -0.870482  0.491897  -0.017287  -0.044941  -0.044456  0.998000  0.000230  0.042217  -0.011970  0.041009  -0.099300  -0.198117  1.000000  
85.020978 -0.006685  -0.052820  0.010966  0.490503  0.869322  0.060707  -0.870280  0.492253  -0.017322  -0.044941  -0.044335  0.998005  -0.000557  0.042132  -0.012920  0.029409  -0.089700  -0.211552  1.000000  
85.022229 -0.006694  -0.052767  0.010943  0.490506  0.869333  0.060536  -0.870285  0.492246  -0.017265  -0.044808  -0.044214  0.998017  -0.001422  0.042225  -0.013358  0.021555  -0.080406  -0.218051  1.000000  
85.023477 -0.006708  -0.052716  0.010920  0.490685  0.869231  0.060539  -0.870184  0.492425  -0.017253  -0.044808  -0.044214  0.998017  -0.002329  0.042379  -0.013264  0.021694  -0.075001  -0.222951  1.000000  
85.024536 -0.006719  -0.052676  0.010907  0.490688  0.869241  0.060368  -0.870189  0.492418  -0.017196  -0.044674  -0.044094  0.998028  -0.002951  0.042375  -0.012768  0.013390  -0.066800  -0.217040  1.000000  
85.025732 -0.006735  -0.052625  0.010895  0.490691  0.869244  0.060302  -0.870194  0.492412  -0.017080  -0.044540  -0.044094  0.998034  -0.003766  0.042877  -0.012095  0.009023  -0.062725  -0.210349  1.000000  
85.026982 -0.006752  -0.052572  0.010888  0.490694  0.869247  0.060237  -0.870200  0.492407  -0.016963  -0.044407  -0.044094  0.998040  -0.004514  0.043322  -0.011497  0.004948  -0.053738  -0.209994  1.000000  
85.027983 -0.006765  -0.052528  0.010882  0.490700  0.869253  0.060106  -0.870210  0.492397  -0.016731  -0.044139  -0.044095  0.998052  -0.005220  0.043657  -0.011088  0.004894  -0.039932  -0.207705  1.000000  
85.029233 -0.006779  -0.052469  0.010872  0.490885  0.869157  0.059978  -0.870119  0.492566  -0.016486  -0.043872  -0.044095  0.998064  -0.005993  0.044192  -0.010989  0.000836  -0.026547  -0.207095  1.000000  
85.030498 -0.006787  -0.052406  0.010860  0.490888  0.869160  0.059912  -0.870124  0.492561  -0.016370  -0.043738  -0.044096  0.998069  -0.006453  0.044632  -0.011013  0.000543  -0.018086  -0.201502  1.000000  
85.031741 -0.006791  -0.052342  0.010844  0.490891  0.869156  0.059952  -0.870129  0.492557  -0.016193  -0.043605  -0.044217  0.998070  -0.006834  0.045108  -0.011345  0.000243  -0.009395  -0.194474  1.000000  
85.032985 -0.006796  -0.052280  0.010829  0.490894  0.869159  0.059886  -0.870134  0.492552  -0.016077  -0.043471  -0.044217  0.998076  -0.007446  0.045361  -0.011642  -0.000045  0.003790  -0.186634  1.000000  
85.033988 -0.006803  -0.052230  0.010817  0.490896  0.869162  0.059821  -0.870139  0.492547  -0.015961  -0.043337  -0.044217  0.998082  -0.008179  0.045393  -0.011742  -0.000354  0.007912  -0.178105  1.000000  
85.035004 -0.006813  -0.052181  0.010807  0.491081  0.869059  0.059798  -0.870048  0.492718  -0.015656  -0.043070  -0.044339  0.998088  -0.008893  0.045501  -0.011507  0.003392  0.025442  -0.170453  1.000000  
85.036228 -0.006831  -0.052123  0.010796  0.491266  0.868963  0.059670  -0.869957  0.492886  -0.015411  -0.042802  -0.044339  0.998099  -0.009725  0.045790  -0.010906  0.000000  0.000000  0.000000  1.000000  
85.037229 -0.006849  -0.052079  0.010789  0.491453  0.868878  0.059371  -0.869871  0.493048  -0.015110  -0.042401  -0.044219  0.998122  -0.010321  0.045920  -0.010256  0.000000  0.000000  0.000000  1.000000  
85.038477 -0.006872  -0.052024  0.010783  0.491817  0.868681  0.059246  -0.869678  0.493395  -0.014853  -0.042134  -0.044220  0.998133  -0.010930  0.046138  -0.009159  -0.004768  0.075068  -0.169653  1.000000  
85.039733 -0.006890  -0.051968  0.010778  0.492005  0.868588  0.059051  -0.869592  0.493559  -0.014492  -0.041733  -0.044220  0.998150  -0.011215  0.046598  -0.008325  0.000000  0.000000  0.000000  1.000000  
85.040977 -0.006905  -0.051907  0.010775  0.492368  0.868390  0.058926  -0.869399  0.493906  -0.014235  -0.041466  -0.044221  0.998161  -0.011168  0.047187  -0.007931  0.000000  0.000000  0.000000  1.000000  
85.041997 -0.006917  -0.051856  0.010770  0.492729  0.868183  0.058971  -0.869201  0.494260  -0.014035  -0.041332  -0.044342  0.998161  -0.010938  0.047712  -0.007832  0.000000  0.000000  0.000000  1.000000  
85.043011 -0.006927  -0.051804  0.010765  0.493089  0.867982  0.058911  -0.869003  0.494612  -0.013895  -0.041198  -0.044342  0.998167  -0.010721  0.048145  -0.007790  0.000000  0.000000  0.000000  1.000000  
85.044226 -0.006940  -0.051739  0.010757  0.493631  0.867682  0.058788  -0.868708  0.495138  -0.013626  -0.040931  -0.044343  0.998178  -0.010737  0.048644  -0.007655  -0.004506  0.128267  -0.172748  1.000000  
85.045477 -0.006949  -0.051672  0.010748  0.493994  0.867477  0.058766  -0.868514  0.495486  -0.013310  -0.040664  -0.044464  0.998183  -0.010797  0.048978  -0.007433  -0.000462  0.146104  -0.171946  1.000000  
85.046727 -0.006955  -0.051604  0.010740  0.494357  0.867279  0.058640  -0.868320  0.495833  -0.013053  -0.040396  -0.044465  0.998194  -0.010952  0.049265  -0.006947  0.003558  0.155001  -0.171552  1.000000  
85.047735 -0.006964  -0.051551  0.010734  0.494717  0.867077  0.058579  -0.868121  0.496185  -0.012913  -0.040263  -0.044465  0.998199  -0.011312  0.049398  -0.006519  0.007959  0.165544  -0.179464  1.000000  
85.048982 -0.006981  -0.051486  0.010731  0.495259  0.866770  0.058560  -0.867824  0.496712  -0.012585  -0.039995  -0.044587  0.998205  -0.011923  0.049601  -0.005729  0.012304  0.174834  -0.185944  1.000000  
85.050232 -0.007006  -0.051425  0.010731  0.495800  0.866469  0.058435  -0.867528  0.497237  -0.012316  -0.039728  -0.044587  0.998215  -0.012703  0.049594  -0.004884  0.016940  0.184427  -0.199373  1.000000  
85.051481 -0.007034  -0.051366  0.010733  0.496162  0.866277  0.058202  -0.867333  0.497581  -0.012121  -0.039460  -0.044467  0.998231  -0.013220  0.049753  -0.004068  0.017191  0.189208  -0.206110  1.000000  
85.052729 -0.007060  -0.051306  0.010732  0.496706  0.865978  0.058010  -0.867040  0.498101  -0.011737  -0.039059  -0.044467  0.998247  -0.013403  0.050232  -0.003577  0.017731  0.203326  -0.219355  1.000000  
85.053749 -0.007077  -0.051255  0.010729  0.497065  0.865776  0.057949  -0.866840  0.498452  -0.011598  -0.038926  -0.044468  0.998252  -0.013395  0.050593  -0.003523  0.022339  0.203774  -0.233010  1.000000  
85.054977 -0.007095  -0.051188  0.010722  0.497427  0.865584  0.057716  -0.866644  0.498797  -0.011402  -0.038658  -0.044347  0.998268  -0.013465  0.051272  -0.003745  0.018670  0.211776  -0.244612  1.000000  
85.055979 -0.007109  -0.051132  0.010716  0.497789  0.865384  0.057587  -0.866448  0.499143  -0.011147  -0.038391  -0.044347  0.998278  -0.013637  0.051681  -0.003883  0.019189  0.216843  -0.258123  1.000000  
85.057226 -0.007126  -0.051061  0.010710  0.498151  0.865191  0.057354  -0.866252  0.499488  -0.010952  -0.038123  -0.044227  0.998294  -0.013817  0.052175  -0.003907  0.015636  0.217404  -0.271804  1.000000  
85.058227 -0.007140  -0.051004  0.010709  0.498510  0.864989  0.057292  -0.866051  0.499839  -0.010813  -0.037990  -0.044227  0.998299  -0.014011  0.052563  -0.003652  0.015880  0.217702  -0.278650  1.000000  
85.059227 -0.007155  -0.050945  0.010710  0.498872  0.864789  0.057163  -0.865854  0.500185  -0.010558  -0.037722  -0.044227  0.998309  -0.014431  0.052966  -0.003104  0.016365  0.218332  -0.292386  1.000000  
85.060233 -0.007170  -0.050887  0.010712  0.499233  0.864595  0.056929  -0.865658  0.500529  -0.010364  -0.037455  -0.044107  0.998324  -0.015040  0.053235  -0.002449  0.012929  0.225326  -0.308579  1.000000  
85.061476 -0.007191  -0.050813  0.010715  0.499597  0.864398  0.056733  -0.865465  0.500870  -0.009993  -0.037054  -0.044107  0.998339  -0.015776  0.053612  -0.001767  0.009242  0.232903  -0.319193  1.000000  
85.062477 -0.007208  -0.050755  0.010716  0.499958  0.864198  0.056603  -0.865268  0.501215  -0.009739  -0.036786  -0.044108  0.998349  -0.016490  0.053955  -0.001342  0.009728  0.237975  -0.332714  1.000000  
85.063477 -0.007230  -0.050700  0.010718  0.500320  0.864004  0.056368  -0.865070  0.501560  -0.009545  -0.036519  -0.043987  0.998364  -0.017139  0.054202  -0.000969  0.006163  0.243006  -0.346222  1.000000  
85.064487 -0.007254  -0.050645  0.010718  0.500503  0.863907  0.056237  -0.864976  0.501728  -0.009302  -0.036251  -0.043988  0.998374  -0.017511  0.054506  -0.000885  0.002064  0.249484  -0.348810  1.000000  
85.065731 -0.007285  -0.050577  0.010718  0.500866  0.863716  0.055935  -0.864782  0.502067  -0.008993  -0.035850  -0.043867  0.998394  -0.017818  0.055131  -0.000920  -0.001885  0.249770  -0.355740  1.000000  
85.066985 -0.007313  -0.050507  0.010716  0.501229  0.863518  0.055738  -0.864588  0.502407  -0.008623  -0.035449  -0.043868  0.998408  -0.017926  0.055802  -0.001065  0.002314  0.250041  -0.362651  1.000000  
85.068232 -0.007338  -0.050434  0.010712  0.501592  0.863326  0.055435  -0.864394  0.502746  -0.008315  -0.035048  -0.043747  0.998428  -0.017940  0.056489  -0.001201  -0.001887  0.254520  -0.362485  1.000000  
85.069479 -0.007358  -0.050358  0.010707  0.501955  0.863128  0.055237  -0.864199  0.503087  -0.007945  -0.034647  -0.043748  0.998442  -0.018035  0.057202  -0.001115  -0.001774  0.254909  -0.369519  1.000000  
85.070728 -0.007379  -0.050281  0.010705  0.502498  0.862836  0.054869  -0.863905  0.503598  -0.007510  -0.034112  -0.043628  0.998465  -0.018260  0.057724  -0.000857  -0.005741  0.264126  -0.375981  1.000000  
85.071734 -0.007394  -0.050218  0.010705  0.502683  0.862741  0.054669  -0.863813  0.503761  -0.007153  -0.033711  -0.043628  0.998479  -0.018353  0.058124  -0.000476  -0.010187  0.272971  -0.368855  1.000000  
85.072977 -0.007414  -0.050139  0.010710  0.503047  0.862552  0.054298  -0.863622  0.504095  -0.006729  -0.033176  -0.043508  0.998502  -0.018526  0.058638  0.000051  -0.014283  0.284248  -0.365472  1.000000  
85.074231 -0.007435  -0.050060  0.010716  0.503589  0.862258  0.053929  -0.863326  0.504607  -0.006296  -0.032641  -0.043388  0.998525  -0.018647  0.059011  0.000387  -0.018640  0.290747  -0.367907  1.000000  
85.075477 -0.007458  -0.049982  0.010721  0.503954  0.862062  0.053662  -0.863134  0.504942  -0.005812  -0.032106  -0.043388  0.998542  -0.018952  0.059316  0.000584  -0.022656  0.301740  -0.364273  1.000000  
85.076727 -0.007481  -0.049905  0.010723  0.504318  0.861872  0.053290  -0.862941  0.505276  -0.005390  -0.031571  -0.043268  0.998565  -0.019075  0.059616  0.000465  -0.027342  0.313131  -0.360278  1.000000  
85.077749 -0.007501  -0.049845  0.010721  0.504681  0.861676  0.053022  -0.862748  0.505611  -0.004906  -0.031036  -0.043269  0.998581  -0.019091  0.059799  0.000273  -0.027713  0.324710  -0.362779  1.000000  
85.078977 -0.007524  -0.049769  0.010718  0.505224  0.861385  0.052583  -0.862454  0.506117  -0.004359  -0.030368  -0.043148  0.998607  -0.018868  0.060284  0.000022  -0.035245  0.337421  -0.362803  1.000000  
85.079979 -0.007545  -0.049710  0.010715  0.505590  0.861191  0.052247  -0.862263  0.506447  -0.003761  -0.029699  -0.043149  0.998627  -0.018590  0.060524  -0.000267  -0.035394  0.355223  -0.362001  1.000000  
85.080993 -0.007566  -0.049650  0.010715  0.505953  0.861000  0.051874  -0.862068  0.506781  -0.003340  -0.029164  -0.043029  0.998648  -0.018376  0.060959  -0.000201  -0.036087  0.362149  -0.357783  1.000000  
85.082236 -0.007591  -0.049574  0.010715  0.506497  0.860704  0.051469  -0.861775  0.507283  -0.002616  -0.028362  -0.043030  0.998671  -0.018092  0.061336  0.000032  -0.036058  0.380466  -0.363957  1.000000  
85.083484 -0.007611  -0.049494  0.010718  0.507216  0.860307  0.051028  -0.861374  0.507967  -0.002060  -0.027693  -0.042909  0.998695  -0.017963  0.061707  0.000469  -0.040115  0.394549  -0.370612  1.000000  
85.084734 -0.007631  -0.049413  0.010722  0.507757  0.860008  0.050690  -0.861076  0.508473  -0.001453  -0.027024  -0.042910  0.998713  -0.017871  0.062007  0.001166  -0.035963  0.408021  -0.376694  1.000000  
85.085977 -0.007650  -0.049332  0.010728  0.508299  0.859711  0.050283  -0.860781  0.508975  -0.000731  -0.026222  -0.042911  0.998735  -0.017848  0.062196  0.001585  -0.035661  0.422854  -0.379738  1.000000  
85.086977 -0.007665  -0.049269  0.010732  0.508663  0.859516  0.049944  -0.860587  0.509304  -0.000135  -0.025553  -0.042912  0.998752  -0.017769  0.062252  0.001794  -0.032069  0.439829  -0.382342  1.000000  
85.087979 -0.007682  -0.049205  0.010737  0.509203  0.859216  0.049603  -0.860287  0.509810  0.000471  -0.024884  -0.042913  0.998769  -0.017887  0.062207  0.001701  -0.032010  0.458081  -0.388455  1.000000  
85.088979 -0.007699  -0.049143  0.010740  0.509565  0.859021  0.049263  -0.860091  0.510139  0.001066  -0.024215  -0.042913  0.998785  -0.017949  0.062169  0.001592  -0.032201  0.471557  -0.387870  1.000000  
85.090227 -0.007723  -0.049066  0.010740  0.510283  0.858618  0.048852  -0.859688  0.510817  0.001796  -0.023413  -0.042914  0.998804  -0.018000  0.062134  0.001333  -0.027697  0.486163  -0.397717  1.000000  
85.091477 -0.007749  -0.048991  0.010740  0.510823  0.858320  0.048442  -0.859388  0.511317  0.002515  -0.022610  -0.042915  0.998823  -0.018155  0.061979  0.001186  -0.028176  0.503590  -0.400367  1.000000  
85.092477 -0.007770  -0.048932  0.010739  0.511363  0.858022  0.048030  -0.859088  0.511818  0.003234  -0.021807  -0.042916  0.998841  -0.018277  0.061967  0.001226  -0.027998  0.522193  -0.413435  1.000000  
85.093727 -0.007796  -0.048859  0.010740  0.511904  0.857726  0.047549  -0.858789  0.512313  0.004068  -0.020871  -0.042917  0.998861  -0.018399  0.061732  0.001462  -0.023792  0.540555  -0.416037  1.000000  
85.094732 -0.007817  -0.048799  0.010742  0.512443  0.857427  0.047135  -0.858487  0.512813  0.004785  -0.020068  -0.042917  0.998877  -0.018498  0.061698  0.001707  -0.023830  0.558616  -0.422075  1.000000  
85.095737 -0.007840  -0.048740  0.010745  0.512979  0.857125  0.046789  -0.858182  0.513318  0.005388  -0.019400  -0.042918  0.998890  -0.018566  0.061759  0.002080  -0.020017  0.572988  -0.432497  1.000000  
85.096977 -0.007867  -0.048664  0.010753  0.513518  0.856823  0.046410  -0.857880  0.513812  0.006282  -0.018463  -0.043040  0.998903  -0.018750  0.061729  0.002508  -0.015726  0.586308  -0.441535  1.000000  
85.097982 -0.007887  -0.048602  0.010759  0.514054  0.856520  0.046062  -0.857573  0.514316  0.006884  -0.017794  -0.043040  0.998915  -0.018969  0.061541  0.002890  -0.011716  0.599828  -0.447760  1.000000  
85.098983 -0.007905  -0.048540  0.010766  0.514591  0.856214  0.045749  -0.857267  0.514815  0.007662  -0.016992  -0.043162  0.998924  -0.019069  0.061462  0.003145  -0.007876  0.614017  -0.457890  1.000000  
85.100232 -0.007928  -0.048463  0.010773  0.515127  0.855914  0.045331  -0.856961  0.515314  0.008378  -0.016189  -0.043163  0.998937  -0.019461  0.061103  0.003245  -0.003950  0.623293  -0.464470  1.000000  
85.101483 -0.007951  -0.048386  0.010778  0.515841  0.855505  0.044945  -0.856549  0.515983  0.009279  -0.015252  -0.043284  0.998946  -0.019677  0.060849  0.003130  0.000137  0.642010  -0.477568  1.000000  
85.102727 -0.007977  -0.048310  0.010781  0.516376  0.855199  0.044629  -0.856240  0.516480  0.010056  -0.014450  -0.043406  0.998953  -0.019993  0.060722  0.003037  0.008118  0.651288  -0.484090  1.000000  
85.103735 -0.007999  -0.048252  0.010783  0.516910  0.854897  0.044208  -0.855931  0.516978  0.010771  -0.013647  -0.043407  0.998964  -0.020292  0.060404  0.002961  0.012009  0.660372  -0.490531  1.000000  
85.104977 -0.008028  -0.048179  0.010787  0.517620  0.854484  0.043888  -0.855514  0.517651  0.011556  -0.012844  -0.043528  0.998970  -0.020623  0.060108  0.003138  0.015955  0.669045  -0.499673  1.000000  
85.106227 -0.008060  -0.048109  0.010792  0.518155  0.854180  0.043500  -0.855204  0.518142  0.012446  -0.011908  -0.043650  0.998976  -0.021093  0.059790  0.003488  0.019799  0.684100  -0.506921  1.000000  
85.107477 -0.008093  -0.048039  0.010799  0.518864  0.853769  0.043107  -0.854786  0.518809  0.013345  -0.010971  -0.043772  0.998981  -0.021549  0.059535  0.004036  0.027813  0.698292  -0.517085  1.000000  
85.108727 -0.008125  -0.047968  0.010807  0.519397  0.853470  0.042613  -0.854474  0.519301  0.014171  -0.010035  -0.043772  0.998991  -0.021943  0.059361  0.004503  0.031430  0.706716  -0.516352  1.000000  
85.109727 -0.008150  -0.047910  0.010814  0.519928  0.853159  0.042360  -0.854159  0.519801  0.014831  -0.009366  -0.043893  0.998992  -0.022167  0.059313  0.004845  0.035200  0.710561  -0.525478  1.000000  
85.110997 -0.008179  -0.047836  0.010823  0.520460  0.852854  0.041968  -0.853844  0.520291  0.015719  -0.008429  -0.044015  0.998995  -0.022232  0.059141  0.005013  0.042966  0.715706  -0.522606  1.000000  
85.112227 -0.008208  -0.047761  0.010831  0.521167  0.852442  0.041570  -0.853422  0.520956  0.016615  -0.007493  -0.044137  0.998997  -0.022452  0.059138  0.005049  0.046489  0.719818  -0.531930  1.000000  
85.113477 -0.008235  -0.047686  0.010838  0.521697  0.852138  0.041142  -0.853105  0.521452  0.017325  -0.006690  -0.044137  0.999003  -0.022634  0.059012  0.004980  0.049998  0.723899  -0.524897  1.000000  
85.114484 -0.008257  -0.047625  0.010842  0.522226  0.851827  0.040885  -0.852786  0.521951  0.017984  -0.006021  -0.044258  0.999002  -0.022881  0.058888  0.004830  0.054108  0.729839  -0.529142  1.000000  
85.115491 -0.008280  -0.047565  0.010848  0.522579  0.851625  0.040562  -0.852575  0.522269  0.018748  -0.005218  -0.044380  0.999001  -0.023192  0.058718  0.004906  0.057750  0.734068  -0.528695  1.000000  
85.116732 -0.008310  -0.047491  0.010853  0.523283  0.851214  0.040127  -0.852147  0.522940  0.019465  -0.004415  -0.044380  0.999005  -0.023640  0.058598  0.004963  0.057417  0.734540  -0.535737  1.000000  
85.117983 -0.008340  -0.047418  0.010859  0.523811  0.850907  0.039728  -0.851827  0.523427  0.020350  -0.003479  -0.044501  0.999003  -0.023928  0.058460  0.005259  0.060994  0.738996  -0.535452  1.000000  
85.119227 -0.008376  -0.047347  0.010868  0.524339  0.850601  0.039328  -0.851506  0.523915  0.021235  -0.002542  -0.044622  0.999001  -0.024364  0.058391  0.005574  0.064123  0.742330  -0.530956  1.000000  
85.120228 -0.008404  -0.047290  0.010877  0.524865  0.850293  0.038964  -0.851183  0.524415  0.021828  -0.001873  -0.044622  0.999002  -0.024626  0.058341  0.005961  0.064207  0.743641  -0.535309  1.000000  
85.121476 -0.008440  -0.047219  0.010888  0.525392  0.849991  0.038459  -0.850860  0.524904  0.022648  -0.000937  -0.044622  0.999003  -0.024906  0.058441  0.006322  0.063228  0.746442  -0.530526  1.000000  
85.122477 -0.008468  -0.047161  0.010897  0.525742  0.849786  0.038201  -0.850644  0.525226  0.023296  -0.000268  -0.044744  0.998998  -0.024965  0.058606  0.006444  0.066781  0.741718  -0.523825  1.000000  
85.123477 -0.008494  -0.047102  0.010905  0.526267  0.849480  0.037765  -0.850319  0.525720  0.024002  0.000535  -0.044744  0.998998  -0.025009  0.058746  0.006624  0.066854  0.743453  -0.528425  1.000000  
85.124727 -0.008525  -0.047026  0.010914  0.526792  0.849177  0.037257  -0.849993  0.526209  0.024820  0.001472  -0.044744  0.998997  -0.025076  0.058949  0.006631  0.065825  0.741842  -0.523922  1.000000  
85.125736 -0.008549  -0.046965  0.010920  0.527316  0.848864  0.036992  -0.849666  0.526705  0.025475  0.002141  -0.044865  0.998991  -0.025100  0.059113  0.006592  0.069488  0.741773  -0.523809  1.000000  
85.126748 -0.008572  -0.046903  0.010926  0.527840  0.848557  0.036553  -0.849339  0.527198  0.026179  0.002944  -0.044865  0.998989  -0.025079  0.059214  0.006596  0.065456  0.742966  -0.527955  1.000000  
85.127755 -0.008595  -0.046841  0.010933  0.528363  0.848250  0.036114  -0.849010  0.527692  0.026883  0.003746  -0.044865  0.998986  -0.025117  0.059187  0.006630  0.065041  0.747421  -0.527736  1.000000  
85.128991 -0.008626  -0.046765  0.010943  0.529060  0.847830  0.035770  -0.848572  0.528356  0.027657  0.004549  -0.044986  0.998977  -0.025419  0.059391  0.006895  0.064637  0.743772  -0.535094  1.000000  
85.129998 -0.008652  -0.046704  0.010952  0.529582  0.847520  0.035399  -0.848243  0.528854  0.028246  0.005218  -0.044985  0.998974  -0.025604  0.059425  0.007221  0.064230  0.743455  -0.534868  1.000000  
85.130999 -0.008678  -0.046644  0.010962  0.530104  0.847212  0.034956  -0.847911  0.529347  0.028948  0.006021  -0.044985  0.998970  -0.025816  0.059397  0.007576  0.059697  0.743442  -0.534793  1.000000  
85.132233 -0.008713  -0.046570  0.010975  0.530624  0.846900  0.034616  -0.847580  0.529836  0.029713  0.006824  -0.045106  0.998959  -0.026088  0.059500  0.008058  0.059269  0.743855  -0.534954  1.000000  
85.133233 -0.008741  -0.046511  0.010986  0.531145  0.846589  0.034242  -0.847248  0.530333  0.030301  0.007493  -0.045106  0.998954  -0.026163  0.059574  0.008381  0.058887  0.743817  -0.534929  1.000000  
85.134486 -0.008777  -0.046437  0.011001  0.531839  0.846174  0.033720  -0.846804  0.530994  0.031121  0.008429  -0.045106  0.998947  -0.026287  0.059730  0.008702  0.054274  0.743780  -0.534835  1.000000  
85.135762 -0.008813  -0.046363  0.011015  0.532531  0.845762  0.033125  -0.846357  0.531650  0.032054  0.009500  -0.045105  0.998937  -0.026215  0.059832  0.008846  0.049583  0.747615  -0.534099  1.000000  
85.136983 -0.008846  -0.046286  0.011027  0.533223  0.845339  0.032773  -0.845912  0.532312  0.032824  0.010302  -0.045226  0.998924  -0.026088  0.060240  0.008937  0.049181  0.748744  -0.541461  1.000000  
85.138231 -0.008877  -0.046209  0.011040  0.533915  0.844920  0.032318  -0.845465  0.532977  0.033530  0.011105  -0.045226  0.998915  -0.025973  0.060501  0.009150  0.048685  0.744304  -0.541699  1.000000  
85.139236 -0.008901  -0.046146  0.011051  0.534433  0.844607  0.031940  -0.845129  0.533473  0.034114  0.011774  -0.045225  0.998907  -0.025883  0.060692  0.009396  0.044171  0.740024  -0.548670  1.000000  
85.140484 -0.008932  -0.046067  0.011066  0.535122  0.844189  0.031442  -0.844677  0.534123  0.035109  0.012844  -0.045346  0.998889  -0.025985  0.060884  0.009913  0.043590  0.744619  -0.548407  1.000000  
85.141734 -0.008963  -0.045988  0.011084  0.535811  0.843772  0.030912  -0.844226  0.534783  0.035924  0.013781  -0.045345  0.998876  -0.026093  0.061095  0.010524  0.042768  0.748710  -0.557722  1.000000  
85.142984 -0.008994  -0.045908  0.011103  0.536497  0.843354  0.030411  -0.843771  0.535432  0.036917  0.014851  -0.045466  0.998856  -0.026241  0.061172  0.011243  0.042475  0.754006  -0.554842  1.000000  
85.144232 -0.009029  -0.045831  0.011124  0.537184  0.842935  0.029878  -0.843317  0.536090  0.037731  0.015788  -0.045465  0.998841  -0.026461  0.061249  0.011914  0.037574  0.757862  -0.563912  1.000000  
85.145483 -0.009062  -0.045753  0.011144  0.537869  0.842516  0.029374  -0.842860  0.536738  0.038722  0.016858  -0.045585  0.998818  -0.026555  0.061438  0.012485  0.036925  0.762510  -0.570337  1.000000  
85.146483 -0.009090  -0.045691  0.011161  0.538382  0.842204  0.028918  -0.842516  0.537228  0.039416  0.017661  -0.045585  0.998804  -0.026623  0.061550  0.012981  0.036781  0.768363  -0.568031  1.000000  
85.147498 -0.009118  -0.045629  0.011177  0.539068  0.841778  0.028555  -0.842060  0.537886  0.040180  0.018463  -0.045705  0.998784  -0.026506  0.061739  0.013299  0.036173  0.768606  -0.581420  1.000000  
85.148501 -0.009145  -0.045567  0.011194  0.539580  0.841465  0.028098  -0.841714  0.538374  0.040873  0.019266  -0.045705  0.998769  -0.026371  0.061933  0.013615  0.035714  0.772950  -0.581105  1.000000  
85.149736 -0.009179  -0.045489  0.011214  0.540261  0.841045  0.027589  -0.841251  0.539021  0.041861  0.020336  -0.045825  0.998742  -0.026317  0.062278  0.014126  0.035054  0.778300  -0.588071  1.000000  
85.150987 -0.009212  -0.045409  0.011236  0.540940  0.840627  0.027005  -0.840785  0.539662  0.042960  0.021540  -0.045945  0.998712  -0.026241  0.062641  0.014703  0.038430  0.792012  -0.594235  1.000000  
85.152002 -0.009236  -0.045345  0.011254  0.541450  0.840311  0.026647  -0.840436  0.540145  0.043717  0.022343  -0.046065  0.998689  -0.026014  0.062730  0.015130  0.037908  0.791741  -0.593876  1.000000  
85.153231 -0.009266  -0.045263  0.011278  0.542127  0.839896  0.025958  -0.839967  0.540790  0.044749  0.023546  -0.046064  0.998661  -0.025990  0.063056  0.015972  0.037175  0.801536  -0.600745  1.000000  
85.154232 -0.009290  -0.045197  0.011299  0.542808  0.839467  0.025588  -0.839504  0.541445  0.045509  0.024349  -0.046184  0.998636  -0.025912  0.063286  0.016570  0.040650  0.801862  -0.607584  1.000000  
85.155484 -0.009320  -0.045114  0.011328  0.543485  0.839045  0.025071  -0.839034  0.542089  0.046493  0.025419  -0.046304  0.998604  -0.025904  0.063494  0.017459  0.039961  0.811414  -0.614116  1.000000  
85.156733 -0.009350  -0.045032  0.011357  0.544160  0.838622  0.024553  -0.838563  0.542732  0.047476  0.026489  -0.046424  0.998571  -0.025832  0.063726  0.018212  0.042986  0.814297  -0.615680  1.000000  
85.157981 -0.009382  -0.044950  0.011388  0.544835  0.838199  0.024033  -0.838090  0.543375  0.048458  0.027559  -0.046544  0.998536  -0.025813  0.063869  0.018977  0.046354  0.818393  -0.615118  1.000000  
85.159231 -0.009413  -0.044869  0.011417  0.545681  0.837664  0.023501  -0.837504  0.544190  0.049445  0.028629  -0.046663  0.998500  -0.025649  0.064087  0.019533  0.045585  0.823234  -0.621656  1.000000  
85.160303 -0.009438  -0.044804  0.011441  0.546358  0.837233  0.023124  -0.837035  0.544842  0.050201  0.029431  -0.046783  0.998471  -0.025333  0.064018  0.020018  0.049303  0.829041  -0.632614  1.000000  
85.161481 -0.009468  -0.044723  0.011469  0.547027  0.836812  0.022526  -0.836554  0.545478  0.051293  0.030635  -0.046903  0.998430  -0.025204  0.064550  0.020538  0.052293  0.842115  -0.634695  1.000000  
85.162733 -0.009499  -0.044642  0.011499  0.547697  0.836387  0.021999  -0.836076  0.546118  0.052272  0.031705  -0.047022  0.998391  -0.024961  0.064818  0.021201  0.051615  0.846595  -0.634334  1.000000  
85.163746 -0.009522  -0.044575  0.011524  0.548371  0.835955  0.021618  -0.835603  0.546769  0.053026  0.032507  -0.047142  0.998359  -0.024692  0.065063  0.021697  0.055398  0.853378  -0.645995  1.000000  
85.164751 -0.009546  -0.044509  0.011550  0.548873  0.835636  0.021247  -0.835242  0.547247  0.053776  0.033310  -0.047262  0.998327  -0.024403  0.065238  0.022428  0.058930  0.853517  -0.646008  1.000000  
85.165990 -0.009574  -0.044425  0.011584  0.549712  0.835097  0.020705  -0.834646  0.548058  0.054756  0.034379  -0.047381  0.998285  -0.024134  0.065549  0.023302  0.058131  0.859003  -0.653045  1.000000  
85.167237 -0.009602  -0.044341  0.011621  0.550376  0.834672  0.020200  -0.834158  0.548684  0.055910  0.035583  -0.047621  0.998231  -0.023988  0.065830  0.024186  0.065559  0.868228  -0.652625  1.000000  
85.168238 -0.009623  -0.044273  0.011651  0.551047  0.834239  0.019813  -0.833680  0.549333  0.056662  0.036385  -0.047741  0.998197  -0.023767  0.065972  0.024916  0.068903  0.872323  -0.658692  1.000000  
85.169481 -0.009649  -0.044189  0.011687  0.551712  0.833812  0.019278  -0.833193  0.549970  0.057635  0.037455  -0.047860  0.998152  -0.023548  0.066112  0.025537  0.072350  0.881664  -0.658444  1.000000  
85.170482 -0.009671  -0.044121  0.011717  0.552381  0.833378  0.018889  -0.832714  0.550617  0.058386  0.038257  -0.047980  0.998115  -0.023347  0.066232  0.025956  0.071063  0.879182  -0.659492  1.000000  
85.171734 -0.009698  -0.044038  0.011753  0.553043  0.832950  0.018350  -0.832224  0.551253  0.059358  0.039327  -0.048099  0.998068  -0.023100  0.066254  0.026399  0.075105  0.881617  -0.658126  1.000000  
85.172981 -0.009726  -0.043955  0.011789  0.553705  0.832522  0.017810  -0.831733  0.551889  0.060329  0.040396  -0.048218  0.998020  -0.022901  0.066378  0.026775  0.073654  0.883741  -0.659073  1.000000  
85.174231 -0.009754  -0.043872  0.011825  0.554536  0.831981  0.017256  -0.831126  0.552695  0.061303  0.041466  -0.048337  0.997970  -0.022648  0.066491  0.027287  0.076794  0.888509  -0.665608  1.000000  
85.175233 -0.009777  -0.043807  0.011854  0.555202  0.831545  0.016861  -0.830641  0.553340  0.062051  0.042268  -0.048456  0.997931  -0.022708  0.066799  0.027719  0.076770  0.887047  -0.671478  1.000000  
85.176283 -0.009799  -0.043741  0.011885  0.556034  0.831000  0.016277  -0.830036  0.554158  0.062844  0.043204  -0.048454  0.997891  -0.022347  0.066381  0.028083  0.075601  0.890685  -0.683913  1.000000  
85.177481 -0.009827  -0.043658  0.011923  0.556862  0.830456  0.015718  -0.829424  0.554963  0.063815  0.044273  -0.048573  0.997838  -0.022331  0.066670  0.028665  0.074256  0.894649  -0.686107  1.000000  
