1-Time 2-Px 3-Py 4-Pz 5-R11 6-R21 7-R31 8-R12 9-R22 10-R32 11-R13 12-R23 13-R33 14-Vx 15-Vy 16-Vz 17-Wx 18-Wy 19-Wz 20-state
42.128058 -0.000176  -0.035227  0.023244  0.919864  0.342173  -0.191750  -0.377143  0.905886  -0.192702  0.107766  0.249577  0.962340  -0.001920  -0.001285  -0.002954  0.000000  0.000000  0.000000  1.000000  
42.129061 -0.000177  -0.035228  0.023242  0.919864  0.342196  -0.191708  -0.377143  0.905909  -0.192592  0.107766  0.249460  0.962370  -0.000975  -0.000089  -0.002634  0.000000  0.000000  0.000000  1.000000  
42.130354 -0.000163  -0.035211  0.023222  0.919928  0.342026  -0.191705  -0.376948  0.906039  -0.192363  0.107899  0.249223  0.962417  0.006310  0.007972  -0.011023  0.000000  0.000000  0.000000  1.000000  
42.131562 -0.000141  -0.035185  0.023191  0.920006  0.341862  -0.191624  -0.376759  0.906133  -0.192293  0.107899  0.249106  0.962447  0.010750  0.013077  -0.016464  0.000000  0.000000  0.000000  1.000000  
42.132811 -0.000128  -0.035165  0.023168  0.919992  0.341855  -0.191701  -0.376754  0.906168  -0.192134  0.108032  0.248986  0.962463  0.010697  0.013805  -0.016896  0.000000  0.000000  0.000000  1.000000  
42.133812 -0.000125  -0.035158  0.023158  0.919992  0.341878  -0.191660  -0.376754  0.906192  -0.192024  0.108032  0.248869  0.962493  0.009265  0.012599  -0.015683  0.000000  0.000000  0.000000  1.000000  
42.135056 -0.000127  -0.035150  0.023149  0.919992  0.341901  -0.191618  -0.376754  0.906215  -0.191914  0.108032  0.248752  0.962523  0.007343  0.011395  -0.014085  0.000000  0.000000  0.000000  1.000000  
42.136061 -0.000128  -0.035140  0.023141  0.919992  0.341924  -0.191577  -0.376754  0.906238  -0.191804  0.108032  0.248636  0.962554  0.006174  0.011228  -0.013312  0.000000  0.000000  0.000000  1.000000  
42.137299 -0.000130  -0.035121  0.023128  0.919992  0.341971  -0.191494  -0.376754  0.906285  -0.191584  0.108032  0.248402  0.962614  0.005095  0.011852  -0.012886  0.000000  0.000000  0.000000  1.000000  
42.138546 -0.000129  -0.035099  0.023110  0.919901  0.342150  -0.191611  -0.376937  0.906250  -0.191386  0.108165  0.248282  0.962630  0.004628  0.012512  -0.013074  0.000000  0.000000  0.000000  1.000000  
42.139547 -0.000125  -0.035082  0.023096  0.919952  0.341925  -0.191769  -0.376737  0.906369  -0.191218  0.108431  0.248158  0.962632  0.004544  0.012945  -0.013226  0.000000  0.000000  0.000000  1.000000  
42.140548 -0.000122  -0.035065  0.023080  0.919939  0.341918  -0.191846  -0.376732  0.906405  -0.191059  0.108564  0.248037  0.962648  0.004410  0.013290  -0.013384  0.000000  0.000000  0.000000  1.000000  
42.141799 -0.000121  -0.035042  0.023057  0.919834  0.342043  -0.192124  -0.376910  0.906360  -0.190922  0.108830  0.248030  0.962620  0.004102  0.013720  -0.013898  0.000000  0.000000  0.000000  1.000000  
42.143047 -0.000117  -0.035014  0.023025  0.919821  0.342012  -0.192243  -0.376904  0.906372  -0.190873  0.108963  0.248027  0.962606  0.003990  0.014449  -0.014902  0.000000  0.000000  0.000000  1.000000  
42.144053 -0.000109  -0.034986  0.022993  0.919807  0.341981  -0.192362  -0.376899  0.906385  -0.190824  0.109096  0.248023  0.962592  0.004572  0.016098  -0.016666  0.000000  0.000000  0.000000  1.000000  
42.145299 -0.000086  -0.034942  0.022952  0.919807  0.341981  -0.192362  -0.376899  0.906385  -0.190824  0.109096  0.248023  0.962592  0.005148  0.017994  -0.018061  0.000000  0.000000  0.000000  1.000000  
42.146566 -0.000064  -0.034896  0.022919  0.919743  0.342199  -0.192283  -0.377094  0.906302  -0.190834  0.108963  0.248027  0.962606  0.005030  0.019241  -0.018068  0.000000  0.000000  0.000000  1.000000  
42.147835 -0.000053  -0.034855  0.022896  0.919730  0.342191  -0.192360  -0.377088  0.906337  -0.190675  0.109096  0.247906  0.962622  0.005042  0.020892  -0.018166  0.000000  0.000000  0.000000  1.000000  
42.149160 -0.000056  -0.034821  0.022878  0.919780  0.341943  -0.192559  -0.376888  0.906433  -0.190617  0.109362  0.247899  0.962593  0.004658  0.022518  -0.018604  0.000000  0.000000  0.000000  1.000000  
42.150324 -0.000063  -0.034788  0.022858  0.919753  0.341882  -0.192798  -0.376877  0.906458  -0.190519  0.109628  0.247892  0.962565  0.004373  0.024262  -0.019518  0.000000  0.000000  0.000000  1.000000  
42.151564 -0.000064  -0.034753  0.022829  0.919739  0.341875  -0.192875  -0.376871  0.906494  -0.190360  0.109761  0.247771  0.962581  0.004481  0.025520  -0.020648  0.000000  0.000000  0.000000  1.000000  
42.152818 -0.000059  -0.034715  0.022792  0.919803  0.341681  -0.192914  -0.376676  0.906600  -0.190241  0.109894  0.247651  0.962597  0.004829  0.026641  -0.022142  0.000000  0.000000  0.000000  1.000000  
42.154066 -0.000052  -0.034676  0.022750  0.919790  0.341674  -0.192992  -0.376671  0.906635  -0.190083  0.110027  0.247530  0.962613  0.005057  0.027785  -0.023687  0.000000  0.000000  0.000000  1.000000  
42.155322 -0.000048  -0.034638  0.022707  0.919790  0.341697  -0.192950  -0.376671  0.906659  -0.189973  0.110027  0.247414  0.962643  0.005060  0.028909  -0.025298  0.000000  0.000000  0.000000  1.000000  
42.156544 -0.000046  -0.034597  0.022669  0.919854  0.341480  -0.193030  -0.376476  0.906741  -0.189964  0.110160  0.247410  0.962628  0.005020  0.030014  -0.026290  0.000000  0.000000  0.000000  1.000000  
42.157547 -0.000044  -0.034562  0.022641  0.919918  0.341262  -0.193110  -0.376281  0.906824  -0.189955  0.110293  0.247406  0.962614  0.005024  0.030985  -0.026537  0.000000  0.000000  0.000000  1.000000  
42.158555 -0.000042  -0.034525  0.022615  0.919995  0.341076  -0.193071  -0.376091  0.906894  -0.189994  0.110293  0.247406  0.962614  0.004679  0.031757  -0.026128  0.000000  0.000000  0.000000  1.000000  
42.159805 -0.000036  -0.034478  0.022586  0.920059  0.340858  -0.193151  -0.375896  0.906977  -0.189985  0.110426  0.247403  0.962600  0.003726  0.032115  -0.025277  0.000000  0.000000  0.000000  1.000000  
42.161047 -0.000028  -0.034428  0.022562  0.920136  0.340695  -0.193071  -0.375707  0.907070  -0.189915  0.110426  0.247286  0.962630  0.002881  0.032378  -0.024579  0.000000  0.000000  0.000000  1.000000  
42.162066 -0.000027  -0.034391  0.022545  0.920200  0.340501  -0.193110  -0.375512  0.907176  -0.189796  0.110559  0.247165  0.962645  0.001873  0.032463  -0.024391  0.000000  0.000000  0.000000  1.000000  
42.163304 -0.000035  -0.034352  0.022523  0.920277  0.340314  -0.193071  -0.375322  0.907246  -0.189836  0.110559  0.247165  0.962645  0.001274  0.032740  -0.024586  0.000000  0.000000  0.000000  1.000000  
42.164547 -0.000050  -0.034319  0.022493  0.920404  0.339879  -0.193231  -0.374932  0.907411  -0.189818  0.110825  0.247158  0.962617  0.000547  0.032665  -0.025192  0.000000  0.000000  0.000000  1.000000  
42.165813 -0.000062  -0.034286  0.022456  0.920545  0.339499  -0.193231  -0.374548  0.907586  -0.189739  0.110958  0.247037  0.962632  0.000151  0.032613  -0.026061  0.000000  0.000000  0.000000  1.000000  
42.167058 -0.000065  -0.034247  0.022415  0.920699  0.339148  -0.193112  -0.374169  0.907749  -0.189708  0.110958  0.246921  0.962662  -0.000179  0.032777  -0.026631  0.000000  0.000000  0.000000  1.000000  
42.168068 -0.000064  -0.034213  0.022381  0.920762  0.338931  -0.193192  -0.373973  0.907831  -0.189700  0.111091  0.246917  0.962648  -0.000448  0.032982  -0.026823  0.000000  0.000000  0.000000  1.000000  
42.169312 -0.000066  -0.034170  0.022344  0.920916  0.338580  -0.193073  -0.373594  0.907994  -0.189669  0.111091  0.246800  0.962678  -0.001016  0.033254  -0.026509  0.000000  0.000000  0.000000  1.000000  
42.170319 -0.000074  -0.034138  0.022320  0.920993  0.338417  -0.192993  -0.373405  0.908087  -0.189599  0.111091  0.246683  0.962708  -0.001731  0.033312  -0.025777  0.000000  0.000000  0.000000  1.000000  
42.171571 -0.000086  -0.034098  0.022295  0.921133  0.338012  -0.193034  -0.373020  0.908238  -0.189630  0.111224  0.246680  0.962693  -0.002710  0.033270  -0.024851  0.000000  0.000000  0.000000  1.000000  
42.172817 -0.000096  -0.034054  0.022273  0.921363  0.337475  -0.192876  -0.372451  0.908470  -0.189639  0.111224  0.246563  0.962723  -0.003564  0.033153  -0.023984  0.000000  0.000000  0.000000  1.000000  
42.174060 -0.000102  -0.034008  0.022250  0.921440  0.337311  -0.192796  -0.372261  0.908562  -0.189568  0.111224  0.246446  0.962753  -0.004276  0.033112  -0.023539  0.000000  0.000000  0.000000  1.000000  
42.175072 -0.000106  -0.033973  0.022227  0.921593  0.336984  -0.192636  -0.371882  0.908747  -0.189427  0.111224  0.246213  0.962813  -0.004919  0.032851  -0.023644  0.041305  0.025218  -0.190952  1.000000  
42.176294 -0.000113  -0.033930  0.022193  0.921655  0.336790  -0.192676  -0.371686  0.908852  -0.189308  0.111357  0.246092  0.962828  -0.005645  0.032590  -0.024361  0.043531  0.030292  -0.204969  1.000000  
42.177305 -0.000122  -0.033900  0.022162  0.921732  0.336626  -0.192596  -0.371497  0.908944  -0.189238  0.111357  0.245975  0.962858  -0.006265  0.032174  -0.025279  0.046828  0.024300  -0.210563  1.000000  
42.178549 -0.000139  -0.033865  0.022121  0.921795  0.336431  -0.192636  -0.371301  0.909049  -0.189119  0.111490  0.245855  0.962874  -0.006686  0.032054  -0.026476  0.046033  0.022626  -0.217117  1.000000  
42.179555 -0.000153  -0.033838  0.022089  0.921871  0.336244  -0.192597  -0.371112  0.909118  -0.189159  0.111490  0.245855  0.962874  -0.006791  0.032125  -0.026899  0.046035  0.018311  -0.216083  1.000000  
42.180557 -0.000167  -0.033810  0.022059  0.921871  0.336268  -0.192556  -0.371112  0.909141  -0.189049  0.111490  0.245738  0.962903  -0.007102  0.032293  -0.026965  0.050443  0.009753  -0.215526  1.000000  
42.181802 -0.000179  -0.033769  0.022023  0.921934  0.336073  -0.192596  -0.370916  0.909245  -0.188930  0.111623  0.245618  0.962919  -0.007625  0.032408  -0.026688  0.049221  0.003685  -0.219220  1.000000  
42.182811 -0.000186  -0.033732  0.021998  0.921934  0.336073  -0.192596  -0.370916  0.909245  -0.188930  0.111623  0.245618  0.962919  -0.008136  0.032652  -0.026117  0.045945  0.005392  -0.212648  1.000000  
42.183814 -0.000194  -0.033694  0.021975  0.921920  0.336066  -0.192675  -0.370911  0.909280  -0.188771  0.111756  0.245497  0.962934  -0.008711  0.032822  -0.025543  0.046291  0.005463  -0.214375  1.000000  
42.185048 -0.000210  -0.033649  0.021949  0.921920  0.336090  -0.192634  -0.370911  0.909303  -0.188661  0.111756  0.245380  0.962964  -0.009269  0.033187  -0.025187  0.049951  0.005430  -0.212600  1.000000  
42.186301 -0.000228  -0.033606  0.021922  0.921906  0.336083  -0.192713  -0.370905  0.909338  -0.188503  0.111889  0.245260  0.962979  -0.009685  0.033389  -0.025313  0.050698  0.007149  -0.206038  1.000000  
42.187581 -0.000244  -0.033561  0.021891  0.921906  0.336129  -0.192631  -0.370905  0.909384  -0.188282  0.111889  0.245026  0.963038  -0.010038  0.033362  -0.025910  0.059950  0.004574  -0.199698  1.000000  
42.188821 -0.000255  -0.033515  0.021851  0.921816  0.336333  -0.192708  -0.371089  0.909373  -0.187974  0.112021  0.244789  0.963083  -0.010372  0.033403  -0.026997  0.000000  0.000000  0.000000  1.000000  
42.189834 -0.000263  -0.033480  0.021815  0.921816  0.336380  -0.192626  -0.371089  0.909418  -0.187753  0.112021  0.244555  0.963143  -0.010685  0.033399  -0.027915  0.000000  0.000000  0.000000  1.000000  
42.191065 -0.000279  -0.033437  0.021769  0.921864  0.336178  -0.192745  -0.370888  0.909557  -0.187476  0.112287  0.244314  0.963173  -0.011231  0.033418  -0.028687  0.000000  0.000000  0.000000  1.000000  
42.192076 -0.000296  -0.033403  0.021734  0.921850  0.336195  -0.192783  -0.370883  0.909615  -0.187207  0.112420  0.244077  0.963218  -0.011768  0.033624  -0.028922  0.000000  0.000000  0.000000  1.000000  
42.193295 -0.000323  -0.033364  0.021698  0.921899  0.336017  -0.192861  -0.370682  0.909777  -0.186820  0.112686  0.243719  0.963277  -0.012518  0.033905  -0.028801  0.000000  0.000000  0.000000  1.000000  
42.194304 -0.000344  -0.033331  0.021671  0.921885  0.336034  -0.192900  -0.370676  0.909834  -0.186551  0.112819  0.243482  0.963322  -0.012925  0.034383  -0.028336  0.000000  0.000000  0.000000  1.000000  
42.195324 -0.000363  -0.033298  0.021647  0.921947  0.335863  -0.192899  -0.370481  0.909961  -0.186322  0.112952  0.243244  0.963366  -0.013300  0.034616  -0.027837  0.000000  0.000000  0.000000  1.000000  
42.196571 -0.000385  -0.033255  0.021618  0.921933  0.335903  -0.192897  -0.370475  0.910040  -0.185943  0.113085  0.242890  0.963440  -0.013935  0.034799  -0.027450  0.000000  0.000000  0.000000  1.000000  
42.197821 -0.000403  -0.033205  0.021585  0.921995  0.335779  -0.192815  -0.370280  0.910212  -0.185493  0.113218  0.242419  0.963543  -0.014621  0.035015  -0.027529  0.140169  0.037569  -0.144328  1.000000  
42.199073 -0.000423  -0.033155  0.021551  0.922057  0.335632  -0.192774  -0.370084  0.910360  -0.185153  0.113351  0.242064  0.963616  -0.015052  0.035279  -0.028036  0.149044  0.043641  -0.138717  1.000000  
42.200298 -0.000444  -0.033106  0.021515  0.922105  0.335454  -0.192854  -0.369883  0.910521  -0.184765  0.113617  0.241706  0.963675  -0.015338  0.035656  -0.028661  0.156054  0.052016  -0.139906  1.000000  
42.201308 -0.000463  -0.033071  0.021484  0.922077  0.335465  -0.192971  -0.369872  0.910612  -0.184338  0.113883  0.241348  0.963733  -0.015642  0.035693  -0.029364  0.171083  0.060202  -0.128791  1.000000  
42.202315 -0.000481  -0.033035  0.021453  0.922139  0.335294  -0.192971  -0.369676  0.910738  -0.184109  0.114016  0.241111  0.963777  -0.016081  0.035721  -0.029736  0.174459  0.065719  -0.122181  1.000000  
42.203551 -0.000502  -0.032990  0.021412  0.922187  0.335140  -0.193010  -0.369475  0.910920  -0.183611  0.114281  0.240636  0.963864  -0.016801  0.035663  -0.029850  0.187457  0.076122  -0.117799  1.000000  
42.204558 -0.000522  -0.032954  0.021381  0.922144  0.335121  -0.193247  -0.369458  0.911023  -0.183135  0.114680  0.240274  0.963907  -0.017591  0.035727  -0.029518  0.197707  0.091454  -0.115257  1.000000  
42.205797 -0.000551  -0.032909  0.021345  0.922191  0.334968  -0.193287  -0.369257  0.911204  -0.182637  0.114946  0.239799  0.963994  -0.018444  0.035753  -0.028923  0.206794  0.097617  -0.109747  1.000000  
42.206832 -0.000578  -0.032875  0.021322  0.922225  0.334785  -0.193446  -0.369049  0.911397  -0.182091  0.115345  0.239320  0.964065  -0.019097  0.035811  -0.027965  0.218714  0.110588  -0.112857  1.000000  
42.208049 -0.000612  -0.032833  0.021296  0.922257  0.334625  -0.193565  -0.368842  0.911612  -0.181434  0.115743  0.238724  0.964165  -0.019698  0.035867  -0.027212  0.237590  0.118605  -0.114306  1.000000  
42.209300 -0.000645  -0.032790  0.021269  0.922290  0.334466  -0.193684  -0.368635  0.911826  -0.180778  0.116142  0.238128  0.964265  -0.020064  0.036127  -0.026809  0.255623  0.132603  -0.118384  1.000000  
42.210547 -0.000673  -0.032742  0.021238  0.922413  0.334172  -0.193606  -0.368244  0.912119  -0.180098  0.116408  0.237419  0.964407  -0.020396  0.036541  -0.026969  0.272172  0.136903  -0.132755  1.000000  
42.211548 -0.000695  -0.032703  0.021209  0.922460  0.334043  -0.193606  -0.368042  0.912320  -0.179489  0.116674  0.236826  0.964521  -0.020720  0.036854  -0.027281  0.290692  0.142437  -0.134882  1.000000  
42.212550 -0.000714  -0.032661  0.021179  0.922506  0.333914  -0.193606  -0.367841  0.912521  -0.178880  0.116939  0.236234  0.964634  -0.020979  0.036963  -0.027561  0.310360  0.149579  -0.143728  1.000000  
42.213552 -0.000734  -0.032621  0.021146  0.922538  0.333779  -0.193686  -0.367634  0.912755  -0.178112  0.117338  0.235521  0.964760  -0.021336  0.036978  -0.027910  0.327154  0.159711  -0.152306  1.000000  
42.214796 -0.000761  -0.032573  0.021109  0.922646  0.333480  -0.193690  -0.367236  0.913078  -0.177273  0.117737  0.234690  0.964914  -0.021718  0.036913  -0.028031  0.349835  0.165157  -0.167624  1.000000  
42.215822 -0.000785  -0.032536  0.021081  0.922753  0.333157  -0.193734  -0.366839  0.913379  -0.176545  0.118135  0.233977  0.965038  -0.022083  0.036803  -0.027820  0.371110  0.176189  -0.185342  1.000000  
42.217056 -0.000815  -0.032490  0.021049  0.922784  0.333047  -0.193775  -0.366631  0.913632  -0.175666  0.118534  0.233146  0.965190  -0.022585  0.036902  -0.027440  0.390857  0.183461  -0.194176  1.000000  
42.218300 -0.000847  -0.032443  0.021020  0.922876  0.332743  -0.193860  -0.366228  0.913985  -0.174669  0.119065  0.232195  0.965354  -0.023238  0.037094  -0.026700  0.413846  0.194614  -0.216775  1.000000  
42.219300 -0.000872  -0.032405  0.020998  0.922982  0.332421  -0.193906  -0.365830  0.914283  -0.173940  0.119464  0.231481  0.965477  -0.023700  0.037206  -0.025995  0.428250  0.200048  -0.231980  1.000000  
42.220336 -0.000897  -0.032367  0.020977  0.923088  0.332099  -0.193953  -0.365433  0.914580  -0.173212  0.119862  0.230767  0.965598  -0.023749  0.037271  -0.025330  0.445862  0.206991  -0.248969  1.000000  
42.221567 -0.000928  -0.032321  0.020950  0.923179  0.331820  -0.194001  -0.365029  0.914951  -0.172103  0.120394  0.229698  0.965787  -0.023764  0.037629  -0.025230  0.469943  0.214503  -0.257910  1.000000  
42.222802 -0.000956  -0.032274  0.020922  0.923269  0.331494  -0.194129  -0.364625  0.915278  -0.171216  0.120925  0.228863  0.965919  -0.023397  0.037879  -0.025243  0.489523  0.226147  -0.267709  1.000000  
42.224075 -0.000982  -0.032223  0.020890  0.923359  0.331215  -0.194178  -0.364221  0.915646  -0.170107  0.121456  0.227793  0.966105  -0.022826  0.038349  -0.025628  0.511874  0.231636  -0.282797  1.000000  
42.225300 -0.001002  -0.032168  0.020854  0.923448  0.330913  -0.194268  -0.363817  0.915991  -0.169108  0.121987  0.226841  0.966262  -0.022325  0.038906  -0.026026  0.531815  0.241640  -0.290535  1.000000  
42.226303 -0.001019  -0.032124  0.020824  0.923537  0.330612  -0.194359  -0.363413  0.916335  -0.168110  0.122519  0.225888  0.966418  -0.021967  0.039189  -0.026070  0.550124  0.255852  -0.307700  1.000000  
42.227305 -0.001036  -0.032081  0.020797  0.923641  0.330339  -0.194330  -0.363014  0.916667  -0.167159  0.122917  0.224939  0.966589  -0.021777  0.039434  -0.025953  0.574121  0.265274  -0.318829  1.000000  
42.228572 -0.001059  -0.032027  0.020767  0.923729  0.330085  -0.194342  -0.362610  0.917049  -0.165937  0.123448  0.223752  0.966797  -0.021583  0.039585  -0.025173  0.595973  0.273143  -0.332366  1.000000  
42.229815 -0.001085  -0.031976  0.020741  0.923816  0.329856  -0.194316  -0.362205  0.917449  -0.164605  0.123979  0.222447  0.967030  -0.021554  0.039801  -0.024440  0.627419  0.280515  -0.340842  1.000000  
42.231047 -0.001114  -0.031925  0.020718  0.923888  0.329599  -0.194411  -0.361795  0.917858  -0.163224  0.124643  0.221138  0.967245  -0.021580  0.040179  -0.023825  0.658764  0.292206  -0.350301  1.000000  
42.232101 -0.001138  -0.031885  0.020698  0.923916  0.329540  -0.194379  -0.361586  0.918135  -0.162120  0.125041  0.220070  0.967437  -0.021328  0.040268  -0.023321  0.687688  0.298868  -0.353557  1.000000  
42.233321 -0.001166  -0.031833  0.020671  0.923986  0.329285  -0.194476  -0.361175  0.918540  -0.160739  0.125705  0.218761  0.967648  -0.021108  0.040695  -0.023235  0.715656  0.310899  -0.363279  1.000000  
42.234326 -0.001185  -0.031790  0.020649  0.924072  0.329033  -0.194493  -0.360770  0.918912  -0.159517  0.126236  0.217572  0.967846  -0.020797  0.040982  -0.023214  0.742425  0.312416  -0.377439  1.000000  
42.235575 -0.001209  -0.031736  0.020619  0.924158  0.328830  -0.194432  -0.360365  0.919321  -0.158071  0.126767  0.216149  0.968096  -0.020272  0.041483  -0.023473  0.773794  0.319846  -0.385733  1.000000  
42.236804 -0.001230  -0.031681  0.020589  0.924227  0.328624  -0.194452  -0.359954  0.919756  -0.156465  0.127430  0.214603  0.968353  -0.019709  0.042115  -0.023715  0.804251  0.325324  -0.391588  1.000000  
42.237811 -0.001248  -0.031636  0.020565  0.924237  0.328563  -0.194504  -0.359739  0.920055  -0.155202  0.127961  0.213414  0.968546  -0.019410  0.042471  -0.023818  0.830145  0.332355  -0.395054  1.000000  
42.239066 -0.001269  -0.031580  0.020537  0.924305  0.328359  -0.194527  -0.359327  0.920485  -0.153596  0.128625  0.211868  0.968797  -0.019148  0.042903  -0.023570  0.861620  0.339946  -0.403343  1.000000  
42.240067 -0.001284  -0.031533  0.020517  0.924389  0.328110  -0.194549  -0.358921  0.920847  -0.152371  0.129155  0.210678  0.968986  -0.019061  0.043047  -0.022827  0.882386  0.349161  -0.409638  1.000000  
42.241340 -0.001302  -0.031473  0.020495  0.924456  0.327907  -0.194574  -0.358509  0.921271  -0.150764  0.129819  0.209132  0.969232  -0.018881  0.043269  -0.021835  0.908536  0.360804  -0.413959  1.000000  
42.242549 -0.001323  -0.031416  0.020477  0.924506  0.327702  -0.194681  -0.358091  0.921721  -0.148998  0.130615  0.207464  0.969484  -0.018851  0.043592  -0.020890  0.943051  0.374100  -0.424542  1.000000  
42.243554 -0.001341  -0.031372  0.020463  0.924571  0.327453  -0.194788  -0.357679  0.922104  -0.147614  0.131278  0.206152  0.969674  -0.018879  0.043745  -0.020286  0.961956  0.387172  -0.426543  1.000000  
42.244800 -0.001367  -0.031318  0.020446  0.924620  0.327251  -0.194898  -0.357260  0.922547  -0.145848  0.132074  0.204483  0.969919  -0.018822  0.043930  -0.019716  0.989404  0.394971  -0.434706  1.000000  
42.245809 -0.001387  -0.031275  0.020429  0.924627  0.327219  -0.194915  -0.357044  0.922848  -0.144470  0.132604  0.203174  0.970122  -0.018517  0.044048  -0.019552  1.006286  0.402360  -0.426068  1.000000  
42.246810 -0.001406  -0.031232  0.020411  0.924708  0.327021  -0.194865  -0.356638  0.923231  -0.143019  0.133135  0.201747  0.970347  -0.018221  0.044390  -0.019528  1.033515  0.408890  -0.436598  1.000000  
42.247815 -0.001423  -0.031188  0.020391  0.924771  0.326799  -0.194936  -0.356225  0.923621  -0.141522  0.133798  0.200317  0.970552  -0.017873  0.044466  -0.019418  1.057647  0.418092  -0.438032  1.000000  
42.248825 -0.001439  -0.031144  0.020370  0.924851  0.326603  -0.194887  -0.355818  0.923999  -0.140071  0.134328  0.198889  0.970772  -0.017481  0.044477  -0.019298  1.081447  0.422770  -0.438331  1.000000  
42.250065 -0.001458  -0.031088  0.020346  0.924986  0.326287  -0.194774  -0.355215  0.924518  -0.138164  0.134991  0.196987  0.971068  -0.017183  0.044636  -0.018913  1.114576  0.426944  -0.446006  1.000000  
42.251070 -0.001474  -0.031043  0.020328  0.925048  0.326091  -0.194810  -0.354801  0.924916  -0.136554  0.135654  0.195438  0.971289  -0.017103  0.044769  -0.018540  1.137272  0.434537  -0.453821  1.000000  
42.252301 -0.001494  -0.030986  0.020310  0.925165  0.325775  -0.194782  -0.354191  0.925452  -0.134487  0.136449  0.193413  0.971583  -0.017009  0.044869  -0.017843  1.171487  0.443291  -0.459035  1.000000  
42.253327 -0.001511  -0.030942  0.020297  0.925225  0.325581  -0.194821  -0.353777  0.925843  -0.132876  0.137112  0.191863  0.971797  -0.016973  0.044809  -0.017111  1.200809  0.451745  -0.462980  1.000000  
42.254564 -0.001531  -0.030886  0.020283  0.925323  0.325220  -0.194958  -0.353160  0.926364  -0.130874  0.138039  0.189952  0.972041  -0.017016  0.044650  -0.016184  1.226407  0.460417  -0.468076  1.000000  
42.255822 -0.001550  -0.030830  0.020269  0.925437  0.324908  -0.194937  -0.352549  0.926886  -0.128805  0.138834  0.187926  0.972321  -0.017005  0.044451  -0.015622  1.257845  0.468550  -0.475925  1.000000  
42.257058 -0.001571  -0.030777  0.020254  0.925533  0.324574  -0.195040  -0.351931  0.927413  -0.126690  0.139762  0.185896  0.972579  -0.017100  0.044105  -0.015303  1.285632  0.481263  -0.484802  1.000000  
42.258297 -0.001593  -0.030725  0.020238  0.925610  0.324218  -0.195266  -0.351306  0.927942  -0.124528  0.140822  0.183862  0.972812  -0.017060  0.043884  -0.015270  1.312754  0.499196  -0.487316  1.000000  
42.259299 -0.001610  -0.030685  0.020223  0.925648  0.324031  -0.195395  -0.350884  0.928338  -0.122755  0.141616  0.182189  0.973012  -0.016883  0.043636  -0.015333  1.335431  0.507378  -0.498474  1.000000  
42.260565 -0.001632  -0.030635  0.020203  0.925723  0.323679  -0.195626  -0.350259  0.928858  -0.120592  0.142676  0.180155  0.973236  -0.016550  0.043399  -0.015329  1.359135  0.524233  -0.504571  1.000000  
42.261793 -0.001652  -0.030584  0.020185  0.925813  0.323352  -0.195738  -0.349640  0.929363  -0.118475  0.143603  0.178123  0.973473  -0.016412  0.043282  -0.015121  1.378252  0.536912  -0.513006  1.000000  
42.262800 -0.001667  -0.030542  0.020170  0.925921  0.323001  -0.195809  -0.349027  0.929827  -0.116628  0.144397  0.176331  0.973682  -0.016268  0.043132  -0.014706  1.405736  0.545604  -0.524348  1.000000  
42.263805 -0.001682  -0.030500  0.020158  0.925938  0.322797  -0.196066  -0.348598  0.930214  -0.114808  0.145324  0.174654  0.973847  -0.016252  0.042977  -0.014088  1.420130  0.557483  -0.529088  1.000000  
42.264811 -0.001698  -0.030459  0.020148  0.925972  0.322616  -0.196203  -0.348176  0.930590  -0.113034  0.146118  0.172979  0.974027  -0.016252  0.042676  -0.013385  1.439470  0.571650  -0.534205  1.000000  
42.265819 -0.001713  -0.030417  0.020139  0.926076  0.322245  -0.196319  -0.347562  0.931028  -0.111299  0.146912  0.171304  0.974203  -0.016185  0.042453  -0.012852  1.454674  0.579966  -0.541861  1.000000  
42.267062 -0.001733  -0.030366  0.020129  0.926143  0.321952  -0.196485  -0.346935  0.931545  -0.108908  0.147971  0.169032  0.974440  -0.016214  0.042168  -0.012287  1.478167  0.593081  -0.550152  1.000000  
42.268065 -0.001749  -0.030325  0.020119  0.926174  0.321799  -0.196587  -0.346512  0.931921  -0.107019  0.148765  0.167238  0.974628  -0.016130  0.041884  -0.012000  1.496815  0.600632  -0.553926  1.000000  
42.269306 -0.001767  -0.030275  0.020106  0.926291  0.321298  -0.196859  -0.345686  0.932500  -0.104622  0.149956  0.164962  0.974834  -0.016004  0.041479  -0.012036  1.521455  0.617744  -0.570456  1.000000  
42.270310 -0.001781  -0.030236  0.020093  0.926320  0.321196  -0.196887  -0.345262  0.932891  -0.102507  0.150749  0.162931  0.975053  -0.016031  0.041454  -0.012231  1.541922  0.625171  -0.576775  1.000000  
42.271565 -0.001800  -0.030189  0.020076  0.926433  0.320699  -0.197164  -0.344436  0.933457  -0.100108  0.151940  0.160654  0.975246  -0.015881  0.040642  -0.012301  1.564542  0.638780  -0.588209  1.000000  
42.272798 -0.001820  -0.030142  0.020058  0.926563  0.320273  -0.197245  -0.343616  0.934032  -0.097529  0.152998  0.158143  0.975491  -0.015776  0.040305  -0.012460  1.596233  0.651328  -0.603334  1.000000  
42.273813 -0.001836  -0.030105  0.020045  0.926641  0.319941  -0.197421  -0.342994  0.934468  -0.095520  0.153923  0.156227  0.975654  -0.015647  0.039938  -0.012288  1.612997  0.658150  -0.616848  1.000000  
42.275070 -0.001855  -0.030059  0.020031  0.926787  0.319514  -0.197425  -0.342181  0.935011  -0.093098  0.154848  0.153837  0.975887  -0.015418  0.039662  -0.011899  1.635877  0.662556  -0.622919  1.000000  
42.276323 -0.001873  -0.030012  0.020021  0.926842  0.319238  -0.197612  -0.341551  0.935476  -0.090703  0.155906  0.151562  0.976075  -0.015300  0.039379  -0.011313  1.650324  0.675724  -0.630476  1.000000  
42.277542 -0.001890  -0.029964  0.020012  0.926896  0.318989  -0.197764  -0.340921  0.935946  -0.088194  0.156963  0.149169  0.976274  -0.015092  0.039255  -0.010818  1.669037  0.688302  -0.634284  1.000000  
42.278551 -0.001902  -0.029925  0.020006  0.926988  0.318659  -0.197865  -0.340304  0.936343  -0.086343  0.157756  0.147373  0.976419  -0.014934  0.039012  -0.010325  1.682631  0.694467  -0.645411  1.000000  
42.279585 -0.001915  -0.029886  0.020001  0.927058  0.318336  -0.198053  -0.339681  0.936752  -0.084333  0.158681  0.145456  0.976557  -0.014718  0.038747  -0.009992  1.690180  0.706347  -0.651953  1.000000  
42.280801 -0.001929  -0.029838  0.019992  0.927178  0.317900  -0.198195  -0.338859  0.937269  -0.081864  0.159737  0.143062  0.976738  -0.014426  0.038639  -0.009761  1.704411  0.713668  -0.661683  1.000000  
42.282055 -0.001943  -0.029791  0.019982  0.927226  0.317659  -0.198356  -0.338227  0.937713  -0.079353  0.160794  0.140668  0.976912  -0.013994  0.038316  -0.009749  1.720170  0.723953  -0.661592  1.000000  
42.283063 -0.001953  -0.029754  0.019974  0.927293  0.317342  -0.198551  -0.337603  0.938106  -0.077342  0.161718  0.138750  0.977034  -0.013627  0.038075  -0.009694  1.730988  0.732847  -0.668496  1.000000  
42.284081 -0.001963  -0.029717  0.019964  0.927358  0.317051  -0.198710  -0.336978  0.938503  -0.075217  0.162642  0.136714  0.977168  -0.013244  0.037798  -0.009568  1.742877  0.739494  -0.671684  1.000000  
42.285319 -0.001976  -0.029671  0.019953  0.927402  0.316793  -0.198917  -0.336346  0.938919  -0.072820  0.163698  0.134438  0.977307  -0.012901  0.037581  -0.009253  1.759147  0.750156  -0.676569  1.000000  
42.286328 -0.001988  -0.029636  0.019945  0.927465  0.316506  -0.199081  -0.335721  0.939305  -0.070694  0.164622  0.132402  0.977430  -0.012688  0.037441  -0.008866  1.766201  0.754795  -0.677847  1.000000  
42.287553 -0.002002  -0.029590  0.019939  0.927554  0.316067  -0.199363  -0.334889  0.939788  -0.068179  0.165810  0.130004  0.977551  -0.012425  0.037433  -0.008177  1.778100  0.764686  -0.684754  1.000000  
42.288825 -0.002018  -0.029546  0.019934  0.927662  0.315671  -0.199488  -0.334065  0.940265  -0.065594  0.166865  0.127491  0.977702  -0.012034  0.037240  -0.007342  1.790857  0.768817  -0.689624  1.000000  
42.290061 -0.002031  -0.029500  0.019931  0.927699  0.315471  -0.199629  -0.333431  0.940669  -0.062967  0.167921  0.124977  0.977846  -0.011722  0.037266  -0.006709  1.807762  0.771535  -0.681059  1.000000  
42.291066 -0.002040  -0.029464  0.019928  0.927778  0.315184  -0.199718  -0.332813  0.941018  -0.060999  0.168712  0.123062  0.977953  -0.011326  0.037175  -0.006349  1.814893  0.771954  -0.686529  1.000000  
42.292296 -0.002051  -0.029416  0.019924  0.927881  0.314819  -0.199814  -0.331988  0.941480  -0.058299  0.169767  0.120430  0.978098  -0.010946  0.037148  -0.006007  1.826027  0.774108  -0.693996  1.000000  
42.293305 -0.002059  -0.029378  0.019920  0.927936  0.314545  -0.199992  -0.331361  0.941830  -0.056172  0.170690  0.118394  0.978186  -0.010586  0.037050  -0.005874  1.836215  0.777448  -0.697218  1.000000  
42.294549 -0.002067  -0.029331  0.019914  0.928014  0.314170  -0.200218  -0.330527  0.942283  -0.053427  0.171876  0.115759  0.978294  -0.010141  0.037103  -0.005790  1.856013  0.783056  -0.703135  1.000000  
42.295550 -0.002073  -0.029294  0.019909  0.928044  0.313861  -0.200562  -0.329892  0.942620  -0.051371  0.172931  0.113838  0.978333  -0.009813  0.036959  -0.005665  1.864031  0.793426  -0.703077  1.000000  
42.296562 -0.002079  -0.029257  0.019906  0.928073  0.313579  -0.200871  -0.329257  0.942958  -0.049200  0.173985  0.111800  0.978381  -0.009368  0.036802  -0.005384  1.869108  0.802128  -0.708959  1.000000  
42.297800 -0.002087  -0.029212  0.019902  0.928078  0.313359  -0.201192  -0.328614  0.943312  -0.046643  0.175171  0.109403  0.978441  -0.009130  0.036722  -0.004979  1.873682  0.810424  -0.703345  1.000000  
42.298829 -0.002093  -0.029176  0.019902  0.928125  0.313095  -0.201382  -0.327986  0.943633  -0.044516  0.176093  0.107367  0.978501  -0.008836  0.036677  -0.004248  1.878659  0.809028  -0.705376  1.000000  
42.300052 -0.002103  -0.029131  0.019902  0.928127  0.312856  -0.201745  -0.327342  0.943969  -0.042073  0.177278  0.105089  0.978534  -0.008643  0.036664  -0.003577  1.872186  0.813407  -0.699502  1.000000  
42.301063 -0.002110  -0.029095  0.019904  0.928172  0.312573  -0.201977  -0.326713  0.944274  -0.040061  0.178200  0.103172  0.978571  -0.008339  0.036722  -0.002806  1.874791  0.817158  -0.702821  1.000000  
42.302326 -0.002119  -0.029050  0.019906  0.928215  0.312182  -0.202384  -0.325869  0.944675  -0.037387  0.179516  0.100654  0.978592  -0.007935  0.036559  -0.002204  1.873169  0.823036  -0.700877  1.000000  
42.303582 -0.002127  -0.029005  0.019909  0.928256  0.311769  -0.202834  -0.325025  0.945064  -0.034829  0.180832  0.098256  0.978594  -0.007398  0.036659  -0.001727  1.872278  0.833583  -0.699852  1.000000  
42.304857 -0.002134  -0.028959  0.019909  0.928294  0.311361  -0.203286  -0.324181  0.945445  -0.032271  0.182148  0.095858  0.978587  -0.006918  0.036588  -0.001455  1.870552  0.848190  -0.699029  1.000000  
42.306046 -0.002138  -0.028913  0.019908  0.928306  0.310969  -0.203828  -0.323328  0.945825  -0.029555  0.183595  0.093340  0.978561  -0.006527  0.036759  -0.001308  1.878693  0.864215  -0.708376  1.000000  
42.307293 -0.002142  -0.028866  0.019907  0.928316  0.310557  -0.204411  -0.322474  0.946194  -0.026955  0.185041  0.090940  0.978514  -0.006026  0.036702  -0.001143  1.878214  0.879361  -0.707888  1.000000  
42.308294 -0.002145  -0.028829  0.019907  0.928327  0.310304  -0.204744  -0.321836  0.946471  -0.024787  0.186093  0.088904  0.978502  -0.005734  0.036634  -0.000870  1.884379  0.888705  -0.713802  1.000000  
42.309542 -0.002149  -0.028784  0.019907  0.928332  0.309950  -0.205258  -0.320981  0.946831  -0.021958  0.187539  0.086269  0.978461  -0.005468  0.036478  -0.000461  1.894247  0.900629  -0.713422  1.000000  
42.310792 -0.002153  -0.028740  0.019911  0.928244  0.309759  -0.205941  -0.320309  0.947119  -0.019160  0.189116  0.083750  0.978377  -0.005285  0.036405  0.000184  1.896532  0.919902  -0.705573  1.000000  
42.311793 -0.002156  -0.028704  0.019915  0.928226  0.309530  -0.206368  -0.319661  0.947382  -0.016835  0.190298  0.081595  0.978330  -0.005039  0.036308  0.000714  1.902535  0.933766  -0.711696  1.000000  
42.312795 -0.002160  -0.028669  0.019920  0.928206  0.309279  -0.206834  -0.319013  0.947637  -0.014626  0.191480  0.079559  0.978267  -0.004848  0.036223  0.001218  1.906733  0.944466  -0.711003  1.000000  
42.313796 -0.002163  -0.028634  0.019926  0.928159  0.308997  -0.207464  -0.318356  0.947889  -0.012490  0.192793  0.077640  0.978163  -0.004630  0.036197  0.001624  1.906146  0.959218  -0.710547  1.000000  
42.314798 -0.002166  -0.028600  0.019932  0.928111  0.308692  -0.208133  -0.317699  0.948134  -0.010469  0.194106  0.075840  0.978045  -0.004347  0.036067  0.002051  1.896260  0.973353  -0.709582  1.000000  
42.315802 -0.002168  -0.028565  0.019938  0.928060  0.308416  -0.208766  -0.317042  0.948375  -0.008334  0.195418  0.073922  0.977930  -0.003877  0.035961  0.002316  1.896816  0.992985  -0.707597  1.000000  
42.316804 -0.002168  -0.028529  0.019942  0.928033  0.308127  -0.209315  -0.316392  0.948607  -0.006357  0.196599  0.072125  0.977828  -0.003486  0.035954  0.002462  1.892546  1.003515  -0.706709  1.000000  
42.317807 -0.002168  -0.028494  0.019948  0.927938  0.308062  -0.209830  -0.315934  0.948772  -0.004222  0.197780  0.070210  0.977729  -0.003040  0.035907  0.002705  1.891664  1.013723  -0.700572  1.000000  
42.319052 -0.002167  -0.028450  0.019953  0.927896  0.307686  -0.210567  -0.315067  0.949068  -0.001588  0.199353  0.067816  0.977578  -0.002485  0.035794  0.002928  1.886260  1.032945  -0.706647  1.000000  
42.320297 -0.002165  -0.028405  0.019960  0.927786  0.307485  -0.211344  -0.314391  0.949293  0.000973  0.200926  0.065541  0.977411  -0.001950  0.035685  0.003413  1.878540  1.053042  -0.698964  1.000000  
42.321308 -0.002161  -0.028369  0.019966  0.927725  0.307227  -0.211987  -0.313731  0.949507  0.003104  0.202237  0.063627  0.977268  -0.001459  0.035545  0.003966  1.872486  1.072026  -0.702895  1.000000  
42.322543 -0.002159  -0.028326  0.019977  0.927583  0.307079  -0.212818  -0.313045  0.949720  0.005936  0.203940  0.061115  0.977074  -0.001099  0.035394  0.004852  1.873086  1.091850  -0.697215  1.000000  
42.323792 -0.002156  -0.028283  0.019990  0.927503  0.306715  -0.213690  -0.312168  0.949988  0.008608  0.205643  0.058723  0.976864  -0.000691  0.035206  0.005538  1.867545  1.111008  -0.695702  1.000000  
42.325043 -0.002154  -0.028241  0.020004  0.927420  0.306332  -0.214602  -0.311290  0.950250  0.011162  0.207345  0.056451  0.976638  -0.000253  0.035034  0.006394  1.854250  1.130351  -0.694219  1.000000  
42.326043 -0.002152  -0.028208  0.020016  0.927348  0.306091  -0.215254  -0.310628  0.950439  0.013289  0.208653  0.054540  0.976468  0.000205  0.034837  0.006953  1.850088  1.141007  -0.692801  1.000000  
42.327293 -0.002147  -0.028167  0.020030  0.927284  0.305724  -0.216047  -0.309758  0.950684  0.015800  0.210223  0.052272  0.976255  0.000761  0.034698  0.007495  1.845040  1.155892  -0.690984  1.000000  
42.328297 -0.002143  -0.028134  0.020040  0.927208  0.305492  -0.216704  -0.309096  0.950862  0.017925  0.211531  0.050362  0.976073  0.001295  0.034484  0.007848  1.842619  1.169776  -0.696249  1.000000  
42.329549 -0.002138  -0.028093  0.020053  0.927084  0.305148  -0.217713  -0.308207  0.951096  0.020630  0.213362  0.047975  0.975795  0.001898  0.034318  0.008188  1.842753  1.195876  -0.693270  1.000000  
42.330793 -0.002130  -0.028052  0.020066  0.926984  0.304790  -0.218639  -0.307326  0.951322  0.023177  0.215061  0.045708  0.975530  0.002504  0.034170  0.008550  1.836880  1.213236  -0.693382  1.000000  
42.332046 -0.002122  -0.028011  0.020080  0.926908  0.304444  -0.219444  -0.306454  0.951539  0.025682  0.216628  0.043445  0.975287  0.003098  0.033974  0.009093  1.826543  1.223323  -0.697624  1.000000  
42.333053 -0.002115  -0.027978  0.020094  0.926821  0.304229  -0.220109  -0.305790  0.951693  0.027802  0.217934  0.041539  0.975079  0.003572  0.033784  0.009796  1.826683  1.235994  -0.694063  1.000000  
42.334321 -0.002106  -0.027936  0.020112  0.926767  0.303896  -0.220795  -0.304926  0.951895  0.030263  0.219370  0.039279  0.974851  0.004101  0.033532  0.010575  1.815143  1.240443  -0.690237  1.000000  
42.335549 -0.002097  -0.027896  0.020131  0.926682  0.303564  -0.221608  -0.304053  0.952092  0.032764  0.220937  0.037019  0.974585  0.004490  0.033326  0.011412  1.812249  1.250495  -0.690484  1.000000  
42.336799 -0.002088  -0.027855  0.020152  0.926593  0.303210  -0.222460  -0.303179  0.952285  0.035147  0.222502  0.034878  0.974308  0.004874  0.033093  0.012130  1.802437  1.258056  -0.685437  1.000000  
42.338049 -0.002080  -0.027816  0.020173  0.926502  0.302888  -0.223278  -0.302304  0.952468  0.037644  0.224067  0.032621  0.974028  0.005225  0.032815  0.012767  1.793393  1.264240  -0.682482  1.000000  
42.339293 -0.002072  -0.027777  0.020195  0.926469  0.302375  -0.224108  -0.301239  0.952705  0.040094  0.225632  0.030365  0.973739  0.005607  0.032645  0.013237  1.779162  1.268032  -0.688145  1.000000  
42.340293 -0.002066  -0.027746  0.020210  0.926429  0.301934  -0.224867  -0.300383  0.952897  0.041929  0.226935  0.028702  0.973487  0.005890  0.032396  0.013510  1.765665  1.273997  -0.692883  1.000000  
42.341294 -0.002058  -0.027715  0.020224  0.926354  0.301723  -0.225460  -0.299726  0.953015  0.043885  0.228108  0.026923  0.973264  0.006261  0.032293  0.013760  1.754252  1.276555  -0.694842  1.000000  
42.342542 -0.002049  -0.027677  0.020243  0.926280  0.301422  -0.226165  -0.298860  0.953171  0.046336  0.229540  0.024672  0.972986  0.006542  0.032070  0.014105  1.747030  1.272707  -0.693685  1.000000  
42.343542 -0.002042  -0.027647  0.020259  0.926262  0.301050  -0.226734  -0.298012  0.953336  0.048359  0.230712  0.022777  0.972755  0.006691  0.031916  0.014517  1.739535  1.268420  -0.696958  1.000000  
42.344543 -0.002036  -0.027616  0.020274  0.926180  0.300849  -0.227332  -0.297355  0.953441  0.050311  0.231884  0.021001  0.972517  0.006769  0.031820  0.014739  1.738828  1.269732  -0.694505  1.000000  
42.345793 -0.002028  -0.027577  0.020294  0.926160  0.300364  -0.228055  -0.296297  0.953640  0.052711  0.233315  0.018753  0.972220  0.006822  0.031686  0.015213  1.732488  1.262284  -0.697627  1.000000  
