1-Time 2-Px 3-Py 4-Pz 5-R11 6-R21 7-R31 8-R12 9-R22 10-R32 11-R13 12-R23 13-R33 14-Vx 15-Vy 16-Vz 17-Wx 18-Wy 19-Wz 20-state
140.601192 0.025853  -0.032803  -0.003797  0.818951  0.143186  0.555714  -0.560164  0.409789  0.719923  -0.124643  -0.900872  0.415805  0.005741  -0.001041  -0.006511  0.000000  0.000000  0.000000  1.000000  
140.602367 0.025853  -0.032803  -0.003797  0.818835  0.143337  0.555844  -0.560333  0.409847  0.719759  -0.124643  -0.900822  0.415914  -0.000443  -0.000874  0.000553  0.000000  0.000000  0.000000  1.000000  
140.603563 0.025848  -0.032796  -0.003795  0.818835  0.143337  0.555844  -0.560333  0.409847  0.719759  -0.124643  -0.900822  0.415914  -0.002445  0.003580  0.001315  0.000000  0.000000  0.000000  1.000000  
140.604811 0.025840  -0.032784  -0.003791  0.818734  0.143589  0.555929  -0.560511  0.409837  0.719626  -0.124510  -0.900786  0.416030  -0.003957  0.005716  0.002030  0.000000  0.000000  0.000000  1.000000  
140.605811 0.025836  -0.032776  -0.003789  0.818734  0.143723  0.555894  -0.560511  0.410011  0.719527  -0.124510  -0.900685  0.416249  -0.004013  0.006401  0.001962  0.000000  0.000000  0.000000  1.000000  
140.606812 0.025832  -0.032768  -0.003785  0.818618  0.143943  0.556008  -0.560679  0.410156  0.719313  -0.124510  -0.900584  0.416467  -0.004078  0.006639  0.002338  0.000000  0.000000  0.000000  1.000000  
140.607812 0.025825  -0.032758  -0.003781  0.818618  0.144078  0.555973  -0.560679  0.410331  0.719213  -0.124510  -0.900483  0.416686  -0.004509  0.007204  0.002597  0.000000  0.000000  0.000000  1.000000  
140.609065 0.025812  -0.032741  -0.003779  0.818503  0.144364  0.556068  -0.560848  0.410563  0.718949  -0.124510  -0.900332  0.417013  -0.005490  0.008231  0.002466  0.000000  0.000000  0.000000  1.000000  
140.610316 0.025796  -0.032723  -0.003780  0.818387  0.144584  0.556181  -0.561016  0.410707  0.718735  -0.124510  -0.900230  0.417232  -0.006572  0.009131  0.001981  0.000000  0.000000  0.000000  1.000000  
140.611564 0.025778  -0.032706  -0.003781  0.818170  0.144987  0.556396  -0.561363  0.410754  0.718438  -0.124377  -0.900144  0.417457  -0.007499  0.009711  0.001621  0.000000  0.000000  0.000000  1.000000  
140.612814 0.025763  -0.032688  -0.003778  0.818068  0.145306  0.556462  -0.561540  0.410830  0.718255  -0.124245  -0.900058  0.417682  -0.008017  0.010226  0.001685  0.000000  0.000000  0.000000  1.000000  
140.613822 0.025751  -0.032672  -0.003777  0.818082  0.145540  0.556381  -0.561550  0.410936  0.718187  -0.124112  -0.899972  0.417908  -0.008305  0.010634  0.001659  0.000000  0.000000  0.000000  1.000000  
140.615068 0.025735  -0.032650  -0.003776  0.817980  0.145859  0.556447  -0.561728  0.411012  0.718005  -0.123979  -0.899885  0.418133  -0.008718  0.011279  0.001610  0.000000  0.000000  0.000000  1.000000  
140.616074 0.025721  -0.032632  -0.003773  0.817878  0.146111  0.556531  -0.561905  0.411001  0.717872  -0.123846  -0.899850  0.418249  -0.009137  0.011783  0.001656  0.000000  0.000000  0.000000  1.000000  
140.617317 0.025701  -0.032605  -0.003770  0.817776  0.146430  0.556598  -0.562083  0.411077  0.717689  -0.123714  -0.899763  0.418475  -0.010138  0.013262  0.001820  0.000000  0.000000  0.000000  1.000000  
140.618563 0.025685  -0.032576  -0.003767  0.817660  0.146649  0.556710  -0.562251  0.411221  0.717475  -0.123714  -0.899662  0.418693  -0.010953  0.014733  0.001845  0.000000  0.000000  0.000000  1.000000  
140.619565 0.025672  -0.032552  -0.003764  0.817544  0.146869  0.556822  -0.562420  0.411365  0.717261  -0.123714  -0.899560  0.418911  -0.011398  0.015711  0.001814  0.000000  0.000000  0.000000  1.000000  
140.620813 0.025655  -0.032522  -0.003764  0.817558  0.147103  0.556740  -0.562429  0.411471  0.717193  -0.123581  -0.899474  0.419136  -0.012162  0.017099  0.001638  0.000000  0.000000  0.000000  1.000000  
140.621813 0.025638  -0.032496  -0.003763  0.817442  0.147391  0.556834  -0.562597  0.411701  0.716928  -0.123581  -0.899321  0.419464  -0.012981  0.018253  0.001406  0.000000  0.000000  0.000000  1.000000  
140.622813 0.025620  -0.032469  -0.003761  0.817442  0.147526  0.556798  -0.562597  0.411875  0.716828  -0.123581  -0.899219  0.419682  -0.013696  0.019369  0.001320  0.000000  0.000000  0.000000  1.000000  
140.623815 0.025603  -0.032441  -0.003759  0.817442  0.147728  0.556745  -0.562597  0.412136  0.716678  -0.123581  -0.899066  0.420009  -0.014183  0.020316  0.001380  0.000000  0.000000  0.000000  1.000000  
140.625070 0.025581  -0.032406  -0.003755  0.817442  0.147998  0.556673  -0.562597  0.412484  0.716478  -0.123581  -0.898862  0.420445  -0.014569  0.021441  0.001672  0.000000  0.000000  0.000000  1.000000  
140.626313 0.025558  -0.032373  -0.003750  0.817326  0.148421  0.556730  -0.562766  0.412888  0.716114  -0.123581  -0.898607  0.420990  -0.014953  0.022376  0.002022  0.000000  0.000000  0.000000  1.000000  
140.627567 0.025536  -0.032338  -0.003742  0.817326  0.148691  0.556658  -0.562766  0.413235  0.715913  -0.123581  -0.898403  0.421426  -0.015415  0.023690  0.002465  0.000000  0.000000  0.000000  1.000000  
140.628568 0.025517  -0.032309  -0.003734  0.817442  0.148808  0.556457  -0.562597  0.413526  0.715877  -0.123581  -0.898250  0.421753  -0.015788  0.024519  0.002891  0.000000  0.000000  0.000000  1.000000  
140.629819 0.025495  -0.032270  -0.003726  0.817442  0.149146  0.556366  -0.562597  0.413960  0.715626  -0.123581  -0.897994  0.422298  -0.016297  0.025756  0.003349  -0.265838  -0.075720  0.077055  1.000000  
140.631071 0.025473  -0.032232  -0.003720  0.817442  0.149348  0.556312  -0.562597  0.414221  0.715476  -0.123581  -0.897840  0.422624  -0.016512  0.026622  0.003553  -0.266898  -0.072497  0.073802  1.000000  
140.632318 0.025451  -0.032195  -0.003715  0.817429  0.149519  0.556286  -0.562588  0.414636  0.715242  -0.123714  -0.897620  0.423053  -0.016742  0.027456  0.003666  -0.274354  -0.067137  0.065827  1.000000  
140.633319 0.025435  -0.032165  -0.003712  0.817544  0.149569  0.556103  -0.562420  0.414840  0.715256  -0.123714  -0.897517  0.423271  -0.016945  0.027885  0.003695  -0.283423  -0.061342  0.063358  1.000000  
140.634565 0.025412  -0.032128  -0.003709  0.817660  0.149686  0.555901  -0.562251  0.415131  0.715220  -0.123714  -0.897363  0.423597  -0.017471  0.028364  0.003731  -0.289878  -0.050793  0.053495  1.000000  
140.635565 0.025390  -0.032100  -0.003707  0.817647  0.149722  0.555911  -0.562242  0.415373  0.715087  -0.123846  -0.897245  0.423808  -0.017987  0.028609  0.003858  -0.289884  -0.052684  0.049433  1.000000  
140.636814 0.025361  -0.032066  -0.003705  0.817762  0.149771  0.555728  -0.562074  0.415577  0.715101  -0.123846  -0.897142  0.424025  -0.018483  0.028689  0.003927  -0.288157  -0.040232  0.043629  1.000000  
140.637815 0.025337  -0.032041  -0.003702  0.817749  0.149807  0.555738  -0.562064  0.415818  0.714968  -0.123979  -0.897025  0.424236  -0.018981  0.028560  0.004038  -0.283233  -0.035907  0.036660  1.000000  
140.639063 0.025307  -0.032008  -0.003698  0.817864  0.149923  0.555537  -0.561896  0.416109  0.714931  -0.123979  -0.896870  0.424562  -0.019435  0.028445  0.004040  -0.284116  -0.029436  0.033484  1.000000  
140.640072 0.025283  -0.031980  -0.003695  0.817966  0.149874  0.555400  -0.561718  0.416382  0.714912  -0.124112  -0.896752  0.424773  -0.019840  0.028502  0.004016  -0.284716  -0.019142  0.023867  1.000000  
140.641314 0.025251  -0.031945  -0.003690  0.818068  0.149891  0.555245  -0.561540  0.416741  0.714842  -0.124245  -0.896582  0.425092  -0.020424  0.028607  0.003999  -0.284737  -0.010437  0.009820  1.000000  
140.642316 0.025225  -0.031916  -0.003687  0.818055  0.149994  0.555237  -0.561531  0.417069  0.714659  -0.124377  -0.896413  0.425411  -0.021025  0.028589  0.003746  -0.290315  -0.008126  -0.001154  1.000000  
140.643563 0.025195  -0.031879  -0.003682  0.818156  0.150011  0.555083  -0.561353  0.417427  0.714589  -0.124510  -0.896243  0.425730  -0.021470  0.028669  0.003463  -0.290360  0.000475  -0.015011  1.000000  
140.644564 0.025172  -0.031847  -0.003680  0.818143  0.150115  0.555075  -0.561344  0.417755  0.714405  -0.124643  -0.896073  0.426049  -0.021852  0.028720  0.003151  -0.297527  0.002840  -0.025977  1.000000  
140.645813 0.025143  -0.031806  -0.003678  0.818244  0.150199  0.554902  -0.561166  0.418200  0.714284  -0.124776  -0.895851  0.426477  -0.022307  0.028920  0.002867  -0.303935  0.011359  -0.039852  1.000000  
140.646825 0.025118  -0.031774  -0.003673  0.818244  0.150468  0.554829  -0.561166  0.418547  0.714081  -0.124776  -0.895644  0.426911  -0.022884  0.028960  0.002953  -0.313635  0.017645  -0.043096  1.000000  
140.648074 0.025085  -0.031736  -0.003665  0.818346  0.150552  0.554656  -0.560988  0.418992  0.713959  -0.124908  -0.895421  0.427339  -0.023702  0.029080  0.003206  -0.320041  0.026212  -0.057085  1.000000  
140.649320 0.025052  -0.031698  -0.003657  0.818332  0.150655  0.554649  -0.560978  0.419320  0.713775  -0.125041  -0.895251  0.427657  -0.024397  0.029144  0.003545  -0.323314  0.030490  -0.064099  1.000000  
140.650568 0.025017  -0.031660  -0.003650  0.818332  0.150924  0.554576  -0.560978  0.419666  0.713571  -0.125041  -0.895043  0.428091  -0.024911  0.029313  0.003760  -0.331472  0.028547  -0.068177  1.000000  
140.651817 0.024980  -0.031624  -0.003644  0.818203  0.151114  0.554715  -0.561137  0.419962  0.713272  -0.125174  -0.894872  0.428410  -0.025429  0.029558  0.004064  -0.331458  0.026600  -0.072251  1.000000  
140.653066 0.024943  -0.031589  -0.003639  0.818189  0.151217  0.554707  -0.561128  0.420289  0.713086  -0.125307  -0.894701  0.428728  -0.025922  0.029711  0.004162  -0.327498  0.024655  -0.076355  1.000000  
140.654314 0.024907  -0.031553  -0.003636  0.818175  0.151387  0.554681  -0.561119  0.420703  0.712850  -0.125439  -0.894478  0.429155  -0.026297  0.029892  0.004081  -0.327435  0.022688  -0.080417  1.000000  
140.655564 0.024871  -0.031515  -0.003634  0.818060  0.151676  0.554772  -0.561287  0.420931  0.712583  -0.125439  -0.894322  0.429481  -0.026654  0.030055  0.003939  -0.323358  0.022654  -0.080427  1.000000  
140.656564 0.024844  -0.031484  -0.003635  0.818046  0.151779  0.554765  -0.561277  0.421258  0.712397  -0.125572  -0.894150  0.429799  -0.026754  0.030321  0.003585  -0.323376  0.020697  -0.084503  1.000000  
140.657814 0.024809  -0.031443  -0.003638  0.817917  0.152036  0.554885  -0.561436  0.421640  0.712046  -0.125705  -0.893926  0.430225  -0.026988  0.030584  0.003116  -0.320156  0.012518  -0.085629  1.000000  
140.659066 0.024777  -0.031400  -0.003638  0.817787  0.152294  0.555005  -0.561595  0.422022  0.711694  -0.125838  -0.893702  0.430652  -0.027093  0.030881  0.002864  -0.321851  -0.001857  -0.083787  1.000000  
140.660069 0.024750  -0.031365  -0.003638  0.817658  0.152484  0.555144  -0.561754  0.422317  0.711394  -0.125970  -0.893531  0.430969  -0.027408  0.031041  0.002766  -0.324203  -0.009935  -0.084223  1.000000  
140.661347 0.024717  -0.031321  -0.003635  0.817528  0.152809  0.555245  -0.561913  0.422785  0.710990  -0.126103  -0.893254  0.431504  -0.027530  0.031248  0.002616  -0.327356  -0.018183  -0.085914  1.000000  
140.662565 0.024684  -0.031276  -0.003631  0.817384  0.153036  0.555394  -0.562062  0.423320  0.710554  -0.126369  -0.892962  0.432031  -0.027668  0.031651  0.002522  -0.337586  -0.032576  -0.084136  1.000000  
140.663586 0.024655  -0.031241  -0.003627  0.817371  0.153275  0.555349  -0.562052  0.423818  0.710264  -0.126501  -0.892684  0.432565  -0.027766  0.031951  0.002321  -0.349543  -0.034524  -0.088111  1.000000  
140.664820 0.024619  -0.031196  -0.003623  0.817241  0.153668  0.555431  -0.562211  0.424371  0.709808  -0.126634  -0.892354  0.433207  -0.027899  0.032545  0.002084  -0.363673  -0.048914  -0.086261  1.000000  
140.666069 0.024583  -0.031150  -0.003618  0.817111  0.154061  0.555513  -0.562370  0.424923  0.709352  -0.126767  -0.892023  0.433849  -0.027900  0.033137  0.001961  -0.377742  -0.054696  -0.082591  1.000000  
140.667072 0.024554  -0.031114  -0.003614  0.816981  0.154455  0.555594  -0.562528  0.425475  0.708895  -0.126899  -0.891692  0.434491  -0.027946  0.033708  0.001929  -0.398838  -0.067553  -0.077293  1.000000  
140.668316 0.024518  -0.031067  -0.003610  0.816953  0.154663  0.555578  -0.562509  0.426127  0.708520  -0.127165  -0.891345  0.435125  -0.027782  0.034413  0.001858  -0.416101  -0.077687  -0.082409  1.000000  
140.669564 0.024482  -0.031019  -0.003605  0.816810  0.155026  0.555688  -0.562658  0.426831  0.707977  -0.127430  -0.890944  0.435866  -0.027792  0.035155  0.002029  -0.434180  -0.092063  -0.080464  1.000000  
140.670814 0.024449  -0.030970  -0.003602  0.816666  0.155389  0.555798  -0.562807  0.427535  0.707434  -0.127696  -0.890543  0.436608  -0.027694  0.035931  0.002198  -0.452253  -0.106433  -0.078500  1.000000  
140.672070 0.024415  -0.030919  -0.003598  0.816521  0.155753  0.555908  -0.562955  0.428239  0.706889  -0.127961  -0.890142  0.437349  -0.027625  0.036648  0.002572  -0.465320  -0.114609  -0.079486  1.000000  
140.673314 0.024381  -0.030867  -0.003594  0.816363  0.156020  0.556066  -0.563094  0.429010  0.706311  -0.128359  -0.889724  0.438081  -0.027692  0.037297  0.002982  -0.483445  -0.130943  -0.081545  1.000000  
140.674564 0.024348  -0.030816  -0.003589  0.816205  0.156354  0.556204  -0.563233  0.429865  0.705680  -0.128757  -0.889252  0.438922  -0.027721  0.037758  0.003281  -0.500535  -0.139922  -0.085842  1.000000  
140.675566 0.024320  -0.030774  -0.003587  0.816176  0.156630  0.556168  -0.563213  0.430600  0.705248  -0.129023  -0.888848  0.439661  -0.027813  0.038225  0.003302  -0.517822  -0.149279  -0.087511  1.000000  
140.676815 0.024286  -0.030722  -0.003586  0.816004  0.156867  0.556355  -0.563342  0.431521  0.704581  -0.129553  -0.888359  0.440493  -0.027817  0.038730  0.003217  -0.530790  -0.162082  -0.099783  1.000000  
140.678065 0.024249  -0.030671  -0.003585  0.815845  0.157203  0.556493  -0.563480  0.432375  0.703947  -0.129951  -0.887885  0.441332  -0.028085  0.039171  0.002989  -0.548738  -0.178299  -0.101723  1.000000  
140.679319 0.024211  -0.030620  -0.003585  0.815671  0.157509  0.556661  -0.563609  0.433381  0.703226  -0.130482  -0.887340  0.442270  -0.028175  0.039636  0.002668  -0.573757  -0.190303  -0.110607  1.000000  
140.680323 0.024181  -0.030577  -0.003584  0.815628  0.157688  0.556673  -0.563579  0.434180  0.702756  -0.130880  -0.886917  0.442999  -0.028264  0.040025  0.002434  -0.590718  -0.197860  -0.123507  1.000000  
140.681570 0.024143  -0.030524  -0.003582  0.815454  0.158063  0.556822  -0.563707  0.435269  0.701979  -0.131411  -0.886316  0.444043  -0.028340  0.040546  0.002258  -0.619353  -0.203906  -0.135481  1.000000  
140.682571 0.024112  -0.030481  -0.003579  0.815396  0.158213  0.556864  -0.563667  0.436220  0.701421  -0.131941  -0.885822  0.444872  -0.028437  0.040941  0.002199  -0.639696  -0.209908  -0.147440  1.000000  
140.683817 0.024074  -0.030425  -0.003573  0.815222  0.158656  0.556993  -0.563794  0.437392  0.700588  -0.132472  -0.885165  0.446021  -0.028653  0.041576  0.002320  -0.673294  -0.222156  -0.156355  1.000000  
140.685066 0.024036  -0.030367  -0.003565  0.815134  0.158815  0.557076  -0.563734  0.438730  0.699800  -0.133267  -0.884473  0.447154  -0.028884  0.042249  0.002614  -0.705097  -0.228065  -0.183414  1.000000  
140.686314 0.023998  -0.030307  -0.003556  0.814945  0.159230  0.557235  -0.563851  0.440052  0.698875  -0.133930  -0.883742  0.448400  -0.029146  0.042886  0.002938  -0.736643  -0.240356  -0.194690  1.000000  
140.687564 0.023961  -0.030247  -0.003546  0.814871  0.159623  0.557230  -0.563800  0.441490  0.698009  -0.134593  -0.882954  0.449753  -0.029444  0.043482  0.003352  -0.774567  -0.244408  -0.215222  1.000000  
140.688816 0.023923  -0.030187  -0.003538  0.814666  0.160078  0.557400  -0.563906  0.443044  0.696938  -0.135389  -0.882092  0.451202  -0.029672  0.044083  0.003557  -0.815357  -0.254627  -0.235089  1.000000  
140.690064 0.023885  -0.030126  -0.003531  0.814576  0.160375  0.557446  -0.563844  0.444545  0.696031  -0.136184  -0.881283  0.452542  -0.030004  0.044652  0.003795  -0.848320  -0.256624  -0.255934  1.000000  
140.691066 0.023852  -0.030078  -0.003526  0.814385  0.160726  0.557624  -0.563959  0.445776  0.695150  -0.136847  -0.880597  0.453676  -0.030326  0.045054  0.004000  -0.880747  -0.267298  -0.274181  1.000000  
140.692078 0.023819  -0.030029  -0.003521  0.814193  0.161145  0.557782  -0.564075  0.447089  0.694212  -0.137509  -0.879854  0.454915  -0.030639  0.045586  0.004356  -0.913012  -0.281343  -0.286536  1.000000  
140.693314 0.023777  -0.029968  -0.003516  0.814102  0.161512  0.557809  -0.564012  0.448669  0.693244  -0.138304  -0.878982  0.456358  -0.031001  0.046267  0.004716  -0.941676  -0.283464  -0.307049  1.000000  
140.694563 0.023735  -0.029908  -0.003511  0.813895  0.162040  0.557959  -0.564116  0.450298  0.692102  -0.139099  -0.878052  0.457905  -0.031261  0.046743  0.004934  -0.978018  -0.291835  -0.322594  1.000000  
140.695564 0.023701  -0.029860  -0.003506  0.813687  0.162299  0.558187  -0.564220  0.451589  0.691176  -0.139894  -0.877341  0.459024  -0.031506  0.047142  0.005168  -1.003212  -0.302454  -0.342529  1.000000  
140.696573 0.023668  -0.029810  -0.003500  0.813493  0.162722  0.558346  -0.564334  0.452895  0.690227  -0.140557  -0.876588  0.460257  -0.031682  0.047700  0.005603  -1.035915  -0.319257  -0.357639  1.000000  
140.697825 0.023627  -0.029746  -0.003493  0.813253  0.163061  0.558597  -0.564415  0.454651  0.689005  -0.141616  -0.875616  0.461781  -0.031855  0.048317  0.005658  -1.068346  -0.331855  -0.381187  1.000000  
140.698830 0.023594  -0.029694  -0.003488  0.813043  0.163459  0.558786  -0.564517  0.456104  0.687960  -0.142411  -0.874786  0.463107  -0.032002  0.048762  0.005655  -1.100848  -0.342411  -0.400806  1.000000  
140.700071 0.023554  -0.029628  -0.003481  0.812833  0.164129  0.558896  -0.564619  0.457888  0.686691  -0.143206  -0.873728  0.464856  -0.032170  0.049311  0.005566  -1.141881  -0.351233  -0.416406  1.000000  
140.701316 0.023513  -0.029562  -0.003473  0.812590  0.164676  0.559087  -0.564699  0.459885  0.685289  -0.144265  -0.872575  0.466690  -0.032347  0.049723  0.005538  -1.186978  -0.364219  -0.439955  1.000000  
140.702319 0.023483  -0.029508  -0.003466  0.812278  0.165337  0.559346  -0.564978  0.461313  0.684098  -0.144927  -0.871696  0.468126  -0.032409  0.050084  0.005477  -1.221420  -0.381012  -0.441202  1.000000  
140.703564 0.023442  -0.029441  -0.003458  0.812034  0.165956  0.559517  -0.565056  0.463386  0.682631  -0.145986  -0.870478  0.470059  -0.032574  0.050564  0.005420  -1.270660  -0.394146  -0.464670  1.000000  
140.704818 0.023402  -0.029373  -0.003450  0.811789  0.166577  0.559688  -0.565134  0.465455  0.681157  -0.147045  -0.869255  0.471990  -0.032690  0.051045  0.005505  -1.315805  -0.405305  -0.484071  1.000000  
140.706064 0.023362  -0.029305  -0.003439  0.811427  0.167364  0.559979  -0.565378  0.467568  0.679506  -0.148103  -0.867968  0.474021  -0.032666  0.051531  0.005790  -1.358474  -0.419034  -0.496042  1.000000  
140.707314 0.023322  -0.029238  -0.003428  0.811063  0.168154  0.560268  -0.565621  0.469676  0.677847  -0.149162  -0.866677  0.476049  -0.032632  0.051919  0.006133  -1.412613  -0.443905  -0.509012  1.000000  
140.708328 0.023290  -0.029183  -0.003419  0.810832  0.168673  0.560447  -0.565708  0.471420  0.676563  -0.150088  -0.865628  0.477662  -0.032406  0.052389  0.006451  -1.452719  -0.452688  -0.524085  1.000000  
140.709573 0.023250  -0.029115  -0.003408  0.810467  0.169536  0.560715  -0.565949  0.473602  0.674836  -0.151146  -0.864268  0.479787  -0.032271  0.052900  0.006886  -1.503307  -0.468249  -0.536201  1.000000  
140.710826 0.023211  -0.029046  -0.003398  0.810101  0.170471  0.560961  -0.566190  0.475859  0.673043  -0.152204  -0.862843  0.482013  -0.032111  0.053465  0.007115  -1.549802  -0.487854  -0.544384  1.000000  
140.712077 0.023173  -0.028976  -0.003389  0.809733  0.171476  0.561184  -0.566430  0.478193  0.671185  -0.153262  -0.861352  0.484338  -0.031869  0.053937  0.007223  -1.608147  -0.505275  -0.556393  1.000000  
140.713335 0.023134  -0.028906  -0.003381  0.809348  0.172322  0.561480  -0.566657  0.480505  0.669339  -0.154452  -0.859895  0.486544  -0.031675  0.054234  0.007361  -1.658317  -0.526605  -0.564533  1.000000  
140.714583 0.023098  -0.028837  -0.003375  0.808962  0.173240  0.561754  -0.566883  0.482892  0.667427  -0.155642  -0.858372  0.488848  -0.031440  0.054504  0.007267  -1.704531  -0.544518  -0.580070  1.000000  
140.715584 0.023068  -0.028782  -0.003369  0.808609  0.174008  0.562025  -0.567132  0.484737  0.665876  -0.156567  -0.857176  0.490649  -0.031248  0.054593  0.007203  -1.743440  -0.561785  -0.580634  1.000000  
140.716599 0.023040  -0.028727  -0.003365  0.808255  0.174779  0.562295  -0.567380  0.486578  0.664320  -0.157492  -0.855975  0.492446  -0.031019  0.054629  0.007075  -1.776124  -0.574839  -0.587938  1.000000  
140.717829 0.023003  -0.028660  -0.003360  0.807866  0.175706  0.562566  -0.567603  0.488949  0.662386  -0.158681  -0.854433  0.494736  -0.030889  0.054740  0.006873  -1.816759  -0.597310  -0.596486  1.000000  
140.718854 0.022973  -0.028607  -0.003354  0.807510  0.176551  0.562812  -0.567850  0.490861  0.660758  -0.159605  -0.853162  0.496629  -0.030692  0.054572  0.006772  -1.852288  -0.607878  -0.599297  1.000000  
140.720076 0.022936  -0.028541  -0.003348  0.807118  0.177621  0.563037  -0.568072  0.493379  0.658689  -0.160794  -0.851486  0.499116  -0.030490  0.054543  0.006661  -1.901405  -0.628408  -0.603753  1.000000  
140.721097 0.022906  -0.028490  -0.003343  0.806878  0.178437  0.563124  -0.568151  0.495397  0.657104  -0.161718  -0.850142  0.501104  -0.030211  0.054295  0.006384  -1.936993  -0.633439  -0.610053  1.000000  
140.722314 0.022871  -0.028424  -0.003335  0.806484  0.179513  0.563346  -0.568371  0.497902  0.655018  -0.162906  -0.848451  0.503580  -0.030029  0.054236  0.006190  -1.980958  -0.644776  -0.616631  1.000000  
140.723316 0.022843  -0.028372  -0.003330  0.806242  0.180402  0.563408  -0.568448  0.499989  0.653359  -0.163830  -0.847034  0.505661  -0.029824  0.054101  0.005977  -2.021946  -0.653599  -0.624231  1.000000  
140.724326 0.022815  -0.028320  -0.003324  0.805900  0.181352  0.563593  -0.568704  0.501810  0.651738  -0.164622  -0.845753  0.507544  -0.029485  0.053894  0.005742  -2.052163  -0.668681  -0.620071  1.000000  
140.725565 0.022781  -0.028254  -0.003317  0.805620  0.182333  0.563676  -0.568755  0.504332  0.649743  -0.165810  -0.844040  0.510003  -0.029175  0.053707  0.005504  -2.097965  -0.674741  -0.626552  1.000000  
140.726569 0.022754  -0.028202  -0.003311  0.805241  0.183240  0.563924  -0.568984  0.506430  0.647908  -0.166865  -0.842586  0.512059  -0.028897  0.053440  0.005327  -2.130743  -0.685063  -0.632465  1.000000  
140.727571 0.022727  -0.028150  -0.003306  0.804996  0.184206  0.563959  -0.569060  0.508574  0.646160  -0.167789  -0.841083  0.514224  -0.028675  0.053280  0.005301  -2.177497  -0.689995  -0.632348  1.000000  
140.728584 0.022700  -0.028100  -0.003301  0.804731  0.185081  0.564050  -0.569121  0.510778  0.644366  -0.168844  -0.839554  0.516372  -0.028468  0.052905  0.005181  -2.213851  -0.695576  -0.638542  1.000000  
140.729587 0.022674  -0.028049  -0.003295  0.804349  0.186270  0.564204  -0.569348  0.513170  0.642261  -0.169899  -0.837830  0.518820  -0.028263  0.052502  0.005268  -2.263448  -0.709463  -0.645073  1.000000  
140.730828 0.022641  -0.027988  -0.003290  0.803910  0.187393  0.564458  -0.569534  0.515982  0.639838  -0.171349  -0.835850  0.521530  -0.028013  0.052056  0.005265  -2.305894  -0.726214  -0.655346  1.000000  
140.731844 0.022613  -0.027940  -0.003285  0.803661  0.188436  0.564465  -0.569606  0.518178  0.637997  -0.172272  -0.834256  0.523774  -0.027874  0.051457  0.005317  -2.336867  -0.729360  -0.657051  1.000000  
140.732846 0.022586  -0.027893  -0.003281  0.803276  0.189497  0.564658  -0.569830  0.520394  0.635991  -0.173326  -0.832635  0.526001  -0.027659  0.051011  0.005228  -2.375384  -0.741377  -0.659890  1.000000  
140.734081 0.022552  -0.027837  -0.003277  0.802870  0.190882  0.564769  -0.570040  0.523128  0.633555  -0.174512  -0.830603  0.528814  -0.027521  0.050499  0.005070  -2.417470  -0.745840  -0.661912  1.000000  
140.735337 0.022519  -0.027781  -0.003275  0.802327  0.192288  0.565063  -0.570400  0.525876  0.630950  -0.175829  -0.828540  0.531606  -0.027283  0.049892  0.004814  -2.456070  -0.763878  -0.660325  1.000000  
140.736604 0.022488  -0.027727  -0.003273  0.801900  0.193660  0.565202  -0.570593  0.528730  0.628385  -0.177146  -0.826402  0.534489  -0.026824  0.048896  0.004378  -2.495849  -0.770018  -0.665407  1.000000  
140.737834 0.022457  -0.027673  -0.003272  0.801353  0.195076  0.565489  -0.570950  0.531456  0.625756  -0.178463  -0.824318  0.537263  -0.026625  0.048334  0.004062  -2.536018  -0.783034  -0.667875  1.000000  
140.739065 0.022427  -0.027619  -0.003271  0.800943  0.196546  0.565562  -0.571155  0.534224  0.623207  -0.179648  -0.822177  0.540141  -0.026331  0.047521  0.003605  -2.575026  -0.787976  -0.669845  1.000000  
140.740080 0.022403  -0.027577  -0.003269  0.800550  0.197629  0.565740  -0.571372  0.536389  0.621145  -0.180700  -0.820506  0.542326  -0.026082  0.046804  0.003310  -2.599554  -0.797292  -0.667898  1.000000  
140.741323 0.022374  -0.027524  -0.003268  0.800039  0.199444  0.565826  -0.571754  0.539181  0.618369  -0.181753  -0.818233  0.545399  -0.025744  0.045955  0.002932  -2.638024  -0.805371  -0.661777  1.000000  
140.742567 0.022345  -0.027473  -0.003266  0.799605  0.200905  0.565923  -0.571941  0.542055  0.615678  -0.183069  -0.815974  0.548336  -0.025510  0.045196  0.002688  -2.675716  -0.808360  -0.666040  1.000000  
140.743584 0.022322  -0.027431  -0.003263  0.799210  0.202204  0.566018  -0.572156  0.544418  0.613389  -0.184121  -0.814078  0.550796  -0.025226  0.044537  0.002544  -2.703060  -0.812088  -0.667335  1.000000  
140.744828 0.022292  -0.027382  -0.003259  0.798794  0.203692  0.566073  -0.572356  0.547132  0.610783  -0.185304  -0.811885  0.553630  -0.024966  0.043552  0.002295  -2.733080  -0.814562  -0.665079  1.000000  
140.745833 0.022267  -0.027343  -0.003256  0.798417  0.205017  0.566126  -0.572583  0.549339  0.608585  -0.186225  -0.810059  0.555991  -0.024797  0.042944  0.002180  -2.765725  -0.817605  -0.660037  1.000000  
140.746838 0.022243  -0.027305  -0.003253  0.798039  0.206276  0.566202  -0.572810  0.551464  0.606445  -0.187145  -0.808293  0.558247  -0.024698  0.042355  0.002122  -2.790096  -0.819122  -0.657890  1.000000  
140.748081 0.022213  -0.027258  -0.003249  0.797599  0.207893  0.566230  -0.572992  0.554431  0.603562  -0.188459  -0.805845  0.561334  -0.024392  0.041494  0.002008  -2.831147  -0.823672  -0.658913  1.000000  
140.749083 0.022189  -0.027222  -0.003246  0.797198  0.209208  0.566309  -0.573202  0.556747  0.601225  -0.189510  -0.803906  0.563757  -0.024299  0.041205  0.002080  -2.860547  -0.834615  -0.657540  1.000000  
140.750329 0.022161  -0.027177  -0.003242  0.796735  0.210815  0.566366  -0.573367  0.559824  0.598204  -0.190955  -0.801345  0.566906  -0.023921  0.040320  0.002152  -2.894311  -0.839585  -0.664524  1.000000  
140.751576 0.022134  -0.027132  -0.003239  0.796152  0.212405  0.566592  -0.573694  0.562698  0.595186  -0.192399  -0.798909  0.569848  -0.023637  0.039751  0.002270  -2.924792  -0.856166  -0.666177  1.000000  
140.752823 0.022107  -0.027088  -0.003236  0.795727  0.213988  0.566593  -0.573886  0.565404  0.592430  -0.193581  -0.796572  0.572712  -0.023316  0.039032  0.002410  -2.944577  -0.862227  -0.662229  1.000000  
140.754118 0.022083  -0.027045  -0.003232  0.795280  0.215558  0.566625  -0.574061  0.568233  0.589547  -0.194893  -0.794133  0.575648  -0.022869  0.038088  0.002583  -2.975253  -0.864572  -0.667136  1.000000  
140.755323 0.022058  -0.027004  -0.003227  0.794810  0.216977  0.566743  -0.574220  0.571038  0.586674  -0.196337  -0.791730  0.578460  -0.022597  0.037404  0.002825  -3.005109  -0.878488  -0.668786  1.000000  
140.756581 0.022036  -0.026963  -0.003222  0.794339  0.218401  0.566857  -0.574377  0.573831  0.583789  -0.197780  -0.789316  0.581261  -0.022125  0.036605  0.003054  -3.028710  -0.884019  -0.670137  1.000000  
140.757825 0.022013  -0.026924  -0.003218  0.793887  0.219847  0.566931  -0.574548  0.576478  0.581005  -0.199091  -0.786982  0.583971  -0.021759  0.035786  0.003172  -3.031654  -0.891291  -0.668702  1.000000  
140.759082 0.021990  -0.026886  -0.003211  0.793434  0.221433  0.566948  -0.574718  0.579253  0.578070  -0.200402  -0.784495  0.586861  -0.021361  0.035000  0.003348  -3.046399  -0.890160  -0.666764  1.000000  
140.760099 0.021971  -0.026856  -0.003206  0.793001  0.222697  0.567058  -0.574903  0.581534  0.575590  -0.201582  -0.782447  0.589187  -0.020879  0.034242  0.003509  -3.055941  -0.897622  -0.660194  1.000000  
140.761314 0.021949  -0.026821  -0.003199  0.792546  0.224292  0.567067  -0.575071  0.584284  0.572630  -0.202892  -0.779939  0.592056  -0.020470  0.033554  0.003773  -3.069875  -0.898089  -0.659670  1.000000  
140.762331 0.021931  -0.026792  -0.003192  0.792133  0.225578  0.567134  -0.575269  0.586415  0.570249  -0.203940  -0.777967  0.594286  -0.020014  0.032922  0.003997  -3.083311  -0.907892  -0.656892  1.000000  
140.763335 0.021913  -0.026764  -0.003184  0.791719  0.226935  0.567170  -0.575466  0.588605  0.567788  -0.204988  -0.775915  0.596603  -0.019516  0.032212  0.004374  -3.097270  -0.912442  -0.651992  1.000000  
140.764569 0.021892  -0.026730  -0.003171  0.791141  0.228594  0.567310  -0.575793  0.591203  0.564749  -0.206297  -0.773449  0.599348  -0.019068  0.031534  0.004932  -3.103075  -0.920621  -0.650982  1.000000  
140.765589 0.021876  -0.026703  -0.003161  0.790725  0.229890  0.567367  -0.575989  0.593304  0.562341  -0.207345  -0.771454  0.601554  -0.018580  0.030901  0.005471  -3.111303  -0.924623  -0.645701  1.000000  
140.766825 0.021857  -0.026668  -0.003144  0.790166  0.231779  0.567376  -0.576329  0.595953  0.559182  -0.208522  -0.768843  0.604483  -0.018095  0.030406  0.006271  -3.122999  -0.921900  -0.640998  1.000000  
140.767833 0.021842  -0.026641  -0.003130  0.789607  0.233191  0.567576  -0.576669  0.598113  0.556519  -0.209700  -0.766735  0.606748  -0.017658  0.029725  0.007143  -3.136427  -0.931672  -0.637902  1.000000  
140.769077 0.021824  -0.026607  -0.003111  0.789023  0.234937  0.567668  -0.576990  0.600727  0.553362  -0.211008  -0.764154  0.609544  -0.017306  0.029255  0.008111  -3.150231  -0.939117  -0.635685  1.000000  
140.770349 0.021805  -0.026576  -0.003092  0.788297  0.236662  0.567961  -0.577456  0.603271  0.550100  -0.212446  -0.761614  0.612218  -0.016811  0.028398  0.009128  -3.155218  -0.956940  -0.631055  1.000000  
140.771566 0.021788  -0.026545  -0.003070  0.787591  0.238475  0.568181  -0.577936  0.605739  0.546873  -0.213754  -0.759085  0.614898  -0.016593  0.027927  0.010125  -3.155558  -0.970821  -0.626014  1.000000  
140.772573 0.021772  -0.026522  -0.003053  0.787072  0.240070  0.568229  -0.578303  0.607732  0.544267  -0.214669  -0.756986  0.617162  -0.016325  0.027277  0.011128  -3.157848  -0.972995  -0.616993  1.000000  
140.773822 0.021754  -0.026493  -0.003031  0.786364  0.241963  0.568407  -0.578781  0.610239  0.540945  -0.215975  -0.754363  0.619913  -0.015980  0.026668  0.012264  -3.162225  -0.989193  -0.608963  1.000000  
140.774838 0.021739  -0.026472  -0.003011  0.785843  0.243634  0.568413  -0.579146  0.612274  0.538247  -0.216890  -0.752172  0.622251  -0.015788  0.026078  0.013226  -3.176846  -0.995303  -0.601273  1.000000  
140.776067 0.021718  -0.026446  -0.002985  0.785132  0.245468  0.568607  -0.579620  0.614687  0.534977  -0.218195  -0.749603  0.624888  -0.015670  0.025478  0.014329  -3.187456  -1.011956  -0.593645  1.000000  
140.777083 0.021701  -0.026426  -0.002964  0.784609  0.247009  0.568661  -0.579983  0.616570  0.532411  -0.219109  -0.747548  0.627027  -0.015557  0.024821  0.015454  -3.185372  -1.018813  -0.581599  1.000000  
140.778336 0.021681  -0.026402  -0.002936  0.783895  0.248853  0.568842  -0.580454  0.618955  0.529120  -0.220415  -0.744961  0.629644  -0.015428  0.024068  0.016670  -3.179173  -1.028831  -0.570495  1.000000  
140.779574 0.021660  -0.026379  -0.002906  0.783083  0.250912  0.569056  -0.581102  0.621215  0.525750  -0.221589  -0.742385  0.632268  -0.015468  0.023363  0.017855  -3.172062  -1.039465  -0.554945  1.000000  
140.780577 0.021643  -0.026360  -0.002880  0.782437  0.252523  0.569231  -0.581623  0.622948  0.523116  -0.222502  -0.740383  0.634291  -0.015501  0.022893  0.018737  -3.168144  -1.051347  -0.532157  1.000000  
140.781833 0.021622  -0.026336  -0.002847  0.781623  0.254593  0.569428  -0.582267  0.625179  0.519727  -0.223676  -0.737790  0.636895  -0.015580  0.022038  0.019896  -3.170944  -1.060137  -0.511817  1.000000  
140.783092 0.021601  -0.026313  -0.002813  0.780831  0.256747  0.569548  -0.582928  0.627335  0.516377  -0.224719  -0.735209  0.639507  -0.015805  0.021307  0.020983  -3.170613  -1.072624  -0.492423  1.000000  
140.784334 0.021579  -0.026290  -0.002776  0.780157  0.258846  0.569521  -0.583426  0.629591  0.513058  -0.225762  -0.732540  0.642197  -0.016074  0.020617  0.022246  -3.175302  -1.079757  -0.473038  1.000000  
140.785379 0.021561  -0.026273  -0.002746  0.779531  0.260691  0.569536  -0.583960  0.631343  0.510292  -0.226544  -0.730374  0.644384  -0.016291  0.019943  0.023032  -3.181618  -1.086139  -0.445650  1.000000  
140.786599 0.021538  -0.026253  -0.002708  0.778760  0.263006  0.569527  -0.584634  0.633457  0.506888  -0.227456  -0.727709  0.647073  -0.016627  0.019332  0.024288  -3.194153  -1.093298  -0.415331  1.000000  
140.787857 0.021514  -0.026234  -0.002669  0.777842  0.265379  0.569680  -0.585449  0.635558  0.503304  -0.228498  -0.725010  0.649730  -0.016993  0.018676  0.025389  -3.204167  -1.109761  -0.387112  1.000000  
140.789073 0.021490  -0.026216  -0.002627  0.777188  0.267573  0.569546  -0.585960  0.637694  0.499997  -0.229410  -0.722324  0.652395  -0.017374  0.018105  0.026688  -3.214701  -1.111121  -0.368841  1.000000  
140.790077 0.021469  -0.026201  -0.002595  0.776583  0.269372  0.569524  -0.586507  0.639215  0.497406  -0.230061  -0.720307  0.654392  -0.017678  0.017678  0.027579  -3.211610  -1.111581  -0.343403  1.000000  
140.791329 0.021444  -0.026184  -0.002551  0.775807  0.271704  0.569474  -0.587176  0.641267  0.493965  -0.230973  -0.717603  0.657037  -0.018038  0.017087  0.028710  -3.214001  -1.116818  -0.315304  1.000000  
140.792565 0.021419  -0.026168  -0.002509  0.775054  0.273979  0.569409  -0.587862  0.643125  0.490723  -0.231754  -0.715071  0.659518  -0.018336  0.016609  0.029686  -3.210732  -1.118893  -0.289449  1.000000  
140.793585 0.021398  -0.026156  -0.002474  0.774421  0.275779  0.569401  -0.588387  0.644729  0.487980  -0.232535  -0.712931  0.661557  -0.018573  0.016131  0.030392  -3.216893  -1.127793  -0.265672  1.000000  
140.794587 0.021377  -0.026143  -0.002440  0.773909  0.277450  0.569286  -0.588752  0.646380  0.485349  -0.233315  -0.710785  0.663588  -0.018855  0.015640  0.031179  -3.218077  -1.127444  -0.251037  1.000000  
140.795848 0.021351  -0.026128  -0.002397  0.773128  0.279728  0.569232  -0.589416  0.648314  0.481952  -0.234226  -0.708125  0.666106  -0.019204  0.015057  0.031800  -3.216522  -1.129246  -0.227715  1.000000  
140.797099 0.021324  -0.026114  -0.002354  0.772396  0.282160  0.569025  -0.590116  0.650118  0.478654  -0.234876  -0.705501  0.668656  -0.019708  0.014616  0.032557  -3.211815  -1.125369  -0.197583  1.000000  
140.798337 0.021297  -0.026099  -0.002310  0.771664  0.284733  0.568737  -0.590815  0.652021  0.475190  -0.235526  -0.702706  0.671366  -0.019977  0.013882  0.033091  -3.217675  -1.116154  -0.171853  1.000000  
140.799584 0.021269  -0.026086  -0.002266  0.770955  0.287246  0.568435  -0.591532  0.653736  0.471931  -0.236047  -0.700085  0.673916  -0.020379  0.013275  0.033583  -3.222414  -1.104791  -0.143158  1.000000  
140.800826 0.021241  -0.026074  -0.002221  0.770367  0.289694  0.567989  -0.592090  0.655552  0.468702  -0.236567  -0.697373  0.676540  -0.020726  0.012754  0.034013  -3.226408  -1.086317  -0.117149  1.000000  
140.801842 0.021219  -0.026064  -0.002186  0.769926  0.291599  0.567612  -0.592508  0.656960  0.466195  -0.236957  -0.695251  0.678585  -0.020954  0.012284  0.034346  -3.226380  -1.078043  -0.094305  1.000000  
140.803069 0.021190  -0.026052  -0.002140  0.769215  0.294047  0.567313  -0.593222  0.658576  0.462995  -0.237476  -0.692686  0.681022  -0.021269  0.011884  0.034707  -3.213647  -1.062291  -0.072157  1.000000  
140.804101 0.021167  -0.026043  -0.002103  0.768773  0.295954  0.566921  -0.593639  0.659964  0.460479  -0.237866  -0.690550  0.683052  -0.021517  0.011417  0.034931  -3.208225  -1.051777  -0.049050  1.000000  
140.805330 0.021138  -0.026031  -0.002056  0.768111  0.298688  0.566384  -0.594391  0.661551  0.457219  -0.238126  -0.687848  0.685682  -0.021805  0.011104  0.035419  -3.211696  -1.031295  -0.020805  1.000000  
140.806573 0.021108  -0.026020  -0.002009  0.767423  0.301349  0.565906  -0.595123  0.663180  0.453896  -0.238516  -0.685114  0.688279  -0.022096  0.010693  0.035619  -3.223944  -1.023158  0.011747  1.000000  
140.807825 0.021079  -0.026009  -0.001962  0.766637  0.304221  0.565435  -0.596031  0.664673  0.450507  -0.238776  -0.682393  0.690888  -0.022332  0.010411  0.035907  -3.229941  -1.000572  0.049068  1.000000  
140.809067 0.021049  -0.025998  -0.001913  0.765973  0.306887  0.564895  -0.596781  0.666158  0.447310  -0.239036  -0.679745  0.693403  -0.022605  0.010114  0.036264  -3.235774  -0.988061  0.077500  1.000000  
140.810068 0.021024  -0.025990  -0.001875  0.765456  0.309145  0.564364  -0.597392  0.667367  0.444685  -0.239166  -0.677533  0.695521  -0.022839  0.009857  0.036572  -3.236205  -0.968213  0.099926  1.000000  
140.811318 0.020994  -0.025979  -0.001826  0.764667  0.312086  0.563814  -0.598297  0.668868  0.441199  -0.239426  -0.674699  0.698181  -0.023087  0.009549  0.036889  -3.252232  -0.951655  0.130899  1.000000  
140.812323 0.020969  -0.025971  -0.001787  0.764026  0.314413  0.563391  -0.599064  0.669935  0.438531  -0.239555  -0.672556  0.700201  -0.023326  0.009294  0.037205  -3.254290  -0.937594  0.157742  1.000000  
140.813377 0.020944  -0.025964  -0.001747  0.763532  0.316672  0.562794  -0.599693  0.671001  0.436034  -0.239555  -0.670430  0.702237  -0.023559  0.008961  0.037483  -3.248367  -0.912948  0.183151  1.000000  
140.814569 0.020912  -0.025956  -0.001699  0.762766  0.319547  0.562209  -0.600616  0.672297  0.432756  -0.239685  -0.667763  0.704730  -0.023882  0.008714  0.037804  -3.248321  -0.905192  0.215039  1.000000  
140.815572 0.020886  -0.025950  -0.001659  0.762246  0.321803  0.561627  -0.601224  0.673449  0.430112  -0.239815  -0.665515  0.706809  -0.024117  0.008393  0.038071  -3.246777  -0.885392  0.238009  1.000000  
140.816825 0.020854  -0.025943  -0.001611  0.761502  0.324814  0.560901  -0.602165  0.674712  0.426803  -0.239815  -0.662766  0.709387  -0.024382  0.008083  0.038379  -3.251169  -0.866761  0.268424  1.000000  
140.817846 0.020828  -0.025937  -0.001571  0.760882  0.327277  0.560311  -0.602949  0.675718  0.424096  -0.239815  -0.660526  0.711473  -0.024509  0.007764  0.038529  -3.256119  -0.848385  0.289240  1.000000  
140.819069 0.020796  -0.025930  -0.001521  0.760137  0.330218  0.559596  -0.603888  0.676901  0.420861  -0.239815  -0.657846  0.713952  -0.024794  0.007559  0.038900  -3.255012  -0.834545  0.323944  1.000000  
