1-Time 2-Px 3-Py 4-Pz 5-R11 6-R21 7-R31 8-R12 9-R22 10-R32 11-R13 12-R23 13-R33 14-Vx 15-Vy 16-Vz 17-Wx 18-Wy 19-Wz 20-state
91.982488 0.010211  -0.031432  0.012672  0.570219  0.816315  0.092088  -0.665557  0.393359  0.634273  0.481543  -0.422965  0.767605  -0.003742  -0.006798  0.004142  0.363700  0.135035  -0.261951  1.000000  
91.983636 0.010210  -0.031434  0.012673  0.570493  0.816108  0.092223  -0.665323  0.393387  0.634502  0.481543  -0.423337  0.767400  -0.001872  -0.003953  0.001314  0.000000  0.000000  0.000000  1.000000  
91.984890 0.010212  -0.031427  0.012665  0.570767  0.815890  0.092457  -0.665088  0.393338  0.634778  0.481543  -0.423803  0.767143  0.000636  0.002332  -0.003614  0.000000  0.000000  0.000000  1.000000  
91.986148 0.010218  -0.031412  0.012651  0.571178  0.815580  0.092658  -0.664735  0.393380  0.635122  0.481543  -0.424361  0.766834  0.002165  0.005936  -0.006508  0.000000  0.000000  0.000000  1.000000  
91.987367 0.010219  -0.031403  0.012644  0.571452  0.815361  0.092891  -0.664500  0.393330  0.635399  0.481543  -0.424826  0.766577  0.001843  0.006408  -0.006417  0.000000  0.000000  0.000000  1.000000  
91.988371 0.010217  -0.031400  0.012642  0.571725  0.815166  0.092926  -0.664264  0.393435  0.635580  0.481543  -0.425105  0.766422  0.001045  0.005787  -0.005574  0.000000  0.000000  0.000000  1.000000  
91.989618 0.010211  -0.031394  0.012642  0.571999  0.814959  0.093060  -0.664029  0.393462  0.635809  0.481543  -0.425477  0.766216  -0.000032  0.005560  -0.004525  0.000000  0.000000  0.000000  1.000000  
91.990624 0.010204  -0.031385  0.012639  0.572272  0.814751  0.093194  -0.663793  0.393489  0.636039  0.481543  -0.425848  0.766009  -0.000901  0.006014  -0.004373  0.000000  0.000000  0.000000  1.000000  
91.991871 0.010195  -0.031371  0.012630  0.572409  0.814625  0.093458  -0.663676  0.393348  0.636249  0.481543  -0.426220  0.765802  -0.001762  0.006753  -0.004721  0.000000  0.000000  0.000000  1.000000  
91.993124 0.010188  -0.031358  0.012620  0.572682  0.814406  0.093690  -0.663440  0.393297  0.636526  0.481543  -0.426684  0.765544  -0.002298  0.007187  -0.005136  0.000000  0.000000  0.000000  1.000000  
91.994373 0.010182  -0.031345  0.012611  0.572776  0.814317  0.093887  -0.663273  0.393113  0.636813  0.481660  -0.427024  0.765280  -0.002556  0.007531  -0.005320  0.000000  0.000000  0.000000  1.000000  
91.995377 0.010177  -0.031334  0.012604  0.572871  0.814240  0.093985  -0.663106  0.393005  0.637053  0.481777  -0.427271  0.765069  -0.002692  0.007811  -0.005501  0.000000  0.000000  0.000000  1.000000  
91.996382 0.010172  -0.031321  0.012593  0.573101  0.814081  0.093952  -0.662822  0.393065  0.637312  0.481894  -0.427518  0.764857  -0.002908  0.008182  -0.005905  0.000000  0.000000  0.000000  1.000000  
91.997390 0.010167  -0.031305  0.012578  0.573238  0.813966  0.094117  -0.662704  0.393001  0.637475  0.481894  -0.427796  0.764701  -0.003026  0.008751  -0.006493  0.000000  0.000000  0.000000  1.000000  
91.998625 0.010166  -0.031278  0.012556  0.573511  0.813758  0.094250  -0.662468  0.393027  0.637704  0.481894  -0.428167  0.764494  -0.002918  0.010454  -0.007851  0.000000  0.000000  0.000000  1.000000  
91.999626 0.010170  -0.031252  0.012537  0.573553  0.813686  0.094613  -0.662516  0.392838  0.637770  0.481777  -0.428477  0.764394  -0.002888  0.011897  -0.008698  0.000000  0.000000  0.000000  1.000000  
92.000871 0.010176  -0.031218  0.012519  0.573826  0.813490  0.094646  -0.662280  0.392941  0.637952  0.481777  -0.428755  0.764238  -0.002774  0.013089  -0.008986  0.000000  0.000000  0.000000  1.000000  
92.001873 0.010175  -0.031195  0.012508  0.574140  0.813268  0.094648  -0.662093  0.393165  0.638009  0.481660  -0.428972  0.764190  -0.002941  0.014049  -0.009201  0.263783  0.140085  -0.237379  1.000000  
92.003122 0.010167  -0.031168  0.012498  0.574413  0.813071  0.094681  -0.661856  0.393267  0.638191  0.481660  -0.429250  0.764034  -0.003385  0.015493  -0.009609  0.255679  0.140146  -0.238280  1.000000  
92.004124 0.010158  -0.031147  0.012488  0.574549  0.812968  0.094747  -0.661738  0.393280  0.638306  0.481660  -0.429436  0.763930  -0.003642  0.016864  -0.010464  0.250376  0.137696  -0.234450  1.000000  
92.005371 0.010150  -0.031117  0.012472  0.574728  0.812826  0.094880  -0.661668  0.393336  0.638343  0.481543  -0.429652  0.763882  -0.003693  0.018139  -0.011294  0.242890  0.128797  -0.231347  1.000000  
92.006372 0.010146  -0.031093  0.012456  0.574906  0.812684  0.095012  -0.661598  0.393391  0.638381  0.481425  -0.429869  0.763834  -0.003490  0.019015  -0.011895  0.238660  0.122098  -0.230961  1.000000  
92.007372 0.010143  -0.031070  0.012437  0.575085  0.812542  0.095145  -0.661529  0.393447  0.638419  0.481308  -0.430086  0.763786  -0.003290  0.019659  -0.012631  0.234785  0.115954  -0.230614  1.000000  
92.008374 0.010139  -0.031048  0.012418  0.575263  0.812412  0.095179  -0.661459  0.393581  0.638409  0.481191  -0.430211  0.763789  -0.003152  0.020656  -0.013467  0.226447  0.110276  -0.230293  1.000000  
92.009623 0.010132  -0.031020  0.012396  0.575399  0.812308  0.095245  -0.661340  0.393593  0.638524  0.481191  -0.430396  0.763685  -0.003262  0.021686  -0.014334  0.221238  0.108437  -0.225420  1.000000  
92.010624 0.010126  -0.030996  0.012380  0.575578  0.812166  0.095378  -0.661270  0.393649  0.638563  0.481073  -0.430613  0.763637  -0.003330  0.022358  -0.014794  0.218441  0.103508  -0.225308  1.000000  
92.011875 0.010120  -0.030964  0.012359  0.575714  0.812050  0.095542  -0.661152  0.393583  0.638725  0.481073  -0.430891  0.763480  -0.003257  0.023273  -0.015194  0.218151  0.102114  -0.221006  1.000000  
92.012883 0.010117  -0.030938  0.012342  0.575892  0.811908  0.095674  -0.661082  0.393639  0.638764  0.480956  -0.431107  0.763431  -0.003222  0.023830  -0.015111  0.216693  0.095631  -0.217563  1.000000  
92.014128 0.010116  -0.030904  0.012323  0.576113  0.811705  0.096071  -0.661060  0.393583  0.638820  0.480722  -0.431541  0.763334  -0.003545  0.024024  -0.014786  0.211845  0.084937  -0.216555  1.000000  
92.015375 0.010113  -0.030870  0.012308  0.576333  0.811513  0.096369  -0.661039  0.393605  0.638829  0.480487  -0.431882  0.763289  -0.004041  0.024111  -0.014513  0.205369  0.073638  -0.213874  1.000000  
92.016624 0.010104  -0.030840  0.012293  0.576554  0.811332  0.096568  -0.661017  0.393704  0.638791  0.480252  -0.432131  0.763296  -0.004812  0.024077  -0.014563  0.199936  0.060095  -0.207785  1.000000  
92.017625 0.010092  -0.030819  0.012280  0.576911  0.811071  0.096636  -0.660876  0.393970  0.638772  0.480017  -0.432379  0.763303  -0.005276  0.024012  -0.014890  0.189289  0.052814  -0.213782  1.000000  
92.018873 0.010075  -0.030795  0.012260  0.577309  0.810759  0.096870  -0.660784  0.394203  0.638725  0.479665  -0.432752  0.763313  -0.005679  0.023823  -0.015467  0.185271  0.041156  -0.220398  1.000000  
92.019873 0.010064  -0.030775  0.012240  0.577530  0.810578  0.097070  -0.660761  0.394302  0.638686  0.479430  -0.433000  0.763320  -0.005925  0.023673  -0.015958  0.184547  0.030418  -0.219510  1.000000  
92.021123 0.010055  -0.030747  0.012217  0.577750  0.810397  0.097269  -0.660739  0.394401  0.638648  0.479196  -0.433249  0.763326  -0.006215  0.023483  -0.016252  0.179775  0.019696  -0.218664  1.000000  
92.022374 0.010044  -0.030720  0.012194  0.578149  0.810085  0.097503  -0.660646  0.394633  0.638601  0.478843  -0.433621  0.763336  -0.006659  0.023364  -0.016127  0.168348  0.011031  -0.230592  1.000000  
92.023375 0.010032  -0.030700  0.012178  0.578505  0.809822  0.097571  -0.660504  0.394899  0.638584  0.478608  -0.433870  0.763342  -0.007132  0.023206  -0.015977  0.156876  0.002339  -0.242489  1.000000  
92.024376 0.010018  -0.030683  0.012166  0.578726  0.809640  0.097770  -0.660481  0.394998  0.638546  0.478373  -0.434118  0.763348  -0.007695  0.022832  -0.015649  0.152798  -0.009337  -0.249094  1.000000  
92.025396 0.010006  -0.030665  0.012155  0.579082  0.809366  0.097937  -0.660339  0.395187  0.638576  0.478138  -0.434459  0.763301  -0.008120  0.022429  -0.015189  0.152800  -0.020991  -0.255710  1.000000  
92.026625 0.009996  -0.030637  0.012145  0.579480  0.809052  0.098170  -0.660245  0.395419  0.638530  0.477786  -0.434832  0.763310  -0.008469  0.022188  -0.014525  0.148359  -0.029420  -0.265571  1.000000  
92.027872 0.009988  -0.030608  0.012131  0.579836  0.808777  0.098337  -0.660102  0.395607  0.638561  0.477551  -0.435173  0.763262  -0.008603  0.022051  -0.014057  0.144326  -0.037064  -0.269953  1.000000  
92.028872 0.009981  -0.030585  0.012120  0.580235  0.808462  0.098570  -0.660007  0.395839  0.638515  0.477198  -0.435546  0.763271  -0.008985  0.021711  -0.013810  0.141063  -0.045634  -0.281788  1.000000  
92.029889 0.009971  -0.030566  0.012106  0.580455  0.808280  0.098770  -0.659984  0.395938  0.638478  0.476963  -0.435794  0.763276  -0.009662  0.021042  -0.013831  0.138161  -0.049814  -0.286292  1.000000  
92.031126 0.009954  -0.030545  0.012087  0.580853  0.807953  0.099101  -0.659888  0.396092  0.638481  0.476610  -0.436260  0.763230  -0.010255  0.020395  -0.014148  0.138072  -0.058048  -0.296346  1.000000  
92.032133 0.009939  -0.030531  0.012071  0.581251  0.807650  0.099237  -0.659793  0.396401  0.638388  0.476257  -0.436540  0.763290  -0.010587  0.019840  -0.014380  0.142332  -0.069148  -0.297439  1.000000  
92.033380 0.009920  -0.030512  0.012049  0.581785  0.807253  0.099339  -0.659577  0.396799  0.638364  0.475904  -0.436912  0.763297  -0.010734  0.019540  -0.014618  0.139095  -0.077780  -0.309489  1.000000  
92.034624 0.009901  -0.030492  0.012027  0.582225  0.806899  0.099640  -0.659528  0.397075  0.638243  0.475433  -0.437317  0.763359  -0.011024  0.019197  -0.014430  0.139951  -0.086407  -0.321521  1.000000  
92.035874 0.009884  -0.030469  0.012008  0.582665  0.806544  0.099941  -0.659479  0.397350  0.638123  0.474962  -0.437721  0.763421  -0.011557  0.018868  -0.014130  0.140797  -0.095017  -0.333531  1.000000  
92.037122 0.009866  -0.030446  0.011991  0.583240  0.806107  0.100111  -0.659309  0.397791  0.638023  0.474491  -0.438125  0.763482  -0.012046  0.018574  -0.013785  0.133917  -0.096805  -0.353171  1.000000  
92.038373 0.009846  -0.030425  0.011978  0.583680  0.805751  0.100413  -0.659259  0.398067  0.637903  0.474020  -0.438529  0.763542  -0.012426  0.018379  -0.013335  0.138050  -0.108308  -0.359867  1.000000  
92.039374 0.009829  -0.030407  0.011967  0.584078  0.805446  0.100549  -0.659161  0.398376  0.637812  0.473667  -0.438809  0.763601  -0.012584  0.018405  -0.013226  0.135950  -0.117827  -0.374877  1.000000  
92.040376 0.009815  -0.030387  0.011955  0.584475  0.805128  0.100783  -0.659063  0.398607  0.637769  0.473313  -0.439182  0.763606  -0.012740  0.018523  -0.013384  0.136794  -0.122499  -0.384676  1.000000  
92.041621 0.009801  -0.030359  0.011939  0.585050  0.804702  0.100855  -0.658891  0.399125  0.637622  0.472842  -0.439493  0.763719  -0.012956  0.018564  -0.013726  0.125153  -0.130885  -0.400905  1.000000  
92.042621 0.009792  -0.030335  0.011923  0.585447  0.804383  0.101089  -0.658792  0.399356  0.637580  0.472488  -0.439866  0.763723  -0.013247  0.018546  -0.014135  0.126174  -0.135689  -0.411203  1.000000  
92.043622 0.009779  -0.030315  0.011905  0.585845  0.804089  0.101128  -0.658692  0.399742  0.637441  0.472134  -0.440053  0.763834  -0.013653  0.018358  -0.014532  0.118807  -0.140215  -0.420512  1.000000  
92.044874 0.009759  -0.030292  0.011883  0.586242  0.803782  0.101264  -0.658593  0.400051  0.637350  0.471780  -0.440333  0.763891  -0.014201  0.018257  -0.014866  0.111546  -0.140885  -0.427882  1.000000  
92.046135 0.009734  -0.030269  0.011863  0.586774  0.803393  0.101270  -0.658372  0.400524  0.637281  0.471426  -0.440613  0.763949  -0.014636  0.018471  -0.014920  0.097831  -0.135793  -0.442005  1.000000  
92.047392 0.009711  -0.030245  0.011845  0.587171  0.803086  0.101406  -0.658271  0.400832  0.637191  0.471072  -0.440893  0.764006  -0.014856  0.018869  -0.014765  0.097909  -0.139521  -0.444192  1.000000  
92.048628 0.009688  -0.030218  0.011828  0.587745  0.802669  0.101382  -0.658096  0.401427  0.636997  0.470600  -0.441112  0.764170  -0.015225  0.019352  -0.014440  0.086660  -0.140315  -0.452011  1.000000  
92.049628 0.009670  -0.030196  0.011816  0.588184  0.802334  0.101490  -0.658042  0.401856  0.636783  0.470128  -0.441330  0.764335  -0.015464  0.019680  -0.014033  0.079427  -0.144977  -0.461844  1.000000  
92.050872 0.009647  -0.030168  0.011799  0.588623  0.801998  0.101598  -0.657987  0.402286  0.636568  0.469655  -0.441549  0.764499  -0.015803  0.020051  -0.013954  0.071610  -0.148414  -0.467835  1.000000  
92.051884 0.009628  -0.030143  0.011784  0.589019  0.801702  0.101638  -0.657885  0.402671  0.636430  0.469301  -0.441736  0.764609  -0.016075  0.020539  -0.014017  0.068219  -0.153384  -0.473884  1.000000  
92.053124 0.009605  -0.030111  0.011764  0.589593  0.801283  0.101615  -0.657708  0.403265  0.636237  0.468828  -0.441954  0.764772  -0.016292  0.021284  -0.014511  0.056972  -0.154165  -0.481724  1.000000  
92.054377 0.009585  -0.030077  0.011742  0.590209  0.800824  0.101661  -0.657577  0.403902  0.635968  0.468237  -0.442204  0.764990  -0.016290  0.022081  -0.014993  0.042415  -0.159602  -0.498993  1.000000  
92.055625 0.009567  -0.030042  0.011719  0.590824  0.800364  0.101707  -0.657445  0.404540  0.635699  0.467646  -0.442453  0.765208  -0.016460  0.022622  -0.015581  0.031184  -0.164215  -0.508941  1.000000  
92.056872 0.009547  -0.030006  0.011695  0.591439  0.799904  0.101754  -0.657313  0.405177  0.635430  0.467055  -0.442702  0.765424  -0.016913  0.023094  -0.015969  0.019958  -0.168829  -0.518916  1.000000  
92.058123 0.009525  -0.029972  0.011670  0.591877  0.799578  0.101767  -0.657255  0.405682  0.635168  0.466581  -0.442827  0.765641  -0.017373  0.023527  -0.016318  0.011141  -0.179556  -0.518267  1.000000  
92.059123 0.009503  -0.029947  0.011652  0.592491  0.799117  0.101814  -0.657121  0.406319  0.634899  0.465989  -0.443077  0.765857  -0.017845  0.023920  -0.016283  -0.003351  -0.181179  -0.533708  1.000000  
92.060127 0.009481  -0.029921  0.011637  0.592929  0.798791  0.101828  -0.657062  0.406824  0.634637  0.465516  -0.443201  0.766073  -0.018143  0.024527  -0.016147  -0.015436  -0.188786  -0.538130  1.000000  
92.061375 0.009455  -0.029888  0.011619  0.593678  0.798257  0.101649  -0.656804  0.407702  0.634340  0.464924  -0.443357  0.766342  -0.018302  0.025113  -0.015992  -0.029654  -0.188749  -0.548584  1.000000  
92.062376 0.009435  -0.029860  0.011606  0.594157  0.797902  0.101635  -0.656790  0.408327  0.633952  0.464331  -0.443420  0.766665  -0.018410  0.025690  -0.015923  -0.045647  -0.200226  -0.555341  1.000000  
92.063419 0.009416  -0.029830  0.011592  0.594730  0.797490  0.101519  -0.656607  0.408996  0.633710  0.463857  -0.443544  0.766880  -0.018395  0.026261  -0.016000  -0.061206  -0.198374  -0.564493  1.000000  
92.064624 0.009391  -0.029791  0.011570  0.595385  0.797011  0.101444  -0.656516  0.409829  0.633267  0.463146  -0.443637  0.767256  -0.018618  0.027020  -0.016417  -0.080587  -0.203272  -0.575246  1.000000  
92.065877 0.009366  -0.029751  0.011546  0.596175  0.796433  0.101337  -0.656300  0.410749  0.632895  0.462434  -0.443823  0.767578  -0.018733  0.027795  -0.016896  -0.095788  -0.207829  -0.585159  1.000000  
92.066885 0.009348  -0.029718  0.011528  0.596830  0.795952  0.101264  -0.656206  0.411581  0.632451  0.461722  -0.443916  0.767953  -0.018695  0.028378  -0.017088  -0.110989  -0.216320  -0.597185  1.000000  
92.068124 0.009324  -0.029677  0.011504  0.597703  0.795305  0.101201  -0.656079  0.412665  0.631876  0.460773  -0.444070  0.768434  -0.018729  0.028942  -0.017304  -0.133483  -0.225729  -0.617190  1.000000  
92.069130 0.009307  -0.029643  0.011487  0.598357  0.794810  0.101226  -0.655983  0.413419  0.631483  0.460060  -0.444255  0.768754  -0.018863  0.029436  -0.017341  -0.144585  -0.234175  -0.629248  1.000000  
92.070378 0.009283  -0.029599  0.011465  0.599322  0.794115  0.100966  -0.655685  0.414621  0.631005  0.459228  -0.444377  0.769181  -0.019224  0.029997  -0.017202  -0.167016  -0.239575  -0.646727  1.000000  
92.071622 0.009257  -0.029558  0.011444  0.600329  0.793367  0.100872  -0.655430  0.415789  0.630501  0.458277  -0.444623  0.769606  -0.019614  0.030404  -0.017047  -0.188594  -0.245821  -0.671978  1.000000  
92.072872 0.009229  -0.029517  0.011426  0.601199  0.792714  0.100814  -0.655296  0.416869  0.629926  0.457325  -0.444774  0.770084  -0.020077  0.030868  -0.016550  -0.203719  -0.262129  -0.688741  1.000000  
92.073877 0.009205  -0.029486  0.011410  0.602028  0.792089  0.100783  -0.655116  0.417829  0.629478  0.456492  -0.444988  0.770455  -0.020261  0.031224  -0.016396  -0.217961  -0.271386  -0.708434  1.000000  
92.075123 0.009176  -0.029447  0.011391  0.603116  0.791255  0.100834  -0.654944  0.419082  0.628823  0.455301  -0.445293  0.770983  -0.020363  0.031610  -0.016368  -0.235361  -0.289311  -0.740450  1.000000  
92.076123 0.009153  -0.029416  0.011376  0.603944  0.790639  0.100710  -0.654761  0.420116  0.628324  0.454467  -0.445413  0.771406  -0.020528  0.032007  -0.016496  -0.247636  -0.300165  -0.756375  1.000000  
92.077372 0.009125  -0.029374  0.011354  0.605029  0.789801  0.100764  -0.654585  0.421368  0.627669  0.453275  -0.445717  0.771932  -0.020685  0.032391  -0.016815  -0.264875  -0.317959  -0.788248  1.000000  
92.078379 0.009104  -0.029339  0.011336  0.605898  0.789142  0.100713  -0.654442  0.422444  0.627094  0.452321  -0.445865  0.772405  -0.020833  0.032826  -0.017067  -0.278730  -0.330866  -0.809576  1.000000  
92.079390 0.009083  -0.029303  0.011317  0.606765  0.788469  0.100759  -0.654297  0.423444  0.626570  0.451366  -0.446107  0.772824  -0.020816  0.033067  -0.017166  -0.287744  -0.341941  -0.828320  1.000000  
92.080626 0.009057  -0.029258  0.011296  0.607849  0.787639  0.100722  -0.654114  0.424769  0.625864  0.450171  -0.446315  0.773401  -0.020941  0.033442  -0.017007  -0.305018  -0.356058  -0.858248  1.000000  
92.081627 0.009036  -0.029223  0.011280  0.608891  0.786847  0.100617  -0.653884  0.426048  0.625234  0.449096  -0.446491  0.773924  -0.021043  0.033643  -0.016798  -0.322378  -0.370233  -0.888263  1.000000  
92.082879 0.009010  -0.029176  0.011264  0.610055  0.785931  0.100726  -0.653784  0.427458  0.624377  0.447661  -0.446757  0.774602  -0.021342  0.033934  -0.016272  -0.336111  -0.394917  -0.916805  1.000000  
92.084125 0.008981  -0.029129  0.011250  0.611217  0.785013  0.100838  -0.653680  0.428867  0.623519  0.446224  -0.447022  0.775278  -0.021709  0.034270  -0.015755  -0.349995  -0.415944  -0.943723  1.000000  
92.085126 0.008957  -0.029092  0.011240  0.612163  0.784262  0.100939  -0.653611  0.430025  0.622793  0.445027  -0.447225  0.775848  -0.022133  0.034409  -0.015270  -0.360721  -0.436068  -0.962758  1.000000  
92.086372 0.008924  -0.029048  0.011225  0.613499  0.783210  0.100999  -0.653418  0.431636  0.621880  0.443468  -0.447517  0.776572  -0.022556  0.034523  -0.014967  -0.373635  -0.454942  -0.996436  1.000000  
92.087622 0.008892  -0.029005  0.011210  0.614793  0.782196  0.100990  -0.653177  0.433202  0.621044  0.442029  -0.447778  0.777242  -0.022853  0.034745  -0.014614  -0.393416  -0.469498  -1.033390  1.000000  
92.088872 0.008859  -0.028961  0.011193  0.615951  0.781269  0.101113  -0.653059  0.434606  0.620186  0.440588  -0.448037  0.777911  -0.023026  0.035046  -0.014501  -0.407201  -0.493512  -1.061234  1.000000  
92.089872 0.008833  -0.028925  0.011180  0.616987  0.780450  0.101118  -0.652810  0.435802  0.619609  0.439507  -0.448302  0.778370  -0.023240  0.035364  -0.014430  -0.416060  -0.503638  -1.088892  1.000000  
92.090872 0.008807  -0.028889  0.011165  0.617888  0.779732  0.101158  -0.652686  0.436912  0.618958  0.438425  -0.448471  0.778882  -0.023473  0.035634  -0.014389  -0.422605  -0.519871  -1.105564  1.000000  
92.091873 0.008781  -0.028852  0.011152  0.618962  0.778869  0.101238  -0.652474  0.438150  0.618306  0.437222  -0.448763  0.779390  -0.023705  0.035933  -0.014030  -0.424118  -0.536969  -1.130010  1.000000  
92.092873 0.008756  -0.028814  0.011139  0.620076  0.777974  0.101298  -0.652303  0.439505  0.617525  0.435898  -0.448989  0.780001  -0.023975  0.036150  -0.013679  -0.433347  -0.550438  -1.152828  1.000000  
92.094123 0.008726  -0.028767  0.011124  0.621229  0.777036  0.101432  -0.652170  0.440902  0.616668  0.434452  -0.449243  0.780661  -0.024282  0.036400  -0.013065  -0.442640  -0.567284  -1.177058  1.000000  
92.095383 0.008694  -0.028719  0.011112  0.622690  0.775860  0.101482  -0.651819  0.442587  0.615831  0.432885  -0.449619  0.781315  -0.024638  0.036570  -0.012467  -0.449928  -0.581860  -1.214219  1.000000  
92.096628 0.008660  -0.028671  0.011103  0.624014  0.774784  0.101567  -0.651593  0.444185  0.614920  0.431316  -0.449899  0.782021  -0.025137  0.036769  -0.011815  -0.455152  -0.602755  -1.240969  1.000000  
92.097630 0.008634  -0.028631  0.011094  0.624949  0.774014  0.101691  -0.651494  0.445332  0.614195  0.430109  -0.450092  0.782575  -0.025473  0.036914  -0.011518  -0.461873  -0.615134  -1.255602  1.000000  
92.098877 0.008599  -0.028584  0.011084  0.626271  0.772932  0.101783  -0.651260  0.446926  0.613284  0.428538  -0.450369  0.783277  -0.025916  0.036958  -0.011296  -0.463680  -0.631549  -1.273210  1.000000  
92.100128 0.008564  -0.028535  0.011071  0.627631  0.771819  0.101857  -0.651063  0.448637  0.612244  0.426844  -0.450578  0.784081  -0.026181  0.037111  -0.011245  -0.473042  -0.652551  -1.299667  1.000000  
92.101373 0.008527  -0.028489  0.011058  0.628950  0.770731  0.101955  -0.650820  0.450228  0.611333  0.425271  -0.450852  0.784778  -0.026507  0.037257  -0.011115  -0.479023  -0.668695  -1.316634  1.000000  
92.102624 0.008490  -0.028442  0.011044  0.630228  0.769696  0.101890  -0.650532  0.451848  0.610444  0.423817  -0.451001  0.785479  -0.026811  0.037533  -0.011044  -0.488117  -0.678053  -1.336711  1.000000  
92.103624 0.008460  -0.028404  0.011033  0.631331  0.768792  0.101881  -0.650330  0.453264  0.609609  0.422484  -0.451121  0.786128  -0.027048  0.037720  -0.010804  -0.498406  -0.690573  -1.351634  1.000000  
92.104873 0.008424  -0.028355  0.011023  0.632645  0.767697  0.101989  -0.650075  0.454850  0.608698  0.420906  -0.451390  0.786819  -0.027272  0.038031  -0.010347  -0.504176  -0.698840  -1.364071  1.000000  
92.106122 0.008388  -0.028305  0.011013  0.634092  0.766517  0.101882  -0.649686  0.456665  0.607754  0.419328  -0.451563  0.787563  -0.027577  0.038361  -0.009867  -0.511926  -0.706973  -1.382491  1.000000  
92.107122 0.008360  -0.028264  0.011006  0.635152  0.765636  0.101900  -0.649433  0.457960  0.607050  0.418113  -0.451746  0.788103  -0.027779  0.038660  -0.009427  -0.519151  -0.712706  -1.394513  1.000000  
92.108124 0.008330  -0.028224  0.011000  0.636384  0.764616  0.101870  -0.649087  0.459454  0.606291  0.416775  -0.451956  0.788691  -0.028038  0.038694  -0.008996  -0.524179  -0.718224  -1.412674  1.000000  
92.109402 0.008296  -0.028173  0.010992  0.637904  0.763342  0.101921  -0.648764  0.461349  0.605196  0.414950  -0.452179  0.789525  -0.028228  0.038887  -0.008661  -0.532503  -0.730998  -1.434371  1.000000  
92.110625 0.008259  -0.028123  0.010981  0.639249  0.762201  0.102027  -0.648528  0.463041  0.604155  0.413245  -0.452373  0.790308  -0.028557  0.039129  -0.008630  -0.541000  -0.742082  -1.447487  1.000000  
92.111872 0.008223  -0.028073  0.010970  0.640726  0.760950  0.102105  -0.648156  0.464815  0.603192  0.411539  -0.452661  0.791033  -0.028763  0.039213  -0.008718  -0.542419  -0.746546  -1.457870  1.000000  
92.112886 0.008193  -0.028033  0.010959  0.641819  0.760027  0.102120  -0.647926  0.466218  0.602356  0.410197  -0.452769  0.791668  -0.028926  0.039201  -0.008934  -0.549424  -0.748525  -1.467659  1.000000  
92.114126 0.008155  -0.027985  0.010945  0.643292  0.758781  0.102113  -0.647544  0.468061  0.601337  0.408488  -0.452958  0.792444  -0.029175  0.039278  -0.009080  -0.557979  -0.750171  -1.483849  1.000000  
92.115128 0.008124  -0.027946  0.010933  0.644420  0.757798  0.102300  -0.647345  0.469430  0.600483  0.407022  -0.453186  0.793067  -0.029275  0.039331  -0.009219  -0.559551  -0.754676  -1.494134  1.000000  
92.116375 0.008084  -0.027899  0.010920  0.645890  0.756545  0.102301  -0.646954  0.471268  0.599463  0.405310  -0.453371  0.793838  -0.029476  0.039410  -0.009111  -0.564941  -0.755396  -1.502457  1.000000  
92.117664 0.008044  -0.027850  0.010909  0.647358  0.755302  0.102215  -0.646558  0.473176  0.598387  0.403597  -0.453458  0.794661  -0.029634  0.039350  -0.008951  -0.573693  -0.762953  -1.513014  1.000000  
92.118872 0.008005  -0.027800  0.010899  0.648861  0.753999  0.102300  -0.646195  0.475051  0.597292  0.401760  -0.453666  0.795473  -0.029883  0.039653  -0.008824  -0.579776  -0.772457  -1.527770  1.000000  
92.119873 0.007975  -0.027759  0.010892  0.650078  0.752962  0.102210  -0.645809  0.476598  0.596477  0.400412  -0.453765  0.796095  -0.029965  0.039738  -0.008658  -0.592487  -0.773918  -1.543572  1.000000  
92.120874 0.007944  -0.027718  0.010885  0.651293  0.751923  0.102123  -0.645420  0.478142  0.595662  0.399063  -0.453863  0.796717  -0.030068  0.039789  -0.008689  -0.598164  -0.778561  -1.553819  1.000000  
92.122123 0.007906  -0.027666  0.010875  0.652828  0.750567  0.102297  -0.645080  0.480053  0.594493  0.397099  -0.454091  0.797567  -0.030239  0.039848  -0.008802  -0.610918  -0.780836  -1.571844  1.000000  
92.123372 0.007868  -0.027615  0.010864  0.654361  0.749219  0.102384  -0.644733  0.482032  0.593265  0.395133  -0.454220  0.798470  -0.030431  0.039939  -0.009029  -0.619466  -0.792453  -1.585106  1.000000  
92.124622 0.007829  -0.027564  0.010851  0.655892  0.747854  0.102567  -0.644381  0.483937  0.592096  0.393166  -0.454444  0.799313  -0.030665  0.040009  -0.009291  -0.622320  -0.802760  -1.596537  1.000000  
92.125873 0.007790  -0.027513  0.010838  0.657552  0.746398  0.102544  -0.643887  0.486064  0.590890  0.391196  -0.454567  0.800209  -0.030850  0.040004  -0.009417  -0.634148  -0.808128  -1.614612  1.000000  
92.126874 0.007758  -0.027473  0.010829  0.658833  0.745256  0.102629  -0.643549  0.487682  0.589925  0.389595  -0.454709  0.800909  -0.031043  0.040002  -0.009388  -0.639524  -0.816659  -1.627287  1.000000  
92.128130 0.007716  -0.027424  0.010816  0.660355  0.743892  0.102737  -0.643179  0.489649  0.588697  0.387622  -0.454828  0.801798  -0.031366  0.040028  -0.009328  -0.650716  -0.823235  -1.641209  1.000000  
92.129385 0.007673  -0.027375  0.010806  0.661875  0.742512  0.102940  -0.642804  0.491541  0.587529  0.385648  -0.455041  0.802629  -0.031636  0.039993  -0.008968  -0.655509  -0.831519  -1.653692  1.000000  
92.130625 0.007629  -0.027325  0.010798  0.663393  0.741141  0.103059  -0.642422  0.493502  0.586301  0.383672  -0.455155  0.803511  -0.031949  0.040195  -0.008654  -0.660586  -0.836567  -1.664832  1.000000  
92.131625 0.007595  -0.027285  0.010791  0.664665  0.739986  0.103160  -0.642065  0.495110  0.585337  0.382065  -0.455288  0.804201  -0.032043  0.040300  -0.008492  -0.665906  -0.848986  -1.679597  1.000000  
92.132879 0.007553  -0.027233  0.010782  0.666309  0.738492  0.103258  -0.641535  0.497146  0.584191  0.380086  -0.455495  0.805021  -0.032218  0.040500  -0.008335  -0.669318  -0.854226  -1.697517  1.000000  
92.134124 0.007512  -0.027180  0.010772  0.668023  0.736918  0.103427  -0.641069  0.499333  0.582835  0.377857  -0.455651  0.805981  -0.032362  0.040676  -0.008346  -0.678279  -0.865169  -1.716405  1.000000  
92.135129 0.007480  -0.027136  0.010764  0.669324  0.735722  0.103530  -0.640731  0.501046  0.581736  0.376122  -0.455705  0.806762  -0.032466  0.040805  -0.008406  -0.685873  -0.876142  -1.732902  1.000000  
92.136129 0.007448  -0.027093  0.010756  0.670624  0.734510  0.103727  -0.640390  0.502685  0.580697  0.374386  -0.455855  0.807485  -0.032582  0.040950  -0.008469  -0.690841  -0.888410  -1.747478  1.000000  
92.137372 0.007408  -0.027038  0.010745  0.672329  0.732923  0.103913  -0.639904  0.504862  0.579342  0.372152  -0.456003  0.808433  -0.032748  0.041230  -0.008515  -0.695583  -0.901255  -1.763117  1.000000  
92.138373 0.007374  -0.026995  0.010738  0.673623  0.731717  0.104029  -0.639552  0.506565  0.578243  0.370412  -0.456050  0.809205  -0.032938  0.041372  -0.008383  -0.704629  -0.909869  -1.775751  1.000000  
92.139373 0.007340  -0.026951  0.010732  0.674915  0.730508  0.104150  -0.639195  0.508267  0.577143  0.368672  -0.456095  0.809974  -0.033148  0.041528  -0.008088  -0.708594  -0.919584  -1.779703  1.000000  
92.140623 0.007298  -0.026897  0.010725  0.676611  0.728922  0.104265  -0.638691  0.510503  0.575727  0.366432  -0.456136  0.810967  -0.033338  0.041805  -0.007635  -0.719033  -0.928158  -1.798377  1.000000  
92.141873 0.007254  -0.026842  0.010721  0.678171  0.727423  0.104594  -0.638318  0.512515  0.574351  0.364190  -0.456272  0.811900  -0.033574  0.042089  -0.007155  -0.723734  -0.942867  -1.810533  1.000000  
92.142874 0.007218  -0.026799  0.010719  0.679455  0.726204  0.104729  -0.637945  0.514207  0.573251  0.362445  -0.456310  0.812659  -0.033785  0.042352  -0.006593  -0.729834  -0.952617  -1.820928  1.000000  
92.144129 0.007173  -0.026744  0.010716  0.681009  0.724711  0.104981  -0.637560  0.516282  0.571813  0.360199  -0.456341  0.813640  -0.033874  0.042815  -0.006096  -0.738427  -0.967288  -1.832496  1.000000  
92.145377 0.007130  -0.026687  0.010713  0.682690  0.723107  0.105121  -0.637028  0.518502  0.570396  0.357952  -0.456369  0.814615  -0.033830  0.043224  -0.005758  -0.743503  -0.976634  -1.842202  1.000000  
92.146387 0.007098  -0.026640  0.010709  0.684071  0.721744  0.105511  -0.636737  0.520309  0.569073  0.355827  -0.456469  0.815490  -0.033701  0.043728  -0.005511  -0.748447  -0.999292  -1.858313  1.000000  
92.147628 0.007056  -0.026580  0.010704  0.685483  0.720346  0.105898  -0.636473  0.522224  0.567613  0.353575  -0.456490  0.816457  -0.033713  0.044269  -0.005242  -0.752006  -1.016978  -1.867311  1.000000  
92.148628 0.007024  -0.026531  0.010701  0.686788  0.719080  0.106051  -0.636107  0.524011  0.566375  0.351697  -0.456439  0.817296  -0.033666  0.044655  -0.004933  -0.760517  -1.027450  -1.875188  1.000000  
92.149875 0.006982  -0.026470  0.010697  0.688358  0.717523  0.106413  -0.635721  0.526109  0.564862  0.349316  -0.456476  0.818296  -0.033776  0.045223  -0.004527  -0.766198  -1.047248  -1.886797  1.000000  
92.150982 0.006950  -0.026419  0.010695  0.689527  0.716346  0.106779  -0.635486  0.527673  0.563665  0.347435  -0.456519  0.819072  -0.033510  0.045381  -0.004113  -0.762947  -1.062382  -1.883548  1.000000  
92.152130 0.006907  -0.026357  0.010694  0.690891  0.714994  0.107021  -0.635167  0.529602  0.562214  0.345301  -0.456405  0.820037  -0.033950  0.046128  -0.003479  -0.768708  -1.073588  -1.887076  1.000000  
92.153373 0.006863  -0.026294  0.010694  0.692417  0.713471  0.107321  -0.634731  0.531647  0.560775  0.343040  -0.456410  0.820983  -0.034053  0.046752  -0.002883  -0.771872  -1.081097  -1.884651  1.000000  
92.154623 0.006818  -0.026232  0.010695  0.693740  0.712158  0.107494  -0.634369  0.533527  0.559397  0.341028  -0.456268  0.821900  -0.034308  0.047209  -0.002310  -0.775196  -1.088668  -1.881566  1.000000  
92.155626 0.006782  -0.026181  0.010697  0.694733  0.711139  0.107826  -0.634227  0.534960  0.558188  0.339267  -0.456178  0.822679  -0.034331  0.047783  -0.001847  -0.776258  -1.099155  -1.872749  1.000000  
92.156873 0.006736  -0.026117  0.010699  0.695988  0.709842  0.108286  -0.634060  0.536770  0.556638  0.337000  -0.456073  0.823668  -0.034514  0.048308  -0.001512  -0.777254  -1.113055  -1.862994  1.000000  
92.157873 0.006700  -0.026066  0.010698  0.697042  0.708730  0.108789  -0.633971  0.538281  0.555279  0.334984  -0.456022  0.824518  -0.034520  0.048912  -0.001386  -0.778187  -1.132465  -1.862466  1.000000  
92.159123 0.006655  -0.025999  0.010698  0.698256  0.707473  0.109177  -0.633763  0.540044  0.553802  0.332840  -0.455889  0.825459  -0.034524  0.049663  -0.001215  -0.783228  -1.143271  -1.854070  1.000000  
92.160129 0.006620  -0.025944  0.010699  0.699239  0.706462  0.109439  -0.633606  0.541535  0.552525  0.331073  -0.455688  0.826280  -0.034590  0.050335  -0.000902  -0.787066  -1.153476  -1.849224  1.000000  
92.161372 0.006576  -0.025875  0.010700  0.700317  0.705313  0.109951  -0.633533  0.543146  0.551024  0.328926  -0.455549  0.827214  -0.034783  0.050993  -0.000646  -0.787088  -1.166418  -1.827259  1.000000  
92.162375 0.006540  -0.025819  0.010702  0.701294  0.704286  0.110305  -0.633368  0.544566  0.549812  0.327156  -0.455444  0.827973  -0.034957  0.051541  -0.000222  -0.788338  -1.180525  -1.820134  1.000000  
92.163636 0.006496  -0.025749  0.010706  0.702334  0.703194  0.110658  -0.633258  0.546198  0.548318  0.325132  -0.455177  0.828917  -0.035223  0.052142  0.000384  -0.788000  -1.186614  -1.795372  1.000000  
92.164878 0.006449  -0.025679  0.010712  0.703502  0.701974  0.110987  -0.632999  0.547905  0.546912  0.323107  -0.455008  0.829801  -0.035619  0.052724  0.001061  -0.787046  -1.189300  -1.775099  1.000000  
92.165878 0.006412  -0.025624  0.010717  0.704309  0.701114  0.111298  -0.632939  0.549199  0.545682  0.321461  -0.454774  0.830568  -0.036126  0.053412  0.001497  -0.793065  -1.191198  -1.759870  1.000000  
92.167127 0.006363  -0.025554  0.010723  0.705309  0.700063  0.111580  -0.632788  0.550782  0.544259  0.319559  -0.454478  0.831464  -0.036230  0.053587  0.001937  -0.790648  -1.196388  -1.726329  1.000000  
92.168129 0.006324  -0.025498  0.010729  0.706081  0.699234  0.111900  -0.632694  0.551965  0.543169  0.318038  -0.454320  0.832133  -0.036527  0.053947  0.002374  -0.785930  -1.198380  -1.704868  1.000000  
92.169373 0.006274  -0.025430  0.010733  0.707108  0.698136  0.112272  -0.632565  0.553584  0.541670  0.316007  -0.454039  0.833060  -0.036923  0.054291  0.002613  -0.785167  -1.203314  -1.684010  1.000000  
92.170622 0.006225  -0.025360  0.010738  0.708100  0.697096  0.112482  -0.632404  0.555225  0.540177  0.314103  -0.453633  0.834000  -0.037171  0.054732  0.002744  -0.785985  -1.204887  -1.654769  1.000000  
92.171622 0.006186  -0.025305  0.010741  0.708835  0.696323  0.112642  -0.632273  0.556427  0.539092  0.312705  -0.453348  0.834681  -0.037249  0.055044  0.002855  -0.789676  -1.200569  -1.630584  1.000000  
92.172623 0.006147  -0.025248  0.010745  0.709729  0.695389  0.112778  -0.632022  0.557810  0.537955  0.311179  -0.453080  0.835396  -0.037471  0.055367  0.003128  -0.787581  -1.198165  -1.613339  1.000000  
92.173623 0.006109  -0.025191  0.010750  0.710461  0.694615  0.112943  -0.631887  0.559009  0.536868  0.309780  -0.452791  0.836072  -0.037590  0.055641  0.003429  -0.789648  -1.193209  -1.595373  1.000000  
92.174872 0.006061  -0.025119  0.010756  0.711574  0.693442  0.113141  -0.631567  0.560717  0.535462  0.307872  -0.452477  0.836947  -0.037872  0.055951  0.003834  -0.793137  -1.191475  -1.571909  1.000000  
92.176130 0.006013  -0.025048  0.010765  0.712494  0.692473  0.113286  -0.631335  0.562199  0.534180  0.306216  -0.452121  0.837746  -0.038171  0.056085  0.004451  -0.788761  -1.178325  -1.541965  1.000000  
92.177373 0.005964  -0.024977  0.010776  0.713442  0.691458  0.113519  -0.631127  0.563718  0.532823  0.304432  -0.451783  0.838578  -0.038390  0.056205  0.004933  -0.788299  -1.164878  -1.511898  1.000000  
92.178622 0.005915  -0.024906  0.010788  0.714357  0.690501  0.113587  -0.630889  0.565259  0.531471  0.302775  -0.451321  0.839426  -0.038771  0.056262  0.005437  -0.792082  -1.155389  -1.483781  1.000000  
92.179629 0.005874  -0.024851  0.010796  0.715080  0.689737  0.113684  -0.630742  0.566511  0.530311  0.301372  -0.450920  0.840146  -0.038967  0.056129  0.005708  -0.796115  -1.146386  -1.455280  1.000000  
92.180870 0.005823  -0.024783  0.010806  0.716151  0.688602  0.113818  -0.630377  0.568164  0.528975  0.299585  -0.450574  0.840970  -0.039277  0.056089  0.005909  -0.803291  -1.137844  -1.446365  1.000000  
92.181873 0.005781  -0.024729  0.010813  0.716971  0.687750  0.113811  -0.630051  0.569449  0.527980  0.298309  -0.450253  0.841596  -0.039499  0.055899  0.006016  -0.801064  -1.125640  -1.428651  1.000000  
92.182874 0.005738  -0.024676  0.010821  0.717659  0.687014  0.113915  -0.629871  0.570591  0.526961  0.297031  -0.449930  0.842221  -0.039756  0.055755  0.006279  -0.801598  -1.116550  -1.400089  1.000000  
92.184128 0.005685  -0.024610  0.010831  0.718624  0.685948  0.114253  -0.629672  0.572134  0.525524  0.295114  -0.449597  0.843072  -0.039945  0.055581  0.006627  -0.799680  -1.115476  -1.383783  1.000000  
92.185373 0.005630  -0.024543  0.010842  0.719528  0.684972  0.114426  -0.629417  0.573596  0.524235  0.293452  -0.449223  0.843851  -0.040296  0.055371  0.007067  -0.800147  -1.107136  -1.372314  1.000000  
92.186618 0.005576  -0.024477  0.010854  0.720530  0.683921  0.114409  -0.628985  0.575156  0.523043  0.291917  -0.448830  0.844593  -0.040680  0.055213  0.007543  -0.802823  -1.080434  -1.357152  1.000000  
92.187619 0.005533  -0.024423  0.010866  0.721312  0.683109  0.114331  -0.628622  0.576391  0.522119  0.290765  -0.448482  0.845175  -0.040977  0.055016  0.008054  -0.805827  -1.057533  -1.344202  1.000000  
92.188868 0.005477  -0.024358  0.010882  0.722210  0.682129  0.114514  -0.628359  0.577844  0.520828  0.289100  -0.448103  0.845946  -0.041536  0.054595  0.008760  -0.806315  -1.045552  -1.329563  1.000000  
92.189869 0.005431  -0.024306  0.010895  0.723018  0.681256  0.114609  -0.628017  0.579052  0.519898  0.287819  -0.447873  0.846505  -0.041999  0.054224  0.009254  -0.805235  -1.030330  -1.320878  1.000000  
92.191118 0.005373  -0.024241  0.010910  0.723912  0.680288  0.114716  -0.627748  0.580563  0.518535  0.286153  -0.447387  0.847326  -0.042680  0.053821  0.009645  -0.807886  -1.011528  -1.309875  1.000000  
92.192125 0.005326  -0.024189  0.010922  0.724660  0.679517  0.114563  -0.627352  0.581751  0.517683  0.285127  -0.447015  0.847868  -0.043263  0.053361  0.009861  -0.811328  -0.988023  -1.295431  1.000000  
92.193369 0.005266  -0.024125  0.010936  0.725622  0.678503  0.114481  -0.626879  0.583256  0.516560  0.283716  -0.446593  0.848563  -0.043900  0.053016  0.010032  -0.815859  -0.966469  -1.291782  1.000000  
92.194619 0.005204  -0.024063  0.010950  0.726611  0.677443  0.114488  -0.626429  0.584798  0.515362  0.282176  -0.446187  0.849290  -0.044685  0.052599  0.010262  -0.814723  -0.951656  -1.283210  1.000000  
92.195622 0.005154  -0.024014  0.010961  0.727384  0.676623  0.114429  -0.626051  0.586018  0.514434  0.281021  -0.445829  0.849861  -0.045371  0.052128  0.010516  -0.815681  -0.933336  -1.280073  1.000000  
92.196623 0.005101  -0.023966  0.010972  0.728155  0.675803  0.114372  -0.625672  0.587237  0.513505  0.279865  -0.445470  0.850430  -0.046025  0.051791  0.010703  -0.820762  -0.918939  -1.279198  1.000000  
92.197871 0.005035  -0.023906  0.010988  0.729139  0.674752  0.114307  -0.625214  0.588833  0.512233  0.278323  -0.444956  0.851206  -0.046875  0.051368  0.011115  -0.825570  -0.904839  -1.278243  1.000000  
92.198873 0.004982  -0.023858  0.011002  0.729964  0.673839  0.114428  -0.624879  0.590125  0.511155  0.276909  -0.444628  0.851837  -0.047582  0.050996  0.011548  -0.827118  -0.893233  -1.278080  1.000000  
92.200128 0.004914  -0.023797  0.011021  0.730972  0.672740  0.114458  -0.624439  0.591753  0.509807  0.275237  -0.444127  0.852641  -0.048521  0.050577  0.012147  -0.827687  -0.882920  -1.279064  1.000000  
