1-Time 2-Px 3-Py 4-Pz 5-R11 6-R21 7-R31 8-R12 9-R22 10-R32 11-R13 12-R23 13-R33 14-Vx 15-Vy 16-Vz 17-Wx 18-Wy 19-Wz 20-state
38.808429 0.031999  -0.059630  0.029865  0.329563  0.875235  0.354050  -0.924703  0.374914  -0.066065  -0.190561  -0.305618  0.932890  -0.000720  -0.000492  -0.000630  0.000000  0.000000  0.000000  1.000000  
38.809553 0.031999  -0.059630  0.029865  0.329563  0.875235  0.354050  -0.924703  0.374914  -0.066065  -0.190561  -0.305618  0.932890  0.000000  0.000000  0.000000  0.000000  0.000000  0.000000  1.000000  
38.810800 0.032003  -0.059624  0.029851  0.329563  0.875235  0.354050  -0.924703  0.374914  -0.066065  -0.190561  -0.305618  0.932890  0.002229  0.003067  -0.006783  0.000000  0.000000  0.000000  1.000000  
38.811820 0.032010  -0.059615  0.029833  0.329563  0.875235  0.354050  -0.924703  0.374914  -0.066065  -0.190561  -0.305618  0.932890  0.003709  0.005069  -0.010590  0.000000  0.000000  0.000000  1.000000  
38.813062 0.032018  -0.059602  0.029812  0.329563  0.875278  0.353944  -0.924703  0.374906  -0.066111  -0.190561  -0.305505  0.932927  0.004473  0.006608  -0.012539  0.000000  0.000000  0.000000  1.000000  
38.814295 0.032022  -0.059588  0.029795  0.329563  0.875321  0.353838  -0.924703  0.374898  -0.066156  -0.190561  -0.305392  0.932964  0.004334  0.007634  -0.012745  0.000000  0.000000  0.000000  1.000000  
38.815312 0.032023  -0.059575  0.029784  0.329563  0.875364  0.353732  -0.924703  0.374890  -0.066202  -0.190561  -0.305279  0.933001  0.003697  0.008478  -0.012399  0.000000  0.000000  0.000000  1.000000  
38.816563 0.032015  -0.059559  0.029771  0.329372  0.875484  0.353612  -0.924770  0.374701  -0.066320  -0.190561  -0.305166  0.933038  0.002117  0.009213  -0.012119  0.000000  0.000000  0.000000  1.000000  
38.817797 0.032001  -0.059543  0.029760  0.329372  0.875484  0.353612  -0.924770  0.374701  -0.066320  -0.190561  -0.305166  0.933038  0.000316  0.009690  -0.011709  0.000000  0.000000  0.000000  1.000000  
38.818803 0.031989  -0.059532  0.029751  0.329182  0.875604  0.353492  -0.924838  0.374513  -0.066438  -0.190561  -0.305053  0.933075  -0.000972  0.009879  -0.011436  0.000000  0.000000  0.000000  1.000000  
38.820056 0.031972  -0.059516  0.029741  0.329190  0.875661  0.353344  -0.924862  0.374467  -0.066366  -0.190430  -0.304947  0.933137  -0.002392  0.010145  -0.011016  0.000000  0.000000  0.000000  1.000000  
38.821302 0.031956  -0.059498  0.029727  0.329009  0.875794  0.353182  -0.924954  0.374240  -0.066366  -0.190298  -0.304842  0.933198  -0.003425  0.010595  -0.011040  0.000000  0.000000  0.000000  1.000000  
38.822549 0.031939  -0.059478  0.029706  0.329026  0.875865  0.352992  -0.925002  0.374155  -0.066177  -0.190035  -0.304745  0.933283  -0.004372  0.011109  -0.011549  0.000000  0.000000  0.000000  1.000000  
38.823794 0.031923  -0.059455  0.029678  0.329026  0.875907  0.352886  -0.925002  0.374147  -0.066222  -0.190035  -0.304631  0.933320  -0.005063  0.011673  -0.012458  0.000000  0.000000  0.000000  1.000000  
38.824796 0.031912  -0.059435  0.029653  0.328844  0.876084  0.352618  -0.925094  0.373912  -0.066268  -0.189904  -0.304413  0.933418  -0.005784  0.013000  -0.014017  0.000000  0.000000  0.000000  1.000000  
38.825798 0.031904  -0.059412  0.029626  0.328844  0.876126  0.352512  -0.925094  0.373904  -0.066313  -0.189904  -0.304300  0.933455  -0.006598  0.014162  -0.014996  0.000000  0.000000  0.000000  1.000000  
38.826798 0.031897  -0.059385  0.029600  0.328852  0.876225  0.352257  -0.925118  0.373850  -0.066286  -0.189773  -0.304081  0.933553  -0.007533  0.015327  -0.015551  0.000000  0.000000  0.000000  1.000000  
38.827798 0.031891  -0.059356  0.029576  0.328852  0.876311  0.352045  -0.925118  0.373834  -0.066377  -0.189773  -0.303855  0.933627  -0.008370  0.016627  -0.015963  0.000000  0.000000  0.000000  1.000000  
38.828798 0.031881  -0.059325  0.029555  0.329043  0.876362  0.351739  -0.925050  0.373990  -0.066440  -0.189773  -0.303515  0.933737  -0.009547  0.018034  -0.016407  0.000000  0.000000  0.000000  1.000000  
38.829804 0.031871  -0.059293  0.029538  0.329043  0.876447  0.351527  -0.925050  0.373974  -0.066531  -0.189773  -0.303288  0.933811  -0.010316  0.019395  -0.016844  0.000000  0.000000  0.000000  1.000000  
38.831050 0.031855  -0.059253  0.029515  0.329043  0.876575  0.351208  -0.925050  0.373950  -0.066667  -0.189773  -0.302948  0.933921  -0.010910  0.020864  -0.017431  0.000000  0.000000  0.000000  1.000000  
38.832054 0.031841  -0.059221  0.029495  0.329034  0.876647  0.351037  -0.925026  0.373971  -0.066876  -0.189904  -0.302714  0.933970  -0.011290  0.022247  -0.018257  0.000000  0.000000  0.000000  1.000000  
38.833064 0.031825  -0.059191  0.029471  0.329225  0.876655  0.350838  -0.924958  0.374136  -0.066894  -0.189904  -0.302487  0.934044  -0.011505  0.023517  -0.019255  0.000000  0.000000  0.000000  1.000000  
38.834310 0.031804  -0.059154  0.029436  0.329225  0.876740  0.350625  -0.924958  0.374119  -0.066985  -0.189904  -0.302261  0.934117  -0.011863  0.024967  -0.020968  0.000000  0.000000  0.000000  1.000000  
38.835552 0.031781  -0.059119  0.029396  0.329415  0.876705  0.350533  -0.924890  0.374292  -0.066958  -0.189904  -0.302148  0.934154  -0.012307  0.026169  -0.022829  0.000000  0.000000  0.000000  1.000000  
38.836553 0.031762  -0.059091  0.029363  0.329415  0.876748  0.350427  -0.924890  0.374284  -0.067003  -0.189904  -0.302034  0.934190  -0.012658  0.027211  -0.024203  0.000000  0.000000  0.000000  1.000000  
38.837798 0.031739  -0.059053  0.029321  0.329605  0.876713  0.350334  -0.924823  0.374456  -0.066977  -0.189904  -0.301921  0.934227  -0.013102  0.028187  -0.025378  0.000000  0.000000  0.000000  1.000000  
38.838799 0.031721  -0.059021  0.029287  0.329605  0.876756  0.350228  -0.924823  0.374448  -0.067022  -0.189904  -0.301808  0.934264  -0.013477  0.029095  -0.026116  0.000000  0.000000  0.000000  1.000000  
38.840054 0.031698  -0.058979  0.029250  0.329804  0.876735  0.350093  -0.924779  0.374582  -0.066878  -0.189773  -0.301702  0.934324  -0.014251  0.030105  -0.026419  0.000000  0.000000  0.000000  1.000000  
38.841301 0.031672  -0.058937  0.029215  0.329986  0.876687  0.350043  -0.924687  0.374793  -0.066969  -0.189904  -0.301581  0.934337  -0.015348  0.030848  -0.026508  0.000000  0.000000  0.000000  1.000000  
38.842548 0.031647  -0.058892  0.029183  0.330367  0.876575  0.349964  -0.924551  0.375146  -0.066870  -0.189904  -0.301468  0.934373  -0.016546  0.031452  -0.026665  0.000000  0.000000  0.000000  1.000000  
38.843548 0.031625  -0.058853  0.029158  0.330557  0.876582  0.349765  -0.924483  0.375310  -0.066889  -0.189904  -0.301241  0.934447  -0.017348  0.031977  -0.026961  0.000000  0.000000  0.000000  1.000000  
38.844798 0.031599  -0.058803  0.029127  0.330747  0.876590  0.349566  -0.924415  0.375474  -0.066908  -0.189904  -0.301014  0.934520  -0.018152  0.032643  -0.027394  0.000000  0.000000  0.000000  1.000000  
38.845798 0.031578  -0.058763  0.029100  0.331119  0.876506  0.349423  -0.924255  0.375857  -0.066973  -0.190035  -0.300780  0.934568  -0.018751  0.033159  -0.027964  0.000000  0.000000  0.000000  1.000000  
38.846800 0.031553  -0.058725  0.029071  0.331310  0.876514  0.349224  -0.924186  0.376021  -0.066993  -0.190035  -0.300553  0.934641  -0.019515  0.033634  -0.028722  0.000000  0.000000  0.000000  1.000000  
38.848060 0.031521  -0.058679  0.029029  0.331690  0.876444  0.349039  -0.924050  0.376365  -0.066940  -0.190035  -0.300326  0.934714  -0.020232  0.034149  -0.029464  0.000000  0.000000  0.000000  1.000000  
38.849299 0.031487  -0.058634  0.028984  0.332071  0.876373  0.348854  -0.923913  0.376710  -0.066888  -0.190035  -0.300099  0.934787  -0.021132  0.034742  -0.030122  -0.158334  0.043879  -0.092021  1.000000  
38.850555 0.031451  -0.058589  0.028938  0.332460  0.876274  0.348733  -0.923800  0.377025  -0.066672  -0.189904  -0.299994  0.934848  -0.022041  0.035473  -0.030513  0.000000  0.000000  0.000000  1.000000  
38.851803 0.031414  -0.058544  0.028895  0.332840  0.876119  0.348760  -0.923663  0.377386  -0.066529  -0.189904  -0.299994  0.934848  -0.023012  0.036066  -0.030584  0.000000  0.000000  0.000000  1.000000  
38.852804 0.031383  -0.058507  0.028864  0.333229  0.875977  0.348745  -0.923550  0.377709  -0.066267  -0.189773  -0.300002  0.934872  -0.023875  0.036472  -0.030326  0.000000  0.000000  0.000000  1.000000  
38.853895 0.031351  -0.058471  0.028834  0.333618  0.875835  0.348730  -0.923437  0.378032  -0.066006  -0.189641  -0.300009  0.934896  -0.024654  0.036534  -0.029967  0.000000  0.000000  0.000000  1.000000  
38.855051 0.031309  -0.058424  0.028797  0.333998  0.875679  0.348757  -0.923299  0.378392  -0.065862  -0.189641  -0.300009  0.934896  -0.025924  0.037061  -0.030147  0.000000  0.000000  0.000000  1.000000  
38.856053 0.031274  -0.058386  0.028766  0.334387  0.875537  0.348742  -0.923185  0.378715  -0.065601  -0.189510  -0.300017  0.934920  -0.026990  0.037358  -0.030479  -0.112778  0.069173  -0.184679  1.000000  
38.857298 0.031231  -0.058338  0.028725  0.334775  0.875352  0.348832  -0.923072  0.379046  -0.065294  -0.189379  -0.300138  0.934908  -0.028167  0.037567  -0.031020  -0.093873  0.077618  -0.196257  1.000000  
38.858302 0.031198  -0.058298  0.028690  0.335156  0.875196  0.348859  -0.922934  0.379406  -0.065150  -0.189379  -0.300138  0.934908  -0.028996  0.037646  -0.031704  -0.083088  0.081764  -0.209178  1.000000  
38.859547 0.031155  -0.058248  0.028642  0.335535  0.875040  0.348886  -0.922796  0.379766  -0.065007  -0.189379  -0.300138  0.934908  -0.029925  0.037720  -0.032720  -0.073024  0.083145  -0.213897  1.000000  
38.860549 0.031123  -0.058207  0.028600  0.335924  0.874897  0.348870  -0.922681  0.380089  -0.064746  -0.189247  -0.300146  0.934932  -0.030822  0.037745  -0.033897  -0.058307  0.091489  -0.225367  1.000000  
38.861799 0.031080  -0.058155  0.028546  0.336503  0.874718  0.348761  -0.922497  0.380584  -0.064459  -0.189116  -0.300040  0.934992  -0.031525  0.038029  -0.035031  -0.046714  0.107034  -0.243952  1.000000  
38.863050 0.031037  -0.058103  0.028490  0.337081  0.874497  0.348758  -0.922313  0.381086  -0.064126  -0.188984  -0.300048  0.935017  -0.032307  0.038428  -0.035982  -0.035666  0.114532  -0.253478  1.000000  
38.864054 0.031001  -0.058061  0.028449  0.337279  0.874432  0.348728  -0.922267  0.381228  -0.063937  -0.188853  -0.300056  0.935041  -0.032844  0.038843  -0.036275  -0.026508  0.121802  -0.260652  1.000000  
38.865301 0.030952  -0.058009  0.028400  0.337677  0.874303  0.348668  -0.922176  0.381513  -0.063558  -0.188590  -0.300071  0.935089  -0.033830  0.039354  -0.036442  -0.020979  0.131312  -0.262133  1.000000  
38.866310 0.030912  -0.057967  0.028363  0.338065  0.874159  0.348651  -0.922060  0.381835  -0.063297  -0.188459  -0.300079  0.935113  -0.034487  0.039663  -0.036533  -0.014474  0.140804  -0.275818  1.000000  
38.867554 0.030860  -0.057914  0.028321  0.338652  0.873951  0.348604  -0.921899  0.382300  -0.062847  -0.188196  -0.300094  0.935161  -0.035337  0.040160  -0.036743  -0.007823  0.153518  -0.286017  1.000000  
38.868555 0.030818  -0.057872  0.028287  0.339049  0.873821  0.348543  -0.921806  0.382584  -0.062468  -0.187933  -0.300110  0.935209  -0.036318  0.040844  -0.037362  -0.001176  0.166228  -0.296212  1.000000  
38.869800 0.030765  -0.057818  0.028242  0.339454  0.873705  0.348439  -0.921737  0.382831  -0.061973  -0.187539  -0.300133  0.935280  -0.036874  0.041061  -0.037649  0.004118  0.176919  -0.300055  1.000000  
38.871049 0.030711  -0.057764  0.028193  0.339860  0.873547  0.348441  -0.921668  0.383085  -0.061430  -0.187145  -0.300269  0.935316  -0.037537  0.041450  -0.038171  0.013419  0.194474  -0.298477  1.000000  
38.872053 0.030669  -0.057720  0.028149  0.340256  0.873417  0.348379  -0.921575  0.383369  -0.061052  -0.186882  -0.300284  0.935363  -0.038070  0.041853  -0.039026  0.018862  0.206695  -0.304657  1.000000  
38.873297 0.030616  -0.057665  0.028091  0.340852  0.873222  0.348287  -0.921435  0.383796  -0.060485  -0.186488  -0.300307  0.935435  -0.038750  0.042220  -0.039943  0.028252  0.221633  -0.307100  1.000000  
38.874547 0.030563  -0.057608  0.028032  0.341257  0.873106  0.348181  -0.921365  0.384042  -0.059989  -0.186093  -0.300330  0.935506  -0.039489  0.042633  -0.040652  0.037321  0.234550  -0.306895  1.000000  
38.875549 0.030520  -0.057562  0.027984  0.341843  0.872896  0.348131  -0.921200  0.384506  -0.059539  -0.185830  -0.300345  0.935553  -0.040166  0.042972  -0.041108  0.047063  0.251399  -0.311836  1.000000  
38.876798 0.030467  -0.057502  0.027924  0.342240  0.872766  0.348068  -0.921106  0.384790  -0.059161  -0.185567  -0.300361  0.935600  -0.040927  0.043532  -0.041422  0.056003  0.259852  -0.313000  1.000000  
38.878047 0.030411  -0.057441  0.027866  0.342835  0.872612  0.347868  -0.920964  0.385209  -0.058641  -0.185173  -0.300270  0.935708  -0.041725  0.044120  -0.041627  0.061280  0.274700  -0.315503  1.000000  
38.879300 0.030355  -0.057379  0.027810  0.343619  0.872337  0.347785  -0.920751  0.385814  -0.058003  -0.184778  -0.300293  0.935778  -0.042460  0.044836  -0.041940  0.072446  0.293886  -0.326919  1.000000  
38.880300 0.030310  -0.057328  0.027767  0.344213  0.872183  0.347583  -0.920608  0.386233  -0.057483  -0.184384  -0.300202  0.935885  -0.042826  0.045386  -0.042197  0.073637  0.304507  -0.330712  1.000000  
38.881306 0.030263  -0.057277  0.027724  0.344808  0.871986  0.347487  -0.920465  0.386659  -0.056917  -0.183989  -0.300224  0.935956  -0.043258  0.045985  -0.042656  0.075520  0.318886  -0.336776  1.000000  
38.882311 0.030217  -0.057226  0.027679  0.345402  0.871790  0.347390  -0.920321  0.387084  -0.056350  -0.183595  -0.300247  0.936026  -0.043587  0.046623  -0.043454  0.077292  0.332033  -0.343164  1.000000  
38.883552 0.030157  -0.057164  0.027620  0.346194  0.871569  0.347154  -0.920128  0.387645  -0.055642  -0.183069  -0.300163  0.936156  -0.044070  0.047202  -0.044422  0.074612  0.348110  -0.346727  1.000000  
38.884804 0.030097  -0.057102  0.027558  0.346995  0.871321  0.346979  -0.919957  0.388175  -0.054770  -0.182411  -0.300201  0.936272  -0.044504  0.047865  -0.045767  0.076801  0.372563  -0.351719  1.000000  
38.885804 0.030048  -0.057052  0.027507  0.347787  0.871100  0.346741  -0.919762  0.388735  -0.054063  -0.181885  -0.300117  0.936402  -0.044931  0.048304  -0.046545  0.075148  0.389571  -0.360618  1.000000  
38.887050 0.029986  -0.056989  0.027443  0.348587  0.870893  0.346458  -0.919589  0.389258  -0.053239  -0.181227  -0.300040  0.936554  -0.045544  0.048755  -0.047119  0.068802  0.407478  -0.365075  1.000000  
38.888065 0.029935  -0.056938  0.027393  0.349568  0.870590  0.346229  -0.919320  0.389998  -0.052461  -0.180700  -0.299956  0.936682  -0.046164  0.049191  -0.047250  0.068983  0.434033  -0.381938  1.000000  
38.889298 0.029869  -0.056874  0.027334  0.350557  0.870302  0.345953  -0.919072  0.390700  -0.051566  -0.180042  -0.299879  0.936834  -0.047048  0.049788  -0.047347  0.068602  0.461832  -0.394710  1.000000  
38.890299 0.029817  -0.056820  0.027288  0.351357  0.870136  0.345561  -0.918896  0.391217  -0.050791  -0.179384  -0.299689  0.937021  -0.047654  0.050193  -0.047191  0.062276  0.479106  -0.398961  1.000000  
38.891299 0.029763  -0.056767  0.027243  0.352337  0.869832  0.345328  -0.918623  0.391957  -0.050015  -0.178858  -0.299604  0.937148  -0.048426  0.050638  -0.046961  0.065196  0.504308  -0.409813  1.000000  
38.892545 0.029697  -0.056697  0.027188  0.353532  0.869573  0.344758  -0.918343  0.392751  -0.048912  -0.177936  -0.299314  0.937417  -0.049103  0.051222  -0.046710  0.057281  0.533832  -0.424140  1.000000  
38.893549 0.029644  -0.056641  0.027143  0.354330  0.869363  0.344467  -0.918163  0.393275  -0.048090  -0.177278  -0.299236  0.937566  -0.049738  0.051694  -0.046699  0.055659  0.552397  -0.434346  1.000000  
38.894570 0.029593  -0.056584  0.027096  0.355327  0.869128  0.344033  -0.917930  0.393934  -0.047129  -0.176488  -0.299052  0.937774  -0.050324  0.052439  -0.047083  0.051275  0.582453  -0.448990  1.000000  
38.895801 0.029528  -0.056511  0.027035  0.356520  0.868868  0.343457  -0.917644  0.394729  -0.046029  -0.175566  -0.298761  0.938040  -0.050641  0.052791  -0.047466  0.044663  0.609799  -0.471341  1.000000  
38.897047 0.029462  -0.056439  0.026972  0.357910  0.868539  0.342842  -0.917304  0.395667  -0.044743  -0.174512  -0.298476  0.938327  -0.051067  0.053346  -0.047976  0.037068  0.643188  -0.488901  1.000000  
38.898050 0.029409  -0.056381  0.026919  0.359094  0.868220  0.342412  -0.916991  0.396505  -0.043714  -0.173721  -0.298291  0.938533  -0.051521  0.053850  -0.048374  0.033892  0.674333  -0.513889  1.000000  
38.899051 0.029355  -0.056324  0.026866  0.360088  0.867982  0.341970  -0.916750  0.397166  -0.042756  -0.172931  -0.298105  0.938738  -0.051917  0.054304  -0.048652  0.028895  0.695671  -0.521950  1.000000  
38.900056 0.029299  -0.056267  0.026812  0.361091  0.867758  0.341481  -0.916530  0.397789  -0.041683  -0.172008  -0.297926  0.938964  -0.052481  0.054862  -0.048855  0.024228  0.724569  -0.540301  1.000000  
38.901300 0.029228  -0.056196  0.026746  0.362488  0.867440  0.340809  -0.916200  0.398691  -0.040284  -0.170822  -0.297647  0.939269  -0.053068  0.055358  -0.049000  0.013529  0.760860  -0.564929  1.000000  
38.902303 0.029170  -0.056139  0.026697  0.363498  0.867270  0.340164  -0.915996  0.399273  -0.039144  -0.169767  -0.297360  0.939551  -0.053593  0.055874  -0.048863  0.004484  0.792476  -0.576264  1.000000  
38.903547 0.029097  -0.056066  0.026637  0.364901  0.866965  0.339440  -0.915681  0.400139  -0.037632  -0.168448  -0.297087  0.939875  -0.054169  0.056531  -0.048827  -0.003521  0.830773  -0.593004  1.000000  
38.904800 0.029024  -0.055991  0.026578  0.366492  0.866617  0.338613  -0.915288  0.401180  -0.036100  -0.167129  -0.296698  0.940233  -0.054625  0.057162  -0.048857  -0.014428  0.870958  -0.616210  1.000000  
38.906047 0.028951  -0.055914  0.026520  0.367902  0.866365  0.337728  -0.914986  0.402007  -0.034523  -0.165678  -0.296315  0.940610  -0.055076  0.057799  -0.049065  -0.025185  0.912179  -0.631510  1.000000  
38.907047 0.028892  -0.055852  0.026470  0.369098  0.866109  0.337079  -0.914694  0.402770  -0.033318  -0.164622  -0.296026  0.940887  -0.055465  0.058176  -0.049286  -0.033432  0.949379  -0.656213  1.000000  
38.908302 0.028820  -0.055774  0.026407  0.370687  0.865797  0.336135  -0.914289  0.403810  -0.031841  -0.163302  -0.295521  0.941275  -0.055884  0.058768  -0.049888  -0.045643  0.991600  -0.671702  1.000000  
38.909548 0.028747  -0.055694  0.026344  0.372094  0.865582  0.335133  -0.913975  0.404636  -0.030319  -0.161850  -0.295022  0.941683  -0.056461  0.059384  -0.050219  -0.060610  1.030951  -0.690360  1.000000  
38.910548 0.028691  -0.055629  0.026292  0.373108  0.865461  0.334316  -0.913771  0.405184  -0.029120  -0.160662  -0.294623  0.942011  -0.056727  0.059750  -0.050360  -0.072735  1.063788  -0.692657  1.000000  
38.911797 0.028618  -0.055547  0.026229  0.374522  0.865258  0.333259  -0.913470  0.405976  -0.027485  -0.159077  -0.294128  0.942435  -0.057222  0.060457  -0.050307  -0.091795  1.102061  -0.695313  1.000000  
38.913047 0.028545  -0.055465  0.026168  0.375935  0.865054  0.332197  -0.913165  0.406770  -0.025852  -0.157492  -0.293632  0.942856  -0.057632  0.061107  -0.050069  -0.107583  1.139459  -0.703909  1.000000  
38.914298 0.028469  -0.055383  0.026108  0.377730  0.864695  0.331093  -0.912718  0.407886  -0.023969  -0.155774  -0.293141  0.943294  -0.058180  0.061818  -0.049577  -0.119170  1.183488  -0.726050  1.000000  
38.915298 0.028406  -0.055318  0.026062  0.378945  0.864516  0.330170  -0.912462  0.408544  -0.022475  -0.154320  -0.292751  0.943654  -0.058638  0.062342  -0.049195  -0.132939  1.219340  -0.736532  1.000000  
38.916553 0.028325  -0.055237  0.026005  0.380550  0.864238  0.329051  -0.912083  0.409485  -0.020665  -0.152601  -0.292257  0.944086  -0.059222  0.063107  -0.048564  -0.145283  1.262928  -0.746705  1.000000  
38.917814 0.028244  -0.055156  0.025948  0.382161  0.864013  0.327772  -0.911717  0.410390  -0.018791  -0.150749  -0.291654  0.944570  -0.059769  0.063626  -0.048283  -0.163630  1.307607  -0.754961  1.000000  
38.919065 0.028164  -0.055074  0.025891  0.383771  0.863746  0.326592  -0.911345  0.411298  -0.016869  -0.148897  -0.291164  0.945015  -0.060230  0.064151  -0.048097  -0.177818  1.351286  -0.762587  1.000000  
38.920302 0.028084  -0.054990  0.025832  0.385755  0.863347  0.325307  -0.910808  0.412563  -0.014867  -0.147045  -0.290557  0.945492  -0.060732  0.064747  -0.048269  -0.190045  1.395966  -0.785547  1.000000  
38.921549 0.028006  -0.054904  0.025769  0.387564  0.863061  0.323913  -0.910379  0.413580  -0.012702  -0.144927  -0.289961  0.946002  -0.061086  0.065337  -0.048435  -0.204741  1.444953  -0.792760  1.000000  
38.922797 0.027927  -0.054818  0.025704  0.389356  0.862781  0.322506  -0.909908  0.414670  -0.010825  -0.143073  -0.289236  0.946505  -0.061440  0.065853  -0.048545  -0.223475  1.480863  -0.804045  1.000000  
38.923798 0.027864  -0.054749  0.025654  0.390945  0.862476  0.321401  -0.909475  0.415658  -0.009150  -0.141484  -0.288729  0.946899  -0.061876  0.066273  -0.048450  -0.233763  1.516699  -0.815061  1.000000  
38.925047 0.027786  -0.054660  0.025592  0.392741  0.862206  0.319931  -0.909008  0.416717  -0.007163  -0.139497  -0.288007  0.947414  -0.062210  0.066766  -0.048379  -0.249330  1.554411  -0.822014  1.000000  
38.926297 0.027705  -0.054572  0.025533  0.394917  0.861776  0.318406  -0.908388  0.418099  -0.004933  -0.137377  -0.287288  0.947942  -0.062750  0.067183  -0.048101  -0.262132  1.598126  -0.845049  1.000000  
38.927297 0.027641  -0.054501  0.025488  0.396507  0.861518  0.317127  -0.907954  0.419058  -0.003203  -0.135654  -0.286667  0.948378  -0.063182  0.067514  -0.047811  -0.277803  1.631656  -0.849795  1.000000  
38.928314 0.027576  -0.054430  0.025443  0.398290  0.861186  0.315792  -0.907449  0.420161  -0.001294  -0.133798  -0.286049  0.948828  -0.063910  0.068220  -0.047729  -0.290915  1.675791  -0.869209  1.000000  
38.929639 0.027493  -0.054342  0.025387  0.400466  0.860762  0.314191  -0.906820  0.421516  0.001038  -0.131543  -0.285331  0.949359  -0.063606  0.067909  -0.046965  -0.304515  1.718118  -0.882715  1.000000  
38.930792 0.027410  -0.054255  0.025331  0.402639  0.860372  0.312476  -0.906182  0.422874  0.003313  -0.129288  -0.284494  0.949920  -0.064304  0.068778  -0.047325  -0.323134  1.763300  -0.905230  1.000000  
38.931792 0.027342  -0.054187  0.025285  0.404243  0.860149  0.311016  -0.905769  0.423738  0.005376  -0.127165  -0.283881  0.950390  -0.064480  0.069023  -0.047283  -0.334442  1.803138  -0.915566  1.000000  
38.932797 0.027275  -0.054117  0.025237  0.405838  0.859909  0.309600  -0.905333  0.424640  0.007320  -0.125174  -0.283262  0.950839  -0.064665  0.069366  -0.047438  -0.350697  1.836348  -0.920434  1.000000  
38.934046 0.027191  -0.054030  0.025177  0.408016  0.859540  0.307755  -0.904698  0.425939  0.009812  -0.122651  -0.282429  0.951415  -0.064948  0.069654  -0.047698  -0.365557  1.881795  -0.936221  1.000000  
38.935048 0.027126  -0.053960  0.025129  0.409786  0.859228  0.306271  -0.904149  0.427059  0.011643  -0.120792  -0.281686  0.951873  -0.064984  0.069778  -0.047643  -0.381000  1.908678  -0.950688  1.000000  
38.936052 0.027060  -0.053889  0.025080  0.411567  0.858945  0.304675  -0.903621  0.428114  0.013701  -0.118667  -0.280950  0.952358  -0.065188  0.069973  -0.047516  -0.401975  1.951494  -0.958614  1.000000  
38.937293 0.026978  -0.053800  0.025021  0.413916  0.858461  0.302851  -0.902859  0.429635  0.016122  -0.116275  -0.280105  0.952901  -0.065453  0.070183  -0.047262  -0.411684  1.989743  -0.978710  1.000000  
38.938546 0.026894  -0.053710  0.024961  0.416094  0.858144  0.300756  -0.902212  0.430884  0.018770  -0.113484  -0.279156  0.953516  -0.065785  0.070395  -0.046997  -0.428819  2.048390  -0.990590  1.000000  
38.939792 0.026808  -0.053622  0.024904  0.418640  0.857645  0.298640  -0.901381  0.432491  0.021533  -0.110692  -0.278203  0.954123  -0.066276  0.070401  -0.046730  -0.441057  2.097749  -1.021007  1.000000  
38.941042 0.026721  -0.053534  0.024846  0.420804  0.857267  0.296678  -0.900696  0.433781  0.024101  -0.108032  -0.277358  0.954674  -0.066725  0.070411  -0.046596  -0.452913  2.139223  -1.038935  1.000000  
38.942296 0.026633  -0.053446  0.024788  0.423162  0.856826  0.294590  -0.899937  0.435185  0.026955  -0.105105  -0.276519  0.955244  -0.067187  0.070366  -0.046635  -0.464108  2.190755  -1.060712  1.000000  
38.943542 0.026545  -0.053358  0.024729  0.425514  0.856416  0.292385  -0.899165  0.436598  0.029749  -0.102177  -0.275561  0.955838  -0.067653  0.070321  -0.046911  -0.480876  2.248631  -1.085829  1.000000  
38.944792 0.026455  -0.053272  0.024668  0.427850  0.855934  0.290380  -0.898355  0.438078  0.032355  -0.099515  -0.274707  0.956364  -0.068097  0.070257  -0.047244  -0.492952  2.273582  -1.097182  1.000000  
38.945792 0.026384  -0.053203  0.024618  0.429801  0.855527  0.288695  -0.897685  0.439268  0.034711  -0.097118  -0.274076  0.956792  -0.068409  0.070181  -0.047497  -0.501018  2.316156  -1.115431  1.000000  
38.947042 0.026294  -0.053117  0.024557  0.432134  0.855052  0.286612  -0.896863  0.440722  0.037419  -0.094321  -0.273222  0.957316  -0.068884  0.070245  -0.047781  -0.513578  2.352069  -1.134480  1.000000  
38.948053 0.026220  -0.053049  0.024508  0.434077  0.854637  0.284907  -0.896174  0.441919  0.039762  -0.091924  -0.272586  0.957730  -0.069230  0.070132  -0.047760  -0.519737  2.395904  -1.152634  1.000000  
38.949313 0.026128  -0.052963  0.024451  0.436227  0.854276  0.282697  -0.895438  0.443140  0.042627  -0.088859  -0.271733  0.958262  -0.069748  0.069892  -0.047569  -0.530578  2.432560  -1.157757  1.000000  
38.950615 0.026034  -0.052878  0.024397  0.438557  0.853786  0.280568  -0.894599  0.444537  0.045596  -0.085793  -0.270992  0.958751  -0.070255  0.069462  -0.047003  -0.535839  2.467657  -1.167707  1.000000  
38.951838 0.025941  -0.052792  0.024344  0.440696  0.853416  0.278331  -0.893836  0.445769  0.048446  -0.082727  -0.270132  0.959263  -0.071172  0.069358  -0.046547  -0.547387  2.511700  -1.173164  1.000000  
38.953052 0.025848  -0.052705  0.024291  0.443014  0.852883  0.276277  -0.892969  0.447168  0.051453  -0.079660  -0.269501  0.959700  -0.071996  0.069313  -0.046180  -0.547086  2.552306  -1.180157  1.000000  
38.954297 0.025755  -0.052619  0.024239  0.445142  0.852472  0.274118  -0.892178  0.448403  0.054340  -0.076592  -0.268751  0.960160  -0.072578  0.069178  -0.045778  -0.555123  2.588069  -1.179242  1.000000  
38.955545 0.025661  -0.052532  0.024187  0.447457  0.851996  0.271818  -0.891300  0.449753  0.057506  -0.073256  -0.268003  0.960629  -0.073074  0.069102  -0.045419  -0.555508  2.631237  -1.188642  1.000000  
38.956793 0.025565  -0.052447  0.024136  0.449583  0.851576  0.269619  -0.890498  0.450925  0.060662  -0.069920  -0.267368  0.961054  -0.073584  0.068898  -0.045060  -0.556606  2.669002  -1.180061  1.000000  
38.957793 0.025489  -0.052379  0.024095  0.451311  0.851209  0.267885  -0.889819  0.451934  0.063067  -0.067383  -0.266832  0.961385  -0.074024  0.068903  -0.044731  -0.556771  2.690073  -1.176195  1.000000  
38.958793 0.025412  -0.052311  0.024054  0.453218  0.850714  0.266232  -0.889038  0.453113  0.065576  -0.064847  -0.266410  0.961676  -0.074395  0.068666  -0.044086  -0.553699  2.720239  -1.185653  1.000000  
38.960049 0.025314  -0.052229  0.024003  0.455140  0.850330  0.264172  -0.888284  0.454144  0.068597  -0.061642  -0.265881  0.962033  -0.074967  0.068349  -0.043339  -0.547221  2.747253  -1.172731  1.000000  
38.961295 0.025217  -0.052145  0.023955  0.457239  0.849849  0.262086  -0.887422  0.455353  0.071665  -0.058437  -0.265349  0.962380  -0.075734  0.068478  -0.042580  -0.544550  2.768417  -1.169140  1.000000  
38.962544 0.025119  -0.052061  0.023910  0.459328  0.849286  0.260251  -0.886540  0.456578  0.074722  -0.055364  -0.265045  0.962645  -0.075909  0.068133  -0.041418  -0.526841  2.785267  -1.171625  1.000000  
38.963616 0.025041  -0.051994  0.023877  0.460851  0.848938  0.258689  -0.885904  0.457407  0.077156  -0.052826  -0.264731  0.962874  -0.075840  0.067733  -0.040268  -0.516252  2.795134  -1.160880  1.000000  
38.964823 0.024944  -0.051910  0.023837  0.462932  0.848388  0.256772  -0.885004  0.458604  0.080314  -0.049619  -0.264424  0.963129  -0.076389  0.067857  -0.039334  -0.502009  2.824819  -1.157639  1.000000  
38.966069 0.024846  -0.051825  0.023799  0.464825  0.847899  0.254961  -0.884186  0.459618  0.083469  -0.046411  -0.264231  0.963342  -0.076709  0.067843  -0.038320  -0.484176  2.842226  -1.140447  1.000000  
38.967302 0.024747  -0.051741  0.023762  0.466527  0.847487  0.253216  -0.883445  0.460490  0.086451  -0.043337  -0.264034  0.963539  -0.077138  0.067711  -0.037263  -0.462254  2.856409  -1.125096  1.000000  
38.968554 0.024649  -0.051657  0.023727  0.468044  0.847186  0.251418  -0.882794  0.461158  0.089490  -0.040129  -0.263836  0.963732  -0.077485  0.067498  -0.036050  -0.441412  2.860867  -1.097050  1.000000  
38.969801 0.024550  -0.051573  0.023693  0.469916  0.846677  0.249634  -0.881933  0.462207  0.092513  -0.037054  -0.263633  0.963911  -0.077855  0.067371  -0.034909  -0.423454  2.865595  -1.083595  1.000000  
38.971048 0.024452  -0.051488  0.023662  0.471778  0.846134  0.247959  -0.881052  0.463319  0.095302  -0.034246  -0.263426  0.964072  -0.078060  0.067296  -0.033533  -0.400455  2.867601  -1.078058  1.000000  
38.972096 0.024373  -0.051419  0.023638  0.473264  0.845683  0.246660  -0.880340  0.464196  0.097586  -0.031972  -0.263329  0.964176  -0.077946  0.067116  -0.032287  -0.384750  2.855145  -1.065982  1.000000  
38.973305 0.024274  -0.051333  0.023611  0.475120  0.845141  0.244946  -0.879446  0.465235  0.100647  -0.028896  -0.263237  0.964298  -0.078353  0.067403  -0.030702  -0.358989  2.858826  -1.054911  1.000000  
38.974549 0.024174  -0.051247  0.023587  0.476968  0.844580  0.243282  -0.878537  0.466306  0.103589  -0.025954  -0.263141  0.964408  -0.078606  0.067616  -0.028896  -0.336433  2.863786  -1.041245  1.000000  
38.975550 0.024094  -0.051178  0.023569  0.478441  0.844098  0.242061  -0.877800  0.467171  0.105916  -0.023680  -0.263156  0.964463  -0.078735  0.067762  -0.027412  -0.316975  2.855319  -1.030395  1.000000  
38.976799 0.023994  -0.051092  0.023550  0.480461  0.843456  0.240292  -0.876774  0.468384  0.109010  -0.020604  -0.263057  0.964560  -0.078910  0.067971  -0.025627  -0.294062  2.861818  -1.023241  1.000000  
38.977800 0.023913  -0.051023  0.023536  0.481926  0.842989  0.238992  -0.876023  0.469217  0.111441  -0.018196  -0.263069  0.964605  -0.079157  0.068083  -0.024242  -0.274691  2.858643  -1.011493  1.000000  
38.978801 0.023833  -0.050953  0.023522  0.483567  0.842378  0.237826  -0.875162  0.470241  0.113861  -0.015921  -0.263196  0.964611  -0.079265  0.068282  -0.022945  -0.246281  2.849573  -1.015124  1.000000  
38.980051 0.023734  -0.050864  0.023505  0.485388  0.841767  0.236276  -0.874201  0.471328  0.116720  -0.013112  -0.263207  0.964650  -0.079362  0.068573  -0.021482  -0.228189  2.840341  -1.010786  1.000000  
38.981053 0.023653  -0.050794  0.023491  0.487020  0.841156  0.235092  -0.873323  0.472349  0.119132  -0.010837  -0.263331  0.964645  -0.079616  0.068825  -0.020562  -0.204023  2.836574  -1.013311  1.000000  
38.982305 0.023554  -0.050705  0.023473  0.489190  0.840337  0.233510  -0.872142  0.473735  0.122246  -0.007894  -0.263455  0.964639  -0.079574  0.069081  -0.019102  -0.171372  2.828976  -1.016865  1.000000  
38.983551 0.023454  -0.050615  0.023457  0.491352  0.839528  0.231876  -0.870946  0.475165  0.125183  -0.005084  -0.263460  0.964657  -0.079698  0.069456  -0.018042  -0.147842  2.824153  -1.019429  1.000000  
38.984554 0.023373  -0.050543  0.023444  0.492969  0.838896  0.230727  -0.870042  0.476213  0.127467  -0.002944  -0.263579  0.964633  -0.079773  0.069790  -0.016866  -0.127471  2.811100  -1.023916  1.000000  
38.985802 0.023273  -0.050452  0.023429  0.495119  0.838056  0.229171  -0.868825  0.477625  0.130449  -0.000134  -0.263698  0.964605  -0.079899  0.070188  -0.015753  -0.104156  2.790840  -1.037546  1.000000  
38.987051 0.023172  -0.050361  0.023418  0.497083  0.837313  0.227629  -0.867699  0.478863  0.133378  0.002676  -0.263814  0.964570  -0.080352  0.070777  -0.014697  -0.081000  2.773106  -1.043296  1.000000  
38.988301 0.023070  -0.050269  0.023406  0.499041  0.836596  0.225974  -0.866561  0.480115  0.136242  0.005486  -0.263811  0.964559  -0.080255  0.070982  -0.013670  -0.062010  2.757777  -1.041311  1.000000  
38.989552 0.022969  -0.050177  0.023396  0.500994  0.835816  0.224538  -0.865414  0.481411  0.138934  0.008028  -0.263923  0.964510  -0.080304  0.071409  -0.012572  -0.042448  2.740186  -1.046864  1.000000  
38.990800 0.022868  -0.050084  0.023386  0.503118  0.834934  0.223062  -0.864153  0.482878  0.141665  0.010570  -0.264034  0.964456  -0.080420  0.071885  -0.011882  -0.022836  2.720250  -1.060323  1.000000  
38.991800 0.022786  -0.050010  0.023379  0.504706  0.834297  0.221858  -0.863198  0.483918  0.143920  0.012711  -0.264144  0.964399  -0.080454  0.072183  -0.011294  -0.010355  2.713577  -1.069900  1.000000  
38.993051 0.022685  -0.049916  0.023370  0.506817  0.833448  0.220229  -0.861914  0.485320  0.146862  0.015520  -0.264251  0.964329  -0.080491  0.072664  -0.010737  0.000803  2.705743  -1.081951  1.000000  
38.994302 0.022584  -0.049822  0.023361  0.508920  0.832571  0.218689  -0.860618  0.486702  0.149856  0.018329  -0.264472  0.964219  -0.080845  0.073295  -0.010258  0.015991  2.690814  -1.090960  1.000000  
38.995551 0.022483  -0.049727  0.023352  0.511015  0.831738  0.216968  -0.859308  0.488070  0.152894  0.021272  -0.264574  0.964131  -0.080750  0.073473  -0.009808  0.023557  2.690340  -1.105796  1.000000  
38.996598 0.022401  -0.049651  0.023345  0.512755  0.831032  0.215563  -0.858208  0.489216  0.155393  0.023680  -0.264676  0.964047  -0.080575  0.073625  -0.009168  0.030998  2.685317  -1.118800  1.000000  
38.997806 0.022297  -0.049556  0.023337  0.514660  0.830271  0.213951  -0.856981  0.490390  0.158433  0.026623  -0.264890  0.963911  -0.081126  0.074241  -0.008627  0.041868  2.682550  -1.144419  1.000000  
38.999054 0.022193  -0.049461  0.023331  0.516913  0.829297  0.212293  -0.855537  0.491984  0.161272  0.029298  -0.264988  0.963807  -0.081404  0.074515  -0.008007  0.048994  2.676498  -1.174754  1.000000  
39.000304 0.022087  -0.049366  0.023324  0.518980  0.828440  0.210588  -0.854183  0.493375  0.164170  0.032106  -0.265082  0.963691  -0.081813  0.074815  -0.007366  0.056066  2.680021  -1.188254  1.000000  
39.001551 0.021980  -0.049270  0.023318  0.521037  0.827600  0.208803  -0.852814  0.494734  0.167170  0.035048  -0.265172  0.963564  -0.082185  0.075179  -0.006850  0.058742  2.683908  -1.201711  1.000000  
39.002802 0.021874  -0.049173  0.023312  0.523086  0.826734  0.207105  -0.851433  0.496071  0.170222  0.037990  -0.265377  0.963396  -0.082637  0.075660  -0.006579  0.069479  2.687502  -1.215023  1.000000  
39.003906 0.021790  -0.049095  0.023306  0.524616  0.826105  0.205739  -0.850387  0.497067  0.172531  0.040263  -0.265471  0.963278  -0.082101  0.075281  -0.006312  0.068872  2.676199  -1.218666  1.000000  
39.005046 0.021683  -0.048998  0.023299  0.526472  0.825358  0.203986  -0.849087  0.498200  0.175637  0.043337  -0.265670  0.963089  -0.083090  0.076124  -0.006194  0.075325  2.690086  -1.226463  1.000000  
39.006293 0.021575  -0.048900  0.023293  0.528499  0.824514  0.202152  -0.847672  0.499552  0.178606  0.046278  -0.265752  0.962930  -0.083489  0.076535  -0.006017  0.073835  2.696330  -1.231718  1.000000  
39.007296 0.021489  -0.048821  0.023289  0.530008  0.823878  0.200790  -0.846594  0.500493  0.181067  0.048683  -0.265955  0.962755  -0.083792  0.076743  -0.005731  0.081147  2.693765  -1.239231  1.000000  
39.008297 0.021402  -0.048742  0.023286  0.531515  0.823247  0.199389  -0.845515  0.501484  0.183354  0.050955  -0.266042  0.962614  -0.084158  0.077013  -0.005503  0.076677  2.689515  -1.239978  1.000000  
39.009543 0.021292  -0.048645  0.023284  0.533516  0.822371  0.197652  -0.844063  0.502756  0.186533  0.054028  -0.266349  0.962361  -0.084799  0.077210  -0.005038  0.083032  2.705938  -1.252115  1.000000  
39.010793 0.021181  -0.048547  0.023284  0.535334  0.821623  0.195840  -0.842708  0.503879  0.189602  0.057101  -0.266537  0.962132  -0.085461  0.077422  -0.004461  0.081314  2.711442  -1.247620  1.000000  
39.011793 0.021092  -0.048468  0.023285  0.536824  0.820990  0.194412  -0.841603  0.504867  0.191870  0.059372  -0.266618  0.961972  -0.085914  0.077613  -0.003897  0.080980  2.711336  -1.247283  1.000000  
39.013043 0.020980  -0.048369  0.023287  0.538809  0.820075  0.192776  -0.840130  0.506192  0.194809  0.062176  -0.266922  0.961710  -0.086472  0.077936  -0.003243  0.083677  2.712025  -1.246683  1.000000  
39.014295 0.020867  -0.048269  0.023291  0.540613  0.819286  0.191070  -0.838758  0.507369  0.197639  0.064980  -0.267108  0.961473  -0.086951  0.078255  -0.002563  0.082504  2.709505  -1.239013  1.000000  
39.015563 0.020755  -0.048168  0.023296  0.542400  0.818536  0.189212  -0.837360  0.508485  0.200678  0.068051  -0.267286  0.961211  -0.087350  0.078553  -0.001724  0.081743  2.717025  -1.230545  1.000000  
39.016802 0.020641  -0.048068  0.023303  0.544360  0.817642  0.187440  -0.835854  0.509827  0.203532  0.070854  -0.267467  0.960958  -0.087867  0.078889  -0.000865  0.080227  2.719956  -1.236954  1.000000  
39.018052 0.020527  -0.047969  0.023310  0.546313  0.816724  0.185755  -0.834336  0.511142  0.206439  0.073656  -0.267762  0.960665  -0.088416  0.079034  0.000029  0.086795  2.722045  -1.242966  1.000000  
39.019052 0.020436  -0.047889  0.023316  0.547764  0.816065  0.184370  -0.833181  0.512094  0.208732  0.075925  -0.267949  0.960437  -0.088847  0.079117  0.000802  0.086752  2.730858  -1.239900  1.000000  
39.020299 0.020322  -0.047788  0.023324  0.549353  0.815399  0.182580  -0.831861  0.513064  0.211595  0.078859  -0.268121  0.960152  -0.089304  0.079315  0.001805  0.084925  2.736134  -1.228478  1.000000  
39.021304 0.020231  -0.047708  0.023331  0.550627  0.814805  0.181392  -0.830813  0.513850  0.213795  0.080993  -0.268424  0.959890  -0.089602  0.079410  0.002628  0.090546  2.738460  -1.214623  1.000000  
39.022545 0.020116  -0.047608  0.023342  0.552215  0.814078  0.179825  -0.829494  0.514850  0.216494  0.083660  -0.268714  0.959580  -0.090131  0.079593  0.003720  0.092890  2.731255  -1.206963  1.000000  
39.023793 0.020000  -0.047508  0.023355  0.554136  0.813117  0.178256  -0.827938  0.516156  0.219321  0.086326  -0.269118  0.959230  -0.090507  0.079700  0.004668  0.100184  2.725544  -1.200517  1.000000  
39.025043 0.019884  -0.047409  0.023370  0.555878  0.812283  0.176622  -0.826486  0.517317  0.222043  0.088992  -0.269404  0.958907  -0.090878  0.079811  0.005765  0.099066  2.721845  -1.200753  1.000000  
39.026043 0.019791  -0.047328  0.023382  0.557138  0.811669  0.175475  -0.825420  0.518125  0.224117  0.090991  -0.269704  0.958635  -0.091234  0.079957  0.006667  0.103765  2.705420  -1.190193  1.000000  
39.027293 0.019673  -0.047229  0.023400  0.558874  0.810794  0.173992  -0.823962  0.519284  0.226782  0.093522  -0.270105  0.958278  -0.091692  0.079939  0.007652  0.111170  2.691022  -1.186084  1.000000  
39.028295 0.019579  -0.047149  0.023415  0.560300  0.810031  0.172954  -0.822779  0.520256  0.228840  0.095387  -0.270522  0.957977  -0.092129  0.080197  0.008634  0.119434  2.678509  -1.188665  1.000000  
