1-Time 2-Px 3-Py 4-Pz 5-R11 6-R21 7-R31 8-R12 9-R22 10-R32 11-R13 12-R23 13-R33 14-Vx 15-Vy 16-Vz 17-Wx 18-Wy 19-Wz 20-state
190.807926 0.000252  -0.019617  0.015946  0.692588  0.703393  0.159876  -0.701485  0.708414  -0.077900  -0.168053  -0.058198  0.984059  0.000538  -0.000858  0.000864  0.000000  0.000000  0.000000  1.000000  
190.809099 0.000252  -0.019617  0.015945  0.692588  0.703393  0.159876  -0.701485  0.708414  -0.077900  -0.168053  -0.058198  0.984059  0.000658  0.000378  -0.001158  0.000000  0.000000  0.000000  1.000000  
190.810340 0.000261  -0.019606  0.015930  0.692588  0.703393  0.159876  -0.701485  0.708414  -0.077900  -0.168053  -0.058198  0.984059  0.003939  0.005074  -0.006997  0.000000  0.000000  0.000000  1.000000  
190.811360 0.000269  -0.019595  0.015916  0.692588  0.703393  0.159876  -0.701485  0.708414  -0.077900  -0.168053  -0.058198  0.984059  0.005220  0.006871  -0.009277  0.000000  0.000000  0.000000  1.000000  
190.812592 0.000275  -0.019586  0.015904  0.692443  0.703559  0.159774  -0.701627  0.708260  -0.078019  -0.168053  -0.058078  0.984066  0.005213  0.006916  -0.009438  0.000000  0.000000  0.000000  1.000000  
190.813592 0.000278  -0.019583  0.015898  0.692459  0.703564  0.159682  -0.701643  0.708254  -0.077925  -0.167921  -0.058080  0.984088  0.004707  0.006202  -0.008670  0.000000  0.000000  0.000000  1.000000  
190.814615 0.000279  -0.019580  0.015894  0.692443  0.703578  0.159689  -0.701627  0.708251  -0.078105  -0.168053  -0.057959  0.984073  0.004185  0.005701  -0.008055  0.000000  0.000000  0.000000  1.000000  
190.815843 0.000280  -0.019572  0.015887  0.692299  0.703724  0.159673  -0.701770  0.708106  -0.078138  -0.168053  -0.057959  0.984073  0.003658  0.005840  -0.007656  0.000000  0.000000  0.000000  1.000000  
190.816852 0.000281  -0.019563  0.015879  0.692299  0.703743  0.159588  -0.701770  0.708096  -0.078224  -0.168053  -0.057840  0.984080  0.003316  0.006144  -0.007642  0.000000  0.000000  0.000000  1.000000  
190.817852 0.000283  -0.019554  0.015871  0.692314  0.703749  0.159495  -0.701786  0.708091  -0.078130  -0.167921  -0.057841  0.984102  0.003162  0.006481  -0.007644  0.000000  0.000000  0.000000  1.000000  
190.818870 0.000285  -0.019546  0.015863  0.692314  0.703749  0.159495  -0.701786  0.708091  -0.078130  -0.167921  -0.057841  0.984102  0.003049  0.006627  -0.007729  0.000000  0.000000  0.000000  1.000000  
190.820116 0.000288  -0.019535  0.015853  0.692186  0.703919  0.159301  -0.701944  0.707931  -0.078155  -0.167789  -0.057723  0.984132  0.002995  0.006789  -0.007761  0.000000  0.000000  0.000000  1.000000  
190.821347 0.000290  -0.019523  0.015840  0.692202  0.703944  0.159123  -0.701960  0.707916  -0.078147  -0.167657  -0.057605  0.984161  0.002904  0.007088  -0.008013  0.000000  0.000000  0.000000  1.000000  
190.822597 0.000294  -0.019508  0.015821  0.692057  0.704109  0.159022  -0.702103  0.707761  -0.078266  -0.167657  -0.057485  0.984168  0.002941  0.007517  -0.008596  0.000000  0.000000  0.000000  1.000000  
190.823842 0.000303  -0.019487  0.015798  0.692057  0.704128  0.158936  -0.702103  0.707752  -0.078351  -0.167657  -0.057366  0.984175  0.003445  0.008673  -0.009897  0.000000  0.000000  0.000000  1.000000  
190.824853 0.000314  -0.019467  0.015778  0.692057  0.704147  0.158851  -0.702103  0.707742  -0.078437  -0.167657  -0.057247  0.984182  0.003719  0.009547  -0.010595  0.000000  0.000000  0.000000  1.000000  
190.826093 0.000326  -0.019443  0.015758  0.691912  0.704312  0.158749  -0.702245  0.707588  -0.078556  -0.167657  -0.057127  0.984189  0.003905  0.010315  -0.010806  0.000000  0.000000  0.000000  1.000000  
190.827345 0.000332  -0.019422  0.015745  0.691912  0.704332  0.158664  -0.702245  0.707578  -0.078642  -0.167657  -0.057008  0.984196  0.003846  0.011135  -0.010743  0.000000  0.000000  0.000000  1.000000  
190.828593 0.000333  -0.019404  0.015735  0.691928  0.704356  0.158486  -0.702261  0.707563  -0.078634  -0.167525  -0.056890  0.984225  0.003680  0.012101  -0.010977  0.000000  0.000000  0.000000  1.000000  
190.829844 0.000334  -0.019386  0.015722  0.691928  0.704375  0.158401  -0.702261  0.707554  -0.078719  -0.167525  -0.056770  0.984232  0.003672  0.012850  -0.011367  0.000000  0.000000  0.000000  1.000000  
190.830859 0.000339  -0.019369  0.015707  0.691784  0.704521  0.158384  -0.702404  0.707409  -0.078752  -0.167525  -0.056770  0.984232  0.003934  0.013581  -0.012047  0.000000  0.000000  0.000000  1.000000  
190.832098 0.000346  -0.019349  0.015685  0.691784  0.704540  0.158299  -0.702404  0.707399  -0.078838  -0.167525  -0.056651  0.984239  0.004281  0.014124  -0.012787  0.000000  0.000000  0.000000  1.000000  
190.833100 0.000351  -0.019333  0.015666  0.691768  0.704535  0.158391  -0.702388  0.707405  -0.078932  -0.167657  -0.056650  0.984216  0.004505  0.014572  -0.013615  0.000000  0.000000  0.000000  1.000000  
190.834106 0.000354  -0.019319  0.015647  0.691768  0.704535  0.158391  -0.702388  0.707405  -0.078932  -0.167657  -0.056650  0.984216  0.004626  0.015119  -0.014403  0.000000  0.000000  0.000000  1.000000  
190.835345 0.000357  -0.019301  0.015625  0.691768  0.704554  0.158306  -0.702388  0.707395  -0.079018  -0.167657  -0.056530  0.984223  0.004553  0.015507  -0.015035  0.000000  0.000000  0.000000  1.000000  
190.836367 0.000361  -0.019283  0.015609  0.691768  0.704554  0.158306  -0.702388  0.707395  -0.079018  -0.167657  -0.056530  0.984223  0.004763  0.016106  -0.015368  0.000000  0.000000  0.000000  1.000000  
190.837592 0.000369  -0.019258  0.015589  0.691768  0.704554  0.158306  -0.702388  0.707395  -0.079018  -0.167657  -0.056530  0.984223  0.004965  0.016652  -0.015517  0.000000  0.000000  0.000000  1.000000  
190.838594 0.000374  -0.019238  0.015574  0.691752  0.704568  0.158313  -0.702372  0.707391  -0.079197  -0.167789  -0.056410  0.984208  0.004808  0.016869  -0.015194  0.000000  0.000000  0.000000  1.000000  
190.839843 0.000380  -0.019214  0.015560  0.691752  0.704568  0.158313  -0.702372  0.707391  -0.079197  -0.167789  -0.056410  0.984208  0.004449  0.016912  -0.014568  0.000000  0.000000  0.000000  1.000000  
190.841095 0.000385  -0.019190  0.015549  0.691736  0.704582  0.158320  -0.702356  0.707387  -0.079377  -0.167921  -0.056289  0.984192  0.003893  0.016822  -0.013944  0.000000  0.000000  0.000000  1.000000  
190.842096 0.000385  -0.019173  0.015541  0.691881  0.704436  0.158336  -0.702213  0.707532  -0.079344  -0.167921  -0.056289  0.984192  0.003615  0.016852  -0.013849  0.000000  0.000000  0.000000  1.000000  
190.843341 0.000384  -0.019156  0.015526  0.691881  0.704455  0.158251  -0.702213  0.707522  -0.079430  -0.167921  -0.056170  0.984199  0.003426  0.016760  -0.014101  0.000000  0.000000  0.000000  1.000000  
190.844592 0.000385  -0.019139  0.015506  0.691865  0.704469  0.158258  -0.702197  0.707518  -0.079610  -0.168053  -0.056049  0.984183  0.003398  0.016747  -0.014537  0.000000  0.000000  0.000000  1.000000  
190.845841 0.000388  -0.019119  0.015483  0.692010  0.704324  0.158274  -0.702055  0.707663  -0.079577  -0.168053  -0.056049  0.984183  0.003297  0.016694  -0.014987  0.000000  0.000000  0.000000  1.000000  
190.847092 0.000392  -0.019100  0.015459  0.692010  0.704324  0.158274  -0.702055  0.707663  -0.079577  -0.168053  -0.056049  0.984183  0.003094  0.016629  -0.015077  0.000000  0.000000  0.000000  1.000000  
190.848107 0.000393  -0.019085  0.015444  0.691994  0.704318  0.158367  -0.702039  0.707668  -0.079671  -0.168185  -0.056048  0.984161  0.002841  0.016611  -0.014721  0.000000  0.000000  0.000000  1.000000  
190.849349 0.000391  -0.019069  0.015428  0.692138  0.704192  0.158298  -0.701896  0.707803  -0.079724  -0.168185  -0.055928  0.984168  0.002450  0.016461  -0.014254  0.000000  0.000000  0.000000  1.000000  
190.850598 0.000391  -0.019051  0.015414  0.692138  0.704192  0.158298  -0.701896  0.707803  -0.079724  -0.168185  -0.055928  0.984168  0.002207  0.016428  -0.013915  0.000000  0.000000  0.000000  1.000000  
190.851598 0.000393  -0.019034  0.015402  0.692123  0.704187  0.158390  -0.701880  0.707809  -0.079818  -0.168316  -0.055927  0.984145  0.001925  0.016215  -0.013436  0.000000  0.000000  0.000000  1.000000  
190.852842 0.000397  -0.019010  0.015386  0.692267  0.704041  0.158406  -0.701738  0.707954  -0.079785  -0.168316  -0.055927  0.984145  0.001793  0.016203  -0.013228  0.000000  0.000000  0.000000  1.000000  
190.853844 0.000399  -0.018993  0.015371  0.692251  0.704055  0.158413  -0.701722  0.707949  -0.079965  -0.168448  -0.055806  0.984129  0.001476  0.015984  -0.013366  0.000000  0.000000  0.000000  1.000000  
190.854849 0.000398  -0.018978  0.015356  0.692235  0.704050  0.158506  -0.701706  0.707955  -0.080059  -0.168580  -0.055805  0.984107  0.001166  0.015616  -0.013652  0.000000  0.000000  0.000000  1.000000  
190.856098 0.000396  -0.018962  0.015335  0.692380  0.703904  0.158522  -0.701563  0.708100  -0.080026  -0.168580  -0.055805  0.984107  0.000729  0.015136  -0.014356  0.000000  0.000000  0.000000  1.000000  
190.857341 0.000394  -0.018947  0.015313  0.692524  0.703777  0.158454  -0.701421  0.708235  -0.080079  -0.168580  -0.055686  0.984114  0.000589  0.014808  -0.014996  0.000000  0.000000  0.000000  1.000000  
190.858342 0.000392  -0.018935  0.015294  0.692508  0.703791  0.158461  -0.701405  0.708230  -0.080259  -0.168712  -0.055565  0.984098  0.000558  0.014747  -0.015464  0.000000  0.000000  0.000000  1.000000  
190.859342 0.000390  -0.018922  0.015275  0.692508  0.703811  0.158375  -0.701405  0.708221  -0.080345  -0.168712  -0.055446  0.984105  0.000370  0.014685  -0.015721  0.000000  0.000000  0.000000  1.000000  
190.860344 0.000388  -0.018908  0.015257  0.692508  0.703811  0.158375  -0.701405  0.708221  -0.080345  -0.168712  -0.055446  0.984105  0.000085  0.014643  -0.015641  0.000000  0.000000  0.000000  1.000000  
190.861591 0.000387  -0.018889  0.015237  0.692508  0.703849  0.158205  -0.701405  0.708201  -0.080517  -0.168712  -0.055207  0.984118  -0.000280  0.014543  -0.015400  0.000000  0.000000  0.000000  1.000000  
190.862592 0.000385  -0.018874  0.015226  0.692637  0.703717  0.158228  -0.701246  0.708341  -0.080664  -0.168844  -0.055086  0.984102  -0.000521  0.014524  -0.015053  0.000000  0.000000  0.000000  1.000000  
190.863592 0.000382  -0.018861  0.015215  0.692637  0.703736  0.158143  -0.701246  0.708332  -0.080749  -0.168844  -0.054967  0.984109  -0.000673  0.014535  -0.014842  0.000000  0.000000  0.000000  1.000000  
190.864600 0.000378  -0.018846  0.015202  0.692637  0.703775  0.157972  -0.701246  0.708312  -0.080921  -0.168844  -0.054728  0.984122  -0.000802  0.014678  -0.014898  0.000000  0.000000  0.000000  1.000000  
190.865847 0.000377  -0.018825  0.015181  0.692621  0.703808  0.157894  -0.701230  0.708298  -0.081187  -0.168976  -0.054488  0.984113  -0.000994  0.014713  -0.015350  0.000000  0.000000  0.000000  1.000000  
190.866848 0.000377  -0.018807  0.015161  0.692621  0.703827  0.157809  -0.701230  0.708288  -0.081273  -0.168976  -0.054369  0.984119  -0.001109  0.014822  -0.015845  0.000000  0.000000  0.000000  1.000000  
190.867861 0.000377  -0.018790  0.015140  0.692605  0.703860  0.157730  -0.701214  0.708273  -0.081538  -0.169108  -0.054129  0.984110  -0.001373  0.014618  -0.016425  0.000000  0.000000  0.000000  1.000000  
190.869109 0.000374  -0.018772  0.015113  0.692605  0.703918  0.157474  -0.701214  0.708243  -0.081796  -0.169108  -0.053771  0.984130  -0.001685  0.014431  -0.016994  0.000000  0.000000  0.000000  1.000000  
190.870350 0.000367  -0.018756  0.015087  0.692589  0.703970  0.157311  -0.701198  0.708219  -0.082147  -0.169240  -0.053411  0.984127  -0.002047  0.014375  -0.017399  0.000000  0.000000  0.000000  1.000000  
190.871592 0.000359  -0.018740  0.015064  0.692589  0.704008  0.157140  -0.701198  0.708199  -0.082319  -0.169240  -0.053173  0.984140  -0.002387  0.014422  -0.017547  0.000000  0.000000  0.000000  1.000000  
190.872593 0.000354  -0.018727  0.015045  0.692429  0.704206  0.156959  -0.701324  0.708029  -0.082703  -0.169371  -0.052813  0.984136  -0.002663  0.014505  -0.017518  0.000000  0.000000  0.000000  1.000000  
190.873842 0.000346  -0.018709  0.015023  0.692429  0.704263  0.156703  -0.701324  0.707999  -0.082961  -0.169371  -0.052455  0.984155  -0.002967  0.014714  -0.017385  0.000000  0.000000  0.000000  1.000000  
190.874842 0.000341  -0.018693  0.015006  0.692413  0.704315  0.156539  -0.701308  0.707973  -0.083312  -0.169503  -0.052096  0.984152  -0.003234  0.014803  -0.017265  0.000000  0.000000  0.000000  1.000000  
190.875844 0.000336  -0.018678  0.014991  0.692397  0.704367  0.156375  -0.701292  0.707948  -0.083663  -0.169635  -0.051737  0.984148  -0.003528  0.014789  -0.017195  0.000000  0.000000  0.000000  1.000000  
190.877091 0.000329  -0.018658  0.014970  0.692397  0.704443  0.156034  -0.701292  0.707907  -0.084007  -0.169635  -0.051259  0.984173  -0.003801  0.014906  -0.017485  0.000000  0.000000  0.000000  1.000000  
190.878091 0.000324  -0.018642  0.014952  0.692381  0.704514  0.155784  -0.701276  0.707871  -0.084444  -0.169767  -0.050780  0.984175  -0.003957  0.015047  -0.017933  0.000000  0.000000  0.000000  1.000000  
190.879091 0.000319  -0.018625  0.014931  0.692221  0.704730  0.155518  -0.701402  0.707690  -0.084913  -0.169899  -0.050302  0.984177  -0.004004  0.015219  -0.018498  -0.186590  -0.056814  -0.023391  1.000000  
190.880098 0.000316  -0.018608  0.014910  0.692205  0.704820  0.155183  -0.701386  0.707643  -0.085436  -0.170031  -0.049704  0.984184  -0.004216  0.015278  -0.018969  -0.209675  -0.062143  -0.016995  1.000000  
190.881099 0.000312  -0.018591  0.014887  0.692205  0.704895  0.154841  -0.701386  0.707602  -0.085779  -0.170031  -0.049226  0.984208  -0.004429  0.015251  -0.019283  -0.225970  -0.057653  -0.016739  1.000000  
190.882100 0.000307  -0.018574  0.014866  0.692189  0.704965  0.154591  -0.701370  0.707564  -0.086216  -0.170163  -0.048748  0.984210  -0.004794  0.015165  -0.019305  -0.242357  -0.062230  -0.010108  1.000000  
190.883348 0.000298  -0.018556  0.014844  0.692173  0.705054  0.154256  -0.701353  0.707517  -0.086739  -0.170294  -0.048149  0.984216  -0.005257  0.015100  -0.018993  -0.259714  -0.062504  -0.010129  1.000000  
190.884597 0.000287  -0.018539  0.014824  0.692157  0.705162  0.153835  -0.701337  0.707458  -0.087348  -0.170426  -0.047432  0.984228  -0.005607  0.015149  -0.018580  -0.284248  -0.062524  -0.010109  1.000000  
190.885648 0.000277  -0.018526  0.014808  0.692157  0.705255  0.153408  -0.701337  0.707405  -0.087777  -0.170426  -0.046835  0.984257  -0.005901  0.015125  -0.018234  -0.305221  -0.062762  -0.003273  1.000000  
190.886847 0.000265  -0.018508  0.014788  0.692141  0.705381  0.152901  -0.701321  0.707334  -0.088471  -0.170558  -0.045998  0.984273  -0.006141  0.015277  -0.018051  -0.330223  -0.067366  -0.003480  1.000000  
190.888102 0.000257  -0.018489  0.014766  0.692109  0.705502  0.152487  -0.701288  0.707268  -0.089259  -0.170822  -0.045161  0.984266  -0.006245  0.015391  -0.017995  -0.355769  -0.072189  0.003132  1.000000  
190.889342 0.000248  -0.018469  0.014743  0.692093  0.705609  0.152066  -0.701272  0.707207  -0.089868  -0.170954  -0.044443  0.984276  -0.006374  0.015520  -0.018123  -0.373148  -0.076066  0.002911  1.000000  
190.890591 0.000238  -0.018449  0.014718  0.692077  0.705733  0.151560  -0.701256  0.707134  -0.090562  -0.171085  -0.043606  0.984291  -0.006632  0.015586  -0.018556  -0.397420  -0.080521  0.002725  1.000000  
190.891592 0.000232  -0.018433  0.014697  0.692061  0.705858  0.151053  -0.701240  0.707061  -0.091256  -0.171217  -0.042770  0.984305  -0.006668  0.015577  -0.018781  -0.426425  -0.086033  0.009375  1.000000  
190.892844 0.000223  -0.018413  0.014673  0.692044  0.705982  0.150546  -0.701223  0.706987  -0.091950  -0.171349  -0.041933  0.984318  -0.006818  0.015583  -0.018876  -0.447141  -0.085313  0.009338  1.000000  
190.894091 0.000216  -0.018392  0.014649  0.692173  0.705996  0.149887  -0.701064  0.707036  -0.092785  -0.171481  -0.040857  0.984340  -0.006914  0.015546  -0.018821  -0.474393  -0.089455  0.002424  1.000000  
190.895092 0.000208  -0.018376  0.014631  0.692157  0.706102  0.149466  -0.701048  0.706972  -0.093393  -0.171613  -0.040140  0.984346  -0.007167  0.015470  -0.018593  -0.490483  -0.093893  0.002252  1.000000  
190.896102 0.000201  -0.018361  0.014616  0.692140  0.706206  0.149044  -0.701032  0.706908  -0.094001  -0.171745  -0.039423  0.984352  -0.007503  0.015330  -0.018032  -0.510794  -0.094658  0.002316  1.000000  
190.897345 0.000189  -0.018342  0.014599  0.692108  0.706362  0.148458  -0.700999  0.706812  -0.094960  -0.172008  -0.038346  0.984349  -0.007776  0.015248  -0.017549  -0.538975  -0.102795  0.001935  1.000000  
190.898350 0.000179  -0.018328  0.014585  0.692252  0.706342  0.147878  -0.700857  0.706876  -0.095530  -0.172008  -0.037511  0.984381  -0.007920  0.015181  -0.017238  -0.558506  -0.098826  -0.004588  1.000000  
190.899599 0.000166  -0.018311  0.014568  0.692220  0.706496  0.147292  -0.700824  0.706779  -0.096489  -0.172272  -0.036434  0.984375  -0.007999  0.015263  -0.017037  -0.587250  -0.107851  -0.004935  1.000000  
190.900847 0.000155  -0.018294  0.014549  0.692204  0.706671  0.146527  -0.700807  0.706664  -0.097440  -0.172404  -0.035239  0.984396  -0.007940  0.015266  -0.017085  -0.615594  -0.107820  -0.004849  1.000000  
190.901847 0.000147  -0.018278  0.014531  0.692188  0.706792  0.146020  -0.700791  0.706585  -0.098133  -0.172535  -0.034403  0.984402  -0.007891  0.015358  -0.017139  -0.631990  -0.112331  -0.004983  1.000000  
190.903091 0.000139  -0.018257  0.014507  0.692299  0.706817  0.145368  -0.700616  0.706617  -0.099148  -0.172799  -0.033207  0.984397  -0.007855  0.015473  -0.017310  -0.656705  -0.115262  -0.018565  1.000000  
190.904098 0.000132  -0.018240  0.014489  0.692283  0.706972  0.144689  -0.700599  0.706511  -0.100013  -0.172931  -0.032132  0.984410  -0.007862  0.015478  -0.017222  -0.686531  -0.116218  -0.018632  1.000000  
190.905103 0.000124  -0.018224  0.014472  0.692251  0.707106  0.144188  -0.700566  0.706420  -0.100886  -0.173194  -0.031175  0.984394  -0.007864  0.015533  -0.016931  -0.706775  -0.125192  -0.018930  1.000000  
190.906342 0.000114  -0.018204  0.014453  0.692218  0.707292  0.143430  -0.700533  0.706290  -0.102016  -0.173458  -0.029860  0.984389  -0.007994  0.015520  -0.016576  -0.729545  -0.128686  -0.018852  1.000000  
190.907592 0.000104  -0.018184  0.014436  0.692185  0.707478  0.142671  -0.700500  0.706159  -0.103145  -0.173721  -0.028545  0.984381  -0.008064  0.015498  -0.016079  -0.760114  -0.134276  -0.019065  1.000000  
190.908592 0.000097  -0.018167  0.014424  0.692153  0.707628  0.142084  -0.700467  0.706051  -0.104104  -0.173985  -0.027469  0.984365  -0.008175  0.015522  -0.015581  -0.779221  -0.142994  -0.026124  1.000000  
190.909844 0.000087  -0.018147  0.014408  0.692120  0.707812  0.141324  -0.700434  0.705917  -0.105233  -0.174248  -0.026155  0.984354  -0.008217  0.015541  -0.015109  -0.799724  -0.143043  -0.025980  1.000000  
190.911092 0.000076  -0.018128  0.014392  0.692087  0.708012  0.140479  -0.700401  0.705768  -0.106448  -0.174512  -0.024721  0.984345  -0.008308  0.015489  -0.014912  -0.825532  -0.150814  -0.025964  1.000000  
190.912098 0.000068  -0.018114  0.014379  0.692054  0.708178  0.139805  -0.700367  0.705642  -0.107491  -0.174775  -0.023525  0.984327  -0.008242  0.015405  -0.014886  -0.849613  -0.155261  -0.025993  1.000000  
190.913341 0.000057  -0.018096  0.014361  0.692021  0.708376  0.138960  -0.700334  0.705489  -0.108705  -0.175039  -0.022092  0.984314  -0.008152  0.015446  -0.014901  -0.878073  -0.159775  -0.025996  1.000000  
190.914349 0.000049  -0.018082  0.014347  0.691988  0.708523  0.138371  -0.700301  0.705374  -0.109663  -0.175302  -0.021016  0.984290  -0.007916  0.015545  -0.015021  -0.897434  -0.165592  -0.026217  1.000000  
190.915601 0.000041  -0.018062  0.014328  0.691939  0.708735  0.137532  -0.700251  0.705206  -0.111056  -0.175697  -0.019463  0.984252  -0.007710  0.015739  -0.014974  -0.923786  -0.177900  -0.026311  1.000000  
190.916850 0.000034  -0.018040  0.014309  0.691906  0.708948  0.136599  -0.700217  0.705033  -0.112355  -0.175961  -0.017910  0.984234  -0.007578  0.015903  -0.014809  -0.950246  -0.179105  -0.026255  1.000000  
190.917856 0.000029  -0.018023  0.014298  0.691856  0.709125  0.135931  -0.700167  0.704888  -0.113577  -0.176356  -0.016595  0.984187  -0.007466  0.015834  -0.014179  -0.970710  -0.188138  -0.026354  1.000000  
190.918858 0.000023  -0.018006  0.014287  0.691823  0.709303  0.135169  -0.700133  0.704738  -0.114705  -0.176619  -0.015281  0.984161  -0.007362  0.015898  -0.013636  -0.994818  -0.192592  -0.026298  1.000000  
190.919944 0.000017  -0.017989  0.014279  0.691645  0.709625  0.134384  -0.700242  0.704441  -0.115860  -0.176883  -0.013968  0.984133  -0.007216  0.015870  -0.013017  -1.013380  -0.196728  -0.019365  1.000000  
190.921094 0.000008  -0.017969  0.014270  0.691596  0.709881  0.133284  -0.700192  0.704219  -0.117508  -0.177278  -0.012057  0.984087  -0.007173  0.015965  -0.012413  -1.048989  -0.204735  -0.019261  1.000000  
190.922346 0.000001  -0.017948  0.014260  0.691545  0.710103  0.132356  -0.700141  0.704021  -0.118985  -0.177673  -0.010385  0.984035  -0.007027  0.015983  -0.011965  -1.077835  -0.215405  -0.019367  1.000000  
190.923592 -0.000007  -0.017928  0.014247  0.691479  0.710340  0.131434  -0.700073  0.703807  -0.120640  -0.178200  -0.008593  0.983957  -0.006920  0.015949  -0.011759  -1.107783  -0.229134  -0.012598  1.000000  
190.924596 -0.000013  -0.017912  0.014237  0.691301  0.710690  0.130474  -0.700181  0.703470  -0.121964  -0.178463  -0.007042  0.983921  -0.006755  0.015929  -0.011590  -1.137335  -0.233768  -0.005630  1.000000  
190.925841 -0.000020  -0.017894  0.014223  0.691251  0.710940  0.129372  -0.700130  0.703234  -0.123610  -0.178858  -0.005132  0.983862  -0.006492  0.015900  -0.011426  -1.170556  -0.242895  -0.005496  1.000000  
190.926845 -0.000026  -0.017879  0.014213  0.691200  0.711127  0.128614  -0.700079  0.703054  -0.124914  -0.179253  -0.003699  0.983796  -0.006341  0.015930  -0.011244  -1.190400  -0.251782  -0.005406  1.000000  
190.928100 -0.000033  -0.017861  0.014200  0.691149  0.711359  0.127598  -0.700028  0.702826  -0.126474  -0.179648  -0.001909  0.983729  -0.006128  0.015943  -0.010918  -1.216191  -0.260943  0.001591  1.000000  
190.929341 -0.000039  -0.017841  0.014188  0.690938  0.711750  0.126560  -0.700102  0.702433  -0.128239  -0.180174  0.000000  0.983635  -0.005906  0.016043  -0.010590  -1.243928  -0.272331  0.008445  1.000000  
190.930342 -0.000043  -0.017825  0.014182  0.690904  0.711933  0.125709  -0.700067  0.702245  -0.129448  -0.180437  0.001432  0.983585  -0.005727  0.016081  -0.009971  -1.260161  -0.276793  0.008697  1.000000  
190.931360 -0.000047  -0.017808  0.014176  0.690853  0.712132  0.124864  -0.700016  0.702040  -0.130837  -0.180832  0.002982  0.983509  -0.005633  0.015986  -0.009342  -1.286167  -0.283407  0.009063  1.000000  
190.932598 -0.000053  -0.017788  0.014169  0.690658  0.712533  0.123645  -0.700106  0.701620  -0.132590  -0.181227  0.005010  0.983429  -0.005567  0.015945  -0.008670  -1.317483  -0.288158  0.023082  1.000000  
190.933847 -0.000059  -0.017768  0.014166  0.690607  0.712789  0.122452  -0.700054  0.701343  -0.134318  -0.181622  0.007037  0.983343  -0.005472  0.015870  -0.008075  -1.342255  -0.297180  0.023461  1.000000  
190.934848 -0.000064  -0.017752  0.014162  0.690572  0.712997  0.121427  -0.700020  0.701113  -0.135696  -0.181885  0.008707  0.983281  -0.005427  0.015851  -0.007854  -1.366937  -0.297195  0.023860  1.000000  
190.935860 -0.000069  -0.017737  0.014157  0.690521  0.713220  0.120406  -0.699968  0.700861  -0.137252  -0.182279  0.010495  0.983191  -0.005177  0.015691  -0.007612  -1.390264  -0.301410  0.024226  1.000000  
190.937094 -0.000074  -0.017719  0.014150  0.690325  0.713644  0.119011  -0.700058  0.700393  -0.139173  -0.182674  0.012760  0.983091  -0.005069  0.015560  -0.007451  -1.425329  -0.308042  0.031209  1.000000  
190.938095 -0.000078  -0.017704  0.014144  0.690274  0.713863  0.117989  -0.700006  0.700134  -0.140728  -0.183069  0.014548  0.982992  -0.004940  0.015456  -0.007151  -1.449581  -0.312453  0.031624  1.000000  
190.939342 -0.000085  -0.017686  0.014138  0.690078  0.714268  0.116678  -0.700095  0.699674  -0.142561  -0.183463  0.016693  0.982885  -0.004885  0.015372  -0.006795  -1.479097  -0.316887  0.038901  1.000000  
190.940592 -0.000091  -0.017668  0.014133  0.690009  0.714542  0.115401  -0.700025  0.699336  -0.144548  -0.183989  0.018956  0.982745  -0.004849  0.015278  -0.006165  -1.507411  -0.325734  0.039465  1.000000  
190.941592 -0.000096  -0.017654  0.014132  0.689975  0.714741  0.114372  -0.699990  0.699085  -0.145922  -0.184252  0.020624  0.982663  -0.004767  0.015290  -0.005599  -1.528218  -0.328403  0.040312  1.000000  
190.942592 -0.000102  -0.017640  0.014133  0.689778  0.715111  0.113231  -0.700079  0.698647  -0.147583  -0.184647  0.022529  0.982547  -0.004738  0.015280  -0.004707  -1.554026  -0.332857  0.047637  1.000000  
190.943845 -0.000107  -0.017620  0.014134  0.689726  0.715377  0.111859  -0.700027  0.698298  -0.149474  -0.185041  0.024791  0.982418  -0.004687  0.015233  -0.003840  -1.582747  -0.332802  0.048265  1.000000  
190.945092 -0.000112  -0.017601  0.014136  0.689674  0.715641  0.110487  -0.699974  0.697944  -0.151364  -0.185436  0.027053  0.982284  -0.004694  0.015195  -0.003107  -1.605949  -0.334402  0.048456  1.000000  
190.946096 -0.000116  -0.017585  0.014138  0.689495  0.715990  0.109338  -0.700080  0.697515  -0.152843  -0.185699  0.028839  0.982183  -0.004671  0.015131  -0.002609  -1.623344  -0.334285  0.055730  1.000000  
190.947356 -0.000122  -0.017567  0.014138  0.689443  0.716249  0.107964  -0.700027  0.697152  -0.154731  -0.186093  0.031100  0.982040  -0.004694  0.014974  -0.002099  -1.652731  -0.336858  0.056869  1.000000  
190.948599 -0.000129  -0.017549  0.014141  0.689246  0.716661  0.106471  -0.700116  0.696617  -0.156724  -0.186488  0.033480  0.981887  -0.004731  0.014850  -0.001726  -1.679397  -0.336865  0.064400  1.000000  
190.949848 -0.000135  -0.017531  0.014141  0.689050  0.717058  0.105062  -0.700204  0.696096  -0.158632  -0.186882  0.035740  0.981732  -0.004690  0.014776  -0.001355  -1.702735  -0.339392  0.064705  1.000000  
190.951098 -0.000141  -0.017513  0.014142  0.688997  0.717334  0.103512  -0.700151  0.695679  -0.160685  -0.187276  0.038238  0.981563  -0.004769  0.014707  -0.000938  -1.719323  -0.336413  0.065786  1.000000  
190.952159 -0.000147  -0.017499  0.014145  0.688818  0.717685  0.102270  -0.700257  0.695211  -0.162243  -0.187539  0.040141  0.981437  -0.004801  0.014576  -0.000278  -1.737638  -0.335556  0.072995  1.000000  
190.953343 -0.000154  -0.017481  0.014151  0.688621  0.718110  0.100597  -0.700345  0.694615  -0.164400  -0.187933  0.042756  0.981251  -0.004930  0.014635  0.000684  -1.771085  -0.331474  0.080620  1.000000  
190.954597 -0.000162  -0.017463  0.014160  0.688406  0.718536  0.099014  -0.700415  0.694009  -0.166647  -0.188459  0.045370  0.981033  -0.005103  0.014629  0.001671  -1.795412  -0.335754  0.081458  1.000000  
190.955842 -0.000170  -0.017444  0.014172  0.688209  0.718942  0.097425  -0.700502  0.693420  -0.168715  -0.188853  0.047865  0.980838  -0.005203  0.014689  0.002656  -1.817256  -0.335451  0.089014  1.000000  
190.957096 -0.000177  -0.017425  0.014183  0.688155  0.719213  0.095782  -0.700448  0.692953  -0.170846  -0.189247  0.050478  0.980631  -0.005214  0.014794  0.003480  -1.845733  -0.330738  0.089646  1.000000  
190.958344 -0.000184  -0.017404  0.014196  0.687976  0.719619  0.094011  -0.700554  0.692336  -0.172901  -0.189510  0.053092  0.980442  -0.005300  0.014924  0.004224  -1.874367  -0.326054  0.090268  1.000000  
190.959592 -0.000191  -0.017384  0.014207  0.687778  0.720025  0.092330  -0.700641  0.691708  -0.175048  -0.189904  0.055704  0.980221  -0.005356  0.014953  0.004847  -1.900276  -0.325674  0.097818  1.000000  
190.960845 -0.000197  -0.017363  0.014218  0.687580  0.720428  0.090647  -0.700728  0.691074  -0.177192  -0.190298  0.058315  0.979993  -0.005453  0.015031  0.005464  -1.926481  -0.327064  0.104559  1.000000  
190.961845 -0.000203  -0.017347  0.014228  0.687400  0.720778  0.089221  -0.700833  0.690525  -0.178906  -0.190561  0.060451  0.979812  -0.005524  0.015150  0.006051  -1.947890  -0.322169  0.111756  1.000000  
190.963092 -0.000211  -0.017328  0.014241  0.687202  0.721184  0.087448  -0.700920  0.689857  -0.181131  -0.190955  0.063180  0.979563  -0.005714  0.015192  0.006804  -1.968404  -0.321934  0.112565  1.000000  
190.964101 -0.000218  -0.017312  0.014252  0.687022  0.721537  0.085931  -0.701025  0.689277  -0.182925  -0.191218  0.065434  0.979364  -0.005870  0.015245  0.007572  -1.989710  -0.319531  0.120822  1.000000  
190.965352 -0.000227  -0.017292  0.014269  0.686842  0.721929  0.084063  -0.701130  0.688602  -0.185052  -0.191480  0.068162  0.979127  -0.006025  0.015436  0.008620  -2.021151  -0.315355  0.128563  1.000000  
190.966601 -0.000237  -0.017272  0.014288  0.686644  0.722322  0.082285  -0.701216  0.687914  -0.187270  -0.191874  0.070888  0.978856  -0.006230  0.015616  0.009756  -2.031860  -0.314148  0.128996  1.000000  
190.967850 -0.000246  -0.017251  0.014308  0.686319  0.722846  0.080375  -0.701462  0.687077  -0.189408  -0.192137  0.073615  0.978603  -0.006374  0.015806  0.010713  -2.050672  -0.304202  0.142955  1.000000  
190.968918 -0.000254  -0.017235  0.014325  0.686139  0.723175  0.078940  -0.701567  0.686499  -0.191112  -0.192399  0.075747  0.978389  -0.006441  0.015866  0.011378  -2.059276  -0.298385  0.149773  1.000000  
190.970097 -0.000264  -0.017213  0.014346  0.685958  0.723557  0.076978  -0.701671  0.685776  -0.193312  -0.192662  0.078591  0.978113  -0.006603  0.016126  0.012170  -2.088792  -0.294237  0.150668  1.000000  
190.971343 -0.000273  -0.017191  0.014367  0.685796  0.723927  0.074922  -0.701794  0.685053  -0.195417  -0.192793  0.081436  0.977854  -0.006665  0.016384  0.012801  -2.114798  -0.284546  0.157745  1.000000  
190.972346 -0.000279  -0.017172  0.014383  0.685615  0.724272  0.073220  -0.701898  0.684388  -0.197363  -0.193056  0.083922  0.977592  -0.006693  0.016613  0.013223  -2.135002  -0.279671  0.158113  1.000000  
190.973592 -0.000287  -0.017148  0.014404  0.685308  0.724781  0.071033  -0.702162  0.683480  -0.199561  -0.193187  0.086884  0.977307  -0.006805  0.016857  0.013827  -2.162661  -0.269564  0.171952  1.000000  
190.974842 -0.000296  -0.017125  0.014426  0.685146  0.725150  0.068797  -0.702284  0.682689  -0.201823  -0.193318  0.089963  0.977003  -0.006988  0.017035  0.014543  -2.190345  -0.262029  0.177633  1.000000  
190.976098 -0.000306  -0.017101  0.014450  0.684838  0.725637  0.066693  -0.702548  0.681791  -0.203930  -0.193450  0.092805  0.976711  -0.007218  0.017249  0.015390  -2.213453  -0.249744  0.185749  1.000000  
190.977342 -0.000317  -0.017077  0.014477  0.684676  0.725985  0.064541  -0.702670  0.681011  -0.206104  -0.193581  0.095763  0.976399  -0.007361  0.017497  0.016322  -2.238552  -0.242525  0.191383  1.000000  
190.978592 -0.000329  -0.017055  0.014506  0.684513  0.726326  0.062387  -0.702793  0.680224  -0.208274  -0.193712  0.098721  0.976079  -0.007588  0.017710  0.017270  -2.258239  -0.233037  0.191385  1.000000  
190.979593 -0.000338  -0.017035  0.014529  0.684223  0.726755  0.060538  -0.703075  0.679417  -0.209949  -0.193712  0.101089  0.975836  -0.007762  0.017948  0.017993  -2.279599  -0.223242  0.197962  1.000000  
190.980608 -0.000348  -0.017015  0.014553  0.684061  0.727057  0.058734  -0.703197  0.678721  -0.211784  -0.193844  0.103571  0.975550  -0.007935  0.018194  0.018724  -2.302873  -0.215034  0.206187  1.000000  
190.981850 -0.000360  -0.016991  0.014582  0.683916  0.727364  0.056574  -0.703338  0.677951  -0.213771  -0.193844  0.106411  0.975244  -0.008088  0.018483  0.019429  -2.313507  -0.199523  0.204127  1.000000  
190.983098 -0.000371  -0.016966  0.014611  0.683626  0.727818  0.054191  -0.703619  0.676974  -0.215930  -0.193844  0.109486  0.974904  -0.008191  0.018779  0.019907  -2.333380  -0.186491  0.212112  1.000000  
190.984107 -0.000380  -0.016944  0.014633  0.683481  0.728086  0.052380  -0.703760  0.676299  -0.217583  -0.193844  0.111851  0.974635  -0.008270  0.019085  0.020235  -2.344846  -0.172507  0.211373  1.000000  
190.985345 -0.000391  -0.016917  0.014661  0.683336  0.728387  0.050038  -0.703901  0.675459  -0.219725  -0.193844  0.114924  0.974278  -0.008390  0.019425  0.020768  -2.363589  -0.157960  0.217617  1.000000  
190.986347 -0.000400  -0.016895  0.014686  0.683047  0.728796  0.048003  -0.704182  0.674570  -0.221546  -0.193844  0.117523  0.973968  -0.008523  0.019695  0.021303  -2.385013  -0.147885  0.223959  1.000000  
190.987592 -0.000411  -0.016867  0.014717  0.682902  0.729093  0.045482  -0.704322  0.673664  -0.223845  -0.193844  0.120831  0.973563  -0.008689  0.020060  0.021931  -2.406299  -0.132744  0.221383  1.000000  
190.988593 -0.000420  -0.016845  0.014743  0.682775  0.729334  0.043487  -0.704482  0.672953  -0.225476  -0.193712  0.123313  0.973278  -0.008876  0.020256  0.022680  -2.422123  -0.115339  0.221925  1.000000  
190.989842 -0.000433  -0.016818  0.014777  0.682630  0.729611  0.041052  -0.704622  0.672061  -0.227687  -0.193712  0.126500  0.972869  -0.009132  0.020479  0.023427  -2.443169  -0.105750  0.221479  1.000000  
190.991095 -0.000446  -0.016789  0.014814  0.682357  0.730010  0.038388  -0.704922  0.670996  -0.229891  -0.193581  0.129807  0.972459  -0.009339  0.020822  0.024264  -2.468157  -0.086481  0.226744  1.000000  
190.992099 -0.000457  -0.016766  0.014844  0.682230  0.730236  0.036302  -0.705081  0.670242  -0.231595  -0.193450  0.132405  0.972135  -0.009490  0.021073  0.024840  -2.484237  -0.072496  0.225595  1.000000  
190.993342 -0.000469  -0.016738  0.014881  0.682103  0.730472  0.033860  -0.705240  0.669371  -0.233621  -0.193318  0.135474  0.971738  -0.009506  0.021457  0.025394  -2.492997  -0.053929  0.224027  1.000000  
190.994592 -0.000481  -0.016708  0.014918  0.681831  0.730849  0.031103  -0.705539  0.668258  -0.235893  -0.193187  0.138895  0.971281  -0.009570  0.021791  0.025923  -2.518485  -0.038838  0.227649  1.000000  
190.995592 -0.000491  -0.016684  0.014947  0.681703  0.731053  0.029013  -0.705698  0.667489  -0.237588  -0.193056  0.141490  0.970933  -0.009562  0.022134  0.026303  -2.534567  -0.024977  0.226296  1.000000  
190.996842 -0.000502  -0.016653  0.014984  0.681594  0.731258  0.026301  -0.705876  0.666556  -0.239673  -0.192793  0.144794  0.970497  -0.009498  0.022525  0.026837  -2.550768  -0.006525  0.224409  1.000000  
190.997858 -0.000511  -0.016628  0.015014  0.681466  0.731452  0.024121  -0.706035  0.665748  -0.241443  -0.192662  0.147505  0.970115  -0.009460  0.022871  0.027334  -2.575535  0.011915  0.224205  1.000000  
190.999099 -0.000522  -0.016596  0.015054  0.681339  0.731655  0.021407  -0.706193  0.664759  -0.243694  -0.192531  0.150921  0.969616  -0.009474  0.023218  0.028072  -2.595610  0.026035  0.222568  1.000000  
191.000104 -0.000531  -0.016570  0.015086  0.681211  0.731834  0.019225  -0.706352  0.663940  -0.245459  -0.192399  0.153629  0.969216  -0.009475  0.023537  0.028772  -2.615428  0.035512  0.221389  1.000000  
191.001347 -0.000543  -0.016537  0.015128  0.680956  0.732141  0.016369  -0.706670  0.662802  -0.247613  -0.192137  0.157046  0.968721  -0.009503  0.023880  0.029519  -2.632295  0.054100  0.219127  1.000000  
191.002375 -0.000552  -0.016511  0.015163  0.680829  0.732307  0.014096  -0.706828  0.661943  -0.249451  -0.192006  0.159870  0.968285  -0.009500  0.024117  0.030185  -2.644177  0.063614  0.217829  1.000000  
191.003597 -0.000563  -0.016477  0.015207  0.680719  0.732459  0.011200  -0.707005  0.660911  -0.251674  -0.191743  0.163400  0.967747  -0.009518  0.024554  0.031029  -2.660884  0.077746  0.215923  1.000000  
191.004845 -0.000576  -0.016444  0.015252  0.680609  0.732600  0.008303  -0.707183  0.659872  -0.253892  -0.191480  0.166930  0.967197  -0.009532  0.024900  0.031695  -2.680033  0.095413  0.206577  1.000000  
191.006092 -0.000588  -0.016410  0.015298  0.680499  0.732729  0.005494  -0.707360  0.658857  -0.256027  -0.191218  0.170340  0.966654  -0.009425  0.025286  0.032261  -2.699233  0.104099  0.203475  1.000000  
191.007095 -0.000598  -0.016382  0.015335  0.680388  0.732845  0.003217  -0.707537  0.658023  -0.257678  -0.190955  0.173045  0.966225  -0.009423  0.025615  0.032762  -2.712828  0.118902  0.202963  1.000000  
191.008099 -0.000607  -0.016353  0.015371  0.680260  0.732970  0.000941  -0.707695  0.657136  -0.259500  -0.190824  0.175862  0.965743  -0.009328  0.026031  0.033236  -2.728804  0.128336  0.201364  1.000000  
191.009342 -0.000618  -0.016318  0.015417  0.680168  0.733053  -0.002138  -0.707890  0.656057  -0.261689  -0.190430  0.179506  0.965150  -0.009277  0.026457  0.033804  -2.752629  0.141442  0.192336  1.000000  
191.010592 -0.000629  -0.016281  0.015463  0.680057  0.733142  -0.005038  -0.708067  0.654984  -0.263887  -0.190167  0.183026  0.964540  -0.009208  0.026846  0.034414  -2.767569  0.154178  0.188450  1.000000  
191.011592 -0.000638  -0.016251  0.015500  0.679947  0.733223  -0.007495  -0.708244  0.654066  -0.265685  -0.189904  0.185960  0.964031  -0.009210  0.027261  0.034991  -2.790930  0.163458  0.186657  1.000000  
191.012844 -0.000649  -0.016214  0.015549  0.679836  0.733289  -0.010486  -0.708420  0.652948  -0.267954  -0.189641  0.189593  0.963375  -0.009195  0.027636  0.035690  -2.810851  0.172908  0.184721  1.000000  
191.014097 -0.000660  -0.016176  0.015599  0.679743  0.733325  -0.013566  -0.708615  0.651841  -0.270126  -0.189247  0.193229  0.962729  -0.009197  0.028018  0.036329  -2.834277  0.185746  0.175435  1.000000  
191.015348 -0.000672  -0.016136  0.015649  0.679649  0.733346  -0.016736  -0.708810  0.650694  -0.272372  -0.188853  0.196980  0.962046  -0.009231  0.028556  0.037047  -2.862946  0.200675  0.167692  1.000000  
191.016350 -0.000683  -0.016105  0.015690  0.679538  0.733389  -0.019194  -0.708986  0.649752  -0.274154  -0.188590  0.199907  0.961494  -0.009377  0.028845  0.037464  -2.867384  0.209484  0.165212  1.000000  
191.017597 -0.000695  -0.016064  0.015742  0.679462  0.733367  -0.022453  -0.709199  0.648611  -0.276298  -0.188065  0.203658  0.960810  -0.009452  0.029370  0.038093  -2.888168  0.227856  0.161517  1.000000  
191.018934 -0.000708  -0.016024  0.015792  0.679368  0.733353  -0.025535  -0.709393  0.647477  -0.278452  -0.187670  0.207285  0.960111  -0.009404  0.029671  0.038200  -2.894367  0.235432  0.152047  1.000000  
191.020096 -0.000721  -0.015985  0.015841  0.679292  0.733300  -0.028883  -0.709605  0.646288  -0.280665  -0.187145  0.211148  0.959371  -0.009559  0.030269  0.038684  -2.923110  0.249975  0.149295  1.000000  
191.021100 -0.000731  -0.015952  0.015881  0.679180  0.733298  -0.031431  -0.709781  0.645290  -0.282510  -0.186882  0.214184  0.958749  -0.009509  0.030601  0.038828  -2.942880  0.254780  0.147771  1.000000  
191.022351 -0.000744  -0.015910  0.015929  0.678957  0.733355  -0.034748  -0.710133  0.643971  -0.284627  -0.186356  0.217926  0.958008  -0.009572  0.031034  0.039012  -2.963264  0.268591  0.144458  1.000000  
191.023597 -0.000756  -0.015866  0.015979  0.678879  0.733261  -0.038097  -0.710345  0.642761  -0.286825  -0.185830  0.221781  0.957225  -0.009603  0.031578  0.039308  -2.983990  0.282431  0.141029  1.000000  
