1-Time 2-Px 3-Py 4-Pz 5-R11 6-R21 7-R31 8-R12 9-R22 10-R32 11-R13 12-R23 13-R33 14-Vx 15-Vy 16-Vz 17-Wx 18-Wy 19-Wz 20-state
150.141080 0.026102  -0.029458  -0.003278  0.360709  0.814727  0.453993  -0.925601  0.372552  0.066839  -0.114680  -0.444326  0.888495  -0.001200  -0.002620  -0.005472  -0.228561  -0.072321  0.163985  1.000000  
150.142315 0.026100  -0.029462  -0.003274  0.360709  0.814782  0.453894  -0.925601  0.372560  0.066794  -0.114680  -0.444218  0.888549  -0.002100  -0.003151  0.003879  0.000000  0.000000  0.000000  1.000000  
150.143554 0.026091  -0.029458  -0.003266  0.360518  0.814914  0.453809  -0.925676  0.372400  0.066655  -0.114680  -0.444111  0.888602  -0.004809  0.000125  0.005461  0.000000  0.000000  0.000000  1.000000  
150.144558 0.026083  -0.029453  -0.003260  0.360518  0.814969  0.453710  -0.925676  0.372408  0.066610  -0.114680  -0.444003  0.888656  -0.005854  0.001683  0.005544  0.000000  0.000000  0.000000  1.000000  
150.145807 0.026074  -0.029448  -0.003251  0.360327  0.815210  0.453427  -0.925750  0.372265  0.066381  -0.114680  -0.443679  0.888818  -0.006137  0.002198  0.005961  0.000000  0.000000  0.000000  1.000000  
150.146809 0.026067  -0.029445  -0.003242  0.360327  0.815320  0.453230  -0.925750  0.372281  0.066291  -0.114680  -0.443464  0.888925  -0.006355  0.002368  0.006472  0.000000  0.000000  0.000000  1.000000  
150.147821 0.026056  -0.029441  -0.003233  0.360137  0.815507  0.453045  -0.925824  0.372129  0.066107  -0.114680  -0.443248  0.889033  -0.007044  0.002723  0.006823  0.000000  0.000000  0.000000  1.000000  
150.149067 0.026039  -0.029430  -0.003228  0.359946  0.815693  0.452861  -0.925898  0.371977  0.065924  -0.114680  -0.443032  0.889140  -0.008133  0.003610  0.006485  0.000000  0.000000  0.000000  1.000000  
150.150073 0.026022  -0.029422  -0.003224  0.359756  0.815825  0.452776  -0.925972  0.371817  0.065786  -0.114680  -0.442924  0.889194  -0.009065  0.004148  0.006163  0.000000  0.000000  0.000000  1.000000  
150.151074 0.026006  -0.029414  -0.003220  0.359565  0.815956  0.452690  -0.926046  0.371657  0.065647  -0.114680  -0.442817  0.889248  -0.009845  0.004504  0.005956  0.000000  0.000000  0.000000  1.000000  
150.152074 0.025991  -0.029407  -0.003213  0.359380  0.816164  0.452463  -0.926134  0.371450  0.065575  -0.114547  -0.442608  0.889369  -0.010335  0.004736  0.005987  0.000000  0.000000  0.000000  1.000000  
150.153084 0.025976  -0.029399  -0.003206  0.359195  0.816317  0.452334  -0.926223  0.371234  0.065548  -0.114414  -0.442507  0.889436  -0.010656  0.005025  0.006079  0.000000  0.000000  0.000000  1.000000  
150.154371 0.025958  -0.029386  -0.003198  0.359010  0.816469  0.452206  -0.926311  0.371019  0.065521  -0.114281  -0.442406  0.889504  -0.011043  0.005516  0.006096  0.000000  0.000000  0.000000  1.000000  
150.155551 0.025936  -0.029372  -0.003192  0.358819  0.816601  0.452120  -0.926385  0.370859  0.065382  -0.114281  -0.442298  0.889557  -0.011667  0.006047  0.006038  0.000000  0.000000  0.000000  1.000000  
150.156570 0.025916  -0.029359  -0.003186  0.358819  0.816601  0.452120  -0.926385  0.370859  0.065382  -0.114281  -0.442298  0.889557  -0.012529  0.006920  0.006119  0.000000  0.000000  0.000000  1.000000  
150.157802 0.025893  -0.029339  -0.003177  0.358623  0.816710  0.452077  -0.926444  0.370754  0.065133  -0.114414  -0.442183  0.889597  -0.013542  0.008145  0.006228  0.000000  0.000000  0.000000  1.000000  
150.158802 0.025878  -0.029322  -0.003170  0.358623  0.816820  0.451879  -0.926444  0.370770  0.065043  -0.114414  -0.441967  0.889705  -0.014066  0.008977  0.006288  0.000000  0.000000  0.000000  1.000000  
150.160058 0.025857  -0.029299  -0.003162  0.358432  0.816951  0.451794  -0.926518  0.370609  0.064906  -0.114414  -0.441859  0.889758  -0.014804  0.010171  0.006296  0.000000  0.000000  0.000000  1.000000  
150.161303 0.025834  -0.029276  -0.003155  0.358432  0.817061  0.451595  -0.926518  0.370625  0.064816  -0.114414  -0.441643  0.889865  -0.015827  0.011454  0.006103  0.000000  0.000000  0.000000  1.000000  
150.162554 0.025807  -0.029251  -0.003148  0.358617  0.817073  0.451427  -0.926430  0.370864  0.064708  -0.114547  -0.441421  0.889959  -0.016879  0.012771  0.005852  0.000000  0.000000  0.000000  1.000000  
150.163564 0.025785  -0.029231  -0.003143  0.358612  0.817161  0.451272  -0.926416  0.370935  0.064507  -0.114680  -0.441198  0.890052  -0.017423  0.013559  0.005819  0.000000  0.000000  0.000000  1.000000  
150.164819 0.025758  -0.029207  -0.003133  0.358612  0.817270  0.451073  -0.926416  0.370951  0.064417  -0.114680  -0.440982  0.890159  -0.017890  0.014462  0.006177  0.000000  0.000000  0.000000  1.000000  
150.166061 0.025734  -0.029184  -0.003122  0.358797  0.817282  0.450905  -0.926328  0.371189  0.064308  -0.114813  -0.440759  0.890252  -0.018151  0.015373  0.006546  0.000000  0.000000  0.000000  1.000000  
150.167312 0.025708  -0.029159  -0.003107  0.358797  0.817391  0.450707  -0.926328  0.371205  0.064218  -0.114813  -0.440543  0.890359  -0.018599  0.016407  0.006945  0.000000  0.000000  0.000000  1.000000  
150.168556 0.025682  -0.029133  -0.003093  0.358987  0.817424  0.450495  -0.926254  0.371389  0.064221  -0.114813  -0.440327  0.890466  -0.019143  0.017463  0.007333  0.000000  0.000000  0.000000  1.000000  
150.169567 0.025661  -0.029111  -0.003084  0.359178  0.817402  0.450383  -0.926180  0.371565  0.064269  -0.114813  -0.440219  0.890520  -0.019565  0.018301  0.007555  0.000000  0.000000  0.000000  1.000000  
150.170805 0.025634  -0.029085  -0.003074  0.359369  0.817435  0.450171  -0.926106  0.371749  0.064271  -0.114813  -0.440003  0.890626  -0.019784  0.019032  0.007824  0.000000  0.000000  0.000000  1.000000  
150.172054 0.025607  -0.029058  -0.003065  0.359750  0.817336  0.450046  -0.925958  0.372093  0.064411  -0.114813  -0.439895  0.890680  -0.019999  0.019621  0.007849  0.000000  0.000000  0.000000  1.000000  
150.173302 0.025581  -0.029030  -0.003056  0.359935  0.817348  0.449877  -0.925869  0.372332  0.064303  -0.114946  -0.439672  0.890773  -0.020388  0.020103  0.007764  0.000000  0.000000  0.000000  1.000000  
150.174555 0.025552  -0.029000  -0.003048  0.360311  0.817228  0.449795  -0.925707  0.372731  0.064332  -0.115079  -0.439557  0.890812  -0.020981  0.020576  0.007827  0.000000  0.000000  0.000000  1.000000  
150.175802 0.025518  -0.028973  -0.003042  0.360686  0.817162  0.449613  -0.925544  0.373138  0.064315  -0.115212  -0.439334  0.890905  -0.021721  0.020798  0.007713  0.000000  0.000000  0.000000  1.000000  
150.176802 0.025489  -0.028953  -0.003038  0.361062  0.817041  0.449531  -0.925381  0.373537  0.064344  -0.115345  -0.439220  0.890944  -0.022248  0.020885  0.007730  0.000000  0.000000  0.000000  1.000000  
150.177802 0.025460  -0.028933  -0.003032  0.361437  0.816920  0.449449  -0.925218  0.373936  0.064373  -0.115478  -0.439105  0.890984  -0.022794  0.020875  0.007681  0.000000  0.000000  0.000000  1.000000  
150.179105 0.025424  -0.028906  -0.003024  0.361812  0.816854  0.449267  -0.925055  0.374342  0.064356  -0.115611  -0.438882  0.891076  -0.023322  0.021003  0.007663  0.000000  0.000000  0.000000  1.000000  
150.180317 0.025386  -0.028879  -0.003015  0.362188  0.816787  0.449086  -0.924891  0.374749  0.064339  -0.115743  -0.438659  0.891169  -0.024219  0.021281  0.007549  0.000000  0.000000  0.000000  1.000000  
150.181562 0.025348  -0.028853  -0.003006  0.362557  0.816754  0.448850  -0.924713  0.375218  0.064165  -0.116009  -0.438321  0.891301  -0.025096  0.021475  0.007274  0.000000  0.000000  0.000000  1.000000  
150.182810 0.025310  -0.028827  -0.002997  0.362932  0.816686  0.448669  -0.924549  0.375624  0.064148  -0.116142  -0.438098  0.891393  -0.025864  0.021503  0.006994  0.000000  0.000000  0.000000  1.000000  
150.184068 0.025274  -0.028798  -0.002992  0.363307  0.816674  0.448389  -0.924385  0.376039  0.064085  -0.116275  -0.437766  0.891538  -0.026576  0.021599  0.006405  0.000000  0.000000  0.000000  1.000000  
150.185403 0.025237  -0.028767  -0.002985  0.363682  0.816606  0.448208  -0.924221  0.376445  0.064067  -0.116408  -0.437543  0.891631  -0.027059  0.021713  0.006144  0.000000  0.000000  0.000000  1.000000  
150.186563 0.025200  -0.028738  -0.002979  0.364247  0.816515  0.447915  -0.923982  0.377027  0.064096  -0.116541  -0.437212  0.891776  -0.027981  0.022062  0.005958  -0.163055  0.019535  -0.210862  1.000000  
150.187805 0.025161  -0.028710  -0.002970  0.364431  0.816524  0.447747  -0.923892  0.377265  0.063985  -0.116674  -0.436989  0.891868  -0.028832  0.022077  0.005975  -0.162761  0.025725  -0.224915  1.000000  
150.188805 0.025129  -0.028688  -0.002963  0.364806  0.816402  0.447666  -0.923728  0.377663  0.064013  -0.116807  -0.436874  0.891907  -0.029523  0.021930  0.005928  -0.161124  0.027742  -0.239201  1.000000  
150.190055 0.025087  -0.028661  -0.002956  0.365175  0.816366  0.447430  -0.923548  0.378131  0.063838  -0.117072  -0.436535  0.892038  -0.030203  0.021902  0.005948  -0.165501  0.028501  -0.259567  1.000000  
150.191302 0.025044  -0.028634  -0.002950  0.365549  0.816243  0.447349  -0.923383  0.378530  0.063865  -0.117205  -0.436420  0.892076  -0.030662  0.021960  0.006007  -0.159837  0.030475  -0.273748  1.000000  
150.192302 0.025008  -0.028613  -0.002946  0.365734  0.816252  0.447181  -0.923293  0.378767  0.063754  -0.117338  -0.436197  0.892168  -0.031094  0.022005  0.005979  -0.159797  0.030406  -0.273743  1.000000  
150.193553 0.024964  -0.028587  -0.002941  0.365912  0.816240  0.447058  -0.923189  0.379059  0.063533  -0.117604  -0.435967  0.892246  -0.031652  0.022066  0.005699  -0.159005  0.029356  -0.281931  1.000000  
150.194802 0.024921  -0.028559  -0.002938  0.366091  0.816227  0.446935  -0.923084  0.379351  0.063311  -0.117870  -0.435736  0.892323  -0.032086  0.022068  0.005358  -0.158205  0.024293  -0.292052  1.000000  
150.195805 0.024888  -0.028535  -0.002936  0.366275  0.816236  0.446768  -0.922994  0.379589  0.063200  -0.118002  -0.435513  0.892415  -0.032206  0.022274  0.004985  -0.157309  0.027218  -0.298061  1.000000  
150.197069 0.024848  -0.028504  -0.002934  0.366453  0.816223  0.446645  -0.922889  0.379880  0.062977  -0.118268  -0.435282  0.892492  -0.032320  0.022524  0.004529  -0.158524  0.019289  -0.304402  1.000000  
150.198306 0.024808  -0.028473  -0.002934  0.366626  0.816243  0.446468  -0.922770  0.380234  0.062598  -0.118667  -0.434937  0.892607  -0.032420  0.022822  0.004059  -0.161245  0.007028  -0.307868  1.000000  
150.199306 0.024777  -0.028447  -0.002933  0.366810  0.816305  0.446202  -0.922679  0.380478  0.062441  -0.118800  -0.434605  0.892751  -0.032727  0.022967  0.003773  -0.170782  0.002974  -0.312519  1.000000  
150.200310 0.024746  -0.028420  -0.002929  0.366988  0.816292  0.446079  -0.922574  0.380770  0.062218  -0.119065  -0.434375  0.892828  -0.032975  0.023279  0.003710  -0.170630  -0.005180  -0.316265  1.000000  
150.201311 0.024716  -0.028395  -0.002924  0.367166  0.816333  0.445858  -0.922469  0.381068  0.061949  -0.119331  -0.434036  0.892958  -0.032793  0.023265  0.003684  -0.178738  -0.013333  -0.320205  1.000000  
150.202558 0.024678  -0.028363  -0.002918  0.367344  0.816428  0.445537  -0.922364  0.381374  0.061634  -0.119597  -0.433588  0.893139  -0.032701  0.023547  0.003473  -0.191745  -0.020495  -0.316043  1.000000  
150.203802 0.024640  -0.028330  -0.002914  0.367516  0.816501  0.445261  -0.922244  0.381734  0.061208  -0.119995  -0.433134  0.893306  -0.032582  0.023889  0.003303  -0.199861  -0.028697  -0.320038  1.000000  
150.204802 0.024608  -0.028303  -0.002909  0.367694  0.816542  0.445040  -0.922138  0.382032  0.060938  -0.120261  -0.432795  0.893435  -0.032554  0.024226  0.003155  -0.207168  -0.039565  -0.315331  1.000000  
150.206053 0.024567  -0.028270  -0.002905  0.368056  0.816482  0.444851  -0.921942  0.382551  0.060649  -0.120659  -0.432449  0.893549  -0.032426  0.024602  0.003063  -0.216858  -0.043998  -0.319759  1.000000  
150.207302 0.024525  -0.028239  -0.002901  0.368417  0.816476  0.444563  -0.921745  0.383078  0.060313  -0.121058  -0.431994  0.893715  -0.032206  0.024952  0.002999  -0.223112  -0.055781  -0.322983  1.000000  
150.208304 0.024493  -0.028212  -0.002897  0.368589  0.816494  0.444387  -0.921624  0.383429  0.059932  -0.121456  -0.431648  0.893828  -0.031913  0.025378  0.002977  -0.229779  -0.067440  -0.323392  1.000000  
150.209552 0.024454  -0.028176  -0.002894  0.368944  0.816520  0.444045  -0.921412  0.384015  0.059438  -0.121987  -0.431077  0.894031  -0.031643  0.025973  0.002968  -0.243968  -0.075029  -0.324615  1.000000  
150.210802 0.024415  -0.028138  -0.002891  0.369489  0.816412  0.443790  -0.921123  0.384762  0.059082  -0.122519  -0.430615  0.894181  -0.031537  0.026483  0.003006  -0.251203  -0.084219  -0.336633  1.000000  
150.212055 0.024376  -0.028100  -0.002889  0.369844  0.816383  0.443548  -0.920910  0.385341  0.058634  -0.123050  -0.430153  0.894331  -0.031497  0.027012  0.003061  -0.255106  -0.096383  -0.342372  1.000000  
150.213055 0.024344  -0.028069  -0.002885  0.370198  0.816354  0.443306  -0.920696  0.385919  0.058185  -0.123581  -0.429690  0.894480  -0.031511  0.027316  0.003288  -0.266303  -0.105540  -0.354280  1.000000  
150.214056 0.024312  -0.028040  -0.002882  0.370552  0.816324  0.443065  -0.920482  0.386496  0.057736  -0.124112  -0.429227  0.894628  -0.031472  0.027618  0.003452  -0.270356  -0.117777  -0.360203  1.000000  
150.215061 0.024281  -0.028009  -0.002880  0.370907  0.816294  0.442824  -0.920268  0.387073  0.057286  -0.124643  -0.428764  0.894777  -0.031534  0.027907  0.003362  -0.278283  -0.129923  -0.365897  1.000000  
150.216311 0.024242  -0.027969  -0.002876  0.371437  0.816248  0.442464  -0.919945  0.387938  0.056611  -0.125439  -0.428070  0.894998  -0.031674  0.028427  0.003214  -0.292699  -0.151451  -0.378653  1.000000  
150.217561 0.024201  -0.027930  -0.002873  0.371778  0.816281  0.442115  -0.919699  0.388633  0.055845  -0.126236  -0.427375  0.895218  -0.031884  0.028874  0.003009  -0.307961  -0.168852  -0.394442  1.000000  
150.218626 0.024168  -0.027899  -0.002872  0.372125  0.816282  0.441822  -0.919467  0.389268  0.055236  -0.126899  -0.426795  0.895401  -0.031875  0.029039  0.002820  -0.323451  -0.184795  -0.401323  1.000000  
150.219815 0.024125  -0.027861  -0.002869  0.372654  0.816288  0.441365  -0.919142  0.390136  0.054511  -0.127696  -0.425991  0.895670  -0.032136  0.029523  0.002685  -0.339396  -0.198626  -0.415985  1.000000  
150.221052 0.024082  -0.027821  -0.002865  0.373177  0.816271  0.440954  -0.918801  0.391055  0.053674  -0.128625  -0.425179  0.895923  -0.032311  0.029990  0.002677  -0.359126  -0.215455  -0.436466  1.000000  
150.222302 0.024039  -0.027779  -0.002860  0.373699  0.816307  0.440445  -0.918458  0.391980  0.052789  -0.129553  -0.424258  0.896226  -0.032402  0.030662  0.002673  -0.382370  -0.236886  -0.454048  1.000000  
150.223302 0.024004  -0.027745  -0.002856  0.374044  0.816359  0.440056  -0.918224  0.392617  0.052130  -0.130217  -0.423568  0.896456  -0.032614  0.031173  0.002731  -0.400896  -0.248298  -0.469772  1.000000  
150.224552 0.023960  -0.027700  -0.002849  0.374369  0.816453  0.439604  -0.917940  0.393422  0.051041  -0.131278  -0.422638  0.896740  -0.032929  0.031716  0.002992  -0.424276  -0.269948  -0.487452  1.000000  
150.225552 0.023925  -0.027665  -0.002842  0.374707  0.816536  0.439162  -0.917688  0.394115  0.050221  -0.132074  -0.421832  0.897003  -0.033247  0.032073  0.003303  -0.443685  -0.287562  -0.503242  1.000000  
150.226802 0.023880  -0.027619  -0.002834  0.375220  0.816601  0.438603  -0.917325  0.395091  0.049172  -0.133135  -0.420792  0.897334  -0.033630  0.032613  0.003716  -0.466303  -0.303749  -0.522617  1.000000  
150.228058 0.023834  -0.027573  -0.002826  0.375732  0.816611  0.438145  -0.916961  0.396059  0.048170  -0.134195  -0.419861  0.897613  -0.034011  0.033157  0.004010  -0.488559  -0.321014  -0.548804  1.000000  
150.229308 0.023789  -0.027528  -0.002818  0.376048  0.816735  0.437644  -0.916656  0.396915  0.046917  -0.135389  -0.418812  0.897924  -0.034344  0.033616  0.004211  -0.511877  -0.346893  -0.568282  1.000000  
150.230325 0.023751  -0.027491  -0.002814  0.376377  0.816794  0.437251  -0.916383  0.397653  0.045982  -0.136316  -0.417996  0.898163  -0.034803  0.033990  0.004364  -0.526792  -0.364407  -0.583587  1.000000  
150.231554 0.023704  -0.027445  -0.002808  0.376881  0.816834  0.436742  -0.915998  0.398672  0.044816  -0.137509  -0.416945  0.898470  -0.035361  0.034397  0.004570  -0.545037  -0.388463  -0.606463  1.000000  
150.232567 0.023664  -0.027409  -0.002803  0.377201  0.816923  0.436297  -0.915706  0.399463  0.043719  -0.138569  -0.416011  0.898740  -0.035746  0.034761  0.004757  -0.564504  -0.409393  -0.626805  1.000000  
150.233809 0.023617  -0.027364  -0.002796  0.377710  0.817036  0.435647  -0.915335  0.400431  0.042614  -0.139629  -0.414858  0.899109  -0.036111  0.035286  0.005054  -0.587856  -0.431435  -0.644228  1.000000  
150.234810 0.023579  -0.027326  -0.002790  0.378218  0.817041  0.435195  -0.914963  0.401387  0.041604  -0.140689  -0.413923  0.899374  -0.036409  0.035637  0.005269  -0.606070  -0.446305  -0.665839  1.000000  
150.235825 0.023540  -0.027288  -0.002783  0.378537  0.817181  0.434654  -0.914668  0.402177  0.040455  -0.141749  -0.412878  0.899688  -0.036677  0.036026  0.005519  -0.633119  -0.468022  -0.682896  1.000000  
150.237052 0.023493  -0.027240  -0.002775  0.378848  0.817353  0.434061  -0.914353  0.403021  0.039144  -0.142941  -0.411715  0.900033  -0.037043  0.036550  0.005821  -0.657747  -0.493413  -0.694488  1.000000  
150.238053 0.023454  -0.027200  -0.002767  0.379165  0.817491  0.433522  -0.914056  0.403806  0.037992  -0.144000  -0.410668  0.900342  -0.037291  0.036955  0.006055  -0.675549  -0.511315  -0.706067  1.000000  
150.239302 0.023406  -0.027148  -0.002756  0.379656  0.817609  0.432870  -0.913642  0.404867  0.036608  -0.145324  -0.409387  0.900713  -0.037536  0.037430  0.006318  -0.704121  -0.533621  -0.726974  1.000000  
150.240552 0.023358  -0.027096  -0.002745  0.379942  0.817820  0.432220  -0.913269  0.405862  0.034860  -0.146912  -0.407978  0.901094  -0.037802  0.037883  0.006507  -0.737203  -0.569855  -0.735415  1.000000  
150.241804 0.023308  -0.027045  -0.002733  0.380234  0.818051  0.431526  -0.912912  0.406801  0.033222  -0.148368  -0.406577  0.901489  -0.038104  0.038319  0.006727  -0.769407  -0.599145  -0.748124  1.000000  
150.242804 0.023268  -0.027003  -0.002724  0.380541  0.818271  0.430838  -0.912590  0.407633  0.031854  -0.149559  -0.405300  0.901867  -0.038371  0.038672  0.006878  -0.797574  -0.620240  -0.757013  1.000000  
150.244054 0.023218  -0.026951  -0.002712  0.381011  0.818447  0.430087  -0.912132  0.408787  0.030139  -0.151146  -0.403779  0.902284  -0.038626  0.039034  0.007200  -0.825964  -0.645424  -0.771235  1.000000  
150.245302 0.023167  -0.026899  -0.002699  0.381293  0.818707  0.429342  -0.911750  0.409767  0.028334  -0.152733  -0.402257  0.902697  -0.039040  0.039533  0.007643  -0.853873  -0.674760  -0.783618  1.000000  
150.246308 0.023125  -0.026857  -0.002687  0.381785  0.818787  0.428752  -0.911344  0.410752  0.027098  -0.153923  -0.401086  0.903016  -0.039223  0.039863  0.008150  -0.877664  -0.691601  -0.790407  1.000000  
150.247310 0.023084  -0.026815  -0.002674  0.382080  0.818982  0.428116  -0.910996  0.411619  0.025612  -0.155245  -0.399797  0.903361  -0.039343  0.040324  0.008719  -0.904875  -0.714540  -0.803711  1.000000  
150.248310 0.023043  -0.026774  -0.002661  0.382374  0.819177  0.427480  -0.910646  0.412482  0.024123  -0.156567  -0.398508  0.903703  -0.039553  0.040551  0.009209  -0.930928  -0.737392  -0.814112  1.000000  
150.249557 0.022992  -0.026721  -0.002644  0.382643  0.819464  0.426689  -0.910237  0.413496  0.022148  -0.158284  -0.396862  0.904127  -0.039745  0.041029  0.009837  -0.954039  -0.765999  -0.813344  1.000000  
150.250560 0.022952  -0.026678  -0.002631  0.383114  0.819551  0.426098  -0.909784  0.414568  0.020632  -0.159737  -0.395562  0.904442  -0.039949  0.041446  0.010327  -0.976528  -0.790697  -0.834532  1.000000  
150.251563 0.022911  -0.026634  -0.002618  0.383405  0.819743  0.425466  -0.909429  0.415419  0.019139  -0.161058  -0.394269  0.904772  -0.040054  0.041697  0.010717  -0.997332  -0.810699  -0.834774  1.000000  
150.252821 0.022861  -0.026578  -0.002602  0.383849  0.819922  0.424722  -0.908912  0.416635  0.017133  -0.162906  -0.392611  0.905162  -0.040111  0.042116  0.011141  -1.019870  -0.837447  -0.852585  1.000000  
150.254053 0.022811  -0.026523  -0.002586  0.384486  0.820136  0.423730  -0.908334  0.417969  0.015222  -0.164622  -0.390741  0.905660  -0.040349  0.042364  0.011504  -1.050072  -0.855198  -0.870230  1.000000  
150.255302 0.022761  -0.026468  -0.002570  0.384926  0.820363  0.422891  -0.907810  0.419174  0.013159  -0.166470  -0.388970  0.906085  -0.040489  0.042581  0.011881  -1.078404  -0.884115  -0.885209  1.000000  
150.256304 0.022720  -0.026424  -0.002557  0.385382  0.820475  0.422258  -0.907325  0.420273  0.011470  -0.168053  -0.387545  0.906403  -0.040600  0.042697  0.012111  -1.097138  -0.906939  -0.901344  1.000000  
150.257552 0.022668  -0.026369  -0.002539  0.385809  0.820781  0.421271  -0.906775  0.421515  0.009188  -0.170031  -0.385543  0.906888  -0.040716  0.042955  0.012430  -1.133189  -0.937150  -0.912760  1.000000  
150.258552 0.022626  -0.026325  -0.002525  0.386253  0.821024  0.420391  -0.906263  0.422652  0.007228  -0.171745  -0.383776  0.907314  -0.040807  0.043118  0.012800  -1.158550  -0.960388  -0.924613  1.000000  
150.259552 0.022584  -0.026282  -0.002509  0.386526  0.821291  0.419617  -0.905870  0.423519  0.005505  -0.173194  -0.382247  0.907685  -0.040921  0.043234  0.013199  -1.188051  -0.977905  -0.934706  1.000000  
150.260804 0.022531  -0.026228  -0.002487  0.387134  0.821556  0.418536  -0.905230  0.424909  0.003249  -0.175171  -0.380129  0.908195  -0.040967  0.043348  0.013684  -1.217708  -0.997832  -0.944806  1.000000  
150.262053 0.022480  -0.026174  -0.002465  0.387741  0.821870  0.417358  -0.904586  0.426289  0.000936  -0.177146  -0.377899  0.908742  -0.040956  0.043474  0.014141  -1.254477  -1.017916  -0.965604  1.000000  
150.263055 0.022439  -0.026130  -0.002448  0.388186  0.822075  0.416537  -0.904084  0.427353  -0.000873  -0.178726  -0.376246  0.909118  -0.040986  0.043577  0.014398  -1.276887  -1.036835  -0.979199  1.000000  
150.264062 0.022398  -0.026087  -0.002431  0.388631  0.822229  0.415818  -0.903580  0.428412  -0.002632  -0.180306  -0.374702  0.909444  -0.040953  0.043699  0.014674  -1.298948  -1.059163  -0.991101  1.000000  
150.265064 0.022358  -0.026043  -0.002412  0.389083  0.822452  0.414954  -0.903095  0.429420  -0.004333  -0.181753  -0.373056  0.909832  -0.040925  0.043736  0.015103  -1.318486  -1.072779  -0.994742  1.000000  
150.266313 0.022308  -0.025988  -0.002391  0.389682  0.822707  0.413885  -0.902437  0.430771  -0.006608  -0.183726  -0.370931  0.910305  -0.040903  0.043766  0.015402  -1.348261  -1.089937  -1.014442  1.000000  
150.267559 0.022257  -0.025935  -0.002368  0.390297  0.822999  0.412724  -0.901821  0.432022  -0.008663  -0.185436  -0.368822  0.910815  -0.040996  0.043587  0.015898  -1.374826  -1.105523  -1.025731  1.000000  
150.268643 0.022217  -0.025892  -0.002349  0.390735  0.823247  0.411813  -0.901306  0.433055  -0.010538  -0.187013  -0.367052  0.911207  -0.040726  0.043222  0.016220  -1.393535  -1.117764  -1.034473  1.000000  
150.269819 0.022165  -0.025840  -0.002326  0.391327  0.823545  0.410654  -0.900638  0.434380  -0.012877  -0.188984  -0.364811  0.911701  -0.041037  0.043257  0.016761  -1.426618  -1.133867  -1.054647  1.000000  
150.271052 0.022113  -0.025788  -0.002302  0.391906  0.823822  0.409546  -0.899942  0.435740  -0.015332  -0.191086  -0.362559  0.912161  -0.041152  0.043154  0.017169  -1.448419  -1.150178  -1.068778  1.000000  
150.272059 0.022070  -0.025747  -0.002282  0.392513  0.823955  0.408694  -0.899313  0.436965  -0.017244  -0.192793  -0.360776  0.912508  -0.041203  0.042916  0.017610  -1.469189  -1.160217  -1.089763  1.000000  
150.273302 0.022018  -0.025696  -0.002257  0.393098  0.824247  0.407544  -0.898633  0.438263  -0.019595  -0.194762  -0.358529  0.912976  -0.041201  0.042696  0.018040  -1.491811  -1.176598  -1.100854  1.000000  
150.274552 0.021965  -0.025645  -0.002233  0.393680  0.824585  0.406296  -0.897949  0.439548  -0.022004  -0.196730  -0.356171  0.913477  -0.041239  0.042451  0.018379  -1.512461  -1.184294  -1.110434  1.000000  
150.275552 0.021923  -0.025604  -0.002212  0.394281  0.824761  0.405353  -0.897310  0.440748  -0.023979  -0.198435  -0.354273  0.913846  -0.041241  0.042298  0.018623  -1.534185  -1.195338  -1.131949  1.000000  
150.276803 0.021871  -0.025554  -0.002187  0.394674  0.825234  0.404006  -0.896700  0.441842  -0.026532  -0.200402  -0.351801  0.914372  -0.041259  0.042116  0.018855  -1.560713  -1.212219  -1.130171  1.000000  
150.278052 0.021819  -0.025502  -0.002162  0.395249  0.825614  0.402666  -0.896005  0.443095  -0.029007  -0.202368  -0.349326  0.914887  -0.041315  0.041891  0.019081  -1.590165  -1.218249  -1.143854  1.000000  
150.279057 0.021779  -0.025462  -0.002141  0.395671  0.825992  0.401475  -0.895463  0.444051  -0.031071  -0.203940  -0.347212  0.915343  -0.041323  0.041684  0.019339  -1.615803  -1.225607  -1.150804  1.000000  
150.280059 0.021737  -0.025422  -0.002119  0.396090  0.826319  0.400386  -0.894917  0.445004  -0.033085  -0.205512  -0.345208  0.915749  -0.041368  0.041447  0.019562  -1.640381  -1.233827  -1.156127  1.000000  
150.281083 0.021696  -0.025382  -0.002095  0.396520  0.826615  0.399349  -0.894395  0.445911  -0.034935  -0.206952  -0.343324  0.916133  -0.041416  0.041031  0.020024  -1.658756  -1.234954  -1.153178  1.000000  
150.282313 0.021643  -0.025334  -0.002065  0.397098  0.827003  0.397969  -0.893713  0.447086  -0.037313  -0.208784  -0.340853  0.916640  -0.041606  0.040790  0.020508  -1.681692  -1.239824  -1.158878  1.000000  
150.283313 0.021600  -0.025295  -0.002040  0.397502  0.827306  0.396935  -0.893134  0.448058  -0.039447  -0.210485  -0.338836  0.916999  -0.042032  0.040707  0.021061  -1.703588  -1.247482  -1.166068  1.000000  
150.284561 0.021547  -0.025248  -0.002009  0.397892  0.827781  0.395551  -0.892527  0.449043  -0.041915  -0.212316  -0.336363  0.917487  -0.041901  0.040206  0.021457  -1.728431  -1.256947  -1.158634  1.000000  
150.285810 0.021492  -0.025202  -0.001977  0.398269  0.828283  0.394119  -0.891890  0.450053  -0.044553  -0.214276  -0.333767  0.917979  -0.042054  0.039726  0.022030  -1.751992  -1.259946  -1.155738  1.000000  
150.286813 0.021449  -0.025164  -0.001951  0.398690  0.828616  0.392990  -0.891355  0.450918  -0.046472  -0.215714  -0.331766  0.918368  -0.042114  0.039494  0.022437  -1.765479  -1.255056  -1.157590  1.000000  
150.288062 0.021395  -0.025118  -0.001918  0.399063  0.829113  0.391561  -0.890712  0.451908  -0.049117  -0.217673  -0.329167  0.918840  -0.042222  0.039169  0.023001  -1.781847  -1.256237  -1.146352  1.000000  
150.289302 0.021340  -0.025071  -0.001885  0.399433  0.829607  0.390134  -0.890065  0.452886  -0.051766  -0.219632  -0.326567  0.919302  -0.042378  0.038889  0.023591  -1.801652  -1.263658  -1.145178  1.000000  
150.290552 0.021287  -0.025024  -0.001850  0.399985  0.830006  0.388719  -0.889332  0.454023  -0.054339  -0.221589  -0.323966  0.919752  -0.042428  0.038667  0.024139  -1.816836  -1.266597  -1.141946  1.000000  
150.291805 0.021233  -0.024977  -0.001814  0.400350  0.830542  0.387195  -0.888677  0.454971  -0.057051  -0.223546  -0.321251  0.920231  -0.042536  0.038388  0.024930  -1.833028  -1.271822  -1.131980  1.000000  
150.293052 0.021179  -0.024929  -0.001778  0.400714  0.831075  0.385673  -0.888019  0.455906  -0.059767  -0.225501  -0.318535  0.920698  -0.042694  0.038214  0.025606  -1.853385  -1.276568  -1.124468  1.000000  
150.294052 0.021135  -0.024891  -0.001746  0.401113  0.831470  0.384403  -0.887440  0.456744  -0.061928  -0.227065  -0.316295  0.921086  -0.042890  0.038052  0.026320  -1.877144  -1.279138  -1.122082  1.000000  
150.295302 0.021081  -0.024845  -0.001707  0.401654  0.831903  0.382897  -0.886693  0.457828  -0.064573  -0.229020  -0.313576  0.921531  -0.043126  0.037852  0.027143  -1.895934  -1.290160  -1.121632  1.000000  
150.296312 0.021036  -0.024808  -0.001673  0.401867  0.832389  0.381617  -0.886191  0.458476  -0.066819  -0.230582  -0.311334  0.921902  -0.043314  0.037620  0.027743  -1.916339  -1.290484  -1.110866  1.000000  
150.297567 0.020980  -0.024763  -0.001631  0.402392  0.832891  0.379965  -0.885409  0.459559  -0.069695  -0.232665  -0.308379  0.922372  -0.043533  0.037423  0.028600  -1.948171  -1.306385  -1.109536  1.000000  
150.298825 0.020924  -0.024718  -0.001589  0.402718  0.833422  0.378452  -0.884676  0.460502  -0.072710  -0.234876  -0.305526  0.922761  -0.043714  0.037179  0.029369  -1.968240  -1.323996  -1.103865  1.000000  
150.300060 0.020866  -0.024672  -0.001545  0.403068  0.834029  0.376738  -0.883996  0.461347  -0.075561  -0.236827  -0.302579  0.923233  -0.044005  0.037110  0.030121  -1.993640  -1.325567  -1.092574  1.000000  
150.301061 0.020819  -0.024636  -0.001509  0.403469  0.834472  0.375325  -0.883429  0.462080  -0.077685  -0.238256  -0.300230  0.923632  -0.044174  0.037061  0.030812  -2.008868  -1.319459  -1.086354  1.000000  
150.302110 0.020773  -0.024599  -0.001471  0.403854  0.834851  0.374067  -0.882831  0.462851  -0.079868  -0.239815  -0.297983  0.923956  -0.044197  0.036890  0.031522  -2.026373  -1.317535  -1.073831  1.000000  
150.303306 0.020715  -0.024552  -0.001423  0.404185  0.835387  0.372510  -0.882112  0.463707  -0.082785  -0.241893  -0.295135  0.924328  -0.044605  0.037052  0.032690  -2.046680  -1.329378  -1.067149  1.000000  
150.304552 0.020656  -0.024505  -0.001372  0.404735  0.835963  0.370614  -0.881396  0.464594  -0.085405  -0.243580  -0.292091  0.924852  -0.044976  0.037128  0.033908  -2.068054  -1.323342  -1.062735  1.000000  
150.305803 0.020597  -0.024456  -0.001320  0.405088  0.836615  0.368754  -0.880729  0.465331  -0.088217  -0.245397  -0.289037  0.925331  -0.045328  0.037196  0.034984  -2.095482  -1.321053  -1.047220  1.000000  
150.307052 0.020537  -0.024407  -0.001267  0.405606  0.837150  0.366965  -0.879946  0.466262  -0.091071  -0.247342  -0.285971  0.925766  -0.045716  0.037321  0.036005  -2.110587  -1.319898  -1.041626  1.000000  
150.308054 0.020489  -0.024368  -0.001222  0.406010  0.837635  0.365408  -0.879395  0.466891  -0.093158  -0.248638  -0.283515  0.926174  -0.046052  0.037420  0.037061  -2.125811  -1.317912  -1.036803  1.000000  
150.309056 0.020440  -0.024329  -0.001178  0.406385  0.838130  0.363854  -0.878780  0.467568  -0.095530  -0.250193  -0.280926  0.926544  -0.046417  0.037502  0.038023  -2.142459  -1.319881  -1.036023  1.000000  
150.310302 0.020378  -0.024279  -0.001120  0.406897  0.838697  0.361970  -0.877988  0.468449  -0.098452  -0.252136  -0.277745  0.926976  -0.046858  0.037697  0.039101  -2.167247  -1.323986  -1.032718  1.000000  
150.311304 0.020327  -0.024241  -0.001074  0.407087  0.839238  0.360500  -0.877452  0.468944  -0.100847  -0.253689  -0.275268  0.927292  -0.047278  0.037836  0.040015  -2.187861  -1.332517  -1.024477  1.000000  
150.312554 0.020263  -0.024192  -0.001015  0.407594  0.839884  0.358415  -0.876653  0.469773  -0.103891  -0.255630  -0.271860  0.927764  -0.047895  0.038111  0.041122  -2.216743  -1.337345  -1.027565  1.000000  
150.313558 0.020211  -0.024153  -0.000966  0.407782  0.840462  0.356845  -0.876112  0.470232  -0.106348  -0.257182  -0.269269  0.928090  -0.048289  0.038236  0.042099  -2.237199  -1.342553  -1.015174  1.000000  
150.314820 0.020145  -0.024104  -0.000904  0.408298  0.841071  0.354812  -0.875338  0.471013  -0.109230  -0.258991  -0.265982  0.928535  -0.048845  0.038539  0.043414  -2.262254  -1.338821  -1.015590  1.000000  
150.316059 0.020078  -0.024055  -0.000839  0.408618  0.841800  0.352710  -0.874613  0.471623  -0.112358  -0.260929  -0.262572  0.928963  -0.049442  0.038774  0.044640  -2.296115  -1.344466  -1.005191  1.000000  
150.317059 0.020024  -0.024014  -0.000786  0.408980  0.842313  0.351062  -0.873979  0.472206  -0.114809  -0.262479  -0.259867  0.929287  -0.050148  0.039101  0.045824  -2.317599  -1.348931  -1.009298  1.000000  
150.318309 0.019956  -0.023962  -0.000718  0.409460  0.842963  0.348936  -0.873132  0.472977  -0.118042  -0.264544  -0.256333  0.929683  -0.050629  0.039350  0.047057  -2.344818  -1.356453  -1.005975  1.000000  
150.319560 0.019886  -0.023909  -0.000649  0.409773  0.843761  0.346632  -0.872396  0.473510  -0.121297  -0.266479  -0.252696  0.930126  -0.051382  0.039695  0.048301  -2.380528  -1.359848  -1.001410  1.000000  
150.320807 0.019816  -0.023855  -0.000580  0.410278  0.844428  0.344403  -0.871605  0.474184  -0.124313  -0.268284  -0.249180  0.930555  -0.052149  0.040057  0.049426  -2.410441  -1.356849  -1.001977  1.000000  
150.322052 0.019744  -0.023801  -0.000510  0.410780  0.845089  0.342176  -0.870811  0.474841  -0.127335  -0.270088  -0.245664  0.930968  -0.052843  0.040436  0.050476  -2.433159  -1.355718  -0.998780  1.000000  
150.323302 0.019671  -0.023746  -0.000438  0.411265  0.845771  0.339901  -0.869981  0.475495  -0.130530  -0.272020  -0.242025  0.931359  -0.053762  0.040860  0.051701  -2.468080  -1.357488  -0.997912  1.000000  
150.324302 0.019611  -0.023702  -0.000378  0.411630  0.846354  0.338003  -0.869364  0.475938  -0.133003  -0.273436  -0.239099  0.931700  -0.054536  0.041162  0.052631  -2.491702  -1.360208  -0.994082  1.000000  
150.325552 0.019533  -0.023649  -0.000303  0.412305  0.846940  0.335706  -0.868475  0.476705  -0.136025  -0.275237  -0.235468  0.932094  -0.055585  0.041461  0.053844  -2.516121  -1.351455  -0.999762  1.000000  
150.326802 0.019452  -0.023596  -0.000225  0.412797  0.847657  0.333280  -0.867668  0.477264  -0.139178  -0.277038  -0.231724  0.932499  -0.056620  0.041746  0.054994  -2.548558  -1.351108  -0.993995  1.000000  
150.328059 0.019372  -0.023542  -0.000145  0.413304  0.848301  0.331007  -0.866892  0.477812  -0.142107  -0.278708  -0.228214  0.932866  -0.057762  0.042071  0.056513  -2.564891  -1.330456  -0.988961  1.000000  
150.329067 0.019307  -0.023499  -0.000079  0.413662  0.848863  0.329114  -0.866265  0.478202  -0.144592  -0.280122  -0.225288  0.933154  -0.058475  0.042321  0.057526  -2.585769  -1.326536  -0.990035  1.000000  
150.330325 0.019224  -0.023444  0.000005  0.414180  0.849547  0.326687  -0.865518  0.478676  -0.147473  -0.281663  -0.221673  0.933556  -0.059636  0.042672  0.058899  -2.608144  -1.320776  -0.982427  1.000000  
150.331559 0.019141  -0.023389  0.000091  0.414502  0.850349  0.324182  -0.864819  0.478968  -0.150595  -0.283331  -0.217936  0.933931  -0.060799  0.043137  0.060325  -2.640989  -1.316201  -0.975747  1.000000  
150.332562 0.019073  -0.023343  0.000159  0.414889  0.850999  0.321976  -0.864254  0.479231  -0.152979  -0.284486  -0.214800  0.934307  -0.061637  0.043445  0.061304  -2.668426  -1.305896  -0.968104  1.000000  
150.333809 0.018988  -0.023286  0.000246  0.415418  0.851713  0.319394  -0.863534  0.479615  -0.155815  -0.285896  -0.211079  0.934724  -0.062757  0.043733  0.062540  -2.698979  -1.290524  -0.965417  1.000000  
150.334810 0.018917  -0.023240  0.000316  0.415641  0.852422  0.317206  -0.863087  0.479673  -0.158099  -0.286922  -0.208064  0.935086  -0.063792  0.043961  0.063677  -2.719533  -1.285911  -0.952436  1.000000  
150.336064 0.018829  -0.023180  0.000406  0.416167  0.853121  0.314625  -0.862363  0.480029  -0.160941  -0.288332  -0.204342  0.935473  -0.064923  0.044233  0.064863  -2.742580  -1.271755  -0.942906  1.000000  
150.337302 0.018739  -0.023121  0.000498  0.416532  0.853885  0.312060  -0.861758  0.480190  -0.163680  -0.289612  -0.200742  0.935856  -0.066192  0.044602  0.066393  -2.760933  -1.259921  -0.927569  1.000000  
150.338302 0.018665  -0.023073  0.000573  0.416928  0.854514  0.309801  -0.861221  0.480370  -0.165963  -0.290637  -0.197612  0.936205  -0.067157  0.044897  0.067494  -2.784655  -1.249600  -0.920335  1.000000  
150.339302 0.018590  -0.023026  0.000649  0.417147  0.855236  0.307507  -0.860768  0.480363  -0.168311  -0.291661  -0.194482  0.936542  -0.068057  0.045117  0.068489  -2.810248  -1.236546  -0.905601  1.000000  
150.340552 0.018494  -0.022967  0.000744  0.417508  0.856089  0.304630  -0.860159  0.480423  -0.171231  -0.292940  -0.190540  0.936953  -0.069221  0.045487  0.069849  -2.837850  -1.218145  -0.895302  1.000000  
150.341552 0.018417  -0.022919  0.000821  0.417725  0.856760  0.302438  -0.859704  0.480414  -0.173524  -0.293964  -0.187522  0.937241  -0.070210  0.045864  0.070958  -2.851282  -1.205010  -0.880706  1.000000  
150.342802 0.018319  -0.022859  0.000920  0.418083  0.857560  0.299664  -0.859092  0.480467  -0.176389  -0.295242  -0.183693  0.937597  -0.071387  0.046298  0.072279  -2.869286  -1.187713  -0.873456  1.000000  
150.344058 0.018222  -0.022797  0.001021  0.418457  0.858397  0.296729  -0.858513  0.480460  -0.179201  -0.296392  -0.179758  0.937997  -0.072335  0.046836  0.073369  -2.895746  -1.171368  -0.857474  1.000000  
150.345302 0.018124  -0.022734  0.001123  0.418848  0.859234  0.293739  -0.857969  0.480417  -0.181903  -0.297415  -0.175830  0.938418  -0.073447  0.047411  0.074676  -2.914454  -1.144026  -0.845392  1.000000  
150.346309 0.018045  -0.022684  0.001205  0.419255  0.859859  0.291319  -0.857459  0.480473  -0.184144  -0.298309  -0.172591  0.938735  -0.074214  0.047752  0.075490  -2.939349  -1.122744  -0.833519  1.000000  
150.347559 0.017946  -0.022620  0.001309  0.419644  0.860643  0.288432  -0.856913  0.480426  -0.186791  -0.299330  -0.168775  0.939104  -0.075176  0.048215  0.076679  -2.950700  -1.094637  -0.817600  1.000000  
150.348809 0.017846  -0.022556  0.001414  0.419856  0.861550  0.285401  -0.856452  0.480165  -0.189556  -0.300351  -0.164846  0.939476  -0.076244  0.048700  0.078004  -2.968952  -1.069180  -0.800104  1.000000  
150.349810 0.017765  -0.022503  0.001500  0.420261  0.862117  0.283083  -0.855940  0.480210  -0.191743  -0.301245  -0.161720  0.939733  -0.076816  0.049103  0.078896  -2.978106  -1.047085  -0.788377  1.000000  
150.351057 0.017663  -0.022437  0.001608  0.420488  0.863082  0.279784  -0.855513  0.479856  -0.194514  -0.302137  -0.157568  0.940152  -0.077783  0.049543  0.080205  -3.004912  -1.022016  -0.764108  1.000000  
150.352062 0.017580  -0.022385  0.001696  0.420909  0.863676  0.277306  -0.855035  0.479837  -0.196649  -0.302903  -0.154335  0.940442  -0.078490  0.049872  0.081149  -3.015759  -1.002248  -0.755759  1.000000  
150.353304 0.017476  -0.022319  0.001808  0.421294  0.864479  0.274205  -0.854484  0.479677  -0.199418  -0.303923  -0.150290  0.940768  -0.079314  0.050294  0.082473  -3.038198  -0.976096  -0.738853  1.000000  
150.354552 0.017370  -0.022254  0.001919  0.421713  0.865287  0.270991  -0.854004  0.479465  -0.201963  -0.304687  -0.146257  0.941156  -0.080090  0.050750  0.083530  -3.053216  -0.948970  -0.724634  1.000000  
150.355552 0.017285  -0.022201  0.002010  0.421956  0.865954  0.268470  -0.853611  0.479236  -0.204158  -0.305452  -0.143023  0.941405  -0.080582  0.051038  0.084339  -3.068683  -0.932045  -0.704099  1.000000  
150.356552 0.017200  -0.022148  0.002099  0.422393  0.866588  0.265724  -0.853167  0.479109  -0.206301  -0.306089  -0.139566  0.941717  -0.081104  0.051381  0.085193  -3.087720  -0.904146  -0.691927  1.000000  
150.357802 0.017094  -0.022081  0.002214  0.422792  0.867389  0.262458  -0.852649  0.478853  -0.209020  -0.306980  -0.135412  0.942033  -0.081682  0.051856  0.086224  -3.114220  -0.881901  -0.676618  1.000000  
