1-Time 2-Px 3-Py 4-Pz 5-R11 6-R21 7-R31 8-R12 9-R22 10-R32 11-R13 12-R23 13-R33 14-Vx 15-Vy 16-Vz 17-Wx 18-Wy 19-Wz 20-state
188.320731 -0.004782  -0.024559  -0.017794  0.879040  0.237952  0.413119  -0.475134  0.508495  0.718109  -0.039193  -0.827534  0.560047  -0.001542  -0.002590  -0.006908  0.000000  0.000000  0.000000  1.000000  
188.321895 -0.004781  -0.024565  -0.017804  0.879035  0.237855  0.413185  -0.475132  0.508547  0.718073  -0.039327  -0.827529  0.560044  0.000865  -0.005849  -0.009769  0.000000  0.000000  0.000000  1.000000  
188.322986 -0.004773  -0.024562  -0.017802  0.879031  0.237758  0.413251  -0.475129  0.508600  0.718038  -0.039460  -0.827525  0.560041  0.004166  -0.001423  -0.003789  0.000000  0.000000  0.000000  1.000000  
188.324144 -0.004763  -0.024555  -0.017793  0.879129  0.237703  0.413074  -0.474948  0.508736  0.718061  -0.039460  -0.827457  0.560141  0.005705  0.001367  0.000268  0.000000  0.000000  0.000000  1.000000  
188.325391 -0.004757  -0.024551  -0.017790  0.879124  0.237656  0.413111  -0.474946  0.508876  0.717964  -0.039594  -0.827385  0.560238  0.005479  0.001852  0.000917  0.000000  0.000000  0.000000  1.000000  
188.326392 -0.004754  -0.024550  -0.017790  0.879119  0.237608  0.413148  -0.474943  0.509015  0.717867  -0.039728  -0.827312  0.560336  0.005049  0.001784  0.000629  0.000000  0.000000  0.000000  1.000000  
188.327641 -0.004747  -0.024542  -0.017793  0.879119  0.237658  0.413119  -0.474943  0.509103  0.717805  -0.039728  -0.827244  0.560436  0.005166  0.002548  0.000136  0.000000  0.000000  0.000000  1.000000  
188.328642 -0.004741  -0.024534  -0.017797  0.879115  0.237611  0.413157  -0.474941  0.509242  0.717707  -0.039861  -0.827172  0.560533  0.005205  0.003318  -0.000453  0.000000  0.000000  0.000000  1.000000  
188.329643 -0.004737  -0.024526  -0.017804  0.879017  0.237766  0.413276  -0.475122  0.509280  0.717561  -0.039861  -0.827104  0.560634  0.005064  0.003774  -0.001132  0.000000  0.000000  0.000000  1.000000  
188.330915 -0.004736  -0.024521  -0.017809  0.879017  0.237816  0.413247  -0.475122  0.509367  0.717499  -0.039861  -0.827036  0.560734  0.004567  0.003800  -0.001566  0.000000  0.000000  0.000000  1.000000  
188.332145 -0.004736  -0.024518  -0.017810  0.879017  0.237866  0.413218  -0.475122  0.509454  0.717437  -0.039861  -0.826968  0.560834  0.004018  0.003646  -0.001457  0.000000  0.000000  0.000000  1.000000  
188.333145 -0.004735  -0.024513  -0.017811  0.879017  0.237866  0.413218  -0.475122  0.509454  0.717437  -0.039861  -0.826968  0.560834  0.003834  0.003787  -0.001374  0.000000  0.000000  0.000000  1.000000  
188.334393 -0.004729  -0.024501  -0.017813  0.878919  0.237971  0.413365  -0.475302  0.509405  0.717352  -0.039861  -0.826968  0.560834  0.003915  0.004335  -0.001387  0.000000  0.000000  0.000000  1.000000  
188.335407 -0.004723  -0.024489  -0.017810  0.878821  0.238076  0.413513  -0.475483  0.509356  0.717267  -0.039861  -0.826968  0.560834  0.004070  0.004820  -0.001139  0.000000  0.000000  0.000000  1.000000  
188.336647 -0.004712  -0.024473  -0.017801  0.878719  0.238034  0.413756  -0.475662  0.509273  0.717208  -0.039995  -0.827031  0.560731  0.004665  0.006106  0.000079  0.000000  0.000000  0.000000  1.000000  
188.337647 -0.004701  -0.024458  -0.017792  0.878719  0.238034  0.413756  -0.475662  0.509273  0.717208  -0.039995  -0.827031  0.560731  0.004930  0.007110  0.000680  0.000000  0.000000  0.000000  1.000000  
188.338649 -0.004688  -0.024443  -0.017784  0.878621  0.238138  0.413903  -0.475843  0.509224  0.717122  -0.039995  -0.827031  0.560731  0.005173  0.007664  0.000749  0.000000  0.000000  0.000000  1.000000  
188.339893 -0.004675  -0.024422  -0.017781  0.878621  0.238138  0.413903  -0.475843  0.509224  0.717122  -0.039995  -0.827031  0.560731  0.005606  0.008812  0.000654  0.000000  0.000000  0.000000  1.000000  
188.341144 -0.004666  -0.024401  -0.017783  0.878527  0.238391  0.413956  -0.476026  0.509209  0.717011  -0.039861  -0.826968  0.560834  0.005925  0.010103  0.000518  0.000000  0.000000  0.000000  1.000000  
188.342395 -0.004660  -0.024379  -0.017783  0.878527  0.238441  0.413927  -0.476026  0.509296  0.716949  -0.039861  -0.826900  0.560935  0.005897  0.011081  0.000685  0.000000  0.000000  0.000000  1.000000  
188.343395 -0.004654  -0.024362  -0.017779  0.878429  0.238546  0.414075  -0.476207  0.509247  0.716864  -0.039861  -0.826900  0.560935  0.005927  0.011665  0.001230  0.000000  0.000000  0.000000  1.000000  
188.344396 -0.004650  -0.024347  -0.017770  0.878429  0.238646  0.414017  -0.476207  0.509421  0.716741  -0.039861  -0.826764  0.561135  0.005897  0.012141  0.002281  0.000000  0.000000  0.000000  1.000000  
188.345426 -0.004651  -0.024336  -0.017756  0.878331  0.238801  0.414135  -0.476388  0.509459  0.716594  -0.039861  -0.826696  0.561236  0.005786  0.012589  0.003583  0.000000  0.000000  0.000000  1.000000  
188.346643 -0.004652  -0.024321  -0.017734  0.878331  0.238852  0.414106  -0.476388  0.509546  0.716532  -0.039861  -0.826628  0.561336  0.005640  0.013244  0.005101  0.000000  0.000000  0.000000  1.000000  
188.347643 -0.004653  -0.024308  -0.017716  0.878327  0.238805  0.414144  -0.476385  0.509685  0.716434  -0.039995  -0.826555  0.561433  0.005515  0.013894  0.006284  0.000000  0.000000  0.000000  1.000000  
188.348645 -0.004650  -0.024290  -0.017705  0.878327  0.238855  0.414115  -0.476385  0.509772  0.716372  -0.039995  -0.826487  0.561533  0.005506  0.014572  0.007073  0.000000  0.000000  0.000000  1.000000  
188.349675 -0.004644  -0.024270  -0.017698  0.878327  0.238855  0.414115  -0.476385  0.509772  0.716372  -0.039995  -0.826487  0.561533  0.005524  0.015205  0.007672  0.000000  0.000000  0.000000  1.000000  
188.350894 -0.004636  -0.024246  -0.017690  0.878331  0.239002  0.414020  -0.476388  0.509806  0.716346  -0.039861  -0.826423  0.561637  0.005531  0.015789  0.007932  0.000000  0.000000  0.000000  1.000000  
188.351899 -0.004629  -0.024229  -0.017684  0.878327  0.238905  0.414086  -0.476385  0.509859  0.716311  -0.039995  -0.826419  0.561634  0.005270  0.015987  0.007683  0.000000  0.000000  0.000000  1.000000  
188.353146 -0.004623  -0.024210  -0.017678  0.878327  0.238955  0.414057  -0.476385  0.509946  0.716249  -0.039995  -0.826351  0.561734  0.004639  0.016036  0.007313  0.000000  0.000000  0.000000  1.000000  
188.354395 -0.004617  -0.024190  -0.017674  0.878224  0.238963  0.414270  -0.476563  0.509950  0.716128  -0.040129  -0.826346  0.561731  0.004107  0.016058  0.007222  0.000000  0.000000  0.000000  1.000000  
188.355399 -0.004614  -0.024174  -0.017671  0.878219  0.238866  0.414336  -0.476561  0.510002  0.716092  -0.040263  -0.826342  0.561728  0.003795  0.015943  0.007350  0.000000  0.000000  0.000000  1.000000  
188.356643 -0.004612  -0.024159  -0.017666  0.878219  0.238866  0.414336  -0.476561  0.510002  0.716092  -0.040263  -0.826342  0.561728  0.003447  0.015559  0.007785  0.000000  0.000000  0.000000  1.000000  
188.357644 -0.004614  -0.024149  -0.017658  0.878219  0.238866  0.414336  -0.476561  0.510002  0.716092  -0.040263  -0.826342  0.561728  0.002890  0.014986  0.008413  0.000000  0.000000  0.000000  1.000000  
188.358893 -0.004620  -0.024141  -0.017643  0.878219  0.238916  0.414307  -0.476561  0.510089  0.716030  -0.040263  -0.826274  0.561828  0.002136  0.014197  0.008835  0.000000  0.000000  0.000000  1.000000  
188.360149 -0.004624  -0.024131  -0.017626  0.878219  0.238966  0.414278  -0.476561  0.510176  0.715968  -0.040263  -0.826205  0.561928  0.001841  0.013947  0.008820  0.000000  0.000000  0.000000  1.000000  
188.361397 -0.004626  -0.024117  -0.017610  0.878214  0.238919  0.414315  -0.476558  0.510316  0.715870  -0.040396  -0.826133  0.562025  0.001776  0.013880  0.008357  0.000000  0.000000  0.000000  1.000000  
188.362643 -0.004626  -0.024100  -0.017600  0.878111  0.238978  0.414500  -0.476737  0.510406  0.715687  -0.040530  -0.826060  0.562123  0.001823  0.013875  0.007778  0.000000  0.000000  0.000000  1.000000  
188.363643 -0.004623  -0.024085  -0.017595  0.878111  0.239028  0.414471  -0.476737  0.510493  0.715625  -0.040530  -0.825992  0.562223  0.001773  0.013683  0.007338  0.000000  0.000000  0.000000  1.000000  
188.364893 -0.004618  -0.024064  -0.017588  0.878107  0.239031  0.414479  -0.476734  0.510719  0.715465  -0.040664  -0.825851  0.562420  0.001534  0.013324  0.007164  0.000000  0.000000  0.000000  1.000000  
188.365897 -0.004614  -0.024047  -0.017578  0.878102  0.239035  0.414487  -0.476731  0.510945  0.715306  -0.040797  -0.825710  0.562617  0.001417  0.013227  0.007478  0.000000  0.000000  0.000000  1.000000  
188.366900 -0.004610  -0.024030  -0.017564  0.878097  0.239038  0.414495  -0.476729  0.511172  0.715146  -0.040931  -0.825569  0.562815  0.001283  0.013284  0.008023  0.000000  0.000000  0.000000  1.000000  
188.368152 -0.004608  -0.024012  -0.017544  0.878092  0.239042  0.414503  -0.476726  0.511398  0.714986  -0.041065  -0.825428  0.563012  0.000978  0.013158  0.008995  0.000000  0.000000  0.000000  1.000000  
188.369405 -0.004606  -0.023997  -0.017523  0.877989  0.239151  0.414659  -0.476904  0.511575  0.714740  -0.041198  -0.825287  0.563209  0.000642  0.012764  0.010187  0.000000  0.000000  0.000000  1.000000  
188.370649 -0.004607  -0.023983  -0.017504  0.877886  0.239260  0.414814  -0.477082  0.511751  0.714495  -0.041332  -0.825146  0.563406  0.000334  0.012500  0.011217  0.000000  0.000000  0.000000  1.000000  
188.371896 -0.004610  -0.023971  -0.017488  0.877778  0.239322  0.415007  -0.477258  0.512068  0.714151  -0.041599  -0.824931  0.563700  0.000199  0.012414  0.011817  0.000000  0.000000  0.000000  1.000000  
188.373143 -0.004613  -0.023959  -0.017475  0.877675  0.239431  0.415162  -0.477436  0.512244  0.713905  -0.041733  -0.824790  0.563897  0.000198  0.012474  0.011902  0.000000  0.000000  0.000000  1.000000  
188.374395 -0.004613  -0.023947  -0.017462  0.877468  0.239599  0.415501  -0.477792  0.512511  0.713476  -0.042000  -0.824576  0.564191  0.000646  0.012741  0.011557  0.000000  0.000000  0.000000  1.000000  
188.375646 -0.004610  -0.023932  -0.017451  0.877262  0.239768  0.415840  -0.478148  0.512777  0.713046  -0.042268  -0.824361  0.564484  0.001034  0.012932  0.011161  0.000000  0.000000  0.000000  1.000000  
188.376893 -0.004605  -0.023912  -0.017441  0.877055  0.239937  0.416179  -0.478503  0.513043  0.712616  -0.042535  -0.824146  0.564778  0.001441  0.013192  0.010952  0.000000  0.000000  0.000000  1.000000  
188.377894 -0.004599  -0.023895  -0.017432  0.876848  0.240056  0.416547  -0.478859  0.513223  0.712247  -0.042802  -0.824000  0.564971  0.001734  0.013384  0.011094  -0.149544  -0.132091  -0.023254  1.000000  
188.379143 -0.004593  -0.023875  -0.017416  0.876635  0.240128  0.416952  -0.479212  0.513542  0.711780  -0.043204  -0.823780  0.565261  0.001885  0.013429  0.011794  -0.159563  -0.152247  -0.026765  1.000000  
188.380145 -0.004589  -0.023858  -0.017399  0.876428  0.240298  0.417290  -0.479567  0.513808  0.711349  -0.043471  -0.823564  0.565555  0.001799  0.013416  0.012488  -0.168306  -0.171289  -0.030070  1.000000  
188.381393 -0.004584  -0.023837  -0.017372  0.876121  0.240574  0.417775  -0.480103  0.514024  0.710831  -0.043738  -0.823349  0.565848  0.001830  0.013386  0.013334  -0.179938  -0.189385  -0.021866  1.000000  
188.382394 -0.004580  -0.023820  -0.017349  0.875913  0.240796  0.418083  -0.480458  0.514375  0.710337  -0.044006  -0.823065  0.566240  0.001896  0.013486  0.013797  -0.192667  -0.205750  -0.021431  1.000000  
188.383394 -0.004578  -0.023803  -0.017329  0.875710  0.241114  0.418325  -0.480815  0.514674  0.709879  -0.044139  -0.822785  0.566636  0.001938  0.013703  0.014074  -0.209391  -0.219550  -0.017314  1.000000  
188.384395 -0.004577  -0.023788  -0.017310  0.875403  0.241442  0.418779  -0.481351  0.514975  0.709297  -0.044407  -0.822500  0.567029  0.001935  0.013994  0.014195  -0.228066  -0.235335  -0.013306  1.000000  
188.385413 -0.004578  -0.023771  -0.017294  0.875189  0.241619  0.419124  -0.481702  0.515465  0.708702  -0.044808  -0.822141  0.567517  0.002012  0.014381  0.014216  -0.248942  -0.251679  -0.012834  1.000000  
188.386648 -0.004577  -0.023748  -0.017278  0.874875  0.242005  0.419556  -0.482234  0.516076  0.707896  -0.045209  -0.821644  0.568205  0.002278  0.015083  0.014219  -0.278536  -0.276548  -0.012134  1.000000  
188.387896 -0.004574  -0.023724  -0.017262  0.874462  0.242447  0.420162  -0.482945  0.516550  0.707064  -0.045610  -0.821216  0.568792  0.002640  0.015925  0.014428  -0.304239  -0.306994  -0.007513  1.000000  
188.389147 -0.004570  -0.023699  -0.017242  0.874147  0.242835  0.420592  -0.483477  0.517160  0.706255  -0.046010  -0.820717  0.569479  0.002889  0.016821  0.014902  -0.329644  -0.331728  -0.006743  1.000000  
188.390399 -0.004566  -0.023673  -0.017218  0.873827  0.243127  0.421089  -0.484004  0.517822  0.705408  -0.046545  -0.820213  0.570161  0.003017  0.017544  0.015827  -0.355035  -0.358967  -0.009654  1.000000  
188.391644 -0.004560  -0.023646  -0.017193  0.873412  0.243624  0.421663  -0.484715  0.518380  0.704510  -0.046946  -0.819713  0.570847  0.003005  0.018075  0.016847  -0.380575  -0.381247  -0.005134  1.000000  
188.392893 -0.004554  -0.023616  -0.017168  0.873090  0.243919  0.422158  -0.485242  0.519040  0.703660  -0.047481  -0.819208  0.571528  0.002987  0.018603  0.017545  -0.402684  -0.402609  -0.004258  1.000000  
188.393893 -0.004549  -0.023593  -0.017150  0.872768  0.244113  0.422712  -0.485768  0.519529  0.702936  -0.048015  -0.818840  0.572010  0.002987  0.019114  0.018016  -0.415773  -0.429628  -0.007098  1.000000  
188.395143 -0.004544  -0.023566  -0.017127  0.872245  0.244676  0.423465  -0.486654  0.520172  0.701847  -0.048550  -0.818263  0.572790  0.002988  0.019500  0.018085  -0.441713  -0.465474  0.001629  1.000000  
188.396145 -0.004542  -0.023544  -0.017111  0.871921  0.244923  0.423988  -0.487180  0.520745  0.701057  -0.049084  -0.817825  0.573370  0.002891  0.019842  0.017701  -0.462740  -0.494053  0.002562  1.000000  
188.397393 -0.004539  -0.023516  -0.017091  0.871491  0.245339  0.424632  -0.487882  0.521575  0.699951  -0.049753  -0.817171  0.574244  0.002778  0.020259  0.017239  -0.492684  -0.522682  0.003772  1.000000  
188.398411 -0.004537  -0.023494  -0.017077  0.871272  0.245628  0.424913  -0.488231  0.522228  0.699220  -0.050153  -0.816667  0.574926  0.002816  0.020716  0.016647  -0.513349  -0.537647  0.000665  1.000000  
188.399643 -0.004536  -0.023465  -0.017061  0.870841  0.246046  0.425556  -0.488931  0.523055  0.698111  -0.050822  -0.816011  0.575797  0.002779  0.021266  0.016354  -0.543093  -0.566109  0.001957  1.000000  
188.400644 -0.004535  -0.023442  -0.017048  0.870515  0.246402  0.426017  -0.489456  0.523794  0.697189  -0.051356  -0.815430  0.576573  0.002849  0.021686  0.016298  -0.568187  -0.585041  -0.000868  1.000000  
188.401649 -0.004535  -0.023419  -0.017030  0.870188  0.246811  0.426447  -0.489980  0.524616  0.696202  -0.051891  -0.814777  0.577447  0.002767  0.022054  0.016614  -0.598089  -0.606257  0.000063  1.000000  
188.402901 -0.004533  -0.023386  -0.017004  0.869748  0.247191  0.427124  -0.490675  0.525577  0.694986  -0.052692  -0.814042  0.578411  0.002754  0.022602  0.017234  -0.631825  -0.636026  -0.006089  1.000000  
188.404148 -0.004530  -0.023351  -0.016972  0.869312  0.247721  0.427703  -0.491374  0.526568  0.693742  -0.053360  -0.813241  0.579476  0.002623  0.023228  0.017954  -0.665439  -0.655180  -0.008703  1.000000  
188.405401 -0.004527  -0.023315  -0.016941  0.868870  0.248158  0.428348  -0.492068  0.527610  0.692457  -0.054162  -0.812432  0.580535  0.002573  0.023913  0.018444  -0.698961  -0.676774  -0.014969  1.000000  
188.406646 -0.004524  -0.023278  -0.016912  0.868528  0.248541  0.428820  -0.492583  0.528785  0.691193  -0.054964  -0.811550  0.581692  0.002419  0.024539  0.018640  -0.736326  -0.692806  -0.025125  1.000000  
188.407893 -0.004520  -0.023239  -0.016889  0.868077  0.248941  0.429501  -0.493273  0.529960  0.689800  -0.055899  -0.810661  0.582842  0.002220  0.025165  0.018590  -0.771703  -0.711148  -0.034716  1.000000  
188.408894 -0.004518  -0.023208  -0.016873  0.867733  0.249277  0.430001  -0.493787  0.531047  0.688595  -0.056700  -0.809846  0.583897  0.002059  0.025751  0.018365  -0.811469  -0.730537  -0.041466  1.000000  
188.410143 -0.004517  -0.023170  -0.016854  0.867286  0.249828  0.430582  -0.494478  0.532248  0.687171  -0.057502  -0.808887  0.585146  0.001834  0.026348  0.018240  -0.846197  -0.746017  -0.047113  1.000000  
188.411144 -0.004517  -0.023142  -0.016838  0.866940  0.250116  0.431111  -0.494991  0.533248  0.686025  -0.058303  -0.808139  0.586099  0.001671  0.026851  0.018157  -0.882112  -0.762646  -0.061618  1.000000  
188.412145 -0.004518  -0.023114  -0.016821  0.866593  0.250459  0.431609  -0.495503  0.534330  0.684813  -0.059105  -0.807318  0.587149  0.001385  0.027267  0.018317  -0.911275  -0.778683  -0.071624  1.000000  
188.413393 -0.004520  -0.023079  -0.016798  0.866034  0.251035  0.432396  -0.496367  0.535526  0.683251  -0.060039  -0.806346  0.588389  0.001146  0.027659  0.018677  -0.941545  -0.804584  -0.080186  1.000000  
188.414393 -0.004521  -0.023051  -0.016779  0.865583  0.251440  0.433063  -0.497056  0.536469  0.682010  -0.060841  -0.805593  0.589338  0.000997  0.028004  0.018975  -0.966516  -0.820580  -0.090091  1.000000  
188.415396 -0.004522  -0.023022  -0.016759  0.865124  0.251806  0.433768  -0.497740  0.537547  0.680661  -0.061776  -0.804759  0.590378  0.000876  0.028419  0.019436  -0.992434  -0.842601  -0.095944  1.000000  
188.416402 -0.004523  -0.022992  -0.016738  0.864663  0.252229  0.434440  -0.498423  0.538705  0.679244  -0.062710  -0.803852  0.591514  0.000829  0.028816  0.019807  -1.021200  -0.865209  -0.106342  1.000000  
188.417643 -0.004521  -0.022953  -0.016711  0.864194  0.252719  0.435089  -0.499101  0.540161  0.677588  -0.063779  -0.802720  0.592936  0.000831  0.029303  0.019892  -1.054195  -0.876852  -0.118605  1.000000  
188.418646 -0.004519  -0.022920  -0.016690  0.863723  0.253055  0.435828  -0.499778  0.541368  0.676124  -0.064847  -0.801801  0.594063  0.000823  0.029684  0.019707  -1.079223  -0.898094  -0.135413  1.000000  
188.419647 -0.004516  -0.022887  -0.016670  0.863155  0.253651  0.436606  -0.500636  0.542548  0.674541  -0.065781  -0.800814  0.595290  0.000870  0.030050  0.019135  -1.113806  -0.927376  -0.141988  1.000000  
188.420896 -0.004512  -0.022843  -0.016648  0.862570  0.254278  0.437396  -0.501484  0.544159  0.672610  -0.066983  -0.799521  0.596892  0.000838  0.030481  0.018669  -1.155972  -0.951945  -0.150819  1.000000  
188.421897 -0.004510  -0.022807  -0.016631  0.861991  0.254897  0.438177  -0.502335  0.545550  0.670847  -0.068051  -0.798375  0.598302  0.000854  0.030846  0.018369  -1.198240  -0.976645  -0.159837  1.000000  
188.423143 -0.004508  -0.022763  -0.016608  0.861291  0.255661  0.439109  -0.503353  0.547316  0.668641  -0.069386  -0.796921  0.600085  0.000731  0.031241  0.018396  -1.248505  -1.003803  -0.172036  1.000000  
188.424150 -0.004507  -0.022727  -0.016588  0.860604  0.256455  0.439991  -0.504379  0.548726  0.666710  -0.070453  -0.795695  0.601586  0.000639  0.031512  0.018782  -1.294862  -1.031111  -0.173098  1.000000  
188.425415 -0.004508  -0.022685  -0.016558  0.859785  0.257253  0.441123  -0.505565  0.550482  0.664360  -0.071922  -0.794223  0.603355  0.000533  0.031850  0.019499  -1.340980  -1.066098  -0.184551  1.000000  
188.426643 -0.004509  -0.022643  -0.016526  0.858868  0.258318  0.442287  -0.506931  0.552205  0.661884  -0.073256  -0.792680  0.605221  0.000574  0.032375  0.020253  -1.389263  -1.102755  -0.184653  1.000000  
188.427893 -0.004510  -0.022602  -0.016494  0.857816  0.259232  0.443790  -0.508456  0.554029  0.659185  -0.074991  -0.791107  0.607063  0.000640  0.032831  0.020865  -1.441279  -1.152162  -0.191350  1.000000  
188.429143 -0.004509  -0.022559  -0.016464  0.856882  0.260224  0.445013  -0.509811  0.555791  0.656650  -0.076458  -0.789544  0.608913  0.000761  0.033284  0.021264  -1.489134  -1.198944  -0.194185  1.000000  
188.430395 -0.004505  -0.022514  -0.016439  0.856049  0.261164  0.446065  -0.510987  0.557679  0.654130  -0.077926  -0.787901  0.610852  0.001130  0.033883  0.021324  -1.532102  -1.230021  -0.199322  1.000000  
188.431396 -0.004501  -0.022478  -0.016420  0.855230  0.262076  0.447098  -0.512172  0.559135  0.651957  -0.079126  -0.786565  0.612417  0.001435  0.034303  0.021230  -1.567025  -1.260481  -0.203122  1.000000  
188.432644 -0.004494  -0.022432  -0.016398  0.854189  0.263407  0.448306  -0.513700  0.560925  0.649211  -0.080460  -0.784843  0.614448  0.001827  0.034732  0.020871  -1.618150  -1.301169  -0.198040  1.000000  
188.433645 -0.004488  -0.022397  -0.016380  0.853258  0.264503  0.449432  -0.515056  0.562393  0.646863  -0.081660  -0.783423  0.616100  0.002032  0.034924  0.020658  -1.657776  -1.339612  -0.189715  1.000000  
188.434901 -0.004480  -0.022351  -0.016356  0.852286  0.265468  0.450706  -0.516386  0.564383  0.644063  -0.083393  -0.781664  0.618100  0.002305  0.035152  0.020724  -1.711040  -1.389063  -0.193404  1.000000  
188.436148 -0.004472  -0.022306  -0.016331  0.851212  0.266703  0.452004  -0.517894  0.566334  0.641133  -0.084993  -0.779831  0.620194  0.002632  0.035149  0.020910  -1.759741  -1.433430  -0.191263  1.000000  
188.437149 -0.004467  -0.022271  -0.016309  0.850367  0.267673  0.453020  -0.519061  0.567966  0.638742  -0.086326  -0.778310  0.621918  0.002811  0.035111  0.021193  -1.803716  -1.474581  -0.185917  1.000000  
188.438396 -0.004461  -0.022229  -0.016281  0.849274  0.268894  0.454345  -0.520556  0.570029  0.635679  -0.088059  -0.776378  0.624086  0.003164  0.035014  0.021582  -1.852604  -1.518845  -0.183244  1.000000  
188.439644 -0.004455  -0.022188  -0.016251  0.848284  0.270065  0.455498  -0.521873  0.572214  0.632629  -0.089792  -0.774361  0.626340  0.003565  0.034846  0.021727  -1.905103  -1.557588  -0.184471  1.000000  
188.440894 -0.004450  -0.022145  -0.016221  0.847300  0.271391  0.456542  -0.523193  0.574410  0.629541  -0.091391  -0.772269  0.628687  0.003998  0.034883  0.021573  -1.961654  -1.593597  -0.181858  1.000000  
188.442143 -0.004443  -0.022102  -0.016194  0.846074  0.273011  0.457847  -0.524845  0.576894  0.625884  -0.093256  -0.769843  0.631384  0.004534  0.035030  0.021165  -2.027396  -1.640508  -0.175430  1.000000  
188.443393 -0.004434  -0.022057  -0.016171  0.845178  0.274321  0.458719  -0.525977  0.579401  0.622609  -0.094987  -0.767491  0.633983  0.005103  0.035207  0.020671  -2.099375  -1.673718  -0.185968  1.000000  
188.444643 -0.004424  -0.022011  -0.016149  0.844288  0.275729  0.459512  -0.527113  0.581840  0.619365  -0.096586  -0.765138  0.636581  0.005562  0.035361  0.020294  -2.167546  -1.693415  -0.183938  1.000000  
188.445644 -0.004415  -0.021974  -0.016131  0.843504  0.276691  0.460373  -0.528073  0.583873  0.616629  -0.098184  -0.763239  0.638613  0.005944  0.035397  0.020179  -2.209312  -1.715180  -0.191130  1.000000  
188.446893 -0.004404  -0.021929  -0.016107  0.842378  0.278330  0.461445  -0.529543  0.586301  0.613054  -0.099914  -0.760778  0.641275  0.006271  0.035386  0.020256  -2.278590  -1.751389  -0.187255  1.000000  
188.448150 -0.004394  -0.021885  -0.016080  0.841127  0.280073  0.462672  -0.531175  0.588783  0.609252  -0.101778  -0.758218  0.644009  0.006499  0.035290  0.020584  -2.354807  -1.801246  -0.172745  1.000000  
188.449393 -0.004384  -0.021842  -0.016053  0.840076  0.281447  0.463745  -0.532450  0.591343  0.605649  -0.103774  -0.755712  0.646629  0.006658  0.035126  0.020862  -2.408389  -1.830431  -0.177597  1.000000  
188.450397 -0.004377  -0.021809  -0.016032  0.839069  0.282836  0.464723  -0.533750  0.593232  0.602649  -0.105238  -0.753710  0.648726  0.006658  0.034909  0.020995  -2.456231  -1.857929  -0.174665  1.000000  
188.451405 -0.004371  -0.021778  -0.016013  0.838143  0.283999  0.465684  -0.534859  0.595350  0.599570  -0.106968  -0.751600  0.650888  0.006693  0.034570  0.020814  -2.506654  -1.886626  -0.177439  1.000000  
188.452645 -0.004364  -0.021740  -0.015993  0.836980  0.285730  0.466715  -0.536302  0.597899  0.595732  -0.108830  -0.748916  0.653668  0.006672  0.034267  0.020396  -2.560066  -1.910278  -0.174387  1.000000  
188.453649 -0.004359  -0.021711  -0.015978  0.836071  0.287197  0.467444  -0.537421  0.600027  0.592576  -0.110293  -0.746650  0.656010  0.006751  0.033995  0.019746  -2.612204  -1.934534  -0.169570  1.000000  
188.454897 -0.004352  -0.021674  -0.015962  0.834775  0.289107  0.468580  -0.539020  0.602679  0.588418  -0.112287  -0.743771  0.658936  0.006847  0.033740  0.018713  -2.677720  -1.962368  -0.164285  1.000000  
188.456150 -0.004345  -0.021637  -0.015948  0.833362  0.291160  0.469824  -0.540785  0.605249  0.584145  -0.114281  -0.740877  0.661846  0.006920  0.033308  0.017767  -2.738030  -1.987416  -0.166532  1.000000  
188.457393 -0.004336  -0.021599  -0.015935  0.832276  0.292911  0.470659  -0.542030  0.608048  0.580069  -0.116275  -0.737889  0.664831  0.007019  0.032889  0.016952  -2.796434  -1.996539  -0.167649  1.000000  
188.458643 -0.004328  -0.021562  -0.015920  0.831086  0.294885  0.471528  -0.543451  0.610712  0.575927  -0.118135  -0.734898  0.667810  0.006949  0.032355  0.016419  -2.859389  -2.005486  -0.171397  1.000000  
188.459893 -0.004318  -0.021523  -0.015903  0.829892  0.296931  0.472347  -0.544868  0.613422  0.571693  -0.119995  -0.731810  0.670862  0.006883  0.031803  0.016049  -2.923864  -2.022117  -0.162637  1.000000  
188.460893 -0.004311  -0.021493  -0.015889  0.828845  0.298707  0.473065  -0.546136  0.615527  0.568209  -0.121456  -0.729315  0.673311  0.006731  0.031425  0.015774  -2.979588  -2.041505  -0.158610  1.000000  
188.462143 -0.004302  -0.021455  -0.015869  0.827767  0.300791  0.473632  -0.547383  0.618271  0.564014  -0.123182  -0.726130  0.676432  0.006688  0.030920  0.015377  -3.042544  -2.042971  -0.162717  1.000000  
188.463143 -0.004294  -0.021425  -0.015855  0.826811  0.302496  0.474215  -0.548465  0.620593  0.560401  -0.124776  -0.723436  0.679022  0.006646  0.030621  0.015071  -3.095847  -2.046471  -0.171357  1.000000  
188.464149 -0.004287  -0.021397  -0.015841  0.825852  0.304153  0.474826  -0.549545  0.622831  0.556851  -0.126369  -0.720814  0.681511  0.006536  0.030212  0.014341  -3.154634  -2.053143  -0.175416  1.000000  
188.465151 -0.004281  -0.021369  -0.015830  0.824889  0.305935  0.475354  -0.550621  0.625186  0.553136  -0.127961  -0.718016  0.684163  0.006506  0.029861  0.013672  -3.214392  -2.059809  -0.176158  1.000000  
188.466399 -0.004274  -0.021335  -0.015820  0.823894  0.308030  0.475726  -0.551675  0.628162  0.548696  -0.129819  -0.714514  0.687471  0.006438  0.029518  0.012855  -3.284420  -2.055707  -0.184293  1.000000  
188.467401 -0.004267  -0.021309  -0.015814  0.822939  0.309912  0.476157  -0.552754  0.630424  0.545003  -0.131278  -0.711702  0.690106  0.006574  0.029211  0.012128  -3.339187  -2.058975  -0.181442  1.000000  
188.468648 -0.004260  -0.021277  -0.015805  0.821807  0.312025  0.476732  -0.553961  0.633275  0.540454  -0.133267  -0.708240  0.693279  0.006629  0.028912  0.011513  -3.399153  -2.065602  -0.180384  1.000000  
188.469897 -0.004250  -0.021245  -0.015795  0.820571  0.314360  0.477326  -0.555341  0.635981  0.535840  -0.135123  -0.704774  0.696445  0.006831  0.028585  0.011124  -3.460184  -2.074604  -0.171352  1.000000  
188.470904 -0.004242  -0.021220  -0.015787  0.819605  0.316275  0.477722  -0.556411  0.638180  0.532102  -0.136582  -0.701923  0.699034  0.006951  0.028226  0.010911  -3.501059  -2.076895  -0.167963  1.000000  
188.472155 -0.004232  -0.021189  -0.015775  0.818245  0.318885  0.478318  -0.557952  0.640898  0.527199  -0.138437  -0.698257  0.702334  0.007082  0.027825  0.010802  -3.552444  -2.080373  -0.162670  1.000000  
188.473399 -0.004221  -0.021157  -0.015763  0.816895  0.321587  0.478816  -0.559499  0.643532  0.522329  -0.140159  -0.694585  0.705625  0.007274  0.027383  0.010640  -3.602850  -2.096450  -0.139996  1.000000  
188.474643 -0.004208  -0.021126  -0.015751  0.815639  0.324094  0.479267  -0.560861  0.646254  0.517485  -0.142014  -0.690883  0.708881  0.007462  0.026960  0.010314  -3.652116  -2.112052  -0.125571  1.000000  
188.475643 -0.004197  -0.021100  -0.015744  0.814573  0.326512  0.479439  -0.562106  0.648377  0.513462  -0.143206  -0.687748  0.711685  0.007739  0.026641  0.009785  -3.704420  -2.113232  -0.099227  1.000000  
188.476645 -0.004186  -0.021074  -0.015738  0.813487  0.328746  0.479755  -0.563338  0.650407  0.509530  -0.144530  -0.684760  0.714293  0.007975  0.026300  0.009175  -3.748852  -2.116693  -0.086962  1.000000  
188.477893 -0.004172  -0.021043  -0.015729  0.812235  0.331539  0.479955  -0.564700  0.653178  0.504453  -0.146251  -0.680764  0.717754  0.008273  0.025991  0.008583  -3.804828  -2.109422  -0.079045  1.000000  
188.479143 -0.004159  -0.021013  -0.015721  0.810977  0.334345  0.480135  -0.566057  0.655915  0.499355  -0.147971  -0.676749  0.721190  0.008530  0.025570  0.008011  -3.864594  -2.107771  -0.058550  1.000000  
188.480150 -0.004149  -0.020990  -0.015715  0.809864  0.336710  0.480360  -0.567266  0.658103  0.495085  -0.149427  -0.673444  0.723978  0.008763  0.025284  0.007656  -3.915305  -2.107595  -0.051069  1.000000  
188.481395 -0.004137  -0.020961  -0.015705  0.808381  0.339885  0.480624  -0.568960  0.660584  0.489809  -0.151014  -0.669407  0.727385  0.009170  0.024986  0.007643  -3.967619  -2.107635  -0.019957  1.000000  
188.482643 -0.004124  -0.020933  -0.015693  0.806992  0.342923  0.480799  -0.570471  0.663210  0.484475  -0.152733  -0.665249  0.730832  0.009494  0.024699  0.007935  -4.022339  -2.108469  -0.002406  1.000000  
188.483645 -0.004113  -0.020910  -0.015679  0.805783  0.345660  0.480867  -0.571858  0.665198  0.480094  -0.153923  -0.661839  0.733673  0.009781  0.024444  0.008392  -4.066894  -2.111879  0.021511  1.000000  
188.484897 -0.004100  -0.020883  -0.015662  0.804267  0.348918  0.481053  -0.573525  0.667740  0.474544  -0.155642  -0.657556  0.737154  0.010044  0.024139  0.008876  -4.122604  -2.107872  0.043695  1.000000  
188.485898 -0.004089  -0.020861  -0.015647  0.803032  0.351543  0.481203  -0.574893  0.669664  0.470158  -0.156963  -0.654192  0.739862  0.010244  0.023941  0.009319  -4.162370  -2.101544  0.057889  1.000000  
188.486910 -0.004077  -0.020840  -0.015635  0.801795  0.354178  0.481335  -0.576256  0.671562  0.465760  -0.158284  -0.650816  0.742553  0.010483  0.023654  0.009503  -4.196616  -2.103089  0.081867  1.000000  
188.488153 -0.004063  -0.020813  -0.015620  0.800162  0.357740  0.481419  -0.578086  0.673931  0.460037  -0.159869  -0.646405  0.746058  0.010694  0.023378  0.009645  -4.252795  -2.115556  0.117983  1.000000  
188.489395 -0.004047  -0.020786  -0.015608  0.798624  0.361164  0.481415  -0.579732  0.676436  0.454253  -0.161586  -0.641869  0.749596  0.010909  0.023031  0.009702  -4.311551  -2.121499  0.141363  1.000000  
188.490397 -0.004036  -0.020765  -0.015600  0.797236  0.364016  0.481567  -0.581234  0.678326  0.449489  -0.163038  -0.638252  0.752365  0.010945  0.022684  0.009800  -4.352356  -2.130123  0.159633  1.000000  
188.491643 -0.004022  -0.020741  -0.015588  0.795585  0.367557  0.481607  -0.583047  0.680517  0.443794  -0.164622  -0.633875  0.755713  0.010913  0.022246  0.010006  -4.395274  -2.136922  0.191194  1.000000  
188.492643 -0.004013  -0.020722  -0.015577  0.794187  0.370372  0.481758  -0.584539  0.682290  0.439084  -0.166074  -0.630322  0.758363  0.010826  0.021793  0.010287  -4.426091  -2.154690  0.219708  1.000000  
188.493893 -0.004003  -0.020700  -0.015562  0.792628  0.373845  0.481643  -0.586163  0.684635  0.433229  -0.167789  -0.625711  0.761795  0.010621  0.021220  0.010814  -4.472816  -2.156416  0.246824  1.000000  
188.495143 -0.003992  -0.020679  -0.015545  0.791184  0.377248  0.481364  -0.587619  0.687065  0.427371  -0.169503  -0.620988  0.765273  0.010483  0.020717  0.011310  -4.510350  -2.154240  0.266942  1.000000  
188.496150 -0.003985  -0.020662  -0.015531  0.789875  0.379944  0.481394  -0.588920  0.688916  0.422573  -0.171085  -0.617282  0.767914  0.010260  0.020221  0.011836  -4.539136  -2.169375  0.287754  1.000000  
188.497393 -0.003976  -0.020642  -0.015512  0.788421  0.383368  0.481062  -0.590366  0.691264  0.416679  -0.172799  -0.612521  0.771335  0.010041  0.019682  0.012258  -4.581731  -2.173841  0.312257  1.000000  
188.498394 -0.003968  -0.020626  -0.015497  0.787244  0.386065  0.480834  -0.591510  0.693130  0.411930  -0.174248  -0.608708  0.774023  0.009842  0.019276  0.012348  -4.618124  -2.177696  0.334228  1.000000  
188.499643 -0.003958  -0.020606  -0.015479  0.785885  0.389242  0.480495  -0.592770  0.695476  0.406124  -0.176093  -0.603990  0.777295  0.009615  0.018769  0.012440  -4.657973  -2.175731  0.345366  1.000000  
188.500643 -0.003949  -0.020590  -0.015464  0.784719  0.391960  0.480191  -0.593921  0.697180  0.401495  -0.177410  -0.600256  0.779883  0.009496  0.018466  0.012476  -4.685911  -2.175251  0.362379  1.000000  
188.501650 -0.003940  -0.020574  -0.015451  0.783653  0.394593  0.479775  -0.594893  0.699081  0.396721  -0.178858  -0.596306  0.782578  0.009275  0.018045  0.012510  -4.719577  -2.167163  0.369155  1.000000  
188.502664 -0.003931  -0.020558  -0.015436  0.782727  0.397093  0.479224  -0.595715  0.700940  0.392183  -0.180174  -0.592453  0.785198  0.009088  0.017564  0.012626  -4.741518  -2.151723  0.370710  1.000000  
188.503897 -0.003920  -0.020540  -0.015418  0.781410  0.400492  0.478545  -0.597003  0.702994  0.386506  -0.181622  -0.587712  0.788421  0.008890  0.017027  0.013002  -4.775200  -2.142336  0.388288  1.000000  
188.504897 -0.003912  -0.020527  -0.015402  0.780355  0.403146  0.478037  -0.597980  0.704709  0.381845  -0.182937  -0.583831  0.790996  0.008645  0.016506  0.013533  -4.800631  -2.137268  0.391883  1.000000  
188.506144 -0.003902  -0.020511  -0.015380  0.779116  0.406346  0.477349  -0.599069  0.706910  0.376024  -0.184647  -0.578931  0.794194  0.008375  0.015865  0.014230  -4.824733  -2.127919  0.390438  1.000000  
188.507145 -0.003895  -0.020500  -0.015362  0.778199  0.408984  0.476591  -0.599895  0.708644  0.371417  -0.185830  -0.574941  0.796813  0.008142  0.015330  0.014702  -4.851470  -2.116295  0.399872  1.000000  
188.508146 -0.003888  -0.020490  -0.015344  0.777260  0.411391  0.476052  -0.600703  0.710262  0.366992  -0.187145  -0.571214  0.799182  0.008033  0.014856  0.015194  -4.860724  -2.106437  0.406386  1.000000  
188.509393 -0.003879  -0.020477  -0.015325  0.776011  0.414607  0.475298  -0.601782  0.712352  0.361128  -0.188853  -0.566265  0.802296  0.007958  0.014219  0.015407  -4.878019  -2.095367  0.407454  1.000000  
188.510394 -0.003871  -0.020466  -0.015310  0.774798  0.417373  0.474855  -0.602888  0.713873  0.356247  -0.190298  -0.562304  0.804737  0.007997  0.013872  0.015503  -4.891109  -2.092363  0.408513  1.000000  
188.511643 -0.003862  -0.020454  -0.015292  0.773522  0.420486  0.474189  -0.603943  0.715885  0.350374  -0.192137  -0.557405  0.807702  0.007962  0.013368  0.015393  -4.904589  -2.088604  0.403707  1.000000  
188.512643 -0.003853  -0.020444  -0.015279  0.772344  0.423266  0.473636  -0.605073  0.717164  0.345778  -0.193318  -0.553644  0.810004  0.008055  0.012876  0.015281  -4.911834  -2.081160  0.415816  1.000000  
188.513643 -0.003844  -0.020434  -0.015265  0.771142  0.426107  0.473046  -0.606184  0.718545  0.340933  -0.194631  -0.549660  0.812399  0.008135  0.012569  0.015198  -4.920992  -2.078440  0.417060  1.000000  
188.514643 -0.003835  -0.020424  -0.015251  0.769917  0.428895  0.472522  -0.607275  0.719940  0.336011  -0.196074  -0.545651  0.814751  0.008189  0.012062  0.015165  -4.933146  -2.073910  0.420361  1.000000  
188.515662 -0.003825  -0.020414  -0.015234  0.768709  0.431688  0.471945  -0.608379  0.721220  0.331235  -0.197386  -0.541744  0.817038  0.008216  0.011629  0.015383  -4.939283  -2.066395  0.423699  1.000000  
188.516897 -0.003813  -0.020403  -0.015211  0.767206  0.435184  0.471179  -0.609762  0.722738  0.325331  -0.198960  -0.536903  0.819847  0.008325  0.011118  0.015713  -4.950587  -2.059874  0.430525  1.000000  
188.518146 -0.003801  -0.020391  -0.015186  0.765552  0.438836  0.470482  -0.611281  0.724203  0.319163  -0.200664  -0.531932  0.822668  0.008399  0.010578  0.016269  -4.955076  -2.056183  0.433827  1.000000  
188.519150 -0.003792  -0.020384  -0.015164  0.764229  0.441848  0.469814  -0.612547  0.725246  0.314332  -0.201844  -0.528004  0.824906  0.008440  0.010142  0.016668  -4.953968  -2.047524  0.447552  1.000000  
188.520158 -0.003782  -0.020376  -0.015141  0.762881  0.444751  0.469264  -0.613792  0.726265  0.309512  -0.203154  -0.524152  0.827039  0.008534  0.009766  0.017107  -4.949691  -2.037084  0.453602  1.000000  
188.521396 -0.003770  -0.020368  -0.015113  0.761129  0.448565  0.468478  -0.615486  0.727354  0.303533  -0.204595  -0.519370  0.829696  0.008713  0.009382  0.017473  -4.953394  -2.031143  0.467361  1.000000  
188.522397 -0.003762  -0.020361  -0.015090  0.759669  0.451737  0.467800  -0.616896  0.728208  0.298585  -0.205774  -0.515410  0.831871  0.008783  0.009054  0.017873  -4.959596  -2.021471  0.481534  1.000000  
188.523645 -0.003750  -0.020354  -0.015062  0.757907  0.455560  0.466950  -0.618579  0.729213  0.292590  -0.207214  -0.510602  0.834475  0.008998  0.008686  0.018315  -4.955515  -2.015121  0.503445  1.000000  
188.524895 -0.003738  -0.020347  -0.015034  0.756012  0.459424  0.466235  -0.620411  0.730008  0.286669  -0.208653  -0.505982  0.836926  0.009187  0.008343  0.018869  -4.941648  -2.016351  0.536281  1.000000  
188.526143 -0.003725  -0.020340  -0.015006  0.754090  0.463184  0.465628  -0.622218  0.730767  0.280757  -0.210223  -0.501438  0.839265  0.009345  0.007967  0.019526  -4.929690  -2.012563  0.563520  1.000000  
188.527393 -0.003712  -0.020333  -0.014973  0.752183  0.467171  0.464728  -0.624035  0.731540  0.274644  -0.211662  -0.496589  0.841783  0.009532  0.007598  0.020614  -4.920999  -2.010169  0.598854  1.000000  
188.528396 -0.003702  -0.020328  -0.014946  0.750421  0.470610  0.464106  -0.625710  0.732058  0.269402  -0.212969  -0.492561  0.843817  0.009658  0.007144  0.021659  -4.929191  -2.020545  0.633474  1.000000  
188.529643 -0.003688  -0.020323  -0.014910  0.748222  0.474800  0.463389  -0.627804  0.732557  0.263102  -0.214538  -0.487776  0.846196  0.009772  0.006737  0.022734  -4.923220  -2.033719  0.680157  1.000000  
188.530893 -0.003674  -0.020319  -0.014872  0.746038  0.478987  0.462601  -0.629907  0.732932  0.256959  -0.215975  -0.483096  0.848512  0.009893  0.006139  0.023935  -4.918851  -2.039425  0.723462  1.000000  
188.531899 -0.003663  -0.020317  -0.014841  0.744258  0.482269  0.462056  -0.631560  0.733241  0.251970  -0.217281  -0.479347  0.850303  0.009952  0.005641  0.024754  -4.906841  -2.055896  0.769725  1.000000  
188.533144 -0.003649  -0.020315  -0.014802  0.742060  0.486463  0.461194  -0.633647  0.733529  0.245818  -0.218718  -0.474646  0.852569  0.010085  0.005109  0.025566  -4.899812  -2.071629  0.813546  1.000000  
188.534393 -0.003635  -0.020314  -0.014762  0.739833  0.490444  0.460556  -0.635706  0.733722  0.239855  -0.220284  -0.470231  0.854610  0.010273  0.004541  0.026468  -4.887666  -2.089132  0.858238  1.000000  
188.535399 -0.003624  -0.020313  -0.014728  0.738059  0.493784  0.459834  -0.637358  0.733882  0.234930  -0.221459  -0.466471  0.856365  0.010403  0.003996  0.027189  -4.874218  -2.100445  0.908048  1.000000  
