1-Time 2-Px 3-Py 4-Pz 5-R11 6-R21 7-R31 8-R12 9-R22 10-R32 11-R13 12-R23 13-R33 14-Vx 15-Vy 16-Vz 17-Wx 18-Wy 19-Wz 20-state
19.170911 -0.004912  0.004779  -0.015109  0.741978  0.161329  0.650724  -0.658279  0.359225  0.661533  -0.127032  -0.919201  0.372737  -0.000607  0.000708  0.001007  0.000000  0.000000  0.000000  1.000000  
19.171984 -0.004913  0.004779  -0.015108  0.742113  0.161255  0.650588  -0.658127  0.359258  0.661667  -0.127032  -0.919201  0.372737  -0.000654  0.000700  0.000985  0.000000  0.000000  0.000000  1.000000  
19.173225 -0.004914  0.004778  -0.015098  0.742113  0.161255  0.650588  -0.658127  0.359258  0.661667  -0.127032  -0.919201  0.372737  -0.000650  0.000508  0.001618  0.000000  0.000000  0.000000  1.000000  
19.174225 -0.004913  0.004775  -0.015085  0.742101  0.161163  0.650625  -0.658115  0.359340  0.661634  -0.127165  -0.919185  0.372730  -0.000603  0.000267  0.002404  0.000000  0.000000  0.000000  1.000000  
19.175474 -0.004913  0.004774  -0.015070  0.742236  0.161089  0.650489  -0.657963  0.359373  0.661768  -0.127165  -0.919185  0.372730  -0.000523  0.000106  0.003292  0.000000  0.000000  0.000000  1.000000  
19.176724 -0.004913  0.004773  -0.015060  0.742223  0.161076  0.650507  -0.657951  0.359535  0.661691  -0.127298  -0.919124  0.372835  -0.000047  -0.001059  0.008870  0.000000  0.000000  0.000000  1.000000  
19.177724 -0.004913  0.004773  -0.015053  0.742359  0.161002  0.650371  -0.657798  0.359568  0.661825  -0.127298  -0.919124  0.372835  -0.000121  -0.000960  0.008577  0.000000  0.000000  0.000000  1.000000  
19.178727 -0.004912  0.004772  -0.015048  0.742346  0.160910  0.650408  -0.657787  0.359650  0.661792  -0.127430  -0.919108  0.372829  0.000084  -0.000933  0.008141  0.000000  0.000000  0.000000  1.000000  
19.179979 -0.004911  0.004769  -0.015040  0.742346  0.160910  0.650408  -0.657787  0.359650  0.661792  -0.127430  -0.919108  0.372829  0.000205  -0.001161  0.007864  0.000000  0.000000  0.000000  1.000000  
19.180981 -0.004909  0.004765  -0.015032  0.742346  0.160989  0.650388  -0.657787  0.359730  0.661748  -0.127430  -0.919063  0.372940  0.000373  -0.001444  0.007843  0.000000  0.000000  0.000000  1.000000  
19.182228 -0.004906  0.004761  -0.015022  0.742333  0.160897  0.650426  -0.657776  0.359812  0.661715  -0.127563  -0.919047  0.372934  0.000555  -0.001702  0.007910  0.000000  0.000000  0.000000  1.000000  
19.183231 -0.004905  0.004757  -0.015013  0.742320  0.160805  0.650463  -0.657764  0.359893  0.661682  -0.127696  -0.919031  0.372928  0.000646  -0.001869  0.007952  0.000000  0.000000  0.000000  1.000000  
19.184477 -0.004905  0.004752  -0.015002  0.742308  0.160713  0.650500  -0.657753  0.359975  0.661649  -0.127828  -0.919016  0.372921  0.000572  -0.002027  0.008096  0.000000  0.000000  0.000000  1.000000  
19.185724 -0.004904  0.004747  -0.014988  0.742295  0.160620  0.650538  -0.657742  0.360056  0.661616  -0.127961  -0.919000  0.372915  0.000566  -0.002220  0.008359  0.000000  0.000000  0.000000  1.000000  
19.186726 -0.004903  0.004742  -0.014972  0.742295  0.160620  0.650538  -0.657742  0.360056  0.661616  -0.127961  -0.919000  0.372915  0.000654  -0.002516  0.009119  0.000000  0.000000  0.000000  1.000000  
19.187976 -0.004900  0.004734  -0.014949  0.742282  0.160528  0.650575  -0.657730  0.360138  0.661583  -0.128094  -0.918984  0.372908  0.000899  -0.002948  0.010075  0.000000  0.000000  0.000000  1.000000  
19.189225 -0.004897  0.004726  -0.014929  0.742134  0.160511  0.650749  -0.657872  0.360186  0.661416  -0.128227  -0.918968  0.372902  0.001052  -0.003268  0.010386  0.000000  0.000000  0.000000  1.000000  
19.190474 -0.004895  0.004719  -0.014915  0.742134  0.160511  0.650749  -0.657872  0.360186  0.661416  -0.128227  -0.918968  0.372902  0.001189  -0.003691  0.010335  0.000000  0.000000  0.000000  1.000000  
19.191474 -0.004894  0.004715  -0.014907  0.742134  0.160590  0.650729  -0.657872  0.360266  0.661372  -0.128227  -0.918923  0.373013  0.001244  -0.003990  0.010360  0.000000  0.000000  0.000000  1.000000  
19.192474 -0.004894  0.004710  -0.014899  0.742134  0.160590  0.650729  -0.657872  0.360266  0.661372  -0.128227  -0.918923  0.373013  0.001332  -0.004268  0.010461  0.000000  0.000000  0.000000  1.000000  
19.193724 -0.004892  0.004703  -0.014883  0.742121  0.160576  0.650747  -0.657860  0.360428  0.661295  -0.128359  -0.918862  0.373118  0.001310  -0.004622  0.010972  0.000000  0.000000  0.000000  1.000000  
19.194725 -0.004890  0.004697  -0.014866  0.742121  0.160655  0.650728  -0.657860  0.360508  0.661251  -0.128359  -0.918816  0.373230  0.001384  -0.004888  0.011789  0.000000  0.000000  0.000000  1.000000  
19.195978 -0.004889  0.004688  -0.014841  0.742121  0.160734  0.650708  -0.657860  0.360589  0.661208  -0.128359  -0.918771  0.373341  0.001337  -0.005154  0.012744  0.000000  0.000000  0.000000  1.000000  
19.196996 -0.004888  0.004682  -0.014821  0.742121  0.160813  0.650689  -0.657860  0.360669  0.661164  -0.128359  -0.918726  0.373453  0.001256  -0.005313  0.013614  0.000000  0.000000  0.000000  1.000000  
19.198231 -0.004889  0.004675  -0.014795  0.742121  0.160892  0.650669  -0.657860  0.360749  0.661120  -0.128359  -0.918680  0.373564  0.001075  -0.005486  0.014548  0.000000  0.000000  0.000000  1.000000  
19.199480 -0.004890  0.004667  -0.014774  0.742108  0.160879  0.650687  -0.657849  0.360911  0.661043  -0.128492  -0.918619  0.373669  0.000949  -0.005727  0.015214  0.000000  0.000000  0.000000  1.000000  
19.200481 -0.004890  0.004661  -0.014759  0.742244  0.160884  0.650531  -0.657696  0.361024  0.661133  -0.128492  -0.918574  0.373780  0.000963  -0.005807  0.015478  0.000000  0.000000  0.000000  1.000000  
19.201724 -0.004888  0.004654  -0.014742  0.742244  0.160963  0.650512  -0.657696  0.361104  0.661090  -0.128492  -0.918529  0.373892  0.001000  -0.005832  0.015341  0.000000  0.000000  0.000000  1.000000  
19.202733 -0.004887  0.004647  -0.014728  0.742244  0.161120  0.650473  -0.657696  0.361265  0.661002  -0.128492  -0.918438  0.374115  0.000877  -0.005946  0.014981  0.000000  0.000000  0.000000  1.000000  
19.203978 -0.004886  0.004638  -0.014714  0.742366  0.161033  0.650355  -0.657532  0.361459  0.661059  -0.128625  -0.918377  0.374220  0.000734  -0.005963  0.014574  0.000000  0.000000  0.000000  1.000000  
19.205228 -0.004886  0.004630  -0.014701  0.742366  0.161191  0.650315  -0.657532  0.361620  0.660971  -0.128625  -0.918286  0.374442  0.000639  -0.006038  0.014501  0.000000  0.000000  0.000000  1.000000  
19.206475 -0.004885  0.004623  -0.014687  0.742501  0.161195  0.650160  -0.657379  0.361733  0.661061  -0.128625  -0.918240  0.374554  0.000628  -0.006155  0.014850  0.000000  0.000000  0.000000  1.000000  
19.207724 -0.004884  0.004614  -0.014667  0.742624  0.161186  0.650022  -0.657215  0.362008  0.661074  -0.128757  -0.918133  0.374770  0.000578  -0.006356  0.015310  0.000000  0.000000  0.000000  1.000000  
19.208724 -0.004883  0.004606  -0.014646  0.742624  0.161265  0.650003  -0.657215  0.362088  0.661030  -0.128757  -0.918088  0.374881  0.000624  -0.006435  0.015797  0.000000  0.000000  0.000000  1.000000  
19.209725 -0.004881  0.004598  -0.014624  0.742759  0.161269  0.649847  -0.657062  0.362202  0.661120  -0.128757  -0.918043  0.374993  0.000560  -0.006582  0.016116  0.000000  0.000000  0.000000  1.000000  
19.210974 -0.004880  0.004587  -0.014598  0.743030  0.161278  0.649536  -0.656756  0.362429  0.661299  -0.128757  -0.917952  0.375215  0.000605  -0.006719  0.016250  0.000000  0.000000  0.000000  1.000000  
19.211976 -0.004878  0.004581  -0.014579  0.743152  0.161269  0.649398  -0.656592  0.362703  0.661312  -0.128890  -0.917845  0.375432  0.000643  -0.006765  0.016117  0.000000  0.000000  0.000000  1.000000  
19.213224 -0.004877  0.004574  -0.014561  0.743274  0.161338  0.649241  -0.656427  0.363059  0.661280  -0.129023  -0.917692  0.375759  0.000781  -0.006727  0.015631  0.000000  0.000000  0.000000  1.000000  
19.214230 -0.004874  0.004568  -0.014548  0.743544  0.161346  0.648929  -0.656121  0.363286  0.661459  -0.129023  -0.917601  0.375982  0.001068  -0.006711  0.015356  0.000000  0.000000  0.000000  1.000000  
19.215477 -0.004872  0.004562  -0.014530  0.743801  0.161341  0.648636  -0.655804  0.363674  0.661561  -0.129155  -0.917448  0.376309  0.001195  -0.006644  0.015286  0.000000  0.000000  0.000000  1.000000  
19.216728 -0.004868  0.004554  -0.014508  0.744058  0.161413  0.648323  -0.655486  0.364142  0.661618  -0.129288  -0.917249  0.376747  0.001366  -0.006623  0.015614  0.000000  0.000000  0.000000  1.000000  
19.217978 -0.004865  0.004548  -0.014482  0.744302  0.161394  0.648048  -0.655157  0.364692  0.661642  -0.129553  -0.917034  0.377179  0.001467  -0.006504  0.016207  0.000000  0.000000  0.000000  1.000000  
19.219227 -0.004863  0.004541  -0.014457  0.744681  0.161298  0.647637  -0.654674  0.365275  0.661798  -0.129819  -0.916819  0.377611  0.001597  -0.006360  0.017072  0.000000  0.000000  0.000000  1.000000  
19.220478 -0.004860  0.004535  -0.014430  0.744924  0.161278  0.647362  -0.654344  0.365824  0.661820  -0.130084  -0.916604  0.378042  0.001700  -0.006249  0.018012  -0.171958  0.115879  -0.115433  1.000000  
19.221724 -0.004858  0.004529  -0.014402  0.745167  0.161257  0.647087  -0.654014  0.366374  0.661842  -0.130349  -0.916388  0.378474  0.001827  -0.006159  0.018756  -0.180888  0.124110  -0.127937  1.000000  
19.222725 -0.004855  0.004523  -0.014380  0.745276  0.161232  0.646969  -0.653838  0.366809  0.661775  -0.130615  -0.916218  0.378794  0.001917  -0.006089  0.019134  -0.189750  0.129842  -0.135887  1.000000  
19.223980 -0.004851  0.004515  -0.014352  0.745640  0.161043  0.646596  -0.653343  0.367472  0.661896  -0.131013  -0.915985  0.379218  0.002125  -0.005896  0.019188  -0.203166  0.143617  -0.156089  1.000000  
19.225229 -0.004845  0.004507  -0.014327  0.745882  0.161099  0.646302  -0.653013  0.368102  0.661873  -0.131278  -0.915723  0.379760  0.002355  -0.005725  0.019011  -0.215887  0.151598  -0.168296  1.000000  
19.226474 -0.004840  0.004499  -0.014305  0.746111  0.160984  0.646066  -0.652671  0.368731  0.661860  -0.131676  -0.915490  0.380184  0.002577  -0.005626  0.018852  -0.228072  0.160368  -0.187434  1.000000  
19.227475 -0.004837  0.004495  -0.014289  0.746219  0.161037  0.645929  -0.652494  0.369247  0.661746  -0.131941  -0.915273  0.380615  0.002694  -0.005518  0.018854  -0.237427  0.161905  -0.196796  1.000000  
19.228479 -0.004833  0.004489  -0.014271  0.746448  0.160844  0.645713  -0.652152  0.369796  0.661777  -0.132339  -0.915085  0.380928  0.002936  -0.005527  0.019228  -0.245655  0.172439  -0.211979  1.000000  
19.229727 -0.004828  0.004483  -0.014243  0.746542  0.160883  0.645594  -0.651963  0.370472  0.661585  -0.132737  -0.914805  0.381462  0.003044  -0.005507  0.019929  -0.261091  0.173616  -0.227197  1.000000  
19.230732 -0.004824  0.004477  -0.014216  0.746770  0.160688  0.645379  -0.651621  0.371020  0.661615  -0.133135  -0.914617  0.381774  0.003163  -0.005564  0.020766  -0.264100  0.174666  -0.242235  1.000000  
19.231984 -0.004819  0.004469  -0.014180  0.746985  0.160558  0.645163  -0.651266  0.371809  0.661521  -0.133665  -0.914319  0.382301  0.003228  -0.005587  0.021556  -0.278481  0.180362  -0.264114  1.000000  
19.233231 -0.004814  0.004464  -0.014143  0.747065  0.160504  0.645084  -0.651065  0.372565  0.661294  -0.134195  -0.914021  0.382828  0.003348  -0.005491  0.022249  -0.290660  0.175113  -0.276692  1.000000  
19.234478 -0.004810  0.004459  -0.014110  0.747278  0.160372  0.644869  -0.650710  0.373353  0.661199  -0.134726  -0.913722  0.383355  0.003462  -0.005385  0.022798  -0.305086  0.180814  -0.298629  1.000000  
19.235480 -0.004808  0.004456  -0.014085  0.747358  0.160318  0.644790  -0.650509  0.374108  0.660970  -0.135256  -0.913423  0.383881  0.003525  -0.005217  0.022992  -0.321292  0.173802  -0.315286  1.000000  
19.236725 -0.004804  0.004453  -0.014056  0.747557  0.160172  0.644595  -0.650142  0.375056  0.660794  -0.135919  -0.913060  0.384510  0.003604  -0.005066  0.023151  -0.337006  0.176284  -0.338619  1.000000  
19.237974 -0.004800  0.004448  -0.014025  0.747608  0.160089  0.644557  -0.649916  0.376131  0.660405  -0.136714  -0.912632  0.385243  0.003661  -0.004830  0.023240  -0.357144  0.167559  -0.359364  1.000000  
19.238975 -0.004796  0.004445  -0.013999  0.747821  0.159956  0.644343  -0.649560  0.376917  0.660307  -0.137244  -0.912331  0.385768  0.003628  -0.004674  0.023497  -0.372264  0.166825  -0.378444  1.000000  
19.239981 -0.004793  0.004441  -0.013974  0.747899  0.159900  0.644267  -0.649358  0.377671  0.660075  -0.137774  -0.912029  0.386292  0.003558  -0.004428  0.023934  -0.387449  0.161105  -0.398206  1.000000  
19.241226 -0.004788  0.004439  -0.013941  0.748082  0.159661  0.644113  -0.648977  0.378697  0.659862  -0.138569  -0.911645  0.386912  0.003538  -0.004118  0.024673  -0.399411  0.157287  -0.418236  1.000000  
19.242475 -0.004785  0.004435  -0.013906  0.748265  0.159420  0.643960  -0.648596  0.379722  0.659647  -0.139364  -0.911261  0.387532  0.003416  -0.004003  0.025540  -0.414587  0.153059  -0.445672  1.000000  
19.243475 -0.004782  0.004432  -0.013875  0.748328  0.159272  0.643924  -0.648381  0.380554  0.659379  -0.140027  -0.910940  0.388048  0.003404  -0.003826  0.026360  -0.427494  0.139695  -0.459550  1.000000  
19.244725 -0.004777  0.004427  -0.013836  0.748510  0.159031  0.643772  -0.647999  0.381578  0.659163  -0.140822  -0.910553  0.388667  0.003402  -0.003718  0.027094  -0.439548  0.130839  -0.480266  1.000000  
19.245727 -0.004773  0.004422  -0.013805  0.748705  0.158804  0.643601  -0.647629  0.382442  0.659026  -0.141484  -0.910231  0.389182  0.003381  -0.003640  0.027374  -0.447301  0.124735  -0.501082  1.000000  
19.246976 -0.004768  0.004417  -0.013771  0.748871  0.158470  0.643490  -0.647234  0.383544  0.658774  -0.142411  -0.909825  0.389792  0.003416  -0.003501  0.027311  -0.459174  0.113946  -0.525810  1.000000  
19.247989 -0.004764  0.004414  -0.013745  0.749065  0.158319  0.643301  -0.646863  0.384486  0.658588  -0.143073  -0.909453  0.390416  0.003444  -0.003394  0.027011  -0.471011  0.106612  -0.542139  1.000000  
19.249231 -0.004759  0.004410  -0.013717  0.749363  0.157905  0.643056  -0.646312  0.385620  0.658466  -0.144000  -0.909045  0.391025  0.003453  -0.003339  0.026649  -0.474094  0.103851  -0.565742  1.000000  
19.250478 -0.004755  0.004407  -0.013688  0.749659  0.157567  0.642794  -0.645761  0.386832  0.658296  -0.144927  -0.908589  0.391743  0.003513  -0.003298  0.026500  -0.485300  0.100244  -0.584408  1.000000  
19.251725 -0.004751  0.004403  -0.013656  0.749940  0.157215  0.642552  -0.645196  0.388202  0.658043  -0.145986  -0.908065  0.392563  0.003562  -0.003296  0.026663  -0.500372  0.098141  -0.612715  1.000000  
19.252726 -0.004748  0.004400  -0.013627  0.750101  0.156878  0.642446  -0.644798  0.389300  0.657785  -0.146912  -0.907654  0.393169  0.003505  -0.003281  0.026997  -0.512373  0.089010  -0.633427  1.000000  
19.253974 -0.004745  0.004397  -0.013588  0.750512  0.156443  0.642072  -0.644077  0.390700  0.657661  -0.147971  -0.907127  0.393987  0.003439  -0.003174  0.027456  -0.526361  0.089916  -0.658358  1.000000  
19.254974 -0.004744  0.004395  -0.013557  0.750805  0.156024  0.641833  -0.643523  0.391828  0.657532  -0.148897  -0.906712  0.394591  0.003288  -0.003132  0.027822  -0.533657  0.087709  -0.687284  1.000000  
19.255981 -0.004742  0.004393  -0.013526  0.751096  0.155682  0.641575  -0.642968  0.393035  0.657355  -0.149823  -0.906249  0.395305  0.003130  -0.003070  0.028143  -0.548592  0.084733  -0.710457  1.000000  
19.257228 -0.004741  0.004392  -0.013488  0.751355  0.155387  0.641343  -0.642387  0.394637  0.656963  -0.151014  -0.905603  0.396331  0.003006  -0.002876  0.028286  -0.566783  0.086069  -0.740781  1.000000  
19.258474 -0.004740  0.004391  -0.013453  0.751877  0.154851  0.640861  -0.641494  0.396222  0.656881  -0.152204  -0.905002  0.397246  0.002756  -0.002734  0.028181  -0.583226  0.093017  -0.767446  1.000000  
19.259724 -0.004739  0.004389  -0.013418  0.752265  0.154395  0.640515  -0.640756  0.397773  0.656665  -0.153394  -0.904400  0.398160  0.002508  -0.002516  0.027891  -0.596105  0.100508  -0.800086  1.000000  
19.260725 -0.004739  0.004388  -0.013390  0.752667  0.153951  0.640150  -0.640029  0.399164  0.656529  -0.154452  -0.903862  0.398971  0.002294  -0.002278  0.027678  -0.614154  0.103636  -0.826134  1.000000  
19.261975 -0.004738  0.004387  -0.013359  0.753051  0.153491  0.639808  -0.639289  0.400712  0.656308  -0.155642  -0.903255  0.399882  0.001987  -0.001997  0.027443  -0.628010  0.106552  -0.852104  1.000000  
19.263225 -0.004739  0.004387  -0.013327  0.753549  0.153010  0.639337  -0.638378  0.402527  0.656084  -0.156963  -0.902530  0.401002  0.001603  -0.001754  0.027463  -0.647804  0.119998  -0.887438  1.000000  
19.264225 -0.004740  0.004386  -0.013301  0.753946  0.152561  0.638976  -0.637648  0.403913  0.655941  -0.158020  -0.901986  0.401809  0.001279  -0.001640  0.027737  -0.661560  0.122907  -0.913274  1.000000  
19.265230 -0.004742  0.004385  -0.013272  0.754341  0.152110  0.638617  -0.636918  0.405298  0.655797  -0.159077  -0.901441  0.402615  0.000909  -0.001479  0.028177  -0.671748  0.136569  -0.941503  1.000000  
19.266475 -0.004744  0.004383  -0.013234  0.754833  0.151545  0.638170  -0.636003  0.407027  0.655614  -0.160398  -0.900757  0.403620  0.000504  -0.001397  0.028521  -0.684459  0.145454  -0.970390  1.000000  
19.267477 -0.004746  0.004382  -0.013203  0.755208  0.150999  0.637856  -0.635257  0.408486  0.655430  -0.161586  -0.900188  0.404415  0.000141  -0.001250  0.028736  -0.693043  0.156248  -0.995078  1.000000  
19.268724 -0.004749  0.004381  -0.013166  0.755695  0.150429  0.637413  -0.634339  0.410211  0.655241  -0.162906  -0.899499  0.405417  -0.000260  -0.001095  0.028608  -0.702953  0.168169  -1.022415  1.000000  
19.269981 -0.004754  0.004381  -0.013133  0.756294  0.149757  0.636862  -0.633251  0.412120  0.655096  -0.164358  -0.898738  0.406518  -0.000757  -0.000919  0.028180  -0.717005  0.179818  -1.055489  1.000000  
19.271228 -0.004759  0.004382  -0.013104  0.756758  0.149167  0.636448  -0.632316  0.413996  0.654816  -0.165810  -0.897973  0.407616  -0.001142  -0.000728  0.027624  -0.732621  0.192861  -1.091459  1.000000  
19.272475 -0.004764  0.004383  -0.013074  0.757221  0.148652  0.636018  -0.631380  0.415949  0.654481  -0.167261  -0.897156  0.408821  -0.001601  -0.000579  0.027122  -0.753268  0.201301  -1.120585  1.000000  
19.273724 -0.004770  0.004385  -0.013043  0.757793  0.147956  0.635499  -0.630271  0.418006  0.654239  -0.168844  -0.896315  0.410014  -0.002006  -0.000371  0.026813  -0.768726  0.214047  -1.156690  1.000000  
19.274725 -0.004774  0.004387  -0.013016  0.758119  0.147368  0.635246  -0.629488  0.419764  0.653868  -0.170294  -0.895590  0.410997  -0.002383  -0.000138  0.026770  -0.790150  0.216320  -1.182737  1.000000  
19.275976 -0.004782  0.004390  -0.012980  0.758685  0.146820  0.634698  -0.628376  0.421973  0.653516  -0.171876  -0.894641  0.412402  -0.002899  0.000167  0.026936  -0.813546  0.228730  -1.218753  1.000000  
19.277224 -0.004790  0.004394  -0.012942  0.759100  0.146263  0.634330  -0.627403  0.424225  0.652992  -0.173590  -0.893667  0.413795  -0.003449  0.000466  0.027356  -0.839145  0.229380  -1.249814  1.000000  
19.278231 -0.004797  0.004398  -0.012910  0.759436  0.145838  0.634025  -0.626629  0.425977  0.652594  -0.174907  -0.892903  0.414889  -0.003896  0.000781  0.027834  -0.863415  0.236821  -1.278194  1.000000  
19.279476 -0.004805  0.004402  -0.012871  0.759845  0.145277  0.633664  -0.625653  0.428222  0.652062  -0.176619  -0.891920  0.416275  -0.004371  0.001173  0.028194  -0.884489  0.237158  -1.308816  1.000000  
19.280488 -0.004812  0.004406  -0.012839  0.760177  0.144848  0.633365  -0.624876  0.429969  0.651657  -0.177936  -0.891149  0.417364  -0.004692  0.001464  0.028328  -0.905811  0.238164  -1.334484  1.000000  
19.281732 -0.004820  0.004411  -0.012801  0.760560  0.144266  0.633037  -0.623881  0.432361  0.651027  -0.179779  -0.890085  0.418842  -0.005106  0.001917  0.028336  -0.935300  0.237632  -1.365330  1.000000  
19.282978 -0.004828  0.004416  -0.012765  0.761106  0.143777  0.632492  -0.622757  0.434629  0.650593  -0.181358  -0.889059  0.420337  -0.005420  0.002383  0.028184  -0.960495  0.242441  -1.383559  1.000000  
19.283979 -0.004835  0.004421  -0.012738  0.761539  0.143237  0.632093  -0.621804  0.436551  0.650218  -0.182806  -0.888204  0.421516  -0.005663  0.002772  0.028111  -0.977528  0.245662  -1.405653  1.000000  
19.285229 -0.004844  0.004428  -0.012705  0.761912  0.142647  0.631777  -0.620803  0.438931  0.649572  -0.184647  -0.887125  0.422983  -0.005982  0.003110  0.028157  -1.002599  0.244751  -1.436184  1.000000  
19.286475 -0.004852  0.004434  -0.012671  0.762428  0.142057  0.631287  -0.619657  0.441262  0.649086  -0.186356  -0.886063  0.424457  -0.006208  0.003483  0.028478  -1.023654  0.247425  -1.458688  1.000000  
19.287725 -0.004861  0.004440  -0.012633  0.762901  0.141355  0.630874  -0.618478  0.443816  0.648469  -0.188328  -0.884899  0.426013  -0.006393  0.003798  0.029044  -1.048495  0.246131  -1.489186  1.000000  
19.288974 -0.004870  0.004446  -0.012593  0.763349  0.140558  0.630510  -0.617281  0.446439  0.647809  -0.190430  -0.883705  0.427553  -0.006626  0.004044  0.029561  -1.067246  0.245198  -1.517984  1.000000  
19.289975 -0.004877  0.004451  -0.012559  0.763705  0.139881  0.630229  -0.616270  0.448723  0.647194  -0.192268  -0.882656  0.428896  -0.006738  0.004219  0.029991  -1.095241  0.235459  -1.551368  1.000000  
19.291224 -0.004886  0.004458  -0.012519  0.764143  0.139154  0.629859  -0.615066  0.451414  0.646467  -0.194369  -0.881398  0.430534  -0.006830  0.004497  0.030226  -1.121099  0.225588  -1.583049  1.000000  
19.292474 -0.004895  0.004466  -0.012480  0.764535  0.138240  0.629584  -0.613827  0.454246  0.645660  -0.196730  -0.880085  0.432143  -0.006903  0.004758  0.030212  -1.147207  0.220714  -1.619309  1.000000  
19.293474 -0.004903  0.004473  -0.012450  0.765024  0.137553  0.629140  -0.612667  0.456470  0.645193  -0.198435  -0.879042  0.433484  -0.006944  0.004960  0.030169  -1.166301  0.220278  -1.648021  1.000000  
19.294725 -0.004911  0.004481  -0.012412  0.765405  0.136785  0.628845  -0.611422  0.459446  0.644261  -0.200795  -0.877610  0.435296  -0.006962  0.005186  0.030040  -1.197059  0.208745  -1.680693  1.000000  
19.295983 -0.004920  0.004489  -0.012375  0.765926  0.135934  0.628394  -0.610032  0.462293  0.643542  -0.203023  -0.876246  0.437006  -0.006961  0.005458  0.029889  -1.228200  0.203604  -1.717820  1.000000  
19.297227 -0.004929  0.004498  -0.012337  0.766419  0.134986  0.627997  -0.608622  0.465205  0.642779  -0.205381  -0.874851  0.438697  -0.007008  0.005744  0.029986  -1.256752  0.199219  -1.752686  1.000000  
19.298232 -0.004937  0.004506  -0.012304  0.766742  0.134366  0.627736  -0.607593  0.467530  0.642065  -0.207214  -0.873706  0.440114  -0.007125  0.005905  0.030315  -1.282395  0.191037  -1.779823  1.000000  
19.299234 -0.004944  0.004514  -0.012271  0.767186  0.133722  0.627330  -0.606403  0.469956  0.641418  -0.209046  -0.872502  0.441633  -0.007189  0.006148  0.030787  -1.312030  0.182660  -1.806868  1.000000  
19.300478 -0.004955  0.004524  -0.012229  0.767617  0.132809  0.626997  -0.604949  0.473226  0.640386  -0.211662  -0.870873  0.443599  -0.007312  0.006351  0.031361  -1.344537  0.173472  -1.850002  1.000000  
19.301478 -0.004964  0.004532  -0.012192  0.768029  0.132067  0.626650  -0.603736  0.475712  0.639688  -0.213623  -0.869630  0.445094  -0.007404  0.006544  0.031970  -1.368858  0.170904  -1.880305  1.000000  
19.302730 -0.004975  0.004541  -0.012147  0.768468  0.131162  0.626302  -0.602292  0.478816  0.638733  -0.216106  -0.868062  0.446952  -0.007564  0.006772  0.032398  -1.400728  0.165485  -1.914540  1.000000  
19.303981 -0.004987  0.004551  -0.012104  0.769000  0.130213  0.625846  -0.600667  0.482164  0.637743  -0.218718  -0.866350  0.448999  -0.007797  0.007025  0.032562  -1.432568  0.157481  -1.952960  1.000000  
19.305226 -0.004998  0.004561  -0.012064  0.769401  0.129208  0.625562  -0.599197  0.485321  0.636731  -0.221328  -0.864736  0.450827  -0.007953  0.007257  0.032464  -1.456364  0.151532  -1.987597  1.000000  
19.306474 -0.005011  0.004571  -0.012027  0.769916  0.128174  0.625141  -0.597563  0.488573  0.635779  -0.223937  -0.863057  0.452752  -0.008232  0.007447  0.032241  -1.478654  0.144491  -2.020247  1.000000  
19.307474 -0.005021  0.004579  -0.011998  0.770150  0.127423  0.625006  -0.596476  0.491069  0.634877  -0.226023  -0.861751  0.454201  -0.008402  0.007535  0.032113  -1.497205  0.135648  -2.049372  1.000000  
19.308724 -0.005034  0.004589  -0.011962  0.770503  0.126467  0.624765  -0.594975  0.494424  0.633680  -0.228759  -0.859971  0.456200  -0.008681  0.007642  0.032040  -1.522908  0.126274  -2.085319  1.000000  
19.309724 -0.005045  0.004597  -0.011931  0.770701  0.125774  0.624661  -0.593862  0.497130  0.632606  -0.230973  -0.858512  0.457830  -0.008884  0.007768  0.032067  -1.550210  0.114844  -2.119421  1.000000  
19.310724 -0.005055  0.004605  -0.011899  0.770844  0.124896  0.624661  -0.592709  0.499969  0.631449  -0.233445  -0.856990  0.459425  -0.009163  0.007864  0.032307  -1.568993  0.100099  -2.151731  1.000000  
19.311980 -0.005070  0.004615  -0.011857  0.771052  0.124036  0.624576  -0.591354  0.503271  0.630094  -0.236177  -0.855180  0.461397  -0.009536  0.007910  0.032495  -1.596456  0.085074  -2.190727  1.000000  
19.313229 -0.005084  0.004626  -0.011815  0.771373  0.123144  0.624355  -0.589837  0.506664  0.628795  -0.238906  -0.853303  0.463462  -0.009816  0.008010  0.032626  -1.621501  0.069052  -2.220884  1.000000  
19.314235 -0.005097  0.004635  -0.011781  0.771692  0.122505  0.624086  -0.588573  0.509372  0.627792  -0.240984  -0.851782  0.465181  -0.010154  0.008043  0.032645  -1.648790  0.060494  -2.246840  1.000000  
19.315482 -0.005112  0.004645  -0.011740  0.772050  0.121713  0.623799  -0.587087  0.512532  0.626610  -0.243451  -0.849998  0.467156  -0.010485  0.008047  0.032504  -1.672107  0.054724  -2.277033  1.000000  
19.316482 -0.005124  0.004654  -0.011707  0.772263  0.121264  0.623623  -0.585996  0.515131  0.625499  -0.245397  -0.848490  0.468877  -0.010699  0.008167  0.032211  -1.698584  0.041830  -2.292743  1.000000  
19.317484 -0.005136  0.004663  -0.011675  0.772445  0.120723  0.623502  -0.584882  0.517792  0.624343  -0.247471  -0.846946  0.470575  -0.010933  0.008247  0.031964  -1.721017  0.028710  -2.308635  1.000000  
19.318725 -0.005151  0.004675  -0.011636  0.772782  0.120150  0.623195  -0.583387  0.521154  0.622943  -0.249934  -0.844963  0.472832  -0.011158  0.008436  0.031725  -1.754073  0.022224  -2.324142  1.000000  
19.319729 -0.005164  0.004685  -0.011606  0.773046  0.119482  0.622996  -0.582089  0.523967  0.621797  -0.252136  -0.843316  0.474600  -0.011361  0.008544  0.031567  -1.774518  0.016695  -2.338781  1.000000  
19.320975 -0.005180  0.004697  -0.011567  0.773287  0.118632  0.622859  -0.580526  0.527512  0.620259  -0.254983  -0.841224  0.476787  -0.011643  0.008670  0.031665  -1.802989  0.003563  -2.365857  1.000000  
19.321975 -0.005194  0.004706  -0.011534  0.773418  0.118145  0.622789  -0.579380  0.530359  0.618900  -0.257182  -0.839501  0.478640  -0.011896  0.008762  0.031994  -1.828966  -0.009976  -2.376798  1.000000  
19.323225 -0.005210  0.004718  -0.011490  0.773670  0.117304  0.622634  -0.577831  0.533739  0.617442  -0.259896  -0.837474  0.480720  -0.012145  0.008906  0.032497  -1.854916  -0.023193  -2.393084  1.000000  
19.324475 -0.005227  0.004729  -0.011446  0.773914  0.116537  0.622476  -0.576277  0.537183  0.615906  -0.262608  -0.835376  0.482890  -0.012366  0.008962  0.032870  -1.874871  -0.030621  -2.407769  1.000000  
19.325725 -0.005244  0.004741  -0.011403  0.774266  0.115730  0.622188  -0.574559  0.540713  0.614420  -0.265318  -0.833208  0.485149  -0.012565  0.009118  0.033046  -1.903571  -0.040273  -2.427103  1.000000  
19.326974 -0.005261  0.004753  -0.011360  0.774373  0.115144  0.622164  -0.573157  0.544182  0.612664  -0.268026  -0.831028  0.487396  -0.012738  0.009195  0.033137  -1.928964  -0.059243  -2.429341  1.000000  
19.327982 -0.005273  0.004763  -0.011327  0.774588  0.114536  0.622009  -0.571836  0.547006  0.611382  -0.270217  -0.829257  0.489200  -0.012821  0.009280  0.033046  -1.954803  -0.066079  -2.449239  1.000000  
19.329225 -0.005289  0.004775  -0.011289  0.774679  0.113947  0.622003  -0.570426  0.550453  0.609603  -0.272921  -0.827054  0.491423  -0.012843  0.009375  0.032831  -1.976998  -0.087334  -2.456577  1.000000  
19.330478 -0.005305  0.004787  -0.011250  0.774937  0.112951  0.621864  -0.568650  0.554065  0.607988  -0.275880  -0.824775  0.493595  -0.012894  0.009436  0.032667  -1.995178  -0.102318  -2.472315  1.000000  
19.331482 -0.005318  0.004796  -0.011218  0.775130  0.112337  0.621734  -0.567320  0.556859  0.606676  -0.278066  -0.822975  0.495369  -0.012987  0.009481  0.032634  -2.010858  -0.104699  -2.478308  1.000000  
19.332731 -0.005335  0.004808  -0.011175  0.775429  0.111362  0.621537  -0.565580  0.560170  0.605251  -0.280764  -0.820858  0.497356  -0.013086  0.009514  0.032873  -2.020700  -0.116553  -2.486235  1.000000  
19.333981 -0.005352  0.004819  -0.011132  0.775718  0.110610  0.621310  -0.563837  0.563688  0.603610  -0.283459  -0.818548  0.499629  -0.013194  0.009449  0.033169  -2.039874  -0.120820  -2.492125  1.000000  
19.335232 -0.005370  0.004831  -0.011085  0.775882  0.110047  0.621206  -0.562248  0.567242  0.601758  -0.286153  -0.816165  0.501987  -0.013269  0.009402  0.033695  -2.071034  -0.136805  -2.491837  1.000000  
19.336475 -0.005388  0.004843  -0.011037  0.776037  0.109632  0.621086  -0.560657  0.570929  0.599753  -0.288844  -0.813647  0.504528  -0.013385  0.009458  0.034220  -2.105408  -0.147495  -2.495817  1.000000  
19.337724 -0.005406  0.004855  -0.010989  0.776298  0.109021  0.620868  -0.558901  0.574551  0.597930  -0.291533  -0.811175  0.506955  -0.013452  0.009484  0.034629  -2.133251  -0.152223  -2.502296  1.000000  
19.338725 -0.005420  0.004866  -0.010951  0.776383  0.108370  0.620875  -0.557508  0.577553  0.596336  -0.293964  -0.809128  0.508820  -0.013532  0.009548  0.034832  -2.152862  -0.157619  -2.512306  1.000000  
19.339978 -0.005438  0.004879  -0.010904  0.776446  0.107699  0.620913  -0.555859  0.581252  0.594278  -0.296904  -0.806565  0.511176  -0.013666  0.009636  0.034935  -2.171980  -0.162826  -2.518450  1.000000  
19.341224 -0.005457  0.004893  -0.010859  0.776532  0.107114  0.620907  -0.554230  0.584872  0.592245  -0.299713  -0.804022  0.513537  -0.013775  0.009774  0.035035  -2.197417  -0.169170  -2.513938  1.000000  
19.342474 -0.005475  0.004906  -0.010814  0.776721  0.106482  0.620778  -0.552436  0.588570  0.590253  -0.302520  -0.801403  0.515980  -0.013909  0.009857  0.035298  -2.219061  -0.171118  -2.527508  1.000000  
19.343474 -0.005490  0.004917  -0.010778  0.776693  0.106036  0.620890  -0.551213  0.591440  0.588525  -0.304815  -0.799346  0.517816  -0.014025  0.009918  0.035666  -2.234528  -0.186223  -2.527088  1.000000  
19.344725 -0.005509  0.004929  -0.010729  0.776751  0.105448  0.620918  -0.549573  0.595018  0.586450  -0.307617  -0.796765  0.520132  -0.014205  0.009989  0.036240  -2.255914  -0.198357  -2.528042  1.000000  
19.345978 -0.005528  0.004942  -0.010679  0.776832  0.104947  0.620901  -0.547952  0.598518  0.584401  -0.310289  -0.794205  0.522454  -0.014448  0.010063  0.037004  -2.275434  -0.210606  -2.545740  1.000000  
19.347247 -0.005548  0.004954  -0.010627  0.776802  0.104260  0.621054  -0.546256  0.602257  0.582143  -0.313340  -0.791464  0.524787  -0.014680  0.010049  0.037661  -2.299439  -0.227844  -2.560650  1.000000  
19.348476 -0.005568  0.004967  -0.010576  0.776761  0.103648  0.621208  -0.544556  0.606050  0.579795  -0.316388  -0.788645  0.527198  -0.014895  0.010180  0.038243  -2.321583  -0.249205  -2.579639  1.000000  
19.349481 -0.005585  0.004977  -0.010535  0.776771  0.103066  0.621292  -0.543133  0.609011  0.578024  -0.318799  -0.786437  0.529041  -0.015019  0.010220  0.038559  -2.335079  -0.261490  -2.586134  1.000000  
19.350728 -0.005604  0.004990  -0.010485  0.776709  0.102456  0.621470  -0.541425  0.612771  0.575648  -0.321841  -0.783591  0.531417  -0.015154  0.010299  0.038803  -2.355960  -0.275897  -2.592252  1.000000  
19.351984 -0.005624  0.005003  -0.010435  0.776561  0.101908  0.621746  -0.539898  0.616293  0.573318  -0.324753  -0.780895  0.533609  -0.015279  0.010323  0.038853  -2.366194  -0.295701  -2.594170  1.000000  
19.353225 -0.005644  0.005016  -0.010386  0.776513  0.101234  0.621916  -0.538206  0.619821  0.571101  -0.327662  -0.778187  0.535783  -0.015429  0.010363  0.038964  -2.381884  -0.304179  -2.604549  1.000000  
19.354475 -0.005665  0.005030  -0.010335  0.776454  0.100711  0.622074  -0.536511  0.623469  0.568720  -0.330568  -0.775334  0.538128  -0.015673  0.010386  0.039209  -2.405016  -0.321910  -2.603238  1.000000  
19.355724 -0.005687  0.005043  -0.010284  0.776495  0.100135  0.622116  -0.534652  0.627190  0.566375  -0.333471  -0.772403  0.540547  -0.015867  0.010412  0.039626  -2.422604  -0.334100  -2.613645  1.000000  
19.356724 -0.005704  0.005055  -0.010241  0.776417  0.099621  0.622296  -0.533185  0.630265  0.564340  -0.335992  -0.769962  0.542465  -0.016012  0.010443  0.040063  -2.439943  -0.343622  -2.630314  1.000000  
19.357725 -0.005721  0.005066  -0.010197  0.776258  0.099322  0.622542  -0.531901  0.633250  0.562206  -0.338385  -0.767548  0.544394  -0.016198  0.010458  0.040622  -2.460194  -0.362351  -2.633367  1.000000  
19.358976 -0.005744  0.005080  -0.010140  0.776194  0.098577  0.622740  -0.529981  0.637037  0.559736  -0.341531  -0.764504  0.546708  -0.016415  0.010557  0.041227  -2.476151  -0.371232  -2.652942  1.000000  
19.359982 -0.005762  0.005093  -0.010094  0.776090  0.097990  0.622963  -0.528505  0.640003  0.557744  -0.344045  -0.762098  0.548488  -0.016647  0.010689  0.041714  -2.488914  -0.381822  -2.654535  1.000000  
19.361224 -0.005785  0.005107  -0.010038  0.776041  0.097331  0.623127  -0.526603  0.643697  0.555286  -0.347058  -0.759066  0.550790  -0.016852  0.010853  0.042060  -2.512851  -0.402229  -2.665524  1.000000  
19.362234 -0.005803  0.005119  -0.009994  0.775958  0.096905  0.623297  -0.525148  0.646646  0.553235  -0.349441  -0.756610  0.552659  -0.017023  0.011029  0.042236  -2.537915  -0.418022  -2.666121  1.000000  
19.363474 -0.005826  0.005135  -0.009941  0.775926  0.096255  0.623437  -0.523266  0.650182  0.550869  -0.352323  -0.753657  0.554860  -0.017198  0.011167  0.042323  -2.550723  -0.427948  -2.672507  1.000000  
19.364480 -0.005845  0.005147  -0.009898  0.775679  0.095881  0.623801  -0.521938  0.653139  0.548625  -0.354826  -0.751143  0.556671  -0.017336  0.011318  0.042460  -2.564763  -0.449502  -2.681295  1.000000  
19.365727 -0.005867  0.005162  -0.009844  0.775481  0.095361  0.624128  -0.520183  0.656744  0.545983  -0.357827  -0.748060  0.558897  -0.017551  0.011493  0.042676  -2.574530  -0.468135  -2.691120  1.000000  
19.366978 -0.005890  0.005178  -0.009790  0.775230  0.094913  0.624508  -0.518396  0.660516  0.543124  -0.360948  -0.744789  0.561254  -0.017708  0.011658  0.043021  -2.588650  -0.494957  -2.698757  1.000000  
19.367985 -0.005909  0.005190  -0.009744  0.774957  0.094547  0.624902  -0.517060  0.663428  0.540844  -0.363442  -0.742243  0.563015  -0.017928  0.011781  0.043440  -2.599615  -0.514144  -2.699702  1.000000  
19.369225 -0.005932  0.005206  -0.009687  0.774791  0.093967  0.625195  -0.515107  0.667181  0.538084  -0.366557  -0.738945  0.565329  -0.018075  0.011931  0.043901  -2.619875  -0.527290  -2.709108  1.000000  
19.370476 -0.005955  0.005221  -0.009630  0.774588  0.093540  0.625510  -0.513364  0.670655  0.535424  -0.369418  -0.735848  0.567501  -0.018210  0.012073  0.044327  -2.627870  -0.538833  -2.710055  1.000000  
19.371724 -0.005979  0.005237  -0.009571  0.774375  0.093191  0.625826  -0.511619  0.674174  0.532669  -0.372276  -0.732670  0.569742  -0.018339  0.012150  0.044685  -2.637123  -0.552139  -2.707107  1.000000  
19.372724 -0.005999  0.005250  -0.009524  0.774172  0.092849  0.626128  -0.510112  0.677172  0.530306  -0.374758  -0.729944  0.571611  -0.018494  0.012260  0.044848  -2.656903  -0.572556  -2.712505  1.000000  
19.373975 -0.006023  0.005266  -0.009466  0.774001  0.092359  0.626412  -0.508173  0.680791  0.527527  -0.377733  -0.726632  0.573867  -0.018624  0.012402  0.044936  -2.665507  -0.580694  -2.724362  1.000000  
19.374976 -0.006043  0.005279  -0.009421  0.773822  0.092027  0.626682  -0.506689  0.683640  0.525265  -0.380086  -0.723995  0.575644  -0.018731  0.012459  0.044920  -2.678363  -0.592263  -2.725068  1.000000  
19.375982 -0.006062  0.005294  -0.009376  0.773636  0.091696  0.626960  -0.505203  0.686475  0.522994  -0.382436  -0.721349  0.577407  -0.018801  0.012662  0.044877  -2.691238  -0.604621  -2.729684  1.000000  
19.377224 -0.006087  0.005311  -0.009319  0.773227  0.091420  0.627505  -0.503574  0.689938  0.519999  -0.385401  -0.718072  0.579515  -0.018920  0.012784  0.045058  -2.702444  -0.618539  -2.728869  1.000000  
19.378234 -0.006106  0.005326  -0.009273  0.773067  0.091175  0.627737  -0.502111  0.692691  0.517748  -0.387622  -0.715448  0.581277  -0.018976  0.012971  0.045289  -2.705300  -0.622887  -2.720411  1.000000  
19.379477 -0.006131  0.005344  -0.009212  0.772785  0.091149  0.628088  -0.500346  0.696334  0.514561  -0.390457  -0.711906  0.583723  -0.019111  0.013165  0.045715  -2.730826  -0.634370  -2.714015  1.000000  
19.380479 -0.006152  0.005359  -0.009163  0.772713  0.090916  0.628211  -0.498720  0.699200  0.512247  -0.392673  -0.709122  0.585623  -0.019307  0.013316  0.046178  -2.742038  -0.634321  -2.711676  1.000000  
19.381481 -0.006173  0.005373  -0.009112  0.772531  0.090752  0.628458  -0.497252  0.701972  0.509879  -0.394887  -0.706399  0.587422  -0.019499  0.013463  0.046628  -2.756694  -0.635582  -2.708909  1.000000  
19.382731 -0.006199  0.005392  -0.009048  0.772118  0.090652  0.628980  -0.495639  0.705353  0.506774  -0.397713  -0.703036  0.589546  -0.019678  0.013706  0.047205  -2.776375  -0.652193  -2.702004  1.000000  
19.383985 -0.006225  0.005411  -0.008985  0.771842  0.090489  0.629342  -0.493892  0.708681  0.503827  -0.400412  -0.699702  0.591682  -0.019829  0.013935  0.047563  -2.784680  -0.663708  -2.698019  1.000000  
19.384994 -0.006246  0.005426  -0.008936  0.771581  0.090634  0.629642  -0.492606  0.711397  0.501251  -0.402495  -0.696921  0.593548  -0.019941  0.014061  0.047763  -2.800327  -0.675564  -2.687153  1.000000  
19.386227 -0.006271  0.005444  -0.008874  0.771333  0.090480  0.629968  -0.490885  0.714579  0.498407  -0.405065  -0.693679  0.595593  -0.020095  0.014217  0.048052  -2.798236  -0.676652  -2.670630  1.000000  
19.387475 -0.006298  0.005463  -0.008812  0.770974  0.090630  0.630384  -0.489320  0.717843  0.495245  -0.407633  -0.690281  0.597786  -0.020260  0.014456  0.048269  -2.810021  -0.685345  -2.652729  1.000000  
19.388724 -0.006324  0.005482  -0.008751  0.770754  0.090714  0.630642  -0.487623  0.721056  0.492242  -0.410075  -0.686913  0.599991  -0.020391  0.014596  0.048501  -2.821730  -0.688285  -2.627622  1.000000  
19.389975 -0.006350  0.005500  -0.008689  0.770378  0.091025  0.631056  -0.486054  0.724398  0.488875  -0.412636  -0.683346  0.602303  -0.020442  0.014705  0.048822  -2.844299  -0.696211  -2.606412  1.000000  
