1-Time 2-Px 3-Py 4-Pz 5-R11 6-R21 7-R31 8-R12 9-R22 10-R32 11-R13 12-R23 13-R33 14-Vx 15-Vy 16-Vz 17-Wx 18-Wy 19-Wz 20-state
232.341701 -0.021888  -0.020775  -0.003926  0.427839  0.830749  0.356105  -0.896903  0.438981  0.053487  -0.111889  -0.342275  0.932914  -0.006187  0.000701  -0.009267  0.000000  0.000000  0.000000  1.000000  
232.342789 -0.021890  -0.020774  -0.003928  0.427839  0.830706  0.356205  -0.896903  0.438974  0.053541  -0.111889  -0.342388  0.932873  -0.003819  0.001506  -0.003313  0.000000  0.000000  0.000000  1.000000  
232.344043 -0.021880  -0.020761  -0.003934  0.428023  0.830572  0.356295  -0.896815  0.439139  0.053667  -0.111889  -0.342501  0.932831  0.003921  0.007365  -0.003853  0.000000  0.000000  0.000000  1.000000  
232.345285 -0.021861  -0.020740  -0.003939  0.428208  0.830438  0.356385  -0.896727  0.439303  0.053794  -0.111889  -0.342615  0.932789  0.008269  0.010943  -0.004114  0.000000  0.000000  0.000000  1.000000  
232.346535 -0.021850  -0.020725  -0.003943  0.428201  0.830375  0.356539  -0.896713  0.439338  0.053734  -0.112021  -0.342723  0.932734  0.008322  0.011166  -0.003889  0.000000  0.000000  0.000000  1.000000  
232.347785 -0.021842  -0.020713  -0.003944  0.428386  0.830285  0.356528  -0.896625  0.439509  0.053808  -0.112021  -0.342723  0.932734  0.007950  0.010811  -0.003134  0.000000  0.000000  0.000000  1.000000  
232.349035 -0.021828  -0.020699  -0.003943  0.428571  0.830194  0.356517  -0.896537  0.439680  0.053881  -0.112021  -0.342723  0.932734  0.008587  0.010896  -0.002506  0.000000  0.000000  0.000000  1.000000  
232.350035 -0.021814  -0.020684  -0.003945  0.428571  0.830151  0.356618  -0.896537  0.439673  0.053935  -0.112021  -0.342836  0.932692  0.009254  0.011421  -0.002412  0.000000  0.000000  0.000000  1.000000  
232.351285 -0.021801  -0.020669  -0.003949  0.428571  0.830151  0.356618  -0.896537  0.439673  0.053935  -0.112021  -0.342836  0.932692  0.009418  0.011546  -0.002473  0.000000  0.000000  0.000000  1.000000  
232.352537 -0.021791  -0.020657  -0.003954  0.428755  0.830017  0.356707  -0.896449  0.439838  0.054061  -0.112021  -0.342949  0.932651  0.009186  0.011312  -0.002699  0.000000  0.000000  0.000000  1.000000  
232.353540 -0.021783  -0.020646  -0.003957  0.428755  0.829974  0.356808  -0.896449  0.439831  0.054115  -0.112021  -0.343062  0.932609  0.009065  0.011241  -0.002699  0.000000  0.000000  0.000000  1.000000  
232.354785 -0.021768  -0.020628  -0.003961  0.428940  0.829840  0.356897  -0.896360  0.439995  0.054241  -0.112021  -0.343175  0.932567  0.009418  0.011581  -0.002737  0.000000  0.000000  0.000000  1.000000  
232.356034 -0.021748  -0.020604  -0.003964  0.428940  0.829797  0.356998  -0.896360  0.439989  0.054295  -0.112021  -0.343288  0.932526  0.009998  0.012239  -0.002745  0.000000  0.000000  0.000000  1.000000  
232.357035 -0.021727  -0.020583  -0.003967  0.428933  0.829734  0.357153  -0.896347  0.440024  0.054236  -0.112154  -0.343396  0.932470  0.010706  0.012845  -0.002771  0.000000  0.000000  0.000000  1.000000  
232.358046 -0.021704  -0.020559  -0.003970  0.428933  0.829647  0.357354  -0.896347  0.440010  0.054342  -0.112154  -0.343622  0.932387  0.012460  0.014298  -0.002680  0.000000  0.000000  0.000000  1.000000  
232.359282 -0.021671  -0.020526  -0.003974  0.428927  0.829541  0.357609  -0.896333  0.440039  0.054337  -0.112287  -0.343843  0.932289  0.013618  0.015347  -0.002642  0.000000  0.000000  0.000000  1.000000  
232.360529 -0.021640  -0.020493  -0.003975  0.429118  0.829427  0.357645  -0.896259  0.440161  0.054576  -0.112154  -0.343962  0.932262  0.014503  0.016212  -0.002352  0.000000  0.000000  0.000000  1.000000  
232.361779 -0.021614  -0.020463  -0.003975  0.428933  0.829517  0.357656  -0.896347  0.439991  0.054503  -0.112154  -0.343962  0.932262  0.015666  0.017357  -0.002115  0.000000  0.000000  0.000000  1.000000  
232.363029 -0.021591  -0.020434  -0.003975  0.428933  0.829474  0.357756  -0.896347  0.439984  0.054556  -0.112154  -0.344075  0.932220  0.016573  0.018459  -0.002107  0.000000  0.000000  0.000000  1.000000  
232.364031 -0.021572  -0.020411  -0.003976  0.428749  0.829521  0.357868  -0.896435  0.439807  0.054536  -0.112154  -0.344188  0.932178  0.017061  0.019194  -0.002185  0.000000  0.000000  0.000000  1.000000  
232.365279 -0.021548  -0.020383  -0.003978  0.428749  0.829521  0.357868  -0.896435  0.439807  0.054536  -0.112154  -0.344188  0.932178  0.017556  0.019906  -0.002162  0.000000  0.000000  0.000000  1.000000  
232.366279 -0.021533  -0.020362  -0.003977  0.428571  0.829631  0.357826  -0.896537  0.439594  0.054574  -0.112021  -0.344193  0.932192  0.017856  0.020435  -0.001922  0.000000  0.000000  0.000000  1.000000  
232.367280 -0.021522  -0.020344  -0.003978  0.428571  0.829631  0.357826  -0.896537  0.439594  0.054574  -0.112021  -0.344193  0.932192  0.018088  0.020970  -0.001653  0.000000  0.000000  0.000000  1.000000  
232.368529 -0.021508  -0.020320  -0.003979  0.428386  0.829722  0.357837  -0.896625  0.439424  0.054501  -0.112021  -0.344193  0.932192  0.018394  0.021747  -0.001494  0.000000  0.000000  0.000000  1.000000  
232.369779 -0.021486  -0.020290  -0.003981  0.428386  0.829678  0.357938  -0.896625  0.439417  0.054554  -0.112021  -0.344306  0.932151  0.018792  0.022498  -0.001341  0.000000  0.000000  0.000000  1.000000  
232.370790 -0.021463  -0.020264  -0.003981  0.428386  0.829678  0.357938  -0.896625  0.439417  0.054554  -0.112021  -0.344306  0.932151  0.019301  0.023071  -0.001153  0.000000  0.000000  0.000000  1.000000  
232.372037 -0.021434  -0.020231  -0.003982  0.428201  0.829725  0.358049  -0.896713  0.439239  0.054534  -0.112021  -0.344419  0.932109  0.019490  0.023457  -0.000896  0.000000  0.000000  0.000000  1.000000  
232.373285 -0.021410  -0.020202  -0.003982  0.428010  0.829709  0.358316  -0.896788  0.439097  0.054454  -0.112154  -0.344640  0.932011  0.019083  0.023338  -0.000685  0.000000  0.000000  0.000000  1.000000  
232.374536 -0.021386  -0.020174  -0.003981  0.428010  0.829666  0.358416  -0.896788  0.439090  0.054507  -0.112154  -0.344753  0.931969  0.018480  0.022962  -0.000479  0.000000  0.000000  0.000000  1.000000  
232.375790 -0.021360  -0.020146  -0.003983  0.428010  0.829579  0.358618  -0.896788  0.439077  0.054614  -0.112154  -0.344979  0.931886  0.018263  0.022642  -0.000504  0.000000  0.000000  0.000000  1.000000  
232.377033 -0.021335  -0.020121  -0.003984  0.427826  0.829625  0.358729  -0.896876  0.438900  0.054593  -0.112154  -0.345092  0.931844  0.018335  0.022408  -0.000601  0.000000  0.000000  0.000000  1.000000  
232.378279 -0.021313  -0.020102  -0.003987  0.427832  0.829558  0.358877  -0.896890  0.438845  0.054812  -0.112021  -0.345323  0.931774  0.018214  0.021822  -0.000751  0.000000  0.000000  0.000000  1.000000  
232.379529 -0.021295  -0.020085  -0.003989  0.427832  0.829558  0.358877  -0.896890  0.438845  0.054812  -0.112021  -0.345323  0.931774  0.017769  0.020992  -0.000816  0.000000  0.000000  0.000000  1.000000  
232.380529 -0.021281  -0.020071  -0.003991  0.427832  0.829515  0.358978  -0.896890  0.438838  0.054865  -0.112021  -0.345436  0.931732  0.017547  0.020409  -0.000883  0.000000  0.000000  0.000000  1.000000  
232.381530 -0.021267  -0.020056  -0.003992  0.427832  0.829515  0.358978  -0.896890  0.438838  0.054865  -0.112021  -0.345436  0.931732  0.017573  0.020139  -0.000902  0.000000  0.000000  0.000000  1.000000  
232.382779 -0.021247  -0.020037  -0.003992  0.428017  0.829381  0.359067  -0.896801  0.439002  0.054993  -0.112021  -0.345549  0.931690  0.018031  0.019900  -0.000877  0.000000  0.000000  0.000000  1.000000  
232.383779 -0.021228  -0.020020  -0.003991  0.428017  0.829381  0.359067  -0.896801  0.439002  0.054993  -0.112021  -0.345549  0.931690  0.018450  0.019634  -0.000773  0.000000  0.000000  0.000000  1.000000  
232.384780 -0.021207  -0.020003  -0.003988  0.428017  0.829381  0.359067  -0.896801  0.439002  0.054993  -0.112021  -0.345549  0.931690  0.018569  0.019058  -0.000469  0.000000  0.000000  0.000000  1.000000  
232.385781 -0.021183  -0.019983  -0.003984  0.428201  0.829290  0.359056  -0.896713  0.439173  0.055066  -0.112021  -0.345549  0.931690  0.018708  0.018728  -0.000216  0.000000  0.000000  0.000000  1.000000  
232.387039 -0.021154  -0.019958  -0.003979  0.428392  0.829176  0.359091  -0.896639  0.439295  0.055306  -0.111889  -0.345668  0.931662  0.018654  0.018096  0.000185  0.000000  0.000000  0.000000  1.000000  
232.388284 -0.021126  -0.019935  -0.003975  0.428392  0.829133  0.359192  -0.896639  0.439289  0.055359  -0.111889  -0.345781  0.931620  0.018908  0.017779  0.000419  0.000000  0.000000  0.000000  1.000000  
232.389536 -0.021100  -0.019917  -0.003971  0.428583  0.829019  0.359227  -0.896564  0.439411  0.055599  -0.111756  -0.345899  0.931593  0.018999  0.017039  0.000698  0.000000  0.000000  0.000000  1.000000  
232.390782 -0.021075  -0.019900  -0.003969  0.428583  0.828975  0.359328  -0.896564  0.439404  0.055652  -0.111756  -0.346012  0.931551  0.019032  0.016392  0.000924  0.000000  0.000000  0.000000  1.000000  
232.392036 -0.021051  -0.019886  -0.003966  0.428781  0.828837  0.359410  -0.896503  0.439478  0.056058  -0.111490  -0.346248  0.931495  0.018891  0.015639  0.001225  0.000000  0.000000  0.000000  1.000000  
232.393048 -0.021036  -0.019876  -0.003964  0.428787  0.828814  0.359456  -0.896516  0.439429  0.056224  -0.111357  -0.346366  0.931467  0.018757  0.015300  0.001544  0.000000  0.000000  0.000000  1.000000  
232.394279 -0.021020  -0.019864  -0.003961  0.428978  0.828700  0.359492  -0.896441  0.439551  0.056463  -0.111224  -0.346485  0.931439  0.018639  0.014926  0.001812  0.000000  0.000000  0.000000  1.000000  
232.395530 -0.021001  -0.019851  -0.003959  0.428991  0.828653  0.359585  -0.896468  0.439454  0.056795  -0.110958  -0.346721  0.931382  0.018766  0.014646  0.002175  0.000000  0.000000  0.000000  1.000000  
232.396779 -0.020979  -0.019835  -0.003955  0.429189  0.828559  0.359566  -0.896406  0.439534  0.057147  -0.110692  -0.346844  0.931368  0.018946  0.014466  0.002477  0.000000  0.000000  0.000000  1.000000  
232.398029 -0.020954  -0.019816  -0.003949  0.429195  0.828491  0.359713  -0.896420  0.439478  0.057366  -0.110559  -0.347075  0.931298  0.019207  0.014409  0.002885  0.000000  0.000000  0.000000  1.000000  
232.399029 -0.020935  -0.019800  -0.003943  0.429208  0.828488  0.359706  -0.896446  0.439387  0.057644  -0.110293  -0.347199  0.931283  0.019153  0.014397  0.003166  0.000000  0.000000  0.000000  1.000000  
232.400036 -0.020916  -0.019783  -0.003936  0.429214  0.828421  0.359853  -0.896460  0.439331  0.057863  -0.110160  -0.347430  0.931213  0.018816  0.014246  0.003398  0.000000  0.000000  0.000000  1.000000  
232.401280 -0.020893  -0.019761  -0.003927  0.429233  0.828437  0.359792  -0.896500  0.439198  0.058253  -0.109761  -0.347558  0.931212  0.018419  0.014046  0.003687  0.000000  0.000000  0.000000  1.000000  
232.402531 -0.020869  -0.019739  -0.003919  0.429252  0.828410  0.359832  -0.896539  0.439058  0.058697  -0.109362  -0.347799  0.931169  0.018259  0.013953  0.003939  0.000000  0.000000  0.000000  1.000000  
232.403553 -0.020851  -0.019723  -0.003913  0.429277  0.828447  0.359717  -0.896592  0.438883  0.059200  -0.108830  -0.347933  0.931181  0.017936  0.013813  0.004101  0.000000  0.000000  0.000000  1.000000  
232.404785 -0.020831  -0.019706  -0.003905  0.429118  0.828530  0.359715  -0.896733  0.438530  0.059682  -0.108298  -0.348179  0.931151  0.017611  0.013847  0.004435  0.000000  0.000000  0.000000  1.000000  
232.406033 -0.020813  -0.019689  -0.003895  0.429149  0.828500  0.359748  -0.896798  0.438298  0.060403  -0.107633  -0.348543  0.931092  0.017108  0.013921  0.004923  0.125100  0.154049  0.020947  1.000000  
232.407036 -0.020798  -0.019676  -0.003886  0.429174  0.828537  0.359633  -0.896850  0.438122  0.060906  -0.107101  -0.348676  0.931104  0.016859  0.014073  0.005390  0.122755  0.170299  0.019403  1.000000  
232.408040 -0.020785  -0.019662  -0.003878  0.429020  0.828641  0.359578  -0.897002  0.437726  0.061500  -0.106436  -0.348927  0.931086  0.016742  0.014281  0.005709  0.126051  0.188944  0.033724  1.000000  
232.409282 -0.020768  -0.019644  -0.003867  0.428872  0.828721  0.359570  -0.897168  0.437280  0.062259  -0.105637  -0.349296  0.931039  0.016817  0.014752  0.006368  0.137548  0.211867  0.049638  1.000000  
232.410282 -0.020751  -0.019628  -0.003860  0.428718  0.828824  0.359515  -0.897319  0.436884  0.062853  -0.104972  -0.349546  0.931020  0.016928  0.015166  0.006704  0.140866  0.230523  0.063981  1.000000  
232.411530 -0.020729  -0.019604  -0.003850  0.428754  0.828815  0.359495  -0.897395  0.436607  0.063687  -0.104174  -0.349915  0.930971  0.016975  0.015674  0.007144  0.152358  0.253415  0.079913  1.000000  
232.412780 -0.020703  -0.019578  -0.003839  0.428796  0.828825  0.359420  -0.897483  0.436288  0.064632  -0.103242  -0.350288  0.930935  0.017049  0.016148  0.007483  0.160508  0.282891  0.090992  1.000000  
232.413780 -0.020683  -0.019557  -0.003831  0.428647  0.828905  0.359413  -0.897646  0.435840  0.065391  -0.102444  -0.350656  0.930885  0.017098  0.016452  0.007599  0.172023  0.305798  0.106956  1.000000  
232.415030 -0.020657  -0.019531  -0.003821  0.428503  0.829006  0.359353  -0.897820  0.435349  0.066263  -0.101512  -0.351028  0.930846  0.017272  0.016791  0.007655  0.181237  0.327669  0.129832  1.000000  
232.416036 -0.020637  -0.019511  -0.003814  0.428532  0.828976  0.359386  -0.897881  0.435113  0.066983  -0.100846  -0.351391  0.930782  0.017333  0.016935  0.007645  0.190845  0.351320  0.138833  1.000000  
232.417279 -0.020611  -0.019487  -0.003804  0.428573  0.828944  0.359413  -0.897966  0.434783  0.067981  -0.099914  -0.351875  0.930699  0.017466  0.017081  0.007782  0.204787  0.371178  0.153599  1.000000  
232.418280 -0.020591  -0.019468  -0.003796  0.428422  0.829024  0.359407  -0.898126  0.434332  0.068739  -0.099116  -0.352242  0.930646  0.017572  0.017231  0.007925  0.212147  0.393790  0.169468  1.000000  
232.419280 -0.020573  -0.019451  -0.003788  0.428462  0.828992  0.359434  -0.898210  0.434000  0.069736  -0.098184  -0.352727  0.930561  0.017673  0.017459  0.007989  0.223558  0.416379  0.185371  1.000000  
232.420295 -0.020555  -0.019433  -0.003780  0.428501  0.829003  0.359361  -0.898292  0.433677  0.070681  -0.097251  -0.353098  0.930518  0.017922  0.017775  0.008064  0.233500  0.449110  0.198011  1.000000  
232.421532 -0.020532  -0.019412  -0.003769  0.428551  0.828969  0.359381  -0.898397  0.433249  0.071955  -0.096053  -0.353703  0.930413  0.018217  0.017996  0.008137  0.249170  0.480413  0.217329  1.000000  
232.422536 -0.020513  -0.019394  -0.003759  0.428775  0.828892  0.359292  -0.898390  0.433094  0.072973  -0.095121  -0.354074  0.930368  0.018674  0.018373  0.008208  0.253960  0.507987  0.220520  1.000000  
232.423782 -0.020485  -0.019369  -0.003747  0.428824  0.828857  0.359313  -0.898493  0.432665  0.074247  -0.093922  -0.354678  0.930259  0.019409  0.018900  0.008324  0.270300  0.537392  0.231813  1.000000  
232.425043 -0.020457  -0.019342  -0.003735  0.429063  0.828755  0.359264  -0.898517  0.432361  0.075706  -0.092590  -0.355287  0.930160  0.019940  0.019372  0.008446  0.286490  0.570694  0.244585  1.000000  
232.426285 -0.020427  -0.019312  -0.003723  0.429301  0.828653  0.359214  -0.898539  0.432056  0.077165  -0.091257  -0.355895  0.930060  0.020463  0.019768  0.008585  0.298847  0.608667  0.259215  1.000000  
232.427530 -0.020396  -0.019283  -0.003710  0.429538  0.828552  0.359164  -0.898560  0.431749  0.078624  -0.089925  -0.356502  0.929957  0.020825  0.020007  0.008712  0.311846  0.644756  0.265804  1.000000  
232.428780 -0.020366  -0.019253  -0.003697  0.429959  0.828362  0.359097  -0.898491  0.431612  0.080156  -0.088592  -0.357109  0.929852  0.021140  0.020255  0.008882  0.329547  0.683185  0.265895  1.000000  
232.430031 -0.020337  -0.019225  -0.003686  0.430200  0.828239  0.359092  -0.898519  0.431249  0.081778  -0.087126  -0.357832  0.929712  0.021369  0.020388  0.009020  0.343716  0.721619  0.273478  1.000000  
232.431280 -0.020309  -0.019198  -0.003675  0.430440  0.828074  0.359187  -0.898545  0.430874  0.083452  -0.085660  -0.358667  0.929527  0.021545  0.020588  0.009159  0.368592  0.757160  0.280062  1.000000  
232.432280 -0.020288  -0.019179  -0.003666  0.430854  0.827865  0.359171  -0.898460  0.430774  0.084871  -0.084460  -0.359268  0.929405  0.021571  0.020608  0.009232  0.385259  0.793530  0.279451  1.000000  
232.433530 -0.020263  -0.019156  -0.003656  0.431093  0.827744  0.359164  -0.898483  0.430404  0.086491  -0.082993  -0.359989  0.929258  0.021594  0.020576  0.009285  0.403208  0.819035  0.282388  1.000000  
232.434780 -0.020239  -0.019133  -0.003646  0.431524  0.827533  0.359132  -0.898434  0.430106  0.088461  -0.081260  -0.360829  0.929085  0.021620  0.020564  0.009248  0.425093  0.863186  0.277800  1.000000  
232.435782 -0.020220  -0.019115  -0.003638  0.431751  0.827372  0.359231  -0.898433  0.429819  0.089857  -0.080060  -0.361541  0.928913  0.021759  0.020692  0.009140  0.441437  0.889425  0.280544  1.000000  
232.437037 -0.020194  -0.019090  -0.003628  0.432176  0.827142  0.359250  -0.898370  0.429559  0.091713  -0.078459  -0.362376  0.928724  0.021924  0.020885  0.009122  0.463664  0.926027  0.272948  1.000000  
232.438284 -0.020165  -0.019063  -0.003617  0.432600  0.826912  0.359267  -0.898304  0.429296  0.093569  -0.076858  -0.363209  0.928532  0.022074  0.021064  0.008970  0.485803  0.954185  0.262158  1.000000  
232.439533 -0.020137  -0.019035  -0.003606  0.433212  0.826617  0.359210  -0.898156  0.429156  0.095610  -0.075124  -0.364046  0.928346  0.022156  0.021165  0.009004  0.503903  0.990919  0.254725  1.000000  
232.440535 -0.020113  -0.019013  -0.003596  0.433445  0.826457  0.359298  -0.898165  0.428762  0.097279  -0.073656  -0.364874  0.928139  0.022129  0.021158  0.008961  0.525303  1.020743  0.252024  1.000000  
232.441780 -0.020085  -0.018984  -0.003584  0.433874  0.826229  0.359304  -0.898109  0.428390  0.099408  -0.071788  -0.365825  0.927911  0.021917  0.021077  0.008911  0.546856  1.059368  0.252817  1.000000  
232.443031 -0.020057  -0.018955  -0.003571  0.434302  0.826003  0.359308  -0.898050  0.428015  0.101537  -0.069920  -0.366774  0.927679  0.021805  0.021078  0.008934  0.568781  1.095934  0.245522  1.000000  
232.444033 -0.020035  -0.018933  -0.003561  0.434720  0.825822  0.359218  -0.897971  0.427750  0.103337  -0.068318  -0.367489  0.927515  0.021629  0.020935  0.008906  0.581931  1.125837  0.242945  1.000000  
232.445280 -0.020010  -0.018907  -0.003549  0.435329  0.825510  0.359197  -0.897816  0.427538  0.105537  -0.066449  -0.368436  0.927275  0.021356  0.020792  0.009057  0.604467  1.169340  0.230978  1.000000  
232.446530 -0.019986  -0.018882  -0.003536  0.435756  0.825308  0.359142  -0.897755  0.427108  0.107773  -0.064446  -0.369384  0.927039  0.021202  0.020800  0.009149  0.621610  1.207723  0.231964  1.000000  
232.447780 -0.019963  -0.018859  -0.003525  0.436181  0.825065  0.359185  -0.897690  0.426662  0.110061  -0.062443  -0.370443  0.926754  0.021013  0.020748  0.009160  0.643334  1.244401  0.225019  1.000000  
232.449030 -0.019939  -0.018835  -0.003514  0.436790  0.824691  0.359304  -0.897531  0.426366  0.112472  -0.060440  -0.371613  0.926418  0.020932  0.020818  0.009204  0.663579  1.278813  0.219646  1.000000  
232.450032 -0.019918  -0.018815  -0.003506  0.437016  0.824516  0.359430  -0.897527  0.425889  0.114297  -0.058837  -0.372548  0.926146  0.021073  0.020917  0.009194  0.684062  1.302062  0.222239  1.000000  
232.451032 -0.019897  -0.018795  -0.003498  0.437427  0.824254  0.359531  -0.897431  0.425578  0.116195  -0.057235  -0.373481  0.925870  0.021196  0.020993  0.009270  0.700968  1.327705  0.218554  1.000000  
232.452280 -0.019868  -0.018769  -0.003487  0.438034  0.823863  0.359689  -0.897269  0.425210  0.118766  -0.055097  -0.374761  0.925483  0.021291  0.021045  0.009280  0.729849  1.361622  0.218403  1.000000  
232.453284 -0.019844  -0.018748  -0.003478  0.438441  0.823560  0.359887  -0.897166  0.424878  0.120713  -0.053494  -0.375804  0.925154  0.021440  0.021040  0.009295  0.752773  1.390277  0.213435  1.000000  
232.454288 -0.019819  -0.018725  -0.003470  0.438851  0.823279  0.360029  -0.897068  0.424496  0.122770  -0.051757  -0.376848  0.924828  0.021489  0.021018  0.009202  0.773050  1.413266  0.216286  1.000000  
232.455533 -0.019789  -0.018697  -0.003458  0.439456  0.822914  0.360126  -0.896900  0.424067  0.125447  -0.049485  -0.378126  0.924431  0.021619  0.021017  0.009214  0.799334  1.451668  0.210191  1.000000  
232.456535 -0.019765  -0.018675  -0.003450  0.439862  0.822637  0.360264  -0.896795  0.423677  0.127502  -0.047748  -0.379167  0.924096  0.021708  0.020935  0.009118  0.822830  1.473233  0.212832  1.000000  
232.457783 -0.019735  -0.018649  -0.003439  0.440463  0.822275  0.360356  -0.896618  0.423237  0.130176  -0.045476  -0.380440  0.923687  0.021802  0.020739  0.008995  0.843146  1.505008  0.219553  1.000000  
232.458784 -0.019713  -0.018629  -0.003430  0.440869  0.822022  0.360437  -0.896512  0.422792  0.132338  -0.043605  -0.381480  0.923348  0.021858  0.020596  0.008870  0.863313  1.532209  0.224244  1.000000  
232.460034 -0.019685  -0.018605  -0.003419  0.441654  0.821579  0.360486  -0.896245  0.422402  0.135356  -0.041065  -0.382864  0.922891  0.022067  0.020443  0.008760  0.888393  1.573122  0.219999  1.000000  
232.461280 -0.019659  -0.018582  -0.003408  0.442250  0.821158  0.360714  -0.896058  0.421865  0.138237  -0.038658  -0.384356  0.922375  0.022129  0.020308  0.008659  0.909623  1.602438  0.222196  1.000000  
232.462280 -0.019636  -0.018563  -0.003400  0.442835  0.820779  0.360859  -0.895848  0.421557  0.140520  -0.036786  -0.385502  0.921973  0.022416  0.020340  0.008641  0.929646  1.625497  0.225585  1.000000  
232.463280 -0.019614  -0.018544  -0.003391  0.443418  0.820314  0.361200  -0.895635  0.421209  0.142904  -0.034914  -0.386870  0.921473  0.022655  0.020369  0.008601  0.962049  1.656591  0.221465  1.000000  
232.464530 -0.019584  -0.018519  -0.003379  0.444191  0.819812  0.361389  -0.895342  0.420820  0.145853  -0.032507  -0.388354  0.920937  0.023007  0.020442  0.008728  0.986439  1.682389  0.219061  1.000000  
232.465530 -0.019559  -0.018499  -0.003369  0.444771  0.819394  0.361625  -0.895120  0.420477  0.148183  -0.030635  -0.389605  0.920472  0.023304  0.020481  0.008875  1.006986  1.708323  0.216430  1.000000  
232.466780 -0.019527  -0.018473  -0.003358  0.445725  0.818745  0.361919  -0.894729  0.420159  0.151414  -0.028094  -0.391308  0.919831  0.023534  0.020431  0.008932  1.039253  1.742852  0.214422  1.000000  
232.467782 -0.019501  -0.018452  -0.003348  0.446302  0.818310  0.362193  -0.894502  0.419738  0.153901  -0.026088  -0.392668  0.919310  0.023665  0.020386  0.008977  1.063185  1.766031  0.218400  1.000000  
232.469033 -0.019468  -0.018425  -0.003337  0.447250  0.817710  0.362378  -0.894099  0.419422  0.157076  -0.023546  -0.394254  0.918700  0.023811  0.020377  0.008961  1.091468  1.798287  0.211726  1.000000  
232.470061 -0.019442  -0.018406  -0.003329  0.448008  0.817216  0.362557  -0.893773  0.419108  0.159743  -0.021406  -0.395610  0.918169  0.023886  0.020104  0.008901  1.115507  1.829026  0.207798  1.000000  
232.471288 -0.019411  -0.018382  -0.003320  0.448953  0.816624  0.362720  -0.893362  0.418660  0.163183  -0.018597  -0.397302  0.917500  0.023946  0.019892  0.008797  1.144491  1.866927  0.203290  1.000000  
232.472289 -0.019388  -0.018363  -0.003312  0.449706  0.816134  0.362890  -0.893025  0.418332  0.165845  -0.016456  -0.398652  0.916955  0.023908  0.019711  0.008727  1.168461  1.892582  0.201105  1.000000  
232.473540 -0.019361  -0.018343  -0.003304  0.450458  0.815543  0.363287  -0.892689  0.417771  0.169036  -0.013915  -0.400446  0.916215  0.023824  0.019399  0.008542  1.200473  1.914349  0.197971  1.000000  
232.474784 -0.019335  -0.018323  -0.003296  0.451576  0.814806  0.363553  -0.892162  0.417488  0.172483  -0.011239  -0.402237  0.915467  0.023707  0.019147  0.008359  1.233168  1.950088  0.185641  1.000000  
232.475786 -0.019315  -0.018307  -0.003290  0.452320  0.814279  0.363808  -0.891809  0.417116  0.175188  -0.009098  -0.403689  0.914851  0.023633  0.018945  0.008216  1.256910  1.971614  0.182151  1.000000  
232.476793 -0.019293  -0.018291  -0.003283  0.453246  0.813692  0.363968  -0.891359  0.416855  0.178075  -0.006824  -0.405138  0.914230  0.023620  0.018728  0.008043  1.280713  1.999844  0.174072  1.000000  
232.478034 -0.019266  -0.018271  -0.003275  0.454353  0.812920  0.364314  -0.890812  0.416520  0.181563  -0.004148  -0.407029  0.913406  0.023557  0.018484  0.007884  1.313067  2.031529  0.160490  1.000000  
232.479037 -0.019244  -0.018254  -0.003267  0.455090  0.812380  0.364598  -0.890444  0.416053  0.184420  -0.001873  -0.408582  0.912720  0.023424  0.018298  0.007770  1.336432  2.052964  0.157426  1.000000  
232.480042 -0.019222  -0.018237  -0.003261  0.455824  0.811817  0.364935  -0.890070  0.415626  0.187165  0.000268  -0.410132  0.912026  0.023253  0.018089  0.007583  1.359834  2.078488  0.156183  1.000000  
232.481285 -0.019193  -0.018215  -0.003251  0.456921  0.811059  0.365249  -0.889502  0.415138  0.190911  0.003211  -0.412120  0.911124  0.023043  0.017833  0.007357  1.387882  2.118763  0.146792  1.000000  
232.482535 -0.019165  -0.018194  -0.003242  0.458013  0.810255  0.365666  -0.888926  0.414736  0.194435  0.005887  -0.414103  0.910211  0.022829  0.017548  0.007257  1.415161  2.143160  0.138510  1.000000  
232.483536 -0.019143  -0.018177  -0.003235  0.458922  0.809588  0.366002  -0.888442  0.414497  0.197138  0.007894  -0.415643  0.909494  0.022515  0.017185  0.007032  1.435613  2.161272  0.125347  1.000000  
232.484785 -0.019116  -0.018158  -0.003228  0.460008  0.808789  0.366406  -0.887852  0.414072  0.200656  0.010570  -0.417617  0.908562  0.022175  0.016818  0.006857  1.462426  2.181455  0.115538  1.000000  
232.485790 -0.019097  -0.018144  -0.003222  0.460911  0.808083  0.366829  -0.887357  0.413791  0.203404  0.012577  -0.419260  0.907779  0.021821  0.016470  0.006737  1.489542  2.196768  0.103659  1.000000  
232.487048 -0.019074  -0.018127  -0.003216  0.461987  0.807253  0.367303  -0.886751  0.413193  0.207230  0.015520  -0.421443  0.906722  0.021314  0.015997  0.006561  1.519557  2.224252  0.097831  1.000000  
232.488284 -0.019053  -0.018112  -0.003209  0.463060  0.806445  0.367726  -0.886137  0.412656  0.210893  0.018329  -0.423512  0.905705  0.020925  0.015660  0.006512  1.551293  2.254296  0.091955  1.000000  
232.489285 -0.019035  -0.018101  -0.003205  0.463953  0.805727  0.368173  -0.885623  0.412268  0.213789  0.020470  -0.425251  0.904844  0.020701  0.015341  0.006347  1.573931  2.266192  0.078297  1.000000  
232.490287 -0.019018  -0.018090  -0.003201  0.464840  0.804975  0.368698  -0.885099  0.411718  0.216997  0.022878  -0.427203  0.903866  0.020436  0.015063  0.006165  1.608706  2.283812  0.074803  1.000000  
232.491537 -0.018997  -0.018074  -0.003196  0.465901  0.804132  0.369198  -0.884464  0.411116  0.220697  0.025687  -0.429366  0.902765  0.020142  0.014748  0.005942  1.635101  2.301681  0.072215  1.000000  
232.492538 -0.018979  -0.018063  -0.003193  0.466602  0.803462  0.369772  -0.884029  0.410505  0.223557  0.027827  -0.431201  0.901826  0.019879  0.014399  0.005695  1.659309  2.314678  0.073544  1.000000  
232.493543 -0.018961  -0.018050  -0.003190  0.467301  0.802793  0.370341  -0.883590  0.409884  0.226414  0.029966  -0.433033  0.900880  0.019549  0.014112  0.005415  1.680190  2.323077  0.074766  1.000000  
232.494788 -0.018938  -0.018034  -0.003186  0.468351  0.801959  0.370822  -0.882934  0.409244  0.230101  0.032775  -0.435179  0.899747  0.019289  0.013825  0.005129  1.706797  2.341496  0.072384  1.000000  
232.496042 -0.018915  -0.018018  -0.003182  0.469396  0.801039  0.371489  -0.882270  0.408532  0.233881  0.035583  -0.437537  0.898496  0.018857  0.013362  0.004724  1.732534  2.358821  0.070618  1.000000  
232.497285 -0.018892  -0.018002  -0.003178  0.470618  0.800083  0.372002  -0.881501  0.407998  0.237683  0.038391  -0.439778  0.897286  0.018522  0.012996  0.004304  1.755499  2.374026  0.066979  1.000000  
232.498306 -0.018875  -0.017991  -0.003175  0.471483  0.799369  0.372443  -0.880937  0.407444  0.240706  0.040664  -0.441588  0.896296  0.018133  0.012614  0.004079  1.771839  2.385256  0.062278  1.000000  
232.499539 -0.018855  -0.017978  -0.003171  0.472696  0.798375  0.373036  -0.880153  0.406851  0.244548  0.043471  -0.443925  0.895009  0.017646  0.012168  0.003875  1.802915  2.400640  0.058766  1.000000  
232.500788 -0.018837  -0.017967  -0.003168  0.473720  0.797452  0.373711  -0.879452  0.405995  0.248461  0.046411  -0.446361  0.893648  0.017272  0.011815  0.003624  1.831048  2.404361  0.058482  1.000000  
232.502036 -0.018820  -0.017955  -0.003165  0.474923  0.796421  0.374382  -0.878650  0.405338  0.252340  0.049218  -0.448792  0.892280  0.016928  0.011464  0.003410  1.860278  2.413745  0.053502  1.000000  
232.503038 -0.018806  -0.017947  -0.003163  0.475954  0.795590  0.374840  -0.877962  0.404867  0.255471  0.051490  -0.450688  0.891195  0.016732  0.011237  0.003154  1.884794  2.427603  0.048742  1.000000  
232.504050 -0.018791  -0.017938  -0.003160  0.477161  0.794632  0.375335  -0.877170  0.404518  0.258725  0.053761  -0.452686  0.890048  0.016517  0.011054  0.002990  1.905522  2.442163  0.030372  1.000000  
232.505285 -0.018773  -0.017926  -0.003158  0.478527  0.793513  0.375965  -0.876240  0.403893  0.262819  0.056700  -0.455201  0.888581  0.016360  0.010900  0.002838  1.932608  2.456750  0.028531  1.000000  
232.506286 -0.018760  -0.017917  -0.003156  0.479546  0.792553  0.376689  -0.875533  0.403288  0.266083  0.058971  -0.457403  0.887302  0.016077  0.010721  0.002712  1.962083  2.460508  0.026766  1.000000  
232.507286 -0.018745  -0.017907  -0.003154  0.480565  0.791659  0.377271  -0.874827  0.402790  0.269142  0.061108  -0.459388  0.886131  0.015863  0.010562  0.002596  1.979775  2.461958  0.026238  1.000000  
232.508533 -0.018726  -0.017894  -0.003153  0.481921  0.790429  0.378120  -0.873881  0.402103  0.273213  0.063912  -0.462099  0.884523  0.015705  0.010409  0.002448  2.012685  2.470941  0.014203  1.000000  
232.509534 -0.018711  -0.017883  -0.003151  0.483108  0.789487  0.378572  -0.873056  0.401686  0.276444  0.066182  -0.464067  0.883324  0.015468  0.010232  0.002343  2.029829  2.483849  0.002651  1.000000  
232.510784 -0.018692  -0.017871  -0.003151  0.484453  0.788357  0.379208  -0.872093  0.401032  0.280405  0.068985  -0.466548  0.881802  0.015196  0.010034  0.002166  2.050459  2.489726  -0.003255  1.000000  
232.512039 -0.018676  -0.017859  -0.003149  0.485971  0.787103  0.379869  -0.871021  0.400486  0.284487  0.071788  -0.469127  0.880208  0.014661  0.009693  0.001961  2.075638  2.499701  -0.015128  1.000000  
232.513280 -0.018660  -0.017849  -0.003149  0.487479  0.785838  0.380555  -0.869931  0.399831  0.288712  0.074724  -0.471798  0.878535  0.014393  0.009497  0.001739  2.103532  2.520202  -0.020840  1.000000  
232.514280 -0.018648  -0.017842  -0.003149  0.488822  0.784722  0.381137  -0.868968  0.399356  0.292250  0.077125  -0.474054  0.877112  0.014059  0.009285  0.001538  2.132325  2.533408  -0.031664  1.000000  
232.515530 -0.018634  -0.017833  -0.003149  0.490317  0.783420  0.381893  -0.867859  0.398625  0.296510  0.080060  -0.476813  0.875351  0.013763  0.009072  0.001289  2.160575  2.558595  -0.034855  1.000000  
232.516780 -0.018620  -0.017824  -0.003149  0.491806  0.782124  0.382635  -0.866741  0.397873  0.300762  0.082993  -0.479562  0.873575  0.013518  0.008919  0.001085  2.188414  2.567890  -0.045932  1.000000  
232.517781 -0.018609  -0.017816  -0.003149  0.492960  0.781116  0.383209  -0.865865  0.397278  0.304053  0.085260  -0.481693  0.872183  0.013312  0.008871  0.000876  2.205967  2.582469  -0.056395  1.000000  
232.519033 -0.018594  -0.017805  -0.003149  0.494442  0.779797  0.383985  -0.864738  0.396543  0.308190  0.088059  -0.484428  0.870388  0.013143  0.008848  0.000739  2.232910  2.587371  -0.061209  1.000000  
232.520039 -0.018583  -0.017796  -0.003149  0.495581  0.778828  0.384482  -0.863839  0.395862  0.311571  0.090458  -0.486539  0.868963  0.012902  0.008807  0.000606  2.243566  2.595975  -0.069131  1.000000  
232.521284 -0.018568  -0.017784  -0.003149  0.497058  0.777439  0.385386  -0.862706  0.395107  0.315641  0.093123  -0.489367  0.867092  0.012738  0.008835  0.000466  2.268941  2.599283  -0.079713  1.000000  
232.522536 -0.018554  -0.017772  -0.003148  0.498693  0.776038  0.386095  -0.861440  0.394375  0.319983  0.096053  -0.492171  0.865183  0.012472  0.008782  0.000408  2.291520  2.623183  -0.098038  1.000000  
232.523541 -0.018541  -0.017762  -0.003148  0.499817  0.774942  0.386845  -0.860518  0.393528  0.323488  0.098450  -0.494571  0.863543  0.012287  0.008802  0.000291  2.315440  2.640718  -0.105393  1.000000  
232.524785 -0.018527  -0.017750  -0.003148  0.501262  0.773633  0.387594  -0.859336  0.392596  0.327735  0.101379  -0.497354  0.861604  0.011958  0.008699  0.000215  2.342674  2.654575  -0.113568  1.000000  
232.526035 -0.018513  -0.017739  -0.003148  0.502877  0.772202  0.388355  -0.858041  0.391759  0.332100  0.104307  -0.500230  0.859587  0.011642  0.008633  0.000110  2.365495  2.671994  -0.127219  1.000000  
232.527035 -0.018503  -0.017731  -0.003149  0.504161  0.771037  0.389004  -0.856993  0.391016  0.335663  0.106702  -0.502602  0.857908  0.011515  0.008565  0.000003  2.392602  2.685256  -0.136507  1.000000  
232.528042 -0.018494  -0.017723  -0.003150  0.505439  0.769782  0.389830  -0.855938  0.390175  0.339314  0.109096  -0.505173  0.856095  0.011238  0.008539  -0.000090  2.425984  2.700766  -0.142087  1.000000  
232.529288 -0.018481  -0.017713  -0.003153  0.507034  0.768319  0.390643  -0.854615  0.389232  0.343702  0.112021  -0.508118  0.853971  0.011133  0.008643  -0.000313  2.451812  2.713692  -0.149278  1.000000  
232.530536 -0.018468  -0.017703  -0.003155  0.508629  0.766780  0.391592  -0.853296  0.388281  0.348028  0.114813  -0.511162  0.851782  0.011037  0.008722  -0.000435  2.473471  2.719657  -0.163200  1.000000  
232.531536 -0.018459  -0.017695  -0.003157  0.509899  0.765740  0.391976  -0.852231  0.387652  0.351324  0.117072  -0.513193  0.850251  0.010932  0.008741  -0.000580  2.485661  2.730090  -0.171867  1.000000  
232.532786 -0.018446  -0.017685  -0.003160  0.511648  0.764215  0.392673  -0.850775  0.386799  0.355765  0.119995  -0.516103  0.848080  0.010874  0.008763  -0.000703  2.507063  2.744220  -0.181380  1.000000  
232.534037 -0.018433  -0.017673  -0.003163  0.513388  0.762697  0.393353  -0.849308  0.385921  0.360196  0.122917  -0.518998  0.845891  0.010739  0.008819  -0.000897  2.525962  2.759380  -0.187853  1.000000  
232.535037 -0.018421  -0.017663  -0.003166  0.514814  0.761401  0.393998  -0.848114  0.385223  0.363738  0.125174  -0.521413  0.844074  0.010762  0.008869  -0.001098  2.545333  2.765266  -0.197800  1.000000  
232.536042 -0.018409  -0.017653  -0.003167  0.516061  0.760190  0.394706  -0.847020  0.384352  0.367193  0.127430  -0.523818  0.842245  0.010773  0.008882  -0.001228  2.556525  2.772098  -0.201771  1.000000  
232.537051 -0.018398  -0.017643  -0.003171  0.517468  0.758891  0.395362  -0.845798  0.383516  0.370865  0.129819  -0.526307  0.840326  0.010760  0.008909  -0.001480  2.578715  2.789656  -0.207347  1.000000  
232.538285 -0.018384  -0.017630  -0.003174  0.519179  0.757348  0.396076  -0.844295  0.382506  0.375307  0.132737  -0.529257  0.838014  0.010671  0.008912  -0.001688  2.593734  2.805648  -0.213089  1.000000  
232.539535 -0.018371  -0.017619  -0.003177  0.520901  0.755689  0.396983  -0.842812  0.381545  0.379594  0.135389  -0.532313  0.835651  0.010537  0.008834  -0.001975  2.624587  2.809081  -0.217522  1.000000  
232.540537 -0.018361  -0.017611  -0.003181  0.522298  0.754369  0.397658  -0.841581  0.380709  0.383147  0.137642  -0.534778  0.833707  0.010500  0.008852  -0.002227  2.643241  2.819904  -0.227207  1.000000  
232.541784 -0.018350  -0.017600  -0.003185  0.524169  0.752681  0.398395  -0.839957  0.379796  0.387592  0.140424  -0.537798  0.831297  0.010395  0.008865  -0.002439  2.665689  2.831638  -0.234909  1.000000  
232.542785 -0.018340  -0.017591  -0.003190  0.525553  0.751322  0.399135  -0.838712  0.378874  0.391174  0.142676  -0.540342  0.829261  0.010399  0.008873  -0.002588  2.683985  2.838153  -0.238087  1.000000  
232.543785 -0.018330  -0.017583  -0.003193  0.527105  0.749890  0.399782  -0.837351  0.378089  0.394831  0.144927  -0.542875  0.827214  0.010402  0.008880  -0.002737  2.698927  2.838034  -0.245708  1.000000  
232.545035 -0.018318  -0.017573  -0.003199  0.529124  0.748143  0.400387  -0.835590  0.377259  0.399331  0.147706  -0.545855  0.824758  0.010340  0.008936  -0.002968  2.715359  2.848851  -0.261155  1.000000  
232.546035 -0.018309  -0.017564  -0.003202  0.530661  0.746770  0.400915  -0.834213  0.376482  0.402926  0.149956  -0.548266  0.822750  0.010354  0.009005  -0.003096  2.721249  2.859991  -0.269953  1.000000  
232.547037 -0.018298  -0.017555  -0.003207  0.532375  0.745188  0.401586  -0.832737  0.375805  0.406595  0.152072  -0.550877  0.820615  0.010381  0.009057  -0.003275  2.742602  2.870907  -0.286888  1.000000  
232.548037 -0.018288  -0.017546  -0.003212  0.534071  0.743700  0.402093  -0.831236  0.375096  0.410304  0.154320  -0.553366  0.818518  0.010322  0.009078  -0.003398  2.759738  2.885848  -0.301564  1.000000  
232.549285 -0.018275  -0.017534  -0.003218  0.536079  0.741752  0.403017  -0.829472  0.374146  0.414718  0.156831  -0.556613  0.815834  0.010294  0.009153  -0.003701  2.788248  2.889719  -0.320863  1.000000  
232.550419 -0.018264  -0.017523  -0.003224  0.537943  0.740157  0.403466  -0.827861  0.373610  0.418403  0.158945  -0.559091  0.813729  0.010171  0.009059  -0.003890  2.786061  2.894172  -0.341966  1.000000  
232.551535 -0.018252  -0.017511  -0.003232  0.540274  0.738118  0.404087  -0.825855  0.372964  0.422919  0.161454  -0.562210  0.811081  0.010111  0.009149  -0.004213  2.815963  2.916848  -0.365872  1.000000  
232.552539 -0.018243  -0.017501  -0.003238  0.541951  0.736562  0.404679  -0.824339  0.372183  0.426550  0.163566  -0.564762  0.808882  0.009967  0.009090  -0.004452  2.828012  2.924239  -0.384342  1.000000  
232.553550 -0.018234  -0.017493  -0.003244  0.543792  0.734935  0.405168  -0.822704  0.371534  0.430257  0.165678  -0.567303  0.806671  0.009803  0.009028  -0.004723  2.839360  2.931166  -0.402656  1.000000  
232.554790 -0.018226  -0.017482  -0.003252  0.545757  0.732970  0.406084  -0.820892  0.370404  0.434669  0.168185  -0.570575  0.803840  0.009486  0.008992  -0.004933  2.859803  2.936767  -0.421010  1.000000  
232.556037 -0.018216  -0.017471  -0.003261  0.548062  0.730867  0.406770  -0.818864  0.369663  0.439103  0.170558  -0.573745  0.801079  0.009321  0.009030  -0.005202  2.874535  2.941779  -0.447606  1.000000  
232.557039 -0.018210  -0.017462  -0.003267  0.549891  0.729215  0.407265  -0.817222  0.369011  0.442696  0.172535  -0.576261  0.798846  0.009111  0.009071  -0.005391  2.882571  2.950132  -0.465694  1.000000  
232.558040 -0.018204  -0.017453  -0.003273  0.551713  0.727519  0.407834  -0.815572  0.368286  0.446327  0.174512  -0.578862  0.796532  0.008894  0.009094  -0.005527  2.885900  2.953441  -0.484439  1.000000  
232.559287 -0.018196  -0.017442  -0.003282  0.554004  0.725342  0.408605  -0.813534  0.367478  0.450690  0.176751  -0.582099  0.793675  0.008631  0.009198  -0.005761  2.899674  2.954849  -0.512582  1.000000  
