1-Time 2-Px 3-Py 4-Pz 5-R11 6-R21 7-R31 8-R12 9-R22 10-R32 11-R13 12-R23 13-R33 14-Vx 15-Vy 16-Vz 17-Wx 18-Wy 19-Wz 20-state
77.569761 -0.016493  -0.026335  -0.010837  0.320628  0.762173  0.562397  -0.868413  0.473622  -0.146772  -0.378229  -0.441333  0.813737  0.005007  -0.004446  -0.017458  0.000000  0.000000  0.000000  1.000000  
77.570828 -0.016490  -0.026337  -0.010851  0.320646  0.762125  0.562452  -0.868460  0.473584  -0.146612  -0.378105  -0.441456  0.813728  0.004935  -0.003624  -0.018574  0.000000  0.000000  0.000000  1.000000  
77.572068 -0.016472  -0.026330  -0.010865  0.320681  0.762029  0.562561  -0.868555  0.473509  -0.146293  -0.377857  -0.441702  0.813710  0.010908  0.002446  -0.013827  0.000000  0.000000  0.000000  1.000000  
77.573302 -0.016449  -0.026314  -0.010873  0.320716  0.761934  0.562670  -0.868650  0.473433  -0.145974  -0.377610  -0.441947  0.813691  0.013681  0.006398  -0.011034  0.155760  0.079484  0.108374  1.000000  
77.574310 -0.016436  -0.026305  -0.010880  0.320733  0.761886  0.562725  -0.868697  0.473396  -0.145814  -0.377486  -0.442070  0.813682  0.013653  0.006925  -0.010016  0.155720  0.083405  0.110491  1.000000  
77.575551 -0.016421  -0.026297  -0.010891  0.320572  0.762004  0.562657  -0.868811  0.473183  -0.145828  -0.377362  -0.442094  0.813726  0.013135  0.006909  -0.009718  0.147637  0.083424  0.110548  1.000000  
77.576551 -0.016407  -0.026287  -0.010899  0.320589  0.761956  0.562712  -0.868858  0.473145  -0.145669  -0.377238  -0.442217  0.813717  0.013363  0.007356  -0.009525  0.147632  0.087362  0.112691  1.000000  
77.577551 -0.016389  -0.026274  -0.010910  0.320607  0.761977  0.562675  -0.868905  0.473090  -0.145566  -0.377114  -0.442241  0.813762  0.014006  0.008111  -0.009693  0.142115  0.090396  0.107076  1.000000  
77.578802 -0.016370  -0.026257  -0.010926  0.320445  0.762095  0.562607  -0.869019  0.472878  -0.145580  -0.376990  -0.442265  0.813806  0.014171  0.008910  -0.010183  0.135400  0.091287  0.114839  1.000000  
77.579806 -0.016359  -0.026246  -0.010940  0.320463  0.762047  0.562662  -0.869066  0.472840  -0.145421  -0.376866  -0.442388  0.813796  0.013757  0.009128  -0.010572  0.133944  0.094305  0.109218  1.000000  
77.581051 -0.016348  -0.026235  -0.010954  0.320498  0.761951  0.562771  -0.869160  0.472764  -0.145102  -0.376618  -0.442634  0.813778  0.013277  0.009089  -0.010661  0.133969  0.098242  0.111397  1.000000  
77.582054 -0.016337  -0.026223  -0.010964  0.320515  0.761904  0.562826  -0.869208  0.472726  -0.144942  -0.376494  -0.442756  0.813768  0.013043  0.009271  -0.010578  0.000000  0.000000  0.000000  1.000000  
77.583301 -0.016319  -0.026204  -0.010975  0.320354  0.761885  0.562943  -0.869321  0.472549  -0.144841  -0.376370  -0.442978  0.813705  0.013169  0.009848  -0.010425  0.000000  0.000000  0.000000  1.000000  
77.584303 -0.016301  -0.026185  -0.010983  0.320175  0.761845  0.563098  -0.869387  0.472427  -0.144842  -0.376370  -0.443175  0.813598  0.013485  0.010503  -0.010253  0.000000  0.000000  0.000000  1.000000  
77.585308 -0.016281  -0.026163  -0.010988  0.320013  0.761758  0.563308  -0.869500  0.472267  -0.144684  -0.376246  -0.443496  0.813480  0.014115  0.011499  -0.009710  0.000000  0.000000  0.000000  1.000000  
77.586309 -0.016257  -0.026139  -0.010991  0.319851  0.761739  0.563426  -0.869613  0.472090  -0.144584  -0.376122  -0.443717  0.813417  0.015168  0.013261  -0.008843  0.000000  0.000000  0.000000  1.000000  
77.587310 -0.016233  -0.026112  -0.010994  0.319851  0.761534  0.563703  -0.869613  0.472142  -0.144412  -0.376122  -0.444013  0.813256  0.015598  0.014307  -0.008559  0.000000  0.000000  0.000000  1.000000  
77.588561 -0.016202  -0.026078  -0.011000  0.319690  0.761447  0.563912  -0.869726  0.471982  -0.144254  -0.375998  -0.444333  0.813138  0.016250  0.015691  -0.008406  0.000000  0.000000  0.000000  1.000000  
77.589802 -0.016175  -0.026043  -0.011008  0.319366  0.761545  0.563963  -0.869952  0.471592  -0.144168  -0.375750  -0.444578  0.813118  0.017005  0.017281  -0.008237  0.000000  0.000000  0.000000  1.000000  
77.590804 -0.016156  -0.026015  -0.011016  0.319222  0.761615  0.563951  -0.870112  0.471341  -0.144022  -0.375502  -0.444725  0.813153  0.017496  0.018838  -0.008185  0.000000  0.000000  0.000000  1.000000  
77.591804 -0.016139  -0.025987  -0.011023  0.319060  0.761664  0.563976  -0.870225  0.471146  -0.143979  -0.375378  -0.444848  0.813143  0.017536  0.019921  -0.008054  0.000000  0.000000  0.000000  1.000000  
77.593051 -0.016119  -0.025953  -0.011030  0.318736  0.761830  0.563934  -0.870451  0.470738  -0.143950  -0.375130  -0.444995  0.813177  0.017505  0.021010  -0.007518  0.000000  0.000000  0.000000  1.000000  
77.594301 -0.016102  -0.025922  -0.011030  0.318412  0.761997  0.563892  -0.870676  0.470330  -0.143920  -0.374882  -0.445142  0.813211  0.017503  0.021925  -0.006448  0.000000  0.000000  0.000000  1.000000  
77.595552 -0.016090  -0.025893  -0.011025  0.318088  0.762231  0.563759  -0.870901  0.469904  -0.143948  -0.374634  -0.445190  0.813299  0.017623  0.023311  -0.004988  0.000000  0.000000  0.000000  1.000000  
77.596555 -0.016083  -0.025868  -0.011020  0.317926  0.762280  0.563784  -0.871014  0.469708  -0.143905  -0.374510  -0.445313  0.813289  0.017429  0.024328  -0.004011  0.098473  0.071050  0.186343  1.000000  
77.597802 -0.016066  -0.025833  -0.011019  0.317602  0.762446  0.563743  -0.871239  0.469300  -0.143876  -0.374262  -0.445459  0.813323  0.017375  0.025362  -0.003201  0.092850  0.069731  0.194672  1.000000  
77.599051 -0.016041  -0.025792  -0.011020  0.317439  0.762494  0.563768  -0.871351  0.469105  -0.143833  -0.374138  -0.445582  0.813313  0.017641  0.026543  -0.002620  0.090370  0.067616  0.194278  1.000000  
77.600058 -0.016019  -0.025760  -0.011023  0.317260  0.762522  0.563831  -0.871417  0.468965  -0.143892  -0.374138  -0.445681  0.813259  0.017792  0.027272  -0.002343  0.088797  0.062289  0.193341  1.000000  
77.601302 -0.015995  -0.025722  -0.011028  0.316918  0.762599  0.563920  -0.871594  0.468630  -0.143908  -0.374014  -0.445902  0.813194  0.017451  0.027795  -0.002469  0.083642  0.052214  0.202349  1.000000  
77.602308 -0.015979  -0.025694  -0.011033  0.316739  0.762559  0.564075  -0.871659  0.468508  -0.143911  -0.374014  -0.446099  0.813086  0.016927  0.027930  -0.002631  0.085108  0.045209  0.205789  1.000000  
77.603565 -0.015956  -0.025658  -0.011042  0.316559  0.762518  0.564230  -0.871725  0.468386  -0.143913  -0.374014  -0.446297  0.812978  0.016287  0.027989  -0.002747  0.083200  0.034548  0.208744  1.000000  
77.604807 -0.015933  -0.025624  -0.011050  0.316559  0.762381  0.564415  -0.871725  0.468421  -0.143799  -0.374014  -0.446494  0.812870  0.016010  0.027899  -0.002603  0.000000  0.000000  0.000000  1.000000  
77.605808 -0.015919  -0.025600  -0.011057  0.316397  0.762361  0.564534  -0.871837  0.468242  -0.143700  -0.373890  -0.446715  0.812805  0.015769  0.027618  -0.002641  0.095505  0.030548  0.206711  1.000000  
77.607056 -0.015905  -0.025576  -0.011063  0.316217  0.762321  0.564689  -0.871902  0.468120  -0.143702  -0.373890  -0.446912  0.812697  0.015288  0.026959  -0.002406  0.000000  0.000000  0.000000  1.000000  
77.608058 -0.015895  -0.025557  -0.011065  0.316217  0.762252  0.564781  -0.871902  0.468138  -0.143646  -0.373890  -0.447011  0.812643  0.014842  0.026407  -0.002336  0.000000  0.000000  0.000000  1.000000  
77.609301 -0.015884  -0.025533  -0.011066  0.316217  0.762184  0.564874  -0.871902  0.468155  -0.143589  -0.373890  -0.447109  0.812588  0.014597  0.025929  -0.002445  0.000000  0.000000  0.000000  1.000000  
77.610551 -0.015870  -0.025506  -0.011068  0.316038  0.762280  0.564844  -0.871967  0.467998  -0.143705  -0.373890  -0.447109  0.812588  0.014640  0.025750  -0.002851  0.000000  0.000000  0.000000  1.000000  
77.611552 -0.015858  -0.025484  -0.011072  0.316038  0.762280  0.564844  -0.871967  0.467998  -0.143705  -0.373890  -0.447109  0.812588  0.015020  0.025652  -0.003436  0.000000  0.000000  0.000000  1.000000  
77.612803 -0.015837  -0.025453  -0.011077  0.316038  0.762212  0.564937  -0.871967  0.468016  -0.143648  -0.373890  -0.447208  0.812534  0.015212  0.025177  -0.003938  0.000000  0.000000  0.000000  1.000000  
77.613822 -0.015818  -0.025426  -0.011081  0.316021  0.762260  0.564881  -0.871920  0.468054  -0.143807  -0.374014  -0.447085  0.812544  0.015131  0.024785  -0.004139  0.000000  0.000000  0.000000  1.000000  
77.615053 -0.015792  -0.025389  -0.011085  0.316200  0.762163  0.564911  -0.871855  0.468211  -0.143691  -0.374014  -0.447085  0.812544  0.015131  0.024704  -0.004148  0.000000  0.000000  0.000000  1.000000  
77.616058 -0.015774  -0.025362  -0.011084  0.316217  0.762252  0.564781  -0.871902  0.468138  -0.143646  -0.373890  -0.447011  0.812643  0.015008  0.024419  -0.003831  0.000000  0.000000  0.000000  1.000000  
77.617305 -0.015754  -0.025331  -0.011082  0.316217  0.762252  0.564781  -0.871902  0.468138  -0.143646  -0.373890  -0.447011  0.812643  0.014989  0.024185  -0.003287  0.000000  0.000000  0.000000  1.000000  
77.618309 -0.015740  -0.025309  -0.011081  0.316200  0.762232  0.564819  -0.871855  0.468194  -0.143748  -0.374014  -0.446987  0.812599  0.014676  0.023626  -0.002646  0.000000  0.000000  0.000000  1.000000  
77.619557 -0.015723  -0.025284  -0.011079  0.316380  0.762204  0.564756  -0.871790  0.468333  -0.143688  -0.374014  -0.446888  0.812653  0.014284  0.023000  -0.001965  0.000000  0.000000  0.000000  1.000000  
77.620558 -0.015711  -0.025265  -0.011079  0.316559  0.762107  0.564785  -0.871725  0.468490  -0.143572  -0.374014  -0.446888  0.812653  0.014076  0.022699  -0.001489  0.000000  0.000000  0.000000  1.000000  
77.621810 -0.015700  -0.025243  -0.011080  0.316576  0.762128  0.564748  -0.871772  0.468434  -0.143470  -0.373890  -0.446912  0.812697  0.013903  0.022512  -0.001177  0.000000  0.000000  0.000000  1.000000  
77.623053 -0.015689  -0.025223  -0.011085  0.316576  0.762128  0.564748  -0.871772  0.468434  -0.143470  -0.373890  -0.446912  0.812697  0.013763  0.022271  -0.001297  0.000000  0.000000  0.000000  1.000000  
77.624058 -0.015678  -0.025205  -0.011090  0.316576  0.762128  0.564748  -0.871772  0.468434  -0.143470  -0.373890  -0.446912  0.812697  0.013952  0.022239  -0.001634  0.000000  0.000000  0.000000  1.000000  
77.625302 -0.015661  -0.025180  -0.011098  0.316756  0.762031  0.564778  -0.871706  0.468591  -0.143354  -0.373890  -0.446912  0.812697  0.014212  0.022151  -0.002003  0.000000  0.000000  0.000000  1.000000  
77.626551 -0.015641  -0.025150  -0.011104  0.316918  0.761915  0.564844  -0.871594  0.468804  -0.143340  -0.374014  -0.446888  0.812653  0.014463  0.022244  -0.002144  0.000000  0.000000  0.000000  1.000000  
77.627801 -0.015621  -0.025118  -0.011106  0.316918  0.761915  0.564844  -0.871594  0.468804  -0.143340  -0.374014  -0.446888  0.812653  0.014406  0.022303  -0.001926  0.000000  0.000000  0.000000  1.000000  
77.628802 -0.015606  -0.025093  -0.011105  0.316918  0.761983  0.564752  -0.871594  0.468787  -0.143396  -0.374014  -0.446790  0.812707  0.014105  0.022213  -0.001609  0.000000  0.000000  0.000000  1.000000  
77.630051 -0.015587  -0.025061  -0.011100  0.316918  0.762052  0.564659  -0.871594  0.468769  -0.143453  -0.374014  -0.446691  0.812761  0.013670  0.021879  -0.001014  0.000000  0.000000  0.000000  1.000000  
77.631053 -0.015574  -0.025036  -0.011094  0.317115  0.762112  0.564467  -0.871576  0.468835  -0.143349  -0.373890  -0.446518  0.812913  0.013330  0.021721  -0.000667  0.000000  0.000000  0.000000  1.000000  
77.632058 -0.015560  -0.025010  -0.011089  0.317115  0.762181  0.564374  -0.871576  0.468818  -0.143405  -0.373890  -0.446419  0.812968  0.013131  0.021721  -0.000478  0.000000  0.000000  0.000000  1.000000  
77.633304 -0.015547  -0.024980  -0.011084  0.317115  0.762318  0.564190  -0.871576  0.468783  -0.143519  -0.373890  -0.446222  0.813076  0.012865  0.021954  -0.000228  0.000000  0.000000  0.000000  1.000000  
77.634551 -0.015533  -0.024950  -0.011081  0.317132  0.762475  0.563967  -0.871623  0.468692  -0.143531  -0.373766  -0.446049  0.813228  0.012619  0.022301  -0.000153  0.000000  0.000000  0.000000  1.000000  
77.635563 -0.015523  -0.024927  -0.011080  0.317132  0.762612  0.563782  -0.871623  0.468657  -0.143644  -0.373766  -0.445851  0.813336  0.012637  0.022673  -0.000111  0.000000  0.000000  0.000000  1.000000  
77.636812 -0.015510  -0.024896  -0.011079  0.317149  0.762769  0.563560  -0.871670  0.468566  -0.143656  -0.373642  -0.445678  0.813488  0.012683  0.023275  0.000180  0.000000  0.000000  0.000000  1.000000  
77.638057 -0.015497  -0.024864  -0.011078  0.317166  0.762926  0.563338  -0.871717  0.468476  -0.143667  -0.373517  -0.445505  0.813640  0.012816  0.024060  0.000570  0.000000  0.000000  0.000000  1.000000  
77.639301 -0.015481  -0.024828  -0.011074  0.317166  0.763063  0.563153  -0.871717  0.468441  -0.143781  -0.373517  -0.445307  0.813748  0.012945  0.024892  0.001362  0.000000  0.000000  0.000000  1.000000  
77.640304 -0.015466  -0.024798  -0.011069  0.317166  0.763199  0.562968  -0.871717  0.468406  -0.143894  -0.373517  -0.445110  0.813856  0.012969  0.025468  0.002028  0.000000  0.000000  0.000000  1.000000  
77.641553 -0.015447  -0.024759  -0.011061  0.317166  0.763268  0.562875  -0.871717  0.468388  -0.143951  -0.373517  -0.445011  0.813910  0.012918  0.026066  0.002943  0.000000  0.000000  0.000000  1.000000  
77.642801 -0.015427  -0.024720  -0.011054  0.317166  0.763404  0.562690  -0.871717  0.468353  -0.144065  -0.373517  -0.444814  0.814018  0.012926  0.026555  0.003480  0.000000  0.000000  0.000000  1.000000  
77.643801 -0.015413  -0.024689  -0.011050  0.317166  0.763472  0.562597  -0.871717  0.468336  -0.144122  -0.373517  -0.444715  0.814072  0.012863  0.026927  0.003698  0.000000  0.000000  0.000000  1.000000  
77.645051 -0.015396  -0.024649  -0.011046  0.317166  0.763609  0.562412  -0.871717  0.468301  -0.144235  -0.373517  -0.444518  0.814180  0.012715  0.027518  0.003606  0.000000  0.000000  0.000000  1.000000  
77.646056 -0.015382  -0.024617  -0.011043  0.317166  0.763745  0.562227  -0.871717  0.468266  -0.144349  -0.373517  -0.444320  0.814288  0.012762  0.027996  0.003414  0.000000  0.000000  0.000000  1.000000  
77.647302 -0.015367  -0.024577  -0.011040  0.317183  0.763970  0.561912  -0.871764  0.468158  -0.144417  -0.373393  -0.444048  0.814493  0.012702  0.028588  0.003155  0.000000  0.000000  0.000000  1.000000  
77.648303 -0.015356  -0.024545  -0.011038  0.317183  0.764106  0.561726  -0.871764  0.468123  -0.144530  -0.373393  -0.443850  0.814601  0.012732  0.028989  0.003082  0.000000  0.000000  0.000000  1.000000  
77.649551 -0.015343  -0.024506  -0.011034  0.317363  0.764282  0.561385  -0.871699  0.468210  -0.144642  -0.373393  -0.443455  0.814816  0.012675  0.029587  0.003167  0.000000  0.000000  0.000000  1.000000  
77.650551 -0.015332  -0.024473  -0.011029  0.317363  0.764487  0.561107  -0.871699  0.468157  -0.144812  -0.373393  -0.443158  0.814977  0.012702  0.030243  0.003405  0.000000  0.000000  0.000000  1.000000  
77.651560 -0.015322  -0.024439  -0.011021  0.317363  0.764759  0.560736  -0.871699  0.468087  -0.145039  -0.373393  -0.442763  0.815192  0.012791  0.031009  0.003900  0.000000  0.000000  0.000000  1.000000  
77.652808 -0.015306  -0.024392  -0.011008  0.317542  0.764934  0.560395  -0.871633  0.468174  -0.145151  -0.373393  -0.442367  0.815407  0.012955  0.031991  0.004713  -0.178670  0.031167  -0.019540  1.000000  
77.654058 -0.015289  -0.024343  -0.010992  0.317739  0.765130  0.560016  -0.871615  0.468205  -0.145160  -0.373269  -0.441995  0.815666  0.012965  0.032870  0.005538  -0.190826  0.037874  -0.022839  1.000000  
77.655309 -0.015272  -0.024293  -0.010976  0.317918  0.765305  0.559675  -0.871549  0.468292  -0.145272  -0.373269  -0.441599  0.815880  0.012905  0.033727  0.006211  -0.208666  0.038173  -0.023032  1.000000  
77.656551 -0.015254  -0.024242  -0.010961  0.318277  0.765384  0.559363  -0.871418  0.468537  -0.145269  -0.373269  -0.441204  0.816094  0.012818  0.034471  0.006678  -0.220603  0.044825  -0.026310  1.000000  
77.657551 -0.015241  -0.024202  -0.010951  0.318456  0.765491  0.559115  -0.871353  0.468642  -0.145325  -0.373269  -0.440907  0.816255  0.012655  0.035104  0.006932  -0.232100  0.048268  -0.032175  1.000000  
77.658552 -0.015228  -0.024162  -0.010945  0.318636  0.765598  0.558866  -0.871287  0.468746  -0.145380  -0.373269  -0.440610  0.816415  0.012569  0.035743  0.007127  -0.237676  0.051332  -0.037824  1.000000  
77.659801 -0.015214  -0.024112  -0.010937  0.318798  0.765752  0.558562  -0.871175  0.468889  -0.145595  -0.373393  -0.440190  0.816585  0.012366  0.036390  0.007334  -0.247313  0.050438  -0.045626  1.000000  
77.661051 -0.015203  -0.024064  -0.010929  0.319157  0.765898  0.558157  -0.871043  0.469116  -0.145650  -0.373393  -0.439694  0.816851  0.011979  0.036846  0.007624  -0.254839  0.049125  -0.052994  1.000000  
77.662301 -0.015194  -0.024018  -0.010918  0.319515  0.766043  0.557753  -0.870912  0.469343  -0.145705  -0.373393  -0.439199  0.817118  0.011542  0.037241  0.008133  -0.264025  0.055640  -0.064738  1.000000  
77.663304 -0.015188  -0.023981  -0.010908  0.319891  0.766140  0.557404  -0.870827  0.469532  -0.145600  -0.373269  -0.438826  0.817375  0.011218  0.037687  0.008768  -0.268838  0.065152  -0.073280  1.000000  
77.664552 -0.015180  -0.023934  -0.010894  0.320249  0.766285  0.556999  -0.870695  0.469760  -0.145656  -0.373269  -0.438330  0.817641  0.010888  0.038243  0.009439  -0.274090  0.067831  -0.087361  1.000000  
77.665822 -0.015171  -0.023884  -0.010878  0.320608  0.766429  0.556594  -0.870563  0.469987  -0.145711  -0.373269  -0.437834  0.817907  0.010555  0.038821  0.009961  -0.281012  0.069919  -0.100770  1.000000  
77.667060 -0.015160  -0.023831  -0.010861  0.320966  0.766641  0.556096  -0.870431  0.470196  -0.145824  -0.373269  -0.437239  0.818225  0.010365  0.039348  0.010309  -0.292260  0.072050  -0.114274  1.000000  
77.668091 -0.015150  -0.023787  -0.010847  0.321325  0.766784  0.555691  -0.870299  0.470424  -0.145881  -0.373269  -0.436742  0.818490  0.010121  0.039625  0.010467  -0.298965  0.078012  -0.125448  1.000000  
77.669311 -0.015138  -0.023731  -0.010830  0.321683  0.766995  0.555193  -0.870167  0.470633  -0.145994  -0.373269  -0.436147  0.818808  0.009814  0.040154  0.010515  -0.310404  0.084127  -0.136907  1.000000  
77.670381 -0.015127  -0.023685  -0.010816  0.322238  0.767128  0.554687  -0.870015  0.470946  -0.145892  -0.373145  -0.435574  0.819169  0.009509  0.040311  0.010540  -0.322271  0.096934  -0.151393  1.000000  
77.671572 -0.015117  -0.023628  -0.010799  0.322613  0.767358  0.554151  -0.869929  0.471101  -0.145903  -0.373021  -0.435001  0.819530  0.009103  0.040904  0.010777  -0.338117  0.107101  -0.160897  1.000000  
77.672812 -0.015108  -0.023573  -0.010782  0.323151  0.767537  0.553589  -0.869729  0.471451  -0.145961  -0.373021  -0.434305  0.819899  0.008581  0.041244  0.011284  -0.350878  0.116176  -0.177971  1.000000  
77.674061 -0.015101  -0.023520  -0.010761  0.323705  0.767736  0.552989  -0.869576  0.471747  -0.145917  -0.372897  -0.433632  0.820312  0.008014  0.041421  0.012105  -0.363553  0.129165  -0.192885  1.000000  
77.675307 -0.015097  -0.023468  -0.010739  0.324259  0.767934  0.552389  -0.869423  0.472043  -0.145874  -0.372773  -0.432959  0.820724  0.007473  0.041639  0.013060  -0.376253  0.142147  -0.207829  1.000000  
77.676307 -0.015094  -0.023428  -0.010721  0.324814  0.768064  0.551882  -0.869269  0.472357  -0.145773  -0.372648  -0.432385  0.821083  0.007097  0.041853  0.013862  -0.384821  0.155106  -0.222746  1.000000  
77.677551 -0.015091  -0.023377  -0.010697  0.325547  0.768164  0.551311  -0.869048  0.472812  -0.145617  -0.372524  -0.431711  0.821494  0.006719  0.042252  0.014673  -0.390932  0.167134  -0.245549  1.000000  
77.678553 -0.015088  -0.023335  -0.010679  0.326101  0.768226  0.550896  -0.868894  0.473144  -0.145461  -0.372400  -0.431235  0.821799  0.006532  0.042525  0.015135  -0.391330  0.180051  -0.260482  1.000000  
77.679558 -0.015084  -0.023293  -0.010664  0.326494  0.768472  0.550320  -0.868853  0.473246  -0.145373  -0.372152  -0.430683  0.822201  0.006336  0.042758  0.015413  -0.400940  0.190836  -0.261969  1.000000  
77.680804 -0.015078  -0.023239  -0.010645  0.327227  0.768636  0.549655  -0.868630  0.473684  -0.145276  -0.372028  -0.429908  0.822663  0.006238  0.043049  0.015570  -0.407026  0.206732  -0.282714  1.000000  
77.681806 -0.015072  -0.023194  -0.010630  0.327781  0.768764  0.549146  -0.868474  0.474000  -0.145179  -0.371903  -0.429333  0.823020  0.006067  0.043140  0.015644  -0.414964  0.214928  -0.289786  1.000000  
77.683058 -0.015063  -0.023138  -0.010611  0.328335  0.769090  0.548358  -0.868318  0.474262  -0.145254  -0.371779  -0.428457  0.823532  0.005840  0.043328  0.015775  -0.422770  0.225398  -0.309291  1.000000  
77.684301 -0.015056  -0.023083  -0.010591  0.329085  0.769339  0.547559  -0.868141  0.474630  -0.145115  -0.371531  -0.427603  0.824088  0.005455  0.043226  0.015962  -0.435936  0.240163  -0.319630  1.000000  
77.685318 -0.015051  -0.023038  -0.010574  0.329817  0.769499  0.546893  -0.867916  0.475069  -0.145022  -0.371406  -0.426826  0.824546  0.005102  0.043351  0.016234  -0.447960  0.254801  -0.337244  1.000000  
77.686554 -0.015047  -0.022983  -0.010548  0.330567  0.769745  0.546094  -0.867737  0.475438  -0.144885  -0.371158  -0.425971  0.825100  0.004662  0.043076  0.016768  -0.463413  0.268592  -0.344745  1.000000  
77.687563 -0.015045  -0.022940  -0.010527  0.331139  0.770021  0.545358  -0.867625  0.475667  -0.144803  -0.370910  -0.425216  0.825601  0.004297  0.042960  0.017223  -0.478578  0.282246  -0.352017  1.000000  
77.688815 -0.015044  -0.022888  -0.010499  0.331889  0.770397  0.544370  -0.867445  0.476002  -0.144782  -0.370661  -0.424159  0.826256  0.003882  0.042854  0.017781  -0.501932  0.299813  -0.357326  1.000000  
77.689820 -0.015044  -0.022847  -0.010475  0.332638  0.770705  0.543476  -0.867264  0.476355  -0.144705  -0.370412  -0.423202  0.826858  0.003593  0.042846  0.018294  -0.522678  0.316385  -0.370369  1.000000  
77.691059 -0.015044  -0.022795  -0.010447  0.333406  0.771098  0.542447  -0.867128  0.476638  -0.144584  -0.370040  -0.422166  0.827555  0.003424  0.042878  0.018584  -0.542274  0.334066  -0.375960  1.000000  
77.692301 -0.015043  -0.022743  -0.010420  0.334351  0.771457  0.541354  -0.866923  0.477064  -0.144410  -0.369667  -0.421028  0.828301  0.003256  0.042945  0.018829  -0.560191  0.354722  -0.389703  1.000000  
77.693301 -0.015042  -0.022700  -0.010399  0.334922  0.771793  0.540521  -0.866809  0.477278  -0.144390  -0.369418  -0.420168  0.828848  0.003155  0.043070  0.019047  -0.578002  0.361362  -0.393634  1.000000  
77.694325 -0.015039  -0.022657  -0.010378  0.335672  0.772030  0.539717  -0.866625  0.477651  -0.144260  -0.369169  -0.419308  0.829394  0.003047  0.043109  0.019325  -0.593583  0.377660  -0.404169  1.000000  
77.695325 -0.015036  -0.022613  -0.010357  0.336421  0.772266  0.538912  -0.866440  0.478025  -0.144130  -0.368921  -0.418447  0.829940  0.002905  0.043089  0.019695  -0.606304  0.394199  -0.417426  1.000000  
77.696553 -0.015032  -0.022560  -0.010328  0.337545  0.772519  0.537845  -0.866162  0.478613  -0.143851  -0.368547  -0.417305  0.830680  0.002723  0.043065  0.020373  -0.624073  0.414502  -0.431217  1.000000  
77.697802 -0.015030  -0.022507  -0.010300  0.338490  0.772804  0.536841  -0.865952  0.479061  -0.143626  -0.368174  -0.416262  0.831368  0.002302  0.042834  0.021029  -0.633411  0.435191  -0.443028  1.000000  
77.698807 -0.015029  -0.022466  -0.010275  0.339079  0.773155  0.535964  -0.865880  0.479226  -0.143507  -0.367801  -0.415420  0.831954  0.001865  0.042484  0.021730  -0.646819  0.449419  -0.442724  1.000000  
77.700055 -0.015030  -0.022416  -0.010245  0.340024  0.773566  0.534770  -0.865668  0.479641  -0.143401  -0.367428  -0.414174  0.832741  0.001447  0.042232  0.022238  -0.670189  0.462696  -0.450544  1.000000  
77.701302 -0.015032  -0.022369  -0.010216  0.340969  0.773911  0.533669  -0.865454  0.480074  -0.143238  -0.367054  -0.413027  0.833475  0.001038  0.041683  0.022563  -0.685573  0.476024  -0.458462  1.000000  
77.702311 -0.015034  -0.022331  -0.010193  0.341914  0.774188  0.532661  -0.865240  0.480526  -0.143019  -0.366681  -0.411979  0.834157  0.000740  0.041302  0.022636  -0.702174  0.496116  -0.469788  1.000000  
77.703560 -0.015038  -0.022285  -0.010166  0.342858  0.774593  0.531464  -0.865024  0.480944  -0.142918  -0.366308  -0.410728  0.834938  0.000367  0.040841  0.022585  -0.721479  0.509283  -0.477719  1.000000  
77.704566 -0.015042  -0.022250  -0.010143  0.343625  0.774966  0.530424  -0.864878  0.481239  -0.142811  -0.365934  -0.409679  0.835617  0.000169  0.040514  0.022490  -0.741974  0.524358  -0.484334  1.000000  
77.705806 -0.015046  -0.022205  -0.010115  0.344747  0.775268  0.529254  -0.864589  0.481819  -0.142604  -0.365560  -0.408425  0.836394  -0.000151  0.040117  0.022458  -0.754085  0.539967  -0.497686  1.000000  
77.707050 -0.015050  -0.022159  -0.010086  0.345887  0.775651  0.527947  -0.864345  0.482332  -0.142354  -0.365062  -0.407090  0.837262  -0.000397  0.039675  0.022565  -0.776942  0.555604  -0.505352  1.000000  
77.708053 -0.015052  -0.022121  -0.010060  0.346654  0.776082  0.526810  -0.864195  0.482612  -0.142310  -0.364689  -0.405934  0.837985  -0.000719  0.039234  0.022956  -0.802877  0.565937  -0.507652  1.000000  
77.709301 -0.015054  -0.022074  -0.010026  0.347775  0.776503  0.525447  -0.863902  0.483161  -0.142226  -0.364315  -0.404473  0.838854  -0.001008  0.038899  0.023541  -0.830520  0.579110  -0.515968  1.000000  
77.710304 -0.015057  -0.022038  -0.009997  0.348719  0.776767  0.524432  -0.863679  0.483621  -0.142018  -0.363941  -0.403416  0.839525  -0.001403  0.038419  0.024060  -0.844585  0.593004  -0.530368  1.000000  
77.711319 -0.015060  -0.022001  -0.009968  0.349663  0.777155  0.523226  -0.863455  0.484047  -0.141929  -0.363567  -0.402155  0.840292  -0.001860  0.037824  0.024407  -0.863760  0.605921  -0.538402  1.000000  
77.712553 -0.015065  -0.021957  -0.009930  0.350802  0.777652  0.521723  -0.863203  0.484533  -0.141807  -0.363068  -0.400607  0.841246  -0.002376  0.037304  0.025049  -0.886107  0.621019  -0.546311  1.000000  
77.713557 -0.015070  -0.021923  -0.009903  0.351746  0.778035  0.520516  -0.862976  0.484961  -0.141722  -0.362694  -0.399342  0.842009  -0.002774  0.036849  0.025261  -0.911475  0.636402  -0.553458  1.000000  
77.714558 -0.015077  -0.021890  -0.009874  0.352530  0.778536  0.519235  -0.862866  0.485181  -0.141641  -0.362196  -0.398097  0.842813  -0.003193  0.036339  0.025494  -0.930078  0.646979  -0.556426  1.000000  
77.715835 -0.015086  -0.021851  -0.009843  0.353650  0.779066  0.517675  -0.862564  0.485703  -0.141689  -0.361821  -0.396420  0.843763  -0.003677  0.035640  0.025604  -0.952782  0.655136  -0.566530  1.000000  
77.717053 -0.015096  -0.021814  -0.009812  0.354789  0.779549  0.516166  -0.862305  0.486195  -0.141575  -0.361322  -0.394864  0.844706  -0.004169  0.035106  0.025805  -0.974813  0.669987  -0.574616  1.000000  
77.718079 -0.015105  -0.021785  -0.009787  0.355909  0.779822  0.514982  -0.862001  0.486789  -0.141392  -0.360948  -0.393592  0.845459  -0.004551  0.034497  0.026030  -0.990794  0.679281  -0.585383  1.000000  
77.719317 -0.015117  -0.021749  -0.009756  0.357225  0.780260  0.513404  -0.861665  0.487427  -0.141237  -0.360449  -0.391929  0.846444  -0.005060  0.033931  0.026281  -1.005585  0.692881  -0.600687  1.000000  
77.720560 -0.015127  -0.021713  -0.009722  0.358363  0.780795  0.511796  -0.861401  0.487907  -0.141191  -0.359950  -0.390264  0.847426  -0.005491  0.033351  0.026645  -1.021480  0.700240  -0.604914  1.000000  
77.721805 -0.015140  -0.021677  -0.009687  0.359678  0.781164  0.510309  -0.861061  0.488566  -0.140983  -0.359450  -0.388698  0.848357  -0.006093  0.032631  0.027052  -1.037358  0.714578  -0.620857  1.000000  
77.722809 -0.015148  -0.021648  -0.009657  0.360620  0.781524  0.509090  -0.860824  0.489004  -0.140915  -0.359076  -0.387420  0.849100  -0.006410  0.032188  0.027390  -1.048707  0.719219  -0.633387  1.000000  
77.723818 -0.015157  -0.021618  -0.009626  0.361739  0.781843  0.507805  -0.860511  0.489588  -0.140803  -0.358701  -0.386037  0.849888  -0.006893  0.031640  0.027625  -1.060007  0.727797  -0.644055  1.000000  
77.725060 -0.015169  -0.021582  -0.009589  0.363035  0.782243  0.506262  -0.860121  0.490282  -0.140768  -0.358326  -0.384343  0.850813  -0.007576  0.030847  0.027673  -1.080827  0.737116  -0.655757  1.000000  
77.726301 -0.015182  -0.021547  -0.009550  0.364526  0.782679  0.504513  -0.859698  0.491057  -0.140647  -0.357827  -0.382460  0.851871  -0.008153  0.030323  0.027902  -1.104676  0.741856  -0.666778  1.000000  
77.727301 -0.015194  -0.021519  -0.009520  0.365485  0.783170  0.503055  -0.859499  0.491419  -0.140602  -0.357327  -0.380987  0.852740  -0.008639  0.029794  0.027857  -1.126800  0.751739  -0.669942  1.000000  
77.728303 -0.015206  -0.021492  -0.009489  0.366603  0.783537  0.501670  -0.859178  0.491991  -0.140561  -0.356952  -0.379493  0.853563  -0.009124  0.029339  0.028018  -1.142414  0.756247  -0.682785  1.000000  
77.729304 -0.015219  -0.021465  -0.009458  0.367916  0.783818  0.500266  -0.858825  0.492678  -0.140315  -0.356452  -0.378017  0.854427  -0.009684  0.028828  0.028222  -1.157115  0.773812  -0.705497  1.000000  
77.730552 -0.015238  -0.021434  -0.009418  0.369229  0.784278  0.498576  -0.858469  0.493316  -0.140251  -0.355952  -0.376227  0.855425  -0.010313  0.028320  0.028734  -1.173075  0.782668  -0.714861  1.000000  
77.731803 -0.015258  -0.021403  -0.009375  0.370560  0.784813  0.496744  -0.858154  0.493893  -0.140146  -0.355327  -0.374350  0.856507  -0.010954  0.027876  0.029525  -1.192841  0.794817  -0.724369  1.000000  
77.733051 -0.015277  -0.021373  -0.009331  0.372067  0.785181  0.495032  -0.857761  0.494651  -0.139882  -0.354701  -0.372574  0.857541  -0.011508  0.027550  0.030442  -1.208816  0.803056  -0.735885  1.000000  
77.734301 -0.015297  -0.021342  -0.009286  0.373379  0.785626  0.493336  -0.857397  0.495295  -0.139829  -0.354201  -0.370776  0.858526  -0.012045  0.027162  0.031328  -1.224404  0.811058  -0.747230  1.000000  
77.735334 -0.015313  -0.021318  -0.009250  0.374690  0.785827  0.492019  -0.857032  0.496009  -0.139540  -0.353700  -0.369392  0.859329  -0.012608  0.026715  0.031953  -1.235345  0.818437  -0.759997  1.000000  
77.736558 -0.015332  -0.021287  -0.009205  0.376019  0.786224  0.490369  -0.856708  0.496628  -0.139329  -0.353074  -0.367712  0.860306  -0.013056  0.026466  0.032629  -1.246638  0.828620  -0.764484  1.000000  
77.737561 -0.015347  -0.021262  -0.009169  0.377153  0.786580  0.488924  -0.856415  0.497166  -0.139206  -0.352574  -0.366220  0.861147  -0.013519  0.026170  0.033025  -1.255225  0.837444  -0.776428  1.000000  
77.738562 -0.015363  -0.021237  -0.009133  0.378287  0.786992  0.487383  -0.856121  0.497689  -0.139147  -0.352073  -0.364622  0.862030  -0.013866  0.025946  0.033333  -1.269794  0.843130  -0.782206  1.000000  
77.739804 -0.015382  -0.021207  -0.009089  0.379616  0.787376  0.485727  -0.855790  0.498314  -0.138945  -0.351446  -0.362935  0.862997  -0.014364  0.025557  0.033760  -1.278364  0.847773  -0.784861  1.000000  
77.740808 -0.015399  -0.021182  -0.009054  0.380573  0.787883  0.484154  -0.855571  0.498678  -0.138991  -0.350945  -0.361332  0.863873  -0.014848  0.025202  0.034135  -1.291929  0.850657  -0.787279  1.000000  
77.742051 -0.015422  -0.021154  -0.009006  0.381901  0.788376  0.482302  -0.855236  0.499274  -0.138916  -0.350319  -0.359430  0.864920  -0.015479  0.024738  0.034844  -1.305740  0.855959  -0.790951  1.000000  
77.743052 -0.015441  -0.021131  -0.008967  0.382858  0.788758  0.480917  -0.855013  0.499674  -0.138846  -0.349817  -0.358032  0.865702  -0.015879  0.024486  0.035328  -1.309278  0.862370  -0.797456  1.000000  
77.744058 -0.015460  -0.021110  -0.008927  0.383814  0.789137  0.479530  -0.854789  0.500076  -0.138777  -0.349316  -0.356633  0.866482  -0.016392  0.024263  0.036097  -1.312962  0.864174  -0.798677  1.000000  
77.745301 -0.015486  -0.021083  -0.008874  0.384966  0.789662  0.477740  -0.854527  0.500531  -0.138749  -0.348689  -0.354829  0.867475  -0.016765  0.023808  0.036752  -1.314203  0.869060  -0.802234  1.000000  
77.746303 -0.015506  -0.021061  -0.008829  0.385941  0.790054  0.476303  -0.854343  0.500893  -0.138579  -0.348062  -0.353443  0.868292  -0.017110  0.023591  0.037598  -1.315949  0.876734  -0.801046  1.000000  
77.747557 -0.015531  -0.021033  -0.008773  0.387287  0.790486  0.474490  -0.854040  0.501471  -0.138353  -0.347309  -0.351651  0.869320  -0.017395  0.023460  0.038435  -1.323892  0.882794  -0.799016  1.000000  
77.748878 -0.015556  -0.021004  -0.008715  0.388457  0.791017  0.472645  -0.853815  0.501890  -0.138228  -0.346556  -0.349856  0.870345  -0.017661  0.023231  0.039118  -1.333236  0.889408  -0.790547  1.000000  
77.750055 -0.015580  -0.020974  -0.008657  0.389627  0.791485  0.470894  -0.853587  0.502327  -0.138044  -0.345803  -0.348164  0.871322  -0.018056  0.023297  0.040179  -1.335918  0.897743  -0.788498  1.000000  
77.751303 -0.015603  -0.020944  -0.008597  0.390797  0.791950  0.469141  -0.853357  0.502767  -0.137863  -0.345050  -0.346468  0.872296  -0.018307  0.023261  0.041152  -1.343104  0.901948  -0.781127  1.000000  
77.752310 -0.015622  -0.020921  -0.008550  0.391790  0.792287  0.467742  -0.853206  0.503113  -0.137538  -0.344296  -0.345194  0.873099  -0.018553  0.023165  0.041900  -1.343244  0.911110  -0.773897  1.000000  
77.753310 -0.015642  -0.020897  -0.008501  0.392765  0.792601  0.466390  -0.853011  0.503503  -0.137319  -0.343668  -0.343901  0.873856  -0.018935  0.023016  0.042916  -1.340188  0.918516  -0.772336  1.000000  
77.754559 -0.015667  -0.020870  -0.008439  0.393953  0.793073  0.464581  -0.852817  0.503908  -0.137040  -0.342788  -0.342216  0.874863  -0.019307  0.022823  0.044109  -1.346120  0.926164  -0.760992  1.000000  
77.755823 -0.015694  -0.020843  -0.008375  0.395141  0.793429  0.462963  -0.852621  0.504348  -0.136640  -0.341908  -0.340740  0.875783  -0.019646  0.022580  0.045330  -1.335313  0.931943  -0.747401  1.000000  
77.756830 -0.015717  -0.020823  -0.008323  0.396114  0.793734  0.461605  -0.852421  0.504743  -0.136428  -0.341280  -0.339441  0.876532  -0.019960  0.022411  0.046222  -1.329786  0.936304  -0.739537  1.000000  
77.758094 -0.015746  -0.020799  -0.008258  0.397127  0.794187  0.459954  -0.852302  0.505025  -0.136128  -0.340399  -0.337960  0.877446  -0.020254  0.022123  0.047270  -1.318554  0.941995  -0.724305  1.000000  
77.759310 -0.015775  -0.020775  -0.008191  0.398314  0.794643  0.458136  -0.852099  0.505440  -0.135857  -0.339518  -0.336264  0.878438  -0.020599  0.021963  0.048464  -1.321480  0.949110  -0.710218  1.000000  
77.760557 -0.015804  -0.020751  -0.008124  0.399520  0.795003  0.456459  -0.851935  0.505850  -0.135360  -0.338511  -0.334794  0.879388  -0.020903  0.021771  0.049407  -1.310983  0.955414  -0.695418  1.000000  
77.761560 -0.015826  -0.020730  -0.008070  0.400318  0.795400  0.455066  -0.851811  0.506089  -0.135250  -0.337882  -0.333487  0.880126  -0.021018  0.021660  0.049922  -1.305888  0.956068  -0.689567  1.000000  
77.762811 -0.015854  -0.020704  -0.008001  0.401524  0.795752  0.453384  -0.851642  0.506504  -0.134757  -0.336874  -0.332013  0.881069  -0.021187  0.021524  0.050697  -1.299154  0.962312  -0.674591  1.000000  
77.764058 -0.015881  -0.020677  -0.007930  0.402710  0.796082  0.451750  -0.851431  0.506961  -0.134374  -0.335992  -0.330520  0.881967  -0.021429  0.021323  0.051625  -1.290188  0.971253  -0.665776  1.000000  
77.765309 -0.015908  -0.020651  -0.007856  0.403915  0.796373  0.450159  -0.851257  0.507398  -0.133824  -0.334984  -0.329147  0.882864  -0.021612  0.021103  0.052682  -1.283976  0.977364  -0.650219  1.000000  
77.766558 -0.015935  -0.020624  -0.007780  0.405120  0.796714  0.448469  -0.851081  0.507821  -0.133339  -0.333975  -0.327665  0.883797  -0.021903  0.020868  0.053844  -1.277237  0.984559  -0.636134  1.000000  
77.767559 -0.015958  -0.020604  -0.007718  0.406131  0.796975  0.447089  -0.850945  0.508171  -0.132870  -0.333092  -0.326486  0.884566  -0.022116  0.020707  0.054736  -1.268993  0.994581  -0.631862  1.000000  
77.768571 -0.015982  -0.020584  -0.007654  0.407141  0.797179  0.445805  -0.850808  0.508539  -0.132341  -0.332209  -0.325413  0.885293  -0.022396  0.020478  0.055764  -1.251931  1.004975  -0.623546  1.000000  
77.769808 -0.016012  -0.020559  -0.007574  0.408345  0.797456  0.444204  -0.850624  0.508987  -0.131800  -0.331199  -0.324031  0.886178  -0.022628  0.020308  0.056969  -1.238937  1.014149  -0.614854  1.000000  
77.770809 -0.016036  -0.020540  -0.007510  0.409336  0.797637  0.442967  -0.850443  0.509398  -0.131382  -0.330441  -0.322939  0.886859  -0.022810  0.020217  0.057752  -1.219369  1.021748  -0.613545  1.000000  
77.771810 -0.016060  -0.020523  -0.007445  0.410345  0.797833  0.441677  -0.850299  0.509772  -0.130858  -0.329557  -0.321861  0.887580  -0.022914  0.020056  0.058609  -1.205985  1.030977  -0.604372  1.000000  
77.773057 -0.016091  -0.020500  -0.007365  0.411549  0.797995  0.440263  -0.850109  0.510258  -0.130200  -0.328547  -0.320688  0.888378  -0.023079  0.019958  0.059657  -1.182379  1.042591  -0.601674  1.000000  
77.774058 -0.016116  -0.020483  -0.007301  0.412364  0.798273  0.438994  -0.850006  0.510511  -0.129876  -0.327788  -0.319592  0.889053  -0.023107  0.019812  0.060216  -1.173105  1.047798  -0.594150  1.000000  
77.775059 -0.016139  -0.020465  -0.007238  0.413373  0.798410  0.437795  -0.849857  0.510906  -0.129295  -0.326903  -0.318616  0.889729  -0.023165  0.019686  0.060817  -1.157488  1.059617  -0.591078  1.000000  
77.776063 -0.016163  -0.020447  -0.007174  0.414381  0.798544  0.436595  -0.849706  0.511304  -0.128716  -0.326018  -0.317640  0.890403  -0.023214  0.019553  0.061659  -1.147355  1.066030  -0.589507  1.000000  
77.777308 -0.016192  -0.020423  -0.007093  0.415428  0.798820  0.435094  -0.849631  0.511596  -0.128048  -0.324879  -0.316475  0.891234  -0.023245  0.019428  0.062366  -1.123335  1.074540  -0.575084  1.000000  
77.778308 -0.016215  -0.020405  -0.007026  0.416261  0.799056  0.433863  -0.849562  0.511833  -0.127561  -0.323993  -0.315495  0.891903  -0.023364  0.019236  0.063206  -1.109907  1.079730  -0.567523  1.000000  
77.779556 -0.016244  -0.020382  -0.006943  0.417482  0.799273  0.432286  -0.849396  0.512279  -0.126868  -0.322854  -0.314217  0.892767  -0.023515  0.018997  0.063950  -1.094328  1.096852  -0.569859  1.000000  
77.780564 -0.016267  -0.020363  -0.006874  0.418334  0.799523  0.430999  -0.849362  0.512483  -0.126277  -0.321841  -0.313248  0.893473  -0.023645  0.018751  0.064498  -1.076977  1.100758  -0.555992  1.000000  
77.781808 -0.016296  -0.020341  -0.006789  0.419573  0.799701  0.429461  -0.849230  0.512912  -0.125419  -0.320574  -0.312089  0.894334  -0.023693  0.018527  0.065103  -1.063242  1.114702  -0.551943  1.000000  
77.782810 -0.016321  -0.020323  -0.006721  0.420424  0.799947  0.428170  -0.849191  0.513120  -0.124830  -0.319559  -0.311116  0.895035  -0.023761  0.018345  0.065498  -1.052986  1.122731  -0.544723  1.000000  
77.784063 -0.016350  -0.020302  -0.006635  0.421488  0.800277  0.426504  -0.849140  0.513375  -0.124126  -0.318291  -0.309844  0.895928  -0.023803  0.018087  0.065778  -1.039776  1.136308  -0.534655  1.000000  
