1-Time 2-Px 3-Py 4-Pz 5-R11 6-R21 7-R31 8-R12 9-R22 10-R32 11-R13 12-R23 13-R33 14-Vx 15-Vy 16-Vz 17-Wx 18-Wy 19-Wz 20-state
223.721804 -0.009118  -0.016461  0.003340  0.337539  0.842131  0.420576  -0.926522  0.376120  -0.009522  -0.166206  -0.386458  0.907208  -0.008399  -0.000912  -0.002061  0.000000  0.000000  0.000000  1.000000  
223.723005 -0.009123  -0.016459  0.003337  0.337546  0.842148  0.420534  -0.926543  0.376071  -0.009408  -0.166074  -0.386467  0.907228  -0.004998  0.001317  -0.003347  0.000000  0.000000  0.000000  1.000000  
223.724247 -0.009119  -0.016448  0.003329  0.337745  0.842038  0.420596  -0.926494  0.376197  -0.009162  -0.165942  -0.386586  0.907202  -0.000228  0.005556  -0.004962  0.000000  0.000000  0.000000  1.000000  
223.725251 -0.009113  -0.016437  0.003323  0.337752  0.842055  0.420555  -0.926515  0.376148  -0.009048  -0.165810  -0.386595  0.907222  0.001592  0.007421  -0.005373  0.000000  0.000000  0.000000  1.000000  
223.726513 -0.009111  -0.016428  0.003316  0.337760  0.842073  0.420513  -0.926536  0.376100  -0.008934  -0.165678  -0.386603  0.907242  0.001532  0.007371  -0.005307  0.000000  0.000000  0.000000  1.000000  
223.727747 -0.009112  -0.016422  0.003313  0.337760  0.842073  0.420513  -0.926536  0.376100  -0.008934  -0.165678  -0.386603  0.907242  0.001099  0.006727  -0.004732  0.000000  0.000000  0.000000  1.000000  
223.728747 -0.009109  -0.016416  0.003311  0.337958  0.842013  0.420474  -0.926487  0.376225  -0.008733  -0.165546  -0.386612  0.907263  0.001328  0.006698  -0.004361  0.000000  0.000000  0.000000  1.000000  
223.729751 -0.009105  -0.016407  0.003308  0.337958  0.842013  0.420474  -0.926487  0.376225  -0.008733  -0.165546  -0.386612  0.907263  0.001726  0.006948  -0.004200  0.000000  0.000000  0.000000  1.000000  
223.730766 -0.009102  -0.016399  0.003304  0.337958  0.841962  0.420576  -0.926487  0.376226  -0.008688  -0.165546  -0.386722  0.907216  0.001864  0.007103  -0.004151  0.000000  0.000000  0.000000  1.000000  
223.731767 -0.009101  -0.016392  0.003298  0.337966  0.841980  0.420534  -0.926508  0.376177  -0.008574  -0.165414  -0.386731  0.907236  0.001769  0.007081  -0.004340  0.000000  0.000000  0.000000  1.000000  
223.732772 -0.009100  -0.016385  0.003292  0.337966  0.841980  0.420534  -0.926508  0.376177  -0.008574  -0.165414  -0.386731  0.907236  0.001690  0.007059  -0.004491  0.000000  0.000000  0.000000  1.000000  
223.734005 -0.009097  -0.016375  0.003286  0.337966  0.841929  0.420636  -0.926508  0.376178  -0.008528  -0.165414  -0.386841  0.907189  0.001782  0.007116  -0.004511  0.000000  0.000000  0.000000  1.000000  
223.735259 -0.009091  -0.016363  0.003280  0.337973  0.841947  0.420595  -0.926529  0.376129  -0.008414  -0.165282  -0.386849  0.907210  0.002049  0.007389  -0.004535  0.000000  0.000000  0.000000  1.000000  
223.736503 -0.009083  -0.016348  0.003272  0.337973  0.841896  0.420697  -0.926529  0.376130  -0.008368  -0.165282  -0.386959  0.907163  0.002434  0.007797  -0.004700  0.000000  0.000000  0.000000  1.000000  
223.737506 -0.009072  -0.016333  0.003265  0.337966  0.841827  0.420840  -0.926508  0.376180  -0.008437  -0.165414  -0.387061  0.907095  0.003392  0.008676  -0.005019  0.000000  0.000000  0.000000  1.000000  
223.738749 -0.009057  -0.016310  0.003254  0.337966  0.841776  0.420943  -0.926508  0.376181  -0.008391  -0.165414  -0.387171  0.907048  0.004290  0.009593  -0.005235  0.000000  0.000000  0.000000  1.000000  
223.740001 -0.009041  -0.016286  0.003245  0.337966  0.841776  0.420943  -0.926508  0.376181  -0.008391  -0.165414  -0.387171  0.907048  0.004876  0.010253  -0.005274  0.000000  0.000000  0.000000  1.000000  
223.741249 -0.009030  -0.016266  0.003239  0.337966  0.841725  0.421045  -0.926508  0.376182  -0.008346  -0.165414  -0.387281  0.907002  0.005426  0.010914  -0.005240  0.000000  0.000000  0.000000  1.000000  
223.742497 -0.009022  -0.016249  0.003235  0.337966  0.841725  0.421045  -0.926508  0.376182  -0.008346  -0.165414  -0.387281  0.907002  0.005933  0.011627  -0.005206  0.000000  0.000000  0.000000  1.000000  
223.743497 -0.009015  -0.016234  0.003231  0.337966  0.841725  0.421045  -0.926508  0.376182  -0.008346  -0.165414  -0.387281  0.907002  0.006308  0.012241  -0.005319  0.000000  0.000000  0.000000  1.000000  
223.744498 -0.009006  -0.016217  0.003225  0.337966  0.841725  0.421045  -0.926508  0.376182  -0.008346  -0.165414  -0.387281  0.907002  0.006674  0.012864  -0.005637  0.000000  0.000000  0.000000  1.000000  
223.745499 -0.008999  -0.016202  0.003218  0.337966  0.841674  0.421147  -0.926508  0.376183  -0.008300  -0.165414  -0.387391  0.906955  0.006855  0.013228  -0.005751  0.000000  0.000000  0.000000  1.000000  
223.746504 -0.008995  -0.016188  0.003210  0.337966  0.841674  0.421147  -0.926508  0.376183  -0.008300  -0.165414  -0.387391  0.906955  0.007172  0.013804  -0.005974  0.000000  0.000000  0.000000  1.000000  
223.747747 -0.008992  -0.016174  0.003201  0.337966  0.841674  0.421147  -0.926508  0.376183  -0.008300  -0.165414  -0.387391  0.906955  0.007230  0.014103  -0.006107  0.000000  0.000000  0.000000  1.000000  
223.748758 -0.008986  -0.016160  0.003194  0.337973  0.841691  0.421105  -0.926529  0.376134  -0.008186  -0.165282  -0.387399  0.906975  0.007495  0.014631  -0.006241  0.000000  0.000000  0.000000  1.000000  
223.750000 -0.008975  -0.016138  0.003186  0.338164  0.841563  0.421209  -0.926459  0.376309  -0.008054  -0.165282  -0.387509  0.906928  0.007853  0.015166  -0.006411  0.000000  0.000000  0.000000  1.000000  
223.751002 -0.008963  -0.016119  0.003179  0.338164  0.841512  0.421311  -0.926459  0.376310  -0.008008  -0.165282  -0.387619  0.906881  0.008175  0.015633  -0.006490  0.000000  0.000000  0.000000  1.000000  
223.752011 -0.008954  -0.016101  0.003172  0.338164  0.841512  0.421311  -0.926459  0.376310  -0.008008  -0.165282  -0.387619  0.906881  0.008159  0.015891  -0.006382  0.000000  0.000000  0.000000  1.000000  
223.753256 -0.008943  -0.016080  0.003164  0.338156  0.841443  0.421455  -0.926439  0.376359  -0.008076  -0.165414  -0.387721  0.906814  0.007900  0.015855  -0.006197  0.000000  0.000000  0.000000  1.000000  
223.754503 -0.008933  -0.016060  0.003159  0.338347  0.841314  0.421558  -0.926369  0.376534  -0.007944  -0.165414  -0.387831  0.906766  0.007510  0.015603  -0.005970  0.000000  0.000000  0.000000  1.000000  
223.755749 -0.008923  -0.016040  0.003152  0.338545  0.841203  0.421620  -0.926320  0.376659  -0.007697  -0.165282  -0.387949  0.906740  0.007437  0.015555  -0.005966  0.000000  0.000000  0.000000  1.000000  
223.756750 -0.008915  -0.016027  0.003147  0.338736  0.841075  0.421724  -0.926250  0.376833  -0.007565  -0.165282  -0.388059  0.906693  0.007421  0.015459  -0.006028  0.000000  0.000000  0.000000  1.000000  
223.757998 -0.008908  -0.016012  0.003139  0.338927  0.840946  0.421828  -0.926181  0.377007  -0.007432  -0.165282  -0.388169  0.906646  0.007409  0.015323  -0.006358  0.000000  0.000000  0.000000  1.000000  
223.758998 -0.008903  -0.016001  0.003130  0.339117  0.840868  0.421829  -0.926111  0.377180  -0.007346  -0.165282  -0.388169  0.906646  0.007192  0.015007  -0.006583  0.000000  0.000000  0.000000  1.000000  
223.760005 -0.008897  -0.015989  0.003121  0.339308  0.840740  0.421933  -0.926041  0.377354  -0.007213  -0.165282  -0.388279  0.906599  0.007032  0.014645  -0.006681  0.000000  0.000000  0.000000  1.000000  
223.761251 -0.008890  -0.015975  0.003110  0.339697  0.840602  0.421894  -0.925922  0.377652  -0.006925  -0.165150  -0.388288  0.906619  0.007127  0.014465  -0.006755  0.000000  0.000000  0.000000  1.000000  
223.762502 -0.008883  -0.015961  0.003102  0.339888  0.840524  0.421895  -0.925852  0.377825  -0.006838  -0.165150  -0.388288  0.906619  0.007376  0.014420  -0.006705  0.000000  0.000000  0.000000  1.000000  
223.763753 -0.008872  -0.015945  0.003095  0.340269  0.840317  0.422000  -0.925712  0.378171  -0.006619  -0.165150  -0.388398  0.906572  0.007624  0.014292  -0.006610  0.000000  0.000000  0.000000  1.000000  
223.765014 -0.008859  -0.015926  0.003090  0.340848  0.840102  0.421962  -0.925522  0.378642  -0.006244  -0.165018  -0.388407  0.906592  0.007644  0.014022  -0.006381  0.000000  0.000000  0.000000  1.000000  
223.766269 -0.008845  -0.015906  0.003083  0.341229  0.839894  0.422066  -0.925382  0.378988  -0.006025  -0.165018  -0.388517  0.906545  0.007687  0.013801  -0.006217  0.000000  0.000000  0.000000  1.000000  
223.767504 -0.008834  -0.015889  0.003076  0.341801  0.839609  0.422172  -0.925171  0.379508  -0.005718  -0.165018  -0.388627  0.906498  0.007727  0.013633  -0.006209  0.000000  0.000000  0.000000  1.000000  
223.768506 -0.008826  -0.015877  0.003071  0.342189  0.839471  0.422132  -0.925051  0.379804  -0.005430  -0.164886  -0.388635  0.906518  0.007646  0.013213  -0.006222  0.000000  0.000000  0.000000  1.000000  
223.769767 -0.008816  -0.015863  0.003063  0.342768  0.839203  0.422195  -0.924860  0.380275  -0.005010  -0.164754  -0.388754  0.906491  0.007676  0.012806  -0.006280  0.085591  0.087741  -0.147941  1.000000  
223.771000 -0.008806  -0.015849  0.003055  0.343156  0.839013  0.422257  -0.924739  0.380572  -0.004676  -0.164622  -0.388873  0.906464  0.007630  0.012511  -0.006427  0.087909  0.097312  -0.158790  1.000000  
223.772006 -0.008802  -0.015840  0.003048  0.343545  0.838874  0.422216  -0.924619  0.380869  -0.004389  -0.164490  -0.388881  0.906485  0.007517  0.012285  -0.006508  0.090156  0.106791  -0.169528  1.000000  
223.773248 -0.008797  -0.015828  0.003038  0.344124  0.838606  0.422278  -0.924427  0.381338  -0.003968  -0.164358  -0.389000  0.906458  0.007351  0.012138  -0.006474  0.097667  0.119022  -0.186622  1.000000  
223.774498 -0.008793  -0.015815  0.003030  0.344702  0.838389  0.422238  -0.924235  0.381807  -0.003593  -0.164226  -0.389009  0.906478  0.007190  0.011967  -0.006335  0.097005  0.131238  -0.203686  1.000000  
223.775499 -0.008787  -0.015804  0.003023  0.345281  0.838171  0.422198  -0.924042  0.382276  -0.003219  -0.164094  -0.389017  0.906498  0.007180  0.011994  -0.006218  0.100411  0.143436  -0.220747  1.000000  
223.776749 -0.008779  -0.015788  0.003018  0.345676  0.838050  0.422114  -0.923941  0.382524  -0.002818  -0.163830  -0.389035  0.906538  0.007207  0.012074  -0.005967  0.102644  0.157064  -0.229737  1.000000  
223.777998 -0.008772  -0.015772  0.003012  0.346262  0.837799  0.422132  -0.923769  0.382944  -0.002284  -0.163566  -0.389162  0.906531  0.007124  0.012246  -0.005797  0.109191  0.171979  -0.242996  1.000000  
223.778998 -0.008766  -0.015757  0.003007  0.346658  0.837678  0.422048  -0.923667  0.383192  -0.001883  -0.163302  -0.389179  0.906572  0.006919  0.012291  -0.005818  0.107365  0.181463  -0.253733  1.000000  
223.780000 -0.008759  -0.015741  0.003001  0.347046  0.837487  0.422108  -0.923545  0.383488  -0.001549  -0.163170  -0.389298  0.906544  0.006640  0.012316  -0.005942  0.113428  0.189771  -0.260285  1.000000  
223.781248 -0.008751  -0.015722  0.002993  0.347639  0.837305  0.421980  -0.923391  0.383859  -0.000948  -0.162774  -0.389323  0.906604  0.006271  0.012300  -0.006009  0.111771  0.208537  -0.271553  1.000000  
223.782254 -0.008747  -0.015708  0.002987  0.348035  0.837184  0.421895  -0.923289  0.384106  -0.000547  -0.162510  -0.389341  0.906644  0.005955  0.012252  -0.006092  0.110945  0.228221  -0.281226  1.000000  
223.783507 -0.008742  -0.015693  0.002979  0.348438  0.837029  0.421868  -0.923206  0.384305  0.000014  -0.162114  -0.389476  0.906657  0.005583  0.012253  -0.006148  0.111922  0.243173  -0.281951  1.000000  
223.784753 -0.008740  -0.015678  0.002972  0.349039  0.836866  0.421697  -0.923072  0.384627  0.000728  -0.161586  -0.389511  0.906737  0.005079  0.012318  -0.006103  0.110062  0.265226  -0.287539  1.000000  
223.785754 -0.008737  -0.015666  0.002966  0.349442  0.836762  0.421567  -0.922989  0.384825  0.001242  -0.161190  -0.389536  0.906796  0.004686  0.012451  -0.006056  0.112174  0.278761  -0.296432  1.000000  
223.787061 -0.008735  -0.015649  0.002959  0.350042  0.836547  0.421496  -0.922853  0.385146  0.002003  -0.160662  -0.389680  0.906828  0.004399  0.012662  -0.005908  0.114090  0.300096  -0.301249  1.000000  
223.788251 -0.008733  -0.015633  0.002953  0.350643  0.836384  0.421322  -0.922717  0.385468  0.002717  -0.160134  -0.389714  0.906907  0.004288  0.012998  -0.005581  0.112393  0.322650  -0.307322  1.000000  
223.789498 -0.008728  -0.015616  0.002948  0.351243  0.836168  0.421249  -0.922580  0.385789  0.003478  -0.159605  -0.389858  0.906938  0.004303  0.013247  -0.005410  0.117634  0.341759  -0.310208  1.000000  
223.790498 -0.008723  -0.015601  0.002945  0.351835  0.835986  0.421117  -0.922423  0.386159  0.004078  -0.159209  -0.389883  0.906997  0.004273  0.013484  -0.005192  0.114646  0.356831  -0.311218  1.000000  
223.791498 -0.008716  -0.015584  0.002941  0.352246  0.835901  0.420942  -0.922358  0.386309  0.004705  -0.158681  -0.389917  0.907075  0.004292  0.013848  -0.005207  0.115637  0.371879  -0.312246  1.000000  
223.792748 -0.008707  -0.015562  0.002934  0.353035  0.835657  0.420765  -0.922146  0.386802  0.005505  -0.158152  -0.389950  0.907153  0.004396  0.014197  -0.005323  0.117698  0.393489  -0.317564  1.000000  
223.793748 -0.008701  -0.015544  0.002927  0.353635  0.835442  0.420689  -0.922007  0.387122  0.006265  -0.157624  -0.390094  0.907183  0.004427  0.014446  -0.005384  0.119805  0.415312  -0.322977  1.000000  
223.794998 -0.008691  -0.015523  0.002920  0.354432  0.835217  0.420466  -0.921814  0.387567  0.007178  -0.156963  -0.390135  0.907280  0.004519  0.014545  -0.005415  0.120772  0.434560  -0.322317  1.000000  
223.796000 -0.008684  -0.015507  0.002915  0.355039  0.835071  0.420243  -0.921692  0.387839  0.008004  -0.156302  -0.390177  0.907376  0.004525  0.014569  -0.005340  0.117637  0.457625  -0.319642  1.000000  
223.797007 -0.008679  -0.015492  0.002910  0.355638  0.834906  0.420063  -0.921551  0.388160  0.008717  -0.155774  -0.390209  0.907453  0.004588  0.014620  -0.005189  0.114552  0.476661  -0.318779  1.000000  
223.798275 -0.008672  -0.015475  0.002905  0.356624  0.834601  0.419835  -0.921281  0.388775  0.009715  -0.155113  -0.390251  0.907549  0.004725  0.014773  -0.005014  0.117442  0.502204  -0.326685  1.000000  
223.799509 -0.008666  -0.015457  0.002898  0.357610  0.834294  0.419605  -0.921010  0.389391  0.010714  -0.154452  -0.390291  0.907644  0.004999  0.015017  -0.004983  0.115487  0.524653  -0.332461  1.000000  
223.800756 -0.008660  -0.015438  0.002893  0.358792  0.833927  0.419326  -0.920683  0.390129  0.011911  -0.153659  -0.390340  0.907757  0.005206  0.015177  -0.004840  0.115518  0.555869  -0.348533  1.000000  
223.802008 -0.008652  -0.015420  0.002888  0.359966  0.833539  0.419090  -0.920335  0.390916  0.012994  -0.152998  -0.390381  0.907852  0.005555  0.015380  -0.004728  0.118581  0.580421  -0.360251  1.000000  
223.803252 -0.008643  -0.015400  0.002882  0.361148  0.833170  0.418808  -0.920003  0.391653  0.014191  -0.152204  -0.390429  0.907964  0.006067  0.015598  -0.004750  0.118636  0.611965  -0.376529  1.000000  
223.804253 -0.008635  -0.015383  0.002878  0.362124  0.832843  0.418615  -0.919707  0.392316  0.015074  -0.151675  -0.390461  0.908039  0.006302  0.015799  -0.004788  0.120633  0.629802  -0.383812  1.000000  
223.805501 -0.008624  -0.015361  0.002872  0.363305  0.832473  0.418328  -0.919372  0.393053  0.016269  -0.150882  -0.390509  0.908150  0.006560  0.016000  -0.004881  0.123576  0.654424  -0.395585  1.000000  
223.806747 -0.008614  -0.015338  0.002865  0.364674  0.832022  0.418035  -0.918960  0.393961  0.017549  -0.150088  -0.390557  0.908261  0.006669  0.016084  -0.004963  0.127672  0.683007  -0.414761  1.000000  
223.807748 -0.008606  -0.015320  0.002859  0.366035  0.831550  0.417784  -0.918526  0.394917  0.018716  -0.149427  -0.390597  0.908353  0.006750  0.016110  -0.005013  0.128687  0.708680  -0.440595  1.000000  
223.808997 -0.008598  -0.015298  0.002854  0.367591  0.831065  0.417381  -0.918033  0.395997  0.020033  -0.148633  -0.390534  0.908511  0.006751  0.016092  -0.004757  0.129632  0.738458  -0.464802  1.000000  
223.809998 -0.008592  -0.015283  0.002850  0.368762  0.830673  0.417129  -0.917670  0.396781  0.021113  -0.147971  -0.390573  0.908602  0.006619  0.016025  -0.004621  0.129573  0.765613  -0.482681  1.000000  
223.811248 -0.008587  -0.015263  0.002845  0.370317  0.830136  0.416821  -0.917172  0.397858  0.022476  -0.147177  -0.390620  0.908711  0.006422  0.016056  -0.004541  0.134573  0.795699  -0.506880  1.000000  
223.812248 -0.008584  -0.015248  0.002841  0.371683  0.829730  0.416413  -0.916746  0.398766  0.023705  -0.146383  -0.390556  0.908866  0.006188  0.016036  -0.004548  0.135303  0.821205  -0.532911  1.000000  
223.813500 -0.008581  -0.015230  0.002836  0.373244  0.829210  0.416053  -0.916259  0.399793  0.025179  -0.145456  -0.390610  0.908992  0.005971  0.016109  -0.004522  0.137051  0.853743  -0.563297  1.000000  
223.814501 -0.008578  -0.015215  0.002830  0.374412  0.828865  0.415690  -0.915888  0.400578  0.026207  -0.144795  -0.390538  0.909128  0.005829  0.016142  -0.004568  0.136741  0.872533  -0.584750  1.000000  
223.815504 -0.008575  -0.015199  0.002825  0.375580  0.828469  0.415427  -0.915514  0.401360  0.027283  -0.144133  -0.390576  0.909217  0.005751  0.016166  -0.004641  0.139402  0.888716  -0.599945  1.000000  
223.816506 -0.008571  -0.015183  0.002820  0.377131  0.827926  0.415103  -0.915001  0.402434  0.028642  -0.143338  -0.390622  0.909323  0.005612  0.016291  -0.004655  0.141127  0.917869  -0.632786  1.000000  
223.817754 -0.008564  -0.015161  0.002814  0.379065  0.827286  0.414617  -0.914346  0.403804  0.030235  -0.142411  -0.390564  0.909494  0.005473  0.016474  -0.004760  0.143731  0.948922  -0.671111  1.000000  
223.819003 -0.008559  -0.015139  0.002807  0.380810  0.826677  0.414232  -0.913765  0.404998  0.031789  -0.141484  -0.390617  0.909616  0.005208  0.016581  -0.004843  0.146175  0.980532  -0.710319  1.000000  
223.820249 -0.008553  -0.015116  0.002800  0.382741  0.826033  0.413737  -0.913101  0.406366  0.033378  -0.140557  -0.390558  0.909785  0.004922  0.016654  -0.004787  0.147460  1.007705  -0.741311  1.000000  
223.821251 -0.008549  -0.015098  0.002796  0.384296  0.825505  0.413350  -0.912590  0.407388  0.034845  -0.139629  -0.390610  0.909905  0.004580  0.016590  -0.004740  0.152962  1.037821  -0.775424  1.000000  
223.822498 -0.008544  -0.015076  0.002792  0.386412  0.824773  0.412838  -0.911837  0.408924  0.036516  -0.138702  -0.390551  0.910072  0.004205  0.016550  -0.004550  0.155265  1.069217  -0.814369  1.000000  
223.823748 -0.008540  -0.015055  0.002788  0.388534  0.824059  0.412272  -0.911096  0.410411  0.038297  -0.137642  -0.390499  0.910256  0.003925  0.016542  -0.004479  0.153062  1.098189  -0.850577  1.000000  
223.824748 -0.008539  -0.015039  0.002783  0.390272  0.823441  0.411864  -0.910493  0.411601  0.039845  -0.136714  -0.390550  0.910374  0.003606  0.016510  -0.004507  0.158447  1.129254  -0.885769  1.000000  
223.825998 -0.008537  -0.015019  0.002777  0.392405  0.822764  0.411191  -0.909774  0.412990  0.041846  -0.135389  -0.390511  0.910588  0.003366  0.016530  -0.004603  0.159847  1.161834  -0.919784  1.000000  
223.827248 -0.008535  -0.014999  0.002771  0.394716  0.821978  0.410550  -0.908950  0.414595  0.043817  -0.134195  -0.390465  0.910785  0.003248  0.016632  -0.004691  0.162555  1.199770  -0.962987  1.000000  
223.828498 -0.008532  -0.014978  0.002763  0.397212  0.821104  0.409892  -0.908038  0.416369  0.045870  -0.133002  -0.390417  0.910980  0.003288  0.016806  -0.004824  0.165210  1.238080  -1.006513  1.000000  
223.829501 -0.008529  -0.014960  0.002758  0.399137  0.820463  0.409304  -0.907348  0.417681  0.047556  -0.131941  -0.390363  0.911158  0.003321  0.016972  -0.004805  0.165890  1.270246  -1.036916  1.000000  
223.830748 -0.008524  -0.014938  0.002752  0.401449  0.819640  0.408692  -0.906520  0.419229  0.049682  -0.130615  -0.390432  0.911319  0.003355  0.017146  -0.004788  0.170185  1.302769  -1.067524  1.000000  
223.831766 -0.008519  -0.014918  0.002747  0.403364  0.818973  0.408142  -0.905803  0.420588  0.051252  -0.129686  -0.390369  0.911479  0.003359  0.017324  -0.004806  0.170142  1.332011  -1.097734  1.000000  
223.833005 -0.008512  -0.014894  0.002742  0.405678  0.818216  0.407366  -0.904977  0.422092  0.053433  -0.128227  -0.390334  0.911700  0.003404  0.017490  -0.004688  0.170183  1.369218  -1.127218  1.000000  
223.834253 -0.008505  -0.014869  0.002737  0.407990  0.817407  0.406681  -0.904143  0.423588  0.055662  -0.126767  -0.390407  0.911873  0.003446  0.017642  -0.004566  0.174165  1.406163  -1.156359  1.000000  
223.835505 -0.008500  -0.014845  0.002732  0.410485  0.816558  0.405876  -0.903217  0.425258  0.057921  -0.125307  -0.390370  0.912091  0.003440  0.017785  -0.004468  0.174053  1.446873  -1.183571  1.000000  
223.836749 -0.008495  -0.014822  0.002728  0.412977  0.815705  0.405062  -0.902282  0.426927  0.060176  -0.123846  -0.390331  0.912307  0.003421  0.017806  -0.004417  0.173808  1.484035  -1.213058  1.000000  
223.837751 -0.008492  -0.014804  0.002723  0.414896  0.815021  0.404478  -0.901564  0.428178  0.062008  -0.122651  -0.390390  0.912443  0.003431  0.017866  -0.004546  0.175975  1.511402  -1.231333  1.000000  
223.838998 -0.008488  -0.014782  0.002717  0.417561  0.814052  0.403685  -0.900513  0.430060  0.064229  -0.121323  -0.390343  0.912641  0.003546  0.018015  -0.004605  0.179744  1.544217  -1.262585  1.000000  
223.840004 -0.008486  -0.014765  0.002712  0.419661  0.813324  0.402976  -0.899697  0.431484  0.066086  -0.120128  -0.390290  0.912822  0.003566  0.018052  -0.004630  0.178636  1.574155  -1.287230  1.000000  
223.841247 -0.008482  -0.014742  0.002705  0.422334  0.812343  0.402160  -0.898657  0.433259  0.068574  -0.118534  -0.390365  0.912998  0.003705  0.018251  -0.004719  0.181524  1.608813  -1.308414  1.000000  
223.842248 -0.008479  -0.014723  0.002701  0.424428  0.811610  0.401435  -0.897826  0.434681  0.070426  -0.117338  -0.390310  0.913176  0.003756  0.018373  -0.004659  0.183304  1.631775  -1.328595  1.000000  
223.843248 -0.008475  -0.014704  0.002696  0.426705  0.810735  0.400788  -0.896902  0.436261  0.072410  -0.116142  -0.390365  0.913305  0.003872  0.018527  -0.004553  0.186467  1.664780  -1.361788  1.000000  
223.844498 -0.008470  -0.014681  0.002692  0.429738  0.809614  0.399814  -0.895659  0.438373  0.074999  -0.114547  -0.390327  0.913523  0.003931  0.018629  -0.004396  0.191666  1.706344  -1.401186  1.000000  
223.845500 -0.008466  -0.014661  0.002690  0.432015  0.808755  0.399096  -0.894732  0.439901  0.077088  -0.113218  -0.390387  0.913663  0.003933  0.018747  -0.004198  0.195012  1.743115  -1.430273  1.000000  
223.846748 -0.008461  -0.014636  0.002686  0.434855  0.807667  0.398214  -0.893556  0.441833  0.079639  -0.111623  -0.390458  0.913829  0.003838  0.018814  -0.004076  0.200894  1.777129  -1.453266  1.000000  
223.848004 -0.008456  -0.014612  0.002682  0.437691  0.806623  0.397223  -0.892368  0.443772  0.082132  -0.110027  -0.390417  0.914040  0.003750  0.018818  -0.003994  0.199069  1.814932  -1.485545  1.000000  
223.849009 -0.008452  -0.014592  0.002679  0.440136  0.805641  0.396514  -0.891312  0.445507  0.084181  -0.108830  -0.390469  0.914161  0.003643  0.018748  -0.003887  0.205469  1.844454  -1.509942  1.000000  
223.850249 -0.008448  -0.014570  0.002675  0.443330  0.804356  0.395562  -0.889921  0.447763  0.086883  -0.107234  -0.390537  0.914320  0.003549  0.018706  -0.003858  0.208949  1.878466  -1.543932  1.000000  
223.851504 -0.008446  -0.014548  0.002670  0.446531  0.803113  0.394487  -0.888542  0.449922  0.089797  -0.105371  -0.390615  0.914504  0.003301  0.018527  -0.003894  0.215472  1.923952  -1.581580  1.000000  
223.852750 -0.008445  -0.014527  0.002666  0.449720  0.801840  0.393451  -0.887136  0.452124  0.092596  -0.103641  -0.390687  0.914671  0.003126  0.018448  -0.003810  0.217570  1.965390  -1.609436  1.000000  
223.853997 -0.008445  -0.014506  0.002660  0.453080  0.800445  0.392436  -0.885610  0.454533  0.095361  -0.102044  -0.390751  0.914823  0.002870  0.018343  -0.003799  0.224368  1.993771  -1.644170  1.000000  
223.855004 -0.008445  -0.014490  0.002658  0.455686  0.799347  0.391655  -0.884409  0.456420  0.097471  -0.100846  -0.390799  0.914935  0.002716  0.018295  -0.003587  0.229126  2.015471  -1.670648  1.000000  
223.856008 -0.008444  -0.014473  0.002655  0.458471  0.798151  0.390844  -0.883105  0.458469  0.099658  -0.099648  -0.390847  0.915046  0.002547  0.018200  -0.003374  0.231308  2.035549  -1.706756  1.000000  
223.857248 -0.008443  -0.014451  0.002653  0.461808  0.796714  0.389847  -0.881529  0.460914  0.102298  -0.098184  -0.390904  0.915180  0.002395  0.018113  -0.003199  0.237870  2.060003  -1.743099  1.000000  
223.858248 -0.008442  -0.014434  0.002652  0.464408  0.795626  0.388980  -0.880310  0.462746  0.104505  -0.096852  -0.390955  0.915300  0.002213  0.018039  -0.002940  0.241644  2.084163  -1.762741  1.000000  
223.859248 -0.008440  -0.014416  0.002650  0.466629  0.794676  0.388261  -0.879251  0.464340  0.106331  -0.095787  -0.390996  0.915395  0.001985  0.017947  -0.002865  0.244702  2.089746  -1.775932  1.000000  
223.860498 -0.008440  -0.014393  0.002647  0.469950  0.793222  0.387228  -0.877639  0.466774  0.108957  -0.094321  -0.391051  0.915523  0.001734  0.017857  -0.002845  0.245749  2.106159  -1.806332  1.000000  
223.861499 -0.008438  -0.014375  0.002645  0.472537  0.792122  0.386331  -0.876391  0.468598  0.111150  -0.092989  -0.391100  0.915638  0.001563  0.017749  -0.002795  0.249862  2.125190  -1.828434  1.000000  
223.862515 -0.008438  -0.014358  0.002642  0.475120  0.791017  0.385425  -0.875134  0.470419  0.113340  -0.091657  -0.391149  0.915752  0.001296  0.017559  -0.002804  0.249953  2.147420  -1.855778  1.000000  
223.863750 -0.008437  -0.014336  0.002638  0.478604  0.789448  0.384331  -0.873386  0.473005  0.116029  -0.090191  -0.391201  0.915875  0.001079  0.017416  -0.002762  0.256135  2.165800  -1.901103  1.000000  
223.864752 -0.008436  -0.014320  0.002635  0.481530  0.788067  0.383509  -0.871900  0.475176  0.118317  -0.088992  -0.391355  0.915927  0.000841  0.017211  -0.002755  0.264945  2.183339  -1.930948  1.000000  
223.865763 -0.008438  -0.014306  0.002633  0.484272  0.786825  0.382605  -0.870501  0.477195  0.120465  -0.087793  -0.391396  0.916025  0.000585  0.017006  -0.002662  0.265558  2.196829  -1.971182  1.000000  
223.867004 -0.008440  -0.014287  0.002630  0.487915  0.785136  0.381446  -0.868612  0.479929  0.123215  -0.086326  -0.391447  0.916143  0.000362  0.016865  -0.002569  0.270844  2.216420  -2.016572  1.000000  
223.868007 -0.008441  -0.014272  0.002628  0.490825  0.783783  0.380494  -0.867090  0.482102  0.125431  -0.085127  -0.391487  0.916238  0.000218  0.016741  -0.002490  0.275305  2.233254  -2.046144  1.000000  
223.869253 -0.008442  -0.014252  0.002625  0.494274  0.782131  0.379427  -0.865271  0.484648  0.128148  -0.083660  -0.391647  0.916304  0.000180  0.016651  -0.002334  0.279071  2.251444  -2.076503  1.000000  
223.870500 -0.008443  -0.014232  0.002623  0.497721  0.780543  0.378188  -0.863446  0.487159  0.130906  -0.082060  -0.391700  0.916427  0.000074  0.016622  -0.002227  0.282867  2.267958  -2.115275  1.000000  
223.871503 -0.008442  -0.014216  0.002621  0.500435  0.779226  0.377322  -0.861990  0.489143  0.133087  -0.080860  -0.391849  0.916469  0.000043  0.016507  -0.002220  0.285574  2.276210  -2.134336  1.000000  
223.872748 -0.008443  -0.014195  0.002618  0.503857  0.777572  0.376179  -0.860119  0.491735  0.135620  -0.079526  -0.391891  0.916568  -0.000063  0.016434  -0.002292  0.289065  2.283144  -2.165836  1.000000  
223.873748 -0.008442  -0.014179  0.002615  0.506735  0.776142  0.375263  -0.858536  0.493870  0.137869  -0.078326  -0.392040  0.916608  -0.000080  0.016402  -0.002337  0.291492  2.290351  -2.189689  1.000000  
223.874748 -0.008442  -0.014162  0.002611  0.509427  0.774782  0.374428  -0.857039  0.495887  0.139930  -0.077259  -0.392184  0.916637  -0.000193  0.016251  -0.002510  0.298096  2.290179  -2.212392  1.000000  
223.875749 -0.008442  -0.014145  0.002608  0.512118  0.773490  0.373427  -0.855541  0.497872  0.142033  -0.076058  -0.392220  0.916722  -0.000201  0.016184  -0.002532  0.296434  2.295856  -2.228769  1.000000  
223.876997 -0.008443  -0.014125  0.002605  0.515523  0.771817  0.372202  -0.853634  0.500337  0.144813  -0.074457  -0.392379  0.916785  -0.000350  0.016114  -0.002544  0.298224  2.305475  -2.259151  1.000000  
223.878009 -0.008444  -0.014109  0.002601  0.518384  0.770393  0.371179  -0.852016  0.502410  0.147148  -0.073123  -0.392529  0.916828  -0.000516  0.015995  -0.002566  0.304506  2.318083  -2.276936  1.000000  
223.879250 -0.008447  -0.014090  0.002598  0.521768  0.768679  0.369987  -0.850073  0.504909  0.149810  -0.071655  -0.392682  0.916879  -0.000775  0.015903  -0.002558  0.305791  2.322125  -2.297720  1.000000  
223.880250 -0.008451  -0.014075  0.002595  0.524091  0.767556  0.369034  -0.848754  0.506499  0.151905  -0.070320  -0.392831  0.916918  -0.000909  0.015920  -0.002550  0.305186  2.319567  -2.291443  1.000000  
223.881250 -0.008454  -0.014060  0.002593  0.526585  0.766326  0.368040  -0.847319  0.508244  0.154071  -0.068985  -0.392979  0.916956  -0.001043  0.015853  -0.002516  0.305671  2.318811  -2.300132  1.000000  
223.882259 -0.008458  -0.014045  0.002591  0.529242  0.764959  0.367069  -0.845759  0.510188  0.156205  -0.067784  -0.393122  0.916984  -0.001168  0.015888  -0.002571  0.306373  2.316756  -2.307507  1.000000  
223.883505 -0.008460  -0.014025  0.002587  0.532252  0.763433  0.365893  -0.843985  0.512354  0.158693  -0.066315  -0.393272  0.917027  -0.001261  0.015938  -0.002596  0.304980  2.305995  -2.304850  1.000000  
223.884750 -0.008464  -0.014005  0.002583  0.535432  0.761780  0.364697  -0.842095  0.514607  0.161415  -0.064713  -0.393536  0.917029  -0.001424  0.016001  -0.002738  0.309181  2.314312  -2.310543  1.000000  
223.885751 -0.008466  -0.013988  0.002581  0.537898  0.760505  0.363727  -0.840614  0.516382  0.163458  -0.063512  -0.393678  0.917052  -0.001563  0.016039  -0.002786  0.309075  2.312146  -2.304623  1.000000  
223.886757 -0.008469  -0.013971  0.002578  0.540365  0.759211  0.362775  -0.839131  0.518088  0.165663  -0.062176  -0.393934  0.917033  -0.001810  0.016074  -0.002842  0.313197  2.315366  -2.301554  1.000000  
223.888006 -0.008473  -0.013949  0.002574  0.543347  0.757621  0.361642  -0.837310  0.520215  0.168190  -0.060707  -0.394192  0.917021  -0.002065  0.016107  -0.002887  0.316146  2.309004  -2.297097  1.000000  
223.889250 -0.008477  -0.013929  0.002571  0.546495  0.755918  0.360460  -0.835365  0.522492  0.170785  -0.059238  -0.394449  0.917006  -0.002383  0.016077  -0.002827  0.321698  2.322006  -2.314697  1.000000  
223.890290 -0.008481  -0.013912  0.002569  0.548939  0.754626  0.359451  -0.833845  0.524251  0.172809  -0.058036  -0.394588  0.917023  -0.002595  0.016017  -0.002712  0.321176  2.316623  -2.305567  1.000000  
223.891505 -0.008487  -0.013892  0.002567  0.551729  0.753086  0.358408  -0.832103  0.526186  0.175309  -0.056567  -0.394955  0.916957  -0.002999  0.016045  -0.002581  0.328359  2.308766  -2.305223  1.000000  
223.892748 -0.008494  -0.013873  0.002566  0.554513  0.751585  0.357262  -0.830349  0.528137  0.177739  -0.055097  -0.395210  0.916937  -0.003352  0.016013  -0.002389  0.330304  2.301648  -2.289625  1.000000  
223.893748 -0.008501  -0.013858  0.002565  0.556770  0.750348  0.356351  -0.828917  0.529708  0.179740  -0.053895  -0.395459  0.916901  -0.003629  0.015994  -0.002256  0.333768  2.296630  -2.276998  1.000000  
223.894999 -0.008509  -0.013839  0.002564  0.559711  0.748686  0.355236  -0.827028  0.531783  0.182297  -0.052425  -0.395823  0.916829  -0.003935  0.016024  -0.002174  0.336791  2.294113  -2.266323  1.000000  
223.896004 -0.008516  -0.013823  0.002563  0.562127  0.747333  0.354269  -0.825463  0.533500  0.184362  -0.051222  -0.396071  0.916790  -0.004178  0.016066  -0.002044  0.340509  2.286737  -2.248404  1.000000  
223.897248 -0.008523  -0.013804  0.002562  0.564885  0.745730  0.353258  -0.823668  0.535387  0.186900  -0.049753  -0.396545  0.916666  -0.004355  0.016117  -0.001917  0.349958  2.276945  -2.226265  1.000000  
223.898269 -0.008529  -0.013787  0.002561  0.567291  0.744369  0.352272  -0.822085  0.537095  0.188957  -0.048550  -0.396791  0.916624  -0.004623  0.016099  -0.001753  0.354073  2.270308  -2.208919  1.000000  
223.899499 -0.008536  -0.013766  0.002561  0.570205  0.742648  0.351198  -0.820153  0.539125  0.191558  -0.047080  -0.397263  0.916496  -0.004847  0.016138  -0.001504  0.360658  2.268325  -2.201624  1.000000  
223.900503 -0.008542  -0.013750  0.002561  0.572595  0.741208  0.350352  -0.818547  0.540844  0.193570  -0.046010  -0.397617  0.916397  -0.005152  0.016099  -0.001309  0.369654  2.257008  -2.194623  1.000000  
223.901751 -0.008550  -0.013729  0.002563  0.575494  0.739520  0.349165  -0.816592  0.542885  0.196095  -0.044540  -0.397977  0.916314  -0.005404  0.016103  -0.000989  0.372614  2.251906  -2.181361  1.000000  
223.902998 -0.008558  -0.013709  0.002565  0.578383  0.737755  0.348125  -0.814621  0.544939  0.198580  -0.043204  -0.398445  0.916174  -0.005703  0.016031  -0.000579  0.380093  2.247031  -2.168048  1.000000  
223.904008 -0.008566  -0.013693  0.002568  0.580591  0.736405  0.347308  -0.813112  0.546424  0.200674  -0.042000  -0.398910  0.916028  -0.006023  0.015973  -0.000215  0.391928  2.241223  -2.154095  1.000000  
223.905248 -0.008577  -0.013674  0.002571  0.583465  0.734631  0.346244  -0.811120  0.548466  0.203149  -0.040664  -0.399376  0.915885  -0.006434  0.015935  0.000144  0.397715  2.230907  -2.140981  1.000000  
223.906249 -0.008586  -0.013659  0.002574  0.585826  0.733131  0.345438  -0.809469  0.550136  0.205207  -0.039594  -0.399838  0.915730  -0.006730  0.015774  0.000430  0.407619  2.224173  -2.131974  1.000000  
223.907498 -0.008599  -0.013641  0.002578  0.588686  0.731349  0.344351  -0.807456  0.552165  0.207673  -0.038257  -0.400303  0.915584  -0.007122  0.015720  0.000787  0.413580  2.213070  -2.127536  1.000000  
223.908748 -0.008612  -0.013622  0.002582  0.591701  0.729375  0.343369  -0.805306  0.554356  0.210173  -0.037054  -0.400876  0.915383  -0.007449  0.015678  0.001151  0.425223  2.198023  -2.125076  1.000000  
223.909749 -0.008623  -0.013607  0.002586  0.594040  0.727832  0.342605  -0.803625  0.556051  0.212121  -0.036118  -0.401334  0.915219  -0.007707  0.015696  0.001513  0.434284  2.190355  -2.127912  1.000000  
223.910999 -0.008635  -0.013588  0.002590  0.596871  0.725889  0.341804  -0.801571  0.558094  0.214510  -0.035048  -0.402015  0.914962  -0.007980  0.015713  0.001812  0.450352  2.172256  -2.127973  1.000000  
223.912004 -0.008646  -0.013572  0.002596  0.599363  0.724223  0.340977  -0.799750  0.559927  0.216522  -0.034112  -0.402472  0.914796  -0.008370  0.015690  0.002315  0.459749  2.164034  -2.139678  1.000000  
223.913248 -0.008661  -0.013552  0.002603  0.602347  0.722187  0.340035  -0.797556  0.562060  0.219073  -0.032909  -0.403154  0.914540  -0.008827  0.015739  0.002783  0.476071  2.156352  -2.142004  1.000000  
223.914249 -0.008673  -0.013535  0.002610  0.604659  0.720555  0.339395  -0.795837  0.563748  0.220978  -0.032106  -0.403719  0.914319  -0.009221  0.015710  0.003214  0.489410  2.144968  -2.146725  1.000000  
223.915258 -0.008685  -0.013519  0.002616  0.606800  0.719002  0.338867  -0.794233  0.565325  0.222715  -0.031438  -0.404282  0.914094  -0.009681  0.015680  0.003716  0.500709  2.120663  -2.144184  1.000000  
223.916501 -0.008701  -0.013498  0.002625  0.609596  0.717037  0.338010  -0.792131  0.567331  0.225088  -0.030368  -0.404961  0.913830  -0.010224  0.015691  0.004211  0.514967  2.111366  -2.153032  1.000000  
223.917751 -0.008719  -0.013478  0.002635  0.612384  0.715067  0.337142  -0.790018  0.569329  0.227457  -0.029298  -0.405639  0.913564  -0.010873  0.015694  0.004706  0.526154  2.094819  -2.155817  1.000000  
223.919001 -0.008738  -0.013458  0.002643  0.615164  0.713052  0.336347  -0.787894  0.571291  0.229891  -0.028228  -0.406427  0.913247  -0.011471  0.015692  0.005038  0.542544  2.080522  -2.153461  1.000000  
223.920004 -0.008754  -0.013441  0.002651  0.617446  0.711401  0.335662  -0.786135  0.572947  0.231784  -0.027425  -0.406990  0.913021  -0.011979  0.015764  0.005386  0.556729  2.071621  -2.160955  1.000000  
223.921248 -0.008776  -0.013422  0.002661  0.620209  0.709344  0.334921  -0.783989  0.574935  0.234116  -0.026489  -0.407775  0.912698  -0.012614  0.015828  0.005753  0.570004  2.060130  -2.166377  1.000000  
223.922497 -0.008798  -0.013401  0.002671  0.622964  0.707241  0.334253  -0.781833  0.576887  0.236515  -0.025553  -0.408671  0.912324  -0.013268  0.015995  0.006234  0.586871  2.043842  -2.180228  1.000000  
223.923498 -0.008816  -0.013384  0.002680  0.625226  0.705504  0.333702  -0.780047  0.578536  0.238375  -0.024884  -0.409341  0.912042  -0.013810  0.016147  0.006629  0.604510  2.031854  -2.195828  1.000000  
223.924748 -0.008838  -0.013362  0.002691  0.627966  0.703393  0.333012  -0.777872  0.580470  0.240769  -0.023948  -0.410236  0.911665  -0.014397  0.016324  0.007018  0.621507  2.017015  -2.201947  1.000000  
223.925997 -0.008861  -0.013339  0.002704  0.630537  0.701363  0.332436  -0.775814  0.582292  0.242998  -0.023145  -0.411128  0.911284  -0.015063  0.016571  0.007571  0.638387  1.995256  -2.200850  1.000000  
223.927248 -0.008885  -0.013316  0.002717  0.633101  0.699328  0.331849  -0.773747  0.584106  0.245225  -0.022343  -0.412019  0.910901  -0.015806  0.016806  0.008038  0.655256  1.973131  -2.204758  1.000000  
223.928248 -0.008904  -0.013297  0.002727  0.635179  0.697696  0.331312  -0.772061  0.585583  0.247009  -0.021674  -0.412688  0.910614  -0.016285  0.016966  0.008344  0.664959  1.959500  -2.209672  1.000000  
223.929497 -0.008928  -0.013273  0.002740  0.637572  0.695811  0.330679  -0.770111  0.587196  0.249258  -0.020737  -0.413580  0.910232  -0.016928  0.017192  0.008655  0.676849  1.938041  -2.201631  1.000000  
223.930499 -0.008949  -0.013255  0.002751  0.639640  0.694134  0.330211  -0.768413  0.588630  0.251110  -0.020068  -0.414358  0.909893  -0.017410  0.017296  0.008858  0.690387  1.924495  -2.199795  1.000000  
223.931501 -0.008969  -0.013235  0.002762  0.641703  0.692454  0.329735  -0.766708  0.590059  0.252961  -0.019400  -0.415136  0.909552  -0.017909  0.017493  0.009108  0.703823  1.910633  -2.197616  1.000000  
223.932504 -0.008990  -0.013217  0.002772  0.643601  0.690858  0.329383  -0.765128  0.591382  0.254649  -0.018864  -0.415913  0.909209  -0.018416  0.017691  0.009292  0.717941  1.885033  -2.195692  1.000000  
223.933504 -0.009013  -0.013198  0.002782  0.645655  0.689173  0.328892  -0.763413  0.592798  0.256498  -0.018196  -0.416690  0.908867  -0.018926  0.017827  0.009522  0.731770  1.873940  -2.199946  1.000000  
223.934751 -0.009040  -0.013175  0.002795  0.648017  0.687162  0.328455  -0.761424  0.594430  0.258624  -0.017527  -0.417687  0.908422  -0.019330  0.018001  0.009761  0.748919  1.845820  -2.197377  1.000000  
223.935751 -0.009063  -0.013157  0.002806  0.650058  0.685396  0.328111  -0.759694  0.595844  0.260450  -0.016992  -0.418572  0.908025  -0.019764  0.018189  0.009984  0.762949  1.830912  -2.203294  1.000000  
223.936754 -0.009086  -0.013138  0.002819  0.652096  0.683703  0.327597  -0.757960  0.597242  0.262295  -0.016323  -0.419347  0.907679  -0.020123  0.018381  0.010302  0.776593  1.816992  -2.201277  1.000000  
