1-Time 2-Px 3-Py 4-Pz 5-R11 6-R21 7-R31 8-R12 9-R22 10-R32 11-R13 12-R23 13-R33 14-Vx 15-Vy 16-Vz 17-Wx 18-Wy 19-Wz 20-state
14.725505 -0.001648  0.012214  -0.053585  0.556881  0.675234  0.483676  -0.790527  0.252204  0.558086  0.254854  -0.693147  0.674238  -0.004598  -0.002469  -0.001131  -0.120689  0.236150  0.224535  1.000000  
14.726727 -0.001653  0.012210  -0.053582  0.556842  0.675399  0.483491  -0.790471  0.252120  0.558203  0.255112  -0.693016  0.674274  -0.004593  -0.002516  -0.000864  -0.120699  0.236189  0.224519  1.000000  
14.727728 -0.001653  0.012199  -0.053542  0.556803  0.675564  0.483305  -0.790415  0.252036  0.558320  0.255371  -0.692886  0.674311  -0.004347  -0.003178  0.001887  -0.121708  0.235050  0.223131  1.000000  
14.728976 -0.001652  0.012180  -0.053469  0.556763  0.675730  0.483119  -0.790359  0.251952  0.558437  0.255630  -0.692755  0.674347  -0.001210  -0.010676  0.035972  -0.120727  0.230066  0.218094  1.000000  
14.730226 -0.001652  0.012167  -0.053413  0.556744  0.675900  0.482903  -0.790332  0.252012  0.558450  0.255759  -0.692567  0.674491  -0.000957  -0.010595  0.038477  -0.124768  0.223880  0.211638  1.000000  
14.731230 -0.001656  0.012162  -0.053385  0.556724  0.675954  0.482851  -0.790304  0.251936  0.558524  0.255888  -0.692542  0.674467  -0.001418  -0.009458  0.036466  -0.120710  0.220755  0.208395  1.000000  
14.732476 -0.001666  0.012158  -0.053363  0.556704  0.676066  0.482717  -0.790276  0.251928  0.558567  0.256018  -0.692436  0.674528  -0.002669  -0.008304  0.032944  -0.120756  0.214642  0.202039  1.000000  
14.733735 -0.001681  0.012152  -0.053338  0.556665  0.676231  0.482531  -0.790219  0.251844  0.558684  0.256276  -0.692305  0.674564  -0.004201  -0.007810  0.030882  -0.121746  0.210149  0.197208  1.000000  
14.734976 -0.001691  0.012143  -0.053311  0.556625  0.676338  0.482427  -0.790163  0.251693  0.558831  0.256535  -0.692256  0.674516  -0.004675  -0.007685  0.029719  -0.116699  0.208423  0.195566  1.000000  
14.735990 -0.001691  0.012135  -0.053283  0.556462  0.676389  0.482542  -0.790278  0.251554  0.558732  0.256535  -0.692256  0.674516  -0.004181  -0.007723  0.029528  -0.111801  0.195883  0.192087  1.000000  
14.737234 -0.001689  0.012121  -0.053241  0.556482  0.676336  0.482594  -0.790306  0.251629  0.558658  0.256406  -0.692280  0.674540  -0.003578  -0.008134  0.029941  -0.107750  0.183405  0.179214  1.000000  
14.738234 -0.001692  0.012107  -0.053201  0.556502  0.676283  0.482646  -0.790334  0.251705  0.558584  0.256276  -0.692305  0.674564  -0.003543  -0.008618  0.030759  -0.101928  0.166085  0.170971  1.000000  
14.739481 -0.001702  0.012089  -0.053148  0.556398  0.676057  0.483081  -0.790533  0.251658  0.558325  0.255888  -0.692542  0.674467  -0.003946  -0.009119  0.031836  -0.087222  0.144403  0.158199  1.000000  
14.740494 -0.001711  0.012073  -0.053100  0.556255  0.675997  0.483330  -0.790675  0.251527  0.558182  0.255759  -0.692649  0.674407  -0.004270  -0.009554  0.032923  -0.078002  0.128203  0.151199  1.000000  
14.741726 -0.001720  0.012049  -0.053031  0.556112  0.675878  0.483661  -0.790818  0.251328  0.558070  0.255630  -0.692837  0.674263  -0.004513  -0.010774  0.036733  0.000000  0.000000  0.000000  1.000000  
14.742727 -0.001725  0.012025  -0.052970  0.556112  0.675761  0.483825  -0.790818  0.251193  0.558131  0.255630  -0.693000  0.674095  -0.004785  -0.011557  0.038172  0.000000  0.000000  0.000000  1.000000  
14.743987 -0.001728  0.011995  -0.052897  0.556093  0.675697  0.483937  -0.790790  0.250981  0.558265  0.255759  -0.693139  0.673903  -0.005164  -0.012298  0.037794  0.000000  0.000000  0.000000  1.000000  
14.745226 -0.001731  0.011971  -0.052845  0.555890  0.675797  0.484030  -0.790848  0.250623  0.558343  0.256018  -0.693172  0.673771  -0.005279  -0.013215  0.037933  0.000000  0.000000  0.000000  1.000000  
14.746476 -0.001740  0.011952  -0.052805  0.555708  0.675843  0.484175  -0.790935  0.250340  0.558348  0.256147  -0.693229  0.673663  -0.005568  -0.014014  0.038450  0.000000  0.000000  0.000000  1.000000  
14.747476 -0.001752  0.011939  -0.052769  0.555688  0.675837  0.484205  -0.790906  0.250196  0.558452  0.256276  -0.693286  0.673555  -0.005748  -0.014602  0.039648  0.000000  0.000000  0.000000  1.000000  
14.748479 -0.001764  0.011925  -0.052721  0.555668  0.675832  0.484235  -0.790878  0.250053  0.558556  0.256406  -0.693343  0.673447  -0.005574  -0.015397  0.041866  0.000000  0.000000  0.000000  1.000000  
14.749726 -0.001771  0.011905  -0.052641  0.555629  0.675939  0.484132  -0.790822  0.249901  0.558704  0.256664  -0.693294  0.673399  -0.005453  -0.016154  0.045442  0.000000  0.000000  0.000000  1.000000  
14.750732 -0.001773  0.011887  -0.052561  0.555609  0.675992  0.484080  -0.790794  0.249825  0.558777  0.256794  -0.693269  0.673376  -0.005562  -0.016808  0.048971  0.000000  0.000000  0.000000  1.000000  
14.751991 -0.001774  0.011864  -0.052452  0.555713  0.676042  0.483891  -0.790595  0.249669  0.559128  0.257182  -0.693277  0.673220  -0.005737  -0.017417  0.053492  0.000000  0.000000  0.000000  1.000000  
14.753233 -0.001781  0.011840  -0.052351  0.555836  0.676156  0.483591  -0.790425  0.249724  0.559345  0.257440  -0.693146  0.673256  -0.005936  -0.017744  0.056650  0.000000  0.000000  0.000000  1.000000  
14.754479 -0.001795  0.011821  -0.052270  0.555959  0.676211  0.483372  -0.790254  0.249711  0.559592  0.257699  -0.693097  0.673208  -0.006188  -0.017868  0.058547  0.000000  0.000000  0.000000  1.000000  
14.755480 -0.001809  0.011809  -0.052220  0.556082  0.676266  0.483153  -0.790083  0.249699  0.559839  0.257957  -0.693047  0.673160  -0.006576  -0.017664  0.058703  0.000000  0.000000  0.000000  1.000000  
14.756586 -0.001824  0.011796  -0.052177  0.556185  0.676434  0.482800  -0.789884  0.249679  0.560129  0.258345  -0.692891  0.673171  -0.006984  -0.016987  0.057464  0.000000  0.000000  0.000000  1.000000  
14.757727 -0.001838  0.011778  -0.052122  0.556288  0.676601  0.482447  -0.789684  0.249659  0.560419  0.258733  -0.692735  0.673183  -0.007607  -0.016289  0.056444  0.000000  0.000000  0.000000  1.000000  
14.758976 -0.001845  0.011755  -0.052059  0.556553  0.676717  0.481978  -0.789370  0.249778  0.560808  0.259121  -0.692579  0.673195  -0.007859  -0.015972  0.055958  0.000000  0.000000  0.000000  1.000000  
14.759985 -0.001848  0.011736  -0.052004  0.556655  0.676826  0.481707  -0.789171  0.249690  0.561128  0.259508  -0.692504  0.673122  -0.007930  -0.015904  0.056971  0.000000  0.000000  0.000000  1.000000  
14.761230 -0.001850  0.011713  -0.051931  0.556920  0.676883  0.481320  -0.788856  0.249742  0.561547  0.259896  -0.692429  0.673050  -0.007460  -0.016225  0.059254  0.000000  0.000000  0.000000  1.000000  
14.762479 -0.001855  0.011692  -0.051852  0.557165  0.676994  0.480881  -0.788513  0.249718  0.562039  0.260413  -0.692330  0.672952  -0.006660  -0.016638  0.061874  0.000000  0.000000  0.000000  1.000000  
14.763479 -0.001858  0.011672  -0.051781  0.557409  0.677105  0.480442  -0.788170  0.249694  0.562531  0.260929  -0.692230  0.672855  -0.006267  -0.016895  0.062757  0.000000  0.000000  0.000000  1.000000  
14.764480 -0.001859  0.011652  -0.051709  0.557652  0.677216  0.480002  -0.787826  0.249670  0.563023  0.261446  -0.692129  0.672758  -0.005960  -0.017151  0.063134  0.000000  0.000000  0.000000  1.000000  
14.765481 -0.001858  0.011631  -0.051638  0.557896  0.677386  0.479480  -0.787482  0.249715  0.563484  0.261962  -0.691947  0.672744  -0.005776  -0.017349  0.062539  0.013261  0.192399  0.074140  1.000000  
14.766732 -0.001852  0.011609  -0.051557  0.558422  0.677617  0.478539  -0.786851  0.249957  0.564258  0.262737  -0.691633  0.672765  -0.005294  -0.017260  0.060729  -0.003793  0.239936  0.073997  1.000000  
14.767986 -0.001848  0.011589  -0.051483  0.558968  0.677853  0.477567  -0.786247  0.250343  0.564928  0.263383  -0.691262  0.672894  -0.004586  -0.017059  0.059110  -0.023247  0.277882  0.074631  1.000000  
14.769235 -0.001850  0.011572  -0.051416  0.559392  0.678033  0.476814  -0.785816  0.250742  0.565352  0.263770  -0.690941  0.673072  -0.003767  -0.016845  0.057872  -0.050821  0.315846  0.075291  1.000000  
14.770479 -0.001857  0.011558  -0.051349  0.559977  0.678218  0.475863  -0.785268  0.251349  0.565842  0.264157  -0.690539  0.673333  -0.003157  -0.016703  0.058092  -0.079605  0.349628  0.064309  1.000000  
14.771729 -0.001862  0.011544  -0.051270  0.560562  0.678345  0.474993  -0.784721  0.251888  0.566362  0.264544  -0.690218  0.673510  -0.002120  -0.016710  0.060133  -0.113725  0.388869  0.054391  1.000000  
14.772730 -0.001861  0.011532  -0.051195  0.561167  0.678475  0.474092  -0.784201  0.252571  0.566777  0.264802  -0.689840  0.673795  -0.001382  -0.016406  0.062045  -0.145422  0.414282  0.042136  1.000000  
14.773734 -0.001856  0.011516  -0.051109  0.561771  0.678546  0.473273  -0.783681  0.253186  0.567222  0.265060  -0.689544  0.673997  -0.000681  -0.016194  0.064352  -0.169008  0.436591  0.026662  1.000000  
14.774978 -0.001846  0.011494  -0.050993  0.562516  0.678733  0.472120  -0.783016  0.254004  0.567775  0.265447  -0.689059  0.674340  0.000084  -0.016120  0.067417  -0.204364  0.468338  0.001803  1.000000  
14.775985 -0.001842  0.011478  -0.050904  0.562958  0.678913  0.471334  -0.782611  0.254549  0.568089  0.265705  -0.688681  0.674625  0.000552  -0.015941  0.069585  -0.231978  0.490464  -0.013707  1.000000  
14.777226 -0.001840  0.011459  -0.050803  0.563560  0.679039  0.470431  -0.782089  0.255235  0.568500  0.265963  -0.688303  0.674909  0.000934  -0.015765  0.071058  -0.259735  0.512862  -0.029232  1.000000  
14.778476 -0.001839  0.011444  -0.050717  0.564183  0.679110  0.469581  -0.781596  0.255995  0.568836  0.266092  -0.687950  0.675218  0.001244  -0.015234  0.070975  -0.285036  0.527580  -0.047587  1.000000  
14.779726 -0.001836  0.011428  -0.050638  0.564645  0.679234  0.468847  -0.781218  0.256616  0.569075  0.266221  -0.687597  0.675527  0.001568  -0.014609  0.070184  -0.309274  0.543217  -0.065326  1.000000  
14.780977 -0.001828  0.011410  -0.050557  0.565086  0.679410  0.468060  -0.780812  0.257163  0.569386  0.266479  -0.687219  0.675810  0.001846  -0.014155  0.069831  -0.328358  0.552834  -0.078777  1.000000  
14.781979 -0.001819  0.011393  -0.050483  0.565386  0.679528  0.467525  -0.780550  0.257575  0.569558  0.266608  -0.686947  0.676035  0.002087  -0.014120  0.070737  -0.346517  0.554581  -0.086671  1.000000  
14.783226 -0.001809  0.011369  -0.050379  0.565826  0.679647  0.466820  -0.780143  0.258053  0.569899  0.266866  -0.686650  0.676235  0.002674  -0.014518  0.073096  -0.358271  0.563920  -0.096032  1.000000  
14.784228 -0.001803  0.011348  -0.050288  0.566126  0.679764  0.466285  -0.779881  0.258466  0.570071  0.266995  -0.686379  0.676460  0.003133  -0.014932  0.075197  -0.372232  0.565397  -0.103919  1.000000  
14.785231 -0.001801  0.011328  -0.050192  0.566287  0.679881  0.465920  -0.779765  0.258814  0.570072  0.266995  -0.686132  0.676710  0.003784  -0.015568  0.078374  -0.387616  0.563766  -0.111300  1.000000  
14.786234 -0.001800  0.011310  -0.050094  0.566608  0.680000  0.465355  -0.779531  0.259370  0.570138  0.266995  -0.685804  0.677043  0.004137  -0.016087  0.080808  -0.403163  0.560996  -0.126203  1.000000  
14.787480 -0.001796  0.011288  -0.049974  0.566929  0.680119  0.464791  -0.779298  0.259927  0.570204  0.266995  -0.685475  0.677375  0.004384  -0.016465  0.082677  -0.415887  0.554285  -0.140216  1.000000  
14.788480 -0.001790  0.011271  -0.049878  0.567110  0.680237  0.464396  -0.779210  0.260418  0.570100  0.266866  -0.685172  0.677733  0.004419  -0.016658  0.083511  -0.432215  0.544785  -0.149974  1.000000  
14.789726 -0.001783  0.011250  -0.049761  0.567452  0.680413  0.463720  -0.779005  0.261187  0.570028  0.266737  -0.684704  0.678256  0.004322  -0.016563  0.083567  -0.452883  0.529172  -0.166302  1.000000  
14.790729 -0.001778  0.011235  -0.049669  0.567794  0.680476  0.463209  -0.778801  0.261818  0.570019  0.266608  -0.684400  0.678614  0.004327  -0.016468  0.083756  -0.466997  0.519922  -0.179178  1.000000  
14.791985 -0.001774  0.011221  -0.049562  0.568156  0.680597  0.462586  -0.778624  0.262660  0.569872  0.266350  -0.683957  0.679162  0.004469  -0.016118  0.084108  -0.493570  0.497288  -0.198596  1.000000  
14.793226 -0.001772  0.011210  -0.049455  0.568498  0.680771  0.461909  -0.778419  0.263429  0.569797  0.266221  -0.683488  0.679685  0.004545  -0.015829  0.085502  -0.515721  0.485403  -0.214524  1.000000  
14.794476 -0.001770  0.011195  -0.049340  0.568679  0.680943  0.461433  -0.778331  0.263989  0.569659  0.266092  -0.683100  0.680124  0.004502  -0.015791  0.087964  -0.532474  0.457126  -0.224448  1.000000  
14.795726 -0.001764  0.011174  -0.049210  0.569021  0.681116  0.460756  -0.778125  0.264758  0.569583  0.265963  -0.682631  0.680646  0.004313  -0.015987  0.091288  -0.551049  0.433543  -0.239060  1.000000  
14.796977 -0.001756  0.011150  -0.049067  0.569362  0.681176  0.460245  -0.777920  0.265388  0.569570  0.265834  -0.682325  0.681002  0.004190  -0.016207  0.094440  -0.555588  0.402021  -0.252102  1.000000  
14.797978 -0.001748  0.011128  -0.048947  0.569522  0.681289  0.459880  -0.777802  0.265736  0.569568  0.265834  -0.682078  0.681251  0.004086  -0.016309  0.097076  -0.552197  0.380033  -0.255688  1.000000  
14.798978 -0.001742  0.011108  -0.048832  0.569863  0.681293  0.459451  -0.777597  0.266297  0.569587  0.265705  -0.681855  0.681524  0.004153  -0.016401  0.098693  -0.554462  0.362685  -0.263835  1.000000  
14.799984 -0.001739  0.011089  -0.048726  0.570024  0.681405  0.459086  -0.777479  0.266645  0.569585  0.265705  -0.681607  0.681772  0.004227  -0.016246  0.099393  -0.551225  0.349653  -0.263116  1.000000  
14.801229 -0.001734  0.011066  -0.048609  0.570365  0.681408  0.458658  -0.777273  0.267206  0.569603  0.265576  -0.681384  0.682045  0.004395  -0.016281  0.099039  -0.541791  0.322701  -0.262018  1.000000  
14.802234 -0.001731  0.011048  -0.048520  0.570685  0.681465  0.458175  -0.777038  0.267694  0.569694  0.265576  -0.681135  0.682293  0.004421  -0.016290  0.098504  -0.539942  0.311486  -0.263794  1.000000  
14.803478 -0.001725  0.011026  -0.048411  0.571164  0.681466  0.457575  -0.776686  0.268322  0.569880  0.265576  -0.680887  0.682541  0.004331  -0.016331  0.097798  -0.532455  0.292483  -0.264201  1.000000  
14.804479 -0.001719  0.011007  -0.048318  0.571644  0.681467  0.456975  -0.776333  0.268950  0.570064  0.265576  -0.680639  0.682789  0.004305  -0.016455  0.097796  -0.527967  0.283606  -0.268380  1.000000  
14.805484 -0.001711  0.010987  -0.048219  0.572123  0.681467  0.456375  -0.775979  0.269579  0.570248  0.265576  -0.680390  0.683036  0.004515  -0.016777  0.098301  -0.520507  0.266793  -0.270869  1.000000  
14.806727 -0.001703  0.010963  -0.048087  0.572762  0.681410  0.455657  -0.775508  0.270347  0.570526  0.265576  -0.680142  0.683284  0.004819  -0.017534  0.100024  -0.518479  0.265149  -0.282140  1.000000  
14.807987 -0.001695  0.010940  -0.047950  0.573581  0.681298  0.454794  -0.774947  0.271399  0.570789  0.265447  -0.679835  0.683639  0.005207  -0.018293  0.102015  -0.520096  0.263294  -0.293227  1.000000  
14.809226 -0.001690  0.010918  -0.047809  0.574219  0.681295  0.453993  -0.774474  0.272237  0.571032  0.265447  -0.679503  0.683969  0.005369  -0.018629  0.103757  -0.521867  0.262625  -0.298835  1.000000  
14.810226 -0.001685  0.010901  -0.047696  0.575016  0.681179  0.453157  -0.773883  0.273146  0.571399  0.265447  -0.679254  0.684216  0.005511  -0.018778  0.104533  -0.527362  0.273432  -0.316082  1.000000  
14.811227 -0.001680  0.010883  -0.047587  0.575834  0.681063  0.452293  -0.773319  0.274197  0.571659  0.265318  -0.678947  0.684571  0.005356  -0.018742  0.104325  -0.536972  0.281116  -0.336581  1.000000  
14.812476 -0.001674  0.010861  -0.047454  0.576788  0.680997  0.451174  -0.772607  0.275385  0.572050  0.265318  -0.678532  0.684982  0.005201  -0.018530  0.103504  -0.545134  0.286311  -0.355303  1.000000  
14.813476 -0.001669  0.010845  -0.047353  0.577721  0.680875  0.450164  -0.771865  0.276362  0.572580  0.265447  -0.678258  0.685204  0.005080  -0.018259  0.102418  -0.552565  0.305061  -0.374243  1.000000  
14.814726 -0.001665  0.010826  -0.047231  0.578833  0.680748  0.448926  -0.771032  0.277690  0.573060  0.265447  -0.677842  0.685615  0.004974  -0.017840  0.101421  -0.565898  0.325279  -0.401164  1.000000  
14.815983 -0.001663  0.010807  -0.047113  0.579922  0.680674  0.447632  -0.770169  0.278947  0.573610  0.265576  -0.677401  0.686001  0.004784  -0.017536  0.101409  -0.578435  0.348910  -0.418199  1.000000  
14.817228 -0.001661  0.010789  -0.046989  0.581010  0.680542  0.446419  -0.769304  0.280134  0.574192  0.265705  -0.677043  0.686304  0.004623  -0.017285  0.102115  -0.589449  0.379916  -0.443291  1.000000  
14.818228 -0.001658  0.010773  -0.046883  0.581960  0.680358  0.445462  -0.768586  0.281183  0.574641  0.265705  -0.676793  0.686550  0.004556  -0.017167  0.103382  -0.593581  0.404935  -0.462917  1.000000  
14.819236 -0.001655  0.010755  -0.046771  0.582729  0.680231  0.444650  -0.767958  0.281951  0.575104  0.265834  -0.676602  0.686689  0.004334  -0.017100  0.104810  -0.586646  0.425073  -0.470720  1.000000  
14.820480 -0.001651  0.010732  -0.046626  0.583835  0.680039  0.443490  -0.767117  0.283210  0.575607  0.265834  -0.676269  0.687017  0.004030  -0.017028  0.106226  -0.591072  0.447980  -0.487470  1.000000  
14.821480 -0.001648  0.010714  -0.046514  0.584603  0.679909  0.442677  -0.766488  0.283978  0.576067  0.265963  -0.676077  0.687156  0.003710  -0.016870  0.106634  -0.585158  0.471920  -0.499537  1.000000  
14.822483 -0.001647  0.010698  -0.046408  0.585549  0.679719  0.441718  -0.765765  0.285027  0.576510  0.265963  -0.675827  0.687402  0.003399  -0.016721  0.106308  -0.586110  0.498344  -0.520201  1.000000  
14.823728 -0.001647  0.010680  -0.046289  0.586652  0.679521  0.440557  -0.764920  0.286286  0.577007  0.265963  -0.675493  0.687730  0.002907  -0.016453  0.104912  -0.591254  0.528064  -0.537915  1.000000  
14.824977 -0.001650  0.010665  -0.046175  0.587754  0.679321  0.439395  -0.764074  0.287545  0.577502  0.265963  -0.675160  0.688058  0.002411  -0.016057  0.103311  -0.597304  0.551388  -0.561882  1.000000  
14.826226 -0.001653  0.010650  -0.046063  0.588697  0.679178  0.438352  -0.763347  0.288665  0.577904  0.265963  -0.674826  0.688385  0.001841  -0.015540  0.101616  -0.600506  0.572887  -0.577842  1.000000  
14.827226 -0.001654  0.010637  -0.045969  0.589483  0.679093  0.437428  -0.762741  0.289644  0.578215  0.265963  -0.674492  0.688712  0.001425  -0.015178  0.100790  -0.606931  0.594664  -0.594072  1.000000  
14.828476 -0.001655  0.010623  -0.045846  0.590581  0.678940  0.436182  -0.761891  0.290974  0.578668  0.265963  -0.674074  0.689121  0.000950  -0.014812  0.100432  -0.621032  0.617466  -0.617750  1.000000  
14.829476 -0.001655  0.010611  -0.045740  0.591365  0.678851  0.435257  -0.761282  0.291953  0.578975  0.265963  -0.673739  0.689448  0.000674  -0.014555  0.101045  -0.635647  0.639530  -0.634149  1.000000  
14.830726 -0.001657  0.010598  -0.045603  0.592327  0.678698  0.434187  -0.760579  0.293214  0.579262  0.265834  -0.673346  0.689882  0.000421  -0.014149  0.102372  -0.647518  0.657250  -0.652819  1.000000  
14.831985 -0.001659  0.010588  -0.045462  0.593288  0.678595  0.433034  -0.759875  0.294545  0.579511  0.265705  -0.672868  0.690398  0.000130  -0.013632  0.103499  -0.666465  0.673140  -0.676027  1.000000  
14.833226 -0.001661  0.010578  -0.045320  0.594382  0.678432  0.431787  -0.759019  0.295875  0.579955  0.265705  -0.672450  0.690806  -0.000188  -0.012994  0.104228  -0.682275  0.690590  -0.694362  1.000000  
14.834476 -0.001661  0.010569  -0.045181  0.595185  0.678385  0.430753  -0.758435  0.297066  0.580110  0.265576  -0.671971  0.691320  -0.000440  -0.012048  0.104069  -0.692080  0.691606  -0.702599  1.000000  
14.835484 -0.001660  0.010563  -0.045074  0.595988  0.678232  0.429884  -0.757850  0.298116  0.580336  0.265447  -0.671661  0.691672  -0.000672  -0.011094  0.103217  -0.703498  0.698359  -0.716473  1.000000  
14.836737 -0.001659  0.010557  -0.044947  0.596945  0.678120  0.428731  -0.757141  0.299447  0.580576  0.265318  -0.671182  0.692186  -0.000812  -0.010087  0.102546  -0.715342  0.704164  -0.729666  1.000000  
14.837980 -0.001660  0.010552  -0.044826  0.597902  0.678005  0.427577  -0.756431  0.300778  0.580814  0.265189  -0.670703  0.692700  -0.000844  -0.009077  0.102270  -0.725277  0.707452  -0.733705  1.000000  
14.839235 -0.001662  0.010548  -0.044704  0.598702  0.677898  0.426626  -0.755843  0.301898  0.580998  0.265060  -0.670307  0.693132  -0.000880  -0.008277  0.102738  -0.729026  0.704650  -0.738250  1.000000  
14.840478 -0.001664  0.010543  -0.044575  0.599524  0.677734  0.425732  -0.755282  0.303089  0.581108  0.264802  -0.669936  0.693589  -0.000800  -0.007603  0.103908  -0.733203  0.698076  -0.745195  1.000000  
14.841726 -0.001662  0.010536  -0.044437  0.600501  0.677505  0.424718  -0.754596  0.304419  0.581304  0.264544  -0.669564  0.694046  -0.000544  -0.007102  0.105454  -0.733100  0.694544  -0.748905  1.000000  
14.842726 -0.001659  0.010530  -0.044322  0.601321  0.677285  0.423907  -0.754033  0.305538  0.581447  0.264286  -0.669276  0.694422  -0.000306  -0.006693  0.106726  -0.735207  0.679860  -0.753798  1.000000  
14.843982 -0.001655  0.010522  -0.044178  0.602318  0.676996  0.422952  -0.753372  0.306937  0.581567  0.263899  -0.668929  0.694904  -0.000014  -0.006224  0.107745  -0.735558  0.667290  -0.761366  1.000000  
14.845226 -0.001651  0.010516  -0.044038  0.603315  0.676705  0.421998  -0.752710  0.308335  0.581684  0.263512  -0.668580  0.695386  0.000348  -0.005795  0.108066  -0.730986  0.646436  -0.765425  1.000000  
14.846476 -0.001648  0.010513  -0.043908  0.604465  0.676347  0.420924  -0.751923  0.309872  0.581886  0.263124  -0.668232  0.695868  0.000686  -0.005225  0.107454  -0.734917  0.636547  -0.775244  1.000000  
14.847476 -0.001646  0.010512  -0.043808  0.605305  0.676063  0.420172  -0.751382  0.311060  0.581951  0.262737  -0.667967  0.696268  0.000925  -0.004767  0.106426  -0.737200  0.619253  -0.784964  1.000000  
14.848726 -0.001642  0.010511  -0.043682  0.606453  0.675700  0.419099  -0.750591  0.312595  0.582149  0.262350  -0.667618  0.696749  0.001301  -0.004116  0.105339  -0.740968  0.605680  -0.796082  1.000000  
14.849726 -0.001637  0.010511  -0.043579  0.607292  0.675463  0.418266  -0.750048  0.313852  0.582172  0.261962  -0.667268  0.697230  0.001617  -0.003725  0.104923  -0.748869  0.595740  -0.805750  1.000000  
14.850728 -0.001631  0.010510  -0.043472  0.608262  0.675165  0.417336  -0.749352  0.315107  0.582391  0.261704  -0.666978  0.697604  0.001874  -0.003468  0.105108  -0.757190  0.589251  -0.814177  1.000000  
14.851779 -0.001625  0.010508  -0.043359  0.609099  0.674924  0.416504  -0.748807  0.316363  0.582411  0.261317  -0.666627  0.698084  0.002300  -0.003211  0.105655  -0.763950  0.575013  -0.825646  1.000000  
14.852984 -0.001619  0.010506  -0.043214  0.610398  0.674485  0.415312  -0.747884  0.318035  0.582686  0.260929  -0.666276  0.698564  0.002795  -0.003060  0.107589  -0.774749  0.570373  -0.841250  1.000000  
14.854228 -0.001615  0.010504  -0.043067  0.611563  0.674102  0.414218  -0.747111  0.319707  0.582762  0.260413  -0.665864  0.699150  0.003131  -0.002916  0.109195  -0.783998  0.561766  -0.856771  1.000000  
14.855229 -0.001612  0.010503  -0.042950  0.612706  0.673671  0.413230  -0.746310  0.321168  0.582986  0.260025  -0.665596  0.699549  0.003404  -0.002763  0.110101  -0.790231  0.556296  -0.873494  1.000000  
14.856539 -0.001609  0.010500  -0.042806  0.614000  0.673272  0.411957  -0.745380  0.322907  0.583214  0.259637  -0.665159  0.700109  0.003549  -0.002463  0.110095  -0.794320  0.549571  -0.886289  1.000000  
14.857726 -0.001606  0.010498  -0.042668  0.615316  0.672761  0.410827  -0.744475  0.324644  0.583406  0.259121  -0.664830  0.700613  0.003574  -0.002128  0.110245  -0.798554  0.546666  -0.907810  1.000000  
14.858726 -0.001603  0.010496  -0.042562  0.616454  0.672321  0.409839  -0.743668  0.326102  0.583623  0.258733  -0.664561  0.701011  0.003562  -0.001758  0.109565  -0.800973  0.541076  -0.925131  1.000000  
14.859980 -0.001601  0.010495  -0.042436  0.617920  0.671736  0.408590  -0.742630  0.327975  0.583894  0.258216  -0.664231  0.701514  0.003426  -0.001457  0.108568  -0.805971  0.544681  -0.949212  1.000000  
14.860980 -0.001600  0.010494  -0.042340  0.619055  0.671290  0.407603  -0.741819  0.329431  0.584107  0.257828  -0.663962  0.701911  0.003303  -0.001332  0.107963  -0.811980  0.545533  -0.971607  1.000000  
14.862227 -0.001601  0.010493  -0.042218  0.620517  0.670648  0.406436  -0.740776  0.331230  0.584412  0.257311  -0.663716  0.702334  0.003071  -0.001261  0.107748  -0.806380  0.547463  -0.992797  1.000000  
14.863477 -0.001602  0.010491  -0.042091  0.621825  0.670119  0.405308  -0.739858  0.332960  0.584591  0.256794  -0.663384  0.702836  0.002722  -0.001402  0.107869  -0.808819  0.543311  -1.011604  1.000000  
14.864479 -0.001601  0.010487  -0.041984  0.623109  0.669545  0.404283  -0.738912  0.334480  0.584920  0.256406  -0.663199  0.703152  0.002417  -0.001587  0.108068  -0.806597  0.550051  -1.036204  1.000000  
14.865726 -0.001601  0.010482  -0.041848  0.624566  0.668890  0.403117  -0.737861  0.336275  0.585218  0.255888  -0.662952  0.703574  0.002034  -0.001863  0.108293  -0.804582  0.558330  -1.061364  1.000000  
14.866729 -0.001601  0.010477  -0.041738  0.625673  0.668485  0.402071  -0.737012  0.337658  0.585491  0.255630  -0.662657  0.703945  0.001593  -0.002066  0.108432  -0.808051  0.563877  -1.074512  1.000000  
14.867978 -0.001604  0.010473  -0.041606  0.627255  0.667811  0.400724  -0.735801  0.339520  0.585938  0.255242  -0.662386  0.704341  0.001012  -0.002231  0.107259  -0.806624  0.575013  -1.100022  1.000000  
14.868984 -0.001608  0.010470  -0.041506  0.628381  0.667342  0.399739  -0.734974  0.340969  0.586135  0.254854  -0.662114  0.704737  0.000460  -0.002348  0.105768  -0.812560  0.581982  -1.125469  1.000000  
14.870229 -0.001615  0.010467  -0.041388  0.629960  0.666707  0.398312  -0.733756  0.342899  0.586534  0.254465  -0.661757  0.705213  -0.000163  -0.002336  0.104162  -0.820132  0.600802  -1.148378  1.000000  
14.871479 -0.001622  0.010466  -0.041272  0.631536  0.666019  0.396965  -0.732535  0.344757  0.586971  0.254077  -0.661484  0.705609  -0.000860  -0.002235  0.102660  -0.823701  0.615690  -1.175920  1.000000  
14.872480 -0.001628  0.010465  -0.041179  0.632808  0.665469  0.395861  -0.731571  0.346339  0.587242  0.253689  -0.661211  0.706004  -0.001486  -0.002243  0.100905  -0.828640  0.625743  -1.193922  1.000000  
14.873728 -0.001634  0.010463  -0.041057  0.634229  0.664891  0.394554  -0.730474  0.348129  0.587549  0.253301  -0.660853  0.706479  -0.002156  -0.002224  0.100217  -0.833685  0.639071  -1.209235  1.000000  
14.874729 -0.001641  0.010462  -0.040957  0.635326  0.664464  0.393509  -0.729610  0.349505  0.587805  0.253042  -0.660556  0.706849  -0.002710  -0.002215  0.100315  -0.836803  0.647670  -1.219166  1.000000  
14.875978 -0.001649  0.010461  -0.040829  0.636893  0.663806  0.392082  -0.728377  0.351429  0.588187  0.252653  -0.660196  0.707324  -0.003239  -0.002196  0.100762  -0.843276  0.668668  -1.235948  1.000000  
14.877226 -0.001659  0.010460  -0.040702  0.638308  0.663216  0.390777  -0.727272  0.353214  0.588485  0.252265  -0.659836  0.707798  -0.003835  -0.002188  0.101097  -0.846342  0.677246  -1.246246  1.000000  
14.878476 -0.001669  0.010460  -0.040576  0.639893  0.662443  0.389494  -0.726058  0.355129  0.588832  0.251747  -0.659585  0.708217  -0.004459  -0.002045  0.100995  -0.846964  0.687198  -1.264420  1.000000  
14.879476 -0.001676  0.010459  -0.040477  0.641155  0.661871  0.388391  -0.725078  0.356704  0.589087  0.251359  -0.659310  0.708611  -0.005019  -0.001913  0.100512  -0.847650  0.700377  -1.279487  1.000000  
14.880726 -0.001686  0.010458  -0.040358  0.642714  0.661147  0.387045  -0.723832  0.358550  0.589499  0.250970  -0.659035  0.709004  -0.005779  -0.001588  0.099121  -0.847200  0.709008  -1.291689  1.000000  
14.881979 -0.001695  0.010456  -0.040246  0.644143  0.660434  0.385884  -0.722740  0.360324  0.589757  0.250452  -0.658782  0.709422  -0.006346  -0.001290  0.097525  -0.841954  0.714193  -1.304960  1.000000  
14.883226 -0.001706  0.010455  -0.040138  0.645867  0.659521  0.384561  -0.721380  0.362296  0.590214  0.249934  -0.658615  0.709760  -0.006758  -0.001051  0.096316  -0.836024  0.731772  -1.324767  1.000000  
14.884227 -0.001714  0.010455  -0.040051  0.646973  0.658961  0.383661  -0.720523  0.363658  0.590424  0.249545  -0.658425  0.710073  -0.006974  -0.000965  0.095405  -0.833181  0.735895  -1.330088  1.000000  
14.885232 -0.001724  0.010455  -0.039963  0.648248  0.658265  0.382703  -0.719555  0.365219  0.590639  0.249027  -0.658257  0.710411  -0.007264  -0.000855  0.094993  -0.831115  0.738081  -1.344484  1.000000  
14.886234 -0.001731  0.010454  -0.039869  0.649499  0.657578  0.381761  -0.718561  0.366642  0.590968  0.248638  -0.658152  0.710644  -0.007422  -0.000807  0.095099  -0.821737  0.743723  -1.352568  1.000000  
14.887479 -0.001741  0.010453  -0.039746  0.651089  0.656664  0.380624  -0.717345  0.368537  0.591267  0.247990  -0.658007  0.711005  -0.007576  -0.000790  0.095541  -0.814600  0.747660  -1.363319  1.000000  
14.888729 -0.001750  0.010452  -0.039619  0.652676  0.655746  0.379488  -0.716126  0.370428  0.591563  0.247342  -0.657860  0.711366  -0.007748  -0.000757  0.095843  -0.807212  0.748381  -1.371680  1.000000  
14.889978 -0.001759  0.010453  -0.039491  0.654430  0.654732  0.378216  -0.714792  0.372589  0.591819  0.246564  -0.657650  0.711831  -0.007814  -0.000638  0.095907  -0.806712  0.750211  -1.389666  1.000000  
14.890979 -0.001768  0.010455  -0.039391  0.655865  0.653835  0.377282  -0.713700  0.374269  0.592077  0.245916  -0.657589  0.712111  -0.007923  -0.000418  0.095736  -0.801257  0.752399  -1.405874  1.000000  
14.892226 -0.001780  0.010459  -0.039272  0.657466  0.652887  0.376133  -0.712493  0.376290  0.592250  0.245137  -0.657377  0.712575  -0.008082  -0.000095  0.095219  -0.801915  0.749882  -1.417315  1.000000  
14.893226 -0.001790  0.010464  -0.039180  0.658750  0.652104  0.375244  -0.711529  0.377903  0.592381  0.244489  -0.657228  0.712935  -0.008220  0.000263  0.094686  -0.799558  0.752366  -1.432833  1.000000  
14.894476 -0.001802  0.010471  -0.039065  0.660369  0.651088  0.374163  -0.710339  0.379983  0.592479  0.243580  -0.657037  0.713422  -0.008368  0.000815  0.094136  -0.799414  0.741766  -1.443437  1.000000  
14.895726 -0.001813  0.010477  -0.038949  0.661986  0.650065  0.373083  -0.709144  0.382060  0.592575  0.242672  -0.656845  0.713908  -0.008499  0.001325  0.093958  -0.799048  0.732854  -1.460257  1.000000  
14.896726 -0.001823  0.010482  -0.038852  0.663286  0.649210  0.372262  -0.708195  0.383731  0.592630  0.241893  -0.656717  0.714290  -0.008665  0.001754  0.094547  -0.796772  0.726978  -1.475434  1.000000  
14.897976 -0.001836  0.010488  -0.038728  0.665065  0.647993  0.371207  -0.706879  0.385928  0.592774  0.240854  -0.656632  0.714719  -0.008873  0.002238  0.095587  -0.793258  0.714738  -1.495986  1.000000  
14.899226 -0.001851  0.010494  -0.038600  0.666695  0.646849  0.370276  -0.705696  0.387988  0.592840  0.239815  -0.656546  0.715148  -0.009077  0.002660  0.096779  -0.785685  0.705766  -1.513747  1.000000  
14.900480 -0.001865  0.010500  -0.038471  0.668323  0.645699  0.369347  -0.704507  0.390044  0.592904  0.238776  -0.656459  0.715575  -0.009312  0.003002  0.097878  -0.775299  0.685311  -1.532207  1.000000  
14.901751 -0.001880  0.010506  -0.038344  0.670114  0.644403  0.368363  -0.703200  0.392294  0.592972  0.237606  -0.656392  0.716026  -0.009678  0.003548  0.098350  -0.771330  0.669380  -1.555356  1.000000  
14.902986 -0.001894  0.010512  -0.038221  0.671758  0.643137  0.367582  -0.702025  0.394335  0.593010  0.236437  -0.656411  0.716395  -0.009997  0.003963  0.098334  -0.759619  0.653797  -1.579328  1.000000  
14.904232 -0.001909  0.010520  -0.038103  0.673420  0.641804  0.366869  -0.700868  0.396435  0.592978  0.235136  -0.656450  0.716787  -0.010460  0.004608  0.097446  -0.746094  0.630351  -1.601439  1.000000  
14.905479 -0.001925  0.010529  -0.037989  0.675224  0.640428  0.365958  -0.699567  0.398735  0.592973  0.233836  -0.656401  0.717258  -0.010816  0.005009  0.096762  -0.739986  0.615875  -1.633378  1.000000  
14.906728 -0.001943  0.010538  -0.037878  0.676880  0.639083  0.365249  -0.698399  0.400828  0.592938  0.232535  -0.656438  0.717647  -0.011256  0.005412  0.096148  -0.727944  0.600198  -1.657208  1.000000  
14.907977 -0.001962  0.010548  -0.037763  0.678532  0.637732  0.364543  -0.697227  0.402916  0.592903  0.231233  -0.656473  0.718035  -0.011668  0.005719  0.096043  -0.718376  0.576704  -1.679027  1.000000  
14.909226 -0.001981  0.010558  -0.037643  0.680325  0.636292  0.363717  -0.695909  0.405131  0.592942  0.229931  -0.656507  0.718422  -0.012159  0.005939  0.096406  -0.706345  0.561013  -1.702906  1.000000  
14.910476 -0.002002  0.010569  -0.037519  0.682136  0.634828  0.362883  -0.694607  0.407476  0.592861  0.228498  -0.656473  0.718910  -0.012774  0.006175  0.096944  -0.703979  0.539989  -1.731050  1.000000  
14.911726 -0.002023  0.010579  -0.037392  0.683921  0.633374  0.362062  -0.693278  0.409682  0.592897  0.227196  -0.656504  0.719295  -0.013315  0.006453  0.097329  -0.696092  0.527587  -1.761570  1.000000  
14.912979 -0.002045  0.010591  -0.037267  0.685603  0.631919  0.361423  -0.692126  0.411950  0.592671  0.225632  -0.656487  0.719802  -0.013926  0.006900  0.097290  -0.692527  0.496106  -1.781112  1.000000  
14.914231 -0.002068  0.010605  -0.037146  0.687260  0.630520  0.360720  -0.690948  0.414151  0.592511  0.224198  -0.656448  0.720285  -0.014557  0.007433  0.096793  -0.688319  0.476923  -1.807559  1.000000  
14.915476 -0.002092  0.010620  -0.037030  0.688913  0.629114  0.360020  -0.689765  0.416347  0.592351  0.222763  -0.656408  0.720767  -0.015116  0.008006  0.096072  -0.688598  0.455602  -1.827590  1.000000  
14.916479 -0.002111  0.010632  -0.036940  0.690217  0.628017  0.359438  -0.688797  0.418023  0.592297  0.221720  -0.656393  0.721103  -0.015679  0.008557  0.095324  -0.685510  0.440010  -1.842310  1.000000  
14.917726 -0.002135  0.010647  -0.036829  0.692005  0.626471  0.358697  -0.687462  0.420268  0.592259  0.220284  -0.656437  0.721502  -0.016234  0.009086  0.094424  -0.678961  0.426618  -1.863325  1.000000  
14.918733 -0.002154  0.010660  -0.036739  0.693304  0.625365  0.358118  -0.686486  0.421938  0.592203  0.219240  -0.656420  0.721836  -0.016781  0.009574  0.094073  -0.675821  0.410778  -1.878339  1.000000  
14.919733 -0.002173  0.010672  -0.036648  0.694621  0.624193  0.357609  -0.685529  0.423666  0.592079  0.218065  -0.656422  0.722190  -0.017222  0.009968  0.093995  -0.668525  0.392620  -1.885770  1.000000  
14.920981 -0.002198  0.010686  -0.036533  0.696379  0.622692  0.356806  -0.684158  0.425838  0.592107  0.216759  -0.656442  0.722564  -0.017696  0.010244  0.094167  -0.662637  0.379050  -1.898233  1.000000  
14.922228 -0.002223  0.010700  -0.036416  0.698034  0.621104  0.356340  -0.682965  0.427928  0.591977  0.215191  -0.656588  0.722901  -0.018194  0.010567  0.094433  -0.648486  0.358937  -1.917115  1.000000  
14.923228 -0.002243  0.010712  -0.036322  0.699343  0.619919  0.355838  -0.681995  0.429646  0.591851  0.214015  -0.656586  0.723251  -0.018530  0.010799  0.094509  -0.642720  0.348654  -1.926534  1.000000  
14.924476 -0.002268  0.010725  -0.036207  0.701011  0.618256  0.355446  -0.680812  0.431789  0.591653  0.212316  -0.656748  0.723605  -0.018893  0.011056  0.094031  -0.630529  0.328349  -1.945142  1.000000  
14.925476 -0.002289  0.010736  -0.036117  0.702315  0.617019  0.355023  -0.679834  0.433428  0.591579  0.211139  -0.656831  0.723874  -0.019214  0.011219  0.093327  -0.618671  0.315061  -1.958013  1.000000  
14.926476 -0.002310  0.010748  -0.036031  0.703756  0.615689  0.354479  -0.678707  0.435192  0.591578  0.209962  -0.656914  0.724141  -0.019477  0.011432  0.092280  -0.610420  0.309436  -1.972456  1.000000  
14.927726 -0.002336  0.010763  -0.035926  0.705513  0.614047  0.353833  -0.677325  0.437326  0.591588  0.208522  -0.657033  0.724449  -0.019749  0.011654  0.090911  -0.600149  0.299325  -1.981981  1.000000  
14.928976 -0.002363  0.010779  -0.035823  0.707286  0.612378  0.353184  -0.675956  0.439588  0.591477  0.206952  -0.657081  0.724856  -0.019977  0.011809  0.089743  -0.595388  0.290330  -1.999549  1.000000  
14.929977 -0.002385  0.010793  -0.035741  0.708718  0.611032  0.352646  -0.674816  0.441340  0.591475  0.205774  -0.657160  0.725119  -0.020198  0.011926  0.089067  -0.589469  0.288170  -2.010249  1.000000  
14.930979 -0.002407  0.010805  -0.035654  0.710166  0.609661  0.352106  -0.673691  0.443220  0.591352  0.204464  -0.657168  0.725482  -0.020410  0.011948  0.088675  -0.586667  0.279044  -2.028271  1.000000  
14.931979 -0.002429  0.010818  -0.035565  0.711591  0.608306  0.351570  -0.672542  0.444964  0.591349  0.203285  -0.657245  0.725744  -0.020560  0.011990  0.088715  -0.583241  0.275920  -2.031000  1.000000  
14.933226 -0.002455  0.010835  -0.035449  0.713330  0.606635  0.350935  -0.671133  0.447075  0.591358  0.201844  -0.657357  0.726045  -0.020714  0.012074  0.088973  -0.574375  0.273674  -2.042304  1.000000  
14.934227 -0.002477  0.010847  -0.035355  0.714749  0.605313  0.350330  -0.669976  0.448883  0.591300  0.200664  -0.657343  0.726384  -0.020909  0.012105  0.089271  -0.578038  0.274832  -2.050812  1.000000  
14.935253 -0.002499  0.010860  -0.035261  0.716165  0.603944  0.349800  -0.668815  0.450616  0.591296  0.199484  -0.657417  0.726642  -0.021119  0.012132  0.089202  -0.568990  0.270922  -2.053390  1.000000  
14.936482 -0.002528  0.010876  -0.035148  0.717872  0.602320  0.349099  -0.667373  0.452653  0.591370  0.198173  -0.657507  0.726919  -0.021361  0.012311  0.089137  -0.564510  0.275617  -2.060189  1.000000  
14.937729 -0.002556  0.010892  -0.035038  0.719595  0.600625  0.348471  -0.665943  0.454745  0.591377  0.196730  -0.657614  0.727214  -0.021536  0.012424  0.088685  -0.559588  0.276857  -2.068931  1.000000  
14.938980 -0.002585  0.010909  -0.034931  0.721314  0.598924  0.347846  -0.664507  0.456832  0.591384  0.195287  -0.657719  0.727508  -0.021757  0.012661  0.088002  -0.553042  0.273480  -2.072180  1.000000  
14.939982 -0.002607  0.010921  -0.034845  0.722716  0.597535  0.347322  -0.663328  0.458548  0.591379  0.194106  -0.657788  0.727762  -0.021889  0.012744  0.087676  -0.546971  0.270040  -2.075406  1.000000  
14.941226 -0.002636  0.010936  -0.034739  0.724446  0.595757  0.346773  -0.661899  0.460684  0.591320  0.192531  -0.657908  0.728072  -0.022067  0.012752  0.087557  -0.540424  0.271459  -2.082890  1.000000  
14.942226 -0.002658  0.010948  -0.034653  0.725842  0.594317  0.346325  -0.660711  0.462321  0.591372  0.191349  -0.658063  0.728243  -0.022181  0.012706  0.087645  -0.527508  0.271242  -2.084697  1.000000  
14.943226 -0.002681  0.010959  -0.034564  0.727099  0.592968  0.346000  -0.659669  0.463831  0.591352  0.190167  -0.658217  0.728414  -0.022298  0.012662  0.088046  -0.517285  0.271290  -2.085085  1.000000  
14.944229 -0.002705  0.010970  -0.034475  0.728490  0.591519  0.345555  -0.658474  0.465461  0.591404  0.188984  -0.658370  0.728583  -0.022425  0.012462  0.088642  -0.507355  0.276002  -2.089117  1.000000  
