1-Time 2-Px 3-Py 4-Pz 5-R11 6-R21 7-R31 8-R12 9-R22 10-R32 11-R13 12-R23 13-R33 14-Vx 15-Vy 16-Vz 17-Wx 18-Wy 19-Wz 20-state
307.681356 -0.088330  -0.063751  0.013610  0.812603  -0.142496  0.565129  -0.358259  0.642695  0.677196  -0.459703  -0.752754  0.471205  -0.004411  0.001198  -0.002250  0.000000  0.000000  0.000000  1.000000  
307.682583 -0.088326  -0.063750  0.013604  0.812603  -0.142427  0.565147  -0.358259  0.642777  0.677118  -0.459703  -0.752697  0.471297  0.004410  0.001245  -0.005818  0.000000  0.000000  0.000000  1.000000  
307.683792 -0.088221  -0.063733  0.013542  0.812603  -0.142290  0.565181  -0.358259  0.642941  0.676962  -0.459703  -0.752582  0.471479  0.048524  0.008081  -0.030523  0.000000  0.000000  0.000000  1.000000  
307.685041 -0.088086  -0.063705  0.013457  0.812603  -0.142153  0.565216  -0.358259  0.643106  0.676806  -0.459703  -0.752468  0.471662  0.069777  0.013337  -0.043729  0.000000  0.000000  0.000000  1.000000  
307.686066 -0.088010  -0.063683  0.013406  0.812677  -0.142148  0.565111  -0.358091  0.643240  0.676766  -0.459703  -0.752353  0.471844  0.070855  0.015225  -0.045113  0.000000  0.000000  0.000000  1.000000  
307.687305 -0.087954  -0.063661  0.013379  0.812677  -0.141943  0.565163  -0.358091  0.643487  0.676532  -0.459703  -0.752182  0.472118  0.065346  0.015671  -0.040093  0.000000  0.000000  0.000000  1.000000  
307.688548 -0.087918  -0.063637  0.013394  0.812750  -0.141870  0.565075  -0.357924  0.643704  0.676414  -0.459703  -0.752010  0.472392  0.058918  0.016312  -0.030868  0.000000  0.000000  0.000000  1.000000  
307.689549 -0.087894  -0.063612  0.013426  0.812824  -0.141797  0.564987  -0.357757  0.643921  0.676296  -0.459703  -0.751838  0.472665  0.054452  0.017456  -0.023023  0.000000  0.000000  0.000000  1.000000  
307.690795 -0.087868  -0.063573  0.013465  0.813028  -0.141764  0.564703  -0.357447  0.644068  0.676320  -0.459585  -0.751718  0.472972  0.050002  0.019273  -0.015679  0.000000  0.000000  0.000000  1.000000  
307.692043 -0.087829  -0.063537  0.013483  0.813157  -0.141462  0.564591  -0.357304  0.644408  0.676071  -0.459466  -0.751483  0.473460  0.047755  0.020452  -0.012114  0.000000  0.000000  0.000000  1.000000  
307.693290 -0.087761  -0.063500  0.013470  0.813361  -0.141293  0.564341  -0.356994  0.644720  0.675938  -0.459347  -0.751248  0.473949  0.048459  0.021406  -0.011946  0.000000  0.000000  0.000000  1.000000  
307.694290 -0.087687  -0.063467  0.013440  0.813508  -0.141148  0.564165  -0.356659  0.645153  0.675701  -0.459347  -0.750902  0.474495  0.050493  0.022329  -0.013388  0.000000  0.000000  0.000000  1.000000  
307.695540 -0.087578  -0.063419  0.013382  0.813395  -0.140853  0.564401  -0.356610  0.645807  0.675102  -0.459585  -0.750395  0.475067  0.053715  0.023729  -0.016313  0.000000  0.000000  0.000000  1.000000  
307.696790 -0.087470  -0.063363  0.013323  0.813209  -0.140561  0.564742  -0.356728  0.646326  0.674543  -0.459822  -0.750003  0.475456  0.057402  0.025879  -0.019084  0.000000  0.000000  0.000000  1.000000  
307.697790 -0.087386  -0.063315  0.013286  0.813079  -0.140246  0.565007  -0.356870  0.646723  0.674087  -0.459941  -0.749721  0.475787  0.061737  0.029260  -0.020412  -0.334236  0.067390  -0.061950  1.000000  
307.699040 -0.087283  -0.063251  0.013256  0.813040  -0.140289  0.565053  -0.356653  0.647101  0.673838  -0.460179  -0.749386  0.476085  0.060693  0.031789  -0.017884  -0.332663  0.063235  -0.076049  1.000000  
307.700043 -0.087202  -0.063200  0.013250  0.813040  -0.140083  0.565104  -0.356653  0.647347  0.673603  -0.460179  -0.749212  0.476357  0.058494  0.033883  -0.013158  -0.334310  0.059795  -0.071938  1.000000  
307.701044 -0.087124  -0.063148  0.013254  0.813023  -0.139584  0.565252  -0.356846  0.647662  0.673198  -0.460060  -0.749033  0.476754  0.059124  0.035676  -0.010201  -0.346897  0.052445  -0.057452  1.000000  
307.702296 -0.087031  -0.063084  0.013260  0.812989  -0.138928  0.565463  -0.357230  0.647883  0.672781  -0.459822  -0.748963  0.477093  0.061523  0.038504  -0.007992  -0.352630  0.041259  -0.033681  1.000000  
307.703297 -0.086956  -0.063031  0.013260  0.812915  -0.138589  0.565652  -0.357397  0.648157  0.672429  -0.459822  -0.748790  0.477365  0.064645  0.040796  -0.008630  -0.357488  0.032248  -0.027649  1.000000  
307.704551 -0.086849  -0.062963  0.013244  0.812711  -0.138070  0.566071  -0.357707  0.648662  0.671777  -0.459941  -0.748448  0.477786  0.070584  0.043465  -0.013001  -0.372584  0.013937  -0.022573  1.000000  
307.705794 -0.086736  -0.062893  0.013212  0.812581  -0.137754  0.566335  -0.357850  0.649056  0.671319  -0.460060  -0.748164  0.478116  0.075444  0.045334  -0.016893  -0.377400  0.003895  -0.022052  1.000000  
307.707046 -0.086631  -0.062825  0.013169  0.812321  -0.137257  0.566828  -0.358134  0.649682  0.670562  -0.460297  -0.747713  0.478594  0.080383  0.047747  -0.021272  -0.394842  -0.014033  -0.022169  1.000000  
307.708047 -0.086562  -0.062770  0.013134  0.812118  -0.136806  0.567230  -0.358444  0.650104  0.669987  -0.460416  -0.747428  0.478923  0.081283  0.049473  -0.022787  -0.405388  -0.027865  -0.018212  1.000000  
307.709313 -0.086479  -0.062704  0.013090  0.811857  -0.136308  0.567722  -0.358728  0.650728  0.669228  -0.460654  -0.746976  0.479401  0.080325  0.051001  -0.022961  -0.419924  -0.042879  -0.018464  1.000000  
307.710540 -0.086390  -0.062637  0.013046  0.811614  -0.136104  0.568118  -0.358821  0.651283  0.668639  -0.461010  -0.746529  0.479754  0.079242  0.052146  -0.022383  -0.426352  -0.053807  -0.025987  1.000000  
307.711790 -0.086294  -0.062567  0.013005  0.811297  -0.135765  0.568652  -0.359080  0.651866  0.667932  -0.461366  -0.746083  0.480106  0.078343  0.053079  -0.021186  -0.438590  -0.069463  -0.029869  1.000000  
307.712790 -0.086217  -0.062509  0.012979  0.810849  -0.135451  0.569365  -0.359481  0.652435  0.667160  -0.461841  -0.745642  0.480334  0.077920  0.053716  -0.020431  -0.460368  -0.095327  -0.035432  1.000000  
307.714040 -0.086118  -0.062438  0.012957  0.810362  -0.135522  0.570042  -0.359664  0.652976  0.666531  -0.462553  -0.745155  0.480405  0.077698  0.054222  -0.019967  -0.470668  -0.119102  -0.051151  1.000000  
307.715042 -0.086040  -0.062383  0.012947  0.809874  -0.135730  0.570685  -0.359847  0.653355  0.666061  -0.463264  -0.744785  0.480294  0.077451  0.054457  -0.020215  -0.476827  -0.144902  -0.067734  1.000000  
307.716291 -0.085949  -0.062317  0.012936  0.809443  -0.135847  0.571269  -0.360054  0.653694  0.665616  -0.463857  -0.744466  0.480216  0.077172  0.054642  -0.021743  -0.474718  -0.171222  -0.076223  1.000000  
307.717540 -0.085864  -0.062251  0.012917  0.809085  -0.136167  0.571699  -0.360095  0.653925  0.665368  -0.464450  -0.744205  0.480047  0.076777  0.054794  -0.023354  -0.465553  -0.188245  -0.091712  1.000000  
307.718790 -0.085773  -0.062184  0.012880  0.808727  -0.136487  0.572130  -0.360135  0.654155  0.665119  -0.465042  -0.743944  0.479879  0.076118  0.054683  -0.024993  -0.462931  -0.215605  -0.100688  1.000000  
307.719824 -0.085692  -0.062130  0.012838  0.808499  -0.136851  0.572364  -0.360033  0.654317  0.665015  -0.465516  -0.743734  0.479744  0.075300  0.054460  -0.026752  -0.457537  -0.232116  -0.113312  1.000000  
307.721050 -0.085579  -0.062067  0.012776  0.808175  -0.137553  0.572654  -0.359690  0.654653  0.664871  -0.466345  -0.743309  0.479598  0.075407  0.054098  -0.028494  -0.445477  -0.253944  -0.147411  1.000000  
307.722295 -0.085472  -0.062010  0.012715  0.807775  -0.138119  0.573082  -0.359512  0.655016  0.664609  -0.467173  -0.742884  0.479451  0.076103  0.053331  -0.029572  -0.435658  -0.283671  -0.171075  1.000000  
307.723543 -0.085380  -0.061956  0.012665  0.807335  -0.139001  0.573489  -0.359117  0.655432  0.664413  -0.468237  -0.742353  0.479235  0.076764  0.052496  -0.029957  -0.418603  -0.310672  -0.201807  1.000000  
307.724543 -0.085316  -0.061910  0.012637  0.806934  -0.139567  0.573916  -0.358938  0.655795  0.664151  -0.469065  -0.741926  0.479087  0.076518  0.052011  -0.029562  -0.401515  -0.330416  -0.221135  1.000000  
307.725793 -0.085243  -0.061851  0.012618  0.806679  -0.140472  0.574052  -0.358427  0.656020  0.664205  -0.469892  -0.741556  0.478849  0.075176  0.051446  -0.027841  -0.367560  -0.329573  -0.253719  1.000000  
307.726798 -0.085188  -0.061802  0.012615  0.806408  -0.141151  0.574267  -0.358108  0.656232  0.664167  -0.470600  -0.741239  0.478644  0.073702  0.050909  -0.025961  -0.344745  -0.328845  -0.275307  1.000000  
307.728046 -0.085124  -0.061741  0.012619  0.806079  -0.141990  0.574522  -0.357763  0.656404  0.664183  -0.471426  -0.740927  0.478315  0.071391  0.050097  -0.023700  -0.317173  -0.335872  -0.297508  1.000000  
307.729290 -0.085052  -0.061680  0.012613  0.805822  -0.142894  0.574658  -0.357252  0.656627  0.664238  -0.472252  -0.740555  0.478075  0.069527  0.049477  -0.022937  -0.297771  -0.345387  -0.323532  1.000000  
307.730540 -0.084962  -0.061617  0.012586  0.805433  -0.143754  0.574989  -0.356881  0.656919  0.664149  -0.473195  -0.740130  0.477801  0.069369  0.049264  -0.024062  -0.275063  -0.356984  -0.364154  1.000000  
307.731793 -0.084846  -0.061551  0.012535  0.804911  -0.144638  0.575498  -0.356650  0.657199  0.663996  -0.474256  -0.739709  0.477402  0.071249  0.049239  -0.026518  -0.248252  -0.373416  -0.412340  1.000000  
307.733040 -0.084722  -0.061488  0.012473  0.804462  -0.145728  0.575851  -0.356253  0.657369  0.664041  -0.475316  -0.739344  0.476912  0.073830  0.049096  -0.028749  -0.219765  -0.382038  -0.449560  1.000000  
307.734290 -0.084608  -0.061429  0.012418  0.803981  -0.146365  0.576361  -0.356238  0.657518  0.663901  -0.476139  -0.739085  0.476491  0.075129  0.048582  -0.029531  -0.195404  -0.398695  -0.475524  1.000000  
307.735290 -0.084533  -0.061386  0.012389  0.803690  -0.146957  0.576616  -0.356109  0.657557  0.663931  -0.476728  -0.738933  0.476139  0.074370  0.047931  -0.028343  -0.172031  -0.400880  -0.490109  1.000000  
307.736302 -0.084471  -0.061343  0.012374  0.803515  -0.147368  0.576755  -0.356031  0.657516  0.664013  -0.477080  -0.738888  0.475856  0.072185  0.047506  -0.025500  -0.134330  -0.398764  -0.508103  1.000000  
307.737548 -0.084409  -0.061288  0.012368  0.803354  -0.148075  0.576798  -0.355762  0.657404  0.664268  -0.477551  -0.738846  0.475449  0.069434  0.047502  -0.022059  -0.092013  -0.388259  -0.525549  1.000000  
307.738801 -0.084357  -0.061230  0.012368  0.803179  -0.148556  0.576918  -0.355685  0.657283  0.664430  -0.477903  -0.738858  0.475077  0.067096  0.047689  -0.019053  -0.048839  -0.380439  -0.535788  1.000000  
307.740041 -0.084296  -0.061169  0.012360  0.802799  -0.148857  0.577370  -0.355912  0.657262  0.664329  -0.478373  -0.738815  0.474670  0.066143  0.047851  -0.017854  -0.016250  -0.385481  -0.543482  1.000000  
307.741041 -0.084231  -0.061119  0.012342  0.802491  -0.149153  0.577721  -0.355973  0.657373  0.664187  -0.478843  -0.738657  0.474441  0.066686  0.047927  -0.018516  0.004088  -0.387191  -0.546400  1.000000  
307.742042 -0.084154  -0.061068  0.012318  0.802110  -0.149314  0.578208  -0.356200  0.657514  0.663926  -0.479313  -0.738499  0.474213  0.068347  0.048101  -0.020249  0.020250  -0.389722  -0.550193  1.000000  
307.743290 -0.084047  -0.061001  0.012280  0.801524  -0.149294  0.579026  -0.356729  0.657757  0.663400  -0.479900  -0.738286  0.473950  0.071146  0.048534  -0.022887  0.037208  -0.392440  -0.543031  1.000000  
307.744292 -0.083964  -0.060946  0.012253  0.801112  -0.148932  0.579688  -0.357337  0.657960  0.662871  -0.480135  -0.738178  0.473881  0.072685  0.048889  -0.024213  0.042388  -0.391161  -0.529074  1.000000  
307.745540 -0.083872  -0.060876  0.012227  0.800700  -0.148641  0.580332  -0.357944  0.658083  0.662422  -0.480370  -0.738128  0.473722  0.072418  0.049324  -0.023773  0.044800  -0.396863  -0.504057  1.000000  
307.746795 -0.083790  -0.060803  0.012212  0.800347  -0.148330  0.580899  -0.358577  0.658085  0.662077  -0.480487  -0.738188  0.473508  0.069875  0.049798  -0.021131  0.046386  -0.397260  -0.482312  1.000000  
307.748042 -0.083716  -0.060731  0.012205  0.800036  -0.147633  0.581504  -0.359427  0.658117  0.661585  -0.480370  -0.738300  0.473453  0.066519  0.050486  -0.017306  0.034095  -0.408302  -0.443193  1.000000  
307.749290 -0.083640  -0.060660  0.012200  0.799798  -0.147001  0.581991  -0.360112  0.658197  0.661132  -0.480252  -0.738354  0.473488  0.064226  0.051384  -0.014203  0.024076  -0.408392  -0.411249  1.000000  
307.750290 -0.083576  -0.060605  0.012193  0.799501  -0.146530  0.582518  -0.360771  0.658238  0.660732  -0.480252  -0.738412  0.473399  0.063792  0.052068  -0.013052  0.011835  -0.421582  -0.376028  1.000000  
307.751290 -0.083508  -0.060551  0.012179  0.799204  -0.145988  0.583061  -0.361429  0.658359  0.660252  -0.480252  -0.738412  0.473399  0.064260  0.052860  -0.013032  0.002830  -0.429752  -0.344086  1.000000  
307.752299 -0.083435  -0.060494  0.012157  0.798831  -0.145381  0.583723  -0.362251  0.658428  0.659732  -0.480252  -0.738469  0.473309  0.065744  0.053689  -0.014147  -0.005481  -0.439361  -0.300172  1.000000  
307.753299 -0.083363  -0.060437  0.012132  0.798533  -0.144838  0.584266  -0.362909  0.658548  0.659251  -0.480252  -0.738469  0.473309  0.068080  0.054524  -0.016064  -0.017907  -0.447902  -0.257213  1.000000  
307.754302 -0.083294  -0.060379  0.012107  0.798217  -0.144142  0.584869  -0.363758  0.658576  0.658755  -0.480135  -0.738580  0.473254  0.069700  0.055273  -0.017389  -0.026266  -0.453975  -0.210501  1.000000  
307.755544 -0.083216  -0.060305  0.012084  0.798034  -0.143419  0.585297  -0.364468  0.658612  0.658326  -0.479900  -0.738689  0.473323  0.070066  0.056079  -0.017870  -0.046081  -0.462892  -0.156776  1.000000  
307.756546 -0.083156  -0.060246  0.012071  0.797851  -0.142697  0.585723  -0.365179  0.658648  0.657896  -0.479665  -0.738797  0.473393  0.069006  0.056601  -0.017161  -0.062608  -0.469046  -0.110082  1.000000  
307.757797 -0.083082  -0.060173  0.012061  0.797666  -0.141904  0.586167  -0.365889  0.658762  0.657387  -0.479430  -0.738847  0.473552  0.066855  0.057059  -0.015392  -0.087313  -0.472622  -0.059591  1.000000  
307.759042 -0.083004  -0.060096  0.012050  0.797348  -0.141065  0.586803  -0.366737  0.658946  0.656730  -0.479313  -0.738844  0.473676  0.065407  0.057600  -0.013942  -0.114582  -0.488924  -0.006298  1.000000  
307.760047 -0.082935  -0.060033  0.012037  0.797179  -0.140426  0.587185  -0.367256  0.659151  0.656234  -0.479196  -0.738783  0.473890  0.064594  0.058078  -0.013105  -0.136025  -0.492209  0.033359  1.000000  
307.761290 -0.082843  -0.059953  0.012016  0.796801  -0.139533  0.587911  -0.368076  0.659534  0.655389  -0.479196  -0.738610  0.474158  0.065315  0.058659  -0.013393  -0.169115  -0.495868  0.083848  1.000000  
307.762540 -0.082750  -0.059874  0.011996  0.796497  -0.138776  0.588501  -0.368732  0.659887  0.654665  -0.479196  -0.738438  0.474427  0.066346  0.059026  -0.014046  -0.200465  -0.500094  0.125723  1.000000  
307.763540 -0.082679  -0.059813  0.011982  0.796269  -0.138225  0.588939  -0.369224  0.660131  0.654141  -0.479196  -0.738323  0.474606  0.067067  0.059293  -0.014741  -0.219375  -0.493216  0.158462  1.000000  
307.764540 -0.082614  -0.059753  0.011968  0.796099  -0.137514  0.589335  -0.369743  0.660413  0.653563  -0.479078  -0.738204  0.474910  0.067456  0.059667  -0.015598  -0.255840  -0.493195  0.199887  1.000000  
307.765793 -0.082539  -0.059678  0.011949  0.796005  -0.136866  0.589613  -0.370098  0.660745  0.653027  -0.478961  -0.738027  0.475302  0.066872  0.060001  -0.015866  -0.284760  -0.487286  0.223626  1.000000  
307.766795 -0.082481  -0.059618  0.011931  0.796045  -0.136265  0.589698  -0.370316  0.661006  0.652639  -0.478726  -0.737904  0.475730  0.066082  0.060357  -0.015857  -0.315566  -0.485195  0.248911  1.000000  
307.767802 -0.082423  -0.059559  0.011912  0.796027  -0.135825  0.589824  -0.370507  0.661230  0.652303  -0.478608  -0.737785  0.476033  0.065153  0.060502  -0.015523  -0.345880  -0.484334  0.269253  1.000000  
307.769050 -0.082345  -0.059487  0.011884  0.795951  -0.135331  0.590041  -0.370670  0.661653  0.651781  -0.478608  -0.737496  0.476480  0.064341  0.060429  -0.015126  -0.378632  -0.474482  0.284381  1.000000  
307.770297 -0.082263  -0.059416  0.011855  0.795816  -0.134854  0.590331  -0.370807  0.662197  0.651151  -0.478726  -0.737095  0.476982  0.064591  0.060211  -0.015503  -0.415482  -0.467013  0.295736  1.000000  
307.771544 -0.082178  -0.059344  0.011830  0.795758  -0.134585  0.590471  -0.370780  0.662633  0.650722  -0.478843  -0.736752  0.477394  0.065207  0.060136  -0.016080  -0.430387  -0.441953  0.301139  1.000000  
307.772547 -0.082114  -0.059285  0.011814  0.795700  -0.134388  0.590594  -0.370753  0.662991  0.650373  -0.478961  -0.736467  0.477717  0.065629  0.060207  -0.016751  -0.444242  -0.424219  0.305864  1.000000  
307.773792 -0.082038  -0.059209  0.011796  0.795566  -0.133983  0.590867  -0.370890  0.663454  0.649823  -0.479078  -0.736123  0.478129  0.065455  0.060181  -0.017127  -0.451079  -0.400564  0.301133  1.000000  
307.774794 -0.081982  -0.059149  0.011784  0.795508  -0.133714  0.591006  -0.370863  0.663890  0.649393  -0.479196  -0.735779  0.478540  0.064758  0.060015  -0.017142  -0.465537  -0.382830  0.295127  1.000000  
307.776047 -0.081912  -0.059076  0.011769  0.795508  -0.133355  0.591087  -0.370863  0.664283  0.648990  -0.479196  -0.735489  0.478986  0.063096  0.059463  -0.016771  -0.473923  -0.350370  0.285380  1.000000  
307.777290 -0.081838  -0.059004  0.011749  0.795584  -0.132990  0.591067  -0.370699  0.664807  0.648548  -0.479196  -0.735082  0.479610  0.061794  0.058993  -0.016758  -0.489265  -0.327213  0.270117  1.000000  
307.778540 -0.081759  -0.058934  0.011717  0.795526  -0.132577  0.591238  -0.370672  0.665399  0.647956  -0.479313  -0.734621  0.480199  0.061364  0.058570  -0.017649  -0.508442  -0.311749  0.249662  1.000000  
307.779540 -0.081693  -0.058878  0.011686  0.795468  -0.132164  0.591408  -0.370645  0.665990  0.647363  -0.479430  -0.734159  0.480788  0.061446  0.058344  -0.018799  -0.528798  -0.293730  0.227847  1.000000  
307.780540 -0.081626  -0.058821  0.011653  0.795410  -0.131751  0.591579  -0.370618  0.666581  0.646771  -0.479548  -0.733697  0.481376  0.061881  0.058117  -0.020092  -0.544058  -0.275680  0.210965  1.000000  
307.781791 -0.081547  -0.058749  0.011613  0.795351  -0.131266  0.591765  -0.370591  0.667250  0.646096  -0.479665  -0.733176  0.482052  0.062289  0.057939  -0.021248  -0.555691  -0.250570  0.189289  1.000000  
307.783040 -0.081476  -0.058678  0.011581  0.795293  -0.130780  0.591950  -0.370563  0.667918  0.645421  -0.479783  -0.732654  0.482728  0.062153  0.057834  -0.021725  -0.575430  -0.227574  0.169173  1.000000  
307.784048 -0.081421  -0.058621  0.011561  0.795351  -0.130261  0.591987  -0.370591  0.668346  0.644962  -0.479665  -0.732356  0.483297  0.061595  0.057772  -0.021583  -0.588803  -0.198894  0.150803  1.000000  
307.785290 -0.081358  -0.058551  0.011545  0.795428  -0.129752  0.591996  -0.370427  0.669023  0.644354  -0.479665  -0.731828  0.484096  0.060311  0.057751  -0.020737  -0.603793  -0.174361  0.129490  1.000000  
307.786298 -0.081310  -0.058494  0.011535  0.795486  -0.129161  0.592047  -0.370454  0.669529  0.643813  -0.479548  -0.731470  0.484752  0.058868  0.057587  -0.019994  -0.623963  -0.160329  0.109851  1.000000  
307.787300 -0.081258  -0.058438  0.011522  0.795468  -0.128360  0.592246  -0.370645  0.670138  0.643069  -0.479430  -0.731053  0.485498  0.058024  0.057410  -0.019795  -0.645680  -0.152538  0.099524  1.000000  
307.788546 -0.081186  -0.058364  0.011498  0.795391  -0.127503  0.592533  -0.370809  0.670944  0.642133  -0.479430  -0.730464  0.486384  0.057760  0.057288  -0.020205  -0.669235  -0.134636  0.082600  1.000000  
307.789547 -0.081123  -0.058303  0.011472  0.795373  -0.126629  0.592745  -0.370999  0.671629  0.641306  -0.479313  -0.729986  0.487217  0.058231  0.057337  -0.021151  -0.691138  -0.124430  0.076048  1.000000  
307.790791 -0.081036  -0.058226  0.011435  0.795355  -0.125683  0.592971  -0.371190  0.672391  0.640396  -0.479196  -0.729447  0.488137  0.059255  0.057617  -0.022437  -0.712006  -0.105807  0.069337  1.000000  
307.791791 -0.080968  -0.058165  0.011405  0.795260  -0.124742  0.593297  -0.371545  0.673023  0.639527  -0.479078  -0.729027  0.488881  0.060030  0.057820  -0.023531  -0.725586  -0.093238  0.066524  1.000000  
307.792793 -0.080901  -0.058105  0.011376  0.795242  -0.123868  0.593504  -0.371736  0.673705  0.638698  -0.478961  -0.728546  0.489712  0.060358  0.058093  -0.024070  -0.747284  -0.080677  0.063697  1.000000  
307.794040 -0.080821  -0.058030  0.011343  0.795263  -0.122461  0.593768  -0.372145  0.674560  0.637555  -0.478608  -0.727991  0.490879  0.060343  0.058387  -0.023978  -0.773095  -0.065664  0.064611  1.000000  
307.795041 -0.080762  -0.057970  0.011320  0.795283  -0.121198  0.594000  -0.372553  0.675259  0.636576  -0.478256  -0.727555  0.491870  0.059828  0.058646  -0.023263  -0.801317  -0.060707  0.072111  1.000000  
307.796042 -0.080707  -0.057909  0.011301  0.795322  -0.120162  0.594158  -0.372771  0.675973  0.635690  -0.478021  -0.727063  0.492824  0.059109  0.058872  -0.022190  -0.832443  -0.058680  0.076522  1.000000  
307.797043 -0.080651  -0.057849  0.011283  0.795342  -0.118971  0.594371  -0.373180  0.676592  0.634791  -0.477668  -0.726684  0.493725  0.058701  0.059098  -0.021362  -0.860132  -0.058734  0.087421  1.000000  
307.798291 -0.080578  -0.057772  0.011261  0.795362  -0.117491  0.594638  -0.373589  0.677517  0.633563  -0.477316  -0.726062  0.494978  0.058938  0.059428  -0.020970  -0.892764  -0.058269  0.097542  1.000000  
307.799540 -0.080501  -0.057695  0.011237  0.795439  -0.115922  0.594843  -0.374025  0.678398  0.632362  -0.476845  -0.725492  0.496266  0.059678  0.059849  -0.021109  -0.928614  -0.053329  0.115841  1.000000  
307.800793 -0.080418  -0.057615  0.011212  0.795516  -0.114426  0.595030  -0.374461  0.679200  0.631242  -0.476375  -0.724979  0.497466  0.061093  0.060524  -0.021842  -0.956058  -0.045854  0.137801  1.000000  
307.801807 -0.080350  -0.057550  0.011190  0.795592  -0.113073  0.595187  -0.374898  0.679846  0.630286  -0.475904  -0.724585  0.498490  0.062466  0.061140  -0.022749  -0.990472  -0.041217  0.168106  1.000000  
307.803051 -0.080264  -0.057467  0.011164  0.795648  -0.111204  0.595464  -0.375525  0.680778  0.628906  -0.475316  -0.723999  0.499900  0.063533  0.061786  -0.022994  -1.033773  -0.036134  0.197354  1.000000  
307.804080 -0.080196  -0.057401  0.011145  0.795724  -0.109706  0.595641  -0.375961  0.681573  0.627783  -0.474845  -0.723480  0.501098  0.063753  0.062060  -0.022522  -1.071832  -0.033492  0.222609  1.000000  
307.805296 -0.080113  -0.057320  0.011125  0.795913  -0.107744  0.595746  -0.376451  0.682586  0.626387  -0.474138  -0.722819  0.502719  0.063766  0.062510  -0.021562  -1.120451  -0.028291  0.252124  1.000000  
307.806297 -0.080046  -0.057255  0.011107  0.796102  -0.106072  0.595794  -0.376942  0.683293  0.625320  -0.473431  -0.722398  0.503988  0.063588  0.062718  -0.020700  -1.155388  -0.023059  0.281318  1.000000  
307.807540 -0.079961  -0.057173  0.011084  0.796290  -0.104110  0.595889  -0.377432  0.684301  0.623921  -0.472724  -0.721730  0.505607  0.063843  0.063230  -0.019977  -1.202237  -0.020181  0.317758  1.000000  
307.808542 -0.079890  -0.057107  0.011063  0.796477  -0.102293  0.595954  -0.377923  0.685153  0.622687  -0.472016  -0.721180  0.507050  0.064216  0.063584  -0.019371  -1.241202  -0.014757  0.346932  1.000000  
307.809790 -0.079803  -0.057026  0.011037  0.796642  -0.100030  0.596117  -0.378604  0.686209  0.621109  -0.471190  -0.720494  0.508791  0.064924  0.063955  -0.019226  -1.285142  -0.009098  0.383809  1.000000  
307.810793 -0.079734  -0.056961  0.011017  0.796771  -0.098372  0.596221  -0.379067  0.687021  0.619927  -0.470600  -0.719948  0.510108  0.065902  0.064332  -0.019282  -1.318655  -0.000995  0.419893  1.000000  
307.812042 -0.079652  -0.056881  0.010992  0.797069  -0.096164  0.596183  -0.379612  0.688007  0.618499  -0.469655  -0.719304  0.511884  0.066600  0.064523  -0.019396  -1.361836  0.009855  0.456522  1.000000  
307.813290 -0.079572  -0.056802  0.010973  0.797309  -0.094116  0.596188  -0.380129  0.688955  0.617124  -0.468828  -0.718667  0.513534  0.067069  0.064707  -0.019168  -1.400979  0.020797  0.493121  1.000000  
307.814540 -0.079495  -0.056723  0.010955  0.797683  -0.092051  0.596010  -0.380509  0.689915  0.615817  -0.467883  -0.718014  0.515307  0.067078  0.064799  -0.018781  -1.432919  0.034001  0.518205  1.000000  
307.815540 -0.079432  -0.056659  0.010940  0.797944  -0.090377  0.595918  -0.380835  0.690730  0.614700  -0.467173  -0.717443  0.516745  0.066833  0.064823  -0.018454  -1.467559  0.037330  0.543411  1.000000  
307.816791 -0.079354  -0.056579  0.010920  0.798238  -0.088098  0.595865  -0.381379  0.691777  0.613184  -0.466226  -0.716717  0.518603  0.066470  0.064763  -0.018052  -1.507194  0.050967  0.572576  1.000000  
307.817793 -0.079289  -0.056515  0.010903  0.798497  -0.086425  0.595763  -0.381704  0.692587  0.612066  -0.465516  -0.716138  0.520039  0.066166  0.064570  -0.017752  -1.534577  0.061989  0.597973  1.000000  
307.819048 -0.079207  -0.056437  0.010881  0.798788  -0.084148  0.595698  -0.382248  0.693626  0.610548  -0.464568  -0.715403  0.521895  0.066036  0.064428  -0.017684  -1.570696  0.076570  0.632150  1.000000  
307.820049 -0.079142  -0.056375  0.010862  0.799046  -0.082476  0.595587  -0.382573  0.694431  0.609428  -0.463857  -0.714817  0.523329  0.065873  0.064051  -0.017795  -1.594580  0.092807  0.654009  1.000000  
307.821297 -0.079063  -0.056299  0.010841  0.799335  -0.080200  0.595509  -0.383117  0.695463  0.607908  -0.462909  -0.714072  0.525183  0.065573  0.063741  -0.017727  -1.627101  0.111936  0.679707  1.000000  
307.822548 -0.078989  -0.056225  0.010821  0.799735  -0.077752  0.595297  -0.383713  0.696409  0.606448  -0.461722  -0.713421  0.527108  0.064706  0.063175  -0.017451  -1.650991  0.132661  0.703656  1.000000  
307.823790 -0.078920  -0.056153  0.010804  0.800157  -0.075463  0.595025  -0.384118  0.697449  0.604994  -0.460654  -0.712650  0.529082  0.063380  0.062501  -0.016869  -1.674993  0.154219  0.721472  1.000000  
307.824791 -0.078866  -0.056095  0.010788  0.800466  -0.073635  0.594837  -0.384470  0.698275  0.603817  -0.459822  -0.712032  0.530635  0.062267  0.061941  -0.016535  -1.699052  0.168100  0.739480  1.000000  
307.826043 -0.078801  -0.056025  0.010767  0.800886  -0.071276  0.594560  -0.384874  0.699382  0.602276  -0.458753  -0.711185  0.532693  0.060989  0.061244  -0.016257  -1.726598  0.193958  0.756460  1.000000  
307.827290 -0.078735  -0.055955  0.010743  0.801249  -0.069004  0.594339  -0.385252  0.700526  0.600703  -0.457801  -0.710283  0.534711  0.060010  0.060635  -0.016320  -1.756087  0.213439  0.771015  1.000000  
307.828290 -0.078681  -0.055900  0.010724  0.801500  -0.067193  0.594207  -0.385576  0.701458  0.599407  -0.457087  -0.709537  0.536310  0.059388  0.060110  -0.016585  -1.773654  0.223119  0.778824  1.000000  
307.829290 -0.078630  -0.055846  0.010705  0.801751  -0.065383  0.594071  -0.385900  0.702386  0.598109  -0.456373  -0.708787  0.537908  0.058660  0.059421  -0.017003  -1.797351  0.236520  0.788737  1.000000  
307.830540 -0.078567  -0.055780  0.010683  0.802111  -0.063186  0.593822  -0.386276  0.703447  0.596617  -0.455420  -0.707933  0.539836  0.057612  0.058544  -0.017202  -1.822569  0.253436  0.799400  1.000000  
307.831790 -0.078510  -0.055714  0.010665  0.802391  -0.060773  0.593696  -0.386818  0.704590  0.594916  -0.454467  -0.707008  0.541848  0.056234  0.057704  -0.017015  -1.848493  0.263293  0.807175  1.000000  
307.832790 -0.078466  -0.055663  0.010652  0.802694  -0.058952  0.593470  -0.387168  0.705396  0.593732  -0.453633  -0.706358  0.543393  0.054863  0.056843  -0.016751  -1.856793  0.277266  0.813843  1.000000  
307.834041 -0.078414  -0.055601  0.010637  0.803051  -0.056759  0.593201  -0.387544  0.706446  0.592236  -0.452679  -0.705488  0.545316  0.052924  0.055745  -0.016255  -1.872333  0.296827  0.817807  1.000000  
307.835290 -0.078361  -0.055540  0.010620  0.803516  -0.054325  0.592799  -0.387972  0.707482  0.590717  -0.451485  -0.704640  0.547397  0.051046  0.054614  -0.015888  -1.882919  0.313634  0.827074  1.000000  
307.836295 -0.078317  -0.055492  0.010604  0.803871  -0.052350  0.592495  -0.388348  0.708310  0.589476  -0.450530  -0.703957  0.549060  0.049738  0.053790  -0.015864  -1.895510  0.325110  0.830092  1.000000  
307.837298 -0.078271  -0.055444  0.010584  0.804171  -0.050461  0.592253  -0.388697  0.709177  0.588203  -0.449693  -0.703222  0.550685  0.048680  0.052919  -0.016068  -1.907345  0.336870  0.836144  1.000000  
307.838549 -0.078213  -0.055386  0.010558  0.804578  -0.048045  0.591901  -0.389098  0.710315  0.586562  -0.448618  -0.702242  0.552809  0.047910  0.051975  -0.016640  -1.916861  0.353888  0.835243  1.000000  
307.839796 -0.078157  -0.055328  0.010533  0.804957  -0.045472  0.591588  -0.389690  0.711346  0.584917  -0.447421  -0.701369  0.554883  0.047178  0.051033  -0.016954  -1.929047  0.363780  0.845417  1.000000  
307.841044 -0.078104  -0.055272  0.010511  0.805361  -0.043131  0.591214  -0.390091  0.712405  0.583360  -0.446344  -0.700442  0.556918  0.046328  0.050084  -0.016979  -1.934987  0.380874  0.844596  1.000000  
307.842291 -0.078055  -0.055216  0.010494  0.805817  -0.040707  0.590763  -0.390516  0.713418  0.581834  -0.445146  -0.699555  0.558988  0.045143  0.049170  -0.016537  -1.948040  0.392980  0.847378  1.000000  
307.843540 -0.078008  -0.055162  0.010480  0.806245  -0.038055  0.590356  -0.391134  0.714395  0.580219  -0.443828  -0.698707  0.561093  0.043838  0.048238  -0.015924  -1.959117  0.399987  0.861111  1.000000  
307.844790 -0.077962  -0.055107  0.010466  0.806805  -0.035468  0.589753  -0.391610  0.715319  0.578757  -0.442389  -0.697897  0.563233  0.042619  0.047388  -0.015223  -1.972063  0.418402  0.874417  1.000000  
307.845792 -0.077925  -0.055064  0.010456  0.807149  -0.033576  0.589392  -0.391983  0.716052  0.577597  -0.441428  -0.697239  0.564800  0.041936  0.046723  -0.014884  -1.971884  0.424397  0.877274  1.000000  
307.846793 -0.077885  -0.055021  0.010443  0.807546  -0.031459  0.588965  -0.392381  0.716882  0.576296  -0.440348  -0.696485  0.566571  0.041574  0.046039  -0.014749  -1.983599  0.435111  0.890683  1.000000  
307.848047 -0.077835  -0.054969  0.010426  0.808047  -0.028819  0.588412  -0.392831  0.717976  0.574626  -0.439026  -0.695471  0.568838  0.041379  0.045325  -0.014928  -2.000463  0.450215  0.896582  1.000000  
307.849290 -0.077782  -0.054917  0.010407  0.808466  -0.026176  0.587961  -0.393446  0.718932  0.573008  -0.437703  -0.694588  0.570933  0.041340  0.044704  -0.015129  -2.011793  0.457229  0.910031  1.000000  
307.850290 -0.077740  -0.054876  0.010392  0.808777  -0.023845  0.587632  -0.394009  0.719826  0.571496  -0.436620  -0.693745  0.572783  0.041394  0.044288  -0.015230  -2.027782  0.464397  0.916264  1.000000  
307.851291 -0.077697  -0.054835  0.010378  0.809220  -0.021723  0.587104  -0.394431  0.720532  0.570314  -0.435416  -0.693082  0.574501  0.041317  0.043811  -0.015067  -2.031598  0.477019  0.929513  1.000000  
307.852293 -0.077654  -0.054795  0.010364  0.809528  -0.019537  0.586756  -0.394994  0.721280  0.568977  -0.434331  -0.692368  0.576180  0.041113  0.043309  -0.014734  -2.038296  0.476555  0.935892  1.000000  
307.853296 -0.077613  -0.054755  0.010351  0.809887  -0.017270  0.586332  -0.395582  0.721985  0.567674  -0.433126  -0.691694  0.577894  0.040752  0.042787  -0.014178  -2.046357  0.485031  0.946076  1.000000  
307.854303 -0.077571  -0.054716  0.010340  0.810377  -0.015069  0.585714  -0.396028  0.722642  0.566525  -0.431799  -0.691058  0.579645  0.040461  0.042234  -0.013459  -2.049831  0.497783  0.959187  1.000000  
307.855545 -0.077517  -0.054667  0.010327  0.810888  -0.012343  0.585072  -0.396691  0.723424  0.565061  -0.430229  -0.690294  0.581719  0.040501  0.041734  -0.012757  -2.048945  0.506372  0.976237  1.000000  
307.856546 -0.077472  -0.054628  0.010317  0.811292  -0.009927  0.584557  -0.397303  0.724146  0.563705  -0.428900  -0.689576  0.583550  0.040801  0.041355  -0.012396  -2.055941  0.514624  0.993285  1.000000  
307.857797 -0.077416  -0.054578  0.010305  0.811664  -0.007069  0.584082  -0.398107  0.725029  0.562000  -0.427449  -0.688682  0.585666  0.041388  0.041043  -0.012196  -2.061649  0.518457  1.013868  1.000000  
307.859042 -0.077361  -0.054528  0.010294  0.812166  -0.004279  0.583411  -0.398768  0.725866  0.560449  -0.425876  -0.687823  0.587817  0.042055  0.040719  -0.012032  -2.064621  0.532951  1.037730  1.000000  
307.860290 -0.077305  -0.054479  0.010284  0.812634  -0.001260  0.582773  -0.399621  0.726657  0.558813  -0.424181  -0.686999  0.590003  0.042590  0.040469  -0.011794  -2.074561  0.542625  1.065441  1.000000  
307.861540 -0.077251  -0.054429  0.010276  0.813149  0.001838  0.582052  -0.400498  0.727402  0.557214  -0.422362  -0.686209  0.592223  0.042991  0.040181  -0.011399  -2.077202  0.560108  1.092591  1.000000  
307.862541 -0.077207  -0.054390  0.010269  0.813591  0.004254  0.581422  -0.401132  0.727995  0.555983  -0.420906  -0.685570  0.593997  0.043311  0.039984  -0.010887  -2.083952  0.571439  1.112982  1.000000  
307.863796 -0.077151  -0.054341  0.010262  0.814182  0.007197  0.580565  -0.401840  0.728731  0.554505  -0.419085  -0.684762  0.596212  0.043509  0.039721  -0.010116  -2.090210  0.588959  1.139815  1.000000  
307.865040 -0.077092  -0.054293  0.010252  0.814686  0.010357  0.579810  -0.402715  0.729527  0.552820  -0.417262  -0.683873  0.598507  0.043908  0.039526  -0.009582  -2.100293  0.596444  1.164015  1.000000  
307.866290 -0.077031  -0.054245  0.010242  0.815103  0.013663  0.579155  -0.403756  0.730315  0.551018  -0.415437  -0.682974  0.600799  0.044430  0.039338  -0.009037  -2.111754  0.599613  1.189161  1.000000  
307.867291 -0.076980  -0.054207  0.010234  0.815533  0.016069  0.578487  -0.404388  0.730891  0.549790  -0.413976  -0.682306  0.602564  0.044932  0.039221  -0.008669  -2.114593  0.611361  1.209369  1.000000  
307.868540 -0.076917  -0.054159  0.010225  0.816075  0.019231  0.577626  -0.405285  0.731563  0.548234  -0.412026  -0.681503  0.604804  0.045646  0.039111  -0.008219  -2.116001  0.624723  1.239950  1.000000  
307.869549 -0.076865  -0.054121  0.010218  0.816416  0.021783  0.577053  -0.406083  0.732126  0.546890  -0.410563  -0.680821  0.606565  0.046413  0.039013  -0.007925  -2.119133  0.633277  1.259548  1.000000  
307.870799 -0.076800  -0.054073  0.010212  0.816901  0.024856  0.576242  -0.406953  0.732828  0.545300  -0.408732  -0.679960  0.608763  0.047095  0.038915  -0.007485  -2.124332  0.643927  1.286750  1.000000  
307.872051 -0.076735  -0.054025  0.010206  0.817346  0.028089  0.575461  -0.408016  0.733412  0.543719  -0.406777  -0.679204  0.610912  0.047670  0.038811  -0.007007  -2.128214  0.649795  1.317954  1.000000  
307.873295 -0.076670  -0.053977  0.010202  0.817823  0.031156  0.574626  -0.408885  0.734102  0.542133  -0.404943  -0.678325  0.613104  0.048314  0.038694  -0.006530  -2.130844  0.659766  1.334518  1.000000  
307.874543 -0.076603  -0.053930  0.010197  0.818295  0.034150  0.573783  -0.409753  0.734720  0.540637  -0.403107  -0.677510  0.615211  0.049078  0.038485  -0.006160  -2.132150  0.661994  1.351683  1.000000  
307.875791 -0.076534  -0.053883  0.010192  0.818811  0.037221  0.572855  -0.410644  0.735293  0.539180  -0.401147  -0.676726  0.617351  0.049951  0.038365  -0.005898  -2.135941  0.672924  1.374564  1.000000  
307.876792 -0.076480  -0.053846  0.010189  0.819180  0.039838  0.572151  -0.411462  0.735787  0.537882  -0.399553  -0.676041  0.619134  0.050763  0.038202  -0.005693  -2.137137  0.677719  1.395066  1.000000  
307.877795 -0.076424  -0.053808  0.010184  0.819583  0.042151  0.571409  -0.412087  0.736260  0.536754  -0.398081  -0.675384  0.620796  0.051530  0.038075  -0.005536  -2.128801  0.684536  1.412927  1.000000  
307.879040 -0.076353  -0.053762  0.010181  0.820040  0.045201  0.570519  -0.412952  0.736925  0.535175  -0.396239  -0.674462  0.622973  0.052407  0.037983  -0.005220  -2.129389  0.694527  1.424118  1.000000  
307.880046 -0.076297  -0.053726  0.010179  0.820446  0.047821  0.569721  -0.413792  0.737300  0.534008  -0.394518  -0.673870  0.624703  0.053045  0.037803  -0.004798  -2.120446  0.707330  1.448689  1.000000  
307.881290 -0.076225  -0.053681  0.010178  0.820942  0.050944  0.568734  -0.414678  0.737914  0.532471  -0.392550  -0.672969  0.626910  0.053702  0.037630  -0.004298  -2.124377  0.712768  1.463991  1.000000  
307.882290 -0.076167  -0.053645  0.010176  0.821333  0.053246  0.567959  -0.415300  0.738373  0.531348  -0.391073  -0.672287  0.628563  0.054227  0.037481  -0.003808  -2.119857  0.724211  1.472957  1.000000  
307.883540 -0.076091  -0.053600  0.010174  0.821775  0.056213  0.567033  -0.416161  0.738953  0.529866  -0.389225  -0.671408  0.630647  0.055064  0.037256  -0.003405  -2.118034  0.728727  1.482458  1.000000  
307.884542 -0.076027  -0.053564  0.010171  0.822206  0.058590  0.566167  -0.416805  0.739365  0.528784  -0.387622  -0.670751  0.632331  0.055884  0.037130  -0.003133  -2.113080  0.737136  1.487817  1.000000  
307.885543 -0.075962  -0.053528  0.010167  0.822674  0.060732  0.565260  -0.417255  0.739827  0.527782  -0.386142  -0.670050  0.633977  0.056763  0.036957  -0.003036  -2.112381  0.745551  1.493286  1.000000  
307.886550 -0.075896  -0.053493  0.010164  0.823100  0.063103  0.564380  -0.417897  0.740234  0.526703  -0.384537  -0.669382  0.635657  0.057743  0.036711  -0.002859  -2.101193  0.759227  1.499550  1.000000  
307.887800 -0.075814  -0.053449  0.010161  0.823573  0.066136  0.563341  -0.418778  0.740758  0.525265  -0.382560  -0.668509  0.637765  0.058904  0.036429  -0.002813  -2.099278  0.766901  1.512410  1.000000  
307.889047 -0.075732  -0.053406  0.010160  0.824129  0.069013  0.562182  -0.419487  0.741290  0.523946  -0.380581  -0.667627  0.639869  0.059898  0.036169  -0.002566  -2.091724  0.784009  1.516722  1.000000  
307.890290 -0.075652  -0.053363  0.010161  0.824680  0.071817  0.561021  -0.420196  0.741756  0.522718  -0.378600  -0.666814  0.641888  0.060664  0.035969  -0.002222  -2.084173  0.797936  1.517738  1.000000  
307.891295 -0.075588  -0.053330  0.010162  0.825134  0.073943  0.560077  -0.420641  0.742205  0.521721  -0.377114  -0.666081  0.643522  0.061347  0.035634  -0.001850  -2.072444  0.805294  1.512024  1.000000  
307.892540 -0.075507  -0.053288  0.010165  0.825723  0.076819  0.558821  -0.421369  0.742624  0.520536  -0.375006  -0.665289  0.645571  0.062074  0.035359  -0.001409  -2.062748  0.816609  1.514686  1.000000  
307.893790 -0.075425  -0.053247  0.010166  0.826262  0.079612  0.557631  -0.422074  0.743079  0.519314  -0.373021  -0.664451  0.647580  0.062829  0.034985  -0.001082  -2.054218  0.823013  1.516654  1.000000  
307.894791 -0.075356  -0.053213  0.010166  0.826665  0.081892  0.556704  -0.422708  0.743402  0.518336  -0.371406  -0.663813  0.649161  0.063625  0.034769  -0.000910  -2.038940  0.831283  1.516581  1.000000  
307.895795 -0.075287  -0.053180  0.010164  0.827152  0.084018  0.555663  -0.423172  0.743738  0.517473  -0.369791  -0.663170  0.650738  0.064595  0.034528  -0.000967  -2.020203  0.846146  1.509576  1.000000  
307.897042 -0.075198  -0.053138  0.010164  0.827680  0.086799  0.554447  -0.423873  0.744185  0.516256  -0.367801  -0.662310  0.652739  0.065706  0.034317  -0.000838  -2.008797  0.857211  1.507031  1.000000  
