1-Time 2-Px 3-Py 4-Pz 5-R11 6-R21 7-R31 8-R12 9-R22 10-R32 11-R13 12-R23 13-R33 14-Vx 15-Vy 16-Vz 17-Wx 18-Wy 19-Wz 20-state
205.744582 0.007581  0.000197  -0.002236  0.721901  0.653287  0.228198  -0.457757  0.203520  0.865470  0.518958  -0.729243  0.445969  0.003780  -0.000791  -0.005600  0.000000  0.000000  0.000000  1.000000  
205.745767 0.007583  0.000196  -0.002238  0.721901  0.653287  0.228198  -0.457757  0.203520  0.865470  0.518958  -0.729243  0.445969  0.002144  -0.001237  -0.001940  0.000000  0.000000  0.000000  1.000000  
205.746768 0.007582  0.000194  -0.002238  0.721901  0.653287  0.228198  -0.457757  0.203520  0.865470  0.518958  -0.729243  0.445969  0.000135  -0.001533  -0.000963  0.000000  0.000000  0.000000  1.000000  
205.747835 0.007579  0.000191  -0.002238  0.721901  0.653287  0.228198  -0.457757  0.203520  0.865470  0.518958  -0.729243  0.445969  -0.000825  -0.001895  -0.000624  0.000000  0.000000  0.000000  1.000000  
205.749025 0.007577  0.000189  -0.002237  0.721901  0.653287  0.228198  -0.457757  0.203520  0.865470  0.518958  -0.729243  0.445969  -0.001085  -0.001961  -0.000359  0.000000  0.000000  0.000000  1.000000  
205.750036 0.007576  0.000187  -0.002238  0.721807  0.653329  0.228376  -0.457906  0.203386  0.865423  0.518958  -0.729243  0.445969  -0.001009  -0.001802  -0.000434  0.000000  0.000000  0.000000  1.000000  
205.751278 0.007574  0.000186  -0.002239  0.721807  0.653329  0.228376  -0.457906  0.203386  0.865423  0.518958  -0.729243  0.445969  -0.001178  -0.001663  -0.000466  0.000000  0.000000  0.000000  1.000000  
205.752517 0.007570  0.000185  -0.002239  0.721807  0.653329  0.228376  -0.457906  0.203386  0.865423  0.518958  -0.729243  0.445969  -0.001506  -0.001593  -0.000485  0.000000  0.000000  0.000000  1.000000  
205.753763 0.007567  0.000184  -0.002240  0.721713  0.653371  0.228554  -0.458054  0.203251  0.865376  0.518958  -0.729243  0.445969  -0.001639  -0.001438  -0.000499  0.000000  0.000000  0.000000  1.000000  
205.754764 0.007564  0.000184  -0.002241  0.721713  0.653371  0.228554  -0.458054  0.203251  0.865376  0.518958  -0.729243  0.445969  -0.001711  -0.001333  -0.000485  0.000000  0.000000  0.000000  1.000000  
205.755764 0.007563  0.000183  -0.002241  0.721618  0.653413  0.228732  -0.458203  0.203117  0.865329  0.518958  -0.729243  0.445969  -0.001706  -0.001229  -0.000440  0.000000  0.000000  0.000000  1.000000  
205.757014 0.007559  0.000182  -0.002241  0.721618  0.653413  0.228732  -0.458203  0.203117  0.865329  0.518958  -0.729243  0.445969  -0.001801  -0.001210  -0.000424  0.000000  0.000000  0.000000  1.000000  
205.758017 0.007556  0.000181  -0.002240  0.721618  0.653413  0.228732  -0.458203  0.203117  0.865329  0.518958  -0.729243  0.445969  -0.001878  -0.001183  -0.000332  0.000000  0.000000  0.000000  1.000000  
205.759031 0.007553  0.000180  -0.002239  0.721524  0.653483  0.228831  -0.458352  0.203087  0.865257  0.518958  -0.729189  0.446057  -0.001957  -0.001209  -0.000227  0.000000  0.000000  0.000000  1.000000  
205.760269 0.007548  0.000176  -0.002237  0.721524  0.653483  0.228831  -0.458352  0.203087  0.865257  0.518958  -0.729189  0.446057  -0.002330  -0.001356  -0.000035  0.000000  0.000000  0.000000  1.000000  
205.761517 0.007541  0.000172  -0.002235  0.721430  0.653524  0.229009  -0.458500  0.202953  0.865210  0.518958  -0.729189  0.446057  -0.002675  -0.001441  0.000146  0.000000  0.000000  0.000000  1.000000  
205.762517 0.007537  0.000169  -0.002234  0.721430  0.653524  0.229009  -0.458500  0.202953  0.865210  0.518958  -0.729189  0.446057  -0.002815  -0.001484  0.000223  0.000000  0.000000  0.000000  1.000000  
205.763765 0.007532  0.000167  -0.002235  0.721488  0.653442  0.229060  -0.458537  0.203005  0.865178  0.518843  -0.729248  0.446093  -0.002973  -0.001511  0.000199  0.000000  0.000000  0.000000  1.000000  
205.765035 0.007528  0.000165  -0.002234  0.721394  0.653484  0.229238  -0.458686  0.202870  0.865131  0.518843  -0.729248  0.446093  -0.003208  -0.001519  0.000252  0.000000  0.000000  0.000000  1.000000  
205.766266 0.007523  0.000162  -0.002234  0.721394  0.653484  0.229238  -0.458686  0.202870  0.865131  0.518843  -0.729248  0.446093  -0.003399  -0.001577  0.000305  0.000000  0.000000  0.000000  1.000000  
205.767266 0.007519  0.000161  -0.002232  0.721452  0.653401  0.229288  -0.458723  0.202923  0.865099  0.518729  -0.729307  0.446129  -0.003405  -0.001590  0.000490  0.000000  0.000000  0.000000  1.000000  
205.768513 0.007516  0.000161  -0.002230  0.721452  0.653401  0.229288  -0.458723  0.202923  0.865099  0.518729  -0.729307  0.446129  -0.003362  -0.001550  0.000684  0.000000  0.000000  0.000000  1.000000  
205.769513 0.007514  0.000161  -0.002227  0.721511  0.653319  0.229339  -0.458760  0.202975  0.865066  0.518614  -0.729366  0.446166  -0.003424  -0.001550  0.000862  0.000000  0.000000  0.000000  1.000000  
205.770513 0.007512  0.000161  -0.002224  0.721511  0.653347  0.229259  -0.458760  0.203080  0.865042  0.518614  -0.729312  0.446254  -0.003449  -0.001548  0.001109  0.000000  0.000000  0.000000  1.000000  
205.771763 0.007508  0.000161  -0.002220  0.721475  0.653306  0.229488  -0.458946  0.202998  0.864963  0.518500  -0.729371  0.446290  -0.003480  -0.001453  0.001393  0.000000  0.000000  0.000000  1.000000  
205.772770 0.007504  0.000160  -0.002218  0.721475  0.653334  0.229409  -0.458946  0.203103  0.864938  0.518500  -0.729317  0.446379  -0.003527  -0.001469  0.001522  0.000000  0.000000  0.000000  1.000000  
205.774015 0.007500  0.000159  -0.002215  0.721534  0.653252  0.229459  -0.458983  0.203155  0.864906  0.518386  -0.729376  0.446415  -0.003552  -0.001366  0.001601  0.000000  0.000000  0.000000  1.000000  
205.775270 0.007496  0.000158  -0.002213  0.721592  0.653197  0.229430  -0.459021  0.203313  0.864849  0.518271  -0.729381  0.446540  -0.003401  -0.001217  0.001574  0.000000  0.000000  0.000000  1.000000  
205.776520 0.007493  0.000157  -0.002213  0.721556  0.653157  0.229659  -0.459206  0.203230  0.864770  0.518157  -0.729441  0.446576  -0.003229  -0.001013  0.001470  0.000000  0.000000  0.000000  1.000000  
205.777768 0.007489  0.000156  -0.002212  0.721615  0.653102  0.229630  -0.459244  0.203388  0.864713  0.518042  -0.729446  0.446701  -0.003137  -0.000792  0.001445  0.000000  0.000000  0.000000  1.000000  
205.778768 0.007486  0.000157  -0.002213  0.721578  0.653090  0.229779  -0.459429  0.203411  0.864609  0.517928  -0.729450  0.446825  -0.003076  -0.000602  0.001498  0.000000  0.000000  0.000000  1.000000  
205.780026 0.007483  0.000158  -0.002212  0.721637  0.653007  0.229829  -0.459467  0.203463  0.864577  0.517813  -0.729510  0.446861  -0.002965  -0.000469  0.001499  0.000000  0.000000  0.000000  1.000000  
205.781287 0.007481  0.000159  -0.002210  0.721659  0.652913  0.230029  -0.459690  0.203538  0.864441  0.517584  -0.729573  0.447022  -0.002755  -0.000218  0.001572  0.000000  0.000000  0.000000  1.000000  
205.782514 0.007478  0.000161  -0.002208  0.721623  0.652900  0.230178  -0.459875  0.203561  0.864336  0.517470  -0.729578  0.447147  -0.002699  0.000025  0.001600  0.000000  0.000000  0.000000  1.000000  
205.783764 0.007475  0.000164  -0.002205  0.721645  0.652805  0.230378  -0.460098  0.203637  0.864200  0.517241  -0.729642  0.447308  -0.002657  0.000213  0.001651  0.000000  0.000000  0.000000  1.000000  
205.785014 0.007473  0.000167  -0.002203  0.721667  0.652710  0.230578  -0.460321  0.203712  0.864064  0.517012  -0.729706  0.447469  -0.002673  0.000378  0.001499  0.000000  0.000000  0.000000  1.000000  
205.786014 0.007471  0.000168  -0.002204  0.721783  0.652574  0.230599  -0.460396  0.203922  0.863974  0.516783  -0.729769  0.447630  -0.002661  0.000493  0.001190  0.000000  0.000000  0.000000  1.000000  
205.787264 0.007467  0.000169  -0.002204  0.721805  0.652507  0.230720  -0.460619  0.204102  0.863813  0.516554  -0.729779  0.447879  -0.002588  0.000606  0.001011  0.000000  0.000000  0.000000  1.000000  
205.788516 0.007464  0.000171  -0.002204  0.721827  0.652441  0.230841  -0.460842  0.204282  0.863651  0.516325  -0.729788  0.448128  -0.002540  0.000814  0.000805  0.000000  0.000000  0.000000  1.000000  
205.789764 0.007461  0.000173  -0.002204  0.721812  0.652334  0.231189  -0.461250  0.204381  0.863410  0.515981  -0.729855  0.448414  -0.002465  0.001054  0.000677  0.000000  0.000000  0.000000  1.000000  
205.790766 0.007459  0.000175  -0.002203  0.721833  0.652239  0.231389  -0.461473  0.204457  0.863273  0.515752  -0.729919  0.448574  -0.002396  0.001194  0.000641  0.000000  0.000000  0.000000  1.000000  
205.791767 0.007457  0.000177  -0.002202  0.721854  0.652173  0.231510  -0.461696  0.204637  0.863111  0.515522  -0.729927  0.448824  -0.002293  0.001383  0.000780  0.000000  0.000000  0.000000  1.000000  
205.792769 0.007456  0.000179  -0.002201  0.721933  0.652025  0.231681  -0.461956  0.204870  0.862916  0.515178  -0.729995  0.449109  -0.002214  0.001493  0.000754  0.000000  0.000000  0.000000  1.000000  
205.793773 0.007455  0.000181  -0.002199  0.722012  0.651876  0.231852  -0.462216  0.205103  0.862722  0.514834  -0.730062  0.449395  -0.002119  0.001648  0.000857  0.000000  0.000000  0.000000  1.000000  
205.795040 0.007453  0.000184  -0.002197  0.722149  0.651646  0.232075  -0.462514  0.205389  0.862494  0.514375  -0.730187  0.449716  -0.001974  0.001816  0.000984  0.000000  0.000000  0.000000  1.000000  
205.796274 0.007453  0.000188  -0.002196  0.722248  0.651403  0.232446  -0.462996  0.205698  0.862162  0.513801  -0.730316  0.450162  -0.001870  0.001961  0.000970  -0.050257  -0.196048  -0.113739  1.000000  
205.797524 0.007453  0.000192  -0.002195  0.722384  0.651201  0.232589  -0.463294  0.206088  0.861909  0.513342  -0.730386  0.450572  -0.001660  0.002065  0.000802  -0.058523  -0.206530  -0.121117  1.000000  
205.798766 0.007452  0.000194  -0.002195  0.722482  0.650988  0.232882  -0.463776  0.206502  0.861550  0.512768  -0.730460  0.451107  -0.001565  0.001969  0.000647  -0.067744  -0.228503  -0.134031  1.000000  
205.800021 0.007451  0.000196  -0.002197  0.722675  0.650732  0.232998  -0.464110  0.207050  0.861239  0.512194  -0.730532  0.451642  -0.001453  0.001982  0.000491  -0.076447  -0.243009  -0.146140  1.000000  
205.801267 0.007450  0.000198  -0.002197  0.722830  0.650437  0.233342  -0.464630  0.207517  0.860846  0.511504  -0.730663  0.452212  -0.001358  0.001949  0.000361  -0.089261  -0.259942  -0.162121  1.000000  
205.802513 0.007448  0.000198  -0.002198  0.723079  0.650100  0.233509  -0.465001  0.208118  0.860500  0.510814  -0.730792  0.452783  -0.001197  0.001912  0.000359  -0.101293  -0.277105  -0.180536  1.000000  
205.803514 0.007447  0.000199  -0.002197  0.723175  0.649860  0.233882  -0.465483  0.208428  0.860165  0.510239  -0.730917  0.453229  -0.001098  0.001861  0.000428  -0.103166  -0.298854  -0.190932  1.000000  
205.804514 0.007447  0.000200  -0.002196  0.723327  0.649537  0.234305  -0.466003  0.208791  0.859795  0.509548  -0.731100  0.453711  -0.000908  0.001853  0.000502  -0.108357  -0.320832  -0.203769  1.000000  
205.805515 0.007446  0.000202  -0.002196  0.723575  0.649172  0.234552  -0.466373  0.209288  0.859473  0.508857  -0.731282  0.454192  -0.000874  0.001835  0.000510  -0.115619  -0.332324  -0.224776  1.000000  
205.806764 0.007446  0.000204  -0.002194  0.723783  0.648825  0.234870  -0.466929  0.209914  0.859019  0.508051  -0.731411  0.454887  -0.000750  0.001817  0.000500  -0.124825  -0.356495  -0.241189  1.000000  
205.808025 0.007445  0.000207  -0.002193  0.723894  0.648522  0.235366  -0.467634  0.210405  0.858515  0.507244  -0.731539  0.455582  -0.000649  0.001795  0.000481  -0.139224  -0.383803  -0.259725  1.000000  
205.809269 0.007445  0.000211  -0.002193  0.724100  0.648176  0.235684  -0.468190  0.211031  0.858058  0.506436  -0.731665  0.456277  -0.000587  0.001859  0.000327  -0.148577  -0.405942  -0.272462  1.000000  
205.810270 0.007444  0.000213  -0.002193  0.724208  0.647874  0.236180  -0.468895  0.211523  0.857552  0.505629  -0.731790  0.456972  -0.000595  0.001848  0.000221  -0.157914  -0.430413  -0.288980  1.000000  
205.811270 0.007444  0.000216  -0.002194  0.724412  0.647530  0.236500  -0.469450  0.212149  0.857094  0.504820  -0.731914  0.457666  -0.000564  0.001877  0.000144  -0.170022  -0.451381  -0.303150  1.000000  
205.812273 0.007443  0.000218  -0.002195  0.724615  0.647185  0.236820  -0.470005  0.212775  0.856634  0.504012  -0.732037  0.458361  -0.000653  0.001801  0.000018  -0.184193  -0.474218  -0.325032  1.000000  
205.813522 0.007442  0.000221  -0.002194  0.724890  0.646668  0.237393  -0.470820  0.213532  0.855998  0.502855  -0.732274  0.459251  -0.000668  0.001816  0.000070  -0.197703  -0.503525  -0.349073  1.000000  
205.814765 0.007439  0.000223  -0.002195  0.725162  0.646151  0.237967  -0.471634  0.214290  0.855361  0.501699  -0.732508  0.460142  -0.000812  0.001773  0.000148  -0.211277  -0.532977  -0.373163  1.000000  
205.816020 0.007436  0.000225  -0.002193  0.725586  0.645538  0.238339  -0.472335  0.215338  0.854710  0.500425  -0.732741  0.461156  -0.000908  0.001870  0.000304  -0.228345  -0.559675  -0.404005  1.000000  
205.817264 0.007434  0.000227  -0.002192  0.725910  0.644970  0.238888  -0.473184  0.216253  0.854009  0.499150  -0.732972  0.462170  -0.000973  0.001920  0.000402  -0.240500  -0.591657  -0.425068  1.000000  
205.818266 0.007432  0.000230  -0.002191  0.726163  0.644576  0.239185  -0.473775  0.217038  0.853482  0.498222  -0.733087  0.462989  -0.001039  0.002065  0.000436  -0.255497  -0.616240  -0.448031  1.000000  
205.819514 0.007430  0.000233  -0.002190  0.726441  0.644002  0.239885  -0.474810  0.217979  0.852667  0.496829  -0.733312  0.464127  -0.001150  0.002162  0.000380  -0.271512  -0.650157  -0.472345  1.000000  
205.820514 0.007428  0.000236  -0.002191  0.726647  0.643573  0.240411  -0.475586  0.218685  0.852054  0.495784  -0.733479  0.464981  -0.001230  0.002245  0.000331  -0.286863  -0.675372  -0.495684  1.000000  
205.821764 0.007426  0.000240  -0.002192  0.727074  0.642903  0.240913  -0.476506  0.219917  0.851222  0.494273  -0.733697  0.466243  -0.001360  0.002377  0.000130  -0.306160  -0.706300  -0.526347  1.000000  
205.823014 0.007424  0.000244  -0.002193  0.727454  0.642199  0.241643  -0.477612  0.221070  0.850303  0.492644  -0.733968  0.467540  -0.001411  0.002492  0.000005  -0.324448  -0.745536  -0.554087  1.000000  
205.824024 0.007423  0.000249  -0.002194  0.727874  0.641503  0.242226  -0.478531  0.222200  0.849491  0.491129  -0.734235  0.468713  -0.001466  0.002566  -0.000046  -0.340881  -0.786201  -0.589743  1.000000  
205.825029 0.007422  0.000253  -0.002194  0.728082  0.641019  0.242880  -0.479528  0.223089  0.848696  0.489847  -0.734388  0.469814  -0.001548  0.002712  -0.000070  -0.356526  -0.814636  -0.605393  1.000000  
205.826271 0.007420  0.000259  -0.002194  0.728561  0.640186  0.243642  -0.480703  0.224456  0.847670  0.487979  -0.734698  0.471269  -0.001600  0.002891  -0.000017  -0.378356  -0.851295  -0.639615  1.000000  
205.827274 0.007417  0.000262  -0.002194  0.728872  0.639571  0.244326  -0.481770  0.225559  0.846771  0.486460  -0.734896  0.472530  -0.001761  0.002991  0.000011  -0.396016  -0.895845  -0.668841  1.000000  
205.828517 0.007414  0.000268  -0.002193  0.729395  0.638689  0.245068  -0.482980  0.227084  0.845673  0.484472  -0.735193  0.474108  -0.001846  0.003183  0.000115  -0.418233  -0.935686  -0.707074  1.000000  
205.829765 0.007411  0.000275  -0.002192  0.729914  0.637840  0.245735  -0.484189  0.228712  0.844543  0.482480  -0.735425  0.475775  -0.001881  0.003466  0.000168  -0.441221  -0.980959  -0.742126  1.000000  
205.830766 0.007409  0.000280  -0.002191  0.730213  0.637262  0.246348  -0.485253  0.229919  0.843603  0.480956  -0.735551  0.477123  -0.001869  0.003733  0.000120  -0.459835  -1.018445  -0.765575  1.000000  
205.832022 0.007405  0.000286  -0.002191  0.730675  0.636413  0.247170  -0.486645  0.231574  0.842348  0.478843  -0.735766  0.478913  -0.001921  0.004036  0.000071  -0.486844  -1.063485  -0.799994  1.000000  
205.833264 0.007403  0.000295  -0.002191  0.731183  0.635516  0.247971  -0.488071  0.233386  0.841021  0.476610  -0.735969  0.480826  -0.001913  0.004368  -0.000029  -0.518003  -1.102359  -0.831527  1.000000  
205.834264 0.007401  0.000302  -0.002191  0.731681  0.634618  0.248804  -0.489275  0.234813  0.839924  0.474609  -0.736290  0.482311  -0.001949  0.004698  -0.000079  -0.540754  -1.147001  -0.868734  1.000000  
205.835265 0.007400  0.000309  -0.002192  0.732225  0.633701  0.249539  -0.490512  0.236499  0.838729  0.472488  -0.736540  0.484008  -0.001906  0.004969  -0.000104  -0.568067  -1.192524  -0.903217  1.000000  
205.836513 0.007398  0.000318  -0.002193  0.732871  0.632569  0.250512  -0.492038  0.238478  0.837273  0.469892  -0.736875  0.486022  -0.001881  0.005328  -0.000074  -0.594593  -1.240009  -0.948264  1.000000  
205.837514 0.007397  0.000327  -0.002193  0.733403  0.631689  0.251177  -0.493272  0.240267  0.836035  0.467764  -0.737049  0.487806  -0.001792  0.005671  -0.000047  -0.625128  -1.280401  -0.985299  1.000000  
205.838514 0.007396  0.000335  -0.002193  0.734032  0.630647  0.251955  -0.494573  0.242166  0.834717  0.465397  -0.737319  0.489659  -0.001858  0.005924  0.000082  -0.655820  -1.325844  -1.029791  1.000000  
205.839514 0.007395  0.000343  -0.002193  0.734500  0.629772  0.252777  -0.495989  0.243982  0.833347  0.463146  -0.737469  0.491565  -0.001860  0.006183  0.000058  -0.687185  -1.373978  -1.067033  1.000000  
205.840518 0.007393  0.000351  -0.002193  0.734911  0.628870  0.253829  -0.497589  0.245724  0.831880  0.460773  -0.737660  0.493504  -0.001866  0.006366  0.000110  -0.711397  -1.427510  -1.100886  1.000000  
205.841791 0.007391  0.000361  -0.002193  0.735567  0.627687  0.254853  -0.499359  0.248147  0.830098  0.457801  -0.737856  0.495970  -0.001834  0.006717  0.000035  -0.756314  -1.487486  -1.156540  1.000000  
205.843016 0.007388  0.000373  -0.002194  0.736208  0.626431  0.256089  -0.501347  0.250653  0.828145  0.454586  -0.738077  0.498592  -0.001817  0.007125  -0.000063  -0.798050  -1.553014  -1.205410  1.000000  
205.844022 0.007386  0.000381  -0.002196  0.736844  0.625311  0.256996  -0.502890  0.252894  0.826526  0.451843  -0.738262  0.500806  -0.001770  0.007414  -0.000218  -0.828015  -1.603744  -1.243437  1.000000  
205.845271 0.007383  0.000394  -0.002197  0.737609  0.623824  0.258410  -0.504972  0.255569  0.824432  0.448259  -0.738598  0.503524  -0.001762  0.007847  -0.000395  -0.868382  -1.682086  -1.301005  1.000000  
205.846516 0.007381  0.000408  -0.002200  0.738456  0.622246  0.259793  -0.507116  0.258557  0.822181  0.444427  -0.738890  0.506484  -0.001676  0.008329  -0.000625  -0.914317  -1.760010  -1.366900  1.000000  
205.847764 0.007379  0.000421  -0.002203  0.739285  0.620646  0.261261  -0.509255  0.261447  0.819942  0.440588  -0.739219  0.509350  -0.001674  0.008652  -0.000839  -0.956493  -1.835927  -1.429033  1.000000  
205.848764 0.007378  0.000433  -0.002205  0.739864  0.619506  0.262324  -0.511002  0.263873  0.818076  0.437583  -0.739313  0.511799  -0.001602  0.009013  -0.000913  -0.989688  -1.887721  -1.467568  1.000000  
205.849764 0.007376  0.000446  -0.002207  0.740527  0.618243  0.263432  -0.512812  0.266511  0.816085  0.434331  -0.739424  0.514401  -0.001593  0.009375  -0.000962  -1.035232  -1.959706  -1.522355  1.000000  
205.851014 0.007375  0.000462  -0.002209  0.741402  0.616634  0.264738  -0.515001  0.269910  0.813586  0.430229  -0.739534  0.517679  -0.001554  0.009832  -0.001060  -1.093077  -2.033720  -1.589762  1.000000  
205.852016 0.007373  0.000474  -0.002211  0.742236  0.615265  0.265584  -0.516714  0.273083  0.811439  0.426723  -0.739510  0.520608  -0.001617  0.010160  -0.001231  -1.149889  -2.092613  -1.645906  1.000000  
205.853016 0.007372  0.000488  -0.002213  0.742856  0.614090  0.266566  -0.518509  0.275915  0.809332  0.423453  -0.739435  0.523377  -0.001584  0.010482  -0.001359  -1.195267  -2.151652  -1.690869  1.000000  
205.854264 0.007370  0.000505  -0.002216  0.743663  0.612472  0.268036  -0.520896  0.279494  0.806567  0.419085  -0.739433  0.526884  -0.001657  0.010927  -0.001608  -1.250915  -2.227709  -1.746331  1.000000  
205.855270 0.007369  0.000518  -0.002221  0.744419  0.610888  0.269548  -0.523026  0.282539  0.804124  0.415072  -0.739586  0.529838  -0.001660  0.011337  -0.001942  -1.291047  -2.295990  -1.806184  1.000000  
205.856514 0.007367  0.000535  -0.002226  0.745208  0.609178  0.271232  -0.525646  0.286357  0.801060  0.410319  -0.739528  0.533607  -0.001598  0.011735  -0.002261  -1.347539  -2.384818  -1.867402  1.000000  
205.857514 0.007365  0.000549  -0.002232  0.746030  0.607625  0.272453  -0.527607  0.289720  0.798557  0.406288  -0.739496  0.536727  -0.001607  0.012058  -0.002588  -1.401634  -2.454969  -1.925252  1.000000  
205.858517 0.007364  0.000563  -0.002238  0.746572  0.606284  0.273953  -0.529837  0.292775  0.795962  0.402372  -0.739394  0.539809  -0.001512  0.012451  -0.002914  -1.448758  -2.525527  -1.971827  1.000000  
205.859518 0.007362  0.000577  -0.002243  0.747204  0.604894  0.275298  -0.531906  0.295953  0.793403  0.398449  -0.739267  0.542884  -0.001503  0.012754  -0.003142  -1.499484  -2.605535  -2.026724  1.000000  
205.860770 0.007361  0.000596  -0.002251  0.748113  0.602909  0.277179  -0.534644  0.300242  0.789943  0.393043  -0.739159  0.546957  -0.001449  0.013138  -0.003474  -1.560387  -2.701862  -2.104136  1.000000  
205.862019 0.007359  0.000616  -0.002259  0.748988  0.600977  0.279004  -0.537369  0.304624  0.786409  0.387622  -0.738939  0.551106  -0.001430  0.013565  -0.003858  -1.621575  -2.788863  -2.171533  1.000000  
205.863265 0.007357  0.000636  -0.002267  0.749607  0.599262  0.281023  -0.540389  0.308944  0.782645  0.382189  -0.738538  0.555421  -0.001408  0.013918  -0.004266  -1.693900  -2.900045  -2.239088  1.000000  
205.864514 0.007356  0.000657  -0.002276  0.750344  0.597462  0.282884  -0.543271  0.313535  0.778815  0.376618  -0.738061  0.559843  -0.001372  0.014320  -0.004699  -1.765412  -2.996529  -2.299592  1.000000  
205.865517 0.007355  0.000673  -0.002284  0.750947  0.595988  0.284388  -0.545595  0.317337  0.775644  0.372028  -0.737628  0.563471  -0.001364  0.014561  -0.005108  -1.822789  -3.070773  -2.342430  1.000000  
205.866764 0.007354  0.000695  -0.002295  0.751624  0.594096  0.286551  -0.548692  0.322061  0.771501  0.366059  -0.737107  0.568044  -0.001330  0.014972  -0.005698  -1.896310  -3.178755  -2.405262  1.000000  
205.867764 0.007352  0.000712  -0.002304  0.752059  0.592728  0.288239  -0.551148  0.325730  0.768203  0.361447  -0.736596  0.571649  -0.001337  0.015184  -0.006129  -1.947583  -3.259602  -2.443811  1.000000  
205.868764 0.007352  0.000730  -0.002314  0.752583  0.591175  0.290051  -0.553679  0.329662  0.764698  0.356452  -0.736094  0.575419  -0.001300  0.015455  -0.006607  -2.001923  -3.340749  -2.491995  1.000000  
205.870029 0.007351  0.000752  -0.002326  0.753228  0.589308  0.292168  -0.556787  0.334761  0.760213  0.350193  -0.735290  0.580270  -0.001234  0.015823  -0.007136  -2.074149  -3.443998  -2.553583  1.000000  
205.871264 0.007350  0.000775  -0.002339  0.753908  0.587483  0.294086  -0.559693  0.339911  0.755781  0.344045  -0.734387  0.585071  -0.001167  0.016187  -0.007512  -2.153418  -3.523691  -2.610964  1.000000  
205.872266 0.007350  0.000793  -0.002349  0.754226  0.586310  0.295608  -0.562100  0.343827  0.752215  0.339392  -0.733501  0.588888  -0.001051  0.016501  -0.007889  -2.209002  -3.597286  -2.643400  1.000000  
205.873514 0.007350  0.000816  -0.002362  0.754939  0.584304  0.297750  -0.565052  0.349131  0.747545  0.332840  -0.732596  0.593735  -0.000922  0.016864  -0.008291  -2.280853  -3.691474  -2.698939  1.000000  
205.874764 0.007351  0.000839  -0.002375  0.755525  0.582471  0.299848  -0.568165  0.354720  0.742538  0.326144  -0.731369  0.598940  -0.000713  0.017213  -0.008621  -2.366064  -3.791169  -2.757280  1.000000  
205.875772 0.007352  0.000858  -0.002387  0.755937  0.581289  0.301103  -0.570426  0.359200  0.738640  0.321207  -0.730122  0.603115  -0.000569  0.017453  -0.009067  -2.454213  -3.860063  -2.790431  1.000000  
205.877017 0.007353  0.000882  -0.002402  0.756406  0.579563  0.303244  -0.573473  0.364609  0.733614  0.314611  -0.728812  0.608156  -0.000342  0.017753  -0.009499  -2.538075  -3.946858  -2.827960  1.000000  
205.878020 0.007355  0.000902  -0.002414  0.756855  0.578088  0.304933  -0.575779  0.368970  0.729616  0.309271  -0.727787  0.612108  -0.000144  0.018024  -0.009939  -2.594943  -4.012354  -2.866087  1.000000  
205.879268 0.007358  0.000926  -0.002431  0.757273  0.576427  0.307034  -0.578809  0.374581  0.724341  0.302520  -0.726238  0.617301  0.000132  0.018248  -0.010505  -2.670328  -4.102268  -2.903501  1.000000  
205.880514 0.007360  0.000950  -0.002448  0.757705  0.574651  0.309288  -0.581862  0.380288  0.718900  0.295498  -0.724677  0.622514  0.000348  0.018469  -0.010937  -2.746409  -4.195617  -2.943775  1.000000  
205.881515 0.007363  0.000970  -0.002462  0.758200  0.573217  0.310733  -0.583981  0.385044  0.714638  0.289997  -0.723301  0.626688  0.000623  0.018627  -0.011328  -2.807968  -4.251734  -2.973391  1.000000  
205.882763 0.007365  0.000994  -0.002480  0.758514  0.571890  0.312406  -0.586715  0.390704  0.709307  0.283588  -0.721313  0.631891  0.000863  0.018804  -0.011693  -2.876862  -4.319516  -2.990759  1.000000  
205.883764 0.007368  0.001014  -0.002494  0.758735  0.570933  0.313619  -0.588885  0.395383  0.704901  0.278451  -0.719519  0.636205  0.001091  0.018941  -0.011996  -2.949961  -4.367840  -3.008007  1.000000  
205.884764 0.007370  0.001034  -0.002507  0.758801  0.569785  0.315541  -0.591444  0.399875  0.700210  0.272792  -0.717945  0.640421  0.001334  0.019114  -0.012290  -3.023350  -4.443058  -3.033553  1.000000  
205.885766 0.007373  0.001053  -0.002522  0.758927  0.568737  0.317124  -0.593806  0.404576  0.695495  0.267253  -0.716140  0.644763  0.001516  0.019184  -0.012526  -3.083054  -4.486515  -3.037200  1.000000  
205.887013 0.007377  0.001078  -0.002538  0.759051  0.567445  0.319135  -0.596679  0.410283  0.689668  0.260413  -0.713915  0.650008  0.001775  0.019360  -0.012758  -3.153925  -4.554059  -3.046788  1.000000  
205.888023 0.007380  0.001098  -0.002552  0.759081  0.566575  0.320606  -0.598982  0.414962  0.684856  0.254983  -0.711898  0.654358  0.002011  0.019451  -0.013013  -3.233036  -4.611507  -3.057727  1.000000  
205.889263 0.007384  0.001124  -0.002569  0.759173  0.565292  0.322647  -0.601849  0.420894  0.678694  0.247860  -0.709431  0.659752  0.002230  0.019561  -0.013231  -3.310649  -4.679246  -3.076292  1.000000  
205.890263 0.007388  0.001144  -0.002583  0.759010  0.564577  0.324279  -0.604268  0.425406  0.673713  0.242412  -0.707306  0.664044  0.002489  0.019734  -0.013463  -3.370699  -4.725112  -3.065990  1.000000  
205.891264 0.007393  0.001165  -0.002596  0.758941  0.563844  0.325712  -0.606515  0.430092  0.668701  0.236957  -0.705054  0.668394  0.002703  0.019823  -0.013589  -3.441358  -4.767106  -3.068906  1.000000  
205.892271 0.007397  0.001184  -0.002610  0.758891  0.563074  0.327158  -0.608782  0.435031  0.663425  0.231233  -0.702635  0.672931  0.002909  0.019852  -0.013762  -3.520355  -4.819750  -3.066964  1.000000  
205.893519 0.007403  0.001209  -0.002627  0.758666  0.562238  0.329112  -0.611688  0.440900  0.656845  0.224198  -0.699640  0.678410  0.003084  0.019853  -0.013762  -3.597913  -4.875113  -3.072843  1.000000  
205.894768 0.007409  0.001233  -0.002644  0.758323  0.561591  0.331001  -0.614509  0.446392  0.650472  0.217543  -0.696671  0.683612  0.003348  0.019846  -0.013793  -3.665881  -4.918130  -3.054466  1.000000  
205.895770 0.007413  0.001251  -0.002657  0.758037  0.560987  0.332678  -0.616866  0.451038  0.645012  0.211793  -0.694160  0.687957  0.003522  0.019717  -0.013710  -3.723816  -4.960591  -3.043410  1.000000  
205.897014 0.007420  0.001274  -0.002673  0.757782  0.560313  0.334390  -0.619517  0.456920  0.638297  0.204857  -0.690850  0.693369  0.003738  0.019608  -0.013587  -3.807267  -4.990171  -3.036732  1.000000  
205.898020 0.007425  0.001292  -0.002685  0.757403  0.559897  0.335940  -0.621813  0.461518  0.632732  0.199222  -0.688125  0.697707  0.003936  0.019474  -0.013429  -3.870861  -5.024196  -3.025550  1.000000  
205.899264 0.007431  0.001313  -0.002701  0.757044  0.559385  0.337598  -0.624393  0.467255  0.625944  0.192399  -0.684661  0.703009  0.004147  0.019308  -0.013338  -3.929028  -5.048460  -2.997073  1.000000  
205.900274 0.007437  0.001330  -0.002713  0.756597  0.559087  0.339091  -0.626646  0.471858  0.620213  0.186750  -0.681742  0.707356  0.004353  0.019104  -0.013202  -3.998498  -5.083716  -2.979424  1.000000  
205.901515 0.007444  0.001352  -0.002728  0.756064  0.558708  0.340901  -0.629360  0.477654  0.612987  0.179648  -0.678006  0.712765  0.004628  0.018895  -0.013133  -4.068275  -5.134921  -2.963140  1.000000  
205.902765 0.007451  0.001373  -0.002745  0.755447  0.558521  0.342569  -0.632013  0.483279  0.605806  0.172799  -0.674162  0.718085  0.004857  0.018611  -0.013119  -4.143782  -5.161834  -2.930987  1.000000  
205.904023 0.007459  0.001393  -0.002761  0.754672  0.558462  0.344371  -0.634805  0.488865  0.598359  0.165810  -0.670173  0.723447  0.005095  0.018276  -0.012979  -4.211101  -5.197586  -2.887767  1.000000  
205.905264 0.007468  0.001413  -0.002775  0.753996  0.558289  0.346125  -0.637425  0.494564  0.590844  0.158681  -0.666122  0.728767  0.005326  0.017924  -0.012835  -4.272815  -5.228557  -2.863792  1.000000  
205.906264 0.007474  0.001429  -0.002787  0.753335  0.558424  0.347347  -0.639529  0.498979  0.584826  0.153262  -0.662708  0.733027  0.005395  0.017599  -0.012683  -4.321402  -5.252191  -2.835368  1.000000  
205.907267 0.007480  0.001444  -0.002798  0.752822  0.558288  0.348674  -0.641498  0.503641  0.578641  0.147442  -0.659288  0.737293  0.005540  0.017323  -0.012529  -4.377879  -5.280755  -2.813326  1.000000  
205.908537 0.007488  0.001464  -0.002810  0.752010  0.558370  0.350291  -0.644020  0.509193  0.570930  0.140424  -0.654939  0.742520  0.005709  0.016883  -0.012117  -4.451030  -5.307786  -2.763292  1.000000  
205.909767 0.007496  0.001481  -0.002823  0.751286  0.558401  0.351791  -0.646354  0.514795  0.563216  0.133400  -0.650518  0.747684  0.005759  0.016534  -0.011902  -4.521556  -5.328593  -2.739236  1.000000  
205.911018 0.007503  0.001498  -0.002834  0.750396  0.558657  0.353281  -0.648822  0.520476  0.555099  0.126236  -0.645761  0.753032  0.005878  0.016166  -0.011603  -4.595083  -5.351301  -2.679627  1.000000  
205.912024 0.007509  0.001511  -0.002844  0.749729  0.558800  0.354470  -0.650676  0.524945  0.548683  0.120526  -0.642008  0.757165  0.005982  0.015824  -0.011403  -4.648383  -5.373292  -2.649691  1.000000  
205.913269 0.007517  0.001527  -0.002856  0.748868  0.559049  0.355895  -0.652908  0.530301  0.540825  0.113617  -0.637373  0.762133  0.006026  0.015419  -0.011219  -4.696494  -5.409687  -2.622137  1.000000  
205.914514 0.007523  0.001543  -0.002868  0.747974  0.559375  0.357259  -0.655116  0.535774  0.532700  0.106569  -0.632492  0.767201  0.006060  0.014992  -0.011009  -4.752125  -5.423852  -2.589357  1.000000  
205.915524 0.007529  0.001555  -0.002879  0.747343  0.559574  0.358269  -0.656741  0.540263  0.526125  0.100846  -0.628485  0.771256  0.006108  0.014655  -0.010780  -4.808635  -5.429891  -2.563218  1.000000  
205.916764 0.007537  0.001570  -0.002891  0.746516  0.559779  0.359669  -0.658743  0.545709  0.517937  0.093655  -0.623578  0.776131  0.006123  0.014214  -0.010508  -4.869190  -5.447481  -2.536126  1.000000  
205.918016 0.007545  0.001584  -0.002902  0.745628  0.560293  0.360709  -0.660695  0.551157  0.509615  0.086726  -0.618302  0.781141  0.006147  0.013808  -0.010253  -4.924853  -5.457369  -2.507065  1.000000  
205.919264 0.007553  0.001598  -0.002914  0.744707  0.560754  0.361894  -0.662621  0.556519  0.501219  0.079660  -0.613059  0.786011  0.006175  0.013342  -0.010027  -4.989116  -5.459970  -2.467340  1.000000  
205.920514 0.007561  0.001611  -0.002925  0.743895  0.560987  0.363199  -0.664372  0.561966  0.492752  0.072322  -0.607855  0.790748  0.006138  0.012877  -0.009774  -5.041406  -5.478504  -2.449616  1.000000  
205.921764 0.007568  0.001624  -0.002937  0.742889  0.561644  0.364243  -0.666228  0.567286  0.484074  0.065247  -0.602282  0.795613  0.006070  0.012442  -0.009638  -5.096356  -5.487574  -2.426200  1.000000  
205.922764 0.007574  0.001633  -0.002946  0.742177  0.562153  0.364908  -0.667522  0.571363  0.477451  0.059906  -0.597937  0.799301  0.006063  0.012017  -0.009552  -5.132859  -5.478011  -2.395570  1.000000  
205.924019 0.007582  0.001646  -0.002958  0.741384  0.562504  0.365977  -0.669020  0.576811  0.468723  0.052559  -0.592350  0.803965  0.006102  0.011735  -0.009520  -5.181709  -5.483930  -2.383175  1.000000  
205.925273 0.007590  0.001658  -0.002970  0.740534  0.563127  0.366740  -0.670470  0.582070  0.460070  0.045610  -0.586585  0.808602  0.006187  0.011399  -0.009632  -5.252326  -5.483438  -2.360269  1.000000  
205.926519 0.007598  0.001671  -0.002982  0.739649  0.563696  0.367649  -0.671889  0.587240  0.451348  0.038524  -0.580858  0.813093  0.006142  0.011052  -0.009506  -5.300344  -5.474993  -2.336610  1.000000  
205.927767 0.007606  0.001682  -0.002993  0.738864  0.564282  0.368329  -0.673121  0.592546  0.442490  0.031438  -0.574870  0.817641  0.006181  0.010788  -0.009477  -5.351438  -5.470917  -2.329710  1.000000  
205.928769 0.007613  0.001692  -0.003002  0.738287  0.564764  0.368747  -0.673987  0.596690  0.435548  0.025954  -0.570090  0.821172  0.006264  0.010553  -0.009410  -5.399092  -5.463078  -2.311671  1.000000  
205.930049 0.007621  0.001704  -0.003014  0.737434  0.565245  0.369715  -0.675160  0.601727  0.426714  0.018731  -0.564290  0.825364  0.006319  0.010273  -0.009366  -5.430695  -5.456973  -2.300930  1.000000  
205.931264 0.007631  0.001715  -0.003023  0.736538  0.566021  0.370313  -0.676293  0.606726  0.417745  0.011774  -0.558126  0.829673  0.006450  0.010113  -0.009159  -5.483574  -5.450464  -2.285072  1.000000  
205.932267 0.007638  0.001725  -0.003030  0.735877  0.566759  0.370499  -0.677084  0.610617  0.410737  0.006556  -0.553110  0.833082  0.006533  0.009963  -0.008980  -5.523354  -5.434758  -2.274926  1.000000  
205.933514 0.007648  0.001737  -0.003041  0.735056  0.567347  0.371229  -0.678007  0.615516  0.401804  -0.000535  -0.547044  0.837104  0.006698  0.009799  -0.008882  -5.554934  -5.423387  -2.270729  1.000000  
205.934764 0.007658  0.001748  -0.003050  0.734198  0.568177  0.371657  -0.678896  0.620321  0.392814  -0.007359  -0.540719  0.841171  0.006785  0.009655  -0.008708  -5.602252  -5.402568  -2.260052  1.000000  
205.936021 0.007667  0.001760  -0.003060  0.733302  0.568901  0.372317  -0.679750  0.625081  0.383685  -0.014450  -0.534439  0.845084  0.006908  0.009578  -0.008626  -5.634880  -5.396375  -2.256403  1.000000  
205.937264 0.007679  0.001770  -0.003071  0.732368  0.569717  0.372906  -0.680568  0.629791  0.374420  -0.021540  -0.528001  0.848970  0.007155  0.009430  -0.008591  -5.668888  -5.387979  -2.243695  1.000000  
205.938264 0.007687  0.001779  -0.003079  0.731570  0.570520  0.373246  -0.681231  0.633416  0.367027  -0.027024  -0.522773  0.852044  0.007331  0.009345  -0.008508  -5.702864  -5.376843  -2.237468  1.000000  
205.939514 0.007698  0.001789  -0.003090  0.730720  0.571349  0.373643  -0.681845  0.637837  0.358122  -0.033711  -0.516453  0.855652  0.007509  0.009227  -0.008435  -5.731804  -5.358635  -2.225003  1.000000  
205.940766 0.007710  0.001800  -0.003099  0.729696  0.572397  0.374040  -0.682578  0.642091  0.349009  -0.040396  -0.509981  0.859236  0.007762  0.009129  -0.008276  -5.750081  -5.335350  -2.208252  1.000000  
205.941767 0.007719  0.001810  -0.003107  0.728820  0.573343  0.374298  -0.683166  0.645539  0.341413  -0.045877  -0.504537  0.862170  0.008007  0.009162  -0.008159  -5.778798  -5.325336  -2.193892  1.000000  
205.942770 0.007730  0.001819  -0.003114  0.728204  0.574051  0.374413  -0.683434  0.649157  0.333937  -0.051356  -0.499060  0.865044  0.008280  0.009136  -0.008008  -5.812162  -5.307575  -2.190980  1.000000  
205.944023 0.007742  0.001832  -0.003123  0.727239  0.575214  0.374502  -0.683938  0.653307  0.324684  -0.057902  -0.492259  0.868521  0.008563  0.009154  -0.007879  -5.845569  -5.288386  -2.178541  1.000000  
205.945024 0.007752  0.001841  -0.003129  0.726305  0.576300  0.374646  -0.684469  0.656412  0.317215  -0.063111  -0.486828  0.871215  0.008751  0.009137  -0.007691  -5.867364  -5.281494  -2.158148  1.000000  
205.946288 0.007764  0.001852  -0.003136  0.725277  0.577353  0.375017  -0.684912  0.660313  0.308031  -0.069786  -0.480261  0.874345  0.008937  0.009129  -0.007567  -5.878373  -5.252734  -2.134033  1.000000  
205.947518 0.007777  0.001863  -0.003144  0.724216  0.578583  0.375171  -0.685321  0.664227  0.298558  -0.076458  -0.473333  0.877559  0.009160  0.009053  -0.007426  -5.906858  -5.245562  -2.120547  1.000000  
205.948764 0.007790  0.001875  -0.003151  0.723147  0.579944  0.375131  -0.685722  0.667874  0.289361  -0.082727  -0.466486  0.880651  0.009373  0.009033  -0.007252  -5.927771  -5.220503  -2.096811  1.000000  
205.950014 0.007802  0.001885  -0.003157  0.722049  0.581252  0.375222  -0.686094  0.671354  0.280283  -0.088992  -0.459815  0.883544  0.009551  0.008977  -0.006997  -5.942334  -5.195244  -2.065287  1.000000  
205.951264 0.007814  0.001896  -0.003162  0.720791  0.582915  0.375061  -0.686595  0.674677  0.270921  -0.095121  -0.452792  0.886528  0.009621  0.008906  -0.006588  -5.955888  -5.168364  -2.032448  1.000000  
205.952514 0.007825  0.001905  -0.003166  0.719666  0.584471  0.374799  -0.686938  0.677873  0.261924  -0.100979  -0.445962  0.889337  0.009579  0.008823  -0.006177  -5.972117  -5.137008  -2.000622  1.000000  
205.953764 0.007835  0.001914  -0.003170  0.718355  0.586068  0.374821  -0.687384  0.680905  0.252729  -0.107101  -0.439195  0.891985  0.009571  0.008706  -0.005716  -5.979665  -5.110371  -1.954465  1.000000  
205.955014 0.007844  0.001923  -0.003173  0.717179  0.587600  0.374674  -0.687674  0.683853  0.243822  -0.112952  -0.432518  0.894522  0.009400  0.008573  -0.005268  -5.978212  -5.083515  -1.917048  1.000000  
205.956018 0.007852  0.001930  -0.003174  0.716082  0.588988  0.374593  -0.688038  0.686011  0.236628  -0.117604  -0.427179  0.896486  0.009329  0.008444  -0.004790  -5.975950  -5.061337  -1.882330  1.000000  
205.957269 0.007861  0.001939  -0.003176  0.714909  0.590831  0.373930  -0.688329  0.688694  0.227826  -0.122917  -0.420262  0.899039  0.009102  0.008320  -0.004332  -5.985795  -5.017974  -1.828145  1.000000  
205.958517 0.007869  0.001948  -0.003178  0.713538  0.592677  0.373628  -0.688709  0.691252  0.218748  -0.128625  -0.413406  0.901416  0.008815  0.008056  -0.003902  -5.978631  -4.992270  -1.776680  1.000000  
205.959517 0.007875  0.001955  -0.003178  0.712568  0.594111  0.373201  -0.688907  0.693213  0.211810  -0.132869  -0.408030  0.903248  0.008482  0.007864  -0.003478  -5.979940  -4.948348  -1.728454  1.000000  
205.960524 0.007881  0.001961  -0.003179  0.711430  0.595711  0.372821  -0.689225  0.695057  0.204608  -0.137244  -0.402522  0.905064  0.008227  0.007699  -0.003094  -5.984559  -4.928373  -1.688103  1.000000  
205.961768 0.007887  0.001969  -0.003179  0.710197  0.597553  0.372224  -0.689449  0.697302  0.196035  -0.142411  -0.395853  0.907204  0.007790  0.007519  -0.002638  -5.973550  -4.884829  -1.633158  1.000000  
