1-Time 2-Px 3-Py 4-Pz 5-R11 6-R21 7-R31 8-R12 9-R22 10-R32 11-R13 12-R23 13-R33 14-Vx 15-Vy 16-Vz 17-Wx 18-Wy 19-Wz 20-state
251.398446 -0.009160  -0.024257  -0.014483  0.397606  0.755777  0.520298  -0.865401  0.497340  -0.061099  -0.304942  -0.425974  0.851796  0.000799  0.000348  0.002786  0.000000  0.000000  0.000000  1.000000  
251.399554 -0.009159  -0.024256  -0.014482  0.397606  0.755777  0.520298  -0.865401  0.497340  -0.061099  -0.304942  -0.425974  0.851796  0.000735  0.000335  0.001525  0.000000  0.000000  0.000000  1.000000  
251.400782 -0.009151  -0.024246  -0.014471  0.397606  0.755777  0.520298  -0.865401  0.497340  -0.061099  -0.304942  -0.425974  0.851796  0.004619  0.005558  0.005752  0.000000  0.000000  0.000000  1.000000  
251.401782 -0.009140  -0.024232  -0.014459  0.397606  0.755777  0.520298  -0.865401  0.497340  -0.061099  -0.304942  -0.425974  0.851796  0.006619  0.008233  0.007899  0.000000  0.000000  0.000000  1.000000  
251.403046 -0.009132  -0.024220  -0.014446  0.397784  0.755675  0.520311  -0.865320  0.497496  -0.060992  -0.304942  -0.425974  0.851796  0.006503  0.008502  0.008748  0.000000  0.000000  0.000000  1.000000  
251.404049 -0.009128  -0.024213  -0.014436  0.397784  0.755675  0.520311  -0.865320  0.497496  -0.060992  -0.304942  -0.425974  0.851796  0.005965  0.008316  0.008882  0.000000  0.000000  0.000000  1.000000  
251.405290 -0.009120  -0.024200  -0.014423  0.397784  0.755738  0.520219  -0.865320  0.497488  -0.061052  -0.304942  -0.425870  0.851848  0.006144  0.008718  0.009149  0.000000  0.000000  0.000000  1.000000  
251.406536 -0.009109  -0.024183  -0.014415  0.397606  0.755840  0.520206  -0.865401  0.497333  -0.061159  -0.304942  -0.425870  0.851848  0.006498  0.009568  0.008788  0.000000  0.000000  0.000000  1.000000  
251.407540 -0.009103  -0.024170  -0.014410  0.397606  0.755840  0.520206  -0.865401  0.497333  -0.061159  -0.304942  -0.425870  0.851848  0.006509  0.009936  0.008379  0.000000  0.000000  0.000000  1.000000  
251.408781 -0.009100  -0.024158  -0.014401  0.397606  0.755840  0.520206  -0.865401  0.497333  -0.061159  -0.304942  -0.425870  0.851848  0.005959  0.009834  0.008221  0.000000  0.000000  0.000000  1.000000  
251.409782 -0.009098  -0.024150  -0.014392  0.397606  0.755840  0.520206  -0.865401  0.497333  -0.061159  -0.304942  -0.425870  0.851848  0.005629  0.009691  0.008310  0.000000  0.000000  0.000000  1.000000  
251.410782 -0.009093  -0.024139  -0.014382  0.397606  0.755777  0.520298  -0.865401  0.497340  -0.061099  -0.304942  -0.425974  0.851796  0.005562  0.009844  0.008436  0.000000  0.000000  0.000000  1.000000  
251.412035 -0.009085  -0.024120  -0.014370  0.397606  0.755714  0.520390  -0.865401  0.497348  -0.061038  -0.304942  -0.426077  0.851745  0.005661  0.010342  0.008518  0.000000  0.000000  0.000000  1.000000  
251.413282 -0.009074  -0.024098  -0.014356  0.397428  0.755753  0.520469  -0.865483  0.497200  -0.061085  -0.304942  -0.426180  0.851693  0.005932  0.010953  0.008742  0.000000  0.000000  0.000000  1.000000  
251.414282 -0.009063  -0.024078  -0.014342  0.397233  0.755769  0.520596  -0.865528  0.497103  -0.061236  -0.305070  -0.426265  0.851605  0.006459  0.011890  0.009424  0.000000  0.000000  0.000000  1.000000  
251.415532 -0.009047  -0.024051  -0.014320  0.397233  0.755706  0.520687  -0.865528  0.497111  -0.061175  -0.305070  -0.426369  0.851553  0.007046  0.013169  0.010276  0.000000  0.000000  0.000000  1.000000  
251.416782 -0.009028  -0.024021  -0.014301  0.397233  0.755642  0.520779  -0.865528  0.497118  -0.061115  -0.305070  -0.426472  0.851501  0.007417  0.014111  0.010553  0.000000  0.000000  0.000000  1.000000  
251.417782 -0.009016  -0.023997  -0.014287  0.397233  0.755642  0.520779  -0.865528  0.497118  -0.061115  -0.305070  -0.426472  0.851501  0.007909  0.015170  0.010775  0.000000  0.000000  0.000000  1.000000  
251.418784 -0.009006  -0.023973  -0.014275  0.397055  0.755745  0.520766  -0.865610  0.496962  -0.061222  -0.305070  -0.426472  0.851501  0.008196  0.016075  0.010942  0.000000  0.000000  0.000000  1.000000  
251.420062 -0.008994  -0.023944  -0.014261  0.396876  0.755847  0.520754  -0.865691  0.496807  -0.061329  -0.305070  -0.426472  0.851501  0.008490  0.017300  0.010997  0.000000  0.000000  0.000000  1.000000  
251.421285 -0.008984  -0.023916  -0.014245  0.396876  0.755910  0.520662  -0.865691  0.496799  -0.061390  -0.305070  -0.426369  0.851553  0.008485  0.018008  0.011427  0.000000  0.000000  0.000000  1.000000  
251.422286 -0.008976  -0.023894  -0.014227  0.396876  0.755910  0.520662  -0.865691  0.496799  -0.061390  -0.305070  -0.426369  0.851553  0.008515  0.018563  0.012267  0.000000  0.000000  0.000000  1.000000  
251.423541 -0.008971  -0.023870  -0.014201  0.396715  0.756099  0.520510  -0.865810  0.496584  -0.061453  -0.304942  -0.426284  0.851641  0.008777  0.019576  0.013528  0.000000  0.000000  0.000000  1.000000  
251.424782 -0.008968  -0.023845  -0.014172  0.396554  0.756225  0.520450  -0.865929  0.496377  -0.061457  -0.304815  -0.426302  0.851678  0.008712  0.020493  0.014708  0.000000  0.000000  0.000000  1.000000  
251.425783 -0.008965  -0.023823  -0.014151  0.396554  0.756225  0.520450  -0.865929  0.496377  -0.061457  -0.304815  -0.426302  0.851678  0.008621  0.021145  0.015489  0.000000  0.000000  0.000000  1.000000  
251.426784 -0.008956  -0.023798  -0.014133  0.396571  0.756249  0.520403  -0.865966  0.496325  -0.061353  -0.304687  -0.426320  0.851714  0.008707  0.021804  0.016063  0.000000  0.000000  0.000000  1.000000  
251.428033 -0.008942  -0.023765  -0.014112  0.396571  0.756249  0.520403  -0.865966  0.496325  -0.061353  -0.304687  -0.426320  0.851714  0.008951  0.022551  0.016567  0.000000  0.000000  0.000000  1.000000  
251.429282 -0.008928  -0.023733  -0.014091  0.396393  0.756351  0.520390  -0.866048  0.496169  -0.061461  -0.304687  -0.426320  0.851714  0.008938  0.023004  0.016681  0.000000  0.000000  0.000000  1.000000  
251.430282 -0.008921  -0.023710  -0.014075  0.396393  0.756351  0.520390  -0.866048  0.496169  -0.061461  -0.304687  -0.426320  0.851714  0.008536  0.023102  0.016610  0.000000  0.000000  0.000000  1.000000  
251.431532 -0.008909  -0.023680  -0.014057  0.396214  0.756390  0.520469  -0.866129  0.496021  -0.061508  -0.304687  -0.426423  0.851662  0.008069  0.023134  0.016486  0.000000  0.000000  0.000000  1.000000  
251.432533 -0.008901  -0.023656  -0.014044  0.396214  0.756390  0.520469  -0.866129  0.496021  -0.061508  -0.304687  -0.426423  0.851662  0.007785  0.023137  0.016482  0.000000  0.000000  0.000000  1.000000  
251.433781 -0.008893  -0.023628  -0.014028  0.396036  0.756492  0.520456  -0.866211  0.495865  -0.061615  -0.304687  -0.426423  0.851662  0.007542  0.023032  0.016493  0.000000  0.000000  0.000000  1.000000  
251.435041 -0.008888  -0.023605  -0.014010  0.396053  0.756516  0.520409  -0.866248  0.495813  -0.061511  -0.304560  -0.426442  0.851699  0.007116  0.022660  0.016788  0.000000  0.000000  0.000000  1.000000  
251.436294 -0.008885  -0.023585  -0.013986  0.396053  0.756579  0.520317  -0.866248  0.495806  -0.061571  -0.304560  -0.426338  0.851751  0.006574  0.022043  0.017240  0.000000  0.000000  0.000000  1.000000  
251.437308 -0.008884  -0.023568  -0.013965  0.396070  0.756666  0.520178  -0.866285  0.495747  -0.061528  -0.304432  -0.426253  0.851839  0.006146  0.021747  0.017391  0.000000  0.000000  0.000000  1.000000  
251.438535 -0.008882  -0.023546  -0.013940  0.395891  0.756831  0.520074  -0.866366  0.495583  -0.061695  -0.304432  -0.426150  0.851890  0.005909  0.021603  0.017419  0.000000  0.000000  0.000000  1.000000  
251.439535 -0.008880  -0.023526  -0.013921  0.395908  0.756855  0.520026  -0.866403  0.495532  -0.061591  -0.304305  -0.426168  0.851927  0.006026  0.021605  0.017066  0.000000  0.000000  0.000000  1.000000  
251.440536 -0.008874  -0.023506  -0.013904  0.395908  0.756918  0.519934  -0.866403  0.495524  -0.061651  -0.304305  -0.426065  0.851978  0.006100  0.021530  0.016855  0.000000  0.000000  0.000000  1.000000  
251.441785 -0.008864  -0.023480  -0.013883  0.395908  0.756981  0.519843  -0.866403  0.495517  -0.061711  -0.304305  -0.425961  0.852030  0.006063  0.021143  0.016617  0.000000  0.000000  0.000000  1.000000  
251.443033 -0.008852  -0.023449  -0.013862  0.395925  0.757131  0.519612  -0.866441  0.495450  -0.061728  -0.304178  -0.425773  0.852170  0.006010  0.021072  0.016635  0.000000  0.000000  0.000000  1.000000  
251.444034 -0.008843  -0.023426  -0.013844  0.395942  0.757217  0.519472  -0.866478  0.495390  -0.061684  -0.304050  -0.425688  0.852258  0.005750  0.020870  0.016773  0.000000  0.000000  0.000000  1.000000  
251.445282 -0.008835  -0.023399  -0.013818  0.395959  0.757304  0.519333  -0.866515  0.495331  -0.061641  -0.303923  -0.425602  0.852346  0.005669  0.020643  0.017156  0.000000  0.000000  0.000000  1.000000  
251.446532 -0.008827  -0.023376  -0.013792  0.395976  0.757391  0.519194  -0.866552  0.495272  -0.061597  -0.303795  -0.425517  0.852434  0.005468  0.020232  0.017686  0.000000  0.000000  0.000000  1.000000  
251.447532 -0.008823  -0.023359  -0.013771  0.395993  0.757477  0.519055  -0.866588  0.495213  -0.061553  -0.303668  -0.425432  0.852522  0.005177  0.019772  0.018161  0.000000  0.000000  0.000000  1.000000  
251.448782 -0.008819  -0.023338  -0.013746  0.396010  0.757627  0.518823  -0.866625  0.495146  -0.061570  -0.303540  -0.425243  0.852661  0.004905  0.019358  0.018871  0.000000  0.000000  0.000000  1.000000  
251.450034 -0.008817  -0.023318  -0.013722  0.395865  0.757839  0.518624  -0.866781  0.494879  -0.061529  -0.303285  -0.425176  0.852786  0.004722  0.019130  0.019161  0.000000  0.000000  0.000000  1.000000  
251.451282 -0.008816  -0.023300  -0.013699  0.395720  0.758114  0.518333  -0.866936  0.494605  -0.061548  -0.303030  -0.425005  0.852961  0.004627  0.018974  0.019118  0.000000  0.000000  0.000000  1.000000  
251.452283 -0.008813  -0.023285  -0.013682  0.395737  0.758200  0.518193  -0.866973  0.494545  -0.061504  -0.302903  -0.424920  0.853049  0.004721  0.018892  0.018910  0.000000  0.000000  0.000000  1.000000  
251.453298 -0.008809  -0.023267  -0.013665  0.395771  0.758310  0.518006  -0.867047  0.494435  -0.061357  -0.302648  -0.424853  0.853173  0.004973  0.018882  0.018638  0.000000  0.000000  0.000000  1.000000  
251.454538 -0.008800  -0.023241  -0.013645  0.395626  0.758585  0.517715  -0.867202  0.494160  -0.061375  -0.302393  -0.424682  0.853349  0.005297  0.019007  0.018430  0.000000  0.000000  0.000000  1.000000  
251.455786 -0.008790  -0.023213  -0.013624  0.395481  0.758859  0.517424  -0.867357  0.493886  -0.061394  -0.302137  -0.424511  0.853524  0.005473  0.019219  0.018415  0.000000  0.000000  0.000000  1.000000  
251.457036 -0.008781  -0.023186  -0.013597  0.395336  0.759134  0.517132  -0.867512  0.493611  -0.061412  -0.301882  -0.424340  0.853700  0.005301  0.019121  0.018869  0.000000  0.000000  0.000000  1.000000  
251.458286 -0.008772  -0.023159  -0.013567  0.395207  0.759494  0.516701  -0.867703  0.493278  -0.061387  -0.301500  -0.424083  0.853962  0.005118  0.018944  0.019454  0.000000  0.000000  0.000000  1.000000  
251.459533 -0.008764  -0.023131  -0.013534  0.395079  0.759791  0.516362  -0.867895  0.492951  -0.061300  -0.301117  -0.423929  0.854174  0.005003  0.018901  0.019947  0.000000  0.000000  0.000000  1.000000  
251.460782 -0.008758  -0.023104  -0.013501  0.394967  0.760175  0.515883  -0.868123  0.492566  -0.061170  -0.300607  -0.423690  0.854472  0.004898  0.019058  0.020507  -0.153507  0.096456  0.129119  1.000000  
251.461782 -0.008753  -0.023083  -0.013477  0.394838  0.760471  0.515544  -0.868314  0.492240  -0.061083  -0.300224  -0.423536  0.854683  0.004880  0.019306  0.020726  -0.160314  0.107652  0.134013  1.000000  
251.463032 -0.008748  -0.023058  -0.013447  0.394530  0.760932  0.515100  -0.868586  0.491750  -0.061162  -0.299841  -0.423279  0.854945  0.004899  0.019551  0.020978  -0.178047  0.114768  0.152935  1.000000  
251.464038 -0.008745  -0.023038  -0.013426  0.394580  0.761189  0.514682  -0.868695  0.491573  -0.061029  -0.299458  -0.423021  0.855207  0.005025  0.019813  0.021083  -0.188126  0.129780  0.152988  1.000000  
251.465281 -0.008740  -0.023013  -0.013398  0.394289  0.761672  0.514190  -0.869004  0.491031  -0.061002  -0.298947  -0.422781  0.855504  0.005172  0.020205  0.021355  -0.202850  0.134907  0.169410  1.000000  
251.466289 -0.008736  -0.022991  -0.013377  0.394176  0.761992  0.513804  -0.869230  0.490654  -0.060810  -0.298436  -0.422644  0.855750  0.005359  0.020666  0.021546  -0.208972  0.148020  0.183224  1.000000  
251.467531 -0.008729  -0.022962  -0.013348  0.394046  0.762350  0.513372  -0.869420  0.490320  -0.060781  -0.298053  -0.422385  0.856011  0.005635  0.021323  0.022031  -0.219192  0.153201  0.193106  1.000000  
251.468531 -0.008721  -0.022937  -0.013324  0.393737  0.762746  0.513020  -0.869692  0.489837  -0.060799  -0.297670  -0.422231  0.856221  0.005784  0.021688  0.022489  -0.225179  0.162235  0.204809  1.000000  
251.469532 -0.008712  -0.022911  -0.013298  0.393624  0.763064  0.512634  -0.869918  0.489459  -0.060605  -0.297159  -0.422093  0.856466  0.005866  0.022043  0.023101  -0.235293  0.171329  0.216614  1.000000  
251.470536 -0.008704  -0.022885  -0.013271  0.393494  0.763359  0.512294  -0.870107  0.489133  -0.060516  -0.296776  -0.421938  0.856675  0.005892  0.022242  0.023891  -0.239270  0.181929  0.230256  1.000000  
251.471785 -0.008693  -0.022853  -0.013237  0.393380  0.763739  0.511815  -0.870333  0.488748  -0.060382  -0.296265  -0.421696  0.856971  0.005998  0.022555  0.024393  -0.249472  0.191143  0.242143  1.000000  
251.472785 -0.008684  -0.022827  -0.013209  0.393071  0.764134  0.511463  -0.870603  0.488265  -0.060398  -0.295881  -0.421541  0.857180  0.006045  0.022862  0.024692  -0.257677  0.197410  0.259938  1.000000  
251.473789 -0.008676  -0.022801  -0.013182  0.392957  0.764513  0.510984  -0.870828  0.487880  -0.060262  -0.295370  -0.421299  0.857475  0.006142  0.023093  0.024760  -0.267817  0.206595  0.271769  1.000000  
251.475034 -0.008667  -0.022768  -0.013149  0.392679  0.765078  0.510352  -0.871170  0.487279  -0.060186  -0.294731  -0.420970  0.857857  0.006228  0.023462  0.024831  -0.284170  0.216964  0.291580  1.000000  
251.476295 -0.008659  -0.022736  -0.013117  0.392581  0.765541  0.509733  -0.871430  0.486836  -0.060004  -0.294091  -0.420640  0.858238  0.006481  0.023891  0.024745  -0.298290  0.230152  0.305311  1.000000  
251.477532 -0.008650  -0.022705  -0.013084  0.392302  0.766104  0.509101  -0.871771  0.486235  -0.059926  -0.293452  -0.420310  0.858618  0.006677  0.024238  0.024976  -0.312090  0.238603  0.322495  1.000000  
251.478532 -0.008644  -0.022679  -0.013058  0.392187  0.766482  0.508621  -0.871995  0.485850  -0.059789  -0.292940  -0.420066  0.858912  0.006880  0.024608  0.025200  -0.320789  0.249869  0.337044  1.000000  
251.479782 -0.008636  -0.022646  -0.013021  0.391925  0.767066  0.507941  -0.872371  0.485198  -0.059604  -0.292173  -0.419753  0.859327  0.007101  0.025139  0.025879  -0.335006  0.263188  0.350912  1.000000  
251.480782 -0.008629  -0.022617  -0.012990  0.391809  0.767504  0.507368  -0.872594  0.484806  -0.059525  -0.291661  -0.419404  0.859671  0.007364  0.025803  0.026663  -0.347140  0.275361  0.356786  1.000000  
251.482049 -0.008618  -0.022580  -0.012949  0.391545  0.768088  0.506689  -0.872968  0.484154  -0.059339  -0.290893  -0.419090  0.860084  0.007636  0.026290  0.027417  -0.359095  0.285612  0.376310  1.000000  
251.483282 -0.008606  -0.022542  -0.012907  0.391445  0.768548  0.506068  -0.873226  0.483712  -0.059153  -0.290253  -0.418757  0.860463  0.007808  0.026784  0.028251  -0.370576  0.292765  0.385331  1.000000  
251.484532 -0.008593  -0.022503  -0.012866  0.391360  0.769091  0.505307  -0.873519  0.483211  -0.058919  -0.289484  -0.418337  0.860926  0.007934  0.027161  0.028808  -0.382465  0.308824  0.392982  1.000000  
251.485535 -0.008585  -0.022472  -0.012835  0.391244  0.769527  0.504734  -0.873741  0.482820  -0.058837  -0.288972  -0.417987  0.861268  0.007937  0.027501  0.029104  -0.390393  0.316904  0.396754  1.000000  
251.486787 -0.008573  -0.022433  -0.012799  0.390979  0.770108  0.504053  -0.874114  0.482168  -0.058648  -0.288203  -0.417670  0.861679  0.007956  0.027994  0.029215  -0.403728  0.332912  0.413842  1.000000  
251.488044 -0.008563  -0.022396  -0.012765  0.390713  0.770748  0.503280  -0.874485  0.481509  -0.058516  -0.287435  -0.417248  0.862140  0.007951  0.028357  0.029174  -0.413697  0.342225  0.425505  1.000000  
251.489285 -0.008556  -0.022360  -0.012730  0.390643  0.771312  0.502471  -0.874811  0.480959  -0.058173  -0.286537  -0.416842  0.862635  0.007773  0.028506  0.029244  -0.425850  0.358604  0.433395  1.000000  
251.490287 -0.008549  -0.022332  -0.012702  0.390376  0.771890  0.501790  -0.875182  0.480307  -0.057981  -0.285768  -0.416523  0.863044  0.007773  0.028659  0.029438  -0.431758  0.367932  0.445092  1.000000  
251.491533 -0.008543  -0.022297  -0.012665  0.390305  0.772451  0.500981  -0.875506  0.479757  -0.057637  -0.284870  -0.416116  0.863537  0.007646  0.029039  0.029929  -0.443885  0.380280  0.450982  1.000000  
251.492782 -0.008538  -0.022261  -0.012626  0.390052  0.773111  0.500159  -0.875910  0.479048  -0.057395  -0.283973  -0.415707  0.864029  0.007376  0.029193  0.030253  -0.451895  0.396658  0.458749  1.000000  
251.493785 -0.008532  -0.022230  -0.012593  0.389800  0.773709  0.499431  -0.876313  0.478346  -0.057093  -0.283074  -0.415403  0.864470  0.007365  0.029550  0.030605  -0.459895  0.407244  0.478463  1.000000  
251.495031 -0.008525  -0.022191  -0.012551  0.389742  0.774351  0.498480  -0.876670  0.477740  -0.056698  -0.282048  -0.414905  0.865045  0.007272  0.029835  0.030899  -0.469865  0.426509  0.480168  1.000000  
251.496038 -0.008518  -0.022159  -0.012516  0.389488  0.775007  0.497658  -0.877071  0.477031  -0.056452  -0.281149  -0.414494  0.865535  0.007180  0.030037  0.031034  -0.484409  0.436691  0.490233  1.000000  
251.497281 -0.008508  -0.022117  -0.012475  0.389249  0.775745  0.496694  -0.877506  0.476266  -0.056157  -0.280122  -0.413993  0.866107  0.007139  0.030360  0.031034  -0.497954  0.453491  0.507476  1.000000  
251.498531 -0.008498  -0.022074  -0.012435  0.389220  0.776489  0.495554  -0.877928  0.475553  -0.055603  -0.278837  -0.413419  0.866796  0.006989  0.030684  0.030919  -0.511829  0.480926  0.510786  1.000000  
251.499531 -0.008491  -0.022040  -0.012403  0.388964  0.777141  0.494731  -0.878327  0.474845  -0.055353  -0.277937  -0.413005  0.867282  0.006817  0.030864  0.030862  -0.525751  0.490298  0.522385  1.000000  
251.500531 -0.008485  -0.022007  -0.012372  0.388722  0.777875  0.493766  -0.878758  0.474081  -0.055052  -0.276909  -0.412501  0.867850  0.006639  0.031034  0.030852  -0.543786  0.507814  0.537912  1.000000  
251.501781 -0.008478  -0.021967  -0.012332  0.388676  0.778592  0.492671  -0.879143  0.473420  -0.054600  -0.275752  -0.411907  0.868501  0.006327  0.031133  0.031198  -0.559707  0.528171  0.547345  1.000000  
251.503032 -0.008472  -0.021927  -0.012291  0.388477  0.779450  0.491471  -0.879673  0.472499  -0.054034  -0.274337  -0.411342  0.869216  0.006052  0.031254  0.031624  -0.575698  0.556671  0.560743  1.000000  
251.504047 -0.008469  -0.021897  -0.012256  0.388248  0.780201  0.490458  -0.880135  0.471686  -0.053622  -0.273178  -0.410851  0.869813  0.005851  0.031378  0.032123  -0.592161  0.577487  0.572678  1.000000  
251.505284 -0.008465  -0.021860  -0.012212  0.388047  0.781114  0.489162  -0.880661  0.470760  -0.053109  -0.271762  -0.410177  0.870574  0.005620  0.031501  0.032616  -0.608434  0.602432  0.584269  1.000000  
251.506537 -0.008460  -0.021823  -0.012170  0.387845  0.781966  0.487960  -0.881186  0.469841  -0.052537  -0.270346  -0.409608  0.871283  0.005608  0.031640  0.033065  -0.623517  0.625429  0.602752  1.000000  
251.507781 -0.008454  -0.021784  -0.012129  0.387642  0.782816  0.486758  -0.881709  0.468923  -0.051962  -0.268928  -0.409036  0.871990  0.005636  0.031796  0.033102  -0.634252  0.648923  0.612912  1.000000  
251.508781 -0.008448  -0.021753  -0.012097  0.387395  0.783538  0.485791  -0.882132  0.468163  -0.051648  -0.267897  -0.408523  0.872548  0.005663  0.031842  0.033018  -0.644167  0.662671  0.626374  1.000000  
251.510033 -0.008438  -0.021712  -0.012057  0.387190  0.784384  0.484588  -0.882651  0.467246  -0.051069  -0.266479  -0.407949  0.873251  0.005802  0.031990  0.032812  -0.657911  0.680374  0.641606  1.000000  
251.511282 -0.008427  -0.021670  -0.012018  0.386997  0.785309  0.483242  -0.883201  0.466274  -0.050436  -0.264931  -0.407281  0.874033  0.005892  0.032034  0.032695  -0.672352  0.703303  0.649363  1.000000  
251.512531 -0.008416  -0.021629  -0.011976  0.386804  0.786231  0.481896  -0.883749  0.465304  -0.049801  -0.263383  -0.406612  0.874812  0.005941  0.031892  0.032709  -0.686057  0.729133  0.668263  1.000000  
251.513532 -0.008409  -0.021597  -0.011943  0.386581  0.787049  0.480738  -0.884230  0.464439  -0.049321  -0.262092  -0.406017  0.875476  0.005913  0.031763  0.032805  -0.705671  0.753135  0.689124  1.000000  
251.514782 -0.008400  -0.021558  -0.011898  0.386384  0.787967  0.479391  -0.884774  0.463471  -0.048680  -0.260542  -0.405343  0.876250  0.005993  0.031559  0.033203  -0.717514  0.777992  0.700160  1.000000  
251.515784 -0.008393  -0.021527  -0.011862  0.386341  0.788686  0.478242  -0.885172  0.462771  -0.048097  -0.259250  -0.404745  0.876910  0.006081  0.031411  0.033449  -0.729383  0.802729  0.711180  1.000000  
251.517031 -0.008386  -0.021490  -0.011814  0.386170  0.789700  0.476704  -0.885775  0.461699  -0.047292  -0.257440  -0.403990  0.877791  0.006056  0.031221  0.033979  -0.749260  0.830212  0.728089  1.000000  
251.518281 -0.008379  -0.021454  -0.011766  0.385984  0.790690  0.475212  -0.886343  0.460679  -0.046591  -0.255759  -0.403217  0.878637  0.006173  0.031050  0.034458  -0.764981  0.858957  0.740734  1.000000  
251.519283 -0.008373  -0.021425  -0.011727  0.385755  0.791498  0.474052  -0.886815  0.459820  -0.046099  -0.254465  -0.402613  0.879289  0.006379  0.030952  0.034706  -0.778648  0.872752  0.753826  1.000000  
251.520297 -0.008367  -0.021397  -0.011689  0.385735  0.792252  0.472807  -0.887268  0.459026  -0.045291  -0.252912  -0.402036  0.880002  0.006568  0.030828  0.034876  -0.790627  0.903263  0.762710  1.000000  
251.521537 -0.008357  -0.021360  -0.011645  0.385557  0.793256  0.471265  -0.887860  0.457960  -0.044473  -0.251100  -0.401270  0.880869  0.006956  0.030846  0.035048  -0.806749  0.932651  0.775652  1.000000  
251.522784 -0.008344  -0.021322  -0.011600  0.385561  0.794162  0.469733  -0.888369  0.457060  -0.043555  -0.249286  -0.400502  0.881734  0.007305  0.030815  0.035286  -0.822613  0.957714  0.786415  1.000000  
251.523786 -0.008334  -0.021292  -0.011564  0.385328  0.795019  0.468474  -0.888833  0.456200  -0.043109  -0.247990  -0.399784  0.882425  0.007546  0.030694  0.035612  -0.838629  0.974598  0.793447  1.000000  
251.525031 -0.008321  -0.021254  -0.011518  0.385119  0.795972  0.467024  -0.889356  0.455237  -0.042498  -0.246434  -0.398984  0.883223  0.007811  0.030485  0.035954  -0.850462  0.987544  0.798397  1.000000  
251.526035 -0.008310  -0.021226  -0.011479  0.385093  0.796716  0.465776  -0.889797  0.454450  -0.041679  -0.244878  -0.398396  0.883921  0.007945  0.030096  0.036535  -0.855289  1.008275  0.804464  1.000000  
251.527281 -0.008298  -0.021191  -0.011430  0.384882  0.797720  0.464228  -0.890315  0.453485  -0.041118  -0.243321  -0.397484  0.884761  0.007998  0.029700  0.037012  -0.870981  1.025115  0.811025  1.000000  
251.528531 -0.008287  -0.021158  -0.011381  0.384866  0.798594  0.462738  -0.890781  0.452642  -0.040294  -0.241633  -0.396690  0.885579  0.008140  0.029269  0.037455  -0.878584  1.037979  0.815751  1.000000  
251.529781 -0.008277  -0.021126  -0.011333  0.384703  0.799676  0.461000  -0.891413  0.451486  -0.039291  -0.239555  -0.395826  0.886530  0.008194  0.028815  0.037677  -0.891836  1.070834  0.825002  1.000000  
251.530781 -0.008269  -0.021101  -0.011296  0.384488  0.800560  0.459644  -0.891923  0.450536  -0.038611  -0.237996  -0.395121  0.887264  0.008260  0.028434  0.037772  -0.901321  1.089051  0.839601  1.000000  
251.532033 -0.008260  -0.021071  -0.011249  0.384505  0.801544  0.457912  -0.892468  0.449549  -0.037506  -0.235917  -0.394251  0.888206  0.008492  0.027942  0.037666  -0.911194  1.117115  0.843734  1.000000  
251.533282 -0.008249  -0.021041  -0.011202  0.384336  0.802616  0.456171  -0.893088  0.448399  -0.036492  -0.233836  -0.393376  0.889143  0.008725  0.027501  0.037531  -0.919625  1.137395  0.849071  1.000000  
251.534532 -0.008238  -0.021011  -0.011155  0.384214  0.803768  0.454242  -0.893818  0.447059  -0.035035  -0.231233  -0.392549  0.890189  0.008958  0.027142  0.037490  -0.931354  1.175015  0.864925  1.000000  
251.535533 -0.008228  -0.020986  -0.011117  0.384004  0.804662  0.452836  -0.894344  0.446068  -0.034232  -0.229540  -0.391846  0.890937  0.009095  0.026945  0.037587  -0.938184  1.193226  0.874411  1.000000  
251.536534 -0.008218  -0.020960  -0.011078  0.383989  0.805481  0.451389  -0.894817  0.445195  -0.033223  -0.227717  -0.391153  0.891709  0.009256  0.026679  0.037797  -0.943874  1.216815  0.876450  1.000000  
251.537545 -0.008207  -0.020935  -0.011037  0.383788  0.806445  0.449837  -0.895365  0.444155  -0.032358  -0.225893  -0.390350  0.892524  0.009323  0.026200  0.038124  -0.961201  1.234928  0.890697  1.000000  
251.538793 -0.008193  -0.020904  -0.010986  0.383621  0.807521  0.448045  -0.895993  0.442969  -0.031214  -0.223676  -0.389471  0.893466  0.009379  0.025726  0.038512  -0.968890  1.264638  0.902517  1.000000  
251.540040 -0.008179  -0.020874  -0.010934  0.383462  0.808614  0.446205  -0.896644  0.441738  -0.029955  -0.221328  -0.388601  0.894429  0.009394  0.025305  0.038901  -0.983705  1.296571  0.910889  1.000000  
251.541283 -0.008166  -0.020845  -0.010882  0.383313  0.809724  0.444318  -0.897316  0.440462  -0.028582  -0.218848  -0.387738  0.895413  0.009456  0.024860  0.039151  -0.988312  1.324205  0.926160  1.000000  
251.542531 -0.008154  -0.020818  -0.010833  0.382976  0.810974  0.442325  -0.898062  0.439018  -0.027348  -0.216367  -0.386762  0.896438  0.009462  0.024410  0.039197  -1.001464  1.348125  0.939826  1.000000  
251.543782 -0.008142  -0.020792  -0.010785  0.382809  0.812054  0.440483  -0.898696  0.437796  -0.026074  -0.214015  -0.385879  0.897382  0.009545  0.023933  0.039150  -1.009191  1.372849  0.951726  1.000000  
251.544785 -0.008132  -0.020772  -0.010747  0.382606  0.812964  0.438978  -0.899247  0.436725  -0.025021  -0.212054  -0.385177  0.898149  0.009673  0.023539  0.039037  -1.012557  1.393947  0.959566  1.000000  
251.546031 -0.008121  -0.020748  -0.010702  0.382457  0.814131  0.436942  -0.899924  0.435410  -0.023571  -0.209438  -0.384199  0.899181  0.009785  0.023123  0.038987  -1.020217  1.424090  0.970990  1.000000  
251.547032 -0.008111  -0.020728  -0.010665  0.382446  0.815018  0.435295  -0.900413  0.434461  -0.022363  -0.207345  -0.383392  0.900010  0.009896  0.022838  0.038916  -1.026111  1.452229  0.974398  1.000000  
251.548032 -0.008101  -0.020710  -0.010628  0.382237  0.815971  0.433689  -0.900952  0.433394  -0.021352  -0.205381  -0.382572  0.900809  0.010036  0.022491  0.038940  -1.035386  1.466941  0.986588  1.000000  
251.549281 -0.008087  -0.020685  -0.010579  0.382079  0.817126  0.431650  -0.901612  0.432089  -0.019887  -0.202761  -0.381582  0.901822  0.010183  0.022158  0.039030  -1.042390  1.496673  0.994976  1.000000  
251.550532 -0.008073  -0.020660  -0.010529  0.381918  0.818276  0.429609  -0.902265  0.430788  -0.018416  -0.200140  -0.380588  0.902827  0.010353  0.021705  0.039249  -1.051902  1.516409  1.008976  1.000000  
251.551781 -0.008058  -0.020636  -0.010478  0.381774  0.819460  0.427473  -0.902961  0.429397  -0.016718  -0.197255  -0.379609  0.903873  0.010478  0.021175  0.039367  -1.058777  1.549615  1.021176  1.000000  
251.552782 -0.008045  -0.020616  -0.010436  0.381586  0.820510  0.425624  -0.903553  0.428198  -0.015407  -0.194893  -0.378695  0.904769  0.010630  0.020829  0.039401  -1.071708  1.576404  1.038229  1.000000  
251.553806 -0.008032  -0.020597  -0.010396  0.381385  0.821484  0.423921  -0.904117  0.427051  -0.014152  -0.192662  -0.377877  0.905588  0.010693  0.020378  0.039217  -1.079098  1.609894  1.053361  1.000000  
251.555036 -0.008017  -0.020574  -0.010346  0.381241  0.822726  0.421636  -0.904816  0.425624  -0.012377  -0.189641  -0.376784  0.906681  0.010793  0.019978  0.039238  -1.087097  1.653445  1.069882  1.000000  
251.556036 -0.008006  -0.020556  -0.010306  0.381231  0.823625  0.419887  -0.905312  0.424606  -0.010915  -0.187276  -0.375968  0.907511  0.010844  0.019575  0.039046  -1.094613  1.683326  1.080899  1.000000  
251.557285 -0.007991  -0.020535  -0.010257  0.381061  0.824767  0.417793  -0.905951  0.423281  -0.009301  -0.184515  -0.374956  0.908494  0.011002  0.019151  0.038999  -1.102046  1.721759  1.095026  1.000000  
251.558531 -0.007978  -0.020515  -0.010207  0.380896  0.825925  0.415652  -0.906604  0.421914  -0.007570  -0.181622  -0.373948  0.909492  0.011109  0.018788  0.039182  -1.105466  1.756359  1.107319  1.000000  
251.559532 -0.007968  -0.020499  -0.010166  0.380859  0.826724  0.414094  -0.907039  0.421000  -0.006269  -0.179516  -0.373212  0.910212  0.011142  0.018493  0.039386  -1.104873  1.769848  1.111091  1.000000  
251.560781 -0.007954  -0.020480  -0.010114  0.380707  0.827961  0.411756  -0.907723  0.419548  -0.004354  -0.176356  -0.372103  0.911284  0.011287  0.018193  0.039809  -1.111111  1.805710  1.120934  1.000000  
251.561781 -0.007943  -0.020464  -0.010069  0.380692  0.828811  0.410055  -0.908212  0.418502  -0.002708  -0.173853  -0.371386  0.912057  0.011382  0.017900  0.040375  -1.110394  1.831334  1.129776  1.000000  
251.563031 -0.007929  -0.020444  -0.010015  0.380532  0.829989  0.407816  -0.908879  0.417060  -0.000731  -0.170690  -0.370377  0.913064  0.011453  0.017689  0.040817  -1.113594  1.865606  1.141575  1.000000  
251.564033 -0.007918  -0.020428  -0.009971  0.380520  0.830901  0.405965  -0.909375  0.415976  0.000986  -0.168053  -0.369550  0.913888  0.011447  0.017384  0.041183  -1.116556  1.889178  1.144576  1.000000  
251.565281 -0.007903  -0.020408  -0.009918  0.380539  0.831984  0.403723  -0.909947  0.414714  0.003057  -0.164886  -0.368530  0.914876  0.011561  0.017079  0.041386  -1.118617  1.915882  1.150411  1.000000  
251.566531 -0.007887  -0.020388  -0.009865  0.380366  0.833196  0.401380  -0.910587  0.413287  0.005001  -0.161718  -0.367393  0.915898  0.011581  0.016819  0.041564  -1.126066  1.946559  1.160351  1.000000  
251.567531 -0.007875  -0.020373  -0.009823  0.380336  0.834078  0.399573  -0.911042  0.412261  0.006617  -0.159209  -0.366545  0.916677  0.011531  0.016518  0.041590  -1.124315  1.971435  1.161037  1.000000  
251.568783 -0.007860  -0.020354  -0.009771  0.380163  0.835251  0.397281  -0.911685  0.410797  0.008735  -0.155906  -0.365516  0.917655  0.011534  0.016270  0.041734  -1.127328  2.005533  1.172270  1.000000  
251.570044 -0.007845  -0.020335  -0.009718  0.380174  0.836333  0.394986  -0.912239  0.409512  0.010941  -0.152601  -0.364482  0.918622  0.011444  0.015877  0.041951  -1.128409  2.040306  1.171319  1.000000  
251.571285 -0.007833  -0.020318  -0.009663  0.379993  0.837495  0.392693  -0.912862  0.408059  0.013072  -0.149294  -0.363441  0.919577  0.011311  0.015580  0.042337  -1.127666  2.067001  1.179219  1.000000  
251.572534 -0.007821  -0.020302  -0.009606  0.380009  0.838605  0.390300  -0.913432  0.406695  0.015516  -0.145721  -0.362409  0.920557  0.011177  0.015273  0.042755  -1.129717  2.108717  1.186028  1.000000  
251.573539 -0.007812  -0.020289  -0.009559  0.379789  0.839635  0.388296  -0.913963  0.405431  0.017253  -0.142941  -0.361440  0.921373  0.011054  0.015024  0.043200  -1.136939  2.134519  1.193880  1.000000  
251.574784 -0.007800  -0.020272  -0.009501  0.379420  0.840948  0.385807  -0.914668  0.403734  0.019501  -0.139364  -0.360284  0.922373  0.010950  0.014857  0.043722  -1.144295  2.165634  1.208353  1.000000  
251.575787 -0.007791  -0.020258  -0.009454  0.379387  0.841857  0.383852  -0.915121  0.402605  0.021490  -0.136449  -0.359425  0.923144  0.010874  0.014766  0.043951  -1.143467  2.195677  1.212818  1.000000  
251.577032 -0.007780  -0.020240  -0.009395  0.379217  0.843131  0.381216  -0.915776  0.400961  0.024173  -0.132472  -0.358276  0.924170  0.010746  0.014704  0.044265  -1.146738  2.243472  1.228731  1.000000  
251.578280 -0.007766  -0.020220  -0.009337  0.378844  0.844461  0.378632  -0.916478  0.399194  0.026672  -0.128625  -0.357112  0.925163  0.010703  0.014680  0.044515  -1.151087  2.284408  1.249046  1.000000  
251.579282 -0.007756  -0.020204  -0.009292  0.378629  0.845539  0.376436  -0.917027  0.397777  0.028894  -0.125307  -0.356142  0.925992  0.010592  0.014664  0.044612  -1.150070  2.318916  1.259698  1.000000  
251.580530 -0.007743  -0.020185  -0.009235  0.378251  0.846919  0.373702  -0.917718  0.395983  0.031475  -0.121323  -0.354859  0.927015  0.010423  0.014577  0.044833  -1.162132  2.354363  1.282475  1.000000  
251.581531 -0.007734  -0.020171  -0.009189  0.378020  0.847968  0.371554  -0.918229  0.394622  0.033595  -0.118135  -0.353871  0.927803  0.010117  0.014439  0.045080  -1.166785  2.383949  1.293644  1.000000  
251.582532 -0.007725  -0.020156  -0.009143  0.377790  0.848984  0.369460  -0.918745  0.393217  0.035884  -0.114813  -0.352996  0.928553  0.009921  0.014377  0.045408  -1.161800  2.414638  1.302712  1.000000  
251.583781 -0.007714  -0.020139  -0.009086  0.377600  0.850273  0.366680  -0.919361  0.391482  0.038955  -0.110426  -0.351821  0.929531  0.009685  0.014311  0.045666  -1.164182  2.464562  1.316485  1.000000  
251.584783 -0.007707  -0.020126  -0.009039  0.377371  0.851315  0.364492  -0.919879  0.390002  0.041486  -0.106835  -0.350944  0.930282  0.009364  0.014204  0.046067  -1.163297  2.498753  1.333967  1.000000  
251.586030 -0.007697  -0.020110  -0.008980  0.377178  0.852582  0.361719  -0.920487  0.388190  0.044850  -0.102177  -0.349875  0.931208  0.009171  0.014078  0.046278  -1.158167  2.550708  1.350515  1.000000  
251.587041 -0.007690  -0.020098  -0.008934  0.376931  0.853596  0.359579  -0.920966  0.386764  0.047278  -0.098716  -0.348980  0.931916  0.008993  0.013975  0.046316  -1.158244  2.593590  1.366548  1.000000  
251.588283 -0.007681  -0.020085  -0.008876  0.376903  0.854736  0.356890  -0.921438  0.385230  0.050499  -0.094321  -0.347886  0.932780  0.008918  0.013816  0.046372  -1.158963  2.643078  1.372421  1.000000  
251.589533 -0.007669  -0.020069  -0.008819  0.376686  0.855984  0.354117  -0.921992  0.383442  0.053885  -0.089658  -0.346791  0.933647  0.008886  0.013798  0.046235  -1.154946  2.704499  1.394527  1.000000  
251.590534 -0.007659  -0.020056  -0.008774  0.376621  0.856982  0.351766  -0.922374  0.382131  0.056588  -0.085926  -0.345772  0.934376  0.008947  0.013730  0.046120  -1.158047  2.743866  1.406259  1.000000  
251.591781 -0.007646  -0.020040  -0.008715  0.376579  0.858139  0.348980  -0.922814  0.380536  0.060060  -0.081260  -0.344660  0.935204  0.009059  0.013587  0.046105  -1.159505  2.789456  1.417534  1.000000  
251.592782 -0.007634  -0.020027  -0.008666  0.376497  0.859024  0.346883  -0.923157  0.379267  0.062748  -0.077659  -0.343852  0.935807  0.009148  0.013355  0.046288  -1.155011  2.829381  1.424701  1.000000  
251.594031 -0.007620  -0.020011  -0.008606  0.376451  0.860222  0.343952  -0.923588  0.377560  0.066580  -0.072589  -0.342734  0.936624  0.009205  0.013150  0.046525  -1.152342  2.882650  1.438547  1.000000  
251.595034 -0.007609  -0.019998  -0.008556  0.376558  0.861115  0.341593  -0.923851  0.376362  0.069651  -0.068585  -0.341809  0.937264  0.009318  0.012945  0.046845  -1.151771  2.935818  1.450272  1.000000  
251.596281 -0.007595  -0.019983  -0.008492  0.376491  0.862283  0.338706  -0.924231  0.374716  0.073379  -0.063645  -0.340669  0.938026  0.009425  0.012707  0.047293  -1.145747  2.995106  1.460874  1.000000  
251.597531 -0.007581  -0.019970  -0.008428  0.376603  0.863311  0.335954  -0.924505  0.373290  0.077111  -0.058837  -0.339632  0.938716  0.009579  0.012442  0.047636  -1.138847  3.051976  1.463386  1.000000  
251.598781 -0.007568  -0.019957  -0.008364  0.376702  0.864315  0.333248  -0.924750  0.371915  0.080732  -0.054162  -0.338583  0.939377  0.009772  0.012159  0.048087  -1.131786  3.093630  1.465380  1.000000  
251.599781 -0.007557  -0.019947  -0.008314  0.376779  0.865133  0.331033  -0.924937  0.370779  0.083748  -0.050287  -0.337739  0.939895  0.010005  0.011917  0.048307  -1.126110  3.135018  1.470062  1.000000  
251.601031 -0.007544  -0.019935  -0.008252  0.376678  0.866238  0.328245  -0.925234  0.369159  0.087542  -0.045342  -0.336679  0.940527  0.010308  0.011683  0.048614  -1.121036  3.187222  1.485174  1.000000  
251.602034 -0.007533  -0.019926  -0.008202  0.376743  0.867025  0.326086  -0.925395  0.367984  0.090727  -0.041332  -0.335939  0.940977  0.010478  0.011497  0.048779  -1.110713  3.230977  1.483458  1.000000  
251.603296 -0.007519  -0.019914  -0.008141  0.376814  0.867989  0.323429  -0.925569  0.366589  0.094525  -0.036519  -0.334974  0.941519  0.010822  0.011335  0.048981  -1.096818  3.280522  1.484258  1.000000  
251.604534 -0.007505  -0.019902  -0.008080  0.376874  0.868931  0.320818  -0.925717  0.365243  0.098210  -0.031839  -0.333999  0.942035  0.011014  0.011083  0.049377  -1.085889  3.319024  1.477840  1.000000  
251.605785 -0.007490  -0.019892  -0.008016  0.376736  0.869944  0.318226  -0.925923  0.363727  0.101834  -0.027158  -0.333017  0.942530  0.011167  0.010717  0.049745  -1.072296  3.352702  1.478217  1.000000  
251.607053 -0.007475  -0.019881  -0.007952  0.376781  0.870855  0.315670  -0.926033  0.362344  0.105688  -0.022343  -0.332142  0.942965  0.011188  0.010336  0.050037  -1.049230  3.391377  1.466859  1.000000  
251.608054 -0.007463  -0.019872  -0.007899  0.376812  0.871603  0.313562  -0.926111  0.361147  0.109048  -0.018196  -0.331483  0.943286  0.011220  0.010052  0.050319  -1.035232  3.426920  1.461734  1.000000  
251.609283 -0.007449  -0.019861  -0.007833  0.376650  0.872581  0.311026  -0.926259  0.359598  0.112843  -0.013379  -0.330593  0.943679  0.011208  0.009720  0.050626  -1.014250  3.454580  1.459684  1.000000  
251.610531 -0.007436  -0.019852  -0.007768  0.376480  0.873571  0.308443  -0.926386  0.358016  0.116760  -0.008429  -0.329695  0.944050  0.011168  0.009374  0.050804  -0.995881  3.493302  1.447015  1.000000  
251.611782 -0.007424  -0.019842  -0.007704  0.376300  0.874539  0.305907  -0.926491  0.356482  0.120564  -0.003613  -0.328788  0.944397  0.011018  0.009005  0.050818  -0.978494  3.522885  1.445616  1.000000  
251.612782 -0.007413  -0.019834  -0.007652  0.375921  0.875387  0.303942  -0.926652  0.355030  0.123575  0.000268  -0.328103  0.944642  0.010974  0.008766  0.050868  -0.961613  3.536869  1.446800  1.000000  
251.614031 -0.007402  -0.019826  -0.007588  0.375725  0.876363  0.301360  -0.926716  0.353468  0.127503  0.005218  -0.327182  0.944947  0.010878  0.008524  0.050897  -0.944264  3.557957  1.442199  1.000000  
251.615035 -0.007393  -0.019819  -0.007537  0.375334  0.877151  0.299552  -0.926846  0.352050  0.130447  0.008964  -0.326600  0.945120  0.010807  0.008392  0.051021  -0.927311  3.558712  1.439017  1.000000  
251.616280 -0.007381  -0.019810  -0.007472  0.374933  0.878105  0.297248  -0.926953  0.350426  0.134012  0.013513  -0.325781  0.945349  0.010663  0.008201  0.051169  -0.910717  3.561655  1.435718  1.000000  
