1-Time 2-Px 3-Py 4-Pz 5-R11 6-R21 7-R31 8-R12 9-R22 10-R32 11-R13 12-R23 13-R33 14-Vx 15-Vy 16-Vz 17-Wx 18-Wy 19-Wz 20-state
88.864839 0.009475  -0.012046  -0.000741  0.543562  0.834753  -0.087907  -0.653539  0.486613  0.579736  0.526713  -0.257672  0.810048  0.001110  -0.000694  -0.004006  0.000000  0.000000  0.000000  1.000000  
88.865878 0.009474  -0.012046  -0.000741  0.543562  0.834753  -0.087907  -0.653539  0.486613  0.579736  0.526713  -0.257672  0.810048  -0.001251  0.000035  0.000531  0.000000  0.000000  0.000000  1.000000  
88.867111 0.009472  -0.012042  -0.000740  0.543562  0.834753  -0.087907  -0.653539  0.486613  0.579736  0.526713  -0.257672  0.810048  -0.001451  0.002064  0.000597  0.000000  0.000000  0.000000  1.000000  
88.868113 0.009468  -0.012037  -0.000739  0.543562  0.834753  -0.087907  -0.653539  0.486613  0.579736  0.526713  -0.257672  0.810048  -0.002163  0.003000  0.000798  0.000000  0.000000  0.000000  1.000000  
88.869360 0.009465  -0.012031  -0.000738  0.543427  0.834843  -0.087889  -0.653651  0.486512  0.579695  0.526713  -0.257573  0.810080  -0.002307  0.003437  0.000751  0.000000  0.000000  0.000000  1.000000  
88.870363 0.009464  -0.012029  -0.000737  0.543427  0.834843  -0.087889  -0.653651  0.486512  0.579695  0.526713  -0.257573  0.810080  -0.002162  0.003288  0.000834  0.000000  0.000000  0.000000  1.000000  
88.871391 0.009460  -0.012025  -0.000735  0.543427  0.834832  -0.087990  -0.653651  0.486582  0.579636  0.526713  -0.257475  0.810111  -0.002355  0.003334  0.001081  0.000000  0.000000  0.000000  1.000000  
88.872613 0.009454  -0.012019  -0.000734  0.543427  0.834832  -0.087990  -0.653651  0.486582  0.579636  0.526713  -0.257475  0.810111  -0.002731  0.003612  0.001014  0.000000  0.000000  0.000000  1.000000  
88.873865 0.009448  -0.012011  -0.000734  0.543293  0.834932  -0.087871  -0.653763  0.486410  0.579654  0.526713  -0.257475  0.810111  -0.003121  0.003941  0.000873  0.000000  0.000000  0.000000  1.000000  
88.875114 0.009441  -0.012004  -0.000734  0.543293  0.834932  -0.087871  -0.653763  0.486410  0.579654  0.526713  -0.257475  0.810111  -0.003414  0.004189  0.000767  0.000000  0.000000  0.000000  1.000000  
88.876390 0.009435  -0.011998  -0.000732  0.543293  0.834921  -0.087972  -0.653763  0.486481  0.579595  0.526713  -0.257377  0.810142  -0.003554  0.004282  0.000824  0.000000  0.000000  0.000000  1.000000  
88.877621 0.009429  -0.011990  -0.000730  0.543113  0.835044  -0.087922  -0.653821  0.486282  0.579697  0.526827  -0.257356  0.810075  -0.003675  0.004448  0.000903  0.000000  0.000000  0.000000  1.000000  
88.878871 0.009423  -0.011983  -0.000730  0.543113  0.835044  -0.087922  -0.653821  0.486282  0.579697  0.526827  -0.257356  0.810075  -0.003784  0.004597  0.000852  0.000000  0.000000  0.000000  1.000000  
88.880123 0.009416  -0.011974  -0.000728  0.543158  0.835011  -0.087954  -0.653875  0.486379  0.579554  0.526713  -0.257279  0.810173  -0.004025  0.004971  0.000919  0.000000  0.000000  0.000000  1.000000  
88.881368 0.009409  -0.011963  -0.000728  0.543158  0.835011  -0.087954  -0.653875  0.486379  0.579554  0.526713  -0.257279  0.810173  -0.004380  0.005484  0.000850  0.000000  0.000000  0.000000  1.000000  
88.882615 0.009404  -0.011952  -0.000728  0.543158  0.835000  -0.088055  -0.653875  0.486449  0.579495  0.526713  -0.257180  0.810205  -0.004466  0.005855  0.000795  0.000000  0.000000  0.000000  1.000000  
88.883616 0.009400  -0.011942  -0.000728  0.543203  0.834978  -0.087986  -0.653929  0.486476  0.579412  0.526599  -0.257202  0.810272  -0.004557  0.006159  0.000766  0.000000  0.000000  0.000000  1.000000  
88.884864 0.009394  -0.011931  -0.000728  0.543203  0.834968  -0.088087  -0.653929  0.486546  0.579353  0.526599  -0.257103  0.810303  -0.004723  0.006592  0.000645  0.000000  0.000000  0.000000  1.000000  
88.885864 0.009388  -0.011921  -0.000728  0.543203  0.834968  -0.088087  -0.653929  0.486546  0.579353  0.526599  -0.257103  0.810303  -0.004960  0.007083  0.000520  0.000000  0.000000  0.000000  1.000000  
88.886865 0.009383  -0.011912  -0.000726  0.543203  0.834957  -0.088189  -0.653929  0.486616  0.579294  0.526599  -0.257005  0.810334  -0.005031  0.007402  0.000563  0.000000  0.000000  0.000000  1.000000  
88.887870 0.009377  -0.011902  -0.000726  0.543203  0.834957  -0.088189  -0.653929  0.486616  0.579294  0.526599  -0.257005  0.810334  -0.005120  0.007669  0.000517  0.000000  0.000000  0.000000  1.000000  
88.888873 0.009372  -0.011893  -0.000724  0.543248  0.834935  -0.088119  -0.653983  0.486643  0.579210  0.526486  -0.257026  0.810401  -0.005054  0.007937  0.000648  0.000000  0.000000  0.000000  1.000000  
88.890115 0.009365  -0.011881  -0.000723  0.543248  0.834924  -0.088221  -0.653983  0.486713  0.579151  0.526486  -0.256928  0.810432  -0.005110  0.008276  0.000647  0.000000  0.000000  0.000000  1.000000  
88.891368 0.009358  -0.011869  -0.000720  0.543383  0.834824  -0.088340  -0.653871  0.486885  0.579133  0.526486  -0.256928  0.810432  -0.005118  0.008576  0.000820  0.000000  0.000000  0.000000  1.000000  
88.892369 0.009353  -0.011859  -0.000718  0.543383  0.834824  -0.088340  -0.653871  0.486885  0.579133  0.526486  -0.256928  0.810432  -0.005177  0.008838  0.000844  0.000000  0.000000  0.000000  1.000000  
88.893375 0.009347  -0.011850  -0.000716  0.543383  0.834813  -0.088441  -0.653871  0.486955  0.579074  0.526486  -0.256830  0.810464  -0.005254  0.009110  0.000910  0.000000  0.000000  0.000000  1.000000  
88.894620 0.009339  -0.011837  -0.000717  0.543517  0.834713  -0.088560  -0.653760  0.487127  0.579056  0.526486  -0.256830  0.810464  -0.005273  0.009416  0.000813  0.000000  0.000000  0.000000  1.000000  
88.895871 0.009333  -0.011824  -0.000717  0.543517  0.834713  -0.088560  -0.653760  0.487127  0.579056  0.526486  -0.256830  0.810464  -0.005225  0.009632  0.000797  0.000000  0.000000  0.000000  1.000000  
88.897117 0.009326  -0.011810  -0.000716  0.543652  0.834613  -0.088680  -0.653648  0.487299  0.579038  0.526486  -0.256830  0.810464  -0.005319  0.009734  0.000798  0.000000  0.000000  0.000000  1.000000  
88.898370 0.009319  -0.011797  -0.000716  0.543652  0.834613  -0.088680  -0.653648  0.487299  0.579038  0.526486  -0.256830  0.810464  -0.005477  0.009835  0.000826  0.000000  0.000000  0.000000  1.000000  
88.899612 0.009310  -0.011785  -0.000715  0.543787  0.834512  -0.088799  -0.653536  0.487471  0.579019  0.526486  -0.256830  0.810464  -0.005658  0.009893  0.000882  0.000000  0.000000  0.000000  1.000000  
88.900862 0.009301  -0.011773  -0.000715  0.543966  0.834379  -0.088950  -0.653478  0.487739  0.578859  0.526372  -0.256753  0.810562  -0.005815  0.009865  0.000870  0.000000  0.000000  0.000000  1.000000  
88.901864 0.009294  -0.011764  -0.000714  0.544101  0.834279  -0.089069  -0.653366  0.487911  0.578840  0.526372  -0.256753  0.810562  -0.005913  0.009837  0.000818  0.000000  0.000000  0.000000  1.000000  
88.902864 0.009287  -0.011754  -0.000714  0.544190  0.834200  -0.089258  -0.653200  0.488056  0.578905  0.526486  -0.256731  0.810495  -0.006010  0.009876  0.000793  0.000000  0.000000  0.000000  1.000000  
88.903870 0.009279  -0.011744  -0.000713  0.544190  0.834211  -0.089156  -0.653200  0.487986  0.578964  0.526486  -0.256830  0.810464  -0.006152  0.009895  0.000741  0.000000  0.000000  0.000000  1.000000  
88.905111 0.009270  -0.011733  -0.000712  0.544325  0.834111  -0.089276  -0.653088  0.488158  0.578946  0.526486  -0.256830  0.810464  -0.006332  0.009886  0.000770  0.000000  0.000000  0.000000  1.000000  
88.906112 0.009262  -0.011724  -0.000710  0.544459  0.834010  -0.089395  -0.652976  0.488329  0.578928  0.526486  -0.256830  0.810464  -0.006494  0.009859  0.000746  0.000000  0.000000  0.000000  1.000000  
88.907361 0.009253  -0.011713  -0.000709  0.544728  0.833809  -0.089633  -0.652751  0.488673  0.578891  0.526486  -0.256830  0.810464  -0.006648  0.009758  0.000643  0.000000  0.000000  0.000000  1.000000  
88.908361 0.009247  -0.011703  -0.000708  0.544862  0.833708  -0.089752  -0.652639  0.488844  0.578872  0.526486  -0.256830  0.810464  -0.006665  0.009781  0.000537  0.000000  0.000000  0.000000  1.000000  
88.909380 0.009240  -0.011692  -0.000708  0.544997  0.833608  -0.089872  -0.652527  0.489016  0.578854  0.526486  -0.256830  0.810464  -0.006759  0.009783  0.000601  0.000000  0.000000  0.000000  1.000000  
88.910620 0.009231  -0.011679  -0.000707  0.545265  0.833406  -0.090110  -0.652303  0.489359  0.578817  0.526486  -0.256830  0.810464  -0.006947  0.009781  0.000631  0.000000  0.000000  0.000000  1.000000  
88.911870 0.009222  -0.011667  -0.000706  0.545534  0.833205  -0.090348  -0.652078  0.489702  0.578780  0.526486  -0.256830  0.810464  -0.007081  0.009719  0.000660  0.000000  0.000000  0.000000  1.000000  
88.912887 0.009215  -0.011658  -0.000704  0.545668  0.833104  -0.090467  -0.651966  0.489874  0.578761  0.526486  -0.256830  0.810464  -0.007145  0.009576  0.000795  0.000000  0.000000  0.000000  1.000000  
88.914131 0.009206  -0.011647  -0.000703  0.545936  0.832902  -0.090706  -0.651741  0.490217  0.578724  0.526486  -0.256830  0.810464  -0.007186  0.009482  0.000851  0.000000  0.000000  0.000000  1.000000  
88.915363 0.009196  -0.011636  -0.000703  0.546205  0.832711  -0.090843  -0.651516  0.490489  0.578746  0.526486  -0.256928  0.810432  -0.007245  0.009480  0.000826  0.000000  0.000000  0.000000  1.000000  
88.916612 0.009187  -0.011624  -0.000703  0.546428  0.832531  -0.091151  -0.651237  0.490806  0.578791  0.526599  -0.256907  0.810365  -0.007278  0.009518  0.000772  -0.091548  0.042681  -0.134602  1.000000  
88.917612 0.009180  -0.011614  -0.000702  0.546696  0.832340  -0.091288  -0.651012  0.491078  0.578813  0.526599  -0.257005  0.810334  -0.007228  0.009532  0.000798  -0.093980  0.045867  -0.144617  1.000000  
88.918612 0.009174  -0.011605  -0.000701  0.546830  0.832239  -0.091407  -0.650900  0.491250  0.578795  0.526599  -0.257005  0.810334  -0.007139  0.009435  0.000798  -0.097581  0.051883  -0.148832  1.000000  
88.919861 0.009166  -0.011594  -0.000701  0.547098  0.832048  -0.091545  -0.650674  0.491522  0.578817  0.526599  -0.257103  0.810303  -0.007025  0.009420  0.000730  -0.096732  0.055418  -0.159975  1.000000  
88.920872 0.009160  -0.011585  -0.000700  0.547365  0.831857  -0.091682  -0.650449  0.491795  0.578839  0.526599  -0.257202  0.810272  -0.006967  0.009388  0.000633  -0.100695  0.059417  -0.172431  1.000000  
88.922111 0.009152  -0.011573  -0.000700  0.547767  0.831553  -0.092040  -0.650111  0.492308  0.578782  0.526599  -0.257202  0.810272  -0.006842  0.009494  0.000568  -0.107127  0.062475  -0.182190  1.000000  
88.923365 0.009145  -0.011559  -0.000700  0.547989  0.831383  -0.092247  -0.649831  0.492554  0.578886  0.526713  -0.257279  0.810173  -0.006793  0.009614  0.000575  -0.106302  0.070267  -0.191995  1.000000  
88.924614 0.009137  -0.011545  -0.000697  0.548257  0.831192  -0.092385  -0.649606  0.492826  0.578908  0.526713  -0.257377  0.810142  -0.006689  0.009664  0.000697  -0.105854  0.072031  -0.197519  1.000000  
88.925615 0.009132  -0.011534  -0.000696  0.548524  0.830989  -0.092623  -0.649380  0.493168  0.578870  0.526713  -0.257377  0.810142  -0.006593  0.009693  0.000748  -0.113077  0.075557  -0.208632  1.000000  
88.926624 0.009125  -0.011523  -0.000694  0.548746  0.830819  -0.092830  -0.649100  0.493414  0.578975  0.526827  -0.257454  0.810044  -0.006528  0.009731  0.000840  -0.113572  0.082242  -0.214549  1.000000  
88.927875 0.009118  -0.011509  -0.000691  0.549013  0.830616  -0.093069  -0.648874  0.493756  0.578936  0.526827  -0.257454  0.810044  -0.006519  0.009949  0.000824  -0.120831  0.085780  -0.225708  1.000000  
88.929118 0.009108  -0.011494  -0.000689  0.549414  0.830311  -0.093426  -0.648535  0.494269  0.578879  0.526827  -0.257454  0.810044  -0.006555  0.010190  0.000902  -0.128143  0.089355  -0.236964  1.000000  
88.930119 0.009102  -0.011482  -0.000688  0.549547  0.830220  -0.093445  -0.648422  0.494370  0.578919  0.526827  -0.257552  0.810013  -0.006393  0.010404  0.000993  -0.119989  0.089354  -0.236962  1.000000  
88.931360 0.009093  -0.011468  -0.000685  0.549948  0.829915  -0.093802  -0.648082  0.494882  0.578862  0.526827  -0.257552  0.810013  -0.006403  0.010557  0.001161  -0.126233  0.096418  -0.244834  1.000000  
88.932365 0.009087  -0.011455  -0.000683  0.550215  0.829722  -0.093940  -0.647856  0.495154  0.578883  0.526827  -0.257650  0.809981  -0.006330  0.010740  0.001312  -0.130502  0.096497  -0.259409  1.000000  
88.933611 0.009080  -0.011440  -0.000680  0.550569  0.829439  -0.094368  -0.647462  0.495640  0.578907  0.526941  -0.257629  0.809914  -0.006298  0.011042  0.001446  -0.140723  0.103499  -0.267034  1.000000  
88.934611 0.009073  -0.011426  -0.000677  0.550835  0.829246  -0.094506  -0.647236  0.495911  0.578929  0.526941  -0.257727  0.809883  -0.006349  0.011296  0.001577  -0.140319  0.105299  -0.272636  1.000000  
88.935611 0.009066  -0.011414  -0.000674  0.551056  0.829064  -0.094814  -0.646955  0.496226  0.578972  0.527054  -0.257706  0.809816  -0.006372  0.011519  0.001761  -0.145156  0.112242  -0.279146  1.000000  
88.936874 0.009058  -0.011398  -0.000672  0.551456  0.828769  -0.095071  -0.646615  0.496668  0.578974  0.527054  -0.257804  0.809784  -0.006384  0.011875  0.001947  -0.144645  0.113978  -0.284591  1.000000  
88.938113 0.009050  -0.011381  -0.000669  0.551809  0.828496  -0.095399  -0.646220  0.497083  0.579058  0.527168  -0.257881  0.809686  -0.006416  0.012048  0.002109  -0.146718  0.120880  -0.292108  1.000000  
88.939361 0.009041  -0.011365  -0.000665  0.552208  0.828201  -0.095656  -0.645879  0.497525  0.579059  0.527168  -0.257979  0.809655  -0.006516  0.012202  0.002232  -0.149995  0.124505  -0.303399  1.000000  
88.940361 0.009034  -0.011351  -0.000662  0.552474  0.828007  -0.095794  -0.645652  0.497795  0.579080  0.527168  -0.258077  0.809623  -0.006673  0.012373  0.002287  -0.149502  0.126236  -0.308820  1.000000  
88.941367 0.009026  -0.011337  -0.000660  0.552827  0.827722  -0.096222  -0.645257  0.498280  0.579103  0.527282  -0.258056  0.809556  -0.006718  0.012645  0.002324  -0.153196  0.132299  -0.313130  1.000000  
88.942615 0.009015  -0.011320  -0.000656  0.553358  0.827323  -0.096598  -0.644801  0.498892  0.579084  0.527282  -0.258154  0.809525  -0.006891  0.012807  0.002364  -0.156307  0.135785  -0.324081  1.000000  
88.943615 0.009007  -0.011306  -0.000653  0.553756  0.827015  -0.096956  -0.644460  0.499402  0.579024  0.527282  -0.258154  0.809525  -0.006995  0.012985  0.002443  -0.163616  0.139385  -0.335358  1.000000  
88.944617 0.008999  -0.011292  -0.000650  0.554108  0.826741  -0.097284  -0.644064  0.499817  0.579107  0.527395  -0.258231  0.809426  -0.007052  0.013111  0.002521  -0.168572  0.146584  -0.342200  1.000000  
88.945618 0.008990  -0.011278  -0.000646  0.554506  0.826432  -0.097642  -0.643722  0.500327  0.579047  0.527395  -0.258231  0.809426  -0.007192  0.013280  0.002752  -0.172209  0.144047  -0.349084  1.000000  
88.946868 0.008979  -0.011259  -0.000640  0.554857  0.826157  -0.097970  -0.643326  0.500741  0.579129  0.527509  -0.258307  0.809328  -0.007377  0.013544  0.002940  -0.171799  0.150127  -0.353290  1.000000  
88.948121 0.008968  -0.011241  -0.000634  0.555519  0.825641  -0.098566  -0.642754  0.501591  0.579028  0.527509  -0.258307  0.809328  -0.007647  0.013692  0.003156  -0.186790  0.155475  -0.370039  1.000000  
88.949363 0.008957  -0.011222  -0.000628  0.556002  0.825263  -0.099013  -0.642243  0.502175  0.579089  0.527623  -0.258384  0.809229  -0.007858  0.013849  0.003347  -0.194165  0.163411  -0.379953  1.000000  
88.950611 0.008946  -0.011203  -0.000621  0.556484  0.824871  -0.099561  -0.641732  0.502828  0.579089  0.527736  -0.258363  0.809162  -0.008013  0.014080  0.003589  -0.199828  0.169848  -0.386568  1.000000  
88.951611 0.008936  -0.011188  -0.000616  0.556881  0.824573  -0.099819  -0.641388  0.503267  0.579089  0.527736  -0.258461  0.809131  -0.008228  0.014245  0.003781  -0.203464  0.171679  -0.392138  1.000000  
88.952613 0.008927  -0.011172  -0.000611  0.557230  0.824284  -0.100247  -0.640990  0.503750  0.579109  0.527850  -0.258439  0.809063  -0.008422  0.014357  0.003928  -0.212995  0.179266  -0.399769  1.000000  
88.953900 0.008915  -0.011154  -0.000605  0.557712  0.823904  -0.100695  -0.640478  0.504332  0.579169  0.527964  -0.258516  0.808965  -0.008662  0.014482  0.004119  -0.219989  0.182571  -0.410239  1.000000  
88.955111 0.008901  -0.011135  -0.000598  0.558324  0.823420  -0.101263  -0.639850  0.505084  0.579208  0.528077  -0.258593  0.808866  -0.008963  0.014595  0.004328  -0.223568  0.190719  -0.420659  1.000000  
88.956113 0.008890  -0.011121  -0.000593  0.558673  0.823130  -0.101692  -0.639452  0.505566  0.579227  0.528191  -0.258571  0.808799  -0.009244  0.014638  0.004486  -0.229402  0.197282  -0.427688  1.000000  
88.957364 0.008876  -0.011103  -0.000587  0.559284  0.822645  -0.102259  -0.638824  0.506317  0.579264  0.528305  -0.258648  0.808700  -0.009473  0.014675  0.004675  -0.239863  0.202236  -0.443427  1.000000  
88.958367 0.008864  -0.011088  -0.000582  0.559678  0.822332  -0.102617  -0.638478  0.506825  0.579201  0.528305  -0.258648  0.808700  -0.009658  0.014799  0.004812  -0.243480  0.204004  -0.448975  1.000000  
88.959379 0.008852  -0.011073  -0.000576  0.560289  0.821845  -0.103185  -0.637849  0.507575  0.579238  0.528418  -0.258724  0.808601  -0.009950  0.014836  0.005024  -0.252732  0.213515  -0.462301  1.000000  
88.960621 0.008836  -0.011053  -0.000569  0.560898  0.821358  -0.103753  -0.637218  0.508324  0.579274  0.528532  -0.258801  0.808503  -0.010262  0.014968  0.005162  -0.259699  0.223227  -0.477802  1.000000  
88.961869 0.008822  -0.011034  -0.000561  0.561507  0.820857  -0.104421  -0.636588  0.509144  0.579248  0.528645  -0.258779  0.808435  -0.010526  0.014976  0.005272  -0.270705  0.232877  -0.493242  1.000000  
88.963118 0.008806  -0.011015  -0.000554  0.562115  0.820368  -0.104989  -0.635956  0.509892  0.579284  0.528759  -0.258856  0.808336  -0.010777  0.015054  0.005295  -0.278083  0.236497  -0.504369  1.000000  
88.964362 0.008791  -0.010996  -0.000546  0.562723  0.819879  -0.105558  -0.635324  0.510640  0.579318  0.528872  -0.258932  0.808238  -0.011051  0.015076  0.005455  -0.285457  0.244437  -0.514204  1.000000  
88.965366 0.008779  -0.010980  -0.000540  0.563199  0.819494  -0.106007  -0.634808  0.511219  0.579374  0.528986  -0.259009  0.808139  -0.011310  0.015135  0.005493  -0.288727  0.247998  -0.525275  1.000000  
88.966611 0.008764  -0.010960  -0.000532  0.563758  0.819013  -0.106747  -0.634122  0.512010  0.579426  0.529213  -0.258965  0.808004  -0.011531  0.015188  0.005616  -0.300370  0.260315  -0.533994  1.000000  
88.967861 0.008747  -0.010941  -0.000522  0.564446  0.818439  -0.107507  -0.633319  0.512900  0.579517  0.529440  -0.259020  0.807838  -0.011895  0.015214  0.005878  -0.312411  0.269465  -0.550152  1.000000  
88.968861 0.008734  -0.010925  -0.000514  0.564921  0.818053  -0.107957  -0.632802  0.513477  0.579572  0.529554  -0.259096  0.807739  -0.012080  0.015308  0.006032  -0.316051  0.275524  -0.554240  1.000000  
88.970111 0.008717  -0.010906  -0.000505  0.565654  0.817441  -0.108745  -0.632050  0.514462  0.579518  0.529667  -0.259075  0.807671  -0.012279  0.015346  0.006251  -0.330999  0.285107  -0.569461  1.000000  
88.971115 0.008704  -0.010890  -0.000498  0.566080  0.817076  -0.109267  -0.631479  0.515013  0.579652  0.529894  -0.259129  0.807505  -0.012421  0.015427  0.006384  -0.333489  0.293588  -0.578381  1.000000  
88.972361 0.008687  -0.010870  -0.000488  0.566682  0.816582  -0.109837  -0.630843  0.515757  0.579682  0.530008  -0.259206  0.807406  -0.012590  0.015572  0.006598  -0.337219  0.299749  -0.582593  1.000000  
88.973611 0.008670  -0.010850  -0.000479  0.567414  0.815981  -0.110526  -0.630090  0.516670  0.579689  0.530121  -0.259282  0.807307  -0.012765  0.015654  0.006816  -0.341293  0.306851  -0.592978  1.000000  
88.974612 0.008657  -0.010833  -0.000471  0.567885  0.815592  -0.110977  -0.629570  0.517245  0.579741  0.530234  -0.259358  0.807208  -0.012811  0.015738  0.006947  -0.345025  0.308696  -0.598462  1.000000  
88.975879 0.008640  -0.010812  -0.000462  0.568567  0.815013  -0.111739  -0.628763  0.518130  0.579826  0.530461  -0.259413  0.807041  -0.012964  0.015796  0.006997  -0.351040  0.323259  -0.611484  1.000000  
88.977117 0.008623  -0.010792  -0.000453  0.569296  0.814409  -0.112429  -0.628007  0.519041  0.579831  0.530575  -0.259489  0.806942  -0.013052  0.015958  0.007135  -0.358596  0.327030  -0.622824  1.000000  
88.978122 0.008609  -0.010775  -0.000446  0.569765  0.814018  -0.112880  -0.627486  0.519615  0.579881  0.530688  -0.259565  0.806843  -0.013173  0.016018  0.007211  -0.358203  0.333111  -0.626954  1.000000  
88.979368 0.008592  -0.010754  -0.000437  0.570444  0.813437  -0.113643  -0.626676  0.520499  0.579964  0.530915  -0.259619  0.806677  -0.013301  0.016087  0.007290  -0.365607  0.340970  -0.636533  1.000000  
88.980619 0.008576  -0.010734  -0.000427  0.571298  0.812723  -0.114453  -0.625801  0.521574  0.579942  0.531028  -0.259695  0.806578  -0.013336  0.016121  0.007396  -0.372599  0.346352  -0.653197  1.000000  
88.981619 0.008563  -0.010718  -0.000420  0.571846  0.812246  -0.115097  -0.625108  0.522289  0.580047  0.531255  -0.259750  0.806411  -0.013400  0.016122  0.007422  -0.376390  0.352460  -0.657252  1.000000  
88.982864 0.008545  -0.010698  -0.000410  0.572570  0.811638  -0.115788  -0.624349  0.523196  0.580047  0.531368  -0.259826  0.806312  -0.013488  0.016148  0.007504  -0.379924  0.356237  -0.668667  1.000000  
88.984113 0.008528  -0.010678  -0.000400  0.573373  0.810945  -0.116671  -0.623418  0.524243  0.580102  0.531595  -0.259880  0.806145  -0.013537  0.016201  0.007502  -0.390993  0.370217  -0.682530  1.000000  
88.985361 0.008511  -0.010658  -0.000390  0.574046  0.810372  -0.117338  -0.622605  0.525053  0.580244  0.531822  -0.260032  0.805946  -0.013537  0.016269  0.007528  -0.394387  0.378166  -0.692141  1.000000  
88.986361 0.008498  -0.010641  -0.000382  0.574766  0.809761  -0.118029  -0.621843  0.525958  0.580241  0.531935  -0.260108  0.805847  -0.013471  0.016372  0.007540  -0.397750  0.381777  -0.703230  1.000000  
88.987376 0.008484  -0.010625  -0.000374  0.575358  0.809257  -0.118601  -0.621199  0.526695  0.580262  0.532048  -0.260183  0.805748  -0.013470  0.016330  0.007567  -0.405020  0.385268  -0.713988  1.000000  
88.988611 0.008467  -0.010605  -0.000364  0.576156  0.808559  -0.119486  -0.620265  0.527739  0.580313  0.532275  -0.260237  0.805581  -0.013508  0.016340  0.007660  -0.412703  0.393370  -0.723962  1.000000  
88.989611 0.008454  -0.010588  -0.000355  0.576745  0.808054  -0.120059  -0.619619  0.528475  0.580333  0.532388  -0.260313  0.805481  -0.013525  0.016357  0.007711  -0.409173  0.396403  -0.722504  1.000000  
88.990861 0.008437  -0.010567  -0.000345  0.577413  0.807477  -0.120727  -0.618802  0.529281  0.580470  0.532615  -0.260465  0.805282  -0.013509  0.016407  0.007797  -0.408741  0.402344  -0.726167  1.000000  
88.991863 0.008424  -0.010550  -0.000336  0.578001  0.806970  -0.121300  -0.618155  0.530016  0.580488  0.532728  -0.260540  0.805183  -0.013501  0.016393  0.007947  -0.408460  0.404160  -0.731635  1.000000  
88.992878 0.008410  -0.010534  -0.000328  0.578715  0.806354  -0.121993  -0.617389  0.530917  0.580481  0.532841  -0.260616  0.805084  -0.013490  0.016342  0.008046  -0.415439  0.409188  -0.742826  1.000000  
88.994119 0.008393  -0.010514  -0.000317  0.579634  0.805556  -0.122901  -0.616331  0.532053  0.580565  0.533067  -0.260768  0.804885  -0.013470  0.016355  0.008151  -0.422601  0.419013  -0.758103  1.000000  
88.995120 0.008379  -0.010498  -0.000309  0.580219  0.805062  -0.123377  -0.615682  0.532715  0.580646  0.533181  -0.260941  0.804754  -0.013565  0.016284  0.008206  -0.419395  0.420159  -0.764557  1.000000  
88.996121 0.008365  -0.010482  -0.000300  0.580881  0.804481  -0.124047  -0.614861  0.533518  0.580779  0.533407  -0.261092  0.804554  -0.013612  0.016237  0.008311  -0.421715  0.424546  -0.774457  1.000000  
88.997365 0.008347  -0.010463  -0.000290  0.581844  0.803656  -0.124882  -0.613852  0.534676  0.580782  0.533520  -0.261265  0.804423  -0.013671  0.016192  0.008285  -0.425185  0.428342  -0.785607  1.000000  
88.998368 0.008333  -0.010449  -0.000282  0.582503  0.803073  -0.125553  -0.613029  0.535476  0.580913  0.533747  -0.261416  0.804224  -0.013691  0.016078  0.008283  -0.424575  0.431941  -0.796475  1.000000  
88.999369 0.008319  -0.010434  -0.000274  0.583211  0.802466  -0.126150  -0.612258  0.536302  0.580966  0.533860  -0.261589  0.804093  -0.013713  0.015965  0.008282  -0.427963  0.435652  -0.807451  1.000000  
89.000619 0.008302  -0.010415  -0.000265  0.584119  0.801661  -0.127061  -0.611193  0.537431  0.581043  0.534086  -0.261740  0.803893  -0.013751  0.015872  0.008174  -0.431511  0.443730  -0.817186  1.000000  
89.001630 0.008287  -0.010401  -0.000256  0.584775  0.801091  -0.127636  -0.610368  0.538159  0.581237  0.534312  -0.261988  0.803662  -0.013817  0.015735  0.008303  -0.430658  0.451517  -0.826258  1.000000  
89.002869 0.008269  -0.010382  -0.000245  0.585680  0.800284  -0.128548  -0.609301  0.539286  0.581312  0.534538  -0.262139  0.803463  -0.013900  0.015622  0.008283  -0.438052  0.457212  -0.843076  1.000000  
89.004192 0.008251  -0.010363  -0.000234  0.586584  0.799490  -0.129363  -0.608232  0.540341  0.581451  0.534764  -0.262387  0.803231  -0.013884  0.015465  0.008346  -0.432304  0.464057  -0.850515  1.000000  
89.005369 0.008233  -0.010344  -0.000222  0.587485  0.798695  -0.130180  -0.607162  0.541395  0.581588  0.534991  -0.262634  0.803000  -0.014031  0.015351  0.008496  -0.433190  0.471498  -0.861193  1.000000  
89.006619 0.008216  -0.010325  -0.000211  0.588335  0.797940  -0.130975  -0.606040  0.542352  0.581868  0.535330  -0.262957  0.802668  -0.014106  0.015228  0.008470  -0.428566  0.479381  -0.870268  1.000000  
89.007619 0.008200  -0.010311  -0.000201  0.589108  0.797238  -0.131769  -0.605089  0.543310  0.581964  0.535556  -0.263107  0.802468  -0.014225  0.015151  0.008559  -0.435551  0.491294  -0.886888  1.000000  
89.008869 0.008181  -0.010292  -0.000190  0.590003  0.796440  -0.132588  -0.604015  0.544360  0.582098  0.535782  -0.263354  0.802236  -0.014390  0.014987  0.008635  -0.435023  0.497009  -0.894465  1.000000  
89.010115 0.008162  -0.010275  -0.000179  0.590971  0.795569  -0.133506  -0.602767  0.545477  0.582346  0.536120  -0.263676  0.801904  -0.014521  0.014867  0.008653  -0.434278  0.506914  -0.909421  1.000000  
89.011120 0.008146  -0.010260  -0.000169  0.591862  0.794768  -0.134326  -0.601691  0.546524  0.582477  0.536346  -0.263923  0.801671  -0.014602  0.014820  0.008703  -0.437403  0.516744  -0.924384  1.000000  
89.012133 0.008130  -0.010246  -0.000160  0.592628  0.794078  -0.135027  -0.600735  0.547407  0.582635  0.536572  -0.264170  0.801439  -0.014686  0.014691  0.008865  -0.436913  0.520875  -0.931042  1.000000  
89.013367 0.008111  -0.010228  -0.000149  0.593465  0.793316  -0.135828  -0.599605  0.548355  0.582906  0.536911  -0.264491  0.801106  -0.014804  0.014701  0.008886  -0.432553  0.533511  -0.939463  1.000000  
89.014613 0.008091  -0.010211  -0.000137  0.594350  0.792545  -0.136458  -0.598525  0.549258  0.583167  0.537137  -0.264932  0.800809  -0.014926  0.014629  0.009019  -0.420295  0.535696  -0.944803  1.000000  
89.015861 0.008071  -0.010193  -0.000125  0.595306  0.791668  -0.137381  -0.597270  0.550367  0.583408  0.537475  -0.265253  0.800476  -0.015111  0.014558  0.009178  -0.419924  0.543911  -0.954169  1.000000  
89.017142 0.008052  -0.010176  -0.000113  0.596259  0.790806  -0.138209  -0.596013  0.551403  0.583714  0.537814  -0.265670  0.800110  -0.015208  0.014435  0.009236  -0.414800  0.557923  -0.967176  1.000000  
89.018361 0.008033  -0.010158  -0.000099  0.597209  0.789926  -0.139135  -0.594755  0.552509  0.583952  0.538152  -0.265990  0.799776  -0.015335  0.014395  0.009389  -0.410551  0.566337  -0.976980  1.000000  
89.019361 0.008017  -0.010143  -0.000089  0.597912  0.789272  -0.139821  -0.593742  0.553288  0.584245  0.538490  -0.266310  0.799442  -0.015414  0.014413  0.009465  -0.406029  0.578766  -0.984935  1.000000  
89.020611 0.007997  -0.010125  -0.000077  0.598858  0.788407  -0.140653  -0.592481  0.554320  0.584547  0.538828  -0.266726  0.799075  -0.015546  0.014355  0.009491  -0.405292  0.588849  -0.999707  1.000000  
89.021632 0.007981  -0.010110  -0.000066  0.599608  0.787727  -0.141266  -0.591516  0.555122  0.584764  0.539054  -0.267068  0.798809  -0.015622  0.014331  0.009664  -0.400452  0.596650  -1.008445  1.000000  
89.022862 0.007961  -0.010093  -0.000054  0.600549  0.786877  -0.142005  -0.590252  0.556080  0.585130  0.539392  -0.267581  0.798409  -0.015746  0.014301  0.009699  -0.388709  0.606659  -1.014515  1.000000  
89.023864 0.007943  -0.010078  -0.000043  0.601365  0.786106  -0.142816  -0.589111  0.557016  0.585390  0.539730  -0.267899  0.798074  -0.015848  0.014275  0.009805  -0.388192  0.614533  -1.023196  1.000000  
89.025111 0.007923  -0.010060  -0.000029  0.602422  0.785140  -0.143679  -0.587720  0.558132  0.585725  0.540068  -0.268411  0.797673  -0.015911  0.014340  0.010011  -0.383462  0.629018  -1.036628  1.000000  
89.026120 0.007907  -0.010045  -0.000017  0.603113  0.784499  -0.144276  -0.586700  0.558832  0.586080  0.540405  -0.268825  0.797305  -0.015975  0.014362  0.010122  -0.375308  0.635257  -1.039932  1.000000  
89.027369 0.007885  -0.010026  -0.000002  0.604043  0.783646  -0.145021  -0.585431  0.559783  0.586442  0.540743  -0.269336  0.796903  -0.016105  0.014431  0.010360  -0.362471  0.645142  -1.046460  1.000000  
89.028369 0.007869  -0.010011  0.000009  0.604902  0.782846  -0.145761  -0.584334  0.560738  0.586622  0.540968  -0.269676  0.796636  -0.016145  0.014540  0.010539  -0.362016  0.653453  -1.055801  1.000000  
89.029621 0.007848  -0.009991  0.000026  0.605947  0.781892  -0.146535  -0.582937  0.561776  0.587020  0.541306  -0.270283  0.796201  -0.016245  0.014642  0.010858  -0.353623  0.662082  -1.065013  1.000000  
89.030712 0.007831  -0.009975  0.000038  0.606750  0.781134  -0.147258  -0.581788  0.562631  0.587340  0.541643  -0.270695  0.795831  -0.016185  0.014661  0.010969  -0.344402  0.666390  -1.065130  1.000000  
89.031869 0.007810  -0.009956  0.000054  0.607789  0.780178  -0.148036  -0.580388  0.563664  0.587735  0.541981  -0.271301  0.795395  -0.016450  0.014918  0.011325  -0.340771  0.678868  -1.083026  1.000000  
89.033111 0.007789  -0.009936  0.000070  0.608944  0.779087  -0.149031  -0.578860  0.564927  0.588030  0.542318  -0.271809  0.794991  -0.016536  0.015012  0.011518  -0.340640  0.691430  -1.098304  1.000000  
89.034361 0.007767  -0.009916  0.000087  0.609976  0.778129  -0.149812  -0.577455  0.565955  0.588422  0.542655  -0.272414  0.794554  -0.016678  0.015161  0.011832  -0.328667  0.693819  -1.103046  1.000000  
89.035364 0.007749  -0.009900  0.000100  0.610887  0.777269  -0.150568  -0.576175  0.566893  0.588775  0.542992  -0.272921  0.794150  -0.016790  0.015278  0.012043  -0.323940  0.708271  -1.116136  1.000000  
89.036611 0.007726  -0.009880  0.000117  0.611913  0.776309  -0.151353  -0.574766  0.567917  0.589164  0.543329  -0.273524  0.793711  -0.016991  0.015399  0.012226  -0.319755  0.712648  -1.126398  1.000000  
89.037631 0.007708  -0.009863  0.000131  0.612870  0.775419  -0.152035  -0.573532  0.568875  0.589442  0.543554  -0.274054  0.793375  -0.017107  0.015549  0.012476  -0.314050  0.720484  -1.139895  1.000000  
89.038861 0.007685  -0.009842  0.000149  0.614008  0.774340  -0.152945  -0.571994  0.570054  0.589797  0.543891  -0.274656  0.792936  -0.017266  0.015758  0.012754  -0.306724  0.727193  -1.151124  1.000000  
89.039861 0.007666  -0.009825  0.000163  0.614789  0.773593  -0.153587  -0.570834  0.570824  0.590177  0.544228  -0.275162  0.792529  -0.017439  0.015874  0.012985  -0.295029  0.731939  -1.149003  1.000000  
89.040862 0.007647  -0.009808  0.000178  0.615739  0.772719  -0.154180  -0.569595  0.571706  0.590521  0.544452  -0.275787  0.792158  -0.017615  0.016124  0.013234  -0.286595  0.736182  -1.159153  1.000000  
89.042111 0.007622  -0.009786  0.000197  0.616983  0.771537  -0.155123  -0.567924  0.572965  0.590910  0.544789  -0.276483  0.791683  -0.017837  0.016229  0.013480  -0.282263  0.742931  -1.175406  1.000000  
89.043115 0.007602  -0.009769  0.000212  0.617927  0.770661  -0.155720  -0.566681  0.573841  0.591252  0.545013  -0.277107  0.791311  -0.018060  0.016399  0.013714  -0.276405  0.746961  -1.190634  1.000000  
89.044117 0.007583  -0.009750  0.000228  0.618814  0.769792  -0.156489  -0.565387  0.574763  0.591595  0.545350  -0.277610  0.790902  -0.018228  0.016578  0.013969  -0.276121  0.755377  -1.199117  1.000000  
89.045367 0.007557  -0.009728  0.000249  0.619931  0.768743  -0.157224  -0.563837  0.575784  0.592082  0.545686  -0.278401  0.790392  -0.018545  0.016781  0.014331  -0.263813  0.760027  -1.209287  1.000000  
89.046370 0.007537  -0.009709  0.000266  0.620812  0.767873  -0.157997  -0.562541  0.576701  0.592422  0.546022  -0.278903  0.789983  -0.018744  0.017010  0.014539  -0.267342  0.770467  -1.223434  1.000000  
89.047617 0.007511  -0.009686  0.000286  0.622037  0.766703  -0.158859  -0.560858  0.577874  0.592874  0.546358  -0.279692  0.789471  -0.019095  0.017234  0.014846  -0.258810  0.777048  -1.239096  1.000000  
89.048623 0.007490  -0.009667  0.000304  0.623027  0.765750  -0.159572  -0.559430  0.578801  0.593319  0.546695  -0.280385  0.788993  -0.019329  0.017432  0.015136  -0.250447  0.785741  -1.247546  1.000000  
89.049870 0.007462  -0.009644  0.000326  0.624359  0.764458  -0.160561  -0.557614  0.580126  0.593734  0.547031  -0.281172  0.788479  -0.019728  0.017651  0.015539  -0.253638  0.791996  -1.275579  1.000000  
89.051119 0.007434  -0.009620  0.000348  0.625630  0.763192  -0.161632  -0.555747  0.581421  0.594218  0.547479  -0.281934  0.787896  -0.020109  0.017854  0.015927  -0.251589  0.807480  -1.293681  1.000000  
89.052369 0.007406  -0.009597  0.000371  0.626836  0.762036  -0.162412  -0.554054  0.582509  0.594733  0.547814  -0.282815  0.787347  -0.020509  0.018073  0.016291  -0.244860  0.809654  -1.304706  1.000000  
89.053370 0.007383  -0.009577  0.000389  0.627810  0.761079  -0.163135  -0.552617  0.583424  0.595173  0.548150  -0.283504  0.786865  -0.020775  0.018226  0.016532  -0.240352  0.820467  -1.318789  1.000000  
89.054619 0.007353  -0.009552  0.000413  0.629066  0.759829  -0.164122  -0.550741  0.584637  0.595721  0.548598  -0.284359  0.786245  -0.021209  0.018486  0.016925  -0.236071  0.831611  -1.332578  1.000000  
89.055870 0.007323  -0.009527  0.000436  0.630372  0.758548  -0.165034  -0.548911  0.585871  0.596198  0.548933  -0.285237  0.785692  -0.021559  0.018725  0.017234  -0.237085  0.837695  -1.353810  1.000000  
89.057120 0.007293  -0.009502  0.000461  0.631616  0.757315  -0.165937  -0.547030  0.587003  0.596813  0.549381  -0.286185  0.785035  -0.021996  0.018922  0.017601  -0.231055  0.849528  -1.374119  1.000000  
89.058123 0.007268  -0.009482  0.000479  0.632687  0.756233  -0.166793  -0.545454  0.588062  0.597212  0.549716  -0.286871  0.784549  -0.022393  0.019130  0.017853  -0.226578  0.860340  -1.387952  1.000000  
89.059373 0.007237  -0.009456  0.000504  0.634033  0.754876  -0.167825  -0.543437  0.589343  0.597789  0.550163  -0.287816  0.783890  -0.022754  0.019326  0.018133  -0.226144  0.873706  -1.407007  1.000000  
89.060618 0.007206  -0.009430  0.000528  0.635317  0.753609  -0.168658  -0.541595  0.590488  0.598330  0.550498  -0.288785  0.783298  -0.023129  0.019593  0.018344  -0.220089  0.880020  -1.425650  1.000000  
89.061870 0.007174  -0.009404  0.000554  0.636650  0.752270  -0.169607  -0.539571  0.591686  0.598975  0.550945  -0.289822  0.782600  -0.023501  0.019787  0.018681  -0.209624  0.888213  -1.437119  1.000000  
89.063120 0.007142  -0.009377  0.000580  0.637977  0.750929  -0.170560  -0.537543  0.592880  0.599617  0.551391  -0.290858  0.781901  -0.023873  0.019939  0.019020  -0.205067  0.901312  -1.455271  1.000000  
89.064127 0.007116  -0.009357  0.000601  0.639133  0.749739  -0.171463  -0.535823  0.594004  0.600044  0.551726  -0.291634  0.781375  -0.024224  0.020090  0.019273  -0.204443  0.914322  -1.474232  1.000000  
89.065371 0.007083  -0.009330  0.000628  0.640448  0.748396  -0.172424  -0.533790  0.595189  0.600682  0.552173  -0.292668  0.780674  -0.024603  0.020291  0.019615  -0.196252  0.926030  -1.487652  1.000000  
89.066619 0.007051  -0.009303  0.000655  0.641866  0.746949  -0.173422  -0.531621  0.596449  0.601354  0.552619  -0.293794  0.779934  -0.024830  0.020533  0.019873  -0.191715  0.937596  -1.513428  1.000000  
89.067869 0.007018  -0.009276  0.000683  0.643167  0.745603  -0.174392  -0.529581  0.597624  0.601988  0.553065  -0.294824  0.779229  -0.025108  0.020694  0.020237  -0.187615  0.949370  -1.526559  1.000000  
89.069119 0.006985  -0.009249  0.000710  0.644461  0.744298  -0.175185  -0.527537  0.598648  0.602764  0.553510  -0.296042  0.778451  -0.025454  0.020942  0.020522  -0.171196  0.965563  -1.538205  1.000000  
89.070369 0.006952  -0.009222  0.000737  0.645749  0.742971  -0.176073  -0.525491  0.599740  0.603466  0.553956  -0.297163  0.777706  -0.025577  0.021062  0.020748  -0.163171  0.973236  -1.552660  1.000000  
89.071619 0.006919  -0.009194  0.000766  0.647246  0.741417  -0.177125  -0.523174  0.601059  0.604166  0.554402  -0.298377  0.776923  -0.025736  0.021201  0.021021  -0.158453  0.993491  -1.574909  1.000000  
89.072622 0.006893  -0.009172  0.000788  0.648363  0.740261  -0.177872  -0.521434  0.602007  0.604726  0.554736  -0.299333  0.776317  -0.025882  0.021320  0.021230  -0.150542  0.999341  -1.584713  1.000000  
89.073869 0.006859  -0.009145  0.000816  0.649845  0.738704  -0.178934  -0.519110  0.603315  0.605421  0.555181  -0.300544  0.775531  -0.026026  0.021444  0.021446  -0.144126  1.015020  -1.604433  1.000000  
89.074869 0.006833  -0.009123  0.000838  0.650951  0.737546  -0.179688  -0.517365  0.604255  0.605978  0.555515  -0.301498  0.774921  -0.026123  0.021476  0.021683  -0.140048  1.022611  -1.619055  1.000000  
89.075883 0.006806  -0.009101  0.000861  0.652158  0.736263  -0.180571  -0.515482  0.605343  0.606496  0.555848  -0.302450  0.774310  -0.026178  0.021572  0.021850  -0.141375  1.036419  -1.640797  1.000000  
89.077120 0.006772  -0.009075  0.000889  0.653513  0.734827  -0.181522  -0.513282  0.606484  0.607222  0.556293  -0.303656  0.773519  -0.026390  0.021590  0.022049  -0.131781  1.044353  -1.651359  1.000000  
89.078123 0.006746  -0.009053  0.000912  0.654872  0.733406  -0.182367  -0.511305  0.607665  0.607709  0.556515  -0.304727  0.772937  -0.026429  0.021635  0.022190  -0.131013  1.056152  -1.676618  1.000000  
89.079156 0.006719  -0.009032  0.000936  0.655957  0.732244  -0.183136  -0.509548  0.608589  0.608260  0.556849  -0.305676  0.772322  -0.026541  0.021727  0.022431  -0.120912  1.059360  -1.683013  1.000000  
89.080364 0.006686  -0.009005  0.000964  0.657455  0.730669  -0.184055  -0.507248  0.609816  0.608953  0.557182  -0.306998  0.771557  -0.026507  0.021690  0.022447  -0.111245  1.066027  -1.701342  1.000000  
89.081364 0.006659  -0.008983  0.000988  0.658425  0.729653  -0.184617  -0.505622  0.610507  0.609612  0.557516  -0.308037  0.770902  -0.026556  0.021677  0.022565  -0.099523  1.074068  -1.703314  1.000000  
89.082620 0.006625  -0.008957  0.001018  0.659908  0.728075  -0.185546  -0.503315  0.611723  0.610303  0.557849  -0.309356  0.770132  -0.026654  0.021673  0.022718  -0.093009  1.079141  -1.723523  1.000000  
