1-Time 2-Px 3-Py 4-Pz 5-R11 6-R21 7-R31 8-R12 9-R22 10-R32 11-R13 12-R23 13-R33 14-Vx 15-Vy 16-Vz 17-Wx 18-Wy 19-Wz 20-state
241.193942 -0.014557  -0.025210  -0.002932  0.543317  0.817592  0.190655  -0.832002  0.554717  -0.007821  -0.112154  -0.154376  0.981626  0.000488  -0.000488  0.000219  0.000000  0.000000  0.000000  1.000000  
241.195074 -0.014557  -0.025210  -0.002933  0.543317  0.817592  0.190655  -0.832002  0.554717  -0.007821  -0.112154  -0.154376  0.981626  -0.000496  0.000825  -0.001085  0.000000  0.000000  0.000000  1.000000  
241.196194 -0.014548  -0.025198  -0.002934  0.543317  0.817592  0.190655  -0.832002  0.554717  -0.007821  -0.112154  -0.154376  0.981626  0.004896  0.006442  -0.001139  0.000000  0.000000  0.000000  1.000000  
241.197318 -0.014529  -0.025177  -0.002937  0.543317  0.817592  0.190655  -0.832002  0.554717  -0.007821  -0.112154  -0.154376  0.981626  0.009542  0.011312  -0.001598  0.000000  0.000000  0.000000  1.000000  
241.198318 -0.014517  -0.025161  -0.002940  0.543317  0.817615  0.190556  -0.832002  0.554716  -0.007889  -0.112154  -0.154257  0.981645  0.010014  0.012346  -0.001984  0.000000  0.000000  0.000000  1.000000  
241.199327 -0.014511  -0.025151  -0.002939  0.543317  0.817639  0.190457  -0.832002  0.554715  -0.007956  -0.112154  -0.154138  0.981663  0.009272  0.011948  -0.001335  0.000000  0.000000  0.000000  1.000000  
241.200573 -0.014500  -0.025138  -0.002935  0.543309  0.817650  0.190429  -0.831990  0.554731  -0.008133  -0.112287  -0.154016  0.981667  0.009090  0.011578  -0.000482  0.000000  0.000000  0.000000  1.000000  
241.201576 -0.014489  -0.025126  -0.002932  0.543309  0.817650  0.190429  -0.831990  0.554731  -0.008133  -0.112287  -0.154016  0.981667  0.009406  0.011694  0.000027  0.000000  0.000000  0.000000  1.000000  
241.202576 -0.014478  -0.025111  -0.002930  0.543309  0.817673  0.190330  -0.831990  0.554730  -0.008201  -0.112287  -0.153897  0.981686  0.009580  0.012036  0.000266  0.000000  0.000000  0.000000  1.000000  
241.203822 -0.014469  -0.025093  -0.002932  0.543138  0.817788  0.190329  -0.832102  0.554562  -0.008240  -0.112287  -0.153897  0.981686  0.009318  0.012365  -0.000013  0.000000  0.000000  0.000000  1.000000  
241.205069 -0.014462  -0.025078  -0.002935  0.543138  0.817788  0.190329  -0.832102  0.554562  -0.008240  -0.112287  -0.153897  0.981686  0.008822  0.012391  -0.000275  0.000000  0.000000  0.000000  1.000000  
241.206317 -0.014453  -0.025060  -0.002936  0.543309  0.817673  0.190330  -0.831990  0.554730  -0.008201  -0.112287  -0.153897  0.981686  0.008702  0.012582  -0.000309  0.000000  0.000000  0.000000  1.000000  
241.207318 -0.014443  -0.025043  -0.002936  0.543309  0.817673  0.190330  -0.831990  0.554730  -0.008201  -0.112287  -0.153897  0.981686  0.008797  0.012936  -0.000284  0.000000  0.000000  0.000000  1.000000  
241.208320 -0.014431  -0.025023  -0.002936  0.543138  0.817788  0.190329  -0.832102  0.554562  -0.008240  -0.112287  -0.153897  0.981686  0.009024  0.013448  -0.000305  0.000000  0.000000  0.000000  1.000000  
241.209568 -0.014411  -0.024992  -0.002938  0.542966  0.817879  0.190426  -0.832213  0.554395  -0.008212  -0.112287  -0.154016  0.981667  0.009793  0.014563  -0.000381  0.000000  0.000000  0.000000  1.000000  
241.210568 -0.014391  -0.024963  -0.002940  0.542958  0.817867  0.190498  -0.832201  0.554412  -0.008322  -0.112420  -0.154014  0.981652  0.010852  0.016154  -0.000443  0.000000  0.000000  0.000000  1.000000  
241.211568 -0.014371  -0.024932  -0.002940  0.542958  0.817867  0.190498  -0.832201  0.554412  -0.008322  -0.112420  -0.154014  0.981652  0.011313  0.017238  -0.000399  0.000000  0.000000  0.000000  1.000000  
241.212569 -0.014351  -0.024901  -0.002941  0.542958  0.817844  0.190597  -0.832201  0.554413  -0.008254  -0.112420  -0.154133  0.981634  0.011623  0.018113  -0.000186  0.000000  0.000000  0.000000  1.000000  
241.213818 -0.014331  -0.024865  -0.002939  0.542966  0.817879  0.190426  -0.832213  0.554395  -0.008212  -0.112287  -0.154016  0.981667  0.012171  0.019397  0.000079  0.000000  0.000000  0.000000  1.000000  
241.214823 -0.014318  -0.024838  -0.002935  0.542795  0.817993  0.190424  -0.832325  0.554226  -0.008251  -0.112287  -0.154016  0.981667  0.012612  0.020532  0.000199  0.000000  0.000000  0.000000  1.000000  
241.215845 -0.014305  -0.024812  -0.002932  0.542795  0.818016  0.190325  -0.832325  0.554225  -0.008318  -0.112287  -0.153897  0.981686  0.012860  0.021727  0.000067  0.000000  0.000000  0.000000  1.000000  
241.217070 -0.014289  -0.024776  -0.002929  0.542795  0.818016  0.190325  -0.832325  0.554225  -0.008318  -0.112287  -0.153897  0.981686  0.012918  0.022816  0.000033  0.000000  0.000000  0.000000  1.000000  
241.218075 -0.014278  -0.024749  -0.002928  0.542795  0.818039  0.190226  -0.832325  0.554224  -0.008385  -0.112287  -0.153778  0.981705  0.013033  0.023632  0.000131  0.000000  0.000000  0.000000  1.000000  
241.219076 -0.014270  -0.024725  -0.002928  0.542632  0.818164  0.190152  -0.832450  0.554039  -0.008315  -0.112154  -0.153781  0.981719  0.013276  0.024577  0.000379  0.000000  0.000000  0.000000  1.000000  
241.220320 -0.014263  -0.024694  -0.002926  0.542632  0.818187  0.190053  -0.832450  0.554038  -0.008382  -0.112154  -0.153662  0.981738  0.013341  0.025568  0.000609  0.000000  0.000000  0.000000  1.000000  
241.221571 -0.014252  -0.024660  -0.002924  0.542640  0.818199  0.189981  -0.832462  0.554020  -0.008272  -0.112021  -0.153664  0.981753  0.013300  0.026541  0.000793  0.000000  0.000000  0.000000  1.000000  
241.222818 -0.014233  -0.024621  -0.002921  0.542640  0.818199  0.189981  -0.832462  0.554020  -0.008272  -0.112021  -0.153664  0.981753  0.013600  0.027505  0.000913  0.000000  0.000000  0.000000  1.000000  
241.223818 -0.014218  -0.024588  -0.002920  0.542640  0.818199  0.189981  -0.832462  0.554020  -0.008272  -0.112021  -0.153664  0.981753  0.013688  0.028200  0.001121  0.000000  0.000000  0.000000  1.000000  
241.224818 -0.014204  -0.024555  -0.002918  0.542640  0.818199  0.189981  -0.832462  0.554020  -0.008272  -0.112021  -0.153664  0.981753  0.013404  0.028668  0.001410  0.000000  0.000000  0.000000  1.000000  
241.225820 -0.014192  -0.024524  -0.002916  0.542640  0.818199  0.189981  -0.832462  0.554020  -0.008272  -0.112021  -0.153664  0.981753  0.012931  0.028747  0.001619  0.000000  0.000000  0.000000  1.000000  
241.227068 -0.014178  -0.024487  -0.002911  0.542811  0.818061  0.190082  -0.832350  0.554190  -0.008165  -0.112021  -0.153783  0.981734  0.012196  0.028672  0.001979  0.000000  0.000000  0.000000  1.000000  
241.228071 -0.014166  -0.024457  -0.002908  0.542811  0.818061  0.190082  -0.832350  0.554190  -0.008165  -0.112021  -0.153783  0.981734  0.011646  0.028560  0.002104  0.000000  0.000000  0.000000  1.000000  
241.229085 -0.014156  -0.024430  -0.002905  0.542991  0.817959  0.190012  -0.832251  0.554341  -0.008016  -0.111889  -0.153785  0.981749  0.011417  0.028591  0.002120  0.000000  0.000000  0.000000  1.000000  
241.230319 -0.014146  -0.024399  -0.002904  0.543162  0.817868  0.189915  -0.832139  0.554508  -0.008044  -0.111889  -0.153666  0.981768  0.011029  0.028387  0.001933  0.000000  0.000000  0.000000  1.000000  
241.231319 -0.014140  -0.024375  -0.002904  0.543342  0.817765  0.189845  -0.832040  0.554659  -0.007895  -0.111756  -0.153668  0.981782  0.010546  0.028167  0.001815  0.000000  0.000000  0.000000  1.000000  
241.232320 -0.014135  -0.024352  -0.002903  0.543513  0.817650  0.189846  -0.831928  0.554828  -0.007856  -0.111756  -0.153668  0.981782  0.010070  0.027832  0.001725  0.000000  0.000000  0.000000  1.000000  
241.233570 -0.014129  -0.024322  -0.002901  0.543692  0.817570  0.189677  -0.831829  0.554978  -0.007774  -0.111623  -0.153552  0.981816  0.009652  0.027646  0.001757  0.000000  0.000000  0.000000  1.000000  
241.234820 -0.014121  -0.024292  -0.002898  0.543872  0.817490  0.189507  -0.831729  0.555128  -0.007693  -0.111490  -0.153435  0.981849  0.009655  0.027624  0.001861  0.000000  0.000000  0.000000  1.000000  
241.235821 -0.014114  -0.024268  -0.002893  0.544051  0.817410  0.189338  -0.831630  0.555278  -0.007611  -0.111357  -0.153318  0.981883  0.009787  0.027553  0.002096  0.000000  0.000000  0.000000  1.000000  
241.236821 -0.014103  -0.024242  -0.002888  0.544394  0.817205  0.189242  -0.831406  0.555614  -0.007601  -0.111357  -0.153199  0.981901  0.009640  0.027355  0.002297  0.000000  0.000000  0.000000  1.000000  
241.237821 -0.014091  -0.024213  -0.002883  0.544744  0.816987  0.189173  -0.831194  0.555933  -0.007413  -0.111224  -0.153201  0.981916  0.009393  0.027098  0.002555  0.000000  0.000000  0.000000  1.000000  
241.239069 -0.014075  -0.024175  -0.002877  0.545094  0.816792  0.189005  -0.830982  0.556252  -0.007293  -0.111091  -0.153084  0.981949  0.009203  0.026873  0.002838  0.000000  0.000000  0.000000  1.000000  
241.240073 -0.014065  -0.024146  -0.002871  0.545445  0.816597  0.188837  -0.830770  0.556570  -0.007172  -0.110958  -0.152968  0.981982  0.008985  0.026668  0.003067  0.000000  0.000000  0.000000  1.000000  
241.241317 -0.014054  -0.024114  -0.002865  0.545795  0.816402  0.188668  -0.830558  0.556888  -0.007052  -0.110825  -0.152851  0.982016  0.008799  0.026345  0.003198  0.000000  0.000000  0.000000  1.000000  
241.242317 -0.014047  -0.024091  -0.002861  0.546145  0.816184  0.188599  -0.830345  0.557207  -0.006865  -0.110692  -0.152853  0.982030  0.008447  0.025761  0.003367  0.000000  0.000000  0.000000  1.000000  
241.243567 -0.014039  -0.024064  -0.002856  0.546674  0.815885  0.188360  -0.830032  0.557676  -0.006597  -0.110426  -0.152739  0.982078  0.008089  0.025248  0.003353  0.000000  0.000000  0.000000  1.000000  
241.244567 -0.014034  -0.024042  -0.002855  0.547024  0.815667  0.188290  -0.829820  0.557995  -0.006409  -0.110293  -0.152741  0.982093  0.007804  0.024969  0.003407  0.000000  0.000000  0.000000  1.000000  
241.245819 -0.014031  -0.024016  -0.002852  0.547560  0.815378  0.187978  -0.829519  0.558447  -0.006032  -0.109894  -0.152628  0.982155  0.007473  0.024721  0.003459  -0.023913  0.107809  -0.169700  1.000000  
241.247066 -0.014028  -0.023990  -0.002849  0.547918  0.815194  0.187737  -0.829317  0.558748  -0.005803  -0.109628  -0.152514  0.982202  0.007219  0.024540  0.003665  -0.026440  0.118635  -0.181685  1.000000  
241.248073 -0.014024  -0.023968  -0.002845  0.548105  0.815124  0.187494  -0.829229  0.558881  -0.005613  -0.109362  -0.152399  0.982250  0.007182  0.024424  0.003826  -0.025705  0.128472  -0.187058  1.000000  
241.249075 -0.014018  -0.023945  -0.002839  0.548462  0.814916  0.187351  -0.829028  0.559182  -0.005316  -0.109096  -0.152404  0.982279  0.007248  0.024386  0.004061  -0.023467  0.136027  -0.206587  1.000000  
241.250075 -0.014010  -0.023921  -0.002834  0.548649  0.814846  0.187109  -0.828939  0.559315  -0.005126  -0.108830  -0.152289  0.982326  0.007327  0.024408  0.004159  -0.022925  0.147061  -0.213709  1.000000  
241.251322 -0.014001  -0.023886  -0.002827  0.549015  0.814672  0.186794  -0.828750  0.559599  -0.004789  -0.108431  -0.152177  0.982387  0.007115  0.024552  0.004222  -0.025543  0.158076  -0.225967  1.000000  
241.252325 -0.013993  -0.023857  -0.002821  0.549209  0.814591  0.186577  -0.828673  0.559716  -0.004421  -0.108032  -0.152183  0.982430  0.006837  0.024607  0.004234  -0.024688  0.171468  -0.229356  1.000000  
241.253569 -0.013983  -0.023820  -0.002814  0.549412  0.814543  0.186189  -0.828608  0.559815  -0.004013  -0.107500  -0.152073  0.982506  0.006437  0.024548  0.004315  -0.028216  0.191282  -0.234734  1.000000  
241.254571 -0.013977  -0.023793  -0.002809  0.549606  0.814484  0.185873  -0.828530  0.559932  -0.003714  -0.107101  -0.151960  0.982567  0.006139  0.024407  0.004362  -0.031586  0.205646  -0.239460  1.000000  
241.255819 -0.013970  -0.023761  -0.002801  0.549816  0.814448  0.185411  -0.828477  0.560014  -0.003196  -0.106436  -0.151852  0.982656  0.005829  0.024375  0.004383  -0.034710  0.227033  -0.240835  1.000000  
241.257068 -0.013967  -0.023730  -0.002794  0.550026  0.814411  0.184949  -0.828423  0.560097  -0.002678  -0.105770  -0.151744  0.982744  0.005460  0.024487  0.004533  -0.043243  0.251131  -0.239382  1.000000  
241.258069 -0.013964  -0.023705  -0.002788  0.550228  0.814341  0.184659  -0.828356  0.560197  -0.002201  -0.105238  -0.151752  0.982800  0.005178  0.024708  0.004700  -0.042217  0.267759  -0.241434  1.000000  
241.259319 -0.013962  -0.023673  -0.002779  0.550429  0.814293  0.184270  -0.828290  0.560297  -0.001793  -0.104706  -0.151642  0.982874  0.004884  0.024999  0.005102  -0.042312  0.280965  -0.239433  1.000000  
241.260569 -0.013960  -0.023641  -0.002770  0.550476  0.814360  0.183833  -0.828360  0.560195  -0.001136  -0.103907  -0.151654  0.982957  0.004827  0.025417  0.005592  -0.043546  0.304491  -0.231204  1.000000  
241.261822 -0.013956  -0.023608  -0.002761  0.550692  0.814334  0.183297  -0.828316  0.560262  -0.000509  -0.103109  -0.151548  0.983057  0.004873  0.025841  0.005968  -0.047335  0.328384  -0.225197  1.000000  
241.263075 -0.013949  -0.023574  -0.002751  0.550908  0.814286  0.182860  -0.828271  0.560328  0.000186  -0.102310  -0.151560  0.983139  0.004986  0.026343  0.006233  -0.044513  0.352205  -0.216815  1.000000  
241.264081 -0.013941  -0.023543  -0.002743  0.551109  0.814216  0.182569  -0.828203  0.560428  0.000662  -0.101778  -0.151569  0.983193  0.005116  0.026843  0.006448  -0.040524  0.365507  -0.214767  1.000000  
241.265324 -0.013929  -0.023502  -0.002735  0.551325  0.814168  0.182131  -0.828157  0.560494  0.001356  -0.100979  -0.151581  0.983273  0.005294  0.027494  0.006509  -0.036576  0.387737  -0.211369  1.000000  
241.266343 -0.013919  -0.023469  -0.002729  0.551525  0.814097  0.181839  -0.828088  0.560594  0.001832  -0.100447  -0.151589  0.983327  0.005383  0.027739  0.006476  -0.033285  0.404222  -0.201733  1.000000  
241.267576 -0.013909  -0.023429  -0.002721  0.551910  0.813934  0.181401  -0.827928  0.560828  0.002563  -0.099648  -0.151601  0.983406  0.005452  0.027994  0.006636  -0.033426  0.426660  -0.198409  1.000000  
241.268824 -0.013898  -0.023392  -0.002712  0.552288  0.813759  0.181034  -0.827756  0.561079  0.003185  -0.098982  -0.151612  0.983472  0.005512  0.028100  0.006701  -0.029454  0.444418  -0.195688  1.000000  
241.270070 -0.013888  -0.023355  -0.002701  0.552680  0.813607  0.180522  -0.827605  0.561296  0.004026  -0.098050  -0.151626  0.983563  0.005734  0.028389  0.006943  -0.025312  0.467287  -0.190060  1.000000  
241.271070 -0.013881  -0.023325  -0.002694  0.553065  0.813444  0.180081  -0.827443  0.561530  0.004757  -0.097251  -0.151638  0.983640  0.005922  0.028734  0.007027  -0.021565  0.493322  -0.188215  1.000000  
241.272076 -0.013875  -0.023296  -0.002686  0.553441  0.813269  0.179713  -0.827269  0.561780  0.005378  -0.096586  -0.151647  0.983704  0.006180  0.029026  0.007181  -0.021665  0.510991  -0.185433  1.000000  
241.273318 -0.013867  -0.023259  -0.002677  0.554002  0.813001  0.179197  -0.827002  0.562164  0.006254  -0.095653  -0.151661  0.983793  0.006476  0.029362  0.007278  -0.017751  0.533340  -0.182088  1.000000  
241.274318 -0.013860  -0.023230  -0.002667  0.554378  0.812826  0.178828  -0.826827  0.562415  0.006875  -0.094987  -0.151671  0.983856  0.006795  0.029568  0.007483  -0.017856  0.551119  -0.179347  1.000000  
241.275569 -0.013850  -0.023193  -0.002655  0.555108  0.812441  0.178308  -0.826443  0.562966  0.007787  -0.094055  -0.151684  0.983944  0.007351  0.029911  0.007621  -0.013249  0.569970  -0.183459  1.000000  
241.276569 -0.013840  -0.023161  -0.002646  0.555667  0.812173  0.177789  -0.826173  0.563350  0.008662  -0.093123  -0.151698  0.984030  0.007890  0.030375  0.007807  -0.007930  0.594251  -0.193666  1.000000  
241.277819 -0.013825  -0.023118  -0.002635  0.556226  0.811904  0.177269  -0.825902  0.563733  0.009536  -0.092190  -0.151711  0.984116  0.008381  0.030869  0.007893  -0.003326  0.617642  -0.197127  1.000000  
241.278857 -0.013814  -0.023082  -0.002626  0.556954  0.811519  0.176746  -0.825515  0.564284  0.010446  -0.091257  -0.151724  0.984201  0.008609  0.031193  0.007905  -0.002111  0.641172  -0.207059  1.000000  
241.280076 -0.013799  -0.023038  -0.002615  0.557858  0.811029  0.176145  -0.825021  0.564985  0.011501  -0.090191  -0.151739  0.984297  0.008830  0.031469  0.008136  0.004516  0.672650  -0.230411  1.000000  
241.281319 -0.013786  -0.022996  -0.002604  0.558591  0.810654  0.175544  -0.824641  0.565518  0.012518  -0.089125  -0.151753  0.984392  0.008850  0.031581  0.008375  0.009637  0.691321  -0.238704  1.000000  
241.282321 -0.013778  -0.022963  -0.002595  0.559310  0.810257  0.175090  -0.824240  0.566084  0.013317  -0.088326  -0.151764  0.984462  0.008835  0.031590  0.008541  0.011454  0.707686  -0.256934  1.000000  
241.283322 -0.013772  -0.022932  -0.002585  0.560204  0.809754  0.174558  -0.823732  0.566801  0.014259  -0.087393  -0.151777  0.984544  0.008720  0.031650  0.008726  0.018053  0.731011  -0.284273  1.000000  
241.284325 -0.013766  -0.022901  -0.002575  0.560928  0.809388  0.173928  -0.823337  0.567352  0.015097  -0.086460  -0.151670  0.984643  0.008550  0.031755  0.008874  0.019798  0.751868  -0.302047  1.000000  
241.285573 -0.013759  -0.022862  -0.002564  0.562003  0.808789  0.173241  -0.822729  0.568200  0.016290  -0.085260  -0.151686  0.984745  0.008384  0.031900  0.008958  0.026804  0.774884  -0.333423  1.000000  
241.286821 -0.013754  -0.022823  -0.002553  0.562914  0.808319  0.172480  -0.822244  0.568865  0.017556  -0.083927  -0.151703  0.984857  0.008171  0.032051  0.009022  0.033058  0.801319  -0.357329  1.000000  
241.288075 -0.013750  -0.022784  -0.002542  0.563992  0.807730  0.171712  -0.821640  0.569695  0.018856  -0.082593  -0.151720  0.984967  0.007933  0.032177  0.009128  0.039903  0.828734  -0.388022  1.000000  
241.289319 -0.013744  -0.022744  -0.002530  0.565075  0.807153  0.170867  -0.821042  0.570509  0.020262  -0.081127  -0.151738  0.985086  0.007729  0.032469  0.009133  0.042291  0.862424  -0.413221  1.000000  
241.290319 -0.013738  -0.022709  -0.002520  0.565800  0.806775  0.170251  -0.820647  0.571040  0.021271  -0.080060  -0.151751  0.985171  0.007576  0.032760  0.009160  0.044683  0.882763  -0.442611  1.000000  
241.291568 -0.013730  -0.022665  -0.002507  0.566873  0.806205  0.169378  -0.820035  0.571871  0.022496  -0.078726  -0.151648  0.985294  0.007337  0.033030  0.009220  0.047222  0.905842  -0.474145  1.000000  
241.292569 -0.013723  -0.022629  -0.002498  0.567771  0.805720  0.168679  -0.819528  0.572551  0.023646  -0.077525  -0.151662  0.985387  0.007011  0.033169  0.009285  0.049143  0.927774  -0.498679  1.000000  
241.293821 -0.013715  -0.022583  -0.002486  0.568847  0.805139  0.167822  -0.818919  0.573362  0.025045  -0.076058  -0.151679  0.985499  0.006561  0.033352  0.009408  0.051163  0.956238  -0.523680  1.000000  
241.295068 -0.013709  -0.022538  -0.002471  0.569933  0.804601  0.166714  -0.818323  0.574143  0.026590  -0.074323  -0.151580  0.985647  0.005953  0.033326  0.009627  0.049281  0.992153  -0.552781  1.000000  
241.296092 -0.013706  -0.022503  -0.002459  0.570837  0.804138  0.165856  -0.817825  0.574788  0.027951  -0.072856  -0.151596  0.985754  0.005424  0.033364  0.009791  0.051341  1.031342  -0.580630  1.000000  
241.297318 -0.013702  -0.022460  -0.002445  0.572087  0.803460  0.164832  -0.817104  0.575730  0.029594  -0.071121  -0.151615  0.985878  0.005028  0.033572  0.010001  0.052982  1.063399  -0.604330  1.000000  
241.298318 -0.013701  -0.022426  -0.002433  0.572987  0.802995  0.163968  -0.816599  0.576374  0.030952  -0.069653  -0.151631  0.985980  0.004737  0.033731  0.010140  0.054539  1.098424  -0.626680  1.000000  
241.299329 -0.013699  -0.022392  -0.002423  0.573885  0.802549  0.163004  -0.816092  0.577022  0.032238  -0.068184  -0.151527  0.986099  0.004427  0.033982  0.010152  0.051724  1.132482  -0.648823  1.000000  
241.300575 -0.013697  -0.022349  -0.002410  0.574966  0.801999  0.161899  -0.815486  0.577781  0.033949  -0.066315  -0.151546  0.986223  0.004167  0.034258  0.010290  0.052854  1.167916  -0.671462  1.000000  
241.301826 -0.013693  -0.022305  -0.002397  0.576043  0.801449  0.160791  -0.814875  0.578539  0.035657  -0.064446  -0.151565  0.986344  0.004102  0.034616  0.010432  0.053353  1.202383  -0.687334  1.000000  
241.303071 -0.013686  -0.022258  -0.002384  0.577118  0.800898  0.159678  -0.814260  0.579297  0.037363  -0.062577  -0.151583  0.986462  0.004227  0.035059  0.010560  0.053779  1.236533  -0.703028  1.000000  
241.304075 -0.013681  -0.022221  -0.002372  0.578013  0.800442  0.158722  -0.813746  0.579923  0.038819  -0.060974  -0.151598  0.986560  0.004308  0.035453  0.010682  0.054387  1.270635  -0.718682  1.000000  
241.305320 -0.013672  -0.022172  -0.002358  0.579088  0.799883  0.157623  -0.813129  0.580658  0.040698  -0.058971  -0.151736  0.986660  0.004359  0.035830  0.010825  0.058203  1.308585  -0.727007  1.000000  
241.306568 -0.013662  -0.022122  -0.002343  0.580155  0.799330  0.156498  -0.812502  0.581415  0.042397  -0.057101  -0.151752  0.986768  0.004419  0.036183  0.011073  0.057989  1.331736  -0.736624  1.000000  
241.307569 -0.013655  -0.022083  -0.002330  0.581039  0.798861  0.155609  -0.811972  0.582055  0.043739  -0.055632  -0.151765  0.986850  0.004525  0.036391  0.011241  0.057946  1.355854  -0.746832  1.000000  
241.308820 -0.013646  -0.022033  -0.002313  0.582110  0.798331  0.154324  -0.811348  0.582778  0.045648  -0.053494  -0.151783  0.986965  0.004661  0.036661  0.011478  0.057496  1.394977  -0.756002  1.000000  
241.310068 -0.013637  -0.021985  -0.002297  0.583340  0.797668  0.153101  -0.810594  0.583680  0.047479  -0.051490  -0.151799  0.987069  0.004842  0.036890  0.011647  0.056935  1.426503  -0.764116  1.000000  
241.311069 -0.013630  -0.021947  -0.002283  0.584226  0.797203  0.152144  -0.810065  0.584281  0.049100  -0.049753  -0.151932  0.987138  0.005067  0.037104  0.011740  0.060579  1.461481  -0.773763  1.000000  
241.312075 -0.013624  -0.021909  -0.002270  0.585276  0.796635  0.151077  -0.809411  0.585051  0.050679  -0.048015  -0.151945  0.987222  0.005288  0.037300  0.011811  0.060303  1.487748  -0.782295  1.000000  
241.313318 -0.013617  -0.021862  -0.002253  0.586501  0.795982  0.149763  -0.808648  0.585935  0.052607  -0.045877  -0.151960  0.987321  0.005550  0.037603  0.012007  0.059161  1.524211  -0.783816  1.000000  
241.314321 -0.013611  -0.021824  -0.002240  0.587545  0.795414  0.148688  -0.807987  0.586704  0.054181  -0.044139  -0.151972  0.987399  0.005829  0.037894  0.012220  0.062756  1.552750  -0.793487  1.000000  
241.315331 -0.013605  -0.021785  -0.002226  0.588590  0.794838  0.147628  -0.807326  0.587450  0.055931  -0.042268  -0.152104  0.987460  0.006261  0.038241  0.012480  0.065748  1.587398  -0.796393  1.000000  
241.316575 -0.013595  -0.021736  -0.002206  0.589974  0.794074  0.146209  -0.806431  0.588479  0.057987  -0.039995  -0.152118  0.987553  0.006606  0.038507  0.012968  0.065186  1.621931  -0.812327  1.000000  
241.317575 -0.013586  -0.021696  -0.002192  0.591013  0.793497  0.145139  -0.805760  0.589222  0.059730  -0.038123  -0.152249  0.987607  0.006922  0.038781  0.013210  0.068131  1.649599  -0.814989  1.000000  
241.318826 -0.013574  -0.021645  -0.002171  0.592384  0.792707  0.143866  -0.804846  0.590282  0.061566  -0.036118  -0.152260  0.987680  0.007217  0.039011  0.013628  0.067103  1.669402  -0.825970  1.000000  
241.320078 -0.013564  -0.021595  -0.002152  0.593919  0.791788  0.142591  -0.803807  0.591480  0.063605  -0.033978  -0.152392  0.987736  0.007324  0.039099  0.013974  0.070890  1.700224  -0.849124  1.000000  
241.321319 -0.013553  -0.021544  -0.002132  0.595286  0.791002  0.141244  -0.802888  0.592497  0.065716  -0.031705  -0.152523  0.987791  0.007403  0.039205  0.014258  0.077843  1.733947  -0.858347  1.000000  
241.322568 -0.013544  -0.021495  -0.002112  0.596812  0.790081  0.139955  -0.801836  0.593691  0.067746  -0.029565  -0.152653  0.987838  0.007379  0.039188  0.014532  0.080863  1.754622  -0.873546  1.000000  
241.323569 -0.013538  -0.021457  -0.002095  0.597999  0.789379  0.138846  -0.801018  0.594591  0.069503  -0.027693  -0.152781  0.987872  0.007291  0.039062  0.014812  0.084075  1.783930  -0.885708  1.000000  
241.324818 -0.013532  -0.021411  -0.002075  0.599683  0.788345  0.137450  -0.799834  0.595929  0.071658  -0.025419  -0.152910  0.987913  0.007139  0.038857  0.015005  0.091118  1.805059  -0.907504  1.000000  
241.325820 -0.013528  -0.021376  -0.002059  0.600863  0.787641  0.136330  -0.799005  0.596826  0.073408  -0.023546  -0.153037  0.987940  0.006910  0.038759  0.015198  0.093866  1.820481  -0.919023  1.000000  
241.327068 -0.013524  -0.021330  -0.002038  0.602374  0.786739  0.134856  -0.797934  0.597981  0.075632  -0.021139  -0.153165  0.987975  0.006678  0.038622  0.015480  0.096082  1.844619  -0.929150  1.000000  
241.328075 -0.013521  -0.021294  -0.002021  0.603714  0.785935  0.133549  -0.796975  0.599005  0.077613  -0.018998  -0.153291  0.987998  0.006498  0.038483  0.015685  0.099128  1.870762  -0.949032  1.000000  
241.329321 -0.013517  -0.021249  -0.001998  0.605215  0.785032  0.132060  -0.795889  0.600157  0.079827  -0.016590  -0.153418  0.988022  0.006266  0.038338  0.016110  0.105248  1.891196  -0.964069  1.000000  
241.330570 -0.013513  -0.021203  -0.001975  0.606711  0.784127  0.130563  -0.794796  0.601307  0.082036  -0.014182  -0.153543  0.988040  0.005952  0.038142  0.016441  0.107448  1.911793  -0.981552  1.000000  
241.331820 -0.013508  -0.021157  -0.001951  0.608202  0.783220  0.129059  -0.793695  0.602455  0.084239  -0.011774  -0.153668  0.988052  0.005611  0.037885  0.016792  0.109575  1.932664  -0.999169  1.000000  
241.332828 -0.013505  -0.021120  -0.001932  0.609522  0.782412  0.127725  -0.792710  0.603473  0.086202  -0.009633  -0.153791  0.988056  0.005180  0.037703  0.017014  0.112430  1.959193  -1.019433  1.000000  
241.334079 -0.013501  -0.021074  -0.001908  0.611003  0.781501  0.126220  -0.791597  0.604590  0.088573  -0.007091  -0.154034  0.988040  0.004675  0.037363  0.017277  0.114223  1.980134  -1.036828  1.000000  
241.335325 -0.013499  -0.021029  -0.001885  0.612640  0.780479  0.124593  -0.790349  0.605878  0.090892  -0.004549  -0.154156  0.988036  0.004025  0.036942  0.017559  0.116159  2.002348  -1.061468  1.000000  
241.336577 -0.013498  -0.020986  -0.001861  0.614109  0.779566  0.123071  -0.789219  0.606991  0.093252  -0.002007  -0.154397  0.988007  0.003478  0.036434  0.017803  0.121920  2.027801  -1.078340  1.000000  
241.337600 -0.013497  -0.020952  -0.001842  0.615409  0.778754  0.121710  -0.788208  0.608002  0.095196  0.000134  -0.154517  0.987990  0.003062  0.036069  0.017978  0.123878  2.047038  -1.095089  1.000000  
241.338820 -0.013500  -0.020912  -0.001818  0.617028  0.777727  0.120072  -0.786936  0.609255  0.097674  0.002810  -0.154756  0.987949  0.002434  0.035703  0.018244  0.128974  2.072986  -1.115494  1.000000  
241.340070 -0.013502  -0.020872  -0.001794  0.618640  0.776699  0.118423  -0.785655  0.610505  0.100146  0.005486  -0.154994  0.987900  0.001957  0.035351  0.018512  0.134866  2.101294  -1.136853  1.000000  
241.341319 -0.013505  -0.020833  -0.001770  0.620245  0.775642  0.116941  -0.784367  0.611756  0.102583  0.008028  -0.155351  0.987827  0.001399  0.034929  0.018778  0.140069  2.118320  -1.154979  1.000000  
241.342569 -0.013506  -0.020792  -0.001746  0.621683  0.774725  0.115378  -0.783198  0.612858  0.104915  0.010570  -0.155587  0.987766  0.001103  0.034632  0.018982  0.144956  2.129767  -1.167240  1.000000  
241.343825 -0.013508  -0.020753  -0.001720  0.623275  0.773680  0.113784  -0.781893  0.614116  0.107264  0.013112  -0.155822  0.987698  0.000708  0.034221  0.019211  0.149831  2.145007  -1.178441  1.000000  
241.345069 -0.013508  -0.020712  -0.001696  0.625019  0.772521  0.112087  -0.780447  0.615485  0.109912  0.015921  -0.156175  0.987601  0.000416  0.033931  0.019226  0.154619  2.168364  -1.203130  1.000000  
241.346075 -0.013508  -0.020679  -0.001675  0.626439  0.771575  0.110663  -0.779258  0.616611  0.112020  0.018196  -0.156409  0.987525  0.000163  0.033639  0.019371  0.158849  2.180478  -1.215531  1.000000  
241.347320 -0.013508  -0.020638  -0.001651  0.628008  0.770540  0.108970  -0.777924  0.617814  0.114631  0.021005  -0.156759  0.987413  -0.000119  0.033379  0.019394  0.167290  2.204874  -1.225309  1.000000  
241.348573 -0.013509  -0.020598  -0.001624  0.629726  0.769404  0.107066  -0.776448  0.619171  0.117285  0.023948  -0.156988  0.987310  -0.000466  0.032888  0.019606  0.167494  2.234417  -1.240984  1.000000  
241.349574 -0.013509  -0.020566  -0.001603  0.630966  0.768583  0.105651  -0.775363  0.620101  0.119531  0.026355  -0.157338  0.987193  -0.000620  0.032622  0.019772  0.173420  2.262043  -1.249304  1.000000  
241.350827 -0.013511  -0.020528  -0.001576  0.632514  0.767533  0.104013  -0.774005  0.621311  0.122020  0.029030  -0.157686  0.987063  -0.000880  0.032252  0.019958  0.177645  2.277538  -1.260198  1.000000  
241.352079 -0.013514  -0.020490  -0.001548  0.634049  0.766510  0.102197  -0.772632  0.622486  0.124706  0.031972  -0.158031  0.986916  -0.001094  0.031897  0.020229  0.181814  2.309824  -1.261502  1.000000  
241.353321 -0.013519  -0.020453  -0.001521  0.635735  0.765358  0.100345  -0.771118  0.623815  0.127406  0.034914  -0.158374  0.986762  -0.001330  0.031679  0.020487  0.185661  2.330617  -1.272124  1.000000  
241.354570 -0.013523  -0.020416  -0.001492  0.637408  0.764206  0.098490  -0.769590  0.625108  0.130275  0.037990  -0.158835  0.986574  -0.001481  0.031471  0.020832  0.193514  2.358818  -1.274083  1.000000  
241.355823 -0.013526  -0.020378  -0.001463  0.639074  0.763053  0.096615  -0.768055  0.626429  0.132958  0.040931  -0.159176  0.986401  -0.001469  0.031339  0.021109  0.197155  2.378675  -1.284147  1.000000  
241.357069 -0.013530  -0.020340  -0.001434  0.640728  0.761900  0.094737  -0.766506  0.627714  0.135809  0.044006  -0.159633  0.986195  -0.001580  0.031248  0.021413  0.204743  2.403749  -1.293716  1.000000  
241.358069 -0.013532  -0.020310  -0.001410  0.642073  0.760952  0.093243  -0.765229  0.628747  0.138210  0.046545  -0.160093  0.986004  -0.001638  0.031130  0.021766  0.211530  2.418830  -1.297987  1.000000  
241.359319 -0.013533  -0.020270  -0.001379  0.643867  0.759658  0.091406  -0.763527  0.630163  0.141142  0.049619  -0.160667  0.985761  -0.001713  0.031055  0.022126  0.222764  2.444174  -1.313681  1.000000  
241.360320 -0.013535  -0.020240  -0.001354  0.645201  0.758696  0.089979  -0.762240  0.631204  0.143429  0.052024  -0.161126  0.985562  -0.001822  0.030924  0.022465  0.232763  2.464947  -1.323818  1.000000  
241.361569 -0.013537  -0.020201  -0.001322  0.646966  0.757441  0.087856  -0.760506  0.632595  0.146469  0.055364  -0.161575  0.985306  -0.001956  0.030757  0.022937  0.239669  2.499839  -1.338603  1.000000  
241.362821 -0.013539  -0.020163  -0.001290  0.648729  0.756136  0.086074  -0.758773  0.633978  0.149451  0.058437  -0.162264  0.985016  -0.002073  0.030569  0.023355  0.252796  2.515055  -1.348659  1.000000  
241.364074 -0.013541  -0.020125  -0.001256  0.650637  0.754712  0.084155  -0.756894  0.635529  0.152365  0.061509  -0.162831  0.984735  -0.002157  0.030441  0.023820  0.259300  2.537457  -1.371694  1.000000  
241.365325 -0.013545  -0.020088  -0.001221  0.652372  0.753421  0.082260  -0.755131  0.636883  0.155429  0.064713  -0.163514  0.984416  -0.002320  0.030265  0.024420  0.271910  2.564130  -1.387488  1.000000  
241.366328 -0.013549  -0.020060  -0.001193  0.653816  0.752342  0.080665  -0.753659  0.638042  0.157797  0.067250  -0.163964  0.984171  -0.002451  0.030170  0.024804  0.279670  2.584811  -1.397561  1.000000  
241.367576 -0.013554  -0.020023  -0.001156  0.655524  0.751067  0.078658  -0.751868  0.639368  0.160943  0.070587  -0.164643  0.983824  -0.002507  0.030116  0.025455  0.291935  2.610017  -1.406537  1.000000  
241.368823 -0.013558  -0.019987  -0.001119  0.657227  0.749778  0.076725  -0.750072  0.640705  0.163979  0.073790  -0.165320  0.983476  -0.002488  0.030091  0.026082  0.300466  2.629974  -1.415245  1.000000  
241.370070 -0.013561  -0.019949  -0.001080  0.659058  0.748386  0.074569  -0.748113  0.642156  0.167218  0.077259  -0.165992  0.983096  -0.002437  0.030106  0.026800  0.311732  2.658701  -1.429150  1.000000  
241.371071 -0.013564  -0.019918  -0.001048  0.660457  0.747313  0.072935  -0.746597  0.643260  0.169731  0.079926  -0.166553  0.982788  -0.002402  0.030158  0.027304  0.317646  2.685993  -1.438849  1.000000  
241.372072 -0.013565  -0.019887  -0.001016  0.661849  0.746231  0.071382  -0.745074  0.644339  0.172316  0.082593  -0.167232  0.982452  -0.002407  0.030176  0.027883  0.332564  2.707486  -1.454986  1.000000  
241.373318 -0.013568  -0.019848  -0.000975  0.663653  0.744818  0.069364  -0.743089  0.645768  0.175505  0.085926  -0.168018  0.982032  -0.002422  0.030206  0.028630  0.343493  2.739945  -1.467237  1.000000  
241.374319 -0.013570  -0.019817  -0.000941  0.665033  0.743723  0.067877  -0.741557  0.646852  0.177977  0.088459  -0.168696  0.981691  -0.002415  0.030246  0.029197  0.354742  2.750529  -1.470999  1.000000  
241.375319 -0.013571  -0.019785  -0.000907  0.666550  0.742510  0.066256  -0.739870  0.648068  0.180554  0.091124  -0.169369  0.981331  -0.002436  0.030291  0.029826  0.364444  2.775513  -1.488389  1.000000  
241.376320 -0.013574  -0.019754  -0.000873  0.667906  0.741432  0.064663  -0.738313  0.649127  0.183109  0.093789  -0.170041  0.980964  -0.002520  0.030307  0.030461  0.375564  2.790429  -1.491292  1.000000  
241.377568 -0.013576  -0.019714  -0.000829  0.669807  0.739895  0.062556  -0.736139  0.650643  0.186450  0.097251  -0.170936  0.980471  -0.002527  0.030400  0.031232  0.388757  2.814648  -1.511021  1.000000  
241.378568 -0.013579  -0.019684  -0.000794  0.671276  0.738715  0.060725  -0.734406  0.651808  0.189195  0.100181  -0.171599  0.980060  -0.002624  0.030361  0.031678  0.398884  2.835528  -1.520119  1.000000  
241.379569 -0.013582  -0.019654  -0.000758  0.672735  0.737529  0.058972  -0.732663  0.652944  0.192012  0.103109  -0.172379  0.979619  -0.002646  0.030408  0.032307  0.408455  2.857447  -1.535440  1.000000  
241.380570 -0.013586  -0.019624  -0.000721  0.674203  0.736320  0.057295  -0.730933  0.654132  0.194547  0.105770  -0.173044  0.979218  -0.002647  0.030523  0.032933  0.418422  2.878980  -1.550981  1.000000  
241.381822 -0.013589  -0.019586  -0.000675  0.676043  0.734797  0.055131  -0.728701  0.655578  0.198020  0.109362  -0.174044  0.978646  -0.002586  0.030645  0.033536  0.434106  2.906319  -1.571616  1.000000  
241.382827 -0.013591  -0.019554  -0.000639  0.677330  0.733734  0.053472  -0.727080  0.656561  0.200703  0.112154  -0.174821  0.978192  -0.002459  0.030808  0.034011  0.448532  2.925206  -1.576114  1.000000  
241.383828 -0.013593  -0.019522  -0.000600  0.678618  0.732656  0.051893  -0.725463  0.657556  0.203282  0.114813  -0.175597  0.977744  -0.002355  0.030952  0.034612  0.458541  2.937038  -1.585937  1.000000  
241.385073 -0.013595  -0.019481  -0.000554  0.680428  0.731123  0.049775  -0.723208  0.658995  0.206627  0.118268  -0.176593  0.977153  -0.002248  0.031193  0.035194  0.470747  2.959992  -1.600817  1.000000  
241.386074 -0.013596  -0.019448  -0.000514  0.681822  0.729945  0.047952  -0.721410  0.660094  0.209390  0.121191  -0.177359  0.976656  -0.002151  0.031398  0.035751  0.480315  2.980753  -1.609048  1.000000  
241.387319 -0.013596  -0.019405  -0.000465  0.683740  0.728290  0.045757  -0.718979  0.661623  0.212896  0.124776  -0.178464  0.976003  -0.002063  0.031601  0.036242  0.495925  2.999272  -1.624282  1.000000  
241.388568 -0.013596  -0.019362  -0.000415  0.685482  0.726789  0.043498  -0.716662  0.662974  0.216473  0.128492  -0.179562  0.975319  -0.001884  0.031903  0.036827  0.507251  3.026350  -1.637509  1.000000  
241.389571 -0.013597  -0.019328  -0.000375  0.686985  0.725470  0.041766  -0.714691  0.664148  0.219374  0.131411  -0.180557  0.974746  -0.001804  0.032045  0.037263  0.520644  3.047605  -1.645110  1.000000  
241.390819 -0.013597  -0.019285  -0.000324  0.688720  0.723942  0.039656  -0.712375  0.665515  0.222738  0.134858  -0.181654  0.974071  -0.001676  0.032250  0.037750  0.535951  3.061323  -1.660700  1.000000  
241.391822 -0.013598  -0.019251  -0.000283  0.690211  0.722610  0.037987  -0.710397  0.666689  0.225526  0.137642  -0.182647  0.973496  -0.001579  0.032471  0.038212  0.549113  3.073406  -1.669560  1.000000  
241.393068 -0.013600  -0.019210  -0.000233  0.692195  0.720825  0.035748  -0.707759  0.668289  0.229056  0.141219  -0.183852  0.972757  -0.001463  0.032660  0.038581  0.557419  3.093416  -1.693320  1.000000  
241.394069 -0.013601  -0.019176  -0.000193  0.693779  0.719393  0.033821  -0.705591  0.669560  0.232016  0.144265  -0.184832  0.972124  -0.001309  0.032901  0.038865  0.570167  3.119108  -1.699904  1.000000  
241.395318 -0.013601  -0.019133  -0.000143  0.695583  0.717743  0.031767  -0.703070  0.670933  0.235673  0.147839  -0.186265  0.971313  -0.001137  0.033218  0.039174  0.588715  3.137893  -1.713453  1.000000  
241.396319 -0.013601  -0.019098  -0.000103  0.697138  0.716316  0.029811  -0.700880  0.672185  0.238610  0.150882  -0.187238  0.970658  -0.000838  0.033601  0.039426  0.600402  3.160483  -1.727426  1.000000  
241.397319 -0.013600  -0.019063  -0.000063  0.698551  0.715010  0.028069  -0.698838  0.673270  0.241520  0.153791  -0.188330  0.969990  -0.000657  0.033865  0.039628  0.611821  3.173702  -1.742080  1.000000  
241.398573 -0.013599  -0.019018  -0.000012  0.700465  0.713213  0.026006  -0.696152  0.674775  0.245053  0.157227  -0.189755  0.969161  -0.000447  0.034124  0.039931  0.633307  3.188906  -1.762916  1.000000  
241.399574 -0.013598  -0.018982  0.000030  0.701994  0.711775  0.024098  -0.693947  0.676018  0.247865  0.160134  -0.190723  0.968495  -0.000220  0.034406  0.040171  0.639262  3.199276  -1.776803  1.000000  
241.400825 -0.013595  -0.018936  0.000082  0.703843  0.710021  0.021813  -0.691206  0.677463  0.251553  0.163830  -0.192132  0.967598  0.000049  0.034696  0.040365  0.656919  3.217761  -1.789777  1.000000  
241.402074 -0.013593  -0.018889  0.000133  0.705813  0.708131  0.019455  -0.688305  0.679040  0.255229  0.167525  -0.193535  0.966685  0.000252  0.034987  0.040575  0.668636  3.238960  -1.816023  1.000000  
241.403075 -0.013590  -0.018851  0.000174  0.707171  0.706820  0.017733  -0.686228  0.680096  0.257993  0.170294  -0.194614  0.965984  0.000455  0.035225  0.040617  0.677529  3.246292  -1.818019  1.000000  
241.404323 -0.013587  -0.018804  0.000226  0.708963  0.705076  0.015476  -0.683448  0.681471  0.261718  0.173985  -0.196126  0.965020  0.000689  0.035505  0.040748  0.694857  3.265496  -1.830587  1.000000  
241.405569 -0.013585  -0.018758  0.000277  0.711049  0.703017  0.013275  -0.680393  0.683158  0.265255  0.177410  -0.197641  0.964087  0.000841  0.035746  0.040769  0.706762  3.283794  -1.857706  1.000000  
241.406819 -0.013582  -0.018711  0.000330  0.712974  0.701102  0.011107  -0.677471  0.684685  0.268772  0.180832  -0.199152  0.963140  0.001077  0.036004  0.040875  0.718994  3.295317  -1.878160  1.000000  
241.407821 -0.013582  -0.018675  0.000371  0.714552  0.699521  0.009299  -0.675062  0.685957  0.271576  0.183595  -0.200333  0.962372  0.001213  0.036259  0.040953  0.729282  3.296226  -1.894666  1.000000  
241.409068 -0.013579  -0.018628  0.000423  0.716422  0.697632  0.007083  -0.672099  0.687407  0.275236  0.187145  -0.201946  0.961351  0.001451  0.036570  0.041077  0.742657  3.300172  -1.903008  1.000000  
