1-Time 2-Px 3-Py 4-Pz 5-R11 6-R21 7-R31 8-R12 9-R22 10-R32 11-R13 12-R23 13-R33 14-Vx 15-Vy 16-Vz 17-Wx 18-Wy 19-Wz 20-state
21.357504 -0.000836  0.010930  -0.002918  0.457376  0.650850  0.605971  -0.794211  0.605506  -0.050894  -0.400044  -0.457991  0.793857  0.004608  -0.000339  -0.011204  0.000000  0.000000  0.000000  1.000000  
21.358648 -0.000833  0.010929  -0.002926  0.457213  0.650901  0.606039  -0.794306  0.605378  -0.050946  -0.400044  -0.458088  0.793801  0.004621  -0.000354  -0.011247  0.000000  0.000000  0.000000  1.000000  
21.359665 -0.000829  0.010925  -0.002936  0.457186  0.650871  0.606092  -0.794259  0.605432  -0.051038  -0.400166  -0.458061  0.793755  0.004554  -0.000581  -0.011118  0.000000  0.000000  0.000000  1.000000  
21.360882 -0.000826  0.010919  -0.002944  0.457133  0.650810  0.606198  -0.794166  0.605538  -0.051222  -0.400412  -0.458007  0.793662  0.004410  -0.001006  -0.010812  0.000000  0.000000  0.000000  1.000000  
21.361883 -0.000823  0.010914  -0.002951  0.456942  0.650904  0.606241  -0.794214  0.605457  -0.051439  -0.400534  -0.457980  0.793616  0.004339  -0.001280  -0.010529  0.000000  0.000000  0.000000  1.000000  
21.363131 -0.000819  0.010910  -0.002962  0.456916  0.650800  0.606373  -0.794168  0.605516  -0.051457  -0.400657  -0.458050  0.793514  0.003177  -0.003826  -0.008550  0.000000  0.000000  0.000000  1.000000  
21.364134 -0.000816  0.010906  -0.002971  0.456889  0.650769  0.606426  -0.794121  0.605569  -0.051549  -0.400779  -0.458023  0.793467  0.003124  -0.003804  -0.008598  0.000000  0.000000  0.000000  1.000000  
21.365184 -0.000813  0.010901  -0.002980  0.456699  0.650790  0.606547  -0.794169  0.605495  -0.051693  -0.400902  -0.458093  0.793365  0.003165  -0.003864  -0.008580  0.000000  0.000000  0.000000  1.000000  
21.366384 -0.000808  0.010895  -0.002991  0.456645  0.650729  0.606653  -0.794076  0.605601  -0.051877  -0.401147  -0.458039  0.793273  0.003287  -0.004087  -0.008628  0.000000  0.000000  0.000000  1.000000  
21.367386 -0.000803  0.010891  -0.002999  0.456618  0.650624  0.606785  -0.794029  0.605661  -0.051895  -0.401270  -0.458108  0.793170  0.003459  -0.004085  -0.008583  0.000000  0.000000  0.000000  1.000000  
21.368650 -0.000798  0.010885  -0.003009  0.456428  0.650719  0.606827  -0.794077  0.605580  -0.052112  -0.401392  -0.458081  0.793124  0.003543  -0.004174  -0.008472  0.000000  0.000000  0.000000  1.000000  
21.369885 -0.000793  0.010879  -0.003019  0.456375  0.650584  0.607011  -0.793983  0.605692  -0.052223  -0.401637  -0.458124  0.792975  0.003576  -0.004213  -0.008462  0.000000  0.000000  0.000000  1.000000  
21.370895 -0.000790  0.010874  -0.003026  0.456158  0.650647  0.607106  -0.793984  0.605665  -0.052532  -0.401882  -0.458070  0.792882  0.003524  -0.004242  -0.008353  0.000000  0.000000  0.000000  1.000000  
21.372141 -0.000787  0.010867  -0.003034  0.456131  0.650543  0.607238  -0.793937  0.605724  -0.052550  -0.402005  -0.458139  0.792780  0.003433  -0.004388  -0.008201  0.000000  0.000000  0.000000  1.000000  
21.373143 -0.000786  0.010859  -0.003037  0.455941  0.650637  0.607280  -0.793985  0.605643  -0.052767  -0.402127  -0.458112  0.792734  0.003246  -0.004746  -0.007694  0.000000  0.000000  0.000000  1.000000  
21.374387 -0.000785  0.010846  -0.003041  0.455914  0.650533  0.607412  -0.793938  0.605703  -0.052786  -0.402250  -0.458182  0.792631  0.002960  -0.005403  -0.007230  0.000000  0.000000  0.000000  1.000000  
21.375389 -0.000785  0.010836  -0.003044  0.455860  0.650472  0.607517  -0.793845  0.605809  -0.052970  -0.402495  -0.458128  0.792538  0.002818  -0.005716  -0.006905  0.000000  0.000000  0.000000  1.000000  
21.376392 -0.000784  0.010827  -0.003049  0.455670  0.650493  0.607638  -0.793892  0.605735  -0.053113  -0.402617  -0.458197  0.792436  0.002693  -0.005928  -0.006756  0.000000  0.000000  0.000000  1.000000  
21.377393 -0.000783  0.010819  -0.003056  0.455643  0.650388  0.607770  -0.793845  0.605795  -0.053132  -0.402740  -0.458266  0.792334  0.002577  -0.006211  -0.006643  0.000000  0.000000  0.000000  1.000000  
21.378640 -0.000781  0.010809  -0.003064  0.455453  0.650483  0.607812  -0.793892  0.605714  -0.053349  -0.402862  -0.458239  0.792287  0.002474  -0.006627  -0.006419  0.000000  0.000000  0.000000  1.000000  
21.379886 -0.000778  0.010798  -0.003071  0.455426  0.650378  0.607943  -0.793845  0.605773  -0.053367  -0.402985  -0.458308  0.792185  0.002402  -0.006943  -0.006181  0.000000  0.000000  0.000000  1.000000  
21.380996 -0.000775  0.010790  -0.003075  0.455236  0.650399  0.608064  -0.793892  0.605699  -0.053511  -0.403107  -0.458377  0.792083  0.002314  -0.007125  -0.005810  0.000000  0.000000  0.000000  1.000000  
21.382136 -0.000770  0.010782  -0.003079  0.455236  0.650325  0.608143  -0.793892  0.605706  -0.053437  -0.403107  -0.458473  0.792027  0.002226  -0.007364  -0.005453  0.000000  0.000000  0.000000  1.000000  
21.383139 -0.000767  0.010777  -0.003083  0.455045  0.650419  0.608185  -0.793939  0.605625  -0.053654  -0.403230  -0.458446  0.791980  0.002110  -0.007419  -0.005140  0.000000  0.000000  0.000000  1.000000  
21.384140 -0.000764  0.010770  -0.003085  0.455019  0.650315  0.608316  -0.793892  0.605685  -0.053673  -0.403352  -0.458515  0.791878  0.002076  -0.007557  -0.004783  0.000000  0.000000  0.000000  1.000000  
21.385384 -0.000763  0.010761  -0.003090  0.454855  0.650440  0.608305  -0.793986  0.605551  -0.053798  -0.403352  -0.458515  0.791878  0.001879  -0.007767  -0.004428  0.000000  0.000000  0.000000  1.000000  
21.386386 -0.000762  0.010753  -0.003093  0.454828  0.650409  0.608358  -0.793939  0.605604  -0.053890  -0.403475  -0.458488  0.791831  0.001777  -0.007911  -0.004218  0.000000  0.000000  0.000000  1.000000  
21.387651 -0.000760  0.010743  -0.003097  0.454665  0.650534  0.608347  -0.794033  0.605470  -0.054015  -0.403475  -0.458488  0.791831  0.001730  -0.008019  -0.004070  0.000000  0.000000  0.000000  1.000000  
21.388887 -0.000758  0.010733  -0.003102  0.454665  0.650534  0.608347  -0.794033  0.605470  -0.054015  -0.403475  -0.458488  0.791831  0.001806  -0.007883  -0.004149  0.000000  0.000000  0.000000  1.000000  
21.389891 -0.000757  0.010724  -0.003108  0.454501  0.650658  0.608335  -0.794126  0.605336  -0.054141  -0.403475  -0.458488  0.791831  0.001892  -0.007724  -0.004310  0.000000  0.000000  0.000000  1.000000  
21.391138 -0.000754  0.010715  -0.003116  0.454501  0.650658  0.608335  -0.794126  0.605336  -0.054141  -0.403475  -0.458488  0.791831  0.002080  -0.007569  -0.004504  0.000000  0.000000  0.000000  1.000000  
21.392142 -0.000751  0.010709  -0.003122  0.454528  0.650615  0.608362  -0.794173  0.605290  -0.053975  -0.403352  -0.458611  0.791822  0.002145  -0.007403  -0.004502  0.000000  0.000000  0.000000  1.000000  
21.393386 -0.000747  0.010703  -0.003129  0.454365  0.650740  0.608351  -0.794267  0.605156  -0.054100  -0.403352  -0.458611  0.791822  0.002271  -0.007215  -0.004430  0.000000  0.000000  0.000000  1.000000  
21.394387 -0.000744  0.010696  -0.003132  0.454365  0.650740  0.608351  -0.794267  0.605156  -0.054100  -0.403352  -0.458611  0.791822  0.002326  -0.007099  -0.004265  0.000000  0.000000  0.000000  1.000000  
21.395636 -0.000738  0.010690  -0.003135  0.454391  0.650770  0.608298  -0.794314  0.605102  -0.054008  -0.403230  -0.458638  0.791869  0.002536  -0.006798  -0.004052  0.000000  0.000000  0.000000  1.000000  
21.396637 -0.000732  0.010685  -0.003137  0.454255  0.650925  0.608234  -0.794454  0.604915  -0.054042  -0.403107  -0.458665  0.791916  0.002663  -0.006641  -0.003935  0.000000  0.000000  0.000000  1.000000  
21.397637 -0.000728  0.010681  -0.003139  0.454282  0.650956  0.608182  -0.794501  0.604862  -0.053950  -0.402985  -0.458692  0.791962  0.002743  -0.006557  -0.003904  0.000000  0.000000  0.000000  1.000000  
21.398640 -0.000725  0.010676  -0.003143  0.454282  0.650956  0.608182  -0.794501  0.604862  -0.053950  -0.402985  -0.458692  0.791962  0.002766  -0.006464  -0.003950  0.000000  0.000000  0.000000  1.000000  
21.399886 -0.000721  0.010669  -0.003148  0.454335  0.651090  0.607998  -0.794594  0.604749  -0.053839  -0.402740  -0.458650  0.792111  0.002867  -0.006392  -0.004070  0.000000  0.000000  0.000000  1.000000  
21.401134 -0.000718  0.010662  -0.003154  0.454362  0.651121  0.607945  -0.794641  0.604695  -0.053747  -0.402617  -0.458677  0.792158  0.002939  -0.006293  -0.004194  0.000000  0.000000  0.000000  1.000000  
21.402379 -0.000715  0.010653  -0.003161  0.454415  0.651256  0.607761  -0.794735  0.604582  -0.053636  -0.402372  -0.458635  0.792307  0.003052  -0.006180  -0.004337  0.000000  0.000000  0.000000  1.000000  
21.403415 -0.000711  0.010646  -0.003165  0.454442  0.651360  0.607629  -0.794781  0.604523  -0.053618  -0.402250  -0.458566  0.792409  0.003216  -0.005985  -0.004373  0.000000  0.000000  0.000000  1.000000  
21.404655 -0.000708  0.010639  -0.003171  0.454495  0.651494  0.607445  -0.794875  0.604410  -0.053507  -0.402005  -0.458524  0.792558  0.003327  -0.005754  -0.004329  0.000000  0.000000  0.000000  1.000000  
21.405888 -0.000705  0.010632  -0.003177  0.454712  0.651504  0.607271  -0.794875  0.604431  -0.053271  -0.401760  -0.458482  0.792706  0.003325  -0.005639  -0.004141  0.000000  0.000000  0.000000  1.000000  
21.407136 -0.000700  0.010627  -0.003180  0.454766  0.651565  0.607166  -0.794968  0.604324  -0.053087  -0.401515  -0.458535  0.792800  0.003419  -0.005468  -0.003887  0.000000  0.000000  0.000000  1.000000  
21.408142 -0.000695  0.010623  -0.003182  0.454819  0.651700  0.606982  -0.795061  0.604211  -0.052976  -0.401270  -0.458493  0.792948  0.003483  -0.005392  -0.003637  0.000000  0.000000  0.000000  1.000000  
21.409228 -0.000692  0.010618  -0.003184  0.455036  0.651710  0.606808  -0.795061  0.604233  -0.052740  -0.401025  -0.458451  0.793097  0.003519  -0.005244  -0.003450  0.000000  0.000000  0.000000  1.000000  
21.410383 -0.000686  0.010611  -0.003185  0.455116  0.651875  0.606571  -0.795200  0.604067  -0.052537  -0.400657  -0.458435  0.793292  0.003507  -0.005329  -0.003370  0.000000  0.000000  0.000000  1.000000  
21.411631 -0.000681  0.010605  -0.003189  0.455360  0.651916  0.606344  -0.795246  0.604035  -0.052209  -0.400289  -0.458419  0.793486  0.003388  -0.005381  -0.003487  0.000000  0.000000  0.000000  1.000000  
21.412631 -0.000679  0.010599  -0.003194  0.455439  0.652007  0.606186  -0.795385  0.603875  -0.051933  -0.399921  -0.458499  0.793625  0.003284  -0.005447  -0.003651  0.000000  0.000000  0.000000  1.000000  
21.413879 -0.000676  0.010591  -0.003200  0.455683  0.652048  0.605959  -0.795431  0.603843  -0.051605  -0.399553  -0.458483  0.793820  0.003156  -0.005603  -0.003769  0.000000  0.000000  0.000000  1.000000  
21.414879 -0.000675  0.010584  -0.003204  0.455763  0.652213  0.605722  -0.795570  0.603677  -0.051402  -0.399185  -0.458467  0.794014  0.003072  -0.005691  -0.003700  0.000000  0.000000  0.000000  1.000000  
21.416007 -0.000674  0.010575  -0.003206  0.456006  0.652253  0.605495  -0.795615  0.603646  -0.051074  -0.398817  -0.458451  0.794209  0.002953  -0.005822  -0.003492  0.000000  0.000000  0.000000  1.000000  
21.417131 -0.000672  0.010566  -0.003209  0.456276  0.652398  0.605136  -0.795706  0.603555  -0.050727  -0.398326  -0.458365  0.794505  0.002877  -0.005944  -0.003258  0.000000  0.000000  0.000000  1.000000  
21.418380 -0.000671  0.010556  -0.003210  0.456572  0.652500  0.604802  -0.795843  0.603417  -0.050214  -0.397713  -0.458402  0.794791  0.002684  -0.006050  -0.002977  0.000000  0.000000  0.000000  1.000000  
21.419631 -0.000670  0.010548  -0.003211  0.456842  0.652644  0.604443  -0.795934  0.603326  -0.049867  -0.397222  -0.458315  0.795086  0.002569  -0.006103  -0.002668  -0.050966  0.212728  0.086578  1.000000  
21.420899 -0.000668  0.010539  -0.003212  0.457138  0.652746  0.604109  -0.796070  0.603189  -0.049354  -0.396608  -0.458351  0.795372  0.002412  -0.006229  -0.002322  -0.049915  0.240201  0.087501  1.000000  
21.421900 -0.000666  0.010533  -0.003213  0.457381  0.652787  0.603881  -0.796114  0.603158  -0.049026  -0.396239  -0.458334  0.795566  0.002257  -0.006420  -0.002227  -0.055317  0.251181  0.086510  1.000000  
21.423134 -0.000664  0.010524  -0.003214  0.457677  0.652962  0.603467  -0.796249  0.603014  -0.048587  -0.395625  -0.458273  0.795906  0.002121  -0.006620  -0.002126  -0.057978  0.277101  0.086761  1.000000  
21.424141 -0.000661  0.010516  -0.003216  0.457920  0.653003  0.603239  -0.796293  0.602984  -0.048259  -0.395256  -0.458256  0.796099  0.002021  -0.006830  -0.002162  -0.059293  0.291909  0.087975  1.000000  
21.425382 -0.000660  0.010506  -0.003219  0.458216  0.653104  0.602904  -0.796427  0.602846  -0.047746  -0.394641  -0.458291  0.796384  0.001719  -0.007013  -0.002266  -0.060151  0.308176  0.090711  1.000000  
21.426633 -0.000660  0.010495  -0.003223  0.458675  0.653155  0.602499  -0.796467  0.602838  -0.047182  -0.394027  -0.458229  0.796724  0.001423  -0.007325  -0.002182  -0.060061  0.333079  0.083224  1.000000  
21.427881 -0.000660  0.010483  -0.003225  0.459135  0.653133  0.602173  -0.796506  0.602836  -0.046545  -0.393412  -0.458264  0.797008  0.001215  -0.007639  -0.001969  -0.058683  0.354879  0.081210  1.000000  
21.429129 -0.000661  0.010470  -0.003225  0.459620  0.653215  0.601714  -0.796591  0.602775  -0.045889  -0.392673  -0.458228  0.797392  0.000993  -0.007940  -0.001564  -0.057317  0.380528  0.081364  1.000000  
21.430383 -0.000662  0.010457  -0.003223  0.460080  0.653266  0.601307  -0.796629  0.602767  -0.045326  -0.392058  -0.458165  0.797731  0.000782  -0.008192  -0.001182  -0.059995  0.402278  0.079296  1.000000  
21.431635 -0.000663  0.010443  -0.003221  0.460348  0.653410  0.600945  -0.796715  0.602678  -0.044978  -0.391566  -0.458076  0.798024  0.000642  -0.008394  -0.000884  -0.061856  0.416476  0.078825  1.000000  
21.432635 -0.000664  0.010434  -0.003219  0.460781  0.653431  0.600591  -0.796707  0.602724  -0.044508  -0.391073  -0.457987  0.798317  0.000457  -0.008560  -0.000656  -0.060501  0.434612  0.074475  1.000000  
21.433879 -0.000665  0.010423  -0.003219  0.461076  0.653606  0.600174  -0.796839  0.602583  -0.044068  -0.390457  -0.457923  0.798655  0.000344  -0.008658  -0.000553  -0.065447  0.445842  0.075009  1.000000  
21.435129 -0.000666  0.010412  -0.003218  0.461535  0.653656  0.599765  -0.796875  0.602576  -0.043504  -0.389841  -0.457859  0.798992  0.000232  -0.008775  -0.000412  -0.064132  0.463774  0.070656  1.000000  
21.436131 -0.000665  0.010405  -0.003216  0.461968  0.653749  0.599331  -0.796865  0.602618  -0.043107  -0.389349  -0.457672  0.799340  0.000177  -0.008836  -0.000271  -0.069555  0.478497  0.071725  1.000000  
21.437379 -0.000666  0.010394  -0.003216  0.462426  0.653800  0.598922  -0.796900  0.602612  -0.042544  -0.388732  -0.457607  0.799677  -0.000022  -0.009036  -0.000201  -0.068273  0.492570  0.065123  1.000000  
21.438385 -0.000667  0.010385  -0.003215  0.462695  0.654017  0.598478  -0.796984  0.602519  -0.042269  -0.388239  -0.457419  0.800024  -0.000313  -0.009186  0.000016  -0.078418  0.507666  0.064518  1.000000  
21.439385 -0.000669  0.010376  -0.003214  0.463127  0.654037  0.598121  -0.796973  0.602567  -0.041799  -0.387746  -0.457328  0.800315  -0.000489  -0.009252  0.000180  -0.079819  0.518491  0.063343  1.000000  
21.440386 -0.000671  0.010366  -0.003212  0.463422  0.654212  0.597702  -0.797102  0.602427  -0.041359  -0.387129  -0.457263  0.800651  -0.000728  -0.009350  0.000546  -0.081270  0.533420  0.064423  1.000000  
21.441387 -0.000673  0.010357  -0.003210  0.463854  0.654304  0.597265  -0.797090  0.602470  -0.040962  -0.386636  -0.457074  0.800997  -0.000905  -0.009403  0.000883  -0.086797  0.540516  0.060979  1.000000  
21.442628 -0.000677  0.010344  -0.003207  0.464338  0.654458  0.596720  -0.797167  0.602407  -0.040379  -0.385895  -0.456936  0.801433  -0.001131  -0.009467  0.001198  -0.092968  0.554111  0.056058  1.000000  
21.443633 -0.000681  0.010334  -0.003204  0.464796  0.654508  0.596308  -0.797198  0.602403  -0.039816  -0.385278  -0.456869  0.801768  -0.001373  -0.009458  0.001439  -0.095210  0.569635  0.055323  1.000000  
21.444880 -0.000685  0.010320  -0.003201  0.465306  0.654765  0.595628  -0.797318  0.602284  -0.039214  -0.384413  -0.456658  0.802303  -0.001575  -0.009433  0.001563  -0.098116  0.587734  0.050715  1.000000  
21.445881 -0.000689  0.010310  -0.003200  0.465764  0.654816  0.595215  -0.797349  0.602280  -0.038652  -0.383796  -0.456591  0.802637  -0.001765  -0.009358  0.001519  -0.103263  0.600225  0.051576  1.000000  
21.446882 -0.000691  0.010301  -0.003199  0.466084  0.655093  0.594659  -0.797518  0.602085  -0.038192  -0.383054  -0.456451  0.803070  -0.001847  -0.009392  0.001456  -0.107934  0.610549  0.056012  1.000000  
21.448135 -0.000694  0.010291  -0.003200  0.466757  0.655225  0.593985  -0.797540  0.602102  -0.037468  -0.382189  -0.456238  0.803603  -0.001995  -0.009186  0.001310  -0.114956  0.624657  0.049150  1.000000  
21.449379 -0.000697  0.010282  -0.003200  0.467292  0.655512  0.593247  -0.797700  0.601932  -0.036773  -0.381200  -0.456050  0.804180  -0.002095  -0.009131  0.001195  -0.120657  0.643638  0.052250  1.000000  
21.450381 -0.000699  0.010274  -0.003199  0.467775  0.655665  0.592697  -0.797771  0.601873  -0.036190  -0.380457  -0.455908  0.804612  -0.002278  -0.009137  0.001220  -0.126287  0.654571  0.050946  1.000000  
21.451629 -0.000702  0.010265  -0.003197  0.468499  0.655930  0.591831  -0.797877  0.601783  -0.035354  -0.379343  -0.455645  0.805286  -0.002435  -0.009020  0.001296  -0.136394  0.675163  0.050292  1.000000  
21.452630 -0.000705  0.010258  -0.003194  0.468982  0.656155  0.591200  -0.797946  0.601721  -0.034844  -0.378600  -0.455404  0.805772  -0.002637  -0.008939  0.001443  -0.146025  0.689888  0.051152  1.000000  
21.453878 -0.000710  0.010248  -0.003190  0.469705  0.656419  0.590331  -0.798048  0.601633  -0.034008  -0.377486  -0.455139  0.806445  -0.002838  -0.008851  0.001588  -0.153102  0.715572  0.050807  1.000000  
21.454885 -0.000714  0.010240  -0.003187  0.470239  0.656705  0.589588  -0.798203  0.601467  -0.033313  -0.376494  -0.454946  0.807017  -0.002994  -0.008750  0.001757  -0.162816  0.734195  0.053821  1.000000  
21.455887 -0.000719  0.010232  -0.003185  0.470936  0.656867  0.588851  -0.798259  0.601437  -0.032496  -0.375502  -0.454752  0.807588  -0.003125  -0.008582  0.001792  -0.173954  0.754993  0.055047  1.000000  
21.457138 -0.000724  0.010222  -0.003181  0.471684  0.657162  0.587922  -0.798400  0.601300  -0.031567  -0.374262  -0.454508  0.808301  -0.003227  -0.008419  0.001819  -0.181230  0.781095  0.054625  1.000000  
21.458388 -0.000730  0.010211  -0.003179  0.472457  0.657558  0.586857  -0.798581  0.601108  -0.030617  -0.372897  -0.454188  0.809111  -0.003298  -0.008290  0.001750  -0.199326  0.803820  0.059695  1.000000  
21.459629 -0.000735  0.010202  -0.003176  0.473230  0.657954  0.585790  -0.798761  0.600917  -0.029667  -0.371531  -0.453867  0.809919  -0.003327  -0.008075  0.001678  -0.209005  0.830912  0.063083  1.000000  
21.460632 -0.000739  0.010195  -0.003175  0.473951  0.658217  0.584912  -0.798852  0.600836  -0.028830  -0.370412  -0.453594  0.810584  -0.003416  -0.007873  0.001682  -0.220654  0.856654  0.066431  1.000000  
21.461879 -0.000744  0.010186  -0.003173  0.474886  0.658488  0.583846  -0.798930  0.600783  -0.027760  -0.369045  -0.453269  0.811389  -0.003520  -0.007654  0.001734  -0.234935  0.889899  0.072172  1.000000  
21.463129 -0.000748  0.010178  -0.003170  0.475847  0.658719  0.582803  -0.799046  0.600684  -0.026524  -0.367552  -0.453065  0.812181  -0.003587  -0.007533  0.001949  -0.234866  0.923647  0.070141  1.000000  
21.464135 -0.000752  0.010172  -0.003168  0.476567  0.658980  0.581919  -0.799132  0.600607  -0.025688  -0.366432  -0.452788  0.812841  -0.003749  -0.007435  0.002177  -0.246772  0.950133  0.073460  1.000000  
21.465379 -0.000758  0.010162  -0.003162  0.477551  0.659312  0.580734  -0.799285  0.600455  -0.024432  -0.364813  -0.452505  0.813726  -0.003920  -0.007425  0.002473  -0.254324  0.988129  0.079306  1.000000  
21.466401 -0.000763  0.010155  -0.003158  0.478294  0.659604  0.579790  -0.799408  0.600328  -0.023503  -0.363567  -0.452248  0.814427  -0.004123  -0.007454  0.002634  -0.261525  1.017234  0.080766  1.000000  
21.467630 -0.000770  0.010145  -0.003153  0.479302  0.659967  0.578545  -0.799597  0.600128  -0.022153  -0.361821  -0.451985  0.815350  -0.004336  -0.007521  0.002737  -0.271177  1.055172  0.090316  1.000000  
21.468879 -0.000779  0.010135  -0.003149  0.480308  0.660398  0.577216  -0.799781  0.599928  -0.020876  -0.360074  -0.451619  0.816325  -0.004603  -0.007511  0.002764  -0.282745  1.096469  0.098052  1.000000  
21.469893 -0.000786  0.010126  -0.003145  0.481239  0.660597  0.576212  -0.799839  0.599890  -0.019735  -0.358701  -0.451380  0.817062  -0.004768  -0.007575  0.002766  -0.288456  1.131057  0.097914  1.000000  
21.470897 -0.000793  0.010117  -0.003142  0.482195  0.660895  0.575070  -0.799935  0.599800  -0.018573  -0.357202  -0.451063  0.817893  -0.004995  -0.007637  0.002792  -0.297513  1.171910  0.097980  1.000000  
21.472134 -0.000802  0.010107  -0.003137  0.483387  0.661164  0.573759  -0.800050  0.599692  -0.017012  -0.355327  -0.450812  0.818848  -0.005206  -0.007680  0.002938  -0.302826  1.217217  0.100097  1.000000  
21.473141 -0.000810  0.010097  -0.003131  0.484341  0.661461  0.572610  -0.800138  0.599606  -0.015851  -0.353825  -0.450490  0.819674  -0.005417  -0.007739  0.003205  -0.310464  1.250936  0.103366  1.000000  
21.474390 -0.000819  0.010086  -0.003124  0.485532  0.661798  0.571211  -0.800245  0.599501  -0.014363  -0.351947  -0.450135  0.820678  -0.005745  -0.007809  0.003518  -0.319830  1.295805  0.105243  1.000000  
21.475635 -0.000829  0.010076  -0.003114  0.486532  0.662227  0.569862  -0.800407  0.599314  -0.013088  -0.350193  -0.449754  0.821636  -0.006025  -0.007939  0.004120  -0.329114  1.323010  0.109609  1.000000  
21.476882 -0.000839  0.010065  -0.003104  0.487720  0.662562  0.568454  -0.800504  0.599215  -0.011601  -0.348313  -0.449392  0.822633  -0.006380  -0.008107  0.004626  -0.339859  1.367986  0.113403  1.000000  
21.477884 -0.000847  0.010056  -0.003095  0.488694  0.662889  0.567236  -0.800618  0.599086  -0.010347  -0.346682  -0.449082  0.823491  -0.006673  -0.008279  0.005107  -0.347787  1.402068  0.116462  1.000000  
21.479129 -0.000858  0.010044  -0.003083  0.489880  0.663292  0.565740  -0.800707  0.598990  -0.008934  -0.344799  -0.448615  0.824535  -0.007081  -0.008545  0.005640  -0.358457  1.435141  0.117021  1.000000  
21.480136 -0.000868  0.010032  -0.003073  0.490852  0.663617  0.564514  -0.800813  0.598865  -0.007681  -0.343165  -0.448300  0.825387  -0.007477  -0.008806  0.006045  -0.365358  1.472972  0.116434  1.000000  
21.481384 -0.000881  0.010019  -0.003060  0.492060  0.663981  0.563033  -0.800931  0.598725  -0.006102  -0.341154  -0.447948  0.826412  -0.007864  -0.009087  0.006521  -0.369528  1.506977  0.118965  1.000000  
21.482405 -0.000892  0.010007  -0.003052  0.492888  0.664460  0.561742  -0.801170  0.598417  -0.004871  -0.339392  -0.447650  0.827298  -0.008241  -0.009353  0.006878  -0.375777  1.540784  0.129439  1.000000  
21.483629 -0.000907  0.009991  -0.003039  0.494069  0.664791  0.560311  -0.801241  0.598333  -0.003387  -0.337504  -0.447270  0.828276  -0.008645  -0.009735  0.007442  -0.380308  1.572231  0.129808  1.000000  
21.484631 -0.000919  0.009978  -0.003028  0.494895  0.665201  0.559094  -0.801472  0.598029  -0.002083  -0.335740  -0.447067  0.829102  -0.009014  -0.010032  0.007909  -0.383882  1.594736  0.139386  1.000000  
21.485879 -0.000934  0.009961  -0.003013  0.496121  0.665662  0.557457  -0.801609  0.597848  -0.000484  -0.333597  -0.446623  0.830206  -0.009405  -0.010405  0.008602  -0.392169  1.628027  0.141498  1.000000  
21.487128 -0.000949  0.009945  -0.002996  0.497321  0.666090  0.555874  -0.801703  0.597721  0.001021  -0.331578  -0.446154  0.831266  -0.009822  -0.010772  0.009397  -0.400613  1.658058  0.141467  1.000000  
21.488137 -0.000961  0.009932  -0.002981  0.498285  0.666344  0.554705  -0.801782  0.597612  0.002345  -0.329936  -0.445921  0.832043  -0.010121  -0.010986  0.010034  -0.398450  1.682829  0.139785  1.000000  
21.489137 -0.000974  0.009920  -0.002965  0.499247  0.666665  0.553453  -0.801857  0.597505  0.003596  -0.328294  -0.445586  0.832873  -0.010510  -0.011301  0.010779  -0.404772  1.704656  0.139477  1.000000  
21.490138 -0.000987  0.009907  -0.002949  0.500209  0.666985  0.552198  -0.801929  0.597399  0.004846  -0.326650  -0.445248  0.833699  -0.010854  -0.011590  0.011375  -0.405366  1.723900  0.137137  1.000000  
21.491386 -0.001003  0.009891  -0.002928  0.501238  0.667466  0.550681  -0.802108  0.597145  0.006308  -0.324626  -0.444868  0.834692  -0.011266  -0.011981  0.012137  -0.410679  1.743818  0.146120  1.000000  
21.492631 -0.001020  0.009873  -0.002906  0.502454  0.667855  0.549099  -0.802216  0.596981  0.007977  -0.322474  -0.444504  0.835719  -0.011682  -0.012333  0.012744  -0.411925  1.767575  0.149045  1.000000  
21.493633 -0.001034  0.009858  -0.002889  0.503435  0.668138  0.547855  -0.802312  0.596831  0.009394  -0.320700  -0.444280  0.836521  -0.012078  -0.012743  0.013314  -0.412487  1.790319  0.152974  1.000000  
21.494878 -0.001052  0.009840  -0.002866  0.504483  0.668648  0.546266  -0.802513  0.596535  0.010950  -0.318545  -0.443910  0.837540  -0.012435  -0.013067  0.013922  -0.416161  1.806636  0.159255  1.000000  
21.495879 -0.001067  0.009825  -0.002848  0.505438  0.668899  0.545075  -0.802564  0.596439  0.012271  -0.316896  -0.443660  0.838297  -0.012736  -0.013281  0.014560  -0.415918  1.826090  0.158886  1.000000  
21.496879 -0.001082  0.009809  -0.002829  0.506437  0.669213  0.543761  -0.802684  0.596245  0.013782  -0.314992  -0.443448  0.839127  -0.013082  -0.013604  0.015228  -0.416062  1.842679  0.160417  1.000000  
21.498133 -0.001102  0.009790  -0.002802  0.507667  0.669630  0.542098  -0.802801  0.596044  0.015544  -0.312705  -0.443088  0.840172  -0.013442  -0.013884  0.016217  -0.419482  1.856915  0.166349  1.000000  
21.499401 -0.001122  0.009770  -0.002775  0.508872  0.670015  0.540489  -0.802877  0.595896  0.017211  -0.310544  -0.442705  0.841175  -0.013732  -0.014088  0.017133  -0.420343  1.871719  0.165403  1.000000  
21.500631 -0.001141  0.009750  -0.002747  0.510054  0.670302  0.539018  -0.802912  0.595799  0.018854  -0.308508  -0.442401  0.842083  -0.014065  -0.014302  0.017979  -0.416166  1.880439  0.167241  1.000000  
21.501879 -0.001161  0.009730  -0.002717  0.511278  0.670652  0.537420  -0.803011  0.595605  0.020687  -0.306216  -0.442131  0.843061  -0.014330  -0.014579  0.018929  -0.417873  1.897072  0.173872  1.000000  
21.502879 -0.001176  0.009715  -0.002693  0.512224  0.670966  0.536126  -0.803038  0.595525  0.021933  -0.304560  -0.441764  0.843853  -0.014479  -0.014669  0.019437  -0.419137  1.897267  0.172078  1.000000  
21.504136 -0.001195  0.009696  -0.002664  0.513466  0.671412  0.534377  -0.803160  0.595289  0.023788  -0.302137  -0.441404  0.844911  -0.014736  -0.014899  0.020101  -0.422654  1.914313  0.179081  1.000000  
21.505384 -0.001215  0.009677  -0.002634  0.514684  0.671825  0.532684  -0.803241  0.595106  0.025546  -0.299841  -0.441022  0.845929  -0.014981  -0.015115  0.020713  -0.420116  1.932295  0.178909  1.000000  
21.506387 -0.001231  0.009661  -0.002611  0.515669  0.672135  0.531338  -0.803322  0.594930  0.027053  -0.297926  -0.440786  0.846728  -0.015220  -0.015318  0.021176  -0.419078  1.945000  0.184234  1.000000  
21.507637 -0.001251  0.009641  -0.002579  0.516904  0.672643  0.529492  -0.803425  0.594707  0.028834  -0.295498  -0.440312  0.847825  -0.015432  -0.015501  0.021859  -0.425002  1.957763  0.188310  1.000000  
21.508638 -0.001267  0.009624  -0.002554  0.517907  0.672984  0.528077  -0.803529  0.594487  0.030436  -0.293452  -0.440088  0.848651  -0.015598  -0.015637  0.022415  -0.422245  1.973579  0.194980  1.000000  
21.509886 -0.001288  0.009603  -0.002520  0.519137  0.673490  0.526221  -0.803619  0.594271  0.032216  -0.291021  -0.439605  0.849738  -0.015771  -0.015814  0.023131  -0.424141  1.986583  0.198919  1.000000  
21.511136 -0.001310  0.009582  -0.002487  0.520364  0.673931  0.524441  -0.803703  0.594055  0.034067  -0.288588  -0.439222  0.850765  -0.015982  -0.015961  0.023805  -0.425893  1.998892  0.203014  1.000000  
21.512141 -0.001328  0.009565  -0.002459  0.521505  0.674117  0.523067  -0.803651  0.594030  0.035679  -0.286666  -0.438970  0.851545  -0.016127  -0.016041  0.024324  -0.419175  2.010461  0.191831  1.000000  
21.513386 -0.001350  0.009544  -0.002423  0.522728  0.674556  0.521276  -0.803722  0.593820  0.037529  -0.284229  -0.438579  0.852562  -0.016287  -0.016137  0.025008  -0.420608  2.025302  0.197859  1.000000  
21.514636 -0.001371  0.009523  -0.002386  0.524154  0.675000  0.519266  -0.803742  0.593659  0.039604  -0.281534  -0.438114  0.853695  -0.016390  -0.016205  0.025552  -0.422393  2.047959  0.192184  1.000000  
21.515636 -0.001389  0.009506  -0.002357  0.525165  0.675496  0.517597  -0.803844  0.593415  0.041154  -0.279351  -0.437680  0.854634  -0.016481  -0.016228  0.025931  -0.428064  2.060174  0.196361  1.000000  
21.516637 -0.001406  0.009490  -0.002329  0.526319  0.675774  0.516060  -0.803801  0.593357  0.042786  -0.277295  -0.437329  0.855483  -0.016622  -0.016266  0.026292  -0.427460  2.075485  0.194845  1.000000  
21.517643 -0.001423  0.009475  -0.002301  0.527325  0.676205  0.514465  -0.803893  0.593114  0.044407  -0.275109  -0.436992  0.856361  -0.016740  -0.016313  0.026593  -0.431448  2.089874  0.200309  1.000000  
21.518888 -0.001445  0.009454  -0.002264  0.528615  0.676769  0.512397  -0.804053  0.592725  0.046636  -0.272149  -0.436647  0.857482  -0.016952  -0.016421  0.027116  -0.431211  2.120713  0.213480  1.000000  
21.519890 -0.001463  0.009437  -0.002234  0.529781  0.677077  0.510782  -0.804024  0.592627  0.048361  -0.269959  -0.436302  0.858349  -0.017107  -0.016521  0.027471  -0.430718  2.140038  0.213940  1.000000  
21.520901 -0.001482  0.009421  -0.002204  0.530780  0.677506  0.509173  -0.804097  0.592393  0.049981  -0.267768  -0.435954  0.859211  -0.017260  -0.016557  0.027906  -0.430072  2.158460  0.214278  1.000000  
21.522140 -0.001505  0.009398  -0.002166  0.532040  0.678035  0.507150  -0.804204  0.592064  0.052112  -0.264931  -0.435578  0.860281  -0.017486  -0.016709  0.028453  -0.436328  2.179293  0.222395  1.000000  
21.523389 -0.001530  0.009376  -0.002126  0.533296  0.678564  0.505120  -0.804303  0.591739  0.054243  -0.262092  -0.435197  0.861343  -0.017797  -0.016815  0.028963  -0.438477  2.199983  0.230337  1.000000  
21.524637 -0.001555  0.009353  -0.002087  0.534587  0.679155  0.502956  -0.804450  0.591321  0.056566  -0.258991  -0.434843  0.862459  -0.018073  -0.016948  0.029370  -0.438638  2.231248  0.236413  1.000000  
21.525638 -0.001576  0.009334  -0.002056  0.535778  0.679524  0.501188  -0.804445  0.591142  0.058479  -0.256535  -0.434509  0.863360  -0.018303  -0.017063  0.029642  -0.442453  2.258596  0.240931  1.000000  
21.526887 -0.001601  0.009312  -0.002015  0.537207  0.679960  0.499062  -0.804435  0.590920  0.060806  -0.253559  -0.434128  0.864430  -0.018529  -0.017152  0.030075  -0.442790  2.278131  0.240735  1.000000  
21.527889 -0.001622  0.009293  -0.001984  0.538245  0.680421  0.497312  -0.804554  0.590552  0.062783  -0.250970  -0.433907  0.865297  -0.018785  -0.017232  0.030303  -0.444731  2.302837  0.251228  1.000000  
21.529136 -0.001648  0.009271  -0.001943  0.539666  0.680856  0.495172  -0.804526  0.590338  0.065108  -0.247990  -0.433515  0.866352  -0.019037  -0.017338  0.030642  -0.445326  2.332028  0.255278  1.000000  
21.530137 -0.001669  0.009253  -0.001910  0.540825  0.681130  0.493528  -0.804463  0.590213  0.066992  -0.245656  -0.433256  0.867146  -0.019220  -0.017412  0.030817  -0.444804  2.353710  0.257560  1.000000  
21.531385 -0.001696  0.009230  -0.001868  0.542037  0.681621  0.491518  -0.804475  0.589962  0.069020  -0.242932  -0.432825  0.868128  -0.019624  -0.017633  0.031244  -0.451090  2.366266  0.261287  1.000000  
21.532634 -0.001723  0.009207  -0.001826  0.543482  0.682118  0.489227  -0.804474  0.589665  0.071534  -0.239685  -0.432448  0.869218  -0.019968  -0.017836  0.031682  -0.451537  2.405987  0.271166  1.000000  
21.533884 -0.001750  0.009183  -0.001782  0.544922  0.682614  0.486928  -0.804461  0.589372  0.074046  -0.236437  -0.432064  0.870298  -0.020322  -0.018046  0.032143  -0.452276  2.434150  0.274859  1.000000  
21.535134 -0.001779  0.009159  -0.001737  0.546539  0.683021  0.484538  -0.804351  0.589177  0.076753  -0.233055  -0.431687  0.871396  -0.020775  -0.018287  0.032711  -0.453342  2.470951  0.276790  1.000000  
21.536171 -0.001802  0.009139  -0.001700  0.547751  0.683422  0.482600  -0.804351  0.588877  0.079015  -0.230192  -0.431461  0.872269  -0.021026  -0.018419  0.033054  -0.450887  2.501334  0.282484  1.000000  
21.537386 -0.001833  0.009113  -0.001655  0.549209  0.683982  0.480144  -0.804356  0.588502  0.081715  -0.226674  -0.431085  0.873375  -0.021615  -0.018750  0.033620  -0.450533  2.537584  0.290250  1.000000  
21.538398 -0.001858  0.009092  -0.001618  0.550378  0.684317  0.478325  -0.804288  0.588305  0.083782  -0.224067  -0.430822  0.874177  -0.021900  -0.018890  0.033919  -0.448403  2.558483  0.290145  1.000000  
21.539640 -0.001889  0.009067  -0.001572  0.551974  0.684664  0.475984  -0.804131  0.588117  0.086551  -0.220676  -0.430527  0.875185  -0.022298  -0.019099  0.034319  -0.439502  2.593781  0.289626  1.000000  
21.540887 -0.001921  0.009041  -0.001526  0.553399  0.685131  0.473651  -0.804076  0.587793  0.089220  -0.217281  -0.430226  0.876182  -0.022846  -0.019410  0.035000  -0.436440  2.625660  0.295130  1.000000  
21.541887 -0.001946  0.009020  -0.001488  0.554570  0.685499  0.471745  -0.804006  0.587558  0.091378  -0.214538  -0.429961  0.876987  -0.023012  -0.019446  0.035233  -0.438707  2.650598  0.305186  1.000000  
21.543127 -0.001978  0.008994  -0.001440  0.556150  0.685787  0.469460  -0.803815  0.587372  0.094212  -0.211139  -0.429755  0.877913  -0.023420  -0.019695  0.035740  -0.428465  2.682319  0.304544  1.000000  
21.544139 -0.002005  0.008973  -0.001400  0.557329  0.686187  0.467474  -0.803749  0.587097  0.096463  -0.208261  -0.429494  0.878728  -0.023821  -0.019916  0.036228  -0.428148  2.705359  0.312415  1.000000  
21.545379 -0.002038  0.008946  -0.001350  0.558865  0.686410  0.465307  -0.803490  0.587013  0.099098  -0.205119  -0.429252  0.879585  -0.024253  -0.020162  0.036825  -0.414105  2.725083  0.305490  1.000000  
21.546382 -0.002065  0.008924  -0.001309  0.560019  0.686721  0.463458  -0.803384  0.586778  0.101320  -0.202368  -0.429076  0.880307  -0.024659  -0.020385  0.037268  -0.408339  2.740951  0.311208  1.000000  
21.547629 -0.002100  0.008897  -0.001257  0.561592  0.687043  0.461071  -0.803170  0.586560  0.104240  -0.198829  -0.428859  0.881219  -0.025160  -0.020697  0.037930  -0.396153  2.772561  0.308498  1.000000  
21.548632 -0.002128  0.008875  -0.001215  0.562917  0.687265  0.459119  -0.802951  0.586426  0.106649  -0.195943  -0.428685  0.881950  -0.025603  -0.020908  0.038467  -0.391324  2.794007  0.302320  1.000000  
21.549879 -0.002165  0.008846  -0.001161  0.564477  0.687643  0.456632  -0.802713  0.586228  0.109491  -0.192399  -0.428349  0.882893  -0.026099  -0.021193  0.038984  -0.384926  2.818167  0.303263  1.000000  
21.551133 -0.002201  0.008817  -0.001106  0.566059  0.688032  0.454081  -0.802503  0.585928  0.112594  -0.188590  -0.428136  0.883817  -0.026650  -0.021506  0.039710  -0.376958  2.856454  0.304360  1.000000  
21.552135 -0.002231  0.008794  -0.001062  0.567189  0.688287  0.452280  -0.802349  0.585696  0.114877  -0.185830  -0.428044  0.884447  -0.026915  -0.021695  0.040123  -0.365835  2.871502  0.302161  1.000000  
21.553379 -0.002268  0.008764  -0.001006  0.568550  0.688698  0.449941  -0.802170  0.585401  0.117592  -0.182411  -0.427786  0.885283  -0.027397  -0.021911  0.040855  -0.359497  2.891452  0.301353  1.000000  
21.554382 -0.002299  0.008740  -0.000960  0.569656  0.688921  0.448197  -0.801980  0.585220  0.119774  -0.179779  -0.427674  0.885875  -0.027737  -0.022101  0.041424  -0.348392  2.897963  0.295114  1.000000  
21.555384 -0.002329  0.008718  -0.000913  0.570785  0.689265  0.446226  -0.801821  0.584962  0.122076  -0.176883  -0.427472  0.886555  -0.028152  -0.022232  0.042137  -0.347180  2.910742  0.298918  1.000000  
21.556384 -0.002360  0.008694  -0.000866  0.571910  0.689555  0.444333  -0.801653  0.584692  0.124447  -0.173985  -0.427374  0.887176  -0.028430  -0.022386  0.042707  -0.336842  2.931219  0.297007  1.000000  
21.557388 -0.002391  0.008671  -0.000817  0.573031  0.689846  0.442435  -0.801477  0.584424  0.126817  -0.171085  -0.427271  0.887789  -0.028824  -0.022590  0.043491  -0.331059  2.938174  0.300552  1.000000  
21.558637 -0.002431  0.008642  -0.000756  0.574568  0.690183  0.439908  -0.801184  0.584133  0.129971  -0.167261  -0.427125  0.888588  -0.029337  -0.022800  0.044315  -0.321143  2.961713  0.301681  1.000000  
21.559643 -0.002462  0.008618  -0.000705  0.575842  0.690354  0.437969  -0.800870  0.584013  0.132426  -0.164358  -0.427013  0.889183  -0.029634  -0.022941  0.045046  -0.309107  2.989244  0.295658  1.000000  
21.560655 -0.002494  0.008594  -0.000655  0.576946  0.690594  0.436134  -0.800666  0.583736  0.134859  -0.161454  -0.427005  0.889719  -0.029940  -0.023058  0.045668  -0.299642  3.000539  0.299655  1.000000  
21.561889 -0.002535  0.008564  -0.000591  0.578273  0.690986  0.433750  -0.800420  0.583404  0.137721  -0.157888  -0.426822  0.890446  -0.030415  -0.023351  0.046480  -0.290945  3.025730  0.310556  1.000000  
21.563136 -0.002576  0.008533  -0.000526  0.579768  0.691241  0.431341  -0.800059  0.583156  0.140836  -0.154187  -0.426751  0.891129  -0.030834  -0.023530  0.047340  -0.277571  3.043735  0.304871  1.000000  
21.564138 -0.002609  0.008508  -0.000475  0.581021  0.691362  0.429457  -0.799706  0.583027  0.143350  -0.151278  -0.426728  0.891638  -0.031136  -0.023721  0.048000  -0.262434  3.049980  0.300174  1.000000  
21.565386 -0.002651  0.008477  -0.000409  0.582502  0.691619  0.427030  -0.799320  0.582784  0.146457  -0.147574  -0.426645  0.892298  -0.031485  -0.023837  0.048723  -0.252905  3.053578  0.291708  1.000000  
21.566637 -0.002693  0.008445  -0.000342  0.583976  0.691876  0.424594  -0.798921  0.582544  0.149560  -0.143868  -0.426556  0.892946  -0.031835  -0.024011  0.049543  -0.240504  3.062395  0.293138  1.000000  
21.567887 -0.002736  0.008413  -0.000273  0.585430  0.692050  0.422302  -0.798492  0.582334  0.152632  -0.140292  -0.426561  0.893512  -0.032151  -0.024181  0.050402  -0.227280  3.072210  0.290408  1.000000  
21.569136 -0.002779  0.008382  -0.000204  0.586876  0.692225  0.420001  -0.798051  0.582127  0.155701  -0.136714  -0.426559  0.894067  -0.032517  -0.024299  0.051262  -0.213642  3.078641  0.284056  1.000000  
21.570384 -0.002821  0.008350  -0.000132  0.588336  0.692469  0.417548  -0.797625  0.581830  0.158957  -0.132869  -0.426567  0.894643  -0.032822  -0.024551  0.052201  -0.196692  3.090019  0.284103  1.000000  
21.571391 -0.002854  0.008325  -0.000074  0.589551  0.692598  0.415618  -0.797209  0.581715  0.161449  -0.129951  -0.426517  0.895096  -0.032982  -0.024609  0.052839  -0.186389  3.097050  0.278077  1.000000  
21.572637 -0.002898  0.008293  -0.000001  0.591159  0.692725  0.413113  -0.796636  0.581565  0.164782  -0.126103  -0.426513  0.895648  -0.033294  -0.024798  0.053661  -0.177011  3.112198  0.275816  1.000000  
