1-Time 2-Px 3-Py 4-Pz 5-R11 6-R21 7-R31 8-R12 9-R22 10-R32 11-R13 12-R23 13-R33 14-Vx 15-Vy 16-Vz 17-Wx 18-Wy 19-Wz 20-state
145.559389 0.010524  -0.007954  -0.025336  0.362616  0.722241  0.588964  -0.880813  0.472051  -0.036569  -0.304432  -0.505506  0.807332  -0.004191  -0.001402  -0.002412  0.047601  0.194483  0.067469  1.000000  
145.560533 0.010523  -0.007954  -0.025336  0.362647  0.722221  0.588969  -0.880888  0.471930  -0.036312  -0.304178  -0.505647  0.807339  -0.001950  -0.000423  -0.000950  0.000000  0.000000  0.000000  1.000000  
145.561766 0.010517  -0.007954  -0.025317  0.362693  0.722298  0.588846  -0.881001  0.471743  -0.036012  -0.303795  -0.505712  0.807443  -0.003451  0.000190  0.009326  0.000000  0.000000  0.000000  1.000000  
145.562768 0.010513  -0.007953  -0.025293  0.362740  0.722304  0.588810  -0.881113  0.471559  -0.035655  -0.303413  -0.505875  0.807485  -0.003871  0.000420  0.014178  0.000000  0.000000  0.000000  1.000000  
145.563769 0.010507  -0.007951  -0.025272  0.362952  0.722258  0.588735  -0.881114  0.471583  -0.035334  -0.303158  -0.505918  0.807553  -0.004314  0.000786  0.016019  0.000000  0.000000  0.000000  1.000000  
145.565013 0.010501  -0.007947  -0.025255  0.363014  0.722290  0.588658  -0.881264  0.471336  -0.034877  -0.302648  -0.506102  0.807629  -0.004550  0.001342  0.015337  0.000000  0.000000  0.000000  1.000000  
145.566014 0.010494  -0.007943  -0.025246  0.363045  0.722342  0.588576  -0.881338  0.471211  -0.034678  -0.302393  -0.506145  0.807698  -0.004882  0.001769  0.014296  0.000000  0.000000  0.000000  1.000000  
145.567260 0.010484  -0.007938  -0.025238  0.363106  0.722445  0.588411  -0.881488  0.470961  -0.034278  -0.301882  -0.506231  0.807835  -0.005365  0.002062  0.013083  0.000000  0.000000  0.000000  1.000000  
145.568263 0.010475  -0.007935  -0.025231  0.363137  0.722425  0.588416  -0.881563  0.470840  -0.034021  -0.301627  -0.506372  0.807842  -0.005758  0.002217  0.012352  0.000000  0.000000  0.000000  1.000000  
145.569512 0.010466  -0.007931  -0.025220  0.363183  0.722431  0.588380  -0.881674  0.470656  -0.033664  -0.301245  -0.506534  0.807883  -0.005991  0.002355  0.011917  0.000000  0.000000  0.000000  1.000000  
145.570761 0.010457  -0.007927  -0.025205  0.363229  0.722437  0.588345  -0.881786  0.470472  -0.033307  -0.300862  -0.506696  0.807924  -0.006096  0.002465  0.011918  0.000000  0.000000  0.000000  1.000000  
145.572012 0.010447  -0.007924  -0.025188  0.363275  0.722372  0.588396  -0.881898  0.470292  -0.032893  -0.300479  -0.506956  0.807903  -0.006298  0.002443  0.012088  0.000000  0.000000  0.000000  1.000000  
145.573261 0.010436  -0.007921  -0.025167  0.363321  0.722307  0.588448  -0.882009  0.470111  -0.032479  -0.300096  -0.507216  0.807882  -0.006579  0.002403  0.012485  0.000000  0.000000  0.000000  1.000000  
145.574512 0.010423  -0.007919  -0.025142  0.363351  0.722216  0.588541  -0.882083  0.469994  -0.032165  -0.299841  -0.507455  0.807827  -0.006876  0.002370  0.013130  0.000000  0.000000  0.000000  1.000000  
145.575761 0.010411  -0.007918  -0.025109  0.363216  0.722176  0.588674  -0.882269  0.469668  -0.031816  -0.299458  -0.507813  0.807744  -0.007389  0.002397  0.015003  0.113792  0.276446  0.173446  1.000000  
145.576767 0.010401  -0.007917  -0.025081  0.363231  0.722130  0.588720  -0.882307  0.469609  -0.031659  -0.299330  -0.507932  0.807717  -0.007786  0.002465  0.015559  0.114192  0.266738  0.167377  1.000000  
145.578017 0.010391  -0.007912  -0.025052  0.363246  0.721942  0.588942  -0.882344  0.469558  -0.031388  -0.299203  -0.508247  0.807566  -0.008014  0.002702  0.015543  0.126313  0.254648  0.159855  1.000000  
145.579293 0.010381  -0.007905  -0.025033  0.363261  0.721896  0.588988  -0.882381  0.469499  -0.031231  -0.299075  -0.508367  0.807538  -0.008307  0.002960  0.015416  0.124271  0.243800  0.153066  1.000000  
145.580517 0.010367  -0.007896  -0.025018  0.363458  0.721754  0.589041  -0.882343  0.469588  -0.030953  -0.298947  -0.508486  0.807510  -0.008686  0.003218  0.015605  0.125778  0.239897  0.139464  1.000000  
145.581769 0.010352  -0.007889  -0.024996  0.363489  0.721806  0.588959  -0.882417  0.469463  -0.030753  -0.298692  -0.508529  0.807578  -0.009116  0.003404  0.016556  0.118619  0.236547  0.137996  1.000000  
145.583015 0.010338  -0.007883  -0.024962  0.363686  0.721664  0.589011  -0.882379  0.469552  -0.030475  -0.298564  -0.508648  0.807550  -0.009294  0.003540  0.018009  0.120150  0.233228  0.126523  1.000000  
145.584017 0.010329  -0.007877  -0.024929  0.363867  0.721567  0.589018  -0.882304  0.469700  -0.030354  -0.298564  -0.508648  0.807550  -0.009433  0.003697  0.019886  0.117744  0.227893  0.114437  1.000000  
145.585261 0.010318  -0.007869  -0.024882  0.363867  0.721496  0.589105  -0.882304  0.469704  -0.030297  -0.298564  -0.508746  0.807488  -0.009503  0.003970  0.021943  0.116759  0.216770  0.108868  1.000000  
145.586261 0.010307  -0.007864  -0.024844  0.364049  0.721399  0.589111  -0.882229  0.469853  -0.030176  -0.298564  -0.508746  0.807488  -0.009783  0.004145  0.023744  0.114693  0.212526  0.098482  1.000000  
145.587511 0.010292  -0.007857  -0.024800  0.364049  0.721399  0.589111  -0.882229  0.469853  -0.030176  -0.298564  -0.508746  0.807488  -0.010025  0.004415  0.025327  0.109525  0.202949  0.094044  1.000000  
145.588513 0.010281  -0.007851  -0.024770  0.364246  0.721328  0.589076  -0.882191  0.469938  -0.029954  -0.298436  -0.508767  0.807522  -0.010108  0.004715  0.026295  0.107863  0.203447  0.087457  1.000000  
145.589761 0.010267  -0.007842  -0.024738  0.364427  0.721231  0.589082  -0.882116  0.470087  -0.029833  -0.298436  -0.508767  0.807522  -0.010231  0.005226  0.026518  0.105444  0.198462  0.078274  1.000000  
145.591011 0.010256  -0.007832  -0.024712  0.364427  0.721160  0.589170  -0.882116  0.470090  -0.029776  -0.298436  -0.508865  0.807460  -0.010194  0.005835  0.026050  0.105425  0.187100  0.071168  1.000000  
145.592018 0.010245  -0.007824  -0.024691  0.364609  0.721063  0.589176  -0.882041  0.470239  -0.029655  -0.298436  -0.508865  0.807460  -0.010310  0.006220  0.025631  0.104284  0.180712  0.058993  1.000000  
145.593023 0.010235  -0.007817  -0.024671  0.364790  0.720966  0.589182  -0.881966  0.470387  -0.029533  -0.298436  -0.508865  0.807460  -0.010472  0.006395  0.025527  0.104262  0.169268  0.051805  1.000000  
145.594267 0.010219  -0.007809  -0.024645  0.364790  0.720966  0.589182  -0.881966  0.470387  -0.029533  -0.298436  -0.508865  0.807460  -0.010833  0.006389  0.025903  0.104256  0.157852  0.044627  1.000000  
145.595517 0.010201  -0.007802  -0.024617  0.364972  0.720869  0.589188  -0.881891  0.470536  -0.029412  -0.298436  -0.508865  0.807460  -0.011068  0.006255  0.026703  0.000000  0.000000  0.000000  1.000000  
145.596517 0.010187  -0.007796  -0.024590  0.365154  0.720772  0.589194  -0.881815  0.470684  -0.029291  -0.298436  -0.508865  0.807460  -0.011132  0.006291  0.027505  0.000000  0.000000  0.000000  1.000000  
145.597523 0.010173  -0.007790  -0.024557  0.365350  0.720702  0.589159  -0.881777  0.470770  -0.029070  -0.298309  -0.508886  0.807494  -0.011334  0.006372  0.028020  0.000000  0.000000  0.000000  1.000000  
145.598765 0.010156  -0.007782  -0.024512  0.365547  0.720631  0.589124  -0.881739  0.470855  -0.028849  -0.298181  -0.508908  0.807528  -0.011706  0.006436  0.028261  0.000000  0.000000  0.000000  1.000000  
145.600017 0.010140  -0.007774  -0.024472  0.365941  0.720561  0.588965  -0.881662  0.471022  -0.028464  -0.297926  -0.508852  0.807657  -0.012086  0.006459  0.027766  0.000000  0.000000  0.000000  1.000000  
145.601260 0.010123  -0.007764  -0.024437  0.366153  0.720659  0.588713  -0.881660  0.471038  -0.028257  -0.297670  -0.508699  0.807848  -0.012275  0.006635  0.027088  0.000000  0.000000  0.000000  1.000000  
145.602260 0.010110  -0.007756  -0.024415  0.366365  0.720685  0.588549  -0.881658  0.471057  -0.027993  -0.297415  -0.508643  0.807977  -0.012383  0.006853  0.026100  0.000000  0.000000  0.000000  1.000000  
145.603510 0.010093  -0.007743  -0.024388  0.366758  0.720758  0.588215  -0.881581  0.471218  -0.027723  -0.297159  -0.508391  0.808229  -0.012540  0.007186  0.025481  0.000000  0.000000  0.000000  1.000000  
145.604512 0.010081  -0.007731  -0.024363  0.366971  0.720784  0.588050  -0.881579  0.471238  -0.027459  -0.296904  -0.508336  0.808358  -0.012588  0.007491  0.025445  0.000000  0.000000  0.000000  1.000000  
145.605513 0.010069  -0.007720  -0.024334  0.367379  0.720811  0.587762  -0.881537  0.471340  -0.027032  -0.296520  -0.508203  0.808582  -0.012794  0.007740  0.025931  0.000000  0.000000  0.000000  1.000000  
145.606760 0.010054  -0.007707  -0.024291  0.367985  0.720839  0.587349  -0.881457  0.471524  -0.026441  -0.296009  -0.507993  0.808902  -0.012911  0.007938  0.027055  0.000000  0.000000  0.000000  1.000000  
145.607760 0.010041  -0.007698  -0.024253  0.368409  0.720892  0.587018  -0.881451  0.471564  -0.025914  -0.295498  -0.507881  0.809159  -0.013131  0.008028  0.028139  0.016668  0.200190  -0.075431  1.000000  
145.608760 0.010027  -0.007690  -0.024217  0.368817  0.720990  0.586641  -0.881409  0.471663  -0.025545  -0.295114  -0.507649  0.809444  -0.013300  0.008128  0.029245  0.004537  0.218499  -0.079447  1.000000  
145.609775 0.010012  -0.007681  -0.024182  0.369241  0.721043  0.586309  -0.881402  0.471703  -0.025018  -0.294603  -0.507537  0.809701  -0.013345  0.008336  0.030248  -0.007698  0.234850  -0.086487  1.000000  
145.611019 0.009993  -0.007671  -0.024143  0.369650  0.721140  0.585931  -0.881359  0.471803  -0.024648  -0.294219  -0.507305  0.809986  -0.013419  0.008598  0.030761  -0.017944  0.246209  -0.087441  1.000000  
145.612269 0.009976  -0.007661  -0.024105  0.370074  0.721264  0.585511  -0.881352  0.471841  -0.024179  -0.293708  -0.507093  0.810304  -0.013377  0.008747  0.030633  -0.032260  0.260998  -0.085858  1.000000  
145.613270 0.009963  -0.007654  -0.024077  0.370497  0.721317  0.585178  -0.881344  0.471882  -0.023653  -0.293196  -0.506980  0.810560  -0.013309  0.008814  0.030101  -0.036385  0.279417  -0.089921  1.000000  
145.614515 0.009949  -0.007643  -0.024046  0.371118  0.721370  0.584720  -0.881296  0.472007  -0.022963  -0.292557  -0.506789  0.810910  -0.013155  0.008917  0.029416  -0.044601  0.305497  -0.089245  1.000000  
145.615764 0.009935  -0.007632  -0.024015  0.371753  0.721449  0.584218  -0.881283  0.472069  -0.022174  -0.291789  -0.506618  0.811294  -0.012985  0.009130  0.029014  -0.056920  0.335392  -0.086173  1.000000  
145.617010 0.009919  -0.007620  -0.023981  0.372388  0.721528  0.583716  -0.881268  0.472132  -0.021385  -0.291021  -0.506447  0.811676  -0.012893  0.009225  0.029283  -0.062612  0.365759  -0.088004  1.000000  
145.618011 0.009907  -0.007610  -0.023950  0.372812  0.721652  0.583293  -0.881258  0.472172  -0.020916  -0.290509  -0.506234  0.811993  -0.012836  0.009154  0.030039  -0.072815  0.380599  -0.086551  1.000000  
145.619011 0.009895  -0.007602  -0.023913  0.373401  0.721651  0.582916  -0.881135  0.472423  -0.020428  -0.290125  -0.506000  0.812276  -0.012765  0.009008  0.030935  -0.079600  0.405734  -0.097008  1.000000  
145.620012 0.009885  -0.007594  -0.023870  0.373825  0.721775  0.582492  -0.881124  0.472464  -0.019960  -0.289612  -0.505786  0.812592  -0.012647  0.008739  0.032031  -0.089870  0.424456  -0.093154  1.000000  
145.621261 0.009873  -0.007583  -0.023812  0.374445  0.721897  0.581941  -0.881071  0.472589  -0.019329  -0.288972  -0.505494  0.813001  -0.012483  0.008553  0.033067  -0.106299  0.450568  -0.092547  1.000000  
145.622511 0.009859  -0.007571  -0.023756  0.375261  0.722020  0.581263  -0.880976  0.472798  -0.018536  -0.288203  -0.505123  0.813504  -0.012286  0.008660  0.033694  -0.117717  0.483466  -0.100013  1.000000  
145.623513 0.009847  -0.007559  -0.023715  0.375880  0.722142  0.580711  -0.880921  0.472925  -0.017906  -0.287563  -0.504830  0.813913  -0.012174  0.008861  0.034053  -0.130003  0.509406  -0.099480  1.000000  
145.624513 0.009833  -0.007548  -0.023678  0.376500  0.722264  0.580157  -0.880865  0.473052  -0.017276  -0.286922  -0.504536  0.814321  -0.012191  0.009057  0.034231  -0.142257  0.535188  -0.098932  1.000000  
145.625760 0.009817  -0.007533  -0.023636  0.377316  0.722456  0.579388  -0.880766  0.473262  -0.016541  -0.286153  -0.504064  0.814884  -0.011953  0.009377  0.034343  -0.158655  0.571833  -0.107271  1.000000  
145.626772 0.009805  -0.007523  -0.023601  0.378116  0.722480  0.578836  -0.880631  0.473539  -0.015793  -0.285512  -0.503769  0.815291  -0.011787  0.009539  0.034691  -0.170319  0.602140  -0.115624  1.000000  
145.628017 0.009791  -0.007510  -0.023552  0.378736  0.722741  0.578104  -0.880573  0.473665  -0.015279  -0.284870  -0.503276  0.815820  -0.011676  0.009707  0.035475  -0.192973  0.621042  -0.112014  1.000000  
145.629268 0.009778  -0.007496  -0.023499  0.379536  0.722835  0.577462  -0.880435  0.473942  -0.014589  -0.284229  -0.502881  0.816287  -0.011605  0.009963  0.037108  -0.203371  0.646688  -0.119608  1.000000  
145.630517 0.009762  -0.007483  -0.023443  0.380351  0.723024  0.576688  -0.880332  0.474156  -0.013857  -0.283459  -0.502406  0.816847  -0.011682  0.010088  0.038771  -0.219954  0.668899  -0.121673  1.000000  
145.631768 0.009747  -0.007470  -0.023388  0.381363  0.723072  0.575959  -0.880183  0.474461  -0.012849  -0.282561  -0.502049  0.817377  -0.011678  0.010131  0.040242  -0.220762  0.700200  -0.137238  1.000000  
145.633012 0.009731  -0.007458  -0.023332  0.382359  0.723093  0.575272  -0.879998  0.474828  -0.011942  -0.281791  -0.501672  0.817875  -0.011767  0.010146  0.041347  -0.228939  0.731327  -0.146045  1.000000  
145.634260 0.009716  -0.007447  -0.023277  0.383188  0.723238  0.574538  -0.879924  0.474986  -0.011054  -0.280892  -0.501314  0.818404  -0.011783  0.010223  0.041662  -0.237541  0.753686  -0.148234  1.000000  
145.635260 0.009704  -0.007438  -0.023236  0.383988  0.723259  0.573977  -0.879780  0.475269  -0.010310  -0.280250  -0.501014  0.818807  -0.011957  0.010217  0.041412  -0.241994  0.768339  -0.155109  1.000000  
145.636261 0.009691  -0.007429  -0.023196  0.384787  0.723280  0.573415  -0.879635  0.475553  -0.009566  -0.279608  -0.500715  0.819210  -0.012124  0.010239  0.041063  -0.246428  0.782885  -0.161978  1.000000  
145.637511 0.009674  -0.007417  -0.023148  0.385783  0.723369  0.572634  -0.879444  0.475922  -0.008720  -0.278837  -0.500235  0.819765  -0.012341  0.010220  0.040516  -0.255083  0.793642  -0.171411  1.000000  
145.638512 0.009660  -0.007407  -0.023110  0.386597  0.723485  0.571937  -0.879331  0.476146  -0.007935  -0.278066  -0.499854  0.820259  -0.012480  0.010117  0.040291  -0.259494  0.812586  -0.177796  1.000000  
145.639761 0.009641  -0.007394  -0.023060  0.387607  0.723600  0.571108  -0.879170  0.476457  -0.006990  -0.277166  -0.499392  0.820845  -0.012595  0.010061  0.040770  -0.268287  0.827442  -0.184947  1.000000  
145.641011 0.009621  -0.007379  -0.023003  0.388631  0.723740  0.570233  -0.879042  0.476708  -0.005945  -0.276137  -0.498948  0.821461  -0.012864  0.010063  0.041649  -0.274920  0.856570  -0.190558  1.000000  
145.642260 0.009602  -0.007365  -0.022938  0.389836  0.723782  0.569357  -0.878830  0.477110  -0.004784  -0.275109  -0.498503  0.822076  -0.013203  0.010150  0.042956  -0.279739  0.885564  -0.204209  1.000000  
145.643289 0.009586  -0.007354  -0.022883  0.390664  0.723992  0.568521  -0.878744  0.477277  -0.003959  -0.274208  -0.498038  0.822659  -0.013550  0.010198  0.043878  -0.292587  0.903221  -0.207276  1.000000  
145.644514 0.009566  -0.007339  -0.022816  0.391522  0.724394  0.567418  -0.878723  0.477322  -0.003049  -0.273050  -0.497410  0.823424  -0.013929  0.010323  0.044837  -0.311293  0.922192  -0.205925  1.000000  
145.645517 0.009549  -0.007326  -0.022765  0.392335  0.724576  0.566624  -0.878600  0.477552  -0.002325  -0.272277  -0.496924  0.823973  -0.014216  0.010432  0.045210  -0.324680  0.933263  -0.213928  1.000000  
145.646766 0.009529  -0.007308  -0.022708  0.393372  0.724809  0.565605  -0.878495  0.477751  -0.001242  -0.271118  -0.496393  0.824675  -0.014563  0.010796  0.045310  -0.337737  0.951595  -0.218918  1.000000  
145.648013 0.009507  -0.007292  -0.022655  0.394425  0.725137  0.564451  -0.878419  0.477890  -0.000117  -0.269830  -0.495778  0.825467  -0.014975  0.011102  0.045142  -0.350870  0.977706  -0.219393  1.000000  
145.649262 0.009485  -0.007275  -0.022601  0.395643  0.725339  0.563339  -0.878227  0.478243  0.001023  -0.268671  -0.495144  0.826226  -0.015434  0.011512  0.045206  -0.366095  1.007330  -0.225507  1.000000  
145.650511 0.009463  -0.007260  -0.022547  0.396875  0.725635  0.562090  -0.878065  0.478537  0.002204  -0.267382  -0.494426  0.827073  -0.015894  0.011746  0.045276  -0.376295  1.035472  -0.233168  1.000000  
145.651761 0.009440  -0.007246  -0.022492  0.397926  0.725959  0.560926  -0.877981  0.478685  0.003326  -0.266092  -0.493806  0.827859  -0.016308  0.011873  0.045636  -0.390614  1.059097  -0.234824  1.000000  
145.653010 0.009416  -0.007233  -0.022433  0.399157  0.726185  0.559758  -0.877812  0.478984  0.004563  -0.264802  -0.493184  0.828643  -0.016737  0.012000  0.046409  -0.399821  1.081309  -0.237882  1.000000  
145.654011 0.009395  -0.007222  -0.022386  0.399997  0.726484  0.558770  -0.877740  0.479106  0.005424  -0.263770  -0.492624  0.829305  -0.017153  0.012023  0.047095  -0.409525  1.098391  -0.236451  1.000000  
145.655261 0.009370  -0.007209  -0.022324  0.401242  0.726802  0.557462  -0.877598  0.479351  0.006701  -0.262350  -0.491916  0.830175  -0.017569  0.011941  0.047610  -0.422023  1.118848  -0.232718  1.000000  
145.656263 0.009350  -0.007197  -0.022275  0.402291  0.727055  0.556375  -0.877502  0.479508  0.007878  -0.261058  -0.491389  0.830894  -0.017848  0.011979  0.047618  -0.429772  1.146597  -0.232439  1.000000  
145.657519 0.009326  -0.007181  -0.022214  0.403730  0.727299  0.555011  -0.877301  0.479849  0.009368  -0.259508  -0.490694  0.831790  -0.018108  0.012105  0.047342  -0.441265  1.179630  -0.236768  1.000000  
145.658761 0.009300  -0.007165  -0.022156  0.405182  0.727771  0.553332  -0.877127  0.480137  0.010782  -0.257828  -0.489711  0.832891  -0.018552  0.012202  0.046706  -0.460894  1.220251  -0.236858  1.000000  
145.659772 0.009279  -0.007150  -0.022112  0.406230  0.728155  0.552057  -0.877022  0.480305  0.011839  -0.256535  -0.488976  0.833722  -0.018913  0.012355  0.045933  -0.479986  1.248987  -0.236500  1.000000  
145.661017 0.009252  -0.007132  -0.022058  0.407666  0.728529  0.550504  -0.876808  0.480660  0.013207  -0.254983  -0.488070  0.834728  -0.019316  0.012461  0.045552  -0.495765  1.282225  -0.241294  1.000000  
145.662020 0.009231  -0.007117  -0.022012  0.408727  0.728937  0.549175  -0.876727  0.480774  0.014363  -0.253559  -0.487347  0.835584  -0.019612  0.012518  0.045666  -0.515221  1.308761  -0.234399  1.000000  
145.663020 0.009209  -0.007103  -0.021964  0.409967  0.729311  0.547752  -0.876558  0.481044  0.015572  -0.252136  -0.486520  0.836496  -0.019921  0.012582  0.046072  -0.535040  1.338048  -0.241357  1.000000  
145.664021 0.009188  -0.007088  -0.021911  0.411207  0.729684  0.546324  -0.876386  0.481316  0.016780  -0.250711  -0.485691  0.837406  -0.020171  0.012711  0.046749  -0.556768  1.367985  -0.240369  1.000000  
145.665266 0.009160  -0.007069  -0.021842  0.412849  0.730072  0.544565  -0.876131  0.481722  0.018397  -0.248897  -0.484706  0.838517  -0.020545  0.012963  0.047794  -0.581087  1.409237  -0.240920  1.000000  
145.666511 0.009132  -0.007050  -0.021771  0.414476  0.730429  0.542847  -0.875840  0.482191  0.019911  -0.247212  -0.483700  0.839595  -0.020920  0.013279  0.048875  -0.601391  1.446767  -0.243961  1.000000  
145.667761 0.009102  -0.007033  -0.021703  0.416116  0.730877  0.540987  -0.875573  0.482609  0.021465  -0.245397  -0.482605  0.840757  -0.021308  0.013553  0.049520  -0.629893  1.483990  -0.247068  1.000000  
145.669011 0.009072  -0.007016  -0.021638  0.417921  0.731129  0.539252  -0.875184  0.483239  0.023084  -0.243710  -0.481592  0.841828  -0.021627  0.013759  0.049811  -0.648421  1.520713  -0.258290  1.000000  
145.670262 0.009043  -0.006999  -0.021578  0.419724  0.731443  0.537422  -0.874789  0.483877  0.024640  -0.242023  -0.480473  0.842953  -0.021801  0.014010  0.049734  -0.671131  1.553456  -0.271986  1.000000  
145.671262 0.009020  -0.006986  -0.021530  0.421153  0.731730  0.535912  -0.874533  0.484267  0.026047  -0.240465  -0.479642  0.843872  -0.022093  0.014128  0.049611  -0.687381  1.586808  -0.277314  1.000000  
145.672264 0.008996  -0.006971  -0.021483  0.422580  0.732080  0.534307  -0.874271  0.484664  0.027393  -0.238906  -0.478705  0.844846  -0.022357  0.014275  0.049597  -0.705826  1.613550  -0.279547  1.000000  
145.673514 0.008967  -0.006954  -0.021423  0.424435  0.732433  0.532350  -0.873973  0.485084  0.029406  -0.236697  -0.477741  0.846013  -0.022602  0.014345  0.049718  -0.717290  1.655702  -0.285561  1.000000  
145.674760 0.008936  -0.006936  -0.021361  0.426262  0.732790  0.530395  -0.873611  0.485628  0.031153  -0.234746  -0.476638  0.847178  -0.022869  0.014318  0.050109  -0.730153  1.698575  -0.300891  1.000000  
145.675760 0.008910  -0.006923  -0.021308  0.427726  0.733217  0.528624  -0.873417  0.485868  0.032796  -0.232795  -0.475737  0.848222  -0.023160  0.014180  0.050770  -0.746827  1.739408  -0.302315  1.000000  
145.676768 0.008885  -0.006910  -0.021253  0.429370  0.733540  0.526840  -0.873129  0.486264  0.034546  -0.230842  -0.474832  0.849262  -0.023444  0.014054  0.051507  -0.769778  1.786617  -0.310792  1.000000  
145.678020 0.008852  -0.006893  -0.021180  0.431205  0.733981  0.524724  -0.872773  0.486774  0.036326  -0.228759  -0.473628  0.850497  -0.023781  0.014000  0.052256  -0.789328  1.823184  -0.323321  1.000000  
145.679273 0.008820  -0.006876  -0.021106  0.433231  0.734345  0.522541  -0.872347  0.487384  0.038312  -0.226544  -0.472435  0.851753  -0.024181  0.013864  0.052771  -0.804689  1.867029  -0.331505  1.000000  
145.680514 0.008787  -0.006858  -0.021033  0.435255  0.734705  0.520348  -0.871912  0.488002  0.040293  -0.224328  -0.471235  0.853003  -0.024539  0.013784  0.052940  -0.824769  1.908077  -0.342165  1.000000  
145.681520 0.008762  -0.006842  -0.020977  0.436878  0.735051  0.518496  -0.871568  0.488484  0.041867  -0.222502  -0.470195  0.854055  -0.024632  0.013892  0.052905  -0.840110  1.944439  -0.354600  1.000000  
145.682761 0.008728  -0.006823  -0.020908  0.438911  0.735556  0.516056  -0.871143  0.489071  0.043823  -0.220154  -0.468793  0.855433  -0.024899  0.013977  0.052988  -0.868624  1.989352  -0.363537  1.000000  
145.683761 0.008702  -0.006807  -0.020854  0.440723  0.735823  0.514128  -0.870720  0.489660  0.045598  -0.218195  -0.467758  0.856500  -0.025086  0.014169  0.053203  -0.882640  2.033130  -0.379864  1.000000  
145.685011 0.008669  -0.006787  -0.020784  0.442931  0.736280  0.511570  -0.870186  0.490420  0.047590  -0.215844  -0.466241  0.857922  -0.025373  0.014401  0.053806  -0.909552  2.076818  -0.397318  1.000000  
145.686262 0.008636  -0.006768  -0.020709  0.444957  0.736831  0.509012  -0.869732  0.491038  0.049471  -0.213492  -0.464716  0.859337  -0.025613  0.014519  0.054843  -0.938300  2.109064  -0.413492  1.000000  
145.687283 0.008609  -0.006753  -0.020647  0.446391  0.737260  0.507132  -0.869445  0.491399  0.050921  -0.211662  -0.463654  0.860363  -0.025792  0.014515  0.055816  -0.958843  2.130965  -0.411046  1.000000  
145.688511 0.008575  -0.006736  -0.020568  0.448426  0.737829  0.504502  -0.868999  0.491978  0.052895  -0.209177  -0.462132  0.861788  -0.026079  0.014483  0.057022  -0.974306  2.165303  -0.421305  1.000000  
145.689761 0.008541  -0.006719  -0.020489  0.450623  0.738201  0.501993  -0.868426  0.492767  0.054924  -0.206821  -0.460694  0.863126  -0.026364  0.014500  0.058171  -0.991459  2.198253  -0.438048  1.000000  
145.691011 0.008506  -0.006701  -0.020413  0.452639  0.738609  0.499575  -0.867936  0.493406  0.056903  -0.204464  -0.459356  0.864400  -0.026587  0.014594  0.058808  -1.005638  2.230665  -0.446523  1.000000  
145.692013 0.008479  -0.006688  -0.020354  0.454270  0.738976  0.497547  -0.867575  0.493837  0.058647  -0.202368  -0.458301  0.865452  -0.026660  0.014567  0.058977  -1.015732  2.259654  -0.456611  1.000000  
145.693014 0.008451  -0.006674  -0.020296  0.455886  0.739372  0.495476  -0.867183  0.494334  0.060225  -0.200402  -0.457124  0.866531  -0.026783  0.014574  0.058959  -1.027310  2.281321  -0.463333  1.000000  
145.694017 0.008422  -0.006661  -0.020240  0.457322  0.739806  0.493501  -0.866879  0.494678  0.061757  -0.198435  -0.456048  0.867550  -0.026938  0.014559  0.058627  -1.036407  2.299701  -0.464112  1.000000  
145.695270 0.008388  -0.006645  -0.020171  0.458996  0.740457  0.490965  -0.866591  0.494934  0.063722  -0.195812  -0.454714  0.868846  -0.027055  0.014433  0.058444  -1.054140  2.326358  -0.460270  1.000000  
145.696515 0.008353  -0.006628  -0.020101  0.461024  0.741016  0.488213  -0.866104  0.495519  0.065764  -0.193187  -0.453162  0.870243  -0.027270  0.014280  0.058432  -1.076244  2.360707  -0.453659  1.000000  
145.697762 0.008318  -0.006610  -0.020028  0.463060  0.741598  0.485395  -0.865628  0.496062  0.067902  -0.190430  -0.451614  0.871654  -0.027367  0.014148  0.058836  -1.093364  2.390778  -0.457695  1.000000  
145.698762 0.008291  -0.006595  -0.019967  0.464677  0.742059  0.483140  -0.865221  0.496549  0.069503  -0.188328  -0.450319  0.872780  -0.027389  0.014044  0.059232  -1.110883  2.417410  -0.454772  1.000000  
145.700013 0.008257  -0.006577  -0.019886  0.466695  0.742658  0.480266  -0.864703  0.497173  0.071468  -0.185699  -0.448641  0.874207  -0.027460  0.013985  0.059809  -1.133205  2.447840  -0.450957  1.000000  
145.701262 0.008223  -0.006560  -0.019803  0.468698  0.743279  0.477346  -0.864153  0.497868  0.073263  -0.183200  -0.446838  0.875656  -0.027549  0.013866  0.060394  -1.158995  2.464085  -0.455013  1.000000  
145.702276 0.008194  -0.006545  -0.019739  0.470485  0.743620  0.475050  -0.863625  0.498532  0.074948  -0.181095  -0.445527  0.876761  -0.027676  0.013868  0.060567  -1.175644  2.487391  -0.461228  1.000000  
145.703517 0.008159  -0.006528  -0.019660  0.472659  0.744067  0.472185  -0.862959  0.499390  0.076888  -0.178595  -0.443818  0.878140  -0.027744  0.013882  0.060463  -1.197041  2.501414  -0.474367  1.000000  
145.704761 0.008125  -0.006510  -0.019585  0.475030  0.744459  0.469178  -0.862224  0.500308  0.079124  -0.175829  -0.442123  0.879552  -0.027798  0.013896  0.060182  -1.217433  2.531009  -0.487332  1.000000  
145.706010 0.008089  -0.006493  -0.019513  0.477218  0.744945  0.466175  -0.861575  0.501084  0.081255  -0.173063  -0.440421  0.880953  -0.027794  0.013887  0.060025  -1.239679  2.545522  -0.500804  1.000000  
145.707011 0.008061  -0.006479  -0.019454  0.479181  0.745188  0.463767  -0.860933  0.501883  0.083114  -0.170822  -0.439099  0.882050  -0.027848  0.013945  0.059961  -1.246974  2.564116  -0.509927  1.000000  
145.708013 0.008032  -0.006465  -0.019396  0.481163  0.745539  0.461145  -0.860321  0.502598  0.085111  -0.168316  -0.437685  0.883234  -0.027890  0.013928  0.060019  -1.262478  2.596560  -0.519996  1.000000  
145.709261 0.007996  -0.006450  -0.019319  0.483705  0.745825  0.458012  -0.859458  0.503660  0.087512  -0.165414  -0.435972  0.884628  -0.028000  0.013905  0.060517  -1.279143  2.625485  -0.533459  1.000000  
145.710266 0.007966  -0.006437  -0.019259  0.485823  0.745917  0.455614  -0.858667  0.504688  0.089341  -0.163302  -0.434624  0.885683  -0.028105  0.013831  0.060824  -1.290246  2.645588  -0.549635  1.000000  
145.711274 0.007937  -0.006425  -0.019196  0.487772  0.746080  0.453258  -0.857985  0.505508  0.091233  -0.161058  -0.433389  0.886698  -0.028138  0.013747  0.061285  -1.296553  2.662375  -0.561376  1.000000  
145.712520 0.007900  -0.006411  -0.019119  0.490300  0.746288  0.450178  -0.857085  0.506589  0.093667  -0.158152  -0.431765  0.888013  -0.028335  0.013503  0.061562  -1.301113  2.686607  -0.577283  1.000000  
145.713768 0.007863  -0.006395  -0.019042  0.492822  0.746596  0.446902  -0.856169  0.507705  0.095968  -0.155245  -0.429918  0.889421  -0.028610  0.013348  0.061564  -1.315578  2.704103  -0.589756  1.000000  
145.715014 0.007826  -0.006379  -0.018967  0.495525  0.746763  0.443621  -0.855154  0.508926  0.098514  -0.152204  -0.428180  0.890784  -0.028788  0.013216  0.061148  -1.320844  2.732969  -0.604342  1.000000  
145.716263 0.007789  -0.006363  -0.018894  0.498211  0.746892  0.440384  -0.854106  0.510209  0.100943  -0.149294  -0.426426  0.892117  -0.028903  0.013093  0.060512  -1.327302  2.767479  -0.630880  1.000000  
145.717280 0.007758  -0.006351  -0.018836  0.500334  0.747134  0.437558  -0.853300  0.511165  0.102905  -0.146780  -0.424855  0.893282  -0.029079  0.012979  0.059984  -1.342296  2.791555  -0.644548  1.000000  
145.718517 0.007720  -0.006334  -0.018765  0.503194  0.747272  0.434028  -0.852136  0.512601  0.105380  -0.143735  -0.422878  0.894715  -0.029328  0.012913  0.059661  -1.356068  2.824040  -0.676204  1.000000  
145.719761 0.007682  -0.006318  -0.018690  0.505862  0.747474  0.430565  -0.851042  0.513945  0.107649  -0.140822  -0.420884  0.896117  -0.029537  0.012792  0.059730  -1.373038  2.846703  -0.693042  1.000000  
145.720763 0.007650  -0.006306  -0.018627  0.507970  0.747688  0.427701  -0.850199  0.514931  0.109581  -0.138304  -0.419295  0.897254  -0.029784  0.012691  0.060036  -1.389939  2.875104  -0.706814  1.000000  
145.722012 0.007610  -0.006290  -0.018546  0.510820  0.747820  0.424062  -0.849002  0.516357  0.112118  -0.135123  -0.417302  0.898666  -0.030070  0.012604  0.060569  -1.407714  2.903387  -0.733878  1.000000  
145.723014 0.007578  -0.006277  -0.018479  0.513101  0.747888  0.421179  -0.848044  0.517456  0.114282  -0.132472  -0.415816  0.899749  -0.030275  0.012562  0.061047  -1.418652  2.937607  -0.756777  1.000000  
145.724269 0.007538  -0.006262  -0.018395  0.515945  0.748025  0.417444  -0.846829  0.518860  0.116894  -0.129155  -0.413815  0.901153  -0.030589  0.012550  0.061667  -1.435080  2.975369  -0.785730  1.000000  
145.725512 0.007497  -0.006246  -0.018312  0.518789  0.748128  0.413718  -0.845610  0.520217  0.119657  -0.125705  -0.411921  0.902507  -0.030845  0.012574  0.062085  -1.449809  3.019285  -0.823718  1.000000  
145.726527 0.007463  -0.006234  -0.018248  0.520878  0.748275  0.410818  -0.844716  0.521194  0.121701  -0.123050  -0.410416  0.903558  -0.031061  0.012623  0.062150  -1.457560  3.044827  -0.843064  1.000000  
145.727766 0.007422  -0.006219  -0.018169  0.523342  0.748463  0.407327  -0.843651  0.522347  0.124126  -0.119862  -0.408602  0.904808  -0.031399  0.012594  0.062367  -1.460828  3.064918  -0.863327  1.000000  
145.728780 0.007388  -0.006207  -0.018108  0.525419  0.748594  0.404403  -0.842732  0.523343  0.126151  -0.117205  -0.407086  0.905839  -0.031693  0.012539  0.062261  -1.466083  3.087331  -0.879691  1.000000  
145.729789 0.007353  -0.006195  -0.018046  0.527499  0.748795  0.401312  -0.841816  0.524317  0.128207  -0.114414  -0.405460  0.906924  -0.031957  0.012447  0.062324  -1.476075  3.114590  -0.894659  1.000000  
145.731020 0.007311  -0.006181  -0.017969  0.529967  0.749088  0.397494  -0.840745  0.525383  0.130842  -0.110825  -0.403534  0.908228  -0.032394  0.012370  0.062719  -1.480558  3.156226  -0.906387  1.000000  
145.732292 0.007268  -0.006166  -0.017888  0.532591  0.749185  0.393788  -0.839535  0.526647  0.133506  -0.107367  -0.401703  0.909454  -0.032741  0.012257  0.063153  -1.484204  3.182681  -0.914365  1.000000  
145.733516 0.007223  -0.006151  -0.017807  0.535056  0.749464  0.389895  -0.838451  0.527635  0.136383  -0.103508  -0.399881  0.910704  -0.033167  0.012192  0.063871  -1.490988  3.228956  -0.918767  1.000000  
145.734517 0.007187  -0.006140  -0.017739  0.536943  0.749717  0.386803  -0.837601  0.528439  0.138481  -0.100580  -0.398343  0.911705  -0.033511  0.012063  0.064414  -1.499205  3.251963  -0.919239  1.000000  
145.735765 0.007142  -0.006126  -0.017653  0.539369  0.749889  0.383076  -0.836450  0.529588  0.141026  -0.097118  -0.396489  0.912888  -0.033895  0.011941  0.065027  -1.504376  3.276748  -0.930209  1.000000  
145.737015 0.007096  -0.006112  -0.017566  0.541615  0.750159  0.379361  -0.835393  0.530596  0.143479  -0.093655  -0.394626  0.914056  -0.034287  0.011850  0.065321  -1.511510  3.291410  -0.930669  1.000000  
145.738015 0.007059  -0.006099  -0.017498  0.543653  0.750230  0.376293  -0.834392  0.531568  0.145690  -0.090724  -0.393181  0.914974  -0.034598  0.011858  0.065350  -1.516605  3.309446  -0.935695  1.000000  
145.739015 0.007023  -0.006087  -0.017431  0.545514  0.750403  0.373243  -0.833491  0.532394  0.147814  -0.087793  -0.391730  0.915882  -0.034908  0.011858  0.065345  -1.519407  3.321642  -0.928484  1.000000  
145.740017 0.006986  -0.006074  -0.017364  0.547368  0.750613  0.370092  -0.832578  0.533248  0.149865  -0.084860  -0.390162  0.916827  -0.035210  0.011871  0.065391  -1.530536  3.339719  -0.920351  1.000000  
145.741269 0.006939  -0.006058  -0.017280  0.549424  0.751100  0.366037  -0.831596  0.534098  0.152274  -0.081127  -0.388058  0.918058  -0.035590  0.011932  0.065654  -1.551740  3.361097  -0.903416  1.000000  
145.742516 0.006891  -0.006042  -0.017194  0.551635  0.751302  0.362276  -0.830475  0.535104  0.154838  -0.077525  -0.386275  0.919120  -0.035984  0.011983  0.066068  -1.559657  3.376796  -0.895659  1.000000  
145.743774 0.006843  -0.006026  -0.017105  0.553677  0.751792  0.358121  -0.829468  0.535941  0.157325  -0.073656  -0.384157  0.920325  -0.036348  0.012078  0.066896  -1.576208  3.395839  -0.877286  1.000000  
145.745025 0.006794  -0.006010  -0.017014  0.555880  0.752028  0.354191  -0.828328  0.536890  0.160068  -0.069786  -0.382365  0.921372  -0.036768  0.012107  0.067900  -1.580328  3.420161  -0.866134  1.000000  
145.746267 0.006744  -0.005996  -0.016920  0.558071  0.752253  0.350245  -0.827171  0.537853  0.162798  -0.065915  -0.380565  0.922402  -0.037245  0.012139  0.068940  -1.582213  3.435319  -0.844659  1.000000  
145.747290 0.006704  -0.005984  -0.016846  0.559880  0.752321  0.347200  -0.826177  0.538733  0.164917  -0.062977  -0.379182  0.923177  -0.037546  0.012131  0.069513  -1.575531  3.441174  -0.838931  1.000000  
145.748530 0.006655  -0.005969  -0.016755  0.562048  0.752456  0.343384  -0.824981  0.539742  0.167586  -0.059238  -0.377476  0.924123  -0.037926  0.012112  0.070095  -1.568571  3.460335  -0.824055  1.000000  
145.749763 0.006605  -0.005954  -0.016667  0.564197  0.752482  0.339783  -0.823755  0.540827  0.170102  -0.055765  -0.375869  0.924993  -0.038264  0.012199  0.070364  -1.558108  3.464767  -0.808137  1.000000  
145.751011 0.006555  -0.005939  -0.016579  0.566514  0.752525  0.335810  -0.822408  0.542036  0.172748  -0.052024  -0.374037  0.925953  -0.038540  0.012241  0.070455  -1.554556  3.481420  -0.803755  1.000000  
145.752018 0.006516  -0.005927  -0.016510  0.568291  0.752559  0.332716  -0.821362  0.542955  0.174824  -0.049084  -0.372632  0.926680  -0.038718  0.012306  0.070464  -1.548377  3.481730  -0.791467  1.000000  
145.753260 0.006466  -0.005912  -0.016423  0.570585  0.752472  0.328967  -0.819979  0.544186  0.177473  -0.045476  -0.371009  0.927515  -0.038973  0.012265  0.070602  -1.541955  3.484111  -0.785935  1.000000  
145.754263 0.006425  -0.005901  -0.016353  0.572514  0.752378  0.325813  -0.818791  0.545277  0.179595  -0.042535  -0.369594  0.928219  -0.039255  0.012217  0.070850  -1.536537  3.488926  -0.782849  1.000000  
145.755511 0.006375  -0.005886  -0.016261  0.574794  0.752328  0.321891  -0.817384  0.546449  0.182419  -0.038658  -0.367962  0.929037  -0.039470  0.012098  0.071274  -1.528981  3.494004  -0.772692  1.000000  
145.756511 0.006333  -0.005875  -0.016187  0.576701  0.752083  0.319039  -0.816162  0.547593  0.184447  -0.035984  -0.366759  0.929620  -0.039758  0.011962  0.071750  -1.519179  3.494771  -0.779021  1.000000  
145.757511 0.006292  -0.005864  -0.016111  0.578437  0.752050  0.315962  -0.815052  0.548595  0.186369  -0.033176  -0.365328  0.930287  -0.039935  0.011889  0.072219  -1.520092  3.500483  -0.781366  1.000000  
145.758761 0.006240  -0.005849  -0.016015  0.580675  0.751792  0.312450  -0.813584  0.549972  0.188712  -0.029966  -0.363785  0.931001  -0.040193  0.011830  0.072729  -1.507931  3.493980  -0.784619  1.000000  
145.759778 0.006198  -0.005837  -0.015937  0.582565  0.751620  0.309331  -0.812335  0.551081  0.190844  -0.027024  -0.362459  0.931608  -0.040356  0.011724  0.072953  -1.497356  3.496048  -0.789034  1.000000  
145.761016 0.006146  -0.005823  -0.015842  0.584788  0.751400  0.305648  -0.810844  0.552397  0.193362  -0.023546  -0.360909  0.932304  -0.040546  0.011721  0.073106  -1.484139  3.489648  -0.798005  1.000000  
145.762020 0.006103  -0.005811  -0.015768  0.586661  0.751175  0.302597  -0.809571  0.553498  0.195538  -0.020604  -0.359688  0.932845  -0.040759  0.011707  0.073171  -1.477218  3.495669  -0.799575  1.000000  
145.763038 0.006060  -0.005800  -0.015694  0.588526  0.750980  0.299444  -0.808285  0.554630  0.197635  -0.017661  -0.358350  0.933420  -0.040951  0.011623  0.073084  -1.472493  3.487349  -0.812236  1.000000  
145.764268 0.006006  -0.005786  -0.015602  0.590719  0.750668  0.295886  -0.806751  0.555987  0.200079  -0.014316  -0.356897  0.934034  -0.041274  0.011632  0.073332  -1.456556  3.476088  -0.825132  1.000000  
145.765514 0.005951  -0.005772  -0.015509  0.592902  0.750376  0.292240  -0.805202  0.557315  0.202608  -0.010837  -0.355439  0.934637  -0.041629  0.011492  0.073702  -1.445793  3.474479  -0.834929  1.000000  
145.766761 0.005896  -0.005758  -0.015414  0.595074  0.750101  0.288505  -0.803639  0.558613  0.205222  -0.007225  -0.353976  0.935227  -0.041969  0.011426  0.074253  -1.433139  3.477561  -0.840240  1.000000  
145.767763 0.005851  -0.005747  -0.015337  0.596736  0.749862  0.285679  -0.802424  0.559648  0.207145  -0.004549  -0.352847  0.935670  -0.042310  0.011374  0.074826  -1.422719  3.467866  -0.848828  1.000000  
145.768767 0.005806  -0.005737  -0.015258  0.598557  0.749530  0.282727  -0.801078  0.560805  0.209218  -0.001739  -0.351715  0.936106  -0.042675  0.011254  0.075381  -1.409321  3.465079  -0.859289  1.000000  
145.770018 0.005749  -0.005724  -0.015161  0.600699  0.749134  0.279210  -0.799473  0.562114  0.211827  0.001739  -0.350466  0.936574  -0.043077  0.011171  0.075835  -1.383867  3.457503  -0.875566  1.000000  
145.771261 0.005692  -0.005712  -0.015064  0.602830  0.748703  0.275755  -0.797854  0.563468  0.214322  0.005084  -0.349212  0.937030  -0.043466  0.011057  0.076165  -1.358204  3.451408  -0.895085  1.000000  
145.772510 0.005634  -0.005700  -0.014969  0.604622  0.748467  0.272451  -0.796469  0.564558  0.216589  0.008295  -0.347954  0.937475  -0.043880  0.010872  0.076176  -1.341321  3.434816  -0.899666  1.000000  
145.773511 0.005587  -0.005691  -0.014893  0.606082  0.748218  0.269879  -0.795328  0.565452  0.218441  0.010837  -0.347035  0.937789  -0.044252  0.010688  0.076080  -1.314853  3.416816  -0.911335  1.000000  
145.774761 0.005529  -0.005679  -0.014799  0.607857  0.747969  0.266555  -0.793922  0.566556  0.220687  0.014048  -0.345770  0.938214  -0.044697  0.010582  0.075993  -1.294253  3.392088  -0.919300  1.000000  
145.775761 0.005482  -0.005669  -0.014724  0.609465  0.747590  0.263935  -0.792636  0.567550  0.222743  0.016724  -0.344959  0.938469  -0.044972  0.010471  0.075878  -1.276138  3.377244  -0.936540  1.000000  
