1-Time 2-Px 3-Py 4-Pz 5-R11 6-R21 7-R31 8-R12 9-R22 10-R32 11-R13 12-R23 13-R33 14-Vx 15-Vy 16-Vz 17-Wx 18-Wy 19-Wz 20-state
187.132533 -0.006723  -0.012262  -0.010805  0.863406  0.202894  0.461913  -0.495333  0.514744  0.699774  -0.095787  -0.832990  0.544933  0.000200  0.000319  -0.000217  0.000000  0.000000  0.000000  1.000000  
187.133747 -0.006720  -0.012262  -0.010804  0.863406  0.202894  0.461913  -0.495333  0.514744  0.699774  -0.095787  -0.832990  0.544933  0.002902  0.000408  0.001354  0.000000  0.000000  0.000000  1.000000  
187.134748 -0.006714  -0.012257  -0.010797  0.863395  0.202798  0.461976  -0.495326  0.514799  0.699738  -0.095920  -0.832980  0.544926  0.004223  0.002717  0.004007  0.000000  0.000000  0.000000  1.000000  
187.136000 -0.006704  -0.012248  -0.010786  0.863395  0.202798  0.461976  -0.495326  0.514799  0.699738  -0.095920  -0.832980  0.544926  0.005658  0.004295  0.005745  0.000000  0.000000  0.000000  1.000000  
187.137244 -0.006697  -0.012242  -0.010779  0.863395  0.202854  0.461952  -0.495326  0.514884  0.699676  -0.095920  -0.832913  0.545027  0.005732  0.004623  0.005788  0.000000  0.000000  0.000000  1.000000  
187.138494 -0.006690  -0.012236  -0.010772  0.863384  0.202813  0.461990  -0.495320  0.515024  0.699577  -0.096053  -0.832837  0.545121  0.005753  0.004648  0.005738  0.000000  0.000000  0.000000  1.000000  
187.139743 -0.006681  -0.012227  -0.010765  0.863384  0.202813  0.461990  -0.495320  0.515024  0.699577  -0.096053  -0.832837  0.545121  0.005965  0.005004  0.005699  0.000000  0.000000  0.000000  1.000000  
187.140744 -0.006673  -0.012220  -0.010761  0.863384  0.202869  0.461966  -0.495320  0.515109  0.699514  -0.096053  -0.832770  0.545222  0.006197  0.005311  0.005467  0.000000  0.000000  0.000000  1.000000  
187.141744 -0.006666  -0.012214  -0.010758  0.863282  0.203031  0.462085  -0.495498  0.515152  0.699357  -0.096053  -0.832704  0.545323  0.006255  0.005363  0.005249  0.000000  0.000000  0.000000  1.000000  
187.142991 -0.006659  -0.012209  -0.010753  0.863282  0.203031  0.462085  -0.495498  0.515152  0.699357  -0.096053  -0.832704  0.545323  0.006173  0.005238  0.005101  0.000000  0.000000  0.000000  1.000000  
187.143998 -0.006653  -0.012204  -0.010748  0.863282  0.203031  0.462085  -0.495498  0.515152  0.699357  -0.096053  -0.832704  0.545323  0.006149  0.005179  0.005096  0.000000  0.000000  0.000000  1.000000  
187.145001 -0.006647  -0.012199  -0.010742  0.863282  0.203031  0.462085  -0.495498  0.515152  0.699357  -0.096053  -0.832704  0.545323  0.006197  0.005214  0.005154  0.000000  0.000000  0.000000  1.000000  
187.146247 -0.006638  -0.012189  -0.010735  0.863271  0.202991  0.462124  -0.495491  0.515293  0.699258  -0.096186  -0.832627  0.545417  0.006295  0.005465  0.005189  0.000000  0.000000  0.000000  1.000000  
187.147493 -0.006626  -0.012178  -0.010725  0.863169  0.203097  0.462268  -0.495669  0.515251  0.699163  -0.096186  -0.832627  0.545417  0.006545  0.005729  0.005418  0.000000  0.000000  0.000000  1.000000  
187.148494 -0.006615  -0.012167  -0.010714  0.863169  0.203041  0.462292  -0.495669  0.515166  0.699225  -0.096186  -0.832694  0.545316  0.007087  0.006367  0.006047  0.000000  0.000000  0.000000  1.000000  
187.149742 -0.006599  -0.012153  -0.010701  0.863169  0.203041  0.462292  -0.495669  0.515166  0.699225  -0.096186  -0.832694  0.545316  0.007693  0.006950  0.006425  0.000000  0.000000  0.000000  1.000000  
187.150993 -0.006584  -0.012138  -0.010689  0.863169  0.203041  0.462292  -0.495669  0.515166  0.699225  -0.096186  -0.832694  0.545316  0.008048  0.007395  0.006487  0.000000  0.000000  0.000000  1.000000  
187.151998 -0.006572  -0.012126  -0.010683  0.863169  0.203097  0.462268  -0.495669  0.515251  0.699163  -0.096186  -0.832627  0.545417  0.008462  0.007863  0.006474  0.000000  0.000000  0.000000  1.000000  
187.153243 -0.006560  -0.012111  -0.010677  0.863169  0.203097  0.462268  -0.495669  0.515251  0.699163  -0.096186  -0.832627  0.545417  0.008727  0.008389  0.006430  0.000000  0.000000  0.000000  1.000000  
187.154244 -0.006550  -0.012100  -0.010670  0.863169  0.203153  0.462243  -0.495669  0.515336  0.699100  -0.096186  -0.832561  0.545518  0.008974  0.008754  0.006562  0.000000  0.000000  0.000000  1.000000  
187.155491 -0.006538  -0.012086  -0.010659  0.863169  0.203209  0.462218  -0.495669  0.515420  0.699038  -0.096186  -0.832495  0.545619  0.009142  0.009084  0.006827  0.000000  0.000000  0.000000  1.000000  
187.156491 -0.006529  -0.012075  -0.010648  0.863067  0.203371  0.462338  -0.495847  0.515463  0.698880  -0.096186  -0.832429  0.545720  0.009239  0.009345  0.007392  0.000000  0.000000  0.000000  1.000000  
187.157491 -0.006524  -0.012068  -0.010635  0.863078  0.203468  0.462274  -0.495853  0.515408  0.698917  -0.096053  -0.832440  0.545727  0.009256  0.009644  0.008051  0.000000  0.000000  0.000000  1.000000  
187.158741 -0.006518  -0.012057  -0.010618  0.863180  0.203474  0.462081  -0.495675  0.515619  0.698887  -0.096053  -0.832307  0.545929  0.009114  0.009971  0.008748  0.000000  0.000000  0.000000  1.000000  
187.159799 -0.006512  -0.012045  -0.010606  0.863180  0.203474  0.462081  -0.495675  0.515619  0.698887  -0.096053  -0.832307  0.545929  0.009088  0.010346  0.009168  0.000000  0.000000  0.000000  1.000000  
187.160997 -0.006502  -0.012029  -0.010593  0.863180  0.203530  0.462056  -0.495675  0.515704  0.698824  -0.096053  -0.832241  0.546030  0.009195  0.010817  0.009619  0.000000  0.000000  0.000000  1.000000  
187.162249 -0.006491  -0.012014  -0.010580  0.863180  0.203586  0.462032  -0.495675  0.515789  0.698762  -0.096053  -0.832175  0.546131  0.009143  0.011141  0.009833  0.000000  0.000000  0.000000  1.000000  
187.163251 -0.006482  -0.012001  -0.010570  0.863180  0.203642  0.462007  -0.495675  0.515874  0.698699  -0.096053  -0.832108  0.546232  0.009018  0.011228  0.009764  0.000000  0.000000  0.000000  1.000000  
187.164493 -0.006471  -0.011987  -0.010559  0.863271  0.203495  0.461902  -0.495491  0.516056  0.698695  -0.096186  -0.832031  0.546326  0.008695  0.011231  0.009580  0.000000  0.000000  0.000000  1.000000  
187.165494 -0.006463  -0.011976  -0.010552  0.863271  0.203551  0.461877  -0.495491  0.516140  0.698632  -0.096186  -0.831965  0.546427  0.008423  0.011206  0.009433  0.000000  0.000000  0.000000  1.000000  
187.166500 -0.006455  -0.011964  -0.010546  0.863271  0.203551  0.461877  -0.495491  0.516140  0.698632  -0.096186  -0.831965  0.546427  0.008134  0.011165  0.009376  0.000000  0.000000  0.000000  1.000000  
187.167743 -0.006446  -0.011951  -0.010538  0.863362  0.203404  0.461772  -0.495307  0.516322  0.698629  -0.096319  -0.831888  0.546521  0.007874  0.011079  0.009449  0.000000  0.000000  0.000000  1.000000  
187.168743 -0.006441  -0.011943  -0.010529  0.863362  0.203460  0.461747  -0.495307  0.516407  0.698566  -0.096319  -0.831822  0.546621  0.007568  0.010822  0.009700  0.000000  0.000000  0.000000  1.000000  
187.169991 -0.006435  -0.011934  -0.010515  0.863464  0.203410  0.461579  -0.495129  0.516534  0.698598  -0.096319  -0.831756  0.546722  0.007125  0.010459  0.009960  0.000000  0.000000  0.000000  1.000000  
187.171241 -0.006430  -0.011925  -0.010500  0.863464  0.203522  0.461529  -0.495129  0.516703  0.698473  -0.096319  -0.831623  0.546924  0.006730  0.010138  0.010040  0.000000  0.000000  0.000000  1.000000  
187.172242 -0.006428  -0.011918  -0.010488  0.863554  0.203375  0.461424  -0.494945  0.516885  0.698469  -0.096452  -0.831546  0.547018  0.006550  0.010132  0.009965  0.000000  0.000000  0.000000  1.000000  
187.173491 -0.006423  -0.011907  -0.010475  0.863554  0.203487  0.461375  -0.494945  0.517055  0.698343  -0.096452  -0.831413  0.547220  0.006462  0.010117  0.009708  0.000000  0.000000  0.000000  1.000000  
187.174742 -0.006415  -0.011894  -0.010464  0.863645  0.203396  0.461246  -0.494761  0.517321  0.698277  -0.096586  -0.831269  0.547414  0.006484  0.010133  0.009527  0.000000  0.000000  0.000000  1.000000  
187.175998 -0.006407  -0.011880  -0.010452  0.863736  0.203305  0.461116  -0.494577  0.517588  0.698210  -0.096719  -0.831126  0.547609  0.006305  0.009910  0.009346  0.000000  0.000000  0.000000  1.000000  
187.177241 -0.006399  -0.011865  -0.010439  0.863917  0.203066  0.460882  -0.494208  0.518036  0.698138  -0.096985  -0.830905  0.547897  0.006174  0.009915  0.009407  0.000000  0.000000  0.000000  1.000000  
187.178250 -0.006392  -0.011853  -0.010426  0.863905  0.203081  0.460896  -0.494202  0.518260  0.697976  -0.097118  -0.830761  0.548091  0.005981  0.009862  0.009620  0.000000  0.000000  0.000000  1.000000  
187.179495 -0.006385  -0.011839  -0.010410  0.863985  0.203005  0.460781  -0.494011  0.518751  0.697747  -0.097385  -0.830473  0.548480  0.005681  0.009817  0.010012  0.000000  0.000000  0.000000  1.000000  
187.180744 -0.006377  -0.011825  -0.010394  0.864165  0.202822  0.460523  -0.493642  0.519284  0.697612  -0.097651  -0.830185  0.548868  0.005493  0.009746  0.010546  0.000000  0.000000  0.000000  1.000000  
187.181746 -0.006372  -0.011816  -0.010381  0.864154  0.202893  0.460513  -0.493636  0.519592  0.697386  -0.097784  -0.829975  0.549163  0.005319  0.009661  0.011027  0.000000  0.000000  0.000000  1.000000  
187.182992 -0.006368  -0.011804  -0.010364  0.864221  0.202721  0.460463  -0.493438  0.520138  0.697119  -0.098184  -0.829675  0.549544  0.005120  0.009678  0.011486  -0.163178  0.031911  -0.101805  1.000000  
187.183998 -0.006365  -0.011796  -0.010350  0.864300  0.202588  0.460373  -0.493247  0.520543  0.696952  -0.098450  -0.829453  0.549832  0.004979  0.009691  0.011749  -0.170615  0.032680  -0.113091  1.000000  
187.185247 -0.006360  -0.011786  -0.010335  0.864379  0.202512  0.460259  -0.493056  0.521033  0.696721  -0.098716  -0.829165  0.550219  0.004921  0.009761  0.011807  -0.182148  0.033440  -0.124392  1.000000  
187.186491 -0.006353  -0.011774  -0.010321  0.864356  0.202598  0.460264  -0.493043  0.521565  0.696332  -0.098982  -0.828809  0.550707  0.005181  0.010007  0.011693  -0.197826  0.031719  -0.139493  1.000000  
187.187491 -0.006347  -0.011764  -0.010311  0.864423  0.202369  0.460239  -0.492846  0.522025  0.696127  -0.099382  -0.828575  0.550987  0.005336  0.010162  0.011659  -0.205290  0.029996  -0.154558  1.000000  
187.188492 -0.006340  -0.011754  -0.010300  0.864501  0.202292  0.460126  -0.492655  0.522514  0.695895  -0.099648  -0.828285  0.551374  0.005520  0.010275  0.011672  -0.217485  0.024986  -0.162055  1.000000  
187.189742 -0.006331  -0.011739  -0.010287  0.864466  0.202283  0.460196  -0.492635  0.523101  0.695469  -0.100048  -0.827918  0.551854  0.005595  0.010381  0.011852  -0.236326  0.017382  -0.172206  1.000000  
187.190742 -0.006323  -0.011726  -0.010273  0.864443  0.202369  0.460201  -0.492621  0.523632  0.695078  -0.100314  -0.827560  0.552341  0.005670  0.010420  0.012167  -0.254195  0.012468  -0.180860  1.000000  
187.191998 -0.006314  -0.011710  -0.010253  0.864396  0.202319  0.460311  -0.492595  0.524357  0.694550  -0.100846  -0.827113  0.552914  0.005709  0.010473  0.012572  -0.274505  0.002453  -0.195829  1.000000  
187.193244 -0.006307  -0.011695  -0.010232  0.864450  0.202162  0.460278  -0.492390  0.525123  0.694117  -0.101379  -0.826666  0.553485  0.005652  0.010577  0.012966  -0.291795  -0.001819  -0.212889  1.000000  
187.194245 -0.006301  -0.011681  -0.010215  0.864415  0.202153  0.460349  -0.492370  0.525708  0.693688  -0.101778  -0.826296  0.553964  0.005710  0.010691  0.013190  -0.311122  -0.012625  -0.218300  1.000000  
187.195250 -0.006295  -0.011669  -0.010197  0.864379  0.202200  0.460395  -0.492350  0.526377  0.693195  -0.102177  -0.825859  0.554542  0.005687  0.010798  0.013544  -0.331438  -0.020181  -0.229500  1.000000  
187.196501 -0.006289  -0.011652  -0.010177  0.864332  0.202263  0.460457  -0.492322  0.527268  0.692537  -0.102710  -0.825275  0.555313  0.005666  0.011086  0.013810  -0.363998  -0.030250  -0.244453  1.000000  
187.197592 -0.006285  -0.011639  -0.010162  0.864284  0.202270  0.460543  -0.492295  0.528074  0.691942  -0.103242  -0.824757  0.555982  0.005650  0.011258  0.013826  -0.387900  -0.043441  -0.251070  1.000000  
187.198742 -0.006279  -0.011622  -0.010142  0.864224  0.202294  0.460646  -0.492261  0.529102  0.691180  -0.103907  -0.824092  0.556844  0.005798  0.011822  0.014109  -0.418283  -0.055745  -0.268351  1.000000  
187.199751 -0.006275  -0.011608  -0.010126  0.864175  0.202357  0.460709  -0.492233  0.529991  0.690519  -0.104440  -0.823506  0.557612  0.005845  0.012212  0.014383  -0.450842  -0.072050  -0.281616  1.000000  
187.200996 -0.006266  -0.011589  -0.010105  0.864114  0.202382  0.460812  -0.492199  0.531017  0.689755  -0.105105  -0.822838  0.558471  0.005961  0.012750  0.014755  -0.479434  -0.084745  -0.300317  1.000000  
187.202245 -0.006259  -0.011569  -0.010085  0.864041  0.202311  0.460981  -0.492157  0.532096  0.688953  -0.105903  -0.822158  0.559321  0.006013  0.013279  0.015307  -0.512665  -0.103148  -0.315101  1.000000  
187.203248 -0.006252  -0.011552  -0.010067  0.863979  0.202281  0.461110  -0.492121  0.533036  0.688251  -0.106569  -0.821556  0.560079  0.005990  0.013690  0.015833  -0.537077  -0.115851  -0.333707  1.000000  
187.204497 -0.006243  -0.011530  -0.010044  0.863904  0.202212  0.461281  -0.492079  0.534113  0.687445  -0.107367  -0.820873  0.560927  0.005955  0.014120  0.016417  -0.566315  -0.134327  -0.348489  1.000000  
187.205497 -0.006236  -0.011513  -0.010027  0.863842  0.202238  0.461386  -0.492043  0.535135  0.686676  -0.108032  -0.820201  0.561782  0.005934  0.014409  0.016682  -0.595505  -0.150301  -0.359478  1.000000  
187.206743 -0.006226  -0.011493  -0.010003  0.863766  0.202226  0.461533  -0.492000  0.536293  0.685803  -0.108830  -0.819447  0.562727  0.005984  0.014763  0.016956  -0.628867  -0.168848  -0.374223  1.000000  
187.207745 -0.006219  -0.011476  -0.009987  0.863703  0.202198  0.461664  -0.491964  0.537230  0.685095  -0.109495  -0.818841  0.563481  0.005998  0.015011  0.016895  -0.650071  -0.184898  -0.385260  1.000000  
187.208994 -0.006212  -0.011456  -0.009968  0.863714  0.202093  0.461688  -0.491735  0.538647  0.684146  -0.110426  -0.817935  0.564614  0.006001  0.015298  0.016746  -0.684981  -0.196143  -0.400335  1.000000  
187.209996 -0.006207  -0.011439  -0.009955  0.863650  0.202178  0.461771  -0.491699  0.539747  0.683305  -0.111091  -0.817189  0.565563  0.005984  0.015482  0.016519  -0.714011  -0.212120  -0.411157  1.000000  
187.211028 -0.006202  -0.011423  -0.009941  0.863572  0.202224  0.461897  -0.491654  0.540983  0.682359  -0.111889  -0.816360  0.566602  0.005965  0.015730  0.016247  -0.748363  -0.229801  -0.424947  1.000000  
187.212260 -0.006195  -0.011402  -0.009923  0.863582  0.202233  0.461875  -0.491425  0.542560  0.681271  -0.112819  -0.815310  0.567927  0.006111  0.016150  0.016264  -0.789443  -0.240482  -0.439777  1.000000  
187.213526 -0.006189  -0.011379  -0.009903  0.863578  0.202203  0.461895  -0.491187  0.544271  0.680077  -0.113883  -0.814176  0.569340  0.006140  0.016410  0.016162  -0.833807  -0.256040  -0.461557  1.000000  
187.214744 -0.006182  -0.011355  -0.009880  0.863572  0.202231  0.461894  -0.490948  0.546062  0.678812  -0.114946  -0.812969  0.570849  0.006162  0.016841  0.016401  -0.883586  -0.269556  -0.480312  1.000000  
187.215745 -0.006176  -0.011335  -0.009862  0.863579  0.202185  0.461900  -0.490717  0.547549  0.677780  -0.115876  -0.811980  0.572068  0.006102  0.017184  0.016523  -0.919452  -0.279595  -0.506158  1.000000  
187.216993 -0.006168  -0.011309  -0.009838  0.863572  0.202325  0.461853  -0.490478  0.549498  0.676375  -0.116939  -0.810627  0.573767  0.006113  0.017620  0.016740  -0.976554  -0.293017  -0.524364  1.000000  
187.218243 -0.006161  -0.011280  -0.009814  0.863564  0.202410  0.461831  -0.490238  0.551361  0.675031  -0.118002  -0.809340  0.575365  0.006071  0.018078  0.016853  -1.025442  -0.306470  -0.542501  1.000000  
187.219492 -0.006153  -0.011253  -0.009791  0.863641  0.202344  0.461715  -0.489812  0.553398  0.673673  -0.119198  -0.807965  0.577048  0.006040  0.018518  0.016910  -1.072005  -0.311156  -0.571047  1.000000  
187.220492 -0.006147  -0.011230  -0.009773  0.863644  0.202356  0.461704  -0.489579  0.554955  0.672560  -0.120128  -0.806893  0.578353  0.005909  0.018884  0.016897  -1.112801  -0.319048  -0.594162  1.000000  
187.221741 -0.006140  -0.011203  -0.009752  0.863719  0.202403  0.461543  -0.489152  0.557147  0.671057  -0.121323  -0.805370  0.580224  0.005717  0.019324  0.016782  -1.166637  -0.321306  -0.618516  1.000000  
187.222742 -0.006136  -0.011181  -0.009736  0.863822  0.202413  0.461347  -0.488740  0.558903  0.669896  -0.122253  -0.804150  0.581719  0.005586  0.019692  0.016770  -1.216359  -0.326905  -0.638275  1.000000  
187.223742 -0.006133  -0.011160  -0.009720  0.863822  0.202538  0.461292  -0.488505  0.560614  0.668636  -0.123182  -0.802926  0.583211  0.005386  0.020054  0.016783  -1.260331  -0.332373  -0.656530  1.000000  
187.224990 -0.006128  -0.011133  -0.009701  0.863879  0.202491  0.461206  -0.488068  0.562846  0.667079  -0.124510  -0.801375  0.585060  0.005277  0.020409  0.016876  -1.305134  -0.337467  -0.684118  1.000000  
187.225991 -0.006125  -0.011113  -0.009686  0.863863  0.202468  0.461246  -0.487824  0.564521  0.665840  -0.125572  -0.800201  0.586438  0.005134  0.020703  0.017053  -1.336530  -0.345604  -0.705793  1.000000  
187.226992 -0.006122  -0.011092  -0.009669  0.863931  0.202403  0.461146  -0.487394  0.566530  0.664448  -0.126767  -0.798797  0.588093  0.005023  0.020974  0.017205  -1.379185  -0.348346  -0.731280  1.000000  
187.228005 -0.006118  -0.011070  -0.009652  0.863998  0.202283  0.461073  -0.486963  0.568454  0.663119  -0.127961  -0.797459  0.589648  0.004887  0.021306  0.017281  -1.421058  -0.351457  -0.759172  1.000000  
187.229246 -0.006113  -0.011041  -0.009630  0.864034  0.202314  0.460994  -0.486514  0.570961  0.661293  -0.129421  -0.795659  0.591758  0.004803  0.021697  0.017298  -1.472754  -0.357015  -0.785883  1.000000  
187.230494 -0.006108  -0.011010  -0.009609  0.864067  0.202400  0.460893  -0.486065  0.573540  0.659389  -0.130880  -0.793780  0.593957  0.004679  0.021996  0.017099  -1.531493  -0.363008  -0.814808  1.000000  
187.231495 -0.006103  -0.010985  -0.009595  0.864129  0.202449  0.460755  -0.485631  0.575689  0.657833  -0.132074  -0.792210  0.595785  0.004608  0.022301  0.016765  -1.583264  -0.366847  -0.843580  1.000000  
187.232742 -0.006097  -0.010953  -0.009575  0.864143  0.202557  0.460682  -0.485171  0.578466  0.655734  -0.133665  -0.790157  0.598152  0.004431  0.022606  0.016496  -1.645283  -0.372696  -0.869263  1.000000  
187.233991 -0.006091  -0.010920  -0.009555  0.864154  0.202722  0.460588  -0.484709  0.581313  0.653553  -0.135256  -0.788022  0.600606  0.004317  0.022949  0.016334  -1.716137  -0.376624  -0.894498  1.000000  
187.234991 -0.006088  -0.010894  -0.009538  0.864179  0.202701  0.460550  -0.484256  0.583705  0.651755  -0.136714  -0.786258  0.602585  0.004139  0.023175  0.016194  -1.766677  -0.382977  -0.923392  1.000000  
187.235994 -0.006085  -0.010868  -0.009520  0.864118  0.202893  0.460580  -0.483988  0.585997  0.649895  -0.138039  -0.784501  0.604568  0.003953  0.023465  0.016319  -1.829189  -0.393026  -0.948900  1.000000  
187.237012 -0.006082  -0.010842  -0.009501  0.864156  0.202965  0.460478  -0.483542  0.588325  0.648122  -0.139364  -0.782738  0.606546  0.003791  0.023689  0.016439  -1.883188  -0.396716  -0.973863  1.000000  
187.238243 -0.006079  -0.010810  -0.009476  0.864142  0.203211  0.460396  -0.483067  0.591426  0.645649  -0.141087  -0.780334  0.609240  0.003649  0.024086  0.016811  -1.951600  -0.406124  -1.002270  1.000000  
187.239491 -0.006078  -0.010777  -0.009451  0.864142  0.203606  0.460221  -0.482600  0.594543  0.643130  -0.142676  -0.777858  0.612029  0.003446  0.024522  0.017218  -2.027272  -0.416554  -1.023218  1.000000  
187.240742 -0.006075  -0.010744  -0.009425  0.864122  0.203856  0.460147  -0.482122  0.597621  0.640631  -0.144397  -0.775430  0.614701  0.003407  0.025024  0.017665  -2.093777  -0.424257  -1.051670  1.000000  
187.241992 -0.006071  -0.010710  -0.009401  0.864083  0.204072  0.460125  -0.481634  0.600815  0.638005  -0.146251  -0.772901  0.617442  0.003371  0.025436  0.017866  -2.161567  -0.440464  -1.079767  1.000000  
187.243244 -0.006067  -0.010676  -0.009377  0.864023  0.204258  0.460155  -0.481134  0.604124  0.635251  -0.148236  -0.770268  0.620252  0.003362  0.025936  0.018065  -2.228646  -0.459508  -1.110958  1.000000  
187.244504 -0.006061  -0.010640  -0.009355  0.863959  0.204446  0.460191  -0.480633  0.607419  0.632483  -0.150220  -0.767622  0.623049  0.003370  0.026326  0.018107  -2.297879  -0.474753  -1.140380  1.000000  
187.245745 -0.006056  -0.010606  -0.009333  0.863793  0.204931  0.460288  -0.480308  0.610887  0.629382  -0.152204  -0.764736  0.626110  0.003337  0.026583  0.018198  -2.368142  -0.495932  -1.158358  1.000000  
187.246997 -0.006049  -0.010570  -0.009313  0.863722  0.205293  0.460260  -0.479803  0.614381  0.626359  -0.154187  -0.761834  0.629155  0.003368  0.026833  0.018260  -2.442940  -0.514927  -1.191603  1.000000  
187.248002 -0.006045  -0.010542  -0.009294  0.863585  0.205573  0.460392  -0.479494  0.617189  0.623830  -0.155906  -0.759485  0.631566  0.003294  0.026934  0.018525  -2.499488  -0.534450  -1.211613  1.000000  
187.249011 -0.006042  -0.010515  -0.009275  0.863445  0.205857  0.460527  -0.479184  0.619986  0.621290  -0.157624  -0.757127  0.633967  0.003245  0.026963  0.018669  -2.555267  -0.553913  -1.231162  1.000000  
187.250259 -0.006038  -0.010482  -0.009250  0.863247  0.206326  0.460689  -0.478841  0.623519  0.618009  -0.159737  -0.754092  0.637048  0.003281  0.027044  0.018926  -2.629194  -0.582786  -1.250014  1.000000  
187.251495 -0.006035  -0.010448  -0.009224  0.863044  0.206912  0.460806  -0.478497  0.627183  0.614559  -0.161850  -0.750885  0.640293  0.003235  0.027115  0.019099  -2.704151  -0.612324  -1.269015  1.000000  
187.252742 -0.006031  -0.010415  -0.009199  0.862936  0.207374  0.460801  -0.477972  0.630871  0.611183  -0.163962  -0.747662  0.643520  0.003332  0.027201  0.019171  -2.777062  -0.639167  -1.295086  1.000000  
187.253992 -0.006028  -0.010381  -0.009175  0.862726  0.208026  0.460901  -0.477623  0.634570  0.607616  -0.166074  -0.744343  0.646818  0.003364  0.027301  0.019106  -2.855298  -0.666110  -1.309766  1.000000  
187.255245 -0.006023  -0.010345  -0.009150  0.862491  0.208766  0.461005  -0.477262  0.638517  0.603753  -0.168316  -0.740752  0.650351  0.003525  0.027435  0.019019  -2.949284  -0.696015  -1.327445  1.000000  
187.256492 -0.006019  -0.010310  -0.009125  0.862310  0.209263  0.461118  -0.476698  0.642651  0.599799  -0.170822  -0.737027  0.653919  0.003611  0.027606  0.019015  -3.028763  -0.720762  -1.356517  1.000000  
187.257492 -0.006015  -0.010281  -0.009105  0.862127  0.209827  0.461205  -0.476365  0.645827  0.596644  -0.172667  -0.734084  0.656739  0.003641  0.027690  0.019108  -3.105515  -0.745797  -1.372372  1.000000  
187.258492 -0.006011  -0.010253  -0.009084  0.861940  0.210394  0.461295  -0.476030  0.648988  0.593473  -0.174512  -0.731128  0.659543  0.003579  0.027694  0.019298  -3.164775  -0.768464  -1.378508  1.000000  
187.259742 -0.006008  -0.010218  -0.009058  0.861786  0.211080  0.461269  -0.475482  0.652962  0.589540  -0.176751  -0.727383  0.663078  0.003500  0.027746  0.019545  -3.243655  -0.790741  -1.395424  1.000000  
187.261017 -0.006005  -0.010183  -0.009032  0.861586  0.211658  0.461380  -0.474909  0.657075  0.585418  -0.179253  -0.723501  0.666644  0.003315  0.027669  0.019853  -3.324459  -0.817463  -1.419569  1.000000  
187.262249 -0.006003  -0.010150  -0.009006  0.861541  0.212415  0.461115  -0.474191  0.661135  0.581415  -0.181358  -0.719569  0.670320  0.003021  0.027518  0.020129  -3.403449  -0.835739  -1.430679  1.000000  
187.263264 -0.006003  -0.010125  -0.008985  0.861437  0.213033  0.461025  -0.473671  0.664473  0.578023  -0.183200  -0.716305  0.673309  0.002755  0.027301  0.020263  -3.466167  -0.849911  -1.448901  1.000000  
187.264497 -0.006003  -0.010095  -0.008961  0.861286  0.213991  0.460863  -0.473127  0.668511  0.573798  -0.185304  -0.712251  0.677024  0.002444  0.027091  0.020214  -3.544231  -0.865460  -1.455855  1.000000  
187.265752 -0.006004  -0.010066  -0.008939  0.861206  0.214843  0.460615  -0.472391  0.672749  0.569435  -0.187539  -0.707991  0.680865  0.002159  0.026813  0.020032  -3.623362  -0.878660  -1.469641  1.000000  
187.266997 -0.006005  -0.010037  -0.008919  0.861099  0.215673  0.460427  -0.471640  0.677070  0.564918  -0.189904  -0.703606  0.684744  0.001822  0.026528  0.019682  -3.703419  -0.896690  -1.486132  1.000000  
187.268002 -0.006006  -0.010014  -0.008904  0.861032  0.216002  0.460400  -0.470912  0.680452  0.561451  -0.192006  -0.700234  0.687609  0.001633  0.026248  0.019372  -3.758118  -0.913368  -1.508248  1.000000  
187.269244 -0.006008  -0.009985  -0.008884  0.860937  0.216923  0.460144  -0.470170  0.684671  0.556926  -0.194237  -0.695824  0.691449  0.001240  0.025870  0.018957  -3.830671  -0.930805  -1.525522  1.000000  
187.270492 -0.006009  -0.009957  -0.008864  0.860910  0.217680  0.459835  -0.469235  0.689013  0.552339  -0.196599  -0.691286  0.695322  0.000874  0.025370  0.018710  -3.909585  -0.943220  -1.546986  1.000000  
187.271742 -0.006010  -0.009928  -0.008843  0.860878  0.218442  0.459535  -0.468299  0.693322  0.547723  -0.198960  -0.686722  0.699162  0.000464  0.024921  0.018465  -3.983855  -0.952835  -1.564762  1.000000  
187.272992 -0.006011  -0.009899  -0.008821  0.860864  0.219398  0.459106  -0.467373  0.697686  0.542953  -0.201189  -0.681982  0.703153  0.000156  0.024529  0.018248  -4.062464  -0.956956  -1.575771  1.000000  
187.273992 -0.006013  -0.009877  -0.008802  0.860843  0.220209  0.458756  -0.466673  0.701076  0.539173  -0.202892  -0.678233  0.706282  -0.000252  0.024101  0.018050  -4.118680  -0.956789  -1.581528  1.000000  
187.275244 -0.006017  -0.009850  -0.008780  0.860819  0.221170  0.458339  -0.465743  0.705376  0.534348  -0.205119  -0.673445  0.710210  -0.000748  0.023544  0.017829  -4.188985  -0.961492  -1.592488  1.000000  
187.276496 -0.006021  -0.009824  -0.008758  0.860838  0.222403  0.457705  -0.464838  0.709683  0.529411  -0.207083  -0.668496  0.714303  -0.001107  0.023074  0.017609  -4.261613  -0.955475  -1.601192  1.000000  
187.277759 -0.006026  -0.009799  -0.008736  0.860829  0.223558  0.457161  -0.463917  0.713994  0.524397  -0.209177  -0.663501  0.718339  -0.001609  0.022485  0.017198  -4.336180  -0.953365  -1.607455  1.000000  
187.279001 -0.006032  -0.009775  -0.008716  0.860789  0.224693  0.456678  -0.462982  0.718373  0.519219  -0.211400  -0.658372  0.722396  -0.001936  0.022088  0.016907  -4.407272  -0.951912  -1.617138  1.000000  
187.280252 -0.006037  -0.009751  -0.008695  0.860674  0.226057  0.456222  -0.462235  0.722623  0.513960  -0.213492  -0.653234  0.726434  -0.002254  0.021722  0.016783  -4.480026  -0.951154  -1.620963  1.000000  
187.281498 -0.006043  -0.009727  -0.008676  0.860580  0.227556  0.455654  -0.461500  0.726854  0.508627  -0.215453  -0.647999  0.730533  -0.002525  0.021378  0.016693  -4.553817  -0.951439  -1.619592  1.000000  
187.282746 -0.006048  -0.009704  -0.008655  0.860551  0.228775  0.455097  -0.460572  0.731070  0.503399  -0.217543  -0.642806  0.734491  -0.002891  0.021005  0.016870  -4.618502  -0.946314  -1.628592  1.000000  
187.283999 -0.006054  -0.009681  -0.008635  0.860423  0.230259  0.454592  -0.459820  0.735319  0.497867  -0.219632  -0.637406  0.738563  -0.003157  0.020626  0.016915  -4.687690  -0.946259  -1.632417  1.000000  
187.285009 -0.006058  -0.009663  -0.008618  0.860300  0.231646  0.454119  -0.459299  0.738720  0.493292  -0.221198  -0.632956  0.741916  -0.003354  0.020302  0.016957  -4.737663  -0.943063  -1.625896  1.000000  
187.286243 -0.006064  -0.009641  -0.008595  0.860164  0.233081  0.453643  -0.458544  0.742831  0.487791  -0.223285  -0.627595  0.745834  -0.003727  0.019877  0.017116  -4.785812  -0.938440  -1.620711  1.000000  
187.287492 -0.006069  -0.009618  -0.008573  0.860023  0.234575  0.453140  -0.457787  0.746957  0.482168  -0.225371  -0.622117  0.749786  -0.003919  0.019508  0.017071  -4.839803  -0.937313  -1.613475  1.000000  
187.288492 -0.006075  -0.009601  -0.008556  0.859890  0.235970  0.452666  -0.457262  0.750257  0.477520  -0.226935  -0.617602  0.753039  -0.004168  0.019137  0.017078  -4.890111  -0.934268  -1.607460  1.000000  
187.289492 -0.006081  -0.009585  -0.008539  0.859850  0.237158  0.452122  -0.456560  0.753519  0.473036  -0.228498  -0.613161  0.756189  -0.004493  0.018698  0.016955  -4.941013  -0.929971  -1.605186  1.000000  
187.290742 -0.006090  -0.009565  -0.008516  0.859604  0.238926  0.451659  -0.455975  0.757593  0.467054  -0.230582  -0.607426  0.760174  -0.004766  0.018277  0.016989  -5.005126  -0.931078  -1.591315  1.000000  
187.291994 -0.006098  -0.009545  -0.008493  0.859419  0.240528  0.451159  -0.455198  0.761762  0.460992  -0.232795  -0.601552  0.764161  -0.004990  0.017863  0.017043  -5.054434  -0.940594  -1.588477  1.000000  
187.293246 -0.006107  -0.009527  -0.008468  0.859230  0.242080  0.450690  -0.454418  0.765826  0.454989  -0.235006  -0.595742  0.768026  -0.005221  0.017524  0.017342  -5.108202  -0.951332  -1.583045  1.000000  
187.294247 -0.006114  -0.009511  -0.008446  0.859082  0.243544  0.450182  -0.453887  0.769006  0.450129  -0.236567  -0.591030  0.771181  -0.005406  0.017251  0.017714  -5.148893  -0.955762  -1.574123  1.000000  
187.295258 -0.006120  -0.009496  -0.008422  0.858932  0.245065  0.449643  -0.453356  0.772208  0.445155  -0.238126  -0.586206  0.774376  -0.005552  0.016905  0.018248  -5.192576  -0.959310  -1.568713  1.000000  
187.296503 -0.006129  -0.009477  -0.008392  0.858787  0.246876  0.448928  -0.452601  0.776177  0.438977  -0.240075  -0.580173  0.778308  -0.005743  0.016628  0.018953  -5.247193  -0.964410  -1.548577  1.000000  
187.297750 -0.006136  -0.009459  -0.008359  0.858546  0.248850  0.448300  -0.452022  0.780044  0.432674  -0.242023  -0.574113  0.782189  -0.005900  0.016297  0.019854  -5.306208  -0.962451  -1.522685  1.000000  
187.298998 -0.006143  -0.009440  -0.008325  0.858451  0.250910  0.447333  -0.451296  0.783943  0.426340  -0.243710  -0.567871  0.786211  -0.005899  0.016096  0.020655  -5.361163  -0.959056  -1.503960  1.000000  
187.300247 -0.006149  -0.009421  -0.008292  0.858202  0.252891  0.446695  -0.450714  0.787705  0.419974  -0.245656  -0.561754  0.789991  -0.006020  0.015751  0.021473  -5.407572  -0.967662  -1.478165  1.000000  
187.301248 -0.006154  -0.009408  -0.008265  0.858100  0.254303  0.446087  -0.449984  0.790895  0.414727  -0.247342  -0.556610  0.793100  -0.006000  0.015491  0.022053  -5.451294  -0.972462  -1.469731  1.000000  
187.302250 -0.006159  -0.009394  -0.008239  0.857933  0.255947  0.445469  -0.449446  0.793962  0.409416  -0.248897  -0.551466  0.796200  -0.006049  0.015180  0.022641  -5.492443  -0.978086  -1.453139  1.000000  
187.303500 -0.006167  -0.009379  -0.008206  0.857736  0.257763  0.444801  -0.448668  0.797720  0.402914  -0.250970  -0.545162  0.799883  -0.006135  0.014769  0.023436  -5.533560  -0.989028  -1.438065  1.000000  
187.304747 -0.006175  -0.009364  -0.008172  0.857597  0.259462  0.444080  -0.447696  0.801606  0.396227  -0.253171  -0.538616  0.803615  -0.006120  0.014435  0.024303  -5.581906  -0.999405  -1.431039  1.000000  
187.305750 -0.006182  -0.009352  -0.008143  0.857451  0.260821  0.443565  -0.446947  0.804665  0.390836  -0.254983  -0.533372  0.806534  -0.006132  0.014142  0.024958  -5.617661  -1.014650  -1.430816  1.000000  
187.306998 -0.006191  -0.009339  -0.008107  0.857302  0.262528  0.442845  -0.445972  0.808445  0.384090  -0.257182  -0.526778  0.810162  -0.006203  0.013709  0.025856  -5.653895  -1.028791  -1.426205  1.000000  
187.307999 -0.006199  -0.009329  -0.008076  0.857240  0.263782  0.442220  -0.445043  0.811520  0.378645  -0.258991  -0.521396  0.813062  -0.006239  0.013380  0.026554  -5.690201  -1.036980  -1.428725  1.000000  
187.309251 -0.006208  -0.009317  -0.008037  0.857141  0.265267  0.441523  -0.443872  0.815280  0.371882  -0.261317  -0.514735  0.816555  -0.006280  0.012912  0.027334  -5.726012  -1.050063  -1.431338  1.000000  
187.310497 -0.006217  -0.009305  -0.007995  0.857067  0.266817  0.440731  -0.442716  0.818949  0.365137  -0.263512  -0.508066  0.820019  -0.006310  0.012471  0.028084  -5.750690  -1.056364  -1.437006  1.000000  
187.311507 -0.006224  -0.009297  -0.007962  0.857082  0.267909  0.440039  -0.441606  0.821944  0.359710  -0.265318  -0.502625  0.822784  -0.006319  0.012007  0.028621  -5.776613  -1.060048  -1.443554  1.000000  
187.312747 -0.006231  -0.009286  -0.007921  0.857088  0.269081  0.439312  -0.440270  0.825391  0.353401  -0.267511  -0.496312  0.825901  -0.006309  0.011541  0.029204  -5.792112  -1.065916  -1.457832  1.000000  
187.313748 -0.006238  -0.009278  -0.007886  0.857125  0.270235  0.438531  -0.439175  0.828272  0.347981  -0.269186  -0.490855  0.828613  -0.006456  0.010961  0.029782  -5.813645  -1.067128  -1.462554  1.000000  
187.314998 -0.006247  -0.009269  -0.007842  0.857152  0.271893  0.437452  -0.437853  0.831923  0.340865  -0.271247  -0.483713  0.832134  -0.006669  0.010367  0.030500  -5.844068  -1.068017  -1.475309  1.000000  
187.316246 -0.006257  -0.009260  -0.007797  0.857230  0.273111  0.436540  -0.436336  0.835432  0.334162  -0.273436  -0.476932  0.835326  -0.006905  0.009819  0.031246  -5.869242  -1.065611  -1.494811  1.000000  
187.317248 -0.006266  -0.009254  -0.007759  0.857343  0.274093  0.435702  -0.435061  0.838234  0.328763  -0.275109  -0.471419  0.837902  -0.007172  0.009302  0.032007  -5.887276  -1.063209  -1.504777  1.000000  
187.318492 -0.006279  -0.009247  -0.007711  0.857531  0.275194  0.434637  -0.433382  0.841666  0.322147  -0.277166  -0.464615  0.841018  -0.007504  0.008789  0.032963  -5.896631  -1.057196  -1.528269  1.000000  
187.319492 -0.006290  -0.009242  -0.007672  0.857667  0.276176  0.433744  -0.432121  0.844317  0.316859  -0.278708  -0.459190  0.843485  -0.007784  0.008285  0.033771  -5.910530  -1.055235  -1.538368  1.000000  
187.320492 -0.006302  -0.009238  -0.007632  0.857854  0.277034  0.432826  -0.430667  0.847092  0.311387  -0.280378  -0.453528  0.845991  -0.008157  0.007829  0.034564  -5.925568  -1.045071  -1.564235  1.000000  
187.321497 -0.006315  -0.009233  -0.007592  0.857982  0.277961  0.431977  -0.429405  0.849632  0.306166  -0.281919  -0.448178  0.848327  -0.008528  0.007372  0.035348  -5.925980  -1.039581  -1.571790  1.000000  
187.322743 -0.006332  -0.009228  -0.007541  0.858180  0.279005  0.430910  -0.427738  0.852767  0.299713  -0.283844  -0.441524  0.851169  -0.008985  0.006881  0.036199  -5.926657  -1.018437  -1.590492  1.000000  
187.323745 -0.006345  -0.009225  -0.007501  0.858298  0.280087  0.429971  -0.426474  0.855335  0.294145  -0.285383  -0.435836  0.853583  -0.009388  0.006472  0.036787  -5.945755  -1.016344  -1.602290  1.000000  
187.324993 -0.006363  -0.009220  -0.007449  0.858431  0.281408  0.428841  -0.424999  0.858322  0.287504  -0.287178  -0.429060  0.856409  -0.010092  0.006041  0.037798  -5.943425  -1.010485  -1.613962  1.000000  
187.326242 -0.006382  -0.009216  -0.007398  0.858594  0.282726  0.427648  -0.423540  0.861195  0.280995  -0.288844  -0.422386  0.859162  -0.010654  0.005461  0.038230  -5.935374  -0.997534  -1.629211  1.000000  
187.327243 -0.006397  -0.009214  -0.007354  0.858682  0.283821  0.426745  -0.422485  0.863356  0.275905  -0.290125  -0.417208  0.861258  -0.011250  0.005078  0.038925  -5.924838  -0.989391  -1.635465  1.000000  
187.328260 -0.006412  -0.009212  -0.007309  0.858854  0.284789  0.425753  -0.421252  0.865576  0.270785  -0.291405  -0.411914  0.863371  -0.011949  0.004561  0.039694  -5.906952  -0.982725  -1.648993  1.000000  
187.329500 -0.006433  -0.009211  -0.007250  0.859003  0.286151  0.424537  -0.419791  0.868344  0.264111  -0.293068  -0.405089  0.866033  -0.012715  0.004094  0.040649  -5.907995  -0.975233  -1.668763  1.000000  
187.330747 -0.006455  -0.009210  -0.007188  0.859097  0.287633  0.423343  -0.418523  0.870911  0.257590  -0.294603  -0.398474  0.868578  -0.013508  0.003538  0.041800  -5.891281  -0.964653  -1.662647  1.000000  
187.331748 -0.006473  -0.009209  -0.007136  0.859172  0.288722  0.422449  -0.417466  0.872924  0.252439  -0.295881  -0.393247  0.870523  -0.014143  0.003120  0.042873  -5.872138  -0.961102  -1.671507  1.000000  
187.332991 -0.006496  -0.009210  -0.007069  0.859208  0.290427  0.421204  -0.416391  0.875316  0.245846  -0.297287  -0.386619  0.873010  -0.014822  0.002679  0.044090  -5.863417  -0.947976  -1.664736  1.000000  
187.333997 -0.006515  -0.009210  -0.007015  0.859314  0.291558  0.420207  -0.415350  0.877234  0.240718  -0.298436  -0.381386  0.874917  -0.015441  0.002269  0.045261  -5.845852  -0.932194  -1.659384  1.000000  
187.335246 -0.006540  -0.009210  -0.006944  0.859344  0.293105  0.419067  -0.414274  0.879448  0.234411  -0.299841  -0.375048  0.877174  -0.016123  0.001873  0.046642  -5.815047  -0.910787  -1.648434  1.000000  
187.336492 -0.006565  -0.009210  -0.006872  0.859323  0.295078  0.417724  -0.413392  0.881643  0.227623  -0.301117  -0.368286  0.879599  -0.016680  0.001525  0.048042  -5.812261  -0.899169  -1.620834  1.000000  
187.337492 -0.006585  -0.009210  -0.006811  0.859250  0.296566  0.416818  -0.412704  0.883326  0.222283  -0.302265  -0.363020  0.881392  -0.017180  0.001272  0.049302  -5.794205  -0.893283  -1.606553  1.000000  
187.338742 -0.006611  -0.009211  -0.006736  0.859224  0.298281  0.415646  -0.411821  0.885295  0.216001  -0.303540  -0.356765  0.883505  -0.017694  0.000938  0.051009  -5.766087  -0.876542  -1.577267  1.000000  
187.339993 -0.006637  -0.009212  -0.006657  0.859196  0.300045  0.414434  -0.410938  0.887242  0.209597  -0.304815  -0.350391  0.885615  -0.018348  0.000512  0.053039  -5.762730  -0.866597  -1.555869  1.000000  
187.341242 -0.006664  -0.009213  -0.006574  0.859118  0.301930  0.413225  -0.410249  0.889011  0.203359  -0.305961  -0.344235  0.887632  -0.018872  0.000158  0.055080  -5.710074  -0.847865  -1.507925  1.000000  
187.342492 -0.006690  -0.009216  -0.006489  0.859001  0.303921  0.412007  -0.409542  0.890826  0.196733  -0.307235  -0.337728  0.889689  -0.019381  -0.000232  0.057209  -5.701647  -0.839587  -1.469619  1.000000  
187.343742 -0.006717  -0.009221  -0.006402  0.858835  0.305985  0.410824  -0.409028  0.892440  0.190385  -0.308381  -0.331548  0.891615  -0.019770  -0.000629  0.058949  -5.680123  -0.833561  -1.425953  1.000000  
187.344752 -0.006739  -0.009225  -0.006331  0.858742  0.307529  0.409864  -0.408550  0.893702  0.185428  -0.309271  -0.326685  0.893100  -0.020195  -0.001031  0.060682  -5.634638  -0.824746  -1.390014  1.000000  
187.346001 -0.006767  -0.009232  -0.006239  0.858657  0.309355  0.408666  -0.407860  0.895276  0.179251  -0.310416  -0.320594  0.894909  -0.020547  -0.001522  0.062580  -5.604391  -0.813302  -1.344407  1.000000  
187.347014 -0.006790  -0.009238  -0.006165  0.858562  0.310846  0.407733  -0.407382  0.896454  0.174387  -0.311307  -0.315825  0.896294  -0.020885  -0.001913  0.064029  -5.572752  -0.807235  -1.303620  1.000000  
187.348248 -0.006818  -0.009245  -0.006070  0.858390  0.312803  0.406596  -0.406867  0.897866  0.168215  -0.312451  -0.309825  0.897988  -0.021208  -0.002368  0.066022  -5.544596  -0.804320  -1.248704  1.000000  
187.349495 -0.006847  -0.009254  -0.005973  0.858263  0.314537  0.405527  -0.406158  0.899317  0.162065  -0.313721  -0.303803  0.899602  -0.021542  -0.002973  0.067764  -5.508966  -0.806104  -1.203205  1.000000  
