1-Time 2-Px 3-Py 4-Pz 5-R11 6-R21 7-R31 8-R12 9-R22 10-R32 11-R13 12-R23 13-R33 14-Vx 15-Vy 16-Vz 17-Wx 18-Wy 19-Wz 20-state
152.134318 -0.027903  -0.035286  -0.018843  0.528071  0.808911  0.258466  -0.830518  0.555442  -0.041517  -0.177146  -0.192737  0.965128  -0.003622  0.000223  -0.001659  0.000000  0.000000  0.000000  1.000000  
152.135547 -0.027903  -0.035284  -0.018844  0.528071  0.808911  0.258466  -0.830518  0.555442  -0.041517  -0.177146  -0.192737  0.965128  0.000336  0.002104  -0.000838  0.000000  0.000000  0.000000  1.000000  
152.136570 -0.027886  -0.035269  -0.018838  0.528071  0.808911  0.258466  -0.830518  0.555442  -0.041517  -0.177146  -0.192737  0.965128  0.008725  0.008125  0.002642  0.000000  0.000000  0.000000  1.000000  
152.137812 -0.027857  -0.035244  -0.018828  0.528071  0.808942  0.258368  -0.830518  0.555437  -0.041584  -0.177146  -0.192620  0.965151  0.014220  0.012711  0.004557  0.000000  0.000000  0.000000  1.000000  
152.139045 -0.027838  -0.035224  -0.018819  0.528071  0.808942  0.258368  -0.830518  0.555437  -0.041584  -0.177146  -0.192620  0.965151  0.014552  0.013660  0.005270  0.000000  0.000000  0.000000  1.000000  
152.140051 -0.027827  -0.035211  -0.018809  0.528071  0.808974  0.258269  -0.830518  0.555432  -0.041652  -0.177146  -0.192502  0.965175  0.013971  0.013602  0.006167  0.000000  0.000000  0.000000  1.000000  
152.141062 -0.027809  -0.035194  -0.018798  0.528071  0.809005  0.258171  -0.830518  0.555427  -0.041719  -0.177146  -0.192385  0.965198  0.014541  0.014033  0.006833  0.000000  0.000000  0.000000  1.000000  
152.142305 -0.027782  -0.035167  -0.018788  0.528071  0.809036  0.258073  -0.830518  0.555422  -0.041786  -0.177146  -0.192268  0.965221  0.015667  0.015256  0.007057  0.000000  0.000000  0.000000  1.000000  
152.143545 -0.027760  -0.035142  -0.018782  0.527900  0.809150  0.258065  -0.830627  0.555255  -0.041840  -0.177146  -0.192268  0.965221  0.015891  0.015960  0.006719  0.000000  0.000000  0.000000  1.000000  
152.144798 -0.027747  -0.035123  -0.018776  0.527900  0.809150  0.258065  -0.830627  0.555255  -0.041840  -0.177146  -0.192268  0.965221  0.015268  0.015900  0.006518  0.000000  0.000000  0.000000  1.000000  
152.146071 -0.027733  -0.035104  -0.018767  0.527887  0.809137  0.258134  -0.830607  0.555277  -0.041949  -0.177278  -0.192264  0.965198  0.014782  0.015739  0.006626  0.000000  0.000000  0.000000  1.000000  
152.147291 -0.027712  -0.035077  -0.018758  0.527887  0.809137  0.258134  -0.830607  0.555277  -0.041949  -0.177278  -0.192264  0.965198  0.014986  0.016380  0.006672  0.000000  0.000000  0.000000  1.000000  
152.148542 -0.027685  -0.035042  -0.018748  0.527703  0.809206  0.258293  -0.830696  0.555137  -0.042043  -0.177410  -0.192376  0.965151  0.015587  0.017434  0.006780  0.000000  0.000000  0.000000  1.000000  
152.149791 -0.027652  -0.035002  -0.018733  0.527349  0.809358  0.258541  -0.830893  0.554836  -0.042124  -0.177541  -0.192606  0.965081  0.016832  0.018888  0.007329  0.000000  0.000000  0.000000  1.000000  
152.150792 -0.027621  -0.034969  -0.018716  0.527336  0.809281  0.258806  -0.830873  0.554868  -0.042099  -0.177673  -0.192835  0.965011  0.018639  0.020803  0.008462  0.000000  0.000000  0.000000  1.000000  
152.151792 -0.027587  -0.034934  -0.018700  0.527336  0.809250  0.258905  -0.830873  0.554873  -0.042031  -0.177673  -0.192952  0.964988  0.019458  0.022104  0.009136  0.000000  0.000000  0.000000  1.000000  
152.153041 -0.027542  -0.034884  -0.018680  0.527165  0.809364  0.258896  -0.830981  0.554706  -0.042085  -0.177673  -0.192952  0.964988  0.020663  0.023670  0.009726  0.000000  0.000000  0.000000  1.000000  
152.154049 -0.027507  -0.034842  -0.018666  0.526994  0.809447  0.258985  -0.831090  0.554545  -0.042071  -0.177673  -0.193069  0.964965  0.022208  0.025629  0.010245  0.000000  0.000000  0.000000  1.000000  
152.155291 -0.027470  -0.034792  -0.018648  0.526664  0.809689  0.258899  -0.831327  0.554190  -0.042068  -0.177541  -0.193074  0.964988  0.023500  0.027646  0.010637  0.000000  0.000000  0.000000  1.000000  
152.156294 -0.027444  -0.034754  -0.018634  0.526493  0.809803  0.258890  -0.831435  0.554023  -0.042121  -0.177541  -0.193074  0.964988  0.023959  0.028993  0.010848  0.000000  0.000000  0.000000  1.000000  
152.157294 -0.027419  -0.034718  -0.018618  0.526322  0.809948  0.258783  -0.831543  0.553851  -0.042242  -0.177541  -0.192957  0.965011  0.024190  0.029985  0.011343  0.000000  0.000000  0.000000  1.000000  
152.158545 -0.027389  -0.034674  -0.018594  0.526163  0.810076  0.258706  -0.831672  0.553663  -0.042186  -0.177410  -0.192961  0.965035  0.024733  0.031187  0.012561  0.000000  0.000000  0.000000  1.000000  
152.159792 -0.027366  -0.034632  -0.018565  0.525833  0.810349  0.258521  -0.831908  0.553302  -0.042251  -0.177278  -0.192849  0.965081  0.025411  0.032710  0.014049  0.000000  0.000000  0.000000  1.000000  
152.161041 -0.027348  -0.034590  -0.018537  0.525504  0.810622  0.258336  -0.832145  0.552941  -0.042315  -0.177146  -0.192737  0.965128  0.025727  0.034380  0.015314  0.000000  0.000000  0.000000  1.000000  
152.162292 -0.027326  -0.034542  -0.018512  0.525345  0.810750  0.258259  -0.832273  0.552753  -0.042259  -0.177015  -0.192741  0.965151  0.025863  0.035812  0.016512  0.000000  0.000000  0.000000  1.000000  
152.163542 -0.027291  -0.034490  -0.018489  0.525345  0.810750  0.258259  -0.832273  0.552753  -0.042259  -0.177015  -0.192741  0.965151  0.026318  0.036789  0.017265  0.000000  0.000000  0.000000  1.000000  
152.164549 -0.027259  -0.034446  -0.018470  0.525174  0.810832  0.258348  -0.832381  0.552591  -0.042245  -0.177015  -0.192858  0.965128  0.026602  0.037674  0.017819  0.000000  0.000000  0.000000  1.000000  
152.165795 -0.027221  -0.034395  -0.018448  0.525002  0.810915  0.258438  -0.832489  0.552429  -0.042231  -0.177015  -0.192975  0.965104  0.026585  0.038377  0.017886  0.000000  0.000000  0.000000  1.000000  
152.167042 -0.027187  -0.034346  -0.018425  0.524818  0.810983  0.258596  -0.832577  0.552289  -0.042327  -0.177146  -0.193088  0.965058  0.025943  0.038515  0.018071  0.000000  0.000000  0.000000  1.000000  
152.168048 -0.027159  -0.034308  -0.018408  0.524818  0.810952  0.258695  -0.832577  0.552294  -0.042260  -0.177146  -0.193205  0.965034  0.025365  0.038387  0.018196  0.000000  0.000000  0.000000  1.000000  
152.169291 -0.027126  -0.034260  -0.018386  0.524659  0.811048  0.258716  -0.832705  0.552111  -0.042137  -0.177015  -0.193327  0.965034  0.024874  0.038181  0.018354  0.000000  0.000000  0.000000  1.000000  
152.170296 -0.027102  -0.034225  -0.018370  0.524659  0.811017  0.258814  -0.832705  0.552116  -0.042070  -0.177015  -0.193444  0.965011  0.024472  0.037842  0.018717  0.000000  0.000000  0.000000  1.000000  
152.171310 -0.027081  -0.034192  -0.018352  0.524672  0.811030  0.258745  -0.832726  0.552094  -0.041960  -0.176883  -0.193448  0.965034  0.024176  0.037432  0.018825  0.000000  0.000000  0.000000  1.000000  
152.172546 -0.027057  -0.034155  -0.018327  0.524672  0.811062  0.258647  -0.832726  0.552089  -0.042027  -0.176883  -0.193331  0.965057  0.023737  0.036919  0.019152  0.000000  0.000000  0.000000  1.000000  
152.173797 -0.027034  -0.034119  -0.018300  0.524856  0.810993  0.258488  -0.832638  0.552229  -0.041932  -0.176751  -0.193219  0.965104  0.023354  0.036512  0.019198  0.000000  0.000000  0.000000  1.000000  
152.174802 -0.027017  -0.034088  -0.018277  0.525027  0.810911  0.258399  -0.832529  0.552391  -0.041946  -0.176751  -0.193102  0.965127  0.023407  0.036289  0.019202  0.000000  0.000000  0.000000  1.000000  
152.175820 -0.026998  -0.034055  -0.018255  0.525186  0.810815  0.258378  -0.832401  0.552574  -0.042069  -0.176883  -0.192980  0.965128  0.023693  0.036158  0.019108  0.000000  0.000000  0.000000  1.000000  
152.177045 -0.026969  -0.034011  -0.018228  0.525358  0.810764  0.258190  -0.832293  0.552731  -0.042150  -0.176883  -0.192746  0.965174  0.024187  0.035954  0.019296  0.000000  0.000000  0.000000  1.000000  
152.178291 -0.026934  -0.033964  -0.018199  0.525700  0.810567  0.258109  -0.832077  0.553060  -0.042110  -0.176883  -0.192629  0.965198  0.024312  0.035737  0.019611  0.000000  0.000000  0.000000  1.000000  
152.179291 -0.026902  -0.033925  -0.018176  0.526030  0.810357  0.258097  -0.831840  0.553410  -0.042180  -0.177015  -0.192507  0.965198  0.024213  0.035345  0.019962  0.000000  0.000000  0.000000  1.000000  
152.180544 -0.026863  -0.033878  -0.018146  0.526544  0.810046  0.258024  -0.831515  0.553905  -0.042088  -0.177015  -0.192390  0.965221  0.024310  0.035064  0.020483  0.000000  0.000000  0.000000  1.000000  
152.181791 -0.026826  -0.033834  -0.018114  0.526886  0.809849  0.257944  -0.831298  0.554234  -0.042049  -0.177015  -0.192273  0.965245  0.024483  0.034793  0.021057  0.000000  0.000000  0.000000  1.000000  
152.182791 -0.026801  -0.033801  -0.018088  0.527216  0.809607  0.258030  -0.831061  0.554589  -0.042052  -0.177146  -0.192268  0.965221  0.024322  0.034396  0.021532  0.000000  0.000000  0.000000  1.000000  
152.184048 -0.026773  -0.033764  -0.018057  0.527716  0.809251  0.258125  -0.830716  0.555110  -0.042002  -0.177278  -0.192264  0.965198  0.023891  0.033636  0.022287  0.000000  0.000000  0.000000  1.000000  
152.185291 -0.026748  -0.033728  -0.018025  0.528058  0.809022  0.258142  -0.830498  0.555444  -0.041895  -0.177278  -0.192264  0.965198  0.023652  0.033128  0.022961  0.000000  0.000000  0.000000  1.000000  
152.186544 -0.026725  -0.033694  -0.017996  0.528571  0.808710  0.258070  -0.830172  0.555938  -0.041803  -0.177278  -0.192147  0.965221  0.023446  0.032765  0.023485  0.000000  0.000000  0.000000  1.000000  
152.187558 -0.026709  -0.033667  -0.017973  0.528913  0.808513  0.257989  -0.829954  0.556266  -0.041765  -0.177278  -0.192030  0.965245  0.023267  0.032561  0.023604  0.000000  0.000000  0.000000  1.000000  
152.188794 -0.026688  -0.033633  -0.017945  0.529412  0.808218  0.257889  -0.829607  0.556777  -0.041849  -0.177410  -0.191791  0.965268  0.023102  0.032413  0.023611  0.000000  0.000000  0.000000  1.000000  
152.189798 -0.026668  -0.033601  -0.017922  0.529925  0.807905  0.257816  -0.829280  0.557271  -0.041757  -0.177410  -0.191674  0.965291  0.023223  0.032465  0.023623  0.000000  0.000000  0.000000  1.000000  
152.191044 -0.026640  -0.033556  -0.017894  0.530411  0.807596  0.257785  -0.828913  0.557803  -0.041951  -0.177673  -0.191430  0.965291  0.023571  0.032801  0.023778  -0.009244  0.020899  -0.197165  1.000000  
152.192048 -0.026617  -0.033518  -0.017868  0.530740  0.807383  0.257774  -0.828674  0.558152  -0.042021  -0.177805  -0.191309  0.965291  0.023436  0.032823  0.023994  -0.009638  0.016053  -0.218956  1.000000  
152.193090 -0.026591  -0.033480  -0.017838  0.530897  0.807317  0.257657  -0.828545  0.558329  -0.042213  -0.177936  -0.191070  0.965314  0.023158  0.032751  0.024416  -0.016525  0.012925  -0.226187  1.000000  
152.194291 -0.026561  -0.033434  -0.017795  0.531409  0.807035  0.257487  -0.828217  0.558817  -0.042189  -0.177936  -0.190836  0.965360  0.022750  0.032776  0.025392  -0.023672  0.018091  -0.251171  1.000000  
152.195541 -0.026532  -0.033388  -0.017752  0.531907  0.806738  0.257387  -0.827869  0.559327  -0.042274  -0.178068  -0.190597  0.965383  0.022084  0.032668  0.026261  -0.030913  0.018966  -0.278542  1.000000  
152.196544 -0.026510  -0.033349  -0.017718  0.532248  0.806539  0.257307  -0.827649  0.559654  -0.042236  -0.178068  -0.190480  0.965406  0.021456  0.032881  0.026797  -0.035617  0.027514  -0.300007  1.000000  
152.197789 -0.026485  -0.033300  -0.017678  0.532432  0.806469  0.257148  -0.827560  0.559793  -0.042143  -0.177936  -0.190367  0.965453  0.021067  0.033413  0.027387  -0.042214  0.032980  -0.303308  1.000000  
152.198791 -0.026466  -0.033263  -0.017645  0.532602  0.806385  0.257059  -0.827450  0.559954  -0.042158  -0.177936  -0.190250  0.965476  0.020811  0.033981  0.027940  -0.048287  0.031501  -0.320094  1.000000  
152.200048 -0.026446  -0.033221  -0.017605  0.532943  0.806216  0.256880  -0.827231  0.560276  -0.042188  -0.177936  -0.190016  0.965522  0.020437  0.034364  0.028479  -0.058057  0.034132  -0.333424  1.000000  
152.201291 -0.026429  -0.033179  -0.017565  0.533113  0.806132  0.256791  -0.827121  0.560437  -0.042203  -0.177936  -0.189899  0.965545  0.020086  0.034876  0.029199  -0.060464  0.030791  -0.338383  1.000000  
152.202294 -0.026414  -0.033143  -0.017534  0.533283  0.806048  0.256702  -0.827011  0.560598  -0.042218  -0.177936  -0.189782  0.965568  0.019897  0.035429  0.029614  -0.063269  0.032075  -0.344891  1.000000  
152.203566 -0.026394  -0.033093  -0.017496  0.533440  0.805950  0.256683  -0.826882  0.560780  -0.042342  -0.178068  -0.189660  0.965568  0.019862  0.036542  0.030404  -0.059663  0.023433  -0.349201  1.000000  
152.204792 -0.026371  -0.033039  -0.017456  0.533611  0.805865  0.256594  -0.826772  0.560941  -0.042357  -0.178068  -0.189543  0.965591  0.019851  0.037522  0.031101  -0.059225  0.023218  -0.346639  1.000000  
152.205795 -0.026350  -0.032995  -0.017421  0.533768  0.805767  0.256575  -0.826642  0.561123  -0.042481  -0.178200  -0.189421  0.965590  0.019690  0.038030  0.032056  -0.059213  0.023188  -0.346836  1.000000  
152.206833 -0.026328  -0.032951  -0.017386  0.533938  0.805652  0.256584  -0.826532  0.561289  -0.042428  -0.178200  -0.189421  0.965590  0.019605  0.038471  0.032633  -0.051437  0.023290  -0.348992  1.000000  
152.208047 -0.026299  -0.032895  -0.017340  0.534095  0.805554  0.256565  -0.826402  0.561471  -0.042551  -0.178331  -0.189299  0.965590  0.019525  0.039069  0.033320  -0.052697  0.017539  -0.343556  1.000000  
152.209292 -0.026268  -0.032837  -0.017295  0.534252  0.805455  0.256546  -0.826272  0.561652  -0.042675  -0.178463  -0.189178  0.965589  0.019420  0.039789  0.033281  -0.055118  0.014857  -0.330234  1.000000  
152.210292 -0.026244  -0.032791  -0.017259  0.534410  0.805357  0.256528  -0.826142  0.561834  -0.042799  -0.178595  -0.189056  0.965589  0.019470  0.040452  0.033414  -0.056335  0.009086  -0.324471  1.000000  
152.211541 -0.026217  -0.032734  -0.017215  0.534580  0.805241  0.256536  -0.826032  0.562000  -0.042746  -0.178595  -0.189056  0.965589  0.019535  0.040964  0.033540  -0.051820  0.008991  -0.321751  1.000000  
152.212541 -0.026197  -0.032690  -0.017180  0.534907  0.805027  0.256526  -0.825792  0.562348  -0.042817  -0.178726  -0.188934  0.965588  0.019499  0.041314  0.033696  -0.057520  0.007726  -0.317762  1.000000  
152.213542 -0.026177  -0.032646  -0.017145  0.535077  0.804912  0.256535  -0.825681  0.562513  -0.042764  -0.178726  -0.188934  0.965588  0.019586  0.041781  0.033908  -0.058748  0.006406  -0.311064  1.000000  
152.214791 -0.026152  -0.032592  -0.017099  0.535417  0.804711  0.256455  -0.825461  0.562840  -0.042727  -0.178726  -0.188817  0.965611  0.019915  0.042645  0.034343  -0.064036  0.009480  -0.303510  1.000000  
152.216048 -0.026128  -0.032535  -0.017052  0.535913  0.804381  0.256454  -0.825110  0.563352  -0.042745  -0.178858  -0.188695  0.965611  0.020404  0.043647  0.034763  -0.062773  0.006347  -0.311002  1.000000  
152.217291 -0.026102  -0.032476  -0.017005  0.536410  0.804050  0.256454  -0.824759  0.563865  -0.042764  -0.178989  -0.188574  0.965610  0.020823  0.044464  0.035259  -0.061039  0.003189  -0.316059  1.000000  
152.218291 -0.026082  -0.032427  -0.016965  0.536893  0.803705  0.256524  -0.824387  0.564399  -0.042890  -0.179253  -0.188447  0.965586  0.021197  0.045185  0.036094  -0.059771  -0.004299  -0.324387  1.000000  
152.219541 -0.026055  -0.032364  -0.016915  0.537545  0.803212  0.256700  -0.823905  0.565103  -0.042895  -0.179516  -0.188438  0.965539  0.021344  0.045748  0.036642  -0.051607  -0.008716  -0.325165  1.000000  
152.220552 -0.026032  -0.032312  -0.016873  0.538041  0.802881  0.256700  -0.823552  0.565614  -0.042914  -0.179648  -0.188316  0.965538  0.021524  0.046236  0.037126  -0.047906  -0.008848  -0.327785  1.000000  
152.221795 -0.026003  -0.032248  -0.016825  0.538693  0.802387  0.256876  -0.823069  0.566318  -0.042918  -0.179911  -0.188307  0.965491  0.021729  0.046975  0.037519  -0.041052  -0.010593  -0.340009  1.000000  
152.223044 -0.025974  -0.032184  -0.016779  0.539513  0.801776  0.257062  -0.822474  0.567185  -0.042870  -0.180174  -0.188298  0.965444  0.021723  0.047446  0.037419  -0.029144  -0.006719  -0.359662  1.000000  
152.224051 -0.025950  -0.032132  -0.016743  0.540164  0.801281  0.257239  -0.821989  0.567888  -0.042874  -0.180437  -0.188289  0.965396  0.021553  0.047803  0.037376  -0.019895  -0.014320  -0.370405  1.000000  
152.225291 -0.025924  -0.032069  -0.016700  0.540983  0.800668  0.257425  -0.821392  0.568754  -0.042825  -0.180700  -0.188279  0.965349  0.021367  0.048110  0.037265  -0.009192  -0.016164  -0.384747  1.000000  
152.226291 -0.025906  -0.032021  -0.016666  0.541464  0.800289  0.257594  -0.821017  0.569291  -0.042882  -0.180964  -0.188270  0.965301  0.021097  0.048298  0.037211  -0.003823  -0.023707  -0.393175  1.000000  
152.227292 -0.025890  -0.031973  -0.016629  0.542126  0.799837  0.257603  -0.820551  0.569965  -0.042847  -0.181095  -0.188148  0.965300  0.020841  0.048585  0.037339  -0.000096  -0.028650  -0.414914  1.000000  
152.228542 -0.025871  -0.031915  -0.016582  0.543112  0.799105  0.257799  -0.819840  0.570995  -0.042744  -0.181358  -0.188139  0.965253  0.020476  0.048876  0.037504  0.010251  -0.030957  -0.450020  1.000000  
152.229791 -0.025852  -0.031853  -0.016534  0.543929  0.798489  0.257986  -0.819240  0.571859  -0.042693  -0.181622  -0.188130  0.965205  0.020019  0.049252  0.037720  0.022201  -0.035923  -0.471883  1.000000  
152.231041 -0.025834  -0.031789  -0.016486  0.544914  0.797785  0.258084  -0.818527  0.572882  -0.042659  -0.181885  -0.188004  0.965180  0.019616  0.049739  0.037737  0.028245  -0.037946  -0.502687  1.000000  
152.232048 -0.025818  -0.031737  -0.016448  0.545716  0.797185  0.258246  -0.817905  0.573760  -0.042785  -0.182279  -0.187872  0.965131  0.019209  0.050108  0.037772  0.033561  -0.046337  -0.536112  1.000000  
152.233291 -0.025799  -0.031669  -0.016401  0.546685  0.796433  0.258515  -0.817170  0.574807  -0.042788  -0.182674  -0.187858  0.965059  0.018878  0.050583  0.037587  0.044060  -0.048718  -0.571774  1.000000  
152.234293 -0.025784  -0.031614  -0.016362  0.547485  0.795831  0.258678  -0.816545  0.575684  -0.042914  -0.183069  -0.187727  0.965010  0.018417  0.050875  0.037468  0.044681  -0.056263  -0.595596  1.000000  
152.235541 -0.025765  -0.031544  -0.016314  0.548438  0.795094  0.258922  -0.815787  0.576745  -0.043093  -0.183595  -0.187592  0.964936  0.017839  0.051288  0.037335  0.051088  -0.063012  -0.631331  1.000000  
152.236544 -0.025749  -0.031488  -0.016276  0.549418  0.794353  0.259120  -0.815068  0.577768  -0.042987  -0.183858  -0.187582  0.964888  0.017222  0.051519  0.037178  0.062012  -0.065963  -0.672507  1.000000  
152.237545 -0.025735  -0.031433  -0.016241  0.550229  0.793730  0.259308  -0.814461  0.578627  -0.042934  -0.184121  -0.187573  0.964840  0.016579  0.051722  0.037027  0.071145  -0.065110  -0.699081  1.000000  
152.238545 -0.025723  -0.031380  -0.016204  0.551026  0.793092  0.259569  -0.813833  0.579506  -0.042988  -0.184515  -0.187559  0.964767  0.015927  0.051879  0.037102  0.081684  -0.067472  -0.734192  1.000000  
152.239797 -0.025709  -0.031313  -0.016159  0.552170  0.792228  0.259776  -0.812998  0.580690  -0.042827  -0.184778  -0.187549  0.964719  0.014887  0.052071  0.037217  0.092177  -0.065411  -0.768317  1.000000  
152.241045 -0.025697  -0.031248  -0.016114  0.553146  0.791481  0.259974  -0.812274  0.581709  -0.042720  -0.185041  -0.187540  0.964670  0.014151  0.052412  0.037360  0.098576  -0.067732  -0.803486  1.000000  
152.242294 -0.025684  -0.031183  -0.016070  0.554274  0.790600  0.260254  -0.811415  0.582912  -0.042665  -0.185436  -0.187526  0.964597  0.013629  0.052765  0.037195  0.109161  -0.070104  -0.838566  1.000000  
152.243559 -0.025672  -0.031118  -0.016026  0.555234  0.789837  0.260525  -0.810668  0.583950  -0.042663  -0.185830  -0.187511  0.964524  0.013173  0.053113  0.036988  0.118371  -0.078143  -0.867283  1.000000  
152.244790 -0.025658  -0.031050  -0.015984  0.556193  0.789104  0.260701  -0.809920  0.584982  -0.042731  -0.186225  -0.187380  0.964473  0.012936  0.053558  0.036666  0.119861  -0.084287  -0.896359  1.000000  
152.245791 -0.025646  -0.030994  -0.015950  0.556998  0.788473  0.260891  -0.809306  0.585835  -0.042675  -0.186488  -0.187371  0.964425  0.012684  0.053926  0.036330  0.127670  -0.086883  -0.918226  1.000000  
152.246792 -0.025633  -0.030936  -0.015918  0.557802  0.787873  0.260986  -0.808691  0.586683  -0.042690  -0.186750  -0.187244  0.964398  0.012551  0.054313  0.035897  0.130347  -0.088792  -0.932176  1.000000  
152.248048 -0.025616  -0.030861  -0.015877  0.558758  0.787105  0.261259  -0.807940  0.587717  -0.042686  -0.187145  -0.187230  0.964325  0.012400  0.054704  0.035498  0.138501  -0.089356  -0.952821  1.000000  
152.249292 -0.025599  -0.030788  -0.015835  0.559864  0.786231  0.261519  -0.807051  0.588928  -0.042805  -0.187670  -0.187094  0.964249  0.012319  0.055057  0.035169  0.138630  -0.094373  -0.974673  1.000000  
152.250541 -0.025581  -0.030715  -0.015791  0.560804  0.785446  0.261866  -0.806276  0.589981  -0.042906  -0.188196  -0.187075  0.964150  0.012256  0.055278  0.034822  0.145676  -0.102967  -0.989321  1.000000  
152.251542 -0.025567  -0.030656  -0.015757  0.561590  0.784827  0.262036  -0.805637  0.590845  -0.043025  -0.188590  -0.186943  0.964098  0.012149  0.055480  0.034619  0.144431  -0.104806  -1.003017  1.000000  
152.252792 -0.025550  -0.030583  -0.015713  0.562707  0.783932  0.262320  -0.804764  0.592037  -0.042965  -0.188984  -0.186929  0.964024  0.012105  0.055813  0.034543  0.147295  -0.106625  -1.017102  1.000000  
152.253807 -0.025539  -0.030526  -0.015677  0.563491  0.783279  0.262586  -0.804123  0.592905  -0.043012  -0.189379  -0.186914  0.963950  0.012046  0.056003  0.034514  0.148816  -0.111912  -1.026123  1.000000  
152.255045 -0.025526  -0.030457  -0.015633  0.564606  0.782381  0.262870  -0.803247  0.594095  -0.042950  -0.189773  -0.186900  0.963875  0.012079  0.056260  0.034447  0.151721  -0.113751  -1.040355  1.000000  
152.256050 -0.025515  -0.030402  -0.015598  0.565403  0.781740  0.263063  -0.802624  0.594941  -0.042890  -0.190035  -0.186890  0.963825  0.012137  0.056436  0.034405  0.154531  -0.111146  -1.053480  1.000000  
152.257293 -0.025500  -0.030331  -0.015556  0.566515  0.780838  0.263347  -0.801746  0.596128  -0.042827  -0.190430  -0.186876  0.963750  0.012312  0.056843  0.034286  0.161544  -0.113059  -1.067797  1.000000  
152.258541 -0.025483  -0.030258  -0.015515  0.567446  0.780044  0.263698  -0.800963  0.597174  -0.042922  -0.190955  -0.186856  0.963650  0.012623  0.057429  0.034122  0.161843  -0.123995  -1.068188  1.000000  
152.259545 -0.025468  -0.030199  -0.015483  0.568211  0.779371  0.264041  -0.800295  0.598058  -0.043071  -0.191480  -0.186837  0.963549  0.012873  0.057718  0.033954  0.163595  -0.133862  -1.078649  1.000000  
152.260791 -0.025451  -0.030125  -0.015442  0.569140  0.778573  0.264393  -0.799509  0.599102  -0.043165  -0.192006  -0.186817  0.963449  0.013057  0.057939  0.033903  0.168106  -0.142787  -1.080406  1.000000  
152.261791 -0.025437  -0.030066  -0.015410  0.569903  0.777898  0.264737  -0.798839  0.599984  -0.043313  -0.192531  -0.186798  0.963348  0.013114  0.058002  0.033889  0.172705  -0.147317  -1.081405  1.000000  
152.262791 -0.025423  -0.030006  -0.015377  0.570844  0.777113  0.265015  -0.798071  0.601006  -0.043300  -0.192925  -0.186783  0.963272  0.013064  0.058011  0.033957  0.174151  -0.147879  -1.086200  1.000000  
152.264047 -0.025406  -0.029931  -0.015334  0.571933  0.776188  0.265377  -0.797164  0.602206  -0.043337  -0.193450  -0.186763  0.963170  0.013106  0.058036  0.033915  0.180220  -0.149183  -1.095023  1.000000  
152.265291 -0.025390  -0.029859  -0.015292  0.573021  0.775261  0.265741  -0.796254  0.603405  -0.043373  -0.193975  -0.186744  0.963068  0.012920  0.058022  0.033828  0.181819  -0.149784  -1.100033  1.000000  
152.266541 -0.025378  -0.029788  -0.015251  0.574091  0.774317  0.266180  -0.795322  0.604623  -0.043512  -0.194631  -0.186719  0.962941  0.012626  0.057851  0.033720  0.186444  -0.158644  -1.101732  1.000000  
152.267791 -0.025367  -0.029720  -0.015210  0.575339  0.773262  0.266554  -0.794291  0.605978  -0.043491  -0.195156  -0.186699  0.962838  0.012196  0.057573  0.033547  0.189556  -0.160484  -1.115815  1.000000  
152.268791 -0.025359  -0.029665  -0.015177  0.576259  0.772422  0.267004  -0.793495  0.607019  -0.043505  -0.195681  -0.186796  0.962713  0.012012  0.057475  0.033384  0.195314  -0.167889  -1.123955  1.000000  
152.269791 -0.025351  -0.029610  -0.015144  0.577192  0.771627  0.267285  -0.792719  0.608033  -0.043488  -0.196074  -0.186781  0.962636  0.011845  0.057364  0.033152  0.195695  -0.172300  -1.124865  1.000000  
152.270808 -0.025343  -0.029556  -0.015112  0.578272  0.770691  0.267651  -0.791802  0.609226  -0.043519  -0.196599  -0.186761  0.962533  0.011680  0.057302  0.032913  0.198955  -0.181172  -1.141823  1.000000  
152.272049 -0.025333  -0.029487  -0.015071  0.579497  0.769580  0.268196  -0.790742  0.610600  -0.043523  -0.197255  -0.186852  0.962381  0.011314  0.057150  0.032870  0.205001  -0.188715  -1.150473  1.000000  
152.273293 -0.025321  -0.029417  -0.015029  0.580721  0.768499  0.268649  -0.789680  0.611967  -0.043600  -0.197911  -0.186827  0.962251  0.010958  0.056974  0.032937  0.208394  -0.195117  -1.166266  1.000000  
152.274293 -0.025313  -0.029361  -0.014996  0.581957  0.767431  0.269026  -0.788637  0.613313  -0.043572  -0.198435  -0.186807  0.962147  0.010545  0.056805  0.033039  0.216774  -0.200023  -1.187141  1.000000  
152.275544 -0.025303  -0.029291  -0.014954  0.583485  0.766045  0.269668  -0.787309  0.615017  -0.043564  -0.199222  -0.186893  0.961967  0.009980  0.056509  0.033083  0.226862  -0.208032  -1.216227  1.000000  
152.276557 -0.025296  -0.029236  -0.014921  0.584863  0.764829  0.270132  -0.786120  0.616536  -0.043580  -0.199878  -0.186868  0.961836  0.009542  0.056219  0.033122  0.236729  -0.216097  -1.244808  1.000000  
152.277791 -0.025287  -0.029167  -0.014880  0.586384  0.763469  0.270684  -0.784785  0.618229  -0.043643  -0.200664  -0.186837  0.961679  0.009109  0.055964  0.033132  0.242236  -0.221146  -1.270531  1.000000  
152.279041 -0.025279  -0.029100  -0.014840  0.588062  0.761977  0.271245  -0.783326  0.620076  -0.043647  -0.201451  -0.186806  0.961520  0.008454  0.055423  0.032999  0.253211  -0.228068  -1.302794  1.000000  
152.280048 -0.025275  -0.029048  -0.014810  0.589254  0.760831  0.271873  -0.782227  0.621456  -0.043741  -0.202237  -0.186892  0.961338  0.007823  0.054923  0.032669  0.262008  -0.237308  -1.324841  1.000000  
152.281291 -0.025272  -0.028985  -0.014774  0.590926  0.759331  0.272438  -0.780761  0.623297  -0.043741  -0.203023  -0.186861  0.961179  0.007189  0.054436  0.032346  0.273770  -0.239843  -1.360042  1.000000  
152.282542 -0.025271  -0.028924  -0.014739  0.592417  0.757941  0.273072  -0.779391  0.624998  -0.043896  -0.203940  -0.186825  0.960992  0.006542  0.053952  0.031900  0.278702  -0.253643  -1.383238  1.000000  
152.283791 -0.025268  -0.028862  -0.014705  0.594064  0.756384  0.273808  -0.777896  0.626857  -0.043917  -0.204857  -0.186905  0.960781  0.006049  0.053556  0.031438  0.289566  -0.261432  -1.415356  1.000000  
152.285041 -0.025266  -0.028799  -0.014670  0.595564  0.755001  0.274368  -0.776540  0.628532  -0.043965  -0.205643  -0.186873  0.960619  0.005533  0.053199  0.031094  0.294323  -0.270639  -1.436976  1.000000  
152.286042 -0.025264  -0.028748  -0.014642  0.596901  0.753743  0.274919  -0.775304  0.630049  -0.044068  -0.206428  -0.186842  0.960457  0.005173  0.053018  0.030819  0.300540  -0.283090  -1.466878  1.000000  
152.287046 -0.025262  -0.028698  -0.014612  0.598252  0.752498  0.275393  -0.774088  0.631543  -0.044067  -0.207083  -0.186815  0.960321  0.004736  0.052621  0.030593  0.306441  -0.291622  -1.493486  1.000000  
152.288050 -0.025260  -0.028647  -0.014583  0.599441  0.751380  0.275859  -0.772992  0.632880  -0.044121  -0.207737  -0.186789  0.960185  0.004171  0.052223  0.030218  0.311279  -0.296546  -1.514753  1.000000  
152.289295 -0.025259  -0.028582  -0.014547  0.601070  0.749838  0.276511  -0.771478  0.634718  -0.044205  -0.208653  -0.186752  0.959994  0.003493  0.051874  0.029864  0.319433  -0.299031  -1.549924  1.000000  
152.290546 -0.025259  -0.028515  -0.014511  0.602677  0.748275  0.277243  -0.769939  0.636572  -0.044388  -0.209700  -0.186709  0.959774  0.002857  0.051605  0.029494  0.327505  -0.310215  -1.586128  1.000000  
152.291885 -0.025259  -0.028450  -0.014476  0.604122  0.746840  0.277969  -0.768520  0.638268  -0.044625  -0.210746  -0.186666  0.959553  0.002211  0.051071  0.028804  0.331880  -0.323050  -1.604376  1.000000  
152.293047 -0.025262  -0.028385  -0.014442  0.605738  0.745284  0.278626  -0.766994  0.640095  -0.044700  -0.211662  -0.186628  0.959359  0.001428  0.051126  0.028603  0.341001  -0.330847  -1.644830  1.000000  
152.294293 -0.025269  -0.028322  -0.014409  0.607193  0.743856  0.279276  -0.765590  0.641765  -0.044831  -0.212577  -0.186590  0.959164  0.000525  0.050997  0.028174  0.345104  -0.337182  -1.659815  1.000000  
152.295542 -0.025276  -0.028259  -0.014377  0.608643  0.742424  0.279927  -0.764182  0.643432  -0.044958  -0.213492  -0.186552  0.958968  -0.000225  0.050930  0.027885  0.350527  -0.346629  -1.682288  1.000000  
152.296791 -0.025285  -0.028197  -0.014346  0.610090  0.740989  0.280580  -0.762771  0.645095  -0.045083  -0.214407  -0.186514  0.958771  -0.000947  0.050966  0.027641  0.355930  -0.356030  -1.704519  1.000000  
152.298040 -0.025296  -0.028134  -0.014314  0.611551  0.739532  0.281244  -0.761379  0.646741  -0.045027  -0.215191  -0.186597  0.958579  -0.001724  0.051041  0.027428  0.359674  -0.356535  -1.718263  1.000000  
152.299041 -0.025303  -0.028083  -0.014289  0.612714  0.738353  0.281810  -0.760259  0.648061  -0.044984  -0.215844  -0.186686  0.958415  -0.002435  0.051106  0.027214  0.367854  -0.359459  -1.732447  1.000000  
152.300043 -0.025310  -0.028031  -0.014264  0.613718  0.737340  0.282277  -0.759262  0.649222  -0.045077  -0.216498  -0.186658  0.958273  -0.003024  0.051229  0.027053  0.370167  -0.367040  -1.740683  1.000000  
152.301291 -0.025318  -0.027964  -0.014231  0.615152  0.735857  0.283025  -0.757839  0.650880  -0.045113  -0.217412  -0.186736  0.958051  -0.003715  0.051489  0.026791  0.372553  -0.373111  -1.748345  1.000000  
152.302294 -0.025324  -0.027909  -0.014207  0.616133  0.734824  0.283575  -0.756817  0.652056  -0.045302  -0.218195  -0.186702  0.957879  -0.004178  0.051769  0.026559  0.373665  -0.381922  -1.749872  1.000000  
152.303573 -0.025333  -0.027839  -0.014176  0.617404  0.733469  0.284315  -0.755515  0.653557  -0.045392  -0.219109  -0.186779  0.957656  -0.004974  0.052029  0.026076  0.380488  -0.390389  -1.756709  1.000000  
152.304795 -0.025343  -0.027768  -0.014145  0.618673  0.732146  0.284967  -0.754211  0.655050  -0.045558  -0.220023  -0.186740  0.957454  -0.005624  0.052412  0.025825  0.376673  -0.400854  -1.753309  1.000000  
152.306045 -0.025353  -0.027698  -0.014113  0.619938  0.730785  0.285710  -0.752904  0.656546  -0.045643  -0.220937  -0.186816  0.957229  -0.006381  0.052705  0.025603  0.378869  -0.406198  -1.740076  1.000000  
152.307046 -0.025363  -0.027642  -0.014087  0.621083  0.729623  0.286192  -0.751768  0.657845  -0.045666  -0.221589  -0.186788  0.957083  -0.006990  0.052949  0.025476  0.380397  -0.403368  -1.739169  1.000000  
152.308291 -0.025377  -0.027572  -0.014055  0.622496  0.728121  0.286946  -0.750327  0.659486  -0.045686  -0.222502  -0.186864  0.956857  -0.007549  0.053384  0.025376  0.385940  -0.407787  -1.739975  1.000000  
152.309293 -0.025390  -0.027516  -0.014028  0.623617  0.726938  0.287513  -0.749164  0.660799  -0.045804  -0.223285  -0.186830  0.956681  -0.008060  0.053706  0.025423  0.381564  -0.413408  -1.733839  1.000000  
152.310293 -0.025402  -0.027460  -0.014001  0.624754  0.725734  0.288086  -0.748021  0.662097  -0.045741  -0.223937  -0.186917  0.956511  -0.008539  0.054215  0.025507  0.386705  -0.413326  -1.733539  1.000000  
152.311542 -0.025417  -0.027388  -0.013966  0.626157  0.724257  0.288755  -0.746572  0.663724  -0.045835  -0.224850  -0.186877  0.956305  -0.008956  0.054856  0.025761  0.386775  -0.414719  -1.726724  1.000000  
152.312792 -0.025432  -0.027314  -0.013931  0.627691  0.722588  0.289605  -0.744968  0.665521  -0.045882  -0.225893  -0.186947  0.956046  -0.009220  0.055574  0.025992  0.392484  -0.419108  -1.727313  1.000000  
152.314041 -0.025446  -0.027240  -0.013896  0.629239  0.720966  0.290287  -0.743382  0.667289  -0.045910  -0.226805  -0.186906  0.955838  -0.009561  0.056252  0.026233  0.391430  -0.417788  -1.733706  1.000000  
152.315291 -0.025458  -0.027163  -0.013861  0.630916  0.719150  0.291150  -0.741640  0.669226  -0.045891  -0.227847  -0.186975  0.955576  -0.009853  0.057037  0.026423  0.398520  -0.425272  -1.741725  1.000000  
152.316542 -0.025471  -0.027085  -0.013825  0.632588  0.717364  0.291927  -0.739894  0.671153  -0.045949  -0.228889  -0.186928  0.955336  -0.010158  0.057724  0.026737  0.402597  -0.429799  -1.755831  1.000000  
152.317542 -0.025480  -0.027022  -0.013797  0.633970  0.715867  0.292603  -0.738427  0.672761  -0.046026  -0.229801  -0.186887  0.955126  -0.010331  0.058222  0.026936  0.406051  -0.434809  -1.763767  1.000000  
152.318792 -0.025493  -0.026942  -0.013761  0.635611  0.714056  0.293467  -0.736648  0.674698  -0.046174  -0.230973  -0.186834  0.954853  -0.010519  0.058907  0.027223  0.408717  -0.444905  -1.771851  1.000000  
152.320048 -0.025506  -0.026862  -0.013726  0.637377  0.712084  0.294427  -0.734710  0.676795  -0.046353  -0.232274  -0.186774  0.954549  -0.010783  0.059520  0.027492  0.414168  -0.453037  -1.786689  1.000000  
152.321057 -0.025518  -0.026799  -0.013696  0.638704  0.710541  0.295277  -0.733185  0.678429  -0.046614  -0.233445  -0.186720  0.954274  -0.011024  0.059903  0.027831  0.418856  -0.459170  -1.800538  1.000000  
152.322296 -0.025535  -0.026720  -0.013658  0.640328  0.708715  0.296148  -0.731393  0.680352  -0.046748  -0.234616  -0.186666  0.953997  -0.011306  0.060602  0.028169  0.422432  -0.467039  -1.809490  1.000000  
152.323543 -0.025552  -0.026640  -0.013619  0.642246  0.706603  0.297040  -0.729332  0.682560  -0.046757  -0.235787  -0.186612  0.953719  -0.011492  0.061264  0.028578  0.429808  -0.468654  -1.835971  1.000000  
152.324545 -0.025566  -0.026576  -0.013589  0.643578  0.705100  0.297727  -0.727819  0.684158  -0.046993  -0.236827  -0.186448  0.953494  -0.011548  0.061798  0.028830  0.430998  -0.477108  -1.851504  1.000000  
152.325803 -0.025583  -0.026495  -0.013549  0.645483  0.702976  0.298624  -0.725747  0.686355  -0.046992  -0.237996  -0.186393  0.953213  -0.011639  0.062447  0.029155  0.439124  -0.480875  -1.879375  1.000000  
152.327043 -0.025599  -0.026412  -0.013510  0.647360  0.700865  0.299523  -0.723646  0.688558  -0.047165  -0.239296  -0.186216  0.952922  -0.011726  0.063095  0.029502  0.439138  -0.493450  -1.908873  1.000000  
152.328048 -0.025612  -0.026345  -0.013477  0.648698  0.699329  0.300216  -0.722144  0.690129  -0.047212  -0.240205  -0.186173  0.952702  -0.011802  0.063704  0.029764  0.443614  -0.499638  -1.923042  1.000000  
152.329291 -0.025627  -0.026259  -0.013436  0.650561  0.697207  0.301121  -0.720033  0.692321  -0.047377  -0.241504  -0.185995  0.952408  -0.011932  0.064447  0.030227  0.443970  -0.507955  -1.952183  1.000000  
152.330291 -0.025639  -0.026190  -0.013403  0.652037  0.695520  0.301827  -0.718390  0.694027  -0.047355  -0.242412  -0.185952  0.952186  -0.012080  0.064957  0.030541  0.451800  -0.511697  -1.980063  1.000000  
152.331292 -0.025652  -0.026120  -0.013370  0.653361  0.694009  0.302440  -0.716878  0.695580  -0.047477  -0.243321  -0.185793  0.951985  -0.012296  0.065435  0.030822  0.449992  -0.512257  -2.000170  1.000000  
152.332542 -0.025668  -0.026032  -0.013328  0.655249  0.691904  0.303180  -0.714799  0.697719  -0.047441  -0.244359  -0.185628  0.951752  -0.012498  0.066012  0.031226  0.455835  -0.510469  -2.033769  1.000000  
152.333792 -0.025685  -0.025945  -0.013285  0.657106  0.689775  0.304009  -0.712691  0.699869  -0.047494  -0.245526  -0.185456  0.951485  -0.012867  0.066541  0.031800  0.455480  -0.516345  -2.060008  1.000000  
152.334792 -0.025700  -0.025875  -0.013251  0.658393  0.688235  0.304714  -0.711143  0.701427  -0.047700  -0.246564  -0.185290  0.951249  -0.013152  0.066969  0.032201  0.457897  -0.521305  -2.080252  1.000000  
152.336048 -0.025719  -0.025789  -0.013209  0.659968  0.686402  0.305441  -0.709321  0.703264  -0.047778  -0.247601  -0.185124  0.951011  -0.013406  0.067410  0.032464  0.457172  -0.524335  -2.103207  1.000000  
152.337302 -0.025739  -0.025702  -0.013167  0.661368  0.684693  0.306248  -0.707606  0.704974  -0.048008  -0.248768  -0.184952  0.950741  -0.013648  0.067881  0.032798  0.452735  -0.531946  -2.110943  1.000000  
152.338547 -0.025759  -0.025615  -0.013125  0.662909  0.682871  0.306983  -0.705751  0.706814  -0.048257  -0.249934  -0.184664  0.950491  -0.013832  0.068415  0.032998  0.450031  -0.538627  -2.125599  1.000000  
152.339796 -0.025780  -0.025527  -0.013083  0.664420  0.681028  0.307809  -0.703868  0.708667  -0.048596  -0.251229  -0.184369  0.950206  -0.014033  0.068862  0.033205  0.443314  -0.549483  -2.140634  1.000000  
152.341044 -0.025799  -0.025439  -0.013042  0.665780  0.679289  0.308711  -0.702117  0.710380  -0.048907  -0.252524  -0.184190  0.949898  -0.014166  0.069304  0.033336  0.443195  -0.561714  -2.149394  1.000000  
152.342291 -0.025816  -0.025350  -0.013000  0.667135  0.677584  0.309533  -0.700362  0.712083  -0.049301  -0.253818  -0.183895  0.949610  -0.014251  0.069751  0.033489  0.436895  -0.572425  -2.147681  1.000000  
152.343291 -0.025830  -0.025278  -0.012966  0.668387  0.676018  0.310254  -0.698790  0.713613  -0.049484  -0.254854  -0.183728  0.949365  -0.014356  0.069990  0.033508  0.432734  -0.582978  -2.159315  1.000000  
152.344294 -0.025844  -0.025206  -0.012932  0.669492  0.674634  0.310885  -0.697354  0.714994  -0.049816  -0.255888  -0.183446  0.949141  -0.014500  0.070193  0.033606  0.426453  -0.592139  -2.160444  1.000000  
152.345542 -0.025861  -0.025116  -0.012889  0.670831  0.672919  0.311715  -0.695589  0.716684  -0.050199  -0.257182  -0.183150  0.948849  -0.014654  0.070432  0.033716  0.416664  -0.601240  -2.161634  1.000000  
152.346792 -0.025879  -0.025026  -0.012847  0.672188  0.671216  0.312460  -0.693845  0.718353  -0.050488  -0.258345  -0.182862  0.948588  -0.014707  0.070543  0.033766  0.407539  -0.604160  -2.147718  1.000000  
152.347793 -0.025893  -0.024955  -0.012813  0.673280  0.669824  0.313099  -0.692399  0.719723  -0.050811  -0.259379  -0.182579  0.948360  -0.014804  0.070651  0.033744  0.399683  -0.610194  -2.141363  1.000000  
152.349042 -0.025911  -0.024867  -0.012772  0.674745  0.667987  0.313867  -0.690485  0.721532  -0.051208  -0.260671  -0.182168  0.948085  -0.014845  0.070724  0.033678  0.388314  -0.616455  -2.135097  1.000000  
152.350292 -0.025930  -0.024780  -0.012732  0.676204  0.666146  0.314639  -0.688567  0.723335  -0.051600  -0.261962  -0.181757  0.947808  -0.014859  0.070725  0.033494  0.378777  -0.617042  -2.134566  1.000000  
152.351542 -0.025949  -0.024693  -0.012693  0.677656  0.664301  0.315414  -0.686644  0.725133  -0.051989  -0.263254  -0.181346  0.947529  -0.014753  0.070742  0.033259  0.369397  -0.614247  -2.129917  1.000000  
