1-Time 2-Px 3-Py 4-Pz 5-R11 6-R21 7-R31 8-R12 9-R22 10-R32 11-R13 12-R23 13-R33 14-Vx 15-Vy 16-Vz 17-Wx 18-Wy 19-Wz 20-state
141.919224 0.039593  0.020780  -0.042621  0.400383  0.880126  0.255091  -0.687044  0.104122  0.719116  0.606353  -0.463181  0.646375  -0.000691  -0.000893  -0.006600  0.000000  0.000000  0.000000  1.000000  
141.920395 0.039592  0.020778  -0.042623  0.400383  0.880126  0.255091  -0.687044  0.104122  0.719116  0.606353  -0.463181  0.646375  -0.001316  -0.001590  -0.002381  0.000000  0.000000  0.000000  1.000000  
141.921644 0.039579  0.020755  -0.042587  0.400282  0.880116  0.255282  -0.687197  0.103995  0.718989  0.606246  -0.463228  0.646441  -0.006501  -0.010892  0.015161  0.000000  0.000000  0.000000  1.000000  
141.922659 0.039565  0.020734  -0.042550  0.400282  0.880116  0.255282  -0.687197  0.103995  0.718989  0.606246  -0.463228  0.646441  -0.008566  -0.014005  0.021694  0.000000  0.000000  0.000000  1.000000  
141.923892 0.039550  0.020718  -0.042518  0.400282  0.880116  0.255282  -0.687197  0.103995  0.718989  0.606246  -0.463228  0.646441  -0.009634  -0.013729  0.022864  0.000000  0.000000  0.000000  1.000000  
141.924893 0.039533  0.020709  -0.042504  0.400323  0.880085  0.255326  -0.687267  0.104048  0.718914  0.606140  -0.463275  0.646507  -0.010921  -0.012869  0.021290  0.000000  0.000000  0.000000  1.000000  
141.926141 0.039504  0.020694  -0.042490  0.400182  0.880076  0.255581  -0.687349  0.103780  0.718874  0.606140  -0.463354  0.646450  -0.013316  -0.012754  0.019479  0.000000  0.000000  0.000000  1.000000  
141.927388 0.039468  0.020677  -0.042473  0.400141  0.880076  0.255644  -0.687279  0.103639  0.718962  0.606246  -0.463385  0.646328  -0.015707  -0.012905  0.018487  0.000000  0.000000  0.000000  1.000000  
141.928638 0.039437  0.020669  -0.042458  0.400141  0.880076  0.255644  -0.687279  0.103639  0.718962  0.606246  -0.463385  0.646328  -0.016898  -0.012046  0.017584  0.000000  0.000000  0.000000  1.000000  
141.929639 0.039417  0.020666  -0.042446  0.400323  0.879992  0.255646  -0.687267  0.103787  0.718952  0.606140  -0.463510  0.646338  -0.017237  -0.011100  0.017095  0.000000  0.000000  0.000000  1.000000  
141.930889 0.039391  0.020662  -0.042426  0.400364  0.879899  0.255903  -0.687337  0.103666  0.718903  0.606033  -0.463714  0.646291  -0.017614  -0.010258  0.016968  0.000000  0.000000  0.000000  1.000000  
141.932142 0.039360  0.020651  -0.042393  0.400446  0.879774  0.256204  -0.687477  0.103599  0.718778  0.605820  -0.463966  0.646311  -0.018302  -0.010099  0.017852  0.000000  0.000000  0.000000  1.000000  
141.933389 0.039322  0.020630  -0.042350  0.400669  0.879628  0.256356  -0.687535  0.103713  0.718707  0.605608  -0.464217  0.646330  -0.019384  -0.010687  0.019401  0.000000  0.000000  0.000000  1.000000  
141.934391 0.039287  0.020606  -0.042311  0.400709  0.879566  0.256506  -0.687605  0.103679  0.718645  0.605501  -0.464343  0.646339  -0.020405  -0.011598  0.020707  0.000000  0.000000  0.000000  1.000000  
141.935643 0.039239  0.020564  -0.042263  0.400892  0.879420  0.256722  -0.687592  0.103653  0.718661  0.605395  -0.464625  0.646236  -0.023365  -0.014034  0.023784  0.000000  0.000000  0.000000  1.000000  
141.936645 0.039199  0.020528  -0.042226  0.401074  0.879305  0.256831  -0.687580  0.103713  0.718664  0.605288  -0.464829  0.646189  -0.025528  -0.015032  0.023912  0.000000  0.000000  0.000000  1.000000  
141.937649 0.039158  0.020493  -0.042192  0.401216  0.879221  0.256896  -0.687497  0.103720  0.718742  0.605288  -0.464986  0.646076  -0.027184  -0.016067  0.023889  0.000000  0.000000  0.000000  1.000000  
141.938892 0.039105  0.020454  -0.042160  0.401216  0.879128  0.257216  -0.687497  0.103458  0.718780  0.605288  -0.465221  0.645907  -0.029694  -0.017588  0.023903  0.000000  0.000000  0.000000  1.000000  
141.940146 0.039049  0.020417  -0.042133  0.401357  0.879013  0.257388  -0.687414  0.103378  0.718870  0.605288  -0.465456  0.645738  -0.032132  -0.019442  0.024693  0.000000  0.000000  0.000000  1.000000  
141.941390 0.038995  0.020382  -0.042099  0.401681  0.878876  0.257349  -0.687319  0.103619  0.718927  0.605182  -0.465660  0.645690  -0.033498  -0.020624  0.026007  0.000000  0.000000  0.000000  1.000000  
141.942390 0.038958  0.020359  -0.042063  0.402106  0.878750  0.257118  -0.687071  0.103987  0.719111  0.605182  -0.465817  0.645577  -0.034127  -0.021400  0.027582  0.000000  0.000000  0.000000  1.000000  
141.943638 0.038917  0.020338  -0.042003  0.402429  0.878613  0.257079  -0.686975  0.104228  0.719167  0.605075  -0.466021  0.645530  -0.034918  -0.022361  0.030752  0.000000  0.000000  0.000000  1.000000  
141.944639 0.038887  0.020324  -0.041946  0.402612  0.878529  0.257081  -0.686962  0.104376  0.719158  0.604969  -0.466146  0.645539  -0.035338  -0.022792  0.033354  0.000000  0.000000  0.000000  1.000000  
141.945889 0.038847  0.020308  -0.041869  0.403118  0.878339  0.256937  -0.686853  0.104851  0.719193  0.604755  -0.466398  0.645557  -0.036240  -0.023633  0.037103  0.000000  0.000000  0.000000  1.000000  
141.947139 0.038802  0.020286  -0.041798  0.403583  0.878180  0.256750  -0.686674  0.105273  0.719303  0.604649  -0.466602  0.645510  -0.037193  -0.024366  0.039731  0.000000  0.000000  0.000000  1.000000  
141.948143 0.038763  0.020265  -0.041746  0.404089  0.878052  0.256393  -0.686564  0.105923  0.719313  0.604436  -0.466697  0.645641  -0.037907  -0.024763  0.040927  0.000000  0.000000  0.000000  1.000000  
141.949389 0.038706  0.020235  -0.041695  0.404554  0.877954  0.255993  -0.686384  0.106519  0.719396  0.604329  -0.466744  0.645706  -0.038773  -0.024753  0.041066  0.000000  0.000000  0.000000  1.000000  
141.950390 0.038657  0.020207  -0.041662  0.405019  0.877857  0.255592  -0.686203  0.107115  0.719480  0.604222  -0.466791  0.645772  -0.039461  -0.024187  0.040758  0.000000  0.000000  0.000000  1.000000  
141.951638 0.038596  0.020175  -0.041625  0.405566  0.877664  0.255386  -0.686162  0.107731  0.719428  0.603903  -0.467012  0.645912  -0.040207  -0.023556  0.040050  0.000000  0.000000  0.000000  1.000000  
141.952645 0.038551  0.020151  -0.041591  0.406072  0.877534  0.255030  -0.686050  0.108381  0.719436  0.603689  -0.467106  0.646043  -0.040475  -0.022809  0.040072  0.000000  0.000000  0.000000  1.000000  
141.953891 0.038500  0.020126  -0.041541  0.406578  0.877372  0.254780  -0.685938  0.108943  0.719458  0.603476  -0.467279  0.646117  -0.040327  -0.021924  0.041230  0.000000  0.000000  0.000000  1.000000  
141.954892 0.038461  0.020105  -0.041496  0.406943  0.877232  0.254678  -0.685909  0.109325  0.719428  0.603263  -0.467452  0.646191  -0.039838  -0.021149  0.043163  -0.012239  0.026823  -0.243354  1.000000  
141.956144 0.038417  0.020085  -0.041436  0.407449  0.877070  0.254429  -0.685797  0.109887  0.719450  0.603049  -0.467625  0.646265  -0.039236  -0.020267  0.044768  -0.029041  0.032667  -0.268481  1.000000  
141.957388 0.038376  0.020070  -0.041372  0.407955  0.876876  0.254286  -0.685684  0.110362  0.719485  0.602836  -0.467877  0.646282  -0.038769  -0.019253  0.046071  -0.037503  0.031449  -0.289833  1.000000  
141.958390 0.038346  0.020063  -0.041323  0.408461  0.876713  0.254036  -0.685570  0.110923  0.719506  0.602622  -0.468050  0.646356  -0.038710  -0.018632  0.046082  -0.045940  0.033852  -0.308532  1.000000  
141.959638 0.038310  0.020054  -0.041265  0.408826  0.876572  0.253935  -0.685540  0.111305  0.719476  0.602409  -0.468223  0.646430  -0.038446  -0.017990  0.045371  -0.049655  0.033214  -0.313065  1.000000  
141.960639 0.038280  0.020045  -0.041224  0.409149  0.876494  0.253683  -0.685441  0.111719  0.719506  0.602302  -0.468270  0.646495  -0.038488  -0.017765  0.043791  -0.066550  0.039996  -0.324652  1.000000  
141.961888 0.038239  0.020033  -0.041175  0.409414  0.876406  0.253561  -0.685564  0.112148  0.719322  0.601981  -0.468333  0.646748  -0.038176  -0.017129  0.042181  -0.082876  0.039641  -0.331857  1.000000  
141.963138 0.038194  0.020019  -0.041131  0.409920  0.876333  0.252993  -0.685450  0.112972  0.719303  0.601768  -0.468271  0.646992  -0.037938  -0.016434  0.040969  -0.106678  0.045292  -0.345017  1.000000  
141.964140 0.038154  0.020004  -0.041097  0.410144  0.876307  0.252722  -0.685503  0.113434  0.719178  0.601554  -0.468208  0.647236  -0.037433  -0.015616  0.040489  -0.123800  0.045709  -0.347963  1.000000  
141.965141 0.038113  0.019991  -0.041060  0.410368  0.876280  0.252450  -0.685557  0.113897  0.719054  0.601340  -0.468145  0.647480  -0.036888  -0.014700  0.040830  -0.138881  0.041738  -0.347713  1.000000  
141.966388 0.038066  0.019976  -0.041004  0.410774  0.876229  0.251969  -0.685595  0.114680  0.718893  0.601019  -0.468051  0.647846  -0.036126  -0.013703  0.041967  -0.163190  0.034093  -0.360049  1.000000  
141.967390 0.038033  0.019967  -0.040949  0.410998  0.876202  0.251697  -0.685648  0.115142  0.718769  0.600805  -0.467988  0.648090  -0.035327  -0.012714  0.043473  -0.183328  0.030522  -0.362657  1.000000  
141.968639 0.037995  0.019958  -0.040872  0.411445  0.876117  0.251261  -0.685755  0.115979  0.718533  0.600377  -0.467940  0.648520  -0.034314  -0.011533  0.045393  -0.211756  0.022470  -0.382064  1.000000  
141.969648 0.037966  0.019952  -0.040810  0.411711  0.876057  0.251034  -0.685877  0.116495  0.718333  0.600056  -0.467924  0.648829  -0.033596  -0.010373  0.046529  -0.233774  0.011761  -0.393063  1.000000  
141.970895 0.037931  0.019950  -0.040741  0.412058  0.875963  0.250791  -0.686136  0.117205  0.717970  0.599521  -0.467922  0.649325  -0.032935  -0.009166  0.047064  -0.254002  -0.006001  -0.399290  1.000000  
141.972143 0.037898  0.019952  -0.040686  0.412365  0.875901  0.250504  -0.686326  0.117861  0.717681  0.599093  -0.467873  0.649756  -0.032377  -0.008035  0.046486  -0.265934  -0.027040  -0.400845  1.000000  
141.973388 0.037866  0.019955  -0.040640  0.412713  0.875776  0.250368  -0.686584  0.118484  0.717331  0.598557  -0.467950  0.650194  -0.032013  -0.007212  0.045531  -0.275757  -0.041260  -0.408058  1.000000  
141.974391 0.037838  0.019954  -0.040604  0.412877  0.875708  0.250334  -0.686859  0.118873  0.717004  0.598128  -0.467979  0.650568  -0.032025  -0.006839  0.044816  -0.285923  -0.058965  -0.410426  1.000000  
141.975640 0.037802  0.019946  -0.040550  0.413225  0.875583  0.250199  -0.687117  0.119495  0.716653  0.597592  -0.468055  0.651006  -0.031852  -0.006638  0.044879  -0.293781  -0.076317  -0.409442  1.000000  
141.976888 0.037768  0.019933  -0.040487  0.413431  0.875513  0.250105  -0.687459  0.120024  0.716236  0.597055  -0.468051  0.651501  -0.031416  -0.006678  0.045880  -0.301597  -0.100594  -0.406590  1.000000  
141.977889 0.037740  0.019921  -0.040431  0.413778  0.875357  0.250076  -0.687716  0.120560  0.715900  0.596518  -0.468205  0.651882  -0.030779  -0.006639  0.047460  -0.297280  -0.117997  -0.405630  1.000000  
141.979139 0.037704  0.019904  -0.040360  0.414066  0.875222  0.250072  -0.688194  0.121196  0.715332  0.595766  -0.468293  0.652506  -0.029969  -0.006704  0.049192  -0.296867  -0.149593  -0.407923  1.000000  
141.980141 0.037674  0.019889  -0.040301  0.414454  0.875094  0.249877  -0.688519  0.121958  0.714890  0.595122  -0.468334  0.653065  -0.029297  -0.006800  0.050569  -0.300683  -0.174337  -0.412114  1.000000  
141.981141 0.037644  0.019874  -0.040242  0.414701  0.874961  0.249935  -0.688928  0.122454  0.714411  0.594476  -0.468454  0.653566  -0.028629  -0.006905  0.051594  -0.304469  -0.195363  -0.413660  1.000000  
141.982388 0.037607  0.019857  -0.040171  0.415211  0.874765  0.249770  -0.689455  0.123464  0.713728  0.593507  -0.468553  0.654375  -0.028356  -0.007330  0.051839  -0.309802  -0.225580  -0.419679  1.000000  
141.983391 0.037579  0.019847  -0.040117  0.415640  0.874604  0.249621  -0.689845  0.124279  0.713210  0.592753  -0.468638  0.654997  -0.028202  -0.007537  0.051155  -0.317601  -0.250074  -0.423770  1.000000  
141.984638 0.037546  0.019840  -0.040056  0.416232  0.874344  0.249548  -0.690506  0.125396  0.712374  0.591567  -0.468827  0.655934  -0.027970  -0.007476  0.050278  -0.329507  -0.289147  -0.438411  1.000000  
141.985664 0.037522  0.019837  -0.040010  0.416701  0.874149  0.249446  -0.690962  0.126265  0.711778  0.590704  -0.468956  0.656619  -0.027711  -0.007595  0.049551  -0.339859  -0.319655  -0.448426  1.000000  
141.986892 0.037490  0.019834  -0.039949  0.417434  0.873831  0.249334  -0.691534  0.127475  0.711007  0.589516  -0.469222  0.657497  -0.027697  -0.008008  0.049986  -0.352127  -0.355978  -0.467909  1.000000  
141.987894 0.037465  0.019828  -0.039893  0.417943  0.873603  0.249280  -0.692056  0.128397  0.710333  0.588543  -0.469394  0.658245  -0.027640  -0.008566  0.051204  -0.368246  -0.384742  -0.481800  1.000000  
141.989141 0.037430  0.019815  -0.039816  0.418574  0.873278  0.249363  -0.692777  0.129481  0.709432  0.587244  -0.469703  0.659184  -0.027619  -0.009376  0.053415  -0.376169  -0.427752  -0.499060  1.000000  
141.990389 0.037395  0.019798  -0.039731  0.419306  0.872988  0.249149  -0.693344  0.130776  0.708641  0.586052  -0.469883  0.660116  -0.027598  -0.010026  0.055558  -0.393192  -0.453684  -0.522832  1.000000  
141.991390 0.037367  0.019782  -0.039660  0.419711  0.872723  0.249395  -0.694014  0.131486  0.707853  0.584967  -0.470177  0.660868  -0.027618  -0.010467  0.056954  -0.392202  -0.493228  -0.539116  1.000000  
141.992391 0.037337  0.019763  -0.039592  0.420340  0.872365  0.249587  -0.694730  0.132483  0.706964  0.583664  -0.470561  0.661747  -0.027806  -0.010981  0.057851  -0.392026  -0.533044  -0.560789  1.000000  
141.993638 0.037295  0.019736  -0.039512  0.421008  0.872005  0.249721  -0.695511  0.133620  0.705981  0.582251  -0.470907  0.662744  -0.028222  -0.011656  0.058459  -0.392685  -0.568615  -0.584670  1.000000  
141.994639 0.037260  0.019714  -0.039457  0.421451  0.871706  0.250015  -0.696244  0.134385  0.705114  0.581054  -0.471242  0.663557  -0.028592  -0.012124  0.058246  -0.387658  -0.609215  -0.601401  1.000000  
141.995889 0.037214  0.019686  -0.039393  0.422301  0.871254  0.250157  -0.697000  0.135670  0.704120  0.579528  -0.471710  0.664557  -0.029146  -0.012743  0.057573  -0.387528  -0.649971  -0.637278  1.000000  
141.996889 0.037180  0.019668  -0.039345  0.422926  0.870924  0.250249  -0.697708  0.136753  0.703209  0.578219  -0.472006  0.665487  -0.029500  -0.013005  0.056935  -0.387424  -0.686344  -0.656247  1.000000  
141.998141 0.037140  0.019650  -0.039281  0.423751  0.870400  0.250679  -0.698743  0.138022  0.701932  0.576362  -0.472604  0.666673  -0.029809  -0.013340  0.056654  -0.379985  -0.735177  -0.689606  1.000000  
141.999142 0.037110  0.019638  -0.039226  0.424310  0.870001  0.251115  -0.699665  0.138949  0.700829  0.574830  -0.473066  0.667667  -0.030017  -0.013596  0.056925  -0.375779  -0.778382  -0.713498  1.000000  
142.000145 0.037081  0.019627  -0.039165  0.425091  0.869508  0.251502  -0.700628  0.140164  0.699624  0.573077  -0.473614  0.668784  -0.030297  -0.014288  0.058094  -0.374601  -0.825155  -0.747974  1.000000  
142.001388 0.037044  0.019611  -0.039082  0.426095  0.868949  0.251735  -0.701631  0.141752  0.698298  0.571102  -0.474166  0.670081  -0.030610  -0.014992  0.059512  -0.379442  -0.866217  -0.782607  1.000000  
142.002393 0.037013  0.019597  -0.039014  0.426834  0.868517  0.251974  -0.702521  0.142999  0.697148  0.569453  -0.474583  0.671189  -0.031013  -0.015761  0.060637  -0.382386  -0.913818  -0.817550  1.000000  
142.003394 0.036980  0.019583  -0.038947  0.427571  0.868085  0.252215  -0.703409  0.144245  0.695995  0.567802  -0.474997  0.672293  -0.031417  -0.016119  0.061134  -0.386246  -0.954166  -0.845999  1.000000  
142.004395 0.036945  0.019567  -0.038883  0.428202  0.867648  0.252647  -0.704446  0.145368  0.694712  0.566039  -0.475453  0.673457  -0.031938  -0.016385  0.061053  -0.394218  -0.998246  -0.877195  1.000000  
142.005642 0.036898  0.019546  -0.038807  0.429238  0.867082  0.252831  -0.705496  0.147095  0.693281  0.563941  -0.475954  0.674862  -0.032767  -0.016478  0.060204  -0.402088  -1.046533  -0.917991  1.000000  
142.006891 0.036850  0.019524  -0.038735  0.430166  0.866512  0.253208  -0.706694  0.148698  0.691717  0.561729  -0.476494  0.676324  -0.033600  -0.016541  0.059242  -0.414027  -1.098503  -0.961482  1.000000  
142.008148 0.036800  0.019500  -0.038664  0.431092  0.865971  0.253482  -0.707887  0.150385  0.690130  0.559513  -0.476947  0.677840  -0.034156  -0.016403  0.058498  -0.425903  -1.146227  -0.994845  1.000000  
142.009389 0.036748  0.019476  -0.038593  0.432093  0.865332  0.253959  -0.709202  0.152097  0.688403  0.557071  -0.477563  0.679416  -0.034669  -0.016105  0.058523  -0.433820  -1.198637  -1.038523  1.000000  
142.010639 0.036699  0.019457  -0.038519  0.433129  0.864659  0.254488  -0.710573  0.153865  0.686594  0.554513  -0.478216  0.681047  -0.034973  -0.015560  0.059304  -0.433515  -1.257721  -1.079770  1.000000  
142.011889 0.036652  0.019442  -0.038439  0.434123  0.864048  0.254867  -0.711875  0.155661  0.684839  0.552061  -0.478738  0.682670  -0.035181  -0.015068  0.060362  -0.441344  -1.305813  -1.113145  1.000000  
142.013138 0.036609  0.019432  -0.038354  0.435153  0.863372  0.255402  -0.713232  0.157429  0.683020  0.549492  -0.479379  0.684291  -0.035393  -0.014510  0.061801  -0.441424  -1.349979  -1.142251  1.000000  
142.014139 0.036575  0.019425  -0.038285  0.435917  0.862828  0.255938  -0.714485  0.158856  0.681378  0.547255  -0.479888  0.685725  -0.035649  -0.014215  0.062703  -0.441339  -1.401147  -1.170886  1.000000  
142.015149 0.036540  0.019419  -0.038217  0.436826  0.862219  0.256441  -0.715643  0.160378  0.679805  0.545013  -0.480476  0.687098  -0.036066  -0.013838  0.063121  -0.440395  -1.445489  -1.202942  1.000000  
142.016394 0.036497  0.019411  -0.038137  0.437921  0.861534  0.256873  -0.717104  0.162422  0.677776  0.542205  -0.481017  0.688938  -0.036603  -0.013348  0.062938  -0.448706  -1.492896  -1.234012  1.000000  
142.017399 0.036458  0.019405  -0.038080  0.438861  0.860952  0.257222  -0.718311  0.164164  0.676076  0.539842  -0.481469  0.690477  -0.037077  -0.012824  0.062157  -0.460266  -1.542536  -1.269638  1.000000  
142.018646 0.036407  0.019396  -0.038015  0.439875  0.860232  0.257898  -0.719971  0.166140  0.673824  0.536798  -0.482077  0.692423  -0.037682  -0.012129  0.060955  -0.460192  -1.608382  -1.300837  1.000000  
142.019647 0.036364  0.019387  -0.037967  0.440808  0.859647  0.258253  -0.721164  0.167882  0.672114  0.534425  -0.482516  0.693951  -0.038129  -0.011635  0.059926  -0.472064  -1.649054  -1.328602  1.000000  
142.020897 0.036310  0.019375  -0.037903  0.441812  0.858957  0.258833  -0.722807  0.169939  0.669829  0.531368  -0.483025  0.695942  -0.038571  -0.010959  0.059314  -0.484166  -1.708319  -1.361983  1.000000  
142.021899 0.036267  0.019366  -0.037846  0.442812  0.858304  0.259293  -0.724108  0.171791  0.667949  0.528759  -0.483532  0.697575  -0.038795  -0.010356  0.059230  -0.496130  -1.753105  -1.392563  1.000000  
142.023145 0.036215  0.019354  -0.037768  0.443879  0.857545  0.259979  -0.725853  0.173958  0.665490  0.525462  -0.484103  0.699667  -0.038983  -0.009714  0.059754  -0.512005  -1.812558  -1.432891  1.000000  
142.024155 0.036174  0.019347  -0.037702  0.444720  0.856956  0.260480  -0.727229  0.175714  0.663523  0.522841  -0.484511  0.701347  -0.038859  -0.008750  0.060398  -0.523986  -1.859978  -1.457893  1.000000  
142.025396 0.036125  0.019342  -0.037616  0.445775  0.856197  0.261174  -0.728954  0.177881  0.661048  0.519529  -0.485063  0.703423  -0.038841  -0.007817  0.061173  -0.536250  -1.919823  -1.491304  1.000000  
142.026644 0.036078  0.019340  -0.037533  0.446823  0.855436  0.261874  -0.730668  0.180047  0.658564  0.516210  -0.485605  0.705489  -0.038916  -0.006883  0.061432  -0.544658  -1.979031  -1.517054  1.000000  
142.027645 0.036040  0.019341  -0.037470  0.447650  0.854847  0.262385  -0.732020  0.181801  0.656578  0.513572  -0.485989  0.707148  -0.039128  -0.006303  0.061163  -0.560651  -2.012757  -1.539333  1.000000  
142.028896 0.035992  0.019343  -0.037396  0.448829  0.853982  0.263188  -0.733947  0.184269  0.653732  0.509778  -0.486580  0.709483  -0.039498  -0.005533  0.060287  -0.581014  -2.076092  -1.574834  1.000000  
142.029905 0.035953  0.019345  -0.037338  0.449751  0.853322  0.263752  -0.735456  0.186268  0.651467  0.506782  -0.486976  0.711355  -0.039778  -0.004990  0.059589  -0.597230  -2.116671  -1.594470  1.000000  
142.030935 0.035914  0.019347  -0.037281  0.450668  0.852630  0.264424  -0.736955  0.188187  0.649217  0.503780  -0.487450  0.713160  -0.039966  -0.004420  0.058861  -0.604705  -2.162394  -1.617472  1.000000  
142.032150 0.035863  0.019349  -0.037212  0.451894  0.851728  0.265239  -0.738960  0.190843  0.646156  0.499730  -0.487995  0.715633  -0.040351  -0.003803  0.058830  -0.622193  -2.232084  -1.649653  1.000000  
142.033400 0.035810  0.019347  -0.037140  0.453041  0.850893  0.265961  -0.740835  0.193385  0.643246  0.495900  -0.488450  0.717983  -0.040478  -0.003290  0.059331  -0.638508  -2.288094  -1.678900  1.000000  
142.034646 0.035754  0.019343  -0.037065  0.454282  0.849955  0.266840  -0.742864  0.196094  0.640078  0.491712  -0.489002  0.720484  -0.040609  -0.002909  0.060174  -0.655030  -2.352236  -1.713665  1.000000  
142.035665 0.035710  0.019339  -0.037001  0.455274  0.849224  0.267476  -0.744487  0.198333  0.637498  0.488329  -0.489369  0.722532  -0.040622  -0.002447  0.061060  -0.671043  -2.406688  -1.741884  1.000000  
142.036899 0.035655  0.019334  -0.036918  0.456496  0.848319  0.268266  -0.746485  0.201117  0.634281  0.484120  -0.489803  0.725066  -0.040788  -0.002139  0.061887  -0.692026  -2.472180  -1.777068  1.000000  
142.038154 0.035601  0.019329  -0.036837  0.457673  0.847448  0.269012  -0.748411  0.203842  0.631134  0.480017  -0.490184  0.727532  -0.040907  -0.001605  0.061927  -0.708351  -2.531895  -1.807786  1.000000  
142.039157 0.035559  0.019327  -0.036776  0.458642  0.846684  0.269767  -0.749994  0.206000  0.628549  0.476610  -0.490602  0.729488  -0.041055  -0.001252  0.061478  -0.720821  -2.576833  -1.829331  1.000000  
142.040419 0.035506  0.019328  -0.036704  0.459966  0.845641  0.270781  -0.752159  0.209001  0.624960  0.471898  -0.491131  0.732190  -0.041226  -0.000869  0.060551  -0.741150  -2.643532  -1.864783  1.000000  
142.041645 0.035455  0.019330  -0.036637  0.461212  0.844667  0.271702  -0.754196  0.211888  0.621523  0.467409  -0.491570  0.734770  -0.041608  -0.000651  0.059675  -0.758409  -2.710096  -1.899762  1.000000  
142.042647 0.035413  0.019332  -0.036583  0.462251  0.843832  0.272526  -0.755897  0.214286  0.618629  0.463620  -0.491964  0.736904  -0.041819  -0.000624  0.059068  -0.778513  -2.762866  -1.933264  1.000000  
142.043896 0.035361  0.019334  -0.036512  0.463663  0.842812  0.273284  -0.757855  0.217474  0.615111  0.458990  -0.492314  0.739564  -0.042038  -0.000640  0.058907  -0.802877  -2.817058  -1.966410  1.000000  
142.044897 0.035321  0.019335  -0.036452  0.464716  0.841943  0.274173  -0.759576  0.219924  0.612109  0.455063  -0.492713  0.741722  -0.042207  -0.000682  0.059127  -0.819894  -2.870950  -1.993223  1.000000  
142.045912 0.035279  0.019335  -0.036389  0.465949  0.841027  0.274893  -0.761238  0.222677  0.609041  0.451008  -0.493041  0.743978  -0.042416  -0.000802  0.059592  -0.835431  -2.922491  -2.024751  1.000000  
142.047144 0.035224  0.019333  -0.036306  0.467515  0.839797  0.275990  -0.763444  0.226193  0.604971  0.445626  -0.493536  0.746887  -0.042594  -0.001065  0.060433  -0.856517  -2.987350  -2.071652  1.000000  
142.048150 0.035179  0.019330  -0.036239  0.468661  0.838822  0.277008  -0.765316  0.228936  0.601564  0.441188  -0.493929  0.749258  -0.042750  -0.001191  0.061109  -0.876284  -3.057980  -2.108963  1.000000  
142.049394 0.035121  0.019324  -0.036156  0.470356  0.837577  0.277902  -0.767374  0.232690  0.597488  0.435777  -0.494287  0.752182  -0.042976  -0.001358  0.061583  -0.896679  -3.117435  -2.151313  1.000000  
142.050395 0.035073  0.019320  -0.036094  0.471636  0.836553  0.278815  -0.769107  0.235600  0.594110  0.431316  -0.494643  0.754516  -0.043225  -0.001297  0.061574  -0.919334  -3.182271  -2.198681  1.000000  
142.051396 0.035026  0.019317  -0.036035  0.472935  0.835562  0.279587  -0.770869  0.238706  0.590576  0.426723  -0.494829  0.757002  -0.043430  -0.001253  0.061058  -0.939463  -3.240358  -2.233099  1.000000  
142.052400 0.034979  0.019316  -0.035980  0.474223  0.834536  0.280469  -0.772611  0.241738  0.587056  0.422120  -0.495089  0.759409  -0.043606  -0.000952  0.060349  -0.958742  -3.294760  -2.272500  1.000000  
142.053646 0.034922  0.019317  -0.035913  0.476008  0.833179  0.281476  -0.774805  0.245897  0.582420  0.416046  -0.495326  0.762600  -0.043867  -0.000698  0.059589  -0.997792  -3.370008  -2.331980  1.000000  
142.054899 0.034866  0.019320  -0.035847  0.477832  0.831751  0.282608  -0.777055  0.250161  0.577585  0.409709  -0.495591  0.765852  -0.044116  -0.000498  0.059087  -1.032121  -3.447560  -2.392470  1.000000  
142.056150 0.034812  0.019324  -0.035777  0.479635  0.830286  0.283859  -0.779267  0.254348  0.572756  0.403352  -0.495915  0.769009  -0.044236  -0.000377  0.059158  -1.058245  -3.532968  -2.457973  1.000000  
142.057391 0.034761  0.019327  -0.035704  0.481255  0.828873  0.285244  -0.781539  0.258358  0.567845  0.396976  -0.496207  0.772132  -0.044215  -0.000336  0.059480  -1.080688  -3.611803  -2.511212  1.000000  
142.058394 0.034719  0.019327  -0.035643  0.482795  0.827614  0.286294  -0.783317  0.261941  0.563738  0.391566  -0.496429  0.774748  -0.044182  -0.000390  0.059876  -1.106584  -3.674337  -2.562215  1.000000  
142.059643 0.034669  0.019328  -0.035566  0.484428  0.826165  0.287718  -0.785605  0.266118  0.558574  0.384907  -0.496622  0.777954  -0.044160  -0.000455  0.060167  -1.133202  -3.756025  -2.616811  1.000000  
142.060903 0.034617  0.019327  -0.035491  0.486199  0.824624  0.289145  -0.787752  0.270389  0.553477  0.378229  -0.496874  0.781063  -0.044136  -0.000559  0.059883  -1.159922  -3.834477  -2.676872  1.000000  
142.062138 0.034564  0.019322  -0.035420  0.487973  0.823083  0.290545  -0.789898  0.274776  0.548233  0.371406  -0.497024  0.784235  -0.044036  -0.000726  0.059089  -1.184528  -3.903223  -2.729412  1.000000  
142.063138 0.034521  0.019317  -0.035368  0.489329  0.821806  0.291876  -0.791727  0.278276  0.543811  0.365685  -0.497189  0.786815  -0.043935  -0.000822  0.058120  -1.202755  -3.976691  -2.779162  1.000000  
142.064145 0.034477  0.019313  -0.035317  0.490615  0.820600  0.293109  -0.793444  0.281658  0.539551  0.360199  -0.497277  0.789286  -0.043675  -0.000842  0.057002  -1.216818  -4.035237  -2.818576  1.000000  
142.065391 0.034425  0.019310  -0.035257  0.492284  0.818976  0.294847  -0.795776  0.286199  0.533695  0.352699  -0.497361  0.792613  -0.043251  -0.000651  0.055808  -1.242912  -4.121727  -2.874433  1.000000  
142.066641 0.034374  0.019309  -0.035196  0.494038  0.817364  0.296383  -0.797877  0.290783  0.528051  0.345427  -0.497354  0.795814  -0.042650  -0.000503  0.055002  -1.267914  -4.201864  -2.932923  1.000000  
142.067889 0.034326  0.019312  -0.035130  0.495740  0.815823  0.297784  -0.799889  0.295363  0.522435  0.338259  -0.497186  0.798991  -0.042005  -0.000326  0.054905  -1.296565  -4.281519  -2.990395  1.000000  
142.068899 0.034289  0.019315  -0.035074  0.497039  0.814550  0.299100  -0.801617  0.299064  0.517659  0.332209  -0.497060  0.801604  -0.041366  -0.000211  0.055107  -1.325625  -4.363698  -3.045129  1.000000  
142.070141 0.034243  0.019321  -0.035001  0.498782  0.812833  0.300863  -0.803689  0.303783  0.511663  0.324500  -0.497009  0.804787  -0.040804  0.000009  0.055512  -1.347095  -4.433451  -3.094968  1.000000  
142.071143 0.034208  0.019327  -0.034943  0.500014  0.811598  0.302151  -0.805304  0.307408  0.506937  0.318545  -0.496799  0.807292  -0.040315  0.000220  0.055651  -1.369603  -4.496233  -3.135296  1.000000  
142.072147 0.034173  0.019332  -0.034887  0.501415  0.810265  0.303405  -0.806819  0.311248  0.502163  0.312451  -0.496585  0.809801  -0.039859  0.000356  0.055373  -1.394196  -4.557767  -3.182065  1.000000  
142.073388 0.034127  0.019337  -0.034820  0.503077  0.808586  0.305125  -0.808751  0.315991  0.496056  0.304687  -0.496325  0.812913  -0.039500  0.000634  0.054909  -1.416910  -4.631060  -3.233642  1.000000  
142.074388 0.034091  0.019340  -0.034769  0.504289  0.807285  0.306569  -0.810326  0.319697  0.491085  0.298436  -0.496070  0.815384  -0.039232  0.000718  0.054119  -1.435793  -4.702837  -3.271434  1.000000  
142.075389 0.034054  0.019342  -0.034720  0.505708  0.805776  0.308197  -0.811861  0.323670  0.485920  0.291789  -0.495947  0.817861  -0.038883  0.001010  0.053313  -1.455484  -4.763299  -3.317326  1.000000  
142.076639 0.034007  0.019341  -0.034660  0.507057  0.804274  0.309897  -0.813655  0.328038  0.479955  0.284357  -0.495514  0.820735  -0.038524  0.001234  0.052484  -1.473902  -4.824961  -3.345887  1.000000  
142.077644 0.033970  0.019340  -0.034610  0.508289  0.803012  0.311149  -0.814884  0.331595  0.475404  0.278580  -0.495193  0.822908  -0.038092  0.001500  0.052130  -1.491097  -4.861861  -3.370249  1.000000  
142.078646 0.033933  0.019340  -0.034560  0.509600  0.801576  0.312705  -0.816237  0.335424  0.470370  0.272149  -0.494942  0.825208  -0.037659  0.001723  0.052162  -1.500104  -4.919580  -3.405528  1.000000  
142.079894 0.033887  0.019339  -0.034494  0.510928  0.800014  0.314531  -0.817989  0.339976  0.464016  0.264286  -0.494362  0.828106  -0.037140  0.001941  0.052587  -1.518175  -4.974851  -3.427235  1.000000  
142.080920 0.033852  0.019340  -0.034438  0.512136  0.798762  0.315747  -0.819171  0.343724  0.459143  0.258216  -0.493794  0.830356  -0.036674  0.002098  0.052860  -1.532022  -5.017718  -3.445416  1.000000  
142.082144 0.033810  0.019343  -0.034365  0.513609  0.797105  0.317535  -0.820776  0.348574  0.452573  0.250063  -0.493071  0.833276  -0.036246  0.002258  0.053702  -1.549144  -5.077033  -3.475737  1.000000  
142.083145 0.033776  0.019347  -0.034307  0.514824  0.795791  0.318863  -0.821964  0.352515  0.447334  0.243580  -0.492392  0.835595  -0.035987  0.002239  0.053915  -1.568399  -5.128891  -3.499003  1.000000  
142.084146 0.033744  0.019352  -0.034251  0.515965  0.794661  0.319834  -0.823034  0.356381  0.442276  0.237476  -0.491434  0.837913  -0.035711  0.002342  0.053848  -1.592288  -5.144546  -3.503151  1.000000  
142.085394 0.033702  0.019359  -0.034183  0.517536  0.792944  0.321553  -0.824407  0.361444  0.435558  0.229150  -0.490508  0.840769  -0.035539  0.002354  0.053425  -1.617582  -5.198740  -3.532345  1.000000  
142.086643 0.033658  0.019365  -0.034118  0.519055  0.791304  0.323141  -0.825693  0.366479  0.428863  0.220937  -0.489419  0.843597  -0.035479  0.002335  0.053026  -1.642639  -5.238871  -3.556355  1.000000  
142.087649 0.033622  0.019369  -0.034067  0.520155  0.790074  0.324379  -0.826688  0.370346  0.423594  0.214538  -0.488495  0.845782  -0.035467  0.002323  0.052812  -1.662426  -5.269574  -3.565311  1.000000  
142.088895 0.033577  0.019372  -0.034001  0.521640  0.788372  0.326131  -0.827914  0.375443  0.416655  0.206035  -0.487352  0.848550  -0.035454  0.002207  0.052889  -1.690241  -5.310715  -3.583991  1.000000  
142.090143 0.033530  0.019373  -0.033931  0.523060  0.786823  0.327595  -0.829031  0.380502  0.409788  0.197780  -0.485930  0.851326  -0.035503  0.002108  0.053473  -1.724299  -5.349811  -3.607632  1.000000  
142.091147 0.033493  0.019371  -0.033871  0.524280  0.785535  0.328733  -0.829829  0.384677  0.404237  0.191086  -0.484725  0.853538  -0.035503  0.002049  0.054242  -1.752403  -5.378788  -3.620262  1.000000  
142.092390 0.033445  0.019370  -0.033793  0.525661  0.783886  0.330459  -0.830878  0.389740  0.397170  0.182542  -0.483348  0.856185  -0.035582  0.001914  0.055303  -1.786422  -5.415057  -3.642944  1.000000  
142.093638 0.033399  0.019368  -0.033712  0.527150  0.782311  0.331817  -0.831715  0.394920  0.390241  0.174248  -0.481693  0.858842  -0.035618  0.001891  0.056552  -1.818915  -5.436367  -3.660145  1.000000  
142.094638 0.033362  0.019367  -0.033647  0.528129  0.781081  0.333155  -0.832502  0.398914  0.384459  0.167393  -0.480396  0.860929  -0.035634  0.001845  0.057371  -1.847792  -5.461784  -3.664878  1.000000  
142.095639 0.033324  0.019367  -0.033585  0.529267  0.779739  0.334491  -0.833156  0.403101  0.378629  0.160398  -0.479079  0.862992  -0.035761  0.001807  0.057835  -1.870051  -5.484717  -3.678525  1.000000  
142.096889 0.033280  0.019367  -0.033510  0.530510  0.778192  0.336119  -0.833975  0.408138  0.371361  0.151807  -0.477325  0.865514  -0.035922  0.001671  0.058061  -1.904247  -5.520179  -3.692811  1.000000  
142.097892 0.033243  0.019368  -0.033452  0.531428  0.776951  0.337537  -0.834660  0.412212  0.365273  0.144662  -0.475845  0.867551  -0.036139  0.001457  0.057995  -1.927332  -5.553810  -3.706058  1.000000  
142.099138 0.033197  0.019369  -0.033380  0.532801  0.775355  0.339040  -0.835297  0.417634  0.357576  0.135654  -0.473716  0.870167  -0.036486  0.001123  0.058048  -1.965914  -5.580938  -3.724021  1.000000  
142.100140 0.033159  0.019369  -0.033324  0.533659  0.774209  0.340306  -0.835882  0.421736  0.351341  0.128492  -0.471952  0.872211  -0.036757  0.000753  0.058117  -1.999000  -5.610377  -3.726285  1.000000  
142.101141 0.033120  0.019369  -0.033267  0.534661  0.772984  0.341517  -0.836312  0.425969  0.345155  0.121323  -0.470156  0.874205  -0.037087  0.000367  0.058485  -2.031523  -5.638430  -3.742706  1.000000  
142.102152 0.033081  0.019367  -0.033208  0.535644  0.771813  0.342622  -0.836711  0.430308  0.338746  0.114016  -0.468123  0.876277  -0.037367  -0.000097  0.059127  -2.074215  -5.668715  -3.754210  1.000000  
142.103393 0.033030  0.019364  -0.033131  0.536863  0.770323  0.344065  -0.837097  0.435564  0.330988  0.105105  -0.465711  0.878673  -0.037687  -0.000546  0.059785  -2.118394  -5.696151  -3.766140  1.000000  
142.104397 0.032989  0.019359  -0.033067  0.537618  0.769182  0.345435  -0.837515  0.439686  0.324415  0.097651  -0.463719  0.880585  -0.037946  -0.000900  0.060460  -2.151654  -5.727253  -3.767907  1.000000  
142.105641 0.032936  0.019353  -0.032988  0.538766  0.767677  0.346991  -0.837784  0.444909  0.316502  0.088592  -0.461224  0.882850  -0.038399  -0.001231  0.061012  -2.200576  -5.746766  -3.783320  1.000000  
142.106889 0.032883  0.019348  -0.032911  0.539697  0.766444  0.348267  -0.838095  0.450074  0.308270  0.079526  -0.458253  0.885257  -0.038774  -0.001488  0.060910  -2.252918  -5.792793  -3.792282  1.000000  
142.107890 0.032840  0.019345  -0.032852  0.540355  0.765428  0.349479  -0.838358  0.454244  0.301361  0.071922  -0.455830  0.887156  -0.039154  -0.001624  0.060641  -2.306764  -5.839503  -3.809404  1.000000  
142.108899 0.032798  0.019341  -0.032795  0.541141  0.764470  0.350360  -0.838438  0.458417  0.294746  0.064713  -0.453255  0.889029  -0.039474  -0.001777  0.059897  -2.359453  -5.865656  -3.816219  1.000000  
142.110138 0.032746  0.019339  -0.032725  0.541955  0.763361  0.351517  -0.838564  0.463503  0.286314  0.055632  -0.449939  0.891325  -0.039838  -0.001886  0.059410  -2.414174  -5.900319  -3.816536  1.000000  
142.111140 0.032704  0.019338  -0.032671  0.542512  0.762412  0.352717  -0.838667  0.467498  0.279434  0.048149  -0.447408  0.893033  -0.040168  -0.001938  0.058939  -2.454702  -5.939928  -3.819893  1.000000  
142.112145 0.032663  0.019337  -0.032614  0.543208  0.761495  0.353626  -0.838607  0.471628  0.272592  0.040797  -0.444627  0.894786  -0.040472  -0.001978  0.058784  -2.508568  -5.968098  -3.826508  1.000000  
142.113388 0.032611  0.019337  -0.032542  0.543905  0.760471  0.354755  -0.838548  0.476585  0.264015  0.031705  -0.441078  0.896908  -0.040859  -0.002058  0.058804  -2.561763  -5.998872  -3.822984  1.000000  
142.114388 0.032570  0.019336  -0.032483  0.544357  0.759729  0.355651  -0.838488  0.480287  0.257414  0.024750  -0.438334  0.898471  -0.041229  -0.002222  0.058959  -2.598574  -6.024221  -3.816619  1.000000  
142.115393 0.032528  0.019334  -0.032424  0.544787  0.758989  0.356572  -0.838394  0.484158  0.250372  0.017393  -0.435347  0.900095  -0.041510  -0.002370  0.059060  -2.642683  -6.048798  -3.808638  1.000000  
142.116640 0.032473  0.019330  -0.032351  0.545366  0.758149  0.357471  -0.838153  0.488832  0.241958  0.008697  -0.431571  0.902037  -0.041857  -0.002551  0.059046  -2.698752  -6.069438  -3.793290  1.000000  
142.117889 0.032417  0.019326  -0.032282  0.545732  0.757452  0.358389  -0.837960  0.493437  0.233117  -0.000268  -0.427535  0.903999  -0.042248  -0.002638  0.058709  -2.762020  -6.101546  -3.775138  1.000000  
142.118898 0.032371  0.019322  -0.032228  0.546062  0.756949  0.358950  -0.837712  0.497142  0.226026  -0.007359  -0.424121  0.905576  -0.042561  -0.002628  0.057961  -2.820202  -6.121629  -3.757467  1.000000  
142.120148 0.032314  0.019317  -0.032163  0.546524  0.756291  0.359632  -0.837290  0.501705  0.217343  -0.016055  -0.419900  0.907429  -0.042866  -0.002541  0.056972  -2.885214  -6.147687  -3.742606  1.000000  
142.121394 0.032257  0.019313  -0.032104  0.546768  0.755739  0.360421  -0.836910  0.506159  0.208289  -0.025018  -0.415526  0.909237  -0.043115  -0.002420  0.055787  -2.949811  -6.173946  -3.719013  1.000000  
142.122641 0.032202  0.019311  -0.032046  0.546980  0.755404  0.360801  -0.836483  0.510329  0.199652  -0.033310  -0.411010  0.911022  -0.043274  -0.002261  0.054666  -3.019118  -6.188987  -3.681461  1.000000  
142.123889 0.032147  0.019310  -0.031987  0.547329  0.755056  0.361000  -0.835889  0.514558  0.191098  -0.041466  -0.406350  0.912776  -0.043434  -0.002111  0.053918  -3.086315  -6.187339  -3.649437  1.000000  
142.124897 0.032103  0.019308  -0.031937  0.547337  0.754913  0.361288  -0.835526  0.517728  0.183995  -0.048149  -0.402572  0.914121  -0.043514  -0.002072  0.053415  -3.142375  -6.191257  -3.611283  1.000000  
142.126139 0.032051  0.019308  -0.031873  0.547619  0.754554  0.361608  -0.834831  0.521798  0.175451  -0.056299  -0.397962  0.915673  -0.043579  -0.001965  0.053177  -3.202883  -6.184104  -3.583425  1.000000  
142.127139 0.032010  0.019308  -0.031820  0.547758  0.754420  0.361679  -0.834293  0.524880  0.168688  -0.062577  -0.394146  0.916915  -0.043584  -0.001932  0.052926  -3.256038  -6.178676  -3.548286  1.000000  
142.128145 0.031969  0.019308  -0.031767  0.547874  0.754341  0.361668  -0.833722  0.527934  0.161843  -0.068852  -0.390200  0.918152  -0.043540  -0.001994  0.052515  -3.321517  -6.177111  -3.523572  1.000000  
142.129388 0.031917  0.019305  -0.031701  0.547891  0.754315  0.361697  -0.833000  0.531728  0.152897  -0.076992  -0.385064  0.919673  -0.043473  -0.002043  0.052106  -3.384720  -6.157720  -3.465812  1.000000  
142.130388 0.031875  0.019302  -0.031651  0.547969  0.754407  0.361387  -0.832372  0.534617  0.146089  -0.082993  -0.380861  0.920900  -0.043488  -0.002124  0.051555  -3.446386  -6.131426  -3.419181  1.000000  
142.131391 0.031833  0.019298  -0.031601  0.548033  0.754449  0.361201  -0.831723  0.537380  0.139497  -0.088859  -0.376868  0.921995  -0.043422  -0.002186  0.050836  -3.487840  -6.100943  -3.370413  1.000000  
142.132641 0.031778  0.019292  -0.031543  0.548172  0.754527  0.360828  -0.830817  0.540867  0.131174  -0.096186  -0.371688  0.923361  -0.043354  -0.002270  0.050106  -3.544898  -6.076966  -3.324545  1.000000  
142.133889 0.031723  0.019287  -0.031484  0.548287  0.754647  0.360401  -0.829876  0.544237  0.122929  -0.103375  -0.366489  0.924662  -0.043234  -0.002322  0.049607  -3.613874  -6.026110  -3.268795  1.000000  
