1-Time 2-Px 3-Py 4-Pz 5-R11 6-R21 7-R31 8-R12 9-R22 10-R32 11-R13 12-R23 13-R33 14-Vx 15-Vy 16-Vz 17-Wx 18-Wy 19-Wz 20-state
119.080819 0.016778  -0.002335  -0.009258  0.381408  0.919729  0.092880  -0.698403  0.220877  0.680769  0.605608  -0.324518  0.726586  -0.000822  -0.000347  -0.000153  0.000000  0.000000  0.000000  1.000000  
119.081992 0.016777  -0.002336  -0.009261  0.381408  0.919740  0.092768  -0.698403  0.220960  0.680742  0.605608  -0.324430  0.726625  -0.000831  -0.001096  -0.003239  0.000000  0.000000  0.000000  1.000000  
119.083236 0.016768  -0.002339  -0.009255  0.381408  0.919751  0.092657  -0.698403  0.221042  0.680715  0.605608  -0.324342  0.726665  -0.004577  -0.001817  0.001315  0.000000  0.000000  0.000000  1.000000  
119.084245 0.016758  -0.002342  -0.009248  0.381264  0.919808  0.092685  -0.698482  0.220935  0.680669  0.605608  -0.324254  0.726704  -0.006122  -0.002106  0.003060  0.000000  0.000000  0.000000  1.000000  
119.085494 0.016749  -0.002344  -0.009244  0.381264  0.919819  0.092574  -0.698482  0.221018  0.680642  0.605608  -0.324166  0.726743  -0.006334  -0.001949  0.003051  0.000000  0.000000  0.000000  1.000000  
119.086744 0.016741  -0.002345  -0.009243  0.381120  0.919876  0.092602  -0.698560  0.220911  0.680596  0.605608  -0.324078  0.726783  -0.006436  -0.001719  0.002561  0.000000  0.000000  0.000000  1.000000  
119.087996 0.016728  -0.002346  -0.009243  0.381120  0.919887  0.092491  -0.698560  0.220994  0.680570  0.605608  -0.323989  0.726822  -0.007045  -0.001575  0.002145  0.000000  0.000000  0.000000  1.000000  
119.089258 0.016714  -0.002347  -0.009242  0.380977  0.919944  0.092519  -0.698639  0.220887  0.680524  0.605608  -0.323901  0.726861  -0.007750  -0.001419  0.001862  0.000000  0.000000  0.000000  1.000000  
119.090492 0.016701  -0.002346  -0.009243  0.380977  0.919955  0.092408  -0.698639  0.220969  0.680497  0.605608  -0.323813  0.726901  -0.008074  -0.001126  0.001575  0.000000  0.000000  0.000000  1.000000  
119.091737 0.016690  -0.002345  -0.009242  0.380833  0.920012  0.092436  -0.698717  0.220862  0.680451  0.605608  -0.323725  0.726940  -0.008200  -0.000924  0.001461  0.000000  0.000000  0.000000  1.000000  
119.092987 0.016676  -0.002346  -0.009240  0.380833  0.920023  0.092325  -0.698717  0.220945  0.680424  0.605608  -0.323637  0.726979  -0.008486  -0.000890  0.001505  0.000000  0.000000  0.000000  1.000000  
119.094237 0.016661  -0.002347  -0.009236  0.380689  0.920069  0.092465  -0.698796  0.220756  0.680405  0.605608  -0.323637  0.726979  -0.008820  -0.000905  0.001663  0.000000  0.000000  0.000000  1.000000  
119.095237 0.016648  -0.002349  -0.009230  0.380689  0.920080  0.092353  -0.698796  0.220838  0.680379  0.605608  -0.323549  0.727018  -0.009117  -0.001000  0.001904  0.000000  0.000000  0.000000  1.000000  
119.096487 0.016628  -0.002355  -0.009221  0.380545  0.920125  0.092493  -0.698874  0.220649  0.680360  0.605608  -0.323549  0.727018  -0.009980  -0.001317  0.002589  0.000000  0.000000  0.000000  1.000000  
119.097737 0.016608  -0.002361  -0.009212  0.380545  0.920136  0.092382  -0.698874  0.220731  0.680333  0.605608  -0.323460  0.727058  -0.010954  -0.001536  0.002967  0.000000  0.000000  0.000000  1.000000  
119.098739 0.016592  -0.002365  -0.009208  0.380584  0.920127  0.092316  -0.698945  0.220852  0.680221  0.605501  -0.323405  0.727171  -0.011336  -0.001592  0.002770  0.000000  0.000000  0.000000  1.000000  
119.100015 0.016574  -0.002367  -0.009207  0.380584  0.920138  0.092205  -0.698945  0.220934  0.680194  0.605501  -0.323317  0.727210  -0.011984  -0.001598  0.002581  0.000000  0.000000  0.000000  1.000000  
119.101243 0.016556  -0.002368  -0.009208  0.380584  0.920149  0.092093  -0.698945  0.221017  0.680167  0.605501  -0.323229  0.727249  -0.012718  -0.001603  0.002413  0.000000  0.000000  0.000000  1.000000  
119.102244 0.016540  -0.002370  -0.009207  0.380623  0.920129  0.092140  -0.699016  0.221055  0.680082  0.605395  -0.323262  0.727323  -0.013165  -0.001673  0.002422  0.000000  0.000000  0.000000  1.000000  
119.103490 0.016519  -0.002370  -0.009200  0.380661  0.920119  0.092075  -0.699087  0.221175  0.679969  0.605288  -0.323206  0.727437  -0.013553  -0.001610  0.002844  0.000000  0.000000  0.000000  1.000000  
119.104739 0.016501  -0.002370  -0.009191  0.380805  0.920085  0.091823  -0.699009  0.221447  0.679961  0.605288  -0.323118  0.727476  -0.013831  -0.001595  0.003400  0.000000  0.000000  0.000000  1.000000  
119.105739 0.016488  -0.002368  -0.009182  0.380844  0.920075  0.091758  -0.699080  0.221568  0.679849  0.605182  -0.323063  0.727589  -0.014043  -0.001443  0.004027  0.000000  0.000000  0.000000  1.000000  
119.106743 0.016474  -0.002365  -0.009173  0.380883  0.920054  0.091805  -0.699151  0.221606  0.679764  0.605075  -0.323096  0.727663  -0.014427  -0.001375  0.004671  0.000000  0.000000  0.000000  1.000000  
119.107989 0.016454  -0.002365  -0.009160  0.381027  0.920020  0.091553  -0.699073  0.221877  0.679755  0.605075  -0.323007  0.727702  -0.014891  -0.001306  0.005341  0.000000  0.000000  0.000000  1.000000  
119.109237 0.016431  -0.002366  -0.009149  0.381065  0.920010  0.091488  -0.699144  0.221998  0.679643  0.604969  -0.322952  0.727815  -0.015321  -0.001245  0.005754  0.000000  0.000000  0.000000  1.000000  
119.110237 0.016414  -0.002367  -0.009143  0.381209  0.919976  0.091237  -0.699066  0.222270  0.679635  0.604969  -0.322864  0.727855  -0.015604  -0.001155  0.005845  0.000000  0.000000  0.000000  1.000000  
119.111488 0.016393  -0.002367  -0.009137  0.381248  0.919966  0.091172  -0.699137  0.222390  0.679522  0.604862  -0.322808  0.727968  -0.015701  -0.000768  0.005545  0.000000  0.000000  0.000000  1.000000  
119.112490 0.016377  -0.002366  -0.009135  0.381431  0.919900  0.091078  -0.699129  0.222617  0.679456  0.604755  -0.322841  0.728042  -0.015654  -0.000365  0.005202  0.000000  0.000000  0.000000  1.000000  
119.113737 0.016355  -0.002365  -0.009134  0.381469  0.919890  0.091014  -0.699200  0.222738  0.679343  0.604649  -0.322785  0.728155  -0.015792  -0.000039  0.004951  0.000000  0.000000  0.000000  1.000000  
119.114739 0.016338  -0.002364  -0.009132  0.381652  0.919834  0.090809  -0.699193  0.223047  0.679249  0.604542  -0.322730  0.728268  -0.016008  0.000205  0.005077  0.000000  0.000000  0.000000  1.000000  
119.115989 0.016318  -0.002361  -0.009128  0.381874  0.919758  0.090651  -0.699256  0.223395  0.679070  0.604329  -0.322707  0.728455  -0.016094  0.000444  0.005272  0.000000  0.000000  0.000000  1.000000  
119.116993 0.016302  -0.002360  -0.009122  0.382056  0.919691  0.090558  -0.699248  0.223622  0.679003  0.604222  -0.322740  0.728529  -0.016108  0.000654  0.005713  0.000000  0.000000  0.000000  1.000000  
119.118240 0.016282  -0.002356  -0.009112  0.382278  0.919615  0.090400  -0.699311  0.223970  0.678823  0.604009  -0.322717  0.728716  -0.016086  0.000955  0.005966  0.000000  0.000000  0.000000  1.000000  
119.119495 0.016262  -0.002351  -0.009101  0.382499  0.919538  0.090242  -0.699375  0.224317  0.678644  0.603796  -0.322694  0.728903  -0.016192  0.001257  0.006112  0.000000  0.000000  0.000000  1.000000  
119.120740 0.016242  -0.002346  -0.009093  0.382721  0.919462  0.090085  -0.699437  0.224664  0.678464  0.603583  -0.322671  0.729090  -0.016432  0.001490  0.005909  0.000000  0.000000  0.000000  1.000000  
119.121987 0.016221  -0.002342  -0.009087  0.382942  0.919374  0.090039  -0.699500  0.224929  0.678311  0.603369  -0.322736  0.729237  -0.016606  0.001589  0.005401  0.000000  0.000000  0.000000  1.000000  
119.122988 0.016204  -0.002340  -0.009084  0.383308  0.919250  0.089742  -0.699484  0.225466  0.678150  0.603156  -0.322713  0.729424  -0.016661  0.001697  0.005030  0.000000  0.000000  0.000000  1.000000  
119.123989 0.016185  -0.002337  -0.009081  0.383530  0.919173  0.089584  -0.699547  0.225813  0.677970  0.602942  -0.322690  0.729611  -0.016707  0.001942  0.004598  0.000000  0.000000  0.000000  1.000000  
119.125237 0.016161  -0.002334  -0.009078  0.383895  0.919050  0.089288  -0.699530  0.226349  0.677808  0.602729  -0.322667  0.729797  -0.016874  0.002153  0.004302  0.000000  0.000000  0.000000  1.000000  
119.126237 0.016143  -0.002330  -0.009074  0.384117  0.918972  0.089131  -0.699592  0.226697  0.677628  0.602515  -0.322643  0.729984  -0.016941  0.002487  0.004324  -0.156684  -0.081216  -0.138580  1.000000  
119.127487 0.016120  -0.002326  -0.009066  0.384521  0.918816  0.088993  -0.699646  0.227188  0.677407  0.602195  -0.322741  0.730205  -0.017111  0.002701  0.004621  -0.160944  -0.089080  -0.154140  1.000000  
119.128489 0.016103  -0.002323  -0.009058  0.384743  0.918739  0.088836  -0.699708  0.227535  0.677227  0.601981  -0.322717  0.730392  -0.017073  0.002881  0.005156  -0.163727  -0.090211  -0.159670  1.000000  
119.129490 0.016085  -0.002319  -0.009049  0.384965  0.918650  0.088791  -0.699770  0.227800  0.677074  0.601768  -0.322783  0.730539  -0.017187  0.003059  0.005627  -0.169248  -0.096942  -0.169693  1.000000  
119.130737 0.016062  -0.002314  -0.009038  0.385369  0.918494  0.088654  -0.699823  0.228292  0.676853  0.601447  -0.322880  0.730760  -0.017345  0.003195  0.006033  -0.172144  -0.103989  -0.183811  1.000000  
119.131743 0.016046  -0.002310  -0.009029  0.385735  0.918358  0.088469  -0.699805  0.228746  0.676719  0.601233  -0.322945  0.730907  -0.017436  0.003396  0.006369  -0.177747  -0.104451  -0.197182  1.000000  
119.132987 0.016025  -0.002305  -0.009021  0.386140  0.918201  0.088332  -0.699858  0.229237  0.676498  0.600912  -0.323043  0.731128  -0.017378  0.003478  0.006257  -0.180512  -0.111406  -0.211025  1.000000  
119.133994 0.016008  -0.002301  -0.009016  0.386505  0.918054  0.088260  -0.699839  0.229609  0.676391  0.600698  -0.323196  0.731236  -0.017437  0.003442  0.005915  -0.176775  -0.113413  -0.218157  1.000000  
119.135240 0.015988  -0.002296  -0.009013  0.386766  0.917944  0.088262  -0.699971  0.229912  0.676152  0.600377  -0.323294  0.731456  -0.017437  0.003474  0.005535  -0.178047  -0.120183  -0.228374  1.000000  
119.136241 0.015970  -0.002291  -0.009011  0.387171  0.917787  0.088126  -0.700022  0.230403  0.675931  0.600056  -0.323391  0.731676  -0.017533  0.003467  0.005294  -0.186329  -0.128017  -0.243925  1.000000  
119.137492 0.015948  -0.002288  -0.009008  0.387576  0.917629  0.087990  -0.700073  0.230895  0.675711  0.599735  -0.323489  0.731897  -0.017597  0.003535  0.005187  -0.190539  -0.131765  -0.257685  1.000000  
119.138737 0.015925  -0.002284  -0.009003  0.387981  0.917471  0.087854  -0.700124  0.231386  0.675490  0.599414  -0.323586  0.732117  -0.017584  0.003583  0.005326  -0.190611  -0.137774  -0.266446  1.000000  
119.139991 0.015903  -0.002281  -0.008993  0.388530  0.917254  0.087691  -0.700095  0.231984  0.675315  0.599093  -0.323772  0.732298  -0.017493  0.003633  0.005812  -0.190725  -0.145605  -0.282001  1.000000  
119.141237 0.015881  -0.002277  -0.008978  0.388973  0.917074  0.087603  -0.700215  0.232513  0.675009  0.598664  -0.323902  0.732591  -0.017450  0.003567  0.006364  -0.194941  -0.153487  -0.297654  1.000000  
119.142237 0.015865  -0.002272  -0.008968  0.389378  0.916905  0.087579  -0.700265  0.232923  0.674816  0.598342  -0.324088  0.732771  -0.017304  0.003643  0.006649  -0.194985  -0.159450  -0.306422  1.000000  
119.143487 0.015844  -0.002267  -0.008955  0.389928  0.916697  0.087306  -0.700234  0.233603  0.674613  0.598021  -0.324185  0.732991  -0.017260  0.003698  0.006869  -0.203315  -0.160944  -0.325231  1.000000  
119.144737 0.015823  -0.002262  -0.008943  0.390477  0.916479  0.087144  -0.700203  0.234201  0.674438  0.597699  -0.324371  0.733171  -0.017150  0.003753  0.006918  -0.201735  -0.163308  -0.336223  1.000000  
119.145987 0.015802  -0.002255  -0.008933  0.391209  0.916191  0.086891  -0.700160  0.235025  0.674195  0.597270  -0.324589  0.733424  -0.017045  0.003842  0.006781  -0.205922  -0.164773  -0.354953  1.000000  
119.146987 0.015787  -0.002251  -0.008926  0.391759  0.915961  0.086840  -0.700127  0.235541  0.674049  0.596948  -0.324864  0.733564  -0.016923  0.003848  0.006725  -0.206034  -0.168440  -0.368710  1.000000  
119.147989 0.015772  -0.002247  -0.008920  0.392452  0.915692  0.086540  -0.700013  0.236327  0.673892  0.596626  -0.325050  0.733744  -0.016852  0.003913  0.006721  -0.210195  -0.165804  -0.385594  1.000000  
119.148990 0.015757  -0.002242  -0.008912  0.393002  0.915472  0.086379  -0.699980  0.236925  0.673717  0.596304  -0.325236  0.733923  -0.016759  0.003966  0.006915  -0.214320  -0.169472  -0.399322  1.000000  
119.150011 0.015740  -0.002238  -0.008904  0.393695  0.915191  0.086191  -0.699864  0.237629  0.673589  0.595981  -0.325511  0.734063  -0.016805  0.003889  0.007361  -0.216074  -0.168093  -0.419440  1.000000  
119.151240 0.015717  -0.002234  -0.008891  0.394611  0.914829  0.085850  -0.699806  0.238679  0.673279  0.595444  -0.325762  0.734388  -0.016884  0.003850  0.008033  -0.224518  -0.171527  -0.445559  1.000000  
119.152245 0.015699  -0.002230  -0.008879  0.395344  0.914525  0.085711  -0.699758  0.239421  0.673065  0.595014  -0.326069  0.734600  -0.016865  0.003880  0.008808  -0.224534  -0.172904  -0.464388  1.000000  
119.153499 0.015677  -0.002228  -0.008862  0.396404  0.914101  0.085343  -0.699615  0.240577  0.672801  0.594476  -0.326409  0.734885  -0.016858  0.003823  0.009532  -0.228663  -0.176140  -0.490141  1.000000  
119.154740 0.015654  -0.002224  -0.008847  0.397321  0.913724  0.085115  -0.699553  0.241545  0.672519  0.593938  -0.326748  0.735169  -0.016846  0.003867  0.009838  -0.232863  -0.175339  -0.514361  1.000000  
119.155989 0.015633  -0.002218  -0.008834  0.398420  0.913275  0.084798  -0.699475  0.242738  0.672170  0.593292  -0.327120  0.735525  -0.016864  0.003952  0.009756  -0.236980  -0.182703  -0.542116  1.000000  
119.157237 0.015611  -0.002213  -0.008823  0.399520  0.912813  0.084593  -0.699396  0.243850  0.671850  0.592646  -0.327582  0.735841  -0.016917  0.003964  0.009659  -0.239068  -0.188407  -0.565170  1.000000  
119.158487 0.015590  -0.002207  -0.008814  0.400660  0.912338  0.084327  -0.699383  0.245080  0.671415  0.591891  -0.327986  0.736268  -0.016945  0.004053  0.009421  -0.247140  -0.193436  -0.597811  1.000000  
119.159487 0.015574  -0.002202  -0.008805  0.401576  0.911945  0.084213  -0.699314  0.245965  0.671164  0.591352  -0.328415  0.736510  -0.016902  0.004053  0.009351  -0.251178  -0.196559  -0.623584  1.000000  
119.160737 0.015553  -0.002196  -0.008793  0.402716  0.911467  0.083949  -0.699297  0.247196  0.670730  0.590596  -0.328819  0.736936  -0.016895  0.004050  0.009512  -0.257132  -0.207674  -0.651493  1.000000  
119.161987 0.015532  -0.002189  -0.008777  0.404144  0.910864  0.083632  -0.699111  0.248638  0.670390  0.589840  -0.329402  0.737281  -0.017038  0.004151  0.009956  -0.265260  -0.210349  -0.689697  1.000000  
119.163237 0.015509  -0.002183  -0.008758  0.405428  0.910320  0.083344  -0.699006  0.249974  0.670003  0.589083  -0.329896  0.737665  -0.017284  0.004209  0.010630  -0.273279  -0.215275  -0.722776  1.000000  
119.164237 0.015490  -0.002179  -0.008742  0.406529  0.909847  0.083145  -0.698913  0.251083  0.669685  0.588435  -0.330357  0.737976  -0.017493  0.004203  0.011237  -0.282990  -0.218283  -0.749411  1.000000  
119.165241 0.015470  -0.002174  -0.008726  0.407630  0.909372  0.082947  -0.698818  0.252192  0.669367  0.587785  -0.330819  0.738287  -0.017702  0.004190  0.011677  -0.293284  -0.220842  -0.786782  1.000000  
119.166489 0.015445  -0.002168  -0.008707  0.408954  0.908789  0.082823  -0.698772  0.253484  0.668927  0.586919  -0.331435  0.738700  -0.017870  0.004325  0.012007  -0.297101  -0.229763  -0.821880  1.000000  
119.167498 0.015424  -0.002163  -0.008692  0.410239  0.908225  0.082650  -0.698656  0.254737  0.668572  0.586160  -0.332018  0.739040  -0.018001  0.004527  0.012198  -0.300742  -0.238504  -0.856312  1.000000  
119.168740 0.015399  -0.002155  -0.008677  0.411747  0.907562  0.082441  -0.698587  0.256253  0.668065  0.585184  -0.332666  0.739522  -0.018222  0.004765  0.012213  -0.304443  -0.247385  -0.891704  1.000000  
119.169741 0.015378  -0.002149  -0.008665  0.413032  0.906993  0.082271  -0.698464  0.257505  0.667712  0.584425  -0.333250  0.739860  -0.018438  0.005016  0.012198  -0.312285  -0.256170  -0.926772  1.000000  
119.170990 0.015352  -0.002140  -0.008650  0.414620  0.906277  0.082167  -0.698522  0.259096  0.667035  0.583230  -0.333962  0.740481  -0.018774  0.005158  0.012290  -0.319737  -0.270776  -0.970644  1.000000  
119.172246 0.015327  -0.002131  -0.008634  0.416313  0.905517  0.081988  -0.698422  0.260755  0.666493  0.582142  -0.334732  0.740989  -0.019013  0.005466  0.012705  -0.327174  -0.285197  -1.014350  1.000000  
119.173488 0.015302  -0.002121  -0.008617  0.418006  0.904753  0.081811  -0.698318  0.262413  0.665952  0.581054  -0.335502  0.741495  -0.019299  0.005743  0.013213  -0.330594  -0.295664  -1.056828  1.000000  
119.174737 0.015277  -0.002112  -0.008596  0.419596  0.904006  0.081934  -0.698360  0.263842  0.665342  0.579855  -0.336394  0.742029  -0.019582  0.005953  0.013856  -0.331190  -0.315601  -1.095552  1.000000  
119.175737 0.015257  -0.002104  -0.008579  0.421105  0.903321  0.081738  -0.698266  0.265355  0.664840  0.578874  -0.337043  0.742501  -0.019720  0.006132  0.014251  -0.337252  -0.329039  -1.134958  1.000000  
119.176737 0.015237  -0.002096  -0.008561  0.422472  0.902678  0.081791  -0.698254  0.266601  0.664353  0.577892  -0.337781  0.742930  -0.019985  0.006298  0.014652  -0.340562  -0.343784  -1.167060  1.000000  
119.177987 0.015211  -0.002088  -0.008539  0.424390  0.901796  0.081590  -0.698175  0.268520  0.663663  0.576581  -0.338616  0.743569  -0.020191  0.006439  0.014848  -0.344814  -0.363188  -1.205000  1.000000  
119.179237 0.015186  -0.002079  -0.008519  0.426164  0.900955  0.081638  -0.698177  0.270172  0.662990  0.575268  -0.339541  0.744163  -0.020279  0.006625  0.014885  -0.346582  -0.388931  -1.251140  1.000000  
119.180487 0.015161  -0.002070  -0.008501  0.427980  0.900084  0.081741  -0.698238  0.271863  0.662234  0.573844  -0.340498  0.744825  -0.020279  0.006872  0.014787  -0.342552  -0.410124  -1.283860  1.000000  
119.181493 0.015140  -0.002062  -0.008487  0.429571  0.899323  0.081771  -0.698251  0.273371  0.661600  0.572638  -0.341301  0.745385  -0.020271  0.007098  0.014667  -0.344096  -0.430185  -1.321416  1.000000  
119.182737 0.015116  -0.002052  -0.008469  0.431387  0.898434  0.081989  -0.698300  0.274981  0.660880  0.571212  -0.342348  0.745999  -0.020228  0.007327  0.014632  -0.339939  -0.450735  -1.353592  1.000000  
119.183745 0.015095  -0.002044  -0.008454  0.432939  0.897689  0.081971  -0.698237  0.276450  0.660333  0.570113  -0.343119  0.746485  -0.020173  0.007453  0.014858  -0.337469  -0.469347  -1.384968  1.000000  
119.184987 0.015070  -0.002032  -0.008431  0.434899  0.896732  0.082060  -0.698185  0.278244  0.659635  0.568683  -0.344168  0.747093  -0.020194  0.007675  0.015383  -0.337184  -0.483090  -1.420054  1.000000  
119.185990 0.015050  -0.002022  -0.008413  0.436491  0.895945  0.082209  -0.698177  0.279671  0.659040  0.567472  -0.345062  0.747602  -0.020150  0.007880  0.015869  -0.330508  -0.505935  -1.454137  1.000000  
119.186990 0.015029  -0.002012  -0.008392  0.438268  0.895071  0.082278  -0.698138  0.281321  0.658379  0.566149  -0.345988  0.748176  -0.020194  0.008048  0.016422  -0.328989  -0.524204  -1.488794  1.000000  
119.187992 0.015008  -0.002002  -0.008372  0.439861  0.894265  0.082540  -0.698119  0.282667  0.657821  0.564935  -0.346973  0.748638  -0.020233  0.008224  0.016848  -0.323390  -0.538211  -1.521482  1.000000  
119.189237 0.014983  -0.001989  -0.008346  0.442150  0.893136  0.082532  -0.697923  0.284787  0.657115  0.563388  -0.348144  0.749259  -0.020263  0.008445  0.017207  -0.321417  -0.553742  -1.561904  1.000000  
119.190239 0.014962  -0.001980  -0.008326  0.443927  0.892237  0.082718  -0.697865  0.286356  0.656494  0.562061  -0.349162  0.749782  -0.020320  0.008504  0.017421  -0.315627  -0.571706  -1.596616  1.000000  
119.191487 0.014936  -0.001969  -0.008304  0.446257  0.891059  0.082880  -0.697715  0.288435  0.655743  0.560400  -0.350457  0.750421  -0.020424  0.008606  0.017425  -0.306771  -0.588010  -1.632406  1.000000  
119.192487 0.014914  -0.001960  -0.008287  0.448035  0.890148  0.083072  -0.697643  0.290003  0.655128  0.559070  -0.351475  0.750937  -0.020495  0.008804  0.017375  -0.301008  -0.607945  -1.661888  1.000000  
119.193487 0.014892  -0.001952  -0.008270  0.449996  0.889137  0.083295  -0.697536  0.291714  0.654483  0.557627  -0.352616  0.751475  -0.020595  0.008903  0.017377  -0.297345  -0.624631  -1.702194  1.000000  
119.194737 0.014866  -0.001941  -0.008247  0.452510  0.887842  0.083496  -0.697329  0.293933  0.653710  0.555848  -0.354035  0.752125  -0.020650  0.009025  0.017634  -0.292200  -0.641632  -1.744172  1.000000  
119.195738 0.014845  -0.001933  -0.008229  0.454616  0.886756  0.083591  -0.697111  0.295825  0.653088  0.554402  -0.355176  0.752654  -0.020740  0.009053  0.017918  -0.292264  -0.656040  -1.790319  1.000000  
119.196987 0.014818  -0.001922  -0.008204  0.457314  0.885346  0.083830  -0.696850  0.298186  0.652292  0.552507  -0.356719  0.753318  -0.020807  0.009121  0.018516  -0.282883  -0.676621  -1.834106  1.000000  
119.198238 0.014791  -0.001911  -0.008176  0.459971  0.883960  0.083911  -0.696514  0.300584  0.651550  0.550721  -0.358139  0.753951  -0.020996  0.009104  0.019051  -0.279719  -0.688466  -1.879905  1.000000  
119.199240 0.014770  -0.001903  -0.008153  0.461973  0.882877  0.084315  -0.696425  0.302252  0.650874  0.549157  -0.359405  0.754490  -0.021051  0.009059  0.019490  -0.269181  -0.707538  -1.910049  1.000000  
119.200254 0.014749  -0.001893  -0.008130  0.464160  0.881698  0.084643  -0.696292  0.304142  0.650135  0.547479  -0.360703  0.755090  -0.021086  0.009033  0.019788  -0.260150  -0.719932  -1.950246  1.000000  
119.201494 0.014721  -0.001881  -0.008103  0.467041  0.880158  0.084824  -0.695948  0.306719  0.649291  0.545462  -0.362279  0.755795  -0.021202  0.009019  0.019953  -0.256448  -0.735535  -1.999337  1.000000  
119.202740 0.014693  -0.001870  -0.008078  0.469922  0.878605  0.085011  -0.695589  0.309294  0.648454  0.543442  -0.363855  0.756492  -0.021324  0.008946  0.019928  -0.258266  -0.745827  -2.050532  1.000000  
119.203743 0.014671  -0.001861  -0.008059  0.472210  0.877362  0.085163  -0.695267  0.311321  0.647829  0.541868  -0.365123  0.757010  -0.021475  0.008849  0.019858  -0.257320  -0.758338  -2.092721  1.000000  
119.204988 0.014642  -0.001850  -0.008035  0.475274  0.875684  0.085391  -0.694843  0.314034  0.646974  0.539730  -0.366823  0.757715  -0.021687  0.008797  0.019761  -0.252809  -0.770909  -2.147418  1.000000  
119.205991 0.014619  -0.001841  -0.008015  0.477745  0.874320  0.085582  -0.694459  0.316200  0.646331  0.538039  -0.368214  0.758243  -0.021807  0.008795  0.019806  -0.248934  -0.778000  -2.192053  1.000000  
119.207239 0.014589  -0.001832  -0.007990  0.480807  0.872606  0.085927  -0.694004  0.318831  0.645527  0.535895  -0.370008  0.758888  -0.022026  0.008694  0.020103  -0.240129  -0.788296  -2.239818  1.000000  
119.208239 0.014565  -0.001824  -0.007968  0.483460  0.871126  0.086053  -0.693555  0.321213  0.644829  0.534086  -0.371431  0.759468  -0.022192  0.008670  0.020452  -0.243724  -0.792563  -2.290221  1.000000  
119.209487 0.014535  -0.001815  -0.007939  0.486663  0.869319  0.086277  -0.692967  0.324018  0.644056  0.531935  -0.373226  0.760097  -0.022453  0.008548  0.020883  -0.238455  -0.800093  -2.343383  1.000000  
119.210489 0.014512  -0.001807  -0.007915  0.489315  0.867805  0.086518  -0.692490  0.326317  0.643408  0.530121  -0.374742  0.760618  -0.022583  0.008554  0.021311  -0.237524  -0.799742  -2.391871  1.000000  
119.211736 0.014483  -0.001797  -0.007884  0.492638  0.865871  0.087035  -0.692042  0.329161  0.642442  0.527623  -0.376723  0.761376  -0.022728  0.008490  0.021632  -0.229381  -0.815485  -2.445194  1.000000  
119.212741 0.014460  -0.001789  -0.007862  0.495145  0.864391  0.087523  -0.691638  0.331200  0.641829  0.525803  -0.378333  0.761837  -0.022812  0.008469  0.021650  -0.218367  -0.820581  -2.494850  1.000000  
119.213987 0.014432  -0.001778  -0.007835  0.498567  0.862387  0.087863  -0.690994  0.334175  0.640980  0.523411  -0.380284  0.762512  -0.022897  0.008469  0.021601  -0.213775  -0.825322  -2.549178  1.000000  
119.214987 0.014410  -0.001769  -0.007815  0.501214  0.860814  0.088228  -0.690459  0.336387  0.640399  0.521586  -0.381894  0.762958  -0.022986  0.008421  0.021455  -0.208611  -0.830643  -2.594518  1.000000  
119.215993 0.014388  -0.001760  -0.007796  0.504042  0.859130  0.088525  -0.689864  0.338815  0.639760  0.519644  -0.383536  0.763460  -0.022985  0.008385  0.021211  -0.208808  -0.833024  -2.652487  1.000000  
119.217256 0.014360  -0.001749  -0.007771  0.507459  0.857069  0.088986  -0.689164  0.341702  0.638977  0.517241  -0.385580  0.764061  -0.023011  0.008302  0.021126  -0.201493  -0.833763  -2.702622  1.000000  
119.218490 0.014331  -0.001738  -0.007747  0.510974  0.854949  0.089261  -0.688283  0.344721  0.638306  0.514949  -0.387594  0.764590  -0.023044  0.008310  0.021071  -0.198254  -0.832892  -2.761346  1.000000  
119.219495 0.014308  -0.001730  -0.007726  0.513837  0.853181  0.089738  -0.687693  0.347102  0.637650  0.512883  -0.389361  0.765081  -0.023025  0.008311  0.021291  -0.192046  -0.841249  -2.809703  1.000000  
119.220741 0.014280  -0.001718  -0.007699  0.517553  0.850859  0.090436  -0.687045  0.350243  0.636631  0.510008  -0.391624  0.765847  -0.023003  0.008339  0.021457  -0.179686  -0.857994  -2.870935  1.000000  
119.221987 0.014251  -0.001708  -0.007670  0.521183  0.848555  0.091225  -0.686262  0.353142  0.635874  0.507359  -0.394011  0.766383  -0.022948  0.008362  0.021720  -0.165751  -0.866190  -2.920764  1.000000  
119.222988 0.014227  -0.001699  -0.007647  0.523940  0.846782  0.091911  -0.685779  0.355382  0.635146  0.505167  -0.395809  0.766904  -0.022943  0.008469  0.021799  -0.153049  -0.878872  -2.967234  1.000000  
119.223993 0.014204  -0.001690  -0.007626  0.527019  0.844804  0.092505  -0.685119  0.357932  0.634426  0.502855  -0.397731  0.767428  -0.022851  0.008594  0.021678  -0.145598  -0.885928  -3.016153  1.000000  
119.225238 0.014177  -0.001677  -0.007599  0.530581  0.842454  0.093567  -0.684487  0.360731  0.633523  0.499961  -0.400181  0.768045  -0.022752  0.008787  0.021467  -0.123431  -0.898075  -3.054616  1.000000  
119.226238 0.014155  -0.001667  -0.007580  0.533473  0.840540  0.094342  -0.683845  0.362982  0.632930  0.497758  -0.402166  0.768440  -0.022703  0.008927  0.021174  -0.102220  -0.908810  -3.095813  1.000000  
119.227487 0.014127  -0.001654  -0.007556  0.537269  0.838056  0.094889  -0.682895  0.366230  0.632084  0.494970  -0.404398  0.769068  -0.022576  0.009143  0.020740  -0.100761  -0.911612  -3.151933  1.000000  
119.228737 0.014100  -0.001640  -0.007533  0.541044  0.835512  0.095867  -0.682185  0.369350  0.631034  0.491828  -0.406816  0.769809  -0.022473  0.009362  0.020491  -0.085848  -0.932256  -3.200556  1.000000  
119.229737 0.014079  -0.001628  -0.007513  0.544148  0.833415  0.096554  -0.681476  0.371925  0.630287  0.489380  -0.408769  0.770335  -0.022428  0.009533  0.020481  -0.078752  -0.937935  -3.255891  1.000000  
119.230987 0.014052  -0.001613  -0.007488  0.548014  0.830773  0.097454  -0.680552  0.375088  0.629411  0.486343  -0.411249  0.770938  -0.022363  0.009779  0.020514  -0.063369  -0.945039  -3.296539  1.000000  
119.231993 0.014031  -0.001602  -0.007468  0.551152  0.828592  0.098319  -0.679852  0.377621  0.628652  0.483769  -0.413325  0.771447  -0.022331  0.009979  0.020561  -0.052199  -0.960284  -3.349787  1.000000  
119.233239 0.014003  -0.001587  -0.007440  0.554828  0.825994  0.099497  -0.678940  0.380408  0.627957  0.480839  -0.415960  0.771862  -0.022280  0.010205  0.020770  -0.021700  -0.968259  -3.379182  1.000000  
119.234242 0.013980  -0.001575  -0.007418  0.557958  0.823777  0.100372  -0.678199  0.382933  0.627223  0.478256  -0.418036  0.772345  -0.022238  0.010472  0.020843  0.001337  -0.984882  -3.420094  1.000000  
119.235243 0.013958  -0.001562  -0.007397  0.561084  0.821543  0.101252  -0.677439  0.385453  0.626500  0.475669  -0.420111  0.772817  -0.022191  0.010748  0.020811  0.015039  -0.991507  -3.454075  1.000000  
119.236490 0.013930  -0.001545  -0.007372  0.565228  0.818540  0.102519  -0.676467  0.388781  0.625494  0.472134  -0.422897  0.773464  -0.022113  0.011180  0.020545  0.033805  -1.012019  -3.514757  1.000000  
119.237491 0.013908  -0.001531  -0.007354  0.568345  0.816254  0.103510  -0.675662  0.391216  0.624845  0.469537  -0.425065  0.773857  -0.022034  0.011547  0.020253  0.057828  -1.027033  -3.544614  1.000000  
119.238737 0.013880  -0.001513  -0.007332  0.572475  0.813210  0.104694  -0.674630  0.394607  0.623827  0.465989  -0.427755  0.774519  -0.022005  0.011956  0.019921  0.081221  -1.050864  -3.595570  1.000000  
119.239738 0.013858  -0.001498  -0.007314  0.575664  0.810809  0.105829  -0.673875  0.397120  0.623047  0.463146  -0.429981  0.774992  -0.021981  0.012317  0.019649  0.101892  -1.069279  -3.628163  1.000000  
119.240987 0.013830  -0.001479  -0.007292  0.579879  0.807655  0.106931  -0.672617  0.400545  0.622214  0.459703  -0.432732  0.775510  -0.021998  0.012715  0.019495  0.118272  -1.077256  -3.678640  1.000000  
119.242238 0.013803  -0.001460  -0.007268  0.584028  0.804476  0.108305  -0.671537  0.403883  0.621222  0.456016  -0.435542  0.776114  -0.021996  0.013114  0.019559  0.131273  -1.091617  -3.725779  1.000000  
119.243487 0.013775  -0.001440  -0.007243  0.587931  0.801382  0.110109  -0.670709  0.406852  0.620178  0.452201  -0.438473  0.776695  -0.022020  0.013513  0.019617  0.165926  -1.126746  -3.770971  1.000000  
119.244487 0.013753  -0.001423  -0.007222  0.591313  0.798728  0.111278  -0.669823  0.409598  0.619328  0.449096  -0.440753  0.777206  -0.022098  0.013897  0.019753  0.179965  -1.143987  -3.804051  1.000000  
119.245738 0.013725  -0.001402  -0.007195  0.595516  0.795355  0.113007  -0.668734  0.412853  0.618342  0.445146  -0.443804  0.777742  -0.022185  0.014301  0.019839  0.208404  -1.171347  -3.852701  1.000000  
119.246987 0.013698  -0.001382  -0.007171  0.599749  0.791923  0.114717  -0.667653  0.416221  0.617252  0.441068  -0.446787  0.778357  -0.022210  0.014700  0.019801  0.236274  -1.209589  -3.900931  1.000000  
119.247993 0.013675  -0.001365  -0.007152  0.603029  0.789275  0.115766  -0.666597  0.418859  0.616609  0.438184  -0.449002  0.778712  -0.022225  0.015040  0.019550  0.254243  -1.224513  -3.940129  1.000000  
119.249238 0.013647  -0.001344  -0.007130  0.607242  0.785782  0.117492  -0.665449  0.422211  0.615561  0.434090  -0.451979  0.779282  -0.022214  0.015390  0.019200  0.274787  -1.249144  -3.981165  1.000000  
119.250242 0.013626  -0.001326  -0.007114  0.610722  0.782918  0.118566  -0.664302  0.425086  0.614821  0.430954  -0.454248  0.779703  -0.022118  0.015733  0.018856  0.289102  -1.261375  -4.012844  1.000000  
119.251244 0.013604  -0.001308  -0.007099  0.614273  0.779934  0.119882  -0.663214  0.427969  0.613995  0.427570  -0.456668  0.780153  -0.022073  0.016030  0.018538  0.304934  -1.279439  -4.056411  1.000000  
119.252492 0.013578  -0.001284  -0.007080  0.618281  0.776480  0.121685  -0.662053  0.431091  0.613063  0.423575  -0.459607  0.780606  -0.021941  0.016472  0.018297  0.325746  -1.300687  -4.096978  1.000000  
119.253740 0.013551  -0.001260  -0.007059  0.622490  0.772820  0.123511  -0.660810  0.434455  0.612029  0.419328  -0.462599  0.781131  -0.021934  0.016907  0.018232  0.347558  -1.321898  -4.139120  1.000000  
119.254992 0.013523  -0.001235  -0.007038  0.626899  0.768948  0.125364  -0.659480  0.438058  0.610894  0.414829  -0.465644  0.781724  -0.021912  0.017329  0.018154  0.359284  -1.343725  -4.194648  1.000000  
119.255999 0.013501  -0.001215  -0.007020  0.630448  0.765809  0.126779  -0.658310  0.440953  0.610072  0.411295  -0.468078  0.782138  -0.021904  0.017642  0.018117  0.367484  -1.362952  -4.238697  1.000000  
119.257237 0.013473  -0.001190  -0.006998  0.634695  0.761974  0.128682  -0.657035  0.444453  0.608906  0.406777  -0.471018  0.782735  -0.022013  0.017999  0.017985  0.388457  -1.395670  -4.278735  1.000000  
119.258237 0.013450  -0.001169  -0.006981  0.638183  0.758855  0.129853  -0.655766  0.447433  0.608091  0.403352  -0.473227  0.783175  -0.022066  0.018367  0.017796  0.400296  -1.407001  -4.311495  1.000000  
119.259487 0.013420  -0.001143  -0.006959  0.642733  0.754747  0.131343  -0.653945  0.451214  0.607258  0.399063  -0.476196  0.783573  -0.022220  0.018700  0.017522  0.414394  -1.412934  -4.369300  1.000000  
119.260737 0.013389  -0.001118  -0.006939  0.647108  0.750668  0.133221  -0.652459  0.454879  0.606120  0.394396  -0.479147  0.784137  -0.022385  0.018986  0.017107  0.429626  -1.440202  -4.415803  1.000000  
119.261987 0.013359  -0.001091  -0.006921  0.651430  0.746562  0.135217  -0.650894  0.458340  0.605196  0.389841  -0.482254  0.784509  -0.022582  0.019366  0.016668  0.448465  -1.455100  -4.453721  1.000000  
119.262987 0.013334  -0.001071  -0.006906  0.654980  0.743157  0.136818  -0.649608  0.461268  0.604352  0.386019  -0.484716  0.784882  -0.022749  0.019654  0.016418  0.454785  -1.480639  -4.506890  1.000000  
119.263994 0.013310  -0.001049  -0.006890  0.658312  0.739913  0.138400  -0.648358  0.463943  0.603646  0.382436  -0.487120  0.785148  -0.022876  0.020049  0.016274  0.470635  -1.493178  -4.534957  1.000000  
119.265241 0.013278  -0.001021  -0.006871  0.662624  0.735658  0.140488  -0.646720  0.467414  0.602725  0.377733  -0.490236  0.785484  -0.023193  0.020341  0.016220  0.489908  -1.510478  -4.574189  1.000000  
119.266487 0.013247  -0.000992  -0.006851  0.666786  0.731476  0.142617  -0.645176  0.470794  0.601748  0.373021  -0.493250  0.785850  -0.023461  0.020729  0.016340  0.508446  -1.526472  -4.602166  1.000000  
119.267493 0.013222  -0.000969  -0.006833  0.670150  0.728069  0.144276  -0.643905  0.473604  0.600904  0.369169  -0.495595  0.786193  -0.023754  0.021042  0.016465  0.517687  -1.546785  -4.638161  1.000000  
119.268744 0.013191  -0.000939  -0.006812  0.674445  0.723671  0.146371  -0.642183  0.477156  0.599936  0.364315  -0.498621  0.786544  -0.024036  0.021447  0.016475  0.537791  -1.563824  -4.674517  1.000000  
119.269990 0.013158  -0.000908  -0.006792  0.678685  0.719317  0.148222  -0.640385  0.480791  0.598956  0.359575  -0.501421  0.786945  -0.024324  0.021829  0.016421  0.545568  -1.577197  -4.708454  1.000000  
119.270990 0.013133  -0.000882  -0.006777  0.682109  0.715656  0.150216  -0.639117  0.483634  0.598019  0.355327  -0.503920  0.787279  -0.024528  0.022214  0.016148  0.561813  -1.607021  -4.740949  1.000000  
119.271997 0.013106  -0.000857  -0.006764  0.685414  0.712134  0.151897  -0.637724  0.486403  0.597260  0.351446  -0.506239  0.787532  -0.024818  0.022531  0.015886  0.573834  -1.617867  -4.761856  1.000000  
119.273237 0.013073  -0.000825  -0.006749  0.689538  0.707659  0.154132  -0.636021  0.489871  0.596241  0.346431  -0.509162  0.787871  -0.025079  0.022942  0.015452  0.578943  -1.624811  -4.797188  1.000000  
119.274237 0.013047  -0.000798  -0.006736  0.692779  0.704131  0.155744  -0.634538  0.492571  0.595596  0.342663  -0.511443  0.788041  -0.025252  0.023397  0.015090  0.590929  -1.631827  -4.816403  1.000000  
119.275239 0.013019  -0.000772  -0.006724  0.695877  0.700662  0.157568  -0.633174  0.495044  0.594998  0.338889  -0.513814  0.788131  -0.025523  0.023726  0.014859  0.607150  -1.636273  -4.831321  1.000000  
119.276487 0.012984  -0.000740  -0.006707  0.699848  0.696137  0.160019  -0.631539  0.498376  0.593953  0.333723  -0.516735  0.788425  -0.025817  0.024102  0.014778  0.621112  -1.648072  -4.846978  1.000000  
119.277487 0.012955  -0.000714  -0.006694  0.702982  0.692530  0.161922  -0.630178  0.500994  0.593195  0.329684  -0.519045  0.788607  -0.026097  0.024502  0.014630  0.632160  -1.665509  -4.865767  1.000000  
119.278487 0.012926  -0.000687  -0.006679  0.706199  0.688847  0.163627  -0.628618  0.503698  0.592561  0.325765  -0.521324  0.788732  -0.026377  0.024840  0.014614  0.643259  -1.668174  -4.894155  1.000000  
119.279737 0.012890  -0.000653  -0.006660  0.709852  0.684555  0.165815  -0.626911  0.506736  0.591779  0.321080  -0.524027  0.788862  -0.026747  0.025266  0.014553  0.661217  -1.682511  -4.893330  1.000000  
119.280987 0.012853  -0.000618  -0.006642  0.713518  0.680176  0.168086  -0.625197  0.509806  0.590954  0.316261  -0.526743  0.789000  -0.027128  0.025811  0.014443  0.672506  -1.689262  -4.896779  1.000000  
119.281987 0.012824  -0.000590  -0.006628  0.716397  0.676674  0.169964  -0.623819  0.512149  0.590384  0.312451  -0.528976  0.789024  -0.027423  0.026116  0.014242  0.689996  -1.695251  -4.900614  1.000000  
119.283239 0.012786  -0.000554  -0.006613  0.720055  0.672180  0.172321  -0.622070  0.515240  0.589539  0.307490  -0.531697  0.789144  -0.027792  0.026479  0.013878  0.698663  -1.705183  -4.910625  1.000000  
119.284244 0.012756  -0.000524  -0.006603  0.722776  0.668756  0.174243  -0.620791  0.517496  0.588911  0.303668  -0.533819  0.789192  -0.028179  0.026857  0.013434  0.710580  -1.710770  -4.906369  1.000000  
119.285493 0.012718  -0.000487  -0.006590  0.726079  0.664545  0.176607  -0.619226  0.520267  0.588117  0.298947  -0.536379  0.789258  -0.028535  0.027254  0.012973  0.728206  -1.709611  -4.889279  1.000000  
119.286494 0.012688  -0.000456  -0.006581  0.728890  0.660877  0.178775  -0.618003  0.522763  0.587189  0.294603  -0.538479  0.789461  -0.028829  0.027543  0.012657  0.739117  -1.730288  -4.886277  1.000000  
119.287737 0.012649  -0.000418  -0.006568  0.732126  0.656708  0.180904  -0.616355  0.525607  0.586381  0.289997  -0.540806  0.789576  -0.029169  0.028015  0.012440  0.754870  -1.730873  -4.870976  1.000000  
119.288737 0.012617  -0.000387  -0.006559  0.734756  0.653315  0.182516  -0.614960  0.527994  0.585702  0.286281  -0.542588  0.789710  -0.029528  0.028305  0.012161  0.759773  -1.742049  -4.855828  1.000000  
119.289738 0.012585  -0.000357  -0.006549  0.737132  0.650215  0.184004  -0.613601  0.529980  0.585334  0.283074  -0.544373  0.789637  -0.029955  0.028585  0.012037  0.773150  -1.737607  -4.820103  1.000000  
119.290987 0.012545  -0.000318  -0.006537  0.740105  0.646275  0.185940  -0.611960  0.532588  0.584684  0.278837  -0.546515  0.789665  -0.030259  0.028961  0.011794  0.777629  -1.727094  -4.784121  1.000000  
119.291989 0.012511  -0.000287  -0.006527  0.742416  0.643103  0.187717  -0.610789  0.534635  0.584039  0.275237  -0.548256  0.789722  -0.030586  0.029331  0.011528  0.782790  -1.729804  -4.751470  1.000000  
119.293237 0.012470  -0.000249  -0.006516  0.745288  0.639092  0.190018  -0.609303  0.537114  0.583317  0.270732  -0.550518  0.789705  -0.030931  0.029683  0.011112  0.790439  -1.730612  -4.724424  1.000000  
119.294237 0.012436  -0.000219  -0.006509  0.747573  0.635861  0.191876  -0.608095  0.539075  0.582768  0.267124  -0.552340  0.789661  -0.031231  0.029852  0.010547  0.796707  -1.733601  -4.700076  1.000000  
119.295252 0.012403  -0.000188  -0.006502  0.749943  0.632583  0.193455  -0.606695  0.541183  0.582273  0.263641  -0.554040  0.789641  -0.031500  0.030100  0.009901  0.795218  -1.726117  -4.666777  1.000000  
119.296487 0.012360  -0.000150  -0.006496  0.752837  0.628534  0.195400  -0.604945  0.543740  0.581712  0.259379  -0.556140  0.789576  -0.031932  0.030290  0.009312  0.796293  -1.709805  -4.634136  1.000000  
