1-Time 2-Px 3-Py 4-Pz 5-R11 6-R21 7-R31 8-R12 9-R22 10-R32 11-R13 12-R23 13-R33 14-Vx 15-Vy 16-Vz 17-Wx 18-Wy 19-Wz 20-state
38.305909 0.007941  -0.012342  -0.024099  0.963673  0.203015  -0.173551  -0.222876  0.969318  -0.103681  0.147177  0.138595  0.979352  -0.001815  -0.001656  -0.000338  0.000000  0.000000  0.000000  1.000000  
38.306949 0.007940  -0.012342  -0.024100  0.963673  0.203015  -0.173551  -0.222876  0.969318  -0.103681  0.147177  0.138595  0.979352  -0.001015  -0.000198  -0.000488  0.000000  0.000000  0.000000  1.000000  
38.307949 0.007939  -0.012340  -0.024085  0.963673  0.202994  -0.173575  -0.222876  0.969305  -0.103798  0.147177  0.138714  0.979335  -0.001122  0.001034  0.008355  0.000000  0.000000  0.000000  1.000000  
38.309199 0.007938  -0.012336  -0.024056  0.963627  0.203193  -0.173597  -0.223075  0.969263  -0.103763  0.147177  0.138714  0.979335  -0.001103  0.001854  0.014376  0.000000  0.000000  0.000000  1.000000  
38.310214 0.007935  -0.012334  -0.024038  0.963646  0.203211  -0.173469  -0.223079  0.969259  -0.103792  0.147045  0.138716  0.979355  -0.001465  0.001982  0.015220  0.000000  0.000000  0.000000  1.000000  
38.311448 0.007933  -0.012329  -0.024022  0.963646  0.203190  -0.173494  -0.223079  0.969246  -0.103910  0.147045  0.138835  0.979338  -0.001575  0.002502  0.014702  0.000000  0.000000  0.000000  1.000000  
38.312448 0.007930  -0.012323  -0.024012  0.963646  0.203190  -0.173494  -0.223079  0.969246  -0.103910  0.147045  0.138835  0.979338  -0.001866  0.002974  0.013927  0.000000  0.000000  0.000000  1.000000  
38.313451 0.007925  -0.012317  -0.024002  0.963646  0.203190  -0.173494  -0.223079  0.969246  -0.103910  0.147045  0.138835  0.979338  -0.002294  0.003415  0.013449  0.000000  0.000000  0.000000  1.000000  
38.314452 0.007919  -0.012311  -0.023993  0.963581  0.203372  -0.173643  -0.223273  0.969209  -0.103844  0.147177  0.138832  0.979318  -0.002691  0.003714  0.012940  0.000000  0.000000  0.000000  1.000000  
38.315456 0.007913  -0.012306  -0.023982  0.963581  0.203393  -0.173618  -0.223273  0.969221  -0.103727  0.147177  0.138714  0.979335  -0.003043  0.003885  0.012672  0.000000  0.000000  0.000000  1.000000  
38.316705 0.007907  -0.012300  -0.023965  0.963600  0.203411  -0.173491  -0.223277  0.969217  -0.103757  0.147045  0.138716  0.979355  -0.003303  0.003972  0.012812  0.000000  0.000000  0.000000  1.000000  
38.317953 0.007900  -0.012294  -0.023945  0.963600  0.203432  -0.173466  -0.223277  0.969230  -0.103639  0.147045  0.138597  0.979372  -0.003547  0.004080  0.013144  0.000000  0.000000  0.000000  1.000000  
38.319201 0.007891  -0.012287  -0.023923  0.963619  0.203492  -0.173289  -0.223282  0.969251  -0.103433  0.146912  0.138363  0.979425  -0.003838  0.004190  0.013582  0.000000  0.000000  0.000000  1.000000  
38.320452 0.007881  -0.012282  -0.023898  0.963573  0.203713  -0.173285  -0.223480  0.969221  -0.103280  0.146912  0.138244  0.979441  -0.004197  0.004199  0.014152  0.000000  0.000000  0.000000  1.000000  
38.321700 0.007873  -0.012276  -0.023863  0.963592  0.203773  -0.173108  -0.223485  0.969242  -0.103075  0.146780  0.138009  0.979494  -0.004510  0.004378  0.015746  0.000000  0.000000  0.000000  1.000000  
38.322700 0.007867  -0.012271  -0.023832  0.963638  0.203594  -0.173062  -0.223286  0.969297  -0.102993  0.146780  0.137890  0.979511  -0.004864  0.004668  0.017163  0.000000  0.000000  0.000000  1.000000  
38.323703 0.007862  -0.012264  -0.023804  0.963638  0.203615  -0.173038  -0.223286  0.969309  -0.102875  0.146780  0.137771  0.979528  -0.005086  0.004900  0.017656  0.000000  0.000000  0.000000  1.000000  
38.324721 0.007858  -0.012256  -0.023782  0.963611  0.203854  -0.172907  -0.223489  0.969275  -0.102752  0.146648  0.137655  0.979564  -0.005289  0.005319  0.017576  0.000000  0.000000  0.000000  1.000000  
38.325953 0.007853  -0.012244  -0.023762  0.963611  0.203874  -0.172882  -0.223489  0.969288  -0.102634  0.146648  0.137536  0.979581  -0.005461  0.005832  0.017841  0.000000  0.000000  0.000000  1.000000  
38.327034 0.007846  -0.012234  -0.023747  0.963611  0.203895  -0.172857  -0.223489  0.969300  -0.102516  0.146648  0.137418  0.979597  -0.005711  0.006099  0.018070  0.000000  0.000000  0.000000  1.000000  
38.328199 0.007836  -0.012223  -0.023721  0.963592  0.203899  -0.172960  -0.223485  0.969317  -0.102369  0.146780  0.137296  0.979595  -0.005984  0.006379  0.019005  0.000000  0.000000  0.000000  1.000000  
38.329199 0.007830  -0.012214  -0.023694  0.963592  0.203899  -0.172960  -0.223485  0.969317  -0.102369  0.146780  0.137296  0.979595  -0.006070  0.006575  0.020068  0.000000  0.000000  0.000000  1.000000  
38.330202 0.007824  -0.012206  -0.023660  0.963592  0.203919  -0.172935  -0.223485  0.969329  -0.102252  0.146780  0.137177  0.979611  -0.006066  0.006728  0.021661  0.000000  0.000000  0.000000  1.000000  
38.331455 0.007817  -0.012196  -0.023614  0.963573  0.203923  -0.173038  -0.223480  0.969346  -0.102104  0.146912  0.137056  0.979608  -0.006075  0.007031  0.023754  0.000000  0.000000  0.000000  1.000000  
38.332727 0.007808  -0.012185  -0.023568  0.963554  0.203926  -0.173141  -0.223476  0.969362  -0.101957  0.147045  0.136934  0.979605  -0.006171  0.007359  0.025499  0.000000  0.000000  0.000000  1.000000  
38.333953 0.007798  -0.012174  -0.023526  0.963489  0.204107  -0.173290  -0.223670  0.969324  -0.101892  0.147177  0.136931  0.979586  -0.006309  0.007678  0.026898  0.000000  0.000000  0.000000  1.000000  
38.334954 0.007792  -0.012165  -0.023497  0.963470  0.204111  -0.173393  -0.223665  0.969341  -0.101745  0.147309  0.136810  0.979583  -0.006231  0.007949  0.027426  0.000000  0.000000  0.000000  1.000000  
38.336201 0.007785  -0.012155  -0.023464  0.963450  0.204114  -0.173496  -0.223661  0.969357  -0.101598  0.147442  0.136688  0.979580  -0.006117  0.008315  0.027569  0.000000  0.000000  0.000000  1.000000  
38.337201 0.007780  -0.012146  -0.023439  0.963404  0.204313  -0.173517  -0.223859  0.969315  -0.101562  0.147442  0.136688  0.979580  -0.005966  0.008623  0.027145  0.000000  0.000000  0.000000  1.000000  
38.338450 0.007775  -0.012133  -0.023413  0.963339  0.204516  -0.173640  -0.224053  0.969290  -0.101379  0.147574  0.136567  0.979577  -0.005949  0.008884  0.026538  0.000000  0.000000  0.000000  1.000000  
38.339703 0.007769  -0.012122  -0.023387  0.963274  0.204719  -0.173764  -0.224247  0.969264  -0.101196  0.147706  0.136445  0.979574  -0.005924  0.008945  0.026362  0.000000  0.000000  0.000000  1.000000  
38.340950 0.007762  -0.012112  -0.023362  0.963189  0.204904  -0.174015  -0.224436  0.969242  -0.100983  0.147971  0.136321  0.979551  -0.006025  0.008786  0.026666  0.000000  0.000000  0.000000  1.000000  
38.341950 0.007757  -0.012105  -0.023337  0.963170  0.204886  -0.174143  -0.224432  0.969247  -0.100953  0.148103  0.136318  0.979532  -0.005967  0.008653  0.027431  0.000000  0.000000  0.000000  1.000000  
38.342958 0.007750  -0.012100  -0.023308  0.963104  0.205068  -0.174291  -0.224625  0.969209  -0.100888  0.148236  0.136316  0.979512  -0.005868  0.008296  0.028016  0.000000  0.000000  0.000000  1.000000  
38.344200 0.007742  -0.012093  -0.023265  0.963019  0.205253  -0.174542  -0.224815  0.969187  -0.100675  0.148500  0.136191  0.979489  -0.005813  0.008093  0.028523  0.000000  0.000000  0.000000  1.000000  
38.345200 0.007736  -0.012086  -0.023230  0.962954  0.205435  -0.174691  -0.225008  0.969149  -0.100609  0.148633  0.136188  0.979470  -0.005850  0.008024  0.028699  0.000000  0.000000  0.000000  1.000000  
38.346200 0.007732  -0.012078  -0.023198  0.962868  0.205599  -0.174967  -0.225198  0.969115  -0.100513  0.148897  0.136183  0.979430  -0.005802  0.007978  0.028406  0.000000  0.000000  0.000000  1.000000  
38.347201 0.007725  -0.012071  -0.023170  0.962783  0.205742  -0.175268  -0.225387  0.969068  -0.100535  0.149162  0.136296  0.979374  -0.005789  0.007915  0.027769  0.000000  0.000000  0.000000  1.000000  
38.348205 0.007720  -0.012063  -0.023146  0.962717  0.205924  -0.175416  -0.225580  0.969030  -0.100469  0.149294  0.136294  0.979355  -0.005582  0.007813  0.026852  0.000000  0.000000  0.000000  1.000000  
38.349206 0.007715  -0.012055  -0.023124  0.962585  0.206266  -0.175737  -0.225968  0.968941  -0.100454  0.149559  0.136407  0.979298  -0.005460  0.007760  0.026227  0.000000  0.000000  0.000000  1.000000  
38.350207 0.007710  -0.012045  -0.023102  0.962480  0.206391  -0.176166  -0.226152  0.968899  -0.100446  0.149956  0.136517  0.979222  -0.005352  0.007850  0.025797  0.000000  0.000000  0.000000  1.000000  
38.351453 0.007706  -0.012033  -0.023070  0.962395  0.206555  -0.176441  -0.226341  0.968865  -0.100350  0.150220  0.136512  0.979183  -0.005197  0.007943  0.025897  0.000000  0.000000  0.000000  1.000000  
38.352705 0.007701  -0.012022  -0.023031  0.962289  0.206679  -0.176870  -0.226525  0.968823  -0.100341  0.150617  0.136622  0.979106  -0.005158  0.007884  0.026621  0.000000  0.000000  0.000000  1.000000  
38.353950 0.007696  -0.012012  -0.022988  0.962137  0.207003  -0.177319  -0.226907  0.968738  -0.100295  0.151014  0.136733  0.979030  -0.005137  0.007700  0.027795  0.000000  0.000000  0.000000  1.000000  
38.355200 0.007689  -0.012004  -0.022945  0.962031  0.207149  -0.177722  -0.227092  0.968708  -0.100168  0.151411  0.136724  0.978970  -0.005197  0.007501  0.028867  0.000000  0.000000  0.000000  1.000000  
38.356449 0.007681  -0.011999  -0.022904  0.961878  0.207473  -0.178171  -0.227474  0.968623  -0.100122  0.151807  0.136835  0.978893  -0.005228  0.007318  0.029771  0.000000  0.000000  0.000000  1.000000  
38.357450 0.007675  -0.011994  -0.022870  0.961792  0.207615  -0.178471  -0.227662  0.968577  -0.100143  0.152072  0.136948  0.978836  -0.005227  0.007281  0.030182  0.034684  0.201832  0.122485  1.000000  
38.358700 0.007668  -0.011988  -0.022833  0.961686  0.207739  -0.178899  -0.227846  0.968535  -0.100133  0.152469  0.137058  0.978759  -0.005152  0.007167  0.029951  0.027659  0.211576  0.127942  1.000000  
38.359707 0.007664  -0.011982  -0.022805  0.961619  0.207899  -0.179073  -0.228040  0.968484  -0.100183  0.152601  0.137174  0.978722  -0.005046  0.007100  0.029380  0.020778  0.218698  0.135132  1.000000  
38.360949 0.007659  -0.011974  -0.022775  0.961512  0.208023  -0.179501  -0.228223  0.968442  -0.100173  0.152998  0.137284  0.978644  -0.004906  0.007057  0.028682  0.017640  0.226716  0.139503  1.000000  
38.361950 0.007656  -0.011968  -0.022751  0.961445  0.208183  -0.179674  -0.228417  0.968391  -0.100223  0.153130  0.137400  0.978607  -0.004746  0.007019  0.028382  0.010597  0.232140  0.145643  1.000000  
38.362950 0.007652  -0.011962  -0.022726  0.961358  0.208303  -0.180000  -0.228605  0.968332  -0.100361  0.153394  0.137632  0.978533  -0.004667  0.006936  0.028412  -0.000469  0.237491  0.151713  1.000000  
38.363950 0.007647  -0.011956  -0.022697  0.961271  0.208445  -0.180301  -0.228793  0.968286  -0.100381  0.153659  0.137744  0.978476  -0.004636  0.006759  0.028805  -0.004476  0.241890  0.151057  1.000000  
38.364957 0.007643  -0.011950  -0.022662  0.961231  0.208365  -0.180606  -0.228784  0.968270  -0.100555  0.153923  0.137976  0.978402  -0.004543  0.006472  0.029825  -0.016704  0.248312  0.151636  1.000000  
38.366204 0.007639  -0.011942  -0.022612  0.961144  0.208484  -0.180932  -0.228972  0.968211  -0.100692  0.154187  0.138208  0.978328  -0.004493  0.006191  0.031010  -0.027853  0.253723  0.157762  1.000000  
38.367204 0.007636  -0.011936  -0.022570  0.961104  0.208426  -0.181212  -0.228963  0.968208  -0.100749  0.154452  0.138321  0.978270  -0.004508  0.005924  0.031772  -0.032949  0.261695  0.149724  1.000000  
38.368453 0.007631  -0.011928  -0.022516  0.961017  0.208546  -0.181538  -0.229151  0.968149  -0.100885  0.154716  0.138552  0.978195  -0.004473  0.005838  0.032590  -0.045141  0.266152  0.149074  1.000000  
38.369700 0.007624  -0.011921  -0.022468  0.960929  0.208665  -0.181864  -0.229339  0.968090  -0.101022  0.154981  0.138784  0.978121  -0.004529  0.005761  0.032968  -0.056872  0.268437  0.147233  1.000000  
38.370707 0.007619  -0.011913  -0.022434  0.960841  0.208784  -0.182190  -0.229527  0.968031  -0.101159  0.155245  0.139015  0.978046  -0.004463  0.005915  0.032901  -0.069509  0.270605  0.148394  1.000000  
38.371949 0.007611  -0.011905  -0.022394  0.960754  0.208881  -0.182541  -0.229715  0.967960  -0.101413  0.155509  0.139365  0.977954  -0.004500  0.006123  0.032865  -0.079998  0.273806  0.153235  1.000000  
38.372950 0.007605  -0.011896  -0.022361  0.960733  0.208818  -0.182719  -0.229711  0.967940  -0.101617  0.155642  0.139599  0.977900  -0.004463  0.006377  0.033020  -0.089125  0.272948  0.146519  1.000000  
38.374200 0.007598  -0.011886  -0.022317  0.960598  0.209136  -0.183066  -0.230096  0.967838  -0.101716  0.155906  0.139831  0.977825  -0.004549  0.006619  0.033471  -0.102031  0.275172  0.147685  1.000000  
38.375450 0.007591  -0.011875  -0.022270  0.960510  0.209232  -0.183418  -0.230284  0.967766  -0.101969  0.156170  0.140181  0.977732  -0.004676  0.006802  0.034404  -0.113276  0.272941  0.146416  1.000000  
38.376450 0.007584  -0.011868  -0.022231  0.960443  0.209368  -0.183617  -0.230477  0.967703  -0.102136  0.156302  0.140415  0.977677  -0.004922  0.006850  0.035510  -0.118254  0.270774  0.148203  1.000000  
38.377702 0.007576  -0.011859  -0.022180  0.960307  0.209663  -0.183989  -0.230863  0.967588  -0.102351  0.156567  0.140765  0.977585  -0.005161  0.006982  0.037011  -0.128323  0.273932  0.153015  1.000000  
38.378950 0.007567  -0.011850  -0.022127  0.960123  0.210180  -0.184358  -0.231446  0.967442  -0.102411  0.156831  0.140996  0.977509  -0.005308  0.007019  0.038002  -0.130229  0.271506  0.167048  1.000000  
38.380202 0.007559  -0.011841  -0.022076  0.959987  0.210474  -0.184731  -0.231832  0.967327  -0.102625  0.157095  0.141345  0.977416  -0.005558  0.007153  0.038475  -0.138229  0.267089  0.167574  1.000000  
38.381457 0.007552  -0.011830  -0.022028  0.959782  0.210949  -0.185252  -0.232410  0.967173  -0.102771  0.157492  0.141692  0.977302  -0.005811  0.007403  0.038205  -0.149366  0.271205  0.182407  1.000000  
38.382704 0.007545  -0.011818  -0.021983  0.959577  0.211423  -0.185774  -0.232987  0.967019  -0.102916  0.157888  0.142039  0.977188  -0.005997  0.007653  0.037699  -0.154047  0.275368  0.193642  1.000000  
38.383711 0.007538  -0.011810  -0.021949  0.959392  0.211938  -0.186143  -0.233570  0.966872  -0.102974  0.158152  0.142269  0.977112  -0.006150  0.007799  0.037092  -0.158205  0.274114  0.202526  1.000000  
38.384953 0.007529  -0.011798  -0.021908  0.959165  0.212371  -0.186817  -0.234142  0.966709  -0.103204  0.158681  0.142731  0.976959  -0.006301  0.008107  0.036799  -0.172293  0.280612  0.215389  1.000000  
38.386201 0.007519  -0.011784  -0.021865  0.958958  0.212844  -0.187340  -0.234720  0.966554  -0.103347  0.159077  0.143078  0.976844  -0.006395  0.008404  0.036956  -0.179283  0.281652  0.222088  1.000000  
38.387204 0.007512  -0.011774  -0.021825  0.958751  0.213317  -0.187862  -0.235297  0.966398  -0.103489  0.159473  0.143424  0.976728  -0.006476  0.008613  0.037463  -0.185174  0.288065  0.234875  1.000000  
38.388450 0.007504  -0.011759  -0.021769  0.958523  0.213748  -0.188537  -0.235868  0.966234  -0.103717  0.160002  0.143885  0.976574  -0.006527  0.008871  0.038321  -0.195144  0.294575  0.247696  1.000000  
38.389701 0.007494  -0.011746  -0.021711  0.958245  0.214377  -0.189234  -0.236637  0.966026  -0.103905  0.160530  0.144346  0.976419  -0.006752  0.009075  0.039223  -0.202370  0.308397  0.263802  1.000000  
38.390713 0.007487  -0.011735  -0.021665  0.958036  0.214825  -0.189783  -0.237213  0.965857  -0.104163  0.160926  0.144811  0.976285  -0.006832  0.009283  0.039713  -0.213861  0.312804  0.279245  1.000000  
38.391950 0.007477  -0.011720  -0.021611  0.957736  0.215434  -0.190607  -0.237976  0.965653  -0.104318  0.161586  0.145268  0.976108  -0.006896  0.009630  0.039993  -0.219778  0.328346  0.290822  1.000000  
38.393013 0.007470  -0.011708  -0.021572  0.957504  0.215862  -0.191283  -0.238547  0.965488  -0.104542  0.162114  0.145729  0.975952  -0.006905  0.009951  0.039577  -0.228106  0.339542  0.309031  1.000000  
38.394199 0.007461  -0.011693  -0.021526  0.957202  0.216469  -0.192107  -0.239309  0.965283  -0.104694  0.162774  0.146187  0.975774  -0.006889  0.010417  0.039397  -0.233311  0.356699  0.327907  1.000000  
38.395199 0.007456  -0.011680  -0.021491  0.956899  0.217076  -0.192932  -0.240070  0.965077  -0.104846  0.163434  0.146644  0.975595  -0.006851  0.010714  0.038995  -0.240125  0.374477  0.342653  1.000000  
38.396200 0.007450  -0.011668  -0.021455  0.956644  0.217506  -0.193708  -0.240634  0.964929  -0.104918  0.164094  0.146983  0.975433  -0.006893  0.010894  0.038830  -0.240695  0.390734  0.360674  1.000000  
38.397201 0.007443  -0.011658  -0.021418  0.956339  0.218111  -0.194533  -0.241395  0.964722  -0.105067  0.164754  0.147439  0.975253  -0.006976  0.011052  0.038826  -0.248241  0.407987  0.385390  1.000000  
38.398205 0.007436  -0.011647  -0.021380  0.956083  0.218516  -0.195337  -0.241959  0.964561  -0.105255  0.165414  0.147896  0.975072  -0.007033  0.011180  0.039118  -0.256011  0.426806  0.399932  1.000000  
38.399453 0.007427  -0.011634  -0.021330  0.955754  0.219053  -0.196341  -0.242713  0.964333  -0.105603  0.166206  0.148585  0.974832  -0.007015  0.011276  0.039781  -0.268728  0.447757  0.417323  1.000000  
38.400703 0.007417  -0.011621  -0.021277  0.955353  0.219791  -0.197468  -0.243658  0.964077  -0.105760  0.167129  0.149153  0.974588  -0.007052  0.011294  0.040386  -0.273976  0.470326  0.437264  1.000000  
38.401975 0.007408  -0.011608  -0.021223  0.954949  0.220503  -0.198621  -0.244603  0.963808  -0.106032  0.168053  0.149838  0.974324  -0.007057  0.011228  0.040748  -0.283429  0.500236  0.463872  1.000000  
38.403205 0.007399  -0.011595  -0.021168  0.954595  0.221040  -0.199727  -0.245350  0.963597  -0.106226  0.168976  0.150405  0.974077  -0.007135  0.011121  0.040694  -0.288099  0.526074  0.480876  1.000000  
38.404450 0.007389  -0.011581  -0.021117  0.954188  0.221725  -0.200907  -0.246292  0.963314  -0.106610  0.169899  0.151208  0.973792  -0.007100  0.011160  0.040276  -0.303693  0.552695  0.504317  1.000000  
38.405705 0.007379  -0.011567  -0.021069  0.953808  0.222214  -0.202166  -0.247032  0.963094  -0.106884  0.170954  0.151888  0.973501  -0.007150  0.011158  0.039749  -0.313660  0.582283  0.515326  1.000000  
38.406950 0.007369  -0.011553  -0.021023  0.953353  0.222880  -0.203572  -0.247962  0.962833  -0.107082  0.172140  0.152565  0.973186  -0.007212  0.011105  0.039224  -0.321996  0.616500  0.530429  1.000000  
38.407951 0.007361  -0.011542  -0.020985  0.953044  0.223188  -0.204683  -0.248510  0.962654  -0.107427  0.173063  0.153248  0.972915  -0.007288  0.011138  0.039298  -0.335317  0.645026  0.537719  1.000000  
38.409200 0.007351  -0.011529  -0.020934  0.952636  0.223652  -0.206067  -0.249242  0.962438  -0.107662  0.174248  0.153923  0.972597  -0.007411  0.010922  0.039554  -0.350036  0.677462  0.539401  1.000000  
38.410203 0.007343  -0.011518  -0.020889  0.952295  0.224174  -0.207074  -0.249991  0.962207  -0.107994  0.175039  0.154609  0.972346  -0.007579  0.010825  0.040146  -0.363632  0.697412  0.549703  1.000000  
38.411451 0.007331  -0.011506  -0.020830  0.951833  0.224808  -0.208509  -0.250917  0.961931  -0.108299  0.176224  0.155401  0.972006  -0.007866  0.010588  0.041111  -0.373006  0.726116  0.560204  1.000000  
38.412701 0.007319  -0.011495  -0.020771  0.951391  0.225459  -0.209817  -0.251848  0.961650  -0.108635  0.177278  0.156196  0.971687  -0.008056  0.010514  0.042028  -0.386359  0.750474  0.569639  1.000000  
38.413950 0.007307  -0.011485  -0.020713  0.950976  0.225864  -0.211256  -0.252576  0.961407  -0.109095  0.178463  0.157105  0.971323  -0.008210  0.010299  0.042471  -0.404873  0.778316  0.571667  1.000000  
38.414959 0.007297  -0.011476  -0.020669  0.950606  0.226359  -0.212390  -0.253316  0.961179  -0.109386  0.179384  0.157785  0.971043  -0.008368  0.010171  0.042717  -0.418731  0.803702  0.579763  1.000000  
38.416203 0.007285  -0.011467  -0.020617  0.950188  0.226759  -0.213830  -0.254043  0.960935  -0.109842  0.180569  0.158692  0.970676  -0.008548  0.009948  0.042583  -0.434468  0.826399  0.575685  1.000000  
38.417207 0.007275  -0.011459  -0.020576  0.949867  0.227053  -0.214941  -0.254586  0.960754  -0.110174  0.181490  0.159371  0.970393  -0.008768  0.009756  0.042329  -0.445054  0.845530  0.579132  1.000000  
38.418452 0.007263  -0.011450  -0.020528  0.949393  0.227620  -0.216431  -0.255507  0.960449  -0.110697  0.182674  0.160395  0.970002  -0.008909  0.009510  0.042033  -0.463674  0.873663  0.580925  1.000000  
38.419702 0.007252  -0.011441  -0.020480  0.948916  0.228211  -0.217894  -0.256426  0.960157  -0.111102  0.183858  0.161300  0.969628  -0.009030  0.009126  0.041857  -0.478175  0.897349  0.583435  1.000000  
38.420950 0.007240  -0.011433  -0.020430  0.948360  0.228976  -0.219505  -0.257533  0.959824  -0.111424  0.185173  0.162200  0.969228  -0.009171  0.008745  0.042068  -0.486253  0.920099  0.593818  1.000000  
38.422199 0.007228  -0.011425  -0.020377  0.947826  0.229732  -0.221019  -0.258646  0.959470  -0.111893  0.186356  0.163221  0.968829  -0.009276  0.008318  0.042546  -0.503446  0.943684  0.609176  1.000000  
38.423199 0.007219  -0.011419  -0.020331  0.947366  0.230362  -0.222330  -0.259568  0.959184  -0.112206  0.187408  0.164010  0.968493  -0.009312  0.007948  0.043020  -0.517941  0.962877  0.612399  1.000000  
38.424200 0.007211  -0.011413  -0.020282  0.946982  0.230814  -0.223493  -0.260302  0.958940  -0.112596  0.188328  0.164803  0.968180  -0.009355  0.007681  0.043434  -0.528420  0.973361  0.617041  1.000000  
38.425200 0.007202  -0.011408  -0.020233  0.946519  0.231440  -0.224804  -0.261223  0.958653  -0.112905  0.189379  0.165590  0.967841  -0.009345  0.007336  0.043716  -0.538703  0.992393  0.620026  1.000000  
38.426450 0.007192  -0.011400  -0.020176  0.945921  0.232355  -0.226372  -0.262525  0.958235  -0.113431  0.190561  0.166725  0.967414  -0.009291  0.007082  0.043651  -0.558739  1.009538  0.637104  1.000000  
38.427703 0.007181  -0.011392  -0.020122  0.945296  0.233272  -0.228036  -0.263819  0.957835  -0.113803  0.191874  0.167738  0.966979  -0.009176  0.006868  0.043115  -0.570910  1.027497  0.654630  1.000000  
38.428950 0.007171  -0.011384  -0.020073  0.944746  0.234010  -0.229553  -0.264924  0.957477  -0.114252  0.193056  0.168753  0.966567  -0.009018  0.006703  0.042707  -0.578760  1.038624  0.658230  1.000000  
38.430202 0.007161  -0.011375  -0.020021  0.944114  0.234892  -0.231247  -0.266215  0.957061  -0.114731  0.194369  0.169881  0.966106  -0.008829  0.006603  0.042461  -0.594328  1.059990  0.674161  1.000000  
38.431203 0.007153  -0.011370  -0.019980  0.943663  0.235527  -0.232436  -0.267137  0.956765  -0.115059  0.195287  0.170669  0.965782  -0.008709  0.006437  0.042442  -0.604431  1.065824  0.679197  1.000000  
38.432204 0.007146  -0.011364  -0.019937  0.943131  0.236306  -0.233802  -0.268245  0.956412  -0.115417  0.196337  0.171570  0.965410  -0.008624  0.006309  0.042598  -0.613317  1.081736  0.689345  1.000000  
38.433458 0.007136  -0.011358  -0.019881  0.942460  0.237425  -0.235368  -0.269733  0.955952  -0.115756  0.197517  0.172582  0.964988  -0.008491  0.006113  0.043197  -0.619742  1.096010  0.713634  1.000000  
38.434705 0.007127  -0.011351  -0.019825  0.941811  0.238535  -0.236841  -0.271226  0.955471  -0.116241  0.198567  0.173715  0.964570  -0.008284  0.006005  0.043768  -0.631935  1.104163  0.738709  1.000000  
38.435950 0.007118  -0.011346  -0.019768  0.941163  0.239399  -0.238538  -0.272509  0.955050  -0.116699  0.199878  0.174837  0.964096  -0.008068  0.005758  0.044187  -0.640558  1.111801  0.750161  1.000000  
38.436953 0.007112  -0.011342  -0.019724  0.940646  0.240189  -0.239782  -0.273619  0.954686  -0.117079  0.200795  0.175739  0.963741  -0.007916  0.005589  0.044264  -0.647986  1.119999  0.768347  1.000000  
38.438200 0.007104  -0.011337  -0.019669  0.939935  0.241213  -0.241534  -0.275092  0.954199  -0.117595  0.202106  0.176976  0.963241  -0.007694  0.005417  0.044038  -0.663386  1.128821  0.786454  1.000000  
38.439200 0.007099  -0.011333  -0.019627  0.939412  0.241968  -0.242809  -0.276199  0.953819  -0.118083  0.203023  0.177993  0.962860  -0.007431  0.005405  0.043560  -0.672069  1.128974  0.804693  1.000000  
38.440200 0.007093  -0.011329  -0.019588  0.938804  0.242922  -0.244203  -0.277491  0.953409  -0.118366  0.204071  0.178887  0.962473  -0.007227  0.005261  0.042996  -0.675391  1.141959  0.822046  1.000000  
38.441201 0.007088  -0.011325  -0.019550  0.938251  0.243648  -0.245602  -0.278588  0.953033  -0.118812  0.205119  0.179897  0.962062  -0.007024  0.005117  0.042437  -0.686667  1.148912  0.834979  1.000000  
38.442449 0.007082  -0.011320  -0.019502  0.937527  0.244657  -0.247358  -0.280054  0.952541  -0.119310  0.206428  0.181130  0.961550  -0.006788  0.004959  0.042016  -0.694759  1.157994  0.850893  1.000000  
38.443449 0.007077  -0.011315  -0.019461  0.936968  0.245377  -0.248758  -0.281148  0.952164  -0.119748  0.207475  0.182138  0.961135  -0.006563  0.004841  0.042051  -0.703363  1.170005  0.861496  1.000000  
38.444452 0.007071  -0.011311  -0.019419  0.936407  0.246093  -0.250160  -0.282241  0.951786  -0.120183  0.208522  0.183146  0.960716  -0.006359  0.004590  0.042254  -0.710266  1.174075  0.879973  1.000000  
38.445705 0.007065  -0.011307  -0.019361  0.935673  0.247059  -0.251947  -0.283702  0.951275  -0.120783  0.209831  0.184491  0.960174  -0.006139  0.004339  0.042644  -0.720023  1.188967  0.903541  1.000000  
38.446951 0.007059  -0.011302  -0.019302  0.934908  0.247997  -0.253859  -0.285152  0.950771  -0.121339  0.211270  0.185830  0.959600  -0.005958  0.004218  0.043065  -0.730581  1.202177  0.919991  1.000000  
38.447958 0.007053  -0.011299  -0.019255  0.934339  0.248671  -0.255292  -0.286240  0.950375  -0.121878  0.212316  0.186950  0.959152  -0.005822  0.004044  0.043221  -0.740525  1.210673  0.939873  1.000000  
38.449204 0.007046  -0.011295  -0.019199  0.933480  0.249802  -0.257322  -0.287870  0.949839  -0.122218  0.213884  0.188164  0.958566  -0.005597  0.003928  0.043263  -0.745692  1.225579  0.963392  1.000000  
38.450218 0.007041  -0.011292  -0.019154  0.932904  0.250469  -0.258757  -0.288955  0.949441  -0.122749  0.214930  0.189282  0.958111  -0.005485  0.003810  0.043087  -0.753614  1.232781  0.973955  1.000000  
38.451456 0.007035  -0.011287  -0.019103  0.932036  0.251558  -0.260819  -0.290580  0.948887  -0.123192  0.216498  0.190609  0.957495  -0.005331  0.003777  0.042836  -0.764366  1.251306  0.990065  1.000000  
38.452704 0.007028  -0.011285  -0.019052  0.931279  0.252463  -0.262642  -0.292028  0.948354  -0.123875  0.217804  0.192061  0.956909  -0.005302  0.003620  0.042525  -0.776319  1.255124  1.001473  1.000000  
38.453788 0.007023  -0.011282  -0.019012  0.930607  0.253289  -0.264227  -0.293290  0.947908  -0.124300  0.218979  0.193169  0.956417  -0.005226  0.003485  0.042177  -0.782141  1.263728  1.008644  1.000000  
38.454949 0.007017  -0.011279  -0.018959  0.929842  0.254217  -0.266021  -0.294734  0.947387  -0.124857  0.220284  0.194503  0.955847  -0.005181  0.003351  0.042606  -0.792284  1.271309  1.023095  1.000000  
38.456200 0.007011  -0.011278  -0.018905  0.928956  0.255252  -0.268117  -0.296348  0.946813  -0.125391  0.221850  0.195938  0.955191  -0.005134  0.003117  0.042955  -0.799910  1.288429  1.031767  1.000000  
38.457202 0.007006  -0.011277  -0.018861  0.928335  0.255869  -0.269677  -0.297414  0.946417  -0.125857  0.223024  0.197043  0.954691  -0.005127  0.002873  0.043443  -0.809417  1.294309  1.032522  1.000000  
38.458203 0.007001  -0.011276  -0.018817  0.927710  0.256483  -0.271238  -0.298478  0.946020  -0.126319  0.224198  0.198146  0.954187  -0.005144  0.002619  0.043702  -0.816017  1.300637  1.033425  1.000000  
38.459204 0.006995  -0.011276  -0.018772  0.927022  0.257289  -0.272825  -0.299731  0.945570  -0.126722  0.225371  0.199248  0.953681  -0.005150  0.002355  0.043908  -0.823862  1.312818  1.043230  1.000000  
38.460215 0.006990  -0.011277  -0.018726  0.926363  0.257837  -0.274539  -0.300783  0.945165  -0.127252  0.226674  0.200458  0.953119  -0.005151  0.002093  0.043846  -0.832697  1.323433  1.045829  1.000000  
38.461454 0.006985  -0.011276  -0.018670  0.925486  0.258872  -0.276516  -0.302395  0.944577  -0.127797  0.228108  0.201891  0.952474  -0.005111  0.001851  0.043662  -0.844680  1.335842  1.052255  1.000000  
38.462701 0.006979  -0.011276  -0.018618  0.924638  0.259680  -0.278589  -0.303804  0.944049  -0.128353  0.229671  0.203316  0.951795  -0.005059  0.001585  0.043273  -0.853525  1.351642  1.054008  1.000000  
38.463706 0.006974  -0.011275  -0.018577  0.923998  0.260240  -0.280183  -0.304859  0.943633  -0.128909  0.230842  0.204528  0.951252  -0.005018  0.001417  0.042925  -0.870113  1.361397  1.047444  1.000000  
38.464718 0.006969  -0.011274  -0.018537  0.923264  0.260964  -0.281925  -0.306093  0.943172  -0.129363  0.232144  0.205731  0.950675  -0.004894  0.001240  0.042561  -0.878943  1.376406  1.049046  1.000000  
38.465720 0.006965  -0.011273  -0.018495  0.922526  0.261683  -0.283667  -0.307324  0.942709  -0.129812  0.233445  0.206933  0.950096  -0.004876  0.001088  0.042536  -0.888024  1.387561  1.051893  1.000000  
38.466961 0.006958  -0.011272  -0.018440  0.921633  0.262409  -0.285893  -0.308714  0.942171  -0.130420  0.235136  0.208459  0.949345  -0.004896  0.000899  0.042870  -0.897045  1.408387  1.052718  1.000000  
38.468209 0.006953  -0.011272  -0.018382  0.920700  0.263349  -0.288026  -0.310300  0.941569  -0.131003  0.236697  0.209989  0.948620  -0.004831  0.000752  0.043299  -0.910026  1.424464  1.054255  1.000000  
38.469453 0.006947  -0.011271  -0.018322  0.919827  0.264088  -0.290132  -0.311694  0.941020  -0.131638  0.238256  0.211516  0.947890  -0.004844  0.000610  0.043898  -0.920751  1.435469  1.050370  1.000000  
38.470458 0.006942  -0.011271  -0.018273  0.919104  0.264813  -0.291756  -0.312926  0.940545  -0.132107  0.239426  0.212718  0.947326  -0.004880  0.000505  0.044359  -0.928784  1.443219  1.048946  1.000000  
38.471708 0.006935  -0.011271  -0.018214  0.918253  0.265567  -0.293743  -0.314325  0.939985  -0.132771  0.240854  0.214248  0.946619  -0.004895  0.000444  0.044729  -0.937419  1.446416  1.043470  1.000000  
38.472950 0.006929  -0.011271  -0.018157  0.917237  0.266711  -0.295873  -0.316088  0.939339  -0.133152  0.242412  0.215654  0.945901  -0.004827  0.000373  0.044752  -0.938586  1.459716  1.055841  1.000000  
38.474203 0.006924  -0.011271  -0.018102  0.916281  0.267618  -0.298009  -0.317659  0.938731  -0.133701  0.243970  0.217173  0.945153  -0.004765  0.000371  0.044661  -0.947887  1.472830  1.061244  1.000000  
38.475450 0.006919  -0.011270  -0.018048  0.915220  0.268969  -0.300049  -0.319615  0.938018  -0.134046  0.245397  0.218582  0.944459  -0.004647  0.000443  0.044410  -0.944213  1.480626  1.073413  1.000000  
38.476453 0.006915  -0.011270  -0.018006  0.914381  0.269835  -0.301821  -0.321013  0.937492  -0.134384  0.246694  0.219767  0.943846  -0.004631  0.000428  0.044284  -0.944464  1.491325  1.087317  1.000000  
38.477702 0.006910  -0.011269  -0.017952  0.913375  0.270944  -0.303867  -0.322773  0.936815  -0.134891  0.248120  0.221286  0.943117  -0.004579  0.000440  0.044447  -0.950566  1.497973  1.092857  1.000000  
38.478952 0.006906  -0.011269  -0.017896  0.912332  0.272055  -0.306000  -0.324519  0.936162  -0.135234  0.249675  0.222681  0.942378  -0.004474  0.000381  0.044803  -0.951963  1.503304  1.100797  1.000000  
38.480203 0.006901  -0.011268  -0.017836  0.911280  0.273371  -0.307957  -0.326471  0.935415  -0.135704  0.250970  0.224204  0.941672  -0.004363  0.000365  0.045365  -0.950963  1.508775  1.120289  1.000000  
38.481453 0.006897  -0.011268  -0.017773  0.910190  0.274652  -0.310034  -0.328408  0.934676  -0.136124  0.252394  0.225716  0.940930  -0.004239  0.000279  0.046006  -0.953270  1.508323  1.130941  1.000000  
38.482459 0.006895  -0.011267  -0.017723  0.909393  0.275549  -0.311572  -0.329815  0.934123  -0.136516  0.253430  0.226908  0.940365  -0.004027  0.000318  0.046265  -0.951097  1.513304  1.139399  1.000000  
38.483709 0.006892  -0.011266  -0.017659  0.908292  0.276818  -0.313651  -0.331745  0.933380  -0.136921  0.254854  0.228416  0.939615  -0.003827  0.000358  0.046517  -0.953691  1.521152  1.154723  1.000000  
38.484955 0.006890  -0.011264  -0.017598  0.907254  0.277887  -0.315702  -0.333484  0.932692  -0.137382  0.256276  0.229922  0.938860  -0.003569  0.000472  0.046596  -0.952589  1.522782  1.159882  1.000000  
38.486203 0.006887  -0.011262  -0.017540  0.906211  0.278950  -0.317754  -0.335220  0.932003  -0.137835  0.257699  0.231425  0.938101  -0.003322  0.000601  0.046526  -0.951137  1.527443  1.169915  1.000000  
38.487205 0.006886  -0.011261  -0.017491  0.905330  0.280019  -0.319324  -0.336802  0.931387  -0.138139  0.258733  0.232610  0.937523  -0.003113  0.000702  0.046589  -0.948539  1.528941  1.188225  1.000000  
38.488450 0.006886  -0.011258  -0.017432  0.904272  0.281359  -0.321137  -0.338742  0.930632  -0.138487  0.259896  0.234013  0.936852  -0.002763  0.000861  0.046854  -0.944502  1.523976  1.201973  1.000000  
38.489458 0.006884  -0.011257  -0.017381  0.903555  0.282104  -0.322500  -0.339959  0.930135  -0.138844  0.260800  0.235090  0.936331  -0.002523  0.000966  0.047365  -0.943935  1.514700  1.207911  1.000000  
38.490700 0.006884  -0.011254  -0.017316  0.902559  0.283203  -0.324321  -0.341707  0.929417  -0.139359  0.261962  0.236602  0.935626  -0.002268  0.001070  0.048131  -0.939840  1.510079  1.221285  1.000000  
38.491701 0.006883  -0.011253  -0.017262  0.901694  0.284323  -0.325743  -0.343291  0.928801  -0.139572  0.262866  0.237676  0.935100  -0.002048  0.001137  0.048948  -0.933444  1.502297  1.233901  1.000000  
38.492706 0.006883  -0.011251  -0.017207  0.900826  0.285399  -0.327199  -0.344873  0.928166  -0.139894  0.263770  0.238863  0.934543  -0.001804  0.001184  0.049685  -0.928086  1.497687  1.246214  1.000000  
38.493949 0.006882  -0.011250  -0.017140  0.899746  0.286713  -0.329018  -0.346798  0.927401  -0.140211  0.264931  0.240257  0.933857  -0.001623  0.001288  0.050438  -0.921112  1.491606  1.266477  1.000000  
38.494955 0.006882  -0.011248  -0.017085  0.898870  0.287821  -0.330442  -0.348374  0.926780  -0.140409  0.265834  0.241327  0.933324  -0.001342  0.001379  0.050916  -0.913148  1.486495  1.279727  1.000000  
38.496200 0.006882  -0.011247  -0.017019  0.897780  0.289084  -0.332297  -0.350292  0.925993  -0.140825  0.266995  0.242831  0.932602  -0.001074  0.001387  0.051177  -0.905776  1.476016  1.300331  1.000000  
38.497203 0.006883  -0.011246  -0.016966  0.896896  0.290143  -0.333758  -0.351864  0.925352  -0.141125  0.267897  0.244011  0.932035  -0.000837  0.001451  0.051287  -0.900360  1.467520  1.313754  1.000000  
38.498219 0.006885  -0.011245  -0.016914  0.896009  0.291238  -0.335184  -0.353433  0.924726  -0.141307  0.268800  0.245078  0.931495  -0.000570  0.001450  0.051352  -0.888946  1.454608  1.327691  1.000000  
38.499456 0.006886  -0.011243  -0.016850  0.894865  0.292706  -0.336956  -0.355539  0.923861  -0.141680  0.269830  0.246585  0.930799  -0.000247  0.001492  0.051589  -0.880178  1.450539  1.354415  1.000000  
38.500458 0.006888  -0.011242  -0.016797  0.893970  0.293710  -0.338456  -0.357102  0.923197  -0.142076  0.270732  0.247875  0.930195  -0.000030  0.001445  0.051924  -0.876531  1.446571  1.366857  1.000000  
38.501706 0.006890  -0.011241  -0.016730  0.892889  0.295018  -0.340166  -0.359018  0.922405  -0.142392  0.271762  0.249266  0.929522  0.000227  0.001349  0.052488  -0.865146  1.440559  1.386569  1.000000  
38.502953 0.006892  -0.011240  -0.016658  0.891804  0.296279  -0.341913  -0.360929  0.921593  -0.142814  0.272792  0.250768  0.928816  0.000430  0.001241  0.053218  -0.863272  1.422609  1.395751  1.000000  
38.503954 0.006893  -0.011240  -0.016600  0.890897  0.297310  -0.343380  -0.362485  0.920941  -0.143081  0.273693  0.251940  0.928234  0.000530  0.001184  0.053785  -0.857905  1.418930  1.408588  1.000000  
38.505200 0.006894  -0.011239  -0.016525  0.889843  0.298381  -0.345179  -0.364193  0.920217  -0.143402  0.274851  0.253317  0.927517  0.000659  0.001040  0.054486  -0.857458  1.410709  1.401532  1.000000  
38.506450 0.006896  -0.011238  -0.016452  0.888743  0.299667  -0.346894  -0.366095  0.919417  -0.143692  0.275880  0.254701  0.926832  0.000888  0.000974  0.054912  -0.851077  1.397240  1.408902  1.000000  
38.507450 0.006897  -0.011238  -0.016395  0.887900  0.300496  -0.348333  -0.367459  0.918822  -0.144014  0.276780  0.255868  0.926242  0.000962  0.000888  0.055114  -0.847542  1.390223  1.409521  1.000000  
38.508700 0.006898  -0.011238  -0.016324  0.886868  0.301625  -0.349983  -0.369172  0.918098  -0.144252  0.277809  0.257137  0.925582  0.001095  0.000803  0.055282  -0.841197  1.374804  1.411305  1.000000  
38.509707 0.006900  -0.011238  -0.016268  0.886018  0.302488  -0.351387  -0.370532  0.917518  -0.144454  0.278708  0.258189  0.925019  0.001239  0.000699  0.055358  -0.837096  1.372290  1.409259  1.000000  
38.510953 0.006901  -0.011239  -0.016200  0.884936  0.303829  -0.352955  -0.372436  0.916715  -0.144657  0.279608  0.259465  0.924390  0.001274  0.000591  0.055478  -0.826977  1.355011  1.405460  1.000000  
38.511953 0.006902  -0.011239  -0.016144  0.884037  0.304906  -0.354275  -0.373987  0.916056  -0.144825  0.280378  0.260525  0.923859  0.001270  0.000455  0.055751  -0.821398  1.350284  1.411254  1.000000  
38.513200 0.006904  -0.011240  -0.016073  0.882946  0.306194  -0.355882  -0.375885  0.915231  -0.145126  0.281277  0.261910  0.923194  0.001257  0.000345  0.056158  -0.815375  1.335312  1.413146  1.000000  
38.514203 0.006904  -0.011241  -0.016015  0.882040  0.307263  -0.357204  -0.377432  0.914570  -0.145285  0.282048  0.262967  0.922658  0.001227  0.000149  0.056594  -0.803648  1.325684  1.420559  1.000000  
38.515214 0.006905  -0.011243  -0.015955  0.881096  0.308296  -0.358641  -0.378961  0.913920  -0.145390  0.282946  0.264013  0.922084  0.001151  -0.000048  0.057043  -0.793709  1.323524  1.426510  1.000000  
38.516458 0.006906  -0.011245  -0.015880  0.879957  0.309538  -0.360363  -0.380834  0.913104  -0.145625  0.283973  0.265383  0.921375  0.001122  -0.000229  0.057567  -0.785523  1.314303  1.433569  1.000000  
38.517705 0.006907  -0.011247  -0.015806  0.878848  0.310850  -0.361936  -0.382720  0.912288  -0.145793  0.284870  0.266650  0.920732  0.001054  -0.000493  0.057751  -0.782098  1.309188  1.432888  1.000000  
38.518956 0.006909  -0.011249  -0.015734  0.877735  0.312114  -0.363548  -0.384602  0.911453  -0.146064  0.285768  0.268027  0.920053  0.000994  -0.000694  0.057719  -0.777934  1.301391  1.433507  1.000000  
38.520198 0.006910  -0.011252  -0.015661  0.876501  0.313527  -0.365303  -0.386645  0.910566  -0.146204  0.286794  0.269391  0.919336  0.001078  -0.000879  0.057603  -0.772640  1.305699  1.450322  1.000000  
38.521201 0.006911  -0.011254  -0.015605  0.875458  0.314725  -0.366772  -0.388340  0.909844  -0.146206  0.287691  0.270430  0.918750  0.001025  -0.001054  0.057398  -0.760828  1.309775  1.462218  1.000000  
38.522450 0.006913  -0.011257  -0.015536  0.874214  0.316127  -0.368529  -0.390376  0.908952  -0.146332  0.288716  0.271791  0.918027  0.001059  -0.001244  0.057241  -0.761102  1.308601  1.459330  1.000000  
