1-Time 2-Px 3-Py 4-Pz 5-R11 6-R21 7-R31 8-R12 9-R22 10-R32 11-R13 12-R23 13-R33 14-Vx 15-Vy 16-Vz 17-Wx 18-Wy 19-Wz 20-state
121.021480 0.020236  -0.004543  -0.006822  0.079566  0.960488  0.266705  -0.986316  0.037100  0.160639  0.144397  -0.275837  0.950297  0.000228  -0.000215  0.000589  0.000000  0.000000  0.000000  1.000000  
121.022544 0.020236  -0.004543  -0.006822  0.079566  0.960488  0.266705  -0.986316  0.037100  0.160639  0.144397  -0.275837  0.950297  0.000000  0.000000  0.000000  0.000000  0.000000  0.000000  1.000000  
121.023546 0.020229  -0.004545  -0.006818  0.079566  0.960488  0.266705  -0.986316  0.037100  0.160639  0.144397  -0.275837  0.950297  -0.004144  -0.001441  0.002357  0.000000  0.000000  0.000000  1.000000  
121.024549 0.020218  -0.004549  -0.006812  0.079566  0.960488  0.266705  -0.986316  0.037100  0.160639  0.144397  -0.275837  0.950297  -0.006714  -0.002162  0.003750  0.000000  0.000000  0.000000  1.000000  
121.025793 0.020206  -0.004551  -0.006805  0.079566  0.960488  0.266705  -0.986316  0.037100  0.160639  0.144397  -0.275837  0.950297  -0.007433  -0.002109  0.004242  0.000000  0.000000  0.000000  1.000000  
121.026793 0.020200  -0.004551  -0.006802  0.079566  0.960456  0.266821  -0.986316  0.037080  0.160644  0.144397  -0.275952  0.950263  -0.007306  -0.001705  0.004148  0.000000  0.000000  0.000000  1.000000  
121.027793 0.020191  -0.004552  -0.006798  0.079566  0.960456  0.266821  -0.986316  0.037080  0.160644  0.144397  -0.275952  0.950263  -0.007499  -0.001485  0.004088  0.000000  0.000000  0.000000  1.000000  
121.029043 0.020175  -0.004552  -0.006793  0.079566  0.960456  0.266821  -0.986316  0.037080  0.160644  0.144397  -0.275952  0.950263  -0.008424  -0.001323  0.004034  0.000000  0.000000  0.000000  1.000000  
121.030047 0.020162  -0.004551  -0.006790  0.079361  0.960466  0.266844  -0.986313  0.036846  0.160716  0.144530  -0.275947  0.950245  -0.008978  -0.001023  0.003967  0.000000  0.000000  0.000000  1.000000  
121.031295 0.020147  -0.004549  -0.006786  0.079361  0.960434  0.266961  -0.986313  0.036826  0.160720  0.144530  -0.276062  0.950211  -0.009420  -0.000626  0.003864  0.000000  0.000000  0.000000  1.000000  
121.032303 0.020135  -0.004547  -0.006782  0.079361  0.960434  0.266961  -0.986313  0.036826  0.160720  0.144530  -0.276062  0.950211  -0.009597  -0.000428  0.003824  0.000000  0.000000  0.000000  1.000000  
121.033549 0.020121  -0.004546  -0.006777  0.079361  0.960402  0.267077  -0.986313  0.036807  0.160724  0.144530  -0.276177  0.950178  -0.009803  -0.000253  0.003892  0.000000  0.000000  0.000000  1.000000  
121.034796 0.020103  -0.004545  -0.006769  0.079361  0.960402  0.267077  -0.986313  0.036807  0.160724  0.144530  -0.276177  0.950178  -0.010204  -0.000177  0.004074  0.000000  0.000000  0.000000  1.000000  
121.036046 0.020085  -0.004545  -0.006760  0.079361  0.960369  0.267194  -0.986313  0.036787  0.160729  0.144530  -0.276292  0.950144  -0.010629  -0.000155  0.004338  0.000000  0.000000  0.000000  1.000000  
121.037293 0.020062  -0.004548  -0.006749  0.079361  0.960337  0.267310  -0.986313  0.036768  0.160733  0.144530  -0.276408  0.950111  -0.011599  -0.000345  0.004899  0.000000  0.000000  0.000000  1.000000  
121.038298 0.020043  -0.004551  -0.006740  0.079564  0.960329  0.267277  -0.986296  0.036965  0.160788  0.144530  -0.276408  0.950111  -0.012609  -0.000402  0.005296  0.000000  0.000000  0.000000  1.000000  
121.039545 0.020019  -0.004554  -0.006730  0.079564  0.960329  0.267277  -0.986296  0.036965  0.160788  0.144530  -0.276408  0.950111  -0.013225  -0.000364  0.005441  0.000000  0.000000  0.000000  1.000000  
121.040549 0.020002  -0.004555  -0.006726  0.079564  0.960297  0.267394  -0.986296  0.036946  0.160793  0.144530  -0.276523  0.950077  -0.013867  -0.000281  0.005345  0.000000  0.000000  0.000000  1.000000  
121.041793 0.019982  -0.004554  -0.006721  0.079769  0.960286  0.267371  -0.986299  0.037181  0.160721  0.144397  -0.276528  0.950096  -0.014646  -0.000178  0.005417  0.000000  0.000000  0.000000  1.000000  
121.043043 0.019959  -0.004553  -0.006715  0.079972  0.960279  0.267338  -0.986283  0.037378  0.160776  0.144397  -0.276528  0.950096  -0.015360  -0.000072  0.005459  0.000000  0.000000  0.000000  1.000000  
121.044043 0.019941  -0.004552  -0.006707  0.080175  0.960238  0.267421  -0.986266  0.037556  0.160836  0.144397  -0.276643  0.950062  -0.015671  -0.000024  0.005795  0.000000  0.000000  0.000000  1.000000  
121.045293 0.019921  -0.004550  -0.006696  0.080581  0.960223  0.267355  -0.986233  0.037952  0.160946  0.144397  -0.276643  0.950062  -0.015918  0.000023  0.006269  0.000000  0.000000  0.000000  1.000000  
121.046293 0.019906  -0.004547  -0.006686  0.080784  0.960183  0.267438  -0.986217  0.038130  0.161006  0.144397  -0.276759  0.950028  -0.016054  0.000096  0.006635  0.000000  0.000000  0.000000  1.000000  
121.047543 0.019888  -0.004544  -0.006672  0.080987  0.960142  0.267521  -0.986200  0.038308  0.161065  0.144397  -0.276874  0.949995  -0.016340  0.000185  0.007266  0.000000  0.000000  0.000000  1.000000  
121.048560 0.019872  -0.004542  -0.006660  0.081393  0.960126  0.267455  -0.986167  0.038703  0.161175  0.144397  -0.276874  0.949995  -0.016613  0.000211  0.007820  0.000000  0.000000  0.000000  1.000000  
121.049800 0.019850  -0.004542  -0.006646  0.081798  0.960081  0.267495  -0.986114  0.039042  0.161417  0.144530  -0.276984  0.949943  -0.016969  0.000224  0.008245  0.000000  0.000000  0.000000  1.000000  
121.051049 0.019827  -0.004543  -0.006632  0.082204  0.960032  0.267545  -0.986080  0.039418  0.161532  0.144530  -0.277099  0.949909  -0.017155  0.000214  0.008495  0.000000  0.000000  0.000000  1.000000  
121.052293 0.019805  -0.004543  -0.006623  0.082610  0.960016  0.267478  -0.986046  0.039813  0.161642  0.144530  -0.277099  0.949909  -0.017131  0.000332  0.008362  0.000000  0.000000  0.000000  1.000000  
121.053294 0.019787  -0.004543  -0.006617  0.083016  0.960000  0.267412  -0.986012  0.040209  0.161752  0.144530  -0.277099  0.949909  -0.017046  0.000566  0.008178  0.000000  0.000000  0.000000  1.000000  
121.054545 0.019764  -0.004542  -0.006612  0.083422  0.959983  0.267345  -0.985978  0.040604  0.161862  0.144530  -0.277099  0.949909  -0.017038  0.000815  0.007911  0.000000  0.000000  0.000000  1.000000  
121.055793 0.019741  -0.004540  -0.006606  0.083828  0.959966  0.267278  -0.985943  0.040999  0.161972  0.144530  -0.277099  0.949909  -0.017183  0.001016  0.008019  0.000000  0.000000  0.000000  1.000000  
121.056796 0.019722  -0.004538  -0.006600  0.084235  0.959946  0.267222  -0.985928  0.041431  0.161956  0.144397  -0.277104  0.949928  -0.017320  0.001091  0.008158  0.000000  0.000000  0.000000  1.000000  
121.058043 0.019699  -0.004534  -0.006591  0.084844  0.959920  0.267122  -0.985876  0.042024  0.162121  0.144397  -0.277104  0.949928  -0.017288  0.001293  0.008311  0.014792  0.049752  -0.170939  1.000000  
121.059044 0.019680  -0.004532  -0.006580  0.085250  0.959903  0.267056  -0.985841  0.042419  0.162231  0.144397  -0.277104  0.949928  -0.017429  0.001330  0.008441  0.012779  0.049256  -0.185325  1.000000  
121.060293 0.019656  -0.004528  -0.006569  0.085656  0.959885  0.266989  -0.985805  0.042815  0.162341  0.144397  -0.277104  0.949928  -0.017705  0.001469  0.008503  0.009781  0.055001  -0.205066  1.000000  
121.061293 0.019636  -0.004524  -0.006560  0.085859  0.959877  0.266955  -0.985788  0.043012  0.162396  0.144397  -0.277104  0.949928  -0.018001  0.001570  0.008402  0.004666  0.056457  -0.209889  1.000000  
121.062294 0.019616  -0.004521  -0.006552  0.086267  0.959856  0.266899  -0.985772  0.043444  0.162379  0.144265  -0.277110  0.949946  -0.018416  0.001572  0.008158  0.002699  0.055986  -0.224233  1.000000  
121.063546 0.019591  -0.004518  -0.006542  0.086672  0.959838  0.266833  -0.985736  0.043840  0.162489  0.144265  -0.277110  0.949946  -0.018772  0.001597  0.007851  -0.003327  0.059787  -0.237231  1.000000  
121.064555 0.019568  -0.004517  -0.006537  0.086874  0.959832  0.266788  -0.985699  0.044000  0.162670  0.144397  -0.277104  0.949928  -0.019101  0.001654  0.007368  -0.004370  0.066494  -0.244439  1.000000  
121.065799 0.019539  -0.004516  -0.006529  0.087280  0.959846  0.266605  -0.985663  0.044415  0.162775  0.144397  -0.276989  0.949961  -0.019515  0.001756  0.007018  -0.014523  0.070335  -0.257632  1.000000  
121.066800 0.019514  -0.004515  -0.006524  0.087278  0.959849  0.266593  -0.985644  0.044378  0.162901  0.144530  -0.276984  0.949943  -0.020062  0.001870  0.006810  -0.014541  0.074648  -0.256361  1.000000  
121.068049 0.019484  -0.004512  -0.006516  0.087481  0.959840  0.266560  -0.985626  0.044576  0.162956  0.144530  -0.276984  0.949943  -0.020546  0.002084  0.006877  -0.019459  0.075960  -0.260808  1.000000  
121.069295 0.019455  -0.004509  -0.006506  0.087888  0.959851  0.266388  -0.985609  0.045028  0.162934  0.144397  -0.276874  0.949995  -0.020899  0.002233  0.007190  -0.024678  0.074168  -0.270799  1.000000  
121.070543 0.019426  -0.004506  -0.006494  0.088091  0.959874  0.266238  -0.985591  0.045245  0.162983  0.144397  -0.276759  0.950028  -0.021342  0.002278  0.007583  -0.033558  0.075467  -0.275127  1.000000  
121.071544 0.019402  -0.004502  -0.006484  0.088294  0.959864  0.266204  -0.985573  0.045443  0.163038  0.144397  -0.276759  0.950028  -0.021626  0.002408  0.007827  -0.033813  0.080403  -0.276124  1.000000  
121.072552 0.019379  -0.004498  -0.006475  0.088294  0.959897  0.266088  -0.985573  0.045462  0.163033  0.144397  -0.276643  0.950062  -0.022032  0.002447  0.007978  -0.036881  0.078450  -0.269478  1.000000  
121.073793 0.019351  -0.004494  -0.006465  0.088499  0.959916  0.265949  -0.985574  0.045717  0.162955  0.144265  -0.276534  0.950114  -0.022253  0.002584  0.007863  -0.045027  0.074156  -0.270818  1.000000  
121.074794 0.019330  -0.004490  -0.006459  0.088702  0.959939  0.265799  -0.985555  0.045934  0.163004  0.144265  -0.276418  0.950148  -0.022414  0.002614  0.007633  -0.048105  0.072225  -0.264243  1.000000  
121.076044 0.019303  -0.004487  -0.006454  0.088906  0.959958  0.265660  -0.985556  0.046188  0.162927  0.144133  -0.276309  0.950200  -0.022573  0.002508  0.007191  -0.056241  0.067908  -0.265503  1.000000  
121.077294 0.019276  -0.004485  -0.006450  0.089312  0.959972  0.265477  -0.985520  0.046603  0.163031  0.144133  -0.276193  0.950233  -0.022668  0.002413  0.006807  -0.065394  0.069821  -0.272079  1.000000  
121.078294 0.019254  -0.004485  -0.006446  0.089515  0.959962  0.265443  -0.985501  0.046801  0.163085  0.144133  -0.276193  0.950233  -0.022856  0.002261  0.006529  -0.064865  0.069258  -0.269882  1.000000  
121.079544 0.019226  -0.004485  -0.006439  0.089718  0.959984  0.265293  -0.985483  0.047018  0.163134  0.144133  -0.276078  0.950267  -0.022804  0.002152  0.006535  -0.071972  0.063067  -0.264570  1.000000  
121.080551 0.019205  -0.004486  -0.006432  0.090125  0.959994  0.265121  -0.985465  0.047470  0.163111  0.144000  -0.275968  0.950319  -0.022636  0.002060  0.006628  -0.080700  0.059269  -0.268005  1.000000  
121.081805 0.019179  -0.004485  -0.006421  0.090531  0.960006  0.264938  -0.985428  0.047885  0.163214  0.144000  -0.275853  0.950352  -0.022277  0.001985  0.006892  -0.084757  0.059239  -0.267946  1.000000  
121.083046 0.019155  -0.004483  -0.006410  0.091140  0.960009  0.264720  -0.985372  0.048498  0.163372  0.144000  -0.275738  0.950386  -0.021963  0.001933  0.007080  -0.088853  0.059236  -0.268010  1.000000  
121.084297 0.019130  -0.004482  -0.006399  0.091547  0.960017  0.264548  -0.985353  0.048950  0.163348  0.143868  -0.275628  0.950438  -0.021666  0.001844  0.007127  -0.092911  0.054901  -0.269269  1.000000  
121.085298 0.019110  -0.004480  -0.006391  0.092156  0.960019  0.264331  -0.985297  0.049563  0.163506  0.143868  -0.275512  0.950471  -0.021423  0.001742  0.007009  -0.098200  0.058244  -0.280188  1.000000  
121.086543 0.019085  -0.004478  -0.006383  0.092969  0.960038  0.263975  -0.985240  0.050430  0.163585  0.143735  -0.275287  0.950556  -0.021158  0.001606  0.006758  -0.107235  0.060105  -0.286708  1.000000  
121.087546 0.019066  -0.004476  -0.006377  0.093782  0.960025  0.263736  -0.985182  0.051277  0.163669  0.143603  -0.275177  0.950608  -0.020886  0.001527  0.006510  -0.114145  0.060074  -0.303422  1.000000  
121.088550 0.019047  -0.004473  -0.006372  0.094390  0.960025  0.263518  -0.985124  0.051889  0.163826  0.143603  -0.275062  0.950641  -0.020600  0.001400  0.006298  -0.119204  0.061958  -0.309963  1.000000  
121.089794 0.019024  -0.004471  -0.006365  0.095406  0.960000  0.263246  -0.985045  0.052934  0.163964  0.143471  -0.274952  0.950693  -0.020362  0.001232  0.006318  -0.126270  0.063363  -0.331010  1.000000  
121.090795 0.019004  -0.004471  -0.006357  0.096016  0.959995  0.263040  -0.985005  0.053584  0.163993  0.143338  -0.274842  0.950745  -0.020292  0.001100  0.006562  -0.131315  0.060932  -0.338833  1.000000  
121.092049 0.018977  -0.004471  -0.006348  0.097032  0.959968  0.262767  -0.984925  0.054628  0.164131  0.143206  -0.274732  0.950797  -0.020243  0.000934  0.006884  -0.138314  0.066634  -0.358533  1.000000  
121.093294 0.018950  -0.004472  -0.006336  0.098046  0.959943  0.262482  -0.984824  0.055636  0.164394  0.143206  -0.274617  0.950830  -0.020247  0.000868  0.007316  -0.145408  0.072355  -0.378352  1.000000  
121.094544 0.018923  -0.004474  -0.006324  0.099062  0.959945  0.262092  -0.984742  0.056701  0.164524  0.143073  -0.274391  0.950915  -0.020205  0.000768  0.007664  -0.156277  0.070731  -0.403907  1.000000  
121.095794 0.018896  -0.004474  -0.006313  0.100075  0.959918  0.261806  -0.984640  0.057709  0.164787  0.143073  -0.274276  0.950948  -0.020159  0.000796  0.007786  -0.159205  0.076344  -0.423407  1.000000  
121.096797 0.018875  -0.004474  -0.006305  0.101091  0.959886  0.261533  -0.984555  0.058753  0.164923  0.142941  -0.274166  0.951000  -0.020245  0.000740  0.007747  -0.168166  0.077200  -0.458471  1.000000  
121.098050 0.018848  -0.004472  -0.006296  0.102106  0.959885  0.261143  -0.984469  0.059818  0.165051  0.142808  -0.273940  0.951085  -0.020423  0.000735  0.007539  -0.180642  0.079174  -0.483208  1.000000  
121.099300 0.018820  -0.004472  -0.006288  0.103324  0.959838  0.260836  -0.984362  0.061060  0.165239  0.142676  -0.273830  0.951136  -0.020690  0.000671  0.007294  -0.185539  0.088642  -0.516102  1.000000  
121.100549 0.018790  -0.004470  -0.006282  0.104339  0.959834  0.260447  -0.984274  0.062125  0.165366  0.142544  -0.273605  0.951221  -0.020952  0.000672  0.007076  -0.193557  0.091849  -0.543699  1.000000  
121.101797 0.018760  -0.004468  -0.006273  0.105354  0.959829  0.260057  -0.984185  0.063189  0.165492  0.142411  -0.273379  0.951306  -0.021316  0.000632  0.007138  -0.201572  0.095047  -0.571301  1.000000  
121.103043 0.018730  -0.004464  -0.006264  0.106572  0.959809  0.259633  -0.984073  0.064451  0.165671  0.142279  -0.273154  0.951390  -0.021762  0.000693  0.007334  -0.212883  0.099347  -0.600486  1.000000  
121.104045 0.018703  -0.004463  -0.006254  0.107384  0.959783  0.259394  -0.984004  0.065298  0.165750  0.142146  -0.273044  0.951442  -0.022367  0.000629  0.007702  -0.217553  0.105812  -0.625267  1.000000  
121.105049 0.018677  -0.004461  -0.006243  0.108195  0.959792  0.259025  -0.983915  0.066129  0.165948  0.142146  -0.272813  0.951508  -0.022838  0.000645  0.008009  -0.224589  0.111392  -0.644986  1.000000  
121.106294 0.018642  -0.004460  -0.006227  0.109210  0.959782  0.258635  -0.983822  0.067193  0.166071  0.142014  -0.272587  0.951593  -0.023466  0.000672  0.008433  -0.232575  0.118893  -0.671440  1.000000  
121.107544 0.018606  -0.004459  -0.006213  0.110224  0.959771  0.258245  -0.983728  0.068258  0.166194  0.141881  -0.272362  0.951677  -0.024040  0.000775  0.008661  -0.240548  0.122036  -0.698990  1.000000  
121.108546 0.018577  -0.004458  -0.006203  0.111036  0.959773  0.257890  -0.983656  0.069125  0.166264  0.141749  -0.272136  0.951761  -0.024560  0.000970  0.008729  -0.247530  0.123272  -0.719963  1.000000  
121.109793 0.018542  -0.004455  -0.006190  0.112051  0.959760  0.257500  -0.983560  0.070189  0.166386  0.141616  -0.271910  0.951845  -0.025084  0.001285  0.008773  -0.252386  0.127775  -0.733674  1.000000  
121.110793 0.018515  -0.004453  -0.006182  0.113066  0.959745  0.257110  -0.983462  0.071253  0.166507  0.141484  -0.271684  0.951930  -0.025443  0.001388  0.008748  -0.261483  0.130071  -0.760818  1.000000  
121.111794 0.018487  -0.004450  -0.006173  0.113878  0.959744  0.256755  -0.983388  0.072120  0.166574  0.141352  -0.271459  0.952014  -0.025879  0.001556  0.008814  -0.270376  0.130294  -0.775603  1.000000  
121.112794 0.018459  -0.004447  -0.006163  0.114690  0.959742  0.256400  -0.983312  0.072987  0.166642  0.141219  -0.271233  0.952098  -0.026370  0.001699  0.008995  -0.276240  0.129582  -0.789682  1.000000  
121.114043 0.018423  -0.004443  -0.006151  0.115906  0.959709  0.255976  -0.983189  0.074249  0.166814  0.141087  -0.271007  0.952182  -0.026814  0.001900  0.009187  -0.283115  0.135072  -0.809320  1.000000  
121.115050 0.018395  -0.004440  -0.006140  0.116718  0.959706  0.255620  -0.983112  0.075116  0.166880  0.140954  -0.270781  0.952265  -0.027133  0.002094  0.009626  -0.290461  0.133610  -0.823863  1.000000  
121.116296 0.018361  -0.004435  -0.006125  0.117732  0.959716  0.255114  -0.983010  0.076200  0.166988  0.140822  -0.270440  0.952382  -0.027484  0.002191  0.010117  -0.295401  0.135248  -0.830475  1.000000  
121.117300 0.018333  -0.004431  -0.006113  0.118546  0.959737  0.254658  -0.982950  0.077123  0.166917  0.140557  -0.270104  0.952517  -0.027723  0.002346  0.010529  -0.303374  0.130725  -0.831736  1.000000  
121.118547 0.018296  -0.004428  -0.006096  0.119563  0.959741  0.254168  -0.982865  0.078244  0.166898  0.140292  -0.269767  0.952651  -0.028005  0.002395  0.010854  -0.310845  0.124636  -0.840574  1.000000  
121.119797 0.018259  -0.004425  -0.006082  0.120576  0.959748  0.253662  -0.982760  0.079328  0.167004  0.140159  -0.269426  0.952767  -0.028295  0.002489  0.010941  -0.320416  0.123559  -0.840832  1.000000  
121.121043 0.018222  -0.004422  -0.006068  0.121997  0.959747  0.252987  -0.982622  0.080864  0.167077  0.139894  -0.268974  0.952934  -0.028506  0.002600  0.010819  -0.335481  0.124656  -0.862055  1.000000  
121.122050 0.018192  -0.004419  -0.006058  0.123011  0.959720  0.252598  -0.982515  0.081928  0.167191  0.139762  -0.268747  0.953017  -0.028560  0.002733  0.010734  -0.340329  0.126350  -0.868445  1.000000  
121.123293 0.018157  -0.004414  -0.006045  0.124229  0.959731  0.251957  -0.982399  0.083266  0.167210  0.139497  -0.268295  0.953183  -0.028528  0.002922  0.010652  -0.351542  0.120224  -0.877020  1.000000  
121.124293 0.018128  -0.004411  -0.006035  0.125043  0.959745  0.251503  -0.982333  0.084188  0.167133  0.139232  -0.267958  0.953317  -0.028546  0.003005  0.010735  -0.357413  0.114770  -0.879079  1.000000  
121.125294 0.018100  -0.004408  -0.006023  0.126258  0.959727  0.250963  -0.982197  0.085470  0.167286  0.139099  -0.267616  0.953432  -0.028638  0.003071  0.010908  -0.367455  0.113982  -0.893510  1.000000  
121.126294 0.018071  -0.004405  -0.006010  0.127274  0.959690  0.250591  -0.982103  0.086570  0.167271  0.138834  -0.267395  0.953533  -0.028663  0.003131  0.011167  -0.371429  0.109523  -0.894969  1.000000  
121.127543 0.018035  -0.004400  -0.005991  0.128694  0.959677  0.249917  -0.981955  0.088105  0.167336  0.138569  -0.266942  0.953698  -0.028832  0.003230  0.011688  -0.383117  0.109608  -0.908238  1.000000  
121.128550 0.018006  -0.004397  -0.005977  0.129909  0.959653  0.249378  -0.981814  0.089386  0.167485  0.138437  -0.266600  0.953813  -0.028777  0.003237  0.011999  -0.393095  0.108816  -0.922619  1.000000  
121.129794 0.017970  -0.004392  -0.005958  0.131329  0.959635  0.248704  -0.981662  0.090921  0.167548  0.138172  -0.266148  0.953978  -0.028866  0.003252  0.012287  -0.402070  0.106078  -0.930688  1.000000  
121.131043 0.017932  -0.004389  -0.005942  0.132951  0.959595  0.247997  -0.981481  0.092653  0.167659  0.137907  -0.265695  0.954143  -0.029051  0.003150  0.012405  -0.412784  0.106987  -0.951413  1.000000  
121.132052 0.017902  -0.004386  -0.005928  0.134370  0.959541  0.247440  -0.981325  0.094168  0.167729  0.137642  -0.265357  0.954275  -0.029244  0.003055  0.012491  -0.420922  0.105092  -0.966857  1.000000  
121.133303 0.017862  -0.004383  -0.005913  0.135991  0.959524  0.246617  -0.981139  0.095920  0.167825  0.137377  -0.264788  0.954471  -0.029401  0.003025  0.012460  -0.439981  0.106015  -0.988027  1.000000  
121.134547 0.017822  -0.004381  -0.005898  0.137612  0.959474  0.245910  -0.980950  0.097652  0.167931  0.137112  -0.264335  0.954635  -0.029642  0.002932  0.012437  -0.448189  0.107901  -1.007572  1.000000  
121.135549 0.017789  -0.004380  -0.005886  0.138829  0.959462  0.245273  -0.980816  0.098989  0.167934  0.136847  -0.263881  0.954798  -0.029828  0.002851  0.012481  -0.460720  0.105938  -1.023583  1.000000  
121.136549 0.017756  -0.004378  -0.005876  0.140247  0.959427  0.244601  -0.980651  0.100523  0.167985  0.136582  -0.263428  0.954961  -0.030051  0.002820  0.012439  -0.471541  0.106804  -1.044615  1.000000  
121.137794 0.017714  -0.004376  -0.005861  0.142072  0.959372  0.243763  -0.980444  0.102507  0.167997  0.136184  -0.262863  0.955174  -0.030479  0.002666  0.012684  -0.487435  0.105140  -1.073731  1.000000  
121.138798 0.017680  -0.004374  -0.005847  0.143692  0.959310  0.243057  -0.980244  0.104238  0.168094  0.135919  -0.262409  0.955336  -0.030821  0.002625  0.012902  -0.499232  0.107828  -1.101444  1.000000  
121.140043 0.017637  -0.004372  -0.005829  0.145513  0.959281  0.242085  -0.980012  0.106207  0.168214  0.135654  -0.261724  0.955562  -0.031293  0.002462  0.013159  -0.519134  0.110352  -1.129094  1.000000  
121.141043 0.017603  -0.004371  -0.005814  0.147129  0.959217  0.241361  -0.979789  0.107903  0.168434  0.135521  -0.261265  0.955706  -0.031678  0.002330  0.013269  -0.530721  0.112129  -1.147237  1.000000  
121.142045 0.017569  -0.004369  -0.005800  0.148748  0.959145  0.240657  -0.979581  0.109634  0.168525  0.135256  -0.260811  0.955868  -0.032100  0.002205  0.013236  -0.541806  0.113762  -1.177770  1.000000  
121.143047 0.017534  -0.004368  -0.005786  0.150367  0.959069  0.239952  -0.979371  0.111364  0.168614  0.134991  -0.260356  0.956029  -0.032503  0.002024  0.013208  -0.553508  0.116359  -1.205377  1.000000  
121.144293 0.017489  -0.004366  -0.005770  0.152386  0.958977  0.239043  -0.979077  0.113475  0.168913  0.134858  -0.259781  0.956204  -0.032989  0.001911  0.013084  -0.570028  0.123335  -1.233230  1.000000  
121.145293 0.017453  -0.004365  -0.005758  0.153802  0.958947  0.238257  -0.978892  0.115028  0.168935  0.134593  -0.259211  0.956397  -0.033506  0.001719  0.012898  -0.580512  0.124681  -1.249494  1.000000  
121.146293 0.017415  -0.004365  -0.005746  0.155215  0.958919  0.237452  -0.978687  0.116547  0.169081  0.134461  -0.258635  0.956571  -0.033953  0.001526  0.012845  -0.595242  0.129591  -1.269081  1.000000  
121.147543 0.017368  -0.004365  -0.005729  0.157031  0.958839  0.236577  -0.978416  0.118460  0.169322  0.134328  -0.258060  0.956745  -0.034543  0.001332  0.012853  -0.602808  0.140456  -1.294213  1.000000  
121.148551 0.017330  -0.004365  -0.005715  0.158648  0.958775  0.235758  -0.978191  0.120210  0.169386  0.134063  -0.257489  0.956936  -0.034991  0.001187  0.012971  -0.618410  0.146462  -1.324776  1.000000  
121.149801 0.017281  -0.004365  -0.005698  0.160665  0.958691  0.234731  -0.977880  0.122341  0.169656  0.133930  -0.256797  0.957141  -0.035527  0.001068  0.013195  -0.635076  0.159178  -1.356665  1.000000  
121.150802 0.017242  -0.004365  -0.005683  0.162278  0.958596  0.234008  -0.977632  0.124036  0.169856  0.133798  -0.256337  0.957282  -0.035931  0.000966  0.013411  -0.640778  0.162222  -1.369790  1.000000  
121.151802 0.017202  -0.004365  -0.005666  0.163894  0.958521  0.233189  -0.977399  0.125785  0.169912  0.133532  -0.255766  0.957472  -0.036390  0.000843  0.013767  -0.655710  0.162795  -1.391221  1.000000  
121.153045 0.017153  -0.004364  -0.005647  0.165909  0.958423  0.232162  -0.977077  0.127916  0.170172  0.133400  -0.255073  0.957675  -0.036902  0.000692  0.014048  -0.667364  0.173545  -1.416625  1.000000  
121.154049 0.017115  -0.004363  -0.005631  0.167319  0.958373  0.231357  -0.976854  0.129434  0.170302  0.133267  -0.254497  0.957847  -0.037150  0.000697  0.014124  -0.677980  0.182608  -1.435230  1.000000  
121.155296 0.017066  -0.004362  -0.005613  0.169333  0.958266  0.230331  -0.976525  0.131565  0.170556  0.133135  -0.253805  0.958049  -0.037639  0.000581  0.014191  -0.692744  0.191585  -1.454029  1.000000  
121.156546 0.017018  -0.004361  -0.005595  0.171748  0.958099  0.229234  -0.976121  0.134089  0.170901  0.133002  -0.253112  0.958251  -0.037921  0.000538  0.014166  -0.705464  0.204101  -1.486420  1.000000  
121.157793 0.016970  -0.004361  -0.005578  0.173560  0.958010  0.228242  -0.975819  0.136022  0.171100  0.132869  -0.252419  0.958452  -0.038183  0.000455  0.014130  -0.715245  0.206786  -1.499698  1.000000  
121.158800 0.016931  -0.004361  -0.005564  0.175170  0.957917  0.227402  -0.975549  0.137737  0.171266  0.132737  -0.251842  0.958622  -0.038434  0.000368  0.014185  -0.724827  0.213954  -1.511598  1.000000  
121.159823 0.016892  -0.004362  -0.005550  0.176575  0.957855  0.226574  -0.975296  0.139221  0.171509  0.132737  -0.251261  0.958775  -0.038548  0.000225  0.014295  -0.733148  0.223525  -1.514833  1.000000  
121.161047 0.016842  -0.004363  -0.005530  0.178586  0.957724  0.225546  -0.974948  0.141351  0.171746  0.132604  -0.250567  0.958975  -0.038838  0.000129  0.014620  -0.744431  0.232509  -1.535005  1.000000  
121.162297 0.016793  -0.004365  -0.005509  0.180593  0.957622  0.224379  -0.974578  0.143469  0.172088  0.132604  -0.249753  0.959187  -0.039010  0.000050  0.014944  -0.757194  0.239298  -1.541152  1.000000  
121.163381 0.016753  -0.004365  -0.005490  0.182000  0.957544  0.223574  -0.974334  0.144986  0.172197  0.132472  -0.249176  0.959355  -0.038917  -0.000030  0.015164  -0.759057  0.244795  -1.534245  1.000000  
121.164586 0.016702  -0.004366  -0.005467  0.184006  0.957406  0.222522  -0.973957  0.147082  0.172550  0.132472  -0.248477  0.959537  -0.039171  -0.000077  0.015614  -0.770896  0.258220  -1.554191  1.000000  
121.165799 0.016652  -0.004366  -0.005444  0.185813  0.957314  0.221413  -0.973632  0.149035  0.172710  0.132339  -0.247667  0.959764  -0.039325  -0.000072  0.015911  -0.780626  0.263535  -1.561828  1.000000  
121.166803 0.016612  -0.004366  -0.005426  0.186815  0.957321  0.220539  -0.973440  0.150147  0.172828  0.132339  -0.246968  0.959944  -0.039329  -0.000113  0.016022  -0.786585  0.267711  -1.546206  1.000000  
121.168052 0.016562  -0.004366  -0.005404  0.188622  0.957221  0.219430  -0.973110  0.152099  0.172981  0.132206  -0.246158  0.960171  -0.039417  -0.000137  0.016125  -0.793393  0.273530  -1.537527  1.000000  
121.169301 0.016512  -0.004365  -0.005382  0.190825  0.957060  0.218225  -0.972680  0.154414  0.173347  0.132206  -0.245342  0.960379  -0.039490  -0.000130  0.016317  -0.799125  0.284531  -1.548749  1.000000  
121.170545 0.016462  -0.004365  -0.005359  0.192831  0.956918  0.217080  -0.972303  0.156564  0.173537  0.132074  -0.244531  0.960605  -0.039704  -0.000194  0.016707  -0.806414  0.289038  -1.548663  1.000000  
121.171546 0.016421  -0.004365  -0.005341  0.194432  0.956817  0.216098  -0.971984  0.158266  0.173779  0.132074  -0.243832  0.960782  -0.039798  -0.000252  0.016939  -0.815222  0.295641  -1.546371  1.000000  
121.172546 0.016380  -0.004366  -0.005321  0.196036  0.956705  0.215141  -0.971680  0.160000  0.173892  0.131941  -0.243137  0.960977  -0.039993  -0.000323  0.017429  -0.823155  0.294706  -1.546557  1.000000  
121.173547 0.016338  -0.004367  -0.005300  0.197836  0.956563  0.214122  -0.971315  0.161899  0.174173  0.131941  -0.242437  0.961153  -0.040223  -0.000424  0.017895  -0.831833  0.304146  -1.550769  1.000000  
121.174796 0.016285  -0.004370  -0.005274  0.200239  0.956335  0.212905  -0.970840  0.164442  0.174436  0.131808  -0.241626  0.961376  -0.040546  -0.000515  0.018440  -0.838506  0.308148  -1.571026  1.000000  
121.176043 0.016230  -0.004372  -0.005247  0.203036  0.956037  0.211590  -0.970259  0.167346  0.174907  0.131808  -0.240809  0.961581  -0.040806  -0.000627  0.018863  -0.847027  0.324282  -1.602322  1.000000  
121.177044 0.016186  -0.004375  -0.005226  0.205037  0.955837  0.210560  -0.969856  0.169473  0.175093  0.131676  -0.240114  0.961773  -0.041117  -0.000753  0.019100  -0.857690  0.328479  -1.622408  1.000000  
121.178294 0.016131  -0.004378  -0.005201  0.207432  0.955593  0.209316  -0.969347  0.171983  0.175466  0.131676  -0.239297  0.961976  -0.041655  -0.000832  0.019423  -0.862355  0.335787  -1.634725  1.000000  
121.179544 0.016076  -0.004379  -0.005176  0.210229  0.955264  0.208025  -0.968762  0.174917  0.175795  0.131543  -0.238484  0.962196  -0.041854  -0.000886  0.019472  -0.869706  0.345631  -1.660272  1.000000  
121.180546 0.016031  -0.004381  -0.005156  0.212621  0.954980  0.206896  -0.968240  0.177405  0.176179  0.131543  -0.237784  0.962370  -0.042149  -0.001007  0.019538  -0.881311  0.355730  -1.685727  1.000000  
121.181561 0.015984  -0.004383  -0.005136  0.214817  0.954719  0.205829  -0.967773  0.179726  0.176391  0.131411  -0.237088  0.962559  -0.042553  -0.001133  0.019669  -0.888829  0.363369  -1.704851  1.000000  
121.182802 0.015925  -0.004385  -0.005109  0.217407  0.954408  0.204546  -0.967195  0.182431  0.176786  0.131411  -0.236270  0.962760  -0.043180  -0.001274  0.019980  -0.895616  0.371518  -1.724130  1.000000  
121.183802 0.015877  -0.004387  -0.005087  0.219401  0.954172  0.203516  -0.966762  0.184555  0.176947  0.131278  -0.235574  0.962949  -0.043746  -0.001441  0.020250  -0.902306  0.375507  -1.744554  1.000000  
121.185049 0.015817  -0.004388  -0.005057  0.221793  0.953903  0.202181  -0.966234  0.187114  0.177142  0.131145  -0.234643  0.963194  -0.044405  -0.001550  0.020831  -0.912067  0.377423  -1.758240  1.000000  
121.186052 0.015767  -0.004390  -0.005032  0.223980  0.953623  0.201086  -0.965730  0.189403  0.177462  0.131145  -0.233942  0.963365  -0.045004  -0.001723  0.021284  -0.915259  0.382610  -1.762733  1.000000  
121.187298 0.015703  -0.004393  -0.005001  0.226568  0.953300  0.199714  -0.965144  0.192158  0.177687  0.131013  -0.233011  0.963609  -0.045786  -0.001839  0.021699  -0.927615  0.385863  -1.784424  1.000000  
121.188546 0.015637  -0.004397  -0.004970  0.229349  0.952911  0.198392  -0.964487  0.195056  0.178097  0.131013  -0.232193  0.963806  -0.046740  -0.001967  0.022052  -0.936285  0.397263  -1.817217  1.000000  
121.189547 0.015584  -0.004400  -0.004945  0.231735  0.952563  0.197289  -0.963934  0.197569  0.178317  0.130880  -0.231496  0.963992  -0.047499  -0.002013  0.022307  -0.945520  0.400355  -1.853290  1.000000  
121.190797 0.015517  -0.004403  -0.004914  0.234314  0.952221  0.195887  -0.963311  0.200292  0.178650  0.130880  -0.230560  0.964216  -0.048383  -0.002090  0.022609  -0.955450  0.407794  -1.870901  1.000000  
121.192044 0.015450  -0.004407  -0.004883  0.237288  0.951764  0.194526  -0.962582  0.203383  0.179082  0.130880  -0.229741  0.964411  -0.049094  -0.002081  0.022841  -0.957903  0.414478  -1.901942  1.000000  
121.193299 0.015380  -0.004409  -0.004852  0.240065  0.951331  0.193233  -0.961912  0.206308  0.179341  0.130747  -0.228927  0.964623  -0.050146  -0.002112  0.023266  -0.968768  0.422313  -1.940470  1.000000  
121.194545 0.015310  -0.004412  -0.004820  0.242837  0.950918  0.191793  -0.961216  0.209223  0.179694  0.130747  -0.227990  0.964845  -0.051187  -0.002145  0.023781  -0.979211  0.426666  -1.964748  1.000000  
121.195793 0.015237  -0.004415  -0.004787  0.245606  0.950474  0.190467  -0.960512  0.212116  0.180066  0.130747  -0.227171  0.965038  -0.052254  -0.002224  0.024325  -0.982376  0.436957  -1.994666  1.000000  
121.196795 0.015178  -0.004417  -0.004759  0.247983  0.950100  0.189247  -0.959919  0.214646  0.180229  0.130615  -0.226356  0.965248  -0.053032  -0.002218  0.024749  -0.992641  0.442454  -2.042455  1.000000  
121.198049 0.015103  -0.004420  -0.004724  0.250551  0.949705  0.187843  -0.959252  0.217363  0.180524  0.130615  -0.225419  0.965467  -0.054115  -0.002299  0.025371  -1.000023  0.451352  -2.067997  1.000000  
121.199053 0.015042  -0.004422  -0.004697  0.252525  0.949392  0.186780  -0.958734  0.219450  0.180751  0.130615  -0.224716  0.965631  -0.054907  -0.002322  0.025611  -1.003278  0.451799  -2.078727  1.000000  
121.200055 0.014981  -0.004424  -0.004668  0.254893  0.949004  0.185527  -0.958107  0.221948  0.181023  0.130615  -0.223896  0.965821  -0.055798  -0.002380  0.025962  -1.012634  0.460800  -2.101022  1.000000  
121.201300 0.014902  -0.004427  -0.004633  0.257456  0.948586  0.184121  -0.957422  0.224663  0.181301  0.130615  -0.222959  0.966038  -0.056907  -0.002433  0.026243  -1.017535  0.463903  -2.124908  1.000000  
121.202302 0.014838  -0.004430  -0.004604  0.259821  0.948184  0.182868  -0.956783  0.227160  0.181563  0.130615  -0.222139  0.966227  -0.057748  -0.002420  0.026436  -1.025047  0.473021  -2.150815  1.000000  
121.203557 0.014758  -0.004433  -0.004568  0.262774  0.947654  0.181387  -0.955976  0.230264  0.181903  0.130615  -0.221201  0.966442  -0.058709  -0.002387  0.026727  -1.031627  0.475776  -2.170800  1.000000  
121.204796 0.014676  -0.004436  -0.004532  0.265528  0.947162  0.179943  -0.955214  0.233171  0.182199  0.130615  -0.220263  0.966656  -0.059706  -0.002324  0.027131  -1.037636  0.481497  -2.184116  1.000000  
121.205799 0.014611  -0.004438  -0.004503  0.267691  0.946783  0.178726  -0.954611  0.235470  0.182406  0.130615  -0.219442  0.966843  -0.060458  -0.002310  0.027448  -1.041631  0.479738  -2.184326  1.000000  
121.207046 0.014528  -0.004440  -0.004464  0.270637  0.946203  0.177358  -0.953780  0.238548  0.182755  0.130615  -0.218621  0.967029  -0.061492  -0.002248  0.028030  -1.044279  0.487059  -2.203902  1.000000  
121.208293 0.014444  -0.004443  -0.004423  0.273576  0.945641  0.175840  -0.952922  0.241619  0.183192  0.130747  -0.217679  0.967223  -0.062443  -0.002245  0.028638  -1.048488  0.493405  -2.218391  1.000000  
121.209293 0.014376  -0.004444  -0.004390  0.276126  0.945139  0.174547  -0.952187  0.244305  0.183454  0.130747  -0.216857  0.967408  -0.063229  -0.002184  0.029109  -1.056219  0.498447  -2.229720  1.000000  
121.210543 0.014290  -0.004447  -0.004349  0.279065  0.944549  0.173063  -0.951330  0.247401  0.183752  0.130747  -0.215919  0.967618  -0.064135  -0.002149  0.029697  -1.058269  0.497122  -2.231584  1.000000  
121.211793 0.014203  -0.004448  -0.004307  0.282001  0.943947  0.171579  -0.950463  0.250495  0.184043  0.130747  -0.214979  0.967827  -0.065004  -0.002095  0.030154  -1.064813  0.502945  -2.246101  1.000000  
121.212793 0.014134  -0.004450  -0.004274  0.284348  0.943450  0.170437  -0.949764  0.252960  0.184282  0.130747  -0.214275  0.967983  -0.065739  -0.002032  0.030520  -1.065075  0.502558  -2.251753  1.000000  
121.214043 0.014045  -0.004453  -0.004234  0.287470  0.942784  0.168877  -0.948805  0.256219  0.184718  0.130880  -0.213332  0.968174  -0.066538  -0.002082  0.030859  -1.068564  0.515171  -2.276517  1.000000  
121.215048 0.013973  -0.004456  -0.004202  0.290009  0.942217  0.167696  -0.948032  0.258876  0.184981  0.130880  -0.212627  0.968329  -0.067200  -0.002090  0.031040  -1.070928  0.522385  -2.295427  1.000000  
121.216050 0.013901  -0.004458  -0.004170  0.292740  0.941588  0.166477  -0.947193  0.261725  0.185273  0.130880  -0.211922  0.968483  -0.067822  -0.002113  0.031316  -1.073642  0.525315  -2.315742  1.000000  
121.217052 0.013828  -0.004461  -0.004136  0.295274  0.941005  0.165296  -0.946406  0.264379  0.185526  0.130880  -0.211218  0.968637  -0.068457  -0.002114  0.031772  -1.074118  0.532017  -2.334154  1.000000  
121.218053 0.013757  -0.004463  -0.004102  0.297995  0.940387  0.163923  -0.945534  0.267221  0.185898  0.131013  -0.210391  0.968799  -0.068859  -0.002053  0.032106  -1.080903  0.539067  -2.353252  1.000000  
121.219300 0.013666  -0.004466  -0.004060  0.301302  0.939585  0.162473  -0.944485  0.270669  0.186241  0.131013  -0.209569  0.968977  -0.069613  -0.002060  0.032568  -1.082805  0.544635  -2.366661  1.000000  
121.220549 0.013575  -0.004469  -0.004015  0.304800  0.938732  0.160871  -0.943362  0.274330  0.186576  0.131013  -0.208628  0.969180  -0.070266  -0.002111  0.033084  -1.087326  0.549936  -2.400638  1.000000  
121.221797 0.013482  -0.004472  -0.003971  0.308482  0.937796  0.159304  -0.942146  0.278132  0.187091  0.131145  -0.207802  0.969340  -0.070813  -0.002118  0.033392  -1.091061  0.558309  -2.426749  1.000000  
121.223044 0.013390  -0.004475  -0.003926  0.311772  0.936960  0.157812  -0.941044  0.281546  0.187531  0.131278  -0.206975  0.969499  -0.071424  -0.002240  0.033648  -1.094091  0.569707  -2.446029  1.000000  
121.224294 0.013297  -0.004478  -0.003883  0.315252  0.936071  0.156166  -0.939866  0.285172  0.187961  0.131411  -0.206030  0.969682  -0.071951  -0.002259  0.033807  -1.099324  0.577582  -2.471189  1.000000  
121.225294 0.013221  -0.004481  -0.003849  0.318153  0.935299  0.154904  -0.938888  0.288198  0.188233  0.131411  -0.205325  0.969831  -0.072406  -0.002307  0.033914  -1.100407  0.580317  -2.492439  1.000000  
121.226296 0.013146  -0.004483  -0.003815  0.320852  0.934604  0.153526  -0.937950  0.291027  0.188554  0.131543  -0.204497  0.969988  -0.072870  -0.002385  0.033928  -1.107363  0.587206  -2.511970  1.000000  
121.227543 0.013050  -0.004486  -0.003772  0.324512  0.933596  0.151952  -0.936671  0.294815  0.189025  0.131676  -0.203670  0.970144  -0.073403  -0.002441  0.034046  -1.105337  0.600700  -2.542777  1.000000  
121.228546 0.012974  -0.004489  -0.003737  0.327205  0.932880  0.150572  -0.935716  0.297640  0.189333  0.131808  -0.202843  0.970300  -0.073810  -0.002488  0.034264  -1.113897  0.609326  -2.570570  1.000000  
121.229796 0.012876  -0.004492  -0.003693  0.330279  0.932031  0.149113  -0.934616  0.300847  0.189694  0.131941  -0.202015  0.970454  -0.074407  -0.002511  0.034504  -1.111246  0.613944  -2.582087  1.000000  
121.231043 0.012778  -0.004496  -0.003647  0.333729  0.931053  0.147531  -0.933352  0.304409  0.190232  0.132206  -0.201184  0.970591  -0.074893  -0.002532  0.034825  -1.111233  0.626162  -2.607449  1.000000  
121.232049 0.012700  -0.004498  -0.003611  0.336411  0.930288  0.146261  -0.932370  0.307205  0.190555  0.132339  -0.200474  0.970720  -0.075267  -0.002495  0.034970  -1.109935  0.632732  -2.626588  1.000000  
121.233051 0.012622  -0.004500  -0.003575  0.339277  0.929459  0.144906  -0.931293  0.310165  0.191024  0.132604  -0.199760  0.970831  -0.075662  -0.002507  0.035143  -1.108929  0.643684  -2.645018  1.000000  
121.234051 0.012543  -0.004502  -0.003538  0.342145  0.928593  0.143708  -0.930225  0.313125  0.191403  0.132737  -0.199168  0.970934  -0.076081  -0.002457  0.035329  -1.106881  0.652692  -2.672918  1.000000  
121.235052 0.012465  -0.004505  -0.003503  0.344621  0.927857  0.142542  -0.929272  0.315675  0.191839  0.133002  -0.198572  0.971020  -0.076416  -0.002465  0.035314  -1.100720  0.662297  -2.684369  1.000000  
121.236056 0.012387  -0.004507  -0.003468  0.347285  0.927065  0.141223  -0.928242  0.318439  0.192260  0.133267  -0.197858  0.971129  -0.076723  -0.002473  0.035286  -1.102874  0.671980  -2.696230  1.000000  
