1-Time 2-Px 3-Py 4-Pz 5-R11 6-R21 7-R31 8-R12 9-R22 10-R32 11-R13 12-R23 13-R33 14-Vx 15-Vy 16-Vz 17-Wx 18-Wy 19-Wz 20-state
162.084471 0.010017  -0.009906  -0.023884  0.630345  0.776280  -0.007449  -0.767151  0.624345  0.147218  0.118932  -0.087084  0.989076  0.000128  0.000265  -0.000616  0.000000  0.000000  0.000000  1.000000  
162.085676 0.010017  -0.009907  -0.023881  0.630345  0.776280  -0.007449  -0.767151  0.624345  0.147218  0.118932  -0.087084  0.989076  -0.000159  -0.000856  0.003729  0.000000  0.000000  0.000000  1.000000  
162.086685 0.010015  -0.009906  -0.023862  0.630345  0.776280  -0.007449  -0.767151  0.624345  0.147218  0.118932  -0.087084  0.989076  -0.001128  0.000069  0.010936  0.000000  0.000000  0.000000  1.000000  
162.087694 0.010011  -0.009905  -0.023838  0.630345  0.776280  -0.007449  -0.767151  0.624345  0.147218  0.118932  -0.087084  0.989076  -0.001881  0.000483  0.015446  0.000000  0.000000  0.000000  1.000000  
162.088697 0.010009  -0.009903  -0.023818  0.630345  0.776280  -0.007449  -0.767151  0.624345  0.147218  0.118932  -0.087084  0.989076  -0.001958  0.000868  0.016462  0.000000  0.000000  0.000000  1.000000  
162.089948 0.010006  -0.009900  -0.023803  0.630345  0.776280  -0.007449  -0.767151  0.624345  0.147218  0.118932  -0.087084  0.989076  -0.002122  0.001287  0.015348  0.000000  0.000000  0.000000  1.000000  
162.091192 0.010001  -0.009895  -0.023791  0.630345  0.776280  -0.007449  -0.767151  0.624345  0.147218  0.118932  -0.087084  0.989076  -0.002502  0.001699  0.014390  0.000000  0.000000  0.000000  1.000000  
162.092194 0.009995  -0.009891  -0.023781  0.630345  0.776280  -0.007449  -0.767151  0.624345  0.147218  0.118932  -0.087084  0.989076  -0.002977  0.002057  0.013805  0.000000  0.000000  0.000000  1.000000  
162.093445 0.009987  -0.009886  -0.023768  0.630345  0.776280  -0.007354  -0.767151  0.624327  0.147293  0.118932  -0.087204  0.989066  -0.003462  0.002381  0.013243  0.000000  0.000000  0.000000  1.000000  
162.094696 0.009980  -0.009881  -0.023753  0.630345  0.776280  -0.007354  -0.767151  0.624327  0.147293  0.118932  -0.087204  0.989066  -0.003736  0.002525  0.013059  0.000000  0.000000  0.000000  1.000000  
162.095925 0.009974  -0.009876  -0.023734  0.630345  0.776281  -0.007260  -0.767151  0.624309  0.147369  0.118932  -0.087324  0.989055  -0.003833  0.002674  0.013376  0.000000  0.000000  0.000000  1.000000  
162.096930 0.009968  -0.009873  -0.023717  0.630355  0.776275  -0.007082  -0.767163  0.624300  0.147343  0.118800  -0.087445  0.989060  -0.004023  0.002734  0.013671  0.000000  0.000000  0.000000  1.000000  
162.098174 0.009959  -0.009869  -0.023694  0.630355  0.776277  -0.006894  -0.767163  0.624264  0.147494  0.118800  -0.087685  0.989039  -0.004302  0.002792  0.014067  0.000000  0.000000  0.000000  1.000000  
162.099176 0.009951  -0.009866  -0.023672  0.630355  0.776277  -0.006800  -0.767163  0.624247  0.147570  0.118800  -0.087805  0.989028  -0.004515  0.002787  0.014622  0.000000  0.000000  0.000000  1.000000  
162.100179 0.009944  -0.009864  -0.023646  0.630355  0.776278  -0.006705  -0.767163  0.624229  0.147645  0.118800  -0.087925  0.989018  -0.004865  0.002878  0.015888  0.000000  0.000000  0.000000  1.000000  
162.101426 0.009936  -0.009860  -0.023608  0.630513  0.776151  -0.006547  -0.767033  0.624353  0.147795  0.118800  -0.088165  0.988996  -0.005299  0.003123  0.017373  0.000000  0.000000  0.000000  1.000000  
162.102445 0.009929  -0.009855  -0.023581  0.630513  0.776152  -0.006453  -0.767033  0.624335  0.147871  0.118800  -0.088285  0.988986  -0.005565  0.003370  0.017395  0.000000  0.000000  0.000000  1.000000  
162.103677 0.009923  -0.009846  -0.023557  0.630671  0.776024  -0.006390  -0.766904  0.624477  0.147946  0.118800  -0.088405  0.988975  -0.005727  0.003770  0.017430  0.000000  0.000000  0.000000  1.000000  
162.104679 0.009918  -0.009839  -0.023543  0.630671  0.776025  -0.006296  -0.766904  0.624459  0.148021  0.118800  -0.088525  0.988964  -0.005892  0.004138  0.017540  0.000000  0.000000  0.000000  1.000000  
162.105929 0.009907  -0.009830  -0.023524  0.630829  0.775896  -0.006326  -0.766774  0.624618  0.148020  0.118800  -0.088525  0.988964  -0.006305  0.004443  0.017990  0.000000  0.000000  0.000000  1.000000  
162.106929 0.009898  -0.009823  -0.023502  0.630986  0.775769  -0.006262  -0.766644  0.624760  0.148095  0.118800  -0.088645  0.988953  -0.006500  0.004636  0.018805  0.000000  0.000000  0.000000  1.000000  
162.107933 0.009891  -0.009815  -0.023473  0.631134  0.775648  -0.006377  -0.766502  0.624911  0.148195  0.118932  -0.088643  0.988938  -0.006521  0.004832  0.020062  0.000000  0.000000  0.000000  1.000000  
162.109183 0.009884  -0.009806  -0.023429  0.631292  0.775520  -0.006313  -0.766372  0.625052  0.148270  0.118932  -0.088763  0.988927  -0.006527  0.005129  0.022063  0.000000  0.000000  0.000000  1.000000  
162.110184 0.009879  -0.009798  -0.023391  0.631282  0.775527  -0.006398  -0.766359  0.625043  0.148372  0.119065  -0.088762  0.988911  -0.006575  0.005451  0.023816  0.000000  0.000000  0.000000  1.000000  
162.111433 0.009869  -0.009788  -0.023346  0.631587  0.775278  -0.006449  -0.766087  0.625335  0.148547  0.119198  -0.088880  0.988884  -0.006815  0.005812  0.025486  0.000000  0.000000  0.000000  1.000000  
162.112676 0.009858  -0.009779  -0.023305  0.631735  0.775157  -0.006564  -0.765945  0.625486  0.148648  0.119331  -0.088879  0.988868  -0.006964  0.006100  0.026618  0.000000  0.000000  0.000000  1.000000  
162.113924 0.009848  -0.009769  -0.023271  0.631882  0.775036  -0.006678  -0.765802  0.625636  0.148749  0.119464  -0.088877  0.988852  -0.007005  0.006521  0.027151  0.000000  0.000000  0.000000  1.000000  
162.114925 0.009841  -0.009761  -0.023246  0.632187  0.774786  -0.006730  -0.765530  0.625928  0.148924  0.119597  -0.088996  0.988826  -0.006954  0.006981  0.027109  0.000000  0.000000  0.000000  1.000000  
162.116178 0.009833  -0.009749  -0.023218  0.632335  0.774665  -0.006845  -0.765387  0.626078  0.149025  0.119729  -0.088994  0.988810  -0.006935  0.007493  0.026448  0.000000  0.000000  0.000000  1.000000  
162.117427 0.009825  -0.009738  -0.023190  0.632482  0.774544  -0.006960  -0.765245  0.626228  0.149125  0.119862  -0.088993  0.988794  -0.006972  0.007851  0.026111  0.000000  0.000000  0.000000  1.000000  
162.118679 0.009816  -0.009727  -0.023165  0.632787  0.774294  -0.007012  -0.764972  0.626520  0.149300  0.119995  -0.089112  0.988767  -0.007201  0.007975  0.026302  0.000000  0.000000  0.000000  1.000000  
162.119696 0.009808  -0.009719  -0.023143  0.632934  0.774173  -0.007127  -0.764829  0.626670  0.149401  0.120128  -0.089110  0.988751  -0.007306  0.007948  0.026774  0.000000  0.000000  0.000000  1.000000  
162.120923 0.009796  -0.009711  -0.023112  0.633228  0.773929  -0.007451  -0.764544  0.626989  0.149525  0.120394  -0.088987  0.988730  -0.007420  0.007921  0.027459  0.000000  0.000000  0.000000  1.000000  
162.121926 0.009787  -0.009704  -0.023080  0.633365  0.773815  -0.007650  -0.764389  0.627130  0.149728  0.120659  -0.088984  0.988698  -0.007411  0.007901  0.028114  0.000000  0.000000  0.000000  1.000000  
162.122934 0.009779  -0.009696  -0.023046  0.633670  0.773565  -0.007796  -0.764115  0.627439  0.149826  0.120792  -0.088983  0.988682  -0.007496  0.007997  0.028345  0.000000  0.000000  0.000000  1.000000  
162.123935 0.009772  -0.009687  -0.023011  0.633806  0.773451  -0.007996  -0.763960  0.627580  0.150028  0.121058  -0.088980  0.988649  -0.007608  0.008050  0.028379  0.000000  0.000000  0.000000  1.000000  
162.125185 0.009763  -0.009677  -0.022972  0.634100  0.773206  -0.008321  -0.763674  0.627898  0.150152  0.121323  -0.088857  0.988628  -0.007807  0.008076  0.027794  0.000000  0.000000  0.000000  1.000000  
162.126186 0.009755  -0.009668  -0.022947  0.634394  0.772962  -0.008645  -0.763388  0.628217  0.150276  0.121589  -0.088734  0.988606  -0.007746  0.008153  0.027056  0.022206  0.105229  -0.175400  1.000000  
162.127442 0.009744  -0.009656  -0.022919  0.634519  0.772854  -0.009024  -0.763220  0.628367  0.150503  0.121987  -0.088610  0.988568  -0.007688  0.008301  0.026158  0.013265  0.123629  -0.180626  1.000000  
162.128674 0.009735  -0.009642  -0.022892  0.634656  0.772738  -0.009411  -0.763064  0.628544  0.150552  0.122253  -0.088367  0.988557  -0.007694  0.008564  0.025673  -0.003770  0.133044  -0.186508  1.000000  
162.129674 0.009728  -0.009630  -0.022866  0.634792  0.772622  -0.009705  -0.762908  0.628703  0.150678  0.122519  -0.088245  0.988535  -0.007656  0.008843  0.025716  -0.012711  0.142522  -0.192483  1.000000  
162.130674 0.009722  -0.009618  -0.022836  0.635074  0.772386  -0.010021  -0.762609  0.628994  0.150978  0.122917  -0.088240  0.988486  -0.007636  0.009029  0.026217  -0.017772  0.157778  -0.199728  1.000000  
162.131676 0.009716  -0.009608  -0.022801  0.635210  0.772270  -0.010315  -0.762453  0.629153  0.151103  0.123182  -0.088117  0.988464  -0.007595  0.009102  0.027058  -0.030868  0.167351  -0.205747  1.000000  
162.132680 0.009708  -0.009599  -0.022767  0.635492  0.772033  -0.010725  -0.762153  0.629462  0.151327  0.123581  -0.087993  0.988426  -0.007641  0.009136  0.028018  -0.040748  0.182027  -0.218248  1.000000  
162.133689 0.009701  -0.009590  -0.022732  0.635628  0.771917  -0.011019  -0.761997  0.629622  0.151452  0.123846  -0.087870  0.988403  -0.007633  0.009175  0.028983  -0.044840  0.190904  -0.217378  1.000000  
162.134701 0.009693  -0.009580  -0.022698  0.635596  0.771938  -0.011367  -0.761958  0.629613  0.151680  0.124245  -0.087746  0.988364  -0.007585  0.009306  0.029844  -0.053004  0.204207  -0.216035  1.000000  
162.135929 0.009684  -0.009569  -0.022657  0.635721  0.771830  -0.011746  -0.761789  0.629763  0.151906  0.124643  -0.087622  0.988325  -0.007444  0.009476  0.030285  -0.056704  0.216017  -0.213264  1.000000  
162.136934 0.009677  -0.009560  -0.022626  0.635856  0.771715  -0.011947  -0.761633  0.629904  0.152107  0.124908  -0.087619  0.988292  -0.007305  0.009590  0.030215  -0.061281  0.226775  -0.214213  1.000000  
162.138176 0.009671  -0.009549  -0.022589  0.636149  0.771469  -0.012273  -0.761345  0.630222  0.152228  0.125174  -0.087496  0.988269  -0.007070  0.009695  0.029858  -0.065718  0.229993  -0.218895  1.000000  
162.139203 0.009667  -0.009539  -0.022562  0.636273  0.771360  -0.012652  -0.761176  0.630373  0.152454  0.125572  -0.087372  0.988230  -0.006874  0.009731  0.029294  -0.074456  0.240774  -0.219826  1.000000  
162.140433 0.009663  -0.009525  -0.022531  0.636397  0.771253  -0.012938  -0.761006  0.630504  0.152755  0.125970  -0.087367  0.988179  -0.006514  0.009950  0.028945  -0.074752  0.255054  -0.219350  1.000000  
162.141480 0.009658  -0.009515  -0.022505  0.636521  0.771144  -0.013317  -0.760836  0.630655  0.152980  0.126369  -0.087243  0.988140  -0.006232  0.010020  0.029041  -0.082625  0.262859  -0.217563  1.000000  
162.142675 0.009651  -0.009503  -0.022467  0.636645  0.771035  -0.013697  -0.760666  0.630805  0.153205  0.126767  -0.087118  0.988099  -0.006021  0.010059  0.030007  -0.086162  0.269918  -0.215280  1.000000  
162.143680 0.009648  -0.009491  -0.022430  0.636780  0.770920  -0.013898  -0.760509  0.630946  0.153405  0.127032  -0.087116  0.988066  -0.005814  0.010011  0.030967  -0.086914  0.276599  -0.216633  1.000000  
162.144924 0.009645  -0.009478  -0.022376  0.637050  0.770688  -0.014395  -0.760194  0.631247  0.153728  0.127563  -0.086990  0.988008  -0.005463  0.009946  0.032214  -0.094377  0.287689  -0.213684  1.000000  
162.145925 0.009642  -0.009467  -0.022331  0.637341  0.770442  -0.014721  -0.759906  0.631565  0.153848  0.127828  -0.086867  0.987985  -0.005196  0.009907  0.033133  -0.100160  0.295202  -0.221949  1.000000  
162.147174 0.009637  -0.009454  -0.022276  0.637453  0.770340  -0.015186  -0.759722  0.631706  0.154173  0.128359  -0.086741  0.987927  -0.004997  0.009988  0.033919  -0.104320  0.308629  -0.220762  1.000000  
162.148175 0.009631  -0.009442  -0.022236  0.637732  0.770100  -0.015598  -0.759420  0.632016  0.154394  0.128757  -0.086617  0.987886  -0.004859  0.010119  0.034146  -0.112433  0.319969  -0.224501  1.000000  
162.149423 0.009625  -0.009428  -0.022192  0.638001  0.769869  -0.016002  -0.759105  0.632297  0.154793  0.129288  -0.086611  0.987817  -0.004667  0.010336  0.034320  -0.112555  0.328913  -0.223739  1.000000  
162.150423 0.009620  -0.009415  -0.022158  0.638280  0.769629  -0.016414  -0.758802  0.632606  0.155013  0.129686  -0.086486  0.987776  -0.004534  0.010578  0.034370  -0.113460  0.338315  -0.229725  1.000000  
162.151424 0.009616  -0.009403  -0.022122  0.638715  0.769261  -0.016765  -0.758368  0.633055  0.155306  0.130084  -0.086482  0.987724  -0.004340  0.010819  0.034625  -0.114415  0.343382  -0.236118  1.000000  
162.152426 0.009612  -0.009390  -0.022083  0.638993  0.769023  -0.017085  -0.758065  0.633345  0.155602  0.130482  -0.086477  0.987672  -0.004212  0.011056  0.035163  -0.115480  0.353274  -0.242380  1.000000  
162.153427 0.009607  -0.009378  -0.022043  0.639271  0.768784  -0.017404  -0.757761  0.633635  0.155898  0.130880  -0.086473  0.987620  -0.004210  0.011222  0.036097  -0.116320  0.357967  -0.248516  1.000000  
162.154676 0.009601  -0.009364  -0.021991  0.639694  0.768425  -0.017749  -0.757313  0.634055  0.156368  0.131411  -0.086586  0.987539  -0.004300  0.011326  0.037397  -0.109222  0.367494  -0.254522  1.000000  
162.155677 0.009596  -0.009353  -0.021947  0.640116  0.768063  -0.018187  -0.756864  0.634495  0.156760  0.131941  -0.086580  0.987469  -0.004410  0.011343  0.038556  -0.106163  0.376971  -0.260527  1.000000  
162.156682 0.009589  -0.009342  -0.021902  0.640393  0.767826  -0.018414  -0.756560  0.634765  0.157132  0.132339  -0.086695  0.987406  -0.004523  0.011385  0.039777  -0.098964  0.379939  -0.262564  1.000000  
162.157929 0.009580  -0.009327  -0.021846  0.640959  0.767341  -0.018971  -0.755964  0.635353  0.157621  0.133002  -0.086687  0.987317  -0.004677  0.011515  0.040912  -0.096932  0.392177  -0.279746  1.000000  
162.159178 0.009573  -0.009313  -0.021789  0.641523  0.766857  -0.019435  -0.755368  0.635921  0.158186  0.133665  -0.086799  0.987218  -0.004952  0.011592  0.041558  -0.092355  0.405979  -0.301596  1.000000  
162.160183 0.009566  -0.009301  -0.021746  0.641943  0.766497  -0.019782  -0.754917  0.636340  0.158653  0.134195  -0.086913  0.987136  -0.005215  0.011627  0.041120  -0.086099  0.416077  -0.314402  1.000000  
162.161427 0.009557  -0.009286  -0.021695  0.642495  0.766020  -0.020333  -0.754306  0.636899  0.159318  0.134991  -0.087023  0.987018  -0.005572  0.011753  0.040829  -0.079959  0.430807  -0.326916  1.000000  
162.162427 0.009549  -0.009273  -0.021658  0.643057  0.765533  -0.020893  -0.753708  0.637485  0.159803  0.135654  -0.087015  0.986928  -0.005810  0.011881  0.040505  -0.077882  0.441016  -0.339839  1.000000  
162.163673 0.009537  -0.009257  -0.021611  0.643595  0.765064  -0.021532  -0.753081  0.638034  0.160566  0.136582  -0.087124  0.986790  -0.006099  0.011957  0.040545  -0.072082  0.461545  -0.355491  1.000000  
162.164674 0.009528  -0.009244  -0.021569  0.644155  0.764579  -0.022001  -0.752482  0.638600  0.161127  0.137244  -0.087235  0.986688  -0.006421  0.012003  0.041056  -0.067820  0.473022  -0.381949  1.000000  
162.165923 0.009517  -0.009227  -0.021511  0.644845  0.763977  -0.022676  -0.751720  0.639305  0.161883  0.138172  -0.087344  0.986549  -0.006737  0.012101  0.041966  -0.063574  0.492851  -0.407172  1.000000  
162.166924 0.009507  -0.009213  -0.021459  0.645534  0.763374  -0.023352  -0.750958  0.640009  0.162638  0.139099  -0.087452  0.986409  -0.007105  0.012221  0.042933  -0.063435  0.517579  -0.432319  1.000000  
162.167924 0.009497  -0.009200  -0.021406  0.646067  0.762904  -0.023996  -0.750327  0.640556  0.163397  0.140027  -0.087560  0.986269  -0.007538  0.012283  0.043903  -0.058351  0.541477  -0.450544  1.000000  
162.169174 0.009483  -0.009183  -0.021340  0.646728  0.762316  -0.024848  -0.749533  0.641241  0.164349  0.141219  -0.087665  0.986089  -0.008109  0.012504  0.044863  -0.053455  0.570421  -0.468856  1.000000  
162.170425 0.009469  -0.009164  -0.021277  0.647529  0.761606  -0.025729  -0.748590  0.642053  0.165471  0.142544  -0.087887  0.985879  -0.008571  0.012792  0.045387  -0.050385  0.604167  -0.499500  1.000000  
162.171425 0.009458  -0.009148  -0.021231  0.648058  0.761134  -0.026378  -0.747955  0.642598  0.166226  0.143471  -0.087995  0.985735  -0.008867  0.013101  0.045532  -0.045517  0.624729  -0.519020  1.000000  
162.172454 0.009446  -0.009133  -0.021186  0.648560  0.760681  -0.027108  -0.747290  0.643104  0.167257  0.144662  -0.088218  0.985541  -0.009205  0.013328  0.045416  -0.036826  0.656879  -0.539871  1.000000  
162.173678 0.009432  -0.009115  -0.021130  0.649355  0.759970  -0.027996  -0.746342  0.643913  0.168374  0.145986  -0.088440  0.985326  -0.009580  0.013601  0.045438  -0.033632  0.690711  -0.566499  1.000000  
162.174683 0.009421  -0.009099  -0.021086  0.649866  0.759505  -0.028735  -0.745689  0.644447  0.169224  0.147045  -0.088545  0.985159  -0.009917  0.013833  0.045492  -0.028157  0.715374  -0.583034  1.000000  
162.175929 0.009406  -0.009080  -0.021029  0.650490  0.758934  -0.029679  -0.744856  0.645089  0.170443  0.148500  -0.088765  0.984921  -0.010405  0.014085  0.045865  -0.019404  0.753099  -0.600233  1.000000  
162.177176 0.009390  -0.009062  -0.020969  0.651239  0.758246  -0.030834  -0.743856  0.645868  0.171851  0.150220  -0.088980  0.984640  -0.010783  0.014347  0.046706  -0.011744  0.800402  -0.623444  1.000000  
162.178201 0.009377  -0.009046  -0.020921  0.651718  0.757800  -0.031660  -0.743168  0.646361  0.172973  0.151543  -0.089201  0.984418  -0.011008  0.014569  0.047361  -0.003024  0.832891  -0.640437  1.000000  
162.179425 0.009361  -0.009026  -0.020855  0.652474  0.757108  -0.032642  -0.742178  0.647125  0.174356  0.153130  -0.089537  0.984141  -0.011283  0.014787  0.048392  0.005507  0.871479  -0.658079  1.000000  
162.180674 0.009346  -0.009006  -0.020787  0.653213  0.756419  -0.033805  -0.741171  0.647900  0.175757  0.154848  -0.089752  0.983853  -0.011579  0.014963  0.049028  0.013948  0.913685  -0.674800  1.000000  
162.181750 0.009334  -0.008990  -0.020732  0.653852  0.755832  -0.034587  -0.740358  0.648555  0.176768  0.156038  -0.089973  0.983645  -0.011669  0.015042  0.049006  0.018477  0.940054  -0.690891  1.000000  
162.182925 0.009319  -0.008968  -0.020667  0.654585  0.755142  -0.035756  -0.739345  0.649328  0.178163  0.157756  -0.090187  0.983351  -0.011883  0.015480  0.049185  0.022800  0.984617  -0.709224  1.000000  
162.184181 0.009304  -0.008945  -0.020606  0.655315  0.754453  -0.036928  -0.738330  0.650099  0.179556  0.159473  -0.090400  0.983054  -0.011972  0.015839  0.048837  0.022950  1.026724  -0.725641  1.000000  
162.185424 0.009288  -0.008921  -0.020547  0.656026  0.753771  -0.038191  -0.737295  0.650860  0.181043  0.161322  -0.090611  0.982733  -0.012091  0.016228  0.048684  0.027029  1.069279  -0.742429  1.000000  
162.186673 0.009272  -0.008896  -0.020486  0.656886  0.752960  -0.039403  -0.736122  0.651753  0.182598  0.163170  -0.090941  0.982398  -0.012174  0.016578  0.048949  0.028882  1.112686  -0.765412  1.000000  
162.187691 0.009260  -0.008877  -0.020433  0.657482  0.752387  -0.040372  -0.735266  0.652383  0.183794  0.164622  -0.091157  0.982135  -0.012264  0.016856  0.049500  0.035293  1.148791  -0.775405  1.000000  
162.188924 0.009244  -0.008854  -0.020363  0.658319  0.751584  -0.041680  -0.734070  0.653263  0.185440  0.166602  -0.091483  0.981771  -0.012382  0.017153  0.050421  0.037873  1.191201  -0.791454  1.000000  
162.189932 0.009231  -0.008835  -0.020304  0.658910  0.751011  -0.042654  -0.733209  0.653891  0.186631  0.168053  -0.091698  0.981504  -0.012476  0.017447  0.051396  0.040254  1.228826  -0.802111  1.000000  
162.191179 0.009215  -0.008811  -0.020231  0.659754  0.750199  -0.043881  -0.732024  0.654776  0.188173  0.169899  -0.092026  0.981155  -0.012574  0.017712  0.052422  0.044018  1.266554  -0.818717  1.000000  
162.192185 0.009201  -0.008793  -0.020173  0.660339  0.749632  -0.044769  -0.731158  0.655379  0.189437  0.171349  -0.092360  0.980872  -0.012580  0.017922  0.053193  0.054177  1.293948  -0.822549  1.000000  
162.193430 0.009184  -0.008769  -0.020102  0.661160  0.748828  -0.046091  -0.729949  0.656252  0.191070  0.173326  -0.092684  0.980494  -0.012623  0.018219  0.053740  0.057732  1.331828  -0.839182  1.000000  
162.194673 0.009169  -0.008745  -0.020032  0.661992  0.748015  -0.047329  -0.728754  0.657132  0.192602  0.175171  -0.093010  0.980135  -0.012639  0.018561  0.053961  0.060925  1.363097  -0.848497  1.000000  
162.195675 0.009157  -0.008725  -0.019979  0.662867  0.747178  -0.048306  -0.727608  0.658037  0.193839  0.176619  -0.093342  0.979843  -0.012650  0.018769  0.053860  0.066228  1.393787  -0.867002  1.000000  
162.196923 0.009143  -0.008700  -0.019914  0.663690  0.746370  -0.049461  -0.726406  0.658890  0.195444  0.178463  -0.093786  0.979467  -0.012579  0.019044  0.053692  0.074244  1.414819  -0.869818  1.000000  
162.197924 0.009131  -0.008681  -0.019862  0.664542  0.745540  -0.050533  -0.725237  0.659782  0.196772  0.180042  -0.094115  0.979146  -0.012561  0.019154  0.053621  0.079387  1.441507  -0.888868  1.000000  
162.198924 0.009120  -0.008661  -0.019811  0.665257  0.744837  -0.051480  -0.724220  0.660528  0.198011  0.181490  -0.094445  0.978847  -0.012489  0.019252  0.053966  0.084082  1.460932  -0.900298  1.000000  
162.200180 0.009104  -0.008637  -0.019742  0.666201  0.743902  -0.052776  -0.722854  0.661518  0.199691  0.183463  -0.094885  0.978437  -0.012446  0.019191  0.054563  0.088236  1.484630  -0.910845  1.000000  
162.201424 0.009090  -0.008614  -0.019669  0.667122  0.742976  -0.054166  -0.721465  0.662495  0.201463  0.185567  -0.095321  0.977997  -0.012358  0.019151  0.055415  0.093531  1.515299  -0.925973  1.000000  
162.202674 0.009074  -0.008591  -0.019591  0.668038  0.742057  -0.055472  -0.720073  0.663445  0.203311  0.187670  -0.095875  0.977542  -0.012385  0.019062  0.056211  0.100336  1.540134  -0.943376  1.000000  
162.203700 0.009062  -0.008573  -0.019529  0.668704  0.741378  -0.056521  -0.719007  0.664140  0.204809  0.189379  -0.096318  0.977169  -0.012302  0.018999  0.056463  0.107532  1.565078  -0.948129  1.000000  
162.204924 0.009046  -0.008551  -0.019452  0.669461  0.740596  -0.057793  -0.717745  0.664932  0.206660  0.191480  -0.096870  0.976704  -0.012346  0.018942  0.056864  0.113626  1.591188  -0.956941  1.000000  
162.205944 0.009034  -0.008532  -0.019394  0.670249  0.739789  -0.058982  -0.716516  0.665765  0.208235  0.193318  -0.097308  0.976299  -0.012268  0.018899  0.056701  0.118376  1.614387  -0.976350  1.000000  
162.207178 0.009018  -0.008510  -0.019322  0.671125  0.738887  -0.060306  -0.715088  0.666668  0.210242  0.195550  -0.097974  0.975788  -0.012216  0.018870  0.056722  0.130169  1.639420  -0.987181  1.000000  
162.208431 0.009002  -0.008487  -0.019253  0.671995  0.737986  -0.061637  -0.713657  0.667568  0.212244  0.197780  -0.098639  0.975271  -0.012113  0.018738  0.056600  0.141711  1.658437  -0.997457  1.000000  
162.209677 0.008987  -0.008465  -0.019180  0.672877  0.737077  -0.062883  -0.712239  0.668473  0.214146  0.199878  -0.099306  0.974775  -0.012171  0.018670  0.056895  0.149353  1.678409  -1.008156  1.000000  
162.210923 0.008970  -0.008442  -0.019105  0.673881  0.736047  -0.064180  -0.710660  0.669491  0.216206  0.202106  -0.100087  0.974236  -0.012327  0.018502  0.057526  0.162526  1.703990  -1.031815  1.000000  
162.212178 0.008953  -0.008420  -0.019028  0.674840  0.735036  -0.065664  -0.709035  0.670484  0.218450  0.204595  -0.100861  0.973636  -0.012459  0.018367  0.058310  0.176597  1.733362  -1.048141  1.000000  
162.213424 0.008934  -0.008399  -0.018950  0.675811  0.734018  -0.067064  -0.707425  0.671482  0.220593  0.206952  -0.101636  0.973058  -0.012741  0.018171  0.059123  0.188066  1.757612  -1.061457  1.000000  
162.214675 0.008914  -0.008378  -0.018871  0.676773  0.733009  -0.068383  -0.705810  0.672448  0.222812  0.209307  -0.102528  0.972460  -0.013075  0.017889  0.060033  0.209996  1.782530  -1.074625  1.000000  
162.215924 0.008895  -0.008358  -0.018792  0.677728  0.731992  -0.069798  -0.704190  0.673437  0.224944  0.211662  -0.103300  0.971869  -0.013359  0.017664  0.060464  0.219751  1.803077  -1.091584  1.000000  
162.217174 0.008876  -0.008338  -0.018716  0.678636  0.730996  -0.071401  -0.702523  0.674400  0.227257  0.214276  -0.104064  0.971214  -0.013617  0.017484  0.060366  0.234546  1.827348  -1.101334  1.000000  
162.218424 0.008858  -0.008318  -0.018642  0.679699  0.729861  -0.072879  -0.700731  0.675491  0.229537  0.216759  -0.104948  0.970568  -0.013793  0.017354  0.060149  0.247728  1.851606  -1.120529  1.000000  
162.219424 0.008841  -0.008302  -0.018583  0.680404  0.729097  -0.073948  -0.699438  0.676195  0.231402  0.218718  -0.105724  0.970044  -0.014077  0.017147  0.059968  0.259111  1.872287  -1.131147  1.000000  
162.220425 0.008826  -0.008286  -0.018526  0.681268  0.728184  -0.074980  -0.698022  0.677056  0.233155  0.220545  -0.106503  0.969545  -0.014233  0.017059  0.059789  0.273005  1.887434  -1.147970  1.000000  
162.221675 0.008806  -0.008266  -0.018453  0.682452  0.726923  -0.076439  -0.696075  0.678253  0.235484  0.223024  -0.107499  0.968867  -0.014542  0.016810  0.059868  0.290253  1.912423  -1.163816  1.000000  
162.222679 0.008791  -0.008251  -0.018392  0.683261  0.726032  -0.077665  -0.694608  0.679084  0.237413  0.225110  -0.108269  0.968299  -0.014769  0.016628  0.060341  0.299285  1.934747  -1.184574  1.000000  
162.223682 0.008775  -0.008236  -0.018329  0.684064  0.725152  -0.078808  -0.693137  0.679882  0.239420  0.227196  -0.109154  0.967713  -0.014954  0.016428  0.060642  0.318330  1.954419  -1.194344  1.000000  
162.224694 0.008761  -0.008219  -0.018263  0.684861  0.724264  -0.080044  -0.691662  0.680705  0.241339  0.229280  -0.109920  0.967134  -0.015063  0.016340  0.061151  0.329204  1.978204  -1.203404  1.000000  
162.225927 0.008741  -0.008199  -0.018179  0.686012  0.723007  -0.081535  -0.689694  0.681879  0.243645  0.231754  -0.110909  0.966431  -0.015325  0.016154  0.061710  0.342413  2.004674  -1.219745  1.000000  
162.227276 0.008721  -0.008179  -0.018095  0.686968  0.721923  -0.083079  -0.687817  0.682848  0.246225  0.234486  -0.112006  0.965645  -0.015343  0.015909  0.061770  0.363492  2.031321  -1.223432  1.000000  
162.228422 0.008701  -0.008159  -0.018015  0.688077  0.720691  -0.084592  -0.685814  0.683968  0.248690  0.237087  -0.113104  0.964882  -0.015525  0.015962  0.062329  0.379875  2.065772  -1.244373  1.000000  
162.229425 0.008686  -0.008143  -0.017952  0.689007  0.719656  -0.085815  -0.684201  0.684930  0.250479  0.239036  -0.113867  0.964311  -0.015488  0.015929  0.062264  0.390852  2.084439  -1.259429  1.000000  
162.230673 0.008667  -0.008123  -0.017877  0.690120  0.718415  -0.087254  -0.682210  0.686048  0.252839  0.241504  -0.114964  0.963566  -0.015518  0.015959  0.062061  0.401504  2.102762  -1.276555  1.000000  
162.231674 0.008652  -0.008106  -0.017817  0.691036  0.717394  -0.088403  -0.680588  0.686970  0.254700  0.243451  -0.115841  0.962971  -0.015458  0.016024  0.061979  0.416543  2.117440  -1.292195  1.000000  
162.232922 0.008634  -0.008086  -0.017741  0.692248  0.716047  -0.089830  -0.678421  0.688149  0.257286  0.246045  -0.117163  0.962151  -0.015386  0.016012  0.061983  0.435445  2.139736  -1.314248  1.000000  
162.233923 0.008620  -0.008070  -0.017679  0.693125  0.715050  -0.090999  -0.676767  0.689017  0.259310  0.248120  -0.118149  0.961497  -0.015307  0.015989  0.062191  0.445853  2.152930  -1.331430  1.000000  
162.234924 0.008607  -0.008054  -0.017615  0.693857  0.714196  -0.092121  -0.675253  0.689732  0.261348  0.250193  -0.119133  0.960839  -0.015171  0.015966  0.062595  0.459997  2.168691  -1.340889  1.000000  
162.236174 0.008590  -0.008035  -0.017534  0.695064  0.712845  -0.093483  -0.673092  0.690901  0.263824  0.252653  -0.120452  0.960030  -0.014964  0.015993  0.063154  0.478434  2.182155  -1.363603  1.000000  
162.237428 0.008573  -0.008015  -0.017452  0.696210  0.711518  -0.095041  -0.670878  0.692038  0.266471  0.255371  -0.121759  0.959146  -0.014777  0.015978  0.063758  0.493875  2.203131  -1.377970  1.000000  
162.238674 0.008557  -0.007995  -0.017369  0.697508  0.710052  -0.096486  -0.668537  0.693291  0.269085  0.257957  -0.123184  0.958271  -0.014596  0.016038  0.064005  0.510363  2.221897  -1.406303  1.000000  
162.239691 0.008544  -0.007979  -0.017304  0.698506  0.708921  -0.097571  -0.666740  0.694252  0.271056  0.259896  -0.124279  0.957606  -0.014453  0.016014  0.063946  0.523861  2.232994  -1.428593  1.000000  
162.240926 0.008528  -0.007958  -0.017225  0.699832  0.707446  -0.098767  -0.664436  0.695477  0.273562  0.262221  -0.125823  0.956770  -0.014177  0.016110  0.063630  0.542242  2.243265  -1.451663  1.000000  
162.241929 0.008515  -0.007940  -0.017163  0.700815  0.706318  -0.099868  -0.662631  0.696425  0.275522  0.264157  -0.126914  0.956093  -0.014100  0.016271  0.063650  0.550305  2.247152  -1.468858  1.000000  
162.243178 0.008498  -0.007919  -0.017088  0.702094  0.704847  -0.101264  -0.660290  0.697655  0.278019  0.266608  -0.128332  0.955223  -0.013810  0.016308  0.062921  0.563869  2.256220  -1.491131  1.000000  
162.244426 0.008481  -0.007896  -0.017011  0.703336  0.703403  -0.102679  -0.657919  0.698828  0.280680  0.269186  -0.129857  0.954293  -0.013647  0.016438  0.062818  0.577294  2.270432  -1.512795  1.000000  
162.245427 0.008466  -0.007878  -0.016947  0.704400  0.702161  -0.103873  -0.655931  0.699853  0.282772  0.271247  -0.131052  0.953546  -0.013598  0.016578  0.063050  0.587283  2.279515  -1.535636  1.000000  
162.246674 0.008447  -0.007855  -0.016865  0.705780  0.700553  -0.105361  -0.653427  0.701199  0.285224  0.273693  -0.132460  0.952652  -0.013614  0.016783  0.063554  0.600648  2.284759  -1.556941  1.000000  
162.247675 0.008432  -0.007836  -0.016796  0.706825  0.699327  -0.106488  -0.651429  0.702174  0.287389  0.275752  -0.133764  0.951876  -0.013694  0.016926  0.064076  0.614164  2.289512  -1.581641  1.000000  
162.248923 0.008414  -0.007812  -0.016710  0.708181  0.697749  -0.107830  -0.648913  0.703431  0.289995  0.278194  -0.135397  0.950934  -0.013755  0.017184  0.064610  0.625384  2.300298  -1.607831  1.000000  
162.249926 0.008398  -0.007794  -0.016642  0.709234  0.696514  -0.108882  -0.646930  0.704402  0.292062  0.280122  -0.136701  0.950181  -0.013942  0.017372  0.064901  0.641011  2.308868  -1.625767  1.000000  
162.251173 0.008379  -0.007770  -0.016558  0.710650  0.694912  -0.109881  -0.644479  0.705639  0.294483  0.282176  -0.138458  0.949319  -0.014074  0.017644  0.065092  0.659365  2.296064  -1.641013  1.000000  
162.252175 0.008364  -0.007750  -0.016491  0.711790  0.693549  -0.111107  -0.642315  0.706724  0.296600  0.284229  -0.139751  0.948516  -0.014174  0.018009  0.065150  0.669225  2.306148  -1.666045  1.000000  
162.253428 0.008346  -0.007724  -0.016411  0.713344  0.691804  -0.112013  -0.639732  0.708061  0.298987  0.286153  -0.141622  0.947660  -0.014308  0.018349  0.064927  0.683596  2.290603  -1.694079  1.000000  
162.254675 0.008326  -0.007699  -0.016332  0.714873  0.689987  -0.113468  -0.636867  0.709463  0.301766  0.288716  -0.143461  0.946606  -0.014513  0.018698  0.064858  0.700287  2.299392  -1.729335  1.000000  
162.255676 0.008310  -0.007678  -0.016269  0.716009  0.688643  -0.114465  -0.634713  0.710459  0.303952  0.290637  -0.144980  0.945786  -0.014736  0.018933  0.064746  0.714807  2.299194  -1.745030  1.000000  
162.256678 0.008295  -0.007657  -0.016204  0.717266  0.687140  -0.115618  -0.632408  0.711626  0.306022  0.292557  -0.146382  0.944978  -0.014914  0.019191  0.064978  0.726472  2.299880  -1.777251  1.000000  
162.257679 0.008279  -0.007637  -0.016139  0.718384  0.685786  -0.116717  -0.630245  0.712642  0.308110  0.294475  -0.147780  0.944164  -0.015059  0.019398  0.065278  0.736319  2.301693  -1.790863  1.000000  
162.258928 0.008258  -0.007610  -0.016055  0.719799  0.684008  -0.118416  -0.627303  0.713972  0.311022  0.297287  -0.149591  0.942997  -0.015361  0.019725  0.066089  0.750541  2.320859  -1.819452  1.000000  
162.259930 0.008243  -0.007589  -0.015986  0.721023  0.682525  -0.119519  -0.624983  0.715073  0.313158  0.299203  -0.151097  0.942151  -0.015371  0.019918  0.066258  0.765392  2.327412  -1.848175  1.000000  
162.260938 0.008226  -0.007567  -0.015916  0.722396  0.680896  -0.120518  -0.622535  0.716280  0.315267  0.300989  -0.152721  0.941319  -0.015488  0.020101  0.066510  0.779987  2.324986  -1.877500  1.000000  
162.262175 0.008206  -0.007538  -0.015829  0.723890  0.679095  -0.121713  -0.619679  0.717549  0.317997  0.303285  -0.154772  0.940247  -0.015621  0.020504  0.066725  0.796378  2.329680  -1.901560  1.000000  
162.263424 0.008186  -0.007509  -0.015742  0.725495  0.677134  -0.123072  -0.616667  0.718981  0.320606  0.305579  -0.156703  0.939183  -0.015649  0.020836  0.066837  0.811306  2.328353  -1.934625  1.000000  
162.264426 0.008170  -0.007486  -0.015676  0.726673  0.675689  -0.124057  -0.614326  0.719963  0.322889  0.307490  -0.158423  0.938271  -0.015708  0.021185  0.066626  0.823322  2.330460  -1.956472  1.000000  
162.265673 0.008152  -0.007455  -0.015594  0.728344  0.673631  -0.125446  -0.611124  0.721415  0.325711  0.309908  -0.160567  0.937110  -0.015648  0.021610  0.066485  0.838458  2.340702  -1.990833  1.000000  
162.266674 0.008137  -0.007431  -0.015528  0.729655  0.672027  -0.126428  -0.608650  0.722526  0.327875  0.311688  -0.162286  0.936223  -0.015636  0.021959  0.066408  0.852562  2.338748  -2.019059  1.000000  
162.267924 0.008119  -0.007400  -0.015444  0.731233  0.670090  -0.127588  -0.605639  0.723838  0.330546  0.313848  -0.164433  0.935126  -0.015560  0.022331  0.066639  0.866992  2.329920  -2.042336  1.000000  
162.268925 0.008105  -0.007376  -0.015375  0.732396  0.668638  -0.128527  -0.603305  0.724789  0.332723  0.315626  -0.166144  0.934225  -0.015524  0.022496  0.067043  0.880493  2.326887  -2.057933  1.000000  
162.269925 0.008091  -0.007351  -0.015303  0.733673  0.667040  -0.129544  -0.600815  0.725867  0.334869  0.317403  -0.167852  0.933317  -0.015403  0.022866  0.067614  0.890675  2.334124  -2.073228  1.000000  
162.270929 0.008077  -0.007326  -0.015232  0.734939  0.665459  -0.130492  -0.598322  0.726895  0.337098  0.319179  -0.169670  0.932382  -0.015271  0.023179  0.068231  0.906548  2.334656  -2.093496  1.000000  
162.271946 0.008063  -0.007302  -0.015160  0.736228  0.663863  -0.131355  -0.595851  0.727926  0.339242  0.320827  -0.171491  0.931483  -0.015129  0.023395  0.068548  0.917763  2.331808  -2.114412  1.000000  
162.273182 0.008046  -0.007270  -0.015070  0.737927  0.661769  -0.132383  -0.592714  0.729297  0.341782  0.322727  -0.173745  0.930408  -0.014960  0.023802  0.069051  0.935030  2.324574  -2.144493  1.000000  
162.274429 0.008028  -0.007238  -0.014982  0.739455  0.659861  -0.133375  -0.589696  0.730461  0.344508  0.324753  -0.176098  0.929261  -0.014769  0.024120  0.069202  0.957445  2.315244  -2.166635  1.000000  
162.275432 0.008016  -0.007212  -0.014913  0.740708  0.658288  -0.134196  -0.587210  0.731414  0.346724  0.326397  -0.178020  0.928318  -0.014508  0.024425  0.069117  0.974714  2.308322  -2.182432  1.000000  
162.276680 0.008001  -0.007179  -0.014829  0.742363  0.656233  -0.135114  -0.584055  0.732655  0.349421  0.328294  -0.180483  0.927173  -0.014186  0.024672  0.068941  0.997354  2.299697  -2.204625  1.000000  
162.277929 0.007985  -0.007147  -0.014745  0.744086  0.654033  -0.136299  -0.580713  0.734042  0.352071  0.330315  -0.182820  0.925996  -0.013863  0.024915  0.068756  1.009559  2.292872  -2.233819  1.000000  
162.279174 0.007971  -0.007115  -0.014661  0.745707  0.651984  -0.137253  -0.577545  0.735249  0.354754  0.332209  -0.185273  0.924830  -0.013592  0.025153  0.068759  1.027720  2.284227  -2.255512  1.000000  
162.280181 0.007959  -0.007088  -0.014594  0.746708  0.650720  -0.137806  -0.575375  0.735855  0.357016  0.333723  -0.187297  0.923877  -0.013301  0.025291  0.068866  1.049549  2.284488  -2.256663  1.000000  
162.281425 0.007945  -0.007055  -0.014507  0.748219  0.648825  -0.138540  -0.572377  0.736871  0.359730  0.335488  -0.189860  0.922714  -0.013020  0.025511  0.069232  1.070291  2.275719  -2.272258  1.000000  
162.282674 0.007929  -0.007023  -0.014418  0.749680  0.646954  -0.139390  -0.569347  0.737855  0.362512  0.337378  -0.192407  0.921496  -0.012929  0.025582  0.069528  1.090095  2.271721  -2.278070  1.000000  
162.283674 0.007918  -0.006997  -0.014346  0.750921  0.645375  -0.140029  -0.566884  0.738707  0.364629  0.338763  -0.194427  0.920564  -0.012700  0.025750  0.069737  1.102022  2.270105  -2.287110  1.000000  
162.284924 0.007902  -0.006965  -0.014255  0.752507  0.643338  -0.140887  -0.563716  0.739810  0.367296  0.340525  -0.196973  0.919372  -0.012578  0.025781  0.069856  1.122957  2.253510  -2.298421  1.000000  
162.285924 0.007890  -0.006939  -0.014186  0.753800  0.641721  -0.141354  -0.561299  0.740670  0.369258  0.341657  -0.199004  0.918514  -0.012482  0.025810  0.069788  1.135421  2.231362  -2.308670  1.000000  
162.287174 0.007875  -0.006906  -0.014100  0.755354  0.639776  -0.141870  -0.558358  0.741658  0.371725  0.343040  -0.201569  0.917439  -0.012304  0.025947  0.069459  1.160394  2.207176  -2.313697  1.000000  
162.288181 0.007863  -0.006880  -0.014033  0.756704  0.638047  -0.142459  -0.555751  0.742566  0.373814  0.344296  -0.203695  0.916498  -0.012145  0.025969  0.069156  1.174533  2.176076  -2.329223  1.000000  
162.289186 0.007851  -0.006854  -0.013966  0.758195  0.636162  -0.142961  -0.553010  0.743564  0.375888  0.345427  -0.205937  0.915571  -0.012000  0.026050  0.068862  1.195748  2.157142  -2.346950  1.000000  
162.290428 0.007837  -0.006821  -0.013883  0.759827  0.634086  -0.143522  -0.549898  0.744595  0.378405  0.346807  -0.208600  0.914446  -0.011966  0.026044  0.068669  1.210953  2.134192  -2.357010  1.000000  
162.291429 0.007824  -0.006796  -0.013815  0.761332  0.632180  -0.143953  -0.547176  0.745583  0.380402  0.347811  -0.210845  0.913549  -0.011968  0.025979  0.068709  1.230673  2.111729  -2.371993  1.000000  
162.292683 0.007810  -0.006764  -0.013731  0.762825  0.630295  -0.144314  -0.544210  0.746360  0.383123  0.349191  -0.213718  0.912354  -0.011890  0.025935  0.068764  1.255437  2.087952  -2.376353  1.000000  
162.294025 0.007796  -0.006733  -0.013645  0.764304  0.628395  -0.144769  -0.541239  0.747166  0.385749  0.350569  -0.216476  0.911175  -0.011788  0.025674  0.068415  1.274795  2.052897  -2.369073  1.000000  
162.295172 0.007781  -0.006703  -0.013560  0.765810  0.626457  -0.145216  -0.538291  0.748021  0.388211  0.351822  -0.219128  0.910057  -0.011888  0.025702  0.068967  1.293438  2.034325  -2.372942  1.000000  
162.296182 0.007770  -0.006680  -0.013491  0.767198  0.624702  -0.145446  -0.535734  0.748796  0.390249  0.352699  -0.221477  0.909149  -0.011852  0.025434  0.068879  1.314389  2.004184  -2.376217  1.000000  
162.297424 0.007756  -0.006650  -0.013407  0.768460  0.623075  -0.145761  -0.533093  0.749365  0.392765  0.353950  -0.224120  0.908014  -0.011780  0.025265  0.068607  1.334674  1.973003  -2.364298  1.000000  
162.298425 0.007745  -0.006627  -0.013341  0.769720  0.621460  -0.146010  -0.530688  0.750035  0.394738  0.354826  -0.226352  0.907118  -0.011726  0.025056  0.068116  1.348828  1.948473  -2.371310  1.000000  
