1-Time 2-Px 3-Py 4-Pz 5-R11 6-R21 7-R31 8-R12 9-R22 10-R32 11-R13 12-R23 13-R33 14-Vx 15-Vy 16-Vz 17-Wx 18-Wy 19-Wz 20-state
113.267652 0.017241  -0.004769  0.009982  0.288634  0.937044  0.196566  -0.692586  0.062589  0.718615  0.661071  -0.343556  0.667049  -0.000612  -0.000269  -0.000411  0.000000  0.000000  0.000000  1.000000  
113.268725 0.017241  -0.004768  0.009982  0.288634  0.937044  0.196566  -0.692586  0.062589  0.718615  0.661071  -0.343556  0.667049  0.000325  0.000870  -0.000488  0.000000  0.000000  0.000000  1.000000  
113.269918 0.017235  -0.004769  0.009975  0.288634  0.937044  0.196566  -0.692586  0.062589  0.718615  0.661071  -0.343556  0.667049  -0.003096  0.000099  -0.003600  0.000000  0.000000  0.000000  1.000000  
113.271163 0.017224  -0.004770  0.009965  0.288634  0.937044  0.196566  -0.692586  0.062589  0.718615  0.661071  -0.343556  0.667049  -0.005144  -0.000400  -0.005202  0.000000  0.000000  0.000000  1.000000  
113.272411 0.017218  -0.004770  0.009959  0.288634  0.937044  0.196566  -0.692586  0.062589  0.718615  0.661071  -0.343556  0.667049  -0.005008  -0.000342  -0.005194  0.000000  0.000000  0.000000  1.000000  
113.273663 0.017214  -0.004769  0.009956  0.288634  0.937068  0.196453  -0.692586  0.062676  0.718607  0.661071  -0.343475  0.667091  -0.004696  -0.000020  -0.004575  0.000000  0.000000  0.000000  1.000000  
113.274911 0.017204  -0.004767  0.009951  0.288668  0.937050  0.196487  -0.692668  0.062719  0.718525  0.660971  -0.343515  0.667169  -0.005212  0.000327  -0.004431  0.000000  0.000000  0.000000  1.000000  
113.275914 0.017194  -0.004764  0.009946  0.288668  0.937050  0.196487  -0.692668  0.062719  0.718525  0.660971  -0.343515  0.667169  -0.005832  0.000551  -0.004514  0.000000  0.000000  0.000000  1.000000  
113.276915 0.017185  -0.004761  0.009940  0.288668  0.937050  0.196487  -0.692668  0.062719  0.718525  0.660971  -0.343515  0.667169  -0.006256  0.000885  -0.004669  0.000000  0.000000  0.000000  1.000000  
113.278161 0.017175  -0.004757  0.009933  0.288668  0.937050  0.196487  -0.692668  0.062719  0.718525  0.660971  -0.343515  0.667169  -0.006455  0.001141  -0.004832  0.000000  0.000000  0.000000  1.000000  
113.279409 0.017167  -0.004754  0.009926  0.288668  0.937074  0.196373  -0.692668  0.062806  0.718517  0.660971  -0.343434  0.667211  -0.006423  0.001329  -0.004884  0.000000  0.000000  0.000000  1.000000  
113.280432 0.017159  -0.004751  0.009919  0.288634  0.937092  0.196339  -0.692586  0.062763  0.718600  0.661071  -0.343394  0.667133  -0.006512  0.001429  -0.005043  0.000000  0.000000  0.000000  1.000000  
113.281666 0.017147  -0.004747  0.009908  0.288634  0.937116  0.196225  -0.692586  0.062850  0.718592  0.661071  -0.343313  0.667174  -0.006792  0.001574  -0.005368  0.000000  0.000000  0.000000  1.000000  
113.282917 0.017132  -0.004745  0.009895  0.288634  0.937116  0.196225  -0.692586  0.062850  0.718592  0.661071  -0.343313  0.667174  -0.007378  0.001612  -0.005932  0.000000  0.000000  0.000000  1.000000  
113.283918 0.017120  -0.004745  0.009883  0.288668  0.937122  0.196146  -0.692668  0.062980  0.718502  0.660971  -0.343273  0.667294  -0.008113  0.001605  -0.006613  0.000000  0.000000  0.000000  1.000000  
113.285160 0.017104  -0.004745  0.009867  0.288668  0.937146  0.196032  -0.692668  0.063067  0.718494  0.660971  -0.343192  0.667336  -0.008542  0.001603  -0.007047  0.000000  0.000000  0.000000  1.000000  
113.286161 0.017092  -0.004744  0.009857  0.288668  0.937169  0.195919  -0.692668  0.063154  0.718487  0.660971  -0.343111  0.667378  -0.008792  0.001718  -0.007215  0.000000  0.000000  0.000000  1.000000  
113.287410 0.017078  -0.004741  0.009847  0.288845  0.937139  0.195805  -0.692690  0.063390  0.718444  0.660870  -0.343151  0.667456  -0.009329  0.001984  -0.007449  0.000000  0.000000  0.000000  1.000000  
113.288659 0.017064  -0.004736  0.009838  0.288879  0.937145  0.195726  -0.692772  0.063519  0.718354  0.660770  -0.343111  0.667577  -0.010022  0.002204  -0.007871  0.000000  0.000000  0.000000  1.000000  
113.289659 0.017052  -0.004732  0.009829  0.289021  0.937132  0.195578  -0.692712  0.063712  0.718395  0.660770  -0.343111  0.667577  -0.010342  0.002322  -0.008275  0.000000  0.000000  0.000000  1.000000  
113.290663 0.017040  -0.004728  0.009816  0.289055  0.937114  0.195612  -0.692794  0.063754  0.718312  0.660669  -0.343151  0.667655  -0.010493  0.002463  -0.008707  0.000000  0.000000  0.000000  1.000000  
113.291911 0.017027  -0.004723  0.009799  0.289232  0.937107  0.195385  -0.692816  0.064077  0.718262  0.660569  -0.343110  0.667775  -0.010474  0.002513  -0.009408  0.000000  0.000000  0.000000  1.000000  
113.292914 0.017018  -0.004718  0.009786  0.289409  0.937076  0.195272  -0.692838  0.064312  0.718220  0.660468  -0.343151  0.667854  -0.010598  0.002639  -0.009935  0.000000  0.000000  0.000000  1.000000  
113.293922 0.017010  -0.004714  0.009774  0.289443  0.937058  0.195306  -0.692919  0.064354  0.718138  0.660368  -0.343191  0.667933  -0.010785  0.002693  -0.010414  0.000000  0.000000  0.000000  1.000000  
113.295164 0.016997  -0.004708  0.009759  0.289586  0.937045  0.195158  -0.692860  0.064547  0.718178  0.660368  -0.343191  0.667933  -0.010913  0.002877  -0.010813  0.000000  0.000000  0.000000  1.000000  
113.296414 0.016982  -0.004705  0.009743  0.289620  0.937051  0.195079  -0.692941  0.064677  0.718087  0.660267  -0.343150  0.668053  -0.011239  0.002863  -0.011239  0.000000  0.000000  0.000000  1.000000  
113.297418 0.016969  -0.004702  0.009730  0.289796  0.937020  0.194966  -0.692963  0.064912  0.718045  0.660167  -0.343191  0.668131  -0.011278  0.002907  -0.011426  0.000000  0.000000  0.000000  1.000000  
113.298669 0.016954  -0.004699  0.009714  0.289973  0.936989  0.194852  -0.692985  0.065147  0.718003  0.660066  -0.343231  0.668210  -0.011243  0.003072  -0.011426  0.000000  0.000000  0.000000  1.000000  
113.299919 0.016940  -0.004696  0.009702  0.290007  0.936995  0.194773  -0.693066  0.065277  0.717912  0.659966  -0.343190  0.668330  -0.011111  0.003349  -0.011211  0.000000  0.000000  0.000000  1.000000  
113.301173 0.016926  -0.004691  0.009691  0.290218  0.936969  0.194581  -0.693169  0.065642  0.717779  0.659765  -0.343190  0.668529  -0.011088  0.003599  -0.011158  0.000000  0.000000  0.000000  1.000000  
113.302191 0.016914  -0.004686  0.009680  0.290395  0.936938  0.194468  -0.693191  0.065877  0.717737  0.659664  -0.343230  0.668607  -0.011119  0.003704  -0.011283  0.000000  0.000000  0.000000  1.000000  
113.303410 0.016899  -0.004679  0.009665  0.290463  0.936926  0.194423  -0.693354  0.066049  0.717564  0.659463  -0.343230  0.668806  -0.011142  0.003845  -0.011681  0.000000  0.000000  0.000000  1.000000  
113.304422 0.016889  -0.004674  0.009651  0.290640  0.936895  0.194310  -0.693375  0.066284  0.717521  0.659363  -0.343270  0.668885  -0.011036  0.003946  -0.012015  0.000000  0.000000  0.000000  1.000000  
113.305662 0.016877  -0.004666  0.009633  0.290708  0.936883  0.194266  -0.693538  0.066456  0.717348  0.659161  -0.343270  0.669083  -0.010875  0.004159  -0.012251  0.000000  0.000000  0.000000  1.000000  
113.306664 0.016866  -0.004660  0.009619  0.290919  0.936834  0.194187  -0.693641  0.066733  0.717223  0.658960  -0.343350  0.669240  -0.010918  0.004294  -0.012213  0.000000  0.000000  0.000000  1.000000  
113.307911 0.016852  -0.004652  0.009603  0.291096  0.936802  0.194074  -0.693662  0.066968  0.717181  0.658859  -0.343390  0.669319  -0.011087  0.004435  -0.012187  0.000000  0.000000  0.000000  1.000000  
113.309159 0.016835  -0.004647  0.009588  0.291307  0.936753  0.193996  -0.693765  0.067246  0.717055  0.658658  -0.343471  0.669475  -0.011495  0.004377  -0.012173  0.000000  0.000000  0.000000  1.000000  
113.310163 0.016822  -0.004643  0.009578  0.291375  0.936717  0.194065  -0.693927  0.067331  0.716890  0.658457  -0.343551  0.669632  -0.011707  0.004327  -0.012070  0.000000  0.000000  0.000000  1.000000  
113.311409 0.016804  -0.004640  0.009563  0.291586  0.936668  0.193987  -0.694030  0.067608  0.716765  0.658255  -0.343632  0.669789  -0.011860  0.004346  -0.011973  0.000000  0.000000  0.000000  1.000000  
113.312419 0.016788  -0.004636  0.009551  0.291797  0.936618  0.193909  -0.694132  0.067886  0.716639  0.658054  -0.343712  0.669946  -0.012052  0.004416  -0.011906  0.000000  0.000000  0.000000  1.000000  
113.313424 0.016773  -0.004633  0.009538  0.291832  0.936600  0.193944  -0.694213  0.067928  0.716557  0.657953  -0.343752  0.670024  -0.012259  0.004492  -0.011908  0.000000  0.000000  0.000000  1.000000  
113.314666 0.016755  -0.004630  0.009522  0.292186  0.936537  0.193718  -0.694255  0.068399  0.716471  0.657752  -0.343833  0.670181  -0.012570  0.004460  -0.012162  0.000000  0.000000  0.000000  1.000000  
113.315917 0.016738  -0.004625  0.009505  0.292431  0.936469  0.193675  -0.694438  0.068719  0.716263  0.657449  -0.343953  0.670415  -0.012756  0.004441  -0.012568  0.000000  0.000000  0.000000  1.000000  
113.317168 0.016722  -0.004619  0.009487  0.292642  0.936419  0.193597  -0.694540  0.068996  0.716138  0.657248  -0.344033  0.670572  -0.012845  0.004457  -0.012879  0.000000  0.000000  0.000000  1.000000  
113.318192 0.016708  -0.004613  0.009472  0.292997  0.936355  0.193372  -0.694582  0.069467  0.716052  0.657046  -0.344114  0.670728  -0.012947  0.004451  -0.013095  0.000000  0.000000  0.000000  1.000000  
113.319410 0.016692  -0.004606  0.009452  0.293385  0.936272  0.193182  -0.694704  0.069980  0.715884  0.656743  -0.344234  0.670963  -0.013141  0.004559  -0.013324  -0.119199  -0.109176  -0.177950  1.000000  
113.320429 0.016679  -0.004601  0.009436  0.293597  0.936222  0.193105  -0.694805  0.070257  0.715758  0.656541  -0.344314  0.671119  -0.013399  0.004423  -0.013306  -0.124662  -0.111640  -0.186038  1.000000  
113.321446 0.016666  -0.004596  0.009423  0.293808  0.936148  0.193141  -0.694907  0.070448  0.715641  0.656339  -0.344476  0.671234  -0.013584  0.004284  -0.013266  -0.116412  -0.115554  -0.187985  1.000000  
113.322658 0.016648  -0.004593  0.009408  0.294128  0.936101  0.192881  -0.694867  0.070876  0.715638  0.656239  -0.344516  0.671312  -0.013806  0.004044  -0.013213  -0.124643  -0.110040  -0.195910  1.000000  
113.323663 0.016632  -0.004590  0.009394  0.294306  0.936069  0.192769  -0.694887  0.071111  0.715595  0.656138  -0.344556  0.671390  -0.014024  0.003901  -0.013398  -0.124617  -0.113989  -0.197926  1.000000  
113.324937 0.016611  -0.004588  0.009375  0.294803  0.935965  0.192510  -0.694867  0.071687  0.715557  0.655936  -0.344718  0.671505  -0.014242  0.003731  -0.013700  -0.130547  -0.114055  -0.210739  1.000000  
113.326161 0.016592  -0.004585  0.009356  0.295124  0.935918  0.192251  -0.694826  0.072115  0.715553  0.655835  -0.344758  0.671583  -0.014366  0.003706  -0.014039  -0.134532  -0.108479  -0.218349  1.000000  
113.327410 0.016573  -0.004582  0.009336  0.295335  0.935843  0.192287  -0.694927  0.072306  0.715436  0.655633  -0.344919  0.671697  -0.014377  0.003620  -0.014343  -0.130494  -0.112451  -0.220473  1.000000  
113.328414 0.016558  -0.004580  0.009319  0.295656  0.935795  0.192028  -0.694886  0.072734  0.715433  0.655532  -0.344959  0.671775  -0.014321  0.003563  -0.014654  -0.139482  -0.107702  -0.229649  1.000000  
113.329659 0.016539  -0.004575  0.009297  0.296119  0.935709  0.191735  -0.694784  0.073267  0.715477  0.655430  -0.345081  0.671811  -0.014382  0.003629  -0.015016  -0.140407  -0.102973  -0.238871  1.000000  
113.330670 0.016523  -0.004571  0.009280  0.296440  0.935661  0.191476  -0.694742  0.073695  0.715473  0.655329  -0.345121  0.671889  -0.014549  0.003691  -0.015283  -0.140844  -0.100610  -0.243464  1.000000  
113.331920 0.016505  -0.004564  0.009259  0.297046  0.935581  0.190922  -0.694579  0.074508  0.715548  0.655228  -0.345161  0.671967  -0.014692  0.003765  -0.015476  -0.158990  -0.087252  -0.260069  1.000000  
113.333164 0.016486  -0.004556  0.009239  0.297510  0.935517  0.190515  -0.694476  0.075128  0.715583  0.655127  -0.345201  0.672045  -0.014788  0.003821  -0.015547  -0.165136  -0.079128  -0.269224  1.000000  
113.334167 0.016472  -0.004551  0.009224  0.297973  0.935452  0.190109  -0.694372  0.075748  0.715618  0.655026  -0.345241  0.672123  -0.014937  0.003681  -0.015445  -0.174258  -0.074377  -0.278612  1.000000  
113.335173 0.016456  -0.004547  0.009209  0.298294  0.935403  0.189849  -0.694330  0.076176  0.715614  0.654925  -0.345281  0.672201  -0.015064  0.003655  -0.015394  -0.177793  -0.069052  -0.285576  1.000000  
113.336413 0.016435  -0.004542  0.009190  0.298900  0.935321  0.189296  -0.694165  0.076989  0.715687  0.654824  -0.345321  0.672279  -0.015382  0.003620  -0.015562  -0.191238  -0.057962  -0.297325  1.000000  
113.337659 0.016414  -0.004537  0.009171  0.299363  0.935255  0.188889  -0.694060  0.077609  0.715721  0.654723  -0.345361  0.672357  -0.015561  0.003696  -0.015761  -0.200174  -0.049239  -0.304484  1.000000  
113.338908 0.016393  -0.004533  0.009150  0.299935  0.935191  0.188300  -0.693814  0.078379  0.715877  0.654723  -0.345361  0.672357  -0.015639  0.003770  -0.016010  -0.218168  -0.031836  -0.318854  1.000000  
113.339911 0.016376  -0.004531  0.009133  0.300398  0.935124  0.187893  -0.693709  0.078999  0.715910  0.654622  -0.345401  0.672435  -0.015703  0.003819  -0.016189  -0.229034  -0.023313  -0.328810  1.000000  
113.341158 0.016356  -0.004527  0.009112  0.300969  0.935059  0.187304  -0.693461  0.079769  0.716065  0.654622  -0.345401  0.672435  -0.015741  0.003876  -0.016271  -0.240602  -0.008076  -0.335841  1.000000  
113.342161 0.016340  -0.004524  0.009095  0.301575  0.934974  0.186750  -0.693293  0.080581  0.716136  0.654521  -0.345441  0.672513  -0.015816  0.003959  -0.016297  -0.258607  0.001399  -0.354334  1.000000  
113.343414 0.016319  -0.004518  0.009076  0.302288  0.934913  0.185899  -0.692982  0.081631  0.716318  0.654521  -0.345360  0.672555  -0.015975  0.004115  -0.016151  -0.280707  0.018795  -0.368831  1.000000  
113.344659 0.016298  -0.004512  0.009058  0.302894  0.934827  0.185345  -0.692813  0.082443  0.716389  0.654419  -0.345400  0.672632  -0.016088  0.004229  -0.015971  -0.289594  0.027518  -0.375994  1.000000  
113.345660 0.016281  -0.004507  0.009044  0.303500  0.934741  0.184791  -0.692644  0.083255  0.716459  0.654318  -0.345440  0.672710  -0.016188  0.004258  -0.015749  -0.303002  0.038609  -0.387802  1.000000  
113.346664 0.016264  -0.004501  0.009029  0.304105  0.934653  0.184238  -0.692474  0.084067  0.716528  0.654217  -0.345480  0.672788  -0.016298  0.004311  -0.015560  -0.316431  0.049704  -0.399649  1.000000  
113.347665 0.016247  -0.004496  0.009015  0.304711  0.934565  0.183684  -0.692303  0.084879  0.716597  0.654116  -0.345520  0.672866  -0.016467  0.004217  -0.015459  -0.329830  0.060797  -0.411472  1.000000  
113.348667 0.016230  -0.004490  0.009001  0.305351  0.934480  0.183053  -0.692212  0.085820  0.716573  0.653913  -0.345518  0.673064  -0.016661  0.004208  -0.015395  -0.345496  0.070086  -0.422134  1.000000  
113.349925 0.016206  -0.004484  0.008984  0.305956  0.934412  0.182386  -0.692041  0.086719  0.716631  0.653812  -0.345476  0.673183  -0.016971  0.004256  -0.015293  -0.358681  0.078892  -0.429599  1.000000  
113.351169 0.016181  -0.004479  0.008966  0.306740  0.934307  0.181608  -0.691885  0.087852  0.716643  0.653610  -0.345474  0.673381  -0.017219  0.004249  -0.015241  -0.377970  0.087806  -0.444993  1.000000  
113.352411 0.016156  -0.004475  0.008948  0.307523  0.934178  0.180943  -0.691729  0.088898  0.716665  0.653407  -0.345554  0.673537  -0.017480  0.004250  -0.015142  -0.399497  0.097264  -0.463095  1.000000  
113.353412 0.016137  -0.004471  0.008934  0.308163  0.934089  0.180313  -0.691635  0.089839  0.716638  0.653205  -0.345552  0.673734  -0.017627  0.004248  -0.014936  -0.415905  0.098865  -0.478430  1.000000  
113.354659 0.016112  -0.004467  0.008918  0.308804  0.933999  0.179683  -0.691541  0.090779  0.716610  0.653002  -0.345550  0.673931  -0.017886  0.004332  -0.014657  -0.429386  0.102828  -0.483776  1.000000  
113.355659 0.016092  -0.004463  0.008906  0.309445  0.933908  0.179053  -0.691446  0.091720  0.716582  0.652799  -0.345548  0.674129  -0.018164  0.004386  -0.014266  -0.442340  0.103612  -0.495155  1.000000  
113.356662 0.016072  -0.004459  0.008894  0.310086  0.933816  0.178424  -0.691350  0.092660  0.716554  0.652596  -0.345546  0.674326  -0.018469  0.004444  -0.013976  -0.463762  0.106782  -0.511083  1.000000  
113.357911 0.016047  -0.004454  0.008882  0.310904  0.933685  0.177684  -0.691269  0.093835  0.716479  0.652292  -0.345584  0.674601  -0.018720  0.004412  -0.013432  -0.481229  0.105996  -0.529227  1.000000  
113.358911 0.016027  -0.004450  0.008871  0.311581  0.933550  0.177205  -0.691252  0.094730  0.716378  0.651988  -0.345703  0.674834  -0.018871  0.004399  -0.013176  -0.493979  0.106849  -0.540530  1.000000  
113.359917 0.016007  -0.004445  0.008860  0.312364  0.933435  0.176429  -0.691090  0.095862  0.716384  0.651785  -0.345701  0.675031  -0.019097  0.004329  -0.012932  -0.511476  0.110024  -0.556632  1.000000  
113.361159 0.015981  -0.004440  0.008847  0.313362  0.933261  0.175580  -0.691021  0.097271  0.716260  0.651379  -0.345778  0.675384  -0.019406  0.004221  -0.012581  -0.524451  0.102925  -0.572292  1.000000  
113.362165 0.015960  -0.004437  0.008836  0.314075  0.933125  0.175026  -0.691080  0.098294  0.716064  0.650973  -0.345855  0.675736  -0.019708  0.004112  -0.012495  -0.537070  0.095760  -0.587576  1.000000  
113.363179 0.015938  -0.004433  0.008824  0.314894  0.932987  0.174288  -0.690994  0.099468  0.715984  0.650668  -0.345892  0.676010  -0.020085  0.003928  -0.012277  -0.549648  0.090913  -0.600992  1.000000  
113.364419 0.015909  -0.004430  0.008810  0.315929  0.932809  0.173366  -0.691000  0.101005  0.715763  0.650160  -0.345926  0.676482  -0.020488  0.003791  -0.012125  -0.571290  0.082129  -0.623574  1.000000  
113.365428 0.015885  -0.004428  0.008799  0.316785  0.932649  0.172667  -0.690991  0.102220  0.715600  0.649753  -0.346002  0.676833  -0.020672  0.003652  -0.011870  -0.584519  0.070966  -0.641548  1.000000  
113.366662 0.015855  -0.004426  0.008787  0.317962  0.932424  0.171711  -0.690928  0.103861  0.715424  0.649245  -0.346118  0.677262  -0.021098  0.003447  -0.011458  -0.605694  0.066401  -0.667534  1.000000  
113.367912 0.015825  -0.004423  0.008775  0.319139  0.932218  0.170644  -0.690863  0.105588  0.715233  0.648736  -0.346151  0.677733  -0.021480  0.003350  -0.011074  -0.627623  0.055744  -0.690799  1.000000  
113.368919 0.015799  -0.004422  0.008767  0.320138  0.932030  0.169800  -0.690784  0.106995  0.715102  0.648328  -0.346227  0.678084  -0.021863  0.003183  -0.010662  -0.644836  0.046922  -0.712909  1.000000  
113.370161 0.015769  -0.004419  0.008756  0.321316  0.931797  0.168848  -0.690715  0.108634  0.714921  0.647819  -0.346341  0.678512  -0.022232  0.003078  -0.010383  -0.662409  0.038170  -0.735600  1.000000  
113.371409 0.015738  -0.004417  0.008747  0.322637  0.931560  0.167636  -0.690577  0.110552  0.714760  0.647309  -0.346374  0.678982  -0.022615  0.002923  -0.010047  -0.688406  0.027731  -0.764781  1.000000  
113.372413 0.015713  -0.004415  0.008739  0.323637  0.931364  0.166794  -0.690492  0.111957  0.714624  0.646901  -0.346449  0.679332  -0.022942  0.002728  -0.009860  -0.701265  0.020555  -0.780470  1.000000  
113.373659 0.015682  -0.004412  0.008729  0.324958  0.931100  0.165698  -0.690349  0.113788  0.714472  0.646391  -0.346563  0.679760  -0.023404  0.002518  -0.009658  -0.714668  0.011743  -0.803126  1.000000  
113.374910 0.015650  -0.004411  0.008718  0.326421  0.930808  0.164455  -0.690136  0.115809  0.714353  0.645880  -0.346677  0.680187  -0.023832  0.002302  -0.009492  -0.740822  0.007766  -0.834802  1.000000  
113.375917 0.015624  -0.004411  0.008710  0.327564  0.930580  0.163469  -0.689977  0.117404  0.714246  0.645471  -0.346751  0.680537  -0.024229  0.002028  -0.009290  -0.757918  0.002987  -0.854934  1.000000  
113.377159 0.015589  -0.004410  0.008699  0.329169  0.930276  0.161969  -0.689691  0.119703  0.714141  0.644960  -0.346782  0.681006  -0.024740  0.001774  -0.009084  -0.786939  0.001352  -0.884946  1.000000  
113.378165 0.015561  -0.004411  0.008693  0.330491  0.929997  0.160877  -0.689537  0.121531  0.713981  0.644449  -0.346895  0.681432  -0.025157  0.001525  -0.008728  -0.803812  -0.005012  -0.911186  1.000000  
113.379409 0.015524  -0.004412  0.008685  0.332239  0.929638  0.159345  -0.689175  0.123932  0.713918  0.643937  -0.347008  0.681858  -0.025686  0.001211  -0.008341  -0.836316  -0.002578  -0.947864  1.000000  
113.380419 0.015494  -0.004412  0.008679  0.333524  0.929371  0.158215  -0.688937  0.125717  0.713835  0.643528  -0.347081  0.682207  -0.026117  0.001058  -0.008009  -0.856567  -0.002607  -0.975467  1.000000  
113.381664 0.015456  -0.004413  0.008670  0.335167  0.929026  0.156759  -0.688713  0.128053  0.713636  0.642913  -0.347150  0.682752  -0.026628  0.000833  -0.007737  -0.883125  -0.006611  -1.008043  1.000000  
113.382916 0.015418  -0.004414  0.008664  0.336915  0.928650  0.155231  -0.688339  0.130452  0.713563  0.642400  -0.347262  0.683177  -0.027172  0.000593  -0.007424  -0.911260  -0.002615  -1.043052  1.000000  
113.383921 0.015387  -0.004415  0.008657  0.338341  0.928344  0.153957  -0.688022  0.132426  0.713505  0.641990  -0.347334  0.683526  -0.027580  0.000413  -0.007295  -0.933053  -0.002647  -1.072556  1.000000  
113.385169 0.015349  -0.004415  0.008650  0.340089  0.927975  0.152319  -0.687639  0.134909  0.713409  0.641477  -0.347363  0.683993  -0.028048  0.000223  -0.007037  -0.968003  0.006128  -1.109965  1.000000  
113.386415 0.015309  -0.004416  0.008643  0.342119  0.927526  0.150501  -0.687110  0.137687  0.713388  0.640964  -0.347474  0.684417  -0.028605  -0.000022  -0.006888  -1.003559  0.013345  -1.154302  1.000000  
113.387416 0.015278  -0.004416  0.008638  0.343507  0.927225  0.149189  -0.686705  0.139617  0.713403  0.640655  -0.347508  0.684689  -0.029100  -0.000134  -0.006715  -1.029462  0.025427  -1.177987  1.000000  
113.388659 0.015238  -0.004417  0.008632  0.345395  0.926808  0.147407  -0.686237  0.142288  0.713325  0.640142  -0.347535  0.685155  -0.029639  -0.000324  -0.006433  -1.064553  0.034222  -1.215771  1.000000  
113.389663 0.015206  -0.004419  0.008627  0.346923  0.926468  0.145950  -0.685754  0.144406  0.713364  0.639833  -0.347568  0.685427  -0.030125  -0.000564  -0.006148  -1.086634  0.042212  -1.241748  1.000000  
113.390910 0.015163  -0.004421  0.008623  0.349053  0.925981  0.143948  -0.685056  0.147328  0.713437  0.639422  -0.347640  0.685774  -0.030720  -0.000720  -0.005788  -1.121146  0.065738  -1.278414  1.000000  
113.391915 0.015129  -0.004424  0.008622  0.350619  0.925608  0.142534  -0.684640  0.149487  0.713387  0.639010  -0.347711  0.686121  -0.031155  -0.000913  -0.005239  -1.147737  0.075975  -1.308427  1.000000  
113.393160 0.015086  -0.004426  0.008620  0.352607  0.925154  0.140568  -0.684003  0.152302  0.713403  0.638599  -0.347699  0.686511  -0.031643  -0.001027  -0.004841  -1.177872  0.090455  -1.338316  1.000000  
113.394409 0.015043  -0.004428  0.008619  0.354593  0.924674  0.138715  -0.683360  0.155029  0.713432  0.638187  -0.347771  0.686858  -0.032068  -0.001058  -0.004308  -1.203619  0.111112  -1.369144  1.000000  
113.395436 0.015009  -0.004429  0.008618  0.356258  0.924289  0.137003  -0.682783  0.157419  0.713461  0.637877  -0.347720  0.687171  -0.032340  -0.001143  -0.003992  -1.239115  0.132055  -1.400382  1.000000  
113.396662 0.014967  -0.004431  0.008617  0.358243  0.923794  0.135152  -0.682129  0.160144  0.713480  0.637465  -0.347790  0.687517  -0.032619  -0.001199  -0.003560  -1.260979  0.150523  -1.427314  1.000000  
113.397666 0.014933  -0.004432  0.008616  0.359626  0.923463  0.133734  -0.681690  0.162152  0.713446  0.637156  -0.347739  0.687830  -0.032852  -0.001192  -0.003267  -1.277468  0.161678  -1.439602  1.000000  
113.398669 0.014899  -0.004432  0.008615  0.361048  0.923090  0.132472  -0.681324  0.164114  0.713347  0.636743  -0.347809  0.688176  -0.033067  -0.001174  -0.002876  -1.290331  0.169019  -1.454628  1.000000  
113.399922 0.014858  -0.004432  0.008615  0.363030  0.922592  0.130512  -0.680656  0.166921  0.713334  0.636331  -0.347796  0.688565  -0.033253  -0.001166  -0.002378  -1.319682  0.187415  -1.480995  1.000000  
113.401164 0.014817  -0.004432  0.008616  0.365012  0.922069  0.128665  -0.679982  0.169640  0.713335  0.635918  -0.347866  0.688911  -0.033319  -0.001052  -0.001890  -1.337172  0.203519  -1.503529  1.000000  
113.402413 0.014776  -0.004433  0.008618  0.366992  0.921554  0.126707  -0.679302  0.172444  0.713311  0.635504  -0.347852  0.689299  -0.033459  -0.001104  -0.001295  -1.360384  0.218564  -1.524781  1.000000  
113.403659 0.014735  -0.004434  0.008622  0.369291  0.920921  0.124613  -0.678539  0.175580  0.713272  0.634988  -0.347960  0.689721  -0.033589  -0.001091  -0.000675  -1.392848  0.236646  -1.560029  1.000000  
113.404663 0.014701  -0.004436  0.008625  0.370990  0.920462  0.122951  -0.677999  0.178001  0.713185  0.634574  -0.347945  0.690108  -0.033621  -0.001101  -0.000037  -1.413753  0.246266  -1.579532  1.000000  
113.405909 0.014660  -0.004437  0.008629  0.373147  0.919847  0.121007  -0.677298  0.180944  0.713110  0.634057  -0.348053  0.690530  -0.033562  -0.001034  0.000390  -1.432286  0.257172  -1.602566  1.000000  
113.407159 0.014620  -0.004438  0.008634  0.375262  0.919260  0.118907  -0.676517  0.183930  0.713088  0.633643  -0.348038  0.690917  -0.033360  -0.000944  0.000918  -1.451638  0.272077  -1.621755  1.000000  
113.408409 0.014579  -0.004440  0.008639  0.377556  0.918588  0.116818  -0.675724  0.187058  0.713026  0.633125  -0.348144  0.691338  -0.033208  -0.000888  0.001264  -1.469978  0.286862  -1.642908  1.000000  
113.409409 0.014547  -0.004441  0.008644  0.379571  0.917984  0.115025  -0.675081  0.189805  0.712910  0.632607  -0.348251  0.691758  -0.033106  -0.000874  0.001672  -1.489296  0.294134  -1.666166  1.000000  
113.410428 0.014515  -0.004441  0.008648  0.381404  0.917448  0.113223  -0.674435  0.192408  0.712823  0.632193  -0.348235  0.692145  -0.032954  -0.000773  0.001986  -1.505581  0.303580  -1.685338  1.000000  
113.411445 0.014484  -0.004441  0.008653  0.383236  0.916892  0.111534  -0.673785  0.194922  0.712754  0.631778  -0.348303  0.692489  -0.032682  -0.000649  0.002479  -1.521190  0.317164  -1.701940  1.000000  
113.412662 0.014445  -0.004439  0.008660  0.385567  0.916173  0.109387  -0.673038  0.198168  0.712565  0.631156  -0.348363  0.693027  -0.032529  -0.000520  0.002977  -1.539402  0.321356  -1.722918  1.000000  
113.413665 0.014414  -0.004438  0.008667  0.387397  0.915600  0.107700  -0.672376  0.200679  0.712487  0.630740  -0.348431  0.693371  -0.032318  -0.000396  0.003471  -1.555930  0.330692  -1.741159  1.000000  
113.414668 0.014383  -0.004437  0.008673  0.389407  0.914956  0.105915  -0.671702  0.203417  0.712347  0.630221  -0.348536  0.693790  -0.032193  -0.000335  0.003996  -1.568074  0.336303  -1.762668  1.000000  
113.415698 0.014352  -0.004436  0.008681  0.391416  0.914316  0.104020  -0.671021  0.206239  0.712177  0.629702  -0.348557  0.694251  -0.031999  -0.000178  0.004458  -1.582600  0.339217  -1.777916  1.000000  
113.416913 0.014312  -0.004434  0.008690  0.393880  0.913515  0.101734  -0.670164  0.209664  0.711984  0.629078  -0.348615  0.694787  -0.032080  -0.000127  0.004825  -1.604875  0.345711  -1.803492  1.000000  
113.418164 0.014271  -0.004434  0.008699  0.396480  0.912657  0.099305  -0.669216  0.213273  0.711804  0.628453  -0.348672  0.695323  -0.031994  -0.000031  0.005333  -1.629391  0.349466  -1.830670  1.000000  
113.419413 0.014231  -0.004433  0.008708  0.398984  0.911794  0.097183  -0.668411  0.216645  0.711541  0.627725  -0.348852  0.695891  -0.031861  0.000171  0.005621  -1.641731  0.347262  -1.857104  1.000000  
113.420658 0.014190  -0.004432  0.008717  0.401580  0.910908  0.094759  -0.667442  0.220247  0.711345  0.627100  -0.348908  0.696426  -0.031845  0.000294  0.005872  -1.652661  0.348481  -1.870347  1.000000  
113.421662 0.014157  -0.004431  0.008724  0.403857  0.910114  0.092693  -0.666558  0.223345  0.711209  0.626578  -0.349012  0.696843  -0.031885  0.000481  0.006083  -1.678712  0.354839  -1.903449  1.000000  
113.422933 0.014116  -0.004430  0.008732  0.406630  0.909132  0.090177  -0.665557  0.227168  0.710935  0.625848  -0.349105  0.697452  -0.031859  0.000644  0.006330  -1.697669  0.354573  -1.932777  1.000000  
113.424161 0.014075  -0.004428  0.008742  0.409264  0.908181  0.087811  -0.664629  0.230799  0.710634  0.625117  -0.349198  0.698061  -0.031983  0.000859  0.006595  -1.719106  0.352601  -1.960525  1.000000  
113.425195 0.014041  -0.004427  0.008750  0.411261  0.907447  0.086044  -0.663886  0.233514  0.710441  0.624595  -0.349300  0.698477  -0.032106  0.000955  0.006869  -1.722206  0.349304  -1.974344  1.000000  
113.426409 0.014000  -0.004423  0.008759  0.414028  0.906412  0.083648  -0.662854  0.237239  0.710171  0.623863  -0.349477  0.699042  -0.032325  0.001194  0.007064  -1.743449  0.349773  -2.006419  1.000000  
113.427410 0.013967  -0.004420  0.008768  0.416295  0.905571  0.081484  -0.661925  0.240407  0.709972  0.623340  -0.349494  0.699500  -0.032375  0.001317  0.007247  -1.766739  0.354047  -2.034595  1.000000  
113.428410 0.013933  -0.004416  0.008776  0.418560  0.904709  0.079432  -0.660989  0.243486  0.709795  0.622817  -0.349595  0.699916  -0.032602  0.001473  0.007419  -1.791915  0.366921  -2.071037  1.000000  
113.429659 0.013889  -0.004412  0.008787  0.421321  0.903643  0.076934  -0.659924  0.247285  0.709472  0.622084  -0.349686  0.700522  -0.032956  0.001707  0.007555  -1.816162  0.367128  -2.102122  1.000000  
113.430675 0.013853  -0.004409  0.008794  0.423627  0.902732  0.074938  -0.659040  0.250396  0.709202  0.621455  -0.349824  0.701011  -0.033309  0.001776  0.007550  -1.829243  0.364492  -2.128441  1.000000  
113.431920 0.013808  -0.004405  0.008803  0.426472  0.901610  0.072251  -0.657796  0.254333  0.708956  0.620826  -0.349876  0.701542  -0.033555  0.002023  0.007530  -1.857021  0.375476  -2.160509  1.000000  
113.433165 0.013763  -0.004401  0.008812  0.429630  0.900340  0.069327  -0.656433  0.258675  0.708649  0.620092  -0.349965  0.702147  -0.033883  0.002226  0.007566  -1.887009  0.380088  -2.201772  1.000000  
113.434167 0.013726  -0.004398  0.008820  0.431884  0.899416  0.067287  -0.655449  0.261736  0.708436  0.619567  -0.350065  0.702561  -0.034196  0.002410  0.007551  -1.902873  0.385894  -2.223790  1.000000  
113.435408 0.013680  -0.004393  0.008827  0.434630  0.898274  0.064808  -0.654327  0.265512  0.708067  0.618831  -0.350153  0.703165  -0.034530  0.002614  0.007499  -1.916063  0.387645  -2.246561  1.000000  
113.436409 0.013644  -0.004388  0.008835  0.437014  0.897280  0.062519  -0.653236  0.268836  0.707821  0.618306  -0.350167  0.703620  -0.034828  0.002914  0.007571  -1.943515  0.391771  -2.278050  1.000000  
113.437410 0.013607  -0.004382  0.008843  0.439306  0.896295  0.060540  -0.652295  0.271924  0.707509  0.617674  -0.350303  0.704107  -0.035059  0.003225  0.007643  -1.955022  0.391244  -2.297665  1.000000  
113.438662 0.013561  -0.004376  0.008853  0.442266  0.895024  0.057727  -0.650891  0.276017  0.707217  0.617043  -0.350352  0.704636  -0.035422  0.003586  0.007716  -1.974674  0.403387  -2.322985  1.000000  
113.439935 0.013515  -0.004369  0.008864  0.445269  0.893701  0.055080  -0.649540  0.280056  0.706871  0.616306  -0.350524  0.705195  -0.035693  0.003872  0.007758  -1.989532  0.405271  -2.346970  1.000000  
113.441159 0.013470  -0.004360  0.008874  0.448268  0.892366  0.052328  -0.648176  0.284175  0.706479  0.615568  -0.350610  0.705797  -0.035958  0.004222  0.007752  -2.007926  0.409654  -2.375887  1.000000  
113.442409 0.013424  -0.004352  0.008884  0.451396  0.890947  0.049544  -0.646704  0.288385  0.706121  0.614829  -0.350780  0.706355  -0.036182  0.004527  0.007716  -2.030298  0.420243  -2.406658  1.000000  
113.443410 0.013387  -0.004345  0.008890  0.453893  0.889809  0.047128  -0.645457  0.291865  0.705833  0.614302  -0.350792  0.706809  -0.036385  0.004738  0.007598  -2.050691  0.428273  -2.434297  1.000000  
113.444410 0.013351  -0.004338  0.008897  0.456254  0.888713  0.044968  -0.644294  0.295071  0.705563  0.613774  -0.350889  0.707219  -0.036527  0.005018  0.007469  -2.061491  0.435659  -2.449395  1.000000  
113.445416 0.013313  -0.004331  0.008904  0.458612  0.887605  0.042811  -0.643121  0.298274  0.705285  0.613245  -0.350985  0.707630  -0.036656  0.005280  0.007469  -2.073060  0.445422  -2.470020  1.000000  
113.446676 0.013266  -0.004322  0.008913  0.461723  0.886125  0.039934  -0.641599  0.302546  0.704852  0.612505  -0.351068  0.708229  -0.036749  0.005670  0.007436  -2.091100  0.451487  -2.495682  1.000000  
113.447921 0.013219  -0.004312  0.008922  0.464782  0.884647  0.037113  -0.639994  0.306688  0.704521  0.611870  -0.351201  0.708712  -0.036875  0.006007  0.007445  -2.102632  0.461503  -2.517051  1.000000  
113.449164 0.013173  -0.004302  0.008931  0.468014  0.883063  0.034100  -0.638344  0.311128  0.704071  0.611129  -0.351283  0.709310  -0.036924  0.006369  0.007420  -2.130566  0.476503  -2.548467  1.000000  
113.450169 0.013135  -0.004294  0.008940  0.470488  0.881833  0.031811  -0.637031  0.314491  0.703766  0.610600  -0.351378  0.709719  -0.036941  0.006699  0.007598  -2.137261  0.483809  -2.563832  1.000000  
113.451413 0.013088  -0.004283  0.008950  0.473531  0.880300  0.029002  -0.635384  0.318612  0.703401  0.609964  -0.351509  0.710201  -0.036984  0.007074  0.007665  -2.148489  0.491577  -2.580406  1.000000  
113.452417 0.013051  -0.004273  0.008958  0.476257  0.878909  0.026429  -0.633853  0.322326  0.703090  0.609433  -0.351604  0.710609  -0.037031  0.007340  0.007623  -2.163502  0.507817  -2.603649  1.000000  
113.453660 0.013005  -0.004261  0.008968  0.479419  0.877272  0.023483  -0.632079  0.326614  0.702709  0.608797  -0.351735  0.711090  -0.037058  0.007653  0.007650  -2.183858  0.520608  -2.630802  1.000000  
113.454922 0.012959  -0.004248  0.008978  0.482444  0.875683  0.020686  -0.630389  0.330713  0.702310  0.608160  -0.351865  0.711571  -0.037111  0.008020  0.007563  -2.190186  0.533621  -2.645508  1.000000  
113.455924 0.012922  -0.004239  0.008985  0.484895  0.874376  0.018518  -0.629018  0.333962  0.702001  0.607629  -0.352045  0.711935  -0.037085  0.008228  0.007531  -2.195608  0.539548  -2.658962  1.000000  
113.457161 0.012874  -0.004227  0.008993  0.488039  0.872683  0.015584  -0.627200  0.338227  0.701585  0.606991  -0.352175  0.712415  -0.037276  0.008471  0.007444  -2.207319  0.553857  -2.679452  1.000000  
113.458409 0.012827  -0.004215  0.009002  0.491125  0.870998  0.012595  -0.625303  0.342446  0.701232  0.606459  -0.352268  0.712821  -0.037337  0.008695  0.007468  -2.216864  0.566446  -2.692550  1.000000  
113.459659 0.012778  -0.004203  0.009011  0.494383  0.869191  0.009630  -0.623352  0.346788  0.700836  0.605820  -0.352484  0.713258  -0.037556  0.008943  0.007503  -2.227457  0.582952  -2.716410  1.000000  
113.460909 0.012730  -0.004191  0.009020  0.497633  0.867363  0.006564  -0.621383  0.351206  0.700384  0.605182  -0.352613  0.713736  -0.037683  0.009109  0.007535  -2.238429  0.597047  -2.736218  1.000000  
113.461913 0.012690  -0.004181  0.009029  0.500263  0.865864  0.004065  -0.619684  0.354743  0.700107  0.604755  -0.352756  0.714027  -0.037845  0.009215  0.007589  -2.249524  0.611079  -2.754773  1.000000  
113.463178 0.012640  -0.004169  0.009039  0.503320  0.864099  0.001196  -0.617725  0.358844  0.699748  0.604222  -0.352935  0.714389  -0.038016  0.009419  0.007686  -2.243634  0.621053  -2.757084  1.000000  
113.464415 0.012589  -0.004156  0.009048  0.506420  0.862285  -0.001714  -0.615814  0.363058  0.699259  0.603583  -0.353063  0.714867  -0.038282  0.009613  0.007649  -2.263175  0.637692  -2.787655  1.000000  
113.465418 0.012548  -0.004146  0.009055  0.508905  0.860813  -0.004061  -0.614181  0.366396  0.698953  0.603156  -0.353206  0.715156  -0.038522  0.009665  0.007559  -2.257316  0.646799  -2.790859  1.000000  
113.466666 0.012498  -0.004133  0.009063  0.512244  0.858810  -0.007146  -0.612031  0.370862  0.698484  0.602515  -0.353421  0.715590  -0.038768  0.009798  0.007385  -2.272131  0.663726  -2.815378  1.000000  
113.467667 0.012457  -0.004123  0.009069  0.514716  0.857309  -0.009383  -0.610375  0.374102  0.698205  0.602088  -0.353650  0.715836  -0.039001  0.009849  0.007294  -2.270640  0.673181  -2.824268  1.000000  
113.468912 0.012406  -0.004110  0.009078  0.517862  0.855375  -0.012379  -0.608237  0.378337  0.697788  0.601554  -0.353829  0.716197  -0.039402  0.009922  0.007149  -2.273245  0.689094  -2.837141  1.000000  
113.469947 0.012363  -0.004100  0.009082  0.520624  0.853657  -0.014836  -0.606405  0.381951  0.697414  0.601019  -0.354094  0.716515  -0.039722  0.009854  0.006991  -2.277057  0.702735  -2.852768  1.000000  
113.471163 0.012310  -0.004088  0.009089  0.523805  0.851653  -0.017761  -0.604297  0.386204  0.696901  0.600377  -0.354307  0.716947  -0.040182  0.009913  0.006877  -2.281554  0.715365  -2.870498  1.000000  
113.472167 0.012266  -0.004079  0.009095  0.526252  0.850094  -0.019988  -0.602594  0.389415  0.696589  0.599949  -0.354537  0.717192  -0.040603  0.009847  0.006740  -2.275753  0.722386  -2.874471  1.000000  
113.473414 0.012212  -0.004067  0.009102  0.529365  0.848086  -0.022866  -0.600396  0.393530  0.696174  0.599414  -0.354801  0.717509  -0.040975  0.009839  0.006674  -2.269888  0.731874  -2.883944  1.000000  
113.474664 0.012158  -0.004056  0.009108  0.532645  0.845945  -0.025819  -0.598133  0.397844  0.695671  0.598771  -0.355102  0.717897  -0.041391  0.009807  0.006424  -2.273086  0.746744  -2.904942  1.000000  
113.475915 0.012103  -0.004045  0.009114  0.535915  0.843785  -0.028666  -0.595851  0.402062  0.695203  0.598128  -0.355489  0.718241  -0.041753  0.009726  0.006177  -2.269939  0.754681  -2.919842  1.000000  
113.477164 0.012048  -0.004034  0.009119  0.539121  0.841632  -0.031675  -0.593492  0.406318  0.694747  0.597592  -0.355754  0.718557  -0.042193  0.009642  0.005891  -2.273225  0.773529  -2.938724  1.000000  
113.478248 0.012004  -0.004025  0.009122  0.541776  0.839828  -0.034174  -0.591503  0.409836  0.694377  0.597163  -0.355983  0.718800  -0.042226  0.009530  0.005530  -2.264779  0.780691  -2.938912  1.000000  
113.479414 0.011950  -0.004012  0.009125  0.545139  0.837522  -0.037152  -0.589058  0.414194  0.693868  0.596518  -0.356370  0.719143  -0.042607  0.009583  0.005153  -2.273027  0.793603  -2.968249  1.000000  
113.480427 0.011906  -0.004003  0.009128  0.547535  0.835856  -0.039359  -0.587268  0.417351  0.693495  0.596089  -0.356599  0.719386  -0.042817  0.009537  0.004836  -2.266393  0.800390  -2.971317  1.000000  
113.481665 0.011853  -0.003992  0.009130  0.550758  0.833598  -0.042187  -0.584903  0.421516  0.692974  0.595444  -0.356986  0.719727  -0.043011  0.009434  0.004449  -2.252392  0.803848  -2.978616  1.000000  
113.482670 0.011808  -0.003982  0.009130  0.553261  0.831822  -0.044430  -0.582976  0.424744  0.692627  0.595014  -0.357302  0.719926  -0.043262  0.009336  0.003994  -2.246105  0.811124  -2.982059  1.000000  
113.483915 0.011754  -0.003971  0.009132  0.556585  0.829438  -0.047393  -0.580465  0.429059  0.692076  0.594369  -0.357689  0.720267  -0.043438  0.009191  0.003654  -2.248284  0.826179  -3.002117  1.000000  
113.484943 0.011711  -0.003963  0.009132  0.559127  0.827599  -0.049564  -0.578569  0.432304  0.691644  0.593830  -0.358040  0.720536  -0.043491  0.009170  0.003311  -2.240709  0.827191  -3.012744  1.000000  
