1-Time 2-Px 3-Py 4-Pz 5-R11 6-R21 7-R31 8-R12 9-R22 10-R32 11-R13 12-R23 13-R33 14-Vx 15-Vy 16-Vz 17-Wx 18-Wy 19-Wz 20-state
82.349633 0.007763  0.001661  0.017798  0.585559  0.751117  0.304868  -0.769053  0.633640  -0.084008  -0.256276  -0.185268  0.948682  0.001774  0.001647  0.007452  0.000000  0.000000  0.000000  1.000000  
82.350866 0.007764  0.001663  0.017806  0.585559  0.751117  0.304868  -0.769053  0.633640  -0.084008  -0.256276  -0.185268  0.948682  0.001567  0.001301  0.007755  0.000000  0.000000  0.000000  1.000000  
82.351868 0.007764  0.001661  0.017804  0.585559  0.751117  0.304868  -0.769053  0.633640  -0.084008  -0.256276  -0.185268  0.948682  0.000387  0.000087  0.002776  0.000000  0.000000  0.000000  1.000000  
82.353111 0.007761  0.001659  0.017796  0.585559  0.751117  0.304868  -0.769053  0.633640  -0.084008  -0.256276  -0.185268  0.948682  -0.000539  -0.000641  -0.000673  0.000000  0.000000  0.000000  1.000000  
82.354115 0.007761  0.001659  0.017793  0.585559  0.751117  0.304868  -0.769053  0.633640  -0.084008  -0.256276  -0.185268  0.948682  -0.000534  -0.000591  -0.001120  0.000000  0.000000  0.000000  1.000000  
82.355121 0.007762  0.001658  0.017794  0.585559  0.751117  0.304868  -0.769053  0.633640  -0.084008  -0.256276  -0.185268  0.948682  -0.000163  -0.000565  -0.000812  0.000000  0.000000  0.000000  1.000000  
82.356122 0.007762  0.001658  0.017795  0.585400  0.751247  0.304850  -0.769174  0.633485  -0.084071  -0.256276  -0.185268  0.948682  -0.000070  -0.000543  -0.000556  0.000000  0.000000  0.000000  1.000000  
82.357366 0.007759  0.001658  0.017794  0.585400  0.751284  0.304759  -0.769174  0.633475  -0.084148  -0.256276  -0.185153  0.948705  -0.000470  -0.000422  -0.000542  0.000000  0.000000  0.000000  1.000000  
82.358615 0.007754  0.001659  0.017793  0.585400  0.751284  0.304759  -0.769174  0.633475  -0.084148  -0.256276  -0.185153  0.948705  -0.000999  -0.000201  -0.000599  0.000000  0.000000  0.000000  1.000000  
82.359626 0.007752  0.001661  0.017793  0.585400  0.751284  0.304759  -0.769174  0.633475  -0.084148  -0.256276  -0.185153  0.948705  -0.001145  -0.000029  -0.000526  0.000000  0.000000  0.000000  1.000000  
82.360864 0.007752  0.001662  0.017792  0.585421  0.751336  0.304591  -0.769201  0.633445  -0.084124  -0.256147  -0.185044  0.948761  -0.001030  0.000076  -0.000574  0.000000  0.000000  0.000000  1.000000  
82.362111 0.007751  0.001662  0.017788  0.585421  0.751373  0.304500  -0.769201  0.633435  -0.084201  -0.256147  -0.184929  0.948783  -0.001002  0.000068  -0.000791  0.000000  0.000000  0.000000  1.000000  
82.363111 0.007748  0.001662  0.017783  0.585442  0.751425  0.304332  -0.769229  0.633405  -0.084176  -0.256018  -0.184821  0.948839  -0.001134  0.000054  -0.001105  0.000000  0.000000  0.000000  1.000000  
82.364111 0.007745  0.001662  0.017774  0.585600  0.751332  0.304258  -0.769108  0.633549  -0.084191  -0.256018  -0.184705  0.948862  -0.001274  0.000070  -0.001688  0.000000  0.000000  0.000000  1.000000  
82.365111 0.007740  0.001661  0.017762  0.585600  0.751368  0.304167  -0.769108  0.633539  -0.084267  -0.256018  -0.184590  0.948884  -0.001552  -0.000036  -0.002574  0.000000  0.000000  0.000000  1.000000  
82.366383 0.007735  0.001657  0.017745  0.585621  0.751420  0.303999  -0.769135  0.633509  -0.084243  -0.255888  -0.184482  0.948940  -0.001969  -0.000353  -0.004036  0.000000  0.000000  0.000000  1.000000  
82.367611 0.007730  0.001653  0.017731  0.585621  0.751494  0.303817  -0.769135  0.633489  -0.084397  -0.255888  -0.184252  0.948985  -0.002117  -0.000468  -0.004493  0.000000  0.000000  0.000000  1.000000  
82.368861 0.007724  0.001650  0.017723  0.585621  0.751531  0.303726  -0.769135  0.633479  -0.084474  -0.255888  -0.184137  0.949007  -0.002412  -0.000574  -0.004701  0.000000  0.000000  0.000000  1.000000  
82.370112 0.007718  0.001648  0.017718  0.585759  0.751422  0.303729  -0.768987  0.633643  -0.084589  -0.256018  -0.184015  0.948996  -0.002931  -0.000694  -0.005073  0.000000  0.000000  0.000000  1.000000  
82.371121 0.007713  0.001646  0.017712  0.585759  0.751459  0.303638  -0.768987  0.633632  -0.084666  -0.256018  -0.183900  0.949018  -0.003297  -0.000771  -0.005505  0.000000  0.000000  0.000000  1.000000  
82.372367 0.007708  0.001644  0.017701  0.585759  0.751496  0.303547  -0.768987  0.633622  -0.084743  -0.256018  -0.183785  0.949041  -0.003378  -0.000952  -0.006311  0.000000  0.000000  0.000000  1.000000  
82.373615 0.007705  0.001642  0.017685  0.585738  0.751481  0.303624  -0.768960  0.633642  -0.084844  -0.256147  -0.183778  0.949007  -0.003277  -0.001171  -0.007191  0.000000  0.000000  0.000000  1.000000  
82.374616 0.007704  0.001640  0.017669  0.585896  0.751387  0.303550  -0.768840  0.633786  -0.084858  -0.256147  -0.183663  0.949029  -0.003196  -0.001382  -0.008255  0.000000  0.000000  0.000000  1.000000  
82.375869 0.007702  0.001636  0.017649  0.585875  0.751373  0.303627  -0.768812  0.633806  -0.084959  -0.256276  -0.183657  0.948996  -0.003375  -0.001792  -0.009660  0.000000  0.000000  0.000000  1.000000  
82.377112 0.007700  0.001631  0.017629  0.585875  0.751373  0.303627  -0.768812  0.633806  -0.084959  -0.256276  -0.183657  0.948996  -0.003424  -0.002135  -0.010745  0.000000  0.000000  0.000000  1.000000  
82.378362 0.007696  0.001626  0.017611  0.585855  0.751395  0.303613  -0.768785  0.633815  -0.085137  -0.256406  -0.183535  0.948984  -0.003417  -0.002367  -0.011359  0.000000  0.000000  0.000000  1.000000  
82.379611 0.007690  0.001621  0.017595  0.585855  0.751395  0.303613  -0.768785  0.633815  -0.085137  -0.256406  -0.183535  0.948984  -0.003462  -0.002704  -0.011583  0.000000  0.000000  0.000000  1.000000  
82.380611 0.007685  0.001617  0.017584  0.585992  0.751249  0.303707  -0.768637  0.633989  -0.085176  -0.256535  -0.183528  0.948951  -0.003525  -0.002878  -0.011328  0.000000  0.000000  0.000000  1.000000  
82.381861 0.007680  0.001612  0.017576  0.585992  0.751286  0.303616  -0.768637  0.633979  -0.085252  -0.256535  -0.183413  0.948973  -0.003552  -0.002870  -0.010844  0.000000  0.000000  0.000000  1.000000  
82.382863 0.007676  0.001609  0.017573  0.585992  0.751286  0.303616  -0.768637  0.633979  -0.085252  -0.256535  -0.183413  0.948973  -0.003521  -0.002839  -0.010430  0.000000  0.000000  0.000000  1.000000  
82.383870 0.007672  0.001607  0.017569  0.585971  0.751308  0.303602  -0.768610  0.633988  -0.085430  -0.256664  -0.183292  0.948961  -0.003466  -0.002865  -0.010340  0.000000  0.000000  0.000000  1.000000  
82.385111 0.007665  0.001605  0.017561  0.586109  0.751163  0.303696  -0.768462  0.634162  -0.085469  -0.256794  -0.183285  0.948928  -0.003520  -0.002837  -0.010426  0.000000  0.000000  0.000000  1.000000  
82.386114 0.007662  0.001603  0.017551  0.586088  0.751184  0.303682  -0.768435  0.634171  -0.085647  -0.256923  -0.183164  0.948916  -0.003434  -0.002862  -0.010742  0.000000  0.000000  0.000000  1.000000  
82.387376 0.007659  0.001602  0.017534  0.586225  0.751039  0.303777  -0.768287  0.634345  -0.085685  -0.257052  -0.183157  0.948882  -0.003261  -0.002811  -0.011131  0.000000  0.000000  0.000000  1.000000  
82.388618 0.007659  0.001601  0.017517  0.586225  0.751039  0.303777  -0.768287  0.634345  -0.085685  -0.257052  -0.183157  0.948882  -0.003083  -0.002730  -0.011123  0.000000  0.000000  0.000000  1.000000  
82.389868 0.007656  0.001599  0.017500  0.586204  0.751024  0.303854  -0.768259  0.634365  -0.085786  -0.257182  -0.183150  0.948849  -0.003182  -0.002696  -0.010909  0.000000  0.000000  0.000000  1.000000  
82.391115 0.007651  0.001595  0.017486  0.586321  0.750864  0.304026  -0.768084  0.634558  -0.085925  -0.257440  -0.183137  0.948781  -0.003399  -0.002676  -0.010457  0.000000  0.000000  0.000000  1.000000  
82.392153 0.007646  0.001590  0.017477  0.586300  0.750849  0.304103  -0.768056  0.634578  -0.086026  -0.257570  -0.183131  0.948747  -0.003610  -0.002704  -0.010089  0.000000  0.000000  0.000000  1.000000  
82.393365 0.007640  0.001586  0.017465  0.586437  0.750667  0.304289  -0.767908  0.634762  -0.085987  -0.257699  -0.183239  0.948691  -0.003721  -0.002674  -0.009651  0.000000  0.000000  0.000000  1.000000  
82.394611 0.007634  0.001582  0.017454  0.586416  0.750652  0.304366  -0.767881  0.634782  -0.086088  -0.257828  -0.183233  0.948657  -0.003784  -0.002634  -0.009355  0.000000  0.000000  0.000000  1.000000  
82.395612 0.007629  0.001578  0.017444  0.586374  0.750622  0.304520  -0.767826  0.634821  -0.086290  -0.258087  -0.183220  0.948589  -0.003777  -0.002556  -0.009394  0.000000  0.000000  0.000000  1.000000  
82.396864 0.007622  0.001573  0.017428  0.586490  0.750424  0.304783  -0.767650  0.635025  -0.086352  -0.258345  -0.183322  0.948499  -0.003912  -0.002612  -0.009970  0.000000  0.000000  0.000000  1.000000  
82.398111 0.007616  0.001569  0.017410  0.586448  0.750395  0.304937  -0.767595  0.635064  -0.086554  -0.258604  -0.183309  0.948431  -0.003967  -0.002685  -0.010965  0.000000  0.000000  0.000000  1.000000  
82.399112 0.007612  0.001567  0.017394  0.586564  0.750234  0.305109  -0.767420  0.635257  -0.086693  -0.258862  -0.183295  0.948363  -0.003845  -0.002675  -0.011704  0.000000  0.000000  0.000000  1.000000  
82.400114 0.007609  0.001566  0.017377  0.586522  0.750204  0.305263  -0.767365  0.635296  -0.086894  -0.259121  -0.183282  0.948295  -0.003698  -0.002560  -0.012347  0.000000  0.000000  0.000000  1.000000  
82.401361 0.007606  0.001566  0.017355  0.586638  0.750044  0.305435  -0.767189  0.635489  -0.087033  -0.259379  -0.183269  0.948227  -0.003633  -0.002458  -0.012860  0.000000  0.000000  0.000000  1.000000  
82.402361 0.007602  0.001565  0.017339  0.586754  0.749883  0.305607  -0.767013  0.635683  -0.087172  -0.259637  -0.183256  0.948159  -0.003803  -0.002484  -0.013004  0.000000  0.000000  0.000000  1.000000  
82.403363 0.007597  0.001563  0.017325  0.586869  0.749760  0.305688  -0.766837  0.635865  -0.087387  -0.259896  -0.183128  0.948113  -0.004090  -0.002575  -0.013010  0.000000  0.000000  0.000000  1.000000  
82.404379 0.007591  0.001560  0.017315  0.586806  0.749715  0.305919  -0.766754  0.635924  -0.087690  -0.260283  -0.183108  0.948011  -0.004443  -0.002729  -0.012771  0.000000  0.000000  0.000000  1.000000  
82.405620 0.007582  0.001555  0.017303  0.586921  0.749554  0.306091  -0.766578  0.636117  -0.087828  -0.260542  -0.183095  0.947942  -0.004825  -0.002788  -0.012579  0.000000  0.000000  0.000000  1.000000  
82.406871 0.007572  0.001550  0.017289  0.587015  0.749416  0.306250  -0.766374  0.636319  -0.088144  -0.260929  -0.182960  0.947862  -0.005010  -0.002751  -0.012725  0.000000  0.000000  0.000000  1.000000  
82.407877 0.007566  0.001547  0.017275  0.587109  0.749240  0.306500  -0.766170  0.636532  -0.088383  -0.261317  -0.182940  0.947759  -0.005029  -0.002654  -0.012972  0.000000  0.000000  0.000000  1.000000  
82.409121 0.007558  0.001543  0.017253  0.587182  0.749049  0.306826  -0.765938  0.636764  -0.088723  -0.261833  -0.182914  0.947621  -0.005186  -0.002678  -0.013850  0.000000  0.000000  0.000000  1.000000  
82.410124 0.007552  0.001539  0.017232  0.587276  0.748911  0.306985  -0.765733  0.636965  -0.089038  -0.262221  -0.182779  0.947540  -0.005283  -0.002706  -0.014499  0.000000  0.000000  0.000000  1.000000  
82.411372 0.007545  0.001534  0.017206  0.587348  0.748757  0.307221  -0.765501  0.637186  -0.089455  -0.262737  -0.182637  0.947424  -0.005371  -0.002746  -0.015300  0.010638  -0.192891  -0.139285  1.000000  
82.412619 0.007536  0.001529  0.017177  0.587420  0.748604  0.307458  -0.765268  0.637407  -0.089871  -0.263254  -0.182496  0.947308  -0.005481  -0.002767  -0.016058  0.008388  -0.209333  -0.149261  1.000000  
82.413869 0.007529  0.001527  0.017149  0.587334  0.748582  0.307676  -0.765157  0.637473  -0.090351  -0.263770  -0.182354  0.947192  -0.005639  -0.002734  -0.016567  0.008356  -0.220795  -0.150550  1.000000  
82.414871 0.007523  0.001525  0.017128  0.587427  0.748406  0.307926  -0.764952  0.637686  -0.090589  -0.264157  -0.182334  0.947088  -0.005816  -0.002814  -0.016821  0.008452  -0.231401  -0.153455  1.000000  
82.415877 0.007518  0.001522  0.017109  0.587520  0.748267  0.308085  -0.764746  0.637887  -0.090904  -0.264544  -0.182199  0.947006  -0.006017  -0.002995  -0.016912  0.010283  -0.238957  -0.161659  1.000000  
82.417117 0.007509  0.001517  0.017087  0.587569  0.748137  0.308309  -0.764485  0.638115  -0.091498  -0.265189  -0.181936  0.946876  -0.006320  -0.003215  -0.017078  0.002179  -0.256832  -0.165144  1.000000  
82.418119 0.007500  0.001513  0.017071  0.587504  0.748130  0.308449  -0.764401  0.638162  -0.091877  -0.265576  -0.181801  0.946793  -0.006600  -0.003386  -0.017258  -0.001876  -0.270022  -0.167628  1.000000  
82.419368 0.007488  0.001506  0.017050  0.587575  0.748014  0.308596  -0.764167  0.638371  -0.092370  -0.266092  -0.181545  0.946698  -0.006879  -0.003586  -0.017685  -0.008117  -0.279787  -0.175287  1.000000  
82.420375 0.007480  0.001502  0.017030  0.587488  0.747992  0.308814  -0.764054  0.638436  -0.092849  -0.266608  -0.181403  0.946580  -0.006899  -0.003600  -0.018509  -0.012215  -0.295194  -0.179153  1.000000  
82.421378 0.007472  0.001497  0.017009  0.587580  0.747891  0.308883  -0.763848  0.638625  -0.093241  -0.266995  -0.181153  0.946519  -0.006973  -0.003713  -0.019221  -0.020333  -0.304029  -0.180795  1.000000  
82.422621 0.007463  0.001492  0.016978  0.587493  0.747907  0.309010  -0.763735  0.638680  -0.093798  -0.267511  -0.180897  0.946422  -0.006983  -0.003778  -0.020111  -0.032554  -0.317617  -0.183501  1.000000  
82.423875 0.007454  0.001487  0.016948  0.587562  0.747829  0.309067  -0.763500  0.638876  -0.094368  -0.268026  -0.180525  0.946347  -0.007069  -0.003811  -0.020649  -0.044696  -0.326134  -0.184924  1.000000  
82.425120 0.007445  0.001482  0.016919  0.587610  0.747699  0.309291  -0.763237  0.639103  -0.094961  -0.268671  -0.180262  0.946214  -0.007156  -0.003799  -0.020864  -0.050985  -0.342611  -0.194841  1.000000  
82.426123 0.007437  0.001478  0.016897  0.587522  0.747753  0.309328  -0.763123  0.639144  -0.095595  -0.269186  -0.179891  0.946139  -0.007282  -0.003791  -0.020942  -0.067232  -0.351438  -0.196461  1.000000  
82.427370 0.007429  0.001473  0.016872  0.587569  0.747660  0.309461  -0.762859  0.639359  -0.096265  -0.269830  -0.179513  0.946027  -0.007285  -0.003785  -0.020692  -0.079405  -0.364750  -0.198933  1.000000  
82.428619 0.007421  0.001469  0.016849  0.587616  0.747606  0.309505  -0.762595  0.639561  -0.097013  -0.270474  -0.179020  0.945936  -0.007344  -0.003921  -0.020364  -0.095657  -0.378079  -0.201378  1.000000  
82.429868 0.007414  0.001465  0.016825  0.587663  0.747551  0.309548  -0.762330  0.639762  -0.097761  -0.271118  -0.178528  0.945845  -0.007305  -0.003965  -0.020248  -0.109181  -0.386982  -0.208657  1.000000  
82.431117 0.007406  0.001460  0.016798  0.587686  0.747482  0.309670  -0.762037  0.639982  -0.098609  -0.271891  -0.178029  0.945717  -0.007386  -0.004147  -0.020593  -0.126296  -0.403443  -0.212770  1.000000  
82.432203 0.007399  0.001454  0.016775  0.587575  0.747522  0.309784  -0.761893  0.640040  -0.099343  -0.272535  -0.177651  0.945603  -0.007246  -0.004206  -0.020816  -0.139901  -0.416785  -0.208055  1.000000  
82.433366 0.007392  0.001446  0.016743  0.587576  0.747477  0.309892  -0.761569  0.640265  -0.100368  -0.273436  -0.177030  0.945459  -0.007087  -0.004340  -0.021650  -0.156519  -0.435721  -0.211833  1.000000  
82.434367 0.007387  0.001440  0.016717  0.587621  0.747386  0.310027  -0.761303  0.640475  -0.101038  -0.274079  -0.176653  0.945344  -0.006731  -0.004403  -0.022189  -0.165557  -0.444327  -0.219107  1.000000  
82.435367 0.007383  0.001434  0.016690  0.587643  0.747318  0.310149  -0.761008  0.640692  -0.101886  -0.274851  -0.176153  0.945213  -0.006476  -0.004535  -0.022665  -0.181611  -0.461781  -0.222241  1.000000  
82.436370 0.007378  0.001428  0.016664  0.587821  0.747118  0.310293  -0.760591  0.641062  -0.102670  -0.275623  -0.175654  0.945081  -0.006211  -0.004608  -0.023013  -0.193392  -0.477650  -0.232959  1.000000  
82.437382 0.007374  0.001422  0.016638  0.587842  0.747050  0.310415  -0.760295  0.641277  -0.103517  -0.276395  -0.175156  0.944948  -0.006055  -0.004740  -0.023078  -0.209530  -0.495164  -0.236061  1.000000  
82.438617 0.007368  0.001416  0.016609  0.587996  0.746912  0.310456  -0.759847  0.641638  -0.104556  -0.277295  -0.174421  0.944820  -0.005890  -0.004796  -0.023018  -0.230216  -0.507703  -0.243823  1.000000  
82.439618 0.007363  0.001411  0.016589  0.587993  0.746868  0.310566  -0.759521  0.641857  -0.105581  -0.278194  -0.173801  0.944670  -0.005685  -0.004863  -0.022724  -0.248372  -0.525368  -0.248175  1.000000  
82.440869 0.007359  0.001406  0.016565  0.588123  0.746716  0.310686  -0.759043  0.642234  -0.106720  -0.279222  -0.173059  0.944503  -0.005374  -0.004871  -0.022474  -0.268609  -0.541807  -0.256515  1.000000  
82.441869 0.007354  0.001401  0.016546  0.588275  0.746579  0.310728  -0.758593  0.642592  -0.107758  -0.280122  -0.172325  0.944371  -0.005189  -0.004932  -0.022414  -0.284965  -0.552593  -0.271684  1.000000  
82.442880 0.007351  0.001396  0.016525  0.588427  0.746404  0.310862  -0.758144  0.642961  -0.108719  -0.281021  -0.171705  0.944217  -0.004960  -0.004997  -0.022573  -0.301503  -0.569080  -0.282611  1.000000  
82.444121 0.007345  0.001390  0.016497  0.588531  0.746314  0.310880  -0.757633  0.643325  -0.110113  -0.282176  -0.170728  0.944049  -0.004844  -0.005182  -0.022890  -0.328103  -0.594721  -0.293844  1.000000  
82.445366 0.007341  0.001383  0.016466  0.588766  0.746079  0.311000  -0.756971  0.643858  -0.111543  -0.283459  -0.169745  0.943842  -0.004699  -0.005352  -0.023207  -0.349805  -0.613937  -0.308956  1.000000  
82.446366 0.007337  0.001377  0.016440  0.588735  0.746061  0.311100  -0.756610  0.644073  -0.112745  -0.284486  -0.169005  0.943666  -0.004449  -0.005450  -0.023454  -0.372971  -0.636919  -0.314528  1.000000  
82.447367 0.007334  0.001369  0.016414  0.589038  0.745793  0.311170  -0.756036  0.644576  -0.113719  -0.285383  -0.168271  0.943526  -0.004229  -0.005540  -0.023585  -0.387516  -0.651124  -0.337128  1.000000  
82.448617 0.007329  0.001360  0.016382  0.589114  0.745691  0.311270  -0.755491  0.644949  -0.115212  -0.286666  -0.167288  0.943312  -0.004088  -0.005617  -0.023549  -0.408101  -0.671304  -0.353976  1.000000  
82.449617 0.007325  0.001353  0.016357  0.589368  0.745434  0.311407  -0.754855  0.645469  -0.116463  -0.287819  -0.166427  0.943113  -0.004093  -0.005687  -0.023596  -0.428448  -0.695455  -0.371481  1.000000  
82.450619 0.007320  0.001346  0.016333  0.589465  0.745347  0.311431  -0.754338  0.645820  -0.117856  -0.288972  -0.165452  0.942932  -0.004110  -0.005722  -0.023294  -0.449269  -0.713960  -0.385835  1.000000  
82.451869 0.007316  0.001339  0.016305  0.589537  0.745247  0.311533  -0.753790  0.646186  -0.119349  -0.290253  -0.164470  0.942710  -0.004019  -0.005749  -0.023011  -0.471063  -0.740869  -0.398952  1.000000  
82.452870 0.007312  0.001332  0.016283  0.589631  0.745162  0.311559  -0.753272  0.646532  -0.120742  -0.291405  -0.163496  0.942524  -0.003972  -0.005837  -0.022920  -0.493408  -0.764576  -0.407319  1.000000  
82.454119 0.007307  0.001325  0.016255  0.589783  0.744928  0.311832  -0.752507  0.647082  -0.122546  -0.293068  -0.162380  0.942201  -0.003913  -0.005984  -0.022943  -0.511676  -0.803009  -0.435980  1.000000  
82.455121 0.007303  0.001318  0.016232  0.589850  0.744868  0.311847  -0.751955  0.647425  -0.124116  -0.294347  -0.161285  0.941991  -0.003928  -0.006161  -0.023204  -0.537929  -0.828585  -0.446648  1.000000  
82.456123 0.007298  0.001311  0.016207  0.590070  0.744638  0.311979  -0.751280  0.647933  -0.125543  -0.295626  -0.160305  0.941758  -0.003933  -0.006282  -0.023592  -0.554109  -0.853074  -0.463851  1.000000  
82.457367 0.007293  0.001303  0.016174  0.590216  0.744520  0.311986  -0.750511  0.648426  -0.127581  -0.297287  -0.158848  0.941482  -0.003978  -0.006434  -0.024172  -0.583907  -0.882666  -0.485826  1.000000  
82.458618 0.007288  0.001294  0.016140  0.590358  0.744366  0.312085  -0.749738  0.648931  -0.129541  -0.298947  -0.157506  0.941181  -0.004014  -0.006603  -0.024594  -0.607878  -0.915901  -0.504103  1.000000  
82.459620 0.007283  0.001287  0.016113  0.590394  0.744334  0.312092  -0.749149  0.649261  -0.131288  -0.300351  -0.156292  0.940937  -0.004019  -0.006710  -0.024776  -0.635029  -0.949347  -0.518631  1.000000  
82.460861 0.007276  0.001277  0.016083  0.590532  0.744220  0.312104  -0.748373  0.649740  -0.133325  -0.302010  -0.154837  0.940646  -0.004219  -0.006842  -0.024720  -0.659995  -0.973924  -0.539116  1.000000  
82.461861 0.007270  0.001269  0.016059  0.590564  0.744190  0.312114  -0.747780  0.650062  -0.135072  -0.303413  -0.153624  0.940394  -0.004360  -0.006955  -0.024577  -0.686090  -0.999822  -0.549465  1.000000  
82.463111 0.007263  0.001260  0.016032  0.590672  0.744103  0.312117  -0.746968  0.650531  -0.137286  -0.305197  -0.152050  0.940072  -0.004553  -0.006954  -0.024176  -0.713794  -1.033086  -0.567169  1.000000  
82.464111 0.007257  0.001253  0.016011  0.590700  0.744113  0.312039  -0.746372  0.650828  -0.139111  -0.306598  -0.150725  0.939830  -0.004645  -0.006982  -0.024029  -0.743736  -1.058833  -0.577221  1.000000  
82.465112 0.007252  0.001247  0.015990  0.590727  0.744125  0.311963  -0.745774  0.651121  -0.140935  -0.307999  -0.149400  0.939583  -0.004720  -0.006912  -0.023698  -0.769524  -1.080142  -0.586339  1.000000  
82.466197 0.007247  0.001241  0.015967  0.590905  0.744002  0.311916  -0.745053  0.651563  -0.142695  -0.309399  -0.148075  0.939333  -0.004771  -0.006794  -0.023548  -0.795798  -1.099065  -0.597271  1.000000  
82.467361 0.007241  0.001233  0.015937  0.590876  0.744104  0.311728  -0.744387  0.651826  -0.144953  -0.311052  -0.146397  0.939050  -0.004893  -0.006861  -0.023809  -0.829712  -1.123896  -0.604641  1.000000  
82.468361 0.007236  0.001226  0.015910  0.591024  0.743972  0.311762  -0.743630  0.652274  -0.146811  -0.312578  -0.145067  0.938750  -0.004941  -0.006878  -0.024089  -0.848916  -1.148007  -0.620438  1.000000  
82.469361 0.007232  0.001219  0.015883  0.591017  0.744013  0.311678  -0.742993  0.652546  -0.148812  -0.314103  -0.143624  0.938462  -0.004969  -0.006911  -0.024408  -0.876787  -1.175172  -0.623606  1.000000  
82.470364 0.007227  0.001212  0.015855  0.590982  0.744043  0.311673  -0.742321  0.652829  -0.150911  -0.315753  -0.142176  0.938129  -0.004958  -0.006916  -0.024791  -0.902412  -1.205425  -0.633785  1.000000  
82.471365 0.007222  0.001205  0.015827  0.591097  0.743940  0.311701  -0.741525  0.653260  -0.152945  -0.317403  -0.140729  0.937790  -0.005043  -0.006889  -0.024965  -0.928045  -1.231376  -0.643194  1.000000  
82.472370 0.007216  0.001198  0.015799  0.591084  0.744060  0.311439  -0.740882  0.653480  -0.155103  -0.318925  -0.139061  0.937523  -0.005188  -0.007005  -0.025008  -0.965752  -1.256854  -0.642453  1.000000  
82.473617 0.007209  0.001190  0.015766  0.591140  0.744050  0.311356  -0.740016  0.653872  -0.157570  -0.320827  -0.137262  0.937139  -0.005244  -0.006939  -0.024926  -0.991517  -1.281549  -0.647631  1.000000  
82.474619 0.007202  0.001183  0.015742  0.591275  0.744000  0.311220  -0.739247  0.654253  -0.159585  -0.322347  -0.135710  0.936843  -0.005388  -0.006920  -0.024741  -1.014996  -1.297727  -0.661698  1.000000  
82.475861 0.007194  0.001174  0.015715  0.591450  0.743923  0.311071  -0.738220  0.654759  -0.162243  -0.324373  -0.133680  0.936436  -0.005479  -0.006840  -0.024494  -1.048655  -1.324332  -0.670291  1.000000  
82.476863 0.007186  0.001167  0.015692  0.591580  0.743913  0.310849  -0.737447  0.655107  -0.164336  -0.325891  -0.132017  0.936144  -0.005596  -0.006785  -0.024477  -1.076205  -1.345109  -0.684920  1.000000  
82.478111 0.007179  0.001160  0.015664  0.591597  0.744011  0.310582  -0.736536  0.655423  -0.167138  -0.327915  -0.129876  0.935737  -0.005573  -0.006678  -0.024635  -1.115944  -1.372819  -0.686803  1.000000  
82.479362 0.007173  0.001153  0.015632  0.591789  0.743987  0.310272  -0.735534  0.655870  -0.169777  -0.329810  -0.127744  0.935365  -0.005568  -0.006552  -0.024996  -1.149228  -1.390392  -0.693403  1.000000  
82.480611 0.007166  0.001147  0.015601  0.591978  0.743964  0.309966  -0.734530  0.656307  -0.172416  -0.331704  -0.125613  0.934983  -0.005513  -0.006425  -0.025256  -1.182837  -1.408414  -0.700148  1.000000  
82.481873 0.007160  0.001142  0.015569  0.592136  0.744008  0.309561  -0.733488  0.656705  -0.175311  -0.333723  -0.123251  0.934579  -0.005480  -0.006238  -0.025341  -1.229842  -1.437623  -0.712009  1.000000  
82.483110 0.007155  0.001137  0.015537  0.592289  0.744053  0.309158  -0.732443  0.657092  -0.178206  -0.335740  -0.120892  0.934165  -0.005481  -0.006048  -0.025345  -1.263511  -1.456425  -0.721257  1.000000  
82.484112 0.007150  0.001133  0.015513  0.592373  0.744153  0.308757  -0.731622  0.657344  -0.180633  -0.337378  -0.118891  0.933831  -0.005545  -0.005856  -0.025167  -1.301078  -1.465488  -0.726699  1.000000  
82.485360 0.007143  0.001127  0.015484  0.592519  0.744239  0.308269  -0.730571  0.657689  -0.183607  -0.339392  -0.116422  0.933412  -0.005630  -0.005644  -0.024698  -1.338455  -1.483721  -0.732633  1.000000  
82.486362 0.007137  0.001123  0.015463  0.592597  0.744341  0.307872  -0.729746  0.657923  -0.186033  -0.341028  -0.114425  0.933063  -0.005666  -0.005480  -0.024217  -1.371621  -1.492522  -0.737727  1.000000  
82.487375 0.007130  0.001118  0.015442  0.592822  0.744310  0.307514  -0.728796  0.658303  -0.188396  -0.342663  -0.112430  0.932707  -0.005741  -0.005260  -0.023701  -1.399746  -1.504762  -0.747113  1.000000  
82.488613 0.007122  0.001113  0.015416  0.592957  0.744400  0.307035  -0.727738  0.658617  -0.191368  -0.344673  -0.109968  0.932259  -0.005813  -0.005140  -0.023341  -1.434179  -1.519958  -0.748460  1.000000  
82.489615 0.007115  0.001108  0.015396  0.593177  0.744370  0.306683  -0.726783  0.658980  -0.193731  -0.346305  -0.107976  0.931887  -0.005847  -0.004977  -0.023107  -1.457200  -1.528256  -0.759801  1.000000  
82.490864 0.007107  0.001104  0.015368  0.593275  0.744455  0.306288  -0.725683  0.659283  -0.196798  -0.348438  -0.105513  0.931374  -0.005780  -0.004646  -0.023141  -1.494058  -1.545851  -0.769367  1.000000  
82.492120 0.007099  0.001100  0.015338  0.593577  0.744497  0.305599  -0.724530  0.659658  -0.199770  -0.350319  -0.102837  0.930968  -0.005737  -0.004355  -0.023265  -1.528979  -1.550028  -0.779074  1.000000  
82.493361 0.007091  0.001096  0.015307  0.593845  0.744568  0.304902  -0.723337  0.660006  -0.202917  -0.352323  -0.100046  0.930516  -0.005756  -0.004143  -0.023314  -1.564539  -1.563968  -0.790106  1.000000  
82.494361 0.007086  0.001094  0.015284  0.594169  0.744437  0.304594  -0.722214  0.660470  -0.205391  -0.354076  -0.097945  0.930074  -0.005786  -0.003945  -0.023235  -1.585240  -1.576210  -0.808223  1.000000  
82.495611 0.007078  0.001091  0.015257  0.594398  0.744540  0.303894  -0.720979  0.660778  -0.208714  -0.356202  -0.095042  0.929563  -0.005888  -0.003714  -0.022961  -1.624708  -1.588869  -0.820507  1.000000  
82.496611 0.007072  0.001089  0.015237  0.594597  0.744628  0.303289  -0.720010  0.661008  -0.211314  -0.357827  -0.092725  0.929173  -0.006015  -0.003585  -0.022533  -1.659393  -1.598681  -0.829606  1.000000  
82.497861 0.007064  0.001088  0.015214  0.594817  0.744697  0.302687  -0.718769  0.661315  -0.214555  -0.359950  -0.089941  0.928626  -0.006158  -0.003347  -0.021886  -1.688418  -1.612263  -0.835062  1.000000  
82.498861 0.007056  0.001086  0.015198  0.595156  0.744651  0.302132  -0.717673  0.661677  -0.217092  -0.361572  -0.087629  0.928217  -0.006321  -0.003214  -0.021420  -1.716721  -1.615850  -0.851408  1.000000  
82.499863 0.007049  0.001085  0.015182  0.595313  0.744772  0.301526  -0.716661  0.661858  -0.219867  -0.363318  -0.085202  0.927761  -0.006457  -0.002980  -0.020899  -1.747355  -1.620545  -0.861159  1.000000  
82.501111 0.007040  0.001083  0.015162  0.595699  0.744862  0.300539  -0.715326  0.662163  -0.223270  -0.365311  -0.081982  0.927268  -0.006600  -0.002742  -0.020459  -1.792053  -1.621088  -0.875934  1.000000  
82.502361 0.007030  0.001081  0.015140  0.596048  0.744910  0.299728  -0.713950  0.662487  -0.226688  -0.367428  -0.078874  0.926702  -0.006679  -0.002477  -0.020127  -1.823809  -1.629971  -0.891262  1.000000  
82.503362 0.007023  0.001080  0.015123  0.596225  0.745076  0.298961  -0.712967  0.662595  -0.229446  -0.369045  -0.076348  0.926270  -0.006672  -0.002221  -0.019928  -1.860577  -1.635445  -0.894328  1.000000  
82.504366 0.007015  0.001079  0.015104  0.596577  0.745113  0.298165  -0.711898  0.662839  -0.232047  -0.370537  -0.073829  0.925879  -0.006763  -0.002001  -0.019798  -1.890885  -1.635783  -0.903152  1.000000  
82.505613 0.007007  0.001078  0.015080  0.596944  0.745206  0.297196  -0.710552  0.663084  -0.235449  -0.372524  -0.070623  0.925331  -0.006780  -0.001727  -0.019568  -1.932468  -1.637068  -0.916553  1.000000  
82.506615 0.006998  0.001078  0.015061  0.597079  0.745369  0.296518  -0.709525  0.663165  -0.238301  -0.374262  -0.068102  0.924819  -0.006894  -0.001498  -0.019212  -1.955076  -1.646252  -0.920512  1.000000  
82.507865 0.006988  0.001078  0.015039  0.597404  0.745493  0.295547  -0.708134  0.663357  -0.241876  -0.376370  -0.064789  0.924201  -0.007051  -0.001265  -0.018758  -1.997165  -1.652441  -0.934363  1.000000  
82.508871 0.006980  0.001079  0.015022  0.597709  0.745563  0.294755  -0.707018  0.663530  -0.244651  -0.377981  -0.062166  0.923724  -0.007210  -0.001045  -0.018148  -2.027199  -1.657356  -0.943296  1.000000  
82.510112 0.006969  0.001079  0.015003  0.598025  0.745725  0.293703  -0.705621  0.663659  -0.248306  -0.380086  -0.058750  0.923083  -0.007534  -0.000852  -0.017537  -2.062907  -1.667094  -0.952118  1.000000  
82.511360 0.006957  0.001079  0.014984  0.598368  0.745857  0.292666  -0.704260  0.663794  -0.251784  -0.382065  -0.055454  0.922470  -0.007769  -0.000728  -0.017176  -2.096778  -1.673123  -0.959834  1.000000  
82.512361 0.006947  0.001079  0.014969  0.598627  0.745923  0.291965  -0.703098  0.663932  -0.254651  -0.383796  -0.052839  0.921905  -0.007996  -0.000625  -0.016898  -2.122494  -1.680166  -0.968454  1.000000  
82.513610 0.006934  0.001078  0.014948  0.599105  0.745885  0.291081  -0.701608  0.664220  -0.257988  -0.385772  -0.049663  0.921257  -0.008317  -0.000553  -0.016920  -2.137866  -1.675508  -0.981587  1.000000  
82.514860 0.006921  0.001078  0.014926  0.599433  0.746161  0.289697  -0.700238  0.664179  -0.261786  -0.387746  -0.045934  0.920621  -0.008535  -0.000458  -0.017036  -2.183574  -1.681941  -0.988611  1.000000  
82.515864 0.006910  0.001078  0.014908  0.599891  0.746171  0.288721  -0.699024  0.664357  -0.264566  -0.389225  -0.043113  0.920133  -0.008766  -0.000375  -0.017229  -2.209996  -1.680445  -0.996337  1.000000  
82.517110 0.006898  0.001078  0.014884  0.600243  0.746519  0.287085  -0.697689  0.664210  -0.268430  -0.391073  -0.039173  0.919526  -0.008979  -0.000257  -0.017363  -2.255223  -1.676966  -1.002000  1.000000  
82.518111 0.006887  0.001079  0.014866  0.600694  0.746597  0.285937  -0.696471  0.664294  -0.271370  -0.392550  -0.036136  0.919020  -0.009152  -0.000080  -0.017431  -2.290802  -1.669367  -1.015507  1.000000  
82.519360 0.006873  0.001081  0.014844  0.601146  0.746734  0.284627  -0.694967  0.664332  -0.275106  -0.394518  -0.032428  0.918316  -0.009496  0.000076  -0.017390  -2.332665  -1.672019  -1.022155  1.000000  
82.520362 0.006860  0.001081  0.014827  0.601410  0.746979  0.283421  -0.693828  0.664202  -0.278277  -0.396116  -0.029287  0.917733  -0.009889  0.000159  -0.017239  -2.372524  -1.674037  -1.023114  1.000000  
82.521614 0.006845  0.001083  0.014808  0.601887  0.747152  0.281951  -0.692359  0.664165  -0.282000  -0.397958  -0.025479  0.917050  -0.010249  0.000334  -0.016899  -2.413620  -1.673031  -1.036137  1.000000  
82.522866 0.006828  0.001084  0.014788  0.602251  0.747496  0.280256  -0.691052  0.663916  -0.285767  -0.399676  -0.021568  0.916403  -0.010745  0.000411  -0.016701  -2.451982  -1.666533  -1.034659  1.000000  
82.524115 0.006811  0.001086  0.014768  0.602717  0.747666  0.278796  -0.689578  0.663837  -0.289487  -0.401515  -0.017773  0.915680  -0.011182  0.000469  -0.016725  -2.494063  -1.661509  -1.034404  1.000000  
82.525404 0.006792  0.001087  0.014746  0.603319  0.747699  0.277403  -0.687977  0.663891  -0.293149  -0.403352  -0.013984  0.914938  -0.011648  0.000520  -0.016836  -2.517476  -1.652918  -1.044883  1.000000  
82.526610 0.006772  0.001087  0.014722  0.603951  0.747798  0.275754  -0.686414  0.663851  -0.296879  -0.405065  -0.009981  0.914233  -0.012202  0.000595  -0.017247  -2.552737  -1.648222  -1.057053  1.000000  
82.527611 0.006756  0.001088  0.014700  0.604404  0.747938  0.274381  -0.685220  0.663734  -0.299884  -0.406411  -0.006760  0.913666  -0.012580  0.000595  -0.017662  -2.590028  -1.638192  -1.064782  1.000000  
82.528866 0.006736  0.001088  0.014673  0.604885  0.748170  0.272682  -0.683777  0.663501  -0.303670  -0.408121  -0.002768  0.912923  -0.013049  0.000696  -0.018080  -2.632791  -1.634459  -1.064883  1.000000  
82.530110 0.006715  0.001089  0.014645  0.605679  0.748094  0.271125  -0.682123  0.663592  -0.307171  -0.409709  0.001106  0.912216  -0.013588  0.000723  -0.018415  -2.650248  -1.617838  -1.081620  1.000000  
82.531110 0.006698  0.001089  0.014624  0.606156  0.748195  0.269776  -0.680964  0.663465  -0.310002  -0.410929  0.004202  0.911658  -0.013988  0.000761  -0.018633  -2.665945  -1.606775  -1.080308  1.000000  
82.532129 0.006680  0.001089  0.014603  0.606733  0.748224  0.268394  -0.679638  0.663403  -0.313030  -0.412270  0.007515  0.911031  -0.014575  0.000781  -0.018666  -2.694266  -1.595832  -1.087611  1.000000  
82.533360 0.006657  0.001091  0.014580  0.607512  0.748272  0.266494  -0.677978  0.663287  -0.316853  -0.413854  0.011815  0.910266  -0.015196  0.000811  -0.018751  -2.727143  -1.586539  -1.104247  1.000000  
82.534360 0.006638  0.001093  0.014562  0.608118  0.748327  0.264952  -0.676689  0.663155  -0.319870  -0.415072  0.015228  0.909661  -0.015626  0.000858  -0.018771  -2.756976  -1.581013  -1.110985  1.000000  
82.535610 0.006615  0.001095  0.014539  0.608886  0.748336  0.263157  -0.675024  0.663036  -0.323613  -0.416654  0.019405  0.908858  -0.016184  0.000896  -0.018975  -2.786934  -1.571414  -1.122208  1.000000  
82.536610 0.006596  0.001097  0.014520  0.609521  0.748384  0.261545  -0.673773  0.662874  -0.326539  -0.417748  0.022810  0.908276  -0.016611  0.000909  -0.019193  -2.813632  -1.552343  -1.134856  1.000000  
82.537623 0.006577  0.001099  0.014500  0.610291  0.748292  0.260006  -0.672396  0.662851  -0.329413  -0.418842  0.026211  0.907681  -0.016995  0.000980  -0.019486  -2.836788  -1.532642  -1.149314  1.000000  
82.538864 0.006552  0.001101  0.014475  0.611082  0.748258  0.258241  -0.670766  0.662717  -0.332985  -0.420299  0.030262  0.906881  -0.017497  0.000995  -0.019802  -2.858424  -1.519951  -1.159110  1.000000  
82.539865 0.006531  0.001103  0.014455  0.611844  0.748192  0.256624  -0.669384  0.662623  -0.335939  -0.421392  0.033763  0.906250  -0.017989  0.001091  -0.020044  -2.882142  -1.500465  -1.174035  1.000000  
82.540867 0.006510  0.001104  0.014435  0.612740  0.747955  0.255173  -0.667875  0.662709  -0.338762  -0.422484  0.037149  0.905609  -0.018341  0.001129  -0.020136  -2.901577  -1.485891  -1.193403  1.000000  
82.542123 0.006484  0.001107  0.014410  0.613692  0.747894  0.253056  -0.666154  0.662512  -0.342514  -0.423817  0.041624  0.904791  -0.018764  0.001313  -0.020008  -2.936471  -1.463511  -1.211031  1.000000  
82.543362 0.006456  0.001109  0.014386  0.614638  0.747797  0.251039  -0.664431  0.662334  -0.346188  -0.425150  0.045982  0.903954  -0.019245  0.001472  -0.019827  -2.975804  -1.446485  -1.223391  1.000000  
82.544611 0.006428  0.001113  0.014364  0.615578  0.747725  0.248941  -0.662705  0.662090  -0.349941  -0.426481  0.050442  0.903089  -0.019743  0.001658  -0.019437  -2.995089  -1.429613  -1.241327  1.000000  
82.545860 0.006398  0.001115  0.014343  0.616590  0.747578  0.246869  -0.661060  0.661919  -0.353358  -0.427570  0.054682  0.902327  -0.020308  0.001781  -0.019048  -3.014178  -1.409450  -1.250032  1.000000  
82.547110 0.006370  0.001119  0.014322  0.617597  0.747484  0.244624  -0.659413  0.661642  -0.356937  -0.428658  0.059135  0.901529  -0.020681  0.001947  -0.018799  -3.024850  -1.388559  -1.267838  1.000000  
82.548110 0.006346  0.001121  0.014303  0.618503  0.747279  0.242956  -0.657933  0.661545  -0.359837  -0.429625  0.062711  0.900827  -0.020994  0.002039  -0.018748  -3.038943  -1.375601  -1.281055  1.000000  
82.549154 0.006323  0.001124  0.014285  0.619349  0.747165  0.241147  -0.656662  0.661336  -0.362532  -0.430350  0.066182  0.900233  -0.021303  0.002091  -0.018707  -3.051067  -1.345344  -1.290683  1.000000  
82.550361 0.006294  0.001128  0.014261  0.620478  0.746889  0.239091  -0.654881  0.661200  -0.365984  -0.431437  0.070509  0.899384  -0.021722  0.002271  -0.018813  -3.059819  -1.324462  -1.313408  1.000000  
82.551611 0.006265  0.001131  0.014237  0.621601  0.746636  0.236956  -0.653098  0.660999  -0.369518  -0.432523  0.074937  0.898503  -0.022087  0.002265  -0.018875  -3.074756  -1.304411  -1.332186  1.000000  
82.552611 0.006242  0.001134  0.014217  0.622570  0.746455  0.234971  -0.651694  0.660763  -0.372408  -0.433246  0.078721  0.897831  -0.022361  0.002357  -0.018911  -3.089872  -1.287876  -1.352059  1.000000  
82.553860 0.006212  0.001138  0.014195  0.623588  0.746403  0.232422  -0.650076  0.660239  -0.376146  -0.434211  0.083468  0.896936  -0.022650  0.002477  -0.018699  -3.119959  -1.263856  -1.364980  1.000000  
82.554865 0.006188  0.001140  0.014178  0.624724  0.746010  0.230628  -0.648581  0.660223  -0.378745  -0.434813  0.087030  0.896305  -0.022868  0.002517  -0.018435  -3.130544  -1.235436  -1.390602  1.000000  
82.555866 0.006164  0.001145  0.014163  0.625548  0.745892  0.228768  -0.647300  0.659879  -0.381526  -0.435536  0.090582  0.895602  -0.023096  0.002689  -0.018136  -3.143407  -1.214138  -1.398970  1.000000  
82.557112 0.006133  0.001149  0.014146  0.626861  0.745509  0.226409  -0.645460  0.659660  -0.385007  -0.436379  0.095209  0.894711  -0.023402  0.002800  -0.017601  -3.158559  -1.190677  -1.418953  1.000000  
82.558114 0.006108  0.001153  0.014133  0.627852  0.745208  0.224648  -0.644088  0.659495  -0.387578  -0.436981  0.098649  0.894045  -0.023604  0.002960  -0.017191  -3.156072  -1.169887  -1.433811  1.000000  
82.559361 0.006076  0.001157  0.014116  0.629196  0.744801  0.222226  -0.642284  0.659247  -0.390979  -0.437703  0.103270  0.893169  -0.023799  0.003038  -0.016858  -3.174626  -1.145872  -1.448597  1.000000  
82.560363 0.006051  0.001161  0.014102  0.630311  0.744406  0.220381  -0.640779  0.659112  -0.393668  -0.438304  0.106918  0.892445  -0.023923  0.003136  -0.016603  -3.193451  -1.130704  -1.469492  1.000000  
82.561611 0.006019  0.001167  0.014084  0.631554  0.744134  0.217723  -0.639141  0.658635  -0.397113  -0.438906  0.111643  0.891570  -0.024209  0.003317  -0.016534  -3.207838  -1.103481  -1.484390  1.000000  
82.562861 0.005987  0.001172  0.014064  0.632883  0.743701  0.215332  -0.637328  0.658328  -0.400521  -0.439627  0.116246  0.890626  -0.024395  0.003406  -0.016314  -3.216901  -1.075988  -1.499080  1.000000  
82.563862 0.005961  0.001177  0.014048  0.633897  0.743410  0.213346  -0.635988  0.658003  -0.403176  -0.440107  0.119886  0.889906  -0.024562  0.003521  -0.016153  -3.221520  -1.055783  -1.508525  1.000000  
