1-Time 2-Px 3-Py 4-Pz 5-R11 6-R21 7-R31 8-R12 9-R22 10-R32 11-R13 12-R23 13-R33 14-Vx 15-Vy 16-Vz 17-Wx 18-Wy 19-Wz 20-state
181.969254 -0.001733  -0.009896  -0.002321  0.382004  0.756060  0.531457  -0.887166  0.461089  -0.018270  -0.258862  -0.464511  0.846888  -0.000024  0.000050  -0.000518  0.000000  0.000000  0.000000  1.000000  
181.970422 -0.001733  -0.009896  -0.002321  0.382004  0.756060  0.531457  -0.887166  0.461089  -0.018270  -0.258862  -0.464511  0.846888  0.000000  0.000000  0.000000  0.000000  0.000000  0.000000  1.000000  
181.971670 -0.001730  -0.009891  -0.002319  0.382004  0.756060  0.531457  -0.887166  0.461089  -0.018270  -0.258862  -0.464511  0.846888  0.001322  0.002461  0.000785  0.000000  0.000000  0.000000  1.000000  
181.972918 -0.001727  -0.009885  -0.002317  0.382004  0.756060  0.531457  -0.887166  0.461089  -0.018270  -0.258862  -0.464511  0.846888  0.001783  0.003364  0.000896  0.000000  0.000000  0.000000  1.000000  
181.973918 -0.001726  -0.009882  -0.002317  0.382004  0.756124  0.531365  -0.887166  0.461087  -0.018326  -0.258862  -0.464408  0.846945  0.001637  0.003215  0.000853  0.000000  0.000000  0.000000  1.000000  
181.974920 -0.001725  -0.009880  -0.002316  0.382004  0.756124  0.531365  -0.887166  0.461087  -0.018326  -0.258862  -0.464408  0.846945  0.001491  0.002994  0.000898  0.000000  0.000000  0.000000  1.000000  
181.975925 -0.001724  -0.009877  -0.002314  0.382004  0.756124  0.531365  -0.887166  0.461087  -0.018326  -0.258862  -0.464408  0.846945  0.001399  0.002983  0.000986  0.000000  0.000000  0.000000  1.000000  
181.977168 -0.001722  -0.009872  -0.002313  0.382004  0.756189  0.531273  -0.887166  0.461084  -0.018382  -0.258862  -0.464306  0.847001  0.001495  0.003170  0.000910  0.000000  0.000000  0.000000  1.000000  
181.978172 -0.001722  -0.009868  -0.002314  0.382004  0.756189  0.531273  -0.887166  0.461084  -0.018382  -0.258862  -0.464306  0.847001  0.001353  0.003238  0.000713  0.000000  0.000000  0.000000  1.000000  
181.979183 -0.001722  -0.009865  -0.002315  0.382004  0.756189  0.531273  -0.887166  0.461084  -0.018382  -0.258862  -0.464306  0.847001  0.001210  0.003219  0.000597  0.000000  0.000000  0.000000  1.000000  
181.980429 -0.001721  -0.009861  -0.002314  0.381822  0.756284  0.531270  -0.887244  0.460929  -0.018491  -0.258862  -0.464306  0.847001  0.001115  0.003170  0.000594  0.000000  0.000000  0.000000  1.000000  
181.981677 -0.001720  -0.009856  -0.002313  0.381822  0.756284  0.531270  -0.887244  0.460929  -0.018491  -0.258862  -0.464306  0.847001  0.001068  0.003263  0.000590  0.000000  0.000000  0.000000  1.000000  
181.982922 -0.001718  -0.009851  -0.002313  0.381822  0.756284  0.531270  -0.887244  0.460929  -0.018491  -0.258862  -0.464306  0.847001  0.001174  0.003395  0.000554  0.000000  0.000000  0.000000  1.000000  
181.983923 -0.001715  -0.009845  -0.002313  0.381822  0.756284  0.531270  -0.887244  0.460929  -0.018491  -0.258862  -0.464306  0.847001  0.001234  0.003553  0.000507  0.000000  0.000000  0.000000  1.000000  
181.985168 -0.001712  -0.009836  -0.002312  0.381822  0.756284  0.531270  -0.887244  0.460929  -0.018491  -0.258862  -0.464306  0.847001  0.001454  0.004006  0.000554  0.000000  0.000000  0.000000  1.000000  
181.986416 -0.001706  -0.009825  -0.002311  0.381822  0.756284  0.531270  -0.887244  0.460929  -0.018491  -0.258862  -0.464306  0.847001  0.001657  0.004442  0.000543  0.000000  0.000000  0.000000  1.000000  
181.987666 -0.001702  -0.009815  -0.002310  0.381822  0.756284  0.531270  -0.887244  0.460929  -0.018491  -0.258862  -0.464306  0.847001  0.001722  0.004704  0.000513  0.000000  0.000000  0.000000  1.000000  
181.988667 -0.001700  -0.009808  -0.002311  0.381822  0.756284  0.531270  -0.887244  0.460929  -0.018491  -0.258862  -0.464306  0.847001  0.001726  0.004977  0.000358  0.000000  0.000000  0.000000  1.000000  
181.989670 -0.001700  -0.009802  -0.002310  0.382004  0.756253  0.531182  -0.887166  0.461082  -0.018438  -0.258862  -0.464203  0.847057  0.001728  0.005244  0.000355  0.000000  0.000000  0.000000  1.000000  
181.990917 -0.001697  -0.009793  -0.002309  0.382004  0.756253  0.531182  -0.887166  0.461082  -0.018438  -0.258862  -0.464203  0.847057  0.001816  0.005616  0.000323  0.000000  0.000000  0.000000  1.000000  
181.991923 -0.001695  -0.009785  -0.002309  0.382004  0.756318  0.531090  -0.887166  0.461080  -0.018494  -0.258862  -0.464100  0.847114  0.001794  0.005905  0.000276  0.000000  0.000000  0.000000  1.000000  
181.993166 -0.001694  -0.009776  -0.002308  0.382004  0.756318  0.531090  -0.887166  0.461080  -0.018494  -0.258862  -0.464100  0.847114  0.001833  0.006131  0.000420  0.000000  0.000000  0.000000  1.000000  
181.994169 -0.001695  -0.009771  -0.002306  0.382004  0.756318  0.531090  -0.887166  0.461080  -0.018494  -0.258862  -0.464100  0.847114  0.001763  0.006280  0.000548  0.000000  0.000000  0.000000  1.000000  
181.995172 -0.001695  -0.009764  -0.002304  0.382004  0.756382  0.530998  -0.887166  0.461078  -0.018550  -0.258862  -0.463997  0.847170  0.001728  0.006512  0.000622  0.000000  0.000000  0.000000  1.000000  
181.996172 -0.001694  -0.009757  -0.002303  0.382018  0.756406  0.530953  -0.887198  0.461021  -0.018446  -0.258733  -0.464014  0.847200  0.001770  0.006814  0.000709  0.000000  0.000000  0.000000  1.000000  
181.997175 -0.001692  -0.009748  -0.002301  0.382201  0.756312  0.530957  -0.887119  0.461176  -0.018336  -0.258733  -0.464014  0.847200  0.001804  0.007108  0.000782  0.000000  0.000000  0.000000  1.000000  
181.998178 -0.001690  -0.009739  -0.002301  0.382201  0.756312  0.530957  -0.887119  0.461176  -0.018336  -0.258733  -0.464014  0.847200  0.001837  0.007402  0.000855  0.000000  0.000000  0.000000  1.000000  
181.999424 -0.001688  -0.009729  -0.002300  0.382201  0.756376  0.530865  -0.887119  0.461174  -0.018392  -0.258733  -0.463911  0.847256  0.001748  0.007512  0.000857  0.000000  0.000000  0.000000  1.000000  
182.000666 -0.001686  -0.009718  -0.002300  0.382383  0.756281  0.530869  -0.887040  0.461330  -0.018283  -0.258733  -0.463911  0.847256  0.001606  0.007596  0.000819  0.000000  0.000000  0.000000  1.000000  
182.001677 -0.001685  -0.009709  -0.002300  0.382383  0.756281  0.530869  -0.887040  0.461330  -0.018283  -0.258733  -0.463911  0.847256  0.001347  0.007570  0.000764  0.000000  0.000000  0.000000  1.000000  
182.002917 -0.001684  -0.009700  -0.002300  0.382383  0.756281  0.530869  -0.887040  0.461330  -0.018283  -0.258733  -0.463911  0.847256  0.001205  0.007608  0.000717  0.000000  0.000000  0.000000  1.000000  
182.003919 -0.001683  -0.009692  -0.002300  0.382566  0.756186  0.530873  -0.886962  0.461486  -0.018174  -0.258733  -0.463911  0.847256  0.001175  0.007643  0.000666  0.000000  0.000000  0.000000  1.000000  
182.005166 -0.001684  -0.009685  -0.002300  0.382566  0.756186  0.530873  -0.886962  0.461486  -0.018174  -0.258733  -0.463911  0.847256  0.000981  0.007529  0.000686  0.000000  0.000000  0.000000  1.000000  
182.006166 -0.001683  -0.009679  -0.002300  0.382748  0.756155  0.530785  -0.886883  0.461639  -0.018120  -0.258733  -0.463809  0.847313  0.000871  0.007453  0.000625  0.000000  0.000000  0.000000  1.000000  
182.007416 -0.001684  -0.009670  -0.002298  0.382931  0.756060  0.530789  -0.886804  0.461795  -0.018011  -0.258733  -0.463809  0.847313  0.000738  0.007403  0.000655  0.000000  0.000000  0.000000  1.000000  
182.008416 -0.001685  -0.009664  -0.002298  0.383113  0.756030  0.530701  -0.886725  0.461948  -0.017958  -0.258733  -0.463706  0.847369  0.000624  0.007399  0.000659  0.000000  0.000000  0.000000  1.000000  
182.009666 -0.001686  -0.009657  -0.002296  0.383310  0.755959  0.530659  -0.886678  0.462047  -0.017744  -0.258604  -0.463722  0.847399  0.000589  0.007383  0.000623  0.000000  0.000000  0.000000  1.000000  
182.010667 -0.001685  -0.009649  -0.002295  0.383310  0.756023  0.530568  -0.886678  0.462045  -0.017801  -0.258604  -0.463620  0.847456  0.000690  0.007464  0.000542  0.000000  0.000000  0.000000  1.000000  
182.011673 -0.001682  -0.009641  -0.002294  0.383675  0.755833  0.530575  -0.886520  0.462356  -0.017582  -0.258604  -0.463620  0.847456  0.000753  0.007454  0.000514  0.000000  0.000000  0.000000  1.000000  
182.012919 -0.001680  -0.009630  -0.002293  0.383871  0.755827  0.530442  -0.886473  0.462453  -0.017425  -0.258474  -0.463533  0.847542  0.000737  0.007471  0.000566  0.000000  0.000000  0.000000  1.000000  
182.013920 -0.001678  -0.009620  -0.002292  0.384054  0.755796  0.530354  -0.886394  0.462606  -0.017372  -0.258474  -0.463431  0.847598  0.000740  0.007532  0.000591  0.000000  0.000000  0.000000  1.000000  
182.015171 -0.001676  -0.009610  -0.002291  0.384432  0.755695  0.530224  -0.886267  0.462858  -0.017105  -0.258345  -0.463344  0.847685  0.000725  0.007484  0.000577  0.000000  0.000000  0.000000  1.000000  
182.016418 -0.001675  -0.009601  -0.002289  0.384615  0.755599  0.530228  -0.886188  0.463014  -0.016996  -0.258345  -0.463344  0.847685  0.000663  0.007347  0.000696  0.000000  0.000000  0.000000  1.000000  
182.017671 -0.001673  -0.009593  -0.002287  0.384993  0.755498  0.530098  -0.886061  0.463266  -0.016730  -0.258216  -0.463258  0.847771  0.000738  0.007249  0.000864  0.000000  0.000000  0.000000  1.000000  
182.018672 -0.001673  -0.009586  -0.002286  0.385189  0.755491  0.529964  -0.886014  0.463363  -0.016573  -0.258087  -0.463172  0.847858  0.000703  0.007219  0.000943  0.000000  0.000000  0.000000  1.000000  
182.019918 -0.001673  -0.009578  -0.002285  0.385568  0.755389  0.529834  -0.885887  0.463615  -0.016307  -0.257957  -0.463086  0.847944  0.000736  0.007246  0.001019  0.000000  0.000000  0.000000  1.000000  
182.021166 -0.001674  -0.009570  -0.002285  0.385960  0.755312  0.529659  -0.885791  0.463810  -0.015937  -0.257699  -0.463016  0.848061  0.000635  0.007230  0.001004  0.000000  0.000000  0.000000  1.000000  
182.022417 -0.001673  -0.009562  -0.002283  0.386521  0.755115  0.529531  -0.885584  0.464218  -0.015562  -0.257570  -0.462929  0.848148  0.000784  0.007256  0.001043  0.000000  0.000000  0.000000  1.000000  
182.023667 -0.001671  -0.009552  -0.002284  0.386913  0.755101  0.529264  -0.885488  0.464412  -0.015249  -0.257311  -0.462757  0.848320  0.000971  0.007386  0.000908  0.000000  0.000000  0.000000  1.000000  
182.024916 -0.001670  -0.009543  -0.002283  0.387305  0.755024  0.529087  -0.885392  0.464607  -0.014880  -0.257052  -0.462687  0.848437  0.001039  0.007443  0.000905  -0.011085  0.143853  -0.132989  1.000000  
182.026167 -0.001667  -0.009531  -0.002283  0.387698  0.755010  0.528819  -0.885295  0.464801  -0.014567  -0.256794  -0.462514  0.848609  0.001102  0.007565  0.000809  -0.015672  0.154111  -0.142511  1.000000  
182.027416 -0.001665  -0.009520  -0.002282  0.388090  0.754997  0.528551  -0.885198  0.464995  -0.014254  -0.256535  -0.462341  0.848782  0.001074  0.007613  0.000760  -0.022017  0.165100  -0.144075  1.000000  
182.028417 -0.001663  -0.009510  -0.002281  0.388299  0.755015  0.528371  -0.885181  0.465036  -0.013993  -0.256276  -0.462271  0.848898  0.001028  0.007656  0.000760  -0.024320  0.176093  -0.145627  1.000000  
182.029428 -0.001661  -0.009501  -0.002280  0.388705  0.755026  0.528056  -0.885115  0.465173  -0.013576  -0.255888  -0.462114  0.849101  0.001020  0.007668  0.000774  -0.025073  0.195722  -0.152104  1.000000  
182.030673 -0.001661  -0.009492  -0.002278  0.389111  0.755037  0.527742  -0.885049  0.465311  -0.013160  -0.255500  -0.461957  0.849303  0.000956  0.007680  0.000802  -0.031492  0.210758  -0.151550  1.000000  
182.031927 -0.001661  -0.009481  -0.002276  0.389530  0.755073  0.527381  -0.885014  0.465393  -0.012639  -0.254983  -0.461816  0.849535  0.000820  0.007832  0.000804  -0.036155  0.232952  -0.154724  1.000000  
182.033166 -0.001661  -0.009470  -0.002275  0.389950  0.755173  0.526928  -0.884978  0.465473  -0.012176  -0.254465  -0.461572  0.849823  0.000760  0.007972  0.000765  -0.046686  0.251988  -0.152080  1.000000  
182.034166 -0.001662  -0.009461  -0.002274  0.390173  0.755280  0.526610  -0.884991  0.465456  -0.011868  -0.254077  -0.461414  0.850024  0.000719  0.008079  0.000790  -0.053116  0.267015  -0.151532  1.000000  
182.035167 -0.001663  -0.009452  -0.002273  0.390592  0.755379  0.526156  -0.884955  0.465537  -0.011404  -0.253559  -0.461170  0.850312  0.000705  0.008315  0.000777  -0.059562  0.285961  -0.148867  1.000000  
182.036417 -0.001663  -0.009442  -0.002272  0.390829  0.755574  0.525699  -0.884999  0.465463  -0.011049  -0.253042  -0.460925  0.850599  0.000731  0.008488  0.000800  -0.070099  0.304965  -0.146219  1.000000  
182.037417 -0.001662  -0.009431  -0.002271  0.391248  0.755610  0.525337  -0.884961  0.465546  -0.010529  -0.252524  -0.460783  0.850829  0.000742  0.008675  0.000876  -0.076553  0.323933  -0.143537  1.000000  
182.038668 -0.001660  -0.009418  -0.002270  0.391681  0.755734  0.524835  -0.884954  0.465571  -0.009962  -0.251877  -0.460554  0.851145  0.000792  0.008957  0.000897  -0.083055  0.342919  -0.140924  1.000000  
182.039923 -0.001658  -0.009405  -0.002269  0.392113  0.755922  0.524242  -0.884947  0.465596  -0.009451  -0.251229  -0.460221  0.851517  0.000757  0.009195  0.000973  -0.093602  0.365779  -0.136164  1.000000  
182.041166 -0.001655  -0.009391  -0.002268  0.392559  0.756070  0.523694  -0.884969  0.465566  -0.008779  -0.250452  -0.460006  0.851861  0.000749  0.009377  0.000980  -0.103346  0.389494  -0.128209  1.000000  
182.042167 -0.001654  -0.009380  -0.002267  0.392978  0.756169  0.523237  -0.884930  0.465649  -0.008317  -0.249934  -0.459760  0.852147  0.000742  0.009489  0.001023  -0.109831  0.408554  -0.125711  1.000000  
182.043416 -0.001651  -0.009366  -0.002266  0.393424  0.756381  0.522596  -0.884951  0.465620  -0.007702  -0.249156  -0.459442  0.852546  0.000759  0.009563  0.001054  -0.124365  0.431153  -0.120987  1.000000  
182.044670 -0.001650  -0.009354  -0.002263  0.394038  0.756471  0.522001  -0.884860  0.465803  -0.007084  -0.248508  -0.459107  0.852915  0.000835  0.009720  0.001044  -0.135984  0.453655  -0.119441  1.000000  
182.045685 -0.001649  -0.009344  -0.002262  0.394470  0.756594  0.521496  -0.884850  0.465831  -0.006517  -0.247860  -0.458875  0.853229  0.000857  0.009818  0.001041  -0.142445  0.476435  -0.114704  1.000000  
182.046922 -0.001648  -0.009332  -0.002261  0.395084  0.756748  0.520809  -0.884757  0.466015  -0.005957  -0.247212  -0.458436  0.853653  0.000860  0.009921  0.000972  -0.157164  0.495515  -0.112251  1.000000  
182.047929 -0.001646  -0.009321  -0.002260  0.395698  0.756901  0.520120  -0.884664  0.466199  -0.005396  -0.246564  -0.457996  0.854076  0.000986  0.010081  0.000984  -0.171895  0.514607  -0.109812  1.000000  
182.049173 -0.001644  -0.009308  -0.002259  0.396352  0.757128  0.519290  -0.884659  0.466216  -0.004524  -0.245526  -0.457602  0.854586  0.001239  0.010267  0.001001  -0.186620  0.545335  -0.100936  1.000000  
182.050423 -0.001642  -0.009294  -0.002257  0.397174  0.757297  0.518415  -0.884542  0.466446  -0.003705  -0.244618  -0.457088  0.855121  0.001412  0.010471  0.001098  -0.203709  0.575410  -0.100170  1.000000  
182.051670 -0.001639  -0.009280  -0.002255  0.397983  0.757377  0.517677  -0.884394  0.466733  -0.002935  -0.243840  -0.456662  0.855571  0.001600  0.010658  0.001142  -0.216756  0.597638  -0.103678  1.000000  
182.052916 -0.001636  -0.009265  -0.002253  0.398987  0.757449  0.516799  -0.884191  0.467121  -0.002012  -0.242932  -0.456146  0.856104  0.001670  0.010773  0.001169  -0.230249  0.625753  -0.107973  1.000000  
182.054166 -0.001632  -0.009250  -0.002250  0.400003  0.757607  0.515780  -0.884016  0.467455  -0.001042  -0.241893  -0.455541  0.856720  0.001754  0.010869  0.001293  -0.247639  0.664239  -0.114185  1.000000  
182.055167 -0.001630  -0.009238  -0.002248  0.400825  0.757648  0.515082  -0.883893  0.467690  -0.000113  -0.240984  -0.455232  0.857141  0.001838  0.010917  0.001392  -0.256675  0.690393  -0.115593  1.000000  
182.056169 -0.001628  -0.009226  -0.002246  0.401828  0.757655  0.514290  -0.883685  0.468082  0.000864  -0.240075  -0.454817  0.857616  0.001805  0.010946  0.001495  -0.268035  0.719578  -0.122944  1.000000  
182.057416 -0.001626  -0.009212  -0.002243  0.402857  0.757836  0.513217  -0.883533  0.468365  0.001936  -0.238906  -0.454224  0.858257  0.001773  0.010982  0.001600  -0.279564  0.757705  -0.128953  1.000000  
182.058416 -0.001625  -0.009201  -0.002242  0.403859  0.757841  0.512421  -0.883321  0.468760  0.002911  -0.237996  -0.453807  0.858730  0.001725  0.011020  0.001597  -0.289236  0.789919  -0.142191  1.000000  
182.059416 -0.001624  -0.009191  -0.002239  0.404874  0.757933  0.511483  -0.883136  0.469101  0.003932  -0.236957  -0.453301  0.859284  0.001731  0.011100  0.001626  -0.300810  0.819274  -0.149767  1.000000  
182.060667 -0.001624  -0.009177  -0.002238  0.406096  0.758102  0.510262  -0.882922  0.469491  0.005153  -0.235656  -0.452614  0.860004  0.001637  0.011138  0.001601  -0.318730  0.859192  -0.159077  1.000000  
182.061689 -0.001624  -0.009167  -0.002238  0.407110  0.758192  0.509319  -0.882732  0.469836  0.006173  -0.234616  -0.452105  0.860556  0.001652  0.011174  0.001574  -0.332870  0.891192  -0.170103  1.000000  
182.062919 -0.001623  -0.009152  -0.002236  0.408540  0.758251  0.508085  -0.882485  0.470276  0.007761  -0.233055  -0.451549  0.861272  0.001530  0.011251  0.001652  -0.337017  0.938555  -0.185800  1.000000  
182.064172 -0.001623  -0.009138  -0.002233  0.409981  0.758396  0.506706  -0.882262  0.470665  0.009396  -0.231363  -0.450900  0.862067  0.001405  0.011318  0.001730  -0.352424  0.993533  -0.200783  1.000000  
182.065173 -0.001623  -0.009126  -0.002230  0.411007  0.758570  0.505614  -0.882091  0.470962  0.010459  -0.230192  -0.450296  0.862696  0.001276  0.011411  0.001816  -0.368354  1.022829  -0.208676  1.000000  
182.066418 -0.001623  -0.009111  -0.002227  0.412434  0.758747  0.504184  -0.881832  0.471413  0.011927  -0.228629  -0.449524  0.863514  0.001101  0.011478  0.001873  -0.385190  1.070285  -0.222360  1.000000  
182.067669 -0.001623  -0.009094  -0.002224  0.413859  0.758984  0.502656  -0.881568  0.471869  0.013337  -0.227065  -0.448645  0.864383  0.000910  0.011555  0.001980  -0.406263  1.113857  -0.238336  1.000000  
182.068670 -0.001623  -0.009082  -0.002222  0.414883  0.759215  0.501462  -0.881388  0.472175  0.014338  -0.225893  -0.447932  0.865061  0.000653  0.011583  0.001935  -0.420590  1.146002  -0.252410  1.000000  
182.069916 -0.001624  -0.009066  -0.002219  0.416488  0.759351  0.499924  -0.881030  0.472794  0.015846  -0.224328  -0.447048  0.865924  0.000385  0.011624  0.001985  -0.436573  1.187064  -0.270188  1.000000  
182.070916 -0.001626  -0.009055  -0.002215  0.417717  0.759533  0.498621  -0.880813  0.473154  0.017156  -0.222894  -0.446358  0.866650  0.000179  0.011661  0.002118  -0.455082  1.222853  -0.282141  1.000000  
182.071923 -0.001627  -0.009043  -0.002212  0.418945  0.759713  0.497314  -0.880591  0.473517  0.018465  -0.221459  -0.445666  0.867374  -0.000043  0.011630  0.002186  -0.469458  1.269132  -0.296763  1.000000  
182.073167 -0.001630  -0.009029  -0.002208  0.420573  0.759954  0.495569  -0.880273  0.474041  0.020118  -0.219632  -0.444697  0.868336  -0.000334  0.011640  0.002309  -0.489497  1.319884  -0.317229  1.000000  
182.074417 -0.001633  -0.009014  -0.002203  0.422200  0.760252  0.493725  -0.879948  0.474573  0.021710  -0.217804  -0.443619  0.869347  -0.000572  0.011760  0.002484  -0.515240  1.371354  -0.329811  1.000000  
182.075667 -0.001635  -0.009000  -0.002199  0.423825  0.760427  0.492060  -0.879618  0.475105  0.023414  -0.215975  -0.442748  0.870246  -0.000778  0.011858  0.002644  -0.531131  1.414663  -0.345451  1.000000  
182.076667 -0.001638  -0.008989  -0.002195  0.424880  0.760783  0.490597  -0.879492  0.475274  0.024660  -0.214407  -0.441954  0.871037  -0.000933  0.011862  0.002861  -0.549013  1.451816  -0.341986  1.000000  
182.077688 -0.001639  -0.008977  -0.002191  0.426103  0.761014  0.489177  -0.879250  0.475657  0.025901  -0.212969  -0.441145  0.871800  -0.001088  0.011848  0.003036  -0.561846  1.492169  -0.353738  1.000000  
182.078924 -0.001640  -0.008962  -0.002185  0.427749  0.761294  0.487301  -0.878955  0.476097  0.027750  -0.210877  -0.440186  0.872793  -0.001172  0.011880  0.003273  -0.580162  1.539865  -0.368924  1.000000  
182.080172 -0.001642  -0.008947  -0.002180  0.429213  0.761669  0.485425  -0.878741  0.476387  0.029496  -0.208784  -0.439222  0.873781  -0.001222  0.011892  0.003372  -0.597476  1.585029  -0.370202  1.000000  
182.081173 -0.001643  -0.008936  -0.002174  0.430445  0.761860  0.484032  -0.878510  0.476724  0.030893  -0.207214  -0.438524  0.874505  -0.001339  0.011855  0.003561  -0.611719  1.618684  -0.369031  1.000000  
182.082185 -0.001645  -0.008925  -0.002170  0.431688  0.762076  0.482583  -0.878300  0.477012  0.032393  -0.205512  -0.437836  0.875251  -0.001476  0.011725  0.003717  -0.620286  1.659016  -0.371872  1.000000  
182.083416 -0.001647  -0.008911  -0.002161  0.433147  0.762444  0.480689  -0.878069  0.477315  0.034132  -0.203416  -0.436863  0.876226  -0.001600  0.011564  0.004070  -0.636772  1.694930  -0.368359  1.000000  
182.084416 -0.001649  -0.008902  -0.002154  0.434399  0.762683  0.479179  -0.877874  0.477557  0.035734  -0.201582  -0.436181  0.876989  -0.001697  0.011330  0.004353  -0.650379  1.736123  -0.366905  1.000000  
182.085417 -0.001651  -0.008892  -0.002146  0.435651  0.762919  0.477664  -0.877673  0.477804  0.037334  -0.199747  -0.435497  0.877749  -0.001734  0.011178  0.004714  -0.662697  1.763015  -0.362279  1.000000  
182.086418 -0.001654  -0.008885  -0.002137  0.437081  0.763114  0.476044  -0.877378  0.478215  0.038972  -0.197911  -0.434704  0.878558  -0.001882  0.010924  0.005132  -0.676011  1.800060  -0.367767  1.000000  
182.087666 -0.001658  -0.008874  -0.002125  0.438569  0.763494  0.474062  -0.877194  0.478376  0.041076  -0.195418  -0.433859  0.879533  -0.001973  0.010661  0.005635  -0.688188  1.842006  -0.360328  1.000000  
182.088667 -0.001661  -0.008866  -0.002114  0.439996  0.763627  0.472523  -0.876887  0.478791  0.042768  -0.193581  -0.433166  0.880280  -0.002024  0.010434  0.006095  -0.698276  1.880244  -0.361172  1.000000  
182.089667 -0.001666  -0.008859  -0.002103  0.441252  0.763826  0.471027  -0.876688  0.478995  0.044523  -0.191612  -0.432589  0.880995  -0.002172  0.010180  0.006659  -0.702697  1.911332  -0.354775  1.000000  
182.090917 -0.001669  -0.008849  -0.002087  0.442925  0.764128  0.468962  -0.876414  0.479276  0.046822  -0.188984  -0.431744  0.881976  -0.002214  0.009854  0.007420  -0.710255  1.957349  -0.349030  1.000000  
182.091918 -0.001673  -0.008841  -0.002074  0.444358  0.764282  0.467352  -0.876112  0.479651  0.048611  -0.187013  -0.431054  0.882734  -0.002380  0.009613  0.008045  -0.719360  1.983074  -0.341738  1.000000  
182.093166 -0.001678  -0.008832  -0.002057  0.445993  0.764445  0.465526  -0.875755  0.480091  0.050646  -0.184778  -0.430275  0.883584  -0.002536  0.009245  0.008781  -0.722950  2.004956  -0.348189  1.000000  
182.094168 -0.001682  -0.008824  -0.002042  0.447422  0.764540  0.463996  -0.875440  0.480468  0.052489  -0.182806  -0.429686  0.884281  -0.002736  0.008982  0.009477  -0.727579  2.027764  -0.346105  1.000000  
182.095172 -0.001686  -0.008817  -0.002026  0.448659  0.764818  0.462341  -0.875190  0.480755  0.054011  -0.180964  -0.428869  0.885056  -0.002963  0.008632  0.010310  -0.736059  2.050362  -0.344378  1.000000  
182.096176 -0.001691  -0.008810  -0.002009  0.450085  0.764966  0.460707  -0.874864  0.481145  0.055790  -0.178989  -0.428167  0.885797  -0.003198  0.008329  0.011089  -0.740178  2.078866  -0.343668  1.000000  
182.097426 -0.001698  -0.008802  -0.001987  0.451743  0.765255  0.458599  -0.874544  0.481457  0.058072  -0.176356  -0.427298  0.886744  -0.003539  0.007937  0.012108  -0.741454  2.113977  -0.336669  1.000000  
182.098675 -0.001706  -0.008796  -0.001963  0.453589  0.765469  0.456415  -0.874142  0.481882  0.060549  -0.173590  -0.426435  0.887705  -0.003914  0.007513  0.013202  -0.741260  2.159848  -0.331759  1.000000  
182.099921 -0.001714  -0.008789  -0.001937  0.455421  0.765654  0.454275  -0.873709  0.482364  0.062916  -0.170954  -0.425557  0.888637  -0.004287  0.007155  0.014324  -0.741399  2.194204  -0.333070  1.000000  
182.101170 -0.001723  -0.008783  -0.001909  0.457270  0.765889  0.452015  -0.873305  0.482751  0.065490  -0.168053  -0.424694  0.889603  -0.004653  0.006893  0.015347  -0.743086  2.233528  -0.324410  1.000000  
182.102417 -0.001733  -0.008777  -0.001880  0.459106  0.766095  0.449800  -0.872871  0.483196  0.067955  -0.165282  -0.423816  0.890540  -0.005030  0.006616  0.016520  -0.743811  2.264042  -0.323009  1.000000  
182.103666 -0.001742  -0.008772  -0.001850  0.460748  0.766426  0.447553  -0.872502  0.483548  0.070158  -0.162642  -0.422815  0.891501  -0.005394  0.006325  0.017646  -0.742757  2.288016  -0.314885  1.000000  
182.104666 -0.001750  -0.008766  -0.001825  0.461997  0.766711  0.445773  -0.872256  0.483715  0.072034  -0.160398  -0.422107  0.892243  -0.005588  0.006180  0.018538  -0.741176  2.307788  -0.307832  1.000000  
182.105916 -0.001759  -0.008760  -0.001791  0.464002  0.766809  0.443515  -0.871698  0.484336  0.074577  -0.157624  -0.421215  0.893159  -0.005964  0.005967  0.019738  -0.738470  2.343119  -0.306318  1.000000  
182.106917 -0.001766  -0.008755  -0.001763  0.465784  0.766845  0.441581  -0.871151  0.484995  0.076661  -0.155377  -0.420391  0.893940  -0.006211  0.005748  0.020734  -0.735792  2.379170  -0.321911  1.000000  
182.107918 -0.001775  -0.008749  -0.001736  0.467394  0.766951  0.439692  -0.870709  0.485441  0.078815  -0.152998  -0.419681  0.894684  -0.006563  0.005628  0.021782  -0.736361  2.404251  -0.322267  1.000000  
182.109166 -0.001785  -0.008743  -0.001699  0.469208  0.767194  0.437329  -0.870217  0.485932  0.081194  -0.150220  -0.418668  0.895629  -0.006891  0.005450  0.022854  -0.737415  2.430753  -0.328536  1.000000  
182.110166 -0.001794  -0.008737  -0.001668  0.470991  0.767196  0.435406  -0.869662  0.486547  0.083429  -0.147839  -0.417950  0.896360  -0.007182  0.005346  0.023879  -0.732414  2.459243  -0.339989  1.000000  
182.111167 -0.001803  -0.008732  -0.001637  0.472779  0.767222  0.433417  -0.869115  0.487118  0.085765  -0.145324  -0.417237  0.897103  -0.007458  0.005225  0.024853  -0.731640  2.496112  -0.347527  1.000000  
182.112170 -0.001812  -0.008726  -0.001605  0.474546  0.767245  0.431442  -0.868525  0.487802  0.087827  -0.143073  -0.416396  0.897856  -0.007663  0.005159  0.025810  -0.735130  2.521672  -0.361202  1.000000  
182.113174 -0.001821  -0.008722  -0.001571  0.476140  0.767340  0.429512  -0.868042  0.488273  0.089960  -0.140689  -0.415668  0.898569  -0.007919  0.005084  0.026752  -0.730548  2.551694  -0.369641  1.000000  
182.114174 -0.001831  -0.008716  -0.001539  0.478088  0.767283  0.427443  -0.867354  0.489075  0.092205  -0.138304  -0.414827  0.899328  -0.008191  0.005109  0.027683  -0.732978  2.579519  -0.389587  1.000000  
182.115177 -0.001841  -0.008710  -0.001505  0.479863  0.767300  0.425420  -0.866772  0.489665  0.094523  -0.135786  -0.414100  0.900046  -0.008391  0.005172  0.028550  -0.732662  2.608276  -0.401338  1.000000  
182.116420 -0.001854  -0.008702  -0.001462  0.482035  0.767401  0.422775  -0.866059  0.490370  0.097358  -0.132604  -0.413078  0.900990  -0.008572  0.005336  0.029570  -0.733597  2.641900  -0.412459  1.000000  
182.117669 -0.001866  -0.008694  -0.001420  0.484565  0.767271  0.420110  -0.865148  0.491339  0.100523  -0.129288  -0.412167  0.901888  -0.008791  0.005496  0.030379  -0.732294  2.684737  -0.433666  1.000000  
182.118917 -0.001878  -0.008683  -0.001375  0.487096  0.767164  0.417368  -0.864235  0.492267  0.103784  -0.125838  -0.411257  0.902792  -0.009001  0.005769  0.031382  -0.735439  2.731899  -0.452967  1.000000  
182.119923 -0.001888  -0.008675  -0.001339  0.489039  0.767145  0.415126  -0.863520  0.493004  0.106207  -0.123182  -0.410409  0.903543  -0.009142  0.005977  0.032009  -0.738799  2.759025  -0.473288  1.000000  
182.121166 -0.001900  -0.008663  -0.001292  0.491372  0.767105  0.412436  -0.862663  0.493837  0.109260  -0.119862  -0.409480  0.904411  -0.009348  0.006383  0.032916  -0.739415  2.795447  -0.490690  1.000000  
182.122420 -0.001914  -0.008651  -0.001244  0.493698  0.767111  0.409637  -0.861789  0.494692  0.112244  -0.116541  -0.408436  0.905317  -0.009616  0.006729  0.033804  -0.749037  2.832092  -0.499914  1.000000  
182.123668 -0.001929  -0.008638  -0.001195  0.496032  0.767167  0.406703  -0.860926  0.495462  0.115429  -0.112952  -0.407397  0.906239  -0.009882  0.007144  0.034573  -0.754369  2.875370  -0.505855  1.000000  
182.124917 -0.001944  -0.008625  -0.001145  0.498536  0.767116  0.403727  -0.859943  0.496398  0.118688  -0.109362  -0.406352  0.907148  -0.010179  0.007593  0.035443  -0.758279  2.931647  -0.530337  1.000000  
182.125917 -0.001957  -0.008614  -0.001105  0.500465  0.767133  0.401300  -0.859189  0.497076  0.121284  -0.106436  -0.405491  0.907881  -0.010461  0.007946  0.036018  -0.762909  2.965771  -0.539204  1.000000  
182.127167 -0.001974  -0.008600  -0.001054  0.502968  0.767176  0.398076  -0.858196  0.497951  0.124673  -0.102577  -0.404334  0.908841  -0.010798  0.008444  0.036723  -0.772990  3.009345  -0.553632  1.000000  
182.128172 -0.001988  -0.008588  -0.001012  0.505061  0.767083  0.395597  -0.857312  0.498801  0.127335  -0.099648  -0.403462  0.909554  -0.011084  0.008891  0.037269  -0.777721  3.044667  -0.570777  1.000000  
182.129177 -0.002001  -0.008576  -0.000971  0.507149  0.766986  0.393107  -0.856414  0.499657  0.129989  -0.096719  -0.402586  0.910258  -0.011379  0.009439  0.037921  -0.783001  3.086777  -0.586348  1.000000  
182.130424 -0.002019  -0.008560  -0.000918  0.509621  0.766939  0.389989  -0.855359  0.500590  0.133303  -0.092989  -0.401514  0.911120  -0.011703  0.009994  0.038613  -0.789494  3.122198  -0.604699  1.000000  
182.131674 -0.002035  -0.008542  -0.000864  0.512090  0.766961  0.386697  -0.854295  0.501504  0.136649  -0.089125  -0.400330  0.912027  -0.012020  0.010603  0.039459  -0.799876  3.163211  -0.619343  1.000000  
182.132928 -0.002052  -0.008524  -0.000809  0.514725  0.766874  0.383357  -0.853106  0.502587  0.140062  -0.085260  -0.399137  0.912918  -0.012337  0.011217  0.040155  -0.805243  3.214324  -0.647205  1.000000  
182.134166 -0.002070  -0.008505  -0.000751  0.517525  0.766677  0.379967  -0.851788  0.503838  0.143540  -0.081393  -0.397937  0.913795  -0.012670  0.011841  0.041047  -0.814232  3.267655  -0.681413  1.000000  
182.135167 -0.002084  -0.008489  -0.000705  0.519580  0.766630  0.377246  -0.850824  0.504705  0.146188  -0.078326  -0.396926  0.914502  -0.012930  0.012325  0.041676  -0.824216  3.307166  -0.697623  1.000000  
182.136169 -0.002097  -0.008473  -0.000659  0.521460  0.766666  0.374572  -0.849963  0.505359  0.148916  -0.075124  -0.396026  0.915161  -0.013143  0.012753  0.042293  -0.828963  3.333867  -0.696965  1.000000  
182.137417 -0.002116  -0.008453  -0.000599  0.524071  0.766683  0.370873  -0.848722  0.506365  0.152532  -0.070854  -0.394706  0.916072  -0.013443  0.013222  0.043012  -0.845216  3.389834  -0.707232  1.000000  
182.138668 -0.002135  -0.008433  -0.000538  0.526666  0.766620  0.367311  -0.847450  0.507409  0.156089  -0.066716  -0.393484  0.916907  -0.013723  0.013776  0.043857  -0.852662  3.439956  -0.727521  1.000000  
182.139919 -0.002154  -0.008412  -0.000478  0.529070  0.766627  0.363825  -0.846258  0.508352  0.159453  -0.062710  -0.392251  0.917718  -0.014037  0.014248  0.044605  -0.866521  3.477704  -0.730729  1.000000  
182.141166 -0.002174  -0.008392  -0.000415  0.531810  0.766505  0.360067  -0.844826  0.509662  0.162828  -0.058704  -0.390788  0.918607  -0.014264  0.014686  0.045396  -0.886154  3.509815  -0.747481  1.000000  
182.142169 -0.002190  -0.008375  -0.000364  0.533820  0.766453  0.357191  -0.843775  0.510537  0.165517  -0.055498  -0.389745  0.919249  -0.014433  0.015063  0.046008  -0.894620  3.543349  -0.751929  1.000000  
182.143416 -0.002210  -0.008354  -0.000299  0.536535  0.766330  0.353368  -0.842298  0.511934  0.168697  -0.051623  -0.388153  0.920148  -0.014692  0.015527  0.047039  -0.919489  3.582411  -0.770434  1.000000  
182.144417 -0.002226  -0.008336  -0.000246  0.538704  0.766231  0.350268  -0.841110  0.512961  0.171477  -0.048283  -0.386989  0.920819  -0.014760  0.015780  0.047616  -0.931828  3.618570  -0.781533  1.000000  
182.145420 -0.002242  -0.008318  -0.000193  0.540862  0.766056  0.347313  -0.839903  0.514019  0.174205  -0.045075  -0.385930  0.921426  -0.014866  0.016142  0.048340  -0.946122  3.646547  -0.801168  1.000000  
182.146670 -0.002262  -0.008296  -0.000126  0.543553  0.765990  0.343234  -0.838383  0.515320  0.177650  -0.040797  -0.384323  0.922297  -0.015099  0.016445  0.049206  -0.968708  3.686315  -0.812053  1.000000  
182.147920 -0.002281  -0.008273  -0.000057  0.546397  0.765709  0.339323  -0.836718  0.516857  0.181002  -0.036786  -0.382816  0.923092  -0.015241  0.016709  0.050102  -0.991410  3.714167  -0.828051  1.000000  
182.149169 -0.002301  -0.008252  0.000012  0.549224  0.765390  0.335457  -0.835027  0.518449  0.184231  -0.032909  -0.381300  0.923866  -0.015428  0.016908  0.050943  -1.010282  3.733983  -0.847986  1.000000  
182.150418 -0.002321  -0.008229  0.000079  0.551866  0.765126  0.331701  -0.833427  0.519872  0.187436  -0.029030  -0.379888  0.924577  -0.015606  0.017089  0.051594  -1.029145  3.757932  -0.865712  1.000000  
182.151428 -0.002338  -0.008212  0.000134  0.553972  0.764954  0.328571  -0.832134  0.520999  0.190031  -0.025820  -0.378688  0.925164  -0.015788  0.017145  0.052052  -1.042565  3.777474  -0.875950  1.000000  
182.152666 -0.002359  -0.008190  0.000203  0.556764  0.764633  0.324577  -0.830385  0.522583  0.193310  -0.021807  -0.377152  0.925895  -0.015997  0.017293  0.052767  -1.063010  3.807171  -0.901208  1.000000  
182.153917 -0.002381  -0.008169  0.000273  0.559371  0.764397  0.320625  -0.828729  0.523956  0.196669  -0.017661  -0.375722  0.926564  -0.016131  0.017356  0.053381  -1.081821  3.829071  -0.918825  1.000000  
182.155167 -0.002403  -0.008148  0.000343  0.562133  0.764054  0.316588  -0.826934  0.525564  0.199907  -0.013647  -0.374172  0.927259  -0.016365  0.017401  0.053951  -1.097492  3.852521  -0.937441  1.000000  
182.156417 -0.002426  -0.008125  0.000414  0.564880  0.763737  0.312436  -0.825117  0.527208  0.203061  -0.009633  -0.372502  0.927982  -0.016495  0.017532  0.054438  -1.122094  3.859289  -0.963128  1.000000  
182.157667 -0.002449  -0.008103  0.000484  0.567782  0.763261  0.308313  -0.823160  0.528998  0.206322  -0.005620  -0.370936  0.928641  -0.016725  0.017580  0.054851  -1.139009  3.875008  -0.984997  1.000000  
182.158667 -0.002467  -0.008085  0.000541  0.569990  0.762966  0.304949  -0.821648  0.530365  0.208825  -0.002408  -0.369589  0.929192  -0.016879  0.017609  0.055214  -1.158514  3.893489  -1.006696  1.000000  
182.159923 -0.002491  -0.008061  0.000612  0.572863  0.762467  0.300786  -0.819649  0.532177  0.212044  0.001606  -0.368011  0.929820  -0.017096  0.017716  0.055457  -1.173823  3.908729  -1.026147  1.000000  
182.161167 -0.002515  -0.008038  0.000684  0.575889  0.761781  0.296719  -0.817510  0.534171  0.215265  0.005486  -0.366540  0.930386  -0.017450  0.017781  0.055769  -1.190393  3.922030  -1.064304  1.000000  
182.162174 -0.002535  -0.008019  0.000740  0.578062  0.761392  0.293471  -0.815948  0.535579  0.217680  0.008563  -0.365290  0.930854  -0.017734  0.017829  0.055898  -1.201179  3.924840  -1.081942  1.000000  
182.163420 -0.002559  -0.007996  0.000810  0.580725  0.760918  0.289416  -0.814009  0.537412  0.220406  0.012175  -0.363582  0.931483  -0.018031  0.017897  0.056051  -1.225919  3.919616  -1.105516  1.000000  
182.164422 -0.002578  -0.007977  0.000867  0.583043  0.760429  0.286021  -0.812296  0.538952  0.222950  0.015386  -0.362323  0.931926  -0.018246  0.018007  0.056172  -1.237199  3.930267  -1.128230  1.000000  
182.165423 -0.002599  -0.007959  0.000922  0.585351  0.759904  0.282684  -0.810570  0.540539  0.225377  0.018463  -0.361060  0.932360  -0.018541  0.018013  0.056157  -1.252541  3.932148  -1.153985  1.000000  
182.166681 -0.002623  -0.007936  0.000990  0.588136  0.759334  0.278403  -0.808450  0.542412  0.228471  0.022476  -0.359447  0.932895  -0.018762  0.018136  0.056142  -1.265991  3.935509  -1.187680  1.000000  
182.167924 -0.002648  -0.007911  0.001058  0.591070  0.758638  0.274053  -0.806185  0.544452  0.231596  0.026489  -0.357827  0.933412  -0.018991  0.018339  0.056040  -1.284602  3.936797  -1.223454  1.000000  
182.169166 -0.002673  -0.007887  0.001127  0.593988  0.757932  0.269662  -0.803901  0.546571  0.234529  0.030368  -0.356089  0.933959  -0.019166  0.018548  0.055945  -1.302754  3.941908  -1.255888  1.000000  
182.170166 -0.002692  -0.007867  0.001180  0.596244  0.757395  0.266168  -0.802107  0.548219  0.236814  0.033443  -0.354694  0.934384  -0.019225  0.018717  0.055763  -1.319280  3.939801  -1.286026  1.000000  
182.171167 -0.002711  -0.007847  0.001233  0.598650  0.756732  0.262629  -0.800171  0.549963  0.239304  0.036653  -0.353407  0.934751  -0.019323  0.018884  0.055536  -1.331312  3.952340  -1.315072  1.000000  
182.172417 -0.002734  -0.007821  0.001299  0.601686  0.755872  0.258132  -0.797704  0.552266  0.242220  0.040530  -0.351653  0.935252  -0.019304  0.019080  0.055223  -1.345886  3.956336  -1.349574  1.000000  
182.173667 -0.002756  -0.007795  0.001364  0.604534  0.755106  0.253679  -0.795333  0.554357  0.245222  0.044540  -0.350005  0.935688  -0.019233  0.019299  0.054875  -1.357040  3.962586  -1.375955  1.000000  
182.174916 -0.002777  -0.007768  0.001429  0.607200  0.754440  0.249256  -0.793064  0.556303  0.248146  0.048550  -0.348350  0.936106  -0.019105  0.019568  0.054462  -1.367705  3.965087  -1.392612  1.000000  
182.176166 -0.002798  -0.007741  0.001493  0.610178  0.753530  0.244693  -0.790528  0.558637  0.250978  0.052425  -0.346578  0.936555  -0.018833  0.019807  0.053952  -1.382692  3.963692  -1.428151  1.000000  
182.177167 -0.002813  -0.007719  0.001544  0.612501  0.752863  0.240914  -0.788491  0.560348  0.253558  0.055899  -0.345263  0.936840  -0.018582  0.019996  0.053623  -1.388226  3.970769  -1.444768  1.000000  
182.178169 -0.002829  -0.007698  0.001594  0.614819  0.752129  0.237274  -0.786450  0.562139  0.255921  0.059105  -0.343949  0.937126  -0.018395  0.020197  0.053185  -1.397462  3.978033  -1.464442  1.000000  
182.179174 -0.002844  -0.007675  0.001644  0.617129  0.751357  0.233697  -0.784401  0.563972  0.258166  0.062176  -0.342635  0.937409  -0.017972  0.020487  0.052679  -1.406111  3.982692  -1.488691  1.000000  
182.180176 -0.002858  -0.007653  0.001694  0.619427  0.750574  0.230107  -0.782338  0.565811  0.260394  0.065247  -0.341317  0.937681  -0.017590  0.020735  0.052340  -1.419401  3.983891  -1.514566  1.000000  
182.181178 -0.002872  -0.007631  0.001743  0.621861  0.749720  0.226293  -0.780119  0.567739  0.262845  0.068585  -0.339989  0.937925  -0.017184  0.020956  0.051928  -1.429776  3.997200  -1.544425  1.000000  
182.182422 -0.002889  -0.007603  0.001805  0.624896  0.748553  0.221749  -0.777338  0.570213  0.265712  0.072455  -0.338417  0.938203  -0.016683  0.021203  0.051556  -1.437428  3.999347  -1.577828  1.000000  
182.183668 -0.002904  -0.007574  0.001867  0.627891  0.747481  0.216855  -0.774511  0.572622  0.268771  0.076725  -0.336715  0.938475  -0.016094  0.021538  0.051170  -1.454966  4.013751  -1.615040  1.000000  
