1-Time 2-Px 3-Py 4-Pz 5-R11 6-R21 7-R31 8-R12 9-R22 10-R32 11-R13 12-R23 13-R33 14-Vx 15-Vy 16-Vz 17-Wx 18-Wy 19-Wz 20-state
30.618480 0.000045  -0.010100  0.001702  0.447743  0.751981  0.483787  -0.892785  0.405991  0.195210  -0.049619  -0.519322  0.853137  -0.000296  -0.000365  0.000427  0.000000  0.000000  0.000000  1.000000  
30.619612 0.000044  -0.010099  0.001703  0.447743  0.751923  0.483879  -0.892785  0.405967  0.195259  -0.049619  -0.519425  0.853074  -0.000334  0.000345  0.001048  0.000000  0.000000  0.000000  1.000000  
30.620859 0.000047  -0.010095  0.001701  0.447746  0.751895  0.483919  -0.892791  0.405881  0.195411  -0.049485  -0.519532  0.853017  0.001023  0.002440  -0.000266  0.000000  0.000000  0.000000  1.000000  
30.621880 0.000049  -0.010089  0.001700  0.447562  0.751920  0.484050  -0.892883  0.405703  0.195360  -0.049485  -0.519636  0.852954  0.001304  0.003621  -0.000742  0.000000  0.000000  0.000000  1.000000  
30.623113 0.000050  -0.010085  0.001700  0.447565  0.751893  0.484090  -0.892889  0.405617  0.195511  -0.049352  -0.519743  0.852896  0.001331  0.003541  -0.000555  0.000000  0.000000  0.000000  1.000000  
30.624362 0.000051  -0.010082  0.001700  0.447565  0.751834  0.484181  -0.892889  0.405593  0.195561  -0.049352  -0.519846  0.852833  0.001101  0.003203  -0.000371  0.000000  0.000000  0.000000  1.000000  
30.625365 0.000051  -0.010079  0.001701  0.447565  0.751775  0.484273  -0.892889  0.405570  0.195610  -0.049352  -0.519950  0.852770  0.001002  0.003250  -0.000209  0.000000  0.000000  0.000000  1.000000  
30.626504 0.000052  -0.010074  0.001700  0.447384  0.751831  0.484353  -0.892987  0.405329  0.195661  -0.049218  -0.520056  0.852713  0.000990  0.003406  -0.000195  0.000000  0.000000  0.000000  1.000000  
30.627614 0.000052  -0.010068  0.001699  0.447384  0.751772  0.484444  -0.892987  0.405305  0.195710  -0.049218  -0.520160  0.852650  0.000887  0.003654  -0.000362  0.000000  0.000000  0.000000  1.000000  
30.628616 0.000052  -0.010064  0.001698  0.447387  0.751803  0.484393  -0.892993  0.405243  0.195812  -0.049084  -0.520163  0.852655  0.000725  0.003676  -0.000373  0.000000  0.000000  0.000000  1.000000  
30.629859 0.000052  -0.010059  0.001697  0.447387  0.751745  0.484484  -0.892993  0.405219  0.195862  -0.049084  -0.520267  0.852592  0.000634  0.003738  -0.000446  0.000000  0.000000  0.000000  1.000000  
30.630859 0.000052  -0.010054  0.001696  0.447206  0.751800  0.484565  -0.893091  0.404978  0.195913  -0.048951  -0.520374  0.852535  0.000629  0.003800  -0.000514  0.000000  0.000000  0.000000  1.000000  
30.631867 0.000053  -0.010049  0.001696  0.447206  0.751742  0.484656  -0.893091  0.404955  0.195962  -0.048951  -0.520477  0.852471  0.000661  0.003882  -0.000485  0.000000  0.000000  0.000000  1.000000  
30.633109 0.000055  -0.010042  0.001693  0.447209  0.751714  0.484696  -0.893096  0.404869  0.196113  -0.048817  -0.520584  0.852414  0.000727  0.004053  -0.000644  0.000000  0.000000  0.000000  1.000000  
30.634109 0.000057  -0.010035  0.001689  0.447209  0.751655  0.484787  -0.893096  0.404845  0.196162  -0.048817  -0.520687  0.852351  0.000823  0.004310  -0.000853  0.000000  0.000000  0.000000  1.000000  
30.635109 0.000061  -0.010026  0.001687  0.447209  0.751596  0.484878  -0.893096  0.404821  0.196211  -0.048817  -0.520791  0.852288  0.001036  0.004816  -0.000995  0.000000  0.000000  0.000000  1.000000  
30.636112 0.000064  -0.010017  0.001685  0.447025  0.751680  0.484919  -0.893188  0.404666  0.196112  -0.048817  -0.520791  0.852288  0.001117  0.005099  -0.001069  0.000000  0.000000  0.000000  1.000000  
30.637359 0.000067  -0.010006  0.001683  0.447028  0.751652  0.484959  -0.893194  0.404580  0.196263  -0.048683  -0.520897  0.852230  0.001153  0.005363  -0.001010  0.000000  0.000000  0.000000  1.000000  
30.638364 0.000068  -0.009999  0.001682  0.447028  0.751593  0.485050  -0.893194  0.404556  0.196312  -0.048683  -0.521001  0.852167  0.001161  0.005740  -0.001137  0.000000  0.000000  0.000000  1.000000  
30.639366 0.000068  -0.009992  0.001682  0.447028  0.751593  0.485050  -0.893194  0.404556  0.196312  -0.048683  -0.521001  0.852167  0.001199  0.006044  -0.001222  0.000000  0.000000  0.000000  1.000000  
30.640616 0.000070  -0.009982  0.001680  0.447031  0.751625  0.484999  -0.893200  0.404494  0.196414  -0.048550  -0.521004  0.852172  0.001258  0.006395  -0.001335  0.000000  0.000000  0.000000  1.000000  
30.641865 0.000072  -0.009971  0.001678  0.447031  0.751566  0.485090  -0.893200  0.404470  0.196463  -0.048550  -0.521107  0.852109  0.001313  0.006681  -0.001471  0.000000  0.000000  0.000000  1.000000  
30.643110 0.000072  -0.009962  0.001676  0.447031  0.751566  0.485090  -0.893200  0.404470  0.196463  -0.048550  -0.521107  0.852109  0.001380  0.006951  -0.001505  0.000000  0.000000  0.000000  1.000000  
30.644360 0.000072  -0.009954  0.001672  0.447031  0.751566  0.485090  -0.893200  0.404470  0.196463  -0.048550  -0.521107  0.852109  0.001431  0.007173  -0.001666  0.000000  0.000000  0.000000  1.000000  
30.645612 0.000074  -0.009946  0.001671  0.447034  0.751538  0.485130  -0.893206  0.404384  0.196614  -0.048416  -0.521214  0.852051  0.001458  0.007346  -0.001644  0.000000  0.000000  0.000000  1.000000  
30.646858 0.000077  -0.009935  0.001670  0.447034  0.751538  0.485130  -0.893206  0.404384  0.196614  -0.048416  -0.521214  0.852051  0.001560  0.007631  -0.001731  0.000000  0.000000  0.000000  1.000000  
30.647865 0.000079  -0.009926  0.001667  0.447034  0.751538  0.485130  -0.893206  0.404384  0.196614  -0.048416  -0.521214  0.852051  0.001657  0.007875  -0.001736  0.000000  0.000000  0.000000  1.000000  
30.649109 0.000082  -0.009915  0.001664  0.447218  0.751396  0.485181  -0.893114  0.404515  0.196763  -0.048416  -0.521318  0.851988  0.001644  0.007959  -0.001661  0.000000  0.000000  0.000000  1.000000  
30.650361 0.000084  -0.009905  0.001662  0.447218  0.751396  0.485181  -0.893114  0.404515  0.196763  -0.048416  -0.521318  0.851988  0.001472  0.007876  -0.001553  0.000000  0.000000  0.000000  1.000000  
30.651609 0.000085  -0.009896  0.001662  0.447218  0.751337  0.485272  -0.893114  0.404491  0.196812  -0.048416  -0.521421  0.851925  0.001319  0.007757  -0.001475  0.000000  0.000000  0.000000  1.000000  
30.652609 0.000086  -0.009889  0.001661  0.447221  0.751368  0.485221  -0.893120  0.404429  0.196914  -0.048283  -0.521424  0.851930  0.001248  0.007719  -0.001494  0.000000  0.000000  0.000000  1.000000  
30.653860 0.000086  -0.009880  0.001658  0.447221  0.751368  0.485221  -0.893120  0.404429  0.196914  -0.048283  -0.521424  0.851930  0.001238  0.007721  -0.001575  0.000000  0.000000  0.000000  1.000000  
30.654863 0.000086  -0.009875  0.001656  0.447404  0.751285  0.485180  -0.893027  0.404583  0.197014  -0.048283  -0.521424  0.851930  0.001138  0.007595  -0.001676  0.000000  0.000000  0.000000  1.000000  
30.655870 0.000085  -0.009868  0.001653  0.447404  0.751226  0.485272  -0.893027  0.404559  0.197063  -0.048283  -0.521528  0.851867  0.000958  0.007439  -0.001767  0.000000  0.000000  0.000000  1.000000  
30.657116 0.000085  -0.009860  0.001649  0.447404  0.751226  0.485272  -0.893027  0.404559  0.197063  -0.048283  -0.521528  0.851867  0.000853  0.007291  -0.001866  0.000000  0.000000  0.000000  1.000000  
30.658362 0.000083  -0.009853  0.001646  0.447588  0.751143  0.485231  -0.892935  0.404714  0.197163  -0.048283  -0.521528  0.851867  0.000751  0.007204  -0.001940  0.000000  0.000000  0.000000  1.000000  
30.659611 0.000083  -0.009846  0.001644  0.447591  0.751174  0.485180  -0.892941  0.404652  0.197264  -0.048149  -0.521531  0.851873  0.000682  0.007147  -0.001938  0.000000  0.000000  0.000000  1.000000  
30.660612 0.000083  -0.009840  0.001642  0.447591  0.751174  0.485180  -0.892941  0.404652  0.197264  -0.048149  -0.521531  0.851873  0.000642  0.007063  -0.001957  0.000000  0.000000  0.000000  1.000000  
30.661859 0.000086  -0.009830  0.001640  0.447778  0.751181  0.484997  -0.892855  0.404768  0.197417  -0.048015  -0.521431  0.851941  0.000605  0.006960  -0.001984  0.000000  0.000000  0.000000  1.000000  
30.663109 0.000088  -0.009820  0.001637  0.447778  0.751181  0.484997  -0.892855  0.404768  0.197417  -0.048015  -0.521431  0.851941  0.000535  0.006903  -0.001981  0.000000  0.000000  0.000000  1.000000  
30.664111 0.000088  -0.009813  0.001636  0.447965  0.751129  0.484905  -0.892768  0.404860  0.197619  -0.047882  -0.521434  0.851947  0.000381  0.006802  -0.001925  0.000000  0.000000  0.000000  1.000000  
30.665359 0.000089  -0.009805  0.001634  0.447967  0.751160  0.484854  -0.892774  0.404798  0.197721  -0.047748  -0.521438  0.851952  0.000326  0.006680  -0.001918  0.000000  0.000000  0.000000  1.000000  
30.666609 0.000089  -0.009798  0.001631  0.448151  0.751136  0.484722  -0.892682  0.404976  0.197771  -0.047748  -0.521334  0.852016  0.000248  0.006478  -0.002045  0.000000  0.000000  0.000000  1.000000  
30.667861 0.000089  -0.009791  0.001629  0.448338  0.751084  0.484631  -0.892595  0.405069  0.197973  -0.047614  -0.521338  0.852021  0.000191  0.006340  -0.002118  0.000000  0.000000  0.000000  1.000000  
30.669109 0.000088  -0.009785  0.001624  0.448524  0.751031  0.484539  -0.892509  0.405161  0.198175  -0.047481  -0.521341  0.852027  0.000175  0.006295  -0.002246  0.000000  0.000000  0.000000  1.000000  
30.670110 0.000087  -0.009780  0.001620  0.448527  0.751122  0.484396  -0.892514  0.405123  0.198227  -0.047347  -0.521241  0.852095  0.000112  0.006198  -0.002336  0.000000  0.000000  0.000000  1.000000  
30.671359 0.000087  -0.009772  0.001615  0.448717  0.751101  0.484253  -0.892433  0.405153  0.198531  -0.047080  -0.521248  0.852106  0.000124  0.006119  -0.002410  0.000000  0.000000  0.000000  1.000000  
30.672366 0.000087  -0.009766  0.001612  0.448903  0.751107  0.484070  -0.892346  0.405269  0.198683  -0.046946  -0.521147  0.852175  0.000200  0.006132  -0.002397  0.000000  0.000000  0.000000  1.000000  
30.673621 0.000088  -0.009759  0.001610  0.449093  0.751087  0.483926  -0.892265  0.405299  0.198987  -0.046679  -0.521154  0.852185  0.000317  0.006200  -0.002373  0.000000  0.000000  0.000000  1.000000  
30.674864 0.000089  -0.009751  0.001607  0.449279  0.751093  0.483743  -0.892178  0.405416  0.199139  -0.046545  -0.521054  0.852254  0.000402  0.006243  -0.002428  0.000000  0.000000  0.000000  1.000000  
30.676112 0.000091  -0.009741  0.001603  0.449652  0.751048  0.483467  -0.892004  0.405625  0.199492  -0.046278  -0.520957  0.852328  0.000409  0.006308  -0.002559  0.000000  0.000000  0.000000  1.000000  
30.677359 0.000093  -0.009731  0.001598  0.449841  0.751144  0.483141  -0.891923  0.405703  0.199697  -0.046010  -0.520757  0.852464  0.000429  0.006295  -0.002766  0.000000  0.000000  0.000000  1.000000  
30.678612 0.000095  -0.009721  0.001594  0.450217  0.751130  0.482814  -0.891754  0.405850  0.200152  -0.045610  -0.520663  0.852543  0.000534  0.006384  -0.002847  0.000000  0.000000  0.000000  1.000000  
30.679865 0.000097  -0.009713  0.001590  0.450592  0.751174  0.482395  -0.891585  0.406021  0.200558  -0.045209  -0.520465  0.852685  0.000566  0.006346  -0.002948  0.000000  0.000000  0.000000  1.000000  
30.681109 0.000098  -0.009705  0.001585  0.450967  0.751160  0.482066  -0.891415  0.406169  0.201013  -0.044808  -0.520371  0.852764  0.000572  0.006371  -0.003158  0.000000  0.000000  0.000000  1.000000  
30.682111 0.000098  -0.009697  0.001581  0.451156  0.751256  0.481740  -0.891333  0.406248  0.201217  -0.044540  -0.520171  0.852900  0.000568  0.006497  -0.003315  0.000000  0.000000  0.000000  1.000000  
30.683111 0.000098  -0.009690  0.001578  0.451531  0.751241  0.481411  -0.891163  0.406395  0.201672  -0.044139  -0.520077  0.852978  0.000660  0.006666  -0.003319  0.000000  0.000000  0.000000  1.000000  
30.684111 0.000098  -0.009683  0.001574  0.451906  0.751285  0.480991  -0.890993  0.406567  0.202076  -0.043738  -0.519879  0.853120  0.000703  0.006822  -0.003348  0.000000  0.000000  0.000000  1.000000  
30.685359 0.000098  -0.009674  0.001570  0.452467  0.751276  0.480477  -0.890734  0.406833  0.202682  -0.043204  -0.519684  0.853266  0.000738  0.006929  -0.003300  -0.068363  0.241165  -0.069661  1.000000  
30.686359 0.000099  -0.009667  0.001566  0.452844  0.751293  0.480095  -0.890568  0.406919  0.203237  -0.042669  -0.519592  0.853348  0.000760  0.007037  -0.003302  -0.071822  0.263499  -0.072074  1.000000  
30.687359 0.000100  -0.009659  0.001563  0.453035  0.751420  0.479716  -0.890490  0.406937  0.203543  -0.042268  -0.519394  0.853489  0.000832  0.007160  -0.003281  -0.079633  0.278466  -0.070983  1.000000  
30.688363 0.000100  -0.009650  0.001560  0.453409  0.751463  0.479294  -0.890319  0.407110  0.203947  -0.041867  -0.519196  0.853629  0.000829  0.007364  -0.003310  -0.088198  0.292069  -0.072829  1.000000  
30.689613 0.000101  -0.009639  0.001555  0.453786  0.751538  0.478820  -0.890152  0.407221  0.204452  -0.041332  -0.519000  0.853774  0.000814  0.007589  -0.003442  -0.095783  0.314596  -0.075295  1.000000  
30.690615 0.000102  -0.009630  0.001550  0.454162  0.751555  0.478437  -0.889984  0.407308  0.205007  -0.040797  -0.518908  0.853856  0.000746  0.007675  -0.003601  -0.099284  0.337077  -0.077736  1.000000  
30.691865 0.000103  -0.009618  0.001545  0.454541  0.751719  0.477819  -0.889821  0.407383  0.205565  -0.040129  -0.518612  0.854068  0.000691  0.007810  -0.003680  -0.107229  0.356018  -0.074362  1.000000  
30.693110 0.000103  -0.009606  0.001540  0.454919  0.751825  0.477292  -0.889658  0.407434  0.206171  -0.039460  -0.518418  0.854216  0.000536  0.007917  -0.003699  -0.114889  0.382502  -0.074532  1.000000  
30.694360 0.000102  -0.009596  0.001535  0.455295  0.751957  0.476725  -0.889489  0.407572  0.206626  -0.038926  -0.518118  0.854423  0.000414  0.008064  -0.003709  -0.126907  0.397605  -0.073489  1.000000  
30.695608 0.000101  -0.009586  0.001531  0.455673  0.752120  0.476106  -0.889325  0.407648  0.207183  -0.038257  -0.517821  0.854633  0.000263  0.008164  -0.003726  -0.137799  0.413107  -0.069533  1.000000  
30.696609 0.000100  -0.009577  0.001529  0.456046  0.752163  0.475682  -0.889151  0.407823  0.207585  -0.037856  -0.517621  0.854772  0.000141  0.008302  -0.003626  -0.141306  0.431646  -0.074365  1.000000  
30.697609 0.000099  -0.009568  0.001526  0.456422  0.752294  0.475113  -0.888981  0.407962  0.208040  -0.037321  -0.517320  0.854978  0.000032  0.008357  -0.003600  -0.154533  0.450396  -0.073968  1.000000  
30.698614 0.000098  -0.009559  0.001524  0.456794  0.752394  0.474597  -0.888806  0.408163  0.208392  -0.036920  -0.517017  0.855179  -0.000005  0.008529  -0.003402  -0.166220  0.465143  -0.081174  1.000000  
30.699861 0.000097  -0.009548  0.001523  0.457354  0.752530  0.473841  -0.888545  0.408421  0.208996  -0.036251  -0.516615  0.855450  -0.000097  0.008697  -0.003224  -0.178024  0.487748  -0.083805  1.000000  
30.701109 0.000096  -0.009536  0.001520  0.457729  0.752718  0.473180  -0.888374  0.408587  0.209400  -0.035717  -0.516210  0.855717  -0.000218  0.008900  -0.003097  -0.194184  0.499030  -0.085171  1.000000  
30.702359 0.000095  -0.009523  0.001518  0.458471  0.752769  0.472380  -0.888018  0.409002  0.210099  -0.035048  -0.515806  0.855988  -0.000342  0.009032  -0.003000  -0.204030  0.520894  -0.092965  1.000000  
30.703609 0.000094  -0.009510  0.001515  0.459030  0.752904  0.471622  -0.887755  0.409263  0.210701  -0.034379  -0.515403  0.856258  -0.000400  0.009178  -0.002930  -0.219848  0.539516  -0.097897  1.000000  
30.704615 0.000094  -0.009501  0.001513  0.459587  0.752949  0.471007  -0.887488  0.409559  0.211250  -0.033845  -0.515101  0.856461  -0.000516  0.009226  -0.002738  -0.229320  0.562501  -0.103643  1.000000  
30.705617 0.000092  -0.009492  0.001511  0.459961  0.753078  0.470435  -0.887314  0.409702  0.211702  -0.033310  -0.514798  0.856664  -0.000655  0.009171  -0.002553  -0.237322  0.573683  -0.105023  1.000000  
30.706866 0.000091  -0.009479  0.001509  0.460699  0.753039  0.469775  -0.886951  0.410155  0.212347  -0.032775  -0.514496  0.856866  -0.000790  0.009181  -0.002345  -0.245085  0.588519  -0.112335  1.000000  
30.708114 0.000089  -0.009468  0.001508  0.461257  0.753229  0.468923  -0.886685  0.410443  0.212897  -0.032106  -0.513987  0.857197  -0.000925  0.009189  -0.002136  -0.256956  0.607157  -0.117434  1.000000  
30.709359 0.000087  -0.009458  0.001506  0.462177  0.753160  0.468126  -0.886225  0.411078  0.213587  -0.031571  -0.513580  0.857461  -0.001048  0.009193  -0.001950  -0.268653  0.621873  -0.133082  1.000000  
30.710369 0.000085  -0.009450  0.001505  0.462732  0.753317  0.467325  -0.885955  0.411430  0.214033  -0.031036  -0.513068  0.857786  -0.001093  0.009230  -0.001824  -0.280705  0.628975  -0.136888  1.000000  
30.711610 0.000082  -0.009440  0.001502  0.463471  0.753420  0.466425  -0.885591  0.411876  0.214677  -0.030368  -0.512559  0.858115  -0.001248  0.009135  -0.001768  -0.294083  0.646025  -0.146734  1.000000  
30.712858 0.000080  -0.009429  0.001500  0.464394  0.753469  0.465427  -0.885135  0.412418  0.215517  -0.029565  -0.512050  0.858446  -0.001285  0.009107  -0.001690  -0.306022  0.660708  -0.154161  1.000000  
30.713859 0.000078  -0.009421  0.001499  0.464950  0.753656  0.464570  -0.884865  0.412711  0.216062  -0.028896  -0.511540  0.858774  -0.001354  0.009061  -0.001663  -0.322154  0.675630  -0.153371  1.000000  
30.715109 0.000077  -0.009410  0.001497  0.465871  0.753759  0.463477  -0.884407  0.413281  0.216850  -0.028094  -0.510926  0.859165  -0.001326  0.009014  -0.001635  -0.338151  0.690264  -0.160858  1.000000  
30.716111 0.000074  -0.009402  0.001496  0.466426  0.753944  0.462618  -0.884135  0.413576  0.217393  -0.027425  -0.510415  0.859491  -0.001431  0.008922  -0.001554  -0.353283  0.699505  -0.168428  1.000000  
30.717360 0.000072  -0.009390  0.001496  0.467164  0.754187  0.461476  -0.883770  0.414020  0.218033  -0.026623  -0.509696  0.859943  -0.001516  0.008881  -0.001500  -0.373507  0.714210  -0.176036  1.000000  
30.718613 0.000070  -0.009378  0.001495  0.468083  0.754287  0.460379  -0.883307  0.414594  0.218816  -0.025820  -0.509080  0.860332  -0.001655  0.008826  -0.001316  -0.386253  0.734345  -0.191715  1.000000  
30.719868 0.000067  -0.009367  0.001496  0.469003  0.754474  0.459135  -0.882846  0.415135  0.219649  -0.024884  -0.508362  0.860784  -0.001770  0.008774  -0.001167  -0.409524  0.754601  -0.200817  1.000000  
30.721109 0.000063  -0.009357  0.001497  0.470104  0.754518  0.457936  -0.882286  0.415808  0.220625  -0.023948  -0.507747  0.861173  -0.001961  0.008646  -0.000882  -0.421930  0.774021  -0.216250  1.000000  
30.722120 0.000059  -0.009350  0.001497  0.471021  0.754614  0.456833  -0.881818  0.416386  0.221403  -0.023145  -0.507130  0.861559  -0.002145  0.008476  -0.000810  -0.437314  0.794610  -0.233919  1.000000  
30.723363 0.000053  -0.009340  0.001497  0.472120  0.754766  0.455446  -0.881255  0.417115  0.222274  -0.022209  -0.506304  0.862069  -0.002384  0.008380  -0.000642  -0.461560  0.816646  -0.253640  1.000000  
30.724613 0.000047  -0.009331  0.001498  0.473039  0.755065  0.453994  -0.880791  0.417571  0.223252  -0.021005  -0.505480  0.862582  -0.002588  0.008289  -0.000490  -0.481807  0.846301  -0.260473  1.000000  
30.725615 0.000043  -0.009324  0.001498  0.473956  0.755221  0.452776  -0.880323  0.418035  0.224228  -0.019935  -0.504864  0.862969  -0.002759  0.008281  -0.000359  -0.493898  0.872128  -0.269544  1.000000  
30.726859 0.000037  -0.009314  0.001499  0.475053  0.755400  0.451327  -0.879755  0.418711  0.225194  -0.018864  -0.504036  0.863476  -0.002943  0.008206  -0.000199  -0.514160  0.901763  -0.284798  1.000000  
30.727866 0.000032  -0.009307  0.001499  0.475966  0.755521  0.450161  -0.879281  0.419238  0.226064  -0.017928  -0.503417  0.863858  -0.003225  0.008113  -0.000090  -0.530237  0.927471  -0.293836  1.000000  
30.729109 0.000026  -0.009298  0.001499  0.477062  0.755727  0.448652  -0.878711  0.419858  0.227127  -0.016724  -0.502589  0.864364  -0.003460  0.008105  0.000068  -0.546082  0.953008  -0.304338  1.000000  
30.730359 0.000020  -0.009288  0.001501  0.478157  0.756018  0.446993  -0.878139  0.420450  0.228238  -0.015386  -0.501655  0.864931  -0.003762  0.008036  0.000229  -0.566497  0.982415  -0.311451  1.000000  
30.731632 0.000014  -0.009278  0.001503  0.479250  0.756220  0.445477  -0.877564  0.421076  0.229295  -0.014182  -0.500825  0.865433  -0.004046  0.007867  0.000468  -0.583219  1.015644  -0.323322  1.000000  
30.732859 0.000006  -0.009269  0.001506  0.480342  0.756453  0.443904  -0.876987  0.421646  0.230452  -0.012844  -0.499994  0.865934  -0.004342  0.007746  0.000668  -0.599332  1.041373  -0.325734  1.000000  
30.733859 0.000000  -0.009262  0.001508  0.481251  0.756652  0.442578  -0.876504  0.422152  0.231363  -0.011774  -0.499265  0.866369  -0.004652  0.007527  0.000820  -0.616932  1.068462  -0.334233  1.000000  
30.735109 -0.000008  -0.009253  0.001511  0.482522  0.756825  0.440895  -0.875823  0.422825  0.232707  -0.010302  -0.498432  0.866868  -0.004970  0.007474  0.001032  -0.632311  1.100318  -0.340052  1.000000  
30.736110 -0.000017  -0.009247  0.001514  0.483429  0.757053  0.439508  -0.875337  0.423277  0.233715  -0.009098  -0.497702  0.867301  -0.005272  0.007336  0.001167  -0.648831  1.130071  -0.338994  1.000000  
30.737111 -0.000024  -0.009240  0.001518  0.484334  0.757280  0.438118  -0.874847  0.423731  0.234722  -0.007894  -0.496970  0.867732  -0.005542  0.007281  0.001381  -0.665436  1.155987  -0.340233  1.000000  
30.738366 -0.000034  -0.009233  0.001522  0.485420  0.757620  0.436325  -0.874258  0.424226  0.236018  -0.006288  -0.496028  0.868284  -0.005850  0.007158  0.001695  -0.686283  1.193125  -0.343174  1.000000  
30.739614 -0.000045  -0.009225  0.001527  0.486504  0.758010  0.434435  -0.873666  0.424754  0.237260  -0.004683  -0.494979  0.868892  -0.006136  0.007067  0.001958  -0.709137  1.233286  -0.337283  1.000000  
30.740614 -0.000053  -0.009219  0.001532  0.487405  0.758284  0.432945  -0.873169  0.425245  0.238208  -0.003479  -0.494138  0.869376  -0.006376  0.006993  0.002260  -0.722532  1.256794  -0.333149  1.000000  
30.741619 -0.000061  -0.009213  0.001537  0.488485  0.758500  0.431347  -0.872569  0.425837  0.239344  -0.002141  -0.493296  0.869859  -0.006648  0.006877  0.002613  -0.738759  1.285280  -0.340403  1.000000  
30.742860 -0.000070  -0.009204  0.001545  0.489743  0.758743  0.429489  -0.871866  0.426502  0.240718  -0.000535  -0.492347  0.870399  -0.006821  0.006868  0.003055  -0.752068  1.315535  -0.340079  1.000000  
30.743869 -0.000079  -0.009198  0.001551  0.490820  0.758986  0.427827  -0.871261  0.427042  0.241950  0.000937  -0.491502  0.870876  -0.007130  0.006781  0.003523  -0.768804  1.352527  -0.343116  1.000000  
30.745109 -0.000089  -0.009190  0.001560  0.492073  0.759308  0.425811  -0.870550  0.427687  0.243366  0.002676  -0.490444  0.871469  -0.007401  0.006595  0.003971  -0.786443  1.386861  -0.340784  1.000000  
30.746359 -0.000099  -0.009183  0.001569  0.493324  0.759626  0.423791  -0.869834  0.428336  0.244779  0.004415  -0.489384  0.872057  -0.007676  0.006479  0.004449  -0.799762  1.424290  -0.344506  1.000000  
30.747609 -0.000109  -0.009176  0.001577  0.494573  0.759941  0.421766  -0.869114  0.428989  0.246187  0.006155  -0.488321  0.872642  -0.007845  0.006319  0.004834  -0.817189  1.457676  -0.350423  1.000000  
30.748612 -0.000119  -0.009171  0.001585  0.495642  0.760161  0.420112  -0.868496  0.429687  0.247152  0.007359  -0.487364  0.873168  -0.008074  0.006158  0.005200  -0.831250  1.478776  -0.353181  1.000000  
30.749859 -0.000130  -0.009165  0.001593  0.496885  0.760503  0.418020  -0.867767  0.430292  0.248655  0.009232  -0.486297  0.873745  -0.008260  0.005947  0.005569  -0.844952  1.512727  -0.351190  1.000000  
30.751109 -0.000143  -0.009160  0.001603  0.498306  0.760738  0.415896  -0.866934  0.431201  0.249984  0.010837  -0.485123  0.874379  -0.008426  0.005775  0.005938  -0.865398  1.539586  -0.355080  1.000000  
30.752111 -0.000152  -0.009156  0.001612  0.499547  0.760842  0.414213  -0.866201  0.431978  0.251178  0.012175  -0.484267  0.874836  -0.008540  0.005623  0.006297  -0.875596  1.560596  -0.358003  1.000000  
30.753359 -0.000164  -0.009151  0.001623  0.500961  0.761134  0.411963  -0.865356  0.432783  0.252700  0.014048  -0.483087  0.875460  -0.008674  0.005491  0.006710  -0.889014  1.593804  -0.356220  1.000000  
30.754359 -0.000175  -0.009147  0.001633  0.502195  0.761347  0.410061  -0.864613  0.433487  0.254036  0.015654  -0.482120  0.875965  -0.008804  0.005291  0.007093  -0.898410  1.622983  -0.364654  1.000000  
30.755362 -0.000185  -0.009143  0.001643  0.503606  0.761386  0.408254  -0.863764  0.434375  0.255404  0.017125  -0.481258  0.876412  -0.008921  0.005140  0.007454  -0.907787  1.644298  -0.377312  1.000000  
30.756365 -0.000195  -0.009139  0.001654  0.504837  0.761611  0.406311  -0.863014  0.435172  0.256577  0.018597  -0.480182  0.876972  -0.009076  0.005014  0.007919  -0.928931  1.672571  -0.381507  1.000000  
30.757616 -0.000208  -0.009134  0.001668  0.506594  0.761709  0.403933  -0.861942  0.436308  0.258248  0.020470  -0.478994  0.877580  -0.009291  0.004769  0.008359  -0.943114  1.705583  -0.396563  1.000000  
30.758618 -0.000217  -0.009130  0.001680  0.507994  0.761900  0.401808  -0.861074  0.437160  0.259697  0.022209  -0.477911  0.878127  -0.009347  0.004612  0.008702  -0.956797  1.737845  -0.411303  1.000000  
30.759863 -0.000230  -0.009125  0.001695  0.509742  0.762118  0.399173  -0.859986  0.438315  0.261349  0.024215  -0.476504  0.878839  -0.009561  0.004432  0.009168  -0.979345  1.771265  -0.418481  1.000000  
30.761110 -0.000244  -0.009120  0.001710  0.511663  0.762239  0.396476  -0.858786  0.439634  0.263074  0.026222  -0.475093  0.879545  -0.009829  0.004244  0.009614  -1.001983  1.811323  -0.437798  1.000000  
30.762359 -0.000259  -0.009117  0.001727  0.513401  0.762396  0.393917  -0.857684  0.440770  0.264763  0.028228  -0.473787  0.880187  -0.010153  0.003978  0.010165  -1.020652  1.843989  -0.453231  1.000000  
30.763609 -0.000274  -0.009113  0.001744  0.515486  0.762446  0.391089  -0.856360  0.442204  0.266653  0.030368  -0.472368  0.880878  -0.010357  0.003845  0.010636  -1.039583  1.887135  -0.478861  1.000000  
30.764610 -0.000288  -0.009111  0.001757  0.517046  0.762537  0.388845  -0.855360  0.443325  0.267996  0.031972  -0.471169  0.881463  -0.010682  0.003663  0.011078  -1.057221  1.907107  -0.495874  1.000000  
30.765611 -0.000301  -0.009109  0.001771  0.518779  0.762485  0.386633  -0.854249  0.444574  0.269467  0.033577  -0.470075  0.881988  -0.010905  0.003570  0.011482  -1.076893  1.937066  -0.518247  1.000000  
30.766859 -0.000318  -0.009106  0.001789  0.520846  0.762548  0.383719  -0.852897  0.445973  0.271430  0.035850  -0.468646  0.882658  -0.011188  0.003402  0.011974  -1.090985  1.977493  -0.547059  1.000000  
30.767866 -0.000332  -0.009103  0.001804  0.522392  0.762609  0.381488  -0.851876  0.447021  0.272908  0.037589  -0.467546  0.883169  -0.011497  0.003322  0.012427  -1.106601  2.003601  -0.563753  1.000000  
30.769109 -0.000349  -0.009100  0.001823  0.524277  0.762672  0.378767  -0.850621  0.448296  0.274728  0.039728  -0.466221  0.883776  -0.011831  0.003205  0.012926  -1.121199  2.034310  -0.582657  1.000000  
30.770363 -0.000368  -0.009096  0.001843  0.526328  0.762715  0.375826  -0.849244  0.449714  0.276663  0.042000  -0.464784  0.884428  -0.012262  0.003064  0.013375  -1.136921  2.072665  -0.610852  1.000000  
30.771612 -0.000386  -0.009092  0.001863  0.528372  0.762704  0.372968  -0.847858  0.451106  0.278641  0.044273  -0.463450  0.885016  -0.012568  0.003039  0.013766  -1.148725  2.107895  -0.633051  1.000000  
30.772613 -0.000401  -0.009089  0.001881  0.530068  0.762717  0.370526  -0.846691  0.452227  0.280366  0.046278  -0.462334  0.885497  -0.012898  0.003002  0.014171  -1.165436  2.145991  -0.652379  1.000000  
30.773620 -0.000417  -0.009085  0.001897  0.531593  0.762798  0.368169  -0.845638  0.453335  0.281751  0.048015  -0.461115  0.886041  -0.013349  0.002913  0.014511  -1.180816  2.163164  -0.668812  1.000000  
30.774863 -0.000437  -0.009082  0.001919  0.533790  0.762796  0.364978  -0.844112  0.454919  0.283767  0.050421  -0.459555  0.886717  -0.013842  0.002843  0.015009  -1.201431  2.201416  -0.697656  1.000000  
30.775869 -0.000454  -0.009079  0.001938  0.535476  0.762804  0.362485  -0.842930  0.456143  0.285311  0.052291  -0.458327  0.887244  -0.014172  0.002805  0.015415  -1.216933  2.225075  -0.717935  1.000000  
30.777107 -0.000475  -0.009075  0.001962  0.537652  0.762808  0.359240  -0.841373  0.457603  0.287559  0.054964  -0.456862  0.887838  -0.014665  0.002821  0.015908  -1.232465  2.271692  -0.742223  1.000000  
30.778110 -0.000493  -0.009071  0.001982  0.539150  0.762931  0.356727  -0.840281  0.458630  0.289112  0.056967  -0.455625  0.888347  -0.015046  0.002880  0.016379  -1.250369  2.307994  -0.757056  1.000000  
30.779359 -0.000516  -0.009068  0.002007  0.541321  0.762983  0.353311  -0.838717  0.460314  0.290971  0.059372  -0.453837  0.889105  -0.015484  0.002921  0.016921  -1.273178  2.341771  -0.779754  1.000000  
30.780359 -0.000535  -0.009064  0.002029  0.542985  0.762965  0.350788  -0.837506  0.461561  0.292479  0.061241  -0.452599  0.889609  -0.015832  0.003059  0.017462  -1.289324  2.365632  -0.800348  1.000000  
30.781614 -0.000559  -0.009059  0.002056  0.545309  0.762851  0.347413  -0.835805  0.463296  0.294597  0.063779  -0.451016  0.890234  -0.016340  0.003149  0.018098  -1.309276  2.416869  -0.824753  1.000000  
30.782859 -0.000582  -0.009054  0.002085  0.547282  0.762877  0.344240  -0.834317  0.464689  0.296614  0.066315  -0.449537  0.890797  -0.016686  0.003290  0.018746  -1.323833  2.439391  -0.836609  1.000000  
30.783866 -0.000601  -0.009050  0.002109  0.548919  0.762905  0.341562  -0.833068  0.465853  0.298293  0.068451  -0.448283  0.891267  -0.017057  0.003385  0.019326  -1.334814  2.472216  -0.854702  1.000000  
30.785109 -0.000625  -0.009044  0.002138  0.550877  0.762915  0.338370  -0.831562  0.467260  0.300288  0.070987  -0.446798  0.891814  -0.017386  0.003522  0.019947  -1.349499  2.495939  -0.858675  1.000000  
30.786109 -0.000644  -0.009039  0.002163  0.552332  0.762986  0.335831  -0.830411  0.468243  0.301936  0.073123  -0.445647  0.892217  -0.017686  0.003646  0.020613  -1.357489  2.520741  -0.863145  1.000000  
30.787111 -0.000664  -0.009035  0.002189  0.553952  0.762955  0.333222  -0.829140  0.469389  0.303646  0.075257  -0.444493  0.892615  -0.018004  0.003714  0.021186  -1.361625  2.541533  -0.869882  1.000000  
30.788366 -0.000689  -0.009031  0.002224  0.556049  0.762873  0.329900  -0.827476  0.470838  0.305933  0.078059  -0.443098  0.893068  -0.018447  0.003708  0.022135  -1.367280  2.573294  -0.879261  1.000000  
30.789618 -0.000715  -0.009027  0.002258  0.557967  0.762881  0.326628  -0.825915  0.472139  0.308139  0.080860  -0.441699  0.893512  -0.018813  0.003768  0.022967  -1.371444  2.604801  -0.884284  1.000000  
30.790866 -0.000741  -0.009022  0.002295  0.560058  0.762678  0.323509  -0.824246  0.473665  0.310259  0.083393  -0.440414  0.893913  -0.019148  0.003790  0.023835  -1.368541  2.625686  -0.891890  1.000000  
30.791870 -0.000762  -0.009019  0.002327  0.561651  0.762583  0.320958  -0.822942  0.474796  0.311987  0.085527  -0.439358  0.894231  -0.019394  0.003763  0.024724  -1.372819  2.646471  -0.898479  1.000000  
30.793115 -0.000789  -0.009015  0.002368  0.563720  0.762400  0.317751  -0.821244  0.476285  0.314182  0.088192  -0.438062  0.894608  -0.019710  0.003740  0.025783  -1.370408  2.671772  -0.904279  1.000000  
30.794359 -0.000816  -0.009011  0.002410  0.565780  0.762171  0.314625  -0.819535  0.477744  0.316422  0.090858  -0.436872  0.894924  -0.020003  0.003790  0.026830  -1.360927  2.685978  -0.904185  1.000000  
30.795359 -0.000838  -0.009007  0.002446  0.567529  0.761890  0.312145  -0.818100  0.479057  0.318145  0.092856  -0.435922  0.895181  -0.020228  0.003742  0.027788  -1.357350  2.702994  -0.913039  1.000000  
30.796359 -0.000861  -0.009004  0.002482  0.569426  0.761609  0.309362  -0.816520  0.480474  0.320061  0.095121  -0.434851  0.895464  -0.020433  0.003741  0.028718  -1.357139  2.724337  -0.924078  1.000000  
30.797609 -0.000888  -0.008998  0.002529  0.571789  0.761233  0.305911  -0.814536  0.482255  0.322430  0.097917  -0.433538  0.895800  -0.020712  0.003746  0.029976  -1.355767  2.752836  -0.936277  1.000000  
30.798615 -0.000910  -0.008994  0.002568  0.573510  0.760968  0.303337  -0.813066  0.483534  0.324220  0.100048  -0.432576  0.896029  -0.020943  0.003781  0.031145  -1.356133  2.768892  -0.944738  1.000000  
30.799866 -0.000938  -0.008989  0.002618  0.575694  0.760642  0.299999  -0.811188  0.485217  0.326401  0.102710  -0.431263  0.896361  -0.021208  0.003702  0.032484  -1.350520  2.788522  -0.961010  1.000000  
30.801109 -0.000965  -0.008983  0.002669  0.577876  0.760238  0.296811  -0.809311  0.486914  0.328528  0.105238  -0.430061  0.896645  -0.021424  0.003749  0.033695  -1.352339  2.798867  -0.966579  1.000000  
30.802359 -0.000993  -0.008978  0.002721  0.580373  0.759694  0.293313  -0.807171  0.488923  0.330800  0.107899  -0.428741  0.896961  -0.021661  0.003768  0.035178  -1.353766  2.819933  -0.992793  1.000000  
30.803359 -0.001016  -0.008973  0.002765  0.582220  0.759337  0.290564  -0.805534  0.490331  0.332701  0.110160  -0.427764  0.897153  -0.021829  0.003843  0.036116  -1.347016  2.836372  -1.001899  1.000000  
30.804610 -0.001045  -0.008968  0.002820  0.584703  0.758742  0.287112  -0.803383  0.492398  0.334843  0.112686  -0.426445  0.897467  -0.022034  0.003890  0.037472  -1.342352  2.854874  -1.026400  1.000000  
30.805619 -0.001068  -0.008964  0.002865  0.586726  0.758204  0.284395  -0.801643  0.494150  0.336428  0.114547  -0.425374  0.897739  -0.022172  0.003951  0.038631  -1.337897  2.860918  -1.046588  1.000000  
30.806865 -0.001097  -0.008958  0.002922  0.589344  0.757486  0.280871  -0.799335  0.496296  0.338753  0.117205  -0.424152  0.897974  -0.022385  0.004078  0.039662  -1.333621  2.870703  -1.074605  1.000000  
30.807870 -0.001121  -0.008953  0.002969  0.591339  0.756933  0.278156  -0.797565  0.497968  0.340468  0.119198  -0.423180  0.898171  -0.022474  0.004220  0.040752  -1.328210  2.881217  -1.102224  1.000000  
30.809115 -0.001151  -0.008948  0.003028  0.593944  0.756196  0.274588  -0.795245  0.500210  0.342601  0.121722  -0.421851  0.898458  -0.022689  0.004289  0.041863  -1.316099  2.895688  -1.129415  1.000000  
30.810368 -0.001181  -0.008941  0.003088  0.596699  0.755311  0.271027  -0.792789  0.502571  0.344832  0.124245  -0.420628  0.898685  -0.022862  0.004452  0.042914  -1.312570  2.912617  -1.161828  1.000000  
30.811610 -0.001212  -0.008933  0.003149  0.599277  0.754486  0.267615  -0.790441  0.504738  0.347047  0.126767  -0.419512  0.898855  -0.023034  0.004666  0.043970  -1.299282  2.922003  -1.185021  1.000000  
30.812861 -0.001243  -0.008925  0.003211  0.601832  0.753717  0.264025  -0.788067  0.506908  0.349279  0.129421  -0.418277  0.899052  -0.023337  0.004843  0.044923  -1.293606  2.937546  -1.217024  1.000000  
30.814109 -0.001273  -0.008915  0.003274  0.604383  0.752903  0.260495  -0.785692  0.509126  0.351394  0.131941  -0.417046  0.899258  -0.023558  0.005127  0.045855  -1.291026  2.950826  -1.251718  1.000000  
30.815361 -0.001305  -0.008905  0.003337  0.606933  0.752044  0.257025  -0.783319  0.511393  0.353396  0.134328  -0.415820  0.899472  -0.023775  0.005417  0.046632  -1.288380  2.955342  -1.290080  1.000000  
30.816609 -0.001337  -0.008894  0.003402  0.609619  0.751102  0.253396  -0.780793  0.513775  0.355525  0.136847  -0.414585  0.899662  -0.024046  0.005766  0.047438  -1.291097  2.967348  -1.332719  1.000000  
30.817859 -0.001368  -0.008883  0.003465  0.612131  0.750254  0.249827  -0.778378  0.516007  0.357581  0.139364  -0.413347  0.899846  -0.024269  0.006200  0.048169  -1.291524  2.969522  -1.363953  1.000000  
30.818860 -0.001393  -0.008873  0.003516  0.614197  0.749519  0.246948  -0.776390  0.517865  0.359214  0.141352  -0.412356  0.899990  -0.024412  0.006546  0.048651  -1.291941  2.976106  -1.393530  1.000000  
30.819861 -0.001419  -0.008863  0.003567  0.616243  0.748810  0.243985  -0.774378  0.519683  0.360927  0.143471  -0.411356  0.900113  -0.024629  0.006992  0.049096  -1.296436  2.981729  -1.422438  1.000000  
30.821109 -0.001450  -0.008849  0.003630  0.618866  0.747830  0.240324  -0.771787  0.521993  0.363138  0.146118  -0.410212  0.900209  -0.024727  0.007483  0.049530  -1.296013  3.001766  -1.460945  1.000000  
30.822129 -0.001476  -0.008838  0.003680  0.620902  0.747070  0.237417  -0.769770  0.523859  0.364727  0.148103  -0.409216  0.900337  -0.024791  0.008003  0.049786  -1.300551  3.005053  -1.490620  1.000000  
30.823371 -0.001506  -0.008822  0.003744  0.623328  0.746241  0.233639  -0.767266  0.526024  0.366881  0.150882  -0.407950  0.900451  -0.024891  0.008641  0.050144  -1.311308  3.014664  -1.518385  1.000000  
30.824615 -0.001537  -0.008806  0.003805  0.625751  0.745338  0.230015  -0.764765  0.528191  0.368984  0.153526  -0.406800  0.900524  -0.024945  0.009319  0.050279  -1.316987  3.026000  -1.538161  1.000000  
30.825617 -0.001561  -0.008792  0.003855  0.627756  0.744552  0.227079  -0.762719  0.530066  0.370527  0.155509  -0.405798  0.900636  -0.024952  0.009920  0.050385  -1.324958  3.032975  -1.559167  1.000000  
30.826859 -0.001592  -0.008774  0.003916  0.630153  0.743657  0.223342  -0.760194  0.532285  0.372529  0.158152  -0.404533  0.900744  -0.024965  0.010511  0.050264  -1.329212  3.032706  -1.574414  1.000000  
30.827861 -0.001617  -0.008759  0.003963  0.632124  0.742888  0.220312  -0.758113  0.534125  0.374134  0.160266  -0.403520  0.900826  -0.024928  0.011096  0.050122  -1.334808  3.035332  -1.599705  1.000000  
30.829109 -0.001648  -0.008739  0.004023  0.634481  0.741980  0.216564  -0.755548  0.536264  0.376255  0.163038  -0.402351  0.900851  -0.024937  0.011805  0.049875  -1.336090  3.043071  -1.613183  1.000000  
30.830109 -0.001672  -0.008723  0.004070  0.636429  0.741195  0.213515  -0.753448  0.538110  0.377829  0.165150  -0.401334  0.900920  -0.024896  0.012380  0.049726  -1.344844  3.050016  -1.634213  1.000000  
30.831111 -0.001697  -0.008706  0.004117  0.638353  0.740436  0.210380  -0.751322  0.539917  0.379480  0.167393  -0.400306  0.900963  -0.024837  0.012883  0.049369  -1.352317  3.061252  -1.644731  1.000000  
30.832359 -0.001727  -0.008685  0.004174  0.640979  0.739301  0.206351  -0.748459  0.542418  0.381565  0.170163  -0.399021  0.901015  -0.024738  0.013488  0.048990  -1.358805  3.074126  -1.667887  1.000000  
30.833359 -0.001750  -0.008668  0.004220  0.642879  0.738499  0.203286  -0.746313  0.544184  0.383249  0.172404  -0.398098  0.900997  -0.024630  0.014049  0.048670  -1.364285  3.078775  -1.685533  1.000000  
30.834359 -0.001774  -0.008650  0.004266  0.644922  0.737603  0.200044  -0.744026  0.546152  0.384893  0.174644  -0.397064  0.901021  -0.024447  0.014676  0.048292  -1.368190  3.090470  -1.696600  1.000000  
30.835362 -0.001796  -0.008632  0.004311  0.646817  0.736776  0.196952  -0.741881  0.548010  0.386390  0.176751  -0.396038  0.901062  -0.024296  0.015050  0.047979  -1.369850  3.094368  -1.700018  1.000000  
30.836608 -0.001823  -0.008608  0.004368  0.649231  0.735685  0.193045  -0.739103  0.550325  0.388418  0.179516  -0.394854  0.901035  -0.024035  0.015708  0.047594  -1.375671  3.106252  -1.711549  1.000000  
30.837609 -0.001844  -0.008588  0.004413  0.651086  0.734898  0.189766  -0.736921  0.552196  0.389906  0.181753  -0.393705  0.901089  -0.023788  0.016245  0.047188  -1.386762  3.114885  -1.716336  1.000000  
