1-Time 2-Px 3-Py 4-Pz 5-R11 6-R21 7-R31 8-R12 9-R22 10-R32 11-R13 12-R23 13-R33 14-Vx 15-Vy 16-Vz 17-Wx 18-Wy 19-Wz 20-state
156.880324 0.013686  -0.005745  -0.006279  0.593946  0.777823  0.205471  -0.781738  0.618327  -0.080979  -0.190035  -0.112527  0.975307  0.000603  -0.000354  -0.000020  0.033000  0.023931  -0.168183  1.000000  
156.881361 0.013687  -0.005744  -0.006280  0.593946  0.777823  0.205471  -0.781738  0.618327  -0.080979  -0.190035  -0.112527  0.975307  0.001523  0.000942  -0.001047  0.000000  0.000000  0.000000  1.000000  
156.882419 0.013683  -0.005744  -0.006277  0.593946  0.777823  0.205471  -0.781738  0.618327  -0.080979  -0.190035  -0.112527  0.975307  -0.001269  0.000231  0.001341  0.000000  0.000000  0.000000  1.000000  
156.883583 0.013676  -0.005744  -0.006270  0.594123  0.777705  0.205409  -0.781636  0.618475  -0.080833  -0.189904  -0.112530  0.975332  -0.003355  0.000177  0.003013  0.000000  0.000000  0.000000  1.000000  
156.884590 0.013672  -0.005743  -0.006266  0.594123  0.777705  0.205409  -0.781636  0.618475  -0.080833  -0.189904  -0.112530  0.975332  -0.003438  0.000346  0.003379  0.000000  0.000000  0.000000  1.000000  
156.885846 0.013669  -0.005742  -0.006262  0.594284  0.777578  0.205425  -0.781513  0.618635  -0.080790  -0.189904  -0.112530  0.975332  -0.003235  0.000522  0.003198  0.000000  0.000000  0.000000  1.000000  
156.887075 0.013663  -0.005741  -0.006260  0.594284  0.777603  0.205331  -0.781513  0.618625  -0.080865  -0.189904  -0.112412  0.975346  -0.003572  0.000641  0.002927  0.000000  0.000000  0.000000  1.000000  
156.888083 0.013655  -0.005739  -0.006258  0.594284  0.777603  0.205331  -0.781513  0.618625  -0.080865  -0.189904  -0.112412  0.975346  -0.004038  0.000743  0.002878  0.000000  0.000000  0.000000  1.000000  
156.889325 0.013648  -0.005737  -0.006256  0.594445  0.777475  0.205348  -0.781391  0.618786  -0.080823  -0.189904  -0.112412  0.975346  -0.004306  0.000939  0.002631  0.000000  0.000000  0.000000  1.000000  
156.890330 0.013643  -0.005733  -0.006254  0.594445  0.777451  0.205442  -0.781391  0.618795  -0.080748  -0.189904  -0.112530  0.975332  -0.004370  0.001159  0.002541  0.000000  0.000000  0.000000  1.000000  
156.891578 0.013637  -0.005729  -0.006252  0.594445  0.777451  0.205442  -0.781391  0.618795  -0.080748  -0.189904  -0.112530  0.975332  -0.004409  0.001394  0.002490  0.000000  0.000000  0.000000  1.000000  
156.892829 0.013630  -0.005727  -0.006248  0.594605  0.777323  0.205458  -0.781269  0.618955  -0.080706  -0.189904  -0.112530  0.975332  -0.004555  0.001462  0.002547  0.000000  0.000000  0.000000  1.000000  
156.894073 0.013622  -0.005724  -0.006243  0.594605  0.777323  0.205458  -0.781269  0.618955  -0.080706  -0.189904  -0.112530  0.975332  -0.004692  0.001534  0.002655  0.000000  0.000000  0.000000  1.000000  
156.895323 0.013613  -0.005722  -0.006236  0.594605  0.777323  0.205458  -0.781269  0.618955  -0.080706  -0.189904  -0.112530  0.975332  -0.004914  0.001573  0.002908  0.000000  0.000000  0.000000  1.000000  
156.896324 0.013604  -0.005720  -0.006230  0.594766  0.777196  0.205475  -0.781146  0.619115  -0.080664  -0.189904  -0.112530  0.975332  -0.005517  0.001589  0.003307  0.000000  0.000000  0.000000  1.000000  
156.897345 0.013595  -0.005720  -0.006224  0.594766  0.777196  0.205475  -0.781146  0.619115  -0.080664  -0.189904  -0.112530  0.975332  -0.005910  0.001655  0.003513  0.000000  0.000000  0.000000  1.000000  
156.898584 0.013585  -0.005717  -0.006219  0.594927  0.777068  0.205492  -0.781024  0.619275  -0.080621  -0.189904  -0.112530  0.975332  -0.006065  0.001826  0.003369  0.000000  0.000000  0.000000  1.000000  
156.899832 0.013576  -0.005713  -0.006217  0.595088  0.776941  0.205508  -0.780901  0.619435  -0.080579  -0.189904  -0.112530  0.975332  -0.006429  0.002062  0.003222  0.000000  0.000000  0.000000  1.000000  
156.900832 0.013570  -0.005709  -0.006215  0.595249  0.776838  0.205431  -0.780779  0.619586  -0.080612  -0.189904  -0.112412  0.975346  -0.006609  0.002190  0.003125  0.000000  0.000000  0.000000  1.000000  
156.902074 0.013560  -0.005704  -0.006212  0.595409  0.776710  0.205447  -0.780656  0.619745  -0.080569  -0.189904  -0.112412  0.975346  -0.006854  0.002443  0.003185  0.000000  0.000000  0.000000  1.000000  
156.903076 0.013552  -0.005700  -0.006208  0.595409  0.776710  0.205447  -0.780656  0.619745  -0.080569  -0.189904  -0.112412  0.975346  -0.006932  0.002585  0.003324  0.000000  0.000000  0.000000  1.000000  
156.904082 0.013545  -0.005696  -0.006202  0.595570  0.776583  0.205464  -0.780534  0.619905  -0.080527  -0.189904  -0.112412  0.975346  -0.007004  0.002715  0.003649  0.000000  0.000000  0.000000  1.000000  
156.905324 0.013539  -0.005689  -0.006194  0.595731  0.776430  0.205575  -0.780411  0.620075  -0.080410  -0.189904  -0.112530  0.975332  -0.006977  0.002949  0.003998  0.000000  0.000000  0.000000  1.000000  
156.906325 0.013534  -0.005684  -0.006187  0.595891  0.776303  0.205591  -0.780288  0.620235  -0.080367  -0.189904  -0.112530  0.975332  -0.006997  0.003099  0.004358  0.000000  0.000000  0.000000  1.000000  
156.907574 0.013525  -0.005677  -0.006178  0.596067  0.776184  0.205528  -0.780186  0.620383  -0.080221  -0.189773  -0.112533  0.975358  -0.007097  0.003326  0.004752  0.000000  0.000000  0.000000  1.000000  
156.908824 0.013515  -0.005672  -0.006171  0.596389  0.775954  0.205467  -0.779940  0.620692  -0.080212  -0.189773  -0.112415  0.975371  -0.007277  0.003510  0.004916  0.000000  0.000000  0.000000  1.000000  
156.910073 0.013505  -0.005667  -0.006165  0.596565  0.775835  0.205405  -0.779838  0.620840  -0.080066  -0.189641  -0.112418  0.975397  -0.007328  0.003692  0.004812  0.000000  0.000000  0.000000  1.000000  
156.911074 0.013498  -0.005663  -0.006163  0.596725  0.775707  0.205421  -0.779715  0.621000  -0.080024  -0.189641  -0.112418  0.975397  -0.007290  0.003844  0.004579  0.000000  0.000000  0.000000  1.000000  
156.912080 0.013490  -0.005658  -0.006160  0.596901  0.775613  0.205264  -0.779612  0.621138  -0.079953  -0.189510  -0.112302  0.975435  -0.007164  0.004178  0.004333  0.000000  0.000000  0.000000  1.000000  
156.913325 0.013480  -0.005652  -0.006159  0.597062  0.775485  0.205280  -0.779489  0.621298  -0.079911  -0.189510  -0.112302  0.975435  -0.007154  0.004351  0.004051  0.000000  0.000000  0.000000  1.000000  
156.914330 0.013472  -0.005646  -0.006158  0.597222  0.775382  0.205203  -0.779366  0.621448  -0.079944  -0.189510  -0.112184  0.975449  -0.007187  0.004578  0.003923  0.000000  0.000000  0.000000  1.000000  
156.915334 0.013465  -0.005641  -0.006156  0.597398  0.775263  0.205140  -0.779263  0.621595  -0.079798  -0.189379  -0.112187  0.975474  -0.007208  0.004685  0.004041  0.000000  0.000000  0.000000  1.000000  
156.916579 0.013455  -0.005634  -0.006153  0.597734  0.775041  0.204999  -0.779038  0.621893  -0.079686  -0.189247  -0.112071  0.975513  -0.007188  0.004861  0.004069  0.000000  0.000000  0.000000  1.000000  
156.917827 0.013446  -0.005627  -0.006146  0.597894  0.774913  0.205016  -0.778914  0.622052  -0.079643  -0.189247  -0.112071  0.975513  -0.007147  0.004987  0.004169  0.000000  0.000000  0.000000  1.000000  
156.919077 0.013436  -0.005618  -0.006139  0.598231  0.774666  0.204969  -0.778688  0.622360  -0.079455  -0.189116  -0.112074  0.975538  -0.007240  0.005209  0.004228  0.000000  0.000000  0.000000  1.000000  
156.920080 0.013429  -0.005611  -0.006134  0.598406  0.774547  0.204906  -0.778585  0.622507  -0.079310  -0.188984  -0.112077  0.975563  -0.007410  0.005283  0.004108  0.000000  0.000000  0.000000  1.000000  
156.921327 0.013420  -0.005603  -0.006130  0.598582  0.774428  0.204843  -0.778482  0.622655  -0.079164  -0.188853  -0.112080  0.975588  -0.007587  0.005369  0.003840  0.016454  0.055173  -0.164643  1.000000  
156.922574 0.013410  -0.005597  -0.006126  0.598758  0.774334  0.204685  -0.778379  0.622793  -0.079094  -0.188722  -0.111965  0.975627  -0.007671  0.005329  0.003412  0.012263  0.059138  -0.162775  1.000000  
156.923823 0.013399  -0.005591  -0.006125  0.598933  0.774215  0.204622  -0.778275  0.622940  -0.078948  -0.188590  -0.111967  0.975652  -0.007711  0.005436  0.003069  0.013550  0.064336  -0.168953  1.000000  
156.925073 0.013388  -0.005585  -0.006123  0.598949  0.774249  0.204448  -0.778295  0.622919  -0.078921  -0.188459  -0.111852  0.975691  -0.007848  0.005536  0.002795  0.009574  0.069332  -0.169860  1.000000  
156.926074 0.013379  -0.005578  -0.006121  0.599124  0.774155  0.204291  -0.778192  0.623057  -0.078851  -0.188328  -0.111736  0.975729  -0.007879  0.005698  0.002799  0.005441  0.073189  -0.167975  1.000000  
156.927331 0.013368  -0.005571  -0.006117  0.599315  0.774045  0.204148  -0.778109  0.623192  -0.078602  -0.188065  -0.111742  0.975779  -0.007969  0.005726  0.002935  0.006716  0.082844  -0.173701  1.000000  
156.928573 0.013358  -0.005563  -0.006112  0.599330  0.774078  0.203975  -0.778129  0.623171  -0.078574  -0.187933  -0.111627  0.975818  -0.007999  0.005792  0.003109  0.001362  0.086493  -0.166493  1.000000  
156.929577 0.013350  -0.005557  -0.006108  0.599346  0.774112  0.203801  -0.778149  0.623150  -0.078546  -0.187802  -0.111511  0.975856  -0.007995  0.005814  0.003399  0.000000  0.000000  0.000000  1.000000  
156.930591 0.013342  -0.005551  -0.006102  0.599376  0.774130  0.203642  -0.778188  0.623126  -0.078339  -0.187539  -0.111517  0.975906  -0.008046  0.005868  0.003614  0.000000  0.000000  0.000000  1.000000  
156.931826 0.013334  -0.005543  -0.006098  0.599552  0.774036  0.203484  -0.778085  0.623264  -0.078269  -0.187408  -0.111401  0.975945  -0.007951  0.005936  0.003561  0.000000  0.000000  0.000000  1.000000  
156.932829 0.013328  -0.005537  -0.006095  0.599743  0.773951  0.203247  -0.778001  0.623390  -0.078096  -0.187145  -0.111289  0.976008  -0.007909  0.005925  0.003369  0.000000  0.000000  0.000000  1.000000  
156.933833 0.013322  -0.005531  -0.006094  0.599918  0.773831  0.203183  -0.777897  0.623538  -0.077951  -0.187013  -0.111292  0.976033  -0.007756  0.005901  0.003041  0.000000  0.000000  0.000000  1.000000  
156.935075 0.013314  -0.005525  -0.006093  0.599949  0.773849  0.203024  -0.777937  0.623514  -0.077744  -0.186750  -0.111297  0.976083  -0.007671  0.005783  0.002753  0.000000  0.000000  0.000000  1.000000  
156.936082 0.013308  -0.005520  -0.006092  0.600139  0.773764  0.202786  -0.777853  0.623641  -0.077571  -0.186488  -0.111184  0.976146  -0.007592  0.005672  0.002573  0.000000  0.000000  0.000000  1.000000  
156.937325 0.013299  -0.005515  -0.006092  0.600315  0.773645  0.202722  -0.777749  0.623788  -0.077426  -0.186356  -0.111187  0.976170  -0.007585  0.005505  0.002346  0.000000  0.000000  0.000000  1.000000  
156.938325 0.013292  -0.005512  -0.006090  0.600665  0.773430  0.202501  -0.777541  0.624074  -0.077212  -0.186093  -0.111074  0.976233  -0.007470  0.005418  0.002403  0.000000  0.000000  0.000000  1.000000  
156.939574 0.013282  -0.005507  -0.006085  0.600871  0.773354  0.202183  -0.777477  0.624188  -0.076935  -0.185699  -0.110964  0.976321  -0.007309  0.005354  0.002602  0.000000  0.000000  0.000000  1.000000  
156.940575 0.013274  -0.005504  -0.006080  0.601221  0.773115  0.202055  -0.777268  0.624483  -0.076646  -0.185436  -0.110970  0.976370  -0.007203  0.005146  0.002825  0.000000  0.000000  0.000000  1.000000  
156.941824 0.013268  -0.005498  -0.006073  0.601587  0.772909  0.201753  -0.777080  0.624757  -0.076328  -0.185041  -0.110860  0.976458  -0.006990  0.005059  0.002980  -0.019313  0.172034  -0.158257  1.000000  
156.943074 0.013259  -0.005492  -0.006068  0.601937  0.772695  0.201531  -0.776871  0.625042  -0.076114  -0.184778  -0.110747  0.976520  -0.006874  0.004910  0.003064  -0.022115  0.181705  -0.163978  1.000000  
156.944081 0.013253  -0.005488  -0.006064  0.602142  0.772642  0.201119  -0.776806  0.625148  -0.075915  -0.184384  -0.110519  0.976621  -0.006698  0.004829  0.002995  -0.026228  0.195072  -0.162481  1.000000  
156.945323 0.013245  -0.005481  -0.006061  0.602333  0.772556  0.200880  -0.776721  0.625274  -0.075743  -0.184121  -0.110406  0.976683  -0.006646  0.004742  0.002924  -0.030101  0.197943  -0.160701  1.000000  
156.946324 0.013239  -0.005477  -0.006058  0.602683  0.772341  0.200658  -0.776511  0.625560  -0.075529  -0.183858  -0.110293  0.976746  -0.006568  0.004600  0.002786  -0.030119  0.206753  -0.159691  1.000000  
156.947338 0.013234  -0.005472  -0.006055  0.602888  0.772263  0.200339  -0.776446  0.625675  -0.075254  -0.183463  -0.110183  0.976832  -0.006462  0.004461  0.002766  -0.034479  0.217289  -0.159940  1.000000  
156.948580 0.013227  -0.005467  -0.006053  0.603267  0.772066  0.199956  -0.776275  0.625937  -0.074835  -0.182937  -0.110075  0.976943  -0.006421  0.004389  0.002749  -0.037048  0.229707  -0.163950  1.000000  
156.949830 0.013217  -0.005462  -0.006049  0.603647  0.771869  0.199572  -0.776103  0.626199  -0.074416  -0.182411  -0.109967  0.977053  -0.006558  0.004232  0.002953  -0.041486  0.244947  -0.163767  1.000000  
156.950831 0.013210  -0.005459  -0.006044  0.603867  0.771800  0.199172  -0.776056  0.626303  -0.074038  -0.181885  -0.109860  0.977164  -0.006669  0.004082  0.003224  -0.045615  0.258279  -0.162229  1.000000  
156.952080 0.013199  -0.005456  -0.006038  0.604231  0.771593  0.198868  -0.775865  0.626577  -0.073722  -0.181490  -0.109749  0.977249  -0.006770  0.003988  0.003683  -0.044388  0.267975  -0.168018  1.000000  
156.953323 0.013188  -0.005454  -0.006030  0.604450  0.771525  0.198468  -0.775817  0.626681  -0.073345  -0.180964  -0.109642  0.977359  -0.006891  0.003900  0.004000  -0.046869  0.279856  -0.171881  1.000000  
156.954325 0.013179  -0.005452  -0.006024  0.604640  0.771414  0.198323  -0.775731  0.626816  -0.073098  -0.180700  -0.109647  0.977407  -0.007007  0.003769  0.004144  -0.042864  0.284264  -0.171395  1.000000  
156.955330 0.013170  -0.005448  -0.006017  0.604844  0.771336  0.198003  -0.775663  0.626931  -0.072824  -0.180306  -0.109537  0.977493  -0.007099  0.003734  0.004252  -0.046070  0.296277  -0.178566  1.000000  
156.956573 0.013160  -0.005443  -0.006011  0.605063  0.771291  0.197509  -0.775615  0.627026  -0.072522  -0.179779  -0.109310  0.977615  -0.007269  0.003706  0.004243  -0.049811  0.307147  -0.175685  1.000000  
156.957574 0.013151  -0.005439  -0.006006  0.605267  0.771212  0.197189  -0.775547  0.627142  -0.072248  -0.179384  -0.109200  0.977700  -0.007492  0.003675  0.004233  -0.050284  0.318635  -0.176193  1.000000  
156.958575 0.013142  -0.005435  -0.006003  0.605486  0.771143  0.196788  -0.775498  0.627246  -0.071872  -0.178858  -0.109092  0.977808  -0.007654  0.003645  0.004209  -0.053155  0.332746  -0.181443  1.000000  
156.959823 0.013130  -0.005429  -0.005998  0.605878  0.770953  0.196321  -0.775343  0.627497  -0.071351  -0.178200  -0.108986  0.977940  -0.007891  0.003633  0.004281  -0.050311  0.344821  -0.191929  1.000000  
156.960824 0.013121  -0.005425  -0.005992  0.606097  0.770908  0.195827  -0.775293  0.627593  -0.071051  -0.177673  -0.108760  0.978061  -0.008135  0.003611  0.004489  -0.054446  0.358182  -0.190560  1.000000  
156.962074 0.013111  -0.005419  -0.005984  0.606170  0.771000  0.195237  -0.775386  0.627518  -0.070687  -0.177015  -0.108535  0.978205  -0.008353  0.003580  0.004827  -0.063881  0.370638  -0.182386  1.000000  
156.963075 0.013102  -0.005416  -0.005975  0.606388  0.770930  0.194835  -0.775336  0.627623  -0.070311  -0.176488  -0.108427  0.978313  -0.008539  0.003581  0.005277  -0.062702  0.384634  -0.187639  1.000000  
156.964083 0.013092  -0.005414  -0.005966  0.606605  0.770860  0.194433  -0.775286  0.627727  -0.069934  -0.175961  -0.108319  0.978420  -0.008822  0.003456  0.005716  -0.067387  0.396725  -0.188219  1.000000  
156.965329 0.013079  -0.005410  -0.005955  0.606837  0.770823  0.193857  -0.775253  0.627812  -0.069531  -0.175302  -0.108094  0.978563  -0.009040  0.003349  0.006178  -0.073796  0.407556  -0.191984  1.000000  
156.966577 0.013066  -0.005406  -0.005946  0.607083  0.770794  0.193200  -0.775239  0.627886  -0.069025  -0.174512  -0.107872  0.978728  -0.009228  0.003412  0.006289  -0.079853  0.427978  -0.184887  1.000000  
156.967579 0.013056  -0.005403  -0.005939  0.607315  0.770756  0.192624  -0.775206  0.627971  -0.068622  -0.173853  -0.107648  0.978870  -0.009291  0.003477  0.006344  -0.088092  0.445801  -0.182942  1.000000  
156.968823 0.013044  -0.005399  -0.005932  0.607546  0.770718  0.192047  -0.775172  0.628056  -0.068220  -0.173194  -0.107423  0.979012  -0.009313  0.003586  0.006311  -0.093552  0.454036  -0.175314  1.000000  
156.969825 0.013034  -0.005396  -0.005926  0.607777  0.770656  0.191563  -0.775138  0.628150  -0.067741  -0.172535  -0.107317  0.979140  -0.009374  0.003626  0.006322  -0.093829  0.468285  -0.174212  1.000000  
156.971074 0.013022  -0.005391  -0.005920  0.608181  0.770497  0.190919  -0.774996  0.628383  -0.067196  -0.171745  -0.107094  0.979303  -0.009426  0.003648  0.006223  -0.097856  0.485287  -0.172010  1.000000  
156.972075 0.013012  -0.005387  -0.005913  0.608412  0.770458  0.190341  -0.774961  0.628469  -0.066794  -0.171085  -0.106869  0.979443  -0.009569  0.003563  0.006378  -0.102050  0.494180  -0.171119  1.000000  
156.973359 0.012999  -0.005383  -0.005904  0.608670  0.770436  0.189602  -0.774962  0.628533  -0.066186  -0.170163  -0.106649  0.979628  -0.009638  0.003517  0.006634  -0.107350  0.515079  -0.161772  1.000000  
156.974574 0.012987  -0.005378  -0.005894  0.609101  0.770294  0.188794  -0.774854  0.628745  -0.065436  -0.169108  -0.106431  0.979834  -0.009684  0.003483  0.007053  -0.111727  0.538071  -0.159626  1.000000  
156.975823 0.012974  -0.005373  -0.005882  0.609518  0.770165  0.187973  -0.774727  0.628960  -0.064865  -0.168185  -0.106091  0.980030  -0.009753  0.003465  0.007340  -0.117806  0.556470  -0.162714  1.000000  
156.976824 0.012965  -0.005369  -0.005873  0.609747  0.770125  0.187394  -0.774690  0.629047  -0.064464  -0.167525  -0.105865  0.980167  -0.009886  0.003426  0.007487  -0.123235  0.564850  -0.155220  1.000000  
156.978073 0.012952  -0.005366  -0.005861  0.610176  0.769981  0.186584  -0.774579  0.629260  -0.063715  -0.166470  -0.105647  0.980371  -0.010037  0.003303  0.007634  -0.127392  0.586786  -0.152849  1.000000  
156.979075 0.012940  -0.005364  -0.005852  0.610578  0.769820  0.185937  -0.774432  0.629495  -0.063173  -0.165678  -0.105423  0.980529  -0.010089  0.003290  0.007611  -0.130387  0.596380  -0.158726  1.000000  
156.980078 0.012929  -0.005362  -0.005844  0.610979  0.769658  0.185288  -0.774285  0.629730  -0.062631  -0.164886  -0.105200  0.980686  -0.010134  0.003275  0.007581  -0.134484  0.610934  -0.165956  1.000000  
156.981079 0.012919  -0.005359  -0.005838  0.611220  0.769648  0.184533  -0.774263  0.629800  -0.062204  -0.164094  -0.104857  0.980856  -0.010116  0.003271  0.007432  -0.143966  0.623530  -0.157874  1.000000  
156.982329 0.012905  -0.005354  -0.005829  0.611807  0.769395  0.183641  -0.774023  0.630164  -0.061496  -0.163038  -0.104518  0.981068  -0.010201  0.003281  0.007449  -0.149915  0.642850  -0.169650  1.000000  
156.983578 0.012892  -0.005351  -0.005818  0.612247  0.769280  0.182653  -0.773924  0.630360  -0.060723  -0.161850  -0.104182  0.981300  -0.010318  0.003282  0.007730  -0.158393  0.670203  -0.167053  1.000000  
156.984580 0.012880  -0.005348  -0.005808  0.612646  0.769117  0.182002  -0.773774  0.630597  -0.060183  -0.161058  -0.103958  0.981455  -0.010393  0.003293  0.007974  -0.161274  0.683659  -0.172349  1.000000  
156.985829 0.012866  -0.005343  -0.005797  0.613084  0.769022  0.180920  -0.773673  0.630787  -0.059488  -0.159869  -0.103502  0.981697  -0.010580  0.003222  0.008354  -0.172540  0.711238  -0.176471  1.000000  
156.987075 0.012850  -0.005339  -0.005784  0.613668  0.768767  0.180024  -0.773427  0.631153  -0.058783  -0.158813  -0.103162  0.981904  -0.010786  0.003169  0.008626  -0.178575  0.730638  -0.188321  1.000000  
156.988075 0.012838  -0.005337  -0.005775  0.614079  0.768633  0.179196  -0.773291  0.631373  -0.058218  -0.157888  -0.102820  0.982089  -0.010975  0.003144  0.008787  -0.181722  0.744894  -0.193950  1.000000  
156.989327 0.012822  -0.005333  -0.005763  0.614687  0.768393  0.178135  -0.773076  0.631719  -0.057309  -0.156567  -0.102485  0.982336  -0.011157  0.003024  0.008846  -0.188927  0.767682  -0.198481  1.000000  
156.990574 0.012806  -0.005330  -0.005752  0.615294  0.768174  0.176979  -0.772860  0.632059  -0.056477  -0.155245  -0.102030  0.982593  -0.011404  0.002883  0.008850  -0.195088  0.791561  -0.210007  1.000000  
156.991824 0.012790  -0.005328  -0.005741  0.615901  0.767933  0.175914  -0.772641  0.632406  -0.055570  -0.153923  -0.101693  0.982836  -0.011666  0.002760  0.008744  -0.196018  0.816022  -0.228252  1.000000  
156.993074 0.012771  -0.005327  -0.005732  0.616346  0.767821  0.174838  -0.772548  0.632596  -0.054699  -0.152601  -0.101357  0.983077  -0.012026  0.002608  0.008585  -0.201639  0.836527  -0.230487  1.000000  
156.994323 0.012754  -0.005325  -0.005723  0.616950  0.767599  0.173678  -0.772326  0.632938  -0.053871  -0.151278  -0.100901  0.983328  -0.012291  0.002550  0.008510  -0.207814  0.860124  -0.241964  1.000000  
156.995576 0.012736  -0.005324  -0.005712  0.617566  0.767364  0.172528  -0.772118  0.633277  -0.052863  -0.149823  -0.100565  0.983585  -0.012481  0.002460  0.008561  -0.209992  0.883613  -0.253383  1.000000  
156.996839 0.012718  -0.005321  -0.005701  0.618167  0.767160  0.171273  -0.771892  0.633614  -0.052114  -0.148500  -0.099989  0.983844  -0.012841  0.002339  0.008777  -0.223159  0.909203  -0.260752  1.000000  
156.998082 0.012701  -0.005318  -0.005688  0.618633  0.767082  0.169934  -0.771822  0.633780  -0.051118  -0.146912  -0.099535  0.984129  -0.013154  0.002194  0.008974  -0.230928  0.937875  -0.265458  1.000000  
156.999084 0.012686  -0.005316  -0.005677  0.619220  0.766827  0.168945  -0.771577  0.634142  -0.050320  -0.145721  -0.099195  0.984340  -0.013350  0.002189  0.009102  -0.236933  0.955991  -0.277121  1.000000  
157.000328 0.012668  -0.005313  -0.005662  0.619842  0.766617  0.167614  -0.771376  0.634468  -0.049291  -0.144133  -0.098741  0.984620  -0.013619  0.002080  0.009330  -0.243374  0.984258  -0.288347  1.000000  
157.001330 0.012654  -0.005311  -0.005651  0.620268  0.766511  0.166519  -0.771256  0.634667  -0.048606  -0.142941  -0.098280  0.984840  -0.013750  0.002018  0.009359  -0.248818  0.999365  -0.290929  1.000000  
157.002579 0.012635  -0.005309  -0.005640  0.620717  0.766420  0.165258  -0.771163  0.634847  -0.047716  -0.141484  -0.097823  0.985095  -0.013962  0.001911  0.009279  -0.259392  1.024971  -0.291783  1.000000  
157.003825 0.012616  -0.005307  -0.005630  0.621347  0.766234  0.163747  -0.770970  0.635159  -0.046665  -0.139762  -0.097249  0.985398  -0.014195  0.001819  0.009256  -0.267957  1.049646  -0.300381  1.000000  
157.005073 0.012598  -0.005305  -0.005619  0.621951  0.766011  0.162494  -0.770746  0.635499  -0.045743  -0.138304  -0.096791  0.985649  -0.014377  0.001762  0.009192  -0.273601  1.067326  -0.309126  1.000000  
157.006074 0.012583  -0.005305  -0.005610  0.622384  0.765889  0.161405  -0.770633  0.635697  -0.044882  -0.136979  -0.096450  0.985867  -0.014439  0.001637  0.009162  -0.277209  1.090976  -0.314208  1.000000  
157.007324 0.012563  -0.005304  -0.005599  0.622862  0.765838  0.159798  -0.770575  0.635846  -0.043764  -0.135123  -0.095877  0.986179  -0.014589  0.001569  0.009313  -0.287416  1.116578  -0.308301  1.000000  
157.008326 0.012548  -0.005304  -0.005589  0.623451  0.765584  0.158716  -0.770330  0.636203  -0.042871  -0.133798  -0.095536  0.986393  -0.014712  0.001502  0.009501  -0.293344  1.135377  -0.317163  1.000000  
157.009573 0.012528  -0.005303  -0.005576  0.623924  0.765511  0.157200  -0.770266  0.636359  -0.041679  -0.131941  -0.095081  0.986687  -0.014827  0.001421  0.009637  -0.299593  1.161454  -0.311442  1.000000  
157.010573 0.012513  -0.005303  -0.005566  0.624511  0.765274  0.156022  -0.770017  0.636713  -0.040865  -0.130615  -0.094619  0.986908  -0.014894  0.001395  0.009775  -0.303101  1.179844  -0.316979  1.000000  
157.011823 0.012495  -0.005301  -0.005553  0.625139  0.765067  0.154511  -0.769820  0.637029  -0.039643  -0.128757  -0.094163  0.987195  -0.014892  0.001316  0.009860  -0.310909  1.207385  -0.321657  1.000000  
157.012824 0.012480  -0.005301  -0.005542  0.625586  0.764974  0.153156  -0.769722  0.637208  -0.038658  -0.127165  -0.093704  0.987446  -0.014962  0.001206  0.009879  -0.315439  1.229165  -0.319944  1.000000  
157.013843 0.012465  -0.005300  -0.005533  0.626020  0.764854  0.151977  -0.769609  0.637402  -0.037700  -0.125705  -0.093362  0.987665  -0.014948  0.001103  0.009704  -0.318498  1.252198  -0.321663  1.000000  
157.015076 0.012447  -0.005298  -0.005522  0.626653  0.764670  0.150284  -0.769416  0.637707  -0.036455  -0.123714  -0.092786  0.987970  -0.014983  0.001043  0.009527  -0.327421  1.283721  -0.319333  1.000000  
157.016095 0.012433  -0.005297  -0.005513  0.627243  0.764435  0.149017  -0.769169  0.638056  -0.035545  -0.122253  -0.092324  0.988196  -0.014969  0.000938  0.009346  -0.329893  1.302098  -0.331620  1.000000  
157.017329 0.012414  -0.005296  -0.005502  0.627851  0.764250  0.147395  -0.768945  0.638379  -0.034586  -0.120526  -0.091624  0.988473  -0.014953  0.000842  0.009379  -0.342944  1.320416  -0.330809  1.000000  
157.018575 0.012397  -0.005295  -0.005489  0.628478  0.764060  0.145697  -0.768743  0.638688  -0.033346  -0.118534  -0.091046  0.988767  -0.014903  0.000791  0.009538  -0.347814  1.347326  -0.329052  1.000000  
157.019824 0.012377  -0.005295  -0.005475  0.629250  0.763730  0.144088  -0.768395  0.639166  -0.032181  -0.116674  -0.090467  0.989041  -0.014931  0.000691  0.009751  -0.351824  1.364007  -0.338006  1.000000  
157.020828 0.012363  -0.005295  -0.005462  0.629843  0.763496  0.142731  -0.768150  0.639510  -0.031174  -0.115079  -0.090004  0.989271  -0.014907  0.000669  0.010016  -0.359492  1.384055  -0.340597  1.000000  
157.021830 0.012348  -0.005296  -0.005451  0.630443  0.763286  0.141195  -0.767915  0.639842  -0.030144  -0.113351  -0.089422  0.989523  -0.014868  0.000568  0.010199  -0.371406  1.406761  -0.345884  1.000000  
157.023074 0.012330  -0.005295  -0.005435  0.631218  0.762958  0.139495  -0.767570  0.640315  -0.028882  -0.111357  -0.088842  0.989801  -0.014817  0.000553  0.010437  -0.375416  1.427650  -0.354420  1.000000  
157.024081 0.012315  -0.005294  -0.005422  0.631805  0.762720  0.138133  -0.767317  0.640662  -0.027880  -0.109761  -0.088377  0.990021  -0.014716  0.000608  0.010598  -0.379198  1.448057  -0.357240  1.000000  
157.025324 0.012297  -0.005294  -0.005409  0.632743  0.762263  0.136350  -0.766845  0.641285  -0.026491  -0.107633  -0.087797  0.990306  -0.014610  0.000625  0.010599  -0.386575  1.472027  -0.369698  1.000000  
157.026574 0.012280  -0.005293  -0.005395  0.633528  0.761944  0.134475  -0.766511  0.641743  -0.025032  -0.105371  -0.087218  0.990601  -0.014609  0.000559  0.010731  -0.386470  1.500741  -0.377268  1.000000  
157.027574 0.012265  -0.005292  -0.005385  0.634109  0.761685  0.133199  -0.766249  0.642097  -0.023957  -0.103774  -0.086872  0.990800  -0.014529  0.000609  0.010675  -0.386426  1.514941  -0.383519  1.000000  
157.028824 0.012247  -0.005291  -0.005371  0.635037  0.761222  0.131408  -0.765765  0.642724  -0.022577  -0.101645  -0.086290  0.991071  -0.014572  0.000613  0.010835  -0.389744  1.533762  -0.396359  1.000000  
157.030095 0.012229  -0.005290  -0.005357  0.635963  0.760757  0.129613  -0.765276  0.643353  -0.021200  -0.099515  -0.085708  0.991338  -0.014548  0.000507  0.011042  -0.392919  1.554650  -0.406410  1.000000  
157.031331 0.012210  -0.005290  -0.005342  0.636885  0.760274  0.127908  -0.764783  0.643985  -0.019748  -0.097385  -0.085245  0.991589  -0.014599  0.000486  0.011343  -0.387466  1.579220  -0.425950  1.000000  
157.032578 0.012192  -0.005289  -0.005324  0.637796  0.759797  0.126192  -0.764276  0.644625  -0.018479  -0.095387  -0.084660  0.991834  -0.014625  0.000446  0.011745  -0.390922  1.594935  -0.441317  1.000000  
157.033580 0.012177  -0.005288  -0.005311  0.638531  0.759421  0.124732  -0.763876  0.645129  -0.017364  -0.093655  -0.084193  0.992038  -0.014615  0.000443  0.011899  -0.390271  1.608409  -0.452778  1.000000  
157.034823 0.012157  -0.005287  -0.005293  0.639444  0.758947  0.122926  -0.763371  0.645762  -0.015999  -0.091524  -0.083607  0.992287  -0.014674  0.000542  0.012163  -0.393902  1.632096  -0.465512  1.000000  
157.035827 0.012143  -0.005286  -0.005278  0.640017  0.758701  0.121459  -0.763096  0.646112  -0.014914  -0.089792  -0.083139  0.992484  -0.014656  0.000588  0.012295  -0.398089  1.645783  -0.471890  1.000000  
157.037074 0.012125  -0.005284  -0.005261  0.640931  0.758215  0.119654  -0.762592  0.646742  -0.013375  -0.087526  -0.082674  0.992726  -0.014609  0.000730  0.012376  -0.393021  1.660987  -0.492316  1.000000  
157.038324 0.012107  -0.005281  -0.005244  0.641835  0.757734  0.117839  -0.762073  0.647379  -0.012019  -0.085393  -0.082088  0.992960  -0.014636  0.000937  0.012522  -0.397457  1.674923  -0.500374  1.000000  
157.039573 0.012089  -0.005278  -0.005226  0.642743  0.757244  0.116027  -0.761558  0.648011  -0.010486  -0.083127  -0.081621  0.993191  -0.014613  0.001123  0.012746  -0.396622  1.694209  -0.518897  1.000000  
157.040574 0.012075  -0.005275  -0.005212  0.643469  0.756865  0.114467  -0.761146  0.648514  -0.009284  -0.081260  -0.081152  0.993384  -0.014634  0.001236  0.012984  -0.396273  1.708626  -0.532358  1.000000  
157.041824 0.012057  -0.005271  -0.005192  0.644364  0.756364  0.112735  -0.760615  0.649156  -0.007858  -0.079126  -0.080684  0.993594  -0.014640  0.001438  0.013442  -0.396208  1.718570  -0.546261  1.000000  
157.043074 0.012038  -0.005267  -0.005172  0.645254  0.755861  0.110999  -0.760078  0.649799  -0.006436  -0.076992  -0.080215  0.993800  -0.014721  0.001613  0.013809  -0.392145  1.723767  -0.561583  1.000000  
157.044076 0.012023  -0.005264  -0.005155  0.645972  0.755463  0.109524  -0.759655  0.650305  -0.005163  -0.075124  -0.079865  0.993971  -0.014686  0.001809  0.014276  -0.392679  1.737658  -0.568023  1.000000  
157.045323 0.012004  -0.005261  -0.005133  0.647032  0.754830  0.107616  -0.759000  0.651082  -0.003341  -0.072589  -0.079518  0.994187  -0.014802  0.001946  0.014714  -0.384276  1.761949  -0.587700  1.000000  
157.046574 0.011984  -0.005256  -0.005111  0.647925  0.754323  0.105789  -0.758464  0.651713  -0.001647  -0.070187  -0.079170  0.994387  -0.014840  0.002241  0.015139  -0.372305  1.780121  -0.600740  1.000000  
157.047594 0.011969  -0.005253  -0.005094  0.648633  0.753920  0.104305  -0.758029  0.652221  -0.000382  -0.068318  -0.078819  0.994545  -0.014791  0.002449  0.015447  -0.367752  1.793941  -0.613167  1.000000  
157.048827 0.011950  -0.005248  -0.005073  0.649518  0.753409  0.102472  -0.757483  0.652853  0.001306  -0.065915  -0.078469  0.994735  -0.014826  0.002677  0.015640  -0.360150  1.813664  -0.626708  1.000000  
157.049828 0.011936  -0.005243  -0.005056  0.650221  0.753004  0.100983  -0.757041  0.653363  0.002567  -0.064046  -0.078117  0.994885  -0.014778  0.003012  0.015811  -0.356794  1.822902  -0.633691  1.000000  
157.051077 0.011917  -0.005237  -0.005034  0.651255  0.752355  0.099142  -0.756352  0.654151  0.004269  -0.061642  -0.077767  0.995064  -0.014792  0.003282  0.016141  -0.349240  1.832881  -0.647772  1.000000  
157.052326 0.011900  -0.005230  -0.005011  0.652128  0.751839  0.097299  -0.755791  0.654786  0.005948  -0.059238  -0.077416  0.995237  -0.014799  0.003551  0.016461  -0.338162  1.846447  -0.654630  1.000000  
157.053575 0.011882  -0.005223  -0.004987  0.652992  0.751315  0.095538  -0.755219  0.655429  0.007522  -0.056967  -0.077064  0.995397  -0.014792  0.003867  0.016922  -0.331748  1.855166  -0.654948  1.000000  
157.054824 0.011864  -0.005216  -0.004962  0.653857  0.750795  0.093687  -0.754648  0.656065  0.009193  -0.054563  -0.076712  0.995559  -0.014773  0.004100  0.017467  -0.325500  1.862910  -0.662242  1.000000  
157.056080 0.011846  -0.005208  -0.004935  0.654873  0.750139  0.091831  -0.753937  0.656857  0.010880  -0.052158  -0.076360  0.995715  -0.014781  0.004378  0.017989  -0.317414  1.873836  -0.676075  1.000000  
157.057323 0.011828  -0.005201  -0.004907  0.655738  0.749619  0.089888  -0.753365  0.657477  0.012825  -0.049485  -0.076128  0.995869  -0.014702  0.004595  0.018493  -0.310807  1.892593  -0.682500  1.000000  
157.058574 0.011811  -0.005193  -0.004879  0.656594  0.749101  0.087938  -0.752782  0.658108  0.014586  -0.046946  -0.075775  0.996019  -0.014654  0.004892  0.019013  -0.304593  1.905625  -0.682436  1.000000  
157.059823 0.011792  -0.005185  -0.004851  0.657441  0.748564  0.086163  -0.752189  0.658745  0.016323  -0.044540  -0.075542  0.996147  -0.014583  0.005143  0.019415  -0.295197  1.912331  -0.682599  1.000000  
157.060824 0.011778  -0.005180  -0.004828  0.658276  0.748002  0.084650  -0.751582  0.659396  0.017936  -0.042401  -0.075428  0.996249  -0.014560  0.005315  0.019762  -0.288240  1.930827  -0.688675  1.000000  
157.062074 0.011760  -0.005172  -0.004800  0.659276  0.747340  0.082687  -0.750851  0.660173  0.019884  -0.039728  -0.075195  0.996377  -0.014481  0.005506  0.020198  -0.277722  1.949230  -0.695157  1.000000  
157.063328 0.011742  -0.005163  -0.004771  0.660268  0.746670  0.080808  -0.750109  0.660957  0.021727  -0.037187  -0.074960  0.996493  -0.014375  0.005782  0.020668  -0.266989  1.966675  -0.701304  1.000000  
157.064337 0.011727  -0.005156  -0.004748  0.661085  0.746092  0.079460  -0.749480  0.661623  0.023130  -0.035316  -0.074845  0.996570  -0.014350  0.006011  0.021138  -0.254614  1.968683  -0.708811  1.000000  
157.065578 0.011709  -0.005147  -0.004718  0.662224  0.745289  0.077479  -0.748595  0.662554  0.025081  -0.032641  -0.074610  0.996678  -0.014348  0.006198  0.021710  -0.243278  1.988619  -0.729253  1.000000  
157.066579 0.011696  -0.005140  -0.004692  0.663034  0.744709  0.076124  -0.747957  0.663219  0.026478  -0.030769  -0.074493  0.996747  -0.014271  0.006316  0.022209  -0.236293  1.993321  -0.736308  1.000000  
157.067827 0.011678  -0.005131  -0.004660  0.664163  0.743894  0.074223  -0.747059  0.664146  0.028500  -0.028094  -0.074378  0.996834  -0.014298  0.006404  0.022827  -0.221401  2.007531  -0.749858  1.000000  
157.068857 0.011663  -0.005124  -0.004633  0.664970  0.743325  0.072684  -0.746419  0.664796  0.030089  -0.025954  -0.074262  0.996901  -0.014296  0.006481  0.023235  -0.210329  2.019187  -0.755611  1.000000  
157.070074 0.011646  -0.005116  -0.004600  0.666087  0.742500  0.070862  -0.745506  0.665730  0.032003  -0.023413  -0.074145  0.996973  -0.014270  0.006565  0.023812  -0.202052  2.028284  -0.762889  1.000000  
157.071323 0.011629  -0.005108  -0.004566  0.667204  0.741694  0.068768  -0.744594  0.666641  0.034210  -0.020470  -0.074029  0.997046  -0.014262  0.006621  0.024185  -0.191185  2.055945  -0.781909  1.000000  
157.072325 0.011615  -0.005101  -0.004539  0.668151  0.740984  0.067209  -0.743800  0.667443  0.035802  -0.018329  -0.073911  0.997096  -0.014163  0.006714  0.024549  -0.182241  2.073335  -0.796028  1.000000  
157.073572 0.011598  -0.005092  -0.004505  0.669253  0.740162  0.065282  -0.742870  0.668368  0.037800  -0.015654  -0.073794  0.997151  -0.014176  0.006722  0.024941  -0.173867  2.084401  -0.808548  1.000000  
157.074572 0.011584  -0.005085  -0.004477  0.670191  0.739441  0.063804  -0.742066  0.669164  0.039465  -0.013513  -0.073796  0.997182  -0.014124  0.006795  0.025304  -0.163439  2.089163  -0.815485  1.000000  
157.075573 0.011570  -0.005078  -0.004449  0.671125  0.738728  0.062233  -0.741257  0.669965  0.041045  -0.011373  -0.073677  0.997217  -0.014072  0.006869  0.025667  -0.158604  2.098038  -0.830508  1.000000  
157.076573 0.011556  -0.005070  -0.004419  0.672055  0.738012  0.060658  -0.740445  0.670753  0.042802  -0.009098  -0.073679  0.997241  -0.014066  0.006988  0.026191  -0.150218  2.108722  -0.842390  1.000000  
157.077574 0.011543  -0.005062  -0.004388  0.672981  0.737297  0.059079  -0.739627  0.671553  0.044374  -0.006957  -0.073559  0.997267  -0.013965  0.007085  0.026755  -0.143727  2.119942  -0.856577  1.000000  
157.078823 0.011525  -0.005052  -0.004349  0.674056  0.736461  0.057216  -0.738668  0.672469  0.046430  -0.004282  -0.073560  0.997282  -0.014022  0.007121  0.027398  -0.133616  2.128520  -0.869571  1.000000  
157.079824 0.011512  -0.005044  -0.004317  0.675125  0.735597  0.055707  -0.737700  0.673413  0.048088  -0.002141  -0.073561  0.997288  -0.013905  0.007198  0.027915  -0.122871  2.138803  -0.889870  1.000000  
157.080845 0.011498  -0.005036  -0.004285  0.676037  0.734871  0.054205  -0.736868  0.674205  0.049730  0.000000  -0.073561  0.997291  -0.013851  0.007228  0.028475  -0.113994  2.145970  -0.897795  1.000000  
157.082076 0.011480  -0.005026  -0.004244  0.677247  0.733900  0.052225  -0.735750  0.675263  0.051881  0.002810  -0.073560  0.997287  -0.013878  0.007293  0.029005  -0.104015  2.162205  -0.918522  1.000000  
157.083077 0.011466  -0.005019  -0.004213  0.678150  0.733159  0.050892  -0.734908  0.676054  0.053498  0.004817  -0.073681  0.997270  -0.013875  0.007370  0.029402  -0.093507  2.167415  -0.932057  1.000000  
157.084079 0.011453  -0.005011  -0.004181  0.679049  0.732424  0.049467  -0.734061  0.676850  0.055030  0.006824  -0.073680  0.997259  -0.013771  0.007459  0.029789  -0.083065  2.172771  -0.945965  1.000000  
157.085323 0.011437  -0.005001  -0.004141  0.680093  0.731569  0.047752  -0.733066  0.677761  0.057042  0.009366  -0.073799  0.997229  -0.013726  0.007539  0.030167  -0.069213  2.178517  -0.959901  1.000000  
157.086575 0.011421  -0.004991  -0.004101  0.681132  0.730706  0.046125  -0.732068  0.678692  0.058772  0.011640  -0.073798  0.997205  -0.013624  0.007630  0.030555  -0.063623  2.169843  -0.967746  1.000000  
157.087823 0.011405  -0.004980  -0.004060  0.682164  0.729850  0.044399  -0.731062  0.679599  0.060774  0.014182  -0.073916  0.997164  -0.013499  0.007793  0.030969  -0.053160  2.171097  -0.979083  1.000000  
157.088824 0.011393  -0.004972  -0.004028  0.682894  0.729258  0.042879  -0.730335  0.680235  0.062379  0.016323  -0.073914  0.997131  -0.013426  0.007878  0.031372  -0.048145  2.175728  -0.988607  1.000000  
157.090073 0.011378  -0.004962  -0.003985  0.684067  0.728254  0.041221  -0.729179  0.681297  0.064283  0.018731  -0.074032  0.997080  -0.013287  0.007956  0.031846  -0.034429  2.172620  -1.009925  1.000000  
157.091324 0.011364  -0.004951  -0.003942  0.685082  0.727395  0.039480  -0.728155  0.682201  0.066271  0.021272  -0.074149  0.997020  -0.013049  0.008074  0.032286  -0.025187  2.168657  -1.017358  1.000000  
157.092573 0.011350  -0.004940  -0.003900  0.686091  0.726536  0.037733  -0.727126  0.683103  0.068255  0.023814  -0.074266  0.996954  -0.012856  0.008152  0.032562  -0.019446  2.169446  -1.021286  1.000000  
157.093573 0.011339  -0.004930  -0.003866  0.686805  0.725935  0.036288  -0.726383  0.683742  0.069747  0.025820  -0.074262  0.996904  -0.012618  0.008292  0.032709  -0.017822  2.170163  -1.015191  1.000000  
157.094573 0.011329  -0.004921  -0.003832  0.687668  0.725181  0.035005  -0.725497  0.684529  0.071230  0.027693  -0.074379  0.996845  -0.012397  0.008322  0.032856  -0.007915  2.165429  -1.028772  1.000000  
157.095576 0.011318  -0.004912  -0.003798  0.688526  0.724427  0.033719  -0.724609  0.685314  0.072710  0.029565  -0.074496  0.996783  -0.012200  0.008438  0.032944  -0.002215  2.156636  -1.029489  1.000000  
