1-Time 2-Px 3-Py 4-Pz 5-R11 6-R21 7-R31 8-R12 9-R22 10-R32 11-R13 12-R23 13-R33 14-Vx 15-Vy 16-Vz 17-Wx 18-Wy 19-Wz 20-state
85.307945 0.000683  -0.006780  0.000181  0.722154  0.683936  0.103561  -0.691589  0.716908  0.088014  -0.014048  -0.135181  0.990721  -0.000116  -0.000132  -0.000047  0.000000  0.000000  0.000000  1.000000  
85.309066 0.000683  -0.006780  0.000181  0.722154  0.683936  0.103561  -0.691589  0.716908  0.088014  -0.014048  -0.135181  0.990721  0.000000  0.000000  0.000000  0.000000  0.000000  0.000000  1.000000  
85.310314 0.000684  -0.006777  0.000181  0.722154  0.683948  0.103479  -0.691589  0.716919  0.087927  -0.014048  -0.135061  0.990738  0.000798  0.001614  -0.000228  0.000000  0.000000  0.000000  1.000000  
85.311562 0.000686  -0.006772  0.000181  0.722297  0.683813  0.103377  -0.691441  0.717071  0.087861  -0.014048  -0.134941  0.990754  0.001000  0.002560  -0.000053  0.000000  0.000000  0.000000  1.000000  
85.312812 0.000687  -0.006769  0.000180  0.722297  0.683826  0.103295  -0.691441  0.717081  0.087774  -0.014048  -0.134821  0.990770  0.000913  0.002520  -0.000221  0.000000  0.000000  0.000000  1.000000  
85.313821 0.000687  -0.006767  0.000181  0.722297  0.683838  0.103212  -0.691441  0.717092  0.087687  -0.014048  -0.134701  0.990787  0.000758  0.002398  -0.000047  0.000000  0.000000  0.000000  1.000000  
85.314822 0.000687  -0.006765  0.000182  0.722297  0.683838  0.103212  -0.691441  0.717092  0.087687  -0.014048  -0.134701  0.990787  0.000652  0.002317  0.000072  0.000000  0.000000  0.000000  1.000000  
85.315826 0.000688  -0.006761  0.000182  0.722297  0.683851  0.103129  -0.691441  0.717103  0.087600  -0.014048  -0.134581  0.990803  0.000743  0.002465  0.000104  0.000000  0.000000  0.000000  1.000000  
85.316828 0.000688  -0.006759  0.000182  0.722297  0.683851  0.103129  -0.691441  0.717103  0.087600  -0.014048  -0.134581  0.990803  0.000612  0.002457  0.000088  0.000000  0.000000  0.000000  1.000000  
85.318066 0.000687  -0.006755  0.000181  0.722297  0.683863  0.103046  -0.691441  0.717113  0.087513  -0.014048  -0.134460  0.990819  0.000479  0.002516  -0.000045  0.000000  0.000000  0.000000  1.000000  
85.319313 0.000687  -0.006752  0.000181  0.722439  0.683716  0.103028  -0.691292  0.717254  0.087534  -0.014048  -0.134460  0.990819  0.000394  0.002534  -0.000009  0.000000  0.000000  0.000000  1.000000  
85.320580 0.000687  -0.006748  0.000181  0.722439  0.683728  0.102945  -0.691292  0.717265  0.087447  -0.014048  -0.134340  0.990836  0.000348  0.002601  -0.000013  0.000000  0.000000  0.000000  1.000000  
85.321581 0.000688  -0.006745  0.000181  0.722439  0.683728  0.102945  -0.691292  0.717265  0.087447  -0.014048  -0.134340  0.990836  0.000369  0.002651  -0.000017  0.000000  0.000000  0.000000  1.000000  
85.322833 0.000689  -0.006740  0.000180  0.722439  0.683728  0.102945  -0.691292  0.717265  0.087447  -0.014048  -0.134340  0.990836  0.000417  0.002743  -0.000073  0.000000  0.000000  0.000000  1.000000  
85.323847 0.000690  -0.006735  0.000180  0.722439  0.683741  0.102862  -0.691292  0.717275  0.087360  -0.014048  -0.134220  0.990852  0.000491  0.003068  -0.000105  0.000000  0.000000  0.000000  1.000000  
85.325068 0.000692  -0.006727  0.000179  0.722581  0.683593  0.102844  -0.691143  0.717416  0.087381  -0.014048  -0.134220  0.990852  0.000487  0.003346  -0.000109  0.000000  0.000000  0.000000  1.000000  
85.326318 0.000694  -0.006719  0.000179  0.722580  0.683580  0.102940  -0.691142  0.717428  0.087290  -0.014182  -0.134220  0.990850  0.000545  0.003551  -0.000164  0.000000  0.000000  0.000000  1.000000  
85.327568 0.000695  -0.006713  0.000179  0.722722  0.683445  0.102839  -0.690993  0.717580  0.087224  -0.014182  -0.134100  0.990866  0.000571  0.003788  -0.000117  0.000000  0.000000  0.000000  1.000000  
85.328571 0.000696  -0.006709  0.000179  0.722722  0.683445  0.102839  -0.690993  0.717580  0.087224  -0.014182  -0.134100  0.990866  0.000603  0.003945  -0.000119  0.000000  0.000000  0.000000  1.000000  
85.329818 0.000697  -0.006702  0.000180  0.722866  0.683323  0.102642  -0.690846  0.717718  0.087250  -0.014048  -0.133980  0.990885  0.000663  0.004209  -0.000149  0.000000  0.000000  0.000000  1.000000  
85.330822 0.000697  -0.006696  0.000179  0.722864  0.683310  0.102738  -0.690844  0.717731  0.087158  -0.014182  -0.133979  0.990883  0.000606  0.004341  -0.000226  0.000000  0.000000  0.000000  1.000000  
85.332069 0.000697  -0.006690  0.000180  0.722864  0.683310  0.102738  -0.690844  0.717731  0.087158  -0.014182  -0.133979  0.990883  0.000663  0.004556  -0.000129  0.000000  0.000000  0.000000  1.000000  
85.333318 0.000697  -0.006685  0.000180  0.723007  0.683162  0.102720  -0.690696  0.717871  0.087179  -0.014182  -0.133979  0.990883  0.000725  0.004754  -0.000056  0.000000  0.000000  0.000000  1.000000  
85.334567 0.000697  -0.006679  0.000181  0.723150  0.683027  0.102606  -0.690548  0.718000  0.087292  -0.014048  -0.133980  0.990885  0.000729  0.004881  -0.000007  0.000000  0.000000  0.000000  1.000000  
85.335573 0.000698  -0.006673  0.000181  0.723150  0.683027  0.102606  -0.690548  0.718000  0.087292  -0.014048  -0.133980  0.990885  0.000759  0.005020  -0.000010  0.000000  0.000000  0.000000  1.000000  
85.336825 0.000700  -0.006665  0.000181  0.723292  0.682892  0.102505  -0.690399  0.718151  0.087226  -0.014048  -0.133859  0.990901  0.000794  0.005276  0.000012  0.000000  0.000000  0.000000  1.000000  
85.337831 0.000701  -0.006659  0.000181  0.723434  0.682744  0.102487  -0.690250  0.718292  0.087247  -0.014048  -0.133859  0.990901  0.000807  0.005424  0.000059  0.000000  0.000000  0.000000  1.000000  
85.338832 0.000701  -0.006652  0.000181  0.723577  0.682596  0.102469  -0.690101  0.718432  0.087268  -0.014048  -0.133859  0.990901  0.000762  0.005480  0.000059  0.000000  0.000000  0.000000  1.000000  
85.340069 0.000703  -0.006644  0.000181  0.723575  0.682583  0.102565  -0.690100  0.718444  0.087177  -0.014182  -0.133859  0.990899  0.000706  0.005508  0.000061  0.000000  0.000000  0.000000  1.000000  
85.341071 0.000703  -0.006638  0.000181  0.723717  0.682435  0.102547  -0.689951  0.718585  0.087198  -0.014182  -0.133859  0.990899  0.000607  0.005483  0.000166  0.000000  0.000000  0.000000  1.000000  
85.342317 0.000703  -0.006632  0.000182  0.723859  0.682287  0.102529  -0.689802  0.718725  0.087219  -0.014182  -0.133859  0.990899  0.000553  0.005506  0.000187  0.000000  0.000000  0.000000  1.000000  
85.343567 0.000703  -0.006626  0.000182  0.724001  0.682139  0.102511  -0.689653  0.718866  0.087240  -0.014182  -0.133859  0.990899  0.000442  0.005502  0.000189  0.000000  0.000000  0.000000  1.000000  
85.344817 0.000702  -0.006620  0.000181  0.724143  0.681991  0.102494  -0.689504  0.719006  0.087261  -0.014182  -0.133859  0.990899  0.000362  0.005461  0.000090  0.000000  0.000000  0.000000  1.000000  
85.345818 0.000702  -0.006615  0.000181  0.724285  0.681855  0.102393  -0.689355  0.719157  0.087195  -0.014182  -0.133739  0.990915  0.000328  0.005432  0.000167  0.000000  0.000000  0.000000  1.000000  
85.347071 0.000702  -0.006608  0.000181  0.724427  0.681707  0.102375  -0.689206  0.719298  0.087216  -0.014182  -0.133739  0.990915  0.000282  0.005446  0.000120  0.000000  0.000000  0.000000  1.000000  
85.348072 0.000702  -0.006604  0.000182  0.724569  0.681559  0.102357  -0.689056  0.719438  0.087237  -0.014182  -0.133739  0.990915  0.000282  0.005446  0.000120  0.000000  0.000000  0.000000  1.000000  
85.349323 0.000702  -0.006597  0.000183  0.724853  0.681263  0.102321  -0.688758  0.719718  0.087279  -0.014182  -0.133739  0.990915  0.000284  0.005509  0.000145  0.000000  0.000000  0.000000  1.000000  
85.350569 0.000703  -0.006591  0.000184  0.724994  0.681127  0.102220  -0.688609  0.719869  0.087213  -0.014182  -0.133619  0.990931  0.000282  0.005484  0.000167  0.000000  0.000000  0.000000  1.000000  
85.351570 0.000704  -0.006584  0.000184  0.725136  0.680979  0.102202  -0.688460  0.720010  0.087234  -0.014182  -0.133619  0.990931  0.000284  0.005513  0.000145  0.000000  0.000000  0.000000  1.000000  
85.352580 0.000704  -0.006578  0.000183  0.725278  0.680831  0.102184  -0.688310  0.720150  0.087255  -0.014182  -0.133619  0.990931  0.000235  0.005500  0.000120  0.000000  0.000000  0.000000  1.000000  
85.353826 0.000705  -0.006570  0.000184  0.725561  0.680547  0.102066  -0.688012  0.720441  0.087210  -0.014182  -0.133499  0.990948  0.000217  0.005489  0.000193  0.000000  0.000000  0.000000  1.000000  
85.355067 0.000706  -0.006562  0.000185  0.725844  0.680250  0.102030  -0.687713  0.720721  0.087252  -0.014182  -0.133499  0.990948  0.000183  0.005458  0.000270  0.000000  0.000000  0.000000  1.000000  
85.356067 0.000706  -0.006558  0.000184  0.725986  0.680114  0.101930  -0.687563  0.720871  0.087185  -0.014182  -0.133378  0.990964  0.000196  0.005380  0.000195  0.000000  0.000000  0.000000  1.000000  
85.357068 0.000706  -0.006553  0.000185  0.726127  0.679965  0.101912  -0.687414  0.721011  0.087206  -0.014182  -0.133378  0.990964  0.000178  0.005359  0.000200  0.000000  0.000000  0.000000  1.000000  
85.358070 0.000706  -0.006549  0.000184  0.726269  0.679829  0.101811  -0.687264  0.721162  0.087140  -0.014182  -0.133258  0.990980  0.000224  0.005305  0.000200  -0.025872  0.022936  -0.170019  1.000000  
85.359312 0.000706  -0.006543  0.000184  0.726410  0.679693  0.101711  -0.687115  0.721312  0.087073  -0.014182  -0.133138  0.990996  0.000193  0.005318  0.000171  -0.029833  0.019424  -0.177431  1.000000  
85.360313 0.000705  -0.006538  0.000183  0.726552  0.679545  0.101693  -0.686965  0.721452  0.087094  -0.014182  -0.133138  0.990996  0.000162  0.005300  0.000096  -0.025794  0.019417  -0.177469  1.000000  
85.361313 0.000705  -0.006533  0.000182  0.726693  0.679408  0.101593  -0.686816  0.721603  0.087028  -0.014182  -0.133018  0.991012  0.000225  0.005284  0.000070  -0.029724  0.024740  -0.183642  1.000000  
85.362563 0.000707  -0.006527  0.000182  0.726835  0.679272  0.101492  -0.686666  0.721753  0.086961  -0.014182  -0.132898  0.991028  0.000336  0.005292  0.000068  -0.033768  0.024729  -0.183647  1.000000  
85.363569 0.000707  -0.006521  0.000181  0.726976  0.679136  0.101392  -0.686516  0.721903  0.086894  -0.014182  -0.132777  0.991044  0.000404  0.005352  -0.000085  -0.038034  0.021384  -0.192593  1.000000  
85.364832 0.000709  -0.006514  0.000181  0.727117  0.679000  0.101292  -0.686367  0.722054  0.086828  -0.014182  -0.132657  0.991061  0.000424  0.005354  -0.000162  -0.042092  0.021363  -0.192511  1.000000  
85.366065 0.000710  -0.006505  0.000180  0.727119  0.679025  0.101113  -0.686368  0.722052  0.086831  -0.014048  -0.132537  0.991078  0.000427  0.005461  -0.000239  -0.041874  0.024681  -0.183622  1.000000  
85.367070 0.000711  -0.006498  0.000179  0.727260  0.678888  0.101013  -0.686218  0.722202  0.086764  -0.014048  -0.132417  0.991095  0.000492  0.005519  -0.000240  -0.045829  0.025587  -0.190457  1.000000  
85.368075 0.000712  -0.006492  0.000179  0.727401  0.678764  0.100830  -0.686069  0.722363  0.086610  -0.014048  -0.132177  0.991127  0.000466  0.005520  -0.000345  -0.054351  0.025770  -0.191992  1.000000  
85.369317 0.000712  -0.006485  0.000178  0.727400  0.678776  0.100762  -0.686067  0.722396  0.086344  -0.014182  -0.131936  0.991157  0.000476  0.005476  -0.000366  -0.062597  0.020373  -0.185760  1.000000  
85.370578 0.000712  -0.006478  0.000178  0.727541  0.678651  0.100580  -0.685917  0.722557  0.086189  -0.014182  -0.131695  0.991189  0.000451  0.005533  -0.000447  -0.070716  0.024800  -0.185106  1.000000  
85.371816 0.000713  -0.006471  0.000177  0.727682  0.678527  0.100397  -0.685768  0.722718  0.086034  -0.014182  -0.131455  0.991221  0.000467  0.005521  -0.000499  -0.078239  0.024580  -0.183633  1.000000  
85.373067 0.000714  -0.006464  0.000176  0.727823  0.678402  0.100215  -0.685618  0.722878  0.085880  -0.014182  -0.131214  0.991253  0.000535  0.005677  -0.000571  -0.086324  0.024557  -0.183632  1.000000  
85.374317 0.000714  -0.006457  0.000175  0.727823  0.678427  0.100050  -0.685618  0.722899  0.085704  -0.014182  -0.130974  0.991284  0.000608  0.005766  -0.000607  -0.094514  0.023628  -0.176846  1.000000  
85.375568 0.000716  -0.006450  0.000173  0.727965  0.678314  0.099786  -0.685468  0.723070  0.085462  -0.014182  -0.130613  0.991332  0.000675  0.005824  -0.000609  -0.103454  0.023781  -0.178321  1.000000  
85.376814 0.000718  -0.006442  0.000173  0.728247  0.678041  0.099586  -0.685168  0.723370  0.085327  -0.014182  -0.130373  0.991364  0.000809  0.005942  -0.000612  -0.110593  0.024470  -0.183660  1.000000  
85.378064 0.000720  -0.006435  0.000171  0.728388  0.677928  0.099322  -0.685018  0.723540  0.085085  -0.014182  -0.130012  0.991411  0.000908  0.005967  -0.000717  -0.122746  0.024441  -0.183697  1.000000  
85.379313 0.000723  -0.006427  0.000170  0.728529  0.677815  0.099058  -0.684868  0.723711  0.084842  -0.014182  -0.129651  0.991458  0.000991  0.006009  -0.000770  -0.134982  0.023505  -0.176906  1.000000  
85.380317 0.000725  -0.006420  0.000168  0.728670  0.677702  0.098794  -0.684718  0.723881  0.084599  -0.014182  -0.129290  0.991505  0.001027  0.005990  -0.000860  -0.143036  0.023456  -0.176868  1.000000  
85.381318 0.000727  -0.006415  0.000165  0.728811  0.677589  0.098530  -0.684568  0.724051  0.084356  -0.014182  -0.128930  0.991552  0.001120  0.005940  -0.001002  -0.155159  0.023423  -0.176864  1.000000  
85.382322 0.000729  -0.006408  0.000164  0.729091  0.677314  0.098345  -0.684267  0.724373  0.084042  -0.014316  -0.128569  0.991597  0.001181  0.005868  -0.001052  -0.168627  0.020041  -0.185850  1.000000  
85.383566 0.000731  -0.006402  0.000162  0.729373  0.677063  0.097982  -0.683967  0.724692  0.083731  -0.014316  -0.128087  0.991660  0.001260  0.005798  -0.001138  -0.179387  0.019821  -0.184341  1.000000  
85.384817 0.000732  -0.006395  0.000160  0.729654  0.676812  0.097619  -0.683666  0.725012  0.083419  -0.014316  -0.127606  0.991722  0.001344  0.005831  -0.001209  -0.197119  0.019934  -0.185809  1.000000  
85.385818 0.000733  -0.006391  0.000158  0.729936  0.676561  0.097257  -0.683366  0.725331  0.083108  -0.014316  -0.127125  0.991783  0.001371  0.005743  -0.001315  -0.209251  0.020778  -0.192674  1.000000  
85.387069 0.000735  -0.006384  0.000156  0.730217  0.676309  0.096894  -0.683065  0.725649  0.082796  -0.014316  -0.126644  0.991845  0.001454  0.005707  -0.001413  -0.225412  0.021627  -0.199497  1.000000  
85.388316 0.000737  -0.006377  0.000155  0.730639  0.675920  0.096433  -0.682614  0.726117  0.082415  -0.014316  -0.126042  0.991922  0.001495  0.005670  -0.001391  -0.241726  0.022461  -0.206456  1.000000  
85.389562 0.000738  -0.006370  0.000153  0.731060  0.675518  0.096055  -0.682163  0.726574  0.082122  -0.014316  -0.125561  0.991983  0.001560  0.005671  -0.001419  -0.251516  0.024872  -0.225128  1.000000  
85.390812 0.000740  -0.006363  0.000151  0.731482  0.675127  0.095594  -0.681711  0.727041  0.081740  -0.014316  -0.124959  0.992059  0.001574  0.005650  -0.001468  -0.271522  0.026574  -0.238731  1.000000  
85.391813 0.000741  -0.006357  0.000150  0.731762  0.674874  0.095233  -0.681410  0.727359  0.081427  -0.014316  -0.124478  0.992119  0.001526  0.005637  -0.001492  -0.283551  0.027384  -0.245541  1.000000  
85.393063 0.000743  -0.006350  0.000150  0.732183  0.674494  0.094692  -0.680958  0.727834  0.080956  -0.014316  -0.123756  0.992209  0.001557  0.005665  -0.001417  -0.303668  0.028161  -0.252357  1.000000  
85.394063 0.000744  -0.006344  0.000148  0.732603  0.674101  0.094233  -0.680505  0.728300  0.080573  -0.014316  -0.123154  0.992284  0.001462  0.005642  -0.001465  -0.319613  0.030710  -0.272839  1.000000  
85.395312 0.000746  -0.006337  0.000146  0.733023  0.673720  0.093693  -0.680053  0.728774  0.080101  -0.014316  -0.122432  0.992374  0.001396  0.005586  -0.001464  -0.339779  0.027930  -0.287139  1.000000  
85.396312 0.000746  -0.006331  0.000145  0.733443  0.673326  0.093235  -0.679600  0.729239  0.079716  -0.014316  -0.121830  0.992448  0.001298  0.005561  -0.001361  -0.355624  0.029561  -0.300649  1.000000  
85.397314 0.000746  -0.006325  0.000142  0.733863  0.672932  0.092778  -0.679147  0.729703  0.079331  -0.014316  -0.121228  0.992521  0.001155  0.005528  -0.001435  -0.367441  0.032041  -0.321065  1.000000  
85.398316 0.000747  -0.006320  0.000142  0.734282  0.672537  0.092321  -0.678693  0.730166  0.078946  -0.014316  -0.120626  0.992595  0.001072  0.005530  -0.001378  -0.383395  0.033657  -0.334669  1.000000  
85.399332 0.000747  -0.006315  0.000140  0.734701  0.672153  0.091783  -0.678240  0.730639  0.078471  -0.014316  -0.119904  0.992682  0.001006  0.005529  -0.001350  -0.402368  0.040828  -0.357312  1.000000  
85.400583 0.000747  -0.006308  0.000138  0.735120  0.671779  0.091164  -0.677786  0.731120  0.077907  -0.014316  -0.119061  0.992784  0.000929  0.005616  -0.001402  -0.422572  0.042370  -0.371080  1.000000  
85.401820 0.000747  -0.006301  0.000136  0.735678  0.671254  0.090530  -0.677180  0.731739  0.077361  -0.014316  -0.118218  0.992884  0.000801  0.005632  -0.001350  -0.442760  0.044769  -0.391786  1.000000  
85.403156 0.000747  -0.006293  0.000134  0.736235  0.670728  0.089897  -0.676574  0.732357  0.076813  -0.014316  -0.117375  0.992984  0.000720  0.005685  -0.001393  -0.461558  0.047004  -0.411255  1.000000  
85.404318 0.000748  -0.006284  0.000133  0.736792  0.670201  0.089265  -0.675968  0.732974  0.076265  -0.014316  -0.116532  0.993084  0.000712  0.005862  -0.001300  -0.479164  0.049484  -0.433306  1.000000  
85.405565 0.000749  -0.006276  0.000132  0.737211  0.669856  0.088389  -0.675514  0.733461  0.075609  -0.014182  -0.115448  0.993212  0.000617  0.005903  -0.001325  -0.503062  0.055730  -0.449474  1.000000  
85.406813 0.000750  -0.006266  0.000130  0.737767  0.669338  0.087677  -0.674907  0.734085  0.074970  -0.014182  -0.114484  0.993324  0.000607  0.006049  -0.001378  -0.527091  0.057134  -0.463097  1.000000  
85.407814 0.000751  -0.006259  0.000130  0.738184  0.668948  0.087144  -0.674451  0.734553  0.074489  -0.014182  -0.113761  0.993407  0.000498  0.006170  -0.001327  -0.543548  0.059045  -0.480750  1.000000  
85.408817 0.000751  -0.006251  0.000128  0.738461  0.668719  0.086545  -0.674147  0.734891  0.073901  -0.014182  -0.112917  0.993503  0.000454  0.006285  -0.001302  -0.559683  0.059585  -0.487589  1.000000  
85.410064 0.000752  -0.006242  0.000128  0.739016  0.668207  0.085755  -0.673538  0.735522  0.073170  -0.014182  -0.111833  0.993626  0.000393  0.006418  -0.001226  -0.583134  0.061260  -0.504092  1.000000  
85.411314 0.000752  -0.006232  0.000127  0.739432  0.667857  0.084900  -0.673082  0.736023  0.072330  -0.014182  -0.110627  0.993761  0.000400  0.006608  -0.001152  -0.607249  0.062482  -0.517814  1.000000  
85.412564 0.000752  -0.006223  0.000126  0.739985  0.667342  0.084129  -0.672471  0.736669  0.071417  -0.014316  -0.109422  0.993892  0.000374  0.006772  -0.001154  -0.631622  0.063713  -0.531811  1.000000  
85.413571 0.000753  -0.006215  0.000125  0.740400  0.666968  0.083438  -0.672014  0.737150  0.070753  -0.014316  -0.108457  0.993998  0.000440  0.006911  -0.001065  -0.652505  0.064613  -0.542666  1.000000  
85.414828 0.000754  -0.006205  0.000124  0.740815  0.666623  0.082505  -0.671557  0.737656  0.069821  -0.014316  -0.107131  0.994142  0.000500  0.007160  -0.001007  -0.680767  0.064914  -0.549457  1.000000  
85.416078 0.000755  -0.006195  0.000123  0.741367  0.666115  0.081639  -0.670947  0.738289  0.068993  -0.014316  -0.105925  0.994271  0.000573  0.007406  -0.000934  -0.707251  0.065451  -0.558065  1.000000  
85.417083 0.000757  -0.006185  0.000122  0.741782  0.665748  0.080870  -0.670489  0.738775  0.068237  -0.014316  -0.104839  0.994386  0.000692  0.007601  -0.000862  -0.725352  0.065611  -0.563271  1.000000  
85.418318 0.000760  -0.006174  0.000121  0.742334  0.665256  0.079845  -0.669878  0.739422  0.067227  -0.014316  -0.103392  0.994538  0.000846  0.007833  -0.000867  -0.754063  0.065849  -0.570426  1.000000  
85.419322 0.000761  -0.006165  0.000121  0.742747  0.664886  0.079078  -0.669419  0.739906  0.066469  -0.014316  -0.102306  0.994650  0.000914  0.007954  -0.000844  -0.778312  0.066213  -0.577266  1.000000  
85.420575 0.000764  -0.006154  0.000120  0.743298  0.664391  0.078056  -0.668807  0.740549  0.065456  -0.014316  -0.100858  0.994798  0.001033  0.008147  -0.000771  -0.806629  0.066389  -0.584126  1.000000  
85.421814 0.000767  -0.006142  0.000119  0.743849  0.663884  0.077117  -0.668195  0.741182  0.064532  -0.014316  -0.099531  0.994931  0.001104  0.008339  -0.000724  -0.831277  0.066621  -0.591274  1.000000  
85.423063 0.000769  -0.006130  0.000119  0.744399  0.663385  0.076098  -0.667582  0.741822  0.063516  -0.014316  -0.098083  0.995075  0.001222  0.008475  -0.000677  -0.855655  0.066744  -0.598235  1.000000  
85.424072 0.000771  -0.006121  0.000120  0.744812  0.663028  0.075155  -0.667123  0.742300  0.062751  -0.014182  -0.096876  0.995195  0.001319  0.008557  -0.000602  -0.875811  0.070648  -0.597620  1.000000  
85.425313 0.000773  -0.006109  0.000120  0.745499  0.662381  0.074046  -0.666356  0.743080  0.061657  -0.014182  -0.095306  0.995347  0.001421  0.008714  -0.000503  -0.904412  0.071486  -0.611636  1.000000  
85.426313 0.000775  -0.006100  0.000120  0.745910  0.662012  0.073205  -0.665896  0.743563  0.060801  -0.014182  -0.094099  0.995462  0.001533  0.008807  -0.000450  -0.924774  0.070928  -0.611688  1.000000  
85.427314 0.000776  -0.006092  0.000121  0.746458  0.661487  0.072353  -0.665281  0.744181  0.059958  -0.014182  -0.092891  0.995575  0.001602  0.008902  -0.000303  -0.941237  0.071300  -0.620367  1.000000  
85.428566 0.000778  -0.006080  0.000122  0.747143  0.660843  0.071169  -0.664513  0.744963  0.058768  -0.014182  -0.091201  0.995732  0.001647  0.009002  -0.000227  -0.973947  0.072042  -0.634467  1.000000  
85.429814 0.000779  -0.006069  0.000123  0.747689  0.660357  0.069919  -0.663897  0.745612  0.057470  -0.014182  -0.089389  0.995896  0.001711  0.009064  -0.000077  -1.005885  0.071165  -0.634296  1.000000  
85.430819 0.000781  -0.006060  0.000123  0.748236  0.659836  0.068992  -0.663281  0.746232  0.056532  -0.014182  -0.088060  0.996014  0.001741  0.009084  -0.000002  -1.030525  0.071057  -0.639628  1.000000  
85.431820 0.000783  -0.006050  0.000124  0.748782  0.659312  0.068065  -0.662665  0.746850  0.055592  -0.014182  -0.086731  0.996131  0.001756  0.009127  0.000123  -1.045978  0.071254  -0.648006  1.000000  
85.433071 0.000784  -0.006039  0.000126  0.749464  0.658666  0.066810  -0.661894  0.747628  0.054302  -0.014182  -0.084918  0.996287  0.001679  0.009125  0.000334  -1.081300  0.071287  -0.656797  1.000000  
85.434319 0.000786  -0.006028  0.000128  0.750145  0.658016  0.065557  -0.661122  0.748404  0.053009  -0.014182  -0.083105  0.996440  0.001623  0.009135  0.000478  -1.111526  0.071402  -0.667349  1.000000  
85.435570 0.000787  -0.006018  0.000129  0.750961  0.657209  0.064296  -0.660195  0.749311  0.051727  -0.014182  -0.081292  0.996589  0.001507  0.009065  0.000607  -1.139700  0.067345  -0.681537  1.000000  
85.436815 0.000788  -0.006007  0.000132  0.751641  0.656562  0.062948  -0.659423  0.750073  0.050516  -0.014048  -0.079479  0.996738  0.001405  0.008948  0.000827  -1.168280  0.072223  -0.695086  1.000000  
85.437816 0.000788  -0.005998  0.000133  0.752184  0.656035  0.061951  -0.658803  0.750687  0.049475  -0.014048  -0.078028  0.996852  0.001305  0.008923  0.000932  -1.188537  0.072083  -0.702041  1.000000  
85.439063 0.000788  -0.005989  0.000136  0.752997  0.655226  0.060618  -0.657874  0.751591  0.048093  -0.014048  -0.076093  0.997002  0.001125  0.008824  0.001070  -1.214930  0.072467  -0.716906  1.000000  
85.440070 0.000787  -0.005981  0.000138  0.753674  0.654539  0.059616  -0.657098  0.752334  0.047061  -0.014048  -0.074642  0.997111  0.000919  0.008676  0.001248  -1.236763  0.073420  -0.736559  1.000000  
85.441313 0.000787  -0.005972  0.000141  0.754485  0.653724  0.058290  -0.656167  0.753232  0.045672  -0.014048  -0.072707  0.997254  0.000792  0.008589  0.001405  -1.258883  0.073655  -0.751251  1.000000  
85.442313 0.000785  -0.005964  0.000144  0.755025  0.653201  0.057143  -0.655545  0.753847  0.044440  -0.014048  -0.071013  0.997376  0.000600  0.008494  0.001563  -1.285711  0.077650  -0.757261  1.000000  
85.443314 0.000785  -0.005957  0.000147  0.755700  0.652521  0.055989  -0.654768  0.754593  0.043218  -0.014048  -0.069319  0.997496  0.000464  0.008376  0.001720  -1.310274  0.077888  -0.771327  1.000000  
85.444567 0.000784  -0.005947  0.000150  0.756509  0.651709  0.054491  -0.653835  0.755481  0.041816  -0.013915  -0.067262  0.997638  0.000281  0.008305  0.001877  -1.334722  0.082885  -0.791887  1.000000  
85.445814 0.000782  -0.005936  0.000155  0.757451  0.650731  0.053089  -0.652744  0.756504  0.040335  -0.013915  -0.065205  0.997775  0.000069  0.008263  0.002151  -1.359373  0.083343  -0.812632  1.000000  
85.447065 0.000780  -0.005927  0.000160  0.758256  0.649910  0.051620  -0.651808  0.757393  0.038747  -0.013915  -0.063027  0.997915  -0.000194  0.008096  0.002334  -1.388008  0.083097  -0.826770  1.000000  
85.448088 0.000779  -0.005919  0.000164  0.758928  0.649223  0.050376  -0.651028  0.758122  0.037600  -0.013781  -0.061332  0.998022  -0.000354  0.007986  0.002527  -1.405744  0.087409  -0.839160  1.000000  
85.449322 0.000777  -0.005909  0.000169  0.759732  0.648382  0.049072  -0.650090  0.758995  0.036189  -0.013781  -0.059395  0.998139  -0.000636  0.007902  0.002791  -1.426751  0.087768  -0.860541  1.000000  
85.450570 0.000774  -0.005899  0.000174  0.760536  0.647556  0.047512  -0.649153  0.759867  0.034677  -0.013647  -0.057216  0.998269  -0.000899  0.007858  0.003026  -1.447614  0.091152  -0.867178  1.000000  
85.451570 0.000772  -0.005892  0.000179  0.761203  0.646841  0.046534  -0.648370  0.760583  0.033619  -0.013647  -0.055762  0.998351  -0.001082  0.007790  0.003182  -1.463200  0.091201  -0.881157  1.000000  
85.452571 0.000769  -0.005884  0.000183  0.761739  0.646298  0.045307  -0.647744  0.761167  0.032451  -0.013513  -0.054067  0.998446  -0.001280  0.007739  0.003391  -1.479392  0.094925  -0.887802  1.000000  
85.453572 0.000766  -0.005877  0.000187  0.762405  0.645596  0.044100  -0.646959  0.761890  0.031112  -0.013513  -0.052250  0.998543  -0.001511  0.007658  0.003522  -1.503642  0.094666  -0.901733  1.000000  
85.454821 0.000762  -0.005868  0.000193  0.763205  0.644759  0.042473  -0.646018  0.762752  0.029495  -0.013379  -0.049949  0.998662  -0.001690  0.007722  0.003730  -1.528092  0.093419  -0.908801  1.000000  
85.456075 0.000758  -0.005858  0.000199  0.764004  0.643913  0.040929  -0.645076  0.763606  0.027966  -0.013246  -0.047769  0.998771  -0.001982  0.007707  0.003910  -1.548142  0.097164  -0.922342  1.000000  
85.457318 0.000754  -0.005847  0.000205  0.764800  0.643076  0.039178  -0.644132  0.764473  0.025977  -0.013246  -0.045103  0.998895  -0.002142  0.007817  0.004091  -1.585117  0.095707  -0.929682  1.000000  
85.458323 0.000751  -0.005839  0.000210  0.765464  0.642363  0.037881  -0.643345  0.765177  0.024711  -0.013112  -0.043286  0.998977  -0.002240  0.007855  0.004219  -1.601276  0.099186  -0.936370  1.000000  
85.459570 0.000748  -0.005828  0.000217  0.766259  0.641512  0.036191  -0.642401  0.766024  0.022985  -0.012978  -0.040862  0.999080  -0.002369  0.007926  0.004450  -1.621572  0.102590  -0.950121  1.000000  
85.460819 0.000744  -0.005816  0.000225  0.767053  0.640650  0.034584  -0.641455  0.766864  0.021349  -0.012844  -0.038560  0.999174  -0.002548  0.007986  0.004656  -1.641988  0.105617  -0.956988  1.000000  
85.461819 0.000742  -0.005807  0.000231  0.767715  0.639930  0.033218  -0.640666  0.767560  0.019980  -0.012711  -0.036621  0.999248  -0.002595  0.008102  0.004835  -1.660798  0.108672  -0.962752  1.000000  
85.463069 0.000739  -0.005795  0.000240  0.768505  0.639057  0.031720  -0.639717  0.768394  0.018250  -0.012711  -0.034318  0.999330  -0.002678  0.008239  0.005062  -1.676954  0.107101  -0.969872  1.000000  
85.464076 0.000737  -0.005786  0.000247  0.769033  0.638484  0.030441  -0.639085  0.768949  0.016963  -0.012577  -0.032499  0.999393  -0.002724  0.008299  0.005268  -1.690662  0.110276  -0.970736  1.000000  
85.465342 0.000733  -0.005775  0.000257  0.769823  0.637608  0.028770  -0.638136  0.769774  0.015219  -0.012443  -0.030075  0.999470  -0.002770  0.008401  0.005592  -1.710244  0.112648  -0.970232  1.000000  
85.466573 0.000729  -0.005763  0.000267  0.770612  0.636721  0.027258  -0.637185  0.770590  0.013657  -0.012309  -0.027893  0.999535  -0.002866  0.008637  0.005953  -1.723319  0.111130  -0.977826  1.000000  
85.467820 0.000725  -0.005751  0.000279  0.771268  0.635985  0.025855  -0.636392  0.771273  0.012001  -0.012309  -0.025710  0.999594  -0.002902  0.008799  0.006414  -1.735535  0.109172  -0.978042  1.000000  
85.469070 0.000721  -0.005738  0.000291  0.772055  0.635093  0.024274  -0.635440  0.772081  0.010339  -0.012175  -0.023406  0.999652  -0.002862  0.009041  0.006805  -1.747892  0.111591  -0.978087  1.000000  
85.470071 0.000717  -0.005727  0.000302  0.772578  0.634497  0.023188  -0.634804  0.772621  0.009047  -0.012175  -0.021709  0.999690  -0.002914  0.009254  0.007251  -1.756042  0.109711  -0.971300  1.000000  
85.471319 0.000713  -0.005713  0.000317  0.773361  0.633591  0.021793  -0.633849  0.773422  0.007387  -0.012175  -0.019526  0.999735  -0.002930  0.009519  0.007860  -1.760354  0.107663  -0.971662  1.000000  
85.472569 0.000709  -0.005699  0.000332  0.774274  0.632519  0.020478  -0.632734  0.774348  0.005821  -0.012175  -0.017465  0.999773  -0.002945  0.009785  0.008469  -1.760238  0.105961  -0.978781  1.000000  
85.473571 0.000705  -0.005686  0.000345  0.774925  0.631756  0.019400  -0.631936  0.775007  0.004526  -0.012175  -0.015767  0.999802  -0.003003  0.009986  0.008927  -1.760186  0.099800  -0.979084  1.000000  
85.474819 0.000701  -0.005671  0.000363  0.775705  0.630839  0.018017  -0.630979  0.775795  0.002856  -0.012175  -0.013584  0.999834  -0.003043  0.010324  0.009715  -1.764350  0.097726  -0.979343  1.000000  
85.476071 0.000697  -0.005654  0.000381  0.776614  0.629763  0.016381  -0.629861  0.776707  0.001082  -0.012042  -0.011158  0.999865  -0.003137  0.010673  0.010424  -1.776523  0.100281  -0.986290  1.000000  
85.477322 0.000694  -0.005637  0.000400  0.777521  0.628678  0.015007  -0.628741  0.777614  -0.000592  -0.012042  -0.008975  0.999887  -0.003150  0.011068  0.011082  -1.776658  0.098387  -0.993548  1.000000  
85.478358 0.000691  -0.005624  0.000416  0.778297  0.627743  0.013865  -0.627780  0.778388  -0.001990  -0.012042  -0.007156  0.999902  -0.003175  0.011324  0.011714  -1.779012  0.092290  -0.999834  1.000000  
85.479571 0.000688  -0.005606  0.000437  0.779201  0.626651  0.012424  -0.626658  0.779285  -0.003766  -0.012042  -0.004852  0.999916  -0.003181  0.011794  0.012531  -1.792903  0.090476  -1.007931  1.000000  
85.480577 0.000685  -0.005591  0.000455  0.779975  0.625709  0.011290  -0.625695  0.780050  -0.005169  -0.012042  -0.003032  0.999923  -0.003175  0.012164  0.013129  -1.796600  0.084398  -1.014940  1.000000  
85.481823 0.000682  -0.005572  0.000476  0.781005  0.624447  0.009831  -0.624411  0.781067  -0.006773  -0.011908  -0.000849  0.999929  -0.003059  0.012611  0.013912  -1.804954  0.087201  -1.029000  1.000000  
85.483069 0.000679  -0.005553  0.000501  0.782033  0.623181  0.008406  -0.623124  0.782077  -0.008559  -0.011908  0.001455  0.999928  -0.002991  0.013113  0.014698  -1.810212  0.080520  -1.041458  1.000000  
85.484071 0.000676  -0.005536  0.000520  0.782803  0.622226  0.007331  -0.622158  0.782831  -0.009700  -0.011774  0.003032  0.999926  -0.002939  0.013499  0.015325  -1.801369  0.079170  -1.050520  1.000000  
85.485322 0.000674  -0.005515  0.000545  0.783827  0.620952  0.005915  -0.620868  0.783831  -0.011494  -0.011774  0.005337  0.999916  -0.002788  0.014043  0.016057  -1.797755  0.076881  -1.069155  1.000000  
85.486564 0.000670  -0.005493  0.000571  0.784849  0.619671  0.004401  -0.619577  0.784824  -0.013210  -0.011640  0.007641  0.999903  -0.002765  0.014528  0.016759  -1.802055  0.074763  -1.083223  1.000000  
85.487567 0.000668  -0.005475  0.000592  0.785743  0.618545  0.003190  -0.618447  0.785692  -0.014551  -0.011506  0.009460  0.999889  -0.002680  0.014940  0.017301  -1.789578  0.077285  -1.096867  1.000000  
85.488813 0.000665  -0.005451  0.000619  0.786888  0.617093  0.001764  -0.616991  0.786804  -0.016180  -0.011373  0.011643  0.999868  -0.002580  0.015462  0.017993  -1.785828  0.075157  -1.117878  1.000000  
85.489814 0.000663  -0.005432  0.000641  0.787778  0.615959  0.000487  -0.615857  0.787661  -0.017624  -0.011239  0.013584  0.999845  -0.002543  0.015929  0.018538  -1.785611  0.073163  -1.131627  1.000000  
85.491064 0.000660  -0.005407  0.000669  0.788919  0.614497  -0.001002  -0.614397  0.788759  -0.019359  -0.011105  0.015888  0.999812  -0.002472  0.016486  0.019179  -1.785492  0.070782  -1.152372  1.000000  
85.492065 0.000656  -0.005387  0.000692  0.789806  0.613353  -0.002302  -0.613261  0.789611  -0.020633  -0.010837  0.017707  0.999784  -0.002545  0.016940  0.019718  -1.785397  0.073267  -1.166082  1.000000  
85.493315 0.000653  -0.005360  0.000721  0.790817  0.612041  -0.003816  -0.611962  0.790576  -0.022199  -0.010570  0.019890  0.999746  -0.002557  0.017628  0.020359  -1.777370  0.075134  -1.179936  1.000000  
85.494564 0.000650  -0.005333  0.000750  0.791826  0.610724  -0.005250  -0.610660  0.791539  -0.023674  -0.010302  0.021952  0.999706  -0.002541  0.018213  0.020850  -1.769608  0.077094  -1.193971  1.000000  
85.495814 0.000647  -0.005304  0.000778  0.792708  0.609562  -0.006939  -0.609521  0.792368  -0.025263  -0.009901  0.024256  0.999657  -0.002544  0.018853  0.021282  -1.769908  0.087769  -1.207992  1.000000  
85.496814 0.000644  -0.005281  0.000801  0.793589  0.608397  -0.008328  -0.608380  0.793204  -0.026472  -0.009500  0.026075  0.999615  -0.002533  0.019424  0.021653  -1.769823  0.094489  -1.221702  1.000000  
85.497816 0.000642  -0.005258  0.000824  0.794467  0.607231  -0.009607  -0.607237  0.794035  -0.027766  -0.009232  0.027894  0.999568  -0.002489  0.019948  0.021908  -1.773777  0.101238  -1.242453  1.000000  
85.498821 0.000641  -0.005233  0.000846  0.795344  0.606060  -0.010916  -0.606094  0.794868  -0.028887  -0.008831  0.029591  0.999523  -0.002425  0.020566  0.022110  -1.768214  0.108534  -1.259801  1.000000  
85.500072 0.000639  -0.005201  0.000875  0.796345  0.604713  -0.012541  -0.604786  0.795814  -0.030222  -0.008295  0.031652  0.999465  -0.002409  0.021270  0.022374  -1.764148  0.123732  -1.280808  1.000000  
85.501322 0.000637  -0.005169  0.000902  0.797344  0.603355  -0.014342  -0.603477  0.796755  -0.031579  -0.007626  0.033834  0.999398  -0.002261  0.021954  0.022421  -1.768539  0.143442  -1.288128  1.000000  
85.502323 0.000636  -0.005143  0.000924  0.798216  0.602164  -0.015819  -0.602330  0.797576  -0.032729  -0.007091  0.035653  0.999339  -0.002215  0.022498  0.022537  -1.772868  0.159041  -1.302419  1.000000  
85.503567 0.000633  -0.005109  0.000951  0.799334  0.600631  -0.017531  -0.600852  0.798637  -0.034003  -0.006422  0.037714  0.999268  -0.002195  0.023208  0.022497  -1.770807  0.177323  -1.319872  1.000000  
85.504815 0.000632  -0.005074  0.000977  0.800449  0.599087  -0.019384  -0.599373  0.799684  -0.035478  -0.005753  0.040017  0.999182  -0.002076  0.023939  0.022349  -1.775104  0.196389  -1.341161  1.000000  
85.506063 0.000629  -0.005039  0.001003  0.801439  0.597698  -0.021274  -0.598056  0.800610  -0.036778  -0.004951  0.042198  0.999097  -0.002049  0.024524  0.022289  -1.767783  0.215514  -1.348977  1.000000  
85.507064 0.000628  -0.005010  0.001023  0.802425  0.596315  -0.022834  -0.596737  0.801543  -0.037873  -0.004282  0.044016  0.999022  -0.001872  0.025116  0.022073  -1.772010  0.235185  -1.363358  1.000000  
85.508065 0.000626  -0.004981  0.001044  0.803287  0.595093  -0.024399  -0.595582  0.802349  -0.038968  -0.003613  0.045834  0.998943  -0.001797  0.025698  0.021926  -1.772312  0.254858  -1.371004  1.000000  
85.509317 0.000625  -0.004943  0.001070  0.804391  0.593511  -0.026448  -0.594094  0.803385  -0.040308  -0.002676  0.048136  0.998837  -0.001692  0.026441  0.021670  -1.772849  0.282619  -1.385991  1.000000  
85.510564 0.000624  -0.004904  0.001095  0.805492  0.591925  -0.028419  -0.592604  0.804421  -0.041559  -0.001739  0.050317  0.998732  -0.001494  0.027157  0.021452  -1.769975  0.310506  -1.401584  1.000000  
85.511813 0.000624  -0.004864  0.001120  0.806711  0.590155  -0.030556  -0.590945  0.805573  -0.042843  -0.000669  0.052619  0.998614  -0.001345  0.027799  0.021245  -1.774492  0.338174  -1.416604  1.000000  
85.513064 0.000625  -0.004824  0.001144  0.808048  0.588214  -0.032607  -0.589117  0.806847  -0.044044  0.000401  0.054799  0.998497  -0.001118  0.028556  0.020970  -1.770812  0.370034  -1.438745  1.000000  
85.514065 0.000626  -0.004792  0.001164  0.809016  0.586781  -0.034358  -0.587785  0.807764  -0.045018  0.001338  0.056615  0.998395  -0.000976  0.029031  0.020790  -1.779612  0.393938  -1.453924  1.000000  
85.515080 0.000627  -0.004758  0.001183  0.809861  0.585513  -0.036045  -0.586617  0.808563  -0.045892  0.002275  0.058311  0.998296  -0.000742  0.029630  0.020503  -1.774042  0.425799  -1.460319  1.000000  
85.516321 0.000628  -0.004716  0.001208  0.811064  0.583704  -0.038271  -0.584947  0.809701  -0.047129  0.003479  0.060611  0.998155  -0.000578  0.030213  0.020373  -1.776824  0.454349  -1.471252  1.000000  
85.517569 0.000631  -0.004673  0.001231  0.812383  0.581718  -0.040481  -0.583106  0.810954  -0.048384  0.004683  0.062911  0.998008  -0.000275  0.031062  0.020189  -1.780015  0.490051  -1.492593  1.000000  
85.518570 0.000633  -0.004639  0.001250  0.813218  0.580425  -0.042228  -0.581931  0.811738  -0.049375  0.005620  0.064726  0.997887  0.000029  0.031424  0.019941  -1.780836  0.514302  -1.494547  1.000000  
85.519813 0.000636  -0.004595  0.001274  0.814409  0.578590  -0.044400  -0.580252  0.812850  -0.050814  0.006690  0.067146  0.997721  0.000289  0.031922  0.019796  -1.783449  0.537272  -1.505433  1.000000  
85.520818 0.000638  -0.004560  0.001292  0.815358  0.577116  -0.046128  -0.578906  0.813745  -0.051827  0.007626  0.068961  0.997590  0.000601  0.032444  0.019579  -1.782635  0.565812  -1.513169  1.000000  
85.522064 0.000642  -0.004516  0.001315  0.816539  0.575260  -0.048367  -0.577220  0.814871  -0.052930  0.008964  0.071138  0.997426  0.000966  0.032971  0.019413  -1.781420  0.592934  -1.524149  1.000000  
85.523064 0.000645  -0.004481  0.001333  0.817482  0.573766  -0.050157  -0.575869  0.815753  -0.054055  0.009901  0.073073  0.997277  0.001239  0.033333  0.019295  -1.789118  0.617201  -1.539214  1.000000  
85.524065 0.000649  -0.004445  0.001351  0.818421  0.572279  -0.051805  -0.574517  0.816644  -0.054988  0.010837  0.074766  0.997142  0.001642  0.033746  0.019108  -1.789888  0.636331  -1.555057  1.000000  
85.525314 0.000654  -0.004400  0.001374  0.819710  0.570246  -0.053800  -0.572655  0.817862  -0.056280  0.011908  0.076942  0.996964  0.001981  0.034127  0.018938  -1.792709  0.653232  -1.579418  1.000000  
85.526564 0.000660  -0.004355  0.001397  0.820756  0.568525  -0.056032  -0.571125  0.818853  -0.057405  0.013246  0.079117  0.996777  0.002424  0.034516  0.018794  -1.788328  0.681885  -1.588382  1.000000  
85.527814 0.000666  -0.004309  0.001420  0.821797  0.566793  -0.058259  -0.569593  0.819839  -0.058540  0.014584  0.081292  0.996584  0.002782  0.034908  0.018729  -1.786959  0.707981  -1.592286  1.000000  
