1-Time 2-Px 3-Py 4-Pz 5-R11 6-R21 7-R31 8-R12 9-R22 10-R32 11-R13 12-R23 13-R33 14-Vx 15-Vy 16-Vz 17-Wx 18-Wy 19-Wz 20-state
19.139678 0.012795  0.014264  -0.034660  0.881689  0.448049  -0.147908  -0.449700  0.892857  0.023988  0.142808  0.045364  0.988710  0.001826  0.002007  -0.011305  -0.237684  0.538619  -0.242594  1.000000  
19.140720 0.012796  0.014265  -0.034669  0.881655  0.448020  -0.148198  -0.449683  0.892866  0.024000  0.143073  0.045483  0.988666  0.001832  0.001998  -0.011353  -0.232664  0.529662  -0.235346  1.000000  
19.141952 0.012793  0.014257  -0.034653  0.881621  0.447973  -0.148542  -0.449666  0.892877  0.023903  0.143338  0.045721  0.988617  0.001504  0.001263  -0.009385  -0.232002  0.512300  -0.227998  1.000000  
19.142955 0.012790  0.014245  -0.034627  0.881511  0.448134  -0.148710  -0.449838  0.892791  0.023886  0.143471  0.045840  0.988592  0.001120  0.000344  -0.006746  -0.228287  0.499747  -0.212210  1.000000  
19.144197 0.012785  0.014235  -0.034600  0.881511  0.448116  -0.148764  -0.449838  0.892793  0.023777  0.143471  0.045960  0.988587  0.000737  -0.000408  -0.004093  -0.222484  0.473637  -0.197572  1.000000  
19.145198 0.012780  0.014232  -0.034589  0.881511  0.448098  -0.148818  -0.449838  0.892796  0.023669  0.143471  0.046080  0.988581  -0.002744  -0.006160  0.013602  -0.217557  0.451606  -0.189879  1.000000  
19.146448 0.012770  0.014229  -0.034583  0.881587  0.447908  -0.148941  -0.449648  0.892891  0.023699  0.143603  0.046079  0.988562  -0.003870  -0.005479  0.011870  -0.209720  0.429651  -0.189101  1.000000  
19.147702 0.012755  0.014224  -0.034580  0.881552  0.447879  -0.149231  -0.449631  0.892900  0.023711  0.143868  0.046197  0.988518  -0.005162  -0.005177  0.010319  -0.203848  0.412323  -0.174765  1.000000  
19.148706 0.012744  0.014221  -0.034577  0.881518  0.447868  -0.149467  -0.449613  0.892905  0.023831  0.144133  0.046195  0.988480  -0.005746  -0.004917  0.009469  -0.194712  0.398881  -0.167275  1.000000  
19.149707 0.012739  0.014219  -0.034570  0.881518  0.447868  -0.149467  -0.449613  0.892905  0.023831  0.144133  0.046195  0.988480  -0.005738  -0.004626  0.009245  -0.186453  0.380607  -0.154137  1.000000  
19.150951 0.012734  0.014216  -0.034558  0.881552  0.447897  -0.149177  -0.449631  0.892897  0.023819  0.143868  0.046077  0.988524  -0.005541  -0.004410  0.009313  -0.171728  0.350771  -0.144809  1.000000  
19.151952 0.012728  0.014211  -0.034543  0.881604  0.447932  -0.148769  -0.449657  0.892886  0.023747  0.143471  0.045960  0.988587  -0.005596  -0.004430  0.009790  -0.158741  0.320046  -0.136730  1.000000  
19.153198 0.012716  0.014201  -0.034515  0.881579  0.448155  -0.148238  -0.449873  0.892779  0.023645  0.142941  0.045843  0.988669  -0.005932  -0.004783  0.010999  -0.143820  0.276471  -0.114431  1.000000  
19.154203 0.012703  0.014188  -0.034486  0.881630  0.448208  -0.147776  -0.449899  0.892765  0.023681  0.142544  0.045606  0.988737  -0.006433  -0.005339  0.012219  -0.126636  0.245460  -0.106208  1.000000  
19.155448 0.012686  0.014167  -0.034442  0.881572  0.448420  -0.147481  -0.450098  0.892665  0.023700  0.142279  0.045488  0.988781  -0.007321  -0.006552  0.014901  -0.112619  0.214869  -0.091253  1.000000  
19.156697 0.012666  0.014140  -0.034395  0.881698  0.448301  -0.147087  -0.449934  0.892743  0.023874  0.142014  0.045130  0.988835  -0.008537  -0.007938  0.017565  -0.091442  0.183951  -0.083051  1.000000  
19.157699 0.012651  0.014119  -0.034361  0.881791  0.448135  -0.147038  -0.449752  0.892832  0.023952  0.142014  0.045010  0.988841  -0.009307  -0.008588  0.018133  -0.079291  0.166044  -0.082233  1.000000  
19.158948 0.012634  0.014097  -0.034330  0.881808  0.448176  -0.146811  -0.449761  0.892824  0.024109  0.141881  0.044771  0.988871  -0.010113  -0.009317  0.018257  0.000000  0.000000  0.000000  1.000000  
19.160055 0.012620  0.014082  -0.034316  0.881825  0.448217  -0.146585  -0.449770  0.892815  0.024265  0.141749  0.044532  0.988900  -0.010787  -0.010086  0.018348  0.000000  0.000000  0.000000  1.000000  
19.161199 0.012599  0.014064  -0.034303  0.881858  0.448245  -0.146295  -0.449787  0.892807  0.024253  0.141484  0.044414  0.988944  -0.011555  -0.011169  0.019017  0.000000  0.000000  0.000000  1.000000  
19.162448 0.012580  0.014044  -0.034280  0.881985  0.448107  -0.145955  -0.449622  0.892888  0.024319  0.141219  0.044175  0.988992  -0.011866  -0.012176  0.020386  0.000000  0.000000  0.000000  1.000000  
19.163700 0.012566  0.014028  -0.034240  0.882018  0.448136  -0.145665  -0.449640  0.892879  0.024308  0.140954  0.044057  0.989035  -0.011890  -0.012904  0.022518  0.000000  0.000000  0.000000  1.000000  
19.164975 0.012559  0.014015  -0.034187  0.882128  0.447992  -0.145443  -0.449466  0.892963  0.024434  0.140822  0.043818  0.989065  -0.012015  -0.013734  0.025641  0.000000  0.000000  0.000000  1.000000  
19.166202 0.012550  0.014001  -0.034132  0.882144  0.448033  -0.145217  -0.449475  0.892954  0.024591  0.140689  0.043579  0.989094  -0.012288  -0.014454  0.028451  0.000000  0.000000  0.000000  1.000000  
19.167205 0.012539  0.013986  -0.034091  0.882144  0.448050  -0.145162  -0.449475  0.892951  0.024699  0.140689  0.043459  0.989100  -0.012545  -0.015006  0.029949  0.000000  0.000000  0.000000  1.000000  
19.168451 0.012520  0.013961  -0.034047  0.882220  0.447897  -0.145177  -0.449285  0.893040  0.024946  0.140822  0.043218  0.989091  -0.012872  -0.015846  0.030765  0.000000  0.000000  0.000000  1.000000  
19.169700 0.012502  0.013935  -0.034013  0.882187  0.447904  -0.145358  -0.449268  0.893042  0.025174  0.141087  0.043096  0.989059  -0.012942  -0.016341  0.030315  0.000000  0.000000  0.000000  1.000000  
19.170948 0.012484  0.013908  -0.033991  0.882170  0.447934  -0.145367  -0.449259  0.893039  0.025451  0.141219  0.042856  0.989050  -0.012915  -0.016459  0.028683  0.000000  0.000000  0.000000  1.000000  
19.172198 0.012466  0.013882  -0.033971  0.882153  0.447947  -0.145431  -0.449251  0.893038  0.025619  0.141352  0.042735  0.989037  -0.012822  -0.016416  0.027008  0.000000  0.000000  0.000000  1.000000  
19.173198 0.012453  0.013860  -0.033956  0.882119  0.447972  -0.145558  -0.449233  0.893037  0.025956  0.141616  0.042493  0.989009  -0.012720  -0.016646  0.026096  0.000000  0.000000  0.000000  1.000000  
19.174448 0.012440  0.013833  -0.033934  0.882085  0.447979  -0.145740  -0.449216  0.893039  0.026184  0.141881  0.042372  0.988976  -0.012468  -0.017085  0.025886  0.000000  0.000000  0.000000  1.000000  
19.175448 0.012430  0.013813  -0.033914  0.881959  0.448188  -0.145861  -0.449381  0.892946  0.026551  0.142146  0.042130  0.988949  -0.012124  -0.017537  0.026634  0.000000  0.000000  0.000000  1.000000  
19.176703 0.012419  0.013790  -0.033880  0.881832  0.448380  -0.146037  -0.449545  0.892855  0.026810  0.142411  0.042009  0.988916  -0.011418  -0.017793  0.027833  0.000000  0.000000  0.000000  1.000000  
19.177948 0.012409  0.013769  -0.033836  0.881781  0.448383  -0.146337  -0.449519  0.892860  0.027098  0.142808  0.041886  0.988864  -0.010937  -0.017944  0.028550  0.000000  0.000000  0.000000  1.000000  
19.179198 0.012404  0.013749  -0.033790  0.881730  0.448385  -0.146636  -0.449493  0.892864  0.027387  0.143206  0.041764  0.988811  -0.010584  -0.018216  0.028665  0.000000  0.000000  0.000000  1.000000  
19.180198 0.012400  0.013733  -0.033756  0.881604  0.448577  -0.146811  -0.449657  0.892773  0.027646  0.143471  0.041642  0.988778  -0.010514  -0.018619  0.028007  0.000000  0.000000  0.000000  1.000000  
19.181200 0.012395  0.013717  -0.033730  0.881569  0.448567  -0.147047  -0.449639  0.892779  0.027766  0.143735  0.041641  0.988740  -0.010358  -0.018938  0.026830  0.000000  0.000000  0.000000  1.000000  
19.182205 0.012386  0.013699  -0.033711  0.881425  0.448736  -0.147395  -0.449795  0.892694  0.027976  0.144133  0.041638  0.988682  -0.010088  -0.019138  0.025043  0.000000  0.000000  0.000000  1.000000  
19.183451 0.012371  0.013675  -0.033693  0.881281  0.448905  -0.147743  -0.449950  0.892609  0.028187  0.144530  0.041636  0.988624  -0.009938  -0.019107  0.023602  0.000000  0.000000  0.000000  1.000000  
19.184701 0.012355  0.013650  -0.033672  0.881137  0.449074  -0.148090  -0.450105  0.892524  0.028398  0.144927  0.041633  0.988566  -0.009697  -0.018947  0.022762  0.000000  0.000000  0.000000  1.000000  
19.185707 0.012344  0.013630  -0.033648  0.881085  0.449059  -0.148444  -0.450078  0.892532  0.028579  0.145324  0.041631  0.988508  -0.009458  -0.018866  0.023196  0.000000  0.000000  0.000000  1.000000  
19.186948 0.012333  0.013604  -0.033609  0.880940  0.449246  -0.148736  -0.450233  0.892443  0.028898  0.145721  0.041509  0.988455  -0.009031  -0.018883  0.024459  0.000000  0.000000  0.000000  1.000000  
19.187949 0.012328  0.013583  -0.033569  0.880888  0.449231  -0.149090  -0.450206  0.892451  0.029079  0.146118  0.041506  0.988396  -0.008507  -0.018742  0.026192  0.000000  0.000000  0.000000  1.000000  
19.189198 0.012320  0.013556  -0.033517  0.880743  0.449418  -0.149382  -0.450361  0.892362  0.029398  0.146515  0.041384  0.988342  -0.008131  -0.018766  0.028298  0.115074  0.163246  0.027169  1.000000  
19.190448 0.012312  0.013531  -0.033464  0.880708  0.449408  -0.149618  -0.450343  0.892368  0.029519  0.146780  0.041382  0.988303  -0.007898  -0.018770  0.029941  0.110184  0.175427  0.026397  1.000000  
19.191704 0.012303  0.013507  -0.033421  0.880673  0.449417  -0.149799  -0.450325  0.892369  0.029747  0.147045  0.041261  0.988269  -0.007737  -0.018971  0.030760  0.107895  0.194946  0.032681  1.000000  
19.192985 0.012297  0.013485  -0.033384  0.880673  0.449417  -0.149799  -0.450325  0.892369  0.029747  0.147045  0.041261  0.988269  -0.007512  -0.018950  0.029987  0.103706  0.203717  0.032272  1.000000  
19.194198 0.012294  0.013462  -0.033353  0.880656  0.449430  -0.149862  -0.450316  0.892368  0.029916  0.147177  0.041140  0.988254  -0.007364  -0.019110  0.029095  0.098930  0.215647  0.031507  1.000000  
19.195198 0.012291  0.013444  -0.033331  0.880656  0.449430  -0.149862  -0.450316  0.892368  0.029916  0.147177  0.041140  0.988254  -0.007261  -0.019272  0.028333  0.095883  0.215956  0.038309  1.000000  
19.196448 0.012284  0.013419  -0.033299  0.880638  0.449425  -0.149980  -0.450307  0.892370  0.029976  0.147309  0.041139  0.988235  -0.007204  -0.019589  0.028565  0.087849  0.225001  0.037976  1.000000  
19.197448 0.012277  0.013396  -0.033270  0.880713  0.449236  -0.150104  -0.450117  0.892465  0.030005  0.147442  0.041138  0.988215  -0.007085  -0.019859  0.029148  0.082757  0.229001  0.030986  1.000000  
19.198453 0.012268  0.013370  -0.033232  0.880806  0.449053  -0.150110  -0.449936  0.892558  0.029974  0.147442  0.041138  0.988215  -0.006761  -0.020287  0.030957  0.075289  0.226396  0.031462  1.000000  
19.199706 0.012258  0.013337  -0.033176  0.880898  0.448887  -0.150062  -0.449754  0.892647  0.030052  0.147442  0.041018  0.988220  -0.006409  -0.020871  0.033319  0.000000  0.000000  0.000000  1.000000  
19.200949 0.012251  0.013304  -0.033110  0.881009  0.448726  -0.149896  -0.449582  0.892733  0.030069  0.147309  0.040899  0.988244  -0.006086  -0.021373  0.035494  0.000000  0.000000  0.000000  1.000000  
19.201949 0.012245  0.013278  -0.033056  0.881101  0.448561  -0.149847  -0.449400  0.892822  0.030146  0.147309  0.040780  0.988249  -0.005858  -0.021700  0.036831  0.000000  0.000000  0.000000  1.000000  
19.202949 0.012240  0.013254  -0.033004  0.881211  0.448400  -0.149681  -0.449228  0.892908  0.030164  0.147177  0.040660  0.988274  -0.005855  -0.021950  0.037617  0.000000  0.000000  0.000000  1.000000  
19.204196 0.012233  0.013226  -0.032947  0.881396  0.448032  -0.149694  -0.448865  0.893092  0.030102  0.147177  0.040660  0.988274  -0.005849  -0.022038  0.037967  0.000000  0.000000  0.000000  1.000000  
19.205198 0.012225  0.013204  -0.032910  0.881506  0.447871  -0.149528  -0.448693  0.893178  0.030120  0.147045  0.040541  0.988299  -0.005890  -0.022157  0.037598  0.000000  0.000000  0.000000  1.000000  
19.206199 0.012218  0.013185  -0.032875  0.881708  0.447526  -0.149368  -0.448339  0.893357  0.030107  0.146912  0.040422  0.988323  -0.005877  -0.022119  0.037462  0.000000  0.000000  0.000000  1.000000  
19.207448 0.012209  0.013164  -0.032831  0.881928  0.447186  -0.149090  -0.447993  0.893532  0.030034  0.146648  0.040304  0.988367  -0.006064  -0.022074  0.037948  0.000000  0.000000  0.000000  1.000000  
19.208697 0.012200  0.013141  -0.032778  0.882055  0.447012  -0.148861  -0.447829  0.893619  0.029883  0.146383  0.040306  0.988407  -0.006323  -0.022046  0.039091  0.000000  0.000000  0.000000  1.000000  
19.209703 0.012193  0.013119  -0.032728  0.882257  0.446667  -0.148701  -0.447475  0.893797  0.029871  0.146251  0.040187  0.988431  -0.006679  -0.022328  0.041279  0.000000  0.000000  0.000000  1.000000  
19.210948 0.012181  0.013089  -0.032659  0.882476  0.446326  -0.148423  -0.447129  0.893973  0.029798  0.145986  0.040068  0.988475  -0.007128  -0.022719  0.043883  0.000000  0.000000  0.000000  1.000000  
19.212197 0.012167  0.013055  -0.032588  0.882677  0.445999  -0.148209  -0.446775  0.894147  0.029894  0.145854  0.039829  0.988504  -0.007411  -0.023129  0.045939  0.000000  0.000000  0.000000  1.000000  
19.213198 0.012155  0.013028  -0.032534  0.882896  0.445676  -0.147877  -0.446429  0.894318  0.029931  0.145589  0.039591  0.988553  -0.007642  -0.023207  0.047379  0.000000  0.000000  0.000000  1.000000  
19.214201 0.012143  0.013002  -0.032482  0.883097  0.445331  -0.147718  -0.446074  0.894496  0.029919  0.145456  0.039472  0.988577  -0.007933  -0.023154  0.047836  0.000000  0.000000  0.000000  1.000000  
19.215207 0.012131  0.012976  -0.032433  0.883206  0.445187  -0.147498  -0.445901  0.894578  0.030046  0.145324  0.039233  0.988606  -0.008290  -0.023117  0.047740  0.000000  0.000000  0.000000  1.000000  
19.216451 0.012119  0.012944  -0.032376  0.883407  0.444877  -0.147230  -0.445546  0.894748  0.030251  0.145192  0.038874  0.988640  -0.008699  -0.023110  0.046978  0.000000  0.000000  0.000000  1.000000  
19.217701 0.012107  0.012913  -0.032322  0.883699  0.444382  -0.146969  -0.445009  0.895009  0.030426  0.145059  0.038515  0.988673  -0.009054  -0.023146  0.046195  0.072706  -0.043975  -0.196907  1.000000  
19.218951 0.012094  0.012886  -0.032271  0.883900  0.444054  -0.146755  -0.444654  0.895182  0.030524  0.144927  0.038276  0.988702  -0.009365  -0.023044  0.045828  0.073730  -0.062738  -0.216703  1.000000  
19.219954 0.012085  0.012866  -0.032228  0.884009  0.443910  -0.146536  -0.444481  0.895264  0.030651  0.144795  0.038037  0.988730  -0.009480  -0.022938  0.046178  0.080852  -0.076458  -0.222983  1.000000  
19.221201 0.012073  0.012843  -0.032167  0.884226  0.443603  -0.146151  -0.444134  0.895431  0.030798  0.144530  0.037678  0.988783  -0.009705  -0.022948  0.047465  0.086996  -0.094931  -0.235986  1.000000  
19.222448 0.012062  0.012819  -0.032095  0.884426  0.443275  -0.145938  -0.443779  0.895604  0.030896  0.144397  0.037439  0.988811  -0.009876  -0.023118  0.049284  0.093178  -0.099972  -0.249580  1.000000  
19.223703 0.012050  0.012793  -0.032016  0.884552  0.443152  -0.145546  -0.443614  0.895679  0.031073  0.144133  0.037081  0.988863  -0.010110  -0.023249  0.050859  0.100304  -0.113623  -0.255817  1.000000  
19.224948 0.012037  0.012766  -0.031935  0.884752  0.442823  -0.145333  -0.443258  0.895852  0.031171  0.144000  0.036842  0.988892  -0.010324  -0.023236  0.052085  0.106480  -0.118648  -0.269388  1.000000  
19.225950 0.012023  0.012743  -0.031877  0.884752  0.442858  -0.145226  -0.443258  0.895844  0.031388  0.144000  0.036602  0.988901  -0.010528  -0.022925  0.052000  0.114604  -0.123096  -0.269194  1.000000  
19.226954 0.012009  0.012722  -0.031825  0.884860  0.442713  -0.145006  -0.443085  0.895926  0.031517  0.143868  0.036362  0.988929  -0.010745  -0.022575  0.051764  0.122757  -0.132050  -0.268855  1.000000  
19.228198 0.011991  0.012696  -0.031766  0.885043  0.442397  -0.144858  -0.442720  0.896096  0.031783  0.143868  0.036003  0.988942  -0.010928  -0.022165  0.051158  0.132878  -0.131180  -0.273452  1.000000  
19.229447 0.011976  0.012670  -0.031710  0.885151  0.442270  -0.144586  -0.442547  0.896174  0.032020  0.143735  0.035643  0.988974  -0.010860  -0.021594  0.050655  0.140994  -0.135581  -0.273335  1.000000  
19.230451 0.011967  0.012650  -0.031662  0.885242  0.442138  -0.144431  -0.442365  0.896253  0.032316  0.143735  0.035284  0.988987  -0.010822  -0.021314  0.050562  0.149104  -0.131062  -0.273552  1.000000  
19.231708 0.011956  0.012624  -0.031598  0.885316  0.442002  -0.144396  -0.442174  0.896334  0.032672  0.143868  0.034923  0.988981  -0.010739  -0.020810  0.051200  0.158428  -0.127548  -0.275937  1.000000  
19.232956 0.011947  0.012602  -0.031528  0.885407  0.441887  -0.144188  -0.441991  0.896409  0.033077  0.143868  0.034443  0.988997  -0.010530  -0.020327  0.052441  0.171666  -0.122701  -0.269285  1.000000  
19.234201 0.011937  0.012580  -0.031456  0.885498  0.441772  -0.143980  -0.441809  0.896484  0.033482  0.143868  0.033963  0.989014  -0.010349  -0.019981  0.053801  0.183971  -0.118166  -0.269583  1.000000  
19.235201 0.011929  0.012563  -0.031398  0.885680  0.441456  -0.143834  -0.441445  0.896654  0.033749  0.143868  0.033603  0.989026  -0.010304  -0.019904  0.054676  0.196207  -0.113615  -0.269757  1.000000  
19.236449 0.011918  0.012539  -0.031325  0.885788  0.441345  -0.143508  -0.441271  0.896726  0.034096  0.143735  0.033124  0.989062  -0.010224  -0.019974  0.055251  0.209497  -0.113289  -0.262980  1.000000  
19.237449 0.011909  0.012519  -0.031268  0.885970  0.441028  -0.143362  -0.440906  0.896895  0.034363  0.143735  0.032764  0.989074  -0.010213  -0.020042  0.055031  0.216715  -0.109010  -0.270080  1.000000  
19.238698 0.011897  0.012493  -0.031201  0.886151  0.440728  -0.143162  -0.440541  0.897060  0.034739  0.143735  0.032284  0.989089  -0.010220  -0.020002  0.054333  0.228962  -0.099927  -0.270421  1.000000  
19.239704 0.011885  0.012473  -0.031151  0.886242  0.440578  -0.143062  -0.440359  0.897142  0.034928  0.143735  0.032044  0.989097  -0.010239  -0.019840  0.053133  0.237390  -0.095502  -0.270890  1.000000  
19.240948 0.011871  0.012450  -0.031094  0.886423  0.440261  -0.142916  -0.439994  0.897311  0.035195  0.143735  0.031684  0.989109  -0.010139  -0.019580  0.052220  0.242216  -0.086067  -0.264077  1.000000  
19.242198 0.011856  0.012426  -0.031036  0.886694  0.439776  -0.142725  -0.439446  0.897565  0.035542  0.143735  0.031205  0.989124  -0.009925  -0.019351  0.051790  0.253476  -0.077243  -0.271268  1.000000  
19.243448 0.011842  0.012402  -0.030971  0.886966  0.439273  -0.142587  -0.438899  0.897824  0.035781  0.143735  0.030845  0.989135  -0.009629  -0.019166  0.052369  0.256610  -0.068422  -0.278482  1.000000  
19.244450 0.011832  0.012383  -0.030912  0.887146  0.438955  -0.142442  -0.438533  0.897992  0.036049  0.143735  0.030485  0.989147  -0.009593  -0.019074  0.053286  0.259687  -0.064080  -0.285487  1.000000  
19.245704 0.011821  0.012360  -0.030833  0.887417  0.438470  -0.142251  -0.437985  0.898245  0.036397  0.143735  0.030005  0.989161  -0.009510  -0.018905  0.054525  0.264668  -0.059230  -0.290109  1.000000  
19.246949 0.011811  0.012338  -0.030752  0.887777  0.437799  -0.142069  -0.437254  0.898588  0.036716  0.143735  0.029525  0.989176  -0.009504  -0.018769  0.055506  0.266744  -0.055117  -0.303859  1.000000  
19.248198 0.011800  0.012316  -0.030674  0.888047  0.437330  -0.141826  -0.436706  0.898836  0.037173  0.143735  0.028925  0.989193  -0.009663  -0.018736  0.056005  0.274869  -0.050516  -0.304061  1.000000  
19.249207 0.011789  0.012299  -0.030618  0.888407  0.436641  -0.141698  -0.435975  0.899182  0.037383  0.143735  0.028565  0.989204  -0.009893  -0.018771  0.055795  0.278162  -0.047025  -0.327179  1.000000  
19.250455 0.011774  0.012276  -0.030555  0.888783  0.435990  -0.141345  -0.435251  0.899517  0.037754  0.143603  0.027966  0.989240  -0.010214  -0.018797  0.055126  0.284435  -0.047333  -0.340978  1.000000  
19.251704 0.011758  0.012252  -0.030497  0.889247  0.435135  -0.141054  -0.434345  0.899945  0.037987  0.143471  0.027486  0.989273  -0.010531  -0.018746  0.054163  0.289634  -0.043384  -0.361640  1.000000  
19.252950 0.011741  0.012227  -0.030439  0.889622  0.434483  -0.140703  -0.433621  0.900279  0.038359  0.143338  0.026887  0.989308  -0.010888  -0.018730  0.053425  0.295879  -0.043658  -0.375398  1.000000  
19.254199 0.011724  0.012201  -0.030379  0.890085  0.433627  -0.140413  -0.432713  0.900705  0.038593  0.143206  0.026407  0.989341  -0.011189  -0.018805  0.053233  0.300124  -0.044401  -0.402821  1.000000  
19.255447 0.011706  0.012175  -0.030314  0.890476  0.432977  -0.139944  -0.431997  0.901036  0.038909  0.142941  0.025808  0.989395  -0.011395  -0.019007  0.053630  0.306889  -0.048964  -0.419732  1.000000  
19.256448 0.011692  0.012153  -0.030259  0.890848  0.432306  -0.139647  -0.431271  0.901371  0.039173  0.142808  0.025329  0.989426  -0.011540  -0.019186  0.054115  0.314773  -0.049875  -0.443920  1.000000  
19.257699 0.011674  0.012126  -0.030187  0.891326  0.431485  -0.139135  -0.430371  0.901784  0.039570  0.142544  0.024609  0.989483  -0.011768  -0.019418  0.054919  0.320363  -0.058962  -0.467076  1.000000  
19.258948 0.011658  0.012100  -0.030113  0.891874  0.430458  -0.138803  -0.429278  0.902291  0.039888  0.142411  0.024010  0.989516  -0.011917  -0.019546  0.055289  0.326293  -0.060258  -0.505225  1.000000  
19.259948 0.011646  0.012080  -0.030056  0.892245  0.429802  -0.138456  -0.428551  0.902620  0.040264  0.142279  0.023410  0.989550  -0.012149  -0.019604  0.054876  0.331511  -0.065119  -0.525664  1.000000  
19.261198 0.011631  0.012057  -0.029990  0.892702  0.428976  -0.138066  -0.427641  0.903031  0.040722  0.142146  0.022690  0.989586  -0.012459  -0.019628  0.053843  0.336981  -0.074006  -0.548261  1.000000  
19.262448 0.011615  0.012034  -0.029930  0.893176  0.428135  -0.137609  -0.426738  0.903445  0.041013  0.141881  0.022091  0.989637  -0.012798  -0.019636  0.052664  0.342949  -0.083424  -0.569667  1.000000  
19.263704 0.011598  0.012013  -0.029873  0.893649  0.427310  -0.137101  -0.425835  0.903852  0.041415  0.141616  0.021372  0.989691  -0.013076  -0.019634  0.051523  0.346437  -0.092575  -0.595383  1.000000  
19.264951 0.011581  0.011991  -0.029816  0.894139  0.426487  -0.136475  -0.424939  0.904258  0.041762  0.141219  0.020653  0.989763  -0.013292  -0.019613  0.050881  0.350556  -0.106995  -0.620584  1.000000  
19.265952 0.011566  0.011972  -0.029767  0.894522  0.425813  -0.136063  -0.424219  0.904586  0.041975  0.140954  0.020173  0.989811  -0.013430  -0.019659  0.050967  0.351719  -0.116264  -0.640866  1.000000  
19.267204 0.011548  0.011948  -0.029700  0.894993  0.424985  -0.135557  -0.423314  0.904991  0.042380  0.140689  0.019453  0.989863  -0.013567  -0.019579  0.051650  0.357188  -0.120141  -0.662738  1.000000  
19.268451 0.011530  0.011923  -0.029629  0.895392  0.424362  -0.134873  -0.422601  0.905301  0.042868  0.140292  0.018614  0.989935  -0.013611  -0.019541  0.052383  0.367460  -0.134315  -0.674849  1.000000  
19.269702 0.011512  0.011899  -0.029557  0.895860  0.423532  -0.134369  -0.421695  0.905704  0.043275  0.140027  0.017894  0.989986  -0.013666  -0.019423  0.053151  0.376822  -0.142495  -0.696349  1.000000  
19.270948 0.011494  0.011875  -0.029488  0.896258  0.422906  -0.133686  -0.420981  0.906013  0.043765  0.139629  0.017055  0.990057  -0.013652  -0.019224  0.053284  0.391321  -0.156857  -0.708725  1.000000  
19.272198 0.011478  0.011852  -0.029425  0.896725  0.422091  -0.133132  -0.420074  0.906409  0.044284  0.139364  0.016215  0.990108  -0.013569  -0.018994  0.052768  0.401451  -0.164545  -0.723158  1.000000  
19.273198 0.011467  0.011834  -0.029378  0.897018  0.421631  -0.132613  -0.419536  0.906635  0.044750  0.139099  0.015495  0.990157  -0.013382  -0.018745  0.051976  0.417152  -0.174521  -0.729127  1.000000  
19.274448 0.011454  0.011813  -0.029322  0.897500  0.420832  -0.131890  -0.418636  0.907022  0.045325  0.138702  0.014535  0.990228  -0.013233  -0.018470  0.050819  0.431164  -0.186440  -0.743321  1.000000  
19.275448 0.011445  0.011798  -0.029279  0.897792  0.420371  -0.131372  -0.418097  0.907247  0.045792  0.138437  0.013814  0.990275  -0.012991  -0.018165  0.050035  0.443084  -0.196563  -0.749565  1.000000  
19.276707 0.011435  0.011778  -0.029223  0.898272  0.419568  -0.130652  -0.417196  0.907633  0.046370  0.138039  0.012854  0.990343  -0.012686  -0.017958  0.049445  0.458362  -0.209561  -0.755949  1.000000  
19.277711 0.011426  0.011763  -0.029177  0.898649  0.418935  -0.130094  -0.416472  0.907937  0.046922  0.137774  0.012014  0.990391  -0.012384  -0.017836  0.049432  0.469616  -0.218142  -0.762601  1.000000  
19.278950 0.011414  0.011742  -0.029115  0.899127  0.418146  -0.129325  -0.415570  0.908314  0.047613  0.137377  0.010933  0.990459  -0.012027  -0.017798  0.049901  0.484484  -0.229536  -0.770311  1.000000  
19.280198 0.011403  0.011721  -0.029048  0.899588  0.417338  -0.128728  -0.414659  0.908697  0.048251  0.137112  0.009972  0.990505  -0.011601  -0.017687  0.050448  0.499760  -0.233524  -0.777067  1.000000  
19.281204 0.011393  0.011704  -0.028993  0.899962  0.416686  -0.128224  -0.413934  0.909004  0.048696  0.136847  0.009252  0.990549  -0.011230  -0.017558  0.050755  0.513106  -0.243837  -0.776609  1.000000  
19.282205 0.011385  0.011688  -0.028937  0.900353  0.416049  -0.127549  -0.413215  0.909303  0.049196  0.136449  0.008411  0.990611  -0.010775  -0.017302  0.050775  0.524556  -0.252425  -0.783461  1.000000  
19.283209 0.011377  0.011672  -0.028884  0.900742  0.415411  -0.126876  -0.412497  0.909602  0.049698  0.136051  0.007571  0.990673  -0.010370  -0.017061  0.050501  0.540996  -0.260906  -0.783378  1.000000  
19.284457 0.011366  0.011652  -0.028824  0.901216  0.414615  -0.126112  -0.411592  0.909974  0.050396  0.135654  0.006489  0.990735  -0.009916  -0.016720  0.049691  0.557540  -0.264726  -0.783531  1.000000  
19.285713 0.011356  0.011634  -0.028768  0.901689  0.413817  -0.125351  -0.410687  0.910344  0.051095  0.135256  0.005408  0.990796  -0.009387  -0.016312  0.048782  0.572981  -0.273107  -0.790344  1.000000  
19.286748 0.011348  0.011620  -0.028726  0.902144  0.412988  -0.124811  -0.409773  0.910725  0.051629  0.134991  0.004567  0.990836  -0.008979  -0.015917  0.047992  0.583778  -0.272366  -0.796479  1.000000  
19.287954 0.011340  0.011605  -0.028673  0.902614  0.412187  -0.124052  -0.408867  0.911092  0.052331  0.134593  0.003486  0.990895  -0.008564  -0.015543  0.047732  0.598048  -0.280941  -0.790963  1.000000  
19.289198 0.011334  0.011590  -0.028617  0.903168  0.411198  -0.123305  -0.407774  0.911543  0.053010  0.134195  0.002404  0.990952  -0.008170  -0.015183  0.047731  0.612214  -0.287373  -0.798911  1.000000  
19.290199 0.011329  0.011577  -0.028567  0.903620  0.410349  -0.122819  -0.406858  0.911927  0.053437  0.133930  0.001683  0.990989  -0.007889  -0.014946  0.048131  0.617031  -0.293470  -0.805162  1.000000  
19.291448 0.011323  0.011561  -0.028503  0.904171  0.409371  -0.122026  -0.405764  0.912368  0.054230  0.133532  0.000481  0.991044  -0.007586  -0.014721  0.048868  0.632690  -0.297281  -0.812330  1.000000  
19.292481 0.011317  0.011547  -0.028451  0.904621  0.408550  -0.121443  -0.404848  0.912736  0.054881  0.133267  -0.000481  0.991080  -0.007477  -0.014737  0.049412  0.647460  -0.296396  -0.818414  1.000000  
19.293706 0.011308  0.011528  -0.028389  0.905169  0.407554  -0.120703  -0.403752  0.913180  0.055566  0.132869  -0.001563  0.991132  -0.007211  -0.014484  0.049225  0.659557  -0.300464  -0.826217  1.000000  
19.294947 0.011298  0.011509  -0.028331  0.905732  0.406556  -0.119843  -0.402662  0.913622  0.056199  0.132339  -0.002645  0.991201  -0.007120  -0.014390  0.048700  0.668973  -0.306439  -0.833507  1.000000  
19.295950 0.011290  0.011495  -0.028287  0.906277  0.405542  -0.119155  -0.401564  0.914069  0.056777  0.131941  -0.003607  0.991251  -0.007042  -0.014260  0.047967  0.683497  -0.310381  -0.847262  1.000000  
19.296974 0.011283  0.011481  -0.028247  0.906722  0.404716  -0.118578  -0.400646  0.914431  0.057434  0.131676  -0.004569  0.991282  -0.006933  -0.013990  0.046772  0.697124  -0.312040  -0.854065  1.000000  
19.298198 0.011272  0.011464  -0.028197  0.907363  0.403538  -0.117685  -0.399367  0.914945  0.058159  0.131145  -0.005772  0.991346  -0.006949  -0.013852  0.045797  0.708654  -0.317998  -0.875044  1.000000  
19.299205 0.011264  0.011451  -0.028159  0.907821  0.402722  -0.116941  -0.398454  0.915297  0.058877  0.130747  -0.006855  0.991392  -0.006877  -0.013608  0.045075  0.722908  -0.319721  -0.882500  1.000000  
19.300206 0.011256  0.011440  -0.028118  0.908361  0.401716  -0.116211  -0.397353  0.915730  0.059573  0.130349  -0.007937  0.991436  -0.006868  -0.013394  0.044756  0.737602  -0.323518  -0.896459  1.000000  
19.301207 0.011248  0.011428  -0.028076  0.908899  0.400694  -0.115531  -0.396252  0.916169  0.060160  0.129951  -0.008900  0.991480  -0.006912  -0.013313  0.044768  0.743236  -0.327324  -0.917298  1.000000  
19.302208 0.011240  0.011417  -0.028031  0.909354  0.399859  -0.114840  -0.395337  0.916524  0.060771  0.129553  -0.009862  0.991523  -0.007025  -0.013139  0.045003  0.750668  -0.331020  -0.924341  1.000000  
19.303215 0.011232  0.011406  -0.027982  0.909808  0.399036  -0.114102  -0.394421  0.916870  0.061496  0.129155  -0.010945  0.991564  -0.007152  -0.013025  0.045506  0.761170  -0.334626  -0.938166  1.000000  
19.304455 0.011222  0.011393  -0.027920  0.910358  0.398063  -0.113111  -0.393324  0.917274  0.062480  0.128625  -0.012389  0.991616  -0.007394  -0.012935  0.045636  0.777339  -0.338144  -0.945917  1.000000  
19.305700 0.011210  0.011379  -0.027861  0.911068  0.396696  -0.112197  -0.391852  0.917848  0.063308  0.128094  -0.013714  0.991667  -0.007772  -0.012751  0.045308  0.790458  -0.346155  -0.973921  1.000000  
19.306948 0.011198  0.011365  -0.027806  0.911710  0.395513  -0.111151  -0.390572  0.918337  0.064111  0.127430  -0.015038  0.991734  -0.008168  -0.012578  0.044646  0.797846  -0.355608  -0.986771  1.000000  
19.308198 0.011184  0.011351  -0.027756  0.912335  0.394329  -0.110229  -0.389284  0.918824  0.064968  0.126899  -0.016362  0.991781  -0.008511  -0.012289  0.043752  0.804574  -0.358836  -1.000877  1.000000  
19.309198 0.011173  0.011340  -0.027720  0.912861  0.393294  -0.109561  -0.388177  0.919249  0.065568  0.126501  -0.017326  0.991815  -0.008773  -0.011996  0.042993  0.807149  -0.362344  -1.014882  1.000000  
19.310200 0.011161  0.011330  -0.027684  0.913387  0.392271  -0.108847  -0.387069  0.919665  0.066281  0.126103  -0.018409  0.991846  -0.008992  -0.011655  0.042300  0.817907  -0.364481  -1.031205  1.000000  
19.311450 0.011148  0.011317  -0.027637  0.914006  0.391081  -0.107932  -0.385778  0.920145  0.067146  0.125572  -0.019734  0.991888  -0.009228  -0.011387  0.041995  0.828584  -0.369007  -1.042958  1.000000  
19.312697 0.011135  0.011303  -0.027586  0.914638  0.389885  -0.106896  -0.384493  0.920623  0.067961  0.124908  -0.021059  0.991945  -0.009445  -0.011144  0.042081  0.839839  -0.376797  -1.057582  1.000000  
19.313951 0.011122  0.011291  -0.027532  0.915332  0.388500  -0.106000  -0.383012  0.921177  0.068810  0.124377  -0.022384  0.991982  -0.009617  -0.010927  0.042454  0.845495  -0.375214  -1.078132  1.000000  
19.314967 0.011112  0.011281  -0.027487  0.915787  0.387655  -0.105158  -0.382095  0.921506  0.069502  0.123846  -0.023469  0.992024  -0.009741  -0.010745  0.042761  0.852618  -0.381458  -1.087087  1.000000  
19.316202 0.011100  0.011270  -0.027432  0.916334  0.386654  -0.104068  -0.380995  0.921888  0.070459  0.123182  -0.024915  0.992071  -0.009867  -0.010535  0.042969  0.865410  -0.390706  -1.093485  1.000000  
19.317205 0.011091  0.011261  -0.027389  0.916787  0.385805  -0.103229  -0.380077  0.922214  0.071155  0.122651  -0.025999  0.992109  -0.009932  -0.010370  0.042775  0.873482  -0.397086  -1.095593  1.000000  
19.318456 0.011080  0.011252  -0.027338  0.917409  0.384609  -0.102158  -0.378787  0.922671  0.072096  0.121987  -0.027446  0.992152  -0.010055  -0.010056  0.041989  0.885170  -0.409018  -1.102990  1.000000  
19.319707 0.011067  0.011243  -0.027291  0.917952  0.383587  -0.101122  -0.377684  0.923056  0.072949  0.121323  -0.028772  0.992196  -0.010123  -0.009773  0.041022  0.894011  -0.416718  -1.103811  1.000000  
19.320954 0.011055  0.011234  -0.027247  0.918570  0.382385  -0.100056  -0.376392  0.923509  0.073896  0.120659  -0.030218  0.992234  -0.010183  -0.009464  0.040024  0.905857  -0.424160  -1.111305  1.000000  
19.322198 0.011042  0.011224  -0.027202  0.919186  0.381179  -0.098993  -0.375098  0.923959  0.074846  0.119995  -0.031665  0.992269  -0.010207  -0.009199  0.039549  0.914952  -0.432136  -1.120461  1.000000  
19.323198 0.011032  0.011217  -0.027165  0.919646  0.380328  -0.097994  -0.374182  0.924267  0.075615  0.119331  -0.032871  0.992310  -0.010168  -0.008901  0.039401  0.926815  -0.439520  -1.119958  1.000000  
19.324448 0.011018  0.011208  -0.027115  0.920258  0.379116  -0.096936  -0.372886  0.924712  0.076570  0.118667  -0.034319  0.992341  -0.010114  -0.008598  0.039778  0.934074  -0.447645  -1.125108  1.000000  
19.325448 0.011008  0.011202  -0.027071  0.920700  0.378253  -0.096109  -0.371962  0.925025  0.077282  0.118135  -0.035404  0.992366  -0.010056  -0.008305  0.040330  0.943698  -0.450446  -1.128631  1.000000  
19.326700 0.010995  0.011193  -0.027014  0.921323  0.377031  -0.094933  -0.370670  0.925467  0.078193  0.117338  -0.036852  0.992408  -0.010001  -0.008010  0.040881  0.952903  -0.462615  -1.130043  1.000000  
19.327705 0.010986  0.011187  -0.026970  0.921776  0.376158  -0.093986  -0.369751  0.925778  0.078858  0.116674  -0.037938  0.992445  -0.009922  -0.007739  0.041042  0.956700  -0.470014  -1.129751  1.000000  
19.328948 0.010974  0.011181  -0.026918  0.922380  0.374936  -0.092938  -0.368451  0.926214  0.079825  0.116009  -0.039386  0.992467  -0.009862  -0.007355  0.040925  0.960892  -0.473571  -1.128362  1.000000  
19.330198 0.010962  0.011175  -0.026869  0.922921  0.373896  -0.091752  -0.367346  0.926571  0.080764  0.115212  -0.040834  0.992501  -0.009864  -0.006982  0.040470  0.966587  -0.481111  -1.122595  1.000000  
19.331201 0.010953  0.011170  -0.026834  0.923446  0.372836  -0.090782  -0.366234  0.926944  0.081530  0.114547  -0.042041  0.992528  -0.009835  -0.006684  0.039850  0.975187  -0.488762  -1.123329  1.000000  
19.332215 0.010943  0.011165  -0.026800  0.923893  0.371954  -0.089842  -0.365311  0.927249  0.082205  0.113883  -0.043128  0.992558  -0.009820  -0.006358  0.039155  0.980217  -0.495936  -1.125977  1.000000  
19.333453 0.010931  0.011160  -0.026758  0.924489  0.370720  -0.088803  -0.364007  0.927674  0.083183  0.113218  -0.044576  0.992570  -0.009898  -0.006157  0.038677  0.984777  -0.498994  -1.134495  1.000000  
19.334453 0.010921  0.011154  -0.026723  0.924934  0.369855  -0.087777  -0.363083  0.927955  0.084087  0.112553  -0.045904  0.992585  -0.009952  -0.005989  0.038518  0.988228  -0.506629  -1.132692  1.000000  
19.335455 0.010911  0.011149  -0.026686  0.925451  0.368785  -0.086815  -0.361968  0.928320  0.084862  0.111889  -0.047112  0.992603  -0.009963  -0.005864  0.038576  0.994574  -0.514231  -1.129091  1.000000  
19.336699 0.010896  0.011141  -0.026637  0.925981  0.367728  -0.085643  -0.360857  0.928665  0.085818  0.111091  -0.048561  0.992623  -0.010084  -0.005749  0.038914  1.000429  -0.517437  -1.123336  1.000000  
19.337701 0.010884  0.011135  -0.026597  0.926495  0.366654  -0.084685  -0.359739  0.929025  0.086598  0.110426  -0.049768  0.992638  -0.010189  -0.005726  0.039073  1.005023  -0.525090  -1.124218  1.000000  
19.338948 0.010869  0.011127  -0.026545  0.927123  0.365386  -0.083287  -0.358446  0.929446  0.087446  0.109362  -0.051219  0.992681  -0.010298  -0.005621  0.039346  1.012926  -0.541469  -1.123284  1.000000  
19.340198 0.010853  0.011120  -0.026495  0.927733  0.364121  -0.082015  -0.357146  0.929861  0.088345  0.108431  -0.052670  0.992708  -0.010490  -0.005549  0.039034  1.017848  -0.553306  -1.124689  1.000000  
19.341448 0.010837  0.011113  -0.026447  0.928341  0.362853  -0.080746  -0.355845  0.930274  0.089248  0.107500  -0.054120  0.992731  -0.010749  -0.005438  0.038482  1.022682  -0.565093  -1.126031  1.000000  
19.342700 0.010820  0.011107  -0.026403  0.928947  0.361571  -0.079523  -0.354543  0.930694  0.090042  0.106569  -0.055450  0.992758  -0.011030  -0.005318  0.037812  1.025501  -0.573102  -1.122659  1.000000  
19.343705 0.010807  0.011103  -0.026370  0.929391  0.360638  -0.078565  -0.353617  0.931005  0.090468  0.105770  -0.056298  0.992796  -0.011317  -0.005271  0.037133  1.018807  -0.585761  -1.116958  1.000000  
19.344948 0.010790  0.011098  -0.026330  0.929992  0.359360  -0.077303  -0.352312  0.931411  0.091381  0.104839  -0.057749  0.992811  -0.011673  -0.005189  0.036546  1.022486  -0.592748  -1.123551  1.000000  
19.345948 0.010776  0.011094  -0.026298  0.930433  0.358441  -0.076260  -0.351384  0.931697  0.092037  0.104041  -0.058837  0.992831  -0.011931  -0.005181  0.036365  1.022869  -0.600229  -1.124271  1.000000  
19.347200 0.010759  0.011087  -0.026253  0.930957  0.357329  -0.075070  -0.350269  0.932046  0.092745  0.103109  -0.060047  0.992856  -0.012341  -0.005206  0.036561  1.015495  -0.607538  -1.125373  1.000000  
19.348452 0.010740  0.011080  -0.026204  0.931491  0.356216  -0.073714  -0.349157  0.932385  0.093524  0.102044  -0.061379  0.992884  -0.012744  -0.005312  0.036992  1.013158  -0.619626  -1.120093  1.000000  
19.349457 0.010724  0.011074  -0.026163  0.932011  0.355090  -0.072570  -0.348040  0.932743  0.094126  0.101113  -0.062469  0.992912  -0.013119  -0.005366  0.037349  1.014255  -0.632353  -1.130613  1.000000  
19.350704 0.010704  0.011065  -0.026112  0.932613  0.353787  -0.071195  -0.346734  0.933139  0.095009  0.100048  -0.063921  0.992927  -0.013566  -0.005490  0.037642  1.018130  -0.643201  -1.129837  1.000000  
19.351709 0.010687  0.011058  -0.026074  0.933115  0.352662  -0.070180  -0.345609  0.933490  0.095663  0.099249  -0.065010  0.992937  -0.013941  -0.005448  0.037468  1.014850  -0.651373  -1.139994  1.000000  
19.352956 0.010666  0.011049  -0.026029  0.933641  0.351544  -0.068789  -0.344493  0.933809  0.096568  0.098184  -0.066462  0.992947  -0.014348  -0.005539  0.037075  1.012602  -0.658987  -1.134717  1.000000  
19.354202 0.010645  0.011041  -0.025988  0.934246  0.350213  -0.067338  -0.343187  0.934213  0.097303  0.096985  -0.067795  0.992974  -0.014741  -0.005645  0.036355  1.009697  -0.675453  -1.136832  1.000000  
19.355448 0.010624  0.011033  -0.025948  0.934837  0.348887  -0.066015  -0.341876  0.934612  0.098088  0.095920  -0.069127  0.992986  -0.015089  -0.005680  0.035694  1.008922  -0.685648  -1.143002  1.000000  
19.356448 0.010607  0.011027  -0.025917  0.935342  0.347750  -0.064840  -0.340752  0.934945  0.098822  0.094987  -0.070338  0.992990  -0.015307  -0.005705  0.035337  1.011027  -0.694779  -1.147088  1.000000  
19.357698 0.010586  0.011020  -0.025874  0.935928  0.346417  -0.063521  -0.339438  0.935339  0.099614  0.093922  -0.071670  0.992997  -0.015618  -0.005811  0.035273  1.010348  -0.700316  -1.153009  1.000000  
19.358700 0.010569  0.011014  -0.025839  0.936429  0.345274  -0.062351  -0.338311  0.935668  0.100354  0.092989  -0.072881  0.992996  -0.015872  -0.005912  0.035445  1.012017  -0.713810  -1.157037  1.000000  
