1-Time 2-Px 3-Py 4-Pz 5-R11 6-R21 7-R31 8-R12 9-R22 10-R32 11-R13 12-R23 13-R33 14-Vx 15-Vy 16-Vz 17-Wx 18-Wy 19-Wz 20-state
172.057988 0.005228  -0.006491  -0.008230  0.643376  0.760726  0.085812  -0.765180  0.642499  0.041171  -0.023814  -0.092150  0.995460  0.000357  0.000138  -0.000011  0.000000  0.000000  0.000000  1.000000  
172.059183 0.005227  -0.006491  -0.008230  0.643376  0.760726  0.085812  -0.765180  0.642499  0.041171  -0.023814  -0.092150  0.995460  -0.000934  0.000040  0.000427  0.000000  0.000000  0.000000  1.000000  
172.060496 0.005224  -0.006488  -0.008224  0.643376  0.760726  0.085812  -0.765180  0.642499  0.041171  -0.023814  -0.092150  0.995460  -0.001750  0.001006  0.002790  0.000000  0.000000  0.000000  1.000000  
172.061682 0.005221  -0.006485  -0.008216  0.643376  0.760726  0.085812  -0.765180  0.642499  0.041171  -0.023814  -0.092150  0.995460  -0.001962  0.001492  0.004127  0.000000  0.000000  0.000000  1.000000  
172.062922 0.005218  -0.006483  -0.008210  0.643376  0.760736  0.085719  -0.765180  0.642504  0.041093  -0.023814  -0.092029  0.995472  -0.002107  0.001586  0.004322  0.000000  0.000000  0.000000  1.000000  
172.064178 0.005215  -0.006480  -0.008205  0.643376  0.760736  0.085719  -0.765180  0.642504  0.041093  -0.023814  -0.092029  0.995472  -0.002230  0.001690  0.004166  0.000000  0.000000  0.000000  1.000000  
172.065421 0.005211  -0.006477  -0.008202  0.643218  0.760869  0.085728  -0.765312  0.642347  0.041076  -0.023814  -0.092029  0.995472  -0.002347  0.001932  0.003913  0.000000  0.000000  0.000000  1.000000  
172.066422 0.005207  -0.006474  -0.008200  0.643218  0.760869  0.085728  -0.765312  0.642347  0.041076  -0.023814  -0.092029  0.995472  -0.002568  0.002007  0.003654  0.000000  0.000000  0.000000  1.000000  
172.067422 0.005203  -0.006471  -0.008198  0.643218  0.760858  0.085820  -0.765312  0.642342  0.041153  -0.023814  -0.092150  0.995460  -0.002662  0.002084  0.003491  0.000000  0.000000  0.000000  1.000000  
172.068677 0.005198  -0.006469  -0.008194  0.643218  0.760858  0.085820  -0.765312  0.642342  0.041153  -0.023814  -0.092150  0.995460  -0.002825  0.002071  0.003508  0.000000  0.000000  0.000000  1.000000  
172.069922 0.005194  -0.006465  -0.008189  0.643218  0.760858  0.085820  -0.765312  0.642342  0.041153  -0.023814  -0.092150  0.995460  -0.002870  0.002217  0.003556  0.000000  0.000000  0.000000  1.000000  
172.071176 0.005189  -0.006461  -0.008183  0.643218  0.760848  0.085912  -0.765312  0.642337  0.041231  -0.023814  -0.092271  0.995449  -0.002996  0.002282  0.003656  0.000000  0.000000  0.000000  1.000000  
172.072184 0.005184  -0.006459  -0.008177  0.643218  0.760848  0.085912  -0.765312  0.642337  0.041231  -0.023814  -0.092271  0.995449  -0.003122  0.002272  0.003829  0.000000  0.000000  0.000000  1.000000  
172.073431 0.005179  -0.006455  -0.008168  0.643218  0.760837  0.086005  -0.765312  0.642332  0.041309  -0.023814  -0.092391  0.995438  -0.003281  0.002422  0.004264  0.000000  0.000000  0.000000  1.000000  
172.074681 0.005173  -0.006451  -0.008157  0.643218  0.760837  0.086005  -0.765312  0.642332  0.041309  -0.023814  -0.092391  0.995438  -0.003540  0.002581  0.004783  0.000000  0.000000  0.000000  1.000000  
172.075928 0.005168  -0.006445  -0.008147  0.643218  0.760837  0.086005  -0.765312  0.642332  0.041309  -0.023814  -0.092391  0.995438  -0.003704  0.002802  0.004948  0.000000  0.000000  0.000000  1.000000  
172.077173 0.005164  -0.006439  -0.008139  0.643218  0.760827  0.086097  -0.765312  0.642327  0.041387  -0.023814  -0.092512  0.995427  -0.003809  0.002997  0.005009  0.000000  0.000000  0.000000  1.000000  
172.078422 0.005158  -0.006434  -0.008134  0.643218  0.760827  0.086097  -0.765312  0.642327  0.041387  -0.023814  -0.092512  0.995427  -0.003955  0.003206  0.004916  0.000000  0.000000  0.000000  1.000000  
172.079676 0.005152  -0.006429  -0.008130  0.643376  0.760695  0.086088  -0.765180  0.642484  0.041405  -0.023814  -0.092512  0.995427  -0.004104  0.003319  0.004923  0.000000  0.000000  0.000000  1.000000  
172.080676 0.005148  -0.006424  -0.008124  0.643376  0.760695  0.086088  -0.765180  0.642484  0.041405  -0.023814  -0.092512  0.995427  -0.004164  0.003493  0.005218  0.000000  0.000000  0.000000  1.000000  
172.081676 0.005144  -0.006420  -0.008116  0.643378  0.760703  0.086003  -0.765182  0.642474  0.041507  -0.023680  -0.092512  0.995430  -0.004167  0.003619  0.005645  0.000000  0.000000  0.000000  1.000000  
172.082922 0.005138  -0.006415  -0.008103  0.643378  0.760692  0.086095  -0.765182  0.642469  0.041585  -0.023680  -0.092633  0.995419  -0.004237  0.003696  0.006238  0.000000  0.000000  0.000000  1.000000  
172.084174 0.005131  -0.006409  -0.008089  0.643380  0.760700  0.086009  -0.765185  0.642460  0.041687  -0.023546  -0.092633  0.995422  -0.004340  0.003913  0.006876  0.000000  0.000000  0.000000  1.000000  
172.085422 0.005124  -0.006403  -0.008077  0.643382  0.760698  0.086016  -0.765187  0.642445  0.041867  -0.023413  -0.092754  0.995414  -0.004471  0.004057  0.007349  0.000000  0.000000  0.000000  1.000000  
172.086422 0.005120  -0.006398  -0.008067  0.643539  0.760565  0.086007  -0.765055  0.642602  0.041884  -0.023413  -0.092754  0.995414  -0.004543  0.004183  0.007663  0.000000  0.000000  0.000000  1.000000  
172.087677 0.005114  -0.006392  -0.008058  0.643541  0.760573  0.085921  -0.765057  0.642592  0.041986  -0.023279  -0.092755  0.995417  -0.004551  0.004329  0.007748  0.000000  0.000000  0.000000  1.000000  
172.088925 0.005108  -0.006386  -0.008050  0.643543  0.760581  0.085836  -0.765060  0.642583  0.042088  -0.023145  -0.092755  0.995420  -0.004519  0.004492  0.007565  0.000000  0.000000  0.000000  1.000000  
172.089929 0.005103  -0.006381  -0.008044  0.643545  0.760589  0.085750  -0.765062  0.642573  0.042190  -0.023011  -0.092755  0.995423  -0.004570  0.004615  0.007293  0.000000  0.000000  0.000000  1.000000  
172.091178 0.005098  -0.006374  -0.008040  0.643547  0.760587  0.085757  -0.765064  0.642558  0.042370  -0.022878  -0.092876  0.995415  -0.004642  0.004632  0.007005  0.000000  0.000000  0.000000  1.000000  
172.092427 0.005091  -0.006369  -0.008035  0.643549  0.760595  0.085671  -0.765067  0.642549  0.042472  -0.022744  -0.092877  0.995418  -0.004710  0.004643  0.006876  0.000000  0.000000  0.000000  1.000000  
172.093683 0.005085  -0.006363  -0.008029  0.643551  0.760603  0.085585  -0.765069  0.642539  0.042574  -0.022610  -0.092877  0.995421  -0.004816  0.004624  0.007034  0.000000  0.000000  0.000000  1.000000  
172.094922 0.005079  -0.006358  -0.008020  0.643555  0.760609  0.085506  -0.765074  0.642515  0.042856  -0.022343  -0.092998  0.995416  -0.004833  0.004637  0.007253  0.000000  0.000000  0.000000  1.000000  
172.095922 0.005074  -0.006354  -0.008012  0.643557  0.760617  0.085420  -0.765076  0.642506  0.042957  -0.022209  -0.092998  0.995419  -0.004916  0.004659  0.007343  0.000000  0.000000  0.000000  1.000000  
172.097172 0.005067  -0.006348  -0.008001  0.643561  0.760622  0.085341  -0.765080  0.642481  0.043239  -0.021941  -0.093120  0.995413  -0.004942  0.004690  0.007281  0.000000  0.000000  0.000000  1.000000  
172.098422 0.005061  -0.006342  -0.007990  0.643567  0.760646  0.085084  -0.765087  0.642453  0.043545  -0.021540  -0.093121  0.995422  -0.004983  0.004679  0.007243  0.000000  0.000000  0.000000  1.000000  
172.099672 0.005055  -0.006336  -0.007982  0.643570  0.760652  0.085005  -0.765091  0.642428  0.043827  -0.021272  -0.093242  0.995416  -0.004914  0.004677  0.006850  0.000000  0.000000  0.000000  1.000000  
172.100677 0.005051  -0.006331  -0.007976  0.643733  0.760544  0.084738  -0.764965  0.642556  0.044150  -0.020871  -0.093243  0.995425  -0.004841  0.004668  0.006612  0.000000  0.000000  0.000000  1.000000  
172.101925 0.005047  -0.006324  -0.007970  0.643738  0.760558  0.084573  -0.764972  0.642522  0.044534  -0.020470  -0.093364  0.995422  -0.004720  0.004737  0.006268  0.000000  0.000000  0.000000  1.000000  
172.103023 0.005043  -0.006318  -0.007964  0.643742  0.760574  0.084402  -0.764976  0.642503  0.044737  -0.020202  -0.093365  0.995427  -0.004630  0.004836  0.006092  0.000000  0.000000  0.000000  1.000000  
172.104178 0.005039  -0.006311  -0.007955  0.643749  0.760596  0.084151  -0.764984  0.642460  0.045223  -0.019667  -0.093486  0.995426  -0.004528  0.004918  0.006259  0.000000  0.000000  0.000000  1.000000  
172.105423 0.005034  -0.006304  -0.007944  0.643911  0.760478  0.083977  -0.764857  0.642582  0.045624  -0.019266  -0.093608  0.995423  -0.004458  0.004899  0.006547  0.000000  0.000000  0.000000  1.000000  
172.106429 0.005030  -0.006300  -0.007935  0.643916  0.760502  0.083719  -0.764863  0.642553  0.045930  -0.018864  -0.093609  0.995430  -0.004382  0.004876  0.006991  0.000000  0.000000  0.000000  1.000000  
172.107678 0.005026  -0.006294  -0.007924  0.643923  0.760524  0.083468  -0.764871  0.642509  0.046415  -0.018329  -0.093730  0.995429  -0.004242  0.004912  0.007436  0.000000  0.000000  0.000000  1.000000  
172.108924 0.005022  -0.006288  -0.007912  0.644086  0.760414  0.083208  -0.764746  0.642622  0.046918  -0.017794  -0.093852  0.995427  -0.004074  0.004921  0.007775  0.045421  0.204064  -0.008690  1.000000  
172.110175 0.005019  -0.006284  -0.007899  0.644092  0.760426  0.083049  -0.764753  0.642572  0.047481  -0.017259  -0.094094  0.995414  -0.003935  0.004884  0.007955  0.053131  0.220169  -0.006930  1.000000  
172.111179 0.005017  -0.006279  -0.007891  0.644097  0.760440  0.082884  -0.764758  0.642537  0.047865  -0.016858  -0.094216  0.995409  -0.003699  0.004888  0.007894  0.057188  0.229131  -0.006086  1.000000  
172.112426 0.005015  -0.006273  -0.007881  0.644103  0.760453  0.082725  -0.764765  0.642487  0.048428  -0.016323  -0.094458  0.995395  -0.003367  0.004876  0.007769  0.061710  0.248859  -0.004409  1.000000  
172.113672 0.005013  -0.006268  -0.007873  0.644267  0.760351  0.082378  -0.764641  0.642589  0.049032  -0.015654  -0.094580  0.995394  -0.003064  0.004878  0.007679  0.065374  0.269664  -0.009102  1.000000  
172.114672 0.005012  -0.006263  -0.007867  0.644272  0.760364  0.082220  -0.764647  0.642538  0.049595  -0.015119  -0.094822  0.995379  -0.002839  0.004896  0.007671  0.073448  0.282982  -0.007815  1.000000  
172.115681 0.005011  -0.006258  -0.007859  0.644435  0.760254  0.081958  -0.764520  0.642650  0.050098  -0.014584  -0.094943  0.995376  -0.002625  0.004856  0.007840  0.074164  0.299359  -0.013464  1.000000  
172.116922 0.005010  -0.006252  -0.007846  0.644441  0.760276  0.081714  -0.764528  0.642589  0.050763  -0.013915  -0.095186  0.995362  -0.002474  0.004844  0.008259  0.081511  0.314074  -0.004812  1.000000  
172.117922 0.005009  -0.006247  -0.007833  0.644603  0.760156  0.081544  -0.764400  0.642694  0.051343  -0.013379  -0.095428  0.995346  -0.002276  0.004763  0.008774  0.090475  0.330833  -0.010434  1.000000  
172.119172 0.005007  -0.006242  -0.007815  0.644609  0.760178  0.081299  -0.764407  0.642633  0.052008  -0.012711  -0.095670  0.995332  -0.002093  0.004603  0.009308  0.097788  0.350256  -0.008206  1.000000  
172.120422 0.005006  -0.006237  -0.007797  0.644771  0.760057  0.081136  -0.764281  0.642721  0.052767  -0.012042  -0.096033  0.995305  -0.001894  0.004505  0.009814  0.105975  0.368654  -0.013266  1.000000  
172.121424 0.005004  -0.006232  -0.007783  0.644775  0.760071  0.080977  -0.764286  0.642669  0.053330  -0.011506  -0.096275  0.995288  -0.001777  0.004502  0.010124  0.114999  0.385169  -0.012056  1.000000  
172.122431 0.005002  -0.006228  -0.007771  0.644937  0.759951  0.080813  -0.764158  0.642757  0.054090  -0.010837  -0.096638  0.995261  -0.001631  0.004450  0.010360  0.127297  0.403637  -0.017166  1.000000  
172.123684 0.005001  -0.006222  -0.007755  0.644943  0.759971  0.080574  -0.764165  0.642677  0.054934  -0.010035  -0.097001  0.995234  -0.001480  0.004477  0.010587  0.139475  0.421483  -0.015383  1.000000  
172.124928 0.004998  -0.006217  -0.007740  0.645106  0.759869  0.080238  -0.764039  0.642744  0.055897  -0.009098  -0.097364  0.995207  -0.001363  0.004545  0.010773  0.147744  0.449115  -0.019603  1.000000  
172.126174 0.004996  -0.006211  -0.007724  0.645268  0.759748  0.080079  -0.763911  0.642813  0.056836  -0.008295  -0.097848  0.995167  -0.001392  0.004516  0.011122  0.162804  0.463928  -0.024467  1.000000  
172.127178 0.004994  -0.006207  -0.007711  0.645272  0.759770  0.079840  -0.763916  0.642732  0.057680  -0.007493  -0.098211  0.995137  -0.001400  0.004516  0.011483  0.172207  0.485506  -0.022827  1.000000  
172.128180 0.004991  -0.006202  -0.007698  0.645275  0.759783  0.079687  -0.763920  0.642661  0.058422  -0.006824  -0.098573  0.995106  -0.001497  0.004532  0.012041  0.184402  0.498935  -0.021446  1.000000  
172.129422 0.004989  -0.006197  -0.007679  0.645436  0.759672  0.079442  -0.763792  0.642718  0.059462  -0.005887  -0.099057  0.995064  -0.001565  0.004478  0.012657  0.196738  0.522133  -0.026027  1.000000  
172.130422 0.004986  -0.006193  -0.007664  0.645439  0.759694  0.079203  -0.763795  0.642635  0.060306  -0.005084  -0.099419  0.995033  -0.001686  0.004388  0.013249  0.208867  0.534987  -0.017748  1.000000  
172.131675 0.004983  -0.006188  -0.007644  0.645599  0.759574  0.079050  -0.763665  0.642684  0.061424  -0.004148  -0.100023  0.994976  -0.001790  0.004293  0.013689  0.227362  0.553332  -0.022113  1.000000  
172.132922 0.004979  -0.006184  -0.007624  0.645601  0.759586  0.078915  -0.763668  0.642556  0.062705  -0.003077  -0.100747  0.994907  -0.001971  0.004247  0.013965  0.248352  0.577464  -0.019780  1.000000  
172.134172 0.004975  -0.006179  -0.007606  0.645761  0.759485  0.078589  -0.763538  0.642581  0.064026  -0.001873  -0.101351  0.994849  -0.002148  0.004181  0.013970  0.263745  0.598500  -0.024166  1.000000  
172.135172 0.004972  -0.006175  -0.007592  0.645919  0.759366  0.078435  -0.763406  0.642626  0.065143  -0.000937  -0.101955  0.994789  -0.002275  0.004158  0.013916  0.282159  0.621319  -0.022386  1.000000  
172.136178 0.004969  -0.006172  -0.007579  0.645919  0.759381  0.078293  -0.763406  0.642513  0.066244  0.000000  -0.102558  0.994727  -0.002376  0.004072  0.013834  0.299977  0.638349  -0.019826  1.000000  
172.137422 0.004964  -0.006168  -0.007562  0.646075  0.759271  0.078065  -0.763272  0.642507  0.067822  0.001338  -0.103402  0.994639  -0.002538  0.004025  0.013908  0.324250  0.665732  -0.023710  1.000000  
172.138422 0.004961  -0.006164  -0.007547  0.646074  0.759295  0.077837  -0.763271  0.642381  0.069024  0.002408  -0.104005  0.994574  -0.002663  0.003962  0.014092  0.340348  0.683489  -0.021703  1.000000  
172.139438 0.004956  -0.006160  -0.007531  0.646229  0.759179  0.077688  -0.763135  0.642401  0.070320  0.003479  -0.104729  0.994495  -0.002900  0.003908  0.014340  0.363312  0.706734  -0.019795  1.000000  
172.140678 0.004950  -0.006155  -0.007508  0.646383  0.759072  0.077458  -0.762998  0.642390  0.071897  0.004817  -0.105573  0.994400  -0.003091  0.003894  0.014878  0.383756  0.734488  -0.023604  1.000000  
172.141680 0.004946  -0.006150  -0.007489  0.646536  0.758966  0.077221  -0.762860  0.642396  0.073294  0.006021  -0.106296  0.994316  -0.003255  0.003881  0.015256  0.404085  0.762019  -0.027469  1.000000  
172.142925 0.004941  -0.006145  -0.007466  0.646687  0.758851  0.077082  -0.762720  0.642371  0.074948  0.007359  -0.107259  0.994204  -0.003394  0.003893  0.015695  0.432568  0.788963  -0.024335  1.000000  
172.144179 0.004936  -0.006140  -0.007445  0.646835  0.758756  0.076770  -0.762577  0.642322  0.076804  0.008964  -0.108223  0.994086  -0.003566  0.003878  0.015872  0.456876  0.820901  -0.027544  1.000000  
172.145422 0.004931  -0.006134  -0.007423  0.646983  0.758643  0.076636  -0.762433  0.642271  0.078637  0.010436  -0.109306  0.993953  -0.003740  0.003931  0.016095  0.485532  0.848183  -0.024253  1.000000  
172.146673 0.004926  -0.006129  -0.007403  0.647128  0.758542  0.076415  -0.762286  0.642206  0.080570  0.012042  -0.110389  0.993815  -0.003797  0.003990  0.016096  0.513802  0.879969  -0.027328  1.000000  
172.147673 0.004922  -0.006125  -0.007386  0.647274  0.758432  0.076274  -0.762140  0.642170  0.082223  0.013379  -0.111352  0.993691  -0.003902  0.003976  0.016098  0.538146  0.906817  -0.024004  1.000000  
172.148922 0.004917  -0.006120  -0.007367  0.647414  0.758343  0.075972  -0.761986  0.642065  0.084436  0.015252  -0.112554  0.993529  -0.003916  0.004055  0.016179  0.570613  0.947835  -0.026013  1.000000  
172.150172 0.004912  -0.006115  -0.007348  0.647551  0.758256  0.075669  -0.761830  0.641956  0.086648  0.017125  -0.113756  0.993361  -0.004017  0.004031  0.016279  0.598996  0.988120  -0.021019  1.000000  
172.151422 0.004906  -0.006110  -0.007327  0.647843  0.758039  0.075347  -0.761537  0.641999  0.088875  0.018998  -0.114957  0.993189  -0.004107  0.004122  0.016631  0.626179  1.025761  -0.029070  1.000000  
172.152424 0.004902  -0.006106  -0.007309  0.647979  0.757945  0.075123  -0.761380  0.641915  0.090806  0.020604  -0.116037  0.993031  -0.004142  0.004154  0.016920  0.650383  1.056997  -0.025007  1.000000  
172.153672 0.004896  -0.006100  -0.007285  0.648260  0.757752  0.074632  -0.761075  0.641902  0.093413  0.022878  -0.117356  0.992826  -0.004237  0.004185  0.017226  0.682536  1.107453  -0.032502  1.000000  
172.154923 0.004891  -0.006095  -0.007260  0.648384  0.757685  0.074245  -0.760903  0.641740  0.095902  0.025018  -0.118675  0.992618  -0.004250  0.004196  0.017406  0.714516  1.147181  -0.027217  1.000000  
172.155927 0.004886  -0.006090  -0.007242  0.648668  0.757465  0.074004  -0.760601  0.641776  0.098025  0.026757  -0.119873  0.992429  -0.004281  0.004230  0.017375  0.742433  1.183205  -0.029245  1.000000  
172.157175 0.004879  -0.006083  -0.007219  0.648945  0.757242  0.073865  -0.760292  0.641747  0.100582  0.028763  -0.121431  0.992183  -0.004344  0.004299  0.017402  0.778512  1.220331  -0.037750  1.000000  
172.158423 0.004874  -0.006077  -0.007198  0.649213  0.757042  0.073551  -0.759973  0.641687  0.103341  0.031036  -0.122987  0.991923  -0.004345  0.004432  0.017322  0.818499  1.265338  -0.038437  1.000000  
172.159424 0.004869  -0.006071  -0.007181  0.649331  0.756953  0.073425  -0.759794  0.641514  0.105702  0.032909  -0.124423  0.991683  -0.004394  0.004485  0.017326  0.853485  1.312404  -0.040291  1.000000  
172.160676 0.004863  -0.006065  -0.007158  0.649587  0.756781  0.072936  -0.759460  0.641415  0.108660  0.035449  -0.125976  0.991400  -0.004470  0.004565  0.017427  0.889698  1.362348  -0.040224  1.000000  
172.161679 0.004858  -0.006059  -0.007138  0.649856  0.756565  0.072785  -0.759141  0.641386  0.111034  0.037321  -0.127410  0.991148  -0.004528  0.004624  0.017633  0.921654  1.399471  -0.048543  1.000000  
172.162922 0.004851  -0.006053  -0.007113  0.650104  0.756372  0.072568  -0.758799  0.641231  0.114222  0.039861  -0.129321  0.990801  -0.004685  0.004721  0.017993  0.962261  1.450015  -0.047865  1.000000  
172.164174 0.004845  -0.006046  -0.007087  0.650505  0.756051  0.072325  -0.758318  0.641222  0.117423  0.042401  -0.131230  0.990445  -0.004770  0.004804  0.018466  1.001997  1.501321  -0.060767  1.000000  
172.165422 0.004838  -0.006040  -0.007061  0.650741  0.755877  0.072017  -0.757961  0.641034  0.120708  0.045075  -0.133136  0.990072  -0.004842  0.004938  0.018924  1.042359  1.551676  -0.059811  1.000000  
172.166422 0.004833  -0.006034  -0.007040  0.650984  0.755707  0.071600  -0.757613  0.640937  0.123379  0.047347  -0.134563  0.989773  -0.004841  0.005061  0.019128  1.070856  1.594629  -0.067178  1.000000  
172.167422 0.004828  -0.006029  -0.007019  0.651228  0.755511  0.071451  -0.757267  0.640816  0.126103  0.049485  -0.136229  0.989441  -0.004949  0.005110  0.019314  1.106077  1.629966  -0.067830  1.000000  
172.168676 0.004822  -0.006021  -0.006994  0.651607  0.755207  0.071203  -0.756761  0.640741  0.129475  0.052158  -0.138251  0.989023  -0.004987  0.005284  0.019365  1.146171  1.676758  -0.073735  1.000000  
172.169695 0.004817  -0.006015  -0.006976  0.651835  0.755041  0.070877  -0.756395  0.640576  0.132397  0.054563  -0.139912  0.988659  -0.004999  0.005364  0.019263  1.176992  1.721882  -0.079846  1.000000  
172.170922 0.004811  -0.006008  -0.006953  0.652199  0.754750  0.070629  -0.755874  0.640449  0.135942  0.057368  -0.142048  0.988196  -0.005011  0.005435  0.019318  1.215472  1.768039  -0.083154  1.000000  
172.172178 0.004805  -0.006001  -0.006931  0.652558  0.754455  0.070469  -0.755346  0.640293  0.139563  0.060173  -0.144301  0.987703  -0.004990  0.005485  0.019283  1.265118  1.820239  -0.089994  1.000000  
172.173178 0.004800  -0.005996  -0.006912  0.652778  0.754271  0.070406  -0.754972  0.640080  0.142533  0.062443  -0.146197  0.987283  -0.005023  0.005454  0.019361  1.304873  1.861083  -0.089251  1.000000  
172.174430 0.004793  -0.005990  -0.006887  0.653288  0.753822  0.070479  -0.754305  0.640035  0.146219  0.065114  -0.148686  0.986738  -0.005052  0.005415  0.019591  1.352446  1.895383  -0.102370  1.000000  
172.175678 0.004787  -0.005983  -0.006860  0.653619  0.753558  0.070228  -0.753746  0.639792  0.150109  0.068184  -0.151048  0.986172  -0.005081  0.005441  0.019854  1.395795  1.950699  -0.105662  1.000000  
172.176925 0.004781  -0.005976  -0.006833  0.653950  0.753278  0.070152  -0.753187  0.639532  0.153974  0.071121  -0.153528  0.985581  -0.005065  0.005487  0.019990  1.443403  1.997464  -0.109843  1.000000  
172.178173 0.004775  -0.005970  -0.006806  0.654430  0.752872  0.070039  -0.752487  0.639411  0.157849  0.074057  -0.156005  0.984976  -0.005067  0.005421  0.020120  1.482335  2.032618  -0.119228  1.000000  
172.179422 0.004769  -0.005963  -0.006781  0.654735  0.752622  0.069873  -0.751900  0.639068  0.161984  0.077259  -0.158594  0.984317  -0.004989  0.005469  0.020064  1.534141  2.086513  -0.117905  1.000000  
172.180423 0.004764  -0.005958  -0.006761  0.655075  0.752319  0.069950  -0.751353  0.638866  0.165286  0.079660  -0.160832  0.983762  -0.004912  0.005452  0.019976  1.577598  2.115499  -0.124437  1.000000  
172.181675 0.004759  -0.005951  -0.006736  0.655529  0.751926  0.069920  -0.750625  0.638642  0.169406  0.082727  -0.163535  0.983063  -0.004889  0.005485  0.019883  1.628183  2.158348  -0.135007  1.000000  
172.182678 0.004754  -0.005946  -0.006717  0.655859  0.751631  0.069990  -0.750068  0.638413  0.172703  0.085127  -0.165766  0.982484  -0.004853  0.005458  0.019779  1.662497  2.183452  -0.138442  1.000000  
172.183922 0.004748  -0.005938  -0.006694  0.656309  0.751217  0.070221  -0.749336  0.638132  0.176872  0.088059  -0.168702  0.981726  -0.004794  0.005460  0.019760  1.718498  2.212015  -0.146656  1.000000  
172.185172 0.004743  -0.005931  -0.006670  0.656898  0.750693  0.070323  -0.748453  0.637968  0.181150  0.091124  -0.171630  0.980938  -0.004771  0.005424  0.019794  1.773103  2.246490  -0.157676  1.000000  
172.186422 0.004736  -0.005925  -0.006644  0.657480  0.750183  0.070327  -0.747562  0.637807  0.185346  0.094188  -0.174435  0.980154  -0.004787  0.005372  0.019970  1.812137  2.276363  -0.172220  1.000000  
172.187673 0.004730  -0.005920  -0.006620  0.658054  0.749671  0.070416  -0.746664  0.637604  0.189615  0.097251  -0.177354  0.979330  -0.004806  0.005261  0.020128  1.858047  2.310787  -0.182532  1.000000  
172.188925 0.004724  -0.005914  -0.006595  0.658612  0.749155  0.070684  -0.745748  0.637293  0.194210  0.100447  -0.180622  0.978410  -0.004777  0.005164  0.020142  1.915687  2.345806  -0.189167  1.000000  
172.189929 0.004719  -0.005910  -0.006574  0.659055  0.748757  0.070784  -0.745012  0.637064  0.197754  0.102976  -0.183066  0.977693  -0.004757  0.005085  0.020073  1.953908  2.371733  -0.201535  1.000000  
172.191177 0.004714  -0.005904  -0.006551  0.659761  0.748097  0.071176  -0.743957  0.636859  0.202334  0.106036  -0.186443  0.976727  -0.004726  0.005050  0.019907  2.011583  2.392843  -0.212828  1.000000  
172.192182 0.004709  -0.005900  -0.006533  0.660192  0.747699  0.071356  -0.743209  0.636573  0.205948  0.108564  -0.188997  0.975958  -0.004673  0.005004  0.019584  2.045609  2.412919  -0.218385  1.000000  
172.193423 0.004704  -0.005895  -0.006511  0.660875  0.747069  0.071646  -0.742129  0.636306  0.210615  0.111756  -0.192361  0.974940  -0.004604  0.004935  0.019326  2.099457  2.445332  -0.234758  1.000000  
172.194675 0.004698  -0.005889  -0.006490  0.661722  0.746279  0.072056  -0.740927  0.636207  0.215098  0.114680  -0.195723  0.973931  -0.004644  0.004852  0.019057  2.147787  2.460370  -0.260485  1.000000  
172.195676 0.004693  -0.005884  -0.006472  0.662298  0.745730  0.072442  -0.740038  0.635990  0.218772  0.117072  -0.198502  0.973083  -0.004665  0.004812  0.018922  2.189240  2.468698  -0.274483  1.000000  
172.196922 0.004687  -0.005879  -0.006449  0.662968  0.745092  0.072884  -0.738947  0.635647  0.223404  0.120128  -0.201967  0.971997  -0.004705  0.004725  0.018820  2.235922  2.484614  -0.287386  1.000000  
172.197922 0.004681  -0.005874  -0.006430  0.663674  0.744431  0.073214  -0.737898  0.635499  0.227259  0.122651  -0.204850  0.971078  -0.004780  0.004678  0.018824  2.280342  2.503109  -0.306171  1.000000  
172.198925 0.004676  -0.005870  -0.006411  0.664385  0.743756  0.073623  -0.736857  0.635354  0.231014  0.125041  -0.207731  0.970161  -0.004856  0.004561  0.018844  2.328296  2.519556  -0.324078  1.000000  
172.200182 0.004669  -0.005864  -0.006388  0.665185  0.742995  0.074082  -0.735609  0.635070  0.235723  0.128094  -0.211295  0.968992  -0.004888  0.004532  0.018748  2.371658  2.529079  -0.342474  1.000000  
172.201422 0.004662  -0.005858  -0.006365  0.666127  0.742110  0.074482  -0.734217  0.634911  0.240442  0.131145  -0.214851  0.967802  -0.004983  0.004451  0.018635  2.411351  2.543511  -0.368072  1.000000  
172.202423 0.004656  -0.005854  -0.006348  0.666819  0.741440  0.074955  -0.733158  0.634678  0.244261  0.133532  -0.217832  0.966808  -0.005016  0.004480  0.018421  2.452070  2.552730  -0.380939  1.000000  
172.203676 0.004649  -0.005849  -0.006327  0.667770  0.740509  0.075687  -0.731779  0.634454  0.248932  0.136316  -0.221615  0.965559  -0.005103  0.004449  0.018156  2.503001  2.563882  -0.412131  1.000000  
172.204922 0.004644  -0.005843  -0.006307  0.668851  0.739455  0.076446  -0.730241  0.634272  0.253862  0.139232  -0.225620  0.964215  -0.005051  0.004476  0.017836  2.548843  2.573931  -0.436565  1.000000  
172.205929 0.004640  -0.005838  -0.006292  0.669824  0.738529  0.076876  -0.728890  0.634249  0.257776  0.141616  -0.228698  0.963142  -0.005017  0.004499  0.017568  2.588406  2.585528  -0.469631  1.000000  
172.207176 0.004634  -0.005833  -0.006273  0.670888  0.737505  0.077429  -0.727338  0.634075  0.262541  0.144530  -0.232453  0.961809  -0.005047  0.004481  0.017314  2.630174  2.593168  -0.494521  1.000000  
172.208182 0.004630  -0.005828  -0.006258  0.671710  0.736698  0.077978  -0.726127  0.633881  0.266336  0.146780  -0.235523  0.960721  -0.004993  0.004482  0.017135  2.664015  2.591753  -0.522712  1.000000  
172.209424 0.004626  -0.005823  -0.006239  0.672771  0.735645  0.078772  -0.724576  0.633614  0.271150  0.149559  -0.239498  0.959308  -0.004888  0.004501  0.016983  2.710534  2.587741  -0.549921  1.000000  
172.210673 0.004621  -0.005817  -0.006219  0.673810  0.734610  0.079553  -0.723003  0.633261  0.276129  0.152469  -0.243575  0.957823  -0.004789  0.004470  0.016829  2.756477  2.592459  -0.574916  1.000000  
172.211675 0.004617  -0.005814  -0.006204  0.674775  0.733654  0.080191  -0.721653  0.633142  0.279909  0.154584  -0.246745  0.956672  -0.004687  0.004422  0.016652  2.783221  2.593978  -0.600622  1.000000  
172.212922 0.004613  -0.005808  -0.006185  0.675988  0.732431  0.081149  -0.719973  0.632957  0.284612  0.157095  -0.250820  0.955202  -0.004532  0.004395  0.016322  2.823933  2.591890  -0.633682  1.000000  
172.213922 0.004609  -0.005804  -0.006170  0.676941  0.731482  0.081763  -0.718612  0.632796  0.288385  0.159209  -0.253975  0.954017  -0.004445  0.004370  0.016036  2.849029  2.591909  -0.660931  1.000000  
172.214923 0.004606  -0.005799  -0.006157  0.678050  0.730373  0.082483  -0.717123  0.632756  0.292154  0.161190  -0.257246  0.952808  -0.004262  0.004374  0.015645  2.882709  2.586571  -0.692155  1.000000  
172.216179 0.004602  -0.005794  -0.006142  0.679373  0.729035  0.083427  -0.715271  0.632547  0.297107  0.163830  -0.261519  0.951193  -0.004042  0.004343  0.015120  2.930215  2.584431  -0.724988  1.000000  
172.217422 0.004599  -0.005788  -0.006127  0.680686  0.727713  0.084264  -0.713410  0.632341  0.301978  0.166470  -0.265667  0.949584  -0.003804  0.004347  0.014714  2.970725  2.583787  -0.758146  1.000000  
172.218422 0.004596  -0.005784  -0.006115  0.681921  0.726474  0.084968  -0.711765  0.632344  0.305830  0.168448  -0.269029  0.948287  -0.003575  0.004377  0.014376  2.989477  2.575165  -0.790596  1.000000  
172.219694 0.004594  -0.005779  -0.006099  0.683248  0.725111  0.085947  -0.709924  0.632134  0.310506  0.170822  -0.273168  0.946678  -0.003383  0.004305  0.014080  3.024307  2.562634  -0.829077  1.000000  
172.220922 0.004591  -0.005774  -0.006083  0.684695  0.723627  0.086931  -0.707920  0.631939  0.315440  0.173326  -0.277520  0.944955  -0.003238  0.004266  0.013920  3.055390  2.557007  -0.858923  1.000000  
172.222175 0.004589  -0.005769  -0.006066  0.686149  0.722132  0.087895  -0.705925  0.631776  0.320201  0.175697  -0.281753  0.943263  -0.002986  0.004253  0.013801  3.085390  2.550264  -0.899775  1.000000  
172.223178 0.004587  -0.005765  -0.006053  0.687386  0.720843  0.088801  -0.704291  0.631697  0.323933  0.177410  -0.285209  0.941903  -0.002896  0.004222  0.013671  3.110565  2.532436  -0.935643  1.000000  
172.224181 0.004585  -0.005761  -0.006040  0.688746  0.719442  0.089625  -0.702494  0.631679  0.327847  0.179253  -0.288764  0.940470  -0.002790  0.004198  0.013543  3.137553  2.532078  -0.969758  1.000000  
172.225425 0.004583  -0.005757  -0.006024  0.690335  0.717778  0.090730  -0.700356  0.631528  0.332677  0.181490  -0.293202  0.938666  -0.002590  0.004119  0.013224  3.168957  2.520951  -1.005225  1.000000  
172.226674 0.004581  -0.005752  -0.006012  0.691897  0.716146  0.091724  -0.698193  0.631315  0.337591  0.183858  -0.297619  0.936813  -0.002423  0.004113  0.012820  3.197666  2.515188  -1.045826  1.000000  
172.227925 0.004579  -0.005748  -0.005999  0.693467  0.714501  0.092697  -0.696041  0.631137  0.342334  0.186093  -0.301918  0.934994  -0.002205  0.004046  0.012338  3.214962  2.499405  -1.081981  1.000000  
172.229173 0.004577  -0.005744  -0.005987  0.695043  0.712808  0.093911  -0.693900  0.630872  0.347137  0.188196  -0.306440  0.933101  -0.002069  0.003906  0.012019  3.250462  2.487085  -1.110757  1.000000  
172.230422 0.004575  -0.005740  -0.005976  0.696611  0.711095  0.095274  -0.691752  0.630487  0.352087  0.190298  -0.311174  0.931106  -0.001975  0.003844  0.011636  3.288503  2.468361  -1.148117  1.000000  
172.231675 0.004572  -0.005736  -0.005963  0.698168  0.709385  0.096615  -0.689597  0.630067  0.357032  0.192399  -0.315894  0.929082  -0.001874  0.003705  0.011481  3.322614  2.456160  -1.176153  1.000000  
172.232922 0.004570  -0.005732  -0.005949  0.699857  0.707571  0.097687  -0.687292  0.629843  0.361839  0.194500  -0.320375  0.927108  -0.001842  0.003639  0.011446  3.347878  2.454736  -1.211098  1.000000  
172.233922 0.004568  -0.005729  -0.005938  0.701188  0.706098  0.098802  -0.685486  0.629537  0.365776  0.196074  -0.324205  0.925444  -0.001801  0.003563  0.011346  3.368680  2.437219  -1.234086  1.000000  
172.235172 0.004566  -0.005725  -0.005926  0.702736  0.704376  0.100081  -0.683331  0.629092  0.370543  0.198042  -0.328783  0.923407  -0.001726  0.003455  0.011158  3.387757  2.420133  -1.256970  1.000000  
172.236174 0.004564  -0.005722  -0.005916  0.704072  0.702874  0.101250  -0.681534  0.628765  0.374387  0.199484  -0.332601  0.921728  -0.001734  0.003368  0.010867  3.410336  2.407226  -1.279555  1.000000  
172.237425 0.004563  -0.005718  -0.005903  0.705743  0.701027  0.102410  -0.679223  0.628402  0.379166  0.201451  -0.337153  0.919644  -0.001660  0.003294  0.010603  3.438228  2.392124  -1.311269  1.000000  
172.238672 0.004561  -0.005715  -0.005893  0.707563  0.698996  0.103726  -0.676779  0.628087  0.384029  0.203285  -0.341924  0.917476  -0.001637  0.003184  0.010244  3.465965  2.378852  -1.338687  1.000000  
172.239679 0.004560  -0.005713  -0.005883  0.709154  0.697226  0.104766  -0.674676  0.627920  0.387981  0.204726  -0.345821  0.915694  -0.001595  0.003104  0.009964  3.489149  2.364824  -1.379357  1.000000  
172.240926 0.004559  -0.005709  -0.005874  0.710955  0.695172  0.106201  -0.672218  0.627442  0.392988  0.206559  -0.350787  0.913390  -0.001569  0.003017  0.009672  3.518581  2.354413  -1.415629  1.000000  
172.242175 0.004557  -0.005706  -0.005864  0.712626  0.693228  0.107697  -0.669919  0.626863  0.397808  0.208261  -0.355636  0.911126  -0.001525  0.002972  0.009511  3.549075  2.343200  -1.437335  1.000000  
172.243176 0.004556  -0.005704  -0.005856  0.714055  0.691604  0.108671  -0.667946  0.626517  0.401652  0.209700  -0.359388  0.909322  -0.001512  0.002894  0.009430  3.564350  2.335470  -1.460324  1.000000  
172.244427 0.004554  -0.005700  -0.005845  0.716003  0.689356  0.110127  -0.665360  0.626141  0.406502  0.211270  -0.364330  0.906989  -0.001465  0.002843  0.009426  3.594432  2.323465  -1.490221  1.000000  
172.245675 0.004553  -0.005697  -0.005835  0.717783  0.687286  0.111465  -0.662896  0.625601  0.411331  0.212969  -0.369136  0.904645  -0.001406  0.002783  0.009215  3.617029  2.309456  -1.513655  1.000000  
172.246922 0.004551  -0.005695  -0.005826  0.719710  0.685039  0.112863  -0.660296  0.625148  0.416172  0.214538  -0.374047  0.902254  -0.001333  0.002710  0.008954  3.638692  2.295600  -1.540336  1.000000  
172.247922 0.004550  -0.005692  -0.005818  0.721127  0.683330  0.114177  -0.658322  0.624520  0.420222  0.215844  -0.378199  0.900209  -0.001322  0.002636  0.008711  3.667439  2.287417  -1.556497  1.000000  
172.248922 0.004550  -0.005690  -0.005812  0.722714  0.681417  0.115564  -0.656234  0.624075  0.424131  0.216890  -0.382363  0.898197  -0.001166  0.002605  0.008389  3.699655  2.271443  -1.587485  1.000000  
172.250172 0.004550  -0.005686  -0.005806  0.724656  0.679080  0.117147  -0.653655  0.623539  0.428876  0.218195  -0.387361  0.895735  -0.001077  0.002583  0.007940  3.726361  2.252691  -1.608900  1.000000  
172.251422 0.004549  -0.005684  -0.005801  0.726721  0.676615  0.118612  -0.650919  0.623104  0.433642  0.219501  -0.392344  0.893244  -0.000992  0.002502  0.007476  3.747101  2.234352  -1.641534  1.000000  
172.252695 0.004549  -0.005681  -0.005795  0.728663  0.674223  0.120307  -0.648346  0.622474  0.438377  0.220676  -0.397430  0.890703  -0.000868  0.002437  0.007056  3.774583  2.216988  -1.664093  1.000000  
172.253922 0.004550  -0.005679  -0.005790  0.730728  0.671685  0.121963  -0.645615  0.621889  0.443210  0.221850  -0.402607  0.888082  -0.000764  0.002373  0.006661  3.805075  2.203467  -1.691899  1.000000  
172.254923 0.004549  -0.005677  -0.005785  0.732297  0.669741  0.123240  -0.643520  0.621382  0.446952  0.222763  -0.406609  0.886028  -0.000724  0.002303  0.006399  3.823748  2.190409  -1.704212  1.000000  
172.255928 0.004550  -0.005675  -0.005781  0.733859  0.667780  0.124579  -0.641420  0.620797  0.450768  0.223676  -0.410708  0.883905  -0.000581  0.002279  0.006108  3.846720  2.169944  -1.724546  1.000000  
172.257176 0.004550  -0.005672  -0.005775  0.735787  0.665309  0.126416  -0.638842  0.619953  0.455565  0.224719  -0.415959  0.881181  -0.000441  0.002264  0.005842  3.883241  2.148701  -1.745785  1.000000  
172.258430 0.004550  -0.005670  -0.005771  0.737836  0.662723  0.128048  -0.636105  0.619262  0.460309  0.225762  -0.421084  0.878476  -0.000368  0.002193  0.005416  3.904051  2.132581  -1.779479  1.000000  
172.259678 0.004551  -0.005668  -0.005767  0.739896  0.660108  0.129657  -0.633381  0.618625  0.464899  0.226674  -0.426099  0.875819  -0.000247  0.002135  0.005018  3.924730  2.112156  -1.801389  1.000000  
172.260925 0.004551  -0.005665  -0.005765  0.741840  0.657589  0.131340  -0.630823  0.617909  0.469309  0.227456  -0.431005  0.873212  -0.000078  0.002094  0.004488  3.933443  2.088057  -1.825242  1.000000  
172.262172 0.004552  -0.005663  -0.005765  0.743774  0.655035  0.133154  -0.628258  0.617043  0.473867  0.228238  -0.436105  0.870471  0.000073  0.002075  0.003854  3.952136  2.064336  -1.842596  1.000000  
172.263173 0.004553  -0.005661  -0.005765  0.745359  0.652914  0.134698  -0.626186  0.616334  0.477518  0.228759  -0.440268  0.868236  0.000210  0.002001  0.003403  3.974506  2.037841  -1.861514  1.000000  
172.264179 0.004555  -0.005660  -0.005766  0.747067  0.650646  0.136202  -0.623957  0.615677  0.481269  0.229280  -0.444524  0.865927  0.000331  0.001942  0.003003  3.993575  2.027334  -1.888556  1.000000  
172.265422 0.004556  -0.005658  -0.005768  0.749128  0.647891  0.138003  -0.621240  0.614825  0.485851  0.229931  -0.449697  0.863078  0.000402  0.001878  0.002424  4.014341  2.012135  -1.918124  1.000000  
172.266422 0.004557  -0.005657  -0.005769  0.750589  0.645857  0.139591  -0.619329  0.614001  0.489321  0.230322  -0.453732  0.860860  0.000517  0.001784  0.002147  4.034810  1.984659  -1.926323  1.000000  
172.267423 0.004557  -0.005657  -0.005770  0.752045  0.643835  0.141084  -0.617414  0.613214  0.492715  0.230712  -0.457651  0.858678  0.000548  0.001671  0.001711  4.039045  1.960561  -1.936383  1.000000  
172.268673 0.004559  -0.005656  -0.005773  0.754003  0.641081  0.143162  -0.614875  0.612152  0.497191  0.231103  -0.462910  0.855749  0.000601  0.001556  0.001154  4.066109  1.923339  -1.947108  1.000000  
172.269694 0.004560  -0.005656  -0.005775  0.755471  0.638950  0.144935  -0.612971  0.611173  0.500733  0.231363  -0.467131  0.853382  0.000735  0.001417  0.000675  4.089600  1.893256  -1.958834  1.000000  
172.270923 0.004561  -0.005656  -0.005779  0.757438  0.636169  0.146890  -0.610441  0.610205  0.504987  0.231624  -0.472164  0.850536  0.000760  0.001238  0.000145  4.090382  1.864430  -1.969257  1.000000  
172.272183 0.004562  -0.005656  -0.005785  0.759396  0.633381  0.148816  -0.607904  0.609202  0.509240  0.231884  -0.477181  0.847661  0.000852  0.001057  -0.000696  4.101499  1.831760  -1.993605  1.000000  
172.273426 0.004564  -0.005655  -0.005792  0.761370  0.630499  0.150952  -0.605380  0.608080  0.513570  0.232014  -0.482400  0.844666  0.000954  0.000994  -0.001387  4.128239  1.794635  -2.006240  1.000000  
172.274429 0.004565  -0.005655  -0.005797  0.762864  0.628279  0.152657  -0.603497  0.607198  0.516819  0.232014  -0.486390  0.842374  0.000990  0.000871  -0.002042  4.134299  1.767082  -2.015085  1.000000  
172.275678 0.004567  -0.005654  -0.005805  0.764724  0.625474  0.154856  -0.601138  0.605987  0.520973  0.232014  -0.491490  0.839409  0.001090  0.000775  -0.002728  4.148156  1.726064  -2.030105  1.000000  
172.276926 0.004569  -0.005653  -0.005814  0.766700  0.622496  0.157069  -0.598616  0.604743  0.525305  0.232014  -0.496775  0.836292  0.001144  0.000663  -0.003282  4.170847  1.689786  -2.043741  1.000000  
172.278173 0.004571  -0.005653  -0.005823  0.768692  0.619552  0.158961  -0.596106  0.603823  0.529202  0.231884  -0.501550  0.833473  0.001147  0.000475  -0.003889  4.161564  1.649646  -2.060360  1.000000  
172.279423 0.004572  -0.005653  -0.005832  0.770309  0.616972  0.161152  -0.594066  0.602491  0.533001  0.231754  -0.506310  0.830627  0.001153  0.000413  -0.004441  4.163485  1.611173  -2.061467  1.000000  
