1-Time 2-Px 3-Py 4-Pz 5-R11 6-R21 7-R31 8-R12 9-R22 10-R32 11-R13 12-R23 13-R33 14-Vx 15-Vy 16-Vz 17-Wx 18-Wy 19-Wz 20-state
58.711431 0.002777  -0.013078  -0.000175  0.755328  0.167024  0.633706  -0.650373  0.309961  0.693498  -0.080593  -0.935963  0.342750  -0.000217  -0.000275  0.000883  0.000000  0.000000  0.000000  1.000000  
58.712654 0.002777  -0.013078  -0.000175  0.755328  0.167024  0.633706  -0.650373  0.309961  0.693498  -0.080593  -0.935963  0.342750  0.000000  0.000000  0.000000  0.000000  0.000000  0.000000  1.000000  
58.713658 0.002778  -0.013074  -0.000176  0.755194  0.167088  0.633849  -0.650528  0.309926  0.693367  -0.080593  -0.935963  0.342750  0.000155  0.001901  -0.000427  0.000000  0.000000  0.000000  1.000000  
58.714669 0.002779  -0.013068  -0.000177  0.755194  0.167088  0.633849  -0.650528  0.309926  0.693367  -0.080593  -0.935963  0.342750  0.000674  0.003359  -0.000591  0.000000  0.000000  0.000000  1.000000  
58.715923 0.002780  -0.013063  -0.000177  0.755194  0.167165  0.633828  -0.650528  0.310011  0.693330  -0.080593  -0.935922  0.342863  0.000564  0.003483  -0.000530  0.000000  0.000000  0.000000  1.000000  
58.717180 0.002779  -0.013060  -0.000175  0.755194  0.167242  0.633808  -0.650528  0.310095  0.693292  -0.080593  -0.935880  0.342977  0.000296  0.003212  -0.000132  0.000000  0.000000  0.000000  1.000000  
58.718407 0.002778  -0.013056  -0.000174  0.755194  0.167319  0.633788  -0.650528  0.310179  0.693255  -0.080593  -0.935838  0.343091  0.000074  0.003273  0.000058  0.000000  0.000000  0.000000  1.000000  
58.719674 0.002776  -0.013049  -0.000175  0.755194  0.167395  0.633767  -0.650528  0.310263  0.693217  -0.080593  -0.935797  0.343204  -0.000140  0.003634  -0.000011  0.000000  0.000000  0.000000  1.000000  
58.720903 0.002774  -0.013043  -0.000178  0.755194  0.167395  0.633767  -0.650528  0.310263  0.693217  -0.080593  -0.935797  0.343204  -0.000404  0.003822  -0.000312  0.000000  0.000000  0.000000  1.000000  
58.721904 0.002772  -0.013038  -0.000178  0.755194  0.167472  0.633747  -0.650528  0.310347  0.693179  -0.080593  -0.935755  0.343318  -0.000566  0.003884  -0.000361  0.000000  0.000000  0.000000  1.000000  
58.723151 0.002770  -0.013032  -0.000179  0.755060  0.167536  0.633890  -0.650684  0.310312  0.693049  -0.080593  -0.935755  0.343318  -0.000651  0.003994  -0.000396  0.000000  0.000000  0.000000  1.000000  
58.724151 0.002769  -0.013028  -0.000181  0.755060  0.167536  0.633890  -0.650684  0.310312  0.693049  -0.080593  -0.935755  0.343318  -0.000686  0.004025  -0.000463  0.000000  0.000000  0.000000  1.000000  
58.725401 0.002769  -0.013020  -0.000181  0.755060  0.167613  0.633870  -0.650684  0.310396  0.693011  -0.080593  -0.935714  0.343431  -0.000596  0.004230  -0.000488  0.000000  0.000000  0.000000  1.000000  
58.726651 0.002770  -0.013010  -0.000182  0.755060  0.167613  0.633870  -0.650684  0.310396  0.693011  -0.080593  -0.935714  0.343431  -0.000496  0.004510  -0.000511  0.000000  0.000000  0.000000  1.000000  
58.727656 0.002772  -0.013001  -0.000184  0.755060  0.167613  0.633870  -0.650684  0.310396  0.693011  -0.080593  -0.935714  0.343431  -0.000408  0.005174  -0.000585  0.000000  0.000000  0.000000  1.000000  
58.728901 0.002774  -0.012989  -0.000186  0.755060  0.167690  0.633849  -0.650684  0.310481  0.692974  -0.080593  -0.935672  0.343545  -0.000277  0.005596  -0.000702  0.000000  0.000000  0.000000  1.000000  
58.730154 0.002777  -0.012977  -0.000188  0.755060  0.167690  0.633849  -0.650684  0.310481  0.692974  -0.080593  -0.935672  0.343545  -0.000181  0.005968  -0.000736  0.000000  0.000000  0.000000  1.000000  
58.731173 0.002776  -0.012970  -0.000188  0.755060  0.167690  0.633849  -0.650684  0.310481  0.692974  -0.080593  -0.935672  0.343545  -0.000205  0.006270  -0.000792  0.000000  0.000000  0.000000  1.000000  
58.732408 0.002776  -0.012959  -0.000189  0.755060  0.167767  0.633829  -0.650684  0.310565  0.692936  -0.080593  -0.935630  0.343658  -0.000161  0.006685  -0.000895  0.000000  0.000000  0.000000  1.000000  
58.733655 0.002775  -0.012948  -0.000189  0.755052  0.167749  0.633843  -0.650677  0.310730  0.692868  -0.080726  -0.935578  0.343768  -0.000118  0.007160  -0.000969  0.000000  0.000000  0.000000  1.000000  
58.734657 0.002775  -0.012938  -0.000191  0.755052  0.167749  0.633843  -0.650677  0.310730  0.692868  -0.080726  -0.935578  0.343768  -0.000055  0.007397  -0.001065  0.000000  0.000000  0.000000  1.000000  
58.735903 0.002774  -0.012928  -0.000192  0.755052  0.167826  0.633823  -0.650677  0.310814  0.692830  -0.080726  -0.935537  0.343881  0.000056  0.007726  -0.000955  0.000000  0.000000  0.000000  1.000000  
58.737153 0.002772  -0.012918  -0.000193  0.755043  0.167808  0.633838  -0.650670  0.310980  0.692763  -0.080860  -0.935485  0.343991  0.000110  0.008012  -0.000935  0.000000  0.000000  0.000000  1.000000  
58.738156 0.002771  -0.012909  -0.000192  0.755043  0.167885  0.633817  -0.650670  0.311064  0.692725  -0.080860  -0.935443  0.344104  0.000128  0.008265  -0.000833  0.000000  0.000000  0.000000  1.000000  
58.739401 0.002771  -0.012897  -0.000192  0.755043  0.167885  0.633817  -0.650670  0.311064  0.692725  -0.080860  -0.935443  0.344104  0.000143  0.008590  -0.000750  0.000000  0.000000  0.000000  1.000000  
58.740651 0.002772  -0.012884  -0.000192  0.755043  0.167962  0.633797  -0.650670  0.311148  0.692687  -0.080860  -0.935401  0.344218  0.000179  0.008972  -0.000714  0.000000  0.000000  0.000000  1.000000  
58.741901 0.002772  -0.012871  -0.000195  0.755035  0.167867  0.633832  -0.650663  0.311230  0.692657  -0.080993  -0.935391  0.344214  0.000152  0.009129  -0.000759  0.000000  0.000000  0.000000  1.000000  
58.743155 0.002773  -0.012859  -0.000196  0.754893  0.167836  0.634009  -0.650811  0.311277  0.692497  -0.081127  -0.935381  0.344210  0.000022  0.009138  -0.000704  0.000000  0.000000  0.000000  1.000000  
58.744160 0.002772  -0.012849  -0.000197  0.754893  0.167913  0.633989  -0.650811  0.311361  0.692459  -0.081127  -0.935339  0.344324  -0.000218  0.009144  -0.000761  0.000000  0.000000  0.000000  1.000000  
58.745401 0.002771  -0.012838  -0.000199  0.754885  0.167818  0.634024  -0.650804  0.311443  0.692429  -0.081260  -0.935329  0.344320  -0.000400  0.009146  -0.000731  0.000000  0.000000  0.000000  1.000000  
58.746403 0.002769  -0.012830  -0.000200  0.754885  0.167818  0.634024  -0.650804  0.311443  0.692429  -0.081260  -0.935329  0.344320  -0.000491  0.009180  -0.000799  0.000000  0.000000  0.000000  1.000000  
58.747404 0.002767  -0.012822  -0.000202  0.754743  0.167865  0.634181  -0.650952  0.311574  0.692230  -0.081393  -0.935277  0.344430  -0.000589  0.009157  -0.000848  0.000000  0.000000  0.000000  1.000000  
58.748652 0.002765  -0.012812  -0.000204  0.754734  0.167770  0.634216  -0.650945  0.311656  0.692200  -0.081527  -0.935267  0.344426  -0.000705  0.009089  -0.001027  0.000000  0.000000  0.000000  1.000000  
58.749657 0.002761  -0.012803  -0.000206  0.754726  0.167752  0.634230  -0.650938  0.311821  0.692132  -0.081660  -0.935215  0.344536  -0.000932  0.008998  -0.001062  0.000000  0.000000  0.000000  1.000000  
58.750904 0.002758  -0.012792  -0.000209  0.754584  0.167721  0.634408  -0.651086  0.311869  0.691972  -0.081793  -0.935205  0.344532  -0.001057  0.009075  -0.001140  0.000000  0.000000  0.000000  1.000000  
58.751910 0.002755  -0.012784  -0.000211  0.754575  0.167704  0.634422  -0.651079  0.312034  0.691904  -0.081927  -0.935152  0.344642  -0.001185  0.009084  -0.001243  0.000000  0.000000  0.000000  1.000000  
58.753154 0.002752  -0.012773  -0.000212  0.754425  0.167655  0.634614  -0.651220  0.312247  0.691675  -0.082193  -0.935090  0.344747  -0.001248  0.009105  -0.001354  0.000000  0.000000  0.000000  1.000000  
58.754158 0.002752  -0.012762  -0.000212  0.754274  0.167607  0.634806  -0.651361  0.312460  0.691446  -0.082460  -0.935028  0.344853  -0.001344  0.009131  -0.001399  0.000000  0.000000  0.000000  1.000000  
58.755400 0.002751  -0.012748  -0.000214  0.754123  0.167559  0.634998  -0.651502  0.312673  0.691217  -0.082727  -0.934965  0.344959  -0.001396  0.009276  -0.001458  0.000000  0.000000  0.000000  1.000000  
58.756402 0.002750  -0.012736  -0.000215  0.754106  0.167447  0.635047  -0.651487  0.312920  0.691119  -0.082993  -0.934902  0.345065  -0.001485  0.009379  -0.001458  0.000000  0.000000  0.000000  1.000000  
58.757403 0.002748  -0.012725  -0.000216  0.753955  0.167476  0.635219  -0.651628  0.313217  0.690852  -0.083260  -0.934798  0.345284  -0.001688  0.009386  -0.001397  0.000000  0.000000  0.000000  1.000000  
58.758651 0.002746  -0.012712  -0.000217  0.753796  0.167334  0.635446  -0.651761  0.313512  0.690592  -0.083660  -0.934724  0.345386  -0.001821  0.009401  -0.001342  0.000000  0.000000  0.000000  1.000000  
58.759651 0.002744  -0.012703  -0.000216  0.753645  0.167364  0.635617  -0.651902  0.313808  0.690325  -0.083927  -0.934620  0.345605  -0.001891  0.009422  -0.001242  0.000000  0.000000  0.000000  1.000000  
58.760901 0.002742  -0.012690  -0.000218  0.753485  0.167299  0.635823  -0.652035  0.314187  0.690027  -0.084327  -0.934504  0.345820  -0.001931  0.009535  -0.001217  0.000000  0.000000  0.000000  1.000000  
58.762169 0.002738  -0.012678  -0.000219  0.753317  0.167140  0.636065  -0.652160  0.314647  0.689699  -0.084860  -0.934378  0.346031  -0.001958  0.009750  -0.001211  0.000000  0.000000  0.000000  1.000000  
58.763405 0.002734  -0.012665  -0.000222  0.753013  0.167123  0.636428  -0.652441  0.315156  0.689201  -0.085393  -0.934209  0.346355  -0.002046  0.009926  -0.001186  -0.104450  -0.137457  -0.115661  1.000000  
58.764407 0.002732  -0.012655  -0.000224  0.752853  0.167059  0.636634  -0.652573  0.315535  0.688902  -0.085793  -0.934093  0.346569  -0.001973  0.010051  -0.001163  -0.113131  -0.148526  -0.125834  1.000000  
58.765654 0.002731  -0.012641  -0.000225  0.752684  0.166901  0.636876  -0.652698  0.315995  0.688573  -0.086326  -0.933965  0.346780  -0.001845  0.010248  -0.001090  -0.118750  -0.162482  -0.141337  1.000000  
58.766658 0.002730  -0.012629  -0.000228  0.752523  0.166914  0.637062  -0.652830  0.316457  0.688236  -0.086726  -0.933807  0.347108  -0.001665  0.010463  -0.001150  -0.127490  -0.172072  -0.147318  1.000000  
58.767911 0.002730  -0.012615  -0.000230  0.752211  0.166805  0.637460  -0.653102  0.317048  0.687706  -0.087393  -0.933626  0.347427  -0.001529  0.010722  -0.001209  -0.136847  -0.192842  -0.163582  1.000000  
58.769157 0.002730  -0.012597  -0.000232  0.751897  0.166696  0.637858  -0.653373  0.317639  0.687175  -0.088059  -0.933444  0.347746  -0.001420  0.011005  -0.001303  -0.150286  -0.213604  -0.179846  1.000000  
58.770403 0.002731  -0.012581  -0.000235  0.751718  0.166600  0.638094  -0.653489  0.318347  0.686737  -0.088725  -0.933220  0.348179  -0.001384  0.011119  -0.001377  -0.163169  -0.227960  -0.198495  1.000000  
58.771651 0.002730  -0.012564  -0.000238  0.751395  0.166475  0.638507  -0.653751  0.319103  0.686136  -0.089525  -0.932984  0.348606  -0.001254  0.011323  -0.001462  -0.180736  -0.248765  -0.214744  1.000000  
58.772651 0.002730  -0.012552  -0.000239  0.751215  0.166303  0.638764  -0.653867  0.319728  0.685735  -0.090191  -0.932801  0.348925  -0.001148  0.011418  -0.001546  -0.193015  -0.256615  -0.235777  1.000000  
58.773901 0.002730  -0.012535  -0.000241  0.750900  0.166352  0.639121  -0.654136  0.320485  0.685124  -0.090858  -0.932532  0.349469  -0.000997  0.011662  -0.001658  -0.208869  -0.273649  -0.245739  1.000000  
58.775153 0.002730  -0.012518  -0.000242  0.750710  0.166241  0.639373  -0.654242  0.321358  0.684614  -0.091657  -0.932251  0.350009  -0.000874  0.012006  -0.001639  -0.229718  -0.287842  -0.264130  1.000000  
58.776401 0.002729  -0.012500  -0.000244  0.750520  0.166131  0.639625  -0.654348  0.322231  0.684102  -0.092456  -0.931970  0.350548  -0.000752  0.012372  -0.001727  -0.250611  -0.303669  -0.286751  1.000000  
58.777407 0.002728  -0.012486  -0.000247  0.750204  0.166182  0.639983  -0.654617  0.322987  0.683489  -0.093123  -0.931699  0.351091  -0.000580  0.012647  -0.001761  -0.269923  -0.319320  -0.303750  1.000000  
58.778651 0.002728  -0.012468  -0.000249  0.750003  0.166057  0.640251  -0.654713  0.324024  0.682905  -0.094055  -0.931361  0.351738  -0.000392  0.012997  -0.001771  -0.292417  -0.332255  -0.323543  1.000000  
58.779652 0.002729  -0.012453  -0.000251  0.749811  0.165949  0.640503  -0.654818  0.324895  0.682390  -0.094854  -0.931077  0.352276  -0.000225  0.013206  -0.001777  -0.309326  -0.346612  -0.341967  1.000000  
58.780654 0.002730  -0.012438  -0.000253  0.749484  0.165909  0.640897  -0.655076  0.325732  0.681743  -0.095653  -0.930791  0.352814  -0.000073  0.013512  -0.001863  -0.332976  -0.363899  -0.363339  1.000000  
58.781662 0.002731  -0.012422  -0.000255  0.749300  0.165974  0.641094  -0.655188  0.326604  0.681218  -0.096319  -0.930474  0.353468  0.000078  0.013832  -0.001792  -0.354037  -0.376778  -0.377591  1.000000  
58.782911 0.002733  -0.012401  -0.000258  0.748962  0.166075  0.641463  -0.655437  0.327770  0.680419  -0.097251  -0.930046  0.354339  0.000188  0.014237  -0.001853  -0.383270  -0.391259  -0.395966  1.000000  
58.783911 0.002734  -0.012384  -0.000261  0.748758  0.165954  0.641732  -0.655531  0.328804  0.679829  -0.098184  -0.929703  0.354983  0.000271  0.014453  -0.001964  -0.403836  -0.399364  -0.416904  1.000000  
58.785156 0.002737  -0.012363  -0.000265  0.748409  0.165887  0.642157  -0.655769  0.329968  0.679034  -0.099249  -0.929302  0.355735  0.000405  0.014719  -0.002024  -0.429045  -0.415467  -0.439515  1.000000  
58.786403 0.002739  -0.012344  -0.000270  0.748059  0.165976  0.642542  -0.656007  0.331296  0.678157  -0.100314  -0.928814  0.356711  0.000550  0.014905  -0.002161  -0.459016  -0.438163  -0.459647  1.000000  
58.787652 0.002739  -0.012325  -0.000273  0.747697  0.165974  0.642963  -0.656235  0.332705  0.677247  -0.101512  -0.928310  0.357681  0.000584  0.015145  -0.002271  -0.492610  -0.454529  -0.482341  1.000000  
58.788901 0.002740  -0.012306  -0.000278  0.747335  0.165974  0.643385  -0.656462  0.334113  0.676333  -0.102710  -0.927805  0.358649  0.000667  0.015342  -0.002541  -0.521925  -0.470754  -0.504778  1.000000  
58.790152 0.002741  -0.012286  -0.000283  0.746960  0.165960  0.643823  -0.656678  0.335684  0.675345  -0.104041  -0.927240  0.359725  0.000716  0.015435  -0.002765  -0.550796  -0.486231  -0.531206  1.000000  
58.791152 0.002742  -0.012269  -0.000288  0.746606  0.166056  0.644209  -0.656911  0.337007  0.674458  -0.105105  -0.926742  0.360696  0.000890  0.015654  -0.002972  -0.584137  -0.497005  -0.552129  1.000000  
58.792158 0.002744  -0.012252  -0.000291  0.746386  0.166085  0.644457  -0.656990  0.338364  0.673701  -0.106169  -0.926243  0.361666  0.001003  0.015816  -0.003038  -0.612721  -0.509307  -0.570075  1.000000  
58.793399 0.002745  -0.012232  -0.000295  0.745851  0.166117  0.645067  -0.657338  0.340224  0.672425  -0.107766  -0.925555  0.362951  0.001113  0.016015  -0.003067  -0.649940  -0.528795  -0.600412  1.000000  
58.794402 0.002747  -0.012214  -0.000298  0.745482  0.166205  0.645470  -0.657558  0.341707  0.671456  -0.108963  -0.924993  0.364026  0.001212  0.016264  -0.003198  -0.683155  -0.545128  -0.622573  1.000000  
58.795648 0.002749  -0.012191  -0.000301  0.745091  0.166422  0.645867  -0.657759  0.343678  0.670253  -0.110426  -0.924223  0.365537  0.001306  0.016482  -0.003181  -0.732662  -0.563280  -0.648786  1.000000  
58.796649 0.002752  -0.012172  -0.000305  0.744708  0.166421  0.646308  -0.657967  0.345241  0.669245  -0.111756  -0.923641  0.366603  0.001405  0.016723  -0.003318  -0.761976  -0.581401  -0.675115  1.000000  
58.797661 0.002754  -0.012153  -0.000307  0.744325  0.166500  0.646729  -0.658174  0.346883  0.668191  -0.113085  -0.923011  0.367779  0.001446  0.016829  -0.003369  -0.801072  -0.594750  -0.701087  1.000000  
58.798907 0.002757  -0.012129  -0.000312  0.743781  0.166783  0.647281  -0.658512  0.348976  0.666767  -0.114680  -0.922171  0.369390  0.001487  0.017025  -0.003373  -0.851006  -0.613233  -0.727309  1.000000  
58.799911 0.002759  -0.012110  -0.000315  0.743383  0.166854  0.647721  -0.658706  0.350776  0.665630  -0.116142  -0.921475  0.370669  0.001514  0.017157  -0.003373  -0.888513  -0.631519  -0.753460  1.000000  
58.801154 0.002761  -0.012088  -0.000318  0.742835  0.167144  0.648274  -0.659040  0.352864  0.664194  -0.117737  -0.920625  0.372274  0.001525  0.017353  -0.003297  -0.934643  -0.648683  -0.775565  1.000000  
58.802402 0.002764  -0.012065  -0.000322  0.742410  0.167351  0.648708  -0.659209  0.355145  0.662809  -0.119464  -0.919709  0.373982  0.001727  0.017678  -0.003358  -0.980534  -0.665111  -0.803327  1.000000  
58.803652 0.002767  -0.012042  -0.000328  0.741834  0.167543  0.649316  -0.659517  0.357470  0.661250  -0.121323  -0.918773  0.375681  0.001818  0.017848  -0.003362  -1.030708  -0.689609  -0.835984  1.000000  
58.804901 0.002769  -0.012020  -0.000333  0.741119  0.167893  0.650041  -0.659976  0.359837  0.659507  -0.123182  -0.917785  0.377488  0.001931  0.018068  -0.003394  -1.082391  -0.723117  -0.861081  1.000000  
58.806151 0.002774  -0.011996  -0.000339  0.740526  0.168162  0.650648  -0.660268  0.362396  0.657811  -0.125174  -0.916728  0.379396  0.002121  0.018196  -0.003400  -1.137360  -0.751914  -0.892665  1.000000  
58.807157 0.002778  -0.011978  -0.000343  0.739954  0.168381  0.651242  -0.660579  0.364549  0.656308  -0.126899  -0.915834  0.380979  0.002272  0.018296  -0.003455  -1.174967  -0.774556  -0.917221  1.000000  
58.808401 0.002783  -0.011953  -0.000348  0.739342  0.168648  0.651868  -0.660853  0.367261  0.654517  -0.129023  -0.914701  0.382983  0.002581  0.018561  -0.003516  -1.234410  -0.801674  -0.954039  1.000000  
58.809651 0.002790  -0.011929  -0.000354  0.738726  0.168999  0.652475  -0.661124  0.370047  0.652672  -0.131145  -0.913512  0.385092  0.002856  0.018740  -0.003709  -1.286941  -0.825635  -0.981311  1.000000  
58.810901 0.002796  -0.011903  -0.000360  0.738093  0.169344  0.653101  -0.661379  0.372987  0.650736  -0.133400  -0.912252  0.387300  0.003111  0.018872  -0.003874  -1.345098  -0.850278  -1.018888  1.000000  
58.811903 0.002802  -0.011883  -0.000364  0.737498  0.169651  0.653694  -0.661667  0.375363  0.649076  -0.135256  -0.911220  0.389082  0.003324  0.018903  -0.003983  -1.391646  -0.871780  -1.048830  1.000000  
58.812903 0.002807  -0.011863  -0.000369  0.736899  0.169963  0.654288  -0.661952  0.377734  0.647408  -0.137112  -0.910181  0.390859  0.003525  0.018997  -0.004085  -1.437687  -0.900546  -1.079311  1.000000  
58.814161 0.002814  -0.011839  -0.000375  0.736242  0.170394  0.654914  -0.662184  0.380897  0.645314  -0.139497  -0.908781  0.393265  0.003756  0.019032  -0.004176  -1.507794  -0.929661  -1.116891  1.000000  
58.815406 0.002820  -0.011815  -0.000380  0.735445  0.170992  0.655654  -0.662563  0.384095  0.643025  -0.141881  -0.907322  0.395773  0.004035  0.019065  -0.004313  -1.575471  -0.959804  -1.147382  1.000000  
58.816409 0.002826  -0.011795  -0.000385  0.734837  0.171559  0.656187  -0.662838  0.386684  0.641187  -0.143735  -0.906114  0.397866  0.004272  0.019205  -0.004423  -1.634624  -0.987826  -1.173809  1.000000  
58.817656 0.002833  -0.011770  -0.000391  0.734154  0.172081  0.656815  -0.663045  0.390061  0.638924  -0.146251  -0.904567  0.400462  0.004605  0.019311  -0.004510  -1.701699  -1.013782  -1.210852  1.000000  
58.818903 0.002840  -0.011746  -0.000397  0.733451  0.172522  0.657484  -0.663233  0.393510  0.636609  -0.148897  -0.902987  0.403043  0.004942  0.019483  -0.004572  -1.764771  -1.041700  -1.251897  1.000000  
58.819906 0.002847  -0.011725  -0.000403  0.732804  0.173089  0.658057  -0.663471  0.396395  0.634569  -0.151014  -0.901616  0.405319  0.005228  0.019634  -0.004656  -1.823448  -1.064100  -1.280571  1.000000  
58.821152 0.002856  -0.011701  -0.000409  0.732092  0.173625  0.658708  -0.663649  0.399904  0.632176  -0.153659  -0.899962  0.407992  0.005526  0.019715  -0.004664  -1.879025  -1.085033  -1.314603  1.000000  
58.822159 0.002863  -0.011680  -0.000415  0.731421  0.174036  0.659344  -0.663865  0.402779  0.630121  -0.155906  -0.898599  0.410137  0.005712  0.019842  -0.004799  -1.936808  -1.113115  -1.345347  1.000000  
58.823400 0.002874  -0.011655  -0.000422  0.730684  0.174739  0.659975  -0.664019  0.406579  0.627513  -0.158681  -0.896750  0.413111  0.006046  0.019859  -0.004941  -2.008376  -1.140456  -1.381541  1.000000  
58.824401 0.002882  -0.011635  -0.000430  0.729989  0.175237  0.660612  -0.664211  0.409670  0.625295  -0.161058  -0.895244  0.415449  0.006242  0.019911  -0.005152  -2.054333  -1.159186  -1.410597  1.000000  
58.825651 0.002892  -0.011610  -0.000438  0.729241  0.176038  0.661225  -0.664355  0.413523  0.622600  -0.163830  -0.893313  0.418510  0.006513  0.019850  -0.005314  -2.129538  -1.185056  -1.447958  1.000000  
58.826901 0.002903  -0.011586  -0.000448  0.728334  0.176847  0.662008  -0.664627  0.417408  0.619711  -0.166734  -0.891345  0.421550  0.006700  0.019807  -0.005573  -2.202084  -1.219299  -1.480847  1.000000  
58.827902 0.002910  -0.011567  -0.000456  0.727608  0.177362  0.662668  -0.664789  0.420626  0.617357  -0.169240  -0.889728  0.423959  0.006873  0.019749  -0.005781  -2.246931  -1.240036  -1.512957  1.000000  
58.828903 0.002918  -0.011549  -0.000464  0.726998  0.177790  0.663223  -0.664780  0.424026  0.615036  -0.171876  -0.888027  0.426458  0.007076  0.019656  -0.006061  -2.300184  -1.261077  -1.550857  1.000000  
58.830150 0.002927  -0.011526  -0.000474  0.726074  0.178872  0.663944  -0.665034  0.428098  0.611933  -0.174775  -0.885854  0.429786  0.007252  0.019612  -0.006305  -2.376052  -1.294071  -1.578399  1.000000  
58.831157 0.002935  -0.011507  -0.000483  0.725333  0.179654  0.664542  -0.665180  0.431507  0.609375  -0.177278  -0.884040  0.432488  0.007410  0.019570  -0.006617  -2.441350  -1.319591  -1.612547  1.000000  
58.832160 0.002943  -0.011488  -0.000491  0.724588  0.180445  0.665141  -0.665321  0.434905  0.606800  -0.179779  -0.882212  0.435181  0.007550  0.019459  -0.006877  -2.504377  -1.346014  -1.643512  1.000000  
58.833407 0.002954  -0.011465  -0.000502  0.723647  0.181639  0.665839  -0.665556  0.439007  0.603580  -0.182674  -0.879932  0.438577  0.007717  0.019365  -0.007136  -2.580257  -1.371994  -1.669591  1.000000  
58.834659 0.002964  -0.011441  -0.000513  0.722682  0.182760  0.666580  -0.665768  0.443171  0.600294  -0.185699  -0.877609  0.441947  0.007949  0.019298  -0.007460  -2.650658  -1.393671  -1.702124  1.000000  
58.835902 0.002976  -0.011417  -0.000525  0.721847  0.184045  0.667131  -0.665823  0.447572  0.596958  -0.188722  -0.875104  0.445620  0.008127  0.019246  -0.007832  -2.730005  -1.414491  -1.730601  1.000000  
58.837164 0.002987  -0.011393  -0.000535  0.720812  0.185178  0.667936  -0.665968  0.452153  0.593333  -0.192137  -0.872506  0.449240  0.008246  0.019163  -0.008063  -2.804995  -1.444794  -1.763195  1.000000  
58.838401 0.002998  -0.011369  -0.000547  0.719807  0.186579  0.668630  -0.666139  0.456626  0.589705  -0.195287  -0.869874  0.452970  0.008329  0.019099  -0.008333  -2.878273  -1.465795  -1.786349  1.000000  
58.839401 0.003008  -0.011350  -0.000556  0.718990  0.187505  0.669250  -0.666208  0.460309  0.586756  -0.198042  -0.867731  0.455875  0.008417  0.018994  -0.008488  -2.944547  -1.492944  -1.817282  1.000000  
58.840651 0.003019  -0.011329  -0.000569  0.717952  0.188766  0.670010  -0.666345  0.464750  0.583088  -0.201320  -0.865087  0.459451  0.008432  0.018788  -0.008714  -3.012509  -1.520767  -1.841723  1.000000  
58.841651 0.003028  -0.011311  -0.000579  0.717163  0.190128  0.670469  -0.666438  0.468455  0.580009  -0.203809  -0.862787  0.462667  0.008491  0.018646  -0.008905  -3.079161  -1.536007  -1.857613  1.000000  
58.842901 0.003039  -0.011290  -0.000592  0.716151  0.191910  0.671042  -0.666598  0.472978  0.576142  -0.206821  -0.859920  0.466651  0.008552  0.018456  -0.009099  -3.153083  -1.553107  -1.870105  1.000000  
58.843903 0.003048  -0.011273  -0.000602  0.715352  0.193211  0.671521  -0.666679  0.476578  0.573073  -0.209307  -0.857638  0.469731  0.008694  0.018342  -0.009190  -3.218347  -1.574515  -1.885131  1.000000  
58.845161 0.003059  -0.011253  -0.000614  0.714287  0.194771  0.672204  -0.666787  0.481142  0.569120  -0.212577  -0.854732  0.473545  0.008804  0.018133  -0.009315  -3.283864  -1.594865  -1.906626  1.000000  
58.846405 0.003071  -0.011232  -0.000628  0.713215  0.196592  0.672812  -0.666885  0.485887  0.564958  -0.215844  -0.851625  0.477646  0.008936  0.018024  -0.009511  -3.353127  -1.617001  -1.926323  1.000000  
58.847655 0.003083  -0.011212  -0.000641  0.712018  0.198612  0.673486  -0.667142  0.490484  0.560667  -0.218979  -0.848515  0.481736  0.009065  0.017813  -0.009691  -3.429696  -1.646614  -1.933465  1.000000  
58.848905 0.003096  -0.011192  -0.000654  0.710931  0.200548  0.674061  -0.667223  0.495239  0.556374  -0.222241  -0.845292  0.485890  0.009222  0.017565  -0.009818  -3.512392  -1.670521  -1.945744  1.000000  
58.850155 0.003110  -0.011172  -0.000668  0.709835  0.202418  0.674656  -0.667295  0.499896  0.552106  -0.225501  -0.842099  0.489916  0.009397  0.017306  -0.010000  -3.585787  -1.695200  -1.956382  1.000000  
58.851404 0.003122  -0.011152  -0.000680  0.708755  0.204632  0.675124  -0.667380  0.504646  0.547665  -0.228629  -0.838725  0.494237  0.009441  0.016957  -0.010075  -3.664404  -1.711604  -1.964709  1.000000  
58.852426 0.003134  -0.011136  -0.000690  0.707735  0.206368  0.675665  -0.667520  0.508539  0.543880  -0.231363  -0.835943  0.497665  0.009571  0.016695  -0.010136  -3.731205  -1.737443  -1.967100  1.000000  
58.853651 0.003146  -0.011117  -0.000702  0.706573  0.208287  0.676293  -0.667524  0.513393  0.539295  -0.234876  -0.832493  0.501786  0.009663  0.016430  -0.010229  -3.795427  -1.756989  -1.977843  1.000000  
58.854901 0.003158  -0.011099  -0.000714  0.705471  0.210466  0.676768  -0.667584  0.517985  0.534811  -0.237996  -0.829093  0.505927  0.009732  0.016182  -0.010222  -3.865915  -1.776822  -1.977924  1.000000  
58.855908 0.003168  -0.011085  -0.000723  0.704480  0.212568  0.677143  -0.667746  0.521779  0.530907  -0.240465  -0.826173  0.509524  0.009777  0.015865  -0.010111  -3.929183  -1.794022  -1.975605  1.000000  
58.857151 0.003179  -0.011069  -0.000735  0.703366  0.215352  0.677421  -0.667791  0.526757  0.525911  -0.243580  -0.822284  0.514313  0.009806  0.015563  -0.010058  -4.013668  -1.806999  -1.971890  1.000000  
58.858401 0.003192  -0.011052  -0.000745  0.702293  0.218064  0.677667  -0.667873  0.531354  0.521161  -0.246434  -0.818603  0.518805  0.009914  0.015295  -0.009897  -4.098349  -1.816796  -1.951541  1.000000  
58.859651 0.003203  -0.011036  -0.000757  0.701102  0.221144  0.677903  -0.668115  0.535918  0.516153  -0.249156  -0.814792  0.523483  0.009939  0.014986  -0.009840  -4.175575  -1.834560  -1.929177  1.000000  
58.860674 0.003213  -0.011023  -0.000766  0.700091  0.223463  0.678187  -0.668253  0.539719  0.511998  -0.251618  -0.811645  0.527182  0.009940  0.014738  -0.009692  -4.237830  -1.845936  -1.916101  1.000000  
58.861901 0.003226  -0.011007  -0.000776  0.698766  0.226181  0.678652  -0.668364  0.544584  0.506673  -0.254983  -0.807632  0.531708  0.010061  0.014490  -0.009544  -4.309183  -1.868442  -1.914319  1.000000  
58.862903 0.003236  -0.010994  -0.000784  0.697745  0.228527  0.678917  -0.668488  0.548323  0.502459  -0.257440  -0.804436  0.535357  0.009992  0.014278  -0.009338  -4.363854  -1.886003  -1.910640  1.000000  
58.863907 0.003246  -0.010981  -0.000792  0.696694  0.231054  0.679140  -0.668583  0.552290  0.497968  -0.260025  -0.800993  0.539256  0.009986  0.014004  -0.009165  -4.443073  -1.901388  -1.902283  1.000000  
58.865156 0.003258  -0.010965  -0.000802  0.695538  0.234109  0.679279  -0.668575  0.557120  0.492570  -0.263124  -0.796750  0.544018  0.009916  0.013794  -0.008947  -4.514032  -1.916077  -1.900621  1.000000  
58.866408 0.003271  -0.010949  -0.000812  0.694263  0.237208  0.679508  -0.668725  0.561663  0.487177  -0.266092  -0.792633  0.548569  0.009888  0.013468  -0.008755  -4.586034  -1.928564  -1.882054  1.000000  
58.867655 0.003283  -0.010935  -0.000820  0.693120  0.240537  0.679505  -0.668725  0.566445  0.481609  -0.269057  -0.788215  0.553467  0.009782  0.013107  -0.008514  -4.663804  -1.940213  -1.860402  1.000000  
58.868902 0.003294  -0.010923  -0.000830  0.691806  0.244088  0.679577  -0.668834  0.571316  0.475667  -0.272149  -0.783594  0.558494  0.009704  0.012709  -0.008375  -4.753605  -1.951619  -1.838451  1.000000  
58.869905 0.003302  -0.010913  -0.000837  0.690756  0.246759  0.679681  -0.668920  0.575022  0.471058  -0.274594  -0.780038  0.562262  0.009560  0.012372  -0.008180  -4.802363  -1.957702  -1.827292  1.000000  
58.870905 0.003311  -0.010904  -0.000845  0.689675  0.249531  0.679767  -0.668975  0.578882  0.466228  -0.277166  -0.776293  0.566170  0.009528  0.012101  -0.008126  -4.876221  -1.973048  -1.817157  1.000000  
58.871907 0.003318  -0.010895  -0.000852  0.688754  0.252105  0.679751  -0.668908  0.582574  0.461703  -0.279608  -0.772690  0.569885  0.009401  0.011783  -0.007930  -4.922606  -1.978637  -1.804294  1.000000  
58.873153 0.003329  -0.010883  -0.000860  0.687418  0.255633  0.679785  -0.668987  0.587209  0.455678  -0.282689  -0.768009  0.574673  0.009329  0.011450  -0.007768  -4.992367  -1.997256  -1.793248  1.000000  
58.874401 0.003340  -0.010872  -0.000869  0.686103  0.259499  0.679649  -0.669083  0.591881  0.449448  -0.285640  -0.763110  0.579718  0.009255  0.011116  -0.007604  -5.082624  -2.016362  -1.779974  1.000000  
58.875404 0.003349  -0.010864  -0.000875  0.685168  0.262438  0.679464  -0.668998  0.595674  0.444539  -0.288075  -0.759143  0.583707  0.009179  0.010811  -0.007397  -5.140787  -2.016696  -1.760671  1.000000  
58.876651 0.003359  -0.010853  -0.000883  0.683898  0.266394  0.679204  -0.669134  0.600047  0.438410  -0.290765  -0.754306  0.588625  0.009023  0.010401  -0.007221  -5.210427  -2.025414  -1.733736  1.000000  
58.877652 0.003368  -0.010846  -0.000888  0.682816  0.269560  0.679043  -0.669177  0.603755  0.433222  -0.293196  -0.750211  0.592637  0.008950  0.010066  -0.007057  -5.263796  -2.031726  -1.721702  1.000000  
58.878903 0.003379  -0.010836  -0.000895  0.681452  0.273411  0.678874  -0.669217  0.608286  0.426775  -0.296265  -0.745140  0.597489  0.008833  0.009659  -0.006860  -5.332633  -2.045049  -1.701832  1.000000  
58.879908 0.003387  -0.010829  -0.000900  0.680390  0.276589  0.678652  -0.669275  0.611784  0.421652  -0.298564  -0.741093  0.601366  0.008739  0.009186  -0.006670  -5.398913  -2.052898  -1.678795  1.000000  
58.881154 0.003397  -0.010822  -0.000906  0.678905  0.280914  0.678362  -0.669467  0.616231  0.414818  -0.301500  -0.735763  0.606425  0.008519  0.008642  -0.006424  -5.474772  -2.072084  -1.654430  1.000000  
58.882158 0.003404  -0.010817  -0.000911  0.677806  0.284291  0.678054  -0.669485  0.619857  0.409349  -0.303923  -0.731407  0.610471  0.008454  0.008259  -0.006296  -5.527737  -2.076274  -1.638851  1.000000  
58.883402 0.003414  -0.010811  -0.000916  0.676507  0.288490  0.677578  -0.669579  0.624007  0.402839  -0.306598  -0.726215  0.615312  0.008344  0.007744  -0.005994  -5.594731  -2.075297  -1.599702  1.000000  
58.884652 0.003422  -0.010808  -0.000921  0.675036  0.292763  0.677212  -0.669775  0.628103  0.396090  -0.309399  -0.720955  0.620077  0.008190  0.007163  -0.005685  -5.674361  -2.090041  -1.569431  1.000000  
58.885899 0.003432  -0.010806  -0.000925  0.673697  0.297002  0.676699  -0.669825  0.632243  0.389363  -0.312197  -0.715583  0.624880  0.008084  0.006532  -0.005352  -5.725935  -2.095709  -1.551439  1.000000  
58.886900 0.003439  -0.010804  -0.000927  0.672473  0.300622  0.676319  -0.669985  0.635538  0.383680  -0.314484  -0.711138  0.628795  0.008033  0.006038  -0.005034  -5.766602  -2.108704  -1.524505  1.000000  
58.887909 0.003445  -0.010805  -0.000929  0.671353  0.303971  0.675934  -0.669972  0.638872  0.378127  -0.316896  -0.706714  0.632561  0.007844  0.005312  -0.004703  -5.817374  -2.123690  -1.521211  1.000000  
58.889151 0.003453  -0.010806  -0.000930  0.669862  0.308378  0.675416  -0.670138  0.642776  0.371152  -0.319686  -0.701243  0.637227  0.007702  0.004553  -0.004203  -5.863759  -2.142312  -1.498498  1.000000  
58.890151 0.003460  -0.010807  -0.000931  0.668657  0.311931  0.674979  -0.670311  0.645771  0.365599  -0.321841  -0.696906  0.640890  0.007609  0.003903  -0.003856  -5.903929  -2.155206  -1.483245  1.000000  
58.891401 0.003468  -0.010811  -0.000931  0.667157  0.316281  0.674439  -0.670462  0.649510  0.358633  -0.324626  -0.691450  0.645380  0.007336  0.002976  -0.003320  -5.960856  -2.165946  -1.457397  1.000000  
58.892401 0.003474  -0.010813  -0.000930  0.666114  0.319865  0.673780  -0.670516  0.652453  0.353147  -0.326650  -0.687016  0.649083  0.007161  0.002284  -0.002919  -5.994614  -2.157594  -1.426014  1.000000  
58.893401 0.003479  -0.010817  -0.000928  0.664898  0.323607  0.673193  -0.670672  0.655394  0.347357  -0.328799  -0.682449  0.652805  0.006926  0.001465  -0.002318  -6.027122  -2.162004  -1.399267  1.000000  
58.894436 0.003484  -0.010822  -0.000926  0.663711  0.327421  0.672520  -0.670854  0.658225  0.341606  -0.330820  -0.677890  0.656523  0.006692  0.000664  -0.001851  -6.056998  -2.169678  -1.367289  1.000000  
58.895651 0.003489  -0.010829  -0.000921  0.662258  0.332021  0.671697  -0.671041  0.661645  0.334559  -0.333344  -0.672300  0.660979  0.006405  -0.000233  -0.001187  -6.099951  -2.172060  -1.335843  1.000000  
58.896651 0.003491  -0.010835  -0.000916  0.661033  0.335706  0.671072  -0.671181  0.664398  0.328773  -0.335488  -0.667740  0.664508  0.006061  -0.001014  -0.000522  -6.137193  -2.185843  -1.312037  1.000000  
58.897657 0.003494  -0.010842  -0.000910  0.659837  0.339460  0.670360  -0.671347  0.667043  0.323028  -0.337504  -0.663190  0.668034  0.005690  -0.001900  0.000281  -6.162448  -2.191822  -1.285072  1.000000  
58.898905 0.003497  -0.010851  -0.000901  0.658404  0.344228  0.669336  -0.671547  0.670260  0.315875  -0.339896  -0.657464  0.672467  0.005282  -0.002776  0.001223  -6.190409  -2.190522  -1.248001  1.000000  
58.900156 0.003499  -0.010859  -0.000889  0.656968  0.349086  0.668231  -0.671740  0.673444  0.308608  -0.342286  -0.651622  0.676926  0.004810  -0.003587  0.002376  -6.222874  -2.187179  -1.211943  1.000000  
58.901405 0.003500  -0.010870  -0.000876  0.655528  0.353870  0.667128  -0.671926  0.676521  0.301390  -0.344673  -0.645830  0.681252  0.004288  -0.004409  0.003504  -6.264725  -2.187200  -1.174838  1.000000  
58.902651 0.003501  -0.010881  -0.000861  0.654084  0.358741  0.665942  -0.672105  0.679562  0.294059  -0.347058  -0.639922  0.685602  0.003821  -0.005077  0.004580  -6.295212  -2.191294  -1.138260  1.000000  
58.903653 0.003501  -0.010891  -0.000847  0.652938  0.362726  0.664908  -0.672310  0.681848  0.288240  -0.348814  -0.635227  0.689068  0.003328  -0.005803  0.005679  -6.317331  -2.186302  -1.100088  1.000000  
58.904901 0.003502  -0.010904  -0.000829  0.651553  0.367644  0.663564  -0.672544  0.684605  0.281070  -0.350945  -0.629408  0.693313  0.002889  -0.006466  0.006822  -6.336736  -2.185373  -1.055573  1.000000  
58.905901 0.003502  -0.010916  -0.000814  0.650574  0.371551  0.662347  -0.672641  0.686805  0.275413  -0.352574  -0.624698  0.696738  0.002449  -0.007157  0.007958  -6.352374  -2.177060  -1.031418  1.000000  
58.907151 0.003504  -0.010930  -0.000794  0.649184  0.376395  0.660975  -0.672865  0.689405  0.268278  -0.354701  -0.618908  0.700813  0.002043  -0.007911  0.009269  -6.366122  -2.173837  -0.995294  1.000000  
58.908401 0.003504  -0.010946  -0.000771  0.647930  0.381179  0.659462  -0.672950  0.692047  0.261169  -0.356827  -0.613004  0.704912  0.001683  -0.008607  0.010455  -6.378040  -2.156927  -0.951507  1.000000  
58.909651 0.003503  -0.010964  -0.000748  0.646600  0.386379  0.657738  -0.673232  0.694486  0.253866  -0.358701  -0.606960  0.709177  0.001193  -0.009452  0.011972  -6.400360  -2.145011  -0.910783  1.000000  
58.910901 0.003503  -0.010982  -0.000723  0.645374  0.391140  0.656126  -0.673341  0.696901  0.246860  -0.360699  -0.601114  0.713133  0.000915  -0.010064  0.013112  -6.398814  -2.129322  -0.872841  1.000000  
58.911908 0.003503  -0.010997  -0.000702  0.644280  0.395010  0.654882  -0.673586  0.698612  0.241294  -0.362196  -0.596580  0.716175  0.000685  -0.010826  0.014311  -6.391070  -2.109505  -0.832603  1.000000  
58.913153 0.003503  -0.011016  -0.000674  0.643083  0.399984  0.653037  -0.673722  0.700910  0.234146  -0.364066  -0.590540  0.720221  0.000541  -0.011421  0.015509  -6.402831  -2.095359  -0.800955  1.000000  
58.914157 0.003503  -0.011032  -0.000651  0.641985  0.403932  0.651686  -0.673959  0.702555  0.228465  -0.365560  -0.585881  0.723263  0.000358  -0.012108  0.016615  -6.408405  -2.084976  -0.762513  1.000000  
58.915406 0.003502  -0.011052  -0.000621  0.640713  0.408996  0.649776  -0.674290  0.704479  0.221456  -0.367179  -0.580027  0.727150  0.000168  -0.012764  0.017845  -6.414840  -2.064157  -0.722586  1.000000  
58.916410 0.003501  -0.011068  -0.000597  0.639819  0.412980  0.648135  -0.674460  0.706027  0.215938  -0.368423  -0.575302  0.730268  0.000002  -0.013359  0.018719  -6.409005  -2.033796  -0.687138  1.000000  
58.917655 0.003499  -0.011089  -0.000564  0.638717  0.417864  0.646089  -0.674688  0.707840  0.209188  -0.369915  -0.569520  0.734037  -0.000153  -0.013983  0.019868  -6.406140  -2.003114  -0.638927  1.000000  
58.918903 0.003497  -0.011111  -0.000530  0.637613  0.422819  0.643951  -0.674912  0.709615  0.202335  -0.371406  -0.563622  0.737826  -0.000355  -0.014559  0.021023  -6.404489  -1.969348  -0.598600  1.000000  
58.919909 0.003495  -0.011128  -0.000501  0.636611  0.426909  0.642243  -0.675242  0.710856  0.196804  -0.372524  -0.558957  0.740805  -0.000462  -0.014947  0.021995  -6.404888  -1.945436  -0.562997  1.000000  
58.921151 0.003492  -0.011150  -0.000464  0.635539  0.431746  0.640067  -0.675497  0.712418  0.190170  -0.373890  -0.553223  0.744413  -0.000796  -0.015519  0.023213  -6.401833  -1.917373  -0.523488  1.000000  
58.922151 0.003489  -0.011169  -0.000433  0.634674  0.435601  0.638311  -0.675692  0.713636  0.184837  -0.375006  -0.548613  0.747258  -0.000972  -0.015903  0.024034  -6.395490  -1.887330  -0.489412  1.000000  
58.923401 0.003485  -0.011192  -0.000394  0.633495  0.440698  0.635979  -0.676108  0.714969  0.178034  -0.376246  -0.542775  0.750889  -0.001263  -0.016362  0.025164  -6.386784  -1.855192  -0.447689  1.000000  
58.924401 0.003481  -0.011210  -0.000360  0.632663  0.444512  0.634151  -0.676335  0.716027  0.172844  -0.377238  -0.538251  0.753643  -0.001500  -0.016699  0.026284  -6.377031  -1.828297  -0.419103  1.000000  
58.925651 0.003477  -0.011234  -0.000318  0.631551  0.449612  0.631658  -0.676821  0.717128  0.166257  -0.378229  -0.532519  0.757210  -0.001766  -0.017029  0.027341  -6.363218  -1.787924  -0.370900  1.000000  
58.926690 0.003473  -0.011252  -0.000285  0.630786  0.453584  0.629579  -0.677118  0.718020  0.161114  -0.378972  -0.527928  0.760048  -0.002031  -0.017237  0.028250  -6.347554  -1.742421  -0.328563  1.000000  
58.927919 0.003468  -0.011276  -0.000242  0.629812  0.458362  0.627089  -0.677470  0.719074  0.154815  -0.379962  -0.522338  0.763408  -0.002401  -0.017567  0.029243  -6.329630  -1.700587  -0.287132  1.000000  
58.929165 0.003461  -0.011300  -0.000199  0.628698  0.463351  0.624536  -0.677949  0.719997  0.148292  -0.380952  -0.516634  0.766788  -0.002800  -0.017852  0.030171  -6.314220  -1.663630  -0.243762  1.000000  
