1-Time 2-Px 3-Py 4-Pz 5-R11 6-R21 7-R31 8-R12 9-R22 10-R32 11-R13 12-R23 13-R33 14-Vx 15-Vy 16-Vz 17-Wx 18-Wy 19-Wz 20-state
7.723114 -0.046883  0.057449  0.003084  0.971334  0.223201  -0.081807  0.020600  0.263806  0.964356  0.236827  -0.938396  0.251646  0.000000  0.000000  0.000000  0.000000  0.000000  0.000000  1.000000  
7.724359 -0.046882  0.057447  0.003084  0.971334  0.223211  -0.081780  0.020600  0.263689  0.964388  0.236827  -0.938427  0.251532  0.001326  -0.001708  -0.000328  0.000000  0.000000  0.000000  1.000000  
7.725361 -0.046870  0.057435  0.003084  0.971334  0.223221  -0.081753  0.020600  0.263572  0.964420  0.236827  -0.938457  0.251418  0.006466  -0.007158  -0.000262  0.000000  0.000000  0.000000  1.000000  
7.726612 -0.046848  0.057409  0.003082  0.971334  0.223241  -0.081699  0.020600  0.263338  0.964484  0.236827  -0.938518  0.251191  0.010772  -0.012446  -0.000637  0.000000  0.000000  0.000000  1.000000  
7.727865 -0.046822  0.057378  0.003079  0.971334  0.223271  -0.081618  0.020600  0.262987  0.964579  0.236827  -0.938610  0.250849  0.013664  -0.015669  -0.001247  0.000000  0.000000  0.000000  1.000000  
7.729114 -0.046788  0.057343  0.003071  0.971329  0.223266  -0.081681  0.020800  0.262448  0.964722  0.236827  -0.938762  0.250280  0.016562  -0.018384  -0.002247  0.000000  0.000000  0.000000  1.000000  
7.730355 -0.046744  0.057301  0.003060  0.971329  0.223325  -0.081518  0.020800  0.261746  0.964913  0.236827  -0.938943  0.249596  0.019960  -0.021234  -0.003484  0.000000  0.000000  0.000000  1.000000  
7.731358 -0.046702  0.057261  0.003050  0.971293  0.223437  -0.081642  0.020999  0.261327  0.965022  0.236957  -0.939034  0.249133  0.022614  -0.023488  -0.004260  0.000000  0.000000  0.000000  1.000000  
7.732604 -0.046647  0.057207  0.003041  0.971257  0.223568  -0.081711  0.021198  0.260673  0.965194  0.237087  -0.939184  0.248441  0.025582  -0.026235  -0.004702  0.000000  0.000000  0.000000  1.000000  
7.733605 -0.046600  0.057158  0.003034  0.971280  0.223375  -0.081967  0.021599  0.260294  0.965288  0.236957  -0.939335  0.247993  0.027635  -0.028385  -0.004922  0.000000  0.000000  0.000000  1.000000  
7.734606 -0.046552  0.057107  0.003026  0.971334  0.223066  -0.082163  0.022000  0.259795  0.965413  0.236697  -0.939547  0.247440  0.029479  -0.030379  -0.005205  0.000000  0.000000  0.000000  1.000000  
7.735862 -0.046491  0.057043  0.003014  0.971420  0.222632  -0.082326  0.022403  0.259292  0.965539  0.236307  -0.939789  0.246894  0.031349  -0.032502  -0.005612  0.000000  0.000000  0.000000  1.000000  
7.737104 -0.046432  0.056977  0.003001  0.971542  0.222126  -0.082258  0.022605  0.258741  0.965682  0.235787  -0.940060  0.246356  0.032858  -0.034312  -0.006017  0.379588  0.120790  -0.112634  1.000000  
7.738354 -0.046373  0.056907  0.002989  0.971605  0.221924  -0.082058  0.022607  0.258149  0.965841  0.235526  -0.940271  0.245802  0.034036  -0.036127  -0.006324  0.388408  0.106179  -0.120466  1.000000  
7.739356 -0.046326  0.056846  0.002982  0.971663  0.221659  -0.082083  0.022808  0.257720  0.965950  0.235266  -0.940451  0.245362  0.037092  -0.040067  -0.006819  0.391389  0.107372  -0.132273  1.000000  
7.740358 -0.046279  0.056783  0.002975  0.971685  0.221447  -0.082394  0.023209  0.257574  0.965980  0.235136  -0.940541  0.245141  0.039421  -0.043436  -0.007267  0.376870  0.121808  -0.138090  1.000000  
7.741623 -0.046223  0.056703  0.002967  0.971702  0.221203  -0.082851  0.023810  0.257239  0.966054  0.235006  -0.940690  0.244693  0.041996  -0.047401  -0.007781  0.369351  0.143311  -0.143972  1.000000  
7.742860 -0.046169  0.056621  0.002959  0.971702  0.221233  -0.082770  0.023810  0.256888  0.966148  0.235006  -0.940779  0.244351  0.043496  -0.050484  -0.007943  0.364590  0.134245  -0.134816  1.000000  
7.744188 -0.046116  0.056539  0.002950  0.971671  0.221409  -0.082669  0.023809  0.256305  0.966303  0.235136  -0.940896  0.243772  0.044763  -0.053735  -0.008047  0.370461  0.127359  -0.119967  1.000000  
7.745357 -0.046062  0.056455  0.002938  0.971613  0.221753  -0.082427  0.023608  0.255796  0.966442  0.235396  -0.940954  0.243300  0.045538  -0.056685  -0.008055  0.375024  0.114914  -0.099475  1.000000  
7.746362 -0.046020  0.056386  0.002929  0.971550  0.222045  -0.082385  0.023606  0.255333  0.966565  0.235656  -0.941011  0.242827  0.045537  -0.058620  -0.008101  0.379712  0.112871  -0.083845  1.000000  
7.747614 -0.045968  0.056297  0.002917  0.971423  0.222598  -0.082380  0.023603  0.254759  0.966716  0.236177  -0.941035  0.242225  0.045235  -0.060812  -0.008263  0.385091  0.112671  -0.058135  1.000000  
7.748621 -0.045926  0.056225  0.002908  0.971329  0.223026  -0.082342  0.023601  0.254182  0.966868  0.236567  -0.941090  0.241631  0.044793  -0.062353  -0.008425  0.393671  0.112208  -0.040403  1.000000  
7.749625 -0.045885  0.056151  0.002897  0.971207  0.223632  -0.082136  0.023398  0.253562  0.967036  0.237087  -0.941114  0.241029  0.044342  -0.063844  -0.008577  0.403565  0.105729  -0.017180  1.000000  
7.750864 -0.045835  0.056059  0.002880  0.971085  0.224267  -0.081849  0.023195  0.252590  0.967295  0.237606  -0.941224  0.240084  0.043685  -0.065772  -0.008922  0.422458  0.098866  0.004314  1.000000  
7.751869 -0.045796  0.055984  0.002865  0.971026  0.224630  -0.081550  0.022993  0.251845  0.967494  0.237866  -0.941337  0.239383  0.043034  -0.067306  -0.009244  0.434756  0.090951  0.015054  1.000000  
7.753110 -0.045750  0.055886  0.002846  0.970903  0.225265  -0.081260  0.022791  0.250872  0.967752  0.238386  -0.941445  0.238438  0.042212  -0.069192  -0.009705  0.450897  0.085184  0.033579  1.000000  
7.754144 -0.045714  0.055807  0.002831  0.970812  0.225753  -0.080993  0.022588  0.250130  0.967949  0.238776  -0.941526  0.237730  0.041613  -0.070379  -0.010173  0.472261  0.081945  0.048302  1.000000  
7.755362 -0.045667  0.055705  0.002812  0.970716  0.226190  -0.080923  0.022586  0.249434  0.968128  0.239166  -0.941605  0.237021  0.041111  -0.072772  -0.011074  0.493157  0.085405  0.061450  1.000000  
7.756612 -0.045620  0.055601  0.002794  0.970615  0.226585  -0.081026  0.022784  0.248667  0.968321  0.239555  -0.941713  0.236198  0.040228  -0.073557  -0.011541  0.511828  0.095249  0.072864  1.000000  
7.757858 -0.045573  0.055497  0.002777  0.970551  0.226906  -0.080896  0.022782  0.247851  0.968530  0.239815  -0.941851  0.235383  0.039789  -0.074961  -0.012163  0.523897  0.096674  0.080976  1.000000  
7.759112 -0.045524  0.055395  0.002762  0.970482  0.227166  -0.080993  0.022981  0.247199  0.968692  0.240075  -0.941960  0.234682  0.039645  -0.076609  -0.012579  0.527857  0.098832  0.089667  1.000000  
7.760357 -0.045473  0.055293  0.002749  0.970386  0.227603  -0.080922  0.022978  0.246503  0.968870  0.240465  -0.942037  0.233973  0.039260  -0.077461  -0.012631  0.528109  0.102928  0.103551  1.000000  
7.761357 -0.045429  0.055210  0.002741  0.970317  0.227843  -0.081073  0.023177  0.246086  0.968971  0.240724  -0.942088  0.233500  0.039347  -0.078385  -0.012530  0.528124  0.103998  0.107963  1.000000  
7.762360 -0.045384  0.055127  0.002736  0.970248  0.228084  -0.081224  0.023375  0.245668  0.969072  0.240984  -0.942138  0.233028  0.039599  -0.079208  -0.012247  0.523981  0.105040  0.112367  1.000000  
7.763361 -0.045337  0.055042  0.002735  0.970178  0.228335  -0.081348  0.023573  0.245134  0.969203  0.241244  -0.942217  0.232441  0.039979  -0.080237  -0.011743  0.529691  0.101802  0.127153  1.000000  
7.764362 -0.045289  0.054957  0.002735  0.970076  0.228702  -0.081530  0.023770  0.244720  0.969302  0.241633  -0.942235  0.231960  0.040427  -0.080874  -0.010986  0.527259  0.100771  0.150653  1.000000  
7.765363 -0.045241  0.054871  0.002735  0.969942  0.229195  -0.081742  0.023967  0.244309  0.969401  0.242153  -0.942222  0.231472  0.040929  -0.081842  -0.010176  0.528844  0.100821  0.178484  1.000000  
7.766613 -0.045182  0.054761  0.002734  0.969802  0.229659  -0.082098  0.024363  0.243710  0.969542  0.242672  -0.942264  0.230756  0.041662  -0.082944  -0.008867  0.529630  0.122568  0.210123  1.000000  
7.767613 -0.045134  0.054672  0.002734  0.969667  0.230153  -0.082309  0.024559  0.243300  0.969640  0.243191  -0.942250  0.230268  0.042334  -0.083642  -0.007841  0.525537  0.129065  0.236341  1.000000  
7.768863 -0.045074  0.054557  0.002734  0.969532  0.230677  -0.082436  0.024756  0.242537  0.969826  0.243710  -0.942319  0.229437  0.043435  -0.084897  -0.006595  0.535888  0.140904  0.258863  1.000000  
7.770110 -0.045014  0.054440  0.002732  0.969396  0.231191  -0.082591  0.024952  0.241891  0.969982  0.244229  -0.942358  0.228720  0.044291  -0.085789  -0.005387  0.548187  0.134582  0.288646  1.000000  
7.771362 -0.044955  0.054320  0.002729  0.969266  0.231765  -0.082516  0.024948  0.241081  0.970184  0.244748  -0.942425  0.227889  0.045113  -0.086819  -0.004391  0.569202  0.121241  0.317469  1.000000  
7.772613 -0.044897  0.054200  0.002725  0.969167  0.232224  -0.082382  0.024946  0.240149  0.970415  0.245137  -0.942550  0.226951  0.045812  -0.087894  -0.003534  0.584650  0.123263  0.327876  1.000000  
7.773863 -0.044838  0.054081  0.002718  0.969036  0.232798  -0.082306  0.024943  0.239338  0.970616  0.245656  -0.942615  0.226120  0.046490  -0.089097  -0.002959  0.599037  0.127605  0.344584  1.000000  
7.775105 -0.044779  0.053961  0.002710  0.968905  0.233382  -0.082201  0.024939  0.238409  0.970845  0.246175  -0.942706  0.225175  0.046986  -0.090210  -0.002741  0.611233  0.134639  0.348063  1.000000  
7.776108 -0.044732  0.053865  0.002704  0.968778  0.234005  -0.081923  0.024736  0.237549  0.971060  0.246694  -0.942768  0.224344  0.047246  -0.091079  -0.002545  0.626077  0.131135  0.361380  1.000000  
7.777361 -0.044674  0.053745  0.002698  0.968675  0.234783  -0.080900  0.023536  0.237508  0.971100  0.247212  -0.942585  0.224542  0.047349  -0.092238  -0.002544  0.607526  0.091950  0.371083  1.000000  
7.778364 -0.044628  0.053649  0.002693  0.968693  0.235370  -0.078959  0.021342  0.237921  0.971050  0.247342  -0.942335  0.225449  0.047281  -0.092962  -0.002804  0.573125  0.018167  0.380235  1.000000  
7.779609 -0.044571  0.053533  0.002693  0.968850  0.235621  -0.076241  0.018552  0.237941  0.971102  0.246953  -0.942267  0.226158  0.047099  -0.093553  -0.002760  0.545594  -0.073543  0.367688  1.000000  
7.780612 -0.044527  0.053446  0.002696  0.968978  0.235535  -0.074865  0.016958  0.238842  0.970910  0.246564  -0.942061  0.227438  0.046765  -0.093588  -0.002606  0.484093  -0.127240  0.351317  1.000000  
7.781613 -0.044486  0.053364  0.002700  0.969097  0.235335  -0.073946  0.015763  0.240075  0.970626  0.246175  -0.941797  0.228947  0.046403  -0.093170  -0.002317  0.415118  -0.165150  0.337755  1.000000  
7.782857 -0.044435  0.053264  0.002710  0.969062  0.235914  -0.072552  0.013767  0.241830  0.970221  0.246434  -0.941203  0.231101  0.045787  -0.092371  -0.001672  0.325537  -0.222678  0.345174  1.000000  
7.783868 -0.044396  0.053185  0.002721  0.968897  0.237154  -0.070688  0.011171  0.243443  0.969851  0.247212  -0.940475  0.233222  0.045112  -0.091370  -0.000885  0.238756  -0.300474  0.376797  1.000000  
7.785107 -0.044348  0.053086  0.002737  0.968597  0.239006  -0.068530  0.007976  0.245611  0.969336  0.248508  -0.939442  0.235992  0.044393  -0.090259  0.000300  0.139501  -0.396196  0.433551  1.000000  
7.786108 -0.044312  0.053006  0.002751  0.968415  0.240239  -0.066766  0.005383  0.247561  0.968857  0.249286  -0.938615  0.238449  0.043665  -0.089226  0.001394  0.057176  -0.480252  0.472361  1.000000  
7.787109 -0.044276  0.052928  0.002764  0.968292  0.241179  -0.065144  0.002990  0.249553  0.968356  0.249804  -0.937846  0.240919  0.042888  -0.087889  0.002609  -0.035880  -0.553008  0.499182  1.000000  
7.788110 -0.044239  0.052850  0.002773  0.968229  0.242033  -0.062864  0.000000  0.251391  0.967886  0.250063  -0.937135  0.243404  0.042212  -0.086676  0.003562  -0.124745  -0.654721  0.528796  1.000000  
7.789110 -0.044204  0.052771  0.002779  0.968156  0.243025  -0.060108  -0.003588  0.253543  0.967317  0.250322  -0.936298  0.246341  0.041413  -0.085543  0.004357  -0.218617  -0.777250  0.561051  1.000000  
7.790113 -0.044169  0.052689  0.002782  0.968064  0.244171  -0.056851  -0.007773  0.255890  0.966675  0.250582  -0.935361  0.249616  0.040584  -0.084596  0.005001  -0.321292  -0.912788  0.597305  1.000000  
7.791113 -0.044132  0.052606  0.002781  0.967957  0.245279  -0.053830  -0.011758  0.258397  0.965967  0.250841  -0.934382  0.253001  0.039853  -0.083709  0.005322  -0.416456  -1.038427  0.633279  1.000000  
7.792359 -0.044084  0.052503  0.002770  0.967823  0.246501  -0.050550  -0.016340  0.262030  0.964921  0.251100  -0.933047  0.257627  0.039281  -0.082833  0.004824  -0.570215  -1.202438  0.677098  1.000000  
7.793360 -0.044043  0.052422  0.002758  0.967727  0.247339  -0.048257  -0.019726  0.265258  0.963976  0.251229  -0.931913  0.261576  0.038979  -0.081833  0.004302  -0.702180  -1.320097  0.701299  1.000000  
7.794607 -0.043988  0.052323  0.002739  0.967555  0.248577  -0.045241  -0.024306  0.269804  0.962609  0.251488  -0.930277  0.267092  0.038891  -0.080676  0.003039  -0.869736  -1.462988  0.736043  1.000000  
7.795859 -0.043929  0.052224  0.002715  0.967390  0.249765  -0.042126  -0.029086  0.274753  0.961075  0.251618  -0.928509  0.273057  0.039201  -0.080095  0.001228  -1.072314  -1.645895  0.774304  1.000000  
7.796864 -0.043879  0.052146  0.002695  0.967309  0.250453  -0.039835  -0.032672  0.278839  0.959782  0.251488  -0.927104  0.277906  0.039723  -0.079907  -0.000596  -1.234840  -1.772564  0.789669  1.000000  
7.798104 -0.043815  0.052047  0.002666  0.967244  0.251150  -0.036916  -0.037255  0.284295  0.958013  0.251100  -0.925257  0.284339  0.040713  -0.079891  -0.003104  -1.434583  -1.917968  0.801114  1.000000  
7.799104 -0.043761  0.051968  0.002643  0.967284  0.251262  -0.035064  -0.040448  0.289181  0.956419  0.250452  -0.923711  0.289884  0.041731  -0.079862  -0.005390  -1.624161  -2.034316  0.802151  1.000000  
7.800354 -0.043692  0.051871  0.002616  0.967276  0.251598  -0.032794  -0.044438  0.295242  0.954388  0.249804  -0.921700  0.296762  0.043163  -0.079709  -0.008285  -1.863632  -2.177300  0.808162  1.000000  
7.801354 -0.043638  0.051794  0.002596  0.967258  0.251885  -0.031081  -0.047631  0.300451  0.952607  0.249286  -0.919937  0.302611  0.044341  -0.079529  -0.010585  -2.067164  -2.286204  0.813601  1.000000  
7.802604 -0.043573  0.051696  0.002571  0.967208  0.252278  -0.029410  -0.051222  0.307159  0.950279  0.248768  -0.917611  0.310008  0.045614  -0.079617  -0.013246  -2.335798  -2.407137  0.824883  1.000000  
7.803856 -0.043510  0.051594  0.002543  0.967133  0.252696  -0.028240  -0.054413  0.314175  0.947804  0.248379  -0.915117  0.317599  0.046811  -0.079873  -0.015697  -2.611351  -2.514892  0.833684  1.000000  
7.804857 -0.043460  0.051509  0.002521  0.967107  0.252855  -0.027715  -0.056609  0.320169  0.945668  0.247990  -0.912993  0.323952  0.047867  -0.080038  -0.017450  -2.847254  -2.590199  0.836617  1.000000  
7.805871 -0.043410  0.051424  0.002499  0.967031  0.253220  -0.027044  -0.059002  0.326090  0.943496  0.247731  -0.910794  0.330279  0.048953  -0.080116  -0.019150  -3.118757  -2.687556  0.841724  1.000000  
7.807109 -0.043347  0.051313  0.002470  0.967001  0.253370  -0.026679  -0.061598  0.334126  0.940513  0.247212  -0.907834  0.338707  0.049991  -0.080641  -0.020343  -3.409819  -2.740467  0.834171  1.000000  
7.808355 -0.043284  0.051201  0.002436  0.966965  0.253544  -0.026350  -0.064195  0.342249  0.937414  0.246694  -0.904755  0.347219  0.050652  -0.081421  -0.021474  -3.658069  -2.733478  0.824115  1.000000  
7.809358 -0.043231  0.051111  0.002404  0.966949  0.253637  -0.026042  -0.066393  0.349088  0.934735  0.246175  -0.902112  0.354390  0.051204  -0.082111  -0.022601  -3.905276  -2.732807  0.827078  1.000000  
7.810359 -0.043177  0.051022  0.002367  0.966913  0.253821  -0.025577  -0.068791  0.355966  0.931963  0.245656  -0.899368  0.361649  0.051781  -0.082797  -0.023949  -4.153958  -2.758719  0.849451  1.000000  
7.811608 -0.043105  0.050913  0.002315  0.966940  0.253769  -0.025078  -0.071595  0.364548  0.928428  0.244748  -0.895939  0.370664  0.052538  -0.083613  -0.025781  -4.386510  -2.787693  0.857902  1.000000  
7.812853 -0.043028  0.050803  0.002255  0.966975  0.253699  -0.024432  -0.074600  0.373390  0.924670  0.243710  -0.892310  0.379984  0.053329  -0.084228  -0.027793  -4.645746  -2.828342  0.843812  1.000000  
7.813857 -0.042965  0.050715  0.002202  0.966998  0.253639  -0.024127  -0.076806  0.380485  0.921592  0.242932  -0.889325  0.387409  0.053896  -0.084885  -0.029837  -4.848267  -2.829285  0.803993  1.000000  
7.815107 -0.042886  0.050604  0.002132  0.966966  0.253831  -0.023378  -0.080009  0.389310  0.917626  0.242023  -0.885442  0.396758  0.054597  -0.085892  -0.032823  -5.092789  -2.847971  0.751154  1.000000  
7.816110 -0.042824  0.050513  0.002073  0.966860  0.254304  -0.022589  -0.082807  0.396062  0.914482  0.241504  -0.882306  0.403995  0.055149  -0.086823  -0.035440  -5.301876  -2.871648  0.722748  1.000000  
7.817359 -0.042749  0.050395  0.001997  0.966661  0.255122  -0.021890  -0.086199  0.404719  0.910369  0.241114  -0.878132  0.413217  0.055865  -0.088187  -0.038884  -5.535814  -2.883554  0.715224  1.000000  
7.818605 -0.042678  0.050272  0.001919  0.966404  0.256131  -0.021447  -0.089385  0.413143  0.906269  0.240984  -0.873905  0.422157  0.056470  -0.089589  -0.042291  -5.733170  -2.861899  0.711445  1.000000  
7.819607 -0.042623  0.050171  0.001858  0.966142  0.257152  -0.021019  -0.092170  0.420083  0.902793  0.240984  -0.870289  0.429562  0.056730  -0.090737  -0.044946  -5.918264  -2.815535  0.707696  1.000000  
7.820857 -0.042559  0.050040  0.001782  0.965762  0.258628  -0.020366  -0.095747  0.428293  0.898553  0.241114  -0.865838  0.438392  0.056757  -0.092328  -0.047806  -6.118434  -2.767913  0.707349  1.000000  
7.822116 -0.042497  0.049906  0.001709  0.965360  0.260199  -0.019413  -0.099722  0.436684  0.894071  0.241114  -0.861164  0.447505  0.056745  -0.093852  -0.051127  -6.336607  -2.739639  0.703925  1.000000  
7.823361 -0.042435  0.049771  0.001638  0.964909  0.261977  -0.017854  -0.104296  0.444763  0.889555  0.240984  -0.856478  0.456479  0.056702  -0.095538  -0.053640  -6.480860  -2.752814  0.724792  1.000000  
7.824363 -0.042384  0.049664  0.001583  0.964493  0.263580  -0.016677  -0.108069  0.451487  0.885709  0.240984  -0.852458  0.463941  0.056505  -0.096548  -0.055015  -6.633778  -2.748369  0.732510  1.000000  
7.825605 -0.042319  0.049532  0.001517  0.963971  0.265564  -0.015350  -0.112635  0.459770  0.880866  0.240984  -0.847400  0.473117  0.056240  -0.097899  -0.055966  -6.784321  -2.738615  0.749697  1.000000  
7.826608 -0.042265  0.049429  0.001466  0.963467  0.267451  -0.014187  -0.116599  0.466548  0.876777  0.241114  -0.843092  0.480688  0.055843  -0.099317  -0.056880  -6.907625  -2.742368  0.782777  1.000000  
7.827610 -0.042207  0.049328  0.001417  0.962915  0.269488  -0.013092  -0.120557  0.473160  0.872689  0.241374  -0.838746  0.488102  0.055616  -0.099982  -0.056729  -7.015394  -2.740820  0.823977  1.000000  
7.828623 -0.042148  0.049229  0.001369  0.962314  0.271667  -0.012197  -0.124508  0.480029  0.868372  0.241763  -0.834128  0.495763  0.055371  -0.100651  -0.056430  -7.122045  -2.737517  0.885429  1.000000  
7.829866 -0.042070  0.049107  0.001310  0.961596  0.274254  -0.010821  -0.129451  0.487942  0.863224  0.242023  -0.828672  0.504705  0.055289  -0.101406  -0.055664  -7.225273  -2.747521  0.953356  1.000000  
7.830881 -0.042007  0.049009  0.001264  0.960940  0.276595  -0.009417  -0.133998  0.494768  0.858632  0.242153  -0.823833  0.512506  0.055309  -0.101821  -0.054779  -7.320052  -2.771953  1.014699  1.000000  
7.832109 -0.041928  0.048882  0.001207  0.960120  0.279482  -0.007689  -0.139530  0.502804  0.853065  0.242283  -0.817972  0.521749  0.055641  -0.102542  -0.053552  -7.422894  -2.815342  1.091406  1.000000  
7.833359 -0.041850  0.048750  0.001151  0.959272  0.282431  -0.005469  -0.145462  0.510471  0.847502  0.242153  -0.812190  0.530763  0.056119  -0.103160  -0.052040  -7.495187  -2.877531  1.169238  1.000000  
7.834363 -0.041786  0.048641  0.001108  0.958511  0.285034  -0.003562  -0.150398  0.516290  0.843104  0.242153  -0.807589  0.537738  0.056691  -0.103724  -0.050816  -7.529412  -2.942325  1.238591  1.000000  
7.835607 -0.041707  0.048497  0.001054  0.957532  0.288325  -0.001538  -0.156309  0.523574  0.837519  0.242283  -0.801710  0.546407  0.057735  -0.104664  -0.049386  -7.569333  -3.013886  1.328646  1.000000  
7.836856 -0.041628  0.048347  0.001001  0.956452  0.291890  0.000515  -0.162204  0.530034  0.832318  0.242672  -0.796156  0.554298  0.058931  -0.105759  -0.048052  -7.565405  -3.087869  1.432981  1.000000  
7.838105 -0.041547  0.048194  0.000948  0.955202  0.295941  0.002654  -0.168473  0.536361  0.827003  0.243321  -0.790403  0.562191  0.060024  -0.106933  -0.046883  -7.564654  -3.171662  1.568451  1.000000  
7.839106 -0.041480  0.048070  0.000907  0.954266  0.298933  0.003989  -0.172971  0.541182  0.822924  0.243840  -0.785978  0.568138  0.061349  -0.108110  -0.045856  -7.538402  -3.204040  1.644827  1.000000  
7.840361 -0.041391  0.047913  0.000855  0.952987  0.302956  0.005831  -0.178825  0.546773  0.817962  0.244618  -0.780549  0.575243  0.062885  -0.109703  -0.044920  -7.480155  -3.259929  1.786306  1.000000  
7.841608 -0.041296  0.047755  0.000805  0.951811  0.306594  0.007455  -0.184290  0.552357  0.812982  0.245137  -0.775179  0.582241  0.064546  -0.111567  -0.044106  -7.430617  -3.294514  1.894044  1.000000  
7.842856 -0.041196  0.047598  0.000757  0.950637  0.310174  0.009053  -0.189755  0.557990  0.807862  0.245526  -0.769701  0.589303  0.066539  -0.113938  -0.043094  -7.371231  -3.332179  2.026275  1.000000  
7.843857 -0.041113  0.047472  0.000722  0.949623  0.313215  0.010611  -0.194436  0.562274  0.803768  0.245786  -0.765339  0.594849  0.067940  -0.115518  -0.042372  -7.319964  -3.366953  2.113129  1.000000  
7.845106 -0.041007  0.047315  0.000680  0.948413  0.316794  0.012411  -0.200095  0.567758  0.798507  0.245916  -0.759798  0.601858  0.069908  -0.117979  -0.041287  -7.258990  -3.401844  2.221746  1.000000  
7.846354 -0.040899  0.047157  0.000642  0.947296  0.320066  0.013696  -0.205162  0.573273  0.793263  0.246045  -0.754265  0.608725  0.071767  -0.120116  -0.039963  -7.208968  -3.417571  2.309105  1.000000  
7.847354 -0.040814  0.047030  0.000613  0.946444  0.322540  0.014576  -0.209061  0.577803  0.788947  0.246045  -0.749741  0.614289  0.073274  -0.121768  -0.038853  -7.167404  -3.428576  2.365044  1.000000  
7.848356 -0.040728  0.046902  0.000587  0.945630  0.324899  0.014976  -0.212559  0.582499  0.784547  0.246175  -0.745075  0.619889  0.074764  -0.123213  -0.037639  -7.133118  -3.441691  2.429663  1.000000  
7.849604 -0.040625  0.046740  0.000557  0.944638  0.327755  0.015344  -0.216631  0.587873  0.779408  0.246434  -0.739582  0.626329  0.076429  -0.124872  -0.036013  -7.070192  -3.426596  2.472022  1.000000  
7.850605 -0.040544  0.046608  0.000535  0.943933  0.329779  0.015390  -0.219539  0.592210  0.775300  0.246564  -0.735209  0.631406  0.077576  -0.125924  -0.034576  -7.023906  -3.416699  2.510704  1.000000  
7.851855 -0.040446  0.046441  0.000511  0.943113  0.332113  0.015483  -0.223036  0.597452  0.770264  0.246564  -0.729899  0.637537  0.078840  -0.127102  -0.032632  -6.956251  -3.382631  2.536052  1.000000  
7.853104 -0.040351  0.046271  0.000489  0.942201  0.334687  0.015572  -0.226715  0.602643  0.765128  0.246694  -0.724435  0.643690  0.079759  -0.128235  -0.030610  -6.904404  -3.327257  2.549526  1.000000  
7.854107 -0.040277  0.046133  0.000473  0.941496  0.336652  0.015812  -0.229624  0.606421  0.761267  0.246694  -0.720360  0.648246  0.080393  -0.129244  -0.028687  -6.822411  -3.289267  2.568880  1.000000  
7.855359 -0.040185  0.045958  0.000455  0.940687  0.338900  0.015969  -0.232917  0.610854  0.756708  0.246694  -0.715544  0.653559  0.080437  -0.130356  -0.026669  -6.716092  -3.231619  2.573979  1.000000  
7.856362 -0.040111  0.045817  0.000442  0.940060  0.340631  0.016052  -0.235434  0.614249  0.753173  0.246694  -0.711807  0.657627  0.080319  -0.131376  -0.024626  -6.618232  -3.177280  2.566164  1.000000  
7.857607 -0.040021  0.045640  0.000425  0.939329  0.342645  0.016010  -0.238336  0.618387  0.748862  0.246694  -0.707243  0.662533  0.079712  -0.132647  -0.022779  -6.508051  -3.109801  2.542961  1.000000  
7.858610 -0.039949  0.045498  0.000412  0.938655  0.344477  0.016173  -0.240841  0.621251  0.745683  0.246823  -0.703835  0.666105  0.078932  -0.133822  -0.021017  -6.383667  -3.060260  2.530409  1.000000  
7.859856 -0.039859  0.045318  0.000393  0.937957  0.346379  0.016054  -0.243545  0.625126  0.741555  0.246823  -0.699456  0.670700  0.077811  -0.135382  -0.019475  -6.259729  -2.984864  2.504534  1.000000  
7.860880 -0.039788  0.045172  0.000376  0.937403  0.347878  0.016003  -0.245669  0.628020  0.738402  0.246823  -0.696112  0.674171  0.076680  -0.136458  -0.018466  -6.128661  -2.905330  2.472359  1.000000  
7.862134 -0.039701  0.044987  0.000354  0.936621  0.349956  0.016485  -0.248764  0.631182  0.734660  0.246694  -0.692199  0.678235  0.075276  -0.138207  -0.017538  -5.944413  -2.810415  2.439804  1.000000  
7.863354 -0.039617  0.044799  0.000332  0.936067  0.351437  0.016430  -0.251094  0.634630  0.730887  0.246434  -0.688285  0.682300  0.074119  -0.140212  -0.017011  -5.825780  -2.716007  2.385356  1.000000  
7.864360 -0.039552  0.044648  0.000315  0.935560  0.352776  0.016635  -0.253230  0.637243  0.727871  0.246175  -0.685180  0.685512  0.072708  -0.141756  -0.016407  -5.716318  -2.633452  2.337023  1.000000  
7.865606 -0.039473  0.044458  0.000293  0.934837  0.354666  0.017081  -0.256136  0.640249  0.724207  0.245916  -0.681390  0.689371  0.071265  -0.143494  -0.016052  -5.568063  -2.545788  2.284043  1.000000  
7.866855 -0.039398  0.044269  0.000276  0.934105  0.356567  0.017549  -0.259039  0.643143  0.720602  0.245656  -0.677663  0.693127  0.069870  -0.144803  -0.015652  -5.443850  -2.466096  2.221862  1.000000  
7.867857 -0.039340  0.044119  0.000266  0.933525  0.358060  0.017988  -0.261363  0.645362  0.717773  0.245397  -0.674760  0.696045  0.068542  -0.145880  -0.015156  -5.326952  -2.388740  2.146346  1.000000  
7.869106 -0.039269  0.043932  0.000258  0.932800  0.359932  0.018269  -0.264062  0.648086  0.714322  0.245267  -0.671143  0.699579  0.067162  -0.146729  -0.014360  -5.216803  -2.324517  2.087476  1.000000  
7.870385 -0.039201  0.043746  0.000255  0.931956  0.362077  0.018912  -0.267142  0.650466  0.711006  0.245137  -0.667679  0.702932  0.065345  -0.147304  -0.013278  -5.088166  -2.253284  2.010128  1.000000  
7.871606 -0.039132  0.043563  0.000258  0.931183  0.364045  0.019239  -0.269827  0.652775  0.707868  0.245137  -0.664346  0.706082  0.064116  -0.147946  -0.012028  -4.976050  -2.188443  1.958579  1.000000  
7.872614 -0.039076  0.043417  0.000263  0.930513  0.365735  0.019568  -0.272127  0.654617  0.705283  0.245137  -0.661600  0.708656  0.062791  -0.148726  -0.010725  -4.863571  -2.122301  1.906355  1.000000  
7.873860 -0.039007  0.043237  0.000273  0.929637  0.367936  0.019959  -0.274989  0.656703  0.702227  0.245267  -0.658305  0.711673  0.061601  -0.148344  -0.009008  -4.738125  -2.037982  1.849280  1.000000  
7.875107 -0.038936  0.043056  0.000285  0.928752  0.370141  0.020375  -0.277849  0.658683  0.699240  0.245397  -0.655082  0.714597  0.060135  -0.148405  -0.006753  -4.601865  -1.961581  1.803842  1.000000  
7.876112 -0.038878  0.042910  0.000296  0.928031  0.371927  0.020703  -0.280134  0.660197  0.696897  0.245526  -0.652542  0.716872  0.059529  -0.148389  -0.005041  -4.489791  -1.907361  1.772521  1.000000  
7.877238 -0.038818  0.042764  0.000309  0.927332  0.373663  0.020784  -0.282215  0.661749  0.694581  0.245786  -0.649972  0.719114  0.057987  -0.146878  -0.002524  -4.355912  -1.839742  1.740208  1.000000  
7.878358 -0.038741  0.042580  0.000325  0.926393  0.375969  0.021057  -0.285058  0.663652  0.691598  0.246045  -0.646694  0.721975  0.058252  -0.147839  -0.000190  -4.227181  -1.801684  1.727526  1.000000  
7.879607 -0.038661  0.042396  0.000341  0.925386  0.378414  0.021544  -0.288089  0.665288  0.688765  0.246305  -0.643580  0.724665  0.058224  -0.147483  0.002403  -4.080818  -1.763203  1.719037  1.000000  
7.880856 -0.038578  0.042213  0.000357  0.924369  0.380859  0.022104  -0.291115  0.666738  0.686085  0.246564  -0.640630  0.727186  0.058604  -0.147062  0.004847  -3.933254  -1.739684  1.723720  1.000000  
7.882102 -0.038492  0.042030  0.000374  0.923403  0.383172  0.022503  -0.293948  0.668248  0.683403  0.246823  -0.637671  0.729694  0.059379  -0.146787  0.006670  -3.793352  -1.706889  1.718651  1.000000  
7.883103 -0.038421  0.041884  0.000387  0.922611  0.385061  0.022745  -0.296209  0.669481  0.681216  0.247083  -0.635234  0.731729  0.060327  -0.146491  0.008239  -3.699101  -1.683769  1.722318  1.000000  
7.884103 -0.038348  0.041739  0.000401  0.921845  0.386869  0.023114  -0.298477  0.670647  0.679076  0.247212  -0.632902  0.733704  0.061430  -0.146246  0.009541  -3.599332  -1.658543  1.719219  1.000000  
7.885103 -0.038273  0.041595  0.000415  0.921166  0.388466  0.023380  -0.300564  0.671989  0.676825  0.247212  -0.630496  0.735773  0.062713  -0.145908  0.010658  -3.515039  -1.636440  1.712247  1.000000  
7.886353 -0.038178  0.041417  0.000434  0.920234  0.390629  0.024049  -0.303407  0.673245  0.674304  0.247212  -0.627814  0.738062  0.064480  -0.145532  0.011806  -3.400547  -1.623000  1.716713  1.000000  
7.887604 -0.038083  0.041240  0.000454  0.919419  0.392518  0.024473  -0.305869  0.674564  0.671869  0.247212  -0.625214  0.740266  0.066248  -0.145287  0.012723  -3.290111  -1.604499  1.715121  1.000000  
7.888637 -0.038006  0.041099  0.000472  0.918755  0.394034  0.025037  -0.307960  0.675490  0.669980  0.247083  -0.623258  0.741957  0.067705  -0.144661  0.013465  -3.196698  -1.591971  1.704478  1.000000  
7.889869 -0.037911  0.040923  0.000496  0.917927  0.395926  0.025533  -0.310418  0.676624  0.667698  0.247083  -0.620824  0.743994  0.069444  -0.144465  0.014347  -3.093658  -1.579642  1.707852  1.000000  
7.891106 -0.037815  0.040748  0.000524  0.917126  0.397768  0.025689  -0.312674  0.677961  0.665284  0.247212  -0.618182  0.746148  0.070865  -0.144209  0.015213  -3.020209  -1.561844  1.709619  1.000000  
7.892357 -0.037719  0.040572  0.000555  0.916286  0.399675  0.026064  -0.315128  0.679230  0.662828  0.247212  -0.615554  0.748318  0.072501  -0.143626  0.016276  -2.939378  -1.539564  1.709979  1.000000  
7.893603 -0.037622  0.040397  0.000589  0.915474  0.401524  0.026195  -0.317379  0.680541  0.660405  0.247342  -0.612897  0.750453  0.073559  -0.143103  0.017409  -2.875158  -1.518824  1.720718  1.000000  
7.894853 -0.037525  0.040223  0.000624  0.914555  0.403580  0.026678  -0.320017  0.681699  0.657933  0.247342  -0.610253  0.752604  0.074659  -0.142434  0.018666  -2.803092  -1.501102  1.736843  1.000000  
7.895859 -0.037446  0.040086  0.000653  0.913992  0.404842  0.026863  -0.321722  0.682810  0.655946  0.247212  -0.608172  0.754329  0.075586  -0.141698  0.019848  -2.743094  -1.475990  1.730411  1.000000  
7.897102 -0.037346  0.039916  0.000689  0.913194  0.406629  0.027004  -0.323979  0.684190  0.653393  0.247212  -0.605423  0.756537  0.076535  -0.140818  0.021146  -2.696669  -1.450377  1.728036  1.000000  
7.898103 -0.037264  0.039782  0.000717  0.912660  0.407835  0.026893  -0.325482  0.685418  0.651355  0.247212  -0.603218  0.758297  0.077160  -0.140029  0.022145  -2.659123  -1.423278  1.716156  1.000000  
7.899355 -0.037163  0.039615  0.000751  0.911853  0.409628  0.027012  -0.327736  0.686774  0.648791  0.247212  -0.600455  0.760487  0.077806  -0.139270  0.023086  -2.614329  -1.400355  1.718224  1.000000  
7.900603 -0.037062  0.039448  0.000781  0.911176  0.411141  0.026851  -0.329612  0.688286  0.646234  0.247212  -0.597684  0.762667  0.078267  -0.138260  0.024038  -2.580064  -1.366871  1.694012  1.000000  
7.901606 -0.036983  0.039315  0.000804  0.910632  0.412347  0.026815  -0.331113  0.689330  0.644352  0.247212  -0.595646  0.764259  0.078611  -0.137862  0.024607  -2.542589  -1.345768  1.682654  1.000000  
7.902612 -0.036904  0.039182  0.000825  0.910185  0.413338  0.026737  -0.332436  0.690479  0.642437  0.247083  -0.593625  0.765872  0.078590  -0.137030  0.024845  -2.517170  -1.324854  1.659564  1.000000  
7.903861 -0.036808  0.039014  0.000850  0.909567  0.414703  0.026620  -0.334122  0.691734  0.640208  0.247083  -0.591207  0.767740  0.078599  -0.136660  0.024925  -2.471556  -1.292870  1.629908  1.000000  
7.905107 -0.036716  0.038845  0.000874  0.908978  0.415999  0.026540  -0.335818  0.693085  0.637856  0.246953  -0.588709  0.769699  0.078420  -0.136125  0.024820  -2.441098  -1.267608  1.598299  1.000000  
7.906109 -0.036645  0.038708  0.000891  0.908562  0.416923  0.026266  -0.336941  0.694193  0.636056  0.246953  -0.586747  0.771196  0.078026  -0.135835  0.024490  -2.426129  -1.243855  1.570237  1.000000  
7.907111 -0.036574  0.038571  0.000909  0.908107  0.417911  0.026316  -0.338261  0.695083  0.634381  0.246823  -0.584988  0.772572  0.077577  -0.135618  0.023999  -2.402383  -1.237751  1.551260  1.000000  
7.908233 -0.036505  0.038434  0.000925  0.907719  0.418761  0.026181  -0.339394  0.696130  0.632625  0.246694  -0.583132  0.774015  0.076361  -0.134275  0.023087  -2.348320  -1.204415  1.500350  1.000000  
7.909358 -0.036420  0.038262  0.000945  0.907229  0.419844  0.025819  -0.340702  0.697441  0.630475  0.246694  -0.580782  0.775780  0.076244  -0.135277  0.022248  -2.332520  -1.172716  1.458499  1.000000  
7.910605 -0.036333  0.038091  0.000965  0.906768  0.420852  0.025600  -0.342021  0.698695  0.628369  0.246564  -0.578541  0.777494  0.075492  -0.135300  0.021172  -2.311169  -1.143776  1.410579  1.000000  
7.911606 -0.036264  0.037954  0.000981  0.906415  0.421630  0.025275  -0.342954  0.699707  0.626731  0.246564  -0.576747  0.778825  0.074711  -0.135281  0.020302  -2.290036  -1.113596  1.367912  1.000000  
7.912607 -0.036194  0.037819  0.000998  0.906062  0.422415  0.024844  -0.343887  0.700867  0.624922  0.246564  -0.574762  0.780292  0.073971  -0.135327  0.019499  -2.281423  -1.083787  1.331545  1.000000  
7.913665 -0.036123  0.037684  0.001015  0.905707  0.423200  0.024410  -0.344819  0.702021  0.623110  0.246564  -0.572772  0.781753  0.072960  -0.134917  0.018797  -2.264608  -1.052198  1.292728  1.000000  
7.914853 -0.036033  0.037517  0.001038  0.905179  0.424363  0.023820  -0.346112  0.703420  0.620811  0.246694  -0.570189  0.783598  0.072647  -0.135481  0.018324  -2.256517  -1.020467  1.262298  1.000000  
7.915858 -0.035962  0.037384  0.001056  0.904893  0.425003  0.023249  -0.346857  0.704650  0.618998  0.246694  -0.568191  0.785048  0.071858  -0.135357  0.017886  -2.257545  -0.983671  1.222649  1.000000  
7.917104 -0.035873  0.037219  0.001081  0.904495  0.425879  0.022717  -0.347987  0.706175  0.616622  0.246564  -0.565637  0.786932  0.071373  -0.135303  0.017736  -2.259447  -0.950138  1.181173  1.000000  
7.918107 -0.035801  0.037087  0.001100  0.904208  0.426520  0.022087  -0.348731  0.707467  0.614717  0.246564  -0.563535  0.788438  0.070953  -0.135187  0.017687  -2.269583  -0.918681  1.154571  1.000000  
7.919457 -0.035713  0.036920  0.001126  0.903777  0.427466  0.021446  -0.349848  0.708949  0.612371  0.246564  -0.560950  0.790280  0.069969  -0.134182  0.017642  -2.276078  -0.879366  1.111568  1.000000  
7.920606 -0.035626  0.036753  0.001151  0.903519  0.428050  0.020647  -0.350604  0.710625  0.609991  0.246434  -0.558377  0.792139  0.070326  -0.135026  0.017880  -2.293246  -0.853089  1.070119  1.000000  
7.921607 -0.035556  0.036618  0.001170  0.903261  0.428621  0.020104  -0.351360  0.711924  0.608038  0.246305  -0.556280  0.793654  0.070253  -0.134872  0.017965  -2.299635  -0.829425  1.037764  1.000000  
7.922607 -0.035488  0.036483  0.001188  0.903044  0.429111  0.019387  -0.351918  0.713206  0.606210  0.246305  -0.554257  0.795068  0.070149  -0.134698  0.018027  -2.304582  -0.804479  1.010308  1.000000  
7.923609 -0.035418  0.036347  0.001205  0.902857  0.429532  0.018766  -0.352487  0.714510  0.604341  0.246175  -0.552249  0.796504  0.070165  -0.134568  0.018080  -2.302400  -0.774259  0.961450  1.000000  
7.924632 -0.035349  0.036211  0.001221  0.902670  0.429947  0.018248  -0.353057  0.715662  0.602643  0.246045  -0.550430  0.797802  0.070128  -0.134158  0.018114  -2.298128  -0.742712  0.917107  1.000000  
7.925854 -0.035261  0.036042  0.001244  0.902482  0.430373  0.017467  -0.353626  0.717174  0.600508  0.245916  -0.548124  0.799428  0.071051  -0.135599  0.018505  -2.296065  -0.710998  0.880659  1.000000  
7.926860 -0.035189  0.035908  0.001261  0.902325  0.430718  0.017097  -0.354208  0.718271  0.598852  0.245656  -0.546414  0.800677  0.070491  -0.134139  0.018358  -2.281041  -0.685455  0.835940  1.000000  
7.927861 -0.035116  0.035775  0.001279  0.902167  0.431065  0.016672  -0.354789  0.719437  0.597106  0.245397  -0.544605  0.801989  0.070657  -0.133911  0.018452  -2.269317  -0.670660  0.805405  1.000000  
7.929105 -0.035023  0.035609  0.001303  0.902009  0.431424  0.015933  -0.355370  0.721031  0.594833  0.245137  -0.542207  0.803691  0.070970  -0.133911  0.018630  -2.265007  -0.639811  0.753814  1.000000  
7.930356 -0.034929  0.035444  0.001329  0.901777  0.431929  0.015365  -0.356137  0.722457  0.592640  0.244878  -0.539901  0.805321  0.071242  -0.133809  0.018826  -2.250733  -0.620954  0.718013  1.000000  
7.931606 -0.034835  0.035279  0.001357  0.901544  0.432438  0.014690  -0.356904  0.724019  0.590268  0.244618  -0.537395  0.807074  0.071547  -0.133808  0.019114  -2.255281  -0.605464  0.687124  1.000000  
7.932616 -0.034759  0.035148  0.001382  0.901354  0.432855  0.014052  -0.357472  0.725280  0.588373  0.244489  -0.535356  0.808467  0.071825  -0.133646  0.019422  -2.259118  -0.584843  0.661685  1.000000  
7.933854 -0.034664  0.034986  0.001414  0.901120  0.433362  0.013424  -0.358239  0.726756  0.586080  0.244229  -0.532938  0.810142  0.072343  -0.133441  0.019883  -2.263136  -0.574222  0.636811  1.000000  
7.935103 -0.034569  0.034826  0.001449  0.900959  0.433722  0.012567  -0.358819  0.728457  0.583609  0.243970  -0.530317  0.811937  0.072808  -0.132989  0.020506  -2.273178  -0.552678  0.603484  1.000000  
7.936354 -0.034476  0.034668  0.001486  0.900798  0.434082  0.011655  -0.359400  0.730219  0.581044  0.243710  -0.527592  0.813789  0.073228  -0.132254  0.021394  -2.289886  -0.538907  0.572980  1.000000  
7.937604 -0.034385  0.034511  0.001527  0.900562  0.434591  0.010860  -0.360166  0.731882  0.578471  0.243451  -0.524860  0.815631  0.073540  -0.131498  0.022614  -2.308857  -0.525499  0.550346  1.000000  
7.938626 -0.034312  0.034386  0.001562  0.900474  0.434792  0.010087  -0.360561  0.733366  0.576342  0.243191  -0.522618  0.817147  0.073936  -0.130842  0.023927  -2.331020  -0.512528  0.525967  1.000000  
7.939864 -0.034220  0.034232  0.001608  0.900268  0.435234  0.009441  -0.361338  0.734969  0.573807  0.242802  -0.519991  0.818936  0.074211  -0.129725  0.025590  -2.349347  -0.510801  0.503550  1.000000  
7.941113 -0.034129  0.034079  0.001656  0.900030  0.435741  0.008690  -0.362104  0.736538  0.571308  0.242542  -0.517341  0.820690  0.074271  -0.128439  0.027378  -2.375592  -0.507585  0.495219  1.000000  
7.942376 -0.034038  0.033930  0.001706  0.899822  0.436183  0.008090  -0.362881  0.738054  0.568853  0.242153  -0.514802  0.822400  0.074239  -0.127195  0.029172  -2.369291  -0.503483  0.468730  1.000000  
