1-Time 2-Px 3-Py 4-Pz 5-R11 6-R21 7-R31 8-R12 9-R22 10-R32 11-R13 12-R23 13-R33 14-Vx 15-Vy 16-Vz 17-Wx 18-Wy 19-Wz 20-state
123.192190 0.004309  0.000448  -0.000587  0.534556  0.682561  0.498358  -0.823762  0.552580  0.126772  -0.188853  -0.478295  0.857653  0.000151  -0.000528  -0.000911  0.000000  0.000000  0.000000  1.000000  
123.193388 0.004308  0.000447  -0.000586  0.535262  0.682175  0.498128  -0.823364  0.553034  0.127374  -0.188590  -0.478320  0.857697  -0.000463  -0.000449  0.001111  0.000000  0.000000  0.000000  1.000000  
123.194624 0.004306  0.000447  -0.000584  0.535797  0.681904  0.497924  -0.823076  0.553348  0.127874  -0.188328  -0.478344  0.857741  -0.001257  -0.000363  0.001340  0.000000  0.000000  0.000000  1.000000  
123.195872 0.004303  0.000445  -0.000582  0.536503  0.681518  0.497693  -0.822677  0.553802  0.128477  -0.188065  -0.478369  0.857785  -0.001681  -0.000662  0.001190  0.000000  0.000000  0.000000  1.000000  
123.197120 0.004301  0.000445  -0.000580  0.537221  0.681166  0.497399  -0.822298  0.554203  0.129175  -0.187670  -0.478405  0.857851  -0.001587  -0.000523  0.001352  0.000000  0.000000  0.000000  1.000000  
123.198370 0.004299  0.000445  -0.000579  0.537926  0.680780  0.497167  -0.821897  0.554656  0.129776  -0.187408  -0.478430  0.857895  -0.001610  -0.000515  0.001260  0.000000  0.000000  0.000000  1.000000  
123.199386 0.004296  0.000444  -0.000578  0.538461  0.680507  0.496961  -0.821606  0.554970  0.130275  -0.187145  -0.478454  0.857938  -0.001812  -0.000519  0.001294  0.000000  0.000000  0.000000  1.000000  
123.200622 0.004293  0.000444  -0.000576  0.539164  0.680120  0.496727  -0.821205  0.555423  0.130876  -0.186882  -0.478479  0.857982  -0.001914  -0.000395  0.001329  0.121964  0.523162  -0.438336  1.000000  
123.201622 0.004291  0.000445  -0.000574  0.539530  0.679962  0.496547  -0.821024  0.555596  0.131273  -0.186619  -0.478503  0.858026  -0.001937  -0.000316  0.001349  0.117054  0.513155  -0.415034  1.000000  
123.202868 0.004289  0.000444  -0.000572  0.539713  0.679883  0.496457  -0.820934  0.555682  0.131471  -0.186488  -0.478515  0.858048  -0.001931  -0.000313  0.001368  0.106796  0.472730  -0.376363  1.000000  
123.203876 0.004287  0.000445  -0.000571  0.539726  0.679918  0.496394  -0.820955  0.555629  0.131567  -0.186356  -0.478527  0.858069  -0.001947  -0.000257  0.001380  0.097404  0.441472  -0.337723  1.000000  
123.205125 0.004283  0.000444  -0.000569  0.540078  0.679784  0.496194  -0.820753  0.555871  0.131800  -0.186225  -0.478435  0.858149  -0.002015  -0.000256  0.001423  0.084373  0.422824  -0.327263  1.000000  
123.206376 0.004279  0.000445  -0.000567  0.540612  0.679511  0.495986  -0.820461  0.556184  0.132298  -0.185962  -0.478460  0.858193  -0.002105  -0.000220  0.001404  0.085044  0.422857  -0.326578  1.000000  
123.207627 0.004275  0.000445  -0.000564  0.540977  0.679353  0.495805  -0.820280  0.556357  0.132694  -0.185699  -0.478484  0.858236  -0.002287  -0.000163  0.001538  0.083062  0.416408  -0.314410  1.000000  
123.208876 0.004270  0.000444  -0.000561  0.541187  0.679344  0.495588  -0.820231  0.556336  0.133084  -0.185304  -0.478520  0.858301  -0.002541  -0.000151  0.001640  0.079017  0.412099  -0.289472  1.000000  
123.209876 0.004266  0.000444  -0.000558  0.541201  0.679379  0.495525  -0.820252  0.556283  0.133179  -0.185173  -0.478532  0.858323  -0.002605  -0.000148  0.001666  0.074474  0.395237  -0.269216  1.000000  
123.211126 0.004263  0.000443  -0.000556  0.541215  0.679415  0.495462  -0.820272  0.556229  0.133275  -0.185041  -0.478544  0.858344  -0.002701  -0.000175  0.001768  0.069484  0.375129  -0.247802  1.000000  
123.212375 0.004259  0.000441  -0.000553  0.541383  0.679300  0.495434  -0.820161  0.556369  0.133377  -0.185041  -0.478544  0.858344  -0.002780  -0.000283  0.001794  0.067066  0.356611  -0.241148  1.000000  
123.213626 0.004256  0.000440  -0.000550  0.541383  0.679300  0.495434  -0.820161  0.556369  0.133377  -0.185041  -0.478544  0.858344  -0.002893  -0.000302  0.001891  0.063120  0.335629  -0.226960  1.000000  
123.214875 0.004254  0.000441  -0.000546  0.541552  0.679186  0.495407  -0.820049  0.556509  0.133479  -0.185041  -0.478544  0.858344  -0.002767  -0.000247  0.002014  0.061325  0.321365  -0.222205  1.000000  
123.216126 0.004252  0.000442  -0.000542  0.541566  0.679221  0.495344  -0.820070  0.556456  0.133575  -0.184910  -0.478556  0.858366  -0.002639  -0.000181  0.002198  0.058074  0.309366  -0.207765  1.000000  
123.217373 0.004252  0.000443  -0.000540  0.541748  0.679202  0.495171  -0.819979  0.556558  0.133705  -0.184778  -0.478464  0.858446  -0.002486  -0.000106  0.002186  0.051841  0.302533  -0.201878  1.000000  
123.218376 0.004251  0.000443  -0.000538  0.541931  0.679122  0.495080  -0.819888  0.556645  0.133903  -0.184647  -0.478476  0.858467  -0.002472  -0.000123  0.002287  0.051299  0.299150  -0.198384  1.000000  
123.219627 0.004250  0.000442  -0.000535  0.542100  0.679068  0.494970  -0.819777  0.556801  0.133938  -0.184647  -0.478372  0.858525  -0.002266  -0.000150  0.002309  0.045904  0.289020  -0.195778  1.000000  
123.220889 0.004250  0.000439  -0.000532  0.542268  0.679013  0.494860  -0.819665  0.556957  0.133972  -0.184647  -0.478268  0.858583  -0.002061  -0.000340  0.002370  0.040965  0.279657  -0.193317  1.000000  
123.222146 0.004250  0.000438  -0.000531  0.542255  0.678978  0.494923  -0.819644  0.557010  0.133876  -0.184778  -0.478256  0.858562  -0.001757  -0.000403  0.002266  0.039256  0.263931  -0.187346  1.000000  
123.223373 0.004250  0.000438  -0.000531  0.542592  0.678808  0.494786  -0.819421  0.557306  0.134012  -0.184778  -0.478152  0.858620  -0.001423  -0.000436  0.002089  0.032326  0.247662  -0.178581  1.000000  
123.224375 0.004251  0.000438  -0.000530  0.542774  0.678789  0.494612  -0.819330  0.557409  0.134142  -0.184647  -0.478060  0.858699  -0.001136  -0.000417  0.001910  0.026931  0.240353  -0.174795  1.000000  
123.225624 0.004251  0.000437  -0.000531  0.543280  0.678505  0.494447  -0.818995  0.557844  0.134380  -0.184647  -0.477955  0.858757  -0.000850  -0.000376  0.001752  0.020463  0.227871  -0.168770  1.000000  
123.226871 0.004251  0.000435  -0.000531  0.543618  0.678335  0.494309  -0.818771  0.558140  0.134516  -0.184647  -0.477851  0.858815  -0.000613  -0.000434  0.001526  0.013758  0.209474  -0.163488  1.000000  
123.228118 0.004251  0.000433  -0.000532  0.543955  0.678105  0.494254  -0.818547  0.558419  0.134719  -0.184647  -0.477851  0.858815  -0.000376  -0.000492  0.001300  0.012336  0.196676  -0.160596  1.000000  
123.229369 0.004251  0.000432  -0.000533  0.544460  0.677820  0.494088  -0.818211  0.558854  0.134957  -0.184647  -0.477747  0.858873  -0.000218  -0.000530  0.001000  0.006989  0.185704  -0.159157  1.000000  
123.230618 0.004251  0.000432  -0.000532  0.544965  0.677535  0.493923  -0.817874  0.559289  0.135194  -0.184647  -0.477643  0.858931  -0.000106  -0.000644  0.000800  0.001636  0.174524  -0.157537  1.000000  
123.231623 0.004251  0.000431  -0.000533  0.545470  0.677249  0.493757  -0.817538  0.559724  0.135431  -0.184647  -0.477539  0.858989  -0.000027  -0.000737  0.000560  -0.001173  0.171385  -0.169148  1.000000  
123.232867 0.004250  0.000431  -0.000533  0.546325  0.676768  0.493471  -0.816996  0.560384  0.135967  -0.184515  -0.477447  0.859069  -0.000072  -0.000800  0.000352  -0.000145  0.183107  -0.191358  1.000000  
123.233867 0.004248  0.000430  -0.000534  0.546830  0.676481  0.493305  -0.816659  0.560818  0.136204  -0.184515  -0.477342  0.859127  -0.000134  -0.000858  0.000203  -0.000388  0.189085  -0.211269  1.000000  
123.234867 0.004247  0.000429  -0.000535  0.547334  0.676195  0.493139  -0.816321  0.561253  0.136440  -0.184515  -0.477238  0.859184  -0.000197  -0.000791  -0.000046  0.002138  0.191703  -0.225231  1.000000  
123.235869 0.004246  0.000428  -0.000536  0.547838  0.675908  0.492973  -0.815983  0.561687  0.136677  -0.184515  -0.477134  0.859242  -0.000275  -0.000769  -0.000270  -0.001925  0.187806  -0.227429  1.000000  
123.236889 0.004246  0.000427  -0.000538  0.548356  0.675716  0.492660  -0.815665  0.562084  0.136940  -0.184384  -0.476937  0.859380  -0.000312  -0.000747  -0.000477  -0.008869  0.188591  -0.237321  1.000000  
123.238121 0.004244  0.000426  -0.000541  0.549195  0.675197  0.492437  -0.815100  0.562796  0.137379  -0.184384  -0.476833  0.859437  -0.000400  -0.000759  -0.000668  -0.007819  0.192764  -0.263863  1.000000  
123.239370 0.004241  0.000426  -0.000544  0.550048  0.674772  0.492067  -0.814554  0.563472  0.137844  -0.184252  -0.476637  0.859575  -0.000650  -0.000807  -0.000891  -0.010908  0.197717  -0.291352  1.000000  
123.240373 0.004240  0.000426  -0.000546  0.550732  0.674463  0.491726  -0.814121  0.564008  0.138208  -0.184121  -0.476440  0.859712  -0.000805  -0.000732  -0.001082  -0.013975  0.210802  -0.314977  1.000000  
123.241618 0.004239  0.000427  -0.000548  0.551584  0.674037  0.491355  -0.813575  0.564683  0.138672  -0.183989  -0.476243  0.859849  -0.000872  -0.000574  -0.001089  -0.015757  0.231073  -0.342360  1.000000  
123.242622 0.004238  0.000428  -0.000549  0.552267  0.673727  0.491013  -0.813140  0.565218  0.139035  -0.183858  -0.476047  0.859986  -0.000935  -0.000405  -0.001209  -0.020071  0.244722  -0.357859  1.000000  
123.243870 0.004236  0.000429  -0.000553  0.553118  0.673299  0.490641  -0.812592  0.565893  0.139498  -0.183726  -0.475850  0.860123  -0.000984  -0.000205  -0.001388  -0.023126  0.261691  -0.379332  1.000000  
123.245117 0.004233  0.000429  -0.000556  0.553954  0.672895  0.490253  -0.812022  0.566637  0.139797  -0.183726  -0.475537  0.860296  -0.001219  -0.000144  -0.001611  -0.029210  0.276439  -0.414552  1.000000  
123.246367 0.004231  0.000431  -0.000559  0.554650  0.672619  0.489844  -0.811606  0.567119  0.140253  -0.183463  -0.475352  0.860454  -0.001361  -0.000057  -0.001785  -0.032146  0.295742  -0.431509  1.000000  
123.247625 0.004230  0.000431  -0.000563  0.555332  0.672366  0.489419  -0.811169  0.567672  0.140545  -0.183332  -0.475051  0.860649  -0.001367  -0.000009  -0.001991  -0.036730  0.307210  -0.451873  1.000000  
123.248633 0.004229  0.000432  -0.000564  0.556028  0.672088  0.489010  -0.810752  0.568155  0.141000  -0.183069  -0.474866  0.860807  -0.001320  0.000132  -0.002067  -0.040846  0.318414  -0.463835  1.000000  
123.249875 0.004227  0.000433  -0.000567  0.556903  0.671789  0.488424  -0.810240  0.568741  0.141581  -0.182674  -0.474588  0.861044  -0.001290  0.000291  -0.002093  -0.044011  0.343158  -0.481130  1.000000  
123.251118 0.004225  0.000435  -0.000569  0.557765  0.671394  0.487985  -0.809706  0.569362  0.142135  -0.182411  -0.474402  0.861202  -0.001404  0.000473  -0.002170  -0.043104  0.364054  -0.500619  1.000000  
123.252121 0.004225  0.000436  -0.000570  0.558279  0.671255  0.487587  -0.809382  0.569776  0.142324  -0.182279  -0.474101  0.861396  -0.001358  0.000614  -0.002097  -0.051465  0.381612  -0.514118  1.000000  
123.253372 0.004225  0.000438  -0.000571  0.558973  0.671035  0.487094  -0.808962  0.570276  0.142708  -0.182016  -0.473811  0.861611  -0.001233  0.000798  -0.001921  -0.057080  0.395539  -0.521315  1.000000  
123.254623 0.004226  0.000440  -0.000572  0.559486  0.670955  0.486615  -0.808637  0.570708  0.142827  -0.181885  -0.473404  0.861862  -0.001026  0.000962  -0.001820  -0.068598  0.401932  -0.531690  1.000000  
123.255625 0.004227  0.000442  -0.000573  0.560013  0.670852  0.486151  -0.808331  0.571070  0.143109  -0.181622  -0.473114  0.862077  -0.000819  0.001061  -0.001745  -0.075598  0.413112  -0.533587  1.000000  
123.256872 0.004229  0.000446  -0.000575  0.560873  0.670571  0.485547  -0.807794  0.571726  0.143521  -0.181358  -0.472719  0.862349  -0.000604  0.001208  -0.001771  -0.084098  0.430590  -0.547104  1.000000  
123.258118 0.004231  0.000449  -0.000576  0.561399  0.670526  0.485001  -0.807487  0.572106  0.143733  -0.181095  -0.472324  0.862621  -0.000406  0.001327  -0.001724  -0.098410  0.437968  -0.544285  1.000000  
123.259122 0.004233  0.000452  -0.000578  0.561939  0.670516  0.484389  -0.807200  0.572434  0.144039  -0.180700  -0.471940  0.862914  -0.000137  0.001487  -0.001650  -0.111596  0.453264  -0.542446  1.000000  
123.260368 0.004234  0.000454  -0.000580  0.562631  0.670410  0.483732  -0.806777  0.572970  0.144280  -0.180437  -0.471440  0.863242  0.000165  0.001678  -0.001501  -0.124436  0.463669  -0.545672  1.000000  
123.261371 0.004236  0.000456  -0.000582  0.563143  0.670327  0.483251  -0.806449  0.573403  0.144395  -0.180306  -0.471033  0.863492  0.000371  0.001778  -0.001426  -0.139036  0.468105  -0.542329  1.000000  
123.262620 0.004238  0.000458  -0.000583  0.563835  0.670219  0.482593  -0.806024  0.573939  0.144634  -0.180042  -0.470532  0.863820  0.000569  0.001786  -0.001355  -0.156715  0.468481  -0.534279  1.000000  
123.263875 0.004240  0.000459  -0.000584  0.564526  0.670111  0.481935  -0.805599  0.574476  0.144873  -0.179779  -0.470031  0.864147  0.000817  0.001817  -0.001277  -0.173076  0.476069  -0.530012  1.000000  
123.265118 0.004243  0.000460  -0.000585  0.565065  0.670215  0.481159  -0.805309  0.574841  0.145036  -0.179384  -0.469436  0.864552  0.001121  0.001818  -0.001204  -0.189585  0.487822  -0.523963  1.000000  
123.266119 0.004245  0.000462  -0.000586  0.565590  0.670223  0.480530  -0.804999  0.575240  0.145174  -0.179121  -0.468935  0.864879  0.001312  0.001807  -0.001129  -0.205965  0.495473  -0.519775  1.000000  
123.267129 0.004246  0.000463  -0.000587  0.566294  0.670091  0.479885  -0.804592  0.575708  0.145574  -0.178726  -0.468549  0.865170  0.001470  0.001828  -0.001104  -0.218436  0.503346  -0.515762  1.000000  
123.268368 0.004249  0.000464  -0.000590  0.566997  0.670074  0.479077  -0.804184  0.576212  0.145833  -0.178331  -0.467954  0.865573  0.001605  0.001762  -0.001237  -0.232894  0.510577  -0.505226  1.000000  
123.269368 0.004251  0.000465  -0.000591  0.567521  0.670080  0.478447  -0.803873  0.576612  0.145969  -0.178068  -0.467451  0.865899  0.001715  0.001709  -0.001263  -0.250466  0.511114  -0.497408  1.000000  
123.270370 0.004252  0.000465  -0.000592  0.568211  0.669967  0.477787  -0.803444  0.577151  0.146202  -0.177805  -0.466948  0.866224  0.001717  0.001583  -0.001312  -0.262734  0.514831  -0.495509  1.000000  
123.271373 0.004254  0.000465  -0.000593  0.568734  0.670030  0.477075  -0.803132  0.577569  0.146266  -0.177541  -0.466340  0.866606  0.001687  0.001365  -0.001312  -0.283810  0.516202  -0.485703  1.000000  
123.272387 0.004255  0.000466  -0.000596  0.569258  0.670092  0.476363  -0.802819  0.577988  0.146329  -0.177278  -0.465732  0.866987  0.001635  0.001215  -0.001331  -0.301401  0.516498  -0.477691  1.000000  
123.273618 0.004256  0.000466  -0.000597  0.570111  0.670031  0.475428  -0.802271  0.578718  0.146447  -0.177015  -0.464913  0.867480  0.001659  0.001085  -0.001336  -0.326176  0.520474  -0.476157  1.000000  
123.274618 0.004258  0.000468  -0.000599  0.570813  0.670066  0.474536  -0.801859  0.579242  0.146630  -0.176619  -0.464210  0.867937  0.001671  0.000992  -0.001358  -0.346662  0.532028  -0.469971  1.000000  
123.275883 0.004258  0.000468  -0.000601  0.571665  0.670001  0.473600  -0.801310  0.579973  0.146745  -0.176356  -0.463390  0.868429  0.001527  0.000823  -0.001330  -0.365746  0.538647  -0.473938  1.000000  
123.277119 0.004258  0.000467  -0.000604  0.572696  0.669909  0.472485  -0.800660  0.580810  0.146979  -0.175961  -0.462474  0.868997  0.001364  0.000645  -0.001432  -0.392197  0.549051  -0.484387  1.000000  
123.278368 0.004257  0.000466  -0.000607  0.573726  0.669757  0.471450  -0.800010  0.581629  0.147282  -0.175566  -0.461664  0.869507  0.001161  0.000484  -0.001530  -0.411081  0.554727  -0.490622  1.000000  
123.279617 0.004256  0.000463  -0.000610  0.574741  0.669624  0.470401  -0.799339  0.582517  0.147417  -0.175302  -0.460737  0.870052  0.000976  0.000244  -0.001702  -0.434334  0.557638  -0.497034  1.000000  
123.280618 0.004257  0.000462  -0.000614  0.575426  0.669558  0.469656  -0.798903  0.583076  0.147569  -0.175039  -0.460125  0.870429  0.000852  0.000064  -0.001876  -0.451508  0.558661  -0.495402  1.000000  
123.281886 0.004256  0.000460  -0.000618  0.576618  0.669337  0.468508  -0.798130  0.584052  0.147892  -0.174644  -0.459207  0.870993  0.000662  -0.000227  -0.002056  -0.472257  0.571676  -0.511436  1.000000  
123.283117 0.004255  0.000458  -0.000622  0.577809  0.669170  0.467278  -0.797355  0.585047  0.148140  -0.174248  -0.458183  0.871611  0.000433  -0.000430  -0.002245  -0.496232  0.587532  -0.527471  1.000000  
123.284118 0.004254  0.000455  -0.000626  0.578657  0.669036  0.466420  -0.796797  0.585762  0.148313  -0.173985  -0.457465  0.872041  0.000172  -0.000661  -0.002382  -0.510426  0.593928  -0.540040  1.000000  
123.285121 0.004253  0.000453  -0.000629  0.579668  0.668779  0.465532  -0.796120  0.586616  0.148579  -0.173721  -0.456745  0.872470  0.000030  -0.000828  -0.002507  -0.522849  0.606838  -0.555917  1.000000  
123.286121 0.004252  0.000451  -0.000633  0.580678  0.668577  0.464562  -0.795440  0.587487  0.148773  -0.173458  -0.455920  0.872954  -0.000144  -0.000962  -0.002683  -0.541305  0.617977  -0.573078  1.000000  
123.287137 0.004251  0.000448  -0.000636  0.581524  0.668494  0.463622  -0.794880  0.588221  0.148869  -0.173194  -0.455094  0.873437  -0.000234  -0.001160  -0.002762  -0.554977  0.623551  -0.585158  1.000000  
123.288373 0.004249  0.000445  -0.000641  0.582696  0.668392  0.462296  -0.794078  0.589303  0.148868  -0.172931  -0.453844  0.874140  -0.000482  -0.001460  -0.002935  -0.582474  0.630981  -0.605119  1.000000  
123.289622 0.004248  0.000442  -0.000646  0.584044  0.668144  0.460951  -0.793173  0.590456  0.149124  -0.172535  -0.452709  0.874806  -0.000679  -0.001727  -0.003158  -0.604362  0.645212  -0.628891  1.000000  
123.290871 0.004246  0.000440  -0.000650  0.585228  0.668126  0.459474  -0.792386  0.591508  0.149138  -0.172140  -0.451361  0.875581  -0.000792  -0.001881  -0.003282  -0.632370  0.661277  -0.651591  1.000000  
123.292122 0.004246  0.000438  -0.000655  0.586410  0.668048  0.458078  -0.791598  0.592543  0.149220  -0.171745  -0.450117  0.876298  -0.000772  -0.001943  -0.003435  -0.657468  0.674079  -0.668197  1.000000  
123.293369 0.004245  0.000436  -0.000660  0.587591  0.668077  0.456519  -0.790807  0.593614  0.149154  -0.171349  -0.448660  0.877122  -0.000789  -0.001926  -0.003538  -0.690895  0.686931  -0.685080  1.000000  
123.294617 0.004245  0.000434  -0.000665  0.588772  0.668047  0.455040  -0.790015  0.594667  0.149157  -0.170954  -0.447307  0.877890  -0.000804  -0.001972  -0.003664  -0.713012  0.697060  -0.702039  1.000000  
123.295874 0.004244  0.000432  -0.000669  0.590113  0.667945  0.453449  -0.789099  0.595877  0.149177  -0.170558  -0.445847  0.878710  -0.000867  -0.002032  -0.003662  -0.742957  0.714589  -0.732906  1.000000  
123.297117 0.004242  0.000429  -0.000674  0.591304  0.667997  0.451818  -0.788320  0.596903  0.149193  -0.170031  -0.444395  0.879547  -0.000867  -0.002033  -0.003664  -0.774507  0.721651  -0.743975  1.000000  
123.298121 0.004243  0.000428  -0.000677  0.592156  0.668091  0.450561  -0.787766  0.597647  0.149143  -0.169635  -0.443252  0.880200  -0.000804  -0.001972  -0.003664  -0.800177  0.729739  -0.756680  1.000000  
123.299368 0.004242  0.000426  -0.000682  0.593345  0.668081  0.449009  -0.786984  0.598656  0.149224  -0.169108  -0.441904  0.880979  -0.000741  -0.001911  -0.003665  -0.821511  0.742294  -0.773706  1.000000  
123.300370 0.004242  0.000425  -0.000684  0.594196  0.668169  0.447751  -0.786427  0.599401  0.149169  -0.168712  -0.440759  0.881628  -0.000630  -0.001774  -0.003615  -0.844162  0.752062  -0.784736  1.000000  
123.301370 0.004242  0.000424  -0.000688  0.595033  0.668220  0.446563  -0.785851  0.600194  0.149017  -0.168448  -0.439602  0.882256  -0.000616  -0.001730  -0.003648  -0.863182  0.755213  -0.788787  1.000000  
123.302618 0.004241  0.000422  -0.000693  0.596057  0.668431  0.444878  -0.785187  0.601103  0.148851  -0.167921  -0.438036  0.883135  -0.000605  -0.001698  -0.003581  -0.893585  0.768331  -0.797791  1.000000  
123.303625 0.004241  0.000420  -0.000696  0.596906  0.668564  0.443537  -0.784626  0.601868  0.148715  -0.167525  -0.436780  0.883832  -0.000505  -0.001589  -0.003592  -0.913447  0.773536  -0.805276  1.000000  
123.304873 0.004241  0.000420  -0.000701  0.597768  0.668891  0.441881  -0.784083  0.602641  0.148452  -0.166997  -0.435211  0.884705  -0.000410  -0.001434  -0.003643  -0.942584  0.776540  -0.804471  1.000000  
123.306122 0.004241  0.000419  -0.000706  0.598628  0.669214  0.440223  -0.783538  0.603415  0.148185  -0.166470  -0.433639  0.885576  -0.000348  -0.001377  -0.003655  -0.967543  0.779413  -0.803633  1.000000  
123.307371 0.004243  0.000418  -0.000710  0.599650  0.669408  0.438534  -0.782869  0.604327  0.148006  -0.165942  -0.432066  0.886443  -0.000216  -0.001294  -0.003611  -0.996513  0.786346  -0.800711  1.000000  
123.308618 0.004243  0.000418  -0.000713  0.600684  0.669686  0.436691  -0.782215  0.605212  0.147843  -0.165282  -0.430394  0.887380  -0.000126  -0.001163  -0.003418  -1.024094  0.793853  -0.795318  1.000000  
123.309620 0.004244  0.000418  -0.000715  0.601382  0.670068  0.435142  -0.781790  0.605832  0.147551  -0.164754  -0.428924  0.888189  -0.000031  -0.001073  -0.003342  -1.059795  0.797180  -0.788777  1.000000  
123.310868 0.004245  0.000418  -0.000719  0.602240  0.670479  0.433318  -0.781241  0.606645  0.147124  -0.164226  -0.427130  0.889151  0.000094  -0.000936  -0.003290  -1.094131  0.801024  -0.780053  1.000000  
123.311878 0.004246  0.000418  -0.000721  0.603097  0.670676  0.431819  -0.780690  0.607386  0.146989  -0.163698  -0.425765  0.889903  0.000237  -0.000784  -0.003217  -1.116966  0.804800  -0.776771  1.000000  
123.313121 0.004248  0.000417  -0.000724  0.603954  0.671130  0.429911  -0.780138  0.608217  0.146483  -0.163170  -0.423859  0.890909  0.000412  -0.000715  -0.003068  -1.154344  0.804706  -0.764213  1.000000  
123.314371 0.004250  0.000416  -0.000726  0.604824  0.671613  0.427930  -0.779602  0.609004  0.146067  -0.162510  -0.421959  0.891931  0.000491  -0.000672  -0.002967  -1.197987  0.805505  -0.749343  1.000000  
123.315372 0.004252  0.000416  -0.000728  0.605693  0.671936  0.426191  -0.779064  0.609739  0.145869  -0.161850  -0.420382  0.892795  0.000682  -0.000619  -0.002867  -1.228151  0.813539  -0.738425  1.000000  
123.316379 0.004253  0.000414  -0.000730  0.606547  0.672220  0.424525  -0.778509  0.610518  0.145574  -0.161322  -0.418794  0.893637  0.000809  -0.000626  -0.002766  -1.258110  0.821264  -0.736229  1.000000  
123.317622 0.004256  0.000414  -0.000733  0.607588  0.672596  0.422435  -0.777861  0.611402  0.145329  -0.160530  -0.416896  0.894666  0.001016  -0.000526  -0.002693  -1.287789  0.832767  -0.723351  1.000000  
123.318622 0.004258  0.000412  -0.000735  0.608441  0.672870  0.420767  -0.777302  0.612183  0.145028  -0.160002  -0.415304  0.895501  0.001094  -0.000554  -0.002625  -1.313764  0.832706  -0.716462  1.000000  
123.319915 0.004260  0.000410  -0.000738  0.609480  0.673286  0.418593  -0.776651  0.613087  0.144700  -0.159209  -0.413293  0.896572  0.001300  -0.000637  -0.002460  -1.342867  0.840151  -0.696767  1.000000  
123.321129 0.004261  0.000407  -0.000741  0.610518  0.673644  0.416499  -0.775998  0.613974  0.144443  -0.158416  -0.411387  0.897588  0.001336  -0.000801  -0.002314  -1.368754  0.850378  -0.688326  1.000000  
123.322375 0.004263  0.000403  -0.000743  0.611554  0.674047  0.414322  -0.775343  0.614880  0.144106  -0.157624  -0.409370  0.898650  0.001402  -0.000997  -0.002264  -1.395609  0.860212  -0.681636  1.000000  
123.323380 0.004265  0.000401  -0.000746  0.612577  0.674208  0.412544  -0.774669  0.615760  0.143969  -0.156963  -0.407778  0.899489  0.001483  -0.001144  -0.002239  -1.409401  0.867947  -0.672462  1.000000  
123.324624 0.004267  0.000399  -0.000749  0.613784  0.674555  0.410178  -0.773900  0.616782  0.143728  -0.156038  -0.405655  0.900609  0.001564  -0.001292  -0.002214  -1.438836  0.883021  -0.666644  1.000000  
123.325631 0.004268  0.000396  -0.000751  0.614645  0.674882  0.408346  -0.773350  0.617543  0.143424  -0.155377  -0.403949  0.901490  0.001581  -0.001437  -0.002163  -1.460942  0.887187  -0.658169  1.000000  
123.326644 0.004270  0.000394  -0.000753  0.615677  0.675160  0.406326  -0.772687  0.618420  0.143219  -0.154584  -0.402139  0.902434  0.001614  -0.001598  -0.002162  -1.483870  0.900626  -0.659701  1.000000  
123.327892 0.004271  0.000391  -0.000757  0.617039  0.675407  0.403842  -0.771785  0.619603  0.142970  -0.153659  -0.399898  0.903588  0.001519  -0.001751  -0.002262  -1.512233  0.914530  -0.662238  1.000000  
123.329126 0.004272  0.000388  -0.000760  0.618399  0.675644  0.401357  -0.770879  0.620788  0.142715  -0.152733  -0.397653  0.904735  0.001506  -0.001927  -0.002289  -1.545197  0.928780  -0.665001  1.000000  
123.330373 0.004273  0.000384  -0.000763  0.619770  0.675906  0.398794  -0.769987  0.621933  0.142546  -0.151675  -0.395412  0.905894  0.001381  -0.002176  -0.002339  -1.573348  0.950678  -0.663746  1.000000  
123.331622 0.004274  0.000380  -0.000765  0.621139  0.676158  0.396228  -0.769091  0.623081  0.142371  -0.150617  -0.393167  0.907047  0.001345  -0.002251  -0.002302  -1.600628  0.971488  -0.670753  1.000000  
123.332871 0.004274  0.000377  -0.000768  0.622493  0.676368  0.393737  -0.768176  0.624271  0.142093  -0.149691  -0.390911  0.908174  0.001223  -0.002392  -0.002287  -1.622690  0.991016  -0.685994  1.000000  
123.333874 0.004274  0.000374  -0.000770  0.623530  0.676636  0.391630  -0.767515  0.625116  0.141951  -0.148765  -0.389093  0.909107  0.001049  -0.002525  -0.002310  -1.640449  1.007957  -0.685113  1.000000  
123.335121 0.004273  0.000370  -0.000772  0.624906  0.676895  0.388981  -0.766625  0.626230  0.141850  -0.147574  -0.386846  0.910259  0.000891  -0.002588  -0.002222  -1.664938  1.036701  -0.698225  1.000000  
123.336124 0.004272  0.000367  -0.000775  0.625939  0.677243  0.386706  -0.765960  0.627113  0.141546  -0.146648  -0.384800  0.911276  0.000735  -0.002673  -0.002271  -1.688610  1.054341  -0.698937  1.000000  
123.337137 0.004271  0.000364  -0.000777  0.627129  0.677361  0.384565  -0.765163  0.628103  0.141468  -0.145721  -0.382973  0.912193  0.000522  -0.002672  -0.002280  -1.709941  1.077671  -0.711837  1.000000  
123.338379 0.004269  0.000360  -0.000781  0.628500  0.677733  0.381662  -0.764264  0.629275  0.141118  -0.144530  -0.380384  0.913466  0.000311  -0.002728  -0.002317  -1.741696  1.098197  -0.719799  1.000000  
123.339628 0.004268  0.000356  -0.000784  0.629868  0.678001  0.378921  -0.763361  0.630415  0.140913  -0.143338  -0.378011  0.914638  0.000029  -0.002853  -0.002352  -1.759821  1.125444  -0.732071  1.000000  
123.340633 0.004267  0.000354  -0.000787  0.630896  0.678226  0.376803  -0.762686  0.631271  0.140740  -0.142411  -0.376175  0.915539  -0.000130  -0.002880  -0.002379  -1.770551  1.141874  -0.741230  1.000000  
123.341874 0.004265  0.000351  -0.000790  0.632260  0.678475  0.374057  -0.761777  0.632415  0.140522  -0.141219  -0.373795  0.916698  -0.000354  -0.002835  -0.002351  -1.791138  1.160214  -0.747653  1.000000  
123.342874 0.004264  0.000348  -0.000792  0.633454  0.678632  0.371746  -0.760981  0.633393  0.140432  -0.140159  -0.371849  0.917651  -0.000458  -0.002863  -0.002338  -1.804623  1.190092  -0.761735  1.000000  
123.343879 0.004263  0.000346  -0.000796  0.634489  0.678913  0.369461  -0.760313  0.634233  0.140261  -0.139099  -0.369900  0.918600  -0.000537  -0.002777  -0.002385  -1.815418  1.210402  -0.769454  1.000000  
123.345122 0.004263  0.000344  -0.000797  0.635859  0.679210  0.366547  -0.759409  0.635364  0.140040  -0.137774  -0.367405  0.919800  -0.000663  -0.002708  -0.002309  -1.835137  1.231636  -0.774084  1.000000  
123.346122 0.004262  0.000342  -0.000799  0.636891  0.679519  0.364176  -0.758735  0.636225  0.139781  -0.136714  -0.365338  0.920781  -0.000787  -0.002700  -0.002322  -1.850384  1.247829  -0.783953  1.000000  
123.347372 0.004262  0.000340  -0.000800  0.638113  0.679914  0.361288  -0.757970  0.637167  0.139643  -0.135256  -0.362953  0.921939  -0.000868  -0.002617  -0.002220  -1.863875  1.266443  -0.778440  1.000000  
123.348621 0.004261  0.000337  -0.000802  0.639332  0.680385  0.358232  -0.757201  0.638146  0.139343  -0.133798  -0.360340  0.923176  -0.000854  -0.002511  -0.002159  -1.888333  1.291760  -0.777558  1.000000  
123.349872 0.004261  0.000336  -0.000803  0.640549  0.680759  0.355337  -0.756428  0.639095  0.139191  -0.132339  -0.357946  0.924317  -0.000793  -0.002326  -0.002109  -1.903734  1.315086  -0.779699  1.000000  
123.351122 0.004261  0.000334  -0.000804  0.641764  0.681206  0.352274  -0.755652  0.640081  0.138877  -0.130880  -0.355323  0.925536  -0.000716  -0.002159  -0.001961  -1.925986  1.334716  -0.779864  1.000000  
123.352126 0.004262  0.000333  -0.000804  0.642643  0.681632  0.349838  -0.755110  0.640777  0.138612  -0.129686  -0.353245  0.926499  -0.000592  -0.002042  -0.001814  -1.942969  1.349399  -0.775752  1.000000  
123.353374 0.004262  0.000332  -0.000804  0.643865  0.682131  0.346606  -0.754341  0.641750  0.138302  -0.128094  -0.350507  0.927759  -0.000499  -0.001892  -0.001564  -1.968903  1.372268  -0.769371  1.000000  
123.354375 0.004262  0.000330  -0.000804  0.644752  0.682528  0.344167  -0.753807  0.642398  0.138200  -0.126767  -0.348540  0.928682  -0.000406  -0.001804  -0.001341  -1.980281  1.389065  -0.761246  1.000000  
123.355377 0.004263  0.000329  -0.000803  0.645782  0.682796  0.341695  -0.753125  0.643242  0.137992  -0.125572  -0.346452  0.929625  -0.000266  -0.001703  -0.001092  -1.992999  1.406978  -0.763987  1.000000  
123.356629 0.004264  0.000328  -0.000802  0.646853  0.683341  0.338565  -0.752492  0.644015  0.137844  -0.123846  -0.343932  0.930791  -0.000081  -0.001552  -0.000808  -2.002914  1.422928  -0.749707  1.000000  
123.357631 0.004264  0.000326  -0.000801  0.647724  0.683725  0.336117  -0.751938  0.644723  0.137556  -0.122651  -0.341837  0.931721  0.000030  -0.001480  -0.000631  -2.015557  1.433585  -0.737122  1.000000  
123.358870 0.004266  0.000325  -0.000800  0.648769  0.684189  0.333143  -0.751273  0.645572  0.137209  -0.121191  -0.339298  0.932840  0.000186  -0.001436  -0.000298  -2.024204  1.440508  -0.726230  1.000000  
123.359880 0.004267  0.000324  -0.000798  0.649648  0.684545  0.330691  -0.750727  0.646233  0.137085  -0.119862  -0.337315  0.933730  0.000283  -0.001370  -0.000076  -2.032189  1.455147  -0.711478  1.000000  
123.361122 0.004269  0.000322  -0.000798  0.650700  0.685017  0.327629  -0.750068  0.647053  0.136821  -0.118268  -0.334774  0.934847  0.000451  -0.001280  0.000073  -2.044212  1.465301  -0.696334  1.000000  
123.362371 0.004270  0.000320  -0.000796  0.651750  0.685479  0.324563  -0.749406  0.647877  0.136552  -0.116674  -0.332227  0.935955  0.000592  -0.001305  0.000272  -2.055775  1.475242  -0.681092  1.000000  
123.363618 0.004272  0.000317  -0.000794  0.652653  0.686090  0.321440  -0.748887  0.648529  0.136304  -0.114946  -0.329682  0.937069  0.000717  -0.001314  0.000520  -2.070730  1.481731  -0.656812  1.000000  
123.364622 0.004273  0.000316  -0.000792  0.653534  0.686478  0.318811  -0.748341  0.649185  0.136178  -0.113484  -0.327577  0.937985  0.000809  -0.001358  0.000757  -2.078753  1.499926  -0.648420  1.000000  
123.365869 0.004274  0.000314  -0.000790  0.654587  0.686973  0.315569  -0.747681  0.650002  0.135908  -0.111756  -0.324909  0.939119  0.000874  -0.001420  0.000943  -2.088711  1.508860  -0.631237  1.000000  
123.367120 0.004275  0.000311  -0.000786  0.655637  0.687416  0.312407  -0.747016  0.650807  0.135710  -0.110027  -0.322350  0.940205  0.000875  -0.001485  0.001218  -2.096758  1.519469  -0.616650  1.000000  
123.368367 0.004276  0.000309  -0.000782  0.656839  0.687751  0.309130  -0.746213  0.651773  0.135491  -0.108298  -0.319673  0.941319  0.000953  -0.001507  0.001442  -2.098901  1.531774  -0.608485  1.000000  
123.369368 0.004276  0.000306  -0.000779  0.657711  0.688099  0.306488  -0.745656  0.652441  0.135345  -0.106835  -0.317553  0.942203  0.000922  -0.001601  0.001642  -2.105088  1.544751  -0.599422  1.000000  
123.370374 0.004276  0.000304  -0.000776  0.658745  0.688333  0.303733  -0.744970  0.653222  0.135352  -0.105238  -0.315435  0.943094  0.000922  -0.001665  0.001767  -2.115006  1.561726  -0.588673  1.000000  
123.371621 0.004276  0.000300  -0.000772  0.659947  0.688623  0.300446  -0.744166  0.654151  0.135287  -0.103375  -0.312864  0.944156  0.000813  -0.001866  0.001993  -2.121499  1.578701  -0.578993  1.000000  
123.372626 0.004276  0.000297  -0.000769  0.660966  0.688809  0.297768  -0.743463  0.654971  0.135188  -0.101911  -0.310734  0.945018  0.000782  -0.001959  0.002193  -2.129828  1.589703  -0.573407  1.000000  
123.373874 0.004275  0.000293  -0.000765  0.662307  0.688913  0.294530  -0.742505  0.656080  0.135075  -0.100181  -0.308151  0.946048  0.000605  -0.002177  0.002386  -2.132615  1.601071  -0.578037  1.000000  
123.374876 0.004275  0.000289  -0.000761  0.663321  0.689044  0.291931  -0.741795  0.656889  0.135043  -0.098716  -0.306130  0.946858  0.000517  -0.002309  0.002495  -2.132708  1.612221  -0.572452  1.000000  
123.376120 0.004274  0.000285  -0.000757  0.664664  0.689117  0.288686  -0.740838  0.657959  0.135088  -0.096852  -0.303658  0.947846  0.000346  -0.002506  0.002746  -2.127502  1.627587  -0.575779  1.000000  
123.377368 0.004273  0.000280  -0.000753  0.665987  0.689088  0.285690  -0.739857  0.659077  0.135016  -0.095254  -0.301289  0.948763  0.000158  -0.002686  0.002898  -2.124491  1.632743  -0.585180  1.000000  
123.378621 0.004271  0.000275  -0.000749  0.667483  0.689027  0.282325  -0.738762  0.660267  0.135197  -0.093256  -0.298813  0.949744  -0.000077  -0.002926  0.003075  -2.116538  1.652374  -0.596827  1.000000  
123.379870 0.004271  0.000269  -0.000745  0.668815  0.689096  0.278986  -0.737790  0.661365  0.135135  -0.091391  -0.296214  0.950739  -0.000172  -0.003082  0.003128  -2.121726  1.665740  -0.603586  1.000000  
123.380871 0.004271  0.000266  -0.000741  0.669975  0.689067  0.276260  -0.736933  0.662303  0.135221  -0.089792  -0.294180  0.951523  -0.000283  -0.003221  0.003231  -2.117585  1.681435  -0.615962  1.000000  
123.381877 0.004270  0.000261  -0.000737  0.671125  0.689003  0.273618  -0.736064  0.663272  0.135206  -0.088326  -0.292140  0.952288  -0.000378  -0.003374  0.003281  -2.110316  1.690761  -0.623562  1.000000  
123.383117 0.004269  0.000256  -0.000734  0.672598  0.688866  0.270325  -0.734940  0.664507  0.135256  -0.086460  -0.289646  0.953221  -0.000433  -0.003568  0.003304  -2.102332  1.704404  -0.645090  1.000000  
123.384119 0.004269  0.000253  -0.000730  0.673901  0.688638  0.267647  -0.733932  0.665579  0.135456  -0.084860  -0.287719  0.953948  -0.000488  -0.003641  0.003334  -2.094329  1.715741  -0.659009  1.000000  
123.385370 0.004269  0.000248  -0.000724  0.675223  0.688640  0.264290  -0.732945  0.666651  0.135527  -0.082860  -0.285221  0.954873  -0.000511  -0.003739  0.003455  -2.091846  1.733293  -0.664774  1.000000  
123.386636 0.004269  0.000244  -0.000720  0.676691  0.688491  0.260901  -0.731813  0.667870  0.135642  -0.080860  -0.282718  0.955789  -0.000503  -0.003749  0.003483  -2.084842  1.749311  -0.688605  1.000000  
123.387874 0.004269  0.000240  -0.000714  0.678148  0.688271  0.257679  -0.730668  0.669104  0.135733  -0.078993  -0.280325  0.956649  -0.000464  -0.003789  0.003604  -2.077211  1.767309  -0.709080  1.000000  
123.388878 0.004268  0.000236  -0.000710  0.679285  0.688140  0.255018  -0.729782  0.670048  0.135847  -0.077392  -0.278387  0.957346  -0.000440  -0.003756  0.003612  -2.074789  1.781355  -0.715571  1.000000  
123.390121 0.004269  0.000233  -0.000704  0.680591  0.688061  0.251730  -0.728774  0.671120  0.135963  -0.075391  -0.275990  0.958199  -0.000339  -0.003733  0.003728  -2.068672  1.794270  -0.733004  1.000000  
123.391369 0.004270  0.000229  -0.000698  0.681906  0.687988  0.248348  -0.727776  0.672127  0.136337  -0.073123  -0.273711  0.959028  -0.000251  -0.003642  0.003891  -2.055352  1.817823  -0.748445  1.000000  
123.392374 0.004271  0.000226  -0.000692  0.683040  0.687823  0.245674  -0.726884  0.673037  0.136605  -0.071388  -0.271883  0.959679  -0.000124  -0.003521  0.004040  -2.043178  1.832796  -0.761302  1.000000  
123.393619 0.004272  0.000224  -0.000687  0.684340  0.687703  0.242372  -0.725867  0.674080  0.136869  -0.069252  -0.269595  0.960480  0.000050  -0.003396  0.004124  -2.032400  1.848104  -0.775480  1.000000  
123.394869 0.004274  0.000221  -0.000680  0.685634  0.687570  0.239065  -0.724845  0.675127  0.137125  -0.067116  -0.267303  0.961272  0.000173  -0.003216  0.004297  -2.016903  1.865297  -0.796411  1.000000  
123.395871 0.004275  0.000219  -0.000675  0.686752  0.687352  0.236472  -0.723934  0.676073  0.137277  -0.065514  -0.265465  0.961892  0.000313  -0.003114  0.004395  -2.005539  1.876477  -0.811105  1.000000  
123.397118 0.004279  0.000218  -0.000670  0.687889  0.687337  0.233188  -0.723043  0.676987  0.137468  -0.063378  -0.263167  0.962666  0.000641  -0.002834  0.004493  -1.998018  1.884316  -0.815323  1.000000  
123.398118 0.004283  0.000217  -0.000665  0.689006  0.687125  0.230500  -0.722130  0.677914  0.137700  -0.061642  -0.261327  0.963280  0.000905  -0.002639  0.004565  -1.987276  1.897355  -0.822094  1.000000  
123.399120 0.004287  0.000217  -0.000660  0.689970  0.687045  0.227839  -0.721355  0.678702  0.137879  -0.059906  -0.259485  0.963887  0.001190  -0.002367  0.004637  -1.973560  1.906786  -0.835031  1.000000  
123.400371 0.004291  0.000216  -0.000653  0.691091  0.686919  0.224801  -0.720445  0.679619  0.138119  -0.057902  -0.257410  0.964566  0.001507  -0.002129  0.004761  -1.955329  1.904264  -0.835384  1.000000  
123.401619 0.004298  0.000216  -0.000645  0.692213  0.686834  0.221588  -0.719536  0.680532  0.138363  -0.055765  -0.255217  0.965274  0.001906  -0.001854  0.004960  -1.941789  1.910670  -0.837867  1.000000  
123.402870 0.004305  0.000217  -0.000638  0.693473  0.686573  0.218433  -0.718474  0.681615  0.138552  -0.053761  -0.253020  0.965966  0.002388  -0.001486  0.005100  -1.927707  1.919174  -0.847009  1.000000  
123.403874 0.004310  0.000218  -0.000631  0.694276  0.686545  0.215956  -0.717826  0.682241  0.138826  -0.052024  -0.251402  0.966483  0.002810  -0.001242  0.005222  -1.910487  1.922009  -0.835263  1.000000  
123.404876 0.004316  0.000218  -0.000625  0.695224  0.686369  0.213449  -0.717032  0.683012  0.139140  -0.050287  -0.249783  0.966995  0.003205  -0.000994  0.005354  -1.896971  1.932157  -0.833266  1.000000  
123.406122 0.004325  0.000220  -0.000616  0.696335  0.686241  0.210217  -0.716109  0.683900  0.139531  -0.048015  -0.247699  0.967647  0.003730  -0.000655  0.005554  -1.883479  1.943187  -0.834435  1.000000  
123.407122 0.004331  0.000220  -0.000609  0.697276  0.686050  0.207705  -0.715307  0.684677  0.139834  -0.046278  -0.246076  0.968145  0.004112  -0.000421  0.005654  -1.873799  1.952731  -0.827887  1.000000  
123.408368 0.004340  0.000222  -0.000599  0.698374  0.685854  0.204640  -0.714371  0.685578  0.140202  -0.044139  -0.244102  0.968744  0.004604  -0.000113  0.005928  -1.857546  1.951812  -0.818355  1.000000  
123.409369 0.004348  0.000224  -0.000592  0.699308  0.685648  0.202124  -0.713561  0.686361  0.140492  -0.042401  -0.242475  0.969231  0.005081  0.000148  0.006076  -1.839068  1.958642  -0.819872  1.000000  
123.410619 0.004358  0.000225  -0.000583  0.700548  0.685291  0.199017  -0.712476  0.687371  0.141063  -0.040129  -0.240616  0.969790  0.005606  0.000423  0.006250  -1.818124  1.963864  -0.815603  1.000000  
