1-Time 2-Px 3-Py 4-Pz 5-R11 6-R21 7-R31 8-R12 9-R22 10-R32 11-R13 12-R23 13-R33 14-Vx 15-Vy 16-Vz 17-Wx 18-Wy 19-Wz 20-state
205.558233 0.013522  0.007763  -0.017673  0.920067  0.219252  -0.324661  -0.266606  0.957642  -0.108822  0.287050  0.186681  0.939549  -0.001562  -0.000671  -0.000544  0.000000  0.000000  0.000000  1.000000  
205.559268 0.013522  0.007763  -0.017672  0.920067  0.219252  -0.324661  -0.266606  0.957642  -0.108822  0.287050  0.186681  0.939549  -0.000240  0.000237  0.001059  0.000000  0.000000  0.000000  1.000000  
205.560503 0.013516  0.007758  -0.017659  0.920067  0.219252  -0.324661  -0.266606  0.957642  -0.108822  0.287050  0.186681  0.939549  -0.003057  -0.002667  0.006840  0.000000  0.000000  0.000000  1.000000  
205.561505 0.013508  0.007751  -0.017644  0.920067  0.219252  -0.324661  -0.266606  0.957642  -0.108822  0.287050  0.186681  0.939549  -0.004526  -0.003984  0.009758  0.000000  0.000000  0.000000  1.000000  
205.562506 0.013502  0.007747  -0.017630  0.920067  0.219252  -0.324661  -0.266606  0.957642  -0.108822  0.287050  0.186681  0.939549  -0.004897  -0.003913  0.010764  0.000000  0.000000  0.000000  1.000000  
205.563750 0.013495  0.007746  -0.017618  0.920067  0.219252  -0.324661  -0.266606  0.957642  -0.108822  0.287050  0.186681  0.939549  -0.005043  -0.003221  0.010437  0.000000  0.000000  0.000000  1.000000  
205.565018 0.013486  0.007745  -0.017608  0.920067  0.219252  -0.324661  -0.266606  0.957642  -0.108822  0.287050  0.186681  0.939549  -0.005556  -0.002777  0.010043  0.000000  0.000000  0.000000  1.000000  
205.566247 0.013474  0.007742  -0.017595  0.920067  0.219252  -0.324661  -0.266606  0.957642  -0.108822  0.287050  0.186681  0.939549  -0.006200  -0.002685  0.010031  0.000000  0.000000  0.000000  1.000000  
205.567248 0.013466  0.007740  -0.017586  0.920067  0.219252  -0.324661  -0.266606  0.957642  -0.108822  0.287050  0.186681  0.939549  -0.006395  -0.002610  0.009949  0.000000  0.000000  0.000000  1.000000  
205.568251 0.013461  0.007741  -0.017577  0.920067  0.219291  -0.324635  -0.266606  0.957656  -0.108706  0.287050  0.186567  0.939572  -0.006287  -0.002261  0.009889  0.000000  0.000000  0.000000  1.000000  
205.569499 0.013452  0.007740  -0.017564  0.920067  0.219291  -0.324635  -0.266606  0.957656  -0.108706  0.287050  0.186567  0.939572  -0.006364  -0.002040  0.009951  0.000000  0.000000  0.000000  1.000000  
205.570748 0.013441  0.007739  -0.017548  0.920104  0.219355  -0.324488  -0.266617  0.957662  -0.108625  0.286922  0.186460  0.939632  -0.006608  -0.001973  0.010194  0.000000  0.000000  0.000000  1.000000  
205.571749 0.013431  0.007736  -0.017532  0.920104  0.219394  -0.324461  -0.266617  0.957675  -0.108509  0.286922  0.186346  0.939655  -0.006893  -0.001992  0.010640  0.000000  0.000000  0.000000  1.000000  
205.572999 0.013416  0.007729  -0.017508  0.920159  0.219236  -0.324412  -0.266427  0.957733  -0.108460  0.286922  0.186232  0.939677  -0.007293  -0.002302  0.011420  0.000000  0.000000  0.000000  1.000000  
205.574248 0.013399  0.007718  -0.017479  0.920159  0.219276  -0.324385  -0.266427  0.957746  -0.108343  0.286922  0.186118  0.939700  -0.008195  -0.002986  0.012889  0.000000  0.000000  0.000000  1.000000  
205.575504 0.013380  0.007704  -0.017450  0.920159  0.219354  -0.324332  -0.266427  0.957773  -0.108111  0.286922  0.185890  0.939745  -0.009085  -0.003542  0.013864  0.000000  0.000000  0.000000  1.000000  
205.576508 0.013366  0.007694  -0.017429  0.920159  0.219394  -0.324306  -0.266427  0.957786  -0.107995  0.286922  0.185776  0.939768  -0.009525  -0.003775  0.014271  0.000000  0.000000  0.000000  1.000000  
205.577753 0.013350  0.007686  -0.017409  0.920196  0.219457  -0.324158  -0.266438  0.957792  -0.107914  0.286794  0.185670  0.939828  -0.010042  -0.004057  0.014543  0.000000  0.000000  0.000000  1.000000  
205.578756 0.013338  0.007681  -0.017397  0.920196  0.219496  -0.324132  -0.266438  0.957805  -0.107797  0.286794  0.185556  0.939850  -0.010682  -0.004471  0.014922  0.000000  0.000000  0.000000  1.000000  
205.580003 0.013321  0.007673  -0.017379  0.920196  0.219535  -0.324105  -0.266438  0.957818  -0.107681  0.286794  0.185442  0.939873  -0.011021  -0.004763  0.015289  0.000000  0.000000  0.000000  1.000000  
205.581257 0.013305  0.007666  -0.017354  0.920196  0.219575  -0.324078  -0.266438  0.957831  -0.107565  0.286794  0.185328  0.939895  -0.011287  -0.005086  0.016253  0.000000  0.000000  0.000000  1.000000  
205.582502 0.013295  0.007663  -0.017325  0.920159  0.219590  -0.324172  -0.266427  0.957851  -0.107414  0.286922  0.185206  0.939880  -0.011445  -0.005245  0.017424  0.000000  0.000000  0.000000  1.000000  
205.583748 0.013285  0.007662  -0.017293  0.920159  0.219630  -0.324146  -0.266427  0.957864  -0.107298  0.286922  0.185092  0.939902  -0.011453  -0.005271  0.018571  0.000000  0.000000  0.000000  1.000000  
205.584998 0.013273  0.007658  -0.017261  0.920159  0.219669  -0.324119  -0.266427  0.957877  -0.107182  0.286922  0.184978  0.939925  -0.011631  -0.005489  0.019844  0.000000  0.000000  0.000000  1.000000  
205.585998 0.013260  0.007652  -0.017233  0.920159  0.219708  -0.324093  -0.266427  0.957890  -0.107065  0.286922  0.184864  0.939947  -0.011901  -0.005793  0.020827  0.000000  0.000000  0.000000  1.000000  
205.587248 0.013246  0.007643  -0.017201  0.920067  0.219960  -0.324182  -0.266606  0.957878  -0.106731  0.287050  0.184629  0.939954  -0.011936  -0.006101  0.021494  0.000000  0.000000  0.000000  1.000000  
205.588500 0.013231  0.007632  -0.017173  0.920030  0.219976  -0.324276  -0.266595  0.957898  -0.106580  0.287178  0.184507  0.939939  -0.011907  -0.006239  0.021517  0.000000  0.000000  0.000000  1.000000  
205.589749 0.013217  0.007622  -0.017151  0.920030  0.220015  -0.324249  -0.266595  0.957910  -0.106464  0.287178  0.184393  0.939962  -0.011635  -0.006037  0.021097  0.000000  0.000000  0.000000  1.000000  
205.590998 0.013202  0.007611  -0.017131  0.919938  0.220228  -0.324365  -0.266774  0.957885  -0.106246  0.287306  0.184272  0.939946  -0.011391  -0.005878  0.020556  0.000000  0.000000  0.000000  1.000000  
205.592006 0.013191  0.007604  -0.017116  0.919883  0.220504  -0.324334  -0.266963  0.957865  -0.105947  0.287306  0.184044  0.939991  -0.011178  -0.005766  0.020404  0.000000  0.000000  0.000000  1.000000  
205.593012 0.013182  0.007598  -0.017100  0.919847  0.220520  -0.324428  -0.266953  0.957885  -0.105796  0.287435  0.183923  0.939975  -0.010943  -0.005799  0.020510  0.000000  0.000000  0.000000  1.000000  
205.594255 0.013171  0.007590  -0.017078  0.919792  0.220796  -0.324396  -0.267142  0.957865  -0.105496  0.287435  0.183695  0.940020  -0.010627  -0.005882  0.020811  0.000000  0.000000  0.000000  1.000000  
205.595256 0.013163  0.007585  -0.017056  0.919700  0.221008  -0.324512  -0.267321  0.957839  -0.105278  0.287563  0.183573  0.940005  -0.010231  -0.005806  0.021241  0.000000  0.000000  0.000000  1.000000  
205.596509 0.013153  0.007578  -0.017025  0.919645  0.221284  -0.324480  -0.267510  0.957819  -0.104979  0.287563  0.183345  0.940049  -0.009996  -0.005835  0.021556  0.000000  0.000000  0.000000  1.000000  
205.597748 0.013146  0.007574  -0.016994  0.919589  0.221560  -0.324448  -0.267699  0.957799  -0.104680  0.287563  0.183117  0.940094  -0.009867  -0.005965  0.021605  0.000000  0.000000  0.000000  1.000000  
205.598749 0.013139  0.007570  -0.016972  0.919553  0.221576  -0.324542  -0.267689  0.957819  -0.104529  0.287691  0.182996  0.940078  -0.009766  -0.006120  0.021346  0.000000  0.000000  0.000000  1.000000  
205.599749 0.013131  0.007565  -0.016952  0.919497  0.221852  -0.324509  -0.267878  0.957798  -0.104229  0.287691  0.182768  0.940122  -0.009628  -0.006313  0.020924  0.000000  0.000000  0.000000  1.000000  
205.600998 0.013119  0.007556  -0.016930  0.919405  0.222105  -0.324598  -0.268056  0.957785  -0.103895  0.287819  0.182532  0.940129  -0.009451  -0.006402  0.020220  0.000000  0.000000  0.000000  1.000000  
205.602249 0.013105  0.007546  -0.016908  0.919313  0.222357  -0.324686  -0.268235  0.957771  -0.103561  0.287947  0.182297  0.940135  -0.009339  -0.006485  0.019456  0.000000  0.000000  0.000000  1.000000  
205.603500 0.013092  0.007535  -0.016885  0.919166  0.222807  -0.324795  -0.268603  0.957711  -0.103159  0.288075  0.182061  0.940142  -0.009276  -0.006523  0.019233  0.000000  0.000000  0.000000  1.000000  
205.604748 0.013079  0.007524  -0.016859  0.919073  0.223059  -0.324883  -0.268781  0.957697  -0.102825  0.288203  0.181826  0.940148  -0.009172  -0.006501  0.019436  0.000000  0.000000  0.000000  1.000000  
205.605748 0.013070  0.007517  -0.016837  0.919036  0.223115  -0.324950  -0.268770  0.957729  -0.102557  0.288332  0.181591  0.940154  -0.008939  -0.006383  0.019970  0.000000  0.000000  0.000000  1.000000  
205.606998 0.013058  0.007507  -0.016805  0.918981  0.223391  -0.324916  -0.268959  0.957708  -0.102258  0.288332  0.181362  0.940198  -0.008920  -0.006436  0.020711  0.000000  0.000000  0.000000  1.000000  
205.608006 0.013050  0.007501  -0.016779  0.918888  0.223683  -0.324977  -0.269138  0.957706  -0.101807  0.288460  0.181013  0.940226  -0.008848  -0.006432  0.021460  0.000000  0.000000  0.000000  1.000000  
205.609007 0.013042  0.007495  -0.016753  0.918833  0.223959  -0.324943  -0.269327  0.957684  -0.101508  0.288460  0.180785  0.940270  -0.008781  -0.006437  0.022044  0.199007  0.077666  0.092900  1.000000  
205.610256 0.013033  0.007486  -0.016721  0.918796  0.224054  -0.324983  -0.269316  0.957728  -0.101124  0.288588  0.180435  0.940298  -0.008663  -0.006656  0.022333  0.207141  0.082047  0.092046  1.000000  
205.611502 0.013025  0.007477  -0.016691  0.918796  0.224212  -0.324874  -0.269316  0.957777  -0.100659  0.288588  0.179979  0.940385  -0.008555  -0.006749  0.022223  0.219383  0.077607  0.092929  1.000000  
205.612506 0.013019  0.007470  -0.016672  0.918796  0.224330  -0.324792  -0.269316  0.957813  -0.100311  0.288588  0.179637  0.940451  -0.008625  -0.007108  0.021786  0.227494  0.077570  0.092930  1.000000  
205.613751 0.013010  0.007461  -0.016650  0.918759  0.224425  -0.324831  -0.269305  0.957857  -0.099927  0.288716  0.179288  0.940478  -0.008619  -0.007355  0.021452  0.235695  0.081975  0.092108  1.000000  
205.614756 0.013002  0.007451  -0.016632  0.918759  0.224543  -0.324750  -0.269305  0.957893  -0.099578  0.288716  0.178945  0.940543  -0.008618  -0.007646  0.021345  0.243816  0.081942  0.092116  1.000000  
205.616005 0.012989  0.007435  -0.016606  0.918814  0.224504  -0.324620  -0.269116  0.957987  -0.099180  0.288716  0.178489  0.940630  -0.008567  -0.008040  0.021629  0.249970  0.080650  0.085638  1.000000  
205.617249 0.012977  0.007418  -0.016574  0.918925  0.224267  -0.324471  -0.268738  0.958128  -0.098849  0.288716  0.178033  0.940717  -0.008456  -0.008490  0.022286  0.256277  0.072459  0.067008  1.000000  
205.618250 0.012969  0.007404  -0.016546  0.918888  0.224401  -0.324483  -0.268727  0.958182  -0.098349  0.288844  0.177569  0.940765  -0.008349  -0.008816  0.023001  0.268554  0.072447  0.067036  1.000000  
205.619506 0.012959  0.007390  -0.016509  0.918999  0.224203  -0.324306  -0.268348  0.958334  -0.097901  0.288844  0.176998  0.940872  -0.008140  -0.009106  0.023748  0.280802  0.069903  0.054032  1.000000  
205.620748 0.012949  0.007376  -0.016470  0.919054  0.224203  -0.324150  -0.268159  0.958440  -0.097387  0.288844  0.176428  0.940980  -0.008054  -0.009362  0.024430  0.290758  0.062464  0.041552  1.000000  
205.621749 0.012941  0.007366  -0.016441  0.919109  0.224163  -0.324021  -0.267970  0.958533  -0.096989  0.288844  0.175971  0.941065  -0.007888  -0.009569  0.024662  0.300969  0.061227  0.035123  1.000000  
205.622998 0.012932  0.007354  -0.016407  0.919182  0.223942  -0.323967  -0.267581  0.958690  -0.096505  0.288972  0.175393  0.941134  -0.007819  -0.009815  0.024757  0.307255  0.057528  0.015784  1.000000  
205.624005 0.012927  0.007345  -0.016382  0.919292  0.223704  -0.323818  -0.267202  0.958829  -0.096174  0.288972  0.174937  0.941219  -0.007680  -0.009995  0.024752  0.311863  0.054256  -0.003597  1.000000  
205.625249 0.012919  0.007335  -0.016351  0.919347  0.223742  -0.323636  -0.267013  0.958945  -0.095542  0.288972  0.174252  0.941346  -0.007614  -0.010067  0.024648  0.325600  0.046979  -0.015626  1.000000  
205.626254 0.012912  0.007325  -0.016326  0.919457  0.223544  -0.323461  -0.266634  0.959095  -0.095094  0.288972  0.173681  0.941451  -0.007678  -0.010291  0.024775  0.333704  0.044525  -0.028514  1.000000  
205.627502 0.012902  0.007313  -0.016294  0.919475  0.223599  -0.323373  -0.266434  0.959228  -0.094311  0.289100  0.172874  0.941560  -0.007796  -0.010405  0.025223  0.350858  0.045633  -0.049091  1.000000  
205.628758 0.012890  0.007299  -0.016258  0.919584  0.223478  -0.323144  -0.266056  0.959400  -0.093630  0.289100  0.172075  0.941707  -0.008004  -0.010784  0.026284  0.365156  0.037547  -0.067745  1.000000  
205.630001 0.012878  0.007283  -0.016219  0.919602  0.223533  -0.323056  -0.265856  0.959531  -0.092847  0.289228  0.171268  0.941814  -0.008030  -0.010926  0.027366  0.381653  0.039566  -0.081597  1.000000  
205.631247 0.012865  0.007266  -0.016177  0.919711  0.223412  -0.322828  -0.265477  0.959702  -0.092165  0.289228  0.170468  0.941959  -0.008116  -0.011102  0.028255  0.400176  0.031526  -0.100296  1.000000  
205.632251 0.012855  0.007253  -0.016145  0.919729  0.223427  -0.322768  -0.265277  0.959821  -0.091498  0.289356  0.169776  0.942045  -0.008162  -0.010962  0.028660  0.412403  0.029134  -0.113283  1.000000  
205.633498 0.012844  0.007239  -0.016106  0.919746  0.223521  -0.322653  -0.265077  0.959962  -0.090598  0.289484  0.168855  0.942171  -0.008250  -0.010827  0.028813  0.429329  0.026557  -0.125257  1.000000  
205.634749 0.012833  0.007225  -0.016070  0.919672  0.223791  -0.322679  -0.265055  0.960062  -0.089596  0.289740  0.167927  0.942258  -0.008329  -0.010790  0.028700  0.455312  0.030066  -0.133603  1.000000  
205.636000 0.012824  0.007214  -0.016037  0.919689  0.223885  -0.322564  -0.264855  0.960200  -0.088696  0.289869  0.167006  0.942383  -0.008255  -0.010714  0.028390  0.471693  0.027745  -0.146609  1.000000  
205.637248 0.012814  0.007203  -0.016004  0.919706  0.224018  -0.322423  -0.264655  0.960349  -0.087679  0.289997  0.165970  0.942526  -0.008268  -0.010594  0.028247  0.496229  0.025442  -0.159619  1.000000  
205.638501 0.012805  0.007194  -0.015969  0.919686  0.224130  -0.322403  -0.264444  0.960502  -0.086628  0.290253  0.164928  0.942630  -0.008290  -0.010451  0.028352  0.514392  0.032936  -0.166352  1.000000  
205.639748 0.012797  0.007184  -0.015932  0.919611  0.224439  -0.322400  -0.264423  0.960608  -0.085509  0.290509  0.163885  0.942733  -0.008384  -0.010341  0.028750  0.536849  0.040667  -0.174455  1.000000  
205.640998 0.012787  0.007174  -0.015890  0.919591  0.224590  -0.322353  -0.264212  0.960770  -0.084341  0.290765  0.162728  0.942855  -0.008468  -0.010257  0.029491  0.562990  0.044007  -0.181628  1.000000  
205.641999 0.012777  0.007165  -0.015854  0.919571  0.224703  -0.322333  -0.264001  0.960920  -0.083288  0.291021  0.161686  0.942955  -0.008655  -0.010248  0.030203  0.585266  0.051749  -0.189653  1.000000  
205.643004 0.012766  0.007155  -0.015819  0.919550  0.224815  -0.322313  -0.263791  0.961068  -0.082236  0.291277  0.160643  0.943054  -0.008765  -0.010214  0.030819  0.608408  0.055575  -0.198472  1.000000  
205.644005 0.012756  0.007145  -0.015782  0.919475  0.225126  -0.322310  -0.263769  0.961169  -0.081117  0.291533  0.159601  0.943152  -0.008769  -0.010031  0.031280  0.632683  0.064557  -0.199965  1.000000  
205.645007 0.012745  0.007135  -0.015748  0.919454  0.225239  -0.322290  -0.263558  0.961315  -0.080065  0.291789  0.158558  0.943249  -0.008769  -0.009789  0.031334  0.657104  0.073555  -0.201492  1.000000  
205.646253 0.012734  0.007123  -0.015707  0.919342  0.225647  -0.322326  -0.263526  0.961448  -0.078561  0.292173  0.157166  0.943363  -0.008686  -0.009404  0.031308  0.691862  0.088216  -0.197307  1.000000  
205.647499 0.012723  0.007113  -0.015669  0.919283  0.225897  -0.322318  -0.263304  0.961634  -0.077007  0.292557  0.155659  0.943494  -0.008636  -0.009109  0.031174  0.728499  0.101704  -0.199551  1.000000  
205.648501 0.012715  0.007105  -0.015639  0.919224  0.226030  -0.322392  -0.263083  0.961791  -0.075802  0.292940  0.154495  0.943566  -0.008601  -0.008846  0.031101  0.752876  0.110729  -0.201000  1.000000  
205.649748 0.012705  0.007097  -0.015601  0.919182  0.226103  -0.322463  -0.262661  0.962034  -0.074163  0.293452  0.152868  0.943672  -0.008534  -0.008567  0.031306  0.785103  0.126486  -0.208763  1.000000  
205.650750 0.012698  0.007090  -0.015568  0.919122  0.226276  -0.322510  -0.262440  0.962195  -0.072841  0.293836  0.151590  0.943759  -0.008480  -0.008371  0.031767  0.815967  0.141022  -0.212654  1.000000  
205.652000 0.012690  0.007082  -0.015525  0.919079  0.226350  -0.322582  -0.262018  0.962433  -0.071202  0.294347  0.149962  0.943860  -0.008446  -0.008216  0.032483  0.852661  0.154576  -0.214787  1.000000  
205.653248 0.012681  0.007073  -0.015479  0.919035  0.226425  -0.322655  -0.261596  0.962667  -0.069561  0.294859  0.148335  0.943957  -0.008436  -0.008161  0.033258  0.889348  0.172565  -0.217647  1.000000  
205.654503 0.012671  0.007063  -0.015431  0.918953  0.226521  -0.322822  -0.261164  0.962913  -0.067770  0.295498  0.146587  0.944030  -0.008524  -0.008239  0.033949  0.925819  0.194981  -0.221145  1.000000  
205.655748 0.012658  0.007051  -0.015383  0.918924  0.226420  -0.322976  -0.260542  0.963201  -0.066044  0.296137  0.144839  0.944100  -0.008721  -0.008357  0.034380  0.959515  0.213636  -0.235969  1.000000  
205.656749 0.012648  0.007041  -0.015346  0.918825  0.226617  -0.323119  -0.260310  0.963364  -0.064571  0.296648  0.143441  0.944153  -0.008773  -0.008423  0.034531  0.982933  0.231316  -0.238482  1.000000  
205.657999 0.012633  0.007029  -0.015302  0.918832  0.226576  -0.323126  -0.259699  0.963648  -0.062763  0.297159  0.141584  0.944272  -0.008869  -0.008399  0.034465  1.021282  0.243757  -0.246824  1.000000  
205.659006 0.012622  0.007018  -0.015268  0.918786  0.226616  -0.323230  -0.259278  0.963859  -0.061239  0.297670  0.140072  0.944337  -0.008925  -0.008457  0.034259  1.052056  0.262735  -0.258000  1.000000  
205.660259 0.012608  0.007005  -0.015226  0.918754  0.226598  -0.323333  -0.258656  0.964149  -0.059280  0.298309  0.138095  0.944427  -0.008994  -0.008452  0.034285  1.086496  0.279779  -0.266979  1.000000  
205.661506 0.012594  0.006994  -0.015181  0.918721  0.226581  -0.323438  -0.258035  0.964434  -0.057320  0.298947  0.136119  0.944512  -0.009188  -0.008448  0.034585  1.123091  0.295806  -0.282480  1.000000  
205.662753 0.012580  0.006983  -0.015133  0.918741  0.226406  -0.323506  -0.257224  0.964768  -0.055310  0.299585  0.134029  0.944608  -0.009446  -0.008502  0.035321  1.157812  0.310912  -0.304468  1.000000  
205.664060 0.012565  0.006974  -0.015083  0.918759  0.226232  -0.323576  -0.256413  0.965097  -0.053299  0.300224  0.131938  0.944700  -0.009744  -0.008489  0.036019  1.190019  0.325408  -0.325724  1.000000  
205.665248 0.012551  0.006963  -0.015030  0.918776  0.226099  -0.323620  -0.255603  0.965427  -0.051171  0.300862  0.129733  0.944802  -0.010033  -0.008674  0.037017  1.228909  0.338422  -0.345360  1.000000  
205.666248 0.012538  0.006955  -0.014988  0.918778  0.226025  -0.323665  -0.254992  0.965676  -0.049479  0.301372  0.127992  0.944877  -0.010477  -0.008861  0.037625  1.259499  0.353068  -0.362878  1.000000  
205.667248 0.012526  0.006945  -0.014945  0.918833  0.225792  -0.323674  -0.254192  0.965975  -0.047736  0.301882  0.126137  0.944964  -0.010892  -0.009054  0.038095  1.287659  0.358370  -0.389789  1.000000  
205.668499 0.012508  0.006931  -0.014894  0.918899  0.225502  -0.323688  -0.253193  0.966343  -0.045557  0.302520  0.123818  0.945067  -0.011431  -0.009317  0.038396  1.321534  0.369784  -0.414630  1.000000  
205.669748 0.012489  0.006917  -0.014845  0.918912  0.225452  -0.323687  -0.252382  0.966663  -0.043194  0.303158  0.121384  0.945178  -0.011993  -0.009563  0.038378  1.366930  0.384052  -0.438910  1.000000  
205.670749 0.012474  0.006906  -0.014808  0.918963  0.225222  -0.323702  -0.251583  0.966948  -0.041451  0.303668  0.119529  0.945251  -0.012325  -0.009666  0.038354  1.391202  0.389698  -0.465787  1.000000  
205.671749 0.012458  0.006893  -0.014771  0.918961  0.225270  -0.323674  -0.250972  0.967192  -0.039406  0.304178  0.117445  0.945348  -0.012668  -0.009818  0.038354  1.419873  0.394077  -0.475553  1.000000  
205.672998 0.012437  0.006877  -0.014724  0.919022  0.225102  -0.323616  -0.249973  0.967551  -0.036874  0.304815  0.114783  0.945470  -0.013032  -0.010098  0.038523  1.460280  0.404601  -0.502634  1.000000  
205.673999 0.012422  0.006865  -0.014685  0.919070  0.224953  -0.323584  -0.249173  0.967830  -0.034895  0.305324  0.112699  0.945556  -0.013308  -0.010194  0.038905  1.488336  0.410534  -0.529142  1.000000  
205.674999 0.012407  0.006853  -0.014643  0.919117  0.224844  -0.323526  -0.248374  0.968109  -0.032798  0.305834  0.110501  0.945651  -0.013575  -0.010338  0.039438  1.522534  0.417532  -0.549139  1.000000  
205.676003 0.012392  0.006841  -0.014601  0.919112  0.224896  -0.323504  -0.247763  0.968332  -0.030752  0.306344  0.108417  0.945727  -0.013825  -0.010496  0.039939  1.552864  0.423622  -0.572986  1.000000  
205.677004 0.012377  0.006830  -0.014557  0.919118  0.224774  -0.323572  -0.246953  0.968605  -0.028622  0.306980  0.106214  0.945770  -0.014019  -0.010607  0.040363  1.582882  0.430782  -0.592947  1.000000  
205.678259 0.012359  0.006818  -0.014502  0.919122  0.224851  -0.323507  -0.246143  0.968887  -0.025904  0.307617  0.103438  0.945871  -0.014308  -0.010853  0.040757  1.620970  0.438296  -0.612640  1.000000  
205.679260 0.012346  0.006807  -0.014459  0.919115  0.224945  -0.323462  -0.245533  0.969098  -0.023740  0.308126  0.101240  0.945943  -0.014473  -0.011060  0.040863  1.651038  0.442944  -0.618829  1.000000  
205.680502 0.012328  0.006793  -0.014408  0.919117  0.225063  -0.323373  -0.244723  0.969368  -0.020904  0.308762  0.098350  0.946041  -0.014730  -0.011295  0.040694  1.689834  0.446433  -0.638096  1.000000  
205.681749 0.012310  0.006779  -0.014359  0.919169  0.225022  -0.323255  -0.243723  0.969677  -0.018017  0.309399  0.095345  0.946140  -0.014840  -0.011356  0.040434  1.732313  0.449954  -0.657179  1.000000  
205.682999 0.012291  0.006764  -0.014311  0.919219  0.224943  -0.323167  -0.242724  0.969976  -0.015247  0.310035  0.092456  0.946219  -0.014963  -0.011537  0.040190  1.770473  0.453473  -0.676186  1.000000  
205.684000 0.012275  0.006751  -0.014272  0.919258  0.224920  -0.323073  -0.241925  0.970209  -0.012913  0.310544  0.090029  0.946286  -0.015041  -0.011687  0.040173  1.802498  0.453163  -0.688210  1.000000  
205.685260 0.012256  0.006736  -0.014223  0.919265  0.224911  -0.323059  -0.240915  0.970496  -0.009874  0.311307  0.086907  0.946327  -0.015017  -0.011677  0.040244  1.844041  0.456839  -0.706860  1.000000  
205.686499 0.012237  0.006719  -0.014172  0.919311  0.224992  -0.322872  -0.239916  0.970771  -0.006632  0.311942  0.083559  0.946419  -0.014940  -0.011823  0.040646  1.891495  0.457064  -0.720015  1.000000  
205.687499 0.012223  0.006706  -0.014130  0.919387  0.225061  -0.322607  -0.239128  0.970980  -0.004094  0.312324  0.080908  0.946524  -0.014866  -0.011830  0.040924  1.931359  0.456615  -0.737429  1.000000  
205.688501 0.012209  0.006694  -0.014086  0.919421  0.225159  -0.322440  -0.238328  0.971184  -0.001405  0.312832  0.078138  0.946589  -0.014695  -0.011806  0.041249  1.973835  0.457553  -0.742879  1.000000  
205.689503 0.012196  0.006681  -0.014044  0.919455  0.225180  -0.322329  -0.237529  0.971380  0.001048  0.313340  0.075599  0.946627  -0.014534  -0.011838  0.041390  1.999227  0.457388  -0.755670  1.000000  
205.690749 0.012182  0.006668  -0.013992  0.919496  0.225266  -0.322153  -0.236530  0.971615  0.004292  0.313976  0.072253  0.946678  -0.014233  -0.011791  0.041348  2.043321  0.458132  -0.767329  1.000000  
205.691757 0.012171  0.006657  -0.013952  0.919527  0.225327  -0.322020  -0.235731  0.971794  0.006864  0.314484  0.069599  0.946708  -0.013971  -0.011787  0.040989  2.084156  0.459321  -0.771898  1.000000  
205.692757 0.012160  0.006645  -0.013914  0.919558  0.225429  -0.321861  -0.234932  0.971965  0.009553  0.314992  0.066831  0.946739  -0.013765  -0.011868  0.040546  2.118000  0.460394  -0.777116  1.000000  
205.694003 0.012147  0.006631  -0.013868  0.919643  0.225357  -0.321669  -0.233744  0.972213  0.012850  0.315626  0.063371  0.946765  -0.013449  -0.011933  0.040198  2.162756  0.462019  -0.790876  1.000000  
205.695004 0.012137  0.006618  -0.013832  0.919719  0.225299  -0.321491  -0.232756  0.972410  0.015592  0.316134  0.060489  0.946784  -0.013205  -0.012005  0.039807  2.195095  0.461898  -0.801360  1.000000  
205.696009 0.012126  0.006606  -0.013795  0.919747  0.225442  -0.321313  -0.231957  0.972552  0.018400  0.316642  0.057607  0.946794  -0.012913  -0.012101  0.039540  2.236477  0.463249  -0.805876  1.000000  
205.697255 0.012112  0.006589  -0.013748  0.919868  0.225419  -0.320982  -0.230780  0.972762  0.021784  0.317150  0.054037  0.946835  -0.012585  -0.012228  0.039420  2.278570  0.460629  -0.810371  1.000000  
205.698501 0.012097  0.006572  -0.013698  0.919946  0.225429  -0.320750  -0.229592  0.972958  0.025318  0.317784  0.050350  0.946825  -0.012325  -0.012418  0.039531  2.325088  0.462653  -0.815399  1.000000  
205.699749 0.012083  0.006554  -0.013648  0.920023  0.225479  -0.320496  -0.228404  0.973135  0.028970  0.318418  0.046550  0.946807  -0.012006  -0.012545  0.039641  2.369438  0.464229  -0.826911  1.000000  
205.700998 0.012068  0.006536  -0.013597  0.920097  0.225530  -0.320246  -0.227216  0.973298  0.032622  0.319052  0.042750  0.946772  -0.011714  -0.012653  0.039657  2.416067  0.466470  -0.831909  1.000000  
205.702005 0.012057  0.006522  -0.013557  0.920164  0.225555  -0.320035  -0.226228  0.973423  0.035602  0.319559  0.039642  0.946737  -0.011485  -0.012684  0.039543  2.447500  0.467573  -0.843430  1.000000  
205.703253 0.012043  0.006505  -0.013509  0.920323  0.225452  -0.319651  -0.224861  0.973599  0.039276  0.320067  0.035730  0.946721  -0.011266  -0.012736  0.039237  2.487413  0.464962  -0.854370  1.000000  
205.704268 0.012032  0.006493  -0.013472  0.920388  0.225440  -0.319474  -0.223873  0.973707  0.042138  0.320574  0.032739  0.946658  -0.011129  -0.012778  0.038691  2.512186  0.466590  -0.859117  1.000000  
205.705500 0.012019  0.006477  -0.013427  0.920542  0.225298  -0.319128  -0.222506  0.973860  0.045695  0.321080  0.028944  0.946610  -0.011052  -0.012894  0.038301  2.546580  0.464220  -0.870430  1.000000  
205.706749 0.012006  0.006460  -0.013384  0.920695  0.225196  -0.318760  -0.221140  0.973992  0.049370  0.321587  0.025035  0.946549  -0.011032  -0.013108  0.037917  2.584177  0.457012  -0.887578  1.000000  
205.708001 0.011992  0.006443  -0.013340  0.920845  0.225133  -0.318370  -0.219772  0.974101  0.053165  0.322094  0.021013  0.946474  -0.011004  -0.013304  0.037701  2.621616  0.454454  -0.904973  1.000000  
205.709009 0.011981  0.006428  -0.013303  0.920948  0.225001  -0.318166  -0.218595  0.974196  0.056197  0.322601  0.017795  0.946368  -0.011090  -0.013569  0.037714  2.654933  0.455825  -0.923741  1.000000  
205.710260 0.011966  0.006408  -0.013257  0.921094  0.224977  -0.317760  -0.217228  0.974268  0.060110  0.323107  0.013660  0.946264  -0.011247  -0.013895  0.037749  2.691853  0.453460  -0.940992  1.000000  
205.711506 0.011950  0.006386  -0.013209  0.921237  0.224992  -0.317333  -0.215861  0.974315  0.064141  0.323614  0.009411  0.946143  -0.011381  -0.014185  0.037898  2.731873  0.451871  -0.951979  1.000000  
205.712755 0.011933  0.006365  -0.013161  0.921379  0.225007  -0.316912  -0.214494  0.974343  0.068172  0.324120  0.005164  0.946002  -0.011557  -0.014503  0.037804  2.775900  0.450304  -0.962996  1.000000  
205.714000 0.011916  0.006343  -0.013115  0.921474  0.225147  -0.316536  -0.213316  0.974324  0.072031  0.324626  0.001147  0.945842  -0.011737  -0.014790  0.037554  2.805172  0.449288  -0.966526  1.000000  
205.715254 0.011900  0.006320  -0.013072  0.921653  0.225124  -0.316029  -0.211959  0.974326  0.075915  0.325006  -0.002983  0.945707  -0.011804  -0.015117  0.037036  2.837142  0.439123  -0.977209  1.000000  
205.716502 0.011884  0.006298  -0.013029  0.921831  0.224978  -0.315614  -0.210402  0.974336  0.079999  0.325512  -0.007340  0.945509  -0.011903  -0.015412  0.036511  2.871050  0.437426  -0.995609  1.000000  
205.717748 0.011867  0.006277  -0.012988  0.922006  0.225069  -0.315038  -0.209044  0.974271  0.084238  0.325891  -0.011811  0.945333  -0.012121  -0.015735  0.035940  2.904055  0.436814  -1.006987  1.000000  
205.718998 0.011851  0.006255  -0.012947  0.922179  0.225122  -0.314494  -0.207687  0.974197  0.088359  0.326271  -0.016166  0.945138  -0.012268  -0.016033  0.035624  2.932907  0.431709  -1.016016  1.000000  
205.720004 0.011838  0.006238  -0.012914  0.922392  0.224866  -0.314052  -0.206339  0.974193  0.091506  0.326524  -0.019604  0.944986  -0.012489  -0.016413  0.035418  2.960423  0.425024  -1.035452  1.000000  
205.721251 0.011821  0.006215  -0.012871  0.922560  0.224917  -0.313521  -0.204981  0.974083  0.095627  0.326903  -0.023956  0.944754  -0.012697  -0.016797  0.035326  2.990505  0.420512  -1.044916  1.000000  
205.722499 0.011804  0.006192  -0.012827  0.922768  0.224805  -0.312988  -0.203433  0.973989  0.099800  0.327283  -0.028421  0.944499  -0.012945  -0.017236  0.035357  3.019637  0.415550  -1.062256  1.000000  
205.723748 0.011786  0.006167  -0.012782  0.923016  0.224726  -0.312312  -0.201894  0.973863  0.104065  0.327535  -0.033000  0.944262  -0.013173  -0.017643  0.035349  3.054819  0.406418  -1.072985  1.000000  
205.724749 0.011771  0.006147  -0.012746  0.923179  0.224705  -0.311845  -0.200735  0.973741  0.107395  0.327788  -0.036547  0.944044  -0.013402  -0.017964  0.035268  3.076462  0.401059  -1.077850  1.000000  
205.725772 0.011756  0.006126  -0.012712  0.923382  0.224560  -0.311350  -0.199386  0.973626  0.110897  0.328041  -0.040322  0.943803  -0.013543  -0.018257  0.034940  3.103592  0.394788  -1.097469  1.000000  
205.727001 0.011738  0.006099  -0.012671  0.923623  0.224552  -0.310639  -0.197846  0.973417  0.115398  0.328294  -0.045125  0.943497  -0.013730  -0.018611  0.034629  3.145262  0.390811  -1.109246  1.000000  
205.728009 0.011723  0.006078  -0.012639  0.923824  0.224560  -0.310035  -0.196696  0.973238  0.118819  0.328420  -0.048785  0.943271  -0.013754  -0.018827  0.034063  3.166299  0.381109  -1.113992  1.000000  
205.729255 0.011705  0.006051  -0.012602  0.924061  0.224436  -0.309419  -0.195156  0.973033  0.122964  0.328673  -0.053241  0.942942  -0.013815  -0.019123  0.033561  3.189650  0.373925  -1.124096  1.000000  
205.730502 0.011688  0.006025  -0.012563  0.924338  0.224265  -0.308714  -0.193625  0.972825  0.126966  0.328799  -0.057584  0.942643  -0.013889  -0.019428  0.033295  3.205348  0.359408  -1.136804  1.000000  
205.731748 0.011672  0.005999  -0.012525  0.924612  0.224205  -0.307935  -0.192093  0.972551  0.131321  0.328926  -0.062269  0.942301  -0.013928  -0.019703  0.033103  3.228882  0.347983  -1.145622  1.000000  
205.732748 0.011658  0.005979  -0.012493  0.924845  0.224043  -0.307354  -0.190752  0.972339  0.134796  0.329052  -0.066037  0.942000  -0.013924  -0.019857  0.032997  3.248016  0.338934  -1.157313  1.000000  
205.733749 0.011646  0.005958  -0.012461  0.925076  0.223880  -0.306777  -0.189410  0.972114  0.138270  0.329178  -0.069804  0.941684  -0.013904  -0.020148  0.032995  3.275581  0.333022  -1.166021  1.000000  
205.734998 0.011629  0.005931  -0.012420  0.925387  0.223803  -0.305895  -0.187886  0.971784  0.142599  0.329178  -0.074486  0.941325  -0.013929  -0.020460  0.032924  3.297317  0.322024  -1.174426  1.000000  
205.736004 0.011616  0.005910  -0.012388  0.925618  0.223789  -0.305205  -0.186743  0.971500  0.145993  0.329178  -0.078139  0.941029  -0.013914  -0.020680  0.032775  3.322631  0.306712  -1.176876  1.000000  
205.737250 0.011599  0.005882  -0.012349  0.925924  0.223741  -0.304309  -0.185218  0.971114  0.150440  0.329178  -0.082932  0.940619  -0.013911  -0.020993  0.032420  3.347221  0.296177  -1.179237  1.000000  
205.738499 0.011581  0.005853  -0.012310  0.926228  0.223727  -0.303394  -0.183693  0.970686  0.155003  0.329178  -0.087837  0.940174  -0.013932  -0.021286  0.031963  3.377157  0.284163  -1.184908  1.000000  
205.739748 0.011564  0.005825  -0.012274  0.926492  0.223835  -0.302507  -0.182358  0.970226  0.159393  0.329178  -0.092512  0.939725  -0.013864  -0.021427  0.031438  3.401474  0.271816  -1.184343  1.000000  
205.740754 0.011549  0.005802  -0.012246  0.926716  0.223847  -0.301810  -0.181214  0.969858  0.162903  0.329178  -0.096272  0.939347  -0.013807  -0.021590  0.031130  3.415031  0.260835  -1.187050  1.000000  
205.742004 0.011532  0.005774  -0.012211  0.927014  0.223785  -0.300942  -0.179687  0.969385  0.167346  0.329178  -0.101057  0.938845  -0.013699  -0.021664  0.030680  3.428550  0.246973  -1.196427  1.000000  
205.743257 0.011515  0.005746  -0.012174  0.927352  0.223779  -0.299904  -0.178168  0.968851  0.172000  0.329052  -0.106071  0.938336  -0.013601  -0.021754  0.030452  3.453999  0.235346  -1.202447  1.000000  
205.744509 0.011500  0.005719  -0.012136  0.927607  0.223872  -0.299042  -0.176832  0.968307  0.176385  0.329052  -0.110736  0.937797  -0.013488  -0.021865  0.030546  3.481883  0.220108  -1.199064  1.000000  
205.745514 0.011487  0.005696  -0.012105  0.927868  0.223857  -0.298242  -0.175694  0.967874  0.179868  0.328926  -0.114494  0.937389  -0.013447  -0.021938  0.030539  3.495112  0.207033  -1.205618  1.000000  
205.746754 0.011472  0.005669  -0.012066  0.928156  0.223817  -0.297375  -0.174166  0.967292  0.184424  0.328926  -0.119382  0.936780  -0.013354  -0.022058  0.030500  3.516224  0.199545  -1.205763  1.000000  
205.748000 0.011457  0.005642  -0.012028  0.928485  0.223756  -0.296392  -0.172645  0.966690  0.188956  0.328799  -0.124272  0.936188  -0.013249  -0.022130  0.030436  3.531010  0.188117  -1.212855  1.000000  
205.749265 0.011441  0.005614  -0.011992  0.928776  0.223855  -0.295404  -0.171315  0.966042  0.193430  0.328673  -0.129046  0.935586  -0.013182  -0.022272  0.030120  3.547899  0.174517  -1.209802  1.000000  
205.750498 0.011426  0.005585  -0.011957  0.929100  0.223749  -0.294463  -0.169793  0.965417  0.197841  0.328547  -0.133817  0.934960  -0.013121  -0.022380  0.029789  3.567138  0.163915  -1.213778  1.000000  
205.751498 0.011413  0.005560  -0.011931  0.929318  0.223951  -0.293623  -0.168844  0.964827  0.201496  0.328420  -0.137678  0.934444  -0.013094  -0.022532  0.029420  3.577639  0.154764  -1.207793  1.000000  
205.752748 0.011396  0.005530  -0.011899  0.929638  0.223908  -0.292640  -0.167321  0.964111  0.206139  0.328294  -0.142670  0.933739  -0.013033  -0.022726  0.028924  3.597753  0.142912  -1.208563  1.000000  
205.753998 0.011380  0.005499  -0.011867  0.929921  0.223989  -0.291677  -0.165989  0.963376  0.210606  0.328167  -0.147432  0.933043  -0.012971  -0.022849  0.028604  3.608215  0.133778  -1.199147  1.000000  
205.755248 0.011364  0.005468  -0.011834  0.930237  0.223866  -0.290763  -0.164465  0.962664  0.215010  0.328041  -0.152190  0.932324  -0.012878  -0.023010  0.028364  3.617948  0.127001  -1.206236  1.000000  
205.756250 0.011350  0.005443  -0.011807  0.930482  0.223890  -0.289958  -0.163323  0.962023  0.218715  0.327915  -0.156154  0.931712  -0.012836  -0.023181  0.028310  3.629612  0.118025  -1.201100  1.000000  
205.757498 0.011335  0.005413  -0.011772  0.930760  0.223993  -0.288986  -0.161990  0.961197  0.223292  0.327788  -0.161019  0.930928  -0.012716  -0.023378  0.028336  3.635324  0.110173  -1.195310  1.000000  
205.758500 0.011322  0.005388  -0.011744  0.931003  0.223975  -0.288217  -0.160847  0.960549  0.226877  0.327662  -0.164864  0.930300  -0.012697  -0.023558  0.028182  3.638761  0.106144  -1.195675  1.000000  
205.759502 0.011310  0.005362  -0.011716  0.931244  0.223919  -0.287481  -0.159704  0.959915  0.230344  0.327535  -0.168595  0.929675  -0.012689  -0.023757  0.028050  3.657031  0.101008  -1.189834  1.000000  
205.760752 0.011294  0.005331  -0.011681  0.931592  0.223791  -0.286451  -0.158185  0.959078  0.234834  0.327283  -0.173457  0.928870  -0.012653  -0.023977  0.027806  3.673114  0.089722  -1.194786  1.000000  
205.761758 0.011282  0.005306  -0.011655  0.931830  0.223798  -0.285671  -0.157042  0.958353  0.238530  0.327156  -0.177408  0.928168  -0.012652  -0.024205  0.027357  3.682650  0.084870  -1.188783  1.000000  
205.763003 0.011267  0.005274  -0.011623  0.932098  0.223846  -0.284755  -0.155706  0.957453  0.242979  0.327030  -0.182142  0.927295  -0.012650  -0.024594  0.026986  3.688827  0.084773  -1.176495  1.000000  
205.764249 0.011251  0.005241  -0.011592  0.932408  0.223867  -0.283723  -0.154377  0.956535  0.247404  0.326777  -0.186881  0.926441  -0.012727  -0.024904  0.026703  3.696128  0.076931  -1.174533  1.000000  
205.765252 0.011238  0.005213  -0.011565  0.932610  0.224026  -0.282934  -0.153424  0.955742  0.251035  0.326650  -0.190709  0.925705  -0.012766  -0.025218  0.026543  3.705090  0.075726  -1.165126  1.000000  
205.766499 0.011220  0.005177  -0.011534  0.932916  0.224071  -0.281886  -0.152094  0.954752  0.255571  0.326397  -0.195553  0.924783  -0.012855  -0.025564  0.026507  3.711981  0.071888  -1.159747  1.000000  
205.767748 0.011202  0.005142  -0.011500  0.933189  0.224240  -0.280846  -0.150955  0.953755  0.259929  0.326144  -0.200168  0.923885  -0.012934  -0.025915  0.026627  3.712652  0.066855  -1.147873  1.000000  
205.768755 0.011188  0.005113  -0.011473  0.933418  0.224158  -0.280149  -0.149809  0.952989  0.263379  0.326018  -0.203874  0.923118  -0.012996  -0.026210  0.026714  3.711980  0.066996  -1.148091  1.000000  
205.769999 0.011170  0.005076  -0.011438  0.933732  0.224324  -0.278969  -0.148677  0.951926  0.267828  0.325638  -0.208603  0.922195  -0.013093  -0.026621  0.026869  3.719541  0.058432  -1.143834  1.000000  
205.771248 0.011152  0.005038  -0.011404  0.934031  0.224350  -0.277945  -0.147345  0.950850  0.272350  0.325385  -0.213430  0.921180  -0.013189  -0.027004  0.026835  3.723464  0.055531  -1.142149  1.000000  
205.772498 0.011135  0.005002  -0.011371  0.934341  0.224503  -0.276776  -0.146211  0.949741  0.276791  0.325006  -0.218150  0.920207  -0.013356  -0.027381  0.026694  3.724829  0.046037  -1.131622  1.000000  
205.773499 0.011120  0.004971  -0.011346  0.934577  0.224574  -0.275920  -0.145263  0.948867  0.280269  0.324753  -0.221852  0.919411  -0.013463  -0.027763  0.026530  3.722352  0.045110  -1.125614  1.000000  
205.774500 0.011106  0.004941  -0.011322  0.934812  0.224641  -0.275069  -0.144314  0.947978  0.283744  0.324500  -0.225551  0.918600  -0.013578  -0.028075  0.026237  3.725108  0.039690  -1.120789  1.000000  
205.775501 0.011091  0.004911  -0.011297  0.935089  0.224642  -0.274126  -0.143371  0.947116  0.287083  0.324120  -0.229147  0.917844  -0.013793  -0.028520  0.026031  3.724152  0.034172  -1.116131  1.000000  
205.776505 0.011076  0.004880  -0.011273  0.935322  0.224735  -0.273254  -0.142422  0.946165  0.290668  0.323867  -0.232951  0.916975  -0.013964  -0.028913  0.025894  3.727956  0.027590  -1.104689  1.000000  
205.777505 0.011060  0.004848  -0.011248  0.935596  0.224760  -0.272292  -0.141478  0.945240  0.294118  0.323487  -0.236652  0.916161  -0.014204  -0.029276  0.025827  3.717589  0.021700  -1.102291  1.000000  
