1-Time 2-Px 3-Py 4-Pz 5-R11 6-R21 7-R31 8-R12 9-R22 10-R32 11-R13 12-R23 13-R33 14-Vx 15-Vy 16-Vz 17-Wx 18-Wy 19-Wz 20-state
65.075474 0.014301  0.002179  -0.008244  0.440511  0.665378  0.602679  -0.810988  0.582859  -0.050728  -0.385031  -0.466420  0.796369  0.000367  -0.000108  -0.000013  0.000000  0.000000  0.000000  1.000000  
65.076565 0.014301  0.002179  -0.008244  0.440344  0.665498  0.602669  -0.811079  0.582722  -0.050852  -0.385031  -0.466420  0.796369  0.000000  0.000000  0.000000  0.000000  0.000000  0.000000  1.000000  
65.077566 0.014296  0.002176  -0.008242  0.440344  0.665498  0.602669  -0.811079  0.582722  -0.050852  -0.385031  -0.466420  0.796369  -0.002982  -0.001840  0.001583  0.000000  0.000000  0.000000  1.000000  
65.078567 0.014288  0.002172  -0.008234  0.440344  0.665498  0.602669  -0.811079  0.582722  -0.050852  -0.385031  -0.466420  0.796369  -0.004576  -0.002559  0.003593  0.000000  0.000000  0.000000  1.000000  
65.079587 0.014282  0.002169  -0.008229  0.440344  0.665498  0.602669  -0.811079  0.582722  -0.050852  -0.385031  -0.466420  0.796369  -0.005124  -0.002799  0.003981  0.000000  0.000000  0.000000  1.000000  
65.080836 0.014276  0.002167  -0.008226  0.440344  0.665425  0.602750  -0.811079  0.582729  -0.050782  -0.385031  -0.466516  0.796313  -0.004892  -0.002366  0.003709  0.000000  0.000000  0.000000  1.000000  
65.081849 0.014271  0.002166  -0.008223  0.440344  0.665425  0.602750  -0.811079  0.582729  -0.050782  -0.385031  -0.466516  0.796313  -0.005054  -0.002225  0.003618  0.000000  0.000000  0.000000  1.000000  
65.083076 0.014260  0.002163  -0.008220  0.440344  0.665425  0.602750  -0.811079  0.582729  -0.050782  -0.385031  -0.466516  0.796313  -0.005673  -0.002198  0.003355  0.000000  0.000000  0.000000  1.000000  
65.084083 0.014252  0.002162  -0.008218  0.440344  0.665425  0.602750  -0.811079  0.582729  -0.050782  -0.385031  -0.466516  0.796313  -0.005939  -0.002114  0.003152  0.000000  0.000000  0.000000  1.000000  
65.085085 0.014246  0.002161  -0.008216  0.440344  0.665425  0.602750  -0.811079  0.582729  -0.050782  -0.385031  -0.466516  0.796313  -0.005974  -0.001922  0.003037  0.000000  0.000000  0.000000  1.000000  
65.086319 0.014238  0.002161  -0.008213  0.440344  0.665352  0.602830  -0.811079  0.582735  -0.050711  -0.385031  -0.466613  0.796256  -0.006048  -0.001732  0.002959  0.000000  0.000000  0.000000  1.000000  
65.087328 0.014231  0.002160  -0.008210  0.440344  0.665352  0.602830  -0.811079  0.582735  -0.050711  -0.385031  -0.466613  0.796256  -0.006099  -0.001654  0.002983  0.000000  0.000000  0.000000  1.000000  
65.088572 0.014220  0.002159  -0.008205  0.440344  0.665352  0.602830  -0.811079  0.582735  -0.050711  -0.385031  -0.466613  0.796256  -0.006335  -0.001621  0.003107  0.000000  0.000000  0.000000  1.000000  
65.089814 0.014209  0.002156  -0.008197  0.440344  0.665279  0.602911  -0.811079  0.582741  -0.050640  -0.385031  -0.466709  0.796200  -0.006588  -0.001668  0.003376  0.000000  0.000000  0.000000  1.000000  
65.091065 0.014195  0.002150  -0.008187  0.440344  0.665279  0.602911  -0.811079  0.582741  -0.050640  -0.385031  -0.466709  0.796200  -0.007079  -0.001929  0.003810  0.000000  0.000000  0.000000  1.000000  
65.092066 0.014182  0.002144  -0.008179  0.440344  0.665279  0.602911  -0.811079  0.582741  -0.050640  -0.385031  -0.466709  0.796200  -0.007814  -0.002312  0.004337  0.000000  0.000000  0.000000  1.000000  
65.093314 0.014165  0.002136  -0.008169  0.440511  0.665085  0.603002  -0.810988  0.582884  -0.050445  -0.385031  -0.466806  0.796143  -0.008294  -0.002460  0.004448  0.000000  0.000000  0.000000  1.000000  
65.094565 0.014152  0.002132  -0.008163  0.440511  0.665085  0.603002  -0.810988  0.582884  -0.050445  -0.385031  -0.466806  0.796143  -0.008669  -0.002480  0.004410  0.000000  0.000000  0.000000  1.000000  
65.095814 0.014138  0.002128  -0.008160  0.440678  0.664892  0.603093  -0.810897  0.583027  -0.050251  -0.385031  -0.466902  0.796086  -0.009215  -0.002625  0.004391  0.000000  0.000000  0.000000  1.000000  
65.097067 0.014124  0.002125  -0.008156  0.440845  0.664772  0.603104  -0.810807  0.583164  -0.050126  -0.385031  -0.466902  0.796086  -0.009653  -0.002735  0.004418  0.000000  0.000000  0.000000  1.000000  
65.098315 0.014110  0.002121  -0.008148  0.440845  0.664772  0.603104  -0.810807  0.583164  -0.050126  -0.385031  -0.466902  0.796086  -0.009895  -0.002812  0.004816  0.000000  0.000000  0.000000  1.000000  
65.099322 0.014101  0.002120  -0.008139  0.441012  0.664652  0.603114  -0.810716  0.583301  -0.050002  -0.385031  -0.466902  0.796086  -0.009951  -0.002805  0.005206  0.000000  0.000000  0.000000  1.000000  
65.100571 0.014092  0.002120  -0.008128  0.441178  0.664532  0.603124  -0.810625  0.583438  -0.049878  -0.385031  -0.466902  0.796086  -0.010030  -0.002730  0.005840  0.000000  0.000000  0.000000  1.000000  
65.101825 0.014081  0.002120  -0.008115  0.441370  0.664442  0.603084  -0.810579  0.583519  -0.049660  -0.384907  -0.466928  0.796131  -0.010275  -0.002761  0.006552  0.000000  0.000000  0.000000  1.000000  
65.103070 0.014069  0.002118  -0.008102  0.441537  0.664395  0.603013  -0.810488  0.583650  -0.049607  -0.384907  -0.466832  0.796187  -0.010445  -0.002750  0.007026  0.000000  0.000000  0.000000  1.000000  
65.104077 0.014057  0.002115  -0.008093  0.441537  0.664395  0.603013  -0.810488  0.583650  -0.049607  -0.384907  -0.466832  0.796187  -0.010658  -0.002859  0.007290  0.000000  0.000000  0.000000  1.000000  
65.105318 0.014043  0.002112  -0.008084  0.441728  0.664304  0.602972  -0.810443  0.583732  -0.049389  -0.384784  -0.466858  0.796232  -0.010665  -0.002796  0.007322  0.000000  0.000000  0.000000  1.000000  
65.106564 0.014029  0.002108  -0.008077  0.441895  0.664257  0.602902  -0.810352  0.583863  -0.049336  -0.384784  -0.466761  0.796288  -0.010610  -0.002637  0.007104  0.000000  0.000000  0.000000  1.000000  
65.107814 0.014015  0.002104  -0.008071  0.442087  0.664240  0.602781  -0.810306  0.583939  -0.049189  -0.384660  -0.466691  0.796389  -0.010408  -0.002248  0.006832  0.000000  0.000000  0.000000  1.000000  
65.109064 0.014000  0.002102  -0.008066  0.442253  0.664120  0.602791  -0.810215  0.584076  -0.049065  -0.384660  -0.466691  0.796389  -0.010392  -0.002018  0.006680  0.000000  0.000000  0.000000  1.000000  
65.110064 0.013990  0.002101  -0.008061  0.442420  0.664000  0.602801  -0.810124  0.584212  -0.048941  -0.384660  -0.466691  0.796389  -0.010458  -0.001891  0.006765  0.000000  0.000000  0.000000  1.000000  
65.111314 0.013975  0.002100  -0.008055  0.442612  0.663983  0.602679  -0.810078  0.584288  -0.048794  -0.384537  -0.466620  0.796490  -0.010515  -0.001757  0.006922  0.000000  0.000000  0.000000  1.000000  
65.112316 0.013965  0.002100  -0.008047  0.442778  0.663862  0.602689  -0.809987  0.584425  -0.048670  -0.384537  -0.466620  0.796490  -0.010438  -0.001586  0.007230  0.000000  0.000000  0.000000  1.000000  
65.113417 0.013953  0.002100  -0.008036  0.442803  0.663892  0.602638  -0.810032  0.584370  -0.048577  -0.384413  -0.466646  0.796535  -0.010382  -0.001384  0.007420  0.000000  0.000000  0.000000  1.000000  
65.114564 0.013939  0.002102  -0.008022  0.442970  0.663845  0.602568  -0.809941  0.584501  -0.048523  -0.384413  -0.466550  0.796591  -0.010638  -0.001208  0.007701  0.000000  0.000000  0.000000  1.000000  
65.115571 0.013929  0.002104  -0.008013  0.443161  0.663755  0.602526  -0.809895  0.584583  -0.048306  -0.384290  -0.466576  0.796636  -0.010831  -0.001081  0.007682  0.000000  0.000000  0.000000  1.000000  
65.116572 0.013918  0.002105  -0.008005  0.443328  0.663707  0.602456  -0.809803  0.584714  -0.048253  -0.384290  -0.466479  0.796692  -0.011066  -0.001056  0.007444  0.000000  0.000000  0.000000  1.000000  
65.117820 0.013903  0.002103  -0.007997  0.443519  0.663690  0.602334  -0.809757  0.584790  -0.048106  -0.384166  -0.466408  0.796793  -0.011217  -0.001020  0.007197  0.000000  0.000000  0.000000  1.000000  
65.118823 0.013889  0.002101  -0.007991  0.443544  0.663793  0.602202  -0.809802  0.584729  -0.048084  -0.384043  -0.466338  0.796894  -0.011381  -0.000944  0.006897  0.000000  0.000000  0.000000  1.000000  
65.120076 0.013872  0.002101  -0.007984  0.443735  0.663849  0.602000  -0.809756  0.584799  -0.048008  -0.383919  -0.466170  0.797052  -0.011593  -0.000731  0.006798  0.000000  0.000000  0.000000  1.000000  
65.121080 0.013858  0.002100  -0.007977  0.443902  0.663801  0.601929  -0.809665  0.584930  -0.047955  -0.383919  -0.466074  0.797108  -0.011799  -0.000587  0.006830  0.000000  0.000000  0.000000  1.000000  
65.122318 0.013842  0.002099  -0.007968  0.444094  0.663857  0.601727  -0.809618  0.585001  -0.047880  -0.383796  -0.465906  0.797266  -0.011907  -0.000368  0.007057  0.000000  0.000000  0.000000  1.000000  
65.123564 0.013826  0.002099  -0.007958  0.444285  0.663839  0.601605  -0.809572  0.585077  -0.047733  -0.383672  -0.465835  0.797366  -0.011971  -0.000230  0.007317  0.000000  0.000000  0.000000  1.000000  
65.124814 0.013810  0.002100  -0.007946  0.444476  0.663895  0.601402  -0.809525  0.585147  -0.047658  -0.383549  -0.465668  0.797524  -0.012148  -0.000116  0.007767  0.000000  0.000000  0.000000  1.000000  
65.125814 0.013797  0.002101  -0.007936  0.444668  0.663950  0.601200  -0.809479  0.585218  -0.047582  -0.383425  -0.465500  0.797681  -0.012236  0.000033  0.008113  0.000000  0.000000  0.000000  1.000000  
65.126814 0.013785  0.002102  -0.007927  0.444692  0.664053  0.601068  -0.809524  0.585157  -0.047560  -0.383301  -0.465429  0.797782  -0.012375  0.000148  0.008229  0.000000  0.000000  0.000000  1.000000  
65.127814 0.013774  0.002103  -0.007917  0.444884  0.664108  0.600865  -0.809477  0.585228  -0.047484  -0.383178  -0.465261  0.797939  -0.012360  0.000262  0.008229  0.000000  0.000000  0.000000  1.000000  
65.129064 0.013760  0.002104  -0.007909  0.445217  0.664013  0.600723  -0.809294  0.585490  -0.047379  -0.383178  -0.465068  0.798052  -0.012347  0.000246  0.007974  0.000000  0.000000  0.000000  1.000000  
65.130066 0.013749  0.002105  -0.007904  0.445408  0.664068  0.600521  -0.809247  0.585561  -0.047304  -0.383054  -0.464900  0.798209  -0.012416  0.000129  0.007631  0.000000  0.000000  0.000000  1.000000  
65.131315 0.013733  0.002104  -0.007899  0.445624  0.664153  0.600266  -0.809245  0.585577  -0.047135  -0.382807  -0.464758  0.798410  -0.012562  -0.000032  0.007180  0.000000  0.000000  0.000000  1.000000  
65.132325 0.013720  0.002102  -0.007894  0.445816  0.664208  0.600063  -0.809198  0.585648  -0.047060  -0.382683  -0.464590  0.798567  -0.012635  -0.000138  0.007044  0.000000  0.000000  0.000000  1.000000  
65.133574 0.013703  0.002098  -0.007887  0.446173  0.664215  0.599789  -0.809060  0.585850  -0.046933  -0.382560  -0.464325  0.798780  -0.012609  -0.000184  0.007076  0.000000  0.000000  0.000000  1.000000  
65.134574 0.013691  0.002097  -0.007879  0.446365  0.664270  0.599586  -0.809012  0.585921  -0.046858  -0.382436  -0.464157  0.798937  -0.012514  -0.000268  0.007280  0.000000  0.000000  0.000000  1.000000  
65.135820 0.013676  0.002095  -0.007868  0.446581  0.664501  0.599170  -0.809010  0.585926  -0.046831  -0.382189  -0.463821  0.799251  -0.012395  -0.000302  0.007423  0.000000  0.000000  0.000000  1.000000  
65.137065 0.013662  0.002095  -0.007855  0.446938  0.664507  0.598896  -0.808871  0.586128  -0.046704  -0.382065  -0.463555  0.799464  -0.012215  -0.000292  0.007707  -0.090032  0.165281  -0.095987  1.000000  
65.138069 0.013651  0.002094  -0.007845  0.447296  0.664514  0.598621  -0.808732  0.586331  -0.046578  -0.381942  -0.463290  0.799677  -0.012112  -0.000276  0.007745  -0.095538  0.172350  -0.099282  1.000000  
65.139314 0.013636  0.002095  -0.007834  0.447512  0.664743  0.598205  -0.808729  0.586337  -0.046552  -0.381694  -0.462953  0.799990  -0.012003  -0.000322  0.007715  -0.109227  0.183336  -0.100338  1.000000  
65.140564 0.013622  0.002097  -0.007827  0.447870  0.664822  0.597850  -0.808589  0.586534  -0.046496  -0.381571  -0.462591  0.800259  -0.011922  -0.000265  0.007461  -0.122911  0.186536  -0.105918  1.000000  
65.141564 0.013611  0.002097  -0.007820  0.448061  0.665021  0.597485  -0.808542  0.586594  -0.046564  -0.381447  -0.462228  0.800527  -0.011799  -0.000337  0.007206  -0.135153  0.190392  -0.103717  1.000000  
65.142814 0.013598  0.002098  -0.007814  0.448585  0.664979  0.597139  -0.808309  0.586928  -0.046386  -0.381323  -0.461865  0.800796  -0.011704  -0.000357  0.006878  -0.146187  0.200700  -0.112570  1.000000  
65.144071 0.013583  0.002097  -0.007808  0.448776  0.665250  0.596693  -0.808262  0.586983  -0.046526  -0.381200  -0.461404  0.801120  -0.011787  -0.000467  0.006772  -0.165279  0.199078  -0.111747  1.000000  
65.145314 0.013567  0.002097  -0.007801  0.449159  0.665357  0.596285  -0.808166  0.587126  -0.046377  -0.380952  -0.461067  0.801432  -0.011940  -0.000533  0.006815  -0.174879  0.206158  -0.115101  1.000000  
65.146314 0.013553  0.002095  -0.007795  0.449516  0.665435  0.595929  -0.808025  0.587324  -0.046323  -0.380828  -0.460703  0.801700  -0.011975  -0.000578  0.006980  -0.184318  0.213071  -0.118362  1.000000  
65.147316 0.013539  0.002092  -0.007787  0.449707  0.665633  0.595564  -0.807977  0.587384  -0.046392  -0.380705  -0.460339  0.801967  -0.012050  -0.000631  0.007192  -0.193859  0.216227  -0.123928  1.000000  
65.148567 0.013522  0.002089  -0.007776  0.450065  0.665854  0.595046  -0.807837  0.587571  -0.046480  -0.380581  -0.459781  0.802346  -0.012058  -0.000619  0.007399  -0.211434  0.223178  -0.127255  1.000000  
65.149572 0.013509  0.002087  -0.007768  0.450422  0.665931  0.594690  -0.807696  0.587769  -0.046427  -0.380457  -0.459417  0.802613  -0.012103  -0.000633  0.007371  -0.220941  0.226291  -0.132805  1.000000  
65.150573 0.013497  0.002087  -0.007760  0.450613  0.666200  0.594243  -0.807647  0.587824  -0.046567  -0.380334  -0.458955  0.802936  -0.012137  -0.000557  0.007333  -0.235054  0.228136  -0.134025  1.000000  
65.151822 0.013481  0.002088  -0.007752  0.450995  0.666450  0.593673  -0.807551  0.587957  -0.046563  -0.380086  -0.458421  0.803358  -0.012280  -0.000481  0.006939  -0.252841  0.235180  -0.137426  1.000000  
65.153073 0.013466  0.002089  -0.007745  0.451352  0.666742  0.593074  -0.807409  0.588139  -0.046724  -0.379962  -0.457764  0.803791  -0.012292  -0.000408  0.006649  -0.270538  0.238238  -0.143065  1.000000  
65.154322 0.013450  0.002089  -0.007740  0.451876  0.666912  0.592484  -0.807175  0.588458  -0.046763  -0.379839  -0.457107  0.804224  -0.012401  -0.000429  0.006280  -0.285679  0.244560  -0.154293  1.000000  
65.155564 0.013436  0.002091  -0.007734  0.452258  0.667232  0.591831  -0.807077  0.588586  -0.046831  -0.379591  -0.456474  0.804700  -0.012429  -0.000409  0.006178  -0.302452  0.252719  -0.161958  1.000000  
65.156814 0.013419  0.002092  -0.007727  0.452615  0.667593  0.591150  -0.806935  0.588762  -0.047065  -0.379467  -0.455718  0.805187  -0.012631  -0.000374  0.006191  -0.324130  0.255789  -0.167624  1.000000  
65.157814 0.013406  0.002092  -0.007719  0.452972  0.667811  0.590631  -0.806793  0.588949  -0.047156  -0.379343  -0.455156  0.805563  -0.012830  -0.000361  0.006325  -0.337721  0.258873  -0.173263  1.000000  
65.159067 0.013388  0.002091  -0.007708  0.453520  0.668079  0.589906  -0.806602  0.589210  -0.047176  -0.379096  -0.454424  0.806092  -0.013041  -0.000401  0.006642  -0.362380  0.267991  -0.178181  1.000000  
65.160071 0.013373  0.002091  -0.007700  0.453877  0.668296  0.589387  -0.806459  0.589398  -0.047268  -0.378972  -0.453863  0.806467  -0.013121  -0.000408  0.006852  -0.376048  0.271062  -0.183857  1.000000  
65.161317 0.013355  0.002089  -0.007691  0.454259  0.668755  0.588570  -0.806360  0.589516  -0.047480  -0.378724  -0.453031  0.807050  -0.013187  -0.000344  0.006908  -0.402051  0.278062  -0.187402  1.000000  
65.162567 0.013337  0.002088  -0.007683  0.454781  0.669063  0.587817  -0.806124  0.589824  -0.047667  -0.378600  -0.452175  0.807589  -0.013246  -0.000260  0.006831  -0.418464  0.282375  -0.197403  1.000000  
65.163814 0.013320  0.002087  -0.007676  0.455329  0.669399  0.587009  -0.805931  0.590080  -0.047760  -0.378353  -0.451342  0.808170  -0.013310  -0.000078  0.006578  -0.443670  0.288901  -0.200660  1.000000  
65.165083 0.013304  0.002087  -0.007670  0.455877  0.669735  0.586201  -0.805738  0.590336  -0.047854  -0.378105  -0.450509  0.808751  -0.013269  -0.000016  0.006229  -0.465024  0.294214  -0.208073  1.000000  
65.166320 0.013288  0.002087  -0.007665  0.456424  0.670140  0.585312  -0.805544  0.590587  -0.048020  -0.377857  -0.449577  0.809385  -0.013273  0.000005  0.005954  -0.484443  0.301849  -0.215495  1.000000  
65.167325 0.013276  0.002088  -0.007661  0.456805  0.670453  0.584655  -0.805444  0.590718  -0.048092  -0.377610  -0.448939  0.809855  -0.013290  -0.000005  0.005915  -0.500765  0.304217  -0.217511  1.000000  
65.168576 0.013259  0.002088  -0.007655  0.457353  0.670856  0.583765  -0.805249  0.590969  -0.048259  -0.377362  -0.448005  0.810487  -0.013382  -0.000054  0.005975  -0.522542  0.311037  -0.221098  1.000000  
65.169820 0.013243  0.002089  -0.007646  0.457900  0.671328  0.582792  -0.805055  0.591215  -0.048499  -0.377114  -0.446972  0.811173  -0.013436  -0.000074  0.006110  -0.546026  0.321137  -0.230399  1.000000  
65.171072 0.013227  0.002089  -0.007637  0.458613  0.671606  0.581910  -0.804765  0.591605  -0.048548  -0.376866  -0.446036  0.811803  -0.013474  -0.000188  0.006281  -0.565227  0.331111  -0.239612  1.000000  
65.172314 0.013208  0.002088  -0.007627  0.459185  0.672176  0.580801  -0.804613  0.591794  -0.048767  -0.376494  -0.444926  0.812584  -0.013632  -0.000286  0.006389  -0.594560  0.339135  -0.239180  1.000000  
65.173316 0.013194  0.002087  -0.007619  0.459731  0.672503  0.579989  -0.804416  0.592053  -0.048866  -0.376246  -0.444087  0.813157  -0.013651  -0.000346  0.006363  -0.613286  0.344901  -0.247078  1.000000  
65.174564 0.013175  0.002085  -0.007613  0.460303  0.673139  0.578796  -0.804263  0.592236  -0.049158  -0.375874  -0.442877  0.813989  -0.013751  -0.000433  0.006128  -0.643565  0.355828  -0.252136  1.000000  
65.175564 0.013159  0.002084  -0.007607  0.460875  0.673633  0.577766  -0.804110  0.592432  -0.049308  -0.375502  -0.441862  0.814712  -0.013794  -0.000395  0.005923  -0.670924  0.369569  -0.255848  1.000000  
65.176814 0.013141  0.002083  -0.007602  0.461637  0.674173  0.576526  -0.803904  0.592705  -0.049388  -0.375006  -0.440672  0.815585  -0.013785  -0.000341  0.005741  -0.698574  0.383472  -0.263164  1.000000  
65.177814 0.013126  0.002083  -0.007596  0.462183  0.674634  0.575548  -0.803706  0.592953  -0.049634  -0.374758  -0.439631  0.816260  -0.013820  -0.000306  0.005691  -0.720470  0.390401  -0.270441  1.000000  
65.179065 0.013109  0.002083  -0.007588  0.462945  0.675239  0.574225  -0.803499  0.593221  -0.049789  -0.374262  -0.438339  0.817182  -0.013888  -0.000243  0.005747  -0.747438  0.407783  -0.275465  1.000000  
65.180069 0.013094  0.002083  -0.007582  0.463681  0.675604  0.573201  -0.803247  0.593558  -0.049824  -0.373890  -0.437319  0.817899  -0.014049  -0.000278  0.005883  -0.770541  0.421439  -0.282631  1.000000  
65.181314 0.013075  0.002083  -0.007572  0.464418  0.676175  0.571930  -0.802995  0.593878  -0.050077  -0.373517  -0.436000  0.818773  -0.014250  -0.000254  0.006223  -0.795388  0.438220  -0.295628  1.000000  
65.182337 0.013060  0.002084  -0.007565  0.464989  0.676658  0.570894  -0.802838  0.594078  -0.050232  -0.373145  -0.434978  0.819486  -0.014400  -0.000260  0.006448  -0.815241  0.452208  -0.299676  1.000000  
65.183571 0.013039  0.002082  -0.007555  0.465940  0.677160  0.569521  -0.802574  0.594438  -0.050179  -0.372524  -0.433702  0.820444  -0.014669  -0.000389  0.006669  -0.839796  0.470424  -0.305452  1.000000  
65.184573 0.013023  0.002081  -0.007546  0.466511  0.677708  0.568400  -0.802416  0.594633  -0.050408  -0.372152  -0.432577  0.821207  -0.014921  -0.000506  0.006774  -0.861151  0.480729  -0.307089  1.000000  
65.185823 0.013003  0.002079  -0.007538  0.467437  0.678177  0.567080  -0.802107  0.595045  -0.050454  -0.371655  -0.431274  0.822116  -0.015192  -0.000679  0.006696  -0.882018  0.501406  -0.318177  1.000000  
65.187062 0.012981  0.002077  -0.007530  0.468388  0.678739  0.565620  -0.801840  0.595403  -0.050479  -0.371034  -0.429893  0.823120  -0.015431  -0.000745  0.006569  -0.903150  0.522134  -0.329476  1.000000  
65.188071 0.012962  0.002075  -0.007525  0.468958  0.679350  0.564414  -0.801679  0.595594  -0.050783  -0.370661  -0.428663  0.823929  -0.015707  -0.000795  0.006384  -0.929062  0.532647  -0.331419  1.000000  
65.189314 0.012939  0.002072  -0.007519  0.469883  0.680014  0.562841  -0.801367  0.595991  -0.051051  -0.370164  -0.427054  0.824987  -0.015999  -0.000860  0.006290  -0.960879  0.550223  -0.337215  1.000000  
65.190314 0.012921  0.002071  -0.007514  0.470643  0.680593  0.561505  -0.801150  0.596268  -0.051219  -0.369667  -0.425744  0.825887  -0.016129  -0.000885  0.006287  -0.984546  0.563891  -0.345061  1.000000  
65.191564 0.012899  0.002070  -0.007506  0.471568  0.681183  0.560012  -0.800836  0.596673  -0.051419  -0.369169  -0.424230  0.826887  -0.016361  -0.000905  0.006502  -1.009512  0.584376  -0.356508  1.000000  
65.192814 0.012876  0.002069  -0.007494  0.472517  0.682001  0.558213  -0.800562  0.597012  -0.051742  -0.368547  -0.422435  0.828083  -0.016640  -0.000961  0.006767  -1.044772  0.596810  -0.359472  1.000000  
65.194065 0.012853  0.002068  -0.007483  0.473327  0.682898  0.556427  -0.800427  0.597169  -0.052014  -0.367801  -0.420760  0.829267  -0.017036  -0.001044  0.007065  -1.072406  0.621998  -0.361389  1.000000  
65.195316 0.012830  0.002067  -0.007471  0.474441  0.683517  0.554717  -0.800054  0.597657  -0.052154  -0.367179  -0.419059  0.830403  -0.017333  -0.001051  0.007313  -1.101923  0.642536  -0.373294  1.000000  
65.196595 0.012808  0.002066  -0.007459  0.475389  0.684253  0.552994  -0.799776  0.598007  -0.052411  -0.366557  -0.417355  0.831535  -0.017586  -0.001176  0.007411  -1.135918  0.657381  -0.378644  1.000000  
65.197820 0.012784  0.002064  -0.007449  0.476363  0.685014  0.551212  -0.799539  0.598309  -0.052575  -0.365810  -0.415670  0.832707  -0.017888  -0.001271  0.007421  -1.160498  0.680566  -0.383481  1.000000  
65.198823 0.012765  0.002062  -0.007442  0.477121  0.685703  0.549696  -0.799314  0.598581  -0.052900  -0.365311  -0.414140  0.833688  -0.018084  -0.001330  0.007318  -1.192470  0.692709  -0.391505  1.000000  
65.200078 0.012741  0.002059  -0.007432  0.478094  0.686522  0.547826  -0.799074  0.598880  -0.053140  -0.364564  -0.412348  0.834903  -0.018335  -0.001441  0.007420  -1.219173  0.712584  -0.390820  1.000000  
65.201319 0.012716  0.002056  -0.007423  0.479067  0.687335  0.545953  -0.798832  0.599181  -0.053382  -0.363816  -0.410551  0.836113  -0.018528  -0.001504  0.007477  -1.249847  0.729120  -0.397028  1.000000  
65.202324 0.012696  0.002053  -0.007415  0.480014  0.687852  0.544469  -0.798547  0.599556  -0.053432  -0.363193  -0.409136  0.837077  -0.018656  -0.001572  0.007665  -1.269833  0.745276  -0.403098  1.000000  
65.203570 0.012672  0.002049  -0.007403  0.481011  0.688684  0.542533  -0.798343  0.599814  -0.053582  -0.362320  -0.407354  0.838324  -0.018785  -0.001675  0.008081  -1.294074  0.766690  -0.407971  1.000000  
65.204572 0.012652  0.002046  -0.007392  0.481958  0.689258  0.540962  -0.798055  0.600186  -0.053708  -0.361697  -0.405832  0.839331  -0.018847  -0.001730  0.008448  -1.309412  0.783795  -0.414544  1.000000  
65.205824 0.012628  0.002043  -0.007378  0.483119  0.689957  0.539032  -0.797749  0.600590  -0.053752  -0.360823  -0.404043  0.840569  -0.018985  -0.001834  0.008867  -1.329572  0.801112  -0.421662  1.000000  
65.207072 0.012604  0.002040  -0.007364  0.484090  0.690877  0.536978  -0.797498  0.600886  -0.054151  -0.360074  -0.402025  0.841856  -0.019040  -0.001968  0.009155  -1.359864  0.815133  -0.423030  1.000000  
65.208075 0.012585  0.002038  -0.007353  0.485061  0.691466  0.535342  -0.797246  0.601217  -0.054188  -0.359325  -0.400515  0.842896  -0.019090  -0.002033  0.009309  -1.375445  0.832267  -0.429866  1.000000  
65.209323 0.012562  0.002036  -0.007340  0.486195  0.692316  0.533210  -0.796892  0.601653  -0.054554  -0.358576  -0.398387  0.844222  -0.019158  -0.002158  0.009282  -1.399469  0.849286  -0.437366  1.000000  
65.210571 0.012538  0.002033  -0.007327  0.487354  0.693187  0.531016  -0.796577  0.602045  -0.054828  -0.357702  -0.396275  0.845586  -0.019259  -0.002302  0.009383  -1.427775  0.866376  -0.444962  1.000000  
65.211823 0.012513  0.002028  -0.007315  0.488374  0.694202  0.528749  -0.796401  0.602252  -0.055117  -0.356702  -0.394179  0.846987  -0.019319  -0.002494  0.009486  -1.459156  0.881636  -0.439181  1.000000  
65.212826 0.012493  0.002025  -0.007304  0.489343  0.694835  0.527017  -0.796142  0.602584  -0.055236  -0.355952  -0.392551  0.848058  -0.019380  -0.002608  0.009663  -1.481019  0.898841  -0.446317  1.000000  
65.214070 0.012468  0.002020  -0.007289  0.490362  0.695902  0.524658  -0.795962  0.602788  -0.055602  -0.354951  -0.390343  0.849495  -0.019485  -0.002761  0.010088  -1.515782  0.913676  -0.440663  1.000000  
65.215096 0.012448  0.002016  -0.007275  0.491355  0.696552  0.522862  -0.795739  0.603080  -0.055629  -0.354076  -0.388728  0.850600  -0.019480  -0.002845  0.010487  -1.533155  0.930517  -0.447725  1.000000  
65.216323 0.012422  0.002010  -0.007256  0.492562  0.697445  0.520532  -0.795493  0.603395  -0.055722  -0.352949  -0.386633  0.852022  -0.019612  -0.003054  0.011105  -1.564932  0.953286  -0.446227  1.000000  
65.217326 0.012402  0.002006  -0.007241  0.493555  0.698149  0.518645  -0.795266  0.603684  -0.055826  -0.352073  -0.384907  0.853165  -0.019617  -0.003160  0.011625  -1.581319  0.974643  -0.452093  1.000000  
65.218572 0.012376  0.002001  -0.007222  0.494735  0.699063  0.516282  -0.794976  0.604042  -0.056095  -0.351071  -0.382680  0.854579  -0.019807  -0.003264  0.012129  -1.607543  0.988322  -0.454446  1.000000  
65.219573 0.012355  0.001996  -0.007207  0.495702  0.699729  0.514450  -0.794705  0.604379  -0.056301  -0.350319  -0.380927  0.855670  -0.019823  -0.003335  0.012366  -1.621746  1.002411  -0.456488  1.000000  
65.220574 0.012334  0.001992  -0.007192  0.496694  0.700478  0.512470  -0.794472  0.604668  -0.056486  -0.349441  -0.379087  0.856845  -0.019919  -0.003483  0.012624  -1.644248  1.016532  -0.458636  1.000000  
65.221821 0.012310  0.001987  -0.007174  0.498062  0.701212  0.510133  -0.794111  0.605142  -0.056488  -0.348313  -0.376968  0.858238  -0.019971  -0.003615  0.012910  -1.656893  1.041747  -0.463542  1.000000  
65.222823 0.012289  0.001982  -0.007159  0.499077  0.701977  0.508086  -0.793913  0.605393  -0.056580  -0.347309  -0.375138  0.859446  -0.020119  -0.003842  0.013117  -1.670823  1.059557  -0.463926  1.000000  
65.224076 0.012263  0.001975  -0.007141  0.500443  0.702697  0.505741  -0.793547  0.605872  -0.056589  -0.346180  -0.373009  0.860827  -0.020264  -0.004119  0.013500  -1.680442  1.078929  -0.478577  1.000000  
65.225321 0.012235  0.001966  -0.007121  0.501670  0.703560  0.503319  -0.793319  0.606169  -0.056609  -0.344924  -0.370893  0.862244  -0.020476  -0.004530  0.014020  -1.697865  1.098433  -0.472066  1.000000  
65.226322 0.012214  0.001958  -0.007103  0.502708  0.704150  0.501456  -0.793152  0.606407  -0.056391  -0.343794  -0.369382  0.863344  -0.020622  -0.004877  0.014537  -1.706178  1.122029  -0.471242  1.000000  
65.227571 0.012187  0.001946  -0.007079  0.503934  0.704999  0.499025  -0.792918  0.606711  -0.056415  -0.342537  -0.367257  0.864749  -0.020782  -0.005334  0.015196  -1.719619  1.139183  -0.472256  1.000000  
65.228623 0.012164  0.001936  -0.007057  0.504947  0.705612  0.497132  -0.792708  0.606990  -0.056372  -0.341531  -0.365615  0.865842  -0.020865  -0.005720  0.015860  -1.719133  1.155493  -0.472386  1.000000  
65.229820 0.012135  0.001923  -0.007028  0.506196  0.706354  0.494803  -0.792506  0.607273  -0.056157  -0.340147  -0.363708  0.867189  -0.021204  -0.006310  0.016701  -1.725178  1.179957  -0.472969  1.000000  
65.231070 0.012106  0.001908  -0.006999  0.507256  0.707248  0.492435  -0.792367  0.607449  -0.056218  -0.338889  -0.361672  0.868532  -0.021457  -0.006907  0.017462  -1.733422  1.192118  -0.468501  1.000000  
65.232071 0.012082  0.001895  -0.006973  0.508128  0.707876  0.490629  -0.792292  0.607563  -0.056037  -0.337756  -0.360247  0.869565  -0.021671  -0.007482  0.018138  -1.730009  1.207476  -0.463637  1.000000  
65.233072 0.012057  0.001882  -0.006948  0.508976  0.708475  0.488884  -0.792177  0.607721  -0.055956  -0.336748  -0.358802  0.870553  -0.021947  -0.008005  0.018785  -1.737968  1.219675  -0.454734  1.000000  
65.234074 0.012032  0.001869  -0.006921  0.509847  0.709036  0.487159  -0.792098  0.607847  -0.055704  -0.335614  -0.357477  0.871535  -0.022262  -0.008676  0.019603  -1.732787  1.228408  -0.445748  1.000000  
65.235323 0.011999  0.001853  -0.006886  0.510929  0.709756  0.484972  -0.791987  0.608014  -0.055452  -0.334227  -0.355759  0.872770  -0.022766  -0.009420  0.020752  -1.729935  1.248254  -0.439782  1.000000  
65.236615 0.011964  0.001837  -0.006848  0.512035  0.710379  0.482890  -0.791910  0.608159  -0.054956  -0.332714  -0.354266  0.873955  -0.023351  -0.010104  0.021991  -1.710673  1.263595  -0.427350  1.000000  
65.237815 0.011928  0.001821  -0.006807  0.513091  0.711061  0.480759  -0.791756  0.608374  -0.054806  -0.331452  -0.352523  0.875139  -0.024062  -0.010729  0.023483  -1.708255  1.274860  -0.418433  1.000000  
65.238818 0.011897  0.001807  -0.006774  0.513773  0.711764  0.478988  -0.791736  0.608398  -0.054830  -0.330441  -0.351062  0.876107  -0.024677  -0.011270  0.024740  -1.703178  1.279624  -0.411667  1.000000  
65.240071 0.011858  0.001791  -0.006728  0.514665  0.712561  0.476839  -0.791682  0.608472  -0.054781  -0.329178  -0.349311  0.877282  -0.025547  -0.011803  0.026467  -1.692564  1.285789  -0.397919  1.000000  
65.241314 0.011818  0.001774  -0.006681  0.515744  0.713253  0.474634  -0.791557  0.608656  -0.054537  -0.327788  -0.347573  0.878492  -0.026412  -0.012248  0.028164  -1.680254  1.299162  -0.388517  1.000000  
65.242314 0.011784  0.001761  -0.006641  0.516424  0.713827  0.473029  -0.791532  0.608700  -0.054416  -0.326777  -0.346316  0.879365  -0.027212  -0.012554  0.029564  -1.667221  1.304215  -0.381704  1.000000  
65.243315 0.011751  0.001748  -0.006601  0.517128  0.714538  0.471184  -0.791542  0.608694  -0.054345  -0.325638  -0.344858  0.880359  -0.027967  -0.012805  0.030898  -1.660265  1.306393  -0.369153  1.000000  
65.244564 0.011710  0.001732  -0.006549  0.518018  0.715315  0.469023  -0.791480  0.608779  -0.054301  -0.324373  -0.343093  0.881515  -0.028742  -0.012862  0.032414  -1.650121  1.309090  -0.357368  1.000000  
65.245814 0.011668  0.001716  -0.006495  0.518954  0.716136  0.466729  -0.791487  0.608790  -0.054060  -0.322854  -0.341355  0.882747  -0.029583  -0.013012  0.033977  -1.637583  1.322479  -0.348086  1.000000  
65.246814 0.011635  0.001703  -0.006450  0.519632  0.716808  0.464940  -0.791455  0.608830  -0.054089  -0.321841  -0.339872  0.883689  -0.030239  -0.013036  0.035432  -1.630485  1.320674  -0.337271  1.000000  
65.247816 0.011601  0.001690  -0.006403  0.520333  0.717500  0.463084  -0.791457  0.608833  -0.054021  -0.320700  -0.338402  0.884667  -0.030785  -0.012970  0.036749  -1.626387  1.321097  -0.318916  1.000000  
65.248821 0.011568  0.001678  -0.006354  0.521034  0.718189  0.461225  -0.791458  0.608838  -0.053952  -0.319559  -0.336929  0.885641  -0.031331  -0.012978  0.038279  -1.620743  1.328879  -0.304961  1.000000  
65.249825 0.011535  0.001666  -0.006304  0.521711  0.718848  0.459429  -0.791421  0.608883  -0.053984  -0.318545  -0.335438  0.886572  -0.031890  -0.012902  0.039967  -1.603787  1.326417  -0.294266  1.000000  
65.251073 0.011493  0.001650  -0.006238  0.522783  0.719493  0.457195  -0.791274  0.609095  -0.053752  -0.317150  -0.333666  0.887740  -0.032358  -0.012869  0.041669  -1.591274  1.332077  -0.288467  1.000000  
65.252075 0.011460  0.001638  -0.006184  0.523482  0.720113  0.455416  -0.791269  0.609114  -0.053612  -0.316007  -0.332292  0.888663  -0.032703  -0.012820  0.043369  -1.582359  1.332327  -0.269732  1.000000  
65.253318 0.011418  0.001624  -0.006116  0.524413  0.720952  0.453012  -0.791259  0.609140  -0.053452  -0.314484  -0.330419  0.889901  -0.033003  -0.012720  0.045141  -1.572797  1.335171  -0.258240  1.000000  
65.254321 0.011385  0.001612  -0.006060  0.525250  0.721468  0.451217  -0.791107  0.609343  -0.053394  -0.313467  -0.328916  0.890816  -0.033158  -0.012605  0.046511  -1.567605  1.336401  -0.253380  1.000000  
65.255564 0.011344  0.001597  -0.005991  0.526180  0.722295  0.448805  -0.791092  0.609376  -0.053235  -0.311942  -0.327034  0.892043  -0.033219  -0.012479  0.047901  -1.561217  1.339538  -0.241730  1.000000  
65.256564 0.011312  0.001585  -0.005936  0.527202  0.722700  0.446949  -0.790862  0.609696  -0.052989  -0.310798  -0.325539  0.892989  -0.033154  -0.012371  0.049194  -1.554002  1.339180  -0.244609  1.000000  
65.257564 0.011281  0.001575  -0.005880  0.528037  0.723202  0.445146  -0.790704  0.609906  -0.052935  -0.309780  -0.324027  0.893892  -0.033000  -0.012143  0.050288  -1.549066  1.336546  -0.241438  1.000000  
65.258814 0.011244  0.001562  -0.005810  0.529104  0.723862  0.442802  -0.790538  0.610133  -0.052790  -0.308381  -0.322120  0.895064  -0.032760  -0.011998  0.051353  -1.539993  1.337710  -0.237385  1.000000  
65.260068 0.011207  0.001549  -0.005739  0.530355  0.724466  0.440309  -0.790294  0.610472  -0.052530  -0.306853  -0.320114  0.896308  -0.032386  -0.011668  0.052686  -1.545000  1.341332  -0.239265  1.000000  
65.261314 0.011171  0.001537  -0.005668  0.531443  0.725135  0.437890  -0.790155  0.610672  -0.052290  -0.305324  -0.318212  0.897507  -0.032073  -0.011499  0.053616  -1.538112  1.349339  -0.239671  1.000000  
65.262314 0.011142  0.001527  -0.005609  0.532484  0.725592  0.435865  -0.789946  0.610965  -0.052029  -0.304050  -0.316605  0.898507  -0.031771  -0.011321  0.054502  -1.540990  1.355607  -0.246993  1.000000  
65.263321 0.011112  0.001517  -0.005551  0.533524  0.726043  0.433837  -0.789734  0.611261  -0.051771  -0.302775  -0.314995  0.899503  -0.031476  -0.011127  0.055295  -1.543336  1.365578  -0.252661  1.000000  
65.264564 0.011076  0.001506  -0.005478  0.534816  0.726666  0.431193  -0.789542  0.611546  -0.051323  -0.300989  -0.312997  0.900799  -0.031186  -0.010849  0.055888  -1.555015  1.376229  -0.259134  1.000000  
65.265581 0.011046  0.001497  -0.005421  0.535877  0.727182  0.429003  -0.789357  0.611809  -0.051044  -0.299585  -0.311283  0.901860  -0.030899  -0.010617  0.056264  -1.568135  1.386470  -0.264339  1.000000  
65.266824 0.011006  0.001487  -0.005350  0.537329  0.727664  0.426361  -0.789047  0.612253  -0.050514  -0.297798  -0.309276  0.903142  -0.030768  -0.010273  0.056548  -1.577176  1.403202  -0.275416  1.000000  
65.268092 0.010966  0.001476  -0.005281  0.538616  0.728264  0.423703  -0.788842  0.612553  -0.050076  -0.296009  -0.307263  0.904416  -0.030584  -0.010015  0.056543  -1.577078  1.423184  -0.284998  1.000000  
65.269323 0.010924  0.001464  -0.005212  0.540109  0.728826  0.420825  -0.788586  0.612935  -0.049429  -0.293964  -0.305160  0.905794  -0.030693  -0.009805  0.056621  -1.587441  1.453542  -0.292013  1.000000  
65.270562 0.010881  0.001454  -0.005143  0.541600  0.729430  0.417852  -0.788323  0.613318  -0.048860  -0.291917  -0.302940  0.907200  -0.030898  -0.009536  0.056536  -1.599812  1.483917  -0.305489  1.000000  
65.271565 0.010846  0.001446  -0.005090  0.542677  0.729933  0.415572  -0.788150  0.613569  -0.048496  -0.290381  -0.301216  0.908267  -0.031153  -0.009272  0.056396  -1.608133  1.502208  -0.316237  1.000000  
65.272814 0.010800  0.001437  -0.005021  0.543980  0.730572  0.412736  -0.787957  0.613852  -0.048045  -0.288460  -0.299083  0.909583  -0.031630  -0.009007  0.056334  -1.617973  1.525223  -0.325001  1.000000  
65.274064 0.010753  0.001428  -0.004954  0.545325  0.731296  0.409667  -0.787822  0.614070  -0.047473  -0.286281  -0.296857  0.910999  -0.032209  -0.008744  0.056117  -1.631600  1.554317  -0.332490  1.000000  
65.275067 0.010716  0.001422  -0.004900  0.546581  0.731722  0.407225  -0.787556  0.614448  -0.047006  -0.284614  -0.295020  0.912117  -0.032739  -0.008465  0.055957  -1.642125  1.579364  -0.348463  1.000000  
65.276314 0.010668  0.001414  -0.004834  0.547943  0.732400  0.404163  -0.787441  0.614652  -0.046265  -0.282304  -0.292904  0.913516  -0.033534  -0.008174  0.055599  -1.648202  1.610204  -0.354645  1.000000  
65.277314 0.010629  0.001408  -0.004782  0.549055  0.732911  0.401721  -0.787309  0.614862  -0.045713  -0.280507  -0.291180  0.914620  -0.034200  -0.007888  0.055189  -1.659940  1.633229  -0.356947  1.000000  
65.278314 0.010589  0.001403  -0.004731  0.550186  0.733486  0.399116  -0.787203  0.615040  -0.045137  -0.278580  -0.289351  0.915789  -0.034912  -0.007635  0.054725  -1.664921  1.666101  -0.362746  1.000000  
65.279564 0.010538  0.001396  -0.004667  0.551563  0.734255  0.395788  -0.787100  0.615221  -0.044454  -0.276137  -0.287006  0.917265  -0.035897  -0.007302  0.054082  -1.683058  1.703628  -0.368207  1.000000  
65.280569 0.010496  0.001390  -0.004617  0.552528  0.734939  0.393163  -0.787098  0.615260  -0.043964  -0.274208  -0.285166  0.918417  -0.036658  -0.007161  0.053618  -1.694542  1.730429  -0.369546  1.000000  
65.281829 0.010444  0.001383  -0.004555  0.553920  0.735708  0.389751  -0.787012  0.615425  -0.043185  -0.271634  -0.282817  0.919907  -0.037541  -0.006848  0.052936  -1.716356  1.775536  -0.373901  1.000000  
65.283071 0.010391  0.001375  -0.004492  0.555288  0.736443  0.386402  -0.786889  0.615629  -0.042510  -0.269186  -0.280450  0.921350  -0.038399  -0.006701  0.052623  -1.730378  1.808930  -0.379802  1.000000  
65.284076 0.010348  0.001370  -0.004442  0.556226  0.737126  0.383742  -0.786841  0.615711  -0.042201  -0.267382  -0.278471  0.922475  -0.039090  -0.006389  0.052138  -1.748214  1.833780  -0.377024  1.000000  
65.285326 0.010293  0.001363  -0.004379  0.557448  0.737986  0.380301  -0.786849  0.615747  -0.041509  -0.264802  -0.276100  0.923931  -0.039785  -0.006170  0.051787  -1.764103  1.868805  -0.377130  1.000000  
65.286569 0.010239  0.001356  -0.004314  0.558645  0.738813  0.376923  -0.786822  0.615822  -0.040920  -0.262350  -0.273712  0.925340  -0.040441  -0.005976  0.051568  -1.784566  1.900429  -0.364944  1.000000  
65.287570 0.010196  0.001351  -0.004262  0.559779  0.739337  0.374203  -0.786702  0.616019  -0.040262  -0.260283  -0.271848  0.926472  -0.040899  -0.005837  0.051435  -1.796255  1.936030  -0.364283  1.000000  
65.288573 0.010154  0.001346  -0.004211  0.560749  0.740025  0.371380  -0.786693  0.616063  -0.039759  -0.258216  -0.269867  0.927629  -0.041217  -0.005698  0.051233  -1.814081  1.965314  -0.358987  1.000000  
65.289823 0.010102  0.001339  -0.004146  0.562100  0.740692  0.367992  -0.786531  0.616312  -0.039100  -0.255759  -0.267459  0.929006  -0.041635  -0.005667  0.051076  -1.828470  1.994746  -0.355058  1.000000  
65.291072 0.010050  0.001333  -0.004081  0.563468  0.741367  0.364525  -0.786390  0.616540  -0.038344  -0.253171  -0.265053  0.930404  -0.041841  -0.005511  0.051023  -1.844637  2.030080  -0.356054  1.000000  
65.292073 0.010010  0.001328  -0.004029  0.564592  0.741855  0.361783  -0.786248  0.616761  -0.037697  -0.251100  -0.263168  0.931500  -0.041953  -0.005459  0.050982  -1.854428  2.055200  -0.352548  1.000000  
