1-Time 2-Px 3-Py 4-Pz 5-R11 6-R21 7-R31 8-R12 9-R22 10-R32 11-R13 12-R23 13-R33 14-Vx 15-Vy 16-Vz 17-Wx 18-Wy 19-Wz 20-state
21.460788 0.008724  -0.004515  0.010346  0.528898  0.640939  0.556295  -0.802683  0.590656  0.082622  -0.275623  -0.490227  0.826867  -0.000449  -0.002366  0.000465  0.000000  0.000000  0.000000  1.000000  
21.461833 0.008724  -0.004516  0.010346  0.528898  0.640939  0.556295  -0.802683  0.590656  0.082622  -0.275623  -0.490227  0.826867  -0.000371  -0.002185  0.000080  0.000000  0.000000  0.000000  1.000000  
21.463065 0.008720  -0.004518  0.010340  0.528898  0.640939  0.556295  -0.802683  0.590656  0.082622  -0.275623  -0.490227  0.826867  -0.001949  -0.001882  -0.003025  0.000000  0.000000  0.000000  1.000000  
21.464066 0.008716  -0.004520  0.010332  0.528898  0.640939  0.556295  -0.802683  0.590656  0.082622  -0.275623  -0.490227  0.826867  -0.002791  -0.001643  -0.004581  0.000000  0.000000  0.000000  1.000000  
21.465308 0.008712  -0.004521  0.010326  0.528898  0.640939  0.556295  -0.802683  0.590656  0.082622  -0.275623  -0.490227  0.826867  -0.002992  -0.001480  -0.004692  0.000000  0.000000  0.000000  1.000000  
21.466310 0.008709  -0.004522  0.010323  0.528898  0.640939  0.556295  -0.802683  0.590656  0.082622  -0.275623  -0.490227  0.826867  -0.002859  -0.001486  -0.004378  0.000000  0.000000  0.000000  1.000000  
21.467310 0.008706  -0.004524  0.010321  0.528898  0.640939  0.556295  -0.802683  0.590656  0.082622  -0.275623  -0.490227  0.826867  -0.002927  -0.001485  -0.004109  0.000000  0.000000  0.000000  1.000000  
21.468315 0.008700  -0.004525  0.010316  0.528898  0.640939  0.556295  -0.802683  0.590656  0.082622  -0.275623  -0.490227  0.826867  -0.003328  -0.001385  -0.004137  0.000000  0.000000  0.000000  1.000000  
21.469566 0.008692  -0.004524  0.010311  0.528898  0.640939  0.556295  -0.802683  0.590656  0.082622  -0.275623  -0.490227  0.826867  -0.003775  -0.001126  -0.004096  0.000000  0.000000  0.000000  1.000000  
21.470812 0.008685  -0.004523  0.010306  0.528898  0.641007  0.556217  -0.802683  0.590666  0.082551  -0.275623  -0.490127  0.826927  -0.004081  -0.000862  -0.004108  0.000000  0.000000  0.000000  1.000000  
21.472066 0.008678  -0.004522  0.010301  0.528898  0.641007  0.556217  -0.802683  0.590666  0.082551  -0.275623  -0.490127  0.826927  -0.004186  -0.000703  -0.004075  0.000000  0.000000  0.000000  1.000000  
21.473309 0.008672  -0.004522  0.010296  0.528918  0.641043  0.556156  -0.802713  0.590611  0.082643  -0.275494  -0.490146  0.826958  -0.004251  -0.000599  -0.004112  0.000000  0.000000  0.000000  1.000000  
21.474309 0.008667  -0.004522  0.010290  0.528918  0.641043  0.556156  -0.802713  0.590611  0.082643  -0.275494  -0.490146  0.826958  -0.004363  -0.000544  -0.004275  0.000000  0.000000  0.000000  1.000000  
21.475312 0.008659  -0.004522  0.010282  0.529083  0.640989  0.556062  -0.802604  0.590753  0.082686  -0.275494  -0.490045  0.827018  -0.004588  -0.000499  -0.004524  0.000000  0.000000  0.000000  1.000000  
21.476559 0.008650  -0.004521  0.010270  0.529103  0.641025  0.556001  -0.802635  0.590698  0.082778  -0.275366  -0.490064  0.827050  -0.004942  -0.000316  -0.005108  0.000000  0.000000  0.000000  1.000000  
21.477809 0.008641  -0.004520  0.010256  0.529103  0.641092  0.555923  -0.802635  0.590708  0.082707  -0.275366  -0.489964  0.827109  -0.005345  -0.000152  -0.005684  0.000000  0.000000  0.000000  1.000000  
21.479059 0.008633  -0.004519  0.010246  0.529103  0.641092  0.555923  -0.802635  0.590708  0.082707  -0.275366  -0.489964  0.827109  -0.005564  0.000010  -0.005776  0.000000  0.000000  0.000000  1.000000  
21.480070 0.008625  -0.004518  0.010240  0.529269  0.641038  0.555828  -0.802526  0.590850  0.082749  -0.275366  -0.489863  0.827168  -0.005861  0.000163  -0.005853  0.000000  0.000000  0.000000  1.000000  
21.481313 0.008615  -0.004517  0.010235  0.529269  0.641038  0.555828  -0.802526  0.590850  0.082749  -0.275366  -0.489863  0.827168  -0.006368  0.000416  -0.005938  0.000000  0.000000  0.000000  1.000000  
21.482564 0.008605  -0.004515  0.010228  0.529434  0.640984  0.555733  -0.802417  0.590992  0.082792  -0.275366  -0.489763  0.827228  -0.006692  0.000627  -0.006159  0.000000  0.000000  0.000000  1.000000  
21.483568 0.008598  -0.004513  0.010220  0.529434  0.640984  0.555733  -0.802417  0.590992  0.082792  -0.275366  -0.489763  0.827228  -0.006741  0.000750  -0.006396  0.000000  0.000000  0.000000  1.000000  
21.484816 0.008589  -0.004512  0.010207  0.529599  0.640862  0.555716  -0.802308  0.591124  0.082907  -0.275366  -0.489763  0.827228  -0.006780  0.000796  -0.006968  0.000000  0.000000  0.000000  1.000000  
21.486066 0.008581  -0.004511  0.010193  0.529599  0.640862  0.555716  -0.802308  0.591124  0.082907  -0.275366  -0.489763  0.827228  -0.006832  0.000793  -0.007508  0.000000  0.000000  0.000000  1.000000  
21.487310 0.008574  -0.004509  0.010181  0.529764  0.640740  0.555699  -0.802199  0.591256  0.083021  -0.275366  -0.489763  0.827228  -0.006889  0.000857  -0.008029  0.000000  0.000000  0.000000  1.000000  
21.488311 0.008569  -0.004509  0.010170  0.529929  0.640619  0.555682  -0.802090  0.591388  0.083135  -0.275366  -0.489763  0.827228  -0.006902  0.000877  -0.008390  0.000000  0.000000  0.000000  1.000000  
21.489560 0.008560  -0.004508  0.010158  0.529950  0.640655  0.555621  -0.802121  0.591333  0.083228  -0.275237  -0.489782  0.827259  -0.007003  0.000918  -0.008680  0.000000  0.000000  0.000000  1.000000  
21.490810 0.008550  -0.004509  0.010146  0.530115  0.640533  0.555604  -0.802012  0.591465  0.083342  -0.275237  -0.489782  0.827259  -0.007053  0.000837  -0.008730  0.000000  0.000000  0.000000  1.000000  
21.492062 0.008541  -0.004507  0.010136  0.530280  0.640411  0.555587  -0.801903  0.591597  0.083456  -0.275237  -0.489782  0.827259  -0.007058  0.000910  -0.008550  0.000000  0.000000  0.000000  1.000000  
21.493311 0.008532  -0.004506  0.010129  0.530445  0.640289  0.555570  -0.801793  0.591729  0.083571  -0.275237  -0.489782  0.827259  -0.007025  0.000939  -0.008215  0.000000  0.000000  0.000000  1.000000  
21.494560 0.008522  -0.004503  0.010123  0.530630  0.640204  0.555491  -0.801715  0.591806  0.083778  -0.275109  -0.489801  0.827291  -0.007100  0.001014  -0.008014  0.000000  0.000000  0.000000  1.000000  
21.495560 0.008514  -0.004503  0.010118  0.530795  0.640082  0.555474  -0.801606  0.591938  0.083892  -0.275109  -0.489801  0.827291  -0.007129  0.001046  -0.008068  0.000000  0.000000  0.000000  1.000000  
21.496810 0.008503  -0.004501  0.010108  0.530960  0.640027  0.555379  -0.801496  0.592080  0.083934  -0.275109  -0.489700  0.827351  -0.007204  0.001037  -0.008270  0.000000  0.000000  0.000000  1.000000  
21.498078 0.008494  -0.004498  0.010095  0.531125  0.639905  0.555362  -0.801387  0.592212  0.084049  -0.275109  -0.489700  0.827351  -0.007130  0.001060  -0.008576  0.000000  0.000000  0.000000  1.000000  
21.499317 0.008485  -0.004494  0.010081  0.531311  0.639820  0.555283  -0.801308  0.592289  0.084255  -0.274980  -0.489719  0.827382  -0.007110  0.001236  -0.008718  0.000000  0.000000  0.000000  1.000000  
21.500317 0.008478  -0.004492  0.010070  0.531311  0.639820  0.555283  -0.801308  0.592289  0.084255  -0.274980  -0.489719  0.827382  -0.007242  0.001308  -0.008647  0.000000  0.000000  0.000000  1.000000  
21.501567 0.008468  -0.004489  0.010059  0.531496  0.639734  0.555205  -0.801230  0.592366  0.084462  -0.274851  -0.489738  0.827414  -0.007440  0.001382  -0.008550  0.000000  0.000000  0.000000  1.000000  
21.502568 0.008459  -0.004488  0.010050  0.531681  0.639648  0.555126  -0.801151  0.592443  0.084668  -0.274723  -0.489756  0.827446  -0.007620  0.001437  -0.008504  0.000000  0.000000  0.000000  1.000000  
21.503569 0.008450  -0.004487  0.010042  0.531866  0.639563  0.555048  -0.801072  0.592520  0.084875  -0.274594  -0.489775  0.827477  -0.007791  0.001413  -0.008379  0.000000  0.000000  0.000000  1.000000  
21.504817 0.008438  -0.004486  0.010031  0.532052  0.639477  0.554969  -0.800993  0.592597  0.085081  -0.274465  -0.489794  0.827509  -0.007972  0.001535  -0.008312  0.000000  0.000000  0.000000  1.000000  
21.506061 0.008426  -0.004483  0.010020  0.532237  0.639324  0.554968  -0.800914  0.592664  0.085360  -0.274337  -0.489913  0.827481  -0.008088  0.001721  -0.008248  0.000000  0.000000  0.000000  1.000000  
21.507309 0.008414  -0.004481  0.010007  0.532442  0.639274  0.554827  -0.800866  0.592686  0.085658  -0.274079  -0.489950  0.827544  -0.008304  0.001749  -0.008539  0.000000  0.000000  0.000000  1.000000  
21.508559 0.008402  -0.004479  0.009992  0.532628  0.639189  0.554748  -0.800786  0.592763  0.085865  -0.273951  -0.489969  0.827576  -0.008541  0.001737  -0.009061  0.000000  0.000000  0.000000  1.000000  
21.509559 0.008392  -0.004478  0.009981  0.532998  0.639017  0.554590  -0.800628  0.592917  0.086278  -0.273693  -0.490006  0.827639  -0.008660  0.001726  -0.009475  0.000000  0.000000  0.000000  1.000000  
21.510559 0.008382  -0.004476  0.009968  0.533018  0.639053  0.554529  -0.800659  0.592863  0.086370  -0.273565  -0.490025  0.827670  -0.008780  0.001792  -0.009962  0.000000  0.000000  0.000000  1.000000  
21.511560 0.008372  -0.004472  0.009955  0.533224  0.639004  0.554388  -0.800610  0.592885  0.086668  -0.273307  -0.490062  0.827733  -0.008864  0.001960  -0.010366  0.000000  0.000000  0.000000  1.000000  
21.512810 0.008359  -0.004468  0.009938  0.533594  0.638833  0.554230  -0.800451  0.593039  0.087081  -0.273050  -0.490099  0.827796  -0.009139  0.002041  -0.010673  0.000000  0.000000  0.000000  1.000000  
21.514062 0.008347  -0.004464  0.009922  0.533819  0.638887  0.553950  -0.800432  0.593017  0.087400  -0.272664  -0.490055  0.827950  -0.009347  0.002133  -0.010752  0.000000  0.000000  0.000000  1.000000  
21.515310 0.008333  -0.004460  0.009909  0.534209  0.638752  0.553729  -0.800303  0.593117  0.087904  -0.272277  -0.490111  0.828044  -0.009643  0.002111  -0.010738  0.042943  0.176200  -0.087481  1.000000  
21.516321 0.008321  -0.004458  0.009899  0.534415  0.638703  0.553588  -0.800254  0.593139  0.088202  -0.272020  -0.490148  0.828107  -0.009951  0.002103  -0.010836  0.043262  0.185342  -0.083601  1.000000  
21.517566 0.008305  -0.004456  0.009885  0.534640  0.638757  0.553308  -0.800234  0.593118  0.088521  -0.271634  -0.490103  0.828260  -0.010254  0.002101  -0.011003  0.041046  0.200346  -0.082479  1.000000  
21.518813 0.008290  -0.004453  0.009868  0.534865  0.638744  0.553105  -0.800215  0.593086  0.088911  -0.271247  -0.490158  0.828354  -0.010488  0.002220  -0.011470  0.041004  0.208114  -0.077918  1.000000  
21.519815 0.008279  -0.004451  0.009852  0.535091  0.638731  0.552902  -0.800195  0.593054  0.089301  -0.270861  -0.490214  0.828447  -0.010625  0.002305  -0.011907  0.040967  0.219718  -0.071052  1.000000  
21.521060 0.008265  -0.004448  0.009833  0.535316  0.638786  0.552621  -0.800175  0.593033  0.089620  -0.270474  -0.490168  0.828600  -0.010773  0.002337  -0.012468  0.038747  0.234743  -0.069938  1.000000  
21.522061 0.008253  -0.004446  0.009816  0.535541  0.638773  0.552418  -0.800155  0.593001  0.090010  -0.270088  -0.490224  0.828694  -0.010958  0.002386  -0.012934  0.038391  0.244322  -0.062554  1.000000  
21.523309 0.008237  -0.004444  0.009796  0.535950  0.638742  0.552056  -0.800055  0.593056  0.090534  -0.269573  -0.490197  0.828877  -0.011115  0.002446  -0.013341  0.036172  0.263054  -0.059181  1.000000  
21.524559 0.008221  -0.004440  0.009776  0.536195  0.638766  0.551790  -0.800064  0.592970  0.091016  -0.269057  -0.490270  0.829001  -0.011403  0.002490  -0.013705  0.036108  0.274564  -0.052380  1.000000  
21.525559 0.008209  -0.004438  0.009761  0.536420  0.638753  0.551586  -0.800043  0.592938  0.091406  -0.268671  -0.490325  0.829094  -0.011574  0.002540  -0.013812  0.036071  0.286084  -0.045575  1.000000  
21.526560 0.008196  -0.004435  0.009746  0.536645  0.638808  0.551305  -0.800022  0.592917  0.091724  -0.268284  -0.490279  0.829247  -0.011795  0.002477  -0.013884  0.036335  0.300093  -0.039131  1.000000  
21.527809 0.008180  -0.004432  0.009729  0.536890  0.638899  0.550961  -0.800031  0.592842  0.092134  -0.267768  -0.490252  0.829430  -0.011944  0.002405  -0.013916  0.032229  0.315785  -0.030023  1.000000  
21.528810 0.008167  -0.004430  0.009716  0.537114  0.638953  0.550679  -0.800010  0.592821  0.092452  -0.267382  -0.490206  0.829581  -0.012194  0.002293  -0.013967  0.029713  0.324049  -0.030934  1.000000  
21.530065 0.008149  -0.004427  0.009700  0.537523  0.638922  0.550316  -0.799907  0.592878  0.092975  -0.266866  -0.490178  0.829764  -0.012439  0.002227  -0.014194  0.027476  0.342753  -0.027570  1.000000  
21.531314 0.008132  -0.004424  0.009683  0.537952  0.638928  0.549890  -0.799834  0.592880  0.093591  -0.266221  -0.490168  0.829977  -0.012606  0.002251  -0.014412  0.025421  0.364522  -0.024421  1.000000  
21.532686 0.008116  -0.004421  0.009663  0.538381  0.638933  0.549464  -0.799760  0.592883  0.094206  -0.265576  -0.490158  0.830190  -0.012570  0.002328  -0.014706  0.021172  0.378425  -0.015243  1.000000  
21.533817 0.008100  -0.004419  0.009642  0.538809  0.639006  0.548960  -0.799685  0.592897  0.094749  -0.264931  -0.490046  0.830461  -0.012710  0.002327  -0.015000  0.014890  0.398902  -0.011957  1.000000  
21.534819 0.008087  -0.004417  0.009627  0.539218  0.639041  0.548517  -0.799581  0.592965  0.095200  -0.264415  -0.489917  0.830702  -0.012760  0.002247  -0.015049  0.010391  0.417210  -0.016631  1.000000  
21.536069 0.008071  -0.004415  0.009609  0.539646  0.639113  0.548012  -0.799505  0.592980  0.095742  -0.263770  -0.489805  0.830973  -0.012947  0.002178  -0.014893  -0.000068  0.435998  -0.013264  1.000000  
21.537312 0.008054  -0.004413  0.009592  0.540238  0.639063  0.547486  -0.799318  0.593126  0.096397  -0.263124  -0.489693  0.831244  -0.013112  0.002145  -0.014669  -0.004613  0.454502  -0.017964  1.000000  
21.538314 0.008040  -0.004412  0.009579  0.540646  0.639099  0.547042  -0.799212  0.593196  0.096848  -0.262608  -0.489563  0.831484  -0.013153  0.002123  -0.014431  -0.010992  0.469517  -0.016920  1.000000  
21.539562 0.008024  -0.004409  0.009563  0.541257  0.639151  0.546375  -0.799052  0.593301  0.097522  -0.261833  -0.489367  0.831843  -0.013218  0.002056  -0.014173  -0.021505  0.488426  -0.013638  1.000000  
21.540810 0.008008  -0.004407  0.009546  0.541849  0.639101  0.545848  -0.798862  0.593448  0.098176  -0.261188  -0.489254  0.832113  -0.013230  0.001998  -0.014045  -0.026084  0.506908  -0.018358  1.000000  
21.542059 0.007991  -0.004405  0.009529  0.542624  0.639031  0.545158  -0.798589  0.593685  0.098962  -0.260413  -0.489057  0.832471  -0.013212  0.001853  -0.014039  -0.032656  0.528274  -0.026366  1.000000  
21.543309 0.007973  -0.004405  0.009511  0.543235  0.639150  0.544411  -0.798426  0.593804  0.099563  -0.259637  -0.488759  0.832889  -0.013374  0.001697  -0.014113  -0.045334  0.550394  -0.028871  1.000000  
21.544311 0.007960  -0.004404  0.009496  0.543826  0.639099  0.543881  -0.798234  0.593952  0.100216  -0.258991  -0.488644  0.833157  -0.013358  0.001610  -0.014285  -0.048103  0.566004  -0.030426  1.000000  
21.545559 0.007942  -0.004404  0.009477  0.544435  0.639217  0.543132  -0.798069  0.594072  0.100816  -0.258216  -0.488345  0.833573  -0.013343  0.001463  -0.014382  -0.060990  0.585004  -0.035297  1.000000  
21.546810 0.007925  -0.004403  0.009459  0.545209  0.639146  0.542438  -0.797792  0.594311  0.101600  -0.257440  -0.488146  0.833929  -0.013371  0.001310  -0.014397  -0.067297  0.605209  -0.043188  1.000000  
21.548065 0.007908  -0.004402  0.009441  0.546002  0.639177  0.541603  -0.797541  0.594510  0.102403  -0.256535  -0.487863  0.834374  -0.013400  0.001208  -0.014243  -0.074246  0.626835  -0.053767  1.000000  
21.549315 0.007890  -0.004401  0.009425  0.546775  0.639172  0.540830  -0.797261  0.594763  0.103113  -0.255759  -0.487562  0.834788  -0.013524  0.001143  -0.013960  -0.087734  0.650345  -0.059082  1.000000  
21.550318 0.007876  -0.004401  0.009413  0.547383  0.639288  0.540077  -0.797092  0.594886  0.103710  -0.254983  -0.487260  0.835201  -0.013677  0.001015  -0.013747  -0.096531  0.668578  -0.063996  1.000000  
21.551566 0.007857  -0.004400  0.009400  0.548194  0.639355  0.539174  -0.796865  0.595033  0.104603  -0.253948  -0.486992  0.835673  -0.013808  0.000949  -0.013465  -0.107721  0.694313  -0.072405  1.000000  
21.552816 0.007840  -0.004399  0.009386  0.548840  0.639610  0.538214  -0.796750  0.595062  0.105312  -0.252912  -0.486621  0.836203  -0.013820  0.000892  -0.013336  -0.124816  0.716590  -0.075110  1.000000  
21.554060 0.007822  -0.004399  0.009369  0.549649  0.639741  0.537231  -0.796520  0.595224  0.106131  -0.251877  -0.486250  0.836731  -0.013935  0.000749  -0.013383  -0.134925  0.740091  -0.080703  1.000000  
21.555063 0.007807  -0.004398  0.009355  0.550420  0.639798  0.536373  -0.796233  0.595495  0.106765  -0.251100  -0.485844  0.837201  -0.014045  0.000672  -0.013402  -0.151326  0.764111  -0.094415  1.000000  
21.556310 0.007789  -0.004397  0.009338  0.551247  0.639966  0.535323  -0.796028  0.595606  0.107674  -0.249934  -0.485487  0.837756  -0.014176  0.000586  -0.013416  -0.164440  0.794258  -0.092697  1.000000  
21.557559 0.007769  -0.004397  0.009321  0.552054  0.640160  0.534257  -0.795793  0.595785  0.108418  -0.248897  -0.485011  0.838340  -0.014307  0.000529  -0.013390  -0.179845  0.819916  -0.101355  1.000000  
21.558560 0.007753  -0.004397  0.009307  0.552823  0.640151  0.533473  -0.795502  0.596045  0.109122  -0.248120  -0.484704  0.838748  -0.014449  0.000499  -0.013328  -0.187025  0.841691  -0.112185  1.000000  
21.559809 0.007733  -0.004398  0.009290  0.553630  0.640344  0.532404  -0.795264  0.596226  0.109864  -0.247083  -0.484226  0.839330  -0.014638  0.000431  -0.013174  -0.204314  0.864162  -0.115145  1.000000  
21.561060 0.007712  -0.004399  0.009274  0.554454  0.640573  0.531269  -0.795051  0.596356  0.110698  -0.245916  -0.483763  0.839940  -0.014896  0.000294  -0.013014  -0.221647  0.886416  -0.118116  1.000000  
21.562062 0.007696  -0.004399  0.009261  0.555278  0.640737  0.530210  -0.794836  0.596473  0.111603  -0.244748  -0.483401  0.840489  -0.015085  0.000274  -0.012909  -0.233071  0.915733  -0.124537  1.000000  
21.563063 0.007679  -0.004400  0.009249  0.556063  0.640826  0.529278  -0.794566  0.596698  0.112322  -0.243840  -0.483005  0.840981  -0.015296  0.000126  -0.012787  -0.244262  0.930507  -0.126452  1.000000  
21.564309 0.007659  -0.004400  0.009233  0.556867  0.641080  0.528124  -0.794321  0.596898  0.112989  -0.242802  -0.482420  0.841616  -0.015432  0.000069  -0.012765  -0.261500  0.948754  -0.131827  1.000000  
21.565310 0.007641  -0.004402  0.009220  0.557689  0.641242  0.527060  -0.794101  0.597019  0.113891  -0.241633  -0.482054  0.842162  -0.015625  -0.000055  -0.012893  -0.274707  0.974699  -0.132564  1.000000  
21.566319 0.007625  -0.004402  0.009207  0.558364  0.641627  0.525874  -0.794020  0.596971  0.114704  -0.240335  -0.481601  0.842793  -0.015734  -0.000137  -0.013067  -0.288008  1.005341  -0.128811  1.000000  
21.567566 0.007604  -0.004403  0.009190  0.559403  0.641903  0.524431  -0.793760  0.597098  0.115844  -0.238776  -0.481076  0.843535  -0.015959  -0.000232  -0.013250  -0.305602  1.039262  -0.125319  1.000000  
21.568815 0.007583  -0.004404  0.009172  0.560277  0.642365  0.522932  -0.793611  0.597109  0.116803  -0.237217  -0.480446  0.844334  -0.016148  -0.000357  -0.013373  -0.329056  1.069919  -0.116147  1.000000  
21.570066 0.007562  -0.004405  0.009155  0.561331  0.642739  0.521339  -0.793369  0.597202  0.117961  -0.235526  -0.479830  0.845157  -0.016394  -0.000493  -0.013371  -0.346796  1.103879  -0.112897  1.000000  
21.571311 0.007540  -0.004407  0.009139  0.562220  0.643297  0.519690  -0.793240  0.597180  0.118938  -0.233836  -0.479108  0.846036  -0.016653  -0.000689  -0.013242  -0.370416  1.134672  -0.103978  1.000000  
21.572561 0.007517  -0.004409  0.009126  0.563343  0.643816  0.517828  -0.793092  0.597071  0.120463  -0.231624  -0.478547  0.846961  -0.016784  -0.000754  -0.012959  -0.390112  1.180968  -0.086083  1.000000  
21.573809 0.007494  -0.004410  0.009112  0.564410  0.644222  0.516158  -0.792864  0.597121  0.121710  -0.229801  -0.477937  0.847801  -0.016994  -0.000869  -0.012781  -0.404528  1.216532  -0.075630  1.000000  
21.574810 0.007476  -0.004411  0.009101  0.565276  0.644613  0.514720  -0.792698  0.597131  0.122736  -0.228238  -0.477398  0.848527  -0.017135  -0.000922  -0.012602  -0.423398  1.249626  -0.071818  1.000000  
21.575810 0.007457  -0.004414  0.009089  0.566141  0.645065  0.513201  -0.792530  0.597158  0.123689  -0.226674  -0.476753  0.849309  -0.017287  -0.001026  -0.012548  -0.442927  1.280463  -0.062994  1.000000  
21.577060 0.007434  -0.004416  0.009073  0.567383  0.645443  0.511351  -0.792198  0.597313  0.125057  -0.224719  -0.476047  0.850224  -0.017429  -0.001145  -0.012573  -0.459811  1.319551  -0.058825  1.000000  
21.578063 0.007417  -0.004419  0.009060  0.568408  0.645707  0.509878  -0.791906  0.597463  0.126186  -0.223154  -0.475500  0.850942  -0.017492  -0.001268  -0.012591  -0.473109  1.352240  -0.055824  1.000000  
21.579311 0.007393  -0.004423  0.009044  0.569500  0.646241  0.507978  -0.791706  0.597441  0.127537  -0.221067  -0.474802  0.851876  -0.017667  -0.001478  -0.012609  -0.492781  1.394484  -0.040808  1.000000  
21.580315 0.007375  -0.004426  0.009032  0.570539  0.646600  0.506353  -0.791430  0.597561  0.128683  -0.219370  -0.474162  0.852671  -0.017785  -0.001680  -0.012522  -0.506588  1.428221  -0.038152  1.000000  
21.581559 0.007352  -0.004431  0.009017  0.571790  0.647008  0.504418  -0.791104  0.597679  0.130135  -0.217281  -0.473457  0.853597  -0.017939  -0.001913  -0.012451  -0.524815  1.466127  -0.033496  1.000000  
21.582563 0.007333  -0.004434  0.009005  0.572825  0.647302  0.502863  -0.790820  0.597789  0.131350  -0.215583  -0.472915  0.854328  -0.018123  -0.002109  -0.012344  -0.534603  1.499747  -0.030864  1.000000  
21.583565 0.007314  -0.004438  0.008994  0.573875  0.647694  0.501159  -0.790555  0.597867  0.132582  -0.213754  -0.472280  0.855138  -0.018256  -0.002325  -0.012074  -0.550713  1.538880  -0.025101  1.000000  
21.584567 0.007294  -0.004443  0.008984  0.574906  0.648046  0.499519  -0.790263  0.597999  0.133721  -0.212054  -0.471628  0.855920  -0.018447  -0.002585  -0.011832  -0.560750  1.569029  -0.024968  1.000000  
21.585815 0.007269  -0.004448  0.008972  0.576344  0.648457  0.497324  -0.789844  0.598179  0.135381  -0.209700  -0.470834  0.856937  -0.018661  -0.002825  -0.011544  -0.577786  1.618421  -0.022178  1.000000  
21.586815 0.007248  -0.004453  0.008963  0.577387  0.648843  0.495607  -0.789566  0.598267  0.136608  -0.207868  -0.470191  0.857736  -0.018844  -0.003104  -0.011358  -0.593591  1.649114  -0.014008  1.000000  
21.588067 0.007223  -0.004460  0.008952  0.578786  0.649175  0.493537  -0.789090  0.598557  0.138077  -0.205774  -0.469362  0.858695  -0.019045  -0.003414  -0.011243  -0.606452  1.690404  -0.015875  1.000000  
21.589310 0.007197  -0.004466  0.008940  0.580199  0.649660  0.491234  -0.788630  0.598836  0.139491  -0.203547  -0.468335  0.859786  -0.019263  -0.003727  -0.011136  -0.627716  1.740067  -0.013650  1.000000  
21.590310 0.007176  -0.004472  0.008930  0.581235  0.650099  0.489425  -0.788338  0.598952  0.140639  -0.201713  -0.467577  0.860630  -0.019431  -0.003935  -0.010952  -0.643684  1.770981  -0.005886  1.000000  
21.591560 0.007150  -0.004478  0.008919  0.582674  0.650652  0.486974  -0.787910  0.599140  0.142232  -0.199222  -0.466566  0.861758  -0.019590  -0.004182  -0.010661  -0.665260  1.812437  -0.008313  1.000000  
21.592811 0.007123  -0.004485  0.008909  0.584109  0.651141  0.484595  -0.787473  0.599316  0.143894  -0.196730  -0.465655  0.862822  -0.019912  -0.004449  -0.010273  -0.684314  1.858653  -0.000433  1.000000  
21.594060 0.007095  -0.004492  0.008901  0.585539  0.651686  0.482129  -0.787030  0.599517  0.145480  -0.194237  -0.464634  0.863937  -0.020235  -0.004710  -0.009728  -0.702429  1.903071  -0.000073  1.000000  
21.595060 0.007073  -0.004498  0.008895  0.586743  0.652086  0.480122  -0.786617  0.599752  0.146738  -0.192268  -0.463769  0.864842  -0.020417  -0.004815  -0.009346  -0.717001  1.936948  0.001212  1.000000  
21.596061 0.007051  -0.004505  0.008889  0.587959  0.652461  0.478119  -0.786219  0.599924  0.148159  -0.190167  -0.463018  0.865708  -0.020712  -0.005086  -0.008876  -0.730514  1.970696  -0.005397  1.000000  
21.597311 0.007023  -0.004513  0.008883  0.589380  0.652996  0.475634  -0.785755  0.600140  0.149736  -0.187670  -0.461983  0.866805  -0.021004  -0.005312  -0.008255  -0.745635  2.008532  -0.002672  1.000000  
21.598559 0.006994  -0.004522  0.008877  0.590782  0.653489  0.473212  -0.785264  0.600412  0.151216  -0.185304  -0.460932  0.867874  -0.021342  -0.005559  -0.007819  -0.764954  2.034748  -0.006384  1.000000  
21.599572 0.006970  -0.004529  0.008872  0.591959  0.653782  0.471332  -0.784809  0.600696  0.152442  -0.183463  -0.460145  0.868681  -0.021577  -0.005760  -0.007421  -0.773896  2.065390  -0.016414  1.000000  
21.600815 0.006941  -0.004537  0.008865  0.593369  0.654247  0.468907  -0.784325  0.600911  0.154081  -0.180964  -0.459202  0.869704  -0.021866  -0.005933  -0.007089  -0.781428  2.096039  -0.018258  1.000000  
21.601815 0.006918  -0.004544  0.008860  0.594380  0.654715  0.466970  -0.783982  0.601087  0.155134  -0.179121  -0.458304  0.870559  -0.022032  -0.006068  -0.006874  -0.792732  2.106866  -0.030501  1.000000  
21.603065 0.006888  -0.004553  0.008854  0.595797  0.655267  0.464382  -0.783504  0.601282  0.156786  -0.176488  -0.457258  0.871646  -0.022329  -0.006219  -0.006495  -0.808533  2.133032  -0.034657  1.000000  
21.604310 0.006858  -0.004561  0.008849  0.597049  0.655883  0.461899  -0.783140  0.601330  0.158413  -0.173853  -0.456311  0.872671  -0.022633  -0.006398  -0.005981  -0.817876  2.156579  -0.032935  1.000000  
21.605314 0.006834  -0.004568  0.008846  0.598079  0.656415  0.459805  -0.782819  0.601422  0.159644  -0.171745  -0.455423  0.873552  -0.022812  -0.006406  -0.005546  -0.830582  2.175486  -0.032915  1.000000  
21.606559 0.006804  -0.004576  0.008844  0.599511  0.657085  0.456975  -0.782354  0.601558  0.161399  -0.168844  -0.454276  0.874714  -0.023043  -0.006520  -0.005031  -0.848275  2.206958  -0.027320  1.000000  
21.607809 0.006774  -0.004584  0.008844  0.600911  0.657675  0.454278  -0.781845  0.601798  0.162965  -0.166206  -0.453103  0.875827  -0.023288  -0.006600  -0.004351  -0.863714  2.229765  -0.031036  1.000000  
21.608810 0.006750  -0.004589  0.008844  0.601932  0.658251  0.452088  -0.781506  0.601926  0.164115  -0.164094  -0.452096  0.876745  -0.023374  -0.006570  -0.003881  -0.878632  2.249384  -0.026444  1.000000  
21.610062 0.006719  -0.004597  0.008844  0.603324  0.658778  0.449458  -0.780982  0.602158  0.165747  -0.161454  -0.451018  0.877790  -0.023605  -0.006587  -0.003319  -0.891385  2.265012  -0.026371  1.000000  
21.611309 0.006688  -0.004606  0.008845  0.604550  0.659478  0.446775  -0.780575  0.602282  0.167210  -0.158813  -0.449829  0.878882  -0.023824  -0.006633  -0.002818  -0.909002  2.280315  -0.029512  1.000000  
21.612559 0.006657  -0.004614  0.008846  0.605959  0.660069  0.443986  -0.780069  0.602432  0.169021  -0.155906  -0.448759  0.879948  -0.023941  -0.006644  -0.002415  -0.923855  2.304015  -0.020327  1.000000  
21.613562 0.006633  -0.004622  0.008847  0.606977  0.660558  0.441861  -0.779723  0.602492  0.170400  -0.153659  -0.447958  0.880751  -0.024031  -0.006679  -0.001936  -0.930175  2.316025  -0.016815  1.000000  
21.614813 0.006602  -0.004631  0.008850  0.608524  0.660980  0.439095  -0.779059  0.602838  0.172201  -0.150882  -0.446869  0.881784  -0.024146  -0.006693  -0.001405  -0.941062  2.339775  -0.018755  1.000000  
21.615837 0.006577  -0.004639  0.008852  0.609536  0.661410  0.437039  -0.778701  0.602886  0.173647  -0.148633  -0.446167  0.882521  -0.024283  -0.006759  -0.000833  -0.942389  2.349473  -0.015092  1.000000  
21.617062 0.006546  -0.004648  0.008857  0.610925  0.661879  0.434381  -0.778162  0.603019  0.175589  -0.145721  -0.445291  0.883449  -0.024375  -0.006799  -0.000117  -0.946046  2.371520  -0.007963  1.000000  
21.618067 0.006520  -0.004656  0.008862  0.611929  0.662304  0.432315  -0.777791  0.603076  0.177031  -0.143471  -0.444581  0.884174  -0.024577  -0.006922  0.000631  -0.947114  2.382931  -0.001699  1.000000  
21.619315 0.006488  -0.004666  0.008871  0.613285  0.662641  0.429870  -0.777207  0.603291  0.178853  -0.140822  -0.443786  0.884999  -0.024665  -0.006968  0.001504  -0.938696  2.395396  -0.001582  1.000000  
21.620564 0.006455  -0.004677  0.008881  0.614659  0.663049  0.427272  -0.776644  0.603419  0.180857  -0.137907  -0.443003  0.885850  -0.024869  -0.007175  0.002432  -0.929534  2.411822  0.003219  1.000000  
21.621565 0.006429  -0.004684  0.008891  0.615822  0.663327  0.425159  -0.776142  0.603557  0.182544  -0.135521  -0.442398  0.886520  -0.025029  -0.007269  0.003201  -0.922588  2.426902  0.000672  1.000000  
21.622809 0.006395  -0.004695  0.008902  0.617197  0.663715  0.422552  -0.775577  0.603626  0.184706  -0.132472  -0.441721  0.887318  -0.025234  -0.007417  0.004001  -0.912817  2.442430  0.008171  1.000000  
21.623810 0.006369  -0.004702  0.008913  0.618352  0.663990  0.420427  -0.775061  0.603772  0.186386  -0.130084  -0.441108  0.887976  -0.025426  -0.007546  0.004693  -0.903979  2.455920  0.008994  1.000000  
21.625066 0.006335  -0.004712  0.008927  0.620044  0.664212  0.417573  -0.774236  0.604102  0.188731  -0.126899  -0.440322  0.888827  -0.025640  -0.007649  0.005587  -0.892494  2.481680  0.003548  1.000000  
21.626070 0.006307  -0.004721  0.008940  0.621200  0.664519  0.415361  -0.773719  0.604211  0.190496  -0.124377  -0.439709  0.889487  -0.025825  -0.007792  0.006383  -0.882913  2.493846  0.006776  1.000000  
21.627310 0.006273  -0.004730  0.008957  0.622701  0.664736  0.412759  -0.772976  0.604484  0.192633  -0.121456  -0.439005  0.890237  -0.026063  -0.007847  0.007564  -0.872474  2.508116  0.005952  1.000000  
21.628312 0.006245  -0.004738  0.008973  0.624006  0.664865  0.410575  -0.772316  0.604715  0.194548  -0.118932  -0.438492  0.890831  -0.026306  -0.007870  0.008533  -0.858054  2.532984  0.004894  1.000000  
21.629559 0.006210  -0.004748  0.008996  0.625495  0.665077  0.407957  -0.771556  0.604997  0.196674  -0.116009  -0.437780  0.891566  -0.026579  -0.007945  0.009943  -0.847991  2.551384  0.006008  1.000000  
21.630560 0.006181  -0.004756  0.009016  0.626800  0.665239  0.405684  -0.770891  0.605190  0.198673  -0.113351  -0.437266  0.892160  -0.026891  -0.007958  0.011134  -0.837355  2.573956  0.007386  1.000000  
21.631560 0.006152  -0.004763  0.009037  0.627932  0.665487  0.403520  -0.770337  0.605296  0.200492  -0.110825  -0.436742  0.892734  -0.027066  -0.007925  0.012184  -0.822719  2.592792  0.006557  1.000000  
21.632581 0.006124  -0.004771  0.009060  0.629217  0.665561  0.401391  -0.769647  0.605518  0.202463  -0.108298  -0.436323  0.893249  -0.027228  -0.007919  0.013442  -0.803648  2.609045  0.001485  1.000000  
21.633815 0.006088  -0.004781  0.009090  0.630877  0.665739  0.398478  -0.768767  0.605751  0.205095  -0.104839  -0.435726  0.893953  -0.027501  -0.007903  0.014966  -0.788354  2.647841  -0.005983  1.000000  
21.634819 0.006059  -0.004788  0.009114  0.632319  0.665722  0.396215  -0.767941  0.606072  0.207230  -0.102177  -0.435305  0.894466  -0.027682  -0.007856  0.016084  -0.767962  2.673163  -0.019028  1.000000  
21.636066 0.006023  -0.004798  0.009146  0.633946  0.665823  0.393436  -0.767017  0.606405  0.209663  -0.098982  -0.434687  0.895126  -0.027984  -0.007832  0.017461  -0.745276  2.691396  -0.028922  1.000000  
21.637311 0.005986  -0.004807  0.009179  0.635558  0.665885  0.390722  -0.766071  0.606788  0.211997  -0.095920  -0.434057  0.895764  -0.028197  -0.007755  0.018934  -0.722761  2.706200  -0.040873  1.000000  
21.638313 0.005956  -0.004814  0.009207  0.636981  0.665863  0.388435  -0.765218  0.607121  0.214115  -0.093256  -0.433624  0.896255  -0.028413  -0.007736  0.020126  -0.702676  2.731504  -0.054068  1.000000  
21.639559 0.005920  -0.004823  0.009244  0.638751  0.665870  0.385505  -0.764140  0.607562  0.216699  -0.089925  -0.432996  0.896899  -0.028562  -0.007640  0.021492  -0.682699  2.764316  -0.072224  1.000000  
21.640560 0.005889  -0.004830  0.009276  0.640154  0.665808  0.383278  -0.763260  0.607947  0.218712  -0.087393  -0.432550  0.897364  -0.028802  -0.007621  0.022828  -0.664149  2.781492  -0.084588  1.000000  
21.641560 0.005860  -0.004836  0.009308  0.641558  0.665829  0.380887  -0.762381  0.608318  0.220738  -0.084727  -0.431997  0.897886  -0.028901  -0.007495  0.024276  -0.643996  2.803955  -0.097086  1.000000  
21.642809 0.005823  -0.004844  0.009352  0.643306  0.665783  0.378008  -0.761271  0.608746  0.223373  -0.081393  -0.431464  0.898451  -0.029075  -0.007288  0.025936  -0.621230  2.829521  -0.111114  1.000000  
21.644062 0.005786  -0.004851  0.009398  0.645037  0.665744  0.375116  -0.760140  0.609251  0.225833  -0.078192  -0.430811  0.899048  -0.029218  -0.007139  0.027543  -0.606520  2.850413  -0.127153  1.000000  
21.645309 0.005747  -0.004858  0.009444  0.646930  0.665651  0.372009  -0.758880  0.609810  0.228545  -0.074724  -0.430163  0.899654  -0.029406  -0.006936  0.028807  -0.591475  2.883009  -0.145492  1.000000  
21.646310 0.005718  -0.004863  0.009482  0.648319  0.665693  0.369507  -0.757977  0.610084  0.230800  -0.071788  -0.429710  0.900109  -0.029451  -0.006779  0.030005  -0.582918  2.908014  -0.153382  1.000000  
21.647315 0.005688  -0.004868  0.009520  0.649857  0.665653  0.366868  -0.756932  0.610526  0.233050  -0.068852  -0.429144  0.900608  -0.029598  -0.006577  0.031222  -0.574008  2.937333  -0.170227  1.000000  
21.648559 0.005651  -0.004874  0.009568  0.651561  0.665597  0.363936  -0.755762  0.610979  0.235643  -0.065514  -0.428585  0.901123  -0.029651  -0.006351  0.032294  -0.561772  2.960911  -0.186742  1.000000  
21.649569 0.005621  -0.004878  0.009607  0.653078  0.665515  0.361358  -0.754690  0.611474  0.237786  -0.062710  -0.428006  0.901598  -0.029725  -0.006103  0.033429  -0.556794  2.990608  -0.203715  1.000000  
21.650813 0.005582  -0.004883  0.009658  0.654764  0.665499  0.358324  -0.753498  0.611966  0.240287  -0.059372  -0.427328  0.902145  -0.029838  -0.005853  0.034588  -0.555477  3.012343  -0.219585  1.000000  
21.651815 0.005552  -0.004887  0.009699  0.656106  0.665457  0.355938  -0.752536  0.612347  0.242325  -0.056700  -0.426847  0.902545  -0.029932  -0.005584  0.035663  -0.549788  3.026094  -0.230560  1.000000  
21.652815 0.005521  -0.004891  0.009741  0.657442  0.665457  0.353464  -0.751566  0.612760  0.244283  -0.054028  -0.426253  0.902989  -0.030053  -0.005346  0.036672  -0.548239  3.039781  -0.241732  1.000000  
21.654062 0.005481  -0.004896  0.009793  0.659262  0.665345  0.350271  -0.750212  0.613361  0.246922  -0.050554  -0.425564  0.903515  -0.030200  -0.005065  0.037763  -0.543367  3.061363  -0.257894  1.000000  
21.655311 0.005442  -0.004900  0.009846  0.661072  0.665229  0.347066  -0.748844  0.613969  0.249550  -0.047080  -0.424869  0.904030  -0.030356  -0.004836  0.038567  -0.540615  3.079322  -0.275993  1.000000  
21.656559 0.005403  -0.004905  0.009899  0.662871  0.665109  0.343848  -0.747463  0.614582  0.252167  -0.043605  -0.424168  0.904533  -0.030513  -0.004552  0.039396  -0.542163  3.099724  -0.291858  1.000000  
21.657560 0.005371  -0.004907  0.009942  0.664337  0.665007  0.341207  -0.746326  0.615035  0.254419  -0.040664  -0.423672  0.904903  -0.030635  -0.004310  0.040023  -0.537177  3.121751  -0.299082  1.000000  
21.658560 0.005340  -0.004910  0.009985  0.665792  0.664906  0.338557  -0.745176  0.615565  0.256499  -0.037856  -0.423060  0.905311  -0.030740  -0.004136  0.040436  -0.539775  3.142740  -0.314498  1.000000  
21.659809 0.005301  -0.004914  0.010038  0.667556  0.664703  0.335469  -0.743753  0.616278  0.258906  -0.034647  -0.422340  0.905775  -0.030789  -0.003887  0.040840  -0.539547  3.152292  -0.336486  1.000000  
21.660809 0.005270  -0.004916  0.010079  0.669145  0.664391  0.332910  -0.742444  0.616964  0.261022  -0.031972  -0.421828  0.906112  -0.030886  -0.003720  0.041097  -0.538208  3.164571  -0.355572  1.000000  
21.661810 0.005239  -0.004919  0.010121  0.670575  0.664245  0.330315  -0.741263  0.617549  0.262987  -0.029298  -0.421203  0.906493  -0.030940  -0.003479  0.041432  -0.541745  3.175070  -0.368767  1.000000  
21.663061 0.005200  -0.004921  0.010173  0.672468  0.663981  0.326980  -0.739675  0.618329  0.265611  -0.025820  -0.420474  0.906937  -0.031084  -0.003276  0.041630  -0.547824  3.190750  -0.394002  1.000000  
21.664066 0.005168  -0.004923  0.010215  0.674188  0.663612  0.324176  -0.738201  0.619154  0.267782  -0.023011  -0.419842  0.907305  -0.031212  -0.003120  0.041864  -0.557266  3.198904  -0.415709  1.000000  
21.665310 0.005128  -0.004926  0.010268  0.676215  0.663328  0.320515  -0.736453  0.620032  0.270551  -0.019266  -0.418995  0.907784  -0.031362  -0.002967  0.042069  -0.563888  3.222507  -0.437239  1.000000  
21.666319 0.005096  -0.004928  0.010311  0.677916  0.662989  0.317608  -0.734958  0.620825  0.272789  -0.016323  -0.418356  0.908136  -0.031448  -0.002798  0.042195  -0.569454  3.242979  -0.453690  1.000000  
21.667565 0.005055  -0.004931  0.010364  0.679764  0.662748  0.314142  -0.733318  0.621661  0.275286  -0.012844  -0.417496  0.908588  -0.031562  -0.002751  0.042277  -0.578288  3.263715  -0.469939  1.000000  
21.668566 0.005024  -0.004932  0.010406  0.681295  0.662493  0.311353  -0.731941  0.622367  0.277348  -0.010035  -0.416848  0.908921  -0.031591  -0.002568  0.042275  -0.586631  3.273428  -0.482945  1.000000  
21.669816 0.004983  -0.004935  0.010456  0.683271  0.662153  0.307724  -0.730136  0.623310  0.279973  -0.006422  -0.415978  0.909352  -0.031690  -0.002458  0.042103  -0.596113  3.294997  -0.499380  1.000000  
21.671060 0.004943  -0.004937  0.010506  0.685384  0.661641  0.304105  -0.728176  0.624437  0.282557  -0.002944  -0.415102  0.909770  -0.031716  -0.002321  0.041880  -0.607075  3.308948  -0.523955  1.000000  
21.672062 0.004911  -0.004939  0.010544  0.687034  0.661246  0.301227  -0.726625  0.625294  0.284647  -0.000134  -0.414442  0.910076  -0.031728  -0.002208  0.041540  -0.613550  3.322530  -0.545010  1.000000  
21.673309 0.004871  -0.004942  0.010592  0.689121  0.660800  0.297415  -0.724637  0.626351  0.287377  0.003613  -0.413556  0.910472  -0.031760  -0.002109  0.041203  -0.625084  3.344585  -0.565570  1.000000  
21.674560 0.004832  -0.004944  0.010639  0.691343  0.660104  0.293780  -0.722493  0.627671  0.289886  0.006957  -0.412665  0.910856  -0.031760  -0.002028  0.040799  -0.634364  3.358618  -0.599930  1.000000  
21.675809 0.004792  -0.004946  0.010686  0.693551  0.659402  0.290131  -0.720334  0.628996  0.292376  0.010302  -0.411769  0.911230  -0.031829  -0.002009  0.040399  -0.644368  3.361647  -0.631848  1.000000  
21.676809 0.004761  -0.004948  0.010722  0.695159  0.658951  0.287293  -0.718739  0.629910  0.294327  0.012978  -0.411093  0.911501  -0.031859  -0.001978  0.040083  -0.656032  3.365373  -0.651199  1.000000  
21.677810 0.004729  -0.004950  0.010759  0.696904  0.658439  0.284221  -0.716990  0.630959  0.296337  0.015788  -0.410302  0.911813  -0.031912  -0.001975  0.039745  -0.666498  3.374301  -0.676109  1.000000  
21.679060 0.004690  -0.004951  0.010805  0.699220  0.657662  0.280308  -0.714647  0.632431  0.298848  0.019266  -0.409281  0.912205  -0.031876  -0.001887  0.039295  -0.679550  3.390743  -0.714050  1.000000  
