1-Time 2-Px 3-Py 4-Pz 5-R11 6-R21 7-R31 8-R12 9-R22 10-R32 11-R13 12-R23 13-R33 14-Vx 15-Vy 16-Vz 17-Wx 18-Wy 19-Wz 20-state
80.709663 0.056902  -0.010461  -0.031734  0.144188  0.987904  -0.057051  -0.969717  0.152548  0.190728  0.197124  0.027823  0.979984  -0.000017  0.000166  -0.000631  0.000000  0.000000  0.000000  1.000000  
80.710886 0.056900  -0.010463  -0.031732  0.144188  0.987904  -0.057051  -0.969717  0.152548  0.190728  0.197124  0.027823  0.979984  -0.001837  -0.001961  0.002582  0.000000  0.000000  0.000000  1.000000  
80.711891 0.056887  -0.010475  -0.031711  0.144188  0.987911  -0.056931  -0.969717  0.152525  0.190746  0.197124  0.027704  0.979987  -0.007561  -0.006968  0.011436  0.000000  0.000000  0.000000  1.000000  
80.713138 0.056864  -0.010492  -0.031676  0.144188  0.987911  -0.056931  -0.969717  0.152525  0.190746  0.197124  0.027704  0.979987  -0.011576  -0.009702  0.017859  0.000000  0.000000  0.000000  1.000000  
80.714382 0.056845  -0.010502  -0.031651  0.144188  0.987918  -0.056812  -0.969717  0.152502  0.190765  0.197124  0.027585  0.979990  -0.012755  -0.009055  0.018606  0.000000  0.000000  0.000000  1.000000  
80.715384 0.056828  -0.010503  -0.031635  0.144188  0.987918  -0.056812  -0.969717  0.152502  0.190765  0.197124  0.027585  0.979990  -0.013530  -0.007704  0.018034  0.000000  0.000000  0.000000  1.000000  
80.716400 0.056805  -0.010504  -0.031621  0.144188  0.987925  -0.056692  -0.969717  0.152479  0.190783  0.197124  0.027466  0.979994  -0.014909  -0.006663  0.017353  0.000000  0.000000  0.000000  1.000000  
80.717406 0.056776  -0.010507  -0.031610  0.144188  0.987932  -0.056572  -0.969717  0.152456  0.190802  0.197124  0.027347  0.979997  -0.016755  -0.006179  0.016589  0.000000  0.000000  0.000000  1.000000  
80.718654 0.056737  -0.010509  -0.031597  0.144184  0.987938  -0.056471  -0.969691  0.152436  0.190950  0.197255  0.027228  0.979974  -0.018840  -0.005486  0.015672  0.000000  0.000000  0.000000  1.000000  
80.719893 0.056702  -0.010504  -0.031583  0.144184  0.987952  -0.056232  -0.969691  0.152390  0.190987  0.197255  0.026990  0.979981  -0.019985  -0.004310  0.015089  0.000000  0.000000  0.000000  1.000000  
80.721156 0.056669  -0.010495  -0.031568  0.144184  0.987959  -0.056112  -0.969691  0.152367  0.191005  0.197255  0.026871  0.979984  -0.020721  -0.003043  0.014742  0.000000  0.000000  0.000000  1.000000  
80.722384 0.056631  -0.010489  -0.031546  0.144184  0.987979  -0.055752  -0.969691  0.152297  0.191061  0.197255  0.026515  0.979994  -0.021663  -0.002260  0.015106  0.000000  0.000000  0.000000  1.000000  
80.723385 0.056596  -0.010490  -0.031518  0.144184  0.987993  -0.055513  -0.969691  0.152251  0.191098  0.197255  0.026277  0.980000  -0.022691  -0.002176  0.016053  0.000000  0.000000  0.000000  1.000000  
80.724633 0.056545  -0.010499  -0.031473  0.144184  0.988006  -0.055273  -0.969691  0.152205  0.191135  0.197255  0.026039  0.980006  -0.024200  -0.002590  0.017695  0.000000  0.000000  0.000000  1.000000  
80.725932 0.056491  -0.010512  -0.031427  0.144184  0.988019  -0.055033  -0.969691  0.152158  0.191172  0.197255  0.025801  0.980013  -0.027514  -0.003185  0.020437  0.000000  0.000000  0.000000  1.000000  
80.727132 0.056436  -0.010524  -0.031386  0.144584  0.987970  -0.054872  -0.969632  0.152519  0.191186  0.197255  0.025564  0.980019  -0.029798  -0.003013  0.021239  0.000000  0.000000  0.000000  1.000000  
80.728137 0.056389  -0.010534  -0.031360  0.144584  0.987983  -0.054633  -0.969632  0.152472  0.191223  0.197255  0.025326  0.980025  -0.031685  -0.002753  0.021103  0.000000  0.000000  0.000000  1.000000  
80.729139 0.056340  -0.010541  -0.031340  0.144787  0.987966  -0.054413  -0.969628  0.152626  0.191119  0.197124  0.025089  0.980058  -0.034217  -0.002653  0.021032  0.000000  0.000000  0.000000  1.000000  
80.730383 0.056275  -0.010548  -0.031322  0.144987  0.987947  -0.054213  -0.969598  0.152783  0.191145  0.197124  0.024851  0.980064  -0.036878  -0.002982  0.020907  0.000000  0.000000  0.000000  1.000000  
80.731633 0.056211  -0.010551  -0.031302  0.145386  0.987897  -0.054052  -0.969539  0.153143  0.191160  0.197124  0.024613  0.980070  -0.039174  -0.003082  0.021119  0.000000  0.000000  0.000000  1.000000  
80.732636 0.056166  -0.010549  -0.031279  0.145985  0.987816  -0.053930  -0.969449  0.153707  0.191164  0.197124  0.024375  0.980076  -0.040177  -0.002731  0.021905  0.000000  0.000000  0.000000  1.000000  
80.733651 0.056124  -0.010544  -0.031248  0.146384  0.987759  -0.053889  -0.969388  0.154091  0.191160  0.197124  0.024257  0.980078  -0.040901  -0.002358  0.023250  0.000000  0.000000  0.000000  1.000000  
80.734887 0.056072  -0.010536  -0.031199  0.146979  0.987683  -0.053667  -0.969272  0.154634  0.191313  0.197255  0.023899  0.980061  -0.042024  -0.002141  0.025655  0.000000  0.000000  0.000000  1.000000  
80.735889 0.056030  -0.010529  -0.031153  0.147378  0.987632  -0.053506  -0.969211  0.154994  0.191328  0.197255  0.023662  0.980067  -0.043029  -0.002163  0.027921  0.000000  0.000000  0.000000  1.000000  
80.737136 0.055976  -0.010522  -0.031091  0.148172  0.987523  -0.053324  -0.969063  0.155741  0.191470  0.197386  0.023304  0.980049  -0.044218  -0.002185  0.030644  0.000000  0.000000  0.000000  1.000000  
80.738148 0.055930  -0.010520  -0.031044  0.148770  0.987446  -0.053083  -0.968972  0.156281  0.191494  0.197386  0.022948  0.980057  -0.045071  -0.002019  0.032073  0.000000  0.000000  0.000000  1.000000  
80.739387 0.055871  -0.010519  -0.030991  0.149760  0.987297  -0.053081  -0.968766  0.157257  0.191737  0.197649  0.022709  0.980010  -0.045735  -0.001371  0.032666  0.000000  0.000000  0.000000  1.000000  
80.740633 0.055806  -0.010520  -0.030948  0.150553  0.987179  -0.053020  -0.968616  0.158027  0.191861  0.197780  0.022470  0.979989  -0.046636  -0.000556  0.032560  0.138654  0.016779  -0.215880  1.000000  
80.741633 0.055750  -0.010522  -0.030921  0.151147  0.987087  -0.053039  -0.968497  0.158616  0.191977  0.197911  0.022351  0.979965  -0.047234  -0.000177  0.032037  0.134523  0.020743  -0.236090  1.000000  
80.742881 0.055679  -0.010522  -0.030894  0.151741  0.986995  -0.053058  -0.968377  0.159205  0.192093  0.198042  0.022231  0.979941  -0.048207  0.000640  0.031484  0.134499  0.024705  -0.256408  1.000000  
80.743888 0.055622  -0.010518  -0.030872  0.152339  0.986903  -0.053057  -0.968283  0.159792  0.192080  0.198042  0.022113  0.979944  -0.048639  0.001527  0.031734  0.135558  0.024403  -0.278816  1.000000  
80.745133 0.055555  -0.010509  -0.030841  0.153137  0.986771  -0.053215  -0.968157  0.160604  0.192036  0.198042  0.022113  0.979944  -0.048813  0.002612  0.032564  0.125108  0.023561  -0.303741  1.000000  
80.746381 0.055489  -0.010498  -0.030804  0.153730  0.986671  -0.053354  -0.968036  0.161217  0.192133  0.198173  0.022112  0.979918  -0.048993  0.003506  0.033498  0.116913  0.027520  -0.323898  1.000000  
80.747382 0.055436  -0.010488  -0.030767  0.154328  0.986572  -0.053473  -0.967941  0.161826  0.192100  0.198173  0.022112  0.979918  -0.049404  0.004149  0.034541  0.108819  0.027036  -0.344157  1.000000  
80.748384 0.055382  -0.010478  -0.030728  0.154723  0.986504  -0.053572  -0.967851  0.162235  0.192207  0.198304  0.022111  0.979891  -0.050174  0.004574  0.035339  0.102007  0.031172  -0.357631  1.000000  
80.749640 0.055315  -0.010462  -0.030681  0.155117  0.986437  -0.053672  -0.967761  0.162644  0.192314  0.198435  0.022111  0.979865  -0.051337  0.004999  0.035081  0.095143  0.030839  -0.370867  1.000000  
80.750885 0.055248  -0.010443  -0.030641  0.155511  0.986370  -0.053772  -0.967671  0.163053  0.192422  0.198567  0.022110  0.979838  -0.052199  0.005739  0.034142  0.084333  0.035014  -0.384502  1.000000  
80.751894 0.055193  -0.010428  -0.030612  0.155905  0.986302  -0.053872  -0.967581  0.163462  0.192529  0.198698  0.022110  0.979811  -0.053100  0.006369  0.032453  0.074087  0.039498  -0.401226  1.000000  
80.753137 0.055117  -0.010415  -0.030580  0.156096  0.986274  -0.053834  -0.967496  0.163648  0.192797  0.198960  0.021989  0.979761  -0.054267  0.007001  0.030994  0.068032  0.048002  -0.404909  1.000000  
80.754138 0.055051  -0.010409  -0.030556  0.156287  0.986233  -0.054035  -0.967411  0.163880  0.193024  0.199222  0.022107  0.979705  -0.055569  0.007495  0.029545  0.050853  0.057265  -0.415178  1.000000  
80.755419 0.054966  -0.010400  -0.030526  0.156477  0.986198  -0.054117  -0.967327  0.164089  0.193272  0.199484  0.022106  0.979652  -0.056797  0.008112  0.028527  0.041231  0.066073  -0.421732  1.000000  
80.756632 0.054883  -0.010387  -0.030494  0.156465  0.986190  -0.054299  -0.967247  0.164121  0.193640  0.199878  0.022223  0.979569  -0.057842  0.009018  0.028431  0.030093  0.079183  -0.412389  1.000000  
80.757882 0.054801  -0.010369  -0.030457  0.156651  0.986141  -0.054641  -0.967136  0.164380  0.193977  0.200271  0.022459  0.979483  -0.058568  0.010255  0.029183  0.013837  0.092569  -0.412736  1.000000  
80.759131 0.054721  -0.010349  -0.030406  0.156642  0.986134  -0.054803  -0.967083  0.164409  0.194216  0.200533  0.022576  0.979427  -0.059225  0.011244  0.030848  0.003041  0.106137  -0.406324  1.000000  
80.760381 0.054642  -0.010328  -0.030347  0.156629  0.986112  -0.055224  -0.967003  0.164489  0.194544  0.200926  0.022931  0.979338  -0.060133  0.011936  0.032560  -0.015892  0.119634  -0.399842  1.000000  
80.761386 0.054580  -0.010310  -0.030303  0.156621  0.986098  -0.055506  -0.966950  0.164543  0.194763  0.201189  0.023167  0.979279  -0.060671  0.012595  0.033342  -0.029626  0.129938  -0.389775  1.000000  
80.762494 0.054519  -0.010289  -0.030265  0.156612  0.986083  -0.055787  -0.966897  0.164596  0.194982  0.201451  0.023403  0.979219  -0.060801  0.013231  0.033176  -0.041701  0.138937  -0.368355  1.000000  
80.763631 0.054444  -0.010260  -0.030225  0.156798  0.986034  -0.056129  -0.966785  0.164856  0.195318  0.201844  0.023639  0.979132  -0.061647  0.014383  0.032884  -0.052373  0.151901  -0.360456  1.000000  
80.764634 0.054382  -0.010238  -0.030199  0.156785  0.986019  -0.056431  -0.966705  0.164912  0.195666  0.202237  0.023875  0.979046  -0.062195  0.014948  0.032144  -0.064497  0.161217  -0.340261  1.000000  
80.765635 0.054318  -0.010219  -0.030175  0.156971  0.985970  -0.056774  -0.966592  0.165172  0.196003  0.202630  0.024110  0.978959  -0.062912  0.015188  0.031548  -0.083409  0.174780  -0.333844  1.000000  
80.766645 0.054253  -0.010204  -0.030149  0.156954  0.985954  -0.057097  -0.966485  0.165233  0.196480  0.203154  0.024345  0.978844  -0.063689  0.015228  0.031426  -0.100391  0.194674  -0.316600  1.000000  
80.767893 0.054173  -0.010188  -0.030113  0.157135  0.985904  -0.057460  -0.966346  0.165496  0.196945  0.203678  0.024580  0.978729  -0.064000  0.015387  0.031636  -0.113289  0.207144  -0.301402  1.000000  
80.769136 0.054094  -0.010173  -0.030073  0.157312  0.985860  -0.057726  -0.966178  0.165740  0.197559  0.204333  0.024695  0.978590  -0.063779  0.015706  0.032193  -0.123563  0.222916  -0.269862  1.000000  
80.770137 0.054033  -0.010160  -0.030038  0.157693  0.985783  -0.058011  -0.966006  0.166183  0.198032  0.204857  0.024811  0.978477  -0.063388  0.016304  0.033152  -0.128989  0.236677  -0.256555  1.000000  
80.771380 0.053955  -0.010145  -0.029990  0.158068  0.985697  -0.058437  -0.965805  0.166653  0.198614  0.205512  0.025045  0.978334  -0.062910  0.016372  0.034139  -0.138815  0.252789  -0.248229  1.000000  
80.772388 0.053893  -0.010132  -0.029947  0.158249  0.985654  -0.058682  -0.965664  0.166893  0.199098  0.206035  0.025160  0.978221  -0.062666  0.016384  0.035038  -0.149433  0.268627  -0.236948  1.000000  
80.773631 0.053817  -0.010113  -0.029895  0.158823  0.985534  -0.059151  -0.965430  0.167567  0.199667  0.206690  0.025394  0.978077  -0.062401  0.016286  0.035373  -0.157778  0.288561  -0.242313  1.000000  
80.774631 0.053759  -0.010095  -0.029856  0.159401  0.985413  -0.059598  -0.965222  0.168238  0.200106  0.207214  0.025629  0.977960  -0.062004  0.016480  0.034882  -0.169971  0.306382  -0.242752  1.000000  
80.775888 0.053688  -0.010068  -0.029813  0.160367  0.985222  -0.060172  -0.964893  0.169321  0.200778  0.207999  0.025861  0.977787  -0.061493  0.016710  0.033865  -0.179618  0.331322  -0.245293  1.000000  
80.777131 0.053616  -0.010041  -0.029775  0.161139  0.985064  -0.060684  -0.964623  0.170198  0.201332  0.208653  0.026095  0.977641  -0.061189  0.016939  0.033232  -0.189136  0.350601  -0.257336  1.000000  
80.778131 0.053557  -0.010018  -0.029744  0.161910  0.984914  -0.061078  -0.964352  0.171051  0.201906  0.209307  0.026210  0.977499  -0.061183  0.016900  0.033089  -0.196314  0.371350  -0.266715  1.000000  
80.779149 0.053498  -0.009998  -0.029711  0.162478  0.984789  -0.061572  -0.964086  0.171729  0.202600  0.210092  0.026442  0.977324  -0.060964  0.016641  0.033508  -0.205866  0.393372  -0.273885  1.000000  
80.780381 0.053423  -0.009974  -0.029662  0.163432  0.984592  -0.062194  -0.963696  0.172820  0.203526  0.211139  0.026673  0.977092  -0.060757  0.016641  0.034533  -0.218283  0.425611  -0.299756  1.000000  
80.781387 0.053363  -0.009957  -0.029616  0.164391  0.984402  -0.062677  -0.963332  0.173883  0.204343  0.212054  0.026786  0.976891  -0.060453  0.016718  0.035959  -0.228475  0.450833  -0.322920  1.000000  
80.782631 0.053288  -0.009938  -0.029552  0.165136  0.984237  -0.063305  -0.962916  0.174779  0.205537  0.213362  0.027015  0.976600  -0.060056  0.016960  0.037956  -0.243184  0.486708  -0.341373  1.000000  
80.783656 0.053226  -0.009922  -0.029499  0.165890  0.984080  -0.063771  -0.962554  0.175643  0.206494  0.214407  0.027128  0.976368  -0.059869  0.017180  0.039418  -0.248207  0.517179  -0.358323  1.000000  
80.784888 0.053147  -0.009903  -0.029433  0.166634  0.983921  -0.064283  -0.962133  0.176514  0.207707  0.215714  0.027238  0.976077  -0.060064  0.017448  0.041025  -0.256299  0.548146  -0.383267  1.000000  
80.786134 0.053065  -0.009883  -0.029375  0.167772  0.983688  -0.064883  -0.961642  0.177790  0.208892  0.217020  0.027348  0.975784  -0.060375  0.017683  0.041582  -0.263721  0.578357  -0.417536  1.000000  
80.787137 0.052999  -0.009864  -0.029334  0.168524  0.983521  -0.065474  -0.961274  0.178680  0.209824  0.218065  0.027578  0.975545  -0.060661  0.017990  0.041590  -0.274583  0.604946  -0.441842  1.000000  
80.788384 0.052916  -0.009839  -0.029288  0.169265  0.983359  -0.065993  -0.960847  0.179552  0.211033  0.219370  0.027688  0.975249  -0.061107  0.018559  0.041173  -0.276678  0.640181  -0.469891  1.000000  
80.789632 0.052831  -0.009811  -0.029246  0.169999  0.983187  -0.066655  -0.960388  0.180453  0.212348  0.220806  0.027916  0.974918  -0.061961  0.018911  0.040711  -0.283022  0.675531  -0.498085  1.000000  
80.790881 0.052744  -0.009782  -0.029201  0.170530  0.983052  -0.067298  -0.959932  0.181156  0.213804  0.222372  0.028142  0.974556  -0.062937  0.019081  0.040859  -0.285417  0.713721  -0.515196  1.000000  
80.791888 0.052674  -0.009759  -0.029162  0.170878  0.982963  -0.067711  -0.959598  0.181621  0.214909  0.223546  0.028252  0.974284  -0.063834  0.019109  0.041534  -0.287027  0.746104  -0.533701  1.000000  
80.793131 0.052584  -0.009731  -0.029108  0.171210  0.982872  -0.068194  -0.959173  0.182096  0.216399  0.225110  0.028360  0.973920  -0.064913  0.019129  0.042413  -0.282784  0.784884  -0.537647  1.000000  
80.794132 0.052511  -0.009710  -0.029059  0.171349  0.982818  -0.068610  -0.958810  0.182366  0.217774  0.226544  0.028469  0.973585  -0.065826  0.019203  0.043511  -0.280519  0.819792  -0.545007  1.000000  
80.795135 0.052437  -0.009690  -0.029006  0.171482  0.982765  -0.069049  -0.958416  0.182640  0.219276  0.228108  0.028576  0.973216  -0.066855  0.019219  0.044449  -0.275189  0.866821  -0.550641  1.000000  
80.796381 0.052341  -0.009668  -0.028938  0.171598  0.982700  -0.069677  -0.957928  0.182952  0.221139  0.230061  0.028798  0.972750  -0.068127  0.019317  0.045233  -0.279257  0.908906  -0.554429  1.000000  
80.797381 0.052263  -0.009650  -0.028885  0.171730  0.982646  -0.070117  -0.957528  0.183227  0.222640  0.231624  0.028905  0.972376  -0.069303  0.019451  0.045318  -0.277118  0.948363  -0.562035  1.000000  
80.798387 0.052184  -0.009631  -0.028835  0.171659  0.982628  -0.070535  -0.957130  0.183304  0.224282  0.233315  0.029011  0.971968  -0.070608  0.019734  0.045189  -0.276699  0.990299  -0.557376  1.000000  
80.799638 0.052084  -0.009604  -0.028774  0.171756  0.982561  -0.071233  -0.956538  0.183630  0.226526  0.235656  0.029230  0.971397  -0.072078  0.020271  0.044699  -0.277833  1.050747  -0.555806  1.000000  
80.800885 0.051984  -0.009574  -0.028715  0.171661  0.982540  -0.071743  -0.956008  0.183723  0.228678  0.237866  0.029332  0.970855  -0.073190  0.020844  0.044790  -0.273257  1.100443  -0.539467  1.000000  
80.801886 0.051904  -0.009549  -0.028666  0.171784  0.982476  -0.072327  -0.955564  0.184031  0.230281  0.239555  0.029554  0.970433  -0.074234  0.021348  0.045287  -0.277873  1.140455  -0.540653  1.000000  
80.803137 0.051805  -0.009517  -0.028602  0.171687  0.982446  -0.072956  -0.955026  0.184154  0.232408  0.241763  0.029773  0.969878  -0.075276  0.021855  0.046498  -0.274730  1.199867  -0.519614  1.000000  
80.804384 0.051707  -0.009481  -0.028533  0.171786  0.982379  -0.073633  -0.954447  0.184480  0.234519  0.243970  0.029991  0.969319  -0.076169  0.022375  0.048346  -0.268272  1.254164  -0.507932  1.000000  
80.805385 0.051629  -0.009452  -0.028472  0.171901  0.982313  -0.074241  -0.953960  0.184795  0.236245  0.245786  0.030212  0.968853  -0.076753  0.022804  0.050024  -0.268225  1.295054  -0.488953  1.000000  
80.806630 0.051531  -0.009416  -0.028396  0.171986  0.982243  -0.074965  -0.953306  0.185130  0.238608  0.248249  0.030427  0.968218  -0.077313  0.023240  0.051805  -0.263587  1.351621  -0.473693  1.000000  
80.807886 0.051431  -0.009384  -0.028319  0.172266  0.982134  -0.075740  -0.952611  0.185669  0.240953  0.250711  0.030642  0.967577  -0.078106  0.023546  0.053455  -0.260146  1.417344  -0.452392  1.000000  
80.809129 0.051329  -0.009356  -0.028245  0.172544  0.982025  -0.076516  -0.951910  0.186209  0.243296  0.253171  0.030857  0.966929  -0.078828  0.023616  0.054288  -0.257281  1.464784  -0.444208  1.000000  
80.810379 0.051225  -0.009330  -0.028176  0.173010  0.981886  -0.077248  -0.951133  0.186927  0.245771  0.255759  0.030952  0.966245  -0.079827  0.023876  0.054680  -0.250618  1.517671  -0.432260  1.000000  
80.811629 0.051121  -0.009304  -0.028112  0.173474  0.981737  -0.078102  -0.950350  0.187675  0.248221  0.258345  0.031164  0.965550  -0.080057  0.023962  0.054274  -0.246532  1.567284  -0.413933  1.000000  
80.812880 0.051017  -0.009278  -0.028050  0.173942  0.981597  -0.078816  -0.949593  0.188389  0.250563  0.260800  0.031260  0.964887  -0.080430  0.024237  0.053967  -0.245785  1.608685  -0.408777  1.000000  
80.813882 0.050934  -0.009256  -0.027998  0.174427  0.981459  -0.079463  -0.948934  0.189092  0.252523  0.262866  0.031359  0.964323  -0.080742  0.024357  0.054235  -0.244544  1.647955  -0.403128  1.000000  
80.815131 0.050833  -0.009227  -0.027930  0.175080  0.981268  -0.080378  -0.948095  0.190044  0.254948  0.265447  0.031570  0.963608  -0.080796  0.024367  0.054747  -0.249392  1.688510  -0.404584  1.000000  
80.816132 0.050752  -0.009204  -0.027870  0.175743  0.981087  -0.081130  -0.947320  0.190958  0.257139  0.267768  0.031665  0.962963  -0.080794  0.024330  0.055509  -0.248246  1.732615  -0.399188  1.000000  
80.817142 0.050672  -0.009180  -0.027807  0.176411  0.980897  -0.081981  -0.946573  0.191900  0.259178  0.269959  0.031879  0.962344  -0.080805  0.024235  0.056503  -0.249157  1.777940  -0.396885  1.000000  
80.818389 0.050572  -0.009147  -0.027727  0.177440  0.980622  -0.083037  -0.945605  0.193263  0.261686  0.272664  0.032087  0.961574  -0.080935  0.024078  0.057475  -0.253591  1.829166  -0.412592  1.000000  
80.819636 0.050470  -0.009115  -0.027646  0.178257  0.980384  -0.084093  -0.944593  0.194433  0.264460  0.275623  0.032292  0.960723  -0.081179  0.023916  0.058073  -0.261638  1.880638  -0.427353  1.000000  
80.820636 0.050388  -0.009089  -0.027582  0.179105  0.980148  -0.085034  -0.943754  0.195583  0.266599  0.277937  0.032502  0.960049  -0.081442  0.023658  0.058333  -0.265799  1.916137  -0.442168  1.000000  
80.821880 0.050283  -0.009058  -0.027503  0.179929  0.979909  -0.086052  -0.942799  0.196747  0.269112  0.280635  0.032708  0.959257  -0.081936  0.023391  0.058432  -0.273695  1.953804  -0.460435  1.000000  
80.822881 0.050197  -0.009035  -0.027443  0.180391  0.979752  -0.086866  -0.942058  0.197491  0.271153  0.282818  0.032919  0.958609  -0.082323  0.023293  0.058442  -0.282533  1.991876  -0.471739  1.000000  
80.823887 0.050109  -0.009013  -0.027383  0.181044  0.979553  -0.087738  -0.941275  0.198438  0.273174  0.284999  0.033129  0.957955  -0.082689  0.023244  0.058386  -0.292629  2.017731  -0.492728  1.000000  
80.825132 0.049996  -0.008987  -0.027310  0.181846  0.979308  -0.088817  -0.940223  0.199613  0.275928  0.287947  0.033331  0.957066  -0.083308  0.023238  0.058687  -0.302401  2.049631  -0.516960  1.000000  
80.826382 0.049882  -0.008962  -0.027234  0.182822  0.979028  -0.089888  -0.939047  0.200966  0.278934  0.291149  0.033413  0.956094  -0.083991  0.023214  0.059455  -0.311138  2.096722  -0.555625  1.000000  
80.827632 0.049766  -0.008937  -0.027156  0.183793  0.978747  -0.090966  -0.937859  0.202319  0.281935  0.294347  0.033495  0.955111  -0.084796  0.023054  0.060591  -0.321585  2.140698  -0.590395  1.000000  
80.828881 0.049652  -0.008912  -0.027073  0.184537  0.978502  -0.092090  -0.936542  0.203488  0.285451  0.298053  0.033570  0.953959  -0.085523  0.022929  0.061683  -0.325755  2.190369  -0.621216  1.000000  
80.829882 0.049561  -0.008891  -0.027005  0.185137  0.978303  -0.092989  -0.935525  0.204426  0.288103  0.300862  0.033655  0.953074  -0.086262  0.022798  0.062700  -0.332577  2.225104  -0.642056  1.000000  
80.831134 0.049447  -0.008863  -0.026920  0.185702  0.978100  -0.093991  -0.934340  0.205381  0.291252  0.304178  0.033733  0.952018  -0.087156  0.022755  0.063381  -0.337395  2.262748  -0.669304  1.000000  
80.832381 0.049331  -0.008834  -0.026839  0.186439  0.977864  -0.094989  -0.933024  0.206512  0.294650  0.307744  0.033693  0.950872  -0.088097  0.022613  0.063491  -0.338637  2.315629  -0.697343  1.000000  
80.833408 0.049237  -0.008811  -0.026779  0.186836  0.977705  -0.095839  -0.932017  0.207249  0.297309  0.310544  0.033776  0.949959  -0.089021  0.022307  0.063028  -0.344519  2.350185  -0.723045  1.000000  
80.834636 0.049117  -0.008784  -0.026708  0.187373  0.977497  -0.096905  -0.930715  0.208215  0.300692  0.314103  0.033849  0.948785  -0.090184  0.022098  0.062584  -0.345374  2.398463  -0.739483  1.000000  
80.835636 0.049020  -0.008764  -0.026652  0.187755  0.977348  -0.097668  -0.929648  0.208920  0.303493  0.317023  0.033815  0.947815  -0.091342  0.021594  0.061950  -0.345815  2.435505  -0.759145  1.000000  
80.836885 0.048897  -0.008740  -0.026582  0.188084  0.977181  -0.098704  -0.928319  0.209690  0.307009  0.320700  0.033885  0.946574  -0.092675  0.021091  0.061430  -0.345839  2.484579  -0.767254  1.000000  
80.838133 0.048773  -0.008718  -0.026507  0.188408  0.977013  -0.099743  -0.926976  0.210459  0.310519  0.324373  0.033955  0.945320  -0.093606  0.020659  0.061475  -0.345976  2.529352  -0.775255  1.000000  
80.839136 0.048673  -0.008702  -0.026444  0.188581  0.976892  -0.100595  -0.925873  0.211007  0.313425  0.327409  0.034032  0.944270  -0.094255  0.020386  0.061692  -0.347757  2.564773  -0.776092  1.000000  
80.840137 0.048573  -0.008685  -0.026378  0.188742  0.976782  -0.101355  -0.924717  0.211520  0.316477  0.330568  0.033993  0.943170  -0.094863  0.020099  0.062081  -0.345586  2.605298  -0.777087  1.000000  
80.841381 0.048450  -0.008664  -0.026292  0.189027  0.976622  -0.102360  -0.923205  0.212266  0.320367  0.334606  0.033941  0.941747  -0.095453  0.019853  0.062808  -0.339891  2.659633  -0.778655  1.000000  
80.842631 0.048328  -0.008642  -0.026204  0.189099  0.976504  -0.103352  -0.921627  0.212819  0.324519  0.338889  0.033886  0.940216  -0.095881  0.019716  0.063435  -0.336184  2.727327  -0.773794  1.000000  
80.843632 0.048232  -0.008623  -0.026135  0.189249  0.976393  -0.104119  -0.920433  0.213332  0.327555  0.342034  0.033845  0.939078  -0.096254  0.019573  0.063587  -0.331896  2.768117  -0.768208  1.000000  
80.844881 0.048113  -0.008598  -0.026048  0.189340  0.976277  -0.105039  -0.918958  0.213872  0.331324  0.345929  0.033794  0.937652  -0.096503  0.019500  0.063751  -0.321803  2.817927  -0.756341  1.000000  
80.845882 0.048019  -0.008577  -0.025982  0.189474  0.976178  -0.105716  -0.917696  0.214348  0.334499  0.349191  0.033637  0.936448  -0.096767  0.019347  0.063609  -0.310679  2.853108  -0.745088  1.000000  
80.846883 0.047925  -0.008556  -0.025918  0.189784  0.976021  -0.106609  -0.916337  0.215070  0.337744  0.352574  0.033591  0.935181  -0.096823  0.019290  0.063565  -0.306495  2.893895  -0.739614  1.000000  
80.847887 0.047833  -0.008535  -0.025855  0.189892  0.975920  -0.107341  -0.914959  0.215553  0.341154  0.356077  0.033430  0.933859  -0.096862  0.019190  0.063643  -0.291890  2.942466  -0.727602  1.000000  
80.849131 0.047716  -0.008510  -0.025776  0.190293  0.975735  -0.108302  -0.913113  0.216431  0.345518  0.360574  0.033142  0.932142  -0.096616  0.018959  0.063997  -0.273795  3.010295  -0.716233  1.000000  
80.850140 0.047623  -0.008493  -0.025711  0.190777  0.975545  -0.109157  -0.911675  0.217309  0.348749  0.363941  0.032983  0.930838  -0.096466  0.018736  0.064590  -0.261416  3.053142  -0.709057  1.000000  
80.851385 0.047506  -0.008474  -0.025626  0.191175  0.975361  -0.110103  -0.909840  0.218178  0.352973  0.368299  0.032697  0.929132  -0.096031  0.018367  0.065596  -0.241103  3.111809  -0.703954  1.000000  
80.852386 0.047413  -0.008461  -0.025556  0.191648  0.975170  -0.110968  -0.908374  0.219053  0.356191  0.371655  0.032537  0.927801  -0.095573  0.018016  0.066553  -0.232870  3.161099  -0.711836  1.000000  
80.853387 0.047320  -0.008449  -0.025485  0.192106  0.974991  -0.111745  -0.906848  0.219888  0.359551  0.375130  0.032263  0.926410  -0.095206  0.017709  0.067252  -0.222471  3.205675  -0.712468  1.000000  
80.854447 0.047228  -0.008437  -0.025414  0.192373  0.974858  -0.112451  -0.905348  0.220520  0.362928  0.378600  0.031990  0.925007  -0.094172  0.017256  0.067302  -0.205262  3.248674  -0.705578  1.000000  
80.855633 0.047115  -0.008422  -0.025328  0.193129  0.974596  -0.113423  -0.903416  0.221733  0.366980  0.382807  0.031594  0.923288  -0.093858  0.017007  0.067658  -0.190024  3.296140  -0.714026  1.000000  
80.856882 0.047003  -0.008406  -0.025246  0.193876  0.974332  -0.114404  -0.901465  0.222942  0.371023  0.387006  0.031199  0.921549  -0.093098  0.016628  0.067351  -0.176113  3.336997  -0.714237  1.000000  
80.858131 0.046892  -0.008389  -0.025168  0.194767  0.974020  -0.115549  -0.899301  0.224360  0.375394  0.391566  0.030799  0.919635  -0.092487  0.016238  0.066823  -0.165594  3.371146  -0.722028  1.000000  
80.859132 0.046806  -0.008374  -0.025105  0.195749  0.973713  -0.116469  -0.897580  0.225738  0.378673  0.395010  0.030416  0.918173  -0.091855  0.015862  0.066230  -0.158121  3.411584  -0.741712  1.000000  
80.860381 0.046697  -0.008356  -0.025025  0.196805  0.973365  -0.117595  -0.895335  0.227303  0.383025  0.399553  0.029906  0.916222  -0.091609  0.015487  0.066241  -0.151432  3.448094  -0.759122  1.000000  
80.861382 0.046611  -0.008342  -0.024960  0.197598  0.973103  -0.118428  -0.893676  0.228470  0.386192  0.402862  0.029526  0.914784  -0.090720  0.014849  0.066077  -0.145586  3.467763  -0.779055  1.000000  
80.862446 0.046524  -0.008328  -0.024893  0.198544  0.972792  -0.119401  -0.891858  0.229842  0.389567  0.406411  0.029143  0.913226  -0.089948  0.014284  0.066013  -0.140173  3.492916  -0.801920  1.000000  
80.863631 0.046413  -0.008314  -0.024804  0.199582  0.972454  -0.120415  -0.889609  0.231342  0.393797  0.410807  0.028527  0.911276  -0.089938  0.013633  0.066980  -0.131803  3.536343  -0.823328  1.000000  
80.864882 0.046300  -0.008300  -0.024713  0.200596  0.972100  -0.121585  -0.887285  0.232887  0.398107  0.415315  0.028022  0.909246  -0.089842  0.013129  0.067688  -0.127126  3.572933  -0.854154  1.000000  
80.866145 0.046185  -0.008290  -0.024621  0.201416  0.971822  -0.122450  -0.884979  0.234130  0.402486  0.419814  0.027298  0.907200  -0.089492  0.012457  0.068112  -0.110892  3.610168  -0.878062  1.000000  
80.867383 0.046068  -0.008279  -0.024531  0.202600  0.971447  -0.123465  -0.882623  0.235763  0.406684  0.424181  0.026578  0.905188  -0.089639  0.012122  0.068340  -0.100055  3.642652  -0.909005  1.000000  
80.868391 0.045973  -0.008271  -0.024459  0.203681  0.971095  -0.124454  -0.880678  0.237264  0.410014  0.427691  0.026092  0.903548  -0.089727  0.011804  0.068295  -0.100850  3.669518  -0.946772  1.000000  
80.869640 0.045854  -0.008260  -0.024374  0.204842  0.970732  -0.125377  -0.878283  0.238833  0.414220  0.432040  0.025266  0.901500  -0.090026  0.011633  0.068184  -0.087782  3.689528  -0.982609  1.000000  
80.870885 0.045735  -0.008248  -0.024292  0.205977  0.970367  -0.126340  -0.875809  0.240398  0.418530  0.436500  0.024442  0.899372  -0.090645  0.011399  0.068134  -0.081953  3.710669  -1.024693  1.000000  
80.871886 0.045640  -0.008238  -0.024226  0.206847  0.970090  -0.127041  -0.873857  0.241581  0.421916  0.439987  0.023743  0.897690  -0.090893  0.011148  0.068088  -0.074385  3.718771  -1.053986  1.000000  
80.873133 0.045521  -0.008226  -0.024143  0.208137  0.969688  -0.127999  -0.871300  0.243278  0.426207  0.444427  0.022816  0.895524  -0.091465  0.010835  0.068391  -0.067940  3.740661  -1.102061  1.000000  
80.874135 0.045426  -0.008215  -0.024074  0.209139  0.969374  -0.128746  -0.869156  0.244602  0.429811  0.448139  0.022010  0.893693  -0.091997  0.010543  0.068802  -0.059621  3.766707  -1.137742  1.000000  
80.875381 0.045307  -0.008203  -0.023985  0.210209  0.969034  -0.129554  -0.866541  0.246033  0.434251  0.452679  0.020981  0.891427  -0.092709  0.010202  0.069350  -0.046434  3.800504  -1.172557  1.000000  
80.876381 0.045210  -0.008195  -0.023914  0.211189  0.968718  -0.130323  -0.864363  0.247341  0.437835  0.456373  0.020181  0.889560  -0.093359  0.009823  0.069730  -0.040937  3.811149  -1.207451  1.000000  
80.877631 0.045088  -0.008186  -0.023824  0.212262  0.968395  -0.130983  -0.861825  0.248694  0.442050  0.460654  0.019054  0.887375  -0.094261  0.009278  0.070105  -0.026413  3.820586  -1.241003  1.000000  
80.878631 0.044989  -0.008180  -0.023752  0.213234  0.968078  -0.131746  -0.859673  0.249984  0.445500  0.464213  0.018263  0.885535  -0.095091  0.008873  0.070120  -0.020724  3.824118  -1.268559  1.000000  
80.879637 0.044889  -0.008175  -0.023683  0.214196  0.967776  -0.132401  -0.857506  0.251214  0.448971  0.467764  0.017367  0.883683  -0.095648  0.008484  0.069814  -0.010500  3.832381  -1.286519  1.000000  
80.880881 0.044762  -0.008170  -0.023597  0.215201  0.967449  -0.133155  -0.854790  0.252542  0.453383  0.472252  0.016251  0.881314  -0.096593  0.008146  0.069469  0.001693  3.850736  -1.312877  1.000000  
80.881882 0.044659  -0.008165  -0.023530  0.216285  0.967109  -0.133866  -0.852422  0.253903  0.457066  0.476022  0.015253  0.879301  -0.097156  0.007911  0.069194  0.013094  3.874479  -1.343690  1.000000  
80.882890 0.044558  -0.008160  -0.023462  0.217230  0.966823  -0.134407  -0.850269  0.255050  0.460426  0.479430  0.014263  0.877464  -0.097573  0.007685  0.068803  0.025015  3.877829  -1.363522  1.000000  
80.884137 0.044431  -0.008152  -0.023374  0.218401  0.966476  -0.135001  -0.847574  0.256431  0.464609  0.483652  0.012952  0.875165  -0.098110  0.007490  0.068932  0.041881  3.891389  -1.398098  1.000000  
80.885147 0.044330  -0.008144  -0.023303  0.219291  0.966204  -0.135504  -0.845264  0.257506  0.468209  0.487278  0.011863  0.873166  -0.098361  0.007372  0.069194  0.060259  3.900606  -1.408612  1.000000  
80.886387 0.044205  -0.008133  -0.023211  0.220384  0.965888  -0.135980  -0.842339  0.258752  0.472770  0.491828  0.010350  0.870631  -0.098904  0.007248  0.069928  0.086448  3.924779  -1.427134  1.000000  
80.887634 0.044080  -0.008123  -0.023115  0.221443  0.965573  -0.136500  -0.839327  0.259983  0.477430  0.496481  0.008844  0.868002  -0.099298  0.007176  0.070762  0.111138  3.944186  -1.438586  1.000000  
80.888640 0.043979  -0.008114  -0.023037  0.222640  0.965210  -0.137119  -0.836872  0.261364  0.480972  0.500077  0.007668  0.865947  -0.099671  0.007015  0.071461  0.129912  3.952808  -1.457348  1.000000  
80.889883 0.043854  -0.008104  -0.022938  0.223837  0.964857  -0.137653  -0.833769  0.262706  0.485608  0.504705  0.006073  0.863271  -0.100124  0.006931  0.072200  0.158503  3.966956  -1.463621  1.000000  
80.891132 0.043728  -0.008093  -0.022840  0.225375  0.964412  -0.138258  -0.830614  0.264367  0.490093  0.509203  0.004385  0.860635  -0.100461  0.006910  0.072847  0.184432  3.986231  -1.486278  1.000000  
80.892381 0.043601  -0.008084  -0.022742  0.226873  0.963966  -0.138915  -0.827367  0.266010  0.494674  0.513801  0.002706  0.857905  -0.100774  0.006925  0.073344  0.210406  4.018216  -1.511814  1.000000  
80.893636 0.043474  -0.008076  -0.022647  0.228556  0.963448  -0.139751  -0.824182  0.267893  0.498956  0.518157  0.001141  0.855285  -0.100972  0.007003  0.073748  0.224419  4.022540  -1.542351  1.000000  
80.894881 0.043345  -0.008069  -0.022550  0.230235  0.962962  -0.140345  -0.821040  0.269637  0.503179  0.522384  -0.000621  0.852710  -0.101259  0.006970  0.074451  0.249897  4.021252  -1.564027  1.000000  
80.895888 0.043242  -0.008064  -0.022473  0.231689  0.962534  -0.140884  -0.818444  0.271153  0.506581  0.525803  -0.002064  0.850604  -0.101291  0.007053  0.075025  0.261468  4.026032  -1.599039  1.000000  
80.897133 0.043113  -0.008058  -0.022375  0.233586  0.961933  -0.141853  -0.814892  0.273258  0.511157  0.530461  -0.003804  0.847701  -0.101347  0.007079  0.075911  0.275071  4.047823  -1.631956  1.000000  
80.898383 0.042986  -0.008050  -0.022276  0.235514  0.961382  -0.142403  -0.811517  0.275157  0.515489  0.534764  -0.005842  0.844981  -0.101376  0.007101  0.076697  0.303874  4.058411  -1.657297  1.000000  
80.899640 0.042860  -0.008041  -0.022173  0.237562  0.960771  -0.143118  -0.808000  0.277230  0.519884  0.539166  -0.007866  0.842162  -0.101341  0.007114  0.077782  0.321448  4.072935  -1.693855  1.000000  
80.900884 0.042734  -0.008031  -0.022070  0.239417  0.960216  -0.143752  -0.804505  0.279083  0.524294  0.543554  -0.009876  0.839316  -0.101398  0.007088  0.078569  0.341918  4.084406  -1.724474  1.000000  
80.901889 0.042633  -0.008024  -0.021988  0.240918  0.959794  -0.144060  -0.801696  0.280461  0.527850  0.547031  -0.011677  0.837031  -0.101456  0.007021  0.079020  0.364094  4.097933  -1.751674  1.000000  
80.903135 0.042505  -0.008015  -0.021885  0.243052  0.959156  -0.144726  -0.798056  0.282538  0.532240  0.551391  -0.013863  0.834131  -0.101631  0.006846  0.079395  0.384529  4.105388  -1.787147  1.000000  
80.904137 0.042403  -0.008008  -0.021804  0.244677  0.958656  -0.145299  -0.795159  0.284143  0.535710  0.554847  -0.015540  0.831807  -0.101739  0.006731  0.079538  0.393487  4.107505  -1.818672  1.000000  
80.905139 0.042301  -0.008002  -0.021724  0.246401  0.958115  -0.145950  -0.792053  0.285859  0.539386  0.558515  -0.017305  0.829314  -0.101844  0.006581  0.079554  0.406057  4.123454  -1.849722  1.000000  
80.906383 0.042171  -0.007994  -0.021623  0.248640  0.957429  -0.146655  -0.788365  0.288005  0.543630  0.562725  -0.019551  0.826413  -0.102173  0.006459  0.079875  0.421764  4.123100  -1.889942  1.000000  
80.907631 0.042039  -0.007986  -0.021519  0.250663  0.956819  -0.147193  -0.784630  0.289860  0.548030  0.567031  -0.021878  0.823406  -0.102540  0.006362  0.080307  0.435521  4.142036  -1.926154  1.000000  
80.908631 0.041933  -0.007981  -0.021434  0.252544  0.956247  -0.147693  -0.781628  0.291590  0.551392  0.570333  -0.023809  0.821069  -0.102784  0.006289  0.080857  0.451746  4.145286  -1.961665  1.000000  
80.909631 0.041827  -0.007976  -0.021349  0.254333  0.955695  -0.148199  -0.778391  0.293226  0.555092  0.573954  -0.025821  0.818480  -0.102904  0.006318  0.081440  0.467259  4.162912  -1.996393  1.000000  
80.910881 0.041694  -0.007969  -0.021242  0.256590  0.955013  -0.148697  -0.774483  0.295200  0.559493  0.578219  -0.028397  0.815387  -0.103256  0.006331  0.082111  0.491424  4.170519  -2.043004  1.000000  
80.911888 0.041587  -0.007963  -0.021157  0.258217  0.954536  -0.148949  -0.771406  0.296534  0.563027  0.581598  -0.030483  0.812905  -0.103459  0.006407  0.082585  0.509753  4.169100  -2.070327  1.000000  
80.913132 0.041454  -0.007956  -0.021048  0.260437  0.953851  -0.149469  -0.767526  0.298459  0.567297  0.585727  -0.033024  0.809836  -0.103917  0.006396  0.083282  0.525018  4.182359  -2.108709  1.000000  
80.914136 0.041348  -0.007948  -0.020963  0.262042  0.953407  -0.149498  -0.764488  0.299618  0.570777  0.588975  -0.035278  0.807381  -0.104220  0.006446  0.083482  0.547117  4.194609  -2.134463  1.000000  
80.915381 0.041217  -0.007938  -0.020857  0.264175  0.952795  -0.149645  -0.760489  0.301206  0.575266  0.593184  -0.038168  0.804161  -0.104594  0.006492  0.083718  0.575223  4.201478  -2.174196  1.000000  
80.916389 0.041112  -0.007930  -0.020776  0.265550  0.952415  -0.149632  -0.757396  0.302118  0.578857  0.596518  -0.040384  0.801583  -0.104819  0.006483  0.083573  0.586905  4.200374  -2.204461  1.000000  
80.917637 0.040982  -0.007921  -0.020673  0.267337  0.951926  -0.149558  -0.753539  0.303261  0.583277  0.600591  -0.043234  0.798386  -0.104984  0.006529  0.083569  0.617682  4.202640  -2.225912  1.000000  
80.918884 0.040852  -0.007913  -0.020573  0.269274  0.951320  -0.149942  -0.749680  0.304788  0.587439  0.604542  -0.045774  0.795257  -0.105210  0.006484  0.083496  0.636616  4.201987  -2.242156  1.000000  
80.919893 0.040748  -0.007907  -0.020492  0.270940  0.950812  -0.150160  -0.746578  0.306035  0.590731  0.607629  -0.047946  0.792773  -0.105209  0.006464  0.083496  0.647931  4.191525  -2.266528  1.000000  
80.921135 0.040619  -0.007901  -0.020391  0.272789  0.950282  -0.150169  -0.742603  0.307216  0.595112  0.611659  -0.050824  0.789487  -0.105186  0.006351  0.083472  0.681720  4.195397  -2.281442  1.000000  
80.922139 0.040517  -0.007896  -0.020309  0.274101  0.949957  -0.149836  -0.739583  0.307810  0.598557  0.614724  -0.053249  0.786943  -0.104916  0.006247  0.083457  0.713102  4.187008  -2.287335  1.000000  
80.923381 0.040390  -0.007890  -0.020207  0.275920  0.949463  -0.149627  -0.735647  0.308793  0.602885  0.618621  -0.056275  0.783672  -0.104650  0.006136  0.083273  0.754037  4.191866  -2.293925  1.000000  
80.924381 0.040290  -0.007886  -0.020124  0.277397  0.949089  -0.149267  -0.732696  0.309477  0.606119  0.621455  -0.058768  0.781242  -0.104199  0.006146  0.083025  0.785707  4.189326  -2.299733  1.000000  
80.925631 0.040166  -0.007880  -0.020023  0.279367  0.948528  -0.149158  -0.728823  0.310612  0.610195  0.625117  -0.061759  0.778084  -0.103606  0.006089  0.082652  0.826526  4.179512  -2.307440  1.000000  
80.926881 0.040043  -0.007873  -0.019925  0.281304  0.948005  -0.148846  -0.724929  0.311566  0.614332  0.628766  -0.064911  0.774881  -0.102962  0.006000  0.082149  0.866944  4.165788  -2.313988  1.000000  
