1-Time 2-Px 3-Py 4-Pz 5-R11 6-R21 7-R31 8-R12 9-R22 10-R32 11-R13 12-R23 13-R33 14-Vx 15-Vy 16-Vz 17-Wx 18-Wy 19-Wz 20-state
40.918922 0.004060  -0.008600  0.000830  0.172328  0.939348  0.296526  -0.984166  0.176861  0.011687  -0.041466  -0.293845  0.954953  0.000049  -0.000025  -0.001045  0.000000  0.000000  0.000000  1.000000  
40.919978 0.004060  -0.008601  0.000829  0.172328  0.939348  0.296526  -0.984166  0.176861  0.011687  -0.041466  -0.293845  0.954953  0.000652  -0.000664  -0.002080  0.000000  0.000000  0.000000  1.000000  
40.921229 0.004060  -0.008599  0.000828  0.172531  0.939312  0.296524  -0.984131  0.177055  0.011748  -0.041466  -0.293845  0.954953  0.000181  0.000838  -0.001178  0.000000  0.000000  0.000000  1.000000  
40.922478 0.004060  -0.008595  0.000825  0.172531  0.939348  0.296410  -0.984131  0.177056  0.011727  -0.041466  -0.293730  0.954989  0.000111  0.001772  -0.001458  0.000000  0.000000  0.000000  1.000000  
40.923480 0.004060  -0.008593  0.000824  0.172531  0.939348  0.296410  -0.984131  0.177056  0.011727  -0.041466  -0.293730  0.954989  0.000046  0.001639  -0.001390  0.000000  0.000000  0.000000  1.000000  
40.924730 0.004059  -0.008592  0.000824  0.172531  0.939348  0.296410  -0.984131  0.177056  0.011727  -0.041466  -0.293730  0.954989  -0.000038  0.001532  -0.001148  0.000000  0.000000  0.000000  1.000000  
40.925993 0.004059  -0.008589  0.000823  0.172531  0.939384  0.296296  -0.984131  0.177057  0.011705  -0.041466  -0.293614  0.955024  -0.000150  0.001677  -0.001053  0.000000  0.000000  0.000000  1.000000  
40.927227 0.004056  -0.008586  0.000822  0.172734  0.939347  0.296294  -0.984095  0.177251  0.011766  -0.041466  -0.293614  0.955024  -0.000404  0.001855  -0.001039  0.000000  0.000000  0.000000  1.000000  
40.928254 0.004055  -0.008583  0.000819  0.172734  0.939347  0.296294  -0.984095  0.177251  0.011766  -0.041466  -0.293614  0.955024  -0.000550  0.001976  -0.001223  0.000000  0.000000  0.000000  1.000000  
40.929262 0.004052  -0.008580  0.000817  0.172734  0.939347  0.296294  -0.984095  0.177251  0.011766  -0.041466  -0.293614  0.955024  -0.000719  0.002031  -0.001255  0.000000  0.000000  0.000000  1.000000  
40.930481 0.004051  -0.008577  0.000816  0.172734  0.939383  0.296180  -0.984095  0.177252  0.011745  -0.041466  -0.293498  0.955060  -0.000752  0.002116  -0.001260  0.000000  0.000000  0.000000  1.000000  
40.931730 0.004050  -0.008573  0.000814  0.172734  0.939390  0.296158  -0.984101  0.177213  0.011871  -0.041332  -0.293499  0.955065  -0.000777  0.002179  -0.001261  0.000000  0.000000  0.000000  1.000000  
40.932978 0.004048  -0.008569  0.000813  0.172734  0.939390  0.296158  -0.984101  0.177213  0.011871  -0.041332  -0.293499  0.955065  -0.000847  0.002286  -0.001262  0.000000  0.000000  0.000000  1.000000  
40.934229 0.004046  -0.008564  0.000809  0.172936  0.939347  0.296177  -0.984060  0.177446  0.011806  -0.041466  -0.293498  0.955060  -0.000900  0.002439  -0.001392  0.000000  0.000000  0.000000  1.000000  
40.935479 0.004045  -0.008557  0.000807  0.172936  0.939347  0.296177  -0.984060  0.177446  0.011806  -0.041466  -0.293498  0.955060  -0.000989  0.002968  -0.001422  0.000000  0.000000  0.000000  1.000000  
40.936728 0.004045  -0.008549  0.000804  0.172936  0.939383  0.296063  -0.984060  0.177447  0.011784  -0.041466  -0.293382  0.955096  -0.001005  0.003223  -0.001454  0.000000  0.000000  0.000000  1.000000  
40.937979 0.004044  -0.008542  0.000803  0.173139  0.939346  0.296061  -0.984024  0.177640  0.011845  -0.041466  -0.293382  0.955096  -0.001008  0.003495  -0.001459  0.000000  0.000000  0.000000  1.000000  
40.939250 0.004043  -0.008535  0.000801  0.173341  0.939345  0.295945  -0.983989  0.177835  0.011885  -0.041466  -0.293266  0.955131  -0.001105  0.003843  -0.001563  0.000000  0.000000  0.000000  1.000000  
40.940482 0.004041  -0.008529  0.000798  0.173341  0.939345  0.295945  -0.983989  0.177835  0.011885  -0.041466  -0.293266  0.955131  -0.001172  0.004127  -0.001699  0.000000  0.000000  0.000000  1.000000  
40.941485 0.004040  -0.008523  0.000797  0.173544  0.939309  0.295942  -0.983953  0.178029  0.011945  -0.041466  -0.293266  0.955131  -0.001156  0.004331  -0.001676  0.000000  0.000000  0.000000  1.000000  
40.942729 0.004039  -0.008516  0.000794  0.173746  0.939308  0.295826  -0.983917  0.178223  0.011985  -0.041466  -0.293150  0.955167  -0.001099  0.004539  -0.001733  0.000000  0.000000  0.000000  1.000000  
40.943735 0.004037  -0.008512  0.000792  0.173746  0.939308  0.295826  -0.983917  0.178223  0.011985  -0.041466  -0.293150  0.955167  -0.001077  0.004645  -0.001733  0.000000  0.000000  0.000000  1.000000  
40.944990 0.004036  -0.008506  0.000791  0.173949  0.939307  0.295709  -0.983881  0.178418  0.012024  -0.041466  -0.293034  0.955202  -0.001023  0.004842  -0.001737  0.000000  0.000000  0.000000  1.000000  
40.946224 0.004035  -0.008499  0.000790  0.174152  0.939270  0.295707  -0.983845  0.178612  0.012085  -0.041466  -0.293034  0.955202  -0.001010  0.005037  -0.001714  0.000000  0.000000  0.000000  1.000000  
40.947473 0.004035  -0.008492  0.000787  0.174354  0.939234  0.295704  -0.983810  0.178805  0.012146  -0.041466  -0.293034  0.955202  -0.000922  0.005206  -0.001718  0.000000  0.000000  0.000000  1.000000  
40.948473 0.004034  -0.008487  0.000785  0.174557  0.939233  0.295588  -0.983774  0.179000  0.012185  -0.041466  -0.292919  0.955238  -0.000882  0.005362  -0.001746  0.000000  0.000000  0.000000  1.000000  
40.949723 0.004033  -0.008479  0.000782  0.174759  0.939196  0.295585  -0.983738  0.179193  0.012246  -0.041466  -0.292919  0.955238  -0.000797  0.005469  -0.001775  0.000000  0.000000  0.000000  1.000000  
40.950973 0.004032  -0.008472  0.000779  0.175164  0.939158  0.295466  -0.983666  0.179581  0.012346  -0.041466  -0.292803  0.955273  -0.000864  0.005409  -0.001773  0.000000  0.000000  0.000000  1.000000  
40.951979 0.004031  -0.008466  0.000777  0.175367  0.939121  0.295464  -0.983630  0.179775  0.012407  -0.041466  -0.292803  0.955273  -0.000949  0.005374  -0.001825  0.000000  0.000000  0.000000  1.000000  
40.953224 0.004028  -0.008460  0.000774  0.175772  0.939082  0.295345  -0.983557  0.180163  0.012506  -0.041466  -0.292687  0.955309  -0.001057  0.005359  -0.001872  0.000000  0.000000  0.000000  1.000000  
40.954477 0.004025  -0.008455  0.000770  0.175974  0.939045  0.295342  -0.983521  0.180356  0.012567  -0.041466  -0.292687  0.955309  -0.001189  0.005245  -0.002025  0.000000  0.000000  0.000000  1.000000  
40.955725 0.004022  -0.008449  0.000766  0.176379  0.939007  0.295223  -0.983449  0.180744  0.012667  -0.041466  -0.292571  0.955344  -0.001269  0.005200  -0.002124  0.000000  0.000000  0.000000  1.000000  
40.956735 0.004019  -0.008445  0.000763  0.176783  0.938925  0.295241  -0.983370  0.181170  0.012663  -0.041599  -0.292569  0.955339  -0.001363  0.005096  -0.002207  0.000000  0.000000  0.000000  1.000000  
40.957994 0.004015  -0.008440  0.000760  0.177188  0.938886  0.295121  -0.983297  0.181558  0.012762  -0.041599  -0.292453  0.955375  -0.001577  0.004995  -0.002280  0.000000  0.000000  0.000000  1.000000  
40.959228 0.004011  -0.008436  0.000757  0.177593  0.938847  0.295002  -0.983224  0.181946  0.012862  -0.041599  -0.292338  0.955410  -0.001746  0.004916  -0.002332  0.000000  0.000000  0.000000  1.000000  
40.960228 0.004008  -0.008432  0.000754  0.177998  0.938772  0.294997  -0.983151  0.182332  0.012983  -0.041599  -0.292338  0.955410  -0.001875  0.004816  -0.002472  -0.037066  0.048011  -0.171744  1.000000  
40.961485 0.004004  -0.008427  0.000750  0.178402  0.938733  0.294878  -0.983078  0.182720  0.013082  -0.041599  -0.292222  0.955445  -0.002076  0.004677  -0.002609  -0.036807  0.048135  -0.187688  1.000000  
40.962725 0.004001  -0.008421  0.000746  0.178605  0.938731  0.294761  -0.983041  0.182915  0.013121  -0.041599  -0.292106  0.955481  -0.002180  0.004694  -0.002748  -0.040271  0.049748  -0.192744  1.000000  
40.963725 0.003998  -0.008416  0.000743  0.179009  0.938656  0.294756  -0.982967  0.183302  0.013242  -0.041599  -0.292106  0.955481  -0.002360  0.004626  -0.002745  -0.039702  0.053767  -0.205857  1.000000  
40.964771 0.003994  -0.008411  0.000741  0.179414  0.938616  0.294636  -0.982894  0.183690  0.013341  -0.041599  -0.291990  0.955516  -0.002615  0.004463  -0.002750  -0.043752  0.060451  -0.212595  1.000000  
40.965772 0.003991  -0.008407  0.000737  0.179819  0.938576  0.294517  -0.982820  0.184078  0.013440  -0.041599  -0.291874  0.955552  -0.002812  0.004346  -0.002875  -0.043168  0.064455  -0.225754  1.000000  
40.967395 0.003986  -0.008402  0.000734  0.180225  0.938543  0.294375  -0.982751  0.184428  0.013665  -0.041466  -0.291760  0.955592  -0.002945  0.004081  -0.002846  -0.046778  0.070470  -0.230108  1.000000  
40.968473 0.003979  -0.008397  0.000728  0.180629  0.938538  0.294141  -0.982677  0.184817  0.013741  -0.041466  -0.291528  0.955663  -0.003244  0.004147  -0.002984  -0.054171  0.074268  -0.242615  1.000000  
40.969482 0.003974  -0.008393  0.000724  0.180831  0.938536  0.294025  -0.982640  0.185012  0.013779  -0.041466  -0.291412  0.955699  -0.003398  0.004125  -0.003108  -0.054180  0.074250  -0.242663  1.000000  
40.970724 0.003968  -0.008387  0.000717  0.181235  0.938488  0.293928  -0.982560  0.185439  0.013752  -0.041599  -0.291294  0.955729  -0.003592  0.004140  -0.003236  -0.057910  0.071960  -0.250476  1.000000  
40.971727 0.003963  -0.008383  0.000714  0.181437  0.938486  0.293812  -0.982522  0.185634  0.013790  -0.041599  -0.291178  0.955764  -0.003755  0.004121  -0.003261  -0.058105  0.074551  -0.259185  1.000000  
40.972745 0.003959  -0.008379  0.000710  0.181842  0.938480  0.293578  -0.982447  0.186023  0.013866  -0.041599  -0.290947  0.955835  -0.003803  0.004108  -0.003391  -0.065925  0.076486  -0.265618  1.000000  
40.973979 0.003953  -0.008375  0.000705  0.182246  0.938439  0.293459  -0.982373  0.186411  0.013964  -0.041599  -0.290831  0.955870  -0.003911  0.004100  -0.003437  -0.069753  0.078535  -0.272389  1.000000  
40.974987 0.003949  -0.008371  0.000701  0.182449  0.938472  0.293228  -0.982335  0.186608  0.013979  -0.041599  -0.290599  0.955940  -0.004008  0.004137  -0.003570  -0.072942  0.079848  -0.276738  1.000000  
40.976230 0.003945  -0.008364  0.000695  0.182853  0.938466  0.292995  -0.982260  0.186998  0.014055  -0.041599  -0.290367  0.956011  -0.004037  0.004242  -0.003758  -0.081394  0.082474  -0.285585  1.000000  
40.977573 0.003940  -0.008357  0.000688  0.183460  0.938422  0.292758  -0.982147  0.187581  0.014190  -0.041599  -0.290135  0.956081  -0.004117  0.004269  -0.003860  -0.084925  0.084184  -0.291327  1.000000  
40.978724 0.003936  -0.008350  0.000683  0.183864  0.938415  0.292525  -0.982071  0.187971  0.014265  -0.041599  -0.289903  0.956152  -0.004146  0.004375  -0.004003  -0.092305  0.085730  -0.296449  1.000000  
40.979725 0.003933  -0.008346  0.000679  0.184469  0.938363  0.292312  -0.981952  0.188592  0.014274  -0.041733  -0.289669  0.956217  -0.004126  0.004356  -0.004118  -0.100642  0.086146  -0.313498  1.000000  
40.980973 0.003927  -0.008341  0.000673  0.185076  0.938317  0.292075  -0.981838  0.189175  0.014409  -0.041733  -0.289437  0.956287  -0.004195  0.004302  -0.004207  -0.103265  0.089359  -0.323989  1.000000  
40.981973 0.003923  -0.008337  0.000669  0.185480  0.938310  0.291842  -0.981761  0.189565  0.014483  -0.041733  -0.289205  0.956357  -0.004310  0.004493  -0.004461  -0.111086  0.091333  -0.330617  1.000000  
40.982980 0.003919  -0.008331  0.000664  0.186086  0.938299  0.291491  -0.981647  0.190149  0.014594  -0.041733  -0.288857  0.956462  -0.004209  0.004451  -0.004381  -0.119837  0.093993  -0.339891  1.000000  
40.984223 0.003913  -0.008326  0.000657  0.186692  0.938280  0.291165  -0.981526  0.190772  0.014579  -0.041867  -0.288508  0.956562  -0.004275  0.004602  -0.004600  -0.131512  0.093682  -0.354566  1.000000  
40.985474 0.003907  -0.008319  0.000650  0.187298  0.938268  0.290814  -0.981411  0.191357  0.014689  -0.041867  -0.288160  0.956667  -0.004159  0.004607  -0.004597  -0.139365  0.095597  -0.361172  1.000000  
40.986723 0.003901  -0.008313  0.000645  0.187903  0.938248  0.290488  -0.981289  0.191980  0.014673  -0.042000  -0.287810  0.956766  -0.004140  0.004654  -0.004623  -0.150055  0.096763  -0.364879  1.000000  
40.987725 0.003897  -0.008309  0.000638  0.188509  0.938235  0.290137  -0.981173  0.192565  0.014783  -0.042000  -0.287462  0.956871  -0.004140  0.004723  -0.004757  -0.157530  0.100630  -0.377932  1.000000  
40.988974 0.003891  -0.008302  0.000632  0.189114  0.938249  0.289697  -0.981051  0.193189  0.014743  -0.042134  -0.286996  0.957005  -0.004128  0.004846  -0.004857  -0.173404  0.098264  -0.385839  1.000000  
40.989977 0.003887  -0.008297  0.000626  0.189922  0.938195  0.289344  -0.980895  0.193967  0.014911  -0.042134  -0.286647  0.957109  -0.004106  0.004959  -0.005014  -0.180888  0.102128  -0.398926  1.000000  
40.990978 0.003883  -0.008291  0.000620  0.190728  0.938133  0.289014  -0.980732  0.194783  0.014952  -0.042268  -0.286298  0.957208  -0.004182  0.004979  -0.005088  -0.189933  0.102576  -0.416795  1.000000  
40.991982 0.003878  -0.008285  0.000614  0.191738  0.938072  0.288544  -0.980536  0.195756  0.015155  -0.042268  -0.285833  0.957347  -0.004253  0.004996  -0.005196  -0.205335  0.108456  -0.436599  1.000000  
40.993228 0.003872  -0.008279  0.000606  0.192948  0.937962  0.288094  -0.980292  0.196959  0.015290  -0.042401  -0.285367  0.957480  -0.004370  0.004994  -0.005316  -0.216096  0.114015  -0.471051  1.000000  
40.994475 0.003865  -0.008273  0.000599  0.194157  0.937885  0.287531  -0.980048  0.198164  0.015400  -0.042535  -0.284785  0.957647  -0.004609  0.004993  -0.005454  -0.231895  0.115723  -0.493093  1.000000  
40.995475 0.003857  -0.008269  0.000593  0.195166  0.937820  0.287060  -0.979847  0.199137  0.015599  -0.042535  -0.284320  0.957785  -0.004802  0.005006  -0.005529  -0.243277  0.121568  -0.513034  1.000000  
40.996723 0.003849  -0.008263  0.000586  0.196375  0.937740  0.286497  -0.979600  0.200342  0.015707  -0.042669  -0.283737  0.957952  -0.005045  0.005008  -0.005631  -0.256131  0.119651  -0.537345  1.000000  
40.997724 0.003842  -0.008258  0.000579  0.197382  0.937699  0.285938  -0.979392  0.201354  0.015754  -0.042802  -0.283155  0.958119  -0.005225  0.005007  -0.005762  -0.270958  0.123001  -0.564617  1.000000  
40.998973 0.003832  -0.008251  0.000571  0.198994  0.937567  0.285255  -0.979060  0.202947  0.015951  -0.042936  -0.282456  0.958319  -0.005498  0.004995  -0.005840  -0.291920  0.131442  -0.610633  1.000000  
40.999980 0.003823  -0.008247  0.000565  0.200202  0.937481  0.284692  -0.978808  0.204152  0.016054  -0.043070  -0.281873  0.958485  -0.005757  0.004991  -0.005828  -0.304400  0.135792  -0.640202  1.000000  
41.001223 0.003812  -0.008240  0.000558  0.201812  0.937342  0.284009  -0.978471  0.205744  0.016248  -0.043204  -0.281174  0.958684  -0.006097  0.005033  -0.005957  -0.318322  0.147079  -0.678804  1.000000  
41.002223 0.003803  -0.008235  0.000551  0.203020  0.937286  0.283333  -0.978215  0.206951  0.016322  -0.043337  -0.280474  0.958883  -0.006387  0.005058  -0.006086  -0.340157  0.151624  -0.712351  1.000000  
41.003223 0.003794  -0.008230  0.000545  0.204629  0.937108  0.282763  -0.977874  0.208541  0.016537  -0.043471  -0.279891  0.959047  -0.006722  0.005096  -0.006057  -0.351582  0.159622  -0.754123  1.000000  
41.004225 0.003785  -0.008224  0.000538  0.206037  0.937004  0.282084  -0.977572  0.209940  0.016666  -0.043605  -0.279191  0.959245  -0.007012  0.005152  -0.006161  -0.365793  0.166645  -0.794570  1.000000  
41.005473 0.003772  -0.008217  0.000531  0.207646  0.936889  0.281287  -0.977226  0.211534  0.016826  -0.043738  -0.278375  0.959476  -0.007524  0.005120  -0.006127  -0.384270  0.173681  -0.835526  1.000000  
41.006492 0.003762  -0.008212  0.000525  0.209052  0.936780  0.280608  -0.976920  0.212933  0.016950  -0.043872  -0.277675  0.959673  -0.007946  0.005060  -0.006088  -0.406263  0.180261  -0.876860  1.000000  
41.007735 0.003748  -0.008206  0.000517  0.210861  0.936648  0.279694  -0.976525  0.214721  0.017136  -0.044006  -0.276742  0.959936  -0.008499  0.005000  -0.006131  -0.428714  0.187110  -0.917653  1.000000  
41.008977 0.003733  -0.008200  0.000510  0.212871  0.936474  0.278750  -0.976089  0.216666  0.017502  -0.044006  -0.275810  0.960204  -0.009055  0.005008  -0.006153  -0.447212  0.200601  -0.963080  1.000000  
41.009979 0.003720  -0.008195  0.000503  0.214276  0.936356  0.278071  -0.975775  0.218064  0.017619  -0.044139  -0.275110  0.960399  -0.009383  0.005057  -0.006205  -0.461769  0.209521  -0.997570  1.000000  
41.011225 0.003704  -0.008189  0.000495  0.216082  0.936245  0.277043  -0.975371  0.219854  0.017769  -0.044273  -0.274060  0.960693  -0.009977  0.005087  -0.006194  -0.488499  0.216260  -1.038882  1.000000  
41.012226 0.003689  -0.008184  0.000489  0.217486  0.936154  0.276251  -0.975053  0.221254  0.017855  -0.044407  -0.273242  0.960920  -0.010434  0.005053  -0.006187  -0.507376  0.221131  -1.073554  1.000000  
41.013473 0.003672  -0.008178  0.000481  0.219091  0.936082  0.275227  -0.974687  0.222851  0.017941  -0.044540  -0.272191  0.961212  -0.010988  0.005060  -0.006207  -0.525862  0.223862  -1.098945  1.000000  
41.014479 0.003658  -0.008173  0.000475  0.220293  0.936064  0.274325  -0.974410  0.224060  0.017938  -0.044674  -0.271257  0.961470  -0.011329  0.005100  -0.006177  -0.549515  0.230770  -1.128032  1.000000  
41.015730 0.003639  -0.008166  0.000468  0.221896  0.936018  0.273189  -0.974040  0.225659  0.017991  -0.044808  -0.270089  0.961792  -0.011892  0.005120  -0.006141  -0.576437  0.235205  -1.162589  1.000000  
41.016980 0.003620  -0.008159  0.000461  0.223699  0.935888  0.272162  -0.973622  0.227448  0.018124  -0.044941  -0.269037  0.962081  -0.012394  0.005138  -0.006134  -0.595129  0.243906  -1.195917  1.000000  
41.018223 0.003602  -0.008152  0.000454  0.225502  0.935819  0.270909  -0.973199  0.229241  0.018196  -0.045075  -0.267752  0.962433  -0.012809  0.005209  -0.006080  -0.620491  0.249978  -1.233813  1.000000  
41.019473 0.003583  -0.008144  0.000447  0.227103  0.935760  0.269773  -0.972821  0.230840  0.018237  -0.045209  -0.266582  0.962751  -0.013393  0.005225  -0.005995  -0.643482  0.256565  -1.260572  1.000000  
41.020723 0.003563  -0.008138  0.000440  0.228703  0.935730  0.268524  -0.972440  0.232440  0.018246  -0.045342  -0.265296  0.963100  -0.013866  0.005209  -0.005936  -0.670748  0.261111  -1.280645  1.000000  
41.021973 0.003542  -0.008132  0.000433  0.230503  0.935679  0.267157  -0.972008  0.234234  0.018277  -0.045476  -0.263892  0.963480  -0.014273  0.005167  -0.005881  -0.702130  0.261250  -1.301950  1.000000  
41.022983 0.003526  -0.008127  0.000429  0.232102  0.935575  0.266136  -0.971621  0.235830  0.018334  -0.045610  -0.262839  0.963761  -0.014649  0.005115  -0.005800  -0.727287  0.266078  -1.325766  1.000000  
41.024227 0.003504  -0.008122  0.000423  0.233901  0.935514  0.264770  -0.971184  0.237624  0.018356  -0.045743  -0.261434  0.964137  -0.015009  0.005122  -0.005689  -0.754805  0.270410  -1.346135  1.000000  
41.025227 0.003487  -0.008118  0.000418  0.235499  0.935434  0.263635  -0.970791  0.239221  0.018377  -0.045877  -0.260263  0.964447  -0.015331  0.005080  -0.005580  -0.778245  0.270591  -1.367532  1.000000  
41.026229 0.003470  -0.008113  0.000413  0.237097  0.935358  0.262470  -0.970402  0.240784  0.018519  -0.045877  -0.259093  0.964762  -0.015648  0.005066  -0.005527  -0.801272  0.281234  -1.392961  1.000000  
41.027507 0.003447  -0.008108  0.000407  0.239093  0.935233  0.261102  -0.969906  0.242770  0.018581  -0.046010  -0.257687  0.965132  -0.015970  0.004980  -0.005324  -0.823790  0.285041  -1.411813  1.000000  
41.028729 0.003425  -0.008104  0.000401  0.241088  0.935102  0.259733  -0.969406  0.244755  0.018636  -0.046144  -0.256280  0.965501  -0.016273  0.004841  -0.005187  -0.848221  0.287497  -1.426781  1.000000  
41.029973 0.003402  -0.008099  0.000397  0.243081  0.934996  0.258252  -0.968901  0.246743  0.018657  -0.046278  -0.254756  0.965898  -0.016536  0.004751  -0.005018  -0.872464  0.291054  -1.442271  1.000000  
41.030973 0.003384  -0.008095  0.000393  0.244875  0.934873  0.257001  -0.968443  0.248533  0.018678  -0.046411  -0.253465  0.966231  -0.016811  0.004621  -0.004917  -0.895417  0.295098  -1.462065  1.000000  
41.031973 0.003364  -0.008091  0.000389  0.246667  0.934713  0.255865  -0.967982  0.250321  0.018726  -0.046545  -0.252291  0.966531  -0.017067  0.004535  -0.004752  -0.914627  0.297890  -1.481263  1.000000  
41.032980 0.003346  -0.008088  0.000386  0.248459  0.934580  0.254615  -0.967517  0.252110  0.018738  -0.046679  -0.251000  0.966861  -0.017359  0.004287  -0.004640  -0.938375  0.298225  -1.487899  1.000000  
41.034222 0.003321  -0.008085  0.000381  0.250647  0.934429  0.253018  -0.966946  0.254291  0.018758  -0.046812  -0.249356  0.967280  -0.017691  0.004102  -0.004452  -0.961737  0.301296  -1.502755  1.000000  
41.035224 0.003300  -0.008082  0.000379  0.252240  0.934346  0.251740  -0.966532  0.255855  0.018833  -0.046812  -0.248065  0.967612  -0.018088  0.003870  -0.004260  -0.981458  0.305830  -1.508380  1.000000  
41.036474 0.003274  -0.008080  0.000376  0.254426  0.934212  0.250030  -0.965952  0.258037  0.018808  -0.046946  -0.246303  0.968055  -0.018443  0.003598  -0.004025  -1.013284  0.309403  -1.529581  1.000000  
41.037723 0.003246  -0.008078  0.000373  0.257009  0.933963  0.248314  -0.965262  0.260603  0.018878  -0.047080  -0.244539  0.968496  -0.018929  0.003317  -0.003813  -1.039908  0.314360  -1.556156  1.000000  
41.038974 0.003218  -0.008077  0.000371  0.259391  0.933788  0.246488  -0.964618  0.262978  0.018856  -0.047213  -0.242658  0.968962  -0.019341  0.003058  -0.003517  -1.071182  0.311247  -1.570513  1.000000  
41.039983 0.003195  -0.008076  0.000370  0.261375  0.933624  0.245011  -0.964075  0.264961  0.018820  -0.047347  -0.241128  0.969338  -0.019767  0.002824  -0.003255  -1.099738  0.313545  -1.590354  1.000000  
41.041228 0.003166  -0.008076  0.000369  0.263952  0.933347  0.243296  -0.963366  0.267525  0.018864  -0.047481  -0.239362  0.969769  -0.020243  0.002532  -0.002957  -1.124001  0.323081  -1.618396  1.000000  
41.042477 0.003136  -0.008076  0.000368  0.266528  0.933060  0.241582  -0.962650  0.270087  0.018899  -0.047614  -0.237596  0.970196  -0.020817  0.002192  -0.002591  -1.146335  0.329471  -1.651844  1.000000  
41.043480 0.003110  -0.008076  0.000367  0.268507  0.932844  0.240220  -0.962093  0.272066  0.018875  -0.047748  -0.236182  0.970535  -0.021309  0.001882  -0.002308  -1.164382  0.328136  -1.671610  1.000000  
41.044728 0.003078  -0.008077  0.000367  0.271080  0.932597  0.238281  -0.961365  0.274631  0.018827  -0.047882  -0.234179  0.971014  -0.021990  0.001494  -0.002006  -1.190806  0.340279  -1.711369  1.000000  
41.045975 0.003045  -0.008078  0.000367  0.273849  0.932234  0.236530  -0.960580  0.277353  0.019009  -0.047882  -0.232412  0.971438  -0.022637  0.001120  -0.001679  -1.213309  0.352595  -1.751022  1.000000  
41.047223 0.003010  -0.008080  0.000367  0.276615  0.931879  0.234702  -0.959781  0.280106  0.019022  -0.048015  -0.230525  0.971881  -0.023439  0.000726  -0.001376  -1.235015  0.355340  -1.787188  1.000000  
41.048223 0.002981  -0.008081  0.000368  0.278786  0.931631  0.233113  -0.959145  0.282278  0.018949  -0.048149  -0.228872  0.972265  -0.023978  0.000414  -0.001080  -1.254836  0.358487  -1.813394  1.000000  
41.049473 0.002944  -0.008084  0.000370  0.281350  0.931342  0.231178  -0.958390  0.284839  0.018861  -0.048283  -0.226866  0.972729  -0.024883  -0.000043  -0.000746  -1.278687  0.362966  -1.838834  1.000000  
41.050476 0.002913  -0.008087  0.000370  0.283323  0.931145  0.229558  -0.957808  0.286788  0.018850  -0.048283  -0.225213  0.973112  -0.025528  -0.000334  -0.000498  -1.300750  0.370920  -1.866945  1.000000  
41.051727 0.002873  -0.008090  0.000373  0.285885  0.930901  0.227362  -0.957047  0.289324  0.018798  -0.048283  -0.222970  0.973629  -0.026424  -0.000753  -0.000089  -1.327787  0.378493  -1.893275  1.000000  
41.052974 0.002833  -0.008093  0.000376  0.288443  0.930581  0.225430  -0.956272  0.291882  0.018679  -0.048416  -0.220960  0.974080  -0.027279  -0.001030  0.000240  -1.347779  0.380850  -1.912194  1.000000  
41.054226 0.002790  -0.008097  0.000380  0.291198  0.930226  0.223345  -0.955437  0.294604  0.018686  -0.048416  -0.218833  0.974560  -0.028180  -0.001330  0.000541  -1.369909  0.389839  -1.944565  1.000000  
41.055473 0.002748  -0.008100  0.000385  0.293756  0.929928  0.221226  -0.954660  0.297106  0.018760  -0.048283  -0.216706  0.975042  -0.029043  -0.001551  0.001017  -1.393355  0.399921  -1.963361  1.000000  
41.056487 0.002713  -0.008103  0.000389  0.295918  0.929654  0.219492  -0.953992  0.299246  0.018716  -0.048283  -0.214932  0.975435  -0.029869  -0.001855  0.001407  -1.416222  0.405872  -1.985313  1.000000  
41.057729 0.002669  -0.008107  0.000394  0.298472  0.929309  0.217486  -0.953203  0.301745  0.018806  -0.048149  -0.212921  0.975882  -0.030810  -0.002109  0.001814  -1.431746  0.415939  -2.004383  1.000000  
41.058980 0.002624  -0.008110  0.000401  0.301024  0.928953  0.215481  -0.952407  0.304243  0.018885  -0.048015  -0.210910  0.976326  -0.031765  -0.002283  0.002280  -1.450969  0.425953  -2.022946  1.000000  
41.060228 0.002578  -0.008114  0.000408  0.303573  0.928560  0.213588  -0.951604  0.306739  0.018991  -0.047882  -0.209016  0.976739  -0.032436  -0.002487  0.002741  -1.462639  0.434377  -2.035199  1.000000  
41.061478 0.002531  -0.008118  0.000417  0.306319  0.928127  0.211539  -0.950737  0.309401  0.019217  -0.047614  -0.207004  0.977181  -0.033378  -0.002690  0.003340  -1.474324  0.448542  -2.053524  1.000000  
41.062726 0.002482  -0.008123  0.000427  0.309257  0.927619  0.209485  -0.949799  0.312254  0.019475  -0.047347  -0.204991  0.977618  -0.034219  -0.002848  0.003922  -1.489599  0.464299  -2.078392  1.000000  
41.063730 0.002442  -0.008127  0.000436  0.311409  0.927247  0.207938  -0.949102  0.314359  0.019578  -0.047213  -0.203451  0.977946  -0.034998  -0.002989  0.004537  -1.496679  0.468618  -2.090741  1.000000  
41.064974 0.002392  -0.008131  0.000447  0.313952  0.926821  0.206004  -0.948277  0.316827  0.019768  -0.046946  -0.201555  0.978351  -0.035772  -0.003066  0.005150  -1.503266  0.482178  -2.104936  1.000000  
41.066223 0.002340  -0.008136  0.000461  0.316690  0.926352  0.203912  -0.947386  0.319462  0.020075  -0.046545  -0.199541  0.978783  -0.036668  -0.003187  0.005903  -1.510681  0.500080  -2.121966  1.000000  
41.067227 0.002297  -0.008139  0.000473  0.318836  0.925955  0.202364  -0.946673  0.321566  0.020154  -0.046411  -0.197999  0.979103  -0.037384  -0.003199  0.006599  -1.515362  0.507820  -2.131649  1.000000  
41.068473 0.002245  -0.008142  0.000489  0.321375  0.925531  0.200275  -0.945834  0.324010  0.020400  -0.046010  -0.195983  0.979527  -0.038064  -0.003179  0.007428  -1.518409  0.521729  -2.131218  1.000000  
41.069473 0.002201  -0.008144  0.000504  0.323325  0.925194  0.198689  -0.945182  0.325898  0.020546  -0.045743  -0.194440  0.979847  -0.038751  -0.003162  0.008229  -1.522973  0.531683  -2.129617  1.000000  
41.070723 0.002147  -0.008146  0.000524  0.325860  0.924727  0.196711  -0.944330  0.328340  0.020813  -0.045342  -0.192542  0.980241  -0.039629  -0.003054  0.009330  -1.523053  0.544892  -2.126496  1.000000  
41.071729 0.002103  -0.008147  0.000540  0.328001  0.924307  0.195120  -0.943601  0.330418  0.020985  -0.045075  -0.190998  0.980555  -0.040093  -0.002889  0.010029  -1.527006  0.551833  -2.132027  1.000000  
41.072733 0.002059  -0.008147  0.000557  0.329947  0.923948  0.193533  -0.942935  0.332306  0.021110  -0.044808  -0.189454  0.980867  -0.040797  -0.002726  0.010950  -1.532491  0.561456  -2.127312  1.000000  
41.073979 0.002002  -0.008147  0.000581  0.332282  0.923546  0.191445  -0.942134  0.334560  0.021270  -0.044407  -0.187435  0.981273  -0.041503  -0.002467  0.011952  -1.541221  0.573819  -2.120918  1.000000  
41.074984 0.001957  -0.008146  0.000600  0.334227  0.923181  0.189814  -0.941465  0.336425  0.021504  -0.044006  -0.185890  0.981585  -0.042103  -0.002143  0.012996  -1.537688  0.586066  -2.108119  1.000000  
41.076227 0.001899  -0.008145  0.000626  0.336751  0.922714  0.187609  -0.940584  0.338872  0.021643  -0.043605  -0.183750  0.982005  -0.042907  -0.001829  0.014199  -1.546218  0.599344  -2.105719  1.000000  
41.077228 0.001852  -0.008144  0.000648  0.338693  0.922334  0.185976  -0.939905  0.340736  0.021863  -0.043204  -0.182204  0.982311  -0.043390  -0.001484  0.015099  -1.547009  0.610713  -2.089247  1.000000  
41.078477 0.001792  -0.008143  0.000676  0.341213  0.921825  0.183881  -0.939011  0.343181  0.022024  -0.042802  -0.180182  0.982702  -0.044108  -0.001061  0.016273  -1.547600  0.619671  -2.087976  1.000000  
41.079730 0.001731  -0.008140  0.000705  0.343732  0.921291  0.181853  -0.938116  0.345600  0.022339  -0.042268  -0.178278  0.983072  -0.044779  -0.000572  0.017453  -1.544239  0.637624  -2.085059  1.000000  
41.080973 0.001669  -0.008136  0.000737  0.346055  0.920810  0.179874  -0.937280  0.347852  0.022483  -0.041867  -0.176373  0.983433  -0.045436  -0.000008  0.018697  -1.539234  0.644396  -2.079567  1.000000  
41.081974 0.001620  -0.008133  0.000762  0.347989  0.920399  0.178239  -0.936581  0.349717  0.022672  -0.041466  -0.174825  0.983726  -0.045887  0.000366  0.019523  -1.528887  0.659221  -2.074321  1.000000  
41.082980 0.001570  -0.008129  0.000790  0.349730  0.920032  0.176719  -0.935950  0.351390  0.022861  -0.041065  -0.173396  0.983996  -0.046428  0.000893  0.020621  -1.521350  0.666256  -2.058558  1.000000  
41.084224 0.001507  -0.008124  0.000826  0.352239  0.919454  0.174734  -0.935026  0.353831  0.023017  -0.040664  -0.171488  0.984347  -0.047078  0.001380  0.021788  -1.517107  0.673027  -2.054192  1.000000  
41.085473 0.001444  -0.008117  0.000863  0.354748  0.918852  0.172813  -0.934100  0.356248  0.023329  -0.040129  -0.169701  0.984678  -0.047639  0.001990  0.022969  -1.502844  0.683206  -2.049861  1.000000  
41.086723 0.001380  -0.008110  0.000901  0.357253  0.918253  0.170827  -0.933162  0.358688  0.023464  -0.039728  -0.167792  0.985022  -0.048224  0.002458  0.024099  -1.498704  0.689793  -2.045589  1.000000  
41.087730 0.001330  -0.008104  0.000933  0.359179  0.917805  0.169189  -0.932440  0.360553  0.023616  -0.039327  -0.166241  0.985301  -0.048611  0.002887  0.025053  -1.496479  0.696735  -2.041977  1.000000  
41.088974 0.001265  -0.008095  0.000975  0.361489  0.917270  0.167160  -0.931569  0.362783  0.023822  -0.038792  -0.164332  0.985642  -0.049140  0.003455  0.026265  -1.492086  0.702915  -2.037052  1.000000  
41.089989 0.001213  -0.008089  0.001008  0.363603  0.916712  0.165627  -0.930763  0.364833  0.024038  -0.038391  -0.162900  0.985895  -0.049586  0.003879  0.027305  -1.488589  0.711165  -2.038884  1.000000  
41.091227 0.001148  -0.008079  0.001052  0.366098  0.916095  0.163529  -0.929800  0.367275  0.024092  -0.037990  -0.160869  0.986244  -0.050101  0.004457  0.028531  -1.490243  0.710416  -2.033630  1.000000  
41.092229 0.001096  -0.008072  0.001087  0.368017  0.915598  0.162001  -0.929059  0.369136  0.024259  -0.037589  -0.159436  0.986492  -0.050420  0.004889  0.029463  -1.486967  0.713478  -2.018993  1.000000  
41.093478 0.001030  -0.008062  0.001133  0.370510  0.914950  0.159964  -0.928089  0.371554  0.024462  -0.037054  -0.157524  0.986820  -0.050840  0.005412  0.030660  -1.484409  0.717217  -2.012536  1.000000  
41.094738 0.000964  -0.008051  0.001180  0.373000  0.914292  0.157927  -0.927112  0.373972  0.024654  -0.036519  -0.155612  0.987143  -0.051112  0.005955  0.031720  -1.484457  0.721777  -2.011270  1.000000  
41.095975 0.000899  -0.008039  0.001227  0.375487  0.913624  0.155889  -0.926129  0.376389  0.024836  -0.035984  -0.153699  0.987462  -0.051412  0.006505  0.032810  -1.482286  0.721264  -2.006002  1.000000  
41.097223 0.000832  -0.008028  0.001274  0.377781  0.913004  0.153966  -0.925216  0.378615  0.025021  -0.035449  -0.151905  0.987759  -0.051703  0.006922  0.033607  -1.478700  0.726383  -1.995303  1.000000  
41.098473 0.000765  -0.008016  0.001320  0.380073  0.912375  0.152043  -0.924297  0.380840  0.025198  -0.034914  -0.150110  0.988053  -0.052038  0.007450  0.034533  -1.472430  0.728985  -1.992238  1.000000  
41.099473 0.000712  -0.008005  0.001359  0.382172  0.911779  0.150346  -0.923451  0.382872  0.025427  -0.034379  -0.148555  0.988306  -0.052227  0.007862  0.035209  -1.472271  0.732471  -1.995402  1.000000  
41.100475 0.000657  -0.007995  0.001397  0.384079  0.911237  0.148764  -0.922680  0.384713  0.025665  -0.033845  -0.147119  0.988540  -0.052467  0.008215  0.035723  -1.470065  0.736073  -1.992122  1.000000  
41.101727 0.000589  -0.007982  0.001444  0.386746  0.910431  0.146777  -0.921589  0.387295  0.025999  -0.033176  -0.145323  0.988828  -0.052786  0.008581  0.036266  -1.466242  0.743333  -1.995085  1.000000  
41.102973 0.000519  -0.007968  0.001492  0.389409  0.909614  0.144789  -0.920491  0.389876  0.026321  -0.032507  -0.143527  0.989112  -0.053150  0.008985  0.036768  -1.463490  0.751026  -2.009534  1.000000  
41.103974 0.000464  -0.007957  0.001530  0.391689  0.908887  0.143193  -0.919542  0.392090  0.026595  -0.031972  -0.142089  0.989337  -0.053451  0.009287  0.037142  -1.455157  0.758633  -2.022035  1.000000  
41.104976 0.000406  -0.007947  0.001569  0.393966  0.908136  0.141707  -0.918587  0.394301  0.026910  -0.031438  -0.140772  0.989543  -0.053839  0.009437  0.037403  -1.447689  0.762414  -2.036188  1.000000  
41.106033 0.000350  -0.007936  0.001608  0.396053  0.907482  0.140062  -0.917712  0.396310  0.027261  -0.030769  -0.139334  0.989767  -0.053921  0.009674  0.037547  -1.433930  0.770046  -2.035175  1.000000  
41.107229 0.000277  -0.007922  0.001657  0.399084  0.906469  0.138006  -0.916425  0.399246  0.027725  -0.029966  -0.137536  0.990043  -0.054595  0.010026  0.037962  -1.433035  0.784278  -2.058776  1.000000  
41.108230 0.000220  -0.007909  0.001697  0.401543  0.905617  0.136457  -0.915372  0.401624  0.028165  -0.029298  -0.136218  0.990246  -0.054947  0.010335  0.038182  -1.421133  0.793282  -2.078959  1.000000  
41.109254 0.000162  -0.007897  0.001736  0.404001  0.904781  0.134743  -0.914315  0.403988  0.028669  -0.028495  -0.134779  0.990466  -0.055197  0.010590  0.038248  -1.416580  0.804891  -2.089847  1.000000  
41.110474 0.000089  -0.007879  0.001785  0.406833  0.903823  0.132632  -0.913087  0.406719  0.029192  -0.027559  -0.132981  0.990735  -0.055826  0.010994  0.038506  -1.414795  0.818304  -2.111902  1.000000  
41.111487 0.000030  -0.007865  0.001825  0.409096  0.903051  0.130919  -0.912099  0.408897  0.029651  -0.026757  -0.131541  0.990950  -0.056164  0.011334  0.038620  -1.410480  0.835644  -2.129865  1.000000  
41.112724 -0.000044  -0.007849  0.001874  0.412109  0.902001  0.128688  -0.910769  0.411816  0.030128  -0.025820  -0.129621  0.991227  -0.056694  0.011636  0.038836  -1.416274  0.849772  -2.158331  1.000000  
41.113974 -0.000118  -0.007831  0.001925  0.414930  0.901030  0.126406  -0.909516  0.414534  0.030686  -0.024750  -0.127701  0.991504  -0.057143  0.011944  0.038988  -1.416935  0.869345  -2.164621  1.000000  
41.114977 -0.000178  -0.007817  0.001964  0.417372  0.900149  0.124625  -0.908423  0.416881  0.031261  -0.023814  -0.126260  0.991711  -0.057488  0.012217  0.039120  -1.417854  0.887309  -2.188800  1.000000  
41.116223 -0.000253  -0.007799  0.002015  0.420560  0.898966  0.122433  -0.906980  0.419965  0.031896  -0.022744  -0.124459  0.991964  -0.058000  0.012562  0.039353  -1.418706  0.904561  -2.209777  1.000000  
41.117234 -0.000314  -0.007784  0.002054  0.423182  0.897985  0.120584  -0.905785  0.422481  0.032596  -0.021674  -0.123018  0.992168  -0.058314  0.012847  0.039350  -1.411174  0.927702  -2.240257  1.000000  
41.118473 -0.000390  -0.007766  0.002104  0.426362  0.896787  0.118272  -0.904324  0.425534  0.033445  -0.020336  -0.121216  0.992418  -0.058777  0.013149  0.039518  -1.408449  0.958726  -2.266477  1.000000  
41.119473 -0.000452  -0.007752  0.002142  0.428975  0.895783  0.116415  -0.903111  0.428050  0.034122  -0.019266  -0.119773  0.992614  -0.059125  0.013376  0.039515  -1.410540  0.981075  -2.286676  1.000000  
41.120723 -0.000529  -0.007734  0.002191  0.432514  0.894346  0.114354  -0.901446  0.431476  0.034974  -0.018062  -0.118211  0.992824  -0.059535  0.013664  0.039516  -1.398614  1.004403  -2.324955  1.000000  
41.121723 -0.000590  -0.007718  0.002229  0.435304  0.893215  0.112591  -0.900123  0.434170  0.035705  -0.016992  -0.116888  0.993000  -0.059788  0.013952  0.039509  -1.391460  1.027920  -2.357510  1.000000  
41.122735 -0.000653  -0.007703  0.002268  0.438089  0.892087  0.110716  -0.898790  0.436867  0.036372  -0.015921  -0.115445  0.993186  -0.060182  0.014199  0.039538  -1.388301  1.052103  -2.390077  1.000000  
41.123977 -0.000730  -0.007683  0.002317  0.441611  0.890625  0.108474  -0.897088  0.440279  0.037249  -0.014584  -0.113760  0.993401  -0.060407  0.014405  0.039461  -1.385011  1.081612  -2.435392  1.000000  
41.124983 -0.000792  -0.007666  0.002358  0.444386  0.889472  0.106591  -0.895734  0.442973  0.037892  -0.013513  -0.112316  0.993581  -0.060727  0.014663  0.039491  -1.383593  1.101835  -2.456689  1.000000  
41.126227 -0.000870  -0.007646  0.002409  0.448078  0.887899  0.104223  -0.893912  0.446569  0.038706  -0.012175  -0.110510  0.993800  -0.061022  0.014905  0.039626  -1.379196  1.131641  -2.508369  1.000000  
41.127474 -0.000946  -0.007624  0.002460  0.451946  0.886239  0.101614  -0.891983  0.450323  0.039706  -0.010570  -0.108583  0.994031  -0.061142  0.015244  0.039715  -1.384593  1.171665  -2.574729  1.000000  
41.128478 -0.001007  -0.007606  0.002503  0.455071  0.884875  0.099534  -0.890406  0.453370  0.040413  -0.009366  -0.107017  0.994213  -0.061262  0.015484  0.039853  -1.385581  1.199469  -2.613886  1.000000  
41.129723 -0.001083  -0.007584  0.002555  0.458922  0.883163  0.097019  -0.888443  0.457114  0.041429  -0.007760  -0.105209  0.994420  -0.061320  0.015776  0.040026  -1.387966  1.230618  -2.665482  1.000000  
41.130723 -0.001144  -0.007566  0.002599  0.462033  0.881779  0.094823  -0.886839  0.460162  0.042049  -0.006556  -0.103521  0.994606  -0.061403  0.016012  0.040303  -1.397448  1.253519  -2.705197  1.000000  
41.131725 -0.001204  -0.007547  0.002642  0.465137  0.880364  0.092775  -0.885223  0.463186  0.042885  -0.005218  -0.102074  0.994763  -0.061461  0.016339  0.040575  -1.399324  1.281242  -2.744697  1.000000  
41.132980 -0.001279  -0.007524  0.002696  0.468236  0.879001  0.090064  -0.883596  0.466210  0.043659  -0.003613  -0.100023  0.994979  -0.061256  0.016644  0.040831  -1.410105  1.312541  -2.766507  1.000000  
41.134223 -0.001354  -0.007500  0.002750  0.472235  0.877117  0.087515  -0.881470  0.470127  0.044619  -0.002007  -0.098213  0.995163  -0.061216  0.016990  0.041166  -1.412555  1.341855  -2.816954  1.000000  
41.135474 -0.001430  -0.007477  0.002803  0.476043  0.875324  0.084799  -0.879422  0.473854  0.045600  -0.000268  -0.096282  0.995354  -0.061036  0.017424  0.041505  -1.423859  1.381197  -2.860424  1.000000  
41.136723 -0.001506  -0.007452  0.002858  0.480020  0.873406  0.082108  -0.877256  0.477741  0.046750  0.001606  -0.094470  0.995526  -0.061025  0.017738  0.041934  -1.427243  1.413234  -2.903175  1.000000  
41.137974 -0.001581  -0.007428  0.002914  0.483986  0.871469  0.079366  -0.875069  0.481642  0.047702  0.003345  -0.092538  0.995704  -0.060861  0.018124  0.042400  -1.439583  1.439109  -2.938183  1.000000  
