1-Time 2-Px 3-Py 4-Pz 5-R11 6-R21 7-R31 8-R12 9-R22 10-R32 11-R13 12-R23 13-R33 14-Vx 15-Vy 16-Vz 17-Wx 18-Wy 19-Wz 20-state
67.677923 0.010696  -0.000122  -0.004754  0.371348  0.685180  0.626601  -0.924656  0.334194  0.182551  -0.084327  -0.647181  0.757658  0.000278  0.000353  -0.000208  0.000000  0.000000  0.000000  1.000000  
67.679071 0.010696  -0.000121  -0.004753  0.371348  0.685180  0.626601  -0.924656  0.334194  0.182551  -0.084327  -0.647181  0.757658  -0.000226  0.000226  0.000781  0.000000  0.000000  0.000000  1.000000  
67.680074 0.010691  -0.000123  -0.004751  0.371348  0.685180  0.626601  -0.924656  0.334194  0.182551  -0.084327  -0.647181  0.757658  -0.002311  -0.000942  0.001760  0.000000  0.000000  0.000000  1.000000  
67.681314 0.010685  -0.000126  -0.004746  0.371348  0.685180  0.626601  -0.924656  0.334194  0.182551  -0.084327  -0.647181  0.757658  -0.003502  -0.001380  0.002540  0.000000  0.000000  0.000000  1.000000  
67.682328 0.010681  -0.000126  -0.004744  0.371348  0.685180  0.626601  -0.924656  0.334194  0.182551  -0.084327  -0.647181  0.757658  -0.003433  -0.001161  0.002491  0.000000  0.000000  0.000000  1.000000  
67.683573 0.010677  -0.000127  -0.004741  0.371348  0.685180  0.626601  -0.924656  0.334194  0.182551  -0.084327  -0.647181  0.757658  -0.003420  -0.000982  0.002431  0.000000  0.000000  0.000000  1.000000  
67.684585 0.010672  -0.000128  -0.004739  0.371348  0.685180  0.626601  -0.924656  0.334194  0.182551  -0.084327  -0.647181  0.757658  -0.003753  -0.000966  0.002362  0.000000  0.000000  0.000000  1.000000  
67.685822 0.010664  -0.000128  -0.004737  0.371348  0.685180  0.626601  -0.924656  0.334194  0.182551  -0.084327  -0.647181  0.757658  -0.004188  -0.000861  0.002251  0.000000  0.000000  0.000000  1.000000  
67.687065 0.010657  -0.000128  -0.004735  0.371348  0.685180  0.626601  -0.924656  0.334194  0.182551  -0.084327  -0.647181  0.757658  -0.004371  -0.000706  0.002083  0.000000  0.000000  0.000000  1.000000  
67.688071 0.010652  -0.000127  -0.004734  0.371348  0.685180  0.626601  -0.924656  0.334194  0.182551  -0.084327  -0.647181  0.757658  -0.004381  -0.000559  0.002037  0.000000  0.000000  0.000000  1.000000  
67.689314 0.010647  -0.000127  -0.004731  0.371158  0.685248  0.626639  -0.924733  0.334053  0.182422  -0.084327  -0.647181  0.757658  -0.004398  -0.000493  0.002027  0.000000  0.000000  0.000000  1.000000  
67.690314 0.010641  -0.000127  -0.004729  0.371158  0.685248  0.626639  -0.924733  0.334053  0.182422  -0.084327  -0.647181  0.757658  -0.004500  -0.000449  0.002059  0.000000  0.000000  0.000000  1.000000  
67.691564 0.010632  -0.000128  -0.004726  0.371158  0.685172  0.626722  -0.924733  0.334031  0.182462  -0.084327  -0.647273  0.757580  -0.004709  -0.000472  0.002107  0.000000  0.000000  0.000000  1.000000  
67.692814 0.010623  -0.000130  -0.004720  0.371158  0.685172  0.626722  -0.924733  0.334031  0.182462  -0.084327  -0.647273  0.757580  -0.004943  -0.000557  0.002304  0.000000  0.000000  0.000000  1.000000  
67.694064 0.010612  -0.000133  -0.004714  0.371348  0.685104  0.626684  -0.924656  0.334172  0.182591  -0.084327  -0.647273  0.757580  -0.005593  -0.000748  0.002610  0.000000  0.000000  0.000000  1.000000  
67.695314 0.010600  -0.000136  -0.004709  0.371348  0.685104  0.626684  -0.924656  0.334172  0.182591  -0.084327  -0.647273  0.757580  -0.005961  -0.000823  0.002695  0.000000  0.000000  0.000000  1.000000  
67.696315 0.010592  -0.000137  -0.004706  0.371348  0.685104  0.626684  -0.924656  0.334172  0.182591  -0.084327  -0.647273  0.757580  -0.006247  -0.000766  0.002688  0.000000  0.000000  0.000000  1.000000  
67.697316 0.010584  -0.000138  -0.004704  0.371348  0.685104  0.626684  -0.924656  0.334172  0.182591  -0.084327  -0.647273  0.757580  -0.006465  -0.000748  0.002625  0.000000  0.000000  0.000000  1.000000  
67.698318 0.010577  -0.000137  -0.004703  0.371539  0.685035  0.626647  -0.924580  0.334313  0.182720  -0.084327  -0.647273  0.757580  -0.006763  -0.000694  0.002578  0.000000  0.000000  0.000000  1.000000  
67.699322 0.010568  -0.000138  -0.004700  0.371539  0.685035  0.626647  -0.924580  0.334313  0.182720  -0.084327  -0.647273  0.757580  -0.006998  -0.000707  0.002632  0.000000  0.000000  0.000000  1.000000  
67.700570 0.010558  -0.000137  -0.004694  0.371729  0.684966  0.626609  -0.924503  0.334454  0.182849  -0.084327  -0.647273  0.757580  -0.007171  -0.000598  0.002870  0.000000  0.000000  0.000000  1.000000  
67.701574 0.010550  -0.000137  -0.004690  0.371919  0.684897  0.626572  -0.924427  0.334595  0.182978  -0.084327  -0.647273  0.757580  -0.007334  -0.000625  0.003049  0.000000  0.000000  0.000000  1.000000  
67.702819 0.010542  -0.000135  -0.004683  0.372110  0.684828  0.626534  -0.924350  0.334736  0.183107  -0.084327  -0.647273  0.757580  -0.007444  -0.000517  0.003420  0.000000  0.000000  0.000000  1.000000  
67.704073 0.010534  -0.000133  -0.004676  0.372110  0.684828  0.626534  -0.924350  0.334736  0.183107  -0.084327  -0.647273  0.757580  -0.007644  -0.000375  0.003764  0.000000  0.000000  0.000000  1.000000  
67.705315 0.010524  -0.000132  -0.004668  0.372300  0.684759  0.626496  -0.924274  0.334877  0.183236  -0.084327  -0.647273  0.757580  -0.007810  -0.000347  0.004088  0.000000  0.000000  0.000000  1.000000  
67.706567 0.010513  -0.000133  -0.004662  0.372494  0.684799  0.626337  -0.924207  0.334960  0.183418  -0.084193  -0.647188  0.757667  -0.007944  -0.000265  0.004217  0.000000  0.000000  0.000000  1.000000  
67.707814 0.010502  -0.000133  -0.004658  0.372685  0.684730  0.626300  -0.924131  0.335101  0.183547  -0.084193  -0.647188  0.757667  -0.008063  -0.000148  0.004117  0.000000  0.000000  0.000000  1.000000  
67.709064 0.010492  -0.000132  -0.004656  0.373065  0.684592  0.626224  -0.923977  0.335383  0.183805  -0.084193  -0.647188  0.757667  -0.007959  0.000064  0.003883  0.000000  0.000000  0.000000  1.000000  
67.710064 0.010484  -0.000132  -0.004654  0.373069  0.684700  0.626103  -0.923988  0.335325  0.183859  -0.084060  -0.647103  0.757754  -0.007888  0.000306  0.003755  0.000000  0.000000  0.000000  1.000000  
67.711314 0.010473  -0.000130  -0.004652  0.373450  0.684562  0.626027  -0.923834  0.335607  0.184116  -0.084060  -0.647103  0.757754  -0.007921  0.000465  0.003595  0.000000  0.000000  0.000000  1.000000  
67.712316 0.010464  -0.000129  -0.004650  0.373640  0.684493  0.625989  -0.923757  0.335748  0.184245  -0.084060  -0.647103  0.757754  -0.008024  0.000570  0.003604  0.000000  0.000000  0.000000  1.000000  
67.713567 0.010454  -0.000127  -0.004647  0.373830  0.684500  0.625868  -0.923680  0.335911  0.184333  -0.084060  -0.647012  0.757832  -0.008082  0.000688  0.003680  0.000000  0.000000  0.000000  1.000000  
67.714814 0.010442  -0.000125  -0.004641  0.374210  0.684361  0.625792  -0.923526  0.336193  0.184591  -0.084060  -0.647012  0.757832  -0.008115  0.000831  0.003793  0.000000  0.000000  0.000000  1.000000  
67.715819 0.010434  -0.000123  -0.004636  0.374405  0.684400  0.625633  -0.923459  0.336276  0.184773  -0.083927  -0.646927  0.757919  -0.008126  0.000986  0.003902  0.000000  0.000000  0.000000  1.000000  
67.716820 0.010424  -0.000120  -0.004630  0.374595  0.684331  0.625595  -0.923382  0.336417  0.184902  -0.083927  -0.646927  0.757919  -0.008320  0.001118  0.003880  0.000000  0.000000  0.000000  1.000000  
67.717820 0.010415  -0.000117  -0.004626  0.374785  0.684338  0.625474  -0.923305  0.336580  0.184990  -0.083927  -0.646835  0.757998  -0.008511  0.001187  0.003830  0.000000  0.000000  0.000000  1.000000  
67.719068 0.010403  -0.000115  -0.004622  0.374979  0.684377  0.625315  -0.923238  0.336663  0.185172  -0.083793  -0.646750  0.758085  -0.008696  0.001177  0.003594  0.000000  0.000000  0.000000  1.000000  
67.720314 0.010390  -0.000115  -0.004618  0.375359  0.684314  0.625156  -0.923084  0.336968  0.185388  -0.083793  -0.646658  0.758163  -0.008935  0.001171  0.003339  0.000000  0.000000  0.000000  1.000000  
67.721316 0.010379  -0.000114  -0.004616  0.375554  0.684353  0.624996  -0.923017  0.337051  0.185570  -0.083660  -0.646574  0.758250  -0.009110  0.001277  0.003162  0.000000  0.000000  0.000000  1.000000  
67.722564 0.010365  -0.000112  -0.004614  0.375748  0.684392  0.624837  -0.922950  0.337134  0.185752  -0.083527  -0.646489  0.758337  -0.009245  0.001357  0.003038  0.000000  0.000000  0.000000  1.000000  
67.723814 0.010352  -0.000111  -0.004609  0.376132  0.684362  0.624639  -0.922806  0.337358  0.186062  -0.083393  -0.646404  0.758424  -0.009530  0.001446  0.003171  -0.026264  0.135851  -0.110699  1.000000  
67.724814 0.010342  -0.000110  -0.004605  0.376322  0.684368  0.624518  -0.922728  0.337522  0.186150  -0.083393  -0.646312  0.758503  -0.009624  0.001478  0.003304  -0.029760  0.140316  -0.115950  1.000000  
67.726067 0.010328  -0.000109  -0.004600  0.376516  0.684483  0.624275  -0.922661  0.337628  0.186290  -0.083260  -0.646135  0.758668  -0.009811  0.001477  0.003542  -0.037041  0.146988  -0.117328  1.000000  
67.727314 0.010315  -0.000107  -0.004594  0.376710  0.684521  0.624115  -0.922594  0.337711  0.186472  -0.083127  -0.646051  0.758755  -0.009946  0.001501  0.003747  -0.040519  0.154802  -0.119637  1.000000  
67.728316 0.010305  -0.000106  -0.004589  0.376900  0.684528  0.623994  -0.922516  0.337875  0.186559  -0.083127  -0.645959  0.758833  -0.010095  0.001445  0.003887  -0.044563  0.154795  -0.119647  1.000000  
67.729564 0.010291  -0.000104  -0.004585  0.377284  0.684572  0.623712  -0.922371  0.338122  0.186828  -0.082993  -0.645782  0.758998  -0.010239  0.001402  0.003810  -0.052581  0.164150  -0.123131  1.000000  
67.730571 0.010281  -0.000104  -0.004582  0.377478  0.684611  0.623552  -0.922304  0.338206  0.187010  -0.082860  -0.645697  0.759085  -0.010342  0.001275  0.003699  -0.056028  0.171837  -0.125320  1.000000  
67.731817 0.010268  -0.000102  -0.004579  0.377672  0.684726  0.623309  -0.922236  0.338312  0.187150  -0.082727  -0.645520  0.759250  -0.010421  0.001171  0.003414  -0.063671  0.173812  -0.121423  1.000000  
67.732822 0.010257  -0.000103  -0.004578  0.377866  0.684764  0.623149  -0.922169  0.338396  0.187331  -0.082593  -0.645435  0.759337  -0.010576  0.000924  0.003150  -0.068274  0.178629  -0.119498  1.000000  
67.734074 0.010243  -0.000103  -0.004577  0.378061  0.684878  0.622906  -0.922101  0.338502  0.187471  -0.082460  -0.645258  0.759502  -0.010688  0.000786  0.002940  -0.076433  0.182023  -0.116595  1.000000  
67.735321 0.010229  -0.000105  -0.004574  0.378255  0.684993  0.622663  -0.922034  0.338609  0.187611  -0.082327  -0.645081  0.759667  -0.010771  0.000612  0.002940  -0.084033  0.189925  -0.118966  1.000000  
67.736322 0.010217  -0.000106  -0.004571  0.378449  0.685107  0.622419  -0.921966  0.338716  0.187752  -0.082193  -0.644903  0.759831  -0.010811  0.000467  0.003016  -0.088146  0.189924  -0.119014  1.000000  
67.737571 0.010203  -0.000108  -0.004565  0.378832  0.685151  0.622137  -0.921820  0.338964  0.188020  -0.082060  -0.644726  0.759996  -0.010799  0.000271  0.003246  -0.095731  0.197789  -0.121364  1.000000  
67.738814 0.010191  -0.000108  -0.004558  0.379030  0.685373  0.621772  -0.921762  0.339014  0.188212  -0.081793  -0.644464  0.760248  -0.010752  0.000156  0.003376  -0.108589  0.200197  -0.110350  1.000000  
67.739814 0.010181  -0.000107  -0.004553  0.379414  0.685417  0.621489  -0.921616  0.339262  0.188480  -0.081660  -0.644286  0.760412  -0.010732  0.000138  0.003480  -0.111548  0.209115  -0.120894  1.000000  
67.741064 0.010168  -0.000108  -0.004546  0.379802  0.685569  0.621084  -0.921480  0.339453  0.188801  -0.081393  -0.644024  0.760663  -0.010664  0.000057  0.003552  -0.123808  0.215944  -0.115106  1.000000  
67.742068 0.010158  -0.000107  -0.004542  0.379996  0.685758  0.620757  -0.921412  0.339584  0.188899  -0.081260  -0.643754  0.760906  -0.010648  -0.000007  0.003501  -0.134368  0.221975  -0.116521  1.000000  
67.743314 0.010146  -0.000106  -0.004538  0.380379  0.685877  0.620391  -0.921266  0.339855  0.189125  -0.081127  -0.643484  0.761148  -0.010569  -0.000035  0.003393  -0.143668  0.227240  -0.114643  1.000000  
67.744316 0.010136  -0.000107  -0.004535  0.380763  0.685995  0.620025  -0.921119  0.340127  0.189351  -0.080993  -0.643214  0.761391  -0.010505  -0.000150  0.003339  -0.155321  0.235076  -0.117012  1.000000  
67.745564 0.010124  -0.000107  -0.004533  0.381150  0.686146  0.619619  -0.920982  0.340319  0.189671  -0.080726  -0.642951  0.761641  -0.010445  -0.000223  0.003260  -0.161684  0.241050  -0.118490  1.000000  
67.746564 0.010113  -0.000108  -0.004530  0.381533  0.686265  0.619252  -0.920835  0.340591  0.189896  -0.080593  -0.642681  0.761883  -0.010469  -0.000317  0.003309  -0.173236  0.248808  -0.120840  1.000000  
67.747569 0.010102  -0.000108  -0.004528  0.381921  0.686491  0.618763  -0.920698  0.340807  0.190174  -0.080326  -0.642325  0.762212  -0.010501  -0.000349  0.003387  -0.184789  0.259932  -0.120332  1.000000  
67.748584 0.010091  -0.000109  -0.004525  0.382304  0.686608  0.618395  -0.920550  0.341080  0.190399  -0.080193  -0.642054  0.762454  -0.010485  -0.000407  0.003540  -0.198495  0.261946  -0.121324  1.000000  
67.749820 0.010076  -0.000112  -0.004520  0.382881  0.686763  0.617866  -0.920334  0.341438  0.190803  -0.079926  -0.641698  0.762781  -0.010522  -0.000448  0.003745  -0.210287  0.273355  -0.120911  1.000000  
67.751072 0.010062  -0.000114  -0.004515  0.383457  0.686918  0.617337  -0.920117  0.341796  0.191208  -0.079660  -0.641342  0.763109  -0.010474  -0.000491  0.003777  -0.217336  0.285620  -0.128618  1.000000  
67.752078 0.010052  -0.000114  -0.004512  0.384034  0.687072  0.616806  -0.919899  0.342155  0.191611  -0.079393  -0.640985  0.763436  -0.010541  -0.000463  0.003705  -0.228434  0.297846  -0.136297  1.000000  
67.753315 0.010038  -0.000114  -0.004509  0.384610  0.687301  0.616192  -0.919682  0.342538  0.191973  -0.079126  -0.640535  0.763841  -0.010579  -0.000449  0.003440  -0.244317  0.309248  -0.135927  1.000000  
67.754567 0.010024  -0.000114  -0.004507  0.385375  0.687533  0.615455  -0.919384  0.343086  0.192419  -0.078859  -0.639993  0.764323  -0.010631  -0.000456  0.003099  -0.263068  0.325967  -0.148960  1.000000  
67.755814 0.010010  -0.000114  -0.004505  0.385955  0.687793  0.614800  -0.919175  0.343390  0.192874  -0.078459  -0.639550  0.764736  -0.010703  -0.000449  0.002813  -0.274315  0.341740  -0.153872  1.000000  
67.757064 0.009996  -0.000114  -0.004503  0.386720  0.688024  0.614061  -0.918876  0.343940  0.193318  -0.078192  -0.639006  0.765217  -0.010813  -0.000464  0.002643  -0.293071  0.358427  -0.166929  1.000000  
67.758314 0.009981  -0.000113  -0.004500  0.387678  0.688215  0.613242  -0.918507  0.344553  0.193983  -0.077792  -0.638469  0.765706  -0.011002  -0.000458  0.002568  -0.308727  0.383259  -0.178008  1.000000  
67.759314 0.009968  -0.000114  -0.004496  0.388257  0.688548  0.612501  -0.918296  0.344883  0.194394  -0.077392  -0.637932  0.766194  -0.011238  -0.000469  0.002623  -0.327158  0.397697  -0.179172  1.000000  
67.760316 0.009955  -0.000114  -0.004492  0.388832  0.688773  0.611883  -0.918075  0.345269  0.194751  -0.077125  -0.637480  0.766597  -0.011457  -0.000445  0.002773  -0.342493  0.410024  -0.187015  1.000000  
67.761566 0.009937  -0.000115  -0.004487  0.389793  0.689144  0.610854  -0.917712  0.345854  0.195423  -0.076592  -0.636762  0.767247  -0.011725  -0.000489  0.002907  -0.364845  0.437946  -0.199699  1.000000  
67.762814 0.009919  -0.000115  -0.004481  0.390561  0.689551  0.609903  -0.917419  0.346376  0.195873  -0.076191  -0.636037  0.767888  -0.012025  -0.000427  0.003049  -0.388677  0.454323  -0.208315  1.000000  
67.763816 0.009905  -0.000115  -0.004477  0.391328  0.689883  0.609035  -0.917125  0.346876  0.196365  -0.075791  -0.635404  0.768451  -0.012196  -0.000376  0.003104  -0.411351  0.474159  -0.218500  1.000000  
67.765087 0.009887  -0.000115  -0.004474  0.392288  0.690250  0.608001  -0.916759  0.347465  0.197032  -0.075257  -0.634684  0.769099  -0.012455  -0.000182  0.002947  -0.432907  0.505756  -0.233022  1.000000  
67.766317 0.009869  -0.000115  -0.004471  0.393247  0.690689  0.606882  -0.916391  0.348079  0.197657  -0.074724  -0.633869  0.769822  -0.012728  -0.000089  0.002860  -0.455912  0.529561  -0.243999  1.000000  
67.767323 0.009854  -0.000114  -0.004469  0.393825  0.691089  0.606051  -0.916176  0.348440  0.198019  -0.074323  -0.633235  0.770383  -0.012964  -0.000034  0.002787  -0.479633  0.545099  -0.245829  1.000000  
67.768571 0.009835  -0.000114  -0.004468  0.394787  0.691558  0.604889  -0.915815  0.348979  0.198736  -0.073656  -0.632425  0.771112  -0.013358  0.000020  0.002732  -0.502112  0.572874  -0.258754  1.000000  
67.769823 0.009817  -0.000114  -0.004465  0.395746  0.692066  0.603681  -0.915444  0.349622  0.199313  -0.073123  -0.631514  0.771909  -0.013693  0.000044  0.002764  -0.529167  0.596218  -0.266460  1.000000  
67.771064 0.009798  -0.000114  -0.004461  0.396707  0.692605  0.602430  -0.915081  0.350190  0.199984  -0.072455  -0.630608  0.772712  -0.013954  0.000049  0.002874  -0.556525  0.619789  -0.274314  1.000000  
67.772066 0.009783  -0.000114  -0.004457  0.397472  0.693001  0.601470  -0.914781  0.350722  0.200424  -0.072055  -0.629876  0.773346  -0.014188  0.000035  0.003086  -0.574795  0.634517  -0.282541  1.000000  
67.773314 0.009763  -0.000115  -0.004452  0.398433  0.693609  0.600131  -0.914415  0.351318  0.201049  -0.071388  -0.628874  0.774223  -0.014572  -0.000086  0.003196  -0.605793  0.661096  -0.287506  1.000000  
67.774314 0.009746  -0.000115  -0.004447  0.399201  0.694036  0.599127  -0.914122  0.351776  0.201581  -0.070854  -0.628146  0.774863  -0.014801  -0.000107  0.003253  -0.625207  0.679978  -0.289985  1.000000  
67.775564 0.009724  -0.000117  -0.004441  0.400348  0.694568  0.597743  -0.913671  0.352519  0.202326  -0.070187  -0.627141  0.775737  -0.015163  -0.000184  0.003282  -0.657656  0.708933  -0.300393  1.000000  
67.776565 0.009707  -0.000118  -0.004436  0.401119  0.695098  0.596609  -0.913384  0.352928  0.202908  -0.069519  -0.626323  0.776457  -0.015350  -0.000236  0.003388  -0.681389  0.727912  -0.302987  1.000000  
67.777814 0.009685  -0.000119  -0.004432  0.402266  0.695697  0.595136  -0.912930  0.353700  0.203605  -0.068852  -0.625222  0.777404  -0.015610  -0.000235  0.003288  -0.710531  0.752976  -0.311021  1.000000  
67.779064 0.009664  -0.000120  -0.004427  0.403228  0.696400  0.593661  -0.912566  0.354254  0.204273  -0.068051  -0.624124  0.778356  -0.015776  -0.000301  0.003342  -0.741821  0.779601  -0.316348  1.000000  
67.780066 0.009646  -0.000120  -0.004423  0.403994  0.697035  0.592395  -0.912267  0.354795  0.204670  -0.067517  -0.623107  0.779217  -0.016048  -0.000297  0.003454  -0.769663  0.793802  -0.313794  1.000000  
67.781067 0.009629  -0.000120  -0.004417  0.404947  0.697522  0.591169  -0.911883  0.355457  0.205230  -0.066983  -0.622184  0.780000  -0.016198  -0.000310  0.003632  -0.796870  0.813598  -0.324721  1.000000  
67.782073 0.009612  -0.000120  -0.004411  0.405716  0.698186  0.589856  -0.911590  0.355926  0.205718  -0.066315  -0.621171  0.780864  -0.016448  -0.000399  0.003926  -0.825025  0.828006  -0.322311  1.000000  
67.783320 0.009589  -0.000120  -0.004402  0.406676  0.699022  0.588203  -0.911220  0.356540  0.206293  -0.065514  -0.619877  0.781960  -0.016671  -0.000389  0.004383  -0.864214  0.852621  -0.319934  1.000000  
67.784568 0.009566  -0.000120  -0.004394  0.407819  0.699748  0.586546  -0.910757  0.357376  0.206890  -0.064847  -0.618575  0.783045  -0.016982  -0.000432  0.004850  -0.895693  0.872234  -0.331360  1.000000  
67.785820 0.009544  -0.000122  -0.004385  0.408781  0.700611  0.584844  -0.910392  0.357921  0.207555  -0.063912  -0.617281  0.784142  -0.017252  -0.000526  0.005163  -0.932363  0.893677  -0.323585  1.000000  
67.787064 0.009519  -0.000124  -0.004376  0.409926  0.701434  0.583053  -0.909933  0.358714  0.208199  -0.063111  -0.615885  0.785304  -0.017595  -0.000697  0.005420  -0.964208  0.912850  -0.326803  1.000000  
67.788067 0.009500  -0.000126  -0.004370  0.410880  0.702081  0.581601  -0.909549  0.359364  0.208755  -0.062443  -0.614767  0.786233  -0.017805  -0.000789  0.005559  -0.997122  0.927090  -0.324897  1.000000  
67.789314 0.009476  -0.000129  -0.004363  0.412024  0.702897  0.579804  -0.909086  0.360163  0.209393  -0.061642  -0.613366  0.787389  -0.018012  -0.000892  0.005628  -1.024356  0.942367  -0.331022  1.000000  
67.790314 0.009456  -0.000131  -0.004358  0.412979  0.703502  0.578388  -0.908706  0.360719  0.210084  -0.060841  -0.612345  0.788246  -0.018189  -0.000970  0.005642  -1.048166  0.964594  -0.331473  1.000000  
67.791565 0.009431  -0.000134  -0.004351  0.414122  0.704310  0.576585  -0.908239  0.361524  0.210717  -0.060039  -0.610940  0.789397  -0.018386  -0.001069  0.005708  -1.076582  0.975407  -0.332617  1.000000  
67.792814 0.009406  -0.000137  -0.004343  0.415267  0.705217  0.574650  -0.907778  0.362285  0.211399  -0.059105  -0.609441  0.790625  -0.018624  -0.001218  0.006035  -1.110122  0.997824  -0.333927  1.000000  
67.793814 0.009386  -0.000139  -0.004335  0.416217  0.705849  0.573184  -0.907386  0.362949  0.211943  -0.058437  -0.608313  0.791543  -0.018863  -0.001295  0.006221  -1.128810  1.008322  -0.334601  1.000000  
67.795065 0.009359  -0.000142  -0.004325  0.417544  0.706709  0.571156  -0.906827  0.363961  0.212596  -0.057635  -0.606708  0.792832  -0.019139  -0.001485  0.006509  -1.165690  1.024060  -0.341572  1.000000  
67.796066 0.009338  -0.000144  -0.004317  0.418683  0.707431  0.569426  -0.906352  0.364754  0.213260  -0.056834  -0.605389  0.793898  -0.019385  -0.001607  0.006715  -1.192849  1.041957  -0.345098  1.000000  
67.797316 0.009312  -0.000147  -0.004305  0.420011  0.708315  0.567346  -0.905796  0.365701  0.214001  -0.055899  -0.603782  0.795187  -0.019650  -0.001776  0.006949  -1.224704  1.064835  -0.354655  1.000000  
67.798318 0.009290  -0.000149  -0.004296  0.420962  0.709104  0.565653  -0.905404  0.366355  0.214542  -0.055097  -0.602458  0.796247  -0.019927  -0.001927  0.007078  -1.253010  1.075500  -0.355850  1.000000  
67.799320 0.009269  -0.000151  -0.004287  0.422098  0.709814  0.563913  -0.904923  0.367158  0.215197  -0.054296  -0.601131  0.797304  -0.020177  -0.002103  0.007218  -1.279823  1.095195  -0.360264  1.000000  
67.800569 0.009240  -0.000154  -0.004276  0.423423  0.710751  0.561735  -0.904359  0.368143  0.215882  -0.053360  -0.599420  0.798654  -0.020578  -0.002206  0.007380  -1.308800  1.113174  -0.372403  1.000000  
67.801570 0.009217  -0.000157  -0.004269  0.424558  0.711452  0.559988  -0.903874  0.368954  0.216530  -0.052559  -0.598088  0.799705  -0.020807  -0.002277  0.007405  -1.336409  1.128796  -0.371564  1.000000  
67.802814 0.009188  -0.000161  -0.004258  0.425884  0.712412  0.557756  -0.903311  0.369875  0.217304  -0.051490  -0.596374  0.801054  -0.021173  -0.002398  0.007550  -1.365151  1.147479  -0.376268  1.000000  
67.803816 0.009165  -0.000164  -0.004250  0.427020  0.713139  0.555956  -0.902828  0.370620  0.218042  -0.050554  -0.595041  0.802104  -0.021433  -0.002406  0.007728  -1.389414  1.166060  -0.380457  1.000000  
67.805069 0.009135  -0.000168  -0.004237  0.428532  0.714112  0.553537  -0.902178  0.371653  0.218974  -0.049352  -0.593227  0.803521  -0.021756  -0.002514  0.008172  -1.421990  1.187958  -0.382515  1.000000  
67.806314 0.009104  -0.000173  -0.004225  0.430043  0.715079  0.551113  -0.901524  0.372691  0.219900  -0.048149  -0.591408  0.804934  -0.022157  -0.002619  0.008492  -1.450216  1.208573  -0.392288  1.000000  
67.807564 0.009073  -0.000178  -0.004212  0.431552  0.715972  0.548769  -0.900866  0.373709  0.220867  -0.046946  -0.589683  0.806269  -0.022582  -0.002756  0.008887  -1.479288  1.232844  -0.395248  1.000000  
67.808566 0.009049  -0.000183  -0.004200  0.432683  0.716679  0.546953  -0.900371  0.374473  0.221589  -0.046010  -0.588338  0.807305  -0.022860  -0.002975  0.009147  -1.495450  1.251299  -0.399825  1.000000  
67.809814 0.009017  -0.000189  -0.004187  0.434192  0.717594  0.544552  -0.899712  0.375430  0.222643  -0.044674  -0.586610  0.808636  -0.023182  -0.003211  0.009361  -1.514984  1.274699  -0.406970  1.000000  
67.810814 0.008992  -0.000195  -0.004175  0.435323  0.718326  0.542680  -0.899218  0.376131  0.223457  -0.043605  -0.585264  0.809670  -0.023491  -0.003455  0.009541  -1.528056  1.292842  -0.403726  1.000000  
67.811814 0.008965  -0.000202  -0.004165  0.436456  0.719022  0.540845  -0.898726  0.376739  0.224410  -0.042401  -0.584017  0.810634  -0.023853  -0.003798  0.009645  -1.537340  1.315576  -0.406051  1.000000  
67.812814 0.008939  -0.000210  -0.004154  0.437588  0.719715  0.539006  -0.898231  0.377350  0.225361  -0.041198  -0.582767  0.811594  -0.024198  -0.004113  0.009751  -1.544398  1.339999  -0.405176  1.000000  
67.813821 0.008912  -0.000218  -0.004141  0.438719  0.720339  0.537250  -0.897734  0.377938  0.226355  -0.039995  -0.581613  0.812482  -0.024496  -0.004547  0.010002  -1.548657  1.361865  -0.407281  1.000000  
67.815070 0.008877  -0.000231  -0.004124  0.440037  0.721146  0.535085  -0.897153  0.378622  0.227514  -0.038524  -0.580168  0.813585  -0.024955  -0.005202  0.010462  -1.554820  1.386870  -0.402612  1.000000  
67.816074 0.008850  -0.000242  -0.004108  0.441165  0.721763  0.533321  -0.896649  0.379219  0.228502  -0.037321  -0.579009  0.814466  -0.025334  -0.005755  0.011015  -1.558873  1.408665  -0.404787  1.000000  
67.817320 0.008814  -0.000256  -0.004086  0.442479  0.722462  0.531283  -0.896057  0.379954  0.229602  -0.035984  -0.577654  0.815488  -0.025812  -0.006474  0.011821  -1.555893  1.426715  -0.402162  1.000000  
67.818568 0.008777  -0.000271  -0.004061  0.443979  0.723211  0.529007  -0.895377  0.380733  0.230958  -0.034379  -0.576202  0.816584  -0.026297  -0.007243  0.012805  -1.556484  1.452567  -0.399370  1.000000  
67.819816 0.008739  -0.000286  -0.004034  0.445291  0.723999  0.526822  -0.894781  0.381439  0.232102  -0.032909  -0.574743  0.817672  -0.026842  -0.007964  0.013796  -1.561954  1.473970  -0.397354  1.000000  
67.820818 0.008708  -0.000299  -0.004011  0.446597  0.724459  0.525081  -0.894173  0.382174  0.233232  -0.031705  -0.573674  0.818470  -0.027224  -0.008571  0.014724  -1.558360  1.492439  -0.402559  1.000000  
67.822064 0.008670  -0.000315  -0.003982  0.447906  0.725112  0.523062  -0.893569  0.382833  0.234462  -0.030234  -0.572409  0.819411  -0.027713  -0.009226  0.015664  -1.550638  1.509659  -0.396845  1.000000  
67.823065 0.008639  -0.000327  -0.003957  0.449211  0.725663  0.521175  -0.892958  0.383537  0.235637  -0.028896  -0.571238  0.820275  -0.028160  -0.009780  0.016589  -1.548345  1.535895  -0.392099  1.000000  
67.824081 0.008607  -0.000341  -0.003933  0.450331  0.726226  0.519420  -0.892436  0.384067  0.236749  -0.027559  -0.570165  0.821068  -0.028625  -0.010465  0.017538  -1.540252  1.553006  -0.389119  1.000000  
67.825314 0.008567  -0.000358  -0.003900  0.451819  0.726886  0.517200  -0.891732  0.384851  0.238127  -0.025954  -0.568794  0.822070  -0.029193  -0.011136  0.018883  -1.530104  1.579100  -0.382040  1.000000  
67.826565 0.008526  -0.000376  -0.003866  0.453488  0.727427  0.514975  -0.890926  0.385858  0.239508  -0.024483  -0.567418  0.823066  -0.029750  -0.011698  0.020084  -1.518802  1.601099  -0.385708  1.000000  
67.827814 0.008484  -0.000394  -0.003828  0.454972  0.728077  0.512743  -0.890212  0.386654  0.240876  -0.022878  -0.566041  0.824059  -0.030320  -0.012302  0.021694  -1.507192  1.621276  -0.386359  1.000000  
67.829064 0.008441  -0.000413  -0.003788  0.456453  0.728660  0.510593  -0.889493  0.387426  0.242287  -0.021272  -0.564761  0.824980  -0.030973  -0.012874  0.023460  -1.492410  1.642778  -0.381922  1.000000  
67.830065 0.008406  -0.000430  -0.003754  0.457749  0.729161  0.508715  -0.888861  0.388062  0.243584  -0.019801  -0.563677  0.825758  -0.031420  -0.013259  0.024696  -1.477517  1.664439  -0.377167  1.000000  
67.831067 0.008372  -0.000445  -0.003717  0.459041  0.729624  0.506883  -0.888223  0.388770  0.244780  -0.018463  -0.562589  0.826530  -0.031863  -0.013563  0.026029  -1.466158  1.682009  -0.374854  1.000000  
67.832078 0.008337  -0.000461  -0.003680  0.460330  0.730050  0.505098  -0.887580  0.389548  0.245874  -0.017259  -0.561498  0.827298  -0.032310  -0.013901  0.027502  -1.450735  1.698373  -0.378244  1.000000  
67.833321 0.008292  -0.000482  -0.003632  0.461986  0.730659  0.502699  -0.886749  0.390551  0.247278  -0.015654  -0.560007  0.828340  -0.032866  -0.014309  0.029099  -1.440314  1.712913  -0.379596  1.000000  
67.834321 0.008257  -0.000497  -0.003591  0.463455  0.731031  0.500802  -0.886005  0.391422  0.248565  -0.014316  -0.558912  0.829103  -0.033227  -0.014564  0.030389  -1.429074  1.735087  -0.383166  1.000000  
67.835570 0.008212  -0.000518  -0.003540  0.465106  0.731569  0.498480  -0.885164  0.392406  0.250005  -0.012711  -0.557515  0.830069  -0.033621  -0.014831  0.031775  -1.410381  1.749429  -0.384598  1.000000  
67.836571 0.008176  -0.000534  -0.003498  0.466388  0.731980  0.496677  -0.884505  0.393202  0.251083  -0.011506  -0.556416  0.830824  -0.034038  -0.015081  0.033169  -1.395152  1.760010  -0.387857  1.000000  
67.837818 0.008131  -0.000554  -0.003445  0.467853  0.732624  0.494343  -0.883752  0.393981  0.252509  -0.009767  -0.555014  0.831784  -0.034461  -0.015356  0.034755  -1.381294  1.770864  -0.383711  1.000000  
67.839065 0.008084  -0.000574  -0.003388  0.469496  0.733148  0.492003  -0.882897  0.394982  0.253934  -0.008162  -0.553609  0.832737  -0.034889  -0.015590  0.036348  -1.366558  1.785031  -0.385140  1.000000  
67.840071 0.008048  -0.000590  -0.003341  0.470955  0.733500  0.490081  -0.882131  0.395877  0.255199  -0.006824  -0.552503  0.833483  -0.035200  -0.015743  0.037858  -1.355242  1.799292  -0.394034  1.000000  
67.841314 0.008001  -0.000611  -0.003282  0.472774  0.733967  0.487624  -0.881169  0.396976  0.256811  -0.005084  -0.551092  0.834429  -0.035561  -0.015915  0.039588  -1.345519  1.818084  -0.403845  1.000000  
67.842314 0.007963  -0.000627  -0.003233  0.474047  0.734392  0.485744  -0.880492  0.397728  0.257966  -0.003746  -0.549982  0.835168  -0.035859  -0.015994  0.040882  -1.339094  1.821395  -0.412176  1.000000  
67.843314 0.007925  -0.000643  -0.003183  0.475498  0.734732  0.483808  -0.879713  0.398636  0.259217  -0.002408  -0.548869  0.835905  -0.036131  -0.016034  0.041966  -1.335946  1.840255  -0.424339  1.000000  
67.844564 0.007878  -0.000662  -0.003119  0.477309  0.735184  0.481331  -0.878735  0.399753  0.260811  -0.000669  -0.547450  0.836838  -0.036447  -0.016040  0.043625  -1.333554  1.854645  -0.442146  1.000000  
67.845564 0.007840  -0.000677  -0.003069  0.478937  0.735527  0.479187  -0.877849  0.400789  0.262201  0.000803  -0.546232  0.837634  -0.036635  -0.016051  0.044424  -1.335969  1.872998  -0.451070  1.000000  
67.846814 0.007793  -0.000696  -0.003006  0.480922  0.735942  0.476553  -0.876760  0.402101  0.263832  0.002542  -0.544705  0.838624  -0.036900  -0.015925  0.045582  -1.337695  1.894869  -0.472189  1.000000  
67.847817 0.007754  -0.000711  -0.002956  0.482363  0.736392  0.474397  -0.875962  0.402933  0.265209  0.004148  -0.543481  0.839411  -0.037068  -0.015860  0.046297  -1.343359  1.912715  -0.478658  1.000000  
67.848823 0.007715  -0.000725  -0.002906  0.483982  0.736684  0.472290  -0.875061  0.404049  0.266483  0.005486  -0.542255  0.840196  -0.037285  -0.015703  0.047129  -1.344258  1.924074  -0.496541  1.000000  
67.850071 0.007667  -0.000743  -0.002842  0.485777  0.737108  0.469779  -0.874053  0.405196  0.268044  0.007225  -0.540821  0.841106  -0.037541  -0.015515  0.048035  -1.346575  1.938583  -0.506348  1.000000  
67.851072 0.007627  -0.000757  -0.002790  0.487389  0.737461  0.467550  -0.873140  0.406195  0.269502  0.008831  -0.539590  0.841882  -0.037843  -0.015406  0.048735  -1.352244  1.964133  -0.516245  1.000000  
67.852319 0.007576  -0.000774  -0.002725  0.489536  0.737740  0.464859  -0.871917  0.407596  0.271340  0.010704  -0.538149  0.842781  -0.038195  -0.015218  0.049432  -1.354678  1.986196  -0.537658  1.000000  
67.853565 0.007524  -0.000792  -0.002657  0.491679  0.738033  0.462124  -0.870688  0.409100  0.273020  0.012443  -0.536604  0.843742  -0.038593  -0.015073  0.050248  -1.357755  2.003037  -0.563391  1.000000  
67.854568 0.007482  -0.000805  -0.002603  0.493280  0.738349  0.459909  -0.869755  0.410021  0.274606  0.014182  -0.535466  0.844438  -0.038983  -0.014809  0.050805  -1.359348  2.030169  -0.580188  1.000000  
67.855814 0.007428  -0.000822  -0.002536  0.495232  0.738763  0.457137  -0.868608  0.411167  0.276519  0.016323  -0.534013  0.845318  -0.039391  -0.014626  0.051348  -1.362455  2.052079  -0.585360  1.000000  
67.856815 0.007384  -0.000835  -0.002482  0.496827  0.739089  0.454874  -0.867665  0.412196  0.277944  0.017928  -0.532768  0.846072  -0.039878  -0.014421  0.051791  -1.372777  2.070097  -0.592224  1.000000  
67.858065 0.007330  -0.000851  -0.002414  0.498770  0.739547  0.451995  -0.866502  0.413390  0.279791  0.020068  -0.531206  0.847005  -0.040364  -0.014113  0.052119  -1.379905  2.095524  -0.603380  1.000000  
67.859314 0.007274  -0.000865  -0.002347  0.500705  0.740122  0.448903  -0.865326  0.414504  0.281776  0.022476  -0.529534  0.847991  -0.040983  -0.013800  0.052348  -1.391503  2.124616  -0.612283  1.000000  
67.860564 0.007217  -0.000879  -0.002279  0.502814  0.740568  0.445799  -0.864040  0.415841  0.283744  0.024750  -0.527859  0.848971  -0.041527  -0.013444  0.052649  -1.407510  2.151255  -0.622352  1.000000  
67.861814 0.007160  -0.000892  -0.002212  0.504740  0.741145  0.442653  -0.862848  0.417071  0.285560  0.027024  -0.526076  0.850008  -0.042210  -0.013043  0.053000  -1.419930  2.174050  -0.620592  1.000000  
67.863064 0.007103  -0.000904  -0.002143  0.507015  0.741541  0.439378  -0.861439  0.418616  0.287548  0.029298  -0.524289  0.851036  -0.042778  -0.012670  0.053406  -1.434518  2.204955  -0.635195  1.000000  
67.864071 0.007056  -0.000914  -0.002087  0.508582  0.741953  0.436864  -0.860449  0.419600  0.289072  0.031170  -0.522916  0.851814  -0.043390  -0.012343  0.053815  -1.445209  2.229493  -0.639146  1.000000  
67.865325 0.006997  -0.000926  -0.002017  0.510845  0.742331  0.433569  -0.859022  0.421163  0.291038  0.033443  -0.521121  0.852828  -0.043992  -0.011960  0.054201  -1.460892  2.261830  -0.654407  1.000000  
67.866571 0.006937  -0.000939  -0.001946  0.512923  0.742821  0.430264  -0.857686  0.422523  0.293000  0.035850  -0.519317  0.853829  -0.044723  -0.011677  0.054550  -1.476605  2.301576  -0.664916  1.000000  
67.867819 0.006876  -0.000952  -0.001876  0.514994  0.743250  0.427037  -0.856340  0.423859  0.295002  0.038257  -0.517613  0.854759  -0.045332  -0.011292  0.054786  -1.489123  2.334553  -0.680485  1.000000  
67.868824 0.006827  -0.000962  -0.001819  0.516891  0.743547  0.424218  -0.855104  0.425156  0.296715  0.040263  -0.516120  0.855569  -0.045841  -0.011076  0.055000  -1.504477  2.363211  -0.689387  1.000000  
67.870065 0.006764  -0.000976  -0.001748  0.519126  0.743820  0.421000  -0.853632  0.426627  0.298834  0.042669  -0.514511  0.856421  -0.046425  -0.010915  0.055174  -1.512915  2.392127  -0.697636  1.000000  
67.871316 0.006701  -0.000989  -0.001678  0.521350  0.744170  0.417619  -0.852144  0.428086  0.300987  0.045209  -0.512791  0.857322  -0.047045  -0.010616  0.055407  -1.525593  2.429095  -0.704375  1.000000  
67.872316 0.006651  -0.000999  -0.001621  0.523055  0.744531  0.414834  -0.850990  0.429254  0.302583  0.047213  -0.511287  0.858112  -0.047450  -0.010452  0.055601  -1.541295  2.457871  -0.713612  1.000000  
67.873565 0.006587  -0.001012  -0.001548  0.525095  0.745016  0.411373  -0.849596  0.430711  0.304425  0.049619  -0.509353  0.859126  -0.048014  -0.010345  0.055929  -1.562050  2.483117  -0.718238  1.000000  
67.874814 0.006523  -0.001024  -0.001474  0.527302  0.745351  0.407928  -0.848084  0.432294  0.306391  0.052024  -0.507518  0.860069  -0.048532  -0.010237  0.056435  -1.578631  2.508145  -0.722732  1.000000  
67.876066 0.006459  -0.001036  -0.001398  0.529494  0.745894  0.404078  -0.846549  0.433885  0.308381  0.054696  -0.505357  0.861175  -0.049119  -0.010124  0.057044  -1.603851  2.540203  -0.731374  1.000000  
67.877314 0.006395  -0.001048  -0.001320  0.531856  0.746200  0.400393  -0.844899  0.435625  0.310447  0.057235  -0.503404  0.862153  -0.049477  -0.010011  0.057614  -1.619902  2.566429  -0.740412  1.000000  
67.878315 0.006343  -0.001057  -0.001257  0.533710  0.746440  0.397468  -0.843600  0.437085  0.311923  0.059105  -0.501780  0.862974  -0.049931  -0.010026  0.058205  -1.636045  2.587436  -0.755117  1.000000  
67.879564 0.006279  -0.001069  -0.001177  0.535892  0.746743  0.393948  -0.842053  0.438804  0.313684  0.061375  -0.499826  0.863948  -0.050237  -0.009988  0.058802  -1.656892  2.608623  -0.762548  1.000000  
67.880568 0.006227  -0.001078  -0.001113  0.537730  0.747000  0.390944  -0.840732  0.440224  0.315236  0.063378  -0.498191  0.864748  -0.050517  -0.009959  0.059350  -1.672539  2.628974  -0.768965  1.000000  
67.881817 0.006162  -0.001090  -0.001033  0.540071  0.747189  0.387339  -0.839055  0.442115  0.317050  0.065648  -0.496229  0.865706  -0.050940  -0.009911  0.060049  -1.689772  2.649689  -0.784842  1.000000  
67.883068 0.006097  -0.001103  -0.000951  0.542395  0.747437  0.383596  -0.837352  0.443906  0.319044  0.068184  -0.494253  0.866640  -0.051170  -0.009859  0.060766  -1.712546  2.681228  -0.789837  1.000000  
67.884075 0.006044  -0.001112  -0.000886  0.544391  0.747537  0.380562  -0.835901  0.445559  0.320541  0.070053  -0.492611  0.867425  -0.051312  -0.009811  0.061284  -1.732683  2.690172  -0.803269  1.000000  
67.885320 0.005979  -0.001125  -0.000803  0.546876  0.747632  0.376793  -0.834072  0.447579  0.322485  0.072455  -0.490632  0.868349  -0.051573  -0.009766  0.062189  -1.751102  2.710783  -0.827736  1.000000  
67.886569 0.005913  -0.001138  -0.000719  0.549180  0.747806  0.373079  -0.832345  0.449455  0.324334  0.074857  -0.488648  0.869264  -0.051699  -0.009748  0.063072  -1.773085  2.731417  -0.843795  1.000000  
67.887816 0.005846  -0.001149  -0.000633  0.551304  0.748015  0.369510  -0.830719  0.451147  0.326146  0.077259  -0.486765  0.870110  -0.051958  -0.009680  0.064002  -1.786897  2.744708  -0.856296  1.000000  
67.889065 0.005780  -0.001161  -0.000547  0.553591  0.748163  0.365772  -0.828970  0.453044  0.327964  0.079660  -0.484772  0.871005  -0.052152  -0.009678  0.064878  -1.801306  2.753440  -0.879633  1.000000  
67.890314 0.005714  -0.001172  -0.000460  0.555870  0.748253  0.362113  -0.827209  0.454910  0.329820  0.082060  -0.482881  0.871833  -0.052197  -0.009587  0.065599  -1.811190  2.762461  -0.894579  1.000000  
67.891567 0.005648  -0.001184  -0.000372  0.558146  0.748295  0.358508  -0.825447  0.456840  0.331564  0.084327  -0.480991  0.872661  -0.052365  -0.009511  0.066372  -1.817100  2.770668  -0.917861  1.000000  
67.892814 0.005581  -0.001195  -0.000284  0.560583  0.748186  0.354915  -0.823559  0.458892  0.333420  0.086593  -0.479203  0.873422  -0.052543  -0.009479  0.066951  -1.820562  2.778752  -0.935571  1.000000  
67.893814 0.005528  -0.001203  -0.000213  0.562354  0.748251  0.351965  -0.822152  0.460414  0.334792  0.088459  -0.477640  0.874091  -0.052689  -0.009442  0.067509  -1.825605  2.781242  -0.946270  1.000000  
67.895064 0.005462  -0.001214  -0.000125  0.564774  0.748203  0.348169  -0.820243  0.462563  0.336506  0.090724  -0.475633  0.874953  -0.052796  -0.009430  0.068004  -1.835839  2.789184  -0.969666  1.000000  
