1-Time 2-Px 3-Py 4-Pz 5-R11 6-R21 7-R31 8-R12 9-R22 10-R32 11-R13 12-R23 13-R33 14-Vx 15-Vy 16-Vz 17-Wx 18-Wy 19-Wz 20-state
47.920933 0.013916  -0.004681  -0.001263  0.781520  0.316984  0.537353  -0.543345  0.769099  0.336544  -0.306598  -0.554984  0.773298  -0.000467  -0.000367  -0.000078  0.000000  0.000000  0.000000  1.000000  
47.922036 0.013917  -0.004681  -0.001263  0.781632  0.316761  0.537322  -0.543185  0.769124  0.336748  -0.306598  -0.555078  0.773231  0.000974  0.000320  0.000528  0.000000  0.000000  0.000000  1.000000  
47.923041 0.013912  -0.004682  -0.001261  0.781632  0.316761  0.537322  -0.543185  0.769124  0.336748  -0.306598  -0.555078  0.773231  -0.002332  -0.000419  0.001140  0.000000  0.000000  0.000000  1.000000  
47.924287 0.013905  -0.004682  -0.001260  0.781632  0.316761  0.537322  -0.543185  0.769124  0.336748  -0.306598  -0.555078  0.773231  -0.003764  -0.000409  0.001204  0.000000  0.000000  0.000000  1.000000  
47.925288 0.013901  -0.004682  -0.001258  0.781632  0.316696  0.537360  -0.543185  0.769083  0.336841  -0.306598  -0.555172  0.773164  -0.003962  -0.000369  0.001204  0.000000  0.000000  0.000000  1.000000  
47.926538 0.013896  -0.004682  -0.001255  0.781632  0.316696  0.537360  -0.543185  0.769083  0.336841  -0.306598  -0.555172  0.773164  -0.003838  -0.000193  0.001524  0.000000  0.000000  0.000000  1.000000  
47.927538 0.013892  -0.004681  -0.001254  0.781632  0.316696  0.537360  -0.543185  0.769083  0.336841  -0.306598  -0.555172  0.773164  -0.003951  -0.000049  0.001537  0.000000  0.000000  0.000000  1.000000  
47.928542 0.013884  -0.004680  -0.001253  0.781632  0.316630  0.537398  -0.543185  0.769042  0.336935  -0.306598  -0.555265  0.773096  -0.004430  0.000057  0.001384  0.000000  0.000000  0.000000  1.000000  
47.929788 0.013875  -0.004678  -0.001252  0.781632  0.316630  0.537398  -0.543185  0.769042  0.336935  -0.306598  -0.555265  0.773096  -0.004936  0.000302  0.001280  0.000000  0.000000  0.000000  1.000000  
47.931036 0.013866  -0.004676  -0.001251  0.781632  0.316565  0.537437  -0.543185  0.769001  0.337028  -0.306598  -0.555359  0.773029  -0.005163  0.000533  0.001283  0.000000  0.000000  0.000000  1.000000  
47.932286 0.013859  -0.004674  -0.001250  0.781632  0.316565  0.537437  -0.543185  0.769001  0.337028  -0.306598  -0.555359  0.773029  -0.005252  0.000624  0.001213  0.000000  0.000000  0.000000  1.000000  
47.933296 0.013852  -0.004673  -0.001248  0.781632  0.316500  0.537475  -0.543185  0.768960  0.337121  -0.306598  -0.555453  0.772962  -0.005328  0.000691  0.001278  0.000000  0.000000  0.000000  1.000000  
47.934539 0.013843  -0.004671  -0.001246  0.781665  0.316561  0.537390  -0.543208  0.768918  0.337180  -0.306471  -0.555477  0.772995  -0.005551  0.000770  0.001341  0.000000  0.000000  0.000000  1.000000  
47.935539 0.013833  -0.004670  -0.001243  0.781665  0.316496  0.537429  -0.543208  0.768877  0.337274  -0.306471  -0.555571  0.772927  -0.005851  0.000731  0.001417  0.000000  0.000000  0.000000  1.000000  
47.936546 0.013823  -0.004670  -0.001241  0.781665  0.316431  0.537467  -0.543208  0.768836  0.337367  -0.306471  -0.555664  0.772860  -0.006316  0.000722  0.001532  0.000000  0.000000  0.000000  1.000000  
47.937786 0.013809  -0.004671  -0.001238  0.781665  0.316431  0.537467  -0.543208  0.768836  0.337367  -0.306471  -0.555664  0.772860  -0.007005  0.000663  0.001539  0.000000  0.000000  0.000000  1.000000  
47.938789 0.013799  -0.004671  -0.001236  0.781665  0.316365  0.537506  -0.543208  0.768795  0.337460  -0.306471  -0.555758  0.772793  -0.007293  0.000722  0.001617  0.000000  0.000000  0.000000  1.000000  
47.940036 0.013786  -0.004671  -0.001234  0.781665  0.316365  0.537506  -0.543208  0.768795  0.337460  -0.306471  -0.555758  0.772793  -0.007731  0.000758  0.001646  0.000000  0.000000  0.000000  1.000000  
47.941286 0.013774  -0.004669  -0.001232  0.781777  0.316142  0.537474  -0.543047  0.768819  0.337664  -0.306471  -0.555852  0.772725  -0.008259  0.000902  0.001649  0.000000  0.000000  0.000000  1.000000  
47.942536 0.013760  -0.004666  -0.001229  0.781777  0.316142  0.537474  -0.543047  0.768819  0.337664  -0.306471  -0.555852  0.772725  -0.008787  0.000983  0.001626  0.000000  0.000000  0.000000  1.000000  
47.943540 0.013749  -0.004665  -0.001226  0.781777  0.316077  0.537513  -0.543047  0.768778  0.337757  -0.306471  -0.555946  0.772658  -0.009009  0.001014  0.001811  0.000000  0.000000  0.000000  1.000000  
47.944542 0.013739  -0.004664  -0.001224  0.781777  0.316077  0.537513  -0.543047  0.768778  0.337757  -0.306471  -0.555946  0.772658  -0.009207  0.000950  0.001948  0.000000  0.000000  0.000000  1.000000  
47.945786 0.013729  -0.004661  -0.001219  0.781889  0.315853  0.537481  -0.542886  0.768802  0.337961  -0.306471  -0.556039  0.772590  -0.009323  0.000998  0.002136  0.000000  0.000000  0.000000  1.000000  
47.946786 0.013720  -0.004659  -0.001215  0.781889  0.315853  0.537481  -0.542886  0.768802  0.337961  -0.306471  -0.556039  0.772590  -0.009517  0.000997  0.002378  0.000000  0.000000  0.000000  1.000000  
47.947786 0.013711  -0.004657  -0.001211  0.781923  0.315914  0.537397  -0.542909  0.768760  0.338020  -0.306344  -0.556063  0.772624  -0.009634  0.001060  0.002525  0.000000  0.000000  0.000000  1.000000  
47.949036 0.013699  -0.004656  -0.001205  0.781923  0.315849  0.537435  -0.542909  0.768719  0.338113  -0.306344  -0.556157  0.772556  -0.009838  0.001011  0.002788  0.000000  0.000000  0.000000  1.000000  
47.950047 0.013688  -0.004656  -0.001201  0.782034  0.315691  0.537365  -0.542748  0.768784  0.338224  -0.306344  -0.556157  0.772556  -0.010014  0.000979  0.002860  0.000000  0.000000  0.000000  1.000000  
47.951296 0.013675  -0.004656  -0.001199  0.782068  0.315687  0.537319  -0.542772  0.768700  0.338376  -0.306216  -0.556275  0.772522  -0.010068  0.000965  0.002834  0.000000  0.000000  0.000000  1.000000  
47.952546 0.013662  -0.004655  -0.001196  0.782068  0.315687  0.537319  -0.542772  0.768700  0.338376  -0.306216  -0.556275  0.772522  -0.009946  0.001111  0.002886  0.000000  0.000000  0.000000  1.000000  
47.953786 0.013649  -0.004654  -0.001193  0.782102  0.315748  0.537234  -0.542795  0.768658  0.338435  -0.306089  -0.556299  0.772555  -0.009964  0.001141  0.002894  0.000000  0.000000  0.000000  1.000000  
47.954788 0.013638  -0.004653  -0.001190  0.782102  0.315683  0.537272  -0.542795  0.768617  0.338528  -0.306089  -0.556392  0.772488  -0.010032  0.001193  0.002995  0.000000  0.000000  0.000000  1.000000  
47.956036 0.013623  -0.004652  -0.001186  0.782213  0.315525  0.537202  -0.542634  0.768682  0.338639  -0.306089  -0.556392  0.772488  -0.010180  0.001145  0.003076  0.000000  0.000000  0.000000  1.000000  
47.957287 0.013609  -0.004650  -0.001183  0.782247  0.315586  0.537117  -0.542657  0.768639  0.338698  -0.305961  -0.556416  0.772521  -0.010211  0.001113  0.003156  0.000000  0.000000  0.000000  1.000000  
47.958536 0.013595  -0.004647  -0.001179  0.782247  0.315521  0.537156  -0.542657  0.768598  0.338791  -0.305961  -0.556510  0.772453  -0.010268  0.001191  0.003158  0.000000  0.000000  0.000000  1.000000  
47.959786 0.013581  -0.004644  -0.001174  0.782169  0.315740  0.537141  -0.542842  0.768491  0.338739  -0.305834  -0.556534  0.772487  -0.010406  0.001244  0.003290  0.000000  0.000000  0.000000  1.000000  
47.960787 0.013569  -0.004642  -0.001170  0.782203  0.315801  0.537056  -0.542865  0.768449  0.338798  -0.305707  -0.556558  0.772520  -0.010615  0.001261  0.003264  0.000000  0.000000  0.000000  1.000000  
47.962036 0.013556  -0.004639  -0.001167  0.782203  0.315801  0.537056  -0.542865  0.768449  0.338798  -0.305707  -0.556558  0.772520  -0.010796  0.001274  0.003134  0.000000  0.000000  0.000000  1.000000  
47.963037 0.013544  -0.004637  -0.001165  0.782236  0.315862  0.536971  -0.542888  0.768406  0.338857  -0.305579  -0.556582  0.772553  -0.011009  0.001265  0.002945  0.000000  0.000000  0.000000  1.000000  
47.964286 0.013529  -0.004637  -0.001162  0.782270  0.315989  0.536847  -0.542912  0.768405  0.338823  -0.305452  -0.556512  0.772654  -0.011116  0.001278  0.002793  0.000000  0.000000  0.000000  1.000000  
47.965286 0.013517  -0.004636  -0.001160  0.782192  0.316208  0.536832  -0.543096  0.768297  0.338771  -0.305324  -0.556536  0.772687  -0.011244  0.001343  0.002715  0.000000  0.000000  0.000000  1.000000  
47.966297 0.013504  -0.004635  -0.001159  0.782225  0.316269  0.536747  -0.543119  0.768255  0.338830  -0.305197  -0.556560  0.772720  -0.011377  0.001448  0.002652  0.000000  0.000000  0.000000  1.000000  
47.967542 0.013489  -0.004633  -0.001155  0.782147  0.316554  0.536694  -0.543304  0.768188  0.338686  -0.305070  -0.556490  0.772821  -0.011548  0.001458  0.002690  0.000000  0.000000  0.000000  1.000000  
47.968568 0.013478  -0.004631  -0.001153  0.782180  0.316615  0.536609  -0.543327  0.768146  0.338745  -0.304942  -0.556514  0.772854  -0.011585  0.001545  0.002702  0.000000  0.000000  0.000000  1.000000  
47.969790 0.013463  -0.004630  -0.001150  0.782247  0.316802  0.536401  -0.543374  0.768102  0.338770  -0.304687  -0.556467  0.772987  -0.011660  0.001533  0.002681  0.000000  0.000000  0.000000  1.000000  
47.971043 0.013448  -0.004628  -0.001147  0.782169  0.317087  0.536347  -0.543558  0.768035  0.338625  -0.304560  -0.556397  0.773088  -0.011733  0.001550  0.002599  0.000000  0.000000  0.000000  1.000000  
47.972286 0.013433  -0.004625  -0.001146  0.782202  0.317148  0.536262  -0.543581  0.767993  0.338684  -0.304432  -0.556421  0.773121  -0.011770  0.001687  0.002481  0.000000  0.000000  0.000000  1.000000  
47.973287 0.013421  -0.004622  -0.001144  0.782124  0.317432  0.536208  -0.543765  0.767926  0.338539  -0.304305  -0.556351  0.773222  -0.011805  0.001684  0.002361  0.000000  0.000000  0.000000  1.000000  
47.974536 0.013407  -0.004619  -0.001143  0.782157  0.317558  0.536085  -0.543789  0.767925  0.338505  -0.304178  -0.556281  0.773322  -0.011758  0.001703  0.002067  0.000000  0.000000  0.000000  1.000000  
47.975537 0.013396  -0.004618  -0.001143  0.782112  0.317903  0.535946  -0.543996  0.767815  0.338420  -0.303923  -0.556235  0.773456  -0.011743  0.001597  0.001876  0.000000  0.000000  0.000000  1.000000  
47.976542 0.013385  -0.004617  -0.001143  0.782145  0.318029  0.535822  -0.544019  0.767814  0.338386  -0.303795  -0.556165  0.773556  -0.011805  0.001495  0.001638  0.000000  0.000000  0.000000  1.000000  
47.977785 0.013370  -0.004616  -0.001144  0.782100  0.318375  0.535684  -0.544227  0.767704  0.338301  -0.303540  -0.556118  0.773690  -0.011822  0.001489  0.001429  0.000000  0.000000  0.000000  1.000000  
47.978785 0.013358  -0.004615  -0.001144  0.782133  0.318501  0.535560  -0.544250  0.767703  0.338267  -0.303413  -0.556048  0.773790  -0.011823  0.001491  0.001271  0.000000  0.000000  0.000000  1.000000  
47.980035 0.013344  -0.004614  -0.001143  0.782088  0.318911  0.535382  -0.544457  0.767634  0.338089  -0.303158  -0.555908  0.773991  -0.011743  0.001476  0.001192  0.000000  0.000000  0.000000  1.000000  
47.981035 0.013333  -0.004613  -0.001142  0.782155  0.319098  0.535174  -0.544504  0.767590  0.338114  -0.302903  -0.555861  0.774124  -0.011619  0.001478  0.001139  0.000000  0.000000  0.000000  1.000000  
47.982035 0.013323  -0.004611  -0.001141  0.782221  0.319285  0.534965  -0.544550  0.767546  0.338139  -0.302648  -0.555815  0.774257  -0.011493  0.001479  0.001086  0.000000  0.000000  0.000000  1.000000  
47.983046 0.013313  -0.004610  -0.001139  0.782142  0.319634  0.534872  -0.544734  0.767520  0.337902  -0.302520  -0.555650  0.774425  -0.011351  0.001503  0.000968  0.000000  0.000000  0.000000  1.000000  
47.984292 0.013300  -0.004608  -0.001138  0.782242  0.319946  0.534539  -0.544803  0.767475  0.337894  -0.302137  -0.555533  0.774658  -0.011295  0.001544  0.000875  0.000000  0.000000  0.000000  1.000000  
47.985292 0.013289  -0.004606  -0.001137  0.782196  0.320356  0.534361  -0.545011  0.767406  0.337716  -0.301882  -0.555392  0.774859  -0.011142  0.001555  0.000700  0.000000  0.000000  0.000000  1.000000  
47.986540 0.013276  -0.004603  -0.001138  0.782262  0.320607  0.534113  -0.545057  0.767403  0.337648  -0.301627  -0.555251  0.775059  -0.011061  0.001526  0.000567  -0.106635  0.085721  0.142746  1.000000  
47.987786 0.013264  -0.004601  -0.001138  0.782328  0.320859  0.533865  -0.545103  0.767400  0.337581  -0.301372  -0.555110  0.775260  -0.010881  0.001516  0.000452  -0.118867  0.093041  0.148002  1.000000  
47.988786 0.013253  -0.004599  -0.001138  0.782249  0.321272  0.533733  -0.545287  0.767414  0.337251  -0.301245  -0.554852  0.775494  -0.010801  0.001501  0.000373  -0.133191  0.089221  0.153344  1.000000  
47.990038 0.013240  -0.004598  -0.001138  0.782315  0.321523  0.533484  -0.545333  0.767411  0.337183  -0.300989  -0.554710  0.775694  -0.010807  0.001414  0.000298  -0.139226  0.100384  0.153214  1.000000  
47.991286 0.013225  -0.004597  -0.001138  0.782381  0.321839  0.533197  -0.545379  0.767449  0.337023  -0.300734  -0.554475  0.775962  -0.010843  0.001317  0.000352  -0.151454  0.104070  0.155831  1.000000  
47.992286 0.013214  -0.004596  -0.001138  0.782302  0.322187  0.533103  -0.545563  0.767422  0.336786  -0.300607  -0.554310  0.776129  -0.010789  0.001333  0.000378  -0.161690  0.100239  0.161172  1.000000  
47.993536 0.013199  -0.004596  -0.001137  0.782368  0.322503  0.532815  -0.545609  0.767459  0.336626  -0.300351  -0.554074  0.776396  -0.010773  0.001253  0.000458  -0.169837  0.103935  0.163780  1.000000  
47.994786 0.013187  -0.004596  -0.001137  0.782434  0.322818  0.532528  -0.545655  0.767497  0.336465  -0.300096  -0.553838  0.776663  -0.010643  0.001253  0.000404  -0.178470  0.110537  0.159691  1.000000  
47.996036 0.013174  -0.004595  -0.001136  0.782500  0.323198  0.532200  -0.545701  0.767575  0.336212  -0.299841  -0.553508  0.776997  -0.010642  0.001189  0.000377  -0.194654  0.114213  0.162284  1.000000  
47.997286 0.013161  -0.004593  -0.001136  0.782566  0.323513  0.531912  -0.545747  0.767613  0.336052  -0.299585  -0.553272  0.777264  -0.010661  0.001193  0.000218  -0.200658  0.121688  0.159540  1.000000  
47.998286 0.013151  -0.004593  -0.001136  0.782598  0.323832  0.531670  -0.545770  0.767734  0.335739  -0.299458  -0.552918  0.777565  -0.010632  0.001141  0.000188  -0.216799  0.121710  0.159492  1.000000  
47.999292 0.013141  -0.004593  -0.001135  0.782631  0.324086  0.531466  -0.545793  0.767813  0.335519  -0.299330  -0.552658  0.777799  -0.010580  0.001030  0.000161  -0.224864  0.121740  0.159455  1.000000  
48.000546 0.013129  -0.004591  -0.001135  0.782552  0.324563  0.531293  -0.545977  0.767867  0.335096  -0.299203  -0.552304  0.778099  -0.010479  0.000965  0.000136  -0.242976  0.119104  0.158104  1.000000  
48.001792 0.013116  -0.004589  -0.001133  0.782617  0.325006  0.530925  -0.546023  0.767986  0.334750  -0.298947  -0.551878  0.778499  -0.010487  0.000934  0.000318  -0.257320  0.125525  0.162060  1.000000  
48.003039 0.013103  -0.004586  -0.001130  0.782650  0.325388  0.530642  -0.546046  0.768146  0.334344  -0.298819  -0.551429  0.778867  -0.010505  0.000950  0.000529  -0.273535  0.126734  0.155298  1.000000  
48.004286 0.013088  -0.004585  -0.001128  0.782603  0.325989  0.530343  -0.546252  0.768197  0.333888  -0.298564  -0.551003  0.779266  -0.010611  0.000934  0.000686  -0.291941  0.126629  0.163251  1.000000  
48.005294 0.013077  -0.004584  -0.001125  0.782636  0.326371  0.530059  -0.546275  0.768358  0.333481  -0.298436  -0.550553  0.779633  -0.010589  0.000948  0.000937  -0.306087  0.126826  0.155190  1.000000  
48.006535 0.013061  -0.004584  -0.001122  0.782669  0.326753  0.529776  -0.546298  0.768518  0.333075  -0.298309  -0.550103  0.779999  -0.010709  0.000868  0.001071  -0.319834  0.125877  0.153919  1.000000  
48.007536 0.013050  -0.004583  -0.001120  0.782589  0.327293  0.529560  -0.546482  0.768610  0.332560  -0.298181  -0.549653  0.780365  -0.010675  0.000900  0.001151  -0.338748  0.123297  0.152527  1.000000  
48.008542 0.013038  -0.004583  -0.001119  0.782589  0.327614  0.529362  -0.546482  0.768812  0.332094  -0.298181  -0.549179  0.780698  -0.010750  0.000917  0.001231  -0.354983  0.119663  0.149847  1.000000  
48.009787 0.013025  -0.004581  -0.001119  0.782542  0.328278  0.529020  -0.546689  0.768901  0.331545  -0.297926  -0.548657  0.781163  -0.010786  0.001015  0.001205  -0.371333  0.119752  0.149817  1.000000  
48.011036 0.013011  -0.004580  -0.001118  0.782462  0.328881  0.528763  -0.546873  0.769033  0.330936  -0.297798  -0.548111  0.781595  -0.010868  0.000968  0.001259  -0.393770  0.112322  0.152542  1.000000  
48.012036 0.013001  -0.004579  -0.001116  0.782382  0.329420  0.528546  -0.547057  0.769124  0.330421  -0.297670  -0.547660  0.781960  -0.010885  0.000984  0.001313  -0.405993  0.108717  0.149898  1.000000  
48.013286 0.012988  -0.004578  -0.001115  0.782302  0.330023  0.528288  -0.547241  0.769254  0.329812  -0.297542  -0.547113  0.782391  -0.010895  0.001033  0.001397  -0.424998  0.100479  0.151416  1.000000  
48.014286 0.012977  -0.004577  -0.001114  0.782254  0.330686  0.527944  -0.547447  0.769342  0.329264  -0.297287  -0.546589  0.782854  -0.010899  0.001034  0.001397  -0.443205  0.096765  0.156714  1.000000  
48.015536 0.012965  -0.004576  -0.001113  0.782174  0.331352  0.527645  -0.547631  0.769511  0.328562  -0.297159  -0.545947  0.783351  -0.010934  0.001003  0.001477  -0.463355  0.093194  0.154072  1.000000  
48.016549 0.012954  -0.004574  -0.001111  0.782094  0.331954  0.527385  -0.547815  0.769640  0.327953  -0.297031  -0.545400  0.783780  -0.010945  0.000986  0.001499  -0.481459  0.086563  0.158093  1.000000  
48.017790 0.012941  -0.004574  -0.001108  0.782046  0.332744  0.526958  -0.548021  0.769806  0.327218  -0.296776  -0.544684  0.784374  -0.011014  0.000858  0.001473  -0.506062  0.086683  0.158097  1.000000  
48.019039 0.012927  -0.004573  -0.001106  0.781999  0.333533  0.526530  -0.548228  0.769971  0.326483  -0.296520  -0.543968  0.784968  -0.010964  0.000810  0.001472  -0.528321  0.082953  0.163391  1.000000  
48.020040 0.012915  -0.004572  -0.001104  0.781918  0.334198  0.526228  -0.548412  0.770137  0.325781  -0.296392  -0.543324  0.785462  -0.010946  0.000830  0.001449  -0.550710  0.079235  0.168735  1.000000  
48.021043 0.012903  -0.004572  -0.001102  0.781870  0.334922  0.525839  -0.548618  0.770261  0.325140  -0.296137  -0.542702  0.785988  -0.010929  0.000844  0.001392  -0.573105  0.075523  0.174093  1.000000  
48.022286 0.012890  -0.004570  -0.001100  0.781822  0.335709  0.525408  -0.548825  0.770424  0.324405  -0.295881  -0.541984  0.786580  -0.010865  0.000880  0.001396  -0.592722  0.078666  0.175210  1.000000  
48.023288 0.012879  -0.004570  -0.001099  0.781741  0.336373  0.525103  -0.549008  0.770588  0.323703  -0.295753  -0.541338  0.787072  -0.010774  0.000878  0.001419  -0.615988  0.071949  0.179449  1.000000  
48.024542 0.012867  -0.004568  -0.001096  0.781725  0.337346  0.524503  -0.549238  0.770786  0.322842  -0.295370  -0.540450  0.787826  -0.010751  0.000861  0.001524  -0.646464  0.071974  0.187367  1.000000  
48.025792 0.012853  -0.004567  -0.001093  0.781709  0.338254  0.523941  -0.549467  0.770944  0.322074  -0.294987  -0.539657  0.788514  -0.010685  0.000861  0.001657  -0.668881  0.072021  0.195315  1.000000  
48.027036 0.012841  -0.004567  -0.001090  0.781693  0.339225  0.523338  -0.549696  0.771140  0.321213  -0.294603  -0.538767  0.789265  -0.010687  0.000768  0.001788  -0.699568  0.072093  0.203299  1.000000  
48.028036 0.012831  -0.004566  -0.001088  0.781644  0.340009  0.522901  -0.549902  0.771298  0.320479  -0.294347  -0.538045  0.789853  -0.010608  0.000780  0.001870  -0.716017  0.071544  0.209505  1.000000  
48.029038 0.012822  -0.004566  -0.001084  0.781595  0.340793  0.522464  -0.550108  0.771456  0.319744  -0.294091  -0.537322  0.790440  -0.010557  0.000730  0.002030  -0.740408  0.072219  0.219225  1.000000  
48.030285 0.012810  -0.004567  -0.001083  0.781579  0.341825  0.521815  -0.550337  0.771688  0.318790  -0.293708  -0.536333  0.791254  -0.010512  0.000592  0.001996  -0.762466  0.079135  0.222416  1.000000  
48.031286 0.012800  -0.004568  -0.001082  0.781562  0.342729  0.521247  -0.550566  0.771841  0.318023  -0.293324  -0.535535  0.791936  -0.010469  0.000481  0.001970  -0.788885  0.082908  0.232884  1.000000  
48.032545 0.012788  -0.004570  -0.001081  0.781658  0.343663  0.520487  -0.550633  0.772180  0.317083  -0.292940  -0.534448  0.792812  -0.010348  0.000261  0.001867  -0.819571  0.087515  0.237214  1.000000  
48.033793 0.012775  -0.004571  -0.001080  0.781640  0.344754  0.519791  -0.550862  0.772446  0.316035  -0.292557  -0.533359  0.793687  -0.010269  0.000116  0.001733  -0.848030  0.095153  0.242229  1.000000  
48.035041 0.012762  -0.004574  -0.001079  0.781655  0.345839  0.519048  -0.551113  0.772632  0.315142  -0.292045  -0.532386  0.794528  -0.010154  -0.000062  0.001652  -0.867442  0.101919  0.253186  1.000000  
48.036041 0.012752  -0.004576  -0.001079  0.781605  0.346807  0.518477  -0.551319  0.772898  0.314127  -0.291789  -0.531369  0.795302  -0.010104  -0.000266  0.001547  -0.900965  0.099247  0.260609  1.000000  
48.037286 0.012739  -0.004578  -0.001077  0.781733  0.347793  0.517623  -0.551409  0.773191  0.313247  -0.291277  -0.530298  0.796205  -0.010031  -0.000515  0.001571  -0.919896  0.117126  0.263079  1.000000  
48.038296 0.012729  -0.004580  -0.001074  0.781715  0.348816  0.516962  -0.551637  0.773414  0.312293  -0.290893  -0.529299  0.797009  -0.010009  -0.000725  0.001596  -0.949834  0.122048  0.275664  1.000000  
48.039536 0.012716  -0.004582  -0.001070  0.781696  0.349963  0.516214  -0.551865  0.773711  0.311151  -0.290509  -0.528106  0.797940  -0.010048  -0.000905  0.001729  -0.974420  0.128718  0.278329  1.000000  
48.040542 0.012706  -0.004584  -0.001068  0.781792  0.350762  0.515527  -0.551933  0.773966  0.310398  -0.290125  -0.527202  0.798677  -0.010003  -0.001131  0.001703  -0.996557  0.137465  0.277541  1.000000  
48.041786 0.012694  -0.004586  -0.001065  0.781773  0.351969  0.514732  -0.552161  0.774298  0.309162  -0.289740  -0.525909  0.799669  -0.009982  -0.001286  0.001701  -1.029351  0.145268  0.282498  1.000000  
48.043039 0.012681  -0.004589  -0.001062  0.781786  0.353231  0.513847  -0.552411  0.774587  0.307988  -0.289228  -0.524635  0.800690  -0.010052  -0.001599  0.001648  -1.061785  0.156755  0.289863  1.000000  
48.044286 0.012668  -0.004592  -0.001059  0.781798  0.354492  0.512959  -0.552661  0.774875  0.306814  -0.288716  -0.523359  0.801709  -0.010073  -0.001778  0.001782  -1.085360  0.163201  0.292305  1.000000  
48.045286 0.012658  -0.004596  -0.001057  0.781779  0.355569  0.512242  -0.552889  0.775126  0.305767  -0.288332  -0.522255  0.802567  -0.010139  -0.001971  0.001728  -1.114818  0.172364  0.299606  1.000000  
48.046536 0.012645  -0.004600  -0.001054  0.781791  0.356949  0.511263  -0.553139  0.775484  0.304405  -0.287819  -0.520780  0.803709  -0.010222  -0.002150  0.001889  -1.146405  0.182503  0.304487  1.000000  
48.047786 0.012632  -0.004604  -0.001051  0.781834  0.358384  0.510192  -0.553411  0.775799  0.303105  -0.287178  -0.519324  0.804880  -0.010216  -0.002273  0.001937  -1.178360  0.194003  0.311599  1.000000  
48.048789 0.012621  -0.004608  -0.001050  0.781846  0.359513  0.509380  -0.553661  0.776005  0.302120  -0.286666  -0.518235  0.805764  -0.010281  -0.002464  0.002042  -1.198352  0.205452  0.318774  1.000000  
48.049795 0.012610  -0.004612  -0.001047  0.781825  0.360645  0.508610  -0.553888  0.776286  0.300978  -0.286281  -0.517026  0.806677  -0.010287  -0.002603  0.002207  -1.228509  0.211281  0.323631  1.000000  
48.051039 0.012597  -0.004617  -0.001044  0.781836  0.362077  0.507575  -0.554138  0.776671  0.299522  -0.285768  -0.515444  0.807870  -0.010313  -0.002751  0.002330  -1.259047  0.217479  0.325685  1.000000  
48.052289 0.012584  -0.004621  -0.001042  0.781878  0.363502  0.506491  -0.554409  0.776977  0.298223  -0.285127  -0.513977  0.809030  -0.010322  -0.002894  0.002340  -1.293653  0.231001  0.335446  1.000000  
48.053289 0.012574  -0.004625  -0.001040  0.781857  0.364628  0.505713  -0.554636  0.777252  0.297081  -0.284742  -0.512762  0.809936  -0.010351  -0.003037  0.002304  -1.318017  0.235145  0.337644  1.000000  
48.054536 0.012560  -0.004630  -0.001037  0.781898  0.366110  0.504578  -0.554907  0.777590  0.295688  -0.284101  -0.511192  0.811153  -0.010397  -0.003241  0.002198  -1.343897  0.244960  0.341988  1.000000  
48.055786 0.012547  -0.004636  -0.001036  0.781824  0.367686  0.503545  -0.555339  0.777814  0.294286  -0.283459  -0.509718  0.812304  -0.010395  -0.003474  0.002127  -1.374077  0.249319  0.352017  1.000000  
48.056841 0.012537  -0.004640  -0.001034  0.781948  0.368763  0.502565  -0.555427  0.778155  0.293216  -0.282946  -0.508418  0.813297  -0.010408  -0.003606  0.002040  -1.397004  0.258781  0.350824  1.000000  
48.058036 0.012524  -0.004646  -0.001032  0.781873  0.370517  0.501390  -0.555858  0.778480  0.291531  -0.282304  -0.506642  0.814628  -0.010468  -0.003749  0.002015  -1.438088  0.267538  0.363922  1.000000  
48.059037 0.012514  -0.004649  -0.001029  0.781882  0.371809  0.500419  -0.556107  0.778776  0.290264  -0.281791  -0.505239  0.815676  -0.010464  -0.003860  0.001994  -1.462602  0.273273  0.365469  1.000000  
48.060286 0.012501  -0.004656  -0.001025  0.781921  0.373336  0.499220  -0.556377  0.779136  0.288777  -0.281149  -0.503555  0.816938  -0.010483  -0.003986  0.002119  -1.495018  0.279993  0.370448  1.000000  
48.061286 0.012491  -0.004660  -0.001021  0.781929  0.374623  0.498242  -0.556625  0.779427  0.287510  -0.280635  -0.502147  0.817981  -0.010417  -0.004104  0.002233  -1.514941  0.285657  0.371865  1.000000  
48.062536 0.012479  -0.004666  -0.001016  0.781997  0.376318  0.496855  -0.556917  0.779812  0.285898  -0.279865  -0.500278  0.819389  -0.010370  -0.004218  0.002366  -1.549625  0.294162  0.384214  1.000000  
48.063786 0.012467  -0.004672  -0.001011  0.781920  0.377995  0.495702  -0.557347  0.780085  0.284309  -0.279222  -0.498585  0.820639  -0.010247  -0.004229  0.002589  -1.575628  0.298796  0.394016  1.000000  
48.064794 0.012458  -0.004677  -0.001007  0.781927  0.379214  0.494760  -0.557595  0.780334  0.283137  -0.278708  -0.497268  0.821612  -0.010167  -0.004309  0.002641  -1.600476  0.301794  0.396761  1.000000  
48.066126 0.012446  -0.004683  -0.001003  0.781994  0.380837  0.493405  -0.557885  0.780675  0.281620  -0.277937  -0.495488  0.822947  -0.009989  -0.004391  0.002775  -1.620370  0.313078  0.402323  1.000000  
48.067292 0.012435  -0.004690  -0.000998  0.781915  0.382445  0.492285  -0.558315  0.780905  0.280127  -0.277295  -0.493886  0.824126  -0.009914  -0.004610  0.002975  -1.642767  0.314871  0.410838  1.000000  
48.068310 0.012426  -0.004697  -0.000994  0.781921  0.383775  0.491240  -0.558562  0.781215  0.278767  -0.276780  -0.492362  0.825211  -0.009837  -0.004798  0.003023  -1.668290  0.319425  0.420559  1.000000  
48.069542 0.012414  -0.004705  -0.000989  0.781957  0.385334  0.489961  -0.558831  0.781586  0.277186  -0.276137  -0.490553  0.826502  -0.009789  -0.005002  0.003240  -1.693464  0.324194  0.422565  1.000000  
48.070796 0.012402  -0.004714  -0.000983  0.781877  0.387109  0.488688  -0.559260  0.781906  0.275410  -0.275494  -0.488640  0.827849  -0.009671  -0.005179  0.003477  -1.723684  0.329107  0.432292  1.000000  
48.072035 0.012389  -0.004723  -0.000977  0.781826  0.388992  0.487271  -0.559711  0.782218  0.273604  -0.274723  -0.486642  0.829281  -0.009671  -0.005489  0.003755  -1.748283  0.335240  0.440911  1.000000  
48.073286 0.012378  -0.004733  -0.000969  0.781744  0.390759  0.485987  -0.560139  0.782530  0.271829  -0.274079  -0.484721  0.830618  -0.009553  -0.005771  0.004144  -1.780968  0.335490  0.449527  1.000000  
48.074534 0.012365  -0.004744  -0.000961  0.781692  0.392574  0.484606  -0.560589  0.782800  0.270119  -0.273307  -0.482815  0.831981  -0.009575  -0.006138  0.004391  -1.800294  0.341486  0.457797  1.000000  
48.075784 0.012353  -0.004755  -0.000951  0.781610  0.394274  0.483357  -0.561018  0.783070  0.268440  -0.272664  -0.480987  0.833250  -0.009545  -0.006427  0.004809  -1.816167  0.339361  0.470675  1.000000  
48.077034 0.012340  -0.004766  -0.000942  0.781527  0.395970  0.482104  -0.561446  0.783337  0.266762  -0.272020  -0.479156  0.834514  -0.009597  -0.006826  0.005097  -1.830124  0.340725  0.477948  1.000000  
48.078034 0.012330  -0.004775  -0.000933  0.781443  0.397487  0.480990  -0.561874  0.783503  0.265369  -0.271376  -0.477626  0.835601  -0.009631  -0.007114  0.005385  -1.848037  0.341899  0.485343  1.000000  
48.079284 0.012318  -0.004786  -0.000921  0.781243  0.399395  0.479732  -0.562462  0.783712  0.263498  -0.270732  -0.475687  0.836914  -0.009634  -0.007436  0.005882  -1.868183  0.339987  0.498300  1.000000  
48.080540 0.012304  -0.004798  -0.000909  0.781072  0.401351  0.478377  -0.563071  0.783879  0.261694  -0.269959  -0.473762  0.838255  -0.009766  -0.007855  0.006406  -1.885153  0.344378  0.509592  1.000000  
48.081784 0.012290  -0.004810  -0.000895  0.780870  0.403250  0.477107  -0.563659  0.784079  0.259825  -0.269315  -0.471816  0.839559  -0.009952  -0.008162  0.006935  -1.901883  0.339639  0.518441  1.000000  
48.082795 0.012279  -0.004820  -0.000882  0.780754  0.404702  0.476066  -0.564065  0.784267  0.258370  -0.268800  -0.470256  0.840599  -0.010107  -0.008411  0.007571  -1.918877  0.339946  0.527674  1.000000  
48.084041 0.012263  -0.004833  -0.000866  0.780581  0.406645  0.474693  -0.564673  0.784421  0.256570  -0.268026  -0.468320  0.841925  -0.010367  -0.008766  0.008347  -1.938790  0.338150  0.540716  1.000000  
48.085290 0.012248  -0.004847  -0.000848  0.780260  0.408695  0.473458  -0.565421  0.784522  0.254607  -0.267382  -0.466363  0.843216  -0.010607  -0.009109  0.009231  -1.953004  0.330301  0.555049  1.000000  
48.086539 0.012232  -0.004860  -0.000830  0.780084  0.410629  0.472072  -0.566029  0.784665  0.252809  -0.266608  -0.464419  0.844532  -0.010807  -0.009361  0.009973  -1.968638  0.328670  0.567994  1.000000  
48.087785 0.012216  -0.004874  -0.000811  0.779908  0.412501  0.470731  -0.566636  0.784773  0.251108  -0.265834  -0.462574  0.845788  -0.011097  -0.009712  0.010810  -1.976047  0.327076  0.580918  1.000000  
48.089040 0.012199  -0.004888  -0.000791  0.779613  0.414644  0.469333  -0.567403  0.784851  0.249122  -0.265060  -0.460520  0.847151  -0.011427  -0.009986  0.011680  -1.987534  0.324584  0.596357  1.000000  
48.090289 0.012183  -0.004903  -0.000770  0.779317  0.416839  0.467878  -0.568170  0.784954  0.247042  -0.264286  -0.458359  0.848564  -0.011660  -0.010214  0.012400  -2.009391  0.319927  0.615226  1.000000  
48.091536 0.012167  -0.004919  -0.000750  0.779049  0.418965  0.466425  -0.568958  0.784954  0.245222  -0.263383  -0.456416  0.849891  -0.011911  -0.010493  0.013149  -2.017165  0.322545  0.630645  1.000000  
48.092539 0.012155  -0.004931  -0.000733  0.778839  0.420713  0.465199  -0.569543  0.785049  0.243556  -0.262737  -0.454642  0.851041  -0.012042  -0.010751  0.013732  -2.028465  0.317144  0.641501  1.000000  
48.093787 0.012139  -0.004946  -0.000710  0.778451  0.422990  0.463782  -0.570489  0.784952  0.241645  -0.261833  -0.452691  0.852358  -0.012292  -0.010964  0.014507  -2.043943  0.313254  0.668513  1.000000  
48.095036 0.012124  -0.004961  -0.000686  0.778206  0.425150  0.462215  -0.571296  0.784901  0.239899  -0.260800  -0.450753  0.853701  -0.012428  -0.011225  0.015254  -2.056654  0.313892  0.686341  1.000000  
48.096036 0.012112  -0.004973  -0.000666  0.778021  0.426878  0.460932  -0.571900  0.784917  0.238402  -0.260025  -0.449089  0.854814  -0.012497  -0.011357  0.015866  -2.074329  0.317417  0.703804  1.000000  
48.097036 0.012099  -0.004986  -0.000646  0.777718  0.428651  0.459796  -0.572664  0.784784  0.237001  -0.259250  -0.447629  0.855814  -0.012615  -0.011568  0.016425  -2.081741  0.315743  0.723010  1.000000  
48.098038 0.012086  -0.004998  -0.000625  0.777531  0.430427  0.458451  -0.573268  0.784822  0.235412  -0.258474  -0.445855  0.856974  -0.012640  -0.011732  0.016971  -2.091136  0.321725  0.732487  1.000000  
48.099038 0.012074  -0.005011  -0.000604  0.777372  0.432247  0.457008  -0.573891  0.784820  0.233893  -0.257570  -0.444094  0.858160  -0.012611  -0.011828  0.017466  -2.106796  0.328452  0.750074  1.000000  
48.100044 0.012062  -0.005023  -0.000583  0.777183  0.433959  0.455704  -0.574494  0.784822  0.232402  -0.256794  -0.442418  0.859257  -0.012626  -0.011959  0.018019  -2.114604  0.330188  0.769221  1.000000  
48.101298 0.012046  -0.005039  -0.000555  0.776930  0.436254  0.453941  -0.575297  0.784829  0.230386  -0.255759  -0.440144  0.860732  -0.012645  -0.012135  0.018625  -2.130354  0.337584  0.786767  1.000000  
48.102539 0.012030  -0.005054  -0.000528  0.776703  0.438588  0.452076  -0.576120  0.784794  0.228441  -0.254595  -0.437880  0.862231  -0.012572  -0.012221  0.019161  -2.140308  0.345964  0.799804  1.000000  
48.103789 0.012016  -0.005070  -0.000501  0.776355  0.441022  0.450302  -0.577101  0.784634  0.226502  -0.253430  -0.435716  0.863669  -0.012435  -0.012308  0.019672  -2.154643  0.349338  0.827436  1.000000  
48.104790 0.012004  -0.005083  -0.000478  0.776216  0.442862  0.448734  -0.577742  0.784576  0.225063  -0.252394  -0.433950  0.864861  -0.012324  -0.012357  0.020123  -2.169942  0.360403  0.847100  1.000000  
48.106036 0.011990  -0.005098  -0.000450  0.775891  0.445329  0.446851  -0.578742  0.784371  0.223201  -0.251100  -0.431791  0.866317  -0.012257  -0.012347  0.020552  -2.181456  0.376039  0.868849  1.000000  
48.107286 0.011976  -0.005113  -0.000423  0.775682  0.447680  0.444859  -0.579582  0.784279  0.221340  -0.249804  -0.429521  0.867819  -0.012147  -0.012392  0.020991  -2.200729  0.387756  0.888296  1.000000  
48.108286 0.011965  -0.005126  -0.000400  0.775511  0.449456  0.443364  -0.580201  0.784243  0.219840  -0.248897  -0.427729  0.868964  -0.012106  -0.012442  0.021308  -2.210250  0.398321  0.899835  1.000000  
48.109536 0.011950  -0.005142  -0.000372  0.775153  0.451855  0.441549  -0.581178  0.784056  0.217920  -0.247731  -0.425540  0.870371  -0.012004  -0.012505  0.021637  -2.221405  0.410216  0.919170  1.000000  
48.110786 0.011935  -0.005157  -0.000345  0.774938  0.454077  0.439642  -0.582015  0.783895  0.216260  -0.246434  -0.423466  0.871749  -0.012009  -0.012503  0.021797  -2.226582  0.425245  0.932575  1.000000  
48.112036 0.011920  -0.005174  -0.000317  0.774654  0.456702  0.437418  -0.583049  0.783645  0.214368  -0.244878  -0.421097  0.873334  -0.011913  -0.012517  0.021931  -2.245720  0.449389  0.958018  1.000000  
48.113036 0.011907  -0.005186  -0.000297  0.774356  0.458615  0.435941  -0.583825  0.783498  0.212790  -0.243970  -0.419289  0.874457  -0.011903  -0.012532  0.021881  -2.254957  0.457176  0.969580  1.000000  
48.114286 0.011891  -0.005202  -0.000271  0.774135  0.460921  0.433898  -0.584658  0.783373  0.210952  -0.242672  -0.416987  0.875918  -0.011987  -0.012511  0.021800  -2.267753  0.472363  0.982458  1.000000  
48.115536 0.011875  -0.005217  -0.000245  0.773842  0.463519  0.431646  -0.585689  0.783106  0.209075  -0.241114  -0.414602  0.877479  -0.012061  -0.012512  0.021835  -2.286656  0.496640  1.007419  1.000000  
48.116543 0.011861  -0.005229  -0.000223  0.773616  0.465650  0.429754  -0.586521  0.782895  0.207531  -0.239815  -0.412608  0.878774  -0.012145  -0.012502  0.021791  -2.306297  0.516057  1.028699  1.000000  
48.117791 0.011843  -0.005244  -0.000197  0.773464  0.468112  0.427346  -0.587409  0.782680  0.205824  -0.238126  -0.410224  0.880348  -0.012314  -0.012402  0.021662  -2.321599  0.546765  1.041668  1.000000  
48.118794 0.011828  -0.005256  -0.000175  0.773233  0.470227  0.425438  -0.588238  0.782459  0.204287  -0.236827  -0.408221  0.881629  -0.012474  -0.012359  0.021651  -2.339243  0.566112  1.056853  1.000000  
48.120042 0.011810  -0.005270  -0.000149  0.772953  0.472882  0.422996  -0.589283  0.782162  0.202408  -0.235136  -0.405717  0.883235  -0.012750  -0.012298  0.021644  -2.352430  0.594227  1.075551  1.000000  
48.121043 0.011795  -0.005282  -0.000127  0.772742  0.474972  0.421036  -0.590128  0.781875  0.201048  -0.233706  -0.403823  0.884482  -0.013002  -0.012280  0.021570  -2.365274  0.617523  1.092305  1.000000  
48.122286 0.011776  -0.005296  -0.000102  0.772530  0.477683  0.418350  -0.591226  0.781444  0.199491  -0.231624  -0.401452  0.886108  -0.013370  -0.012181  0.021369  -2.376795  0.649225  1.113854  1.000000  
48.123287 0.011759  -0.005308  -0.000080  0.772215  0.480010  0.416263  -0.592247  0.781042  0.198032  -0.230061  -0.399454  0.887417  -0.013683  -0.012126  0.021317  -2.389895  0.676765  1.132358  1.000000  
48.124538 0.011739  -0.005323  -0.000055  0.771945  0.482714  0.413628  -0.593303  0.780714  0.196156  -0.228238  -0.396828  0.889064  -0.014112  -0.012085  0.021107  -2.416733  0.705931  1.149769  1.000000  
48.125786 0.011717  -0.005338  -0.000029  0.771794  0.485194  0.411000  -0.594198  0.780456  0.194465  -0.226414  -0.394302  0.890653  -0.014570  -0.012010  0.020999  -2.432101  0.733360  1.159853  1.000000  
48.126786 0.011699  -0.005350  -0.000010  0.771567  0.487290  0.408941  -0.595036  0.780173  0.193035  -0.224980  -0.392274  0.891911  -0.014950  -0.011955  0.020818  -2.449292  0.754632  1.168598  1.000000  
48.128036 0.011677  -0.005365  0.000013  0.771310  0.489950  0.406239  -0.596105  0.779773  0.191346  -0.223024  -0.389748  0.893508  -0.015349  -0.011937  0.020656  -2.461975  0.783158  1.186182  1.000000  
48.129038 0.011658  -0.005377  0.000033  0.771078  0.492028  0.404164  -0.596940  0.779481  0.189926  -0.221589  -0.387709  0.894751  -0.015770  -0.011904  0.020605  -2.470715  0.799026  1.198199  1.000000  
48.130285 0.011634  -0.005393  0.000057  0.770812  0.494664  0.401442  -0.598005  0.779071  0.188249  -0.219632  -0.385169  0.896330  -0.016271  -0.011967  0.020424  -2.487674  0.827753  1.215717  1.000000  
48.131287 0.011615  -0.005405  0.000077  0.770474  0.496876  0.399355  -0.599014  0.778615  0.186925  -0.218065  -0.383240  0.897538  -0.016604  -0.011966  0.020409  -2.490511  0.849208  1.237691  1.000000  
48.132288 0.011596  -0.005418  0.000097  0.770256  0.499016  0.397102  -0.599863  0.778302  0.185500  -0.216498  -0.381089  0.898833  -0.016964  -0.012020  0.020276  -2.500791  0.871956  1.244878  1.000000  
48.133296 0.011575  -0.005430  0.000117  0.769888  0.501314  0.394913  -0.600850  0.777937  0.183830  -0.215061  -0.378812  0.900139  -0.017430  -0.012045  0.020127  -2.517474  0.887644  1.262618  1.000000  
48.134544 0.011549  -0.005446  0.000141  0.769461  0.504121  0.392162  -0.602048  0.777479  0.181836  -0.213231  -0.376016  0.901745  -0.017957  -0.012099  0.019995  -2.540364  0.902201  1.280260  1.000000  
48.135789 0.011523  -0.005461  0.000165  0.769176  0.506745  0.389329  -0.603103  0.777066  0.180099  -0.211270  -0.373333  0.903320  -0.018429  -0.012161  0.019848  -2.555418  0.926292  1.287275  1.000000  
48.137036 0.011496  -0.005477  0.000190  0.768741  0.509430  0.386677  -0.604296  0.776551  0.178310  -0.209438  -0.370742  0.904813  -0.018870  -0.012297  0.019756  -2.565695  0.940844  1.304647  1.000000  
48.138044 0.011475  -0.005490  0.000210  0.768506  0.511471  0.384443  -0.605136  0.776195  0.177008  -0.207868  -0.368672  0.906020  -0.019272  -0.012326  0.019622  -2.573714  0.961254  1.317707  1.000000  
48.139286 0.011447  -0.005507  0.000234  0.768062  0.514131  0.381771  -0.606325  0.775669  0.175234  -0.206035  -0.366068  0.907493  -0.019764  -0.012501  0.019635  -2.586931  0.982943  1.330887  1.000000  
