1-Time 2-Px 3-Py 4-Pz 5-R11 6-R21 7-R31 8-R12 9-R22 10-R32 11-R13 12-R23 13-R33 14-Vx 15-Vy 16-Vz 17-Wx 18-Wy 19-Wz 20-state
27.619913 0.011765  0.002388  -0.036510  0.449149  0.767862  0.456787  -0.883301  0.458489  0.097809  -0.134328  -0.447411  0.884183  0.000359  -0.001333  0.000303  0.079975  -0.202184  -0.094380  1.000000  
27.620954 0.011766  0.002388  -0.036511  0.449141  0.767834  0.456840  -0.883285  0.458542  0.097703  -0.134461  -0.447403  0.884167  0.000383  -0.001255  0.000263  0.080632  -0.199834  -0.093132  1.000000  
27.622198 0.011764  0.002380  -0.036480  0.449132  0.767752  0.456987  -0.883269  0.458584  0.097654  -0.134593  -0.447502  0.884097  0.000265  -0.001578  0.002247  0.080865  -0.191122  -0.096449  1.000000  
27.623448 0.011759  0.002371  -0.036430  0.449132  0.767752  0.456987  -0.883269  0.458584  0.097654  -0.134593  -0.447502  0.884097  -0.001712  -0.005141  0.024848  0.000000  0.000000  0.000000  1.000000  
27.624448 0.011756  0.002366  -0.036399  0.449124  0.767669  0.457134  -0.883253  0.458625  0.097604  -0.134726  -0.447601  0.884026  -0.002104  -0.005164  0.026261  0.000000  0.000000  0.000000  1.000000  
27.625698 0.011751  0.002364  -0.036377  0.449116  0.767587  0.457280  -0.883237  0.458667  0.097554  -0.134858  -0.447700  0.883956  -0.002619  -0.004270  0.024212  0.000000  0.000000  0.000000  1.000000  
27.626953 0.011741  0.002364  -0.036362  0.448918  0.767516  0.457594  -0.883297  0.458592  0.097360  -0.135123  -0.447898  0.883815  -0.003572  -0.003482  0.021958  0.000000  0.000000  0.000000  1.000000  
27.628198 0.011727  0.002361  -0.036345  0.448910  0.767433  0.457741  -0.883281  0.458634  0.097310  -0.135256  -0.447997  0.883744  -0.004689  -0.003259  0.020717  0.000000  0.000000  0.000000  1.000000  
27.629199 0.011720  0.002360  -0.036330  0.448910  0.767378  0.457834  -0.883281  0.458622  0.097366  -0.135256  -0.448104  0.883690  -0.004999  -0.003047  0.019997  0.000000  0.000000  0.000000  1.000000  
27.630450 0.011716  0.002360  -0.036308  0.448901  0.767239  0.458073  -0.883265  0.458652  0.097372  -0.135389  -0.448311  0.883565  -0.004777  -0.002710  0.019777  0.000000  0.000000  0.000000  1.000000  
27.631453 0.011713  0.002360  -0.036287  0.448901  0.767128  0.458259  -0.883265  0.458628  0.097483  -0.135389  -0.448525  0.883456  -0.004609  -0.002441  0.019884  0.000000  0.000000  0.000000  1.000000  
27.632455 0.011707  0.002358  -0.036261  0.448885  0.766963  0.458553  -0.883233  0.458711  0.097384  -0.135654  -0.448723  0.883315  -0.004725  -0.002389  0.020326  0.000000  0.000000  0.000000  1.000000  
27.633708 0.011695  0.002353  -0.036225  0.448877  0.766713  0.458978  -0.883217  0.458718  0.097501  -0.135786  -0.449143  0.883081  -0.005162  -0.002590  0.021112  0.113206  -0.147495  -0.067017  1.000000  
27.634992 0.011681  0.002343  -0.036184  0.448687  0.766613  0.459331  -0.883293  0.458578  0.097468  -0.135919  -0.449456  0.882902  -0.005647  -0.003031  0.022067  0.120298  -0.142399  -0.056809  1.000000  
27.636201 0.011669  0.002328  -0.036132  0.448678  0.766418  0.459663  -0.883277  0.458596  0.097529  -0.136051  -0.449769  0.882722  -0.006445  -0.003865  0.025078  0.132700  -0.138581  -0.054883  1.000000  
27.637449 0.011657  0.002313  -0.036075  0.448678  0.766195  0.460035  -0.883277  0.458549  0.097752  -0.136051  -0.450197  0.882503  -0.007153  -0.004290  0.026095  0.144974  -0.130582  -0.050871  1.000000  
27.638698 0.011646  0.002302  -0.036027  0.448678  0.766028  0.460314  -0.883277  0.458513  0.097919  -0.136051  -0.450519  0.882340  -0.007511  -0.004455  0.026260  0.000000  0.000000  0.000000  1.000000  
27.639705 0.011638  0.002298  -0.036002  0.448687  0.765888  0.460539  -0.883293  0.458424  0.098191  -0.135919  -0.450848  0.882192  -0.007879  -0.004527  0.026202  0.000000  0.000000  0.000000  1.000000  
27.640948 0.011624  0.002294  -0.035978  0.448687  0.765720  0.460818  -0.883293  0.458388  0.098358  -0.135919  -0.451169  0.882028  -0.008332  -0.004696  0.026430  0.000000  0.000000  0.000000  1.000000  
27.641951 0.011610  0.002289  -0.035953  0.448869  0.765458  0.461076  -0.883200  0.458510  0.098619  -0.135919  -0.451490  0.881863  -0.008689  -0.004985  0.027251  0.000000  0.000000  0.000000  1.000000  
27.642956 0.011599  0.002284  -0.035917  0.448869  0.765346  0.461262  -0.883200  0.458486  0.098731  -0.135919  -0.451704  0.881754  -0.008727  -0.005219  0.028994  0.217253  -0.066922  -0.024017  1.000000  
27.644199 0.011590  0.002280  -0.035856  0.449050  0.765084  0.461520  -0.883108  0.458607  0.098993  -0.135919  -0.452025  0.881589  -0.008646  -0.005351  0.031611  0.222322  -0.059597  -0.030357  1.000000  
27.645449 0.011587  0.002279  -0.035783  0.449249  0.764876  0.461671  -0.883048  0.458621  0.099465  -0.135654  -0.452362  0.881457  -0.008575  -0.005405  0.034954  0.226833  -0.043535  -0.031251  1.000000  
27.646449 0.011583  0.002278  -0.035724  0.449439  0.764697  0.461782  -0.882972  0.458700  0.099776  -0.135521  -0.452584  0.881364  -0.008696  -0.005450  0.037513  0.228488  -0.033804  -0.034673  1.000000  
27.647451 0.011572  0.002276  -0.035668  0.449629  0.764574  0.461801  -0.882895  0.458791  0.100032  -0.135389  -0.452699  0.881325  -0.009001  -0.005492  0.039557  0.225554  -0.024787  -0.037838  1.000000  
27.648455 0.011559  0.002271  -0.035617  0.449810  0.764424  0.461873  -0.882803  0.458937  0.100183  -0.135389  -0.452806  0.881270  -0.009250  -0.005545  0.041233  0.222817  -0.020626  -0.042926  1.000000  
27.649701 0.011543  0.002265  -0.035566  0.450000  0.764301  0.461892  -0.882726  0.459028  0.100438  -0.135256  -0.452921  0.881231  -0.009395  -0.005262  0.041985  0.218454  -0.012572  -0.045212  1.000000  
27.650702 0.011532  0.002261  -0.035533  0.450009  0.764272  0.461931  -0.882742  0.458962  0.100599  -0.135123  -0.453036  0.881192  -0.009478  -0.004902  0.041407  0.218932  -0.004417  -0.040422  1.000000  
27.651702 0.011521  0.002258  -0.035500  0.450190  0.764122  0.462003  -0.882650  0.459107  0.100750  -0.135123  -0.453143  0.881137  -0.009477  -0.004146  0.040506  0.221656  0.002673  -0.044816  1.000000  
27.652951 0.011509  0.002254  -0.035458  0.450380  0.763999  0.462021  -0.882573  0.459198  0.101006  -0.134991  -0.453258  0.881098  -0.009576  -0.003523  0.039826  0.226670  0.009797  -0.048880  1.000000  
27.654199 0.011497  0.002249  -0.035414  0.450570  0.763820  0.462132  -0.882496  0.459277  0.101317  -0.134858  -0.453480  0.881004  -0.009677  -0.003366  0.040226  0.231703  0.020936  -0.050900  1.000000  
27.655449 0.011486  0.002244  -0.035370  0.450760  0.763697  0.462150  -0.882420  0.459367  0.101573  -0.134726  -0.453596  0.880965  -0.009561  -0.003414  0.041479  0.232635  0.032071  -0.052913  1.000000  
27.656699 0.011473  0.002240  -0.035321  0.450950  0.763518  0.462261  -0.882343  0.459446  0.101885  -0.134593  -0.453818  0.880871  -0.009305  -0.003364  0.042904  0.234551  0.050348  -0.058989  1.000000  
27.657950 0.011461  0.002237  -0.035259  0.451131  0.763367  0.462333  -0.882250  0.459591  0.102036  -0.134593  -0.453924  0.880816  -0.009180  -0.003159  0.043837  0.235435  0.057468  -0.063027  1.000000  
27.658952 0.011453  0.002235  -0.035206  0.451313  0.763160  0.462497  -0.882157  0.459723  0.102242  -0.134593  -0.454138  0.880706  -0.009300  -0.003006  0.044054  0.240438  0.060599  -0.069119  1.000000  
27.660202 0.011445  0.002233  -0.035141  0.451676  0.762971  0.462455  -0.881971  0.460037  0.102433  -0.134593  -0.454138  0.880706  -0.009617  -0.003115  0.043527  0.234172  0.070859  -0.079275  1.000000  
27.661448 0.011436  0.002231  -0.035086  0.452039  0.762781  0.462412  -0.881785  0.460351  0.102623  -0.134593  -0.454138  0.880706  -0.009799  -0.003143  0.042529  0.226034  0.076488  -0.090731  1.000000  
27.662698 0.011421  0.002231  -0.035040  0.452402  0.762648  0.462278  -0.881599  0.460678  0.102758  -0.134593  -0.454031  0.880761  -0.009791  -0.002906  0.040753  0.000000  0.000000  0.000000  1.000000  
27.663707 0.011407  0.002232  -0.035008  0.452765  0.762514  0.462143  -0.881413  0.461004  0.102892  -0.134593  -0.453924  0.880816  -0.009818  -0.002470  0.039808  0.197395  0.100805  -0.108812  1.000000  
27.664951 0.011391  0.002235  -0.034965  0.453310  0.762341  0.461894  -0.881133  0.461500  0.103066  -0.134593  -0.453711  0.880926  -0.009940  -0.001940  0.039577  0.181138  0.117332  -0.131153  1.000000  
27.665954 0.011380  0.002236  -0.034922  0.453672  0.762263  0.461667  -0.880946  0.461839  0.103144  -0.134593  -0.453497  0.881036  -0.009917  -0.001603  0.040344  0.163893  0.128405  -0.142207  1.000000  
27.666955 0.011371  0.002235  -0.034872  0.453846  0.762252  0.461515  -0.880837  0.462075  0.103022  -0.134726  -0.453275  0.881130  -0.009807  -0.001408  0.041450  0.144448  0.127527  -0.150340  1.000000  
27.667955 0.011364  0.002233  -0.034813  0.454208  0.762174  0.461287  -0.880650  0.462414  0.103100  -0.134726  -0.453061  0.881240  -0.009669  -0.001337  0.043228  0.125935  0.133783  -0.162530  1.000000  
27.669199 0.011356  0.002232  -0.034738  0.454917  0.761905  0.461033  -0.880243  0.463187  0.103101  -0.134991  -0.452724  0.881373  -0.009467  -0.001073  0.045205  0.105270  0.138299  -0.191058  1.000000  
27.670451 0.011346  0.002232  -0.034668  0.455452  0.761703  0.460839  -0.879946  0.463736  0.103169  -0.135123  -0.452502  0.881467  -0.009383  -0.000735  0.046912  0.083619  0.139694  -0.213443  1.000000  
27.671451 0.011336  0.002234  -0.034618  0.455806  0.761596  0.460666  -0.879742  0.464128  0.103141  -0.135256  -0.452280  0.881560  -0.009307  -0.000391  0.047640  0.068266  0.138815  -0.221590  1.000000  
27.672698 0.011326  0.002235  -0.034559  0.456341  0.761449  0.460379  -0.879445  0.464690  0.103152  -0.135389  -0.451951  0.881709  -0.009170  -0.000115  0.047517  0.046655  0.144241  -0.242026  1.000000  
27.673948 0.011319  0.002236  -0.034506  0.456867  0.761217  0.460240  -0.879131  0.465292  0.103114  -0.135654  -0.451720  0.881786  -0.008964  0.000007  0.046702  0.031985  0.141279  -0.256141  1.000000  
27.675198 0.011312  0.002234  -0.034456  0.457583  0.760973  0.459932  -0.878738  0.466010  0.103219  -0.135786  -0.451391  0.881934  -0.008874  0.000089  0.045714  0.010518  0.142627  -0.278334  1.000000  
27.676201 0.011305  0.002232  -0.034416  0.458108  0.760685  0.459885  -0.878423  0.466600  0.103237  -0.136051  -0.451268  0.881957  -0.008831  0.000077  0.045441  -0.003823  0.134095  -0.301042  1.000000  
27.677204 0.011296  0.002230  -0.034372  0.458462  0.760577  0.459713  -0.878218  0.466991  0.103209  -0.136184  -0.451045  0.882050  -0.008716  -0.000031  0.045904  -0.015114  0.129195  -0.311242  1.000000  
27.678448 0.011282  0.002228  -0.034310  0.459168  0.760303  0.459460  -0.877808  0.467762  0.103208  -0.136449  -0.450708  0.882182  -0.008518  -0.000286  0.047380  -0.028325  0.129480  -0.330978  1.000000  
27.679705 0.011268  0.002224  -0.034239  0.459873  0.759973  0.459301  -0.877397  0.468520  0.103263  -0.136714  -0.450477  0.882258  -0.008293  -0.000726  0.049227  -0.042012  0.127891  -0.358089  1.000000  
27.680948 0.011258  0.002220  -0.034159  0.460579  0.759698  0.459049  -0.876986  0.469290  0.103262  -0.136979  -0.450139  0.882390  -0.008130  -0.001082  0.050880  -0.050041  0.127270  -0.385499  1.000000  
27.681956 0.011252  0.002216  -0.034092  0.461292  0.759450  0.458742  -0.876590  0.470006  0.103364  -0.137112  -0.449810  0.882537  -0.007971  -0.001265  0.051914  -0.067980  0.133657  -0.409013  1.000000  
27.683201 0.011243  0.002215  -0.034010  0.462005  0.759202  0.458436  -0.876193  0.470723  0.103466  -0.137244  -0.449480  0.882684  -0.007977  -0.001222  0.052522  -0.080936  0.134103  -0.428654  1.000000  
27.684452 0.011232  0.002216  -0.033935  0.462529  0.759077  0.458114  -0.875875  0.471348  0.103312  -0.137509  -0.449035  0.882869  -0.008089  -0.001091  0.052527  -0.099932  0.129132  -0.449816  1.000000  
27.685452 0.011223  0.002219  -0.033883  0.463062  0.758980  0.457737  -0.875573  0.471920  0.103261  -0.137642  -0.448599  0.883071  -0.008105  -0.000898  0.052333  -0.118471  0.123293  -0.468228  1.000000  
27.686471 0.011214  0.002223  -0.033834  0.463774  0.758730  0.457431  -0.875175  0.472635  0.103362  -0.137774  -0.448269  0.883218  -0.008081  -0.000736  0.052198  -0.135904  0.128535  -0.488258  1.000000  
27.687707 0.011204  0.002229  -0.033771  0.464486  0.758589  0.456941  -0.874777  0.473376  0.103347  -0.137907  -0.447725  0.883473  -0.008138  -0.000508  0.052628  -0.157570  0.133834  -0.508892  1.000000  
27.688949 0.011195  0.002231  -0.033697  0.465557  0.758197  0.456501  -0.874186  0.474416  0.103577  -0.138039  -0.447288  0.883673  -0.008258  -0.000270  0.054151  -0.175859  0.144196  -0.537138  1.000000  
27.690198 0.011185  0.002231  -0.033615  0.466448  0.757902  0.456082  -0.873690  0.475299  0.103712  -0.138172  -0.446851  0.883874  -0.008497  -0.000206  0.056295  -0.189188  0.149365  -0.557360  1.000000  
27.691198 0.011175  0.002229  -0.033547  0.467159  0.757648  0.455777  -0.873290  0.476014  0.103810  -0.138304  -0.446521  0.884020  -0.008672  -0.000234  0.057954  -0.201056  0.152723  -0.576247  1.000000  
27.692449 0.011159  0.002225  -0.033463  0.468049  0.757295  0.455450  -0.872792  0.476884  0.104001  -0.138437  -0.446191  0.884166  -0.008859  -0.000312  0.059974  -0.206340  0.157921  -0.596651  1.000000  
27.693698 0.011142  0.002221  -0.033384  0.468938  0.756886  0.455215  -0.872293  0.477741  0.104250  -0.138569  -0.445968  0.884257  -0.009089  -0.000381  0.060907  -0.205869  0.161831  -0.612070  1.000000  
27.694721 0.011128  0.002218  -0.033323  0.469656  0.756603  0.454945  -0.871907  0.478389  0.104509  -0.138569  -0.445753  0.884366  -0.009305  -0.000333  0.060854  -0.206458  0.165997  -0.622774  1.000000  
27.695955 0.011114  0.002216  -0.033253  0.470724  0.756148  0.454597  -0.871310  0.479414  0.104792  -0.138702  -0.445423  0.884511  -0.009696  -0.000204  0.060294  -0.206814  0.174322  -0.649605  1.000000  
27.697199 0.011100  0.002214  -0.033184  0.471800  0.755666  0.454284  -0.870728  0.480373  0.105237  -0.138702  -0.445208  0.884619  -0.010028  -0.000076  0.059444  -0.201336  0.189054  -0.666577  1.000000  
27.698201 0.011088  0.002214  -0.033131  0.472687  0.755253  0.454049  -0.870225  0.481229  0.105484  -0.138834  -0.444985  0.884711  -0.010315  -0.000032  0.058571  -0.198424  0.198127  -0.684777  1.000000  
27.699203 0.011076  0.002217  -0.033078  0.473583  0.754867  0.453757  -0.869738  0.482032  0.105834  -0.138834  -0.444771  0.884819  -0.010584  0.000054  0.058096  -0.194052  0.209779  -0.700701  1.000000  
27.700206 0.011063  0.002219  -0.033022  0.474478  0.754536  0.453373  -0.869250  0.482847  0.106125  -0.138834  -0.444449  0.884980  -0.010854  0.000024  0.058352  -0.196162  0.219755  -0.710864  1.000000  
27.701453 0.011047  0.002222  -0.032946  0.475542  0.754075  0.453024  -0.868647  0.483870  0.106405  -0.138967  -0.444118  0.885125  -0.011160  -0.000034  0.059302  -0.193237  0.228815  -0.729341  1.000000  
27.702698 0.011031  0.002224  -0.032860  0.476793  0.753596  0.452505  -0.867961  0.485008  0.106823  -0.138967  -0.443689  0.885341  -0.011551  -0.000281  0.060786  -0.194972  0.246007  -0.751704  1.000000  
27.703711 0.011018  0.002225  -0.032785  0.477865  0.753161  0.452098  -0.867371  0.485977  0.107205  -0.138967  -0.443367  0.885502  -0.011987  -0.000449  0.061746  -0.197643  0.265036  -0.772022  1.000000  
27.704950 0.011002  0.002227  -0.032689  0.479124  0.752708  0.451521  -0.866698  0.487063  0.107724  -0.138834  -0.442945  0.885734  -0.012418  -0.000272  0.062744  -0.198943  0.282117  -0.786714  1.000000  
27.705951 0.010987  0.002229  -0.032617  0.480015  0.752370  0.451136  -0.866204  0.487877  0.108011  -0.138834  -0.442623  0.885895  -0.012763  0.000006  0.062992  -0.202504  0.292777  -0.796468  1.000000  
27.707199 0.010966  0.002232  -0.032536  0.481441  0.751839  0.450502  -0.865413  0.489181  0.108457  -0.138834  -0.442086  0.886163  -0.013122  0.000531  0.062835  -0.209834  0.315768  -0.823025  1.000000  
27.708449 0.010943  0.002236  -0.032465  0.482857  0.751222  0.450016  -0.864602  0.490523  0.108857  -0.138967  -0.441647  0.886361  -0.013476  0.001050  0.062328  -0.212524  0.335267  -0.844146  1.000000  
27.709698 0.010922  0.002240  -0.032395  0.484280  0.750631  0.449472  -0.863806  0.491813  0.109360  -0.138967  -0.441217  0.886575  -0.013803  0.001439  0.061975  -0.214109  0.351544  -0.865808  1.000000  
27.710703 0.010906  0.002243  -0.032336  0.485338  0.750158  0.449122  -0.863191  0.492831  0.109632  -0.139099  -0.440886  0.886719  -0.014047  0.001751  0.062029  -0.213728  0.364217  -0.883080  1.000000  
27.711706 0.010891  0.002246  -0.032274  0.486404  0.749712  0.448713  -0.862591  0.493797  0.110007  -0.139099  -0.440564  0.886879  -0.014335  0.002130  0.062541  -0.213118  0.374123  -0.892178  1.000000  
27.712950 0.010871  0.002249  -0.032191  0.487992  0.748930  0.448294  -0.861672  0.495277  0.110555  -0.139232  -0.440233  0.887023  -0.014689  0.002328  0.063591  -0.204215  0.389028  -0.922747  1.000000  
27.714201 0.010850  0.002253  -0.032104  0.489410  0.748276  0.447839  -0.860867  0.496550  0.111112  -0.139232  -0.439910  0.887183  -0.015079  0.002421  0.064932  -0.200270  0.408835  -0.943109  1.000000  
27.715212 0.010832  0.002255  -0.032034  0.490641  0.747694  0.447466  -0.860145  0.497720  0.111474  -0.139364  -0.439579  0.887326  -0.015445  0.002401  0.065877  -0.189755  0.423937  -0.975360  1.000000  
27.716451 0.010808  0.002257  -0.031950  0.491871  0.747109  0.447092  -0.859420  0.498889  0.111834  -0.139497  -0.439247  0.887470  -0.015902  0.002297  0.066402  -0.185365  0.429606  -0.986577  1.000000  
27.717452 0.010790  0.002259  -0.031883  0.493090  0.746439  0.446867  -0.858678  0.500094  0.112151  -0.139762  -0.439016  0.887543  -0.016261  0.002356  0.066288  -0.171498  0.437756  -1.014944  1.000000  
27.718452 0.010771  0.002261  -0.031819  0.494318  0.745851  0.446493  -0.857951  0.501261  0.112509  -0.139894  -0.438684  0.887686  -0.016787  0.002446  0.065578  -0.169379  0.443387  -1.027058  1.000000  
27.719705 0.010746  0.002265  -0.031740  0.495888  0.745079  0.446041  -0.857001  0.502798  0.112887  -0.140159  -0.438237  0.887865  -0.017377  0.002616  0.064370  -0.165282  0.451048  -1.053645  1.000000  
27.720950 0.010720  0.002271  -0.031663  0.497280  0.744461  0.445523  -0.856150  0.504195  0.113110  -0.140424  -0.437682  0.888097  -0.017813  0.002808  0.063636  -0.167980  0.455038  -1.071654  1.000000  
27.722198 0.010693  0.002278  -0.031587  0.499032  0.743662  0.444898  -0.855109  0.505846  0.113618  -0.140557  -0.437135  0.888345  -0.018216  0.003027  0.063264  -0.169441  0.470467  -1.105372  1.000000  
27.723199 0.010670  0.002283  -0.031525  0.500245  0.743089  0.444493  -0.854356  0.507073  0.113807  -0.140822  -0.436687  0.888523  -0.018548  0.003158  0.063736  -0.176199  0.474636  -1.123331  1.000000  
27.724449 0.010642  0.002291  -0.031439  0.501983  0.742307  0.443839  -0.853292  0.508786  0.114147  -0.141087  -0.436024  0.888807  -0.018980  0.003466  0.064805  -0.185897  0.482197  -1.161688  1.000000  
27.725698 0.010614  0.002299  -0.031345  0.503710  0.741438  0.443335  -0.852208  0.510533  0.114444  -0.141484  -0.435460  0.889020  -0.019455  0.003779  0.066085  -0.191239  0.484548  -1.185968  1.000000  
27.726954 0.010587  0.002307  -0.031246  0.505435  0.740619  0.442741  -0.851120  0.512293  0.114677  -0.141881  -0.434788  0.889286  -0.020040  0.004104  0.067468  -0.201821  0.484797  -1.220072  1.000000  
27.728199 0.010560  0.002316  -0.031149  0.507156  0.739741  0.442239  -0.850029  0.514036  0.114970  -0.142279  -0.434223  0.889498  -0.020542  0.004414  0.068255  -0.207149  0.487442  -1.244786  1.000000  
27.729199 0.010536  0.002322  -0.031078  0.508526  0.739019  0.441874  -0.849143  0.515459  0.115141  -0.142676  -0.433766  0.889657  -0.020921  0.004582  0.068371  -0.212078  0.484050  -1.269193  1.000000  
27.730451 0.010505  0.002329  -0.030996  0.510244  0.738081  0.441462  -0.848046  0.517185  0.115494  -0.143073  -0.433310  0.889816  -0.021491  0.004904  0.068119  -0.212925  0.480491  -1.293441  1.000000  
27.731452 0.010480  0.002336  -0.030935  0.511785  0.737245  0.441074  -0.847049  0.518756  0.115754  -0.143471  -0.432853  0.889975  -0.021985  0.005292  0.067625  -0.211747  0.486958  -1.327973  1.000000  
27.732455 0.010454  0.002342  -0.030876  0.513333  0.736436  0.440625  -0.846067  0.520277  0.116115  -0.143735  -0.432404  0.890150  -0.022418  0.005598  0.067172  -0.211330  0.488275  -1.355303  1.000000  
27.733705 0.010422  0.002348  -0.030799  0.515208  0.735403  0.440163  -0.844836  0.522212  0.116390  -0.144265  -0.431831  0.890343  -0.022959  0.005768  0.066899  -0.212505  0.482759  -1.383144  1.000000  
27.734954 0.010390  0.002353  -0.030719  0.516905  0.734472  0.439726  -0.843708  0.523992  0.116571  -0.144795  -0.431257  0.890535  -0.023389  0.005778  0.067104  -0.211933  0.471606  -1.416594  1.000000  
27.736201 0.010358  0.002357  -0.030632  0.518590  0.733508  0.439353  -0.842559  0.525820  0.116650  -0.145456  -0.430674  0.890709  -0.023825  0.005669  0.067824  -0.212589  0.459749  -1.445329  1.000000  
27.737449 0.010324  0.002363  -0.030545  0.520456  0.732460  0.438894  -0.841317  0.527746  0.116919  -0.145986  -0.430100  0.890900  -0.024206  0.005629  0.068589  -0.213340  0.451915  -1.472133  1.000000  
27.738699 0.010290  0.002370  -0.030455  0.522308  0.731430  0.438410  -0.840053  0.529733  0.117021  -0.146648  -0.429409  0.891124  -0.024578  0.005598  0.069112  -0.213829  0.443761  -1.498651  1.000000  
27.739700 0.010263  0.002376  -0.030383  0.523650  0.730648  0.438115  -0.839125  0.531189  0.117081  -0.147177  -0.428943  0.891262  -0.024887  0.005589  0.069092  -0.215531  0.433004  -1.519134  1.000000  
27.740948 0.010231  0.002386  -0.030295  0.525679  0.729583  0.437459  -0.837762  0.533287  0.117306  -0.147706  -0.428152  0.891554  -0.025243  0.005695  0.068561  -0.223244  0.431817  -1.549726  1.000000  
27.741949 0.010205  0.002395  -0.030227  0.527188  0.728737  0.437053  -0.836719  0.534903  0.117388  -0.148236  -0.427577  0.891742  -0.025488  0.005840  0.067985  -0.228985  0.420884  -1.570087  1.000000  
27.742956 0.010178  0.002403  -0.030161  0.528878  0.727807  0.436561  -0.835582  0.536619  0.117660  -0.148633  -0.427010  0.891948  -0.025885  0.005914  0.066982  -0.236728  0.423982  -1.598289  1.000000  
27.744199 0.010144  0.002414  -0.030081  0.530715  0.726807  0.435996  -0.834298  0.538606  0.117688  -0.149294  -0.426209  0.892220  -0.026161  0.006177  0.066416  -0.250552  0.411546  -1.619891  1.000000  
27.745199 0.010115  0.002423  -0.030018  0.532388  0.725891  0.435482  -0.833136  0.540380  0.117789  -0.149823  -0.425526  0.892458  -0.026416  0.006362  0.066320  -0.259253  0.407660  -1.644850  1.000000  
27.746449 0.010079  0.002433  -0.029934  0.534402  0.724800  0.434833  -0.831751  0.542463  0.118002  -0.150353  -0.424733  0.892746  -0.026714  0.006459  0.066749  -0.269795  0.409268  -1.680801  1.000000  
27.747701 0.010042  0.002441  -0.029844  0.536411  0.723703  0.434185  -0.830360  0.544544  0.118213  -0.150882  -0.423940  0.893034  -0.027069  0.006535  0.067964  -0.281599  0.409419  -1.711385  1.000000  
27.748704 0.010013  0.002447  -0.029769  0.538075  0.722721  0.433762  -0.829186  0.546295  0.118374  -0.151411  -0.423364  0.893218  -0.027257  0.006597  0.068692  -0.285985  0.409327  -1.733601  1.000000  
27.749952 0.009976  0.002453  -0.029673  0.540248  0.721448  0.433180  -0.827675  0.548503  0.118735  -0.151940  -0.422679  0.893452  -0.027626  0.006670  0.069723  -0.289499  0.407994  -1.764234  1.000000  
27.750953 0.009946  0.002458  -0.029599  0.541918  0.720486  0.432695  -0.826510  0.550201  0.118993  -0.152336  -0.422111  0.893653  -0.027871  0.006804  0.070056  -0.289910  0.411823  -1.784627  1.000000  
27.751955 0.009916  0.002462  -0.029530  0.543573  0.719490  0.432276  -0.825325  0.551945  0.119150  -0.152865  -0.421534  0.893835  -0.028086  0.006774  0.069998  -0.291360  0.404611  -1.802987  1.000000  
27.753198 0.009878  0.002470  -0.029449  0.545565  0.718367  0.431634  -0.823911  0.554010  0.119348  -0.153394  -0.420740  0.894118  -0.028332  0.006898  0.069514  -0.295353  0.406767  -1.822979  1.000000  
27.754199 0.009848  0.002477  -0.029387  0.547057  0.717507  0.431176  -0.822847  0.555553  0.119512  -0.153791  -0.420172  0.894318  -0.028629  0.006892  0.068812  -0.294161  0.401896  -1.834235  1.000000  
27.755449 0.009810  0.002486  -0.029310  0.549211  0.716258  0.430513  -0.821312  0.557760  0.119794  -0.154320  -0.419377  0.894599  -0.028906  0.006877  0.068030  -0.298383  0.405325  -1.854863  1.000000  
27.756699 0.009773  0.002494  -0.029231  0.551204  0.715150  0.429809  -0.819901  0.559770  0.120084  -0.154716  -0.418591  0.894899  -0.029267  0.006745  0.067492  -0.299723  0.409805  -1.867806  1.000000  
27.757949 0.009735  0.002503  -0.029149  0.553350  0.713888  0.429148  -0.818354  0.561970  0.120360  -0.155245  -0.417796  0.895179  -0.029532  0.006665  0.067487  -0.303332  0.415637  -1.884653  1.000000  
27.759198 0.009696  0.002511  -0.029063  0.555503  0.712651  0.428422  -0.816819  0.564120  0.120732  -0.155642  -0.417010  0.895477  -0.029855  0.006470  0.067847  -0.307581  0.422967  -1.903185  1.000000  
27.760199 0.009663  0.002517  -0.028992  0.557148  0.711705  0.427857  -0.815622  0.565812  0.120905  -0.156038  -0.416331  0.895723  -0.030232  0.006220  0.068451  -0.317559  0.425322  -1.919396  1.000000  
27.761472 0.009620  0.002525  -0.028900  0.559281  0.710425  0.427200  -0.814059  0.568002  0.121172  -0.156567  -0.415535  0.896001  -0.030584  0.006074  0.068801  -0.322537  0.425416  -1.932683  1.000000  
27.762698 0.009578  0.002532  -0.028804  0.561422  0.709222  0.426391  -0.812507  0.570156  0.121466  -0.156963  -0.414639  0.896346  -0.030951  0.006094  0.069320  -0.331305  0.432303  -1.942433  1.000000  
27.763703 0.009544  0.002539  -0.028730  0.563225  0.708144  0.425805  -0.811182  0.571986  0.121720  -0.157359  -0.413960  0.896591  -0.031275  0.006123  0.069244  -0.336551  0.436896  -1.954923  1.000000  
27.764953 0.009502  0.002548  -0.028643  0.565536  0.706842  0.424904  -0.809521  0.574235  0.122193  -0.157624  -0.413073  0.896954  -0.031648  0.006363  0.068524  -0.343726  0.454944  -1.975818  1.000000  
27.765953 0.009468  0.002555  -0.028576  0.567498  0.705635  0.424294  -0.808069  0.576204  0.122528  -0.158020  -0.412393  0.897196  -0.031886  0.006548  0.068101  -0.347482  0.471287  -2.000902  1.000000  
27.766958 0.009433  0.002563  -0.028512  0.569302  0.704573  0.423641  -0.806747  0.577980  0.122872  -0.158284  -0.411723  0.897458  -0.032207  0.006699  0.067848  -0.352792  0.479841  -2.011202  1.000000  
27.768203 0.009390  0.002573  -0.028431  0.571422  0.703287  0.422922  -0.805169  0.580104  0.123219  -0.158681  -0.410934  0.897749  -0.032603  0.006848  0.067884  -0.356726  0.495221  -2.026357  1.000000  
27.769451 0.009346  0.002583  -0.028346  0.573538  0.701995  0.422205  -0.803585  0.582223  0.123563  -0.159077  -0.410145  0.898040  -0.033058  0.006938  0.068475  -0.357626  0.507555  -2.035382  1.000000  
27.770454 0.009311  0.002589  -0.028275  0.575484  0.700715  0.421683  -0.802113  0.584165  0.123958  -0.159473  -0.409574  0.898230  -0.033353  0.006884  0.069057  -0.353550  0.514882  -2.053812  1.000000  
27.771702 0.009267  0.002597  -0.028184  0.577756  0.699289  0.420942  -0.800400  0.586421  0.124383  -0.159869  -0.408784  0.898519  -0.033807  0.006858  0.069844  -0.350334  0.527044  -2.062852  1.000000  
27.772949 0.009222  0.002605  -0.028093  0.580036  0.697889  0.420130  -0.798696  0.588629  0.124901  -0.160134  -0.408004  0.898827  -0.034274  0.006842  0.070417  -0.350678  0.536800  -2.069327  1.000000  
27.774198 0.009175  0.002613  -0.028006  0.582461  0.696328  0.419364  -0.796849  0.591020  0.125405  -0.160530  -0.407214  0.899115  -0.034758  0.006786  0.070508  -0.345222  0.554383  -2.090011  1.000000  
27.775448 0.009127  0.002620  -0.027921  0.584881  0.694758  0.418599  -0.794995  0.593406  0.125905  -0.160926  -0.406424  0.899401  -0.035197  0.006801  0.070112  -0.338820  0.565073  -2.104152  1.000000  
27.776448 0.009088  0.002627  -0.027856  0.586818  0.693530  0.417925  -0.793513  0.595300  0.126312  -0.161190  -0.405751  0.899658  -0.035514  0.006837  0.069673  -0.338020  0.577354  -2.115753  1.000000  
27.777449 0.009050  0.002634  -0.027792  0.588738  0.692264  0.417324  -0.792009  0.597235  0.126620  -0.161586  -0.405070  0.899894  -0.035814  0.006879  0.068657  -0.335773  0.584552  -2.132015  1.000000  
27.778471 0.009012  0.002641  -0.027727  0.590666  0.691025  0.416651  -0.790517  0.599123  0.127021  -0.161850  -0.404397  0.900149  -0.036050  0.006910  0.067972  -0.336600  0.596607  -2.139633  1.000000  
27.779700 0.008963  0.002650  -0.027644  0.593377  0.689147  0.415909  -0.788376  0.601819  0.127583  -0.162378  -0.403597  0.900412  -0.036551  0.006951  0.067777  -0.334581  0.603344  -2.162145  1.000000  
27.780949 0.008914  0.002661  -0.027558  0.595770  0.687540  0.415147  -0.786488  0.604182  0.128065  -0.162774  -0.402806  0.900695  -0.036964  0.007086  0.067918  -0.334365  0.614166  -2.179260  1.000000  
27.781958 0.008875  0.002671  -0.027486  0.597684  0.686332  0.414393  -0.784979  0.606074  0.128384  -0.163038  -0.402023  0.900997  -0.037217  0.007232  0.068398  -0.337225  0.622467  -2.187104  1.000000  
27.783202 0.008824  0.002682  -0.027392  0.600227  0.684585  0.413607  -0.782954  0.608569  0.128945  -0.163434  -0.401231  0.901278  -0.037731  0.007278  0.069281  -0.334799  0.639053  -2.216883  1.000000  
27.784451 0.008773  0.002694  -0.027294  0.602763  0.682829  0.412821  -0.780921  0.611059  0.129502  -0.163830  -0.400439  0.901559  -0.038259  0.007467  0.070172  -0.329357  0.652601  -2.240457  1.000000  
27.785452 0.008732  0.002703  -0.027216  0.604650  0.681469  0.412309  -0.779377  0.612949  0.129863  -0.164226  -0.399866  0.901741  -0.038592  0.007611  0.070602  -0.326198  0.656799  -2.252972  1.000000  
27.786698 0.008680  0.002715  -0.027120  0.607333  0.679571  0.411498  -0.777204  0.615568  0.130498  -0.164622  -0.399073  0.902020  -0.039128  0.007910  0.070920  -0.319595  0.673090  -2.282728  1.000000  
27.787702 0.008637  0.002725  -0.027046  0.609210  0.678198  0.410986  -0.775649  0.617451  0.130855  -0.165018  -0.398499  0.902201  -0.039642  0.008152  0.071004  -0.313457  0.674313  -2.289201  1.000000  
27.788949 0.008582  0.002737  -0.026957  0.611866  0.676250  0.410251  -0.773443  0.620099  0.131387  -0.165546  -0.397697  0.902458  -0.040199  0.008464  0.071120  -0.310142  0.682567  -2.315744  1.000000  
27.789949 0.008537  0.002747  -0.026887  0.613893  0.674737  0.409715  -0.771751  0.622112  0.131824  -0.165942  -0.397123  0.902639  -0.040653  0.008681  0.071265  -0.301924  0.689570  -2.335361  1.000000  
27.791199 0.008480  0.002760  -0.026797  0.616534  0.672720  0.409063  -0.769528  0.624732  0.132425  -0.166470  -0.396430  0.902846  -0.041281  0.009012  0.071787  -0.289946  0.696273  -2.362760  1.000000  
27.792199 0.008433  0.002770  -0.026723  0.618694  0.670982  0.408658  -0.767678  0.626898  0.132923  -0.166997  -0.395957  0.902956  -0.041753  0.009193  0.072340  -0.276094  0.697242  -2.389724  1.000000  
27.793211 0.008388  0.002780  -0.026645  0.620704  0.669450  0.408123  -0.765968  0.628896  0.133354  -0.167393  -0.395382  0.903135  -0.042303  0.009481  0.073363  -0.268662  0.700881  -2.401452  1.000000  
27.794448 0.008330  0.002793  -0.026544  0.623152  0.667504  0.407577  -0.763832  0.631400  0.133770  -0.168053  -0.394680  0.903320  -0.042854  0.009660  0.074425  -0.259797  0.695207  -2.419190  1.000000  
27.795449 0.008283  0.002804  -0.026461  0.625137  0.665876  0.407202  -0.762092  0.633413  0.134179  -0.168580  -0.394205  0.903428  -0.043394  0.009789  0.075458  -0.245441  0.692377  -2.428044  1.000000  
27.796449 0.008235  0.002815  -0.026377  0.627117  0.664291  0.406746  -0.760346  0.635437  0.134510  -0.169108  -0.393621  0.903584  -0.044024  0.009960  0.076491  -0.238103  0.687960  -2.443925  1.000000  
27.797451 0.008187  0.002827  -0.026294  0.629263  0.662553  0.406267  -0.758483  0.637536  0.135093  -0.169503  -0.393156  0.903713  -0.044514  0.010091  0.076974  -0.229836  0.690771  -2.464484  1.000000  
27.798455 0.008138  0.002841  -0.026211  0.631373  0.660741  0.405942  -0.756579  0.639711  0.135489  -0.170163  -0.392672  0.903799  -0.045149  0.010432  0.077473  -0.216997  0.689276  -2.494919  1.000000  
27.799709 0.008076  0.002858  -0.026108  0.633944  0.658624  0.405375  -0.754278  0.642320  0.135979  -0.170822  -0.391969  0.903980  -0.045847  0.010758  0.077679  -0.208085  0.687207  -2.517162  1.000000  
27.800952 0.008014  0.002876  -0.026005  0.636506  0.656448  0.404890  -0.751967  0.644904  0.136544  -0.171481  -0.391375  0.904113  -0.046461  0.011175  0.078158  -0.195152  0.685504  -2.540272  1.000000  
27.801953 0.007964  0.002891  -0.025919  0.638611  0.654697  0.404411  -0.750059  0.647036  0.136950  -0.172008  -0.390790  0.904266  -0.047080  0.011570  0.078819  -0.186402  0.687892  -2.560989  1.000000  
27.803199 0.007898  0.002909  -0.025812  0.641465  0.652284  0.403792  -0.747468  0.649891  0.137598  -0.172667  -0.390086  0.904444  -0.047803  0.011880  0.079898  -0.176511  0.684597  -2.592108  1.000000  
27.804199 0.007845  0.002924  -0.025722  0.643571  0.650600  0.403157  -0.745564  0.651987  0.138012  -0.173063  -0.389400  0.904664  -0.048390  0.012289  0.081328  -0.177376  0.684161  -2.606542  1.000000  
27.805449 0.007778  0.002943  -0.025607  0.646101  0.648436  0.402597  -0.743219  0.654558  0.138489  -0.173721  -0.388696  0.904840  -0.049076  0.012741  0.083129  -0.169563  0.679307  -2.623048  1.000000  
27.806449 0.007725  0.002959  -0.025512  0.648179  0.646605  0.402201  -0.741284  0.656648  0.138966  -0.174248  -0.388220  0.904943  -0.049615  0.013151  0.084678  -0.157830  0.678991  -2.637482  1.000000  
27.807707 0.007659  0.002980  -0.025392  0.650844  0.644337  0.401537  -0.738789  0.659353  0.139442  -0.174907  -0.387406  0.905165  -0.050219  0.013682  0.086272  -0.152504  0.675853  -2.660705  1.000000  
27.808713 0.007606  0.002997  -0.025297  0.653060  0.642404  0.401036  -0.736706  0.661580  0.139917  -0.175434  -0.386820  0.905314  -0.050595  0.014146  0.087203  -0.145164  0.675927  -2.673867  1.000000  
27.809958 0.007539  0.003019  -0.025180  0.655858  0.639930  0.400424  -0.734058  0.664383  0.140550  -0.176093  -0.386115  0.905487  -0.051179  0.014722  0.088205  -0.132049  0.673551  -2.696685  1.000000  
27.811199 0.007472  0.003041  -0.025067  0.658495  0.637631  0.399764  -0.731535  0.667062  0.141016  -0.176751  -0.385300  0.905706  -0.051741  0.015328  0.088819  -0.126765  0.669966  -2.718090  1.000000  
27.812199 0.007418  0.003059  -0.024977  0.660687  0.635672  0.399267  -0.729428  0.669266  0.141485  -0.177278  -0.384713  0.905852  -0.052111  0.015701  0.089280  -0.117934  0.672146  -2.738984  1.000000  
27.813449 0.007351  0.003081  -0.024867  0.663455  0.633214  0.398581  -0.726750  0.672059  0.142027  -0.177936  -0.383898  0.906069  -0.052552  0.016040  0.089647  -0.112919  0.669590  -2.761329  1.000000  
27.814449 0.007296  0.003100  -0.024776  0.665781  0.631148  0.397980  -0.724490  0.674396  0.142492  -0.178463  -0.383201  0.906260  -0.052885  0.016329  0.090194  -0.108268  0.667405  -2.783838  1.000000  
27.815455 0.007242  0.003117  -0.024684  0.668115  0.629108  0.397298  -0.722241  0.676688  0.143042  -0.178858  -0.382513  0.906473  -0.053193  0.016534  0.090811  -0.103943  0.670603  -2.807081  1.000000  
27.816472 0.007187  0.003135  -0.024589  0.670277  0.627164  0.396728  -0.720104  0.678882  0.143419  -0.179384  -0.381816  0.906663  -0.053466  0.016788  0.091525  -0.104231  0.669463  -2.819697  1.000000  
27.817703 0.007116  0.003158  -0.024468  0.673023  0.624701  0.395966  -0.717407  0.681602  0.144037  -0.179911  -0.381009  0.906898  -0.053901  0.017134  0.092507  -0.103250  0.675608  -2.840364  1.000000  
27.818704 0.007060  0.003176  -0.024370  0.675185  0.622728  0.395392  -0.715272  0.683727  0.144580  -0.180306  -0.380431  0.907062  -0.054174  0.017351  0.093243  -0.095627  0.679031  -2.853195  1.000000  
27.819948 0.006988  0.003200  -0.024246  0.678058  0.620150  0.394526  -0.712416  0.686574  0.145189  -0.180832  -0.379513  0.907342  -0.054473  0.017685  0.093859  -0.097286  0.685741  -2.875483  1.000000  
27.820952 0.006931  0.003221  -0.024149  0.680368  0.618150  0.393689  -0.710144  0.688810  0.145728  -0.181095  -0.378724  0.907619  -0.054702  0.017981  0.094081  -0.102192  0.694635  -2.889867  1.000000  
27.822199 0.006860  0.003246  -0.024031  0.683235  0.615632  0.392667  -0.707284  0.691619  0.146331  -0.181490  -0.377705  0.907965  -0.054981  0.018333  0.094025  -0.113010  0.706611  -2.901982  1.000000  
27.823199 0.006803  0.003268  -0.023936  0.685510  0.613530  0.391990  -0.704978  0.693859  0.146857  -0.181885  -0.377016  0.908172  -0.055307  0.018646  0.093917  -0.112312  0.712837  -2.922092  1.000000  
27.824449 0.006732  0.003295  -0.023820  0.688645  0.610702  0.390910  -0.701813  0.696900  0.147610  -0.182279  -0.375997  0.908516  -0.055598  0.019031  0.093758  -0.115920  0.735994  -2.959509  1.000000  
27.825700 0.006661  0.003324  -0.023704  0.691495  0.608135  0.389880  -0.698937  0.699624  0.148367  -0.182542  -0.375096  0.908835  -0.055889  0.019451  0.093795  -0.123070  0.753896  -2.973141  1.000000  
27.826701 0.006602  0.003346  -0.023611  0.693741  0.606052  0.389132  -0.696604  0.701857  0.148796  -0.182937  -0.374297  0.909085  -0.056221  0.019777  0.094167  -0.126144  0.763790  -2.990698  1.000000  
27.827702 0.006544  0.003367  -0.023516  0.695998  0.603949  0.388373  -0.694280  0.704029  0.149393  -0.183200  -0.373616  0.909312  -0.056534  0.019988  0.094511  -0.130810  0.771261  -3.001436  1.000000  
27.828949 0.006470  0.003394  -0.023396  0.698673  0.601495  0.387375  -0.691518  0.706602  0.150054  -0.183463  -0.372715  0.909629  -0.056955  0.020230  0.095193  -0.138419  0.788262  -3.003587  1.000000  
27.830198 0.006396  0.003419  -0.023274  0.701462  0.598896  0.386361  -0.688584  0.709342  0.150617  -0.183858  -0.371694  0.909967  -0.057338  0.020409  0.095623  -0.145253  0.801584  -3.019579  1.000000  
27.831202 0.006336  0.003439  -0.023177  0.703709  0.596802  0.385515  -0.686252  0.711456  0.151286  -0.183989  -0.371022  0.910214  -0.057660  0.020524  0.095765  -0.146406  0.819671  -3.031037  1.000000  
27.832206 0.006275  0.003459  -0.023083  0.705666  0.595040  0.384660  -0.684204  0.713337  0.151707  -0.184121  -0.370240  0.910506  -0.057939  0.020734  0.095513  -0.153499  0.829742  -3.025941  1.000000  
27.833453 0.006199  0.003484  -0.022968  0.708441  0.592399  0.383633  -0.681259  0.715998  0.152426  -0.184384  -0.369338  0.910819  -0.058320  0.020883  0.095013  -0.159235  0.838401  -3.030685  1.000000  
27.834453 0.006139  0.003505  -0.022878  0.710804  0.590179  0.382684  -0.678758  0.718231  0.153073  -0.184515  -0.368555  0.911110  -0.058562  0.020962  0.094455  -0.162550  0.856063  -3.043439  1.000000  
27.835706 0.006063  0.003531  -0.022766  0.713574  0.587551  0.381569  -0.675809  0.720839  0.153864  -0.184647  -0.367662  0.911444  -0.058886  0.021016  0.093759  -0.165702  0.877798  -3.055761  1.000000  
27.836957 0.005988  0.003557  -0.022652  0.716176  0.585071  0.380504  -0.672978  0.723368  0.154399  -0.184910  -0.366648  0.911799  -0.059082  0.021061  0.093428  -0.175172  0.889840  -3.056963  1.000000  
