1-Time 2-Px 3-Py 4-Pz 5-R11 6-R21 7-R31 8-R12 9-R22 10-R32 11-R13 12-R23 13-R33 14-Vx 15-Vy 16-Vz 17-Wx 18-Wy 19-Wz 20-state
190.324260 0.003605  -0.006455  -0.002667  0.450072  0.696620  0.558709  -0.863881  0.498104  0.074850  -0.226153  -0.516346  0.825979  0.000251  0.000255  0.000046  0.000000  0.000000  0.000000  1.000000  
190.325431 0.003606  -0.006455  -0.002667  0.450072  0.696620  0.558709  -0.863881  0.498104  0.074850  -0.226153  -0.516346  0.825979  0.000721  0.000179  0.000369  0.000000  0.000000  0.000000  1.000000  
190.326675 0.003605  -0.006453  -0.002665  0.450250  0.696517  0.558694  -0.863788  0.498247  0.074965  -0.226153  -0.516346  0.825979  -0.000178  0.001045  0.001031  0.000000  0.000000  0.000000  1.000000  
190.327922 0.003605  -0.006450  -0.002663  0.450250  0.696517  0.558694  -0.863788  0.498247  0.074965  -0.226153  -0.516346  0.825979  -0.000154  0.001544  0.001213  0.000000  0.000000  0.000000  1.000000  
190.328922 0.003605  -0.006448  -0.002662  0.450428  0.696483  0.558594  -0.863695  0.498400  0.075020  -0.226153  -0.516246  0.826042  -0.000106  0.001617  0.001113  0.000000  0.000000  0.000000  1.000000  
190.330172 0.003604  -0.006446  -0.002660  0.450428  0.696483  0.558594  -0.863695  0.498400  0.075020  -0.226153  -0.516246  0.826042  -0.000198  0.001551  0.001342  0.000000  0.000000  0.000000  1.000000  
190.331422 0.003602  -0.006443  -0.002658  0.450428  0.696483  0.558594  -0.863695  0.498400  0.075020  -0.226153  -0.516246  0.826042  -0.000421  0.001691  0.001382  0.000000  0.000000  0.000000  1.000000  
190.332676 0.003601  -0.006440  -0.002657  0.450606  0.696380  0.558578  -0.863603  0.498543  0.075135  -0.226153  -0.516246  0.826042  -0.000517  0.001845  0.001268  0.000000  0.000000  0.000000  1.000000  
190.333678 0.003599  -0.006437  -0.002656  0.450606  0.696380  0.558578  -0.863603  0.498543  0.075135  -0.226153  -0.516246  0.826042  -0.000632  0.001936  0.001258  0.000000  0.000000  0.000000  1.000000  
190.334924 0.003598  -0.006435  -0.002655  0.450620  0.696412  0.558527  -0.863629  0.498482  0.075233  -0.226023  -0.516262  0.826068  -0.000707  0.001962  0.001222  0.000000  0.000000  0.000000  1.000000  
190.336180 0.003597  -0.006432  -0.002652  0.450797  0.696309  0.558512  -0.863537  0.498625  0.075348  -0.226023  -0.516262  0.826068  -0.000724  0.002016  0.001289  0.000000  0.000000  0.000000  1.000000  
190.337433 0.003595  -0.006429  -0.002650  0.450797  0.696309  0.558512  -0.863537  0.498625  0.075348  -0.226023  -0.516262  0.826068  -0.000794  0.002046  0.001315  0.000000  0.000000  0.000000  1.000000  
190.338680 0.003594  -0.006425  -0.002648  0.450975  0.696207  0.558496  -0.863444  0.498769  0.075463  -0.226023  -0.516262  0.826068  -0.000799  0.002151  0.001390  0.000000  0.000000  0.000000  1.000000  
190.339930 0.003592  -0.006420  -0.002644  0.450975  0.696207  0.558496  -0.863444  0.498769  0.075463  -0.226023  -0.516262  0.826068  -0.000893  0.002316  0.001528  0.000000  0.000000  0.000000  1.000000  
190.340932 0.003592  -0.006417  -0.002641  0.450975  0.696207  0.558496  -0.863444  0.498769  0.075463  -0.226023  -0.516262  0.826068  -0.000935  0.002513  0.001710  0.000000  0.000000  0.000000  1.000000  
190.342176 0.003591  -0.006411  -0.002636  0.451153  0.696104  0.558481  -0.863351  0.498912  0.075578  -0.226023  -0.516262  0.826068  -0.000913  0.002684  0.001892  0.000000  0.000000  0.000000  1.000000  
190.343424 0.003591  -0.006407  -0.002634  0.451331  0.696001  0.558465  -0.863258  0.499055  0.075693  -0.226023  -0.516262  0.826068  -0.000940  0.002847  0.001892  0.000000  0.000000  0.000000  1.000000  
190.344677 0.003590  -0.006401  -0.002631  0.451331  0.696001  0.558465  -0.863258  0.499055  0.075693  -0.226023  -0.516262  0.826068  -0.000980  0.003088  0.001970  0.000000  0.000000  0.000000  1.000000  
190.345924 0.003588  -0.006396  -0.002629  0.451508  0.695898  0.558449  -0.863165  0.499199  0.075807  -0.226023  -0.516262  0.826068  -0.001025  0.003203  0.001998  0.000000  0.000000  0.000000  1.000000  
190.346924 0.003587  -0.006392  -0.002625  0.451508  0.695966  0.558365  -0.863165  0.499208  0.075747  -0.226023  -0.516161  0.826130  -0.000973  0.003339  0.002231  0.000000  0.000000  0.000000  1.000000  
190.347925 0.003587  -0.006388  -0.002622  0.451686  0.695863  0.558349  -0.863072  0.499351  0.075862  -0.226023  -0.516161  0.826130  -0.000888  0.003442  0.002359  0.000000  0.000000  0.000000  1.000000  
190.349174 0.003586  -0.006383  -0.002616  0.451686  0.695863  0.558349  -0.863072  0.499351  0.075862  -0.226023  -0.516161  0.826130  -0.000820  0.003559  0.002696  0.000000  0.000000  0.000000  1.000000  
190.350424 0.003585  -0.006379  -0.002610  0.451864  0.695761  0.558334  -0.862979  0.499494  0.075977  -0.226023  -0.516161  0.826130  -0.000834  0.003635  0.002931  0.000000  0.000000  0.000000  1.000000  
190.351674 0.003584  -0.006374  -0.002605  0.452055  0.695690  0.558267  -0.862913  0.499576  0.076190  -0.225893  -0.516177  0.826156  -0.000814  0.003758  0.003112  0.000000  0.000000  0.000000  1.000000  
190.352674 0.003583  -0.006371  -0.002601  0.452055  0.695690  0.558267  -0.862913  0.499576  0.076190  -0.225893  -0.516177  0.826156  -0.000797  0.003802  0.003240  0.000000  0.000000  0.000000  1.000000  
190.353924 0.003582  -0.006365  -0.002597  0.452233  0.695587  0.558251  -0.862820  0.499720  0.076305  -0.225893  -0.516177  0.826156  -0.000730  0.003924  0.003264  0.000000  0.000000  0.000000  1.000000  
190.355176 0.003583  -0.006360  -0.002593  0.452425  0.695516  0.558184  -0.862753  0.499802  0.076517  -0.225762  -0.516194  0.826181  -0.000634  0.003947  0.003313  0.000000  0.000000  0.000000  1.000000  
190.356212 0.003582  -0.006356  -0.002591  0.452602  0.695413  0.558168  -0.862660  0.499945  0.076632  -0.225762  -0.516194  0.826181  -0.000645  0.003944  0.003179  0.000000  0.000000  0.000000  1.000000  
190.357435 0.003581  -0.006351  -0.002588  0.452616  0.695445  0.558117  -0.862687  0.499884  0.076730  -0.225632  -0.516210  0.826207  -0.000695  0.003940  0.003160  0.000000  0.000000  0.000000  1.000000  
190.358680 0.003580  -0.006346  -0.002586  0.452794  0.695342  0.558101  -0.862594  0.500027  0.076845  -0.225632  -0.516210  0.826207  -0.000647  0.003952  0.003185  0.000000  0.000000  0.000000  1.000000  
190.359926 0.003578  -0.006343  -0.002584  0.452985  0.695339  0.557949  -0.862527  0.500118  0.076997  -0.225501  -0.516125  0.826295  -0.000716  0.003830  0.003161  0.000000  0.000000  0.000000  1.000000  
190.360927 0.003577  -0.006339  -0.002581  0.452985  0.695339  0.557949  -0.862527  0.500118  0.076997  -0.225501  -0.516125  0.826295  -0.000715  0.003829  0.003160  0.000000  0.000000  0.000000  1.000000  
190.362174 0.003576  -0.006334  -0.002576  0.453177  0.695268  0.557882  -0.862461  0.500200  0.077210  -0.225371  -0.516141  0.826321  -0.000799  0.003793  0.003220  0.000000  0.000000  0.000000  1.000000  
190.363425 0.003574  -0.006329  -0.002571  0.453383  0.695297  0.557679  -0.862421  0.500230  0.077460  -0.225110  -0.516073  0.826435  -0.000863  0.003791  0.003242  0.000000  0.000000  0.000000  1.000000  
190.364427 0.003572  -0.006326  -0.002568  0.453383  0.695297  0.557679  -0.862421  0.500230  0.077460  -0.225110  -0.516073  0.826435  -0.000862  0.003793  0.003085  0.000000  0.000000  0.000000  1.000000  
190.365675 0.003572  -0.006321  -0.002564  0.453588  0.695326  0.557476  -0.862381  0.500261  0.077710  -0.224850  -0.516005  0.826548  -0.000831  0.003779  0.003009  0.000000  0.000000  0.000000  1.000000  
190.366924 0.003572  -0.006316  -0.002561  0.453602  0.695358  0.557424  -0.862407  0.500200  0.077808  -0.224719  -0.516021  0.826574  -0.000768  0.003778  0.002828  0.000000  0.000000  0.000000  1.000000  
190.367924 0.003571  -0.006312  -0.002560  0.453808  0.695387  0.557221  -0.862367  0.500230  0.078057  -0.224459  -0.515952  0.826687  -0.000765  0.003844  0.002699  0.000000  0.000000  0.000000  1.000000  
190.368925 0.003571  -0.006308  -0.002557  0.453822  0.695419  0.557169  -0.862394  0.500169  0.078155  -0.224328  -0.515968  0.826713  -0.000780  0.003845  0.002719  0.000000  0.000000  0.000000  1.000000  
190.370175 0.003571  -0.006302  -0.002554  0.454027  0.695448  0.556966  -0.862353  0.500199  0.078405  -0.224067  -0.515899  0.826826  -0.000796  0.003879  0.002648  0.000000  0.000000  0.000000  1.000000  
190.371426 0.003570  -0.006297  -0.002550  0.454055  0.695580  0.556778  -0.862406  0.500087  0.078540  -0.223807  -0.515831  0.826940  -0.000783  0.003870  0.002758  0.000000  0.000000  0.000000  1.000000  
190.372467 0.003571  -0.006293  -0.002547  0.454261  0.695609  0.556575  -0.862366  0.500117  0.078790  -0.223546  -0.515762  0.827053  -0.000681  0.003860  0.002761  0.000000  0.000000  0.000000  1.000000  
190.373675 0.003570  -0.006289  -0.002543  0.454302  0.695773  0.556336  -0.862445  0.499944  0.079023  -0.223154  -0.515709  0.827192  -0.000655  0.003850  0.002851  0.000000  0.000000  0.000000  1.000000  
190.374677 0.003570  -0.006284  -0.002540  0.454330  0.695905  0.556148  -0.862498  0.499831  0.079158  -0.222894  -0.515641  0.827305  -0.000568  0.003938  0.002948  0.000000  0.000000  0.000000  1.000000  
190.375680 0.003570  -0.006280  -0.002538  0.454549  0.695966  0.555893  -0.862483  0.499801  0.079506  -0.222502  -0.515587  0.827443  -0.000504  0.003934  0.002920  0.000000  0.000000  0.000000  1.000000  
190.376926 0.003569  -0.006276  -0.002534  0.454591  0.696130  0.555653  -0.862562  0.499628  0.079739  -0.222111  -0.515534  0.827581  -0.000424  0.003914  0.002840  0.000000  0.000000  0.000000  1.000000  
190.377927 0.003570  -0.006272  -0.002532  0.454632  0.696361  0.555329  -0.862641  0.499464  0.079912  -0.221720  -0.515381  0.827782  -0.000261  0.003938  0.002706  0.000000  0.000000  0.000000  1.000000  
190.379174 0.003571  -0.006267  -0.002530  0.454865  0.696454  0.555022  -0.862652  0.499373  0.080358  -0.221198  -0.515343  0.827945  -0.000111  0.003976  0.002608  0.000000  0.000000  0.000000  1.000000  
190.380177 0.003572  -0.006263  -0.002529  0.454920  0.696717  0.554646  -0.862757  0.499149  0.080628  -0.220676  -0.515204  0.828171  -0.000047  0.003980  0.002430  0.000000  0.000000  0.000000  1.000000  
190.381425 0.003573  -0.006257  -0.002526  0.455153  0.696878  0.554254  -0.862768  0.499068  0.081014  -0.220154  -0.515066  0.828396  0.000083  0.004093  0.002424  0.000000  0.000000  0.000000  1.000000  
190.382427 0.003574  -0.006252  -0.002524  0.455208  0.697073  0.553962  -0.862872  0.498834  0.081345  -0.219632  -0.515027  0.828558  0.000196  0.004106  0.002436  0.000000  0.000000  0.000000  1.000000  
190.383676 0.003576  -0.006246  -0.002521  0.455290  0.697468  0.553398  -0.863027  0.498498  0.081752  -0.218848  -0.514819  0.828895  0.000376  0.004174  0.002432  -0.069688  0.252491  0.053961  1.000000  
190.384924 0.003577  -0.006241  -0.002515  0.455358  0.697763  0.552970  -0.863157  0.498213  0.082122  -0.218195  -0.514695  0.829144  0.000402  0.004129  0.002621  -0.079423  0.264238  0.069169  1.000000  
190.386174 0.003578  -0.006235  -0.002511  0.455426  0.698124  0.552457  -0.863286  0.497939  0.082431  -0.217543  -0.514470  0.829455  0.000530  0.004184  0.002593  -0.092553  0.277790  0.086113  1.000000  
190.387174 0.003579  -0.006231  -0.002508  0.455481  0.698454  0.551996  -0.863388  0.497725  0.082643  -0.217020  -0.514229  0.829741  0.000515  0.004202  0.002646  -0.104601  0.292646  0.095389  1.000000  
190.388176 0.003579  -0.006227  -0.002505  0.455713  0.698614  0.551602  -0.863397  0.497646  0.083029  -0.216498  -0.514089  0.829965  0.000580  0.004259  0.002643  -0.112698  0.303982  0.102403  1.000000  
190.389188 0.003579  -0.006222  -0.002503  0.455780  0.698908  0.551173  -0.863525  0.497362  0.083399  -0.215844  -0.513964  0.830212  0.000621  0.004297  0.002581  -0.116767  0.322946  0.114121  1.000000  
190.390429 0.003579  -0.006216  -0.002500  0.455861  0.699368  0.550523  -0.863678  0.497038  0.083747  -0.215061  -0.513652  0.830609  0.000630  0.004338  0.002540  -0.135587  0.341153  0.132569  1.000000  
190.391431 0.003580  -0.006212  -0.002497  0.455928  0.699662  0.550094  -0.863805  0.496754  0.084118  -0.214407  -0.513526  0.830855  0.000720  0.004389  0.002501  -0.145286  0.352882  0.147746  1.000000  
190.392681 0.003581  -0.006206  -0.002495  0.456008  0.700121  0.549443  -0.863957  0.496431  0.084467  -0.213623  -0.513213  0.831251  0.000722  0.004453  0.002527  -0.161618  0.372017  0.159514  1.000000  
190.393925 0.003581  -0.006201  -0.002492  0.456088  0.700579  0.548792  -0.864108  0.496107  0.084817  -0.212839  -0.512899  0.831645  0.000727  0.004423  0.002613  -0.175437  0.387716  0.177034  1.000000  
190.394926 0.003581  -0.006197  -0.002489  0.456141  0.700907  0.548329  -0.864209  0.495896  0.085030  -0.212316  -0.512656  0.831929  0.000658  0.004455  0.002711  -0.186113  0.395869  0.182529  1.000000  
190.396182 0.003581  -0.006193  -0.002485  0.456220  0.701365  0.547677  -0.864360  0.495573  0.085380  -0.211531  -0.512342  0.832322  0.000557  0.004361  0.002790  -0.201403  0.410898  0.199112  1.000000  
190.397424 0.003582  -0.006187  -0.002480  0.456478  0.701787  0.546922  -0.864416  0.495406  0.085784  -0.210746  -0.511926  0.832777  0.000550  0.004351  0.002925  -0.217775  0.430175  0.210841  1.000000  
190.398674 0.003583  -0.006181  -0.002476  0.456570  0.702342  0.546132  -0.864590  0.495034  0.086173  -0.209831  -0.511524  0.833255  0.000423  0.004358  0.002978  -0.238193  0.449372  0.222545  1.000000  
190.399675 0.003583  -0.006177  -0.002474  0.456648  0.702799  0.545478  -0.864738  0.494713  0.086525  -0.209046  -0.511207  0.833647  0.000379  0.004359  0.002821  -0.251939  0.461171  0.237605  1.000000  
190.400925 0.003582  -0.006172  -0.002470  0.456739  0.703353  0.544687  -0.864911  0.494342  0.086915  -0.208130  -0.510804  0.834123  0.000264  0.004287  0.002797  -0.266076  0.476457  0.247215  1.000000  
190.402179 0.003582  -0.006167  -0.002466  0.456995  0.703839  0.543844  -0.864965  0.494188  0.087260  -0.207345  -0.510283  0.834637  0.000215  0.004275  0.002772  -0.286314  0.491744  0.256382  1.000000  
190.403427 0.003582  -0.006162  -0.002464  0.457073  0.704425  0.543019  -0.865111  0.493890  0.087493  -0.206559  -0.509762  0.835150  0.000164  0.004200  0.002722  -0.306624  0.507157  0.265598  1.000000  
190.404674 0.003581  -0.006157  -0.002461  0.457163  0.705109  0.542055  -0.865282  0.493542  0.087766  -0.205643  -0.509153  0.835747  0.000099  0.004197  0.002729  -0.330837  0.522355  0.274642  1.000000  
190.405679 0.003580  -0.006153  -0.002458  0.457227  0.705597  0.541366  -0.865404  0.493295  0.087961  -0.204988  -0.508718  0.836173  0.000017  0.004159  0.002802  -0.348463  0.526483  0.284804  1.000000  
190.406680 0.003580  -0.006148  -0.002454  0.457482  0.706014  0.540606  -0.865455  0.493132  0.088367  -0.204202  -0.508296  0.836622  -0.000015  0.004191  0.002907  -0.366194  0.545974  0.288272  1.000000  
190.407927 0.003578  -0.006144  -0.002450  0.457584  0.706661  0.539673  -0.865647  0.492716  0.088800  -0.203154  -0.507800  0.837178  -0.000179  0.004106  0.003016  -0.384008  0.557912  0.303185  1.000000  
190.408929 0.003578  -0.006140  -0.002446  0.457838  0.707077  0.538912  -0.865697  0.492555  0.089207  -0.202368  -0.507377  0.837625  -0.000244  0.004108  0.003042  -0.398849  0.573031  0.304260  1.000000  
190.410179 0.003577  -0.006135  -0.002443  0.457939  0.707788  0.537892  -0.865888  0.492152  0.089581  -0.201320  -0.506777  0.838241  -0.000310  0.004047  0.003043  -0.419240  0.584665  0.310975  1.000000  
190.411427 0.003577  -0.006131  -0.002439  0.458218  0.708462  0.536766  -0.865984  0.491905  0.090008  -0.200271  -0.506074  0.838916  -0.000359  0.004035  0.003018  -0.443827  0.600329  0.320079  1.000000  
190.412428 0.003576  -0.006128  -0.002436  0.458306  0.709074  0.535883  -0.866149  0.491552  0.090345  -0.199353  -0.505560  0.839445  -0.000428  0.003911  0.002992  -0.460716  0.608885  0.324863  1.000000  
190.413674 0.003575  -0.006123  -0.002434  0.458418  0.709813  0.534808  -0.866361  0.491091  0.090821  -0.198173  -0.504971  0.840079  -0.000494  0.003856  0.002839  -0.476617  0.622347  0.333089  1.000000  
190.414924 0.003575  -0.006119  -0.002432  0.458707  0.710514  0.533626  -0.866477  0.490789  0.091350  -0.196993  -0.504277  0.840772  -0.000530  0.003771  0.002740  -0.499463  0.641246  0.336249  1.000000  
190.415924 0.003574  -0.006115  -0.002430  0.458806  0.711219  0.532602  -0.866662  0.490390  0.091729  -0.195943  -0.503671  0.841381  -0.000549  0.003800  0.002665  -0.520002  0.658358  0.345692  1.000000  
190.417179 0.003573  -0.006111  -0.002426  0.459094  0.711983  0.531332  -0.866776  0.490101  0.092199  -0.194762  -0.502873  0.842132  -0.000615  0.003741  0.002666  -0.543052  0.677465  0.348750  1.000000  
190.418179 0.003571  -0.006107  -0.002424  0.459191  0.712750  0.530218  -0.866960  0.489715  0.092520  -0.193712  -0.502162  0.842798  -0.000692  0.003744  0.002713  -0.564817  0.685617  0.361030  1.000000  
190.419181 0.003571  -0.006103  -0.002420  0.459288  0.713515  0.529104  -0.867142  0.489331  0.092843  -0.192662  -0.501450  0.843463  -0.000711  0.003714  0.002771  -0.588705  0.699480  0.369376  1.000000  
190.420181 0.003570  -0.006100  -0.002417  0.459575  0.714274  0.527830  -0.867252  0.489046  0.093315  -0.191480  -0.500647  0.844209  -0.000729  0.003667  0.002796  -0.611482  0.718341  0.372274  1.000000  
190.421427 0.003568  -0.006096  -0.002413  0.459718  0.715289  0.526328  -0.867523  0.488450  0.093921  -0.189904  -0.499778  0.845079  -0.000794  0.003609  0.002799  -0.639925  0.741634  0.385591  1.000000  
190.422434 0.003567  -0.006092  -0.002410  0.459825  0.716144  0.525070  -0.867724  0.488021  0.094287  -0.188722  -0.498971  0.845820  -0.000778  0.003572  0.002713  -0.665571  0.759534  0.395102  1.000000  
190.423677 0.003566  -0.006087  -0.002407  0.460145  0.717118  0.523458  -0.867896  0.487588  0.094945  -0.187145  -0.497995  0.846745  -0.000827  0.003582  0.002722  -0.692802  0.786531  0.402524  1.000000  
190.424678 0.003565  -0.006083  -0.002404  0.460250  0.718096  0.522022  -0.868094  0.487186  0.095196  -0.185962  -0.496979  0.847603  -0.000858  0.003596  0.002637  -0.725480  0.806167  0.413441  1.000000  
190.425680 0.003563  -0.006080  -0.002402  0.460343  0.718915  0.520813  -0.868270  0.486820  0.095466  -0.184910  -0.496153  0.848316  -0.000908  0.003587  0.002614  -0.749899  0.817941  0.419736  1.000000  
190.426926 0.003562  -0.006077  -0.002399  0.460482  0.720044  0.519127  -0.868531  0.486256  0.095962  -0.183332  -0.495067  0.849293  -0.000975  0.003528  0.002616  -0.780134  0.838333  0.438712  1.000000  
190.427926 0.003561  -0.006075  -0.002397  0.460608  0.721014  0.517667  -0.868768  0.485730  0.096478  -0.181885  -0.494171  0.850125  -0.001042  0.003402  0.002590  -0.804584  0.861804  0.451796  1.000000  
190.429178 0.003559  -0.006072  -0.002393  0.460744  0.722200  0.515890  -0.869025  0.485182  0.096919  -0.180306  -0.492976  0.851155  -0.001077  0.003306  0.002642  -0.834288  0.878034  0.460822  1.000000  
190.430181 0.003559  -0.006069  -0.002390  0.460856  0.723134  0.514479  -0.869238  0.484718  0.097337  -0.178989  -0.492063  0.851960  -0.001045  0.003233  0.002701  -0.859068  0.894250  0.469446  1.000000  
190.431424 0.003557  -0.006066  -0.002386  0.461203  0.724306  0.512516  -0.869458  0.484150  0.098191  -0.177015  -0.490897  0.853045  -0.001117  0.003082  0.002800  -0.886966  0.928826  0.488633  1.000000  
190.432429 0.003556  -0.006065  -0.002382  0.461335  0.725296  0.510995  -0.869708  0.483573  0.098814  -0.175434  -0.490003  0.853885  -0.001104  0.002998  0.002877  -0.914719  0.956279  0.503253  1.000000  
190.433674 0.003555  -0.006062  -0.002378  0.461499  0.726622  0.508959  -0.870018  0.482874  0.099509  -0.173458  -0.488726  0.855020  -0.001075  0.002900  0.002903  -0.943719  0.987475  0.520735  1.000000  
190.434924 0.003554  -0.006059  -0.002374  0.461662  0.727943  0.506919  -0.870323  0.482178  0.100206  -0.171481  -0.487445  0.856149  -0.001044  0.002770  0.002931  -0.976403  1.027715  0.542150  1.000000  
190.436178 0.003553  -0.006057  -0.002369  0.461854  0.729413  0.504626  -0.870686  0.481326  0.101152  -0.169108  -0.486089  0.857392  -0.001017  0.002611  0.002931  -1.010035  1.062530  0.569293  1.000000  
190.437428 0.003552  -0.006055  -0.002365  0.461843  0.730915  0.502458  -0.871099  0.480442  0.101797  -0.166997  -0.484705  0.858588  -0.001006  0.002468  0.002983  -1.047623  1.090501  0.591701  1.000000  
190.438678 0.003550  -0.006053  -0.002361  0.462020  0.732343  0.500212  -0.871432  0.479655  0.102650  -0.164754  -0.483327  0.859797  -0.001015  0.002235  0.003033  -1.081360  1.126497  0.618596  1.000000  
190.439680 0.003550  -0.006052  -0.002356  0.462333  0.733364  0.498423  -0.871589  0.479214  0.103377  -0.163038  -0.482214  0.860749  -0.001006  0.002021  0.003214  -1.113316  1.159119  0.627772  1.000000  
190.440930 0.003549  -0.006051  -0.002350  0.462515  0.734873  0.496026  -0.871933  0.478392  0.104280  -0.160662  -0.480732  0.862023  -0.000996  0.001873  0.003424  -1.140976  1.197149  0.648081  1.000000  
190.442179 0.003547  -0.006051  -0.002344  0.462695  0.736375  0.493624  -0.872272  0.477574  0.105188  -0.158284  -0.479245  0.863290  -0.000968  0.001694  0.003571  -1.174641  1.229499  0.672295  1.000000  
190.443425 0.003546  -0.006052  -0.002337  0.462873  0.737811  0.491308  -0.872607  0.476748  0.106158  -0.155906  -0.477856  0.864492  -0.000962  0.001427  0.003892  -1.206704  1.264833  0.690513  1.000000  
190.444435 0.003545  -0.006053  -0.002332  0.463018  0.739033  0.489330  -0.872881  0.476070  0.106940  -0.153923  -0.476643  0.865517  -0.000936  0.001196  0.004019  -1.242133  1.295856  0.713873  1.000000  
190.445438 0.003544  -0.006054  -0.002326  0.463153  0.740162  0.487494  -0.873134  0.475438  0.107681  -0.152072  -0.475520  0.866461  -0.000993  0.000924  0.004202  -1.260705  1.317368  0.724696  1.000000  
190.446680 0.003543  -0.006056  -0.002320  0.463332  0.741730  0.484933  -0.873473  0.474595  0.108648  -0.149559  -0.473916  0.867776  -0.000922  0.000644  0.004333  -1.296573  1.357100  0.752052  1.000000  
190.447930 0.003542  -0.006057  -0.002314  0.463698  0.743223  0.482290  -0.873728  0.473855  0.109823  -0.146912  -0.472315  0.869100  -0.000882  0.000399  0.004411  -1.324156  1.401006  0.766266  1.000000  
190.449180 0.003540  -0.006059  -0.002307  0.463881  0.744864  0.479575  -0.874072  0.472981  0.110845  -0.144265  -0.470602  0.870472  -0.000956  0.000078  0.004621  -1.353704  1.437225  0.784165  1.000000  
190.450430 0.003538  -0.006062  -0.002300  0.464060  0.746440  0.476944  -0.874410  0.472100  0.111930  -0.141616  -0.468987  0.871777  -0.001016  -0.000258  0.004779  -1.382879  1.471196  0.807493  1.000000  
190.451430 0.003536  -0.006064  -0.002294  0.464201  0.747833  0.474619  -0.874676  0.471433  0.112664  -0.139497  -0.467436  0.872951  -0.001073  -0.000531  0.004963  -1.410676  1.499053  0.820259  1.000000  
190.452432 0.003535  -0.006066  -0.002288  0.464520  0.749009  0.472448  -0.874842  0.470896  0.113613  -0.137377  -0.466093  0.874005  -0.001128  -0.000740  0.005173  -1.430642  1.526391  0.825642  1.000000  
190.453679 0.003531  -0.006068  -0.002280  0.464708  0.750679  0.469603  -0.875195  0.469936  0.114860  -0.134461  -0.464371  0.875374  -0.001333  -0.001053  0.005440  -1.459875  1.568642  0.852947  1.000000  
190.454680 0.003529  -0.006071  -0.002271  0.464850  0.751970  0.467393  -0.875463  0.469201  0.115822  -0.132206  -0.463025  0.876430  -0.001396  -0.001210  0.005657  -1.476145  1.601262  0.868130  1.000000  
190.455680 0.003526  -0.006073  -0.002263  0.465178  0.753244  0.465009  -0.875646  0.468584  0.116930  -0.129819  -0.461577  0.877550  -0.001508  -0.001468  0.005886  -1.495476  1.641313  0.879370  1.000000  
190.456927 0.003523  -0.006076  -0.002253  0.465364  0.754921  0.462095  -0.875995  0.467589  0.118295  -0.126767  -0.459843  0.878905  -0.001650  -0.001661  0.006149  -1.520269  1.686549  0.900472  1.000000  
190.457928 0.003519  -0.006079  -0.002244  0.465686  0.756182  0.459702  -0.876166  0.466984  0.119410  -0.124377  -0.458383  0.880009  -0.001829  -0.001859  0.006439  -1.539735  1.722865  0.909333  1.000000  
190.458929 0.003517  -0.006082  -0.002236  0.465825  0.757589  0.457237  -0.876428  0.466244  0.120377  -0.121987  -0.456810  0.881160  -0.001963  -0.001982  0.006601  -1.564006  1.755595  0.923774  1.000000  
190.460182 0.003512  -0.006087  -0.002225  0.466180  0.759257  0.454098  -0.876659  0.465455  0.121737  -0.118932  -0.454841  0.882595  -0.002148  -0.002184  0.006864  -1.595087  1.799526  0.935574  1.000000  
190.461424 0.003508  -0.006091  -0.002214  0.466522  0.760832  0.451101  -0.876869  0.464714  0.123054  -0.116009  -0.452964  0.883949  -0.002360  -0.002408  0.007165  -1.614791  1.826084  0.946166  1.000000  
190.462674 0.003504  -0.006096  -0.002202  0.466702  0.762687  0.447770  -0.877206  0.463695  0.124484  -0.112686  -0.450884  0.885441  -0.002525  -0.002562  0.007552  -1.648865  1.871301  0.964956  1.000000  
190.463674 0.003500  -0.006099  -0.002191  0.467016  0.763995  0.445205  -0.877360  0.463084  0.125665  -0.110160  -0.449293  0.886567  -0.002689  -0.002717  0.007940  -1.666528  1.899588  0.969373  1.000000  
190.464674 0.003496  -0.006103  -0.002181  0.467333  0.765326  0.442579  -0.877521  0.462428  0.126954  -0.107500  -0.447703  0.887697  -0.002887  -0.002899  0.008251  -1.687813  1.940388  0.978606  1.000000  
190.465924 0.003491  -0.006108  -0.002167  0.467687  0.767031  0.439241  -0.877750  0.461524  0.128652  -0.104041  -0.445713  0.889110  -0.003067  -0.003038  0.008690  -1.707577  1.977670  0.985469  1.000000  
190.466924 0.003486  -0.006112  -0.002156  0.467816  0.768387  0.436725  -0.877992  0.460708  0.129914  -0.101379  -0.444217  0.890165  -0.003263  -0.003158  0.009026  -1.718941  2.010257  0.990907  1.000000  
190.468176 0.003480  -0.006117  -0.002141  0.468154  0.770098  0.433337  -0.878190  0.459891  0.131461  -0.098050  -0.442096  0.891592  -0.003508  -0.003355  0.009465  -1.742433  2.051176  0.999229  1.000000  
190.469424 0.003474  -0.006123  -0.002126  0.468480  0.771717  0.430092  -0.878367  0.459121  0.132963  -0.094854  -0.440069  0.892940  -0.003740  -0.003569  0.009856  -1.760214  2.079481  1.002078  1.000000  
190.470434 0.003469  -0.006128  -0.002114  0.468785  0.773088  0.427290  -0.878502  0.458467  0.134320  -0.092057  -0.438342  0.894081  -0.003901  -0.003717  0.010096  -1.778282  2.113744  1.014057  1.000000  
190.471674 0.003462  -0.006134  -0.002099  0.469114  0.774691  0.424013  -0.878683  0.457595  0.136098  -0.088592  -0.436418  0.895372  -0.004021  -0.003858  0.010346  -1.787550  2.149312  1.020503  1.000000  
190.472680 0.003457  -0.006139  -0.002086  0.469229  0.776139  0.421228  -0.878899  0.456798  0.137376  -0.085793  -0.434678  0.896490  -0.004237  -0.004028  0.010728  -1.807858  2.174761  1.028975  1.000000  
190.473928 0.003451  -0.006144  -0.002069  0.469553  0.777851  0.417694  -0.879070  0.455928  0.139159  -0.082193  -0.432525  0.897868  -0.004415  -0.004162  0.011145  -1.831214  2.219377  1.036786  1.000000  
190.474928 0.003445  -0.006149  -0.002054  0.469841  0.779137  0.414964  -0.879174  0.455290  0.140587  -0.079393  -0.430879  0.898910  -0.004541  -0.004252  0.011624  -1.843335  2.244902  1.038957  1.000000  
190.475929 0.003440  -0.006154  -0.002039  0.469944  0.780559  0.412165  -0.879367  0.454516  0.141878  -0.076592  -0.429119  0.899995  -0.004694  -0.004334  0.011995  -1.859445  2.270287  1.046881  1.000000  
190.477179 0.003433  -0.006161  -0.002018  0.470262  0.782294  0.408498  -0.879526  0.453576  0.143888  -0.072722  -0.426949  0.901347  -0.004890  -0.004485  0.012637  -1.875204  2.315635  1.055794  1.000000  
190.478424 0.003425  -0.006167  -0.001996  0.470572  0.784065  0.404727  -0.879671  0.452667  0.145849  -0.068852  -0.424659  0.902731  -0.005121  -0.004611  0.013204  -1.896028  2.350339  1.066546  1.000000  
190.479424 0.003419  -0.006173  -0.001979  0.470670  0.785511  0.401798  -0.879854  0.451819  0.147367  -0.065781  -0.422885  0.903793  -0.005212  -0.004758  0.013713  -1.904224  2.384126  1.077926  1.000000  
190.480674 0.003411  -0.006181  -0.001957  0.470964  0.787183  0.398166  -0.879968  0.450965  0.149287  -0.062043  -0.420682  0.905084  -0.005449  -0.004977  0.014264  -1.919984  2.421557  1.082246  1.000000  
190.481924 0.003402  -0.006189  -0.001933  0.471255  0.788820  0.394565  -0.880076  0.450057  0.151374  -0.058170  -0.418583  0.906314  -0.005620  -0.005202  0.014941  -1.924509  2.460246  1.094444  1.000000  
190.482925 0.003395  -0.006197  -0.001914  0.471334  0.790211  0.391677  -0.880224  0.449287  0.152800  -0.055231  -0.416783  0.907327  -0.005760  -0.005395  0.015390  -1.932859  2.482347  1.099529  1.000000  
190.484176 0.003386  -0.006206  -0.001890  0.471613  0.791826  0.388063  -0.880309  0.448401  0.154897  -0.051356  -0.414666  0.908523  -0.005963  -0.005584  0.016014  -1.945001  2.520247  1.103721  1.000000  
190.485424 0.003376  -0.006216  -0.001865  0.471707  0.793500  0.384513  -0.880483  0.447297  0.157081  -0.047347  -0.412653  0.909657  -0.006203  -0.005869  0.016662  -1.945739  2.551498  1.119556  1.000000  
190.486674 0.003366  -0.006225  -0.001838  0.471790  0.795137  0.381014  -0.880639  0.446253  0.159165  -0.043471  -0.410628  0.910766  -0.006418  -0.006102  0.017449  -1.954185  2.577997  1.125656  1.000000  
190.487712 0.003358  -0.006235  -0.001815  0.472040  0.796455  0.377940  -0.880670  0.445471  0.161172  -0.039995  -0.408919  0.911694  -0.006588  -0.006448  0.018093  -1.956152  2.610750  1.133937  1.000000  
190.488931 0.003348  -0.006245  -0.001785  0.472109  0.798115  0.374333  -0.880800  0.444470  0.163212  -0.036118  -0.406767  0.912818  -0.006843  -0.006750  0.018970  -1.959110  2.641608  1.148615  1.000000  
190.490177 0.003338  -0.006256  -0.001754  0.472172  0.799717  0.370818  -0.880917  0.443461  0.165313  -0.032240  -0.404715  0.913874  -0.007104  -0.007086  0.019835  -1.955787  2.663028  1.153046  1.000000  
190.491178 0.003330  -0.006265  -0.001728  0.472219  0.801002  0.367974  -0.881003  0.442620  0.167094  -0.029030  -0.403092  0.914699  -0.007259  -0.007345  0.020382  -1.956161  2.692140  1.166918  1.000000  
190.492181 0.003321  -0.006275  -0.001702  0.472262  0.802305  0.365070  -0.881084  0.441740  0.168987  -0.025687  -0.401464  0.915515  -0.007456  -0.007662  0.021141  -1.948135  2.714491  1.171193  1.000000  
190.493425 0.003310  -0.006287  -0.001667  0.472308  0.803883  0.361522  -0.881170  0.440648  0.171373  -0.021540  -0.399503  0.916479  -0.007733  -0.007980  0.022057  -1.941196  2.743292  1.184810  1.000000  
190.494426 0.003301  -0.006298  -0.001638  0.472341  0.805193  0.358551  -0.881231  0.439739  0.173383  -0.018062  -0.397862  0.917267  -0.007877  -0.008302  0.022758  -1.937753  2.766917  1.197291  1.000000  
190.495674 0.003289  -0.006310  -0.001602  0.472373  0.806775  0.354935  -0.881291  0.438622  0.175887  -0.013781  -0.395885  0.918197  -0.008121  -0.008573  0.023670  -1.930442  2.791371  1.208614  1.000000  
190.496675 0.003279  -0.006321  -0.001571  0.472392  0.807999  0.352112  -0.881327  0.437758  0.177851  -0.010436  -0.394342  0.918905  -0.008351  -0.008896  0.024540  -1.926604  2.813911  1.213153  1.000000  
190.497924 0.003267  -0.006334  -0.001531  0.472409  0.809517  0.348585  -0.881358  0.436643  0.180419  -0.006155  -0.392460  0.919749  -0.008571  -0.009174  0.025519  -1.911072  2.842575  1.226177  1.000000  
190.499174 0.003254  -0.006347  -0.001490  0.472417  0.811108  0.344856  -0.881373  0.435584  0.182887  -0.001873  -0.390346  0.920666  -0.008815  -0.009461  0.026651  -1.907477  2.875147  1.240636  1.000000  
190.500176 0.003243  -0.006358  -0.001455  0.472417  0.812398  0.341807  -0.881373  0.434679  0.185027  0.001739  -0.388670  0.921375  -0.008988  -0.009675  0.027744  -1.900351  2.900022  1.252863  1.000000  
190.501424 0.003230  -0.006372  -0.001411  0.472409  0.813924  0.338168  -0.881359  0.433623  0.187558  0.006021  -0.386651  0.922206  -0.009237  -0.009966  0.028895  -1.892288  2.922376  1.256417  1.000000  
190.502674 0.003217  -0.006386  -0.001366  0.472393  0.815455  0.334482  -0.881329  0.432648  0.189933  0.010169  -0.384512  0.923064  -0.009432  -0.010097  0.030003  -1.889076  2.943411  1.265142  1.000000  
190.503924 0.003203  -0.006400  -0.001320  0.472370  0.816868  0.331048  -0.881286  0.431685  0.192309  0.014182  -0.382589  0.923810  -0.009659  -0.010361  0.031070  -1.873175  2.955463  1.269962  1.000000  
190.504924 0.003193  -0.006411  -0.001282  0.472344  0.818055  0.328141  -0.881237  0.430843  0.194410  0.017661  -0.380998  0.924407  -0.009829  -0.010453  0.031931  -1.865431  2.975342  1.279917  1.000000  
190.505932 0.003182  -0.006423  -0.001243  0.472494  0.819107  0.325290  -0.881081  0.430154  0.196633  0.021139  -0.379515  0.924944  -0.010003  -0.010693  0.032899  -1.848315  3.002436  1.284237  1.000000  
190.507177 0.003169  -0.006437  -0.001195  0.472443  0.820588  0.321610  -0.880987  0.429045  0.199457  0.025687  -0.377566  0.925626  -0.010137  -0.010821  0.033776  -1.833260  3.021230  1.285524  1.000000  
190.508182 0.003158  -0.006448  -0.001156  0.472400  0.821688  0.318852  -0.880906  0.428250  0.201510  0.029030  -0.376072  0.926136  -0.010245  -0.010938  0.034632  -1.811761  3.029186  1.288587  1.000000  
190.509428 0.003145  -0.006462  -0.001105  0.472337  0.823101  0.315281  -0.880788  0.427253  0.204124  0.033310  -0.374111  0.926785  -0.010427  -0.011036  0.035676  -1.795805  3.046049  1.295194  1.000000  
190.510674 0.003132  -0.006477  -0.001053  0.472442  0.824500  0.311447  -0.880549  0.426376  0.206973  0.037856  -0.372027  0.927450  -0.010460  -0.011132  0.036553  -1.785217  3.071755  1.291422  1.000000  
190.511674 0.003121  -0.006488  -0.001011  0.472379  0.825613  0.308579  -0.880432  0.425635  0.208984  0.041198  -0.370402  0.927957  -0.010537  -0.011136  0.037344  -1.775964  3.080953  1.295121  1.000000  
190.512675 0.003111  -0.006498  -0.000969  0.472306  0.826729  0.305691  -0.880295  0.424789  0.211268  0.044808  -0.368881  0.928396  -0.010523  -0.011078  0.038150  -1.759728  3.103953  1.298351  1.000000  
190.513924 0.003098  -0.006511  -0.000915  0.472389  0.828036  0.302002  -0.880015  0.423967  0.214069  0.049218  -0.366890  0.928962  -0.010555  -0.011068  0.038979  -1.747712  3.123599  1.298500  1.000000  
190.515174 0.003085  -0.006523  -0.000861  0.472278  0.829442  0.298293  -0.879809  0.422945  0.216920  0.053761  -0.364888  0.929498  -0.010545  -0.010937  0.039636  -1.739555  3.142796  1.298599  1.000000  
190.516178 0.003075  -0.006532  -0.000818  0.472360  0.830504  0.295191  -0.879528  0.422284  0.219332  0.057502  -0.363233  0.929922  -0.010494  -0.010838  0.040234  -1.735381  3.168083  1.295243  1.000000  
190.517424 0.003063  -0.006543  -0.000764  0.472240  0.831843  0.291593  -0.879303  0.421373  0.221971  0.061776  -0.361222  0.930431  -0.010437  -0.010697  0.040746  -1.726005  3.168136  1.295578  1.000000  
190.518424 0.003053  -0.006552  -0.000720  0.472320  0.832785  0.288762  -0.879019  0.420834  0.224109  0.065114  -0.359678  0.930802  -0.010382  -0.010519  0.041313  -1.713318  3.175787  1.284819  1.000000  
190.519424 0.003043  -0.006561  -0.000677  0.472201  0.833909  0.285696  -0.878798  0.420032  0.226468  0.068852  -0.358007  0.931177  -0.010308  -0.010346  0.041557  -1.709672  3.199199  1.287991  1.000000  
190.520463 0.003033  -0.006570  -0.000634  0.472085  0.834979  0.282745  -0.878581  0.419324  0.228609  0.072322  -0.356337  0.931554  -0.010247  -0.010134  0.041879  -1.701435  3.211712  1.285423  1.000000  
190.521674 0.003021  -0.006580  -0.000582  0.472101  0.836260  0.278909  -0.878176  0.418505  0.231646  0.076992  -0.354292  0.931960  -0.010190  -0.009845  0.042159  -1.697804  3.239593  1.282435  1.000000  
190.522682 0.003013  -0.006588  -0.000539  0.471961  0.837358  0.275834  -0.877916  0.417734  0.234012  0.080726  -0.352604  0.932284  -0.010093  -0.009626  0.042427  -1.691419  3.256006  1.281234  1.000000  
190.523927 0.003001  -0.006598  -0.000487  0.471968  0.838572  0.272108  -0.877496  0.417025  0.236834  0.085127  -0.350552  0.932666  -0.010003  -0.009342  0.042593  -1.688269  3.262298  1.268295  1.000000  
190.524927 0.002991  -0.006605  -0.000445  0.471819  0.839598  0.269189  -0.877220  0.416288  0.239145  0.088725  -0.348971  0.932924  -0.009889  -0.009070  0.042682  -1.684005  3.272029  1.266054  1.000000  
190.525929 0.002982  -0.006612  -0.000403  0.471670  0.840626  0.266225  -0.876943  0.415629  0.241297  0.092190  -0.347276  0.933220  -0.009774  -0.008797  0.042619  -1.680511  3.279237  1.262290  1.000000  
190.527176 0.002971  -0.006620  -0.000351  0.471647  0.841800  0.262530  -0.876467  0.414886  0.244285  0.096719  -0.345315  0.933490  -0.009722  -0.008492  0.042564  -1.676573  3.291930  1.252354  1.000000  
190.528183 0.002962  -0.006626  -0.000311  0.471472  0.842855  0.259442  -0.876142  0.414166  0.246661  0.100447  -0.343602  0.933728  -0.009538  -0.008117  0.042377  -1.672327  3.301763  1.249613  1.000000  
190.529424 0.002952  -0.006632  -0.000261  0.471424  0.844030  0.255682  -0.875621  0.413409  0.249762  0.105105  -0.341624  0.933941  -0.009393  -0.007750  0.042130  -1.661139  3.320343  1.241446  1.000000  
190.530674 0.002942  -0.006638  -0.000211  0.471186  0.845309  0.251866  -0.875178  0.412523  0.252762  0.109761  -0.339526  0.934171  -0.009275  -0.007397  0.041908  -1.657366  3.327185  1.236062  1.000000  
190.531924 0.002931  -0.006644  -0.000162  0.471131  0.846388  0.248319  -0.874646  0.411843  0.255695  0.114149  -0.337657  0.934322  -0.009093  -0.007001  0.041566  -1.645843  3.344768  1.227884  1.000000  
190.532927 0.002923  -0.006648  -0.000122  0.470933  0.847354  0.245383  -0.874277  0.411177  0.258018  0.117737  -0.336042  0.934459  -0.008986  -0.006649  0.041292  -1.637981  3.359547  1.227134  1.000000  
190.534175 0.002914  -0.006652  -0.000074  0.470666  0.848600  0.241559  -0.873782  0.410331  0.261024  0.122386  -0.333925  0.934621  -0.008809  -0.006255  0.040938  -1.637179  3.372294  1.225453  1.000000  
190.535425 0.002904  -0.006657  -0.000025  0.470577  0.849671  0.237943  -0.873186  0.409650  0.264070  0.126899  -0.332034  0.934692  -0.008645  -0.005812  0.040721  -1.629110  3.382402  1.221904  1.000000  
190.536426 0.002896  -0.006660  0.000015  0.470528  0.850548  0.234887  -0.872664  0.409151  0.266556  0.130615  -0.330399  0.934760  -0.008492  -0.005444  0.040432  -1.629685  3.390507  1.211628  1.000000  
190.537431 0.002889  -0.006662  0.000054  0.470301  0.851481  0.231942  -0.872243  0.408525  0.268884  0.134195  -0.328766  0.934829  -0.008322  -0.005073  0.040240  -1.627105  3.399543  1.207413  1.000000  
190.538696 0.002880  -0.006665  0.000102  0.470195  0.852503  0.228377  -0.871617  0.407919  0.271821  0.138569  -0.326866  0.934857  -0.008155  -0.004588  0.039842  -1.623054  3.406559  1.195517  1.000000  
190.539927 0.002872  -0.006668  0.000150  0.470070  0.853562  0.224645  -0.870956  0.407320  0.274820  0.143073  -0.324841  0.934884  -0.007948  -0.004165  0.039635  -1.616311  3.415392  1.190856  1.000000  
190.540928 0.002866  -0.006669  0.000188  0.469821  0.854470  0.221695  -0.870496  0.406725  0.277150  0.146648  -0.323195  0.934901  -0.007784  -0.003814  0.039442  -1.612511  3.421506  1.186845  1.000000  
