1-Time 2-Px 3-Py 4-Pz 5-R11 6-R21 7-R31 8-R12 9-R22 10-R32 11-R13 12-R23 13-R33 14-Vx 15-Vy 16-Vz 17-Wx 18-Wy 19-Wz 20-state
78.562398 -0.004472  -0.011836  0.014296  0.475735  0.739082  0.476901  -0.852262  0.521417  0.042108  -0.217543  -0.426477  0.877948  -0.000000  0.000374  -0.000301  0.000000  0.000000  0.000000  1.000000  
78.563569 -0.004471  -0.011835  0.014296  0.475735  0.739082  0.476901  -0.852262  0.521417  0.042108  -0.217543  -0.426477  0.877948  0.000694  0.001341  -0.000831  0.000000  0.000000  0.000000  1.000000  
78.564817 -0.004464  -0.011826  0.014284  0.475735  0.739082  0.476901  -0.852262  0.521417  0.042108  -0.217543  -0.426477  0.877948  0.003638  0.004446  -0.005539  0.000000  0.000000  0.000000  1.000000  
78.565830 -0.004456  -0.011818  0.014273  0.475735  0.739082  0.476901  -0.852262  0.521417  0.042108  -0.217543  -0.426477  0.877948  0.004700  0.005518  -0.007260  0.000000  0.000000  0.000000  1.000000  
78.567068 -0.004451  -0.011811  0.014262  0.475735  0.739140  0.476811  -0.852262  0.521422  0.042045  -0.217543  -0.426370  0.878000  0.004697  0.005654  -0.007588  0.000000  0.000000  0.000000  1.000000  
78.568075 -0.004447  -0.011808  0.014258  0.475735  0.739140  0.476811  -0.852262  0.521422  0.042045  -0.217543  -0.426370  0.878000  0.004496  0.005222  -0.006972  0.000000  0.000000  0.000000  1.000000  
78.569327 -0.004443  -0.011803  0.014253  0.475735  0.739197  0.476721  -0.852262  0.521427  0.041982  -0.217543  -0.426264  0.878051  0.004196  0.004916  -0.006488  0.000000  0.000000  0.000000  1.000000  
78.570568 -0.004440  -0.011796  0.014247  0.475735  0.739255  0.476632  -0.852262  0.521432  0.041919  -0.217543  -0.426157  0.878103  0.004010  0.005099  -0.006239  0.000000  0.000000  0.000000  1.000000  
78.571814 -0.004436  -0.011786  0.014240  0.475735  0.739255  0.476632  -0.852262  0.521432  0.041919  -0.217543  -0.426157  0.878103  0.003877  0.005461  -0.006152  0.000000  0.000000  0.000000  1.000000  
78.573063 -0.004433  -0.011778  0.014230  0.475749  0.739341  0.476485  -0.852288  0.521388  0.041958  -0.217412  -0.426064  0.878181  0.003686  0.005553  -0.006320  0.000000  0.000000  0.000000  1.000000  
78.574063 -0.004429  -0.011771  0.014223  0.475749  0.739341  0.476485  -0.852288  0.521388  0.041958  -0.217412  -0.426064  0.878181  0.003712  0.005703  -0.006360  0.000000  0.000000  0.000000  1.000000  
78.575063 -0.004425  -0.011763  0.014215  0.475764  0.739426  0.476338  -0.852313  0.521343  0.041997  -0.217281  -0.425970  0.878259  0.003728  0.005845  -0.006513  0.000000  0.000000  0.000000  1.000000  
78.576069 -0.004422  -0.011756  0.014206  0.475764  0.739484  0.476248  -0.852313  0.521348  0.041934  -0.217281  -0.425863  0.878311  0.003686  0.005950  -0.006669  0.000000  0.000000  0.000000  1.000000  
78.577312 -0.004414  -0.011743  0.014191  0.475764  0.739484  0.476248  -0.852313  0.521348  0.041934  -0.217281  -0.425863  0.878311  0.003902  0.006318  -0.007168  0.000000  0.000000  0.000000  1.000000  
78.578314 -0.004406  -0.011730  0.014173  0.475764  0.739542  0.476158  -0.852313  0.521353  0.041871  -0.217281  -0.425757  0.878362  0.004440  0.007066  -0.008277  0.000000  0.000000  0.000000  1.000000  
78.579565 -0.004392  -0.011712  0.014151  0.475764  0.739600  0.476069  -0.852313  0.521358  0.041808  -0.217281  -0.425650  0.878414  0.004865  0.007782  -0.008992  0.000000  0.000000  0.000000  1.000000  
78.580814 -0.004379  -0.011693  0.014134  0.475764  0.739657  0.475979  -0.852313  0.521363  0.041744  -0.217281  -0.425544  0.878465  0.005137  0.008394  -0.009244  0.000000  0.000000  0.000000  1.000000  
78.581819 -0.004374  -0.011680  0.014126  0.475764  0.739657  0.475979  -0.852313  0.521363  0.041744  -0.217281  -0.425544  0.878465  0.005221  0.008873  -0.009241  0.000000  0.000000  0.000000  1.000000  
78.583066 -0.004368  -0.011667  0.014117  0.475939  0.739665  0.475791  -0.852215  0.521526  0.041716  -0.217281  -0.425330  0.878569  0.005261  0.009379  -0.009411  0.000000  0.000000  0.000000  1.000000  
78.584075 -0.004363  -0.011656  0.014108  0.475939  0.739665  0.475791  -0.852215  0.521526  0.041716  -0.217281  -0.425330  0.878569  0.005447  0.010004  -0.009801  0.000000  0.000000  0.000000  1.000000  
78.585320 -0.004355  -0.011640  0.014092  0.475925  0.739695  0.475758  -0.852190  0.521580  0.041550  -0.217412  -0.425211  0.878594  0.005725  0.010568  -0.010489  0.000000  0.000000  0.000000  1.000000  
78.586570 -0.004347  -0.011624  0.014072  0.475925  0.739753  0.475669  -0.852190  0.521585  0.041487  -0.217412  -0.425105  0.878646  0.006006  0.010995  -0.011367  0.000000  0.000000  0.000000  1.000000  
78.587814 -0.004340  -0.011611  0.014049  0.475911  0.739783  0.475636  -0.852164  0.521640  0.041321  -0.217543  -0.424985  0.878671  0.006286  0.011363  -0.012272  0.000000  0.000000  0.000000  1.000000  
78.589063 -0.004333  -0.011597  0.014026  0.475911  0.739783  0.475636  -0.852164  0.521640  0.041321  -0.217543  -0.424985  0.878671  0.006447  0.011665  -0.013203  0.000000  0.000000  0.000000  1.000000  
78.590063 -0.004326  -0.011586  0.014010  0.475911  0.739841  0.475547  -0.852164  0.521645  0.041258  -0.217543  -0.424879  0.878723  0.006580  0.011850  -0.013670  0.000000  0.000000  0.000000  1.000000  
78.591319 -0.004317  -0.011569  0.013990  0.475911  0.739841  0.475547  -0.852164  0.521645  0.041258  -0.217543  -0.424879  0.878723  0.006929  0.012350  -0.014264  0.000000  0.000000  0.000000  1.000000  
78.592563 -0.004307  -0.011551  0.013971  0.476072  0.739706  0.475595  -0.852041  0.521847  0.041253  -0.217673  -0.424866  0.878696  0.007042  0.012676  -0.014389  0.000000  0.000000  0.000000  1.000000  
78.593563 -0.004300  -0.011537  0.013958  0.476072  0.739706  0.475595  -0.852041  0.521847  0.041253  -0.217673  -0.424866  0.878696  0.006748  0.012628  -0.014017  0.000000  0.000000  0.000000  1.000000  
78.594813 -0.004291  -0.011519  0.013944  0.476058  0.739678  0.475653  -0.852016  0.521897  0.041150  -0.217804  -0.424853  0.878670  0.006516  0.012550  -0.013598  0.000000  0.000000  0.000000  1.000000  
78.596065 -0.004284  -0.011502  0.013933  0.476233  0.739570  0.475644  -0.851918  0.522049  0.041248  -0.217804  -0.424853  0.878670  0.006202  0.012447  -0.013332  0.000000  0.000000  0.000000  1.000000  
78.597315 -0.004280  -0.011489  0.013923  0.476233  0.739570  0.475644  -0.851918  0.522049  0.041248  -0.217804  -0.424853  0.878670  0.006074  0.012438  -0.013333  0.000000  0.000000  0.000000  1.000000  
78.598317 -0.004277  -0.011478  0.013910  0.476409  0.739463  0.475636  -0.851819  0.522201  0.041346  -0.217804  -0.424853  0.878670  0.006046  0.012408  -0.013645  0.000000  0.000000  0.000000  1.000000  
78.599319 -0.004272  -0.011468  0.013893  0.476409  0.739463  0.475636  -0.851819  0.522201  0.041346  -0.217804  -0.424853  0.878670  0.005976  0.012335  -0.014134  0.000000  0.000000  0.000000  1.000000  
78.600566 -0.004265  -0.011453  0.013870  0.476570  0.739328  0.475685  -0.851696  0.522403  0.041341  -0.217934  -0.424841  0.878644  0.005902  0.012284  -0.014605  0.000000  0.000000  0.000000  1.000000  
78.601567 -0.004260  -0.011442  0.013849  0.476570  0.739328  0.475685  -0.851696  0.522403  0.041341  -0.217934  -0.424841  0.878644  0.005808  0.012128  -0.014842  0.000000  0.000000  0.000000  1.000000  
78.602569 -0.004256  -0.011432  0.013831  0.476745  0.739220  0.475676  -0.851598  0.522555  0.041439  -0.217934  -0.424841  0.878644  0.005704  0.012116  -0.014772  0.000000  0.000000  0.000000  1.000000  
78.603820 -0.004251  -0.011420  0.013812  0.476920  0.739113  0.475668  -0.851500  0.522707  0.041537  -0.217934  -0.424841  0.878644  0.005573  0.012037  -0.014539  0.000000  0.000000  0.000000  1.000000  
78.605063 -0.004245  -0.011405  0.013796  0.477081  0.738977  0.475716  -0.851376  0.522909  0.041533  -0.218065  -0.424828  0.878618  0.005379  0.011973  -0.014291  0.000000  0.000000  0.000000  1.000000  
78.606063 -0.004240  -0.011392  0.013783  0.477081  0.738919  0.475806  -0.851376  0.522904  0.041596  -0.218065  -0.424935  0.878566  0.005209  0.011957  -0.014074  0.000000  0.000000  0.000000  1.000000  
78.607313 -0.004233  -0.011376  0.013767  0.477257  0.738812  0.475798  -0.851278  0.523056  0.041694  -0.218065  -0.424935  0.878566  0.005030  0.011864  -0.013863  0.000000  0.000000  0.000000  1.000000  
78.608329 -0.004227  -0.011363  0.013752  0.477432  0.738646  0.475879  -0.851180  0.523203  0.041855  -0.218065  -0.425041  0.878515  0.004921  0.011763  -0.013918  0.000000  0.000000  0.000000  1.000000  
78.609563 -0.004222  -0.011349  0.013733  0.477768  0.738403  0.475919  -0.850957  0.523557  0.041949  -0.218195  -0.425028  0.878488  0.004704  0.011561  -0.014300  0.000000  0.000000  0.000000  1.000000  
78.610563 -0.004218  -0.011338  0.013717  0.477943  0.738238  0.476000  -0.850859  0.523704  0.042110  -0.218195  -0.425135  0.878437  0.004610  0.011344  -0.014813  0.000000  0.000000  0.000000  1.000000  
78.611813 -0.004214  -0.011326  0.013695  0.478118  0.738130  0.475991  -0.850761  0.523856  0.042208  -0.218195  -0.425135  0.878437  0.004502  0.011235  -0.015614  0.000000  0.000000  0.000000  1.000000  
78.613063 -0.004211  -0.011313  0.013670  0.478469  0.737914  0.475974  -0.850564  0.524160  0.042404  -0.218195  -0.425135  0.878437  0.004453  0.011191  -0.016269  0.000000  0.000000  0.000000  1.000000  
78.614063 -0.004208  -0.011303  0.013650  0.478644  0.737748  0.476054  -0.850465  0.524306  0.042566  -0.218195  -0.425242  0.878385  0.004344  0.011153  -0.016581  0.000000  0.000000  0.000000  1.000000  
78.615070 -0.004205  -0.011291  0.013629  0.478819  0.737640  0.476046  -0.850367  0.524458  0.042664  -0.218195  -0.425242  0.878385  0.004243  0.011205  -0.016705  0.000000  0.000000  0.000000  1.000000  
78.616073 -0.004202  -0.011279  0.013611  0.478994  0.737532  0.476037  -0.850268  0.524610  0.042762  -0.218195  -0.425242  0.878385  0.004013  0.011233  -0.016558  0.000000  0.000000  0.000000  1.000000  
78.617317 -0.004199  -0.011264  0.013592  0.479344  0.737316  0.476019  -0.850071  0.524914  0.042958  -0.218195  -0.425242  0.878385  0.003892  0.011336  -0.016295  0.000000  0.000000  0.000000  1.000000  
78.618317 -0.004197  -0.011253  0.013579  0.479504  0.737180  0.476068  -0.849947  0.525115  0.042953  -0.218326  -0.425229  0.878359  0.003732  0.011452  -0.015990  0.000000  0.000000  0.000000  1.000000  
78.619564 -0.004194  -0.011236  0.013562  0.479854  0.737022  0.475961  -0.849749  0.525424  0.043086  -0.218326  -0.425122  0.878410  0.003596  0.011694  -0.016089  0.000000  0.000000  0.000000  1.000000  
78.620814 -0.004188  -0.011217  0.013539  0.480204  0.736805  0.475943  -0.849551  0.525727  0.043282  -0.218326  -0.425122  0.878410  0.003503  0.011903  -0.016533  0.049932  0.049232  -0.163737  1.000000  
78.622063 -0.004183  -0.011198  0.013512  0.480379  0.736697  0.475934  -0.849453  0.525879  0.043380  -0.218326  -0.425122  0.878410  0.003410  0.012055  -0.017251  0.051036  0.055765  -0.166496  1.000000  
78.623313 -0.004177  -0.011180  0.013484  0.480554  0.736646  0.475836  -0.849354  0.526036  0.043414  -0.218326  -0.425016  0.878462  0.003351  0.012209  -0.017898  0.047377  0.056212  -0.167865  1.000000  
78.624563 -0.004175  -0.011166  0.013454  0.480729  0.736538  0.475827  -0.849255  0.526187  0.043512  -0.218326  -0.425016  0.878462  0.003156  0.012225  -0.018604  0.048898  0.063200  -0.171984  1.000000  
78.625813 -0.004172  -0.011150  0.013425  0.481078  0.736379  0.475720  -0.849057  0.526496  0.043644  -0.218326  -0.424909  0.878513  0.003049  0.012351  -0.019234  0.046333  0.066135  -0.178081  1.000000  
78.626813 -0.004171  -0.011137  0.013403  0.481253  0.736328  0.475621  -0.848958  0.526653  0.043678  -0.218326  -0.424803  0.878565  0.002853  0.012639  -0.019495  0.043763  0.069062  -0.184160  1.000000  
78.628064 -0.004170  -0.011120  0.013376  0.481428  0.736220  0.475612  -0.848859  0.526804  0.043776  -0.218326  -0.424803  0.878565  0.002720  0.012947  -0.019573  0.043766  0.069066  -0.184171  1.000000  
78.629313 -0.004170  -0.011102  0.013350  0.481428  0.736278  0.475523  -0.848859  0.526810  0.043712  -0.218326  -0.424696  0.878617  0.002543  0.013222  -0.019563  0.039362  0.068487  -0.182660  1.000000  
78.630320 -0.004168  -0.011087  0.013332  0.481603  0.736227  0.475425  -0.848759  0.526967  0.043746  -0.218326  -0.424589  0.878668  0.002415  0.013368  -0.019474  0.035615  0.073074  -0.182174  1.000000  
78.631568 -0.004166  -0.011068  0.013310  0.481777  0.736176  0.475326  -0.848660  0.527123  0.043780  -0.218326  -0.424483  0.878720  0.002323  0.013656  -0.019539  0.033052  0.076011  -0.188282  1.000000  
78.632817 -0.004164  -0.011048  0.013286  0.481952  0.736183  0.475139  -0.848561  0.527286  0.043750  -0.218326  -0.424270  0.878823  0.002261  0.014085  -0.020057  0.024896  0.075982  -0.188277  1.000000  
78.633818 -0.004162  -0.011031  0.013265  0.482112  0.736104  0.475099  -0.848436  0.527492  0.043681  -0.218457  -0.424150  0.878848  0.002279  0.014375  -0.020577  0.020663  0.071334  -0.188684  1.000000  
78.635066 -0.004156  -0.011008  0.013235  0.482287  0.736110  0.474911  -0.848337  0.527654  0.043651  -0.218457  -0.423937  0.878951  0.002356  0.014675  -0.021225  0.012692  0.075941  -0.188274  1.000000  
78.636314 -0.004151  -0.010984  0.013204  0.482636  0.736008  0.474715  -0.848138  0.527968  0.043719  -0.218457  -0.423724  0.879053  0.002306  0.014977  -0.021725  0.001972  0.078872  -0.194376  1.000000  
78.637316 -0.004147  -0.010967  0.013179  0.482811  0.736015  0.474527  -0.848039  0.528130  0.043688  -0.218457  -0.423511  0.879156  0.002229  0.015142  -0.021860  -0.006181  0.078841  -0.194367  1.000000  
78.638563 -0.004145  -0.010948  0.013150  0.482986  0.736079  0.474250  -0.847940  0.528297  0.043594  -0.218457  -0.423191  0.879310  0.002145  0.015383  -0.021831  -0.022293  0.082200  -0.190875  1.000000  
78.639563 -0.004143  -0.010933  0.013129  0.483320  0.736006  0.474023  -0.847715  0.528665  0.043494  -0.218587  -0.422858  0.879438  0.002083  0.015524  -0.021718  -0.033186  0.081734  -0.200520  1.000000  
78.640563 -0.004142  -0.010916  0.013108  0.483495  0.736012  0.473835  -0.847616  0.528827  0.043464  -0.218587  -0.422645  0.879540  0.002022  0.015864  -0.021488  -0.045419  0.081722  -0.200526  1.000000  
78.641813 -0.004139  -0.010895  0.013083  0.483829  0.735938  0.473608  -0.847391  0.529195  0.043364  -0.218718  -0.422312  0.879668  0.002129  0.016140  -0.021313  -0.057637  0.077632  -0.202490  1.000000  
78.643063 -0.004136  -0.010873  0.013057  0.484178  0.735893  0.473322  -0.847192  0.529514  0.043366  -0.218718  -0.421992  0.879821  0.002277  0.016448  -0.021258  -0.072447  0.080552  -0.208616  1.000000  
78.644065 -0.004133  -0.010856  0.013034  0.484512  0.735819  0.473095  -0.846967  0.529882  0.043266  -0.218848  -0.421659  0.879948  0.002457  0.016681  -0.021454  -0.083124  0.079361  -0.216585  1.000000  
78.645313 -0.004129  -0.010834  0.013006  0.485021  0.735693  0.472770  -0.846642  0.530406  0.043199  -0.218979  -0.421219  0.880126  0.002589  0.016872  -0.021754  -0.095613  0.080459  -0.228859  1.000000  
78.646563 -0.004124  -0.010811  0.012974  0.485529  0.735566  0.472445  -0.846317  0.530930  0.043131  -0.219109  -0.420780  0.880304  0.002819  0.017116  -0.022380  -0.110285  0.079294  -0.236872  1.000000  
78.647568 -0.004119  -0.010793  0.012949  0.485863  0.735491  0.472218  -0.846092  0.531298  0.043030  -0.219240  -0.420447  0.880431  0.003056  0.017313  -0.022838  -0.121857  0.082812  -0.244874  1.000000  
78.648569 -0.004114  -0.010774  0.012922  0.486371  0.735307  0.471983  -0.845766  0.531816  0.043026  -0.219370  -0.420114  0.880557  0.003210  0.017434  -0.023245  -0.128476  0.081620  -0.252917  1.000000  
78.649816 -0.004108  -0.010750  0.012891  0.486878  0.735236  0.471569  -0.845440  0.532345  0.042893  -0.219501  -0.419567  0.880785  0.003268  0.017508  -0.023347  -0.144620  0.082651  -0.264874  1.000000  
78.650819 -0.004105  -0.010731  0.012867  0.487560  0.734998  0.471236  -0.845013  0.533020  0.042920  -0.219632  -0.419127  0.880962  0.003220  0.017479  -0.023263  -0.159050  0.085042  -0.281156  1.000000  
78.652069 -0.004101  -0.010709  0.012840  0.488240  0.734817  0.470814  -0.844586  0.533700  0.042883  -0.219762  -0.418580  0.881190  0.003165  0.017480  -0.023001  -0.174856  0.089652  -0.301367  1.000000  
78.653314 -0.004099  -0.010688  0.012814  0.488921  0.734691  0.470303  -0.844158  0.534384  0.042780  -0.219893  -0.417926  0.881468  0.003067  0.017577  -0.022758  -0.190701  0.094231  -0.321662  1.000000  
78.654318 -0.004098  -0.010671  0.012794  0.489428  0.734618  0.469890  -0.843831  0.534912  0.042644  -0.220023  -0.417379  0.881694  0.003094  0.017723  -0.022671  -0.208020  0.095899  -0.335792  1.000000  
78.655563 -0.004096  -0.010650  0.012768  0.490281  0.734381  0.469371  -0.843301  0.535748  0.042635  -0.220154  -0.416724  0.881971  0.003050  0.017792  -0.022645  -0.220493  0.102499  -0.359168  1.000000  
78.656563 -0.004094  -0.010631  0.012746  0.490961  0.734196  0.468950  -0.842872  0.536426  0.042595  -0.220284  -0.416177  0.882197  0.003101  0.017937  -0.022865  -0.235597  0.104989  -0.376345  1.000000  
78.657813 -0.004089  -0.010606  0.012714  0.491640  0.734124  0.468351  -0.842442  0.537115  0.042423  -0.220415  -0.415415  0.882524  0.003209  0.018109  -0.023273  -0.259567  0.109493  -0.396617  1.000000  
78.659063 -0.004085  -0.010582  0.012682  0.492477  0.733969  0.467714  -0.841884  0.538007  0.042179  -0.220676  -0.414533  0.882873  0.003240  0.018297  -0.023463  -0.280445  0.115665  -0.430991  1.000000  
78.660064 -0.004082  -0.010563  0.012657  0.493170  0.733866  0.467145  -0.841478  0.538643  0.042172  -0.220676  -0.413891  0.883174  0.003156  0.018398  -0.023665  -0.296328  0.124209  -0.449411  1.000000  
78.661313 -0.004079  -0.010538  0.012625  0.494006  0.733651  0.466598  -0.840919  0.539529  0.041991  -0.220937  -0.413115  0.883472  0.003061  0.018508  -0.023674  -0.312030  0.126392  -0.473734  1.000000  
78.662563 -0.004077  -0.010514  0.012595  0.494856  0.733463  0.465992  -0.840385  0.540367  0.041911  -0.221067  -0.412353  0.883796  0.002837  0.018568  -0.023611  -0.330211  0.133609  -0.499871  1.000000  
78.663566 -0.004075  -0.010494  0.012573  0.495533  0.733329  0.465484  -0.839952  0.541049  0.041799  -0.221198  -0.411697  0.884069  0.002633  0.018645  -0.023269  -0.341788  0.137923  -0.519931  1.000000  
78.664817 -0.004076  -0.010471  0.012546  0.496382  0.733195  0.464790  -0.839416  0.541892  0.041650  -0.221328  -0.410826  0.884441  0.002156  0.018611  -0.022962  -0.362949  0.150305  -0.548755  1.000000  
78.665820 -0.004076  -0.010453  0.012525  0.497058  0.733059  0.464282  -0.838981  0.542573  0.041536  -0.221459  -0.410170  0.884713  0.001842  0.018613  -0.022786  -0.374591  0.154600  -0.568957  1.000000  
78.667069 -0.004078  -0.010431  0.012498  0.497907  0.732922  0.463589  -0.838443  0.543415  0.041385  -0.221589  -0.409299  0.885083  0.001554  0.018532  -0.022836  -0.389737  0.160400  -0.590553  1.000000  
78.668319 -0.004079  -0.010409  0.012470  0.498769  0.732812  0.462835  -0.837930  0.544210  0.041334  -0.221589  -0.408440  0.885480  0.001356  0.018624  -0.022986  -0.408717  0.169937  -0.613775  1.000000  
78.669565 -0.004080  -0.010386  0.012439  0.499616  0.732728  0.462053  -0.837391  0.545056  0.041114  -0.221720  -0.407461  0.885899  0.001164  0.018740  -0.023407  -0.428560  0.178116  -0.632262  1.000000  
78.670567 -0.004080  -0.010367  0.012414  0.500306  0.732727  0.461309  -0.836979  0.545699  0.040965  -0.221720  -0.406601  0.886294  0.001003  0.018794  -0.023655  -0.444356  0.186294  -0.650686  1.000000  
78.671815 -0.004080  -0.010342  0.012382  0.501152  0.732640  0.460528  -0.836439  0.546544  0.040741  -0.221850  -0.405621  0.886710  0.000786  0.018917  -0.023771  -0.464157  0.194406  -0.669146  1.000000  
78.673063 -0.004079  -0.010316  0.012351  0.502013  0.732635  0.459597  -0.835922  0.547348  0.040551  -0.221850  -0.404545  0.887201  0.000624  0.019036  -0.023757  -0.488171  0.200842  -0.682005  1.000000  
78.674063 -0.004078  -0.010295  0.012330  0.502701  0.732630  0.458853  -0.835509  0.547990  0.040398  -0.221850  -0.403684  0.887593  0.000418  0.019115  -0.023410  -0.505343  0.210100  -0.692412  1.000000  
78.675063 -0.004078  -0.010275  0.012309  0.503389  0.732678  0.458020  -0.835094  0.548638  0.040177  -0.221850  -0.402714  0.888034  0.000297  0.019224  -0.023203  -0.528373  0.218227  -0.702570  1.000000  
78.676065 -0.004078  -0.010254  0.012289  0.504248  0.732557  0.457268  -0.834576  0.549431  0.040115  -0.221850  -0.401853  0.888424  0.000048  0.019302  -0.022797  -0.544086  0.230353  -0.719109  1.000000  
78.677312 -0.004079  -0.010228  0.012264  0.505107  0.732601  0.456249  -0.834056  0.550238  0.039852  -0.221850  -0.400667  0.888959  -0.000159  0.019386  -0.022456  -0.567448  0.240384  -0.729823  1.000000  
78.678313 -0.004080  -0.010207  0.012244  0.505793  0.732700  0.455328  -0.833640  0.550890  0.039559  -0.221850  -0.399588  0.889445  -0.000322  0.019413  -0.022307  -0.590179  0.242570  -0.736081  1.000000  
78.679317 -0.004081  -0.010188  0.012223  0.506651  0.732629  0.454487  -0.833119  0.551687  0.039426  -0.221850  -0.398617  0.889880  -0.000402  0.019510  -0.022256  -0.611330  0.251684  -0.746492  1.000000  
78.680322 -0.004082  -0.010169  0.012200  0.507337  0.732726  0.453566  -0.832701  0.552338  0.039130  -0.221850  -0.397537  0.890363  -0.000366  0.019540  -0.022333  -0.636567  0.261198  -0.748994  1.000000  
78.681568 -0.004082  -0.010146  0.012170  0.508365  0.732702  0.452451  -0.832074  0.553300  0.038885  -0.221850  -0.396241  0.890941  -0.000293  0.019674  -0.022564  -0.662109  0.270194  -0.759771  1.000000  
78.682816 -0.004083  -0.010121  0.012139  0.509222  0.732790  0.451345  -0.831550  0.554110  0.038544  -0.221850  -0.394944  0.891517  -0.000302  0.019818  -0.022817  -0.685884  0.276855  -0.764035  1.000000  
78.683820 -0.004084  -0.010101  0.012115  0.510077  0.732766  0.450417  -0.831026  0.554911  0.038336  -0.221850  -0.393862  0.891995  -0.000274  0.019941  -0.022875  -0.707791  0.282474  -0.768724  1.000000  
78.685065 -0.004083  -0.010076  0.012085  0.510932  0.732849  0.449311  -0.830500  0.555721  0.037991  -0.221850  -0.392563  0.892567  -0.000199  0.020059  -0.022761  -0.726606  0.288481  -0.773330  1.000000  
78.686314 -0.004083  -0.010050  0.012057  0.511958  0.732870  0.448108  -0.829868  0.556686  0.037668  -0.221850  -0.391155  0.893185  -0.000225  0.020133  -0.022433  -0.753603  0.294490  -0.777980  1.000000  
78.687315 -0.004083  -0.010029  0.012037  0.512812  0.732894  0.447092  -0.829341  0.557491  0.037385  -0.221850  -0.389963  0.893706  -0.000301  0.020128  -0.022151  -0.770818  0.303333  -0.788655  1.000000  
78.688316 -0.004083  -0.010008  0.012017  0.513665  0.732861  0.446164  -0.828813  0.558290  0.037168  -0.221850  -0.388879  0.894179  -0.000336  0.020153  -0.021948  -0.785508  0.309429  -0.793203  1.000000  
78.689562 -0.004084  -0.009983  0.011992  0.514859  0.732812  0.444867  -0.828072  0.559409  0.036861  -0.221850  -0.387360  0.894838  -0.000454  0.020117  -0.021805  -0.806799  0.318252  -0.803533  1.000000  
78.690563 -0.004085  -0.009962  0.011971  0.515882  0.732767  0.443755  -0.827435  0.560368  0.036595  -0.221850  -0.386057  0.895401  -0.000485  0.020111  -0.021922  -0.832371  0.326855  -0.814952  1.000000  
78.691813 -0.004087  -0.009937  0.011944  0.516903  0.732827  0.442465  -0.826797  0.561335  0.036190  -0.221850  -0.384536  0.896055  -0.000528  0.020095  -0.022093  -0.854677  0.332687  -0.818932  1.000000  
78.693063 -0.004088  -0.009911  0.011914  0.518264  0.732759  0.440984  -0.825945  0.562611  0.035827  -0.221850  -0.382796  0.896800  -0.000579  0.020095  -0.022367  -0.887279  0.347960  -0.835022  1.000000  
78.694063 -0.004090  -0.009891  0.011890  0.519284  0.732758  0.439784  -0.825304  0.563573  0.035483  -0.221850  -0.381381  0.897402  -0.000599  0.020132  -0.022574  -0.911832  0.352416  -0.846877  1.000000  
78.695313 -0.004092  -0.009866  0.011861  0.520473  0.732903  0.438134  -0.824555  0.564706  0.034884  -0.221850  -0.379421  0.898233  -0.000703  0.020236  -0.022628  -0.949118  0.360559  -0.857810  1.000000  
78.696563 -0.004096  -0.009841  0.011832  0.522000  0.732757  0.436558  -0.823589  0.566135  0.034528  -0.221850  -0.377568  0.899013  -0.000902  0.020319  -0.022530  -0.979325  0.374129  -0.881008  1.000000  
78.697587 -0.004099  -0.009820  0.011811  0.523017  0.732745  0.435360  -0.822944  0.567094  0.034173  -0.221850  -0.376150  0.899607  -0.001063  0.020337  -0.022199  -1.005613  0.382693  -0.892599  1.000000  
78.698824 -0.004103  -0.009795  0.011786  0.524371  0.732811  0.433616  -0.822081  0.568379  0.033580  -0.221850  -0.374076  0.900472  -0.001317  0.020420  -0.021896  -1.042055  0.393540  -0.910290  1.000000  
78.700067 -0.004107  -0.009768  0.011760  0.525894  0.732649  0.432043  -0.821108  0.569806  0.033209  -0.221850  -0.372218  0.901241  -0.001627  0.020501  -0.021713  -1.068822  0.403001  -0.935913  1.000000  
78.701317 -0.004112  -0.009743  0.011735  0.527245  0.732599  0.430478  -0.820241  0.571080  0.032743  -0.221850  -0.370359  0.902007  -0.002010  0.020445  -0.021532  -1.096638  0.413658  -0.953210  1.000000  
78.702566 -0.004118  -0.009717  0.011708  0.528595  0.732491  0.429003  -0.819371  0.572350  0.032341  -0.221850  -0.368608  0.902724  -0.002320  0.020467  -0.021617  -1.116451  0.420170  -0.972411  1.000000  
78.703815 -0.004124  -0.009692  0.011680  0.530113  0.732313  0.427433  -0.818391  0.573773  0.031953  -0.221850  -0.366746  0.903482  -0.002729  0.020393  -0.021766  -1.138882  0.429258  -0.997929  1.000000  
78.705063 -0.004132  -0.009668  0.011650  0.531628  0.732180  0.425775  -0.817407  0.575199  0.031489  -0.221850  -0.364772  0.904281  -0.003115  0.020327  -0.022071  -1.158248  0.437266  -1.021148  1.000000  
78.706063 -0.004138  -0.009649  0.011626  0.532822  0.732150  0.424332  -0.816665  0.576271  0.031155  -0.221720  -0.363137  0.904971  -0.003499  0.020208  -0.022316  -1.183635  0.445224  -1.032387  1.000000  
78.707313 -0.004146  -0.009625  0.011597  0.534334  0.732057  0.422587  -0.815676  0.577698  0.030610  -0.221720  -0.361051  0.905805  -0.003940  0.020140  -0.022338  -1.209191  0.454725  -1.060453  1.000000  
78.708313 -0.004153  -0.009605  0.011574  0.535509  0.731991  0.421212  -0.814905  0.578809  0.030166  -0.221720  -0.359402  0.906461  -0.004360  0.020027  -0.022287  -1.229037  0.461058  -1.079759  1.000000  
78.709564 -0.004163  -0.009582  0.011548  0.536850  0.731955  0.419564  -0.814022  0.580079  0.029593  -0.221720  -0.357422  0.907243  -0.004898  0.019945  -0.022037  -1.250503  0.464353  -1.093108  1.000000  
78.710813 -0.004174  -0.009558  0.011524  0.538207  0.732040  0.417673  -0.813162  0.581316  0.028975  -0.221589  -0.355231  0.908135  -0.005289  0.019903  -0.021745  -1.274661  0.473022  -1.107973  1.000000  
78.712069 -0.004184  -0.009532  0.011501  0.539378  0.732162  0.415945  -0.812385  0.582437  0.028235  -0.221589  -0.353137  0.908951  -0.005841  0.019898  -0.021387  -1.301752  0.473623  -1.115311  1.000000  
78.713315 -0.004194  -0.009507  0.011477  0.540732  0.732235  0.414055  -0.811520  0.583672  0.027605  -0.221459  -0.350942  0.909833  -0.006209  0.019864  -0.021266  -1.329235  0.483127  -1.132775  1.000000  
78.714563 -0.004204  -0.009482  0.011452  0.542067  0.732325  0.412145  -0.810629  0.584947  0.026797  -0.221459  -0.348623  0.910724  -0.006527  0.019819  -0.021215  -1.362635  0.485974  -1.146172  1.000000  
78.715570 -0.004212  -0.009462  0.011432  0.543085  0.732476  0.410534  -0.809983  0.585868  0.026200  -0.221328  -0.346755  0.911469  -0.006897  0.019730  -0.021187  -1.390111  0.491995  -1.154704  1.000000  
78.716816 -0.004222  -0.009438  0.011407  0.544418  0.732503  0.408715  -0.809088  0.587137  0.025452  -0.221328  -0.344542  0.912307  -0.007213  0.019586  -0.021174  -1.415815  0.494855  -1.168389  1.000000  
78.718065 -0.004233  -0.009416  0.011382  0.545600  0.732671  0.406833  -0.808327  0.588215  0.024715  -0.221198  -0.342339  0.913168  -0.007585  0.019405  -0.020968  -1.437619  0.497778  -1.170473  1.000000  
78.719067 -0.004242  -0.009398  0.011363  0.546598  0.732634  0.405559  -0.807652  0.589162  0.024217  -0.221198  -0.340787  0.913748  -0.007821  0.019244  -0.020658  -1.454923  0.497373  -1.174555  1.000000  
78.720069 -0.004252  -0.009382  0.011345  0.547612  0.732668  0.404128  -0.807001  0.590073  0.023745  -0.221067  -0.339135  0.914394  -0.008093  0.019050  -0.020264  -1.465564  0.502094  -1.179866  1.000000  
78.721313 -0.004266  -0.009363  0.011326  0.548940  0.732575  0.402489  -0.806098  0.591330  0.023120  -0.221067  -0.337137  0.915133  -0.008509  0.018735  -0.019531  -1.478934  0.500923  -1.183608  1.000000  
78.722313 -0.004278  -0.009347  0.011312  0.549936  0.732527  0.401217  -0.805419  0.592274  0.022611  -0.221067  -0.335583  0.915704  -0.008779  0.018488  -0.019017  -1.485502  0.501528  -1.190621  1.000000  
78.723313 -0.004290  -0.009333  0.011299  0.550764  0.732597  0.399950  -0.804853  0.593066  0.022017  -0.221067  -0.334027  0.916272  -0.009117  0.018160  -0.018310  -1.494421  0.496115  -1.182701  1.000000  
78.724563 -0.004306  -0.009315  0.011284  0.552089  0.732394  0.398493  -0.803945  0.594315  0.021523  -0.221067  -0.332249  0.916919  -0.009478  0.017787  -0.017574  -1.488820  0.496216  -1.189981  1.000000  
78.725563 -0.004318  -0.009300  0.011272  0.552916  0.732409  0.397316  -0.803376  0.595102  0.020994  -0.221067  -0.330802  0.917442  -0.009752  0.017472  -0.017028  -1.483726  0.489280  -1.178241  1.000000  
78.726813 -0.004334  -0.009281  0.011260  0.554057  0.732344  0.395846  -0.802554  0.596236  0.020236  -0.221198  -0.328900  0.918094  -0.010152  0.017069  -0.016361  -1.486932  0.481662  -1.177938  1.000000  
78.728069 -0.004350  -0.009261  0.011246  0.555378  0.732175  0.394303  -0.801640  0.597483  0.019656  -0.221198  -0.327006  0.918770  -0.010558  0.016666  -0.015628  -1.481238  0.477757  -1.175693  1.000000  
78.729313 -0.004367  -0.009241  0.011235  0.556532  0.732173  0.392677  -0.800839  0.598581  0.018918  -0.221198  -0.324999  0.919482  -0.011068  0.016310  -0.014688  -1.485309  0.471590  -1.167005  1.000000  
78.730317 -0.004382  -0.009225  0.011227  0.557669  0.731950  0.391477  -0.800012  0.599703  0.018364  -0.221328  -0.323427  0.920005  -0.011454  0.016143  -0.014017  -1.486577  0.466588  -1.172640  1.000000  
78.731586 -0.004401  -0.009204  0.011220  0.558986  0.731814  0.389849  -0.799092  0.600948  0.017697  -0.221328  -0.321418  0.920709  -0.012135  0.015855  -0.012630  -1.493816  0.463885  -1.172883  1.000000  
78.732817 -0.004422  -0.009183  0.011215  0.560284  0.731743  0.388116  -0.798146  0.602230  0.016777  -0.221459  -0.319174  0.921458  -0.012777  0.015779  -0.011321  -1.508320  0.454914  -1.169822  1.000000  
78.733818 -0.004439  -0.009166  0.011213  0.561270  0.731703  0.386765  -0.797454  0.603164  0.016159  -0.221459  -0.317497  0.922037  -0.013370  0.015723  -0.010175  -1.513754  0.450437  -1.164165  1.000000  
78.735065 -0.004462  -0.009146  0.011212  0.562565  0.731574  0.385124  -0.796504  0.604440  0.015302  -0.221589  -0.315361  0.922738  -0.013950  0.015738  -0.008883  -1.519395  0.441283  -1.160486  1.000000  
78.736070 -0.004479  -0.009128  0.011212  0.563531  0.731548  0.383757  -0.795784  0.605406  0.014503  -0.221720  -0.313560  0.923320  -0.014392  0.015901  -0.007722  -1.524762  0.428256  -1.157918  1.000000  
78.737314 -0.004501  -0.009108  0.011211  0.565005  0.731308  0.382045  -0.794739  0.606794  0.013815  -0.221720  -0.311432  0.924040  -0.014941  0.016007  -0.006614  -1.529156  0.425746  -1.159119  1.000000  
78.738315 -0.004519  -0.009090  0.011211  0.565986  0.731298  0.380609  -0.794040  0.607724  0.013108  -0.221720  -0.309638  0.924643  -0.015294  0.016242  -0.005734  -1.534630  0.423952  -1.160975  1.000000  
78.739563 -0.004540  -0.009068  0.011211  0.567439  0.731068  0.378884  -0.792966  0.609143  0.012234  -0.221850  -0.307384  0.925363  -0.015690  0.016456  -0.004779  -1.537707  0.418006  -1.165356  1.000000  
78.740813 -0.004562  -0.009045  0.011212  0.568907  0.730809  0.377177  -0.791913  0.610525  0.011529  -0.221850  -0.305251  0.926069  -0.016149  0.016741  -0.003780  -1.532213  0.413323  -1.174158  1.000000  
78.741813 -0.004579  -0.009026  0.011213  0.570048  0.730613  0.375831  -0.791093  0.611598  0.010960  -0.221850  -0.303565  0.926623  -0.016331  0.016971  -0.003119  -1.529101  0.414439  -1.185126  1.000000  
78.742813 -0.004596  -0.009008  0.011216  0.571333  0.730309  0.374469  -0.790129  0.612855  0.010289  -0.221980  -0.301757  0.927182  -0.016687  0.017153  -0.002066  -1.525683  0.408093  -1.201391  1.000000  
78.744069 -0.004618  -0.008984  0.011220  0.572796  0.729988  0.372856  -0.789069  0.614229  0.009642  -0.221980  -0.299732  0.927839  -0.016990  0.017392  -0.001012  -1.513189  0.405179  -1.202141  1.000000  
78.745313 -0.004639  -0.008960  0.011228  0.574419  0.729580  0.371155  -0.787888  0.615753  0.008991  -0.221980  -0.297593  0.928527  -0.017177  0.017680  0.000016  -1.507261  0.404074  -1.220182  1.000000  
78.746563 -0.004661  -0.008935  0.011236  0.576057  0.729187  0.369383  -0.786728  0.617243  0.008432  -0.221850  -0.295461  0.929239  -0.017332  0.017948  0.001030  -1.494536  0.411886  -1.238548  1.000000  
78.747570 -0.004678  -0.008916  0.011242  0.577352  0.728841  0.368043  -0.785778  0.618458  0.007916  -0.221850  -0.293770  0.929775  -0.017396  0.018152  0.001827  -1.486469  0.408359  -1.251043  1.000000  
78.748820 -0.004700  -0.008889  0.011251  0.579148  0.728396  0.366096  -0.784492  0.620096  0.007270  -0.221720  -0.291410  0.930549  -0.017367  0.018502  0.002552  -1.492657  0.418415  -1.276108  1.000000  
78.750067 -0.004721  -0.008863  0.011258  0.580762  0.728048  0.364227  -0.783298  0.621613  0.006440  -0.221720  -0.289038  0.931288  -0.017289  0.018869  0.003153  -1.498771  0.416657  -1.293431  1.000000  
78.751068 -0.004736  -0.008840  0.011265  0.582069  0.727752  0.362730  -0.782365  0.622793  0.005931  -0.221589  -0.287239  0.931875  -0.017174  0.019224  0.003520  -1.502920  0.421627  -1.303409  1.000000  
78.752073 -0.004752  -0.008818  0.011271  0.583535  0.727322  0.361233  -0.781308  0.624121  0.005492  -0.221459  -0.285439  0.932460  -0.017024  0.019629  0.004051  -1.506331  0.429905  -1.321747  1.000000  
78.753313 -0.004772  -0.008789  0.011279  0.585321  0.726848  0.359294  -0.780009  0.625750  0.004816  -0.221328  -0.283071  0.933212  -0.016889  0.020076  0.004497  -1.513558  0.440633  -1.348788  1.000000  
78.754314 -0.004789  -0.008765  0.011286  0.586801  0.726471  0.357637  -0.778970  0.627046  0.004388  -0.221067  -0.281163  0.933850  -0.016854  0.020567  0.005065  -1.528935  0.452264  -1.364559  1.000000  
78.755563 -0.004810  -0.008734  0.011295  0.588581  0.725938  0.355791  -0.777663  0.628670  0.003772  -0.220937  -0.278906  0.934558  -0.016838  0.021081  0.005629  -1.535549  0.462611  -1.390925  1.000000  
78.756813 -0.004833  -0.008704  0.011305  0.590216  0.725548  0.353872  -0.776497  0.630114  0.003175  -0.220676  -0.276654  0.935289  -0.016977  0.021475  0.006163  -1.543233  0.478454  -1.406928  1.000000  
78.757813 -0.004852  -0.008679  0.011312  0.591530  0.725239  0.352308  -0.775570  0.631255  0.002732  -0.220415  -0.274855  0.935880  -0.017074  0.021922  0.006448  -1.552633  0.488300  -1.417262  1.000000  
78.759063 -0.004878  -0.008649  0.011322  0.593321  0.724747  0.350303  -0.774276  0.632845  0.002117  -0.220154  -0.272487  0.936634  -0.017355  0.022383  0.006756  -1.558636  0.501699  -1.441121  1.000000  
78.760070 -0.004900  -0.008624  0.011329  0.594631  0.724426  0.348741  -0.773344  0.633984  0.001662  -0.219893  -0.270685  0.937218  -0.017634  0.022745  0.006861  -1.565224  0.513945  -1.444247  1.000000  
78.761313 -0.004928  -0.008592  0.011336  0.596417  0.723876  0.346828  -0.772042  0.635571  0.001108  -0.219632  -0.268427  0.937928  -0.018106  0.023243  0.006844  -1.570310  0.525766  -1.463278  1.000000  
78.762563 -0.004957  -0.008561  0.011343  0.598059  0.723471  0.344840  -0.770882  0.636978  0.000574  -0.219240  -0.266175  0.938661  -0.018549  0.023682  0.006736  -1.566659  0.542999  -1.471628  1.000000  
78.763569 -0.004980  -0.008534  0.011349  0.599522  0.723043  0.343194  -0.769819  0.638262  0.000095  -0.218979  -0.264254  0.939265  -0.019034  0.024090  0.006615  -1.570003  0.554811  -1.488659  1.000000  
78.764837 -0.005010  -0.008501  0.011355  0.601318  0.722491  0.341209  -0.768528  0.639816  -0.000383  -0.218587  -0.261999  0.939987  -0.019631  0.024528  0.006559  -1.568574  0.574062  -1.502940  1.000000  
78.766067 -0.005040  -0.008466  0.011363  0.603111  0.722012  0.339050  -0.767234  0.641367  -0.001025  -0.218195  -0.259513  0.940768  -0.020238  0.024959  0.006581  -1.573735  0.593229  -1.519803  1.000000  
78.767070 -0.005065  -0.008437  0.011371  0.604586  0.721584  0.337330  -0.766184  0.642620  -0.001425  -0.217804  -0.257595  0.941385  -0.020823  0.025380  0.006687  -1.578653  0.607607  -1.529543  1.000000  
78.768072 -0.005090  -0.008409  0.011379  0.605901  0.721323  0.335524  -0.765255  0.643724  -0.001979  -0.217412  -0.255562  0.942030  -0.021569  0.025722  0.006787  -1.584003  0.621262  -1.539795  1.000000  
78.769313 -0.005121  -0.008373  0.011390  0.607705  0.720881  0.333203  -0.763972  0.645244  -0.002625  -0.216890  -0.252963  0.942851  -0.022140  0.026121  0.006946  -1.593811  0.641712  -1.548138  1.000000  
78.770321 -0.005146  -0.008344  0.011398  0.609174  0.720473  0.331399  -0.762913  0.646494  -0.003123  -0.216498  -0.250926  0.943485  -0.022733  0.026477  0.007030  -1.603023  0.656370  -1.558389  1.000000  
78.771564 -0.005177  -0.008307  0.011410  0.611286  0.719705  0.329171  -0.761370  0.648308  -0.003572  -0.215975  -0.248437  0.944264  -0.023316  0.026895  0.007089  -1.609966  0.677554  -1.581260  1.000000  
78.772813 -0.005210  -0.008272  0.011420  0.613238  0.719100  0.326857  -0.759947  0.649971  -0.004179  -0.215453  -0.245831  0.945065  -0.023878  0.027166  0.007146  -1.619275  0.697184  -1.589303  1.000000  
78.773813 -0.005236  -0.008243  0.011428  0.614717  0.718649  0.325064  -0.758899  0.651192  -0.004523  -0.214930  -0.243910  0.945681  -0.024288  0.027498  0.007221  -1.629548  0.717066  -1.599508  1.000000  
78.775063 -0.005269  -0.008208  0.011437  0.616662  0.718024  0.322753  -0.757467  0.652853  -0.005149  -0.214407  -0.241300  0.946469  -0.024647  0.027746  0.007210  -1.642999  0.733911  -1.609160  1.000000  
78.776070 -0.005295  -0.008180  0.011444  0.618293  0.717462  0.320876  -0.756285  0.654219  -0.005521  -0.213884  -0.239261  0.947105  -0.024847  0.027961  0.007290  -1.653906  0.745373  -1.613164  1.000000  
78.777313 -0.005327  -0.008145  0.011452  0.620388  0.716682  0.318570  -0.754716  0.656023  -0.006101  -0.213362  -0.236645  0.947880  -0.025092  0.028182  0.007393  -1.664486  0.763845  -1.635877  1.000000  
78.778316 -0.005352  -0.008117  0.011460  0.621994  0.716083  0.316777  -0.753503  0.657411  -0.006587  -0.212969  -0.234596  0.948477  -0.025195  0.028300  0.007530  -1.668084  0.777537  -1.641345  1.000000  
78.779562 -0.005383  -0.008081  0.011470  0.624255  0.715128  0.314482  -0.751817  0.659336  -0.006945  -0.212316  -0.232097  0.949238  -0.025320  0.028507  0.007796  -1.670317  0.795352  -1.663684  1.000000  
