1-Time 2-Px 3-Py 4-Pz 5-R11 6-R21 7-R31 8-R12 9-R22 10-R32 11-R13 12-R23 13-R33 14-Vx 15-Vy 16-Vz 17-Wx 18-Wy 19-Wz 20-state
171.687846 -0.003988  -0.008318  0.008057  0.527799  0.754384  0.390298  -0.817029  0.576519  -0.009452  -0.232144  -0.313896  0.920640  -0.002931  0.002431  0.007239  0.000000  0.000000  0.000000  1.000000  
171.688916 -0.003990  -0.008317  0.008061  0.527648  0.754526  0.390229  -0.817164  0.576328  -0.009429  -0.232014  -0.313906  0.920670  -0.002156  0.000926  0.005379  0.000000  0.000000  0.000000  1.000000  
171.690162 -0.003988  -0.008311  0.008058  0.527648  0.754526  0.390229  -0.817164  0.576328  -0.009429  -0.232014  -0.313906  0.920670  0.000461  0.003535  0.000563  0.000000  0.000000  0.000000  1.000000  
171.691413 -0.003983  -0.008303  0.008053  0.527648  0.754526  0.390229  -0.817164  0.576328  -0.009429  -0.232014  -0.313906  0.920670  0.001729  0.004638  -0.001252  0.000000  0.000000  0.000000  1.000000  
171.692662 -0.003981  -0.008298  0.008051  0.527665  0.754548  0.390162  -0.817190  0.576293  -0.009325  -0.231884  -0.313916  0.920699  0.001673  0.004462  -0.001369  0.000000  0.000000  0.000000  1.000000  
171.693664 -0.003981  -0.008296  0.008051  0.527497  0.754667  0.390160  -0.817299  0.576137  -0.009405  -0.231884  -0.313916  0.920699  0.001434  0.003944  -0.001134  0.000000  0.000000  0.000000  1.000000  
171.694665 -0.003979  -0.008293  0.008050  0.527497  0.754667  0.390160  -0.817299  0.576137  -0.009405  -0.231884  -0.313916  0.920699  0.001473  0.003820  -0.001039  0.000000  0.000000  0.000000  1.000000  
171.695680 -0.003978  -0.008289  0.008050  0.527345  0.754808  0.390092  -0.817433  0.575947  -0.009382  -0.231754  -0.313926  0.920728  0.001410  0.003826  -0.000974  0.000000  0.000000  0.000000  1.000000  
171.696923 -0.003977  -0.008284  0.008049  0.527345  0.754808  0.390092  -0.817433  0.575947  -0.009382  -0.231754  -0.313926  0.920728  0.001369  0.003917  -0.000909  0.000000  0.000000  0.000000  1.000000  
171.697940 -0.003976  -0.008280  0.008047  0.527345  0.754856  0.390000  -0.817433  0.575946  -0.009452  -0.231754  -0.313815  0.920766  0.001318  0.003936  -0.001025  0.000000  0.000000  0.000000  1.000000  
171.699166 -0.003975  -0.008275  0.008044  0.527194  0.754997  0.389931  -0.817568  0.575755  -0.009429  -0.231624  -0.313825  0.920796  0.001239  0.003897  -0.001234  0.000000  0.000000  0.000000  1.000000  
171.700415 -0.003972  -0.008270  0.008040  0.527194  0.754997  0.389931  -0.817568  0.575755  -0.009429  -0.231624  -0.313825  0.920796  0.001315  0.003941  -0.001371  0.000000  0.000000  0.000000  1.000000  
171.701416 -0.003970  -0.008265  0.008037  0.527042  0.755138  0.389863  -0.817703  0.575564  -0.009405  -0.231493  -0.313835  0.920825  0.001399  0.003980  -0.001534  0.000000  0.000000  0.000000  1.000000  
171.702663 -0.003966  -0.008258  0.008028  0.527042  0.755186  0.389771  -0.817703  0.575563  -0.009475  -0.231493  -0.313723  0.920863  0.001531  0.004145  -0.002013  0.000000  0.000000  0.000000  1.000000  
171.703664 -0.003961  -0.008250  0.008020  0.526874  0.755304  0.389769  -0.817811  0.575408  -0.009556  -0.231493  -0.313723  0.920863  0.001890  0.004509  -0.002659  0.000000  0.000000  0.000000  1.000000  
171.704913 -0.003953  -0.008238  0.008008  0.526874  0.755304  0.389769  -0.817811  0.575408  -0.009556  -0.231493  -0.313723  0.920863  0.002311  0.004922  -0.003445  0.000000  0.000000  0.000000  1.000000  
171.706162 -0.003947  -0.008228  0.007999  0.526705  0.755470  0.389675  -0.817919  0.575251  -0.009706  -0.231493  -0.313611  0.920901  0.002451  0.005115  -0.003679  0.000000  0.000000  0.000000  1.000000  
171.707412 -0.003944  -0.008220  0.007994  0.526705  0.755517  0.389584  -0.817919  0.575250  -0.009775  -0.231493  -0.313499  0.920939  0.002525  0.005314  -0.003889  0.000000  0.000000  0.000000  1.000000  
171.708664 -0.003942  -0.008213  0.007990  0.526537  0.755635  0.389582  -0.818028  0.575094  -0.009856  -0.231493  -0.313499  0.920939  0.002601  0.005575  -0.004063  0.000000  0.000000  0.000000  1.000000  
171.709912 -0.003938  -0.008205  0.007984  0.526369  0.755801  0.389488  -0.818136  0.574937  -0.010005  -0.231493  -0.313388  0.920977  0.002727  0.005866  -0.004492  0.000000  0.000000  0.000000  1.000000  
171.710913 -0.003935  -0.008197  0.007976  0.526369  0.755801  0.389488  -0.818136  0.574937  -0.010005  -0.231493  -0.313388  0.920977  0.002843  0.006081  -0.004902  0.000000  0.000000  0.000000  1.000000  
171.711922 -0.003933  -0.008191  0.007966  0.526200  0.755919  0.389486  -0.818245  0.574782  -0.010086  -0.231493  -0.313388  0.920977  0.002916  0.006161  -0.005546  0.000000  0.000000  0.000000  1.000000  
171.713168 -0.003930  -0.008185  0.007954  0.526032  0.756085  0.389392  -0.818353  0.574625  -0.010236  -0.231493  -0.313276  0.921015  0.003045  0.006266  -0.006215  0.000000  0.000000  0.000000  1.000000  
171.714417 -0.003927  -0.008179  0.007941  0.525863  0.756203  0.389390  -0.818461  0.574469  -0.010316  -0.231493  -0.313276  0.921015  0.003167  0.006359  -0.006845  0.000000  0.000000  0.000000  1.000000  
171.715417 -0.003924  -0.008173  0.007932  0.525863  0.756203  0.389390  -0.818461  0.574469  -0.010316  -0.231493  -0.313276  0.921015  0.003263  0.006471  -0.007274  0.000000  0.000000  0.000000  1.000000  
171.716665 -0.003918  -0.008163  0.007920  0.525678  0.756346  0.389363  -0.818543  0.574348  -0.010569  -0.231624  -0.313154  0.921024  0.003432  0.006708  -0.007687  0.000000  0.000000  0.000000  1.000000  
171.717917 -0.003913  -0.008153  0.007910  0.525509  0.756464  0.389361  -0.818652  0.574192  -0.010649  -0.231624  -0.313154  0.921024  0.003428  0.006852  -0.007743  0.000000  0.000000  0.000000  1.000000  
171.719163 -0.003909  -0.008144  0.007901  0.525493  0.756442  0.389427  -0.818625  0.574227  -0.010753  -0.231754  -0.313144  0.920994  0.003243  0.006716  -0.007514  0.000000  0.000000  0.000000  1.000000  
171.720165 -0.003905  -0.008136  0.007896  0.525324  0.756560  0.389425  -0.818734  0.574071  -0.010833  -0.231754  -0.313144  0.920994  0.003105  0.006587  -0.007256  0.000000  0.000000  0.000000  1.000000  
171.721412 -0.003901  -0.008128  0.007891  0.525307  0.756537  0.389491  -0.818708  0.574107  -0.010937  -0.231884  -0.313134  0.920965  0.002989  0.006487  -0.007114  0.000000  0.000000  0.000000  1.000000  
171.722413 -0.003899  -0.008123  0.007887  0.525139  0.756655  0.389489  -0.818816  0.573951  -0.011017  -0.231884  -0.313134  0.920965  0.002993  0.006441  -0.007201  0.000000  0.000000  0.000000  1.000000  
171.723413 -0.003897  -0.008118  0.007881  0.525139  0.756655  0.389489  -0.818816  0.573951  -0.011017  -0.231884  -0.313134  0.920965  0.003019  0.006420  -0.007400  0.000000  0.000000  0.000000  1.000000  
171.724665 -0.003894  -0.008112  0.007870  0.524954  0.756798  0.389462  -0.818898  0.573829  -0.011271  -0.232014  -0.313013  0.920974  0.002982  0.006338  -0.007745  0.000000  0.000000  0.000000  1.000000  
171.725913 -0.003890  -0.008104  0.007856  0.524954  0.756798  0.389462  -0.818898  0.573829  -0.011271  -0.232014  -0.313013  0.920974  0.003004  0.006255  -0.007968  0.000000  0.000000  0.000000  1.000000  
171.726913 -0.003887  -0.008099  0.007846  0.524937  0.756823  0.389436  -0.818871  0.573863  -0.011444  -0.232144  -0.312891  0.920982  0.003048  0.006190  -0.008038  0.000000  0.000000  0.000000  1.000000  
171.727922 -0.003885  -0.008094  0.007836  0.524768  0.756941  0.389434  -0.818980  0.573707  -0.011524  -0.232144  -0.312891  0.920982  0.003112  0.006193  -0.007986  0.000000  0.000000  0.000000  1.000000  
171.729169 -0.003880  -0.008088  0.007827  0.524751  0.756918  0.389500  -0.818953  0.573742  -0.011628  -0.232274  -0.312881  0.920953  0.003199  0.006218  -0.007787  0.000000  0.000000  0.000000  1.000000  
171.730415 -0.003875  -0.008080  0.007818  0.524751  0.756966  0.389409  -0.818953  0.573741  -0.011698  -0.232274  -0.312769  0.920991  0.003244  0.006202  -0.007588  0.000000  0.000000  0.000000  1.000000  
171.731416 -0.003871  -0.008072  0.007812  0.524735  0.756943  0.389475  -0.818927  0.573776  -0.011801  -0.232404  -0.312759  0.920961  0.003197  0.006177  -0.007365  0.000000  0.000000  0.000000  1.000000  
171.732416 -0.003867  -0.008065  0.007806  0.524566  0.757061  0.389473  -0.819035  0.573620  -0.011881  -0.232404  -0.312759  0.920961  0.003206  0.006111  -0.007204  0.000000  0.000000  0.000000  1.000000  
171.733668 -0.003862  -0.008056  0.007797  0.524549  0.757039  0.389539  -0.819009  0.573655  -0.011985  -0.232535  -0.312749  0.920932  0.003252  0.006122  -0.007178  0.000000  0.000000  0.000000  1.000000  
171.734914 -0.003857  -0.008049  0.007786  0.524532  0.757063  0.389514  -0.818983  0.573689  -0.012159  -0.232665  -0.312628  0.920940  0.003212  0.005956  -0.007380  0.000000  0.000000  0.000000  1.000000  
171.735919 -0.003854  -0.008043  0.007778  0.524532  0.757063  0.389514  -0.818983  0.573689  -0.012159  -0.232665  -0.312628  0.920940  0.003235  0.005892  -0.007766  0.000000  0.000000  0.000000  1.000000  
171.737163 -0.003851  -0.008037  0.007765  0.524516  0.757088  0.389488  -0.818957  0.573723  -0.012332  -0.232795  -0.312506  0.920949  0.003256  0.005823  -0.008242  0.000000  0.000000  0.000000  1.000000  
171.738413 -0.003848  -0.008030  0.007751  0.524499  0.757113  0.389463  -0.818930  0.573757  -0.012505  -0.232925  -0.312384  0.920957  0.003240  0.005844  -0.008653  0.000000  0.000000  0.000000  1.000000  
171.739413 -0.003847  -0.008025  0.007740  0.524499  0.757113  0.389463  -0.818930  0.573757  -0.012505  -0.232925  -0.312384  0.920957  0.003225  0.005887  -0.008798  0.000000  0.000000  0.000000  1.000000  
171.740663 -0.003844  -0.008017  0.007727  0.524482  0.757185  0.389346  -0.818904  0.573789  -0.012748  -0.233055  -0.312151  0.921003  0.003175  0.005929  -0.008855  0.000000  0.000000  0.000000  1.000000  
171.741668 -0.003841  -0.008009  0.007718  0.524465  0.757209  0.389320  -0.818878  0.573822  -0.012922  -0.233185  -0.312029  0.921012  0.003145  0.006039  -0.008676  0.000000  0.000000  0.000000  1.000000  
171.742912 -0.003838  -0.008002  0.007710  0.524448  0.757234  0.389295  -0.818852  0.573856  -0.013095  -0.233315  -0.311907  0.921020  0.003135  0.006164  -0.008403  0.000000  0.000000  0.000000  1.000000  
171.743923 -0.003835  -0.007994  0.007704  0.524432  0.757306  0.389178  -0.818825  0.573888  -0.013338  -0.233445  -0.311674  0.921066  0.003048  0.006344  -0.008317  0.000000  0.000000  0.000000  1.000000  
171.745181 -0.003831  -0.007984  0.007694  0.524415  0.757378  0.389061  -0.818799  0.573920  -0.013581  -0.233575  -0.311440  0.921112  0.002966  0.006507  -0.008444  0.000000  0.000000  0.000000  1.000000  
171.746421 -0.003826  -0.007972  0.007681  0.524398  0.757450  0.388943  -0.818773  0.573951  -0.013824  -0.233706  -0.311207  0.921158  0.002980  0.006652  -0.008807  0.000000  0.000000  0.000000  1.000000  
171.747668 -0.003821  -0.007961  0.007666  0.524381  0.757522  0.388826  -0.818746  0.573983  -0.014067  -0.233836  -0.310973  0.921204  0.002919  0.006820  -0.009246  0.000000  0.000000  0.000000  1.000000  
171.748671 -0.003818  -0.007954  0.007654  0.524364  0.757593  0.388709  -0.818720  0.574015  -0.014310  -0.233966  -0.310740  0.921250  0.002917  0.006893  -0.009468  0.000000  0.000000  0.000000  1.000000  
171.749671 -0.003815  -0.007946  0.007641  0.524347  0.757665  0.388591  -0.818694  0.574046  -0.014553  -0.234096  -0.310506  0.921295  0.002861  0.006978  -0.009825  0.000000  0.000000  0.000000  1.000000  
171.750917 -0.003813  -0.007937  0.007626  0.524499  0.757666  0.388385  -0.818559  0.574232  -0.014786  -0.234226  -0.310161  0.921378  0.002773  0.007073  -0.010122  0.000000  0.000000  0.000000  1.000000  
171.751925 -0.003810  -0.007930  0.007614  0.524482  0.757785  0.388176  -0.818533  0.574261  -0.015099  -0.234356  -0.309816  0.921462  0.002775  0.007303  -0.010264  0.000000  0.000000  0.000000  1.000000  
171.753163 -0.003808  -0.007920  0.007599  0.524448  0.757882  0.388033  -0.818480  0.574325  -0.015515  -0.234616  -0.309460  0.921515  0.002776  0.007519  -0.010307  0.000000  0.000000  0.000000  1.000000  
171.754413 -0.003805  -0.007909  0.007586  0.524414  0.758025  0.387799  -0.818427  0.574388  -0.016002  -0.234876  -0.308993  0.921605  0.002805  0.007759  -0.010270  0.000000  0.000000  0.000000  1.000000  
171.755663 -0.003801  -0.007899  0.007574  0.524380  0.758169  0.387564  -0.818374  0.574449  -0.016488  -0.235136  -0.308526  0.921695  0.002842  0.007873  -0.010183  -0.155249  -0.103559  -0.027889  1.000000  
171.756663 -0.003797  -0.007889  0.007565  0.524363  0.758334  0.387262  -0.818348  0.574476  -0.016871  -0.235266  -0.308069  0.921815  0.002916  0.008059  -0.010145  -0.168783  -0.104436  -0.028091  1.000000  
171.757665 -0.003793  -0.007879  0.007556  0.524515  0.758335  0.387056  -0.818213  0.574660  -0.017104  -0.235396  -0.307724  0.921897  0.002995  0.008299  -0.010467  -0.176423  -0.103612  -0.041938  1.000000  
171.758912 -0.003788  -0.007866  0.007541  0.524481  0.758525  0.386730  -0.818160  0.574719  -0.017660  -0.235656  -0.307144  0.922024  0.003146  0.008570  -0.010838  -0.196551  -0.107800  -0.043307  1.000000  
171.759919 -0.003783  -0.007855  0.007528  0.524615  0.758550  0.386498  -0.817999  0.574936  -0.018067  -0.235917  -0.306677  0.922113  0.003244  0.008742  -0.011249  -0.212828  -0.115065  -0.052873  1.000000  
171.761164 -0.003776  -0.007841  0.007511  0.524581  0.758787  0.386080  -0.817946  0.574991  -0.018693  -0.236177  -0.305986  0.922276  0.003441  0.008928  -0.011492  -0.231332  -0.118389  -0.053818  1.000000  
171.762199 -0.003771  -0.007831  0.007498  0.524547  0.758930  0.385845  -0.817893  0.575051  -0.019180  -0.236437  -0.305519  0.922364  0.003474  0.008931  -0.011550  -0.247639  -0.125623  -0.063398  1.000000  
171.763423 -0.003766  -0.007820  0.007484  0.524681  0.759048  0.385430  -0.817731  0.575262  -0.019727  -0.236697  -0.304827  0.922526  0.003550  0.009069  -0.011551  -0.270707  -0.127894  -0.071218  1.000000  
171.764669 -0.003761  -0.007808  0.007470  0.524798  0.759191  0.384989  -0.817543  0.575504  -0.020448  -0.237087  -0.304014  0.922695  0.003623  0.009176  -0.011423  -0.293532  -0.134324  -0.080384  1.000000  
171.765670 -0.003757  -0.007799  0.007459  0.524764  0.759380  0.384662  -0.817490  0.575560  -0.021005  -0.237347  -0.303435  0.922818  0.003782  0.009401  -0.011288  -0.313959  -0.142901  -0.083206  1.000000  
171.766917 -0.003752  -0.007784  0.007446  0.524898  0.759591  0.384063  -0.817328  0.575764  -0.021692  -0.237606  -0.302519  0.923052  0.003879  0.009679  -0.011154  -0.340830  -0.145071  -0.090920  1.000000  
171.767926 -0.003747  -0.007773  0.007436  0.525014  0.759686  0.383715  -0.817140  0.576006  -0.022344  -0.237996  -0.301818  0.923181  0.004104  0.009894  -0.011027  -0.363524  -0.151460  -0.100053  1.000000  
171.769164 -0.003742  -0.007761  0.007422  0.525148  0.759896  0.383116  -0.816978  0.576208  -0.023032  -0.238256  -0.300902  0.923413  0.004263  0.010062  -0.011066  -0.390577  -0.157991  -0.109229  1.000000  
171.770227 -0.003737  -0.007750  0.007412  0.525264  0.760037  0.382676  -0.816790  0.576446  -0.023754  -0.238646  -0.300088  0.923577  0.004391  0.010195  -0.011151  -0.412523  -0.164116  -0.118116  1.000000  
171.771412 -0.003729  -0.007736  0.007396  0.525381  0.760224  0.382144  -0.816601  0.576681  -0.024547  -0.239036  -0.299163  0.923777  0.004615  0.010369  -0.011396  -0.436642  -0.169538  -0.126430  1.000000  
171.772412 -0.003722  -0.007724  0.007383  0.525329  0.760484  0.381699  -0.816520  0.576760  -0.025348  -0.239426  -0.298349  0.923939  0.004784  0.010523  -0.011722  -0.456866  -0.182320  -0.130543  1.000000  
171.773412 -0.003716  -0.007711  0.007370  0.525462  0.760646  0.381192  -0.816358  0.576962  -0.025967  -0.239685  -0.297544  0.924131  0.004987  0.010691  -0.011820  -0.479479  -0.184525  -0.138178  1.000000  
171.774666 -0.003708  -0.007696  0.007354  0.525729  0.760784  0.380548  -0.816034  0.577377  -0.026927  -0.240205  -0.296384  0.924369  0.005121  0.010806  -0.011824  -0.508576  -0.193173  -0.154898  1.000000  
171.775919 -0.003700  -0.007681  0.007339  0.525844  0.761062  0.379832  -0.815844  0.577600  -0.027861  -0.240595  -0.295233  0.924636  0.005108  0.010803  -0.011667  -0.539231  -0.199666  -0.163858  1.000000  
171.777163 -0.003694  -0.007668  0.007327  0.525943  0.761272  0.379275  -0.815628  0.577858  -0.028829  -0.241114  -0.294185  0.924835  0.005130  0.010881  -0.011490  -0.565995  -0.210460  -0.174259  1.000000  
171.778166 -0.003689  -0.007657  0.007316  0.526058  0.761503  0.378651  -0.815438  0.578082  -0.029694  -0.241504  -0.293145  0.925063  0.005153  0.011014  -0.011349  -0.592651  -0.216988  -0.183225  1.000000  
171.779169 -0.003685  -0.007646  0.007307  0.526173  0.761733  0.378027  -0.815248  0.578305  -0.030560  -0.241893  -0.292106  0.925290  0.005218  0.011137  -0.011258  -0.620268  -0.221086  -0.192338  1.000000  
171.780171 -0.003680  -0.007635  0.007297  0.526456  0.761890  0.377317  -0.814950  0.578679  -0.031418  -0.242283  -0.290954  0.925551  0.005268  0.011214  -0.011211  -0.652030  -0.227990  -0.201600  1.000000  
171.781172 -0.003674  -0.007624  0.007285  0.526553  0.762143  0.376668  -0.814732  0.578928  -0.032458  -0.242802  -0.289793  0.925779  0.005372  0.011298  -0.011288  -0.682149  -0.238615  -0.211735  1.000000  
171.782419 -0.003668  -0.007609  0.007271  0.526668  0.762509  0.375767  -0.814542  0.579134  -0.033536  -0.243191  -0.288416  0.926107  0.005493  0.011362  -0.011412  -0.713008  -0.245287  -0.220636  1.000000  
171.783665 -0.003661  -0.007594  0.007255  0.526933  0.762824  0.374755  -0.814216  0.579520  -0.034781  -0.243710  -0.286804  0.926471  0.005578  0.011457  -0.011509  -0.754500  -0.249959  -0.235925  1.000000  
171.784672 -0.003654  -0.007582  0.007242  0.527047  0.763096  0.374039  -0.814025  0.579730  -0.035720  -0.244099  -0.285652  0.926725  0.005663  0.011580  -0.011717  -0.781171  -0.252322  -0.243439  1.000000  
171.785914 -0.003646  -0.007566  0.007225  0.527311  0.763454  0.372935  -0.813698  0.580106  -0.037037  -0.244618  -0.283927  0.927118  0.005722  0.011660  -0.011826  -0.818739  -0.261427  -0.260085  1.000000  
171.787163 -0.003638  -0.007551  0.007210  0.527407  0.763930  0.371824  -0.813480  0.580322  -0.038433  -0.245137  -0.282201  0.927508  0.005732  0.011709  -0.011703  -0.860414  -0.268048  -0.260346  1.000000  
171.788412 -0.003629  -0.007535  0.007196  0.527635  0.764244  0.370855  -0.813097  0.580755  -0.039961  -0.245916  -0.280456  0.927831  0.005783  0.011752  -0.011617  -0.900997  -0.283746  -0.280444  1.000000  
171.789413 -0.003624  -0.007523  0.007185  0.527731  0.764582  0.370021  -0.812878  0.580979  -0.041147  -0.246434  -0.279067  0.928112  0.005714  0.011718  -0.011404  -0.933474  -0.296862  -0.284203  1.000000  
171.790663 -0.003617  -0.007510  0.007172  0.527975  0.765003  0.368799  -0.812522  0.581363  -0.042714  -0.247083  -0.277106  0.928527  0.005609  0.011602  -0.011290  -0.978948  -0.306073  -0.300646  1.000000  
171.791919 -0.003610  -0.007495  0.007159  0.528238  0.765397  0.367603  -0.812194  0.581718  -0.044108  -0.247601  -0.275266  0.928936  0.005667  0.011684  -0.011319  -1.017341  -0.307074  -0.314705  1.000000  
171.792921 -0.003605  -0.007485  0.007149  0.528332  0.765821  0.366583  -0.811974  0.581923  -0.045437  -0.248120  -0.273650  0.929275  0.005683  0.011667  -0.011369  -1.048254  -0.317339  -0.315425  1.000000  
171.794163 -0.003598  -0.007471  0.007133  0.528576  0.766281  0.365269  -0.811617  0.582290  -0.047078  -0.248768  -0.271574  0.929711  0.005801  0.011726  -0.011567  -1.093476  -0.322416  -0.330345  1.000000  
171.795164 -0.003593  -0.007460  0.007120  0.528837  0.766625  0.364166  -0.811288  0.582640  -0.048405  -0.249286  -0.269845  0.930075  0.005824  0.011707  -0.011763  -1.132202  -0.329391  -0.338945  1.000000  
171.796171 -0.003586  -0.007448  0.007107  0.528913  0.767069  0.363121  -0.811039  0.582859  -0.049912  -0.249934  -0.268106  0.930404  0.005894  0.011757  -0.011908  -1.169843  -0.345450  -0.345186  1.000000  
171.797418 -0.003577  -0.007433  0.007091  0.529137  0.767547  0.361781  -0.810653  0.583238  -0.051732  -0.250711  -0.265906  0.930827  0.006021  0.011744  -0.011955  -1.216819  -0.356906  -0.354943  1.000000  
171.798418 -0.003572  -0.007422  0.007079  0.529379  0.767911  0.360654  -0.810294  0.583600  -0.053237  -0.251359  -0.264053  0.931179  0.006043  0.011676  -0.011966  -1.250064  -0.366419  -0.371204  1.000000  
171.799668 -0.003564  -0.007407  0.007065  0.529602  0.768472  0.359128  -0.809907  0.583955  -0.055202  -0.252136  -0.261626  0.931654  0.006034  0.011652  -0.011779  -1.301087  -0.378015  -0.380819  1.000000  
171.800923 -0.003556  -0.007392  0.007052  0.529824  0.768986  0.357696  -0.809519  0.584310  -0.057097  -0.252912  -0.259310  0.932091  0.006008  0.011612  -0.011529  -1.343863  -0.389622  -0.390368  1.000000  
171.802170 -0.003548  -0.007377  0.007040  0.530028  0.769566  0.356145  -0.809103  0.584674  -0.059240  -0.253818  -0.256759  0.932551  0.005958  0.011524  -0.011325  -1.399103  -0.401374  -0.399924  1.000000  
171.803418 -0.003541  -0.007363  0.007027  0.530397  0.770064  0.354514  -0.808576  0.585181  -0.061383  -0.254724  -0.254094  0.933034  0.005947  0.011466  -0.011200  -1.454465  -0.417554  -0.410702  1.000000  
171.804420 -0.003535  -0.007352  0.007016  0.530470  0.770624  0.353187  -0.808324  0.585345  -0.063110  -0.255371  -0.252012  0.933422  0.005980  0.011429  -0.011297  -1.495117  -0.426850  -0.412564  1.000000  
171.805672 -0.003528  -0.007340  0.007001  0.530837  0.771116  0.351556  -0.807796  0.585839  -0.065257  -0.256276  -0.249345  0.933889  0.005956  0.011249  -0.011459  -1.544518  -0.441193  -0.429597  1.000000  
171.806918 -0.003520  -0.007329  0.006987  0.531056  0.771744  0.349844  -0.807405  0.586138  -0.067374  -0.257052  -0.246686  0.934382  0.006016  0.011101  -0.011500  -1.599539  -0.448770  -0.437606  1.000000  
171.807925 -0.003514  -0.007320  0.006974  0.531128  0.772295  0.348516  -0.807152  0.586285  -0.069105  -0.257699  -0.244602  0.934752  0.006070  0.010978  -0.011594  -1.635913  -0.458096  -0.439290  1.000000  
171.809168 -0.003506  -0.007309  0.006959  0.531327  0.772899  0.346871  -0.806731  0.586598  -0.071329  -0.258604  -0.241932  0.935197  0.006137  0.010769  -0.011589  -1.677487  -0.470602  -0.446149  1.000000  
171.810418 -0.003499  -0.007299  0.006946  0.531526  0.773456  0.345319  -0.806310  0.586911  -0.073484  -0.259508  -0.239376  0.935604  0.006110  0.010519  -0.011380  -1.723976  -0.484215  -0.451270  1.000000  
171.811418 -0.003493  -0.007291  0.006937  0.531743  0.773862  0.344074  -0.805917  0.587227  -0.075251  -0.260283  -0.237281  0.935922  0.006093  0.010253  -0.011069  -1.750539  -0.496170  -0.460477  1.000000  
171.812420 -0.003489  -0.007285  0.006931  0.531794  0.774386  0.342814  -0.805633  0.587378  -0.077090  -0.261058  -0.235186  0.936235  0.005929  0.009869  -0.010597  -1.784378  -0.511673  -0.456705  1.000000  
171.813428 -0.003484  -0.007278  0.006925  0.531844  0.774951  0.341459  -0.805348  0.587515  -0.079000  -0.261833  -0.232977  0.936571  0.005820  0.009553  -0.010224  -1.816274  -0.525359  -0.459220  1.000000  
171.814668 -0.003479  -0.007270  0.006919  0.531874  0.775578  0.339984  -0.805034  0.587651  -0.081159  -0.262737  -0.230532  0.936923  0.005623  0.009091  -0.009713  -1.846479  -0.539359  -0.459396  1.000000  
171.815924 -0.003476  -0.007263  0.006914  0.532050  0.776106  0.338500  -0.804580  0.587956  -0.083425  -0.263770  -0.227964  0.937261  0.005300  0.008543  -0.009208  -1.876958  -0.562055  -0.466361  1.000000  
171.817166 -0.003475  -0.007256  0.006909  0.532079  0.776769  0.336930  -0.804264  0.588067  -0.085657  -0.264673  -0.225405  0.937625  0.004891  0.008096  -0.008703  -1.907467  -0.573690  -0.461055  1.000000  
171.818168 -0.003474  -0.007251  0.006906  0.532127  0.777242  0.335761  -0.803977  0.588199  -0.087428  -0.265447  -0.223421  0.937881  0.004532  0.007613  -0.008212  -1.927688  -0.578876  -0.461178  1.000000  
171.819171 -0.003475  -0.007246  0.006904  0.532175  0.777794  0.334403  -0.803689  0.588304  -0.089343  -0.266221  -0.221210  0.938186  0.004065  0.007176  -0.007600  -1.955866  -0.588398  -0.462331  1.000000  
171.820420 -0.003476  -0.007240  0.006902  0.532163  0.778498  0.332781  -0.803312  0.588421  -0.091929  -0.267382  -0.218405  0.938513  0.003494  0.006778  -0.006709  -1.985998  -0.608698  -0.458971  1.000000  
171.821701 -0.003478  -0.007234  0.006901  0.532005  0.779376  0.330973  -0.803073  0.588332  -0.094551  -0.268413  -0.215494  0.938891  0.002871  0.006416  -0.005805  -2.024245  -0.630100  -0.448644  1.000000  
171.822918 -0.003480  -0.007227  0.006902  0.532011  0.780130  0.329184  -0.802723  0.588393  -0.097105  -0.269444  -0.212583  0.939260  0.002233  0.006174  -0.004783  -2.054060  -0.643945  -0.448401  1.000000  
171.823924 -0.003482  -0.007222  0.006905  0.532056  0.780712  0.327727  -0.802433  0.588457  -0.099093  -0.270217  -0.210256  0.939561  0.001618  0.005885  -0.003643  -2.080085  -0.656125  -0.445058  1.000000  
171.825172 -0.003485  -0.007215  0.006910  0.531876  0.781603  0.325889  -0.802161  0.588350  -0.101892  -0.271376  -0.207222  0.939901  0.000994  0.005671  -0.002410  -2.112049  -0.678113  -0.434714  1.000000  
171.826418 -0.003488  -0.007209  0.006917  0.531860  0.782292  0.324260  -0.801779  0.588417  -0.104481  -0.272535  -0.204415  0.940180  0.000346  0.005462  -0.001333  -2.134882  -0.694270  -0.429881  1.000000  
171.827674 -0.003491  -0.007203  0.006925  0.531864  0.783031  0.322465  -0.801426  0.588438  -0.107038  -0.273565  -0.201502  0.940510  -0.000371  0.005251  -0.000194  -2.160210  -0.705544  -0.423521  1.000000  
171.828937 -0.003494  -0.007198  0.006933  0.531826  0.783776  0.320712  -0.801011  0.588480  -0.109876  -0.274851  -0.198459  0.940782  -0.000929  0.005103  0.000786  -2.185294  -0.721137  -0.418048  1.000000  
171.830170 -0.003497  -0.007192  0.006942  0.531807  0.784571  0.318794  -0.800625  0.588475  -0.112681  -0.276009  -0.195310  0.941102  -0.001245  0.005034  0.001683  -2.212721  -0.737512  -0.412849  1.000000  
171.831172 -0.003500  -0.007188  0.006950  0.531829  0.785121  0.317401  -0.800300  0.588512  -0.114778  -0.276909  -0.192974  0.941320  -0.001631  0.004889  0.002596  -2.226318  -0.748663  -0.406711  1.000000  
171.832418 -0.003502  -0.007184  0.006962  0.531953  0.785773  0.315574  -0.799771  0.588668  -0.117624  -0.278194  -0.189817  0.941582  -0.001905  0.004714  0.003597  -2.246876  -0.763160  -0.407615  1.000000  
171.833419 -0.003505  -0.007179  0.006973  0.531973  0.786394  0.313989  -0.799445  0.588660  -0.119865  -0.279094  -0.187252  0.941830  -0.002123  0.004724  0.004505  -2.264640  -0.774372  -0.401244  1.000000  
171.834420 -0.003507  -0.007175  0.006985  0.531992  0.786974  0.312499  -0.799117  0.588659  -0.122034  -0.279993  -0.184802  0.942047  -0.002234  0.004638  0.005610  -2.274023  -0.781848  -0.399283  1.000000  
171.835670 -0.003509  -0.007169  0.007003  0.532134  0.787630  0.310601  -0.798617  0.588763  -0.124778  -0.281149  -0.181652  0.942315  -0.002245  0.004665  0.006835  -2.291917  -0.793284  -0.392421  1.000000  
171.836912 -0.003511  -0.007163  0.007021  0.532253  0.788306  0.308676  -0.798084  0.588859  -0.127700  -0.282433  -0.178381  0.942556  -0.002207  0.004662  0.008051  -2.312278  -0.812044  -0.393909  1.000000  
171.837912 -0.003512  -0.007158  0.007037  0.532435  0.788830  0.307019  -0.797644  0.588962  -0.129950  -0.283331  -0.175702  0.942790  -0.002113  0.004644  0.008989  -2.330947  -0.820466  -0.400325  1.000000  
171.838913 -0.003511  -0.007152  0.007053  0.532615  0.789351  0.305362  -0.797204  0.589057  -0.132202  -0.284229  -0.173023  0.943015  -0.001934  0.004666  0.009879  -2.350417  -0.829982  -0.400066  1.000000  
171.839919 -0.003511  -0.007146  0.007069  0.532631  0.790027  0.303581  -0.796873  0.588965  -0.134588  -0.285127  -0.170230  0.943252  -0.001780  0.004696  0.010770  -2.379464  -0.834930  -0.393478  1.000000  
171.841163 -0.003510  -0.007139  0.007089  0.532953  0.790590  0.301542  -0.796290  0.589141  -0.137241  -0.286153  -0.166972  0.943524  -0.001492  0.004743  0.011597  -2.392839  -0.839664  -0.403642  1.000000  
171.842412 -0.003508  -0.007132  0.007108  0.533089  0.791294  0.299450  -0.795783  0.589145  -0.140134  -0.287306  -0.163593  0.943765  -0.001191  0.004828  0.012358  -2.420881  -0.845287  -0.401899  1.000000  
171.843667 -0.003507  -0.007124  0.007127  0.533245  0.792076  0.297093  -0.795308  0.589082  -0.143066  -0.288332  -0.159992  0.944070  -0.000871  0.004958  0.013089  -2.451017  -0.849600  -0.406424  1.000000  
171.844667 -0.003506  -0.007118  0.007143  0.533465  0.792673  0.295102  -0.794928  0.589059  -0.145255  -0.288972  -0.157096  0.944360  -0.000638  0.005066  0.013628  -2.480888  -0.844802  -0.409709  1.000000  
171.845670 -0.003505  -0.007112  0.007158  0.533499  0.793374  0.293150  -0.794625  0.588882  -0.147610  -0.289740  -0.154194  0.944603  -0.000404  0.005257  0.014250  -2.515965  -0.845695  -0.402401  1.000000  
171.846919 -0.003505  -0.007105  0.007178  0.533838  0.794028  0.290751  -0.794070  0.588931  -0.150378  -0.290637  -0.150599  0.944908  -0.000278  0.005403  0.014747  -2.547989  -0.844193  -0.412567  1.000000  
171.847926 -0.003507  -0.007098  0.007195  0.534056  0.794574  0.288854  -0.793689  0.588900  -0.152498  -0.291277  -0.147817  0.945150  -0.000164  0.005545  0.015256  -2.573922  -0.839368  -0.415990  1.000000  
171.849170 -0.003509  -0.007090  0.007215  0.534230  0.795336  0.286422  -0.793242  0.588762  -0.155328  -0.292173  -0.144221  0.945429  -0.000153  0.005761  0.015513  -2.599639  -0.837020  -0.417386  1.000000  
171.850416 -0.003513  -0.007081  0.007236  0.534567  0.796040  0.283829  -0.792685  0.588736  -0.158243  -0.293068  -0.140395  0.945727  -0.000265  0.005986  0.015822  -2.632195  -0.827337  -0.425740  1.000000  
171.851417 -0.003517  -0.007073  0.007252  0.534784  0.796603  0.281834  -0.792302  0.588658  -0.160437  -0.293708  -0.137499  0.945954  -0.000436  0.006179  0.015900  -2.648035  -0.821594  -0.435502  1.000000  
171.852663 -0.003523  -0.007063  0.007272  0.534978  0.797422  0.279135  -0.791886  0.588428  -0.163306  -0.294475  -0.133678  0.946263  -0.000774  0.006404  0.015943  -2.678626  -0.813307  -0.437473  1.000000  
171.853665 -0.003528  -0.007055  0.007288  0.535193  0.798008  0.277042  -0.791502  0.588311  -0.165572  -0.295114  -0.130666  0.946485  -0.001158  0.006548  0.015902  -2.700507  -0.804521  -0.439995  1.000000  
171.854666 -0.003534  -0.007047  0.007304  0.535430  0.798597  0.274876  -0.791151  0.588172  -0.167733  -0.295626  -0.127659  0.946736  -0.001587  0.006710  0.015921  -2.720605  -0.794642  -0.449081  1.000000  
171.855922 -0.003543  -0.007037  0.007324  0.535645  0.799402  0.272103  -0.790766  0.587893  -0.170499  -0.296265  -0.123843  0.947043  -0.002237  0.006919  0.015941  -2.752841  -0.775169  -0.451510  1.000000  
171.857162 -0.003551  -0.007026  0.007345  0.535882  0.800273  0.269063  -0.790414  0.587547  -0.173302  -0.296776  -0.119802  0.947403  -0.002852  0.007150  0.016057  -2.785275  -0.756208  -0.449462  1.000000  
171.858163 -0.003559  -0.007016  0.007362  0.536140  0.800914  0.266629  -0.790095  0.587323  -0.175502  -0.297159  -0.116569  0.947686  -0.003547  0.007419  0.016189  -2.819484  -0.738806  -0.450780  1.000000  
171.859412 -0.003569  -0.007006  0.007384  0.536398  0.801740  0.263611  -0.789776  0.586962  -0.178129  -0.297542  -0.112645  0.948040  -0.004241  0.007619  0.016392  -2.850890  -0.708894  -0.449651  1.000000  
171.860412 -0.003578  -0.006997  0.007401  0.536494  0.802485  0.261137  -0.789566  0.586555  -0.180382  -0.297926  -0.109411  0.948298  -0.004855  0.007796  0.016476  -2.871521  -0.691242  -0.450868  1.000000  
171.861413 -0.003587  -0.006988  0.007418  0.536774  0.803078  0.258725  -0.789279  0.586316  -0.182406  -0.298181  -0.106296  0.948572  -0.005435  0.008004  0.016492  -2.893613  -0.669503  -0.451813  1.000000  
171.862420 -0.003596  -0.006979  0.007434  0.536891  0.803879  0.255982  -0.789103  0.585836  -0.184696  -0.298436  -0.102835  0.948873  -0.006043  0.008206  0.016553  -2.931199  -0.646439  -0.441737  1.000000  
171.863438 -0.003605  -0.006969  0.007450  0.537171  0.804518  0.253373  -0.788816  0.585536  -0.186861  -0.298692  -0.099488  0.949150  -0.006518  0.008423  0.016441  -2.959714  -0.619719  -0.441946  1.000000  
171.864668 -0.003616  -0.006956  0.007471  0.537451  0.805392  0.249981  -0.788528  0.585045  -0.189594  -0.298947  -0.095219  0.949507  -0.007032  0.008664  0.016485  -3.002398  -0.590744  -0.435199  1.000000  
171.865670 -0.003626  -0.006947  0.007486  0.537591  0.806109  0.247355  -0.788385  0.584573  -0.191634  -0.299075  -0.091990  0.949785  -0.007500  0.008824  0.016397  -3.025904  -0.569348  -0.427439  1.000000  
171.866917 -0.003637  -0.006934  0.007507  0.537870  0.806928  0.244056  -0.788097  0.584083  -0.194294  -0.299330  -0.087834  0.950098  -0.007883  0.008992  0.016405  -3.060483  -0.532213  -0.415592  1.000000  
171.867918 -0.003647  -0.006924  0.007523  0.538172  0.807593  0.241172  -0.787842  0.583690  -0.196495  -0.299458  -0.084258  0.950382  -0.008195  0.009159  0.016446  -3.090777  -0.505925  -0.416679  1.000000  
171.869166 -0.003659  -0.006912  0.007544  0.538613  0.808295  0.237812  -0.787444  0.583319  -0.199176  -0.299713  -0.079985  0.950671  -0.008549  0.009296  0.016535  -3.121537  -0.475583  -0.417051  1.000000  
171.870413 -0.003671  -0.006900  0.007566  0.538915  0.809109  0.234337  -0.787189  0.582761  -0.201800  -0.299841  -0.075714  0.950980  -0.008811  0.009392  0.016654  -3.156325  -0.446923  -0.404544  1.000000  
171.871665 -0.003682  -0.006887  0.007590  0.539378  0.809759  0.231000  -0.786823  0.582382  -0.204305  -0.299968  -0.071558  0.951261  -0.008924  0.009584  0.016862  -3.178442  -0.416460  -0.409245  1.000000  
171.872913 -0.003692  -0.006874  0.007614  0.539864  0.810484  0.227294  -0.786489  0.581910  -0.206918  -0.299968  -0.067057  0.951589  -0.009014  0.009679  0.017106  -3.217003  -0.377155  -0.405299  1.000000  
171.874162 -0.003703  -0.006860  0.007639  0.540327  0.811159  0.223758  -0.786123  0.581458  -0.209565  -0.300096  -0.062668  0.951848  -0.009033  0.009828  0.017342  -3.240704  -0.357081  -0.404915  1.000000  
171.875162 -0.003710  -0.006849  0.007660  0.540812  0.811636  0.220837  -0.785789  0.581167  -0.211613  -0.300096  -0.059088  0.952077  -0.008989  0.009969  0.017553  -3.266832  -0.331098  -0.407187  1.000000  
171.876412 -0.003719  -0.006835  0.007685  0.541298  0.812287  0.217226  -0.785455  0.580688  -0.214156  -0.300096  -0.054699  0.952339  -0.008849  0.010196  0.017834  -3.293984  -0.301143  -0.409016  1.000000  
171.877667 -0.003728  -0.006819  0.007712  0.541944  0.812750  0.213855  -0.785009  0.580416  -0.216513  -0.300096  -0.050540  0.952569  -0.008706  0.010483  0.018256  -3.309336  -0.270317  -0.417448  1.000000  
171.878925 -0.003737  -0.006804  0.007740  0.542590  0.813326  0.209991  -0.784562  0.580002  -0.219224  -0.300096  -0.045802  0.952809  -0.008517  0.010710  0.018810  -3.350113  -0.238029  -0.422458  1.000000  
171.880172 -0.003745  -0.006787  0.007770  0.543236  0.813908  0.206028  -0.784115  0.579549  -0.222007  -0.300096  -0.040947  0.953030  -0.008241  0.010962  0.019434  -3.384509  -0.207977  -0.424898  1.000000  
171.881424 -0.003754  -0.006770  0.007800  0.543905  0.814449  0.202090  -0.783701  0.579104  -0.224615  -0.299968  -0.036209  0.953262  -0.008022  0.011256  0.020147  -3.416632  -0.177288  -0.434205  1.000000  
171.882671 -0.003762  -0.006753  0.007831  0.544550  0.814968  0.198224  -0.783252  0.578651  -0.227329  -0.299968  -0.031468  0.953430  -0.007816  0.011601  0.020856  -3.446912  -0.151780  -0.437602  1.000000  
171.883914 -0.003771  -0.006736  0.007863  0.545356  0.815349  0.194406  -0.782691  0.578353  -0.230004  -0.299968  -0.026726  0.953575  -0.007581  0.011976  0.021640  -3.478203  -0.125239  -0.454551  1.000000  
171.884923 -0.003779  -0.006721  0.007889  0.545862  0.815742  0.191310  -0.782387  0.577957  -0.232024  -0.299841  -0.023025  0.953711  -0.007473  0.012301  0.022175  -3.499504  -0.103866  -0.458779  1.000000  
171.886162 -0.003788  -0.006702  0.007922  0.546667  0.816066  0.187591  -0.781825  0.577665  -0.234633  -0.299841  -0.018398  0.953812  -0.007390  0.012644  0.022772  -3.518822  -0.082067  -0.476532  1.000000  
171.887163 -0.003797  -0.006687  0.007949  0.547334  0.816292  0.184643  -0.781407  0.577450  -0.236546  -0.299713  -0.014812  0.953914  -0.007402  0.012970  0.023315  -3.524569  -0.064424  -0.494697  1.000000  
171.888163 -0.003805  -0.006671  0.007976  0.547816  0.816690  0.181423  -0.781069  0.576974  -0.238814  -0.299713  -0.010878  0.953967  -0.007333  0.013366  0.023847  -3.545938  -0.056189  -0.496328  1.000000  
171.889413 -0.003815  -0.006650  0.008011  0.548643  0.816990  0.177534  -0.780538  0.576620  -0.241393  -0.299585  -0.006133  0.954050  -0.007377  0.013868  0.024546  -3.569145  -0.035467  -0.518529  1.000000  
171.890662 -0.003825  -0.006628  0.008047  0.549309  0.817367  0.173696  -0.780118  0.576115  -0.243941  -0.299458  -0.001504  0.954108  -0.007375  0.014341  0.025094  -3.589641  -0.019071  -0.530540  1.000000  
171.891915 -0.003836  -0.006606  0.008083  0.549974  0.817706  0.169957  -0.779699  0.575628  -0.246419  -0.299330  0.003009  0.954145  -0.007487  0.014894  0.025866  -3.596402  -0.007018  -0.538460  1.000000  
171.893162 -0.003847  -0.006583  0.008121  0.550639  0.818087  0.165920  -0.779278  0.575040  -0.249107  -0.299203  0.007870  0.954157  -0.007651  0.015407  0.026546  -3.616968  0.004443  -0.550920  1.000000  
171.894163 -0.003855  -0.006563  0.008152  0.551143  0.818389  0.162726  -0.778971  0.574545  -0.251203  -0.299075  0.011690  0.954158  -0.007825  0.015863  0.027134  -3.624689  0.016298  -0.563375  1.000000  
171.895166 -0.003865  -0.006543  0.008184  0.551648  0.818717  0.159333  -0.778663  0.573981  -0.253437  -0.298947  0.015741  0.954140  -0.008015  0.016261  0.027599  -3.644976  0.028025  -0.576000  1.000000  
171.896174 -0.003873  -0.006522  0.008216  0.552151  0.818993  0.156138  -0.778354  0.573470  -0.255532  -0.298819  0.019561  0.954109  -0.008110  0.016821  0.028208  -3.663869  0.035088  -0.586981  1.000000  
171.897420 -0.003884  -0.006496  0.008256  0.552678  0.819420  0.151976  -0.778078  0.572672  -0.258148  -0.298564  0.024424  0.954077  -0.008234  0.017409  0.028693  -3.679914  0.050221  -0.586532  1.000000  
171.898420 -0.003893  -0.006474  0.008287  0.553205  0.819665  0.148708  -0.777802  0.572147  -0.260138  -0.298309  0.028245  0.954051  -0.008306  0.017946  0.029073  -3.690408  0.061661  -0.593005  1.000000  
171.899423 -0.003902  -0.006451  0.008319  0.553732  0.819878  0.145539  -0.777525  0.571646  -0.262059  -0.298053  0.031950  0.954014  -0.008463  0.018537  0.029576  -3.695810  0.073069  -0.599405  1.000000  
171.900429 -0.003910  -0.006427  0.008351  0.554258  0.820096  0.142271  -0.777248  0.571107  -0.264050  -0.297798  0.035772  0.953959  -0.008529  0.019139  0.029970  -3.709197  0.084421  -0.605872  1.000000  
171.901662 -0.003920  -0.006398  0.008391  0.554807  0.820448  0.138033  -0.777003  0.570275  -0.266559  -0.297415  0.040636  0.953883  -0.008532  0.019769  0.030322  -3.731523  0.099144  -0.607905  1.000000  
171.902668 -0.003929  -0.006373  0.008423  0.555333  0.820668  0.134567  -0.776725  0.569655  -0.268687  -0.297159  0.044689  0.953782  -0.008556  0.020448  0.030686  -3.745673  0.106196  -0.613213  1.000000  
