1-Time 2-Px 3-Py 4-Pz 5-R11 6-R21 7-R31 8-R12 9-R22 10-R32 11-R13 12-R23 13-R33 14-Vx 15-Vy 16-Vz 17-Wx 18-Wy 19-Wz 20-state
129.490059 0.010052  -0.011122  -0.008757  0.890485  0.445925  0.090483  -0.430643  0.890166  -0.148830  -0.146912  0.093565  0.984714  -0.000359  -0.000476  -0.000022  0.000000  0.000000  0.000000  1.000000  
129.491300 0.010051  -0.011122  -0.008756  0.890485  0.445925  0.090483  -0.430643  0.890166  -0.148830  -0.146912  0.093565  0.984714  -0.000944  0.000015  0.000439  0.000000  0.000000  0.000000  1.000000  
129.492546 0.010048  -0.011120  -0.008748  0.890467  0.445937  0.090602  -0.430635  0.890161  -0.148888  -0.147045  0.093563  0.984695  -0.002073  0.001263  0.004057  0.000000  0.000000  0.000000  1.000000  
129.493555 0.010044  -0.011117  -0.008740  0.890467  0.445937  0.090602  -0.430635  0.890161  -0.148888  -0.147045  0.093563  0.984695  -0.002508  0.001675  0.005215  0.000000  0.000000  0.000000  1.000000  
129.494568 0.010041  -0.011115  -0.008734  0.890378  0.446120  0.090571  -0.430818  0.890069  -0.148906  -0.147045  0.093563  0.984695  -0.002637  0.001793  0.005434  0.000000  0.000000  0.000000  1.000000  
129.495790 0.010038  -0.011111  -0.008726  0.890378  0.446120  0.090571  -0.430818  0.890069  -0.148906  -0.147045  0.093563  0.984695  -0.002641  0.002003  0.005585  0.000000  0.000000  0.000000  1.000000  
129.496803 0.010033  -0.011108  -0.008721  0.890378  0.446120  0.090571  -0.430818  0.890069  -0.148906  -0.147045  0.093563  0.984695  -0.002885  0.002224  0.005558  0.000000  0.000000  0.000000  1.000000  
129.497812 0.010028  -0.011104  -0.008715  0.890290  0.446303  0.090541  -0.431001  0.889977  -0.148925  -0.147045  0.093563  0.984695  -0.003253  0.002459  0.005496  0.000000  0.000000  0.000000  1.000000  
129.499062 0.010020  -0.011099  -0.008711  0.890290  0.446303  0.090541  -0.431001  0.889977  -0.148925  -0.147045  0.093563  0.984695  -0.003679  0.002712  0.005265  0.000000  0.000000  0.000000  1.000000  
129.500297 0.010012  -0.011094  -0.008704  0.890290  0.446303  0.090541  -0.431001  0.889977  -0.148925  -0.147045  0.093563  0.984695  -0.003977  0.002875  0.005260  0.000000  0.000000  0.000000  1.000000  
129.501315 0.010006  -0.011090  -0.008699  0.890307  0.446281  0.090476  -0.431010  0.890001  -0.148759  -0.146912  0.093446  0.984726  -0.004212  0.002975  0.005280  0.000000  0.000000  0.000000  1.000000  
129.502554 0.009998  -0.011084  -0.008689  0.890219  0.446464  0.090446  -0.431193  0.889909  -0.148778  -0.146912  0.093446  0.984726  -0.004391  0.003146  0.005504  0.000000  0.000000  0.000000  1.000000  
129.503804 0.009991  -0.011078  -0.008681  0.890219  0.446453  0.090500  -0.431193  0.889927  -0.148670  -0.146912  0.093326  0.984737  -0.004568  0.003323  0.005624  0.000000  0.000000  0.000000  1.000000  
129.505085 0.009981  -0.011072  -0.008670  0.890130  0.446636  0.090469  -0.431376  0.889835  -0.148689  -0.146912  0.093326  0.984737  -0.004816  0.003443  0.005879  0.000000  0.000000  0.000000  1.000000  
129.506293 0.009971  -0.011064  -0.008655  0.890112  0.446648  0.090588  -0.431368  0.889829  -0.148746  -0.147045  0.093324  0.984717  -0.005329  0.003865  0.006747  0.000000  0.000000  0.000000  1.000000  
129.507544 0.009963  -0.011055  -0.008641  0.890112  0.446637  0.090642  -0.431368  0.889848  -0.148638  -0.147045  0.093205  0.984729  -0.005619  0.004303  0.007086  0.000000  0.000000  0.000000  1.000000  
129.508546 0.009957  -0.011048  -0.008632  0.890112  0.446637  0.090642  -0.431368  0.889848  -0.148638  -0.147045  0.093205  0.984729  -0.005798  0.004626  0.007156  0.000000  0.000000  0.000000  1.000000  
129.509796 0.009950  -0.011037  -0.008624  0.890112  0.446637  0.090642  -0.431368  0.889848  -0.148638  -0.147045  0.093205  0.984729  -0.006050  0.005095  0.007202  0.000000  0.000000  0.000000  1.000000  
129.511044 0.009942  -0.011028  -0.008616  0.890112  0.446637  0.090642  -0.431368  0.889848  -0.148638  -0.147045  0.093205  0.984729  -0.006325  0.005571  0.007247  0.000000  0.000000  0.000000  1.000000  
129.512293 0.009933  -0.011019  -0.008605  0.890130  0.446614  0.090578  -0.431376  0.889871  -0.148473  -0.146912  0.093087  0.984760  -0.006482  0.005868  0.007587  0.000000  0.000000  0.000000  1.000000  
129.513297 0.009927  -0.011010  -0.008595  0.890130  0.446614  0.090578  -0.431376  0.889871  -0.148473  -0.146912  0.093087  0.984760  -0.006493  0.006155  0.007907  0.000000  0.000000  0.000000  1.000000  
129.514562 0.009918  -0.011000  -0.008580  0.890130  0.446614  0.090578  -0.431376  0.889871  -0.148473  -0.146912  0.093087  0.984760  -0.006552  0.006464  0.008576  0.000000  0.000000  0.000000  1.000000  
129.515812 0.009911  -0.010989  -0.008561  0.890236  0.446409  0.090544  -0.431202  0.889986  -0.148289  -0.146780  0.092970  0.984790  -0.006562  0.006863  0.009406  0.000000  0.000000  0.000000  1.000000  
129.517043 0.009902  -0.010978  -0.008543  0.890236  0.446409  0.090544  -0.431202  0.889986  -0.148289  -0.146780  0.092970  0.984790  -0.006650  0.007211  0.009981  0.000000  0.000000  0.000000  1.000000  
129.518045 0.009895  -0.010969  -0.008530  0.890254  0.446398  0.090425  -0.431210  0.889992  -0.148231  -0.146648  0.092971  0.984810  -0.006692  0.007447  0.010446  0.000000  0.000000  0.000000  1.000000  
129.519048 0.009889  -0.010961  -0.008519  0.890272  0.446387  0.090306  -0.431219  0.889997  -0.148174  -0.146515  0.092973  0.984830  -0.006640  0.007719  0.010632  0.000000  0.000000  0.000000  1.000000  
129.520064 0.009882  -0.010952  -0.008508  0.890272  0.446387  0.090306  -0.431219  0.889997  -0.148174  -0.146515  0.092973  0.984830  -0.006584  0.007987  0.010778  0.000000  0.000000  0.000000  1.000000  
129.521082 0.009877  -0.010943  -0.008499  0.890272  0.446387  0.090306  -0.431219  0.889997  -0.148174  -0.146515  0.092973  0.984830  -0.006413  0.008227  0.010525  0.000000  0.000000  0.000000  1.000000  
129.522295 0.009870  -0.010930  -0.008490  0.890289  0.446364  0.090242  -0.431227  0.890021  -0.148009  -0.146383  0.092856  0.984860  -0.006299  0.008451  0.010248  0.000000  0.000000  0.000000  1.000000  
129.523543 0.009864  -0.010918  -0.008482  0.890289  0.446364  0.090242  -0.431227  0.890021  -0.148009  -0.146383  0.092856  0.984860  -0.006232  0.008618  0.010033  0.000000  0.000000  0.000000  1.000000  
129.524546 0.009858  -0.010909  -0.008475  0.890307  0.446353  0.090123  -0.431236  0.890026  -0.147951  -0.146251  0.092857  0.984880  -0.006212  0.008697  0.010112  0.000000  0.000000  0.000000  1.000000  
129.525794 0.009852  -0.010899  -0.008465  0.890325  0.446342  0.090005  -0.431244  0.890031  -0.147894  -0.146118  0.092859  0.984899  -0.006127  0.008738  0.010218  0.000000  0.000000  0.000000  1.000000  
129.526794 0.009845  -0.010891  -0.008455  0.890413  0.446159  0.090035  -0.431061  0.890123  -0.147875  -0.146118  0.092859  0.984899  -0.006153  0.008729  0.010343  0.000000  0.000000  0.000000  1.000000  
129.528044 0.009838  -0.010881  -0.008440  0.890431  0.446137  0.089971  -0.431069  0.890147  -0.147710  -0.145986  0.092742  0.984930  -0.006039  0.008774  0.010488  0.000000  0.000000  0.000000  1.000000  
129.529046 0.009831  -0.010871  -0.008427  0.890448  0.446126  0.089852  -0.431078  0.890152  -0.147652  -0.145854  0.092744  0.984949  -0.005999  0.008863  0.010594  0.000000  0.000000  0.000000  1.000000  
129.530057 0.009825  -0.010862  -0.008415  0.890466  0.446114  0.089734  -0.431086  0.890157  -0.147595  -0.145721  0.092745  0.984969  -0.006004  0.008939  0.010463  0.000000  0.000000  0.000000  1.000000  
129.531080 0.009820  -0.010853  -0.008403  0.890466  0.446114  0.089734  -0.431086  0.890157  -0.147595  -0.145721  0.092745  0.984969  -0.005943  0.008964  0.010346  0.000000  0.000000  0.000000  1.000000  
129.532298 0.009813  -0.010841  -0.008392  0.890484  0.446103  0.089615  -0.431095  0.890163  -0.147538  -0.145589  0.092747  0.984988  -0.005852  0.008989  0.009819  0.000000  0.000000  0.000000  1.000000  
129.533303 0.009807  -0.010832  -0.008383  0.890501  0.446092  0.089496  -0.431103  0.890168  -0.147480  -0.145456  0.092749  0.985008  -0.005759  0.009028  0.009539  0.000000  0.000000  0.000000  1.000000  
129.534548 0.009801  -0.010818  -0.008374  0.890519  0.446081  0.089378  -0.431112  0.890174  -0.147423  -0.145324  0.092751  0.985027  -0.005603  0.009206  0.009299  0.000000  0.000000  0.000000  1.000000  
129.535549 0.009796  -0.010808  -0.008365  0.890519  0.446081  0.089378  -0.431112  0.890174  -0.147423  -0.145324  0.092751  0.985027  -0.005539  0.009345  0.009253  0.000000  0.000000  0.000000  1.000000  
129.536567 0.009792  -0.010797  -0.008354  0.890536  0.446070  0.089259  -0.431120  0.890179  -0.147365  -0.145192  0.092753  0.985046  -0.005449  0.009366  0.009466  0.000000  0.000000  0.000000  1.000000  
129.537795 0.009787  -0.010784  -0.008340  0.890642  0.445875  0.089171  -0.430945  0.890276  -0.147289  -0.145059  0.092754  0.985066  -0.005360  0.009473  0.009811  0.000000  0.000000  0.000000  1.000000  
129.539055 0.009782  -0.010772  -0.008325  0.890660  0.445864  0.089052  -0.430954  0.890282  -0.147232  -0.144927  0.092756  0.985085  -0.005285  0.009447  0.010231  0.000000  0.000000  0.000000  1.000000  
129.540293 0.009776  -0.010761  -0.008311  0.890677  0.445842  0.088988  -0.430962  0.890305  -0.147067  -0.144795  0.092639  0.985116  -0.005167  0.009448  0.010581  0.000000  0.000000  0.000000  1.000000  
129.541542 0.009771  -0.010750  -0.008296  0.890766  0.445659  0.089018  -0.430779  0.890397  -0.147048  -0.144795  0.092639  0.985116  -0.004999  0.009529  0.010791  0.000000  0.000000  0.000000  1.000000  
129.542543 0.009768  -0.010742  -0.008286  0.890783  0.445648  0.088899  -0.430787  0.890402  -0.146991  -0.144662  0.092640  0.985135  -0.004856  0.009575  0.010704  0.000000  0.000000  0.000000  1.000000  
129.543544 0.009765  -0.010732  -0.008276  0.890801  0.445637  0.088781  -0.430796  0.890407  -0.146934  -0.144530  0.092642  0.985154  -0.004623  0.009596  0.010483  0.000000  0.000000  0.000000  1.000000  
129.544549 0.009762  -0.010722  -0.008267  0.890889  0.445442  0.088865  -0.430612  0.890517  -0.146807  -0.144530  0.092523  0.985165  -0.004359  0.009599  0.010171  0.000000  0.000000  0.000000  1.000000  
129.545793 0.009760  -0.010711  -0.008259  0.890996  0.445248  0.088776  -0.430437  0.890614  -0.146732  -0.144397  0.092525  0.985185  -0.004093  0.009633  0.009839  0.000000  0.000000  0.000000  1.000000  
129.546794 0.009757  -0.010701  -0.008252  0.891013  0.445237  0.088658  -0.430446  0.890619  -0.146674  -0.144265  0.092526  0.985204  -0.003892  0.009690  0.009567  0.000000  0.000000  0.000000  1.000000  
129.547806 0.009755  -0.010691  -0.008243  0.891101  0.445053  0.088688  -0.430262  0.890711  -0.146656  -0.144265  0.092526  0.985204  -0.003668  0.009739  0.009621  0.000000  0.000000  0.000000  1.000000  
129.548810 0.009752  -0.010680  -0.008233  0.891207  0.444848  0.088653  -0.430087  0.890826  -0.146472  -0.144133  0.092409  0.985234  -0.003487  0.009746  0.009754  0.000000  0.000000  0.000000  1.000000  
129.550055 0.009750  -0.010666  -0.008218  0.891296  0.444665  0.088683  -0.429904  0.890917  -0.146454  -0.144133  0.092409  0.985234  -0.003203  0.009773  0.010101  0.000000  0.000000  0.000000  1.000000  
129.551304 0.009748  -0.010652  -0.008199  0.891490  0.444276  0.088679  -0.429545  0.891124  -0.146252  -0.144000  0.092291  0.985265  -0.003020  0.009796  0.010505  0.000000  0.000000  0.000000  1.000000  
129.552576 0.009745  -0.010639  -0.008180  0.891596  0.444081  0.088590  -0.429370  0.891220  -0.146177  -0.143868  0.092293  0.985284  -0.002855  0.009774  0.010774  0.000000  0.000000  0.000000  1.000000  
129.553823 0.009743  -0.010625  -0.008163  0.891702  0.443876  0.088555  -0.429195  0.891335  -0.145993  -0.143735  0.092175  0.985314  -0.002666  0.009978  0.010998  0.000000  0.000000  0.000000  1.000000  
129.555048 0.009739  -0.010611  -0.008148  0.891896  0.443498  0.088497  -0.428836  0.891523  -0.145900  -0.143603  0.092177  0.985333  -0.002531  0.010173  0.011031  0.000000  0.000000  0.000000  1.000000  
129.556292 0.009737  -0.010597  -0.008135  0.892107  0.443098  0.088373  -0.428485  0.891734  -0.145641  -0.143338  0.092061  0.985383  -0.002343  0.010378  0.010959  0.000000  0.000000  0.000000  1.000000  
129.557294 0.009736  -0.010585  -0.008124  0.892195  0.442914  0.088403  -0.428302  0.891825  -0.145623  -0.143338  0.092061  0.985383  -0.002208  0.010566  0.010986  0.000000  0.000000  0.000000  1.000000  
129.558294 0.009735  -0.010573  -0.008113  0.892389  0.442525  0.088397  -0.427943  0.892030  -0.145421  -0.143206  0.091943  0.985413  -0.002053  0.010739  0.011079  0.000000  0.000000  0.000000  1.000000  
129.559297 0.009733  -0.010562  -0.008101  0.892494  0.442320  0.088362  -0.427767  0.892144  -0.145238  -0.143073  0.091825  0.985443  -0.002026  0.010909  0.011272  0.000000  0.000000  0.000000  1.000000  
129.560550 0.009731  -0.010547  -0.008086  0.892687  0.441931  0.088357  -0.427408  0.892349  -0.145036  -0.142941  0.091708  0.985473  -0.001958  0.011091  0.011702  0.000000  0.000000  0.000000  1.000000  
129.561792 0.009728  -0.010532  -0.008069  0.892968  0.441358  0.088381  -0.426865  0.892645  -0.144816  -0.142808  0.091590  0.985503  -0.001910  0.011277  0.012216  0.064202  0.078097  -0.171047  1.000000  
129.563045 0.009726  -0.010517  -0.008052  0.893178  0.440957  0.088256  -0.426513  0.892855  -0.144558  -0.142544  0.091474  0.985553  -0.001850  0.011412  0.012630  0.070168  0.081258  -0.184929  1.000000  
129.564293 0.009723  -0.010501  -0.008034  0.893266  0.440763  0.088339  -0.426330  0.892963  -0.144432  -0.142544  0.091354  0.985564  -0.001836  0.011582  0.012862  0.075224  0.080663  -0.191746  1.000000  
129.565303 0.009721  -0.010489  -0.008019  0.893459  0.440373  0.088333  -0.425970  0.893167  -0.144230  -0.142411  0.091237  0.985594  -0.001897  0.011645  0.012916  0.081197  0.079390  -0.205217  1.000000  
129.566557 0.009719  -0.010472  -0.008003  0.893547  0.440168  0.088469  -0.425786  0.893293  -0.143995  -0.142411  0.090997  0.985616  -0.001941  0.011827  0.012812  0.090289  0.074369  -0.211631  1.000000  
129.567794 0.009716  -0.010455  -0.007988  0.893739  0.439778  0.088463  -0.425426  0.893496  -0.143794  -0.142279  0.090880  0.985646  -0.001940  0.012082  0.012581  0.095258  0.073724  -0.218315  1.000000  
129.569041 0.009712  -0.010439  -0.007974  0.893948  0.439367  0.088391  -0.425074  0.893723  -0.143427  -0.142014  0.090644  0.985706  -0.001968  0.012259  0.012442  0.105320  0.076968  -0.232357  1.000000  
129.570058 0.009709  -0.010425  -0.007961  0.894053  0.439161  0.088354  -0.424899  0.893836  -0.143244  -0.141881  0.090526  0.985736  -0.002021  0.012409  0.012497  0.107058  0.076931  -0.240882  1.000000  
129.571317 0.009706  -0.010406  -0.007943  0.894262  0.438750  0.088281  -0.424547  0.894062  -0.142878  -0.141616  0.090290  0.985795  -0.002048  0.012764  0.012798  0.116130  0.085251  -0.248444  1.000000  
129.572544 0.009703  -0.010388  -0.007922  0.894471  0.438339  0.088208  -0.424195  0.894287  -0.142511  -0.141352  0.090055  0.985855  -0.002150  0.013031  0.013280  0.126302  0.088558  -0.262680  1.000000  
129.573792 0.009699  -0.010370  -0.007901  0.894576  0.438122  0.088225  -0.424019  0.894417  -0.142220  -0.141219  0.089817  0.985896  -0.002324  0.013192  0.013760  0.134436  0.088599  -0.262702  1.000000  
129.574793 0.009696  -0.010355  -0.007882  0.894680  0.437906  0.088241  -0.423843  0.894547  -0.141928  -0.141087  0.089580  0.985936  -0.002389  0.013399  0.014271  0.139491  0.088031  -0.269558  1.000000  
129.576043 0.009693  -0.010336  -0.007860  0.894784  0.437689  0.088257  -0.423666  0.894676  -0.141636  -0.140954  0.089342  0.985977  -0.002447  0.013708  0.014641  0.147596  0.092522  -0.269903  1.000000  
129.577045 0.009690  -0.010320  -0.007843  0.894888  0.437473  0.088273  -0.423490  0.894806  -0.141345  -0.140822  0.089105  0.986017  -0.002513  0.013974  0.014833  0.155707  0.092550  -0.269882  1.000000  
129.578292 0.009686  -0.010300  -0.007824  0.895097  0.437051  0.088252  -0.423138  0.895048  -0.140870  -0.140557  0.088749  0.986087  -0.002588  0.014260  0.014923  0.164472  0.099516  -0.282057  1.000000  
129.579539 0.009683  -0.010280  -0.007807  0.895218  0.436813  0.088201  -0.422970  0.895199  -0.140413  -0.140292  0.088394  0.986157  -0.002645  0.014526  0.014908  0.175625  0.104660  -0.275767  1.000000  
129.580543 0.009680  -0.010265  -0.007793  0.895322  0.436597  0.088217  -0.422793  0.895328  -0.140121  -0.140159  0.088156  0.986197  -0.002724  0.014683  0.014895  0.183608  0.104651  -0.275651  1.000000  
129.581557 0.009677  -0.010250  -0.007779  0.895513  0.436196  0.088261  -0.422433  0.895546  -0.139812  -0.140027  0.087919  0.986237  -0.002773  0.014849  0.014925  0.188591  0.108515  -0.282781  1.000000  
129.582809 0.009674  -0.010231  -0.007761  0.895634  0.435948  0.088262  -0.422264  0.895714  -0.139246  -0.139762  0.087444  0.986316  -0.002781  0.014993  0.015207  0.206472  0.109527  -0.285223  1.000000  
129.584042 0.009670  -0.010213  -0.007741  0.895737  0.435720  0.088330  -0.422088  0.895859  -0.138846  -0.139629  0.087086  0.986367  -0.002808  0.015097  0.015524  0.211782  0.109272  -0.275992  1.000000  
129.585044 0.009667  -0.010198  -0.007724  0.895841  0.435504  0.088345  -0.421911  0.895987  -0.138554  -0.139497  0.086849  0.986407  -0.002768  0.015169  0.015831  0.219867  0.113755  -0.276404  1.000000  
129.586064 0.009665  -0.010181  -0.007705  0.896032  0.435092  0.088441  -0.421550  0.896222  -0.138135  -0.139364  0.086491  0.986457  -0.002789  0.015254  0.016080  0.229598  0.110193  -0.278036  1.000000  
129.587298 0.009662  -0.010162  -0.007682  0.896239  0.434670  0.088417  -0.421197  0.896461  -0.137660  -0.139099  0.086136  0.986525  -0.002783  0.015305  0.016261  0.241911  0.114787  -0.278595  1.000000  
129.588307 0.009660  -0.010146  -0.007663  0.896446  0.434248  0.088393  -0.420844  0.896700  -0.137186  -0.138834  0.085780  0.986594  -0.002695  0.015399  0.016381  0.250903  0.123147  -0.286086  1.000000  
129.589542 0.009656  -0.010127  -0.007641  0.896653  0.433815  0.088421  -0.420491  0.896955  -0.136602  -0.138569  0.085304  0.986672  -0.002715  0.015503  0.016317  0.263212  0.123307  -0.286231  1.000000  
129.590793 0.009654  -0.010106  -0.007621  0.896859  0.433393  0.088396  -0.420137  0.897192  -0.136127  -0.138304  0.084948  0.986740  -0.002668  0.015587  0.016204  0.271310  0.127855  -0.286609  1.000000  
129.591793 0.009652  -0.010090  -0.007604  0.897066  0.432971  0.088370  -0.419783  0.897430  -0.135652  -0.138039  0.084593  0.986808  -0.002621  0.015604  0.016230  0.279376  0.132387  -0.286951  1.000000  
129.592795 0.009649  -0.010074  -0.007587  0.897255  0.432548  0.088516  -0.419422  0.897678  -0.135124  -0.137907  0.084115  0.986867  -0.002601  0.015644  0.016360  0.291601  0.132488  -0.286947  1.000000  
129.593801 0.009647  -0.010057  -0.007569  0.897548  0.431941  0.088518  -0.418883  0.898004  -0.134631  -0.137642  0.083759  0.986934  -0.002563  0.015661  0.016596  0.301563  0.140261  -0.301271  1.000000  
129.594855 0.009644  -0.010042  -0.007550  0.897753  0.431519  0.088491  -0.418529  0.898240  -0.134156  -0.137377  0.083403  0.987001  -0.002549  0.015589  0.016856  0.310289  0.144052  -0.308132  1.000000  
129.596046 0.009640  -0.010023  -0.007525  0.898045  0.430890  0.088595  -0.417990  0.898597  -0.133445  -0.137112  0.082808  0.987088  -0.002611  0.015640  0.017437  0.325228  0.151452  -0.313499  1.000000  
129.597291 0.009636  -0.010004  -0.007501  0.898336  0.430272  0.088647  -0.417451  0.898937  -0.132843  -0.136847  0.082332  0.987165  -0.002616  0.015613  0.017775  0.335235  0.154849  -0.327445  1.000000  
129.598297 0.009633  -0.009989  -0.007482  0.898644  0.429644  0.088578  -0.416919  0.899281  -0.132185  -0.136449  0.081857  0.987259  -0.002610  0.015598  0.018090  0.351194  0.164627  -0.337800  1.000000  
129.599298 0.009630  -0.009975  -0.007463  0.898848  0.429211  0.088601  -0.416564  0.899531  -0.131601  -0.136184  0.081381  0.987335  -0.002625  0.015572  0.018291  0.361314  0.167221  -0.342126  1.000000  
129.600300 0.009628  -0.009961  -0.007443  0.899138  0.428603  0.088598  -0.416024  0.899852  -0.131108  -0.135919  0.081025  0.987401  -0.002627  0.015502  0.018422  0.366154  0.166703  -0.348794  1.000000  
129.601306 0.009625  -0.009946  -0.007425  0.899428  0.427985  0.088647  -0.415484  0.900189  -0.130506  -0.135654  0.080549  0.987477  -0.002687  0.015452  0.018394  0.380192  0.170111  -0.362748  1.000000  
129.602571 0.009622  -0.009927  -0.007404  0.899819  0.427160  0.088654  -0.414766  0.900634  -0.129721  -0.135256  0.079954  0.987579  -0.002653  0.015302  0.018181  0.396859  0.174753  -0.379251  1.000000  
129.603828 0.009619  -0.009909  -0.007384  0.900125  0.426521  0.088632  -0.414233  0.900989  -0.128954  -0.134858  0.079360  0.987682  -0.002611  0.015251  0.018001  0.410777  0.182646  -0.393494  1.000000  
129.605049 0.009616  -0.009891  -0.007363  0.900429  0.425882  0.088610  -0.413700  0.901344  -0.128187  -0.134461  0.078765  0.987784  -0.002643  0.015107  0.018003  0.420221  0.191409  -0.401433  1.000000  
129.606291 0.009612  -0.009873  -0.007340  0.900802  0.425066  0.088733  -0.412973  0.901781  -0.127457  -0.134195  0.078169  0.987867  -0.002717  0.014979  0.018144  0.435463  0.194427  -0.422454  1.000000  
129.607292 0.009609  -0.009858  -0.007322  0.901021  0.424613  0.088683  -0.412624  0.902046  -0.126708  -0.133798  0.077574  0.987968  -0.002786  0.014866  0.018292  0.448456  0.198486  -0.429548  1.000000  
129.608547 0.009605  -0.009840  -0.007297  0.901409  0.423788  0.088683  -0.411905  0.902484  -0.125923  -0.133400  0.076979  0.988068  -0.002805  0.014744  0.018443  0.459194  0.205870  -0.450566  1.000000  
129.609796 0.009601  -0.009822  -0.007271  0.901712  0.423138  0.088708  -0.411370  0.902850  -0.125046  -0.133002  0.076264  0.988177  -0.002851  0.014696  0.018715  0.472259  0.210042  -0.457711  1.000000  
129.610800 0.009599  -0.009808  -0.007250  0.902015  0.422509  0.088629  -0.410835  0.903184  -0.124389  -0.132604  0.075788  0.988267  -0.002794  0.014587  0.018643  0.482675  0.213787  -0.472202  1.000000  
129.612042 0.009595  -0.009789  -0.007227  0.902333  0.421850  0.088532  -0.410307  0.903552  -0.123458  -0.132074  0.075075  0.988393  -0.002733  0.014591  0.018614  0.492329  0.224405  -0.482658  1.000000  
129.613293 0.009592  -0.009771  -0.007204  0.902634  0.421200  0.088553  -0.409772  0.903914  -0.122581  -0.131676  0.074359  0.988500  -0.002742  0.014536  0.018578  0.505972  0.232345  -0.496613  1.000000  
129.614544 0.009590  -0.009753  -0.007181  0.903019  0.420364  0.088599  -0.409050  0.904362  -0.121686  -0.131278  0.073644  0.988606  -0.002651  0.014578  0.018475  0.519972  0.236035  -0.510592  1.000000  
129.615549 0.009588  -0.009738  -0.007164  0.903236  0.419911  0.088542  -0.408700  0.904621  -0.120937  -0.130880  0.073048  0.988703  -0.002552  0.014603  0.018357  0.532832  0.244564  -0.517941  1.000000  
129.616553 0.009588  -0.009723  -0.007147  0.903452  0.419459  0.088485  -0.408350  0.904879  -0.120189  -0.130482  0.072452  0.988800  -0.002457  0.014631  0.018235  0.541238  0.253919  -0.518987  1.000000  
129.617797 0.009587  -0.009704  -0.007125  0.903767  0.418789  0.088432  -0.407820  0.905255  -0.119148  -0.129951  0.071618  0.988931  -0.002312  0.014687  0.018327  0.558068  0.264502  -0.530106  1.000000  
129.618807 0.009586  -0.009689  -0.007108  0.904066  0.418150  0.088397  -0.407283  0.905597  -0.118381  -0.129553  0.071022  0.989026  -0.002181  0.014676  0.018382  0.566750  0.268589  -0.536973  1.000000  
129.619819 0.009586  -0.009674  -0.007090  0.904281  0.417687  0.088388  -0.406932  0.905867  -0.117522  -0.129155  0.070305  0.989129  -0.002030  0.014692  0.018467  0.578517  0.273227  -0.536938  1.000000  
129.621051 0.009585  -0.009656  -0.007068  0.904596  0.417019  0.088332  -0.406402  0.906239  -0.116481  -0.128625  0.069470  0.989257  -0.001856  0.014714  0.018443  0.591812  0.282180  -0.544644  1.000000  
129.622293 0.009584  -0.009638  -0.007047  0.904909  0.416350  0.088274  -0.405871  0.906610  -0.115440  -0.128094  0.068635  0.989384  -0.001669  0.014656  0.018333  0.604229  0.291699  -0.545539  1.000000  
129.623293 0.009584  -0.009624  -0.007030  0.905206  0.415711  0.088235  -0.405333  0.906948  -0.114674  -0.127696  0.068039  0.989477  -0.001482  0.014669  0.018090  0.612928  0.295824  -0.552425  1.000000  
129.624549 0.009584  -0.009605  -0.007009  0.905534  0.415024  0.088104  -0.404809  0.907334  -0.113468  -0.127032  0.067084  0.989627  -0.001198  0.014700  0.017716  0.630197  0.310272  -0.554331  1.000000  
129.625795 0.009585  -0.009587  -0.006991  0.905846  0.414356  0.088043  -0.404277  0.907700  -0.112427  -0.126501  0.066248  0.989752  -0.000933  0.014729  0.017317  0.636653  0.320315  -0.556308  1.000000  
129.626849 0.009586  -0.009572  -0.006977  0.906142  0.413708  0.088050  -0.403738  0.908048  -0.111551  -0.126103  0.065531  0.989850  -0.000663  0.014692  0.016844  0.648633  0.322693  -0.559685  1.000000  
129.628057 0.009588  -0.009553  -0.006958  0.906453  0.413029  0.088036  -0.403206  0.908425  -0.110399  -0.125572  0.064575  0.989981  -0.000296  0.014814  0.016637  0.660763  0.328650  -0.553870  1.000000  
129.629292 0.009590  -0.009533  -0.006938  0.906861  0.412157  0.087921  -0.402494  0.908889  -0.109176  -0.124908  0.063620  0.990126  -0.000056  0.014912  0.016456  0.673336  0.338838  -0.563903  1.000000  
129.630542 0.009592  -0.009513  -0.006917  0.907268  0.411284  0.087805  -0.401780  0.909351  -0.107953  -0.124245  0.062664  0.990271  0.000252  0.015059  0.016474  0.690095  0.351630  -0.562263  1.000000  
129.631563 0.009594  -0.009497  -0.006900  0.907562  0.410635  0.087807  -0.401240  0.909693  -0.107076  -0.123846  0.061947  0.990366  0.000417  0.015061  0.016423  0.698377  0.351196  -0.568471  1.000000  
129.632810 0.009596  -0.009477  -0.006879  0.907952  0.409771  0.087807  -0.400519  0.910147  -0.105907  -0.123315  0.060990  0.990492  0.000628  0.015101  0.016468  0.710670  0.360755  -0.569090  1.000000  
129.633813 0.009598  -0.009462  -0.006862  0.908327  0.408935  0.087828  -0.399791  0.910571  -0.105012  -0.122917  0.060272  0.990585  0.000786  0.015124  0.016314  0.718944  0.361787  -0.578451  1.000000  
129.635048 0.009601  -0.009442  -0.006843  0.908716  0.408070  0.087825  -0.399070  0.911022  -0.103842  -0.122386  0.059315  0.990709  0.001061  0.015264  0.016242  0.731332  0.366032  -0.585007  1.000000  
129.636057 0.009603  -0.009427  -0.006829  0.909089  0.407235  0.087843  -0.398341  0.911442  -0.102947  -0.121987  0.058596  0.990800  0.001220  0.015309  0.015931  0.740916  0.373760  -0.589653  1.000000  
129.637072 0.009605  -0.009412  -0.006816  0.909462  0.406398  0.087859  -0.397612  0.911861  -0.102052  -0.121589  0.057878  0.990892  0.001471  0.015331  0.015632  0.746155  0.373026  -0.602816  1.000000  
129.638299 0.009607  -0.009393  -0.006800  0.909930  0.405346  0.087871  -0.396701  0.912390  -0.100864  -0.121058  0.056920  0.991012  0.001579  0.015380  0.015325  0.759748  0.377899  -0.610316  1.000000  
129.639546 0.009610  -0.009375  -0.006784  0.910316  0.404482  0.087861  -0.395978  0.912832  -0.099694  -0.120526  0.055962  0.991131  0.001736  0.015402  0.014998  0.768549  0.382466  -0.617214  1.000000  
129.640553 0.009612  -0.009360  -0.006771  0.910686  0.403635  0.087921  -0.395247  0.913258  -0.098688  -0.120128  0.055123  0.991227  0.001875  0.015404  0.014906  0.781333  0.382382  -0.623772  1.000000  
129.641796 0.009615  -0.009341  -0.006755  0.911166  0.402576  0.087804  -0.394341  0.913783  -0.097447  -0.119464  0.054166  0.991360  0.001942  0.015440  0.014905  0.790837  0.386486  -0.637463  1.000000  
129.642813 0.009617  -0.009326  -0.006740  0.911534  0.401728  0.087860  -0.393610  0.914205  -0.096441  -0.119065  0.053327  0.991453  0.001965  0.015378  0.014766  0.799159  0.390752  -0.643950  1.000000  
129.644049 0.009620  -0.009307  -0.006722  0.912078  0.400477  0.087929  -0.392509  0.914816  -0.095124  -0.118534  0.052248  0.991574  0.002038  0.015300  0.014652  0.814048  0.390223  -0.664510  1.000000  
129.645295 0.009622  -0.009288  -0.006704  0.912606  0.399231  0.088117  -0.391400  0.915421  -0.093859  -0.118135  0.051168  0.991678  0.001995  0.015221  0.014382  0.826931  0.385979  -0.686133  1.000000  
129.646544 0.009624  -0.009268  -0.006688  0.913227  0.397791  0.088198  -0.390110  0.916108  -0.092524  -0.117604  0.050088  0.991797  0.002020  0.015260  0.014138  0.842279  0.389426  -0.713391  1.000000  
129.647545 0.009625  -0.009253  -0.006675  0.913672  0.396754  0.088264  -0.389188  0.916603  -0.091498  -0.117205  0.049248  0.991886  0.001993  0.015214  0.013832  0.851533  0.388994  -0.726523  1.000000  
129.648553 0.009627  -0.009237  -0.006663  0.914115  0.395728  0.088279  -0.388266  0.917085  -0.090584  -0.116807  0.048529  0.991968  0.001989  0.015255  0.013523  0.856114  0.387579  -0.745912  1.000000  
129.649808 0.009628  -0.009218  -0.006649  0.914637  0.394481  0.088455  -0.387154  0.917678  -0.089318  -0.116408  0.047448  0.992067  0.001861  0.015172  0.013154  0.864398  0.383494  -0.766764  1.000000  
129.651059 0.009630  -0.009198  -0.006634  0.915251  0.393049  0.088476  -0.385860  0.918342  -0.088093  -0.115876  0.046488  0.992175  0.001826  0.015276  0.012963  0.873753  0.381771  -0.793208  1.000000  
129.652293 0.009630  -0.009179  -0.006620  0.915863  0.391605  0.088541  -0.384565  0.919012  -0.086757  -0.115345  0.045408  0.992287  0.001665  0.015300  0.012836  0.884430  0.380771  -0.819927  1.000000  
129.653306 0.009631  -0.009164  -0.006608  0.916301  0.390557  0.088642  -0.383640  0.919505  -0.085620  -0.114946  0.044447  0.992377  0.001609  0.015314  0.012782  0.894394  0.380135  -0.839854  1.000000  
129.654308 0.009633  -0.009148  -0.006595  0.916738  0.389518  0.088693  -0.382714  0.919986  -0.084594  -0.114547  0.043606  0.992460  0.001545  0.015375  0.012834  0.899941  0.375617  -0.853236  1.000000  
129.655560 0.009634  -0.009128  -0.006580  0.917331  0.388079  0.088871  -0.381410  0.920644  -0.083308  -0.114149  0.042525  0.992553  0.001428  0.015431  0.012699  0.910834  0.370367  -0.879913  1.000000  
129.656798 0.009635  -0.009108  -0.006566  0.917858  0.386824  0.088905  -0.380300  0.921222  -0.081989  -0.113617  0.041444  0.992660  0.001330  0.015550  0.012549  0.919531  0.372271  -0.894978  1.000000  
129.658046 0.009635  -0.009089  -0.006553  0.918369  0.385562  0.089106  -0.379183  0.921804  -0.080609  -0.113218  0.040242  0.992755  0.001175  0.015591  0.012178  0.928414  0.367200  -0.913585  1.000000  
129.659294 0.009637  -0.009068  -0.006543  0.918893  0.384307  0.089134  -0.378072  0.922375  -0.079290  -0.112686  0.039160  0.992859  0.001135  0.015712  0.011667  0.935938  0.361754  -0.926836  1.000000  
129.660546 0.009638  -0.009048  -0.006533  0.919478  0.382865  0.089297  -0.376764  0.923019  -0.078003  -0.112287  0.038078  0.992946  0.001027  0.015764  0.011152  0.941965  0.352673  -0.946635  1.000000  
129.661794 0.009640  -0.009027  -0.006524  0.919985  0.381613  0.089441  -0.375645  0.923581  -0.076734  -0.111889  0.036996  0.993032  0.000998  0.015847  0.010678  0.949103  0.349865  -0.959705  1.000000  
129.662794 0.009641  -0.009010  -0.006518  0.920412  0.380573  0.089474  -0.374715  0.924044  -0.075707  -0.111490  0.036154  0.993108  0.000959  0.015905  0.010314  0.950168  0.349948  -0.972904  1.000000  
129.664043 0.009641  -0.008990  -0.006509  0.920993  0.379130  0.089627  -0.373405  0.924679  -0.074419  -0.111091  0.035072  0.993191  0.000937  0.016006  0.009918  0.960086  0.345403  -0.992701  1.000000  
129.665057 0.009643  -0.008974  -0.006501  0.921404  0.378082  0.089824  -0.372468  0.925144  -0.073329  -0.110825  0.034109  0.993254  0.000900  0.016035  0.009698  0.967350  0.340143  -0.999904  1.000000  
129.666306 0.009644  -0.008953  -0.006490  0.921905  0.376828  0.089956  -0.371346  0.925694  -0.072058  -0.110426  0.033026  0.993335  0.000930  0.016145  0.009361  0.972338  0.336559  -1.006855  1.000000  
129.667558 0.009646  -0.008931  -0.006480  0.922417  0.375570  0.089962  -0.370229  0.926243  -0.070738  -0.109894  0.031944  0.993430  0.001038  0.016229  0.009058  0.977061  0.338353  -1.011593  1.000000  
129.668806 0.009649  -0.008909  -0.006470  0.922991  0.374125  0.090102  -0.368915  0.926865  -0.069449  -0.109495  0.030860  0.993508  0.001097  0.016433  0.008765  0.979123  0.334153  -1.031683  1.000000  
129.669820 0.009650  -0.008893  -0.006463  0.923322  0.373277  0.090229  -0.368166  0.927234  -0.068489  -0.109229  0.030018  0.993563  0.001141  0.016458  0.008324  0.980914  0.328826  -1.031620  1.000000  
129.671045 0.009654  -0.008871  -0.006455  0.923816  0.372011  0.090394  -0.367041  0.927781  -0.067105  -0.108830  0.028814  0.993643  0.001316  0.016638  0.007872  0.990973  0.326804  -1.037323  1.000000  
129.672294 0.009657  -0.008848  -0.006449  0.924385  0.370564  0.090525  -0.365726  0.928393  -0.065814  -0.108431  0.027730  0.993717  0.001461  0.016778  0.007448  0.992069  0.322923  -1.050476  1.000000  
129.673544 0.009661  -0.008826  -0.006443  0.924876  0.369308  0.090638  -0.364600  0.928925  -0.064542  -0.108032  0.026647  0.993790  0.001648  0.016911  0.007098  0.991587  0.319612  -1.050004  1.000000  
129.674793 0.009665  -0.008804  -0.006436  0.925291  0.368232  0.090780  -0.363663  0.929386  -0.063175  -0.107633  0.025442  0.993865  0.001821  0.017058  0.006801  0.998467  0.316581  -1.042779  1.000000  
129.676044 0.009668  -0.008783  -0.006429  0.925767  0.366967  0.091056  -0.362530  0.929918  -0.061838  -0.107367  0.024237  0.993924  0.001929  0.017079  0.006639  1.002135  0.313315  -1.042253  1.000000  
129.677046 0.009671  -0.008767  -0.006425  0.926105  0.366104  0.091090  -0.361784  0.930283  -0.060715  -0.106968  0.023274  0.993990  0.002091  0.017092  0.006525  1.004373  0.313017  -1.036758  1.000000  
129.678296 0.009674  -0.008746  -0.006418  0.926591  0.364835  0.091236  -0.360655  0.930810  -0.059329  -0.106569  0.022069  0.994060  0.002235  0.017138  0.006440  1.008617  0.311264  -1.034791  1.000000  
129.679360 0.009677  -0.008730  -0.006411  0.926914  0.363975  0.091390  -0.359902  0.931170  -0.058254  -0.106303  0.021105  0.994110  0.002320  0.017056  0.006282  1.012037  0.310375  -1.020023  1.000000  
129.680553 0.009680  -0.008709  -0.006406  0.927398  0.362706  0.091530  -0.358772  0.931691  -0.056867  -0.105903  0.019900  0.994177  0.002531  0.017105  0.006000  1.016882  0.307904  -1.014720  1.000000  
129.681561 0.009683  -0.008693  -0.006402  0.927719  0.361845  0.091679  -0.358019  0.932046  -0.055792  -0.105637  0.018936  0.994224  0.002550  0.016998  0.005694  1.019927  0.304577  -1.007526  1.000000  
129.682809 0.009686  -0.008673  -0.006397  0.928187  0.360577  0.091937  -0.356883  0.932561  -0.054452  -0.105371  0.017730  0.994275  0.002716  0.016897  0.005283  1.023254  0.297084  -1.000467  1.000000  
129.684056 0.009690  -0.008653  -0.006393  0.928581  0.359501  0.092181  -0.355937  0.932998  -0.053130  -0.105105  0.016525  0.994324  0.002770  0.016852  0.005012  1.026398  0.291134  -0.991600  1.000000  
129.685303 0.009694  -0.008634  -0.006389  0.929046  0.358221  0.092476  -0.354800  0.933513  -0.051676  -0.104839  0.015199  0.994373  0.002824  0.016689  0.004748  1.033304  0.286376  -0.985752  1.000000  
129.686320 0.009697  -0.008618  -0.006385  0.929351  0.357360  0.092741  -0.354040  0.933858  -0.050646  -0.104706  0.014234  0.994401  0.002811  0.016514  0.004567  1.035432  0.278222  -0.977508  1.000000  
129.687546 0.009700  -0.008598  -0.006379  0.929813  0.356079  0.093030  -0.352901  0.934367  -0.049190  -0.104440  0.012907  0.994447  0.002776  0.016335  0.004577  1.040797  0.272379  -0.983253  1.000000  
129.688548 0.009702  -0.008583  -0.006374  0.930117  0.355218  0.093291  -0.352140  0.934707  -0.048160  -0.104307  0.011943  0.994473  0.002751  0.016201  0.004570  1.043762  0.267442  -0.971150  1.000000  
129.689575 0.009704  -0.008568  -0.006368  0.930420  0.354344  0.093593  -0.351379  0.935052  -0.047015  -0.104174  0.010857  0.994500  0.002689  0.015963  0.004614  1.048921  0.259065  -0.961982  1.000000  
129.690796 0.009706  -0.008550  -0.006361  0.930735  0.353458  0.093811  -0.350623  0.935401  -0.045710  -0.103907  0.009651  0.994540  0.002589  0.015775  0.004651  1.047592  0.256531  -0.942088  1.000000  
129.692046 0.009708  -0.008533  -0.006354  0.931108  0.352380  0.094161  -0.349669  0.935819  -0.044431  -0.103774  0.008445  0.994565  0.002415  0.015488  0.004679  1.050468  0.244248  -0.934513  1.000000  
129.693296 0.009709  -0.008516  -0.006348  0.931480  0.351289  0.094551  -0.348716  0.936240  -0.043038  -0.103641  0.007118  0.994589  0.002328  0.015283  0.004604  1.057785  0.238785  -0.926460  1.000000  
129.694296 0.009710  -0.008503  -0.006345  0.931780  0.350426  0.094802  -0.347953  0.936570  -0.042005  -0.103508  0.006153  0.994610  0.002247  0.015183  0.004463  1.061494  0.233182  -0.920625  1.000000  
129.695546 0.009711  -0.008486  -0.006341  0.932151  0.349345  0.095144  -0.346999  0.936981  -0.040725  -0.103375  0.004947  0.994630  0.002066  0.014850  0.004315  1.059929  0.223192  -0.912065  1.000000  
129.696552 0.009712  -0.008473  -0.006339  0.932508  0.348288  0.095524  -0.346039  0.937379  -0.039717  -0.103375  0.003981  0.994634  0.001945  0.014652  0.004236  1.063890  0.215110  -0.911743  1.000000  
129.697814 0.009713  -0.008457  -0.006335  0.932863  0.347207  0.095986  -0.345079  0.937784  -0.038481  -0.103375  0.002775  0.994639  0.001759  0.014372  0.004165  1.065648  0.200333  -0.897653  1.000000  
129.699052 0.009713  -0.008442  -0.006332  0.933231  0.346136  0.096279  -0.344123  0.938183  -0.037312  -0.103242  0.001689  0.994655  0.001504  0.014068  0.004081  1.065454  0.195214  -0.890580  1.000000  
129.700307 0.009713  -0.008426  -0.006327  0.933585  0.345053  0.096736  -0.343163  0.938583  -0.036075  -0.103242  0.000483  0.994656  0.001267  0.013782  0.004150  1.068877  0.183010  -0.883583  1.000000  
129.701558 0.009713  -0.008411  -0.006322  0.933938  0.343969  0.097190  -0.342201  0.938981  -0.034836  -0.103242  -0.000724  0.994656  0.001011  0.013474  0.004078  1.071038  0.167714  -0.875929  1.000000  
129.702819 0.009713  -0.008396  -0.006318  0.934276  0.342896  0.097725  -0.341235  0.939372  -0.033756  -0.103375  -0.001810  0.994641  0.000816  0.013220  0.004035  1.065618  0.150760  -0.868236  1.000000  
129.703826 0.009712  -0.008385  -0.006315  0.934487  0.342233  0.098037  -0.340658  0.939612  -0.032898  -0.103375  -0.002654  0.994639  0.000610  0.012914  0.003796  1.063858  0.142649  -0.854115  1.000000  
129.705054 0.009710  -0.008370  -0.006312  0.934907  0.340952  0.098491  -0.339504  0.940073  -0.031637  -0.103375  -0.003861  0.994635  0.000336  0.012698  0.003483  1.065213  0.130233  -0.861335  1.000000  
129.706296 0.009709  -0.008356  -0.006310  0.935256  0.339877  0.098894  -0.338541  0.940457  -0.030509  -0.103375  -0.004947  0.994630  0.000197  0.012508  0.003166  1.060672  0.117852  -0.854546  1.000000  
129.707545 0.009708  -0.008341  -0.006309  0.935521  0.338981  0.099456  -0.337766  0.940773  -0.029331  -0.103508  -0.006153  0.994610  -0.000007  0.012337  0.002851  1.059856  0.104415  -0.847185  1.000000  
129.708547 0.009708  -0.008330  -0.006309  0.935799  0.338110  0.099808  -0.336995  0.941080  -0.028336  -0.103508  -0.007118  0.994603  -0.000140  0.012156  0.002573  1.058872  0.092823  -0.840253  1.000000  
