1-Time 2-Px 3-Py 4-Pz 5-R11 6-R21 7-R31 8-R12 9-R22 10-R32 11-R13 12-R23 13-R33 14-Vx 15-Vy 16-Vz 17-Wx 18-Wy 19-Wz 20-state
82.086697 -0.000299  -0.007579  0.005368  0.534030  0.665803  0.521074  -0.799321  0.598421  0.054562  -0.275494  -0.445643  0.851766  -0.000296  0.000217  -0.000416  -0.075773  -0.226961  0.181629  1.000000  
82.087819 -0.000299  -0.007579  0.005368  0.533845  0.665893  0.521149  -0.799401  0.598334  0.054360  -0.275623  -0.445626  0.851733  0.000395  0.000922  -0.000537  -0.075820  -0.226990  0.181647  1.000000  
82.089062 -0.000296  -0.007575  0.005363  0.533660  0.665983  0.521223  -0.799480  0.598246  0.054158  -0.275752  -0.445609  0.851700  0.001418  0.002020  -0.002525  -0.075222  -0.229096  0.178099  1.000000  
82.090070 -0.000293  -0.007571  0.005359  0.533660  0.665983  0.521223  -0.799480  0.598246  0.054158  -0.275752  -0.445609  0.851700  0.001797  0.002769  -0.003105  -0.073960  -0.223904  0.175744  1.000000  
82.091081 -0.000290  -0.007568  0.005354  0.533475  0.666073  0.521297  -0.799559  0.598159  0.053956  -0.275880  -0.445592  0.851668  0.002151  0.002945  -0.003381  -0.073954  -0.227814  0.173600  1.000000  
82.092314 -0.000289  -0.007565  0.005351  0.533125  0.666287  0.521383  -0.799748  0.597934  0.053646  -0.276009  -0.445575  0.851635  0.001966  0.002676  -0.003174  0.000000  0.000000  0.000000  1.000000  
82.093350 -0.000286  -0.007564  0.005349  0.532775  0.666500  0.521468  -0.799937  0.597709  0.053337  -0.276137  -0.445558  0.851602  0.001976  0.002506  -0.003017  0.000000  0.000000  0.000000  1.000000  
82.094565 -0.000284  -0.007559  0.005346  0.532405  0.666743  0.521535  -0.800094  0.597541  0.052860  -0.276395  -0.445420  0.851591  0.001964  0.002706  -0.003001  0.000000  0.000000  0.000000  1.000000  
82.095815 -0.000283  -0.007555  0.005342  0.532199  0.666800  0.521672  -0.800142  0.597503  0.052563  -0.276652  -0.445386  0.851525  0.001866  0.002819  -0.003019  0.000000  0.000000  0.000000  1.000000  
82.096820 -0.000282  -0.007551  0.005337  0.532014  0.666890  0.521746  -0.800221  0.597415  0.052360  -0.276780  -0.445369  0.851492  0.001764  0.002958  -0.003147  0.000000  0.000000  0.000000  1.000000  
82.097830 -0.000281  -0.007546  0.005333  0.531829  0.666980  0.521820  -0.800300  0.597327  0.052158  -0.276909  -0.445352  0.851460  0.001680  0.003069  -0.003249  0.000000  0.000000  0.000000  1.000000  
82.099081 -0.000279  -0.007540  0.005329  0.531664  0.667103  0.521831  -0.800409  0.597190  0.052051  -0.276909  -0.445352  0.851460  0.001666  0.003249  -0.003241  0.000000  0.000000  0.000000  1.000000  
82.100322 -0.000276  -0.007533  0.005324  0.531334  0.667412  0.521771  -0.800628  0.596922  0.051763  -0.276909  -0.445248  0.851514  0.001699  0.003502  -0.003297  0.000000  0.000000  0.000000  1.000000  
82.101573 -0.000275  -0.007527  0.005317  0.531169  0.667535  0.521782  -0.800737  0.596784  0.051656  -0.276909  -0.445248  0.851514  0.001663  0.003647  -0.003495  0.000000  0.000000  0.000000  1.000000  
82.102822 -0.000271  -0.007518  0.005308  0.530799  0.667715  0.521929  -0.800894  0.596609  0.051251  -0.277166  -0.445214  0.851448  0.001868  0.004159  -0.004015  0.000000  0.000000  0.000000  1.000000  
82.104075 -0.000265  -0.007507  0.005299  0.530428  0.667894  0.522076  -0.801051  0.596433  0.050846  -0.277423  -0.445180  0.851382  0.002061  0.004556  -0.004305  0.000000  0.000000  0.000000  1.000000  
82.105325 -0.000260  -0.007495  0.005292  0.530243  0.667984  0.522149  -0.801129  0.596345  0.050644  -0.277552  -0.445162  0.851349  0.002171  0.004988  -0.004377  0.000000  0.000000  0.000000  1.000000  
82.106570 -0.000257  -0.007485  0.005287  0.529892  0.668260  0.522152  -0.801316  0.596126  0.050261  -0.277680  -0.445042  0.851370  0.002150  0.005426  -0.004372  0.000000  0.000000  0.000000  1.000000  
82.107818 -0.000255  -0.007475  0.005282  0.529707  0.668350  0.522225  -0.801394  0.596038  0.050059  -0.277809  -0.445025  0.851337  0.002183  0.005934  -0.004493  -0.083453  -0.208993  0.149053  1.000000  
82.108822 -0.000253  -0.007466  0.005278  0.529542  0.668473  0.522235  -0.801503  0.595900  0.049951  -0.277809  -0.445025  0.851337  0.002168  0.006429  -0.004637  -0.082221  -0.203565  0.150238  1.000000  
82.110073 -0.000250  -0.007456  0.005271  0.529542  0.668473  0.522235  -0.801503  0.595900  0.049951  -0.277809  -0.445025  0.851337  0.002274  0.006858  -0.004872  -0.077743  -0.192479  0.142055  1.000000  
82.111090 -0.000248  -0.007449  0.005265  0.529377  0.668596  0.522245  -0.801612  0.595763  0.049844  -0.277809  -0.445025  0.851337  0.002303  0.007027  -0.005002  -0.076827  -0.188157  0.143349  1.000000  
82.112313 -0.000244  -0.007440  0.005256  0.529191  0.668685  0.522318  -0.801690  0.595675  0.049641  -0.277937  -0.445007  0.851304  0.002475  0.007235  -0.005287  -0.075374  -0.187365  0.140886  1.000000  
82.113325 -0.000242  -0.007434  0.005250  0.529006  0.668775  0.522391  -0.801768  0.595587  0.049439  -0.278066  -0.444990  0.851271  0.002570  0.007400  -0.005443  -0.074652  -0.188148  0.139766  1.000000  
82.114347 -0.000238  -0.007425  0.005244  0.528985  0.668742  0.522454  -0.801737  0.595636  0.049344  -0.278194  -0.444973  0.851239  0.002732  0.007644  -0.005629  -0.071864  -0.185433  0.132243  1.000000  
82.115581 -0.000233  -0.007412  0.005235  0.528985  0.668742  0.522454  -0.801737  0.595636  0.049344  -0.278194  -0.444973  0.851239  0.002893  0.008024  -0.005851  -0.068753  -0.177406  0.126519  1.000000  
82.116585 -0.000229  -0.007403  0.005229  0.528965  0.668646  0.522598  -0.801706  0.595680  0.049321  -0.278323  -0.445059  0.851152  0.003049  0.008248  -0.005856  -0.062318  -0.175400  0.120103  1.000000  
82.117820 -0.000224  -0.007391  0.005222  0.528965  0.668646  0.522598  -0.801706  0.595680  0.049321  -0.278323  -0.445059  0.851152  0.003096  0.008415  -0.005727  -0.059912  -0.166919  0.115326  1.000000  
82.118833 -0.000221  -0.007381  0.005218  0.528965  0.668646  0.522598  -0.801706  0.595680  0.049321  -0.278323  -0.445059  0.851152  0.003000  0.008501  -0.005487  -0.057958  -0.159716  0.111422  1.000000  
82.120069 -0.000217  -0.007371  0.005213  0.528985  0.668679  0.522535  -0.801737  0.595630  0.049416  -0.278194  -0.445076  0.851185  0.002939  0.008510  -0.005304  -0.057506  -0.154550  0.112644  1.000000  
82.121316 -0.000214  -0.007361  0.005208  0.529150  0.668556  0.522525  -0.801628  0.595768  0.049523  -0.278194  -0.445076  0.851185  0.002936  0.008448  -0.005327  -0.053739  -0.144549  0.103068  1.000000  
82.122563 -0.000212  -0.007351  0.005202  0.529295  0.668401  0.522578  -0.801488  0.595955  0.049536  -0.278323  -0.445059  0.851152  0.002921  0.008400  -0.005450  0.000000  0.000000  0.000000  1.000000  
82.123819 -0.000211  -0.007342  0.005195  0.529295  0.668401  0.522578  -0.801488  0.595955  0.049536  -0.278323  -0.445059  0.851152  0.002823  0.008313  -0.005522  0.000000  0.000000  0.000000  1.000000  
82.125062 -0.000208  -0.007330  0.005187  0.529130  0.668524  0.522588  -0.801597  0.595818  0.049428  -0.278323  -0.445059  0.851152  0.002795  0.008352  -0.005576  0.000000  0.000000  0.000000  1.000000  
82.126068 -0.000207  -0.007322  0.005181  0.529130  0.668524  0.522588  -0.801597  0.595818  0.049428  -0.278323  -0.445059  0.851152  0.002706  0.008461  -0.005583  0.000000  0.000000  0.000000  1.000000  
82.127314 -0.000207  -0.007313  0.005174  0.529295  0.668338  0.522659  -0.801488  0.595949  0.049608  -0.278323  -0.445162  0.851098  0.002559  0.008526  -0.005513  0.000000  0.000000  0.000000  1.000000  
82.128566 -0.000206  -0.007304  0.005167  0.529295  0.668338  0.522659  -0.801488  0.595949  0.049608  -0.278323  -0.445162  0.851098  0.002258  0.008464  -0.005363  0.000000  0.000000  0.000000  1.000000  
82.129813 -0.000205  -0.007294  0.005162  0.529295  0.668338  0.522659  -0.801488  0.595949  0.049608  -0.278323  -0.445162  0.851098  0.002077  0.008417  -0.005153  0.000000  0.000000  0.000000  1.000000  
82.130817 -0.000204  -0.007284  0.005158  0.529130  0.668460  0.522669  -0.801597  0.595812  0.049501  -0.278323  -0.445162  0.851098  0.001883  0.008438  -0.005081  0.000000  0.000000  0.000000  1.000000  
82.131819 -0.000203  -0.007275  0.005153  0.529130  0.668460  0.522669  -0.801597  0.595812  0.049501  -0.278323  -0.445162  0.851098  0.001695  0.008364  -0.004922  0.000000  0.000000  0.000000  1.000000  
82.133071 -0.000203  -0.007264  0.005148  0.529130  0.668397  0.522750  -0.801597  0.595806  0.049573  -0.278323  -0.445265  0.851044  0.001350  0.008311  -0.004871  0.000000  0.000000  0.000000  1.000000  
82.134072 -0.000203  -0.007255  0.005142  0.529130  0.668397  0.522750  -0.801597  0.595806  0.049573  -0.278323  -0.445265  0.851044  0.001108  0.008250  -0.004996  0.000000  0.000000  0.000000  1.000000  
82.135318 -0.000204  -0.007246  0.005135  0.529130  0.668397  0.522750  -0.801597  0.595806  0.049573  -0.278323  -0.445265  0.851044  0.000789  0.008212  -0.005198  0.000000  0.000000  0.000000  1.000000  
82.136408 -0.000205  -0.007238  0.005128  0.529130  0.668460  0.522669  -0.801597  0.595812  0.049501  -0.278323  -0.445162  0.851098  0.000647  0.008189  -0.005369  0.000000  0.000000  0.000000  1.000000  
82.137568 -0.000206  -0.007229  0.005119  0.529130  0.668460  0.522669  -0.801597  0.595812  0.049501  -0.278323  -0.445162  0.851098  0.000409  0.008180  -0.005528  0.000000  0.000000  0.000000  1.000000  
82.138813 -0.000208  -0.007220  0.005109  0.529130  0.668460  0.522669  -0.801597  0.595812  0.049501  -0.278323  -0.445162  0.851098  0.000211  0.008143  -0.005743  0.000000  0.000000  0.000000  1.000000  
82.139813 -0.000208  -0.007211  0.005102  0.529130  0.668524  0.522588  -0.801597  0.595818  0.049428  -0.278323  -0.445059  0.851152  -0.000016  0.008064  -0.005763  0.000000  0.000000  0.000000  1.000000  
82.140813 -0.000209  -0.007204  0.005097  0.529295  0.668401  0.522578  -0.801488  0.595955  0.049536  -0.278323  -0.445059  0.851152  -0.000084  0.008009  -0.005762  0.000000  0.000000  0.000000  1.000000  
82.142063 -0.000210  -0.007194  0.005089  0.529295  0.668464  0.522496  -0.801488  0.595961  0.049464  -0.278323  -0.444956  0.851206  -0.000194  0.008064  -0.005737  0.000000  0.000000  0.000000  1.000000  
82.143064 -0.000211  -0.007186  0.005084  0.529295  0.668528  0.522415  -0.801488  0.595967  0.049391  -0.278323  -0.444852  0.851259  -0.000268  0.008152  -0.005792  0.000000  0.000000  0.000000  1.000000  
82.144070 -0.000212  -0.007176  0.005078  0.529460  0.668405  0.522405  -0.801379  0.596105  0.049499  -0.278323  -0.444852  0.851259  -0.000406  0.008230  -0.005858  0.000000  0.000000  0.000000  1.000000  
82.145314 -0.000211  -0.007164  0.005068  0.529460  0.668468  0.522324  -0.801379  0.596111  0.049427  -0.278323  -0.444749  0.851313  -0.000485  0.008343  -0.006123  0.000000  0.000000  0.000000  1.000000  
82.146563 -0.000211  -0.007153  0.005058  0.529625  0.668472  0.522152  -0.801270  0.596261  0.049390  -0.278323  -0.444543  0.851421  -0.000506  0.008317  -0.006501  0.000000  0.000000  0.000000  1.000000  
82.147570 -0.000211  -0.007145  0.005049  0.529790  0.668413  0.522060  -0.801161  0.596404  0.049425  -0.278323  -0.444439  0.851475  -0.000582  0.008261  -0.006801  0.000000  0.000000  0.000000  1.000000  
82.148819 -0.000213  -0.007136  0.005037  0.529975  0.668386  0.521906  -0.801083  0.596498  0.049555  -0.278194  -0.444353  0.851562  -0.000668  0.008117  -0.007139  0.000000  0.000000  0.000000  1.000000  
82.149872 -0.000215  -0.007128  0.005029  0.530140  0.668390  0.521734  -0.800974  0.596648  0.049518  -0.278194  -0.444147  0.851670  -0.000796  0.008088  -0.007278  0.000000  0.000000  0.000000  1.000000  
82.151068 -0.000217  -0.007117  0.005018  0.530490  0.668304  0.521489  -0.800787  0.596885  0.049683  -0.278066  -0.443957  0.851811  -0.000863  0.008149  -0.007466  0.000000  0.000000  0.000000  1.000000  
82.152074 -0.000218  -0.007109  0.005011  0.530655  0.668244  0.521397  -0.800678  0.597029  0.049718  -0.278066  -0.443854  0.851864  -0.000886  0.008217  -0.007456  0.000000  0.000000  0.000000  1.000000  
82.153314 -0.000221  -0.007099  0.005000  0.530985  0.668125  0.521215  -0.800459  0.597316  0.049787  -0.278066  -0.443647  0.851972  -0.000964  0.008334  -0.007548  0.000000  0.000000  0.000000  1.000000  
82.154317 -0.000223  -0.007091  0.004993  0.531314  0.668005  0.521032  -0.800240  0.597603  0.049857  -0.278066  -0.443441  0.852080  -0.001059  0.008282  -0.007561  0.000000  0.000000  0.000000  1.000000  
82.155319 -0.000226  -0.007082  0.004984  0.531479  0.668008  0.520860  -0.800131  0.597753  0.049819  -0.278066  -0.443234  0.852187  -0.001145  0.008384  -0.007715  0.000000  0.000000  0.000000  1.000000  
82.156563 -0.000228  -0.007071  0.004974  0.531994  0.667861  0.520523  -0.799833  0.598134  0.050018  -0.277937  -0.442941  0.852382  -0.001215  0.008474  -0.007924  0.000000  0.000000  0.000000  1.000000  
82.157563 -0.000229  -0.007062  0.004966  0.532323  0.667804  0.520259  -0.799614  0.598428  0.050015  -0.277937  -0.442631  0.852543  -0.001205  0.008554  -0.008075  0.000000  0.000000  0.000000  1.000000  
82.158567 -0.000229  -0.007053  0.004956  0.532673  0.667780  0.519932  -0.799426  0.598671  0.050106  -0.277809  -0.442338  0.852737  -0.001196  0.008561  -0.008383  0.000000  0.000000  0.000000  1.000000  
82.159813 -0.000232  -0.007041  0.004943  0.533331  0.667476  0.519648  -0.798987  0.599239  0.050316  -0.277809  -0.442027  0.852898  -0.001380  0.008504  -0.008622  0.000000  0.000000  0.000000  1.000000  
82.161066 -0.000235  -0.007030  0.004931  0.533845  0.667391  0.519230  -0.798688  0.599627  0.050441  -0.277680  -0.441630  0.853145  -0.001608  0.008471  -0.008760  0.000000  0.000000  0.000000  1.000000  
82.162313 -0.000239  -0.007019  0.004920  0.534502  0.667211  0.518783  -0.798249  0.600207  0.050505  -0.277680  -0.441113  0.853413  -0.001906  0.008506  -0.008700  -0.100777  0.117208  -0.177033  1.000000  
82.163317 -0.000243  -0.007011  0.004912  0.534995  0.667092  0.518429  -0.797918  0.600644  0.050533  -0.277680  -0.440699  0.853627  -0.002033  0.008579  -0.008626  -0.116145  0.127248  -0.196073  1.000000  
82.164563 -0.000248  -0.007000  0.004902  0.535345  0.667129  0.518020  -0.797729  0.600894  0.050550  -0.277552  -0.440302  0.853873  -0.002189  0.008690  -0.008607  -0.127572  0.136201  -0.204152  1.000000  
82.165582 -0.000251  -0.006991  0.004893  0.535837  0.667009  0.517666  -0.797398  0.601330  0.050578  -0.277552  -0.439887  0.854087  -0.002348  0.008691  -0.008633  -0.135030  0.146388  -0.223485  1.000000  
82.166819 -0.000256  -0.006981  0.004881  0.536494  0.666827  0.517219  -0.796956  0.601910  0.050640  -0.277552  -0.439369  0.854353  -0.002574  0.008689  -0.008796  -0.147748  0.158590  -0.247175  1.000000  
82.168074 -0.000263  -0.006971  0.004869  0.537170  0.666678  0.516709  -0.796545  0.602441  0.050795  -0.277423  -0.438868  0.854653  -0.002830  0.008638  -0.008861  -0.160478  0.174764  -0.268795  1.000000  
82.169315 -0.000269  -0.006961  0.004858  0.537683  0.666714  0.516129  -0.796244  0.602841  0.050770  -0.277295  -0.438263  0.855005  -0.003039  0.008664  -0.008975  -0.175114  0.187811  -0.284511  1.000000  
82.170570 -0.000274  -0.006948  0.004847  0.538359  0.666626  0.515538  -0.795832  0.603379  0.050851  -0.277166  -0.437657  0.855357  -0.003240  0.008771  -0.009044  -0.193798  0.200832  -0.300179  1.000000  
82.171816 -0.000280  -0.006936  0.004835  0.538872  0.666723  0.514876  -0.795530  0.603785  0.050751  -0.277038  -0.436948  0.855761  -0.003487  0.008845  -0.009155  -0.212546  0.213867  -0.315979  1.000000  
82.173063 -0.000286  -0.006923  0.004823  0.539547  0.666696  0.514204  -0.795116  0.604329  0.050757  -0.276909  -0.436238  0.856165  -0.003766  0.008965  -0.009235  -0.227468  0.228023  -0.334889  1.000000  
82.174065 -0.000292  -0.006914  0.004813  0.539875  0.666758  0.513779  -0.794894  0.604634  0.050602  -0.276909  -0.435718  0.856429  -0.004073  0.008912  -0.009181  -0.245804  0.230965  -0.340851  1.000000  
82.175316 -0.000299  -0.006903  0.004803  0.540550  0.666791  0.513026  -0.794480  0.605184  0.050533  -0.276780  -0.434904  0.856885  -0.004375  0.008905  -0.008973  -0.264650  0.248848  -0.365410  1.000000  
82.176563 -0.000306  -0.006891  0.004794  0.541225  0.666823  0.512272  -0.794065  0.605734  0.050462  -0.276652  -0.434089  0.857339  -0.004624  0.008930  -0.008822  -0.285058  0.259587  -0.378052  1.000000  
82.177563 -0.000312  -0.006882  0.004787  0.541736  0.666854  0.511691  -0.793761  0.606135  0.050432  -0.276523  -0.433482  0.857688  -0.004832  0.009012  -0.008774  -0.301564  0.269483  -0.387948  1.000000  
82.178813 -0.000321  -0.006870  0.004776  0.542268  0.667103  0.510803  -0.793488  0.606506  0.050275  -0.276266  -0.432578  0.858227  -0.005097  0.009135  -0.008808  -0.330190  0.279237  -0.397819  1.000000  
82.180065 -0.000329  -0.006858  0.004766  0.542963  0.667164  0.509984  -0.793102  0.607009  0.050297  -0.276009  -0.431778  0.858712  -0.005356  0.009224  -0.008772  -0.350677  0.292926  -0.405637  1.000000  
82.181313 -0.000338  -0.006846  0.004755  0.543637  0.667253  0.509149  -0.792685  0.607566  0.050148  -0.275880  -0.430857  0.859216  -0.005575  0.009269  -0.008743  -0.373354  0.301678  -0.423474  1.000000  
82.182319 -0.000344  -0.006836  0.004746  0.544147  0.667342  0.508487  -0.792379  0.607973  0.050041  -0.275752  -0.430144  0.859614  -0.005681  0.009387  -0.008694  -0.394935  0.310966  -0.431017  1.000000  
82.183320 -0.000349  -0.006827  0.004737  0.544657  0.667492  0.507743  -0.792074  0.608386  0.049859  -0.275623  -0.429326  0.860064  -0.005700  0.009474  -0.008626  -0.415524  0.320697  -0.440940  1.000000  
82.184362 -0.000356  -0.006818  0.004728  0.545167  0.667641  0.506999  -0.791767  0.608799  0.049677  -0.275494  -0.428508  0.860514  -0.005764  0.009515  -0.008657  -0.437454  0.326973  -0.444370  1.000000  
82.185570 -0.000363  -0.006805  0.004717  0.545861  0.667819  0.506018  -0.791379  0.609315  0.049545  -0.275237  -0.427497  0.861099  -0.005899  0.009565  -0.008622  -0.462878  0.341156  -0.453086  1.000000  
82.186817 -0.000370  -0.006792  0.004707  0.546717  0.667869  0.505026  -0.790877  0.609969  0.049516  -0.274980  -0.426484  0.861683  -0.006062  0.009586  -0.008531  -0.487779  0.350896  -0.463288  1.000000  
82.187820 -0.000378  -0.006783  0.004698  0.547410  0.667982  0.504125  -0.790487  0.610479  0.049455  -0.274723  -0.425576  0.862214  -0.006212  0.009550  -0.008451  -0.512520  0.364595  -0.471302  1.000000  
82.189063 -0.000386  -0.006771  0.004688  0.548286  0.668123  0.502985  -0.790014  0.611092  0.049443  -0.274337  -0.424474  0.862880  -0.006313  0.009557  -0.008296  -0.537095  0.375185  -0.475597  1.000000  
82.190063 -0.000393  -0.006762  0.004680  0.548958  0.668200  0.502149  -0.789592  0.611650  0.049284  -0.274208  -0.423548  0.863375  -0.006385  0.009539  -0.008327  -0.557666  0.384808  -0.485705  1.000000  
82.191313 -0.000401  -0.006752  0.004670  0.549833  0.668337  0.501009  -0.789117  0.612264  0.049268  -0.273822  -0.422444  0.864039  -0.006435  0.009462  -0.008373  -0.587447  0.395937  -0.486546  1.000000  
82.192563 -0.000410  -0.006741  0.004659  0.550849  0.668373  0.499843  -0.788497  0.613069  0.049184  -0.273565  -0.421218  0.864718  -0.006520  0.009400  -0.008536  -0.609767  0.412046  -0.500299  1.000000  
82.193563 -0.000417  -0.006732  0.004650  0.551703  0.668351  0.498930  -0.787990  0.613718  0.049218  -0.273307  -0.420305  0.865244  -0.006549  0.009327  -0.008570  -0.627390  0.425126  -0.510118  1.000000  
82.194813 -0.000426  -0.006722  0.004638  0.552717  0.668503  0.497601  -0.787367  0.614535  0.048981  -0.273050  -0.418867  0.866022  -0.006584  0.009235  -0.008669  -0.658585  0.437619  -0.526632  1.000000  
82.195843 -0.000434  -0.006712  0.004629  0.553570  0.668538  0.496607  -0.786858  0.615191  0.048936  -0.272792  -0.417848  0.866595  -0.006571  0.009216  -0.008649  -0.679861  0.454194  -0.538645  1.000000  
82.197065 -0.000442  -0.006701  0.004620  0.554766  0.668529  0.495281  -0.786149  0.616095  0.048965  -0.272406  -0.416529  0.867352  -0.006669  0.009172  -0.008586  -0.703806  0.474030  -0.552839  1.000000  
82.198070 -0.000449  -0.006692  0.004613  0.555617  0.668679  0.494124  -0.785637  0.616763  0.048766  -0.272149  -0.415297  0.868023  -0.006713  0.009149  -0.008448  -0.734435  0.480457  -0.557287  1.000000  
82.199315 -0.000459  -0.006682  0.004604  0.556812  0.668723  0.492717  -0.784924  0.617674  0.048714  -0.271762  -0.413869  0.868825  -0.006891  0.009082  -0.008271  -0.759357  0.499449  -0.577571  1.000000  
82.200316 -0.000467  -0.006673  0.004598  0.557683  0.668899  0.491491  -0.784439  0.618298  0.048605  -0.271376  -0.412651  0.869525  -0.007008  0.008940  -0.008090  -0.788581  0.514098  -0.585077  1.000000  
82.201319 -0.000475  -0.006665  0.004590  0.558693  0.668973  0.490241  -0.783809  0.619111  0.048425  -0.271118  -0.411311  0.870240  -0.007260  0.008827  -0.008073  -0.811377  0.526155  -0.601493  1.000000  
82.202566 -0.000486  -0.006656  0.004582  0.559886  0.669067  0.488751  -0.783091  0.620029  0.048288  -0.270732  -0.409773  0.871086  -0.007361  0.008600  -0.007881  -0.836639  0.545182  -0.622216  1.000000  
82.203632 -0.000495  -0.006649  0.004574  0.560895  0.669193  0.487420  -0.782458  0.620848  0.048027  -0.270474  -0.408324  0.871846  -0.007443  0.008424  -0.007888  -0.865897  0.560124  -0.635505  1.000000  
82.204814 -0.000507  -0.006640  0.004564  0.562106  0.669310  0.485861  -0.781766  0.621723  0.047977  -0.269959  -0.406798  0.872718  -0.007698  0.008306  -0.007867  -0.893115  0.584322  -0.655754  1.000000  
82.206062 -0.000519  -0.006632  0.004554  0.563456  0.669322  0.484278  -0.780927  0.622786  0.047853  -0.269573  -0.405149  0.873605  -0.007948  0.008138  -0.007910  -0.913205  0.601200  -0.677183  1.000000  
82.207313 -0.000532  -0.006624  0.004543  0.564805  0.669387  0.482614  -0.780086  0.623855  0.047648  -0.269186  -0.403392  0.874536  -0.008286  0.007892  -0.007852  -0.947808  0.621825  -0.697772  1.000000  
82.208562 -0.000545  -0.006617  0.004533  0.566152  0.669447  0.480949  -0.779242  0.624925  0.047438  -0.268800  -0.401633  0.875464  -0.008534  0.007669  -0.007768  -0.969438  0.636892  -0.726717  1.000000  
82.209812 -0.000559  -0.006611  0.004524  0.567520  0.669475  0.479295  -0.778425  0.625946  0.047394  -0.268284  -0.399993  0.876373  -0.008825  0.007395  -0.007583  -0.994590  0.659341  -0.745737  1.000000  
82.210812 -0.000569  -0.006606  0.004518  0.568523  0.669519  0.478043  -0.777781  0.626762  0.047187  -0.268026  -0.398640  0.877068  -0.009069  0.007129  -0.007438  -1.009691  0.667120  -0.764694  1.000000  
82.212063 -0.000584  -0.006600  0.004510  0.569728  0.669667  0.476398  -0.777076  0.627646  0.047037  -0.267511  -0.396996  0.877971  -0.009440  0.006755  -0.007311  -1.033237  0.686941  -0.778315  1.000000  
82.213314 -0.000599  -0.006595  0.004503  0.571071  0.669708  0.474731  -0.776224  0.628718  0.046809  -0.267124  -0.395229  0.878885  -0.009895  0.006318  -0.007240  -1.057850  0.704766  -0.799109  1.000000  
82.214562 -0.000614  -0.006591  0.004497  0.572433  0.669716  0.473075  -0.775397  0.629742  0.046747  -0.266608  -0.393581  0.879781  -0.010189  0.005936  -0.007058  -1.075134  0.722946  -0.820458  1.000000  
82.215566 -0.000626  -0.006589  0.004492  0.573295  0.669906  0.471761  -0.774893  0.630378  0.046524  -0.266221  -0.392236  0.880498  -0.010512  0.005455  -0.006929  -1.091776  0.735542  -0.829504  1.000000  
82.216567 -0.000639  -0.006587  0.004488  0.574315  0.669964  0.470437  -0.774270  0.631152  0.046395  -0.265834  -0.390891  0.881213  -0.010828  0.005066  -0.006738  -1.111535  0.747411  -0.841623  1.000000  
82.217567 -0.000653  -0.006586  0.004485  0.575356  0.669935  0.469204  -0.773674  0.631874  0.046512  -0.265318  -0.389772  0.881864  -0.011153  0.004548  -0.006440  -1.116494  0.760310  -0.850989  1.000000  
82.218567 -0.000668  -0.006586  0.004483  0.576375  0.669929  0.467960  -0.773048  0.632644  0.046454  -0.264931  -0.388531  0.882528  -0.011569  0.004177  -0.006100  -1.126193  0.765474  -0.860853  1.000000  
82.219909 -0.000687  -0.006587  0.004482  0.577732  0.669861  0.466382  -0.772211  0.633665  0.046450  -0.264415  -0.386981  0.883363  -0.012004  0.003453  -0.005430  -1.132722  0.781629  -0.874983  1.000000  
82.221062 -0.000708  -0.006588  0.004482  0.578929  0.669862  0.464894  -0.771491  0.634544  0.046423  -0.263899  -0.385537  0.884148  -0.012607  0.002897  -0.004711  -1.142081  0.792909  -0.885988  1.000000  
82.222312 -0.000729  -0.006588  0.004484  0.580125  0.669858  0.463405  -0.770769  0.635424  0.046392  -0.263383  -0.384091  0.884931  -0.013097  0.002423  -0.003920  -1.152771  0.802451  -0.889541  1.000000  
82.223396 -0.000747  -0.006589  0.004488  0.581162  0.669814  0.462169  -0.770164  0.636149  0.046494  -0.262866  -0.382966  0.885572  -0.013588  0.001940  -0.003064  -1.155673  0.809817  -0.893893  1.000000  
82.224562 -0.000770  -0.006590  0.004493  0.582197  0.669935  0.460688  -0.769558  0.636892  0.046361  -0.262350  -0.381517  0.886350  -0.014326  0.001385  -0.002125  -1.160019  0.814896  -0.892585  1.000000  
82.225812 -0.000793  -0.006591  0.004499  0.583390  0.669921  0.459197  -0.768830  0.637774  0.046320  -0.261833  -0.380067  0.887126  -0.014931  0.000965  -0.001278  -1.163870  0.825182  -0.897273  1.000000  
82.227062 -0.000818  -0.006591  0.004505  0.584424  0.670089  0.457634  -0.768220  0.638524  0.046103  -0.261317  -0.378507  0.887945  -0.015604  0.000569  -0.000343  -1.173245  0.824286  -0.890106  1.000000  
82.228064 -0.000837  -0.006592  0.004511  0.585300  0.670275  0.456242  -0.767729  0.639126  0.045945  -0.260800  -0.377161  0.888669  -0.016146  0.000188  0.000577  -1.177898  0.831224  -0.887916  1.000000  
82.229312 -0.000861  -0.006592  0.004520  0.586353  0.670521  0.454523  -0.767144  0.639842  0.045739  -0.260154  -0.375503  0.889560  -0.016776  -0.000074  0.001600  -1.188269  0.834996  -0.879776  1.000000  
82.230315 -0.000881  -0.006592  0.004530  0.587227  0.670700  0.453129  -0.766650  0.640445  0.045575  -0.259637  -0.374154  0.890279  -0.017305  -0.000249  0.002543  -1.192808  0.837765  -0.879326  1.000000  
82.231576 -0.000906  -0.006593  0.004543  0.588595  0.670674  0.451390  -0.765820  0.641440  0.045548  -0.258991  -0.372493  0.891164  -0.017912  -0.000462  0.003839  -1.190730  0.850860  -0.884645  1.000000  
82.232816 -0.000931  -0.006593  0.004560  0.589646  0.670962  0.449586  -0.765229  0.642166  0.045254  -0.258345  -0.370721  0.892090  -0.018363  -0.000484  0.005185  -1.199556  0.852320  -0.871004  1.000000  
82.233818 -0.000951  -0.006594  0.004575  0.590675  0.670997  0.448181  -0.764609  0.642909  0.045174  -0.257828  -0.369366  0.892801  -0.018689  -0.000483  0.006273  -1.199913  0.854994  -0.870540  1.000000  
82.235065 -0.000976  -0.006594  0.004594  0.591882  0.671089  0.446448  -0.763894  0.643768  0.045042  -0.257182  -0.367698  0.893675  -0.019015  -0.000433  0.007640  -1.200539  0.861620  -0.868755  1.000000  
82.236065 -0.000995  -0.006593  0.004613  0.592909  0.671062  0.445122  -0.763270  0.644508  0.045033  -0.256664  -0.366449  0.894337  -0.019268  -0.000380  0.008988  -1.196835  0.868533  -0.866518  1.000000  
82.237142 -0.001014  -0.006592  0.004632  0.593936  0.671033  0.443796  -0.762646  0.645248  0.045022  -0.256147  -0.365199  0.894996  -0.019231  -0.000283  0.009960  -1.192151  0.866589  -0.857922  1.000000  
82.238348 -0.001037  -0.006592  0.004657  0.595297  0.670925  0.442132  -0.761801  0.646242  0.045049  -0.255500  -0.363634  0.895818  -0.019425  -0.000196  0.011323  -1.186243  0.874415  -0.857365  1.000000  
82.239562 -0.001061  -0.006590  0.004683  0.596677  0.670896  0.440313  -0.760981  0.647206  0.045087  -0.254724  -0.361972  0.896712  -0.019406  0.000003  0.012698  -1.188540  0.882227  -0.856813  1.000000  
82.240564 -0.001080  -0.006589  0.004705  0.597878  0.670858  0.438738  -0.760254  0.648059  0.045092  -0.254077  -0.360512  0.897483  -0.019425  0.000157  0.014018  -1.191255  0.895848  -0.859164  1.000000  
82.241812 -0.001102  -0.006586  0.004733  0.599412  0.670685  0.436906  -0.759305  0.649162  0.045211  -0.253301  -0.358845  0.898370  -0.019291  0.000359  0.015429  -1.188530  0.907858  -0.869953  1.000000  
82.242813 -0.001119  -0.006583  0.004756  0.600611  0.670585  0.435410  -0.758573  0.650012  0.045287  -0.252653  -0.357490  0.899092  -0.019162  0.000577  0.016584  -1.189024  0.914737  -0.867938  1.000000  
82.244063 -0.001141  -0.006581  0.004786  0.601985  0.670588  0.433504  -0.757741  0.650986  0.045227  -0.251877  -0.355710  0.900016  -0.018976  0.000791  0.018014  -1.187922  0.928045  -0.870917  1.000000  
82.245312 -0.001162  -0.006576  0.004818  0.603535  0.670479  0.431513  -0.756809  0.652062  0.045345  -0.250970  -0.353940  0.900967  -0.018722  0.001058  0.019199  -1.189803  0.938924  -0.878782  1.000000  
82.246562 -0.001183  -0.006572  0.004849  0.605238  0.670282  0.429428  -0.755748  0.653283  0.045465  -0.250063  -0.352057  0.901956  -0.018494  0.001406  0.020394  -1.193518  0.961438  -0.892533  1.000000  
82.247563 -0.001200  -0.006568  0.004875  0.606587  0.670080  0.427838  -0.754880  0.654280  0.045532  -0.249416  -0.350585  0.902708  -0.018249  0.001642  0.021264  -1.202805  0.969341  -0.904693  1.000000  
82.248568 -0.001217  -0.006564  0.004901  0.607955  0.669903  0.426170  -0.754036  0.655242  0.045688  -0.248638  -0.349124  0.903489  -0.018041  0.002013  0.022160  -1.207391  0.990654  -0.914928  1.000000  
82.249819 -0.001239  -0.006558  0.004934  0.609476  0.669792  0.424167  -0.753063  0.656366  0.045609  -0.247860  -0.347222  0.904435  -0.017808  0.002399  0.022996  -1.222779  0.997303  -0.921116  1.000000  
82.250824 -0.001257  -0.006553  0.004961  0.610841  0.669707  0.422335  -0.752212  0.657341  0.045595  -0.247083  -0.345537  0.905292  -0.017745  0.002719  0.023531  -1.236066  1.011512  -0.930513  1.000000  
82.252070 -0.001280  -0.006546  0.004993  0.612400  0.669640  0.420176  -0.751284  0.658396  0.045691  -0.246045  -0.343653  0.906292  -0.017800  0.003083  0.024194  -1.250015  1.031647  -0.938482  1.000000  
82.253098 -0.001299  -0.006540  0.005020  0.613649  0.669736  0.418197  -0.750604  0.659165  0.045769  -0.245008  -0.341986  0.907203  -0.017729  0.003468  0.024620  -1.271966  1.051313  -0.941602  1.000000  
82.254317 -0.001324  -0.006532  0.005054  0.615359  0.669571  0.415943  -0.749541  0.660367  0.045859  -0.243970  -0.339986  0.908234  -0.017831  0.003981  0.025093  -1.284137  1.074381  -0.960450  1.000000  
82.255563 -0.001353  -0.006522  0.005088  0.617046  0.669317  0.413846  -0.748449  0.661600  0.045927  -0.243061  -0.338082  0.909187  -0.018186  0.004425  0.025531  -1.296317  1.092735  -0.976540  1.000000  
82.256813 -0.001382  -0.006513  0.005123  0.618617  0.669350  0.411440  -0.747529  0.662639  0.045930  -0.241893  -0.335976  0.910279  -0.018686  0.004925  0.026062  -1.312616  1.119092  -0.989513  1.000000  
82.257813 -0.001407  -0.006505  0.005151  0.619880  0.669449  0.409375  -0.746861  0.663382  0.046079  -0.240724  -0.334309  0.911202  -0.019152  0.005311  0.026398  -1.322582  1.143347  -0.995999  1.000000  
82.259063 -0.001439  -0.006495  0.005187  0.621642  0.669336  0.406879  -0.745854  0.664490  0.046421  -0.239296  -0.332329  0.912302  -0.019889  0.005739  0.026729  -1.329246  1.176209  -1.013795  1.000000  
82.260065 -0.001466  -0.006486  0.005215  0.622880  0.669393  0.404887  -0.745154  0.665272  0.046465  -0.238256  -0.330645  0.913186  -0.020573  0.006113  0.026907  -1.339173  1.196205  -1.022103  1.000000  
82.261316 -0.001500  -0.006474  0.005248  0.624505  0.669430  0.402316  -0.744291  0.666214  0.046803  -0.236697  -0.328669  0.914304  -0.021442  0.006634  0.027053  -1.351747  1.226396  -1.020243  1.000000  
82.262563 -0.001535  -0.006463  0.005282  0.626127  0.669554  0.399578  -0.743422  0.667171  0.046973  -0.235136  -0.326466  0.915495  -0.022344  0.007126  0.027128  -1.363103  1.256696  -1.026375  1.000000  
82.263566 -0.001563  -0.006453  0.005308  0.627553  0.669509  0.397411  -0.742629  0.668032  0.047270  -0.233836  -0.324793  0.916423  -0.023072  0.007449  0.027108  -1.374226  1.288726  -1.035967  1.000000  
82.264822 -0.001601  -0.006440  0.005341  0.629077  0.669836  0.394438  -0.741951  0.668760  0.047624  -0.231884  -0.322613  0.917688  -0.024249  0.007893  0.027155  -1.394397  1.330589  -1.029258  1.000000  
82.265823 -0.001630  -0.006429  0.005368  0.630346  0.669962  0.392193  -0.741280  0.669496  0.047748  -0.230582  -0.320822  0.918643  -0.024894  0.008278  0.027180  -1.414405  1.356483  -1.028615  1.000000  
82.267070 -0.001670  -0.006416  0.005402  0.631998  0.670104  0.389280  -0.740438  0.670404  0.048076  -0.228759  -0.318622  0.919864  -0.026168  0.008744  0.027254  -1.439514  1.395747  -1.028834  1.000000  
82.268096 -0.001703  -0.006405  0.005430  0.633435  0.670150  0.386858  -0.739651  0.671257  0.048280  -0.227326  -0.316722  0.920875  -0.026936  0.009021  0.027333  -1.461988  1.427503  -1.028754  1.000000  
82.269104 -0.001735  -0.006394  0.005457  0.634850  0.670114  0.384593  -0.738836  0.672140  0.048466  -0.226023  -0.314920  0.921813  -0.027798  0.009312  0.027303  -1.475921  1.447049  -1.028631  1.000000  
82.270314 -0.001777  -0.006380  0.005492  0.636493  0.670274  0.381588  -0.737978  0.673066  0.048690  -0.224198  -0.312594  0.923049  -0.028772  0.009636  0.027370  -1.498701  1.482910  -1.027804  1.000000  
82.271316 -0.001810  -0.006369  0.005520  0.637923  0.670295  0.379155  -0.737178  0.673929  0.048875  -0.222763  -0.310683  0.924041  -0.029450  0.009882  0.027345  -1.518795  1.508548  -1.027816  1.000000  
82.272563 -0.001853  -0.006355  0.005555  0.639712  0.670340  0.376050  -0.736176  0.675008  0.049079  -0.220937  -0.308235  0.925299  -0.030142  0.010124  0.027364  -1.547898  1.542618  -1.025985  1.000000  
82.273563 -0.001888  -0.006344  0.005583  0.640985  0.670482  0.373621  -0.735498  0.675740  0.049173  -0.219501  -0.306316  0.926277  -0.030789  0.010271  0.027372  -1.564067  1.568328  -1.026409  1.000000  
82.274813 -0.001930  -0.006330  0.005619  0.642768  0.670503  0.370507  -0.734485  0.676827  0.049360  -0.217673  -0.303858  0.927517  -0.031382  0.010558  0.027447  -1.594705  1.595702  -1.019943  1.000000  
82.275813 -0.001964  -0.006319  0.005648  0.644187  0.670488  0.368061  -0.733665  0.677704  0.049516  -0.216236  -0.301931  0.928482  -0.031842  0.010688  0.027530  -1.606916  1.621466  -1.020752  1.000000  
82.277063 -0.002005  -0.006305  0.005684  0.646114  0.670347  0.364928  -0.732507  0.678938  0.049760  -0.214407  -0.299463  0.929705  -0.032358  0.010860  0.027780  -1.632017  1.651224  -1.021069  1.000000  
82.278063 -0.002039  -0.006293  0.005715  0.647678  0.670173  0.362466  -0.731544  0.679960  0.049977  -0.212969  -0.297529  0.930656  -0.032744  0.010955  0.028048  -1.643814  1.672288  -1.024511  1.000000  
82.279313 -0.002081  -0.006280  0.005753  0.649597  0.669919  0.359488  -0.730372  0.681190  0.050365  -0.211139  -0.295277  0.931790  -0.033010  0.011019  0.028298  -1.654954  1.703961  -1.031258  1.000000  
82.280319 -0.002114  -0.006268  0.005785  0.651324  0.669656  0.356844  -0.729285  0.682332  0.050649  -0.209569  -0.293230  0.932790  -0.033239  0.011144  0.028626  -1.669244  1.735361  -1.037228  1.000000  
82.281578 -0.002155  -0.006253  0.005826  0.653235  0.669508  0.353614  -0.728100  0.683589  0.050768  -0.207737  -0.290629  0.934013  -0.033393  0.011237  0.029135  -1.689135  1.763407  -1.045177  1.000000  
82.282818 -0.002196  -0.006239  0.005868  0.655423  0.669038  0.350442  -0.726616  0.685154  0.050926  -0.206035  -0.288015  0.935199  -0.033469  0.011242  0.029693  -1.708081  1.789241  -1.071566  1.000000  
82.283823 -0.002229  -0.006227  0.005902  0.656952  0.668829  0.347967  -0.725604  0.686226  0.050922  -0.204726  -0.285939  0.936123  -0.033554  0.011313  0.030217  -1.721971  1.798879  -1.077309  1.000000  
82.285065 -0.002271  -0.006213  0.005945  0.659149  0.668357  0.344705  -0.724125  0.687769  0.051148  -0.202892  -0.283323  0.937317  -0.033489  0.011351  0.030713  -1.740628  1.833689  -1.090778  1.000000  
82.286408 -0.002312  -0.006198  0.005989  0.661489  0.667686  0.341509  -0.722502  0.689447  0.051513  -0.201058  -0.280816  0.938466  -0.033252  0.011305  0.031123  -1.746114  1.861488  -1.115912  1.000000  
82.287564 -0.002354  -0.006183  0.006035  0.663674  0.667182  0.338238  -0.721005  0.690998  0.051709  -0.199222  -0.278189  0.939639  -0.033430  0.011453  0.032056  -1.764647  1.885924  -1.146454  1.000000  
82.288565 -0.002388  -0.006171  0.006072  0.665503  0.666669  0.335645  -0.719714  0.692328  0.051895  -0.197780  -0.276105  0.940558  -0.033380  0.011562  0.032739  -1.778442  1.902758  -1.165781  1.000000  
82.289822 -0.002430  -0.006155  0.006120  0.667530  0.666279  0.332378  -0.718338  0.693748  0.051996  -0.195943  -0.273469  0.941712  -0.033323  0.011708  0.033507  -1.792757  1.918610  -1.186353  1.000000  
82.291069 -0.002473  -0.006139  0.006169  0.669700  0.665731  0.329097  -0.716816  0.695309  0.052150  -0.194106  -0.270827  0.942855  -0.033341  0.011826  0.034355  -1.810375  1.932819  -1.215104  1.000000  
82.292071 -0.002507  -0.006126  0.006211  0.671369  0.665285  0.326587  -0.715643  0.696504  0.052319  -0.192662  -0.268846  0.943718  -0.033374  0.011985  0.035172  -1.812140  1.940534  -1.237450  1.000000  
82.293317 -0.002551  -0.006109  0.006263  0.673528  0.664669  0.323380  -0.714105  0.698065  0.052532  -0.190824  -0.266309  0.944810  -0.033538  0.012134  0.036115  -1.823466  1.952691  -1.260071  1.000000  
82.294329 -0.002585  -0.006095  0.006305  0.675353  0.664122  0.320687  -0.712800  0.699381  0.052754  -0.189247  -0.264213  0.945715  -0.033585  0.012257  0.036837  -1.827703  1.957245  -1.290076  1.000000  
82.295331 -0.002620  -0.006081  0.006347  0.677011  0.663645  0.318170  -0.711609  0.700582  0.052893  -0.187802  -0.262222  0.946557  -0.033731  0.012465  0.037501  -1.834502  1.961165  -1.314266  1.000000  
82.296567 -0.002664  -0.006062  0.006402  0.679137  0.663003  0.314960  -0.710029  0.702183  0.052891  -0.186093  -0.259551  0.947630  -0.033940  0.012717  0.038406  -1.839523  1.963957  -1.345948  1.000000  
82.297568 -0.002698  -0.006047  0.006445  0.680770  0.662518  0.312446  -0.708809  0.703420  0.052833  -0.184778  -0.257431  0.948465  -0.034064  0.012990  0.039089  -1.844938  1.966131  -1.369337  1.000000  
82.298586 -0.002734  -0.006032  0.006489  0.682415  0.662047  0.309843  -0.707601  0.704633  0.052857  -0.183332  -0.255315  0.949317  -0.034177  0.013248  0.039744  -1.854254  1.965287  -1.389305  1.000000  
82.299821 -0.002778  -0.006011  0.006545  0.684399  0.661495  0.306629  -0.706158  0.706073  0.052930  -0.181490  -0.252754  0.950356  -0.034330  0.013656  0.040626  -1.854115  1.972478  -1.414121  1.000000  
82.301066 -0.002821  -0.005990  0.006601  0.686523  0.660783  0.303402  -0.704566  0.707653  0.053051  -0.179648  -0.250187  0.951385  -0.034698  0.014153  0.041766  -1.859632  1.975775  -1.436443  1.000000  
82.302071 -0.002856  -0.005973  0.006648  0.688173  0.660300  0.300702  -0.703356  0.708849  0.053134  -0.178068  -0.248067  0.952237  -0.034581  0.014440  0.042155  -1.857746  1.979580  -1.456496  1.000000  
82.303079 -0.002891  -0.005956  0.006695  0.689819  0.659771  0.298081  -0.702141  0.710040  0.053294  -0.176488  -0.246058  0.953052  -0.034692  0.014766  0.042821  -1.856362  1.986330  -1.479441  1.000000  
