1-Time 2-Px 3-Py 4-Pz 5-R11 6-R21 7-R31 8-R12 9-R22 10-R32 11-R13 12-R23 13-R33 14-Vx 15-Vy 16-Vz 17-Wx 18-Wy 19-Wz 20-state
64.580864 0.002200  -0.003376  0.016686  0.782243  0.606591  -0.141924  -0.607906  0.693450  -0.386753  -0.136184  0.388811  0.911197  -0.000187  -0.000259  -0.000414  0.000000  0.000000  0.000000  1.000000  
64.581986 0.002199  -0.003376  0.016687  0.782243  0.606591  -0.141924  -0.607906  0.693450  -0.386753  -0.136184  0.388811  0.911197  -0.000809  -0.000528  0.001512  0.000000  0.000000  0.000000  1.000000  
64.583061 0.002200  -0.003375  0.016680  0.782229  0.606615  -0.141901  -0.607895  0.693371  -0.386912  -0.136316  0.388914  0.911133  -0.000245  0.000351  -0.003298  0.000000  0.000000  0.000000  1.000000  
64.584236 0.002201  -0.003374  0.016666  0.782229  0.606615  -0.141901  -0.607895  0.693371  -0.386912  -0.136316  0.388914  0.911133  0.000182  0.000642  -0.006697  0.000000  0.000000  0.000000  1.000000  
64.585482 0.002201  -0.003373  0.016656  0.782229  0.606615  -0.141901  -0.607895  0.693371  -0.386912  -0.136316  0.388914  0.911133  0.000274  0.000591  -0.007072  0.000000  0.000000  0.000000  1.000000  
64.586483 0.002202  -0.003374  0.016650  0.782229  0.606615  -0.141901  -0.607895  0.693371  -0.386912  -0.136316  0.388914  0.911133  0.000401  0.000311  -0.006820  0.000000  0.000000  0.000000  1.000000  
64.587733 0.002203  -0.003376  0.016643  0.782229  0.606615  -0.141901  -0.607895  0.693371  -0.386912  -0.136316  0.388914  0.911133  0.000405  0.000036  -0.006562  0.000000  0.000000  0.000000  1.000000  
64.588733 0.002201  -0.003375  0.016637  0.782229  0.606615  -0.141901  -0.607895  0.693371  -0.386912  -0.136316  0.388914  0.911133  0.000198  0.000085  -0.006531  0.000000  0.000000  0.000000  1.000000  
64.589734 0.002199  -0.003375  0.016631  0.782229  0.606598  -0.141975  -0.607895  0.693324  -0.386996  -0.136316  0.389025  0.911086  -0.000076  0.000132  -0.006470  0.000000  0.000000  0.000000  1.000000  
64.590734 0.002199  -0.003373  0.016625  0.782229  0.606598  -0.141975  -0.607895  0.693324  -0.386996  -0.136316  0.389025  0.911086  -0.000114  0.000288  -0.006383  0.000000  0.000000  0.000000  1.000000  
64.591740 0.002199  -0.003372  0.016619  0.782243  0.606557  -0.142071  -0.607906  0.693356  -0.386921  -0.136184  0.389032  0.911103  -0.000050  0.000407  -0.006339  0.000000  0.000000  0.000000  1.000000  
64.592984 0.002200  -0.003371  0.016611  0.782368  0.606397  -0.142065  -0.607745  0.693434  -0.387034  -0.136184  0.389142  0.911055  0.000042  0.000458  -0.006421  0.000000  0.000000  0.000000  1.000000  
64.593984 0.002200  -0.003371  0.016601  0.782368  0.606380  -0.142138  -0.607745  0.693387  -0.387118  -0.136184  0.389253  0.911008  -0.000014  0.000420  -0.006640  0.000000  0.000000  0.000000  1.000000  
64.594990 0.002200  -0.003369  0.016589  0.782368  0.606363  -0.142212  -0.607745  0.693340  -0.387202  -0.136184  0.389363  0.910961  -0.000005  0.000477  -0.007042  0.000000  0.000000  0.000000  1.000000  
64.595993 0.002200  -0.003369  0.016574  0.782368  0.606345  -0.142285  -0.607745  0.693293  -0.387287  -0.136184  0.389474  0.910914  -0.000014  0.000481  -0.007613  0.000000  0.000000  0.000000  1.000000  
64.597248 0.002201  -0.003366  0.016552  0.782368  0.606328  -0.142359  -0.607745  0.693246  -0.387371  -0.136184  0.389584  0.910867  0.000100  0.000652  -0.008957  0.000000  0.000000  0.000000  1.000000  
64.598491 0.002204  -0.003363  0.016530  0.782368  0.606311  -0.142432  -0.607745  0.693199  -0.387455  -0.136184  0.389695  0.910819  0.000206  0.000763  -0.009526  0.000000  0.000000  0.000000  1.000000  
64.599735 0.002204  -0.003361  0.016513  0.782368  0.606293  -0.142506  -0.607745  0.693152  -0.387539  -0.136184  0.389805  0.910772  0.000223  0.000888  -0.009888  0.000000  0.000000  0.000000  1.000000  
64.600737 0.002203  -0.003360  0.016503  0.782368  0.606276  -0.142580  -0.607745  0.693105  -0.387623  -0.136184  0.389916  0.910725  0.000066  0.000931  -0.010147  0.000000  0.000000  0.000000  1.000000  
64.601984 0.002200  -0.003360  0.016492  0.782493  0.606133  -0.142500  -0.607584  0.693230  -0.387652  -0.136184  0.389916  0.910725  -0.000212  0.001040  -0.010494  0.000000  0.000000  0.000000  1.000000  
64.603235 0.002199  -0.003358  0.016476  0.782493  0.606133  -0.142500  -0.607584  0.693230  -0.387652  -0.136184  0.389916  0.910725  -0.000182  0.001155  -0.010998  0.000000  0.000000  0.000000  1.000000  
64.604484 0.002198  -0.003356  0.016457  0.782493  0.606116  -0.142573  -0.607584  0.693183  -0.387736  -0.136184  0.390026  0.910677  -0.000062  0.001248  -0.011822  0.000000  0.000000  0.000000  1.000000  
64.605484 0.002198  -0.003355  0.016439  0.782619  0.605973  -0.142493  -0.607423  0.693308  -0.387766  -0.136184  0.390026  0.910677  -0.000036  0.001223  -0.012506  0.000000  0.000000  0.000000  1.000000  
64.606488 0.002198  -0.003354  0.016421  0.782604  0.606015  -0.142397  -0.607411  0.693276  -0.387840  -0.136316  0.390019  0.910661  -0.000092  0.001188  -0.013465  0.000000  0.000000  0.000000  1.000000  
64.607734 0.002198  -0.003353  0.016397  0.782604  0.606015  -0.142397  -0.607411  0.693276  -0.387840  -0.136316  0.390019  0.910661  -0.000170  0.001164  -0.014510  0.000000  0.000000  0.000000  1.000000  
64.608741 0.002197  -0.003352  0.016377  0.782729  0.605855  -0.142391  -0.607250  0.693353  -0.387954  -0.136316  0.390130  0.910613  -0.000156  0.001235  -0.015231  0.000000  0.000000  0.000000  1.000000  
64.609984 0.002197  -0.003351  0.016352  0.782729  0.605855  -0.142391  -0.607250  0.693353  -0.387954  -0.136316  0.390130  0.910613  -0.000215  0.001237  -0.015803  0.000000  0.000000  0.000000  1.000000  
64.610984 0.002195  -0.003350  0.016335  0.782840  0.605736  -0.142288  -0.607078  0.693399  -0.388142  -0.136449  0.390233  0.910549  -0.000316  0.001284  -0.015937  0.000000  0.000000  0.000000  1.000000  
64.612001 0.002194  -0.003348  0.016321  0.782965  0.605593  -0.142208  -0.606917  0.693524  -0.388171  -0.136449  0.390233  0.910549  -0.000533  0.001251  -0.015653  0.000000  0.000000  0.000000  1.000000  
64.613244 0.002192  -0.003344  0.016306  0.782965  0.605593  -0.142208  -0.606917  0.693524  -0.388171  -0.136449  0.390233  0.910549  -0.000752  0.001274  -0.015194  0.000000  0.000000  0.000000  1.000000  
64.614490 0.002190  -0.003342  0.016295  0.783090  0.605433  -0.142202  -0.606756  0.693601  -0.388285  -0.136449  0.390343  0.910502  -0.000930  0.001257  -0.014825  0.000000  0.000000  0.000000  1.000000  
64.615491 0.002188  -0.003340  0.016286  0.783215  0.605290  -0.142122  -0.606594  0.693726  -0.388314  -0.136449  0.390343  0.910502  -0.001035  0.001303  -0.014669  0.000000  0.000000  0.000000  1.000000  
64.616734 0.002183  -0.003339  0.016271  0.783229  0.605249  -0.142218  -0.606605  0.693758  -0.388239  -0.136316  0.390350  0.910519  -0.001163  0.001380  -0.014851  0.000000  0.000000  0.000000  1.000000  
64.617735 0.002182  -0.003338  0.016255  0.783354  0.605106  -0.142138  -0.606444  0.693883  -0.388269  -0.136316  0.390350  0.910519  -0.001191  0.001415  -0.015203  0.000000  0.000000  0.000000  1.000000  
64.618984 0.002181  -0.003334  0.016231  0.783479  0.604963  -0.142058  -0.606283  0.694007  -0.388298  -0.136316  0.390350  0.910519  -0.001178  0.001548  -0.015601  0.000000  0.000000  0.000000  1.000000  
64.619986 0.002181  -0.003331  0.016213  0.783618  0.604779  -0.142075  -0.606133  0.694164  -0.388252  -0.136184  0.390358  0.910535  -0.001182  0.001686  -0.015619  0.000000  0.000000  0.000000  1.000000  
64.621234 0.002178  -0.003329  0.016190  0.783618  0.604796  -0.142001  -0.606133  0.694211  -0.388168  -0.136184  0.390247  0.910583  -0.001345  0.001732  -0.015674  0.000000  0.000000  0.000000  1.000000  
64.622234 0.002175  -0.003328  0.016174  0.783743  0.604653  -0.141921  -0.605971  0.694335  -0.388197  -0.136184  0.390247  0.910583  -0.001528  0.001725  -0.015408  0.000000  0.000000  0.000000  1.000000  
64.623237 0.002172  -0.003326  0.016159  0.783867  0.604528  -0.141768  -0.605810  0.694507  -0.388142  -0.136184  0.390137  0.910630  -0.001785  0.001787  -0.015064  0.000000  0.000000  0.000000  1.000000  
64.624484 0.002167  -0.003324  0.016142  0.783882  0.604504  -0.141791  -0.605821  0.694586  -0.387984  -0.136051  0.390033  0.910694  -0.001972  0.001858  -0.014681  0.000000  0.000000  0.000000  1.000000  
64.625489 0.002164  -0.003321  0.016129  0.784007  0.604361  -0.141711  -0.605660  0.694710  -0.388013  -0.136051  0.390033  0.910694  -0.002140  0.001951  -0.014263  0.000000  0.000000  0.000000  1.000000  
64.626734 0.002159  -0.003318  0.016112  0.784021  0.604354  -0.141661  -0.605671  0.694836  -0.387770  -0.135919  0.389820  0.910806  -0.002339  0.001977  -0.014126  0.000000  0.000000  0.000000  1.000000  
64.627734 0.002155  -0.003316  0.016098  0.784160  0.604186  -0.141604  -0.605521  0.695039  -0.387640  -0.135786  0.389716  0.910869  -0.002524  0.001982  -0.014205  0.000000  0.000000  0.000000  1.000000  
64.628743 0.002151  -0.003315  0.016082  0.784299  0.604019  -0.141548  -0.605370  0.695243  -0.387511  -0.135654  0.389613  0.910933  -0.002698  0.001895  -0.014687  0.000000  0.000000  0.000000  1.000000  
64.629990 0.002146  -0.003313  0.016061  0.784313  0.603995  -0.141571  -0.605381  0.695322  -0.387352  -0.135521  0.389510  0.910997  -0.002868  0.001897  -0.015421  0.000000  0.000000  0.000000  1.000000  
64.630991 0.002143  -0.003310  0.016042  0.784452  0.603828  -0.141515  -0.605231  0.695525  -0.387222  -0.135389  0.389406  0.911061  -0.002901  0.001972  -0.015909  0.000000  0.000000  0.000000  1.000000  
64.631993 0.002139  -0.003307  0.016023  0.784481  0.603763  -0.141634  -0.605253  0.695635  -0.386989  -0.135123  0.389310  0.911142  -0.002918  0.002109  -0.016327  0.000000  0.000000  0.000000  1.000000  
64.633236 0.002135  -0.003302  0.015997  0.784510  0.603697  -0.141754  -0.605275  0.695746  -0.386755  -0.134858  0.389214  0.911222  -0.003048  0.002281  -0.016575  0.000000  0.000000  0.000000  1.000000  
64.634237 0.002132  -0.003298  0.015979  0.784524  0.603673  -0.141778  -0.605286  0.695825  -0.386597  -0.134726  0.389110  0.911286  -0.003324  0.002353  -0.016491  0.000000  0.000000  0.000000  1.000000  
64.635484 0.002125  -0.003294  0.015960  0.784552  0.603608  -0.141897  -0.605308  0.695935  -0.386363  -0.134461  0.389014  0.911366  -0.003672  0.002389  -0.016239  0.000000  0.000000  0.000000  1.000000  
64.636490 0.002118  -0.003292  0.015948  0.784705  0.603400  -0.141938  -0.605169  0.696170  -0.386159  -0.134195  0.388917  0.911447  -0.003990  0.002457  -0.015905  0.000000  0.000000  0.000000  1.000000  
64.637734 0.002110  -0.003288  0.015931  0.784748  0.603310  -0.142081  -0.605201  0.696359  -0.385767  -0.133798  0.388717  0.911590  -0.004222  0.002609  -0.015674  0.000000  0.000000  0.000000  1.000000  
64.638735 0.002104  -0.003284  0.015916  0.784790  0.603221  -0.142225  -0.605234  0.696547  -0.385374  -0.133400  0.388517  0.911734  -0.004441  0.002741  -0.015734  0.000000  0.000000  0.000000  1.000000  
64.639990 0.002097  -0.003279  0.015893  0.784847  0.603109  -0.142392  -0.605278  0.696814  -0.384823  -0.132869  0.388213  0.911941  -0.004573  0.002898  -0.016241  0.000000  0.000000  0.000000  1.000000  
64.641235 0.002090  -0.003276  0.015867  0.784903  0.602979  -0.142632  -0.605321  0.697035  -0.384356  -0.132339  0.388020  0.912100  -0.004765  0.002899  -0.016822  0.000000  0.000000  0.000000  1.000000  
64.642237 0.002084  -0.003274  0.015844  0.784834  0.603010  -0.142878  -0.605526  0.697177  -0.383774  -0.131808  0.387716  0.912307  -0.004917  0.002901  -0.017451  0.111208  0.114210  -0.130075  1.000000  
64.643484 0.002075  -0.003271  0.015815  0.784890  0.602898  -0.143045  -0.605569  0.697443  -0.383222  -0.131278  0.387411  0.912512  -0.005113  0.002979  -0.018097  0.123344  0.130671  -0.137086  1.000000  
64.644486 0.002068  -0.003268  0.015791  0.784932  0.602809  -0.143189  -0.605601  0.697631  -0.382829  -0.130880  0.387210  0.912655  -0.005330  0.003029  -0.018570  0.134530  0.145641  -0.136058  1.000000  
64.645490 0.002062  -0.003265  0.015768  0.784862  0.602824  -0.143508  -0.605805  0.697726  -0.382332  -0.130349  0.387016  0.912813  -0.005494  0.003085  -0.018927  0.140754  0.167388  -0.130514  1.000000  
64.646490 0.002056  -0.003261  0.015747  0.784918  0.602712  -0.143676  -0.605848  0.697992  -0.381780  -0.129819  0.386711  0.913018  -0.005705  0.003193  -0.018979  0.154114  0.181188  -0.136840  1.000000  
64.647491 0.002049  -0.003258  0.015726  0.784972  0.602583  -0.143916  -0.605890  0.698211  -0.381312  -0.129288  0.386517  0.913176  -0.005980  0.003158  -0.019006  0.161335  0.200441  -0.137561  1.000000  
64.648739 0.002039  -0.003254  0.015703  0.784930  0.602534  -0.144356  -0.606115  0.698415  -0.380580  -0.128492  0.386225  0.913411  -0.006298  0.003099  -0.018969  0.171714  0.230662  -0.135477  1.000000  
64.649984 0.002030  -0.003250  0.015682  0.785025  0.602300  -0.144814  -0.606188  0.698774  -0.379803  -0.127563  0.385939  0.913662  -0.006558  0.003046  -0.019057  0.181532  0.256109  -0.138562  1.000000  
64.650985 0.002022  -0.003247  0.015664  0.784981  0.602252  -0.145253  -0.606412  0.698978  -0.379070  -0.126767  0.385646  0.913897  -0.006674  0.003057  -0.019318  0.190273  0.285786  -0.143899  1.000000  
64.651986 0.002014  -0.003245  0.015645  0.785061  0.602060  -0.145615  -0.606474  0.699305  -0.378367  -0.125970  0.385353  0.914131  -0.006736  0.003062  -0.019884  0.201581  0.313317  -0.148085  1.000000  
64.653236 0.002007  -0.003241  0.015617  0.785154  0.601827  -0.146073  -0.606546  0.699663  -0.377589  -0.125041  0.385066  0.914379  -0.006698  0.002982  -0.020486  0.207111  0.342178  -0.152739  1.000000  
64.654484 0.001999  -0.003238  0.015587  0.785246  0.601595  -0.146532  -0.606617  0.700021  -0.376811  -0.124112  0.384778  0.914627  -0.006739  0.002910  -0.021020  0.215181  0.366828  -0.163104  1.000000  
64.655484 0.001993  -0.003235  0.015563  0.785325  0.601404  -0.146895  -0.606678  0.700346  -0.376107  -0.123315  0.384484  0.914858  -0.006765  0.002880  -0.021337  0.226456  0.394217  -0.167253  1.000000  
64.656484 0.001985  -0.003233  0.015540  0.785278  0.601358  -0.147334  -0.606900  0.700548  -0.375373  -0.122519  0.384189  0.915089  -0.006912  0.002821  -0.021462  0.233620  0.417381  -0.169571  1.000000  
64.657734 0.001976  -0.003230  0.015513  0.785493  0.601018  -0.147571  -0.606808  0.701119  -0.374454  -0.121589  0.383678  0.915427  -0.006986  0.002834  -0.021271  0.247806  0.445789  -0.181331  1.000000  
64.658738 0.001968  -0.003227  0.015493  0.785570  0.600829  -0.147934  -0.606868  0.701443  -0.373749  -0.120792  0.383383  0.915657  -0.007057  0.002905  -0.020977  0.253005  0.465409  -0.182176  1.000000  
64.659989 0.001958  -0.003223  0.015469  0.785685  0.600535  -0.148515  -0.606956  0.701907  -0.372735  -0.119597  0.382994  0.915976  -0.007195  0.002871  -0.020695  0.265101  0.498250  -0.195899  1.000000  
64.661235 0.001947  -0.003221  0.015444  0.785786  0.600301  -0.148927  -0.607034  0.702383  -0.371709  -0.118534  0.382488  0.916326  -0.007342  0.002763  -0.020551  0.280440  0.525675  -0.199879  1.000000  
64.662242 0.001939  -0.003219  0.015425  0.785998  0.599946  -0.149239  -0.606940  0.702905  -0.370875  -0.117604  0.382086  0.916613  -0.007474  0.002608  -0.020450  0.295822  0.552176  -0.218148  1.000000  
64.663243 0.001929  -0.003218  0.015404  0.786085  0.599753  -0.149555  -0.607007  0.703349  -0.369923  -0.116674  0.381572  0.916946  -0.007598  0.002479  -0.020594  0.312086  0.572883  -0.226645  1.000000  
64.664492 0.001920  -0.003217  0.015377  0.786196  0.599481  -0.150065  -0.607093  0.703853  -0.368822  -0.115478  0.381069  0.917306  -0.007529  0.002281  -0.020918  0.328430  0.602030  -0.238675  1.000000  
64.665740 0.001911  -0.003216  0.015348  0.786442  0.599042  -0.150525  -0.607025  0.704556  -0.367590  -0.114149  0.380460  0.917725  -0.007479  0.002106  -0.021451  0.344783  0.635374  -0.252356  1.000000  
64.666994 0.001903  -0.003214  0.015317  0.786562  0.598730  -0.151134  -0.607117  0.705089  -0.366412  -0.112819  0.379962  0.918096  -0.007436  0.002005  -0.021805  0.356952  0.664370  -0.264225  1.000000  
64.668237 0.001895  -0.003212  0.015287  0.786806  0.598293  -0.151596  -0.607047  0.705789  -0.365179  -0.111490  0.379351  0.918511  -0.007518  0.001894  -0.021934  0.374200  0.691024  -0.282474  1.000000  
64.669487 0.001885  -0.003210  0.015261  0.787060  0.597817  -0.152156  -0.606985  0.706518  -0.363871  -0.110027  0.378744  0.918938  -0.007638  0.001885  -0.021689  0.391347  0.717532  -0.300633  1.000000  
64.670737 0.001875  -0.003208  0.015237  0.787176  0.597508  -0.152767  -0.607074  0.707048  -0.362691  -0.108697  0.378243  0.919303  -0.007726  0.001768  -0.021322  0.399499  0.742568  -0.310699  1.000000  
64.671991 0.001865  -0.003206  0.015218  0.787427  0.597033  -0.153330  -0.607009  0.707774  -0.361381  -0.107234  0.377634  0.919725  -0.007742  0.001706  -0.020681  0.413386  0.762345  -0.333376  1.000000  
64.673236 0.001854  -0.003204  0.015197  0.787562  0.596665  -0.154065  -0.607113  0.708406  -0.359964  -0.105637  0.377029  0.920157  -0.007837  0.001600  -0.020413  0.425617  0.795764  -0.346827  1.000000  
64.674484 0.001844  -0.003201  0.015175  0.787821  0.596153  -0.154728  -0.607054  0.709160  -0.358578  -0.104041  0.376423  0.920587  -0.007851  0.001545  -0.020284  0.439092  0.823843  -0.365330  1.000000  
64.675532 0.001836  -0.003199  0.015154  0.788055  0.595721  -0.155196  -0.606976  0.709850  -0.357342  -0.102710  0.375805  0.920989  -0.007808  0.001523  -0.020265  0.455913  0.845171  -0.388690  1.000000  
64.676734 0.001825  -0.003198  0.015128  0.788174  0.595415  -0.155765  -0.607068  0.710490  -0.355911  -0.101246  0.375080  0.921447  -0.007807  0.001426  -0.020418  0.473012  0.868503  -0.397583  1.000000  
64.677984 0.001817  -0.003197  0.015101  0.788427  0.594925  -0.156359  -0.607004  0.711281  -0.354437  -0.099648  0.374358  0.921915  -0.007664  0.001476  -0.020582  0.490809  0.892537  -0.421697  1.000000  
64.678989 0.001809  -0.003195  0.015079  0.788532  0.594661  -0.156831  -0.607085  0.711887  -0.353080  -0.098317  0.373625  0.922355  -0.007599  0.001474  -0.020600  0.510964  0.912359  -0.429672  1.000000  
64.679996 0.001802  -0.003194  0.015057  0.788760  0.594233  -0.157304  -0.607002  0.712570  -0.351841  -0.096985  0.373002  0.922748  -0.007625  0.001516  -0.020533  0.523737  0.926272  -0.442252  1.000000  
64.681244 0.001792  -0.003192  0.015031  0.789008  0.593784  -0.157758  -0.606934  0.713441  -0.350191  -0.095387  0.372052  0.923298  -0.007763  0.001526  -0.020237  0.549738  0.942282  -0.462940  1.000000  
64.682244 0.001785  -0.003190  0.015011  0.789118  0.593485  -0.158331  -0.607019  0.714071  -0.348757  -0.093922  0.371320  0.923742  -0.007807  0.001566  -0.019895  0.565925  0.963286  -0.470904  1.000000  
64.683484 0.001775  -0.003187  0.014988  0.789371  0.592999  -0.158886  -0.606955  0.714966  -0.347030  -0.092190  0.370372  0.924297  -0.007839  0.001649  -0.019562  0.591245  0.986319  -0.487000  1.000000  
64.684485 0.001767  -0.003185  0.014971  0.789478  0.592722  -0.159390  -0.607037  0.715634  -0.345506  -0.090724  0.369525  0.924781  -0.007844  0.001648  -0.019318  0.611496  1.007373  -0.494846  1.000000  
64.685735 0.001758  -0.003182  0.014949  0.789611  0.592348  -0.160117  -0.607139  0.716432  -0.343668  -0.088859  0.368577  0.925340  -0.007817  0.001750  -0.019224  0.632668  1.034562  -0.512485  1.000000  
64.686984 0.001748  -0.003180  0.014925  0.789867  0.591829  -0.160774  -0.607077  0.717348  -0.341862  -0.086993  0.367628  0.925895  -0.007799  0.001737  -0.019521  0.653537  1.061313  -0.529855  1.000000  
64.687990 0.001742  -0.003177  0.014906  0.789977  0.591518  -0.161379  -0.607161  0.718038  -0.340259  -0.085393  0.366780  0.926380  -0.007604  0.001817  -0.019776  0.672991  1.089083  -0.532882  1.000000  
64.689234 0.001733  -0.003175  0.014879  0.790111  0.591151  -0.162065  -0.607265  0.718939  -0.338167  -0.083393  0.365606  0.927026  -0.007483  0.001807  -0.020039  0.697417  1.118920  -0.543765  1.000000  
64.690484 0.001726  -0.003171  0.014852  0.790376  0.590581  -0.162853  -0.607209  0.719945  -0.336118  -0.081260  0.364545  0.927633  -0.007338  0.001897  -0.020198  0.722435  1.145980  -0.561041  1.000000  
64.691486 0.001721  -0.003169  0.014832  0.790478  0.590295  -0.163390  -0.607288  0.720667  -0.334424  -0.079660  0.363580  0.928151  -0.007091  0.002007  -0.020088  0.739899  1.168355  -0.560933  1.000000  
64.692736 0.001713  -0.003165  0.014809  0.790603  0.589916  -0.164151  -0.607384  0.721516  -0.332414  -0.077659  0.362511  0.928738  -0.007047  0.002153  -0.019772  0.756031  1.197994  -0.571558  1.000000  
64.693736 0.001706  -0.003162  0.014792  0.790717  0.589558  -0.164888  -0.607472  0.722291  -0.330566  -0.075791  0.361549  0.929267  -0.007009  0.002267  -0.019494  0.776143  1.227433  -0.582292  1.000000  
64.694747 0.001700  -0.003158  0.014776  0.790953  0.589053  -0.165557  -0.607394  0.723184  -0.328751  -0.073923  0.360585  0.929792  -0.006950  0.002433  -0.019038  0.798485  1.258550  -0.594258  1.000000  
64.695770 0.001693  -0.003154  0.014761  0.791062  0.588699  -0.166296  -0.607478  0.723953  -0.326900  -0.072055  0.359619  0.930313  -0.006837  0.002576  -0.018559  0.813873  1.278692  -0.600980  1.000000  
64.696993 0.001685  -0.003149  0.014741  0.791197  0.588256  -0.167217  -0.607582  0.724953  -0.324480  -0.069653  0.358326  0.930995  -0.006721  0.002769  -0.018332  0.840338  1.311693  -0.612073  1.000000  
64.698239 0.001677  -0.003145  0.014720  0.791453  0.587668  -0.168074  -0.607519  0.726070  -0.322093  -0.067250  0.357029  0.931669  -0.006616  0.002854  -0.018150  0.867476  1.348284  -0.625587  1.000000  
64.699485 0.001670  -0.003140  0.014698  0.791572  0.587270  -0.168901  -0.607611  0.727030  -0.319744  -0.064980  0.355726  0.932328  -0.006463  0.003025  -0.018180  0.887932  1.373584  -0.625910  1.000000  
64.700734 0.001663  -0.003136  0.014673  0.791694  0.586879  -0.169685  -0.607704  0.728092  -0.317141  -0.062577  0.354197  0.933075  -0.006333  0.003094  -0.018377  0.924203  1.407538  -0.637485  1.000000  
64.701984 0.001655  -0.003131  0.014648  0.791943  0.586305  -0.170507  -0.607636  0.729296  -0.314494  -0.060039  0.352667  0.933821  -0.006223  0.003243  -0.018506  0.956514  1.441700  -0.648959  1.000000  
64.702986 0.001649  -0.003128  0.014629  0.792156  0.585860  -0.171049  -0.607540  0.730236  -0.312490  -0.058170  0.351460  0.934394  -0.006166  0.003310  -0.018435  0.985142  1.459998  -0.662481  1.000000  
64.703991 0.001644  -0.003124  0.014610  0.792241  0.585567  -0.171656  -0.607606  0.731051  -0.310450  -0.056299  0.350251  0.934963  -0.006044  0.003445  -0.018206  1.008691  1.483770  -0.662710  1.000000  
64.705236 0.001637  -0.003120  0.014591  0.792477  0.585024  -0.172415  -0.607528  0.732275  -0.307707  -0.053761  0.348598  0.935729  -0.006033  0.003487  -0.017741  1.041331  1.507458  -0.676541  1.000000  
64.706486 0.001630  -0.003115  0.014574  0.792583  0.584637  -0.173239  -0.607609  0.733370  -0.304926  -0.051222  0.346941  0.936487  -0.006075  0.003579  -0.017218  1.073752  1.544473  -0.681696  1.000000  
64.707737 0.001622  -0.003110  0.014559  0.792814  0.584046  -0.174174  -0.607527  0.734569  -0.302190  -0.048550  0.345396  0.937200  -0.006017  0.003643  -0.016628  1.102061  1.578816  -0.692700  1.000000  
64.708738 0.001617  -0.003106  0.014547  0.793020  0.583562  -0.174856  -0.607425  0.735577  -0.299936  -0.046411  0.344067  0.937797  -0.005971  0.003721  -0.016330  1.121961  1.601946  -0.706426  1.000000  
64.709984 0.001611  -0.003099  0.014531  0.793241  0.582979  -0.175797  -0.607335  0.736762  -0.297195  -0.043738  0.342515  0.938494  -0.005818  0.003864  -0.016128  1.146172  1.632237  -0.715597  1.000000  
64.710984 0.001605  -0.003095  0.014517  0.793443  0.582467  -0.176583  -0.607231  0.737786  -0.294861  -0.041466  0.341182  0.939082  -0.005763  0.003933  -0.015982  1.166463  1.659432  -0.731148  1.000000  
64.711990 0.001600  -0.003090  0.014503  0.793640  0.581957  -0.177372  -0.607123  0.738804  -0.292524  -0.039193  0.339846  0.939664  -0.005689  0.003982  -0.015882  1.186301  1.689152  -0.740257  1.000000  
64.713241 0.001592  -0.003085  0.014485  0.793846  0.581408  -0.178252  -0.607022  0.740004  -0.289687  -0.036519  0.338170  0.940376  -0.005676  0.003986  -0.015661  1.212048  1.720903  -0.750008  1.000000  
64.714491 0.001586  -0.003080  0.014466  0.794046  0.580885  -0.179065  -0.606915  0.741231  -0.286758  -0.033845  0.336376  0.941119  -0.005585  0.004014  -0.015361  1.236640  1.744769  -0.763265  1.000000  
64.715739 0.001579  -0.003075  0.014450  0.794361  0.580272  -0.179652  -0.606639  0.742576  -0.283848  -0.031304  0.334462  0.941889  -0.005543  0.004022  -0.014833  1.269488  1.764655  -0.774946  1.000000  
64.716992 0.001571  -0.003069  0.014435  0.794553  0.579745  -0.180502  -0.606526  0.743847  -0.280746  -0.028495  0.332547  0.942656  -0.005549  0.004143  -0.014041  1.302127  1.792783  -0.789626  1.000000  
64.718236 0.001563  -0.003064  0.014422  0.794863  0.579093  -0.181229  -0.606245  0.745260  -0.277588  -0.025687  0.330513  0.943452  -0.005634  0.004218  -0.013359  1.335539  1.815020  -0.809164  1.000000  
64.719484 0.001554  -0.003060  0.014410  0.795042  0.578600  -0.182017  -0.606123  0.746543  -0.274389  -0.022878  0.328475  0.944235  -0.005806  0.004165  -0.012808  1.364242  1.839500  -0.821919  1.000000  
64.720484 0.001548  -0.003056  0.014400  0.795333  0.577996  -0.182662  -0.605827  0.747756  -0.271725  -0.020470  0.326774  0.944881  -0.005866  0.004156  -0.012443  1.389361  1.856333  -0.831563  1.000000  
64.721484 0.001541  -0.003052  0.014392  0.795495  0.577529  -0.183436  -0.605691  0.748810  -0.269113  -0.018062  0.325184  0.945478  -0.005889  0.004173  -0.012152  1.409700  1.880349  -0.844705  1.000000  
64.722734 0.001534  -0.003048  0.014377  0.795781  0.576897  -0.184180  -0.605392  0.750183  -0.265943  -0.015252  0.323134  0.946230  -0.005890  0.004174  -0.012152  1.442302  1.902187  -0.863593  1.000000  
64.723986 0.001527  -0.003042  0.014362  0.795937  0.576402  -0.185054  -0.605252  0.751395  -0.262823  -0.012443  0.321194  0.946932  -0.005879  0.004119  -0.012143  1.470107  1.919524  -0.867277  1.000000  
64.725236 0.001521  -0.003036  0.014346  0.796213  0.575713  -0.186009  -0.604944  0.752799  -0.259493  -0.009366  0.319137  0.947662  -0.005898  0.004139  -0.012092  1.494648  1.934170  -0.882148  1.000000  
64.726237 0.001515  -0.003032  0.014334  0.796353  0.575287  -0.186727  -0.604792  0.753851  -0.256780  -0.006957  0.317418  0.948260  -0.005998  0.004042  -0.011919  1.514776  1.954185  -0.893250  1.000000  
64.727484 0.001507  -0.003028  0.014322  0.796615  0.574666  -0.187521  -0.604474  0.755238  -0.253429  -0.004014  0.315237  0.949004  -0.006041  0.003994  -0.011534  1.543055  1.967996  -0.908508  1.000000  
64.728493 0.001501  -0.003024  0.014314  0.796744  0.574282  -0.188144  -0.604314  0.756247  -0.250788  -0.001739  0.313512  0.949583  -0.006065  0.003960  -0.011070  1.567395  1.985504  -0.912666  1.000000  
64.729737 0.001493  -0.003019  0.014305  0.796994  0.573629  -0.189080  -0.603986  0.757694  -0.247186  0.001472  0.311208  0.950341  -0.006115  0.003984  -0.010529  1.594939  2.004217  -0.927992  1.000000  
64.730745 0.001487  -0.003015  0.014299  0.797237  0.573065  -0.189761  -0.603654  0.758828  -0.244502  0.003880  0.309476  0.950899  -0.006088  0.003961  -0.010015  1.611437  2.019544  -0.938378  1.000000  
64.731991 0.001480  -0.003010  0.014291  0.797474  0.572523  -0.190403  -0.603317  0.760176  -0.241125  0.006690  0.307164  0.951633  -0.006105  0.003951  -0.009595  1.635822  2.025586  -0.950345  1.000000  
64.733234 0.001472  -0.003006  0.014282  0.797579  0.572088  -0.191269  -0.603138  0.761389  -0.237720  0.009633  0.304962  0.952316  -0.006063  0.003898  -0.009346  1.660168  2.049290  -0.954104  1.000000  
64.734497 0.001465  -0.003001  0.014272  0.797803  0.571567  -0.191888  -0.602792  0.762659  -0.234506  0.012309  0.302758  0.952988  -0.005953  0.003929  -0.009208  1.675287  2.052348  -0.957482  1.000000  
64.735736 0.001459  -0.002996  0.014259  0.798018  0.571002  -0.192678  -0.602438  0.764046  -0.230872  0.015386  0.300317  0.953715  -0.005806  0.003969  -0.009287  1.698075  2.067340  -0.970423  1.000000  
64.736984 0.001454  -0.002990  0.014246  0.798226  0.570476  -0.193372  -0.602079  0.765395  -0.227312  0.018329  0.297872  0.954430  -0.005661  0.003987  -0.009331  1.727999  2.076223  -0.977440  1.000000  
64.737984 0.001449  -0.002987  0.014236  0.798436  0.569965  -0.194008  -0.601722  0.766499  -0.224521  0.020737  0.296005  0.954961  -0.005572  0.003979  -0.009178  1.741682  2.085698  -0.989270  1.000000  
64.739234 0.001442  -0.002982  0.014224  0.798629  0.569444  -0.194744  -0.601352  0.767873  -0.220785  0.023814  0.293435  0.955682  -0.005547  0.003878  -0.008896  1.769259  2.098399  -0.995366  1.000000  
64.740240 0.001437  -0.002978  0.014216  0.798705  0.569125  -0.195364  -0.601151  0.768866  -0.217856  0.026222  0.291446  0.956228  -0.005522  0.003843  -0.008593  1.795171  2.104567  -0.995219  1.000000  
64.741498 0.001431  -0.002974  0.014207  0.799011  0.568489  -0.195963  -0.600609  0.770308  -0.214231  0.029164  0.288870  0.956924  -0.005464  0.003773  -0.008231  1.822950  2.108912  -0.998498  1.000000  
64.742504 0.001426  -0.002972  0.014201  0.799076  0.568181  -0.196590  -0.600401  0.771280  -0.211297  0.031571  0.286875  0.957448  -0.005415  0.003708  -0.008046  1.842359  2.116659  -1.004000  1.000000  
64.743738 0.001420  -0.002968  0.014193  0.799245  0.567693  -0.197312  -0.600013  0.772552  -0.207719  0.034513  0.284408  0.958082  -0.005284  0.003634  -0.007947  1.859752  2.132067  -1.001647  1.000000  
64.744754 0.001415  -0.002965  0.014186  0.799420  0.567230  -0.197937  -0.599629  0.773669  -0.204650  0.037054  0.282290  0.958613  -0.005144  0.003619  -0.007979  1.881345  2.139773  -1.008680  1.000000  
64.745754 0.001412  -0.002961  0.014178  0.799593  0.566778  -0.198531  -0.599245  0.774727  -0.201750  0.039460  0.280287  0.959105  -0.004992  0.003584  -0.008147  1.892412  2.151855  -1.015140  1.000000  
64.746998 0.001409  -0.002957  0.014167  0.799743  0.566332  -0.199197  -0.598843  0.775986  -0.198069  0.042401  0.277693  0.959734  -0.004720  0.003565  -0.008309  1.916375  2.156880  -1.018379  1.000000  
64.748241 0.001405  -0.002953  0.014156  0.799876  0.565859  -0.200005  -0.598429  0.777298  -0.194138  0.045610  0.274975  0.960369  -0.004455  0.003546  -0.008397  1.932184  2.172846  -1.017204  1.000000  
64.749486 0.001402  -0.002949  0.014146  0.800012  0.565428  -0.200681  -0.598017  0.778527  -0.190451  0.048550  0.272374  0.960966  -0.004218  0.003443  -0.008403  1.947792  2.179839  -1.013383  1.000000  
64.750739 0.001400  -0.002945  0.014136  0.800263  0.564844  -0.201324  -0.597435  0.779857  -0.186802  0.051490  0.269769  0.961548  -0.003980  0.003355  -0.008146  1.962887  2.173827  -1.019926  1.000000  
64.751991 0.001396  -0.002942  0.014128  0.800372  0.564370  -0.202216  -0.597003  0.781098  -0.182955  0.054696  0.267156  0.962100  -0.003792  0.003209  -0.007848  1.982121  2.184689  -1.017362  1.000000  
64.753235 0.001393  -0.002938  0.014120  0.800602  0.563772  -0.202974  -0.596406  0.782419  -0.179224  0.057769  0.264542  0.962642  -0.003627  0.003153  -0.007493  1.997274  2.190818  -1.025392  1.000000  
64.754235 0.001391  -0.002936  0.014115  0.800740  0.563437  -0.203358  -0.595996  0.783418  -0.176195  0.060039  0.262287  0.963120  -0.003422  0.003056  -0.007229  2.017183  2.194230  -1.023729  1.000000  
64.755484 0.001387  -0.002934  0.014107  0.800962  0.562929  -0.203886  -0.595393  0.784732  -0.172346  0.062977  0.259435  0.963705  -0.003238  0.002934  -0.007177  2.035820  2.191849  -1.028515  1.000000  
64.756485 0.001386  -0.002932  0.014100  0.801213  0.562418  -0.204312  -0.594811  0.785803  -0.169450  0.065247  0.257293  0.964128  -0.003034  0.002843  -0.007163  2.047337  2.188630  -1.032131  1.000000  
64.757734 0.001383  -0.002931  0.014089  0.801422  0.561973  -0.204716  -0.594200  0.787127  -0.165405  0.068184  0.254201  0.964745  -0.002800  0.002658  -0.007355  2.076640  2.189647  -1.038007  1.000000  
64.758737 0.001382  -0.002930  0.014080  0.801540  0.561658  -0.205117  -0.593776  0.788078  -0.162367  0.070453  0.251937  0.965176  -0.002567  0.002540  -0.007533  2.089958  2.185538  -1.033667  1.000000  
64.760013 0.001381  -0.002928  0.014068  0.801737  0.561202  -0.205600  -0.593155  0.789350  -0.158411  0.073389  0.248956  0.965730  -0.002269  0.002346  -0.007721  2.107172  2.175980  -1.030922  1.000000  
64.761234 0.001380  -0.002928  0.014057  0.801917  0.560676  -0.206328  -0.592522  0.790586  -0.154567  0.076458  0.246204  0.966197  -0.002070  0.002134  -0.007788  2.122284  2.181465  -1.030923  1.000000  
64.762239 0.001380  -0.002926  0.014049  0.802133  0.560213  -0.206747  -0.591916  0.791654  -0.151393  0.078859  0.243814  0.966611  -0.001812  0.001981  -0.007736  2.142420  2.189601  -1.045062  1.000000  
64.763249 0.001380  -0.002926  0.014042  0.802352  0.559732  -0.207201  -0.591312  0.792655  -0.148486  0.081127  0.241659  0.966964  -0.001682  0.001767  -0.007586  2.148358  2.184569  -1.045458  1.000000  
64.764490 0.001380  -0.002925  0.014034  0.802530  0.559302  -0.207670  -0.590679  0.793827  -0.144694  0.083927  0.238787  0.967438  -0.001459  0.001586  -0.007394  2.166776  2.188234  -1.051622  1.000000  
64.765491 0.001380  -0.002925  0.014028  0.802739  0.558880  -0.207998  -0.590069  0.794840  -0.141591  0.086193  0.236394  0.967827  -0.001311  0.001355  -0.007300  2.178558  2.180514  -1.053881  1.000000  
64.766734 0.001381  -0.002925  0.014021  0.803026  0.558325  -0.208382  -0.589262  0.796114  -0.137740  0.088992  0.233400  0.968300  -0.001087  0.001177  -0.007186  2.193259  2.175823  -1.060042  1.000000  
64.767734 0.001381  -0.002925  0.014015  0.803355  0.557774  -0.208588  -0.588487  0.797198  -0.134753  0.091124  0.231006  0.968676  -0.000824  0.000955  -0.007254  2.207793  2.165829  -1.066196  1.000000  
64.768984 0.001383  -0.002926  0.014007  0.803630  0.557204  -0.209052  -0.587671  0.798425  -0.130995  0.093922  0.228125  0.969091  -0.000486  0.000655  -0.007344  2.213791  2.156518  -1.071063  1.000000  
64.770234 0.001386  -0.002927  0.013996  0.803897  0.556666  -0.209456  -0.586852  0.799651  -0.127137  0.096719  0.225125  0.969518  -0.000162  0.000437  -0.007489  2.225601  2.149281  -1.080148  1.000000  
64.771484 0.001388  -0.002929  0.013986  0.804267  0.555921  -0.210014  -0.585854  0.800976  -0.123341  0.099648  0.222237  0.969887  0.000190  0.000187  -0.007604  2.231969  2.149377  -1.087600  1.000000  
64.772484 0.001391  -0.002930  0.013977  0.804444  0.555530  -0.210375  -0.585222  0.801911  -0.120228  0.101911  0.219833  0.970200  0.000522  0.000030  -0.007634  2.242461  2.144463  -1.095042  1.000000  
64.773734 0.001395  -0.002932  0.013966  0.804702  0.555086  -0.210559  -0.584397  0.803098  -0.116247  0.104573  0.216594  0.970645  0.000866  -0.000156  -0.007604  2.263146  2.134468  -1.099148  1.000000  
64.774984 0.001399  -0.002935  0.013956  0.804953  0.554623  -0.210818  -0.583568  0.804254  -0.112360  0.107234  0.213471  0.971046  0.001218  -0.000411  -0.007488  2.277168  2.121653  -1.102939  1.000000  
64.775991 0.001402  -0.002937  0.013949  0.805126  0.554269  -0.211088  -0.582934  0.805132  -0.109318  0.109362  0.211065  0.971335  0.001468  -0.000611  -0.007301  2.282937  2.113342  -1.102118  1.000000  
64.777235 0.001406  -0.002939  0.013940  0.805378  0.553840  -0.211253  -0.582107  0.806239  -0.105504  0.111889  0.207942  0.971721  0.001758  -0.000878  -0.007228  2.296712  2.096115  -1.104877  1.000000  
64.778240 0.001409  -0.002942  0.013933  0.805553  0.553544  -0.211360  -0.581476  0.807088  -0.102437  0.113883  0.205419  0.972026  0.001981  -0.001053  -0.007283  2.306858  2.079628  -1.102075  1.000000  
64.779241 0.001413  -0.002944  0.013925  0.805845  0.553085  -0.211450  -0.580678  0.808041  -0.099413  0.115876  0.202896  0.972320  0.002267  -0.001233  -0.007354  2.319105  2.065674  -1.111380  1.000000  
64.780245 0.001418  -0.002946  0.013917  0.806013  0.552771  -0.211632  -0.580043  0.808856  -0.096442  0.117870  0.200489  0.972580  0.002549  -0.001451  -0.007576  2.324948  2.053130  -1.109813  1.000000  
64.781490 0.001424  -0.002950  0.013905  0.806363  0.552220  -0.211733  -0.579037  0.810030  -0.092565  0.120394  0.197243  0.972934  0.002889  -0.001746  -0.007916  2.347123  2.036195  -1.113180  1.000000  
64.782734 0.001431  -0.002954  0.013893  0.806589  0.551817  -0.211927  -0.578192  0.811060  -0.088741  0.122917  0.194113  0.973248  0.003307  -0.001954  -0.008144  2.360754  2.019008  -1.116492  1.000000  
64.783736 0.001437  -0.002958  0.013882  0.806743  0.551541  -0.212056  -0.577549  0.811848  -0.085668  0.124908  0.191585  0.973495  0.003646  -0.002158  -0.008457  2.367356  2.008442  -1.108298  1.000000  
64.784986 0.001445  -0.002963  0.013870  0.806853  0.551336  -0.212173  -0.576874  0.812720  -0.081873  0.127298  0.188456  0.973796  0.004051  -0.002397  -0.008550  2.373987  1.998758  -1.099053  1.000000  
64.786235 0.001453  -0.002967  0.013859  0.807180  0.550782  -0.212367  -0.575854  0.813815  -0.078087  0.129819  0.185323  0.974065  0.004391  -0.002566  -0.008601  2.383900  1.989888  -1.106835  1.000000  
64.787484 0.001461  -0.002972  0.013848  0.807397  0.550421  -0.212479  -0.575006  0.814766  -0.074332  0.132206  0.182192  0.974334  0.004716  -0.002759  -0.008549  2.380725  1.969507  -1.101793  1.000000  
64.788734 0.001470  -0.002976  0.013838  0.807623  0.550085  -0.212490  -0.574165  0.815686  -0.070651  0.134461  0.179064  0.974606  0.005012  -0.002950  -0.008525  2.386708  1.954159  -1.098553  1.000000  
64.789734 0.001477  -0.002980  0.013829  0.807786  0.549895  -0.212361  -0.573530  0.816389  -0.067623  0.136184  0.176420  0.974849  0.005332  -0.003059  -0.008582  2.395189  1.935950  -1.094319  1.000000  
64.790988 0.001486  -0.002985  0.013818  0.808003  0.549542  -0.212449  -0.572684  0.817271  -0.064038  0.138437  0.173409  0.975072  0.005626  -0.003220  -0.008730  2.398201  1.909180  -1.088311  1.000000  
64.791991 0.001494  -0.002989  0.013808  0.808159  0.549334  -0.212395  -0.572045  0.817943  -0.061106  0.140159  0.170883  0.975271  0.005915  -0.003353  -0.008959  2.401021  1.889995  -1.078762  1.000000  
64.793234 0.001503  -0.002995  0.013793  0.808485  0.548847  -0.212414  -0.571027  0.818918  -0.057463  0.142411  0.167752  0.975489  0.006232  -0.003538  -0.009299  2.411717  1.875412  -1.078586  1.000000  
64.794235 0.001511  -0.003000  0.013781  0.808633  0.548671  -0.212301  -0.570384  0.819573  -0.054429  0.144133  0.165106  0.975687  0.006521  -0.003714  -0.009620  2.422028  1.860267  -1.069917  1.000000  
64.795243 0.001519  -0.003005  0.013767  0.808779  0.548498  -0.212192  -0.569739  0.820217  -0.051394  0.145854  0.162461  0.975876  0.006762  -0.003902  -0.009963  2.427769  1.843071  -1.065760  1.000000  
64.796487 0.001530  -0.003011  0.013751  0.809108  0.548067  -0.212054  -0.568725  0.821142  -0.047723  0.147971  0.159213  0.976092  0.007097  -0.004063  -0.010258  2.433350  1.822984  -1.061994  1.000000  
64.797488 0.001539  -0.003017  0.013737  0.809247  0.547900  -0.211952  -0.568077  0.821761  -0.044685  0.149691  0.156567  0.976258  0.007298  -0.004220  -0.010519  2.440945  1.813766  -1.047782  1.000000  
