1-Time 2-Px 3-Py 4-Pz 5-R11 6-R21 7-R31 8-R12 9-R22 10-R32 11-R13 12-R23 13-R33 14-Vx 15-Vy 16-Vz 17-Wx 18-Wy 19-Wz 20-state 21-PR11 22-PR21 23-PR31 24-PR12 25-PR22 26-PR32 27-PR13 28-PR23 29-PR33 
176.724615 0.001630  0.090019  -0.014684  0.991835  0.124759  0.026446  -0.125630  0.991484  0.034300  -0.021941  -0.037342  0.999062  -0.000263  -0.000165  0.000016  0.000000  0.000000  0.000000  2.000000  
176.725618 0.001630  0.090019  -0.014684  0.991806  0.124962  0.026570  -0.125834  0.991463  0.034157  -0.022075  -0.037221  0.999063  -0.000283  -0.000193  -0.000039  0.000000  0.000000  0.000000  2.000000  
176.726618 0.001630  0.090017  -0.014685  0.991728  0.125571  0.026606  -0.126446  0.991382  0.034261  -0.022075  -0.037342  0.999059  -0.000278  -0.000291  -0.000068  0.000000  0.000000  0.000000  2.000000  
176.727871 0.001629  0.090014  -0.014687  0.991617  0.126377  0.026900  -0.127262  0.991279  0.034205  -0.022343  -0.037341  0.999053  -0.000297  -0.000491  -0.000189  0.000000  0.000000  0.000000  2.000000  
176.729117 0.001628  0.090010  -0.014687  0.991562  0.126777  0.027062  -0.127670  0.991224  0.034297  -0.022476  -0.037463  0.999045  -0.000293  -0.000713  -0.000204  0.000000  0.000000  0.000000  2.000000  
176.730118 0.001628  0.090007  -0.014688  0.991503  0.127172  0.027357  -0.128077  0.991168  0.034372  -0.022744  -0.037583  0.999035  -0.000302  -0.000932  -0.000315  0.000000  0.000000  0.000000  2.000000  
176.731118 0.001628  0.090004  -0.014688  0.991451  0.127577  0.027386  -0.128486  0.991112  0.034481  -0.022744  -0.037705  0.999030  -0.000293  -0.001075  -0.000290  0.000000  0.000000  0.000000  2.000000  
176.732119 0.001628  0.090002  -0.014688  0.991374  0.128191  0.027290  -0.129098  0.991028  0.034601  -0.022610  -0.037826  0.999029  -0.000252  -0.001191  -0.000247  0.000000  0.000000  0.000000  2.000000  
176.733121 0.001628  0.090000  -0.014687  0.991270  0.129008  0.027202  -0.129915  0.990917  0.034716  -0.022476  -0.037947  0.999027  -0.000240  -0.001314  -0.000267  0.000000  0.000000  0.000000  2.000000  
176.734372 0.001628  0.089998  -0.014688  0.991136  0.130025  0.027254  -0.130935  0.990780  0.034809  -0.022476  -0.038068  0.999022  -0.000219  -0.001458  -0.000279  0.024549  -0.029235  0.178847  2.000000  
176.735374 0.001628  0.089996  -0.014688  0.991028  0.130837  0.027298  -0.131751  0.990668  0.034906  -0.022476  -0.038190  0.999018  -0.000198  -0.001602  -0.000290  0.023933  -0.030297  0.206458  2.000000  
176.736379 0.001628  0.089994  -0.014689  0.990913  0.131640  0.027608  -0.132567  0.990557  0.034968  -0.022744  -0.038311  0.999007  -0.000151  -0.001677  -0.000337  0.027362  -0.040338  0.233741  2.000000  
176.737620 0.001629  0.089993  -0.014688  0.990746  0.132855  0.027799  -0.133790  0.990390  0.035037  -0.022878  -0.038432  0.998999  -0.000088  -0.001747  -0.000284  0.030503  -0.046430  0.275109  2.000000  
176.738871 0.001630  0.089992  -0.014685  0.990573  0.134064  0.028124  -0.135013  0.990222  0.035086  -0.023145  -0.038553  0.998988  -0.000004  -0.001853  -0.000077  0.033611  -0.057010  0.316243  2.000000  
176.739871 0.001631  0.089990  -0.014683  0.990431  0.135079  0.028292  -0.136032  0.990085  0.035039  -0.023279  -0.038552  0.998985  0.000084  -0.001938  0.000086  0.032808  -0.062813  0.350614  2.000000  
176.740871 0.001631  0.089987  -0.014681  0.990290  0.136094  0.028345  -0.137052  0.989941  0.035130  -0.023279  -0.038674  0.998981  0.000090  -0.002049  0.000239  0.036095  -0.059684  0.385521  2.000000  
176.742123 0.001632  0.089984  -0.014680  0.990120  0.137313  0.028405  -0.138275  0.989768  0.035215  -0.023279  -0.038795  0.998976  0.000177  -0.002132  0.000400  0.039214  -0.061256  0.426786  2.000000  
176.743375 0.001632  0.089979  -0.014678  0.989974  0.138324  0.028590  -0.139293  0.989622  0.035287  -0.023413  -0.038916  0.998968  0.000227  -0.002227  0.000580  0.042474  -0.067089  0.461133  2.000000  
176.744621 0.001632  0.089973  -0.014675  0.989827  0.139334  0.028776  -0.140312  0.989476  0.035359  -0.023546  -0.039037  0.998960  0.000295  -0.002344  0.000824  0.045730  -0.072928  0.495499  2.000000  
176.745871 0.001634  0.089966  -0.014674  0.989679  0.140340  0.028979  -0.141330  0.989324  0.035550  -0.023680  -0.039279  0.998948  0.000454  -0.002575  0.000966  0.053073  -0.078827  0.530010  2.000000  
176.747120 0.001638  0.089960  -0.014673  0.989530  0.141349  0.029165  -0.142349  0.989175  0.035622  -0.023814  -0.039400  0.998940  0.000667  -0.002841  0.000970  0.056310  -0.084661  0.564272  2.000000  
176.748130 0.001641  0.089955  -0.014673  0.989406  0.142150  0.029476  -0.143162  0.989056  0.035679  -0.024081  -0.039521  0.998929  0.000863  -0.003058  0.000957  0.059689  -0.094768  0.591716  2.000000  
176.749367 0.001644  0.089947  -0.014673  0.989285  0.142952  0.029672  -0.143977  0.988931  0.035876  -0.024215  -0.039763  0.998916  0.001090  -0.003363  0.000980  0.067163  -0.100400  0.619174  2.000000  
176.750373 0.001646  0.089941  -0.014674  0.989192  0.143554  0.029844  -0.144587  0.988838  0.035958  -0.024349  -0.039884  0.998908  0.001238  -0.003673  0.000948  0.070703  -0.105711  0.639604  2.000000  
176.751377 0.001650  0.089934  -0.014674  0.989130  0.143952  0.030008  -0.144994  0.988776  0.036046  -0.024483  -0.040005  0.998899  0.001471  -0.004004  0.000978  0.074393  -0.110744  0.653049  2.000000  
176.752394 0.001653  0.089927  -0.014675  0.989033  0.144548  0.030313  -0.145604  0.988684  0.036109  -0.024750  -0.040126  0.998888  0.001640  -0.004455  0.000923  0.077858  -0.120512  0.673096  2.000000  
176.753621 0.001657  0.089919  -0.014675  0.988940  0.145150  0.030485  -0.146214  0.988591  0.036190  -0.024884  -0.040247  0.998880  0.001828  -0.004959  0.000716  0.081466  -0.125949  0.694194  2.000000  
176.754622 0.001659  0.089911  -0.014675  0.988876  0.145548  0.030650  -0.146621  0.988527  0.036278  -0.025018  -0.040368  0.998872  0.001916  -0.005380  0.000563  0.089265  -0.131006  0.707993  2.000000  
176.755870 0.001662  0.089902  -0.014674  0.988809  0.145940  0.030947  -0.147027  0.988464  0.036346  -0.025285  -0.040489  0.998860  0.002056  -0.005724  0.000466  0.089160  -0.135643  0.708099  2.000000  
176.757124 0.001665  0.089892  -0.014674  0.988742  0.146337  0.031226  -0.147433  0.988406  0.036294  -0.025553  -0.040489  0.998853  0.002283  -0.006168  0.000341  0.089292  -0.139513  0.693658  2.000000  
176.758386 0.001667  0.089882  -0.014673  0.988705  0.146526  0.031516  -0.147636  0.988373  0.036368  -0.025820  -0.040610  0.998841  0.002373  -0.006508  0.000226  0.089414  -0.139018  0.679625  2.000000  
176.759618 0.001669  0.089871  -0.014672  0.988637  0.146922  0.031795  -0.148042  0.988314  0.036315  -0.026088  -0.040609  0.998834  0.002412  -0.006767  0.000190  0.084536  -0.142428  0.674124  2.000000  
176.760618 0.001670  0.089864  -0.014671  0.988630  0.146911  0.032059  -0.148041  0.988316  0.036276  -0.026355  -0.040609  0.998827  0.002430  -0.006931  0.000184  0.084738  -0.146352  0.660251  2.000000  
176.761866 0.001672  0.089854  -0.014671  0.988593  0.147100  0.032349  -0.148243  0.988283  0.036349  -0.026623  -0.040730  0.998815  0.002308  -0.007147  0.000167  0.085036  -0.159271  0.646029  2.000000  
176.762868 0.001672  0.089847  -0.014670  0.988589  0.147095  0.032481  -0.148243  0.988283  0.036329  -0.026757  -0.040730  0.998812  0.002131  -0.007343  0.000206  0.078448  -0.168316  0.616520  2.000000  
176.764129 0.001672  0.089837  -0.014670  0.988582  0.147084  0.032745  -0.148242  0.988285  0.036290  -0.027024  -0.040730  0.998805  0.001915  -0.007498  0.000213  0.075119  -0.175919  0.581390  2.000000  
176.765367 0.001671  0.089827  -0.014669  0.988575  0.147069  0.033027  -0.148241  0.988282  0.036370  -0.027292  -0.040850  0.998792  0.001669  -0.007588  0.000305  0.075134  -0.182439  0.549025  2.000000  
176.766378 0.001671  0.089819  -0.014669  0.988567  0.147058  0.033292  -0.148239  0.988284  0.036330  -0.027559  -0.040850  0.998785  0.001384  -0.007680  0.000357  0.071617  -0.181345  0.521470  2.000000  
176.767621 0.001670  0.089808  -0.014670  0.988560  0.147047  0.033556  -0.148238  0.988286  0.036291  -0.027827  -0.040850  0.998778  0.001019  -0.007817  0.000321  0.069224  -0.180965  0.477407  2.000000  
176.768624 0.001667  0.089799  -0.014673  0.988553  0.147032  0.033838  -0.148237  0.988283  0.036371  -0.028094  -0.040971  0.998765  0.000621  -0.007958  0.000127  0.070012  -0.184137  0.442636  2.000000  
176.769624 0.001664  0.089789  -0.014675  0.988576  0.146818  0.034095  -0.148033  0.988315  0.036338  -0.028362  -0.040970  0.998758  0.000255  -0.008110  -0.000021  0.070992  -0.186977  0.400977  2.000000  
176.770870 0.001660  0.089777  -0.014678  0.988568  0.146807  0.034359  -0.148031  0.988316  0.036299  -0.028629  -0.040970  0.998750  -0.000155  -0.008276  -0.000266  0.067205  -0.193017  0.363053  2.000000  
176.772122 0.001655  0.089765  -0.014682  0.988561  0.146796  0.034624  -0.148030  0.988318  0.036259  -0.028896  -0.040970  0.998742  -0.000678  -0.008410  -0.000527  0.064186  -0.200311  0.321557  2.000000  
176.773123 0.001651  0.089756  -0.014685  0.988553  0.146781  0.034906  -0.148029  0.988315  0.036340  -0.029164  -0.041091  0.998730  -0.001118  -0.008501  -0.000799  0.065573  -0.205157  0.289510  2.000000  
176.774376 0.001645  0.089746  -0.014689  0.988576  0.146567  0.035163  -0.147825  0.988347  0.036307  -0.029431  -0.041090  0.998722  -0.001579  -0.008532  -0.001116  0.062520  -0.207954  0.247778  2.000000  
176.775621 0.001640  0.089735  -0.014692  0.988568  0.146556  0.035427  -0.147823  0.988349  0.036268  -0.029699  -0.041090  0.998714  -0.002085  -0.008601  -0.001417  0.055248  -0.211120  0.213049  2.000000  
176.776873 0.001634  0.089725  -0.014696  0.988560  0.146541  0.035709  -0.147822  0.988346  0.036348  -0.029966  -0.041211  0.998701  -0.002578  -0.008667  -0.001754  0.056128  -0.214221  0.178261  2.000000  
176.778118 0.001628  0.089715  -0.014700  0.988552  0.146530  0.035973  -0.147821  0.988347  0.036308  -0.030234  -0.041210  0.998693  -0.002940  -0.008633  -0.001950  0.052339  -0.211446  0.149423  2.000000  
176.779371 0.001622  0.089706  -0.014703  0.988544  0.146519  0.036238  -0.147820  0.988349  0.036269  -0.030501  -0.041210  0.998685  -0.003302  -0.008598  -0.002208  0.045518  -0.216246  0.115849  2.000000  
176.780374 0.001618  0.089699  -0.014706  0.988540  0.146514  0.036370  -0.147819  0.988350  0.036249  -0.030635  -0.041210  0.998681  -0.003622  -0.008515  -0.002504  0.041787  -0.211146  0.102169  2.000000  
176.781618 0.001613  0.089691  -0.014709  0.988562  0.146299  0.036627  -0.147614  0.988382  0.036217  -0.030903  -0.041210  0.998673  -0.003875  -0.008409  -0.002634  0.038150  -0.212807  0.073740  2.000000  
176.782619 0.001609  0.089684  -0.014711  0.988558  0.146294  0.036759  -0.147614  0.988382  0.036197  -0.031036  -0.041209  0.998668  -0.004061  -0.008270  -0.002694  0.034478  -0.212253  0.060017  2.000000  
176.783866 0.001603  0.089676  -0.014714  0.988554  0.146288  0.036891  -0.147613  0.988383  0.036178  -0.031170  -0.041209  0.998664  -0.004236  -0.008079  -0.002709  0.027152  -0.211146  0.032574  2.000000  
176.784874 0.001599  0.089669  -0.014716  0.988554  0.146288  0.036891  -0.147613  0.988383  0.036178  -0.031170  -0.041209  0.998664  -0.004313  -0.007821  -0.002674  0.023681  -0.203326  0.019374  2.000000  
176.786124 0.001594  0.089661  -0.014719  0.988515  0.146476  0.037180  -0.147815  0.988350  0.036251  -0.031438  -0.041330  0.998651  -0.004305  -0.007533  -0.002661  0.027952  -0.203074  0.012452  2.000000  
176.787372 0.001590  0.089653  -0.014722  0.988511  0.146471  0.037313  -0.147815  0.988351  0.036231  -0.031571  -0.041330  0.998647  -0.004271  -0.007313  -0.002621  0.024064  -0.198264  0.005711  2.000000  
176.788383 0.001587  0.089647  -0.014725  0.988507  0.146466  0.037445  -0.147814  0.988352  0.036211  -0.031705  -0.041330  0.998642  -0.004215  -0.007114  -0.002606  0.024064  -0.196369  -0.001190  2.000000  
176.789620 0.001584  0.089640  -0.014728  0.988503  0.146455  0.037595  -0.147814  0.988348  0.036311  -0.031839  -0.041451  0.998633  -0.004003  -0.006880  -0.002578  0.028742  -0.188454  -0.014665  2.000000  
176.790620 0.001583  0.089635  -0.014730  0.988498  0.146445  0.037745  -0.147813  0.988345  0.036411  -0.031972  -0.041572  0.998624  -0.003783  -0.006695  -0.002525  0.033022  -0.188166  -0.021588  2.000000  
176.791621 0.001582  0.089629  -0.014733  0.988468  0.146649  0.037752  -0.148016  0.988315  0.036403  -0.031972  -0.041572  0.998624  -0.003534  -0.006472  -0.002527  0.028738  -0.179428  -0.014315  2.000000  
176.792868 0.001581  0.089623  -0.014738  0.988464  0.146639  0.037902  -0.148016  0.988311  0.036504  -0.032106  -0.041693  0.998615  -0.003239  -0.006303  -0.002591  0.032549  -0.177968  -0.014209  2.000000  
176.793868 0.001581  0.089618  -0.014741  0.988459  0.146629  0.038052  -0.148015  0.988307  0.036604  -0.032240  -0.041814  0.998605  -0.002907  -0.006095  -0.002606  0.036914  -0.175032  -0.014159  2.000000  
176.795120 0.001582  0.089612  -0.014744  0.988429  0.146827  0.038077  -0.148219  0.988273  0.036716  -0.032240  -0.041935  0.998600  -0.002479  -0.005910  -0.002595  0.036691  -0.166245  -0.006890  2.000000  
176.796125 0.001583  0.089608  -0.014747  0.988425  0.146817  0.038227  -0.148218  0.988269  0.036816  -0.032374  -0.042056  0.998591  -0.002089  -0.005722  -0.002598  0.000000  0.000000  0.000000  2.000000  
176.797427 0.001585  0.089603  -0.014749  0.988420  0.146807  0.038377  -0.148217  0.988266  0.036916  -0.032507  -0.042177  0.998581  -0.001586  -0.005517  -0.002623  0.000000  0.000000  0.000000  2.000000  
176.798620 0.001588  0.089598  -0.014751  0.988390  0.147011  0.038385  -0.148421  0.988235  0.036908  -0.032507  -0.042177  0.998581  -0.001016  -0.005297  -0.002530  0.000000  0.000000  0.000000  2.000000  
176.799868 0.001591  0.089593  -0.014753  0.988386  0.147000  0.038535  -0.148420  0.988232  0.037008  -0.032641  -0.042297  0.998572  -0.000536  -0.005100  -0.002488  0.000000  0.000000  0.000000  2.000000  
176.800895 0.001593  0.089589  -0.014754  0.988355  0.147199  0.038560  -0.148624  0.988197  0.037120  -0.032641  -0.042419  0.998567  -0.000067  -0.004859  -0.002367  0.000000  0.000000  0.000000  2.000000  
176.802122 0.001596  0.089585  -0.014755  0.988351  0.147193  0.038692  -0.148623  0.988198  0.037100  -0.032775  -0.042418  0.998562  0.000398  -0.004620  -0.002249  0.000000  0.000000  0.000000  2.000000  
176.803127 0.001600  0.089583  -0.014756  0.988320  0.147392  0.038718  -0.148827  0.988163  0.037212  -0.032775  -0.042540  0.998557  0.000903  -0.004354  -0.002074  0.000000  0.000000  0.000000  2.000000  
176.804373 0.001605  0.089580  -0.014756  0.988320  0.147387  0.038736  -0.148827  0.988158  0.037332  -0.032775  -0.042661  0.998552  0.001389  -0.004058  -0.001905  0.000000  0.000000  0.000000  2.000000  
176.805620 0.001609  0.089577  -0.014756  0.988289  0.147586  0.038761  -0.149030  0.988123  0.037444  -0.032775  -0.042782  0.998547  0.001738  -0.003846  -0.001765  0.000000  0.000000  0.000000  2.000000  
176.806621 0.001613  0.089575  -0.014757  0.988254  0.147779  0.038919  -0.149233  0.988089  0.037536  -0.032909  -0.042903  0.998537  0.002064  -0.003627  -0.001610  0.000000  0.000000  0.000000  2.000000  
176.807871 0.001617  0.089572  -0.014758  0.988254  0.147775  0.038937  -0.149233  0.988085  0.037655  -0.032909  -0.043024  0.998532  0.002423  -0.003334  -0.001323  0.000000  0.000000  0.000000  2.000000  
176.808871 0.001621  0.089570  -0.014759  0.988224  0.147978  0.038945  -0.149436  0.988054  0.037647  -0.032909  -0.043024  0.998532  0.002652  -0.003161  -0.001229  0.000000  0.000000  0.000000  2.000000  
176.810118 0.001624  0.089568  -0.014761  0.988193  0.148172  0.038988  -0.149640  0.988015  0.037879  -0.032909  -0.043266  0.998521  0.002800  -0.002985  -0.001091  0.000000  0.000000  0.000000  2.000000  
176.811121 0.001627  0.089565  -0.014762  0.988188  0.148161  0.039138  -0.149639  0.988011  0.037979  -0.033042  -0.043387  0.998512  0.002884  -0.002889  -0.001045  0.000000  0.000000  0.000000  2.000000  
176.812124 0.001628  0.089562  -0.014764  0.988158  0.148360  0.039164  -0.149842  0.987976  0.038091  -0.033042  -0.043508  0.998507  0.002943  -0.002774  -0.001000  0.000000  0.000000  0.000000  2.000000  
176.813124 0.001631  0.089560  -0.014766  0.988127  0.148559  0.039190  -0.150046  0.987941  0.038202  -0.033042  -0.043629  0.998501  0.002944  -0.002649  -0.001049  0.000000  0.000000  0.000000  2.000000  
176.814400 0.001632  0.089555  -0.014769  0.988096  0.148757  0.039216  -0.150249  0.987905  0.038314  -0.033042  -0.043750  0.998496  0.002853  -0.002601  -0.001155  0.000000  0.000000  0.000000  2.000000  
176.815618 0.001633  0.089552  -0.014772  0.988065  0.148956  0.039242  -0.150453  0.987870  0.038426  -0.033042  -0.043871  0.998491  0.002720  -0.002566  -0.001223  0.000000  0.000000  0.000000  2.000000  
176.816620 0.001634  0.089549  -0.014775  0.988065  0.148951  0.039260  -0.150453  0.987865  0.038546  -0.033042  -0.043993  0.998485  0.002624  -0.002551  -0.001318  0.000000  0.000000  0.000000  2.000000  
176.817626 0.001635  0.089546  -0.014777  0.988034  0.149150  0.039286  -0.150656  0.987830  0.038658  -0.033042  -0.044114  0.998480  0.002431  -0.002547  -0.001420  0.000000  0.000000  0.000000  2.000000  
176.818876 0.001636  0.089542  -0.014780  0.988003  0.149344  0.039330  -0.150860  0.987790  0.038889  -0.033042  -0.044356  0.998469  0.002145  -0.002608  -0.001657  0.000000  0.000000  0.000000  2.000000  
176.820137 0.001636  0.089538  -0.014783  0.988003  0.149339  0.039348  -0.150860  0.987785  0.039009  -0.033042  -0.044477  0.998464  0.001855  -0.002689  -0.001848  0.000000  0.000000  0.000000  2.000000  
176.821372 0.001636  0.089534  -0.014786  0.987972  0.149537  0.039375  -0.151063  0.987750  0.039121  -0.033042  -0.044598  0.998458  0.001596  -0.002773  -0.001965  0.000000  0.000000  0.000000  2.000000  
176.822380 0.001636  0.089531  -0.014788  0.987941  0.149736  0.039401  -0.151266  0.987714  0.039232  -0.033042  -0.044719  0.998453  0.001352  -0.002818  -0.002050  0.000000  0.000000  0.000000  2.000000  
176.823624 0.001636  0.089527  -0.014791  0.987941  0.149731  0.039419  -0.151266  0.987709  0.039352  -0.033042  -0.044840  0.998448  0.001037  -0.002917  -0.002125  0.000000  0.000000  0.000000  2.000000  
176.824872 0.001636  0.089523  -0.014793  0.987941  0.149726  0.039437  -0.151266  0.987705  0.039472  -0.033042  -0.044961  0.998442  0.000771  -0.003015  -0.002208  0.000000  0.000000  0.000000  2.000000  
176.826120 0.001635  0.089519  -0.014796  0.987909  0.149930  0.039445  -0.151470  0.987674  0.039464  -0.033042  -0.044961  0.998442  0.000556  -0.003088  -0.002254  0.000000  0.000000  0.000000  2.000000  
176.827136 0.001634  0.089515  -0.014799  0.987909  0.149925  0.039463  -0.151470  0.987669  0.039584  -0.033042  -0.045083  0.998437  0.000346  -0.003138  -0.002354  0.000000  0.000000  0.000000  2.000000  
176.828380 0.001633  0.089510  -0.014803  0.987909  0.149920  0.039482  -0.151470  0.987664  0.039703  -0.033042  -0.045204  0.998431  0.000151  -0.003212  -0.002392  0.000000  0.000000  0.000000  2.000000  
176.829621 0.001632  0.089506  -0.014807  0.987909  0.149915  0.039500  -0.151470  0.987659  0.039823  -0.033042  -0.045325  0.998426  0.000006  -0.003286  -0.002481  0.000000  0.000000  0.000000  2.000000  
176.830867 0.001631  0.089501  -0.014811  0.987909  0.149911  0.039518  -0.151470  0.987655  0.039943  -0.033042  -0.045446  0.998420  -0.000143  -0.003336  -0.002535  0.000000  0.000000  0.000000  2.000000  
176.831872 0.001631  0.089497  -0.014815  0.987941  0.149703  0.039528  -0.151266  0.987681  0.040071  -0.033042  -0.045567  0.998415  -0.000255  -0.003418  -0.002650  0.000000  0.000000  0.000000  2.000000  
176.833118 0.001631  0.089492  -0.014819  0.987941  0.149698  0.039546  -0.151266  0.987676  0.040191  -0.033042  -0.045688  0.998409  -0.000313  -0.003469  -0.002729  0.000000  0.000000  0.000000  2.000000  
176.834127 0.001630  0.089489  -0.014823  0.987941  0.149693  0.039564  -0.151266  0.987671  0.040311  -0.033042  -0.045809  0.998404  -0.000366  -0.003503  -0.002809  0.000000  0.000000  0.000000  2.000000  
176.835375 0.001630  0.089484  -0.014827  0.987972  0.149485  0.039574  -0.151063  0.987697  0.040439  -0.033042  -0.045930  0.998398  -0.000416  -0.003554  -0.002881  0.000000  0.000000  0.000000  2.000000  
176.836378 0.001630  0.089480  -0.014831  0.987972  0.149480  0.039592  -0.151063  0.987692  0.040558  -0.033042  -0.046051  0.998392  -0.000452  -0.003587  -0.003036  0.000000  0.000000  0.000000  2.000000  
176.837623 0.001629  0.089476  -0.014836  0.987972  0.149475  0.039610  -0.151063  0.987687  0.040678  -0.033042  -0.046172  0.998387  -0.000457  -0.003633  -0.003113  0.000000  0.000000  0.000000  2.000000  
176.838624 0.001629  0.089472  -0.014839  0.988003  0.149272  0.039602  -0.150860  0.987718  0.040686  -0.033042  -0.046172  0.998387  -0.000449  -0.003675  -0.003247  0.000000  0.000000  0.000000  2.000000  
176.839625 0.001629  0.089469  -0.014843  0.988003  0.149267  0.039620  -0.150860  0.987713  0.040806  -0.033042  -0.046294  0.998381  -0.000423  -0.003660  -0.003366  0.000000  0.000000  0.000000  2.000000  
176.840874 0.001629  0.089465  -0.014846  0.988003  0.149267  0.039620  -0.150860  0.987713  0.040806  -0.033042  -0.046294  0.998381  -0.000389  -0.003614  -0.003393  0.000000  0.000000  0.000000  2.000000  
176.842124 0.001629  0.089462  -0.014851  0.988034  0.149059  0.039630  -0.150656  0.987738  0.040934  -0.033042  -0.046415  0.998376  -0.000349  -0.003566  -0.003448  0.000000  0.000000  0.000000  2.000000  
176.843376 0.001629  0.089459  -0.014853  0.988034  0.149059  0.039630  -0.150656  0.987738  0.040934  -0.033042  -0.046415  0.998376  -0.000284  -0.003441  -0.003373  0.000000  0.000000  0.000000  2.000000  
176.844624 0.001629  0.089456  -0.014856  0.988065  0.148856  0.039621  -0.150453  0.987769  0.040942  -0.033042  -0.046415  0.998376  -0.000219  -0.003298  -0.003316  0.000000  0.000000  0.000000  2.000000  
176.845870 0.001629  0.089454  -0.014859  0.988065  0.148851  0.039639  -0.150453  0.987764  0.041062  -0.033042  -0.046536  0.998370  -0.000141  -0.003122  -0.003195  0.000000  0.000000  0.000000  2.000000  
176.847119 0.001630  0.089452  -0.014862  0.988065  0.148851  0.039639  -0.150453  0.987764  0.041062  -0.033042  -0.046536  0.998370  -0.000032  -0.002926  -0.003088  0.000000  0.000000  0.000000  2.000000  
176.848381 0.001631  0.089451  -0.014864  0.988065  0.148846  0.039657  -0.150453  0.987759  0.041182  -0.033042  -0.046657  0.998364  0.000029  -0.002695  -0.002950  0.000000  0.000000  0.000000  2.000000  
176.849617 0.001631  0.089450  -0.014867  0.988065  0.148846  0.039657  -0.150453  0.987759  0.041182  -0.033042  -0.046657  0.998364  0.000086  -0.002507  -0.002840  0.000000  0.000000  0.000000  2.000000  
176.850618 0.001632  0.089449  -0.014869  0.988069  0.148852  0.039525  -0.150453  0.987758  0.041202  -0.032909  -0.046657  0.998369  0.000177  -0.002262  -0.002719  0.000000  0.000000  0.000000  2.000000  
176.851625 0.001633  0.089448  -0.014871  0.988100  0.148644  0.039535  -0.150250  0.987784  0.041330  -0.032909  -0.046778  0.998363  0.000242  -0.002021  -0.002577  0.000000  0.000000  0.000000  2.000000  
176.852871 0.001634  0.089448  -0.014875  0.988100  0.148644  0.039535  -0.150250  0.987784  0.041330  -0.032909  -0.046778  0.998363  0.000298  -0.001822  -0.002515  0.000000  0.000000  0.000000  2.000000  
176.853874 0.001635  0.089447  -0.014877  0.988065  0.148836  0.039694  -0.150453  0.987749  0.041421  -0.033042  -0.046899  0.998353  0.000380  -0.001556  -0.002453  0.000000  0.000000  0.000000  2.000000  
176.855122 0.001636  0.089447  -0.014880  0.988065  0.148831  0.039712  -0.150453  0.987744  0.041541  -0.033042  -0.047020  0.998347  0.000442  -0.001387  -0.002383  0.000000  0.000000  0.000000  2.000000  
176.856123 0.001637  0.089447  -0.014882  0.988065  0.148831  0.039712  -0.150453  0.987744  0.041541  -0.033042  -0.047020  0.998347  0.000534  -0.001138  -0.002311  0.000000  0.000000  0.000000  2.000000  
176.857374 0.001638  0.089447  -0.014885  0.988065  0.148827  0.039730  -0.150453  0.987739  0.041661  -0.033042  -0.047141  0.998342  0.000607  -0.000917  -0.002243  0.000000  0.000000  0.000000  2.000000  
176.858387 0.001639  0.089447  -0.014887  0.988065  0.148827  0.039730  -0.150453  0.987739  0.041661  -0.033042  -0.047141  0.998342  0.000710  -0.000724  -0.002237  0.000000  0.000000  0.000000  2.000000  
176.859618 0.001641  0.089448  -0.014889  0.988034  0.149025  0.039756  -0.150656  0.987703  0.041773  -0.033042  -0.047262  0.998336  0.000810  -0.000548  -0.002193  0.000000  0.000000  0.000000  2.000000  
176.860868 0.001643  0.089449  -0.014891  0.988034  0.149025  0.039756  -0.150656  0.987703  0.041773  -0.033042  -0.047262  0.998336  0.000924  -0.000309  -0.002144  0.000000  0.000000  0.000000  2.000000  
176.861869 0.001645  0.089450  -0.014892  0.988034  0.149020  0.039774  -0.150656  0.987698  0.041893  -0.033042  -0.047383  0.998330  0.000986  -0.000163  -0.002078  0.000000  0.000000  0.000000  2.000000  
176.862873 0.001647  0.089451  -0.014894  0.988034  0.149020  0.039774  -0.150656  0.987698  0.041893  -0.033042  -0.047383  0.998330  0.001086  0.000008  -0.002029  0.000000  0.000000  0.000000  2.000000  
176.864121 0.001649  0.089453  -0.014895  0.988003  0.149219  0.039801  -0.150860  0.987662  0.042004  -0.033042  -0.047505  0.998324  0.001167  0.000206  -0.001954  0.000000  0.000000  0.000000  2.000000  
176.865367 0.001650  0.089454  -0.014897  0.988003  0.149219  0.039801  -0.150860  0.987662  0.042004  -0.033042  -0.047505  0.998324  0.001226  0.000323  -0.001886  0.000000  0.000000  0.000000  2.000000  
176.866383 0.001652  0.089455  -0.014898  0.988003  0.149214  0.039819  -0.150860  0.987657  0.042124  -0.033042  -0.047626  0.998319  0.001260  0.000454  -0.001831  0.000000  0.000000  0.000000  2.000000  
176.867640 0.001653  0.089457  -0.014899  0.988003  0.149214  0.039819  -0.150860  0.987657  0.042124  -0.033042  -0.047626  0.998319  0.001325  0.000633  -0.001672  0.000000  0.000000  0.000000  2.000000  
176.868871 0.001655  0.089459  -0.014900  0.988003  0.149209  0.039837  -0.150860  0.987652  0.042244  -0.033042  -0.047747  0.998313  0.001359  0.000749  -0.001537  0.000000  0.000000  0.000000  2.000000  
176.869873 0.001656  0.089460  -0.014902  0.987972  0.149413  0.039846  -0.151063  0.987621  0.042236  -0.033042  -0.047747  0.998313  0.001396  0.000888  -0.001479  0.000000  0.000000  0.000000  2.000000  
176.871122 0.001657  0.089461  -0.014903  0.987972  0.149408  0.039864  -0.151063  0.987616  0.042355  -0.033042  -0.047868  0.998307  0.001335  0.000925  -0.001400  0.000000  0.000000  0.000000  2.000000  
176.872372 0.001658  0.089462  -0.014905  0.987972  0.149403  0.039882  -0.151063  0.987611  0.042475  -0.033042  -0.047989  0.998301  0.001327  0.001002  -0.001327  0.000000  0.000000  0.000000  2.000000  
176.873374 0.001658  0.089462  -0.014906  0.987972  0.149403  0.039882  -0.151063  0.987611  0.042475  -0.033042  -0.047989  0.998301  0.001267  0.001007  -0.001283  0.000000  0.000000  0.000000  2.000000  
176.874383 0.001659  0.089463  -0.014907  0.987972  0.149398  0.039900  -0.151063  0.987606  0.042595  -0.033042  -0.048110  0.998295  0.001205  0.001053  -0.001228  0.000000  0.000000  0.000000  2.000000  
176.875621 0.001659  0.089464  -0.014909  0.987972  0.149393  0.039918  -0.151063  0.987601  0.042715  -0.033042  -0.048231  0.998290  0.001089  0.000984  -0.001212  0.000000  0.000000  0.000000  2.000000  
176.876873 0.001660  0.089464  -0.014911  0.987972  0.149393  0.039918  -0.151063  0.987601  0.042715  -0.033042  -0.048231  0.998290  0.000984  0.000912  -0.001231  0.000000  0.000000  0.000000  2.000000  
176.878116 0.001660  0.089464  -0.014913  0.987972  0.149388  0.039937  -0.151063  0.987596  0.042834  -0.033042  -0.048352  0.998284  0.000887  0.000875  -0.001220  0.000000  0.000000  0.000000  2.000000  
176.879121 0.001660  0.089464  -0.014914  0.987972  0.149384  0.039955  -0.151063  0.987590  0.042954  -0.033042  -0.048473  0.998278  0.000772  0.000749  -0.001227  0.000000  0.000000  0.000000  2.000000  
176.880390 0.001660  0.089463  -0.014916  0.987941  0.149587  0.039964  -0.151266  0.987560  0.042946  -0.033042  -0.048473  0.998278  0.000630  0.000628  -0.001214  0.000000  0.000000  0.000000  2.000000  
176.881618 0.001660  0.089463  -0.014916  0.987941  0.149582  0.039982  -0.151266  0.987554  0.043066  -0.033042  -0.048594  0.998272  0.000499  0.000488  -0.001200  0.000000  0.000000  0.000000  2.000000  
176.882621 0.001659  0.089463  -0.014917  0.987941  0.149582  0.039982  -0.151266  0.987554  0.043066  -0.033042  -0.048594  0.998272  0.000396  0.000386  -0.001191  0.000000  0.000000  0.000000  2.000000  
176.883868 0.001659  0.089462  -0.014918  0.987941  0.149577  0.040000  -0.151266  0.987549  0.043186  -0.033042  -0.048715  0.998266  0.000243  0.000198  -0.001183  0.000000  0.000000  0.000000  2.000000  
176.884874 0.001658  0.089461  -0.014918  0.987941  0.149577  0.040000  -0.151266  0.987549  0.043186  -0.033042  -0.048715  0.998266  0.000135  0.000087  -0.001132  0.000000  0.000000  0.000000  2.000000  
176.886124 0.001658  0.089460  -0.014919  0.987941  0.149572  0.040018  -0.151266  0.987544  0.043305  -0.033042  -0.048837  0.998260  0.000012  -0.000078  -0.001107  0.000000  0.000000  0.000000  2.000000  
176.887374 0.001657  0.089459  -0.014920  0.987941  0.149567  0.040036  -0.151266  0.987539  0.043425  -0.033042  -0.048958  0.998254  -0.000112  -0.000189  -0.000998  0.000000  0.000000  0.000000  2.000000  
176.888386 0.001656  0.089459  -0.014920  0.987941  0.149567  0.040036  -0.151266  0.987539  0.043425  -0.033042  -0.048958  0.998254  -0.000173  -0.000304  -0.000935  0.000000  0.000000  0.000000  2.000000  
176.889621 0.001656  0.089457  -0.014921  0.987941  0.149563  0.040054  -0.151266  0.987533  0.043545  -0.033042  -0.049079  0.998248  -0.000242  -0.000396  -0.000882  0.000000  0.000000  0.000000  2.000000  
176.890623 0.001655  0.089457  -0.014921  0.987941  0.149563  0.040054  -0.151266  0.987533  0.043545  -0.033042  -0.049079  0.998248  -0.000291  -0.000460  -0.000773  0.000000  0.000000  0.000000  2.000000  
176.891870 0.001655  0.089456  -0.014922  0.987941  0.149558  0.040072  -0.151266  0.987528  0.043665  -0.033042  -0.049200  0.998242  -0.000313  -0.000521  -0.000726  0.000000  0.000000  0.000000  2.000000  
176.893123 0.001654  0.089455  -0.014922  0.987941  0.149558  0.040072  -0.151266  0.987528  0.043665  -0.033042  -0.049200  0.998242  -0.000402  -0.000641  -0.000603  0.000000  0.000000  0.000000  2.000000  
176.894369 0.001654  0.089453  -0.014923  0.987941  0.149553  0.040091  -0.151266  0.987523  0.043785  -0.033042  -0.049321  0.998236  -0.000380  -0.000676  -0.000575  0.000000  0.000000  0.000000  2.000000  
176.895371 0.001654  0.089452  -0.014924  0.987941  0.149548  0.040109  -0.151266  0.987518  0.043904  -0.033042  -0.049442  0.998230  -0.000406  -0.000745  -0.000541  0.000000  0.000000  0.000000  2.000000  
176.896373 0.001654  0.089452  -0.014924  0.987909  0.149751  0.040118  -0.151470  0.987487  0.043896  -0.033042  -0.049442  0.998230  -0.000365  -0.000779  -0.000513  0.000000  0.000000  0.000000  2.000000  
176.897374 0.001654  0.089450  -0.014925  0.987909  0.149746  0.040136  -0.151470  0.987481  0.044016  -0.033042  -0.049563  0.998224  -0.000332  -0.000816  -0.000524  0.000000  0.000000  0.000000  2.000000  
176.898384 0.001654  0.089450  -0.014926  0.987905  0.149740  0.040268  -0.151469  0.987482  0.043996  -0.033176  -0.049563  0.998220  -0.000337  -0.000829  -0.000532  0.000000  0.000000  0.000000  2.000000  
176.899618 0.001654  0.089449  -0.014926  0.987905  0.149735  0.040286  -0.151469  0.987477  0.044115  -0.033176  -0.049684  0.998214  -0.000244  -0.000816  -0.000506  0.000000  0.000000  0.000000  2.000000  
176.900875 0.001655  0.089448  -0.014927  0.987905  0.149730  0.040304  -0.151469  0.987472  0.044235  -0.033176  -0.049805  0.998208  -0.000166  -0.000806  -0.000505  0.000000  0.000000  0.000000  2.000000  
176.901879 0.001655  0.089448  -0.014927  0.987905  0.149730  0.040304  -0.151469  0.987472  0.044235  -0.033176  -0.049805  0.998208  -0.000084  -0.000782  -0.000496  0.000000  0.000000  0.000000  2.000000  
176.903125 0.001656  0.089447  -0.014928  0.987874  0.149933  0.040313  -0.151672  0.987441  0.044227  -0.033176  -0.049805  0.998208  -0.000030  -0.000764  -0.000551  0.000000  0.000000  0.000000  2.000000  
176.904373 0.001657  0.089448  -0.014928  0.987874  0.149928  0.040332  -0.151672  0.987435  0.044347  -0.033176  -0.049926  0.998202  0.000055  -0.000654  -0.000495  0.000000  0.000000  0.000000  2.000000  
176.905374 0.001658  0.089448  -0.014928  0.987874  0.149928  0.040332  -0.151672  0.987435  0.044347  -0.033176  -0.049926  0.998202  0.000150  -0.000560  -0.000485  0.000000  0.000000  0.000000  2.000000  
176.906382 0.001658  0.089448  -0.014929  0.987874  0.149924  0.040350  -0.151672  0.987430  0.044466  -0.033176  -0.050047  0.998196  0.000215  -0.000519  -0.000456  0.000000  0.000000  0.000000  2.000000  
176.907621 0.001659  0.089449  -0.014929  0.987874  0.149924  0.040350  -0.151672  0.987430  0.044466  -0.033176  -0.050047  0.998196  0.000296  -0.000376  -0.000463  0.000000  0.000000  0.000000  2.000000  
176.908622 0.001659  0.089449  -0.014929  0.987843  0.150127  0.040359  -0.151876  0.987399  0.044458  -0.033176  -0.050047  0.998196  0.000350  -0.000302  -0.000435  0.000000  0.000000  0.000000  2.000000  
176.909868 0.001660  0.089450  -0.014929  0.987843  0.150122  0.040377  -0.151876  0.987394  0.044578  -0.033176  -0.050168  0.998190  0.000413  -0.000154  -0.000399  0.000000  0.000000  0.000000  2.000000  
176.910868 0.001661  0.089451  -0.014930  0.987843  0.150122  0.040377  -0.151876  0.987394  0.044578  -0.033176  -0.050168  0.998190  0.000478  -0.000084  -0.000407  0.000000  0.000000  0.000000  2.000000  
176.911868 0.001662  0.089451  -0.014931  0.987843  0.150122  0.040377  -0.151876  0.987394  0.044578  -0.033176  -0.050168  0.998190  0.000515  0.000035  -0.000396  0.000000  0.000000  0.000000  2.000000  
176.913123 0.001662  0.089452  -0.014931  0.987843  0.150122  0.040377  -0.151876  0.987394  0.044578  -0.033176  -0.050168  0.998190  0.000551  0.000159  -0.000356  0.000000  0.000000  0.000000  2.000000  
176.914383 0.001663  0.089453  -0.014932  0.987843  0.150117  0.040395  -0.151876  0.987388  0.044698  -0.033176  -0.050289  0.998184  0.000600  0.000277  -0.000381  0.000000  0.000000  0.000000  2.000000  
176.915618 0.001664  0.089454  -0.014933  0.987811  0.150320  0.040405  -0.152079  0.987357  0.044689  -0.033176  -0.050289  0.998184  0.000600  0.000397  -0.000398  0.000000  0.000000  0.000000  2.000000  
176.916618 0.001664  0.089455  -0.014933  0.987811  0.150320  0.040405  -0.152079  0.987357  0.044689  -0.033176  -0.050289  0.998184  0.000613  0.000439  -0.000382  0.000000  0.000000  0.000000  2.000000  
176.917621 0.001665  0.089455  -0.014933  0.987811  0.150320  0.040405  -0.152079  0.987357  0.044689  -0.033176  -0.050289  0.998184  0.000638  0.000518  -0.000387  0.000000  0.000000  0.000000  2.000000  
176.918875 0.001666  0.089456  -0.014934  0.987811  0.150320  0.040405  -0.152079  0.987357  0.044689  -0.033176  -0.050289  0.998184  0.000622  0.000566  -0.000404  0.000000  0.000000  0.000000  2.000000  
176.920122 0.001666  0.089457  -0.014935  0.987816  0.150327  0.040273  -0.152080  0.987356  0.044710  -0.033042  -0.050290  0.998188  0.000574  0.000588  -0.000440  0.000000  0.000000  0.000000  2.000000  
176.921123 0.001667  0.089458  -0.014936  0.987816  0.150327  0.040273  -0.152080  0.987356  0.044710  -0.033042  -0.050290  0.998188  0.000571  0.000620  -0.000522  0.000000  0.000000  0.000000  2.000000  
176.922383 0.001667  0.089458  -0.014937  0.987816  0.150327  0.040273  -0.152080  0.987356  0.044710  -0.033042  -0.050290  0.998188  0.000538  0.000607  -0.000513  0.000000  0.000000  0.000000  2.000000  
176.923642 0.001667  0.089459  -0.014937  0.987816  0.150327  0.040273  -0.152080  0.987356  0.044710  -0.033042  -0.050290  0.998188  0.000499  0.000606  -0.000540  0.000000  0.000000  0.000000  2.000000  
176.924872 0.001667  0.089459  -0.014938  0.987816  0.150327  0.040273  -0.152080  0.987356  0.044710  -0.033042  -0.050290  0.998188  0.000456  0.000584  -0.000522  0.000000  0.000000  0.000000  2.000000  
176.926123 0.001667  0.089459  -0.014938  0.987816  0.150327  0.040273  -0.152080  0.987356  0.044710  -0.033042  -0.050290  0.998188  0.000433  0.000536  -0.000532  0.000000  0.000000  0.000000  2.000000  
176.927367 0.001667  0.089459  -0.014938  0.987816  0.150327  0.040273  -0.152080  0.987356  0.044710  -0.033042  -0.050290  0.998188  0.000365  0.000531  -0.000478  0.000000  0.000000  0.000000  2.000000  
176.928382 0.001668  0.089459  -0.014939  0.987816  0.150327  0.040273  -0.152080  0.987356  0.044710  -0.033042  -0.050290  0.998188  0.000325  0.000442  -0.000505  0.000000  0.000000  0.000000  2.000000  
176.929616 0.001667  0.089460  -0.014939  0.987816  0.150332  0.040254  -0.152080  0.987362  0.044590  -0.033042  -0.050168  0.998194  0.000270  0.000437  -0.000488  0.000000  0.000000  0.000000  2.000000  
176.930617 0.001668  0.089460  -0.014939  0.987816  0.150332  0.040254  -0.152080  0.987362  0.044590  -0.033042  -0.050168  0.998194  0.000243  0.000368  -0.000453  0.000000  0.000000  0.000000  2.000000  
176.931618 0.001668  0.089459  -0.014939  0.987816  0.150332  0.040254  -0.152080  0.987362  0.044590  -0.033042  -0.050168  0.998194  0.000217  0.000300  -0.000418  0.000000  0.000000  0.000000  2.000000  
176.932618 0.001668  0.089459  -0.014940  0.987847  0.150129  0.040245  -0.151876  0.987393  0.044598  -0.033042  -0.050168  0.998194  0.000195  0.000252  -0.000428  0.000000  0.000000  0.000000  2.000000  
176.933619 0.001668  0.089459  -0.014940  0.987847  0.150129  0.040245  -0.151876  0.987393  0.044598  -0.033042  -0.050168  0.998194  0.000161  0.000207  -0.000402  0.000000  0.000000  0.000000  2.000000  
176.934627 0.001668  0.089458  -0.014941  0.987847  0.150129  0.040245  -0.151876  0.987393  0.044598  -0.033042  -0.050168  0.998194  0.000105  0.000116  -0.000391  0.000000  0.000000  0.000000  2.000000  
176.935871 0.001668  0.089458  -0.014941  0.987847  0.150129  0.040245  -0.151876  0.987393  0.044598  -0.033042  -0.050168  0.998194  0.000087  0.000023  -0.000347  0.000000  0.000000  0.000000  2.000000  
176.937123 0.001668  0.089457  -0.014941  0.987847  0.150129  0.040245  -0.151876  0.987393  0.044598  -0.033042  -0.050168  0.998194  0.000060  -0.000047  -0.000312  0.000000  0.000000  0.000000  2.000000  
176.938387 0.001668  0.089457  -0.014942  0.987847  0.150129  0.040245  -0.151876  0.987393  0.044598  -0.033042  -0.050168  0.998194  0.000045  -0.000119  -0.000313  0.000000  0.000000  0.000000  2.000000  
176.939622 0.001668  0.089456  -0.014942  0.987847  0.150133  0.040227  -0.151876  0.987398  0.044478  -0.033042  -0.050047  0.998200  0.000068  -0.000187  -0.000282  0.000000  0.000000  0.000000  2.000000  
176.940871 0.001668  0.089456  -0.014942  0.987847  0.150133  0.040227  -0.151876  0.987398  0.044478  -0.033042  -0.050047  0.998200  0.000076  -0.000211  -0.000273  0.000000  0.000000  0.000000  2.000000  
176.942123 0.001669  0.089455  -0.014942  0.987878  0.149930  0.040218  -0.151673  0.987429  0.044487  -0.033042  -0.050047  0.998200  0.000102  -0.000285  -0.000251  0.000000  0.000000  0.000000  2.000000  
