1-Time 2-Px 3-Py 4-Pz 5-R11 6-R21 7-R31 8-R12 9-R22 10-R32 11-R13 12-R23 13-R33 14-Vx 15-Vy 16-Vz 17-Wx 18-Wy 19-Wz 20-state 21-PR11 22-PR21 23-PR31 24-PR12 25-PR22 26-PR32 27-PR13 28-PR23 29-PR33 
188.341876 0.001707  0.090981  -0.012574  0.988732  0.142492  0.045889  -0.144728  0.988219  0.049767  -0.038257  -0.055848  0.997706  -0.000192  -0.000194  -0.000024  0.000000  0.000000  0.000000  2.000000  
188.342879 0.001707  0.090981  -0.012574  0.988732  0.142492  0.045889  -0.144728  0.988219  0.049767  -0.038257  -0.055848  0.997706  -0.000192  -0.000194  -0.000024  0.000000  0.000000  0.000000  2.000000  
188.343880 0.001706  0.090980  -0.012575  0.988637  0.143089  0.046069  -0.145338  0.988126  0.049839  -0.038391  -0.055969  0.997694  -0.000234  -0.000271  -0.000088  0.000000  0.000000  0.000000  2.000000  
188.345127 0.001705  0.090976  -0.012576  0.988477  0.144091  0.046385  -0.146354  0.987980  0.049753  -0.038658  -0.055968  0.997684  -0.000295  -0.000494  -0.000190  0.000000  0.000000  0.000000  2.000000  
188.346130 0.001704  0.090973  -0.012576  0.988376  0.144675  0.046715  -0.146963  0.987881  0.049925  -0.038926  -0.056209  0.997660  -0.000304  -0.000662  -0.000219  0.000000  0.000000  0.000000  2.000000  
188.347130 0.001704  0.090970  -0.012577  0.988310  0.145069  0.046885  -0.147369  0.987817  0.050005  -0.039059  -0.056330  0.997648  -0.000326  -0.000882  -0.000293  0.000000  0.000000  0.000000  2.000000  
188.348393 0.001704  0.090967  -0.012578  0.988219  0.145673  0.046933  -0.147979  0.987721  0.050096  -0.039059  -0.056451  0.997641  -0.000350  -0.001121  -0.000322  0.000000  0.000000  0.000000  2.000000  
188.349630 0.001703  0.090964  -0.012578  0.988071  0.146686  0.046888  -0.148997  0.987557  0.050307  -0.038926  -0.056694  0.997633  -0.000342  -0.001263  -0.000297  0.000000  0.000000  0.000000  2.000000  
188.350631 0.001703  0.090963  -0.012577  0.987953  0.147501  0.046816  -0.149812  0.987429  0.050409  -0.038792  -0.056815  0.997631  -0.000322  -0.001352  -0.000226  0.000000  0.000000  0.000000  2.000000  
188.351634 0.001703  0.090961  -0.012577  0.987799  0.148506  0.046904  -0.150828  0.987264  0.050600  -0.038792  -0.057057  0.997617  -0.000305  -0.001452  -0.000289  0.033026  -0.029277  0.199105  2.000000  
188.352635 0.001703  0.090959  -0.012578  0.987638  0.149509  0.047106  -0.151844  0.987106  0.050651  -0.038926  -0.057178  0.997605  -0.000262  -0.001547  -0.000290  0.035753  -0.035731  0.233350  2.000000  
188.353883 0.001704  0.090957  -0.012578  0.987439  0.150707  0.047450  -0.153063  0.986917  0.050672  -0.039193  -0.057298  0.997588  -0.000229  -0.001693  -0.000335  0.037931  -0.047472  0.281208  2.000000  
188.355135 0.001706  0.090957  -0.012576  0.987239  0.151905  0.047795  -0.154281  0.986726  0.050691  -0.039460  -0.057418  0.997570  -0.000086  -0.001680  -0.000189  0.040354  -0.058815  0.322094  2.000000  
188.356385 0.001707  0.090956  -0.012573  0.987010  0.153308  0.048037  -0.155702  0.986495  0.050841  -0.039594  -0.057660  0.997551  0.000027  -0.001756  0.000036  0.046594  -0.066084  0.370100  2.000000  
188.357631 0.001708  0.090953  -0.012570  0.986812  0.154513  0.048250  -0.156920  0.986300  0.050880  -0.039728  -0.057781  0.997539  0.000115  -0.001851  0.000247  0.049032  -0.072961  0.411292  2.000000  
188.358634 0.001709  0.090951  -0.012569  0.986650  0.155528  0.048303  -0.157936  0.986140  0.050831  -0.039728  -0.057781  0.997539  0.000176  -0.001969  0.000350  0.047679  -0.074920  0.445766  2.000000  
188.359639 0.001709  0.090947  -0.012569  0.986487  0.156537  0.048374  -0.158952  0.985973  0.050900  -0.039728  -0.057902  0.997532  0.000265  -0.002029  0.000468  0.050399  -0.076905  0.480206  2.000000  
188.360883 0.001710  0.090942  -0.012567  0.986317  0.157533  0.048596  -0.159966  0.985801  0.051068  -0.039861  -0.058143  0.997512  0.000351  -0.002112  0.000630  0.057181  -0.083443  0.514572  2.000000  
188.362128 0.001711  0.090936  -0.012566  0.986147  0.158534  0.048800  -0.160981  0.985633  0.051116  -0.039995  -0.058264  0.997500  0.000442  -0.002276  0.000761  0.059870  -0.089938  0.548826  2.000000  
188.363129 0.001712  0.090931  -0.012566  0.986009  0.159332  0.048993  -0.161792  0.985497  0.051174  -0.040129  -0.058385  0.997487  0.000579  -0.002430  0.000838  0.062832  -0.096053  0.576241  2.000000  
188.364130 0.001714  0.090925  -0.012566  0.985870  0.160123  0.049206  -0.162603  0.985354  0.051351  -0.040263  -0.058626  0.997468  0.000713  -0.002692  0.000792  0.069870  -0.102212  0.603673  2.000000  
188.365385 0.001718  0.090919  -0.012567  0.985663  0.161327  0.049420  -0.163819  0.985151  0.051388  -0.040396  -0.058747  0.997455  0.000942  -0.002983  0.000648  0.072245  -0.109073  0.644570  2.000000  
188.366630 0.001720  0.090910  -0.012569  0.985517  0.162110  0.049765  -0.164629  0.985008  0.051542  -0.040664  -0.058988  0.997430  0.001106  -0.003388  0.000559  0.079230  -0.119737  0.671756  2.000000  
188.367635 0.001722  0.090903  -0.012571  0.985410  0.162705  0.049948  -0.165237  0.984903  0.051609  -0.040797  -0.059109  0.997418  0.001229  -0.003789  0.000424  0.082422  -0.125431  0.692039  2.000000  
188.368883 0.001724  0.090893  -0.012574  0.985302  0.163299  0.050132  -0.165845  0.984797  0.051675  -0.040931  -0.059230  0.997405  0.001347  -0.004251  0.000282  0.085650  -0.131188  0.712649  2.000000  
188.369883 0.001727  0.090886  -0.012576  0.985199  0.163901  0.050183  -0.166453  0.984690  0.051764  -0.040931  -0.059351  0.997398  0.001421  -0.004796  0.000032  0.088904  -0.132426  0.733343  2.000000  
188.370886 0.001728  0.090878  -0.012578  0.985091  0.164495  0.050367  -0.167061  0.984583  0.051830  -0.041065  -0.059471  0.997385  0.001464  -0.005297  -0.000313  0.092088  -0.138126  0.753620  2.000000  
188.372132 0.001730  0.090867  -0.012581  0.984982  0.165090  0.050550  -0.167668  0.984477  0.051896  -0.041198  -0.059592  0.997372  0.001463  -0.005901  -0.000678  0.094528  -0.142710  0.767877  2.000000  
188.373384 0.001731  0.090856  -0.012584  0.984873  0.165684  0.050734  -0.168276  0.984370  0.051961  -0.041332  -0.059713  0.997360  0.001525  -0.006342  -0.000926  0.099011  -0.144344  0.781154  2.000000  
188.374390 0.001732  0.090847  -0.012586  0.984827  0.165870  0.051008  -0.168476  0.984338  0.051906  -0.041599  -0.059712  0.997348  0.001537  -0.006797  -0.001169  0.095577  -0.147633  0.759932  2.000000  
188.375668 0.001732  0.090835  -0.012588  0.984753  0.166262  0.051181  -0.168881  0.984265  0.051982  -0.041733  -0.059833  0.997336  0.001534  -0.007252  -0.001412  0.096169  -0.141902  0.738776  2.000000  
188.376884 0.001732  0.090823  -0.012589  0.984672  0.166651  0.051465  -0.169285  0.984199  0.051916  -0.042000  -0.059832  0.997324  0.001471  -0.007639  -0.001590  0.087932  -0.142161  0.739637  2.000000  
188.378130 0.001732  0.090812  -0.012591  0.984631  0.166846  0.051608  -0.169486  0.984166  0.051882  -0.042134  -0.059832  0.997319  0.001315  -0.007966  -0.001705  0.084414  -0.145972  0.725966  2.000000  
188.379130 0.001732  0.090802  -0.012592  0.984591  0.167041  0.051750  -0.169688  0.984133  0.051849  -0.042268  -0.059831  0.997313  0.001146  -0.008281  -0.001782  0.081137  -0.153711  0.704352  2.000000  
188.380382 0.001730  0.090790  -0.012594  0.984585  0.167033  0.051881  -0.169687  0.984134  0.051826  -0.042401  -0.059831  0.997308  0.000825  -0.008576  -0.001824  0.073459  -0.155396  0.670954  2.000000  
188.381384 0.001728  0.090779  -0.012597  0.984545  0.167221  0.052044  -0.169889  0.984095  0.051912  -0.042535  -0.059952  0.997295  0.000541  -0.008869  -0.001915  0.074583  -0.162795  0.643095  2.000000  
188.382629 0.001726  0.090767  -0.012600  0.984545  0.167221  0.052044  -0.169889  0.984095  0.051912  -0.042535  -0.059952  0.997295  0.000282  -0.009085  -0.001928  0.068131  -0.156011  0.602270  2.000000  
188.383630 0.001724  0.090756  -0.012603  0.984539  0.167213  0.052175  -0.169888  0.984096  0.051890  -0.042669  -0.059951  0.997289  0.000013  -0.009300  -0.001961  0.065399  -0.154017  0.567953  2.000000  
188.384637 0.001722  0.090745  -0.012607  0.984493  0.167400  0.052449  -0.170089  0.984065  0.051833  -0.042936  -0.059951  0.997277  -0.000348  -0.009537  -0.002108  0.063125  -0.153279  0.538070  2.000000  
188.385882 0.001717  0.090730  -0.012613  0.984487  0.167392  0.052580  -0.170088  0.984066  0.051811  -0.043070  -0.059950  0.997272  -0.000775  -0.009828  -0.002324  0.060663  -0.146404  0.496981  2.000000  
188.387132 0.001711  0.090714  -0.012620  0.984476  0.167376  0.052843  -0.170086  0.984069  0.051765  -0.043337  -0.059950  0.997260  -0.001277  -0.010183  -0.002637  0.057440  -0.147650  0.458348  2.000000  
188.388132 0.001706  0.090701  -0.012626  0.984470  0.167368  0.052975  -0.170085  0.984070  0.051743  -0.043471  -0.059949  0.997254  -0.001741  -0.010519  -0.002889  0.054793  -0.150111  0.423852  2.000000  
188.389386 0.001699  0.090685  -0.012633  0.984429  0.167563  0.053117  -0.170286  0.984037  0.051709  -0.043605  -0.059949  0.997249  -0.002179  -0.010773  -0.003162  0.053172  -0.153053  0.378872  2.000000  
188.390387 0.001694  0.090673  -0.012639  0.984424  0.167555  0.053248  -0.170285  0.984038  0.051686  -0.043738  -0.059949  0.997243  -0.002571  -0.010998  -0.003471  0.050176  -0.151371  0.351081  2.000000  
188.391635 0.001688  0.090659  -0.012646  0.984424  0.167555  0.053248  -0.170285  0.984038  0.051686  -0.043738  -0.059949  0.997243  -0.003011  -0.011146  -0.003805  0.043478  -0.149394  0.316616  2.000000  
188.392900 0.001682  0.090645  -0.012652  0.984418  0.167547  0.053380  -0.170284  0.984040  0.051663  -0.043872  -0.059948  0.997237  -0.003402  -0.011305  -0.004150  0.040768  -0.142803  0.282221  2.000000  
188.394130 0.001675  0.090630  -0.012660  0.984412  0.167539  0.053511  -0.170283  0.984041  0.051641  -0.044006  -0.059948  0.997231  -0.003795  -0.011448  -0.004494  0.034351  -0.140468  0.240976  2.000000  
188.395384 0.001668  0.090616  -0.012667  0.984406  0.167531  0.053643  -0.170282  0.984042  0.051618  -0.044139  -0.059947  0.997225  -0.004181  -0.011589  -0.004852  0.031151  -0.137693  0.211598  2.000000  
188.396630 0.001661  0.090603  -0.012674  0.984365  0.167726  0.053785  -0.170484  0.984009  0.051584  -0.044273  -0.059947  0.997219  -0.004474  -0.011636  -0.005101  0.024387  -0.132726  0.185999  2.000000  
188.397877 0.001655  0.090590  -0.012680  0.984359  0.167718  0.053916  -0.170483  0.984011  0.051561  -0.044407  -0.059947  0.997213  -0.004715  -0.011614  -0.005308  0.020706  -0.130853  0.170804  2.000000  
188.398880 0.001650  0.090580  -0.012685  0.984354  0.167717  0.054028  -0.170482  0.984018  0.051419  -0.044540  -0.059825  0.997215  -0.004901  -0.011548  -0.005406  0.000000  0.000000  0.000000  2.000000  
188.400128 0.001643  0.090569  -0.012691  0.984354  0.167717  0.054028  -0.170482  0.984018  0.051419  -0.044540  -0.059825  0.997215  -0.005096  -0.011392  -0.005480  0.000000  0.000000  0.000000  2.000000  
188.401136 0.001638  0.090559  -0.012696  0.984313  0.167912  0.054170  -0.170684  0.983985  0.051385  -0.044674  -0.059825  0.997209  -0.005135  -0.011172  -0.005417  0.000000  0.000000  0.000000  2.000000  
188.402394 0.001632  0.090547  -0.012702  0.984313  0.167912  0.054170  -0.170684  0.983985  0.051385  -0.044674  -0.059825  0.997209  -0.005133  -0.010883  -0.005316  0.000000  0.000000  0.000000  2.000000  
188.403635 0.001627  0.090535  -0.012708  0.984272  0.168106  0.054312  -0.170885  0.983952  0.051351  -0.044808  -0.059825  0.997203  -0.005058  -0.010574  -0.005261  0.000000  0.000000  0.000000  2.000000  
188.404883 0.001623  0.090524  -0.012715  0.984266  0.168098  0.054443  -0.170884  0.983953  0.051329  -0.044941  -0.059824  0.997197  -0.004952  -0.010309  -0.005221  0.000000  0.000000  0.000000  2.000000  
188.406132 0.001619  0.090514  -0.012721  0.984219  0.168278  0.054737  -0.171085  0.983915  0.051391  -0.045209  -0.059945  0.997177  -0.004795  -0.010070  -0.005176  0.000000  0.000000  0.000000  2.000000  
188.407136 0.001617  0.090506  -0.012726  0.984177  0.168473  0.054879  -0.171286  0.983882  0.051357  -0.045342  -0.059944  0.997171  -0.004572  -0.009823  -0.005146  0.000000  0.000000  0.000000  2.000000  
188.408394 0.001616  0.090496  -0.012732  0.984171  0.168465  0.055010  -0.171285  0.983883  0.051334  -0.045476  -0.059944  0.997165  -0.004167  -0.009475  -0.005077  0.000000  0.000000  0.000000  2.000000  
188.409634 0.001615  0.090487  -0.012737  0.984136  0.168661  0.055041  -0.171488  0.983842  0.051442  -0.045476  -0.060065  0.997158  -0.003750  -0.009113  -0.004963  0.000000  0.000000  0.000000  2.000000  
188.410881 0.001615  0.090479  -0.012743  0.984095  0.168849  0.055204  -0.171689  0.983803  0.051527  -0.045610  -0.060185  0.997145  -0.003279  -0.008746  -0.004852  0.000000  0.000000  0.000000  2.000000  
188.412129 0.001616  0.090471  -0.012748  0.984053  0.169044  0.055346  -0.171891  0.983769  0.051493  -0.045743  -0.060185  0.997139  -0.002840  -0.008434  -0.004738  0.000000  0.000000  0.000000  2.000000  
188.413383 0.001618  0.090464  -0.012751  0.984047  0.169029  0.055498  -0.171890  0.983764  0.051589  -0.045877  -0.060306  0.997125  -0.002255  -0.008094  -0.004542  0.000000  0.000000  0.000000  2.000000  
188.414386 0.001621  0.090458  -0.012753  0.984006  0.169224  0.055640  -0.172091  0.983731  0.051555  -0.046010  -0.060305  0.997119  -0.001700  -0.007774  -0.004384  0.000000  0.000000  0.000000  2.000000  
188.415630 0.001624  0.090452  -0.012755  0.983964  0.169411  0.055803  -0.172293  0.983691  0.051640  -0.046144  -0.060426  0.997106  -0.001138  -0.007492  -0.004125  0.000000  0.000000  0.000000  2.000000  
188.416633 0.001627  0.090447  -0.012756  0.983958  0.169403  0.055934  -0.172292  0.983693  0.051617  -0.046278  -0.060425  0.997099  -0.000582  -0.007118  -0.003865  0.000000  0.000000  0.000000  2.000000  
188.417637 0.001631  0.090443  -0.012757  0.983917  0.169591  0.056097  -0.172493  0.983653  0.051701  -0.046411  -0.060546  0.997086  0.000042  -0.006776  -0.003537  0.000000  0.000000  0.000000  2.000000  
188.418880 0.001636  0.090438  -0.012758  0.983911  0.169583  0.056228  -0.172492  0.983654  0.051678  -0.046545  -0.060546  0.997080  0.000682  -0.006363  -0.003235  0.000000  0.000000  0.000000  2.000000  
188.419882 0.001641  0.090434  -0.012758  0.983869  0.169771  0.056391  -0.172694  0.983614  0.051763  -0.046679  -0.060666  0.997066  0.001184  -0.006010  -0.002923  0.000000  0.000000  0.000000  2.000000  
188.420883 0.001646  0.090431  -0.012758  0.983827  0.169965  0.056533  -0.172895  0.983581  0.051728  -0.046812  -0.060666  0.997060  0.001811  -0.005601  -0.002562  0.000000  0.000000  0.000000  2.000000  
188.422132 0.001652  0.090427  -0.012758  0.983821  0.169950  0.056685  -0.172894  0.983576  0.051824  -0.046946  -0.060786  0.997046  0.002307  -0.005224  -0.002181  0.000000  0.000000  0.000000  2.000000  
188.423133 0.001657  0.090424  -0.012758  0.983785  0.170153  0.056695  -0.173097  0.983541  0.051813  -0.046946  -0.060786  0.997046  0.002787  -0.004875  -0.001785  0.000000  0.000000  0.000000  2.000000  
188.424385 0.001663  0.090421  -0.012758  0.983743  0.170341  0.056858  -0.173298  0.983501  0.051897  -0.047080  -0.060907  0.997033  0.003253  -0.004481  -0.001368  0.000000  0.000000  0.000000  2.000000  
188.425633 0.001669  0.090418  -0.012757  0.983737  0.170326  0.057010  -0.173297  0.983496  0.051993  -0.047213  -0.061027  0.997019  0.003659  -0.004141  -0.000989  0.000000  0.000000  0.000000  2.000000  
188.426635 0.001674  0.090416  -0.012757  0.983695  0.170513  0.057173  -0.173498  0.983456  0.052078  -0.047347  -0.061148  0.997005  0.003974  -0.003856  -0.000711  0.000000  0.000000  0.000000  2.000000  
188.427880 0.001680  0.090412  -0.012757  0.983653  0.170701  0.057336  -0.173700  0.983416  0.052162  -0.047481  -0.061269  0.996991  0.004254  -0.003575  -0.000461  0.000000  0.000000  0.000000  2.000000  
188.429129 0.001686  0.090408  -0.012758  0.983647  0.170686  0.057488  -0.173699  0.983411  0.052258  -0.047614  -0.061389  0.996978  0.004390  -0.003436  -0.000317  0.000000  0.000000  0.000000  2.000000  
188.430130 0.001689  0.090405  -0.012758  0.983605  0.170873  0.057651  -0.173900  0.983371  0.052342  -0.047748  -0.061510  0.996964  0.004455  -0.003246  -0.000185  0.000000  0.000000  0.000000  2.000000  
188.431378 0.001693  0.090401  -0.012758  0.983569  0.171068  0.057682  -0.174103  0.983330  0.052450  -0.047748  -0.061631  0.996956  0.004442  -0.003142  -0.000145  0.000000  0.000000  0.000000  2.000000  
188.432378 0.001696  0.090398  -0.012759  0.983563  0.171060  0.057813  -0.174102  0.983331  0.052427  -0.047882  -0.061630  0.996950  0.004415  -0.003095  -0.000127  0.000000  0.000000  0.000000  2.000000  
188.433379 0.001699  0.090394  -0.012759  0.983527  0.171256  0.057845  -0.174304  0.983290  0.052534  -0.047882  -0.061751  0.996942  0.004374  -0.003025  -0.000083  0.000000  0.000000  0.000000  2.000000  
188.434400 0.001702  0.090391  -0.012759  0.983527  0.171249  0.057866  -0.174304  0.983283  0.052653  -0.047882  -0.061872  0.996935  0.004208  -0.003017  -0.000034  0.000000  0.000000  0.000000  2.000000  
188.435632 0.001704  0.090386  -0.012758  0.983485  0.171436  0.058029  -0.174505  0.983243  0.052737  -0.048015  -0.061993  0.996921  0.004017  -0.003038  0.000017  0.000000  0.000000  0.000000  2.000000  
188.436638 0.001706  0.090383  -0.012758  0.983485  0.171436  0.058029  -0.174505  0.983243  0.052737  -0.048015  -0.061993  0.996921  0.003732  -0.003064  0.000030  0.000000  0.000000  0.000000  2.000000  
188.437883 0.001707  0.090378  -0.012758  0.983449  0.171631  0.058060  -0.174708  0.983201  0.052845  -0.048015  -0.062113  0.996913  0.003455  -0.003156  0.000024  0.000000  0.000000  0.000000  2.000000  
188.439132 0.001708  0.090373  -0.012757  0.983443  0.171623  0.058192  -0.174707  0.983203  0.052821  -0.048149  -0.062113  0.996907  0.003015  -0.003282  0.000034  0.000000  0.000000  0.000000  2.000000  
188.440133 0.001708  0.090369  -0.012756  0.983443  0.171616  0.058213  -0.174707  0.983196  0.052940  -0.048149  -0.062234  0.996899  0.002704  -0.003373  0.000091  0.000000  0.000000  0.000000  2.000000  
188.441384 0.001708  0.090364  -0.012756  0.983449  0.171624  0.058081  -0.174708  0.983195  0.052964  -0.048015  -0.062234  0.996906  0.002320  -0.003507  0.000090  0.000000  0.000000  0.000000  2.000000  
188.442395 0.001707  0.090359  -0.012756  0.983449  0.171617  0.058102  -0.174708  0.983188  0.053083  -0.048015  -0.062355  0.996898  0.001909  -0.003633  0.000093  0.000000  0.000000  0.000000  2.000000  
188.443630 0.001706  0.090354  -0.012756  0.983449  0.171617  0.058102  -0.174708  0.983188  0.053083  -0.048015  -0.062355  0.996898  0.001520  -0.003739  0.000119  0.000000  0.000000  0.000000  2.000000  
188.444879 0.001705  0.090348  -0.012756  0.983449  0.171610  0.058123  -0.174708  0.983182  0.053202  -0.048015  -0.062476  0.996891  0.001115  -0.003881  0.000111  0.000000  0.000000  0.000000  2.000000  
188.446127 0.001703  0.090341  -0.012757  0.983449  0.171610  0.058123  -0.174708  0.983182  0.053202  -0.048015  -0.062476  0.996891  0.000687  -0.004070  0.000093  0.000000  0.000000  0.000000  2.000000  
188.447130 0.001702  0.090336  -0.012757  0.983449  0.171603  0.058144  -0.174708  0.983175  0.053322  -0.048015  -0.062597  0.996883  0.000364  -0.004160  0.000124  0.000000  0.000000  0.000000  2.000000  
188.448395 0.001700  0.090329  -0.012757  0.983449  0.171603  0.058144  -0.174708  0.983175  0.053322  -0.048015  -0.062597  0.996883  0.000022  -0.004327  0.000081  0.000000  0.000000  0.000000  2.000000  
188.449632 0.001698  0.090323  -0.012758  0.983455  0.171611  0.058012  -0.174709  0.983174  0.053345  -0.047882  -0.062598  0.996890  -0.000291  -0.004497  0.000063  0.000000  0.000000  0.000000  2.000000  
188.450888 0.001696  0.090316  -0.012758  0.983491  0.171402  0.058022  -0.174506  0.983203  0.053476  -0.047882  -0.062718  0.996882  -0.000580  -0.004649  0.000005  0.000000  0.000000  0.000000  2.000000  
188.452134 0.001694  0.090309  -0.012759  0.983491  0.171402  0.058022  -0.174506  0.983203  0.053476  -0.047882  -0.062718  0.996882  -0.000829  -0.004799  -0.000064  0.000000  0.000000  0.000000  2.000000  
188.453385 0.001692  0.090301  -0.012759  0.983491  0.171395  0.058043  -0.174506  0.983196  0.053595  -0.047882  -0.062839  0.996874  -0.001040  -0.004958  -0.000060  0.000000  0.000000  0.000000  2.000000  
188.454389 0.001690  0.090295  -0.012759  0.983533  0.171201  0.057901  -0.174305  0.983230  0.053631  -0.047748  -0.062840  0.996881  -0.001189  -0.005113  -0.000144  0.000000  0.000000  0.000000  2.000000  
188.455633 0.001688  0.090288  -0.012759  0.983533  0.171201  0.057901  -0.174305  0.983230  0.053631  -0.047748  -0.062840  0.996881  -0.001344  -0.005306  -0.000140  0.000000  0.000000  0.000000  2.000000  
188.456635 0.001687  0.090282  -0.012758  0.983533  0.171201  0.057901  -0.174305  0.983230  0.053631  -0.047748  -0.062840  0.996881  -0.001410  -0.005377  -0.000132  0.000000  0.000000  0.000000  2.000000  
188.457882 0.001685  0.090275  -0.012757  0.983569  0.170998  0.057889  -0.174103  0.983265  0.053642  -0.047748  -0.062840  0.996881  -0.001437  -0.005447  -0.000097  0.000000  0.000000  0.000000  2.000000  
188.459132 0.001684  0.090269  -0.012756  0.983569  0.170998  0.057889  -0.174103  0.983265  0.053642  -0.047748  -0.062840  0.996881  -0.001414  -0.005464  0.000011  0.000000  0.000000  0.000000  2.000000  
188.460378 0.001683  0.090262  -0.012755  0.983576  0.171007  0.057758  -0.174104  0.983264  0.053666  -0.047614  -0.062840  0.996887  -0.001397  -0.005529  0.000116  0.000000  0.000000  0.000000  2.000000  
188.461378 0.001682  0.090257  -0.012754  0.983576  0.171007  0.057758  -0.174104  0.983264  0.053666  -0.047614  -0.062840  0.996887  -0.001383  -0.005524  0.000214  0.000000  0.000000  0.000000  2.000000  
188.462379 0.001682  0.090253  -0.012753  0.983576  0.171007  0.057758  -0.174104  0.983264  0.053666  -0.047614  -0.062840  0.996887  -0.001295  -0.005468  0.000313  0.000000  0.000000  0.000000  2.000000  
188.463630 0.001681  0.090247  -0.012751  0.983611  0.170804  0.057747  -0.173901  0.983299  0.053678  -0.047614  -0.062840  0.996887  -0.001233  -0.005407  0.000448  0.000000  0.000000  0.000000  2.000000  
188.464878 0.001681  0.090241  -0.012750  0.983611  0.170804  0.057747  -0.173901  0.983299  0.053678  -0.047614  -0.062840  0.996887  -0.001128  -0.005336  0.000504  0.000000  0.000000  0.000000  2.000000  
188.466133 0.001681  0.090236  -0.012749  0.983576  0.171007  0.057758  -0.174104  0.983264  0.053666  -0.047614  -0.062840  0.996887  -0.001010  -0.005257  0.000622  0.000000  0.000000  0.000000  2.000000  
188.467404 0.001680  0.090230  -0.012748  0.983576  0.171007  0.057758  -0.174104  0.983264  0.053666  -0.047614  -0.062840  0.996887  -0.000915  -0.005115  0.000725  0.000000  0.000000  0.000000  2.000000  
188.468635 0.001680  0.090224  -0.012747  0.983576  0.171007  0.057758  -0.174104  0.983264  0.053666  -0.047614  -0.062840  0.996887  -0.000749  -0.004997  0.000784  0.000000  0.000000  0.000000  2.000000  
188.469635 0.001680  0.090220  -0.012746  0.983576  0.171007  0.057758  -0.174104  0.983264  0.053666  -0.047614  -0.062840  0.996887  -0.000630  -0.004887  0.000844  0.000000  0.000000  0.000000  2.000000  
188.470884 0.001681  0.090215  -0.012746  0.983546  0.171217  0.057638  -0.174307  0.983227  0.053677  -0.047481  -0.062841  0.996893  -0.000474  -0.004780  0.000818  0.000000  0.000000  0.000000  2.000000  
188.472132 0.001681  0.090210  -0.012745  0.983546  0.171217  0.057638  -0.174307  0.983227  0.053677  -0.047481  -0.062841  0.996893  -0.000356  -0.004653  0.000834  0.000000  0.000000  0.000000  2.000000  
188.473386 0.001682  0.090205  -0.012744  0.983510  0.171420  0.057649  -0.174510  0.983192  0.053665  -0.047481  -0.062841  0.996893  -0.000219  -0.004540  0.000829  0.000000  0.000000  0.000000  2.000000  
188.474393 0.001683  0.090201  -0.012744  0.983510  0.171427  0.057628  -0.174510  0.983198  0.053546  -0.047481  -0.062720  0.996901  -0.000056  -0.004421  0.000801  0.000000  0.000000  0.000000  2.000000  
188.475633 0.001684  0.090196  -0.012742  0.983474  0.171629  0.057639  -0.174712  0.983163  0.053534  -0.047481  -0.062720  0.996901  0.000084  -0.004305  0.000796  0.000000  0.000000  0.000000  2.000000  
188.476880 0.001685  0.090192  -0.012741  0.983438  0.171831  0.057650  -0.174915  0.983128  0.053522  -0.047481  -0.062720  0.996901  0.000235  -0.004190  0.000755  0.000000  0.000000  0.000000  2.000000  
188.477881 0.001687  0.090188  -0.012741  0.983402  0.172034  0.057661  -0.175117  0.983092  0.053510  -0.047481  -0.062720  0.996901  0.000383  -0.004094  0.000759  0.000000  0.000000  0.000000  2.000000  
188.479129 0.001688  0.090185  -0.012740  0.983402  0.172034  0.057661  -0.175117  0.983092  0.053510  -0.047481  -0.062720  0.996901  0.000499  -0.003981  0.000740  0.000000  0.000000  0.000000  2.000000  
188.480130 0.001689  0.090182  -0.012739  0.983366  0.172236  0.057672  -0.175320  0.983057  0.053499  -0.047481  -0.062720  0.996901  0.000575  -0.003914  0.000698  0.000000  0.000000  0.000000  2.000000  
188.481131 0.001691  0.090179  -0.012738  0.983330  0.172439  0.057683  -0.175522  0.983021  0.053487  -0.047481  -0.062720  0.996901  0.000701  -0.003795  0.000728  0.000000  0.000000  0.000000  2.000000  
188.482384 0.001692  0.090175  -0.012737  0.983294  0.172648  0.057673  -0.175725  0.982992  0.053356  -0.047481  -0.062599  0.996909  0.000820  -0.003657  0.000749  0.000000  0.000000  0.000000  2.000000  
188.483630 0.001694  0.090172  -0.012736  0.983257  0.172850  0.057684  -0.175927  0.982957  0.053344  -0.047481  -0.062599  0.996909  0.000937  -0.003510  0.000770  0.000000  0.000000  0.000000  2.000000  
188.484637 0.001696  0.090169  -0.012735  0.983221  0.173053  0.057695  -0.176129  0.982921  0.053332  -0.047481  -0.062599  0.996909  0.001057  -0.003377  0.000786  0.000000  0.000000  0.000000  2.000000  
188.485881 0.001697  0.090166  -0.012734  0.983179  0.173247  0.057838  -0.176331  0.982887  0.053296  -0.047614  -0.062598  0.996902  0.001085  -0.003226  0.000792  0.000000  0.000000  0.000000  2.000000  
188.486882 0.001698  0.090163  -0.012734  0.983179  0.173247  0.057838  -0.176331  0.982887  0.053296  -0.047614  -0.062598  0.996902  0.001141  -0.003133  0.000776  0.000000  0.000000  0.000000  2.000000  
188.488132 0.001700  0.090160  -0.012732  0.983142  0.173449  0.057848  -0.176533  0.982851  0.053284  -0.047614  -0.062598  0.996902  0.001215  -0.002994  0.000801  0.000000  0.000000  0.000000  2.000000  
188.489133 0.001701  0.090158  -0.012732  0.983106  0.173651  0.057859  -0.176735  0.982816  0.053273  -0.047614  -0.062598  0.996902  0.001228  -0.002899  0.000762  0.000000  0.000000  0.000000  2.000000  
188.490394 0.001702  0.090155  -0.012732  0.983070  0.173854  0.057870  -0.176938  0.982780  0.053261  -0.047614  -0.062598  0.996902  0.001251  -0.002807  0.000713  0.000000  0.000000  0.000000  2.000000  
188.491632 0.001703  0.090152  -0.012731  0.983033  0.174056  0.057881  -0.177140  0.982744  0.053249  -0.047614  -0.062598  0.996902  0.001220  -0.002715  0.000677  0.000000  0.000000  0.000000  2.000000  
188.492885 0.001704  0.090149  -0.012730  0.982997  0.174258  0.057892  -0.177343  0.982708  0.053237  -0.047614  -0.062598  0.996902  0.001185  -0.002642  0.000686  0.000000  0.000000  0.000000  2.000000  
188.494132 0.001706  0.090146  -0.012730  0.982960  0.174461  0.057903  -0.177545  0.982672  0.053225  -0.047614  -0.062598  0.996902  0.001161  -0.002573  0.000660  0.000000  0.000000  0.000000  2.000000  
188.495380 0.001706  0.090144  -0.012729  0.982924  0.174663  0.057914  -0.177747  0.982636  0.053213  -0.047614  -0.062598  0.996902  0.001084  -0.002507  0.000648  0.000000  0.000000  0.000000  2.000000  
188.496385 0.001707  0.090142  -0.012728  0.982924  0.174663  0.057914  -0.177747  0.982636  0.053213  -0.047614  -0.062598  0.996902  0.001049  -0.002435  0.000657  0.000000  0.000000  0.000000  2.000000  
188.497630 0.001707  0.090139  -0.012727  0.982887  0.174865  0.057925  -0.177950  0.982600  0.053201  -0.047614  -0.062598  0.996902  0.000946  -0.002384  0.000612  0.000000  0.000000  0.000000  2.000000  
188.498632 0.001708  0.090137  -0.012727  0.982887  0.174865  0.057925  -0.177950  0.982600  0.053201  -0.047614  -0.062598  0.996902  0.000922  -0.002314  0.000585  0.000000  0.000000  0.000000  2.000000  
188.499632 0.001708  0.090135  -0.012726  0.982850  0.175068  0.057936  -0.178152  0.982564  0.053189  -0.047614  -0.062598  0.996902  0.000826  -0.002301  0.000565  0.000000  0.000000  0.000000  2.000000  
188.500886 0.001709  0.090133  -0.012725  0.982850  0.175068  0.057936  -0.178152  0.982564  0.053189  -0.047614  -0.062598  0.996902  0.000789  -0.002219  0.000566  0.000000  0.000000  0.000000  2.000000  
188.502132 0.001709  0.090131  -0.012725  0.982850  0.175068  0.057936  -0.178152  0.982564  0.053189  -0.047614  -0.062598  0.996902  0.000698  -0.002133  0.000582  0.000000  0.000000  0.000000  2.000000  
188.503133 0.001709  0.090129  -0.012724  0.982850  0.175068  0.057936  -0.178152  0.982564  0.053189  -0.047614  -0.062598  0.996902  0.000628  -0.002076  0.000565  0.000000  0.000000  0.000000  2.000000  
188.504133 0.001709  0.090128  -0.012724  0.982814  0.175263  0.057968  -0.178354  0.982522  0.053296  -0.047614  -0.062719  0.996895  0.000553  -0.002004  0.000545  0.000000  0.000000  0.000000  2.000000  
188.505385 0.001710  0.090126  -0.012723  0.982814  0.175263  0.057968  -0.178354  0.982522  0.053296  -0.047614  -0.062719  0.996895  0.000498  -0.001897  0.000580  0.000000  0.000000  0.000000  2.000000  
188.506395 0.001710  0.090125  -0.012722  0.982814  0.175263  0.057968  -0.178354  0.982522  0.053296  -0.047614  -0.062719  0.996895  0.000419  -0.001852  0.000606  0.000000  0.000000  0.000000  2.000000  
188.507632 0.001710  0.090123  -0.012722  0.982850  0.175061  0.057957  -0.178152  0.982558  0.053308  -0.047614  -0.062719  0.996895  0.000380  -0.001737  0.000562  0.000000  0.000000  0.000000  2.000000  
188.508635 0.001710  0.090122  -0.012721  0.982850  0.175061  0.057957  -0.178152  0.982558  0.053308  -0.047614  -0.062719  0.996895  0.000344  -0.001664  0.000571  0.000000  0.000000  0.000000  2.000000  
188.509881 0.001710  0.090121  -0.012721  0.982850  0.175061  0.057957  -0.178152  0.982558  0.053308  -0.047614  -0.062719  0.996895  0.000274  -0.001572  0.000507  0.000000  0.000000  0.000000  2.000000  
188.511130 0.001711  0.090119  -0.012721  0.982850  0.175061  0.057957  -0.178152  0.982558  0.053308  -0.047614  -0.062719  0.996895  0.000250  -0.001503  0.000481  0.000000  0.000000  0.000000  2.000000  
188.512131 0.001711  0.090119  -0.012721  0.982844  0.175052  0.058089  -0.178151  0.982559  0.053285  -0.047748  -0.062719  0.996888  0.000249  -0.001384  0.000463  0.000000  0.000000  0.000000  2.000000  
188.513382 0.001711  0.090118  -0.012720  0.982881  0.174850  0.058078  -0.177949  0.982595  0.053296  -0.047748  -0.062719  0.996888  0.000230  -0.001316  0.000438  0.000000  0.000000  0.000000  2.000000  
188.514630 0.001712  0.090117  -0.012719  0.982881  0.174850  0.058078  -0.177949  0.982595  0.053296  -0.047748  -0.062719  0.996888  0.000267  -0.001196  0.000448  0.000000  0.000000  0.000000  2.000000  
188.515630 0.001713  0.090117  -0.012719  0.982881  0.174850  0.058078  -0.177949  0.982595  0.053296  -0.047748  -0.062719  0.996888  0.000274  -0.001102  0.000440  0.000000  0.000000  0.000000  2.000000  
188.516631 0.001713  0.090116  -0.012718  0.982881  0.174850  0.058078  -0.177949  0.982595  0.053296  -0.047748  -0.062719  0.996888  0.000308  -0.001004  0.000495  0.000000  0.000000  0.000000  2.000000  
188.517636 0.001714  0.090116  -0.012717  0.982881  0.174850  0.058078  -0.177949  0.982595  0.053296  -0.047748  -0.062719  0.996888  0.000332  -0.000928  0.000459  0.000000  0.000000  0.000000  2.000000  
188.518881 0.001715  0.090116  -0.012717  0.982917  0.174648  0.058067  -0.177746  0.982631  0.053308  -0.047748  -0.062719  0.996888  0.000364  -0.000794  0.000462  0.000000  0.000000  0.000000  2.000000  
188.519883 0.001716  0.090116  -0.012716  0.982917  0.174648  0.058067  -0.177746  0.982631  0.053308  -0.047748  -0.062719  0.996888  0.000410  -0.000698  0.000481  0.000000  0.000000  0.000000  2.000000  
188.521132 0.001716  0.090116  -0.012716  0.982917  0.174648  0.058067  -0.177746  0.982631  0.053308  -0.047748  -0.062719  0.996888  0.000459  -0.000582  0.000456  0.000000  0.000000  0.000000  2.000000  
188.522133 0.001717  0.090116  -0.012715  0.982917  0.174648  0.058067  -0.177746  0.982631  0.053308  -0.047748  -0.062719  0.996888  0.000462  -0.000508  0.000492  0.000000  0.000000  0.000000  2.000000  
188.523388 0.001718  0.090117  -0.012714  0.982954  0.174445  0.058056  -0.177544  0.982667  0.053320  -0.047748  -0.062719  0.996888  0.000493  -0.000367  0.000494  0.000000  0.000000  0.000000  2.000000  
188.524632 0.001719  0.090118  -0.012714  0.982954  0.174445  0.058056  -0.177544  0.982667  0.053320  -0.047748  -0.062719  0.996888  0.000562  -0.000203  0.000523  0.000000  0.000000  0.000000  2.000000  
188.525882 0.001719  0.090118  -0.012713  0.982954  0.174445  0.058056  -0.177544  0.982667  0.053320  -0.047748  -0.062719  0.996888  0.000557  -0.000105  0.000550  0.000000  0.000000  0.000000  2.000000  
188.527128 0.001720  0.090119  -0.012712  0.982954  0.174445  0.058056  -0.177544  0.982667  0.053320  -0.047748  -0.062719  0.996888  0.000594  -0.000007  0.000560  0.000000  0.000000  0.000000  2.000000  
188.528129 0.001721  0.090119  -0.012711  0.982954  0.174445  0.058056  -0.177544  0.982667  0.053320  -0.047748  -0.062719  0.996888  0.000620  0.000115  0.000606  0.000000  0.000000  0.000000  2.000000  
188.529379 0.001721  0.090120  -0.012710  0.982954  0.174438  0.058077  -0.177544  0.982661  0.053440  -0.047748  -0.062840  0.996881  0.000615  0.000211  0.000633  0.000000  0.000000  0.000000  2.000000  
188.530380 0.001722  0.090121  -0.012709  0.982954  0.174438  0.058077  -0.177544  0.982661  0.053440  -0.047748  -0.062840  0.996881  0.000661  0.000307  0.000652  0.000000  0.000000  0.000000  2.000000  
188.531387 0.001723  0.090122  -0.012708  0.982954  0.174438  0.058077  -0.177544  0.982661  0.053440  -0.047748  -0.062840  0.996881  0.000668  0.000401  0.000644  0.000000  0.000000  0.000000  2.000000  
188.532630 0.001724  0.090123  -0.012707  0.982954  0.174438  0.058077  -0.177544  0.982661  0.053440  -0.047748  -0.062840  0.996881  0.000641  0.000450  0.000662  0.000000  0.000000  0.000000  2.000000  
188.533633 0.001724  0.090123  -0.012707  0.982954  0.174438  0.058077  -0.177544  0.982661  0.053440  -0.047748  -0.062840  0.996881  0.000621  0.000476  0.000688  0.000000  0.000000  0.000000  2.000000  
188.534636 0.001725  0.090124  -0.012706  0.982954  0.174438  0.058077  -0.177544  0.982661  0.053440  -0.047748  -0.062840  0.996881  0.000616  0.000530  0.000682  0.000000  0.000000  0.000000  2.000000  
188.535883 0.001725  0.090124  -0.012705  0.982954  0.174438  0.058077  -0.177544  0.982661  0.053440  -0.047748  -0.062840  0.996881  0.000584  0.000560  0.000745  0.000000  0.000000  0.000000  2.000000  
188.536883 0.001725  0.090125  -0.012704  0.982954  0.174445  0.058056  -0.177544  0.982667  0.053320  -0.047748  -0.062719  0.996888  0.000588  0.000580  0.000700  0.000000  0.000000  0.000000  2.000000  
188.538132 0.001726  0.090125  -0.012703  0.982954  0.174445  0.058056  -0.177544  0.982667  0.053320  -0.047748  -0.062719  0.996888  0.000534  0.000561  0.000753  0.000000  0.000000  0.000000  2.000000  
188.539386 0.001726  0.090126  -0.012702  0.982954  0.174445  0.058056  -0.177544  0.982667  0.053320  -0.047748  -0.062719  0.996888  0.000482  0.000561  0.000761  0.000000  0.000000  0.000000  2.000000  
188.540632 0.001726  0.090126  -0.012702  0.982954  0.174445  0.058056  -0.177544  0.982667  0.053320  -0.047748  -0.062719  0.996888  0.000475  0.000585  0.000752  0.000000  0.000000  0.000000  2.000000  
188.541883 0.001726  0.090127  -0.012701  0.982954  0.174445  0.058056  -0.177544  0.982667  0.053320  -0.047748  -0.062719  0.996888  0.000432  0.000562  0.000769  0.000000  0.000000  0.000000  2.000000  
188.543135 0.001726  0.090128  -0.012700  0.982954  0.174445  0.058056  -0.177544  0.982667  0.053320  -0.047748  -0.062719  0.996888  0.000362  0.000536  0.000723  0.000000  0.000000  0.000000  2.000000  
188.544381 0.001726  0.090128  -0.012700  0.982954  0.174445  0.058056  -0.177544  0.982667  0.053320  -0.047748  -0.062719  0.996888  0.000302  0.000488  0.000689  0.000000  0.000000  0.000000  2.000000  
188.545384 0.001727  0.090128  -0.012699  0.982954  0.174445  0.058056  -0.177544  0.982667  0.053320  -0.047748  -0.062719  0.996888  0.000288  0.000487  0.000720  0.000000  0.000000  0.000000  2.000000  
188.546407 0.001727  0.090128  -0.012699  0.982954  0.174445  0.058056  -0.177544  0.982667  0.053320  -0.047748  -0.062719  0.996888  0.000245  0.000410  0.000655  0.000000  0.000000  0.000000  2.000000  
188.547630 0.001726  0.090128  -0.012698  0.982954  0.174453  0.058035  -0.177544  0.982674  0.053201  -0.047748  -0.062598  0.996896  0.000184  0.000360  0.000619  0.000000  0.000000  0.000000  2.000000  
188.548632 0.001726  0.090128  -0.012698  0.982954  0.174453  0.058035  -0.177544  0.982674  0.053201  -0.047748  -0.062598  0.996896  0.000150  0.000329  0.000590  0.000000  0.000000  0.000000  2.000000  
188.549632 0.001726  0.090128  -0.012697  0.982954  0.174453  0.058035  -0.177544  0.982674  0.053201  -0.047748  -0.062598  0.996896  0.000077  0.000282  0.000588  0.000000  0.000000  0.000000  2.000000  
188.550886 0.001725  0.090128  -0.012697  0.982924  0.174663  0.057914  -0.177747  0.982636  0.053213  -0.047614  -0.062598  0.996902  0.000036  0.000210  0.000534  0.000000  0.000000  0.000000  2.000000  
188.552133 0.001725  0.090127  -0.012696  0.982924  0.174670  0.057893  -0.177747  0.982643  0.053094  -0.047614  -0.062477  0.996910  -0.000018  0.000136  0.000505  0.000000  0.000000  0.000000  2.000000  
188.553388 0.001725  0.090127  -0.012696  0.982924  0.174670  0.057893  -0.177747  0.982643  0.053094  -0.047614  -0.062477  0.996910  -0.000079  0.000084  0.000460  0.000000  0.000000  0.000000  2.000000  
188.554395 0.001724  0.090126  -0.012696  0.982924  0.174670  0.057893  -0.177747  0.982643  0.053094  -0.047614  -0.062477  0.996910  -0.000083  0.000010  0.000431  0.000000  0.000000  0.000000  2.000000  
188.555634 0.001724  0.090126  -0.012696  0.982924  0.174670  0.057893  -0.177747  0.982643  0.053094  -0.047614  -0.062477  0.996910  -0.000145  -0.000040  0.000393  0.000000  0.000000  0.000000  2.000000  
188.556664 0.001724  0.090126  -0.012696  0.982924  0.174677  0.057872  -0.177747  0.982649  0.052975  -0.047614  -0.062357  0.996918  -0.000164  -0.000069  0.000338  0.000000  0.000000  0.000000  2.000000  
188.557881 0.001723  0.090125  -0.012696  0.982924  0.174677  0.057872  -0.177747  0.982649  0.052975  -0.047614  -0.062357  0.996918  -0.000207  -0.000146  0.000274  0.000000  0.000000  0.000000  2.000000  
188.558882 0.001723  0.090125  -0.012696  0.982924  0.174677  0.057872  -0.177747  0.982649  0.052975  -0.047614  -0.062357  0.996918  -0.000238  -0.000171  0.000256  0.000000  0.000000  0.000000  2.000000  
188.559885 0.001722  0.090125  -0.012696  0.982924  0.174684  0.057851  -0.177747  0.982656  0.052855  -0.047614  -0.062236  0.996925  -0.000288  -0.000224  0.000182  0.000000  0.000000  0.000000  2.000000  
