1-Time 2-Px 3-Py 4-Pz 5-R11 6-R21 7-R31 8-R12 9-R22 10-R32 11-R13 12-R23 13-R33 14-Vx 15-Vy 16-Vz 17-Wx 18-Wy 19-Wz 20-state 21-PR11 22-PR21 23-PR31 24-PR12 25-PR22 26-PR32 27-PR13 28-PR23 29-PR33 
28.929460 0.006064  0.094247  -0.017372  0.995281  0.084349  -0.047960  -0.083384  0.996279  0.021788  0.049619  -0.017687  0.998612  0.000105  0.000255  0.000831  0.000000  0.000000  0.000000  2.000000  
28.930699 0.006064  0.094247  -0.017372  0.995258  0.084556  -0.048088  -0.083588  0.996262  0.021810  0.049753  -0.017687  0.998605  0.000053  0.000177  0.000801  0.000000  0.000000  0.000000  2.000000  
28.931704 0.006064  0.094246  -0.017371  0.995223  0.084967  -0.048079  -0.083998  0.996227  0.021829  0.049753  -0.017687  0.998605  0.000051  0.000079  0.000806  0.000000  0.000000  0.000000  2.000000  
28.932704 0.006064  0.094245  -0.017370  0.995182  0.085385  -0.048193  -0.084407  0.996189  0.021981  0.049886  -0.017808  0.998596  0.000059  -0.000022  0.000773  0.000000  0.000000  0.000000  2.000000  
28.933950 0.006066  0.094243  -0.017370  0.995140  0.085797  -0.048317  -0.084816  0.996153  0.022012  0.050020  -0.017807  0.998589  0.000137  -0.000169  0.000747  0.000000  0.000000  0.000000  2.000000  
28.934953 0.006067  0.094241  -0.017370  0.995123  0.086008  -0.048302  -0.085021  0.996133  0.022143  0.050020  -0.017929  0.998587  0.000175  -0.000319  0.000693  0.000000  0.000000  0.000000  2.000000  
28.936201 0.006069  0.094239  -0.017369  0.995057  0.086628  -0.048555  -0.085634  0.996079  0.022196  0.050287  -0.017928  0.998574  0.000305  -0.000465  0.000657  0.000000  0.000000  0.000000  2.000000  
28.937202 0.006070  0.094238  -0.017369  0.994997  0.087252  -0.048663  -0.086248  0.996023  0.022358  0.050421  -0.018049  0.998565  0.000405  -0.000562  0.000643  0.000000  0.000000  0.000000  2.000000  
28.938204 0.006072  0.094237  -0.017367  0.994912  0.088077  -0.048911  -0.087066  0.995950  0.022422  0.050688  -0.018049  0.998551  0.000513  -0.000681  0.000636  0.000000  0.000000  0.000000  2.000000  
28.939206 0.006073  0.094234  -0.017367  0.994851  0.088694  -0.049030  -0.087680  0.995895  0.022464  0.050822  -0.018049  0.998545  0.000591  -0.000828  0.000610  0.000000  0.000000  0.000000  2.000000  
28.940459 0.006075  0.094233  -0.017368  0.994747  0.089730  -0.049263  -0.088703  0.995800  0.022659  0.051089  -0.018170  0.998529  0.000691  -0.000979  0.000507  0.000000  0.000000  0.000000  2.000000  
28.941703 0.006077  0.094232  -0.017369  0.994660  0.090555  -0.049510  -0.089521  0.995726  0.022723  0.051356  -0.018170  0.998515  0.000854  -0.001033  0.000352  0.026087  0.054973  0.194497  2.000000  
28.942954 0.006079  0.094232  -0.017369  0.994560  0.091588  -0.049609  -0.090544  0.995629  0.022907  0.051490  -0.018291  0.998506  0.001017  -0.001054  0.000331  0.031924  0.058834  0.229119  2.000000  
28.944202 0.006082  0.094231  -0.017368  0.994434  0.092823  -0.049846  -0.091771  0.995515  0.022993  0.051757  -0.018290  0.998492  0.001210  -0.001125  0.000288  0.034070  0.067101  0.270824  2.000000  
28.945203 0.006084  0.094230  -0.017368  0.994344  0.093648  -0.050093  -0.092589  0.995437  0.023059  0.052024  -0.018290  0.998478  0.001341  -0.001172  0.000246  0.035853  0.075447  0.305432  2.000000  
28.946204 0.006086  0.094229  -0.017368  0.994235  0.094683  -0.050324  -0.093611  0.995337  0.023256  0.052291  -0.018411  0.998462  0.001514  -0.001194  0.000187  0.041732  0.083795  0.340136  2.000000  
28.947455 0.006089  0.094227  -0.017368  0.994104  0.095918  -0.050561  -0.094838  0.995219  0.023343  0.052559  -0.018411  0.998448  0.001657  -0.001189  0.000195  0.043894  0.092029  0.381717  2.000000  
28.948701 0.006091  0.094225  -0.017366  0.993985  0.096955  -0.050924  -0.095859  0.995116  0.023555  0.052959  -0.018531  0.998425  0.001717  -0.001208  0.000300  0.050184  0.104758  0.423482  2.000000  
28.949702 0.006093  0.094223  -0.017364  0.993892  0.097786  -0.051159  -0.096676  0.995033  0.023743  0.053227  -0.018652  0.998408  0.001775  -0.001252  0.000344  0.055746  0.113233  0.451332  2.000000  
28.950954 0.006097  0.094219  -0.017363  0.993757  0.099026  -0.051384  -0.097902  0.994908  0.023953  0.053494  -0.018773  0.998392  0.001892  -0.001388  0.000420  0.062007  0.121410  0.492826  2.000000  
28.952201 0.006100  0.094215  -0.017361  0.993614  0.100269  -0.051741  -0.099128  0.994781  0.024177  0.053895  -0.018894  0.998368  0.002006  -0.001524  0.000526  0.068370  0.134185  0.534834  2.000000  
28.953204 0.006103  0.094212  -0.017359  0.993497  0.101304  -0.051969  -0.100149  0.994674  0.024378  0.054162  -0.019015  0.998351  0.002079  -0.001668  0.000615  0.074277  0.142439  0.569267  2.000000  
28.954451 0.006105  0.094206  -0.017357  0.993351  0.102540  -0.052338  -0.101374  0.994547  0.024483  0.054563  -0.019014  0.998329  0.002108  -0.001902  0.000668  0.076557  0.155172  0.610992  2.000000  
28.955461 0.006108  0.094201  -0.017356  0.993253  0.103371  -0.052571  -0.102190  0.994459  0.024674  0.054830  -0.019135  0.998312  0.002225  -0.002091  0.000840  0.082135  0.163566  0.638598  2.000000  
28.956704 0.006111  0.094196  -0.017356  0.993111  0.104604  -0.052806  -0.103416  0.994330  0.024766  0.055097  -0.019135  0.998298  0.002330  -0.002432  0.000892  0.084399  0.171805  0.680253  2.000000  
28.957716 0.006115  0.094192  -0.017354  0.992997  0.105637  -0.052900  -0.104437  0.994218  0.024955  0.055231  -0.019256  0.998288  0.002402  -0.002719  0.000963  0.090312  0.175577  0.714707  2.000000  
28.958955 0.006118  0.094186  -0.017352  0.992874  0.106671  -0.053127  -0.105458  0.994106  0.025158  0.055498  -0.019376  0.998271  0.002445  -0.003059  0.001062  0.096331  0.183942  0.749662  2.000000  
28.959957 0.006120  0.094181  -0.017352  0.992757  0.107697  -0.053234  -0.106479  0.993995  0.025227  0.055632  -0.019376  0.998263  0.002490  -0.003278  0.001109  0.098211  0.187814  0.784355  2.000000  
28.961208 0.006124  0.094176  -0.017350  0.992655  0.108527  -0.053466  -0.107295  0.993902  0.025420  0.055899  -0.019497  0.998246  0.002544  -0.003541  0.001211  0.103161  0.191979  0.798151  2.000000  
28.962212 0.006127  0.094172  -0.017348  0.992558  0.109348  -0.053578  -0.108111  0.993812  0.025479  0.056032  -0.019497  0.998239  0.002578  -0.003757  0.001296  0.103623  0.191831  0.804971  2.000000  
28.963458 0.006130  0.094166  -0.017346  0.992462  0.110169  -0.053689  -0.108928  0.993722  0.025538  0.056166  -0.019497  0.998231  0.002592  -0.004002  0.001324  0.100410  0.191564  0.818960  2.000000  
28.964458 0.006132  0.094161  -0.017344  0.992364  0.110997  -0.053788  -0.109744  0.993627  0.025717  0.056299  -0.019618  0.998221  0.002585  -0.004152  0.001387  0.101574  0.195581  0.839835  2.000000  
28.965718 0.006134  0.094154  -0.017341  0.992258  0.111820  -0.054032  -0.110560  0.993535  0.025791  0.056567  -0.019617  0.998206  0.002499  -0.004391  0.001469  0.102497  0.195245  0.853309  2.000000  
28.966967 0.006136  0.094147  -0.017339  0.992182  0.112443  -0.054135  -0.111172  0.993462  0.025960  0.056700  -0.019738  0.998196  0.002443  -0.004589  0.001490  0.102239  0.195270  0.846410  2.000000  
28.968216 0.006137  0.094140  -0.017336  0.992106  0.113059  -0.054252  -0.111784  0.993392  0.026008  0.056834  -0.019738  0.998189  0.002296  -0.004792  0.001493  0.101728  0.191158  0.833027  2.000000  
28.969468 0.006139  0.094132  -0.017333  0.992006  0.113880  -0.054363  -0.112600  0.993298  0.026068  0.056967  -0.019738  0.998181  0.002231  -0.004913  0.001593  0.097776  0.186531  0.832589  2.000000  
28.970469 0.006140  0.094127  -0.017330  0.991952  0.114291  -0.054485  -0.113007  0.993251  0.026105  0.057101  -0.019738  0.998173  0.002126  -0.004981  0.001752  0.097115  0.186750  0.818578  2.000000  
28.971703 0.006142  0.094120  -0.017327  0.991874  0.114914  -0.054588  -0.113619  0.993177  0.026274  0.057235  -0.019859  0.998163  0.002036  -0.005066  0.001877  0.100569  0.180797  0.812162  2.000000  
28.972751 0.006143  0.094114  -0.017325  0.991820  0.115326  -0.054710  -0.114026  0.993129  0.026312  0.057368  -0.019859  0.998156  0.001912  -0.005140  0.001933  0.096162  0.182369  0.796980  2.000000  
28.973966 0.006145  0.094107  -0.017324  0.991773  0.115734  -0.054699  -0.114435  0.993082  0.026335  0.057368  -0.019859  0.998156  0.001803  -0.005229  0.001955  0.094867  0.174115  0.770084  2.000000  
28.975211 0.006146  0.094100  -0.017323  0.991726  0.116143  -0.054688  -0.114843  0.993034  0.026357  0.057368  -0.019859  0.998156  0.001711  -0.005315  0.001897  0.089390  0.165625  0.742361  2.000000  
28.976459 0.006148  0.094094  -0.017322  0.991647  0.116759  -0.054804  -0.115455  0.992962  0.026406  0.057502  -0.019858  0.998148  0.001557  -0.005450  0.001799  0.088462  0.157059  0.721582  2.000000  
28.977459 0.006149  0.094088  -0.017323  0.991623  0.116964  -0.054799  -0.115659  0.992938  0.026418  0.057502  -0.019858  0.998148  0.001480  -0.005517  0.001699  0.083326  0.148402  0.700592  2.000000  
28.978474 0.006151  0.094083  -0.017323  0.991575  0.117366  -0.054802  -0.116067  0.992893  0.026320  0.057502  -0.019737  0.998150  0.001374  -0.005543  0.001540  0.078546  0.139659  0.686297  2.000000  
28.979481 0.006152  0.094078  -0.017322  0.991552  0.117570  -0.054797  -0.116271  0.992868  0.026331  0.057502  -0.019737  0.998150  0.001306  -0.005531  0.001400  0.073402  0.131007  0.665298  2.000000  
28.980715 0.006153  0.094072  -0.017323  0.991520  0.117777  -0.054924  -0.116475  0.992844  0.026358  0.057635  -0.019737  0.998143  0.001288  -0.005458  0.001202  0.067581  0.127216  0.631081  2.000000  
28.981955 0.006155  0.094066  -0.017323  0.991496  0.117982  -0.054919  -0.116679  0.992820  0.026369  0.057635  -0.019737  0.998143  0.001212  -0.005426  0.001056  0.061720  0.114393  0.596454  2.000000  
28.982956 0.006155  0.094061  -0.017323  0.991472  0.118186  -0.054913  -0.116883  0.992795  0.026381  0.057635  -0.019737  0.998143  0.001194  -0.005332  0.000948  0.056177  0.105904  0.568667  2.000000  
28.983959 0.006156  0.094057  -0.017323  0.991448  0.118391  -0.054908  -0.117087  0.992771  0.026392  0.057635  -0.019737  0.998143  0.001232  -0.005238  0.000735  0.054692  0.097430  0.540757  2.000000  
28.985274 0.006158  0.094052  -0.017322  0.991424  0.118595  -0.054902  -0.117291  0.992747  0.026403  0.057635  -0.019737  0.998143  0.001254  -0.005082  0.000559  0.049078  0.084296  0.511934  2.000000  
28.986464 0.006161  0.094047  -0.017322  0.991424  0.118595  -0.054902  -0.117291  0.992747  0.026403  0.057635  -0.019737  0.998143  0.001274  -0.004936  0.000378  0.046893  0.076261  0.471223  2.000000  
28.987704 0.006164  0.094043  -0.017321  0.991424  0.118588  -0.054917  -0.117291  0.992750  0.026283  0.057635  -0.019616  0.998145  0.001362  -0.004752  0.000303  0.036542  0.071889  0.433298  2.000000  
28.988746 0.006166  0.094040  -0.017320  0.991400  0.118793  -0.054911  -0.117495  0.992725  0.026294  0.057635  -0.019616  0.998145  0.001425  -0.004564  0.000231  0.031206  0.063895  0.408384  2.000000  
28.989962 0.006169  0.094037  -0.017320  0.991400  0.118793  -0.054911  -0.117495  0.992725  0.026294  0.057635  -0.019616  0.998145  0.001556  -0.004323  0.000212  0.028941  0.055784  0.367219  2.000000  
28.991217 0.006173  0.094034  -0.017320  0.991407  0.118790  -0.054779  -0.117496  0.992726  0.026278  0.057502  -0.019616  0.998153  0.001684  -0.004071  0.000193  0.023292  0.047304  0.339365  2.000000  
28.992457 0.006177  0.094031  -0.017320  0.991407  0.118783  -0.054793  -0.117496  0.992729  0.026158  0.057502  -0.019495  0.998155  0.001822  -0.003833  0.000158  0.017926  0.042910  0.316165  2.000000  
28.993464 0.006180  0.094028  -0.017320  0.991431  0.118579  -0.054798  -0.117292  0.992753  0.026147  0.057502  -0.019495  0.998155  0.001977  -0.003659  0.000164  0.011669  0.035045  0.277009  2.000000  
28.994477 0.006183  0.094026  -0.017320  0.991431  0.118579  -0.054798  -0.117292  0.992753  0.026147  0.057502  -0.019495  0.998155  0.002130  -0.003482  0.000169  0.010110  0.031086  0.249261  2.000000  
28.995707 0.006187  0.094023  -0.017321  0.991431  0.118579  -0.054798  -0.117292  0.992753  0.026147  0.057502  -0.019495  0.998155  0.002296  -0.003310  0.000138  0.008876  0.026796  0.226751  2.000000  
28.996713 0.006191  0.094020  -0.017321  0.991463  0.118372  -0.054671  -0.117089  0.992778  0.026120  0.057368  -0.019495  0.998163  0.002451  -0.003088  0.000112  0.003292  0.018549  0.200792  2.000000  
28.997975 0.006195  0.094017  -0.017322  0.991463  0.118372  -0.054671  -0.117089  0.992778  0.026120  0.057368  -0.019495  0.998163  0.002667  -0.002908  0.000070  0.002119  0.014452  0.179888  2.000000  
28.999207 0.006199  0.094014  -0.017323  0.991487  0.118168  -0.054676  -0.116885  0.992802  0.026109  0.057368  -0.019495  0.998163  0.002860  -0.002741  -0.000038  0.000000  0.000000  0.000000  2.000000  
29.000457 0.006203  0.094011  -0.017324  0.991511  0.117963  -0.054682  -0.116680  0.992827  0.026097  0.057368  -0.019495  0.998163  0.002966  -0.002673  -0.000113  0.000000  0.000000  0.000000  2.000000  
29.001723 0.006208  0.094008  -0.017324  0.991511  0.117963  -0.054682  -0.116680  0.992827  0.026097  0.057368  -0.019495  0.998163  0.003091  -0.002544  -0.000165  0.000000  0.000000  0.000000  2.000000  
29.002967 0.006212  0.094006  -0.017324  0.991535  0.117759  -0.054687  -0.116476  0.992851  0.026086  0.057368  -0.019495  0.998163  0.003225  -0.002393  -0.000217  0.000000  0.000000  0.000000  2.000000  
29.004206 0.006217  0.094004  -0.017323  0.991559  0.117554  -0.054693  -0.116272  0.992875  0.026075  0.057368  -0.019495  0.998163  0.003286  -0.002302  -0.000184  0.000000  0.000000  0.000000  2.000000  
29.005218 0.006220  0.094002  -0.017322  0.991559  0.117554  -0.054693  -0.116272  0.992875  0.026075  0.057368  -0.019495  0.998163  0.003345  -0.002243  -0.000193  0.000000  0.000000  0.000000  2.000000  
29.006464 0.006224  0.094001  -0.017321  0.991575  0.117353  -0.054831  -0.116067  0.992899  0.026079  0.057502  -0.019495  0.998155  0.003365  -0.002136  -0.000094  0.000000  0.000000  0.000000  2.000000  
29.007466 0.006227  0.094000  -0.017320  0.991599  0.117148  -0.054836  -0.115863  0.992923  0.026068  0.057502  -0.019495  0.998155  0.003354  -0.002056  -0.000014  0.000000  0.000000  0.000000  2.000000  
29.008718 0.006231  0.093998  -0.017319  0.991599  0.117148  -0.054836  -0.115863  0.992923  0.026068  0.057502  -0.019495  0.998155  0.003365  -0.001948  0.000123  0.000000  0.000000  0.000000  2.000000  
29.009725 0.006234  0.093997  -0.017318  0.991623  0.116944  -0.054841  -0.115659  0.992947  0.026056  0.057502  -0.019495  0.998155  0.003302  -0.001868  0.000212  0.000000  0.000000  0.000000  2.000000  
29.010959 0.006237  0.093995  -0.017316  0.991623  0.116944  -0.054841  -0.115659  0.992947  0.026056  0.057502  -0.019495  0.998155  0.003252  -0.001786  0.000295  0.000000  0.000000  0.000000  2.000000  
29.012216 0.006240  0.093994  -0.017315  0.991647  0.116739  -0.054847  -0.115455  0.992971  0.026045  0.057502  -0.019495  0.998155  0.003184  -0.001659  0.000478  0.000000  0.000000  0.000000  2.000000  
29.013462 0.006243  0.093992  -0.017314  0.991671  0.116535  -0.054852  -0.115251  0.992995  0.026034  0.057502  -0.019495  0.998155  0.003111  -0.001628  0.000545  0.000000  0.000000  0.000000  2.000000  
29.014463 0.006246  0.093991  -0.017312  0.991671  0.116542  -0.054838  -0.115251  0.992992  0.026154  0.057502  -0.019616  0.998153  0.003023  -0.001524  0.000700  0.000000  0.000000  0.000000  2.000000  
29.015704 0.006248  0.093988  -0.017311  0.991671  0.116542  -0.054838  -0.115251  0.992992  0.026154  0.057502  -0.019616  0.998153  0.002899  -0.001466  0.000880  0.000000  0.000000  0.000000  2.000000  
29.016714 0.006250  0.093987  -0.017309  0.991671  0.116542  -0.054838  -0.115251  0.992992  0.026154  0.057502  -0.019616  0.998153  0.002800  -0.001414  0.000986  0.000000  0.000000  0.000000  2.000000  
29.017715 0.006251  0.093985  -0.017308  0.991671  0.116548  -0.054824  -0.115251  0.992989  0.026275  0.057502  -0.019737  0.998150  0.002631  -0.001440  0.001080  0.000000  0.000000  0.000000  2.000000  
29.018720 0.006252  0.093983  -0.017306  0.991694  0.116344  -0.054829  -0.115046  0.993013  0.026263  0.057502  -0.019737  0.998150  0.002490  -0.001441  0.001130  0.000000  0.000000  0.000000  2.000000  
29.019978 0.006254  0.093980  -0.017304  0.991687  0.116353  -0.054948  -0.115046  0.993009  0.026399  0.057635  -0.019858  0.998140  0.002279  -0.001490  0.001204  0.000000  0.000000  0.000000  2.000000  
29.021210 0.006255  0.093978  -0.017302  0.991687  0.116353  -0.054948  -0.115046  0.993009  0.026399  0.057635  -0.019858  0.998140  0.002120  -0.001562  0.001285  0.000000  0.000000  0.000000  2.000000  
29.022453 0.006256  0.093975  -0.017300  0.991663  0.116558  -0.054942  -0.115250  0.992985  0.026411  0.057635  -0.019858  0.998140  0.001928  -0.001612  0.001379  0.000000  0.000000  0.000000  2.000000  
29.023462 0.006257  0.093973  -0.017298  0.991663  0.116558  -0.054942  -0.115250  0.992985  0.026411  0.057635  -0.019858  0.998140  0.001735  -0.001672  0.001384  0.000000  0.000000  0.000000  2.000000  
29.024708 0.006258  0.093971  -0.017296  0.991663  0.116564  -0.054928  -0.115250  0.992982  0.026531  0.057635  -0.019979  0.998138  0.001583  -0.001740  0.001462  0.000000  0.000000  0.000000  2.000000  
29.025966 0.006258  0.093968  -0.017293  0.991663  0.116564  -0.054928  -0.115250  0.992982  0.026531  0.057635  -0.019979  0.998138  0.001371  -0.001819  0.001550  0.000000  0.000000  0.000000  2.000000  
29.027206 0.006259  0.093966  -0.017291  0.991639  0.116769  -0.054923  -0.115454  0.992958  0.026542  0.057635  -0.019979  0.998138  0.001216  -0.001863  0.001619  0.000000  0.000000  0.000000  2.000000  
29.028213 0.006259  0.093964  -0.017289  0.991632  0.116771  -0.055055  -0.115453  0.992958  0.026558  0.057769  -0.019979  0.998130  0.001072  -0.001893  0.001713  0.000000  0.000000  0.000000  2.000000  
29.029214 0.006260  0.093962  -0.017287  0.991632  0.116771  -0.055055  -0.115453  0.992958  0.026558  0.057769  -0.019979  0.998130  0.000983  -0.001937  0.001731  0.000000  0.000000  0.000000  2.000000  
29.030460 0.006260  0.093959  -0.017285  0.991608  0.116976  -0.055050  -0.115657  0.992934  0.026569  0.057769  -0.019979  0.998130  0.000814  -0.001996  0.001767  0.000000  0.000000  0.000000  2.000000  
29.031464 0.006260  0.093957  -0.017283  0.991608  0.116982  -0.055036  -0.115657  0.992931  0.026690  0.057769  -0.020100  0.998128  0.000712  -0.001999  0.001788  0.000000  0.000000  0.000000  2.000000  
29.032707 0.006260  0.093954  -0.017282  0.991608  0.116982  -0.055036  -0.115657  0.992931  0.026690  0.057769  -0.020100  0.998128  0.000608  -0.002068  0.001747  0.000000  0.000000  0.000000  2.000000  
29.033955 0.006260  0.093950  -0.017281  0.991584  0.117187  -0.055030  -0.115861  0.992906  0.026701  0.057769  -0.020100  0.998128  0.000475  -0.002163  0.001680  0.000000  0.000000  0.000000  2.000000  
29.034959 0.006261  0.093948  -0.017280  0.991584  0.117187  -0.055030  -0.115861  0.992906  0.026701  0.057769  -0.020100  0.998128  0.000457  -0.002182  0.001606  0.000000  0.000000  0.000000  2.000000  
29.036207 0.006261  0.093944  -0.017280  0.991584  0.117187  -0.055030  -0.115861  0.992906  0.026701  0.057769  -0.020100  0.998128  0.000387  -0.002264  0.001470  0.000000  0.000000  0.000000  2.000000  
29.037476 0.006261  0.093941  -0.017279  0.991560  0.117398  -0.055010  -0.116065  0.992879  0.026833  0.057769  -0.020221  0.998125  0.000333  -0.002309  0.001361  0.000000  0.000000  0.000000  2.000000  
29.038711 0.006262  0.093937  -0.017279  0.991560  0.117398  -0.055010  -0.116065  0.992879  0.026833  0.057769  -0.020221  0.998125  0.000313  -0.002419  0.001264  0.000000  0.000000  0.000000  2.000000  
29.039963 0.006263  0.093933  -0.017278  0.991560  0.117398  -0.055010  -0.116065  0.992879  0.026833  0.057769  -0.020221  0.998125  0.000334  -0.002477  0.001099  0.000000  0.000000  0.000000  2.000000  
29.040964 0.006263  0.093930  -0.017278  0.991536  0.117602  -0.055005  -0.116270  0.992855  0.026844  0.057769  -0.020221  0.998125  0.000358  -0.002542  0.000975  0.000000  0.000000  0.000000  2.000000  
29.041976 0.006265  0.093928  -0.017279  0.991536  0.117602  -0.055005  -0.116270  0.992855  0.026844  0.057769  -0.020221  0.998125  0.000417  -0.002592  0.000800  0.000000  0.000000  0.000000  2.000000  
29.043211 0.006266  0.093924  -0.017279  0.991536  0.117602  -0.055005  -0.116270  0.992855  0.026844  0.057769  -0.020221  0.998125  0.000451  -0.002659  0.000643  0.000000  0.000000  0.000000  2.000000  
29.044459 0.006267  0.093921  -0.017278  0.991512  0.117807  -0.054999  -0.116474  0.992831  0.026855  0.057769  -0.020221  0.998125  0.000512  -0.002716  0.000510  0.000000  0.000000  0.000000  2.000000  
29.045472 0.006269  0.093918  -0.017279  0.991512  0.117807  -0.054999  -0.116474  0.992831  0.026855  0.057769  -0.020221  0.998125  0.000594  -0.002740  0.000386  0.000000  0.000000  0.000000  2.000000  
29.046705 0.006270  0.093915  -0.017279  0.991512  0.117807  -0.054999  -0.116474  0.992831  0.026855  0.057769  -0.020221  0.998125  0.000678  -0.002749  0.000262  0.000000  0.000000  0.000000  2.000000  
29.047709 0.006271  0.093913  -0.017279  0.991512  0.117807  -0.054999  -0.116474  0.992831  0.026855  0.057769  -0.020221  0.998125  0.000739  -0.002749  0.000214  0.000000  0.000000  0.000000  2.000000  
29.048961 0.006273  0.093910  -0.017278  0.991512  0.117807  -0.054999  -0.116474  0.992831  0.026855  0.057769  -0.020221  0.998125  0.000864  -0.002674  0.000159  0.000000  0.000000  0.000000  2.000000  
29.050214 0.006274  0.093907  -0.017278  0.991512  0.117807  -0.054999  -0.116474  0.992831  0.026855  0.057769  -0.020221  0.998125  0.000937  -0.002624  0.000160  0.000000  0.000000  0.000000  2.000000  
29.051216 0.006275  0.093905  -0.017278  0.991488  0.118011  -0.054994  -0.116678  0.992806  0.026867  0.057769  -0.020221  0.998125  0.000968  -0.002573  0.000134  0.000000  0.000000  0.000000  2.000000  
29.052457 0.006277  0.093903  -0.017278  0.991496  0.118008  -0.054861  -0.116679  0.992807  0.026851  0.057635  -0.020222  0.998133  0.001045  -0.002510  0.000104  0.000000  0.000000  0.000000  2.000000  
29.053712 0.006278  0.093901  -0.017277  0.991496  0.118008  -0.054861  -0.116679  0.992807  0.026851  0.057635  -0.020222  0.998133  0.001096  -0.002401  0.000073  0.000000  0.000000  0.000000  2.000000  
29.054718 0.006280  0.093899  -0.017277  0.991496  0.118008  -0.054861  -0.116679  0.992807  0.026851  0.057635  -0.020222  0.998133  0.001139  -0.002298  0.000096  0.000000  0.000000  0.000000  2.000000  
29.055954 0.006281  0.093897  -0.017276  0.991496  0.118008  -0.054861  -0.116679  0.992807  0.026851  0.057635  -0.020222  0.998133  0.001182  -0.002209  0.000133  0.000000  0.000000  0.000000  2.000000  
29.056966 0.006282  0.093896  -0.017276  0.991496  0.118008  -0.054861  -0.116679  0.992807  0.026851  0.057635  -0.020222  0.998133  0.001183  -0.002133  0.000174  0.000000  0.000000  0.000000  2.000000  
29.058207 0.006284  0.093894  -0.017276  0.991496  0.118008  -0.054861  -0.116679  0.992807  0.026851  0.057635  -0.020222  0.998133  0.001205  -0.002006  0.000225  0.000000  0.000000  0.000000  2.000000  
29.059472 0.006285  0.093892  -0.017275  0.991496  0.118008  -0.054861  -0.116679  0.992807  0.026851  0.057635  -0.020222  0.998133  0.001188  -0.001867  0.000236  0.000000  0.000000  0.000000  2.000000  
29.060709 0.006287  0.093891  -0.017274  0.991496  0.118008  -0.054861  -0.116679  0.992807  0.026851  0.057635  -0.020222  0.998133  0.001178  -0.001787  0.000316  0.000000  0.000000  0.000000  2.000000  
29.061716 0.006288  0.093890  -0.017273  0.991496  0.118008  -0.054861  -0.116679  0.992807  0.026851  0.057635  -0.020222  0.998133  0.001170  -0.001686  0.000348  0.000000  0.000000  0.000000  2.000000  
29.062959 0.006289  0.093888  -0.017273  0.991496  0.118008  -0.054861  -0.116679  0.992807  0.026851  0.057635  -0.020222  0.998133  0.001162  -0.001606  0.000391  0.000000  0.000000  0.000000  2.000000  
29.064025 0.006290  0.093887  -0.017271  0.991496  0.118008  -0.054861  -0.116679  0.992807  0.026851  0.057635  -0.020222  0.998133  0.001105  -0.001523  0.000476  0.000000  0.000000  0.000000  2.000000  
29.065205 0.006291  0.093887  -0.017270  0.991496  0.118008  -0.054861  -0.116679  0.992807  0.026851  0.057635  -0.020222  0.998133  0.001104  -0.001377  0.000560  0.000000  0.000000  0.000000  2.000000  
29.066214 0.006291  0.093886  -0.017269  0.991496  0.118015  -0.054847  -0.116679  0.992803  0.026971  0.057635  -0.020343  0.998130  0.001054  -0.001301  0.000610  0.000000  0.000000  0.000000  2.000000  
29.067464 0.006292  0.093885  -0.017267  0.991496  0.118015  -0.054847  -0.116679  0.992803  0.026971  0.057635  -0.020343  0.998130  0.001032  -0.001192  0.000720  0.000000  0.000000  0.000000  2.000000  
29.068711 0.006293  0.093884  -0.017266  0.991496  0.118015  -0.054847  -0.116679  0.992803  0.026971  0.057635  -0.020343  0.998130  0.000997  -0.001071  0.000778  0.000000  0.000000  0.000000  2.000000  
29.069713 0.006294  0.093884  -0.017265  0.991496  0.118015  -0.054847  -0.116679  0.992803  0.026971  0.057635  -0.020343  0.998130  0.000957  -0.001020  0.000836  0.000000  0.000000  0.000000  2.000000  
29.070963 0.006295  0.093883  -0.017263  0.991520  0.117811  -0.054852  -0.116475  0.992828  0.026960  0.057635  -0.020343  0.998130  0.000893  -0.000910  0.000922  0.000000  0.000000  0.000000  2.000000  
29.071964 0.006295  0.093883  -0.017262  0.991520  0.117811  -0.054852  -0.116475  0.992828  0.026960  0.057635  -0.020343  0.998130  0.000840  -0.000822  0.000920  0.000000  0.000000  0.000000  2.000000  
29.072972 0.006296  0.093883  -0.017261  0.991520  0.117811  -0.054852  -0.116475  0.992828  0.026960  0.057635  -0.020343  0.998130  0.000824  -0.000707  0.000997  0.000000  0.000000  0.000000  2.000000  
29.074211 0.006297  0.093884  -0.017260  0.991520  0.117811  -0.054852  -0.116475  0.992828  0.026960  0.057635  -0.020343  0.998130  0.000807  -0.000604  0.001069  0.000000  0.000000  0.000000  2.000000  
29.075460 0.006298  0.093884  -0.017258  0.991520  0.117811  -0.054852  -0.116475  0.992828  0.026960  0.057635  -0.020343  0.998130  0.000784  -0.000494  0.001083  0.000000  0.000000  0.000000  2.000000  
29.076707 0.006299  0.093884  -0.017257  0.991520  0.117817  -0.054838  -0.116475  0.992824  0.027081  0.057635  -0.020464  0.998128  0.000777  -0.000395  0.001115  0.000000  0.000000  0.000000  2.000000  
29.077710 0.006300  0.093883  -0.017256  0.991520  0.117817  -0.054838  -0.116475  0.992824  0.027081  0.057635  -0.020464  0.998128  0.000761  -0.000329  0.001108  0.000000  0.000000  0.000000  2.000000  
29.078718 0.006301  0.093884  -0.017255  0.991520  0.117817  -0.054838  -0.116475  0.992824  0.027081  0.057635  -0.020464  0.998128  0.000766  -0.000231  0.001107  0.000000  0.000000  0.000000  2.000000  
29.079957 0.006302  0.093884  -0.017254  0.991520  0.117817  -0.054838  -0.116475  0.992824  0.027081  0.057635  -0.020464  0.998128  0.000771  -0.000176  0.001096  0.000000  0.000000  0.000000  2.000000  
29.081209 0.006303  0.093885  -0.017252  0.991520  0.117817  -0.054838  -0.116475  0.992824  0.027081  0.057635  -0.020464  0.998128  0.000814  -0.000075  0.001118  0.000000  0.000000  0.000000  2.000000  
29.082214 0.006304  0.093885  -0.017251  0.991520  0.117817  -0.054838  -0.116475  0.992824  0.027081  0.057635  -0.020464  0.998128  0.000799  -0.000004  0.001112  0.000000  0.000000  0.000000  2.000000  
29.083467 0.006305  0.093885  -0.017250  0.991520  0.117817  -0.054838  -0.116475  0.992824  0.027081  0.057635  -0.020464  0.998128  0.000830  0.000045  0.001084  0.000000  0.000000  0.000000  2.000000  
29.084712 0.006307  0.093886  -0.017248  0.991512  0.117820  -0.054971  -0.116474  0.992824  0.027096  0.057769  -0.020464  0.998120  0.000859  0.000145  0.001089  0.000000  0.000000  0.000000  2.000000  
29.085962 0.006308  0.093887  -0.017246  0.991512  0.117820  -0.054971  -0.116474  0.992824  0.027096  0.057769  -0.020464  0.998120  0.000911  0.000221  0.001120  0.000000  0.000000  0.000000  2.000000  
29.086964 0.006310  0.093888  -0.017246  0.991512  0.117820  -0.054971  -0.116474  0.992824  0.027096  0.057769  -0.020464  0.998120  0.000973  0.000296  0.001113  0.000000  0.000000  0.000000  2.000000  
29.088214 0.006311  0.093889  -0.017244  0.991512  0.117820  -0.054971  -0.116474  0.992824  0.027096  0.057769  -0.020464  0.998120  0.000971  0.000350  0.001116  0.000000  0.000000  0.000000  2.000000  
29.089492 0.006313  0.093890  -0.017243  0.991512  0.117820  -0.054971  -0.116474  0.992824  0.027096  0.057769  -0.020464  0.998120  0.001061  0.000451  0.001125  0.000000  0.000000  0.000000  2.000000  
29.090718 0.006315  0.093891  -0.017242  0.991512  0.117820  -0.054971  -0.116474  0.992824  0.027096  0.057769  -0.020464  0.998120  0.001118  0.000553  0.001113  0.000000  0.000000  0.000000  2.000000  
29.091959 0.006316  0.093892  -0.017241  0.991512  0.117820  -0.054971  -0.116474  0.992824  0.027096  0.057769  -0.020464  0.998120  0.001131  0.000592  0.001068  0.000000  0.000000  0.000000  2.000000  
29.092967 0.006318  0.093893  -0.017240  0.991512  0.117820  -0.054971  -0.116474  0.992824  0.027096  0.057769  -0.020464  0.998120  0.001181  0.000650  0.001058  0.000000  0.000000  0.000000  2.000000  
29.093976 0.006319  0.093895  -0.017239  0.991512  0.117820  -0.054971  -0.116474  0.992824  0.027096  0.057769  -0.020464  0.998120  0.001194  0.000726  0.001061  0.000000  0.000000  0.000000  2.000000  
29.095213 0.006321  0.093896  -0.017238  0.991512  0.117820  -0.054971  -0.116474  0.992824  0.027096  0.057769  -0.020464  0.998120  0.001247  0.000765  0.001046  0.000000  0.000000  0.000000  2.000000  
29.096222 0.006322  0.093897  -0.017237  0.991512  0.117820  -0.054971  -0.116474  0.992824  0.027096  0.057769  -0.020464  0.998120  0.001287  0.000850  0.001027  0.000000  0.000000  0.000000  2.000000  
29.097461 0.006324  0.093898  -0.017235  0.991512  0.117820  -0.054971  -0.116474  0.992824  0.027096  0.057769  -0.020464  0.998120  0.001330  0.000912  0.001004  0.000000  0.000000  0.000000  2.000000  
29.098705 0.006326  0.093900  -0.017234  0.991512  0.117820  -0.054971  -0.116474  0.992824  0.027096  0.057769  -0.020464  0.998120  0.001386  0.000977  0.000995  0.000000  0.000000  0.000000  2.000000  
29.099955 0.006328  0.093901  -0.017233  0.991512  0.117820  -0.054971  -0.116474  0.992824  0.027096  0.057769  -0.020464  0.998120  0.001416  0.001025  0.000967  0.000000  0.000000  0.000000  2.000000  
29.100962 0.006329  0.093902  -0.017232  0.991488  0.118024  -0.054965  -0.116678  0.992800  0.027107  0.057769  -0.020464  0.998120  0.001414  0.001058  0.000962  0.000000  0.000000  0.000000  2.000000  
29.102204 0.006331  0.093904  -0.017232  0.991488  0.118024  -0.054965  -0.116678  0.992800  0.027107  0.057769  -0.020464  0.998120  0.001419  0.001069  0.000874  0.000000  0.000000  0.000000  2.000000  
29.103481 0.006333  0.093905  -0.017230  0.991488  0.118024  -0.054965  -0.116678  0.992800  0.027107  0.057769  -0.020464  0.998120  0.001416  0.001066  0.000873  0.000000  0.000000  0.000000  2.000000  
29.104705 0.006335  0.093906  -0.017230  0.991488  0.118024  -0.054965  -0.116678  0.992800  0.027107  0.057769  -0.020464  0.998120  0.001431  0.001067  0.000837  0.000000  0.000000  0.000000  2.000000  
29.105715 0.006336  0.093907  -0.017229  0.991481  0.118027  -0.055098  -0.116677  0.992800  0.027123  0.057902  -0.020463  0.998112  0.001415  0.001025  0.000831  0.000000  0.000000  0.000000  2.000000  
29.106958 0.006338  0.093908  -0.017229  0.991481  0.118027  -0.055098  -0.116677  0.992800  0.027123  0.057902  -0.020463  0.998112  0.001417  0.001046  0.000785  0.000000  0.000000  0.000000  2.000000  
29.108228 0.006339  0.093909  -0.017228  0.991481  0.118027  -0.055098  -0.116677  0.992800  0.027123  0.057902  -0.020463  0.998112  0.001386  0.000984  0.000766  0.000000  0.000000  0.000000  2.000000  
29.109471 0.006341  0.093910  -0.017228  0.991481  0.118027  -0.055098  -0.116677  0.992800  0.027123  0.057902  -0.020463  0.998112  0.001366  0.000991  0.000709  0.000000  0.000000  0.000000  2.000000  
29.110476 0.006342  0.093910  -0.017227  0.991481  0.118027  -0.055098  -0.116677  0.992800  0.027123  0.057902  -0.020463  0.998112  0.001336  0.000929  0.000689  0.000000  0.000000  0.000000  2.000000  
29.111712 0.006343  0.093911  -0.017227  0.991481  0.118027  -0.055098  -0.116677  0.992800  0.027123  0.057902  -0.020463  0.998112  0.001296  0.000849  0.000620  0.000000  0.000000  0.000000  2.000000  
29.112715 0.006344  0.093912  -0.017227  0.991497  0.117825  -0.055236  -0.116472  0.992823  0.027127  0.058036  -0.020463  0.998105  0.001275  0.000857  0.000564  0.000000  0.000000  0.000000  2.000000  
29.113962 0.006345  0.093912  -0.017226  0.991497  0.117825  -0.055236  -0.116472  0.992823  0.027127  0.058036  -0.020463  0.998105  0.001224  0.000780  0.000534  0.000000  0.000000  0.000000  2.000000  
29.115213 0.006346  0.093912  -0.017226  0.991497  0.117825  -0.055236  -0.116472  0.992823  0.027127  0.058036  -0.020463  0.998105  0.001163  0.000710  0.000446  0.000000  0.000000  0.000000  2.000000  
29.116216 0.006346  0.093912  -0.017226  0.991497  0.117825  -0.055236  -0.116472  0.992823  0.027127  0.058036  -0.020463  0.998105  0.001115  0.000672  0.000419  0.000000  0.000000  0.000000  2.000000  
29.117473 0.006347  0.093913  -0.017225  0.991489  0.117828  -0.055369  -0.116471  0.992823  0.027143  0.058170  -0.020463  0.998097  0.000996  0.000575  0.000384  0.000000  0.000000  0.000000  2.000000  
29.118710 0.006348  0.093913  -0.017226  0.991489  0.117828  -0.055369  -0.116471  0.992823  0.027143  0.058170  -0.020463  0.998097  0.000955  0.000496  0.000315  0.000000  0.000000  0.000000  2.000000  
29.119951 0.006348  0.093913  -0.017225  0.991489  0.117828  -0.055369  -0.116471  0.992823  0.027143  0.058170  -0.020463  0.998097  0.000869  0.000437  0.000309  0.000000  0.000000  0.000000  2.000000  
29.121203 0.006348  0.093912  -0.017225  0.991481  0.117831  -0.055501  -0.116470  0.992823  0.027158  0.058303  -0.020463  0.998089  0.000788  0.000334  0.000259  0.000000  0.000000  0.000000  2.000000  
29.122207 0.006348  0.093912  -0.017225  0.991481  0.117831  -0.055501  -0.116470  0.992823  0.027158  0.058303  -0.020463  0.998089  0.000725  0.000258  0.000265  0.000000  0.000000  0.000000  2.000000  
29.123455 0.006349  0.093911  -0.017225  0.991474  0.117834  -0.055634  -0.116469  0.992823  0.027174  0.058437  -0.020463  0.998081  0.000633  0.000178  0.000207  0.000000  0.000000  0.000000  2.000000  
29.124456 0.006349  0.093911  -0.017225  0.991474  0.117834  -0.055634  -0.116469  0.992823  0.027174  0.058437  -0.020463  0.998081  0.000532  0.000101  0.000186  0.000000  0.000000  0.000000  2.000000  
29.125456 0.006349  0.093911  -0.017225  0.991474  0.117834  -0.055634  -0.116469  0.992823  0.027174  0.058437  -0.020463  0.998081  0.000471  0.000047  0.000147  0.000000  0.000000  0.000000  2.000000  
29.126461 0.006348  0.093911  -0.017225  0.991466  0.117836  -0.055767  -0.116468  0.992822  0.027190  0.058570  -0.020463  0.998074  0.000365  -0.000007  0.000120  0.000000  0.000000  0.000000  2.000000  
29.127702 0.006348  0.093910  -0.017225  0.991466  0.117836  -0.055767  -0.116468  0.992822  0.027190  0.058570  -0.020463  0.998074  0.000298  -0.000081  0.000125  0.000000  0.000000  0.000000  2.000000  
29.128703 0.006348  0.093910  -0.017225  0.991458  0.117839  -0.055899  -0.116467  0.992822  0.027205  0.058704  -0.020462  0.998066  0.000258  -0.000084  0.000097  0.000000  0.000000  0.000000  2.000000  
29.129706 0.006348  0.093910  -0.017225  0.991458  0.117839  -0.055899  -0.116467  0.992822  0.027205  0.058704  -0.020462  0.998066  0.000165  -0.000186  0.000084  0.000000  0.000000  0.000000  2.000000  
29.130951 0.006348  0.093909  -0.017225  0.991458  0.117839  -0.055899  -0.116467  0.992822  0.027205  0.058704  -0.020462  0.998066  0.000104  -0.000239  0.000046  0.000000  0.000000  0.000000  2.000000  
29.131954 0.006348  0.093909  -0.017225  0.991450  0.117842  -0.056032  -0.116466  0.992822  0.027221  0.058837  -0.020462  0.998058  0.000065  -0.000242  0.000018  0.000000  0.000000  0.000000  2.000000  
29.133201 0.006348  0.093908  -0.017226  0.991450  0.117842  -0.056032  -0.116466  0.992822  0.027221  0.058837  -0.020462  0.998058  0.000004  -0.000295  -0.000021  0.000000  0.000000  0.000000  2.000000  
29.134456 0.006347  0.093908  -0.017226  0.991442  0.117851  -0.056150  -0.116465  0.992818  0.027357  0.058971  -0.020583  0.998047  -0.000067  -0.000325  -0.000068  0.000000  0.000000  0.000000  2.000000  
29.135701 0.006347  0.093907  -0.017226  0.991442  0.117851  -0.056150  -0.116465  0.992818  0.027357  0.058971  -0.020583  0.998047  -0.000099  -0.000357  -0.000089  0.000000  0.000000  0.000000  2.000000  
29.136953 0.006347  0.093907  -0.017226  0.991435  0.117854  -0.056283  -0.116465  0.992818  0.027372  0.059105  -0.020583  0.998040  -0.000097  -0.000352  -0.000088  0.000000  0.000000  0.000000  2.000000  
29.138203 0.006347  0.093906  -0.017227  0.991435  0.117854  -0.056283  -0.116465  0.992818  0.027372  0.059105  -0.020583  0.998040  -0.000117  -0.000380  -0.000145  0.000000  0.000000  0.000000  2.000000  
29.139207 0.006347  0.093906  -0.017227  0.991427  0.117857  -0.056415  -0.116464  0.992817  0.027388  0.059238  -0.020583  0.998032  -0.000128  -0.000363  -0.000156  0.000000  0.000000  0.000000  2.000000  
29.140463 0.006347  0.093906  -0.017227  0.991427  0.117857  -0.056415  -0.116464  0.992817  0.027388  0.059238  -0.020583  0.998032  -0.000128  -0.000362  -0.000156  0.000000  0.000000  0.000000  2.000000  
29.141704 0.006347  0.093906  -0.017227  0.991427  0.117857  -0.056415  -0.116464  0.992817  0.027388  0.059238  -0.020583  0.998032  -0.000096  -0.000314  -0.000182  0.000000  0.000000  0.000000  2.000000  
29.142954 0.006347  0.093906  -0.017227  0.991419  0.117859  -0.056548  -0.116463  0.992817  0.027404  0.059372  -0.020583  0.998024  -0.000096  -0.000314  -0.000182  0.000000  0.000000  0.000000  2.000000  
29.143954 0.006347  0.093905  -0.017228  0.991419  0.117859  -0.056548  -0.116463  0.992817  0.027404  0.059372  -0.020583  0.998024  -0.000054  -0.000289  -0.000201  0.000000  0.000000  0.000000  2.000000  
29.144955 0.006347  0.093905  -0.017228  0.991419  0.117859  -0.056548  -0.116463  0.992817  0.027404  0.059372  -0.020583  0.998024  -0.000054  -0.000289  -0.000201  0.000000  0.000000  0.000000  2.000000  
29.145955 0.006348  0.093906  -0.017228  0.991419  0.117859  -0.056548  -0.116463  0.992817  0.027404  0.059372  -0.020583  0.998024  0.000009  -0.000213  -0.000208  0.000000  0.000000  0.000000  2.000000  
29.147200 0.006348  0.093906  -0.017228  0.991411  0.117862  -0.056681  -0.116462  0.992817  0.027419  0.059505  -0.020582  0.998016  0.000039  -0.000183  -0.000185  0.000000  0.000000  0.000000  2.000000  
29.148460 0.006348  0.093906  -0.017229  0.991411  0.117862  -0.056681  -0.116462  0.992817  0.027419  0.059505  -0.020582  0.998016  0.000021  -0.000137  -0.000205  0.000000  0.000000  0.000000  2.000000  
29.149464 0.006348  0.093906  -0.017229  0.991411  0.117862  -0.056681  -0.116462  0.992817  0.027419  0.059505  -0.020582  0.998016  0.000073  -0.000059  -0.000174  0.000000  0.000000  0.000000  2.000000  
29.150699 0.006348  0.093907  -0.017229  0.991411  0.117862  -0.056681  -0.116462  0.992817  0.027419  0.059505  -0.020582  0.998016  0.000093  -0.000008  -0.000160  0.000000  0.000000  0.000000  2.000000  
