1-Time 2-Px 3-Py 4-Pz 5-R11 6-R21 7-R31 8-R12 9-R22 10-R32 11-R13 12-R23 13-R33 14-Vx 15-Vy 16-Vz 17-Wx 18-Wy 19-Wz 20-state 21-PR11 22-PR21 23-PR31 24-PR12 25-PR22 26-PR32 27-PR13 28-PR23 29-PR33 
87.705581 0.007171  0.092259  -0.008232  0.996435  0.084366  0.000576  -0.084307  0.995430  0.044855  0.003211  -0.044743  0.998993  0.000543  0.000635  0.000714  0.000000  0.000000  0.000000  2.000000  
87.706587 0.007171  0.092259  -0.008231  0.996435  0.084360  0.000709  -0.084307  0.995430  0.044844  0.003077  -0.044743  0.998994  0.000543  0.000635  0.000713  0.000000  0.000000  0.000000  2.000000  
87.707836 0.007172  0.092259  -0.008230  0.996400  0.084769  0.000738  -0.084717  0.995390  0.044964  0.003077  -0.044865  0.998988  0.000613  0.000584  0.000729  0.000000  0.000000  0.000000  2.000000  
87.709085 0.007174  0.092258  -0.008229  0.996348  0.085378  0.000909  -0.085332  0.995333  0.045073  0.002944  -0.044986  0.998983  0.000670  0.000456  0.000745  0.000000  0.000000  0.000000  2.000000  
87.710340 0.007176  0.092256  -0.008229  0.996331  0.085577  0.001072  -0.085537  0.995304  0.045303  0.002810  -0.045228  0.998973  0.000770  0.000271  0.000708  0.000000  0.000000  0.000000  2.000000  
87.711582 0.007179  0.092253  -0.008229  0.996296  0.085986  0.001112  -0.085948  0.995258  0.045544  0.002810  -0.045471  0.998962  0.000880  0.000061  0.000683  0.000000  0.000000  0.000000  2.000000  
87.712585 0.007181  0.092252  -0.008227  0.996260  0.086396  0.001151  -0.086358  0.995212  0.045785  0.002810  -0.045713  0.998951  0.001010  -0.000040  0.000707  0.000000  0.000000  0.000000  2.000000  
87.713832 0.007184  0.092251  -0.008226  0.996206  0.087016  0.001068  -0.086973  0.995146  0.046037  0.002944  -0.045955  0.998939  0.001170  -0.000248  0.000721  0.000000  0.000000  0.000000  2.000000  
87.714838 0.007186  0.092249  -0.008225  0.996152  0.087637  0.000974  -0.087588  0.995086  0.046169  0.003077  -0.046076  0.998933  0.001244  -0.000426  0.000756  0.000000  0.000000  0.000000  2.000000  
87.716084 0.007189  0.092247  -0.008224  0.996062  0.088655  0.001176  -0.088614  0.994985  0.046397  0.002944  -0.046319  0.998922  0.001417  -0.000581  0.000773  0.000000  0.000000  0.000000  2.000000  
87.717087 0.007191  0.092246  -0.008223  0.996007  0.089269  0.001215  -0.089229  0.994924  0.046517  0.002944  -0.046440  0.998917  0.001533  -0.000672  0.000792  0.000000  0.000000  0.000000  2.000000  
87.718355 0.007195  0.092246  -0.008221  0.995914  0.090293  0.001274  -0.090254  0.994826  0.046637  0.002944  -0.046561  0.998911  0.001705  -0.000808  0.000845  0.082089  -0.043758  0.171072  2.000000  
87.719589 0.007199  0.092245  -0.008217  0.995821  0.091311  0.001466  -0.091279  0.994728  0.046744  0.002810  -0.046682  0.998906  0.001905  -0.000899  0.001012  0.086298  -0.049844  0.205473  2.000000  
87.720839 0.007203  0.092245  -0.008213  0.995727  0.092334  0.001537  -0.092304  0.994622  0.046983  0.002810  -0.046925  0.998894  0.002138  -0.000984  0.001208  0.090476  -0.046968  0.240223  2.000000  
87.722088 0.007207  0.092244  -0.008210  0.995612  0.093569  0.001473  -0.093534  0.994501  0.047115  0.002944  -0.047046  0.998888  0.002387  -0.001074  0.001369  0.094739  -0.044705  0.288816  2.000000  
87.723341 0.007211  0.092242  -0.008206  0.995495  0.094803  0.001421  -0.094764  0.994372  0.047367  0.003077  -0.047288  0.998877  0.002547  -0.001130  0.001595  0.098970  -0.042164  0.330447  2.000000  
87.724585 0.007215  0.092239  -0.008202  0.995397  0.095826  0.001493  -0.095788  0.994263  0.047606  0.003077  -0.047530  0.998865  0.002709  -0.001187  0.001823  0.107229  -0.039307  0.365240  2.000000  
87.725835 0.007219  0.092235  -0.008198  0.995278  0.097054  0.001587  -0.097018  0.994126  0.047966  0.003077  -0.047894  0.998848  0.002833  -0.001293  0.002075  0.119624  -0.041609  0.413616  2.000000  
87.727084 0.007224  0.092231  -0.008194  0.995137  0.098486  0.001692  -0.098452  0.993968  0.048326  0.003077  -0.048257  0.998830  0.002947  -0.001477  0.002328  0.127944  -0.039474  0.462313  2.000000  
87.728337 0.007229  0.092225  -0.008190  0.995015  0.099713  0.001788  -0.099681  0.993828  0.048685  0.003077  -0.048621  0.998813  0.003114  -0.001720  0.002492  0.139242  -0.041174  0.499933  2.000000  
87.729584 0.007233  0.092219  -0.008187  0.994870  0.101144  0.001895  -0.101115  0.993665  0.049044  0.003077  -0.048984  0.998795  0.003222  -0.002021  0.002617  0.152616  -0.039341  0.552177  2.000000  
87.730585 0.007236  0.092213  -0.008185  0.994765  0.102173  0.001837  -0.102139  0.993548  0.049297  0.003211  -0.049226  0.998782  0.003268  -0.002354  0.002652  0.156894  -0.036904  0.593943  2.000000  
87.731831 0.007241  0.092206  -0.008182  0.994638  0.103399  0.001936  -0.103368  0.993403  0.049656  0.003211  -0.049590  0.998765  0.003331  -0.002761  0.002755  0.169357  -0.034504  0.636133  2.000000  
87.733084 0.007246  0.092198  -0.008180  0.994466  0.105034  0.002069  -0.105006  0.993207  0.050135  0.003211  -0.050074  0.998740  0.003452  -0.003230  0.002774  0.185733  -0.037257  0.691000  2.000000  
87.734334 0.007251  0.092191  -0.008177  0.994315  0.106458  0.002313  -0.106439  0.993037  0.050479  0.003077  -0.050438  0.998722  0.003529  -0.003661  0.002715  0.198000  -0.040005  0.746122  2.000000  
87.735340 0.007254  0.092184  -0.008174  0.994204  0.107480  0.002391  -0.107462  0.992915  0.050717  0.003077  -0.050680  0.998710  0.003565  -0.004043  0.002703  0.202172  -0.041789  0.780620  2.000000  
87.736352 0.007258  0.092179  -0.008171  0.994093  0.108501  0.002469  -0.108485  0.992791  0.050956  0.003077  -0.050922  0.998698  0.003580  -0.004421  0.002709  0.210329  -0.039038  0.815197  2.000000  
87.737588 0.007263  0.092172  -0.008167  0.993959  0.109727  0.002559  -0.109713  0.992644  0.051193  0.003077  -0.051165  0.998685  0.003609  -0.004812  0.002737  0.214585  -0.040533  0.843203  2.000000  
87.738835 0.007267  0.092165  -0.008162  0.993822  0.110952  0.002662  -0.110941  0.992489  0.051551  0.003077  -0.051528  0.998667  0.003644  -0.005144  0.002810  0.222757  -0.037250  0.864194  2.000000  
87.740083 0.007271  0.092157  -0.008157  0.993684  0.112177  0.002753  -0.112169  0.992339  0.051789  0.003077  -0.051770  0.998654  0.003618  -0.005385  0.002834  0.220960  -0.034360  0.891539  2.000000  
87.741084 0.007273  0.092150  -0.008154  0.993568  0.113198  0.002834  -0.113191  0.992210  0.052027  0.003077  -0.052013  0.998642  0.003550  -0.005636  0.002894  0.222919  -0.036220  0.926759  2.000000  
87.742085 0.007275  0.092143  -0.008149  0.993475  0.114014  0.002904  -0.114009  0.992104  0.052265  0.003077  -0.052255  0.998629  0.003427  -0.005856  0.002968  0.227016  -0.036727  0.933662  2.000000  
87.743340 0.007278  0.092134  -0.008145  0.993357  0.115034  0.003000  -0.115032  0.991967  0.052623  0.003077  -0.052618  0.998610  0.003277  -0.006089  0.003062  0.231116  -0.042169  0.946924  2.000000  
87.744586 0.007280  0.092125  -0.008141  0.993238  0.116054  0.003082  -0.116054  0.991835  0.052860  0.003077  -0.052861  0.998597  0.003138  -0.006282  0.003077  0.231285  -0.047587  0.960773  2.000000  
87.745834 0.007282  0.092114  -0.008137  0.993118  0.117081  0.003047  -0.117077  0.991695  0.053234  0.003211  -0.053224  0.998577  0.002957  -0.006483  0.003148  0.235345  -0.038892  0.961138  2.000000  
87.747083 0.007284  0.092104  -0.008134  0.992997  0.118101  0.003130  -0.118099  0.991561  0.053471  0.003211  -0.053466  0.998564  0.002796  -0.006645  0.003228  0.237505  -0.039433  0.966977  2.000000  
87.748083 0.007286  0.092096  -0.008131  0.992924  0.118713  0.003192  -0.118712  0.991475  0.053710  0.003211  -0.053708  0.998551  0.002673  -0.006822  0.003247  0.243683  -0.039271  0.961848  2.000000  
87.749086 0.007287  0.092087  -0.008130  0.992850  0.119324  0.003254  -0.119325  0.991388  0.053948  0.003211  -0.053951  0.998538  0.002478  -0.007021  0.003218  0.245465  -0.034636  0.953396  2.000000  
87.750341 0.007289  0.092076  -0.008129  0.992751  0.120140  0.003328  -0.120143  0.991277  0.054186  0.003211  -0.054193  0.998525  0.002260  -0.007298  0.003037  0.251494  -0.034393  0.947314  2.000000  
87.751584 0.007291  0.092064  -0.008129  0.992652  0.120955  0.003402  -0.120961  0.991164  0.054424  0.003211  -0.054435  0.998512  0.002158  -0.007554  0.002804  0.249508  -0.038450  0.932586  2.000000  
87.752590 0.007293  0.092055  -0.008128  0.992577  0.121567  0.003465  -0.121574  0.991076  0.054662  0.003211  -0.054677  0.998499  0.001983  -0.007829  0.002612  0.255555  -0.037878  0.919454  2.000000  
87.753834 0.007295  0.092044  -0.008127  0.992502  0.122178  0.003528  -0.122187  0.990988  0.054900  0.003211  -0.054920  0.998486  0.001860  -0.008085  0.002321  0.253522  -0.041894  0.904902  2.000000  
87.754835 0.007297  0.092034  -0.008127  0.992452  0.122585  0.003566  -0.122595  0.990931  0.055019  0.003211  -0.055041  0.998479  0.001769  -0.008325  0.002092  0.249455  -0.041357  0.891256  2.000000  
87.756084 0.007300  0.092023  -0.008126  0.992401  0.122993  0.003618  -0.123004  0.990867  0.055258  0.003211  -0.055283  0.998466  0.001753  -0.008515  0.001779  0.247445  -0.039849  0.857613  2.000000  
87.757085 0.007301  0.092014  -0.008125  0.992350  0.123400  0.003656  -0.123412  0.990809  0.055376  0.003211  -0.055404  0.998459  0.001667  -0.008641  0.001589  0.243187  -0.038910  0.836469  2.000000  
87.758086 0.007303  0.092004  -0.008124  0.992299  0.123808  0.003694  -0.123821  0.990752  0.055495  0.003211  -0.055525  0.998452  0.001664  -0.008818  0.001378  0.234966  -0.038032  0.815718  2.000000  
87.759334 0.007305  0.091993  -0.008123  0.992248  0.124215  0.003747  -0.124230  0.990687  0.055734  0.003211  -0.055767  0.998439  0.001679  -0.008964  0.001224  0.232926  -0.036475  0.781512  2.000000  
87.760339 0.007307  0.091983  -0.008122  0.992223  0.124418  0.003773  -0.124434  0.990655  0.055853  0.003211  -0.055888  0.998432  0.001708  -0.009029  0.001070  0.226633  -0.039639  0.753153  2.000000  
87.761339 0.007308  0.091974  -0.008121  0.992197  0.124622  0.003800  -0.124638  0.990622  0.055973  0.003211  -0.056010  0.998425  0.001740  -0.009074  0.000988  0.218370  -0.038357  0.725432  2.000000  
87.762346 0.007311  0.091966  -0.008120  0.992197  0.124621  0.003815  -0.124638  0.990615  0.056093  0.003211  -0.056131  0.998418  0.001798  -0.009099  0.000868  0.214111  -0.036281  0.683811  2.000000  
87.763589 0.007314  0.091956  -0.008118  0.992171  0.124824  0.003857  -0.124842  0.990576  0.056332  0.003211  -0.056373  0.998405  0.001851  -0.009061  0.000816  0.209980  -0.034289  0.642593  2.000000  
87.764836 0.007318  0.091945  -0.008118  0.992146  0.125028  0.003884  -0.125047  0.990544  0.056452  0.003211  -0.056494  0.998398  0.001971  -0.008988  0.000808  0.201684  -0.027736  0.601457  2.000000  
87.766087 0.007321  0.091935  -0.008118  0.992146  0.125027  0.003914  -0.125047  0.990530  0.056692  0.003211  -0.056736  0.998384  0.002095  -0.008928  0.000746  0.199892  -0.025804  0.562164  2.000000  
87.767336 0.007325  0.091924  -0.008119  0.992146  0.125026  0.003944  -0.125047  0.990516  0.056932  0.003211  -0.056978  0.998370  0.002206  -0.008887  0.000646  0.195719  -0.023748  0.521037  2.000000  
87.768584 0.007329  0.091914  -0.008119  0.992146  0.125018  0.004092  -0.125047  0.990510  0.057036  0.003077  -0.057100  0.998364  0.002301  -0.008799  0.000526  0.191511  -0.026062  0.479668  2.000000  
87.769588 0.007333  0.091905  -0.008120  0.992146  0.125017  0.004122  -0.125047  0.990496  0.057276  0.003077  -0.057342  0.998350  0.002428  -0.008751  0.000438  0.188878  -0.024158  0.442141  2.000000  
87.770838 0.007338  0.091895  -0.008121  0.992146  0.125016  0.004137  -0.125047  0.990489  0.057396  0.003077  -0.057463  0.998343  0.002586  -0.008688  0.000322  0.184684  -0.021967  0.400708  2.000000  
87.772085 0.007343  0.091883  -0.008123  0.992172  0.124811  0.004156  -0.124842  0.990501  0.057637  0.003077  -0.057705  0.998329  0.002820  -0.008696  0.000142  0.180541  -0.019810  0.359370  2.000000  
87.773336 0.007347  0.091872  -0.008125  0.992172  0.124803  0.004304  -0.124842  0.990495  0.057741  0.002944  -0.057826  0.998322  0.002986  -0.008633  -0.000070  0.174873  -0.022646  0.328688  2.000000  
87.774340 0.007352  0.091863  -0.008127  0.992198  0.124599  0.004307  -0.124638  0.990514  0.057862  0.002944  -0.057947  0.998315  0.003148  -0.008629  -0.000269  0.172092  -0.020590  0.289904  2.000000  
87.775585 0.007357  0.091852  -0.008128  0.992198  0.124598  0.004337  -0.124638  0.990500  0.058102  0.002944  -0.058189  0.998301  0.003386  -0.008576  -0.000461  0.167952  -0.023244  0.255140  2.000000  
87.776587 0.007362  0.091843  -0.008129  0.992224  0.124393  0.004340  -0.124434  0.990518  0.058223  0.002944  -0.058311  0.998294  0.003539  -0.008616  -0.000568  0.163756  -0.021355  0.220573  2.000000  
87.777836 0.007368  0.091832  -0.008130  0.992249  0.124189  0.004343  -0.124230  0.990537  0.058344  0.002944  -0.058432  0.998287  0.003701  -0.008697  -0.000803  0.159565  -0.019454  0.186018  2.000000  
87.779087 0.007374  0.091822  -0.008131  0.992249  0.124188  0.004358  -0.124230  0.990530  0.058464  0.002944  -0.058553  0.998280  0.003915  -0.008639  -0.000924  0.000000  0.000000  0.000000  2.000000  
87.780333 0.007380  0.091812  -0.008132  0.992275  0.123984  0.004361  -0.124025  0.990548  0.058585  0.002944  -0.058674  0.998273  0.004067  -0.008609  -0.000953  0.000000  0.000000  0.000000  2.000000  
87.781580 0.007386  0.091803  -0.008133  0.992300  0.123779  0.004364  -0.123821  0.990566  0.058707  0.002944  -0.058795  0.998266  0.004198  -0.008541  -0.000997  0.000000  0.000000  0.000000  2.000000  
87.782580 0.007391  0.091795  -0.008133  0.992326  0.123575  0.004367  -0.123617  0.990585  0.058828  0.002944  -0.058916  0.998259  0.004316  -0.008467  -0.001005  0.000000  0.000000  0.000000  2.000000  
87.783582 0.007395  0.091788  -0.008134  0.992326  0.123566  0.004515  -0.123617  0.990579  0.058931  0.002810  -0.059037  0.998252  0.004390  -0.008418  -0.000999  0.000000  0.000000  0.000000  2.000000  
87.784582 0.007400  0.091780  -0.008135  0.992351  0.123362  0.004518  -0.123413  0.990597  0.059052  0.002810  -0.059158  0.998245  0.004457  -0.008346  -0.001004  0.000000  0.000000  0.000000  2.000000  
87.785588 0.007405  0.091772  -0.008136  0.992351  0.123361  0.004532  -0.123413  0.990590  0.059172  0.002810  -0.059279  0.998237  0.004537  -0.008302  -0.000994  0.000000  0.000000  0.000000  2.000000  
87.786589 0.007408  0.091765  -0.008137  0.992377  0.123157  0.004535  -0.123208  0.990608  0.059294  0.002810  -0.059400  0.998230  0.004515  -0.008191  -0.000932  0.000000  0.000000  0.000000  2.000000  
87.787836 0.007414  0.091755  -0.008138  0.992402  0.122952  0.004538  -0.123004  0.990626  0.059415  0.002810  -0.059521  0.998223  0.004551  -0.008063  -0.000921  0.000000  0.000000  0.000000  2.000000  
87.788837 0.007418  0.091747  -0.008138  0.992402  0.122952  0.004553  -0.123004  0.990619  0.059535  0.002810  -0.059642  0.998216  0.004548  -0.008005  -0.000839  0.000000  0.000000  0.000000  2.000000  
87.790084 0.007424  0.091738  -0.008140  0.992428  0.122747  0.004555  -0.122800  0.990637  0.059656  0.002810  -0.059764  0.998209  0.004587  -0.007903  -0.000824  0.000000  0.000000  0.000000  2.000000  
87.791084 0.007428  0.091730  -0.008140  0.992428  0.122747  0.004570  -0.122800  0.990630  0.059776  0.002810  -0.059885  0.998201  0.004544  -0.007848  -0.000773  0.000000  0.000000  0.000000  2.000000  
87.792085 0.007432  0.091721  -0.008141  0.992428  0.122738  0.004718  -0.122800  0.990623  0.059880  0.002676  -0.060006  0.998194  0.004510  -0.007849  -0.000797  0.000000  0.000000  0.000000  2.000000  
87.793342 0.007437  0.091710  -0.008141  0.992428  0.122738  0.004733  -0.122800  0.990616  0.060000  0.002676  -0.060127  0.998187  0.004441  -0.007877  -0.000718  0.000000  0.000000  0.000000  2.000000  
87.794352 0.007441  0.091702  -0.008141  0.992453  0.122533  0.004750  -0.122595  0.990627  0.060241  0.002676  -0.060369  0.998173  0.004370  -0.007856  -0.000668  0.000000  0.000000  0.000000  2.000000  
87.795581 0.007445  0.091691  -0.008141  0.992453  0.122532  0.004765  -0.122595  0.990619  0.060361  0.002676  -0.060490  0.998165  0.004264  -0.007990  -0.000624  0.000000  0.000000  0.000000  2.000000  
87.796586 0.007449  0.091683  -0.008140  0.992453  0.122531  0.004780  -0.122595  0.990612  0.060482  0.002676  -0.060611  0.998158  0.004185  -0.008027  -0.000469  0.000000  0.000000  0.000000  2.000000  
87.797620 0.007452  0.091674  -0.008139  0.992453  0.122531  0.004795  -0.122595  0.990605  0.060602  0.002676  -0.060732  0.998151  0.004101  -0.008048  -0.000334  0.000000  0.000000  0.000000  2.000000  
87.798835 0.007457  0.091664  -0.008137  0.992453  0.122530  0.004810  -0.122595  0.990597  0.060722  0.002676  -0.060853  0.998143  0.003988  -0.008152  -0.000140  0.000000  0.000000  0.000000  2.000000  
87.800085 0.007461  0.091653  -0.008134  0.992453  0.122530  0.004824  -0.122595  0.990590  0.060842  0.002676  -0.060974  0.998136  0.003895  -0.008229  0.000113  0.000000  0.000000  0.000000  2.000000  
87.801086 0.007464  0.091645  -0.008131  0.992453  0.122529  0.004839  -0.122595  0.990583  0.060962  0.002676  -0.061095  0.998128  0.003839  -0.008257  0.000334  0.000000  0.000000  0.000000  2.000000  
87.802103 0.007467  0.091637  -0.008128  0.992453  0.122528  0.004854  -0.122595  0.990575  0.061082  0.002676  -0.061216  0.998121  0.003722  -0.008295  0.000602  0.000000  0.000000  0.000000  2.000000  
87.803106 0.007470  0.091629  -0.008125  0.992453  0.122528  0.004869  -0.122595  0.990568  0.061203  0.002676  -0.061338  0.998113  0.003620  -0.008277  0.000899  0.000000  0.000000  0.000000  2.000000  
87.804341 0.007473  0.091619  -0.008121  0.992453  0.122527  0.004884  -0.122595  0.990560  0.061323  0.002676  -0.061459  0.998106  0.003493  -0.008329  0.001224  0.000000  0.000000  0.000000  2.000000  
87.805585 0.007477  0.091609  -0.008116  0.992453  0.122527  0.004899  -0.122595  0.990553  0.061443  0.002676  -0.061580  0.998099  0.003373  -0.008311  0.001585  0.000000  0.000000  0.000000  2.000000  
87.806587 0.007479  0.091601  -0.008112  0.992453  0.122526  0.004914  -0.122595  0.990545  0.061563  0.002676  -0.061701  0.998091  0.003296  -0.008285  0.001951  0.000000  0.000000  0.000000  2.000000  
87.807835 0.007482  0.091590  -0.008107  0.992428  0.122729  0.004941  -0.122800  0.990513  0.061682  0.002676  -0.061822  0.998084  0.003187  -0.008290  0.002310  0.000000  0.000000  0.000000  2.000000  
87.808843 0.007485  0.091582  -0.008102  0.992428  0.122729  0.004956  -0.122800  0.990505  0.061802  0.002676  -0.061943  0.998076  0.003085  -0.008262  0.002594  0.000000  0.000000  0.000000  2.000000  
87.810086 0.007488  0.091571  -0.008097  0.992428  0.122728  0.004986  -0.122800  0.990490  0.062043  0.002676  -0.062185  0.998061  0.002987  -0.008281  0.002934  0.000000  0.000000  0.000000  2.000000  
87.811339 0.007491  0.091560  -0.008092  0.992428  0.122727  0.005001  -0.122800  0.990483  0.062163  0.002676  -0.062306  0.998054  0.002859  -0.008329  0.003255  0.000000  0.000000  0.000000  2.000000  
87.812583 0.007493  0.091549  -0.008085  0.992428  0.122735  0.004883  -0.122800  0.990474  0.062299  0.002810  -0.062427  0.998046  0.002727  -0.008365  0.003571  0.000000  0.000000  0.000000  2.000000  
87.813831 0.007496  0.091538  -0.008079  0.992428  0.122734  0.004898  -0.122800  0.990467  0.062419  0.002810  -0.062548  0.998038  0.002626  -0.008424  0.003823  0.000000  0.000000  0.000000  2.000000  
87.814831 0.007498  0.091528  -0.008074  0.992428  0.122734  0.004913  -0.122800  0.990459  0.062540  0.002810  -0.062669  0.998030  0.002535  -0.008497  0.004052  0.000000  0.000000  0.000000  2.000000  
87.815836 0.007501  0.091519  -0.008069  0.992428  0.122733  0.004928  -0.122800  0.990451  0.062660  0.002810  -0.062790  0.998023  0.002499  -0.008532  0.004217  0.000000  0.000000  0.000000  2.000000  
87.817081 0.007504  0.091507  -0.008063  0.992428  0.122732  0.004943  -0.122800  0.990444  0.062780  0.002810  -0.062911  0.998015  0.002466  -0.008665  0.004377  0.000000  0.000000  0.000000  2.000000  
87.818081 0.007506  0.091498  -0.008057  0.992428  0.122732  0.004943  -0.122800  0.990444  0.062780  0.002810  -0.062911  0.998015  0.002401  -0.008730  0.004521  0.000000  0.000000  0.000000  2.000000  
87.819086 0.007508  0.091489  -0.008052  0.992428  0.122732  0.004957  -0.122800  0.990436  0.062900  0.002810  -0.063032  0.998008  0.002373  -0.008780  0.004669  0.000000  0.000000  0.000000  2.000000  
87.820338 0.007511  0.091478  -0.008045  0.992428  0.122731  0.004972  -0.122800  0.990429  0.063020  0.002810  -0.063153  0.998000  0.002358  -0.008841  0.004807  0.000000  0.000000  0.000000  2.000000  
87.821339 0.007514  0.091470  -0.008040  0.992427  0.122740  0.004840  -0.122800  0.990428  0.063036  0.002944  -0.063153  0.997999  0.002356  -0.008870  0.004875  0.000000  0.000000  0.000000  2.000000  
87.822585 0.007517  0.091459  -0.008033  0.992427  0.122740  0.004840  -0.122800  0.990428  0.063036  0.002944  -0.063153  0.997999  0.002364  -0.008877  0.005020  0.000000  0.000000  0.000000  2.000000  
87.823590 0.007520  0.091451  -0.008027  0.992427  0.122739  0.004855  -0.122800  0.990420  0.063157  0.002944  -0.063274  0.997992  0.002347  -0.008900  0.005091  0.000000  0.000000  0.000000  2.000000  
87.824837 0.007522  0.091441  -0.008021  0.992427  0.122739  0.004855  -0.122800  0.990420  0.063157  0.002944  -0.063274  0.997992  0.002356  -0.008842  0.005149  0.000000  0.000000  0.000000  2.000000  
87.826085 0.007525  0.091430  -0.008014  0.992427  0.122739  0.004855  -0.122800  0.990420  0.063157  0.002944  -0.063274  0.997992  0.002361  -0.008812  0.005233  0.000000  0.000000  0.000000  2.000000  
87.827086 0.007527  0.091422  -0.008009  0.992427  0.122739  0.004855  -0.122800  0.990420  0.063157  0.002944  -0.063274  0.997992  0.002329  -0.008757  0.005248  0.000000  0.000000  0.000000  2.000000  
87.828335 0.007530  0.091411  -0.008003  0.992427  0.122739  0.004855  -0.122800  0.990420  0.063157  0.002944  -0.063274  0.997992  0.002325  -0.008712  0.005202  0.000000  0.000000  0.000000  2.000000  
87.829583 0.007532  0.091401  -0.007997  0.992427  0.122747  0.004722  -0.122800  0.990419  0.063173  0.003077  -0.063274  0.997991  0.002289  -0.008647  0.005215  0.000000  0.000000  0.000000  2.000000  
87.830584 0.007534  0.091392  -0.007993  0.992427  0.122747  0.004722  -0.122800  0.990419  0.063173  0.003077  -0.063274  0.997991  0.002280  -0.008588  0.005141  0.000000  0.000000  0.000000  2.000000  
87.831834 0.007537  0.091382  -0.007988  0.992427  0.122747  0.004737  -0.122800  0.990411  0.063293  0.003077  -0.063395  0.997984  0.002243  -0.008485  0.005099  0.000000  0.000000  0.000000  2.000000  
87.832836 0.007539  0.091374  -0.007984  0.992427  0.122747  0.004737  -0.122800  0.990411  0.063293  0.003077  -0.063395  0.997984  0.002255  -0.008421  0.004960  0.000000  0.000000  0.000000  2.000000  
87.834092 0.007541  0.091364  -0.007979  0.992427  0.122747  0.004737  -0.122800  0.990411  0.063293  0.003077  -0.063395  0.997984  0.002215  -0.008359  0.004828  0.000000  0.000000  0.000000  2.000000  
87.835335 0.007544  0.091354  -0.007975  0.992427  0.122747  0.004722  -0.122800  0.990419  0.063173  0.003077  -0.063274  0.997991  0.002178  -0.008304  0.004714  0.000000  0.000000  0.000000  2.000000  
87.836350 0.007545  0.091346  -0.007972  0.992427  0.122747  0.004722  -0.122800  0.990419  0.063173  0.003077  -0.063274  0.997991  0.002077  -0.008300  0.004523  0.000000  0.000000  0.000000  2.000000  
87.837588 0.007548  0.091336  -0.007967  0.992426  0.122756  0.004590  -0.122800  0.990418  0.063189  0.003211  -0.063274  0.997991  0.002051  -0.008247  0.004357  0.000000  0.000000  0.000000  2.000000  
87.838599 0.007550  0.091328  -0.007964  0.992426  0.122756  0.004590  -0.122800  0.990418  0.063189  0.003211  -0.063274  0.997991  0.002009  -0.008178  0.004221  0.000000  0.000000  0.000000  2.000000  
87.839834 0.007552  0.091319  -0.007960  0.992426  0.122756  0.004575  -0.122800  0.990425  0.063069  0.003211  -0.063153  0.997999  0.001950  -0.008138  0.004053  0.000000  0.000000  0.000000  2.000000  
87.841086 0.007553  0.091309  -0.007956  0.992426  0.122756  0.004575  -0.122800  0.990425  0.063069  0.003211  -0.063153  0.997999  0.001864  -0.008071  0.003861  0.000000  0.000000  0.000000  2.000000  
87.842334 0.007556  0.091301  -0.007953  0.992426  0.122756  0.004575  -0.122800  0.990425  0.063069  0.003211  -0.063153  0.997999  0.001848  -0.007914  0.003713  0.000000  0.000000  0.000000  2.000000  
87.843339 0.007557  0.091294  -0.007950  0.992426  0.122757  0.004560  -0.122800  0.990433  0.062949  0.003211  -0.063032  0.998006  0.001806  -0.007855  0.003551  0.000000  0.000000  0.000000  2.000000  
87.844583 0.007559  0.091285  -0.007946  0.992426  0.122757  0.004560  -0.122800  0.990433  0.062949  0.003211  -0.063032  0.998006  0.001727  -0.007713  0.003423  0.000000  0.000000  0.000000  2.000000  
87.845585 0.007560  0.091278  -0.007942  0.992426  0.122757  0.004545  -0.122800  0.990441  0.062829  0.003211  -0.062911  0.998014  0.001706  -0.007610  0.003376  0.000000  0.000000  0.000000  2.000000  
87.846585 0.007561  0.091272  -0.007939  0.992426  0.122757  0.004545  -0.122800  0.990441  0.062829  0.003211  -0.062911  0.998014  0.001660  -0.007490  0.003293  0.000000  0.000000  0.000000  2.000000  
87.847588 0.007563  0.091266  -0.007936  0.992426  0.122757  0.004545  -0.122800  0.990441  0.062829  0.003211  -0.062911  0.998014  0.001647  -0.007334  0.003262  0.000000  0.000000  0.000000  2.000000  
87.848833 0.007565  0.091258  -0.007932  0.992426  0.122758  0.004530  -0.122800  0.990448  0.062709  0.003211  -0.062790  0.998022  0.001586  -0.007163  0.003191  0.000000  0.000000  0.000000  2.000000  
87.850080 0.007566  0.091251  -0.007929  0.992426  0.122758  0.004515  -0.122800  0.990456  0.062589  0.003211  -0.062669  0.998029  0.001542  -0.006991  0.003117  0.000000  0.000000  0.000000  2.000000  
87.851081 0.007568  0.091245  -0.007926  0.992426  0.122758  0.004515  -0.122800  0.990456  0.062589  0.003211  -0.062669  0.998029  0.001499  -0.006869  0.003066  0.000000  0.000000  0.000000  2.000000  
87.852104 0.007569  0.091239  -0.007923  0.992426  0.122758  0.004515  -0.122800  0.990456  0.062589  0.003211  -0.062669  0.998029  0.001452  -0.006690  0.003066  0.000000  0.000000  0.000000  2.000000  
87.853347 0.007571  0.091232  -0.007920  0.992426  0.122759  0.004500  -0.122800  0.990464  0.062469  0.003211  -0.062548  0.998037  0.001414  -0.006550  0.002971  0.000000  0.000000  0.000000  2.000000  
87.854585 0.007572  0.091225  -0.007917  0.992426  0.122760  0.004485  -0.122800  0.990471  0.062348  0.003211  -0.062427  0.998044  0.001391  -0.006360  0.002957  0.000000  0.000000  0.000000  2.000000  
87.855585 0.007573  0.091220  -0.007914  0.992426  0.122760  0.004485  -0.122800  0.990471  0.062348  0.003211  -0.062427  0.998044  0.001322  -0.006234  0.002949  0.000000  0.000000  0.000000  2.000000  
87.856587 0.007574  0.091215  -0.007911  0.992452  0.122556  0.004473  -0.122595  0.990496  0.062349  0.003211  -0.062427  0.998044  0.001340  -0.006052  0.002938  0.000000  0.000000  0.000000  2.000000  
87.857834 0.007576  0.091208  -0.007908  0.992452  0.122556  0.004458  -0.122595  0.990504  0.062229  0.003211  -0.062306  0.998052  0.001301  -0.005903  0.002870  0.000000  0.000000  0.000000  2.000000  
87.858838 0.007576  0.091204  -0.007905  0.992452  0.122548  0.004590  -0.122595  0.990505  0.062213  0.003077  -0.062306  0.998052  0.001234  -0.005748  0.002813  0.000000  0.000000  0.000000  2.000000  
87.860085 0.007577  0.091198  -0.007902  0.992452  0.122548  0.004590  -0.122595  0.990505  0.062213  0.003077  -0.062306  0.998052  0.001187  -0.005562  0.002844  0.000000  0.000000  0.000000  2.000000  
87.861339 0.007578  0.091192  -0.007899  0.992452  0.122548  0.004590  -0.122595  0.990505  0.062213  0.003077  -0.062306  0.998052  0.001142  -0.005397  0.002767  0.000000  0.000000  0.000000  2.000000  
87.862369 0.007579  0.091189  -0.007896  0.992452  0.122548  0.004575  -0.122595  0.990512  0.062093  0.003077  -0.062185  0.998060  0.001070  -0.005220  0.002702  0.000000  0.000000  0.000000  2.000000  
87.863583 0.007580  0.091183  -0.007893  0.992452  0.122548  0.004575  -0.122595  0.990512  0.062093  0.003077  -0.062185  0.998060  0.001015  -0.005065  0.002667  0.000000  0.000000  0.000000  2.000000  
87.864586 0.007580  0.091180  -0.007890  0.992452  0.122548  0.004575  -0.122595  0.990512  0.062093  0.003077  -0.062185  0.998060  0.000971  -0.004888  0.002674  0.000000  0.000000  0.000000  2.000000  
87.865836 0.007581  0.091175  -0.007887  0.992452  0.122549  0.004561  -0.122595  0.990520  0.061973  0.003077  -0.062064  0.998067  0.000883  -0.004702  0.002673  0.000000  0.000000  0.000000  2.000000  
87.867081 0.007581  0.091171  -0.007883  0.992452  0.122549  0.004561  -0.122595  0.990520  0.061973  0.003077  -0.062064  0.998067  0.000810  -0.004525  0.002663  0.000000  0.000000  0.000000  2.000000  
87.868081 0.007581  0.091168  -0.007880  0.992452  0.122549  0.004561  -0.122595  0.990520  0.061973  0.003077  -0.062064  0.998067  0.000762  -0.004334  0.002689  0.000000  0.000000  0.000000  2.000000  
87.869089 0.007582  0.091165  -0.007878  0.992452  0.122549  0.004561  -0.122595  0.990520  0.061973  0.003077  -0.062064  0.998067  0.000718  -0.004125  0.002650  0.000000  0.000000  0.000000  2.000000  
87.870343 0.007582  0.091161  -0.007875  0.992452  0.122549  0.004561  -0.122595  0.990520  0.061973  0.003077  -0.062064  0.998067  0.000630  -0.003936  0.002647  0.000000  0.000000  0.000000  2.000000  
87.871590 0.007582  0.091158  -0.007872  0.992452  0.122549  0.004561  -0.122595  0.990520  0.061973  0.003077  -0.062064  0.998067  0.000533  -0.003725  0.002636  0.000000  0.000000  0.000000  2.000000  
87.872834 0.007582  0.091155  -0.007869  0.992452  0.122549  0.004561  -0.122595  0.990520  0.061973  0.003077  -0.062064  0.998067  0.000433  -0.003583  0.002601  0.000000  0.000000  0.000000  2.000000  
87.873835 0.007582  0.091153  -0.007867  0.992427  0.122753  0.004573  -0.122800  0.990495  0.061972  0.003077  -0.062064  0.998067  0.000412  -0.003406  0.002560  0.000000  0.000000  0.000000  2.000000  
87.875086 0.007582  0.091149  -0.007865  0.992426  0.122761  0.004441  -0.122800  0.990494  0.061988  0.003211  -0.062064  0.998067  0.000299  -0.003237  0.002478  0.000000  0.000000  0.000000  2.000000  
87.876349 0.007582  0.091146  -0.007862  0.992426  0.122761  0.004441  -0.122800  0.990494  0.061988  0.003211  -0.062064  0.998067  0.000246  -0.003080  0.002412  0.000000  0.000000  0.000000  2.000000  
87.877586 0.007582  0.091143  -0.007860  0.992426  0.122761  0.004441  -0.122800  0.990494  0.061988  0.003211  -0.062064  0.998067  0.000140  -0.002934  0.002360  0.000000  0.000000  0.000000  2.000000  
87.878837 0.007582  0.091140  -0.007858  0.992426  0.122761  0.004441  -0.122800  0.990494  0.061988  0.003211  -0.062064  0.998067  0.000121  -0.002833  0.002298  0.000000  0.000000  0.000000  2.000000  
87.880082 0.007581  0.091137  -0.007856  0.992426  0.122761  0.004441  -0.122800  0.990494  0.061988  0.003211  -0.062064  0.998067  0.000051  -0.002710  0.002177  0.000000  0.000000  0.000000  2.000000  
87.881082 0.007581  0.091135  -0.007855  0.992426  0.122761  0.004441  -0.122800  0.990494  0.061988  0.003211  -0.062064  0.998067  -0.000011  -0.002616  0.002070  0.000000  0.000000  0.000000  2.000000  
87.882335 0.007580  0.091133  -0.007853  0.992401  0.122965  0.004454  -0.123004  0.990468  0.061987  0.003211  -0.062064  0.998067  -0.000072  -0.002521  0.001962  0.000000  0.000000  0.000000  2.000000  
87.883342 0.007580  0.091131  -0.007851  0.992401  0.122965  0.004468  -0.123004  0.990461  0.062107  0.003211  -0.062185  0.998059  -0.000144  -0.002441  0.001874  0.000000  0.000000  0.000000  2.000000  
87.884583 0.007579  0.091129  -0.007850  0.992401  0.122965  0.004468  -0.123004  0.990461  0.062107  0.003211  -0.062185  0.998059  -0.000195  -0.002333  0.001746  0.000000  0.000000  0.000000  2.000000  
87.885588 0.007579  0.091127  -0.007849  0.992401  0.122965  0.004468  -0.123004  0.990461  0.062107  0.003211  -0.062185  0.998059  -0.000260  -0.002276  0.001666  0.000000  0.000000  0.000000  2.000000  
87.886836 0.007578  0.091125  -0.007848  0.992401  0.122965  0.004468  -0.123004  0.990461  0.062107  0.003211  -0.062185  0.998059  -0.000309  -0.002168  0.001540  0.000000  0.000000  0.000000  2.000000  
87.888085 0.007577  0.091124  -0.007847  0.992401  0.122965  0.004468  -0.123004  0.990461  0.062107  0.003211  -0.062185  0.998059  -0.000340  -0.002050  0.001455  0.000000  0.000000  0.000000  2.000000  
87.889337 0.007576  0.091122  -0.007846  0.992401  0.122965  0.004468  -0.123004  0.990461  0.062107  0.003211  -0.062185  0.998059  -0.000409  -0.001928  0.001335  0.000000  0.000000  0.000000  2.000000  
87.890348 0.007575  0.091120  -0.007846  0.992376  0.123168  0.004481  -0.123208  0.990436  0.062106  0.003211  -0.062185  0.998059  -0.000465  -0.001866  0.001210  0.000000  0.000000  0.000000  2.000000  
87.891588 0.007574  0.091118  -0.007846  0.992376  0.123168  0.004481  -0.123208  0.990436  0.062106  0.003211  -0.062185  0.998059  -0.000546  -0.001802  0.001044  0.000000  0.000000  0.000000  2.000000  
87.892847 0.007573  0.091117  -0.007846  0.992376  0.123168  0.004481  -0.123208  0.990436  0.062106  0.003211  -0.062185  0.998059  -0.000635  -0.001711  0.000866  0.000000  0.000000  0.000000  2.000000  
87.894083 0.007571  0.091115  -0.007846  0.992376  0.123168  0.004481  -0.123208  0.990436  0.062106  0.003211  -0.062185  0.998059  -0.000669  -0.001640  0.000766  0.000000  0.000000  0.000000  2.000000  
87.895084 0.007570  0.091114  -0.007847  0.992376  0.123168  0.004496  -0.123208  0.990428  0.062226  0.003211  -0.062306  0.998052  -0.000756  -0.001581  0.000565  0.000000  0.000000  0.000000  2.000000  
87.896346 0.007568  0.091112  -0.007848  0.992350  0.123372  0.004509  -0.123412  0.990403  0.062226  0.003211  -0.062306  0.998052  -0.000814  -0.001463  0.000408  0.000000  0.000000  0.000000  2.000000  
87.897584 0.007567  0.091111  -0.007849  0.992350  0.123372  0.004509  -0.123412  0.990403  0.062226  0.003211  -0.062306  0.998052  -0.000913  -0.001431  0.000185  0.000000  0.000000  0.000000  2.000000  
87.898587 0.007565  0.091110  -0.007850  0.992350  0.123372  0.004509  -0.123412  0.990403  0.062226  0.003211  -0.062306  0.998052  -0.000953  -0.001364  0.000050  0.000000  0.000000  0.000000  2.000000  
87.899834 0.007563  0.091108  -0.007852  0.992350  0.123372  0.004509  -0.123412  0.990403  0.062226  0.003211  -0.062306  0.998052  -0.001065  -0.001327  -0.000138  0.000000  0.000000  0.000000  2.000000  
87.900834 0.007562  0.091108  -0.007853  0.992350  0.123372  0.004509  -0.123412  0.990403  0.062226  0.003211  -0.062306  0.998052  -0.001123  -0.001288  -0.000244  0.000000  0.000000  0.000000  2.000000  
87.902087 0.007560  0.091107  -0.007854  0.992325  0.123576  0.004522  -0.123617  0.990377  0.062225  0.003211  -0.062306  0.998052  -0.001173  -0.001200  -0.000476  0.000000  0.000000  0.000000  2.000000  
87.903342 0.007559  0.091106  -0.007856  0.992325  0.123576  0.004522  -0.123617  0.990377  0.062225  0.003211  -0.062306  0.998052  -0.001213  -0.001133  -0.000611  0.000000  0.000000  0.000000  2.000000  
87.904585 0.007556  0.091106  -0.007857  0.992325  0.123576  0.004522  -0.123617  0.990377  0.062225  0.003211  -0.062306  0.998052  -0.001316  -0.001039  -0.000753  0.000000  0.000000  0.000000  2.000000  
87.905586 0.007555  0.091105  -0.007858  0.992325  0.123576  0.004522  -0.123617  0.990377  0.062225  0.003211  -0.062306  0.998052  -0.001330  -0.000967  -0.000821  0.000000  0.000000  0.000000  2.000000  
87.906833 0.007554  0.091105  -0.007860  0.992325  0.123576  0.004522  -0.123617  0.990377  0.062225  0.003211  -0.062306  0.998052  -0.001339  -0.000910  -0.000930  0.000000  0.000000  0.000000  2.000000  
87.907835 0.007552  0.091104  -0.007861  0.992325  0.123576  0.004522  -0.123617  0.990377  0.062225  0.003211  -0.062306  0.998052  -0.001352  -0.000839  -0.000997  0.000000  0.000000  0.000000  2.000000  
87.909084 0.007551  0.091103  -0.007863  0.992299  0.123780  0.004535  -0.123821  0.990352  0.062224  0.003211  -0.062306  0.998052  -0.001343  -0.000757  -0.001096  0.000000  0.000000  0.000000  2.000000  
87.910085 0.007550  0.091103  -0.007864  0.992299  0.123780  0.004535  -0.123821  0.990352  0.062224  0.003211  -0.062306  0.998052  -0.001316  -0.000682  -0.001132  0.000000  0.000000  0.000000  2.000000  
87.911338 0.007549  0.091103  -0.007865  0.992299  0.123780  0.004535  -0.123821  0.990352  0.062224  0.003211  -0.062306  0.998052  -0.001290  -0.000650  -0.001159  0.000000  0.000000  0.000000  2.000000  
87.912583 0.007548  0.091102  -0.007867  0.992299  0.123780  0.004535  -0.123821  0.990352  0.062224  0.003211  -0.062306  0.998052  -0.001254  -0.000601  -0.001184  0.000000  0.000000  0.000000  2.000000  
87.913589 0.007547  0.091102  -0.007868  0.992299  0.123780  0.004535  -0.123821  0.990352  0.062224  0.003211  -0.062306  0.998052  -0.001176  -0.000507  -0.001187  0.000000  0.000000  0.000000  2.000000  
87.914838 0.007546  0.091101  -0.007869  0.992299  0.123780  0.004535  -0.123821  0.990352  0.062224  0.003211  -0.062306  0.998052  -0.001132  -0.000483  -0.001202  0.000000  0.000000  0.000000  2.000000  
87.915840 0.007546  0.091101  -0.007870  0.992325  0.123576  0.004522  -0.123617  0.990377  0.062225  0.003211  -0.062306  0.998052  -0.001047  -0.000458  -0.001185  0.000000  0.000000  0.000000  2.000000  
87.916842 0.007546  0.091101  -0.007871  0.992325  0.123567  0.004654  -0.123617  0.990378  0.062208  0.003077  -0.062306  0.998052  -0.000944  -0.000401  -0.001112  0.000000  0.000000  0.000000  2.000000  
87.918088 0.007546  0.091101  -0.007872  0.992325  0.123567  0.004654  -0.123617  0.990378  0.062208  0.003077  -0.062306  0.998052  -0.000846  -0.000379  -0.001132  0.000000  0.000000  0.000000  2.000000  
87.919090 0.007546  0.091101  -0.007873  0.992325  0.123567  0.004654  -0.123617  0.990378  0.062208  0.003077  -0.062306  0.998052  -0.000721  -0.000351  -0.001084  0.000000  0.000000  0.000000  2.000000  
87.920340 0.007547  0.091100  -0.007873  0.992325  0.123567  0.004654  -0.123617  0.990378  0.062208  0.003077  -0.062306  0.998052  -0.000596  -0.000324  -0.001035  0.000000  0.000000  0.000000  2.000000  
87.921340 0.007547  0.091100  -0.007873  0.992325  0.123567  0.004654  -0.123617  0.990378  0.062208  0.003077  -0.062306  0.998052  -0.000529  -0.000286  -0.000932  0.000000  0.000000  0.000000  2.000000  
87.922352 0.007547  0.091100  -0.007874  0.992325  0.123567  0.004654  -0.123617  0.990378  0.062208  0.003077  -0.062306  0.998052  -0.000412  -0.000262  -0.000898  0.000000  0.000000  0.000000  2.000000  
87.923587 0.007547  0.091101  -0.007874  0.992351  0.123364  0.004642  -0.123412  0.990404  0.062209  0.003077  -0.062306  0.998052  -0.000282  -0.000200  -0.000758  0.000000  0.000000  0.000000  2.000000  
87.924838 0.007548  0.091101  -0.007873  0.992351  0.123364  0.004642  -0.123412  0.990404  0.062209  0.003077  -0.062306  0.998052  -0.000151  -0.000136  -0.000617  0.000000  0.000000  0.000000  2.000000  
87.925839 0.007548  0.091102  -0.007873  0.992351  0.123364  0.004642  -0.123412  0.990404  0.062209  0.003077  -0.062306  0.998052  -0.000061  -0.000075  -0.000507  0.000000  0.000000  0.000000  2.000000  
