1-Time 2-Px 3-Py 4-Pz 5-R11 6-R21 7-R31 8-R12 9-R22 10-R32 11-R13 12-R23 13-R33 14-Vx 15-Vy 16-Vz 17-Wx 18-Wy 19-Wz 20-state 21-PR11 22-PR21 23-PR31 24-PR12 25-PR22 26-PR32 27-PR13 28-PR23 29-PR33 
129.418224 0.000429  0.087537  -0.002073  0.995505  0.088997  0.032408  -0.089804  0.995662  0.024354  -0.030100  -0.027155  0.999178  0.000273  0.000023  -0.000096  0.000000  0.000000  0.000000  2.000000  
129.419230 0.000430  0.087537  -0.002073  0.995505  0.088997  0.032408  -0.089804  0.995662  0.024354  -0.030100  -0.027155  0.999178  0.000290  0.000053  -0.000044  0.000000  0.000000  0.000000  2.000000  
129.420480 0.000429  0.087534  -0.002075  0.995463  0.089403  0.032551  -0.090213  0.995625  0.024329  -0.030234  -0.027155  0.999174  0.000220  -0.000153  -0.000144  0.000000  0.000000  0.000000  2.000000  
129.421483 0.000428  0.087531  -0.002075  0.995422  0.089805  0.032705  -0.090623  0.995586  0.024424  -0.030368  -0.027276  0.999167  0.000173  -0.000353  -0.000180  0.000000  0.000000  0.000000  2.000000  
129.422732 0.000428  0.087527  -0.002076  0.995377  0.090204  0.032993  -0.091032  0.995546  0.024507  -0.030635  -0.027397  0.999155  0.000108  -0.000625  -0.000214  0.000000  0.000000  0.000000  2.000000  
129.423977 0.000427  0.087523  -0.002076  0.995335  0.090606  0.033147  -0.091441  0.995507  0.024602  -0.030769  -0.027518  0.999148  0.000049  -0.000922  -0.000237  0.000000  0.000000  0.000000  2.000000  
129.424980 0.000426  0.087519  -0.002076  0.995297  0.091012  0.033168  -0.091851  0.995466  0.024709  -0.030769  -0.027639  0.999144  -0.000019  -0.001136  -0.000197  0.000000  0.000000  0.000000  2.000000  
129.426227 0.000425  0.087516  -0.002076  0.995240  0.091623  0.033194  -0.092466  0.995407  0.024809  -0.030769  -0.027760  0.999141  -0.000074  -0.001356  -0.000190  0.000000  0.000000  0.000000  2.000000  
129.427480 0.000424  0.087512  -0.002076  0.995183  0.092234  0.033221  -0.093080  0.995347  0.024909  -0.030769  -0.027881  0.999138  -0.000166  -0.001619  -0.000159  0.000000  0.000000  0.000000  2.000000  
129.428725 0.000424  0.087509  -0.002076  0.995106  0.093049  0.033253  -0.093900  0.995268  0.025003  -0.030769  -0.028003  0.999134  -0.000214  -0.001863  -0.000141  0.000000  0.000000  0.000000  2.000000  
129.429726 0.000424  0.087506  -0.002076  0.995044  0.093656  0.033413  -0.094514  0.995207  0.025090  -0.030903  -0.028124  0.999127  -0.000247  -0.002067  -0.000210  0.000000  0.000000  0.000000  2.000000  
129.430729 0.000425  0.087504  -0.002075  0.994977  0.094259  0.033706  -0.095128  0.995147  0.025165  -0.031170  -0.028245  0.999115  -0.000222  -0.002205  -0.000111  0.039336  -0.045408  0.178592  2.000000  
129.431973 0.000426  0.087501  -0.002073  0.994890  0.095071  0.033992  -0.095946  0.995070  0.025111  -0.031438  -0.028244  0.999107  -0.000229  -0.002414  0.000022  0.038470  -0.055171  0.206032  2.000000  
129.432975 0.000425  0.087498  -0.002072  0.994806  0.095883  0.034158  -0.096765  0.994988  0.025191  -0.031571  -0.028366  0.999099  -0.000273  -0.002623  0.000125  0.041325  -0.055491  0.231769  2.000000  
129.433978 0.000425  0.087494  -0.002070  0.994738  0.096490  0.034439  -0.097379  0.994930  0.025144  -0.031839  -0.028365  0.999090  -0.000315  -0.002934  0.000209  0.040985  -0.065501  0.254129  2.000000  
129.435223 0.000424  0.087488  -0.002069  0.994657  0.097309  0.034460  -0.098198  0.994850  0.025116  -0.031839  -0.028365  0.999090  -0.000348  -0.003157  0.000371  0.040131  -0.066271  0.281800  2.000000  
129.436230 0.000424  0.087482  -0.002067  0.994572  0.098120  0.034626  -0.099016  0.994767  0.025195  -0.031972  -0.028486  0.999083  -0.000305  -0.003343  0.000540  0.043326  -0.071544  0.309296  2.000000  
129.437479 0.000424  0.087475  -0.002065  0.994506  0.098731  0.034774  -0.099630  0.994706  0.025160  -0.032106  -0.028486  0.999078  -0.000263  -0.003496  0.000746  0.042653  -0.076602  0.329859  2.000000  
129.438727 0.000424  0.087467  -0.002063  0.994395  0.099743  0.035078  -0.100653  0.994602  0.025218  -0.032374  -0.028607  0.999066  -0.000226  -0.003740  0.000876  0.041537  -0.086609  0.364227  2.000000  
129.439728 0.000425  0.087460  -0.002062  0.994328  0.100349  0.035239  -0.101267  0.994537  0.025303  -0.032507  -0.028728  0.999059  -0.000083  -0.003988  0.000919  0.044937  -0.091700  0.384815  2.000000  
129.440978 0.000427  0.087451  -0.002062  0.994215  0.101361  0.035543  -0.102289  0.994431  0.025360  -0.032775  -0.028849  0.999046  0.000139  -0.004362  0.000966  0.047873  -0.101678  0.419116  2.000000  
129.442235 0.000430  0.087443  -0.002061  0.994121  0.102167  0.035842  -0.103107  0.994345  0.025424  -0.033042  -0.028970  0.999034  0.000383  -0.004697  0.000976  0.051003  -0.111431  0.446360  2.000000  
129.443480 0.000433  0.087434  -0.002062  0.994023  0.102970  0.036275  -0.103924  0.994259  0.025473  -0.033443  -0.029091  0.999017  0.000572  -0.005065  0.000903  0.054125  -0.125751  0.473755  2.000000  
129.444725 0.000436  0.087425  -0.002063  0.993949  0.103572  0.036569  -0.104537  0.994193  0.025544  -0.033711  -0.029212  0.999005  0.000775  -0.005438  0.000860  0.057484  -0.135375  0.494312  2.000000  
129.445978 0.000439  0.087416  -0.002064  0.993854  0.104379  0.036868  -0.105355  0.994105  0.025606  -0.033978  -0.029333  0.998992  0.000973  -0.005930  0.000716  0.060603  -0.145164  0.521661  2.000000  
129.447228 0.000442  0.087405  -0.002065  0.993758  0.105189  0.037155  -0.106172  0.994020  0.025547  -0.034246  -0.029332  0.998983  0.001124  -0.006435  0.000509  0.055567  -0.154970  0.549060  2.000000  
129.448473 0.000444  0.087395  -0.002066  0.993683  0.105791  0.037450  -0.106785  0.993952  0.025616  -0.034513  -0.029453  0.998970  0.001264  -0.006774  0.000337  0.058444  -0.163309  0.565130  2.000000  
129.449475 0.000446  0.087386  -0.002066  0.993630  0.106192  0.037726  -0.107193  0.993909  0.025572  -0.034781  -0.029453  0.998961  0.001425  -0.007046  0.000222  0.057908  -0.172576  0.578454  2.000000  
129.450476 0.000448  0.087378  -0.002067  0.993576  0.106598  0.037989  -0.107601  0.993869  0.025407  -0.035048  -0.029332  0.998955  0.001647  -0.007285  0.000104  0.053745  -0.176992  0.578310  2.000000  
129.451480 0.000450  0.087370  -0.002066  0.993518  0.106996  0.038398  -0.108009  0.993827  0.025348  -0.035449  -0.029331  0.998941  0.001822  -0.007462  -0.000027  0.049542  -0.185933  0.578007  2.000000  
129.452733 0.000453  0.087358  -0.002066  0.993464  0.107397  0.038675  -0.108417  0.993783  0.025303  -0.035717  -0.029331  0.998931  0.002002  -0.007704  -0.000091  0.045942  -0.187291  0.575798  2.000000  
129.453735 0.000455  0.087350  -0.002066  0.993409  0.107803  0.038938  -0.108825  0.993743  0.025138  -0.035984  -0.029209  0.998925  0.002093  -0.007857  -0.000225  0.037436  -0.191953  0.582493  2.000000  
129.454977 0.000457  0.087339  -0.002066  0.993355  0.108205  0.039214  -0.109233  0.993699  0.025093  -0.036251  -0.029209  0.998916  0.002127  -0.007981  -0.000239  0.033017  -0.199380  0.577598  2.000000  
129.455977 0.000459  0.087330  -0.002066  0.993323  0.108401  0.039485  -0.109436  0.993678  0.025055  -0.036519  -0.029209  0.998906  0.002123  -0.008101  -0.000282  0.029601  -0.209666  0.568290  2.000000  
129.457228 0.000461  0.087318  -0.002067  0.993273  0.108807  0.039628  -0.109845  0.993634  0.025024  -0.036653  -0.029209  0.998901  0.002054  -0.008308  -0.000380  0.025721  -0.214012  0.561272  2.000000  
129.458486 0.000463  0.087307  -0.002068  0.993240  0.109003  0.039899  -0.110048  0.993612  0.024987  -0.036920  -0.029208  0.998891  0.001989  -0.008458  -0.000371  0.022260  -0.222345  0.540017  2.000000  
129.459727 0.000465  0.087296  -0.002069  0.993208  0.109205  0.040156  -0.110251  0.993594  0.024828  -0.037187  -0.029087  0.998885  0.001917  -0.008615  -0.000397  0.014676  -0.221822  0.519446  2.000000  
129.460976 0.000466  0.087283  -0.002071  0.993175  0.109402  0.040427  -0.110455  0.993572  0.024791  -0.037455  -0.029087  0.998875  0.001793  -0.008824  -0.000515  0.011171  -0.221246  0.498660  2.000000  
129.462228 0.000466  0.087269  -0.002075  0.993137  0.109600  0.040817  -0.110658  0.993554  0.024617  -0.037856  -0.028965  0.998863  0.001573  -0.009075  -0.000680  0.007646  -0.225113  0.477794  2.000000  
129.463482 0.000465  0.087254  -0.002080  0.993104  0.109797  0.041088  -0.110861  0.993532  0.024579  -0.038123  -0.028965  0.998853  0.001343  -0.009360  -0.000914  0.004197  -0.229010  0.456849  2.000000  
129.464725 0.000464  0.087240  -0.002084  0.993066  0.109995  0.041478  -0.111064  0.993514  0.024406  -0.038524  -0.028843  0.998841  0.001131  -0.009570  -0.001148  0.000721  -0.235495  0.432411  2.000000  
129.465728 0.000463  0.087229  -0.002087  0.993038  0.110200  0.041602  -0.111267  0.993494  0.024262  -0.038658  -0.028722  0.998840  0.000950  -0.009735  -0.001390  -0.002676  -0.236850  0.415307  2.000000  
129.466973 0.000462  0.087216  -0.002092  0.993005  0.110397  0.041873  -0.111471  0.993472  0.024223  -0.038926  -0.028722  0.998829  0.000753  -0.009889  -0.001738  -0.006295  -0.238984  0.398018  2.000000  
129.467978 0.000462  0.087206  -0.002096  0.992995  0.110395  0.042125  -0.111470  0.993476  0.024073  -0.039193  -0.028600  0.998822  0.000560  -0.010005  -0.002002  -0.013727  -0.242833  0.377286  2.000000  
129.469231 0.000460  0.087194  -0.002101  0.992989  0.110391  0.042258  -0.111469  0.993477  0.024058  -0.039327  -0.028600  0.998817  0.000257  -0.010150  -0.002432  -0.016592  -0.241874  0.342992  2.000000  
129.470484 0.000459  0.087181  -0.002106  0.992956  0.110593  0.042515  -0.111672  0.993458  0.023899  -0.039594  -0.028479  0.998810  0.000001  -0.010238  -0.002710  -0.023995  -0.238542  0.318245  2.000000  
129.471727 0.000458  0.087169  -0.002110  0.992922  0.110795  0.042772  -0.111875  0.993439  0.023740  -0.039861  -0.028357  0.998803  -0.000159  -0.010265  -0.002930  -0.031473  -0.236218  0.301956  2.000000  
129.472730 0.000456  0.087159  -0.002114  0.992912  0.110788  0.043038  -0.111874  0.993439  0.023710  -0.040129  -0.028357  0.998792  -0.000385  -0.010367  -0.003133  -0.034624  -0.237204  0.269886  2.000000  
129.473977 0.000455  0.087146  -0.002118  0.992906  0.110789  0.043157  -0.111874  0.993443  0.023575  -0.040263  -0.028236  0.998790  -0.000598  -0.010406  -0.003301  -0.042066  -0.232110  0.249274  2.000000  
129.475227 0.000453  0.087134  -0.002121  0.992873  0.110991  0.043414  -0.112077  0.993424  0.023415  -0.040530  -0.028114  0.998783  -0.000872  -0.010455  -0.003468  -0.049367  -0.229820  0.233526  2.000000  
129.476230 0.000451  0.087124  -0.002124  0.992867  0.110993  0.043534  -0.112076  0.993427  0.023280  -0.040664  -0.027993  0.998781  -0.001021  -0.010424  -0.003506  -0.052870  -0.226433  0.207964  2.000000  
129.477481 0.000448  0.087111  -0.002129  0.992862  0.110995  0.043653  -0.112076  0.993430  0.023144  -0.040797  -0.027871  0.998779  -0.001150  -0.010318  -0.003545  -0.060269  -0.221277  0.187299  2.000000  
129.478725 0.000446  0.087098  -0.002135  0.992833  0.111201  0.043777  -0.112279  0.993410  0.023000  -0.040931  -0.027750  0.998777  -0.001267  -0.010224  -0.003620  -0.063874  -0.216419  0.173653  2.000000  
129.479726 0.000444  0.087088  -0.002139  0.992828  0.111197  0.043910  -0.112279  0.993411  0.022985  -0.041065  -0.027750  0.998771  -0.001325  -0.010155  -0.003684  -0.059080  -0.209973  0.165508  2.000000  
129.480973 0.000442  0.087075  -0.002144  0.992794  0.111399  0.044167  -0.112482  0.993392  0.022825  -0.041332  -0.027629  0.998763  -0.001391  -0.010107  -0.003706  -0.062647  -0.209581  0.151816  2.000000  
129.481975 0.000441  0.087066  -0.002149  0.992788  0.111396  0.044299  -0.112481  0.993392  0.022810  -0.041466  -0.027628  0.998758  -0.001414  -0.010066  -0.003823  -0.062163  -0.200283  0.138366  2.000000  
129.483228 0.000440  0.087054  -0.002155  0.992783  0.111398  0.044419  -0.112481  0.993395  0.022675  -0.041599  -0.027507  0.998756  -0.001402  -0.009925  -0.003891  -0.061659  -0.195412  0.124801  2.000000  
129.484479 0.000440  0.087043  -0.002162  0.992748  0.111595  0.044689  -0.112684  0.993373  0.022635  -0.041867  -0.027507  0.998744  -0.001311  -0.009843  -0.003972  -0.061154  -0.195010  0.111083  2.000000  
129.485725 0.000440  0.087032  -0.002168  0.992743  0.111591  0.044822  -0.112683  0.993373  0.022620  -0.042000  -0.027507  0.998739  -0.001225  -0.009781  -0.004097  -0.060912  -0.190369  0.104360  2.000000  
129.486730 0.000440  0.087023  -0.002173  0.992743  0.111591  0.044822  -0.112683  0.993373  0.022620  -0.042000  -0.027507  0.998739  -0.001173  -0.009653  -0.004176  -0.061155  -0.182745  0.098561  2.000000  
129.487736 0.000440  0.087015  -0.002178  0.992714  0.111792  0.044959  -0.112887  0.993351  0.022596  -0.042134  -0.027506  0.998733  -0.001081  -0.009563  -0.004254  -0.061159  -0.182715  0.098544  2.000000  
129.488977 0.000440  0.087004  -0.002183  0.992708  0.111788  0.045092  -0.112886  0.993351  0.022581  -0.042268  -0.027506  0.998728  -0.000983  -0.009464  -0.004380  -0.056369  -0.181055  0.090913  2.000000  
129.490228 0.000440  0.086993  -0.002188  0.992697  0.111781  0.045357  -0.112885  0.993352  0.022551  -0.042535  -0.027506  0.998716  -0.000855  -0.009386  -0.004433  -0.056320  -0.177683  0.077975  2.000000  
129.491477 0.000441  0.086982  -0.002193  0.992668  0.111987  0.045481  -0.113089  0.993332  0.022406  -0.042669  -0.027385  0.998714  -0.000635  -0.009255  -0.004507  0.000000  0.000000  0.000000  2.000000  
129.492477 0.000441  0.086974  -0.002195  0.992663  0.111984  0.045614  -0.113088  0.993333  0.022390  -0.042802  -0.027385  0.998708  -0.000510  -0.009158  -0.004415  0.000000  0.000000  0.000000  2.000000  
129.493479 0.000442  0.086966  -0.002198  0.992657  0.111980  0.045747  -0.113087  0.993333  0.022375  -0.042936  -0.027384  0.998702  -0.000266  -0.008928  -0.004281  0.000000  0.000000  0.000000  2.000000  
129.494479 0.000443  0.086959  -0.002201  0.992651  0.111976  0.045880  -0.113087  0.993333  0.022360  -0.043070  -0.027384  0.998697  -0.000085  -0.008754  -0.004174  0.000000  0.000000  0.000000  2.000000  
129.495723 0.000445  0.086950  -0.002203  0.992622  0.112177  0.046017  -0.113291  0.993311  0.022336  -0.043204  -0.027384  0.998691  0.000134  -0.008539  -0.003989  0.000000  0.000000  0.000000  2.000000  
129.496724 0.000447  0.086943  -0.002205  0.992622  0.112177  0.046017  -0.113291  0.993311  0.022336  -0.043204  -0.027384  0.998691  0.000367  -0.008340  -0.003802  0.000000  0.000000  0.000000  2.000000  
129.497726 0.000449  0.086937  -0.002207  0.992616  0.112174  0.046150  -0.113290  0.993311  0.022320  -0.043337  -0.027384  0.998685  0.000566  -0.008113  -0.003613  0.000000  0.000000  0.000000  2.000000  
129.498727 0.000452  0.086930  -0.002209  0.992593  0.112378  0.046154  -0.113494  0.993288  0.022311  -0.043337  -0.027384  0.998685  0.000751  -0.007957  -0.003445  0.000000  0.000000  0.000000  2.000000  
129.499973 0.000455  0.086923  -0.002212  0.992587  0.112374  0.046287  -0.113494  0.993289  0.022296  -0.043471  -0.027384  0.998679  0.000967  -0.007694  -0.003154  0.000000  0.000000  0.000000  2.000000  
129.500975 0.000458  0.086917  -0.002214  0.992581  0.112371  0.046420  -0.113493  0.993289  0.022281  -0.043605  -0.027384  0.998674  0.001162  -0.007538  -0.002944  0.000000  0.000000  0.000000  2.000000  
129.501978 0.000460  0.086911  -0.002216  0.992576  0.112362  0.046566  -0.113492  0.993287  0.022386  -0.043738  -0.027505  0.998664  0.001381  -0.007321  -0.002729  0.000000  0.000000  0.000000  2.000000  
129.502983 0.000463  0.086904  -0.002218  0.992546  0.112562  0.046703  -0.113696  0.993264  0.022361  -0.043872  -0.027504  0.998658  0.001490  -0.007228  -0.002614  0.000000  0.000000  0.000000  2.000000  
129.504228 0.000466  0.086896  -0.002221  0.992541  0.112559  0.046836  -0.113695  0.993264  0.022346  -0.044006  -0.027504  0.998653  0.001729  -0.007014  -0.002428  0.000000  0.000000  0.000000  2.000000  
129.505478 0.000469  0.086887  -0.002224  0.992535  0.112549  0.046983  -0.113695  0.993262  0.022451  -0.044139  -0.027625  0.998643  0.001917  -0.006865  -0.002310  0.000000  0.000000  0.000000  2.000000  
129.506485 0.000470  0.086880  -0.002227  0.992505  0.112750  0.047120  -0.113898  0.993239  0.022426  -0.044273  -0.027625  0.998637  0.002018  -0.006768  -0.002293  0.000000  0.000000  0.000000  2.000000  
129.507728 0.000473  0.086872  -0.002229  0.992500  0.112741  0.047266  -0.113898  0.993237  0.022532  -0.044407  -0.027746  0.998628  0.002155  -0.006617  -0.002174  0.000000  0.000000  0.000000  2.000000  
129.508729 0.000476  0.086866  -0.002231  0.992494  0.112737  0.047399  -0.113897  0.993237  0.022516  -0.044540  -0.027746  0.998622  0.002248  -0.006568  -0.002152  0.000000  0.000000  0.000000  2.000000  
129.509976 0.000480  0.086858  -0.002232  0.992494  0.112731  0.047413  -0.113897  0.993235  0.022637  -0.044540  -0.027867  0.998619  0.002389  -0.006442  -0.002023  0.000000  0.000000  0.000000  2.000000  
129.510977 0.000483  0.086852  -0.002233  0.992488  0.112728  0.047546  -0.113896  0.993235  0.022622  -0.044674  -0.027867  0.998613  0.002521  -0.006373  -0.001979  0.000000  0.000000  0.000000  2.000000  
129.512223 0.000486  0.086845  -0.002234  0.992458  0.112923  0.047697  -0.114100  0.993210  0.022717  -0.044808  -0.027988  0.998604  0.002567  -0.006315  -0.001864  0.000000  0.000000  0.000000  2.000000  
129.513226 0.000489  0.086839  -0.002235  0.992458  0.112923  0.047697  -0.114100  0.993210  0.022717  -0.044808  -0.027988  0.998604  0.002615  -0.006263  -0.001793  0.000000  0.000000  0.000000  2.000000  
129.514479 0.000493  0.086832  -0.002236  0.992452  0.112919  0.047829  -0.114099  0.993210  0.022702  -0.044941  -0.027988  0.998598  0.002600  -0.006246  -0.001673  0.000000  0.000000  0.000000  2.000000  
129.515723 0.000495  0.086825  -0.002237  0.992446  0.112909  0.047976  -0.114098  0.993208  0.022807  -0.045075  -0.028109  0.998588  0.002570  -0.006238  -0.001570  0.000000  0.000000  0.000000  2.000000  
129.516728 0.000498  0.086819  -0.002237  0.992446  0.112909  0.047976  -0.114098  0.993208  0.022807  -0.045075  -0.028109  0.998588  0.002555  -0.006221  -0.001446  0.000000  0.000000  0.000000  2.000000  
129.517973 0.000500  0.086811  -0.002238  0.992440  0.112906  0.048109  -0.114098  0.993208  0.022792  -0.045209  -0.028108  0.998582  0.002512  -0.006209  -0.001315  0.000000  0.000000  0.000000  2.000000  
129.518973 0.000502  0.086805  -0.002239  0.992440  0.112906  0.048109  -0.114098  0.993208  0.022792  -0.045209  -0.028108  0.998582  0.002419  -0.006190  -0.001216  0.000000  0.000000  0.000000  2.000000  
129.519981 0.000503  0.086798  -0.002239  0.992434  0.112902  0.048241  -0.114097  0.993208  0.022776  -0.045342  -0.028108  0.998576  0.002380  -0.006142  -0.001065  0.000000  0.000000  0.000000  2.000000  
129.521229 0.000505  0.086790  -0.002241  0.992428  0.112898  0.048374  -0.114096  0.993209  0.022761  -0.045476  -0.028108  0.998570  0.002309  -0.006153  -0.000959  0.000000  0.000000  0.000000  2.000000  
129.522485 0.000506  0.086782  -0.002242  0.992428  0.112892  0.048388  -0.114096  0.993206  0.022882  -0.045476  -0.028229  0.998567  0.002213  -0.006136  -0.000886  0.000000  0.000000  0.000000  2.000000  
129.523727 0.000508  0.086773  -0.002244  0.992422  0.112888  0.048520  -0.114096  0.993207  0.022866  -0.045610  -0.028229  0.998560  0.002104  -0.006184  -0.000897  0.000000  0.000000  0.000000  2.000000  
129.524727 0.000509  0.086766  -0.002246  0.992422  0.112883  0.048534  -0.114096  0.993204  0.022987  -0.045610  -0.028350  0.998557  0.001997  -0.006254  -0.000923  0.000000  0.000000  0.000000  2.000000  
129.525728 0.000510  0.086760  -0.002247  0.992422  0.112883  0.048534  -0.114096  0.993204  0.022987  -0.045610  -0.028350  0.998557  0.001871  -0.006296  -0.000928  0.000000  0.000000  0.000000  2.000000  
129.526977 0.000511  0.086751  -0.002249  0.992416  0.112873  0.048681  -0.114095  0.993201  0.023092  -0.045743  -0.028471  0.998547  0.001684  -0.006396  -0.001032  0.000000  0.000000  0.000000  2.000000  
129.528224 0.000512  0.086742  -0.002251  0.992416  0.112873  0.048681  -0.114095  0.993201  0.023092  -0.045743  -0.028471  0.998547  0.001553  -0.006463  -0.001060  0.000000  0.000000  0.000000  2.000000  
129.529480 0.000513  0.086733  -0.002253  0.992416  0.112873  0.048681  -0.114095  0.993201  0.023092  -0.045743  -0.028471  0.998547  0.001353  -0.006585  -0.001122  0.000000  0.000000  0.000000  2.000000  
129.530482 0.000513  0.086726  -0.002255  0.992416  0.112867  0.048694  -0.114095  0.993199  0.023212  -0.045743  -0.028592  0.998544  0.001182  -0.006704  -0.001188  0.000000  0.000000  0.000000  2.000000  
129.531723 0.000513  0.086717  -0.002256  0.992416  0.112867  0.048694  -0.114095  0.993199  0.023212  -0.045743  -0.028592  0.998544  0.001017  -0.006848  -0.001274  0.000000  0.000000  0.000000  2.000000  
129.532725 0.000513  0.086709  -0.002257  0.992416  0.112867  0.048694  -0.114095  0.993199  0.023212  -0.045743  -0.028592  0.998544  0.000865  -0.006901  -0.001311  0.000000  0.000000  0.000000  2.000000  
129.533728 0.000513  0.086702  -0.002258  0.992416  0.112867  0.048694  -0.114095  0.993199  0.023212  -0.045743  -0.028592  0.998544  0.000763  -0.006996  -0.001326  0.000000  0.000000  0.000000  2.000000  
129.534729 0.000513  0.086695  -0.002259  0.992416  0.112867  0.048694  -0.114095  0.993199  0.023212  -0.045743  -0.028592  0.998544  0.000664  -0.007024  -0.001297  0.000000  0.000000  0.000000  2.000000  
129.535978 0.000512  0.086686  -0.002260  0.992416  0.112873  0.048681  -0.114095  0.993201  0.023092  -0.045743  -0.028471  0.998547  0.000517  -0.007029  -0.001295  0.000000  0.000000  0.000000  2.000000  
129.537227 0.000512  0.086677  -0.002261  0.992416  0.112873  0.048681  -0.114095  0.993201  0.023092  -0.045743  -0.028471  0.998547  0.000376  -0.007073  -0.001253  0.000000  0.000000  0.000000  2.000000  
129.538228 0.000512  0.086671  -0.002262  0.992416  0.112873  0.048681  -0.114095  0.993201  0.023092  -0.045743  -0.028471  0.998547  0.000305  -0.007041  -0.001230  0.000000  0.000000  0.000000  2.000000  
129.539480 0.000511  0.086663  -0.002263  0.992422  0.112877  0.048548  -0.114096  0.993201  0.023107  -0.045610  -0.028471  0.998554  0.000189  -0.007030  -0.001194  0.000000  0.000000  0.000000  2.000000  
129.540728 0.000511  0.086654  -0.002265  0.992422  0.112877  0.048548  -0.114096  0.993201  0.023107  -0.045610  -0.028471  0.998554  0.000035  -0.007019  -0.001188  0.000000  0.000000  0.000000  2.000000  
129.541728 0.000511  0.086648  -0.002266  0.992422  0.112877  0.048548  -0.114096  0.993201  0.023107  -0.045610  -0.028471  0.998554  -0.000028  -0.006948  -0.001125  0.000000  0.000000  0.000000  2.000000  
129.542978 0.000510  0.086640  -0.002267  0.992422  0.112877  0.048548  -0.114096  0.993201  0.023107  -0.045610  -0.028471  0.998554  -0.000184  -0.006936  -0.001119  0.000000  0.000000  0.000000  2.000000  
129.544227 0.000509  0.086632  -0.002269  0.992422  0.112877  0.048548  -0.114096  0.993201  0.023107  -0.045610  -0.028471  0.998554  -0.000246  -0.006852  -0.001054  0.000000  0.000000  0.000000  2.000000  
129.545230 0.000508  0.086626  -0.002270  0.992422  0.112877  0.048548  -0.114096  0.993201  0.023107  -0.045610  -0.028471  0.998554  -0.000311  -0.006800  -0.001075  0.000000  0.000000  0.000000  2.000000  
129.546486 0.000507  0.086617  -0.002272  0.992422  0.112877  0.048548  -0.114096  0.993201  0.023107  -0.045610  -0.028471  0.998554  -0.000396  -0.006712  -0.001072  0.000000  0.000000  0.000000  2.000000  
129.547727 0.000506  0.086610  -0.002274  0.992428  0.112881  0.048415  -0.114096  0.993201  0.023123  -0.045476  -0.028471  0.998560  -0.000468  -0.006640  -0.001105  0.000000  0.000000  0.000000  2.000000  
129.548728 0.000506  0.086603  -0.002275  0.992428  0.112881  0.048415  -0.114096  0.993201  0.023123  -0.045476  -0.028471  0.998560  -0.000481  -0.006591  -0.001127  0.000000  0.000000  0.000000  2.000000  
129.549978 0.000504  0.086596  -0.002276  0.992428  0.112881  0.048415  -0.114096  0.993201  0.023123  -0.045476  -0.028471  0.998560  -0.000528  -0.006465  -0.001149  0.000000  0.000000  0.000000  2.000000  
129.551228 0.000504  0.086589  -0.002277  0.992428  0.112881  0.048415  -0.114096  0.993201  0.023123  -0.045476  -0.028471  0.998560  -0.000534  -0.006356  -0.001098  0.000000  0.000000  0.000000  2.000000  
129.552477 0.000504  0.086582  -0.002277  0.992428  0.112881  0.048415  -0.114096  0.993201  0.023123  -0.045476  -0.028471  0.998560  -0.000505  -0.006231  -0.001060  0.000000  0.000000  0.000000  2.000000  
129.553482 0.000504  0.086578  -0.002278  0.992428  0.112881  0.048415  -0.114096  0.993201  0.023123  -0.045476  -0.028471  0.998560  -0.000483  -0.006083  -0.001033  0.000000  0.000000  0.000000  2.000000  
129.554485 0.000504  0.086573  -0.002278  0.992405  0.113091  0.048406  -0.114301  0.993180  0.022992  -0.045476  -0.028350  0.998563  -0.000464  -0.005952  -0.000992  0.000000  0.000000  0.000000  2.000000  
129.555727 0.000504  0.086568  -0.002278  0.992405  0.113091  0.048406  -0.114301  0.993180  0.022992  -0.045476  -0.028350  0.998563  -0.000428  -0.005773  -0.000884  0.000000  0.000000  0.000000  2.000000  
129.556977 0.000504  0.086562  -0.002278  0.992405  0.113091  0.048406  -0.114301  0.993180  0.022992  -0.045476  -0.028350  0.998563  -0.000434  -0.005614  -0.000792  0.000000  0.000000  0.000000  2.000000  
129.558228 0.000504  0.086557  -0.002279  0.992405  0.113091  0.048406  -0.114301  0.993180  0.022992  -0.045476  -0.028350  0.998563  -0.000378  -0.005376  -0.000698  0.000000  0.000000  0.000000  2.000000  
129.559228 0.000504  0.086553  -0.002279  0.992405  0.113091  0.048406  -0.114301  0.993180  0.022992  -0.045476  -0.028350  0.998563  -0.000355  -0.005224  -0.000670  0.000000  0.000000  0.000000  2.000000  
129.560229 0.000503  0.086549  -0.002280  0.992405  0.113091  0.048406  -0.114301  0.993180  0.022992  -0.045476  -0.028350  0.998563  -0.000332  -0.005108  -0.000608  0.000000  0.000000  0.000000  2.000000  
129.561475 0.000503  0.086545  -0.002280  0.992405  0.113097  0.048392  -0.114301  0.993183  0.022872  -0.045476  -0.028229  0.998567  -0.000275  -0.004860  -0.000532  0.000000  0.000000  0.000000  2.000000  
129.562486 0.000503  0.086541  -0.002281  0.992405  0.113097  0.048392  -0.114301  0.993183  0.022872  -0.045476  -0.028229  0.998567  -0.000213  -0.004661  -0.000507  0.000000  0.000000  0.000000  2.000000  
129.563725 0.000503  0.086536  -0.002282  0.992375  0.113297  0.048530  -0.114504  0.993160  0.022846  -0.045610  -0.028229  0.998560  -0.000167  -0.004467  -0.000493  0.000000  0.000000  0.000000  2.000000  
129.564978 0.000503  0.086532  -0.002283  0.992375  0.113297  0.048530  -0.114504  0.993160  0.022846  -0.045610  -0.028229  0.998560  -0.000082  -0.004224  -0.000481  0.000000  0.000000  0.000000  2.000000  
129.565978 0.000503  0.086529  -0.002284  0.992375  0.113297  0.048530  -0.114504  0.993160  0.022846  -0.045610  -0.028229  0.998560  -0.000041  -0.004026  -0.000519  0.000000  0.000000  0.000000  2.000000  
129.567228 0.000504  0.086526  -0.002285  0.992375  0.113297  0.048530  -0.114504  0.993160  0.022846  -0.045610  -0.028229  0.998560  -0.000017  -0.003830  -0.000547  0.000000  0.000000  0.000000  2.000000  
129.568230 0.000504  0.086523  -0.002286  0.992375  0.113297  0.048530  -0.114504  0.993160  0.022846  -0.045610  -0.028229  0.998560  0.000015  -0.003699  -0.000572  0.000000  0.000000  0.000000  2.000000  
129.569232 0.000505  0.086521  -0.002286  0.992375  0.113292  0.048544  -0.114504  0.993157  0.022967  -0.045610  -0.028350  0.998557  0.000050  -0.003512  -0.000568  0.000000  0.000000  0.000000  2.000000  
129.570235 0.000505  0.086518  -0.002288  0.992352  0.113496  0.048548  -0.114709  0.993134  0.022957  -0.045610  -0.028350  0.998557  0.000083  -0.003397  -0.000659  0.000000  0.000000  0.000000  2.000000  
129.571481 0.000506  0.086516  -0.002289  0.992352  0.113496  0.048548  -0.114709  0.993134  0.022957  -0.045610  -0.028350  0.998557  0.000121  -0.003206  -0.000719  0.000000  0.000000  0.000000  2.000000  
129.572729 0.000505  0.086513  -0.002290  0.992352  0.113496  0.048548  -0.114709  0.993134  0.022957  -0.045610  -0.028350  0.998557  0.000088  -0.003085  -0.000775  0.000000  0.000000  0.000000  2.000000  
129.573978 0.000505  0.086511  -0.002291  0.992352  0.113496  0.048548  -0.114709  0.993134  0.022957  -0.045610  -0.028350  0.998557  0.000120  -0.002923  -0.000851  0.000000  0.000000  0.000000  2.000000  
129.575229 0.000505  0.086508  -0.002293  0.992358  0.113500  0.048416  -0.114709  0.993133  0.022972  -0.045476  -0.028350  0.998563  0.000106  -0.002731  -0.000909  0.000000  0.000000  0.000000  2.000000  
129.576477 0.000505  0.086506  -0.002295  0.992358  0.113506  0.048402  -0.114709  0.993136  0.022852  -0.045476  -0.028229  0.998567  0.000118  -0.002532  -0.000974  0.000000  0.000000  0.000000  2.000000  
129.577478 0.000505  0.086505  -0.002296  0.992358  0.113506  0.048402  -0.114709  0.993136  0.022852  -0.045476  -0.028229  0.998567  0.000097  -0.002420  -0.000992  0.000000  0.000000  0.000000  2.000000  
129.578478 0.000505  0.086504  -0.002297  0.992358  0.113506  0.048402  -0.114709  0.993136  0.022852  -0.045476  -0.028229  0.998567  0.000096  -0.002209  -0.001025  0.000000  0.000000  0.000000  2.000000  
129.579726 0.000504  0.086502  -0.002299  0.992334  0.113704  0.048420  -0.114914  0.993110  0.022962  -0.045476  -0.028350  0.998563  0.000088  -0.002039  -0.001073  0.000000  0.000000  0.000000  2.000000  
129.580973 0.000504  0.086501  -0.002301  0.992334  0.113704  0.048420  -0.114914  0.993110  0.022962  -0.045476  -0.028350  0.998563  0.000068  -0.001890  -0.001142  0.000000  0.000000  0.000000  2.000000  
129.581981 0.000505  0.086500  -0.002303  0.992334  0.113704  0.048420  -0.114914  0.993110  0.022962  -0.045476  -0.028350  0.998563  0.000055  -0.001726  -0.001219  0.000000  0.000000  0.000000  2.000000  
129.583228 0.000504  0.086500  -0.002306  0.992334  0.113704  0.048420  -0.114914  0.993110  0.022962  -0.045476  -0.028350  0.998563  -0.000001  -0.001583  -0.001317  0.000000  0.000000  0.000000  2.000000  
129.584476 0.000504  0.086498  -0.002309  0.992334  0.113704  0.048420  -0.114914  0.993110  0.022962  -0.045476  -0.028350  0.998563  -0.000057  -0.001468  -0.001435  0.000000  0.000000  0.000000  2.000000  
129.585478 0.000504  0.086498  -0.002311  0.992334  0.113704  0.048420  -0.114914  0.993110  0.022962  -0.045476  -0.028350  0.998563  -0.000099  -0.001359  -0.001585  0.000000  0.000000  0.000000  2.000000  
129.586491 0.000503  0.086497  -0.002313  0.992334  0.113704  0.048420  -0.114914  0.993110  0.022962  -0.045476  -0.028350  0.998563  -0.000133  -0.001259  -0.001666  0.000000  0.000000  0.000000  2.000000  
129.587731 0.000503  0.086496  -0.002316  0.992334  0.113704  0.048420  -0.114914  0.993110  0.022962  -0.045476  -0.028350  0.998563  -0.000165  -0.001138  -0.001723  0.000000  0.000000  0.000000  2.000000  
129.588978 0.000502  0.086495  -0.002318  0.992358  0.113500  0.048416  -0.114709  0.993133  0.022972  -0.045476  -0.028350  0.998563  -0.000223  -0.001065  -0.001788  0.000000  0.000000  0.000000  2.000000  
129.590226 0.000502  0.086494  -0.002321  0.992352  0.113496  0.048548  -0.114709  0.993134  0.022957  -0.045610  -0.028350  0.998557  -0.000217  -0.000961  -0.001867  0.000000  0.000000  0.000000  2.000000  
129.591228 0.000501  0.086493  -0.002323  0.992352  0.113496  0.048548  -0.114709  0.993134  0.022957  -0.045610  -0.028350  0.998557  -0.000254  -0.000918  -0.001951  0.000000  0.000000  0.000000  2.000000  
129.592231 0.000501  0.086493  -0.002325  0.992352  0.113496  0.048548  -0.114709  0.993134  0.022957  -0.045610  -0.028350  0.998557  -0.000221  -0.000786  -0.001989  0.000000  0.000000  0.000000  2.000000  
129.593478 0.000501  0.086492  -0.002328  0.992352  0.113496  0.048548  -0.114709  0.993134  0.022957  -0.045610  -0.028350  0.998557  -0.000220  -0.000742  -0.002045  0.000000  0.000000  0.000000  2.000000  
129.594485 0.000501  0.086492  -0.002330  0.992352  0.113496  0.048548  -0.114709  0.993134  0.022957  -0.045610  -0.028350  0.998557  -0.000251  -0.000723  -0.002118  0.000000  0.000000  0.000000  2.000000  
129.595723 0.000501  0.086492  -0.002333  0.992352  0.113496  0.048548  -0.114709  0.993134  0.022957  -0.045610  -0.028350  0.998557  -0.000239  -0.000625  -0.002133  0.000000  0.000000  0.000000  2.000000  
129.596725 0.000501  0.086492  -0.002335  0.992352  0.113496  0.048548  -0.114709  0.993134  0.022957  -0.045610  -0.028350  0.998557  -0.000245  -0.000601  -0.002146  0.000000  0.000000  0.000000  2.000000  
129.597973 0.000501  0.086491  -0.002338  0.992375  0.113292  0.048544  -0.114504  0.993157  0.022967  -0.045610  -0.028350  0.998557  -0.000240  -0.000547  -0.002163  0.000000  0.000000  0.000000  2.000000  
129.598975 0.000500  0.086491  -0.002340  0.992375  0.113292  0.048544  -0.114504  0.993157  0.022967  -0.045610  -0.028350  0.998557  -0.000254  -0.000543  -0.002131  0.000000  0.000000  0.000000  2.000000  
129.599975 0.000500  0.086490  -0.002342  0.992375  0.113292  0.048544  -0.114504  0.993157  0.022967  -0.045610  -0.028350  0.998557  -0.000247  -0.000498  -0.002126  0.000000  0.000000  0.000000  2.000000  
129.600976 0.000500  0.086490  -0.002344  0.992375  0.113292  0.048544  -0.114504  0.993157  0.022967  -0.045610  -0.028350  0.998557  -0.000248  -0.000498  -0.002126  0.000000  0.000000  0.000000  2.000000  
129.602228 0.000500  0.086489  -0.002346  0.992375  0.113292  0.048544  -0.114504  0.993157  0.022967  -0.045610  -0.028350  0.998557  -0.000199  -0.000470  -0.002104  0.000000  0.000000  0.000000  2.000000  
129.603235 0.000500  0.086488  -0.002348  0.992375  0.113292  0.048544  -0.114504  0.993157  0.022967  -0.045610  -0.028350  0.998557  -0.000178  -0.000472  -0.002074  0.000000  0.000000  0.000000  2.000000  
129.604478 0.000500  0.086487  -0.002351  0.992375  0.113292  0.048544  -0.114504  0.993157  0.022967  -0.045610  -0.028350  0.998557  -0.000161  -0.000469  -0.002073  0.000000  0.000000  0.000000  2.000000  
129.605478 0.000500  0.086487  -0.002353  0.992375  0.113292  0.048544  -0.114504  0.993157  0.022967  -0.045610  -0.028350  0.998557  -0.000110  -0.000473  -0.002075  0.000000  0.000000  0.000000  2.000000  
129.606479 0.000501  0.086486  -0.002354  0.992375  0.113292  0.048544  -0.114504  0.993157  0.022967  -0.045610  -0.028350  0.998557  -0.000057  -0.000451  -0.002026  0.000000  0.000000  0.000000  2.000000  
129.607480 0.000501  0.086486  -0.002356  0.992375  0.113292  0.048544  -0.114504  0.993157  0.022967  -0.045610  -0.028350  0.998557  -0.000005  -0.000447  -0.001995  0.000000  0.000000  0.000000  2.000000  
129.608727 0.000501  0.086485  -0.002358  0.992375  0.113292  0.048544  -0.114504  0.993157  0.022967  -0.045610  -0.028350  0.998557  0.000040  -0.000479  -0.001987  0.000000  0.000000  0.000000  2.000000  
129.609728 0.000502  0.086485  -0.002360  0.992375  0.113292  0.048544  -0.114504  0.993157  0.022967  -0.045610  -0.028350  0.998557  0.000083  -0.000494  -0.001914  0.000000  0.000000  0.000000  2.000000  
129.610729 0.000502  0.086484  -0.002361  0.992375  0.113292  0.048544  -0.114504  0.993157  0.022967  -0.045610  -0.028350  0.998557  0.000077  -0.000522  -0.001900  0.000000  0.000000  0.000000  2.000000  
129.611978 0.000503  0.086483  -0.002363  0.992375  0.113292  0.048544  -0.114504  0.993157  0.022967  -0.045610  -0.028350  0.998557  0.000128  -0.000570  -0.001847  0.000000  0.000000  0.000000  2.000000  
129.612986 0.000503  0.086483  -0.002364  0.992375  0.113292  0.048544  -0.114504  0.993157  0.022967  -0.045610  -0.028350  0.998557  0.000152  -0.000564  -0.001782  0.000000  0.000000  0.000000  2.000000  
129.614230 0.000503  0.086482  -0.002366  0.992375  0.113292  0.048544  -0.114504  0.993157  0.022967  -0.045610  -0.028350  0.998557  0.000189  -0.000608  -0.001697  0.000000  0.000000  0.000000  2.000000  
129.615478 0.000503  0.086481  -0.002367  0.992375  0.113292  0.048544  -0.114504  0.993157  0.022967  -0.045610  -0.028350  0.998557  0.000199  -0.000598  -0.001601  0.000000  0.000000  0.000000  2.000000  
129.616725 0.000503  0.086480  -0.002369  0.992375  0.113292  0.048544  -0.114504  0.993157  0.022967  -0.045610  -0.028350  0.998557  0.000191  -0.000617  -0.001557  0.000000  0.000000  0.000000  2.000000  
129.617978 0.000503  0.086479  -0.002371  0.992352  0.113496  0.048548  -0.114709  0.993134  0.022957  -0.045610  -0.028350  0.998557  0.000225  -0.000607  -0.001501  0.000000  0.000000  0.000000  2.000000  
129.619225 0.000503  0.086479  -0.002372  0.992352  0.113496  0.048548  -0.114709  0.993134  0.022957  -0.045610  -0.028350  0.998557  0.000212  -0.000602  -0.001469  0.000000  0.000000  0.000000  2.000000  
129.620239 0.000503  0.086478  -0.002373  0.992352  0.113496  0.048548  -0.114709  0.993134  0.022957  -0.045610  -0.028350  0.998557  0.000204  -0.000572  -0.001374  0.000000  0.000000  0.000000  2.000000  
129.621480 0.000504  0.086477  -0.002375  0.992352  0.113496  0.048548  -0.114709  0.993134  0.022957  -0.045610  -0.028350  0.998557  0.000197  -0.000592  -0.001331  0.000000  0.000000  0.000000  2.000000  
129.622730 0.000503  0.086477  -0.002376  0.992352  0.113496  0.048548  -0.114709  0.993134  0.022957  -0.045610  -0.028350  0.998557  0.000138  -0.000608  -0.001285  0.000000  0.000000  0.000000  2.000000  
129.623750 0.000503  0.086476  -0.002377  0.992328  0.113700  0.048553  -0.114913  0.993111  0.022947  -0.045610  -0.028350  0.998557  0.000117  -0.000578  -0.001262  0.000000  0.000000  0.000000  2.000000  
129.624978 0.000503  0.086475  -0.002379  0.992328  0.113700  0.048553  -0.114913  0.993111  0.022947  -0.045610  -0.028350  0.998557  0.000058  -0.000595  -0.001219  0.000000  0.000000  0.000000  2.000000  
129.625980 0.000503  0.086475  -0.002380  0.992328  0.113700  0.048553  -0.114913  0.993111  0.022947  -0.045610  -0.028350  0.998557  -0.000008  -0.000585  -0.001183  0.000000  0.000000  0.000000  2.000000  
129.627232 0.000502  0.086474  -0.002381  0.992328  0.113700  0.048553  -0.114913  0.993111  0.022947  -0.045610  -0.028350  0.998557  -0.000054  -0.000605  -0.001169  0.000000  0.000000  0.000000  2.000000  
129.628474 0.000501  0.086474  -0.002382  0.992304  0.113905  0.048558  -0.115117  0.993087  0.022937  -0.045610  -0.028350  0.998557  -0.000111  -0.000567  -0.001160  0.000000  0.000000  0.000000  2.000000  
129.629477 0.000501  0.086473  -0.002383  0.992304  0.113905  0.048558  -0.115117  0.993087  0.022937  -0.045610  -0.028350  0.998557  -0.000155  -0.000587  -0.001147  0.000000  0.000000  0.000000  2.000000  
129.630729 0.000500  0.086472  -0.002384  0.992304  0.113905  0.048558  -0.115117  0.993087  0.022937  -0.045610  -0.028350  0.998557  -0.000238  -0.000583  -0.001098  0.000000  0.000000  0.000000  2.000000  
129.631973 0.000499  0.086471  -0.002386  0.992304  0.113905  0.048558  -0.115117  0.993087  0.022937  -0.045610  -0.028350  0.998557  -0.000316  -0.000594  -0.001098  0.000000  0.000000  0.000000  2.000000  
129.633230 0.000498  0.086471  -0.002387  0.992304  0.113905  0.048558  -0.115117  0.993087  0.022937  -0.045610  -0.028350  0.998557  -0.000394  -0.000571  -0.001093  0.000000  0.000000  0.000000  2.000000  
129.634476 0.000497  0.086470  -0.002388  0.992304  0.113905  0.048558  -0.115117  0.993087  0.022937  -0.045610  -0.028350  0.998557  -0.000432  -0.000582  -0.001062  0.000000  0.000000  0.000000  2.000000  
