1-Time 2-Px 3-Py 4-Pz 5-R11 6-R21 7-R31 8-R12 9-R22 10-R32 11-R13 12-R23 13-R33 14-Vx 15-Vy 16-Vz 17-Wx 18-Wy 19-Wz 20-state 21-PR11 22-PR21 23-PR31 24-PR12 25-PR22 26-PR32 27-PR13 28-PR23 29-PR33 
13.335107 0.007816  0.091091  -0.011834  0.998362  0.057196  0.001093  -0.057201  0.998350  0.005040  -0.000803  -0.005094  0.999987  -0.000173  -0.000063  -0.000171  0.000000  0.000000  0.000000  2.000000  
13.336355 0.007816  0.091090  -0.011834  0.998362  0.057196  0.001093  -0.057201  0.998350  0.005040  -0.000803  -0.005094  0.999987  -0.000164  -0.000088  -0.000161  0.000000  0.000000  0.000000  2.000000  
13.337368 0.007817  0.091089  -0.011835  0.998339  0.057607  0.001095  -0.057612  0.998326  0.005040  -0.000803  -0.005094  0.999987  -0.000103  -0.000198  -0.000195  0.000000  0.000000  0.000000  2.000000  
13.338603 0.007818  0.091086  -0.011835  0.998315  0.058018  0.001097  -0.058023  0.998303  0.005039  -0.000803  -0.005094  0.999987  0.000021  -0.000336  -0.000227  0.000000  0.000000  0.000000  2.000000  
13.339624 0.007819  0.091084  -0.011836  0.998303  0.058223  0.001232  -0.058229  0.998291  0.005031  -0.000937  -0.005094  0.999987  0.000101  -0.000497  -0.000242  0.000000  0.000000  0.000000  2.000000  
13.340858 0.007821  0.091081  -0.011836  0.998291  0.058429  0.001233  -0.058434  0.998279  0.005031  -0.000937  -0.005094  0.999987  0.000296  -0.000688  -0.000260  0.000000  0.000000  0.000000  2.000000  
13.342105 0.007825  0.091078  -0.011837  0.998267  0.058840  0.001108  -0.058845  0.998254  0.005159  -0.000803  -0.005216  0.999986  0.000514  -0.000910  -0.000307  0.000000  0.000000  0.000000  2.000000  
13.343107 0.007827  0.091075  -0.011838  0.998255  0.059046  0.000976  -0.059051  0.998242  0.005167  -0.000669  -0.005216  0.999986  0.000743  -0.001051  -0.000351  0.000000  0.000000  0.000000  2.000000  
13.344108 0.007830  0.091073  -0.011838  0.998230  0.059457  0.000978  -0.059462  0.998217  0.005167  -0.000669  -0.005216  0.999986  0.000939  -0.001242  -0.000370  0.000000  0.000000  0.000000  2.000000  
13.345109 0.007834  0.091070  -0.011840  0.998206  0.059868  0.000980  -0.059873  0.998193  0.005166  -0.000669  -0.005216  0.999986  0.001168  -0.001466  -0.000453  0.000000  0.000000  0.000000  2.000000  
13.346367 0.007838  0.091066  -0.011842  0.998181  0.060279  0.000982  -0.060284  0.998168  0.005166  -0.000669  -0.005216  0.999986  0.001430  -0.001722  -0.000600  0.000000  0.000000  0.000000  2.000000  
13.347368 0.007841  0.091063  -0.011843  0.998156  0.060690  0.000984  -0.060695  0.998143  0.005166  -0.000669  -0.005216  0.999986  0.001725  -0.001869  -0.000689  0.000000  0.000000  0.000000  2.000000  
13.348603 0.007846  0.091059  -0.011845  0.998131  0.061101  0.000994  -0.061106  0.998117  0.005286  -0.000669  -0.005337  0.999986  0.002019  -0.002123  -0.000769  0.000000  0.000000  0.000000  2.000000  
13.349603 0.007850  0.091056  -0.011847  0.998106  0.061512  0.000996  -0.061517  0.998092  0.005286  -0.000669  -0.005337  0.999986  0.002270  -0.002377  -0.000880  0.000000  0.000000  0.000000  2.000000  
13.350851 0.007854  0.091051  -0.011849  0.998080  0.061923  0.000998  -0.061928  0.998067  0.005285  -0.000669  -0.005337  0.999986  0.002532  -0.002671  -0.001019  0.000000  0.000000  0.000000  2.000000  
13.351851 0.007857  0.091046  -0.011851  0.998055  0.062334  0.001000  -0.062338  0.998041  0.005285  -0.000669  -0.005337  0.999986  0.002758  -0.002892  -0.001100  0.007955  0.003529  0.178444  2.000000  
13.352855 0.007861  0.091041  -0.011853  0.998029  0.062745  0.001003  -0.062749  0.998015  0.005285  -0.000669  -0.005337  0.999986  0.002970  -0.003137  -0.001205  0.007950  0.003460  0.192282  2.000000  
13.354106 0.007865  0.091034  -0.011854  0.998016  0.062950  0.001004  -0.062955  0.998002  0.005284  -0.000669  -0.005337  0.999986  0.003166  -0.003412  -0.001262  0.008005  0.003450  0.200654  2.000000  
13.355351 0.007870  0.091026  -0.011856  0.997990  0.063361  0.001006  -0.063366  0.997976  0.005284  -0.000669  -0.005337  0.999986  0.003286  -0.003738  -0.001392  0.008000  0.003414  0.207592  2.000000  
13.356380 0.007874  0.091019  -0.011858  0.997964  0.063772  0.001008  -0.063777  0.997950  0.005284  -0.000669  -0.005337  0.999986  0.003413  -0.004037  -0.001465  0.007982  0.003339  0.221209  2.000000  
13.357381 0.007878  0.091013  -0.011860  0.997938  0.064183  0.001010  -0.064188  0.997924  0.005283  -0.000669  -0.005337  0.999986  0.003523  -0.004335  -0.001536  0.007972  0.003266  0.235018  2.000000  
13.358605 0.007883  0.091003  -0.011863  0.997924  0.064389  0.001003  -0.064393  0.997911  0.005162  -0.000669  -0.005216  0.999986  0.003616  -0.004779  -0.001658  0.003898  0.003248  0.242173  2.000000  
13.359855 0.007887  0.090993  -0.011866  0.997911  0.064594  0.001005  -0.064598  0.997898  0.005162  -0.000669  -0.005216  0.999986  0.003650  -0.005153  -0.001738  0.003893  0.003213  0.249096  2.000000  
13.360856 0.007891  0.090984  -0.011868  0.997884  0.065005  0.001007  -0.065009  0.997871  0.005161  -0.000669  -0.005216  0.999986  0.003639  -0.005587  -0.001829  0.003883  0.003141  0.262911  2.000000  
13.362105 0.007896  0.090973  -0.011873  0.997871  0.065210  0.001008  -0.065215  0.997858  0.005161  -0.000669  -0.005216  0.999986  0.003675  -0.006108  -0.001982  0.003877  0.003105  0.269803  2.000000  
13.363106 0.007899  0.090965  -0.011875  0.997858  0.065416  0.001001  -0.065420  0.997845  0.005040  -0.000669  -0.005094  0.999987  0.003685  -0.006428  -0.002029  -0.000204  0.003087  0.276760  2.000000  
13.364108 0.007903  0.090955  -0.011878  0.997844  0.065621  0.001002  -0.065626  0.997832  0.005040  -0.000669  -0.005094  0.999987  0.003654  -0.006910  -0.002181  -0.000209  0.003051  0.283681  2.000000  
13.365356 0.007907  0.090943  -0.011882  0.997831  0.065827  0.001003  -0.065831  0.997818  0.005039  -0.000669  -0.005094  0.999987  0.003667  -0.007305  -0.002264  -0.000214  0.003016  0.290632  2.000000  
13.366604 0.007911  0.090932  -0.011885  0.997817  0.066032  0.001004  -0.066037  0.997804  0.005039  -0.000669  -0.005094  0.999987  0.003643  -0.007771  -0.002326  -0.000214  0.003017  0.290674  2.000000  
13.367851 0.007915  0.090919  -0.011889  0.997817  0.066032  0.000996  -0.066037  0.997805  0.004918  -0.000669  -0.004973  0.999987  0.003583  -0.008120  -0.002373  -0.004245  0.003078  0.274528  2.000000  
13.369110 0.007918  0.090907  -0.011891  0.997803  0.066237  0.001130  -0.066242  0.997792  0.004909  -0.000803  -0.004973  0.999987  0.003528  -0.008518  -0.002465  -0.004299  -0.001393  0.276757  2.000000  
13.370365 0.007922  0.090894  -0.011893  0.997803  0.066237  0.001130  -0.066242  0.997792  0.004909  -0.000803  -0.004973  0.999987  0.003473  -0.008875  -0.002475  -0.004305  0.003173  0.262898  2.000000  
13.371601 0.007926  0.090882  -0.011896  0.997790  0.066443  0.001123  -0.066447  0.997778  0.004788  -0.000803  -0.004852  0.999988  0.003402  -0.009041  -0.002497  -0.012340  -0.001313  0.260795  2.000000  
13.372601 0.007929  0.090872  -0.011897  0.997790  0.066443  0.001123  -0.066447  0.997778  0.004788  -0.000803  -0.004852  0.999988  0.003342  -0.009247  -0.002472  -0.012318  -0.005739  0.253911  2.000000  
13.373608 0.007932  0.090861  -0.011900  0.997790  0.066443  0.001115  -0.066447  0.997779  0.004667  -0.000803  -0.004731  0.999988  0.003255  -0.009443  -0.002472  -0.016485  -0.005701  0.242152  2.000000  
13.374856 0.007936  0.090849  -0.011901  0.997776  0.066648  0.001116  -0.066653  0.997765  0.004667  -0.000803  -0.004731  0.999988  0.003233  -0.009592  -0.002331  -0.016345  -0.005620  0.233299  2.000000  
13.376105 0.007940  0.090836  -0.011902  0.997776  0.066648  0.001116  -0.066653  0.997765  0.004667  -0.000803  -0.004731  0.999988  0.003189  -0.009712  -0.002162  -0.016473  -0.005566  0.214581  2.000000  
13.377106 0.007942  0.090826  -0.011903  0.997776  0.066648  0.001108  -0.066653  0.997766  0.004546  -0.000803  -0.004609  0.999989  0.003104  -0.009831  -0.002024  -0.020542  -0.005485  0.200739  2.000000  
13.378107 0.007945  0.090816  -0.011904  0.997762  0.066854  0.000976  -0.066858  0.997752  0.004554  -0.000669  -0.004609  0.999989  0.003062  -0.009925  -0.001902  -0.020351  -0.000978  0.199024  2.000000  
13.379356 0.007949  0.090803  -0.011905  0.997762  0.066854  0.000976  -0.066858  0.997752  0.004554  -0.000669  -0.004609  0.999989  0.002987  -0.009989  -0.001716  -0.024580  -0.000895  0.179896  2.000000  
13.380358 0.007951  0.090793  -0.011907  0.997762  0.066855  0.000968  -0.066858  0.997753  0.004433  -0.000669  -0.004488  0.999990  0.002939  -0.010033  -0.001652  0.000000  0.000000  0.000000  2.000000  
13.381360 0.007954  0.090782  -0.011908  0.997762  0.066855  0.000968  -0.066858  0.997753  0.004433  -0.000669  -0.004488  0.999990  0.002901  -0.010107  -0.001577  0.000000  0.000000  0.000000  2.000000  
13.382610 0.007957  0.090770  -0.011910  0.997748  0.067060  0.000968  -0.067064  0.997739  0.004433  -0.000669  -0.004488  0.999990  0.002882  -0.010148  -0.001445  0.000000  0.000000  0.000000  2.000000  
13.383850 0.007961  0.090757  -0.011912  0.997748  0.067060  0.000968  -0.067064  0.997739  0.004433  -0.000669  -0.004488  0.999990  0.002871  -0.010171  -0.001420  0.000000  0.000000  0.000000  2.000000  
13.384850 0.007964  0.090747  -0.011913  0.997748  0.067060  0.000968  -0.067064  0.997739  0.004433  -0.000669  -0.004488  0.999990  0.002847  -0.010166  -0.001346  0.000000  0.000000  0.000000  2.000000  
13.385855 0.007967  0.090737  -0.011915  0.997748  0.067060  0.000968  -0.067064  0.997739  0.004433  -0.000669  -0.004488  0.999990  0.002855  -0.010174  -0.001323  0.000000  0.000000  0.000000  2.000000  
13.387105 0.007970  0.090725  -0.011916  0.997735  0.067265  0.000969  -0.067269  0.997725  0.004433  -0.000669  -0.004488  0.999990  0.002865  -0.010121  -0.001274  0.000000  0.000000  0.000000  2.000000  
13.388355 0.007974  0.090713  -0.011917  0.997735  0.067265  0.000969  -0.067269  0.997725  0.004433  -0.000669  -0.004488  0.999990  0.002873  -0.010111  -0.001194  0.000000  0.000000  0.000000  2.000000  
13.389624 0.007977  0.090701  -0.011917  0.997721  0.067471  0.000970  -0.067474  0.997711  0.004433  -0.000669  -0.004488  0.999990  0.002826  -0.010020  -0.001122  0.000000  0.000000  0.000000  2.000000  
13.390859 0.007982  0.090690  -0.011918  0.997721  0.067471  0.000970  -0.067474  0.997711  0.004433  -0.000669  -0.004488  0.999990  0.002861  -0.009922  -0.001063  0.000000  0.000000  0.000000  2.000000  
13.392105 0.007986  0.090679  -0.011917  0.997721  0.067471  0.000970  -0.067474  0.997711  0.004433  -0.000669  -0.004488  0.999990  0.002904  -0.009785  -0.000975  0.000000  0.000000  0.000000  2.000000  
13.393108 0.007990  0.090671  -0.011917  0.997721  0.067471  0.000970  -0.067474  0.997711  0.004433  -0.000669  -0.004488  0.999990  0.002978  -0.009651  -0.000866  0.000000  0.000000  0.000000  2.000000  
13.394367 0.007994  0.090660  -0.011917  0.997707  0.067676  0.000971  -0.067680  0.997697  0.004432  -0.000669  -0.004488  0.999990  0.003018  -0.009478  -0.000758  0.000000  0.000000  0.000000  2.000000  
13.395604 0.007999  0.090650  -0.011917  0.997707  0.067676  0.000971  -0.067680  0.997697  0.004432  -0.000669  -0.004488  0.999990  0.003109  -0.009376  -0.000647  0.000000  0.000000  0.000000  2.000000  
13.396608 0.008002  0.090642  -0.011917  0.997707  0.067676  0.000971  -0.067680  0.997697  0.004432  -0.000669  -0.004488  0.999990  0.003209  -0.009180  -0.000509  0.000000  0.000000  0.000000  2.000000  
13.397855 0.008008  0.090632  -0.011916  0.997693  0.067882  0.000972  -0.067885  0.997683  0.004432  -0.000669  -0.004488  0.999990  0.003317  -0.008965  -0.000360  0.000000  0.000000  0.000000  2.000000  
13.399103 0.008013  0.090622  -0.011917  0.997693  0.067882  0.000972  -0.067885  0.997683  0.004432  -0.000669  -0.004488  0.999990  0.003448  -0.008822  -0.000307  0.000000  0.000000  0.000000  2.000000  
13.400103 0.008017  0.090615  -0.011917  0.997693  0.067882  0.000972  -0.067885  0.997683  0.004432  -0.000669  -0.004488  0.999990  0.003543  -0.008663  -0.000208  0.000000  0.000000  0.000000  2.000000  
13.401357 0.008023  0.090605  -0.011917  0.997693  0.067881  0.000980  -0.067885  0.997683  0.004553  -0.000669  -0.004609  0.999989  0.003673  -0.008456  -0.000135  0.000000  0.000000  0.000000  2.000000  
13.402366 0.008028  0.090597  -0.011917  0.997679  0.068087  0.000981  -0.068091  0.997669  0.004553  -0.000669  -0.004609  0.999989  0.003808  -0.008350  -0.000090  0.000000  0.000000  0.000000  2.000000  
13.403603 0.008033  0.090588  -0.011918  0.997679  0.068087  0.000981  -0.068091  0.997669  0.004553  -0.000669  -0.004609  0.999989  0.003918  -0.008173  -0.000074  0.000000  0.000000  0.000000  2.000000  
13.404606 0.008038  0.090580  -0.011919  0.997679  0.068087  0.000981  -0.068091  0.997669  0.004553  -0.000669  -0.004609  0.999989  0.004076  -0.008063  -0.000112  0.000000  0.000000  0.000000  2.000000  
13.405850 0.008044  0.090571  -0.011920  0.997665  0.068292  0.000991  -0.068296  0.997654  0.004674  -0.000669  -0.004731  0.999989  0.004172  -0.007933  -0.000144  0.000000  0.000000  0.000000  2.000000  
13.406863 0.008049  0.090563  -0.011921  0.997665  0.068292  0.000991  -0.068296  0.997654  0.004674  -0.000669  -0.004731  0.999989  0.004272  -0.007860  -0.000240  0.000000  0.000000  0.000000  2.000000  
13.408106 0.008055  0.090555  -0.011922  0.997665  0.068292  0.000991  -0.068296  0.997654  0.004674  -0.000669  -0.004731  0.999989  0.004386  -0.007751  -0.000329  0.000000  0.000000  0.000000  2.000000  
13.409357 0.008061  0.090546  -0.011923  0.997651  0.068497  0.000991  -0.068501  0.997640  0.004674  -0.000669  -0.004731  0.999989  0.004510  -0.007661  -0.000388  0.000000  0.000000  0.000000  2.000000  
13.410367 0.008066  0.090539  -0.011924  0.997651  0.068497  0.000991  -0.068501  0.997640  0.004674  -0.000669  -0.004731  0.999989  0.004591  -0.007549  -0.000460  0.000000  0.000000  0.000000  2.000000  
13.411605 0.008072  0.090530  -0.011925  0.997651  0.068497  0.000991  -0.068501  0.997640  0.004674  -0.000669  -0.004731  0.999989  0.004671  -0.007475  -0.000566  0.000000  0.000000  0.000000  2.000000  
13.412605 0.008077  0.090523  -0.011926  0.997651  0.068497  0.000991  -0.068501  0.997640  0.004674  -0.000669  -0.004731  0.999989  0.004738  -0.007422  -0.000652  0.000000  0.000000  0.000000  2.000000  
13.413859 0.008084  0.090514  -0.011927  0.997637  0.068703  0.000992  -0.068707  0.997626  0.004673  -0.000669  -0.004731  0.999989  0.004774  -0.007349  -0.000726  0.000000  0.000000  0.000000  2.000000  
13.415103 0.008089  0.090505  -0.011929  0.997637  0.068703  0.000859  -0.068707  0.997626  0.004683  -0.000535  -0.004731  0.999989  0.004784  -0.007311  -0.000821  0.000000  0.000000  0.000000  2.000000  
13.416353 0.008095  0.090496  -0.011931  0.997637  0.068703  0.000859  -0.068707  0.997626  0.004683  -0.000535  -0.004731  0.999989  0.004793  -0.007287  -0.000962  0.000000  0.000000  0.000000  2.000000  
13.417366 0.008099  0.090488  -0.011933  0.997637  0.068703  0.000859  -0.068707  0.997626  0.004683  -0.000535  -0.004731  0.999989  0.004760  -0.007245  -0.001031  0.000000  0.000000  0.000000  2.000000  
13.418601 0.008104  0.090479  -0.011936  0.997623  0.068909  0.000860  -0.068912  0.997612  0.004682  -0.000535  -0.004731  0.999989  0.004743  -0.007255  -0.001190  0.000000  0.000000  0.000000  2.000000  
13.419605 0.008109  0.090471  -0.011938  0.997623  0.068909  0.000860  -0.068912  0.997612  0.004682  -0.000535  -0.004731  0.999989  0.004684  -0.007287  -0.001277  0.000000  0.000000  0.000000  2.000000  
13.420855 0.008113  0.090461  -0.011942  0.997623  0.068909  0.000860  -0.068912  0.997612  0.004682  -0.000535  -0.004731  0.999989  0.004615  -0.007315  -0.001468  0.000000  0.000000  0.000000  2.000000  
13.421857 0.008117  0.090453  -0.011945  0.997623  0.068909  0.000860  -0.068912  0.997612  0.004682  -0.000535  -0.004731  0.999989  0.004563  -0.007368  -0.001594  0.000000  0.000000  0.000000  2.000000  
13.422879 0.008122  0.090445  -0.011948  0.997623  0.068909  0.000860  -0.068912  0.997612  0.004682  -0.000535  -0.004731  0.999989  0.004490  -0.007431  -0.001730  0.000000  0.000000  0.000000  2.000000  
13.424110 0.008126  0.090435  -0.011952  0.997623  0.068909  0.000860  -0.068912  0.997612  0.004682  -0.000535  -0.004731  0.999989  0.004401  -0.007515  -0.001986  0.000000  0.000000  0.000000  2.000000  
13.425359 0.008132  0.090424  -0.011956  0.997608  0.069114  0.000861  -0.069118  0.997598  0.004682  -0.000535  -0.004731  0.999989  0.004344  -0.007624  -0.002150  0.000000  0.000000  0.000000  2.000000  
13.426368 0.008136  0.090416  -0.011959  0.997608  0.069114  0.000861  -0.069118  0.997598  0.004682  -0.000535  -0.004731  0.999989  0.004292  -0.007725  -0.002324  0.000000  0.000000  0.000000  2.000000  
13.427368 0.008140  0.090407  -0.011963  0.997608  0.069114  0.000861  -0.069118  0.997598  0.004682  -0.000535  -0.004731  0.999989  0.004243  -0.007845  -0.002489  0.000000  0.000000  0.000000  2.000000  
13.428605 0.008145  0.090396  -0.011967  0.997608  0.069114  0.000852  -0.069118  0.997598  0.004561  -0.000535  -0.004609  0.999989  0.004178  -0.008006  -0.002693  0.000000  0.000000  0.000000  2.000000  
13.429605 0.008150  0.090387  -0.011971  0.997608  0.069114  0.000852  -0.069118  0.997598  0.004561  -0.000535  -0.004609  0.999989  0.004174  -0.008102  -0.002896  0.000000  0.000000  0.000000  2.000000  
13.430888 0.008155  0.090376  -0.011977  0.997608  0.069114  0.000852  -0.069118  0.997598  0.004561  -0.000535  -0.004609  0.999989  0.004117  -0.008263  -0.003139  0.000000  0.000000  0.000000  2.000000  
13.432107 0.008160  0.090364  -0.011982  0.997608  0.069114  0.000852  -0.069118  0.997598  0.004561  -0.000535  -0.004609  0.999989  0.004144  -0.008438  -0.003311  0.000000  0.000000  0.000000  2.000000  
13.433352 0.008166  0.090353  -0.011986  0.997608  0.069114  0.000852  -0.069118  0.997598  0.004561  -0.000535  -0.004609  0.999989  0.004187  -0.008548  -0.003417  0.000000  0.000000  0.000000  2.000000  
13.434352 0.008171  0.090344  -0.011990  0.997608  0.069114  0.000852  -0.069118  0.997598  0.004561  -0.000535  -0.004609  0.999989  0.004201  -0.008640  -0.003493  0.000000  0.000000  0.000000  2.000000  
13.435360 0.008175  0.090334  -0.011995  0.997608  0.069114  0.000852  -0.069118  0.997598  0.004561  -0.000535  -0.004609  0.999989  0.004262  -0.008731  -0.003607  0.000000  0.000000  0.000000  2.000000  
13.436603 0.008181  0.090323  -0.012000  0.997594  0.069320  0.000853  -0.069323  0.997584  0.004561  -0.000535  -0.004609  0.999989  0.004299  -0.008822  -0.003722  0.000000  0.000000  0.000000  2.000000  
13.437605 0.008186  0.090314  -0.012004  0.997594  0.069320  0.000853  -0.069323  0.997584  0.004561  -0.000535  -0.004609  0.999989  0.004363  -0.008912  -0.003859  0.000000  0.000000  0.000000  2.000000  
13.438851 0.008192  0.090302  -0.012010  0.997594  0.069320  0.000853  -0.069323  0.997584  0.004561  -0.000535  -0.004609  0.999989  0.004422  -0.008957  -0.003943  0.000000  0.000000  0.000000  2.000000  
13.439859 0.008198  0.090293  -0.012016  0.997594  0.069320  0.000853  -0.069323  0.997584  0.004561  -0.000535  -0.004609  0.999989  0.004542  -0.009059  -0.004072  0.000000  0.000000  0.000000  2.000000  
13.440859 0.008203  0.090284  -0.012020  0.997594  0.069320  0.000853  -0.069323  0.997584  0.004561  -0.000535  -0.004609  0.999989  0.004620  -0.009071  -0.004154  0.000000  0.000000  0.000000  2.000000  
13.442105 0.008209  0.090272  -0.012027  0.997594  0.069320  0.000853  -0.069323  0.997584  0.004561  -0.000535  -0.004609  0.999989  0.004707  -0.009155  -0.004327  0.000000  0.000000  0.000000  2.000000  
13.443108 0.008215  0.090263  -0.012032  0.997594  0.069320  0.000853  -0.069323  0.997584  0.004561  -0.000535  -0.004609  0.999989  0.004793  -0.009172  -0.004384  0.000000  0.000000  0.000000  2.000000  
13.444359 0.008222  0.090252  -0.012038  0.997594  0.069319  0.000987  -0.069323  0.997584  0.004552  -0.000669  -0.004609  0.999989  0.004925  -0.009177  -0.004531  0.000000  0.000000  0.000000  2.000000  
13.445359 0.008228  0.090243  -0.012043  0.997594  0.069319  0.000987  -0.069323  0.997584  0.004552  -0.000669  -0.004609  0.999989  0.005003  -0.009178  -0.004599  0.000000  0.000000  0.000000  2.000000  
13.446362 0.008234  0.090233  -0.012049  0.997594  0.069319  0.000987  -0.069323  0.997584  0.004552  -0.000669  -0.004609  0.999989  0.005136  -0.009178  -0.004748  0.000000  0.000000  0.000000  2.000000  
13.447369 0.008239  0.090224  -0.012054  0.997580  0.069524  0.000988  -0.069528  0.997570  0.004552  -0.000669  -0.004609  0.999989  0.005213  -0.009188  -0.004829  0.000000  0.000000  0.000000  2.000000  
13.448378 0.008246  0.090216  -0.012060  0.997580  0.069524  0.000988  -0.069528  0.997570  0.004552  -0.000669  -0.004609  0.999989  0.005310  -0.009139  -0.004897  0.000000  0.000000  0.000000  2.000000  
13.449604 0.008253  0.090204  -0.012067  0.997580  0.069525  0.000854  -0.069528  0.997570  0.004561  -0.000535  -0.004609  0.999989  0.005454  -0.009147  -0.005041  0.000000  0.000000  0.000000  2.000000  
13.450605 0.008259  0.090196  -0.012072  0.997580  0.069525  0.000854  -0.069528  0.997570  0.004561  -0.000535  -0.004609  0.999989  0.005548  -0.009084  -0.005126  0.000000  0.000000  0.000000  2.000000  
13.451857 0.008267  0.090185  -0.012079  0.997580  0.069525  0.000854  -0.069528  0.997570  0.004561  -0.000535  -0.004609  0.999989  0.005638  -0.009014  -0.005205  0.000000  0.000000  0.000000  2.000000  
13.452860 0.008273  0.090176  -0.012086  0.997580  0.069525  0.000854  -0.069528  0.997570  0.004561  -0.000535  -0.004609  0.999989  0.005709  -0.008975  -0.005344  0.000000  0.000000  0.000000  2.000000  
13.454102 0.008280  0.090166  -0.012094  0.997566  0.069730  0.000855  -0.069734  0.997555  0.004561  -0.000535  -0.004609  0.999989  0.005764  -0.008913  -0.005470  0.000000  0.000000  0.000000  2.000000  
13.455104 0.008286  0.090158  -0.012100  0.997566  0.069730  0.000855  -0.069734  0.997555  0.004561  -0.000535  -0.004609  0.999989  0.005814  -0.008848  -0.005581  0.000000  0.000000  0.000000  2.000000  
13.456108 0.008292  0.090150  -0.012106  0.997566  0.069730  0.000855  -0.069734  0.997555  0.004561  -0.000535  -0.004609  0.999989  0.005838  -0.008773  -0.005616  0.000000  0.000000  0.000000  2.000000  
13.457109 0.008298  0.090142  -0.012113  0.997566  0.069730  0.000855  -0.069734  0.997555  0.004561  -0.000535  -0.004609  0.999989  0.005876  -0.008661  -0.005747  0.000000  0.000000  0.000000  2.000000  
13.458370 0.008305  0.090132  -0.012121  0.997551  0.069936  0.000856  -0.069939  0.997541  0.004561  -0.000535  -0.004609  0.999989  0.005888  -0.008527  -0.005835  0.000000  0.000000  0.000000  2.000000  
13.459608 0.008312  0.090123  -0.012129  0.997551  0.069936  0.000856  -0.069939  0.997541  0.004561  -0.000535  -0.004609  0.999989  0.005872  -0.008413  -0.005967  0.000000  0.000000  0.000000  2.000000  
13.460855 0.008319  0.090113  -0.012138  0.997551  0.069936  0.000856  -0.069939  0.997541  0.004561  -0.000535  -0.004609  0.999989  0.005857  -0.008324  -0.006081  0.000000  0.000000  0.000000  2.000000  
13.462105 0.008325  0.090104  -0.012146  0.997551  0.069936  0.000856  -0.069939  0.997541  0.004561  -0.000535  -0.004609  0.999989  0.005815  -0.008175  -0.006179  0.000000  0.000000  0.000000  2.000000  
13.463357 0.008332  0.090095  -0.012154  0.997537  0.070141  0.000857  -0.070144  0.997526  0.004560  -0.000535  -0.004609  0.999989  0.005793  -0.008041  -0.006322  0.000000  0.000000  0.000000  2.000000  
13.464358 0.008338  0.090088  -0.012161  0.997537  0.070141  0.000857  -0.070144  0.997526  0.004560  -0.000535  -0.004609  0.999989  0.005740  -0.007902  -0.006364  0.000000  0.000000  0.000000  2.000000  
13.465603 0.008343  0.090079  -0.012170  0.997537  0.070141  0.000857  -0.070144  0.997526  0.004560  -0.000535  -0.004609  0.999989  0.005615  -0.007778  -0.006476  0.000000  0.000000  0.000000  2.000000  
13.466604 0.008348  0.090072  -0.012176  0.997537  0.070141  0.000857  -0.070144  0.997526  0.004560  -0.000535  -0.004609  0.999989  0.005527  -0.007635  -0.006569  0.000000  0.000000  0.000000  2.000000  
13.467852 0.008354  0.090064  -0.012185  0.997522  0.070347  0.000858  -0.070350  0.997512  0.004560  -0.000535  -0.004609  0.999989  0.005456  -0.007472  -0.006594  0.000000  0.000000  0.000000  2.000000  
13.468852 0.008359  0.090058  -0.012192  0.997522  0.070347  0.000858  -0.070350  0.997512  0.004560  -0.000535  -0.004609  0.999989  0.005365  -0.007364  -0.006625  0.000000  0.000000  0.000000  2.000000  
13.469853 0.008364  0.090052  -0.012198  0.997522  0.070347  0.000858  -0.070350  0.997512  0.004560  -0.000535  -0.004609  0.999989  0.005279  -0.007177  -0.006623  0.000000  0.000000  0.000000  2.000000  
13.470856 0.008368  0.090046  -0.012205  0.997522  0.070347  0.000858  -0.070350  0.997512  0.004560  -0.000535  -0.004609  0.999989  0.005147  -0.007072  -0.006689  0.000000  0.000000  0.000000  2.000000  
13.471858 0.008372  0.090040  -0.012211  0.997522  0.070347  0.000858  -0.070350  0.997512  0.004560  -0.000535  -0.004609  0.999989  0.005067  -0.006908  -0.006675  0.000000  0.000000  0.000000  2.000000  
13.472866 0.008376  0.090034  -0.012218  0.997508  0.070552  0.000859  -0.070555  0.997497  0.004560  -0.000535  -0.004609  0.999989  0.004910  -0.006766  -0.006707  0.000000  0.000000  0.000000  2.000000  
13.474110 0.008382  0.090028  -0.012227  0.997508  0.070552  0.000859  -0.070555  0.997497  0.004560  -0.000535  -0.004609  0.999989  0.004814  -0.006553  -0.006718  0.000000  0.000000  0.000000  2.000000  
13.475358 0.008386  0.090021  -0.012235  0.997508  0.070552  0.000859  -0.070555  0.997497  0.004560  -0.000535  -0.004609  0.999989  0.004661  -0.006333  -0.006717  0.000000  0.000000  0.000000  2.000000  
13.476361 0.008390  0.090017  -0.012241  0.997508  0.070552  0.000859  -0.070555  0.997497  0.004560  -0.000535  -0.004609  0.999989  0.004580  -0.006167  -0.006702  0.000000  0.000000  0.000000  2.000000  
13.477370 0.008393  0.090012  -0.012248  0.997508  0.070552  0.000859  -0.070555  0.997497  0.004560  -0.000535  -0.004609  0.999989  0.004403  -0.005997  -0.006708  0.000000  0.000000  0.000000  2.000000  
13.478608 0.008398  0.090007  -0.012256  0.997493  0.070757  0.000860  -0.070760  0.997483  0.004560  -0.000535  -0.004609  0.999989  0.004274  -0.005752  -0.006656  0.000000  0.000000  0.000000  2.000000  
13.479608 0.008402  0.090003  -0.012262  0.997493  0.070757  0.000860  -0.070760  0.997483  0.004560  -0.000535  -0.004609  0.999989  0.004172  -0.005556  -0.006613  0.000000  0.000000  0.000000  2.000000  
13.480609 0.008405  0.089998  -0.012268  0.997493  0.070757  0.000860  -0.070760  0.997483  0.004560  -0.000535  -0.004609  0.999989  0.004068  -0.005359  -0.006570  0.000000  0.000000  0.000000  2.000000  
13.481858 0.008409  0.089994  -0.012276  0.997493  0.070757  0.000993  -0.070760  0.997483  0.004550  -0.000669  -0.004609  0.999989  0.003935  -0.005107  -0.006510  0.000000  0.000000  0.000000  2.000000  
13.482865 0.008412  0.089990  -0.012282  0.997493  0.070757  0.000993  -0.070760  0.997483  0.004550  -0.000669  -0.004609  0.999989  0.003832  -0.004911  -0.006467  0.000000  0.000000  0.000000  2.000000  
13.484105 0.008416  0.089986  -0.012288  0.997493  0.070757  0.000993  -0.070760  0.997483  0.004550  -0.000669  -0.004609  0.999989  0.003687  -0.004683  -0.006329  0.000000  0.000000  0.000000  2.000000  
13.485352 0.008419  0.089983  -0.012295  0.997479  0.070962  0.000994  -0.070966  0.997468  0.004550  -0.000669  -0.004609  0.999989  0.003563  -0.004372  -0.006218  0.000000  0.000000  0.000000  2.000000  
13.486358 0.008422  0.089980  -0.012300  0.997479  0.070962  0.000994  -0.070966  0.997468  0.004550  -0.000669  -0.004609  0.999989  0.003457  -0.004197  -0.006126  0.000000  0.000000  0.000000  2.000000  
13.487366 0.008425  0.089977  -0.012306  0.997479  0.070962  0.000994  -0.070966  0.997468  0.004550  -0.000669  -0.004609  0.999989  0.003341  -0.003996  -0.006044  0.000000  0.000000  0.000000  2.000000  
13.488603 0.008428  0.089974  -0.012312  0.997479  0.070962  0.000994  -0.070966  0.997468  0.004550  -0.000669  -0.004609  0.999989  0.003242  -0.003745  -0.005917  0.000000  0.000000  0.000000  2.000000  
13.489626 0.008430  0.089972  -0.012318  0.997479  0.070962  0.000994  -0.070966  0.997468  0.004550  -0.000669  -0.004609  0.999989  0.003113  -0.003540  -0.005805  0.000000  0.000000  0.000000  2.000000  
13.490859 0.008433  0.089970  -0.012324  0.997479  0.070962  0.000994  -0.070966  0.997468  0.004550  -0.000669  -0.004609  0.999989  0.002956  -0.003281  -0.005671  0.000000  0.000000  0.000000  2.000000  
13.492105 0.008435  0.089968  -0.012330  0.997479  0.070962  0.000994  -0.070966  0.997468  0.004550  -0.000669  -0.004609  0.999989  0.002849  -0.003010  -0.005552  0.000000  0.000000  0.000000  2.000000  
13.493357 0.008438  0.089966  -0.012336  0.997479  0.070962  0.000994  -0.070966  0.997468  0.004550  -0.000669  -0.004609  0.999989  0.002704  -0.002781  -0.005410  0.000000  0.000000  0.000000  2.000000  
13.494361 0.008440  0.089965  -0.012340  0.997479  0.070962  0.000994  -0.070966  0.997468  0.004550  -0.000669  -0.004609  0.999989  0.002580  -0.002557  -0.005339  0.000000  0.000000  0.000000  2.000000  
13.495605 0.008442  0.089964  -0.012346  0.997479  0.070962  0.000994  -0.070966  0.997468  0.004550  -0.000669  -0.004609  0.999989  0.002469  -0.002279  -0.005223  0.000000  0.000000  0.000000  2.000000  
13.496856 0.008444  0.089963  -0.012352  0.997479  0.070962  0.000994  -0.070966  0.997468  0.004550  -0.000669  -0.004609  0.999989  0.002323  -0.002048  -0.005080  0.000000  0.000000  0.000000  2.000000  
13.497858 0.008445  0.089963  -0.012357  0.997464  0.071167  0.000995  -0.071171  0.997454  0.004550  -0.000669  -0.004609  0.999989  0.002202  -0.001826  -0.005013  0.000000  0.000000  0.000000  2.000000  
13.498858 0.008446  0.089962  -0.012361  0.997464  0.071167  0.000995  -0.071171  0.997454  0.004550  -0.000669  -0.004609  0.999989  0.002044  -0.001645  -0.004932  0.000000  0.000000  0.000000  2.000000  
13.500101 0.008448  0.089961  -0.012367  0.997464  0.071167  0.000995  -0.071171  0.997454  0.004550  -0.000669  -0.004609  0.999989  0.001944  -0.001459  -0.004874  0.000000  0.000000  0.000000  2.000000  
13.501106 0.008449  0.089961  -0.012371  0.997464  0.071167  0.000995  -0.071171  0.997454  0.004550  -0.000669  -0.004609  0.999989  0.001793  -0.001299  -0.004784  0.000000  0.000000  0.000000  2.000000  
13.502200 0.008450  0.089960  -0.012376  0.997464  0.071167  0.000995  -0.071171  0.997454  0.004550  -0.000669  -0.004609  0.999989  0.001690  -0.001122  -0.004704  0.000000  0.000000  0.000000  2.000000  
13.503351 0.008452  0.089960  -0.012381  0.997464  0.071167  0.001004  -0.071171  0.997453  0.004671  -0.000669  -0.004731  0.999989  0.001614  -0.000977  -0.004667  0.000000  0.000000  0.000000  2.000000  
13.504353 0.008453  0.089960  -0.012385  0.997464  0.071167  0.001004  -0.071171  0.997453  0.004671  -0.000669  -0.004731  0.999989  0.001519  -0.000832  -0.004567  0.000000  0.000000  0.000000  2.000000  
13.505601 0.008454  0.089960  -0.012390  0.997464  0.071167  0.001004  -0.071171  0.997453  0.004671  -0.000669  -0.004731  0.999989  0.001428  -0.000665  -0.004517  0.000000  0.000000  0.000000  2.000000  
13.506613 0.008455  0.089960  -0.012394  0.997464  0.071167  0.001004  -0.071171  0.997453  0.004671  -0.000669  -0.004731  0.999989  0.001352  -0.000550  -0.004440  0.000000  0.000000  0.000000  2.000000  
13.507863 0.008456  0.089961  -0.012399  0.997464  0.071167  0.001004  -0.071171  0.997453  0.004671  -0.000669  -0.004731  0.999989  0.001268  -0.000407  -0.004377  0.000000  0.000000  0.000000  2.000000  
13.509104 0.008457  0.089961  -0.012405  0.997464  0.071167  0.001004  -0.071171  0.997453  0.004671  -0.000669  -0.004731  0.999989  0.001211  -0.000296  -0.004348  0.000000  0.000000  0.000000  2.000000  
13.510106 0.008458  0.089961  -0.012409  0.997464  0.071167  0.001004  -0.071171  0.997453  0.004671  -0.000669  -0.004731  0.999989  0.001168  -0.000237  -0.004293  0.000000  0.000000  0.000000  2.000000  
13.511357 0.008460  0.089961  -0.012415  0.997464  0.071167  0.001004  -0.071171  0.997453  0.004671  -0.000669  -0.004731  0.999989  0.001135  -0.000154  -0.004319  0.000000  0.000000  0.000000  2.000000  
13.512605 0.008462  0.089961  -0.012420  0.997464  0.071167  0.001004  -0.071171  0.997453  0.004671  -0.000669  -0.004731  0.999989  0.001107  -0.000125  -0.004258  0.000000  0.000000  0.000000  2.000000  
13.513605 0.008463  0.089961  -0.012424  0.997464  0.071167  0.001004  -0.071171  0.997453  0.004671  -0.000669  -0.004731  0.999989  0.001124  -0.000066  -0.004244  0.000000  0.000000  0.000000  2.000000  
13.514608 0.008464  0.089961  -0.012428  0.997464  0.071167  0.001004  -0.071171  0.997453  0.004671  -0.000669  -0.004731  0.999989  0.001101  -0.000036  -0.004215  0.000000  0.000000  0.000000  2.000000  
13.515608 0.008465  0.089960  -0.012432  0.997464  0.071167  0.001004  -0.071171  0.997453  0.004671  -0.000669  -0.004731  0.999989  0.001101  -0.000036  -0.004214  0.000000  0.000000  0.000000  2.000000  
13.516851 0.008467  0.089960  -0.012438  0.997464  0.071167  0.001004  -0.071171  0.997453  0.004671  -0.000669  -0.004731  0.999989  0.001160  -0.000046  -0.004228  0.000000  0.000000  0.000000  2.000000  
13.517853 0.008468  0.089960  -0.012442  0.997464  0.071167  0.001004  -0.071171  0.997453  0.004671  -0.000669  -0.004731  0.999989  0.001164  -0.000065  -0.004213  0.000000  0.000000  0.000000  2.000000  
13.518853 0.008470  0.089959  -0.012446  0.997464  0.071167  0.001004  -0.071171  0.997453  0.004671  -0.000669  -0.004731  0.999989  0.001179  -0.000098  -0.004209  0.000000  0.000000  0.000000  2.000000  
13.520101 0.008472  0.089959  -0.012452  0.997464  0.071167  0.001004  -0.071171  0.997453  0.004671  -0.000669  -0.004731  0.999989  0.001275  -0.000078  -0.004232  0.000000  0.000000  0.000000  2.000000  
13.521359 0.008474  0.089958  -0.012456  0.997464  0.071167  0.001004  -0.071171  0.997453  0.004671  -0.000669  -0.004731  0.999989  0.001305  -0.000156  -0.004210  0.000000  0.000000  0.000000  2.000000  
13.522365 0.008476  0.089958  -0.012460  0.997464  0.071167  0.001004  -0.071171  0.997453  0.004671  -0.000669  -0.004731  0.999989  0.001364  -0.000185  -0.004201  0.000000  0.000000  0.000000  2.000000  
13.523608 0.008478  0.089957  -0.012466  0.997464  0.071167  0.001004  -0.071171  0.997453  0.004671  -0.000669  -0.004731  0.999989  0.001402  -0.000263  -0.004202  0.000000  0.000000  0.000000  2.000000  
13.524859 0.008480  0.089956  -0.012471  0.997464  0.071167  0.001004  -0.071171  0.997453  0.004671  -0.000669  -0.004731  0.999989  0.001487  -0.000323  -0.004226  0.000000  0.000000  0.000000  2.000000  
13.526104 0.008482  0.089955  -0.012476  0.997464  0.071167  0.001004  -0.071171  0.997453  0.004671  -0.000669  -0.004731  0.999989  0.001502  -0.000400  -0.004165  0.000000  0.000000  0.000000  2.000000  
13.527107 0.008484  0.089954  -0.012480  0.997464  0.071167  0.001004  -0.071171  0.997453  0.004671  -0.000669  -0.004731  0.999989  0.001542  -0.000482  -0.004167  0.000000  0.000000  0.000000  2.000000  
13.528359 0.008486  0.089953  -0.012485  0.997464  0.071167  0.001004  -0.071171  0.997453  0.004671  -0.000669  -0.004731  0.999989  0.001573  -0.000538  -0.004184  0.000000  0.000000  0.000000  2.000000  
13.529605 0.008488  0.089952  -0.012490  0.997464  0.071167  0.001004  -0.071171  0.997453  0.004671  -0.000669  -0.004731  0.999989  0.001643  -0.000592  -0.004178  0.000000  0.000000  0.000000  2.000000  
13.530608 0.008490  0.089951  -0.012495  0.997464  0.071167  0.001004  -0.071171  0.997453  0.004671  -0.000669  -0.004731  0.999989  0.001652  -0.000618  -0.004167  0.000000  0.000000  0.000000  2.000000  
13.531852 0.008492  0.089950  -0.012500  0.997464  0.071167  0.001004  -0.071171  0.997453  0.004671  -0.000669  -0.004731  0.999989  0.001673  -0.000674  -0.004142  0.000000  0.000000  0.000000  2.000000  
13.532858 0.008494  0.089949  -0.012504  0.997464  0.071167  0.001004  -0.071171  0.997453  0.004671  -0.000669  -0.004731  0.999989  0.001691  -0.000727  -0.004120  0.000000  0.000000  0.000000  2.000000  
13.534101 0.008496  0.089948  -0.012509  0.997464  0.071167  0.001004  -0.071171  0.997453  0.004671  -0.000669  -0.004731  0.999989  0.001697  -0.000748  -0.004119  0.000000  0.000000  0.000000  2.000000  
13.535106 0.008497  0.089947  -0.012513  0.997464  0.071167  0.001004  -0.071171  0.997453  0.004671  -0.000669  -0.004731  0.999989  0.001691  -0.000811  -0.004161  0.000000  0.000000  0.000000  2.000000  
13.536351 0.008499  0.089946  -0.012519  0.997449  0.071373  0.001005  -0.071377  0.997439  0.004671  -0.000669  -0.004731  0.999989  0.001697  -0.000831  -0.004159  0.000000  0.000000  0.000000  2.000000  
13.537370 0.008501  0.089945  -0.012523  0.997449  0.071373  0.001005  -0.071377  0.997439  0.004671  -0.000669  -0.004731  0.999989  0.001666  -0.000863  -0.004167  0.000000  0.000000  0.000000  2.000000  
13.538603 0.008503  0.089944  -0.012528  0.997449  0.071373  0.001005  -0.071377  0.997439  0.004671  -0.000669  -0.004731  0.999989  0.001653  -0.000854  -0.004142  0.000000  0.000000  0.000000  2.000000  
13.539605 0.008504  0.089943  -0.012532  0.997449  0.071373  0.001005  -0.071377  0.997439  0.004671  -0.000669  -0.004731  0.999989  0.001652  -0.000854  -0.004141  0.000000  0.000000  0.000000  2.000000  
13.540857 0.008506  0.089942  -0.012538  0.997449  0.071373  0.000996  -0.071377  0.997439  0.004550  -0.000669  -0.004609  0.999989  0.001626  -0.000865  -0.004203  0.000000  0.000000  0.000000  2.000000  
13.541858 0.008508  0.089942  -0.012541  0.997449  0.071373  0.000996  -0.071377  0.997439  0.004550  -0.000669  -0.004609  0.999989  0.001646  -0.000834  -0.004145  0.000000  0.000000  0.000000  2.000000  
13.543105 0.008510  0.089941  -0.012546  0.997449  0.071373  0.000996  -0.071377  0.997439  0.004550  -0.000669  -0.004609  0.999989  0.001630  -0.000824  -0.004114  0.000000  0.000000  0.000000  2.000000  
13.544106 0.008512  0.089940  -0.012550  0.997449  0.071373  0.000996  -0.071377  0.997439  0.004550  -0.000669  -0.004609  0.999989  0.001592  -0.000831  -0.004140  0.000000  0.000000  0.000000  2.000000  
13.545357 0.008514  0.089939  -0.012555  0.997449  0.071373  0.000996  -0.071377  0.997439  0.004550  -0.000669  -0.004609  0.999989  0.001610  -0.000795  -0.004090  0.000000  0.000000  0.000000  2.000000  
13.546366 0.008515  0.089939  -0.012559  0.997449  0.071373  0.000996  -0.071377  0.997439  0.004550  -0.000669  -0.004609  0.999989  0.001580  -0.000739  -0.004074  0.000000  0.000000  0.000000  2.000000  
13.547368 0.008517  0.089939  -0.012562  0.997449  0.071373  0.000996  -0.071377  0.997439  0.004550  -0.000669  -0.004609  0.999989  0.001611  -0.000715  -0.004039  0.000000  0.000000  0.000000  2.000000  
13.548603 0.008519  0.089939  -0.012567  0.997449  0.071373  0.000996  -0.071377  0.997439  0.004550  -0.000669  -0.004609  0.999989  0.001613  -0.000632  -0.004004  0.000000  0.000000  0.000000  2.000000  
13.549851 0.008521  0.089938  -0.012572  0.997435  0.071578  0.000997  -0.071582  0.997424  0.004550  -0.000669  -0.004609  0.999989  0.001621  -0.000573  -0.003965  0.000000  0.000000  0.000000  2.000000  
13.550853 0.008522  0.089938  -0.012576  0.997435  0.071578  0.000997  -0.071582  0.997424  0.004550  -0.000669  -0.004609  0.999989  0.001600  -0.000543  -0.003938  0.000000  0.000000  0.000000  2.000000  
