1-Time 2-Px 3-Py 4-Pz 5-R11 6-R21 7-R31 8-R12 9-R22 10-R32 11-R13 12-R23 13-R33 14-Vx 15-Vy 16-Vz 17-Wx 18-Wy 19-Wz 20-state 21-PR11 22-PR21 23-PR31 24-PR12 25-PR22 26-PR32 27-PR13 28-PR23 29-PR33 
202.732641 0.005043  0.095786  -0.007202  0.996783  0.068857  0.041007  -0.070710  0.996454  0.045591  -0.037722  -0.048344  0.998118  0.001433  0.000887  -0.000004  0.000000  0.000000  0.000000  2.000000  
202.733644 0.005044  0.095786  -0.007202  0.996783  0.068857  0.041007  -0.070710  0.996454  0.045591  -0.037722  -0.048344  0.998118  0.001390  0.000861  0.000010  0.000000  0.000000  0.000000  2.000000  
202.734650 0.005046  0.095787  -0.007201  0.996749  0.069256  0.041167  -0.071120  0.996421  0.045686  -0.037856  -0.048465  0.998107  0.001415  0.000869  0.000074  0.000000  0.000000  0.000000  2.000000  
202.735903 0.005048  0.095788  -0.007201  0.996700  0.069865  0.041329  -0.071735  0.996378  0.045651  -0.037990  -0.048465  0.998102  0.001440  0.000802  0.000103  0.000000  0.000000  0.000000  2.000000  
202.737149 0.005050  0.095787  -0.007201  0.996680  0.070059  0.041480  -0.071940  0.996359  0.045753  -0.038123  -0.048586  0.998091  0.001475  0.000712  0.000141  0.000000  0.000000  0.000000  2.000000  
202.738150 0.005053  0.095787  -0.007201  0.996645  0.070457  0.041640  -0.072350  0.996325  0.045848  -0.038257  -0.048706  0.998080  0.001513  0.000642  0.000135  0.000000  0.000000  0.000000  2.000000  
202.739166 0.005055  0.095787  -0.007200  0.996630  0.070657  0.041658  -0.072555  0.996305  0.045960  -0.038257  -0.048827  0.998074  0.001574  0.000579  0.000193  0.000000  0.000000  0.000000  2.000000  
202.740399 0.005058  0.095787  -0.007200  0.996590  0.071269  0.041571  -0.073171  0.996249  0.046186  -0.038123  -0.049070  0.998068  0.001691  0.000520  0.000247  0.000000  0.000000  0.000000  2.000000  
202.741401 0.005061  0.095788  -0.007199  0.996565  0.071681  0.041465  -0.073582  0.996214  0.046299  -0.037990  -0.049191  0.998067  0.001750  0.000501  0.000252  0.000000  0.000000  0.000000  2.000000  
202.742644 0.005064  0.095788  -0.007198  0.996515  0.072284  0.041636  -0.074197  0.996164  0.046384  -0.038123  -0.049312  0.998056  0.001858  0.000464  0.000297  0.000000  0.000000  0.000000  2.000000  
202.743894 0.005068  0.095789  -0.007198  0.996448  0.073093  0.041816  -0.075017  0.996099  0.046461  -0.038257  -0.049433  0.998044  0.002015  0.000431  0.000336  0.000000  0.000000  0.000000  2.000000  
202.745143 0.005072  0.095791  -0.007196  0.996396  0.073697  0.041987  -0.075632  0.996049  0.046546  -0.038391  -0.049554  0.998033  0.002202  0.000481  0.000476  0.030084  -0.021952  0.171985  2.000000  
202.746396 0.005077  0.095793  -0.007192  0.996329  0.074505  0.042167  -0.076452  0.995983  0.046622  -0.038524  -0.049674  0.998022  0.002392  0.000584  0.000659  0.033101  -0.032300  0.199144  2.000000  
202.747401 0.005080  0.095795  -0.007190  0.996281  0.075120  0.042196  -0.077068  0.995936  0.046596  -0.038524  -0.049674  0.998022  0.002555  0.000660  0.000823  0.032302  -0.033313  0.219820  2.000000  
202.748407 0.005084  0.095797  -0.007187  0.996249  0.075525  0.042225  -0.077478  0.995900  0.046699  -0.038524  -0.049795  0.998016  0.002718  0.000736  0.000987  0.035840  -0.033997  0.233566  2.000000  
202.749644 0.005088  0.095799  -0.007185  0.996201  0.076135  0.042263  -0.078093  0.995847  0.046794  -0.038524  -0.049916  0.998010  0.002841  0.000818  0.001090  0.039142  -0.035049  0.254396  2.000000  
202.750649 0.005092  0.095800  -0.007184  0.996169  0.076540  0.042291  -0.078503  0.995810  0.046897  -0.038524  -0.050038  0.998004  0.002945  0.000868  0.001193  0.042681  -0.035738  0.268148  2.000000  
202.751896 0.005096  0.095801  -0.007181  0.996121  0.077150  0.042329  -0.079119  0.995757  0.046992  -0.038524  -0.050159  0.997998  0.003056  0.000928  0.001334  0.045972  -0.036785  0.288911  2.000000  
202.752898 0.005099  0.095801  -0.007180  0.996071  0.077760  0.042368  -0.079734  0.995703  0.047086  -0.038524  -0.050280  0.997992  0.003134  0.000952  0.001421  0.049256  -0.037827  0.309623  2.000000  
202.754147 0.005104  0.095801  -0.007180  0.996017  0.078363  0.042540  -0.080349  0.995650  0.047170  -0.038658  -0.050400  0.997981  0.003236  0.000946  0.001385  0.052508  -0.043355  0.330055  2.000000  
202.755402 0.005108  0.095801  -0.007180  0.995967  0.078973  0.042578  -0.080964  0.995596  0.047265  -0.038658  -0.050521  0.997975  0.003276  0.000907  0.001361  0.055778  -0.044393  0.350690  2.000000  
202.756646 0.005111  0.095800  -0.007180  0.995912  0.079570  0.042760  -0.081578  0.995536  0.047469  -0.038792  -0.050763  0.997957  0.003323  0.000800  0.001233  0.063127  -0.049969  0.371279  2.000000  
202.757647 0.005114  0.095798  -0.007182  0.995895  0.079770  0.042779  -0.081783  0.995514  0.047581  -0.038792  -0.050884  0.997951  0.003325  0.000668  0.001118  0.071013  -0.050311  0.378178  2.000000  
202.758649 0.005116  0.095796  -0.007183  0.995878  0.079970  0.042799  -0.081988  0.995491  0.047693  -0.038792  -0.051005  0.997945  0.003255  0.000483  0.000997  0.075086  -0.050332  0.378156  2.000000  
202.759894 0.005119  0.095794  -0.007185  0.995844  0.080375  0.042828  -0.082398  0.995453  0.047796  -0.038792  -0.051126  0.997939  0.003171  0.000210  0.000743  0.078644  -0.051051  0.392027  2.000000  
202.760899 0.005122  0.095793  -0.007187  0.995810  0.080779  0.042858  -0.082809  0.995414  0.047899  -0.038792  -0.051248  0.997932  0.003132  -0.000017  0.000430  0.082167  -0.051749  0.405718  2.000000  
202.762142 0.005124  0.095791  -0.007189  0.995793  0.080974  0.042887  -0.083014  0.995385  0.048132  -0.038792  -0.051490  0.997920  0.002987  -0.000304  0.000081  0.090117  -0.056657  0.412562  2.000000  
202.763144 0.005126  0.095789  -0.007190  0.995776  0.081179  0.042897  -0.083219  0.995369  0.048123  -0.038792  -0.051490  0.997920  0.002865  -0.000494  -0.000170  0.089110  -0.056531  0.416002  2.000000  
202.764399 0.005128  0.095787  -0.007193  0.995759  0.081378  0.042917  -0.083424  0.995346  0.048235  -0.038792  -0.051611  0.997914  0.002683  -0.000820  -0.000537  0.089096  -0.052135  0.416283  2.000000  
202.765641 0.005129  0.095785  -0.007195  0.995759  0.081373  0.042927  -0.083424  0.995340  0.048356  -0.038792  -0.051732  0.997907  0.002508  -0.001003  -0.000740  0.093900  -0.046673  0.395942  2.000000  
202.766644 0.005130  0.095783  -0.007196  0.995742  0.081578  0.042937  -0.083629  0.995323  0.048347  -0.038792  -0.051732  0.997907  0.002329  -0.001183  -0.000990  0.090100  -0.041901  0.389341  2.000000  
202.767652 0.005130  0.095781  -0.007198  0.995742  0.081578  0.042937  -0.083629  0.995323  0.048347  -0.038792  -0.051732  0.997907  0.002096  -0.001384  -0.001192  0.086983  -0.037421  0.385766  2.000000  
202.768896 0.005130  0.095778  -0.007200  0.995742  0.081578  0.042937  -0.083629  0.995323  0.048347  -0.038792  -0.051732  0.997907  0.001821  -0.001536  -0.001345  0.082770  -0.036453  0.368966  2.000000  
202.770147 0.005129  0.095776  -0.007202  0.995742  0.081573  0.042947  -0.083629  0.995318  0.048468  -0.038792  -0.051853  0.997901  0.001451  -0.001698  -0.001491  0.080206  -0.040269  0.351090  2.000000  
202.771401 0.005128  0.095773  -0.007204  0.995742  0.081573  0.042947  -0.083629  0.995318  0.048468  -0.038792  -0.051853  0.997901  0.001120  -0.001794  -0.001561  0.076929  -0.043722  0.330056  2.000000  
202.772402 0.005127  0.095771  -0.007205  0.995759  0.081363  0.042946  -0.083424  0.995329  0.048597  -0.038792  -0.051974  0.997895  0.000866  -0.001868  -0.001619  0.077703  -0.038219  0.309555  2.000000  
202.773402 0.005125  0.095768  -0.007207  0.995759  0.081363  0.042946  -0.083424  0.995329  0.048597  -0.038792  -0.051974  0.997895  0.000613  -0.001930  -0.001639  0.074422  -0.037184  0.288828  2.000000  
202.774645 0.005123  0.095766  -0.007210  0.995759  0.081363  0.042946  -0.083424  0.995329  0.048597  -0.038792  -0.051974  0.997895  0.000327  -0.001929  -0.001689  0.070554  -0.031403  0.266184  2.000000  
202.775648 0.005121  0.095763  -0.007214  0.995776  0.081153  0.042946  -0.083219  0.995339  0.048727  -0.038792  -0.052095  0.997888  0.000025  -0.002034  -0.001827  0.076263  -0.025781  0.240987  2.000000  
202.776894 0.005119  0.095759  -0.007218  0.995776  0.081147  0.042956  -0.083219  0.995333  0.048847  -0.038792  -0.052216  0.997882  -0.000363  -0.002130  -0.001979  0.077322  -0.019910  0.213606  2.000000  
202.777897 0.005117  0.095756  -0.007222  0.995793  0.080942  0.042946  -0.083014  0.995350  0.048856  -0.038792  -0.052216  0.997882  -0.000629  -0.002211  -0.002133  0.074046  -0.018864  0.192884  2.000000  
202.779144 0.005114  0.095753  -0.007227  0.995793  0.080937  0.042956  -0.083014  0.995344  0.048977  -0.038792  -0.052337  0.997876  -0.000925  -0.002321  -0.002310  0.078287  -0.017672  0.170777  2.000000  
202.780395 0.005112  0.095750  -0.007231  0.995810  0.080727  0.042956  -0.082809  0.995355  0.049107  -0.038792  -0.052458  0.997869  -0.001147  -0.002376  -0.002478  0.000000  0.000000  0.000000  2.000000  
202.781397 0.005110  0.095748  -0.007235  0.995827  0.080517  0.042955  -0.082604  0.995365  0.049236  -0.038792  -0.052579  0.997863  -0.001340  -0.002404  -0.002627  0.000000  0.000000  0.000000  2.000000  
202.782399 0.005108  0.095746  -0.007238  0.995827  0.080517  0.042955  -0.082604  0.995365  0.049236  -0.038792  -0.052579  0.997863  -0.001444  -0.002348  -0.002716  0.000000  0.000000  0.000000  2.000000  
202.783644 0.005106  0.095744  -0.007242  0.995844  0.080307  0.042955  -0.082398  0.995376  0.049366  -0.038792  -0.052700  0.997857  -0.001559  -0.002333  -0.002822  0.000000  0.000000  0.000000  2.000000  
202.784650 0.005105  0.095742  -0.007244  0.995844  0.080307  0.042955  -0.082398  0.995376  0.049366  -0.038792  -0.052700  0.997857  -0.001651  -0.002299  -0.002898  0.000000  0.000000  0.000000  2.000000  
202.785902 0.005103  0.095740  -0.007247  0.995861  0.080097  0.042954  -0.082193  0.995387  0.049495  -0.038792  -0.052821  0.997850  -0.001704  -0.002269  -0.002975  0.000000  0.000000  0.000000  2.000000  
202.787147 0.005102  0.095739  -0.007250  0.995861  0.080092  0.042964  -0.082193  0.995381  0.049616  -0.038792  -0.052942  0.997844  -0.001658  -0.002150  -0.002999  0.000000  0.000000  0.000000  2.000000  
202.788409 0.005101  0.095739  -0.007252  0.995878  0.079887  0.042954  -0.081988  0.995397  0.049625  -0.038792  -0.052942  0.997844  -0.001570  -0.001944  -0.002953  0.000000  0.000000  0.000000  2.000000  
202.789646 0.005101  0.095739  -0.007253  0.995878  0.079881  0.042964  -0.081988  0.995391  0.049746  -0.038792  -0.053063  0.997837  -0.001489  -0.001763  -0.002869  0.000000  0.000000  0.000000  2.000000  
202.790896 0.005102  0.095740  -0.007254  0.995895  0.079676  0.042953  -0.081783  0.995407  0.049755  -0.038792  -0.053063  0.997837  -0.001307  -0.001468  -0.002642  0.000000  0.000000  0.000000  2.000000  
202.792146 0.005102  0.095741  -0.007256  0.995895  0.079671  0.042963  -0.081783  0.995401  0.049875  -0.038792  -0.053184  0.997831  -0.001031  -0.001157  -0.002406  0.000000  0.000000  0.000000  2.000000  
202.793151 0.005103  0.095741  -0.007257  0.995895  0.079666  0.042973  -0.081783  0.995395  0.049996  -0.038792  -0.053305  0.997825  -0.000842  -0.000935  -0.002240  0.000000  0.000000  0.000000  2.000000  
202.794406 0.005105  0.095743  -0.007258  0.995895  0.079666  0.042973  -0.081783  0.995395  0.049996  -0.038792  -0.053305  0.997825  -0.000573  -0.000625  -0.001976  0.000000  0.000000  0.000000  2.000000  
202.795642 0.005107  0.095744  -0.007259  0.995912  0.079456  0.042972  -0.081578  0.995406  0.050126  -0.038792  -0.053426  0.997818  -0.000294  -0.000346  -0.001809  0.000000  0.000000  0.000000  2.000000  
202.796643 0.005109  0.095745  -0.007260  0.995912  0.079451  0.042982  -0.081578  0.995400  0.050246  -0.038792  -0.053547  0.997812  -0.000032  -0.000119  -0.001614  0.000000  0.000000  0.000000  2.000000  
202.797647 0.005111  0.095746  -0.007262  0.995912  0.079446  0.042991  -0.081578  0.995393  0.050367  -0.038792  -0.053668  0.997805  0.000250  0.000055  -0.001501  0.000000  0.000000  0.000000  2.000000  
202.798894 0.005114  0.095747  -0.007263  0.995912  0.079440  0.043001  -0.081578  0.995387  0.050488  -0.038792  -0.053789  0.997799  0.000566  0.000250  -0.001380  0.000000  0.000000  0.000000  2.000000  
202.799894 0.005117  0.095748  -0.007265  0.995912  0.079435  0.043011  -0.081578  0.995381  0.050609  -0.038792  -0.053910  0.997792  0.000859  0.000429  -0.001292  0.000000  0.000000  0.000000  2.000000  
202.800901 0.005120  0.095749  -0.007266  0.995895  0.079635  0.043031  -0.081783  0.995359  0.050720  -0.038792  -0.054031  0.997785  0.001108  0.000582  -0.001256  0.000000  0.000000  0.000000  2.000000  
202.802147 0.005123  0.095750  -0.007268  0.995895  0.079630  0.043040  -0.081783  0.995353  0.050841  -0.038792  -0.054152  0.997779  0.001474  0.000766  -0.001205  0.000000  0.000000  0.000000  2.000000  
202.803401 0.005127  0.095752  -0.007269  0.995895  0.079624  0.043050  -0.081783  0.995346  0.050962  -0.038792  -0.054273  0.997772  0.001701  0.000842  -0.001173  0.000000  0.000000  0.000000  2.000000  
202.804402 0.005130  0.095753  -0.007270  0.995895  0.079619  0.043060  -0.081783  0.995340  0.051083  -0.038792  -0.054394  0.997766  0.001948  0.000911  -0.001117  0.000000  0.000000  0.000000  2.000000  
202.805647 0.005134  0.095755  -0.007271  0.995878  0.079819  0.043080  -0.081988  0.995318  0.051194  -0.038792  -0.054515  0.997759  0.002194  0.000991  -0.001109  0.000000  0.000000  0.000000  2.000000  
202.806897 0.005138  0.095757  -0.007271  0.995883  0.079821  0.042957  -0.081989  0.995311  0.051326  -0.038658  -0.054637  0.997758  0.002425  0.001086  -0.001028  0.000000  0.000000  0.000000  2.000000  
202.808146 0.005142  0.095759  -0.007271  0.995883  0.079816  0.042966  -0.081989  0.995304  0.051447  -0.038658  -0.054758  0.997751  0.002554  0.001182  -0.000936  0.000000  0.000000  0.000000  2.000000  
202.809399 0.005145  0.095761  -0.007271  0.995866  0.080015  0.042986  -0.082194  0.995282  0.051559  -0.038658  -0.054879  0.997744  0.002664  0.001240  -0.000901  0.000000  0.000000  0.000000  2.000000  
202.810646 0.005148  0.095764  -0.007271  0.995866  0.080015  0.042986  -0.082194  0.995282  0.051559  -0.038658  -0.054879  0.997744  0.002781  0.001328  -0.000777  0.000000  0.000000  0.000000  2.000000  
202.811895 0.005151  0.095766  -0.007272  0.995849  0.080215  0.043007  -0.082399  0.995259  0.051671  -0.038658  -0.055000  0.997738  0.002757  0.001356  -0.000753  0.000000  0.000000  0.000000  2.000000  
202.813142 0.005154  0.095768  -0.007272  0.995849  0.080210  0.043017  -0.082399  0.995253  0.051791  -0.038658  -0.055121  0.997731  0.002745  0.001433  -0.000685  0.000000  0.000000  0.000000  2.000000  
202.814142 0.005156  0.095769  -0.007272  0.995832  0.080415  0.043027  -0.082604  0.995236  0.051782  -0.038658  -0.055121  0.997731  0.002700  0.001464  -0.000593  0.000000  0.000000  0.000000  2.000000  
202.815144 0.005157  0.095771  -0.007273  0.995832  0.080409  0.043037  -0.082604  0.995230  0.051903  -0.038658  -0.055242  0.997724  0.002659  0.001513  -0.000544  0.000000  0.000000  0.000000  2.000000  
202.816149 0.005159  0.095772  -0.007273  0.995832  0.080409  0.043037  -0.082604  0.995230  0.051903  -0.038658  -0.055242  0.997724  0.002556  0.001565  -0.000450  0.000000  0.000000  0.000000  2.000000  
202.817170 0.005161  0.095774  -0.007274  0.995815  0.080609  0.043057  -0.082809  0.995207  0.052015  -0.038658  -0.055363  0.997718  0.002481  0.001585  -0.000420  0.000000  0.000000  0.000000  2.000000  
202.818413 0.005162  0.095774  -0.007276  0.995815  0.080604  0.043067  -0.082809  0.995201  0.052136  -0.038658  -0.055484  0.997711  0.002336  0.001554  -0.000397  0.000000  0.000000  0.000000  2.000000  
202.819648 0.005163  0.095775  -0.007277  0.995798  0.080804  0.043088  -0.083014  0.995178  0.052248  -0.038658  -0.055605  0.997704  0.002168  0.001440  -0.000473  0.000000  0.000000  0.000000  2.000000  
202.820900 0.005165  0.095775  -0.007279  0.995798  0.080798  0.043098  -0.083014  0.995171  0.052368  -0.038658  -0.055726  0.997697  0.001957  0.001320  -0.000580  0.000000  0.000000  0.000000  2.000000  
202.822147 0.005165  0.095775  -0.007281  0.995781  0.080998  0.043118  -0.083219  0.995148  0.052480  -0.038658  -0.055847  0.997691  0.001769  0.001182  -0.000679  0.000000  0.000000  0.000000  2.000000  
202.823149 0.005166  0.095774  -0.007282  0.995781  0.080993  0.043128  -0.083219  0.995142  0.052601  -0.038658  -0.055968  0.997684  0.001616  0.001014  -0.000769  0.000000  0.000000  0.000000  2.000000  
202.824402 0.005166  0.095774  -0.007284  0.995781  0.080988  0.043138  -0.083219  0.995136  0.052722  -0.038658  -0.056089  0.997677  0.001391  0.000819  -0.000875  0.000000  0.000000  0.000000  2.000000  
202.825647 0.005167  0.095773  -0.007286  0.995764  0.081187  0.043159  -0.083424  0.995113  0.052833  -0.038658  -0.056210  0.997670  0.001215  0.000608  -0.000943  0.000000  0.000000  0.000000  2.000000  
202.826894 0.005167  0.095772  -0.007288  0.995764  0.081187  0.043159  -0.083424  0.995113  0.052833  -0.038658  -0.056210  0.997670  0.001038  0.000407  -0.001071  0.000000  0.000000  0.000000  2.000000  
202.827896 0.005167  0.095772  -0.007289  0.995764  0.081182  0.043168  -0.083424  0.995106  0.052954  -0.038658  -0.056331  0.997663  0.000858  0.000228  -0.001132  0.000000  0.000000  0.000000  2.000000  
202.829144 0.005166  0.095771  -0.007290  0.995764  0.081182  0.043168  -0.083424  0.995106  0.052954  -0.038658  -0.056331  0.997663  0.000692  0.000071  -0.001156  0.000000  0.000000  0.000000  2.000000  
202.830394 0.005166  0.095770  -0.007291  0.995764  0.081177  0.043178  -0.083424  0.995100  0.053075  -0.038658  -0.056452  0.997657  0.000507  -0.000118  -0.001233  0.000000  0.000000  0.000000  2.000000  
202.831398 0.005166  0.095770  -0.007292  0.995764  0.081177  0.043178  -0.083424  0.995100  0.053075  -0.038658  -0.056452  0.997657  0.000392  -0.000197  -0.001225  0.000000  0.000000  0.000000  2.000000  
202.832648 0.005165  0.095769  -0.007293  0.995764  0.081177  0.043178  -0.083424  0.995100  0.053075  -0.038658  -0.056452  0.997657  0.000234  -0.000351  -0.001261  0.000000  0.000000  0.000000  2.000000  
202.833896 0.005164  0.095768  -0.007294  0.995764  0.081177  0.043178  -0.083424  0.995100  0.053075  -0.038658  -0.056452  0.997657  0.000108  -0.000426  -0.001219  0.000000  0.000000  0.000000  2.000000  
202.834897 0.005164  0.095768  -0.007295  0.995764  0.081171  0.043188  -0.083424  0.995093  0.053196  -0.038658  -0.056573  0.997650  -0.000018  -0.000509  -0.001197  0.000000  0.000000  0.000000  2.000000  
202.835900 0.005163  0.095767  -0.007297  0.995747  0.081376  0.043199  -0.083629  0.995077  0.053187  -0.038658  -0.056573  0.997650  -0.000090  -0.000563  -0.001204  0.000000  0.000000  0.000000  2.000000  
202.837146 0.005162  0.095765  -0.007299  0.995747  0.081376  0.043199  -0.083629  0.995077  0.053187  -0.038658  -0.056573  0.997650  -0.000202  -0.000631  -0.001176  0.000000  0.000000  0.000000  2.000000  
202.838410 0.005161  0.095764  -0.007301  0.995747  0.081376  0.043199  -0.083629  0.995077  0.053187  -0.038658  -0.056573  0.997650  -0.000329  -0.000698  -0.001196  0.000000  0.000000  0.000000  2.000000  
202.839646 0.005161  0.095762  -0.007303  0.995747  0.081371  0.043209  -0.083629  0.995070  0.053307  -0.038658  -0.056694  0.997643  -0.000402  -0.000752  -0.001203  0.000000  0.000000  0.000000  2.000000  
202.840897 0.005160  0.095761  -0.007305  0.995747  0.081371  0.043209  -0.083629  0.995070  0.053307  -0.038658  -0.056694  0.997643  -0.000466  -0.000828  -0.001200  0.000000  0.000000  0.000000  2.000000  
202.842145 0.005160  0.095759  -0.007307  0.995747  0.081371  0.043209  -0.083629  0.995070  0.053307  -0.038658  -0.056694  0.997643  -0.000471  -0.000862  -0.001289  0.000000  0.000000  0.000000  2.000000  
202.843148 0.005160  0.095758  -0.007309  0.995752  0.081373  0.043086  -0.083629  0.995063  0.053439  -0.038524  -0.056815  0.997641  -0.000489  -0.000893  -0.001344  0.000000  0.000000  0.000000  2.000000  
202.844150 0.005160  0.095758  -0.007311  0.995752  0.081373  0.043086  -0.083629  0.995063  0.053439  -0.038524  -0.056815  0.997641  -0.000425  -0.000892  -0.001382  0.000000  0.000000  0.000000  2.000000  
202.845396 0.005160  0.095756  -0.007313  0.995752  0.081373  0.043086  -0.083629  0.995063  0.053439  -0.038524  -0.056815  0.997641  -0.000410  -0.000951  -0.001496  0.000000  0.000000  0.000000  2.000000  
202.846643 0.005160  0.095756  -0.007315  0.995752  0.081373  0.043086  -0.083629  0.995063  0.053439  -0.038524  -0.056815  0.997641  -0.000342  -0.000931  -0.001579  0.000000  0.000000  0.000000  2.000000  
202.847644 0.005161  0.095756  -0.007317  0.995752  0.081373  0.043086  -0.083629  0.995063  0.053439  -0.038524  -0.056815  0.997641  -0.000283  -0.000893  -0.001601  0.000000  0.000000  0.000000  2.000000  
202.848646 0.005162  0.095756  -0.007319  0.995752  0.081373  0.043086  -0.083629  0.995063  0.053439  -0.038524  -0.056815  0.997641  -0.000172  -0.000829  -0.001636  0.000000  0.000000  0.000000  2.000000  
202.849892 0.005163  0.095756  -0.007320  0.995752  0.081373  0.043086  -0.083629  0.995063  0.053439  -0.038524  -0.056815  0.997641  -0.000082  -0.000746  -0.001680  0.000000  0.000000  0.000000  2.000000  
202.850901 0.005164  0.095757  -0.007322  0.995735  0.081583  0.043087  -0.083834  0.995053  0.053310  -0.038524  -0.056694  0.997648  0.000050  -0.000649  -0.001661  0.000000  0.000000  0.000000  2.000000  
202.852147 0.005165  0.095757  -0.007323  0.995735  0.081583  0.043087  -0.083834  0.995053  0.053310  -0.038524  -0.056694  0.997648  0.000195  -0.000542  -0.001650  0.000000  0.000000  0.000000  2.000000  
202.853402 0.005166  0.095758  -0.007325  0.995735  0.081583  0.043087  -0.083834  0.995053  0.053310  -0.038524  -0.056694  0.997648  0.000326  -0.000406  -0.001620  0.000000  0.000000  0.000000  2.000000  
202.854647 0.005168  0.095759  -0.007326  0.995735  0.081583  0.043087  -0.083834  0.995053  0.053310  -0.038524  -0.056694  0.997648  0.000508  -0.000201  -0.001579  0.000000  0.000000  0.000000  2.000000  
202.855648 0.005169  0.095760  -0.007328  0.995735  0.081583  0.043087  -0.083834  0.995053  0.053310  -0.038524  -0.056694  0.997648  0.000623  -0.000046  -0.001552  0.000000  0.000000  0.000000  2.000000  
202.856650 0.005170  0.095761  -0.007329  0.995735  0.081583  0.043087  -0.083834  0.995053  0.053310  -0.038524  -0.056694  0.997648  0.000709  0.000080  -0.001544  0.000000  0.000000  0.000000  2.000000  
202.857897 0.005172  0.095762  -0.007332  0.995717  0.081788  0.043098  -0.084039  0.995036  0.053301  -0.038524  -0.056694  0.997648  0.000876  0.000238  -0.001522  0.000000  0.000000  0.000000  2.000000  
202.859144 0.005174  0.095763  -0.007334  0.995717  0.081794  0.043088  -0.084039  0.995042  0.053180  -0.038524  -0.056573  0.997655  0.000971  0.000354  -0.001557  0.000000  0.000000  0.000000  2.000000  
202.860144 0.005176  0.095764  -0.007336  0.995717  0.081794  0.043088  -0.084039  0.995042  0.053180  -0.038524  -0.056573  0.997655  0.001096  0.000503  -0.001564  0.000000  0.000000  0.000000  2.000000  
202.861144 0.005178  0.095765  -0.007339  0.995717  0.081794  0.043088  -0.084039  0.995042  0.053180  -0.038524  -0.056573  0.997655  0.001222  0.000613  -0.001608  0.000000  0.000000  0.000000  2.000000  
202.862394 0.005180  0.095766  -0.007341  0.995700  0.081998  0.043099  -0.084244  0.995025  0.053171  -0.038524  -0.056573  0.997655  0.001310  0.000722  -0.001642  0.000000  0.000000  0.000000  2.000000  
202.863395 0.005182  0.095767  -0.007344  0.995700  0.081998  0.043099  -0.084244  0.995025  0.053171  -0.038524  -0.056573  0.997655  0.001424  0.000801  -0.001651  0.000000  0.000000  0.000000  2.000000  
202.864397 0.005184  0.095768  -0.007346  0.995700  0.081998  0.043099  -0.084244  0.995025  0.053171  -0.038524  -0.056573  0.997655  0.001481  0.000842  -0.001741  0.000000  0.000000  0.000000  2.000000  
202.865397 0.005186  0.095769  -0.007348  0.995705  0.082006  0.042966  -0.084245  0.995025  0.053182  -0.038391  -0.056574  0.997660  0.001570  0.000856  -0.001809  0.000000  0.000000  0.000000  2.000000  
202.866408 0.005188  0.095770  -0.007351  0.995705  0.082006  0.042966  -0.084245  0.995025  0.053182  -0.038391  -0.056574  0.997660  0.001627  0.000898  -0.001900  0.000000  0.000000  0.000000  2.000000  
202.867650 0.005191  0.095771  -0.007353  0.995705  0.082006  0.042966  -0.084245  0.995025  0.053182  -0.038391  -0.056574  0.997660  0.001688  0.000879  -0.001977  0.000000  0.000000  0.000000  2.000000  
202.868897 0.005193  0.095771  -0.007357  0.995688  0.082211  0.042977  -0.084450  0.995008  0.053174  -0.038391  -0.056574  0.997660  0.001767  0.000895  -0.002092  0.000000  0.000000  0.000000  2.000000  
202.870146 0.005195  0.095772  -0.007360  0.995688  0.082211  0.042977  -0.084450  0.995008  0.053174  -0.038391  -0.056574  0.997660  0.001770  0.000840  -0.002170  0.000000  0.000000  0.000000  2.000000  
202.871404 0.005197  0.095772  -0.007363  0.995688  0.082211  0.042977  -0.084450  0.995008  0.053174  -0.038391  -0.056574  0.997660  0.001841  0.000804  -0.002256  0.000000  0.000000  0.000000  2.000000  
202.872646 0.005200  0.095773  -0.007366  0.995693  0.082218  0.042844  -0.084450  0.995007  0.053185  -0.038257  -0.056574  0.997665  0.001841  0.000728  -0.002293  0.000000  0.000000  0.000000  2.000000  
202.873647 0.005201  0.095773  -0.007367  0.995693  0.082218  0.042844  -0.084450  0.995007  0.053185  -0.038257  -0.056574  0.997665  0.001849  0.000705  -0.002283  0.000000  0.000000  0.000000  2.000000  
202.874648 0.005203  0.095773  -0.007370  0.995693  0.082218  0.042844  -0.084450  0.995007  0.053185  -0.038257  -0.056574  0.997665  0.001840  0.000652  -0.002328  0.000000  0.000000  0.000000  2.000000  
202.875894 0.005205  0.095774  -0.007374  0.995693  0.082218  0.042844  -0.084450  0.995007  0.053185  -0.038257  -0.056574  0.997665  0.001855  0.000611  -0.002382  0.000000  0.000000  0.000000  2.000000  
202.877142 0.005207  0.095774  -0.007377  0.995693  0.082218  0.042844  -0.084450  0.995007  0.053185  -0.038257  -0.056574  0.997665  0.001804  0.000533  -0.002412  0.000000  0.000000  0.000000  2.000000  
202.878144 0.005209  0.095774  -0.007380  0.995693  0.082218  0.042844  -0.084450  0.995007  0.053185  -0.038257  -0.056574  0.997665  0.001783  0.000464  -0.002484  0.000000  0.000000  0.000000  2.000000  
202.879398 0.005211  0.095774  -0.007383  0.995710  0.082013  0.042833  -0.084245  0.995024  0.053194  -0.038257  -0.056574  0.997665  0.001769  0.000390  -0.002485  0.000000  0.000000  0.000000  2.000000  
202.880399 0.005212  0.095774  -0.007387  0.995710  0.082013  0.042833  -0.084245  0.995024  0.053194  -0.038257  -0.056574  0.997665  0.001691  0.000303  -0.002581  0.000000  0.000000  0.000000  2.000000  
202.881642 0.005214  0.095774  -0.007390  0.995710  0.082013  0.042833  -0.084245  0.995024  0.053194  -0.038257  -0.056574  0.997665  0.001678  0.000221  -0.002611  0.000000  0.000000  0.000000  2.000000  
202.882648 0.005215  0.095773  -0.007394  0.995710  0.082013  0.042833  -0.084245  0.995024  0.053194  -0.038257  -0.056574  0.997665  0.001649  0.000138  -0.002706  0.000000  0.000000  0.000000  2.000000  
202.883914 0.005217  0.095772  -0.007398  0.995710  0.082013  0.042833  -0.084245  0.995024  0.053194  -0.038257  -0.056574  0.997665  0.001611  0.000064  -0.002745  0.000000  0.000000  0.000000  2.000000  
202.885148 0.005219  0.095772  -0.007402  0.995710  0.082013  0.042833  -0.084245  0.995024  0.053194  -0.038257  -0.056574  0.997665  0.001616  0.000008  -0.002828  0.000000  0.000000  0.000000  2.000000  
202.886149 0.005220  0.095771  -0.007405  0.995710  0.082008  0.042843  -0.084245  0.995018  0.053314  -0.038257  -0.056695  0.997658  0.001564  -0.000071  -0.002860  0.000000  0.000000  0.000000  2.000000  
202.887438 0.005222  0.095771  -0.007408  0.995710  0.082008  0.042843  -0.084245  0.995018  0.053314  -0.038257  -0.056695  0.997658  0.001542  -0.000102  -0.002905  0.000000  0.000000  0.000000  2.000000  
202.888649 0.005224  0.095771  -0.007412  0.995710  0.082008  0.042843  -0.084245  0.995018  0.053314  -0.038257  -0.056695  0.997658  0.001537  -0.000155  -0.002959  0.000000  0.000000  0.000000  2.000000  
202.889896 0.005226  0.095771  -0.007416  0.995728  0.081803  0.042832  -0.084040  0.995035  0.053323  -0.038257  -0.056695  0.997658  0.001477  -0.000213  -0.003018  0.000000  0.000000  0.000000  2.000000  
202.890896 0.005228  0.095770  -0.007419  0.995728  0.081803  0.042832  -0.084040  0.995035  0.053323  -0.038257  -0.056695  0.997658  0.001497  -0.000237  -0.003024  0.000000  0.000000  0.000000  2.000000  
202.891897 0.005229  0.095770  -0.007422  0.995728  0.081803  0.042832  -0.084040  0.995035  0.053323  -0.038257  -0.056695  0.997658  0.001479  -0.000268  -0.003078  0.000000  0.000000  0.000000  2.000000  
202.893143 0.005230  0.095770  -0.007426  0.995728  0.081803  0.042832  -0.084040  0.995035  0.053323  -0.038257  -0.056695  0.997658  0.001438  -0.000294  -0.003082  0.000000  0.000000  0.000000  2.000000  
202.894150 0.005232  0.095770  -0.007429  0.995728  0.081803  0.042832  -0.084040  0.995035  0.053323  -0.038257  -0.056695  0.997658  0.001441  -0.000273  -0.003109  0.000000  0.000000  0.000000  2.000000  
202.895396 0.005233  0.095770  -0.007433  0.995728  0.081803  0.042832  -0.084040  0.995035  0.053323  -0.038257  -0.056695  0.997658  0.001429  -0.000271  -0.003092  0.000000  0.000000  0.000000  2.000000  
202.896642 0.005235  0.095770  -0.007437  0.995728  0.081798  0.042842  -0.084040  0.995028  0.053444  -0.038257  -0.056816  0.997651  0.001422  -0.000248  -0.003090  0.000000  0.000000  0.000000  2.000000  
202.897644 0.005236  0.095770  -0.007440  0.995728  0.081798  0.042842  -0.084040  0.995028  0.053444  -0.038257  -0.056816  0.997651  0.001392  -0.000202  -0.003087  0.000000  0.000000  0.000000  2.000000  
202.898647 0.005237  0.095770  -0.007443  0.995728  0.081798  0.042842  -0.084040  0.995028  0.053444  -0.038257  -0.056816  0.997651  0.001384  -0.000177  -0.003083  0.000000  0.000000  0.000000  2.000000  
202.899892 0.005239  0.095770  -0.007447  0.995728  0.081798  0.042842  -0.084040  0.995028  0.053444  -0.038257  -0.056816  0.997651  0.001363  -0.000155  -0.003072  0.000000  0.000000  0.000000  2.000000  
202.900897 0.005240  0.095770  -0.007451  0.995728  0.081798  0.042842  -0.084040  0.995028  0.053444  -0.038257  -0.056816  0.997651  0.001358  -0.000113  -0.003125  0.000000  0.000000  0.000000  2.000000  
202.901899 0.005242  0.095769  -0.007454  0.995728  0.081793  0.042852  -0.084040  0.995022  0.053565  -0.038257  -0.056937  0.997645  0.001317  -0.000115  -0.003138  0.000000  0.000000  0.000000  2.000000  
202.903148 0.005243  0.095769  -0.007459  0.995728  0.081793  0.042852  -0.084040  0.995022  0.053565  -0.038257  -0.056937  0.997645  0.001305  -0.000126  -0.003240  0.000000  0.000000  0.000000  2.000000  
202.904148 0.005245  0.095769  -0.007462  0.995728  0.081793  0.042852  -0.084040  0.995022  0.053565  -0.038257  -0.056937  0.997645  0.001321  -0.000095  -0.003182  0.000000  0.000000  0.000000  2.000000  
202.905399 0.005246  0.095769  -0.007466  0.995728  0.081793  0.042852  -0.084040  0.995022  0.053565  -0.038257  -0.056937  0.997645  0.001320  -0.000057  -0.003252  0.000000  0.000000  0.000000  2.000000  
202.906408 0.005248  0.095769  -0.007470  0.995728  0.081788  0.042862  -0.084040  0.995015  0.053685  -0.038257  -0.057058  0.997638  0.001298  -0.000083  -0.003288  0.000000  0.000000  0.000000  2.000000  
202.907650 0.005250  0.095769  -0.007474  0.995728  0.081788  0.042862  -0.084040  0.995015  0.053685  -0.038257  -0.057058  0.997638  0.001328  -0.000055  -0.003269  0.000000  0.000000  0.000000  2.000000  
202.908934 0.005251  0.095769  -0.007478  0.995728  0.081788  0.042862  -0.084040  0.995015  0.053685  -0.038257  -0.057058  0.997638  0.001308  -0.000086  -0.003318  0.000000  0.000000  0.000000  2.000000  
202.910147 0.005253  0.095769  -0.007482  0.995728  0.081788  0.042862  -0.084040  0.995015  0.053685  -0.038257  -0.057058  0.997638  0.001341  -0.000058  -0.003305  0.000000  0.000000  0.000000  2.000000  
202.911152 0.005254  0.095769  -0.007486  0.995728  0.081788  0.042862  -0.084040  0.995015  0.053685  -0.038257  -0.057058  0.997638  0.001353  -0.000060  -0.003338  0.000000  0.000000  0.000000  2.000000  
202.912397 0.005256  0.095768  -0.007490  0.995728  0.081788  0.042862  -0.084040  0.995015  0.053685  -0.038257  -0.057058  0.997638  0.001334  -0.000115  -0.003363  0.000000  0.000000  0.000000  2.000000  
202.913401 0.005258  0.095768  -0.007493  0.995728  0.081783  0.042871  -0.084040  0.995009  0.053806  -0.038257  -0.057179  0.997631  0.001365  -0.000087  -0.003345  0.000000  0.000000  0.000000  2.000000  
202.914643 0.005259  0.095768  -0.007497  0.995710  0.081988  0.042883  -0.084245  0.994992  0.053797  -0.038257  -0.057179  0.997631  0.001334  -0.000115  -0.003363  0.000000  0.000000  0.000000  2.000000  
202.915644 0.005260  0.095768  -0.007501  0.995710  0.081988  0.042883  -0.084245  0.994992  0.053797  -0.038257  -0.057179  0.997631  0.001355  -0.000140  -0.003389  0.000000  0.000000  0.000000  2.000000  
202.916644 0.005262  0.095767  -0.007504  0.995710  0.081988  0.042883  -0.084245  0.994992  0.053797  -0.038257  -0.057179  0.997631  0.001355  -0.000140  -0.003389  0.000000  0.000000  0.000000  2.000000  
202.917652 0.005263  0.095767  -0.007507  0.995710  0.081988  0.042883  -0.084245  0.994992  0.053797  -0.038257  -0.057179  0.997631  0.001340  -0.000134  -0.003341  0.000000  0.000000  0.000000  2.000000  
202.918896 0.005264  0.095767  -0.007512  0.995710  0.081988  0.042883  -0.084245  0.994992  0.053797  -0.038257  -0.057179  0.997631  0.001313  -0.000164  -0.003375  0.000000  0.000000  0.000000  2.000000  
202.919897 0.005265  0.095767  -0.007515  0.995710  0.081982  0.042892  -0.084245  0.994985  0.053918  -0.038257  -0.057300  0.997624  0.001319  -0.000184  -0.003354  0.000000  0.000000  0.000000  2.000000  
202.920897 0.005267  0.095766  -0.007518  0.995710  0.081982  0.042892  -0.084245  0.994985  0.053918  -0.038257  -0.057300  0.997624  0.001319  -0.000184  -0.003353  0.000000  0.000000  0.000000  2.000000  
202.922151 0.005268  0.095766  -0.007523  0.995710  0.081982  0.042892  -0.084245  0.994985  0.053918  -0.038257  -0.057300  0.997624  0.001246  -0.000238  -0.003359  0.000000  0.000000  0.000000  2.000000  
202.923399 0.005269  0.095765  -0.007527  0.995710  0.081982  0.042892  -0.084245  0.994985  0.053918  -0.038257  -0.057300  0.997624  0.001229  -0.000289  -0.003385  0.000000  0.000000  0.000000  2.000000  
202.924647 0.005270  0.095764  -0.007531  0.995693  0.082187  0.042904  -0.084450  0.994968  0.053909  -0.038257  -0.057300  0.997624  0.001194  -0.000317  -0.003391  0.000000  0.000000  0.000000  2.000000  
202.925894 0.005271  0.095763  -0.007535  0.995693  0.082187  0.042904  -0.084450  0.994968  0.053909  -0.038257  -0.057300  0.997624  0.001153  -0.000361  -0.003346  0.000000  0.000000  0.000000  2.000000  
202.927147 0.005272  0.095762  -0.007539  0.995693  0.082187  0.042904  -0.084450  0.994968  0.053909  -0.038257  -0.057300  0.997624  0.001126  -0.000413  -0.003344  0.000000  0.000000  0.000000  2.000000  
202.928408 0.005274  0.095761  -0.007543  0.995693  0.082182  0.042914  -0.084450  0.994962  0.054030  -0.038257  -0.057421  0.997617  0.001065  -0.000469  -0.003381  0.000000  0.000000  0.000000  2.000000  
202.929642 0.005274  0.095761  -0.007547  0.995693  0.082182  0.042914  -0.084450  0.994962  0.054030  -0.038257  -0.057421  0.997617  0.001018  -0.000489  -0.003349  0.000000  0.000000  0.000000  2.000000  
202.930647 0.005275  0.095760  -0.007550  0.995693  0.082182  0.042914  -0.084450  0.994962  0.054030  -0.038257  -0.057421  0.997617  0.000977  -0.000540  -0.003312  0.000000  0.000000  0.000000  2.000000  
202.931895 0.005276  0.095759  -0.007554  0.995676  0.082387  0.042925  -0.084655  0.994945  0.054021  -0.038257  -0.057421  0.997617  0.000936  -0.000566  -0.003306  0.000000  0.000000  0.000000  2.000000  
202.933144 0.005277  0.095758  -0.007558  0.995676  0.082387  0.042925  -0.084655  0.994945  0.054021  -0.038257  -0.057421  0.997617  0.000877  -0.000581  -0.003231  0.000000  0.000000  0.000000  2.000000  
202.934155 0.005278  0.095758  -0.007560  0.995676  0.082387  0.042925  -0.084655  0.994945  0.054021  -0.038257  -0.057421  0.997617  0.000854  -0.000582  -0.003180  0.000000  0.000000  0.000000  2.000000  
202.935398 0.005278  0.095757  -0.007564  0.995676  0.082392  0.042915  -0.084655  0.994951  0.053900  -0.038257  -0.057300  0.997624  0.000831  -0.000625  -0.003173  0.000000  0.000000  0.000000  2.000000  
202.936400 0.005279  0.095757  -0.007567  0.995676  0.082392  0.042915  -0.084655  0.994951  0.053900  -0.038257  -0.057300  0.997624  0.000795  -0.000625  -0.003087  0.000000  0.000000  0.000000  2.000000  
202.937645 0.005280  0.095756  -0.007570  0.995658  0.082597  0.042926  -0.084860  0.994934  0.053891  -0.038257  -0.057300  0.997624  0.000744  -0.000620  -0.003066  0.000000  0.000000  0.000000  2.000000  
202.938649 0.005280  0.095755  -0.007573  0.995658  0.082597  0.042926  -0.084860  0.994934  0.053891  -0.038257  -0.057300  0.997624  0.000732  -0.000617  -0.003033  0.000000  0.000000  0.000000  2.000000  
202.939896 0.005281  0.095755  -0.007576  0.995658  0.082597  0.042926  -0.084860  0.994934  0.053891  -0.038257  -0.057300  0.997624  0.000699  -0.000590  -0.002974  0.000000  0.000000  0.000000  2.000000  
202.940897 0.005281  0.095754  -0.007579  0.995658  0.082597  0.042926  -0.084860  0.994934  0.053891  -0.038257  -0.057300  0.997624  0.000674  -0.000592  -0.002922  0.000000  0.000000  0.000000  2.000000  
202.941897 0.005282  0.095753  -0.007582  0.995658  0.082597  0.042926  -0.084860  0.994934  0.053891  -0.038257  -0.057300  0.997624  0.000661  -0.000589  -0.002887  0.000000  0.000000  0.000000  2.000000  
202.943144 0.005283  0.095753  -0.007585  0.995658  0.082597  0.042926  -0.084860  0.994934  0.053891  -0.038257  -0.057300  0.997624  0.000650  -0.000579  -0.002839  0.000000  0.000000  0.000000  2.000000  
202.944145 0.005284  0.095753  -0.007587  0.995641  0.082802  0.042937  -0.085065  0.994917  0.053882  -0.038257  -0.057300  0.997624  0.000654  -0.000552  -0.002762  0.000000  0.000000  0.000000  2.000000  
202.945145 0.005285  0.095752  -0.007589  0.995641  0.082802  0.042937  -0.085065  0.994917  0.053882  -0.038257  -0.057300  0.997624  0.000672  -0.000522  -0.002708  0.000000  0.000000  0.000000  2.000000  
202.946146 0.005285  0.095751  -0.007592  0.995641  0.082802  0.042937  -0.085065  0.994917  0.053882  -0.038257  -0.057300  0.997624  0.000644  -0.000544  -0.002719  0.000000  0.000000  0.000000  2.000000  
202.947491 0.005286  0.095751  -0.007595  0.995641  0.082802  0.042937  -0.085065  0.994917  0.053882  -0.038257  -0.057300  0.997624  0.000643  -0.000513  -0.002623  0.000000  0.000000  0.000000  2.000000  
202.948644 0.005287  0.095751  -0.007598  0.995641  0.082807  0.042927  -0.085065  0.994924  0.053762  -0.038257  -0.057179  0.997631  0.000686  -0.000505  -0.002600  0.000000  0.000000  0.000000  2.000000  
202.949644 0.005288  0.095751  -0.007600  0.995641  0.082807  0.042927  -0.085065  0.994924  0.053762  -0.038257  -0.057179  0.997631  0.000696  -0.000453  -0.002557  0.000000  0.000000  0.000000  2.000000  
