1-Time 2-Px 3-Py 4-Pz 5-R11 6-R21 7-R31 8-R12 9-R22 10-R32 11-R13 12-R23 13-R33 14-Vx 15-Vy 16-Vz 17-Wx 18-Wy 19-Wz 20-state 21-PR11 22-PR21 23-PR31 24-PR12 25-PR22 26-PR32 27-PR13 28-PR23 29-PR33 
119.118560 0.002315  0.089513  -0.000057  0.996872  0.058759  0.052851  -0.060411  0.997716  0.030209  -0.050955  -0.033307  0.998145  0.000137  -0.000073  -0.000139  0.000000  0.000000  0.000000  2.000000  
119.119565 0.002315  0.089512  -0.000057  0.996872  0.058753  0.052858  -0.060411  0.997713  0.030330  -0.050955  -0.033428  0.998141  0.000046  -0.000116  -0.000115  0.000000  0.000000  0.000000  2.000000  
119.120568 0.002313  0.089510  -0.000058  0.996865  0.058742  0.052999  -0.060410  0.997709  0.030443  -0.051089  -0.033549  0.998130  -0.000085  -0.000241  -0.000153  0.000000  0.000000  0.000000  2.000000  
119.121813 0.002312  0.089507  -0.000059  0.996834  0.059148  0.053144  -0.060820  0.997685  0.030413  -0.051222  -0.033549  0.998124  -0.000206  -0.000493  -0.000198  0.000000  0.000000  0.000000  2.000000  
119.122814 0.002311  0.089503  -0.000059  0.996820  0.059126  0.053425  -0.060819  0.997678  0.030639  -0.051490  -0.033791  0.998102  -0.000288  -0.000742  -0.000211  0.000000  0.000000  0.000000  2.000000  
119.124064 0.002311  0.089499  -0.000060  0.996800  0.059321  0.053572  -0.061024  0.997663  0.030741  -0.051623  -0.033911  0.998091  -0.000357  -0.000996  -0.000257  0.000000  0.000000  0.000000  2.000000  
119.125315 0.002310  0.089495  -0.000060  0.996800  0.059314  0.053579  -0.061024  0.997659  0.030862  -0.051623  -0.034032  0.998087  -0.000433  -0.001269  -0.000259  0.000000  0.000000  0.000000  2.000000  
119.126319 0.002310  0.089492  -0.000060  0.996788  0.059507  0.053600  -0.061229  0.997639  0.031093  -0.051623  -0.034275  0.998078  -0.000453  -0.001464  -0.000231  0.000000  0.000000  0.000000  2.000000  
119.127563 0.002309  0.089488  -0.000060  0.996763  0.059911  0.053620  -0.061640  0.997611  0.031191  -0.051623  -0.034396  0.998074  -0.000478  -0.001741  -0.000234  0.000000  0.000000  0.000000  2.000000  
119.128811 0.002310  0.089485  -0.000060  0.996743  0.060099  0.053774  -0.061845  0.997591  0.031414  -0.051757  -0.034638  0.998059  -0.000463  -0.001970  -0.000260  0.000000  0.000000  0.000000  2.000000  
119.129812 0.002310  0.089482  -0.000060  0.996710  0.060498  0.053928  -0.062255  0.997563  0.031505  -0.051891  -0.034758  0.998048  -0.000394  -0.002122  -0.000256  0.000000  0.000000  0.000000  2.000000  
119.131059 0.002311  0.089479  -0.000060  0.996671  0.060893  0.054215  -0.062664  0.997535  0.031587  -0.052158  -0.034879  0.998030  -0.000325  -0.002319  -0.000197  0.000000  0.000000  0.000000  2.000000  
119.132062 0.002312  0.089476  -0.000058  0.996631  0.061288  0.054502  -0.063073  0.997506  0.031669  -0.052425  -0.034999  0.998011  -0.000239  -0.002483  -0.000086  0.000000  0.000000  0.000000  2.000000  
119.133310 0.002313  0.089472  -0.000056  0.996591  0.061683  0.054789  -0.063483  0.997478  0.031750  -0.052692  -0.035120  0.997993  -0.000130  -0.002677  0.000058  0.000000  0.000000  0.000000  2.000000  
119.134318 0.002313  0.089469  -0.000055  0.996565  0.062087  0.054809  -0.063893  0.997448  0.031849  -0.052692  -0.035241  0.997989  -0.000131  -0.002940  0.000119  0.000000  0.000000  0.000000  2.000000  
119.135320 0.002313  0.089464  -0.000054  0.996544  0.062281  0.054957  -0.064098  0.997432  0.031950  -0.052826  -0.035362  0.997977  -0.000047  -0.003154  0.000232  0.000000  0.000000  0.000000  2.000000  
119.136563 0.002312  0.089458  -0.000053  0.996511  0.062680  0.055111  -0.064508  0.997403  0.032039  -0.052959  -0.035483  0.997966  0.000001  -0.003309  0.000361  0.000000  0.000000  0.000000  2.000000  
119.137564 0.002312  0.089453  -0.000053  0.996484  0.063084  0.055132  -0.064918  0.997373  0.032138  -0.052959  -0.035604  0.997962  0.000041  -0.003450  0.000428  0.000000  0.000000  0.000000  2.000000  
119.138566 0.002312  0.089447  -0.000052  0.996450  0.063483  0.055286  -0.065328  0.997343  0.032227  -0.053093  -0.035725  0.997950  0.000107  -0.003601  0.000512  0.000000  0.000000  0.000000  2.000000  
119.139812 0.002313  0.089439  -0.000052  0.996409  0.063871  0.055581  -0.065737  0.997310  0.032429  -0.053360  -0.035966  0.997927  0.000184  -0.003817  0.000500  0.000000  0.000000  0.000000  2.000000  
119.140814 0.002314  0.089433  -0.000054  0.996375  0.064270  0.055735  -0.066147  0.997280  0.032518  -0.053494  -0.036087  0.997916  0.000285  -0.004045  0.000448  0.000000  0.000000  0.000000  2.000000  
119.142063 0.002315  0.089425  -0.000055  0.996333  0.064657  0.056031  -0.066556  0.997246  0.032719  -0.053761  -0.036328  0.997893  0.000363  -0.004359  0.000360  0.100631  -0.096117  0.176403  2.000000  
119.143066 0.002316  0.089419  -0.000057  0.996299  0.065056  0.056186  -0.066966  0.997216  0.032808  -0.053895  -0.036449  0.997881  0.000434  -0.004610  0.000206  0.099506  -0.101330  0.196902  2.000000  
119.144317 0.002317  0.089410  -0.000060  0.996285  0.065248  0.056208  -0.067171  0.997194  0.033038  -0.053895  -0.036691  0.997872  0.000467  -0.004899  0.000075  0.106944  -0.101851  0.210723  2.000000  
119.145566 0.002318  0.089401  -0.000063  0.996250  0.065640  0.056371  -0.067581  0.997160  0.033248  -0.054028  -0.036933  0.997856  0.000463  -0.005290  -0.000247  0.114365  -0.106864  0.224381  2.000000  
119.146811 0.002319  0.089393  -0.000067  0.996215  0.066039  0.056526  -0.067991  0.997129  0.033337  -0.054162  -0.037054  0.997844  0.000459  -0.005614  -0.000547  0.113288  -0.116624  0.244796  2.000000  
119.148059 0.002319  0.089383  -0.000070  0.996187  0.066442  0.056548  -0.068401  0.997098  0.033435  -0.054162  -0.037175  0.997840  0.000440  -0.006030  -0.000915  0.115329  -0.116417  0.263349  2.000000  
119.149062 0.002319  0.089375  -0.000073  0.996165  0.066636  0.056696  -0.068605  0.997080  0.033535  -0.054296  -0.037296  0.997828  0.000442  -0.006259  -0.001172  0.114956  -0.121155  0.270039  2.000000  
119.150309 0.002320  0.089366  -0.000076  0.996130  0.067034  0.056851  -0.069015  0.997049  0.033623  -0.054429  -0.037416  0.997816  0.000466  -0.006522  -0.001451  0.118270  -0.126128  0.283600  2.000000  
119.151314 0.002320  0.089358  -0.000078  0.996108  0.067235  0.056991  -0.069220  0.997035  0.033602  -0.054563  -0.037416  0.997809  0.000492  -0.006742  -0.001644  0.114148  -0.121665  0.283697  2.000000  
119.152319 0.002319  0.089350  -0.000080  0.996094  0.067433  0.057006  -0.069425  0.997017  0.033711  -0.054563  -0.037537  0.997805  0.000446  -0.006934  -0.001817  0.114140  -0.117254  0.283869  2.000000  
119.153565 0.002319  0.089340  -0.000083  0.996058  0.067838  0.057153  -0.069834  0.996990  0.033678  -0.054696  -0.037537  0.997797  0.000435  -0.007117  -0.002097  0.106492  -0.113999  0.293237  2.000000  
119.154813 0.002318  0.089330  -0.000086  0.996044  0.068037  0.057168  -0.070039  0.996972  0.033788  -0.054696  -0.037658  0.997793  0.000371  -0.007302  -0.002269  0.106130  -0.114289  0.300144  2.000000  
119.156067 0.002318  0.089320  -0.000090  0.996029  0.068242  0.057175  -0.070244  0.996958  0.033776  -0.054696  -0.037658  0.997793  0.000244  -0.007422  -0.002413  0.097981  -0.114332  0.300148  2.000000  
119.157316 0.002316  0.089310  -0.000094  0.996029  0.068235  0.057183  -0.070244  0.996954  0.033897  -0.054696  -0.037779  0.997788  0.000065  -0.007584  -0.002601  0.098702  -0.113851  0.286277  2.000000  
119.158329 0.002316  0.089302  -0.000097  0.996015  0.068440  0.057190  -0.070449  0.996940  0.033885  -0.054696  -0.037779  0.997788  -0.000028  -0.007657  -0.002660  0.094559  -0.109320  0.286290  2.000000  
119.159563 0.002315  0.089292  -0.000102  0.996000  0.068639  0.057206  -0.070655  0.996921  0.033994  -0.054696  -0.037900  0.997783  -0.000184  -0.007796  -0.002764  0.090881  -0.104685  0.279680  2.000000  
119.160563 0.002314  0.089284  -0.000106  0.995978  0.068839  0.057346  -0.070859  0.996908  0.033973  -0.054830  -0.037900  0.997776  -0.000299  -0.007831  -0.002871  0.087111  -0.099948  0.272907  2.000000  
119.161814 0.002311  0.089272  -0.000112  0.995964  0.069044  0.057353  -0.071064  0.996893  0.033961  -0.054830  -0.037900  0.997776  -0.000511  -0.008051  -0.003076  0.083372  -0.090728  0.266334  2.000000  
119.163065 0.002308  0.089260  -0.000119  0.995956  0.069032  0.057494  -0.071064  0.996890  0.034073  -0.054964  -0.038020  0.997764  -0.000759  -0.008223  -0.003296  0.084055  -0.085752  0.252652  2.000000  
119.164086 0.002306  0.089250  -0.000126  0.995942  0.069237  0.057501  -0.071269  0.996875  0.034061  -0.054964  -0.038020  0.997764  -0.000932  -0.008359  -0.003582  0.080315  -0.085477  0.245635  2.000000  
119.165314 0.002303  0.089238  -0.000133  0.995927  0.069442  0.057508  -0.071474  0.996861  0.034049  -0.054964  -0.038020  0.997764  -0.001122  -0.008524  -0.003851  0.075653  -0.080393  0.243953  2.000000  
119.166317 0.002300  0.089229  -0.000139  0.995927  0.069442  0.057508  -0.071474  0.996861  0.034049  -0.054964  -0.038020  0.997764  -0.001279  -0.008646  -0.004091  0.072318  -0.075430  0.230364  2.000000  
119.167561 0.002298  0.089217  -0.000146  0.995927  0.069442  0.057508  -0.071474  0.996861  0.034049  -0.054964  -0.038020  0.997764  -0.001440  -0.008714  -0.004356  0.069021  -0.074944  0.216681  2.000000  
119.168568 0.002295  0.089209  -0.000152  0.995920  0.069437  0.057642  -0.071473  0.996862  0.034039  -0.055097  -0.038020  0.997757  -0.001622  -0.008798  -0.004620  0.063095  -0.070979  0.199739  2.000000  
119.169814 0.002292  0.089198  -0.000159  0.995905  0.069643  0.057649  -0.071678  0.996847  0.034027  -0.055097  -0.038020  0.997757  -0.001783  -0.008822  -0.004845  0.058427  -0.065847  0.198072  2.000000  
119.170815 0.002290  0.089189  -0.000164  0.995905  0.069643  0.057649  -0.071678  0.996847  0.034027  -0.055097  -0.038020  0.997757  -0.001894  -0.008892  -0.005015  0.051019  -0.060873  0.184450  2.000000  
119.172064 0.002287  0.089179  -0.000170  0.995905  0.069643  0.057649  -0.071678  0.996847  0.034027  -0.055097  -0.038020  0.997757  -0.001973  -0.008888  -0.005127  0.047662  -0.051371  0.170941  2.000000  
119.173067 0.002284  0.089171  -0.000175  0.995905  0.069643  0.057649  -0.071678  0.996847  0.034027  -0.055097  -0.038020  0.997757  -0.002140  -0.008943  -0.005262  0.000000  0.000000  0.000000  2.000000  
119.174319 0.002282  0.089161  -0.000180  0.995905  0.069643  0.057649  -0.071678  0.996847  0.034027  -0.055097  -0.038020  0.997757  -0.002242  -0.008885  -0.005310  0.000000  0.000000  0.000000  2.000000  
119.175563 0.002279  0.089152  -0.000185  0.995905  0.069650  0.057640  -0.071678  0.996851  0.033906  -0.055097  -0.037899  0.997761  -0.002325  -0.008809  -0.005220  0.000000  0.000000  0.000000  2.000000  
119.176563 0.002276  0.089144  -0.000189  0.995905  0.069650  0.057640  -0.071678  0.996851  0.033906  -0.055097  -0.037899  0.997761  -0.002377  -0.008693  -0.005198  0.000000  0.000000  0.000000  2.000000  
119.177811 0.002273  0.089135  -0.000194  0.995905  0.069650  0.057640  -0.071678  0.996851  0.033906  -0.055097  -0.037899  0.997761  -0.002386  -0.008511  -0.005027  0.000000  0.000000  0.000000  2.000000  
119.178812 0.002271  0.089127  -0.000198  0.995898  0.069652  0.057765  -0.071678  0.996856  0.033776  -0.055231  -0.037778  0.997759  -0.002371  -0.008338  -0.004873  0.000000  0.000000  0.000000  2.000000  
119.180062 0.002268  0.089118  -0.000203  0.995898  0.069652  0.057765  -0.071678  0.996856  0.033776  -0.055231  -0.037778  0.997759  -0.002335  -0.008164  -0.004796  0.000000  0.000000  0.000000  2.000000  
119.181062 0.002266  0.089111  -0.000207  0.995890  0.069646  0.057898  -0.071677  0.996856  0.033766  -0.055364  -0.037778  0.997751  -0.002309  -0.007997  -0.004619  0.000000  0.000000  0.000000  2.000000  
119.182317 0.002264  0.089102  -0.000212  0.995905  0.069441  0.057891  -0.071472  0.996870  0.033778  -0.055364  -0.037778  0.997751  -0.002278  -0.007827  -0.004492  0.000000  0.000000  0.000000  2.000000  
119.183561 0.002262  0.089094  -0.000217  0.995905  0.069441  0.057891  -0.071472  0.996870  0.033778  -0.055364  -0.037778  0.997751  -0.002174  -0.007675  -0.004370  0.000000  0.000000  0.000000  2.000000  
119.184563 0.002261  0.089088  -0.000222  0.995897  0.069436  0.058024  -0.071472  0.996871  0.033769  -0.055498  -0.037777  0.997744  -0.002085  -0.007493  -0.004290  0.000000  0.000000  0.000000  2.000000  
119.185567 0.002261  0.089082  -0.000225  0.995897  0.069429  0.058033  -0.071472  0.996867  0.033890  -0.055498  -0.037898  0.997739  -0.001961  -0.007312  -0.004181  0.000000  0.000000  0.000000  2.000000  
119.186814 0.002260  0.089074  -0.000230  0.995897  0.069429  0.058033  -0.071472  0.996867  0.033890  -0.055498  -0.037898  0.997739  -0.001822  -0.007090  -0.004048  0.000000  0.000000  0.000000  2.000000  
119.188064 0.002259  0.089067  -0.000235  0.995905  0.069219  0.058159  -0.071266  0.996881  0.033892  -0.055632  -0.037898  0.997732  -0.001673  -0.006905  -0.003985  0.000000  0.000000  0.000000  2.000000  
119.189316 0.002259  0.089060  -0.000239  0.995905  0.069219  0.058159  -0.071266  0.996881  0.033892  -0.055632  -0.037898  0.997732  -0.001533  -0.006728  -0.003908  0.000000  0.000000  0.000000  2.000000  
119.190318 0.002259  0.089055  -0.000241  0.995897  0.069214  0.058292  -0.071265  0.996882  0.033883  -0.055765  -0.037898  0.997724  -0.001331  -0.006556  -0.003843  0.000000  0.000000  0.000000  2.000000  
119.191564 0.002259  0.089048  -0.000245  0.995897  0.069214  0.058292  -0.071265  0.996882  0.033883  -0.055765  -0.037898  0.997724  -0.001152  -0.006376  -0.003734  0.000000  0.000000  0.000000  2.000000  
119.192814 0.002259  0.089042  -0.000247  0.995890  0.069209  0.058425  -0.071265  0.996882  0.033873  -0.055899  -0.037897  0.997717  -0.000924  -0.006136  -0.003549  0.000000  0.000000  0.000000  2.000000  
119.194059 0.002259  0.089037  -0.000250  0.995890  0.069209  0.058425  -0.071265  0.996882  0.033873  -0.055899  -0.037897  0.997717  -0.000726  -0.005881  -0.003371  0.000000  0.000000  0.000000  2.000000  
119.195311 0.002260  0.089032  -0.000251  0.995890  0.069209  0.058425  -0.071265  0.996882  0.033873  -0.055899  -0.037897  0.997717  -0.000506  -0.005588  -0.003119  0.000000  0.000000  0.000000  2.000000  
119.196313 0.002261  0.089028  -0.000253  0.995882  0.069204  0.058558  -0.071264  0.996882  0.033864  -0.056032  -0.037897  0.997709  -0.000299  -0.005382  -0.002989  0.000000  0.000000  0.000000  2.000000  
119.197318 0.002262  0.089024  -0.000255  0.995882  0.069204  0.058558  -0.071264  0.996882  0.033864  -0.056032  -0.037897  0.997709  -0.000125  -0.005149  -0.002824  0.000000  0.000000  0.000000  2.000000  
119.198325 0.002263  0.089020  -0.000257  0.995882  0.069197  0.058567  -0.071264  0.996878  0.033984  -0.056032  -0.038018  0.997705  0.000040  -0.004961  -0.002680  0.000000  0.000000  0.000000  2.000000  
119.199561 0.002264  0.089016  -0.000260  0.995882  0.069197  0.058567  -0.071264  0.996878  0.033984  -0.056032  -0.038018  0.997705  0.000207  -0.004759  -0.002570  0.000000  0.000000  0.000000  2.000000  
119.200564 0.002266  0.089012  -0.000262  0.995875  0.069192  0.058700  -0.071264  0.996879  0.033975  -0.056166  -0.038018  0.997697  0.000308  -0.004628  -0.002470  0.000000  0.000000  0.000000  2.000000  
119.201834 0.002267  0.089008  -0.000265  0.995875  0.069184  0.058708  -0.071264  0.996875  0.034096  -0.056166  -0.038139  0.997693  0.000485  -0.004356  -0.002306  0.000000  0.000000  0.000000  2.000000  
119.203070 0.002269  0.089004  -0.000269  0.995875  0.069184  0.058708  -0.071264  0.996875  0.034096  -0.056166  -0.038139  0.997693  0.000641  -0.004188  -0.002263  0.000000  0.000000  0.000000  2.000000  
119.204071 0.002270  0.089000  -0.000272  0.995867  0.069179  0.058841  -0.071263  0.996875  0.034086  -0.056299  -0.038139  0.997685  0.000742  -0.004087  -0.002244  0.000000  0.000000  0.000000  2.000000  
119.205315 0.002271  0.088994  -0.000276  0.995867  0.069172  0.058850  -0.071263  0.996871  0.034207  -0.056299  -0.038260  0.997681  0.000786  -0.004039  -0.002335  0.000000  0.000000  0.000000  2.000000  
119.206319 0.002272  0.088991  -0.000280  0.995867  0.069172  0.058850  -0.071263  0.996871  0.034207  -0.056299  -0.038260  0.997681  0.000858  -0.003907  -0.002370  0.000000  0.000000  0.000000  2.000000  
119.207563 0.002273  0.088985  -0.000284  0.995853  0.069370  0.058865  -0.071468  0.996852  0.034316  -0.056299  -0.038381  0.997676  0.000920  -0.003890  -0.002479  0.000000  0.000000  0.000000  2.000000  
119.208812 0.002274  0.088980  -0.000288  0.995845  0.069365  0.058998  -0.071468  0.996853  0.034306  -0.056433  -0.038380  0.997668  0.001006  -0.003840  -0.002579  0.000000  0.000000  0.000000  2.000000  
119.209814 0.002275  0.088976  -0.000291  0.995845  0.069365  0.058998  -0.071468  0.996853  0.034306  -0.056433  -0.038380  0.997668  0.001025  -0.003860  -0.002740  0.000000  0.000000  0.000000  2.000000  
119.211064 0.002277  0.088971  -0.000295  0.995845  0.069358  0.059007  -0.071468  0.996849  0.034427  -0.056433  -0.038501  0.997664  0.001061  -0.003851  -0.002849  0.000000  0.000000  0.000000  2.000000  
119.212064 0.002278  0.088967  -0.000298  0.995845  0.069358  0.059007  -0.071468  0.996849  0.034427  -0.056433  -0.038501  0.997664  0.001104  -0.003866  -0.002947  0.000000  0.000000  0.000000  2.000000  
119.213314 0.002279  0.088962  -0.000302  0.995845  0.069358  0.059007  -0.071468  0.996849  0.034427  -0.056433  -0.038501  0.997664  0.001074  -0.003893  -0.003024  0.000000  0.000000  0.000000  2.000000  
119.214385 0.002280  0.088958  -0.000306  0.995845  0.069351  0.059015  -0.071468  0.996844  0.034548  -0.056433  -0.038622  0.997659  0.001048  -0.003939  -0.003089  0.000000  0.000000  0.000000  2.000000  
119.215561 0.002281  0.088953  -0.000310  0.995853  0.069356  0.058882  -0.071468  0.996844  0.034558  -0.056299  -0.038623  0.997667  0.001054  -0.003957  -0.003158  0.000000  0.000000  0.000000  2.000000  
119.216561 0.002282  0.088949  -0.000313  0.995853  0.069356  0.058882  -0.071468  0.996844  0.034558  -0.056299  -0.038623  0.997667  0.001037  -0.004030  -0.003156  0.000000  0.000000  0.000000  2.000000  
119.217809 0.002283  0.088943  -0.000317  0.995867  0.069151  0.058875  -0.071263  0.996858  0.034570  -0.056299  -0.038623  0.997667  0.000959  -0.004114  -0.003248  0.000000  0.000000  0.000000  2.000000  
119.218817 0.002283  0.088938  -0.000321  0.995867  0.069151  0.058875  -0.071263  0.996858  0.034570  -0.056299  -0.038623  0.997667  0.000923  -0.004181  -0.003303  0.000000  0.000000  0.000000  2.000000  
119.220073 0.002284  0.088933  -0.000325  0.995867  0.069151  0.058875  -0.071263  0.996858  0.034570  -0.056299  -0.038623  0.997667  0.000877  -0.004199  -0.003288  0.000000  0.000000  0.000000  2.000000  
119.221319 0.002284  0.088926  -0.000330  0.995867  0.069144  0.058883  -0.071263  0.996854  0.034691  -0.056299  -0.038744  0.997662  0.000840  -0.004318  -0.003346  0.000000  0.000000  0.000000  2.000000  
119.222319 0.002284  0.088921  -0.000335  0.995867  0.069144  0.058883  -0.071263  0.996854  0.034691  -0.056299  -0.038744  0.997662  0.000795  -0.004363  -0.003412  0.000000  0.000000  0.000000  2.000000  
119.223564 0.002284  0.088914  -0.000340  0.995867  0.069144  0.058883  -0.071263  0.996854  0.034691  -0.056299  -0.038744  0.997662  0.000691  -0.004498  -0.003516  0.000000  0.000000  0.000000  2.000000  
119.224813 0.002285  0.088907  -0.000346  0.995882  0.068938  0.058876  -0.071058  0.996868  0.034703  -0.056299  -0.038744  0.997662  0.000634  -0.004617  -0.003632  0.000000  0.000000  0.000000  2.000000  
119.225813 0.002285  0.088902  -0.000350  0.995882  0.068931  0.058885  -0.071058  0.996864  0.034824  -0.056299  -0.038865  0.997657  0.000561  -0.004720  -0.003713  0.000000  0.000000  0.000000  2.000000  
119.226814 0.002285  0.088896  -0.000354  0.995890  0.068936  0.058751  -0.071059  0.996864  0.034833  -0.056166  -0.038865  0.997665  0.000489  -0.004828  -0.003796  0.000000  0.000000  0.000000  2.000000  
119.227850 0.002286  0.088890  -0.000359  0.995890  0.068936  0.058751  -0.071059  0.996864  0.034833  -0.056166  -0.038865  0.997665  0.000467  -0.004925  -0.003869  0.000000  0.000000  0.000000  2.000000  
119.229070 0.002286  0.088883  -0.000364  0.995890  0.068936  0.058751  -0.071059  0.996864  0.034833  -0.056166  -0.038865  0.997665  0.000405  -0.005093  -0.003967  0.000000  0.000000  0.000000  2.000000  
119.230071 0.002286  0.088877  -0.000369  0.995890  0.068936  0.058751  -0.071059  0.996864  0.034833  -0.056166  -0.038865  0.997665  0.000351  -0.005204  -0.004051  0.000000  0.000000  0.000000  2.000000  
119.231309 0.002286  0.088869  -0.000374  0.995890  0.068936  0.058751  -0.071059  0.996864  0.034833  -0.056166  -0.038865  0.997665  0.000299  -0.005357  -0.004106  0.000000  0.000000  0.000000  2.000000  
119.232559 0.002286  0.088861  -0.000378  0.995890  0.068936  0.058751  -0.071059  0.996864  0.034833  -0.056166  -0.038865  0.997665  0.000241  -0.005510  -0.004164  0.000000  0.000000  0.000000  2.000000  
119.233814 0.002287  0.088854  -0.000383  0.995890  0.068936  0.058751  -0.071059  0.996864  0.034833  -0.056166  -0.038865  0.997665  0.000230  -0.005608  -0.004151  0.000000  0.000000  0.000000  2.000000  
119.235059 0.002287  0.088846  -0.000388  0.995897  0.068942  0.058618  -0.071059  0.996863  0.034843  -0.056032  -0.038865  0.997672  0.000203  -0.005740  -0.004193  0.000000  0.000000  0.000000  2.000000  
119.236081 0.002287  0.088841  -0.000392  0.995912  0.068736  0.058611  -0.070854  0.996878  0.034855  -0.056032  -0.038865  0.997672  0.000202  -0.005768  -0.004183  0.000000  0.000000  0.000000  2.000000  
119.237319 0.002288  0.088833  -0.000396  0.995912  0.068736  0.058611  -0.070854  0.996878  0.034855  -0.056032  -0.038865  0.997672  0.000209  -0.005845  -0.004069  0.000000  0.000000  0.000000  2.000000  
119.238328 0.002288  0.088828  -0.000399  0.995912  0.068736  0.058611  -0.070854  0.996878  0.034855  -0.056032  -0.038865  0.997672  0.000239  -0.005853  -0.004040  0.000000  0.000000  0.000000  2.000000  
119.239564 0.002289  0.088821  -0.000404  0.995912  0.068744  0.058603  -0.070854  0.996882  0.034734  -0.056032  -0.038744  0.997677  0.000286  -0.005845  -0.003916  0.000000  0.000000  0.000000  2.000000  
119.240564 0.002289  0.088815  -0.000407  0.995897  0.068949  0.058610  -0.071059  0.996868  0.034722  -0.056032  -0.038744  0.997677  0.000300  -0.005893  -0.003894  0.000000  0.000000  0.000000  2.000000  
119.241569 0.002290  0.088809  -0.000411  0.995897  0.068949  0.058610  -0.071059  0.996868  0.034722  -0.056032  -0.038744  0.997677  0.000338  -0.005890  -0.003861  0.000000  0.000000  0.000000  2.000000  
119.242814 0.002291  0.088802  -0.000416  0.995897  0.068949  0.058610  -0.071059  0.996868  0.034722  -0.056032  -0.038744  0.997677  0.000337  -0.005910  -0.003826  0.000000  0.000000  0.000000  2.000000  
119.244062 0.002292  0.088795  -0.000421  0.995897  0.068949  0.058610  -0.071059  0.996868  0.034722  -0.056032  -0.038744  0.997677  0.000404  -0.005872  -0.003768  0.000000  0.000000  0.000000  2.000000  
119.245309 0.002293  0.088788  -0.000425  0.995897  0.068949  0.058610  -0.071059  0.996868  0.034722  -0.056032  -0.038744  0.997677  0.000458  -0.005839  -0.003684  0.000000  0.000000  0.000000  2.000000  
119.246317 0.002294  0.088782  -0.000429  0.995890  0.068944  0.058743  -0.071059  0.996868  0.034713  -0.056166  -0.038744  0.997669  0.000499  -0.005827  -0.003693  0.000000  0.000000  0.000000  2.000000  
119.247317 0.002295  0.088777  -0.000433  0.995890  0.068944  0.058743  -0.071059  0.996868  0.034713  -0.056166  -0.038744  0.997669  0.000569  -0.005756  -0.003696  0.000000  0.000000  0.000000  2.000000  
119.248324 0.002296  0.088771  -0.000437  0.995890  0.068944  0.058743  -0.071059  0.996868  0.034713  -0.056166  -0.038744  0.997669  0.000621  -0.005756  -0.003695  0.000000  0.000000  0.000000  2.000000  
119.249559 0.002297  0.088764  -0.000441  0.995875  0.069149  0.058750  -0.071264  0.996854  0.034700  -0.056166  -0.038744  0.997669  0.000653  -0.005724  -0.003680  0.000000  0.000000  0.000000  2.000000  
119.250559 0.002298  0.088759  -0.000445  0.995875  0.069149  0.058750  -0.071264  0.996854  0.034700  -0.056166  -0.038744  0.997669  0.000722  -0.005657  -0.003685  0.000000  0.000000  0.000000  2.000000  
119.251563 0.002299  0.088754  -0.000448  0.995875  0.069149  0.058750  -0.071264  0.996854  0.034700  -0.056166  -0.038744  0.997669  0.000796  -0.005606  -0.003675  0.000000  0.000000  0.000000  2.000000  
119.252569 0.002301  0.088749  -0.000451  0.995875  0.069156  0.058742  -0.071264  0.996858  0.034580  -0.056166  -0.038623  0.997674  0.000899  -0.005517  -0.003656  0.000000  0.000000  0.000000  2.000000  
119.253813 0.002303  0.088744  -0.000455  0.995875  0.069156  0.058742  -0.071264  0.996858  0.034580  -0.056166  -0.038623  0.997674  0.000981  -0.005409  -0.003610  0.000000  0.000000  0.000000  2.000000  
119.254813 0.002305  0.088739  -0.000459  0.995875  0.069156  0.058742  -0.071264  0.996858  0.034580  -0.056166  -0.038623  0.997674  0.001073  -0.005289  -0.003604  0.000000  0.000000  0.000000  2.000000  
119.255814 0.002307  0.088735  -0.000462  0.995860  0.069361  0.058749  -0.071469  0.996844  0.034567  -0.056166  -0.038623  0.997674  0.001142  -0.005218  -0.003607  0.000000  0.000000  0.000000  2.000000  
119.257063 0.002308  0.088730  -0.000467  0.995860  0.069361  0.058749  -0.071469  0.996844  0.034567  -0.056166  -0.038623  0.997674  0.001183  -0.005097  -0.003602  0.000000  0.000000  0.000000  2.000000  
119.258066 0.002310  0.088726  -0.000471  0.995860  0.069361  0.058749  -0.071469  0.996844  0.034567  -0.056166  -0.038623  0.997674  0.001275  -0.004976  -0.003596  0.000000  0.000000  0.000000  2.000000  
119.259316 0.002312  0.088721  -0.000475  0.995860  0.069368  0.058741  -0.071469  0.996848  0.034446  -0.056166  -0.038502  0.997679  0.001347  -0.004828  -0.003570  0.000000  0.000000  0.000000  2.000000  
119.260561 0.002314  0.088717  -0.000480  0.995853  0.069363  0.058874  -0.071468  0.996848  0.034437  -0.056299  -0.038502  0.997671  0.001381  -0.004681  -0.003575  0.000000  0.000000  0.000000  2.000000  
119.261809 0.002316  0.088712  -0.000485  0.995853  0.069363  0.058874  -0.071468  0.996848  0.034437  -0.056299  -0.038502  0.997671  0.001468  -0.004494  -0.003635  0.000000  0.000000  0.000000  2.000000  
119.262809 0.002318  0.088708  -0.000489  0.995853  0.069363  0.058874  -0.071468  0.996848  0.034437  -0.056299  -0.038502  0.997671  0.001509  -0.004372  -0.003629  0.000000  0.000000  0.000000  2.000000  
119.264064 0.002320  0.088704  -0.000495  0.995838  0.069568  0.058881  -0.071673  0.996834  0.034425  -0.056299  -0.038502  0.997671  0.001565  -0.004192  -0.003676  0.000000  0.000000  0.000000  2.000000  
119.265314 0.002322  0.088700  -0.000500  0.995838  0.069568  0.058881  -0.071673  0.996834  0.034425  -0.056299  -0.038502  0.997671  0.001608  -0.004023  -0.003725  0.000000  0.000000  0.000000  2.000000  
119.266323 0.002323  0.088696  -0.000504  0.995838  0.069568  0.058881  -0.071673  0.996834  0.034425  -0.056299  -0.038502  0.997671  0.001639  -0.003909  -0.003814  0.000000  0.000000  0.000000  2.000000  
119.267561 0.002326  0.088693  -0.000510  0.995838  0.069568  0.058881  -0.071673  0.996834  0.034425  -0.056299  -0.038502  0.997671  0.001680  -0.003769  -0.003897  0.000000  0.000000  0.000000  2.000000  
119.268567 0.002328  0.088690  -0.000514  0.995838  0.069568  0.058881  -0.071673  0.996834  0.034425  -0.056299  -0.038502  0.997671  0.001677  -0.003630  -0.003987  0.000000  0.000000  0.000000  2.000000  
119.269813 0.002330  0.088687  -0.000519  0.995838  0.069561  0.058889  -0.071673  0.996830  0.034546  -0.056299  -0.038623  0.997667  0.001726  -0.003487  -0.004026  0.000000  0.000000  0.000000  2.000000  
119.270815 0.002332  0.088684  -0.000524  0.995838  0.069561  0.058889  -0.071673  0.996830  0.034546  -0.056299  -0.038623  0.997667  0.001738  -0.003345  -0.004097  0.000000  0.000000  0.000000  2.000000  
119.272063 0.002334  0.088681  -0.000529  0.995838  0.069561  0.058889  -0.071673  0.996830  0.034546  -0.056299  -0.038623  0.997667  0.001737  -0.003255  -0.004146  0.000000  0.000000  0.000000  2.000000  
119.273066 0.002336  0.088679  -0.000533  0.995838  0.069561  0.058889  -0.071673  0.996830  0.034546  -0.056299  -0.038623  0.997667  0.001741  -0.003134  -0.004172  0.000000  0.000000  0.000000  2.000000  
119.274325 0.002339  0.088676  -0.000539  0.995838  0.069561  0.058889  -0.071673  0.996830  0.034546  -0.056299  -0.038623  0.997667  0.001776  -0.002983  -0.004235  0.000000  0.000000  0.000000  2.000000  
119.275563 0.002340  0.088673  -0.000544  0.995838  0.069561  0.058889  -0.071673  0.996830  0.034546  -0.056299  -0.038623  0.997667  0.001743  -0.002864  -0.004295  0.000000  0.000000  0.000000  2.000000  
119.276563 0.002342  0.088671  -0.000548  0.995838  0.069561  0.058889  -0.071673  0.996830  0.034546  -0.056299  -0.038623  0.997667  0.001770  -0.002733  -0.004255  0.000000  0.000000  0.000000  2.000000  
119.277811 0.002344  0.088669  -0.000553  0.995838  0.069561  0.058889  -0.071673  0.996830  0.034546  -0.056299  -0.038623  0.997667  0.001768  -0.002587  -0.004294  0.000000  0.000000  0.000000  2.000000  
119.278813 0.002346  0.088668  -0.000557  0.995853  0.069356  0.058882  -0.071468  0.996844  0.034558  -0.056299  -0.038623  0.997667  0.001827  -0.002431  -0.004235  0.000000  0.000000  0.000000  2.000000  
119.280059 0.002348  0.088666  -0.000562  0.995853  0.069356  0.058882  -0.071468  0.996844  0.034558  -0.056299  -0.038623  0.997667  0.001821  -0.002298  -0.004211  0.000000  0.000000  0.000000  2.000000  
119.281063 0.002350  0.088664  -0.000567  0.995853  0.069349  0.058890  -0.071468  0.996840  0.034679  -0.056299  -0.038744  0.997662  0.001794  -0.002202  -0.004256  0.000000  0.000000  0.000000  2.000000  
119.282323 0.002353  0.088663  -0.000572  0.995853  0.069349  0.058890  -0.071468  0.996840  0.034679  -0.056299  -0.038744  0.997662  0.001794  -0.002046  -0.004211  0.000000  0.000000  0.000000  2.000000  
119.283561 0.002355  0.088661  -0.000577  0.995860  0.069138  0.059016  -0.071263  0.996854  0.034681  -0.056433  -0.038743  0.997654  0.001804  -0.001926  -0.004224  0.000000  0.000000  0.000000  2.000000  
119.284562 0.002357  0.088660  -0.000582  0.995860  0.069138  0.059016  -0.071263  0.996854  0.034681  -0.056433  -0.038743  0.997654  0.001784  -0.001854  -0.004257  0.000000  0.000000  0.000000  2.000000  
119.285563 0.002359  0.088659  -0.000586  0.995860  0.069131  0.059025  -0.071263  0.996850  0.034802  -0.056433  -0.038864  0.997650  0.001780  -0.001752  -0.004239  0.000000  0.000000  0.000000  2.000000  
119.286810 0.002360  0.088657  -0.000592  0.995875  0.068926  0.059018  -0.071058  0.996864  0.034814  -0.056433  -0.038864  0.997650  0.001739  -0.001652  -0.004253  0.000000  0.000000  0.000000  2.000000  
119.287812 0.002362  0.088656  -0.000596  0.995875  0.068926  0.059018  -0.071058  0.996864  0.034814  -0.056433  -0.038864  0.997650  0.001787  -0.001553  -0.004235  0.000000  0.000000  0.000000  2.000000  
119.288812 0.002364  0.088655  -0.000600  0.995875  0.068926  0.059018  -0.071058  0.996864  0.034814  -0.056433  -0.038864  0.997650  0.001783  -0.001451  -0.004216  0.000000  0.000000  0.000000  2.000000  
119.289812 0.002366  0.088654  -0.000603  0.995889  0.068714  0.059019  -0.070853  0.996874  0.034947  -0.056433  -0.038985  0.997645  0.001787  -0.001373  -0.004187  0.000000  0.000000  0.000000  2.000000  
119.291062 0.002368  0.088653  -0.000608  0.995889  0.068714  0.059019  -0.070853  0.996874  0.034947  -0.056433  -0.038985  0.997645  0.001769  -0.001267  -0.004139  0.000000  0.000000  0.000000  2.000000  
119.292063 0.002370  0.088652  -0.000612  0.995904  0.068508  0.059012  -0.070648  0.996889  0.034960  -0.056433  -0.038985  0.997645  0.001779  -0.001212  -0.004097  0.000000  0.000000  0.000000  2.000000  
119.293310 0.002372  0.088651  -0.000616  0.995904  0.068508  0.059012  -0.070648  0.996889  0.034960  -0.056433  -0.038985  0.997645  0.001783  -0.001135  -0.004071  0.000000  0.000000  0.000000  2.000000  
119.294311 0.002374  0.088650  -0.000620  0.995918  0.068303  0.059004  -0.070443  0.996903  0.034972  -0.056433  -0.038985  0.997645  0.001787  -0.001064  -0.004041  0.000000  0.000000  0.000000  2.000000  
119.295313 0.002376  0.088650  -0.000623  0.995918  0.068303  0.059004  -0.070443  0.996903  0.034972  -0.056433  -0.038985  0.997645  0.001781  -0.000997  -0.003966  0.000000  0.000000  0.000000  2.000000  
119.296320 0.002378  0.088650  -0.000627  0.995933  0.068091  0.059006  -0.070238  0.996912  0.035105  -0.056433  -0.039106  0.997640  0.001784  -0.000924  -0.003935  0.000000  0.000000  0.000000  2.000000  
119.297564 0.002380  0.088649  -0.000631  0.995933  0.068091  0.059006  -0.070238  0.996912  0.035105  -0.056433  -0.039106  0.997640  0.001805  -0.000858  -0.003798  0.000000  0.000000  0.000000  2.000000  
119.298813 0.002382  0.088649  -0.000635  0.995947  0.067886  0.058998  -0.070033  0.996926  0.035117  -0.056433  -0.039106  0.997640  0.001763  -0.000800  -0.003757  0.000000  0.000000  0.000000  2.000000  
119.300064 0.002384  0.088648  -0.000639  0.995947  0.067886  0.058998  -0.070033  0.996926  0.035117  -0.056433  -0.039106  0.997640  0.001759  -0.000741  -0.003684  0.000000  0.000000  0.000000  2.000000  
119.301314 0.002386  0.088647  -0.000643  0.995962  0.067680  0.058991  -0.069828  0.996940  0.035129  -0.056433  -0.039106  0.997640  0.001733  -0.000696  -0.003533  0.000000  0.000000  0.000000  2.000000  
119.302325 0.002387  0.088647  -0.000646  0.995962  0.067673  0.058999  -0.069828  0.996936  0.035250  -0.056433  -0.039228  0.997635  0.001711  -0.000666  -0.003510  0.000000  0.000000  0.000000  2.000000  
119.303564 0.002389  0.088646  -0.000650  0.995976  0.067468  0.058992  -0.069623  0.996950  0.035262  -0.056433  -0.039228  0.997635  0.001662  -0.000628  -0.003426  0.000000  0.000000  0.000000  2.000000  
119.304565 0.002390  0.088645  -0.000654  0.995976  0.067468  0.058992  -0.069623  0.996950  0.035262  -0.056433  -0.039228  0.997635  0.001617  -0.000650  -0.003414  0.000000  0.000000  0.000000  2.000000  
119.305814 0.002392  0.088644  -0.000658  0.995976  0.067468  0.058992  -0.069623  0.996950  0.035262  -0.056433  -0.039228  0.997635  0.001581  -0.000616  -0.003361  0.000000  0.000000  0.000000  2.000000  
119.307064 0.002393  0.088644  -0.000661  0.995990  0.067263  0.058985  -0.069417  0.996964  0.035274  -0.056433  -0.039228  0.997635  0.001546  -0.000583  -0.003308  0.000000  0.000000  0.000000  2.000000  
119.308328 0.002395  0.088642  -0.000665  0.995990  0.067256  0.058993  -0.069417  0.996960  0.035395  -0.056433  -0.039349  0.997631  0.001485  -0.000599  -0.003260  0.000000  0.000000  0.000000  2.000000  
119.309562 0.002396  0.088642  -0.000669  0.995990  0.067256  0.058993  -0.069417  0.996960  0.035395  -0.056433  -0.039349  0.997631  0.001437  -0.000561  -0.003177  0.000000  0.000000  0.000000  2.000000  
119.310813 0.002397  0.088641  -0.000672  0.995990  0.067256  0.058993  -0.069417  0.996960  0.035395  -0.056433  -0.039349  0.997631  0.001346  -0.000604  -0.003152  0.000000  0.000000  0.000000  2.000000  
119.312061 0.002398  0.088640  -0.000676  0.996012  0.067056  0.058852  -0.069213  0.996973  0.035417  -0.056299  -0.039349  0.997638  0.001286  -0.000596  -0.003132  0.000000  0.000000  0.000000  2.000000  
119.313064 0.002399  0.088639  -0.000679  0.996012  0.067056  0.058852  -0.069213  0.996973  0.035417  -0.056299  -0.039349  0.997638  0.001175  -0.000636  -0.003066  0.000000  0.000000  0.000000  2.000000  
119.314327 0.002400  0.088638  -0.000682  0.996012  0.067056  0.058852  -0.069213  0.996973  0.035417  -0.056299  -0.039349  0.997638  0.001134  -0.000680  -0.003036  0.000000  0.000000  0.000000  2.000000  
119.315561 0.002401  0.088637  -0.000685  0.996012  0.067056  0.058852  -0.069213  0.996973  0.035417  -0.056299  -0.039349  0.997638  0.001055  -0.000669  -0.002975  0.000000  0.000000  0.000000  2.000000  
119.316561 0.002401  0.088636  -0.000688  0.995998  0.067261  0.058860  -0.069418  0.996959  0.035405  -0.056299  -0.039349  0.997638  0.000976  -0.000709  -0.002965  0.000000  0.000000  0.000000  2.000000  
119.317809 0.002401  0.088636  -0.000692  0.995998  0.067261  0.058860  -0.069418  0.996959  0.035405  -0.056299  -0.039349  0.997638  0.000918  -0.000726  -0.002922  0.000000  0.000000  0.000000  2.000000  
119.318818 0.002402  0.088634  -0.000694  0.995998  0.067261  0.058860  -0.069418  0.996959  0.035405  -0.056299  -0.039349  0.997638  0.000827  -0.000776  -0.002913  0.000000  0.000000  0.000000  2.000000  
119.320066 0.002402  0.088633  -0.000698  0.996005  0.067273  0.058718  -0.069419  0.996963  0.035293  -0.056166  -0.039228  0.997651  0.000769  -0.000785  -0.002853  0.000000  0.000000  0.000000  2.000000  
119.321066 0.002402  0.088632  -0.000701  0.995991  0.067478  0.058726  -0.069624  0.996949  0.035281  -0.056166  -0.039228  0.997651  0.000680  -0.000827  -0.002829  0.000000  0.000000  0.000000  2.000000  
119.322325 0.002402  0.088630  -0.000705  0.995991  0.067478  0.058726  -0.069624  0.996949  0.035281  -0.056166  -0.039228  0.997651  0.000585  -0.000879  -0.002818  0.000000  0.000000  0.000000  2.000000  
119.323565 0.002402  0.088629  -0.000709  0.995991  0.067478  0.058726  -0.069624  0.996949  0.035281  -0.056166  -0.039228  0.997651  0.000457  -0.000924  -0.002827  0.000000  0.000000  0.000000  2.000000  
119.324814 0.002402  0.088627  -0.000712  0.995977  0.067684  0.058733  -0.069829  0.996935  0.035269  -0.056166  -0.039228  0.997651  0.000373  -0.000991  -0.002791  0.000000  0.000000  0.000000  2.000000  
119.326067 0.002401  0.088625  -0.000715  0.995977  0.067684  0.058733  -0.069829  0.996935  0.035269  -0.056166  -0.039228  0.997651  0.000219  -0.001087  -0.002807  0.000000  0.000000  0.000000  2.000000  
119.327314 0.002400  0.088623  -0.000719  0.995970  0.067894  0.058607  -0.070034  0.996921  0.035266  -0.056032  -0.039228  0.997658  0.000111  -0.001161  -0.002836  0.000000  0.000000  0.000000  2.000000  
119.328324 0.002400  0.088621  -0.000722  0.995970  0.067901  0.058599  -0.070034  0.996925  0.035145  -0.056032  -0.039107  0.997663  0.000028  -0.001183  -0.002854  0.000000  0.000000  0.000000  2.000000  
119.329559 0.002399  0.088619  -0.000726  0.995955  0.068106  0.058606  -0.070239  0.996911  0.035133  -0.056032  -0.039107  0.997663  -0.000095  -0.001268  -0.002889  0.000000  0.000000  0.000000  2.000000  
119.330561 0.002398  0.088617  -0.000729  0.995955  0.068106  0.058606  -0.070239  0.996911  0.035133  -0.056032  -0.039107  0.997663  -0.000202  -0.001340  -0.002917  0.000000  0.000000  0.000000  2.000000  
119.331816 0.002396  0.088615  -0.000733  0.995941  0.068312  0.058613  -0.070444  0.996897  0.035121  -0.056032  -0.039107  0.997663  -0.000356  -0.001422  -0.002896  0.000000  0.000000  0.000000  2.000000  
119.333063 0.002395  0.088613  -0.000736  0.995941  0.068319  0.058605  -0.070444  0.996902  0.035000  -0.056032  -0.038986  0.997668  -0.000449  -0.001454  -0.002923  0.000000  0.000000  0.000000  2.000000  
119.334067 0.002393  0.088611  -0.000740  0.995926  0.068524  0.058612  -0.070649  0.996887  0.034988  -0.056032  -0.038986  0.997668  -0.000562  -0.001501  -0.002959  0.000000  0.000000  0.000000  2.000000  
119.335318 0.002391  0.088609  -0.000743  0.995912  0.068736  0.058611  -0.070854  0.996878  0.034855  -0.056032  -0.038865  0.997672  -0.000714  -0.001566  -0.002984  0.000000  0.000000  0.000000  2.000000  
