1-Time 2-Px 3-Py 4-Pz 5-R11 6-R21 7-R31 8-R12 9-R22 10-R32 11-R13 12-R23 13-R33 14-Vx 15-Vy 16-Vz 17-Wx 18-Wy 19-Wz 20-state 21-PR11 22-PR21 23-PR31 24-PR12 25-PR22 26-PR32 27-PR13 28-PR23 29-PR33 
224.670363 0.010708  0.095692  -0.016505  0.992876  0.117912  -0.017131  0.004497  0.106591  0.994293  0.119065  -0.987287  0.105302  -0.000098  -0.000257  -0.000291  0.000000  0.000000  0.000000  2.000000  
224.671367 0.010708  0.095692  -0.016506  0.992860  0.118042  -0.017160  0.004497  0.106713  0.994280  0.119198  -0.987258  0.105420  -0.000089  -0.000286  -0.000287  0.000000  0.000000  0.000000  2.000000  
224.672616 0.010711  0.095692  -0.016506  0.992847  0.118240  -0.016560  0.003884  0.106640  0.994290  0.119331  -0.987242  0.105418  0.000078  -0.000250  -0.000214  0.000000  0.000000  0.000000  2.000000  
224.673619 0.010713  0.095692  -0.016504  0.992849  0.118304  -0.015960  0.003270  0.106688  0.994287  0.119331  -0.987229  0.105538  0.000286  -0.000211  -0.000110  0.000000  0.000000  0.000000  2.000000  
224.674881 0.010716  0.095692  -0.016503  0.992851  0.118368  -0.015360  0.002657  0.106735  0.994284  0.119331  -0.987217  0.105658  0.000514  -0.000118  0.000005  0.000000  0.000000  0.000000  2.000000  
224.676116 0.010720  0.095693  -0.016502  0.992852  0.118410  -0.014965  0.002248  0.106807  0.994277  0.119331  -0.987204  0.105778  0.000796  -0.000047  0.000160  0.000000  0.000000  0.000000  2.000000  
224.677117 0.010724  0.095694  -0.016500  0.992837  0.118585  -0.014584  0.001840  0.106879  0.994270  0.119464  -0.987175  0.105896  0.001057  -0.000007  0.000254  0.000000  0.000000  0.000000  2.000000  
224.678366 0.010729  0.095695  -0.016498  0.992806  0.118933  -0.013823  0.001022  0.107023  0.994256  0.119729  -0.987117  0.106132  0.001431  0.000173  0.000425  0.000000  0.000000  0.000000  2.000000  
224.679369 0.010734  0.095696  -0.016496  0.992774  0.119262  -0.013251  0.000409  0.107070  0.994251  0.119995  -0.987073  0.106248  0.001722  0.000219  0.000589  0.000000  0.000000  0.000000  2.000000  
224.680614 0.010739  0.095698  -0.016493  0.992726  0.119743  -0.012504  -0.000409  0.107213  0.994236  0.120394  -0.986999  0.106482  0.002066  0.000347  0.000786  0.000000  0.000000  0.000000  2.000000  
224.681864 0.010743  0.095700  -0.016491  0.992709  0.119961  -0.011729  -0.001226  0.107355  0.994220  0.120526  -0.986957  0.106720  0.002339  0.000521  0.000989  -0.021790  -0.180220  0.123395  2.000000  
224.682865 0.010746  0.095702  -0.016490  0.992692  0.120156  -0.011158  -0.001839  0.107522  0.994201  0.120659  -0.986915  0.106958  0.002596  0.000671  0.001064  -0.027443  -0.200673  0.125608  2.000000  
224.683867 0.010750  0.095703  -0.016489  0.992674  0.120374  -0.010383  -0.002657  0.107664  0.994184  0.120792  -0.986873  0.107195  0.002834  0.000761  0.001140  -0.032285  -0.227510  0.133054  2.000000  
224.684877 0.010754  0.095705  -0.016487  0.992656  0.120592  -0.009623  -0.003474  0.107926  0.994153  0.120925  -0.986818  0.107553  0.003093  0.000883  0.001276  -0.041161  -0.254687  0.135981  2.000000  
224.686114 0.010759  0.095708  -0.016483  0.992635  0.120831  -0.008658  -0.004496  0.108163  0.994123  0.121058  -0.986763  0.107910  0.003403  0.001049  0.001463  -0.049237  -0.288901  0.139767  2.000000  
224.687117 0.010764  0.095711  -0.016480  0.992616  0.121026  -0.008117  -0.005109  0.108570  0.994076  0.121191  -0.986694  0.108387  0.003585  0.001276  0.001678  -0.063012  -0.309312  0.142039  2.000000  
224.688119 0.010768  0.095713  -0.016478  0.992597  0.121223  -0.007562  -0.005722  0.108857  0.994041  0.121323  -0.986638  0.108744  0.003736  0.001465  0.001812  -0.072733  -0.329273  0.148782  2.000000  
224.689366 0.010773  0.095717  -0.016474  0.992559  0.121573  -0.006831  -0.006539  0.109237  0.993994  0.121589  -0.986553  0.109219  0.003867  0.001666  0.001958  -0.085678  -0.356168  0.156351  2.000000  
224.690369 0.010777  0.095720  -0.016472  0.992538  0.121769  -0.006291  -0.007152  0.109643  0.993945  0.121722  -0.986484  0.109696  0.003970  0.001830  0.002025  -0.099411  -0.376481  0.158614  2.000000  
224.691369 0.010781  0.095723  -0.016471  0.992518  0.121966  -0.005751  -0.007765  0.110049  0.993896  0.121855  -0.986414  0.110173  0.004036  0.001966  0.002054  -0.113191  -0.396416  0.165405  2.000000  
224.692617 0.010787  0.095725  -0.016470  0.992496  0.122163  -0.005226  -0.008378  0.110576  0.993832  0.121987  -0.986331  0.110769  0.004057  0.002042  0.002018  -0.131055  -0.416953  0.167814  2.000000  
224.693618 0.010790  0.095726  -0.016469  0.992475  0.122361  -0.004686  -0.008990  0.110981  0.993782  0.122120  -0.986261  0.111246  0.003985  0.002056  0.001871  -0.144787  -0.437335  0.170141  2.000000  
224.694882 0.010795  0.095729  -0.016469  0.992454  0.122536  -0.004366  -0.009399  0.111532  0.993716  0.122253  -0.986177  0.111842  0.003959  0.002150  0.001755  -0.163347  -0.450672  0.171678  2.000000  
224.696116 0.010799  0.095730  -0.016469  0.992418  0.122843  -0.004061  -0.009807  0.112082  0.993651  0.122519  -0.986077  0.112437  0.003904  0.002081  0.001528  -0.186111  -0.463980  0.177838  2.000000  
224.697364 0.010803  0.095731  -0.016470  0.992395  0.123042  -0.003537  -0.010420  0.112607  0.993585  0.122651  -0.985992  0.113033  0.003915  0.001984  0.001329  -0.203988  -0.483989  0.184745  2.000000  
224.698365 0.010806  0.095731  -0.016472  0.992377  0.123196  -0.003408  -0.010624  0.113062  0.993531  0.122784  -0.985921  0.113509  0.003870  0.001864  0.001090  -0.219396  -0.490778  0.185625  2.000000  
224.699617 0.010809  0.095729  -0.016476  0.992339  0.123504  -0.003104  -0.011032  0.113611  0.993464  0.123050  -0.985819  0.114104  0.003762  0.001652  0.000737  -0.237977  -0.503813  0.191740  2.000000  
224.700866 0.010811  0.095728  -0.016479  0.992320  0.123658  -0.002990  -0.011236  0.114187  0.993396  0.123182  -0.985733  0.114700  0.003570  0.001383  0.000318  -0.257520  -0.510714  0.192706  2.000000  
224.702112 0.010814  0.095726  -0.016483  0.992299  0.123835  -0.002686  -0.011645  0.114857  0.993314  0.123315  -0.985633  0.115415  0.003373  0.001031  -0.000180  -0.275623  -0.506002  0.195796  2.000000  
224.703113 0.010816  0.095725  -0.016488  0.992280  0.123989  -0.002572  -0.011849  0.115433  0.993245  0.123448  -0.985547  0.116011  0.003226  0.000760  -0.000646  -0.293350  -0.492301  0.194427  2.000000  
224.704367 0.010819  0.095723  -0.016494  0.992247  0.124251  -0.002679  -0.011849  0.116032  0.993175  0.123714  -0.985443  0.116605  0.003028  0.000295  -0.001336  -0.315373  -0.467976  0.202073  2.000000  
224.705369 0.010821  0.095721  -0.016498  0.992228  0.124405  -0.002565  -0.012053  0.116607  0.993105  0.123846  -0.985356  0.117200  0.002843  -0.000011  -0.001853  -0.332988  -0.463595  0.204998  2.000000  
224.706615 0.010823  0.095720  -0.016504  0.992212  0.124535  -0.002672  -0.012052  0.117328  0.993020  0.123979  -0.985254  0.117915  0.002677  -0.000235  -0.002323  -0.354878  -0.449507  0.208111  2.000000  
224.707616 0.010826  0.095719  -0.016508  0.992193  0.124689  -0.002559  -0.012256  0.117903  0.992949  0.124112  -0.985166  0.118511  0.002595  -0.000409  -0.002579  -0.371641  -0.439987  0.204003  2.000000  
224.708870 0.010828  0.095717  -0.016513  0.992176  0.124819  -0.002665  -0.012256  0.118624  0.992864  0.124245  -0.985063  0.119226  0.002436  -0.000715  -0.003040  -0.387111  -0.416382  0.195746  2.000000  
224.709870 0.010830  0.095716  -0.016517  0.992173  0.124842  -0.002552  -0.012461  0.119321  0.992778  0.124245  -0.984976  0.119943  0.002350  -0.000880  -0.003250  -0.409778  -0.397002  0.184727  2.000000  
224.710873 0.010831  0.095714  -0.016521  0.992157  0.124972  -0.002659  -0.012460  0.120042  0.992691  0.124377  -0.984872  0.120658  0.002181  -0.001074  -0.003537  -0.432735  -0.373375  0.178818  2.000000  
224.712124 0.010833  0.095713  -0.016526  0.992138  0.125126  -0.002577  -0.012664  0.120857  0.992589  0.124510  -0.984752  0.121492  0.002006  -0.001226  -0.003751  -0.455546  -0.353294  0.172171  2.000000  
224.713364 0.010834  0.095711  -0.016530  0.992104  0.125387  -0.002716  -0.012664  0.121697  0.992487  0.124776  -0.984616  0.122324  0.001832  -0.001350  -0.003835  -0.479460  -0.325536  0.173731  2.000000  
224.714611 0.010835  0.095708  -0.016533  0.992071  0.125648  -0.002870  -0.012663  0.122656  0.992368  0.125041  -0.984463  0.123275  0.001709  -0.001405  -0.003831  -0.498998  -0.295125  0.173764  2.000000  
224.715613 0.010836  0.095707  -0.016537  0.992051  0.125803  -0.002774  -0.012868  0.123351  0.992280  0.125174  -0.984357  0.123989  0.001648  -0.001461  -0.003873  -0.518773  -0.270208  0.172171  2.000000  
224.716617 0.010837  0.095705  -0.016540  0.992035  0.125933  -0.002882  -0.012867  0.124071  0.992190  0.125307  -0.984250  0.124704  0.001559  -0.001461  -0.003928  -0.529296  -0.249565  0.169867  2.000000  
224.717863 0.010838  0.095704  -0.016544  0.992015  0.126088  -0.002802  -0.013071  0.124886  0.992085  0.125439  -0.984127  0.125537  0.001502  -0.001408  -0.003798  -0.542855  -0.233918  0.167038  2.000000  
224.718871 0.010839  0.095703  -0.016547  0.991996  0.126243  -0.002706  -0.013275  0.125580  0.991995  0.125572  -0.984018  0.126251  0.001439  -0.001341  -0.003690  -0.556611  -0.220283  0.165540  2.000000  
224.720136 0.010841  0.095702  -0.016550  0.991976  0.126398  -0.002657  -0.013479  0.126635  0.991858  0.125705  -0.983863  0.127323  0.001415  -0.001276  -0.003520  -0.576536  -0.195120  0.159287  2.000000  
224.721366 0.010844  0.095702  -0.016553  0.991956  0.126553  -0.002608  -0.013683  0.127690  0.991720  0.125838  -0.983707  0.128395  0.001393  -0.001236  -0.003308  -0.594017  -0.179978  0.156584  2.000000  
224.722369 0.010846  0.095702  -0.016554  0.991937  0.126709  -0.002513  -0.013887  0.128384  0.991627  0.125970  -0.983597  0.129109  0.001389  -0.001117  -0.003127  -0.604673  -0.167719  0.156333  2.000000  
224.723620 0.010850  0.095703  -0.016555  0.991897  0.127023  -0.002263  -0.014295  0.129290  0.991504  0.126236  -0.983437  0.130059  0.001469  -0.000933  -0.002796  -0.617674  -0.160215  0.160080  2.000000  
224.724880 0.010853  0.095703  -0.016555  0.991860  0.127310  -0.002217  -0.014499  0.130222  0.991379  0.126501  -0.983277  0.131008  0.001536  -0.000827  -0.002465  -0.629662  -0.151493  0.162492  2.000000  
224.726115 0.010857  0.095704  -0.016555  0.991821  0.127625  -0.001983  -0.014907  0.131248  0.991237  0.126767  -0.983100  0.132077  0.001710  -0.000640  -0.002115  -0.645773  -0.151346  0.162615  2.000000  
224.727116 0.010860  0.095704  -0.016554  0.991797  0.127809  -0.001686  -0.015315  0.131915  0.991143  0.126899  -0.982987  0.132790  0.001804  -0.000562  -0.001902  -0.656052  -0.145677  0.163216  2.000000  
224.728366 0.010863  0.095704  -0.016553  0.991757  0.128125  -0.001453  -0.015723  0.132940  0.990999  0.127165  -0.982808  0.133859  0.001965  -0.000409  -0.001562  -0.671453  -0.152346  0.164196  2.000000  
224.729617 0.010867  0.095704  -0.016551  0.991716  0.128442  -0.001205  -0.016131  0.133845  0.990871  0.127430  -0.982644  0.134808  0.002182  -0.000240  -0.001132  -0.683566  -0.151629  0.168757  2.000000  
224.730881 0.010871  0.095705  -0.016549  0.991675  0.128759  -0.000958  -0.016538  0.134749  0.990742  0.127696  -0.982478  0.135757  0.002349  -0.000074  -0.000729  -0.694559  -0.157657  0.174120  2.000000  
224.732119 0.010876  0.095706  -0.016545  0.991634  0.129076  -0.000712  -0.016946  0.135653  0.990612  0.127961  -0.982312  0.136705  0.002586  0.000103  -0.000190  -0.702994  -0.157005  0.178793  2.000000  
224.733361 0.010880  0.095708  -0.016540  0.991576  0.129526  -0.000500  -0.017353  0.136674  0.990464  0.128359  -0.982112  0.137770  0.002774  0.000276  0.000345  -0.712592  -0.161195  0.187203  2.000000  
224.734367 0.010884  0.095709  -0.016536  0.991534  0.129845  -0.000240  -0.017761  0.137457  0.990349  0.128625  -0.981960  0.138599  0.002932  0.000419  0.000825  -0.722888  -0.174554  0.189047  2.000000  
224.735614 0.010890  0.095712  -0.016530  0.991471  0.130324  0.000190  -0.018372  0.138330  0.990216  0.129023  -0.981774  0.139545  0.003172  0.000649  0.001407  -0.729259  -0.186751  0.199823  2.000000  
224.736617 0.010894  0.095713  -0.016527  0.991447  0.130513  0.000468  -0.018780  0.139115  0.990098  0.129155  -0.981638  0.140376  0.003322  0.000759  0.001789  -0.738012  -0.201861  0.203529  2.000000  
224.737867 0.010899  0.095715  -0.016523  0.991383  0.130994  0.000880  -0.019392  0.140107  0.989946  0.129553  -0.981433  0.141440  0.003423  0.000891  0.002135  -0.745937  -0.212247  0.212549  2.000000  
224.738882 0.010904  0.095717  -0.016520  0.991340  0.131315  0.001139  -0.019799  0.140889  0.989827  0.129819  -0.981278  0.142268  0.003556  0.000947  0.002366  -0.750036  -0.226750  0.220679  2.000000  
224.740120 0.010909  0.095719  -0.016516  0.991297  0.131637  0.001364  -0.020207  0.141910  0.989673  0.130084  -0.981088  0.143335  0.003714  0.001023  0.002620  -0.757350  -0.232761  0.226295  2.000000  
224.741365 0.010915  0.095721  -0.016512  0.991232  0.132120  0.001790  -0.020818  0.142780  0.989535  0.130482  -0.980897  0.144279  0.003794  0.001105  0.002815  -0.759730  -0.244989  0.237297  2.000000  
224.742369 0.010919  0.095722  -0.016509  0.991206  0.132312  0.002066  -0.021226  0.143563  0.989413  0.130615  -0.980756  0.145109  0.003893  0.001201  0.003022  -0.761911  -0.258367  0.239308  2.000000  
224.743618 0.010924  0.095724  -0.016505  0.991145  0.132767  0.002286  -0.021633  0.144460  0.989274  0.131013  -0.980563  0.146053  0.004040  0.001287  0.003224  -0.764243  -0.271170  0.245896  2.000000  
224.744888 0.010929  0.095724  -0.016502  0.991083  0.133222  0.002505  -0.022039  0.145357  0.989134  0.131411  -0.980369  0.146997  0.004097  0.001320  0.003311  -0.761852  -0.283092  0.256761  2.000000  
224.746118 0.010934  0.095725  -0.016498  0.991034  0.133577  0.002947  -0.022651  0.146228  0.988992  0.131676  -0.980191  0.147943  0.004165  0.001297  0.003315  -0.764434  -0.296577  0.259026  2.000000  
224.747370 0.010938  0.095724  -0.016495  0.990972  0.134034  0.003149  -0.023058  0.147244  0.988831  0.132074  -0.979977  0.149005  0.004135  0.001186  0.003251  -0.767531  -0.301849  0.269186  2.000000  
224.748613 0.010943  0.095724  -0.016493  0.990927  0.134360  0.003386  -0.023465  0.148142  0.988688  0.132339  -0.979797  0.149950  0.004098  0.001064  0.003042  -0.768509  -0.305312  0.272644  2.000000  
224.749863 0.010947  0.095723  -0.016491  0.990864  0.134818  0.003602  -0.023871  0.149036  0.988544  0.132737  -0.979598  0.150893  0.004090  0.000909  0.002856  -0.767457  -0.310493  0.282698  2.000000  
224.750871 0.010951  0.095723  -0.016490  0.990823  0.135114  0.003667  -0.024075  0.149721  0.988435  0.133002  -0.979453  0.151600  0.004020  0.000715  0.002624  -0.761479  -0.312148  0.289762  2.000000  
224.751883 0.010955  0.095722  -0.016489  0.990778  0.135440  0.003935  -0.024482  0.150379  0.988325  0.133267  -0.979307  0.152308  0.003978  0.000569  0.002459  -0.760217  -0.317958  0.295297  2.000000  
224.753114 0.010959  0.095721  -0.016487  0.990737  0.135737  0.003966  -0.024685  0.151303  0.988179  0.133532  -0.979124  0.153252  0.003940  0.000371  0.002309  -0.758386  -0.314619  0.297744  2.000000  
224.754361 0.010963  0.095720  -0.016487  0.990673  0.136197  0.004162  -0.025091  0.152316  0.988013  0.133930  -0.978903  0.154313  0.003801  0.000146  0.002124  -0.762349  -0.313671  0.302495  2.000000  
224.755371 0.010966  0.095718  -0.016486  0.990650  0.136362  0.004246  -0.025295  0.153004  0.987902  0.134063  -0.978772  0.155022  0.003689  -0.000108  0.001950  -0.760320  -0.316602  0.300771  2.000000  
224.756616 0.010969  0.095716  -0.016486  0.990609  0.136660  0.004275  -0.025498  0.153927  0.987753  0.134328  -0.978586  0.155966  0.003561  -0.000358  0.001695  -0.758976  -0.306353  0.302021  2.000000  
224.757616 0.010972  0.095714  -0.016486  0.990568  0.136957  0.004320  -0.025701  0.154731  0.987622  0.134593  -0.978418  0.156792  0.003407  -0.000625  0.001484  -0.762025  -0.301825  0.303808  2.000000  
224.758884 0.010974  0.095711  -0.016486  0.990526  0.137254  0.004365  -0.025904  0.155535  0.987491  0.134858  -0.978249  0.157616  0.003240  -0.000862  0.001186  -0.758264  -0.294557  0.302871  2.000000  
224.760117 0.010977  0.095708  -0.016487  0.990485  0.137552  0.004393  -0.026107  0.156458  0.987340  0.135123  -0.978060  0.158560  0.003081  -0.001103  0.000915  -0.755495  -0.287638  0.302351  2.000000  
224.761119 0.010979  0.095706  -0.016488  0.990443  0.137850  0.004437  -0.026310  0.157261  0.987207  0.135389  -0.977889  0.159384  0.002979  -0.001279  0.000637  -0.760257  -0.280554  0.301499  2.000000  
224.762365 0.010981  0.095702  -0.016490  0.990402  0.138148  0.004480  -0.026513  0.158063  0.987073  0.135654  -0.977717  0.160209  0.002863  -0.001488  0.000356  -0.754886  -0.271278  0.298259  2.000000  
224.763615 0.010983  0.095698  -0.016492  0.990360  0.138446  0.004506  -0.026716  0.158986  0.986919  0.135919  -0.977526  0.161152  0.002654  -0.001754  0.000044  -0.753819  -0.267090  0.295554  2.000000  
224.764884 0.010985  0.095694  -0.016494  0.990336  0.138614  0.004553  -0.026919  0.159911  0.986764  0.136051  -0.977351  0.162097  0.002497  -0.001955  -0.000154  -0.750971  -0.254407  0.284655  2.000000  
224.766113 0.010987  0.095690  -0.016495  0.990300  0.138879  0.004392  -0.026918  0.160742  0.986629  0.136316  -0.977177  0.162921  0.002316  -0.002190  -0.000372  -0.747079  -0.238117  0.285053  2.000000  
224.767366 0.010990  0.095687  -0.016495  0.990258  0.139178  0.004433  -0.027121  0.161544  0.986493  0.136582  -0.977002  0.163745  0.002193  -0.002387  -0.000500  -0.742840  -0.226936  0.281127  2.000000  
224.768611 0.010993  0.095683  -0.016495  0.990215  0.139476  0.004474  -0.027324  0.162345  0.986356  0.136847  -0.976827  0.164568  0.002117  -0.002536  -0.000558  -0.737697  -0.218140  0.277999  2.000000  
224.769617 0.010995  0.095681  -0.016494  0.990197  0.139609  0.004367  -0.027323  0.162940  0.986258  0.136979  -0.976709  0.165157  0.002082  -0.002635  -0.000571  -0.730115  -0.200748  0.268367  2.000000  
224.770864 0.010998  0.095676  -0.016494  0.990155  0.139908  0.004408  -0.027526  0.163741  0.986119  0.137244  -0.976532  0.165980  0.002048  -0.002798  -0.000551  -0.724960  -0.192143  0.265263  2.000000  
224.771872 0.011001  0.095672  -0.016494  0.990136  0.140042  0.004283  -0.027526  0.164455  0.986000  0.137377  -0.976393  0.166688  0.002061  -0.002897  -0.000572  -0.724599  -0.180658  0.261018  2.000000  
224.773116 0.011004  0.095668  -0.016494  0.990112  0.140210  0.004345  -0.027729  0.165260  0.985860  0.137509  -0.976233  0.167514  0.002073  -0.003030  -0.000557  -0.721395  -0.175064  0.251216  2.000000  
224.774117 0.011007  0.095665  -0.016493  0.990088  0.140377  0.004440  -0.027932  0.165825  0.985759  0.137642  -0.976113  0.168103  0.002136  -0.003101  -0.000461  -0.716380  -0.166760  0.248183  2.000000  
224.775367 0.011010  0.095660  -0.016492  0.990064  0.140546  0.004502  -0.028135  0.166630  0.985618  0.137774  -0.975952  0.168928  0.002198  -0.003194  -0.000316  -0.713337  -0.161266  0.238485  2.000000  
224.776616 0.011014  0.095656  -0.016490  0.990046  0.140680  0.004377  -0.028135  0.167343  0.985497  0.137907  -0.975810  0.169635  0.002301  -0.003226  -0.000051  -0.705804  -0.143523  0.228473  2.000000  
224.777868 0.011018  0.095652  -0.016488  0.990003  0.140978  0.004432  -0.028338  0.168024  0.985376  0.138172  -0.975650  0.170339  0.002468  -0.003203  0.000194  -0.694099  -0.136469  0.227378  2.000000  
224.778878 0.011022  0.095649  -0.016486  0.989978  0.141146  0.004526  -0.028541  0.168589  0.985273  0.138304  -0.975528  0.170928  0.002608  -0.003179  0.000457  -0.690668  -0.130958  0.217404  2.000000  
224.780116 0.011027  0.095646  -0.016483  0.989954  0.141315  0.004603  -0.028744  0.169273  0.985150  0.138437  -0.975385  0.171634  0.002774  -0.003154  0.000765  -0.683667  -0.124785  0.212038  2.000000  
224.781365 0.011032  0.095643  -0.016480  0.989948  0.141352  0.004720  -0.028948  0.169841  0.985046  0.138437  -0.975281  0.172226  0.002933  -0.003132  0.000997  -0.674046  -0.125087  0.201596  2.000000  
224.782612 0.011037  0.095640  -0.016477  0.989924  0.141521  0.004797  -0.029151  0.170525  0.984922  0.138569  -0.975137  0.172932  0.003106  -0.003087  0.001214  -0.666944  -0.118953  0.196208  2.000000  
224.783613 0.011041  0.095637  -0.016475  0.989899  0.141690  0.004891  -0.029355  0.171089  0.984818  0.138702  -0.975014  0.173521  0.003221  -0.003105  0.001326  -0.658716  -0.119523  0.191862  2.000000  
224.784878 0.011046  0.095634  -0.016472  0.989874  0.141859  0.004984  -0.029558  0.171654  0.984714  0.138834  -0.974890  0.174109  0.003382  -0.003030  0.001537  -0.646543  -0.120105  0.187553  2.000000  
224.786112 0.011052  0.095631  -0.016467  0.989850  0.142028  0.005060  -0.029761  0.172337  0.984588  0.138967  -0.974745  0.174815  0.003544  -0.002957  0.001808  -0.639429  -0.114739  0.177746  2.000000  
224.787113 0.011057  0.095629  -0.016464  0.989844  0.142066  0.005194  -0.029965  0.172786  0.984504  0.138967  -0.974660  0.175288  0.003686  -0.002836  0.001999  -0.631345  -0.115378  0.173421  2.000000  
224.788135 0.011061  0.095627  -0.016460  0.989819  0.142234  0.005304  -0.030168  0.173230  0.984419  0.139099  -0.974557  0.175757  0.003801  -0.002726  0.002301  -0.619800  -0.117632  0.165960  2.000000  
224.789366 0.011067  0.095624  -0.016454  0.989794  0.142404  0.005397  -0.030371  0.173794  0.984314  0.139232  -0.974432  0.176345  0.003970  -0.002599  0.002607  -0.607017  -0.116622  0.164792  2.000000  
224.790369 0.011071  0.095622  -0.016450  0.989769  0.142573  0.005507  -0.030574  0.174238  0.984229  0.139364  -0.974328  0.176814  0.004070  -0.002501  0.002819  -0.599730  -0.118225  0.161787  2.000000  
224.791616 0.011077  0.095620  -0.016445  0.989744  0.142742  0.005599  -0.030778  0.174801  0.984123  0.139497  -0.974202  0.177402  0.004219  -0.002412  0.003021  -0.587577  -0.118881  0.157477  2.000000  
224.792616 0.011082  0.095618  -0.016440  0.989719  0.142911  0.005709  -0.030981  0.175245  0.984037  0.139629  -0.974097  0.177871  0.004330  -0.002308  0.003236  -0.577678  -0.124501  0.157391  2.000000  
224.793618 0.011087  0.095616  -0.016436  0.989713  0.142950  0.005842  -0.031185  0.175693  0.983951  0.139629  -0.974011  0.178344  0.004383  -0.002272  0.003368  -0.566216  -0.126975  0.149945  2.000000  
224.794881 0.011093  0.095614  -0.016431  0.989669  0.143250  0.005910  -0.031387  0.176252  0.983844  0.139894  -0.973866  0.178928  0.004500  -0.002177  0.003496  -0.557403  -0.125041  0.153167  2.000000  
224.796115 0.011099  0.095611  -0.016427  0.989644  0.143420  0.006019  -0.031590  0.176696  0.983758  0.140027  -0.973760  0.179397  0.004542  -0.002131  0.003571  -0.545689  -0.127518  0.145672  2.000000  
224.797119 0.011104  0.095610  -0.016424  0.989618  0.143589  0.006128  -0.031793  0.177140  0.983672  0.140159  -0.973655  0.179866  0.004616  -0.002085  0.003672  -0.536499  -0.134162  0.146922  2.000000  
224.798365 0.011110  0.095607  -0.016420  0.989593  0.143759  0.006237  -0.031997  0.177583  0.983586  0.140292  -0.973549  0.180335  0.004669  -0.002026  0.003756  -0.524225  -0.134839  0.142579  2.000000  
224.799612 0.011115  0.095604  -0.016416  0.989561  0.143966  0.006548  -0.032403  0.177997  0.983497  0.140424  -0.973443  0.180804  0.004706  -0.002000  0.003782  -0.514032  -0.147058  0.143877  2.000000  
224.800616 0.011120  0.095602  -0.016413  0.989536  0.144135  0.006674  -0.032606  0.178321  0.983432  0.140557  -0.973359  0.181155  0.004668  -0.002003  0.003708  -0.501888  -0.148954  0.140714  2.000000  
224.801867 0.011125  0.095599  -0.016410  0.989510  0.144305  0.006782  -0.032810  0.178764  0.983345  0.140689  -0.973252  0.181623  0.004649  -0.002035  0.003648  -0.488770  -0.154355  0.140862  2.000000  
224.802876 0.011130  0.095597  -0.016407  0.989491  0.144437  0.006722  -0.032809  0.178998  0.983302  0.140822  -0.973189  0.181856  0.004675  -0.002043  0.003573  -0.473190  -0.148749  0.140850  2.000000  
224.804116 0.011135  0.095594  -0.016404  0.989447  0.144737  0.006806  -0.033011  0.179437  0.983215  0.141087  -0.973064  0.182321  0.004596  -0.002067  0.003423  -0.465333  -0.146691  0.144194  2.000000  
224.805120 0.011139  0.095591  -0.016402  0.989421  0.144906  0.006949  -0.033214  0.179641  0.983171  0.141219  -0.973001  0.182554  0.004568  -0.002131  0.003266  -0.448784  -0.147825  0.145470  2.000000  
224.806366 0.011144  0.095588  -0.016399  0.989395  0.145076  0.007074  -0.033418  0.179965  0.983105  0.141352  -0.972916  0.182904  0.004501  -0.002163  0.003074  -0.436017  -0.153220  0.145551  2.000000  
224.807367 0.011148  0.095585  -0.016398  0.989357  0.145338  0.006972  -0.033416  0.180314  0.983041  0.141616  -0.972812  0.183251  0.004451  -0.002215  0.002905  -0.428354  -0.146868  0.150050  2.000000  
224.808616 0.011152  0.095582  -0.016396  0.989332  0.145508  0.007097  -0.033619  0.180637  0.982975  0.141749  -0.972727  0.183602  0.004328  -0.002260  0.002679  -0.416279  -0.147654  0.145771  2.000000  
224.809617 0.011155  0.095579  -0.016395  0.989313  0.145640  0.007037  -0.033619  0.180871  0.982932  0.141881  -0.972664  0.183834  0.004199  -0.002377  0.002484  -0.408598  -0.145523  0.148933  2.000000  
224.810618 0.011159  0.095576  -0.016393  0.989268  0.145939  0.007155  -0.033821  0.181071  0.982888  0.142146  -0.972582  0.184063  0.004113  -0.002441  0.002330  -0.395800  -0.145900  0.154723  2.000000  
224.811868 0.011163  0.095572  -0.016391  0.989230  0.146202  0.007053  -0.033820  0.181419  0.982824  0.142411  -0.972477  0.184410  0.004015  -0.002510  0.002229  -0.384326  -0.138195  0.157918  2.000000  
224.813116 0.011167  0.095569  -0.016389  0.989211  0.146334  0.006993  -0.033819  0.181653  0.982781  0.142544  -0.972414  0.184642  0.003854  -0.002600  0.002054  -0.373078  -0.131398  0.156750  2.000000  
224.814117 0.011170  0.095565  -0.016388  0.989172  0.146595  0.006908  -0.033818  0.181883  0.982739  0.142808  -0.972331  0.184871  0.003729  -0.002692  0.001920  -0.361796  -0.122960  0.164408  2.000000  
224.815117 0.011172  0.095561  -0.016387  0.989146  0.146764  0.007050  -0.034021  0.182087  0.982694  0.142941  -0.972268  0.185103  0.003605  -0.002807  0.001835  -0.353656  -0.122909  0.164468  2.000000  
224.816362 0.011176  0.095557  -0.016386  0.989108  0.147026  0.006964  -0.034019  0.182316  0.982651  0.143206  -0.972185  0.185332  0.003498  -0.002880  0.001635  -0.340009  -0.114485  0.166538  2.000000  
224.817617 0.011179  0.095552  -0.016386  0.989089  0.147158  0.006904  -0.034019  0.182550  0.982608  0.143338  -0.972121  0.185564  0.003345  -0.002999  0.001483  -0.327009  -0.108457  0.166495  2.000000  
224.818875 0.011182  0.095547  -0.016386  0.989051  0.147419  0.006836  -0.034017  0.182660  0.982587  0.143603  -0.972061  0.185675  0.003214  -0.003153  0.001235  -0.313112  -0.100010  0.168290  2.000000  
224.820114 0.011186  0.095542  -0.016385  0.989012  0.147680  0.006751  -0.034016  0.182890  0.982545  0.143868  -0.971978  0.185904  0.003115  -0.003244  0.001093  -0.302958  -0.085777  0.170261  2.000000  
224.821114 0.011188  0.095538  -0.016385  0.988993  0.147811  0.006708  -0.034015  0.183004  0.982523  0.144000  -0.971937  0.186018  0.003044  -0.003356  0.001000  -0.291754  -0.078217  0.173404  2.000000  
224.822119 0.011191  0.095534  -0.016384  0.988954  0.148072  0.006640  -0.034014  0.183115  0.982503  0.144265  -0.971876  0.186128  0.002938  -0.003451  0.000904  -0.278864  -0.071249  0.178057  2.000000  
224.823367 0.011195  0.095529  -0.016384  0.988916  0.148333  0.006555  -0.034013  0.183344  0.982460  0.144530  -0.971793  0.186357  0.002909  -0.003564  0.000841  -0.267572  -0.063603  0.181231  2.000000  
224.824367 0.011197  0.095525  -0.016383  0.988896  0.148463  0.006530  -0.034012  0.183340  0.982461  0.144662  -0.971774  0.186353  0.002873  -0.003611  0.000794  -0.252207  -0.056819  0.179963  2.000000  
224.825617 0.011201  0.095520  -0.016382  0.988858  0.148724  0.006462  -0.034011  0.183450  0.982441  0.144927  -0.971714  0.186464  0.002791  -0.003745  0.000787  -0.236905  -0.049197  0.183166  2.000000  
224.826619 0.011204  0.095516  -0.016380  0.988838  0.148855  0.006419  -0.034010  0.183564  0.982419  0.145059  -0.971672  0.186578  0.002776  -0.003843  0.000710  -0.229708  -0.042416  0.181897  2.000000  
224.827869 0.011207  0.095510  -0.016380  0.988799  0.149115  0.006351  -0.034009  0.183675  0.982399  0.145324  -0.971611  0.186689  0.002746  -0.003954  0.000646  -0.218399  -0.035620  0.180602  2.000000  
224.829117 0.011211  0.095504  -0.016378  0.988761  0.149375  0.006301  -0.034007  0.183666  0.982400  0.145589  -0.971573  0.186681  0.002747  -0.004060  0.000652  -0.203082  -0.028013  0.183769  2.000000  
224.830363 0.011214  0.095499  -0.016376  0.988741  0.149506  0.006258  -0.034007  0.183780  0.982379  0.145721  -0.971531  0.186795  0.002758  -0.004110  0.000709  -0.192871  -0.014502  0.181275  2.000000  
224.831618 0.011218  0.095494  -0.016375  0.988702  0.149766  0.006208  -0.034005  0.183772  0.982381  0.145986  -0.971493  0.186788  0.002767  -0.004158  0.000767  -0.177511  -0.006889  0.184390  2.000000  
224.832862 0.011222  0.095489  -0.016372  0.988663  0.150026  0.006140  -0.034004  0.183882  0.982360  0.146251  -0.971432  0.186899  0.002783  -0.004184  0.000897  -0.172070  -0.005969  0.187334  2.000000  
224.833869 0.011225  0.095484  -0.016371  0.988643  0.150156  0.006115  -0.034003  0.183877  0.982361  0.146383  -0.971413  0.186895  0.002845  -0.004174  0.001034  -0.158102  -0.000081  0.183112  2.000000  
224.834881 0.011228  0.095481  -0.016368  0.988624  0.150286  0.006090  -0.034003  0.183873  0.982362  0.146515  -0.971393  0.186891  0.002887  -0.004179  0.001141  -0.150897  0.006668  0.181783  2.000000  
224.836114 0.011232  0.095475  -0.016366  0.988604  0.150416  0.006065  -0.034002  0.183868  0.982363  0.146648  -0.971374  0.186887  0.002893  -0.004182  0.001257  -0.137567  0.006648  0.180342  2.000000  
224.837362 0.011236  0.095471  -0.016363  0.988565  0.150676  0.006015  -0.034001  0.183859  0.982364  0.146912  -0.971335  0.186880  0.002985  -0.004144  0.001416  -0.126435  0.013355  0.179092  2.000000  
224.838370 0.011239  0.095467  -0.016361  0.988538  0.150843  0.006210  -0.034204  0.183705  0.982386  0.147045  -0.971339  0.186758  0.002982  -0.004133  0.001491  -0.111152  0.013485  0.180544  2.000000  
224.839617 0.011244  0.095463  -0.016358  0.988519  0.150972  0.006185  -0.034203  0.183700  0.982387  0.147177  -0.971319  0.186755  0.003035  -0.004099  0.001623  -0.102149  0.013397  0.179058  2.000000  
224.840873 0.011248  0.095458  -0.016356  0.988499  0.151102  0.006160  -0.034202  0.183696  0.982388  0.147309  -0.971300  0.186751  0.003082  -0.004034  0.001703  -0.091753  0.019421  0.174820  2.000000  
224.842119 0.011252  0.095454  -0.016353  0.988479  0.151231  0.006154  -0.034202  0.183572  0.982411  0.147442  -0.971303  0.186630  0.003165  -0.003969  0.001855  -0.075454  0.018602  0.170423  2.000000  
224.843366 0.011256  0.095449  -0.016350  0.988459  0.151361  0.006147  -0.034201  0.183448  0.982434  0.147574  -0.971307  0.186508  0.003206  -0.003924  0.001894  -0.063223  0.017769  0.166009  2.000000  
224.844616 0.011260  0.095444  -0.016348  0.988433  0.151528  0.006325  -0.034404  0.183413  0.982434  0.147706  -0.971287  0.186504  0.003226  -0.003894  0.001954  0.000000  0.000000  0.000000  2.000000  
224.845617 0.011264  0.095441  -0.016345  0.988413  0.151657  0.006318  -0.034403  0.183289  0.982457  0.147839  -0.971290  0.186383  0.003248  -0.003825  0.002052  0.000000  0.000000  0.000000  2.000000  
224.846873 0.011268  0.095436  -0.016343  0.988393  0.151786  0.006312  -0.034402  0.183165  0.982480  0.147971  -0.971294  0.186261  0.003307  -0.003764  0.002093  0.000000  0.000000  0.000000  2.000000  
224.848115 0.011273  0.095432  -0.016339  0.988373  0.151916  0.006305  -0.034402  0.183042  0.982503  0.148103  -0.971297  0.186140  0.003349  -0.003680  0.002167  0.000000  0.000000  0.000000  2.000000  
224.849368 0.011277  0.095428  -0.016336  0.988354  0.152045  0.006299  -0.034401  0.182918  0.982526  0.148236  -0.971300  0.186018  0.003381  -0.003653  0.002189  0.000000  0.000000  0.000000  2.000000  
224.850616 0.011281  0.095424  -0.016334  0.988346  0.152082  0.006519  -0.034604  0.182767  0.982547  0.148236  -0.971322  0.185900  0.003417  -0.003612  0.002222  0.000000  0.000000  0.000000  2.000000  
224.851864 0.011286  0.095420  -0.016331  0.988327  0.152211  0.006513  -0.034604  0.182644  0.982570  0.148368  -0.971325  0.185779  0.003438  -0.003560  0.002235  0.000000  0.000000  0.000000  2.000000  
224.852867 0.011289  0.095416  -0.016329  0.988307  0.152340  0.006507  -0.034603  0.182520  0.982593  0.148500  -0.971328  0.185657  0.003423  -0.003546  0.002215  0.000000  0.000000  0.000000  2.000000  
224.854114 0.011293  0.095412  -0.016327  0.988307  0.152338  0.006544  -0.034603  0.182282  0.982637  0.148500  -0.971374  0.185422  0.003418  -0.003510  0.002218  0.000000  0.000000  0.000000  2.000000  
224.855122 0.011296  0.095409  -0.016325  0.988287  0.152467  0.006537  -0.034602  0.182158  0.982660  0.148633  -0.971376  0.185300  0.003401  -0.003495  0.002197  0.000000  0.000000  0.000000  2.000000  
224.856365 0.011300  0.095404  -0.016323  0.988267  0.152596  0.006531  -0.034602  0.182034  0.982683  0.148765  -0.971379  0.185178  0.003377  -0.003492  0.002141  0.000000  0.000000  0.000000  2.000000  
224.857366 0.011304  0.095401  -0.016321  0.988267  0.152596  0.006549  -0.034602  0.181915  0.982705  0.148765  -0.971402  0.185061  0.003387  -0.003413  0.002144  0.000000  0.000000  0.000000  2.000000  
224.858366 0.011307  0.095398  -0.016319  0.988267  0.152595  0.006568  -0.034602  0.181796  0.982727  0.148765  -0.971424  0.184943  0.003346  -0.003394  0.002067  0.000000  0.000000  0.000000  2.000000  
224.859369 0.011309  0.095395  -0.016318  0.988247  0.152723  0.006580  -0.034601  0.181553  0.982772  0.148897  -0.971450  0.184703  0.003318  -0.003351  0.002035  0.000000  0.000000  0.000000  2.000000  
224.860618 0.011313  0.095391  -0.016316  0.988247  0.152722  0.006599  -0.034601  0.181434  0.982794  0.148897  -0.971472  0.184586  0.003288  -0.003335  0.001917  0.000000  0.000000  0.000000  2.000000  
224.861868 0.011317  0.095386  -0.016315  0.988247  0.152721  0.006636  -0.034601  0.181195  0.982838  0.148897  -0.971517  0.184350  0.003225  -0.003338  0.001836  0.000000  0.000000  0.000000  2.000000  
224.862872 0.011319  0.095383  -0.016313  0.988227  0.152850  0.006630  -0.034600  0.181071  0.982861  0.149030  -0.971519  0.184228  0.003173  -0.003324  0.001738  0.000000  0.000000  0.000000  2.000000  
224.864116 0.011322  0.095379  -0.016312  0.988227  0.152848  0.006667  -0.034600  0.180833  0.982905  0.149030  -0.971564  0.183993  0.003081  -0.003283  0.001621  0.000000  0.000000  0.000000  2.000000  
224.865362 0.011326  0.095375  -0.016311  0.988227  0.152847  0.006685  -0.034600  0.180714  0.982927  0.149030  -0.971586  0.183875  0.003062  -0.003260  0.001526  0.000000  0.000000  0.000000  2.000000  
224.866367 0.011329  0.095372  -0.016309  0.988227  0.152846  0.006722  -0.034600  0.180475  0.982971  0.149030  -0.971631  0.183639  0.002986  -0.003241  0.001502  0.000000  0.000000  0.000000  2.000000  
224.867612 0.011332  0.095368  -0.016308  0.988214  0.152937  0.006533  -0.034396  0.180264  0.983017  0.149162  -0.971656  0.183400  0.002932  -0.003248  0.001429  0.000000  0.000000  0.000000  2.000000  
224.868617 0.011334  0.095365  -0.016307  0.988214  0.152936  0.006551  -0.034396  0.180145  0.983039  0.149162  -0.971678  0.183282  0.002862  -0.003228  0.001363  0.000000  0.000000  0.000000  2.000000  
224.869869 0.011338  0.095361  -0.016306  0.988214  0.152935  0.006588  -0.034396  0.179906  0.983082  0.149162  -0.971723  0.183046  0.002817  -0.003259  0.001299  0.000000  0.000000  0.000000  2.000000  
224.871114 0.011341  0.095357  -0.016304  0.988214  0.152933  0.006625  -0.034396  0.179668  0.983126  0.149162  -0.971767  0.182810  0.002764  -0.003235  0.001260  0.000000  0.000000  0.000000  2.000000  
224.872119 0.011343  0.095353  -0.016304  0.988214  0.152932  0.006644  -0.034396  0.179548  0.983148  0.149162  -0.971789  0.182692  0.002674  -0.003273  0.001180  0.000000  0.000000  0.000000  2.000000  
224.873366 0.011346  0.095349  -0.016302  0.988214  0.152931  0.006681  -0.034396  0.179310  0.983191  0.149162  -0.971833  0.182457  0.002651  -0.003270  0.001179  0.000000  0.000000  0.000000  2.000000  
224.874366 0.011348  0.095346  -0.016301  0.988214  0.152929  0.006718  -0.034396  0.179071  0.983235  0.149162  -0.971878  0.182221  0.002611  -0.003274  0.001149  0.000000  0.000000  0.000000  2.000000  
224.875368 0.011351  0.095342  -0.016300  0.988214  0.152928  0.006737  -0.034396  0.178952  0.983256  0.149162  -0.971900  0.182103  0.002539  -0.003281  0.001128  0.000000  0.000000  0.000000  2.000000  
224.876619 0.011354  0.095338  -0.016298  0.988214  0.152926  0.006774  -0.034396  0.178713  0.983300  0.149162  -0.971944  0.181867  0.002517  -0.003253  0.001158  0.000000  0.000000  0.000000  2.000000  
224.877869 0.011356  0.095334  -0.016296  0.988214  0.152925  0.006811  -0.034396  0.178475  0.983343  0.149162  -0.971988  0.181631  0.002444  -0.003250  0.001166  0.000000  0.000000  0.000000  2.000000  
224.878872 0.011358  0.095332  -0.016295  0.988214  0.152923  0.006848  -0.034396  0.178236  0.983386  0.149162  -0.972032  0.181396  0.002441  -0.003224  0.001197  0.000000  0.000000  0.000000  2.000000  
224.880114 0.011361  0.095328  -0.016293  0.988194  0.153051  0.006861  -0.034395  0.177993  0.983430  0.149294  -0.972056  0.181156  0.002336  -0.003226  0.001214  0.000000  0.000000  0.000000  2.000000  
224.881362 0.011363  0.095325  -0.016291  0.988194  0.153050  0.006898  -0.034395  0.177755  0.983474  0.149294  -0.972100  0.180920  0.002298  -0.003196  0.001242  0.000000  0.000000  0.000000  2.000000  
224.882363 0.011365  0.095322  -0.016289  0.988194  0.153049  0.006917  -0.034395  0.177635  0.983495  0.149294  -0.972122  0.180802  0.002229  -0.003167  0.001322  0.000000  0.000000  0.000000  2.000000  
224.883368 0.011367  0.095319  -0.016287  0.988194  0.153047  0.006954  -0.034395  0.177397  0.983538  0.149294  -0.972166  0.180567  0.002238  -0.003110  0.001374  0.170188  0.011718  0.025248  2.000000  
224.884616 0.011370  0.095316  -0.016284  0.988194  0.153046  0.006991  -0.034395  0.177158  0.983581  0.149294  -0.972210  0.180331  0.002158  -0.003025  0.001458  0.174364  0.010888  0.020843  2.000000  
224.885870 0.011372  0.095313  -0.016282  0.988194  0.153044  0.007028  -0.034395  0.176920  0.983624  0.149294  -0.972254  0.180095  0.002087  -0.002970  0.001494  0.172843  0.010788  0.020663  2.000000  
224.887116 0.011374  0.095309  -0.016279  0.988174  0.153172  0.007041  -0.034395  0.176676  0.983668  0.149427  -0.972278  0.179855  0.002051  -0.002909  0.001654  0.176895  0.010785  0.020667  2.000000  
224.888118 0.011375  0.095307  -0.016277  0.988174  0.153171  0.007060  -0.034395  0.176557  0.983689  0.149427  -0.972299  0.179737  0.001978  -0.002852  0.001692  0.178355  0.010871  0.020838  2.000000  
224.889365 0.011378  0.095304  -0.016274  0.988174  0.153170  0.007097  -0.034395  0.176318  0.983732  0.149427  -0.972343  0.179502  0.001944  -0.002746  0.001754  0.176900  0.009956  0.016287  2.000000  
