1-Time 2-Px 3-Py 4-Pz 5-R11 6-R21 7-R31 8-R12 9-R22 10-R32 11-R13 12-R23 13-R33 14-Vx 15-Vy 16-Vz 17-Wx 18-Wy 19-Wz 20-state 21-PR11 22-PR21 23-PR31 24-PR12 25-PR22 26-PR32 27-PR13 28-PR23 29-PR33 
90.777934 0.004038  0.093358  -0.008951  0.993041  0.112544  0.034697  -0.113753  0.992889  0.035085  -0.030501  -0.038787  0.998782  -0.000347  -0.000213  0.000165  0.000000  0.000000  0.000000  2.000000  
90.778935 0.004037  0.093358  -0.008951  0.993041  0.112544  0.034697  -0.113753  0.992889  0.035085  -0.030501  -0.038787  0.998782  -0.000365  -0.000243  0.000111  0.000000  0.000000  0.000000  2.000000  
90.779937 0.004037  0.093357  -0.008951  0.992990  0.112947  0.034844  -0.114161  0.992844  0.035055  -0.030635  -0.038787  0.998778  -0.000349  -0.000289  0.000130  0.000000  0.000000  0.000000  2.000000  
90.780939 0.004037  0.093356  -0.008951  0.992891  0.113756  0.035019  -0.114978  0.992747  0.035131  -0.030769  -0.038908  0.998769  -0.000363  -0.000363  0.000129  0.000000  0.000000  0.000000  2.000000  
90.782186 0.004037  0.093353  -0.008951  0.992812  0.114358  0.035306  -0.115590  0.992677  0.035079  -0.031036  -0.038908  0.998761  -0.000327  -0.000511  0.000086  0.000000  0.000000  0.000000  2.000000  
90.783189 0.004037  0.093351  -0.008952  0.992784  0.114553  0.035460  -0.115794  0.992650  0.035176  -0.031170  -0.039029  0.998752  -0.000320  -0.000610  0.000060  0.000000  0.000000  0.000000  2.000000  
90.784442 0.004038  0.093349  -0.008951  0.992712  0.115162  0.035496  -0.116407  0.992575  0.035275  -0.031170  -0.039150  0.998747  -0.000216  -0.000727  0.000067  0.000000  0.000000  0.000000  2.000000  
90.785442 0.004038  0.093348  -0.008951  0.992644  0.115780  0.035385  -0.117021  0.992503  0.035269  -0.031036  -0.039150  0.998751  -0.000188  -0.000783  0.000094  0.000000  0.000000  0.000000  2.000000  
90.786446 0.004039  0.093347  -0.008950  0.992548  0.116593  0.035428  -0.117838  0.992403  0.035360  -0.031036  -0.039271  0.998746  -0.000084  -0.000837  0.000138  0.000000  0.000000  0.000000  2.000000  
90.787696 0.004040  0.093346  -0.008950  0.992430  0.117616  0.035346  -0.118860  0.992278  0.035460  -0.030903  -0.039392  0.998746  0.000004  -0.000909  0.000126  0.006491  -0.020796  0.185968  2.000000  
90.788938 0.004041  0.093345  -0.008950  0.992303  0.118627  0.035530  -0.119881  0.992152  0.035528  -0.031036  -0.039513  0.998737  0.000113  -0.001005  0.000088  0.009494  -0.026670  0.220439  2.000000  
90.790190 0.004043  0.093344  -0.008950  0.992146  0.119838  0.035853  -0.121106  0.992002  0.035572  -0.031304  -0.039634  0.998724  0.000314  -0.001021  0.000109  0.012257  -0.037297  0.261506  2.000000  
90.791439 0.004046  0.093344  -0.008947  0.991991  0.121058  0.036030  -0.122331  0.991854  0.035511  -0.031438  -0.039634  0.998720  0.000516  -0.001024  0.000265  0.010954  -0.043425  0.302802  2.000000  
90.792690 0.004048  0.093343  -0.008944  0.991835  0.122273  0.036221  -0.123556  0.991700  0.035570  -0.031571  -0.039755  0.998711  0.000714  -0.001047  0.000465  0.013720  -0.049566  0.344041  2.000000  
90.793936 0.004051  0.093341  -0.008942  0.991678  0.123489  0.036413  -0.124780  0.991544  0.035629  -0.031705  -0.039876  0.998702  0.000911  -0.001147  0.000630  0.016484  -0.055723  0.385364  2.000000  
90.794939 0.004052  0.093339  -0.008941  0.991549  0.124505  0.036464  -0.125801  0.991413  0.035712  -0.031705  -0.039997  0.998697  0.001018  -0.001188  0.000672  0.019696  -0.056829  0.412919  2.000000  
90.795941 0.004053  0.093337  -0.008940  0.991419  0.125525  0.036501  -0.126822  0.991284  0.035674  -0.031705  -0.039997  0.998697  0.001120  -0.001249  0.000759  0.018620  -0.058197  0.447474  2.000000  
90.797187 0.004055  0.093333  -0.008938  0.991283  0.126536  0.036686  -0.127841  0.991150  0.035740  -0.031839  -0.040118  0.998688  0.001219  -0.001331  0.000890  0.025667  -0.064065  0.481907  2.000000  
90.798190 0.004056  0.093329  -0.008937  0.991174  0.127342  0.036863  -0.128657  0.991042  0.035813  -0.031972  -0.040239  0.998678  0.001269  -0.001469  0.000947  0.028846  -0.069682  0.509360  2.000000  
90.799435 0.004058  0.093324  -0.008937  0.991010  0.128552  0.037071  -0.129881  0.990876  0.035990  -0.032106  -0.040481  0.998664  0.001362  -0.001701  0.000966  0.035668  -0.075891  0.550680  2.000000  
90.800439 0.004061  0.093320  -0.008937  0.990871  0.129562  0.037256  -0.130900  0.990740  0.036054  -0.032240  -0.040602  0.998655  0.001522  -0.001913  0.000941  0.038313  -0.081138  0.580363  2.000000  
90.801684 0.004064  0.093314  -0.008937  0.990732  0.130572  0.037442  -0.131920  0.990602  0.036119  -0.032374  -0.040723  0.998646  0.001651  -0.002227  0.000861  0.041586  -0.087729  0.619633  2.000000  
90.802685 0.004066  0.093309  -0.008937  0.990618  0.131377  0.037620  -0.132735  0.990491  0.036190  -0.032507  -0.040844  0.998637  0.001727  -0.002488  0.000867  0.044769  -0.093405  0.647369  2.000000  
90.803695 0.004067  0.093303  -0.008938  0.990532  0.131979  0.037790  -0.133346  0.990406  0.036269  -0.032641  -0.040965  0.998627  0.001774  -0.002824  0.000802  0.048095  -0.098658  0.667173  2.000000  
90.804939 0.004070  0.093295  -0.008939  0.990390  0.132989  0.037976  -0.134365  0.990266  0.036332  -0.032775  -0.041086  0.998618  0.001796  -0.003320  0.000705  0.055118  -0.104554  0.701688  2.000000  
90.805939 0.004072  0.093289  -0.008940  0.990302  0.133590  0.038147  -0.134976  0.990180  0.036411  -0.032909  -0.041207  0.998609  0.001847  -0.003722  0.000530  0.058711  -0.109649  0.715360  2.000000  
90.806943 0.004074  0.093282  -0.008940  0.990191  0.134401  0.038194  -0.135792  0.990065  0.036500  -0.032909  -0.041328  0.998604  0.001825  -0.004176  0.000351  0.061893  -0.110769  0.742782  2.000000  
90.808190 0.004076  0.093273  -0.008940  0.990074  0.135206  0.038372  -0.136606  0.989950  0.036570  -0.033042  -0.041449  0.998594  0.001781  -0.004681  0.000161  0.065083  -0.116496  0.770757  2.000000  
90.809210 0.004078  0.093266  -0.008940  0.990013  0.135603  0.038536  -0.137013  0.989891  0.036656  -0.033176  -0.041570  0.998585  0.001808  -0.004999  0.000092  0.068815  -0.121186  0.776650  2.000000  
90.810446 0.004080  0.093257  -0.008940  0.989920  0.136204  0.038824  -0.137624  0.989808  0.036595  -0.033443  -0.041570  0.998576  0.001843  -0.005422  -0.000004  0.068913  -0.125458  0.769929  2.000000  
90.811689 0.004081  0.093248  -0.008940  0.989826  0.136799  0.039127  -0.138234  0.989721  0.036655  -0.033711  -0.041690  0.998562  0.001828  -0.005847  -0.000093  0.068732  -0.125599  0.770202  2.000000  
90.812935 0.004083  0.093238  -0.008939  0.989764  0.137201  0.039275  -0.138641  0.989665  0.036620  -0.033845  -0.041690  0.998557  0.001844  -0.006167  -0.000128  0.064510  -0.121171  0.770490  2.000000  
90.814186 0.004084  0.093228  -0.008938  0.989698  0.137593  0.039571  -0.139047  0.989606  0.036687  -0.034112  -0.041811  0.998543  0.001778  -0.006440  -0.000057  0.064635  -0.129978  0.763232  2.000000  
90.815439 0.004086  0.093219  -0.008938  0.989665  0.137791  0.039711  -0.139250  0.989578  0.036660  -0.034246  -0.041811  0.998538  0.001665  -0.006707  -0.000064  0.064537  -0.137237  0.742708  2.000000  
90.816689 0.004087  0.093209  -0.008938  0.989627  0.137979  0.040000  -0.139452  0.989547  0.036734  -0.034513  -0.041931  0.998524  0.001540  -0.007020  -0.000065  0.066165  -0.150567  0.713873  2.000000  
90.817935 0.004087  0.093199  -0.008937  0.989594  0.138172  0.040156  -0.139655  0.989515  0.036828  -0.034647  -0.042052  0.998514  0.001435  -0.007189  0.000002  0.066194  -0.148559  0.687334  2.000000  
90.819190 0.004089  0.093190  -0.008937  0.989560  0.138370  0.040296  -0.139859  0.989487  0.036801  -0.034781  -0.042052  0.998510  0.001367  -0.007324  0.000157  0.063934  -0.148121  0.651476  2.000000  
90.820192 0.004090  0.093182  -0.008937  0.989556  0.138360  0.040445  -0.139858  0.989484  0.036902  -0.034914  -0.042173  0.998500  0.001259  -0.007422  0.000177  0.064758  -0.147059  0.623777  2.000000  
90.821439 0.004090  0.093172  -0.008939  0.989547  0.138349  0.040710  -0.139857  0.989485  0.036865  -0.035182  -0.042173  0.998491  0.001110  -0.007577  0.000070  0.065981  -0.145373  0.582365  2.000000  
90.822442 0.004090  0.093163  -0.008940  0.989537  0.138332  0.040991  -0.139855  0.989482  0.036947  -0.035449  -0.042293  0.998476  0.000982  -0.007744  -0.000036  0.067065  -0.153016  0.547445  2.000000  
90.823444 0.004089  0.093154  -0.008942  0.989532  0.138322  0.041140  -0.139855  0.989479  0.037048  -0.035583  -0.042414  0.998466  0.000859  -0.007849  -0.000115  0.068142  -0.151630  0.512776  2.000000  
90.824689 0.004089  0.093143  -0.008944  0.989494  0.138514  0.041413  -0.140057  0.989452  0.037003  -0.035850  -0.042414  0.998457  0.000701  -0.007956  -0.000236  0.065181  -0.159261  0.477972  2.000000  
90.825938 0.004089  0.093133  -0.008946  0.989489  0.138504  0.041562  -0.140056  0.989448  0.037104  -0.035984  -0.042535  0.998447  0.000532  -0.008037  -0.000386  0.069819  -0.161022  0.439580  2.000000  
90.826940 0.004089  0.093125  -0.008947  0.989513  0.138289  0.041703  -0.139852  0.989473  0.037214  -0.036118  -0.042656  0.998437  0.000428  -0.008049  -0.000508  0.070920  -0.159643  0.405261  2.000000  
90.828188 0.004088  0.093116  -0.008949  0.989537  0.138080  0.041828  -0.139648  0.989502  0.037204  -0.036251  -0.042656  0.998432  0.000341  -0.007973  -0.000674  0.068226  -0.157961  0.364132  2.000000  
90.829189 0.004088  0.093109  -0.008950  0.989533  0.138069  0.041977  -0.139647  0.989498  0.037305  -0.036385  -0.042776  0.998422  0.000259  -0.007939  -0.000787  0.066082  -0.157597  0.325637  2.000000  
90.830439 0.004088  0.093101  -0.008950  0.989528  0.138058  0.042126  -0.139646  0.989495  0.037406  -0.036519  -0.042897  0.998412  0.000156  -0.007865  -0.000841  0.066678  -0.154917  0.288696  2.000000  
90.831456 0.004088  0.093094  -0.008952  0.989518  0.138047  0.042390  -0.139645  0.989496  0.037369  -0.036786  -0.042897  0.998402  0.000084  -0.007781  -0.000940  0.064249  -0.159163  0.256178  2.000000  
90.832686 0.004088  0.093087  -0.008953  0.989513  0.138036  0.042539  -0.139644  0.989493  0.037470  -0.036920  -0.043018  0.998392  0.000051  -0.007634  -0.001077  0.065466  -0.157868  0.221808  2.000000  
90.833687 0.004089  0.093081  -0.008954  0.989508  0.138030  0.042672  -0.139643  0.989493  0.037452  -0.037054  -0.043018  0.998387  0.000016  -0.007492  -0.001131  0.061340  -0.156027  0.206294  2.000000  
90.834934 0.004090  0.093076  -0.008954  0.989532  0.137816  0.042813  -0.139439  0.989518  0.037562  -0.037187  -0.043138  0.998377  0.000020  -0.007207  -0.001123  0.062743  -0.154295  0.165125  2.000000  
90.835940 0.004090  0.093072  -0.008954  0.989527  0.137810  0.042945  -0.139438  0.989519  0.037543  -0.037321  -0.043138  0.998372  0.000021  -0.006939  -0.001070  0.000000  0.000000  0.000000  2.000000  
90.836942 0.004091  0.093067  -0.008955  0.989522  0.137799  0.043094  -0.139438  0.989515  0.037645  -0.037455  -0.043259  0.998362  0.000050  -0.006720  -0.001033  0.000000  0.000000  0.000000  2.000000  
90.837943 0.004092  0.093062  -0.008955  0.989522  0.137799  0.043094  -0.139438  0.989515  0.037645  -0.037455  -0.043259  0.998362  0.000128  -0.006355  -0.000921  0.000000  0.000000  0.000000  2.000000  
90.839189 0.004093  0.093057  -0.008957  0.989517  0.137788  0.043243  -0.139437  0.989511  0.037746  -0.037589  -0.043380  0.998351  0.000281  -0.005963  -0.000903  0.000000  0.000000  0.000000  2.000000  
90.840190 0.004095  0.093053  -0.008958  0.989507  0.137771  0.043524  -0.139436  0.989508  0.037829  -0.037856  -0.043501  0.998336  0.000427  -0.005664  -0.000876  0.000000  0.000000  0.000000  2.000000  
90.841439 0.004098  0.093049  -0.008959  0.989502  0.137760  0.043673  -0.139435  0.989505  0.037930  -0.037990  -0.043622  0.998326  0.000580  -0.005326  -0.000817  0.000000  0.000000  0.000000  2.000000  
90.842446 0.004100  0.093046  -0.008960  0.989497  0.137749  0.043822  -0.139434  0.989501  0.038032  -0.038123  -0.043742  0.998315  0.000793  -0.005016  -0.000817  0.000000  0.000000  0.000000  2.000000  
90.843689 0.004104  0.093042  -0.008961  0.989463  0.137942  0.043979  -0.139637  0.989469  0.038124  -0.038257  -0.043863  0.998305  0.001054  -0.004720  -0.000836  0.000000  0.000000  0.000000  2.000000  
90.844939 0.004109  0.093038  -0.008963  0.989458  0.137925  0.044145  -0.139636  0.989460  0.038345  -0.038391  -0.044105  0.998289  0.001343  -0.004427  -0.000883  0.000000  0.000000  0.000000  2.000000  
90.845942 0.004113  0.093036  -0.008965  0.989458  0.137920  0.044162  -0.139636  0.989455  0.038465  -0.038391  -0.044226  0.998284  0.001653  -0.004082  -0.000872  0.000000  0.000000  0.000000  2.000000  
90.846946 0.004117  0.093033  -0.008966  0.989453  0.137903  0.044327  -0.139636  0.989447  0.038687  -0.038524  -0.044468  0.998268  0.001909  -0.003854  -0.000925  0.000000  0.000000  0.000000  2.000000  
90.848185 0.004122  0.093030  -0.008968  0.989448  0.137887  0.044493  -0.139635  0.989438  0.038908  -0.038658  -0.044710  0.998252  0.002214  -0.003625  -0.000987  0.000000  0.000000  0.000000  2.000000  
90.849187 0.004126  0.093028  -0.008969  0.989419  0.138085  0.044518  -0.139839  0.989405  0.039019  -0.038658  -0.044831  0.998246  0.002503  -0.003424  -0.000968  0.000000  0.000000  0.000000  2.000000  
90.850187 0.004131  0.093026  -0.008969  0.989414  0.138074  0.044667  -0.139838  0.989401  0.039120  -0.038792  -0.044952  0.998236  0.002806  -0.003262  -0.001040  0.000000  0.000000  0.000000  2.000000  
90.851190 0.004136  0.093024  -0.008970  0.989409  0.138057  0.044832  -0.139837  0.989393  0.039341  -0.038926  -0.045194  0.998220  0.003121  -0.003084  -0.001046  0.000000  0.000000  0.000000  2.000000  
90.852191 0.004141  0.093021  -0.008970  0.989380  0.138255  0.044857  -0.140041  0.989359  0.039452  -0.038926  -0.045315  0.998214  0.003332  -0.002978  -0.001012  0.000000  0.000000  0.000000  2.000000  
90.853442 0.004147  0.093019  -0.008970  0.989375  0.138244  0.045006  -0.140040  0.989355  0.039554  -0.039059  -0.045436  0.998203  0.003690  -0.002747  -0.000946  0.000000  0.000000  0.000000  2.000000  
90.854445 0.004152  0.093018  -0.008970  0.989375  0.138238  0.045023  -0.140040  0.989351  0.039674  -0.039059  -0.045557  0.998198  0.003940  -0.002534  -0.000851  0.000000  0.000000  0.000000  2.000000  
90.855688 0.004159  0.093017  -0.008970  0.989370  0.138221  0.045189  -0.140039  0.989342  0.039895  -0.039193  -0.045799  0.998182  0.004183  -0.002339  -0.000800  0.000000  0.000000  0.000000  2.000000  
90.856693 0.004164  0.093016  -0.008970  0.989341  0.138419  0.045214  -0.140243  0.989309  0.040006  -0.039193  -0.045920  0.998176  0.004450  -0.002143  -0.000694  0.000000  0.000000  0.000000  2.000000  
90.857939 0.004171  0.093015  -0.008969  0.989336  0.138408  0.045363  -0.140242  0.989305  0.040107  -0.039327  -0.046041  0.998165  0.004618  -0.001971  -0.000562  0.000000  0.000000  0.000000  2.000000  
90.859190 0.004177  0.093014  -0.008969  0.989336  0.138402  0.045380  -0.140242  0.989300  0.040227  -0.039327  -0.046162  0.998160  0.004783  -0.001748  -0.000450  0.000000  0.000000  0.000000  2.000000  
90.860439 0.004184  0.093013  -0.008969  0.989336  0.138397  0.045397  -0.140242  0.989295  0.040347  -0.039327  -0.046283  0.998154  0.004890  -0.001581  -0.000255  0.000000  0.000000  0.000000  2.000000  
90.861441 0.004189  0.093012  -0.008969  0.989302  0.138589  0.045554  -0.140445  0.989262  0.040439  -0.039460  -0.046404  0.998143  0.004952  -0.001450  -0.000180  0.000000  0.000000  0.000000  2.000000  
90.862691 0.004194  0.093010  -0.008969  0.989302  0.138583  0.045571  -0.140445  0.989257  0.040559  -0.039460  -0.046525  0.998137  0.005020  -0.001364  -0.000050  0.000000  0.000000  0.000000  2.000000  
90.863693 0.004198  0.093009  -0.008969  0.989302  0.138578  0.045587  -0.140445  0.989252  0.040679  -0.039460  -0.046646  0.998132  0.004979  -0.001312  0.000001  0.000000  0.000000  0.000000  2.000000  
90.864936 0.004203  0.093006  -0.008969  0.989302  0.138567  0.045621  -0.140445  0.989243  0.040919  -0.039460  -0.046888  0.998120  0.004865  -0.001338  0.000025  0.000000  0.000000  0.000000  2.000000  
90.866190 0.004207  0.093003  -0.008970  0.989268  0.138759  0.045779  -0.140648  0.989210  0.041010  -0.039594  -0.047009  0.998109  0.004703  -0.001393  -0.000002  0.000000  0.000000  0.000000  2.000000  
90.867443 0.004211  0.093000  -0.008971  0.989268  0.138753  0.045795  -0.140648  0.989205  0.041130  -0.039594  -0.047130  0.998104  0.004542  -0.001403  -0.000054  0.000000  0.000000  0.000000  2.000000  
90.868691 0.004214  0.092997  -0.008971  0.989268  0.138747  0.045812  -0.140648  0.989200  0.041250  -0.039594  -0.047251  0.998098  0.004344  -0.001507  -0.000087  0.000000  0.000000  0.000000  2.000000  
90.869943 0.004217  0.092994  -0.008971  0.989268  0.138742  0.045829  -0.140648  0.989195  0.041370  -0.039594  -0.047372  0.998092  0.004144  -0.001609  -0.000061  0.000000  0.000000  0.000000  2.000000  
90.870945 0.004219  0.092991  -0.008971  0.989268  0.138736  0.045846  -0.140648  0.989190  0.041490  -0.039594  -0.047493  0.998087  0.003907  -0.001716  -0.000094  0.000000  0.000000  0.000000  2.000000  
90.872193 0.004222  0.092987  -0.008971  0.989268  0.138731  0.045863  -0.140648  0.989185  0.041610  -0.039594  -0.047614  0.998081  0.003648  -0.001874  -0.000137  0.000000  0.000000  0.000000  2.000000  
90.873442 0.004224  0.092984  -0.008972  0.989268  0.138725  0.045880  -0.140648  0.989180  0.041730  -0.039594  -0.047735  0.998075  0.003374  -0.002050  -0.000227  0.000000  0.000000  0.000000  2.000000  
90.874449 0.004225  0.092981  -0.008972  0.989268  0.138720  0.045896  -0.140648  0.989175  0.041850  -0.039594  -0.047856  0.998069  0.003075  -0.002188  -0.000218  0.000000  0.000000  0.000000  2.000000  
90.875689 0.004227  0.092978  -0.008972  0.989273  0.138726  0.045764  -0.140649  0.989174  0.041869  -0.039460  -0.047857  0.998074  0.002753  -0.002344  -0.000220  0.000000  0.000000  0.000000  2.000000  
90.876939 0.004228  0.092975  -0.008971  0.989273  0.138720  0.045781  -0.140649  0.989169  0.041989  -0.039460  -0.047978  0.998069  0.002470  -0.002430  -0.000205  0.000000  0.000000  0.000000  2.000000  
90.878190 0.004228  0.092971  -0.008971  0.989273  0.138720  0.045781  -0.140649  0.989169  0.041989  -0.039460  -0.047978  0.998069  0.002074  -0.002548  -0.000129  0.000000  0.000000  0.000000  2.000000  
90.879435 0.004228  0.092967  -0.008970  0.989273  0.138715  0.045798  -0.140649  0.989164  0.042109  -0.039460  -0.048099  0.998063  0.001798  -0.002651  -0.000072  0.000000  0.000000  0.000000  2.000000  
90.880439 0.004227  0.092964  -0.008971  0.989273  0.138715  0.045798  -0.140649  0.989164  0.042109  -0.039460  -0.048099  0.998063  0.001502  -0.002730  -0.000094  0.000000  0.000000  0.000000  2.000000  
90.881441 0.004227  0.092960  -0.008971  0.989273  0.138709  0.045815  -0.140649  0.989159  0.042229  -0.039460  -0.048220  0.998057  0.001279  -0.002810  -0.000053  0.000000  0.000000  0.000000  2.000000  
90.882444 0.004226  0.092957  -0.008971  0.989273  0.138709  0.045815  -0.140649  0.989159  0.042229  -0.039460  -0.048220  0.998057  0.000999  -0.002880  -0.000010  0.000000  0.000000  0.000000  2.000000  
90.883687 0.004225  0.092952  -0.008972  0.989302  0.138500  0.045823  -0.140445  0.989182  0.042359  -0.039460  -0.048341  0.998051  0.000757  -0.002962  -0.000033  0.000000  0.000000  0.000000  2.000000  
90.884687 0.004225  0.092949  -0.008971  0.989302  0.138500  0.045823  -0.140445  0.989182  0.042359  -0.039460  -0.048341  0.998051  0.000505  -0.002993  -0.000015  0.000000  0.000000  0.000000  2.000000  
90.885940 0.004224  0.092945  -0.008972  0.989302  0.138495  0.045840  -0.140445  0.989177  0.042478  -0.039460  -0.048462  0.998045  0.000301  -0.003044  -0.000018  0.000000  0.000000  0.000000  2.000000  
90.886943 0.004224  0.092942  -0.008972  0.989307  0.138501  0.045707  -0.140446  0.989176  0.042497  -0.039327  -0.048462  0.998051  0.000149  -0.003045  -0.000001  0.000000  0.000000  0.000000  2.000000  
90.888189 0.004223  0.092938  -0.008972  0.989336  0.138292  0.045715  -0.140242  0.989199  0.042627  -0.039327  -0.048583  0.998045  -0.000050  -0.003080  -0.000023  0.000000  0.000000  0.000000  2.000000  
90.889439 0.004223  0.092935  -0.008973  0.989336  0.138292  0.045715  -0.140242  0.989199  0.042627  -0.039327  -0.048583  0.998045  -0.000152  -0.003107  -0.000047  0.000000  0.000000  0.000000  2.000000  
90.890445 0.004222  0.092931  -0.008973  0.989331  0.138285  0.045848  -0.140242  0.989200  0.042608  -0.039460  -0.048583  0.998039  -0.000284  -0.003164  -0.000101  0.000000  0.000000  0.000000  2.000000  
90.891689 0.004222  0.092928  -0.008973  0.989331  0.138280  0.045864  -0.140242  0.989195  0.042728  -0.039460  -0.048704  0.998033  -0.000413  -0.003174  -0.000154  0.000000  0.000000  0.000000  2.000000  
90.892939 0.004222  0.092925  -0.008974  0.989360  0.138076  0.045856  -0.140038  0.989223  0.042737  -0.039460  -0.048704  0.998033  -0.000409  -0.003154  -0.000199  0.000000  0.000000  0.000000  2.000000  
90.894189 0.004222  0.092922  -0.008974  0.989360  0.138076  0.045856  -0.140038  0.989223  0.042737  -0.039460  -0.048704  0.998033  -0.000391  -0.003059  -0.000242  0.000000  0.000000  0.000000  2.000000  
90.895190 0.004222  0.092920  -0.008974  0.989360  0.138076  0.045856  -0.140038  0.989223  0.042737  -0.039460  -0.048704  0.998033  -0.000367  -0.002980  -0.000184  0.000000  0.000000  0.000000  2.000000  
90.896442 0.004222  0.092918  -0.008974  0.989360  0.138076  0.045856  -0.140038  0.989223  0.042737  -0.039460  -0.048704  0.998033  -0.000287  -0.002784  -0.000200  0.000000  0.000000  0.000000  2.000000  
90.897685 0.004222  0.092917  -0.008974  0.989360  0.138076  0.045856  -0.140038  0.989223  0.042737  -0.039460  -0.048704  0.998033  -0.000235  -0.002620  -0.000221  0.000000  0.000000  0.000000  2.000000  
90.898687 0.004223  0.092916  -0.008974  0.989360  0.138076  0.045856  -0.140038  0.989223  0.042737  -0.039460  -0.048704  0.998033  -0.000117  -0.002395  -0.000161  0.000000  0.000000  0.000000  2.000000  
90.899687 0.004224  0.092916  -0.008974  0.989360  0.138076  0.045856  -0.140038  0.989223  0.042737  -0.039460  -0.048704  0.998033  -0.000047  -0.002227  -0.000174  0.000000  0.000000  0.000000  2.000000  
90.900690 0.004225  0.092916  -0.008975  0.989360  0.138076  0.045856  -0.140038  0.989223  0.042737  -0.039460  -0.048704  0.998033  0.000081  -0.001996  -0.000205  0.000000  0.000000  0.000000  2.000000  
90.901935 0.004227  0.092916  -0.008975  0.989365  0.138083  0.045723  -0.140039  0.989222  0.042756  -0.039327  -0.048704  0.998039  0.000172  -0.001745  -0.000205  0.000000  0.000000  0.000000  2.000000  
90.902940 0.004227  0.092917  -0.008976  0.989365  0.138083  0.045723  -0.140039  0.989222  0.042756  -0.039327  -0.048704  0.998039  0.000264  -0.001527  -0.000209  0.000000  0.000000  0.000000  2.000000  
90.903941 0.004229  0.092917  -0.008976  0.989365  0.138083  0.045723  -0.140039  0.989222  0.042756  -0.039327  -0.048704  0.998039  0.000398  -0.001207  -0.000204  0.000000  0.000000  0.000000  2.000000  
90.905192 0.004230  0.092918  -0.008977  0.989365  0.138083  0.045723  -0.140039  0.989222  0.042756  -0.039327  -0.048704  0.998039  0.000479  -0.000918  -0.000272  0.000000  0.000000  0.000000  2.000000  
90.906447 0.004231  0.092919  -0.008979  0.989365  0.138083  0.045723  -0.140039  0.989222  0.042756  -0.039327  -0.048704  0.998039  0.000611  -0.000629  -0.000344  0.000000  0.000000  0.000000  2.000000  
90.907688 0.004232  0.092920  -0.008981  0.989365  0.138083  0.045723  -0.140039  0.989222  0.042756  -0.039327  -0.048704  0.998039  0.000663  -0.000364  -0.000459  0.000000  0.000000  0.000000  2.000000  
90.908689 0.004233  0.092920  -0.008982  0.989365  0.138083  0.045723  -0.140039  0.989222  0.042756  -0.039327  -0.048704  0.998039  0.000742  -0.000156  -0.000534  0.000000  0.000000  0.000000  2.000000  
90.909689 0.004234  0.092921  -0.008984  0.989336  0.138286  0.045732  -0.140242  0.989194  0.042747  -0.039327  -0.048704  0.998039  0.000794  0.000050  -0.000702  0.000000  0.000000  0.000000  2.000000  
90.910939 0.004235  0.092923  -0.008986  0.989336  0.138286  0.045732  -0.140242  0.989194  0.042747  -0.039327  -0.048704  0.998039  0.000874  0.000262  -0.000804  0.000000  0.000000  0.000000  2.000000  
90.912187 0.004236  0.092924  -0.008988  0.989341  0.138293  0.045600  -0.140243  0.989193  0.042765  -0.039193  -0.048705  0.998044  0.000945  0.000497  -0.000917  0.000000  0.000000  0.000000  2.000000  
90.913438 0.004238  0.092926  -0.008990  0.989341  0.138293  0.045600  -0.140243  0.989193  0.042765  -0.039193  -0.048705  0.998044  0.000998  0.000645  -0.001048  0.000000  0.000000  0.000000  2.000000  
90.914439 0.004239  0.092928  -0.008992  0.989312  0.138496  0.045609  -0.140447  0.989165  0.042756  -0.039193  -0.048705  0.998044  0.001023  0.000777  -0.001178  0.000000  0.000000  0.000000  2.000000  
90.915685 0.004242  0.092930  -0.008994  0.989312  0.138496  0.045609  -0.140447  0.989165  0.042756  -0.039193  -0.048705  0.998044  0.001092  0.000933  -0.001325  0.000000  0.000000  0.000000  2.000000  
90.916685 0.004242  0.092931  -0.008997  0.989312  0.138496  0.045609  -0.140447  0.989165  0.042756  -0.039193  -0.048705  0.998044  0.001074  0.000966  -0.001475  0.000000  0.000000  0.000000  2.000000  
90.917687 0.004244  0.092933  -0.008999  0.989317  0.138503  0.045476  -0.140447  0.989164  0.042775  -0.039059  -0.048705  0.998049  0.001102  0.001100  -0.001554  0.000000  0.000000  0.000000  2.000000  
90.918691 0.004245  0.092934  -0.009001  0.989317  0.138503  0.045476  -0.140447  0.989164  0.042775  -0.039059  -0.048705  0.998049  0.001104  0.001119  -0.001651  0.000000  0.000000  0.000000  2.000000  
90.919940 0.004246  0.092935  -0.009004  0.989288  0.138706  0.045485  -0.140651  0.989135  0.042765  -0.039059  -0.048705  0.998049  0.001124  0.001156  -0.001772  0.000000  0.000000  0.000000  2.000000  
90.920941 0.004247  0.092937  -0.009006  0.989288  0.138712  0.045468  -0.140651  0.989140  0.042645  -0.039059  -0.048584  0.998055  0.001138  0.001219  -0.001856  0.000000  0.000000  0.000000  2.000000  
90.921945 0.004248  0.092937  -0.009009  0.989288  0.138712  0.045468  -0.140651  0.989140  0.042645  -0.039059  -0.048584  0.998055  0.001111  0.001212  -0.001920  0.000000  0.000000  0.000000  2.000000  
90.923192 0.004249  0.092938  -0.009012  0.989288  0.138712  0.045468  -0.140651  0.989140  0.042645  -0.039059  -0.048584  0.998055  0.001118  0.001176  -0.002046  0.000000  0.000000  0.000000  2.000000  
90.924440 0.004250  0.092939  -0.009016  0.989288  0.138712  0.045468  -0.140651  0.989140  0.042645  -0.039059  -0.048584  0.998055  0.001104  0.001167  -0.002145  0.000000  0.000000  0.000000  2.000000  
90.925690 0.004251  0.092939  -0.009019  0.989288  0.138712  0.045468  -0.140651  0.989140  0.042645  -0.039059  -0.048584  0.998055  0.001067  0.001107  -0.002255  0.000000  0.000000  0.000000  2.000000  
90.926692 0.004252  0.092939  -0.009022  0.989288  0.138712  0.045468  -0.140651  0.989140  0.042645  -0.039059  -0.048584  0.998055  0.001070  0.001050  -0.002335  0.000000  0.000000  0.000000  2.000000  
90.927939 0.004253  0.092940  -0.009026  0.989259  0.138916  0.045477  -0.140855  0.989112  0.042636  -0.039059  -0.048584  0.998055  0.001049  0.000945  -0.002464  0.000000  0.000000  0.000000  2.000000  
90.929192 0.004254  0.092939  -0.009030  0.989265  0.138916  0.045362  -0.140856  0.989106  0.042775  -0.038926  -0.048705  0.998054  0.000981  0.000780  -0.002592  0.000000  0.000000  0.000000  2.000000  
90.930445 0.004255  0.092939  -0.009034  0.989265  0.138916  0.045362  -0.140856  0.989106  0.042775  -0.038926  -0.048705  0.998054  0.000925  0.000625  -0.002656  0.000000  0.000000  0.000000  2.000000  
90.931685 0.004256  0.092939  -0.009038  0.989265  0.138916  0.045362  -0.140856  0.989106  0.042775  -0.038926  -0.048705  0.998054  0.000903  0.000508  -0.002738  0.000000  0.000000  0.000000  2.000000  
90.932685 0.004256  0.092938  -0.009041  0.989236  0.139120  0.045371  -0.141059  0.989077  0.042766  -0.038926  -0.048705  0.998054  0.000850  0.000356  -0.002803  0.000000  0.000000  0.000000  2.000000  
90.933686 0.004257  0.092937  -0.009044  0.989236  0.139120  0.045371  -0.141059  0.989077  0.042766  -0.038926  -0.048705  0.998054  0.000784  0.000208  -0.002834  0.000000  0.000000  0.000000  2.000000  
90.934940 0.004257  0.092936  -0.009048  0.989236  0.139120  0.045371  -0.141059  0.989077  0.042766  -0.038926  -0.048705  0.998054  0.000742  0.000053  -0.002932  0.000000  0.000000  0.000000  2.000000  
90.936187 0.004258  0.092934  -0.009051  0.989236  0.139120  0.045371  -0.141059  0.989077  0.042766  -0.038926  -0.048705  0.998054  0.000692  -0.000141  -0.002945  0.000000  0.000000  0.000000  2.000000  
90.937194 0.004258  0.092933  -0.009054  0.989236  0.139120  0.045371  -0.141059  0.989077  0.042766  -0.038926  -0.048705  0.998054  0.000699  -0.000240  -0.002973  0.000000  0.000000  0.000000  2.000000  
90.938447 0.004259  0.092932  -0.009057  0.989207  0.139324  0.045380  -0.141263  0.989048  0.042756  -0.038926  -0.048705  0.998054  0.000672  -0.000385  -0.002977  0.000000  0.000000  0.000000  2.000000  
90.939689 0.004260  0.092931  -0.009061  0.989207  0.139324  0.045380  -0.141263  0.989048  0.042756  -0.038926  -0.048705  0.998054  0.000646  -0.000515  -0.003033  0.000000  0.000000  0.000000  2.000000  
90.940938 0.004261  0.092929  -0.009066  0.989207  0.139324  0.045380  -0.141263  0.989048  0.042756  -0.038926  -0.048705  0.998054  0.000630  -0.000666  -0.003071  0.000000  0.000000  0.000000  2.000000  
90.941939 0.004262  0.092928  -0.009069  0.989177  0.139527  0.045388  -0.141466  0.989020  0.042747  -0.038926  -0.048705  0.998054  0.000626  -0.000753  -0.003045  0.000000  0.000000  0.000000  2.000000  
90.943189 0.004263  0.092927  -0.009073  0.989172  0.139521  0.045520  -0.141466  0.989021  0.042728  -0.039059  -0.048705  0.998049  0.000631  -0.000862  -0.003087  0.000000  0.000000  0.000000  2.000000  
90.944441 0.004264  0.092926  -0.009077  0.989172  0.139521  0.045520  -0.141466  0.989021  0.042728  -0.039059  -0.048705  0.998049  0.000660  -0.000912  -0.003102  0.000000  0.000000  0.000000  2.000000  
90.945684 0.004265  0.092924  -0.009081  0.989143  0.139724  0.045529  -0.141669  0.988992  0.042719  -0.039059  -0.048705  0.998049  0.000680  -0.001001  -0.003147  0.000000  0.000000  0.000000  2.000000  
90.946687 0.004267  0.092923  -0.009085  0.989143  0.139724  0.045529  -0.141669  0.988992  0.042719  -0.039059  -0.048705  0.998049  0.000739  -0.001038  -0.003161  0.000000  0.000000  0.000000  2.000000  
90.947688 0.004267  0.092922  -0.009088  0.989143  0.139724  0.045529  -0.141669  0.988992  0.042719  -0.039059  -0.048705  0.998049  0.000768  -0.001087  -0.003177  0.000000  0.000000  0.000000  2.000000  
90.948935 0.004269  0.092920  -0.009093  0.989114  0.139928  0.045538  -0.141873  0.988963  0.042709  -0.039059  -0.048705  0.998049  0.000812  -0.001105  -0.003254  0.000000  0.000000  0.000000  2.000000  
90.949936 0.004270  0.092919  -0.009096  0.989114  0.139923  0.045555  -0.141873  0.988958  0.042829  -0.039059  -0.048826  0.998043  0.000871  -0.001127  -0.003250  0.000000  0.000000  0.000000  2.000000  
90.950937 0.004272  0.092919  -0.009100  0.989114  0.139923  0.045555  -0.141873  0.988958  0.042829  -0.039059  -0.048826  0.998043  0.000925  -0.001106  -0.003300  0.000000  0.000000  0.000000  2.000000  
90.951937 0.004273  0.092917  -0.009104  0.989085  0.140126  0.045564  -0.142077  0.988929  0.042820  -0.039059  -0.048826  0.998043  0.000970  -0.001139  -0.003396  0.000000  0.000000  0.000000  2.000000  
90.953189 0.004275  0.092916  -0.009108  0.989085  0.140126  0.045564  -0.142077  0.988929  0.042820  -0.039059  -0.048826  0.998043  0.001060  -0.001107  -0.003449  0.000000  0.000000  0.000000  2.000000  
90.954191 0.004277  0.092916  -0.009111  0.989085  0.140126  0.045564  -0.142077  0.988929  0.042820  -0.039059  -0.048826  0.998043  0.001134  -0.001055  -0.003443  0.000000  0.000000  0.000000  2.000000  
90.955193 0.004278  0.092915  -0.009115  0.989085  0.140126  0.045564  -0.142077  0.988929  0.042820  -0.039059  -0.048826  0.998043  0.001189  -0.001034  -0.003492  0.000000  0.000000  0.000000  2.000000  
90.956442 0.004281  0.092915  -0.009120  0.989055  0.140330  0.045573  -0.142280  0.988900  0.042810  -0.039059  -0.048826  0.998043  0.001267  -0.000963  -0.003532  0.000000  0.000000  0.000000  2.000000  
90.957442 0.004282  0.092914  -0.009124  0.989055  0.140330  0.045573  -0.142280  0.988900  0.042810  -0.039059  -0.048826  0.998043  0.001322  -0.000942  -0.003584  0.000000  0.000000  0.000000  2.000000  
90.958445 0.004284  0.092914  -0.009128  0.989055  0.140330  0.045573  -0.142280  0.988900  0.042810  -0.039059  -0.048826  0.998043  0.001387  -0.000867  -0.003587  0.000000  0.000000  0.000000  2.000000  
90.959687 0.004286  0.092913  -0.009133  0.989026  0.140533  0.045582  -0.142484  0.988871  0.042801  -0.039059  -0.048826  0.998043  0.001448  -0.000819  -0.003692  0.000000  0.000000  0.000000  2.000000  
90.960688 0.004288  0.092913  -0.009137  0.989026  0.140533  0.045582  -0.142484  0.988871  0.042801  -0.039059  -0.048826  0.998043  0.001504  -0.000729  -0.003698  0.000000  0.000000  0.000000  2.000000  
90.961689 0.004290  0.092913  -0.009141  0.989026  0.140533  0.045582  -0.142484  0.988871  0.042801  -0.039059  -0.048826  0.998043  0.001543  -0.000661  -0.003768  0.000000  0.000000  0.000000  2.000000  
90.962934 0.004292  0.092913  -0.009146  0.989026  0.140533  0.045582  -0.142484  0.988871  0.042801  -0.039059  -0.048826  0.998043  0.001606  -0.000583  -0.003780  0.000000  0.000000  0.000000  2.000000  
90.963938 0.004294  0.092912  -0.009151  0.989026  0.140533  0.045582  -0.142484  0.988871  0.042801  -0.039059  -0.048826  0.998043  0.001638  -0.000496  -0.003852  0.000000  0.000000  0.000000  2.000000  
90.964940 0.004295  0.092913  -0.009155  0.988997  0.140737  0.045590  -0.142688  0.988842  0.042792  -0.039059  -0.048826  0.998043  0.001665  -0.000425  -0.003886  0.000000  0.000000  0.000000  2.000000  
90.966185 0.004298  0.092913  -0.009160  0.988997  0.140737  0.045590  -0.142688  0.988842  0.042792  -0.039059  -0.048826  0.998043  0.001700  -0.000357  -0.003960  0.000000  0.000000  0.000000  2.000000  
90.967190 0.004300  0.092913  -0.009164  0.988997  0.140737  0.045590  -0.142688  0.988842  0.042792  -0.039059  -0.048826  0.998043  0.001760  -0.000259  -0.003970  0.000000  0.000000  0.000000  2.000000  
90.968442 0.004302  0.092913  -0.009169  0.988997  0.140737  0.045590  -0.142688  0.988842  0.042792  -0.039059  -0.048826  0.998043  0.001771  -0.000189  -0.003976  0.000000  0.000000  0.000000  2.000000  
90.969443 0.004304  0.092913  -0.009173  0.988997  0.140737  0.045590  -0.142688  0.988842  0.042792  -0.039059  -0.048826  0.998043  0.001774  -0.000169  -0.004018  0.000000  0.000000  0.000000  2.000000  
90.970451 0.004306  0.092913  -0.009177  0.988997  0.140737  0.045590  -0.142688  0.988842  0.042792  -0.039059  -0.048826  0.998043  0.001800  -0.000115  -0.004002  0.000000  0.000000  0.000000  2.000000  
90.971689 0.004308  0.092913  -0.009182  0.988967  0.140940  0.045599  -0.142891  0.988813  0.042782  -0.039059  -0.048826  0.998043  0.001780  -0.000073  -0.004029  0.000000  0.000000  0.000000  2.000000  
90.972689 0.004309  0.092913  -0.009185  0.988967  0.140940  0.045599  -0.142891  0.988813  0.042782  -0.039059  -0.048826  0.998043  0.001759  -0.000047  -0.004003  0.000000  0.000000  0.000000  2.000000  
90.973939 0.004311  0.092914  -0.009190  0.988967  0.140946  0.045582  -0.142891  0.988819  0.042662  -0.039059  -0.048705  0.998049  0.001742  -0.000015  -0.003974  0.000000  0.000000  0.000000  2.000000  
90.975189 0.004313  0.092913  -0.009194  0.988967  0.140946  0.045582  -0.142891  0.988819  0.042662  -0.039059  -0.048705  0.998049  0.001687  -0.000022  -0.003972  0.000000  0.000000  0.000000  2.000000  
90.976192 0.004314  0.092913  -0.009198  0.988967  0.140946  0.045582  -0.142891  0.988819  0.042662  -0.039059  -0.048705  0.998049  0.001670  0.000010  -0.003942  0.000000  0.000000  0.000000  2.000000  
90.977442 0.004316  0.092914  -0.009202  0.988967  0.140946  0.045582  -0.142891  0.988819  0.042662  -0.039059  -0.048705  0.998049  0.001665  0.000060  -0.003869  0.000000  0.000000  0.000000  2.000000  
90.978449 0.004317  0.092913  -0.009206  0.988967  0.140946  0.045582  -0.142891  0.988819  0.042662  -0.039059  -0.048705  0.998049  0.001611  0.000046  -0.003810  0.000000  0.000000  0.000000  2.000000  
90.979690 0.004319  0.092914  -0.009210  0.988967  0.140946  0.045582  -0.142891  0.988819  0.042662  -0.039059  -0.048705  0.998049  0.001588  0.000052  -0.003743  0.000000  0.000000  0.000000  2.000000  
90.980699 0.004320  0.092914  -0.009213  0.988967  0.140946  0.045582  -0.142891  0.988819  0.042662  -0.039059  -0.048705  0.998049  0.001522  0.000054  -0.003699  0.000000  0.000000  0.000000  2.000000  
90.981934 0.004322  0.092914  -0.009217  0.988967  0.140946  0.045582  -0.142891  0.988819  0.042662  -0.039059  -0.048705  0.998049  0.001478  0.000079  -0.003615  0.000000  0.000000  0.000000  2.000000  
90.982937 0.004322  0.092914  -0.009220  0.988997  0.140742  0.045573  -0.142688  0.988848  0.042672  -0.039059  -0.048705  0.998049  0.001411  0.000062  -0.003532  0.000000  0.000000  0.000000  2.000000  
90.983940 0.004323  0.092914  -0.009223  0.988997  0.140742  0.045573  -0.142688  0.988848  0.042672  -0.039059  -0.048705  0.998049  0.001354  0.000048  -0.003470  0.000000  0.000000  0.000000  2.000000  
90.985188 0.004325  0.092914  -0.009226  0.988997  0.140742  0.045573  -0.142688  0.988848  0.042672  -0.039059  -0.048705  0.998049  0.001320  0.000050  -0.003380  0.000000  0.000000  0.000000  2.000000  
90.986197 0.004326  0.092914  -0.009229  0.988997  0.140742  0.045573  -0.142688  0.988848  0.042672  -0.039059  -0.048705  0.998049  0.001288  0.000043  -0.003249  0.000000  0.000000  0.000000  2.000000  
90.987200 0.004327  0.092914  -0.009231  0.988997  0.140742  0.045573  -0.142688  0.988848  0.042672  -0.039059  -0.048705  0.998049  0.001232  0.000022  -0.003198  0.000000  0.000000  0.000000  2.000000  
90.988441 0.004328  0.092913  -0.009235  0.988997  0.140742  0.045573  -0.142688  0.988848  0.042672  -0.039059  -0.048705  0.998049  0.001197  0.000004  -0.003069  0.000000  0.000000  0.000000  2.000000  
90.989442 0.004329  0.092913  -0.009237  0.988997  0.140742  0.045573  -0.142688  0.988848  0.042672  -0.039059  -0.048705  0.998049  0.001130  -0.000013  -0.002985  0.000000  0.000000  0.000000  2.000000  
90.990444 0.004329  0.092913  -0.009239  0.988997  0.140742  0.045573  -0.142688  0.988848  0.042672  -0.039059  -0.048705  0.998049  0.001095  -0.000022  -0.002849  0.000000  0.000000  0.000000  2.000000  
90.991692 0.004331  0.092913  -0.009241  0.989026  0.140539  0.045564  -0.142484  0.988876  0.042681  -0.039059  -0.048705  0.998049  0.001110  -0.000012  -0.002750  0.000000  0.000000  0.000000  2.000000  
90.992943 0.004332  0.092913  -0.009244  0.989026  0.140539  0.045564  -0.142484  0.988876  0.042681  -0.039059  -0.048705  0.998049  0.001050  -0.000054  -0.002655  0.000000  0.000000  0.000000  2.000000  
90.994191 0.004333  0.092912  -0.009247  0.989026  0.140539  0.045564  -0.142484  0.988876  0.042681  -0.039059  -0.048705  0.998049  0.000990  -0.000095  -0.002559  0.000000  0.000000  0.000000  2.000000  
