1-Time 2-Px 3-Py 4-Pz 5-R11 6-R21 7-R31 8-R12 9-R22 10-R32 11-R13 12-R23 13-R33 14-Vx 15-Vy 16-Vz 17-Wx 18-Wy 19-Wz 20-state 21-PR11 22-PR21 23-PR31 24-PR12 25-PR22 26-PR32 27-PR13 28-PR23 29-PR33 
161.090238 0.010548  0.099376  -0.019904  0.993758  0.108566  -0.025662  0.018415  0.067234  0.997567  0.110027  -0.991813  0.064816  -0.000144  0.000044  0.000084  0.000000  0.000000  0.000000  2.000000  
161.091246 0.010548  0.099376  -0.019905  0.993758  0.108563  -0.025675  0.018415  0.067355  0.997559  0.110027  -0.991805  0.064936  -0.000145  0.000067  0.000037  0.000000  0.000000  0.000000  2.000000  
161.092495 0.010551  0.099377  -0.019904  0.993769  0.108604  -0.025059  0.017801  0.067288  0.997575  0.110027  -0.991805  0.064936  0.000048  0.000161  0.000079  0.000000  0.000000  0.000000  2.000000  
161.093742 0.010554  0.099379  -0.019904  0.993784  0.108657  -0.024250  0.016983  0.067320  0.997587  0.110027  -0.991797  0.065056  0.000301  0.000258  0.000071  0.000000  0.000000  0.000000  2.000000  
161.094743 0.010557  0.099380  -0.019904  0.993794  0.108695  -0.023647  0.016369  0.067374  0.997594  0.110027  -0.991789  0.065176  0.000494  0.000353  0.000114  0.000000  0.000000  0.000000  2.000000  
161.095995 0.010560  0.099382  -0.019902  0.993800  0.108720  -0.023250  0.015960  0.067450  0.997595  0.110027  -0.991781  0.065297  0.000767  0.000480  0.000167  0.000000  0.000000  0.000000  2.000000  
161.097243 0.010565  0.099383  -0.019901  0.993792  0.108878  -0.022861  0.015550  0.067528  0.997596  0.110160  -0.991759  0.065416  0.001064  0.000560  0.000236  0.000000  0.000000  0.000000  2.000000  
161.098507 0.010569  0.099385  -0.019900  0.993778  0.109210  -0.021865  0.014527  0.067541  0.997611  0.110426  -0.991721  0.065534  0.001417  0.000720  0.000299  0.000000  0.000000  0.000000  2.000000  
161.099740 0.010574  0.099387  -0.019898  0.993763  0.109540  -0.020882  0.013504  0.067674  0.997616  0.110692  -0.991676  0.065773  0.001735  0.000831  0.000429  0.000000  0.000000  0.000000  2.000000  
161.100742 0.010577  0.099390  -0.019897  0.993756  0.109712  -0.020288  0.012890  0.067729  0.997620  0.110825  -0.991653  0.065892  0.001968  0.001010  0.000545  -0.024231  -0.183243  0.043605  2.000000  
161.101999 0.010581  0.099393  -0.019896  0.993769  0.109777  -0.019288  0.011867  0.067858  0.997624  0.110825  -0.991637  0.066133  0.002218  0.001185  0.000582  -0.028556  -0.217470  0.045871  2.000000  
161.103243 0.010584  0.099396  -0.019894  0.993766  0.109977  -0.018283  0.010844  0.067868  0.997635  0.110958  -0.991614  0.066252  0.002452  0.001364  0.000698  -0.028805  -0.251536  0.052646  2.000000  
161.104499 0.010588  0.099399  -0.019893  0.993779  0.110054  -0.017091  0.009616  0.068095  0.997632  0.110958  -0.991590  0.066613  0.002711  0.001594  0.000788  -0.036434  -0.292566  0.055390  2.000000  
161.105741 0.010592  0.099404  -0.019890  0.993773  0.110253  -0.016100  0.008593  0.068225  0.997633  0.111091  -0.991559  0.066853  0.002967  0.001857  0.000983  -0.036683  -0.326680  0.062227  2.000000  
161.106741 0.010596  0.099409  -0.019889  0.993763  0.110424  -0.015519  0.007979  0.068400  0.997626  0.111224  -0.991528  0.067092  0.003180  0.002178  0.001040  -0.042515  -0.346928  0.068115  2.000000  
161.107747 0.010600  0.099413  -0.019887  0.993770  0.110475  -0.014738  0.007161  0.068672  0.997614  0.111224  -0.991504  0.067453  0.003259  0.002401  0.001168  -0.051682  -0.374343  0.070004  2.000000  
161.108995 0.010605  0.099419  -0.019884  0.993762  0.110675  -0.013747  0.006138  0.068801  0.997612  0.111357  -0.991472  0.067692  0.003366  0.002700  0.001334  -0.055983  -0.408342  0.076827  2.000000  
161.110245 0.010610  0.099425  -0.019882  0.993768  0.110754  -0.012568  0.004910  0.069148  0.997594  0.111357  -0.991439  0.068174  0.003452  0.002991  0.001393  -0.067694  -0.449476  0.079681  2.000000  
161.111506 0.010615  0.099430  -0.019881  0.993773  0.110821  -0.011582  0.003887  0.069397  0.997582  0.111357  -0.991415  0.068534  0.003546  0.003176  0.001413  -0.076058  -0.483524  0.082027  2.000000  
161.112743 0.010620  0.099434  -0.019881  0.993776  0.110873  -0.010814  0.003069  0.069790  0.997557  0.111357  -0.991381  0.069015  0.003545  0.003304  0.001364  -0.089335  -0.511166  0.084032  2.000000  
161.113993 0.010625  0.099437  -0.019880  0.993778  0.110925  -0.010046  0.002250  0.070183  0.997532  0.111357  -0.991348  0.069496  0.003570  0.003456  0.001335  -0.098507  -0.538614  0.086051  2.000000  
161.114998 0.010629  0.099440  -0.019880  0.993779  0.110979  -0.009279  0.001432  0.070575  0.997505  0.111357  -0.991314  0.069977  0.003617  0.003503  0.001230  -0.111735  -0.565958  0.088034  2.000000  
161.116240 0.010634  0.099442  -0.019880  0.993780  0.111033  -0.008511  0.000614  0.070968  0.997478  0.111357  -0.991280  0.070458  0.003649  0.003423  0.001091  -0.125019  -0.593576  0.090074  2.000000  
161.117489 0.010638  0.099444  -0.019882  0.993780  0.111087  -0.007744  -0.000205  0.071360  0.997451  0.111357  -0.991245  0.070939  0.003719  0.003313  0.000822  -0.137080  -0.616168  0.086886  2.000000  
161.118785 0.010643  0.099445  -0.019885  0.993780  0.111128  -0.007182  -0.000818  0.071776  0.997420  0.111357  -0.991211  0.071420  0.003791  0.003164  0.000527  -0.151998  -0.640880  0.089038  2.000000  
161.119990 0.010647  0.099446  -0.019889  0.993794  0.111052  -0.006391  -0.001637  0.072047  0.997400  0.111224  -0.991200  0.071782  0.003841  0.002985  0.000181  -0.161434  -0.669568  0.086691  2.000000  
161.120992 0.010651  0.099447  -0.019893  0.993793  0.111094  -0.005815  -0.002251  0.072342  0.997377  0.111224  -0.991173  0.072143  0.003801  0.002758  -0.000210  -0.165943  -0.684570  0.087565  2.000000  
161.122246 0.010655  0.099448  -0.019898  0.993791  0.111136  -0.005253  -0.002864  0.072757  0.997346  0.111224  -0.991138  0.072623  0.003811  0.002478  -0.000702  -0.183609  -0.690149  0.088448  2.000000  
161.123495 0.010659  0.099448  -0.019906  0.993789  0.111179  -0.004691  -0.003478  0.073172  0.997313  0.111224  -0.991103  0.073104  0.003776  0.002039  -0.001383  -0.196587  -0.683200  0.088172  2.000000  
161.124497 0.010663  0.099449  -0.019911  0.993788  0.111208  -0.004321  -0.003887  0.073489  0.997288  0.111224  -0.991076  0.073465  0.003735  0.001774  -0.001920  -0.205496  -0.676287  0.087854  2.000000  
161.125502 0.010666  0.099450  -0.019917  0.993801  0.111103  -0.003955  -0.004297  0.073928  0.997254  0.111091  -0.991055  0.073947  0.003682  0.001510  -0.002417  -0.221039  -0.683312  0.083998  2.000000  
161.126743 0.010671  0.099450  -0.019924  0.993799  0.111132  -0.003598  -0.004706  0.074366  0.997220  0.111091  -0.991019  0.074428  0.003639  0.001250  -0.002921  -0.234110  -0.676656  0.083750  2.000000  
161.127994 0.010675  0.099450  -0.019930  0.993812  0.111028  -0.003245  -0.005115  0.074926  0.997176  0.110958  -0.990989  0.075030  0.003561  0.001010  -0.003382  -0.245020  -0.665169  0.069513  2.000000  
161.129243 0.010679  0.099450  -0.019937  0.993825  0.110925  -0.002878  -0.005524  0.075365  0.997141  0.110825  -0.990967  0.075512  0.003518  0.000825  -0.003875  -0.258262  -0.644265  0.054929  2.000000  
161.130493 0.010682  0.099451  -0.019944  0.993822  0.110955  -0.002535  -0.005933  0.075924  0.997096  0.110825  -0.990921  0.076113  0.003435  0.000611  -0.004350  -0.275991  -0.631094  0.045203  2.000000  
161.131505 0.010685  0.099451  -0.019949  0.993821  0.110969  -0.002370  -0.006138  0.076264  0.997069  0.110825  -0.990893  0.076473  0.003368  0.000563  -0.004622  -0.286325  -0.610246  0.043859  2.000000  
161.132738 0.010688  0.099452  -0.019955  0.993818  0.110999  -0.002027  -0.006547  0.076823  0.997023  0.110825  -0.990847  0.077074  0.003262  0.000506  -0.004861  -0.297736  -0.591845  0.042789  2.000000  
161.133742 0.010690  0.099452  -0.019960  0.993818  0.110999  -0.002080  -0.006547  0.077306  0.996986  0.110825  -0.990809  0.077555  0.003198  0.000518  -0.005019  -0.312865  -0.564929  0.036543  2.000000  
161.134994 0.010693  0.099453  -0.019966  0.993817  0.111013  -0.001929  -0.006752  0.077767  0.996949  0.110825  -0.990772  0.078036  0.003067  0.000506  -0.005166  -0.320667  -0.531204  0.029850  2.000000  
161.136243 0.010697  0.099455  -0.019973  0.993816  0.111028  -0.001791  -0.006956  0.078349  0.996902  0.110825  -0.990724  0.078637  0.003046  0.000516  -0.005248  -0.335335  -0.501327  0.027837  2.000000  
161.137493 0.010700  0.099457  -0.019979  0.993814  0.111044  -0.001640  -0.007161  0.078810  0.996864  0.110825  -0.990686  0.079117  0.002970  0.000622  -0.005234  -0.342192  -0.483967  0.022338  2.000000  
161.138504 0.010703  0.099458  -0.019983  0.993827  0.110927  -0.001478  -0.007366  0.079272  0.996826  0.110692  -0.990662  0.079599  0.002927  0.000673  -0.005169  -0.352028  -0.461002  0.011716  2.000000  
161.139741 0.010707  0.099460  -0.019989  0.993826  0.110942  -0.001340  -0.007570  0.079853  0.996778  0.110692  -0.990614  0.080200  0.002877  0.000762  -0.005090  -0.364440  -0.430167  0.009785  2.000000  
161.140744 0.010710  0.099461  -0.019994  0.993826  0.110942  -0.001394  -0.007570  0.080337  0.996739  0.110692  -0.990575  0.080681  0.002807  0.000784  -0.005049  -0.371311  -0.399447  0.007497  2.000000  
161.141995 0.010714  0.099464  -0.019999  0.993810  0.111090  -0.001267  -0.007775  0.080917  0.996690  0.110825  -0.990511  0.081280  0.002821  0.000937  -0.004877  -0.378848  -0.375655  0.010537  2.000000  
161.143245 0.010719  0.099466  -0.020003  0.993808  0.111106  -0.001129  -0.007979  0.081499  0.996641  0.110825  -0.990461  0.081881  0.002850  0.001101  -0.004719  -0.384817  -0.351089  0.008754  2.000000  
161.144277 0.010722  0.099468  -0.020006  0.993806  0.111122  -0.000978  -0.008184  0.081960  0.996602  0.110825  -0.990421  0.082362  0.002864  0.001186  -0.004557  -0.389985  -0.336985  0.007842  2.000000  
161.145495 0.010727  0.099471  -0.020008  0.993806  0.111121  -0.001058  -0.008184  0.082685  0.996542  0.110825  -0.990361  0.083082  0.002982  0.001341  -0.004303  -0.397539  -0.309904  0.005951  2.000000  
161.146507 0.010730  0.099473  -0.020011  0.993790  0.111271  -0.000918  -0.008388  0.083145  0.996502  0.110958  -0.990306  0.083562  0.003041  0.001433  -0.004119  -0.403720  -0.288852  0.008961  2.000000  
161.147743 0.010736  0.099475  -0.020013  0.993788  0.111287  -0.000781  -0.008593  0.083726  0.996452  0.110958  -0.990255  0.084162  0.003198  0.001592  -0.003830  -0.409583  -0.275311  0.008049  2.000000  
161.148991 0.010741  0.099478  -0.020013  0.993784  0.111321  -0.000438  -0.009002  0.084284  0.996401  0.110958  -0.990204  0.084763  0.003337  0.001726  -0.003450  -0.419245  -0.261575  0.007101  2.000000  
161.149992 0.010745  0.099480  -0.020013  0.993769  0.111454  -0.000503  -0.009002  0.084767  0.996360  0.111091  -0.990148  0.085242  0.003420  0.001802  -0.003118  -0.425663  -0.240314  0.014548  2.000000  
161.151242 0.010750  0.099484  -0.020012  0.993753  0.111603  -0.000377  -0.009207  0.085347  0.996309  0.111224  -0.990081  0.085841  0.003534  0.001941  -0.002628  -0.431888  -0.224441  0.017910  2.000000  
161.152243 0.010754  0.099487  -0.020011  0.993751  0.111621  -0.000226  -0.009411  0.085807  0.996267  0.111224  -0.990039  0.086321  0.003651  0.002035  -0.002169  -0.436536  -0.217553  0.017454  2.000000  
161.153489 0.010759  0.099491  -0.020008  0.993732  0.111789  0.000104  -0.009820  0.086364  0.996215  0.111357  -0.989972  0.086921  0.003709  0.002142  -0.001644  -0.441394  -0.210415  0.021472  2.000000  
161.154502 0.010763  0.099494  -0.020005  0.993730  0.111807  0.000255  -0.010025  0.086824  0.996173  0.111357  -0.989930  0.087401  0.003792  0.002262  -0.001094  -0.445634  -0.205207  0.021187  2.000000  
161.155745 0.010768  0.099497  -0.020002  0.993728  0.111825  0.000393  -0.010229  0.087406  0.996120  0.111357  -0.989876  0.088001  0.003871  0.002411  -0.000438  -0.446921  -0.196408  0.025020  2.000000  
161.156764 0.010771  0.099501  -0.019999  0.993724  0.111861  0.000735  -0.010639  0.087964  0.996067  0.111357  -0.989823  0.088602  0.003870  0.002510  -0.000019  -0.455113  -0.191017  0.024751  2.000000  
161.157995 0.010776  0.099505  -0.019996  0.993706  0.112012  0.000860  -0.010843  0.088543  0.996013  0.111490  -0.989754  0.089201  0.003870  0.002594  0.000487  -0.456184  -0.183532  0.033278  2.000000  
161.158996 0.010779  0.099508  -0.019993  0.993704  0.112031  0.001011  -0.011048  0.089003  0.995970  0.111490  -0.989711  0.089681  0.003858  0.002677  0.000835  -0.460298  -0.183156  0.037839  2.000000  
161.160244 0.010783  0.099512  -0.019989  0.993700  0.112069  0.001353  -0.011457  0.089561  0.995915  0.111490  -0.989656  0.090281  0.003796  0.002765  0.001316  -0.460316  -0.183140  0.037951  2.000000  
161.161505 0.010787  0.099516  -0.019986  0.993697  0.112088  0.001490  -0.011661  0.090142  0.995861  0.111490  -0.989601  0.090881  0.003765  0.002871  0.001681  -0.464599  -0.181609  0.037726  2.000000  
161.162742 0.010791  0.099519  -0.019982  0.993677  0.112259  0.001806  -0.012070  0.090819  0.995794  0.111623  -0.989520  0.091600  0.003688  0.002938  0.002083  -0.468475  -0.182718  0.042656  2.000000  
161.163745 0.010793  0.099522  -0.019978  0.993675  0.112278  0.001957  -0.012275  0.091279  0.995750  0.111623  -0.989475  0.092080  0.003559  0.002961  0.002355  -0.467682  -0.189539  0.043330  2.000000  
161.164996 0.010796  0.099525  -0.019975  0.993670  0.112317  0.002312  -0.012684  0.091716  0.995704  0.111623  -0.989431  0.092560  0.003399  0.002963  0.002613  -0.466898  -0.196363  0.044011  2.000000  
161.166012 0.010798  0.099527  -0.019972  0.993667  0.112337  0.002463  -0.012888  0.092176  0.995659  0.111623  -0.989386  0.093040  0.003245  0.002904  0.002736  -0.466616  -0.196223  0.044080  2.000000  
161.167244 0.010800  0.099529  -0.019968  0.993662  0.112377  0.002805  -0.013298  0.092734  0.995602  0.111623  -0.989329  0.093640  0.003048  0.002768  0.002831  -0.470233  -0.203181  0.044814  2.000000  
161.168488 0.010802  0.099530  -0.019966  0.993644  0.112530  0.002942  -0.013502  0.093192  0.995557  0.111756  -0.989269  0.094119  0.002851  0.002613  0.002818  -0.466582  -0.200802  0.053454  2.000000  
161.169492 0.010803  0.099530  -0.019964  0.993638  0.112570  0.003298  -0.013911  0.093628  0.995510  0.111756  -0.989223  0.094599  0.002666  0.002421  0.002781  -0.464830  -0.214266  0.054725  2.000000  
161.170502 0.010804  0.099530  -0.019962  0.993635  0.112590  0.003462  -0.014116  0.093967  0.995475  0.111756  -0.989188  0.094959  0.002457  0.002227  0.002695  -0.460445  -0.215976  0.055273  2.000000  
161.171505 0.010805  0.099530  -0.019960  0.993633  0.112611  0.003626  -0.014320  0.094307  0.995440  0.111756  -0.989154  0.095319  0.002302  0.001983  0.002634  -0.456715  -0.214607  0.050462  2.000000  
161.172742 0.010806  0.099529  -0.019958  0.993627  0.112652  0.003967  -0.014729  0.094864  0.995381  0.111756  -0.989096  0.095919  0.002057  0.001703  0.002537  -0.455224  -0.228180  0.051815  2.000000  
161.173751 0.010806  0.099529  -0.019957  0.993624  0.112673  0.004131  -0.014934  0.095203  0.995346  0.111756  -0.989061  0.096278  0.001841  0.001419  0.002404  -0.450755  -0.230001  0.052346  2.000000  
161.174998 0.010807  0.099528  -0.019957  0.993620  0.112695  0.004268  -0.015138  0.095783  0.995287  0.111756  -0.989002  0.096878  0.001601  0.001106  0.002190  -0.446690  -0.229973  0.052501  2.000000  
161.176247 0.010807  0.099526  -0.019956  0.993617  0.112717  0.004418  -0.015343  0.096243  0.995240  0.111756  -0.988955  0.097358  0.001344  0.000717  0.002011  -0.442835  -0.230475  0.048174  2.000000  
161.177497 0.010807  0.099525  -0.019956  0.993617  0.112719  0.004363  -0.015343  0.096726  0.995193  0.111756  -0.988908  0.097838  0.001082  0.000372  0.001735  -0.439306  -0.223485  0.047646  2.000000  
161.178508 0.010807  0.099523  -0.019957  0.993614  0.112741  0.004527  -0.015548  0.097065  0.995157  0.111756  -0.988872  0.098198  0.000902  0.000061  0.001470  -0.435057  -0.223376  0.047722  2.000000  
161.179745 0.010806  0.099521  -0.019958  0.993611  0.112763  0.004691  -0.015752  0.097404  0.995120  0.111756  -0.988836  0.098558  0.000692  -0.000257  0.001138  -0.427087  -0.223869  0.043374  2.000000  
161.180995 0.010806  0.099518  -0.019959  0.993611  0.112765  0.004636  -0.015752  0.097887  0.995073  0.111756  -0.988788  0.099037  0.000505  -0.000560  0.000860  -0.423765  -0.217415  0.038379  2.000000  
161.182008 0.010805  0.099516  -0.019960  0.993626  0.112634  0.004608  -0.015752  0.098251  0.995037  0.111623  -0.988767  0.099399  0.000320  -0.000833  0.000554  -0.420286  -0.210880  0.033336  2.000000  
161.183243 0.010804  0.099513  -0.019962  0.993623  0.112657  0.004759  -0.015957  0.098710  0.994988  0.111623  -0.988719  0.099878  0.000140  -0.001122  0.000242  -0.417127  -0.204518  0.028341  2.000000  
161.184246 0.010803  0.099511  -0.019963  0.993623  0.112659  0.004718  -0.015957  0.099072  0.994952  0.111623  -0.988682  0.100238  0.000029  -0.001297  0.000026  -0.414499  -0.196054  0.027541  2.000000  
161.185488 0.010803  0.099508  -0.019964  0.993623  0.112660  0.004677  -0.015957  0.099434  0.994916  0.111623  -0.988646  0.100598  -0.000079  -0.001472  -0.000141  -0.406590  -0.190872  0.027232  2.000000  
161.186502 0.010802  0.099506  -0.019965  0.993623  0.112662  0.004636  -0.015957  0.099796  0.994880  0.111623  -0.988609  0.100958  -0.000209  -0.001618  -0.000323  -0.400060  -0.177202  0.026018  2.000000  
161.187740 0.010802  0.099503  -0.019966  0.993626  0.112644  0.004376  -0.015752  0.100302  0.994832  0.111623  -0.988560  0.101437  -0.000259  -0.001733  -0.000494  -0.398127  -0.162508  0.020131  2.000000  
161.188740 0.010802  0.099501  -0.019966  0.993626  0.112645  0.004335  -0.015752  0.100664  0.994796  0.111623  -0.988523  0.101797  -0.000307  -0.001871  -0.000619  -0.394832  -0.155704  0.019543  2.000000  
161.189744 0.010802  0.099499  -0.019966  0.993626  0.112647  0.004294  -0.015752  0.101026  0.994759  0.111623  -0.988486  0.102157  -0.000326  -0.001923  -0.000632  -0.391545  -0.148904  0.018949  2.000000  
161.190746 0.010802  0.099497  -0.019967  0.993626  0.112648  0.004253  -0.015752  0.101388  0.994722  0.111623  -0.988449  0.102517  -0.000305  -0.001948  -0.000663  -0.388173  -0.136438  0.017842  2.000000  
161.191992 0.010803  0.099495  -0.019967  0.993626  0.112650  0.004212  -0.015752  0.101750  0.994685  0.111623  -0.988411  0.102876  -0.000264  -0.001999  -0.000725  -0.380789  -0.129586  0.017236  2.000000  
161.192994 0.010803  0.099493  -0.019967  0.993626  0.112651  0.004171  -0.015752  0.102112  0.994648  0.111623  -0.988374  0.103236  -0.000242  -0.002046  -0.000710  -0.374416  -0.122177  0.012043  2.000000  
161.194243 0.010804  0.099491  -0.019967  0.993629  0.112632  0.003912  -0.015548  0.102618  0.994599  0.111623  -0.988324  0.103715  -0.000141  -0.002061  -0.000684  -0.372633  -0.101798  0.010090  2.000000  
161.195498 0.010805  0.099490  -0.019966  0.993629  0.112634  0.003871  -0.015548  0.102980  0.994562  0.111623  -0.988286  0.104075  -0.000030  -0.001999  -0.000523  -0.369072  -0.088942  0.008859  2.000000  
161.196743 0.010807  0.099488  -0.019966  0.993629  0.112635  0.003830  -0.015548  0.103342  0.994524  0.111623  -0.988248  0.104435  0.000122  -0.001923  -0.000408  -0.362791  -0.081429  0.008146  2.000000  
161.197744 0.010808  0.099487  -0.019965  0.993629  0.112636  0.003789  -0.015548  0.103704  0.994487  0.111623  -0.988210  0.104794  0.000276  -0.001831  -0.000261  -0.363267  -0.068867  0.002399  2.000000  
161.198989 0.010809  0.099485  -0.019964  0.993632  0.112616  0.003543  -0.015343  0.104089  0.994450  0.111623  -0.988172  0.105154  0.000405  -0.001754  -0.000073  -0.356739  -0.055195  0.001051  2.000000  
161.199991 0.010811  0.099485  -0.019962  0.993632  0.112617  0.003516  -0.015343  0.104330  0.994424  0.111623  -0.988146  0.105394  0.000555  -0.001632  0.000078  -0.354125  -0.041500  -0.000318  2.000000  
161.200991 0.010812  0.099484  -0.019962  0.993632  0.112618  0.003488  -0.015343  0.104571  0.994399  0.111623  -0.988120  0.105633  0.000675  -0.001539  0.000208  -0.347218  -0.041165  -0.000303  2.000000  
161.202238 0.010814  0.099483  -0.019960  0.993632  0.112619  0.003447  -0.015343  0.104933  0.994361  0.111623  -0.988082  0.105993  0.000805  -0.001392  0.000390  -0.344697  -0.027593  -0.001669  2.000000  
161.203243 0.010815  0.099483  -0.019958  0.993617  0.112752  0.003406  -0.015343  0.105172  0.994336  0.111756  -0.988041  0.106231  0.000918  -0.001273  0.000513  -0.340286  -0.020530  0.002102  2.000000  
161.204494 0.010817  0.099483  -0.019956  0.993617  0.112753  0.003379  -0.015343  0.105413  0.994310  0.111756  -0.988016  0.106471  0.001050  -0.001123  0.000698  -0.330108  -0.013571  0.001394  2.000000  
161.205742 0.010819  0.099483  -0.019953  0.993620  0.112732  0.003147  -0.015138  0.105678  0.994285  0.111756  -0.987990  0.106710  0.001112  -0.000961  0.000879  -0.323516  -0.000000  0.000000  2.000000  
161.206744 0.010821  0.099483  -0.019952  0.993620  0.112733  0.003119  -0.015138  0.105919  0.994260  0.111756  -0.987964  0.106950  0.001201  -0.000819  0.001032  -0.318806  0.006840  -0.000708  2.000000  
161.207996 0.010822  0.099483  -0.019949  0.993620  0.112734  0.003092  -0.015138  0.106160  0.994234  0.111756  -0.987938  0.107190  0.001280  -0.000638  0.001229  -0.312871  0.013566  -0.001408  2.000000  
161.209247 0.010824  0.099483  -0.019946  0.993620  0.112735  0.003064  -0.015138  0.106402  0.994208  0.111756  -0.987912  0.107429  0.001309  -0.000496  0.001435  -0.307335  0.013679  -0.001425  2.000000  
161.210504 0.010825  0.099483  -0.019943  0.993620  0.112735  0.003037  -0.015138  0.106643  0.994182  0.111756  -0.987886  0.107669  0.001278  -0.000412  0.001598  -0.299844  0.020511  -0.002144  2.000000  
161.211506 0.010826  0.099483  -0.019941  0.993635  0.112604  0.003024  -0.015139  0.106886  0.994156  0.111623  -0.987874  0.107910  0.001266  -0.000331  0.001682  -0.295779  0.020511  -0.002150  2.000000  
161.212742 0.010826  0.099482  -0.019939  0.993635  0.112605  0.002997  -0.015139  0.107127  0.994130  0.111623  -0.987848  0.108150  0.001216  -0.000299  0.001726  -0.289383  0.020347  -0.002139  2.000000  
161.213743 0.010827  0.099482  -0.019938  0.993638  0.112583  0.002779  -0.014934  0.107271  0.994118  0.111623  -0.987835  0.108270  0.001182  -0.000206  0.001762  -0.282860  0.033915  -0.003574  2.000000  
161.214997 0.010828  0.099482  -0.019936  0.993638  0.112583  0.002765  -0.014934  0.107391  0.994105  0.111623  -0.987822  0.108390  0.001121  -0.000185  0.001765  -0.268818  0.034185  -0.003615  2.000000  
161.216238 0.010828  0.099481  -0.019935  0.993638  0.112584  0.002751  -0.014934  0.107512  0.994092  0.111623  -0.987809  0.108509  0.001011  -0.000191  0.001718  -0.258580  0.033911  -0.003594  2.000000  
161.217241 0.010828  0.099480  -0.019935  0.993638  0.112584  0.002738  -0.014934  0.107633  0.994079  0.111623  -0.987796  0.108629  0.000944  -0.000182  0.001641  -0.250479  0.033908  -0.003602  2.000000  
161.218490 0.010828  0.099479  -0.019934  0.993638  0.112584  0.002724  -0.014934  0.107753  0.994066  0.111623  -0.987782  0.108749  0.000842  -0.000245  0.001569  -0.241664  0.027130  -0.002889  2.000000  
161.219738 0.010829  0.099478  -0.019934  0.993642  0.112562  0.002519  -0.014730  0.107776  0.994066  0.111623  -0.987782  0.108749  0.000748  -0.000329  0.001442  -0.226250  0.033911  -0.003619  2.000000  
161.220741 0.010829  0.099477  -0.019935  0.993642  0.112562  0.002506  -0.014730  0.107897  0.994053  0.111623  -0.987769  0.108869  0.000677  -0.000397  0.001255  -0.218161  0.033910  -0.003627  2.000000  
161.221742 0.010829  0.099475  -0.019935  0.993642  0.112562  0.002506  -0.014730  0.107897  0.994053  0.111623  -0.987769  0.108869  0.000577  -0.000515  0.001094  -0.206010  0.033906  -0.003633  2.000000  
161.222992 0.010829  0.099473  -0.019936  0.993659  0.112408  0.002316  -0.014525  0.107922  0.994053  0.111490  -0.987784  0.108870  0.000446  -0.000640  0.000865  -0.194636  0.040210  -0.008802  2.000000  
161.223997 0.010829  0.099472  -0.019937  0.993659  0.112408  0.002316  -0.014525  0.107922  0.994053  0.111490  -0.987784  0.108870  0.000371  -0.000774  0.000637  -0.179155  0.033701  -0.008148  2.000000  
161.225243 0.010829  0.099470  -0.019937  0.993659  0.112408  0.002316  -0.014525  0.107922  0.994053  0.111490  -0.987784  0.108870  0.000320  -0.000869  0.000415  0.000000  0.000000  0.000000  2.000000  
161.226245 0.010829  0.099468  -0.019938  0.993662  0.112386  0.002111  -0.014321  0.107945  0.994054  0.111490  -0.987784  0.108870  0.000228  -0.000991  0.000212  0.000000  0.000000  0.000000  2.000000  
161.227496 0.010829  0.099466  -0.019939  0.993662  0.112386  0.002125  -0.014321  0.107825  0.994067  0.111490  -0.987797  0.108751  0.000187  -0.001108  -0.000002  0.000000  0.000000  0.000000  2.000000  
161.228743 0.010829  0.099464  -0.019940  0.993662  0.112386  0.002125  -0.014321  0.107825  0.994067  0.111490  -0.987797  0.108751  0.000137  -0.001226  -0.000177  0.000000  0.000000  0.000000  2.000000  
161.229994 0.010829  0.099462  -0.019941  0.993665  0.112363  0.001934  -0.014116  0.107727  0.994080  0.111490  -0.987810  0.108631  0.000114  -0.001291  -0.000324  0.000000  0.000000  0.000000  2.000000  
161.230995 0.010830  0.099461  -0.019942  0.993665  0.112363  0.001934  -0.014116  0.107727  0.994080  0.111490  -0.987810  0.108631  0.000117  -0.001369  -0.000422  0.000000  0.000000  0.000000  2.000000  
161.232241 0.010830  0.099459  -0.019942  0.993665  0.112363  0.001947  -0.014116  0.107607  0.994093  0.111490  -0.987824  0.108511  0.000146  -0.001396  -0.000438  0.000000  0.000000  0.000000  2.000000  
161.233262 0.010830  0.099458  -0.019942  0.993668  0.112340  0.001756  -0.013912  0.107509  0.994107  0.111490  -0.987837  0.108391  0.000138  -0.001450  -0.000545  0.000000  0.000000  0.000000  2.000000  
161.234505 0.010831  0.099457  -0.019943  0.993668  0.112340  0.001770  -0.013912  0.107389  0.994120  0.111490  -0.987850  0.108271  0.000187  -0.001424  -0.000603  0.000000  0.000000  0.000000  2.000000  
161.235740 0.010832  0.099456  -0.019944  0.993668  0.112340  0.001783  -0.013912  0.107268  0.994133  0.111490  -0.987863  0.108152  0.000205  -0.001428  -0.000625  0.000000  0.000000  0.000000  2.000000  
161.236988 0.010833  0.099454  -0.019945  0.993668  0.112340  0.001797  -0.013912  0.107147  0.994146  0.111490  -0.987876  0.108032  0.000274  -0.001372  -0.000622  0.000000  0.000000  0.000000  2.000000  
161.237994 0.010833  0.099453  -0.019945  0.993668  0.112340  0.001811  -0.013912  0.107027  0.994159  0.111490  -0.987889  0.107912  0.000298  -0.001341  -0.000619  0.000000  0.000000  0.000000  2.000000  
161.239238 0.010834  0.099452  -0.019946  0.993668  0.112339  0.001824  -0.013912  0.106906  0.994172  0.111490  -0.987902  0.107792  0.000343  -0.001316  -0.000620  0.000000  0.000000  0.000000  2.000000  
161.240245 0.010835  0.099452  -0.019946  0.993668  0.112339  0.001838  -0.013912  0.106786  0.994185  0.111490  -0.987915  0.107672  0.000438  -0.001228  -0.000614  0.000000  0.000000  0.000000  2.000000  
161.241506 0.010837  0.099451  -0.019946  0.993668  0.112339  0.001852  -0.013912  0.106665  0.994198  0.111490  -0.987928  0.107552  0.000519  -0.001137  -0.000510  0.000000  0.000000  0.000000  2.000000  
161.242507 0.010838  0.099450  -0.019947  0.993668  0.112339  0.001865  -0.013912  0.106544  0.994211  0.111490  -0.987941  0.107433  0.000578  -0.001056  -0.000515  0.000000  0.000000  0.000000  2.000000  
161.243763 0.010839  0.099450  -0.019947  0.993665  0.112360  0.002097  -0.014116  0.106280  0.994236  0.111490  -0.987967  0.107193  0.000668  -0.000968  -0.000452  0.000000  0.000000  0.000000  2.000000  
161.244996 0.010840  0.099449  -0.019946  0.993665  0.112360  0.002111  -0.014116  0.106159  0.994249  0.111490  -0.987980  0.107073  0.000739  -0.000855  -0.000357  0.000000  0.000000  0.000000  2.000000  
161.246262 0.010842  0.099449  -0.019946  0.993665  0.112360  0.002124  -0.014116  0.106039  0.994262  0.111490  -0.987993  0.106953  0.000839  -0.000769  -0.000333  0.000000  0.000000  0.000000  2.000000  
161.247509 0.010844  0.099449  -0.019946  0.993647  0.112513  0.002342  -0.014320  0.105773  0.994287  0.111623  -0.988005  0.106712  0.000921  -0.000675  -0.000267  0.000000  0.000000  0.000000  2.000000  
161.248740 0.010845  0.099449  -0.019946  0.993647  0.112513  0.002356  -0.014320  0.105652  0.994300  0.111623  -0.988017  0.106592  0.000943  -0.000563  -0.000200  0.000000  0.000000  0.000000  2.000000  
161.249988 0.010846  0.099449  -0.019946  0.993645  0.112534  0.002574  -0.014525  0.105508  0.994312  0.111623  -0.988030  0.106472  0.000952  -0.000509  -0.000148  0.000000  0.000000  0.000000  2.000000  
161.250992 0.010847  0.099449  -0.019946  0.993642  0.112555  0.002806  -0.014730  0.105244  0.994337  0.111623  -0.988056  0.106233  0.001001  -0.000428  -0.000114  0.000000  0.000000  0.000000  2.000000  
161.252243 0.010848  0.099449  -0.019946  0.993642  0.112555  0.002820  -0.014730  0.105123  0.994350  0.111623  -0.988069  0.106113  0.000995  -0.000330  -0.000040  0.000000  0.000000  0.000000  2.000000  
161.253493 0.010849  0.099449  -0.019945  0.993638  0.112576  0.003038  -0.014934  0.104979  0.994362  0.111623  -0.988082  0.105993  0.000988  -0.000271  0.000013  0.000000  0.000000  0.000000  2.000000  
161.254498 0.010849  0.099449  -0.019945  0.993638  0.112575  0.003065  -0.014934  0.104738  0.994388  0.111623  -0.988108  0.105753  0.000940  -0.000175  0.000060  0.000000  0.000000  0.000000  2.000000  
161.255746 0.010850  0.099449  -0.019946  0.993635  0.112597  0.003284  -0.015139  0.104594  0.994400  0.111623  -0.988120  0.105633  0.000943  -0.000098  0.000026  0.000000  0.000000  0.000000  2.000000  
161.256765 0.010851  0.099450  -0.019946  0.993635  0.112596  0.003297  -0.015139  0.104474  0.994412  0.111623  -0.988133  0.105513  0.000914  -0.000025  0.000042  0.000000  0.000000  0.000000  2.000000  
161.257995 0.010851  0.099450  -0.019947  0.993632  0.112617  0.003529  -0.015343  0.104209  0.994437  0.111623  -0.988159  0.105274  0.000808  -0.000011  -0.000024  0.000000  0.000000  0.000000  2.000000  
161.259245 0.010851  0.099450  -0.019948  0.993629  0.112638  0.003748  -0.015548  0.104066  0.994449  0.111623  -0.988172  0.105154  0.000777  0.000085  -0.000056  0.000000  0.000000  0.000000  2.000000  
161.260496 0.010851  0.099451  -0.019949  0.993629  0.112637  0.003775  -0.015548  0.103824  0.994474  0.111623  -0.988197  0.104914  0.000671  0.000120  -0.000167  0.000000  0.000000  0.000000  2.000000  
161.261508 0.010852  0.099452  -0.019950  0.993626  0.112658  0.003994  -0.015752  0.103681  0.994486  0.111623  -0.988210  0.104794  0.000658  0.000193  -0.000233  0.000000  0.000000  0.000000  2.000000  
161.262743 0.010852  0.099452  -0.019951  0.993623  0.112678  0.004226  -0.015957  0.103416  0.994510  0.111623  -0.988235  0.104555  0.000563  0.000230  -0.000347  0.000000  0.000000  0.000000  2.000000  
161.263743 0.010853  0.099452  -0.019952  0.993623  0.112678  0.004239  -0.015957  0.103295  0.994523  0.111623  -0.988248  0.104435  0.000520  0.000247  -0.000423  0.000000  0.000000  0.000000  2.000000  
161.264997 0.010853  0.099453  -0.019954  0.993619  0.112698  0.004458  -0.016161  0.103152  0.994534  0.111623  -0.988261  0.104315  0.000446  0.000258  -0.000569  0.000000  0.000000  0.000000  2.000000  
161.266240 0.010853  0.099453  -0.019956  0.993619  0.112697  0.004485  -0.016161  0.102910  0.994559  0.111623  -0.988286  0.104075  0.000406  0.000269  -0.000674  0.000000  0.000000  0.000000  2.000000  
161.267241 0.010854  0.099453  -0.019957  0.993616  0.112718  0.004703  -0.016366  0.102766  0.994571  0.111623  -0.988298  0.103955  0.000414  0.000290  -0.000759  0.000000  0.000000  0.000000  2.000000  
161.268494 0.010855  0.099453  -0.019959  0.993616  0.112717  0.004731  -0.016366  0.102525  0.994596  0.111623  -0.988324  0.103715  0.000379  0.000256  -0.000941  0.000000  0.000000  0.000000  2.000000  
161.269738 0.010855  0.099453  -0.019961  0.993616  0.112716  0.004758  -0.016366  0.102284  0.994621  0.111623  -0.988349  0.103476  0.000390  0.000270  -0.001050  0.000000  0.000000  0.000000  2.000000  
161.270740 0.010856  0.099454  -0.019963  0.993613  0.112736  0.004977  -0.016571  0.102140  0.994632  0.111623  -0.988361  0.103356  0.000398  0.000291  -0.001136  0.000000  0.000000  0.000000  2.000000  
161.271742 0.010856  0.099454  -0.019965  0.993613  0.112735  0.004990  -0.016571  0.102019  0.994644  0.111623  -0.988374  0.103236  0.000388  0.000260  -0.001236  0.000000  0.000000  0.000000  2.000000  
161.272743 0.010857  0.099454  -0.019967  0.993613  0.112734  0.005018  -0.016571  0.101778  0.994669  0.111623  -0.988399  0.102996  0.000435  0.000307  -0.001338  0.000000  0.000000  0.000000  2.000000  
161.273745 0.010858  0.099454  -0.019969  0.993613  0.112734  0.005031  -0.016571  0.101657  0.994681  0.111623  -0.988411  0.102876  0.000435  0.000251  -0.001429  0.000000  0.000000  0.000000  2.000000  
161.274996 0.010859  0.099455  -0.019971  0.993609  0.112754  0.005250  -0.016775  0.101514  0.994693  0.111623  -0.988424  0.102756  0.000492  0.000282  -0.001511  0.000000  0.000000  0.000000  2.000000  
161.275996 0.010860  0.099455  -0.019973  0.993609  0.112753  0.005277  -0.016775  0.101272  0.994717  0.111623  -0.988449  0.102517  0.000523  0.000254  -0.001582  0.000000  0.000000  0.000000  2.000000  
161.277243 0.010861  0.099456  -0.019975  0.993609  0.112752  0.005291  -0.016775  0.101152  0.994730  0.111623  -0.988461  0.102397  0.000612  0.000302  -0.001670  0.000000  0.000000  0.000000  2.000000  
161.278243 0.010862  0.099457  -0.019977  0.993624  0.112619  0.005318  -0.016775  0.101033  0.994742  0.111490  -0.988488  0.102278  0.000622  0.000307  -0.001698  0.000000  0.000000  0.000000  2.000000  
161.279495 0.010864  0.099458  -0.019979  0.993624  0.112618  0.005345  -0.016775  0.100792  0.994766  0.111490  -0.988513  0.102038  0.000723  0.000336  -0.001766  0.000000  0.000000  0.000000  2.000000  
161.280740 0.010865  0.099458  -0.019982  0.993624  0.112617  0.005359  -0.016775  0.100671  0.994778  0.111490  -0.988526  0.101919  0.000803  0.000392  -0.001804  0.000000  0.000000  0.000000  2.000000  
161.281745 0.010866  0.099459  -0.019983  0.993624  0.112617  0.005373  -0.016775  0.100551  0.994791  0.111490  -0.988538  0.101799  0.000833  0.000421  -0.001782  0.000000  0.000000  0.000000  2.000000  
161.282990 0.010868  0.099461  -0.019984  0.993624  0.112616  0.005386  -0.016775  0.100430  0.994803  0.111490  -0.988550  0.101679  0.000920  0.000500  -0.001732  0.000000  0.000000  0.000000  2.000000  
161.284244 0.010870  0.099461  -0.019986  0.993624  0.112615  0.005414  -0.016775  0.100189  0.994827  0.111490  -0.988575  0.101439  0.001005  0.000542  -0.001707  0.000000  0.000000  0.000000  2.000000  
161.285494 0.010872  0.099463  -0.019987  0.993624  0.112614  0.005427  -0.016775  0.100068  0.994839  0.111490  -0.988587  0.101319  0.001058  0.000589  -0.001677  0.000000  0.000000  0.000000  2.000000  
161.286496 0.010873  0.099464  -0.019988  0.993624  0.112613  0.005441  -0.016775  0.099947  0.994851  0.111490  -0.988599  0.101199  0.001138  0.000677  -0.001576  0.000000  0.000000  0.000000  2.000000  
161.287740 0.010875  0.099465  -0.019989  0.993624  0.112613  0.005455  -0.016775  0.099827  0.994863  0.111490  -0.988612  0.101079  0.001198  0.000712  -0.001487  0.000000  0.000000  0.000000  2.000000  
161.288741 0.010877  0.099466  -0.019989  0.993624  0.112612  0.005468  -0.016775  0.099706  0.994876  0.111490  -0.988624  0.100959  0.001269  0.000802  -0.001347  0.000000  0.000000  0.000000  2.000000  
161.289745 0.010879  0.099468  -0.019989  0.993624  0.112611  0.005482  -0.016775  0.099585  0.994888  0.111490  -0.988636  0.100839  0.001372  0.000882  -0.001219  0.000000  0.000000  0.000000  2.000000  
161.290749 0.010881  0.099469  -0.019990  0.993642  0.112458  0.005304  -0.016571  0.099490  0.994901  0.111357  -0.988663  0.100721  0.001434  0.000918  -0.001129  0.000000  0.000000  0.000000  2.000000  
161.291997 0.010883  0.099471  -0.019990  0.993642  0.112457  0.005318  -0.016571  0.099369  0.994913  0.111357  -0.988675  0.100601  0.001465  0.000981  -0.000967  0.000000  0.000000  0.000000  2.000000  
161.292997 0.010885  0.099472  -0.019990  0.993642  0.112457  0.005332  -0.016571  0.099249  0.994925  0.111357  -0.988688  0.100481  0.001557  0.001047  -0.000856  0.000000  0.000000  0.000000  2.000000  
161.294243 0.010887  0.099474  -0.019989  0.993642  0.112456  0.005345  -0.016571  0.099128  0.994937  0.111357  -0.988700  0.100361  0.001620  0.001140  -0.000674  0.000000  0.000000  0.000000  2.000000  
161.295495 0.010890  0.099476  -0.019989  0.993642  0.112455  0.005359  -0.016571  0.099007  0.994949  0.111357  -0.988712  0.100241  0.001661  0.001178  -0.000505  0.000000  0.000000  0.000000  2.000000  
161.296744 0.010892  0.099478  -0.019988  0.993642  0.112455  0.005373  -0.016571  0.098886  0.994961  0.111357  -0.988724  0.100121  0.001715  0.001225  -0.000348  0.000000  0.000000  0.000000  2.000000  
161.297995 0.010895  0.099480  -0.019987  0.993642  0.112454  0.005386  -0.016571  0.098766  0.994973  0.111357  -0.988736  0.100001  0.001776  0.001286  -0.000146  0.000000  0.000000  0.000000  2.000000  
161.299245 0.010897  0.099482  -0.019985  0.993642  0.112453  0.005400  -0.016571  0.098645  0.994985  0.111357  -0.988748  0.099881  0.001799  0.001351  0.000055  0.000000  0.000000  0.000000  2.000000  
161.300250 0.010899  0.099483  -0.019984  0.993642  0.112453  0.005413  -0.016571  0.098524  0.994997  0.111357  -0.988761  0.099762  0.001829  0.001414  0.000216  0.000000  0.000000  0.000000  2.000000  
161.301504 0.010901  0.099486  -0.019982  0.993642  0.112453  0.005413  -0.016571  0.098524  0.994997  0.111357  -0.988761  0.099762  0.001871  0.001453  0.000385  0.000000  0.000000  0.000000  2.000000  
161.302740 0.010904  0.099488  -0.019980  0.993642  0.112452  0.005427  -0.016571  0.098404  0.995009  0.111357  -0.988773  0.099642  0.001925  0.001549  0.000608  0.000000  0.000000  0.000000  2.000000  
161.304018 0.010906  0.099490  -0.019978  0.993657  0.112319  0.005454  -0.016571  0.098285  0.995020  0.111224  -0.988799  0.099523  0.001912  0.001581  0.000786  0.000000  0.000000  0.000000  2.000000  
161.305240 0.010909  0.099493  -0.019975  0.993657  0.112318  0.005468  -0.016571  0.098165  0.995032  0.111224  -0.988812  0.099403  0.001945  0.001649  0.000954  0.000000  0.000000  0.000000  2.000000  
161.306240 0.010910  0.099495  -0.019973  0.993657  0.112318  0.005481  -0.016571  0.098044  0.995044  0.111224  -0.988824  0.099283  0.001896  0.001679  0.001101  0.000000  0.000000  0.000000  2.000000  
161.307247 0.010912  0.099497  -0.019971  0.993657  0.112318  0.005481  -0.016571  0.098044  0.995044  0.111224  -0.988824  0.099283  0.001908  0.001767  0.001292  0.000000  0.000000  0.000000  2.000000  
161.308500 0.010915  0.099500  -0.019968  0.993657  0.112317  0.005495  -0.016571  0.097923  0.995056  0.111224  -0.988836  0.099163  0.001898  0.001802  0.001470  0.000000  0.000000  0.000000  2.000000  
161.309782 0.010917  0.099503  -0.019966  0.993657  0.112316  0.005509  -0.016571  0.097802  0.995068  0.111224  -0.988848  0.099043  0.001864  0.001826  0.001539  0.000000  0.000000  0.000000  2.000000  
161.310993 0.010919  0.099505  -0.019963  0.993657  0.112316  0.005509  -0.016571  0.097802  0.995068  0.111224  -0.988848  0.099043  0.001878  0.001917  0.001728  0.000000  0.000000  0.000000  2.000000  
