1-Time 2-Px 3-Py 4-Pz 5-R11 6-R21 7-R31 8-R12 9-R22 10-R32 11-R13 12-R23 13-R33 14-Vx 15-Vy 16-Vz 17-Wx 18-Wy 19-Wz 20-state 21-PR11 22-PR21 23-PR31 24-PR12 25-PR22 26-PR32 27-PR13 28-PR23 29-PR33 
70.024147 -0.002668  0.085546  -0.012775  0.985818  0.167640  0.007688  -0.167811  0.985117  0.037194  -0.001338  -0.037957  0.999278  -0.000464  0.001465  -0.000725  0.000000  0.000000  0.000000  2.000000  
70.025156 -0.002669  0.085547  -0.012776  0.985818  0.167640  0.007688  -0.167811  0.985117  0.037194  -0.001338  -0.037957  0.999278  -0.000427  0.001465  -0.000702  0.000000  0.000000  0.000000  2.000000  
70.026413 -0.002671  0.085546  -0.012778  0.985645  0.168653  0.007746  -0.168825  0.984940  0.037306  -0.001338  -0.038078  0.999274  -0.000582  0.001252  -0.000815  0.000000  0.000000  0.000000  2.000000  
70.027651 -0.002674  0.085543  -0.012781  0.985471  0.169660  0.007937  -0.169840  0.984762  0.037395  -0.001472  -0.038199  0.999269  -0.000761  0.000952  -0.000884  0.000000  0.000000  0.000000  2.000000  
70.028652 -0.002677  0.085540  -0.012782  0.985365  0.170263  0.008113  -0.170448  0.984653  0.037486  -0.001606  -0.038320  0.999264  -0.000902  0.000650  -0.000927  0.000000  0.000000  0.000000  2.000000  
70.029652 -0.002678  0.085537  -0.012783  0.985260  0.170870  0.008156  -0.171057  0.984543  0.037601  -0.001606  -0.038442  0.999260  -0.000954  0.000344  -0.000951  0.000000  0.000000  0.000000  2.000000  
70.030902 -0.002681  0.085534  -0.012783  0.985119  0.171684  0.008097  -0.171868  0.984392  0.037856  -0.001472  -0.038684  0.999250  -0.001112  0.000026  -0.000914  0.000000  0.000000  0.000000  2.000000  
70.031902 -0.002684  0.085531  -0.012783  0.984942  0.172706  0.007894  -0.172882  0.984209  0.038013  -0.001204  -0.038805  0.999246  -0.001238  -0.000270  -0.000859  0.000000  0.000000  0.000000  2.000000  
70.033153 -0.002686  0.085529  -0.012783  0.984692  0.174133  0.007706  -0.174301  0.983952  0.038168  -0.000937  -0.038926  0.999242  -0.001383  -0.000538  -0.000778  0.024212  0.005208  0.214821  2.000000  
70.034400 -0.002688  0.085526  -0.012785  0.984440  0.175554  0.007672  -0.175720  0.983690  0.038418  -0.000803  -0.039169  0.999232  -0.001499  -0.000890  -0.000838  0.032329  0.007802  0.263405  2.000000  
70.035404 -0.002690  0.085524  -0.012786  0.984222  0.176768  0.007741  -0.176936  0.983468  0.038528  -0.000803  -0.039290  0.999228  -0.001610  -0.001125  -0.000915  0.036355  0.006177  0.304834  2.000000  
70.036404 -0.002692  0.085522  -0.012788  0.984039  0.177780  0.007803  -0.177949  0.983281  0.038640  -0.000803  -0.039411  0.999223  -0.001656  -0.001339  -0.000951  0.040390  0.004816  0.339369  2.000000  
70.037652 -0.002693  0.085521  -0.012787  0.983745  0.179398  0.007888  -0.179570  0.982982  0.038746  -0.000803  -0.039533  0.999218  -0.001727  -0.001584  -0.000824  0.048493  0.002669  0.394755  2.000000  
70.038653 -0.002694  0.085519  -0.012786  0.983485  0.180813  0.007966  -0.180987  0.982718  0.038854  -0.000803  -0.039654  0.999213  -0.001753  -0.001833  -0.000707  0.052516  0.000763  0.443139  2.000000  
70.039922 -0.002696  0.085514  -0.012785  0.983186  0.182431  0.008052  -0.182607  0.982414  0.038960  -0.000803  -0.039775  0.999208  -0.001883  -0.002244  -0.000634  0.056493  -0.001418  0.498093  2.000000  
70.041151 -0.002699  0.085508  -0.012786  0.982884  0.184052  0.008029  -0.184226  0.982102  0.039209  -0.000669  -0.040017  0.999199  -0.001885  -0.002527  -0.000543  0.064687  0.000853  0.554133  2.000000  
70.042159 -0.002701  0.085503  -0.012786  0.982656  0.185269  0.007969  -0.185440  0.981868  0.039343  -0.000535  -0.040139  0.999194  -0.001855  -0.002726  -0.000392  0.068720  0.003687  0.595431  2.000000  
70.043409 -0.002703  0.085496  -0.012785  0.982387  0.186688  0.007917  -0.186855  0.981594  0.039476  -0.000401  -0.040260  0.999189  -0.001798  -0.003000  -0.000213  0.076870  0.006285  0.644008  2.000000  
70.044654 -0.002705  0.085486  -0.012784  0.982117  0.188101  0.008019  -0.188271  0.981314  0.039702  -0.000401  -0.040502  0.999179  -0.001778  -0.003415  -0.000033  0.084980  0.004037  0.699371  2.000000  
70.045903 -0.002705  0.085476  -0.012784  0.981806  0.189715  0.008131  -0.189888  0.980994  0.039927  -0.000401  -0.040745  0.999170  -0.001590  -0.003877  -0.000038  0.093087  0.001774  0.754703  2.000000  
70.047152 -0.002704  0.085466  -0.012784  0.981492  0.191328  0.008243  -0.191505  0.980670  0.040152  -0.000401  -0.040987  0.999160  -0.001329  -0.004366  -0.000075  0.101201  -0.000502  0.810095  2.000000  
70.048155 -0.002703  0.085457  -0.012785  0.981294  0.192335  0.008331  -0.192515  0.980463  0.040381  -0.000401  -0.041229  0.999150  -0.001083  -0.004837  -0.000125  0.109301  -0.001970  0.844494  2.000000  
70.049155 -0.002702  0.085448  -0.012786  0.981135  0.193142  0.008387  -0.193323  0.980299  0.040493  -0.000401  -0.041350  0.999145  -0.000914  -0.005272  -0.000103  0.113361  -0.003119  0.872212  2.000000  
70.050411 -0.002701  0.085436  -0.012788  0.980936  0.194149  0.008476  -0.194333  0.980090  0.040722  -0.000401  -0.041593  0.999135  -0.000679  -0.005895  -0.000043  0.121455  -0.004599  0.906572  2.000000  
70.051413 -0.002699  0.085426  -0.012789  0.980735  0.195155  0.008566  -0.195343  0.979880  0.040951  -0.000401  -0.041835  0.999124  -0.000472  -0.006479  -0.000099  0.129557  -0.006088  0.941006  2.000000  
70.052649 -0.002697  0.085413  -0.012791  0.980493  0.196364  0.008640  -0.196554  0.979633  0.041059  -0.000401  -0.041956  0.999119  -0.000278  -0.007172  -0.000255  0.133661  -0.007807  0.982953  2.000000  
70.053897 -0.002696  0.085400  -0.012791  0.980290  0.197372  0.008706  -0.197563  0.979425  0.041169  -0.000401  -0.042078  0.999114  -0.000123  -0.007893  -0.000405  0.137728  -0.009253  1.017677  2.000000  
70.055150 -0.002697  0.085386  -0.012792  0.980086  0.198373  0.008904  -0.198572  0.979218  0.041252  -0.000535  -0.042199  0.999109  0.000049  -0.008537  -0.000459  0.140552  -0.015071  1.043517  2.000000  
70.056150 -0.002697  0.085375  -0.012793  0.980004  0.198770  0.009076  -0.198976  0.979132  0.041341  -0.000669  -0.042320  0.999104  0.000160  -0.008893  -0.000455  0.140479  -0.019101  1.029495  2.000000  
70.057152 -0.002697  0.085364  -0.012793  0.979840  0.199576  0.009110  -0.199783  0.978968  0.041333  -0.000669  -0.042320  0.999104  0.000275  -0.009279  -0.000478  0.140487  -0.019102  1.029550  2.000000  
70.058155 -0.002698  0.085353  -0.012793  0.979716  0.200174  0.009290  -0.200388  0.978841  0.041420  -0.000803  -0.042441  0.999099  0.000363  -0.009706  -0.000553  0.140340  -0.018947  1.022564  2.000000  
70.059155 -0.002699  0.085341  -0.012793  0.979592  0.200778  0.009316  -0.200993  0.978717  0.041414  -0.000803  -0.042441  0.999099  0.000410  -0.010019  -0.000594  0.133293  -0.014738  1.031309  2.000000  
70.060408 -0.002701  0.085326  -0.012793  0.979426  0.201577  0.009506  -0.201799  0.978547  0.041498  -0.000937  -0.042562  0.999093  0.000316  -0.010304  -0.000607  0.133266  -0.023845  1.030738  2.000000  
70.061418 -0.002702  0.085314  -0.012793  0.979343  0.201980  0.009523  -0.202203  0.978464  0.041494  -0.000937  -0.042562  0.999093  0.000159  -0.010537  -0.000580  0.129319  -0.032041  1.009389  2.000000  
70.062655 -0.002705  0.085299  -0.012793  0.979218  0.202583  0.009573  -0.202807  0.978334  0.041607  -0.000937  -0.042684  0.999088  -0.000157  -0.010885  -0.000605  0.125444  -0.040375  0.988635  2.000000  
70.063903 -0.002709  0.085284  -0.012793  0.979093  0.203187  0.009623  -0.203412  0.978204  0.041720  -0.000937  -0.042805  0.999083  -0.000497  -0.011167  -0.000480  0.121467  -0.043631  0.953895  2.000000  
70.065157 -0.002713  0.085268  -0.012793  0.979009  0.203589  0.009640  -0.203815  0.978120  0.041716  -0.000937  -0.042805  0.999083  -0.000844  -0.011424  -0.000364  0.117416  -0.042267  0.919287  2.000000  
70.066413 -0.002717  0.085252  -0.012794  0.978883  0.204192  0.009691  -0.204420  0.977989  0.041828  -0.000937  -0.042926  0.999078  -0.001253  -0.011666  -0.000336  0.113321  -0.041277  0.891282  2.000000  
70.067650 -0.002723  0.085234  -0.012796  0.978798  0.204589  0.009839  -0.204823  0.977906  0.041797  -0.001070  -0.042926  0.999078  -0.001804  -0.011980  -0.000397  0.112410  -0.044282  0.856768  2.000000  
70.068899 -0.002732  0.085215  -0.012800  0.978756  0.204791  0.009848  -0.205024  0.977864  0.041795  -0.001070  -0.042926  0.999078  -0.002393  -0.012332  -0.000564  0.104368  -0.042399  0.808760  2.000000  
70.070150 -0.002741  0.085196  -0.012804  0.978629  0.205393  0.009898  -0.205629  0.977732  0.041907  -0.001070  -0.043047  0.999072  -0.002969  -0.012688  -0.000765  0.105334  -0.045335  0.766901  2.000000  
70.071413 -0.002749  0.085177  -0.012809  0.978545  0.205796  0.009916  -0.206032  0.977648  0.041903  -0.001070  -0.043047  0.999072  -0.003551  -0.013063  -0.001054  0.100510  -0.048331  0.733065  2.000000  
70.072674 -0.002758  0.085159  -0.012814  0.978460  0.206198  0.009933  -0.206435  0.977563  0.041899  -0.001070  -0.043047  0.999072  -0.004116  -0.013330  -0.001397  0.097268  -0.051211  0.689955  2.000000  
70.073900 -0.002767  0.085141  -0.012819  0.978417  0.206400  0.009941  -0.206636  0.977520  0.041897  -0.001070  -0.043047  0.999072  -0.004557  -0.013522  -0.001739  0.088479  -0.049480  0.650503  2.000000  
70.074900 -0.002776  0.085127  -0.012822  0.978375  0.206606  0.009819  -0.206837  0.977477  0.041923  -0.000937  -0.043047  0.999073  -0.005059  -0.013665  -0.001974  0.081147  -0.043748  0.614720  2.000000  
70.075907 -0.002784  0.085114  -0.012826  0.978290  0.207009  0.009837  -0.207240  0.977392  0.041919  -0.000937  -0.043047  0.999073  -0.005570  -0.013810  -0.002229  0.077056  -0.042608  0.586813  2.000000  
70.076907 -0.002792  0.085100  -0.012830  0.978247  0.207210  0.009845  -0.207442  0.977349  0.041917  -0.000937  -0.043047  0.999073  -0.005994  -0.013919  -0.002503  0.068933  -0.040936  0.545347  2.000000  
70.077909 -0.002801  0.085086  -0.012834  0.978161  0.207614  0.009837  -0.207844  0.977269  0.041794  -0.000937  -0.042926  0.999078  -0.006386  -0.014004  -0.002759  0.056719  -0.040097  0.524617  2.000000  
70.079154 -0.002812  0.085070  -0.012838  0.978076  0.208016  0.009854  -0.208247  0.977183  0.041790  -0.000937  -0.042926  0.999078  -0.006841  -0.014027  -0.003071  0.052223  -0.039224  0.506633  2.000000  
70.080406 -0.002822  0.085055  -0.012842  0.978033  0.208223  0.009732  -0.208449  0.977139  0.041816  -0.000803  -0.042926  0.999078  -0.007268  -0.014006  -0.003326  0.044192  -0.033673  0.479445  2.000000  
70.081415 -0.002831  0.085042  -0.012845  0.977990  0.208425  0.009716  -0.208650  0.977101  0.041695  -0.000803  -0.042805  0.999083  -0.007613  -0.013959  -0.003440  0.032327  -0.032497  0.448566  2.000000  
70.082415 -0.002840  0.085029  -0.012848  0.977947  0.208632  0.009593  -0.208851  0.977057  0.041721  -0.000669  -0.042805  0.999083  -0.007867  -0.013850  -0.003503  0.028299  -0.026862  0.421138  2.000000  
70.083656 -0.002851  0.085013  -0.012853  0.977861  0.209035  0.009585  -0.209254  0.976976  0.041599  -0.000669  -0.042684  0.999088  -0.008065  -0.013660  -0.003586  0.020165  -0.025989  0.400509  2.000000  
70.084900 -0.002861  0.084998  -0.012858  0.977775  0.209438  0.009602  -0.209657  0.976890  0.041595  -0.000669  -0.042684  0.999088  -0.008180  -0.013448  -0.003660  0.016079  -0.020646  0.380067  2.000000  
70.086151 -0.002872  0.084982  -0.012863  0.977732  0.209640  0.009586  -0.209858  0.976852  0.041474  -0.000669  -0.042562  0.999094  -0.008291  -0.013211  -0.003647  0.007908  -0.015564  0.366392  2.000000  
70.087402 -0.002881  0.084967  -0.012868  0.977645  0.210042  0.009603  -0.210260  0.976765  0.041470  -0.000669  -0.042562  0.999094  -0.008300  -0.012981  -0.003651  0.003817  -0.010505  0.352732  2.000000  
70.088406 -0.002887  0.084956  -0.012871  0.977602  0.210244  0.009586  -0.210462  0.976727  0.041350  -0.000669  -0.042441  0.999099  -0.008239  -0.012769  -0.003602  -0.000244  -0.009604  0.332061  2.000000  
70.089651 -0.002895  0.084943  -0.012876  0.977515  0.210646  0.009603  -0.210864  0.976641  0.041346  -0.000669  -0.042441  0.999099  -0.008050  -0.012524  -0.003647  -0.004333  -0.004543  0.318417  2.000000  
70.090652 -0.002900  0.084932  -0.012880  0.977472  0.210848  0.009611  -0.211065  0.976597  0.041344  -0.000669  -0.042441  0.999099  -0.007896  -0.012327  -0.003656  -0.004291  -0.004213  0.308915  2.000000  
70.091672 -0.002905  0.084922  -0.012885  0.977428  0.211049  0.009620  -0.211267  0.976554  0.041342  -0.000669  -0.042441  0.999099  -0.007656  -0.012046  -0.003725  -0.008394  -0.003970  0.304409  2.000000  
70.092910 -0.002912  0.084910  -0.012890  0.977385  0.211250  0.009628  -0.211468  0.976510  0.041340  -0.000669  -0.042441  0.999099  -0.007363  -0.011742  -0.003754  -0.008386  -0.003383  0.290705  2.000000  
70.094154 -0.002917  0.084898  -0.012896  0.977341  0.211445  0.009767  -0.211669  0.976468  0.041310  -0.000803  -0.042441  0.999099  -0.006997  -0.011449  -0.003863  -0.012473  -0.007305  0.276767  2.000000  
70.095404 -0.002921  0.084887  -0.012900  0.977254  0.211847  0.009784  -0.212071  0.976381  0.041306  -0.000803  -0.042441  0.999099  -0.006626  -0.011145  -0.003903  -0.016547  -0.007320  0.276693  2.000000  
70.096650 -0.002925  0.084877  -0.012904  0.977210  0.212043  0.009924  -0.212273  0.976338  0.041275  -0.000937  -0.042441  0.999099  -0.006174  -0.010804  -0.003913  -0.016553  -0.011223  0.262697  2.000000  
70.097655 -0.002929  0.084869  -0.012907  0.977166  0.212245  0.009906  -0.212474  0.976300  0.041155  -0.000937  -0.042320  0.999104  -0.005743  -0.010447  -0.003885  -0.020649  -0.006715  0.262908  2.000000  
70.098903 -0.002932  0.084860  -0.012910  0.977166  0.212245  0.009906  -0.212474  0.976300  0.041155  -0.000937  -0.042320  0.999104  -0.005267  -0.010049  -0.003772  -0.020636  -0.006125  0.249081  2.000000  
70.100152 -0.002934  0.084851  -0.012912  0.977123  0.212446  0.009915  -0.212675  0.976256  0.041153  -0.000937  -0.042320  0.999104  -0.004715  -0.009526  -0.003571  -0.024709  -0.005845  0.242198  2.000000  
70.101413 -0.002936  0.084844  -0.012914  0.977123  0.212446  0.009915  -0.212675  0.976256  0.041153  -0.000937  -0.042320  0.999104  -0.004105  -0.008950  -0.003377  -0.024487  -0.005210  0.226446  2.000000  
70.102648 -0.002937  0.084838  -0.012915  0.977079  0.212647  0.009923  -0.212876  0.976212  0.041151  -0.000937  -0.042320  0.999104  -0.003610  -0.008452  -0.003135  -0.024502  -0.004922  0.219784  2.000000  
70.103652 -0.002937  0.084833  -0.012917  0.977035  0.212842  0.010062  -0.213077  0.976170  0.041120  -0.001070  -0.042320  0.999104  -0.003165  -0.007971  -0.002953  -0.024496  -0.009374  0.219411  2.000000  
70.104915 -0.002937  0.084828  -0.012918  0.977035  0.212842  0.010062  -0.213077  0.976170  0.041120  -0.001070  -0.042320  0.999104  -0.002676  -0.007414  -0.002716  -0.024662  -0.013349  0.207136  2.000000  
70.106153 -0.002937  0.084824  -0.012920  0.977035  0.212842  0.010062  -0.213077  0.976170  0.041120  -0.001070  -0.042320  0.999104  -0.002212  -0.006847  -0.002459  -0.024460  -0.012951  0.198642  2.000000  
70.107403 -0.002935  0.084820  -0.012921  0.976991  0.213043  0.010071  -0.213278  0.976126  0.041118  -0.001070  -0.042320  0.999104  -0.001761  -0.006348  -0.002203  -0.020412  -0.012648  0.191813  2.000000  
70.108413 -0.002934  0.084817  -0.012922  0.976991  0.213049  0.009940  -0.213278  0.976125  0.041147  -0.000937  -0.042320  0.999104  -0.001333  -0.005868  -0.001942  -0.020547  -0.007666  0.179694  2.000000  
70.109653 -0.002933  0.084812  -0.012924  0.976991  0.213049  0.009940  -0.213278  0.976125  0.041147  -0.000937  -0.042320  0.999104  -0.000903  -0.005388  -0.001735  -0.020377  -0.007312  0.171406  2.000000  
70.110902 -0.002932  0.084809  -0.012926  0.976991  0.213042  0.010097  -0.213278  0.976121  0.041237  -0.001070  -0.042441  0.999098  -0.000611  -0.004959  -0.001578  0.000000  0.000000  0.000000  2.000000  
70.111902 -0.002931  0.084806  -0.012927  0.976991  0.213042  0.010097  -0.213278  0.976121  0.041237  -0.001070  -0.042441  0.999098  -0.000342  -0.004599  -0.001460  0.000000  0.000000  0.000000  2.000000  
70.112907 -0.002931  0.084803  -0.012928  0.976991  0.213042  0.010097  -0.213278  0.976121  0.041237  -0.001070  -0.042441  0.999098  -0.000103  -0.004256  -0.001358  0.000000  0.000000  0.000000  2.000000  
70.114152 -0.002930  0.084800  -0.012930  0.976991  0.213041  0.010122  -0.213278  0.976116  0.041355  -0.001070  -0.042562  0.999093  0.000212  -0.003842  -0.001251  0.000000  0.000000  0.000000  2.000000  
70.115153 -0.002928  0.084798  -0.012930  0.976991  0.213046  0.009992  -0.213278  0.976115  0.041384  -0.000937  -0.042562  0.999093  0.000430  -0.003543  -0.001157  0.000000  0.000000  0.000000  2.000000  
70.116404 -0.002927  0.084795  -0.012931  0.976991  0.213045  0.010018  -0.213278  0.976110  0.041502  -0.000937  -0.042684  0.999088  0.000595  -0.003263  -0.001105  0.000000  0.000000  0.000000  2.000000  
70.117405 -0.002926  0.084793  -0.012931  0.976991  0.213045  0.010018  -0.213278  0.976110  0.041502  -0.000937  -0.042684  0.999088  0.000734  -0.003009  -0.001046  0.000000  0.000000  0.000000  2.000000  
70.118411 -0.002925  0.084792  -0.012932  0.977035  0.212843  0.010035  -0.213077  0.976148  0.041622  -0.000937  -0.042805  0.999083  0.000826  -0.002800  -0.001021  0.000000  0.000000  0.000000  2.000000  
70.119650 -0.002924  0.084790  -0.012932  0.977035  0.212848  0.009904  -0.213077  0.976147  0.041651  -0.000803  -0.042805  0.999083  0.000889  -0.002565  -0.000936  0.000000  0.000000  0.000000  2.000000  
70.120906 -0.002922  0.084789  -0.012932  0.977035  0.212847  0.009930  -0.213077  0.976142  0.041769  -0.000803  -0.042926  0.999078  0.000963  -0.002370  -0.000831  0.000000  0.000000  0.000000  2.000000  
70.122181 -0.002921  0.084788  -0.012932  0.977079  0.212646  0.009922  -0.212876  0.976186  0.041771  -0.000803  -0.042926  0.999078  0.000949  -0.002169  -0.000743  0.000000  0.000000  0.000000  2.000000  
70.123402 -0.002920  0.084786  -0.012932  0.977123  0.212445  0.009913  -0.212675  0.976230  0.041773  -0.000803  -0.042926  0.999078  0.000942  -0.002013  -0.000621  0.000000  0.000000  0.000000  2.000000  
70.124652 -0.002920  0.084785  -0.012931  0.977123  0.212451  0.009782  -0.212675  0.976228  0.041802  -0.000669  -0.042926  0.999078  0.000831  -0.001852  -0.000466  0.000000  0.000000  0.000000  2.000000  
70.125655 -0.002921  0.084783  -0.012931  0.977167  0.212250  0.009774  -0.212474  0.976272  0.041804  -0.000669  -0.042926  0.999078  0.000795  -0.001728  -0.000360  0.000000  0.000000  0.000000  2.000000  
70.126901 -0.002921  0.084781  -0.012931  0.977210  0.212048  0.009791  -0.212273  0.976311  0.041924  -0.000669  -0.043047  0.999073  0.000685  -0.001639  -0.000260  0.000000  0.000000  0.000000  2.000000  
70.127905 -0.002921  0.084779  -0.012932  0.977254  0.211847  0.009782  -0.212071  0.976354  0.041926  -0.000669  -0.043047  0.999073  0.000610  -0.001585  -0.000234  0.000000  0.000000  0.000000  2.000000  
70.128920 -0.002922  0.084778  -0.012932  0.977254  0.211847  0.009782  -0.212071  0.976354  0.041926  -0.000669  -0.043047  0.999073  0.000519  -0.001504  -0.000195  0.000000  0.000000  0.000000  2.000000  
70.130154 -0.002923  0.084775  -0.012933  0.977298  0.211646  0.009774  -0.211870  0.976398  0.041928  -0.000669  -0.043047  0.999073  0.000370  -0.001493  -0.000169  0.000000  0.000000  0.000000  2.000000  
70.131154 -0.002923  0.084773  -0.012933  0.977341  0.211444  0.009791  -0.211669  0.976436  0.042049  -0.000669  -0.043168  0.999068  0.000257  -0.001480  -0.000117  0.000000  0.000000  0.000000  2.000000  
70.132403 -0.002924  0.084771  -0.012933  0.977428  0.211041  0.009773  -0.211267  0.976523  0.042053  -0.000669  -0.043168  0.999068  0.000135  -0.001473  -0.000150  0.000000  0.000000  0.000000  2.000000  
70.133404 -0.002924  0.084769  -0.012933  0.977428  0.211046  0.009668  -0.211267  0.976517  0.042199  -0.000535  -0.043289  0.999062  0.000032  -0.001485  -0.000089  0.000000  0.000000  0.000000  2.000000  
70.134652 -0.002926  0.084766  -0.012934  0.977515  0.210644  0.009651  -0.210864  0.976604  0.042203  -0.000535  -0.043289  0.999062  -0.000168  -0.001590  -0.000082  0.000000  0.000000  0.000000  2.000000  
70.135897 -0.002927  0.084763  -0.012934  0.977559  0.210443  0.009642  -0.210663  0.976647  0.042205  -0.000535  -0.043289  0.999062  -0.000325  -0.001695  -0.000123  0.000000  0.000000  0.000000  2.000000  
70.136899 -0.002928  0.084761  -0.012934  0.977602  0.210242  0.009633  -0.210462  0.976691  0.042207  -0.000535  -0.043289  0.999062  -0.000466  -0.001799  -0.000113  0.000000  0.000000  0.000000  2.000000  
70.137920 -0.002930  0.084759  -0.012934  0.977645  0.210041  0.009625  -0.210260  0.976734  0.042209  -0.000535  -0.043289  0.999062  -0.000629  -0.001887  -0.000124  0.000000  0.000000  0.000000  2.000000  
70.139150 -0.002931  0.084756  -0.012933  0.977732  0.209638  0.009607  -0.209858  0.976820  0.042213  -0.000535  -0.043289  0.999062  -0.000761  -0.002001  -0.000150  0.000000  0.000000  0.000000  2.000000  
70.140407 -0.002933  0.084753  -0.012934  0.977775  0.209437  0.009599  -0.209657  0.976863  0.042215  -0.000535  -0.043289  0.999062  -0.000878  -0.002077  -0.000172  0.000000  0.000000  0.000000  2.000000  
70.141414 -0.002935  0.084751  -0.012933  0.977818  0.209236  0.009590  -0.209455  0.976906  0.042217  -0.000535  -0.043289  0.999062  -0.000910  -0.002083  -0.000149  0.000000  0.000000  0.000000  2.000000  
70.142455 -0.002936  0.084748  -0.012933  0.977861  0.209041  0.009451  -0.209254  0.976948  0.042247  -0.000401  -0.043289  0.999062  -0.000988  -0.002140  -0.000104  0.000000  0.000000  0.000000  2.000000  
70.143657 -0.002938  0.084746  -0.012933  0.977947  0.208640  0.009408  -0.208851  0.977039  0.042133  -0.000401  -0.043168  0.999068  -0.001091  -0.002184  -0.000034  0.000000  0.000000  0.000000  2.000000  
70.144672 -0.002939  0.084744  -0.012933  0.977990  0.208439  0.009399  -0.208650  0.977082  0.042135  -0.000401  -0.043168  0.999068  -0.001139  -0.002175  -0.000025  0.000000  0.000000  0.000000  2.000000  
70.145903 -0.002941  0.084742  -0.012932  0.978033  0.208237  0.009391  -0.208449  0.977125  0.042136  -0.000401  -0.043168  0.999068  -0.001176  -0.002157  0.000028  0.000000  0.000000  0.000000  2.000000  
70.147152 -0.002942  0.084739  -0.012932  0.978076  0.208036  0.009382  -0.208247  0.977168  0.042138  -0.000401  -0.043168  0.999068  -0.001215  -0.002166  0.000055  0.016426  0.025402  -0.172088  2.000000  
70.148152 -0.002943  0.084738  -0.012932  0.978076  0.208042  0.009251  -0.208247  0.977167  0.042166  -0.000268  -0.043168  0.999068  -0.001227  -0.002163  0.000090  0.000000  0.000000  0.000000  2.000000  
70.149405 -0.002944  0.084735  -0.012932  0.978119  0.207841  0.009242  -0.208046  0.977210  0.042168  -0.000268  -0.043168  0.999068  -0.001245  -0.002135  0.000116  0.012322  0.025405  -0.172038  2.000000  
70.150408 -0.002945  0.084733  -0.012932  0.978162  0.207640  0.009234  -0.207845  0.977252  0.042170  -0.000268  -0.043168  0.999068  -0.001220  -0.002088  0.000124  0.008248  0.025709  -0.178914  2.000000  
70.151412 -0.002946  0.084731  -0.012932  0.978162  0.207640  0.009234  -0.207845  0.977252  0.042170  -0.000268  -0.043168  0.999068  -0.001208  -0.002091  0.000089  0.008179  0.025210  -0.170646  2.000000  
70.152650 -0.002947  0.084728  -0.012933  0.978205  0.207439  0.009200  -0.207643  0.977300  0.042053  -0.000268  -0.043047  0.999073  -0.001213  -0.002103  0.000079  0.004174  0.025708  -0.178985  2.000000  
70.153652 -0.002948  0.084726  -0.012933  0.978205  0.207445  0.009069  -0.207643  0.977299  0.042081  -0.000134  -0.043047  0.999073  -0.001141  -0.002080  0.000001  0.004124  0.029655  -0.170448  2.000000  
70.154902 -0.002949  0.084723  -0.012933  0.978205  0.207445  0.009069  -0.207643  0.977299  0.042081  -0.000134  -0.043047  0.999073  -0.001059  -0.002061  0.000010  0.000000  0.000000  0.000000  2.000000  
70.156152 -0.002949  0.084721  -0.012933  0.978205  0.207445  0.009069  -0.207643  0.977299  0.042081  -0.000134  -0.043047  0.999073  -0.000968  -0.001986  0.000009  0.000000  0.000000  0.000000  2.000000  
70.157155 -0.002949  0.084720  -0.012933  0.978205  0.207446  0.009044  -0.207643  0.977304  0.041963  -0.000134  -0.042926  0.999078  -0.000895  -0.001945  0.000009  0.000000  0.000000  0.000000  2.000000  
70.158410 -0.002949  0.084718  -0.012933  0.978205  0.207452  0.008913  -0.207643  0.977303  0.041990  0.000000  -0.042926  0.999078  -0.000767  -0.001870  -0.000000  0.000000  0.000000  0.000000  2.000000  
70.159654 -0.002949  0.084717  -0.012933  0.978205  0.207452  0.008913  -0.207643  0.977303  0.041990  0.000000  -0.042926  0.999078  -0.000638  -0.001782  -0.000018  0.000000  0.000000  0.000000  2.000000  
70.160903 -0.002949  0.084716  -0.012933  0.978162  0.207653  0.008922  -0.207845  0.977260  0.041989  0.000000  -0.042926  0.999078  -0.000521  -0.001719  -0.000036  0.000000  0.000000  0.000000  2.000000  
70.162152 -0.002948  0.084715  -0.012932  0.978162  0.207653  0.008922  -0.207845  0.977260  0.041989  0.000000  -0.042926  0.999078  -0.000362  -0.001595  -0.000037  0.000000  0.000000  0.000000  2.000000  
70.163152 -0.002947  0.084714  -0.012933  0.978162  0.207659  0.008791  -0.207845  0.977259  0.042016  0.000134  -0.042926  0.999078  -0.000313  -0.001549  -0.000054  0.000000  0.000000  0.000000  2.000000  
70.164153 -0.002947  0.084713  -0.012932  0.978119  0.207861  0.008775  -0.208046  0.977221  0.041896  0.000134  -0.042805  0.999083  -0.000188  -0.001465  -0.000029  0.000000  0.000000  0.000000  2.000000  
70.165155 -0.002946  0.084713  -0.012932  0.978076  0.208062  0.008783  -0.208247  0.977179  0.041894  0.000134  -0.042805  0.999083  -0.000088  -0.001377  -0.000021  0.000000  0.000000  0.000000  2.000000  
70.166408 -0.002946  0.084712  -0.012932  0.978076  0.208062  0.008783  -0.208247  0.977179  0.041894  0.000134  -0.042805  0.999083  0.000012  -0.001267  -0.000013  0.000000  0.000000  0.000000  2.000000  
70.167650 -0.002945  0.084711  -0.012932  0.978033  0.208263  0.008792  -0.208449  0.977136  0.041892  0.000134  -0.042805  0.999083  0.000129  -0.001154  0.000047  0.000000  0.000000  0.000000  2.000000  
70.168650 -0.002945  0.084710  -0.012932  0.977990  0.208464  0.008800  -0.208650  0.977093  0.041891  0.000134  -0.042805  0.999083  0.000178  -0.001063  0.000064  0.000000  0.000000  0.000000  2.000000  
70.169898 -0.002945  0.084709  -0.012932  0.977947  0.208666  0.008809  -0.208851  0.977050  0.041889  0.000134  -0.042805  0.999083  0.000269  -0.000953  0.000063  0.000000  0.000000  0.000000  2.000000  
70.170905 -0.002944  0.084708  -0.012932  0.977947  0.208666  0.008809  -0.208851  0.977050  0.041889  0.000134  -0.042805  0.999083  0.000355  -0.000854  0.000098  0.000000  0.000000  0.000000  2.000000  
70.172148 -0.002943  0.084708  -0.012932  0.977904  0.208867  0.008818  -0.209053  0.977007  0.041887  0.000134  -0.042805  0.999083  0.000416  -0.000775  0.000088  0.000000  0.000000  0.000000  2.000000  
70.173149 -0.002943  0.084708  -0.012932  0.977861  0.209068  0.008826  -0.209254  0.976964  0.041885  0.000134  -0.042805  0.999083  0.000446  -0.000710  0.000052  0.000000  0.000000  0.000000  2.000000  
70.174153 -0.002942  0.084707  -0.012932  0.977818  0.209269  0.008835  -0.209455  0.976921  0.041883  0.000134  -0.042805  0.999083  0.000470  -0.000664  0.000060  0.000000  0.000000  0.000000  2.000000  
70.175154 -0.002942  0.084707  -0.012933  0.977775  0.209470  0.008844  -0.209657  0.976878  0.041881  0.000134  -0.042805  0.999083  0.000477  -0.000632  0.000008  0.000000  0.000000  0.000000  2.000000  
70.176154 -0.002942  0.084707  -0.012933  0.977775  0.209470  0.008844  -0.209657  0.976878  0.041881  0.000134  -0.042805  0.999083  0.000452  -0.000581  0.000025  0.000000  0.000000  0.000000  2.000000  
70.177156 -0.002941  0.084706  -0.012933  0.977732  0.209671  0.008852  -0.209858  0.976835  0.041880  0.000134  -0.042805  0.999083  0.000419  -0.000560  -0.000046  0.000000  0.000000  0.000000  2.000000  
70.178414 -0.002941  0.084706  -0.012933  0.977689  0.209872  0.008861  -0.210059  0.976791  0.041878  0.000134  -0.042805  0.999083  0.000393  -0.000508  -0.000029  0.000000  0.000000  0.000000  2.000000  
70.179653 -0.002942  0.084706  -0.012933  0.977645  0.210073  0.008869  -0.210260  0.976748  0.041876  0.000134  -0.042805  0.999083  0.000288  -0.000492  -0.000011  0.000000  0.000000  0.000000  2.000000  
70.180904 -0.002942  0.084706  -0.012933  0.977602  0.210274  0.008878  -0.210462  0.976705  0.041874  0.000134  -0.042805  0.999083  0.000223  -0.000424  -0.000030  0.000000  0.000000  0.000000  2.000000  
70.182152 -0.002943  0.084706  -0.012933  0.977602  0.210274  0.008878  -0.210462  0.976705  0.041874  0.000134  -0.042805  0.999083  0.000160  -0.000373  -0.000040  0.000000  0.000000  0.000000  2.000000  
70.183405 -0.002944  0.084705  -0.012933  0.977559  0.210475  0.008887  -0.210663  0.976662  0.041872  0.000134  -0.042805  0.999083  0.000045  -0.000311  -0.000040  0.000000  0.000000  0.000000  2.000000  
70.184649 -0.002945  0.084705  -0.012933  0.977515  0.210671  0.009026  -0.210864  0.976619  0.041842  0.000000  -0.042805  0.999083  -0.000005  -0.000264  -0.000084  0.000000  0.000000  0.000000  2.000000  
70.185651 -0.002946  0.084705  -0.012934  0.977515  0.210671  0.009026  -0.210864  0.976619  0.041842  0.000000  -0.042805  0.999083  -0.000138  -0.000238  -0.000139  0.000000  0.000000  0.000000  2.000000  
70.186897 -0.002947  0.084705  -0.012934  0.977515  0.210671  0.009026  -0.210864  0.976619  0.041842  0.000000  -0.042805  0.999083  -0.000205  -0.000160  -0.000156  0.000000  0.000000  0.000000  2.000000  
70.187904 -0.002947  0.084706  -0.012935  0.977472  0.210872  0.009035  -0.211065  0.976576  0.041840  0.000000  -0.042805  0.999083  -0.000303  -0.000133  -0.000185  0.000000  0.000000  0.000000  2.000000  
70.189152 -0.002948  0.084706  -0.012936  0.977472  0.210872  0.009035  -0.211065  0.976576  0.041840  0.000000  -0.042805  0.999083  -0.000429  -0.000101  -0.000235  0.000000  0.000000  0.000000  2.000000  
70.190400 -0.002949  0.084705  -0.012936  0.977472  0.210872  0.009035  -0.211065  0.976576  0.041840  0.000000  -0.042805  0.999083  -0.000516  -0.000096  -0.000253  0.000000  0.000000  0.000000  2.000000  
70.191413 -0.002950  0.084706  -0.012937  0.977472  0.210872  0.009035  -0.211065  0.976576  0.041840  0.000000  -0.042805  0.999083  -0.000587  -0.000046  -0.000266  0.000000  0.000000  0.000000  2.000000  
70.192416 -0.002951  0.084705  -0.012938  0.977472  0.210871  0.009060  -0.211065  0.976571  0.041959  0.000000  -0.042926  0.999078  -0.000657  -0.000068  -0.000310  0.000000  0.000000  0.000000  2.000000  
70.193654 -0.002952  0.084705  -0.012939  0.977472  0.210871  0.009060  -0.211065  0.976571  0.041959  0.000000  -0.042926  0.999078  -0.000753  -0.000092  -0.000417  0.000000  0.000000  0.000000  2.000000  
70.194906 -0.002953  0.084704  -0.012940  0.977472  0.210871  0.009060  -0.211065  0.976571  0.041959  0.000000  -0.042926  0.999078  -0.000779  -0.000094  -0.000479  0.000000  0.000000  0.000000  2.000000  
70.196152 -0.002954  0.084704  -0.012941  0.977472  0.210871  0.009060  -0.211065  0.976571  0.041959  0.000000  -0.042926  0.999078  -0.000773  -0.000122  -0.000558  0.000000  0.000000  0.000000  2.000000  
70.197406 -0.002956  0.084704  -0.012942  0.977472  0.210871  0.009060  -0.211065  0.976571  0.041959  0.000000  -0.042926  0.999078  -0.000848  -0.000120  -0.000610  0.000000  0.000000  0.000000  2.000000  
70.198408 -0.002956  0.084704  -0.012943  0.977472  0.210871  0.009060  -0.211065  0.976571  0.041959  0.000000  -0.042926  0.999078  -0.000807  -0.000107  -0.000673  0.000000  0.000000  0.000000  2.000000  
70.199652 -0.002957  0.084703  -0.012943  0.977472  0.210877  0.008930  -0.211065  0.976570  0.041987  0.000134  -0.042926  0.999078  -0.000807  -0.000107  -0.000673  0.000000  0.000000  0.000000  2.000000  
70.200902 -0.002958  0.084704  -0.012944  0.977515  0.210675  0.008921  -0.210864  0.976613  0.041989  0.000134  -0.042926  0.999078  -0.000807  -0.000107  -0.000673  0.000000  0.000000  0.000000  2.000000  
70.202150 -0.002958  0.084704  -0.012945  0.977515  0.210675  0.008921  -0.210864  0.976613  0.041989  0.000134  -0.042926  0.999078  -0.000757  -0.000111  -0.000682  0.000000  0.000000  0.000000  2.000000  
70.203403 -0.002959  0.084704  -0.012945  0.977515  0.210675  0.008921  -0.210864  0.976613  0.041989  0.000134  -0.042926  0.999078  -0.000738  -0.000132  -0.000662  0.000000  0.000000  0.000000  2.000000  
70.204650 -0.002959  0.084704  -0.012945  0.977515  0.210674  0.008946  -0.210864  0.976608  0.042107  0.000134  -0.043047  0.999073  -0.000676  -0.000088  -0.000627  0.000000  0.000000  0.000000  2.000000  
70.205652 -0.002960  0.084704  -0.012946  0.977515  0.210674  0.008946  -0.210864  0.976608  0.042107  0.000134  -0.043047  0.999073  -0.000649  -0.000090  -0.000611  0.000000  0.000000  0.000000  2.000000  
70.206925 -0.002960  0.084704  -0.012945  0.977515  0.210674  0.008946  -0.210864  0.976608  0.042107  0.000134  -0.043047  0.999073  -0.000597  -0.000041  -0.000540  0.000000  0.000000  0.000000  2.000000  
70.208155 -0.002960  0.084704  -0.012946  0.977559  0.210473  0.008938  -0.210663  0.976651  0.042109  0.000134  -0.043047  0.999073  -0.000566  -0.000063  -0.000470  0.000000  0.000000  0.000000  2.000000  
70.209406 -0.002960  0.084704  -0.012946  0.977559  0.210473  0.008938  -0.210663  0.976651  0.042109  0.000134  -0.043047  0.999073  -0.000488  -0.000040  -0.000419  0.000000  0.000000  0.000000  2.000000  
70.210418 -0.002960  0.084704  -0.012946  0.977559  0.210473  0.008938  -0.210663  0.976651  0.042109  0.000134  -0.043047  0.999073  -0.000426  -0.000019  -0.000381  0.000000  0.000000  0.000000  2.000000  
70.211654 -0.002960  0.084704  -0.012945  0.977559  0.210472  0.008963  -0.210663  0.976646  0.042228  0.000134  -0.043168  0.999068  -0.000306  0.000052  -0.000267  0.000000  0.000000  0.000000  2.000000  
70.212901 -0.002959  0.084705  -0.012945  0.977559  0.210472  0.008963  -0.210663  0.976646  0.042228  0.000134  -0.043168  0.999068  -0.000195  0.000071  -0.000193  0.000000  0.000000  0.000000  2.000000  
70.213901 -0.002958  0.084705  -0.012945  0.977559  0.210472  0.008963  -0.210663  0.976646  0.042228  0.000134  -0.043168  0.999068  -0.000103  0.000097  -0.000090  0.000000  0.000000  0.000000  2.000000  
70.214907 -0.002957  0.084705  -0.012944  0.977559  0.210472  0.008963  -0.210663  0.976646  0.042228  0.000134  -0.043168  0.999068  0.000005  0.000117  -0.000019  0.000000  0.000000  0.000000  2.000000  
70.216151 -0.002956  0.084706  -0.012943  0.977559  0.210471  0.008989  -0.210663  0.976641  0.042346  0.000134  -0.043290  0.999063  0.000101  0.000142  0.000087  0.000000  0.000000  0.000000  2.000000  
70.217404 -0.002955  0.084706  -0.012942  0.977559  0.210471  0.008989  -0.210663  0.976641  0.042346  0.000134  -0.043290  0.999063  0.000240  0.000185  0.000176  0.000000  0.000000  0.000000  2.000000  
70.218651 -0.002953  0.084707  -0.012941  0.977559  0.210471  0.008989  -0.210663  0.976641  0.042346  0.000134  -0.043290  0.999063  0.000385  0.000205  0.000273  0.000000  0.000000  0.000000  2.000000  
70.219653 -0.002953  0.084707  -0.012941  0.977559  0.210471  0.008989  -0.210663  0.976641  0.042346  0.000134  -0.043290  0.999063  0.000455  0.000227  0.000317  0.000000  0.000000  0.000000  2.000000  
70.220902 -0.002951  0.084708  -0.012940  0.977559  0.210470  0.009014  -0.210663  0.976636  0.042465  0.000134  -0.043411  0.999057  0.000550  0.000251  0.000423  0.000000  0.000000  0.000000  2.000000  
70.221921 -0.002950  0.084708  -0.012939  0.977559  0.210470  0.009014  -0.210663  0.976636  0.042465  0.000134  -0.043411  0.999057  0.000622  0.000265  0.000425  0.000000  0.000000  0.000000  2.000000  
70.223150 -0.002949  0.084709  -0.012938  0.977515  0.210671  0.009023  -0.210864  0.976593  0.042463  0.000134  -0.043411  0.999057  0.000721  0.000308  0.000486  0.000000  0.000000  0.000000  2.000000  
70.224403 -0.002948  0.084709  -0.012937  0.977515  0.210671  0.009023  -0.210864  0.976593  0.042463  0.000134  -0.043411  0.999057  0.000808  0.000355  0.000581  0.000000  0.000000  0.000000  2.000000  
70.225409 -0.002947  0.084710  -0.012936  0.977515  0.210671  0.009023  -0.210864  0.976593  0.042463  0.000134  -0.043411  0.999057  0.000871  0.000400  0.000616  0.000000  0.000000  0.000000  2.000000  
70.226414 -0.002946  0.084711  -0.012935  0.977515  0.210670  0.009049  -0.210864  0.976587  0.042581  0.000134  -0.043532  0.999052  0.000927  0.000425  0.000694  0.000000  0.000000  0.000000  2.000000  
70.227652 -0.002945  0.084712  -0.012934  0.977515  0.210676  0.008918  -0.210864  0.976586  0.042609  0.000268  -0.043532  0.999052  0.000939  0.000474  0.000737  0.000000  0.000000  0.000000  2.000000  
70.228652 -0.002944  0.084712  -0.012933  0.977515  0.210676  0.008918  -0.210864  0.976586  0.042609  0.000268  -0.043532  0.999052  0.000962  0.000458  0.000759  0.000000  0.000000  0.000000  2.000000  
70.229902 -0.002943  0.084713  -0.012932  0.977515  0.210676  0.008918  -0.210864  0.976586  0.042609  0.000268  -0.043532  0.999052  0.000928  0.000478  0.000772  0.000000  0.000000  0.000000  2.000000  
70.230903 -0.002943  0.084713  -0.012932  0.977515  0.210676  0.008918  -0.210864  0.976586  0.042609  0.000268  -0.043532  0.999052  0.000890  0.000478  0.000746  0.000000  0.000000  0.000000  2.000000  
70.232152 -0.002943  0.084713  -0.012931  0.977515  0.210676  0.008918  -0.210864  0.976586  0.042609  0.000268  -0.043532  0.999052  0.000830  0.000445  0.000759  0.000000  0.000000  0.000000  2.000000  
70.233152 -0.002942  0.084713  -0.012931  0.977515  0.210681  0.008787  -0.210864  0.976585  0.042638  0.000401  -0.043532  0.999052  0.000799  0.000422  0.000741  0.000000  0.000000  0.000000  2.000000  
70.234155 -0.002942  0.084713  -0.012930  0.977515  0.210681  0.008787  -0.210864  0.976585  0.042638  0.000401  -0.043532  0.999052  0.000717  0.000403  0.000732  0.000000  0.000000  0.000000  2.000000  
70.235155 -0.002942  0.084713  -0.012930  0.977515  0.210681  0.008787  -0.210864  0.976585  0.042638  0.000401  -0.043532  0.999052  0.000647  0.000382  0.000688  0.000000  0.000000  0.000000  2.000000  
70.236402 -0.002942  0.084713  -0.012930  0.977472  0.210882  0.008796  -0.211065  0.976542  0.042636  0.000401  -0.043532  0.999052  0.000569  0.000355  0.000633  0.000000  0.000000  0.000000  2.000000  
70.237649 -0.002943  0.084713  -0.012929  0.977472  0.210888  0.008665  -0.211065  0.976540  0.042664  0.000535  -0.043532  0.999052  0.000495  0.000313  0.000633  0.000000  0.000000  0.000000  2.000000  
70.238911 -0.002943  0.084713  -0.012929  0.977472  0.210888  0.008665  -0.211065  0.976540  0.042664  0.000535  -0.043532  0.999052  0.000382  0.000247  0.000529  0.000000  0.000000  0.000000  2.000000  
70.240153 -0.002943  0.084714  -0.012929  0.977472  0.210888  0.008665  -0.211065  0.976540  0.042664  0.000535  -0.043532  0.999052  0.000259  0.000227  0.000486  0.000000  0.000000  0.000000  2.000000  
70.241413 -0.002944  0.084713  -0.012929  0.977472  0.210888  0.008665  -0.211065  0.976540  0.042664  0.000535  -0.043532  0.999052  0.000140  0.000157  0.000373  0.000000  0.000000  0.000000  2.000000  
70.242413 -0.002944  0.084713  -0.012930  0.977472  0.210894  0.008535  -0.211065  0.976539  0.042692  0.000669  -0.043532  0.999052  0.000060  0.000088  0.000291  0.000000  0.000000  0.000000  2.000000  
