1-Time 2-Px 3-Py 4-Pz 5-R11 6-R21 7-R31 8-R12 9-R22 10-R32 11-R13 12-R23 13-R33 14-Vx 15-Vy 16-Vz 17-Wx 18-Wy 19-Wz 20-state 21-PR11 22-PR21 23-PR31 24-PR12 25-PR22 26-PR32 27-PR13 28-PR23 29-PR33 
37.112875 0.004708  0.093755  -0.011247  0.992054  0.122622  0.028163  -0.123790  0.991315  0.044385  -0.022476  -0.047519  0.998617  0.001817  0.001483  0.000648  0.000000  0.000000  0.000000  2.000000  
37.114129 0.004711  0.093758  -0.011246  0.992054  0.122622  0.028163  -0.123790  0.991315  0.044385  -0.022476  -0.047519  0.998617  0.001900  0.001588  0.000699  0.000000  0.000000  0.000000  2.000000  
37.115382 0.004714  0.093759  -0.011245  0.991949  0.123428  0.028347  -0.124607  0.991209  0.044465  -0.022610  -0.047639  0.998609  0.001989  0.001592  0.000720  0.000000  0.000000  0.000000  2.000000  
37.116626 0.004717  0.093760  -0.011245  0.991865  0.124024  0.028655  -0.125219  0.991129  0.044534  -0.022878  -0.047760  0.998597  0.002048  0.001495  0.000686  0.000000  0.000000  0.000000  2.000000  
37.117626 0.004721  0.093760  -0.011244  0.991811  0.124422  0.028821  -0.125627  0.991073  0.044626  -0.023011  -0.047881  0.998588  0.002177  0.001428  0.000699  0.000000  0.000000  0.000000  2.000000  
37.118626 0.004724  0.093761  -0.011244  0.991785  0.124623  0.028845  -0.125831  0.991042  0.044740  -0.023011  -0.048002  0.998582  0.002265  0.001357  0.000684  0.000000  0.000000  0.000000  2.000000  
37.119665 0.004728  0.093762  -0.011243  0.991707  0.125232  0.028888  -0.126443  0.990960  0.044843  -0.023011  -0.048124  0.998576  0.002410  0.001337  0.000707  0.000000  0.000000  0.000000  2.000000  
37.120874 0.004733  0.093763  -0.011241  0.991608  0.126057  0.028675  -0.127261  0.990849  0.044973  -0.022744  -0.048245  0.998577  0.002606  0.001328  0.000762  0.000000  0.000000  0.000000  2.000000  
37.121879 0.004737  0.093765  -0.011240  0.991530  0.126665  0.028719  -0.127873  0.990766  0.045076  -0.022744  -0.048366  0.998571  0.002755  0.001310  0.000786  0.000000  0.000000  0.000000  2.000000  
37.122886 0.004741  0.093766  -0.011238  0.991424  0.127474  0.028787  -0.128690  0.990650  0.045292  -0.022744  -0.048608  0.998559  0.002891  0.001295  0.000846  0.000000  0.000000  0.000000  2.000000  
37.124128 0.004747  0.093767  -0.011237  0.991288  0.128484  0.028981  -0.129710  0.990514  0.045365  -0.022878  -0.048729  0.998550  0.003163  0.001235  0.000875  0.036695  -0.022137  0.179030  2.000000  
37.125131 0.004753  0.093769  -0.011235  0.991205  0.129086  0.029157  -0.130322  0.990429  0.045450  -0.023011  -0.048850  0.998541  0.003383  0.001250  0.000948  0.040270  -0.027628  0.199455  2.000000  
37.126384 0.004760  0.093772  -0.011232  0.991040  0.130299  0.029362  -0.131545  0.990265  0.045517  -0.023145  -0.048971  0.998532  0.003710  0.001298  0.001098  0.043377  -0.034127  0.240637  2.000000  
37.127391 0.004767  0.093775  -0.011228  0.990931  0.131111  0.029415  -0.132361  0.990151  0.045613  -0.023145  -0.049092  0.998526  0.004014  0.001352  0.001320  0.046816  -0.035474  0.268232  2.000000  
37.128629 0.004775  0.093777  -0.011224  0.990794  0.132126  0.029478  -0.133381  0.990010  0.045702  -0.023145  -0.049213  0.998520  0.004352  0.001359  0.001526  0.049963  -0.037511  0.309782  2.000000  
37.129879 0.004783  0.093780  -0.011220  0.990657  0.133142  0.029541  -0.134401  0.989868  0.045792  -0.023145  -0.049335  0.998514  0.004709  0.001415  0.001742  0.053250  -0.039205  0.344318  2.000000  
37.131126 0.004792  0.093781  -0.011216  0.990518  0.134157  0.029605  -0.135421  0.989725  0.045882  -0.023145  -0.049456  0.998508  0.005043  0.001425  0.001928  0.056545  -0.040909  0.378910  2.000000  
37.132379 0.004800  0.093782  -0.011212  0.990378  0.135168  0.029685  -0.136440  0.989575  0.046091  -0.023145  -0.049698  0.998496  0.005371  0.001411  0.002175  0.063423  -0.042312  0.410309  2.000000  
37.133624 0.004809  0.093781  -0.011208  0.990237  0.136180  0.029765  -0.137460  0.989425  0.046301  -0.023145  -0.049940  0.998484  0.005673  0.001345  0.002409  0.071116  -0.044710  0.454908  2.000000  
37.134630 0.004817  0.093779  -0.011206  0.990120  0.136984  0.029952  -0.138275  0.989307  0.046378  -0.023279  -0.050061  0.998475  0.005975  0.001199  0.002515  0.074522  -0.050575  0.482278  2.000000  
37.135680 0.004826  0.093779  -0.011204  0.990006  0.137795  0.030007  -0.139090  0.989189  0.046473  -0.023279  -0.050182  0.998469  0.006264  0.001050  0.002550  0.077830  -0.051866  0.509028  2.000000  
37.136879 0.004836  0.093777  -0.011201  0.989891  0.138603  0.030079  -0.139905  0.989064  0.046688  -0.023279  -0.050424  0.998457  0.006620  0.000775  0.002570  0.085488  -0.053376  0.537560  2.000000  
37.138131 0.004845  0.093773  -0.011200  0.989805  0.139206  0.030142  -0.140517  0.988966  0.046910  -0.023279  -0.050667  0.998444  0.006852  0.000416  0.002559  0.093158  -0.054455  0.558236  2.000000  
37.139132 0.004853  0.093769  -0.011200  0.989718  0.139813  0.030187  -0.141128  0.988875  0.047011  -0.023279  -0.050788  0.998438  0.007061  0.000103  0.002528  0.096593  -0.055845  0.585819  2.000000  
37.140134 0.004861  0.093766  -0.011200  0.989659  0.140213  0.030241  -0.141535  0.988805  0.047238  -0.023279  -0.051030  0.998426  0.007244  -0.000292  0.002395  0.104429  -0.056598  0.599633  2.000000  
37.141385 0.004872  0.093761  -0.011199  0.989539  0.141017  0.030429  -0.142350  0.988685  0.047314  -0.023413  -0.051151  0.998416  0.007456  -0.000793  0.002162  0.107806  -0.062477  0.626902  2.000000  
37.142628 0.004882  0.093756  -0.011199  0.989451  0.141624  0.030475  -0.142961  0.988592  0.047415  -0.023413  -0.051272  0.998410  0.007547  -0.001273  0.001899  0.111451  -0.063566  0.647884  2.000000  
37.143629 0.004889  0.093752  -0.011198  0.989392  0.142027  0.030512  -0.143368  0.988528  0.047523  -0.023413  -0.051393  0.998404  0.007638  -0.001667  0.001747  0.115205  -0.064287  0.661669  2.000000  
37.144633 0.004897  0.093748  -0.011197  0.989363  0.142227  0.030539  -0.143572  0.988493  0.047636  -0.023413  -0.051514  0.998398  0.007698  -0.002132  0.001551  0.115311  -0.059528  0.654922  2.000000  
37.145651 0.004904  0.093744  -0.011196  0.989333  0.142430  0.030549  -0.143776  0.988463  0.047630  -0.023413  -0.051514  0.998398  0.007722  -0.002508  0.001392  0.115511  -0.054316  0.640910  2.000000  
37.146878 0.004913  0.093738  -0.011195  0.989274  0.142834  0.030586  -0.144183  0.988399  0.047737  -0.023413  -0.051635  0.998392  0.007776  -0.002970  0.001164  0.115718  -0.049601  0.634719  2.000000  
37.148125 0.004921  0.093731  -0.011194  0.989215  0.143240  0.030606  -0.144590  0.988340  0.047725  -0.023413  -0.051635  0.998392  0.007660  -0.003345  0.000980  0.107568  -0.045206  0.635205  2.000000  
37.149129 0.004926  0.093725  -0.011193  0.989185  0.143444  0.030615  -0.144794  0.988310  0.047719  -0.023413  -0.051635  0.998392  0.007532  -0.003645  0.000918  0.103678  -0.044911  0.628460  2.000000  
37.150375 0.004932  0.093717  -0.011192  0.989185  0.143440  0.030633  -0.144794  0.988305  0.047838  -0.023413  -0.051756  0.998385  0.007261  -0.004123  0.000812  0.103291  -0.048020  0.602182  2.000000  
37.151380 0.004938  0.093711  -0.011191  0.989155  0.143644  0.030643  -0.144998  0.988275  0.047832  -0.023413  -0.051756  0.998385  0.007036  -0.004454  0.000735  0.100566  -0.051895  0.586075  2.000000  
37.152671 0.004942  0.093702  -0.011190  0.989155  0.143644  0.030643  -0.144998  0.988275  0.047832  -0.023413  -0.051756  0.998385  0.006711  -0.004800  0.000679  0.093119  -0.050180  0.550977  2.000000  
37.153879 0.004947  0.093693  -0.011190  0.989125  0.143847  0.030653  -0.145201  0.988246  0.047826  -0.023413  -0.051756  0.998385  0.006364  -0.005174  0.000671  0.089754  -0.044390  0.524201  2.000000  
37.155129 0.004950  0.093684  -0.011190  0.989125  0.143847  0.030653  -0.145201  0.988246  0.047826  -0.023413  -0.051756  0.998385  0.005954  -0.005462  0.000651  0.085414  -0.038565  0.499545  2.000000  
37.156131 0.004953  0.093676  -0.011190  0.989095  0.144051  0.030662  -0.145405  0.988216  0.047819  -0.023413  -0.051756  0.998385  0.005499  -0.005801  0.000590  0.082829  -0.032686  0.469435  2.000000  
37.157391 0.004955  0.093665  -0.011193  0.989095  0.144051  0.030662  -0.145405  0.988216  0.047819  -0.023413  -0.051756  0.998385  0.004999  -0.006196  0.000400  0.078726  -0.031055  0.438067  2.000000  
37.158633 0.004957  0.093654  -0.011196  0.989095  0.144051  0.030662  -0.145405  0.988216  0.047819  -0.023413  -0.051756  0.998385  0.004450  -0.006637  0.000126  0.076262  -0.029240  0.400205  2.000000  
37.159879 0.004958  0.093642  -0.011198  0.989095  0.144051  0.030662  -0.145405  0.988216  0.047819  -0.023413  -0.051756  0.998385  0.003947  -0.007019  -0.000097  0.072237  -0.027639  0.369543  2.000000  
37.160879 0.004959  0.093633  -0.011200  0.989095  0.144051  0.030662  -0.145405  0.988216  0.047819  -0.023413  -0.051756  0.998385  0.003476  -0.007345  -0.000298  0.069567  -0.026141  0.338072  2.000000  
37.162128 0.004961  0.093623  -0.011203  0.989095  0.144051  0.030662  -0.145405  0.988216  0.047819  -0.023413  -0.051756  0.998385  0.003031  -0.007632  -0.000512  0.062227  -0.024430  0.303563  2.000000  
37.163129 0.004961  0.093614  -0.011205  0.989095  0.144051  0.030662  -0.145405  0.988216  0.047819  -0.023413  -0.051756  0.998385  0.002645  -0.007831  -0.000730  0.058788  -0.023040  0.275898  2.000000  
37.164384 0.004962  0.093603  -0.011206  0.989125  0.143851  0.030635  -0.145201  0.988251  0.047706  -0.023413  -0.051635  0.998392  0.002218  -0.008055  -0.000933  0.046958  -0.016668  0.239598  2.000000  
37.165626 0.004962  0.093592  -0.011207  0.989092  0.144047  0.030777  -0.145405  0.988223  0.047680  -0.023546  -0.051635  0.998388  0.001886  -0.008236  -0.001059  0.043617  -0.019774  0.212330  2.000000  
37.166627 0.004962  0.093583  -0.011209  0.989092  0.144051  0.030760  -0.145405  0.988228  0.047560  -0.023546  -0.051514  0.998395  0.001576  -0.008424  -0.001192  0.032323  -0.018508  0.186103  2.000000  
37.167874 0.004963  0.093573  -0.011209  0.989092  0.144051  0.030760  -0.145405  0.988228  0.047560  -0.023546  -0.051514  0.998395  0.001344  -0.008514  -0.001255  0.000000  0.000000  0.000000  2.000000  
37.168879 0.004964  0.093565  -0.011209  0.989122  0.143852  0.030732  -0.145201  0.988264  0.047447  -0.023546  -0.051393  0.998401  0.001129  -0.008548  -0.001331  0.000000  0.000000  0.000000  2.000000  
37.170125 0.004965  0.093556  -0.011209  0.989125  0.143858  0.030600  -0.145201  0.988263  0.047466  -0.023413  -0.051393  0.998404  0.000972  -0.008556  -0.001263  0.000000  0.000000  0.000000  2.000000  
37.171130 0.004967  0.093549  -0.011208  0.989125  0.143858  0.030600  -0.145201  0.988263  0.047466  -0.023413  -0.051393  0.998404  0.000911  -0.008478  -0.001184  0.000000  0.000000  0.000000  2.000000  
37.172374 0.004969  0.093540  -0.011208  0.989122  0.143855  0.030715  -0.145201  0.988270  0.047327  -0.023546  -0.051272  0.998407  0.000888  -0.008352  -0.000996  0.000000  0.000000  0.000000  2.000000  
37.173385 0.004971  0.093533  -0.011207  0.989122  0.143855  0.030715  -0.145201  0.988270  0.047327  -0.023546  -0.051272  0.998407  0.000964  -0.008209  -0.000821  0.000000  0.000000  0.000000  2.000000  
37.174387 0.004973  0.093526  -0.011208  0.989122  0.143855  0.030715  -0.145201  0.988270  0.047327  -0.023546  -0.051272  0.998407  0.000985  -0.008034  -0.000684  0.000000  0.000000  0.000000  2.000000  
37.175634 0.004976  0.093518  -0.011208  0.989122  0.143859  0.030697  -0.145201  0.988275  0.047207  -0.023546  -0.051151  0.998413  0.001158  -0.007795  -0.000492  0.000000  0.000000  0.000000  2.000000  
37.176878 0.004980  0.093511  -0.011207  0.989119  0.143852  0.030830  -0.145200  0.988276  0.047188  -0.023680  -0.051151  0.998410  0.001354  -0.007601  -0.000330  0.000000  0.000000  0.000000  2.000000  
37.177899 0.004984  0.093506  -0.011207  0.989119  0.143852  0.030830  -0.145200  0.988276  0.047188  -0.023680  -0.051151  0.998410  0.001575  -0.007330  -0.000140  0.000000  0.000000  0.000000  2.000000  
37.179130 0.004989  0.093499  -0.011207  0.989119  0.143852  0.030830  -0.145200  0.988276  0.047188  -0.023680  -0.051151  0.998410  0.001878  -0.007104  -0.000033  0.000000  0.000000  0.000000  2.000000  
37.180380 0.004995  0.093491  -0.011207  0.989089  0.144056  0.030839  -0.145404  0.988247  0.047181  -0.023680  -0.051151  0.998410  0.002232  -0.006842  0.000022  0.000000  0.000000  0.000000  2.000000  
37.181383 0.005000  0.093486  -0.011207  0.989086  0.144045  0.030989  -0.145404  0.988242  0.047282  -0.023814  -0.051272  0.998401  0.002523  -0.006580  0.000120  0.000000  0.000000  0.000000  2.000000  
37.182384 0.005004  0.093481  -0.011207  0.989086  0.144045  0.030989  -0.145404  0.988242  0.047282  -0.023814  -0.051272  0.998401  0.002775  -0.006392  0.000150  0.000000  0.000000  0.000000  2.000000  
37.183626 0.005011  0.093474  -0.011207  0.989086  0.144045  0.030989  -0.145404  0.988242  0.047282  -0.023814  -0.051272  0.998401  0.003159  -0.006193  0.000190  0.000000  0.000000  0.000000  2.000000  
37.184626 0.005016  0.093469  -0.011205  0.989053  0.144238  0.031148  -0.145607  0.988208  0.047376  -0.023948  -0.051393  0.998391  0.003443  -0.006038  0.000292  0.000000  0.000000  0.000000  2.000000  
37.185647 0.005022  0.093464  -0.011204  0.989053  0.144238  0.031148  -0.145607  0.988208  0.047376  -0.023948  -0.051393  0.998391  0.003773  -0.005811  0.000340  0.000000  0.000000  0.000000  2.000000  
37.186879 0.005030  0.093459  -0.011202  0.989053  0.144238  0.031148  -0.145607  0.988208  0.047376  -0.023948  -0.051393  0.998391  0.004184  -0.005558  0.000389  0.000000  0.000000  0.000000  2.000000  
37.188131 0.005037  0.093454  -0.011199  0.989053  0.144238  0.031148  -0.145607  0.988208  0.047376  -0.023948  -0.051393  0.998391  0.004502  -0.005370  0.000572  0.000000  0.000000  0.000000  2.000000  
37.189132 0.005044  0.093450  -0.011197  0.989053  0.144234  0.031166  -0.145607  0.988202  0.047496  -0.023948  -0.051514  0.998385  0.004821  -0.005125  0.000724  0.000000  0.000000  0.000000  2.000000  
37.190384 0.005052  0.093446  -0.011194  0.989053  0.144234  0.031166  -0.145607  0.988202  0.047496  -0.023948  -0.051514  0.998385  0.005147  -0.004879  0.000896  0.000000  0.000000  0.000000  2.000000  
37.191385 0.005059  0.093443  -0.011192  0.989023  0.144438  0.031176  -0.145810  0.988172  0.047489  -0.023948  -0.051514  0.998385  0.005369  -0.004711  0.001044  0.000000  0.000000  0.000000  2.000000  
37.192629 0.005067  0.093439  -0.011189  0.989023  0.144438  0.031176  -0.145810  0.988172  0.047489  -0.023948  -0.051514  0.998385  0.005601  -0.004492  0.001205  0.000000  0.000000  0.000000  2.000000  
37.193879 0.005075  0.093436  -0.011186  0.988993  0.144641  0.031185  -0.146014  0.988142  0.047483  -0.023948  -0.051514  0.998385  0.005804  -0.004283  0.001333  0.000000  0.000000  0.000000  2.000000  
37.194879 0.005082  0.093433  -0.011184  0.988993  0.144637  0.031203  -0.146014  0.988137  0.047603  -0.023948  -0.051635  0.998379  0.005962  -0.004119  0.001522  0.000000  0.000000  0.000000  2.000000  
37.195879 0.005089  0.093430  -0.011182  0.988993  0.144637  0.031203  -0.146014  0.988137  0.047603  -0.023948  -0.051635  0.998379  0.006125  -0.003925  0.001745  0.000000  0.000000  0.000000  2.000000  
37.197128 0.005096  0.093425  -0.011180  0.988993  0.144637  0.031203  -0.146014  0.988137  0.047603  -0.023948  -0.051635  0.998379  0.006204  -0.003777  0.001797  0.000000  0.000000  0.000000  2.000000  
37.198385 0.005104  0.093421  -0.011177  0.988963  0.144841  0.031213  -0.146218  0.988107  0.047596  -0.023948  -0.051635  0.998379  0.006329  -0.003580  0.001995  0.000000  0.000000  0.000000  2.000000  
37.199387 0.005110  0.093417  -0.011176  0.988959  0.144830  0.031362  -0.146217  0.988102  0.047697  -0.024081  -0.051756  0.998369  0.006362  -0.003533  0.001970  0.000000  0.000000  0.000000  2.000000  
37.200624 0.005117  0.093411  -0.011174  0.988929  0.145034  0.031372  -0.146421  0.988072  0.047690  -0.024081  -0.051756  0.998369  0.006378  -0.003525  0.001982  0.000000  0.000000  0.000000  2.000000  
37.201626 0.005123  0.093407  -0.011173  0.988929  0.145030  0.031390  -0.146421  0.988066  0.047810  -0.024081  -0.051877  0.998363  0.006321  -0.003519  0.001934  0.000000  0.000000  0.000000  2.000000  
37.202631 0.005128  0.093403  -0.011172  0.988929  0.145030  0.031390  -0.146421  0.988066  0.047810  -0.024081  -0.051877  0.998363  0.006290  -0.003524  0.001868  0.000000  0.000000  0.000000  2.000000  
37.203876 0.005136  0.093397  -0.011171  0.988929  0.145026  0.031407  -0.146421  0.988061  0.047930  -0.024081  -0.051998  0.998357  0.006247  -0.003586  0.001795  0.000000  0.000000  0.000000  2.000000  
37.205129 0.005143  0.093392  -0.011169  0.988899  0.145229  0.031417  -0.146624  0.988031  0.047923  -0.024081  -0.051998  0.998357  0.006133  -0.003719  0.001725  0.000000  0.000000  0.000000  2.000000  
37.206131 0.005148  0.093387  -0.011168  0.988899  0.145225  0.031435  -0.146624  0.988025  0.048043  -0.024081  -0.052119  0.998350  0.006052  -0.003804  0.001630  0.000000  0.000000  0.000000  2.000000  
37.207394 0.005155  0.093381  -0.011166  0.988899  0.145225  0.031435  -0.146624  0.988025  0.048043  -0.024081  -0.052119  0.998350  0.005931  -0.003933  0.001558  0.000000  0.000000  0.000000  2.000000  
37.208630 0.005161  0.093375  -0.011164  0.988899  0.145222  0.031453  -0.146624  0.988019  0.048163  -0.024081  -0.052240  0.998344  0.005789  -0.004119  0.001515  0.000000  0.000000  0.000000  2.000000  
37.209878 0.005167  0.093369  -0.011161  0.988899  0.145222  0.031453  -0.146624  0.988019  0.048163  -0.024081  -0.052240  0.998344  0.005646  -0.004248  0.001478  0.000000  0.000000  0.000000  2.000000  
37.211128 0.005172  0.093362  -0.011159  0.988872  0.145432  0.031330  -0.146828  0.987988  0.048176  -0.023948  -0.052240  0.998347  0.005487  -0.004445  0.001514  0.000000  0.000000  0.000000  2.000000  
37.212129 0.005177  0.093357  -0.011157  0.988872  0.145432  0.031330  -0.146828  0.987988  0.048176  -0.023948  -0.052240  0.998347  0.005360  -0.004558  0.001513  0.000000  0.000000  0.000000  2.000000  
37.213382 0.005182  0.093350  -0.011154  0.988902  0.145229  0.031320  -0.146625  0.988018  0.048183  -0.023948  -0.052240  0.998347  0.005194  -0.004746  0.001508  0.000000  0.000000  0.000000  2.000000  
37.214385 0.005186  0.093344  -0.011152  0.988902  0.145229  0.031320  -0.146625  0.988018  0.048183  -0.023948  -0.052240  0.998347  0.005035  -0.004866  0.001580  0.000000  0.000000  0.000000  2.000000  
37.215624 0.005190  0.093336  -0.011150  0.988902  0.145229  0.031320  -0.146625  0.988018  0.048183  -0.023948  -0.052240  0.998347  0.004849  -0.005029  0.001640  0.000000  0.000000  0.000000  2.000000  
37.216625 0.005194  0.093330  -0.011148  0.988902  0.145229  0.031320  -0.146625  0.988018  0.048183  -0.023948  -0.052240  0.998347  0.004715  -0.005183  0.001689  0.000000  0.000000  0.000000  2.000000  
37.217628 0.005197  0.093323  -0.011147  0.988902  0.145229  0.031320  -0.146625  0.988018  0.048183  -0.023948  -0.052240  0.998347  0.004580  -0.005309  0.001691  0.000000  0.000000  0.000000  2.000000  
37.218628 0.005200  0.093317  -0.011145  0.988902  0.145225  0.031338  -0.146625  0.988012  0.048302  -0.023948  -0.052361  0.998341  0.004385  -0.005477  0.001752  0.000000  0.000000  0.000000  2.000000  
37.219637 0.005203  0.093310  -0.011143  0.988902  0.145225  0.031338  -0.146625  0.988012  0.048302  -0.023948  -0.052361  0.998341  0.004198  -0.005646  0.001814  0.000000  0.000000  0.000000  2.000000  
37.220874 0.005207  0.093301  -0.011140  0.988902  0.145225  0.031338  -0.146625  0.988012  0.048302  -0.023948  -0.052361  0.998341  0.004034  -0.005806  0.001872  0.000000  0.000000  0.000000  2.000000  
37.221880 0.005210  0.093294  -0.011138  0.988932  0.145021  0.031328  -0.146421  0.988042  0.048309  -0.023948  -0.052361  0.998341  0.003849  -0.005980  0.001861  0.000000  0.000000  0.000000  2.000000  
37.222883 0.005212  0.093287  -0.011136  0.988932  0.145021  0.031328  -0.146421  0.988042  0.048309  -0.023948  -0.052361  0.998341  0.003665  -0.006152  0.001924  0.000000  0.000000  0.000000  2.000000  
37.224129 0.005215  0.093277  -0.011135  0.988932  0.145021  0.031328  -0.146421  0.988042  0.048309  -0.023948  -0.052361  0.998341  0.003432  -0.006385  0.001912  0.000000  0.000000  0.000000  2.000000  
37.225132 0.005218  0.093269  -0.011132  0.988932  0.145021  0.031328  -0.146421  0.988042  0.048309  -0.023948  -0.052361  0.998341  0.003282  -0.006590  0.001914  0.000000  0.000000  0.000000  2.000000  
37.226390 0.005220  0.093260  -0.011130  0.988932  0.145021  0.031328  -0.146421  0.988042  0.048309  -0.023948  -0.052361  0.998341  0.003065  -0.006760  0.001909  0.000000  0.000000  0.000000  2.000000  
37.227393 0.005222  0.093252  -0.011127  0.988932  0.145021  0.031328  -0.146421  0.988042  0.048309  -0.023948  -0.052361  0.998341  0.002893  -0.006934  0.001936  0.000000  0.000000  0.000000  2.000000  
37.228629 0.005224  0.093242  -0.011124  0.988932  0.145021  0.031328  -0.146421  0.988042  0.048309  -0.023948  -0.052361  0.998341  0.002785  -0.007043  0.001974  0.000000  0.000000  0.000000  2.000000  
37.229882 0.005227  0.093233  -0.011120  0.988963  0.144822  0.031301  -0.146218  0.988078  0.048195  -0.023948  -0.052240  0.998347  0.002621  -0.007183  0.002079  0.000000  0.000000  0.000000  2.000000  
37.231128 0.005229  0.093224  -0.011117  0.988966  0.144829  0.031168  -0.146218  0.988077  0.048215  -0.023814  -0.052240  0.998351  0.002451  -0.007283  0.002144  0.000000  0.000000  0.000000  2.000000  
37.232380 0.005232  0.093214  -0.011113  0.988966  0.144829  0.031168  -0.146218  0.988077  0.048215  -0.023814  -0.052240  0.998351  0.002364  -0.007375  0.002277  0.000000  0.000000  0.000000  2.000000  
37.233626 0.005235  0.093206  -0.011109  0.988966  0.144832  0.031151  -0.146218  0.988083  0.048095  -0.023814  -0.052119  0.998357  0.002285  -0.007387  0.002398  0.000000  0.000000  0.000000  2.000000  
37.234629 0.005237  0.093199  -0.011106  0.988966  0.144832  0.031151  -0.146218  0.988083  0.048095  -0.023814  -0.052119  0.998357  0.002254  -0.007362  0.002461  0.000000  0.000000  0.000000  2.000000  
37.235633 0.005239  0.093192  -0.011103  0.988966  0.144832  0.031151  -0.146218  0.988083  0.048095  -0.023814  -0.052119  0.998357  0.002148  -0.007408  0.002522  0.000000  0.000000  0.000000  2.000000  
37.236879 0.005242  0.093183  -0.011099  0.988966  0.144836  0.031133  -0.146218  0.988088  0.047975  -0.023814  -0.051998  0.998363  0.002121  -0.007398  0.002634  0.000000  0.000000  0.000000  2.000000  
37.238131 0.005245  0.093174  -0.011095  0.988936  0.145040  0.031143  -0.146422  0.988059  0.047969  -0.023814  -0.051998  0.998363  0.002139  -0.007345  0.002782  0.000000  0.000000  0.000000  2.000000  
37.239153 0.005247  0.093168  -0.011092  0.988936  0.145040  0.031143  -0.146422  0.988059  0.047969  -0.023814  -0.051998  0.998363  0.002139  -0.007288  0.002826  0.000000  0.000000  0.000000  2.000000  
37.240381 0.005251  0.093159  -0.011089  0.988936  0.145043  0.031126  -0.146422  0.988064  0.047849  -0.023814  -0.051877  0.998370  0.002198  -0.007214  0.002896  0.000000  0.000000  0.000000  2.000000  
37.241389 0.005253  0.093152  -0.011086  0.988936  0.145043  0.031126  -0.146422  0.988064  0.047849  -0.023814  -0.051877  0.998370  0.002238  -0.007185  0.002878  0.000000  0.000000  0.000000  2.000000  
37.242390 0.005256  0.093145  -0.011084  0.988905  0.145247  0.031135  -0.146625  0.988034  0.047843  -0.023814  -0.051877  0.998370  0.002282  -0.007088  0.002900  0.000000  0.000000  0.000000  2.000000  
37.243628 0.005260  0.093137  -0.011081  0.988905  0.145251  0.031118  -0.146625  0.988040  0.047723  -0.023814  -0.051756  0.998376  0.002354  -0.007037  0.002904  0.000000  0.000000  0.000000  2.000000  
37.244629 0.005263  0.093131  -0.011078  0.988905  0.145251  0.031118  -0.146625  0.988040  0.047723  -0.023814  -0.051756  0.998376  0.002427  -0.006968  0.002866  0.000000  0.000000  0.000000  2.000000  
37.245879 0.005267  0.093123  -0.011075  0.988875  0.145458  0.031110  -0.146829  0.988016  0.047597  -0.023814  -0.051635  0.998382  0.002556  -0.006817  0.002855  0.000000  0.000000  0.000000  2.000000  
37.247128 0.005271  0.093116  -0.011073  0.988875  0.145458  0.031110  -0.146829  0.988016  0.047597  -0.023814  -0.051635  0.998382  0.002640  -0.006706  0.002724  0.000000  0.000000  0.000000  2.000000  
37.248383 0.005275  0.093108  -0.011069  0.988845  0.145665  0.031102  -0.147032  0.987992  0.047470  -0.023814  -0.051514  0.998388  0.002707  -0.006608  0.002673  0.000000  0.000000  0.000000  2.000000  
37.249628 0.005279  0.093101  -0.011067  0.988845  0.145665  0.031102  -0.147032  0.987992  0.047470  -0.023814  -0.051514  0.998388  0.002794  -0.006551  0.002600  0.000000  0.000000  0.000000  2.000000  
37.250630 0.005282  0.093095  -0.011065  0.988815  0.145868  0.031112  -0.147236  0.987962  0.047464  -0.023814  -0.051514  0.998388  0.002853  -0.006435  0.002542  0.000000  0.000000  0.000000  2.000000  
37.251879 0.005285  0.093088  -0.011062  0.988818  0.145879  0.030962  -0.147236  0.987967  0.047364  -0.023680  -0.051393  0.998398  0.002872  -0.006321  0.002454  0.000000  0.000000  0.000000  2.000000  
37.253126 0.005288  0.093081  -0.011059  0.988787  0.146082  0.030972  -0.147440  0.987937  0.047357  -0.023680  -0.051393  0.998398  0.002893  -0.006209  0.002368  0.000000  0.000000  0.000000  2.000000  
37.254131 0.005291  0.093076  -0.011058  0.988787  0.146086  0.030954  -0.147440  0.987942  0.047238  -0.023680  -0.051272  0.998404  0.002882  -0.006150  0.002308  0.000000  0.000000  0.000000  2.000000  
37.255131 0.005293  0.093070  -0.011056  0.988757  0.146289  0.030964  -0.147644  0.987912  0.047231  -0.023680  -0.051272  0.998404  0.002886  -0.006025  0.002253  0.000000  0.000000  0.000000  2.000000  
37.256387 0.005296  0.093064  -0.011053  0.988757  0.146293  0.030946  -0.147644  0.987918  0.047111  -0.023680  -0.051151  0.998410  0.002835  -0.005887  0.002198  0.000000  0.000000  0.000000  2.000000  
37.257394 0.005298  0.093059  -0.011052  0.988727  0.146497  0.030956  -0.147847  0.987888  0.047105  -0.023680  -0.051151  0.998410  0.002804  -0.005745  0.002103  0.000000  0.000000  0.000000  2.000000  
37.258632 0.005301  0.093053  -0.011050  0.988696  0.146704  0.030948  -0.148051  0.987863  0.046979  -0.023680  -0.051030  0.998416  0.002758  -0.005588  0.002004  0.000000  0.000000  0.000000  2.000000  
37.259878 0.005303  0.093047  -0.011049  0.988696  0.146704  0.030948  -0.148051  0.987863  0.046979  -0.023680  -0.051030  0.998416  0.002647  -0.005507  0.001879  0.000000  0.000000  0.000000  2.000000  
37.261128 0.005305  0.093041  -0.011049  0.988666  0.146907  0.030957  -0.148254  0.987833  0.046972  -0.023680  -0.051030  0.998416  0.002488  -0.005402  0.001747  0.000000  0.000000  0.000000  2.000000  
37.262128 0.005307  0.093035  -0.011048  0.988669  0.146918  0.030807  -0.148255  0.987838  0.046872  -0.023546  -0.050909  0.998426  0.002396  -0.005341  0.001626  0.000000  0.000000  0.000000  2.000000  
37.263129 0.005308  0.093031  -0.011048  0.988638  0.147121  0.030817  -0.148458  0.987808  0.046866  -0.023546  -0.050909  0.998426  0.002260  -0.005256  0.001456  0.000000  0.000000  0.000000  2.000000  
37.264382 0.005310  0.093025  -0.011048  0.988638  0.147121  0.030817  -0.148458  0.987808  0.046866  -0.023546  -0.050909  0.998426  0.002109  -0.005148  0.001284  0.000000  0.000000  0.000000  2.000000  
37.265626 0.005311  0.093019  -0.011047  0.988608  0.147324  0.030827  -0.148662  0.987777  0.046860  -0.023546  -0.050909  0.998426  0.001979  -0.005102  0.001151  0.000000  0.000000  0.000000  2.000000  
37.266627 0.005313  0.093014  -0.011047  0.988608  0.147328  0.030809  -0.148662  0.987783  0.046740  -0.023546  -0.050787  0.998432  0.001875  -0.005008  0.001001  0.000000  0.000000  0.000000  2.000000  
37.267628 0.005314  0.093009  -0.011047  0.988577  0.147531  0.030818  -0.148865  0.987753  0.046734  -0.023546  -0.050787  0.998432  0.001775  -0.004955  0.000936  0.000000  0.000000  0.000000  2.000000  
37.268874 0.005315  0.093004  -0.011047  0.988577  0.147531  0.030818  -0.148865  0.987753  0.046734  -0.023546  -0.050787  0.998432  0.001649  -0.004890  0.000727  0.000000  0.000000  0.000000  2.000000  
37.269876 0.005316  0.093000  -0.011047  0.988577  0.147531  0.030818  -0.148865  0.987753  0.046734  -0.023546  -0.050787  0.998432  0.001556  -0.004818  0.000622  0.000000  0.000000  0.000000  2.000000  
37.271131 0.005317  0.092994  -0.011047  0.988546  0.147735  0.030828  -0.149069  0.987722  0.046727  -0.023546  -0.050787  0.998432  0.001454  -0.004744  0.000472  0.000000  0.000000  0.000000  2.000000  
37.272378 0.005319  0.092989  -0.011047  0.988546  0.147739  0.030810  -0.149069  0.987728  0.046607  -0.023546  -0.050666  0.998438  0.001377  -0.004680  0.000336  0.000000  0.000000  0.000000  2.000000  
37.273385 0.005321  0.092985  -0.011046  0.988546  0.147739  0.030810  -0.149069  0.987728  0.046607  -0.023546  -0.050666  0.998438  0.001342  -0.004585  0.000299  0.000000  0.000000  0.000000  2.000000  
37.274408 0.005322  0.092981  -0.011047  0.988546  0.147739  0.030810  -0.149069  0.987728  0.046607  -0.023546  -0.050666  0.998438  0.001312  -0.004488  0.000202  0.000000  0.000000  0.000000  2.000000  
37.275629 0.005324  0.092977  -0.011047  0.988546  0.147739  0.030810  -0.149069  0.987728  0.046607  -0.023546  -0.050666  0.998438  0.001278  -0.004431  0.000099  0.000000  0.000000  0.000000  2.000000  
37.276878 0.005326  0.092973  -0.011048  0.988546  0.147739  0.030810  -0.149069  0.987728  0.046607  -0.023546  -0.050666  0.998438  0.001286  -0.004314  0.000047  0.000000  0.000000  0.000000  2.000000  
37.277879 0.005327  0.092969  -0.011048  0.988546  0.147739  0.030810  -0.149069  0.987728  0.046607  -0.023546  -0.050666  0.998438  0.001320  -0.004170  -0.000014  0.000000  0.000000  0.000000  2.000000  
37.279130 0.005330  0.092965  -0.011049  0.988546  0.147739  0.030810  -0.149069  0.987728  0.046607  -0.023546  -0.050666  0.998438  0.001337  -0.004075  -0.000058  0.000000  0.000000  0.000000  2.000000  
37.280382 0.005331  0.092960  -0.011049  0.988546  0.147739  0.030810  -0.149069  0.987728  0.046607  -0.023546  -0.050666  0.998438  0.001357  -0.003957  -0.000147  0.000000  0.000000  0.000000  2.000000  
37.281627 0.005334  0.092956  -0.011051  0.988577  0.147535  0.030801  -0.148865  0.987758  0.046614  -0.023546  -0.050666  0.998438  0.001401  -0.003875  -0.000231  0.000000  0.000000  0.000000  2.000000  
37.282876 0.005336  0.092952  -0.011052  0.988577  0.147531  0.030818  -0.148865  0.987753  0.046734  -0.023546  -0.050787  0.998432  0.001471  -0.003761  -0.000326  0.000000  0.000000  0.000000  2.000000  
37.283876 0.005338  0.092949  -0.011053  0.988577  0.147531  0.030818  -0.148865  0.987753  0.046734  -0.023546  -0.050787  0.998432  0.001538  -0.003657  -0.000410  0.000000  0.000000  0.000000  2.000000  
37.284876 0.005340  0.092946  -0.011053  0.988577  0.147531  0.030818  -0.148865  0.987753  0.046734  -0.023546  -0.050787  0.998432  0.001597  -0.003549  -0.000435  0.000000  0.000000  0.000000  2.000000  
37.285876 0.005342  0.092943  -0.011054  0.988577  0.147531  0.030818  -0.148865  0.987753  0.046734  -0.023546  -0.050787  0.998432  0.001667  -0.003443  -0.000522  0.000000  0.000000  0.000000  2.000000  
37.287130 0.005345  0.092940  -0.011055  0.988577  0.147528  0.030836  -0.148865  0.987747  0.046853  -0.023546  -0.050909  0.998426  0.001735  -0.003346  -0.000572  0.000000  0.000000  0.000000  2.000000  
37.288131 0.005347  0.092937  -0.011056  0.988577  0.147528  0.030836  -0.148865  0.987747  0.046853  -0.023546  -0.050909  0.998426  0.001760  -0.003270  -0.000614  0.000000  0.000000  0.000000  2.000000  
37.289153 0.005349  0.092934  -0.011057  0.988608  0.147324  0.030827  -0.148662  0.987777  0.046860  -0.023546  -0.050909  0.998426  0.001842  -0.003183  -0.000694  0.000000  0.000000  0.000000  2.000000  
37.290390 0.005352  0.092931  -0.011058  0.988608  0.147324  0.030827  -0.148662  0.987777  0.046860  -0.023546  -0.050909  0.998426  0.001939  -0.003057  -0.000724  0.000000  0.000000  0.000000  2.000000  
37.291629 0.005355  0.092928  -0.011059  0.988608  0.147321  0.030845  -0.148662  0.987772  0.046979  -0.023546  -0.051030  0.998420  0.001978  -0.002990  -0.000795  0.000000  0.000000  0.000000  2.000000  
37.292879 0.005358  0.092925  -0.011060  0.988608  0.147321  0.030845  -0.148662  0.987772  0.046979  -0.023546  -0.051030  0.998420  0.002004  -0.002919  -0.000830  0.000000  0.000000  0.000000  2.000000  
37.294128 0.005360  0.092922  -0.011062  0.988608  0.147321  0.030845  -0.148662  0.987772  0.046979  -0.023546  -0.051030  0.998420  0.002037  -0.002853  -0.000903  0.000000  0.000000  0.000000  2.000000  
37.295383 0.005363  0.092919  -0.011063  0.988608  0.147317  0.030862  -0.148662  0.987766  0.047099  -0.023546  -0.051151  0.998413  0.002098  -0.002751  -0.000916  0.000000  0.000000  0.000000  2.000000  
37.296628 0.005366  0.092916  -0.011066  0.988638  0.147113  0.030853  -0.148458  0.987796  0.047106  -0.023546  -0.051151  0.998413  0.002127  -0.002659  -0.000996  0.000000  0.000000  0.000000  2.000000  
37.297630 0.005368  0.092914  -0.011067  0.988638  0.147113  0.030853  -0.148458  0.987796  0.047106  -0.023546  -0.051151  0.998413  0.002152  -0.002587  -0.001031  0.000000  0.000000  0.000000  2.000000  
37.298873 0.005370  0.092911  -0.011069  0.988638  0.147110  0.030871  -0.148458  0.987790  0.047225  -0.023546  -0.051272  0.998407  0.002141  -0.002551  -0.001085  0.000000  0.000000  0.000000  2.000000  
37.299879 0.005372  0.092908  -0.011070  0.988638  0.147110  0.030871  -0.148458  0.987790  0.047225  -0.023546  -0.051272  0.998407  0.002150  -0.002522  -0.001131  0.000000  0.000000  0.000000  2.000000  
37.301124 0.005374  0.092905  -0.011072  0.988638  0.147106  0.030888  -0.148458  0.987785  0.047345  -0.023546  -0.051393  0.998401  0.002101  -0.002490  -0.001213  0.000000  0.000000  0.000000  2.000000  
37.302129 0.005377  0.092903  -0.011074  0.988638  0.147106  0.030888  -0.148458  0.987785  0.047345  -0.023546  -0.051393  0.998401  0.002134  -0.002443  -0.001238  0.000000  0.000000  0.000000  2.000000  
37.303377 0.005379  0.092900  -0.011076  0.988638  0.147102  0.030906  -0.148458  0.987779  0.047465  -0.023546  -0.051514  0.998395  0.002068  -0.002453  -0.001331  0.000000  0.000000  0.000000  2.000000  
37.304378 0.005381  0.092897  -0.011078  0.988638  0.147102  0.030906  -0.148458  0.987779  0.047465  -0.023546  -0.051514  0.998395  0.002029  -0.002456  -0.001360  0.000000  0.000000  0.000000  2.000000  
37.305384 0.005382  0.092895  -0.011079  0.988638  0.147102  0.030906  -0.148458  0.987779  0.047465  -0.023546  -0.051514  0.998395  0.001991  -0.002460  -0.001389  0.000000  0.000000  0.000000  2.000000  
37.306394 0.005384  0.092892  -0.011081  0.988669  0.146895  0.030914  -0.148255  0.987803  0.047591  -0.023546  -0.051635  0.998388  0.001953  -0.002451  -0.001423  0.000000  0.000000  0.000000  2.000000  
37.307630 0.005386  0.092889  -0.011082  0.988669  0.146895  0.030914  -0.148255  0.987803  0.047591  -0.023546  -0.051635  0.998388  0.001927  -0.002460  -0.001490  0.000000  0.000000  0.000000  2.000000  
37.308879 0.005388  0.092886  -0.011084  0.988669  0.146895  0.030914  -0.148255  0.987803  0.047591  -0.023546  -0.051635  0.998388  0.001875  -0.002460  -0.001483  0.000000  0.000000  0.000000  2.000000  
37.310129 0.005390  0.092883  -0.011086  0.988669  0.146891  0.030932  -0.148255  0.987798  0.047711  -0.023546  -0.051756  0.998382  0.001836  -0.002465  -0.001513  0.000000  0.000000  0.000000  2.000000  
37.311383 0.005392  0.092880  -0.011087  0.988669  0.146891  0.030932  -0.148255  0.987798  0.047711  -0.023546  -0.051756  0.998382  0.001772  -0.002461  -0.001470  0.000000  0.000000  0.000000  2.000000  
37.312629 0.005393  0.092877  -0.011089  0.988669  0.146891  0.030932  -0.148255  0.987798  0.047711  -0.023546  -0.051756  0.998382  0.001670  -0.002471  -0.001450  0.000000  0.000000  0.000000  2.000000  
37.313878 0.005395  0.092874  -0.011090  0.988669  0.146888  0.030950  -0.148255  0.987792  0.047831  -0.023546  -0.051877  0.998376  0.001639  -0.002411  -0.001439  0.000000  0.000000  0.000000  2.000000  
37.315131 0.005396  0.092872  -0.011092  0.988669  0.146888  0.030950  -0.148255  0.987792  0.047831  -0.023546  -0.051877  0.998376  0.001576  -0.002410  -0.001397  0.000000  0.000000  0.000000  2.000000  
37.316131 0.005398  0.092870  -0.011093  0.988669  0.146888  0.030950  -0.148255  0.987792  0.047831  -0.023546  -0.051877  0.998376  0.001546  -0.002359  -0.001380  0.000000  0.000000  0.000000  2.000000  
37.317389 0.005399  0.092867  -0.011095  0.988666  0.146881  0.031082  -0.148254  0.987793  0.047811  -0.023680  -0.051877  0.998373  0.001441  -0.002358  -0.001366  0.000000  0.000000  0.000000  2.000000  
37.318626 0.005400  0.092865  -0.011096  0.988666  0.146877  0.031100  -0.148254  0.987787  0.047931  -0.023680  -0.051998  0.998366  0.001392  -0.002282  -0.001323  0.000000  0.000000  0.000000  2.000000  
37.319630 0.005401  0.092863  -0.011098  0.988666  0.146877  0.031100  -0.148254  0.987787  0.047931  -0.023680  -0.051998  0.998366  0.001331  -0.002258  -0.001325  0.000000  0.000000  0.000000  2.000000  
37.320874 0.005402  0.092861  -0.011098  0.988666  0.146877  0.031100  -0.148254  0.987787  0.047931  -0.023680  -0.051998  0.998366  0.001278  -0.002194  -0.001243  0.000000  0.000000  0.000000  2.000000  
37.321874 0.005403  0.092859  -0.011100  0.988666  0.146877  0.031100  -0.148254  0.987787  0.047931  -0.023680  -0.051998  0.998366  0.001209  -0.002146  -0.001254  0.000000  0.000000  0.000000  2.000000  
37.322885 0.005404  0.092857  -0.011101  0.988666  0.146877  0.031100  -0.148254  0.987787  0.047931  -0.023680  -0.051998  0.998366  0.001158  -0.002077  -0.001204  0.000000  0.000000  0.000000  2.000000  
37.324130 0.005405  0.092856  -0.011102  0.988666  0.146877  0.031100  -0.148254  0.987787  0.047931  -0.023680  -0.051998  0.998366  0.001099  -0.001976  -0.001170  0.000000  0.000000  0.000000  2.000000  
37.325384 0.005406  0.092853  -0.011103  0.988666  0.146877  0.031100  -0.148254  0.987787  0.047931  -0.023680  -0.051998  0.998366  0.001017  -0.001925  -0.001146  0.000000  0.000000  0.000000  2.000000  
37.326627 0.005407  0.092852  -0.011104  0.988666  0.146877  0.031100  -0.148254  0.987787  0.047931  -0.023680  -0.051998  0.998366  0.000967  -0.001848  -0.001102  0.000000  0.000000  0.000000  2.000000  
37.327631 0.005407  0.092851  -0.011105  0.988666  0.146877  0.031100  -0.148254  0.987787  0.047931  -0.023680  -0.051998  0.998366  0.000960  -0.001746  -0.001074  0.000000  0.000000  0.000000  2.000000  
37.328878 0.005408  0.092849  -0.011105  0.988635  0.147080  0.031110  -0.148458  0.987757  0.047925  -0.023680  -0.051998  0.998366  0.000903  -0.001664  -0.001004  0.000000  0.000000  0.000000  2.000000  
37.329879 0.005409  0.092848  -0.011106  0.988635  0.147080  0.031110  -0.148458  0.987757  0.047925  -0.023680  -0.051998  0.998366  0.000859  -0.001591  -0.000987  0.000000  0.000000  0.000000  2.000000  
37.331128 0.005410  0.092848  -0.011107  0.988635  0.147080  0.031110  -0.148458  0.987757  0.047925  -0.023680  -0.051998  0.998366  0.000826  -0.001462  -0.000908  0.000000  0.000000  0.000000  2.000000  
