1-Time 2-Px 3-Py 4-Pz 5-R11 6-R21 7-R31 8-R12 9-R22 10-R32 11-R13 12-R23 13-R33 14-Vx 15-Vy 16-Vz 17-Wx 18-Wy 19-Wz 20-state 21-PR11 22-PR21 23-PR31 24-PR12 25-PR22 26-PR32 27-PR13 28-PR23 29-PR33 
77.656423 0.004255  0.094385  -0.017255  0.992778  0.118955  0.015552  -0.119524  0.991897  0.043072  -0.010302  -0.044620  0.998951  -0.000004  -0.000010  0.000222  0.000000  0.000000  0.000000  2.000000  
77.657427 0.004255  0.094385  -0.017255  0.992778  0.118955  0.015552  -0.119524  0.991897  0.043072  -0.010302  -0.044620  0.998951  0.000037  0.000068  0.000290  0.000000  0.000000  0.000000  2.000000  
77.658434 0.004255  0.094385  -0.017254  0.992729  0.119363  0.015570  -0.119933  0.991847  0.043066  -0.010302  -0.044620  0.998951  0.000046  0.000045  0.000297  0.000000  0.000000  0.000000  2.000000  
77.659674 0.004256  0.094383  -0.017255  0.992628  0.120172  0.015752  -0.120750  0.991744  0.043157  -0.010436  -0.044741  0.998944  0.000093  -0.000048  0.000292  0.000000  0.000000  0.000000  2.000000  
77.660676 0.004257  0.094382  -0.017255  0.992552  0.120777  0.015926  -0.121363  0.991665  0.043252  -0.010570  -0.044862  0.998937  0.000150  -0.000143  0.000250  0.000000  0.000000  0.000000  2.000000  
77.661677 0.004258  0.094380  -0.017255  0.992525  0.120973  0.016083  -0.121567  0.991636  0.043352  -0.010704  -0.044983  0.998930  0.000206  -0.000260  0.000252  0.000000  0.000000  0.000000  2.000000  
77.662927 0.004259  0.094379  -0.017255  0.992452  0.121590  0.015992  -0.122180  0.991555  0.043479  -0.010570  -0.045105  0.998926  0.000294  -0.000328  0.000229  0.000000  0.000000  0.000000  2.000000  
77.664174 0.004261  0.094378  -0.017254  0.992328  0.122618  0.015801  -0.123202  0.991417  0.043736  -0.010302  -0.045347  0.998918  0.000371  -0.000395  0.000243  0.000000  0.000000  0.000000  2.000000  
77.665421 0.004262  0.094377  -0.017253  0.992202  0.123643  0.015728  -0.124224  0.991285  0.043857  -0.010169  -0.045468  0.998914  0.000480  -0.000450  0.000279  0.000000  0.000000  0.000000  2.000000  
77.666431 0.004263  0.094376  -0.017252  0.992101  0.124463  0.015647  -0.125041  0.991176  0.043980  -0.010035  -0.045590  0.998910  0.000565  -0.000524  0.000297  0.030623  0.004737  0.194092  2.000000  
77.667677 0.004265  0.094375  -0.017252  0.991944  0.125680  0.015849  -0.126266  0.991017  0.044064  -0.010169  -0.045711  0.998903  0.000652  -0.000614  0.000319  0.034269  -0.001641  0.235420  2.000000  
77.668924 0.004267  0.094375  -0.017251  0.991788  0.126902  0.015919  -0.127491  0.990856  0.044165  -0.010169  -0.045832  0.998897  0.000770  -0.000656  0.000315  0.037915  -0.003532  0.276870  2.000000  
77.669929 0.004269  0.094375  -0.017250  0.991654  0.127914  0.016112  -0.128512  0.990720  0.044252  -0.010302  -0.045953  0.998890  0.000928  -0.000641  0.000423  0.041611  -0.009607  0.311199  2.000000  
77.670932 0.004271  0.094375  -0.017248  0.991522  0.128931  0.016173  -0.129533  0.990583  0.044355  -0.010302  -0.046074  0.998885  0.001086  -0.000626  0.000532  0.045318  -0.011192  0.345673  2.000000  
77.671936 0.004272  0.094374  -0.017245  0.991389  0.129957  0.016087  -0.130553  0.990449  0.044356  -0.010169  -0.046074  0.998886  0.001141  -0.000710  0.000666  0.044973  -0.008268  0.380327  2.000000  
77.673181 0.004274  0.094373  -0.017243  0.991227  0.131178  0.016157  -0.131778  0.990282  0.044456  -0.010169  -0.046195  0.998881  0.001287  -0.000768  0.000772  0.048639  -0.010179  0.421940  2.000000  
77.674433 0.004277  0.094372  -0.017241  0.991065  0.132406  0.016096  -0.133002  0.990113  0.044574  -0.010035  -0.046317  0.998876  0.001394  -0.000754  0.000890  0.052308  -0.007599  0.463514  2.000000  
77.675676 0.004279  0.094369  -0.017240  0.990900  0.133627  0.016167  -0.134227  0.989943  0.044674  -0.010035  -0.046438  0.998871  0.001500  -0.000837  0.001015  0.055975  -0.009519  0.505123  2.000000  
77.676927 0.004281  0.094365  -0.017238  0.990733  0.134847  0.016239  -0.135450  0.989772  0.044774  -0.010035  -0.046559  0.998865  0.001583  -0.000968  0.001127  0.059625  -0.011442  0.546574  2.000000  
77.677929 0.004284  0.094361  -0.017237  0.990592  0.135858  0.016433  -0.136470  0.989628  0.044859  -0.010169  -0.046680  0.998858  0.001656  -0.001152  0.001192  0.063304  -0.017545  0.580887  2.000000  
77.679178 0.004287  0.094357  -0.017237  0.990394  0.137282  0.016515  -0.137897  0.989426  0.044956  -0.010169  -0.046801  0.998852  0.001798  -0.001411  0.001130  0.066878  -0.019793  0.629231  2.000000  
77.680425 0.004290  0.094352  -0.017237  0.990252  0.138298  0.016578  -0.138917  0.989278  0.045059  -0.010169  -0.046922  0.998847  0.001858  -0.001720  0.001106  0.070600  -0.021416  0.663814  2.000000  
77.681426 0.004291  0.094346  -0.017237  0.990137  0.139111  0.016632  -0.139732  0.989159  0.045165  -0.010169  -0.047043  0.998841  0.001865  -0.002046  0.001053  0.074394  -0.022725  0.691487  2.000000  
77.682431 0.004293  0.094339  -0.017237  0.990022  0.139923  0.016686  -0.140547  0.989038  0.045271  -0.010169  -0.047165  0.998835  0.001925  -0.002415  0.001027  0.078169  -0.024032  0.718984  2.000000  
77.683677 0.004295  0.094331  -0.017237  0.989906  0.140736  0.016740  -0.141363  0.988917  0.045377  -0.010169  -0.047286  0.998830  0.001959  -0.002944  0.000956  0.081984  -0.025355  0.746848  2.000000  
77.684922 0.004298  0.094323  -0.017238  0.989760  0.141752  0.016804  -0.142382  0.988766  0.045480  -0.010169  -0.047407  0.998824  0.001960  -0.003470  0.000786  0.085762  -0.031486  0.781247  2.000000  
77.685923 0.004300  0.094316  -0.017238  0.989641  0.142560  0.016974  -0.143196  0.988650  0.045447  -0.010302  -0.047407  0.998823  0.001927  -0.003927  0.000666  0.085437  -0.037258  0.808812  2.000000  
77.686937 0.004302  0.094310  -0.017237  0.989551  0.143164  0.017134  -0.143807  0.988563  0.045417  -0.010436  -0.047407  0.998821  0.001937  -0.004357  0.000512  0.085209  -0.042372  0.822134  2.000000  
77.688175 0.004304  0.094301  -0.017237  0.989491  0.143569  0.017170  -0.144215  0.988498  0.045530  -0.010436  -0.047528  0.998815  0.001940  -0.004811  0.000434  0.088568  -0.042082  0.815535  2.000000  
77.689178 0.004305  0.094294  -0.017237  0.989431  0.143970  0.017321  -0.144622  0.988440  0.045504  -0.010570  -0.047528  0.998814  0.001902  -0.005286  0.000333  0.085254  -0.041838  0.808402  2.000000  
77.690181 0.004305  0.094287  -0.017236  0.989341  0.144580  0.017349  -0.145233  0.988351  0.045493  -0.010570  -0.047528  0.998814  0.001810  -0.005652  0.000253  0.081053  -0.037716  0.815540  2.000000  
77.691428 0.004306  0.094278  -0.017235  0.989251  0.145190  0.017377  -0.145844  0.988262  0.045482  -0.010570  -0.047528  0.998814  0.001689  -0.005994  0.000241  0.076855  -0.033597  0.822734  2.000000  
77.692679 0.004306  0.094268  -0.017234  0.989190  0.145593  0.017511  -0.146251  0.988208  0.045336  -0.010704  -0.047407  0.998818  0.001521  -0.006282  0.000213  0.068774  -0.042261  0.815398  2.000000  
77.693928 0.004306  0.094258  -0.017234  0.989158  0.145790  0.017652  -0.146455  0.988179  0.045313  -0.010837  -0.047407  0.998817  0.001267  -0.006692  0.000182  0.060962  -0.054548  0.787046  2.000000  
77.694948 0.004305  0.094251  -0.017235  0.989128  0.145994  0.017662  -0.146658  0.988149  0.045309  -0.010837  -0.047407  0.998817  0.001049  -0.006911  0.000139  0.057117  -0.058083  0.765571  2.000000  
77.696174 0.004303  0.094240  -0.017234  0.989096  0.146191  0.017803  -0.146862  0.988120  0.045286  -0.010971  -0.047407  0.998815  0.000815  -0.007149  0.000145  0.052866  -0.065651  0.738901  2.000000  
77.697175 0.004301  0.094232  -0.017234  0.989066  0.146394  0.017812  -0.147065  0.988090  0.045282  -0.010971  -0.047407  0.998815  0.000578  -0.007282  0.000199  0.049539  -0.060133  0.710613  2.000000  
77.698423 0.004299  0.094222  -0.017234  0.989034  0.146591  0.017954  -0.147269  0.988061  0.045259  -0.011105  -0.047406  0.998814  0.000254  -0.007417  0.000209  0.045338  -0.062863  0.677210  2.000000  
77.699423 0.004297  0.094213  -0.017236  0.989002  0.146789  0.018095  -0.147472  0.988031  0.045235  -0.011239  -0.047406  0.998812  -0.000033  -0.007548  0.000118  0.041925  -0.061820  0.648361  2.000000  
77.700423 0.004294  0.094204  -0.017237  0.989002  0.146789  0.018095  -0.147472  0.988031  0.045235  -0.011239  -0.047406  0.998812  -0.000413  -0.007729  -0.000004  0.041805  -0.060355  0.622509  2.000000  
77.701423 0.004290  0.094196  -0.017239  0.989001  0.146782  0.018228  -0.147472  0.988032  0.045216  -0.011373  -0.047406  0.998811  -0.000715  -0.007847  -0.000114  0.038080  -0.063227  0.587842  2.000000  
77.702426 0.004287  0.094187  -0.017241  0.989001  0.146782  0.018228  -0.147472  0.988032  0.045216  -0.011373  -0.047406  0.998811  -0.001033  -0.007953  -0.000234  0.038489  -0.066078  0.553358  2.000000  
77.703428 0.004283  0.094178  -0.017243  0.988969  0.146982  0.018351  -0.147675  0.988008  0.045072  -0.011506  -0.047285  0.998815  -0.001441  -0.008115  -0.000417  0.031027  -0.073991  0.522952  2.000000  
77.704430 0.004279  0.094170  -0.017245  0.988969  0.146982  0.018351  -0.147675  0.988008  0.045072  -0.011506  -0.047285  0.998815  -0.001777  -0.008191  -0.000598  0.027027  -0.072137  0.491282  2.000000  
77.705676 0.004274  0.094160  -0.017247  0.988998  0.146772  0.018474  -0.147471  0.988040  0.045056  -0.011640  -0.047285  0.998814  -0.002095  -0.008227  -0.000771  0.023739  -0.074658  0.439810  2.000000  
77.706927 0.004269  0.094150  -0.017250  0.988998  0.146772  0.018474  -0.147471  0.988040  0.045056  -0.011640  -0.047285  0.998814  -0.002512  -0.008255  -0.001012  0.016327  -0.072746  0.387894  2.000000  
77.707931 0.004264  0.094143  -0.017251  0.988996  0.146766  0.018606  -0.147471  0.988040  0.045037  -0.011774  -0.047285  0.998812  -0.002819  -0.008253  -0.001135  0.016434  -0.070800  0.356808  2.000000  
77.709176 0.004259  0.094133  -0.017253  0.988996  0.146768  0.018589  -0.147471  0.988046  0.044917  -0.011774  -0.047164  0.998818  -0.003177  -0.008236  -0.001294  0.008591  -0.068617  0.319657  2.000000  
77.710427 0.004252  0.094124  -0.017256  0.988995  0.146762  0.018721  -0.147471  0.988047  0.044897  -0.011908  -0.047164  0.998816  -0.003498  -0.008141  -0.001523  0.005022  -0.071735  0.280588  2.000000  
77.711675 0.004247  0.094117  -0.017258  0.988995  0.146764  0.018703  -0.147471  0.988052  0.044777  -0.011908  -0.047043  0.998822  -0.003741  -0.007974  -0.001659  -0.002803  -0.069864  0.250899  2.000000  
77.712677 0.004242  0.094111  -0.017260  0.988995  0.146764  0.018703  -0.147471  0.988052  0.044777  -0.011908  -0.047043  0.998822  -0.003932  -0.007799  -0.001805  -0.006522  -0.068836  0.218441  2.000000  
77.713679 0.004237  0.094105  -0.017262  0.988995  0.146764  0.018703  -0.147471  0.988052  0.044777  -0.011908  -0.047043  0.998822  -0.004104  -0.007615  -0.001848  -0.010368  -0.067854  0.197651  2.000000  
77.714923 0.004232  0.094099  -0.017264  0.988993  0.146758  0.018835  -0.147471  0.988053  0.044757  -0.012042  -0.047042  0.998820  -0.004256  -0.007315  -0.001841  0.000000  0.000000  0.000000  2.000000  
77.715924 0.004227  0.094094  -0.017266  0.988993  0.146758  0.018835  -0.147471  0.988053  0.044757  -0.012042  -0.047042  0.998820  -0.004327  -0.007056  -0.001865  0.000000  0.000000  0.000000  2.000000  
77.716927 0.004223  0.094089  -0.017269  0.988993  0.146758  0.018835  -0.147471  0.988053  0.044757  -0.012042  -0.047042  0.998820  -0.004385  -0.006796  -0.001925  0.000000  0.000000  0.000000  2.000000  
77.718174 0.004218  0.094083  -0.017272  0.988992  0.146752  0.018967  -0.147470  0.988054  0.044738  -0.012175  -0.047042  0.998819  -0.004394  -0.006463  -0.002011  0.000000  0.000000  0.000000  2.000000  
77.719427 0.004214  0.094078  -0.017276  0.988992  0.146752  0.018967  -0.147470  0.988054  0.044738  -0.012175  -0.047042  0.998819  -0.004352  -0.006132  -0.002051  0.000000  0.000000  0.000000  2.000000  
77.720432 0.004210  0.094074  -0.017278  0.988990  0.146745  0.019099  -0.147470  0.988055  0.044718  -0.012309  -0.047042  0.998817  -0.004329  -0.005821  -0.002096  0.000000  0.000000  0.000000  2.000000  
77.721679 0.004207  0.094069  -0.017281  0.988990  0.146743  0.019117  -0.147470  0.988050  0.044838  -0.012309  -0.047163  0.998811  -0.004188  -0.005484  -0.002159  0.000000  0.000000  0.000000  2.000000  
77.722928 0.004205  0.094065  -0.017284  0.988960  0.146946  0.019127  -0.147674  0.988019  0.044834  -0.012309  -0.047163  0.998811  -0.003982  -0.005156  -0.002179  0.000000  0.000000  0.000000  2.000000  
77.724176 0.004203  0.094061  -0.017287  0.988958  0.146940  0.019259  -0.147674  0.988020  0.044814  -0.012443  -0.047163  0.998810  -0.003743  -0.004819  -0.002261  0.000000  0.000000  0.000000  2.000000  
77.725179 0.004201  0.094058  -0.017290  0.988958  0.146938  0.019276  -0.147674  0.988015  0.044934  -0.012443  -0.047285  0.998804  -0.003492  -0.004474  -0.002249  0.000000  0.000000  0.000000  2.000000  
77.726427 0.004200  0.094055  -0.017292  0.988956  0.146932  0.019409  -0.147673  0.988016  0.044914  -0.012577  -0.047284  0.998802  -0.003191  -0.004174  -0.002288  0.000000  0.000000  0.000000  2.000000  
77.727676 0.004199  0.094052  -0.017294  0.988956  0.146929  0.019426  -0.147673  0.988010  0.045034  -0.012577  -0.047406  0.998797  -0.002898  -0.003928  -0.002230  0.000000  0.000000  0.000000  2.000000  
77.728924 0.004199  0.094050  -0.017294  0.988924  0.147126  0.019568  -0.147877  0.987981  0.045010  -0.012711  -0.047406  0.998795  -0.002485  -0.003571  -0.002104  0.000000  0.000000  0.000000  2.000000  
77.729927 0.004199  0.094049  -0.017295  0.988924  0.147126  0.019568  -0.147877  0.987981  0.045010  -0.012711  -0.047406  0.998795  -0.002137  -0.003293  -0.002030  0.000000  0.000000  0.000000  2.000000  
77.730929 0.004200  0.094048  -0.017295  0.988922  0.147120  0.019700  -0.147876  0.987982  0.044991  -0.012844  -0.047405  0.998793  -0.001779  -0.003004  -0.001895  0.000000  0.000000  0.000000  2.000000  
77.732171 0.004201  0.094047  -0.017295  0.988922  0.147118  0.019718  -0.147876  0.987977  0.045110  -0.012844  -0.047527  0.998787  -0.001431  -0.002718  -0.001706  0.000000  0.000000  0.000000  2.000000  
77.733201 0.004202  0.094047  -0.017295  0.988922  0.147118  0.019718  -0.147876  0.987977  0.045110  -0.012844  -0.047527  0.998787  -0.001034  -0.002365  -0.001473  0.000000  0.000000  0.000000  2.000000  
77.734426 0.004203  0.094047  -0.017294  0.988921  0.147109  0.019868  -0.147876  0.987972  0.045211  -0.012978  -0.047648  0.998780  -0.000688  -0.002042  -0.001244  0.000000  0.000000  0.000000  2.000000  
77.735676 0.004204  0.094047  -0.017293  0.988919  0.147103  0.020000  -0.147876  0.987973  0.045191  -0.013112  -0.047648  0.998778  -0.000357  -0.001702  -0.000953  0.000000  0.000000  0.000000  2.000000  
77.736938 0.004207  0.094048  -0.017293  0.988919  0.147100  0.020018  -0.147876  0.987967  0.045311  -0.013112  -0.047769  0.998772  0.000046  -0.001311  -0.000718  0.000000  0.000000  0.000000  2.000000  
77.738176 0.004208  0.094048  -0.017292  0.988917  0.147094  0.020150  -0.147876  0.987968  0.045291  -0.013246  -0.047769  0.998771  0.000285  -0.001050  -0.000427  0.000000  0.000000  0.000000  2.000000  
77.739426 0.004210  0.094050  -0.017290  0.988916  0.147085  0.020300  -0.147875  0.987964  0.045391  -0.013379  -0.047890  0.998763  0.000567  -0.000711  -0.000126  0.000000  0.000000  0.000000  2.000000  
77.740427 0.004211  0.094050  -0.017290  0.988916  0.147083  0.020318  -0.147875  0.987958  0.045511  -0.013379  -0.048011  0.998757  0.000708  -0.000505  0.000044  0.000000  0.000000  0.000000  2.000000  
77.741675 0.004213  0.094051  -0.017288  0.988914  0.147076  0.020450  -0.147875  0.987959  0.045491  -0.013513  -0.048011  0.998755  0.000891  -0.000223  0.000281  0.000000  0.000000  0.000000  2.000000  
77.742676 0.004213  0.094052  -0.017287  0.988914  0.147074  0.020468  -0.147875  0.987954  0.045611  -0.013513  -0.048132  0.998750  0.000983  -0.000019  0.000462  0.000000  0.000000  0.000000  2.000000  
77.743929 0.004214  0.094052  -0.017285  0.988912  0.147067  0.020600  -0.147875  0.987955  0.045591  -0.013647  -0.048132  0.998748  0.001022  0.000137  0.000652  0.000000  0.000000  0.000000  2.000000  
77.745177 0.004215  0.094053  -0.017284  0.988912  0.147065  0.020618  -0.147875  0.987949  0.045711  -0.013647  -0.048253  0.998742  0.001043  0.000309  0.000743  0.000000  0.000000  0.000000  2.000000  
77.746422 0.004215  0.094054  -0.017282  0.988912  0.147065  0.020618  -0.147875  0.987949  0.045711  -0.013647  -0.048253  0.998742  0.000973  0.000404  0.000819  0.000000  0.000000  0.000000  2.000000  
77.747424 0.004215  0.094054  -0.017280  0.988912  0.147065  0.020618  -0.147875  0.987949  0.045711  -0.013647  -0.048253  0.998742  0.000905  0.000479  0.000943  0.000000  0.000000  0.000000  2.000000  
77.748677 0.004214  0.094055  -0.017279  0.988912  0.147062  0.020636  -0.147875  0.987944  0.045831  -0.013647  -0.048374  0.998736  0.000769  0.000535  0.001074  0.000000  0.000000  0.000000  2.000000  
77.749677 0.004213  0.094055  -0.017277  0.988912  0.147062  0.020636  -0.147875  0.987944  0.045831  -0.013647  -0.048374  0.998736  0.000649  0.000556  0.001125  0.000000  0.000000  0.000000  2.000000  
77.750922 0.004212  0.094055  -0.017276  0.988912  0.147062  0.020636  -0.147875  0.987944  0.045831  -0.013647  -0.048374  0.998736  0.000441  0.000541  0.001147  0.000000  0.000000  0.000000  2.000000  
77.751923 0.004210  0.094055  -0.017276  0.988881  0.147266  0.020645  -0.148078  0.987913  0.045827  -0.013647  -0.048374  0.998736  0.000252  0.000459  0.001112  0.000000  0.000000  0.000000  2.000000  
77.752927 0.004209  0.094055  -0.017275  0.988881  0.147266  0.020645  -0.148078  0.987913  0.045827  -0.013647  -0.048374  0.998736  0.000035  0.000424  0.001095  0.000000  0.000000  0.000000  2.000000  
77.753930 0.004207  0.094054  -0.017275  0.988881  0.147266  0.020645  -0.148078  0.987913  0.045827  -0.013647  -0.048374  0.998736  -0.000157  0.000348  0.001077  0.000000  0.000000  0.000000  2.000000  
77.755177 0.004206  0.094054  -0.017275  0.988881  0.147266  0.020645  -0.148078  0.987913  0.045827  -0.013647  -0.048374  0.998736  -0.000382  0.000257  0.000997  0.000000  0.000000  0.000000  2.000000  
77.756182 0.004204  0.094053  -0.017275  0.988881  0.147266  0.020645  -0.148078  0.987913  0.045827  -0.013647  -0.048374  0.998736  -0.000568  0.000197  0.000893  0.000000  0.000000  0.000000  2.000000  
77.757427 0.004201  0.094053  -0.017275  0.988881  0.147266  0.020645  -0.148078  0.987913  0.045827  -0.013647  -0.048374  0.998736  -0.000767  0.000084  0.000787  0.000000  0.000000  0.000000  2.000000  
77.758428 0.004200  0.094052  -0.017276  0.988883  0.147272  0.020513  -0.148079  0.987912  0.045846  -0.013513  -0.048374  0.998738  -0.000971  -0.000030  0.000632  0.000000  0.000000  0.000000  2.000000  
77.759675 0.004198  0.094050  -0.017277  0.988883  0.147272  0.020513  -0.148079  0.987912  0.045846  -0.013513  -0.048374  0.998738  -0.001125  -0.000188  0.000473  0.000000  0.000000  0.000000  2.000000  
77.760676 0.004196  0.094048  -0.017279  0.988914  0.147071  0.020486  -0.147875  0.987948  0.045731  -0.013513  -0.048253  0.998744  -0.001256  -0.000353  0.000281  0.000000  0.000000  0.000000  2.000000  
77.761676 0.004194  0.094047  -0.017280  0.988914  0.147071  0.020486  -0.147875  0.987948  0.045731  -0.013513  -0.048253  0.998744  -0.001388  -0.000489  0.000111  0.000000  0.000000  0.000000  2.000000  
77.762923 0.004192  0.094045  -0.017281  0.988914  0.147071  0.020486  -0.147875  0.987948  0.045731  -0.013513  -0.048253  0.998744  -0.001466  -0.000663  -0.000080  0.000000  0.000000  0.000000  2.000000  
77.763929 0.004191  0.094043  -0.017282  0.988916  0.147078  0.020354  -0.147875  0.987947  0.045750  -0.013379  -0.048253  0.998746  -0.001563  -0.000832  -0.000253  0.000000  0.000000  0.000000  2.000000  
77.765172 0.004189  0.094040  -0.017283  0.988916  0.147078  0.020354  -0.147875  0.987947  0.045750  -0.013379  -0.048253  0.998746  -0.001550  -0.000994  -0.000421  0.000000  0.000000  0.000000  2.000000  
77.766177 0.004188  0.094038  -0.017285  0.988916  0.147078  0.020354  -0.147875  0.987947  0.045750  -0.013379  -0.048253  0.998746  -0.001567  -0.001140  -0.000592  0.000000  0.000000  0.000000  2.000000  
77.767422 0.004186  0.094035  -0.017287  0.988916  0.147080  0.020336  -0.147875  0.987953  0.045631  -0.013379  -0.048132  0.998751  -0.001555  -0.001298  -0.000754  0.000000  0.000000  0.000000  2.000000  
77.768426 0.004185  0.094033  -0.017288  0.988946  0.146877  0.020326  -0.147672  0.987983  0.045635  -0.013379  -0.048132  0.998751  -0.001548  -0.001446  -0.000870  0.000000  0.000000  0.000000  2.000000  
77.769676 0.004183  0.094030  -0.017290  0.988946  0.146877  0.020326  -0.147672  0.987983  0.045635  -0.013379  -0.048132  0.998751  -0.001533  -0.001617  -0.000979  0.000000  0.000000  0.000000  2.000000  
77.770683 0.004182  0.094028  -0.017291  0.988946  0.146879  0.020309  -0.147672  0.987989  0.045515  -0.013379  -0.048011  0.998757  -0.001499  -0.001718  -0.001083  0.000000  0.000000  0.000000  2.000000  
77.771928 0.004181  0.094026  -0.017292  0.988946  0.146879  0.020309  -0.147672  0.987989  0.045515  -0.013379  -0.048011  0.998757  -0.001468  -0.001786  -0.001097  0.000000  0.000000  0.000000  2.000000  
77.772928 0.004179  0.094025  -0.017293  0.988946  0.146879  0.020309  -0.147672  0.987989  0.045515  -0.013379  -0.048011  0.998757  -0.001410  -0.001807  -0.001099  0.000000  0.000000  0.000000  2.000000  
77.773936 0.004178  0.094024  -0.017294  0.988946  0.146879  0.020309  -0.147672  0.987989  0.045515  -0.013379  -0.048011  0.998757  -0.001372  -0.001837  -0.001165  0.000000  0.000000  0.000000  2.000000  
77.775180 0.004177  0.094022  -0.017295  0.988946  0.146882  0.020291  -0.147672  0.987994  0.045395  -0.013379  -0.047890  0.998763  -0.001302  -0.001807  -0.001119  0.000000  0.000000  0.000000  2.000000  
77.776426 0.004175  0.094020  -0.017296  0.988976  0.146678  0.020281  -0.147468  0.988024  0.045399  -0.013379  -0.047890  0.998763  -0.001321  -0.001802  -0.001082  0.000000  0.000000  0.000000  2.000000  
77.777676 0.004173  0.094018  -0.017297  0.988976  0.146678  0.020281  -0.147468  0.988024  0.045399  -0.013379  -0.047890  0.998763  -0.001322  -0.001782  -0.001090  0.000000  0.000000  0.000000  2.000000  
77.778924 0.004171  0.094017  -0.017299  0.988976  0.146678  0.020281  -0.147468  0.988024  0.045399  -0.013379  -0.047890  0.998763  -0.001299  -0.001733  -0.001117  0.000000  0.000000  0.000000  2.000000  
77.780172 0.004170  0.094016  -0.017299  0.988976  0.146678  0.020281  -0.147468  0.988024  0.045399  -0.013379  -0.047890  0.998763  -0.001325  -0.001612  -0.001056  0.000000  0.000000  0.000000  2.000000  
77.781172 0.004168  0.094015  -0.017300  0.988976  0.146678  0.020281  -0.147468  0.988024  0.045399  -0.013379  -0.047890  0.998763  -0.001324  -0.001539  -0.001016  0.000000  0.000000  0.000000  2.000000  
77.782173 0.004167  0.094014  -0.017300  0.988976  0.146678  0.020281  -0.147468  0.988024  0.045399  -0.013379  -0.047890  0.998763  -0.001332  -0.001463  -0.000939  0.000000  0.000000  0.000000  2.000000  
77.783422 0.004165  0.094013  -0.017301  0.988976  0.146678  0.020281  -0.147468  0.988024  0.045399  -0.013379  -0.047890  0.998763  -0.001309  -0.001342  -0.000889  0.000000  0.000000  0.000000  2.000000  
77.784424 0.004164  0.094012  -0.017302  0.988976  0.146678  0.020281  -0.147468  0.988024  0.045399  -0.013379  -0.047890  0.998763  -0.001307  -0.001240  -0.000853  0.000000  0.000000  0.000000  2.000000  
77.785424 0.004163  0.094011  -0.017302  0.988976  0.146678  0.020281  -0.147468  0.988024  0.045399  -0.013379  -0.047890  0.998763  -0.001315  -0.001173  -0.000818  0.000000  0.000000  0.000000  2.000000  
77.786431 0.004162  0.094011  -0.017303  0.988976  0.146678  0.020281  -0.147468  0.988024  0.045399  -0.013379  -0.047890  0.998763  -0.001312  -0.001068  -0.000780  0.000000  0.000000  0.000000  2.000000  
77.787681 0.004161  0.094010  -0.017304  0.988976  0.146678  0.020281  -0.147468  0.988024  0.045399  -0.013379  -0.047890  0.998763  -0.001269  -0.000969  -0.000757  0.000000  0.000000  0.000000  2.000000  
77.788688 0.004160  0.094010  -0.017304  0.988976  0.146678  0.020281  -0.147468  0.988024  0.045399  -0.013379  -0.047890  0.998763  -0.001258  -0.000917  -0.000709  0.000000  0.000000  0.000000  2.000000  
77.789928 0.004159  0.094010  -0.017305  0.988976  0.146676  0.020299  -0.147468  0.988019  0.045519  -0.013379  -0.048011  0.998757  -0.001165  -0.000779  -0.000657  0.000000  0.000000  0.000000  2.000000  
77.790929 0.004159  0.094010  -0.017305  0.988976  0.146676  0.020299  -0.147468  0.988019  0.045519  -0.013379  -0.048011  0.998757  -0.001102  -0.000689  -0.000619  0.000000  0.000000  0.000000  2.000000  
77.791930 0.004159  0.094011  -0.017305  0.988976  0.146676  0.020299  -0.147468  0.988019  0.045519  -0.013379  -0.048011  0.998757  -0.001019  -0.000586  -0.000570  0.000000  0.000000  0.000000  2.000000  
77.793175 0.004159  0.094011  -0.017305  0.988976  0.146676  0.020299  -0.147468  0.988019  0.045519  -0.013379  -0.048011  0.998757  -0.000932  -0.000474  -0.000475  0.000000  0.000000  0.000000  2.000000  
77.794426 0.004158  0.094011  -0.017305  0.988975  0.146670  0.020431  -0.147468  0.988020  0.045499  -0.013513  -0.048011  0.998755  -0.000811  -0.000369  -0.000400  0.000000  0.000000  0.000000  2.000000  
77.795674 0.004159  0.094011  -0.017306  0.988975  0.146670  0.020431  -0.147468  0.988020  0.045499  -0.013513  -0.048011  0.998755  -0.000670  -0.000268  -0.000399  0.000000  0.000000  0.000000  2.000000  
77.796925 0.004159  0.094012  -0.017306  0.988975  0.146667  0.020449  -0.147468  0.988014  0.045619  -0.013513  -0.048132  0.998750  -0.000550  -0.000164  -0.000324  0.000000  0.000000  0.000000  2.000000  
77.797925 0.004160  0.094012  -0.017306  0.988975  0.146667  0.020449  -0.147468  0.988014  0.045619  -0.013513  -0.048132  0.998750  -0.000376  -0.000060  -0.000301  0.000000  0.000000  0.000000  2.000000  
77.799171 0.004160  0.094012  -0.017306  0.988975  0.146667  0.020449  -0.147468  0.988014  0.045619  -0.013513  -0.048132  0.998750  -0.000270  0.000017  -0.000276  0.000000  0.000000  0.000000  2.000000  
77.800174 0.004161  0.094012  -0.017306  0.988975  0.146667  0.020449  -0.147468  0.988014  0.045619  -0.013513  -0.048132  0.998750  -0.000111  0.000073  -0.000259  0.000000  0.000000  0.000000  2.000000  
77.801421 0.004162  0.094013  -0.017307  0.988975  0.146665  0.020467  -0.147468  0.988009  0.045739  -0.013513  -0.048253  0.998744  0.000009  0.000125  -0.000269  0.000000  0.000000  0.000000  2.000000  
77.802423 0.004163  0.094013  -0.017307  0.988975  0.146665  0.020467  -0.147468  0.988009  0.045739  -0.013513  -0.048253  0.998744  0.000128  0.000156  -0.000233  0.000000  0.000000  0.000000  2.000000  
77.803429 0.004163  0.094013  -0.017307  0.988975  0.146662  0.020485  -0.147468  0.988003  0.045859  -0.013513  -0.048374  0.998738  0.000241  0.000214  -0.000210  0.000000  0.000000  0.000000  2.000000  
77.804679 0.004164  0.094013  -0.017308  0.988975  0.146662  0.020485  -0.147468  0.988003  0.045859  -0.013513  -0.048374  0.998738  0.000302  0.000213  -0.000257  0.000000  0.000000  0.000000  2.000000  
77.805926 0.004165  0.094014  -0.017309  0.988975  0.146662  0.020485  -0.147468  0.988003  0.045859  -0.013513  -0.048374  0.998738  0.000376  0.000238  -0.000244  0.000000  0.000000  0.000000  2.000000  
77.806931 0.004165  0.094014  -0.017309  0.988975  0.146660  0.020503  -0.147468  0.987998  0.045979  -0.013513  -0.048495  0.998732  0.000442  0.000220  -0.000251  0.000000  0.000000  0.000000  2.000000  
77.808177 0.004166  0.094014  -0.017309  0.988975  0.146660  0.020503  -0.147468  0.987998  0.045979  -0.013513  -0.048495  0.998732  0.000492  0.000222  -0.000261  0.000000  0.000000  0.000000  2.000000  
77.809426 0.004166  0.094014  -0.017309  0.988944  0.146863  0.020512  -0.147671  0.987967  0.045975  -0.013513  -0.048495  0.998732  0.000501  0.000199  -0.000253  0.000000  0.000000  0.000000  2.000000  
77.810433 0.004166  0.094014  -0.017309  0.988944  0.146860  0.020530  -0.147671  0.987962  0.046094  -0.013513  -0.048616  0.998726  0.000490  0.000201  -0.000215  0.000000  0.000000  0.000000  2.000000  
77.811676 0.004166  0.094014  -0.017309  0.988944  0.146860  0.020530  -0.147671  0.987962  0.046094  -0.013513  -0.048616  0.998726  0.000460  0.000174  -0.000235  0.000000  0.000000  0.000000  2.000000  
77.812679 0.004166  0.094014  -0.017309  0.988946  0.146867  0.020398  -0.147672  0.987961  0.046114  -0.013379  -0.048617  0.998728  0.000427  0.000127  -0.000208  0.000000  0.000000  0.000000  2.000000  
77.813927 0.004166  0.094014  -0.017308  0.988946  0.146864  0.020415  -0.147672  0.987955  0.046234  -0.013379  -0.048738  0.998722  0.000376  0.000104  -0.000152  0.000000  0.000000  0.000000  2.000000  
77.815172 0.004165  0.094014  -0.017308  0.988946  0.146864  0.020415  -0.147672  0.987955  0.046234  -0.013379  -0.048738  0.998722  0.000280  0.000076  -0.000122  0.000000  0.000000  0.000000  2.000000  
77.816173 0.004165  0.094014  -0.017308  0.988946  0.146864  0.020415  -0.147672  0.987955  0.046234  -0.013379  -0.048738  0.998722  0.000233  0.000054  -0.000068  0.000000  0.000000  0.000000  2.000000  
77.817174 0.004165  0.094013  -0.017307  0.988946  0.146864  0.020415  -0.147672  0.987955  0.046234  -0.013379  -0.048738  0.998722  0.000181  0.000032  -0.000012  0.000000  0.000000  0.000000  2.000000  
77.818174 0.004165  0.094013  -0.017307  0.988946  0.146862  0.020433  -0.147672  0.987950  0.046354  -0.013379  -0.048859  0.998716  0.000097  -0.000017  0.000024  0.000000  0.000000  0.000000  2.000000  
77.819427 0.004164  0.094012  -0.017307  0.988946  0.146862  0.020433  -0.147672  0.987950  0.046354  -0.013379  -0.048859  0.998716  0.000015  -0.000088  0.000107  0.000000  0.000000  0.000000  2.000000  
77.820428 0.004164  0.094012  -0.017306  0.988946  0.146862  0.020433  -0.147672  0.987950  0.046354  -0.013379  -0.048859  0.998716  -0.000067  -0.000138  0.000144  0.000000  0.000000  0.000000  2.000000  
77.821678 0.004163  0.094011  -0.017306  0.988946  0.146862  0.020433  -0.147672  0.987950  0.046354  -0.013379  -0.048859  0.998716  -0.000150  -0.000187  0.000181  0.000000  0.000000  0.000000  2.000000  
77.822928 0.004163  0.094010  -0.017306  0.988946  0.146859  0.020451  -0.147672  0.987944  0.046474  -0.013379  -0.048980  0.998710  -0.000223  -0.000260  0.000226  0.000000  0.000000  0.000000  2.000000  
77.823928 0.004162  0.094010  -0.017306  0.988946  0.146859  0.020451  -0.147672  0.987944  0.046474  -0.013379  -0.048980  0.998710  -0.000244  -0.000309  0.000215  0.000000  0.000000  0.000000  2.000000  
77.824929 0.004162  0.094009  -0.017305  0.988946  0.146859  0.020451  -0.147672  0.987944  0.046474  -0.013379  -0.048980  0.998710  -0.000277  -0.000357  0.000241  0.000000  0.000000  0.000000  2.000000  
77.826176 0.004161  0.094008  -0.017306  0.988916  0.147063  0.020461  -0.147875  0.987914  0.046469  -0.013379  -0.048980  0.998710  -0.000293  -0.000400  0.000226  0.000000  0.000000  0.000000  2.000000  
77.827425 0.004161  0.094007  -0.017305  0.988916  0.147063  0.020461  -0.147875  0.987914  0.046469  -0.013379  -0.048980  0.998710  -0.000330  -0.000454  0.000257  0.000000  0.000000  0.000000  2.000000  
77.828426 0.004161  0.094007  -0.017304  0.988916  0.147063  0.020461  -0.147875  0.987914  0.046469  -0.013379  -0.048980  0.998710  -0.000332  -0.000475  0.000302  0.000000  0.000000  0.000000  2.000000  
77.829431 0.004161  0.094007  -0.017304  0.988916  0.147063  0.020461  -0.147875  0.987914  0.046469  -0.013379  -0.048980  0.998710  -0.000312  -0.000500  0.000272  0.000000  0.000000  0.000000  2.000000  
77.830678 0.004161  0.094006  -0.017304  0.988916  0.147063  0.020461  -0.147875  0.987914  0.046469  -0.013379  -0.048980  0.998710  -0.000303  -0.000523  0.000281  0.000000  0.000000  0.000000  2.000000  
77.831927 0.004161  0.094006  -0.017303  0.988916  0.147063  0.020461  -0.147875  0.987914  0.046469  -0.013379  -0.048980  0.998710  -0.000298  -0.000514  0.000276  0.000000  0.000000  0.000000  2.000000  
77.833174 0.004161  0.094005  -0.017303  0.988916  0.147063  0.020461  -0.147875  0.987914  0.046469  -0.013379  -0.048980  0.998710  -0.000249  -0.000513  0.000266  0.000000  0.000000  0.000000  2.000000  
77.834174 0.004161  0.094005  -0.017303  0.988916  0.147063  0.020461  -0.147875  0.987914  0.046469  -0.013379  -0.048980  0.998710  -0.000212  -0.000497  0.000252  0.000000  0.000000  0.000000  2.000000  
77.835178 0.004161  0.094005  -0.017302  0.988916  0.147063  0.020461  -0.147875  0.987914  0.046469  -0.013379  -0.048980  0.998710  -0.000148  -0.000437  0.000285  0.000000  0.000000  0.000000  2.000000  
77.836427 0.004161  0.094005  -0.017302  0.988916  0.147065  0.020443  -0.147875  0.987919  0.046350  -0.013379  -0.048859  0.998716  -0.000110  -0.000419  0.000272  0.000000  0.000000  0.000000  2.000000  
77.837432 0.004161  0.094005  -0.017302  0.988916  0.147065  0.020443  -0.147875  0.987919  0.046350  -0.013379  -0.048859  0.998716  -0.000087  -0.000364  0.000278  0.000000  0.000000  0.000000  2.000000  
77.838685 0.004161  0.094005  -0.017302  0.988916  0.147065  0.020443  -0.147875  0.987919  0.046350  -0.013379  -0.048859  0.998716  -0.000056  -0.000321  0.000256  0.000000  0.000000  0.000000  2.000000  
77.839925 0.004162  0.094005  -0.017302  0.988885  0.147269  0.020452  -0.148079  0.987889  0.046345  -0.013379  -0.048859  0.998716  0.000007  -0.000243  0.000245  0.000000  0.000000  0.000000  2.000000  
77.840926 0.004162  0.094005  -0.017302  0.988885  0.147269  0.020452  -0.148079  0.987889  0.046345  -0.013379  -0.048859  0.998716  0.000039  -0.000200  0.000222  0.000000  0.000000  0.000000  2.000000  
77.841927 0.004163  0.094006  -0.017302  0.988885  0.147271  0.020435  -0.148079  0.987895  0.046226  -0.013379  -0.048738  0.998722  0.000070  -0.000149  0.000193  0.000000  0.000000  0.000000  2.000000  
77.843175 0.004163  0.094006  -0.017303  0.988885  0.147271  0.020435  -0.148079  0.987895  0.046226  -0.013379  -0.048738  0.998722  0.000093  -0.000080  0.000159  0.000000  0.000000  0.000000  2.000000  
77.844176 0.004163  0.094006  -0.017302  0.988885  0.147271  0.020435  -0.148079  0.987895  0.046226  -0.013379  -0.048738  0.998722  0.000117  -0.000010  0.000127  0.000000  0.000000  0.000000  2.000000  
77.845421 0.004163  0.094007  -0.017302  0.988885  0.147274  0.020417  -0.148079  0.987900  0.046106  -0.013379  -0.048617  0.998728  0.000168  0.000085  0.000110  0.000000  0.000000  0.000000  2.000000  
77.846422 0.004163  0.094007  -0.017303  0.988885  0.147274  0.020417  -0.148079  0.987900  0.046106  -0.013379  -0.048617  0.998728  0.000161  0.000129  0.000057  0.000000  0.000000  0.000000  2.000000  
77.847424 0.004163  0.094008  -0.017303  0.988855  0.147477  0.020426  -0.148283  0.987870  0.046102  -0.013379  -0.048617  0.998728  0.000156  0.000175  0.000004  0.000000  0.000000  0.000000  2.000000  
77.848676 0.004164  0.094008  -0.017303  0.988855  0.147480  0.020408  -0.148283  0.987875  0.045982  -0.013379  -0.048495  0.998734  0.000188  0.000223  -0.000022  0.000000  0.000000  0.000000  2.000000  
77.849677 0.004164  0.094008  -0.017303  0.988855  0.147480  0.020408  -0.148283  0.987875  0.045982  -0.013379  -0.048495  0.998734  0.000159  0.000217  -0.000087  0.000000  0.000000  0.000000  2.000000  
77.850922 0.004164  0.094009  -0.017304  0.988855  0.147482  0.020390  -0.148283  0.987881  0.045862  -0.013379  -0.048374  0.998740  0.000139  0.000259  -0.000101  0.000000  0.000000  0.000000  2.000000  
77.851927 0.004164  0.094010  -0.017304  0.988856  0.147488  0.020258  -0.148283  0.987880  0.045882  -0.013246  -0.048374  0.998741  0.000170  0.000306  -0.000127  0.000000  0.000000  0.000000  2.000000  
77.852930 0.004164  0.094010  -0.017304  0.988856  0.147491  0.020240  -0.148283  0.987886  0.045762  -0.013246  -0.048253  0.998747  0.000164  0.000334  -0.000137  0.000000  0.000000  0.000000  2.000000  
77.853932 0.004164  0.094010  -0.017305  0.988856  0.147491  0.020240  -0.148283  0.987886  0.045762  -0.013246  -0.048253  0.998747  0.000166  0.000355  -0.000183  0.000000  0.000000  0.000000  2.000000  
77.855176 0.004164  0.094010  -0.017305  0.988856  0.147493  0.020222  -0.148283  0.987891  0.045642  -0.013246  -0.048132  0.998753  0.000134  0.000344  -0.000243  0.000000  0.000000  0.000000  2.000000  
77.856180 0.004164  0.094011  -0.017306  0.988856  0.147493  0.020222  -0.148283  0.987891  0.045642  -0.013246  -0.048132  0.998753  0.000097  0.000346  -0.000275  0.000000  0.000000  0.000000  2.000000  
77.857426 0.004164  0.094011  -0.017307  0.988856  0.147493  0.020222  -0.148283  0.987891  0.045642  -0.013246  -0.048132  0.998753  0.000097  0.000361  -0.000315  0.000000  0.000000  0.000000  2.000000  
77.858434 0.004164  0.094011  -0.017308  0.988856  0.147496  0.020205  -0.148283  0.987897  0.045522  -0.013246  -0.048011  0.998759  0.000079  0.000339  -0.000376  0.000000  0.000000  0.000000  2.000000  
77.859676 0.004164  0.094011  -0.017309  0.988856  0.147496  0.020205  -0.148283  0.987897  0.045522  -0.013246  -0.048011  0.998759  0.000069  0.000309  -0.000471  0.000000  0.000000  0.000000  2.000000  
77.860928 0.004164  0.094011  -0.017311  0.988856  0.147496  0.020205  -0.148283  0.987897  0.045522  -0.013246  -0.048011  0.998759  0.000058  0.000257  -0.000519  0.000000  0.000000  0.000000  2.000000  
77.862176 0.004164  0.094011  -0.017312  0.988856  0.147498  0.020187  -0.148283  0.987902  0.045402  -0.013246  -0.047890  0.998765  0.000038  0.000229  -0.000576  0.000000  0.000000  0.000000  2.000000  
77.863422 0.004164  0.094011  -0.017313  0.988856  0.147498  0.020187  -0.148283  0.987902  0.045402  -0.013246  -0.047890  0.998765  -0.000012  0.000171  -0.000640  0.000000  0.000000  0.000000  2.000000  
77.864426 0.004164  0.094011  -0.017313  0.988856  0.147498  0.020187  -0.148283  0.987902  0.045402  -0.013246  -0.047890  0.998765  0.000007  0.000149  -0.000681  0.000000  0.000000  0.000000  2.000000  
77.865426 0.004163  0.094010  -0.017314  0.988856  0.147498  0.020187  -0.148283  0.987902  0.045402  -0.013246  -0.047890  0.998765  -0.000004  0.000096  -0.000717  0.000000  0.000000  0.000000  2.000000  
77.866431 0.004164  0.094010  -0.017315  0.988887  0.147295  0.020177  -0.148079  0.987933  0.045407  -0.013246  -0.047890  0.998765  -0.000025  0.000048  -0.000740  0.000000  0.000000  0.000000  2.000000  
77.867677 0.004164  0.094010  -0.017315  0.988887  0.147297  0.020159  -0.148079  0.987938  0.045287  -0.013246  -0.047769  0.998771  -0.000006  0.000023  -0.000770  0.000000  0.000000  0.000000  2.000000  
77.868677 0.004164  0.094010  -0.017316  0.988887  0.147297  0.020159  -0.148079  0.987938  0.045287  -0.013246  -0.047769  0.998771  0.000003  0.000000  -0.000749  0.000000  0.000000  0.000000  2.000000  
77.869930 0.004164  0.094010  -0.017316  0.988887  0.147297  0.020159  -0.148079  0.987938  0.045287  -0.013246  -0.047769  0.998771  0.000002  -0.000021  -0.000716  0.000000  0.000000  0.000000  2.000000  
77.871177 0.004164  0.094010  -0.017317  0.988887  0.147297  0.020159  -0.148079  0.987938  0.045287  -0.013246  -0.047769  0.998771  0.000021  -0.000045  -0.000733  0.000000  0.000000  0.000000  2.000000  
77.872426 0.004165  0.094010  -0.017318  0.988917  0.147094  0.020150  -0.147876  0.987968  0.045291  -0.013246  -0.047769  0.998771  0.000039  -0.000090  -0.000717  0.000000  0.000000  0.000000  2.000000  
