1-Time 2-Px 3-Py 4-Pz 5-R11 6-R21 7-R31 8-R12 9-R22 10-R32 11-R13 12-R23 13-R33 14-Vx 15-Vy 16-Vz 17-Wx 18-Wy 19-Wz 20-state 21-PR11 22-PR21 23-PR31 24-PR12 25-PR22 26-PR32 27-PR13 28-PR23 29-PR33 
139.530485 0.005567  0.092647  -0.011086  0.995158  0.094440  0.027240  -0.095559  0.994487  0.043186  -0.023011  -0.045580  0.998696  0.000097  -0.000042  0.000078  0.000000  0.000000  0.000000  2.000000  
139.531727 0.005567  0.092646  -0.011087  0.995158  0.094440  0.027240  -0.095559  0.994487  0.043186  -0.023011  -0.045580  0.998696  0.000032  -0.000117  0.000083  0.000000  0.000000  0.000000  2.000000  
139.532730 0.005567  0.092646  -0.011087  0.995118  0.094850  0.027258  -0.095968  0.994448  0.043175  -0.023011  -0.045580  0.998696  0.000053  -0.000144  0.000057  0.000000  0.000000  0.000000  2.000000  
139.533730 0.005567  0.092644  -0.011088  0.995076  0.095250  0.027420  -0.096378  0.994404  0.043271  -0.023145  -0.045701  0.998687  0.000081  -0.000274  0.000002  0.000000  0.000000  0.000000  2.000000  
139.534731 0.005568  0.092642  -0.011087  0.995033  0.095650  0.027583  -0.096787  0.994360  0.043368  -0.023279  -0.045822  0.998678  0.000128  -0.000373  0.000004  0.000000  0.000000  0.000000  2.000000  
139.535978 0.005570  0.092639  -0.011087  0.995010  0.095845  0.027736  -0.096992  0.994335  0.043470  -0.023413  -0.045943  0.998670  0.000223  -0.000572  0.000008  0.000000  0.000000  0.000000  2.000000  
139.537231 0.005571  0.092636  -0.011088  0.994970  0.096251  0.027766  -0.097401  0.994291  0.043579  -0.023413  -0.046064  0.998664  0.000308  -0.000747  0.000002  0.000000  0.000000  0.000000  2.000000  
139.538233 0.005573  0.092635  -0.011087  0.994913  0.096868  0.027671  -0.098016  0.994225  0.043695  -0.023279  -0.046185  0.998662  0.000438  -0.000819  0.000017  0.000000  0.000000  0.000000  2.000000  
139.539482 0.005574  0.092633  -0.011086  0.994852  0.097478  0.027710  -0.098631  0.994160  0.043799  -0.023279  -0.046306  0.998656  0.000543  -0.000963  0.000067  0.000000  0.000000  0.000000  2.000000  
139.540483 0.005577  0.092631  -0.011086  0.994791  0.098089  0.027749  -0.099245  0.994094  0.043902  -0.023279  -0.046427  0.998650  0.000681  -0.001059  0.000092  0.000000  0.000000  0.000000  2.000000  
139.541730 0.005579  0.092629  -0.011086  0.994726  0.098693  0.027921  -0.099859  0.994029  0.043992  -0.023413  -0.046548  0.998642  0.000828  -0.001259  0.000089  0.000000  0.000000  0.000000  2.000000  
139.542730 0.005581  0.092627  -0.011085  0.994640  0.099506  0.028090  -0.100678  0.993948  0.043956  -0.023546  -0.046548  0.998638  0.000967  -0.001355  0.000113  0.000000  0.000000  0.000000  2.000000  
139.543731 0.005584  0.092626  -0.011084  0.994575  0.100110  0.028262  -0.101292  0.993881  0.044045  -0.023680  -0.046669  0.998630  0.001188  -0.001424  0.000151  0.032649  -0.030437  0.171697  2.000000  
139.544982 0.005588  0.092624  -0.011081  0.994488  0.100919  0.028444  -0.102111  0.993794  0.044129  -0.023814  -0.046790  0.998621  0.001430  -0.001530  0.000346  0.036066  -0.036216  0.199122  2.000000  
139.546228 0.005591  0.092621  -0.011079  0.994404  0.101737  0.028480  -0.102929  0.993710  0.044106  -0.023814  -0.046790  0.998621  0.001615  -0.001713  0.000476  0.035419  -0.037496  0.226769  2.000000  
139.547235 0.005594  0.092618  -0.011078  0.994340  0.102347  0.028520  -0.103544  0.993642  0.044209  -0.023814  -0.046911  0.998615  0.001807  -0.001831  0.000574  0.039017  -0.038476  0.247539  2.000000  
139.548478 0.005597  0.092614  -0.011077  0.994254  0.103162  0.028569  -0.104362  0.993552  0.044306  -0.023814  -0.047033  0.998609  0.001989  -0.001993  0.000730  0.042273  -0.040084  0.282019  2.000000  
139.549731 0.005600  0.092608  -0.011075  0.994165  0.103971  0.028751  -0.105181  0.993462  0.044388  -0.023948  -0.047154  0.998601  0.002102  -0.002220  0.000814  0.045679  -0.045874  0.309434  2.000000  
139.550976 0.005602  0.092601  -0.011075  0.994078  0.104782  0.028813  -0.105999  0.993365  0.044606  -0.023948  -0.047396  0.998589  0.002178  -0.002511  0.000861  0.053204  -0.047218  0.337206  2.000000  
139.551985 0.005605  0.092595  -0.011075  0.994009  0.105385  0.028986  -0.106613  0.993296  0.044694  -0.024081  -0.047517  0.998580  0.002330  -0.002779  0.000853  0.056575  -0.052990  0.364433  2.000000  
139.553228 0.005609  0.092588  -0.011075  0.993918  0.106193  0.029168  -0.107431  0.993204  0.044776  -0.024215  -0.047638  0.998571  0.002409  -0.003156  0.000797  0.059991  -0.058810  0.391971  2.000000  
139.554247 0.005612  0.092580  -0.011076  0.993873  0.106599  0.029200  -0.107840  0.993154  0.044885  -0.024215  -0.047759  0.998565  0.002529  -0.003537  0.000729  0.063689  -0.059431  0.405456  2.000000  
139.555483 0.005615  0.092571  -0.011077  0.993803  0.107199  0.029386  -0.108454  0.993078  0.045093  -0.024349  -0.048001  0.998550  0.002544  -0.004034  0.000600  0.071353  -0.064972  0.426164  2.000000  
139.556484 0.005617  0.092562  -0.011079  0.993759  0.107604  0.029418  -0.108863  0.993029  0.045202  -0.024349  -0.048122  0.998545  0.002577  -0.004515  0.000469  0.075101  -0.065646  0.439979  2.000000  
139.557493 0.005620  0.092554  -0.011080  0.993710  0.108003  0.029582  -0.109272  0.992979  0.045295  -0.024483  -0.048243  0.998536  0.002626  -0.004949  0.000332  0.078628  -0.071114  0.460336  2.000000  
139.558731 0.005624  0.092543  -0.011082  0.993665  0.108408  0.029614  -0.109681  0.992929  0.045404  -0.024483  -0.048364  0.998530  0.002619  -0.005531  0.000117  0.082411  -0.071823  0.474356  2.000000  
139.559982 0.005627  0.092532  -0.011084  0.993617  0.108803  0.029792  -0.110090  0.992874  0.045618  -0.024616  -0.048606  0.998515  0.002609  -0.006148  -0.000176  0.090197  -0.077020  0.487930  2.000000  
139.561230 0.005630  0.092520  -0.011085  0.993571  0.109208  0.029824  -0.110499  0.992824  0.045726  -0.024616  -0.048727  0.998509  0.002592  -0.006801  -0.000433  0.097239  -0.077054  0.497754  2.000000  
139.562230 0.005633  0.092511  -0.011087  0.993545  0.109406  0.029966  -0.110703  0.992802  0.045705  -0.024750  -0.048727  0.998505  0.002608  -0.007146  -0.000552  0.094093  -0.081883  0.494717  2.000000  
139.563278 0.005636  0.092502  -0.011087  0.993519  0.109601  0.030122  -0.110907  0.992775  0.045804  -0.024884  -0.048848  0.998496  0.002647  -0.007579  -0.000699  0.094042  -0.081484  0.487012  2.000000  
139.564478 0.005639  0.092489  -0.011088  0.993496  0.109805  0.030131  -0.111112  0.992752  0.045798  -0.024884  -0.048848  0.998496  0.002636  -0.008074  -0.000888  0.090270  -0.076843  0.481201  2.000000  
139.565726 0.005641  0.092476  -0.011089  0.993447  0.110204  0.030296  -0.111520  0.992702  0.045891  -0.025018  -0.048969  0.998487  0.002635  -0.008413  -0.000919  0.089286  -0.076585  0.484027  2.000000  
139.566730 0.005643  0.092465  -0.011089  0.993444  0.110197  0.030429  -0.111520  0.992703  0.045876  -0.025151  -0.048969  0.998484  0.002570  -0.008815  -0.000987  0.086243  -0.081074  0.473944  2.000000  
139.567977 0.005646  0.092452  -0.011091  0.993444  0.110193  0.030442  -0.111520  0.992697  0.045997  -0.025151  -0.049090  0.998478  0.002500  -0.009171  -0.001065  0.085922  -0.084290  0.456253  2.000000  
139.568980 0.005648  0.092441  -0.011092  0.993421  0.110398  0.030452  -0.111725  0.992674  0.045990  -0.025151  -0.049090  0.998478  0.002426  -0.009491  -0.001109  0.086237  -0.083619  0.442453  2.000000  
139.570228 0.005649  0.092427  -0.011093  0.993418  0.110387  0.030598  -0.111724  0.992670  0.046096  -0.025285  -0.049211  0.998468  0.002346  -0.009746  -0.001111  0.086716  -0.087153  0.421713  2.000000  
139.571234 0.005651  0.092416  -0.011094  0.993394  0.110588  0.030621  -0.111929  0.992641  0.046210  -0.025285  -0.049332  0.998462  0.002318  -0.009930  -0.001041  0.083828  -0.082459  0.404645  2.000000  
139.572483 0.005653  0.092402  -0.011096  0.993391  0.110582  0.030754  -0.111928  0.992642  0.046195  -0.025419  -0.049332  0.998459  0.002223  -0.010168  -0.001020  0.083590  -0.080795  0.380767  2.000000  
139.573729 0.005655  0.092387  -0.011099  0.993391  0.110578  0.030767  -0.111928  0.992636  0.046315  -0.025419  -0.049453  0.998453  0.002112  -0.010416  -0.001071  0.084238  -0.075067  0.353558  2.000000  
139.574730 0.005657  0.092375  -0.011101  0.993388  0.110568  0.030913  -0.111928  0.992631  0.046421  -0.025553  -0.049574  0.998444  0.002003  -0.010676  -0.001142  0.085581  -0.074407  0.328876  2.000000  
139.575981 0.005657  0.092359  -0.011105  0.993384  0.110557  0.031059  -0.111928  0.992627  0.046526  -0.025687  -0.049695  0.998434  0.001836  -0.010944  -0.001326  0.090306  -0.077570  0.300961  2.000000  
139.576983 0.005658  0.092347  -0.011108  0.993384  0.110553  0.031073  -0.111928  0.992621  0.046647  -0.025687  -0.049816  0.998428  0.001731  -0.011159  -0.001470  0.090834  -0.076615  0.280268  2.000000  
139.578229 0.005659  0.092331  -0.011112  0.993381  0.110547  0.031206  -0.111927  0.992622  0.046632  -0.025820  -0.049816  0.998425  0.001568  -0.011427  -0.001641  0.087418  -0.079777  0.252384  2.000000  
139.579230 0.005661  0.092320  -0.011114  0.993381  0.110543  0.031219  -0.111927  0.992616  0.046752  -0.025820  -0.049937  0.998419  0.001483  -0.011517  -0.001750  0.087925  -0.078793  0.231625  2.000000  
139.580481 0.005661  0.092305  -0.011118  0.993381  0.110539  0.031232  -0.111927  0.992610  0.046873  -0.025820  -0.050058  0.998412  0.001355  -0.011637  -0.001968  0.087707  -0.072723  0.209391  2.000000  
139.581728 0.005662  0.092291  -0.011120  0.993377  0.110529  0.031378  -0.111927  0.992605  0.046978  -0.025954  -0.050179  0.998403  0.001261  -0.011635  -0.002058  0.088364  -0.071409  0.181969  2.000000  
139.582730 0.005663  0.092279  -0.011123  0.993377  0.110529  0.031378  -0.111927  0.992605  0.046978  -0.025954  -0.050179  0.998403  0.001146  -0.011711  -0.002162  0.000000  0.000000  0.000000  2.000000  
139.583979 0.005663  0.092264  -0.011125  0.993374  0.110518  0.031525  -0.111926  0.992600  0.047083  -0.026088  -0.050300  0.998393  0.001060  -0.011750  -0.002194  0.000000  0.000000  0.000000  2.000000  
139.584979 0.005664  0.092254  -0.011127  0.993374  0.110518  0.031525  -0.111926  0.992600  0.047083  -0.026088  -0.050300  0.998393  0.000995  -0.011752  -0.002271  0.000000  0.000000  0.000000  2.000000  
139.586225 0.005665  0.092240  -0.011128  0.993374  0.110514  0.031538  -0.111926  0.992595  0.047204  -0.026088  -0.050421  0.998387  0.000904  -0.011693  -0.002275  0.000000  0.000000  0.000000  2.000000  
139.587226 0.005666  0.092230  -0.011129  0.993374  0.110514  0.031538  -0.111926  0.992595  0.047204  -0.026088  -0.050421  0.998387  0.000854  -0.011616  -0.002231  0.000000  0.000000  0.000000  2.000000  
139.588233 0.005667  0.092221  -0.011130  0.993374  0.110511  0.031551  -0.111926  0.992589  0.047324  -0.026088  -0.050542  0.998381  0.000812  -0.011470  -0.002121  0.000000  0.000000  0.000000  2.000000  
139.589483 0.005668  0.092208  -0.011130  0.993351  0.110715  0.031561  -0.112131  0.992566  0.047318  -0.026088  -0.050542  0.998381  0.000792  -0.011326  -0.001996  0.000000  0.000000  0.000000  2.000000  
139.590485 0.005670  0.092198  -0.011132  0.993351  0.110711  0.031575  -0.112131  0.992560  0.047438  -0.026088  -0.050663  0.998375  0.000854  -0.011094  -0.001858  0.000000  0.000000  0.000000  2.000000  
139.591727 0.005672  0.092186  -0.011133  0.993347  0.110704  0.031707  -0.112130  0.992561  0.047423  -0.026222  -0.050663  0.998372  0.000915  -0.010933  -0.001725  0.000000  0.000000  0.000000  2.000000  
139.592730 0.005673  0.092176  -0.011136  0.993324  0.110905  0.031731  -0.112335  0.992533  0.047537  -0.026222  -0.050784  0.998365  0.000960  -0.010757  -0.001667  0.000000  0.000000  0.000000  2.000000  
139.593983 0.005676  0.092164  -0.011137  0.993324  0.110901  0.031744  -0.112335  0.992527  0.047657  -0.026222  -0.050905  0.998359  0.001063  -0.010545  -0.001524  0.000000  0.000000  0.000000  2.000000  
139.595229 0.005679  0.092152  -0.011139  0.993301  0.111101  0.031767  -0.112539  0.992498  0.047771  -0.026222  -0.051026  0.998353  0.001212  -0.010362  -0.001403  0.000000  0.000000  0.000000  2.000000  
139.596481 0.005683  0.092141  -0.011140  0.993298  0.111091  0.031914  -0.112539  0.992493  0.047877  -0.026355  -0.051147  0.998343  0.001414  -0.010181  -0.001364  0.000000  0.000000  0.000000  2.000000  
139.597492 0.005686  0.092131  -0.011142  0.993275  0.111291  0.031937  -0.112744  0.992465  0.047990  -0.026355  -0.051268  0.998337  0.001603  -0.009993  -0.001288  0.000000  0.000000  0.000000  2.000000  
139.598729 0.005690  0.092120  -0.011144  0.993275  0.111287  0.031950  -0.112744  0.992459  0.048111  -0.026355  -0.051389  0.998331  0.001818  -0.009826  -0.001287  0.000000  0.000000  0.000000  2.000000  
139.599981 0.005695  0.092109  -0.011146  0.993251  0.111488  0.031974  -0.112948  0.992430  0.048225  -0.026355  -0.051511  0.998325  0.002115  -0.009623  -0.001271  0.000000  0.000000  0.000000  2.000000  
139.601230 0.005700  0.092098  -0.011146  0.993251  0.111480  0.032001  -0.112948  0.992418  0.048465  -0.026355  -0.051753  0.998312  0.002381  -0.009479  -0.001230  0.000000  0.000000  0.000000  2.000000  
139.602489 0.005706  0.092088  -0.011147  0.993228  0.111681  0.032024  -0.113153  0.992389  0.048579  -0.026355  -0.051874  0.998306  0.002653  -0.009367  -0.001193  0.000000  0.000000  0.000000  2.000000  
139.603733 0.005713  0.092078  -0.011147  0.993205  0.111881  0.032048  -0.113357  0.992360  0.048693  -0.026355  -0.051995  0.998300  0.003018  -0.009190  -0.001149  0.000000  0.000000  0.000000  2.000000  
139.604735 0.005718  0.092070  -0.011146  0.993205  0.111877  0.032061  -0.113357  0.992355  0.048813  -0.026355  -0.052116  0.998293  0.003227  -0.009031  -0.001026  0.000000  0.000000  0.000000  2.000000  
139.605982 0.005724  0.092060  -0.011146  0.993181  0.112081  0.032072  -0.113561  0.992331  0.048807  -0.026355  -0.052116  0.998293  0.003618  -0.008841  -0.000877  0.000000  0.000000  0.000000  2.000000  
139.606983 0.005730  0.092053  -0.011145  0.993178  0.112071  0.032218  -0.113561  0.992326  0.048912  -0.026489  -0.052237  0.998283  0.003833  -0.008675  -0.000690  0.000000  0.000000  0.000000  2.000000  
139.608230 0.005736  0.092044  -0.011143  0.993154  0.112271  0.032242  -0.113766  0.992297  0.049026  -0.026489  -0.052358  0.998277  0.004117  -0.008466  -0.000470  0.000000  0.000000  0.000000  2.000000  
139.609482 0.005743  0.092035  -0.011142  0.993131  0.112471  0.032265  -0.113970  0.992268  0.049139  -0.026489  -0.052479  0.998271  0.004413  -0.008283  -0.000273  0.000000  0.000000  0.000000  2.000000  
139.610492 0.005748  0.092028  -0.011140  0.993131  0.112467  0.032279  -0.113970  0.992262  0.049260  -0.026489  -0.052600  0.998264  0.004579  -0.008096  -0.000105  0.000000  0.000000  0.000000  2.000000  
139.611731 0.005755  0.092019  -0.011139  0.993108  0.112668  0.032303  -0.114174  0.992233  0.049373  -0.026489  -0.052721  0.998258  0.004732  -0.007932  0.000125  0.000000  0.000000  0.000000  2.000000  
139.612977 0.005761  0.092010  -0.011139  0.993108  0.112664  0.032316  -0.114174  0.992227  0.049494  -0.026489  -0.052842  0.998251  0.004864  -0.007795  0.000234  0.000000  0.000000  0.000000  2.000000  
139.613979 0.005766  0.092002  -0.011138  0.993108  0.112660  0.032330  -0.114174  0.992221  0.049614  -0.026489  -0.052963  0.998245  0.004967  -0.007659  0.000407  0.000000  0.000000  0.000000  2.000000  
139.614981 0.005771  0.091995  -0.011138  0.993084  0.112860  0.032354  -0.114379  0.992192  0.049728  -0.026489  -0.053084  0.998239  0.005021  -0.007576  0.000507  0.000000  0.000000  0.000000  2.000000  
139.616227 0.005776  0.091985  -0.011138  0.993084  0.112856  0.032368  -0.114379  0.992186  0.049848  -0.026489  -0.053206  0.998232  0.005041  -0.007550  0.000563  0.000000  0.000000  0.000000  2.000000  
139.617230 0.005780  0.091977  -0.011138  0.993060  0.113057  0.032392  -0.114583  0.992156  0.049962  -0.026489  -0.053327  0.998226  0.005000  -0.007530  0.000595  0.000000  0.000000  0.000000  2.000000  
139.618490 0.005785  0.091966  -0.011138  0.993060  0.113049  0.032419  -0.114583  0.992144  0.050202  -0.026489  -0.053569  0.998213  0.004899  -0.007547  0.000618  0.000000  0.000000  0.000000  2.000000  
139.619731 0.005789  0.091955  -0.011138  0.993037  0.113249  0.032443  -0.114788  0.992115  0.050316  -0.026489  -0.053690  0.998206  0.004754  -0.007659  0.000541  0.000000  0.000000  0.000000  2.000000  
139.621003 0.005793  0.091944  -0.011138  0.993037  0.113245  0.032457  -0.114788  0.992109  0.050437  -0.026489  -0.053811  0.998200  0.004585  -0.007734  0.000454  0.000000  0.000000  0.000000  2.000000  
139.622230 0.005797  0.091933  -0.011138  0.993037  0.113241  0.032471  -0.114788  0.992103  0.050557  -0.026489  -0.053932  0.998193  0.004416  -0.007884  0.000428  0.000000  0.000000  0.000000  2.000000  
139.623231 0.005800  0.091924  -0.011138  0.993037  0.113237  0.032484  -0.114788  0.992097  0.050677  -0.026489  -0.054053  0.998187  0.004237  -0.007989  0.000354  0.000000  0.000000  0.000000  2.000000  
139.624233 0.005802  0.091915  -0.011138  0.993013  0.113438  0.032509  -0.114992  0.992067  0.050791  -0.026489  -0.054174  0.998180  0.003985  -0.008146  0.000277  0.000000  0.000000  0.000000  2.000000  
139.625482 0.005805  0.091903  -0.011137  0.993013  0.113438  0.032509  -0.114992  0.992067  0.050791  -0.026489  -0.054174  0.998180  0.003789  -0.008322  0.000211  0.000000  0.000000  0.000000  2.000000  
139.626492 0.005807  0.091894  -0.011137  0.993013  0.113434  0.032522  -0.114992  0.992061  0.050911  -0.026489  -0.054295  0.998174  0.003560  -0.008455  0.000182  0.000000  0.000000  0.000000  2.000000  
139.627494 0.005809  0.091885  -0.011136  0.993013  0.113434  0.032522  -0.114992  0.992061  0.050911  -0.026489  -0.054295  0.998174  0.003335  -0.008606  0.000170  0.000000  0.000000  0.000000  2.000000  
139.628730 0.005812  0.091873  -0.011135  0.993013  0.113430  0.032536  -0.114992  0.992055  0.051031  -0.026489  -0.054416  0.998167  0.003149  -0.008721  0.000188  0.000000  0.000000  0.000000  2.000000  
139.629982 0.005815  0.091862  -0.011134  0.993013  0.113426  0.032550  -0.114992  0.992049  0.051152  -0.026489  -0.054537  0.998160  0.002917  -0.008859  0.000297  0.000000  0.000000  0.000000  2.000000  
139.631226 0.005817  0.091850  -0.011133  0.993013  0.113426  0.032550  -0.114992  0.992049  0.051152  -0.026489  -0.054537  0.998160  0.002743  -0.008986  0.000322  0.000000  0.000000  0.000000  2.000000  
139.632228 0.005819  0.091840  -0.011133  0.993013  0.113422  0.032564  -0.114992  0.992042  0.051272  -0.026489  -0.054658  0.998154  0.002585  -0.009086  0.000351  0.000000  0.000000  0.000000  2.000000  
139.633481 0.005822  0.091828  -0.011133  0.993013  0.113422  0.032564  -0.114992  0.992042  0.051272  -0.026489  -0.054658  0.998154  0.002448  -0.009216  0.000353  0.000000  0.000000  0.000000  2.000000  
139.634488 0.005823  0.091818  -0.011133  0.993013  0.113418  0.032577  -0.114992  0.992036  0.051392  -0.026489  -0.054780  0.998147  0.002344  -0.009285  0.000380  0.000000  0.000000  0.000000  2.000000  
139.635728 0.005825  0.091804  -0.011133  0.993013  0.113414  0.032591  -0.114992  0.992030  0.051513  -0.026489  -0.054901  0.998140  0.002210  -0.009461  0.000387  0.000000  0.000000  0.000000  2.000000  
139.636978 0.005828  0.091791  -0.011133  0.993037  0.113206  0.032594  -0.114788  0.992047  0.051640  -0.026489  -0.055022  0.998134  0.002135  -0.009591  0.000347  0.000000  0.000000  0.000000  2.000000  
139.637983 0.005830  0.091780  -0.011134  0.993037  0.113206  0.032594  -0.114788  0.992047  0.051640  -0.026489  -0.055022  0.998134  0.002060  -0.009719  0.000307  0.000000  0.000000  0.000000  2.000000  
139.639229 0.005832  0.091767  -0.011133  0.993037  0.113202  0.032608  -0.114788  0.992041  0.051760  -0.026489  -0.055143  0.998127  0.002025  -0.009849  0.000296  0.000000  0.000000  0.000000  2.000000  
139.640231 0.005835  0.091756  -0.011133  0.993037  0.113198  0.032622  -0.114788  0.992034  0.051881  -0.026489  -0.055264  0.998120  0.002010  -0.009994  0.000262  0.000000  0.000000  0.000000  2.000000  
139.641482 0.005838  0.091742  -0.011134  0.993037  0.113194  0.032635  -0.114788  0.992028  0.052001  -0.026489  -0.055385  0.998114  0.002038  -0.010138  0.000206  0.000000  0.000000  0.000000  2.000000  
139.642492 0.005840  0.091731  -0.011134  0.993037  0.113194  0.032635  -0.114788  0.992028  0.052001  -0.026489  -0.055385  0.998114  0.002056  -0.010240  0.000144  0.000000  0.000000  0.000000  2.000000  
139.643731 0.005843  0.091718  -0.011134  0.993037  0.113190  0.032649  -0.114788  0.992022  0.052121  -0.026489  -0.055506  0.998107  0.002063  -0.010420  0.000081  0.000000  0.000000  0.000000  2.000000  
139.644984 0.005847  0.091704  -0.011133  0.993037  0.113186  0.032663  -0.114788  0.992015  0.052242  -0.026489  -0.055627  0.998100  0.002162  -0.010521  0.000077  0.000000  0.000000  0.000000  2.000000  
139.646228 0.005851  0.091691  -0.011132  0.993037  0.113182  0.032677  -0.114788  0.992009  0.052362  -0.026489  -0.055748  0.998093  0.002254  -0.010607  0.000064  0.000000  0.000000  0.000000  2.000000  
139.647491 0.005854  0.091678  -0.011131  0.993037  0.113182  0.032677  -0.114788  0.992009  0.052362  -0.026489  -0.055748  0.998093  0.002361  -0.010646  0.000107  0.000000  0.000000  0.000000  2.000000  
139.648728 0.005858  0.091666  -0.011130  0.993037  0.113178  0.032690  -0.114788  0.992003  0.052482  -0.026489  -0.055869  0.998087  0.002443  -0.010654  0.000167  0.000000  0.000000  0.000000  2.000000  
139.649728 0.005862  0.091656  -0.011129  0.993013  0.113382  0.032701  -0.114992  0.991979  0.052475  -0.026489  -0.055869  0.998087  0.002524  -0.010656  0.000228  0.000000  0.000000  0.000000  2.000000  
139.650981 0.005865  0.091643  -0.011129  0.993013  0.113378  0.032715  -0.114992  0.991973  0.052596  -0.026489  -0.055990  0.998080  0.002654  -0.010647  0.000281  0.000000  0.000000  0.000000  2.000000  
139.652230 0.005870  0.091630  -0.011128  0.993013  0.113378  0.032715  -0.114992  0.991973  0.052596  -0.026489  -0.055990  0.998080  0.002744  -0.010594  0.000348  0.000000  0.000000  0.000000  2.000000  
139.653483 0.005874  0.091618  -0.011126  0.993013  0.113374  0.032729  -0.114992  0.991967  0.052716  -0.026489  -0.056111  0.998073  0.002895  -0.010488  0.000493  0.000000  0.000000  0.000000  2.000000  
139.654483 0.005877  0.091607  -0.011125  0.993013  0.113370  0.032742  -0.114992  0.991960  0.052836  -0.026489  -0.056232  0.998066  0.002964  -0.010460  0.000543  0.000000  0.000000  0.000000  2.000000  
139.655730 0.005882  0.091595  -0.011124  0.992989  0.113571  0.032767  -0.115197  0.991930  0.052950  -0.026489  -0.056353  0.998059  0.003075  -0.010353  0.000658  0.000000  0.000000  0.000000  2.000000  
139.656730 0.005886  0.091585  -0.011123  0.992989  0.113571  0.032767  -0.115197  0.991930  0.052950  -0.026489  -0.056353  0.998059  0.003187  -0.010271  0.000729  0.000000  0.000000  0.000000  2.000000  
139.657732 0.005890  0.091575  -0.011123  0.992989  0.113567  0.032781  -0.115197  0.991924  0.053070  -0.026489  -0.056474  0.998053  0.003282  -0.010248  0.000707  0.000000  0.000000  0.000000  2.000000  
139.658732 0.005894  0.091565  -0.011123  0.992989  0.113563  0.032795  -0.115197  0.991918  0.053191  -0.026489  -0.056596  0.998046  0.003420  -0.010149  0.000752  0.000000  0.000000  0.000000  2.000000  
139.659980 0.005900  0.091552  -0.011122  0.992966  0.113763  0.032819  -0.115401  0.991888  0.053304  -0.026489  -0.056717  0.998039  0.003509  -0.010186  0.000738  0.000000  0.000000  0.000000  2.000000  
139.661230 0.005905  0.091539  -0.011121  0.992966  0.113759  0.032833  -0.115401  0.991881  0.053424  -0.026489  -0.056838  0.998032  0.003641  -0.010106  0.000774  0.000000  0.000000  0.000000  2.000000  
139.662230 0.005910  0.091530  -0.011120  0.992942  0.113959  0.032858  -0.115605  0.991851  0.053538  -0.026489  -0.056959  0.998025  0.003739  -0.010091  0.000753  0.000000  0.000000  0.000000  2.000000  
139.663484 0.005916  0.091517  -0.011119  0.992942  0.113955  0.032872  -0.115605  0.991845  0.053658  -0.026489  -0.057080  0.998018  0.003891  -0.010085  0.000733  0.000000  0.000000  0.000000  2.000000  
139.664726 0.005922  0.091505  -0.011118  0.992918  0.114155  0.032897  -0.115810  0.991815  0.053772  -0.026489  -0.057201  0.998011  0.004017  -0.010025  0.000741  0.000000  0.000000  0.000000  2.000000  
139.665728 0.005927  0.091496  -0.011117  0.992918  0.114155  0.032897  -0.115810  0.991815  0.053772  -0.026489  -0.057201  0.998011  0.004146  -0.009939  0.000813  0.000000  0.000000  0.000000  2.000000  
139.666980 0.005933  0.091484  -0.011115  0.992918  0.114151  0.032910  -0.115810  0.991808  0.053892  -0.026489  -0.057322  0.998004  0.004304  -0.009864  0.000831  0.000000  0.000000  0.000000  2.000000  
139.668226 0.005940  0.091474  -0.011113  0.992894  0.114351  0.032935  -0.116014  0.991778  0.054006  -0.026489  -0.057443  0.997997  0.004441  -0.009775  0.000893  0.000000  0.000000  0.000000  2.000000  
139.669232 0.005945  0.091464  -0.011112  0.992894  0.114351  0.032935  -0.116014  0.991778  0.054006  -0.026489  -0.057443  0.997997  0.004571  -0.009738  0.000892  0.000000  0.000000  0.000000  2.000000  
139.670483 0.005951  0.091453  -0.011110  0.992870  0.114552  0.032960  -0.116219  0.991748  0.054119  -0.026489  -0.057564  0.997990  0.004693  -0.009609  0.000956  0.000000  0.000000  0.000000  2.000000  
139.671491 0.005956  0.091444  -0.011108  0.992870  0.114552  0.032960  -0.116219  0.991748  0.054119  -0.026489  -0.057564  0.997990  0.004776  -0.009502  0.001007  0.000000  0.000000  0.000000  2.000000  
139.672729 0.005963  0.091434  -0.011107  0.992843  0.114744  0.033118  -0.116423  0.991719  0.054217  -0.026623  -0.057685  0.997980  0.004888  -0.009398  0.001093  0.000000  0.000000  0.000000  2.000000  
139.673730 0.005968  0.091425  -0.011105  0.992843  0.114744  0.033118  -0.116423  0.991719  0.054217  -0.026623  -0.057685  0.997980  0.004929  -0.009319  0.001160  0.000000  0.000000  0.000000  2.000000  
139.674732 0.005973  0.091416  -0.011104  0.992819  0.114944  0.033143  -0.116627  0.991689  0.054331  -0.026623  -0.057806  0.997973  0.004971  -0.009195  0.001206  0.000000  0.000000  0.000000  2.000000  
139.675980 0.005979  0.091405  -0.011102  0.992819  0.114944  0.033143  -0.116627  0.991689  0.054331  -0.026623  -0.057806  0.997973  0.005013  -0.009117  0.001274  0.000000  0.000000  0.000000  2.000000  
139.677230 0.005985  0.091394  -0.011100  0.992795  0.115144  0.033168  -0.116832  0.991658  0.054444  -0.026623  -0.057927  0.997966  0.005004  -0.009063  0.001321  0.000000  0.000000  0.000000  2.000000  
139.678485 0.005991  0.091383  -0.011099  0.992795  0.115140  0.033182  -0.116832  0.991652  0.054564  -0.026623  -0.058048  0.997959  0.005014  -0.008959  0.001350  0.000000  0.000000  0.000000  2.000000  
139.679732 0.005996  0.091371  -0.011098  0.992771  0.115345  0.033194  -0.117036  0.991628  0.054558  -0.026623  -0.058048  0.997959  0.004933  -0.008992  0.001337  0.000000  0.000000  0.000000  2.000000  
139.680980 0.006002  0.091360  -0.011096  0.992771  0.115340  0.033208  -0.117036  0.991621  0.054678  -0.026623  -0.058169  0.997952  0.004903  -0.008941  0.001355  0.000000  0.000000  0.000000  2.000000  
139.682227 0.006007  0.091348  -0.011095  0.992747  0.115545  0.033219  -0.117240  0.991598  0.054671  -0.026623  -0.058169  0.997952  0.004825  -0.008980  0.001344  0.000000  0.000000  0.000000  2.000000  
139.683482 0.006012  0.091336  -0.011094  0.992723  0.115745  0.033244  -0.117445  0.991567  0.054784  -0.026623  -0.058290  0.997945  0.004708  -0.009003  0.001263  0.000000  0.000000  0.000000  2.000000  
139.684728 0.006017  0.091324  -0.011092  0.992723  0.115745  0.033244  -0.117445  0.991567  0.054784  -0.026623  -0.058290  0.997945  0.004623  -0.009061  0.001261  0.000000  0.000000  0.000000  2.000000  
139.685732 0.006021  0.091315  -0.011090  0.992698  0.115945  0.033269  -0.117649  0.991537  0.054898  -0.026623  -0.058411  0.997938  0.004551  -0.009086  0.001247  0.000000  0.000000  0.000000  2.000000  
139.686978 0.006026  0.091303  -0.011088  0.992698  0.115945  0.033269  -0.117649  0.991537  0.054898  -0.026623  -0.058411  0.997938  0.004434  -0.009108  0.001308  0.000000  0.000000  0.000000  2.000000  
139.687984 0.006029  0.091294  -0.011086  0.992674  0.116149  0.033281  -0.117853  0.991513  0.054891  -0.026623  -0.058411  0.997938  0.004348  -0.009156  0.001340  0.000000  0.000000  0.000000  2.000000  
139.689231 0.006034  0.091283  -0.011083  0.992674  0.116149  0.033281  -0.117853  0.991513  0.054891  -0.026623  -0.058411  0.997938  0.004233  -0.009152  0.001390  0.000000  0.000000  0.000000  2.000000  
139.690231 0.006037  0.091273  -0.011081  0.992650  0.116353  0.033292  -0.118058  0.991489  0.054884  -0.026623  -0.058411  0.997938  0.004108  -0.009228  0.001441  0.000000  0.000000  0.000000  2.000000  
139.691486 0.006041  0.091262  -0.011079  0.992650  0.116349  0.033306  -0.118058  0.991482  0.055004  -0.026623  -0.058532  0.997930  0.003976  -0.009215  0.001527  0.000000  0.000000  0.000000  2.000000  
139.692731 0.006045  0.091251  -0.011076  0.992625  0.116553  0.033318  -0.118262  0.991458  0.054998  -0.026623  -0.058532  0.997930  0.003858  -0.009236  0.001620  0.000000  0.000000  0.000000  2.000000  
139.693732 0.006048  0.091241  -0.011074  0.992625  0.116553  0.033318  -0.118262  0.991458  0.054998  -0.026623  -0.058532  0.997930  0.003750  -0.009261  0.001685  0.000000  0.000000  0.000000  2.000000  
139.694980 0.006052  0.091230  -0.011071  0.992625  0.116553  0.033318  -0.118262  0.991458  0.054998  -0.026623  -0.058532  0.997930  0.003663  -0.009247  0.001793  0.000000  0.000000  0.000000  2.000000  
139.695988 0.006055  0.091221  -0.011068  0.992601  0.116757  0.033329  -0.118466  0.991434  0.054991  -0.026623  -0.058532  0.997930  0.003528  -0.009237  0.001887  0.000000  0.000000  0.000000  2.000000  
139.697226 0.006058  0.091208  -0.011066  0.992601  0.116753  0.033343  -0.118466  0.991427  0.055111  -0.026623  -0.058653  0.997923  0.003438  -0.009285  0.001948  0.000000  0.000000  0.000000  2.000000  
139.698229 0.006061  0.091199  -0.011063  0.992577  0.116957  0.033354  -0.118671  0.991403  0.055104  -0.026623  -0.058653  0.997923  0.003342  -0.009282  0.002076  0.000000  0.000000  0.000000  2.000000  
139.699481 0.006065  0.091187  -0.011060  0.992577  0.116957  0.033354  -0.118671  0.991403  0.055104  -0.026623  -0.058653  0.997923  0.003282  -0.009294  0.002151  0.000000  0.000000  0.000000  2.000000  
139.700728 0.006069  0.091175  -0.011057  0.992552  0.117161  0.033366  -0.118875  0.991379  0.055097  -0.026623  -0.058653  0.997923  0.003185  -0.009342  0.002220  0.000000  0.000000  0.000000  2.000000  
139.701730 0.006072  0.091165  -0.011055  0.992552  0.117161  0.033366  -0.118875  0.991379  0.055097  -0.026623  -0.058653  0.997923  0.003129  -0.009369  0.002252  0.000000  0.000000  0.000000  2.000000  
139.702981 0.006076  0.091154  -0.011051  0.992528  0.117361  0.033391  -0.119079  0.991349  0.055211  -0.026623  -0.058774  0.997916  0.003105  -0.009359  0.002346  0.000000  0.000000  0.000000  2.000000  
139.704249 0.006080  0.091141  -0.011048  0.992503  0.117566  0.033403  -0.119284  0.991324  0.055204  -0.026623  -0.058774  0.997916  0.003054  -0.009404  0.002388  0.000000  0.000000  0.000000  2.000000  
139.705252 0.006083  0.091132  -0.011045  0.992503  0.117566  0.033403  -0.119284  0.991324  0.055204  -0.026623  -0.058774  0.997916  0.003051  -0.009430  0.002436  0.000000  0.000000  0.000000  2.000000  
139.706493 0.006087  0.091120  -0.011041  0.992479  0.117770  0.033414  -0.119488  0.991300  0.055197  -0.026623  -0.058774  0.997916  0.003075  -0.009448  0.002549  0.000000  0.000000  0.000000  2.000000  
139.707494 0.006090  0.091110  -0.011038  0.992475  0.117762  0.033547  -0.119488  0.991301  0.055181  -0.026757  -0.058774  0.997913  0.003052  -0.009501  0.002539  0.000000  0.000000  0.000000  2.000000  
139.708731 0.006095  0.091099  -0.011034  0.992450  0.117966  0.033558  -0.119692  0.991277  0.055174  -0.026757  -0.058774  0.997913  0.003092  -0.009520  0.002633  0.000000  0.000000  0.000000  2.000000  
139.709731 0.006098  0.091089  -0.011031  0.992450  0.117966  0.033558  -0.119692  0.991277  0.055174  -0.026757  -0.058774  0.997913  0.003119  -0.009527  0.002686  0.000000  0.000000  0.000000  2.000000  
139.710980 0.006103  0.091078  -0.011027  0.992426  0.118170  0.033569  -0.119896  0.991252  0.055167  -0.026757  -0.058774  0.997913  0.003187  -0.009515  0.002797  0.000000  0.000000  0.000000  2.000000  
139.711982 0.006106  0.091069  -0.011023  0.992426  0.118170  0.033569  -0.119896  0.991252  0.055167  -0.026757  -0.058774  0.997913  0.003236  -0.009463  0.002860  0.000000  0.000000  0.000000  2.000000  
139.713227 0.006111  0.091057  -0.011019  0.992401  0.118374  0.033581  -0.120101  0.991228  0.055160  -0.026757  -0.058774  0.997913  0.003314  -0.009456  0.002932  0.000000  0.000000  0.000000  2.000000  
139.714231 0.006114  0.091048  -0.011016  0.992376  0.118582  0.033578  -0.120305  0.991210  0.055033  -0.026757  -0.058653  0.997920  0.003336  -0.009438  0.002981  0.000000  0.000000  0.000000  2.000000  
139.715478 0.006119  0.091036  -0.011012  0.992352  0.118786  0.033589  -0.120509  0.991186  0.055026  -0.026757  -0.058653  0.997920  0.003373  -0.009429  0.003020  0.000000  0.000000  0.000000  2.000000  
139.716480 0.006122  0.091027  -0.011009  0.992352  0.118786  0.033589  -0.120509  0.991186  0.055026  -0.026757  -0.058653  0.997920  0.003427  -0.009383  0.003090  0.000000  0.000000  0.000000  2.000000  
139.717490 0.006126  0.091017  -0.011007  0.992327  0.118990  0.033600  -0.120714  0.991162  0.055019  -0.026757  -0.058653  0.997920  0.003445  -0.009405  0.003061  0.000000  0.000000  0.000000  2.000000  
139.718728 0.006131  0.091005  -0.011003  0.992302  0.119194  0.033612  -0.120918  0.991137  0.055012  -0.026757  -0.058653  0.997920  0.003494  -0.009408  0.003066  0.000000  0.000000  0.000000  2.000000  
139.719731 0.006134  0.090996  -0.011000  0.992280  0.119406  0.033490  -0.121123  0.991111  0.055022  -0.026623  -0.058653  0.997923  0.003535  -0.009412  0.003097  0.000000  0.000000  0.000000  2.000000  
139.721000 0.006139  0.090984  -0.010996  0.992280  0.119406  0.033490  -0.121123  0.991111  0.055022  -0.026623  -0.058653  0.997923  0.003536  -0.009409  0.003087  0.000000  0.000000  0.000000  2.000000  
139.722230 0.006143  0.090972  -0.010993  0.992256  0.119610  0.033502  -0.121327  0.991087  0.055015  -0.026623  -0.058653  0.997923  0.003600  -0.009411  0.003042  0.000000  0.000000  0.000000  2.000000  
139.723234 0.006147  0.090962  -0.010991  0.992231  0.119814  0.033513  -0.121531  0.991062  0.055008  -0.026623  -0.058653  0.997923  0.003617  -0.009432  0.003013  0.000000  0.000000  0.000000  2.000000  
139.724484 0.006152  0.090950  -0.010987  0.992205  0.120018  0.033524  -0.121735  0.991038  0.055001  -0.026623  -0.058653  0.997923  0.003629  -0.009437  0.002977  0.000000  0.000000  0.000000  2.000000  
139.725730 0.006156  0.090938  -0.010984  0.992180  0.120222  0.033536  -0.121940  0.991013  0.054994  -0.026623  -0.058653  0.997923  0.003593  -0.009516  0.002885  0.000000  0.000000  0.000000  2.000000  
139.726732 0.006159  0.090928  -0.010982  0.992155  0.120426  0.033547  -0.122144  0.990988  0.054987  -0.026623  -0.058653  0.997923  0.003598  -0.009500  0.002841  0.000000  0.000000  0.000000  2.000000  
139.727747 0.006163  0.090919  -0.010979  0.992130  0.120630  0.033558  -0.122348  0.990963  0.054980  -0.026623  -0.058653  0.997923  0.003590  -0.009553  0.002780  0.000000  0.000000  0.000000  2.000000  
139.728980 0.006167  0.090907  -0.010976  0.992105  0.120834  0.033570  -0.122552  0.990938  0.054973  -0.026623  -0.058653  0.997923  0.003598  -0.009547  0.002738  0.000000  0.000000  0.000000  2.000000  
139.730228 0.006172  0.090895  -0.010972  0.992080  0.121042  0.033566  -0.122757  0.990920  0.054846  -0.026623  -0.058532  0.997930  0.003571  -0.009567  0.002696  0.000000  0.000000  0.000000  2.000000  
139.731231 0.006175  0.090885  -0.010970  0.992080  0.121042  0.033566  -0.122757  0.990920  0.054846  -0.026623  -0.058532  0.997930  0.003578  -0.009580  0.002683  0.000000  0.000000  0.000000  2.000000  
139.732232 0.006179  0.090876  -0.010967  0.992054  0.121246  0.033578  -0.122961  0.990895  0.054839  -0.026623  -0.058532  0.997930  0.003572  -0.009564  0.002676  0.000000  0.000000  0.000000  2.000000  
139.733481 0.006183  0.090864  -0.010965  0.992029  0.121450  0.033589  -0.123165  0.990870  0.054832  -0.026623  -0.058532  0.997930  0.003548  -0.009559  0.002588  0.000000  0.000000  0.000000  2.000000  
139.734483 0.006186  0.090855  -0.010962  0.992004  0.121654  0.033600  -0.123369  0.990845  0.054825  -0.026623  -0.058532  0.997930  0.003545  -0.009545  0.002563  0.000000  0.000000  0.000000  2.000000  
139.735730 0.006191  0.090843  -0.010959  0.992004  0.121654  0.033600  -0.123369  0.990845  0.054825  -0.026623  -0.058532  0.997930  0.003550  -0.009562  0.002568  0.000000  0.000000  0.000000  2.000000  
139.736975 0.006195  0.090831  -0.010956  0.991978  0.121858  0.033611  -0.123574  0.990820  0.054818  -0.026623  -0.058532  0.997930  0.003512  -0.009549  0.002516  0.000000  0.000000  0.000000  2.000000  
139.737985 0.006199  0.090821  -0.010953  0.991953  0.122062  0.033623  -0.123778  0.990795  0.054812  -0.026623  -0.058532  0.997930  0.003496  -0.009530  0.002526  0.000000  0.000000  0.000000  2.000000  
139.739229 0.006203  0.090809  -0.010951  0.991927  0.122266  0.033634  -0.123982  0.990770  0.054805  -0.026623  -0.058532  0.997930  0.003515  -0.009529  0.002471  0.000000  0.000000  0.000000  2.000000  
139.740230 0.006207  0.090800  -0.010949  0.991927  0.122266  0.033634  -0.123982  0.990770  0.054805  -0.026623  -0.058532  0.997930  0.003527  -0.009535  0.002436  0.000000  0.000000  0.000000  2.000000  
139.741233 0.006211  0.090791  -0.010947  0.991902  0.122470  0.033645  -0.124186  0.990745  0.054798  -0.026623  -0.058532  0.997930  0.003569  -0.009500  0.002393  0.000000  0.000000  0.000000  2.000000  
139.742485 0.006216  0.090779  -0.010944  0.991902  0.122474  0.033630  -0.124186  0.990751  0.054678  -0.026623  -0.058411  0.997938  0.003588  -0.009503  0.002341  0.000000  0.000000  0.000000  2.000000  
139.743742 0.006221  0.090767  -0.010942  0.991876  0.122678  0.033642  -0.124390  0.990726  0.054671  -0.026623  -0.058411  0.997938  0.003603  -0.009507  0.002283  0.000000  0.000000  0.000000  2.000000  
139.744981 0.006225  0.090755  -0.010940  0.991876  0.122678  0.033642  -0.124390  0.990726  0.054671  -0.026623  -0.058411  0.997938  0.003653  -0.009471  0.002223  0.000000  0.000000  0.000000  2.000000  
139.745982 0.006229  0.090746  -0.010938  0.991851  0.122882  0.033653  -0.124595  0.990701  0.054664  -0.026623  -0.058411  0.997938  0.003666  -0.009478  0.002188  0.000000  0.000000  0.000000  2.000000  
139.746983 0.006234  0.090737  -0.010936  0.991854  0.122890  0.033520  -0.124595  0.990700  0.054680  -0.026489  -0.058411  0.997941  0.003722  -0.009460  0.002136  0.000000  0.000000  0.000000  2.000000  
139.748229 0.006238  0.090725  -0.010933  0.991854  0.122890  0.033520  -0.124595  0.990700  0.054680  -0.026489  -0.058411  0.997941  0.003767  -0.009441  0.002121  0.000000  0.000000  0.000000  2.000000  
