1-Time 2-Px 3-Py 4-Pz 5-R11 6-R21 7-R31 8-R12 9-R22 10-R32 11-R13 12-R23 13-R33 14-Vx 15-Vy 16-Vz 17-Wx 18-Wy 19-Wz 20-state 21-PR11 22-PR21 23-PR31 24-PR12 25-PR22 26-PR32 27-PR13 28-PR23 29-PR33 
204.761090 0.009401  0.094352  -0.018627  0.991413  0.130408  -0.009679  0.002245  0.057032  0.998370  0.130747  -0.989819  0.056249  0.000720  0.000790  0.000375  0.000000  0.000000  0.000000  2.000000  
204.762100 0.009402  0.094353  -0.018626  0.991413  0.130407  -0.009695  0.002245  0.057153  0.998363  0.130747  -0.989812  0.056370  0.000730  0.000845  0.000426  0.000000  0.000000  0.000000  2.000000  
204.763346 0.009405  0.094354  -0.018625  0.991415  0.130452  -0.008904  0.001429  0.057288  0.998357  0.130747  -0.989798  0.056610  0.000928  0.000905  0.000516  0.000000  0.000000  0.000000  2.000000  
204.764595 0.009409  0.094355  -0.018623  0.991433  0.130377  -0.007885  0.000408  0.057275  0.998358  0.130615  -0.989809  0.056731  0.001147  0.000938  0.000575  0.000000  0.000000  0.000000  2.000000  
204.765847 0.009413  0.094357  -0.018621  0.991433  0.130422  -0.007094  -0.000408  0.057409  0.998351  0.130615  -0.989795  0.056971  0.001386  0.000978  0.000742  0.000000  0.000000  0.000000  2.000000  
204.767092 0.009419  0.094358  -0.018619  0.991450  0.130325  -0.006486  -0.001021  0.057450  0.998348  0.130482  -0.989806  0.057092  0.001720  0.001044  0.000881  0.000000  0.000000  0.000000  2.000000  
204.768094 0.009424  0.094360  -0.018617  0.991432  0.130479  -0.006114  -0.001429  0.057638  0.998337  0.130615  -0.989774  0.057331  0.002022  0.001105  0.000951  0.000000  0.000000  0.000000  2.000000  
204.769097 0.009430  0.094362  -0.018615  0.991396  0.130778  -0.005545  -0.002041  0.057799  0.998326  0.130880  -0.989725  0.057569  0.002366  0.001145  0.001098  0.000000  0.000000  0.000000  2.000000  
204.770342 0.009437  0.094363  -0.018611  0.991341  0.131234  -0.004572  -0.003061  0.057906  0.998317  0.131278  -0.989659  0.057806  0.002784  0.001216  0.001296  0.000000  0.000000  0.000000  2.000000  
204.771345 0.009443  0.094366  -0.018607  0.991320  0.131413  -0.003790  -0.003878  0.058039  0.998307  0.131411  -0.989627  0.058045  0.003136  0.001288  0.001542  -0.103257  -0.203925  0.038588  2.000000  
204.772349 0.009448  0.094368  -0.018604  0.991299  0.131593  -0.003007  -0.004694  0.058173  0.998296  0.131543  -0.989596  0.058284  0.003437  0.001407  0.001702  -0.107788  -0.231097  0.044667  2.000000  
204.773597 0.009455  0.094372  -0.018601  0.991294  0.131652  -0.002027  -0.005714  0.058400  0.998277  0.131543  -0.989574  0.058644  0.003866  0.001556  0.001903  -0.107303  -0.265266  0.046682  2.000000  
204.774860 0.009462  0.094375  -0.018597  0.991286  0.131723  -0.000842  -0.006939  0.058601  0.998257  0.131543  -0.989553  0.059004  0.004237  0.001704  0.002112  -0.109957  -0.306180  0.049078  2.000000  
204.776096 0.009470  0.094379  -0.018592  0.991259  0.131928  0.000335  -0.008163  0.058800  0.998236  0.131676  -0.989514  0.059363  0.004670  0.001832  0.002364  -0.112719  -0.347205  0.056042  2.000000  
204.777098 0.009476  0.094382  -0.018588  0.991236  0.132097  0.000895  -0.008775  0.059081  0.998215  0.131808  -0.989474  0.059722  0.004982  0.001979  0.002591  -0.118098  -0.367388  0.061790  2.000000  
204.778347 0.009485  0.094388  -0.018582  0.991211  0.132279  0.001661  -0.009591  0.059334  0.998192  0.131941  -0.989435  0.060081  0.005357  0.002318  0.002873  -0.122597  -0.394509  0.067961  2.000000  
204.779603 0.009493  0.094394  -0.018577  0.991168  0.132593  0.002403  -0.010407  0.059707  0.998162  0.132206  -0.989371  0.060559  0.005640  0.002628  0.003152  -0.131106  -0.421250  0.078640  2.000000  
204.780844 0.009501  0.094400  -0.018572  0.991141  0.132777  0.003152  -0.011223  0.060080  0.998130  0.132339  -0.989323  0.061038  0.005833  0.002908  0.003286  -0.139662  -0.448684  0.080390  2.000000  
204.782094 0.009509  0.094406  -0.018568  0.991111  0.132973  0.004091  -0.012243  0.060547  0.998090  0.132472  -0.989268  0.061637  0.006034  0.003200  0.003450  -0.151410  -0.482705  0.087080  2.000000  
204.783098 0.009516  0.094410  -0.018565  0.991103  0.133013  0.004643  -0.012855  0.060949  0.998058  0.132472  -0.989238  0.062117  0.006107  0.003357  0.003446  -0.160893  -0.503172  0.088437  2.000000  
204.784349 0.009524  0.094415  -0.018563  0.991078  0.133186  0.005170  -0.013467  0.061471  0.998018  0.132604  -0.989183  0.062716  0.006180  0.003537  0.003395  -0.174392  -0.523288  0.094315  2.000000  
204.785592 0.009532  0.094419  -0.018561  0.991051  0.133360  0.005681  -0.014079  0.062113  0.997970  0.132737  -0.989119  0.063435  0.006235  0.003708  0.003254  -0.190486  -0.539222  0.099469  2.000000  
204.786856 0.009540  0.094424  -0.018561  0.991004  0.133680  0.006405  -0.014895  0.062604  0.997927  0.133002  -0.989045  0.064032  0.006296  0.003800  0.002995  -0.204571  -0.570275  0.111084  2.000000  
204.788094 0.009548  0.094427  -0.018561  0.990977  0.133855  0.006931  -0.015506  0.063125  0.997885  0.133135  -0.988988  0.064631  0.006370  0.003779  0.002746  -0.214102  -0.590707  0.117110  2.000000  
204.789099 0.009554  0.094428  -0.018562  0.990956  0.134005  0.007047  -0.015710  0.063701  0.997845  0.133267  -0.988931  0.065230  0.006457  0.003719  0.002502  -0.229425  -0.597150  0.122216  2.000000  
204.790346 0.009562  0.094429  -0.018564  0.990910  0.134314  0.007548  -0.016321  0.064340  0.997795  0.133532  -0.988848  0.065947  0.006435  0.003560  0.002109  -0.246967  -0.617030  0.132705  2.000000  
204.791349 0.009567  0.094430  -0.018565  0.990907  0.134331  0.007688  -0.016525  0.064796  0.997762  0.133532  -0.988816  0.066427  0.006386  0.003351  0.001672  -0.258306  -0.623895  0.133330  2.000000  
204.792350 0.009573  0.094430  -0.018568  0.990882  0.134495  0.008009  -0.016933  0.065344  0.997719  0.133665  -0.988757  0.067025  0.006326  0.003109  0.001171  -0.273654  -0.630406  0.138471  2.000000  
204.793597 0.009579  0.094430  -0.018572  0.990839  0.134792  0.008320  -0.017341  0.065889  0.997676  0.133930  -0.988681  0.067622  0.006203  0.002672  0.000495  -0.292672  -0.609352  0.146412  2.000000  
204.794599 0.009585  0.094430  -0.018577  0.990818  0.134943  0.008434  -0.017544  0.066464  0.997635  0.134063  -0.988622  0.068221  0.006186  0.002393  0.000003  -0.311816  -0.588359  0.154356  2.000000  
204.795848 0.009593  0.094430  -0.018582  0.990778  0.135227  0.008523  -0.017748  0.067157  0.997585  0.134328  -0.988536  0.068938  0.006124  0.001935  -0.000793  -0.330706  -0.566652  0.166736  2.000000  
204.796849 0.009599  0.094429  -0.018587  0.990738  0.135512  0.008611  -0.017951  0.067851  0.997534  0.134593  -0.988450  0.069655  0.006073  0.001586  -0.001328  -0.351893  -0.559095  0.175495  2.000000  
204.797850 0.009604  0.094429  -0.018592  0.990717  0.135664  0.008709  -0.018154  0.068546  0.997483  0.134726  -0.988381  0.070373  0.006017  0.001356  -0.001683  -0.369039  -0.552155  0.175323  2.000000  
204.798851 0.009610  0.094429  -0.018596  0.990695  0.135817  0.008806  -0.018358  0.069242  0.997431  0.134858  -0.988311  0.071091  0.005970  0.001004  -0.002217  -0.387101  -0.538705  0.170227  2.000000  
204.800092 0.009617  0.094428  -0.018603  0.990691  0.135838  0.008912  -0.018562  0.069940  0.997379  0.134858  -0.988259  0.071810  0.005898  0.000697  -0.002707  -0.402773  -0.514429  0.158858  2.000000  
204.801094 0.009622  0.094427  -0.018607  0.990673  0.135975  0.008820  -0.018562  0.070542  0.997336  0.134991  -0.988198  0.072408  0.005788  0.000314  -0.003161  -0.422901  -0.484757  0.153671  2.000000  
204.802097 0.009627  0.094425  -0.018612  0.990651  0.136129  0.008917  -0.018765  0.071237  0.997283  0.135123  -0.988127  0.073126  0.005666  0.000027  -0.003518  -0.437339  -0.467088  0.151730  2.000000  
204.803344 0.009632  0.094424  -0.018617  0.990629  0.136283  0.008996  -0.018969  0.072054  0.997220  0.135256  -0.988046  0.073963  0.005512  -0.000200  -0.003769  -0.461223  -0.439591  0.154628  2.000000  
204.804346 0.009636  0.094422  -0.018621  0.990593  0.136554  0.008877  -0.018968  0.072774  0.997168  0.135521  -0.987956  0.074680  0.005368  -0.000419  -0.003952  -0.476919  -0.411714  0.161921  2.000000  
204.805350 0.009640  0.094420  -0.018625  0.990575  0.136692  0.008768  -0.018968  0.073497  0.997115  0.135654  -0.987883  0.075397  0.005282  -0.000620  -0.004135  -0.498679  -0.374040  0.160721  2.000000  
204.806597 0.009646  0.094418  -0.018631  0.990538  0.136964  0.008631  -0.018967  0.074339  0.997053  0.135919  -0.987783  0.076233  0.005157  -0.000790  -0.004310  -0.519504  -0.339385  0.163071  2.000000  
204.807850 0.009651  0.094416  -0.018636  0.990516  0.137119  0.008710  -0.019171  0.075155  0.996988  0.136051  -0.987699  0.077071  0.005020  -0.000980  -0.004395  -0.539393  -0.311865  0.161355  2.000000  
204.809096 0.009656  0.094414  -0.018640  0.990494  0.137274  0.008788  -0.019374  0.075970  0.996922  0.136184  -0.987615  0.077908  0.004887  -0.001124  -0.004398  -0.552936  -0.295634  0.159269  2.000000  
204.810346 0.009661  0.094411  -0.018645  0.990472  0.137431  0.008850  -0.019578  0.076907  0.996846  0.136316  -0.987521  0.078865  0.004784  -0.001250  -0.004326  -0.571848  -0.275170  0.158050  2.000000  
204.811349 0.009666  0.094409  -0.018649  0.990454  0.137569  0.008739  -0.019578  0.077630  0.996790  0.136449  -0.987445  0.079582  0.004654  -0.001421  -0.004257  -0.584289  -0.249957  0.157579  2.000000  
204.812595 0.009671  0.094406  -0.018652  0.990431  0.137725  0.008817  -0.019781  0.078445  0.996722  0.136582  -0.987359  0.080419  0.004547  -0.001573  -0.004108  -0.593501  -0.234258  0.155491  2.000000  
204.813597 0.009677  0.094405  -0.018654  0.990391  0.138013  0.008883  -0.019984  0.079258  0.996654  0.136847  -0.987254  0.081254  0.004520  -0.001634  -0.003876  -0.609275  -0.215220  0.159933  2.000000  
204.814858 0.009683  0.094403  -0.018655  0.990346  0.138317  0.009155  -0.020391  0.080042  0.996583  0.137112  -0.987148  0.082089  0.004481  -0.001717  -0.003560  -0.618109  -0.207861  0.164016  2.000000  
204.816094 0.009690  0.094400  -0.018656  0.990305  0.138607  0.009203  -0.020594  0.080975  0.996503  0.137377  -0.987032  0.083044  0.004534  -0.001774  -0.003229  -0.628334  -0.193790  0.167726  2.000000  
204.817347 0.009696  0.094396  -0.018657  0.990278  0.138781  0.009468  -0.021002  0.081882  0.996421  0.137509  -0.986932  0.084000  0.004544  -0.001936  -0.002936  -0.640265  -0.185298  0.165984  2.000000  
204.818592 0.009702  0.094392  -0.018658  0.990232  0.139089  0.009721  -0.021409  0.082786  0.996337  0.137774  -0.986814  0.084955  0.004565  -0.002122  -0.002636  -0.648405  -0.185180  0.166168  2.000000  
204.819597 0.009707  0.094388  -0.018658  0.990209  0.139246  0.009796  -0.021612  0.083600  0.996265  0.137907  -0.986723  0.085791  0.004654  -0.002242  -0.002342  -0.659647  -0.172889  0.166628  2.000000  
204.820842 0.009713  0.094384  -0.018657  0.990159  0.139570  0.010270  -0.022223  0.084354  0.996188  0.138172  -0.986613  0.086626  0.004740  -0.002309  -0.001950  -0.665486  -0.177815  0.170370  2.000000  
204.821847 0.009718  0.094381  -0.018656  0.990136  0.139728  0.010345  -0.022426  0.085168  0.996114  0.138304  -0.986520  0.087462  0.004795  -0.002399  -0.001571  -0.677424  -0.177653  0.170445  2.000000  
204.822852 0.009724  0.094379  -0.018653  0.990089  0.140035  0.010630  -0.022833  0.085829  0.996048  0.138569  -0.986420  0.088176  0.004875  -0.002473  -0.001131  -0.683874  -0.171791  0.175915  2.000000  
204.824096 0.009731  0.094376  -0.018649  0.990043  0.140345  0.010880  -0.023240  0.086732  0.995961  0.138834  -0.986297  0.089130  0.005014  -0.002539  -0.000516  -0.693517  -0.176687  0.179594  2.000000  
204.825100 0.009737  0.094374  -0.018645  0.989996  0.140654  0.011147  -0.023647  0.087514  0.995883  0.139099  -0.986183  0.089964  0.005124  -0.002527  0.000036  -0.702333  -0.184831  0.181768  2.000000  
204.826346 0.009744  0.094371  -0.018640  0.989944  0.140983  0.011601  -0.024257  0.088387  0.995791  0.139364  -0.986059  0.090918  0.005225  -0.002526  0.000584  -0.700467  -0.198334  0.183079  2.000000  
204.827346 0.009750  0.094369  -0.018636  0.989915  0.141162  0.011879  -0.024664  0.089171  0.995711  0.139497  -0.985962  0.091753  0.005305  -0.002519  0.001058  -0.704853  -0.210108  0.182795  2.000000  
204.828347 0.009756  0.094367  -0.018631  0.989863  0.141490  0.012366  -0.025275  0.089801  0.995639  0.139762  -0.985858  0.092467  0.005356  -0.002519  0.001465  -0.705627  -0.218159  0.189525  2.000000  
204.829595 0.009763  0.094364  -0.018625  0.989809  0.141821  0.012819  -0.025885  0.090673  0.995544  0.140027  -0.985731  0.093420  0.005397  -0.002609  0.002021  -0.707764  -0.231268  0.195349  2.000000  
204.830595 0.009768  0.094362  -0.018621  0.989761  0.142133  0.013083  -0.026292  0.091453  0.995462  0.140292  -0.985614  0.094254  0.005406  -0.002620  0.002293  -0.714067  -0.244436  0.201180  2.000000  
204.831846 0.009775  0.094359  -0.018615  0.989707  0.142467  0.013535  -0.026902  0.092324  0.995366  0.140557  -0.985484  0.095206  0.005472  -0.002576  0.002877  -0.716126  -0.257502  0.207031  2.000000  
204.833097 0.009782  0.094355  -0.018608  0.989634  0.142933  0.013972  -0.027512  0.093191  0.995268  0.140954  -0.985335  0.096157  0.005534  -0.002520  0.003342  -0.718152  -0.270164  0.217384  2.000000  
204.834346 0.009789  0.094351  -0.018603  0.989579  0.143270  0.014405  -0.028122  0.094182  0.995158  0.141219  -0.985192  0.097229  0.005546  -0.002523  0.003727  -0.721443  -0.288045  0.217607  2.000000  
204.835592 0.009795  0.094347  -0.018597  0.989523  0.143604  0.014872  -0.028732  0.094930  0.995069  0.141484  -0.985072  0.098062  0.005587  -0.002533  0.004041  -0.718629  -0.308212  0.219674  2.000000  
204.836847 0.009802  0.094342  -0.018591  0.989449  0.144073  0.015307  -0.029341  0.095795  0.994969  0.141881  -0.984919  0.099012  0.005544  -0.002615  0.004345  -0.717442  -0.330165  0.232567  2.000000  
204.838097 0.009808  0.094337  -0.018585  0.989392  0.144411  0.015755  -0.029951  0.096664  0.994866  0.142146  -0.984785  0.099964  0.005480  -0.002763  0.004496  -0.719617  -0.343236  0.238604  2.000000  
204.839099 0.009813  0.094332  -0.018581  0.989342  0.144727  0.016015  -0.030357  0.097441  0.994778  0.142411  -0.984662  0.100796  0.005449  -0.002919  0.004529  -0.722696  -0.349475  0.243986  2.000000  
204.840348 0.009819  0.094326  -0.018578  0.989266  0.145199  0.016448  -0.030967  0.098304  0.994674  0.142808  -0.984507  0.101746  0.005388  -0.003139  0.004403  -0.724691  -0.362042  0.254494  2.000000  
204.841349 0.009825  0.094322  -0.018575  0.989215  0.145517  0.016707  -0.031373  0.099081  0.994585  0.143073  -0.984382  0.102578  0.005388  -0.003303  0.004318  -0.724714  -0.371938  0.258314  2.000000  
204.842600 0.009831  0.094315  -0.018571  0.989138  0.145989  0.017138  -0.031982  0.099943  0.994479  0.143471  -0.984225  0.103527  0.005337  -0.003548  0.004199  -0.725614  -0.381175  0.265981  2.000000  
204.843849 0.009838  0.094308  -0.018569  0.989067  0.146444  0.017346  -0.032387  0.100956  0.994364  0.143868  -0.984054  0.104595  0.005285  -0.003874  0.004038  -0.728501  -0.387236  0.271463  2.000000  
204.844861 0.009843  0.094302  -0.018566  0.989015  0.146762  0.017621  -0.032793  0.101610  0.994284  0.144133  -0.983939  0.105307  0.005198  -0.004121  0.003847  -0.727154  -0.393263  0.276759  2.000000  
204.846096 0.009848  0.094294  -0.018564  0.988956  0.147103  0.018082  -0.033403  0.102355  0.994187  0.144397  -0.983811  0.106138  0.005131  -0.004483  0.003630  -0.721401  -0.406843  0.278573  2.000000  
204.847347 0.009854  0.094286  -0.018562  0.988884  0.147558  0.018306  -0.033808  0.103246  0.994081  0.144795  -0.983650  0.107087  0.005058  -0.004816  0.003360  -0.721113  -0.406037  0.283386  2.000000  
204.848598 0.009859  0.094277  -0.018559  0.988812  0.148015  0.018510  -0.034213  0.104256  0.993962  0.145192  -0.983474  0.108154  0.004904  -0.005180  0.003080  -0.725395  -0.405030  0.292883  2.000000  
204.849848 0.009864  0.094268  -0.018557  0.988739  0.148471  0.018732  -0.034618  0.105146  0.993854  0.145589  -0.983311  0.109102  0.004837  -0.005445  0.002871  -0.725044  -0.404166  0.297666  2.000000  
204.851092 0.009868  0.094259  -0.018556  0.988686  0.148793  0.018986  -0.035024  0.105919  0.993758  0.145854  -0.983179  0.109932  0.004701  -0.005722  0.002558  -0.723009  -0.400137  0.299959  2.000000  
204.852349 0.009873  0.094250  -0.018554  0.988613  0.149250  0.019206  -0.035429  0.106808  0.993648  0.146251  -0.983014  0.110880  0.004603  -0.006001  0.002249  -0.722878  -0.399385  0.304788  2.000000  
204.853592 0.009878  0.094241  -0.018554  0.988559  0.149576  0.019441  -0.035834  0.107701  0.993537  0.146515  -0.982867  0.111829  0.004469  -0.006259  0.001956  -0.722802  -0.399093  0.305190  2.000000  
204.854592 0.009881  0.094233  -0.018554  0.988513  0.149875  0.019506  -0.036037  0.108384  0.993456  0.146780  -0.982746  0.112540  0.004325  -0.006457  0.001725  -0.723676  -0.392101  0.304788  2.000000  
204.855600 0.009884  0.094226  -0.018554  0.988466  0.150172  0.019589  -0.036239  0.108946  0.993387  0.147045  -0.982639  0.113132  0.004199  -0.006662  0.001524  -0.719333  -0.381479  0.306225  2.000000  
204.856849 0.009888  0.094217  -0.018554  0.988411  0.150497  0.019840  -0.036644  0.109718  0.993287  0.147309  -0.982503  0.113961  0.004011  -0.006865  0.001260  -0.713410  -0.378122  0.304069  2.000000  
204.858096 0.009892  0.094208  -0.018553  0.988345  0.150930  0.019871  -0.036845  0.110516  0.993191  0.147706  -0.982347  0.114789  0.003867  -0.007011  0.001117  -0.709841  -0.359964  0.309260  2.000000  
204.859098 0.009896  0.094201  -0.018552  0.988298  0.151233  0.019916  -0.037047  0.111318  0.993094  0.147971  -0.982210  0.115618  0.003794  -0.007124  0.001025  -0.710635  -0.352827  0.308799  2.000000  
204.860346 0.009901  0.094191  -0.018551  0.988250  0.151535  0.019961  -0.037249  0.112120  0.992996  0.148236  -0.982072  0.116447  0.003711  -0.007221  0.000912  -0.709767  -0.342456  0.310255  2.000000  
204.861350 0.009904  0.094183  -0.018551  0.988203  0.151833  0.020043  -0.037451  0.112681  0.992925  0.148500  -0.981962  0.117038  0.003657  -0.007268  0.000842  -0.705190  -0.331846  0.307113  2.000000  
204.862596 0.009909  0.094173  -0.018550  0.988155  0.152133  0.020105  -0.037653  0.113363  0.992840  0.148765  -0.981837  0.117748  0.003619  -0.007364  0.000761  -0.694926  -0.317968  0.305959  2.000000  
204.863851 0.009914  0.094163  -0.018549  0.988108  0.152439  0.020130  -0.037855  0.114284  0.992727  0.149030  -0.981683  0.118696  0.003584  -0.007442  0.000658  -0.696734  -0.304497  0.300267  2.000000  
204.864858 0.009918  0.094156  -0.018547  0.988060  0.152740  0.020191  -0.038057  0.114965  0.992640  0.149294  -0.981557  0.119406  0.003606  -0.007491  0.000670  -0.696129  -0.294612  0.301752  2.000000  
204.866094 0.009923  0.094146  -0.018546  0.988012  0.153043  0.020234  -0.038259  0.115767  0.992539  0.149559  -0.981415  0.120234  0.003629  -0.007528  0.000646  -0.696688  -0.276838  0.297810  2.000000  
204.867347 0.009928  0.094137  -0.018544  0.987944  0.153478  0.020260  -0.038460  0.116562  0.992438  0.149956  -0.981253  0.121060  0.003682  -0.007579  0.000725  -0.691815  -0.267034  0.299249  2.000000  
204.868597 0.009934  0.094128  -0.018541  0.987876  0.153913  0.020285  -0.038661  0.117358  0.992337  0.150353  -0.981090  0.121886  0.003775  -0.007540  0.000893  -0.689671  -0.252751  0.302392  2.000000  
204.869597 0.009939  0.094121  -0.018537  0.987828  0.154214  0.020344  -0.038863  0.118038  0.992248  0.150617  -0.980961  0.122595  0.003892  -0.007480  0.001114  -0.689267  -0.241515  0.299138  2.000000  
204.870850 0.009946  0.094113  -0.018533  0.987780  0.154518  0.020385  -0.039065  0.118839  0.992145  0.150882  -0.980817  0.123423  0.004076  -0.007399  0.001432  -0.685998  -0.234901  0.294056  2.000000  
204.872101 0.009952  0.094105  -0.018529  0.987711  0.154953  0.020408  -0.039266  0.119634  0.992041  0.151278  -0.980651  0.124248  0.004192  -0.007334  0.001652  -0.679774  -0.221002  0.292705  2.000000  
204.873347 0.009958  0.094096  -0.018525  0.987662  0.155257  0.020447  -0.039467  0.120433  0.991937  0.151543  -0.980505  0.125075  0.004267  -0.007304  0.001826  -0.679196  -0.212211  0.289693  2.000000  
204.874350 0.009963  0.094091  -0.018522  0.987614  0.155557  0.020523  -0.039669  0.120992  0.991860  0.151807  -0.980389  0.125665  0.004391  -0.007208  0.002024  -0.675033  -0.200272  0.290862  2.000000  
204.875599 0.009969  0.094083  -0.018517  0.987565  0.155864  0.020543  -0.039871  0.121912  0.991740  0.152072  -0.980226  0.126611  0.004512  -0.007097  0.002223  -0.675600  -0.193598  0.285619  2.000000  
204.876849 0.009976  0.094076  -0.018512  0.987496  0.156302  0.020545  -0.040071  0.122827  0.991619  0.152469  -0.980042  0.127554  0.004650  -0.006881  0.002571  -0.677449  -0.179150  0.288592  2.000000  
204.878096 0.009982  0.094069  -0.018506  0.987438  0.156630  0.020805  -0.040476  0.123473  0.991522  0.152733  -0.979909  0.128262  0.004768  -0.006721  0.002851  -0.669270  -0.179443  0.284297  2.000000  
204.879097 0.009988  0.094064  -0.018501  0.987389  0.156932  0.020860  -0.040678  0.124152  0.991429  0.152998  -0.979775  0.128970  0.004858  -0.006476  0.003172  -0.666130  -0.172408  0.283598  2.000000  
204.880346 0.009994  0.094058  -0.018495  0.987319  0.157369  0.020879  -0.040879  0.124945  0.991321  0.153394  -0.979604  0.129793  0.004992  -0.006214  0.003538  -0.667155  -0.165382  0.282945  2.000000  
204.881347 0.010000  0.094053  -0.018489  0.987270  0.157669  0.020953  -0.041080  0.125503  0.991242  0.153659  -0.979484  0.130382  0.005054  -0.006042  0.003765  -0.658861  -0.165146  0.283028  2.000000  
204.882592 0.010006  0.094047  -0.018483  0.987220  0.157975  0.020988  -0.041282  0.126301  0.991133  0.153923  -0.979332  0.131208  0.005130  -0.005818  0.004042  -0.660074  -0.158716  0.277966  2.000000  
204.883597 0.010012  0.094043  -0.018477  0.987170  0.158275  0.021061  -0.041483  0.126858  0.991053  0.154187  -0.979212  0.131797  0.005197  -0.005651  0.004219  -0.655836  -0.157941  0.282483  2.000000  
204.884857 0.010019  0.094038  -0.018470  0.987121  0.158579  0.021114  -0.041685  0.127536  0.990958  0.154452  -0.979075  0.132504  0.005226  -0.005415  0.004469  -0.651375  -0.149686  0.279410  2.000000  
204.886097 0.010026  0.094033  -0.018463  0.987050  0.159013  0.021149  -0.041885  0.128208  0.990862  0.154848  -0.978917  0.133208  0.005275  -0.005198  0.004683  -0.648633  -0.150697  0.281890  2.000000  
204.887346 0.010033  0.094028  -0.018456  0.986970  0.159474  0.021388  -0.042289  0.128847  0.990762  0.155245  -0.978758  0.133912  0.005299  -0.005045  0.004821  -0.642172  -0.155409  0.284945  2.000000  
204.888597 0.010039  0.094023  -0.018450  0.986920  0.159780  0.021420  -0.042490  0.129644  0.990650  0.155509  -0.978602  0.134737  0.005369  -0.004813  0.004968  -0.640566  -0.150249  0.282236  2.000000  
204.889849 0.010046  0.094017  -0.018445  0.986870  0.160082  0.021491  -0.042692  0.130200  0.990568  0.155774  -0.978479  0.135325  0.005395  -0.004728  0.005015  -0.630978  -0.148766  0.279913  2.000000  
204.890860 0.010051  0.094012  -0.018440  0.986798  0.160514  0.021544  -0.042892  0.130751  0.990487  0.156170  -0.978335  0.135910  0.005372  -0.004589  0.005101  -0.631870  -0.149179  0.286702  2.000000  
204.892096 0.010058  0.094006  -0.018435  0.986748  0.160816  0.021614  -0.043094  0.131307  0.990405  0.156434  -0.978211  0.136497  0.005370  -0.004514  0.005080  -0.623836  -0.149002  0.286887  2.000000  
204.893097 0.010063  0.094002  -0.018431  0.986697  0.161117  0.021683  -0.043295  0.131863  0.990322  0.156699  -0.978087  0.137085  0.005337  -0.004471  0.005025  -0.622655  -0.147603  0.284586  2.000000  
204.894098 0.010068  0.093998  -0.018427  0.986646  0.161419  0.021753  -0.043496  0.132419  0.990239  0.156963  -0.977962  0.137672  0.005367  -0.004395  0.004947  -0.615546  -0.148595  0.287066  2.000000  
204.895351 0.010075  0.093992  -0.018422  0.986574  0.161852  0.021803  -0.043697  0.132969  0.990156  0.157359  -0.977816  0.138256  0.005367  -0.004350  0.004851  -0.607200  -0.147758  0.291569  2.000000  
204.896596 0.010081  0.093987  -0.018418  0.986502  0.162287  0.021834  -0.043897  0.133639  0.990057  0.157756  -0.977652  0.138959  0.005332  -0.004338  0.004673  -0.603184  -0.147549  0.291748  2.000000  
204.897599 0.010086  0.093982  -0.018414  0.986451  0.162587  0.021921  -0.044098  0.134074  0.989990  0.158020  -0.977543  0.139427  0.005300  -0.004352  0.004521  -0.594980  -0.147364  0.291836  2.000000  
204.898845 0.010092  0.093976  -0.018411  0.986399  0.162889  0.021989  -0.044299  0.134629  0.989905  0.158284  -0.977416  0.140014  0.005235  -0.004395  0.004240  -0.584959  -0.152678  0.290444  2.000000  
204.899848 0.010096  0.093972  -0.018409  0.986357  0.163161  0.021872  -0.044297  0.135098  0.989842  0.158549  -0.977306  0.140482  0.005163  -0.004409  0.004092  -0.578482  -0.147537  0.287534  2.000000  
204.901098 0.010102  0.093966  -0.018406  0.986284  0.163594  0.021921  -0.044498  0.135647  0.989757  0.158945  -0.977158  0.141066  0.005100  -0.004425  0.003815  -0.571513  -0.139984  0.291267  2.000000  
204.902347 0.010107  0.093960  -0.018402  0.986211  0.164027  0.021968  -0.044698  0.136196  0.989673  0.159341  -0.977009  0.141649  0.004988  -0.004496  0.003598  -0.565591  -0.144742  0.294238  2.000000  
204.903594 0.010112  0.093954  -0.018399  0.986169  0.164301  0.021831  -0.044696  0.136784  0.989592  0.159605  -0.976880  0.142236  0.004854  -0.004561  0.003417  -0.559624  -0.131094  0.292524  2.000000  
204.904594 0.010116  0.093949  -0.018397  0.986117  0.164599  0.021937  -0.044897  0.137099  0.989539  0.159869  -0.976786  0.142585  0.004793  -0.004571  0.003281  -0.548231  -0.132685  0.290749  2.000000  
204.905600 0.010120  0.093944  -0.018395  0.986074  0.164870  0.021819  -0.044895  0.137567  0.989475  0.160134  -0.976675  0.143053  0.004670  -0.004637  0.003104  -0.540751  -0.125644  0.289703  2.000000  
204.906858 0.010125  0.093937  -0.018392  0.986031  0.165142  0.021700  -0.044893  0.138035  0.989409  0.160398  -0.976563  0.143520  0.004536  -0.004676  0.002909  -0.525323  -0.118620  0.288768  2.000000  
204.908096 0.010129  0.093931  -0.018389  0.985979  0.165445  0.021765  -0.045094  0.138589  0.989323  0.160662  -0.976433  0.144106  0.004393  -0.004713  0.002771  -0.521109  -0.117498  0.286544  2.000000  
204.909096 0.010132  0.093926  -0.018388  0.985936  0.165714  0.021666  -0.045092  0.138937  0.989274  0.160926  -0.976338  0.144455  0.004239  -0.004806  0.002574  -0.510016  -0.110623  0.285670  2.000000  
204.910097 0.010135  0.093921  -0.018386  0.985914  0.165852  0.021587  -0.045091  0.139291  0.989224  0.161058  -0.976264  0.144807  0.004126  -0.004815  0.002447  -0.499013  -0.105848  0.278263  2.000000  
204.911098 0.010138  0.093915  -0.018385  0.985862  0.166150  0.021691  -0.045292  0.139605  0.989171  0.161322  -0.976168  0.145156  0.003965  -0.004915  0.002231  -0.490825  -0.104232  0.280429  2.000000  
204.912346 0.010142  0.093908  -0.018383  0.985819  0.166421  0.021572  -0.045290  0.140073  0.989105  0.161586  -0.976055  0.145624  0.003778  -0.005003  0.002150  -0.479592  -0.098739  0.277397  2.000000  
204.913596 0.010146  0.093902  -0.018380  0.985776  0.166690  0.021472  -0.045288  0.140421  0.989056  0.161850  -0.975959  0.145972  0.003651  -0.005032  0.002109  -0.468634  -0.091084  0.274223  2.000000  
204.914860 0.010149  0.093895  -0.018378  0.985723  0.166987  0.021576  -0.045489  0.140734  0.989002  0.162114  -0.975863  0.146321  0.003500  -0.005111  0.002054  -0.455955  -0.092256  0.271971  2.000000  
204.916092 0.010152  0.093887  -0.018375  0.985680  0.167259  0.021456  -0.045487  0.141202  0.988935  0.162378  -0.975749  0.146788  0.003354  -0.005244  0.002015  -0.449498  -0.084694  0.268991  2.000000  
204.917092 0.010155  0.093881  -0.018374  0.985658  0.167397  0.021375  -0.045486  0.141556  0.988885  0.162510  -0.975674  0.147140  0.003243  -0.005341  0.001930  -0.442421  -0.078477  0.263619  2.000000  
204.918094 0.010157  0.093875  -0.018372  0.985627  0.167562  0.021518  -0.045688  0.141755  0.988847  0.162642  -0.975617  0.147373  0.003157  -0.005405  0.001930  -0.430252  -0.078995  0.259228  2.000000  
204.919349 0.010161  0.093867  -0.018369  0.985605  0.167702  0.021417  -0.045687  0.142229  0.988779  0.162774  -0.975524  0.147843  0.003010  -0.005556  0.001871  -0.424343  -0.066065  0.252929  2.000000  
204.920596 0.010164  0.093859  -0.018366  0.985561  0.167971  0.021317  -0.045685  0.142577  0.988729  0.163038  -0.975427  0.148192  0.002941  -0.005647  0.001883  -0.413354  -0.059870  0.247624  2.000000  
204.921846 0.010167  0.093852  -0.018363  0.985530  0.168139  0.021439  -0.045887  0.142896  0.988673  0.163170  -0.975351  0.148544  0.002829  -0.005728  0.001900  -0.405195  -0.060383  0.243207  2.000000  
204.922859 0.010170  0.093846  -0.018361  0.985508  0.168274  0.021379  -0.045886  0.143130  0.988640  0.163302  -0.975294  0.148777  0.002808  -0.005789  0.001931  -0.393156  -0.055280  0.235260  2.000000  
204.924096 0.010174  0.093838  -0.018357  0.985477  0.168442  0.021501  -0.046088  0.143449  0.988584  0.163434  -0.975218  0.149128  0.002770  -0.005870  0.002049  -0.381968  -0.055378  0.229028  2.000000  
204.925098 0.010176  0.093832  -0.018354  0.985455  0.168577  0.021440  -0.046087  0.143682  0.988550  0.163566  -0.975160  0.149362  0.002714  -0.005912  0.002155  -0.374037  -0.050295  0.221084  2.000000  
204.926347 0.010179  0.093824  -0.018351  0.985424  0.168742  0.021583  -0.046288  0.143881  0.988512  0.163698  -0.975102  0.149595  0.002711  -0.005964  0.002250  -0.357667  -0.051494  0.212186  2.000000  
204.927596 0.010183  0.093817  -0.018347  0.985402  0.168881  0.021501  -0.046287  0.144235  0.988460  0.163830  -0.975026  0.149946  0.002683  -0.006036  0.002329  -0.351784  -0.044934  0.205066  2.000000  
204.928849 0.010186  0.093809  -0.018344  0.985392  0.168916  0.021664  -0.046490  0.144440  0.988421  0.163830  -0.974990  0.150183  0.002650  -0.006110  0.002405  -0.338354  -0.047185  0.193428  2.000000  
204.929853 0.010189  0.093803  -0.018341  0.985371  0.169051  0.021603  -0.046489  0.144674  0.988387  0.163962  -0.974931  0.150416  0.002638  -0.006136  0.002489  -0.330081  -0.047760  0.188937  2.000000  
204.931094 0.010192  0.093796  -0.018337  0.985361  0.169086  0.021765  -0.046692  0.144879  0.988347  0.163962  -0.974895  0.150653  0.002671  -0.006130  0.002564  -0.319405  -0.048636  0.178655  2.000000  
204.932095 0.010195  0.093789  -0.018334  0.985329  0.169252  0.021908  -0.046894  0.145077  0.988308  0.164094  -0.974837  0.150886  0.002659  -0.006150  0.002652  -0.309811  -0.050294  0.171266  2.000000  
204.933342 0.010198  0.093781  -0.018332  0.985329  0.169257  0.021866  -0.046894  0.145317  0.988273  0.164094  -0.974800  0.151122  0.002671  -0.006186  0.002657  -0.299144  -0.051139  0.161042  2.000000  
204.934345 0.010201  0.093775  -0.018329  0.985298  0.169420  0.022029  -0.047096  0.145396  0.988252  0.164226  -0.974760  0.151237  0.002657  -0.006177  0.002693  -0.289375  -0.052180  0.157943  2.000000  
204.935347 0.010203  0.093768  -0.018327  0.985298  0.169422  0.022009  -0.047096  0.145516  0.988234  0.164226  -0.974742  0.151355  0.002667  -0.006202  0.002701  -0.278894  -0.052376  0.152242  2.000000  
204.936597 0.010206  0.093760  -0.018323  0.985288  0.169458  0.022171  -0.047299  0.145721  0.988194  0.164226  -0.974705  0.151592  0.002670  -0.006204  0.002712  -0.267950  -0.061537  0.141266  2.000000  
204.937843 0.010210  0.093752  -0.018320  0.985256  0.169623  0.022313  -0.047500  0.145919  0.988156  0.164358  -0.974646  0.151825  0.002639  -0.006238  0.002685  -0.257573  -0.061630  0.135679  2.000000  
204.938862 0.010213  0.093746  -0.018318  0.985247  0.169656  0.022496  -0.047703  0.146004  0.988133  0.164358  -0.974628  0.151943  0.002646  -0.006230  0.002650  -0.246180  -0.070155  0.128871  2.000000  
204.940096 0.010216  0.093738  -0.018316  0.985225  0.169789  0.022455  -0.047702  0.146118  0.988116  0.164490  -0.974588  0.152058  0.002678  -0.006267  0.002575  -0.236164  -0.069576  0.127884  2.000000  
204.941097 0.010219  0.093731  -0.018314  0.985215  0.169822  0.022638  -0.047905  0.146203  0.988094  0.164490  -0.974569  0.152176  0.002657  -0.006297  0.002515  -0.228070  -0.070888  0.119085  2.000000  
204.942350 0.010222  0.093724  -0.018311  0.985183  0.169985  0.022800  -0.048107  0.146281  0.988073  0.164622  -0.974529  0.152291  0.002639  -0.006307  0.002413  -0.216554  -0.079534  0.112221  2.000000  
204.943597 0.010225  0.093715  -0.018310  0.985183  0.169988  0.022780  -0.048107  0.146401  0.988055  0.164622  -0.974511  0.152409  0.002630  -0.006344  0.002314  -0.204352  -0.080874  0.103375  2.000000  
204.944860 0.010227  0.093706  -0.018308  0.985151  0.170151  0.022942  -0.048308  0.146479  0.988033  0.164754  -0.974470  0.152524  0.002554  -0.006427  0.002170  -0.196097  -0.080811  0.103348  2.000000  
204.946096 0.010230  0.093698  -0.018307  0.985141  0.170184  0.023125  -0.048511  0.146564  0.988011  0.164754  -0.974452  0.152642  0.002527  -0.006501  0.002013  -0.186866  -0.088924  0.095549  2.000000  
204.947096 0.010233  0.093691  -0.018306  0.985119  0.170317  0.023084  -0.048510  0.146678  0.987994  0.164886  -0.974412  0.152757  0.002505  -0.006506  0.001903  -0.178688  -0.088893  0.095564  2.000000  
204.948343 0.010235  0.093683  -0.018304  0.985109  0.170350  0.023266  -0.048713  0.146762  0.987972  0.164886  -0.974393  0.152875  0.002443  -0.006540  0.001813  -0.169246  -0.088880  0.090456  2.000000  
204.949345 0.010237  0.093676  -0.018303  0.985077  0.170510  0.023449  -0.048915  0.146721  0.987968  0.165018  -0.974371  0.152872  0.002433  -0.006575  0.001714  -0.155883  -0.095503  0.091454  2.000000  
204.950592 0.010240  0.093668  -0.018302  0.985077  0.170513  0.023429  -0.048915  0.146841  0.987950  0.165018  -0.974353  0.152990  0.002382  -0.006602  0.001592  0.000000  0.000000  0.000000  2.000000  
204.951594 0.010241  0.093661  -0.018301  0.985045  0.170674  0.023612  -0.049116  0.146799  0.987946  0.165150  -0.974331  0.152986  0.002332  -0.006638  0.001465  0.000000  0.000000  0.000000  2.000000  
204.952843 0.010244  0.093652  -0.018301  0.985045  0.170677  0.023591  -0.049116  0.146919  0.987928  0.165150  -0.974312  0.153105  0.002270  -0.006648  0.001328  0.000000  0.000000  0.000000  2.000000  
204.953847 0.010245  0.093646  -0.018300  0.985012  0.170837  0.023774  -0.049318  0.146877  0.987924  0.165282  -0.974290  0.153101  0.002180  -0.006692  0.001172  0.000000  0.000000  0.000000  2.000000  
204.954859 0.010247  0.093640  -0.018299  0.984990  0.170967  0.023753  -0.049317  0.146871  0.987926  0.165414  -0.974269  0.153098  0.002118  -0.006665  0.001116  0.000000  0.000000  0.000000  2.000000  
204.956096 0.010249  0.093632  -0.018299  0.984990  0.170970  0.023733  -0.049317  0.146991  0.987908  0.165414  -0.974250  0.153216  0.002054  -0.006647  0.000988  0.000000  0.000000  0.000000  2.000000  
204.957100 0.010251  0.093625  -0.018298  0.984958  0.171131  0.023916  -0.049519  0.146949  0.987904  0.165546  -0.974228  0.153213  0.001973  -0.006686  0.000919  0.000000  0.000000  0.000000  2.000000  
204.958347 0.010253  0.093617  -0.018297  0.984936  0.171261  0.023895  -0.049517  0.146942  0.987905  0.165678  -0.974206  0.153209  0.001910  -0.006637  0.000872  0.000000  0.000000  0.000000  2.000000  
204.959351 0.010255  0.093611  -0.018296  0.984926  0.171291  0.024099  -0.049720  0.146907  0.987900  0.165678  -0.974206  0.153209  0.001857  -0.006612  0.000833  0.000000  0.000000  0.000000  2.000000  
204.960597 0.010257  0.093603  -0.018295  0.984904  0.171421  0.024078  -0.049719  0.146900  0.987901  0.165810  -0.974184  0.153206  0.001837  -0.006541  0.000767  0.000000  0.000000  0.000000  2.000000  
204.961849 0.010259  0.093595  -0.018294  0.984881  0.171551  0.024058  -0.049718  0.146894  0.987902  0.165942  -0.974162  0.153202  0.001797  -0.006515  0.000752  0.000000  0.000000  0.000000  2.000000  
204.962859 0.010261  0.093589  -0.018293  0.984871  0.171582  0.024261  -0.049921  0.146859  0.987897  0.165942  -0.974162  0.153202  0.001793  -0.006454  0.000780  0.000000  0.000000  0.000000  2.000000  
204.964096 0.010263  0.093581  -0.018293  0.984849  0.171712  0.024240  -0.049920  0.146852  0.987898  0.166074  -0.974140  0.153199  0.001742  -0.006414  0.000694  0.000000  0.000000  0.000000  2.000000  
204.965096 0.010265  0.093575  -0.018292  0.984827  0.171842  0.024220  -0.049919  0.146845  0.987899  0.166206  -0.974118  0.153195  0.001763  -0.006360  0.000706  0.000000  0.000000  0.000000  2.000000  
204.966345 0.010268  0.093569  -0.018290  0.984827  0.171842  0.024220  -0.049919  0.146845  0.987899  0.166206  -0.974118  0.153195  0.001765  -0.006251  0.000763  0.000000  0.000000  0.000000  2.000000  
204.967594 0.010270  0.093561  -0.018289  0.984794  0.172002  0.024403  -0.050120  0.146803  0.987895  0.166338  -0.974097  0.153192  0.001775  -0.006196  0.000814  0.000000  0.000000  0.000000  2.000000  
204.968848 0.010273  0.093555  -0.018287  0.984772  0.172129  0.024403  -0.050119  0.146677  0.987914  0.166470  -0.974093  0.153070  0.001825  -0.006059  0.000877  0.000000  0.000000  0.000000  2.000000  
204.970094 0.010276  0.093548  -0.018285  0.984750  0.172260  0.024383  -0.050118  0.146670  0.987915  0.166602  -0.974071  0.153067  0.001868  -0.005955  0.000961  0.000000  0.000000  0.000000  2.000000  
204.971345 0.010278  0.093542  -0.018284  0.984727  0.172390  0.024362  -0.050117  0.146664  0.987916  0.166734  -0.974049  0.153063  0.001920  -0.005875  0.000994  0.000000  0.000000  0.000000  2.000000  
204.972354 0.010280  0.093537  -0.018282  0.984727  0.172387  0.024383  -0.050117  0.146544  0.987934  0.166734  -0.974068  0.152945  0.001940  -0.005779  0.001087  0.000000  0.000000  0.000000  2.000000  
204.973598 0.010283  0.093531  -0.018280  0.984695  0.172547  0.024566  -0.050318  0.146502  0.987930  0.166865  -0.974046  0.152942  0.001970  -0.005655  0.001159  0.000000  0.000000  0.000000  2.000000  
204.974861 0.010286  0.093525  -0.018277  0.984673  0.172674  0.024567  -0.050317  0.146375  0.987949  0.166997  -0.974042  0.152820  0.002023  -0.005504  0.001227  0.000000  0.000000  0.000000  2.000000  
204.976097 0.010289  0.093519  -0.018274  0.984673  0.172674  0.024567  -0.050317  0.146375  0.987949  0.166997  -0.974042  0.152820  0.002077  -0.005369  0.001353  0.000000  0.000000  0.000000  2.000000  
204.977346 0.010291  0.093514  -0.018271  0.984650  0.172802  0.024567  -0.050316  0.146249  0.987967  0.167129  -0.974038  0.152698  0.002103  -0.005189  0.001509  0.000000  0.000000  0.000000  2.000000  
204.978347 0.010293  0.093509  -0.018270  0.984628  0.172932  0.024547  -0.050315  0.146242  0.987968  0.167261  -0.974016  0.152695  0.002097  -0.005092  0.001543  0.000000  0.000000  0.000000  2.000000  
204.979348 0.010295  0.093505  -0.018268  0.984628  0.172929  0.024568  -0.050315  0.146122  0.987986  0.167261  -0.974035  0.152577  0.002109  -0.004958  0.001639  0.000000  0.000000  0.000000  2.000000  
204.980594 0.010297  0.093501  -0.018264  0.984595  0.173086  0.024772  -0.050516  0.145960  0.988000  0.167393  -0.974031  0.152455  0.002102  -0.004807  0.001768  0.000000  0.000000  0.000000  2.000000  
