1-Time 2-Px 3-Py 4-Pz 5-R11 6-R21 7-R31 8-R12 9-R22 10-R32 11-R13 12-R23 13-R33 14-Vx 15-Vy 16-Vz 17-Wx 18-Wy 19-Wz 20-state 21-PR11 22-PR21 23-PR31 24-PR12 25-PR22 26-PR32 27-PR13 28-PR23 29-PR33 
149.744536 0.006779  0.094396  -0.019201  0.991741  0.127443  0.014458  -0.026753  0.095294  0.995090  0.125439  -0.987257  0.097917  0.000040  -0.000019  0.000075  0.000000  0.000000  0.000000  2.000000  
149.745549 0.006778  0.094396  -0.019201  0.991724  0.127575  0.014445  -0.026752  0.095291  0.995090  0.125572  -0.987241  0.097915  0.000021  0.000029  0.000059  0.000000  0.000000  0.000000  2.000000  
149.746801 0.006779  0.094396  -0.019202  0.991707  0.127636  0.015044  -0.027365  0.095333  0.995069  0.125572  -0.987229  0.098035  0.000092  0.000004  0.000017  0.000000  0.000000  0.000000  2.000000  
149.748040 0.006781  0.094396  -0.019201  0.991707  0.127563  0.015672  -0.027978  0.095257  0.995059  0.125439  -0.987246  0.098036  0.000174  0.000032  0.000026  0.000000  0.000000  0.000000  2.000000  
149.749293 0.006783  0.094396  -0.019201  0.991706  0.127491  0.016284  -0.028591  0.095303  0.995038  0.125307  -0.987250  0.098158  0.000306  0.000039  0.000071  0.000000  0.000000  0.000000  2.000000  
149.750542 0.006785  0.094396  -0.019200  0.991700  0.127511  0.016489  -0.028795  0.095277  0.995034  0.125307  -0.987250  0.098158  0.000439  0.000068  0.000069  0.000000  0.000000  0.000000  2.000000  
149.751794 0.006787  0.094396  -0.019199  0.991665  0.127706  0.017059  -0.029407  0.095436  0.995001  0.125439  -0.987210  0.098396  0.000612  0.000078  0.000142  0.000000  0.000000  0.000000  2.000000  
149.753039 0.006790  0.094397  -0.019197  0.991597  0.128163  0.017619  -0.030018  0.095465  0.994980  0.125838  -0.987148  0.098510  0.000756  0.000138  0.000237  0.000000  0.000000  0.000000  2.000000  
149.754040 0.006791  0.094397  -0.019196  0.991555  0.128376  0.018410  -0.030834  0.095476  0.994954  0.125970  -0.987119  0.098628  0.000879  0.000170  0.000275  0.000000  0.000000  0.000000  2.000000  
149.755287 0.006793  0.094398  -0.019196  0.991519  0.128569  0.018995  -0.031446  0.095514  0.994931  0.126103  -0.987090  0.098746  0.000991  0.000225  0.000303  0.000000  0.000000  0.000000  2.000000  
149.756292 0.006794  0.094398  -0.019196  0.991499  0.128630  0.019594  -0.032058  0.095555  0.994908  0.126103  -0.987078  0.098866  0.001042  0.000226  0.000292  0.000000  0.000000  0.000000  2.000000  
149.757543 0.006795  0.094399  -0.019196  0.991489  0.128582  0.020395  -0.032875  0.095695  0.994868  0.125970  -0.987071  0.099107  0.001093  0.000227  0.000281  0.000000  0.000000  0.000000  2.000000  
149.758801 0.006797  0.094399  -0.019195  0.991455  0.128688  0.021373  -0.033896  0.095924  0.994811  0.125970  -0.987035  0.099466  0.001214  0.000235  0.000365  -0.015617  -0.193519  0.064557  2.000000  
149.760043 0.006798  0.094400  -0.019194  0.991402  0.128927  0.022336  -0.034916  0.096149  0.994754  0.126103  -0.986982  0.099824  0.001305  0.000242  0.000480  -0.022631  -0.234076  0.073192  2.000000  
149.761292 0.006799  0.094401  -0.019193  0.991381  0.128995  0.022904  -0.035528  0.096431  0.994705  0.126103  -0.986945  0.100183  0.001369  0.000327  0.000558  -0.032241  -0.255008  0.070824  2.000000  
149.762541 0.006800  0.094402  -0.019192  0.991359  0.129063  0.023471  -0.036140  0.096714  0.994656  0.126103  -0.986909  0.100542  0.001330  0.000457  0.000662  -0.041870  -0.275515  0.072942  2.000000  
149.763542 0.006801  0.094403  -0.019191  0.991329  0.129151  0.024243  -0.036957  0.096969  0.994601  0.126103  -0.986872  0.100901  0.001279  0.000478  0.000625  -0.053837  -0.309654  0.076419  2.000000  
149.764804 0.006802  0.094403  -0.019192  0.991298  0.129243  0.025000  -0.037773  0.097345  0.994534  0.126103  -0.986823  0.101380  0.001197  0.000472  0.000569  -0.066613  -0.337223  0.074741  2.000000  
149.766037 0.006802  0.094403  -0.019194  0.991274  0.129319  0.025536  -0.038385  0.097869  0.994459  0.126103  -0.986762  0.101979  0.001088  0.000450  0.000363  -0.083561  -0.364712  0.077656  2.000000  
149.767039 0.006802  0.094403  -0.019196  0.991250  0.129389  0.026103  -0.038997  0.098151  0.994407  0.126103  -0.986724  0.102338  0.000933  0.000414  0.000160  -0.093156  -0.385623  0.075326  2.000000  
149.768293 0.006801  0.094403  -0.019199  0.991234  0.129442  0.026449  -0.039406  0.098580  0.994349  0.126103  -0.986675  0.102816  0.000730  0.000388  -0.000162  -0.106843  -0.406045  0.077497  2.000000  
149.769542 0.006801  0.094403  -0.019202  0.991201  0.129631  0.026766  -0.039813  0.099124  0.994278  0.126236  -0.986595  0.103413  0.000609  0.000369  -0.000430  -0.129525  -0.419740  0.079000  2.000000  
149.770805 0.006801  0.094401  -0.019207  0.991176  0.129709  0.027302  -0.040425  0.099647  0.994201  0.126236  -0.986532  0.104011  0.000515  0.000221  -0.000760  -0.146328  -0.446723  0.081867  2.000000  
149.772040 0.006801  0.094400  -0.019212  0.991160  0.129763  0.027648  -0.040833  0.100076  0.994142  0.126236  -0.986482  0.104490  0.000406  0.000096  -0.001083  -0.159645  -0.457343  0.078313  2.000000  
149.773046 0.006799  0.094398  -0.019217  0.991151  0.129797  0.027790  -0.041037  0.100532  0.994087  0.126236  -0.986431  0.104969  0.000254  -0.000048  -0.001360  -0.176314  -0.468241  0.075277  2.000000  
149.774293 0.006798  0.094395  -0.019222  0.991159  0.129699  0.027946  -0.041242  0.100993  0.994032  0.126103  -0.986397  0.105449  0.000043  -0.000261  -0.001887  -0.195024  -0.482448  0.072313  2.000000  
149.775298 0.006797  0.094393  -0.019227  0.991142  0.129755  0.028292  -0.041650  0.101422  0.993971  0.126103  -0.986345  0.105928  -0.000142  -0.000489  -0.002278  -0.209606  -0.496663  0.069384  2.000000  
149.776544 0.006795  0.094390  -0.019235  0.991117  0.129921  0.028419  -0.041854  0.101872  0.993917  0.126236  -0.986277  0.106404  -0.000298  -0.000779  -0.002874  -0.223591  -0.482613  0.072607  2.000000  
149.777794 0.006794  0.094387  -0.019243  0.991117  0.129942  0.028325  -0.041854  0.102595  0.993842  0.126236  -0.986199  0.107122  -0.000405  -0.001028  -0.003436  -0.250613  -0.461465  0.075100  2.000000  
149.778804 0.006794  0.094385  -0.019249  0.991091  0.130109  0.028452  -0.042057  0.103045  0.993787  0.126369  -0.986131  0.107599  -0.000473  -0.001197  -0.003936  -0.263597  -0.453482  0.083436  2.000000  
149.780042 0.006794  0.094383  -0.019257  0.991091  0.130129  0.028357  -0.042057  0.103768  0.993712  0.126369  -0.986052  0.108316  -0.000526  -0.001353  -0.004427  -0.289914  -0.439998  0.082209  2.000000  
149.781289 0.006795  0.094381  -0.019265  0.991083  0.130172  0.028467  -0.042261  0.104464  0.993630  0.126369  -0.985973  0.109034  -0.000496  -0.001448  -0.004769  -0.307729  -0.436826  0.077286  2.000000  
149.782542 0.006795  0.094380  -0.019273  0.991100  0.130060  0.028387  -0.042262  0.105193  0.993553  0.126236  -0.985910  0.109753  -0.000445  -0.001567  -0.005139  -0.330944  -0.407725  0.061126  2.000000  
149.783543 0.006796  0.094379  -0.019279  0.991091  0.130096  0.028528  -0.042466  0.105648  0.993496  0.126236  -0.985857  0.110232  -0.000374  -0.001604  -0.005365  -0.344897  -0.395030  0.050864  2.000000  
149.784803 0.006797  0.094378  -0.019286  0.991091  0.130117  0.028434  -0.042466  0.106371  0.993419  0.126236  -0.985776  0.110949  -0.000312  -0.001636  -0.005546  -0.364845  -0.371908  0.044016  2.000000  
149.786041 0.006798  0.094378  -0.019293  0.991074  0.130266  0.028340  -0.042465  0.106968  0.993355  0.126369  -0.985692  0.111545  -0.000200  -0.001593  -0.005705  -0.387651  -0.347192  0.046077  2.000000  
149.787293 0.006798  0.094376  -0.019299  0.991057  0.130418  0.028230  -0.042464  0.107686  0.993278  0.126501  -0.985594  0.112261  -0.000117  -0.001542  -0.005743  -0.407434  -0.318890  0.052261  2.000000  
149.788537 0.006800  0.094375  -0.019305  0.991057  0.130435  0.028151  -0.042464  0.108288  0.993212  0.126501  -0.985525  0.112858  0.000066  -0.001444  -0.005757  -0.419687  -0.289173  0.049054  2.000000  
149.789543 0.006801  0.094374  -0.019310  0.991057  0.130452  0.028072  -0.042464  0.108890  0.993146  0.126501  -0.985457  0.113456  0.000243  -0.001338  -0.005836  -0.435723  -0.257932  0.041447  2.000000  
149.790800 0.006803  0.094374  -0.019317  0.991048  0.130492  0.028197  -0.042668  0.109466  0.993074  0.126501  -0.985388  0.114054  0.000479  -0.001150  -0.005768  -0.445455  -0.244167  0.040075  2.000000  
149.791806 0.006804  0.094374  -0.019322  0.991048  0.130509  0.028118  -0.042668  0.110068  0.993008  0.126501  -0.985318  0.114651  0.000664  -0.000986  -0.005646  -0.456123  -0.223628  0.037953  2.000000  
149.793041 0.006808  0.094375  -0.019327  0.991040  0.130552  0.028227  -0.042872  0.110764  0.992922  0.126501  -0.985235  0.115368  0.000912  -0.000770  -0.005493  -0.466648  -0.208427  0.036311  2.000000  
149.794042 0.006810  0.094375  -0.019331  0.991040  0.130572  0.028132  -0.042872  0.111486  0.992841  0.126501  -0.985151  0.116085  0.001128  -0.000603  -0.005309  -0.481971  -0.182751  0.033716  2.000000  
149.795045 0.006814  0.094376  -0.019334  0.991014  0.130741  0.028258  -0.043076  0.111935  0.992781  0.126634  -0.985077  0.116561  0.001333  -0.000433  -0.005083  -0.487775  -0.168592  0.036753  2.000000  
149.796296 0.006819  0.094379  -0.019337  0.991014  0.130761  0.028163  -0.043076  0.112658  0.992700  0.126634  -0.984992  0.117278  0.001632  -0.000104  -0.004757  -0.498511  -0.148090  0.034575  2.000000  
149.797542 0.006823  0.094382  -0.019340  0.990988  0.130937  0.028256  -0.043279  0.113348  0.992612  0.126767  -0.984890  0.117993  0.001859  0.000141  -0.004428  -0.504314  -0.133919  0.037615  2.000000  
149.798544 0.006827  0.094384  -0.019341  0.990979  0.130974  0.028397  -0.043483  0.113802  0.992551  0.126767  -0.984832  0.118471  0.002085  0.000348  -0.004103  -0.509319  -0.127096  0.036909  2.000000  
149.799796 0.006831  0.094386  -0.019344  0.990953  0.131153  0.028474  -0.043686  0.114612  0.992449  0.126899  -0.984715  0.119305  0.002274  0.000484  -0.003847  -0.518204  -0.120217  0.036221  2.000000  
149.801040 0.006835  0.094387  -0.019346  0.990944  0.131198  0.028583  -0.043890  0.115308  0.992360  0.126899  -0.984628  0.120022  0.002465  0.000631  -0.003541  -0.524141  -0.106577  0.034757  2.000000  
149.802042 0.006838  0.094388  -0.019348  0.990918  0.131370  0.028692  -0.044093  0.115876  0.992284  0.127032  -0.984538  0.120617  0.002671  0.000764  -0.003311  -0.532330  -0.106058  0.039280  2.000000  
149.803288 0.006842  0.094389  -0.019348  0.990900  0.131443  0.028989  -0.044501  0.116665  0.992174  0.127032  -0.984435  0.121453  0.002809  0.000922  -0.002959  -0.539284  -0.111938  0.039810  2.000000  
149.804537 0.006845  0.094391  -0.019348  0.990874  0.131620  0.029081  -0.044705  0.117354  0.992083  0.127165  -0.984329  0.122167  0.002951  0.001100  -0.002510  -0.548123  -0.104103  0.047949  2.000000  
149.805793 0.006849  0.094393  -0.019347  0.990847  0.131800  0.029157  -0.044908  0.118163  0.991978  0.127298  -0.984208  0.123001  0.003103  0.001233  -0.002006  -0.556271  -0.104080  0.048031  2.000000  
149.806801 0.006852  0.094394  -0.019345  0.990838  0.131842  0.029281  -0.045112  0.118738  0.991900  0.127298  -0.984134  0.123597  0.003193  0.001313  -0.001541  -0.560692  -0.104878  0.048476  2.000000  
149.808046 0.006856  0.094396  -0.019342  0.990802  0.132048  0.029561  -0.045519  0.119519  0.991788  0.127430  -0.984011  0.124431  0.003224  0.001393  -0.000986  -0.567990  -0.111664  0.049358  2.000000  
149.809293 0.006860  0.094398  -0.019339  0.990793  0.132094  0.029669  -0.045723  0.120214  0.991695  0.127430  -0.983921  0.125147  0.003244  0.001477  -0.000425  -0.570607  -0.117490  0.049825  2.000000  
149.810544 0.006864  0.094400  -0.019336  0.990757  0.132297  0.029964  -0.046130  0.120875  0.991595  0.127563  -0.983812  0.125861  0.003203  0.001474  -0.000039  -0.565557  -0.131551  0.056441  2.000000  
149.811796 0.006868  0.094402  -0.019334  0.990731  0.132479  0.030039  -0.046333  0.121684  0.991487  0.127696  -0.983688  0.126694  0.003180  0.001444  0.000316  -0.573497  -0.130390  0.065445  2.000000  
149.813042 0.006872  0.094404  -0.019332  0.990711  0.132555  0.030335  -0.046741  0.122471  0.991371  0.127696  -0.983580  0.127529  0.003097  0.001360  0.000631  -0.576732  -0.137161  0.066374  2.000000  
149.814293 0.006875  0.094404  -0.019329  0.990685  0.132737  0.030409  -0.046944  0.123279  0.991261  0.127828  -0.983455  0.128362  0.003035  0.001305  0.001006  -0.579902  -0.143373  0.071771  2.000000  
149.815537 0.006878  0.094405  -0.019326  0.990658  0.132916  0.030499  -0.047147  0.123967  0.991166  0.127961  -0.983344  0.129075  0.002944  0.001204  0.001327  -0.582481  -0.148402  0.076538  2.000000  
149.816538 0.006880  0.094405  -0.019323  0.990638  0.132986  0.030827  -0.047555  0.124513  0.991078  0.127961  -0.983266  0.129672  0.002891  0.001170  0.001610  -0.580657  -0.162393  0.073849  2.000000  
149.817546 0.006882  0.094404  -0.019320  0.990611  0.133162  0.030933  -0.047759  0.125081  0.990996  0.128094  -0.983170  0.130266  0.002816  0.001025  0.001883  -0.584525  -0.170491  0.075395  2.000000  
149.818791 0.006883  0.094402  -0.019317  0.990602  0.133210  0.031040  -0.047962  0.125774  0.990899  0.128094  -0.983075  0.130981  0.002668  0.000809  0.002116  -0.582921  -0.175804  0.075730  2.000000  
149.820038 0.006885  0.094401  -0.019314  0.990575  0.133390  0.031129  -0.048166  0.126462  0.990801  0.128227  -0.982962  0.131695  0.002522  0.000630  0.002246  -0.586187  -0.181989  0.081130  2.000000  
149.821039 0.006886  0.094399  -0.019312  0.990548  0.133563  0.031251  -0.048369  0.126909  0.990734  0.128359  -0.982881  0.132169  0.002397  0.000382  0.002265  -0.582013  -0.181352  0.085638  2.000000  
149.822039 0.006887  0.094397  -0.019310  0.990520  0.133739  0.031356  -0.048572  0.127475  0.990652  0.128492  -0.982784  0.132763  0.002314  0.000158  0.002265  -0.585366  -0.187564  0.091042  2.000000  
149.823044 0.006888  0.094394  -0.019310  0.990493  0.133912  0.031477  -0.048775  0.127922  0.990584  0.128625  -0.982702  0.133237  0.002170  -0.000098  0.002181  -0.577833  -0.188446  0.096363  2.000000  
149.824293 0.006890  0.094391  -0.019309  0.990466  0.134093  0.031566  -0.048978  0.128609  0.990485  0.128757  -0.982588  0.133950  0.002045  -0.000455  0.002024  -0.577780  -0.188364  0.096495  2.000000  
149.825295 0.006892  0.094388  -0.019307  0.990449  0.134239  0.031483  -0.048977  0.129083  0.990424  0.128890  -0.982506  0.134425  0.001913  -0.000774  0.001960  -0.573614  -0.187715  0.101046  2.000000  
149.826543 0.006894  0.094385  -0.019307  0.990421  0.134420  0.031571  -0.049180  0.129770  0.990324  0.129023  -0.982390  0.135137  0.001735  -0.001161  0.001859  -0.577773  -0.187680  0.101190  2.000000  
149.827794 0.006895  0.094381  -0.019306  0.990394  0.134597  0.031675  -0.049383  0.130336  0.990239  0.129155  -0.982291  0.135731  0.001607  -0.001547  0.001746  -0.573588  -0.187004  0.105758  2.000000  
149.828795 0.006896  0.094377  -0.019306  0.990377  0.134744  0.031591  -0.049382  0.130810  0.990177  0.129288  -0.982208  0.136205  0.001466  -0.001827  0.001611  -0.570340  -0.180128  0.104971  2.000000  
149.829796 0.006897  0.094373  -0.019305  0.990349  0.134918  0.031712  -0.049585  0.131256  0.990108  0.129421  -0.982125  0.136679  0.001402  -0.002131  0.001494  -0.565330  -0.186281  0.110408  2.000000  
149.830801 0.006897  0.094368  -0.019305  0.990332  0.135064  0.031628  -0.049584  0.131730  0.990045  0.129553  -0.982041  0.137153  0.001238  -0.002484  0.001314  -0.562058  -0.178810  0.114064  2.000000  
149.832040 0.006898  0.094362  -0.019304  0.990304  0.135242  0.031731  -0.049787  0.132296  0.989959  0.129686  -0.981941  0.137746  0.001111  -0.002848  0.001155  -0.557597  -0.177328  0.113271  2.000000  
149.833040 0.006898  0.094358  -0.019304  0.990287  0.135388  0.031647  -0.049787  0.132769  0.989896  0.129819  -0.981857  0.138220  0.001027  -0.003088  0.000973  -0.551732  -0.164518  0.116986  2.000000  
149.834288 0.006898  0.094351  -0.019305  0.990252  0.135670  0.031528  -0.049785  0.133357  0.989817  0.130084  -0.981738  0.138811  0.000935  -0.003372  0.000743  -0.548550  -0.157052  0.120659  2.000000  
149.835289 0.006898  0.094346  -0.019306  0.990235  0.135816  0.031444  -0.049784  0.133830  0.989753  0.130217  -0.981653  0.139285  0.000846  -0.003673  0.000467  -0.544862  -0.148352  0.123253  2.000000  
149.836290 0.006898  0.094340  -0.019307  0.990207  0.135991  0.031563  -0.049987  0.134276  0.989682  0.130349  -0.981568  0.139759  0.000789  -0.003844  0.000307  -0.536818  -0.148293  0.123358  2.000000  
149.837542 0.006898  0.094334  -0.019308  0.990190  0.136141  0.031462  -0.049986  0.134869  0.989602  0.130482  -0.981466  0.140351  0.000677  -0.004153  0.000101  -0.534008  -0.142634  0.123579  2.000000  
149.838788 0.006899  0.094328  -0.019309  0.990155  0.136422  0.031341  -0.049984  0.135456  0.989522  0.130747  -0.981346  0.140942  0.000603  -0.004313  0.000023  -0.531417  -0.126710  0.129677  2.000000  
149.839799 0.006900  0.094323  -0.019309  0.990120  0.136696  0.031254  -0.049982  0.135803  0.989474  0.131013  -0.981260  0.141294  0.000561  -0.004470  -0.000087  -0.524367  -0.119340  0.133289  2.000000  
149.840799 0.006901  0.094319  -0.019309  0.990102  0.136842  0.031169  -0.049982  0.136277  0.989409  0.131145  -0.981174  0.141767  0.000570  -0.004572  -0.000121  -0.516967  -0.112742  0.137899  2.000000  
149.842046 0.006903  0.094312  -0.019309  0.990067  0.137123  0.031048  -0.049980  0.136863  0.989328  0.131411  -0.981053  0.142357  0.000567  -0.004774  -0.000216  -0.510648  -0.098447  0.140590  2.000000  
149.843291 0.006905  0.094306  -0.019309  0.990032  0.137400  0.030943  -0.049978  0.137330  0.989264  0.131676  -0.980949  0.142828  0.000595  -0.004868  -0.000221  -0.499280  -0.089601  0.147413  2.000000  
149.844292 0.006906  0.094301  -0.019310  0.989997  0.137677  0.030838  -0.049976  0.137797  0.989199  0.131941  -0.980845  0.143299  0.000615  -0.004948  -0.000339  -0.496085  -0.082162  0.150941  2.000000  
149.845541 0.006908  0.094294  -0.019310  0.989962  0.137955  0.030733  -0.049974  0.138264  0.989134  0.132206  -0.980740  0.143770  0.000694  -0.004998  -0.000372  -0.489835  -0.068542  0.154841  2.000000  
149.846541 0.006909  0.094288  -0.019311  0.989926  0.138228  0.030644  -0.049973  0.138610  0.989085  0.132472  -0.980653  0.144122  0.000788  -0.005111  -0.000459  -0.482548  -0.060424  0.162828  2.000000  
149.847542 0.006911  0.094283  -0.019311  0.989909  0.138374  0.030558  -0.049972  0.139084  0.989019  0.132604  -0.980565  0.144595  0.000910  -0.005136  -0.000511  -0.479448  -0.053106  0.160570  2.000000  
149.848544 0.006913  0.094278  -0.019311  0.989873  0.138647  0.030468  -0.049970  0.139430  0.988970  0.132869  -0.980478  0.144946  0.001042  -0.005128  -0.000466  -0.472022  -0.045405  0.169860  2.000000  
149.849795 0.006916  0.094271  -0.019311  0.989820  0.139051  0.030360  -0.049967  0.139770  0.988922  0.133267  -0.980372  0.145295  0.001205  -0.005160  -0.000374  -0.460625  -0.037257  0.177811  2.000000  
149.851040 0.006919  0.094265  -0.019310  0.989784  0.139328  0.030253  -0.049966  0.140237  0.988856  0.133532  -0.980266  0.145766  0.001420  -0.005128  -0.000206  -0.453484  -0.029733  0.181370  2.000000  
149.852292 0.006923  0.094259  -0.019309  0.989730  0.139732  0.030144  -0.049963  0.140577  0.988808  0.133930  -0.980160  0.146114  0.001655  -0.005087  -0.000046  -0.446168  -0.021582  0.189301  2.000000  
149.853293 0.006925  0.094254  -0.019308  0.989695  0.140004  0.030054  -0.049961  0.140923  0.988759  0.134195  -0.980071  0.146466  0.001786  -0.005091  0.000070  -0.438982  -0.014065  0.192824  2.000000  
149.854543 0.006929  0.094248  -0.019307  0.989641  0.140408  0.029944  -0.049958  0.141263  0.988711  0.134593  -0.979964  0.146814  0.001947  -0.005080  0.000180  -0.431982  -0.005908  0.200881  2.000000  
149.855788 0.006933  0.094242  -0.019306  0.989594  0.140710  0.030057  -0.050160  0.141581  0.988655  0.134858  -0.979875  0.147166  0.002098  -0.005125  0.000241  -0.424458  -0.005140  0.203689  2.000000  
149.856798 0.006936  0.094237  -0.019306  0.989558  0.140983  0.029967  -0.050158  0.141927  0.988605  0.135123  -0.979786  0.147517  0.002225  -0.005105  0.000257  -0.415296  -0.004423  0.209617  2.000000  
149.858051 0.006940  0.094231  -0.019304  0.989504  0.141387  0.029856  -0.050156  0.142267  0.988557  0.135521  -0.979678  0.147865  0.002388  -0.005069  0.000322  -0.408006  0.003755  0.217514  2.000000  
149.859296 0.006943  0.094225  -0.019303  0.989450  0.141794  0.029728  -0.050153  0.142727  0.988491  0.135919  -0.979553  0.148332  0.002490  -0.005059  0.000484  -0.404922  0.011955  0.225471  2.000000  
149.860544 0.006946  0.094219  -0.019302  0.989405  0.142168  0.029413  -0.049946  0.143096  0.988448  0.136316  -0.979445  0.148681  0.002584  -0.005003  0.000591  -0.397819  0.019506  0.229005  2.000000  
149.861562 0.006949  0.094215  -0.019300  0.989351  0.142568  0.029319  -0.049944  0.143316  0.988416  0.136714  -0.979354  0.148910  0.002685  -0.004885  0.000747  -0.389318  0.020873  0.237693  2.000000  
149.862797 0.006952  0.094209  -0.019298  0.989296  0.142971  0.029207  -0.049941  0.143656  0.988367  0.137112  -0.979246  0.149258  0.002717  -0.004829  0.000904  -0.383191  0.028835  0.243694  2.000000  
149.863798 0.006954  0.094204  -0.019296  0.989241  0.143370  0.029113  -0.049938  0.143876  0.988335  0.137509  -0.979155  0.149487  0.002727  -0.004798  0.001002  -0.374069  0.030481  0.254555  2.000000  
149.864804 0.006957  0.094201  -0.019294  0.989204  0.143639  0.029038  -0.049936  0.144102  0.988302  0.137774  -0.979082  0.149719  0.002707  -0.004693  0.001075  -0.367037  0.030964  0.256925  2.000000  
149.866041 0.006959  0.094195  -0.019293  0.989149  0.144042  0.028926  -0.049933  0.144442  0.988253  0.138172  -0.978973  0.150067  0.002659  -0.004643  0.001176  -0.358770  0.038803  0.262480  2.000000  
149.867289 0.006961  0.094190  -0.019291  0.989093  0.144442  0.028830  -0.049931  0.144662  0.988221  0.138569  -0.978882  0.150296  0.002575  -0.004593  0.001176  -0.346605  0.040241  0.271413  2.000000  
149.868289 0.006963  0.094185  -0.019290  0.989048  0.144811  0.028532  -0.049724  0.144912  0.988194  0.138967  -0.978790  0.150525  0.002496  -0.004544  0.001209  -0.340617  0.048028  0.276979  2.000000  
149.869293 0.006964  0.094181  -0.019289  0.989011  0.145080  0.028456  -0.049722  0.145138  0.988161  0.139232  -0.978717  0.150757  0.002386  -0.004500  0.001211  -0.332483  0.048122  0.276922  2.000000  
149.870538 0.006966  0.094176  -0.019287  0.988955  0.145479  0.028360  -0.049720  0.145358  0.988129  0.139629  -0.978625  0.150986  0.002255  -0.004452  0.001220  -0.324434  0.048886  0.281346  2.000000  
149.871542 0.006967  0.094172  -0.019286  0.988899  0.145875  0.028282  -0.049717  0.145458  0.988114  0.140027  -0.978551  0.151096  0.002126  -0.004405  0.001264  -0.312303  0.049631  0.285741  2.000000  
149.872792 0.006968  0.094167  -0.019285  0.988853  0.146244  0.027983  -0.049510  0.145709  0.988088  0.140424  -0.978459  0.151325  0.001955  -0.004360  0.001280  -0.305210  0.057132  0.289181  2.000000  
149.873798 0.006969  0.094163  -0.019284  0.988796  0.146643  0.027887  -0.049507  0.145929  0.988056  0.140822  -0.978366  0.151554  0.001785  -0.004339  0.001343  -0.295387  0.058373  0.295879  2.000000  
149.874813 0.006970  0.094158  -0.019282  0.988759  0.146908  0.027828  -0.049506  0.146035  0.988040  0.141087  -0.978311  0.151667  0.001660  -0.004284  0.001344  -0.287101  0.059087  0.300169  2.000000  
149.876042 0.006971  0.094153  -0.019281  0.988702  0.147307  0.027732  -0.049503  0.146255  0.988007  0.141484  -0.978218  0.151895  0.001504  -0.004247  0.001326  -0.279182  0.059915  0.304837  2.000000  
149.877292 0.006972  0.094149  -0.019279  0.988655  0.147672  0.027449  -0.049296  0.146386  0.987998  0.141881  -0.978143  0.152005  0.001374  -0.004177  0.001323  -0.263790  0.067468  0.308195  2.000000  
149.878293 0.006972  0.094144  -0.019278  0.988598  0.148067  0.027371  -0.049294  0.146486  0.987984  0.142279  -0.978068  0.152115  0.001244  -0.004184  0.001279  -0.255658  0.068220  0.312644  2.000000  
149.879294 0.006973  0.094140  -0.019277  0.988560  0.148332  0.027312  -0.049292  0.146593  0.987968  0.142544  -0.978012  0.152228  0.001174  -0.004134  0.001232  -0.247447  0.068278  0.312550  2.000000  
149.880295 0.006974  0.094137  -0.019276  0.988522  0.148597  0.027253  -0.049290  0.146700  0.987952  0.142808  -0.977956  0.152340  0.001073  -0.004092  0.001159  -0.243372  0.068333  0.312532  2.000000  
149.881311 0.006975  0.094133  -0.019275  0.988475  0.148962  0.026971  -0.049083  0.146831  0.987943  0.143206  -0.977881  0.152450  0.001001  -0.004040  0.001153  -0.236061  0.075820  0.315765  2.000000  
149.882538 0.006976  0.094129  -0.019274  0.988437  0.149226  0.026912  -0.049082  0.146938  0.987927  0.143471  -0.977824  0.152563  0.000995  -0.004003  0.001143  -0.228087  0.075272  0.311529  2.000000  
149.883538 0.006978  0.094125  -0.019272  0.988379  0.149622  0.026833  -0.049079  0.147038  0.987912  0.143868  -0.977749  0.152673  0.000956  -0.003929  0.001158  -0.219993  0.076044  0.316031  2.000000  
149.884542 0.006979  0.094122  -0.019271  0.988351  0.149853  0.026588  -0.048873  0.147056  0.987920  0.144133  -0.977711  0.152667  0.000954  -0.003870  0.001203  -0.210987  0.082147  0.312288  2.000000  
149.885543 0.006980  0.094119  -0.019269  0.988312  0.150117  0.026529  -0.048871  0.147163  0.987904  0.144397  -0.977654  0.152779  0.000955  -0.003793  0.001246  -0.205548  0.089671  0.313805  2.000000  
149.886795 0.006982  0.094115  -0.019267  0.988264  0.150479  0.026265  -0.048665  0.147175  0.987913  0.144795  -0.977597  0.152770  0.000996  -0.003709  0.001316  -0.192727  0.096393  0.314627  2.000000  
149.888043 0.006984  0.094111  -0.019265  0.988226  0.150743  0.026206  -0.048663  0.147281  0.987897  0.145059  -0.977540  0.152883  0.001030  -0.003672  0.001330  -0.184696  0.095810  0.310262  2.000000  
149.889296 0.006986  0.094108  -0.019263  0.988187  0.151008  0.026146  -0.048661  0.147388  0.987881  0.145324  -0.977483  0.152996  0.001132  -0.003504  0.001352  -0.173957  0.095297  0.303817  2.000000  
149.890542 0.006988  0.094104  -0.019261  0.988158  0.151239  0.025902  -0.048456  0.147407  0.987888  0.145589  -0.977445  0.152990  0.001226  -0.003403  0.001365  -0.160422  0.094574  0.301325  2.000000  
149.891546 0.006990  0.094102  -0.019259  0.988119  0.151500  0.025861  -0.048454  0.147394  0.987890  0.145854  -0.977406  0.152983  0.001319  -0.003298  0.001377  -0.152425  0.093973  0.297048  2.000000  
149.892547 0.006992  0.094099  -0.019259  0.988090  0.151731  0.025617  -0.048249  0.147412  0.987898  0.146118  -0.977368  0.152977  0.001392  -0.003224  0.001331  -0.142386  0.100847  0.293873  2.000000  
149.893797 0.006995  0.094096  -0.019256  0.988051  0.151992  0.025576  -0.048247  0.147400  0.987900  0.146383  -0.977329  0.152971  0.001496  -0.003067  0.001394  -0.133136  0.099361  0.287015  2.000000  
149.894807 0.006997  0.094094  -0.019255  0.988031  0.152123  0.025556  -0.048246  0.147393  0.987901  0.146515  -0.977310  0.152968  0.001578  -0.002960  0.001444  -0.121964  0.098811  0.280349  2.000000  
149.896041 0.007000  0.094091  -0.019253  0.988002  0.152354  0.025311  -0.048040  0.147412  0.987908  0.146780  -0.977271  0.152962  0.001655  -0.002858  0.001489  -0.114888  0.104983  0.275015  2.000000  
149.897042 0.007002  0.094090  -0.019251  0.987963  0.152615  0.025271  -0.048039  0.147399  0.987910  0.147045  -0.977232  0.152956  0.001716  -0.002700  0.001571  -0.106733  0.104998  0.274960  2.000000  
149.898289 0.007004  0.094087  -0.019249  0.987943  0.152745  0.025250  -0.048038  0.147393  0.987911  0.147177  -0.977212  0.152953  0.001768  -0.002628  0.001554  -0.097621  0.096897  0.267151  2.000000  
149.899544 0.007006  0.094084  -0.019248  0.987913  0.152973  0.025024  -0.047832  0.147292  0.987936  0.147442  -0.977192  0.152829  0.001801  -0.002552  0.001529  -0.086404  0.102993  0.261662  2.000000  
149.900795 0.007008  0.094081  -0.019247  0.987894  0.153104  0.025004  -0.047831  0.147285  0.987937  0.147574  -0.977173  0.152826  0.001862  -0.002451  0.001474  -0.077619  0.100803  0.250675  2.000000  
149.902039 0.007010  0.094078  -0.019245  0.987854  0.153362  0.024982  -0.047829  0.147153  0.987957  0.147839  -0.977152  0.152701  0.001844  -0.002382  0.001411  -0.061984  0.100293  0.243874  2.000000  
149.903039 0.007011  0.094076  -0.019244  0.987834  0.153493  0.024961  -0.047828  0.147147  0.987958  0.147971  -0.977132  0.152698  0.001824  -0.002344  0.001349  -0.056450  0.092081  0.238491  2.000000  
149.904040 0.007012  0.094074  -0.019243  0.987815  0.153623  0.024941  -0.047828  0.147140  0.987959  0.148103  -0.977113  0.152695  0.001775  -0.002290  0.001312  -0.052411  0.091398  0.234052  2.000000  
149.905041 0.007013  0.094072  -0.019243  0.987795  0.153751  0.024939  -0.047827  0.147014  0.987977  0.148236  -0.977112  0.152573  0.001705  -0.002254  0.001262  -0.044336  0.090019  0.225224  2.000000  
149.906045 0.007014  0.094070  -0.019242  0.987775  0.153878  0.024937  -0.047826  0.146888  0.987996  0.148368  -0.977111  0.152452  0.001683  -0.002169  0.001242  -0.032487  0.089391  0.218192  2.000000  
149.907290 0.007016  0.094067  -0.019241  0.987765  0.153979  0.024714  -0.047621  0.146913  0.988002  0.148500  -0.977091  0.152449  0.001576  -0.002140  0.001167  -0.028189  0.087988  0.212004  2.000000  
149.908293 0.007016  0.094066  -0.019240  0.987745  0.154106  0.024712  -0.047620  0.146787  0.988021  0.148633  -0.977090  0.152327  0.001480  -0.002106  0.001144  -0.016205  0.087336  0.204851  2.000000  
149.909295 0.007017  0.094064  -0.019240  0.987745  0.154106  0.024712  -0.047620  0.146787  0.988021  0.148633  -0.977090  0.152327  0.001388  -0.002086  0.001080  -0.012136  0.085968  0.195971  2.000000  
149.910542 0.007018  0.094062  -0.019239  0.987725  0.154234  0.024710  -0.047619  0.146661  0.988040  0.148765  -0.977089  0.152205  0.001276  -0.002012  0.000952  -0.002989  0.077840  0.188194  2.000000  
149.911794 0.007018  0.094060  -0.019239  0.987696  0.154391  0.024912  -0.047822  0.146503  0.988054  0.148897  -0.977088  0.152084  0.001125  -0.002010  0.000801  0.002070  0.069086  0.178836  2.000000  
149.912794 0.007018  0.094058  -0.019240  0.987676  0.154519  0.024911  -0.047821  0.146377  0.988072  0.149030  -0.977086  0.151962  0.001036  -0.001984  0.000694  0.010152  0.068417  0.174476  2.000000  
149.913797 0.007019  0.094056  -0.019239  0.987676  0.154519  0.024911  -0.047821  0.146377  0.988072  0.149030  -0.977086  0.151962  0.000906  -0.001969  0.000604  0.015313  0.060119  0.163555  2.000000  
149.914810 0.007019  0.094054  -0.019239  0.987676  0.154516  0.024929  -0.047821  0.146257  0.988090  0.149030  -0.977105  0.151844  0.000799  -0.001907  0.000524  0.000000  0.000000  0.000000  2.000000  
149.916043 0.007018  0.094052  -0.019240  0.987656  0.154644  0.024928  -0.047820  0.146131  0.988109  0.149162  -0.977103  0.151722  0.000657  -0.001868  0.000424  0.000000  0.000000  0.000000  2.000000  
149.917290 0.007019  0.094050  -0.019240  0.987636  0.154771  0.024926  -0.047819  0.146005  0.988128  0.149294  -0.977102  0.151601  0.000556  -0.001819  0.000354  0.000000  0.000000  0.000000  2.000000  
149.918542 0.007019  0.094048  -0.019240  0.987636  0.154768  0.024945  -0.047819  0.145885  0.988145  0.149294  -0.977120  0.151482  0.000455  -0.001760  0.000232  0.000000  0.000000  0.000000  2.000000  
149.919796 0.007019  0.094046  -0.019240  0.987636  0.154768  0.024945  -0.047819  0.145885  0.988145  0.149294  -0.977120  0.151482  0.000398  -0.001710  0.000192  0.000000  0.000000  0.000000  2.000000  
149.921041 0.007019  0.094045  -0.019240  0.987636  0.154765  0.024964  -0.047819  0.145765  0.988163  0.149294  -0.977139  0.151363  0.000318  -0.001693  0.000091  0.000000  0.000000  0.000000  2.000000  
149.922288 0.007020  0.094043  -0.019241  0.987626  0.154792  0.025186  -0.048022  0.145613  0.988175  0.149294  -0.977157  0.151245  0.000309  -0.001625  -0.000010  0.000000  0.000000  0.000000  2.000000  
149.923295 0.007021  0.094042  -0.019241  0.987626  0.154789  0.025205  -0.048022  0.145493  0.988193  0.149294  -0.977176  0.151126  0.000295  -0.001581  -0.000074  0.000000  0.000000  0.000000  2.000000  
149.924542 0.007021  0.094041  -0.019241  0.987626  0.154786  0.025224  -0.048022  0.145374  0.988211  0.149294  -0.977194  0.151008  0.000276  -0.001510  -0.000138  0.000000  0.000000  0.000000  2.000000  
149.925542 0.007022  0.094040  -0.019242  0.987626  0.154786  0.025224  -0.048022  0.145374  0.988211  0.149294  -0.977194  0.151008  0.000281  -0.001487  -0.000173  0.000000  0.000000  0.000000  2.000000  
149.926544 0.007023  0.094039  -0.019242  0.987626  0.154783  0.025242  -0.048022  0.145254  0.988228  0.149294  -0.977212  0.150889  0.000308  -0.001439  -0.000212  0.000000  0.000000  0.000000  2.000000  
149.927794 0.007024  0.094037  -0.019243  0.987626  0.154780  0.025261  -0.048022  0.145134  0.988246  0.149294  -0.977230  0.150771  0.000339  -0.001389  -0.000239  0.000000  0.000000  0.000000  2.000000  
149.929042 0.007024  0.094036  -0.019243  0.987626  0.154777  0.025280  -0.048022  0.145014  0.988264  0.149294  -0.977249  0.150652  0.000364  -0.001318  -0.000262  0.000000  0.000000  0.000000  2.000000  
149.930292 0.007025  0.094035  -0.019243  0.987626  0.154774  0.025299  -0.048022  0.144894  0.988281  0.149294  -0.977267  0.150534  0.000423  -0.001261  -0.000235  0.000000  0.000000  0.000000  2.000000  
149.931540 0.007026  0.094034  -0.019244  0.987626  0.154771  0.025317  -0.048022  0.144774  0.988299  0.149294  -0.977285  0.150415  0.000488  -0.001167  -0.000277  0.000000  0.000000  0.000000  2.000000  
149.932797 0.007027  0.094033  -0.019245  0.987616  0.154797  0.025540  -0.048225  0.144622  0.988311  0.149294  -0.977303  0.150297  0.000558  -0.001087  -0.000336  0.000000  0.000000  0.000000  2.000000  
149.934039 0.007028  0.094032  -0.019245  0.987636  0.154667  0.025560  -0.048226  0.144629  0.988310  0.149162  -0.977323  0.150300  0.000621  -0.001018  -0.000329  0.000000  0.000000  0.000000  2.000000  
149.935042 0.007028  0.094031  -0.019245  0.987636  0.154664  0.025578  -0.048226  0.144509  0.988328  0.149162  -0.977341  0.150181  0.000642  -0.000960  -0.000332  0.000000  0.000000  0.000000  2.000000  
149.936289 0.007030  0.094030  -0.019246  0.987636  0.154660  0.025597  -0.048226  0.144389  0.988345  0.149162  -0.977360  0.150063  0.000683  -0.000922  -0.000383  0.000000  0.000000  0.000000  2.000000  
149.937542 0.007031  0.094030  -0.019246  0.987636  0.154657  0.025616  -0.048226  0.144269  0.988363  0.149162  -0.977378  0.149944  0.000737  -0.000834  -0.000366  0.000000  0.000000  0.000000  2.000000  
149.938802 0.007032  0.094030  -0.019247  0.987636  0.154654  0.025635  -0.048226  0.144149  0.988380  0.149162  -0.977396  0.149826  0.000748  -0.000758  -0.000363  0.000000  0.000000  0.000000  2.000000  
149.939810 0.007033  0.094030  -0.019247  0.987636  0.154654  0.025635  -0.048226  0.144149  0.988380  0.149162  -0.977396  0.149826  0.000766  -0.000719  -0.000337  0.000000  0.000000  0.000000  2.000000  
149.941042 0.007034  0.094030  -0.019248  0.987646  0.154550  0.025877  -0.048431  0.144004  0.988391  0.149030  -0.977434  0.149710  0.000780  -0.000631  -0.000348  0.000000  0.000000  0.000000  2.000000  
149.942292 0.007034  0.094029  -0.019248  0.987646  0.154547  0.025896  -0.048431  0.143884  0.988409  0.149030  -0.977452  0.149591  0.000761  -0.000582  -0.000364  0.000000  0.000000  0.000000  2.000000  
149.943542 0.007035  0.094028  -0.019248  0.987646  0.154544  0.025914  -0.048431  0.143764  0.988426  0.149030  -0.977470  0.149473  0.000731  -0.000531  -0.000342  0.000000  0.000000  0.000000  2.000000  
149.944806 0.007035  0.094027  -0.019249  0.987646  0.154544  0.025914  -0.048431  0.143764  0.988426  0.149030  -0.977470  0.149473  0.000720  -0.000506  -0.000350  0.000000  0.000000  0.000000  2.000000  
149.946045 0.007036  0.094027  -0.019249  0.987646  0.154541  0.025933  -0.048431  0.143644  0.988444  0.149030  -0.977488  0.149354  0.000699  -0.000474  -0.000352  0.000000  0.000000  0.000000  2.000000  
149.947293 0.007036  0.094026  -0.019249  0.987646  0.154538  0.025952  -0.048431  0.143524  0.988461  0.149030  -0.977506  0.149236  0.000640  -0.000434  -0.000364  0.000000  0.000000  0.000000  2.000000  
149.948538 0.007037  0.094026  -0.019250  0.987636  0.154564  0.026174  -0.048634  0.143373  0.988473  0.149030  -0.977525  0.149117  0.000619  -0.000425  -0.000320  0.000000  0.000000  0.000000  2.000000  
149.949678 0.007037  0.094025  -0.019250  0.987636  0.154564  0.026174  -0.048634  0.143373  0.988473  0.149030  -0.977525  0.149117  0.000564  -0.000405  -0.000320  0.000000  0.000000  0.000000  2.000000  
149.950798 0.007037  0.094025  -0.019250  0.987636  0.154561  0.026193  -0.048634  0.143253  0.988490  0.149030  -0.977543  0.148999  0.000507  -0.000406  -0.000273  0.000000  0.000000  0.000000  2.000000  
149.952039 0.007037  0.094024  -0.019250  0.987636  0.154558  0.026212  -0.048634  0.143133  0.988508  0.149030  -0.977561  0.148880  0.000448  -0.000400  -0.000258  0.000000  0.000000  0.000000  2.000000  
149.953040 0.007038  0.094024  -0.019250  0.987636  0.154554  0.026230  -0.048634  0.143013  0.988525  0.149030  -0.977579  0.148761  0.000414  -0.000432  -0.000243  0.000000  0.000000  0.000000  2.000000  
149.954040 0.007037  0.094023  -0.019251  0.987636  0.154554  0.026230  -0.048634  0.143013  0.988525  0.149030  -0.977579  0.148761  0.000332  -0.000460  -0.000252  0.000000  0.000000  0.000000  2.000000  
149.955293 0.007038  0.094022  -0.019251  0.987636  0.154551  0.026249  -0.048634  0.142893  0.988543  0.149030  -0.977597  0.148643  0.000296  -0.000501  -0.000221  0.000000  0.000000  0.000000  2.000000  
149.956294 0.007037  0.094021  -0.019251  0.987656  0.154417  0.026288  -0.048635  0.142780  0.988559  0.148897  -0.977635  0.148527  0.000218  -0.000537  -0.000234  0.000000  0.000000  0.000000  2.000000  
149.957542 0.007037  0.094020  -0.019252  0.987656  0.154417  0.026288  -0.048635  0.142780  0.988559  0.148897  -0.977635  0.148527  0.000184  -0.000555  -0.000249  0.000000  0.000000  0.000000  2.000000  
149.958800 0.007037  0.094019  -0.019251  0.987656  0.154414  0.026307  -0.048635  0.142660  0.988576  0.148897  -0.977653  0.148409  0.000145  -0.000611  -0.000187  0.000000  0.000000  0.000000  2.000000  
149.960041 0.007037  0.094018  -0.019251  0.987656  0.154411  0.026325  -0.048635  0.142540  0.988593  0.148897  -0.977671  0.148290  0.000094  -0.000635  -0.000129  0.000000  0.000000  0.000000  2.000000  
149.961042 0.007037  0.094017  -0.019251  0.987656  0.154408  0.026344  -0.048635  0.142420  0.988611  0.148897  -0.977688  0.148171  0.000071  -0.000675  -0.000139  0.000000  0.000000  0.000000  2.000000  
149.962292 0.007037  0.094015  -0.019251  0.987656  0.154405  0.026363  -0.048635  0.142300  0.988628  0.148897  -0.977706  0.148053  0.000050  -0.000747  -0.000104  0.000000  0.000000  0.000000  2.000000  
149.963292 0.007037  0.094014  -0.019250  0.987656  0.154405  0.026363  -0.048635  0.142300  0.988628  0.148897  -0.977706  0.148053  0.000030  -0.000756  -0.000028  0.000000  0.000000  0.000000  2.000000  
