1-Time 2-Px 3-Py 4-Pz 5-R11 6-R21 7-R31 8-R12 9-R22 10-R32 11-R13 12-R23 13-R33 14-Vx 15-Vy 16-Vz 17-Wx 18-Wy 19-Wz 20-state 21-PR11 22-PR21 23-PR31 24-PR12 25-PR22 26-PR32 27-PR13 28-PR23 29-PR33 
117.479196 0.002867  0.091980  -0.027298  0.999226  0.036253  0.015290  -0.019134  0.108156  0.993950  0.034379  -0.993473  0.108766  0.000253  0.000039  -0.000441  0.000000  0.000000  0.000000  2.000000  
117.480200 0.002867  0.091980  -0.027298  0.999226  0.036253  0.015290  -0.019134  0.108156  0.993950  0.034379  -0.993473  0.108766  0.000253  0.000039  -0.000441  0.000000  0.000000  0.000000  2.000000  
117.481460 0.002867  0.091979  -0.027299  0.999226  0.036142  0.015509  -0.019339  0.108151  0.993946  0.034246  -0.993477  0.108766  0.000219  -0.000081  -0.000456  0.000000  0.000000  0.000000  2.000000  
117.482694 0.002867  0.091977  -0.027300  0.999222  0.036166  0.015710  -0.019545  0.108264  0.993930  0.034246  -0.993464  0.108887  0.000177  -0.000201  -0.000431  0.000000  0.000000  0.000000  2.000000  
117.483700 0.002867  0.091976  -0.027300  0.999223  0.036057  0.015925  -0.019751  0.108380  0.993913  0.034112  -0.993455  0.109008  0.000196  -0.000249  -0.000418  0.000000  0.000000  0.000000  2.000000  
117.484945 0.002868  0.091975  -0.027300  0.999223  0.035951  0.016135  -0.019957  0.108616  0.993883  0.033978  -0.993433  0.109249  0.000194  -0.000367  -0.000368  0.000000  0.000000  0.000000  2.000000  
117.485946 0.002868  0.091974  -0.027298  0.999223  0.035953  0.016131  -0.019957  0.108737  0.993870  0.033978  -0.993420  0.109370  0.000236  -0.000412  -0.000249  0.000000  0.000000  0.000000  2.000000  
117.487195 0.002870  0.091974  -0.027298  0.999215  0.036001  0.016531  -0.020368  0.108963  0.993837  0.033978  -0.993394  0.109611  0.000318  -0.000432  -0.000153  0.000000  0.000000  0.000000  2.000000  
117.488202 0.002870  0.091973  -0.027296  0.999206  0.036159  0.016717  -0.020574  0.109073  0.993821  0.034112  -0.993376  0.109731  0.000310  -0.000453  -0.000065  0.000000  0.000000  0.000000  2.000000  
117.489449 0.002871  0.091973  -0.027297  0.999207  0.036052  0.016927  -0.020779  0.109310  0.993791  0.033978  -0.993354  0.109972  0.000354  -0.000468  -0.000033  0.000000  0.000000  0.000000  2.000000  
117.490698 0.002872  0.091972  -0.027298  0.999202  0.036079  0.017123  -0.020985  0.109543  0.993760  0.033978  -0.993327  0.110213  0.000387  -0.000524  -0.000061  0.000000  0.000000  0.000000  2.000000  
117.491705 0.002872  0.091972  -0.027298  0.999202  0.035971  0.017338  -0.021191  0.109659  0.993743  0.033845  -0.993318  0.110334  0.000396  -0.000547  -0.000054  0.000000  0.000000  0.000000  2.000000  
117.492955 0.002872  0.091971  -0.027299  0.999194  0.036023  0.017734  -0.021602  0.110006  0.993696  0.033845  -0.993278  0.110696  0.000361  -0.000645  -0.000116  0.000000  0.000000  0.000000  2.000000  
117.494199 0.002872  0.091970  -0.027300  0.999189  0.035939  0.018149  -0.022014  0.110235  0.993662  0.033711  -0.993256  0.110937  0.000359  -0.000742  -0.000114  0.000000  0.000000  0.000000  2.000000  
117.495200 0.002872  0.091968  -0.027301  0.999185  0.035969  0.018341  -0.022220  0.110589  0.993618  0.033711  -0.993215  0.111298  0.000318  -0.000826  -0.000174  0.000000  0.000000  0.000000  2.000000  
117.496452 0.002871  0.091967  -0.027301  0.999180  0.035888  0.018752  -0.022631  0.110939  0.993569  0.033577  -0.993179  0.111660  0.000271  -0.000827  -0.000158  0.000000  0.000000  0.000000  2.000000  
117.497696 0.002871  0.091965  -0.027301  0.999180  0.035787  0.018954  -0.022837  0.111417  0.993511  0.033443  -0.993129  0.112143  0.000258  -0.000838  -0.000080  0.000000  0.000000  0.000000  2.000000  
117.498702 0.002870  0.091963  -0.027302  0.999170  0.035840  0.019350  -0.023248  0.111764  0.993463  0.033443  -0.993088  0.112504  0.000186  -0.000864  -0.000123  0.000000  0.000000  0.000000  2.000000  
117.499946 0.002870  0.091962  -0.027302  0.999161  0.035896  0.019742  -0.023660  0.112231  0.993400  0.033443  -0.993034  0.112986  0.000164  -0.000890  -0.000181  0.000000  0.000000  0.000000  2.000000  
117.500947 0.002870  0.091961  -0.027303  0.999160  0.035793  0.019948  -0.023866  0.112588  0.993355  0.033310  -0.992997  0.113348  0.000100  -0.000895  -0.000311  0.000000  0.000000  0.000000  2.000000  
117.501947 0.002871  0.091961  -0.027304  0.999155  0.035824  0.020140  -0.024071  0.112942  0.993310  0.033310  -0.992956  0.113709  0.000077  -0.000898  -0.000417  0.000000  0.000000  0.000000  2.000000  
117.503199 0.002872  0.091960  -0.027304  0.999145  0.035880  0.020531  -0.024483  0.113409  0.993247  0.033310  -0.992900  0.114191  0.000092  -0.000886  -0.000490  -0.177371  -0.181668  -0.006757  2.000000  
117.504449 0.002873  0.091960  -0.027305  0.999140  0.035914  0.020718  -0.024688  0.113884  0.993187  0.033310  -0.992845  0.114673  0.000092  -0.000855  -0.000592  -0.191897  -0.187544  -0.010326  2.000000  
117.505702 0.002874  0.091960  -0.027307  0.999130  0.035971  0.021110  -0.025100  0.114351  0.993123  0.033310  -0.992789  0.115154  0.000132  -0.000831  -0.000615  -0.209288  -0.202807  -0.008814  2.000000  
117.506945 0.002875  0.091960  -0.027308  0.999125  0.036007  0.021292  -0.025305  0.114946  0.993049  0.033310  -0.992719  0.115756  0.000177  -0.000795  -0.000667  -0.229454  -0.209696  -0.007977  2.000000  
117.507953 0.002874  0.091960  -0.027310  0.999114  0.036065  0.021684  -0.025717  0.115413  0.992985  0.033310  -0.992663  0.116238  0.000158  -0.000748  -0.000680  -0.245231  -0.223384  -0.006367  2.000000  
117.508954 0.002874  0.091958  -0.027312  0.999109  0.036100  0.021871  -0.025922  0.115887  0.992924  0.033310  -0.992606  0.116720  0.000137  -0.000764  -0.000797  -0.261293  -0.230768  -0.010001  2.000000  
117.510199 0.002873  0.091957  -0.027314  0.999099  0.036270  0.022037  -0.026128  0.116478  0.992849  0.033443  -0.992531  0.117321  0.000112  -0.000755  -0.000888  -0.279164  -0.235228  -0.004644  2.000000  
117.511201 0.002873  0.091955  -0.027316  0.999094  0.036302  0.022229  -0.026334  0.116832  0.992802  0.033443  -0.992488  0.117682  0.000139  -0.000771  -0.001024  -0.293844  -0.236767  -0.000171  2.000000  
117.512452 0.002873  0.091954  -0.027319  0.999083  0.036364  0.022615  -0.026745  0.117419  0.992722  0.033443  -0.992416  0.118284  0.000136  -0.000680  -0.001213  -0.309743  -0.243498  0.000701  2.000000  
117.513699 0.002873  0.091954  -0.027322  0.999077  0.036402  0.022798  -0.026951  0.118014  0.992646  0.033443  -0.992345  0.118886  0.000227  -0.000601  -0.001364  -0.323436  -0.241028  0.005214  2.000000  
117.514700 0.002874  0.091954  -0.027325  0.999072  0.036440  0.022980  -0.027156  0.118608  0.992570  0.033443  -0.992272  0.119488  0.000268  -0.000519  -0.001550  -0.338341  -0.242493  0.009828  2.000000  
117.515949 0.002875  0.091954  -0.027328  0.999065  0.036373  0.023378  -0.027568  0.119319  0.992473  0.033310  -0.992189  0.120211  0.000337  -0.000425  -0.001650  -0.358518  -0.249883  0.006258  2.000000  
117.517195 0.002877  0.091955  -0.027332  0.999055  0.036547  0.023540  -0.027773  0.120031  0.992382  0.033443  -0.992097  0.120932  0.000393  -0.000353  -0.001857  -0.374912  -0.249430  0.010849  2.000000  
117.518199 0.002878  0.091956  -0.027333  0.999049  0.036586  0.023722  -0.027979  0.120625  0.992304  0.033443  -0.992024  0.121534  0.000430  -0.000285  -0.001972  -0.387938  -0.247858  0.006418  2.000000  
117.519200 0.002879  0.091957  -0.027335  0.999043  0.036626  0.023904  -0.028185  0.121219  0.992226  0.033443  -0.991950  0.122135  0.000459  -0.000218  -0.002042  -0.403850  -0.254121  0.011733  2.000000  
117.520200 0.002881  0.091958  -0.027337  0.999033  0.036798  0.024070  -0.028390  0.121810  0.992147  0.033577  -0.991871  0.122736  0.000488  -0.000148  -0.002118  -0.419644  -0.248830  0.015600  2.000000  
117.521202 0.002882  0.091958  -0.027339  0.999027  0.036838  0.024251  -0.028596  0.122404  0.992068  0.033577  -0.991797  0.123338  0.000496  -0.000127  -0.002207  -0.432405  -0.246271  0.019992  2.000000  
117.522460 0.002882  0.091958  -0.027342  0.999021  0.036884  0.024424  -0.028802  0.123238  0.991959  0.033577  -0.991691  0.124180  0.000544  -0.000126  -0.002221  -0.452401  -0.241363  0.019490  2.000000  
117.523695 0.002883  0.091957  -0.027344  0.999005  0.037088  0.024785  -0.029213  0.124061  0.991844  0.033711  -0.991581  0.125021  0.000605  -0.000076  -0.002191  -0.468835  -0.245216  0.029136  2.000000  
117.524703 0.002883  0.091957  -0.027346  0.998999  0.037129  0.024966  -0.029419  0.124655  0.991764  0.033711  -0.991505  0.125623  0.000636  -0.000029  -0.002215  -0.481079  -0.240351  0.028677  2.000000  
117.525950 0.002883  0.091956  -0.027349  0.998992  0.037176  0.025139  -0.029624  0.125490  0.991653  0.033711  -0.991398  0.126465  0.000664  0.000017  -0.002248  -0.493318  -0.237829  0.033014  2.000000  
117.526953 0.002883  0.091956  -0.027352  0.998986  0.037220  0.025316  -0.029830  0.126204  0.991556  0.033711  -0.991306  0.127186  0.000679  0.000068  -0.002193  -0.509758  -0.232865  0.032584  2.000000  
117.528201 0.002883  0.091956  -0.027355  0.998974  0.037294  0.025693  -0.030241  0.127030  0.991438  0.033711  -0.991197  0.128028  0.000669  0.000115  -0.002248  -0.522367  -0.232465  0.037229  2.000000  
117.529452 0.002883  0.091956  -0.027358  0.998968  0.037345  0.025861  -0.030447  0.127985  0.991309  0.033711  -0.991073  0.128990  0.000650  0.000162  -0.002261  -0.538350  -0.232294  0.037376  2.000000  
117.530699 0.002885  0.091958  -0.027361  0.998957  0.037526  0.026016  -0.030652  0.128814  0.991195  0.033845  -0.990958  0.129830  0.000663  0.000234  -0.002257  -0.550707  -0.223172  0.040830  2.000000  
117.531702 0.002886  0.091958  -0.027363  0.998944  0.037598  0.026396  -0.031064  0.129520  0.991090  0.033845  -0.990864  0.130552  0.000612  0.000229  -0.002244  -0.562801  -0.231147  0.046583  2.000000  
117.532702 0.002886  0.091959  -0.027366  0.998938  0.037644  0.026573  -0.031269  0.130234  0.990990  0.033845  -0.990768  0.131273  0.000573  0.000233  -0.002265  -0.575220  -0.224242  0.045857  2.000000  
117.533971 0.002887  0.091960  -0.027369  0.998931  0.037697  0.026740  -0.031475  0.131188  0.990858  0.033845  -0.990641  0.132234  0.000542  0.000208  -0.002280  -0.591251  -0.224105  0.045999  2.000000  
117.535197 0.002888  0.091961  -0.027372  0.998918  0.037774  0.027116  -0.031886  0.132013  0.990735  0.033845  -0.990528  0.133075  0.000511  0.000179  -0.002304  -0.598654  -0.229176  0.046649  2.000000  
117.536197 0.002889  0.091961  -0.027373  0.998912  0.037825  0.027288  -0.032092  0.132847  0.990617  0.033845  -0.990415  0.133916  0.000464  0.000157  -0.002242  -0.616406  -0.224302  0.046351  2.000000  
117.537199 0.002889  0.091960  -0.027375  0.998898  0.037896  0.027673  -0.032503  0.133432  0.990525  0.033845  -0.990333  0.134517  0.000425  0.000133  -0.002219  -0.620042  -0.231063  0.047325  2.000000  
117.538203 0.002889  0.091959  -0.027376  0.998887  0.038080  0.027827  -0.032709  0.134261  0.990406  0.033978  -0.990214  0.135357  0.000392  0.000111  -0.002233  -0.632216  -0.230449  0.051937  2.000000  
117.539449 0.002889  0.091958  -0.027378  0.998874  0.038159  0.028202  -0.033120  0.135086  0.990280  0.033978  -0.990099  0.136198  0.000388  0.000065  -0.002104  -0.638977  -0.235346  0.052536  2.000000  
117.540452 0.002888  0.091957  -0.027379  0.998867  0.038207  0.028378  -0.033326  0.135799  0.990176  0.033978  -0.989999  0.136918  0.000369  0.000069  -0.002018  -0.647308  -0.235975  0.048273  2.000000  
117.541463 0.002888  0.091956  -0.027379  0.998855  0.038389  0.028536  -0.033531  0.136507  0.990071  0.034112  -0.989895  0.137638  0.000361  0.000047  -0.001929  -0.660444  -0.230252  0.052348  2.000000  
117.542699 0.002888  0.091956  -0.027381  0.998841  0.038473  0.028906  -0.033942  0.137452  0.989927  0.034112  -0.989761  0.138599  0.000357  0.000002  -0.001805  -0.672749  -0.237177  0.053444  2.000000  
117.543949 0.002888  0.091956  -0.027381  0.998823  0.038690  0.029258  -0.034354  0.138392  0.989782  0.034246  -0.989621  0.139558  0.000325  -0.000016  -0.001600  -0.680796  -0.236516  0.058097  2.000000  
117.544955 0.002889  0.091956  -0.027382  0.998816  0.038744  0.029429  -0.034559  0.139224  0.989658  0.034246  -0.989503  0.140399  0.000323  -0.000061  -0.001491  -0.692936  -0.236447  0.058247  2.000000  
117.546199 0.002889  0.091956  -0.027383  0.998801  0.038830  0.029798  -0.034970  0.140169  0.989510  0.034246  -0.989366  0.141359  0.000255  -0.000155  -0.001394  -0.700420  -0.241110  0.063387  2.000000  
117.547452 0.002890  0.091957  -0.027385  0.998782  0.039049  0.030149  -0.035381  0.141108  0.989362  0.034379  -0.989224  0.142318  0.000242  -0.000152  -0.001330  -0.709061  -0.242633  0.064024  2.000000  
117.548698 0.002890  0.091957  -0.027386  0.998768  0.039137  0.030518  -0.035793  0.142052  0.989212  0.034379  -0.989085  0.143278  0.000197  -0.000219  -0.001175  -0.715130  -0.247387  0.064597  2.000000  
117.549699 0.002890  0.091956  -0.027387  0.998753  0.039218  0.030897  -0.036204  0.142756  0.989096  0.034379  -0.988981  0.143998  0.000113  -0.000292  -0.001062  -0.716711  -0.256833  0.061793  2.000000  
117.550700 0.002889  0.091956  -0.027388  0.998745  0.039274  0.031067  -0.036410  0.143588  0.988968  0.034379  -0.988858  0.144837  0.000034  -0.000340  -0.001016  -0.725140  -0.256885  0.062004  2.000000  
117.551947 0.002888  0.091955  -0.027389  0.998726  0.039495  0.031417  -0.036821  0.144526  0.988816  0.034513  -0.988712  0.145796  -0.000027  -0.000405  -0.000988  -0.728854  -0.263036  0.067618  2.000000  
117.552949 0.002888  0.091953  -0.027389  0.998710  0.039582  0.031791  -0.037232  0.145349  0.988680  0.034513  -0.988588  0.146636  -0.000074  -0.000428  -0.000926  -0.734647  -0.267584  0.068157  2.000000  
117.553949 0.002887  0.091952  -0.027390  0.998703  0.039635  0.031965  -0.037437  0.146061  0.988567  0.034513  -0.988481  0.147355  -0.000093  -0.000410  -0.000908  -0.736633  -0.270358  0.064478  2.000000  
117.555197 0.002886  0.091951  -0.027391  0.998683  0.039855  0.032319  -0.037848  0.146879  0.988430  0.034647  -0.988351  0.148194  -0.000141  -0.000433  -0.000845  -0.738434  -0.274279  0.069504  2.000000  
117.556198 0.002886  0.091950  -0.027392  0.998667  0.039943  0.032692  -0.038260  0.147701  0.988292  0.034647  -0.988225  0.149033  -0.000169  -0.000451  -0.000849  -0.746413  -0.281069  0.070662  2.000000  
117.557469 0.002885  0.091949  -0.027393  0.998651  0.040036  0.033060  -0.038671  0.148644  0.988134  0.034647  -0.988080  0.149992  -0.000211  -0.000482  -0.000839  -0.747925  -0.283099  0.071483  2.000000  
117.558703 0.002885  0.091948  -0.027393  0.998631  0.040266  0.033403  -0.039082  0.149701  0.987959  0.034781  -0.987911  0.151069  -0.000202  -0.000506  -0.000833  -0.752144  -0.289394  0.077233  2.000000  
117.559951 0.002885  0.091948  -0.027394  0.998610  0.040492  0.033750  -0.039493  0.150638  0.987800  0.034914  -0.987759  0.152027  -0.000259  -0.000569  -0.000808  -0.752130  -0.288686  0.081966  2.000000  
117.561200 0.002885  0.091947  -0.027395  0.998602  0.040556  0.033914  -0.039698  0.151588  0.987646  0.034914  -0.987611  0.152986  -0.000311  -0.000601  -0.000759  -0.756629  -0.289418  0.077823  2.000000  
117.562462 0.002885  0.091947  -0.027396  0.998580  0.040784  0.034261  -0.040109  0.152524  0.987486  0.035048  -0.987458  0.153943  -0.000332  -0.000672  -0.000722  -0.760105  -0.288483  0.082476  2.000000  
117.563699 0.002884  0.091946  -0.027397  0.998564  0.040880  0.034628  -0.040521  0.153465  0.987323  0.035048  -0.987308  0.154901  -0.000393  -0.000745  -0.000711  -0.761872  -0.292893  0.083044  2.000000  
117.564700 0.002884  0.091945  -0.027398  0.998551  0.041074  0.034775  -0.040726  0.154290  0.987186  0.035182  -0.987172  0.155739  -0.000415  -0.000794  -0.000722  -0.764387  -0.287773  0.087458  2.000000  
117.565949 0.002883  0.091943  -0.027399  0.998534  0.041171  0.035142  -0.041137  0.155231  0.987021  0.035182  -0.987020  0.156697  -0.000390  -0.000827  -0.000697  -0.764102  -0.294512  0.088738  2.000000  
117.567195 0.002882  0.091941  -0.027400  0.998517  0.041274  0.035503  -0.041548  0.156291  0.986837  0.035182  -0.986848  0.157774  -0.000381  -0.000828  -0.000737  -0.774072  -0.292046  0.088265  2.000000  
117.568201 0.002882  0.091940  -0.027401  0.998504  0.041464  0.035655  -0.041754  0.156995  0.986716  0.035316  -0.986729  0.158492  -0.000388  -0.000842  -0.000749  -0.769944  -0.291958  0.088490  2.000000  
117.569450 0.002880  0.091938  -0.027403  0.998486  0.041568  0.036016  -0.042165  0.158055  0.986530  0.035316  -0.986555  0.159569  -0.000417  -0.000903  -0.000845  -0.776274  -0.294261  0.089539  2.000000  
117.570695 0.002880  0.091937  -0.027406  0.998478  0.041636  0.036179  -0.042370  0.159004  0.986368  0.035316  -0.986400  0.160526  -0.000409  -0.000881  -0.000932  -0.778023  -0.291783  0.089056  2.000000  
117.571698 0.002879  0.091936  -0.027407  0.998464  0.041831  0.036325  -0.042576  0.159827  0.986226  0.035449  -0.986258  0.161363  -0.000399  -0.000898  -0.001028  -0.782323  -0.284951  0.088265  2.000000  
117.572948 0.002879  0.091935  -0.027409  0.998447  0.041933  0.036690  -0.042987  0.160767  0.986056  0.035449  -0.986101  0.162320  -0.000405  -0.000932  -0.001062  -0.782286  -0.284852  0.088538  2.000000  
117.574204 0.002878  0.091934  -0.027410  0.998433  0.042133  0.036831  -0.043192  0.161709  0.985893  0.035583  -0.985939  0.163276  -0.000435  -0.000973  -0.001138  -0.784830  -0.280260  0.088511  2.000000  
117.575452 0.002878  0.091933  -0.027413  0.998415  0.042236  0.037196  -0.043603  0.162649  0.985720  0.035583  -0.985780  0.164232  -0.000480  -0.001025  -0.001255  -0.782174  -0.284652  0.089082  2.000000  
117.576454 0.002877  0.091931  -0.027414  0.998401  0.042428  0.037346  -0.043809  0.163351  0.985595  0.035717  -0.985655  0.164949  -0.000493  -0.001057  -0.001246  -0.780676  -0.279393  0.093440  2.000000  
117.577700 0.002877  0.091930  -0.027416  0.998392  0.042498  0.037507  -0.044014  0.164299  0.985428  0.035717  -0.985495  0.165905  -0.000506  -0.001125  -0.001358  -0.780962  -0.273186  0.088208  2.000000  
117.578701 0.002877  0.091928  -0.027417  0.998383  0.042564  0.037674  -0.044220  0.165127  0.985281  0.035717  -0.985353  0.166742  -0.000528  -0.001173  -0.001370  -0.781262  -0.266299  0.087373  2.000000  
117.579951 0.002875  0.091926  -0.027419  0.998369  0.042767  0.037813  -0.044425  0.166068  0.985113  0.035850  -0.985186  0.167697  -0.000563  -0.001227  -0.001415  -0.782833  -0.263314  0.091276  2.000000  
117.581200 0.002874  0.091923  -0.027420  0.998360  0.042833  0.037980  -0.044630  0.166896  0.984964  0.035850  -0.985044  0.168534  -0.000602  -0.001296  -0.001410  -0.779034  -0.256458  0.090439  2.000000  
117.582456 0.002873  0.091921  -0.027421  0.998342  0.042939  0.038344  -0.045042  0.167834  0.984786  0.035850  -0.984880  0.169490  -0.000593  -0.001318  -0.001402  -0.777253  -0.259172  0.087023  2.000000  
117.583700 0.002872  0.091919  -0.027423  0.998328  0.043143  0.038482  -0.045247  0.168775  0.984616  0.035984  -0.984710  0.170444  -0.000604  -0.001345  -0.001390  -0.777626  -0.251593  0.090631  2.000000  
117.584949 0.002871  0.091916  -0.027425  0.998318  0.043210  0.038648  -0.045452  0.169602  0.984464  0.035984  -0.984565  0.171280  -0.000616  -0.001416  -0.001395  -0.775437  -0.243374  0.084577  2.000000  
117.586200 0.002870  0.091914  -0.027426  0.998304  0.043410  0.038791  -0.045658  0.170423  0.984313  0.036118  -0.984414  0.172115  -0.000635  -0.001463  -0.001331  -0.769833  -0.237746  0.088854  2.000000  
117.587445 0.002869  0.091912  -0.027429  0.998295  0.043478  0.038957  -0.045863  0.171249  0.984160  0.036118  -0.984268  0.172951  -0.000628  -0.001510  -0.001353  -0.768424  -0.229143  0.087273  2.000000  
117.588449 0.002869  0.091911  -0.027430  0.998285  0.043537  0.039133  -0.046069  0.171837  0.984048  0.036118  -0.984163  0.173548  -0.000657  -0.001556  -0.001324  -0.759854  -0.229663  0.082985  2.000000  
117.589704 0.002868  0.091910  -0.027432  0.998271  0.043737  0.039275  -0.046274  0.172658  0.983894  0.036251  -0.984010  0.174383  -0.000640  -0.001580  -0.001357  -0.754226  -0.217788  0.081635  2.000000  
117.590950 0.002868  0.091908  -0.027433  0.998252  0.043842  0.039643  -0.046685  0.173475  0.983731  0.036251  -0.983862  0.175218  -0.000690  -0.001632  -0.001358  -0.749968  -0.224554  0.082976  2.000000  
117.592200 0.002867  0.091906  -0.027434  0.998242  0.043911  0.039808  -0.046891  0.174301  0.983575  0.036251  -0.983713  0.176054  -0.000649  -0.001653  -0.001285  -0.746428  -0.218489  0.077634  2.000000  
117.593201 0.002866  0.091904  -0.027435  0.998232  0.043971  0.039984  -0.047096  0.174888  0.983461  0.036251  -0.983606  0.176650  -0.000679  -0.001701  -0.001257  -0.742320  -0.211536  0.076605  2.000000  
117.594461 0.002866  0.091901  -0.027436  0.998218  0.044173  0.040125  -0.047301  0.175708  0.983305  0.036385  -0.983451  0.177484  -0.000669  -0.001722  -0.001248  -0.733847  -0.211377  0.076780  2.000000  
117.595699 0.002865  0.091899  -0.027437  0.998208  0.044239  0.040296  -0.047507  0.176415  0.983169  0.036385  -0.983321  0.178200  -0.000638  -0.001722  -0.001184  -0.726217  -0.204573  0.075829  2.000000  
117.596700 0.002865  0.091897  -0.027438  0.998198  0.044304  0.040466  -0.047712  0.177121  0.983032  0.036385  -0.983191  0.178916  -0.000626  -0.001715  -0.001118  -0.722084  -0.204498  0.075984  2.000000  
117.597953 0.002864  0.091894  -0.027439  0.998174  0.044538  0.040814  -0.048123  0.177812  0.982887  0.036519  -0.983056  0.179630  -0.000565  -0.001718  -0.001094  -0.712247  -0.202805  0.075538  2.000000  
117.598957 0.002864  0.091893  -0.027439  0.998164  0.044600  0.040990  -0.048329  0.178399  0.982771  0.036519  -0.982947  0.180227  -0.000520  -0.001666  -0.000977  -0.705541  -0.204317  0.076284  2.000000  
117.600199 0.002863  0.091891  -0.027439  0.998154  0.044671  0.041154  -0.048534  0.179224  0.982610  0.036519  -0.982794  0.181061  -0.000488  -0.001664  -0.000912  -0.701957  -0.197504  0.075315  2.000000  
117.601461 0.002864  0.091889  -0.027439  0.998139  0.044870  0.041299  -0.048739  0.179923  0.982472  0.036653  -0.982657  0.181775  -0.000425  -0.001635  -0.000828  -0.689411  -0.197352  0.075463  2.000000  
117.602695 0.002863  0.091888  -0.027439  0.998129  0.044932  0.041474  -0.048945  0.180510  0.982355  0.036653  -0.982546  0.182371  -0.000395  -0.001607  -0.000711  -0.675936  -0.195755  0.075016  2.000000  
117.603697 0.002864  0.091887  -0.027440  0.998119  0.044994  0.041649  -0.049150  0.181096  0.982236  0.036653  -0.982436  0.182967  -0.000317  -0.001559  -0.000629  -0.672078  -0.189708  0.069562  2.000000  
117.604697 0.002864  0.091886  -0.027440  0.998104  0.045183  0.041805  -0.049356  0.181557  0.982141  0.036786  -0.982342  0.183443  -0.000302  -0.001579  -0.000566  -0.660087  -0.188929  0.074097  2.000000  
117.605699 0.002864  0.091885  -0.027440  0.998093  0.045246  0.041980  -0.049561  0.182143  0.982022  0.036786  -0.982230  0.184039  -0.000231  -0.001528  -0.000441  -0.657315  -0.191203  0.070413  2.000000  
117.606947 0.002864  0.091884  -0.027441  0.998073  0.045347  0.042357  -0.049972  0.182720  0.981894  0.036786  -0.982119  0.184634  -0.000196  -0.001478  -0.000416  -0.647543  -0.196315  0.071153  2.000000  
117.607960 0.002864  0.091883  -0.027441  0.998058  0.045536  0.042512  -0.050177  0.183181  0.981798  0.036920  -0.982024  0.185110  -0.000147  -0.001429  -0.000393  -0.632340  -0.197040  0.076305  2.000000  
117.609200 0.002864  0.091881  -0.027441  0.998047  0.045605  0.042681  -0.050383  0.183886  0.981656  0.036920  -0.981889  0.185825  -0.000103  -0.001356  -0.000324  -0.627315  -0.195419  0.075841  2.000000  
117.610465 0.002865  0.091880  -0.027441  0.998037  0.045669  0.042856  -0.050588  0.184472  0.981535  0.036920  -0.981776  0.186420  -0.000019  -0.001255  -0.000277  -0.616159  -0.190877  0.070951  2.000000  
117.611704 0.002865  0.091879  -0.027441  0.998022  0.045864  0.043005  -0.050793  0.185051  0.981415  0.037054  -0.981658  0.187014  0.000034  -0.001183  -0.000248  -0.604163  -0.190096  0.075555  2.000000  
117.612953 0.002865  0.091878  -0.027442  0.998001  0.045967  0.043381  -0.051204  0.185627  0.981285  0.037054  -0.981544  0.187610  0.000085  -0.001091  -0.000216  -0.591673  -0.197645  0.072518  2.000000  
117.614199 0.002866  0.091877  -0.027442  0.997990  0.046031  0.043555  -0.051410  0.186213  0.981163  0.037054  -0.981431  0.188205  0.000136  -0.000997  -0.000234  -0.582860  -0.196004  0.072065  2.000000  
117.615200 0.002866  0.091877  -0.027443  0.997974  0.046222  0.043710  -0.051615  0.186673  0.981065  0.037187  -0.981334  0.188680  0.000159  -0.000942  -0.000274  -0.575450  -0.196770  0.077218  2.000000  
117.616447 0.002866  0.091877  -0.027443  0.997964  0.046287  0.043884  -0.051820  0.187258  0.980943  0.037187  -0.981220  0.189275  0.000199  -0.000832  -0.000248  -0.567487  -0.190709  0.071680  2.000000  
117.617458 0.002867  0.091877  -0.027443  0.997948  0.046473  0.044043  -0.052026  0.187599  0.980867  0.037321  -0.981146  0.189632  0.000246  -0.000747  -0.000229  -0.558880  -0.196593  0.077424  2.000000  
117.618462 0.002868  0.091877  -0.027443  0.997937  0.046533  0.044223  -0.052231  0.188065  0.980767  0.037321  -0.981054  0.190108  0.000267  -0.000699  -0.000218  -0.550629  -0.196510  0.077529  2.000000  
117.619697 0.002868  0.091877  -0.027443  0.997922  0.046724  0.044376  -0.052436  0.188524  0.980668  0.037455  -0.980956  0.190583  0.000275  -0.000617  -0.000210  -0.542419  -0.194990  0.077053  2.000000  
117.620697 0.002869  0.091877  -0.027444  0.997911  0.046779  0.044561  -0.052642  0.188872  0.980590  0.037455  -0.980887  0.190940  0.000296  -0.000546  -0.000246  -0.530188  -0.194912  0.077145  2.000000  
117.621698 0.002869  0.091877  -0.027444  0.997906  0.046932  0.044513  -0.052641  0.189340  0.980499  0.037589  -0.980789  0.191414  0.000313  -0.000483  -0.000246  -0.526437  -0.187327  0.080384  2.000000  
117.622699 0.002869  0.091877  -0.027445  0.997895  0.046987  0.044698  -0.052847  0.189688  0.980421  0.037589  -0.980720  0.191771  0.000328  -0.000405  -0.000277  -0.518283  -0.187264  0.080464  2.000000  
117.623704 0.002869  0.091876  -0.027445  0.997879  0.047174  0.044857  -0.053052  0.190028  0.980344  0.037722  -0.980645  0.192127  0.000315  -0.000365  -0.000295  -0.506476  -0.181961  0.079964  2.000000  
117.625030 0.002869  0.091876  -0.027446  0.997868  0.047235  0.045036  -0.053257  0.190494  0.980243  0.037722  -0.980551  0.192603  0.000316  -0.000267  -0.000296  -0.492972  -0.181439  0.079879  2.000000  
117.626208 0.002870  0.091876  -0.027447  0.997852  0.047427  0.045189  -0.053463  0.190952  0.980142  0.037856  -0.980453  0.193078  0.000347  -0.000198  -0.000374  -0.486057  -0.181013  0.084610  2.000000  
117.627453 0.002870  0.091877  -0.027448  0.997852  0.047449  0.045166  -0.053463  0.191428  0.980050  0.037856  -0.980359  0.193553  0.000322  -0.000126  -0.000428  -0.474098  -0.175013  0.079027  2.000000  
117.628700 0.002870  0.091877  -0.027450  0.997836  0.047641  0.045319  -0.053668  0.191887  0.979949  0.037990  -0.980260  0.194028  0.000311  -0.000058  -0.000528  -0.466357  -0.167390  0.082285  2.000000  
117.629949 0.002871  0.091878  -0.027451  0.997836  0.047657  0.045301  -0.053668  0.192243  0.979879  0.037990  -0.980189  0.194385  0.000322  0.000036  -0.000570  -0.450208  -0.160513  0.081070  2.000000  
117.630951 0.002871  0.091877  -0.027452  0.997820  0.047845  0.045460  -0.053873  0.192583  0.979801  0.038123  -0.980114  0.194740  0.000304  0.000033  -0.000685  -0.446062  -0.160461  0.081129  2.000000  
117.632200 0.002872  0.091878  -0.027454  0.997820  0.047861  0.045442  -0.053873  0.192939  0.979731  0.038123  -0.980043  0.195097  0.000302  0.000078  -0.000780  -0.434087  -0.153625  0.079911  2.000000  
117.633450 0.002872  0.091878  -0.027455  0.997804  0.048048  0.045600  -0.054078  0.193279  0.979652  0.038257  -0.979967  0.195453  0.000257  0.000098  -0.000838  -0.422423  -0.151480  0.083707  2.000000  
117.634460 0.002872  0.091878  -0.027457  0.997804  0.048065  0.045583  -0.054078  0.193635  0.979582  0.038257  -0.979895  0.195809  0.000268  0.000121  -0.000939  -0.417879  -0.146709  0.078721  2.000000  
117.635697 0.002872  0.091878  -0.027458  0.997804  0.048082  0.045565  -0.054078  0.193992  0.979511  0.038257  -0.979824  0.196166  0.000242  0.000094  -0.000981  -0.406767  -0.138786  0.076869  2.000000  
117.636945 0.002873  0.091878  -0.027460  0.997787  0.048269  0.045723  -0.054283  0.194331  0.979433  0.038391  -0.979748  0.196521  0.000249  0.000115  -0.001068  -0.398942  -0.131170  0.080009  2.000000  
117.637954 0.002873  0.091878  -0.027461  0.997787  0.048286  0.045706  -0.054283  0.194688  0.979362  0.038391  -0.979676  0.196878  0.000252  0.000140  -0.001132  -0.395194  -0.125272  0.074385  2.000000  
117.639195 0.002873  0.091878  -0.027463  0.997787  0.048297  0.045694  -0.054283  0.194925  0.979315  0.038391  -0.979628  0.197116  0.000265  0.000136  -0.001194  -0.379255  -0.118497  0.073127  2.000000  
117.640195 0.002874  0.091878  -0.027464  0.997787  0.048313  0.045676  -0.054283  0.195282  0.979244  0.038391  -0.979557  0.197472  0.000311  0.000140  -0.001193  -0.375458  -0.111732  0.071858  2.000000  
117.641208 0.002875  0.091878  -0.027466  0.997782  0.048455  0.045638  -0.054283  0.195512  0.979198  0.038524  -0.979504  0.197709  0.000321  0.000135  -0.001249  -0.366644  -0.105858  0.071183  2.000000  
117.642463 0.002875  0.091879  -0.027467  0.997782  0.048466  0.045627  -0.054283  0.195749  0.979150  0.038524  -0.979456  0.197946  0.000367  0.000138  -0.001245  -0.354441  -0.098977  0.069848  2.000000  
117.643700 0.002876  0.091878  -0.027469  0.997771  0.048523  0.045810  -0.054488  0.196096  0.979070  0.038524  -0.979383  0.198303  0.000379  0.000112  -0.001258  -0.347643  -0.098178  0.069347  2.000000  
117.645018 0.002877  0.091879  -0.027471  0.997771  0.048534  0.045799  -0.054488  0.196333  0.979022  0.038524  -0.979335  0.198540  0.000401  0.000089  -0.001307  -0.333973  -0.086065  0.062735  2.000000  
117.646201 0.002877  0.091879  -0.027473  0.997771  0.048546  0.045787  -0.054488  0.196571  0.978974  0.038524  -0.979287  0.198778  0.000452  0.000089  -0.001330  -0.322725  -0.079442  0.061565  2.000000  
117.647221 0.002878  0.091879  -0.027474  0.997766  0.048687  0.045749  -0.054488  0.196801  0.978928  0.038658  -0.979234  0.199014  0.000420  0.000064  -0.001345  -0.318808  -0.072619  0.060227  2.000000  
117.648451 0.002879  0.091879  -0.027475  0.997766  0.048699  0.045737  -0.054488  0.197039  0.978880  0.038658  -0.979185  0.199252  0.000461  0.000065  -0.001322  -0.308573  -0.065321  0.058462  2.000000  
117.649698 0.002879  0.091879  -0.027477  0.997766  0.048710  0.045725  -0.054488  0.197276  0.978833  0.038658  -0.979137  0.199489  0.000470  0.000042  -0.001316  -0.299121  -0.059925  0.053206  2.000000  
117.650950 0.002879  0.091879  -0.027479  0.997766  0.048721  0.045713  -0.054488  0.197514  0.978785  0.038658  -0.979089  0.199727  0.000470  0.000042  -0.001315  -0.292868  -0.052688  0.051444  2.000000  
117.652198 0.002880  0.091879  -0.027481  0.997766  0.048726  0.045707  -0.054488  0.197632  0.978761  0.038658  -0.979064  0.199846  0.000488  0.000017  -0.001349  -0.280960  -0.046814  0.045736  2.000000  
117.653446 0.002880  0.091879  -0.027482  0.997766  0.048737  0.045695  -0.054488  0.197870  0.978713  0.038658  -0.979016  0.200083  0.000480  0.000017  -0.001328  -0.269069  -0.040067  0.044407  2.000000  
117.654446 0.002881  0.091879  -0.027483  0.997755  0.048784  0.045891  -0.054693  0.197978  0.978679  0.038658  -0.978992  0.200202  0.000502  0.000065  -0.001317  -0.260797  -0.047671  0.041404  2.000000  
117.655700 0.002881  0.091879  -0.027484  0.997755  0.048789  0.045885  -0.054693  0.198097  0.978655  0.038658  -0.978967  0.200321  0.000471  0.000019  -0.001269  -0.249047  -0.040953  0.040088  2.000000  
117.656948 0.002882  0.091879  -0.027485  0.997755  0.048800  0.045873  -0.054693  0.198335  0.978607  0.038658  -0.978919  0.200558  0.000494  0.000043  -0.001230  -0.241032  -0.035063  0.034348  2.000000  
117.657953 0.002883  0.091879  -0.027486  0.997760  0.048670  0.045900  -0.054694  0.198342  0.978606  0.038524  -0.978924  0.200559  0.000494  0.000043  -0.001230  -0.231047  -0.029454  0.028863  2.000000  
117.659200 0.002884  0.091880  -0.027487  0.997760  0.048675  0.045894  -0.054694  0.198460  0.978582  0.038524  -0.978899  0.200678  0.000485  0.000046  -0.001170  -0.218879  -0.030343  0.024471  2.000000  
117.660455 0.002884  0.091880  -0.027488  0.997760  0.048681  0.045888  -0.054694  0.198579  0.978558  0.038524  -0.978875  0.200797  0.000468  0.000048  -0.001088  -0.209199  -0.023358  0.022914  2.000000  
117.661463 0.002885  0.091880  -0.027489  0.997748  0.048722  0.046090  -0.054899  0.198569  0.978548  0.038524  -0.978875  0.200797  0.000468  0.000048  -0.001088  -0.200849  -0.030959  0.019903  2.000000  
117.662700 0.002885  0.091880  -0.027490  0.997748  0.048727  0.046084  -0.054899  0.198688  0.978524  0.038524  -0.978851  0.200915  0.000452  0.000048  -0.001031  -0.190560  -0.024435  0.018708  2.000000  
117.663952 0.002886  0.091880  -0.027491  0.997748  0.048727  0.046084  -0.054899  0.198688  0.978524  0.038524  -0.978851  0.200915  0.000492  0.000051  -0.000983  -0.176852  -0.025114  0.014186  2.000000  
117.665199 0.002886  0.091880  -0.027493  0.997748  0.048727  0.046084  -0.054899  0.198688  0.978524  0.038524  -0.978851  0.200915  0.000483  0.000075  -0.000990  0.000000  0.000000  0.000000  2.000000  
117.666449 0.002887  0.091880  -0.027494  0.997737  0.048768  0.046285  -0.055105  0.198678  0.978515  0.038524  -0.978851  0.200915  0.000515  0.000075  -0.000950  0.000000  0.000000  0.000000  2.000000  
117.667450 0.002887  0.091880  -0.027494  0.997742  0.048637  0.046312  -0.055105  0.198685  0.978513  0.038391  -0.978856  0.200916  0.000497  0.000099  -0.000916  0.000000  0.000000  0.000000  2.000000  
117.668698 0.002888  0.091880  -0.027496  0.997742  0.048637  0.046312  -0.055105  0.198685  0.978513  0.038391  -0.978856  0.200916  0.000546  0.000102  -0.000908  0.000000  0.000000  0.000000  2.000000  
117.669950 0.002889  0.091880  -0.027497  0.997742  0.048637  0.046312  -0.055105  0.198685  0.978513  0.038391  -0.978856  0.200916  0.000527  0.000124  -0.000898  0.000000  0.000000  0.000000  2.000000  
117.671203 0.002890  0.091881  -0.027498  0.997742  0.048637  0.046312  -0.055105  0.198685  0.978513  0.038391  -0.978856  0.200916  0.000528  0.000127  -0.000873  0.000000  0.000000  0.000000  2.000000  
117.672451 0.002891  0.091881  -0.027499  0.997742  0.048632  0.046318  -0.055105  0.198566  0.978537  0.038391  -0.978880  0.200798  0.000550  0.000149  -0.000841  0.000000  0.000000  0.000000  2.000000  
117.673695 0.002892  0.091882  -0.027499  0.997731  0.048673  0.046519  -0.055310  0.198556  0.978528  0.038391  -0.978880  0.200798  0.000580  0.000174  -0.000824  0.000000  0.000000  0.000000  2.000000  
117.674705 0.002892  0.091882  -0.027500  0.997731  0.048667  0.046525  -0.055310  0.198438  0.978552  0.038391  -0.978905  0.200679  0.000581  0.000177  -0.000797  0.000000  0.000000  0.000000  2.000000  
117.675956 0.002893  0.091882  -0.027501  0.997731  0.048661  0.046531  -0.055310  0.198319  0.978576  0.038391  -0.978929  0.200560  0.000581  0.000177  -0.000796  0.000000  0.000000  0.000000  2.000000  
117.677201 0.002893  0.091882  -0.027502  0.997731  0.048661  0.046531  -0.055310  0.198319  0.978576  0.038391  -0.978929  0.200560  0.000551  0.000153  -0.000815  0.000000  0.000000  0.000000  2.000000  
117.678456 0.002894  0.091883  -0.027503  0.997731  0.048656  0.046537  -0.055310  0.198200  0.978600  0.038391  -0.978953  0.200442  0.000541  0.000176  -0.000821  0.000000  0.000000  0.000000  2.000000  
117.679700 0.002894  0.091883  -0.027504  0.997736  0.048519  0.046570  -0.055310  0.198089  0.978622  0.038257  -0.978983  0.200324  0.000532  0.000173  -0.000808  0.000000  0.000000  0.000000  2.000000  
117.680700 0.002895  0.091883  -0.027505  0.997736  0.048514  0.046576  -0.055310  0.197970  0.978646  0.038257  -0.979007  0.200205  0.000563  0.000225  -0.000810  0.000000  0.000000  0.000000  2.000000  
117.681702 0.002895  0.091883  -0.027507  0.997736  0.048508  0.046581  -0.055310  0.197851  0.978670  0.038257  -0.979031  0.200086  0.000531  0.000200  -0.000828  0.000000  0.000000  0.000000  2.000000  
117.682949 0.002896  0.091883  -0.027508  0.997736  0.048502  0.046587  -0.055310  0.197733  0.978694  0.038257  -0.979055  0.199968  0.000509  0.000174  -0.000887  0.000000  0.000000  0.000000  2.000000  
117.684200 0.002896  0.091883  -0.027510  0.997736  0.048497  0.046593  -0.055310  0.197614  0.978718  0.038257  -0.979080  0.199849  0.000539  0.000222  -0.000916  0.000000  0.000000  0.000000  2.000000  
117.685222 0.002897  0.091883  -0.027511  0.997736  0.048491  0.046599  -0.055310  0.197495  0.978742  0.038257  -0.979104  0.199730  0.000516  0.000195  -0.000973  0.000000  0.000000  0.000000  2.000000  
117.686453 0.002897  0.091884  -0.027513  0.997736  0.048485  0.046605  -0.055310  0.197376  0.978766  0.038257  -0.979128  0.199611  0.000507  0.000215  -0.001005  0.000000  0.000000  0.000000  2.000000  
117.687700 0.002898  0.091884  -0.027515  0.997736  0.048480  0.046611  -0.055310  0.197258  0.978790  0.038257  -0.979152  0.199493  0.000454  0.000165  -0.001080  0.000000  0.000000  0.000000  2.000000  
117.688947 0.002899  0.091884  -0.027516  0.997736  0.048468  0.046623  -0.055310  0.197020  0.978838  0.038257  -0.979201  0.199255  0.000462  0.000168  -0.001098  0.000000  0.000000  0.000000  2.000000  
117.689947 0.002899  0.091885  -0.027518  0.997736  0.048463  0.046629  -0.055310  0.196901  0.978862  0.038257  -0.979225  0.199136  0.000431  0.000162  -0.001184  0.000000  0.000000  0.000000  2.000000  
117.690950 0.002899  0.091884  -0.027519  0.997736  0.048457  0.046634  -0.055310  0.196783  0.978886  0.038257  -0.979249  0.199017  0.000401  0.000137  -0.001202  0.000000  0.000000  0.000000  2.000000  
117.691952 0.002899  0.091884  -0.027521  0.997736  0.048451  0.046640  -0.055310  0.196664  0.978910  0.038257  -0.979273  0.198899  0.000416  0.000139  -0.001262  0.000000  0.000000  0.000000  2.000000  
117.692956 0.002900  0.091884  -0.027523  0.997736  0.048446  0.046646  -0.055310  0.196545  0.978933  0.038257  -0.979297  0.198780  0.000393  0.000113  -0.001320  0.000000  0.000000  0.000000  2.000000  
117.694199 0.002900  0.091884  -0.027525  0.997736  0.048440  0.046652  -0.055310  0.196427  0.978957  0.038257  -0.979321  0.198661  0.000395  0.000110  -0.001339  0.000000  0.000000  0.000000  2.000000  
117.695200 0.002901  0.091884  -0.027526  0.997736  0.048434  0.046658  -0.055310  0.196308  0.978981  0.038257  -0.979345  0.198542  0.000379  0.000086  -0.001420  0.000000  0.000000  0.000000  2.000000  
117.696200 0.002901  0.091884  -0.027528  0.997736  0.048429  0.046664  -0.055310  0.196189  0.979005  0.038257  -0.979369  0.198423  0.000388  0.000085  -0.001462  0.000000  0.000000  0.000000  2.000000  
117.697451 0.002901  0.091885  -0.027530  0.997736  0.048423  0.046670  -0.055310  0.196070  0.979029  0.038257  -0.979394  0.198305  0.000386  0.000108  -0.001507  0.000000  0.000000  0.000000  2.000000  
117.698461 0.002901  0.091885  -0.027532  0.997736  0.048417  0.046676  -0.055310  0.195952  0.979052  0.038257  -0.979418  0.198186  0.000354  0.000105  -0.001572  0.000000  0.000000  0.000000  2.000000  
