1-Time 2-Px 3-Py 4-Pz 5-R11 6-R21 7-R31 8-R12 9-R22 10-R32 11-R13 12-R23 13-R33 14-Vx 15-Vy 16-Vz 17-Wx 18-Wy 19-Wz 20-state 21-PR11 22-PR21 23-PR31 24-PR12 25-PR22 26-PR32 27-PR13 28-PR23 29-PR33 
210.501797 0.005405  0.095942  -0.016230  0.985948  0.166397  0.014772  -0.166788  0.985499  0.031202  -0.009366  -0.033228  0.999404  0.000046  0.000164  -0.000113  0.000000  0.000000  0.000000  2.000000  
210.502802 0.005405  0.095942  -0.016230  0.985948  0.166397  0.014772  -0.166788  0.985499  0.031202  -0.009366  -0.033228  0.999404  0.000037  0.000186  -0.000121  0.000000  0.000000  0.000000  2.000000  
210.503806 0.005405  0.095942  -0.016231  0.985811  0.167208  0.014798  -0.167600  0.985362  0.031190  -0.009366  -0.033228  0.999404  0.000045  0.000089  -0.000154  0.000000  0.000000  0.000000  2.000000  
210.505050 0.005406  0.095941  -0.016232  0.985602  0.168419  0.014988  -0.168818  0.985151  0.031269  -0.009500  -0.033349  0.999399  0.000085  0.000040  -0.000212  0.000000  0.000000  0.000000  2.000000  
210.506301 0.005407  0.095939  -0.016232  0.985460  0.169220  0.015298  -0.169629  0.985010  0.031331  -0.009767  -0.033470  0.999392  0.000161  -0.000078  -0.000279  0.000000  0.000000  0.000000  2.000000  
210.507566 0.005408  0.095938  -0.016234  0.985353  0.169824  0.015449  -0.170237  0.984906  0.031298  -0.009901  -0.033470  0.999391  0.000242  -0.000198  -0.000353  0.000000  0.000000  0.000000  2.000000  
210.508800 0.005410  0.095937  -0.016234  0.985179  0.170840  0.015371  -0.171252  0.984726  0.031425  -0.009767  -0.033591  0.999388  0.000351  -0.000290  -0.000405  0.000000  0.000000  0.000000  2.000000  
210.510050 0.005412  0.095938  -0.016234  0.984934  0.172266  0.015173  -0.172672  0.984473  0.031568  -0.009500  -0.033713  0.999386  0.000470  -0.000255  -0.000367  0.010286  -0.015949  0.207149  2.000000  
210.511314 0.005414  0.095938  -0.016234  0.984685  0.173687  0.015108  -0.174091  0.984220  0.031689  -0.009366  -0.033834  0.999384  0.000580  -0.000272  -0.000378  0.013918  -0.013086  0.255552  2.000000  
210.512549 0.005416  0.095938  -0.016236  0.984433  0.175103  0.015175  -0.175510  0.983964  0.031787  -0.009366  -0.033955  0.999379  0.000710  -0.000290  -0.000493  0.017531  -0.010245  0.304239  2.000000  
210.513553 0.005418  0.095938  -0.016237  0.984214  0.176314  0.015346  -0.176726  0.983748  0.031744  -0.009500  -0.033955  0.999378  0.000874  -0.000265  -0.000575  0.017114  -0.016131  0.345471  2.000000  
210.514798 0.005421  0.095940  -0.016239  0.983921  0.177928  0.015551  -0.178346  0.983453  0.031814  -0.009633  -0.034076  0.999373  0.001087  -0.000180  -0.000610  0.020646  -0.022516  0.400733  2.000000  
210.516050 0.005425  0.095942  -0.016237  0.983624  0.179541  0.015757  -0.179966  0.983156  0.031884  -0.009767  -0.034197  0.999367  0.001378  -0.000033  -0.000503  0.024172  -0.028910  0.456001  2.000000  
210.517297 0.005430  0.095943  -0.016235  0.983325  0.181155  0.015941  -0.181586  0.982860  0.031834  -0.009901  -0.034197  0.999366  0.001670  0.000046  -0.000367  0.023682  -0.035052  0.504420  2.000000  
210.518301 0.005433  0.095943  -0.016235  0.983063  0.182570  0.016009  -0.183002  0.982594  0.031930  -0.009901  -0.034319  0.999362  0.001877  0.000088  -0.000312  0.027280  -0.036704  0.552564  2.000000  
210.519547 0.005438  0.095944  -0.016235  0.982799  0.183988  0.015946  -0.184419  0.982325  0.032050  -0.009767  -0.034440  0.999359  0.002153  0.000182  -0.000255  0.030932  -0.033887  0.601156  2.000000  
210.520556 0.005441  0.095944  -0.016234  0.982571  0.185201  0.015985  -0.185633  0.982097  0.032031  -0.009767  -0.034440  0.999359  0.002368  0.000254  -0.000137  0.030525  -0.035283  0.642450  2.000000  
210.521800 0.005446  0.095942  -0.016234  0.982302  0.186614  0.016054  -0.187049  0.981825  0.032127  -0.009767  -0.034561  0.999355  0.002533  0.000197  -0.000075  0.034144  -0.036973  0.690971  2.000000  
210.522805 0.005450  0.095940  -0.016234  0.982069  0.187822  0.016225  -0.188262  0.981595  0.032082  -0.009901  -0.034561  0.999354  0.002742  0.000121  0.000002  0.033690  -0.042868  0.732158  2.000000  
210.524052 0.005456  0.095937  -0.016234  0.981756  0.189432  0.016432  -0.189879  0.981281  0.032149  -0.010035  -0.034682  0.999348  0.003029  -0.000051  -0.000008  0.037184  -0.049293  0.787390  2.000000  
210.525304 0.005462  0.095934  -0.016235  0.981482  0.190846  0.016479  -0.191293  0.981007  0.032125  -0.010035  -0.034682  0.999348  0.003305  -0.000276  -0.000067  0.036713  -0.050939  0.835763  2.000000  
210.526556 0.005467  0.095930  -0.016236  0.981243  0.192051  0.016673  -0.192505  0.980768  0.032198  -0.010169  -0.034803  0.999342  0.003546  -0.000570  -0.000054  0.044399  -0.056839  0.877023  2.000000  
210.527565 0.005470  0.095925  -0.016238  0.981084  0.192859  0.016699  -0.193313  0.980609  0.032184  -0.010169  -0.034803  0.999342  0.003688  -0.000849  -0.000068  0.044111  -0.057757  0.904313  2.000000  
210.528799 0.005475  0.095919  -0.016240  0.980884  0.193864  0.016864  -0.194323  0.980411  0.032141  -0.010302  -0.034803  0.999341  0.003813  -0.001329  -0.000175  0.043735  -0.063460  0.939243  2.000000  
210.529800 0.005480  0.095915  -0.016243  0.980723  0.194671  0.016890  -0.195130  0.980251  0.032127  -0.010302  -0.034803  0.999341  0.003908  -0.001719  -0.000351  0.043464  -0.064403  0.966935  2.000000  
210.531052 0.005484  0.095909  -0.016245  0.980480  0.195875  0.017085  -0.196341  0.980007  0.032199  -0.010436  -0.034925  0.999335  0.003929  -0.002236  -0.000569  0.047061  -0.070365  1.008199  2.000000  
210.532298 0.005487  0.095903  -0.016247  0.980318  0.196682  0.017111  -0.197149  0.979845  0.032185  -0.010436  -0.034925  0.999335  0.003887  -0.002715  -0.000796  0.046411  -0.070735  1.027526  2.000000  
210.533301 0.005489  0.095897  -0.016249  0.980195  0.197285  0.017238  -0.197754  0.979728  0.032029  -0.010570  -0.034803  0.999338  0.003746  -0.003141  -0.000953  0.042237  -0.075375  1.034398  2.000000  
210.534546 0.005492  0.095891  -0.016251  0.980071  0.197885  0.017389  -0.198359  0.979607  0.031992  -0.010704  -0.034803  0.999337  0.003607  -0.003552  -0.001049  0.038266  -0.074742  1.013888  2.000000  
210.535555 0.005493  0.095885  -0.016252  0.979947  0.198488  0.017516  -0.198964  0.979490  0.031835  -0.010837  -0.034682  0.999340  0.003444  -0.003927  -0.001183  0.034436  -0.070320  1.008426  2.000000  
210.536555 0.005493  0.095878  -0.016254  0.979824  0.199095  0.017511  -0.199569  0.979371  0.031706  -0.010837  -0.034561  0.999344  0.003206  -0.004311  -0.001345  0.025932  -0.065527  1.007287  2.000000  
210.537564 0.005493  0.095872  -0.016255  0.979699  0.199697  0.017638  -0.200174  0.979252  0.031549  -0.010971  -0.034439  0.999347  0.002952  -0.004569  -0.001400  0.021745  -0.070146  1.013839  2.000000  
210.538806 0.005492  0.095863  -0.016256  0.979574  0.200299  0.017764  -0.200779  0.979133  0.031393  -0.011105  -0.034318  0.999349  0.002484  -0.004971  -0.001453  0.013988  -0.079005  1.001107  2.000000  
210.540051 0.005492  0.095855  -0.016257  0.979532  0.200503  0.017746  -0.200980  0.979096  0.031270  -0.011105  -0.034197  0.999353  0.002027  -0.005321  -0.001484  0.006469  -0.086352  0.952445  2.000000  
210.541301 0.005489  0.095847  -0.016258  0.979448  0.200904  0.017865  -0.201383  0.979018  0.031117  -0.011239  -0.034076  0.999356  0.001531  -0.005598  -0.001503  -0.001459  -0.093900  0.924154  2.000000  
210.542555 0.005487  0.095839  -0.016258  0.979323  0.201513  0.017836  -0.201988  0.978901  0.030869  -0.011239  -0.033833  0.999364  0.001124  -0.005763  -0.001377  -0.013330  -0.088666  0.889936  2.000000  
210.543800 0.005484  0.095830  -0.016259  0.979280  0.201712  0.017948  -0.202190  0.978864  0.030719  -0.011373  -0.033712  0.999367  0.000516  -0.005961  -0.001251  -0.021169  -0.087270  0.848558  2.000000  
210.545048 0.005481  0.095822  -0.016261  0.979197  0.202120  0.017912  -0.202593  0.978789  0.030475  -0.011373  -0.033470  0.999375  0.000009  -0.006135  -0.001212  -0.028848  -0.081068  0.814327  2.000000  
210.546301 0.005477  0.095812  -0.016265  0.979152  0.202317  0.018131  -0.202794  0.978756  0.030179  -0.011640  -0.033227  0.999380  -0.000594  -0.006378  -0.001289  -0.040809  -0.084080  0.758641  2.000000  
210.547561 0.005471  0.095803  -0.016268  0.979109  0.202516  0.018244  -0.202995  0.978719  0.030030  -0.011774  -0.033106  0.999383  -0.001148  -0.006609  -0.001350  -0.048167  -0.086465  0.711160  2.000000  
210.548797 0.005466  0.095793  -0.016271  0.979067  0.202722  0.018201  -0.203197  0.978685  0.029789  -0.011774  -0.032863  0.999391  -0.001723  -0.006805  -0.001430  -0.060089  -0.089553  0.654787  2.000000  
210.549801 0.005461  0.095786  -0.016274  0.979024  0.202921  0.018313  -0.203398  0.978647  0.029639  -0.011908  -0.032742  0.999393  -0.002163  -0.006936  -0.001552  -0.063448  -0.092528  0.628571  2.000000  
210.551046 0.005454  0.095777  -0.016278  0.978980  0.203123  0.018401  -0.203599  0.978614  0.029370  -0.012042  -0.032500  0.999399  -0.002592  -0.006982  -0.001667  -0.071133  -0.095538  0.587327  2.000000  
210.552048 0.005450  0.095770  -0.016281  0.978980  0.203125  0.018376  -0.203599  0.978617  0.029252  -0.012042  -0.032378  0.999403  -0.002866  -0.006962  -0.001774  -0.079357  -0.094718  0.543838  2.000000  
210.553050 0.005444  0.095764  -0.016284  0.978979  0.203123  0.018483  -0.203599  0.978622  0.029106  -0.012175  -0.032257  0.999405  -0.003217  -0.006948  -0.001934  -0.087133  -0.093335  0.502374  2.000000  
210.554050 0.005439  0.095758  -0.016287  0.978935  0.203325  0.018570  -0.203800  0.978588  0.028837  -0.012309  -0.032015  0.999412  -0.003568  -0.006923  -0.002051  -0.094244  -0.091570  0.470703  2.000000  
210.555302 0.005433  0.095750  -0.016290  0.978892  0.203525  0.018682  -0.204001  0.978550  0.028688  -0.012443  -0.031893  0.999414  -0.003924  -0.006908  -0.002214  -0.097856  -0.094629  0.429410  2.000000  
210.556305 0.005428  0.095744  -0.016293  0.978848  0.203726  0.018770  -0.204202  0.978516  0.028419  -0.012577  -0.031651  0.999420  -0.004119  -0.006833  -0.002357  -0.110576  -0.094249  0.398445  2.000000  
210.557567 0.005422  0.095739  -0.016297  0.978804  0.203928  0.018857  -0.204403  0.978482  0.028150  -0.012711  -0.031408  0.999426  -0.004338  -0.006663  -0.002567  -0.118445  -0.097946  0.377319  2.000000  
210.558800 0.005417  0.095734  -0.016299  0.978804  0.203933  0.018807  -0.204403  0.978489  0.027913  -0.012711  -0.031166  0.999433  -0.004516  -0.006451  -0.002707  -0.126198  -0.092080  0.336155  2.000000  
210.559801 0.005413  0.095730  -0.016301  0.978803  0.203933  0.018889  -0.204403  0.978496  0.027648  -0.012844  -0.030923  0.999439  -0.004600  -0.006191  -0.002694  -0.134077  -0.095641  0.308413  2.000000  
210.561049 0.005409  0.095726  -0.016303  0.978759  0.204135  0.018976  -0.204604  0.978462  0.027380  -0.012978  -0.030681  0.999445  -0.004595  -0.005851  -0.002624  -0.144823  -0.093933  0.278439  2.000000  
210.562301 0.005404  0.095722  -0.016306  0.978715  0.204337  0.019063  -0.204805  0.978427  0.027111  -0.013112  -0.030438  0.999451  -0.004548  -0.005464  -0.002617  -0.153890  -0.093774  0.253097  2.000000  
210.563306 0.005401  0.095719  -0.016309  0.978673  0.204541  0.019044  -0.205007  0.978388  0.026988  -0.013112  -0.030317  0.999454  -0.004426  -0.005113  -0.002599  -0.153759  -0.093488  0.246114  2.000000  
210.564547 0.005399  0.095716  -0.016312  0.978627  0.204739  0.019261  -0.205208  0.978354  0.026692  -0.013379  -0.030074  0.999458  -0.004200  -0.004712  -0.002556  -0.161766  -0.097312  0.225315  2.000000  
210.565550 0.005397  0.095714  -0.016315  0.978583  0.204941  0.019348  -0.205409  0.978320  0.026424  -0.013513  -0.029832  0.999464  -0.004025  -0.004418  -0.002586  -0.164430  -0.096252  0.216625  2.000000  
210.566553 0.005396  0.095712  -0.016317  0.978581  0.204940  0.019454  -0.205408  0.978324  0.026277  -0.013647  -0.029711  0.999465  -0.003754  -0.004052  -0.002510  -0.164180  -0.100015  0.195900  2.000000  
210.567562 0.005395  0.095711  -0.016319  0.978537  0.205140  0.019565  -0.205609  0.978285  0.026127  -0.013781  -0.029589  0.999467  -0.003414  -0.003685  -0.002430  -0.164035  -0.099551  0.182191  2.000000  
210.568796 0.005395  0.095710  -0.016323  0.978493  0.205340  0.019677  -0.205810  0.978247  0.025977  -0.013915  -0.029468  0.999469  -0.003028  -0.003301  -0.002444  -0.163931  -0.099117  0.168529  2.000000  
210.569803 0.005396  0.095709  -0.016325  0.978451  0.205543  0.019657  -0.206012  0.978208  0.025854  -0.013915  -0.029347  0.999472  -0.002595  -0.002863  -0.002446  -0.165242  -0.099889  0.169888  2.000000  
210.571053 0.005398  0.095709  -0.016329  0.978404  0.205740  0.019899  -0.206213  0.978170  0.025677  -0.014182  -0.029225  0.999472  -0.002053  -0.002371  -0.002457  -0.165187  -0.104143  0.162841  2.000000  
210.572300 0.005400  0.095710  -0.016334  0.978360  0.205940  0.020010  -0.206414  0.978132  0.025526  -0.014316  -0.029104  0.999474  -0.001537  -0.001997  -0.002496  -0.159705  -0.107496  0.154517  2.000000  
210.573302 0.005403  0.095710  -0.016336  0.978316  0.206137  0.020147  -0.206615  0.978090  0.025494  -0.014450  -0.029104  0.999472  -0.001086  -0.001711  -0.002551  -0.156895  -0.112671  0.148769  2.000000  
210.574304 0.005406  0.095711  -0.016339  0.978271  0.206337  0.020258  -0.206816  0.978052  0.025344  -0.014584  -0.028983  0.999474  -0.000575  -0.001341  -0.002561  -0.156915  -0.112653  0.148782  2.000000  
210.575557 0.005410  0.095714  -0.016341  0.978227  0.206537  0.020369  -0.207017  0.978013  0.025193  -0.014717  -0.028862  0.999475  0.000047  -0.000893  -0.002600  -0.152805  -0.112586  0.148750  2.000000  
210.576799 0.005416  0.095716  -0.016343  0.978180  0.206733  0.020610  -0.207217  0.977975  0.025015  -0.014985  -0.028740  0.999475  0.000696  -0.000461  -0.002532  -0.151620  -0.116131  0.147442  2.000000  
210.577801 0.005420  0.095719  -0.016344  0.978136  0.206931  0.020746  -0.207418  0.977933  0.024983  -0.015119  -0.028740  0.999473  0.001174  -0.000086  -0.002444  0.000000  0.000000  0.000000  2.000000  
210.579048 0.005425  0.095722  -0.016346  0.978091  0.207131  0.020857  -0.207619  0.977895  0.024833  -0.015252  -0.028619  0.999474  0.001667  0.000329  -0.002381  0.000000  0.000000  0.000000  2.000000  
210.580049 0.005429  0.095725  -0.016347  0.978046  0.207331  0.020968  -0.207820  0.977856  0.024682  -0.015386  -0.028498  0.999475  0.002182  0.000740  -0.002240  0.000000  0.000000  0.000000  2.000000  
210.581296 0.005435  0.095730  -0.016348  0.978001  0.207529  0.021104  -0.208021  0.977814  0.024650  -0.015520  -0.028498  0.999473  0.002625  0.001147  -0.002069  0.000000  0.000000  0.000000  2.000000  
210.582299 0.005441  0.095733  -0.016348  0.977956  0.207729  0.021214  -0.208222  0.977775  0.024499  -0.015654  -0.028376  0.999475  0.003078  0.001543  -0.001934  0.000000  0.000000  0.000000  2.000000  
210.583301 0.005446  0.095738  -0.016348  0.977911  0.207926  0.021350  -0.208423  0.977733  0.024467  -0.015788  -0.028376  0.999473  0.003442  0.001913  -0.001788  0.000000  0.000000  0.000000  2.000000  
210.584547 0.005454  0.095744  -0.016348  0.977864  0.208123  0.021592  -0.208623  0.977694  0.024288  -0.016055  -0.028255  0.999472  0.003836  0.002328  -0.001560  0.000000  0.000000  0.000000  2.000000  
210.585552 0.005459  0.095750  -0.016348  0.977862  0.208119  0.021722  -0.208623  0.977695  0.024260  -0.016189  -0.028255  0.999470  0.004167  0.002699  -0.001310  0.000000  0.000000  0.000000  2.000000  
210.586565 0.005465  0.095755  -0.016348  0.977819  0.208321  0.021727  -0.208824  0.977652  0.024256  -0.016189  -0.028255  0.999470  0.004484  0.003086  -0.001084  0.000000  0.000000  0.000000  2.000000  
210.587803 0.005472  0.095761  -0.016348  0.977772  0.208517  0.021969  -0.209024  0.977614  0.024077  -0.016456  -0.028133  0.999469  0.004704  0.003404  -0.000843  0.000000  0.000000  0.000000  2.000000  
210.588804 0.005478  0.095765  -0.016348  0.977729  0.208718  0.021974  -0.209226  0.977571  0.024072  -0.016456  -0.028133  0.999469  0.004879  0.003645  -0.000652  0.000000  0.000000  0.000000  2.000000  
210.590050 0.005484  0.095771  -0.016348  0.977725  0.208711  0.022235  -0.209225  0.977573  0.024016  -0.016724  -0.028133  0.999464  0.005048  0.003915  -0.000477  0.000000  0.000000  0.000000  2.000000  
210.591305 0.005490  0.095776  -0.016349  0.977679  0.208909  0.022371  -0.209426  0.977530  0.023983  -0.016858  -0.028133  0.999462  0.005170  0.004119  -0.000403  0.000000  0.000000  0.000000  2.000000  
210.592554 0.005497  0.095781  -0.016349  0.977634  0.209106  0.022507  -0.209626  0.977488  0.023951  -0.016992  -0.028133  0.999460  0.005219  0.004234  -0.000316  0.000000  0.000000  0.000000  2.000000  
210.593800 0.005503  0.095786  -0.016349  0.977632  0.209102  0.022637  -0.209626  0.977489  0.023923  -0.017125  -0.028133  0.999457  0.005261  0.004331  -0.000218  0.000000  0.000000  0.000000  2.000000  
210.594802 0.005507  0.095790  -0.016350  0.977589  0.209304  0.022642  -0.209827  0.977446  0.023918  -0.017125  -0.028133  0.999457  0.005255  0.004363  -0.000164  0.000000  0.000000  0.000000  2.000000  
210.596051 0.005514  0.095795  -0.016350  0.977586  0.209300  0.022773  -0.209827  0.977447  0.023890  -0.017259  -0.028133  0.999455  0.005292  0.004433  -0.000157  0.000000  0.000000  0.000000  2.000000  
210.597296 0.005519  0.095800  -0.016350  0.977584  0.209296  0.022904  -0.209826  0.977447  0.023862  -0.017393  -0.028133  0.999453  0.005237  0.004410  -0.000180  0.000000  0.000000  0.000000  2.000000  
210.598298 0.005524  0.095803  -0.016351  0.977582  0.209293  0.023034  -0.209826  0.977448  0.023834  -0.017527  -0.028133  0.999451  0.005186  0.004313  -0.000166  0.000000  0.000000  0.000000  2.000000  
210.599551 0.005530  0.095808  -0.016350  0.977579  0.209289  0.023165  -0.209825  0.977449  0.023806  -0.017661  -0.028133  0.999448  0.005066  0.004202  -0.000165  0.000000  0.000000  0.000000  2.000000  
210.600798 0.005536  0.095812  -0.016350  0.977577  0.209285  0.023296  -0.209825  0.977450  0.023778  -0.017794  -0.028133  0.999446  0.004992  0.004092  -0.000110  0.000000  0.000000  0.000000  2.000000  
210.601801 0.005540  0.095816  -0.016349  0.977577  0.209285  0.023296  -0.209825  0.977450  0.023778  -0.017794  -0.028133  0.999446  0.004921  0.004019  -0.000067  0.000000  0.000000  0.000000  2.000000  
210.603050 0.005545  0.095820  -0.016348  0.977577  0.209285  0.023296  -0.209825  0.977450  0.023778  -0.017794  -0.028133  0.999446  0.004787  0.003886  0.000018  0.000000  0.000000  0.000000  2.000000  
210.604051 0.005549  0.095823  -0.016347  0.977618  0.209080  0.023422  -0.209623  0.977494  0.023755  -0.017928  -0.028133  0.999443  0.004651  0.003735  0.000068  0.000000  0.000000  0.000000  2.000000  
210.605300 0.005553  0.095825  -0.016346  0.977616  0.209077  0.023553  -0.209622  0.977495  0.023727  -0.018062  -0.028133  0.999441  0.004511  0.003558  0.000163  0.000000  0.000000  0.000000  2.000000  
210.606300 0.005556  0.095827  -0.016346  0.977616  0.209077  0.023553  -0.209622  0.977495  0.023727  -0.018062  -0.028133  0.999441  0.004370  0.003360  0.000164  0.000000  0.000000  0.000000  2.000000  
210.607311 0.005559  0.095828  -0.016346  0.977656  0.208872  0.023678  -0.209421  0.977538  0.023703  -0.018196  -0.028133  0.999439  0.004203  0.003163  0.000241  0.000000  0.000000  0.000000  2.000000  
210.608554 0.005562  0.095830  -0.016345  0.977656  0.208872  0.023678  -0.209421  0.977538  0.023703  -0.018196  -0.028133  0.999439  0.004028  0.002988  0.000308  0.000000  0.000000  0.000000  2.000000  
210.609800 0.005565  0.095832  -0.016344  0.977699  0.208670  0.023674  -0.209219  0.977581  0.023708  -0.018196  -0.028133  0.999439  0.003869  0.002796  0.000380  0.000000  0.000000  0.000000  2.000000  
210.610801 0.005567  0.095833  -0.016343  0.977740  0.208466  0.023799  -0.209018  0.977625  0.023685  -0.018329  -0.028132  0.999436  0.003647  0.002589  0.000470  0.000000  0.000000  0.000000  2.000000  
210.612046 0.005570  0.095835  -0.016343  0.977740  0.208466  0.023799  -0.209018  0.977625  0.023685  -0.018329  -0.028132  0.999436  0.003445  0.002421  0.000503  0.000000  0.000000  0.000000  2.000000  
210.613051 0.005572  0.095836  -0.016343  0.977783  0.208264  0.023795  -0.208816  0.977668  0.023690  -0.018329  -0.028132  0.999436  0.003236  0.002203  0.000521  0.000000  0.000000  0.000000  2.000000  
210.614299 0.005573  0.095837  -0.016343  0.977826  0.208063  0.023790  -0.208615  0.977711  0.023695  -0.018329  -0.028132  0.999436  0.002961  0.001969  0.000522  0.000000  0.000000  0.000000  2.000000  
210.615304 0.005574  0.095837  -0.016342  0.977826  0.208063  0.023790  -0.208615  0.977711  0.023695  -0.018329  -0.028132  0.999436  0.002695  0.001731  0.000485  0.000000  0.000000  0.000000  2.000000  
210.616546 0.005575  0.095838  -0.016342  0.977869  0.207862  0.023785  -0.208414  0.977754  0.023700  -0.018329  -0.028132  0.999436  0.002400  0.001521  0.000489  0.000000  0.000000  0.000000  2.000000  
210.617561 0.005576  0.095839  -0.016341  0.977869  0.207862  0.023785  -0.208414  0.977754  0.023700  -0.018329  -0.028132  0.999436  0.002173  0.001309  0.000460  0.000000  0.000000  0.000000  2.000000  
210.618563 0.005577  0.095839  -0.016340  0.977912  0.207660  0.023780  -0.208212  0.977796  0.023705  -0.018329  -0.028132  0.999436  0.001949  0.001151  0.000492  0.000000  0.000000  0.000000  2.000000  
210.619805 0.005577  0.095839  -0.016339  0.977955  0.207459  0.023775  -0.208011  0.977839  0.023710  -0.018329  -0.028132  0.999436  0.001646  0.000985  0.000469  0.000000  0.000000  0.000000  2.000000  
210.621052 0.005577  0.095839  -0.016338  0.977998  0.207261  0.023745  -0.207810  0.977885  0.023596  -0.018329  -0.028011  0.999440  0.001411  0.000830  0.000538  0.000000  0.000000  0.000000  2.000000  
210.622300 0.005577  0.095839  -0.016337  0.977998  0.207261  0.023745  -0.207810  0.977885  0.023596  -0.018329  -0.028011  0.999440  0.001180  0.000734  0.000564  0.000000  0.000000  0.000000  2.000000  
210.623309 0.005576  0.095839  -0.016336  0.978040  0.207059  0.023740  -0.207608  0.977927  0.023601  -0.018329  -0.028011  0.999440  0.000964  0.000611  0.000596  0.000000  0.000000  0.000000  2.000000  
210.624556 0.005576  0.095839  -0.016334  0.978040  0.207059  0.023740  -0.207608  0.977927  0.023601  -0.018329  -0.028011  0.999440  0.000711  0.000501  0.000649  0.000000  0.000000  0.000000  2.000000  
210.625804 0.005575  0.095839  -0.016333  0.978040  0.207059  0.023740  -0.207608  0.977927  0.023601  -0.018329  -0.028011  0.999440  0.000518  0.000392  0.000655  0.000000  0.000000  0.000000  2.000000  
210.627049 0.005575  0.095840  -0.016332  0.978085  0.206862  0.023605  -0.207407  0.977969  0.023633  -0.018196  -0.028011  0.999442  0.000366  0.000363  0.000729  0.000000  0.000000  0.000000  2.000000  
210.628050 0.005576  0.095841  -0.016331  0.978085  0.206862  0.023605  -0.207407  0.977969  0.023633  -0.018196  -0.028011  0.999442  0.000250  0.000353  0.000772  0.000000  0.000000  0.000000  2.000000  
210.629296 0.005576  0.095842  -0.016331  0.978128  0.206660  0.023600  -0.207206  0.978012  0.023638  -0.018196  -0.028011  0.999442  0.000160  0.000325  0.000799  0.000000  0.000000  0.000000  2.000000  
210.630298 0.005575  0.095842  -0.016330  0.978128  0.206660  0.023600  -0.207206  0.978012  0.023638  -0.018196  -0.028011  0.999442  0.000061  0.000320  0.000818  0.000000  0.000000  0.000000  2.000000  
210.631551 0.005576  0.095842  -0.016329  0.978128  0.206663  0.023575  -0.207206  0.978015  0.023520  -0.018196  -0.027890  0.999445  -0.000018  0.000295  0.000822  0.000000  0.000000  0.000000  2.000000  
210.632797 0.005576  0.095842  -0.016329  0.978128  0.206663  0.023575  -0.207206  0.978015  0.023520  -0.018196  -0.027890  0.999445  -0.000059  0.000269  0.000839  0.000000  0.000000  0.000000  2.000000  
210.633801 0.005576  0.095843  -0.016328  0.978128  0.206663  0.023575  -0.207206  0.978015  0.023520  -0.018196  -0.027890  0.999445  -0.000079  0.000240  0.000783  0.000000  0.000000  0.000000  2.000000  
210.635046 0.005576  0.095843  -0.016328  0.978128  0.206663  0.023575  -0.207206  0.978015  0.023520  -0.018196  -0.027890  0.999445  -0.000057  0.000286  0.000781  0.000000  0.000000  0.000000  2.000000  
210.636048 0.005577  0.095844  -0.016327  0.978128  0.206663  0.023575  -0.207206  0.978015  0.023520  -0.018196  -0.027890  0.999445  -0.000006  0.000309  0.000727  0.000000  0.000000  0.000000  2.000000  
210.637054 0.005577  0.095844  -0.016327  0.978085  0.206865  0.023579  -0.207407  0.977972  0.023515  -0.018196  -0.027890  0.999445  0.000045  0.000338  0.000684  0.000000  0.000000  0.000000  2.000000  
210.638303 0.005578  0.095845  -0.016326  0.978085  0.206865  0.023579  -0.207407  0.977972  0.023515  -0.018196  -0.027890  0.999445  0.000134  0.000361  0.000646  0.000000  0.000000  0.000000  2.000000  
210.639554 0.005580  0.095846  -0.016326  0.978085  0.206865  0.023579  -0.207407  0.977972  0.023515  -0.018196  -0.027890  0.999445  0.000255  0.000436  0.000594  0.000000  0.000000  0.000000  2.000000  
210.640557 0.005580  0.095847  -0.016325  0.978085  0.206865  0.023579  -0.207407  0.977972  0.023515  -0.018196  -0.027890  0.999445  0.000341  0.000495  0.000568  0.000000  0.000000  0.000000  2.000000  
210.641799 0.005582  0.095848  -0.016325  0.978043  0.207066  0.023584  -0.207609  0.977929  0.023510  -0.018196  -0.027890  0.999445  0.000436  0.000513  0.000495  0.000000  0.000000  0.000000  2.000000  
210.642802 0.005583  0.095849  -0.016324  0.978043  0.207066  0.023584  -0.207609  0.977929  0.023510  -0.018196  -0.027890  0.999445  0.000524  0.000552  0.000513  0.000000  0.000000  0.000000  2.000000  
210.644050 0.005585  0.095851  -0.016323  0.978000  0.207267  0.023589  -0.207810  0.977887  0.023505  -0.018196  -0.027890  0.999445  0.000645  0.000608  0.000506  0.000000  0.000000  0.000000  2.000000  
210.645297 0.005587  0.095852  -0.016323  0.978000  0.207267  0.023589  -0.207810  0.977887  0.023505  -0.018196  -0.027890  0.999445  0.000745  0.000675  0.000482  0.000000  0.000000  0.000000  2.000000  
210.646301 0.005588  0.095853  -0.016323  0.978000  0.207267  0.023589  -0.207810  0.977887  0.023505  -0.018196  -0.027890  0.999445  0.000840  0.000738  0.000455  0.000000  0.000000  0.000000  2.000000  
210.647562 0.005589  0.095855  -0.016322  0.977957  0.207469  0.023594  -0.208011  0.977844  0.023500  -0.018196  -0.027890  0.999445  0.000942  0.000839  0.000430  0.000000  0.000000  0.000000  2.000000  
210.648798 0.005590  0.095856  -0.016322  0.977914  0.207670  0.023599  -0.208213  0.977801  0.023495  -0.018196  -0.027890  0.999445  0.000968  0.000851  0.000406  0.000000  0.000000  0.000000  2.000000  
210.649798 0.005592  0.095857  -0.016323  0.977914  0.207670  0.023599  -0.208213  0.977801  0.023495  -0.018196  -0.027890  0.999445  0.001079  0.000949  0.000346  0.000000  0.000000  0.000000  2.000000  
210.650798 0.005593  0.095858  -0.016323  0.977871  0.207871  0.023604  -0.208414  0.977759  0.023491  -0.018196  -0.027890  0.999445  0.001090  0.000947  0.000309  0.000000  0.000000  0.000000  2.000000  
210.651800 0.005594  0.095859  -0.016323  0.977871  0.207871  0.023604  -0.208414  0.977759  0.023491  -0.018196  -0.027890  0.999445  0.001130  0.000973  0.000292  0.000000  0.000000  0.000000  2.000000  
210.653070 0.005595  0.095860  -0.016323  0.977828  0.208072  0.023608  -0.208615  0.977716  0.023486  -0.018196  -0.027890  0.999445  0.001150  0.001030  0.000205  0.000000  0.000000  0.000000  2.000000  
210.654305 0.005597  0.095861  -0.016323  0.977785  0.208274  0.023613  -0.208817  0.977673  0.023481  -0.018196  -0.027890  0.999445  0.001162  0.001029  0.000168  0.000000  0.000000  0.000000  2.000000  
210.655555 0.005598  0.095862  -0.016324  0.977785  0.208274  0.023613  -0.208817  0.977673  0.023481  -0.018196  -0.027890  0.999445  0.001155  0.001031  0.000084  0.000000  0.000000  0.000000  2.000000  
210.656803 0.005599  0.095863  -0.016324  0.977742  0.208475  0.023618  -0.209018  0.977630  0.023476  -0.018196  -0.027890  0.999445  0.001115  0.001015  0.000001  0.000000  0.000000  0.000000  2.000000  
210.658051 0.005599  0.095864  -0.016325  0.977699  0.208673  0.023648  -0.209219  0.977584  0.023590  -0.018196  -0.028011  0.999442  0.001027  0.000967  -0.000046  0.000000  0.000000  0.000000  2.000000  
210.659301 0.005600  0.095864  -0.016325  0.977699  0.208673  0.023648  -0.209219  0.977584  0.023590  -0.018196  -0.028011  0.999442  0.000979  0.000911  -0.000121  0.000000  0.000000  0.000000  2.000000  
210.660552 0.005600  0.095865  -0.016325  0.977656  0.208875  0.023653  -0.209421  0.977541  0.023585  -0.018196  -0.028011  0.999442  0.000889  0.000830  -0.000179  0.000000  0.000000  0.000000  2.000000  
210.661553 0.005600  0.095865  -0.016325  0.977656  0.208875  0.023653  -0.209421  0.977541  0.023585  -0.018196  -0.028011  0.999442  0.000780  0.000773  -0.000208  0.000000  0.000000  0.000000  2.000000  
210.662796 0.005600  0.095865  -0.016326  0.977613  0.209076  0.023658  -0.209622  0.977498  0.023580  -0.018196  -0.028011  0.999442  0.000700  0.000670  -0.000258  0.000000  0.000000  0.000000  2.000000  
210.663800 0.005600  0.095865  -0.016326  0.977613  0.209076  0.023658  -0.209622  0.977498  0.023580  -0.018196  -0.028011  0.999442  0.000590  0.000625  -0.000254  0.000000  0.000000  0.000000  2.000000  
210.665046 0.005599  0.095864  -0.016328  0.977570  0.209277  0.023663  -0.209823  0.977455  0.023575  -0.018196  -0.028011  0.999442  0.000470  0.000484  -0.000319  0.000000  0.000000  0.000000  2.000000  
210.666048 0.005599  0.095864  -0.016328  0.977570  0.209277  0.023663  -0.209823  0.977455  0.023575  -0.018196  -0.028011  0.999442  0.000335  0.000386  -0.000329  0.000000  0.000000  0.000000  2.000000  
210.667301 0.005598  0.095863  -0.016329  0.977570  0.209277  0.023663  -0.209823  0.977455  0.023575  -0.018196  -0.028011  0.999442  0.000223  0.000253  -0.000399  0.000000  0.000000  0.000000  2.000000  
210.668303 0.005597  0.095863  -0.016329  0.977527  0.209478  0.023668  -0.210024  0.977412  0.023570  -0.018196  -0.028011  0.999442  0.000111  0.000174  -0.000383  0.000000  0.000000  0.000000  2.000000  
210.669547 0.005596  0.095862  -0.016331  0.977527  0.209475  0.023693  -0.210024  0.977409  0.023689  -0.018196  -0.028133  0.999439  -0.000061  -0.000013  -0.000484  0.000000  0.000000  0.000000  2.000000  
210.670560 0.005596  0.095860  -0.016332  0.977527  0.209475  0.023693  -0.210024  0.977409  0.023689  -0.018196  -0.028133  0.999439  -0.000173  -0.000146  -0.000562  0.000000  0.000000  0.000000  2.000000  
210.671800 0.005595  0.095859  -0.016333  0.977527  0.209475  0.023693  -0.210024  0.977409  0.023689  -0.018196  -0.028133  0.999439  -0.000252  -0.000268  -0.000559  0.000000  0.000000  0.000000  2.000000  
210.672801 0.005594  0.095858  -0.016333  0.977527  0.209475  0.023693  -0.210024  0.977409  0.023689  -0.018196  -0.028133  0.999439  -0.000373  -0.000397  -0.000591  0.000000  0.000000  0.000000  2.000000  
210.674050 0.005593  0.095856  -0.016335  0.977484  0.209677  0.023698  -0.210226  0.977366  0.023684  -0.018196  -0.028133  0.999439  -0.000464  -0.000572  -0.000644  0.000000  0.000000  0.000000  2.000000  
210.675051 0.005592  0.095854  -0.016336  0.977484  0.209677  0.023698  -0.210226  0.977366  0.023684  -0.018196  -0.028133  0.999439  -0.000575  -0.000738  -0.000717  0.000000  0.000000  0.000000  2.000000  
210.676300 0.005591  0.095852  -0.016337  0.977484  0.209677  0.023698  -0.210226  0.977366  0.023684  -0.018196  -0.028133  0.999439  -0.000627  -0.000891  -0.000789  0.000000  0.000000  0.000000  2.000000  
210.677300 0.005590  0.095851  -0.016338  0.977484  0.209677  0.023698  -0.210226  0.977366  0.023684  -0.018196  -0.028133  0.999439  -0.000689  -0.000967  -0.000782  0.000000  0.000000  0.000000  2.000000  
210.678302 0.005589  0.095849  -0.016338  0.977484  0.209677  0.023698  -0.210226  0.977366  0.023684  -0.018196  -0.028133  0.999439  -0.000719  -0.001050  -0.000792  0.000000  0.000000  0.000000  2.000000  
210.679546 0.005588  0.095848  -0.016340  0.977484  0.209677  0.023698  -0.210226  0.977366  0.023684  -0.018196  -0.028133  0.999439  -0.000769  -0.001127  -0.000823  0.000000  0.000000  0.000000  2.000000  
210.680554 0.005587  0.095847  -0.016341  0.977484  0.209677  0.023698  -0.210226  0.977366  0.023684  -0.018196  -0.028133  0.999439  -0.000762  -0.001170  -0.000865  0.000000  0.000000  0.000000  2.000000  
210.681796 0.005587  0.095846  -0.016341  0.977484  0.209677  0.023698  -0.210226  0.977366  0.023684  -0.018196  -0.028133  0.999439  -0.000780  -0.001199  -0.000826  0.000000  0.000000  0.000000  2.000000  
210.682798 0.005586  0.095844  -0.016342  0.977484  0.209677  0.023698  -0.210226  0.977366  0.023684  -0.018196  -0.028133  0.999439  -0.000773  -0.001243  -0.000868  0.000000  0.000000  0.000000  2.000000  
210.684051 0.005585  0.095844  -0.016343  0.977484  0.209677  0.023698  -0.210226  0.977366  0.023684  -0.018196  -0.028133  0.999439  -0.000773  -0.001243  -0.000868  0.000000  0.000000  0.000000  2.000000  
210.685305 0.005585  0.095843  -0.016343  0.977484  0.209674  0.023723  -0.210226  0.977363  0.023802  -0.018196  -0.028254  0.999435  -0.000724  -0.001187  -0.000792  0.000000  0.000000  0.000000  2.000000  
210.686559 0.005584  0.095842  -0.016344  0.977484  0.209674  0.023723  -0.210226  0.977363  0.023802  -0.018196  -0.028254  0.999435  -0.000733  -0.001163  -0.000800  0.000000  0.000000  0.000000  2.000000  
210.687566 0.005584  0.095842  -0.016345  0.977484  0.209674  0.023723  -0.210226  0.977363  0.023802  -0.018196  -0.028254  0.999435  -0.000670  -0.001086  -0.000806  0.000000  0.000000  0.000000  2.000000  
210.688803 0.005583  0.095841  -0.016346  0.977484  0.209674  0.023723  -0.210226  0.977363  0.023802  -0.018196  -0.028254  0.999435  -0.000640  -0.000985  -0.000746  0.000000  0.000000  0.000000  2.000000  
210.690051 0.005583  0.095840  -0.016346  0.977484  0.209674  0.023723  -0.210226  0.977363  0.023802  -0.018196  -0.028254  0.999435  -0.000570  -0.000915  -0.000695  0.000000  0.000000  0.000000  2.000000  
210.691300 0.005584  0.095840  -0.016347  0.977484  0.209674  0.023723  -0.210226  0.977363  0.023802  -0.018196  -0.028254  0.999435  -0.000498  -0.000789  -0.000654  0.000000  0.000000  0.000000  2.000000  
210.692300 0.005584  0.095841  -0.016348  0.977484  0.209674  0.023723  -0.210226  0.977363  0.023802  -0.018196  -0.028254  0.999435  -0.000417  -0.000664  -0.000648  0.000000  0.000000  0.000000  2.000000  
210.693302 0.005584  0.095841  -0.016348  0.977484  0.209674  0.023723  -0.210226  0.977363  0.023802  -0.018196  -0.028254  0.999435  -0.000367  -0.000588  -0.000618  0.000000  0.000000  0.000000  2.000000  
210.694304 0.005584  0.095841  -0.016348  0.977484  0.209674  0.023723  -0.210226  0.977363  0.023802  -0.018196  -0.028254  0.999435  -0.000270  -0.000442  -0.000566  0.000000  0.000000  0.000000  2.000000  
210.695324 0.005585  0.095842  -0.016348  0.977484  0.209674  0.023723  -0.210226  0.977363  0.023802  -0.018196  -0.028254  0.999435  -0.000188  -0.000336  -0.000515  0.000000  0.000000  0.000000  2.000000  
210.696553 0.005585  0.095843  -0.016348  0.977484  0.209674  0.023723  -0.210226  0.977363  0.023802  -0.018196  -0.028254  0.999435  -0.000116  -0.000208  -0.000473  0.000000  0.000000  0.000000  2.000000  
210.697563 0.005586  0.095843  -0.016348  0.977484  0.209674  0.023723  -0.210226  0.977363  0.023802  -0.018196  -0.028254  0.999435  -0.000035  -0.000103  -0.000422  0.000000  0.000000  0.000000  2.000000  
210.698798 0.005586  0.095844  -0.016348  0.977484  0.209674  0.023723  -0.210226  0.977363  0.023802  -0.018196  -0.028254  0.999435  0.000066  0.000031  -0.000315  0.000000  0.000000  0.000000  2.000000  
210.699798 0.005587  0.095845  -0.016348  0.977440  0.209875  0.023728  -0.210427  0.977320  0.023798  -0.018196  -0.028254  0.999435  0.000147  0.000155  -0.000305  0.000000  0.000000  0.000000  2.000000  
210.701051 0.005588  0.095846  -0.016347  0.977440  0.209875  0.023728  -0.210427  0.977320  0.023798  -0.018196  -0.028254  0.999435  0.000251  0.000292  -0.000202  0.000000  0.000000  0.000000  2.000000  
210.702299 0.005589  0.095847  -0.016347  0.977440  0.209875  0.023728  -0.210427  0.977320  0.023798  -0.018196  -0.028254  0.999435  0.000327  0.000391  -0.000149  0.000000  0.000000  0.000000  2.000000  
210.703301 0.005589  0.095848  -0.016347  0.977440  0.209875  0.023728  -0.210427  0.977320  0.023798  -0.018196  -0.028254  0.999435  0.000376  0.000447  -0.000074  0.000000  0.000000  0.000000  2.000000  
210.704304 0.005590  0.095849  -0.016346  0.977440  0.209875  0.023728  -0.210427  0.977320  0.023798  -0.018196  -0.028254  0.999435  0.000413  0.000557  -0.000015  0.000000  0.000000  0.000000  2.000000  
210.705553 0.005591  0.095850  -0.016345  0.977440  0.209875  0.023728  -0.210427  0.977320  0.023798  -0.018196  -0.028254  0.999435  0.000486  0.000631  0.000080  0.000000  0.000000  0.000000  2.000000  
210.706561 0.005591  0.095851  -0.016345  0.977440  0.209875  0.023728  -0.210427  0.977320  0.023798  -0.018196  -0.028254  0.999435  0.000513  0.000670  0.000138  0.000000  0.000000  0.000000  2.000000  
210.707563 0.005592  0.095852  -0.016345  0.977440  0.209875  0.023728  -0.210427  0.977320  0.023798  -0.018196  -0.028254  0.999435  0.000554  0.000749  0.000206  0.000000  0.000000  0.000000  2.000000  
210.708800 0.005593  0.095853  -0.016344  0.977440  0.209875  0.023728  -0.210427  0.977320  0.023798  -0.018196  -0.028254  0.999435  0.000594  0.000793  0.000278  0.000000  0.000000  0.000000  2.000000  
210.709801 0.005593  0.095853  -0.016344  0.977440  0.209875  0.023728  -0.210427  0.977320  0.023798  -0.018196  -0.028254  0.999435  0.000594  0.000793  0.000278  0.000000  0.000000  0.000000  2.000000  
210.710801 0.005593  0.095854  -0.016343  0.977440  0.209875  0.023728  -0.210427  0.977320  0.023798  -0.018196  -0.028254  0.999435  0.000583  0.000810  0.000358  0.000000  0.000000  0.000000  2.000000  
210.712047 0.005594  0.095855  -0.016342  0.977440  0.209875  0.023728  -0.210427  0.977320  0.023798  -0.018196  -0.028254  0.999435  0.000572  0.000776  0.000397  0.000000  0.000000  0.000000  2.000000  
210.713299 0.005594  0.095855  -0.016342  0.977440  0.209875  0.023728  -0.210427  0.977320  0.023798  -0.018196  -0.028254  0.999435  0.000561  0.000778  0.000433  0.000000  0.000000  0.000000  2.000000  
210.714301 0.005595  0.095856  -0.016341  0.977440  0.209875  0.023728  -0.210427  0.977320  0.023798  -0.018196  -0.028254  0.999435  0.000539  0.000743  0.000467  0.000000  0.000000  0.000000  2.000000  
210.715550 0.005594  0.095856  -0.016340  0.977440  0.209875  0.023728  -0.210427  0.977320  0.023798  -0.018196  -0.028254  0.999435  0.000467  0.000668  0.000510  0.000000  0.000000  0.000000  2.000000  
210.716550 0.005595  0.095856  -0.016339  0.977440  0.209878  0.023703  -0.210427  0.977323  0.023679  -0.018196  -0.028133  0.999439  0.000435  0.000620  0.000536  0.000000  0.000000  0.000000  2.000000  
210.717561 0.005595  0.095856  -0.016339  0.977440  0.209878  0.023703  -0.210427  0.977323  0.023679  -0.018196  -0.028133  0.999439  0.000403  0.000571  0.000562  0.000000  0.000000  0.000000  2.000000  
210.718798 0.005594  0.095856  -0.016338  0.977440  0.209878  0.023703  -0.210427  0.977323  0.023679  -0.018196  -0.028133  0.999439  0.000327  0.000509  0.000551  0.000000  0.000000  0.000000  2.000000  
