1-Time 2-Px 3-Py 4-Pz 5-R11 6-R21 7-R31 8-R12 9-R22 10-R32 11-R13 12-R23 13-R33 14-Vx 15-Vy 16-Vz 17-Wx 18-Wy 19-Wz 20-state 21-PR11 22-PR21 23-PR31 24-PR12 25-PR22 26-PR32 27-PR13 28-PR23 29-PR33 
54.660336 0.004301  0.092418  -0.021999  0.995336  0.002132  0.096447  -0.095576  0.157671  0.982856  -0.013112  -0.987489  0.157140  -0.001861  0.000070  0.007185  0.005585  -0.127110  0.205431  2.000000  1.000000  0.000000  0.000000  0.000000  -0.000000  1.000000  0.000000  -1.000000  -0.000000  0.999990  0.003756  0.002320  -0.003757  0.999993  0.000074  -0.002320  -0.000083  0.999997  1.000000  0.000000  0.000000  0.000000  1.000000  0.000000  0.000000  0.000000  1.000000  0.320267  0.659207  0.680349  -0.638074  -0.380725  0.669260  0.700207  -0.648455  0.298690  0.000061  0.000000  
54.661343 0.004300  0.092418  -0.021992  0.995338  0.002263  0.096426  -0.095576  0.157659  0.982858  -0.012978  -0.987491  0.157140  -0.001844  0.000063  0.007111  0.005769  -0.121986  0.201518  2.000000  1.000000  0.000000  0.000000  0.000000  -0.000000  1.000000  0.000000  -1.000000  -0.000000  0.999991  0.003724  0.002117  -0.003724  0.999993  0.000078  -0.002117  -0.000086  0.999998  1.000000  0.000000  0.000000  0.000000  1.000000  0.000000  0.000000  0.000000  1.000000  1.000000  0.000000  0.000000  0.000000  -0.000000  1.000000  0.000000  -1.000000  -0.000000  0.000059  0.000000  
54.662343 0.004298  0.092417  -0.021985  0.995320  0.002439  0.096608  -0.095781  0.157765  0.982821  -0.012844  -0.987474  0.157260  -0.001844  0.000010  0.007012  -0.002352  -0.122688  0.197070  2.000000  1.000000  0.000000  0.000000  0.000000  -0.000000  1.000000  0.000000  -1.000000  -0.000000  0.999991  0.003592  0.002138  -0.003592  0.999994  0.000079  -0.002138  -0.000086  0.999998  1.000000  0.000000  0.000000  0.000000  1.000000  0.000000  0.000000  0.000000  1.000000  1.000000  0.000000  0.000000  0.000000  -0.000000  1.000000  0.000000  -1.000000  -0.000000  0.000058  0.000000  
54.663417 0.004296  0.092416  -0.021980  0.995300  0.002471  0.096810  -0.095986  0.157764  0.982801  -0.012844  -0.987474  0.157260  -0.001820  -0.000091  0.006908  0.000000  0.000000  0.000000  2.000000  1.000000  0.000000  0.000000  0.000000  -0.000000  1.000000  0.000000  -1.000000  -0.000000  0.999992  0.003460  0.002159  -0.003460  0.999994  -0.000042  -0.002159  0.000035  0.999998  1.000000  0.000000  0.000000  0.000000  1.000000  0.000000  0.000000  0.000000  1.000000  1.000000  0.000000  0.000000  0.000000  -0.000000  1.000000  0.000000  -1.000000  -0.000000  0.000057  0.000000  
54.664591 0.004295  0.092415  -0.021971  0.995282  0.002647  0.096991  -0.096191  0.157870  0.982764  -0.012711  -0.987456  0.157380  -0.001760  -0.000109  0.006901  0.000000  0.000000  0.000000  2.000000  1.000000  0.000000  0.000000  0.000000  -0.000000  1.000000  0.000000  -1.000000  -0.000000  0.999992  0.003328  0.002180  -0.003327  0.999994  -0.000163  -0.002180  0.000156  0.999998  1.000000  0.000000  0.000000  0.000000  1.000000  0.000000  0.000000  0.000000  1.000000  1.000000  0.000000  0.000000  0.000000  -0.000000  1.000000  0.000000  -1.000000  -0.000000  0.000000  0.000000  
54.665600 0.004294  0.092414  -0.021964  0.995262  0.002680  0.097193  -0.096396  0.157870  0.982744  -0.012711  -0.987456  0.157380  -0.001701  -0.000215  0.006840  0.000000  0.000000  0.000000  2.000000  1.000000  0.000000  0.000000  0.000000  -0.000000  1.000000  0.000000  -1.000000  -0.000000  0.999992  0.003196  0.002200  -0.003195  0.999995  -0.000284  -0.002201  0.000277  0.999998  1.000000  0.000000  0.000000  0.000000  1.000000  0.000000  0.000000  0.000000  1.000000  1.000000  0.000000  0.000000  0.000000  -0.000000  1.000000  0.000000  -1.000000  -0.000000  0.000000  0.000000  
54.666849 0.004293  0.092414  -0.021956  0.995264  0.002823  0.097172  -0.096396  0.157976  0.982726  -0.012577  -0.987439  0.157500  -0.001582  -0.000240  0.006780  0.000000  0.000000  0.000000  2.000000  1.000000  0.000000  0.000000  0.000000  -0.000000  1.000000  0.000000  -1.000000  -0.000000  0.999993  0.003064  0.002221  -0.003063  0.999995  -0.000405  -0.002222  0.000398  0.999997  1.000000  0.000000  0.000000  0.000000  1.000000  0.000000  0.000000  0.000000  1.000000  1.000000  0.000000  0.000000  0.000000  -0.000000  1.000000  0.000000  -1.000000  -0.000000  0.000000  0.000000  
54.668101 0.004292  0.092412  -0.021948  0.995224  0.002900  0.097576  -0.096806  0.158094  0.982667  -0.012577  -0.987420  0.157620  -0.001495  -0.000313  0.006752  0.000000  0.000000  0.000000  2.000000  1.000000  0.000000  0.000000  0.000000  -0.000000  1.000000  0.000000  -1.000000  -0.000000  0.999993  0.003064  0.002221  -0.003063  0.999995  -0.000526  -0.002222  0.000519  0.999997  1.000000  0.000000  0.000000  0.000000  1.000000  0.000000  0.000000  0.000000  1.000000  1.000000  0.000000  0.000000  0.000000  -0.000000  1.000000  0.000000  -1.000000  -0.000000  0.000000  0.000000  
54.669340 0.004292  0.092412  -0.021940  0.995206  0.003076  0.097757  -0.097011  0.158200  0.982630  -0.012443  -0.987402  0.157740  -0.001334  -0.000328  0.006696  0.000000  0.000000  0.000000  2.000000  1.000000  0.000000  0.000000  0.000000  -0.000000  1.000000  0.000000  -1.000000  -0.000000  0.999993  0.002932  0.002242  -0.002931  0.999996  -0.000525  -0.002243  0.000519  0.999997  1.000000  0.000000  0.000000  0.000000  1.000000  0.000000  0.000000  0.000000  1.000000  1.000000  0.000000  0.000000  0.000000  -0.000000  1.000000  0.000000  -1.000000  -0.000000  0.000000  0.000000  
54.670588 0.004291  0.092411  -0.021933  0.995207  0.003219  0.097736  -0.097011  0.158306  0.982613  -0.012309  -0.987385  0.157860  -0.001219  -0.000392  0.006532  0.000000  0.000000  0.000000  2.000000  1.000000  0.000000  0.000000  0.000000  -0.000000  1.000000  0.000000  -1.000000  -0.000000  0.999993  0.002933  0.002241  -0.002931  0.999995  -0.000646  -0.002243  0.000640  0.999997  1.000000  0.000000  0.000000  0.000000  1.000000  0.000000  0.000000  0.000000  1.000000  1.000000  0.000000  0.000000  0.000000  -0.000000  1.000000  0.000000  -1.000000  -0.000000  0.000000  0.000000  
54.671840 0.004291  0.092411  -0.021926  0.995187  0.003263  0.097938  -0.097216  0.158425  0.982573  -0.012309  -0.987366  0.157980  -0.001121  -0.000423  0.006370  0.000000  0.000000  0.000000  2.000000  1.000000  0.000000  0.000000  0.000000  -0.000000  1.000000  0.000000  -1.000000  -0.000000  0.999993  0.002701  0.002487  -0.002699  0.999996  -0.000770  -0.002489  0.000763  0.999997  1.000000  0.000000  0.000000  0.000000  1.000000  0.000000  0.000000  0.000000  1.000000  1.000000  0.000000  0.000000  0.000000  -0.000000  1.000000  0.000000  -1.000000  -0.000000  0.000000  0.000000  
54.672844 0.004291  0.092410  -0.021921  0.995167  0.003308  0.098140  -0.097421  0.158543  0.982534  -0.012309  -0.987346  0.158100  -0.001023  -0.000475  0.006254  0.000000  0.000000  0.000000  2.000000  1.000000  0.000000  0.000000  0.000000  -0.000000  1.000000  0.000000  -1.000000  -0.000000  0.999994  0.002569  0.002507  -0.002567  0.999996  -0.000891  -0.002510  0.000884  0.999996  1.000000  0.000000  0.000000  0.000000  1.000000  0.000000  0.000000  0.000000  1.000000  1.000000  0.000000  0.000000  0.000000  -0.000000  1.000000  0.000000  -1.000000  -0.000000  0.000000  0.000000  
54.673866 0.004290  0.092409  -0.021917  0.995147  0.003353  0.098341  -0.097626  0.158662  0.982495  -0.012309  -0.987327  0.158219  -0.000935  -0.000578  0.006077  0.000000  0.000000  0.000000  2.000000  1.000000  0.000000  0.000000  0.000000  -0.000000  1.000000  0.000000  -1.000000  -0.000000  0.999994  0.002437  0.002528  -0.002435  0.999997  -0.001012  -0.002531  0.001006  0.999996  1.000000  0.000000  0.000000  0.000000  1.000000  0.000000  0.000000  0.000000  1.000000  1.000000  0.000000  0.000000  0.000000  -0.000000  1.000000  0.000000  -1.000000  -0.000000  0.000000  0.000000  
54.675091 0.004289  0.092408  -0.021910  0.995107  0.003430  0.098746  -0.098035  0.158780  0.982435  -0.012309  -0.987308  0.158339  -0.000836  -0.000664  0.006009  0.000000  0.000000  0.000000  2.000000  1.000000  0.000000  0.000000  0.000000  -0.000000  1.000000  0.000000  -1.000000  -0.000000  0.999993  0.002339  0.002752  -0.002335  0.999996  -0.001257  -0.002755  0.001251  0.999995  1.000000  0.000000  0.000000  0.000000  1.000000  0.000000  0.000000  0.000000  1.000000  1.000000  0.000000  0.000000  0.000000  -0.000000  1.000000  0.000000  -1.000000  -0.000000  0.000000  0.000000  
54.676341 0.004288  0.092406  -0.021903  0.995087  0.003487  0.098947  -0.098240  0.159017  0.982376  -0.012309  -0.987270  0.158579  -0.000745  -0.000805  0.005912  0.000000  0.000000  0.000000  2.000000  1.000000  0.000000  0.000000  0.000000  -0.000000  1.000000  0.000000  -1.000000  -0.000000  0.999994  0.002075  0.002794  -0.002071  0.999997  -0.001499  -0.002797  0.001493  0.999995  1.000000  0.000000  0.000000  0.000000  1.000000  0.000000  0.000000  0.000000  1.000000  1.000000  0.000000  0.000000  0.000000  -0.000000  1.000000  0.000000  -1.000000  -0.000000  0.000000  0.000000  
54.677346 0.004287  0.092405  -0.021899  0.995085  0.003379  0.098967  -0.098240  0.159269  0.982335  -0.012443  -0.987230  0.158818  -0.000707  -0.000834  0.005804  0.000000  0.000000  0.000000  2.000000  1.000000  0.000000  0.000000  0.000000  -0.000000  1.000000  0.000000  -1.000000  -0.000000  0.999993  0.001976  0.003018  -0.001971  0.999997  -0.001623  -0.003021  0.001617  0.999994  1.000000  0.000000  0.000000  0.000000  1.000000  0.000000  0.000000  0.000000  1.000000  1.000000  0.000000  0.000000  0.000000  -0.000000  1.000000  0.000000  -1.000000  -0.000000  0.000000  0.000000  
54.678350 0.004287  0.092403  -0.021893  0.995065  0.003424  0.099169  -0.098445  0.159387  0.982295  -0.012443  -0.987210  0.158938  -0.000649  -0.000867  0.005811  0.000000  0.000000  0.000000  2.000000  1.000000  0.000000  0.000000  0.000000  -0.000000  1.000000  0.000000  -1.000000  -0.000000  0.999994  0.001712  0.003060  -0.001707  0.999997  -0.001865  -0.003064  0.001860  0.999994  1.000000  0.000000  0.000000  0.000000  1.000000  0.000000  0.000000  0.000000  1.000000  1.000000  0.000000  0.000000  0.000000  -0.000000  1.000000  0.000000  -1.000000  -0.000000  0.000000  0.000000  
54.679593 0.004286  0.092401  -0.021886  0.995044  0.003493  0.099370  -0.098650  0.159744  0.982217  -0.012443  -0.987152  0.159297  -0.000571  -0.000938  0.005630  0.000000  0.000000  0.000000  2.000000  1.000000  0.000000  0.000000  0.000000  -0.000000  1.000000  0.000000  -1.000000  -0.000000  0.999994  0.001581  0.003081  -0.001575  0.999997  -0.002107  -0.003085  0.002102  0.999993  1.000000  0.000000  0.000000  0.000000  1.000000  0.000000  0.000000  0.000000  1.000000  1.000000  0.000000  0.000000  0.000000  -0.000000  1.000000  0.000000  -1.000000  -0.000000  0.000000  0.000000  
54.680838 0.004285  0.092399  -0.021880  0.995004  0.003583  0.099774  -0.099059  0.159981  0.982137  -0.012443  -0.987114  0.159536  -0.000554  -0.001016  0.005505  0.000000  0.000000  0.000000  2.000000  1.000000  0.000000  0.000000  0.000000  -0.000000  1.000000  0.000000  -1.000000  -0.000000  0.999993  0.001384  0.003530  -0.001375  0.999996  -0.002476  -0.003533  0.002471  0.999991  1.000000  0.000000  0.000000  0.000000  1.000000  0.000000  0.000000  0.000000  1.000000  1.000000  0.000000  0.000000  0.000000  -0.000000  1.000000  0.000000  -1.000000  -0.000000  0.000000  0.000000  
54.681838 0.004285  0.092397  -0.021876  0.994983  0.003640  0.099975  -0.099264  0.160218  0.982078  -0.012443  -0.987075  0.159776  -0.000538  -0.001075  0.005335  0.000000  0.000000  0.000000  2.000000  1.000000  0.000000  0.000000  0.000000  -0.000000  1.000000  0.000000  -1.000000  -0.000000  0.999993  0.001253  0.003551  -0.001243  0.999996  -0.002718  -0.003554  0.002714  0.999990  1.000000  0.000000  0.000000  0.000000  1.000000  0.000000  0.000000  0.000000  1.000000  1.000000  0.000000  0.000000  0.000000  -0.000000  1.000000  0.000000  -1.000000  -0.000000  0.000000  0.000000  
54.682844 0.004285  0.092397  -0.021872  0.994963  0.003697  0.100176  -0.099469  0.160456  0.982018  -0.012443  -0.987036  0.160015  -0.000500  -0.001082  0.005178  0.000000  0.000000  0.000000  2.000000  1.000000  0.000000  0.000000  0.000000  -0.000000  1.000000  0.000000  -1.000000  -0.000000  0.999993  0.001121  0.003572  -0.001111  0.999995  -0.002839  -0.003575  0.002835  0.999990  1.000000  0.000000  0.000000  0.000000  1.000000  0.000000  0.000000  0.000000  1.000000  1.000000  0.000000  0.000000  0.000000  -0.000000  1.000000  0.000000  -1.000000  -0.000000  0.000000  0.000000  
54.684086 0.004285  0.092395  -0.021867  0.994942  0.003755  0.100377  -0.099674  0.160693  0.981959  -0.012443  -0.986997  0.160255  -0.000464  -0.001163  0.004985  0.000000  0.000000  0.000000  2.000000  1.000000  0.000000  0.000000  0.000000  -0.000000  1.000000  0.000000  -1.000000  -0.000000  0.999993  0.000990  0.003593  -0.000979  0.999995  -0.003081  -0.003596  0.003077  0.999989  1.000000  0.000000  0.000000  0.000000  1.000000  0.000000  0.000000  0.000000  1.000000  1.000000  0.000000  0.000000  0.000000  -0.000000  1.000000  0.000000  -1.000000  -0.000000  0.000000  0.000000  
54.685089 0.004285  0.092394  -0.021863  0.994941  0.003648  0.100398  -0.099674  0.160944  0.981918  -0.012577  -0.986957  0.160494  -0.000435  -0.001168  0.004868  0.000000  0.000000  0.000000  2.000000  1.000000  0.000000  0.000000  0.000000  -0.000000  1.000000  0.000000  -1.000000  -0.000000  0.999993  0.000859  0.003614  -0.000847  0.999994  -0.003324  -0.003617  0.003321  0.999988  1.000000  0.000000  0.000000  0.000000  1.000000  0.000000  0.000000  0.000000  1.000000  1.000000  0.000000  0.000000  0.000000  -0.000000  1.000000  0.000000  -1.000000  -0.000000  0.000000  0.000000  
54.686364 0.004286  0.092392  -0.021859  0.994900  0.003751  0.100801  -0.100083  0.161300  0.981817  -0.012577  -0.986898  0.160853  -0.000345  -0.001246  0.004640  0.000000  0.000000  0.000000  2.000000  1.000000  0.000000  0.000000  0.000000  -0.000000  1.000000  0.000000  -1.000000  -0.000000  0.999993  0.000728  0.003636  -0.000715  0.999994  -0.003444  -0.003638  0.003442  0.999987  1.000000  0.000000  0.000000  0.000000  1.000000  0.000000  0.000000  0.000000  1.000000  1.000000  0.000000  0.000000  0.000000  -0.000000  1.000000  0.000000  -1.000000  -0.000000  0.000000  0.000000  
54.687585 0.004286  0.092391  -0.021855  0.994879  0.003808  0.101002  -0.100288  0.161538  0.981758  -0.012577  -0.986859  0.161092  -0.000272  -0.001253  0.004530  0.000000  0.000000  0.000000  2.000000  1.000000  0.000000  0.000000  0.000000  -0.000000  1.000000  0.000000  -1.000000  -0.000000  0.999993  0.000729  0.003635  -0.000716  0.999993  -0.003687  -0.003638  0.003684  0.999987  1.000000  0.000000  0.000000  0.000000  1.000000  0.000000  0.000000  0.000000  1.000000  1.000000  0.000000  0.000000  0.000000  -0.000000  1.000000  0.000000  -1.000000  -0.000000  0.000000  0.000000  
54.688586 0.004286  0.092390  -0.021851  0.994879  0.003833  0.101001  -0.100288  0.161776  0.981718  -0.012577  -0.986820  0.161332  -0.000260  -0.001333  0.004447  0.000000  0.000000  0.000000  2.000000  1.000000  0.000000  0.000000  0.000000  -0.000000  1.000000  0.000000  -1.000000  -0.000000  0.999993  0.000598  0.003657  -0.000584  0.999993  -0.003808  -0.003659  0.003806  0.999986  1.000000  0.000000  0.000000  0.000000  1.000000  0.000000  0.000000  0.000000  1.000000  1.000000  0.000000  0.000000  0.000000  -0.000000  1.000000  0.000000  -1.000000  -0.000000  0.000000  0.000000  
54.689836 0.004286  0.092387  -0.021848  0.994858  0.003903  0.101202  -0.100493  0.162132  0.981639  -0.012577  -0.986761  0.161691  -0.000239  -0.001386  0.004248  -0.157112  -0.161121  0.044248  2.000000  1.000000  0.000000  0.000000  0.000000  -0.000000  1.000000  0.000000  -1.000000  -0.000000  0.999994  0.000434  0.003475  -0.000420  0.999992  -0.003926  -0.003477  0.003925  0.999986  1.000000  0.000000  0.000000  0.000000  1.000000  0.000000  0.000000  0.000000  1.000000  1.000000  0.000000  0.000000  0.000000  -0.000000  1.000000  0.000000  -1.000000  -0.000000  0.000058  0.000000  
54.691089 0.004286  0.092385  -0.021844  0.994838  0.003973  0.101402  -0.100698  0.162489  0.981559  -0.012577  -0.986702  0.162050  -0.000203  -0.001466  0.004049  -0.168046  -0.167292  0.040608  2.000000  1.000000  0.000000  0.000000  0.000000  -0.000000  1.000000  0.000000  -1.000000  -0.000000  0.999993  0.000336  0.003700  -0.000321  0.999991  -0.004171  -0.003701  0.004170  0.999984  1.000000  0.000000  0.000000  0.000000  1.000000  0.000000  0.000000  0.000000  1.000000  1.000000  0.000000  0.000000  0.000000  -0.000000  1.000000  0.000000  -1.000000  -0.000000  0.000060  0.000000  
54.692351 0.004285  0.092382  -0.021841  0.994817  0.004044  0.101603  -0.100903  0.162845  0.981479  -0.012577  -0.986643  0.162409  -0.000119  -0.001527  0.003809  -0.177500  -0.169307  0.036527  2.000000  1.000000  0.000000  0.000000  0.000000  -0.000000  1.000000  0.000000  -1.000000  -0.000000  0.999993  0.000337  0.003700  -0.000321  0.999990  -0.004535  -0.003701  0.004533  0.999983  1.000000  0.000000  0.000000  0.000000  1.000000  0.000000  0.000000  0.000000  1.000000  1.000000  0.000000  0.000000  0.000000  -0.000000  1.000000  0.000000  -1.000000  -0.000000  0.000062  0.000000  
54.693590 0.004286  0.092379  -0.021839  0.994796  0.004102  0.101804  -0.101107  0.163082  0.981418  -0.012577  -0.986604  0.162648  -0.000071  -0.001588  0.003519  -0.185690  -0.169336  0.036555  2.000000  1.000000  0.000000  0.000000  0.000000  -0.000000  1.000000  0.000000  -1.000000  -0.000000  0.999993  0.000339  0.003700  -0.000321  0.999989  -0.004777  -0.003701  0.004776  0.999982  1.000000  0.000000  0.000000  0.000000  1.000000  0.000000  0.000000  0.000000  1.000000  1.000000  0.000000  0.000000  0.000000  -0.000000  1.000000  0.000000  -1.000000  -0.000000  0.000063  0.000000  
54.694843 0.004286  0.092377  -0.021836  0.994775  0.004173  0.102005  -0.101312  0.163438  0.981338  -0.012577  -0.986545  0.163007  0.000016  -0.001628  0.003220  -0.192299  -0.168701  0.031901  2.000000  1.000000  0.000000  0.000000  0.000000  -0.000000  1.000000  0.000000  -1.000000  -0.000000  0.999994  0.000307  0.003496  -0.000289  0.999988  -0.004896  -0.003498  0.004895  0.999982  1.000000  0.000000  0.000000  0.000000  1.000000  0.000000  0.000000  0.000000  1.000000  1.000000  0.000000  0.000000  0.000000  -0.000000  1.000000  0.000000  -1.000000  -0.000000  0.000063  0.000000  
54.696086 0.004287  0.092375  -0.021834  0.994775  0.004222  0.102003  -0.101312  0.163915  0.981258  -0.012577  -0.986466  0.163486  0.000143  -0.001606  0.003028  -0.208337  -0.161874  0.030833  2.000000  1.000000  0.000010  0.000126  -0.000126  0.000188  1.000000  0.000010  -1.000000  0.000188  0.999995  0.000274  0.003293  -0.000258  0.999987  -0.005015  -0.003294  0.005014  0.999982  1.000000  0.000003  0.000041  -0.000003  1.000000  -0.000063  -0.000041  0.000063  1.000000  1.000000  0.000010  0.000126  -0.000126  0.000188  1.000000  0.000010  -1.000000  0.000188  0.000066  0.006005  
54.697089 0.004288  0.092373  -0.021833  0.994754  0.004281  0.102204  -0.101517  0.164152  0.981197  -0.012577  -0.986426  0.163725  0.000231  -0.001591  0.002815  -0.214192  -0.163979  0.026686  2.000000  1.000000  0.000023  0.000288  -0.000288  0.000442  1.000000  0.000023  -1.000000  0.000442  0.999995  0.000275  0.003293  -0.000258  0.999987  -0.005015  -0.003294  0.005014  0.999982  1.000000  0.000003  0.000041  -0.000003  1.000000  -0.000063  -0.000041  0.000063  1.000000  1.000000  0.000023  0.000288  -0.000288  0.000442  1.000000  0.000023  -1.000000  0.000442  0.000068  0.006005  
54.698092 0.004289  0.092372  -0.021831  0.994754  0.004318  0.102202  -0.101517  0.164509  0.981138  -0.012577  -0.986366  0.164084  0.000298  -0.001646  0.002638  -0.220382  -0.155812  0.025395  2.000000  1.000000  0.000040  0.000450  -0.000450  0.000702  1.000000  0.000039  -1.000000  0.000702  0.999995  0.000374  0.003068  -0.000358  0.999986  -0.005255  -0.003070  0.005254  0.999981  1.000000  0.000005  0.000038  -0.000005  1.000000  -0.000066  -0.000038  0.000066  1.000000  1.000000  0.000040  0.000450  -0.000450  0.000702  1.000000  0.000039  -1.000000  0.000702  0.000068  0.006096  
54.699339 0.004291  0.092370  -0.021829  0.994733  0.004389  0.102402  -0.101722  0.164865  0.981057  -0.012577  -0.986306  0.164443  0.000385  -0.001653  0.002471  -0.228406  -0.156487  0.021025  2.000000  1.000000  0.000064  0.000647  -0.000647  0.001035  0.999999  0.000063  -0.999999  0.001035  0.999995  0.000376  0.003068  -0.000359  0.999985  -0.005376  -0.003070  0.005375  0.999981  1.000000  0.000005  0.000038  -0.000005  1.000000  -0.000067  -0.000038  0.000067  1.000000  1.000000  0.000064  0.000647  -0.000647  0.001035  0.999999  0.000063  -0.999999  0.001035  0.000071  0.006201  
54.700586 0.004293  0.092368  -0.021826  0.994712  0.004460  0.102603  -0.101927  0.165221  0.980976  -0.012577  -0.986246  0.164802  0.000473  -0.001682  0.002352  -0.236578  -0.163981  0.017769  2.000000  1.000000  0.000082  0.000798  -0.000798  0.001308  0.999999  0.000081  -0.999999  0.001308  0.999996  0.000343  0.002865  -0.000327  0.999985  -0.005495  -0.002866  0.005494  0.999981  1.000000  0.000004  0.000036  -0.000004  1.000000  -0.000069  -0.000036  0.000069  1.000000  1.000000  0.000082  0.000798  -0.000798  0.001308  0.999999  0.000081  -0.999999  0.001308  0.000071  0.006206  
54.701836 0.004294  0.092367  -0.021824  0.994714  0.004629  0.102579  -0.101927  0.165564  0.980918  -0.012443  -0.986188  0.165161  0.000561  -0.001692  0.002213  -0.244584  -0.156493  0.021103  2.000000  1.000000  0.000106  0.000981  -0.000982  0.001656  0.999998  0.000104  -0.999999  0.001656  0.999996  0.000476  0.002842  -0.000460  0.999984  -0.005616  -0.002845  0.005615  0.999980  1.000000  0.000006  0.000036  -0.000006  1.000000  -0.000070  -0.000036  0.000070  1.000000  1.000000  0.000106  0.000981  -0.000982  0.001656  0.999998  0.000104  -0.999999  0.001656  0.000073  0.006312  
54.702837 0.004295  0.092365  -0.021822  0.994714  0.004666  0.102577  -0.101927  0.165921  0.980857  -0.012443  -0.986128  0.165520  0.000589  -0.001737  0.002161  -0.252602  -0.149725  0.020032  2.000000  0.999999  0.000128  0.001116  -0.001116  0.001940  0.999997  0.000126  -0.999998  0.001940  0.999996  0.000443  0.002639  -0.000428  0.999983  -0.005735  -0.002642  0.005734  0.999980  1.000000  0.000005  0.000033  -0.000005  1.000000  -0.000072  -0.000033  0.000072  1.000000  0.999999  0.000128  0.001116  -0.001116  0.001940  0.999997  0.000126  -0.999998  0.001940  0.000074  0.006328  
54.704085 0.004296  0.092362  -0.021820  0.994693  0.004738  0.102778  -0.102132  0.166277  0.980776  -0.012443  -0.986068  0.165879  0.000664  -0.001816  0.001991  -0.262731  -0.144113  0.019111  2.000000  0.999999  0.000156  0.001281  -0.001281  0.002302  0.999997  0.000153  -0.999997  0.002303  0.999996  0.000444  0.002639  -0.000429  0.999983  -0.005856  -0.002642  0.005855  0.999979  1.000000  0.000005  0.000033  -0.000005  1.000000  -0.000073  -0.000033  0.000073  1.000000  0.999999  0.000156  0.001281  -0.001281  0.002302  0.999997  0.000153  -0.999997  0.002303  0.000075  0.006438  
54.705086 0.004297  0.092359  -0.021819  0.994693  0.004775  0.102776  -0.102132  0.166634  0.980715  -0.012443  -0.986007  0.166238  0.000752  -0.001844  0.001871  -0.268597  -0.136165  0.017876  2.000000  0.999999  0.000179  0.001408  -0.001408  0.002598  0.999996  0.000175  -0.999997  0.002598  0.999997  0.000543  0.002414  -0.000528  0.999982  -0.005975  -0.002417  0.005974  0.999979  1.000000  0.000007  0.000030  -0.000007  1.000000  -0.000075  -0.000030  0.000075  1.000000  0.999999  0.000179  0.001408  -0.001408  0.002598  0.999996  0.000175  -0.999997  0.002598  0.000076  0.006466  
54.706340 0.004297  0.092356  -0.021819  0.994672  0.004859  0.102975  -0.102336  0.167109  0.980613  -0.012443  -0.985926  0.166716  0.000815  -0.001864  0.001662  -0.276669  -0.136150  0.017925  2.000000  0.999999  0.000212  0.001556  -0.001556  0.002974  0.999994  0.000208  -0.999996  0.002975  0.999997  0.000544  0.002413  -0.000529  0.999981  -0.006096  -0.002417  0.006095  0.999979  1.000000  0.000007  0.000030  -0.000007  1.000000  -0.000076  -0.000030  0.000076  1.000000  0.999999  0.000212  0.001556  -0.001556  0.002974  0.999994  0.000208  -0.999996  0.002975  0.000077  0.006579  
54.707583 0.004298  0.092352  -0.021818  0.994672  0.004897  0.102974  -0.102336  0.167466  0.980552  -0.012443  -0.985866  0.167075  0.000832  -0.001920  0.001494  -0.280665  -0.128660  0.021251  2.000000  0.999999  0.000239  0.001671  -0.001672  0.003284  0.999993  0.000233  -0.999995  0.003284  0.999997  0.000510  0.002210  -0.000497  0.999981  -0.006215  -0.002213  0.006214  0.999978  1.000000  0.000006  0.000028  -0.000006  1.000000  -0.000078  -0.000028  0.000078  1.000000  0.999999  0.000239  0.001671  -0.001672  0.003284  0.999993  0.000233  -0.999995  0.003284  0.000078  0.006616  
54.708591 0.004299  0.092350  -0.021818  0.994672  0.004934  0.102972  -0.102336  0.167823  0.980491  -0.012443  -0.985805  0.167433  0.000901  -0.001900  0.001355  -0.284829  -0.128708  0.021298  2.000000  0.999998  0.000264  0.001779  -0.001780  0.003599  0.999992  0.000258  -0.999993  0.003599  0.999998  0.000477  0.002007  -0.000464  0.999979  -0.006455  -0.002010  0.006454  0.999977  1.000000  0.000006  0.000025  -0.000006  1.000000  -0.000081  -0.000025  0.000081  1.000000  0.999998  0.000264  0.001779  -0.001780  0.003599  0.999992  0.000258  -0.999993  0.003599  0.000079  0.006776  
54.709841 0.004300  0.092348  -0.021818  0.994651  0.005019  0.103171  -0.102541  0.168297  0.980388  -0.012443  -0.985723  0.167912  0.000934  -0.001921  0.001232  -0.292660  -0.121853  0.020210  2.000000  0.999998  0.000295  0.001910  -0.001911  0.004002  0.999990  0.000288  -0.999992  0.004003  0.999998  0.000477  0.002007  -0.000464  0.999979  -0.006455  -0.002010  0.006454  0.999977  1.000000  0.000006  0.000025  -0.000006  1.000000  -0.000081  -0.000025  0.000081  1.000000  0.999998  0.000295  0.001910  -0.001911  0.004002  0.999990  0.000288  -0.999992  0.004003  0.000079  0.006776  
54.710866 0.004301  0.092346  -0.021818  0.994651  0.005056  0.103169  -0.102541  0.168654  0.980327  -0.012443  -0.985662  0.168270  0.000937  -0.001956  0.001107  -0.294743  -0.115930  0.019271  2.000000  0.999998  0.000319  0.002010  -0.002012  0.004331  0.999989  0.000311  -0.999991  0.004332  0.999998  0.000478  0.002007  -0.000465  0.999978  -0.006576  -0.002010  0.006575  0.999976  1.000000  0.000006  0.000025  -0.000006  1.000000  -0.000082  -0.000025  0.000082  1.000000  0.999998  0.000319  0.002010  -0.002012  0.004331  0.999989  0.000311  -0.999991  0.004332  0.000079  0.006892  
54.712088 0.004303  0.092344  -0.021817  0.994651  0.005094  0.103168  -0.102541  0.169011  0.980266  -0.012443  -0.985601  0.168629  0.000961  -0.001978  0.001029  -0.300599  -0.108312  0.018031  2.000000  0.999998  0.000342  0.002103  -0.002105  0.004666  0.999987  0.000333  -0.999989  0.004666  0.999998  0.000444  0.001804  -0.000432  0.999977  -0.006816  -0.001807  0.006815  0.999975  1.000000  0.000005  0.000023  -0.000005  1.000000  -0.000085  -0.000023  0.000085  1.000000  0.999998  0.000342  0.002103  -0.002105  0.004666  0.999987  0.000333  -0.999989  0.004666  0.000080  0.007064  
54.713339 0.004304  0.092342  -0.021816  0.994630  0.005179  0.103367  -0.102746  0.169485  0.980162  -0.012443  -0.985519  0.169107  0.000961  -0.001957  0.000983  -0.304819  -0.108366  0.018088  2.000000  0.999997  0.000370  0.002213  -0.002215  0.005087  0.999985  0.000359  -0.999987  0.005088  0.999998  0.000445  0.001803  -0.000433  0.999977  -0.006695  -0.001806  0.006694  0.999976  1.000000  0.000005  0.000023  -0.000005  1.000000  -0.000084  -0.000023  0.000084  1.000000  0.999997  0.000370  0.002213  -0.002215  0.005087  0.999985  0.000359  -0.999987  0.005088  0.000081  0.006947  
54.714589 0.004305  0.092340  -0.021816  0.994630  0.005229  0.103364  -0.102746  0.169961  0.980080  -0.012443  -0.985437  0.169585  0.000917  -0.001975  0.000822  -0.311212  -0.101642  0.021570  2.000000  0.999997  0.000397  0.002316  -0.002318  0.005510  0.999982  0.000384  -0.999985  0.005511  0.999999  0.000411  0.001600  -0.000400  0.999977  -0.006814  -0.001603  0.006813  0.999976  1.000000  0.000005  0.000020  -0.000005  1.000000  -0.000085  -0.000020  0.000085  1.000000  0.999997  0.000397  0.002316  -0.002318  0.005510  0.999982  0.000384  -0.999985  0.005511  0.000081  0.007011  
54.715834 0.004306  0.092338  -0.021816  0.994609  0.005302  0.103564  -0.102951  0.170316  0.979997  -0.012443  -0.985375  0.169944  0.000888  -0.002045  0.000671  -0.312659  -0.100787  0.021421  2.000000  0.999997  0.000418  0.002395  -0.002398  0.005857  0.999980  0.000404  -0.999983  0.005858  0.999999  0.000412  0.001600  -0.000400  0.999975  -0.007056  -0.001603  0.007055  0.999974  1.000000  0.000005  0.000020  -0.000005  1.000000  -0.000088  -0.000020  0.000088  1.000000  0.999997  0.000418  0.002395  -0.002398  0.005857  0.999980  0.000404  -0.999983  0.005858  0.000083  0.007247  
54.716838 0.004307  0.092335  -0.021815  0.994609  0.005339  0.103562  -0.102951  0.170673  0.979935  -0.012443  -0.985313  0.170303  0.000872  -0.002061  0.000570  -0.315120  -0.094777  0.020486  2.000000  0.999997  0.000439  0.002475  -0.002478  0.006206  0.999978  0.000424  -0.999981  0.006207  0.999999  0.000412  0.001600  -0.000401  0.999975  -0.007056  -0.001603  0.007055  0.999974  1.000000  0.000005  0.000020  -0.000005  1.000000  -0.000088  -0.000020  0.000088  1.000000  0.999997  0.000439  0.002475  -0.002478  0.006206  0.999978  0.000424  -0.999981  0.006207  0.000083  0.007247  
54.718090 0.004307  0.092332  -0.021815  0.994609  0.005390  0.103560  -0.102951  0.171148  0.979852  -0.012443  -0.985231  0.170781  0.000789  -0.002117  0.000427  -0.323181  -0.087946  0.019371  2.000000  0.999997  0.000465  0.002570  -0.002573  0.006647  0.999975  0.000448  -0.999978  0.006648  0.999999  0.000378  0.001397  -0.000368  0.999975  -0.007053  -0.001400  0.007053  0.999974  1.000000  0.000005  0.000017  -0.000005  1.000000  -0.000088  -0.000017  0.000088  1.000000  0.999997  0.000465  0.002570  -0.002573  0.006647  0.999975  0.000448  -0.999978  0.006648  0.000083  0.007200  
54.719335 0.004307  0.092329  -0.021815  0.994587  0.005475  0.103759  -0.103155  0.171623  0.979747  -0.012443  -0.985148  0.171259  0.000725  -0.002136  0.000345  -0.331383  -0.087952  0.019406  2.000000  0.999996  0.000491  0.002665  -0.002668  0.007092  0.999971  0.000472  -0.999975  0.007094  0.999999  0.000414  0.001600  -0.000402  0.999974  -0.007177  -0.001603  0.007177  0.999973  1.000000  0.000005  0.000020  -0.000005  1.000000  -0.000090  -0.000020  0.000090  1.000000  0.999996  0.000491  0.002665  -0.002668  0.007092  0.999971  0.000472  -0.999975  0.007094  0.000085  0.007365  
54.720338 0.004308  0.092327  -0.021814  0.994589  0.005644  0.103734  -0.103156  0.171966  0.979687  -0.012309  -0.985087  0.171617  0.000709  -0.002100  0.000328  -0.332596  -0.079709  0.022526  2.000000  0.999996  0.000514  0.002734  -0.002738  0.007453  0.999968  0.000493  -0.999972  0.007454  0.999999  0.000511  0.001374  -0.000501  0.999974  -0.007175  -0.001377  0.007174  0.999973  1.000000  0.000006  0.000017  -0.000006  1.000000  -0.000090  -0.000017  0.000090  1.000000  0.999996  0.000514  0.002734  -0.002738  0.007453  0.999968  0.000493  -0.999972  0.007454  0.000085  0.007323  
54.721585 0.004307  0.092324  -0.021813  0.994589  0.005694  0.103731  -0.103156  0.172441  0.979604  -0.012309  -0.985003  0.172095  0.000659  -0.002100  0.000341  -0.336742  -0.072974  0.021424  2.000000  0.999996  0.000546  0.002815  -0.002819  0.007902  0.999965  0.000524  -0.999969  0.007904  0.999999  0.000476  0.001171  -0.000468  0.999974  -0.007172  -0.001174  0.007172  0.999974  1.000000  0.000006  0.000015  -0.000006  1.000000  -0.000090  -0.000015  0.000090  1.000000  0.999996  0.000546  0.002815  -0.002819  0.007902  0.999965  0.000524  -0.999969  0.007904  0.000086  0.007282  
54.722834 0.004308  0.092321  -0.021812  0.994568  0.005780  0.103930  -0.103360  0.172915  0.979498  -0.012309  -0.984920  0.172573  0.000638  -0.002064  0.000374  -0.340769  -0.079710  0.022599  2.000000  0.999996  0.000573  0.002899  -0.002904  0.008358  0.999961  0.000549  -0.999965  0.008360  0.999999  0.000380  0.001396  -0.000370  0.999973  -0.007296  -0.001399  0.007295  0.999972  1.000000  0.000005  0.000017  -0.000005  1.000000  -0.000091  -0.000017  0.000091  1.000000  0.999996  0.000573  0.002899  -0.002904  0.008358  0.999961  0.000549  -0.999965  0.008360  0.000088  0.007438  
54.724083 0.004309  0.092319  -0.021812  0.994568  0.005831  0.103927  -0.103360  0.173390  0.979414  -0.012309  -0.984836  0.173051  0.000610  -0.002015  0.000397  -0.344640  -0.072915  0.021474  2.000000  0.999995  0.000593  0.002968  -0.002974  0.008729  0.999957  0.000567  -0.999962  0.008731  0.999999  0.000381  0.001396  -0.000371  0.999972  -0.007417  -0.001399  0.007417  0.999972  1.000000  0.000005  0.000017  -0.000005  1.000000  -0.000093  -0.000017  0.000093  1.000000  0.999995  0.000593  0.002968  -0.002974  0.008729  0.999957  0.000567  -0.999962  0.008731  0.000088  0.007557  
54.725090 0.004309  0.092317  -0.021811  0.994547  0.005904  0.104127  -0.103565  0.173745  0.979330  -0.012309  -0.984773  0.173409  0.000592  -0.001999  0.000427  -0.347524  -0.073517  0.021681  2.000000  0.999995  0.000613  0.003036  -0.003041  0.009104  0.999954  0.000585  -0.999958  0.009106  0.999999  0.000382  0.001396  -0.000371  0.999972  -0.007538  -0.001399  0.007538  0.999971  1.000000  0.000005  0.000017  -0.000005  1.000000  -0.000094  -0.000017  0.000094  1.000000  0.999995  0.000613  0.003036  -0.003041  0.009104  0.999954  0.000585  -0.999958  0.009106  0.000089  0.007676  
54.726090 0.004309  0.092315  -0.021812  0.994547  0.005942  0.104125  -0.103565  0.174102  0.979266  -0.012309  -0.984710  0.173768  0.000542  -0.001977  0.000393  -0.351615  -0.073514  0.021704  2.000000  0.999995  0.000633  0.003105  -0.003111  0.009480  0.999950  0.000603  -0.999955  0.009482  0.999999  0.000382  0.001396  -0.000371  0.999972  -0.007538  -0.001399  0.007538  0.999971  1.000000  0.000005  0.000017  -0.000005  1.000000  -0.000094  -0.000017  0.000094  1.000000  0.999995  0.000633  0.003105  -0.003111  0.009480  0.999950  0.000603  -0.999955  0.009482  0.000089  0.007676  
54.727098 0.004311  0.092314  -0.021811  0.994525  0.006016  0.104324  -0.103770  0.174457  0.979182  -0.012309  -0.984646  0.174126  0.000542  -0.001976  0.000393  -0.351533  -0.073489  0.021726  2.000000  0.999995  0.000652  0.003172  -0.003179  0.009858  0.999946  0.000621  -0.999951  0.009860  0.999999  0.000347  0.001193  -0.000338  0.999972  -0.007536  -0.001196  0.007535  0.999971  1.000000  0.000004  0.000015  -0.000004  1.000000  -0.000094  -0.000015  0.000094  1.000000  0.999995  0.000652  0.003172  -0.003179  0.009858  0.999946  0.000621  -0.999951  0.009860  0.000090  0.007637  
54.728335 0.004312  0.092312  -0.021812  0.994525  0.006067  0.104321  -0.103770  0.174932  0.979097  -0.012309  -0.984562  0.174604  0.000522  -0.001974  0.000291  -0.356839  -0.072899  0.021580  2.000000  0.999995  0.000672  0.003242  -0.003249  0.010238  0.999942  0.000639  -0.999947  0.010240  0.999999  0.000383  0.001396  -0.000373  0.999972  -0.007538  -0.001398  0.007538  0.999971  1.000000  0.000005  0.000017  -0.000005  1.000000  -0.000094  -0.000017  0.000094  1.000000  0.999995  0.000672  0.003242  -0.003249  0.010238  0.999942  0.000639  -0.999947  0.010240  0.000090  0.007676  
54.729335 0.004313  0.092310  -0.021812  0.994525  0.006105  0.104319  -0.103770  0.175288  0.979033  -0.012309  -0.984498  0.174962  0.000492  -0.001999  0.000273  -0.356699  -0.066117  0.020439  2.000000  0.999994  0.000693  0.003311  -0.003319  0.010621  0.999938  0.000657  -0.999943  0.010623  0.999999  0.000384  0.001395  -0.000373  0.999971  -0.007660  -0.001398  0.007659  0.999970  1.000000  0.000005  0.000017  -0.000005  1.000000  -0.000096  -0.000017  0.000096  1.000000  0.999994  0.000693  0.003311  -0.003319  0.010621  0.999938  0.000657  -0.999943  0.010623  0.000092  0.007795  
54.730341 0.004313  0.092309  -0.021812  0.994504  0.006191  0.104517  -0.103975  0.175762  0.978926  -0.012309  -0.984413  0.175440  0.000481  -0.001985  0.000262  -0.363668  -0.066644  0.020633  2.000000  0.999994  0.000713  0.003384  -0.003391  0.011004  0.999934  0.000676  -0.999939  0.011006  0.999999  0.000384  0.001395  -0.000374  0.999971  -0.007660  -0.001398  0.007659  0.999970  1.000000  0.000005  0.000017  -0.000005  1.000000  -0.000096  -0.000017  0.000096  1.000000  0.999994  0.000713  0.003384  -0.003391  0.011004  0.999934  0.000676  -0.999939  0.011006  0.000092  0.007795  
54.731589 0.004314  0.092306  -0.021812  0.994504  0.006242  0.104514  -0.103975  0.176237  0.978841  -0.012309  -0.984328  0.175917  0.000482  -0.001963  0.000215  -0.367760  -0.067406  0.016231  2.000000  0.999994  0.000734  0.003453  -0.003461  0.011394  0.999929  0.000694  -0.999935  0.011397  0.999999  0.000385  0.001395  -0.000374  0.999969  -0.007902  -0.001398  0.007902  0.999968  1.000000  0.000005  0.000017  -0.000005  1.000000  -0.000099  -0.000017  0.000099  1.000000  0.999994  0.000734  0.003453  -0.003461  0.011394  0.999929  0.000694  -0.999935  0.011397  0.000093  0.008034  
54.732841 0.004315  0.092304  -0.021811  0.994482  0.006329  0.104713  -0.104179  0.176710  0.978734  -0.012309  -0.984243  0.176395  0.000513  -0.001937  0.000234  -0.367874  -0.074221  0.017449  2.000000  0.999993  0.000760  0.003548  -0.003556  0.011883  0.999923  0.000718  -0.999929  0.011886  0.999999  0.000422  0.001597  -0.000410  0.999970  -0.007784  -0.001601  0.007783  0.999968  1.000000  0.000005  0.000020  -0.000005  1.000000  -0.000097  -0.000020  0.000097  1.000000  0.999993  0.000760  0.003548  -0.003556  0.011883  0.999923  0.000718  -0.999929  0.011886  0.000094  0.007957  
54.734090 0.004315  0.092301  -0.021811  0.994482  0.006380  0.104710  -0.104179  0.177185  0.978648  -0.012309  -0.984157  0.176872  0.000553  -0.001935  0.000261  -0.371839  -0.067392  0.016293  2.000000  0.999993  0.000787  0.003640  -0.003649  0.012376  0.999917  0.000742  -0.999923  0.012379  0.999999  0.000386  0.001395  -0.000375  0.999969  -0.007902  -0.001398  0.007902  0.999968  1.000000  0.000005  0.000017  -0.000005  1.000000  -0.000099  -0.000017  0.000099  1.000000  0.999993  0.000787  0.003640  -0.003649  0.012376  0.999917  0.000742  -0.999923  0.012379  0.000094  0.008034  
54.735336 0.004316  0.092298  -0.021811  0.994461  0.006467  0.104908  -0.104384  0.177659  0.978540  -0.012309  -0.984071  0.177350  0.000563  -0.001929  0.000226  -0.371969  -0.074209  0.017517  2.000000  0.999993  0.000814  0.003734  -0.003744  0.012873  0.999910  0.000766  -0.999917  0.012876  0.999999  0.000424  0.001597  -0.000411  0.999969  -0.007905  -0.001600  0.007904  0.999967  1.000000  0.000005  0.000020  -0.000005  1.000000  -0.000099  -0.000020  0.000099  1.000000  0.999993  0.000814  0.003734  -0.003744  0.012873  0.999910  0.000766  -0.999917  0.012876  0.000095  0.008076  
