1-Time 2-Px 3-Py 4-Pz 5-R11 6-R21 7-R31 8-R12 9-R22 10-R32 11-R13 12-R23 13-R33 14-Vx 15-Vy 16-Vz 17-Wx 18-Wy 19-Wz 20-state 21-PR11 22-PR21 23-PR31 24-PR12 25-PR22 26-PR32 27-PR13 28-PR23 29-PR33 
16.715720 0.007488  0.094678  -0.005888  0.998512  0.047935  -0.026008  -0.044843  0.993067  0.108659  0.031036  -0.107331  0.993739  -0.000178  0.000678  -0.000508  0.000000  0.000000  0.000000  2.000000  1.000000  0.000000  0.000000  -0.000000  1.000000  0.000000  0.000000  -0.000000  1.000000  0.999995  0.003112  -0.000067  -0.003112  0.999995  -0.000026  0.000067  0.000026  1.000000  1.000000  0.000000  0.000000  0.000000  1.000000  0.000000  0.000000  0.000000  1.000000  0.598548  0.078290  0.797252  -0.252523  0.962913  0.095027  -0.760245  -0.258203  0.596119  0.000000  0.000000  
16.716963 0.007488  0.094678  -0.005889  0.998498  0.048154  -0.026119  -0.045049  0.993057  0.108671  0.031170  -0.107331  0.993735  -0.000169  0.000654  -0.000498  0.000000  0.000000  0.000000  2.000000  1.000000  0.000000  0.000000  0.000000  1.000000  0.000000  0.000000  0.000000  1.000000  0.999996  0.002922  -0.000223  -0.002922  0.999996  -0.000032  0.000223  0.000033  1.000000  1.000000  0.000000  0.000000  0.000000  1.000000  0.000000  0.000000  0.000000  1.000000  1.000000  0.000000  0.000000  0.000000  1.000000  0.000000  0.000000  0.000000  1.000000  0.000000  0.000000  
16.718213 0.007489  0.094679  -0.005890  0.998480  0.048562  -0.026074  -0.045460  0.993037  0.108681  0.031170  -0.107331  0.993735  -0.000116  0.000575  -0.000537  0.000000  0.000000  0.000000  2.000000  1.000000  0.000000  0.000000  0.000000  1.000000  0.000000  0.000000  0.000000  1.000000  0.999995  0.003112  -0.000067  -0.003112  0.999995  -0.000026  0.000067  0.000026  1.000000  1.000000  0.000000  0.000000  0.000000  1.000000  0.000000  0.000000  0.000000  1.000000  1.000000  0.000000  0.000000  0.000000  1.000000  0.000000  0.000000  0.000000  1.000000  0.000043  0.000000  
16.719214 0.007490  0.094679  -0.005890  0.998466  0.048784  -0.026178  -0.045665  0.993013  0.108813  0.031304  -0.107451  0.993717  -0.000046  0.000527  -0.000520  0.000000  0.000000  0.000000  2.000000  1.000000  0.000000  0.000000  0.000000  1.000000  0.000000  0.000000  0.000000  1.000000  0.999995  0.003126  -0.000200  -0.003126  0.999995  0.000096  0.000200  -0.000096  1.000000  1.000000  0.000000  0.000000  0.000000  1.000000  0.000000  0.000000  0.000000  1.000000  1.000000  0.000000  0.000000  0.000000  1.000000  0.000000  0.000000  0.000000  1.000000  0.000044  0.000000  
16.720219 0.007491  0.094678  -0.005891  0.998443  0.049211  -0.026260  -0.046076  0.992979  0.108951  0.031438  -0.107571  0.993700  0.000059  0.000449  -0.000562  0.009659  0.007483  0.181656  2.000000  1.000000  0.000000  0.000000  0.000000  1.000000  0.000000  0.000000  0.000000  1.000000  0.999995  0.003126  -0.000200  -0.003126  0.999995  0.000217  0.000200  -0.000217  1.000000  1.000000  0.000000  0.000000  0.000000  1.000000  0.000000  0.000000  0.000000  1.000000  1.000000  0.000000  0.000000  0.000000  1.000000  0.000000  0.000000  0.000000  1.000000  0.000044  0.000000  
16.721469 0.007493  0.094677  -0.005893  0.998434  0.049418  -0.026232  -0.046282  0.992955  0.109076  0.031438  -0.107692  0.993687  0.000191  0.000299  -0.000573  0.013518  0.008214  0.174745  2.000000  1.000000  0.000000  0.000000  0.000000  1.000000  0.000000  0.000000  0.000000  1.000000  0.999994  0.003345  -0.000310  -0.003345  0.999994  0.000467  0.000312  -0.000466  1.000000  1.000000  0.000000  0.000000  0.000000  1.000000  0.000000  0.000000  0.000000  1.000000  1.000000  0.000000  0.000000  0.000000  1.000000  0.000000  0.000000  0.000000  1.000000  0.000046  0.000000  
16.722473 0.007495  0.094676  -0.005893  0.998410  0.049845  -0.026314  -0.046692  0.992921  0.109214  0.031571  -0.107812  0.993670  0.000357  0.000198  -0.000608  0.018033  0.011183  0.188953  2.000000  1.000000  0.000000  0.000000  0.000000  1.000000  0.000000  0.000000  0.000000  1.000000  0.999994  0.003564  -0.000421  -0.003564  0.999993  0.000595  0.000423  -0.000594  1.000000  1.000000  0.000000  0.000000  0.000000  1.000000  0.000000  0.000000  0.000000  1.000000  1.000000  0.000000  0.000000  0.000000  1.000000  0.000000  0.000000  0.000000  1.000000  0.000048  0.000000  
16.723717 0.007497  0.094675  -0.005894  0.998387  0.050275  -0.026389  -0.047103  0.992873  0.109472  0.031705  -0.108052  0.993640  0.000510  0.000100  -0.000609  0.026201  0.015632  0.189474  2.000000  1.000000  0.000000  0.000000  0.000000  1.000000  0.000000  0.000000  0.000000  1.000000  0.999993  0.003783  -0.000531  -0.003783  0.999993  0.000723  0.000534  -0.000721  1.000000  1.000000  0.000000  0.000000  0.000000  1.000000  0.000000  0.000000  0.000000  1.000000  1.000000  0.000000  0.000000  0.000000  1.000000  0.000000  0.000000  0.000000  1.000000  0.000050  0.000000  
16.724968 0.007500  0.094675  -0.005895  0.998353  0.050905  -0.026448  -0.047720  0.992828  0.109615  0.031839  -0.108172  0.993622  0.000729  -0.000000  -0.000648  0.030726  0.018601  0.203742  2.000000  1.000000  0.000000  0.000000  0.000000  1.000000  0.000000  0.000000  0.000000  1.000000  0.999991  0.004193  -0.000485  -0.004192  0.999991  0.000979  0.000490  -0.000977  0.999999  1.000000  0.000000  0.000000  0.000000  1.000000  0.000000  0.000000  0.000000  1.000000  1.000000  0.000000  0.000000  0.000000  1.000000  0.000000  0.000000  0.000000  1.000000  0.000050  0.000000  
16.726219 0.007503  0.094675  -0.005896  0.998329  0.051332  -0.026530  -0.048131  0.992793  0.109753  0.031972  -0.108292  0.993605  0.000957  -0.000044  -0.000641  0.035026  0.022309  0.211065  2.000000  1.000000  0.000000  0.000000  0.000000  1.000000  0.000000  0.000000  0.000000  1.000000  0.999989  0.004616  -0.000573  -0.004616  0.999989  0.001114  0.000578  -0.001111  0.999999  1.000000  0.000000  0.000000  0.000000  1.000000  0.000000  0.000000  0.000000  1.000000  1.000000  0.000000  0.000000  0.000000  1.000000  0.000000  0.000000  0.000000  1.000000  0.000054  0.000000  
16.727463 0.007507  0.094675  -0.005897  0.998295  0.051963  -0.026589  -0.048747  0.992747  0.109896  0.032106  -0.108412  0.993587  0.001169  -0.000067  -0.000668  0.039576  0.020809  0.224878  2.000000  1.000000  0.000000  0.000000  0.000000  1.000000  0.000000  0.000000  0.000000  1.000000  0.999988  0.004835  -0.000683  -0.004835  0.999988  0.001242  0.000689  -0.001239  0.999999  1.000000  0.000000  0.000000  0.000000  1.000000  0.000000  0.000000  0.000000  1.000000  1.000000  0.000000  0.000000  0.000000  1.000000  0.000000  0.000000  0.000000  1.000000  0.000056  0.000000  
16.728477 0.007509  0.094676  -0.005898  0.998271  0.052389  -0.026670  -0.049158  0.992711  0.110034  0.032240  -0.108532  0.993570  0.001358  -0.000068  -0.000724  0.043864  0.024507  0.232125  2.000000  1.000000  0.000156  0.000204  -0.000156  1.000000  0.000065  -0.000204  -0.000065  1.000000  0.999986  0.005245  -0.000638  -0.005244  0.999985  0.001377  0.000645  -0.001373  0.999999  1.000000  0.000040  0.000053  -0.000040  1.000000  0.000017  -0.000053  -0.000017  1.000000  1.000000  0.000156  0.000204  -0.000156  1.000000  0.000065  -0.000204  -0.000065  1.000000  0.000059  0.005459  
16.729718 0.007513  0.094677  -0.005898  0.998240  0.053005  -0.026595  -0.049774  0.992666  0.110171  0.032240  -0.108653  0.993557  0.001660  0.000022  -0.000675  0.048178  0.023756  0.239105  2.000000  1.000000  0.000326  0.000424  -0.000326  1.000000  0.000138  -0.000424  -0.000138  1.000000  0.999984  0.005668  -0.000726  -0.005667  0.999983  0.001512  0.000734  -0.001508  0.999999  1.000000  0.000043  0.000057  -0.000043  1.000000  0.000019  -0.000057  -0.000019  1.000000  1.000000  0.000326  0.000424  -0.000326  1.000000  0.000138  -0.000424  -0.000138  1.000000  0.000061  0.005911  
16.730730 0.007515  0.094678  -0.005898  0.998215  0.053432  -0.026676  -0.050185  0.992630  0.110309  0.032374  -0.108773  0.993539  0.001856  0.000029  -0.000654  0.056537  0.027465  0.246341  2.000000  1.000000  0.000509  0.000661  -0.000509  1.000000  0.000216  -0.000661  -0.000217  1.000000  0.999981  0.006092  -0.000813  -0.006091  0.999980  0.001647  0.000823  -0.001642  0.999998  1.000000  0.000047  0.000061  -0.000047  1.000000  0.000021  -0.000061  -0.000021  1.000000  1.000000  0.000509  0.000661  -0.000509  1.000000  0.000216  -0.000661  -0.000217  1.000000  0.000065  0.006362  
16.731976 0.007520  0.094680  -0.005899  0.998180  0.054063  -0.026734  -0.050801  0.992582  0.110452  0.032507  -0.108893  0.993522  0.002172  0.000116  -0.000639  0.061064  0.030422  0.260565  2.000000  0.999999  0.000708  0.000919  -0.000709  1.000000  0.000304  -0.000919  -0.000304  1.000000  0.999977  0.006720  -0.000878  -0.006719  0.999976  0.001789  0.000890  -0.001783  0.999998  1.000000  0.000052  0.000067  -0.000052  1.000000  0.000022  -0.000067  -0.000022  1.000000  0.999999  0.000708  0.000919  -0.000709  1.000000  0.000304  -0.000919  -0.000304  1.000000  0.000067  0.007009  
16.733216 0.007525  0.094682  -0.005899  0.998139  0.054711  -0.026918  -0.051417  0.992520  0.110723  0.032775  -0.109133  0.993487  0.002430  0.000225  -0.000633  0.069710  0.037842  0.275375  2.000000  0.999999  0.000922  0.001196  -0.000922  0.999999  0.000399  -0.001196  -0.000400  0.999999  0.999974  0.007130  -0.000831  -0.007128  0.999973  0.002045  0.000846  -0.002039  0.999998  1.000000  0.000054  0.000072  -0.000054  1.000000  0.000026  -0.000072  -0.000026  1.000000  0.999999  0.000922  0.001196  -0.000922  0.999999  0.000399  -0.001196  -0.000400  0.999999  0.000071  0.007463  
16.734218 0.007527  0.094683  -0.005900  0.998103  0.055342  -0.026976  -0.052034  0.992472  0.110867  0.032909  -0.109253  0.993469  0.002531  0.000307  -0.000603  0.074479  0.035576  0.295978  2.000000  0.999998  0.001148  0.001490  -0.001149  0.999999  0.000504  -0.001489  -0.000506  0.999999  0.999972  0.007363  -0.001074  -0.007361  0.999971  0.002175  0.001090  -0.002167  0.999997  1.000000  0.000058  0.000073  -0.000058  1.000000  0.000027  -0.000073  -0.000027  1.000000  0.999998  0.001148  0.001490  -0.001149  0.999999  0.000504  -0.001489  -0.000506  0.999999  0.000075  0.007752  
16.735467 0.007531  0.094683  -0.005901  0.998077  0.055775  -0.027043  -0.052444  0.992408  0.111246  0.033042  -0.109614  0.993425  0.002703  0.000387  -0.000613  0.086950  0.039242  0.303356  2.000000  0.999997  0.001448  0.001872  -0.001449  0.999999  0.000649  -0.001871  -0.000652  0.999998  0.999969  0.007787  -0.001160  -0.007785  0.999967  0.002432  0.001179  -0.002423  0.999996  1.000000  0.000061  0.000077  -0.000061  1.000000  0.000030  -0.000077  -0.000030  1.000000  0.999997  0.001448  0.001872  -0.001449  0.999999  0.000649  -0.001871  -0.000652  0.999998  0.000079  0.008239  
16.736715 0.007535  0.094683  -0.005902  0.998036  0.056424  -0.027226  -0.053060  0.992345  0.111518  0.033310  -0.109854  0.993389  0.002804  0.000407  -0.000624  0.095594  0.046646  0.318113  2.000000  0.999996  0.001767  0.002274  -0.001769  0.999998  0.000812  -0.002273  -0.000816  0.999997  0.999964  0.008416  -0.001223  -0.008413  0.999961  0.002695  0.001246  -0.002685  0.999996  1.000000  0.000066  0.000083  -0.000066  1.000000  0.000034  -0.000083  -0.000034  1.000000  0.999996  0.001767  0.002274  -0.001769  0.999998  0.000812  -0.002273  -0.000816  0.999997  0.000083  0.008920  
16.737715 0.007538  0.094682  -0.005903  0.997998  0.057058  -0.027276  -0.053676  0.992282  0.111782  0.033443  -0.110095  0.993358  0.002860  0.000390  -0.000624  0.104359  0.049643  0.332822  2.000000  0.999995  0.002038  0.002610  -0.002041  0.999997  0.000955  -0.002608  -0.000960  0.999996  0.999962  0.008635  -0.001331  -0.008631  0.999958  0.002947  0.001357  -0.002935  0.999995  1.000000  0.000069  0.000085  -0.000069  1.000000  0.000037  -0.000085  -0.000037  1.000000  0.999995  0.002038  0.002610  -0.002041  0.999997  0.000955  -0.002608  -0.000960  0.999996  0.000088  0.009219  
16.738965 0.007542  0.094681  -0.005904  0.997960  0.057693  -0.027325  -0.054293  0.992219  0.112047  0.033577  -0.110335  0.993327  0.002962  0.000357  -0.000682  0.113053  0.051742  0.353463  2.000000  0.999992  0.002391  0.003051  -0.002394  0.999996  0.001152  -0.003048  -0.001159  0.999995  0.999958  0.009060  -0.001416  -0.009055  0.999953  0.003325  0.001446  -0.003312  0.999993  1.000000  0.000072  0.000089  -0.000072  1.000000  0.000041  -0.000089  -0.000041  1.000000  0.999992  0.002391  0.003051  -0.002394  0.999996  0.001152  -0.003048  -0.001159  0.999995  0.000094  0.009752  
16.740216 0.007546  0.094678  -0.005907  0.997918  0.058345  -0.027500  -0.054908  0.992140  0.112440  0.033845  -0.110696  0.993278  0.002992  0.000225  -0.000771  0.125780  0.059110  0.368211  2.000000  0.999991  0.002684  0.003417  -0.002689  0.999996  0.001326  -0.003413  -0.001336  0.999993  0.999954  0.009484  -0.001500  -0.009479  0.999949  0.003584  0.001533  -0.003570  0.999992  1.000000  0.000076  0.000093  -0.000076  1.000000  0.000045  -0.000093  -0.000045  1.000000  0.999991  0.002684  0.003417  -0.002689  0.999996  0.001326  -0.003413  -0.001336  0.999993  0.000098  0.010246  
16.741218 0.007548  0.094676  -0.005909  0.997890  0.058775  -0.027573  -0.055319  0.992088  0.112699  0.033978  -0.110936  0.993247  0.002976  0.000111  -0.000852  0.134402  0.062024  0.382447  2.000000  0.999988  0.002989  0.003791  -0.002994  0.999994  0.001509  -0.003787  -0.001520  0.999992  0.999952  0.009704  -0.001607  -0.009698  0.999946  0.003713  0.001643  -0.003697  0.999992  1.000000  0.000078  0.000095  -0.000078  1.000000  0.000046  -0.000095  -0.000046  1.000000  0.999988  0.002989  0.003791  -0.002994  0.999994  0.001509  -0.003787  -0.001520  0.999992  0.000103  0.010511  
16.742468 0.007552  0.094674  -0.005912  0.997852  0.059412  -0.027614  -0.055935  0.992010  0.113085  0.034112  -0.111297  0.993202  0.003031  -0.000107  -0.001017  0.147141  0.060446  0.396230  2.000000  0.999985  0.003375  0.004265  -0.003382  0.999993  0.001745  -0.004260  -0.001759  0.999989  0.999952  0.009704  -0.001605  -0.009698  0.999946  0.003836  0.001642  -0.003820  0.999991  1.000000  0.000078  0.000095  -0.000078  1.000000  0.000048  -0.000095  -0.000048  1.000000  0.999985  0.003375  0.004265  -0.003382  0.999993  0.001745  -0.004260  -0.001759  0.999989  0.000104  0.010555  
16.743715 0.007556  0.094672  -0.005915  0.997808  0.060062  -0.027795  -0.056551  0.991944  0.113357  0.034379  -0.111537  0.993165  0.003091  -0.000326  -0.001173  0.155802  0.067824  0.410978  2.000000  0.999982  0.003769  0.004750  -0.003778  0.999991  0.001992  -0.004743  -0.002010  0.999987  0.999950  0.009909  -0.001578  -0.009902  0.999943  0.004086  0.001619  -0.004071  0.999990  1.000000  0.000079  0.000097  -0.000079  1.000000  0.000051  -0.000097  -0.000051  1.000000  0.999982  0.003769  0.004750  -0.003778  0.999991  0.001992  -0.004743  -0.002010  0.999987  0.000109  0.010831  
16.744716 0.007559  0.094670  -0.005918  0.997784  0.060477  -0.027734  -0.056962  0.991891  0.113609  0.034379  -0.111778  0.993138  0.003107  -0.000461  -0.001305  0.164167  0.067011  0.417824  2.000000  0.999978  0.004085  0.005140  -0.004096  0.999989  0.002193  -0.005131  -0.002214  0.999984  0.999950  0.009909  -0.001576  -0.009903  0.999943  0.004088  0.001616  -0.004072  0.999990  1.000000  0.000079  0.000097  -0.000079  1.000000  0.000051  -0.000097  -0.000051  1.000000  0.999978  0.004085  0.005140  -0.004096  0.999989  0.002193  -0.005131  -0.002214  0.999984  0.000111  0.010832  
16.745968 0.007563  0.094669  -0.005921  0.997756  0.060910  -0.027797  -0.057372  0.991824  0.113989  0.034513  -0.112139  0.993093  0.003117  -0.000670  -0.001521  0.176678  0.070656  0.425271  2.000000  0.999974  0.004479  0.005627  -0.004493  0.999987  0.002452  -0.005616  -0.002477  0.999981  0.999950  0.009910  -0.001574  -0.009903  0.999942  0.004210  0.001615  -0.004195  0.999990  1.000000  0.000079  0.000097  -0.000079  1.000000  0.000053  -0.000097  -0.000053  1.000000  0.999974  0.004479  0.005627  -0.004493  0.999987  0.002452  -0.005616  -0.002477  0.999981  0.000117  0.010879  
16.747216 0.007568  0.094668  -0.005924  0.997728  0.061340  -0.027868  -0.057783  0.991770  0.114249  0.034647  -0.112379  0.993061  0.003143  -0.000837  -0.001661  0.185127  0.069849  0.432180  2.000000  0.999969  0.004874  0.006112  -0.004890  0.999984  0.002721  -0.006099  -0.002751  0.999978  0.999950  0.009910  -0.001570  -0.009903  0.999941  0.004454  0.001614  -0.004438  0.999989  1.000000  0.000079  0.000097  -0.000079  1.000000  0.000056  -0.000097  -0.000056  1.000000  0.999969  0.004874  0.006112  -0.004890  0.999984  0.002721  -0.006099  -0.002751  0.999978  0.000119  0.010975  
16.748468 0.007572  0.094668  -0.005927  0.997699  0.061770  -0.027939  -0.058193  0.991716  0.114509  0.034781  -0.112619  0.993029  0.003120  -0.000967  -0.001816  0.192084  0.068507  0.435697  2.000000  0.999965  0.005191  0.006499  -0.005210  0.999982  0.002943  -0.006483  -0.002977  0.999975  0.999950  0.009911  -0.001568  -0.009903  0.999940  0.004577  0.001613  -0.004561  0.999988  1.000000  0.000079  0.000097  -0.000079  1.000000  0.000057  -0.000097  -0.000057  1.000000  0.999965  0.005191  0.006499  -0.005210  0.999982  0.002943  -0.006483  -0.002977  0.999975  0.000121  0.011025  
16.749715 0.007576  0.094667  -0.005929  0.997671  0.062201  -0.028009  -0.058604  0.991662  0.114769  0.034914  -0.112860  0.992997  0.003151  -0.001033  -0.001964  0.196058  0.072827  0.435980  2.000000  0.999960  0.005584  0.006973  -0.005607  0.999979  0.003230  -0.006955  -0.003269  0.999970  0.999952  0.009706  -0.001588  -0.009699  0.999942  0.004692  0.001634  -0.004677  0.999988  1.000000  0.000078  0.000095  -0.000078  1.000000  0.000059  -0.000095  -0.000059  1.000000  0.999960  0.005584  0.006973  -0.005607  0.999979  0.003230  -0.006955  -0.003269  0.999970  0.000122  0.010894  
16.750717 0.007579  0.094666  -0.005931  0.997642  0.062631  -0.028079  -0.059014  0.991608  0.115029  0.035048  -0.113100  0.992965  0.003112  -0.001117  -0.002030  0.200370  0.071984  0.442772  2.000000  0.999956  0.005894  0.007341  -0.005920  0.999976  0.003464  -0.007320  -0.003507  0.999967  0.999955  0.009313  -0.001766  -0.009305  0.999945  0.004801  0.001810  -0.004784  0.999987  1.000000  0.000078  0.000090  -0.000078  1.000000  0.000060  -0.000090  -0.000060  1.000000  0.999956  0.005894  0.007341  -0.005920  0.999976  0.003464  -0.007320  -0.003507  0.999967  0.000122  0.010622  
16.751718 0.007582  0.094665  -0.005933  0.997625  0.062857  -0.028173  -0.059219  0.991566  0.115283  0.035182  -0.113341  0.992933  0.003081  -0.001165  -0.002081  0.201875  0.073244  0.439620  2.000000  0.999951  0.006195  0.007701  -0.006224  0.999974  0.003703  -0.007678  -0.003750  0.999963  0.999955  0.009298  -0.001631  -0.009290  0.999945  0.004922  0.001676  -0.004907  0.999987  1.000000  0.000076  0.000090  -0.000076  1.000000  0.000061  -0.000090  -0.000061  1.000000  0.999951  0.006195  0.007701  -0.006224  0.999974  0.003703  -0.007678  -0.003750  0.999963  0.000123  0.010643  
16.752969 0.007585  0.094663  -0.005935  0.997613  0.063068  -0.028134  -0.059425  0.991525  0.115529  0.035182  -0.113581  0.992906  0.003019  -0.001222  -0.002123  0.205740  0.069457  0.432239  2.000000  0.999945  0.006559  0.008126  -0.006591  0.999970  0.004006  -0.008100  -0.004059  0.999959  0.999963  0.008466  -0.001589  -0.008458  0.999952  0.004895  0.001630  -0.004882  0.999987  1.000000  0.000070  0.000082  -0.000070  1.000000  0.000061  -0.000082  -0.000061  1.000000  0.999945  0.006559  0.008126  -0.006591  0.999970  0.004006  -0.008100  -0.004059  0.999959  0.000121  0.009904  
16.754215 0.007587  0.094661  -0.005937  0.997583  0.063501  -0.028196  -0.059835  0.991456  0.115909  0.035316  -0.113942  0.992860  0.002940  -0.001253  -0.002143  0.212192  0.068783  0.428701  2.000000  0.999940  0.006903  0.008530  -0.006940  0.999967  0.004310  -0.008500  -0.004369  0.999954  0.999966  0.008057  -0.001634  -0.008049  0.999956  0.004882  0.001673  -0.004869  0.999987  1.000000  0.000068  0.000077  -0.000068  1.000000  0.000061  -0.000077  -0.000061  1.000000  0.999940  0.006903  0.008530  -0.006940  0.999967  0.004310  -0.008500  -0.004369  0.999954  0.000119  0.009558  
16.755217 0.007589  0.094659  -0.005939  0.997583  0.063508  -0.028181  -0.059835  0.991428  0.116150  0.035316  -0.114183  0.992832  0.002889  -0.001233  -0.002183  0.217350  0.071588  0.411684  2.000000  0.999935  0.007168  0.008842  -0.007208  0.999964  0.004558  -0.008809  -0.004621  0.999951  0.999968  0.007838  -0.001523  -0.007830  0.999957  0.004996  0.001562  -0.004984  0.999986  1.000000  0.000066  0.000075  -0.000066  1.000000  0.000062  -0.000075  -0.000062  1.000000  0.999935  0.007168  0.008842  -0.007208  0.999964  0.004558  -0.008809  -0.004621  0.999951  0.000118  0.009416  
16.756463 0.007591  0.094657  -0.005941  0.997554  0.063939  -0.028250  -0.060246  0.991372  0.116410  0.035449  -0.114423  0.992799  0.002810  -0.001263  -0.002127  0.219646  0.070921  0.408284  2.000000  0.999931  0.007425  0.009143  -0.007470  0.999961  0.004808  -0.009107  -0.004876  0.999947  0.999970  0.007634  -0.001543  -0.007626  0.999958  0.005112  0.001582  -0.005100  0.999986  1.000000  0.000065  0.000073  -0.000065  1.000000  0.000064  -0.000073  -0.000064  1.000000  0.999931  0.007425  0.009143  -0.007470  0.999961  0.004808  -0.009107  -0.004876  0.999947  0.000117  0.009313  
16.757465 0.007592  0.094654  -0.005943  0.997554  0.063945  -0.028234  -0.060246  0.991344  0.116651  0.035449  -0.114664  0.992772  0.002670  -0.001312  -0.002094  0.225093  0.068506  0.397414  2.000000  0.999926  0.007672  0.009434  -0.007720  0.999957  0.005061  -0.009395  -0.005133  0.999943  0.999972  0.007399  -0.001299  -0.007393  0.999960  0.005104  0.001337  -0.005095  0.999986  1.000000  0.000060  0.000072  -0.000060  1.000000  0.000064  -0.000072  -0.000064  1.000000  0.999926  0.007672  0.009434  -0.007720  0.999957  0.005061  -0.009395  -0.005133  0.999943  0.000116  0.009080  
16.758465 0.007594  0.094652  -0.005946  0.997537  0.064172  -0.028327  -0.060451  0.991302  0.116905  0.035583  -0.114905  0.992739  0.002575  -0.001337  -0.002077  0.227182  0.068661  0.387474  2.000000  0.999922  0.007903  0.009710  -0.007955  0.999954  0.005313  -0.009668  -0.005390  0.999939  0.999975  0.006991  -0.001345  -0.006984  0.999963  0.005091  0.001381  -0.005082  0.999986  1.000000  0.000058  0.000067  -0.000058  1.000000  0.000064  -0.000067  -0.000064  1.000000  0.999922  0.007903  0.009710  -0.007955  0.999954  0.005313  -0.009668  -0.005390  0.999939  0.000114  0.008750  
16.759468 0.007595  0.094650  -0.005948  0.997524  0.064383  -0.028288  -0.060656  0.991260  0.117151  0.035583  -0.115145  0.992711  0.002416  -0.001388  -0.002087  0.230913  0.069335  0.380535  2.000000  0.999917  0.008124  0.009966  -0.008180  0.999951  0.005565  -0.009920  -0.005646  0.999935  0.999979  0.006363  -0.001282  -0.006356  0.999967  0.005070  0.001314  -0.005061  0.999986  1.000000  0.000054  0.000061  -0.000054  1.000000  0.000063  -0.000061  -0.000063  1.000000  0.999917  0.008124  0.009966  -0.008180  0.999951  0.005565  -0.009920  -0.005646  0.999935  0.000111  0.008233  
16.760716 0.007597  0.094647  -0.005952  0.997524  0.064393  -0.028264  -0.060656  0.991217  0.117512  0.035583  -0.115507  0.992669  0.002260  -0.001472  -0.002113  0.238437  0.067151  0.359772  2.000000  0.999912  0.008377  0.010266  -0.008437  0.999947  0.005876  -0.010217  -0.005962  0.999930  0.999982  0.005923  -0.001061  -0.005918  0.999970  0.005055  0.001091  -0.005049  0.999987  1.000000  0.000049  0.000057  -0.000049  1.000000  0.000063  -0.000057  -0.000063  1.000000  0.999912  0.008377  0.010266  -0.008437  0.999947  0.005876  -0.010217  -0.005962  0.999930  0.000109  0.007857  
16.761719 0.007598  0.094645  -0.005955  0.997512  0.064604  -0.028224  -0.060862  0.991176  0.117758  0.035583  -0.115747  0.992641  0.002125  -0.001588  -0.002187  0.244004  0.064715  0.348452  2.000000  0.999908  0.008559  0.010485  -0.008624  0.999944  0.006123  -0.010432  -0.006213  0.999926  0.999984  0.005499  -0.000975  -0.005494  0.999972  0.005041  0.001002  -0.005035  0.999987  1.000000  0.000045  0.000053  -0.000045  1.000000  0.000063  -0.000053  -0.000063  1.000000  0.999908  0.008559  0.010485  -0.008624  0.999944  0.006123  -0.010432  -0.006213  0.999926  0.000106  0.007522  
16.762721 0.007599  0.094643  -0.005959  0.997512  0.064614  -0.028201  -0.060862  0.991133  0.118119  0.035583  -0.116109  0.992599  0.001981  -0.001672  -0.002244  0.247337  0.062463  0.327264  2.000000  0.999906  0.008689  0.010646  -0.008756  0.999942  0.006309  -0.010590  -0.006401  0.999923  0.999986  0.005280  -0.000864  -0.005275  0.999973  0.005033  0.000891  -0.005029  0.999987  1.000000  0.000042  0.000052  -0.000042  1.000000  0.000063  -0.000052  -0.000063  1.000000  0.999906  0.008689  0.010646  -0.008756  0.999942  0.006309  -0.010590  -0.006401  0.999923  0.000104  0.007344  
16.763722 0.007601  0.094641  -0.005962  0.997499  0.064825  -0.028161  -0.061067  0.991091  0.118365  0.035583  -0.116349  0.992571  0.001818  -0.001788  -0.002338  0.251213  0.054245  0.319377  2.000000  0.999902  0.008849  0.010847  -0.008920  0.999939  0.006561  -0.010788  -0.006657  0.999920  0.999988  0.004856  -0.000778  -0.004852  0.999976  0.005019  0.000802  -0.005015  0.999987  1.000000  0.000039  0.000048  -0.000039  1.000000  0.000063  -0.000048  -0.000063  1.000000  0.999902  0.008849  0.010847  -0.008920  0.999939  0.006561  -0.010788  -0.006657  0.999920  0.000102  0.007025  
16.764969 0.007602  0.094639  -0.005967  0.997499  0.064835  -0.028137  -0.061067  0.991047  0.118726  0.035583  -0.116711  0.992528  0.001633  -0.001855  -0.002459  0.252747  0.050826  0.302639  2.000000  0.999898  0.009031  0.011080  -0.009107  0.999935  0.006877  -0.011017  -0.006977  0.999915  0.999990  0.004432  -0.000692  -0.004428  0.999977  0.005126  0.000714  -0.005123  0.999987  1.000000  0.000035  0.000044  -0.000035  1.000000  0.000064  -0.000044  -0.000064  1.000000  0.999898  0.009031  0.011080  -0.009107  0.999935  0.006877  -0.011017  -0.006977  0.999915  0.000100  0.006810  
16.766220 0.007603  0.094637  -0.005971  0.997499  0.064842  -0.028121  -0.061067  0.991019  0.118966  0.035583  -0.116951  0.992500  0.001450  -0.001905  -0.002622  0.253870  0.049834  0.277121  2.000000  0.999894  0.009193  0.011289  -0.009274  0.999931  0.007195  -0.011222  -0.007299  0.999910  0.999992  0.004008  -0.000605  -0.004004  0.999979  0.005111  0.000626  -0.005109  0.999987  1.000000  0.000032  0.000040  -0.000032  1.000000  0.000064  -0.000040  -0.000064  1.000000  0.999894  0.009193  0.011289  -0.009274  0.999931  0.007195  -0.011222  -0.007299  0.999910  0.000096  0.006522  
16.767469 0.007602  0.094635  -0.005975  0.997499  0.064852  -0.028098  -0.061067  0.990975  0.119327  0.035583  -0.117312  0.992457  0.001239  -0.001924  -0.002744  0.253192  0.043159  0.255506  2.000000  0.999891  0.009335  0.011472  -0.009421  0.999927  0.007512  -0.011401  -0.007619  0.999906  0.999993  0.003583  -0.000520  -0.003581  0.999981  0.005097  0.000538  -0.005095  0.999987  1.000000  0.000028  0.000035  -0.000028  1.000000  0.000064  -0.000035  -0.000064  1.000000  0.999891  0.009335  0.011472  -0.009421  0.999927  0.007512  -0.011401  -0.007619  0.999906  0.000091  0.006251  
16.768723 0.007603  0.094634  -0.005979  0.997487  0.065063  -0.028058  -0.061272  0.990933  0.119573  0.035583  -0.117553  0.992429  0.001103  -0.001888  -0.002859  0.252696  0.040201  0.241231  2.000000  0.999887  0.009461  0.011640  -0.009553  0.999924  0.007828  -0.011565  -0.007938  0.999902  0.999995  0.003159  -0.000434  -0.003157  0.999982  0.005082  0.000450  -0.005081  0.999987  1.000000  0.000025  0.000031  -0.000025  1.000000  0.000064  -0.000031  -0.000064  1.000000  0.999887  0.009461  0.011640  -0.009553  0.999924  0.007828  -0.011565  -0.007938  0.999902  0.000089  0.005999  
16.769965 0.007603  0.094633  -0.005982  0.997487  0.065073  -0.028034  -0.061272  0.990889  0.119934  0.035583  -0.117914  0.992386  0.000972  -0.001819  -0.002885  0.252088  0.033563  0.219681  2.000000  0.999885  0.009569  0.011791  -0.009665  0.999920  0.008145  -0.011713  -0.008258  0.999897  0.999996  0.002735  -0.000349  -0.002733  0.999983  0.005189  0.000363  -0.005188  0.999986  1.000000  0.000021  0.000027  -0.000021  1.000000  0.000065  -0.000027  -0.000065  1.000000  0.999885  0.009569  0.011791  -0.009665  0.999920  0.008145  -0.011713  -0.008258  0.999897  0.000084  0.005876  
16.770965 0.007603  0.094632  -0.005984  0.997487  0.065080  -0.028018  -0.061272  0.990860  0.120174  0.035583  -0.118155  0.992357  0.000878  -0.001719  -0.002864  0.251643  0.030630  0.205450  2.000000  0.999883  0.009624  0.011872  -0.009723  0.999918  0.008341  -0.011791  -0.008455  0.999895  0.999997  0.002515  -0.000239  -0.002514  0.999983  0.005303  0.000253  -0.005303  0.999986  1.000000  0.000018  0.000026  -0.000018  1.000000  0.000066  -0.000026  -0.000066  1.000000  0.999883  0.009624  0.011872  -0.009723  0.999918  0.008341  -0.011791  -0.008455  0.999895  0.000083  0.005874  
16.771966 0.007603  0.094631  -0.005986  0.997487  0.065087  -0.028002  -0.061272  0.990831  0.120414  0.035583  -0.118396  0.992329  0.000774  -0.001600  -0.002936  0.251136  0.027697  0.191169  2.000000  0.999881  0.009691  0.011970  -0.009795  0.999915  0.008601  -0.011886  -0.008718  0.999891  0.999997  0.002311  -0.000263  -0.002309  0.999983  0.005296  0.000275  -0.005295  0.999986  1.000000  0.000017  0.000023  -0.000017  1.000000  0.000066  -0.000023  -0.000066  1.000000  0.999881  0.009691  0.011970  -0.009795  0.999915  0.008601  -0.011886  -0.008718  0.999891  0.000079  0.005784  
16.773217 0.007603  0.094631  -0.005988  0.997487  0.065097  -0.027979  -0.061272  0.990787  0.120775  0.035583  -0.118757  0.992286  0.000629  -0.001445  -0.002889  0.250435  0.025551  0.170059  2.000000  0.999879  0.009761  0.012076  -0.009869  0.999911  0.008926  -0.011988  -0.009044  0.999887  0.999998  0.001886  -0.000179  -0.001885  0.999985  0.005160  0.000188  -0.005160  0.999987  1.000000  0.000014  0.000019  -0.000014  1.000000  0.000065  -0.000019  -0.000065  1.000000  0.999879  0.009761  0.012076  -0.009869  0.999911  0.008926  -0.011988  -0.009044  0.999887  0.000076  0.005497  
16.774466 0.007604  0.094631  -0.005990  0.997487  0.065104  -0.027963  -0.061272  0.990758  0.121015  0.035583  -0.118998  0.992257  0.000579  -0.001268  -0.002803  0.249712  0.023438  0.148932  2.000000  0.999878  0.009821  0.012169  -0.009934  0.999908  0.009255  -0.012077  -0.009375  0.999883  0.999999  0.001666  -0.000070  -0.001666  0.999985  0.005274  0.000078  -0.005274  0.999986  1.000000  0.000011  0.000018  -0.000011  1.000000  0.000066  -0.000018  -0.000066  1.000000  0.999878  0.009821  0.012169  -0.009934  0.999908  0.009255  -0.012077  -0.009375  0.999883  0.000074  0.005531  
16.775468 0.007604  0.094631  -0.005992  0.997474  0.065318  -0.027914  -0.061478  0.990700  0.121381  0.035583  -0.119359  0.992213  0.000501  -0.001098  -0.002716  0.251733  0.018771  0.147210  2.000000  0.999876  0.009863  0.012242  -0.009980  0.999905  0.009520  -0.012147  -0.009641  0.999880  0.999999  0.001666  -0.000069  -0.001666  0.999985  0.005274  0.000078  -0.005274  0.999986  1.000000  0.000011  0.000018  -0.000011  1.000000  0.000066  -0.000018  -0.000066  1.000000  0.999876  0.009863  0.012242  -0.009980  0.999905  0.009520  -0.012147  -0.009641  0.999880  0.000073  0.005531  
16.776720 0.007605  0.094631  -0.005995  0.997474  0.065328  -0.027890  -0.061478  0.990656  0.121742  0.035583  -0.119720  0.992170  0.000442  -0.000870  -0.002616  0.255346  0.015891  0.133093  2.000000  0.999875  0.009907  0.012328  -0.010029  0.999901  0.009850  -0.012229  -0.009972  0.999875  0.999999  0.001446  0.000040  -0.001446  0.999985  0.005267  -0.000032  -0.005267  0.999986  1.000000  0.000009  0.000016  -0.000009  1.000000  0.000066  -0.000016  -0.000066  1.000000  0.999875  0.009907  0.012328  -0.010029  0.999901  0.009850  -0.012229  -0.009972  0.999875  0.000071  0.005462  
16.777968 0.007606  0.094632  -0.005998  0.997474  0.065338  -0.027867  -0.061478  0.990612  0.122102  0.035583  -0.120081  0.992126  0.000391  -0.000719  -0.002488  0.258757  0.013819  0.112173  2.000000  0.999874  0.009941  0.012399  -0.010068  0.999897  0.010182  -0.012297  -0.010306  0.999871  0.999999  0.001242  0.000015  -0.001242  0.999985  0.005381  -0.000009  -0.005381  0.999986  1.000000  0.000008  0.000014  -0.000008  1.000000  0.000067  -0.000014  -0.000067  1.000000  0.999874  0.009941  0.012399  -0.010068  0.999897  0.010182  -0.012297  -0.010306  0.999871  0.000070  0.005522  
16.779219 0.007607  0.094632  -0.006001  0.997474  0.065348  -0.027843  -0.061478  0.990567  0.122463  0.035583  -0.120442  0.992082  0.000390  -0.000558  -0.002417  0.260275  0.011032  0.098782  2.000000  0.999873  0.009962  0.012450  -0.010092  0.999894  0.010453  -0.012345  -0.010578  0.999868  0.999999  0.001021  0.000124  -0.001022  0.999984  0.005495  -0.000118  -0.005495  0.999985  1.000000  0.000005  0.000012  -0.000005  1.000000  0.000069  -0.000012  -0.000069  1.000000  0.999873  0.009962  0.012450  -0.010092  0.999894  0.010453  -0.012345  -0.010578  0.999868  0.000070  0.005590  
16.780220 0.007608  0.094632  -0.006003  0.997474  0.065355  -0.027827  -0.061478  0.990537  0.122703  0.035583  -0.120683  0.992053  0.000412  -0.000425  -0.002370  0.260020  0.007350  0.091384  2.000000  0.999872  0.009978  0.012498  -0.010112  0.999891  0.010728  -0.012389  -0.010853  0.999864  1.000000  0.000817  0.000099  -0.000817  0.999985  0.005488  -0.000095  -0.005488  0.999985  1.000000  0.000004  0.000009  -0.000004  1.000000  0.000069  -0.000009  -0.000069  1.000000  0.999872  0.009978  0.012498  -0.010112  0.999891  0.010728  -0.012389  -0.010853  0.999864  0.000069  0.005549  
16.781471 0.007610  0.094633  -0.006007  0.997479  0.065349  -0.027671  -0.061478  0.990494  0.123055  0.035449  -0.121044  0.992014  0.000491  -0.000290  -0.002324  0.263607  0.000012  0.076597  2.000000  0.999871  0.009991  0.012550  -0.010130  0.999887  0.011072  -0.012438  -0.011197  0.999860  1.000000  0.000801  0.000233  -0.000802  0.999984  0.005609  -0.000228  -0.005609  0.999984  1.000000  0.000003  0.000010  -0.000003  1.000000  0.000070  -0.000010  -0.000070  1.000000  0.999871  0.009991  0.012550  -0.010130  0.999887  0.011072  -0.012438  -0.011197  0.999860  0.000069  0.005671  
16.782715 0.007611  0.094633  -0.006010  0.997479  0.065363  -0.027639  -0.061478  0.990434  0.123536  0.035449  -0.121525  0.991955  0.000577  -0.000161  -0.002317  0.271576  0.000798  0.069745  2.000000  0.999871  0.009997  0.012599  -0.010141  0.999883  0.011420  -0.012483  -0.011546  0.999855  1.000000  0.000596  0.000208  -0.000598  0.999984  0.005602  -0.000204  -0.005602  0.999984  1.000000  0.000001  0.000008  -0.000002  1.000000  0.000070  -0.000008  -0.000070  1.000000  0.999871  0.009997  0.012599  -0.010141  0.999883  0.011420  -0.012483  -0.011546  0.999855  0.000069  0.005637  
16.783723 0.007613  0.094634  -0.006013  0.997479  0.065369  -0.027623  -0.061478  0.990404  0.123776  0.035449  -0.121766  0.991926  0.000662  -0.000033  -0.002308  0.271226  -0.002869  0.062321  2.000000  0.999870  0.009999  0.012633  -0.010147  0.999880  0.011698  -0.012514  -0.011825  0.999852  1.000000  0.000596  0.000208  -0.000597  0.999984  0.005602  -0.000205  -0.005602  0.999984  1.000000  0.000001  0.000008  -0.000001  1.000000  0.000070  -0.000008  -0.000070  1.000000  0.999870  0.009999  0.012633  -0.010147  0.999880  0.011698  -0.012514  -0.011825  0.999852  0.000070  0.005637  
16.784965 0.007615  0.094634  -0.006017  0.997479  0.065383  -0.027591  -0.061478  0.990344  0.124257  0.035449  -0.122247  0.991866  0.000814  0.000103  -0.002349  0.275150  -0.002079  0.055473  2.000000  0.999870  0.009998  0.012666  -0.010151  0.999876  0.012051  -0.012544  -0.012178  0.999847  1.000000  0.000392  0.000183  -0.000393  0.999984  0.005716  -0.000181  -0.005716  0.999984  1.000000  0.000000  0.000005  -0.000000  1.000000  0.000071  -0.000005  -0.000071  1.000000  0.999870  0.009998  0.012666  -0.010151  0.999876  0.012051  -0.012544  -0.012178  0.999847  0.000070  0.005732  
16.785967 0.007617  0.094634  -0.006020  0.997479  0.065393  -0.027568  -0.061478  0.990298  0.124617  0.035449  -0.122608  0.991822  0.000957  0.000170  -0.002420  0.280700  -0.005691  0.047670  2.000000  0.999870  0.009997  0.012690  -0.010153  0.999872  0.012336  -0.012565  -0.012463  0.999843  1.000000  0.000392  0.000183  -0.000393  0.999984  0.005716  -0.000181  -0.005716  0.999984  1.000000  0.000000  0.000005  -0.000000  1.000000  0.000071  -0.000005  -0.000071  1.000000  0.999870  0.009997  0.012690  -0.010153  0.999872  0.012336  -0.012565  -0.012463  0.999843  0.000071  0.005732  
16.787215 0.007619  0.094634  -0.006023  0.997479  0.065403  -0.027544  -0.061478  0.990253  0.124978  0.035449  -0.122969  0.991777  0.001083  0.000238  -0.002455  0.280444  -0.004892  0.040857  2.000000  0.999869  0.009995  0.012715  -0.010155  0.999869  0.012629  -0.012587  -0.012757  0.999839  1.000000  0.000392  0.000183  -0.000393  0.999983  0.005837  -0.000181  -0.005837  0.999983  1.000000  0.000000  0.000005  -0.000000  1.000000  0.000073  -0.000005  -0.000073  1.000000  0.999869  0.009995  0.012715  -0.010155  0.999869  0.012629  -0.012587  -0.012757  0.999839  0.000070  0.005853  
16.788216 0.007622  0.094635  -0.006025  0.997479  0.065413  -0.027520  -0.061478  0.990207  0.125338  0.035449  -0.123330  0.991732  0.001251  0.000316  -0.002465  0.286622  -0.008587  0.033795  2.000000  0.999869  0.009993  0.012739  -0.010158  0.999865  0.012928  -0.012608  -0.013056  0.999835  1.000000  0.000392  0.000184  -0.000393  0.999982  0.005958  -0.000181  -0.005958  0.999982  1.000000  0.000000  0.000005  -0.000000  1.000000  0.000074  -0.000005  -0.000074  1.000000  0.999869  0.009993  0.012739  -0.010158  0.999865  0.012928  -0.012608  -0.013056  0.999835  0.000072  0.005974  
16.789217 0.007624  0.094636  -0.006027  0.997479  0.065423  -0.027496  -0.061478  0.990162  0.125698  0.035449  -0.123691  0.991687  0.001407  0.000352  -0.002492  0.290476  -0.007771  0.026928  2.000000  0.999869  0.009987  0.012754  -0.010156  0.999861  0.013232  -0.012620  -0.013360  0.999831  1.000000  0.000188  0.000158  -0.000189  0.999982  0.006072  -0.000157  -0.006072  0.999982  1.000000  -0.000001  0.000003  0.000001  1.000000  0.000076  -0.000003  -0.000076  1.000000  0.999869  0.009987  0.012754  -0.010156  0.999861  0.013232  -0.012620  -0.013360  0.999831  0.000072  0.006077  
16.790466 0.007627  0.094637  -0.006030  0.997479  0.065436  -0.027464  -0.061478  0.990101  0.126179  0.035449  -0.124172  0.991627  0.001535  0.000393  -0.002516  0.294539  -0.007782  0.026924  2.000000  0.999869  0.009979  0.012773  -0.010153  0.999856  0.013619  -0.012635  -0.013747  0.999826  1.000000  0.000188  0.000158  -0.000189  0.999981  0.006193  -0.000157  -0.006193  0.999981  1.000000  -0.000001  0.000003  0.000001  1.000000  0.000077  -0.000003  -0.000077  1.000000  0.999869  0.009979  0.012773  -0.010153  0.999856  0.013619  -0.012635  -0.013747  0.999826  0.000073  0.006198  
