1-Time 2-Px 3-Py 4-Pz 5-R11 6-R21 7-R31 8-R12 9-R22 10-R32 11-R13 12-R23 13-R33 14-Vx 15-Vy 16-Vz 17-Wx 18-Wy 19-Wz 20-state 21-PR11 22-PR21 23-PR31 24-PR12 25-PR22 26-PR32 27-PR13 28-PR23 29-PR33 
24.216192 0.011002  0.093424  -0.004781  0.994991  0.069587  -0.071762  -0.070377  0.997484  -0.008543  0.070987  0.013551  0.997385  -0.000093  -0.000088  -0.000067  0.000000  0.000000  0.000000  2.000000  1.000000  0.000000  0.000000  -0.000000  1.000000  0.000000  0.000000  -0.000000  1.000000  1.000000  -0.000207  -0.000131  0.000207  1.000000  -0.000015  0.000131  0.000015  1.000000  1.000000  0.000000  0.000000  0.000000  1.000000  0.000000  0.000000  0.000000  1.000000  0.473829  0.606671  0.638307  -0.643071  0.733571  -0.219849  -0.601620  -0.306306  0.737720  0.000000  0.000000  
24.217424 0.011002  0.093423  -0.004782  0.994977  0.069792  -0.071764  -0.070582  0.997470  -0.008528  0.070987  0.013551  0.997385  -0.000056  -0.000121  -0.000125  0.000000  0.000000  0.000000  2.000000  1.000000  0.000000  0.000000  0.000000  1.000000  0.000000  0.000000  0.000000  1.000000  1.000000  0.000000  0.000000  0.000000  1.000000  -0.000000  0.000000  -0.000000  1.000000  1.000000  0.000000  0.000000  0.000000  1.000000  0.000000  0.000000  0.000000  1.000000  1.000000  0.000000  0.000000  0.000000  1.000000  0.000000  0.000000  0.000000  1.000000  0.000000  0.000000  
24.218427 0.011004  0.093422  -0.004785  0.994943  0.069994  -0.072032  -0.070785  0.997455  -0.008494  0.071254  0.013550  0.997366  0.000040  -0.000222  -0.000273  0.000000  0.000000  0.000000  2.000000  1.000000  0.000000  0.000000  0.000000  1.000000  0.000000  0.000000  0.000000  1.000000  1.000000  0.000204  -0.000137  -0.000204  1.000000  0.000015  0.000137  -0.000015  1.000000  1.000000  0.000000  0.000000  0.000000  1.000000  0.000000  0.000000  0.000000  1.000000  1.000000  0.000000  0.000000  0.000000  1.000000  0.000000  0.000000  0.000000  1.000000  0.000000  0.000000  
24.219429 0.011005  0.093420  -0.004787  0.994905  0.070403  -0.072169  -0.071194  0.997427  -0.008455  0.071388  0.013550  0.997357  0.000150  -0.000326  -0.000454  0.000000  0.000000  0.000000  2.000000  1.000000  0.000000  0.000000  0.000000  1.000000  0.000000  0.000000  0.000000  1.000000  1.000000  0.000611  -0.000410  -0.000611  1.000000  0.000044  0.000410  -0.000044  1.000000  1.000000  0.000000  0.000000  0.000000  1.000000  0.000000  0.000000  0.000000  1.000000  1.000000  0.000000  0.000000  0.000000  1.000000  0.000000  0.000000  0.000000  1.000000  0.000000  0.000000  
24.220673 0.011008  0.093418  -0.004790  0.994871  0.070604  -0.072437  -0.071398  0.997412  -0.008421  0.071655  0.013550  0.997337  0.000348  -0.000488  -0.000651  0.000000  0.000000  0.000000  2.000000  1.000000  0.000000  0.000000  0.000000  1.000000  0.000000  0.000000  0.000000  1.000000  0.999999  0.000812  -0.000680  -0.000812  1.000000  0.000059  0.000680  -0.000058  1.000000  1.000000  0.000000  0.000000  0.000000  1.000000  0.000000  0.000000  0.000000  1.000000  1.000000  0.000000  0.000000  0.000000  1.000000  0.000000  0.000000  0.000000  1.000000  0.000000  0.000000  
24.221679 0.011011  0.093416  -0.004793  0.994837  0.070806  -0.072705  -0.071601  0.997398  -0.008387  0.071922  0.013550  0.997318  0.000566  -0.000594  -0.000837  0.000000  0.000000  0.000000  2.000000  1.000000  0.000000  0.000000  0.000000  1.000000  0.000000  0.000000  0.000000  1.000000  0.999999  0.001014  -0.000950  -0.001014  0.999999  0.000074  0.000950  -0.000073  1.000000  1.000000  0.000000  0.000000  0.000000  1.000000  0.000000  0.000000  0.000000  1.000000  1.000000  0.000000  0.000000  0.000000  1.000000  0.000000  0.000000  0.000000  1.000000  0.000000  0.000000  
24.222923 0.011015  0.093414  -0.004796  0.994788  0.071213  -0.072974  -0.072010  0.997369  -0.008338  0.072188  0.013549  0.997299  0.000863  -0.000732  -0.001050  0.000000  0.000000  0.000000  2.000000  1.000000  0.000000  0.000000  0.000000  1.000000  0.000000  0.000000  0.000000  1.000000  0.999999  0.001216  -0.001221  -0.001216  0.999999  0.000089  0.001221  -0.000088  0.999999  1.000000  0.000000  0.000000  0.000000  1.000000  0.000000  0.000000  0.000000  1.000000  1.000000  0.000000  0.000000  0.000000  1.000000  0.000000  0.000000  0.000000  1.000000  0.000000  0.000000  
24.223928 0.011020  0.093412  -0.004799  0.994739  0.071620  -0.073244  -0.072418  0.997340  -0.008289  0.072455  0.013549  0.997280  0.001167  -0.000810  -0.001216  0.000000  0.000000  0.000000  2.000000  1.000000  0.000000  0.000000  0.000000  1.000000  0.000000  0.000000  0.000000  1.000000  0.999997  0.001828  -0.001497  -0.001828  0.999998  0.000134  0.001497  -0.000132  0.999999  1.000000  0.000000  0.000000  0.000000  1.000000  0.000000  0.000000  0.000000  1.000000  1.000000  0.000000  0.000000  0.000000  1.000000  0.000000  0.000000  0.000000  1.000000  0.000000  0.000000  
24.225175 0.011026  0.093410  -0.004802  0.994650  0.072436  -0.073650  -0.073235  0.997281  -0.008199  0.072856  0.013549  0.997250  0.001541  -0.000980  -0.001457  0.000000  0.000000  0.000000  2.000000  1.000000  0.000000  0.000000  0.000000  1.000000  0.000000  0.000000  0.000000  1.000000  0.999995  0.002440  -0.001772  -0.002440  0.999997  0.000180  0.001773  -0.000175  0.999998  1.000000  0.000000  0.000000  0.000000  1.000000  0.000000  0.000000  0.000000  1.000000  1.000000  0.000000  0.000000  0.000000  1.000000  0.000000  0.000000  0.000000  1.000000  0.000000  0.000000  
24.226428 0.011030  0.093406  -0.004808  0.994575  0.073038  -0.074063  -0.073847  0.997236  -0.008245  0.073256  0.013669  0.997219  0.001879  -0.001216  -0.001812  0.000000  0.000000  0.000000  2.000000  1.000000  0.000000  0.000000  0.000000  1.000000  0.000000  0.000000  0.000000  1.000000  0.999992  0.003256  -0.002185  -0.003256  0.999995  0.000120  0.002186  -0.000112  0.999998  1.000000  0.000000  0.000000  0.000000  1.000000  0.000000  0.000000  0.000000  1.000000  1.000000  0.000000  0.000000  0.000000  1.000000  0.000000  0.000000  0.000000  1.000000  0.000000  0.000000  
24.227675 0.011035  0.093403  -0.004816  0.994485  0.073853  -0.074469  -0.074664  0.997175  -0.008154  0.073656  0.013669  0.997190  0.002201  -0.001417  -0.002333  0.000000  0.000000  0.000000  2.000000  1.000000  0.000000  0.000000  0.000000  1.000000  0.000000  0.000000  0.000000  1.000000  0.999989  0.003866  -0.002595  -0.003866  0.999993  0.000166  0.002595  -0.000156  0.999997  1.000000  0.000000  0.000000  0.000000  1.000000  0.000000  0.000000  0.000000  1.000000  1.000000  0.000000  0.000000  0.000000  1.000000  0.000000  0.000000  0.000000  1.000000  0.000000  0.000000  
24.228675 0.011039  0.093402  -0.004822  0.994409  0.074464  -0.074873  -0.075276  0.997130  -0.008078  0.074057  0.013668  0.997160  0.002497  -0.001501  -0.002792  0.000000  0.000000  0.000000  2.000000  1.000000  0.000000  0.000000  0.000000  1.000000  0.000000  0.000000  0.000000  1.000000  0.999985  0.004477  -0.003004  -0.004476  0.999990  0.000214  0.003005  -0.000200  0.999995  1.000000  0.000000  0.000000  0.000000  1.000000  0.000000  0.000000  0.000000  1.000000  1.000000  0.000000  0.000000  0.000000  1.000000  0.000000  0.000000  0.000000  1.000000  0.000000  0.000000  
24.229922 0.011045  0.093400  -0.004831  0.994323  0.075063  -0.075419  -0.075887  0.997083  -0.008112  0.074590  0.013789  0.997119  0.002899  -0.001626  -0.003352  0.004942  0.123877  0.177760  2.000000  1.000000  0.000127  -0.000087  -0.000127  1.000000  0.000003  0.000087  -0.000003  1.000000  0.999981  0.005085  -0.003548  -0.005085  0.999987  0.000141  0.003549  -0.000123  0.999994  1.000000  0.000064  -0.000044  -0.000064  1.000000  0.000002  0.000044  -0.000002  1.000000  1.000000  0.000127  -0.000087  -0.000127  1.000000  0.000003  0.000087  -0.000003  1.000000  0.000052  0.006202  
24.230923 0.011049  0.093397  -0.004838  0.994246  0.075673  -0.075823  -0.076498  0.997037  -0.008034  0.074991  0.013788  0.997089  0.003192  -0.001772  -0.003864  0.006492  0.137624  0.198235  2.000000  1.000000  0.000404  -0.000280  -0.000404  1.000000  0.000012  0.000280  -0.000012  1.000000  0.999976  0.005696  -0.003958  -0.005695  0.999984  0.000189  0.003959  -0.000166  0.999992  1.000000  0.000071  -0.000049  -0.000071  1.000000  0.000002  0.000049  -0.000002  1.000000  1.000000  0.000404  -0.000280  -0.000404  1.000000  0.000012  0.000280  -0.000012  1.000000  0.000058  0.006938  
24.232174 0.011055  0.093395  -0.004849  0.994132  0.076485  -0.076495  -0.077313  0.996975  -0.007920  0.075658  0.013788  0.997039  0.003551  -0.001931  -0.004463  0.008596  0.160631  0.225729  2.000000  1.000000  0.000717  -0.000500  -0.000717  1.000000  0.000023  0.000500  -0.000022  1.000000  0.999968  0.006508  -0.004638  -0.006507  0.999979  0.000255  0.004639  -0.000225  0.999989  1.000000  0.000081  -0.000058  -0.000081  1.000000  0.000003  0.000058  -0.000003  1.000000  1.000000  0.000717  -0.000500  -0.000717  1.000000  0.000023  0.000500  -0.000022  1.000000  0.000067  0.007995  
24.233181 0.011061  0.093392  -0.004858  0.994054  0.077086  -0.076908  -0.077925  0.996927  -0.007963  0.076058  0.013908  0.997006  0.003895  -0.002021  -0.005007  0.006082  0.174220  0.245949  2.000000  0.999999  0.001065  -0.000744  -0.001065  0.999999  0.000035  0.000744  -0.000034  1.000000  0.999962  0.007118  -0.005048  -0.007117  0.999975  0.000183  0.005050  -0.000147  0.999987  1.000000  0.000089  -0.000063  -0.000089  1.000000  0.000002  0.000063  -0.000002  1.000000  0.999999  0.001065  -0.000744  -0.001065  0.999999  0.000035  0.000744  -0.000034  1.000000  0.000073  0.008728  
24.234432 0.011069  0.093388  -0.004869  0.993949  0.077899  -0.077446  -0.078740  0.996864  -0.007857  0.076592  0.013908  0.996966  0.004300  -0.002108  -0.005472  0.008189  0.192569  0.273273  2.000000  0.999998  0.001543  -0.001082  -0.001543  0.999999  0.000049  0.001082  -0.000047  0.999999  0.999953  0.007931  -0.005594  -0.007930  0.999969  0.000250  0.005596  -0.000206  0.999984  1.000000  0.000099  -0.000070  -0.000099  1.000000  0.000003  0.000070  -0.000003  1.000000  0.999998  0.001543  -0.001082  -0.001543  0.999999  0.000049  0.001082  -0.000047  0.999999  0.000082  0.009709  
24.235677 0.011077  0.093385  -0.004878  0.993859  0.078508  -0.077983  -0.079351  0.996816  -0.007767  0.077125  0.013907  0.996924  0.004630  -0.002164  -0.005913  0.009802  0.210884  0.293782  2.000000  0.999997  0.002069  -0.001455  -0.002069  0.999998  0.000066  0.001455  -0.000063  0.999999  0.999943  0.008745  -0.006140  -0.008743  0.999962  0.000318  0.006143  -0.000264  0.999981  1.000000  0.000109  -0.000077  -0.000109  1.000000  0.000004  0.000077  -0.000004  1.000000  0.999997  0.002069  -0.001455  -0.002069  0.999998  0.000066  0.001455  -0.000063  0.999999  0.000090  0.010690  
24.236935 0.011085  0.093380  -0.004887  0.993752  0.079312  -0.078531  -0.080166  0.996751  -0.007781  0.077659  0.014027  0.996881  0.004893  -0.002347  -0.006287  0.007859  0.229182  0.320991  2.000000  0.999995  0.002651  -0.001865  -0.002651  0.999996  0.000083  0.001865  -0.000078  0.999998  0.999931  0.009556  -0.006821  -0.009555  0.999954  0.000267  0.006824  -0.000201  0.999977  1.000000  0.000119  -0.000085  -0.000119  1.000000  0.000003  0.000085  -0.000003  1.000000  0.999995  0.002651  -0.001865  -0.002651  0.999996  0.000083  0.001865  -0.000078  0.999998  0.000097  0.011744  
24.238179 0.011094  0.093374  -0.004897  0.993633  0.080123  -0.079202  -0.080980  0.996686  -0.007662  0.078326  0.014027  0.996829  0.005163  -0.002618  -0.006704  0.010035  0.252085  0.348326  2.000000  0.999992  0.003272  -0.002306  -0.003271  0.999995  0.000101  0.002307  -0.000093  0.999997  0.999922  0.010167  -0.007231  -0.010165  0.999948  0.000320  0.007234  -0.000247  0.999974  1.000000  0.000127  -0.000090  -0.000127  1.000000  0.000004  0.000090  -0.000004  1.000000  0.999992  0.003272  -0.002306  -0.003271  0.999995  0.000101  0.002307  -0.000093  0.999997  0.000106  0.012479  
24.239180 0.011102  0.093369  -0.004904  0.993541  0.080721  -0.079748  -0.081590  0.996636  -0.007690  0.078859  0.014147  0.996785  0.005401  -0.002878  -0.007043  0.007608  0.270367  0.368737  2.000000  0.999989  0.003787  -0.002681  -0.003787  0.999993  0.000113  0.002682  -0.000102  0.999996  0.999917  0.010365  -0.007636  -0.010364  0.999946  0.000220  0.007638  -0.000141  0.999971  1.000000  0.000130  -0.000095  -0.000130  1.000000  0.000002  0.000095  -0.000002  1.000000  0.999989  0.003787  -0.002681  -0.003787  0.999993  0.000113  0.002682  -0.000102  0.999996  0.000112  0.012876  
24.240426 0.011111  0.093361  -0.004915  0.993448  0.081320  -0.080294  -0.082200  0.996586  -0.007718  0.079393  0.014267  0.996741  0.005672  -0.003235  -0.007495  0.005194  0.288719  0.389235  2.000000  0.999986  0.004323  -0.003077  -0.004323  0.999991  0.000122  0.003077  -0.000108  0.999995  0.999908  0.010976  -0.007913  -0.010975  0.999940  0.000154  0.007914  -0.000067  0.999969  1.000000  0.000137  -0.000099  -0.000137  1.000000  0.000001  0.000099  -0.000001  1.000000  0.999986  0.004323  -0.003077  -0.004323  0.999991  0.000122  0.003077  -0.000108  0.999995  0.000121  0.013532  
24.241679 0.011120  0.093352  -0.004926  0.993344  0.081916  -0.080974  -0.082809  0.996535  -0.007734  0.080060  0.014388  0.996686  0.005962  -0.003606  -0.007828  0.002817  0.311461  0.409521  2.000000  0.999981  0.005017  -0.003588  -0.005016  0.999987  0.000129  0.003589  -0.000111  0.999994  0.999901  0.011380  -0.008321  -0.011380  0.999935  0.000073  0.008322  0.000022  0.999965  1.000000  0.000142  -0.000104  -0.000142  1.000000  0.000000  0.000104  -0.000000  1.000000  0.999981  0.005017  -0.003588  -0.005016  0.999987  0.000129  0.003589  -0.000111  0.999994  0.000128  0.014098  
24.242680 0.011128  0.093345  -0.004936  0.993261  0.082516  -0.081387  -0.083420  0.996484  -0.007771  0.080460  0.014508  0.996652  0.006245  -0.003911  -0.008076  0.000396  0.325268  0.430004  2.000000  0.999976  0.005586  -0.004013  -0.005585  0.999984  0.000132  0.004013  -0.000110  0.999992  0.999896  0.011581  -0.008592  -0.011581  0.999933  0.000094  0.008592  0.000006  0.999963  1.000000  0.000145  -0.000107  -0.000145  1.000000  0.000001  0.000107  -0.000001  1.000000  0.999976  0.005586  -0.004013  -0.005585  0.999984  0.000132  0.004013  -0.000110  0.999992  0.000133  0.014421  
24.243924 0.011139  0.093337  -0.004947  0.993166  0.083123  -0.081923  -0.084030  0.996434  -0.007676  0.080993  0.014507  0.996609  0.006590  -0.004376  -0.008263  0.002090  0.343581  0.450487  2.000000  0.999970  0.006312  -0.004555  -0.006311  0.999980  0.000131  0.004556  -0.000102  0.999990  0.999895  0.011578  -0.008727  -0.011578  0.999933  -0.000021  0.008726  0.000122  0.999962  1.000000  0.000145  -0.000109  -0.000145  1.000000  -0.000001  0.000109  0.000001  1.000000  0.999970  0.006312  -0.004555  -0.006311  0.999980  0.000131  0.004556  -0.000102  0.999990  0.000140  0.014499  
24.245171 0.011150  0.093328  -0.004959  0.993082  0.083723  -0.082337  -0.084641  0.996382  -0.007712  0.081393  0.014628  0.996575  0.006946  -0.004723  -0.008439  0.000213  0.357512  0.477895  2.000000  0.999962  0.007033  -0.005102  -0.007032  0.999975  0.000124  0.005103  -0.000088  0.999987  0.999897  0.011371  -0.008725  -0.011373  0.999935  -0.000154  0.008723  0.000254  0.999962  1.000000  0.000142  -0.000109  -0.000142  1.000000  -0.000003  0.000109  0.000003  1.000000  0.999962  0.007033  -0.005102  -0.007032  0.999975  0.000124  0.005103  -0.000088  0.999987  0.000145  0.014335  
24.246174 0.011158  0.093320  -0.004970  0.993025  0.084119  -0.082616  -0.085048  0.996347  -0.007776  0.081660  0.014748  0.996551  0.007273  -0.005180  -0.008640  -0.002721  0.363966  0.487835  2.000000  0.999956  0.007604  -0.005545  -0.007603  0.999971  0.000116  0.005546  -0.000074  0.999985  0.999896  0.011368  -0.008861  -0.011370  0.999935  -0.000150  0.008858  0.000251  0.999961  1.000000  0.000142  -0.000111  -0.000142  1.000000  -0.000002  0.000111  0.000003  1.000000  0.999956  0.007604  -0.005545  -0.007603  0.999971  0.000116  0.005546  -0.000074  0.999985  0.000152  0.014415  
24.247179 0.011167  0.093313  -0.004979  0.992957  0.084514  -0.083028  -0.085454  0.996311  -0.007829  0.082060  0.014869  0.996516  0.007501  -0.005422  -0.008665  -0.006139  0.377255  0.494167  2.000000  0.999949  0.008167  -0.005988  -0.008167  0.999967  0.000109  0.005989  -0.000060  0.999982  0.999898  0.011162  -0.008858  -0.011164  0.999938  -0.000164  0.008855  0.000263  0.999961  1.000000  0.000140  -0.000111  -0.000140  1.000000  -0.000003  0.000111  0.000003  1.000000  0.999949  0.008167  -0.005988  -0.008167  0.999967  0.000109  0.005989  -0.000060  0.999982  0.000155  0.014252  
24.248426 0.011178  0.093305  -0.004991  0.992907  0.084713  -0.083428  -0.085655  0.996294  -0.007777  0.082460  0.014868  0.996483  0.007682  -0.005734  -0.008690  -0.005972  0.381716  0.494092  2.000000  0.999941  0.008723  -0.006434  -0.008722  0.999962  0.000096  0.006435  -0.000040  0.999979  0.999901  0.010956  -0.008856  -0.010959  0.999940  -0.000297  0.008852  0.000394  0.999961  1.000000  0.000137  -0.000111  -0.000137  1.000000  -0.000004  0.000111  0.000004  1.000000  0.999941  0.008723  -0.006434  -0.008722  0.999962  0.000096  0.006435  -0.000040  0.999979  0.000156  0.014092  
24.249677 0.011189  0.093296  -0.005002  0.992838  0.085107  -0.083840  -0.086061  0.996259  -0.007829  0.082860  0.014989  0.996448  0.007952  -0.006155  -0.008776  -0.010463  0.389299  0.491177  2.000000  0.999931  0.009394  -0.006989  -0.009394  0.999956  0.000074  0.006990  -0.000009  0.999976  0.999903  0.010749  -0.008855  -0.010753  0.999942  -0.000431  0.008849  0.000526  0.999961  1.000000  0.000134  -0.000111  -0.000134  1.000000  -0.000006  0.000111  0.000006  1.000000  0.999931  0.009394  -0.006989  -0.009394  0.999956  0.000074  0.006990  -0.000009  0.999976  0.000157  0.013935  
24.250923 0.011201  0.093288  -0.005014  0.992781  0.085513  -0.084109  -0.086468  0.996224  -0.007772  0.083127  0.014988  0.996426  0.008172  -0.006448  -0.008954  -0.009184  0.386350  0.500885  2.000000  0.999921  0.010043  -0.007533  -0.010043  0.999950  0.000054  0.007533  0.000021  0.999972  0.999912  0.010137  -0.008578  -0.010140  0.999949  -0.000357  0.008574  0.000444  0.999963  1.000000  0.000127  -0.000107  -0.000127  1.000000  -0.000005  0.000107  0.000005  1.000000  0.999921  0.010043  -0.007533  -0.010043  0.999950  0.000054  0.007533  0.000021  0.999972  0.000158  0.013286  
24.251924 0.011209  0.093279  -0.005024  0.992741  0.085704  -0.084386  -0.086670  0.996206  -0.007852  0.083393  0.015109  0.996402  0.008259  -0.006716  -0.009138  -0.013124  0.390799  0.500736  2.000000  0.999913  0.010545  -0.007955  -0.010545  0.999944  0.000035  0.007955  0.000049  0.999968  0.999918  0.009729  -0.008306  -0.009733  0.999952  -0.000510  0.008301  0.000591  0.999965  1.000000  0.000122  -0.000104  -0.000122  1.000000  -0.000007  0.000104  0.000007  1.000000  0.999913  0.010545  -0.007955  -0.010545  0.999944  0.000035  0.007955  0.000049  0.999968  0.000160  0.012804  
24.252932 0.011216  0.093270  -0.005034  0.992700  0.085905  -0.084654  -0.086873  0.996189  -0.007811  0.083660  0.015108  0.996380  0.008300  -0.007069  -0.009283  -0.014261  0.392635  0.495294  2.000000  0.999904  0.011023  -0.008360  -0.011024  0.999939  0.000011  0.008360  0.000081  0.999965  0.999924  0.009322  -0.008033  -0.009327  0.999956  -0.000543  0.008027  0.000618  0.999968  1.000000  0.000117  -0.000100  -0.000117  1.000000  -0.000007  0.000100  0.000007  1.000000  0.999904  0.011023  -0.008360  -0.011024  0.999939  0.000011  0.008360  0.000081  0.999965  0.000158  0.012319  
24.254178 0.011227  0.093258  -0.005046  0.992660  0.086096  -0.084931  -0.087075  0.996170  -0.007891  0.083927  0.015229  0.996356  0.008333  -0.007399  -0.009457  -0.019168  0.389155  0.477289  2.000000  0.999894  0.011585  -0.008850  -0.011586  0.999933  -0.000021  0.008850  0.000123  0.999961  0.999933  0.008711  -0.007623  -0.008716  0.999962  -0.000592  0.007618  0.000659  0.999971  1.000000  0.000109  -0.000095  -0.000109  1.000000  -0.000008  0.000095  0.000008  1.000000  0.999894  0.011585  -0.008850  -0.011586  0.999933  -0.000021  0.008850  0.000123  0.999961  0.000156  0.011593  
24.255178 0.011235  0.093249  -0.005057  0.992631  0.086288  -0.085076  -0.087279  0.996152  -0.007983  0.084060  0.015350  0.996342  0.008358  -0.007600  -0.009553  -0.024226  0.384375  0.463393  2.000000  0.999885  0.012010  -0.009230  -0.012011  0.999928  -0.000051  0.009229  0.000162  0.999957  0.999938  0.008301  -0.007485  -0.008307  0.999965  -0.000746  0.007478  0.000808  0.999972  1.000000  0.000104  -0.000094  -0.000104  1.000000  -0.000010  0.000094  0.000010  1.000000  0.999885  0.012010  -0.009230  -0.012011  0.999928  -0.000051  0.009229  0.000162  0.999957  0.000152  0.011205  
24.256428 0.011245  0.093237  -0.005068  0.992602  0.086481  -0.085221  -0.087482  0.996133  -0.008075  0.084193  0.015470  0.996329  0.008492  -0.007776  -0.009624  -0.024451  0.372377  0.452967  2.000000  0.999877  0.012418  -0.009594  -0.012419  0.999923  -0.000088  0.009593  0.000207  0.999954  0.999941  0.008099  -0.007215  -0.008106  0.999967  -0.000883  0.007208  0.000942  0.999974  1.000000  0.000101  -0.000090  -0.000101  1.000000  -0.000011  0.000090  0.000011  1.000000  0.999877  0.012418  -0.009594  -0.012419  0.999923  -0.000088  0.009593  0.000207  0.999954  0.000148  0.010885  
24.257677 0.011255  0.093226  -0.005078  0.992561  0.086682  -0.085488  -0.087684  0.996116  -0.008034  0.084460  0.015470  0.996307  0.008476  -0.007979  -0.009508  -0.026686  0.370549  0.429170  2.000000  0.999867  0.012893  -0.010029  -0.012895  0.999917  -0.000136  0.010026  0.000265  0.999950  0.999949  0.007489  -0.006805  -0.007495  0.999972  -0.000813  0.006798  0.000864  0.999977  1.000000  0.000094  -0.000085  -0.000094  1.000000  -0.000010  0.000085  0.000010  1.000000  0.999867  0.012893  -0.010029  -0.012895  0.999917  -0.000136  0.010026  0.000265  0.999950  0.000143  0.010154  
24.258920 0.011265  0.093215  -0.005088  0.992550  0.086670  -0.085632  -0.087683  0.996115  -0.008143  0.084593  0.015591  0.996294  0.008466  -0.008132  -0.009407  -0.031487  0.358456  0.412115  2.000000  0.999857  0.013333  -0.010441  -0.013335  0.999911  -0.000191  0.010437  0.000330  0.999945  0.999957  0.006674  -0.006392  -0.006680  0.999977  -0.001002  0.006385  0.001045  0.999979  1.000000  0.000083  -0.000080  -0.000083  1.000000  -0.000013  0.000080  0.000013  1.000000  0.999857  0.013333  -0.010441  -0.013335  0.999911  -0.000191  0.010437  0.000330  0.999945  0.000138  0.009297  
24.259922 0.011274  0.093205  -0.005097  0.992521  0.086862  -0.085777  -0.087887  0.996096  -0.008234  0.084727  0.015711  0.996280  0.008413  -0.008350  -0.009334  -0.032438  0.344895  0.398543  2.000000  0.999849  0.013656  -0.010747  -0.013659  0.999907  -0.000234  0.010743  0.000381  0.999942  0.999962  0.006268  -0.005985  -0.006275  0.999980  -0.001036  0.005978  0.001074  0.999982  1.000000  0.000078  -0.000075  -0.000078  1.000000  -0.000013  0.000075  0.000013  1.000000  0.999849  0.013656  -0.010747  -0.013659  0.999907  -0.000234  0.010743  0.000381  0.999942  0.000133  0.008731  
24.261171 0.011284  0.093193  -0.005108  0.992509  0.086860  -0.085910  -0.087886  0.996097  -0.008222  0.084860  0.015711  0.996269  0.008372  -0.008467  -0.009258  -0.035367  0.329753  0.368170  2.000000  0.999840  0.014014  -0.011098  -0.014018  0.999902  -0.000292  0.011093  0.000447  0.999938  0.999970  0.005456  -0.005437  -0.005461  0.999985  -0.000984  0.005432  0.001014  0.999985  1.000000  0.000068  -0.000068  -0.000068  1.000000  -0.000012  0.000068  0.000012  1.000000  0.999840  0.014014  -0.011098  -0.014018  0.999902  -0.000292  0.011093  0.000447  0.999938  0.000127  0.007767  
24.262174 0.011291  0.093183  -0.005118  0.992498  0.086848  -0.086053  -0.087885  0.996096  -0.008332  0.084993  0.015832  0.996256  0.008262  -0.008682  -0.009234  -0.040967  0.320045  0.347105  2.000000  0.999834  0.014271  -0.011357  -0.014276  0.999898  -0.000339  0.011351  0.000501  0.999935  0.999975  0.005051  -0.005030  -0.005056  0.999987  -0.001018  0.005025  0.001044  0.999987  1.000000  0.000063  -0.000063  -0.000063  1.000000  -0.000013  0.000063  0.000013  1.000000  0.999834  0.014271  -0.011357  -0.014276  0.999898  -0.000339  0.011351  0.000501  0.999935  0.000120  0.007203  
24.263180 0.011299  0.093174  -0.005126  0.992480  0.087053  -0.086055  -0.088089  0.996078  -0.008314  0.084993  0.015832  0.996256  0.008153  -0.008883  -0.009200  -0.037062  0.303894  0.337521  2.000000  0.999834  0.014271  -0.011357  -0.014276  0.999898  -0.000339  0.011351  0.000501  0.999935  0.999977  0.004850  -0.004760  -0.004855  0.999988  -0.001036  0.004754  0.001059  0.999988  1.000000  0.000000  0.000000  0.000000  1.000000  0.000000  0.000000  0.000000  1.000000  0.999834  0.014271  -0.011357  -0.014276  0.999898  -0.000339  0.011351  0.000501  0.999935  0.000116  0.000000  
24.264422 0.011307  0.093162  -0.005138  0.992469  0.087040  -0.086198  -0.088088  0.996077  -0.008423  0.085127  0.015952  0.996242  0.008016  -0.009054  -0.009204  -0.043223  0.290211  0.310427  2.000000  0.999834  0.014271  -0.011357  -0.014276  0.999898  -0.000339  0.011351  0.000501  0.999935  0.999982  0.004240  -0.004349  -0.004245  0.999990  -0.001088  0.004345  0.001106  0.999990  1.000000  0.000000  0.000000  0.000000  1.000000  0.000000  0.000000  0.000000  1.000000  0.999834  0.014271  -0.011357  -0.014276  0.999898  -0.000339  0.011351  0.000501  0.999935  0.000109  0.000000  
24.265424 0.011314  0.093153  -0.005148  0.992450  0.087245  -0.086200  -0.088292  0.996059  -0.008405  0.085127  0.015952  0.996242  0.007860  -0.009224  -0.009271  -0.044616  0.274395  0.299441  2.000000  0.999834  0.014271  -0.011357  -0.014276  0.999898  -0.000339  0.011351  0.000501  0.999935  0.999985  0.003836  -0.003941  -0.003840  0.999992  -0.001001  0.003938  0.001016  0.999992  1.000000  0.000000  0.000000  0.000000  1.000000  0.000000  0.000000  0.000000  1.000000  0.999834  0.014271  -0.011357  -0.014276  0.999898  -0.000339  0.011351  0.000501  0.999935  0.000103  0.000000  
24.266435 0.011320  0.093143  -0.005158  0.992450  0.087245  -0.086200  -0.088292  0.996059  -0.008405  0.085127  0.015952  0.996242  0.007686  -0.009385  -0.009294  -0.042124  0.255972  0.278844  2.000000  0.999834  0.014271  -0.011357  -0.014276  0.999898  -0.000339  0.011351  0.000501  0.999935  0.999987  0.003430  -0.003667  -0.003433  0.999994  -0.000915  0.003664  0.000928  0.999993  1.000000  0.000000  0.000000  0.000000  1.000000  0.000000  0.000000  0.000000  1.000000  0.999834  0.014271  -0.011357  -0.014276  0.999898  -0.000339  0.011351  0.000501  0.999935  0.000096  0.000000  
24.267677 0.011327  0.093131  -0.005171  0.992450  0.087235  -0.086210  -0.088292  0.996058  -0.008526  0.085127  0.016073  0.996240  0.007519  -0.009444  -0.009340  -0.047462  0.240297  0.256327  2.000000  0.999834  0.014271  -0.011357  -0.014276  0.999898  -0.000339  0.011351  0.000501  0.999935  0.999990  0.003025  -0.003260  -0.003029  0.999995  -0.001071  0.003257  0.001081  0.999994  1.000000  0.000000  0.000000  0.000000  1.000000  0.000000  0.000000  0.000000  1.000000  0.999834  0.014271  -0.011357  -0.014276  0.999898  -0.000339  0.011351  0.000501  0.999935  0.000091  0.000000  
24.268928 0.011335  0.093119  -0.005184  0.992450  0.087235  -0.086210  -0.088292  0.996058  -0.008526  0.085127  0.016073  0.996240  0.007313  -0.009449  -0.009367  -0.046514  0.214819  0.224376  2.000000  0.999834  0.014271  -0.011357  -0.014276  0.999898  -0.000339  0.011351  0.000501  0.999935  0.999993  0.002624  -0.002718  -0.002626  0.999996  -0.000985  0.002716  0.000992  0.999996  1.000000  0.000000  0.000000  0.000000  1.000000  0.000000  0.000000  0.000000  1.000000  0.999834  0.014271  -0.011357  -0.014276  0.999898  -0.000339  0.011351  0.000501  0.999935  0.000082  0.000000  
24.270176 0.011342  0.093108  -0.005197  0.992432  0.087440  -0.086212  -0.088497  0.996040  -0.008508  0.085127  0.016073  0.996240  0.007136  -0.009416  -0.009340  -0.043167  0.199461  0.209022  2.000000  0.999834  0.014271  -0.011357  -0.014276  0.999898  -0.000339  0.011351  0.000501  0.999935  0.999994  0.002425  -0.002314  -0.002427  0.999997  -0.000881  0.002312  0.000887  0.999997  1.000000  0.000000  0.000000  0.000000  1.000000  0.000000  0.000000  0.000000  1.000000  0.999834  0.014271  -0.011357  -0.014276  0.999898  -0.000339  0.011351  0.000501  0.999935  0.000074  0.000000  
24.271178 0.011348  0.093099  -0.005206  0.992432  0.087440  -0.086212  -0.088497  0.996040  -0.008508  0.085127  0.016073  0.996240  0.006986  -0.009360  -0.009321  -0.040196  0.181414  0.195588  2.000000  0.999834  0.014271  -0.011357  -0.014276  0.999898  -0.000339  0.011351  0.000501  0.999935  0.999995  0.002224  -0.002043  -0.002226  0.999997  -0.000899  0.002041  0.000903  0.999998  1.000000  0.000000  0.000000  0.000000  1.000000  0.000000  0.000000  0.000000  1.000000  0.999834  0.014271  -0.011357  -0.014276  0.999898  -0.000339  0.011351  0.000501  0.999935  0.000068  0.000000  
24.272178 0.011355  0.093091  -0.005216  0.992414  0.087645  -0.086214  -0.088701  0.996022  -0.008490  0.085127  0.016073  0.996240  0.006879  -0.009264  -0.009468  -0.040732  0.167965  0.188989  2.000000  0.999834  0.014271  -0.011357  -0.014276  0.999898  -0.000339  0.011351  0.000501  0.999935  0.999996  0.002023  -0.001772  -0.002025  0.999998  -0.000795  0.001770  0.000799  0.999998  1.000000  0.000000  0.000000  0.000000  1.000000  0.000000  0.000000  0.000000  1.000000  0.999834  0.014271  -0.011357  -0.014276  0.999898  -0.000339  0.011351  0.000501  0.999935  0.000064  0.000000  
24.273428 0.011362  0.093081  -0.005228  0.992414  0.087645  -0.086214  -0.088701  0.996022  -0.008490  0.085127  0.016073  0.996240  0.006685  -0.009224  -0.009593  0.000000  0.000000  0.000000  2.000000  0.999834  0.014271  -0.011357  -0.014276  0.999898  -0.000339  0.011351  0.000501  0.999935  0.999997  0.001822  -0.001501  -0.001824  0.999998  -0.000813  0.001500  0.000815  0.999999  1.000000  0.000000  0.000000  0.000000  1.000000  0.000000  0.000000  0.000000  1.000000  0.999834  0.014271  -0.011357  -0.014276  0.999898  -0.000339  0.011351  0.000501  0.999935  0.000058  0.000000  
24.274677 0.011370  0.093070  -0.005241  0.992396  0.087850  -0.086215  -0.088905  0.996004  -0.008473  0.085127  0.016073  0.996240  0.006533  -0.009154  -0.009727  0.000000  0.000000  0.000000  2.000000  0.999834  0.014271  -0.011357  -0.014276  0.999898  -0.000339  0.011351  0.000501  0.999935  0.999998  0.001622  -0.001230  -0.001622  0.999998  -0.000709  0.001229  0.000711  0.999999  1.000000  0.000000  0.000000  0.000000  1.000000  0.000000  0.000000  0.000000  1.000000  0.999834  0.014271  -0.011357  -0.014276  0.999898  -0.000339  0.011351  0.000501  0.999935  0.000000  0.000000  
24.275919 0.011379  0.093060  -0.005254  0.992396  0.087850  -0.086215  -0.088905  0.996004  -0.008473  0.085127  0.016073  0.996240  0.006452  -0.009070  -0.009876  0.000000  0.000000  0.000000  2.000000  0.999834  0.014271  -0.011357  -0.014276  0.999898  -0.000339  0.011351  0.000501  0.999935  0.999998  0.001624  -0.001097  -0.001624  0.999999  -0.000588  0.001096  0.000589  0.999999  1.000000  0.000000  0.000000  0.000000  1.000000  0.000000  0.000000  0.000000  1.000000  0.999834  0.014271  -0.011357  -0.014276  0.999898  -0.000339  0.011351  0.000501  0.999935  0.000000  0.000000  
24.276922 0.011386  0.093051  -0.005265  0.992377  0.088055  -0.086217  -0.089110  0.995986  -0.008455  0.085127  0.016073  0.996240  0.006429  -0.008975  -0.009959  0.000000  0.000000  0.000000  2.000000  0.999834  0.014271  -0.011357  -0.014276  0.999898  -0.000339  0.011351  0.000501  0.999935  0.999998  0.001628  -0.000829  -0.001628  0.999999  -0.000466  0.000828  0.000468  1.000000  1.000000  0.000000  0.000000  0.000000  1.000000  0.000000  0.000000  0.000000  1.000000  0.999834  0.014271  -0.011357  -0.014276  0.999898  -0.000339  0.011351  0.000501  0.999935  0.000000  0.000000  
24.278172 0.011394  0.093041  -0.005278  0.992359  0.088260  -0.086219  -0.089314  0.995968  -0.008437  0.085127  0.016073  0.996240  0.006368  -0.008884  -0.010078  0.000000  0.000000  0.000000  2.000000  0.999834  0.014271  -0.011357  -0.014276  0.999898  -0.000339  0.011351  0.000501  0.999935  0.999998  0.001630  -0.000695  -0.001630  0.999999  -0.000345  0.000695  0.000346  1.000000  1.000000  0.000000  0.000000  0.000000  1.000000  0.000000  0.000000  0.000000  1.000000  0.999834  0.014271  -0.011357  -0.014276  0.999898  -0.000339  0.011351  0.000501  0.999935  0.000000  0.000000  
24.279172 0.011401  0.093033  -0.005288  0.992359  0.088260  -0.086219  -0.089314  0.995968  -0.008437  0.085127  0.016073  0.996240  0.006360  -0.008769  -0.010132  0.000000  0.000000  0.000000  2.000000  0.999834  0.014271  -0.011357  -0.014276  0.999898  -0.000339  0.011351  0.000501  0.999935  0.999999  0.001632  -0.000561  -0.001632  0.999999  -0.000345  0.000561  0.000346  1.000000  1.000000  0.000000  0.000000  0.000000  1.000000  0.000000  0.000000  0.000000  1.000000  0.999834  0.014271  -0.011357  -0.014276  0.999898  -0.000339  0.011351  0.000501  0.999935  0.000000  0.000000  
24.280178 0.011408  0.093025  -0.005298  0.992341  0.088475  -0.086210  -0.089518  0.995951  -0.008299  0.085127  0.015952  0.996242  0.006375  -0.008665  -0.010179  0.000000  0.000000  0.000000  2.000000  0.999834  0.014271  -0.011357  -0.014276  0.999898  -0.000339  0.011351  0.000501  0.999935  0.999999  0.001634  -0.000428  -0.001634  0.999999  -0.000224  0.000427  0.000224  1.000000  1.000000  0.000000  0.000000  0.000000  1.000000  0.000000  0.000000  0.000000  1.000000  0.999834  0.014271  -0.011357  -0.014276  0.999898  -0.000339  0.011351  0.000501  0.999935  0.000000  0.000000  
24.281424 0.011418  0.093015  -0.005311  0.992322  0.088680  -0.086212  -0.089723  0.995932  -0.008281  0.085127  0.015952  0.996242  0.006525  -0.008503  -0.010197  0.000000  0.000000  0.000000  2.000000  0.999834  0.014271  -0.011357  -0.014276  0.999898  -0.000339  0.011351  0.000501  0.999935  0.999998  0.001842  -0.000297  -0.001842  0.999998  -0.000085  0.000297  0.000085  1.000000  1.000000  0.000000  0.000000  0.000000  1.000000  0.000000  0.000000  0.000000  1.000000  0.999834  0.014271  -0.011357  -0.014276  0.999898  -0.000339  0.011351  0.000501  0.999935  0.000000  0.000000  
24.282425 0.011426  0.093008  -0.005322  0.992304  0.088885  -0.086213  -0.089927  0.995914  -0.008263  0.085127  0.015952  0.996242  0.006659  -0.008355  -0.010236  0.000000  0.000000  0.000000  2.000000  0.999834  0.014271  -0.011357  -0.014276  0.999898  -0.000339  0.011351  0.000501  0.999935  0.999998  0.001844  -0.000163  -0.001844  0.999998  0.000036  0.000163  -0.000036  1.000000  1.000000  0.000000  0.000000  0.000000  1.000000  0.000000  0.000000  0.000000  1.000000  0.999834  0.014271  -0.011357  -0.014276  0.999898  -0.000339  0.011351  0.000501  0.999935  0.000000  0.000000  
24.283433 0.011434  0.093000  -0.005334  0.992304  0.088885  -0.086213  -0.089927  0.995914  -0.008263  0.085127  0.015952  0.996242  0.006829  -0.008202  -0.010343  0.000000  0.000000  0.000000  2.000000  0.999834  0.014271  -0.011357  -0.014276  0.999898  -0.000339  0.011351  0.000501  0.999935  0.999998  0.001844  -0.000163  -0.001844  0.999998  0.000036  0.000163  -0.000036  1.000000  1.000000  0.000000  0.000000  0.000000  1.000000  0.000000  0.000000  0.000000  1.000000  0.999834  0.014271  -0.011357  -0.014276  0.999898  -0.000339  0.011351  0.000501  0.999935  0.000000  0.000000  
24.284703 0.011444  0.092990  -0.005350  0.992296  0.089103  -0.086071  -0.090132  0.995897  -0.008137  0.084993  0.015832  0.996256  0.006969  -0.008139  -0.010551  0.000000  0.000000  0.000000  2.000000  0.999834  0.014271  -0.011357  -0.014276  0.999898  -0.000339  0.011351  0.000501  0.999935  0.999998  0.002053  0.000101  -0.002053  0.999998  0.000296  -0.000101  -0.000297  1.000000  1.000000  0.000000  0.000000  0.000000  1.000000  0.000000  0.000000  0.000000  1.000000  0.999834  0.014271  -0.011357  -0.014276  0.999898  -0.000339  0.011351  0.000501  0.999935  0.000000  0.000000  
24.285928 0.011454  0.092981  -0.005365  0.992278  0.089308  -0.086073  -0.090336  0.995878  -0.008119  0.084993  0.015832  0.996256  0.007190  -0.007996  -0.010809  0.000000  0.000000  0.000000  2.000000  0.999834  0.014271  -0.011357  -0.014276  0.999898  -0.000339  0.011351  0.000501  0.999935  0.999998  0.002053  0.000101  -0.002053  0.999998  0.000296  -0.000101  -0.000297  1.000000  1.000000  0.000000  0.000000  0.000000  1.000000  0.000000  0.000000  0.000000  1.000000  0.999834  0.014271  -0.011357  -0.014276  0.999898  -0.000339  0.011351  0.000501  0.999935  0.000000  0.000000  
24.286939 0.011463  0.092974  -0.005378  0.992259  0.089524  -0.086064  -0.090541  0.995861  -0.007980  0.084993  0.015711  0.996258  0.007334  -0.007938  -0.011023  0.000000  0.000000  0.000000  2.000000  0.999834  0.014271  -0.011357  -0.014276  0.999898  -0.000339  0.011351  0.000501  0.999935  0.999997  0.002258  0.000098  -0.002258  0.999997  0.000435  -0.000097  -0.000435  1.000000  1.000000  0.000000  0.000000  0.000000  1.000000  0.000000  0.000000  0.000000  1.000000  0.999834  0.014271  -0.011357  -0.014276  0.999898  -0.000339  0.011351  0.000501  0.999935  0.000000  0.000000  
24.288182 0.011474  0.092965  -0.005396  0.992229  0.089726  -0.086198  -0.090744  0.995843  -0.007951  0.085127  0.015711  0.996246  0.007573  -0.007878  -0.011375  0.000000  0.000000  0.000000  2.000000  0.999834  0.014271  -0.011357  -0.014276  0.999898  -0.000339  0.011351  0.000501  0.999935  0.999997  0.002256  -0.000035  -0.002256  0.999997  0.000557  0.000037  -0.000557  1.000000  1.000000  0.000000  0.000000  0.000000  1.000000  0.000000  0.000000  0.000000  1.000000  0.999834  0.014271  -0.011357  -0.014276  0.999898  -0.000339  0.011351  0.000501  0.999935  0.000000  0.000000  
24.289443 0.011485  0.092955  -0.005414  0.992229  0.089737  -0.086187  -0.090744  0.995843  -0.007830  0.085127  0.015590  0.996248  0.007784  -0.007756  -0.011734  0.000000  0.000000  0.000000  2.000000  0.999834  0.014271  -0.011357  -0.014276  0.999898  -0.000339  0.011351  0.000501  0.999935  0.999997  0.002461  -0.000038  -0.002461  0.999997  0.000696  0.000040  -0.000695  1.000000  1.000000  0.000000  0.000000  0.000000  1.000000  0.000000  0.000000  0.000000  1.000000  0.999834  0.014271  -0.011357  -0.014276  0.999898  -0.000339  0.011351  0.000501  0.999935  0.000000  0.000000  
24.290689 0.011497  0.092946  -0.005432  0.992211  0.089942  -0.086189  -0.090948  0.995825  -0.007812  0.085127  0.015590  0.996248  0.008003  -0.007686  -0.012040  0.000000  0.000000  0.000000  2.000000  0.999834  0.014271  -0.011357  -0.014276  0.999898  -0.000339  0.011351  0.000501  0.999935  0.999997  0.002461  -0.000038  -0.002461  0.999997  0.000696  0.000040  -0.000695  1.000000  1.000000  0.000000  0.000000  0.000000  1.000000  0.000000  0.000000  0.000000  1.000000  0.999834  0.014271  -0.011357  -0.014276  0.999898  -0.000339  0.011351  0.000501  0.999935  0.000000  0.000000  
