1-Time 2-Px 3-Py 4-Pz 5-R11 6-R21 7-R31 8-R12 9-R22 10-R32 11-R13 12-R23 13-R33 14-Vx 15-Vy 16-Vz 17-Wx 18-Wy 19-Wz 20-state 21-PR11 22-PR21 23-PR31 24-PR12 25-PR22 26-PR32 27-PR13 28-PR23 29-PR33 
300.145722 0.006320  0.096194  -0.019382  0.999838  -0.017950  0.001131  0.001441  0.142617  0.989777  -0.017928  -0.989615  0.142619  0.000145  0.000504  0.001951  0.008127  -0.200708  0.110749  2.000000  1.000000  0.000000  0.000000  0.000000  -0.000000  1.000000  0.000000  -1.000000  -0.000000  0.999987  0.002294  0.004660  -0.002295  0.999997  0.000144  -0.004660  -0.000155  0.999989  1.000000  0.000000  0.000000  0.000000  1.000000  0.000000  0.000000  0.000000  1.000000  0.497546  0.547976  0.672437  -0.512647  -0.439583  0.737536  0.699744  -0.711681  0.062206  0.000056  0.000000  
300.146727 0.006320  0.096195  -0.019379  0.999839  -0.017921  0.001335  0.001235  0.142620  0.989777  -0.017928  -0.989615  0.142619  0.000188  0.000516  0.002010  0.008141  -0.201347  0.106296  2.000000  1.000000  0.000000  0.000000  0.000000  -0.000000  1.000000  0.000000  -1.000000  -0.000000  0.999986  0.002426  0.004641  -0.002427  0.999997  0.000144  -0.004641  -0.000155  0.999989  1.000000  0.000000  0.000000  0.000000  1.000000  0.000000  0.000000  0.000000  1.000000  1.000000  0.000000  0.000000  0.000000  -0.000000  1.000000  0.000000  -1.000000  -0.000000  0.000059  0.000000  
300.147728 0.006322  0.096195  -0.019377  0.999841  -0.017730  0.001723  0.000823  0.142628  0.989776  -0.017794  -0.989618  0.142620  0.000308  0.000529  0.002092  0.003815  -0.214375  0.112694  2.000000  1.000000  0.000000  0.000000  0.000000  -0.000000  1.000000  0.000000  -1.000000  -0.000000  0.999985  0.002456  0.004845  -0.002457  0.999997  0.000141  -0.004845  -0.000152  0.999988  1.000000  0.000000  0.000000  0.000000  1.000000  0.000000  0.000000  0.000000  1.000000  1.000000  0.000000  0.000000  0.000000  -0.000000  1.000000  0.000000  -1.000000  -0.000000  0.000061  0.000000  
300.148976 0.006323  0.096196  -0.019374  0.999844  -0.017538  0.002114  0.000412  0.142755  0.989758  -0.017661  -0.989603  0.142740  0.000422  0.000533  0.002139  -0.000361  -0.221247  0.113711  2.000000  1.000000  0.000031  0.000063  -0.000063  -0.000000  1.000000  0.000031  -1.000000  -0.000000  0.999984  0.002486  0.005048  -0.002486  0.999997  0.000016  -0.005048  -0.000028  0.999987  1.000000  0.000031  0.000063  -0.000031  1.000000  0.000000  -0.000063  -0.000000  1.000000  1.000000  0.000031  0.000063  -0.000063  -0.000000  1.000000  0.000031  -1.000000  -0.000000  0.000062  0.005627  
300.149984 0.006325  0.096197  -0.019371  0.999844  -0.017509  0.002317  0.000206  0.142759  0.989757  -0.017661  -0.989603  0.142740  0.000539  0.000577  0.002248  -0.000361  -0.221167  0.113670  2.000000  1.000000  0.000124  0.000252  -0.000252  -0.000001  1.000000  0.000124  -1.000000  -0.000001  0.999984  0.002486  0.005048  -0.002486  0.999997  0.000016  -0.005048  -0.000028  0.999987  1.000000  0.000031  0.000063  -0.000031  1.000000  0.000000  -0.000063  -0.000000  1.000000  1.000000  0.000124  0.000252  -0.000252  -0.000001  1.000000  0.000124  -1.000000  -0.000001  0.000062  0.005627  
300.151228 0.006328  0.096198  -0.019367  0.999846  -0.017317  0.002708  -0.000206  0.142886  0.989739  -0.017527  -0.989588  0.142860  0.000721  0.000645  0.002371  -0.004536  -0.228068  0.114703  2.000000  1.000000  0.000155  0.000316  -0.000316  0.000000  1.000000  0.000155  -1.000000  0.000000  0.999985  0.002457  0.004844  -0.002456  0.999997  -0.000222  -0.004845  0.000210  0.999988  1.000000  0.000000  0.000000  0.000000  1.000000  0.000000  0.000000  0.000000  1.000000  1.000000  0.000155  0.000316  -0.000316  0.000000  1.000000  0.000155  -1.000000  0.000000  0.000062  0.000000  
300.152230 0.006330  0.096200  -0.019364  0.999849  -0.017156  0.002893  -0.000412  0.142889  0.989739  -0.017393  -0.989590  0.142861  0.000912  0.000711  0.002454  -0.004519  -0.227412  0.119146  2.000000  1.000000  0.000218  0.000442  -0.000442  0.000006  1.000000  0.000218  -1.000000  0.000006  0.999984  0.002486  0.005048  -0.002485  0.999997  -0.000225  -0.005049  0.000213  0.999987  1.000000  0.000031  0.000063  -0.000031  1.000000  -0.000003  -0.000063  0.000003  1.000000  1.000000  0.000218  0.000442  -0.000442  0.000006  1.000000  0.000218  -1.000000  0.000006  0.000066  0.005632  
300.153482 0.006334  0.096201  -0.019361  0.999853  -0.016832  0.003264  -0.000823  0.143016  0.989720  -0.017125  -0.989577  0.142981  0.001153  0.000780  0.002524  -0.008675  -0.233608  0.124599  2.000000  1.000000  0.000348  0.000699  -0.000699  0.000021  1.000000  0.000348  -1.000000  0.000021  0.999983  0.002649  0.005232  -0.002647  0.999996  -0.000351  -0.005233  0.000337  0.999986  1.000000  0.000033  0.000065  -0.000033  1.000000  -0.000004  -0.000065  0.000004  1.000000  1.000000  0.000348  0.000699  -0.000699  0.000021  1.000000  0.000348  -1.000000  0.000021  0.000067  0.005875  
300.154732 0.006338  0.096202  -0.019357  0.999855  -0.016610  0.003858  -0.001441  0.143147  0.989700  -0.016992  -0.989562  0.143102  0.001414  0.000824  0.002566  -0.012986  -0.246603  0.131016  2.000000  0.999999  0.000521  0.001032  -0.001032  0.000047  0.999999  0.000521  -1.000000  0.000048  0.999981  0.002811  0.005417  -0.002809  0.999996  -0.000475  -0.005418  0.000460  0.999985  1.000000  0.000035  0.000068  -0.000035  1.000000  -0.000006  -0.000068  0.000006  1.000000  0.999999  0.000521  0.001032  -0.001032  0.000047  0.999999  0.000521  -1.000000  0.000048  0.000070  0.006121  
300.155982 0.006343  0.096204  -0.019354  0.999858  -0.016286  0.004229  -0.001853  0.143273  0.989681  -0.016724  -0.989549  0.143222  0.001656  0.000914  0.002592  -0.017135  -0.252798  0.136471  2.000000  0.999999  0.000698  0.001368  -0.001368  0.000077  0.999999  0.000698  -1.000000  0.000078  0.999981  0.002945  0.005397  -0.002941  0.999995  -0.000596  -0.005399  0.000580  0.999985  1.000000  0.000037  0.000067  -0.000037  1.000000  -0.000007  -0.000067  0.000007  1.000000  0.999999  0.000698  0.001368  -0.001368  0.000077  0.999999  0.000698  -1.000000  0.000078  0.000072  0.006176  
300.157227 0.006346  0.096206  -0.019352  0.999860  -0.016094  0.004620  -0.002264  0.143399  0.989662  -0.016590  -0.989534  0.143343  0.001888  0.000975  0.002522  -0.021304  -0.259693  0.137506  2.000000  0.999998  0.000878  0.001706  -0.001706  0.000114  0.999999  0.000878  -1.000000  0.000115  0.999981  0.002945  0.005397  -0.002941  0.999995  -0.000595  -0.005399  0.000579  0.999985  1.000000  0.000037  0.000067  -0.000037  1.000000  -0.000007  -0.000067  0.000007  1.000000  0.999998  0.000878  0.001706  -0.001706  0.000114  0.999999  0.000878  -1.000000  0.000115  0.000074  0.006176  
300.158232 0.006349  0.096208  -0.019350  0.999861  -0.015903  0.005008  -0.002676  0.143406  0.989660  -0.016456  -0.989536  0.143343  0.002058  0.001033  0.002500  -0.021405  -0.265839  0.142916  2.000000  0.999998  0.001028  0.001978  -0.001978  0.000149  0.999998  0.001027  -0.999999  0.000151  0.999981  0.002945  0.005397  -0.002941  0.999995  -0.000715  -0.005399  0.000700  0.999985  1.000000  0.000037  0.000067  -0.000037  1.000000  -0.000009  -0.000067  0.000009  1.000000  0.999998  0.001028  0.001978  -0.001978  0.000149  0.999998  0.001027  -0.999999  0.000151  0.000076  0.006189  
300.159477 0.006354  0.096209  -0.019349  0.999864  -0.015549  0.005583  -0.003293  0.143535  0.989640  -0.016189  -0.989523  0.143464  0.002341  0.001096  0.002419  -0.025675  -0.278927  0.149388  2.000000  0.999997  0.001223  0.002335  -0.002335  0.000204  0.999997  0.001223  -0.999999  0.000207  0.999978  0.003270  0.005766  -0.003264  0.999994  -0.000966  -0.005769  0.000947  0.999983  1.000000  0.000041  0.000072  -0.000041  1.000000  -0.000012  -0.000072  0.000012  1.000000  0.999997  0.001223  0.002335  -0.002335  0.000204  0.999997  0.001223  -0.999999  0.000207  0.000078  0.006697  
300.160480 0.006358  0.096211  -0.019347  0.999866  -0.015223  0.005955  -0.003705  0.143780  0.989603  -0.015921  -0.989493  0.143704  0.002562  0.001158  0.002387  -0.033892  -0.285137  0.154877  2.000000  0.999996  0.001386  0.002631  -0.002631  0.000256  0.999997  0.001385  -0.999999  0.000260  0.999977  0.003300  0.005969  -0.003294  0.999994  -0.001090  -0.005972  0.001071  0.999982  1.000000  0.000041  0.000075  -0.000041  1.000000  -0.000014  -0.000075  0.000014  1.000000  0.999996  0.001386  0.002631  -0.002631  0.000256  0.999997  0.001385  -0.999999  0.000260  0.000080  0.006905  
300.161728 0.006362  0.096213  -0.019345  0.999867  -0.015031  0.006346  -0.004117  0.143906  0.989583  -0.015788  -0.989477  0.143825  0.002806  0.001217  0.002280  -0.042019  -0.284453  0.159305  2.000000  0.999994  0.001560  0.002933  -0.002933  0.000317  0.999996  0.001559  -0.999999  0.000322  0.999975  0.003464  0.006152  -0.003455  0.999993  -0.001336  -0.006157  0.001315  0.999980  1.000000  0.000043  0.000077  -0.000043  1.000000  -0.000017  -0.000077  0.000017  1.000000  0.999994  0.001560  0.002933  -0.002933  0.000317  0.999996  0.001559  -0.999999  0.000322  0.000082  0.007184  
300.162983 0.006367  0.096215  -0.019343  0.999868  -0.014676  0.006922  -0.004734  0.144154  0.989544  -0.015520  -0.989446  0.144065  0.003006  0.001325  0.002231  -0.050345  -0.297457  0.165760  2.000000  0.999993  0.001783  0.003319  -0.003320  0.000404  0.999994  0.001782  -0.999998  0.000410  0.999975  0.003597  0.006133  -0.003588  0.999993  -0.001456  -0.006138  0.001434  0.999980  1.000000  0.000045  0.000077  -0.000045  1.000000  -0.000018  -0.000077  0.000018  1.000000  0.999993  0.001783  0.003319  -0.003320  0.000404  0.999994  0.001782  -0.999998  0.000410  0.000084  0.007255  
300.164227 0.006372  0.096218  -0.019340  0.999869  -0.014321  0.007496  -0.005352  0.144282  0.989522  -0.015252  -0.989433  0.144186  0.003215  0.001463  0.002186  -0.054607  -0.310564  0.172252  2.000000  0.999991  0.002016  0.003719  -0.003720  0.000504  0.999993  0.002014  -0.999998  0.000512  0.999972  0.003790  0.006520  -0.003779  0.999991  -0.001707  -0.006526  0.001682  0.999977  1.000000  0.000047  0.000082  -0.000047  1.000000  -0.000021  -0.000082  0.000021  1.000000  0.999991  0.002016  0.003719  -0.003720  0.000504  0.999993  0.002014  -0.999998  0.000512  0.000088  0.007730  
300.165227 0.006376  0.096220  -0.019338  0.999869  -0.014127  0.007888  -0.005764  0.144527  0.989484  -0.015119  -0.989400  0.144426  0.003375  0.001566  0.002113  -0.062718  -0.310558  0.172298  2.000000  0.999989  0.002209  0.004055  -0.004057  0.000593  0.999992  0.002206  -0.999997  0.000602  0.999968  0.003983  0.006908  -0.003970  0.999990  -0.001835  -0.006915  0.001807  0.999974  1.000000  0.000050  0.000086  -0.000050  1.000000  -0.000023  -0.000086  0.000023  1.000000  0.999989  0.002209  0.004055  -0.004057  0.000593  0.999992  0.002206  -0.999997  0.000602  0.000090  0.008179  
300.166228 0.006380  0.096223  -0.019336  0.999867  -0.013905  0.008481  -0.006381  0.144655  0.989462  -0.014985  -0.989385  0.144547  0.003513  0.001618  0.002027  -0.066862  -0.317372  0.173298  2.000000  0.999987  0.002410  0.004406  -0.004407  0.000691  0.999990  0.002407  -0.999997  0.000701  0.999967  0.004014  0.007110  -0.003999  0.999990  -0.002080  -0.007119  0.002052  0.999973  1.000000  0.000050  0.000089  -0.000050  1.000000  -0.000026  -0.000089  0.000026  1.000000  0.999987  0.002410  0.004406  -0.004407  0.000691  0.999990  0.002407  -0.999997  0.000701  0.000092  0.008423  
300.167232 0.006385  0.096226  -0.019334  0.999869  -0.013578  0.008853  -0.006793  0.144899  0.989423  -0.014717  -0.989353  0.144787  0.003635  0.001740  0.001956  -0.075077  -0.322870  0.183211  2.000000  0.999985  0.002619  0.004768  -0.004770  0.000798  0.999988  0.002615  -0.999996  0.000810  0.999964  0.004309  0.007275  -0.004294  0.999988  -0.002205  -0.007284  0.002174  0.999971  1.000000  0.000054  0.000091  -0.000054  1.000000  -0.000027  -0.000091  0.000027  1.000000  0.999985  0.002619  0.004768  -0.004770  0.000798  0.999988  0.002615  -0.999996  0.000810  0.000093  0.008734  
300.168484 0.006390  0.096229  -0.019331  0.999870  -0.013251  0.009225  -0.007205  0.145142  0.989385  -0.014450  -0.989322  0.145028  0.003735  0.001868  0.001936  -0.087332  -0.328990  0.188636  2.000000  0.999983  0.002835  0.005136  -0.005139  0.000917  0.999986  0.002831  -0.999996  0.000931  0.999963  0.004341  0.007477  -0.004323  0.999988  -0.002451  -0.007488  0.002418  0.999969  1.000000  0.000054  0.000094  -0.000054  1.000000  -0.000030  -0.000094  0.000030  1.000000  0.999983  0.002835  0.005136  -0.005139  0.000917  0.999986  0.002831  -0.999996  0.000931  0.000096  0.008983  
300.169733 0.006396  0.096232  -0.019328  0.999869  -0.012895  0.009800  -0.007822  0.145388  0.989344  -0.014182  -0.989291  0.145268  0.003859  0.002022  0.001923  -0.095527  -0.335173  0.194125  2.000000  0.999980  0.003063  0.005511  -0.005514  0.001042  0.999984  0.003057  -0.999995  0.001059  0.999962  0.004475  0.007457  -0.004456  0.999987  -0.002571  -0.007468  0.002538  0.999969  1.000000  0.000056  0.000093  -0.000056  1.000000  -0.000032  -0.000093  0.000032  1.000000  0.999980  0.003063  0.005511  -0.005514  0.001042  0.999984  0.003057  -0.999995  0.001059  0.000098  0.009064  
300.170734 0.006400  0.096235  -0.019325  0.999869  -0.012569  0.010170  -0.008234  0.145511  0.989322  -0.013915  -0.989277  0.145389  0.003918  0.002077  0.001962  -0.099559  -0.333882  0.203051  2.000000  0.999977  0.003299  0.005898  -0.005902  0.001177  0.999982  0.003292  -0.999994  0.001197  0.999958  0.004802  0.007824  -0.004780  0.999985  -0.002821  -0.007838  0.002784  0.999965  1.000000  0.000060  0.000098  -0.000060  1.000000  -0.000035  -0.000098  0.000035  1.000000  0.999977  0.003299  0.005898  -0.005902  0.001177  0.999982  0.003292  -0.999994  0.001197  0.000102  0.009599  
300.171983 0.006406  0.096238  -0.019323  0.999868  -0.012212  0.010745  -0.008852  0.145757  0.989281  -0.013647  -0.989245  0.145629  0.004018  0.002157  0.001982  -0.107855  -0.346888  0.209528  2.000000  0.999973  0.003608  0.006398  -0.006403  0.001355  0.999979  0.003600  -0.999993  0.001378  0.999954  0.004996  0.008211  -0.004972  0.999983  -0.002949  -0.008225  0.002908  0.999962  1.000000  0.000062  0.000103  -0.000062  1.000000  -0.000037  -0.000103  0.000037  1.000000  0.999973  0.003608  0.006398  -0.006403  0.001355  0.999979  0.003600  -0.999993  0.001378  0.000104  0.010048  
300.173232 0.006411  0.096241  -0.019321  0.999866  -0.011854  0.011320  -0.009469  0.146002  0.989239  -0.013379  -0.989213  0.145870  0.004082  0.002250  0.001944  -0.116043  -0.353067  0.215021  2.000000  0.999968  0.003931  0.006910  -0.006916  0.001545  0.999975  0.003920  -0.999991  0.001572  0.999951  0.005293  0.008374  -0.005266  0.999981  -0.003194  -0.008391  0.003150  0.999960  1.000000  0.000066  0.000105  -0.000066  1.000000  -0.000040  -0.000105  0.000040  1.000000  0.999968  0.003931  0.006910  -0.006916  0.001545  0.999975  0.003920  -0.999991  0.001572  0.000107  0.010402  
300.174482 0.006416  0.096244  -0.019319  0.999863  -0.011496  0.011895  -0.010087  0.146246  0.989197  -0.013112  -0.989181  0.146110  0.004121  0.002336  0.002000  -0.124332  -0.366078  0.221507  2.000000  0.999963  0.004256  0.007426  -0.007433  0.001742  0.999971  0.004243  -0.999989  0.001774  0.999953  0.005265  0.008169  -0.005238  0.999981  -0.003309  -0.008187  0.003266  0.999961  1.000000  0.000066  0.000102  -0.000066  1.000000  -0.000041  -0.000102  0.000041  1.000000  0.999963  0.004256  0.007426  -0.007433  0.001742  0.999971  0.004243  -0.999989  0.001774  0.000110  0.010260  
300.175726 0.006420  0.096246  -0.019316  0.999862  -0.011167  0.012267  -0.010498  0.146608  0.989139  -0.012844  -0.989132  0.146471  0.004103  0.002362  0.002031  -0.136648  -0.372405  0.227128  2.000000  0.999958  0.004587  0.007944  -0.007953  0.001947  0.999966  0.004572  -0.999988  0.001983  0.999951  0.005297  0.008372  -0.005268  0.999980  -0.003432  -0.008390  0.003387  0.999959  1.000000  0.000066  0.000105  -0.000066  1.000000  -0.000043  -0.000105  0.000043  1.000000  0.999958  0.004587  0.007944  -0.007953  0.001947  0.999966  0.004572  -0.999988  0.001983  0.000114  0.010477  
300.176730 0.006424  0.096248  -0.019315  0.999861  -0.010839  0.012638  -0.010910  0.146850  0.989099  -0.012577  -0.989099  0.146711  0.004102  0.002362  0.002031  -0.144773  -0.371137  0.236111  2.000000  0.999953  0.004855  0.008362  -0.008372  0.002121  0.999963  0.004837  -0.999986  0.002162  0.999951  0.005299  0.008371  -0.005269  0.999980  -0.003552  -0.008389  0.003507  0.999959  1.000000  0.000066  0.000105  -0.000066  1.000000  -0.000044  -0.000105  0.000044  1.000000  0.999953  0.004855  0.008362  -0.008372  0.002121  0.999963  0.004837  -0.999986  0.002162  0.000116  0.010517  
300.177731 0.006427  0.096250  -0.019314  0.999858  -0.010482  0.013211  -0.011528  0.146974  0.989073  -0.012309  -0.989085  0.146832  0.004103  0.002384  0.001985  -0.144863  -0.384055  0.242550  2.000000  0.999950  0.005061  0.008679  -0.008691  0.002258  0.999960  0.005042  -0.999985  0.002302  0.999948  0.005463  0.008553  -0.005431  0.999978  -0.003797  -0.008574  0.003750  0.999956  1.000000  0.000068  0.000107  -0.000068  1.000000  -0.000047  -0.000107  0.000047  1.000000  0.999950  0.005061  0.008679  -0.008691  0.002258  0.999960  0.005042  -0.999985  0.002302  0.000117  0.010828  
300.178983 0.006432  0.096253  -0.019312  0.999856  -0.010152  0.013583  -0.011939  0.147335  0.989015  -0.012042  -0.989035  0.147192  0.004090  0.002352  0.001888  -0.156999  -0.383331  0.247050  2.000000  0.999943  0.005412  0.009220  -0.009233  0.002497  0.999954  0.005389  -0.999982  0.002547  0.999946  0.005629  0.008735  -0.005594  0.999976  -0.004042  -0.008758  0.003992  0.999954  1.000000  0.000070  0.000109  -0.000070  1.000000  -0.000050  -0.000109  0.000050  1.000000  0.999943  0.005412  0.009220  -0.009233  0.002497  0.999954  0.005389  -0.999982  0.002547  0.000120  0.011141  
300.180227 0.006437  0.096256  -0.019310  0.999852  -0.009791  0.014158  -0.012557  0.147697  0.988953  -0.011774  -0.988984  0.147553  0.004063  0.002339  0.001839  -0.167986  -0.393138  0.251538  2.000000  0.999936  0.005767  0.009754  -0.009770  0.002747  0.999948  0.005740  -0.999980  0.002803  0.999948  0.005601  0.008530  -0.005566  0.999976  -0.004157  -0.008553  0.004109  0.999955  1.000000  0.000070  0.000107  -0.000070  1.000000  -0.000052  -0.000107  0.000052  1.000000  0.999936  0.005767  0.009754  -0.009770  0.002747  0.999948  0.005740  -0.999980  0.002803  0.000122  0.011010  
300.181227 0.006441  0.096258  -0.019309  0.999848  -0.009594  0.014547  -0.012969  0.147940  0.988911  -0.011640  -0.988950  0.147793  0.004064  0.002340  0.001839  -0.171977  -0.392389  0.255987  2.000000  0.999930  0.006053  0.010179  -0.010197  0.002956  0.999944  0.006023  -0.999977  0.003017  0.999947  0.005735  0.008509  -0.005699  0.999975  -0.004277  -0.008533  0.004228  0.999955  1.000000  0.000071  0.000107  -0.000071  1.000000  -0.000053  -0.000107  0.000053  1.000000  0.999930  0.006053  0.010179  -0.010197  0.002956  0.999944  0.006023  -0.999977  0.003017  0.000124  0.011108  
300.182230 0.006445  0.096259  -0.019307  0.999846  -0.009265  0.014917  -0.013380  0.148180  0.988870  -0.011373  -0.988917  0.148033  0.004014  0.002263  0.001808  -0.178908  -0.399040  0.260429  2.000000  0.999924  0.006337  0.010599  -0.010620  0.003168  0.999939  0.006303  -0.999975  0.003235  0.999949  0.005708  0.008304  -0.005672  0.999974  -0.004392  -0.008328  0.004345  0.999956  1.000000  0.000071  0.000104  -0.000071  1.000000  -0.000055  -0.000104  0.000055  1.000000  0.999924  0.006337  0.010599  -0.010620  0.003168  0.999939  0.006303  -0.999975  0.003235  0.000126  0.010983  
300.183480 0.006450  0.096262  -0.019305  0.999843  -0.008934  0.015288  -0.013792  0.148540  0.988810  -0.011105  -0.988866  0.148393  0.003994  0.002235  0.001752  -0.188059  -0.398461  0.261558  2.000000  0.999916  0.006695  0.011125  -0.011148  0.003442  0.999932  0.006657  -0.999972  0.003516  0.999947  0.005741  0.008506  -0.005702  0.999974  -0.004514  -0.008531  0.004466  0.999954  1.000000  0.000072  0.000106  -0.000072  1.000000  -0.000056  -0.000106  0.000056  1.000000  0.999916  0.006695  0.011125  -0.011148  0.003442  0.999932  0.006657  -0.999972  0.003516  0.000129  0.011201  
300.184733 0.006455  0.096265  -0.019302  0.999837  -0.008572  0.015862  -0.014410  0.148901  0.988747  -0.010837  -0.988815  0.148754  0.003963  0.002186  0.001778  -0.197706  -0.401806  0.263892  2.000000  0.999909  0.006988  0.011544  -0.011569  0.003669  0.999926  0.006945  -0.999969  0.003750  0.999949  0.005845  0.008280  -0.005807  0.999972  -0.004631  -0.008307  0.004582  0.999955  1.000000  0.000073  0.000104  -0.000073  1.000000  -0.000058  -0.000104  0.000058  1.000000  0.999909  0.006988  0.011544  -0.011569  0.003669  0.999926  0.006945  -0.999969  0.003750  0.000129  0.011134  
300.185982 0.006460  0.096268  -0.019298  0.999836  -0.008110  0.016212  -0.014821  0.149139  0.988705  -0.010436  -0.988783  0.148994  0.003929  0.002142  0.001787  -0.199945  -0.397025  0.270536  2.000000  0.999900  0.007358  0.012065  -0.012094  0.003962  0.999919  0.007310  -0.999965  0.004050  0.999949  0.005848  0.008278  -0.005808  0.999971  -0.004871  -0.008306  0.004823  0.999954  1.000000  0.000073  0.000104  -0.000073  1.000000  -0.000061  -0.000104  0.000061  1.000000  0.999900  0.007358  0.012065  -0.012094  0.003962  0.999919  0.007310  -0.999965  0.004050  0.000131  0.011235  
300.187231 0.006465  0.096270  -0.019295  0.999832  -0.007778  0.016582  -0.015233  0.149498  0.988645  -0.010169  -0.988731  0.149354  0.003893  0.002091  0.001868  -0.209657  -0.400285  0.272898  2.000000  0.999891  0.007735  0.012571  -0.012605  0.004260  0.999911  0.007681  -0.999961  0.004357  0.999949  0.006085  0.008033  -0.006045  0.999969  -0.004987  -0.008063  0.004939  0.999955  1.000000  0.000076  0.000101  -0.000076  1.000000  -0.000062  -0.000101  0.000062  1.000000  0.999891  0.007735  0.012571  -0.012605  0.004260  0.999911  0.007681  -0.999961  0.004357  0.000133  0.011233  
300.188478 0.006469  0.096272  -0.019291  0.999827  -0.007283  0.017135  -0.015851  0.149856  0.988581  -0.009767  -0.988681  0.149715  0.003815  0.002020  0.001952  -0.215998  -0.402419  0.280587  2.000000  0.999882  0.008113  0.013070  -0.013107  0.004562  0.999904  0.008053  -0.999957  0.004668  0.999952  0.005924  0.007848  -0.005886  0.999971  -0.004860  -0.007876  0.004813  0.999957  1.000000  0.000074  0.000098  -0.000074  1.000000  -0.000060  -0.000098  0.000060  1.000000  0.999882  0.008113  0.013070  -0.013107  0.004562  0.999904  0.008053  -0.999957  0.004668  0.000133  0.010958  
300.189485 0.006472  0.096274  -0.019288  0.999823  -0.006952  0.017504  -0.016262  0.150095  0.988538  -0.009500  -0.988647  0.149955  0.003816  0.001954  0.002037  -0.221643  -0.398119  0.286362  2.000000  0.999874  0.008417  0.013465  -0.013506  0.004806  0.999897  0.008352  -0.999953  0.004919  0.999952  0.005927  0.007846  -0.005888  0.999970  -0.004978  -0.007875  0.004932  0.999957  1.000000  0.000074  0.000098  -0.000074  1.000000  -0.000062  -0.000098  0.000062  1.000000  0.999874  0.008417  0.013465  -0.013506  0.004806  0.999897  0.008352  -0.999953  0.004919  0.000133  0.011011  
300.190733 0.006476  0.096275  -0.019284  0.999818  -0.006619  0.017873  -0.016674  0.150453  0.988477  -0.009232  -0.988595  0.150315  0.003725  0.001882  0.002159  -0.229606  -0.391232  0.285459  2.000000  0.999864  0.008799  0.013950  -0.013995  0.005113  0.999889  0.008726  -0.999948  0.005236  0.999951  0.006061  0.007824  -0.006022  0.999969  -0.004976  -0.007854  0.004929  0.999957  1.000000  0.000076  0.000098  -0.000076  1.000000  -0.000062  -0.000098  0.000062  1.000000  0.999864  0.008799  0.013950  -0.013995  0.005113  0.999889  0.008726  -0.999948  0.005236  0.000134  0.011067  
300.191978 0.006479  0.096277  -0.019280  0.999810  -0.006255  0.018445  -0.017292  0.150812  0.988411  -0.008964  -0.988543  0.150675  0.003661  0.001864  0.002297  -0.235810  -0.394794  0.284259  2.000000  0.999854  0.009176  0.014427  -0.014477  0.005428  0.999880  0.009097  -0.999943  0.005560  0.999953  0.006033  0.007618  -0.005994  0.999969  -0.005092  -0.007649  0.005046  0.999958  1.000000  0.000075  0.000095  -0.000075  1.000000  -0.000063  -0.000095  0.000063  1.000000  0.999854  0.009176  0.014427  -0.014477  0.005428  0.999880  0.009097  -0.999943  0.005560  0.000135  0.010961  
300.193229 0.006483  0.096279  -0.019276  0.999805  -0.005922  0.018814  -0.017703  0.151170  0.988349  -0.008697  -0.988490  0.151035  0.003586  0.001819  0.002475  -0.239768  -0.394052  0.288792  2.000000  0.999845  0.009481  0.014811  -0.014866  0.005687  0.999873  0.009396  -0.999939  0.005827  0.999951  0.006067  0.007820  -0.006025  0.999968  -0.005335  -0.007852  0.005288  0.999955  1.000000  0.000076  0.000098  -0.000076  1.000000  -0.000066  -0.000098  0.000066  1.000000  0.999845  0.009481  0.014811  -0.014866  0.005687  0.999873  0.009396  -0.999939  0.005827  0.000136  0.011233  
300.194229 0.006486  0.096280  -0.019274  0.999800  -0.005590  0.019182  -0.018115  0.151407  0.988306  -0.008429  -0.988456  0.151275  0.003507  0.001792  0.002510  -0.241585  -0.390451  0.290294  2.000000  0.999837  0.009788  0.015190  -0.015249  0.005951  0.999866  0.009696  -0.999934  0.006100  0.999952  0.006171  0.007594  -0.006129  0.999966  -0.005452  -0.007627  0.005406  0.999956  1.000000  0.000077  0.000095  -0.000077  1.000000  -0.000068  -0.000095  0.000068  1.000000  0.999837  0.009788  0.015190  -0.015249  0.005951  0.999866  0.009696  -0.999934  0.006100  0.000137  0.011190  
300.195473 0.006490  0.096283  -0.019271  0.999795  -0.005256  0.019551  -0.018527  0.151764  0.988243  -0.008162  -0.988403  0.151635  0.003448  0.001770  0.002605  -0.247539  -0.379750  0.291417  2.000000  0.999826  0.010170  0.015658  -0.015723  0.006289  0.999857  0.010070  -0.999929  0.006448  0.999953  0.006041  0.007612  -0.005999  0.999966  -0.005570  -0.007645  0.005524  0.999956  1.000000  0.000075  0.000095  -0.000075  1.000000  -0.000069  -0.000095  0.000069  1.000000  0.999826  0.010170  0.015658  -0.015723  0.006289  0.999857  0.010070  -0.999929  0.006448  0.000136  0.011190  
300.196474 0.006493  0.096285  -0.019268  0.999789  -0.004922  0.019919  -0.018938  0.152121  0.988180  -0.007894  -0.988350  0.151995  0.003389  0.001748  0.002699  -0.251436  -0.379610  0.291492  2.000000  0.999817  0.010478  0.016031  -0.016100  0.006563  0.999849  0.010371  -0.999924  0.006731  0.999952  0.006175  0.007590  -0.006133  0.999966  -0.005569  -0.007624  0.005522  0.999956  1.000000  0.000077  0.000095  -0.000077  1.000000  -0.000069  -0.000095  0.000069  1.000000  0.999817  0.010478  0.016031  -0.016100  0.006563  0.999849  0.010371  -0.999924  0.006731  0.000136  0.011247  
300.197477 0.006496  0.096287  -0.019265  0.999784  -0.004588  0.020287  -0.019350  0.152477  0.988118  -0.007626  -0.988296  0.152355  0.003358  0.001801  0.002766  -0.257771  -0.376354  0.293408  2.000000  0.999807  0.010788  0.016403  -0.016478  0.006841  0.999841  0.010674  -0.999918  0.007018  0.999952  0.006178  0.007588  -0.006135  0.999965  -0.005688  -0.007623  0.005641  0.999955  1.000000  0.000077  0.000095  -0.000077  1.000000  -0.000071  -0.000095  0.000071  1.000000  0.999807  0.010788  0.016403  -0.016478  0.006841  0.999841  0.010674  -0.999918  0.007018  0.000136  0.011307  
300.198478 0.006499  0.096290  -0.019262  0.999778  -0.004256  0.020654  -0.019762  0.152714  0.988073  -0.007359  -0.988261  0.152595  0.003270  0.001819  0.002837  -0.259334  -0.378816  0.296094  2.000000  0.999798  0.011093  0.016763  -0.016843  0.007124  0.999833  0.010972  -0.999913  0.007309  0.999956  0.005986  0.007199  -0.005944  0.999966  -0.005802  -0.007234  0.005759  0.999957  1.000000  0.000075  0.000090  -0.000075  1.000000  -0.000072  -0.000090  0.000072  1.000000  0.999798  0.011093  0.016763  -0.016843  0.007124  0.999833  0.010972  -0.999913  0.007309  0.000136  0.011003  
300.199727 0.006504  0.096293  -0.019260  0.999771  -0.003918  0.021022  -0.020173  0.153189  0.987991  -0.007091  -0.988189  0.153075  0.003221  0.001839  0.002804  -0.267237  -0.371922  0.295209  2.000000  0.999786  0.011477  0.017209  -0.017296  0.007477  0.999822  0.011346  -0.999906  0.007674  0.999956  0.006121  0.007177  -0.006079  0.999965  -0.005800  -0.007212  0.005756  0.999957  1.000000  0.000076  0.000090  -0.000076  1.000000  -0.000072  -0.000090  0.000072  1.000000  0.999786  0.011477  0.017209  -0.017296  0.007477  0.999822  0.011346  -0.999906  0.007674  0.000138  0.011061  
300.200732 0.006507  0.096295  -0.019257  0.999765  -0.003585  0.021388  -0.020585  0.153425  0.987946  -0.006824  -0.988154  0.153315  0.003144  0.001858  0.002806  -0.271134  -0.371819  0.295236  2.000000  0.999779  0.011711  0.017479  -0.017570  0.007696  0.999816  0.011575  -0.999902  0.007900  0.999953  0.006287  0.007357  -0.006242  0.999962  -0.006044  -0.007395  0.005997  0.999955  1.000000  0.000078  0.000092  -0.000078  1.000000  -0.000075  -0.000092  0.000075  1.000000  0.999779  0.011711  0.017479  -0.017570  0.007696  0.999816  0.011575  -0.999902  0.007900  0.000138  0.011398  
300.201983 0.006510  0.096298  -0.019254  0.999754  -0.003216  0.021959  -0.021203  0.153901  0.987859  -0.006556  -0.988081  0.153795  0.003093  0.001877  0.002771  -0.277278  -0.367936  0.296807  2.000000  0.999766  0.012104  0.017928  -0.018027  0.008063  0.999805  0.011957  -0.999894  0.008280  0.999955  0.006258  0.007152  -0.006215  0.999962  -0.006039  -0.007189  0.005994  0.999956  1.000000  0.000078  0.000090  -0.000078  1.000000  -0.000075  -0.000090  0.000075  1.000000  0.999766  0.012104  0.017928  -0.018027  0.008063  0.999805  0.011957  -0.999894  0.008280  0.000137  0.011248  
300.203231 0.006514  0.096300  -0.019249  0.999743  -0.002716  0.022508  -0.021820  0.154254  0.987790  -0.006155  -0.988028  0.154155  0.003053  0.001927  0.002832  -0.283010  -0.370948  0.299888  2.000000  0.999753  0.012498  0.018382  -0.018488  0.008435  0.999793  0.012341  -0.999886  0.008664  0.999953  0.006292  0.007353  -0.006248  0.999962  -0.006039  -0.007390  0.005993  0.999955  1.000000  0.000078  0.000092  -0.000078  1.000000  -0.000075  -0.000092  0.000075  1.000000  0.999753  0.012498  0.018382  -0.018488  0.008435  0.999793  0.012341  -0.999886  0.008664  0.000138  0.011395  
300.204478 0.006518  0.096303  -0.019246  0.999736  -0.002377  0.022875  -0.022232  0.154728  0.987707  -0.005887  -0.987954  0.154634  0.003005  0.001970  0.002829  -0.290952  -0.364093  0.299022  2.000000  0.999739  0.012897  0.018835  -0.018950  0.008813  0.999782  0.012728  -0.999878  0.009055  0.999955  0.006264  0.007146  -0.006220  0.999962  -0.006155  -0.007185  0.006110  0.999956  1.000000  0.000078  0.000090  -0.000078  1.000000  -0.000077  -0.000090  0.000077  1.000000  0.999739  0.012897  0.018835  -0.018950  0.008813  0.999782  0.012728  -0.999878  0.009055  0.000138  0.011310  
300.205733 0.006521  0.096305  -0.019241  0.999729  -0.001908  0.023220  -0.022644  0.155080  0.987642  -0.005486  -0.987900  0.154994  0.003006  0.002023  0.002841  -0.293075  -0.360086  0.300528  2.000000  0.999726  0.013293  0.019278  -0.019401  0.009191  0.999770  0.013113  -0.999869  0.009447  0.999955  0.006267  0.007143  -0.006223  0.999961  -0.006274  -0.007182  0.006229  0.999955  1.000000  0.000078  0.000090  -0.000078  1.000000  -0.000078  -0.000090  0.000078  1.000000  0.999726  0.013293  0.019278  -0.019401  0.009191  0.999770  0.013113  -0.999869  0.009447  0.000140  0.011375  
300.206984 0.006525  0.096308  -0.019237  0.999716  -0.001405  0.023769  -0.023261  0.155551  0.987554  -0.005084  -0.987827  0.155474  0.003025  0.002127  0.002864  -0.301288  -0.359531  0.305301  2.000000  0.999712  0.013691  0.019723  -0.019855  0.009579  0.999757  0.013499  -0.999860  0.009848  0.999955  0.006270  0.007141  -0.006224  0.999960  -0.006392  -0.007181  0.006347  0.999954  1.000000  0.000078  0.000090  -0.000078  1.000000  -0.000080  -0.000090  0.000080  1.000000  0.999712  0.013691  0.019723  -0.019855  0.009579  0.999757  0.013499  -0.999860  0.009848  0.000139  0.011440  
300.208233 0.006528  0.096311  -0.019233  0.999708  -0.001065  0.024134  -0.023673  0.156024  0.987470  -0.004817  -0.987753  0.155953  0.002986  0.002144  0.002867  -0.305090  -0.359202  0.305285  2.000000  0.999697  0.014096  0.020171  -0.020313  0.009972  0.999744  0.013891  -0.999851  0.010255  0.999952  0.006438  0.007321  -0.006390  0.999958  -0.006513  -0.007362  0.006466  0.999952  1.000000  0.000080  0.000092  -0.000080  1.000000  -0.000081  -0.000092  0.000081  1.000000  0.999697  0.014096  0.020171  -0.020313  0.009972  0.999744  0.013891  -0.999851  0.010255  0.000141  0.011711  
300.209478 0.006532  0.096314  -0.019230  0.999695  -0.000560  0.024682  -0.024290  0.156494  0.987380  -0.004415  -0.987679  0.156433  0.003037  0.002202  0.002946  -0.309038  -0.358397  0.309888  2.000000  0.999685  0.014421  0.020531  -0.020681  0.010297  0.999733  0.014206  -0.999843  0.010592  0.999952  0.006441  0.007317  -0.006392  0.999957  -0.006754  -0.007361  0.006707  0.999950  1.000000  0.000080  0.000092  -0.000080  1.000000  -0.000084  -0.000092  0.000084  1.000000  0.999685  0.014421  0.020531  -0.020681  0.010297  0.999733  0.014206  -0.999843  0.010592  0.000140  0.011846  
300.210731 0.006536  0.096317  -0.019227  0.999686  -0.000219  0.025047  -0.024702  0.156967  0.987295  -0.004148  -0.987604  0.156912  0.003036  0.002223  0.002899  -0.317055  -0.358252  0.309990  2.000000  0.999670  0.014831  0.020984  -0.021144  0.010711  0.999719  0.014602  -0.999833  0.011021  0.999952  0.006445  0.007314  -0.006395  0.999956  -0.006872  -0.007358  0.006825  0.999950  1.000000  0.000080  0.000092  -0.000080  1.000000  -0.000086  -0.000092  0.000086  1.000000  0.999670  0.014831  0.020984  -0.021144  0.010711  0.999719  0.014602  -0.999833  0.011021  0.000143  0.011914  
300.211979 0.006541  0.096320  -0.019224  0.999672  0.000284  0.025593  -0.025319  0.157316  0.987224  -0.003746  -0.987548  0.157272  0.003097  0.002300  0.002892  -0.316986  -0.357527  0.314629  2.000000  0.999654  0.015243  0.021435  -0.021606  0.011131  0.999705  0.015000  -0.999822  0.011457  0.999952  0.006448  0.007311  -0.006397  0.999955  -0.006991  -0.007356  0.006944  0.999949  1.000000  0.000080  0.000092  -0.000080  1.000000  -0.000087  -0.000092  0.000087  1.000000  0.999654  0.015243  0.021435  -0.021606  0.011131  0.999705  0.015000  -0.999822  0.011457  0.000143  0.011983  
300.213228 0.006546  0.096324  -0.019220  0.999658  0.000658  0.026161  -0.025937  0.157788  0.987132  -0.003479  -0.987473  0.157751  0.003158  0.002302  0.002843  -0.322381  -0.361224  0.313192  2.000000  0.999638  0.015659  0.021888  -0.022070  0.011555  0.999690  0.015402  -0.999811  0.011896  0.999952  0.006583  0.007288  -0.006533  0.999955  -0.006867  -0.007333  0.006819  0.999950  1.000000  0.000082  0.000091  -0.000082  1.000000  -0.000086  -0.000091  0.000086  1.000000  0.999638  0.015659  0.021888  -0.022070  0.011555  0.999690  0.015402  -0.999811  0.011896  0.000144  0.011970  
300.214228 0.006550  0.096327  -0.019218  0.999648  0.000996  0.026525  -0.026348  0.158140  0.987065  -0.003211  -0.987416  0.158111  0.003219  0.002379  0.002837  -0.322526  -0.361395  0.313571  2.000000  0.999625  0.015992  0.022249  -0.022440  0.011899  0.999677  0.015722  -0.999801  0.012253  0.999952  0.006587  0.007285  -0.006535  0.999953  -0.007107  -0.007331  0.007060  0.999948  1.000000  0.000082  0.000091  -0.000082  1.000000  -0.000089  -0.000091  0.000089  1.000000  0.999625  0.015992  0.022249  -0.022440  0.011899  0.999677  0.015722  -0.999801  0.012253  0.000145  0.012109  
300.215476 0.006555  0.096331  -0.019216  0.999638  0.001474  0.026867  -0.026760  0.158728  0.986960  -0.002810  -0.987321  0.158710  0.003276  0.002418  0.002773  -0.334365  -0.360399  0.317978  2.000000  0.999608  0.016409  0.022704  -0.022907  0.012332  0.999662  0.016124  -0.999789  0.012703  0.999950  0.006623  0.007485  -0.006569  0.999952  -0.007228  -0.007532  0.007179  0.999946  1.000000  0.000082  0.000094  -0.000082  1.000000  -0.000090  -0.000094  0.000090  1.000000  0.999608  0.016409  0.022704  -0.022907  0.012332  0.999662  0.016124  -0.999789  0.012703  0.000146  0.012320  
300.216729 0.006560  0.096335  -0.019213  0.999622  0.001849  0.027433  -0.027377  0.159198  0.986867  -0.002542  -0.987245  0.159189  0.003355  0.002469  0.002736  -0.338257  -0.366952  0.319106  2.000000  0.999590  0.016830  0.023157  -0.023374  0.012774  0.999645  0.016529  -0.999777  0.013162  0.999952  0.006594  0.007278  -0.006540  0.999952  -0.007345  -0.007326  0.007297  0.999947  1.000000  0.000082  0.000091  -0.000082  1.000000  -0.000092  -0.000091  0.000092  1.000000  0.999590  0.016830  0.023157  -0.023374  0.012774  0.999645  0.016529  -0.999777  0.013162  0.000147  0.012249  
300.217982 0.006565  0.096338  -0.019211  0.999612  0.002325  0.027774  -0.027789  0.159665  0.986780  -0.002141  -0.987168  0.159668  0.003462  0.002579  0.002632  -0.344888  -0.362977  0.320800  2.000000  0.999576  0.017171  0.023526  -0.023753  0.013135  0.999632  0.016855  -0.999766  0.013537  0.999950  0.006630  0.007478  -0.006574  0.999951  -0.007465  -0.007527  0.007416  0.999944  1.000000  0.000083  0.000094  -0.000083  1.000000  -0.000093  -0.000094  0.000093  1.000000  0.999576  0.017171  0.023526  -0.023753  0.013135  0.999632  0.016855  -0.999766  0.013537  0.000148  0.012460  
300.219232 0.006570  0.096342  -0.019208  0.999595  0.002833  0.028318  -0.028406  0.160131  0.986687  -0.001739  -0.987092  0.160147  0.003552  0.002629  0.002556  -0.346014  -0.365962  0.323799  2.000000  0.999557  0.017603  0.023988  -0.024228  0.013594  0.999614  0.017270  -0.999753  0.014015  0.999949  0.006766  0.007454  -0.006709  0.999949  -0.007584  -0.007505  0.007534  0.999943  1.000000  0.000084  0.000093  -0.000084  1.000000  -0.000094  -0.000093  0.000094  1.000000  0.999557  0.017603  0.023988  -0.024228  0.013594  0.999614  0.017270  -0.999753  0.014015  0.000149  0.012589  
300.220477 0.006575  0.096345  -0.019206  0.999584  0.003177  0.028680  -0.028818  0.160601  0.986599  -0.001472  -0.987014  0.160626  0.003645  0.002703  0.002436  -0.353933  -0.359766  0.318466  2.000000  0.999538  0.018042  0.024453  -0.024708  0.014059  0.999596  0.017691  -0.999738  0.014498  0.999947  0.006934  0.007632  -0.006877  0.999948  -0.007584  -0.007684  0.007531  0.999942  1.000000  0.000086  0.000096  -0.000086  1.000000  -0.000094  -0.000096  0.000094  1.000000  0.999538  0.018042  0.024453  -0.024708  0.014059  0.999596  0.017691  -0.999738  0.014498  0.000150  0.012785  
300.221732 0.006580  0.096349  -0.019202  0.999566  0.003686  0.029223  -0.029435  0.161066  0.986505  -0.001070  -0.986937  0.161105  0.003766  0.002780  0.002379  -0.356703  -0.361865  0.325700  2.000000  0.999519  0.018476  0.024911  -0.025181  0.014525  0.999577  0.018107  -0.999724  0.014983  0.999949  0.006774  0.007446  -0.006717  0.999948  -0.007700  -0.007498  0.007650  0.999943  1.000000  0.000084  0.000093  -0.000084  1.000000  -0.000096  -0.000093  0.000096  1.000000  0.999519  0.018476  0.024911  -0.025181  0.014525  0.999577  0.018107  -0.999724  0.014983  0.000150  0.012659  
