1-Time 2-Px 3-Py 4-Pz 5-R11 6-R21 7-R31 8-R12 9-R22 10-R32 11-R13 12-R23 13-R33 14-Vx 15-Vy 16-Vz 17-Wx 18-Wy 19-Wz 20-state 21-PR11 22-PR21 23-PR31 24-PR12 25-PR22 26-PR32 27-PR13 28-PR23 29-PR33 
101.056090 0.012738  0.096409  -0.019075  0.994698  0.081877  -0.062229  -0.080036  0.996293  0.031532  0.064580  -0.026384  0.997564  -0.000009  -0.000058  -0.000053  0.000000  0.000000  0.000000  2.000000  1.000000  0.000000  0.000000  -0.000000  1.000000  0.000000  0.000000  -0.000000  1.000000  0.999996  -0.002684  0.000465  0.002684  0.999996  -0.000173  -0.000464  0.000174  1.000000  1.000000  0.000000  0.000000  0.000000  1.000000  0.000000  0.000000  0.000000  1.000000  0.484978  0.302985  0.820363  -0.481193  0.875748  -0.038972  -0.730239  -0.375853  0.570513  0.000000  0.000000  
101.057095 0.012738  0.096410  -0.019075  0.994706  0.081874  -0.062096  -0.080037  0.996293  0.031522  0.064446  -0.026385  0.997572  0.000021  -0.000028  -0.000031  0.000000  0.000000  0.000000  2.000000  1.000000  0.000000  0.000000  0.000000  1.000000  0.000000  0.000000  0.000000  1.000000  0.999997  -0.002482  0.000604  0.002482  0.999997  -0.000159  -0.000603  0.000161  1.000000  1.000000  0.000000  0.000000  0.000000  1.000000  0.000000  0.000000  0.000000  1.000000  1.000000  0.000000  0.000000  0.000000  1.000000  0.000000  0.000000  0.000000  1.000000  0.000000  0.000000  
101.058096 0.012741  0.096410  -0.019074  0.994698  0.081877  -0.062229  -0.080036  0.996293  0.031532  0.064580  -0.026384  0.997564  0.000170  -0.000025  -0.000020  0.000000  0.000000  0.000000  2.000000  1.000000  0.000000  0.000000  0.000000  1.000000  0.000000  0.000000  0.000000  1.000000  0.999997  -0.002277  0.000609  0.002277  0.999997  -0.000146  -0.000609  0.000147  1.000000  1.000000  0.000000  0.000000  0.000000  1.000000  0.000000  0.000000  0.000000  1.000000  1.000000  0.000000  0.000000  0.000000  1.000000  0.000000  0.000000  0.000000  1.000000  0.000000  0.000000  
101.059345 0.012744  0.096410  -0.019074  0.994698  0.081885  -0.062219  -0.080036  0.996289  0.031653  0.064580  -0.026505  0.997560  0.000414  -0.000017  0.000012  0.000000  0.000000  0.000000  2.000000  1.000000  0.000000  0.000000  0.000000  1.000000  0.000000  0.000000  0.000000  1.000000  0.999997  -0.002270  0.000342  0.002270  0.999997  -0.000146  -0.000341  0.000147  1.000000  1.000000  0.000000  0.000000  0.000000  1.000000  0.000000  0.000000  0.000000  1.000000  1.000000  0.000000  0.000000  0.000000  1.000000  0.000000  0.000000  0.000000  1.000000  0.000000  0.000000  
101.060346 0.012747  0.096409  -0.019074  0.994714  0.081680  -0.062225  -0.079831  0.996306  0.031640  0.064580  -0.026505  0.997560  0.000637  -0.000065  0.000031  0.000000  0.000000  0.000000  2.000000  1.000000  0.000000  0.000000  0.000000  1.000000  0.000000  0.000000  0.000000  1.000000  0.999997  -0.002270  0.000341  0.002270  0.999997  -0.000025  -0.000341  0.000026  1.000000  1.000000  0.000000  0.000000  0.000000  1.000000  0.000000  0.000000  0.000000  1.000000  1.000000  0.000000  0.000000  0.000000  1.000000  0.000000  0.000000  0.000000  1.000000  0.000000  0.000000  
101.061598 0.012752  0.096409  -0.019073  0.994714  0.081680  -0.062225  -0.079831  0.996306  0.031640  0.064580  -0.026505  0.997560  0.000945  -0.000083  0.000062  0.000000  0.000000  0.000000  2.000000  1.000000  0.000000  0.000000  0.000000  1.000000  0.000000  0.000000  0.000000  1.000000  0.999998  -0.002064  0.000347  0.002064  0.999998  -0.000012  -0.000347  0.000012  1.000000  1.000000  0.000000  0.000000  0.000000  1.000000  0.000000  0.000000  0.000000  1.000000  1.000000  0.000000  0.000000  0.000000  1.000000  0.000000  0.000000  0.000000  1.000000  0.000000  0.000000  
101.062598 0.012756  0.096408  -0.019074  0.994714  0.081687  -0.062215  -0.079831  0.996302  0.031761  0.064580  -0.026626  0.997557  0.001220  -0.000107  0.000022  0.000000  0.000000  0.000000  2.000000  1.000000  0.000000  0.000000  0.000000  1.000000  0.000000  0.000000  0.000000  1.000000  0.999998  -0.002064  0.000347  0.002064  0.999998  -0.000012  -0.000347  0.000012  1.000000  1.000000  0.000000  0.000000  0.000000  1.000000  0.000000  0.000000  0.000000  1.000000  1.000000  0.000000  0.000000  0.000000  1.000000  0.000000  0.000000  0.000000  1.000000  0.000000  0.000000  
101.063599 0.012762  0.096408  -0.019073  0.994706  0.081691  -0.062348  -0.079831  0.996302  0.031772  0.064713  -0.026626  0.997549  0.001581  -0.000124  0.000044  0.000000  0.000000  0.000000  2.000000  1.000000  0.000000  0.000000  0.000000  1.000000  0.000000  0.000000  0.000000  1.000000  0.999998  -0.001855  0.000218  0.001855  0.999998  0.000123  -0.000219  -0.000122  1.000000  1.000000  0.000000  0.000000  0.000000  1.000000  0.000000  0.000000  0.000000  1.000000  1.000000  0.000000  0.000000  0.000000  1.000000  0.000000  0.000000  0.000000  1.000000  0.000000  0.000000  
101.064847 0.012768  0.096406  -0.019073  0.994689  0.081896  -0.062342  -0.080035  0.996285  0.031785  0.064713  -0.026626  0.997549  0.002039  -0.000222  0.000042  0.000000  0.000000  0.000000  2.000000  1.000000  0.000000  0.000000  0.000000  1.000000  0.000000  0.000000  0.000000  1.000000  0.999999  -0.001646  0.000090  0.001646  0.999999  0.000136  -0.000090  -0.000136  1.000000  1.000000  0.000000  0.000000  0.000000  1.000000  0.000000  0.000000  0.000000  1.000000  1.000000  0.000000  0.000000  0.000000  1.000000  0.000000  0.000000  0.000000  1.000000  0.000000  0.000000  
101.066096 0.012776  0.096405  -0.019073  0.994689  0.081896  -0.062342  -0.080035  0.996285  0.031785  0.064713  -0.026626  0.997549  0.002529  -0.000292  0.000061  0.000000  0.000000  0.000000  2.000000  1.000000  0.000000  0.000000  0.000000  1.000000  0.000000  0.000000  0.000000  1.000000  0.999999  -0.001441  0.000095  0.001441  0.999999  0.000149  -0.000096  -0.000149  1.000000  1.000000  0.000000  0.000000  0.000000  1.000000  0.000000  0.000000  0.000000  1.000000  1.000000  0.000000  0.000000  0.000000  1.000000  0.000000  0.000000  0.000000  1.000000  0.000000  0.000000  
101.067097 0.012782  0.096405  -0.019073  0.994664  0.082105  -0.062468  -0.080239  0.996268  0.031808  0.064847  -0.026626  0.997540  0.002942  -0.000332  0.000122  0.000000  0.000000  0.000000  2.000000  1.000000  0.000000  0.000000  0.000000  1.000000  0.000000  0.000000  0.000000  1.000000  0.999999  -0.001030  0.000106  0.001030  0.999999  0.000176  -0.000107  -0.000176  1.000000  1.000000  0.000000  0.000000  0.000000  1.000000  0.000000  0.000000  0.000000  1.000000  1.000000  0.000000  0.000000  0.000000  1.000000  0.000000  0.000000  0.000000  1.000000  0.000000  0.000000  
101.068099 0.012788  0.096404  -0.019073  0.994664  0.082105  -0.062468  -0.080239  0.996268  0.031808  0.064847  -0.026626  0.997540  0.003365  -0.000352  0.000094  0.000000  0.000000  0.000000  2.000000  1.000000  0.000000  0.000000  0.000000  1.000000  0.000000  0.000000  0.000000  1.000000  0.999999  -0.001027  -0.000027  0.001027  0.999999  0.000176  0.000027  -0.000176  1.000000  1.000000  0.000000  0.000000  0.000000  1.000000  0.000000  0.000000  0.000000  1.000000  1.000000  0.000000  0.000000  0.000000  1.000000  0.000000  0.000000  0.000000  1.000000  0.000000  0.000000  
101.069349 0.012797  0.096405  -0.019074  0.994647  0.082317  -0.062452  -0.080444  0.996247  0.031942  0.064847  -0.026747  0.997537  0.003980  -0.000341  0.000058  0.000000  0.000000  0.000000  2.000000  1.000000  0.000000  0.000000  0.000000  1.000000  0.000000  0.000000  0.000000  1.000000  1.000000  -0.000613  -0.000150  0.000613  1.000000  0.000203  0.000150  -0.000203  1.000000  1.000000  0.000000  0.000000  0.000000  1.000000  0.000000  0.000000  0.000000  1.000000  1.000000  0.000000  0.000000  0.000000  1.000000  0.000000  0.000000  0.000000  1.000000  0.000000  0.000000  
101.070351 0.012804  0.096404  -0.019074  0.994631  0.082522  -0.062445  -0.080649  0.996230  0.031955  0.064847  -0.026747  0.997537  0.004486  -0.000332  0.000042  0.000000  0.000000  0.000000  2.000000  1.000000  0.000000  0.000000  0.000000  1.000000  0.000000  0.000000  0.000000  1.000000  1.000000  -0.000407  -0.000145  0.000407  1.000000  0.000337  0.000145  -0.000337  1.000000  1.000000  0.000000  0.000000  0.000000  1.000000  0.000000  0.000000  0.000000  1.000000  1.000000  0.000000  0.000000  0.000000  1.000000  0.000000  0.000000  0.000000  1.000000  0.000000  0.000000  
101.071599 0.012814  0.096404  -0.019075  0.994606  0.082731  -0.062572  -0.080853  0.996213  0.031978  0.064980  -0.026747  0.997528  0.005168  -0.000347  0.000006  0.000000  0.000000  0.000000  2.000000  1.000000  0.000000  0.000000  0.000000  1.000000  0.000000  0.000000  0.000000  1.000000  1.000000  0.000007  -0.000268  -0.000007  1.000000  0.000364  0.000268  -0.000364  1.000000  1.000000  0.000000  0.000000  0.000000  1.000000  0.000000  0.000000  0.000000  1.000000  1.000000  0.000000  0.000000  0.000000  1.000000  0.000000  0.000000  0.000000  1.000000  0.000000  0.000000  
101.072844 0.012825  0.096404  -0.019075  0.994589  0.082944  -0.062555  -0.081058  0.996192  0.032112  0.064980  -0.026868  0.997525  0.005709  -0.000359  -0.000060  0.000000  0.000000  0.000000  2.000000  1.000000  0.000000  0.000000  0.000000  1.000000  0.000000  0.000000  0.000000  1.000000  1.000000  0.000213  -0.000262  -0.000212  1.000000  0.000499  0.000262  -0.000499  1.000000  1.000000  0.000000  0.000000  0.000000  1.000000  0.000000  0.000000  0.000000  1.000000  1.000000  0.000000  0.000000  0.000000  1.000000  0.000000  0.000000  0.000000  1.000000  0.000000  0.000000  
101.073846 0.012835  0.096405  -0.019075  0.994580  0.082947  -0.062688  -0.081057  0.996192  0.032123  0.065114  -0.026868  0.997516  0.006135  -0.000322  -0.000036  0.000000  0.000000  0.000000  2.000000  1.000000  0.000000  0.000000  0.000000  1.000000  0.000000  0.000000  0.000000  1.000000  1.000000  0.000627  -0.000385  -0.000627  1.000000  0.000525  0.000385  -0.000525  1.000000  1.000000  0.000000  0.000000  0.000000  1.000000  0.000000  0.000000  0.000000  1.000000  1.000000  0.000000  0.000000  0.000000  1.000000  0.000000  0.000000  0.000000  1.000000  0.000000  0.000000  
101.075094 0.012846  0.096404  -0.019075  0.994564  0.083160  -0.062671  -0.081262  0.996171  0.032257  0.065114  -0.026989  0.997513  0.006618  -0.000367  -0.000064  0.000000  0.000000  0.000000  2.000000  1.000000  0.000000  0.000000  0.000000  1.000000  0.000000  0.000000  0.000000  1.000000  0.999999  0.001041  -0.000507  -0.001041  0.999999  0.000673  0.000508  -0.000673  1.000000  1.000000  0.000000  0.000000  0.000000  1.000000  0.000000  0.000000  0.000000  1.000000  1.000000  0.000000  0.000000  0.000000  1.000000  0.000000  0.000000  0.000000  1.000000  0.000000  0.000000  
101.076098 0.012855  0.096403  -0.019074  0.994547  0.083365  -0.062665  -0.081467  0.996154  0.032270  0.065114  -0.026989  0.997513  0.007013  -0.000382  -0.000013  0.000000  0.000000  0.000000  2.000000  1.000000  0.000000  0.000000  0.000000  1.000000  0.000000  0.000000  0.000000  1.000000  0.999999  0.001247  -0.000502  -0.001246  0.999999  0.000687  0.000502  -0.000686  1.000000  1.000000  0.000000  0.000000  0.000000  1.000000  0.000000  0.000000  0.000000  1.000000  1.000000  0.000000  0.000000  0.000000  1.000000  0.000000  0.000000  0.000000  1.000000  0.000000  0.000000  
101.077099 0.012864  0.096402  -0.019073  0.994521  0.083581  -0.062781  -0.081671  0.996132  0.032414  0.065247  -0.027109  0.997501  0.007353  -0.000437  0.000007  0.000000  0.000000  0.000000  2.000000  1.000000  0.000000  0.000000  0.000000  1.000000  0.000000  0.000000  0.000000  1.000000  0.999999  0.001456  -0.000630  -0.001455  0.999999  0.000822  0.000631  -0.000821  0.999999  1.000000  0.000000  0.000000  0.000000  1.000000  0.000000  0.000000  0.000000  1.000000  1.000000  0.000000  0.000000  0.000000  1.000000  0.000000  0.000000  0.000000  1.000000  0.000000  0.000000  
101.078101 0.012874  0.096400  -0.019073  0.994496  0.083790  -0.062907  -0.081875  0.996115  0.032438  0.065381  -0.027109  0.997492  0.007697  -0.000534  0.000064  0.000000  0.000000  0.000000  2.000000  1.000000  0.000000  0.000000  0.000000  1.000000  0.000000  0.000000  0.000000  1.000000  0.999998  0.001665  -0.000758  -0.001664  0.999998  0.000835  0.000759  -0.000834  0.999999  1.000000  0.000000  0.000000  0.000000  1.000000  0.000000  0.000000  0.000000  1.000000  1.000000  0.000000  0.000000  0.000000  1.000000  0.000000  0.000000  0.000000  1.000000  0.000000  0.000000  
101.079350 0.012885  0.096397  -0.019072  0.994496  0.083790  -0.062907  -0.081875  0.996115  0.032438  0.065381  -0.027109  0.997492  0.007988  -0.000716  0.000088  0.000000  0.000000  0.000000  2.000000  1.000000  0.000000  0.000000  0.000000  1.000000  0.000000  0.000000  0.000000  1.000000  0.999998  0.001870  -0.000752  -0.001869  0.999998  0.000849  0.000754  -0.000847  0.999999  1.000000  0.000000  0.000000  0.000000  1.000000  0.000000  0.000000  0.000000  1.000000  1.000000  0.000000  0.000000  0.000000  1.000000  0.000000  0.000000  0.000000  1.000000  0.000000  0.000000  
101.080601 0.012896  0.096392  -0.019072  0.994470  0.084006  -0.063023  -0.082079  0.996093  0.032583  0.065514  -0.027230  0.997480  0.008276  -0.000874  0.000062  0.000000  0.000000  0.000000  2.000000  1.000000  0.000000  0.000000  0.000000  1.000000  0.000000  0.000000  0.000000  1.000000  0.999997  0.002284  -0.000875  -0.002284  0.999997  0.000755  0.000876  -0.000753  0.999999  1.000000  0.000000  0.000000  0.000000  1.000000  0.000000  0.000000  0.000000  1.000000  1.000000  0.000000  0.000000  0.000000  1.000000  0.000000  0.000000  0.000000  1.000000  0.000000  0.000000  
101.081850 0.012908  0.096389  -0.019071  0.994453  0.084212  -0.063017  -0.082283  0.996076  0.032596  0.065514  -0.027230  0.997480  0.008529  -0.001083  0.000103  0.000000  0.000000  0.000000  2.000000  1.000000  0.000000  0.000000  0.000000  1.000000  0.000000  0.000000  0.000000  1.000000  0.999997  0.002490  -0.000869  -0.002489  0.999997  0.000890  0.000871  -0.000887  0.999999  1.000000  0.000000  0.000000  0.000000  1.000000  0.000000  0.000000  0.000000  1.000000  1.000000  0.000000  0.000000  0.000000  1.000000  0.000000  0.000000  0.000000  1.000000  0.000000  0.000000  
101.083095 0.012919  0.096384  -0.019071  0.994436  0.084417  -0.063010  -0.082488  0.996058  0.032609  0.065514  -0.027230  0.997480  0.008722  -0.001348  0.000159  0.000000  0.000000  0.000000  2.000000  1.000000  0.000000  0.000000  0.000000  1.000000  0.000000  0.000000  0.000000  1.000000  0.999996  0.002695  -0.000863  -0.002695  0.999996  0.000782  0.000865  -0.000779  0.999999  1.000000  0.000000  0.000000  0.000000  1.000000  0.000000  0.000000  0.000000  1.000000  1.000000  0.000000  0.000000  0.000000  1.000000  0.000000  0.000000  0.000000  1.000000  0.000000  0.000000  
101.084100 0.012928  0.096381  -0.019071  0.994411  0.084625  -0.063136  -0.082692  0.996041  0.032633  0.065648  -0.027230  0.997471  0.008884  -0.001613  0.000180  0.000000  0.000000  0.000000  2.000000  1.000000  0.000000  0.000000  0.000000  1.000000  0.000000  0.000000  0.000000  1.000000  0.999995  0.002901  -0.000857  -0.002900  0.999995  0.000796  0.000860  -0.000793  0.999999  1.000000  0.000000  0.000000  0.000000  1.000000  0.000000  0.000000  0.000000  1.000000  1.000000  0.000000  0.000000  0.000000  1.000000  0.000000  0.000000  0.000000  1.000000  0.000000  0.000000  
101.085342 0.012940  0.096377  -0.019071  0.994394  0.084830  -0.063130  -0.082897  0.996023  0.032646  0.065648  -0.027230  0.997471  0.009041  -0.001792  0.000208  0.000000  0.000000  0.000000  2.000000  1.000000  0.000000  0.000000  0.000000  1.000000  0.000000  0.000000  0.000000  1.000000  0.999995  0.002901  -0.000857  -0.002900  0.999995  0.000796  0.000860  -0.000793  0.999999  1.000000  0.000000  0.000000  0.000000  1.000000  0.000000  0.000000  0.000000  1.000000  1.000000  0.000000  0.000000  0.000000  1.000000  0.000000  0.000000  0.000000  1.000000  0.000000  0.000000  
101.086349 0.012949  0.096374  -0.019071  0.994376  0.085043  -0.063113  -0.083102  0.996002  0.032780  0.065648  -0.027351  0.997468  0.009120  -0.002010  0.000262  0.000000  0.000000  0.000000  2.000000  1.000000  0.000000  0.000000  0.000000  1.000000  0.000000  0.000000  0.000000  1.000000  0.999995  0.002901  -0.000857  -0.002900  0.999995  0.000917  0.000860  -0.000914  0.999999  1.000000  0.000000  0.000000  0.000000  1.000000  0.000000  0.000000  0.000000  1.000000  1.000000  0.000000  0.000000  0.000000  1.000000  0.000000  0.000000  0.000000  1.000000  0.000000  0.000000  
101.087596 0.012960  0.096371  -0.019071  0.994368  0.085047  -0.063246  -0.083101  0.996002  0.032791  0.065781  -0.027350  0.997459  0.009147  -0.002278  0.000289  0.000000  0.000000  0.000000  2.000000  1.000000  0.000000  0.000000  0.000000  1.000000  0.000000  0.000000  0.000000  1.000000  0.999995  0.002901  -0.000857  -0.002900  0.999995  0.000917  0.000860  -0.000915  0.999999  1.000000  0.000000  0.000000  0.000000  1.000000  0.000000  0.000000  0.000000  1.000000  1.000000  0.000000  0.000000  0.000000  1.000000  0.000000  0.000000  0.000000  1.000000  0.000000  0.000000  
101.088847 0.012972  0.096367  -0.019071  0.994351  0.085252  -0.063239  -0.083306  0.995984  0.032804  0.065781  -0.027350  0.997459  0.009156  -0.002579  0.000254  0.000000  0.000000  0.000000  2.000000  1.000000  0.000000  0.000000  0.000000  1.000000  0.000000  0.000000  0.000000  1.000000  0.999995  0.002901  -0.000857  -0.002900  0.999995  0.000917  0.000860  -0.000915  0.999999  1.000000  0.000000  0.000000  0.000000  1.000000  0.000000  0.000000  0.000000  1.000000  1.000000  0.000000  0.000000  0.000000  1.000000  0.000000  0.000000  0.000000  1.000000  0.000000  0.000000  
101.090096 0.012983  0.096362  -0.019071  0.994351  0.085259  -0.063228  -0.083306  0.995980  0.032925  0.065781  -0.027471  0.997456  0.009132  -0.002825  0.000242  0.000000  0.000000  0.000000  2.000000  1.000000  0.000000  0.000000  0.000000  1.000000  0.000000  0.000000  0.000000  1.000000  0.999995  0.002901  -0.000857  -0.002900  0.999995  0.000917  0.000859  -0.000915  0.999999  1.000000  0.000000  0.000000  0.000000  1.000000  0.000000  0.000000  0.000000  1.000000  1.000000  0.000000  0.000000  0.000000  1.000000  0.000000  0.000000  0.000000  1.000000  0.000000  0.000000  
101.091352 0.012993  0.096357  -0.019070  0.994333  0.085464  -0.063222  -0.083510  0.995962  0.032938  0.065781  -0.027471  0.997456  0.009069  -0.003099  0.000248  0.000000  0.000000  0.000000  2.000000  1.000000  0.000000  0.000000  0.000000  1.000000  0.000000  0.000000  0.000000  1.000000  0.999995  0.002901  -0.000857  -0.002900  0.999995  0.000917  0.000859  -0.000915  0.999999  1.000000  0.000000  0.000000  0.000000  1.000000  0.000000  0.000000  0.000000  1.000000  1.000000  0.000000  0.000000  0.000000  1.000000  0.000000  0.000000  0.000000  1.000000  0.000000  0.000000  
101.092596 0.013003  0.096350  -0.019070  0.994333  0.085464  -0.063222  -0.083510  0.995962  0.032938  0.065781  -0.027471  0.997456  0.008916  -0.003341  0.000249  0.000000  0.000000  0.000000  2.000000  1.000000  0.000000  0.000000  0.000000  1.000000  0.000000  0.000000  0.000000  1.000000  0.999996  0.002692  -0.000729  -0.002691  0.999996  0.000782  0.000731  -0.000780  0.999999  1.000000  0.000000  0.000000  0.000000  1.000000  0.000000  0.000000  0.000000  1.000000  1.000000  0.000000  0.000000  0.000000  1.000000  0.000000  0.000000  0.000000  1.000000  0.000000  0.000000  
101.093598 0.013010  0.096345  -0.019068  0.994316  0.085670  -0.063215  -0.083715  0.995945  0.032951  0.065781  -0.027471  0.997456  0.008797  -0.003591  0.000303  0.000000  0.000000  0.000000  2.000000  1.000000  0.000000  0.000000  0.000000  1.000000  0.000000  0.000000  0.000000  1.000000  0.999996  0.002692  -0.000729  -0.002691  0.999996  0.000782  0.000731  -0.000780  0.999999  1.000000  0.000000  0.000000  0.000000  1.000000  0.000000  0.000000  0.000000  1.000000  1.000000  0.000000  0.000000  0.000000  1.000000  0.000000  0.000000  0.000000  1.000000  0.000000  0.000000  
101.094600 0.013018  0.096339  -0.019067  0.994316  0.085670  -0.063215  -0.083715  0.995945  0.032951  0.065781  -0.027471  0.997456  0.008724  -0.003778  0.000353  0.000000  0.000000  0.000000  2.000000  1.000000  0.000000  0.000000  0.000000  1.000000  0.000000  0.000000  0.000000  1.000000  0.999997  0.002483  -0.000601  -0.002482  0.999997  0.000769  0.000603  -0.000767  1.000000  1.000000  0.000000  0.000000  0.000000  1.000000  0.000000  0.000000  0.000000  1.000000  1.000000  0.000000  0.000000  0.000000  1.000000  0.000000  0.000000  0.000000  1.000000  0.000000  0.000000  
101.095849 0.013027  0.096331  -0.019065  0.994316  0.085670  -0.063215  -0.083715  0.995945  0.032951  0.065781  -0.027471  0.997456  0.008595  -0.004049  0.000409  0.000000  0.000000  0.000000  2.000000  1.000000  0.000000  0.000000  0.000000  1.000000  0.000000  0.000000  0.000000  1.000000  0.999997  0.002483  -0.000601  -0.002482  0.999997  0.000648  0.000602  -0.000646  1.000000  1.000000  0.000000  0.000000  0.000000  1.000000  0.000000  0.000000  0.000000  1.000000  1.000000  0.000000  0.000000  0.000000  1.000000  0.000000  0.000000  0.000000  1.000000  0.000000  0.000000  
101.097100 0.013036  0.096323  -0.019064  0.994299  0.085875  -0.063208  -0.083920  0.995927  0.032964  0.065781  -0.027471  0.997456  0.008446  -0.004293  0.000497  0.000000  0.000000  0.000000  2.000000  1.000000  0.000000  0.000000  0.000000  1.000000  0.000000  0.000000  0.000000  1.000000  0.999997  0.002479  -0.000467  -0.002479  0.999997  0.000648  0.000469  -0.000646  1.000000  1.000000  0.000000  0.000000  0.000000  1.000000  0.000000  0.000000  0.000000  1.000000  1.000000  0.000000  0.000000  0.000000  1.000000  0.000000  0.000000  0.000000  1.000000  0.000000  0.000000  
101.098351 0.013045  0.096315  -0.019062  0.994299  0.085875  -0.063208  -0.083920  0.995927  0.032964  0.065781  -0.027471  0.997456  0.008263  -0.004587  0.000612  0.000000  0.000000  0.000000  2.000000  1.000000  0.000000  0.000000  0.000000  1.000000  0.000000  0.000000  0.000000  1.000000  0.999997  0.002274  -0.000473  -0.002273  0.999997  0.000513  0.000474  -0.000512  1.000000  1.000000  0.000000  0.000000  0.000000  1.000000  0.000000  0.000000  0.000000  1.000000  1.000000  0.000000  0.000000  0.000000  1.000000  0.000000  0.000000  0.000000  1.000000  0.000000  0.000000  
101.099599 0.013055  0.096308  -0.019060  0.994299  0.085867  -0.063219  -0.083920  0.995931  0.032843  0.065781  -0.027350  0.997459  0.008135  -0.004773  0.000708  0.000000  0.000000  0.000000  2.000000  1.000000  0.000000  0.000000  0.000000  1.000000  0.000000  0.000000  0.000000  1.000000  0.999998  0.002065  -0.000345  -0.002064  0.999998  0.000378  0.000346  -0.000377  1.000000  1.000000  0.000000  0.000000  0.000000  1.000000  0.000000  0.000000  0.000000  1.000000  1.000000  0.000000  0.000000  0.000000  1.000000  0.000000  0.000000  0.000000  1.000000  0.000000  0.000000  
101.100846 0.013064  0.096300  -0.019058  0.994299  0.085867  -0.063219  -0.083920  0.995931  0.032843  0.065781  -0.027350  0.997459  0.007987  -0.005058  0.000891  0.000000  0.000000  0.000000  2.000000  1.000000  0.000000  0.000000  0.000000  1.000000  0.000000  0.000000  0.000000  1.000000  0.999998  0.001855  -0.000217  -0.001855  0.999998  0.000364  0.000217  -0.000364  1.000000  1.000000  0.000000  0.000000  0.000000  1.000000  0.000000  0.000000  0.000000  1.000000  1.000000  0.000000  0.000000  0.000000  1.000000  0.000000  0.000000  0.000000  1.000000  0.000000  0.000000  
101.102096 0.013073  0.096292  -0.019056  0.994282  0.086072  -0.063212  -0.084124  0.995913  0.032856  0.065781  -0.027350  0.997459  0.007820  -0.005375  0.001013  0.000000  0.000000  0.000000  2.000000  1.000000  0.000000  0.000000  0.000000  1.000000  0.000000  0.000000  0.000000  1.000000  0.999999  0.001650  -0.000222  -0.001650  0.999999  0.000230  0.000223  -0.000229  1.000000  1.000000  0.000000  0.000000  0.000000  1.000000  0.000000  0.000000  0.000000  1.000000  1.000000  0.000000  0.000000  0.000000  1.000000  0.000000  0.000000  0.000000  1.000000  0.000000  0.000000  
101.103096 0.013080  0.096285  -0.019054  0.994282  0.086072  -0.063212  -0.084124  0.995913  0.032856  0.065781  -0.027350  0.997459  0.007651  -0.005627  0.001152  0.000000  0.000000  0.000000  2.000000  1.000000  0.000000  0.000000  0.000000  1.000000  0.000000  0.000000  0.000000  1.000000  0.999999  0.001650  -0.000222  -0.001650  0.999999  0.000230  0.000223  -0.000229  1.000000  1.000000  0.000000  0.000000  0.000000  1.000000  0.000000  0.000000  0.000000  1.000000  1.000000  0.000000  0.000000  0.000000  1.000000  0.000000  0.000000  0.000000  1.000000  0.000000  0.000000  
101.104150 0.013087  0.096278  -0.019052  0.994282  0.086072  -0.063212  -0.084124  0.995913  0.032856  0.065781  -0.027350  0.997459  0.007502  -0.005819  0.001257  0.000000  0.000000  0.000000  2.000000  1.000000  0.000000  0.000000  0.000000  1.000000  0.000000  0.000000  0.000000  1.000000  0.999999  0.001650  -0.000222  -0.001650  0.999999  0.000230  0.000223  -0.000229  1.000000  1.000000  0.000000  0.000000  0.000000  1.000000  0.000000  0.000000  0.000000  1.000000  1.000000  0.000000  0.000000  0.000000  1.000000  0.000000  0.000000  0.000000  1.000000  0.000000  0.000000  
101.105346 0.013095  0.096269  -0.019050  0.994282  0.086072  -0.063212  -0.084124  0.995913  0.032856  0.065781  -0.027350  0.997459  0.007349  -0.006138  0.001377  0.000000  0.000000  0.000000  2.000000  1.000000  0.000000  0.000000  0.000000  1.000000  0.000000  0.000000  0.000000  1.000000  0.999999  0.001441  -0.000094  -0.001441  0.999999  0.000216  0.000095  -0.000216  1.000000  1.000000  0.000000  0.000000  0.000000  1.000000  0.000000  0.000000  0.000000  1.000000  1.000000  0.000000  0.000000  0.000000  1.000000  0.000000  0.000000  0.000000  1.000000  0.000000  0.000000  
101.106600 0.013103  0.096261  -0.019048  0.994282  0.086072  -0.063212  -0.084124  0.995913  0.032856  0.065781  -0.027350  0.997459  0.007170  -0.006324  0.001446  0.000000  0.000000  0.000000  2.000000  1.000000  0.000000  0.000000  0.000000  1.000000  0.000000  0.000000  0.000000  1.000000  0.999999  0.001236  -0.000100  -0.001236  0.999999  0.000203  0.000100  -0.000202  1.000000  1.000000  0.000000  0.000000  0.000000  1.000000  0.000000  0.000000  0.000000  1.000000  1.000000  0.000000  0.000000  0.000000  1.000000  0.000000  0.000000  0.000000  1.000000  0.000000  0.000000  
101.107846 0.013110  0.096251  -0.019046  0.994282  0.086072  -0.063212  -0.084124  0.995913  0.032856  0.065781  -0.027350  0.997459  0.007009  -0.006570  0.001536  0.000000  0.000000  0.000000  2.000000  1.000000  0.000000  0.000000  0.000000  1.000000  0.000000  0.000000  0.000000  1.000000  0.999999  0.001030  -0.000106  -0.001030  0.999999  0.000068  0.000106  -0.000068  1.000000  1.000000  0.000000  0.000000  0.000000  1.000000  0.000000  0.000000  0.000000  1.000000  1.000000  0.000000  0.000000  0.000000  1.000000  0.000000  0.000000  0.000000  1.000000  0.000000  0.000000  
101.108850 0.013116  0.096244  -0.019043  0.994282  0.086064  -0.063222  -0.084124  0.995917  0.032735  0.065781  -0.027229  0.997462  0.006869  -0.006641  0.001629  0.000000  0.000000  0.000000  2.000000  1.000000  0.000000  0.000000  0.000000  1.000000  0.000000  0.000000  0.000000  1.000000  0.999999  0.001027  0.000028  -0.001027  0.999999  0.000068  -0.000028  -0.000068  1.000000  1.000000  0.000000  0.000000  0.000000  1.000000  0.000000  0.000000  0.000000  1.000000  1.000000  0.000000  0.000000  0.000000  1.000000  0.000000  0.000000  0.000000  1.000000  0.000000  0.000000  
101.110105 0.013122  0.096234  -0.019041  0.994282  0.086064  -0.063222  -0.084124  0.995917  0.032735  0.065781  -0.027229  0.997462  0.006746  -0.006818  0.001724  0.000000  0.000000  0.000000  2.000000  1.000000  0.000000  0.000000  0.000000  1.000000  0.000000  0.000000  0.000000  1.000000  1.000000  0.000821  0.000022  -0.000821  1.000000  -0.000067  -0.000023  0.000067  1.000000  1.000000  0.000000  0.000000  0.000000  1.000000  0.000000  0.000000  0.000000  1.000000  1.000000  0.000000  0.000000  0.000000  1.000000  0.000000  0.000000  0.000000  1.000000  0.000000  0.000000  
101.111351 0.013129  0.096225  -0.019037  0.994290  0.086061  -0.063089  -0.084125  0.995918  0.032724  0.065648  -0.027230  0.997471  0.006566  -0.006916  0.001838  0.000000  0.000000  0.000000  2.000000  1.000000  0.000000  0.000000  0.000000  1.000000  0.000000  0.000000  0.000000  1.000000  1.000000  0.000612  0.000151  -0.000612  1.000000  -0.000202  -0.000151  0.000202  1.000000  1.000000  0.000000  0.000000  0.000000  1.000000  0.000000  0.000000  0.000000  1.000000  1.000000  0.000000  0.000000  0.000000  1.000000  0.000000  0.000000  0.000000  1.000000  0.000000  0.000000  
101.112608 0.013136  0.096215  -0.019034  0.994290  0.086061  -0.063089  -0.084125  0.995918  0.032724  0.065648  -0.027230  0.997471  0.006427  -0.006991  0.001934  0.000000  0.000000  0.000000  2.000000  1.000000  0.000000  0.000000  0.000000  1.000000  0.000000  0.000000  0.000000  1.000000  1.000000  0.000612  0.000151  -0.000612  1.000000  -0.000202  -0.000151  0.000202  1.000000  1.000000  0.000000  0.000000  0.000000  1.000000  0.000000  0.000000  0.000000  1.000000  1.000000  0.000000  0.000000  0.000000  1.000000  0.000000  0.000000  0.000000  1.000000  0.000000  0.000000  
101.113626 0.013142  0.096208  -0.019031  0.994282  0.086064  -0.063222  -0.084124  0.995917  0.032735  0.065781  -0.027229  0.997462  0.006272  -0.007034  0.002018  0.000000  0.000000  0.000000  2.000000  1.000000  0.000000  0.000000  0.000000  1.000000  0.000000  0.000000  0.000000  1.000000  1.000000  0.000411  0.000011  -0.000411  1.000000  -0.000216  -0.000011  0.000216  1.000000  1.000000  0.000000  0.000000  0.000000  1.000000  0.000000  0.000000  0.000000  1.000000  1.000000  0.000000  0.000000  0.000000  1.000000  0.000000  0.000000  0.000000  1.000000  0.000000  0.000000  
101.114849 0.013150  0.096200  -0.019027  0.994282  0.086064  -0.063222  -0.084124  0.995917  0.032735  0.065781  -0.027229  0.997462  0.006213  -0.007093  0.002212  0.000000  0.000000  0.000000  2.000000  1.000000  0.000000  0.000000  0.000000  1.000000  0.000000  0.000000  0.000000  1.000000  1.000000  0.000411  0.000011  -0.000411  1.000000  -0.000216  -0.000011  0.000216  1.000000  1.000000  0.000000  0.000000  0.000000  1.000000  0.000000  0.000000  0.000000  1.000000  1.000000  0.000000  0.000000  0.000000  1.000000  0.000000  0.000000  0.000000  1.000000  0.000000  0.000000  
101.115849 0.013156  0.096193  -0.019024  0.994282  0.086057  -0.063233  -0.084124  0.995921  0.032614  0.065781  -0.027108  0.997466  0.006119  -0.007145  0.002290  0.000000  0.000000  0.000000  2.000000  1.000000  0.000000  0.000000  0.000000  1.000000  0.000000  0.000000  0.000000  1.000000  1.000000  0.000411  0.000011  -0.000411  1.000000  -0.000337  -0.000011  0.000337  1.000000  1.000000  0.000000  0.000000  0.000000  1.000000  0.000000  0.000000  0.000000  1.000000  1.000000  0.000000  0.000000  0.000000  1.000000  0.000000  0.000000  0.000000  1.000000  0.000000  0.000000  
101.116852 0.013162  0.096186  -0.019020  0.994282  0.086057  -0.063233  -0.084124  0.995921  0.032614  0.065781  -0.027108  0.997466  0.006044  -0.007162  0.002430  0.000000  0.000000  0.000000  2.000000  1.000000  0.000000  0.000000  0.000000  1.000000  0.000000  0.000000  0.000000  1.000000  1.000000  0.000205  0.000006  -0.000205  1.000000  -0.000350  -0.000006  0.000350  1.000000  1.000000  0.000000  0.000000  0.000000  1.000000  0.000000  0.000000  0.000000  1.000000  1.000000  0.000000  0.000000  0.000000  1.000000  0.000000  0.000000  0.000000  1.000000  0.000000  0.000000  
101.118103 0.013170  0.096178  -0.019015  0.994282  0.086057  -0.063233  -0.084124  0.995921  0.032614  0.065781  -0.027108  0.997466  0.005941  -0.007145  0.002612  0.000000  0.000000  0.000000  2.000000  1.000000  0.000000  0.000000  0.000000  1.000000  0.000000  0.000000  0.000000  1.000000  1.000000  0.000205  0.000006  -0.000205  1.000000  -0.000350  -0.000006  0.000350  1.000000  1.000000  0.000000  0.000000  0.000000  1.000000  0.000000  0.000000  0.000000  1.000000  1.000000  0.000000  0.000000  0.000000  1.000000  0.000000  0.000000  0.000000  1.000000  0.000000  0.000000  
101.119121 0.013176  0.096171  -0.019012  0.994282  0.086057  -0.063233  -0.084124  0.995921  0.032614  0.065781  -0.027108  0.997466  0.005910  -0.007203  0.002696  0.000000  0.000000  0.000000  2.000000  1.000000  0.000000  0.000000  0.000000  1.000000  0.000000  0.000000  0.000000  1.000000  1.000000  0.000205  0.000006  -0.000205  1.000000  -0.000229  -0.000006  0.000229  1.000000  1.000000  0.000000  0.000000  0.000000  1.000000  0.000000  0.000000  0.000000  1.000000  1.000000  0.000000  0.000000  0.000000  1.000000  0.000000  0.000000  0.000000  1.000000  0.000000  0.000000  
101.120345 0.013183  0.096162  -0.019008  0.994282  0.086049  -0.063243  -0.084124  0.995925  0.032493  0.065781  -0.026987  0.997469  0.005870  -0.007185  0.002812  0.000000  0.000000  0.000000  2.000000  1.000000  0.000000  0.000000  0.000000  1.000000  0.000000  0.000000  0.000000  1.000000  1.000000  0.000205  0.000006  -0.000205  1.000000  -0.000350  -0.000006  0.000350  1.000000  1.000000  0.000000  0.000000  0.000000  1.000000  0.000000  0.000000  0.000000  1.000000  1.000000  0.000000  0.000000  0.000000  1.000000  0.000000  0.000000  0.000000  1.000000  0.000000  0.000000  
101.121595 0.013191  0.096152  -0.019004  0.994282  0.086049  -0.063243  -0.084124  0.995925  0.032493  0.065781  -0.026987  0.997469  0.005864  -0.007233  0.002950  0.000000  0.000000  0.000000  2.000000  1.000000  0.000000  0.000000  0.000000  1.000000  0.000000  0.000000  0.000000  1.000000  1.000000  0.000205  0.000006  -0.000205  1.000000  -0.000350  -0.000006  0.000350  1.000000  1.000000  0.000000  0.000000  0.000000  1.000000  0.000000  0.000000  0.000000  1.000000  1.000000  0.000000  0.000000  0.000000  1.000000  0.000000  0.000000  0.000000  1.000000  0.000000  0.000000  
101.122598 0.013197  0.096145  -0.019001  0.994282  0.086049  -0.063243  -0.084124  0.995925  0.032493  0.065781  -0.026987  0.997469  0.005914  -0.007189  0.003059  0.000000  0.000000  0.000000  2.000000  1.000000  0.000000  0.000000  0.000000  1.000000  0.000000  0.000000  0.000000  1.000000  1.000000  0.000205  0.000006  -0.000205  1.000000  -0.000350  -0.000006  0.000350  1.000000  1.000000  0.000000  0.000000  0.000000  1.000000  0.000000  0.000000  0.000000  1.000000  1.000000  0.000000  0.000000  0.000000  1.000000  0.000000  0.000000  0.000000  1.000000  0.000000  0.000000  
101.123844 0.013204  0.096135  -0.018997  0.994282  0.086049  -0.063243  -0.084124  0.995925  0.032493  0.065781  -0.026987  0.997469  0.005897  -0.007256  0.003071  0.000000  0.000000  0.000000  2.000000  1.000000  0.000000  0.000000  0.000000  1.000000  0.000000  0.000000  0.000000  1.000000  1.000000  0.000000  -0.000000  0.000000  1.000000  -0.000364  0.000000  0.000364  1.000000  1.000000  0.000000  0.000000  0.000000  1.000000  0.000000  0.000000  0.000000  1.000000  1.000000  0.000000  0.000000  0.000000  1.000000  0.000000  0.000000  0.000000  1.000000  0.000000  0.000000  
101.125093 0.013212  0.096126  -0.018994  0.994282  0.086049  -0.063243  -0.084124  0.995925  0.032493  0.065781  -0.026987  0.997469  0.005962  -0.007204  0.003116  0.000000  0.000000  0.000000  2.000000  1.000000  0.000000  0.000000  0.000000  1.000000  0.000000  0.000000  0.000000  1.000000  1.000000  0.000000  -0.000000  0.000000  1.000000  -0.000364  0.000000  0.000364  1.000000  1.000000  0.000000  0.000000  0.000000  1.000000  0.000000  0.000000  0.000000  1.000000  1.000000  0.000000  0.000000  0.000000  1.000000  0.000000  0.000000  0.000000  1.000000  0.000000  0.000000  
101.126094 0.013218  0.096119  -0.018992  0.994282  0.086049  -0.063243  -0.084124  0.995925  0.032493  0.065781  -0.026987  0.997469  0.006044  -0.007175  0.003129  0.000000  0.000000  0.000000  2.000000  1.000000  0.000000  0.000000  0.000000  1.000000  0.000000  0.000000  0.000000  1.000000  1.000000  0.000000  -0.000000  0.000000  1.000000  -0.000364  0.000000  0.000364  1.000000  1.000000  0.000000  0.000000  0.000000  1.000000  0.000000  0.000000  0.000000  1.000000  1.000000  0.000000  0.000000  0.000000  1.000000  0.000000  0.000000  0.000000  1.000000  0.000000  0.000000  
101.127101 0.013225  0.096111  -0.018989  0.994282  0.086049  -0.063243  -0.084124  0.995925  0.032493  0.065781  -0.026987  0.997469  0.006107  -0.007190  0.003104  0.000000  0.000000  0.000000  2.000000  1.000000  0.000000  0.000000  0.000000  1.000000  0.000000  0.000000  0.000000  1.000000  1.000000  0.000000  -0.000000  0.000000  1.000000  -0.000364  0.000000  0.000364  1.000000  1.000000  0.000000  0.000000  0.000000  1.000000  0.000000  0.000000  0.000000  1.000000  1.000000  0.000000  0.000000  0.000000  1.000000  0.000000  0.000000  0.000000  1.000000  0.000000  0.000000  
101.128102 0.013232  0.096105  -0.018986  0.994282  0.086049  -0.063243  -0.084124  0.995925  0.032493  0.065781  -0.026987  0.997469  0.006180  -0.007136  0.003108  0.000000  0.000000  0.000000  2.000000  1.000000  0.000000  0.000000  0.000000  1.000000  0.000000  0.000000  0.000000  1.000000  1.000000  0.000000  -0.000000  0.000000  1.000000  -0.000364  0.000000  0.000364  1.000000  1.000000  0.000000  0.000000  0.000000  1.000000  0.000000  0.000000  0.000000  1.000000  1.000000  0.000000  0.000000  0.000000  1.000000  0.000000  0.000000  0.000000  1.000000  0.000000  0.000000  
101.129354 0.013241  0.096096  -0.018982  0.994282  0.086057  -0.063233  -0.084124  0.995921  0.032614  0.065781  -0.027108  0.997466  0.006237  -0.007141  0.003101  0.000000  0.000000  0.000000  2.000000  1.000000  0.000000  0.000000  0.000000  1.000000  0.000000  0.000000  0.000000  1.000000  1.000000  0.000000  0.000000  -0.000000  1.000000  -0.000121  0.000000  0.000121  1.000000  1.000000  0.000000  0.000000  0.000000  1.000000  0.000000  0.000000  0.000000  1.000000  1.000000  0.000000  0.000000  0.000000  1.000000  0.000000  0.000000  0.000000  1.000000  0.000000  0.000000  
101.130604 0.013250  0.096088  -0.018978  0.994282  0.086057  -0.063233  -0.084124  0.995921  0.032614  0.065781  -0.027108  0.997466  0.006371  -0.007110  0.003104  0.000000  0.000000  0.000000  2.000000  1.000000  0.000000  0.000000  0.000000  1.000000  0.000000  0.000000  0.000000  1.000000  1.000000  0.000000  0.000000  -0.000000  1.000000  -0.000121  0.000000  0.000121  1.000000  1.000000  0.000000  0.000000  0.000000  1.000000  0.000000  0.000000  0.000000  1.000000  1.000000  0.000000  0.000000  0.000000  1.000000  0.000000  0.000000  0.000000  1.000000  0.000000  0.000000  
101.131846 0.013259  0.096080  -0.018973  0.994282  0.086057  -0.063233  -0.084124  0.995921  0.032614  0.065781  -0.027108  0.997466  0.006450  -0.007074  0.003093  0.000000  0.000000  0.000000  2.000000  1.000000  0.000000  0.000000  0.000000  1.000000  0.000000  0.000000  0.000000  1.000000  1.000000  0.000004  -0.000134  -0.000004  1.000000  -0.000121  0.000134  0.000121  1.000000  1.000000  0.000000  0.000000  0.000000  1.000000  0.000000  0.000000  0.000000  1.000000  1.000000  0.000000  0.000000  0.000000  1.000000  0.000000  0.000000  0.000000  1.000000  0.000000  0.000000  
