1-Time 2-Px 3-Py 4-Pz 5-R11 6-R21 7-R31 8-R12 9-R22 10-R32 11-R13 12-R23 13-R33 14-Vx 15-Vy 16-Vz 17-Wx 18-Wy 19-Wz 20-state 21-PR11 22-PR21 23-PR31 24-PR12 25-PR22 26-PR32 27-PR13 28-PR23 29-PR33 
118.804444 0.012350  0.097332  -0.018827  0.994870  0.027581  0.097324  -0.100080  0.128390  0.986661  0.014717  -0.991340  0.130492  -0.000140  -0.000242  0.000046  0.000000  0.000000  0.000000  2.000000  1.000000  0.000000  0.000000  0.000000  -0.000000  1.000000  0.000000  -1.000000  -0.000000  0.999997  0.002361  -0.000518  -0.002361  0.999997  -0.000002  0.000518  0.000003  1.000000  1.000000  0.000000  0.000000  0.000000  1.000000  0.000000  0.000000  0.000000  1.000000  0.370734  0.668672  0.644542  -0.566703  -0.386954  0.727402  0.735801  -0.634937  0.235481  0.000000  0.000000  
118.805466 0.012351  0.097333  -0.018827  0.994869  0.027713  0.097307  -0.100080  0.128377  0.986663  0.014851  -0.991338  0.130492  -0.000071  -0.000079  0.000045  0.000000  0.000000  0.000000  2.000000  1.000000  0.000000  0.000000  0.000000  -0.000000  1.000000  0.000000  -1.000000  -0.000000  0.999997  0.002361  -0.000518  -0.002361  0.999997  -0.000002  0.000518  0.000003  1.000000  1.000000  0.000000  0.000000  0.000000  1.000000  0.000000  0.000000  0.000000  1.000000  1.000000  0.000000  0.000000  0.000000  -0.000000  1.000000  0.000000  -1.000000  -0.000000  0.000000  0.000000  
118.806691 0.012353  0.097335  -0.018827  0.994848  0.027751  0.097507  -0.100285  0.128491  0.986627  0.014851  -0.991322  0.130612  0.000155  0.000146  0.000109  0.000000  0.000000  0.000000  2.000000  1.000000  0.000000  0.000000  0.000000  -0.000000  1.000000  0.000000  -1.000000  -0.000000  0.999997  0.002361  -0.000518  -0.002361  0.999997  -0.000002  0.000518  0.000003  1.000000  1.000000  0.000000  0.000000  0.000000  1.000000  0.000000  0.000000  0.000000  1.000000  1.000000  0.000000  0.000000  0.000000  -0.000000  1.000000  0.000000  -1.000000  -0.000000  0.000000  0.000000  
118.807693 0.012357  0.097337  -0.018826  0.994850  0.027619  0.097524  -0.100285  0.128504  0.986625  0.014717  -0.991324  0.130612  0.000443  0.000407  0.000264  0.000000  0.000000  0.000000  2.000000  1.000000  0.000000  0.000000  0.000000  -0.000000  1.000000  0.000000  -1.000000  -0.000000  0.999998  0.001990  -0.000262  -0.001990  0.999998  -0.000121  0.000262  0.000122  1.000000  1.000000  0.000000  0.000000  0.000000  1.000000  0.000000  0.000000  0.000000  1.000000  1.000000  0.000000  0.000000  0.000000  -0.000000  1.000000  0.000000  -1.000000  -0.000000  0.000000  0.000000  
118.808700 0.012361  0.097339  -0.018824  0.994829  0.027657  0.097724  -0.100490  0.128618  0.986590  0.014717  -0.991308  0.130733  0.000711  0.000612  0.000406  0.000000  0.000000  0.000000  2.000000  1.000000  0.000000  0.000000  0.000000  -0.000000  1.000000  0.000000  -1.000000  -0.000000  0.999998  0.001857  -0.000245  -0.001857  0.999998  -0.000242  0.000244  0.000243  1.000000  1.000000  0.000000  0.000000  0.000000  1.000000  0.000000  0.000000  0.000000  1.000000  1.000000  0.000000  0.000000  0.000000  -0.000000  1.000000  0.000000  -1.000000  -0.000000  0.000000  0.000000  
118.809702 0.012364  0.097341  -0.018823  0.994831  0.027525  0.097741  -0.100490  0.128632  0.986588  0.014584  -0.991310  0.130733  0.000971  0.000761  0.000495  0.000000  0.000000  0.000000  2.000000  1.000000  0.000000  0.000000  0.000000  -0.000000  1.000000  0.000000  -1.000000  -0.000000  0.999999  0.001513  0.000216  -0.001513  0.999999  -0.000358  -0.000216  0.000358  1.000000  1.000000  0.000000  0.000000  0.000000  1.000000  0.000000  0.000000  0.000000  1.000000  1.000000  0.000000  0.000000  0.000000  -0.000000  1.000000  0.000000  -1.000000  -0.000000  0.000000  0.000000  
118.810956 0.012370  0.097344  -0.018821  0.994831  0.027537  0.097738  -0.100490  0.128751  0.986572  0.014584  -0.991295  0.130853  0.001363  0.000988  0.000490  0.000000  0.000000  0.000000  2.000000  1.000000  0.000000  0.000000  0.000000  -0.000000  1.000000  0.000000  -1.000000  -0.000000  0.999999  0.001380  0.000233  -0.001380  0.999999  -0.000480  -0.000234  0.000479  1.000000  1.000000  0.000000  0.000000  0.000000  1.000000  0.000000  0.000000  0.000000  1.000000  1.000000  0.000000  0.000000  0.000000  -0.000000  1.000000  0.000000  -1.000000  -0.000000  0.000000  0.000000  
118.812192 0.012377  0.097347  -0.018821  0.994829  0.027693  0.097714  -0.100490  0.128977  0.986543  0.014717  -0.991261  0.131093  0.001779  0.001189  0.000454  0.000000  0.000000  0.000000  2.000000  1.000000  0.000000  0.000000  0.000000  -0.000000  1.000000  0.000000  -1.000000  -0.000000  0.999999  0.001248  0.000250  -0.001248  0.999999  -0.000601  -0.000251  0.000601  1.000000  1.000000  0.000000  0.000000  0.000000  1.000000  0.000000  0.000000  0.000000  1.000000  1.000000  0.000000  0.000000  0.000000  -0.000000  1.000000  0.000000  -1.000000  -0.000000  0.000000  0.000000  
118.813199 0.012382  0.097349  -0.018821  0.994827  0.027825  0.097696  -0.100490  0.128964  0.986545  0.014851  -0.991259  0.131093  0.002101  0.001333  0.000321  0.000000  0.000000  0.000000  2.000000  1.000000  0.000000  0.000000  0.000000  -0.000000  1.000000  0.000000  -1.000000  -0.000000  0.999999  0.001248  0.000250  -0.001248  0.999999  -0.000722  -0.000251  0.000722  1.000000  1.000000  0.000000  0.000000  0.000000  1.000000  0.000000  0.000000  0.000000  1.000000  1.000000  0.000000  0.000000  0.000000  -0.000000  1.000000  0.000000  -1.000000  -0.000000  0.000000  0.000000  
118.814225 0.012386  0.097351  -0.018822  0.994827  0.027837  0.097693  -0.100490  0.129084  0.986529  0.014851  -0.991243  0.131213  0.002420  0.001433  0.000202  0.000000  0.000000  0.000000  2.000000  1.000000  0.000000  0.000000  0.000000  -0.000000  1.000000  0.000000  -1.000000  -0.000000  0.999999  0.001248  0.000250  -0.001248  0.999999  -0.000843  -0.000251  0.000843  1.000000  1.000000  0.000000  0.000000  0.000000  1.000000  0.000000  0.000000  0.000000  1.000000  1.000000  0.000000  0.000000  0.000000  -0.000000  1.000000  0.000000  -1.000000  -0.000000  0.000000  0.000000  
118.815468 0.012393  0.097354  -0.018823  0.994827  0.027860  0.097686  -0.100490  0.129323  0.986498  0.014851  -0.991211  0.131454  0.002865  0.001602  0.000094  0.000000  0.000000  0.000000  2.000000  1.000000  0.000000  0.000000  0.000000  -0.000000  1.000000  0.000000  -1.000000  -0.000000  0.999999  0.001248  0.000250  -0.001248  0.999999  -0.000965  -0.000251  0.000964  1.000000  1.000000  0.000000  0.000000  0.000000  1.000000  0.000000  0.000000  0.000000  1.000000  1.000000  0.000000  0.000000  0.000000  -0.000000  1.000000  0.000000  -1.000000  -0.000000  0.000000  0.000000  
118.816692 0.012400  0.097357  -0.018824  0.994829  0.027740  0.097700  -0.100490  0.129456  0.986480  0.014717  -0.991197  0.131574  0.003342  0.001808  0.000049  0.000000  0.000000  0.000000  2.000000  1.000000  0.000000  0.000000  0.000000  -0.000000  1.000000  0.000000  -1.000000  -0.000000  0.999999  0.001115  0.000267  -0.001115  0.999999  -0.001207  -0.000269  0.001207  0.999999  1.000000  0.000000  0.000000  0.000000  1.000000  0.000000  0.000000  0.000000  1.000000  1.000000  0.000000  0.000000  0.000000  -0.000000  1.000000  0.000000  -1.000000  -0.000000  0.000000  0.000000  
118.817700 0.012406  0.097359  -0.018825  0.994808  0.027779  0.097900  -0.100695  0.129570  0.986444  0.014717  -0.991181  0.131694  0.003744  0.001901  0.000056  0.000000  0.000000  0.000000  2.000000  1.000000  0.000000  0.000000  0.000000  -0.000000  1.000000  0.000000  -1.000000  -0.000000  0.999999  0.001010  0.000489  -0.001009  0.999999  -0.001326  -0.000490  0.001325  0.999999  1.000000  0.000000  0.000000  0.000000  1.000000  0.000000  0.000000  0.000000  1.000000  1.000000  0.000000  0.000000  0.000000  -0.000000  1.000000  0.000000  -1.000000  -0.000000  0.000000  0.000000  
118.818706 0.012411  0.097362  -0.018825  0.994810  0.027659  0.097914  -0.100695  0.129703  0.986427  0.014584  -0.991167  0.131815  0.004105  0.002051  0.000126  0.000000  0.000000  0.000000  2.000000  1.000000  0.000000  0.000000  0.000000  -0.000000  1.000000  0.000000  -1.000000  -0.000000  1.000000  0.000745  0.000524  -0.000744  0.999999  -0.001447  -0.000525  0.001447  0.999999  1.000000  0.000000  0.000000  0.000000  1.000000  0.000000  0.000000  0.000000  1.000000  1.000000  0.000000  0.000000  0.000000  -0.000000  1.000000  0.000000  -1.000000  -0.000000  0.000000  0.000000  
118.819954 0.012419  0.097366  -0.018824  0.994812  0.027551  0.097925  -0.100695  0.129956  0.986393  0.014450  -0.991137  0.132056  0.004629  0.002268  0.000261  0.000000  0.000000  0.000000  2.000000  1.000000  0.000000  0.000000  0.000000  -0.000000  1.000000  0.000000  -1.000000  -0.000000  1.000000  0.000479  0.000559  -0.000478  0.999999  -0.001568  -0.000560  0.001568  0.999999  1.000000  0.000000  0.000000  0.000000  1.000000  0.000000  0.000000  0.000000  1.000000  1.000000  0.000000  0.000000  0.000000  -0.000000  1.000000  0.000000  -1.000000  -0.000000  0.000000  0.000000  
118.821195 0.012427  0.097370  -0.018823  0.994812  0.027562  0.097922  -0.100695  0.130075  0.986378  0.014450  -0.991121  0.132176  0.005008  0.002419  0.000291  0.000000  0.000000  0.000000  2.000000  1.000000  0.000000  0.000000  0.000000  -0.000000  1.000000  0.000000  -1.000000  -0.000000  1.000000  0.000347  0.000577  -0.000346  0.999998  -0.001811  -0.000577  0.001811  0.999998  1.000000  0.000000  0.000000  0.000000  1.000000  0.000000  0.000000  0.000000  1.000000  1.000000  0.000000  0.000000  0.000000  -0.000000  1.000000  0.000000  -1.000000  -0.000000  0.000000  0.000000  
118.822203 0.012433  0.097373  -0.018822  0.994812  0.027586  0.097915  -0.100695  0.130314  0.986346  0.014450  -0.991089  0.132416  0.005223  0.002504  0.000257  0.000000  0.000000  0.000000  2.000000  1.000000  0.000000  0.000000  0.000000  -0.000000  1.000000  0.000000  -1.000000  -0.000000  1.000000  0.000347  0.000577  -0.000346  0.999998  -0.001932  -0.000577  0.001932  0.999998  1.000000  0.000000  0.000000  0.000000  1.000000  0.000000  0.000000  0.000000  1.000000  1.000000  0.000000  0.000000  0.000000  -0.000000  1.000000  0.000000  -1.000000  -0.000000  0.000000  0.000000  
118.823443 0.012441  0.097377  -0.018823  0.994812  0.027610  0.097908  -0.100695  0.130554  0.986314  0.014450  -0.991057  0.132657  0.005441  0.002545  0.000093  0.000000  0.000000  0.000000  2.000000  1.000000  0.000000  0.000000  0.000000  -0.000000  1.000000  0.000000  -1.000000  -0.000000  1.000000  0.000214  0.000594  -0.000213  0.999998  -0.002175  -0.000595  0.002174  0.999997  1.000000  0.000000  0.000000  0.000000  1.000000  0.000000  0.000000  0.000000  1.000000  1.000000  0.000000  0.000000  0.000000  -0.000000  1.000000  0.000000  -1.000000  -0.000000  0.000000  0.000000  
118.824452 0.012447  0.097379  -0.018824  0.994814  0.027490  0.097923  -0.100696  0.130687  0.986297  0.014316  -0.991043  0.132777  0.005611  0.002604  -0.000083  0.000000  0.000000  0.000000  2.000000  1.000000  0.000000  0.000000  0.000000  -0.000000  1.000000  0.000000  -1.000000  -0.000000  1.000000  0.000082  0.000612  -0.000081  0.999997  -0.002296  -0.000612  0.002296  0.999997  1.000000  0.000000  0.000000  0.000000  1.000000  0.000000  0.000000  0.000000  1.000000  1.000000  0.000000  0.000000  0.000000  -0.000000  1.000000  0.000000  -1.000000  -0.000000  0.000000  0.000000  
118.825695 0.012454  0.097382  -0.018826  0.994794  0.027552  0.098116  -0.100900  0.131040  0.986229  0.014316  -0.990994  0.133138  0.005720  0.002619  -0.000342  0.000000  0.000000  0.000000  2.000000  1.000000  0.000000  0.000000  0.000000  -0.000000  1.000000  0.000000  -1.000000  -0.000000  1.000000  -0.000023  0.000834  0.000025  0.999997  -0.002535  -0.000834  0.002535  0.999996  1.000000  0.000000  0.000000  0.000000  1.000000  0.000000  0.000000  0.000000  1.000000  1.000000  0.000000  0.000000  0.000000  -0.000000  1.000000  0.000000  -1.000000  -0.000000  0.000000  0.000000  
118.826699 0.012460  0.097385  -0.018828  0.994795  0.027432  0.098130  -0.100900  0.131173  0.986211  0.014182  -0.990980  0.133258  0.005756  0.002608  -0.000501  0.000000  0.000000  0.000000  2.000000  1.000000  0.000000  0.000000  0.000000  -0.000000  1.000000  0.000000  -1.000000  -0.000000  1.000000  -0.000288  0.000870  0.000290  0.999996  -0.002778  -0.000869  0.002778  0.999996  1.000000  0.000000  0.000000  0.000000  1.000000  0.000000  0.000000  0.000000  1.000000  1.000000  0.000000  0.000000  0.000000  -0.000000  1.000000  0.000000  -1.000000  -0.000000  0.000000  0.000000  
118.827704 0.012466  0.097387  -0.018830  0.994795  0.027456  0.098123  -0.100900  0.131412  0.986179  0.014182  -0.990948  0.133499  0.005812  0.002628  -0.000598  0.000000  0.000000  0.000000  2.000000  1.000000  0.000000  0.000000  0.000000  -0.000000  1.000000  0.000000  -1.000000  -0.000000  1.000000  -0.000288  0.000870  0.000290  0.999995  -0.003020  -0.000869  0.003021  0.999995  1.000000  0.000000  0.000000  0.000000  1.000000  0.000000  0.000000  0.000000  1.000000  1.000000  0.000000  0.000000  0.000000  -0.000000  1.000000  0.000000  -1.000000  -0.000000  0.000000  0.000000  
118.828959 0.012474  0.097391  -0.018831  0.994775  0.027519  0.098316  -0.101105  0.131765  0.986111  0.014182  -0.990899  0.133859  0.005938  0.002717  -0.000614  0.000000  0.000000  0.000000  2.000000  1.000000  0.000000  0.000000  0.000000  -0.000000  1.000000  0.000000  -1.000000  -0.000000  0.999999  -0.000525  0.001109  0.000529  0.999995  -0.003260  -0.001108  0.003260  0.999994  1.000000  0.000000  0.000000  0.000000  1.000000  0.000000  0.000000  0.000000  1.000000  1.000000  0.000000  0.000000  0.000000  -0.000000  1.000000  0.000000  -1.000000  -0.000000  0.000000  0.000000  
118.830191 0.012481  0.097394  -0.018832  0.994777  0.027411  0.098328  -0.101105  0.132018  0.986078  0.014048  -0.990868  0.134100  0.005928  0.002698  -0.000631  0.000000  0.000000  0.000000  2.000000  1.000000  0.000000  0.000000  0.000000  -0.000000  1.000000  0.000000  -1.000000  -0.000000  0.999999  -0.000685  0.000924  0.000688  0.999994  -0.003384  -0.000921  0.003385  0.999994  1.000000  0.000000  0.000000  0.000000  1.000000  0.000000  0.000000  0.000000  1.000000  1.000000  0.000000  0.000000  0.000000  -0.000000  1.000000  0.000000  -1.000000  -0.000000  0.000000  0.000000  
118.831440 0.012488  0.097397  -0.018833  0.994777  0.027435  0.098321  -0.101105  0.132257  0.986045  0.014048  -0.990836  0.134340  0.005927  0.002698  -0.000631  0.000000  0.000000  0.000000  2.000000  1.000000  0.000000  0.000000  0.000000  -0.000000  1.000000  0.000000  -1.000000  -0.000000  0.999999  -0.000552  0.000906  0.000556  0.999993  -0.003748  -0.000904  0.003749  0.999993  1.000000  0.000000  0.000000  0.000000  1.000000  0.000000  0.000000  0.000000  1.000000  1.000000  0.000000  0.000000  0.000000  -0.000000  1.000000  0.000000  -1.000000  -0.000000  0.000000  0.000000  
118.832455 0.012493  0.097400  -0.018833  0.994777  0.027459  0.098314  -0.101105  0.132496  0.986013  0.014048  -0.990803  0.134581  0.005909  0.002742  -0.000582  0.000000  0.000000  0.000000  2.000000  1.000000  0.000000  0.000000  0.000000  -0.000000  1.000000  0.000000  -1.000000  -0.000000  1.000000  -0.000447  0.000684  0.000450  0.999993  -0.003751  -0.000682  0.003752  0.999993  1.000000  0.000000  0.000000  0.000000  1.000000  0.000000  0.000000  0.000000  1.000000  1.000000  0.000000  0.000000  0.000000  -0.000000  1.000000  0.000000  -1.000000  -0.000000  0.000000  0.000000  
118.833690 0.012499  0.097402  -0.018834  0.994756  0.027510  0.098511  -0.101310  0.132730  0.985961  0.014048  -0.990770  0.134821  0.005869  0.002724  -0.000630  0.000000  0.000000  0.000000  2.000000  1.000000  0.000000  0.000000  0.000000  -0.000000  1.000000  0.000000  -1.000000  -0.000000  1.000000  -0.000419  0.000888  0.000423  0.999992  -0.003870  -0.000886  0.003870  0.999992  1.000000  0.000000  0.000000  0.000000  1.000000  0.000000  0.000000  0.000000  1.000000  1.000000  0.000000  0.000000  0.000000  -0.000000  1.000000  0.000000  -1.000000  -0.000000  0.000000  0.000000  
118.834704 0.012503  0.097404  -0.018836  0.994758  0.027402  0.098522  -0.101310  0.132983  0.985927  0.013915  -0.990740  0.135062  0.005734  0.002588  -0.000801  0.000000  0.000000  0.000000  2.000000  1.000000  0.000000  0.000000  0.000000  -0.000000  1.000000  0.000000  -1.000000  -0.000000  0.999999  -0.000684  0.000924  0.000688  0.999992  -0.003869  -0.000922  0.003870  0.999992  1.000000  0.000000  0.000000  0.000000  1.000000  0.000000  0.000000  0.000000  1.000000  1.000000  0.000000  0.000000  0.000000  -0.000000  1.000000  0.000000  -1.000000  -0.000000  0.000000  0.000000  
118.835940 0.012508  0.097405  -0.018838  0.994758  0.027426  0.098515  -0.101310  0.133222  0.985895  0.013915  -0.990707  0.135302  0.005548  0.002423  -0.000991  0.000000  0.000000  0.000000  2.000000  1.000000  0.000000  0.000000  0.000000  -0.000000  1.000000  0.000000  -1.000000  -0.000000  0.999999  -0.000817  0.000942  0.000821  0.999991  -0.004112  -0.000939  0.004113  0.999991  1.000000  0.000000  0.000000  0.000000  1.000000  0.000000  0.000000  0.000000  1.000000  1.000000  0.000000  0.000000  0.000000  -0.000000  1.000000  0.000000  -1.000000  -0.000000  0.000000  0.000000  
118.836953 0.012512  0.097406  -0.018841  0.994756  0.027582  0.098491  -0.101310  0.133448  0.985864  0.014048  -0.990672  0.135542  0.005351  0.002249  -0.001260  -0.166643  -0.037875  -0.022137  2.000000  1.000000  0.000000  0.000000  0.000000  -0.000000  1.000000  0.000000  -1.000000  -0.000000  0.999999  -0.000684  0.000925  0.000688  0.999991  -0.004112  -0.000922  0.004113  0.999991  1.000000  0.000000  0.000000  0.000000  1.000000  0.000000  0.000000  0.000000  1.000000  1.000000  0.000000  0.000000  0.000000  -0.000000  1.000000  0.000000  -1.000000  -0.000000  0.000000  0.000000  
118.838189 0.012517  0.097408  -0.018844  0.994756  0.027605  0.098484  -0.101310  0.133687  0.985832  0.014048  -0.990639  0.135782  0.005156  0.002100  -0.001400  -0.173449  -0.036991  -0.017539  2.000000  1.000000  0.000000  0.000000  0.000000  -0.000000  1.000000  0.000000  -1.000000  -0.000000  0.999999  -0.000684  0.000925  0.000688  0.999990  -0.004354  -0.000922  0.004355  0.999990  1.000000  0.000000  0.000000  0.000000  1.000000  0.000000  0.000000  0.000000  1.000000  1.000000  0.000000  0.000000  0.000000  -0.000000  1.000000  0.000000  -1.000000  -0.000000  0.000045  0.000000  
118.839198 0.012522  0.097410  -0.018845  0.994756  0.027641  0.098474  -0.101310  0.134045  0.985783  0.014048  -0.990590  0.136143  0.005083  0.002067  -0.001452  -0.181698  -0.029606  -0.014029  2.000000  1.000000  0.000000  0.000000  0.000000  -0.000000  1.000000  0.000000  -1.000000  -0.000000  0.999999  -0.000551  0.000907  0.000555  0.999990  -0.004476  -0.000904  0.004476  0.999990  1.000000  0.000000  0.000000  0.000000  1.000000  0.000000  0.000000  0.000000  1.000000  1.000000  0.000000  0.000000  0.000000  -0.000000  1.000000  0.000000  -1.000000  -0.000000  0.000046  0.000000  
118.840202 0.012526  0.097412  -0.018846  0.994737  0.027561  0.098688  -0.101515  0.134292  0.985728  0.013915  -0.990558  0.136383  0.005009  0.002066  -0.001328  -0.187050  -0.037290  -0.017662  2.000000  1.000000  0.000000  0.000000  0.000000  -0.000000  1.000000  0.000000  -1.000000  -0.000000  1.000000  -0.000579  0.000703  0.000582  0.999989  -0.004600  -0.000700  0.004601  0.999989  1.000000  0.000000  0.000000  0.000000  1.000000  0.000000  0.000000  0.000000  1.000000  1.000000  0.000000  0.000000  0.000000  -0.000000  1.000000  0.000000  -1.000000  -0.000000  0.000047  0.000000  
118.841443 0.012533  0.097414  -0.018846  0.994737  0.027597  0.098678  -0.101515  0.134651  0.985679  0.013915  -0.990509  0.136744  0.004906  0.002017  -0.001213  -0.193728  -0.037012  -0.017519  2.000000  1.000000  0.000000  0.000000  0.000000  -0.000000  1.000000  0.000000  -1.000000  -0.000000  0.999999  -0.000550  0.000907  0.000554  0.999989  -0.004719  -0.000904  0.004719  0.999988  1.000000  0.000000  0.000000  0.000000  1.000000  0.000000  0.000000  0.000000  1.000000  1.000000  0.000000  0.000000  0.000000  -0.000000  1.000000  0.000000  -1.000000  -0.000000  0.000049  0.000000  
118.842457 0.012538  0.097417  -0.018845  0.994739  0.027489  0.098690  -0.101515  0.134904  0.985645  0.013781  -0.990477  0.136984  0.004843  0.002011  -0.000957  -0.199191  -0.038485  -0.026547  2.000000  1.000000  0.000000  0.000000  0.000000  -0.000000  1.000000  0.000000  -1.000000  -0.000000  0.999999  -0.000550  0.000907  0.000554  0.999988  -0.004840  -0.000905  0.004840  0.999988  1.000000  0.000000  0.000000  0.000000  1.000000  0.000000  0.000000  0.000000  1.000000  1.000000  0.000000  0.000000  0.000000  -0.000000  1.000000  0.000000  -1.000000  -0.000000  0.000050  0.000000  
118.843690 0.012544  0.097420  -0.018843  0.994718  0.027553  0.098883  -0.101720  0.135257  0.985575  0.013781  -0.990427  0.137345  0.004796  0.002020  -0.000733  -0.207136  -0.045926  -0.030048  2.000000  1.000000  -0.000014  0.000023  -0.000023  0.000127  1.000000  -0.000014  -1.000000  0.000127  0.999999  -0.000550  0.000907  0.000554  0.999987  -0.005083  -0.000905  0.005083  0.999987  1.000000  -0.000007  0.000011  0.000007  1.000000  -0.000064  -0.000011  0.000064  1.000000  1.000000  -0.000014  0.000023  -0.000023  0.000127  1.000000  -0.000014  -1.000000  0.000127  0.000052  0.005192  
118.844701 0.012548  0.097421  -0.018842  0.994718  0.027577  0.098876  -0.101720  0.135496  0.985542  0.013781  -0.990394  0.137585  0.004680  0.001916  -0.000693  -0.209682  -0.045599  -0.029823  2.000000  1.000000  -0.000033  0.000064  -0.000064  0.000321  1.000000  -0.000033  -1.000000  0.000321  0.999999  -0.000521  0.001112  0.000527  0.999986  -0.005201  -0.001109  0.005202  0.999986  1.000000  -0.000007  0.000014  0.000007  1.000000  -0.000065  -0.000014  0.000065  1.000000  1.000000  -0.000033  0.000064  -0.000064  0.000321  1.000000  -0.000033  -1.000000  0.000321  0.000055  0.005344  
118.845953 0.012554  0.097424  -0.018841  0.994718  0.027613  0.098866  -0.101720  0.135854  0.985493  0.013781  -0.990344  0.137945  0.004583  0.001863  -0.000616  -0.217967  -0.045648  -0.029839  2.000000  1.000000  -0.000060  0.000120  -0.000120  0.000582  1.000000  -0.000060  -1.000000  0.000582  0.999999  -0.000521  0.001112  0.000527  0.999986  -0.005201  -0.001109  0.005202  0.999986  1.000000  -0.000007  0.000014  0.000007  1.000000  -0.000065  -0.000014  0.000065  1.000000  1.000000  -0.000060  0.000120  -0.000120  0.000582  1.000000  -0.000060  -1.000000  0.000582  0.000056  0.005344  
118.847193 0.012559  0.097425  -0.018842  0.994716  0.027781  0.098837  -0.101720  0.136199  0.985445  0.013915  -0.990292  0.138305  0.004453  0.001731  -0.000554  -0.225899  -0.044418  -0.020965  2.000000  1.000000  -0.000079  0.000174  -0.000174  0.000853  1.000000  -0.000079  -1.000000  0.000853  0.999999  -0.000255  0.001075  0.000261  0.999985  -0.005444  -0.001073  0.005444  0.999985  1.000000  -0.000003  0.000013  0.000003  1.000000  -0.000068  -0.000013  0.000068  1.000000  1.000000  -0.000079  0.000174  -0.000174  0.000853  1.000000  -0.000079  -1.000000  0.000853  0.000057  0.005555  
118.848201 0.012563  0.097426  -0.018841  0.994716  0.027805  0.098831  -0.101720  0.136438  0.985412  0.013915  -0.990258  0.138546  0.004382  0.001623  -0.000521  -0.227753  -0.037307  -0.017597  2.000000  1.000000  -0.000090  0.000207  -0.000207  0.001059  0.999999  -0.000090  -0.999999  0.001059  1.000000  -0.000283  0.000871  0.000288  0.999984  -0.005568  -0.000869  0.005568  0.999984  1.000000  -0.000004  0.000011  0.000004  1.000000  -0.000070  -0.000011  0.000070  1.000000  1.000000  -0.000090  0.000207  -0.000207  0.001059  0.999999  -0.000090  -0.999999  0.001059  0.000058  0.005643  
118.849449 0.012567  0.097426  -0.018841  0.994716  0.027840  0.098821  -0.101720  0.136797  0.985363  0.013915  -0.990208  0.138906  0.004306  0.001501  -0.000339  -0.235997  -0.036716  -0.013139  2.000000  1.000000  -0.000101  0.000250  -0.000250  0.001336  0.999999  -0.000101  -0.999999  0.001335  1.000000  -0.000151  0.000853  0.000155  0.999984  -0.005568  -0.000852  0.005568  0.999984  1.000000  -0.000002  0.000011  0.000002  1.000000  -0.000070  -0.000011  0.000070  1.000000  1.000000  -0.000101  0.000250  -0.000250  0.001336  0.999999  -0.000101  -0.999999  0.001335  0.000058  0.005635  
118.850689 0.012571  0.097426  -0.018839  0.994695  0.027905  0.099013  -0.101925  0.137150  0.985292  0.013915  -0.990157  0.139266  0.004299  0.001442  -0.000099  -0.239991  -0.043578  -0.012189  2.000000  1.000000  -0.000107  0.000300  -0.000300  0.001615  0.999999  -0.000108  -0.999999  0.001615  0.999999  -0.000122  0.001056  0.000128  0.999985  -0.005565  -0.001056  0.005565  0.999984  1.000000  -0.000002  0.000013  0.000002  1.000000  -0.000070  -0.000013  0.000070  1.000000  1.000000  -0.000107  0.000300  -0.000300  0.001615  0.999999  -0.000108  -0.999999  0.001615  0.000061  0.005666  
118.851691 0.012575  0.097427  -0.018838  0.994695  0.027929  0.099006  -0.101925  0.137389  0.985259  0.013915  -0.990123  0.139507  0.004253  0.001375  0.000193  -0.242071  -0.043224  -0.012082  2.000000  1.000000  -0.000114  0.000346  -0.000345  0.001900  0.999998  -0.000115  -0.999998  0.001900  1.000000  -0.000150  0.000853  0.000155  0.999984  -0.005689  -0.000852  0.005689  0.999983  1.000000  -0.000002  0.000011  0.000002  1.000000  -0.000071  -0.000011  0.000071  1.000000  1.000000  -0.000114  0.000346  -0.000345  0.001900  0.999998  -0.000115  -0.999998  0.001900  0.000062  0.005755  
118.852702 0.012579  0.097427  -0.018837  0.994697  0.027833  0.099015  -0.101925  0.137761  0.985207  0.013781  -0.990074  0.139867  0.004216  0.001333  0.000410  -0.250119  -0.043827  -0.016488  2.000000  1.000000  -0.000120  0.000378  -0.000377  0.002113  0.999998  -0.000121  -0.999998  0.002113  1.000000  -0.000150  0.000853  0.000155  0.999983  -0.005811  -0.000852  0.005811  0.999983  1.000000  -0.000002  0.000011  0.000002  1.000000  -0.000073  -0.000011  0.000073  1.000000  1.000000  -0.000120  0.000378  -0.000377  0.002113  0.999998  -0.000121  -0.999998  0.002113  0.000063  0.005875  
118.853947 0.012584  0.097429  -0.018834  0.994676  0.027885  0.099211  -0.102130  0.137994  0.985153  0.013781  -0.990040  0.140107  0.004202  0.001305  0.000778  -0.247923  -0.050416  -0.011207  2.000000  1.000000  -0.000127  0.000425  -0.000425  0.002407  0.999997  -0.000128  -0.999997  0.002407  0.999999  -0.000121  0.001057  0.000127  0.999982  -0.005929  -0.001056  0.005929  0.999982  1.000000  -0.000002  0.000013  0.000002  1.000000  -0.000074  -0.000013  0.000074  1.000000  1.000000  -0.000127  0.000425  -0.000425  0.002407  0.999997  -0.000128  -0.999997  0.002407  0.000064  0.006024  
118.854965 0.012588  0.097430  -0.018832  0.994674  0.028053  0.099182  -0.102130  0.138339  0.985105  0.013915  -0.989988  0.140467  0.004160  0.001207  0.000941  -0.252133  -0.042960  -0.007686  2.000000  1.000000  -0.000128  0.000465  -0.000464  0.002629  0.999996  -0.000129  -0.999997  0.002629  0.999999  0.000012  0.001038  -0.000006  0.999982  -0.005929  -0.001038  0.005929  0.999982  1.000000  0.000000  0.000013  -0.000000  1.000000  -0.000074  -0.000013  0.000074  1.000000  1.000000  -0.000128  0.000465  -0.000464  0.002629  0.999996  -0.000129  -0.999997  0.002629  0.000064  0.006019  
118.856195 0.012592  0.097431  -0.018829  0.994674  0.028089  0.099172  -0.102130  0.138698  0.985055  0.013915  -0.989936  0.140828  0.004051  0.001138  0.001147  -0.256278  -0.042357  -0.003220  2.000000  1.000000  -0.000127  0.000517  -0.000516  0.002936  0.999996  -0.000129  -0.999996  0.002936  0.999999  0.000012  0.001038  -0.000006  0.999981  -0.006172  -0.001038  0.006172  0.999980  1.000000  0.000000  0.000013  -0.000000  1.000000  -0.000077  -0.000013  0.000077  1.000000  1.000000  -0.000127  0.000517  -0.000516  0.002936  0.999996  -0.000129  -0.999996  0.002936  0.000065  0.006258  
118.857452 0.012598  0.097433  -0.018827  0.994653  0.028154  0.099364  -0.102334  0.139050  0.984984  0.013915  -0.989885  0.141188  0.003997  0.001071  0.001185  -0.260278  -0.049215  -0.002257  2.000000  1.000000  -0.000126  0.000571  -0.000571  0.003251  0.999995  -0.000128  -0.999995  0.003251  0.999999  0.000013  0.001038  -0.000006  0.999980  -0.006293  -0.001038  0.006293  0.999980  1.000000  0.000000  0.000013  -0.000000  1.000000  -0.000079  -0.000013  0.000079  1.000000  1.000000  -0.000126  0.000571  -0.000571  0.003251  0.999995  -0.000128  -0.999995  0.003251  0.000066  0.006378  
118.858741 0.012602  0.097435  -0.018825  0.994653  0.028190  0.099354  -0.102334  0.139409  0.984933  0.013915  -0.989834  0.141548  0.003850  0.000932  0.001221  -0.260071  -0.042313  -0.003188  2.000000  1.000000  -0.000121  0.000622  -0.000622  0.003573  0.999993  -0.000123  -0.999994  0.003573  0.999999  0.000146  0.001019  -0.000139  0.999979  -0.006414  -0.001020  0.006414  0.999979  1.000000  0.000002  0.000013  -0.000002  1.000000  -0.000080  -0.000013  0.000080  1.000000  1.000000  -0.000121  0.000622  -0.000622  0.003573  0.999993  -0.000123  -0.999994  0.003573  0.000066  0.006496  
118.859942 0.012607  0.097436  -0.018823  0.994632  0.028255  0.099547  -0.102539  0.139761  0.984862  0.013915  -0.989782  0.141908  0.003796  0.000895  0.001253  -0.266247  -0.048200  0.002210  2.000000  1.000000  -0.000112  0.000681  -0.000680  0.003901  0.999992  -0.000115  -0.999992  0.003901  0.999999  0.000175  0.001223  -0.000167  0.999979  -0.006533  -0.001224  0.006533  0.999978  1.000000  0.000002  0.000015  -0.000002  1.000000  -0.000082  -0.000015  0.000082  1.000000  1.000000  -0.000112  0.000681  -0.000680  0.003901  0.999992  -0.000115  -0.999992  0.003901  0.000067  0.006649  
118.860953 0.012610  0.097436  -0.018822  0.994632  0.028291  0.099536  -0.102539  0.140120  0.984811  0.013915  -0.989730  0.142268  0.003735  0.000835  0.001328  -0.268286  -0.048568  0.002244  2.000000  1.000000  -0.000107  0.000727  -0.000727  0.004152  0.999991  -0.000110  -0.999991  0.004152  0.999999  0.000043  0.001242  -0.000035  0.999977  -0.006775  -0.001242  0.006775  0.999976  1.000000  0.000000  0.000016  -0.000000  1.000000  -0.000085  -0.000016  0.000085  1.000000  1.000000  -0.000107  0.000727  -0.000727  0.004152  0.999991  -0.000110  -0.999991  0.004152  0.000068  0.006888  
118.862199 0.012614  0.097438  -0.018818  0.994611  0.028356  0.099729  -0.102744  0.140472  0.984739  0.013915  -0.989678  0.142628  0.003651  0.000871  0.001606  -0.272447  -0.055454  0.003220  2.000000  1.000000  -0.000104  0.000797  -0.000796  0.004491  0.999990  -0.000108  -0.999990  0.004491  0.999999  0.000073  0.001445  -0.000063  0.999977  -0.006772  -0.001446  0.006772  0.999976  1.000000  0.000001  0.000018  -0.000001  1.000000  -0.000085  -0.000018  0.000085  1.000000  1.000000  -0.000104  0.000797  -0.000796  0.004491  0.999990  -0.000108  -0.999990  0.004491  0.000070  0.006925  
118.863440 0.012617  0.097439  -0.018814  0.994589  0.028422  0.099921  -0.102949  0.140825  0.984667  0.013915  -0.989627  0.142989  0.003548  0.000842  0.001788  -0.278247  -0.054987  0.003206  2.000000  1.000000  -0.000100  0.000872  -0.000871  0.004835  0.999988  -0.000104  -0.999988  0.004835  0.999999  0.000103  0.001649  -0.000091  0.999976  -0.006891  -0.001650  0.006891  0.999975  1.000000  0.000001  0.000021  -0.000001  1.000000  -0.000086  -0.000021  0.000086  1.000000  1.000000  -0.000100  0.000872  -0.000871  0.004835  0.999988  -0.000104  -0.999988  0.004835  0.000070  0.007086  
118.864452 0.012619  0.097439  -0.018811  0.994587  0.028578  0.099895  -0.102948  0.141050  0.984635  0.014048  -0.989590  0.143228  0.003480  0.000895  0.002063  -0.276491  -0.054193  0.012158  2.000000  1.000000  -0.000093  0.000933  -0.000933  0.005095  0.999987  -0.000098  -0.999987  0.005095  0.999999  0.000236  0.001630  -0.000224  0.999976  -0.006891  -0.001631  0.006891  0.999975  1.000000  0.000003  0.000020  -0.000003  1.000000  -0.000086  -0.000020  0.000086  1.000000  1.000000  -0.000093  0.000933  -0.000933  0.005095  0.999987  -0.000098  -0.999987  0.005095  0.000071  0.007085  
118.865698 0.012622  0.097440  -0.018806  0.994566  0.028643  0.100088  -0.103153  0.141402  0.984563  0.014048  -0.989538  0.143588  0.003392  0.000948  0.002243  -0.280383  -0.061023  0.013135  2.000000  0.999999  -0.000075  0.001009  -0.001008  0.005448  0.999985  -0.000081  -0.999985  0.005447  0.999999  0.000369  0.001611  -0.000357  0.999975  -0.007012  -0.001613  0.007012  0.999974  1.000000  0.000005  0.000020  -0.000005  1.000000  -0.000088  -0.000020  0.000088  1.000000  0.999999  -0.000075  0.001009  -0.001008  0.005448  0.999985  -0.000081  -0.999985  0.005447  0.000071  0.007204  
118.866941 0.012625  0.097442  -0.018802  0.994566  0.028680  0.100077  -0.103153  0.141760  0.984512  0.014048  -0.989485  0.143949  0.003274  0.001007  0.002395  -0.282281  -0.061176  0.008635  2.000000  0.999999  -0.000057  0.001089  -0.001089  0.005803  0.999983  -0.000063  -0.999983  0.005803  0.999999  0.000369  0.001610  -0.000358  0.999974  -0.007134  -0.001613  0.007133  0.999973  1.000000  0.000005  0.000020  -0.000005  1.000000  -0.000089  -0.000020  0.000089  1.000000  0.999999  -0.000057  0.001089  -0.001089  0.005803  0.999983  -0.000063  -0.999983  0.005803  0.000073  0.007322  
118.867949 0.012628  0.097443  -0.018800  0.994543  0.028877  0.100250  -0.103358  0.142099  0.984441  0.014182  -0.989431  0.144308  0.003168  0.001004  0.002413  -0.288428  -0.067863  0.014141  2.000000  0.999999  -0.000037  0.001154  -0.001154  0.006070  0.999981  -0.000044  -0.999982  0.006070  0.999998  0.000532  0.001795  -0.000519  0.999974  -0.007131  -0.001798  0.007130  0.999973  1.000000  0.000007  0.000022  -0.000007  1.000000  -0.000089  -0.000022  0.000089  1.000000  0.999999  -0.000037  0.001154  -0.001154  0.006070  0.999981  -0.000044  -0.999982  0.006070  0.000074  0.007372  
118.869201 0.012631  0.097443  -0.018797  0.994522  0.028943  0.100442  -0.103563  0.142451  0.984369  0.014182  -0.989379  0.144668  0.003036  0.000973  0.002415  -0.288354  -0.074714  0.015138  2.000000  0.999999  -0.000004  0.001238  -0.001238  0.006428  0.999979  -0.000012  -0.999979  0.006428  0.999999  0.000635  0.001571  -0.000624  0.999974  -0.007134  -0.001576  0.007133  0.999973  1.000000  0.000008  0.000020  -0.000008  1.000000  -0.000089  -0.000020  0.000089  1.000000  0.999999  -0.000004  0.001238  -0.001238  0.006428  0.999979  -0.000012  -0.999979  0.006428  0.000073  0.007332  
118.870439 0.012633  0.097444  -0.018796  0.994522  0.028979  0.100432  -0.103563  0.142810  0.984317  0.014182  -0.989326  0.145028  0.002910  0.000947  0.002273  -0.290282  -0.066710  0.018496  2.000000  0.999999  0.000029  0.001327  -0.001327  0.006786  0.999976  0.000020  -0.999977  0.006786  0.999998  0.000666  0.001775  -0.000653  0.999974  -0.007131  -0.001780  0.007130  0.999973  1.000000  0.000008  0.000022  -0.000008  1.000000  -0.000089  -0.000022  0.000089  1.000000  0.999999  0.000029  0.001327  -0.001327  0.006786  0.999976  0.000020  -0.999977  0.006786  0.000074  0.007378  
118.871445 0.012635  0.097445  -0.018796  0.994500  0.029033  0.100627  -0.103767  0.143042  0.984262  0.014182  -0.989291  0.145268  0.002759  0.000895  0.002216  -0.286997  -0.074776  0.019827  2.000000  0.999999  0.000055  0.001398  -0.001399  0.007056  0.999974  0.000045  -0.999975  0.007057  0.999998  0.000696  0.001978  -0.000682  0.999974  -0.007128  -0.001983  0.007127  0.999973  1.000000  0.000009  0.000025  -0.000009  1.000000  -0.000089  -0.000025  0.000089  1.000000  0.999999  0.000055  0.001398  -0.001399  0.007056  0.999974  0.000045  -0.999975  0.007057  0.000074  0.007430  
118.872701 0.012639  0.097447  -0.018795  0.994479  0.029099  0.100819  -0.103972  0.143395  0.984189  0.014182  -0.989238  0.145628  0.002665  0.000914  0.002147  -0.288328  -0.080293  0.025097  2.000000  0.999999  0.000085  0.001501  -0.001501  0.007416  0.999971  0.000074  -0.999972  0.007416  0.999997  0.000594  0.002201  -0.000579  0.999974  -0.007125  -0.002205  0.007124  0.999972  1.000000  0.000007  0.000028  -0.000007  1.000000  -0.000089  -0.000028  0.000089  1.000000  0.999999  0.000085  0.001501  -0.001501  0.007416  0.999971  0.000074  -0.999972  0.007416  0.000075  0.007481  
118.873940 0.012642  0.097448  -0.018793  0.994477  0.029268  0.100789  -0.103972  0.143739  0.984139  0.014316  -0.989183  0.145988  0.002572  0.000910  0.002128  -0.288542  -0.072828  0.028609  2.000000  0.999999  0.000115  0.001611  -0.001612  0.007773  0.999968  0.000103  -0.999970  0.007774  0.999997  0.000595  0.002201  -0.000579  0.999974  -0.007125  -0.002205  0.007124  0.999972  1.000000  0.000007  0.000028  -0.000007  1.000000  -0.000089  -0.000028  0.000089  1.000000  0.999999  0.000115  0.001611  -0.001612  0.007773  0.999968  0.000103  -0.999970  0.007774  0.000074  0.007481  
118.874948 0.012645  0.097450  -0.018791  0.994456  0.029322  0.100985  -0.104177  0.143972  0.984083  0.014316  -0.989147  0.146228  0.002507  0.000946  0.002134  -0.288241  -0.079616  0.029589  2.000000  0.999999  0.000143  0.001695  -0.001696  0.008044  0.999966  0.000129  -0.999968  0.008044  0.999997  0.000728  0.002181  -0.000712  0.999974  -0.007125  -0.002187  0.007124  0.999972  1.000000  0.000009  0.000027  -0.000009  1.000000  -0.000089  -0.000027  0.000089  1.000000  0.999999  0.000143  0.001695  -0.001696  0.008044  0.999966  0.000129  -0.999968  0.008044  0.000075  0.007487  
118.876203 0.012648  0.097451  -0.018789  0.994434  0.029388  0.101177  -0.104381  0.144324  0.984010  0.014316  -0.989094  0.146588  0.002471  0.000986  0.002148  -0.288192  -0.086467  0.030608  2.000000  0.999998  0.000171  0.001777  -0.001778  0.008314  0.999964  0.000156  -0.999965  0.008314  0.999997  0.000729  0.002181  -0.000713  0.999973  -0.007247  -0.002186  0.007245  0.999971  1.000000  0.000009  0.000027  -0.000009  1.000000  -0.000091  -0.000027  0.000091  1.000000  0.999998  0.000171  0.001777  -0.001778  0.008314  0.999964  0.000156  -0.999965  0.008314  0.000075  0.007602  
118.877216 0.012650  0.097452  -0.018787  0.994434  0.029413  0.101170  -0.104381  0.144562  0.983975  0.014316  -0.989058  0.146828  0.002448  0.000991  0.002042  -0.286396  -0.087801  0.026394  2.000000  0.999998  0.000199  0.001867  -0.001868  0.008587  0.999961  0.000183  -0.999963  0.008587  0.999997  0.000759  0.002385  -0.000742  0.999973  -0.007244  -0.002390  0.007242  0.999971  1.000000  0.000009  0.000030  -0.000009  1.000000  -0.000091  -0.000030  0.000091  1.000000  0.999998  0.000199  0.001867  -0.001868  0.008587  0.999961  0.000183  -0.999963  0.008587  0.000075  0.007663  
118.878454 0.012653  0.097453  -0.018785  0.994411  0.029611  0.101342  -0.104586  0.144901  0.983903  0.014450  -0.989003  0.147188  0.002398  0.000954  0.001909  -0.287946  -0.093252  0.031634  2.000000  0.999998  0.000244  0.001993  -0.001995  0.008953  0.999958  0.000226  -0.999960  0.008954  0.999996  0.000923  0.002568  -0.000904  0.999973  -0.007241  -0.002575  0.007239  0.999970  1.000000  0.000011  0.000032  -0.000011  1.000000  -0.000091  -0.000032  0.000091  1.000000  0.999998  0.000244  0.001993  -0.001995  0.008953  0.999958  0.000226  -0.999960  0.008954  0.000076  0.007737  
