1-Time 2-Px 3-Py 4-Pz 5-R11 6-R21 7-R31 8-R12 9-R22 10-R32 11-R13 12-R23 13-R33 14-Vx 15-Vy 16-Vz 17-Wx 18-Wy 19-Wz 20-state 21-PR11 22-PR21 23-PR31 24-PR12 25-PR22 26-PR32 27-PR13 28-PR23 29-PR33 
34.344814 0.011677  0.095550  -0.012212  0.997501  0.050398  -0.049509  0.044386  0.098136  0.994183  0.054964  -0.993896  0.095654  0.000050  0.000062  0.000082  0.000000  0.000000  0.000000  2.000000  1.000000  0.000000  0.000000  0.000000  -0.000000  1.000000  0.000000  -1.000000  -0.000000  1.000000  0.000212  0.000806  -0.000212  1.000000  0.000045  -0.000806  -0.000045  1.000000  1.000000  0.000000  0.000000  0.000000  1.000000  0.000000  0.000000  0.000000  1.000000  0.528105  0.621217  0.578960  -0.567068  -0.249505  0.784972  0.632091  -0.742858  0.220507  0.000000  0.000000  
34.345816 0.011677  0.095550  -0.012212  0.997501  0.050398  -0.049509  0.044386  0.098136  0.994183  0.054964  -0.993896  0.095654  0.000050  0.000062  0.000082  0.000000  0.000000  0.000000  2.000000  1.000000  0.000000  0.000000  0.000000  -0.000000  1.000000  0.000000  -1.000000  -0.000000  1.000000  0.000192  0.000601  -0.000192  1.000000  0.000034  -0.000601  -0.000034  1.000000  1.000000  0.000000  0.000000  0.000000  1.000000  0.000000  0.000000  0.000000  1.000000  1.000000  0.000000  0.000000  0.000000  -0.000000  1.000000  0.000000  -1.000000  -0.000000  0.000000  0.000000  
34.347064 0.011680  0.095550  -0.012211  0.997510  0.050418  -0.049305  0.044181  0.098126  0.994193  0.054964  -0.993896  0.095654  0.000229  0.000095  0.000123  0.000000  0.000000  0.000000  2.000000  1.000000  0.000000  0.000000  0.000000  -0.000000  1.000000  0.000000  -1.000000  -0.000000  1.000000  0.000212  0.000806  -0.000212  1.000000  0.000045  -0.000806  -0.000045  1.000000  1.000000  0.000000  0.000000  0.000000  1.000000  0.000000  0.000000  0.000000  1.000000  1.000000  0.000000  0.000000  0.000000  -0.000000  1.000000  0.000000  -1.000000  -0.000000  0.000000  0.000000  
34.348065 0.011683  0.095550  -0.012211  0.997520  0.050438  -0.049100  0.043976  0.098115  0.994203  0.054964  -0.993896  0.095654  0.000431  0.000100  0.000136  0.000000  0.000000  0.000000  2.000000  1.000000  0.000000  0.000000  0.000000  -0.000000  1.000000  0.000000  -1.000000  -0.000000  0.999999  0.000232  0.001010  -0.000232  1.000000  0.000056  -0.001010  -0.000057  0.999999  1.000000  0.000000  0.000000  0.000000  1.000000  0.000000  0.000000  0.000000  1.000000  1.000000  0.000000  0.000000  0.000000  -0.000000  1.000000  0.000000  -1.000000  -0.000000  0.000000  0.000000  
34.349319 0.011686  0.095550  -0.012210  0.997512  0.050571  -0.049113  0.043975  0.098121  0.994202  0.055097  -0.993889  0.095653  0.000631  0.000082  0.000196  0.000000  0.000000  0.000000  2.000000  1.000000  0.000000  0.000000  0.000000  -0.000000  1.000000  0.000000  -1.000000  -0.000000  0.999999  0.000365  0.000997  -0.000365  1.000000  0.000056  -0.000997  -0.000057  1.000000  1.000000  0.000000  0.000000  0.000000  1.000000  0.000000  0.000000  0.000000  1.000000  1.000000  0.000000  0.000000  0.000000  -0.000000  1.000000  0.000000  -1.000000  -0.000000  0.000000  0.000000  
34.350566 0.011690  0.095550  -0.012209  0.997521  0.050592  -0.048908  0.043770  0.098111  0.994212  0.055097  -0.993889  0.095653  0.000925  0.000068  0.000282  0.000000  0.000000  0.000000  2.000000  1.000000  0.000000  0.000000  0.000000  -0.000000  1.000000  0.000000  -1.000000  -0.000000  0.999999  0.000232  0.001010  -0.000232  1.000000  0.000057  -0.001010  -0.000057  0.999999  1.000000  0.000000  0.000000  0.000000  1.000000  0.000000  0.000000  0.000000  1.000000  1.000000  0.000000  0.000000  0.000000  -0.000000  1.000000  0.000000  -1.000000  -0.000000  0.000000  0.000000  
34.351820 0.011696  0.095549  -0.012208  0.997530  0.050606  -0.048709  0.043565  0.098221  0.994211  0.055097  -0.993877  0.095774  0.001254  0.000022  0.000302  0.000000  0.000000  0.000000  2.000000  1.000000  0.000000  0.000000  0.000000  -0.000000  1.000000  0.000000  -1.000000  -0.000000  0.999999  0.000251  0.001215  -0.000251  1.000000  -0.000053  -0.001215  0.000053  0.999999  1.000000  0.000000  0.000000  0.000000  1.000000  0.000000  0.000000  0.000000  1.000000  1.000000  0.000000  0.000000  0.000000  -0.000000  1.000000  0.000000  -1.000000  -0.000000  0.000000  0.000000  
34.353066 0.011702  0.095549  -0.012207  0.997532  0.050759  -0.048518  0.043359  0.098216  0.994220  0.055231  -0.993870  0.095773  0.001679  -0.000021  0.000347  0.000000  0.000000  0.000000  2.000000  1.000000  0.000000  0.000000  0.000000  -0.000000  1.000000  0.000000  -1.000000  -0.000000  0.999999  0.000404  0.001407  -0.000404  1.000000  -0.000042  -0.001407  0.000042  0.999999  1.000000  0.000000  0.000000  0.000000  1.000000  0.000000  0.000000  0.000000  1.000000  1.000000  0.000000  0.000000  0.000000  -0.000000  1.000000  0.000000  -1.000000  -0.000000  0.000000  0.000000  
34.354072 0.011707  0.095549  -0.012206  0.997541  0.050779  -0.048313  0.043153  0.098206  0.994230  0.055231  -0.993870  0.095773  0.002026  -0.000034  0.000427  0.000000  0.000000  0.000000  2.000000  1.000000  0.000000  0.000000  0.000000  -0.000000  1.000000  0.000000  -1.000000  -0.000000  0.999999  0.000424  0.001611  -0.000424  1.000000  -0.000031  -0.001611  0.000030  0.999999  1.000000  0.000000  0.000000  0.000000  1.000000  0.000000  0.000000  0.000000  1.000000  1.000000  0.000000  0.000000  0.000000  -0.000000  1.000000  0.000000  -1.000000  -0.000000  0.000000  0.000000  
34.355321 0.011714  0.095547  -0.012205  0.997542  0.050926  -0.048127  0.042948  0.098322  0.994227  0.055364  -0.993851  0.095893  0.002471  -0.000128  0.000491  0.000000  0.000000  0.000000  2.000000  1.000000  0.000000  0.000000  0.000000  -0.000000  1.000000  0.000000  -1.000000  -0.000000  0.999998  0.000577  0.001803  -0.000577  1.000000  -0.000141  -0.001803  0.000140  0.999998  1.000000  0.000000  0.000000  0.000000  1.000000  0.000000  0.000000  0.000000  1.000000  1.000000  0.000000  0.000000  0.000000  -0.000000  1.000000  0.000000  -1.000000  -0.000000  0.000000  0.000000  
34.356565 0.011720  0.095547  -0.012205  0.997544  0.051079  -0.047935  0.042742  0.098317  0.994237  0.055498  -0.993843  0.095892  0.002895  -0.000170  0.000537  0.000000  0.000000  0.000000  2.000000  1.000000  0.000000  0.000000  0.000000  -0.000000  1.000000  0.000000  -1.000000  -0.000000  0.999998  0.000710  0.001790  -0.000710  1.000000  -0.000141  -0.001790  0.000140  0.999998  1.000000  0.000000  0.000000  0.000000  1.000000  0.000000  0.000000  0.000000  1.000000  1.000000  0.000000  0.000000  0.000000  -0.000000  1.000000  0.000000  -1.000000  -0.000000  0.000000  0.000000  
34.357571 0.011725  0.095546  -0.012204  0.997545  0.051227  -0.047750  0.042536  0.098433  0.994234  0.055632  -0.993824  0.096012  0.003277  -0.000216  0.000550  0.000000  0.000000  0.000000  2.000000  1.000000  0.000000  0.000000  0.000000  -0.000000  1.000000  0.000000  -1.000000  -0.000000  0.999998  0.000730  0.001995  -0.000730  1.000000  -0.000251  -0.001995  0.000249  0.999998  1.000000  0.000000  0.000000  0.000000  1.000000  0.000000  0.000000  0.000000  1.000000  1.000000  0.000000  0.000000  0.000000  -0.000000  1.000000  0.000000  -1.000000  -0.000000  0.000000  0.000000  
34.358815 0.011733  0.095545  -0.012204  0.997562  0.051267  -0.047340  0.042126  0.098412  0.994254  0.055632  -0.993824  0.096012  0.003737  -0.000291  0.000530  0.000000  0.000000  0.000000  2.000000  1.000000  0.000000  0.000000  0.000000  -0.000000  1.000000  0.000000  -1.000000  -0.000000  0.999997  0.000883  0.002186  -0.000883  1.000000  -0.000240  -0.002187  0.000238  0.999998  1.000000  0.000000  0.000000  0.000000  1.000000  0.000000  0.000000  0.000000  1.000000  1.000000  0.000000  0.000000  0.000000  -0.000000  1.000000  0.000000  -1.000000  -0.000000  0.000000  0.000000  
34.359815 0.011738  0.095545  -0.012204  0.997564  0.051415  -0.047155  0.041920  0.098527  0.994251  0.055765  -0.993805  0.096132  0.004121  -0.000337  0.000543  0.000000  0.000000  0.000000  2.000000  1.000000  0.000000  0.000000  0.000000  -0.000000  1.000000  0.000000  -1.000000  -0.000000  0.999997  0.001036  0.002378  -0.001036  0.999999  -0.000350  -0.002378  0.000347  0.999997  1.000000  0.000000  0.000000  0.000000  1.000000  0.000000  0.000000  0.000000  1.000000  1.000000  0.000000  0.000000  0.000000  -0.000000  1.000000  0.000000  -1.000000  -0.000000  0.000000  0.000000  
34.360816 0.011744  0.095544  -0.012204  0.997572  0.051435  -0.046950  0.041715  0.098517  0.994261  0.055765  -0.993805  0.096132  0.004504  -0.000383  0.000557  0.000000  0.000000  0.000000  2.000000  1.000000  0.000000  0.000000  0.000000  -0.000000  1.000000  0.000000  -1.000000  -0.000000  0.999996  0.001076  0.002787  -0.001075  0.999999  -0.000327  -0.002788  0.000324  0.999996  1.000000  0.000000  0.000000  0.000000  1.000000  0.000000  0.000000  0.000000  1.000000  1.000000  0.000000  0.000000  0.000000  -0.000000  1.000000  0.000000  -1.000000  -0.000000  0.000000  0.000000  
34.361820 0.011751  0.095544  -0.012203  0.997573  0.051582  -0.046764  0.041509  0.098632  0.994258  0.055899  -0.993786  0.096252  0.004780  -0.000407  0.000535  0.000000  0.000000  0.000000  2.000000  1.000000  0.000000  0.000000  0.000000  -0.000000  1.000000  0.000000  -1.000000  -0.000000  0.999995  0.001209  0.002774  -0.001208  0.999999  -0.000448  -0.002775  0.000445  0.999996  1.000000  0.000000  0.000000  0.000000  1.000000  0.000000  0.000000  0.000000  1.000000  1.000000  0.000000  0.000000  0.000000  -0.000000  1.000000  0.000000  -1.000000  -0.000000  0.000000  0.000000  
34.363067 0.011759  0.095544  -0.012202  0.997582  0.051597  -0.046566  0.041304  0.098742  0.994255  0.055899  -0.993774  0.096372  0.005088  -0.000425  0.000584  0.000000  0.000000  0.000000  2.000000  1.000000  0.000000  0.000000  0.000000  -0.000000  1.000000  0.000000  -1.000000  -0.000000  0.999995  0.001230  0.002979  -0.001228  0.999999  -0.000558  -0.002979  0.000555  0.999995  1.000000  0.000000  0.000000  0.000000  1.000000  0.000000  0.000000  0.000000  1.000000  1.000000  0.000000  0.000000  0.000000  -0.000000  1.000000  0.000000  -1.000000  -0.000000  0.000000  0.000000  
34.364317 0.011767  0.095544  -0.012200  0.997583  0.051745  -0.046380  0.041098  0.098858  0.994253  0.056032  -0.993755  0.096492  0.005390  -0.000406  0.000637  0.000000  0.000000  0.000000  2.000000  1.000000  0.000000  0.000000  0.000000  -0.000000  1.000000  0.000000  -1.000000  -0.000000  0.999994  0.001383  0.003170  -0.001381  0.999999  -0.000668  -0.003171  0.000664  0.999995  1.000000  0.000000  0.000000  0.000000  1.000000  0.000000  0.000000  0.000000  1.000000  1.000000  0.000000  0.000000  0.000000  -0.000000  1.000000  0.000000  -1.000000  -0.000000  0.000000  0.000000  
34.365566 0.011775  0.095543  -0.012200  0.997592  0.051913  -0.045990  0.040687  0.098962  0.994259  0.056166  -0.993736  0.096612  0.005632  -0.000458  0.000594  0.000000  0.000000  0.000000  2.000000  1.000000  0.000000  0.000000  0.000000  -0.000000  1.000000  0.000000  -1.000000  -0.000000  0.999993  0.001423  0.003579  -0.001420  0.999999  -0.000767  -0.003580  0.000762  0.999993  1.000000  0.000000  0.000000  0.000000  1.000000  0.000000  0.000000  0.000000  1.000000  1.000000  0.000000  0.000000  0.000000  -0.000000  1.000000  0.000000  -1.000000  -0.000000  0.000000  0.000000  
34.366566 0.011781  0.095542  -0.012199  0.997600  0.051927  -0.045792  0.040481  0.099072  0.994256  0.056166  -0.993724  0.096732  0.005803  -0.000518  0.000618  0.000000  0.000000  0.000000  2.000000  1.000000  0.000000  0.000000  0.000000  -0.000000  1.000000  0.000000  -1.000000  -0.000000  0.999992  0.001557  0.003566  -0.001553  0.999998  -0.000889  -0.003567  0.000883  0.999993  1.000000  0.000000  0.000000  0.000000  1.000000  0.000000  0.000000  0.000000  1.000000  1.000000  0.000000  0.000000  0.000000  -0.000000  1.000000  0.000000  -1.000000  -0.000000  0.000000  0.000000  
34.367816 0.011790  0.095541  -0.012197  0.997610  0.052090  -0.045408  0.040070  0.099297  0.994251  0.056299  -0.993693  0.096973  0.005949  -0.000536  0.000685  0.000000  0.000000  0.000000  2.000000  1.000000  0.000000  0.000000  0.000000  -0.000000  1.000000  0.000000  -1.000000  -0.000000  0.999991  0.001710  0.003757  -0.001706  0.999998  -0.000999  -0.003759  0.000992  0.999992  1.000000  0.000000  0.000000  0.000000  1.000000  0.000000  0.000000  0.000000  1.000000  1.000000  0.000000  0.000000  0.000000  -0.000000  1.000000  0.000000  -1.000000  -0.000000  0.000000  0.000000  
34.369065 0.011797  0.095538  -0.012197  0.997618  0.052105  -0.045210  0.039865  0.099407  0.994248  0.056299  -0.993682  0.097093  0.006002  -0.000689  0.000614  0.000000  0.000000  0.000000  2.000000  1.000000  0.000000  0.000000  0.000000  -0.000000  1.000000  0.000000  -1.000000  -0.000000  0.999991  0.001731  0.003962  -0.001726  0.999998  -0.001230  -0.003964  0.001223  0.999991  1.000000  0.000000  0.000000  0.000000  1.000000  0.000000  0.000000  0.000000  1.000000  1.000000  0.000000  0.000000  0.000000  -0.000000  1.000000  0.000000  -1.000000  -0.000000  0.000000  0.000000  
34.370316 0.011804  0.095536  -0.012196  0.997618  0.052253  -0.045024  0.039659  0.099522  0.994245  0.056433  -0.993662  0.097213  0.006045  -0.000769  0.000605  0.000000  0.000000  0.000000  2.000000  1.000000  0.000000  0.000000  0.000000  -0.000000  1.000000  0.000000  -1.000000  -0.000000  0.999991  0.001731  0.003961  -0.001726  0.999998  -0.001351  -0.003964  0.001344  0.999991  1.000000  0.000000  0.000000  0.000000  1.000000  0.000000  0.000000  0.000000  1.000000  1.000000  0.000000  0.000000  0.000000  -0.000000  1.000000  0.000000  -1.000000  -0.000000  0.000000  0.000000  
34.371318 0.011809  0.095533  -0.012195  0.997635  0.052288  -0.044621  0.039249  0.099622  0.994251  0.056433  -0.993651  0.097334  0.006064  -0.000925  0.000632  -0.047435  -0.167107  0.065919  2.000000  1.000000  0.000000  0.000000  0.000000  -0.000000  1.000000  0.000000  -1.000000  -0.000000  0.999990  0.001752  0.004166  -0.001746  0.999997  -0.001461  -0.004168  0.001453  0.999990  1.000000  0.000000  0.000000  0.000000  1.000000  0.000000  0.000000  0.000000  1.000000  1.000000  0.000000  0.000000  0.000000  -0.000000  1.000000  0.000000  -1.000000  -0.000000  0.000000  0.000000  
34.372319 0.011815  0.095530  -0.012196  0.997635  0.052442  -0.044430  0.039043  0.099616  0.994260  0.056567  -0.993643  0.097333  0.006107  -0.001084  0.000559  -0.047033  -0.173530  0.071055  2.000000  1.000000  0.000000  0.000000  0.000000  -0.000000  1.000000  0.000000  -1.000000  -0.000000  0.999989  0.001905  0.004357  -0.001899  0.999997  -0.001328  -0.004360  0.001320  0.999990  1.000000  0.000000  0.000000  0.000000  1.000000  0.000000  0.000000  0.000000  1.000000  1.000000  0.000000  0.000000  0.000000  -0.000000  1.000000  0.000000  -1.000000  -0.000000  0.000048  0.000000  
34.373321 0.011821  0.095527  -0.012196  0.997643  0.052457  -0.044231  0.038838  0.099726  0.994257  0.056567  -0.993631  0.097453  0.006128  -0.001219  0.000538  -0.050719  -0.180385  0.071728  2.000000  1.000000  0.000000  0.000000  0.000000  -0.000000  1.000000  0.000000  -1.000000  -0.000000  0.999989  0.001772  0.004370  -0.001766  0.999997  -0.001449  -0.004373  0.001441  0.999989  1.000000  0.000000  0.000000  0.000000  1.000000  0.000000  0.000000  0.000000  1.000000  1.000000  0.000000  0.000000  0.000000  -0.000000  1.000000  0.000000  -1.000000  -0.000000  0.000050  0.000000  
34.374573 0.011828  0.095523  -0.012197  0.997644  0.052605  -0.044046  0.038632  0.099841  0.994253  0.056700  -0.993612  0.097573  0.006078  -0.001472  0.000424  -0.054402  -0.186840  0.076890  2.000000  1.000000  0.000000  0.000000  0.000000  -0.000000  1.000000  0.000000  -1.000000  -0.000000  0.999989  0.001773  0.004370  -0.001767  0.999997  -0.001448  -0.004372  0.001441  0.999989  1.000000  0.000000  0.000000  0.000000  1.000000  0.000000  0.000000  0.000000  1.000000  1.000000  0.000000  0.000000  0.000000  -0.000000  1.000000  0.000000  -1.000000  -0.000000  0.000052  0.000000  
34.375828 0.011835  0.095518  -0.012197  0.997652  0.052774  -0.043656  0.038221  0.099945  0.994259  0.056834  -0.993592  0.097693  0.006030  -0.001771  0.000405  -0.058069  -0.193243  0.082032  2.000000  1.000000  0.000000  0.000000  0.000000  -0.000000  1.000000  0.000000  -1.000000  -0.000000  0.999990  0.001753  0.004165  -0.001747  0.999997  -0.001580  -0.004168  0.001573  0.999990  1.000000  0.000000  0.000000  0.000000  1.000000  0.000000  0.000000  0.000000  1.000000  1.000000  0.000000  0.000000  0.000000  -0.000000  1.000000  0.000000  -1.000000  -0.000000  0.000054  0.000000  
34.377068 0.011842  0.095514  -0.012198  0.997660  0.052784  -0.043464  0.038015  0.100175  0.994243  0.056834  -0.993569  0.097934  0.005958  -0.002019  0.000252  -0.065855  -0.200174  0.082753  2.000000  1.000000  0.000000  0.000000  0.000000  -0.000000  1.000000  0.000000  -1.000000  -0.000000  0.999988  0.001794  0.004574  -0.001786  0.999997  -0.001679  -0.004577  0.001671  0.999988  1.000000  0.000000  0.000000  0.000000  1.000000  0.000000  0.000000  0.000000  1.000000  1.000000  0.000000  0.000000  0.000000  -0.000000  1.000000  0.000000  -1.000000  -0.000000  0.000056  0.000000  
34.378322 0.011849  0.095509  -0.012200  0.997675  0.052820  -0.043061  0.037605  0.100274  0.994249  0.056834  -0.993557  0.098055  0.005894  -0.002365  0.000104  -0.069538  -0.207023  0.083426  2.000000  1.000000  0.000000  0.000000  0.000000  -0.000000  1.000000  0.000000  -1.000000  -0.000000  0.999987  0.001682  0.004791  -0.001674  0.999997  -0.001667  -0.004794  0.001659  0.999987  1.000000  0.000000  0.000000  0.000000  1.000000  0.000000  0.000000  0.000000  1.000000  1.000000  0.000000  0.000000  0.000000  -0.000000  1.000000  0.000000  -1.000000  -0.000000  0.000058  0.000000  
34.379334 0.011855  0.095505  -0.012201  0.997675  0.052968  -0.042876  0.037399  0.100389  0.994245  0.056967  -0.993537  0.098174  0.005852  -0.002619  -0.000049  -0.073610  -0.207085  0.083466  2.000000  1.000000  0.000000  0.000000  0.000000  -0.000000  1.000000  0.000000  -1.000000  -0.000000  0.999988  0.001795  0.004573  -0.001787  0.999997  -0.001800  -0.004577  0.001791  0.999988  1.000000  0.000000  0.000000  0.000000  1.000000  0.000000  0.000000  0.000000  1.000000  1.000000  0.000000  0.000000  0.000000  -0.000000  1.000000  0.000000  -1.000000  -0.000000  0.000060  0.000000  
34.380566 0.011862  0.095500  -0.012202  0.997683  0.052983  -0.042678  0.037194  0.100498  0.994242  0.056967  -0.993525  0.098295  0.005824  -0.002879  -0.000201  -0.077286  -0.213921  0.084136  2.000000  1.000000  0.000000  0.000000  0.000000  -0.000000  1.000000  0.000000  -1.000000  -0.000000  0.999988  0.001663  0.004586  -0.001654  0.999997  -0.001920  -0.004589  0.001913  0.999988  1.000000  0.000000  0.000000  0.000000  1.000000  0.000000  0.000000  0.000000  1.000000  1.000000  0.000000  0.000000  0.000000  -0.000000  1.000000  0.000000  -1.000000  -0.000000  0.000060  0.000000  
34.381569 0.011868  0.095496  -0.012203  0.997698  0.053020  -0.042275  0.036783  0.100597  0.994247  0.056967  -0.993514  0.098415  0.005740  -0.003099  -0.000250  -0.076903  -0.220801  0.084839  2.000000  1.000000  0.000000  0.000000  0.000000  -0.000000  1.000000  0.000000  -1.000000  -0.000000  0.999988  0.001531  0.004599  -0.001522  0.999997  -0.001920  -0.004602  0.001913  0.999988  1.000000  0.000000  0.000000  0.000000  1.000000  0.000000  0.000000  0.000000  1.000000  1.000000  0.000000  0.000000  0.000000  -0.000000  1.000000  0.000000  -1.000000  -0.000000  0.000060  0.000000  
34.382816 0.011875  0.095490  -0.012204  0.997706  0.053035  -0.042077  0.036577  0.100707  0.994244  0.056967  -0.993502  0.098536  0.005676  -0.003409  -0.000432  -0.080964  -0.221230  0.080375  2.000000  1.000000  0.000000  0.000000  0.000000  -0.000000  1.000000  0.000000  -1.000000  -0.000000  0.999988  0.001531  0.004599  -0.001522  0.999997  -0.001920  -0.004602  0.001913  0.999988  1.000000  0.000000  0.000000  0.000000  1.000000  0.000000  0.000000  0.000000  1.000000  1.000000  0.000000  0.000000  0.000000  -0.000000  1.000000  0.000000  -1.000000  -0.000000  0.000062  0.000000  
34.384065 0.011882  0.095484  -0.012204  0.997713  0.053046  -0.041885  0.036372  0.100937  0.994228  0.056967  -0.993478  0.098777  0.005636  -0.003623  -0.000448  -0.088395  -0.219422  0.079749  2.000000  1.000000  0.000000  0.000000  0.000000  -0.000000  1.000000  0.000000  -1.000000  -0.000000  0.999988  0.001399  0.004612  -0.001390  0.999997  -0.001919  -0.004615  0.001913  0.999988  1.000000  0.000000  0.000000  0.000000  1.000000  0.000000  0.000000  0.000000  1.000000  1.000000  0.000000  0.000000  0.000000  -0.000000  1.000000  0.000000  -1.000000  -0.000000  0.000063  0.000000  
34.385066 0.011887  0.095479  -0.012204  0.997721  0.053062  -0.041687  0.036167  0.101047  0.994224  0.056967  -0.993466  0.098897  0.005628  -0.003854  -0.000523  -0.088366  -0.219813  0.075324  2.000000  1.000000  0.000000  0.000000  0.000000  -0.000000  1.000000  0.000000  -1.000000  -0.000000  0.999988  0.001399  0.004612  -0.001390  0.999997  -0.001919  -0.004614  0.001913  0.999988  1.000000  0.000000  0.000000  0.000000  1.000000  0.000000  0.000000  0.000000  1.000000  1.000000  0.000000  0.000000  0.000000  -0.000000  1.000000  0.000000  -1.000000  -0.000000  0.000062  0.000000  
34.386318 0.011894  0.095472  -0.012203  0.997736  0.053098  -0.041284  0.035756  0.101145  0.994229  0.056967  -0.993454  0.099018  0.005588  -0.004073  -0.000540  -0.092008  -0.227061  0.071567  2.000000  1.000000  0.000000  0.000000  0.000000  -0.000000  1.000000  0.000000  -1.000000  -0.000000  0.999989  0.001247  0.004420  -0.001238  0.999997  -0.002051  -0.004423  0.002046  0.999988  1.000000  0.000000  0.000000  0.000000  1.000000  0.000000  0.000000  0.000000  1.000000  1.000000  0.000000  0.000000  0.000000  -0.000000  1.000000  0.000000  -1.000000  -0.000000  0.000062  0.000000  
34.387319 0.011899  0.095467  -0.012202  0.997735  0.053247  -0.041099  0.035550  0.101260  0.994225  0.057101  -0.993434  0.099138  0.005567  -0.004184  -0.000463  -0.092753  -0.228967  0.072198  2.000000  1.000000  0.000000  0.000000  0.000000  -0.000000  1.000000  0.000000  -1.000000  -0.000000  0.999989  0.001380  0.004407  -0.001371  0.999997  -0.002051  -0.004410  0.002045  0.999988  1.000000  0.000000  0.000000  0.000000  1.000000  0.000000  0.000000  0.000000  1.000000  1.000000  0.000000  0.000000  0.000000  -0.000000  1.000000  0.000000  -1.000000  -0.000000  0.000063  0.000000  
34.388325 0.011904  0.095462  -0.012202  0.997735  0.053242  -0.041105  0.035550  0.101380  0.994212  0.057101  -0.993422  0.099258  0.005498  -0.004385  -0.000397  -0.097194  -0.222025  0.071517  2.000000  1.000000  0.000000  0.000000  0.000000  -0.000000  1.000000  0.000000  -1.000000  -0.000000  0.999989  0.001248  0.004420  -0.001239  0.999997  -0.002051  -0.004422  0.002045  0.999988  1.000000  0.000000  0.000000  0.000000  1.000000  0.000000  0.000000  0.000000  1.000000  1.000000  0.000000  0.000000  0.000000  -0.000000  1.000000  0.000000  -1.000000  -0.000000  0.000063  0.000000  
34.389569 0.011910  0.095455  -0.012201  0.997750  0.053274  -0.040709  0.035139  0.101600  0.994205  0.057101  -0.993398  0.099499  0.005468  -0.004512  -0.000238  -0.101261  -0.222465  0.067086  2.000000  1.000000  0.000000  0.000000  0.000000  -0.000000  1.000000  0.000000  -1.000000  -0.000000  0.999989  0.001249  0.004420  -0.001239  0.999997  -0.002172  -0.004422  0.002166  0.999988  1.000000  0.000000  0.000000  0.000000  1.000000  0.000000  0.000000  0.000000  1.000000  1.000000  0.000000  0.000000  0.000000  -0.000000  1.000000  0.000000  -1.000000  -0.000000  0.000063  0.000000  
34.390570 0.011915  0.095450  -0.012199  0.997757  0.053290  -0.040510  0.034934  0.101709  0.994201  0.057101  -0.993386  0.099620  0.005452  -0.004636  -0.000133  -0.104554  -0.220806  0.066601  2.000000  1.000000  0.000000  0.000000  0.000000  -0.000000  1.000000  0.000000  -1.000000  -0.000000  0.999990  0.001116  0.004433  -0.001107  0.999997  -0.002171  -0.004435  0.002166  0.999988  1.000000  0.000000  0.000000  0.000000  1.000000  0.000000  0.000000  0.000000  1.000000  1.000000  0.000000  0.000000  0.000000  -0.000000  1.000000  0.000000  -1.000000  -0.000000  0.000063  0.000000  
34.391571 0.011920  0.095445  -0.012199  0.997757  0.053285  -0.040517  0.034934  0.101830  0.994188  0.057101  -0.993374  0.099740  0.005425  -0.004738  -0.000026  -0.104929  -0.214416  0.061514  2.000000  1.000000  0.000000  0.000000  0.000000  -0.000000  1.000000  0.000000  -1.000000  -0.000000  0.999990  0.001096  0.004228  -0.001087  0.999997  -0.002183  -0.004230  0.002178  0.999989  1.000000  0.000000  0.000000  0.000000  1.000000  0.000000  0.000000  0.000000  1.000000  1.000000  0.000000  0.000000  0.000000  -0.000000  1.000000  0.000000  -1.000000  -0.000000  0.000063  0.000000  
34.392817 0.011926  0.095438  -0.012198  0.997771  0.053317  -0.040121  0.034523  0.102049  0.994180  0.057101  -0.993350  0.099981  0.005343  -0.004856  0.000110  -0.109413  -0.222911  0.062700  2.000000  1.000000  0.000000  0.000000  0.000000  -0.000000  1.000000  0.000000  -1.000000  -0.000000  0.999991  0.000964  0.004241  -0.000954  0.999997  -0.002182  -0.004243  0.002178  0.999989  1.000000  0.000000  0.000000  0.000000  1.000000  0.000000  0.000000  0.000000  1.000000  1.000000  0.000000  0.000000  0.000000  -0.000000  1.000000  0.000000  -1.000000  -0.000000  0.000062  0.000000  
34.394070 0.011933  0.095432  -0.012196  0.997778  0.053333  -0.039922  0.034318  0.102159  0.994176  0.057101  -0.993337  0.100102  0.005281  -0.004953  0.000325  -0.109389  -0.223327  0.058247  2.000000  1.000000  0.000000  0.000000  0.000000  -0.000000  1.000000  0.000000  -1.000000  -0.000000  0.999991  0.000811  0.004050  -0.000802  0.999997  -0.002315  -0.004052  0.002311  0.999989  1.000000  0.000000  0.000000  0.000000  1.000000  0.000000  0.000000  0.000000  1.000000  1.000000  0.000000  0.000000  0.000000  -0.000000  1.000000  0.000000  -1.000000  -0.000000  0.000062  0.000000  
34.395320 0.011939  0.095425  -0.012196  0.997785  0.053345  -0.039731  0.034112  0.102389  0.994159  0.057101  -0.993313  0.100343  0.005208  -0.005075  0.000425  -0.113836  -0.216872  0.053128  2.000000  1.000000  0.000000  0.000000  0.000000  -0.000000  1.000000  0.000000  -1.000000  -0.000000  0.999991  0.000832  0.004254  -0.000822  0.999997  -0.002303  -0.004256  0.002299  0.999988  1.000000  0.000000  0.000000  0.000000  1.000000  0.000000  0.000000  0.000000  1.000000  1.000000  0.000000  0.000000  0.000000  -0.000000  1.000000  0.000000  -1.000000  -0.000000  0.000062  0.000000  
34.396564 0.011944  0.095419  -0.012195  0.997792  0.053361  -0.039532  0.033907  0.102499  0.994155  0.057101  -0.993301  0.100463  0.005121  -0.005144  0.000520  -0.112908  -0.215098  0.052721  2.000000  1.000000  0.000000  0.000000  0.000000  -0.000000  1.000000  0.000000  -1.000000  -0.000000  0.999992  0.000679  0.004063  -0.000670  0.999997  -0.002435  -0.004065  0.002433  0.999989  1.000000  0.000000  0.000000  0.000000  1.000000  0.000000  0.000000  0.000000  1.000000  1.000000  0.000000  0.000000  0.000000  -0.000000  1.000000  0.000000  -1.000000  -0.000000  0.000063  0.000000  
34.397568 0.011950  0.095414  -0.012194  0.997799  0.053372  -0.039341  0.033701  0.102729  0.994138  0.057101  -0.993276  0.100704  0.005084  -0.005166  0.000667  -0.114224  -0.210441  0.048052  2.000000  1.000000  0.000000  0.000000  0.000000  -0.000000  1.000000  0.000000  -1.000000  -0.000000  0.999992  0.000680  0.004063  -0.000670  0.999997  -0.002435  -0.004065  0.002433  0.999989  1.000000  0.000000  0.000000  0.000000  1.000000  0.000000  0.000000  0.000000  1.000000  1.000000  0.000000  0.000000  0.000000  -0.000000  1.000000  0.000000  -1.000000  -0.000000  0.000063  0.000000  
34.398816 0.011956  0.095407  -0.012193  0.997806  0.053389  -0.039142  0.033496  0.102838  0.994134  0.057101  -0.993264  0.100824  0.005040  -0.005217  0.000732  -0.114228  -0.210444  0.048080  2.000000  1.000000  0.000000  0.000000  0.000000  -0.000000  1.000000  0.000000  -1.000000  -0.000000  0.999992  0.000681  0.004063  -0.000671  0.999997  -0.002557  -0.004064  0.002554  0.999988  1.000000  0.000000  0.000000  0.000000  1.000000  0.000000  0.000000  0.000000  1.000000  1.000000  0.000000  0.000000  0.000000  -0.000000  1.000000  0.000000  -1.000000  -0.000000  0.000061  0.000000  
34.399822 0.011961  0.095402  -0.012191  0.997813  0.053401  -0.038951  0.033291  0.103069  0.994117  0.057101  -0.993240  0.101065  0.005002  -0.005206  0.000846  -0.118261  -0.210827  0.043632  2.000000  1.000000  0.000000  0.000000  0.000000  -0.000000  1.000000  0.000000  -1.000000  -0.000000  0.999992  0.000528  0.003872  -0.000518  0.999997  -0.002568  -0.003873  0.002566  0.999989  1.000000  0.000000  0.000000  0.000000  1.000000  0.000000  0.000000  0.000000  1.000000  1.000000  0.000000  0.000000  0.000000  -0.000000  1.000000  0.000000  -1.000000  -0.000000  0.000061  0.000000  
34.401066 0.011966  0.095395  -0.012190  0.997827  0.053438  -0.038548  0.032880  0.103167  0.994120  0.057101  -0.993228  0.101186  0.004940  -0.005207  0.000891  -0.116950  -0.215998  0.043998  2.000000  1.000000  0.000000  0.000000  0.000000  -0.000000  1.000000  0.000000  -1.000000  -0.000000  0.999992  0.000528  0.003872  -0.000518  0.999996  -0.002689  -0.003873  0.002687  0.999989  1.000000  0.000000  0.000000  0.000000  1.000000  0.000000  0.000000  0.000000  1.000000  1.000000  0.000000  0.000000  0.000000  -0.000000  1.000000  0.000000  -1.000000  -0.000000  0.000061  0.000000  
34.402313 0.011972  0.095389  -0.012189  0.997826  0.053583  -0.038370  0.032674  0.103402  0.994103  0.057235  -0.993195  0.101426  0.004857  -0.005250  0.000932  -0.125387  -0.209151  0.043338  2.000000  1.000000  0.000000  0.000000  0.000000  -0.000000  1.000000  0.000000  -1.000000  -0.000000  0.999992  0.000683  0.004062  -0.000672  0.999997  -0.002556  -0.004064  0.002553  0.999988  1.000000  0.000000  0.000000  0.000000  1.000000  0.000000  0.000000  0.000000  1.000000  1.000000  0.000000  0.000000  0.000000  -0.000000  1.000000  0.000000  -1.000000  -0.000000  0.000061  0.000000  
34.403316 0.011976  0.095383  -0.012187  0.997833  0.053600  -0.038172  0.032469  0.103511  0.994098  0.057235  -0.993183  0.101547  0.004835  -0.005246  0.001007  -0.125389  -0.209149  0.043364  2.000000  1.000000  0.000000  0.000000  0.000000  -0.000000  1.000000  0.000000  -1.000000  -0.000000  0.999992  0.000663  0.003858  -0.000653  0.999996  -0.002689  -0.003860  0.002686  0.999989  1.000000  0.000000  0.000000  0.000000  1.000000  0.000000  0.000000  0.000000  1.000000  1.000000  0.000000  0.000000  0.000000  -0.000000  1.000000  0.000000  -1.000000  -0.000000  0.000062  0.000000  
34.404319 0.011980  0.095377  -0.012185  0.997839  0.053616  -0.037974  0.032263  0.103621  0.994093  0.057235  -0.993171  0.101667  0.004748  -0.005296  0.001039  -0.125362  -0.209568  0.038947  2.000000  1.000000  0.000000  0.000000  0.000000  -0.000000  1.000000  0.000000  -1.000000  -0.000000  0.999992  0.000663  0.003858  -0.000653  0.999996  -0.002689  -0.003859  0.002686  0.999989  1.000000  0.000000  0.000000  0.000000  1.000000  0.000000  0.000000  0.000000  1.000000  1.000000  0.000000  0.000000  0.000000  -0.000000  1.000000  0.000000  -1.000000  -0.000000  0.000062  0.000000  
34.405320 0.011985  0.095372  -0.012183  0.997846  0.053629  -0.037782  0.032058  0.103851  0.994076  0.057235  -0.993146  0.101908  0.004709  -0.005277  0.001100  -0.129405  -0.209560  0.038985  2.000000  1.000000  0.000000  0.000000  0.000000  -0.000000  1.000000  0.000000  -1.000000  -0.000000  0.999992  0.000664  0.003858  -0.000654  0.999996  -0.002689  -0.003859  0.002686  0.999989  1.000000  0.000000  0.000000  0.000000  1.000000  0.000000  0.000000  0.000000  1.000000  1.000000  0.000000  0.000000  0.000000  -0.000000  1.000000  0.000000  -1.000000  -0.000000  0.000062  0.000000  
34.406570 0.011990  0.095366  -0.012181  0.997851  0.053795  -0.037399  0.031647  0.104074  0.994066  0.057368  -0.993114  0.102148  0.004638  -0.005260  0.001186  -0.133491  -0.209662  0.039044  2.000000  1.000000  0.000000  0.000000  0.000000  -0.000000  1.000000  0.000000  -1.000000  -0.000000  0.999992  0.000798  0.003844  -0.000787  0.999996  -0.002810  -0.003846  0.002807  0.999989  1.000000  0.000000  0.000000  0.000000  1.000000  0.000000  0.000000  0.000000  1.000000  1.000000  0.000000  0.000000  0.000000  -0.000000  1.000000  0.000000  -1.000000  -0.000000  0.000062  0.000000  
34.407820 0.011995  0.095359  -0.012178  0.997858  0.053812  -0.037201  0.031441  0.104184  0.994061  0.057368  -0.993101  0.102269  0.004553  -0.005290  0.001313  -0.133410  -0.209530  0.039045  2.000000  1.000000  0.000000  0.000000  0.000000  -0.000000  1.000000  0.000000  -1.000000  -0.000000  0.999992  0.000687  0.004062  -0.000675  0.999996  -0.002798  -0.004064  0.002795  0.999988  1.000000  0.000000  0.000000  0.000000  1.000000  0.000000  0.000000  0.000000  1.000000  1.000000  0.000000  0.000000  0.000000  -0.000000  1.000000  0.000000  -1.000000  -0.000000  0.000063  0.000000  
34.408821 0.011999  0.095354  -0.012176  0.997864  0.053824  -0.037010  0.031236  0.104414  0.994043  0.057368  -0.993076  0.102509  0.004475  -0.005283  0.001396  -0.138970  -0.204832  0.034238  2.000000  1.000000  0.000000  0.000000  0.000000  -0.000000  1.000000  0.000000  -1.000000  -0.000000  0.999992  0.000687  0.004062  -0.000676  0.999996  -0.002798  -0.004064  0.002795  0.999988  1.000000  0.000000  0.000000  0.000000  1.000000  0.000000  0.000000  0.000000  1.000000  1.000000  0.000000  0.000000  0.000000  -0.000000  1.000000  0.000000  -1.000000  -0.000000  0.000063  0.000000  
34.410070 0.012004  0.095348  -0.012173  0.997869  0.053996  -0.036620  0.030825  0.104516  0.994045  0.057502  -0.993056  0.102629  0.004405  -0.005242  0.001577  -0.134485  -0.211247  0.039445  2.000000  1.000000  0.000000  0.000000  0.000000  -0.000000  1.000000  0.000000  -1.000000  -0.000000  0.999991  0.000821  0.004048  -0.000810  0.999995  -0.002919  -0.004050  0.002916  0.999988  1.000000  0.000000  0.000000  0.000000  1.000000  0.000000  0.000000  0.000000  1.000000  1.000000  0.000000  0.000000  0.000000  -0.000000  1.000000  0.000000  -1.000000  -0.000000  0.000063  0.000000  
34.411318 0.012009  0.095342  -0.012171  0.997876  0.054008  -0.036429  0.030619  0.104746  0.994028  0.057502  -0.993031  0.102870  0.004370  -0.005210  0.001643  -0.138979  -0.204399  0.038793  2.000000  1.000000  0.000000  0.000000  0.000000  -0.000000  1.000000  0.000000  -1.000000  -0.000000  0.999991  0.000843  0.004252  -0.000831  0.999995  -0.002908  -0.004254  0.002904  0.999987  1.000000  0.000000  0.000000  0.000000  1.000000  0.000000  0.000000  0.000000  1.000000  1.000000  0.000000  0.000000  0.000000  -0.000000  1.000000  0.000000  -1.000000  -0.000000  0.000064  0.000000  
34.412571 0.012014  0.095336  -0.012168  0.997882  0.054021  -0.036237  0.030414  0.104976  0.994010  0.057502  -0.993006  0.103111  0.004281  -0.005178  0.001716  -0.143030  -0.204354  0.038823  2.000000  1.000000  0.000000  0.000000  0.000000  -0.000000  1.000000  0.000000  -1.000000  -0.000000  0.999991  0.000845  0.004252  -0.000832  0.999995  -0.003029  -0.004254  0.003025  0.999986  1.000000  0.000000  0.000000  0.000000  1.000000  0.000000  0.000000  0.000000  1.000000  1.000000  0.000000  0.000000  0.000000  -0.000000  1.000000  0.000000  -1.000000  -0.000000  0.000064  0.000000  
34.413812 0.012020  0.095330  -0.012166  0.997894  0.054056  -0.035841  0.030003  0.105195  0.993999  0.057502  -0.992981  0.103352  0.004250  -0.005137  0.001815  -0.145527  -0.209515  0.039240  2.000000  1.000000  0.000000  0.000000  0.000000  -0.000000  1.000000  0.000000  -1.000000  -0.000000  0.999990  0.000867  0.004456  -0.000853  0.999995  -0.003139  -0.004459  0.003135  0.999985  1.000000  0.000000  0.000000  0.000000  1.000000  0.000000  0.000000  0.000000  1.000000  1.000000  0.000000  0.000000  0.000000  -0.000000  1.000000  0.000000  -1.000000  -0.000000  0.000065  0.000000  
34.414818 0.012023  0.095325  -0.012165  0.997893  0.054202  -0.035664  0.029797  0.105429  0.993980  0.057635  -0.992949  0.103592  0.004157  -0.005142  0.001790  -0.146708  -0.210770  0.044087  2.000000  1.000000  0.000000  0.000000  0.000000  -0.000000  1.000000  0.000000  -1.000000  -0.000000  0.999990  0.001000  0.004442  -0.000987  0.999995  -0.003017  -0.004445  0.003013  0.999986  1.000000  0.000000  0.000000  0.000000  1.000000  0.000000  0.000000  0.000000  1.000000  1.000000  0.000000  0.000000  0.000000  -0.000000  1.000000  0.000000  -1.000000  -0.000000  0.000065  0.000000  
34.416066 0.012028  0.095319  -0.012162  0.997899  0.054219  -0.035466  0.029592  0.105539  0.993975  0.057635  -0.992936  0.103712  0.004122  -0.005110  0.001855  -0.147126  -0.203922  0.043418  2.000000  1.000000  0.000000  0.000000  0.000000  -0.000000  1.000000  0.000000  -1.000000  -0.000000  0.999990  0.001001  0.004442  -0.000988  0.999995  -0.003139  -0.004445  0.003134  0.999985  1.000000  0.000000  0.000000  0.000000  1.000000  0.000000  0.000000  0.000000  1.000000  1.000000  0.000000  0.000000  0.000000  -0.000000  1.000000  0.000000  -1.000000  -0.000000  0.000065  0.000000  
34.417316 0.012033  0.095313  -0.012161  0.997911  0.054254  -0.035069  0.029181  0.105757  0.993964  0.057635  -0.992911  0.103953  0.004078  -0.005044  0.001835  -0.149539  -0.209488  0.039353  2.000000  1.000000  0.000000  0.000000  0.000000  -0.000000  1.000000  0.000000  -1.000000  -0.000000  0.999990  0.001003  0.004442  -0.000989  0.999995  -0.003139  -0.004445  0.003134  0.999985  1.000000  0.000000  0.000000  0.000000  1.000000  0.000000  0.000000  0.000000  1.000000  1.000000  0.000000  0.000000  0.000000  -0.000000  1.000000  0.000000  -1.000000  -0.000000  0.000064  0.000000  
34.418316 0.012037  0.095308  -0.012159  0.997917  0.054271  -0.034871  0.028975  0.105867  0.993958  0.057635  -0.992898  0.104074  0.004059  -0.005020  0.001865  -0.149176  -0.216344  0.040085  2.000000  1.000000  0.000000  0.000000  0.000000  -0.000000  1.000000  0.000000  -1.000000  -0.000000  0.999990  0.001003  0.004441  -0.000989  0.999995  -0.003139  -0.004445  0.003134  0.999985  1.000000  0.000000  0.000000  0.000000  1.000000  0.000000  0.000000  0.000000  1.000000  1.000000  0.000000  0.000000  0.000000  -0.000000  1.000000  0.000000  -1.000000  -0.000000  0.000065  0.000000  
34.419568 0.012042  0.095301  -0.012158  0.997915  0.054418  -0.034694  0.028770  0.106101  0.993939  0.057769  -0.992865  0.104314  0.004059  -0.004971  0.001768  -0.149514  -0.209002  0.043863  2.000000  1.000000  0.000000  0.000000  0.000000  -0.000000  1.000000  0.000000  -1.000000  -0.000000  0.999989  0.001158  0.004632  -0.001144  0.999995  -0.003006  -0.004635  0.003000  0.999985  1.000000  0.000000  0.000000  0.000000  1.000000  0.000000  0.000000  0.000000  1.000000  1.000000  0.000000  0.000000  0.000000  -0.000000  1.000000  0.000000  -1.000000  -0.000000  0.000066  0.000000  
