1-Time 2-Px 3-Py 4-Pz 5-R11 6-R21 7-R31 8-R12 9-R22 10-R32 11-R13 12-R23 13-R33 14-Vx 15-Vy 16-Vz 17-Wx 18-Wy 19-Wz 20-state 21-PR11 22-PR21 23-PR31 24-PR12 25-PR22 26-PR32 27-PR13 28-PR23 29-PR33 
202.078788 0.011829  0.095090  -0.013514  0.992983  0.063172  -0.099966  -0.063253  0.997995  0.002357  0.099914  0.003983  0.994988  0.000061  0.000035  0.000092  0.000000  0.000000  0.000000  2.000000  1.000000  0.000000  0.000000  -0.000000  1.000000  0.000000  0.000000  -0.000000  1.000000  1.000000  0.000001  0.000134  -0.000001  1.000000  -0.000000  -0.000134  -0.000000  1.000000  1.000000  0.000000  0.000000  0.000000  1.000000  0.000000  0.000000  0.000000  1.000000  0.530742  0.499982  0.684347  -0.598018  0.793096  -0.115643  -0.600572  -0.347876  0.719927  0.000000  0.000000  
202.079794 0.011830  0.095091  -0.013513  0.992983  0.063172  -0.099966  -0.063253  0.997995  0.002357  0.099914  0.003983  0.994988  0.000092  0.000064  0.000114  0.000000  0.000000  0.000000  2.000000  1.000000  0.000000  0.000000  0.000000  1.000000  0.000000  0.000000  0.000000  1.000000  1.000000  0.000001  0.000134  -0.000001  1.000000  -0.000000  -0.000134  -0.000000  1.000000  1.000000  0.000000  0.000000  0.000000  1.000000  0.000000  0.000000  0.000000  1.000000  1.000000  0.000000  0.000000  0.000000  1.000000  0.000000  0.000000  0.000000  1.000000  0.000000  0.000000  
202.081044 0.011833  0.095091  -0.013513  0.992970  0.063171  -0.100099  -0.063252  0.997995  0.002365  0.100048  0.003983  0.994975  0.000283  0.000071  0.000163  0.000000  0.000000  0.000000  2.000000  1.000000  0.000000  0.000000  0.000000  1.000000  0.000000  0.000000  0.000000  1.000000  1.000000  -0.000000  0.000000  0.000000  1.000000  0.000000  -0.000000  0.000000  1.000000  1.000000  0.000000  0.000000  0.000000  1.000000  0.000000  0.000000  0.000000  1.000000  1.000000  0.000000  0.000000  0.000000  1.000000  0.000000  0.000000  0.000000  1.000000  0.000000  0.000000  
202.082306 0.011836  0.095091  -0.013512  0.992944  0.063376  -0.100231  -0.063456  0.997982  0.002395  0.100181  0.003983  0.994961  0.000495  0.000047  0.000183  0.000000  0.000000  0.000000  2.000000  1.000000  0.000000  0.000000  0.000000  1.000000  0.000000  0.000000  0.000000  1.000000  1.000000  0.000204  -0.000135  -0.000204  1.000000  0.000021  0.000135  -0.000021  1.000000  1.000000  0.000000  0.000000  0.000000  1.000000  0.000000  0.000000  0.000000  1.000000  1.000000  0.000000  0.000000  0.000000  1.000000  0.000000  0.000000  0.000000  1.000000  0.000000  0.000000  
202.083549 0.011839  0.095089  -0.013512  0.992930  0.063375  -0.100364  -0.063455  0.997982  0.002403  0.100314  0.003983  0.994948  0.000740  -0.000031  0.000184  0.000000  0.000000  0.000000  2.000000  1.000000  0.000000  0.000000  0.000000  1.000000  0.000000  0.000000  0.000000  1.000000  1.000000  0.000204  -0.000135  -0.000204  1.000000  0.000021  0.000135  -0.000021  1.000000  1.000000  0.000000  0.000000  0.000000  1.000000  0.000000  0.000000  0.000000  1.000000  1.000000  0.000000  0.000000  0.000000  1.000000  0.000000  0.000000  0.000000  1.000000  0.000000  0.000000  
202.084799 0.011844  0.095089  -0.013512  0.992930  0.063375  -0.100364  -0.063455  0.997982  0.002403  0.100314  0.003983  0.994948  0.001039  -0.000109  0.000178  0.000000  0.000000  0.000000  2.000000  1.000000  0.000000  0.000000  0.000000  1.000000  0.000000  0.000000  0.000000  1.000000  1.000000  0.000204  -0.000268  -0.000204  1.000000  0.000021  0.000268  -0.000021  1.000000  1.000000  0.000000  0.000000  0.000000  1.000000  0.000000  0.000000  0.000000  1.000000  1.000000  0.000000  0.000000  0.000000  1.000000  0.000000  0.000000  0.000000  1.000000  0.000000  0.000000  
202.086048 0.011850  0.095088  -0.013512  0.992904  0.063580  -0.100496  -0.063659  0.997969  0.002432  0.100447  0.003983  0.994934  0.001422  -0.000159  0.000187  0.000000  0.000000  0.000000  2.000000  1.000000  0.000000  0.000000  0.000000  1.000000  0.000000  0.000000  0.000000  1.000000  1.000000  0.000408  -0.000403  -0.000408  1.000000  0.000041  0.000403  -0.000041  1.000000  1.000000  0.000000  0.000000  0.000000  1.000000  0.000000  0.000000  0.000000  1.000000  1.000000  0.000000  0.000000  0.000000  1.000000  0.000000  0.000000  0.000000  1.000000  0.000000  0.000000  
202.087299 0.011856  0.095086  -0.013512  0.992877  0.063785  -0.100629  -0.063862  0.997956  0.002461  0.100580  0.003982  0.994921  0.001811  -0.000259  0.000175  0.000000  0.000000  0.000000  2.000000  1.000000  0.000000  0.000000  0.000000  1.000000  0.000000  0.000000  0.000000  1.000000  1.000000  0.000613  -0.000404  -0.000613  1.000000  0.000062  0.000404  -0.000062  1.000000  1.000000  0.000000  0.000000  0.000000  1.000000  0.000000  0.000000  0.000000  1.000000  1.000000  0.000000  0.000000  0.000000  1.000000  0.000000  0.000000  0.000000  1.000000  0.000000  0.000000  
202.088549 0.011863  0.095085  -0.013513  0.992864  0.063991  -0.100628  -0.064067  0.997943  0.002482  0.100580  0.003982  0.994921  0.002289  -0.000400  0.000100  0.000000  0.000000  0.000000  2.000000  1.000000  0.000000  0.000000  0.000000  1.000000  0.000000  0.000000  0.000000  1.000000  1.000000  0.000817  -0.000538  -0.000817  1.000000  0.000083  0.000539  -0.000082  1.000000  1.000000  0.000000  0.000000  0.000000  1.000000  0.000000  0.000000  0.000000  1.000000  1.000000  0.000000  0.000000  0.000000  1.000000  0.000000  0.000000  0.000000  1.000000  0.000000  0.000000  
202.089551 0.011868  0.095084  -0.013513  0.992837  0.064196  -0.100761  -0.064270  0.997929  0.002511  0.100713  0.003982  0.994908  0.002630  -0.000453  0.000078  0.000000  0.000000  0.000000  2.000000  1.000000  0.000000  0.000000  0.000000  1.000000  0.000000  0.000000  0.000000  1.000000  0.999999  0.000817  -0.000672  -0.000817  1.000000  0.000083  0.000672  -0.000082  1.000000  1.000000  0.000000  0.000000  0.000000  1.000000  0.000000  0.000000  0.000000  1.000000  1.000000  0.000000  0.000000  0.000000  1.000000  0.000000  0.000000  0.000000  1.000000  0.000000  0.000000  
202.090552 0.011873  0.095083  -0.013513  0.992824  0.064195  -0.100893  -0.064269  0.997929  0.002520  0.100846  0.003982  0.994894  0.003025  -0.000505  0.000048  0.000000  0.000000  0.000000  2.000000  1.000000  0.000000  0.000000  0.000000  1.000000  0.000000  0.000000  0.000000  1.000000  0.999999  0.001021  -0.000807  -0.001021  0.999999  0.000104  0.000807  -0.000103  1.000000  1.000000  0.000000  0.000000  0.000000  1.000000  0.000000  0.000000  0.000000  1.000000  1.000000  0.000000  0.000000  0.000000  1.000000  0.000000  0.000000  0.000000  1.000000  0.000000  0.000000  
202.091794 0.011881  0.095083  -0.013514  0.992797  0.064400  -0.101026  -0.064473  0.997916  0.002549  0.100979  0.003982  0.994881  0.003476  -0.000536  -0.000036  0.000000  0.000000  0.000000  2.000000  1.000000  0.000000  0.000000  0.000000  1.000000  0.000000  0.000000  0.000000  1.000000  0.999999  0.001225  -0.000941  -0.001225  0.999999  0.000125  0.000942  -0.000124  1.000000  1.000000  0.000000  0.000000  0.000000  1.000000  0.000000  0.000000  0.000000  1.000000  1.000000  0.000000  0.000000  0.000000  1.000000  0.000000  0.000000  0.000000  1.000000  0.000000  0.000000  
202.093043 0.011889  0.095082  -0.013515  0.992770  0.064605  -0.101158  -0.064676  0.997903  0.002579  0.101113  0.003982  0.994867  0.004023  -0.000563  -0.000096  0.000000  0.000000  0.000000  2.000000  1.000000  0.000000  0.000000  0.000000  1.000000  0.000000  0.000000  0.000000  1.000000  0.999998  0.001429  -0.001210  -0.001429  0.999999  0.000146  0.001210  -0.000144  0.999999  1.000000  0.000000  0.000000  0.000000  1.000000  0.000000  0.000000  0.000000  1.000000  1.000000  0.000000  0.000000  0.000000  1.000000  0.000000  0.000000  0.000000  1.000000  0.000000  0.000000  
202.094047 0.011895  0.095081  -0.013517  0.992744  0.064810  -0.101290  -0.064880  0.997890  0.002608  0.101246  0.003982  0.994853  0.004454  -0.000648  -0.000193  0.000000  0.000000  0.000000  2.000000  1.000000  0.000000  0.000000  0.000000  1.000000  0.000000  0.000000  0.000000  1.000000  0.999998  0.001633  -0.001344  -0.001633  0.999999  0.000167  0.001345  -0.000165  0.999999  1.000000  0.000000  0.000000  0.000000  1.000000  0.000000  0.000000  0.000000  1.000000  1.000000  0.000000  0.000000  0.000000  1.000000  0.000000  0.000000  0.000000  1.000000  0.000000  0.000000  
202.095294 0.011905  0.095081  -0.013517  0.992703  0.065220  -0.101422  -0.065288  0.997863  0.002659  0.101379  0.003982  0.994840  0.004969  -0.000704  -0.000275  0.000000  0.000000  0.000000  2.000000  1.000000  0.000000  0.000000  0.000000  1.000000  0.000000  0.000000  0.000000  1.000000  0.999997  0.001838  -0.001479  -0.001837  0.999998  0.000188  0.001479  -0.000185  0.999999  1.000000  0.000000  0.000000  0.000000  1.000000  0.000000  0.000000  0.000000  1.000000  1.000000  0.000000  0.000000  0.000000  1.000000  0.000000  0.000000  0.000000  1.000000  0.000000  0.000000  
202.096295 0.011912  0.095080  -0.013517  0.992676  0.065437  -0.101546  -0.065491  0.997849  0.002810  0.101512  0.003861  0.994827  0.005330  -0.000702  -0.000285  0.000000  0.000000  0.000000  2.000000  1.000000  0.000000  0.000000  0.000000  1.000000  0.000000  0.000000  0.000000  1.000000  0.999996  0.002247  -0.001614  -0.002246  0.999997  0.000230  0.001615  -0.000226  0.999999  1.000000  0.000000  0.000000  0.000000  1.000000  0.000000  0.000000  0.000000  1.000000  1.000000  0.000000  0.000000  0.000000  1.000000  0.000000  0.000000  0.000000  1.000000  0.000000  0.000000  
202.097545 0.011922  0.095079  -0.013517  0.992649  0.065642  -0.101679  -0.065695  0.997836  0.002839  0.101645  0.003861  0.994813  0.005668  -0.000797  -0.000328  0.000000  0.000000  0.000000  2.000000  1.000000  0.000000  0.000000  0.000000  1.000000  0.000000  0.000000  0.000000  1.000000  0.999995  0.002451  -0.001749  -0.002451  0.999997  0.000372  0.001750  -0.000368  0.999998  1.000000  0.000000  0.000000  0.000000  1.000000  0.000000  0.000000  0.000000  1.000000  1.000000  0.000000  0.000000  0.000000  1.000000  0.000000  0.000000  0.000000  1.000000  0.000000  0.000000  
202.098799 0.011931  0.095076  -0.013517  0.992609  0.065847  -0.101944  -0.065897  0.997822  0.002878  0.101911  0.003861  0.994786  0.006079  -0.000857  -0.000278  0.000000  0.000000  0.000000  2.000000  1.000000  0.000000  0.000000  0.000000  1.000000  0.000000  0.000000  0.000000  1.000000  0.999995  0.002656  -0.001883  -0.002655  0.999996  0.000394  0.001884  -0.000389  0.999998  1.000000  0.000000  0.000000  0.000000  1.000000  0.000000  0.000000  0.000000  1.000000  1.000000  0.000000  0.000000  0.000000  1.000000  0.000000  0.000000  0.000000  1.000000  0.000000  0.000000  
202.100050 0.011941  0.095074  -0.013515  0.992568  0.066257  -0.102075  -0.066305  0.997795  0.002929  0.102044  0.003861  0.994772  0.006418  -0.000956  -0.000204  0.000000  0.000000  0.000000  2.000000  1.000000  0.000000  0.000000  0.000000  1.000000  0.000000  0.000000  0.000000  1.000000  0.999993  0.003064  -0.002152  -0.003063  0.999995  0.000436  0.002154  -0.000430  0.999998  1.000000  0.000000  0.000000  0.000000  1.000000  0.000000  0.000000  0.000000  1.000000  1.000000  0.000000  0.000000  0.000000  1.000000  0.000000  0.000000  0.000000  1.000000  0.000000  0.000000  
202.101296 0.011950  0.095071  -0.013514  0.992527  0.066461  -0.102340  -0.066507  0.997782  0.002967  0.102310  0.003861  0.994745  0.006633  -0.001110  -0.000128  0.000000  0.000000  0.000000  2.000000  1.000000  0.000000  0.000000  0.000000  1.000000  0.000000  0.000000  0.000000  1.000000  0.999992  0.003269  -0.002153  -0.003268  0.999995  0.000458  0.002154  -0.000451  0.999998  1.000000  0.000000  0.000000  0.000000  1.000000  0.000000  0.000000  0.000000  1.000000  1.000000  0.000000  0.000000  0.000000  1.000000  0.000000  0.000000  0.000000  1.000000  0.000000  0.000000  
202.102299 0.011958  0.095069  -0.013513  0.992499  0.066666  -0.102472  -0.066711  0.997768  0.002997  0.102444  0.003861  0.994731  0.006811  -0.001209  -0.000033  0.000000  0.000000  0.000000  2.000000  1.000000  0.000000  0.000000  0.000000  1.000000  0.000000  0.000000  0.000000  1.000000  0.999992  0.003268  -0.002421  -0.003267  0.999995  0.000459  0.002422  -0.000451  0.999997  1.000000  0.000000  0.000000  0.000000  1.000000  0.000000  0.000000  0.000000  1.000000  1.000000  0.000000  0.000000  0.000000  1.000000  0.000000  0.000000  0.000000  1.000000  0.000000  0.000000  
202.103545 0.011967  0.095064  -0.013511  0.992458  0.067077  -0.102604  -0.067118  0.997740  0.003049  0.102577  0.003861  0.994718  0.006959  -0.001363  0.000083  0.000000  0.000000  0.000000  2.000000  1.000000  0.000000  0.000000  0.000000  1.000000  0.000000  0.000000  0.000000  1.000000  0.999991  0.003473  -0.002421  -0.003472  0.999994  0.000480  0.002423  -0.000472  0.999997  1.000000  0.000000  0.000000  0.000000  1.000000  0.000000  0.000000  0.000000  1.000000  1.000000  0.000000  0.000000  0.000000  1.000000  0.000000  0.000000  0.000000  1.000000  0.000000  0.000000  
202.104547 0.011974  0.095061  -0.013510  0.992431  0.067282  -0.102736  -0.067322  0.997727  0.003079  0.102710  0.003861  0.994704  0.007104  -0.001511  0.000202  0.000000  0.000000  0.000000  2.000000  1.000000  0.000000  0.000000  0.000000  1.000000  0.000000  0.000000  0.000000  1.000000  0.999990  0.003882  -0.002423  -0.003881  0.999992  0.000523  0.002425  -0.000514  0.999997  1.000000  0.000000  0.000000  0.000000  1.000000  0.000000  0.000000  0.000000  1.000000  1.000000  0.000000  0.000000  0.000000  1.000000  0.000000  0.000000  0.000000  1.000000  0.000000  0.000000  
202.105551 0.011982  0.095058  -0.013509  0.992403  0.067486  -0.102868  -0.067525  0.997713  0.003109  0.102843  0.003861  0.994690  0.007216  -0.001688  0.000300  0.000000  0.000000  0.000000  2.000000  1.000000  0.000000  0.000000  0.000000  1.000000  0.000000  0.000000  0.000000  1.000000  0.999988  0.004087  -0.002557  -0.004085  0.999992  0.000545  0.002559  -0.000534  0.999997  1.000000  0.000000  0.000000  0.000000  1.000000  0.000000  0.000000  0.000000  1.000000  1.000000  0.000000  0.000000  0.000000  1.000000  0.000000  0.000000  0.000000  1.000000  0.000000  0.000000  
202.106552 0.011989  0.095055  -0.013508  0.992361  0.067897  -0.103000  -0.067933  0.997685  0.003160  0.102976  0.003861  0.994676  0.007353  -0.001921  0.000428  0.000000  0.000000  0.000000  2.000000  1.000000  0.000000  0.000000  0.000000  1.000000  0.000000  0.000000  0.000000  1.000000  0.999989  0.004087  -0.002423  -0.004086  0.999992  0.000545  0.002426  -0.000535  0.999997  1.000000  0.000000  0.000000  0.000000  1.000000  0.000000  0.000000  0.000000  1.000000  1.000000  0.000000  0.000000  0.000000  1.000000  0.000000  0.000000  0.000000  1.000000  0.000000  0.000000  
202.107555 0.011997  0.095052  -0.013507  0.992347  0.068102  -0.102999  -0.068137  0.997671  0.003182  0.102976  0.003861  0.994676  0.007454  -0.002097  0.000566  0.000000  0.000000  0.000000  2.000000  1.000000  0.000000  0.000000  0.000000  1.000000  0.000000  0.000000  0.000000  1.000000  0.999988  0.004087  -0.002557  -0.004085  0.999992  0.000545  0.002559  -0.000535  0.999997  1.000000  0.000000  0.000000  0.000000  1.000000  0.000000  0.000000  0.000000  1.000000  1.000000  0.000000  0.000000  0.000000  1.000000  0.000000  0.000000  0.000000  1.000000  0.000000  0.000000  
202.108794 0.012006  0.095047  -0.013506  0.992320  0.068307  -0.103131  -0.068341  0.997657  0.003212  0.103109  0.003861  0.994663  0.007514  -0.002267  0.000658  0.021637  0.108609  0.171669  2.000000  1.000000  0.000000  0.000000  0.000000  1.000000  0.000000  0.000000  0.000000  1.000000  0.999988  0.004291  -0.002558  -0.004290  0.999991  0.000567  0.002560  -0.000556  0.999997  1.000000  0.000000  0.000000  0.000000  1.000000  0.000000  0.000000  0.000000  1.000000  1.000000  0.000000  0.000000  0.000000  1.000000  0.000000  0.000000  0.000000  1.000000  0.000051  0.000000  
202.109796 0.012013  0.095044  -0.013505  0.992292  0.068512  -0.103263  -0.068544  0.997643  0.003242  0.103242  0.003861  0.994649  0.007509  -0.002453  0.000864  0.022349  0.113118  0.178511  2.000000  1.000000  0.000000  0.000000  0.000000  1.000000  0.000000  0.000000  0.000000  1.000000  0.999987  0.004496  -0.002559  -0.004495  0.999990  0.000589  0.002561  -0.000577  0.999997  1.000000  0.000000  0.000000  0.000000  1.000000  0.000000  0.000000  0.000000  1.000000  1.000000  0.000000  0.000000  0.000000  1.000000  0.000000  0.000000  0.000000  1.000000  0.000053  0.000000  
202.111044 0.012022  0.095041  -0.013503  0.992264  0.068717  -0.103395  -0.068747  0.997629  0.003273  0.103375  0.003861  0.994635  0.007466  -0.002640  0.000974  0.023078  0.113154  0.185406  2.000000  1.000000  0.000000  0.000000  0.000000  1.000000  0.000000  0.000000  0.000000  1.000000  0.999987  0.004496  -0.002559  -0.004495  0.999990  0.000590  0.002561  -0.000578  0.999997  1.000000  0.000000  0.000000  0.000000  1.000000  0.000000  0.000000  0.000000  1.000000  1.000000  0.000000  0.000000  0.000000  1.000000  0.000000  0.000000  0.000000  1.000000  0.000055  0.000000  
202.112293 0.012031  0.095036  -0.013501  0.992222  0.069140  -0.103518  -0.069155  0.997600  0.003446  0.103508  0.003740  0.994622  0.007433  -0.002843  0.001102  0.027668  0.112289  0.190798  2.000000  1.000000  0.000000  0.000000  0.000000  1.000000  0.000000  0.000000  0.000000  1.000000  0.999987  0.004496  -0.002559  -0.004495  0.999990  0.000590  0.002561  -0.000579  0.999997  1.000000  0.000000  0.000000  0.000000  1.000000  0.000000  0.000000  0.000000  1.000000  1.000000  0.000000  0.000000  0.000000  1.000000  0.000000  0.000000  0.000000  1.000000  0.000054  0.000000  
202.113294 0.012038  0.095032  -0.013499  0.992193  0.069344  -0.103650  -0.069358  0.997586  0.003476  0.103641  0.003740  0.994608  0.007361  -0.003027  0.001152  0.028368  0.116729  0.197526  2.000000  1.000000  0.000000  0.000000  0.000000  1.000000  0.000000  0.000000  0.000000  1.000000  0.999986  0.004702  -0.002425  -0.004700  0.999989  0.000733  0.002428  -0.000721  0.999997  1.000000  0.000000  0.000000  0.000000  1.000000  0.000000  0.000000  0.000000  1.000000  1.000000  0.000000  0.000000  0.000000  1.000000  0.000000  0.000000  0.000000  1.000000  0.000057  0.000000  
202.114302 0.012044  0.095028  -0.013497  0.992179  0.069550  -0.103650  -0.069562  0.997571  0.003498  0.103641  0.003740  0.994608  0.007299  -0.003154  0.001253  0.029318  0.113207  0.206028  2.000000  1.000000  0.000000  0.000000  0.000000  1.000000  0.000000  0.000000  0.000000  1.000000  0.999986  0.004702  -0.002425  -0.004700  0.999989  0.000733  0.002428  -0.000722  0.999997  1.000000  0.000000  0.000000  0.000000  1.000000  0.000000  0.000000  0.000000  1.000000  1.000000  0.000000  0.000000  0.000000  1.000000  0.000000  0.000000  0.000000  1.000000  0.000059  0.000000  
202.115552 0.012052  0.095022  -0.013494  0.992151  0.069755  -0.103782  -0.069766  0.997557  0.003528  0.103774  0.003740  0.994594  0.007128  -0.003414  0.001400  0.029345  0.113206  0.206023  2.000000  1.000000  0.000000  0.000000  0.000000  1.000000  0.000000  0.000000  0.000000  1.000000  0.999986  0.004702  -0.002425  -0.004700  0.999989  0.000734  0.002428  -0.000723  0.999997  1.000000  0.000000  0.000000  0.000000  1.000000  0.000000  0.000000  0.000000  1.000000  1.000000  0.000000  0.000000  0.000000  1.000000  0.000000  0.000000  0.000000  1.000000  0.000059  0.000000  
202.116801 0.012060  0.095016  -0.013490  0.992137  0.069947  -0.103790  -0.069970  0.997543  0.003429  0.103774  0.003861  0.994593  0.007038  -0.003619  0.001537  0.025271  0.113228  0.206033  2.000000  1.000000  0.000000  0.000000  0.000000  1.000000  0.000000  0.000000  0.000000  1.000000  0.999987  0.004497  -0.002291  -0.004496  0.999990  0.000470  0.002293  -0.000460  0.999997  1.000000  0.000000  0.000000  0.000000  1.000000  0.000000  0.000000  0.000000  1.000000  1.000000  0.000000  0.000000  0.000000  1.000000  0.000000  0.000000  0.000000  1.000000  0.000059  0.000000  
202.118046 0.012068  0.095009  -0.013486  0.992094  0.070358  -0.103921  -0.070377  0.997514  0.003481  0.103907  0.003860  0.994579  0.006963  -0.003769  0.001726  0.025797  0.112344  0.211201  2.000000  1.000000  0.000000  0.000000  0.000000  1.000000  0.000000  0.000000  0.000000  1.000000  0.999987  0.004497  -0.002291  -0.004496  0.999990  0.000471  0.002293  -0.000460  0.999997  1.000000  0.000000  0.000000  0.000000  1.000000  0.000000  0.000000  0.000000  1.000000  1.000000  0.000000  0.000000  0.000000  1.000000  0.000000  0.000000  0.000000  1.000000  0.000059  0.000000  
202.119049 0.012074  0.095004  -0.013483  0.992079  0.070563  -0.103920  -0.070582  0.997500  0.003502  0.103907  0.003860  0.994579  0.006875  -0.003952  0.001815  0.026728  0.108787  0.219814  2.000000  1.000000  0.000000  0.000000  0.000000  1.000000  0.000000  0.000000  0.000000  1.000000  0.999988  0.004497  -0.002157  -0.004496  0.999990  0.000471  0.002159  -0.000461  0.999998  1.000000  0.000000  0.000000  0.000000  1.000000  0.000000  0.000000  0.000000  1.000000  1.000000  0.000000  0.000000  0.000000  1.000000  0.000000  0.000000  0.000000  1.000000  0.000060  0.000000  
202.120298 0.012081  0.094996  -0.013479  0.992051  0.070768  -0.104052  -0.070785  0.997485  0.003533  0.104041  0.003860  0.994566  0.006722  -0.004179  0.002047  0.026766  0.108821  0.219880  2.000000  1.000000  0.000000  0.000000  0.000000  1.000000  0.000000  0.000000  0.000000  1.000000  0.999988  0.004497  -0.002157  -0.004496  0.999990  0.000471  0.002159  -0.000462  0.999998  1.000000  0.000000  0.000000  0.000000  1.000000  0.000000  0.000000  0.000000  1.000000  1.000000  0.000000  0.000000  0.000000  1.000000  0.000000  0.000000  0.000000  1.000000  0.000060  0.000000  
202.121548 0.012088  0.094989  -0.013474  0.992036  0.070973  -0.104051  -0.070989  0.997471  0.003554  0.104041  0.003860  0.994566  0.006626  -0.004381  0.002277  0.026774  0.104295  0.219837  2.000000  1.000000  0.000000  0.000000  0.000000  1.000000  0.000000  0.000000  0.000000  1.000000  0.999988  0.004498  -0.001890  -0.004497  0.999990  0.000471  0.001892  -0.000463  0.999998  1.000000  0.000000  0.000000  0.000000  1.000000  0.000000  0.000000  0.000000  1.000000  1.000000  0.000000  0.000000  0.000000  1.000000  0.000000  0.000000  0.000000  1.000000  0.000061  0.000000  
202.122550 0.012095  0.094984  -0.013470  0.992022  0.070973  -0.104184  -0.070988  0.997471  0.003564  0.104174  0.003860  0.994552  0.006508  -0.004529  0.002432  0.026088  0.104248  0.212911  2.000000  1.000000  0.000000  0.000000  0.000000  1.000000  0.000000  0.000000  0.000000  1.000000  0.999989  0.004293  -0.001889  -0.004292  0.999991  0.000450  0.001891  -0.000442  0.999998  1.000000  0.000000  0.000000  0.000000  1.000000  0.000000  0.000000  0.000000  1.000000  1.000000  0.000000  0.000000  0.000000  1.000000  0.000000  0.000000  0.000000  1.000000  0.000059  0.000000  
202.123800 0.012102  0.094976  -0.013466  0.992008  0.071178  -0.104183  -0.071192  0.997456  0.003585  0.104174  0.003860  0.994552  0.006384  -0.004776  0.002690  0.026108  0.099773  0.212972  2.000000  1.000000  0.000000  0.000000  0.000000  1.000000  0.000000  0.000000  0.000000  1.000000  0.999989  0.004294  -0.001621  -0.004293  0.999991  0.000450  0.001623  -0.000443  0.999999  1.000000  0.000000  0.000000  0.000000  1.000000  0.000000  0.000000  0.000000  1.000000  1.000000  0.000000  0.000000  0.000000  1.000000  0.000000  0.000000  0.000000  1.000000  0.000059  0.000000  
202.125040 0.012109  0.094969  -0.013461  0.991979  0.071383  -0.104315  -0.071396  0.997442  0.003616  0.104307  0.003860  0.994538  0.006255  -0.005040  0.002938  0.025926  0.098971  0.211257  2.000000  1.000000  0.000000  0.000000  0.000000  1.000000  0.000000  0.000000  0.000000  1.000000  0.999990  0.004089  -0.001621  -0.004089  0.999992  0.000430  0.001622  -0.000423  0.999999  1.000000  0.000000  0.000000  0.000000  1.000000  0.000000  0.000000  0.000000  1.000000  1.000000  0.000000  0.000000  0.000000  1.000000  0.000000  0.000000  0.000000  1.000000  0.000059  0.000000  
202.126045 0.012115  0.094963  -0.013458  0.991965  0.071588  -0.104315  -0.071600  0.997427  0.003638  0.104307  0.003860  0.994538  0.006166  -0.005239  0.003031  0.021364  0.095247  0.206131  2.000000  1.000000  0.000000  0.000000  0.000000  1.000000  0.000000  0.000000  0.000000  1.000000  0.999991  0.004090  -0.001487  -0.004089  0.999992  0.000430  0.001489  -0.000423  0.999999  1.000000  0.000000  0.000000  0.000000  1.000000  0.000000  0.000000  0.000000  1.000000  1.000000  0.000000  0.000000  0.000000  1.000000  0.000000  0.000000  0.000000  1.000000  0.000057  0.000000  
202.127046 0.012120  0.094956  -0.013454  0.991950  0.071794  -0.104314  -0.071804  0.997412  0.003659  0.104307  0.003860  0.994538  0.006024  -0.005446  0.003176  0.021377  0.090745  0.206136  2.000000  1.000000  0.000000  0.000000  0.000000  1.000000  0.000000  0.000000  0.000000  1.000000  0.999992  0.003886  -0.001352  -0.003885  0.999992  0.000408  0.001354  -0.000403  0.999999  1.000000  0.000000  0.000000  0.000000  1.000000  0.000000  0.000000  0.000000  1.000000  1.000000  0.000000  0.000000  0.000000  1.000000  0.000000  0.000000  0.000000  1.000000  0.000058  0.000000  
202.128294 0.012127  0.094949  -0.013449  0.991935  0.071999  -0.104313  -0.072008  0.997397  0.003681  0.104307  0.003860  0.994538  0.005931  -0.005579  0.003331  0.021217  0.085546  0.204475  2.000000  1.000000  0.000000  0.000000  0.000000  1.000000  0.000000  0.000000  0.000000  1.000000  0.999992  0.003886  -0.001352  -0.003885  0.999992  0.000408  0.001354  -0.000403  0.999999  1.000000  0.000000  0.000000  0.000000  1.000000  0.000000  0.000000  0.000000  1.000000  1.000000  0.000000  0.000000  0.000000  1.000000  0.000000  0.000000  0.000000  1.000000  0.000056  0.000000  
202.129294 0.012131  0.094942  -0.013446  0.991935  0.071999  -0.104313  -0.072008  0.997397  0.003681  0.104307  0.003860  0.994538  0.005818  -0.005791  0.003399  0.020532  0.081096  0.197754  2.000000  1.000000  0.000000  0.000000  0.000000  1.000000  0.000000  0.000000  0.000000  1.000000  0.999992  0.003681  -0.001218  -0.003681  0.999993  0.000387  0.001219  -0.000382  0.999999  1.000000  0.000000  0.000000  0.000000  1.000000  0.000000  0.000000  0.000000  1.000000  1.000000  0.000000  0.000000  0.000000  1.000000  0.000000  0.000000  0.000000  1.000000  0.000054  0.000000  
202.130299 0.012136  0.094935  -0.013443  0.991920  0.072204  -0.104312  -0.072212  0.997382  0.003702  0.104307  0.003860  0.994538  0.005711  -0.005914  0.003494  0.020716  0.072723  0.199300  2.000000  1.000000  0.000000  0.000000  0.000000  1.000000  0.000000  0.000000  0.000000  1.000000  0.999993  0.003682  -0.001084  -0.003681  0.999993  0.000387  0.001085  -0.000383  0.999999  1.000000  0.000000  0.000000  0.000000  1.000000  0.000000  0.000000  0.000000  1.000000  1.000000  0.000000  0.000000  0.000000  1.000000  0.000000  0.000000  0.000000  1.000000  0.000053  0.000000  
202.131544 0.012141  0.094927  -0.013438  0.991905  0.072410  -0.104312  -0.072417  0.997368  0.003724  0.104307  0.003860  0.994538  0.005509  -0.006050  0.003540  0.019852  0.067646  0.190872  2.000000  1.000000  0.000000  0.000000  0.000000  1.000000  0.000000  0.000000  0.000000  1.000000  0.999994  0.003273  -0.000949  -0.003272  0.999995  0.000344  0.000950  -0.000340  0.999999  1.000000  0.000000  0.000000  0.000000  1.000000  0.000000  0.000000  0.000000  1.000000  1.000000  0.000000  0.000000  0.000000  1.000000  0.000000  0.000000  0.000000  1.000000  0.000051  0.000000  
202.132547 0.012146  0.094920  -0.013434  0.991905  0.072410  -0.104312  -0.072417  0.997368  0.003724  0.104307  0.003860  0.994538  0.005413  -0.006099  0.003582  0.019320  0.063701  0.185642  2.000000  1.000000  0.000000  0.000000  0.000000  1.000000  0.000000  0.000000  0.000000  1.000000  0.999994  0.003273  -0.000815  -0.003273  0.999995  0.000222  0.000816  -0.000220  1.000000  1.000000  0.000000  0.000000  0.000000  1.000000  0.000000  0.000000  0.000000  1.000000  1.000000  0.000000  0.000000  0.000000  1.000000  0.000000  0.000000  0.000000  1.000000  0.000050  0.000000  
202.133550 0.012150  0.094914  -0.013430  0.991890  0.072615  -0.104311  -0.072621  0.997353  0.003745  0.104307  0.003860  0.994538  0.005310  -0.006145  0.003682  0.019325  0.059180  0.185588  2.000000  1.000000  0.000000  0.000000  0.000000  1.000000  0.000000  0.000000  0.000000  1.000000  0.999994  0.003274  -0.000681  -0.003273  0.999995  0.000222  0.000682  -0.000220  1.000000  1.000000  0.000000  0.000000  0.000000  1.000000  0.000000  0.000000  0.000000  1.000000  1.000000  0.000000  0.000000  0.000000  1.000000  0.000000  0.000000  0.000000  1.000000  0.000050  0.000000  
202.134796 0.012155  0.094905  -0.013424  0.991875  0.072808  -0.104319  -0.072825  0.997338  0.003646  0.104307  0.003981  0.994537  0.005149  -0.006253  0.003721  0.014547  0.054678  0.178754  2.000000  1.000000  0.000000  0.000000  0.000000  1.000000  0.000000  0.000000  0.000000  1.000000  0.999995  0.003069  -0.000681  -0.003069  0.999995  0.000080  0.000681  -0.000077  1.000000  1.000000  0.000000  0.000000  0.000000  1.000000  0.000000  0.000000  0.000000  1.000000  1.000000  0.000000  0.000000  0.000000  1.000000  0.000000  0.000000  0.000000  1.000000  0.000047  0.000000  
202.136050 0.012161  0.094897  -0.013419  0.991875  0.072808  -0.104319  -0.072825  0.997338  0.003646  0.104307  0.003981  0.994537  0.004998  -0.006303  0.003791  0.013840  0.050145  0.171857  2.000000  1.000000  0.000000  0.000000  0.000000  1.000000  0.000000  0.000000  0.000000  1.000000  0.999995  0.003069  -0.000547  -0.003069  0.999995  0.000080  0.000547  -0.000078  1.000000  1.000000  0.000000  0.000000  0.000000  1.000000  0.000000  0.000000  0.000000  1.000000  1.000000  0.000000  0.000000  0.000000  1.000000  0.000000  0.000000  0.000000  1.000000  0.000045  0.000000  
202.137298 0.012167  0.094889  -0.013414  0.991860  0.073013  -0.104318  -0.073029  0.997323  0.003667  0.104307  0.003981  0.994537  0.004925  -0.006386  0.003837  0.000000  0.000000  0.000000  2.000000  1.000000  0.000000  0.000000  0.000000  1.000000  0.000000  0.000000  0.000000  1.000000  0.999996  0.002864  -0.000546  -0.002864  0.999996  0.000179  0.000547  -0.000178  1.000000  1.000000  0.000000  0.000000  0.000000  1.000000  0.000000  0.000000  0.000000  1.000000  1.000000  0.000000  0.000000  0.000000  1.000000  0.000000  0.000000  0.000000  1.000000  0.000044  0.000000  
202.138305 0.012172  0.094883  -0.013409  0.991845  0.073218  -0.104317  -0.073233  0.997308  0.003689  0.104307  0.003981  0.994537  0.004856  -0.006403  0.003929  0.000000  0.000000  0.000000  2.000000  1.000000  0.000000  0.000000  0.000000  1.000000  0.000000  0.000000  0.000000  1.000000  0.999996  0.002865  -0.000412  -0.002865  0.999996  0.000179  0.000413  -0.000178  1.000000  1.000000  0.000000  0.000000  0.000000  1.000000  0.000000  0.000000  0.000000  1.000000  1.000000  0.000000  0.000000  0.000000  1.000000  0.000000  0.000000  0.000000  1.000000  0.000044  0.000000  
202.139557 0.012178  0.094875  -0.013403  0.991830  0.073423  -0.104317  -0.073438  0.997293  0.003710  0.104307  0.003981  0.994537  0.004758  -0.006453  0.004002  0.000000  0.000000  0.000000  2.000000  1.000000  0.000000  0.000000  0.000000  1.000000  0.000000  0.000000  0.000000  1.000000  0.999996  0.002865  -0.000412  -0.002865  0.999996  0.000179  0.000413  -0.000178  1.000000  1.000000  0.000000  0.000000  0.000000  1.000000  0.000000  0.000000  0.000000  1.000000  1.000000  0.000000  0.000000  0.000000  1.000000  0.000000  0.000000  0.000000  1.000000  0.000000  0.000000  
202.140794 0.012184  0.094867  -0.013398  0.991801  0.073628  -0.104449  -0.073641  0.997278  0.003741  0.104440  0.003981  0.994523  0.004711  -0.006450  0.004014  0.000000  0.000000  0.000000  2.000000  1.000000  0.000000  0.000000  0.000000  1.000000  0.000000  0.000000  0.000000  1.000000  0.999996  0.002660  -0.000412  -0.002660  0.999996  0.000158  0.000412  -0.000157  1.000000  1.000000  0.000000  0.000000  0.000000  1.000000  0.000000  0.000000  0.000000  1.000000  1.000000  0.000000  0.000000  0.000000  1.000000  0.000000  0.000000  0.000000  1.000000  0.000000  0.000000  
202.141798 0.012188  0.094861  -0.013394  0.991801  0.073628  -0.104449  -0.073641  0.997278  0.003741  0.104440  0.003981  0.994523  0.004628  -0.006451  0.004096  0.000000  0.000000  0.000000  2.000000  1.000000  0.000000  0.000000  0.000000  1.000000  0.000000  0.000000  0.000000  1.000000  0.999996  0.002661  -0.000278  -0.002661  0.999996  0.000158  0.000278  -0.000157  1.000000  1.000000  0.000000  0.000000  0.000000  1.000000  0.000000  0.000000  0.000000  1.000000  1.000000  0.000000  0.000000  0.000000  1.000000  0.000000  0.000000  0.000000  1.000000  0.000000  0.000000  
202.143045 0.012195  0.094853  -0.013388  0.991786  0.073834  -0.104448  -0.073845  0.997263  0.003763  0.104440  0.003981  0.994523  0.004628  -0.006476  0.004145  0.000000  0.000000  0.000000  2.000000  1.000000  0.000000  0.000000  0.000000  1.000000  0.000000  0.000000  0.000000  1.000000  0.999996  0.002661  -0.000278  -0.002661  0.999996  0.000158  0.000278  -0.000157  1.000000  1.000000  0.000000  0.000000  0.000000  1.000000  0.000000  0.000000  0.000000  1.000000  1.000000  0.000000  0.000000  0.000000  1.000000  0.000000  0.000000  0.000000  1.000000  0.000000  0.000000  
202.144294 0.012201  0.094845  -0.013384  0.991771  0.074039  -0.104447  -0.074049  0.997247  0.003784  0.104440  0.003981  0.994523  0.004658  -0.006447  0.004167  0.000000  0.000000  0.000000  2.000000  1.000000  0.000000  0.000000  0.000000  1.000000  0.000000  0.000000  0.000000  1.000000  0.999996  0.002661  -0.000144  -0.002661  0.999996  0.000158  0.000145  -0.000158  1.000000  1.000000  0.000000  0.000000  0.000000  1.000000  0.000000  0.000000  0.000000  1.000000  1.000000  0.000000  0.000000  0.000000  1.000000  0.000000  0.000000  0.000000  1.000000  0.000000  0.000000  
202.145295 0.012206  0.094838  -0.013380  0.991755  0.074244  -0.104446  -0.074253  0.997232  0.003806  0.104440  0.003981  0.994523  0.004645  -0.006499  0.004158  0.000000  0.000000  0.000000  2.000000  1.000000  0.000000  0.000000  0.000000  1.000000  0.000000  0.000000  0.000000  1.000000  0.999996  0.002661  -0.000144  -0.002661  0.999996  0.000158  0.000145  -0.000158  1.000000  1.000000  0.000000  0.000000  0.000000  1.000000  0.000000  0.000000  0.000000  1.000000  1.000000  0.000000  0.000000  0.000000  1.000000  0.000000  0.000000  0.000000  1.000000  0.000000  0.000000  
202.146299 0.012210  0.094831  -0.013377  0.991755  0.074244  -0.104446  -0.074253  0.997232  0.003806  0.104440  0.003981  0.994523  0.004681  -0.006479  0.004140  0.000000  0.000000  0.000000  2.000000  1.000000  0.000000  0.000000  0.000000  1.000000  0.000000  0.000000  0.000000  1.000000  0.999996  0.002661  -0.000144  -0.002661  0.999996  0.000158  0.000145  -0.000158  1.000000  1.000000  0.000000  0.000000  0.000000  1.000000  0.000000  0.000000  0.000000  1.000000  1.000000  0.000000  0.000000  0.000000  1.000000  0.000000  0.000000  0.000000  1.000000  0.000000  0.000000  
202.147544 0.012216  0.094823  -0.013373  0.991754  0.074450  -0.104313  -0.074459  0.997217  0.003818  0.104307  0.003981  0.994537  0.004700  -0.006479  0.004105  0.000000  0.000000  0.000000  2.000000  1.000000  0.000000  0.000000  0.000000  1.000000  0.000000  0.000000  0.000000  1.000000  0.999996  0.002662  -0.000010  -0.002662  0.999996  0.000158  0.000011  -0.000158  1.000000  1.000000  0.000000  0.000000  0.000000  1.000000  0.000000  0.000000  0.000000  1.000000  1.000000  0.000000  0.000000  0.000000  1.000000  0.000000  0.000000  0.000000  1.000000  0.000000  0.000000  
202.148545 0.012222  0.094817  -0.013370  0.991739  0.074655  -0.104312  -0.074663  0.997201  0.003839  0.104307  0.003981  0.994537  0.004766  -0.006462  0.004014  0.000000  0.000000  0.000000  2.000000  1.000000  0.000000  0.000000  0.000000  1.000000  0.000000  0.000000  0.000000  1.000000  0.999996  0.002662  -0.000010  -0.002662  0.999996  0.000158  0.000011  -0.000158  1.000000  1.000000  0.000000  0.000000  0.000000  1.000000  0.000000  0.000000  0.000000  1.000000  1.000000  0.000000  0.000000  0.000000  1.000000  0.000000  0.000000  0.000000  1.000000  0.000000  0.000000  
202.149548 0.012226  0.094811  -0.013366  0.991723  0.074861  -0.104311  -0.074867  0.997186  0.003860  0.104307  0.003981  0.994537  0.004808  -0.006413  0.003950  0.000000  0.000000  0.000000  2.000000  1.000000  0.000000  0.000000  0.000000  1.000000  0.000000  0.000000  0.000000  1.000000  0.999996  0.002662  -0.000010  -0.002662  0.999996  0.000158  0.000011  -0.000158  1.000000  1.000000  0.000000  0.000000  0.000000  1.000000  0.000000  0.000000  0.000000  1.000000  1.000000  0.000000  0.000000  0.000000  1.000000  0.000000  0.000000  0.000000  1.000000  0.000000  0.000000  
202.150552 0.012232  0.094804  -0.013363  0.991723  0.074861  -0.104311  -0.074867  0.997186  0.003860  0.104307  0.003981  0.994537  0.004838  -0.006451  0.003877  0.000000  0.000000  0.000000  2.000000  1.000000  0.000000  0.000000  0.000000  1.000000  0.000000  0.000000  0.000000  1.000000  0.999996  0.002662  -0.000010  -0.002662  0.999996  0.000158  0.000011  -0.000158  1.000000  1.000000  0.000000  0.000000  0.000000  1.000000  0.000000  0.000000  0.000000  1.000000  1.000000  0.000000  0.000000  0.000000  1.000000  0.000000  0.000000  0.000000  1.000000  0.000000  0.000000  
202.151799 0.012239  0.094797  -0.013359  0.991694  0.075065  -0.104443  -0.075070  0.997171  0.003892  0.104440  0.003981  0.994523  0.004929  -0.006376  0.003806  0.000000  0.000000  0.000000  2.000000  1.000000  0.000000  0.000000  0.000000  1.000000  0.000000  0.000000  0.000000  1.000000  0.999996  0.002661  -0.000144  -0.002661  0.999996  0.000158  0.000145  -0.000158  1.000000  1.000000  0.000000  0.000000  0.000000  1.000000  0.000000  0.000000  0.000000  1.000000  1.000000  0.000000  0.000000  0.000000  1.000000  0.000000  0.000000  0.000000  1.000000  0.000000  0.000000  
202.152799 0.012244  0.094791  -0.013355  0.991678  0.075271  -0.104442  -0.075274  0.997155  0.003913  0.104440  0.003981  0.994523  0.004972  -0.006332  0.003734  0.000000  0.000000  0.000000  2.000000  1.000000  0.000000  0.000000  0.000000  1.000000  0.000000  0.000000  0.000000  1.000000  0.999996  0.002866  -0.000145  -0.002866  0.999996  0.000180  0.000145  -0.000179  1.000000  1.000000  0.000000  0.000000  0.000000  1.000000  0.000000  0.000000  0.000000  1.000000  1.000000  0.000000  0.000000  0.000000  1.000000  0.000000  0.000000  0.000000  1.000000  0.000000  0.000000  
202.154049 0.012251  0.094784  -0.013350  0.991663  0.075476  -0.104441  -0.075478  0.997140  0.003935  0.104440  0.003981  0.994523  0.005047  -0.006256  0.003691  0.000000  0.000000  0.000000  2.000000  1.000000  0.000000  0.000000  0.000000  1.000000  0.000000  0.000000  0.000000  1.000000  0.999996  0.002661  -0.000144  -0.002661  0.999996  0.000158  0.000145  -0.000158  1.000000  1.000000  0.000000  0.000000  0.000000  1.000000  0.000000  0.000000  0.000000  1.000000  1.000000  0.000000  0.000000  0.000000  1.000000  0.000000  0.000000  0.000000  1.000000  0.000000  0.000000  
