1-Time 2-Px 3-Py 4-Pz 5-R11 6-R21 7-R31 8-R12 9-R22 10-R32 11-R13 12-R23 13-R33 14-Vx 15-Vy 16-Vz 17-Wx 18-Wy 19-Wz 20-state 21-PR11 22-PR21 23-PR31 24-PR12 25-PR22 26-PR32 27-PR13 28-PR23 29-PR33 
59.068571 0.008781  0.098722  -0.016406  0.994193  0.102688  -0.032165  -0.103115  0.994598  -0.011907  0.030769  0.015154  0.999412  0.000222  -0.000019  0.000161  0.000000  0.000000  0.000000  2.000000  1.000000  0.000000  0.000000  -0.000000  1.000000  0.000000  0.000000  -0.000000  1.000000  1.000000  0.000004  0.000268  -0.000004  1.000000  0.000606  -0.000268  -0.000606  1.000000  1.000000  0.000000  0.000000  0.000000  1.000000  0.000000  0.000000  0.000000  1.000000  0.519288  0.717522  0.464222  -0.754929  0.639730  -0.144317  -0.400527  -0.275513  0.873882  0.000000  0.000000  
59.069578 0.008781  0.098723  -0.016406  0.994193  0.102688  -0.032165  -0.103115  0.994598  -0.011907  0.030769  0.015154  0.999412  0.000242  0.000034  0.000174  0.000000  0.000000  0.000000  2.000000  1.000000  0.000000  0.000000  0.000000  1.000000  0.000000  0.000000  0.000000  1.000000  1.000000  0.000006  0.000401  -0.000006  1.000000  0.000606  -0.000401  -0.000606  1.000000  1.000000  0.000000  0.000000  0.000000  1.000000  0.000000  0.000000  0.000000  1.000000  1.000000  0.000000  0.000000  0.000000  1.000000  0.000000  0.000000  0.000000  1.000000  0.000000  0.000000  
59.070587 0.008783  0.098723  -0.016405  0.994172  0.102892  -0.032168  -0.103319  0.994577  -0.011900  0.030769  0.015154  0.999412  0.000363  0.000072  0.000214  0.000000  0.000000  0.000000  2.000000  1.000000  0.000000  0.000000  0.000000  1.000000  0.000000  0.000000  0.000000  1.000000  1.000000  0.000212  0.000398  -0.000212  1.000000  0.000613  -0.000398  -0.000613  1.000000  1.000000  0.000000  0.000000  0.000000  1.000000  0.000000  0.000000  0.000000  1.000000  1.000000  0.000000  0.000000  0.000000  1.000000  0.000000  0.000000  0.000000  1.000000  0.000000  0.000000  
59.071828 0.008786  0.098724  -0.016404  0.994151  0.103101  -0.032158  -0.103524  0.994557  -0.011773  0.030769  0.015033  0.999413  0.000514  0.000140  0.000275  0.000000  0.000000  0.000000  2.000000  1.000000  0.000000  0.000000  0.000000  1.000000  0.000000  0.000000  0.000000  1.000000  1.000000  0.000418  0.000395  -0.000418  1.000000  0.000498  -0.000395  -0.000498  1.000000  1.000000  0.000000  0.000000  0.000000  1.000000  0.000000  0.000000  0.000000  1.000000  1.000000  0.000000  0.000000  0.000000  1.000000  0.000000  0.000000  0.000000  1.000000  0.000000  0.000000  
59.072828 0.008788  0.098725  -0.016404  0.994130  0.103306  -0.032160  -0.103729  0.994536  -0.011766  0.030769  0.015033  0.999413  0.000686  0.000182  0.000307  0.000000  0.000000  0.000000  2.000000  1.000000  0.000000  0.000000  0.000000  1.000000  0.000000  0.000000  0.000000  1.000000  1.000000  0.000623  0.000392  -0.000624  1.000000  0.000625  -0.000392  -0.000626  1.000000  1.000000  0.000000  0.000000  0.000000  1.000000  0.000000  0.000000  0.000000  1.000000  1.000000  0.000000  0.000000  0.000000  1.000000  0.000000  0.000000  0.000000  1.000000  0.000000  0.000000  
59.073829 0.008791  0.098725  -0.016403  0.994130  0.103306  -0.032160  -0.103729  0.994536  -0.011766  0.030769  0.015033  0.999413  0.000888  0.000253  0.000359  0.000000  0.000000  0.000000  2.000000  1.000000  0.000000  0.000000  0.000000  1.000000  0.000000  0.000000  0.000000  1.000000  1.000000  0.000621  0.000258  -0.000621  1.000000  0.000625  -0.000258  -0.000626  1.000000  1.000000  0.000000  0.000000  0.000000  1.000000  0.000000  0.000000  0.000000  1.000000  1.000000  0.000000  0.000000  0.000000  1.000000  0.000000  0.000000  0.000000  1.000000  0.000000  0.000000  
59.075082 0.008796  0.098726  -0.016402  0.994087  0.103715  -0.032165  -0.104138  0.994493  -0.011753  0.030769  0.015033  0.999413  0.001171  0.000280  0.000381  0.000000  0.000000  0.000000  2.000000  1.000000  0.000000  0.000000  0.000000  1.000000  0.000000  0.000000  0.000000  1.000000  1.000000  0.000827  0.000255  -0.000827  0.999999  0.000632  -0.000255  -0.000632  1.000000  1.000000  0.000000  0.000000  0.000000  1.000000  0.000000  0.000000  0.000000  1.000000  1.000000  0.000000  0.000000  0.000000  1.000000  0.000000  0.000000  0.000000  1.000000  0.000000  0.000000  
59.076333 0.008801  0.098727  -0.016401  0.994061  0.103918  -0.032300  -0.104342  0.994472  -0.011732  0.030903  0.015033  0.999409  0.001515  0.000364  0.000444  0.000000  0.000000  0.000000  2.000000  1.000000  0.000000  0.000000  0.000000  1.000000  0.000000  0.000000  0.000000  1.000000  0.999999  0.001237  0.000115  -0.001237  0.999999  0.000523  -0.000115  -0.000524  1.000000  1.000000  0.000000  0.000000  0.000000  1.000000  0.000000  0.000000  0.000000  1.000000  1.000000  0.000000  0.000000  0.000000  1.000000  0.000000  0.000000  0.000000  1.000000  0.000000  0.000000  
59.077581 0.008807  0.098728  -0.016400  0.994018  0.104327  -0.032305  -0.104751  0.994429  -0.011719  0.030903  0.015033  0.999409  0.001850  0.000395  0.000457  0.000000  0.000000  0.000000  2.000000  1.000000  0.000000  0.000000  0.000000  1.000000  0.000000  0.000000  0.000000  1.000000  0.999999  0.001648  0.000109  -0.001648  0.999998  0.000536  -0.000108  -0.000536  1.000000  1.000000  0.000000  0.000000  0.000000  1.000000  0.000000  0.000000  0.000000  1.000000  1.000000  0.000000  0.000000  0.000000  1.000000  0.000000  0.000000  0.000000  1.000000  0.000000  0.000000  
59.078831 0.008812  0.098728  -0.016399  0.993975  0.104741  -0.032297  -0.105161  0.994388  -0.011585  0.030903  0.014912  0.999411  0.002224  0.000410  0.000545  0.000000  0.000000  0.000000  2.000000  1.000000  0.000000  0.000000  0.000000  1.000000  0.000000  0.000000  0.000000  1.000000  0.999998  0.002059  0.000103  -0.002060  0.999998  0.000670  -0.000102  -0.000670  1.000000  1.000000  0.000000  0.000000  0.000000  1.000000  0.000000  0.000000  0.000000  1.000000  1.000000  0.000000  0.000000  0.000000  1.000000  0.000000  0.000000  0.000000  1.000000  0.000000  0.000000  
59.080077 0.008819  0.098729  -0.016399  0.993910  0.105355  -0.032304  -0.105775  0.994323  -0.011565  0.030903  0.014912  0.999411  0.002661  0.000448  0.000540  0.000000  0.000000  0.000000  2.000000  1.000000  0.000000  0.000000  0.000000  1.000000  0.000000  0.000000  0.000000  1.000000  0.999997  0.002471  0.000097  -0.002471  0.999997  0.000562  -0.000096  -0.000562  1.000000  1.000000  0.000000  0.000000  0.000000  1.000000  0.000000  0.000000  0.000000  1.000000  1.000000  0.000000  0.000000  0.000000  1.000000  0.000000  0.000000  0.000000  1.000000  0.000000  0.000000  
59.081079 0.008825  0.098729  -0.016398  0.993888  0.105560  -0.032307  -0.105979  0.994301  -0.011559  0.030903  0.014912  0.999411  0.003027  0.000508  0.000574  0.000000  0.000000  0.000000  2.000000  1.000000  0.000000  0.000000  0.000000  1.000000  0.000000  0.000000  0.000000  1.000000  0.999996  0.002882  0.000091  -0.002883  0.999996  0.000574  -0.000089  -0.000575  1.000000  1.000000  0.000000  0.000000  0.000000  1.000000  0.000000  0.000000  0.000000  1.000000  1.000000  0.000000  0.000000  0.000000  1.000000  0.000000  0.000000  0.000000  1.000000  0.000000  0.000000  
59.082080 0.008831  0.098730  -0.016397  0.993844  0.105973  -0.032299  -0.106388  0.994259  -0.011425  0.030903  0.014791  0.999413  0.003410  0.000521  0.000624  0.000000  0.000000  0.000000  2.000000  1.000000  0.000000  0.000000  0.000000  1.000000  0.000000  0.000000  0.000000  1.000000  0.999995  0.003292  -0.000049  -0.003292  0.999994  0.000587  0.000051  -0.000587  1.000000  1.000000  0.000000  0.000000  0.000000  1.000000  0.000000  0.000000  0.000000  1.000000  1.000000  0.000000  0.000000  0.000000  1.000000  0.000000  0.000000  0.000000  1.000000  0.000000  0.000000  
59.083081 0.008837  0.098731  -0.016396  0.993778  0.106587  -0.032306  -0.107002  0.994193  -0.011405  0.030903  0.014791  0.999413  0.003805  0.000609  0.000678  0.000000  0.000000  0.000000  2.000000  1.000000  0.000000  0.000000  0.000000  1.000000  0.000000  0.000000  0.000000  1.000000  0.999993  0.003703  -0.000055  -0.003703  0.999993  0.000721  0.000057  -0.000721  1.000000  1.000000  0.000000  0.000000  0.000000  1.000000  0.000000  0.000000  0.000000  1.000000  1.000000  0.000000  0.000000  0.000000  1.000000  0.000000  0.000000  0.000000  1.000000  0.000000  0.000000  
59.084328 0.008845  0.098732  -0.016395  0.993734  0.107000  -0.032297  -0.107411  0.994151  -0.011271  0.030903  0.014669  0.999415  0.004376  0.000663  0.000723  0.000000  0.000000  0.000000  2.000000  1.000000  0.000000  0.000000  0.000000  1.000000  0.000000  0.000000  0.000000  1.000000  0.999991  0.004321  -0.000064  -0.004321  0.999990  0.000619  0.000066  -0.000619  1.000000  1.000000  0.000000  0.000000  0.000000  1.000000  0.000000  0.000000  0.000000  1.000000  1.000000  0.000000  0.000000  0.000000  1.000000  0.000000  0.000000  0.000000  1.000000  0.000000  0.000000  
59.085577 0.008855  0.098734  -0.016394  0.993668  0.107614  -0.032304  -0.108025  0.994085  -0.011251  0.030903  0.014669  0.999415  0.004805  0.000724  0.000755  0.000000  0.000000  0.000000  2.000000  1.000000  0.000000  0.000000  0.000000  1.000000  0.000000  0.000000  0.000000  1.000000  0.999988  0.004938  -0.000072  -0.004938  0.999988  0.000759  0.000076  -0.000759  1.000000  1.000000  0.000000  0.000000  0.000000  1.000000  0.000000  0.000000  0.000000  1.000000  1.000000  0.000000  0.000000  0.000000  1.000000  0.000000  0.000000  0.000000  1.000000  0.000000  0.000000  
59.086828 0.008865  0.098736  -0.016392  0.993601  0.108228  -0.032311  -0.108639  0.994018  -0.011231  0.030903  0.014669  0.999415  0.005271  0.000767  0.000779  0.034318  -0.001676  0.186748  2.000000  1.000000  0.000135  0.000225  -0.000135  1.000000  0.000038  -0.000225  -0.000038  1.000000  0.999986  0.005349  -0.000078  -0.005349  0.999985  0.000772  0.000082  -0.000772  1.000000  1.000000  0.000034  0.000057  -0.000034  1.000000  0.000010  -0.000057  -0.000010  1.000000  1.000000  0.000135  0.000225  -0.000135  1.000000  0.000038  -0.000225  -0.000038  1.000000  0.000046  0.005405  
59.087839 0.008872  0.098736  -0.016391  0.993556  0.108641  -0.032303  -0.109048  0.993975  -0.011097  0.030903  0.014548  0.999417  0.005652  0.000783  0.000822  0.038815  -0.001479  0.200539  2.000000  1.000000  0.000280  0.000468  -0.000280  1.000000  0.000082  -0.000468  -0.000082  1.000000  0.999983  0.005761  -0.000083  -0.005761  0.999983  0.000906  0.000089  -0.000906  1.000000  1.000000  0.000037  0.000062  -0.000037  1.000000  0.000011  -0.000062  -0.000011  1.000000  1.000000  0.000280  0.000468  -0.000280  1.000000  0.000082  -0.000468  -0.000082  1.000000  0.000049  0.005832  
59.089084 0.008882  0.098737  -0.016390  0.993488  0.109255  -0.032310  -0.109661  0.993907  -0.011077  0.030903  0.014548  0.999417  0.006048  0.000772  0.000881  0.039453  -0.001167  0.221253  2.000000  1.000000  0.000439  0.000735  -0.000439  1.000000  0.000122  -0.000735  -0.000122  1.000000  0.999980  0.006378  -0.000092  -0.006378  0.999979  0.000804  0.000097  -0.000803  1.000000  1.000000  0.000041  0.000068  -0.000041  1.000000  0.000010  -0.000068  -0.000010  1.000000  1.000000  0.000439  0.000735  -0.000439  1.000000  0.000122  -0.000735  -0.000122  1.000000  0.000055  0.006429  
59.090085 0.008890  0.098737  -0.016387  0.993443  0.109664  -0.032314  -0.110071  0.993862  -0.011064  0.030903  0.014548  0.999417  0.006381  0.000710  0.000971  0.035808  -0.000974  0.235087  2.000000  0.999999  0.000618  0.001021  -0.000618  1.000000  0.000162  -0.001021  -0.000163  0.999999  0.999976  0.006994  -0.000235  -0.006993  0.999975  0.000823  0.000241  -0.000821  1.000000  1.000000  0.000046  0.000074  -0.000046  1.000000  0.000010  -0.000074  -0.000010  1.000000  0.999999  0.000618  0.001021  -0.000618  1.000000  0.000162  -0.001021  -0.000163  0.999999  0.000060  0.007046  
59.091326 0.008901  0.098738  -0.016385  0.993375  0.110278  -0.032321  -0.110684  0.993794  -0.011044  0.030903  0.014548  0.999417  0.006642  0.000687  0.001054  0.036444  0.003833  0.255830  2.000000  0.999999  0.000854  0.001401  -0.000855  1.000000  0.000214  -0.001401  -0.000215  0.999999  0.999973  0.007405  -0.000241  -0.007405  0.999972  0.000836  0.000247  -0.000834  1.000000  1.000000  0.000049  0.000079  -0.000049  1.000000  0.000010  -0.000079  -0.000010  1.000000  0.999999  0.000854  0.001401  -0.000855  1.000000  0.000214  -0.001401  -0.000215  0.999999  0.000065  0.007456  
59.092329 0.008909  0.098737  -0.016383  0.993329  0.110687  -0.032326  -0.111093  0.993749  -0.011031  0.030903  0.014548  0.999417  0.006945  0.000650  0.001212  0.036870  0.004040  0.269646  2.000000  0.999998  0.001002  0.001639  -0.001003  0.999999  0.000245  -0.001639  -0.000247  0.999999  0.999971  0.007611  -0.000244  -0.007611  0.999971  0.000842  0.000250  -0.000840  1.000000  1.000000  0.000050  0.000081  -0.000050  1.000000  0.000011  -0.000081  -0.000011  1.000000  0.999998  0.001002  0.001639  -0.001003  0.999999  0.000245  -0.001639  -0.000247  0.999999  0.000068  0.007661  
59.093581 0.008918  0.098736  -0.016380  0.993261  0.111301  -0.032332  -0.111707  0.993680  -0.011011  0.030903  0.014548  0.999417  0.007189  0.000529  0.001302  0.033430  0.004332  0.290342  2.000000  0.999997  0.001259  0.002052  -0.001259  0.999999  0.000291  -0.002052  -0.000294  0.999998  0.999969  0.007817  -0.000247  -0.007816  0.999969  0.000727  0.000252  -0.000725  1.000000  1.000000  0.000052  0.000083  -0.000052  1.000000  0.000009  -0.000083  -0.000009  1.000000  0.999997  0.001259  0.002052  -0.001259  0.999999  0.000291  -0.002052  -0.000294  0.999998  0.000072  0.007854  
59.094831 0.008929  0.098734  -0.016377  0.993215  0.111714  -0.032323  -0.112115  0.993636  -0.010877  0.030903  0.014427  0.999418  0.007411  0.000389  0.001514  0.037935  0.004520  0.304183  2.000000  0.999996  0.001528  0.002488  -0.001529  0.999999  0.000340  -0.002487  -0.000344  0.999997  0.999964  0.008434  -0.000254  -0.008434  0.999964  0.000868  0.000262  -0.000866  1.000000  1.000000  0.000056  0.000090  -0.000056  1.000000  0.000011  -0.000090  -0.000011  1.000000  0.999996  0.001528  0.002488  -0.001529  0.999999  0.000340  -0.002487  -0.000344  0.999997  0.000077  0.008482  
59.096078 0.008938  0.098733  -0.016373  0.993145  0.112328  -0.032330  -0.112729  0.993566  -0.010857  0.030903  0.014427  0.999418  0.007590  0.000201  0.001668  0.038588  0.004830  0.325029  2.000000  0.999994  0.001807  0.002938  -0.001808  0.999998  0.000393  -0.002938  -0.000399  0.999996  0.999963  0.008640  -0.000257  -0.008639  0.999962  0.000874  0.000265  -0.000872  1.000000  1.000000  0.000057  0.000092  -0.000057  1.000000  0.000011  -0.000092  -0.000011  1.000000  0.999994  0.001807  0.002938  -0.001808  0.999998  0.000393  -0.002938  -0.000399  0.999996  0.000082  0.008687  
59.097078 0.008947  0.098731  -0.016371  0.993099  0.112737  -0.032335  -0.113138  0.993520  -0.010844  0.030903  0.014427  0.999418  0.007731  0.000073  0.001775  0.039006  0.005034  0.338770  2.000000  0.999992  0.002033  0.003310  -0.002034  0.999998  0.000436  -0.003309  -0.000443  0.999994  0.999961  0.008847  -0.000127  -0.008847  0.999960  0.000881  0.000134  -0.000879  1.000000  1.000000  0.000057  0.000095  -0.000057  1.000000  0.000011  -0.000095  -0.000011  1.000000  0.999992  0.002033  0.003310  -0.002034  0.999998  0.000436  -0.003309  -0.000443  0.999994  0.000085  0.008892  
59.098327 0.008957  0.098730  -0.016367  0.993029  0.113350  -0.032341  -0.113751  0.993450  -0.010824  0.030903  0.014427  0.999418  0.007923  -0.000109  0.001947  0.035552  0.009817  0.359490  2.000000  0.999990  0.002313  0.003780  -0.002315  0.999997  0.000490  -0.003779  -0.000499  0.999993  0.999961  0.008847  -0.000127  -0.008847  0.999960  0.000881  0.000134  -0.000879  1.000000  1.000000  0.000057  0.000095  -0.000057  1.000000  0.000011  -0.000095  -0.000011  1.000000  0.999990  0.002313  0.003780  -0.002315  0.999997  0.000490  -0.003779  -0.000499  0.999993  0.000089  0.008892  
59.099327 0.008965  0.098728  -0.016364  0.992982  0.113760  -0.032346  -0.114160  0.993404  -0.010810  0.030903  0.014427  0.999418  0.007942  -0.000279  0.002075  0.035987  0.010024  0.373409  2.000000  0.999988  0.002540  0.004160  -0.002542  0.999997  0.000529  -0.004159  -0.000539  0.999991  0.999961  0.008847  -0.000127  -0.008847  0.999961  0.000759  0.000133  -0.000758  1.000000  1.000000  0.000057  0.000095  -0.000057  1.000000  0.000009  -0.000095  -0.000009  1.000000  0.999988  0.002540  0.004160  -0.002542  0.999997  0.000529  -0.004159  -0.000539  0.999991  0.000092  0.008881  
59.100580 0.008975  0.098726  -0.016361  0.992935  0.114169  -0.032350  -0.114569  0.993357  -0.010797  0.030903  0.014427  0.999418  0.007985  -0.000557  0.002237  0.035906  0.010044  0.377232  2.000000  0.999986  0.002772  0.004549  -0.002774  0.999996  0.000566  -0.004548  -0.000579  0.999989  0.999959  0.009053  -0.000129  -0.009053  0.999959  0.000766  0.000136  -0.000764  1.000000  1.000000  0.000058  0.000097  -0.000058  1.000000  0.000010  -0.000097  -0.000010  1.000000  0.999986  0.002772  0.004549  -0.002774  0.999996  0.000566  -0.004548  -0.000579  0.999989  0.000095  0.009086  
59.101829 0.008985  0.098724  -0.016358  0.992887  0.114581  -0.032341  -0.114978  0.993311  -0.010663  0.030903  0.014306  0.999420  0.008000  -0.000823  0.002347  0.036421  0.010184  0.387320  2.000000  0.999983  0.003060  0.005033  -0.003064  0.999995  0.000614  -0.005031  -0.000629  0.999987  0.999959  0.009053  -0.000128  -0.009053  0.999959  0.000887  0.000136  -0.000886  1.000000  1.000000  0.000058  0.000097  -0.000058  1.000000  0.000011  -0.000097  -0.000011  1.000000  0.999983  0.003060  0.005033  -0.003064  0.999995  0.000614  -0.005031  -0.000629  0.999987  0.000097  0.009097  
59.102829 0.008992  0.098722  -0.016355  0.992840  0.114990  -0.032345  -0.115386  0.993264  -0.010650  0.030903  0.014306  0.999420  0.007993  -0.000989  0.002404  0.036627  0.010284  0.394162  2.000000  0.999980  0.003292  0.005422  -0.003296  0.999994  0.000657  -0.005420  -0.000675  0.999985  0.999959  0.009053  -0.000128  -0.009053  0.999959  0.000887  0.000136  -0.000886  1.000000  1.000000  0.000058  0.000097  -0.000058  1.000000  0.000011  -0.000097  -0.000011  1.000000  0.999980  0.003292  0.005422  -0.003296  0.999994  0.000657  -0.005420  -0.000675  0.999985  0.000098  0.009097  
59.104084 0.009001  0.098719  -0.016352  0.992768  0.115604  -0.032352  -0.116000  0.993192  -0.010630  0.030903  0.014306  0.999420  0.007934  -0.001244  0.002538  0.037043  0.010483  0.407870  2.000000  0.999976  0.003579  0.005903  -0.003584  0.999993  0.000703  -0.005901  -0.000724  0.999982  0.999961  0.008847  -0.000125  -0.008847  0.999961  0.000759  0.000132  -0.000758  1.000000  1.000000  0.000057  0.000095  -0.000057  1.000000  0.000009  -0.000095  -0.000009  1.000000  0.999976  0.003579  0.005903  -0.003584  0.999993  0.000703  -0.005901  -0.000724  0.999982  0.000102  0.008881  
59.105086 0.009008  0.098716  -0.016349  0.992745  0.115808  -0.032354  -0.116204  0.993169  -0.010623  0.030903  0.014306  0.999420  0.007808  -0.001447  0.002598  0.037361  0.010573  0.411369  2.000000  0.999973  0.003806  0.006283  -0.003811  0.999992  0.000738  -0.006281  -0.000762  0.999980  0.999961  0.008847  -0.000125  -0.008847  0.999961  0.000638  0.000131  -0.000637  1.000000  1.000000  0.000057  0.000095  -0.000057  1.000000  0.000008  -0.000095  -0.000008  1.000000  0.999973  0.003806  0.006283  -0.003811  0.999992  0.000738  -0.006281  -0.000762  0.999980  0.000103  0.008871  
59.106328 0.009016  0.098712  -0.016345  0.992701  0.116219  -0.032225  -0.116613  0.993121  -0.010625  0.030769  0.014306  0.999424  0.007692  -0.001774  0.002656  0.036961  0.001581  0.411633  2.000000  0.999970  0.004024  0.006659  -0.004029  0.999992  0.000768  -0.006656  -0.000795  0.999978  0.999963  0.008643  0.000011  -0.008643  0.999962  0.000630  -0.000006  -0.000631  1.000000  1.000000  0.000054  0.000094  -0.000054  1.000000  0.000008  -0.000094  -0.000008  1.000000  0.999970  0.004024  0.006659  -0.004029  0.999992  0.000768  -0.006656  -0.000795  0.999978  0.000104  0.008666  
59.107328 0.009022  0.098709  -0.016342  0.992653  0.116624  -0.032244  -0.117022  0.993071  -0.010733  0.030769  0.014427  0.999422  0.007556  -0.001915  0.002707  0.033192  0.001619  0.415062  2.000000  0.999966  0.004240  0.007034  -0.004245  0.999991  0.000795  -0.007031  -0.000825  0.999975  0.999963  0.008643  0.000010  -0.008643  0.999963  0.000509  -0.000006  -0.000509  1.000000  1.000000  0.000054  0.000094  -0.000054  1.000000  0.000006  -0.000094  -0.000006  1.000000  0.999966  0.004240  0.007034  -0.004245  0.999991  0.000795  -0.007031  -0.000825  0.999975  0.000104  0.008658  
59.108329 0.009028  0.098705  -0.016339  0.992604  0.117033  -0.032248  -0.117431  0.993023  -0.010719  0.030769  0.014427  0.999422  0.007463  -0.002116  0.002782  0.028871  0.001581  0.411595  2.000000  0.999964  0.004401  0.007315  -0.004407  0.999990  0.000811  -0.007311  -0.000844  0.999973  0.999963  0.008643  0.000010  -0.008643  0.999963  0.000388  -0.000007  -0.000388  1.000000  1.000000  0.000054  0.000094  -0.000054  1.000000  0.000005  -0.000094  -0.000005  1.000000  0.999964  0.004401  0.007315  -0.004407  0.999990  0.000811  -0.007311  -0.000844  0.999973  0.000102  0.008652  
59.109581 0.009036  0.098699  -0.016335  0.992556  0.117442  -0.032253  -0.117839  0.992975  -0.010706  0.030769  0.014427  0.999422  0.007282  -0.002378  0.002843  0.029109  0.001594  0.414987  2.000000  0.999959  0.004666  0.007774  -0.004672  0.999989  0.000833  -0.007770  -0.000870  0.999969  0.999966  0.008232  0.000016  -0.008232  0.999966  0.000375  -0.000013  -0.000375  1.000000  1.000000  0.000051  0.000089  -0.000051  1.000000  0.000005  -0.000089  -0.000005  1.000000  0.999959  0.004666  0.007774  -0.004672  0.999989  0.000833  -0.007770  -0.000870  0.999969  0.000102  0.008241  
59.110832 0.009043  0.098694  -0.016330  0.992507  0.117851  -0.032257  -0.118248  0.992927  -0.010693  0.030769  0.014427  0.999422  0.007119  -0.002586  0.002916  0.029109  0.001594  0.414983  2.000000  0.999954  0.004922  0.008220  -0.004929  0.999987  0.000855  -0.008216  -0.000895  0.999966  0.999968  0.008026  0.000019  -0.008026  0.999968  0.000369  -0.000016  -0.000369  1.000000  1.000000  0.000050  0.000087  -0.000050  1.000000  0.000005  -0.000087  -0.000005  1.000000  0.999954  0.004922  0.008220  -0.004929  0.999987  0.000855  -0.008216  -0.000895  0.999966  0.000102  0.008035  
59.112084 0.009051  0.098689  -0.016326  0.992483  0.118051  -0.032274  -0.118452  0.992901  -0.010807  0.030769  0.014548  0.999421  0.006896  -0.002875  0.002994  0.020525  0.001390  0.401079  2.000000  0.999949  0.005172  0.008655  -0.005179  0.999986  0.000871  -0.008651  -0.000916  0.999962  0.999969  0.007820  0.000021  -0.007820  0.999969  0.000241  -0.000019  -0.000241  1.000000  1.000000  0.000049  0.000085  -0.000049  1.000000  0.000003  -0.000085  -0.000003  1.000000  0.999949  0.005172  0.008655  -0.005179  0.999986  0.000871  -0.008651  -0.000916  0.999962  0.000102  0.007824  
59.113327 0.009057  0.098683  -0.016320  0.992434  0.118460  -0.032278  -0.118861  0.992852  -0.010793  0.030769  0.014548  0.999421  0.006696  -0.003119  0.003117  0.020317  0.001289  0.394266  2.000000  0.999944  0.005412  0.009075  -0.005420  0.999985  0.000884  -0.009070  -0.000933  0.999958  0.999971  0.007615  0.000024  -0.007615  0.999971  0.000235  -0.000022  -0.000235  1.000000  1.000000  0.000047  0.000083  -0.000047  1.000000  0.000003  -0.000083  -0.000003  1.000000  0.999944  0.005412  0.009075  -0.005420  0.999985  0.000884  -0.009070  -0.000933  0.999958  0.000100  0.007618  
59.114582 0.009064  0.098677  -0.016315  0.992385  0.118869  -0.032283  -0.119270  0.992803  -0.010780  0.030769  0.014548  0.999421  0.006473  -0.003404  0.003206  0.016026  0.001164  0.387341  2.000000  0.999939  0.005647  0.009486  -0.005656  0.999984  0.000896  -0.009481  -0.000950  0.999955  0.999971  0.007615  0.000024  -0.007615  0.999971  0.000235  -0.000022  -0.000235  1.000000  1.000000  0.000047  0.000083  -0.000047  1.000000  0.000003  -0.000083  -0.000003  1.000000  0.999939  0.005647  0.009486  -0.005656  0.999984  0.000896  -0.009481  -0.000950  0.999955  0.000100  0.007618  
59.115827 0.009071  0.098671  -0.016310  0.992332  0.119272  -0.032434  -0.119678  0.992753  -0.010871  0.030903  0.014669  0.999415  0.006270  -0.003635  0.003321  0.011977  0.005685  0.387342  2.000000  0.999934  0.005883  0.009884  -0.005892  0.999982  0.000902  -0.009879  -0.000960  0.999951  0.999973  0.007407  -0.000107  -0.007407  0.999973  0.000108  0.000108  -0.000107  1.000000  1.000000  0.000047  0.000080  -0.000047  1.000000  0.000001  -0.000080  -0.000001  1.000000  0.999934  0.005883  0.009884  -0.005892  0.999982  0.000902  -0.009879  -0.000960  0.999951  0.000097  0.007409  
59.117077 0.009077  0.098665  -0.016305  0.992282  0.119680  -0.032439  -0.120086  0.992704  -0.010858  0.030903  0.014669  0.999415  0.006063  -0.003889  0.003494  0.007833  0.005615  0.384109  2.000000  0.999930  0.006070  0.010198  -0.006080  0.999981  0.000899  -0.010192  -0.000961  0.999948  0.999974  0.007201  -0.000105  -0.007201  0.999974  -0.000020  0.000105  0.000020  1.000000  1.000000  0.000046  0.000077  -0.000046  1.000000  -0.000000  -0.000077  0.000000  1.000000  0.999930  0.006070  0.010198  -0.006080  0.999981  0.000899  -0.010192  -0.000961  0.999948  0.000094  0.007202  
59.118077 0.009082  0.098660  -0.016301  0.992258  0.119885  -0.032441  -0.120291  0.992679  -0.010851  0.030903  0.014669  0.999415  0.005873  -0.004046  0.003588  0.007472  0.005460  0.373525  2.000000  0.999925  0.006253  0.010505  -0.006263  0.999980  0.000896  -0.010499  -0.000962  0.999944  0.999974  0.007201  -0.000105  -0.007201  0.999974  -0.000020  0.000105  0.000020  1.000000  1.000000  0.000046  0.000077  -0.000046  1.000000  -0.000000  -0.000077  0.000000  1.000000  0.999925  0.006253  0.010505  -0.006263  0.999980  0.000896  -0.010499  -0.000962  0.999944  0.000094  0.007202  
59.119077 0.009086  0.098655  -0.016297  0.992233  0.120085  -0.032458  -0.120495  0.992653  -0.010965  0.030903  0.014791  0.999413  0.005706  -0.004252  0.003699  0.003154  0.005337  0.363579  2.000000  0.999921  0.006433  0.010805  -0.006443  0.999979  0.000893  -0.010799  -0.000962  0.999941  0.999976  0.006995  -0.000102  -0.006995  0.999976  -0.000026  0.000102  0.000027  1.000000  1.000000  0.000045  0.000075  -0.000045  1.000000  -0.000000  -0.000075  0.000000  1.000000  0.999921  0.006433  0.010805  -0.006443  0.999979  0.000893  -0.010799  -0.000962  0.999941  0.000093  0.006996  
59.120077 0.009090  0.098650  -0.016293  0.992183  0.120494  -0.032462  -0.120903  0.992604  -0.010951  0.030903  0.014791  0.999413  0.005528  -0.004412  0.003755  0.003154  0.005337  0.363582  2.000000  0.999917  0.006608  0.011099  -0.006618  0.999978  0.000883  -0.011093  -0.000957  0.999938  0.999977  0.006790  -0.000100  -0.006790  0.999977  -0.000154  0.000099  0.000154  1.000000  1.000000  0.000044  0.000073  -0.000044  1.000000  -0.000002  -0.000073  0.000002  1.000000  0.999917  0.006608  0.011099  -0.006618  0.999978  0.000883  -0.011093  -0.000957  0.999938  0.000089  0.006792  
59.121081 0.009095  0.098644  -0.016289  0.992162  0.120700  -0.032332  -0.121108  0.992579  -0.010961  0.030769  0.014791  0.999417  0.005346  -0.004570  0.003809  0.002728  0.000680  0.352720  2.000000  0.999912  0.006774  0.011386  -0.006784  0.999977  0.000874  -0.011380  -0.000951  0.999935  0.999978  0.006586  0.000037  -0.006586  0.999978  -0.000161  -0.000038  0.000161  1.000000  1.000000  0.000041  0.000072  -0.000041  1.000000  -0.000002  -0.000072  0.000002  1.000000  0.999912  0.006774  0.011386  -0.006784  0.999977  0.000874  -0.011380  -0.000951  0.999935  0.000088  0.006588  
59.122086 0.009099  0.098639  -0.016285  0.992137  0.120901  -0.032349  -0.121312  0.992553  -0.011075  0.030769  0.014912  0.999415  0.005170  -0.004719  0.003866  -0.001562  0.000600  0.345782  2.000000  0.999908  0.006937  0.011672  -0.006948  0.999975  0.000862  -0.011666  -0.000943  0.999932  0.999978  0.006586  0.000036  -0.006586  0.999978  -0.000282  -0.000038  0.000282  1.000000  1.000000  0.000041  0.000072  -0.000041  1.000000  -0.000004  -0.000072  0.000004  1.000000  0.999908  0.006937  0.011672  -0.006948  0.999975  0.000862  -0.011666  -0.000943  0.999932  0.000088  0.006592  
59.123331 0.009104  0.098633  -0.016279  0.992087  0.121309  -0.032353  -0.121721  0.992503  -0.011061  0.030769  0.014912  0.999415  0.005030  -0.004801  0.003997  -0.001776  0.000498  0.338960  2.000000  0.999903  0.007096  0.011951  -0.007107  0.999974  0.000840  -0.011945  -0.000925  0.999928  0.999980  0.006380  0.000039  -0.006380  0.999980  -0.000410  -0.000042  0.000410  1.000000  1.000000  0.000039  0.000069  -0.000039  1.000000  -0.000005  -0.000069  0.000005  1.000000  0.999903  0.007096  0.011951  -0.007107  0.999974  0.000840  -0.011945  -0.000925  0.999928  0.000084  0.006394  
59.124581 0.009110  0.098626  -0.016275  0.992062  0.121510  -0.032370  -0.121925  0.992476  -0.011175  0.030769  0.015033  0.999413  0.004880  -0.004893  0.003984  -0.010143  0.000396  0.332035  2.000000  0.999898  0.007290  0.012291  -0.007301  0.999973  0.000810  -0.012285  -0.000899  0.999924  0.999981  0.006174  0.000042  -0.006174  0.999981  -0.000537  -0.000045  0.000537  1.000000  1.000000  0.000038  0.000067  -0.000038  1.000000  -0.000007  -0.000067  0.000007  1.000000  0.999898  0.007290  0.012291  -0.007301  0.999973  0.000810  -0.012285  -0.000899  0.999924  0.000084  0.006198  
59.125831 0.009115  0.098620  -0.016269  0.992012  0.121918  -0.032375  -0.122334  0.992426  -0.011162  0.030769  0.015033  0.999413  0.004788  -0.004971  0.004095  -0.010356  0.000294  0.325079  2.000000  0.999892  0.007477  0.012620  -0.007487  0.999972  0.000774  -0.012614  -0.000868  0.999920  0.999982  0.005969  0.000045  -0.005969  0.999982  -0.000544  -0.000048  0.000544  1.000000  1.000000  0.000037  0.000065  -0.000037  1.000000  -0.000007  -0.000065  0.000007  1.000000  0.999892  0.007477  0.012620  -0.007487  0.999972  0.000774  -0.012614  -0.000868  0.999920  0.000081  0.005994  
59.127081 0.009122  0.098614  -0.016263  0.991987  0.122119  -0.032392  -0.122538  0.992400  -0.011275  0.030769  0.015154  0.999412  0.004739  -0.004999  0.004151  -0.014859  0.000109  0.311253  2.000000  0.999887  0.007666  0.012938  -0.007676  0.999970  0.000736  -0.012932  -0.000835  0.999916  0.999982  0.005967  -0.000090  -0.005967  0.999982  -0.000665  0.000086  0.000666  1.000000  1.000000  0.000038  0.000064  -0.000038  1.000000  -0.000008  -0.000064  0.000008  1.000000  0.999887  0.007666  0.012938  -0.007676  0.999970  0.000736  -0.012932  -0.000835  0.999916  0.000079  0.006004  
59.128332 0.009128  0.098607  -0.016258  0.991962  0.122323  -0.032394  -0.122742  0.992375  -0.011269  0.030769  0.015154  0.999412  0.004664  -0.005072  0.004201  -0.015077  0.000007  0.304430  2.000000  0.999882  0.007848  0.013243  -0.007858  0.999969  0.000697  -0.013237  -0.000801  0.999912  0.999985  0.005555  -0.000084  -0.005555  0.999984  -0.000557  0.000081  0.000557  1.000000  1.000000  0.000036  0.000060  -0.000036  1.000000  -0.000007  -0.000060  0.000007  1.000000  0.999882  0.007848  0.013243  -0.007858  0.999969  0.000697  -0.013237  -0.000801  0.999912  0.000077  0.005584  
59.129577 0.009134  0.098601  -0.016252  0.991911  0.122728  -0.032414  -0.123150  0.992323  -0.011376  0.030769  0.015276  0.999410  0.004630  -0.005106  0.004212  -0.019377  -0.000078  0.297649  2.000000  0.999876  0.008026  0.013538  -0.008035  0.999967  0.000660  -0.013533  -0.000769  0.999908  0.999986  0.005349  -0.000081  -0.005350  0.999986  -0.000563  0.000078  0.000563  1.000000  1.000000  0.000034  0.000057  -0.000034  1.000000  -0.000007  -0.000057  0.000007  1.000000  0.999876  0.008026  0.013538  -0.008035  0.999967  0.000660  -0.013533  -0.000769  0.999908  0.000074  0.005380  
59.130582 0.009139  0.098595  -0.016247  0.991886  0.122932  -0.032416  -0.123355  0.992298  -0.011369  0.030769  0.015276  0.999410  0.004634  -0.005147  0.004274  -0.019362  -0.000078  0.297417  2.000000  0.999872  0.008165  0.013770  -0.008174  0.999966  0.000624  -0.013764  -0.000736  0.999905  0.999986  0.005349  -0.000081  -0.005350  0.999985  -0.000684  0.000078  0.000685  1.000000  1.000000  0.000034  0.000057  -0.000034  1.000000  -0.000009  -0.000057  0.000009  1.000000  0.999872  0.008165  0.013770  -0.008174  0.999966  0.000624  -0.013764  -0.000736  0.999905  0.000072  0.005394  
59.131829 0.009146  0.098589  -0.016242  0.991860  0.123136  -0.032418  -0.123559  0.992272  -0.011362  0.030769  0.015276  0.999410  0.004656  -0.005175  0.004246  -0.023458  -0.000196  0.288117  2.000000  0.999868  0.008301  0.013997  -0.008310  0.999965  0.000588  -0.013992  -0.000704  0.999902  0.999986  0.005349  -0.000081  -0.005350  0.999985  -0.000684  0.000078  0.000685  1.000000  1.000000  0.000034  0.000057  -0.000034  1.000000  -0.000009  -0.000057  0.000009  1.000000  0.999868  0.008301  0.013997  -0.008310  0.999965  0.000588  -0.013992  -0.000704  0.999902  0.000072  0.005394  
59.133082 0.009153  0.098582  -0.016237  0.991835  0.123337  -0.032436  -0.123763  0.992245  -0.011476  0.030769  0.015397  0.999408  0.004759  -0.005191  0.004276  -0.028155  -0.000386  0.276662  2.000000  0.999862  0.008470  0.014279  -0.008479  0.999964  0.000544  -0.014274  -0.000665  0.999898  0.999987  0.005144  -0.000079  -0.005144  0.999987  -0.000691  0.000075  0.000691  1.000000  1.000000  0.000033  0.000055  -0.000033  1.000000  -0.000009  -0.000055  0.000009  1.000000  0.999862  0.008470  0.014279  -0.008479  0.999964  0.000544  -0.014274  -0.000665  0.999898  0.000071  0.005191  
59.134327 0.009160  0.098576  -0.016231  0.991784  0.123741  -0.032456  -0.124171  0.992193  -0.011583  0.030769  0.015518  0.999406  0.004861  -0.005207  0.004296  -0.031974  -0.000366  0.274451  2.000000  0.999858  0.008603  0.014500  -0.008611  0.999963  0.000508  -0.014495  -0.000632  0.999895  0.999988  0.004938  -0.000076  -0.004938  0.999988  -0.000697  0.000072  0.000697  1.000000  1.000000  0.000000  0.000000  0.000000  1.000000  0.000000  0.000000  0.000000  1.000000  0.999858  0.008603  0.014500  -0.008611  0.999963  0.000508  -0.014495  -0.000632  0.999895  0.000067  0.000000  
59.135577 0.009168  0.098569  -0.016226  0.991758  0.123946  -0.032458  -0.124376  0.992168  -0.011576  0.030769  0.015518  0.999406  0.005003  -0.005198  0.004309  -0.032222  0.003994  0.267683  2.000000  0.999856  0.008669  0.014610  -0.008677  0.999962  0.000486  -0.014605  -0.000613  0.999893  0.999988  0.004940  0.000057  -0.004940  0.999987  -0.000818  -0.000062  0.000818  1.000000  1.000000  0.000000  0.000000  0.000000  1.000000  0.000000  0.000000  0.000000  1.000000  0.999856  0.008669  0.014610  -0.008677  0.999962  0.000486  -0.014605  -0.000613  0.999893  0.000066  0.000000  
59.136827 0.009176  0.098563  -0.016222  0.991732  0.124146  -0.032475  -0.124580  0.992141  -0.011690  0.030769  0.015639  0.999404  0.005232  -0.005133  0.004299  -0.032409  0.003920  0.260622  2.000000  0.999856  0.008669  0.014610  -0.008677  0.999962  0.000486  -0.014605  -0.000613  0.999893  0.999989  0.004734  0.000061  -0.004734  0.999989  -0.000703  -0.000064  0.000703  1.000000  1.000000  0.000000  0.000000  0.000000  1.000000  0.000000  0.000000  0.000000  1.000000  0.999856  0.008669  0.014610  -0.008677  0.999962  0.000486  -0.014605  -0.000613  0.999893  0.000066  0.000000  
59.137833 0.009182  0.098558  -0.016218  0.991707  0.124350  -0.032478  -0.124784  0.992115  -0.011683  0.030769  0.015639  0.999404  0.005339  -0.005146  0.004286  -0.032658  0.003822  0.254060  2.000000  0.999856  0.008669  0.014610  -0.008677  0.999962  0.000486  -0.014605  -0.000613  0.999893  0.999989  0.004734  0.000060  -0.004734  0.999988  -0.000825  -0.000064  0.000824  1.000000  1.000000  0.000000  0.000000  0.000000  1.000000  0.000000  0.000000  0.000000  1.000000  0.999856  0.008669  0.014610  -0.008677  0.999962  0.000486  -0.014605  -0.000613  0.999893  0.000065  0.000000  
59.139083 0.009191  0.098552  -0.016212  0.991685  0.124556  -0.032347  -0.124989  0.992089  -0.011693  0.030635  0.015639  0.999408  0.005574  -0.005104  0.004273  -0.033116  -0.000752  0.248987  2.000000  0.999856  0.008669  0.014610  -0.008677  0.999962  0.000486  -0.014605  -0.000613  0.999893  0.999990  0.004531  0.000197  -0.004530  0.999989  -0.000831  -0.000201  0.000831  1.000000  1.000000  0.000000  0.000000  0.000000  1.000000  0.000000  0.000000  0.000000  1.000000  0.999856  0.008669  0.014610  -0.008677  0.999962  0.000486  -0.014605  -0.000613  0.999893  0.000064  0.000000  
59.140333 0.009200  0.098547  -0.016208  0.991659  0.124757  -0.032365  -0.125193  0.992062  -0.011807  0.030635  0.015761  0.999406  0.005798  -0.005039  0.004251  -0.037408  -0.000841  0.242092  2.000000  0.999856  0.008669  0.014610  -0.008677  0.999962  0.000486  -0.014605  -0.000613  0.999893  0.999990  0.004531  0.000196  -0.004530  0.999989  -0.000831  -0.000200  0.000831  1.000000  1.000000  0.000000  0.000000  0.000000  1.000000  0.000000  0.000000  0.000000  1.000000  0.999856  0.008669  0.014610  -0.008677  0.999962  0.000486  -0.014605  -0.000613  0.999893  0.000061  0.000000  
59.141585 0.009209  0.098542  -0.016202  0.991634  0.124961  -0.032367  -0.125397  0.992036  -0.011801  0.030635  0.015761  0.999406  0.006052  -0.004944  0.004250  -0.033540  -0.000931  0.235156  2.000000  0.999856  0.008669  0.014610  -0.008677  0.999962  0.000486  -0.014605  -0.000613  0.999893  0.999991  0.004323  0.000066  -0.004323  0.999990  -0.000838  -0.000070  0.000837  1.000000  1.000000  0.000000  0.000000  0.000000  1.000000  0.000000  0.000000  0.000000  1.000000  0.999856  0.008669  0.014610  -0.008677  0.999962  0.000486  -0.014605  -0.000613  0.999893  0.000059  0.000000  
59.142831 0.009219  0.098537  -0.016197  0.991608  0.125165  -0.032370  -0.125601  0.992011  -0.011794  0.030635  0.015761  0.999406  0.006256  -0.004887  0.004221  -0.033758  -0.001036  0.228273  2.000000  0.999856  0.008669  0.014610  -0.008677  0.999962  0.000486  -0.014605  -0.000613  0.999893  0.999991  0.004323  0.000066  -0.004323  0.999990  -0.000716  -0.000069  0.000716  1.000000  1.000000  0.000000  0.000000  0.000000  1.000000  0.000000  0.000000  0.000000  1.000000  0.999856  0.008669  0.014610  -0.008677  0.999962  0.000486  -0.014605  -0.000613  0.999893  0.000059  0.000000  
59.144081 0.009229  0.098531  -0.016191  0.991582  0.125369  -0.032372  -0.125805  0.991985  -0.011787  0.030635  0.015761  0.999406  0.006501  -0.004813  0.004206  -0.033480  -0.001028  0.226400  2.000000  0.999856  0.008669  0.014610  -0.008677  0.999962  0.000486  -0.014605  -0.000613  0.999893  0.999992  0.004117  0.000069  -0.004117  0.999991  -0.000723  -0.000072  0.000723  1.000000  1.000000  0.000000  0.000000  0.000000  1.000000  0.000000  0.000000  0.000000  1.000000  0.999856  0.008669  0.014610  -0.008677  0.999962  0.000486  -0.014605  -0.000613  0.999893  0.000057  0.000000  
