1-Time 2-Px 3-Py 4-Pz 5-R11 6-R21 7-R31 8-R12 9-R22 10-R32 11-R13 12-R23 13-R33 14-Vx 15-Vy 16-Vz 17-Wx 18-Wy 19-Wz 20-state 21-PR11 22-PR21 23-PR31 24-PR12 25-PR22 26-PR32 27-PR13 28-PR23 29-PR33 
291.886198 0.007173  0.093753  -0.024457  0.999280  -0.033323  0.018140  -0.013167  0.143814  0.989517  -0.035583  -0.989044  0.143272  0.000037  -0.000006  -0.000162  0.000000  0.000000  0.000000  2.000000  1.000000  0.000000  0.000000  0.000000  -0.000000  1.000000  0.000000  -1.000000  -0.000000  1.000000  0.000044  -0.000630  -0.000044  1.000000  0.000022  0.000630  -0.000022  1.000000  1.000000  0.000000  0.000000  0.000000  1.000000  0.000000  0.000000  0.000000  1.000000  0.456752  0.498472  0.736819  -0.766949  -0.199015  0.610067  0.450739  -0.843753  0.291403  0.000000  0.000000  
291.887206 0.007174  0.093753  -0.024458  0.999280  -0.033323  0.018140  -0.013167  0.143814  0.989517  -0.035583  -0.989044  0.143272  0.000087  -0.000006  -0.000176  0.000000  0.000000  0.000000  2.000000  1.000000  0.000000  0.000000  0.000000  -0.000000  1.000000  0.000000  -1.000000  -0.000000  1.000000  0.000044  -0.000630  -0.000044  1.000000  0.000022  0.000630  -0.000022  1.000000  1.000000  0.000000  0.000000  0.000000  1.000000  0.000000  0.000000  0.000000  1.000000  1.000000  0.000000  0.000000  0.000000  -0.000000  1.000000  0.000000  -1.000000  -0.000000  0.000000  0.000000  
291.888454 0.007175  0.093752  -0.024458  0.999280  -0.033321  0.018144  -0.013167  0.143934  0.989500  -0.035583  -0.989026  0.143392  0.000159  -0.000056  -0.000174  0.000000  0.000000  0.000000  2.000000  1.000000  0.000000  0.000000  0.000000  -0.000000  1.000000  0.000000  -1.000000  -0.000000  1.000000  -0.000089  -0.000611  0.000088  1.000000  -0.000099  0.000611  0.000099  1.000000  1.000000  0.000000  0.000000  0.000000  1.000000  0.000000  0.000000  0.000000  1.000000  1.000000  0.000000  0.000000  0.000000  -0.000000  1.000000  0.000000  -1.000000  -0.000000  0.000000  0.000000  
291.889458 0.007176  0.093751  -0.024458  0.999283  -0.033351  0.017940  -0.012961  0.143927  0.989503  -0.035583  -0.989026  0.143392  0.000230  -0.000105  -0.000173  0.000000  0.000000  0.000000  2.000000  1.000000  0.000000  0.000000  0.000000  -0.000000  1.000000  0.000000  -1.000000  -0.000000  1.000000  -0.000118  -0.000814  0.000118  1.000000  -0.000092  0.000814  0.000092  1.000000  1.000000  0.000000  0.000000  0.000000  1.000000  0.000000  0.000000  0.000000  1.000000  1.000000  0.000000  0.000000  0.000000  -0.000000  1.000000  0.000000  -1.000000  -0.000000  0.000000  0.000000  
291.890715 0.007178  0.093750  -0.024458  0.999283  -0.033349  0.017944  -0.012961  0.144047  0.989486  -0.035583  -0.989009  0.143512  0.000353  -0.000178  -0.000136  0.000000  0.000000  0.000000  2.000000  1.000000  0.000000  0.000000  0.000000  -0.000000  1.000000  0.000000  -1.000000  -0.000000  1.000000  -0.000118  -0.000814  0.000118  1.000000  -0.000213  0.000814  0.000213  1.000000  1.000000  0.000000  0.000000  0.000000  1.000000  0.000000  0.000000  0.000000  1.000000  1.000000  0.000000  0.000000  0.000000  -0.000000  1.000000  0.000000  -1.000000  -0.000000  0.000000  0.000000  
291.891957 0.007180  0.093749  -0.024457  0.999281  -0.033509  0.017764  -0.012756  0.144162  0.989472  -0.035717  -0.988987  0.143631  0.000500  -0.000220  -0.000080  0.000000  0.000000  0.000000  2.000000  1.000000  0.000000  0.000000  0.000000  -0.000000  1.000000  0.000000  -1.000000  -0.000000  1.000000  -0.000251  -0.000795  0.000250  1.000000  -0.000213  0.000795  0.000213  1.000000  1.000000  0.000000  0.000000  0.000000  1.000000  0.000000  0.000000  0.000000  1.000000  1.000000  0.000000  0.000000  0.000000  -0.000000  1.000000  0.000000  -1.000000  -0.000000  0.000000  0.000000  
291.892958 0.007183  0.093749  -0.024457  0.999281  -0.033509  0.017764  -0.012756  0.144162  0.989472  -0.035717  -0.988987  0.143631  0.000671  -0.000271  -0.000066  0.000000  0.000000  0.000000  2.000000  1.000000  0.000000  0.000000  0.000000  -0.000000  1.000000  0.000000  -1.000000  -0.000000  1.000000  -0.000251  -0.000795  0.000250  1.000000  -0.000335  0.000795  0.000334  1.000000  1.000000  0.000000  0.000000  0.000000  1.000000  0.000000  0.000000  0.000000  1.000000  1.000000  0.000000  0.000000  0.000000  -0.000000  1.000000  0.000000  -1.000000  -0.000000  0.000000  0.000000  
291.893959 0.007185  0.093748  -0.024457  0.999283  -0.033536  0.017564  -0.012550  0.144275  0.989458  -0.035717  -0.988969  0.143751  0.000803  -0.000345  -0.000070  0.000000  0.000000  0.000000  2.000000  1.000000  0.000000  0.000000  0.000000  -0.000000  1.000000  0.000000  -1.000000  -0.000000  0.999999  -0.000280  -0.000999  0.000280  1.000000  -0.000449  0.000999  0.000448  0.999999  1.000000  0.000000  0.000000  0.000000  1.000000  0.000000  0.000000  0.000000  1.000000  1.000000  0.000000  0.000000  0.000000  -0.000000  1.000000  0.000000  -1.000000  -0.000000  0.000000  0.000000  
291.895207 0.007188  0.093747  -0.024458  0.999286  -0.033564  0.017365  -0.012344  0.144388  0.989444  -0.035717  -0.988952  0.143871  0.001026  -0.000394  -0.000109  0.000000  0.000000  0.000000  2.000000  1.000000  0.000000  0.000000  0.000000  -0.000000  1.000000  0.000000  -1.000000  -0.000000  0.999999  -0.000310  -0.001202  0.000309  1.000000  -0.000441  0.001203  0.000441  0.999999  1.000000  0.000000  0.000000  0.000000  1.000000  0.000000  0.000000  0.000000  1.000000  1.000000  0.000000  0.000000  0.000000  -0.000000  1.000000  0.000000  -1.000000  -0.000000  0.000000  0.000000  
291.896458 0.007191  0.093745  -0.024459  0.999288  -0.033591  0.017165  -0.012138  0.144501  0.989430  -0.035717  -0.988934  0.143991  0.001229  -0.000494  -0.000160  0.000000  0.000000  0.000000  2.000000  1.000000  0.000000  0.000000  0.000000  -0.000000  1.000000  0.000000  -1.000000  -0.000000  0.999999  -0.000310  -0.001202  0.000309  1.000000  -0.000563  0.001203  0.000562  0.999999  1.000000  0.000000  0.000000  0.000000  1.000000  0.000000  0.000000  0.000000  1.000000  1.000000  0.000000  0.000000  0.000000  -0.000000  1.000000  0.000000  -1.000000  -0.000000  0.000000  0.000000  
291.897705 0.007195  0.093745  -0.024460  0.999291  -0.033619  0.016966  -0.011933  0.144615  0.989416  -0.035717  -0.988917  0.144111  0.001462  -0.000545  -0.000240  0.000000  0.000000  0.000000  2.000000  1.000000  0.000000  0.000000  0.000000  -0.000000  1.000000  0.000000  -1.000000  -0.000000  0.999999  -0.000340  -0.001406  0.000339  1.000000  -0.000677  0.001406  0.000676  0.999999  1.000000  0.000000  0.000000  0.000000  1.000000  0.000000  0.000000  0.000000  1.000000  1.000000  0.000000  0.000000  0.000000  -0.000000  1.000000  0.000000  -1.000000  -0.000000  0.000000  0.000000  
291.898708 0.007197  0.093744  -0.024462  0.999291  -0.033619  0.016966  -0.011933  0.144615  0.989416  -0.035717  -0.988917  0.144111  0.001603  -0.000621  -0.000285  0.000000  0.000000  0.000000  2.000000  1.000000  0.000000  0.000000  0.000000  -0.000000  1.000000  0.000000  -1.000000  -0.000000  0.999999  -0.000340  -0.001406  0.000339  1.000000  -0.000798  0.001406  0.000797  0.999999  1.000000  0.000000  0.000000  0.000000  1.000000  0.000000  0.000000  0.000000  1.000000  1.000000  0.000000  0.000000  0.000000  -0.000000  1.000000  0.000000  -1.000000  -0.000000  0.000000  0.000000  
291.899954 0.007199  0.093741  -0.024464  0.999293  -0.033645  0.016770  -0.011727  0.144848  0.989384  -0.035717  -0.988882  0.144351  0.001761  -0.000778  -0.000456  0.000000  0.000000  0.000000  2.000000  1.000000  0.000000  0.000000  0.000000  -0.000000  1.000000  0.000000  -1.000000  -0.000000  0.999999  -0.000370  -0.001609  0.000368  1.000000  -0.000912  0.001610  0.000911  0.999998  1.000000  0.000000  0.000000  0.000000  1.000000  0.000000  0.000000  0.000000  1.000000  1.000000  0.000000  0.000000  0.000000  -0.000000  1.000000  0.000000  -1.000000  -0.000000  0.000000  0.000000  
291.901204 0.007202  0.093739  -0.024466  0.999296  -0.033673  0.016570  -0.011521  0.144961  0.989370  -0.035717  -0.988864  0.144471  0.001915  -0.000935  -0.000588  0.000000  0.000000  0.000000  2.000000  1.000000  0.000000  0.000000  0.000000  -0.000000  1.000000  0.000000  -1.000000  -0.000000  0.999998  -0.000400  -0.001813  0.000398  0.999999  -0.001147  0.001813  0.001147  0.999998  1.000000  0.000000  0.000000  0.000000  1.000000  0.000000  0.000000  0.000000  1.000000  1.000000  0.000000  0.000000  0.000000  -0.000000  1.000000  0.000000  -1.000000  -0.000000  0.000000  0.000000  
291.902452 0.007205  0.093737  -0.024469  0.999298  -0.033700  0.016371  -0.011315  0.145074  0.989356  -0.035717  -0.988847  0.144591  0.002036  -0.001073  -0.000746  0.000000  0.000000  0.000000  2.000000  1.000000  0.000000  0.000000  0.000000  -0.000000  1.000000  0.000000  -1.000000  -0.000000  0.999998  -0.000430  -0.002016  0.000427  0.999999  -0.001261  0.002017  0.001260  0.999997  1.000000  0.000000  0.000000  0.000000  1.000000  0.000000  0.000000  0.000000  1.000000  1.000000  0.000000  0.000000  0.000000  -0.000000  1.000000  0.000000  -1.000000  -0.000000  0.000000  0.000000  
291.903454 0.007206  0.093735  -0.024470  0.999300  -0.033726  0.016175  -0.011110  0.145307  0.989324  -0.035717  -0.988812  0.144831  0.002093  -0.001150  -0.000843  0.000000  0.000000  0.000000  2.000000  1.000000  0.000000  0.000000  0.000000  -0.000000  1.000000  0.000000  -1.000000  -0.000000  0.999997  -0.000460  -0.002220  0.000457  0.999999  -0.001375  0.002221  0.001374  0.999997  1.000000  0.000000  0.000000  0.000000  1.000000  0.000000  0.000000  0.000000  1.000000  1.000000  0.000000  0.000000  0.000000  -0.000000  1.000000  0.000000  -1.000000  -0.000000  0.000000  0.000000  
291.904454 0.007209  0.093732  -0.024472  0.999302  -0.033754  0.015976  -0.010904  0.145420  0.989310  -0.035717  -0.988794  0.144950  0.002152  -0.001252  -0.000893  0.000000  0.000000  0.000000  2.000000  1.000000  0.000000  0.000000  0.000000  -0.000000  1.000000  0.000000  -1.000000  -0.000000  0.999997  -0.000490  -0.002423  0.000486  0.999999  -0.001611  0.002424  0.001609  0.999996  1.000000  0.000000  0.000000  0.000000  1.000000  0.000000  0.000000  0.000000  1.000000  1.000000  0.000000  0.000000  0.000000  -0.000000  1.000000  0.000000  -1.000000  -0.000000  0.000000  0.000000  
291.905456 0.007210  0.093730  -0.024473  0.999302  -0.033752  0.015980  -0.010904  0.145540  0.989292  -0.035717  -0.988776  0.145070  0.002164  -0.001356  -0.001062  0.000000  0.000000  0.000000  2.000000  1.000000  0.000000  0.000000  0.000000  -0.000000  1.000000  0.000000  -1.000000  -0.000000  0.999997  -0.000491  -0.002423  0.000486  0.999998  -0.001732  0.002424  0.001731  0.999996  1.000000  0.000000  0.000000  0.000000  1.000000  0.000000  0.000000  0.000000  1.000000  1.000000  0.000000  0.000000  0.000000  -0.000000  1.000000  0.000000  -1.000000  -0.000000  0.000000  0.000000  
291.906714 0.007212  0.093727  -0.024476  0.999305  -0.033778  0.015784  -0.010698  0.145773  0.989260  -0.035717  -0.988741  0.145310  0.002176  -0.001491  -0.001281  0.000000  0.000000  0.000000  2.000000  1.000000  0.000000  0.000000  0.000000  -0.000000  1.000000  0.000000  -1.000000  -0.000000  0.999997  -0.000491  -0.002423  0.000486  0.999998  -0.001975  0.002424  0.001973  0.999995  1.000000  0.000000  0.000000  0.000000  1.000000  0.000000  0.000000  0.000000  1.000000  1.000000  0.000000  0.000000  0.000000  -0.000000  1.000000  0.000000  -1.000000  -0.000000  0.000000  0.000000  
291.907966 0.007215  0.093725  -0.024478  0.999307  -0.033805  0.015589  -0.010493  0.146006  0.989228  -0.035717  -0.988706  0.145550  0.002138  -0.001625  -0.001396  0.000000  0.000000  0.000000  2.000000  1.000000  0.000000  0.000000  0.000000  -0.000000  1.000000  0.000000  -1.000000  -0.000000  0.999996  -0.000522  -0.002627  0.000516  0.999997  -0.002210  0.002628  0.002209  0.999994  1.000000  0.000000  0.000000  0.000000  1.000000  0.000000  0.000000  0.000000  1.000000  1.000000  0.000000  0.000000  0.000000  -0.000000  1.000000  0.000000  -1.000000  -0.000000  0.000000  0.000000  
291.909211 0.007217  0.093722  -0.024479  0.999314  -0.033699  0.015374  -0.010287  0.146238  0.989196  -0.035583  -0.988675  0.145791  0.002099  -0.001753  -0.001463  0.000000  0.000000  0.000000  2.000000  1.000000  0.000000  0.000000  0.000000  -0.000000  1.000000  0.000000  -1.000000  -0.000000  0.999996  -0.000390  -0.002646  0.000384  0.999997  -0.002331  0.002647  0.002330  0.999994  1.000000  0.000000  0.000000  0.000000  1.000000  0.000000  0.000000  0.000000  1.000000  1.000000  0.000000  0.000000  0.000000  -0.000000  1.000000  0.000000  -1.000000  -0.000000  0.000000  0.000000  
291.910455 0.007220  0.093719  -0.024481  0.999314  -0.033695  0.015382  -0.010287  0.146478  0.989160  -0.035583  -0.988640  0.146030  0.002043  -0.001853  -0.001495  0.000000  0.000000  0.000000  2.000000  1.000000  0.000000  0.000000  0.000000  -0.000000  1.000000  0.000000  -1.000000  -0.000000  0.999996  -0.000391  -0.002646  0.000384  0.999997  -0.002574  0.002647  0.002573  0.999993  1.000000  0.000000  0.000000  0.000000  1.000000  0.000000  0.000000  0.000000  1.000000  1.000000  0.000000  0.000000  0.000000  -0.000000  1.000000  0.000000  -1.000000  -0.000000  0.000000  0.000000  
291.911709 0.007221  0.093716  -0.024482  0.999316  -0.033722  0.015187  -0.010081  0.146711  0.989128  -0.035583  -0.988604  0.146270  0.001934  -0.001987  -0.001517  0.000000  0.000000  0.000000  2.000000  1.000000  0.000000  0.000000  0.000000  -0.000000  1.000000  0.000000  -1.000000  -0.000000  0.999996  -0.000421  -0.002849  0.000414  0.999996  -0.002688  0.002850  0.002687  0.999992  1.000000  0.000000  0.000000  0.000000  1.000000  0.000000  0.000000  0.000000  1.000000  1.000000  0.000000  0.000000  0.000000  -0.000000  1.000000  0.000000  -1.000000  -0.000000  0.000000  0.000000  
291.912955 0.007223  0.093713  -0.024483  0.999318  -0.033748  0.014991  -0.009875  0.146944  0.989096  -0.035583  -0.988569  0.146510  0.001852  -0.002116  -0.001521  0.000000  0.000000  0.000000  2.000000  1.000000  0.000000  0.000000  0.000000  -0.000000  1.000000  0.000000  -1.000000  -0.000000  0.999996  -0.000290  -0.002869  0.000282  0.999996  -0.002809  0.002870  0.002808  0.999992  1.000000  0.000000  0.000000  0.000000  1.000000  0.000000  0.000000  0.000000  1.000000  1.000000  0.000000  0.000000  0.000000  -0.000000  1.000000  0.000000  -1.000000  -0.000000  0.000000  0.000000  
291.914206 0.007225  0.093709  -0.024485  0.999318  -0.033744  0.014999  -0.009875  0.147184  0.989060  -0.035583  -0.988533  0.146750  0.001791  -0.002207  -0.001512  0.000000  0.000000  0.000000  2.000000  1.000000  0.000000  0.000000  0.000000  -0.000000  1.000000  0.000000  -1.000000  -0.000000  0.999996  -0.000260  -0.002665  0.000252  0.999996  -0.002937  0.002666  0.002937  0.999992  1.000000  0.000000  0.000000  0.000000  1.000000  0.000000  0.000000  0.000000  1.000000  1.000000  0.000000  0.000000  0.000000  -0.000000  1.000000  0.000000  -1.000000  -0.000000  0.000000  0.000000  
291.915454 0.007225  0.093705  -0.024487  0.999320  -0.033769  0.014808  -0.009670  0.147537  0.989009  -0.035583  -0.988480  0.147110  0.001659  -0.002332  -0.001501  0.000000  0.000000  0.000000  2.000000  1.000000  0.000000  0.000000  0.000000  -0.000000  1.000000  0.000000  -1.000000  -0.000000  0.999996  -0.000261  -0.002665  0.000253  0.999995  -0.003059  0.002666  0.003058  0.999992  1.000000  0.000000  0.000000  0.000000  1.000000  0.000000  0.000000  0.000000  1.000000  1.000000  0.000000  0.000000  0.000000  -0.000000  1.000000  0.000000  -1.000000  -0.000000  0.000000  0.000000  
291.916454 0.007226  0.093702  -0.024489  0.999325  -0.033634  0.014797  -0.009670  0.147775  0.988974  -0.035449  -0.988449  0.147350  0.001576  -0.002472  -0.001456  0.000000  0.000000  0.000000  2.000000  1.000000  0.000000  0.000000  0.000000  -0.000000  1.000000  0.000000  -1.000000  -0.000000  0.999996  -0.000262  -0.002665  0.000253  0.999995  -0.003301  0.002666  0.003301  0.999991  1.000000  0.000000  0.000000  0.000000  1.000000  0.000000  0.000000  0.000000  1.000000  1.000000  0.000000  0.000000  0.000000  -0.000000  1.000000  0.000000  -1.000000  -0.000000  0.000000  0.000000  
291.917704 0.007227  0.093697  -0.024490  0.999327  -0.033660  0.014601  -0.009464  0.148008  0.988941  -0.035449  -0.988413  0.147590  0.001470  -0.002580  -0.001387  0.000000  0.000000  0.000000  2.000000  1.000000  0.000000  0.000000  0.000000  -0.000000  1.000000  0.000000  -1.000000  -0.000000  0.999996  -0.000130  -0.002685  0.000121  0.999994  -0.003544  0.002685  0.003543  0.999990  1.000000  0.000000  0.000000  0.000000  1.000000  0.000000  0.000000  0.000000  1.000000  1.000000  0.000000  0.000000  0.000000  -0.000000  1.000000  0.000000  -1.000000  -0.000000  0.000000  0.000000  
291.918954 0.007228  0.093694  -0.024491  0.999327  -0.033655  0.014613  -0.009464  0.148368  0.988887  -0.035449  -0.988359  0.147950  0.001364  -0.002674  -0.001355  0.000000  0.000000  0.000000  2.000000  1.000000  0.000000  0.000000  0.000000  -0.000000  1.000000  0.000000  -1.000000  -0.000000  0.999997  -0.000100  -0.002481  0.000091  0.999993  -0.003672  0.002482  0.003672  0.999990  1.000000  0.000000  0.000000  0.000000  1.000000  0.000000  0.000000  0.000000  1.000000  1.000000  0.000000  0.000000  0.000000  -0.000000  1.000000  0.000000  -1.000000  -0.000000  0.000000  0.000000  
291.920204 0.007230  0.093690  -0.024493  0.999327  -0.033650  0.014626  -0.009464  0.148728  0.988833  -0.035449  -0.988305  0.148309  0.001331  -0.002706  -0.001337  0.000000  0.000000  0.000000  2.000000  1.000000  0.000000  0.000000  0.000000  -0.000000  1.000000  0.000000  -1.000000  -0.000000  0.999997  -0.000071  -0.002278  0.000062  0.999992  -0.003922  0.002278  0.003922  0.999990  1.000000  0.000000  0.000000  0.000000  1.000000  0.000000  0.000000  0.000000  1.000000  1.000000  0.000000  0.000000  0.000000  -0.000000  1.000000  0.000000  -1.000000  -0.000000  0.000000  0.000000  
291.921204 0.007231  0.093687  -0.024494  0.999324  -0.033809  0.014450  -0.009258  0.148962  0.988800  -0.035583  -0.988265  0.148548  0.001292  -0.002753  -0.001269  -0.166828  0.123822  -0.013743  2.000000  1.000000  0.000000  0.000000  0.000000  -0.000000  1.000000  0.000000  -1.000000  -0.000000  0.999997  -0.000204  -0.002258  0.000195  0.999992  -0.004044  0.002259  0.004043  0.999989  1.000000  0.000000  0.000000  0.000000  1.000000  0.000000  0.000000  0.000000  1.000000  1.000000  0.000000  0.000000  0.000000  -0.000000  1.000000  0.000000  -1.000000  -0.000000  0.000000  0.000000  
291.922207 0.007232  0.093685  -0.024494  0.999324  -0.033806  0.014458  -0.009258  0.149202  0.988763  -0.035583  -0.988229  0.148788  0.001245  -0.002797  -0.001196  -0.169722  0.115999  -0.012647  2.000000  1.000000  0.000000  0.000000  0.000000  -0.000000  1.000000  0.000000  -1.000000  -0.000000  0.999998  -0.000174  -0.002054  0.000165  0.999992  -0.004051  0.002055  0.004051  0.999990  1.000000  0.000000  0.000000  0.000000  1.000000  0.000000  0.000000  0.000000  1.000000  1.000000  0.000000  0.000000  0.000000  -0.000000  1.000000  0.000000  -1.000000  -0.000000  0.000051  0.000000  
291.923454 0.007234  0.093681  -0.024495  0.999324  -0.033800  0.014471  -0.009258  0.149562  0.988709  -0.035583  -0.988174  0.149148  0.001214  -0.002848  -0.001132  -0.181857  0.115999  -0.012668  2.000000  1.000000  0.000000  0.000000  0.000000  -0.000000  1.000000  0.000000  -1.000000  -0.000000  0.999998  -0.000144  -0.001851  0.000136  0.999991  -0.004301  0.001852  0.004300  0.999989  1.000000  0.000000  0.000000  0.000000  1.000000  0.000000  0.000000  0.000000  1.000000  1.000000  0.000000  0.000000  0.000000  -0.000000  1.000000  0.000000  -1.000000  -0.000000  0.000054  0.000000  
291.924459 0.007236  0.093678  -0.024495  0.999324  -0.033797  0.014479  -0.009258  0.149802  0.988673  -0.035583  -0.988138  0.149387  0.001217  -0.002915  -0.001022  -0.187673  0.110108  -0.011779  2.000000  1.000000  0.000000  0.000000  0.000000  -0.000000  1.000000  0.000000  -1.000000  -0.000000  0.999999  -0.000113  -0.001647  0.000106  0.999991  -0.004308  0.001648  0.004308  0.999989  1.000000  0.000000  0.000000  0.000000  1.000000  0.000000  0.000000  0.000000  1.000000  1.000000  0.000000  0.000000  0.000000  -0.000000  1.000000  0.000000  -1.000000  -0.000000  0.000053  0.000000  
291.925710 0.007238  0.093674  -0.024494  0.999324  -0.033792  0.014491  -0.009258  0.150161  0.988618  -0.035583  -0.988084  0.149747  0.001200  -0.002935  -0.000892  -0.196074  0.103265  -0.010790  2.000000  1.000000  0.000000  0.000000  0.000000  -0.000000  1.000000  0.000000  -1.000000  -0.000000  0.999999  -0.000114  -0.001647  0.000107  0.999990  -0.004551  0.001648  0.004550  0.999988  1.000000  0.000000  0.000000  0.000000  1.000000  0.000000  0.000000  0.000000  1.000000  1.000000  0.000000  0.000000  0.000000  -0.000000  1.000000  0.000000  -1.000000  -0.000000  0.000054  0.000000  
291.926958 0.007241  0.093670  -0.024493  0.999329  -0.033656  0.014479  -0.009258  0.150400  0.988582  -0.035449  -0.988052  0.149987  0.001244  -0.002981  -0.000741  -0.200418  0.097092  -0.005344  2.000000  1.000000  0.000000  0.000000  0.000000  -0.000000  1.000000  0.000000  -1.000000  -0.000000  0.999999  0.000048  -0.001464  -0.000055  0.999989  -0.004679  0.001464  0.004679  0.999988  1.000000  0.000000  0.000000  0.000000  1.000000  0.000000  0.000000  0.000000  1.000000  1.000000  0.000000  0.000000  0.000000  -0.000000  1.000000  0.000000  -1.000000  -0.000000  0.000056  0.000000  
291.928208 0.007243  0.093666  -0.024493  0.999329  -0.033651  0.014491  -0.009258  0.150760  0.988527  -0.035449  -0.987998  0.150347  0.001290  -0.003072  -0.000549  -0.208757  0.090223  -0.004347  2.000000  1.000000  0.000000  0.000000  0.000000  -0.000000  1.000000  0.000000  -1.000000  -0.000000  0.999999  0.000079  -0.001261  -0.000085  0.999989  -0.004687  0.001260  0.004687  0.999988  1.000000  0.000000  0.000000  0.000000  1.000000  0.000000  0.000000  0.000000  1.000000  1.000000  0.000000  0.000000  0.000000  -0.000000  1.000000  0.000000  -1.000000  -0.000000  0.000056  0.000000  
291.929477 0.007244  0.093661  -0.024492  0.999329  -0.033645  0.014504  -0.009258  0.151119  0.988472  -0.035449  -0.987943  0.150706  0.001334  -0.003138  -0.000377  -0.217045  0.083342  -0.003347  2.000000  1.000000  0.000000  0.000000  0.000000  -0.000000  1.000000  0.000000  -1.000000  -0.000000  0.999999  -0.000054  -0.001241  0.000048  0.999988  -0.004808  0.001241  0.004808  0.999988  1.000000  0.000000  0.000000  0.000000  1.000000  0.000000  0.000000  0.000000  1.000000  1.000000  0.000000  0.000000  0.000000  -0.000000  1.000000  0.000000  -1.000000  -0.000000  0.000057  0.000000  
291.930708 0.007246  0.093657  -0.024491  0.999329  -0.033640  0.014516  -0.009258  0.151479  0.988417  -0.035449  -0.987888  0.151066  0.001410  -0.003159  -0.000234  -0.221504  0.076555  -0.002352  2.000000  1.000000  -0.000000  -0.000013  0.000013  0.000063  1.000000  -0.000000  -1.000000  0.000063  0.999999  -0.000023  -0.001037  0.000018  0.999988  -0.004937  0.001037  0.004937  0.999987  1.000000  0.000000  0.000000  0.000000  1.000000  0.000000  0.000000  0.000000  1.000000  1.000000  -0.000000  -0.000013  0.000013  0.000063  1.000000  -0.000000  -1.000000  0.000063  0.000059  0.000000  
291.931955 0.007248  0.093652  -0.024490  0.999330  -0.033666  0.014325  -0.009053  0.151832  0.988365  -0.035449  -0.987833  0.151425  0.001456  -0.003228  -0.000062  -0.227792  0.075932  -0.002351  2.000000  1.000000  -0.000000  -0.000070  0.000070  0.000380  1.000000  -0.000000  -1.000000  0.000380  0.999999  -0.000023  -0.001037  0.000018  0.999987  -0.005058  0.001037  0.005058  0.999987  1.000000  -0.000000  -0.000013  0.000000  1.000000  -0.000063  0.000013  0.000063  1.000000  1.000000  -0.000000  -0.000070  0.000070  0.000380  1.000000  -0.000000  -1.000000  0.000380  0.000060  0.005163  
291.933204 0.007250  0.093647  -0.024489  0.999330  -0.033663  0.014333  -0.009053  0.152072  0.988328  -0.035449  -0.987796  0.151665  0.001530  -0.003250  0.000094  -0.229938  0.069726  -0.001364  2.000000  1.000000  -0.000001  -0.000132  0.000132  0.000703  1.000000  -0.000001  -1.000000  0.000703  1.000000  0.000007  -0.000834  -0.000012  0.999987  -0.005186  0.000834  0.005187  0.999986  1.000000  0.000000  -0.000010  -0.000000  1.000000  -0.000065  0.000010  0.000065  1.000000  1.000000  -0.000001  -0.000132  0.000132  0.000703  1.000000  -0.000001  -1.000000  0.000703  0.000061  0.005253  
291.934454 0.007252  0.093643  -0.024488  0.999330  -0.033657  0.014345  -0.009053  0.152431  0.988273  -0.035449  -0.987741  0.152024  0.001566  -0.003290  0.000245  -0.236357  0.062364  -0.000350  2.000000  1.000000  -0.000001  -0.000174  0.000174  0.000969  1.000000  -0.000001  -1.000000  0.000969  1.000000  0.000007  -0.000834  -0.000012  0.999985  -0.005429  0.000834  0.005429  0.999985  1.000000  0.000000  -0.000010  -0.000000  1.000000  -0.000068  0.000010  0.000068  1.000000  1.000000  -0.000001  -0.000174  0.000174  0.000969  1.000000  -0.000001  -1.000000  0.000969  0.000061  0.005493  
291.935454 0.007253  0.093640  -0.024488  0.999329  -0.033621  0.014561  -0.009258  0.152798  0.988214  -0.035449  -0.987685  0.152384  0.001568  -0.003338  0.000341  -0.244702  0.055585  0.000656  2.000000  1.000000  -0.000001  -0.000216  0.000216  0.001239  0.999999  -0.000000  -0.999999  0.001239  1.000000  0.000007  -0.000834  -0.000011  0.999985  -0.005429  0.000834  0.005429  0.999985  1.000000  0.000000  -0.000010  -0.000000  1.000000  -0.000068  0.000010  0.000068  1.000000  1.000000  -0.000001  -0.000216  0.000216  0.001239  0.999999  -0.000000  -0.999999  0.001239  0.000062  0.005493  
291.936454 0.007255  0.093637  -0.024488  0.999329  -0.033617  0.014569  -0.009258  0.153037  0.988177  -0.035449  -0.987648  0.152623  0.001560  -0.003360  0.000430  -0.244930  0.048800  0.001664  2.000000  1.000000  0.000003  -0.000240  0.000240  0.001514  0.999999  0.000003  -0.999999  0.001514  1.000000  0.000069  -0.000427  -0.000072  0.999985  -0.005565  0.000427  0.005565  0.999984  1.000000  0.000001  -0.000005  -0.000001  1.000000  -0.000070  0.000005  0.000070  1.000000  1.000000  0.000003  -0.000240  0.000240  0.001514  0.999999  0.000003  -0.999999  0.001514  0.000063  0.005582  
291.937456 0.007256  0.093633  -0.024487  0.999329  -0.033612  0.014581  -0.009258  0.153397  0.988121  -0.035449  -0.987593  0.152983  0.001556  -0.003376  0.000486  -0.253294  0.042025  0.002677  2.000000  1.000000  0.000003  -0.000261  0.000261  0.001792  0.999998  0.000003  -0.999998  0.001792  1.000000  -0.000063  -0.000407  0.000061  0.999985  -0.005565  0.000407  0.005565  0.999984  1.000000  -0.000001  -0.000005  0.000001  1.000000  -0.000070  0.000005  0.000070  1.000000  1.000000  0.000003  -0.000261  0.000261  0.001792  0.999998  0.000003  -0.999998  0.001792  0.000064  0.005580  
291.938712 0.007258  0.093629  -0.024487  0.999329  -0.033606  0.014593  -0.009258  0.153757  0.988065  -0.035449  -0.987537  0.153342  0.001566  -0.003401  0.000493  -0.255325  0.041689  -0.001763  2.000000  1.000000  0.000001  -0.000273  0.000273  0.002145  0.999998  0.000001  -0.999998  0.002145  1.000000  -0.000032  -0.000203  0.000030  0.999984  -0.005694  0.000203  0.005694  0.999984  1.000000  -0.000000  -0.000003  0.000000  1.000000  -0.000071  0.000003  0.000071  1.000000  1.000000  0.000001  -0.000273  0.000273  0.002145  0.999998  0.000001  -0.999998  0.002145  0.000065  0.005697  
291.939954 0.007260  0.093625  -0.024487  0.999329  -0.033601  0.014606  -0.009258  0.154116  0.988009  -0.035449  -0.987481  0.153702  0.001526  -0.003426  0.000514  -0.261626  0.034576  -0.000731  2.000000  1.000000  -0.000001  -0.000286  0.000286  0.002498  0.999997  -0.000001  -0.999997  0.002498  1.000000  -0.000032  -0.000203  0.000030  0.999984  -0.005694  0.000203  0.005694  0.999984  1.000000  -0.000000  -0.000003  0.000000  1.000000  -0.000071  0.000003  0.000071  1.000000  1.000000  -0.000001  -0.000286  0.000286  0.002498  0.999997  -0.000001  -0.999997  0.002498  0.000067  0.005697  
291.941207 0.007262  0.093621  -0.024486  0.999329  -0.033596  0.014618  -0.009258  0.154476  0.987953  -0.035449  -0.987425  0.154061  0.001481  -0.003434  0.000521  -0.265879  0.027791  0.000289  2.000000  1.000000  0.000000  -0.000297  0.000297  0.002852  0.999996  0.000001  -0.999996  0.002852  1.000000  0.000132  -0.000021  -0.000132  0.999984  -0.005701  0.000020  0.005701  0.999984  1.000000  0.000002  -0.000000  -0.000002  1.000000  -0.000071  0.000000  0.000071  1.000000  1.000000  0.000000  -0.000297  0.000297  0.002852  0.999996  0.000001  -0.999996  0.002852  0.000067  0.005703  
291.942465 0.007263  0.093617  -0.024485  0.999329  -0.033589  0.014634  -0.009258  0.154955  0.987878  -0.035449  -0.987350  0.154540  0.001429  -0.003433  0.000535  -0.272363  0.021182  0.001321  2.000000  1.000000  0.000007  -0.000298  0.000298  0.003142  0.999995  0.000008  -0.999995  0.003142  1.000000  0.000132  -0.000021  -0.000132  0.999983  -0.005822  0.000020  0.005822  0.999983  1.000000  0.000002  -0.000000  -0.000002  1.000000  -0.000073  0.000000  0.000073  1.000000  1.000000  0.000007  -0.000298  0.000298  0.003142  0.999995  0.000008  -0.999995  0.003142  0.000068  0.005824  
291.943708 0.007264  0.093613  -0.024485  0.999330  -0.033615  0.014443  -0.009053  0.155308  0.987825  -0.035449  -0.987294  0.154899  0.001355  -0.003455  0.000495  -0.276205  0.028018  0.000271  2.000000  1.000000  0.000013  -0.000301  0.000301  0.003439  0.999994  0.000014  -0.999994  0.003439  1.000000  0.000100  -0.000224  -0.000102  0.999982  -0.005936  0.000223  0.005936  0.999982  1.000000  0.000001  -0.000003  -0.000001  1.000000  -0.000074  0.000003  0.000074  1.000000  1.000000  0.000013  -0.000301  0.000301  0.003439  0.999994  0.000014  -0.999994  0.003439  0.000069  0.005941  
291.944958 0.007264  0.093608  -0.024485  0.999330  -0.033608  0.014459  -0.009053  0.155787  0.987749  -0.035449  -0.987219  0.155378  0.001274  -0.003467  0.000434  -0.284606  0.021184  0.001307  2.000000  1.000000  0.000019  -0.000315  0.000315  0.003814  0.999993  0.000020  -0.999993  0.003814  1.000000  0.000100  -0.000224  -0.000102  0.999982  -0.006057  0.000223  0.006058  0.999982  1.000000  0.000001  -0.000003  -0.000001  1.000000  -0.000076  0.000003  0.000076  1.000000  1.000000  0.000019  -0.000315  0.000315  0.003814  0.999993  0.000020  -0.999993  0.003814  0.000071  0.006063  
291.946209 0.007265  0.093602  -0.024484  0.999330  -0.033603  0.014472  -0.009053  0.156146  0.987692  -0.035449  -0.987162  0.155737  0.001222  -0.003466  0.000448  -0.284624  0.020504  -0.003146  2.000000  1.000000  0.000025  -0.000329  0.000329  0.004196  0.999991  0.000027  -0.999991  0.004196  1.000000  0.000100  -0.000224  -0.000101  0.999982  -0.006057  0.000223  0.006058  0.999982  1.000000  0.000001  -0.000003  -0.000001  1.000000  -0.000076  0.000003  0.000076  1.000000  1.000000  0.000025  -0.000329  0.000329  0.004196  0.999991  0.000027  -0.999991  0.004196  0.000072  0.006063  
291.947455 0.007266  0.093598  -0.024484  0.999335  -0.033464  0.014467  -0.009053  0.156624  0.987617  -0.035316  -0.987091  0.156217  0.001150  -0.003464  0.000362  -0.293055  0.014354  0.002343  2.000000  1.000000  0.000028  -0.000343  0.000343  0.004581  0.999989  0.000030  -0.999990  0.004581  1.000000  0.000100  -0.000224  -0.000101  0.999981  -0.006179  0.000223  0.006179  0.999981  1.000000  0.000001  -0.000003  -0.000001  1.000000  -0.000077  0.000003  0.000077  1.000000  1.000000  0.000028  -0.000343  0.000343  0.004581  0.999989  0.000030  -0.999990  0.004581  0.000072  0.006184  
291.948704 0.007267  0.093594  -0.024483  0.999335  -0.033459  0.014479  -0.009053  0.156984  0.987560  -0.035316  -0.987034  0.156576  0.001059  -0.003466  0.000349  -0.293073  0.014355  0.002338  2.000000  1.000000  0.000034  -0.000357  0.000357  0.004973  0.999988  0.000036  -0.999988  0.004973  1.000000  0.000100  -0.000224  -0.000101  0.999980  -0.006300  0.000224  0.006300  0.999980  1.000000  0.000001  -0.000003  -0.000001  1.000000  -0.000079  0.000003  0.000079  1.000000  1.000000  0.000034  -0.000357  0.000357  0.004973  0.999988  0.000036  -0.999988  0.004973  0.000073  0.006305  
291.949705 0.007268  0.093590  -0.024483  0.999335  -0.033453  0.014491  -0.009053  0.157343  0.987503  -0.035316  -0.986977  0.156935  0.001028  -0.003492  0.000329  -0.297135  0.014355  0.002333  2.000000  1.000000  0.000039  -0.000368  0.000368  0.005288  0.999986  0.000041  -0.999986  0.005288  1.000000  0.000100  -0.000224  -0.000101  0.999980  -0.006300  0.000224  0.006300  0.999980  1.000000  0.000001  -0.000003  -0.000001  1.000000  -0.000079  0.000003  0.000079  1.000000  1.000000  0.000039  -0.000368  0.000368  0.005288  0.999986  0.000041  -0.999986  0.005288  0.000073  0.006305  
291.950953 0.007268  0.093586  -0.024484  0.999335  -0.033448  0.014503  -0.009053  0.157702  0.987445  -0.035316  -0.986920  0.157295  0.000946  -0.003496  0.000276  -0.298967  0.008142  0.007766  2.000000  1.000000  0.000044  -0.000379  0.000379  0.005612  0.999984  0.000046  -0.999984  0.005612  1.000000  0.000100  -0.000224  -0.000101  0.999979  -0.006543  0.000224  0.006543  0.999979  1.000000  0.000001  -0.000003  -0.000001  1.000000  -0.000082  0.000003  0.000082  1.000000  1.000000  0.000044  -0.000379  0.000379  0.005612  0.999984  0.000046  -0.999984  0.005612  0.000075  0.006547  
291.951954 0.007269  0.093582  -0.024485  0.999335  -0.033443  0.014516  -0.009053  0.158062  0.987388  -0.035316  -0.986863  0.157654  0.000925  -0.003524  0.000217  -0.303072  0.008146  0.007765  2.000000  1.000000  0.000049  -0.000390  0.000390  0.005938  0.999982  0.000051  -0.999982  0.005938  1.000000  0.000100  -0.000224  -0.000101  0.999979  -0.006543  0.000224  0.006543  0.999979  1.000000  0.000001  -0.000003  -0.000001  1.000000  -0.000082  0.000003  0.000082  1.000000  1.000000  0.000049  -0.000390  0.000390  0.005938  0.999982  0.000051  -0.999982  0.005938  0.000075  0.006547  
291.953204 0.007271  0.093578  -0.024486  0.999342  -0.033336  0.014307  -0.008847  0.158533  0.987314  -0.035182  -0.986791  0.158133  0.000896  -0.003539  0.000097  -0.306825  0.015611  0.011114  2.000000  1.000000  0.000056  -0.000397  0.000396  0.006351  0.999980  0.000059  -0.999980  0.006351  1.000000  0.000132  -0.000021  -0.000132  0.999978  -0.006671  0.000020  0.006671  0.999978  1.000000  0.000002  -0.000000  -0.000002  1.000000  -0.000083  0.000000  0.000083  1.000000  1.000000  0.000056  -0.000397  0.000396  0.006351  0.999980  0.000059  -0.999980  0.006351  0.000076  0.006673  
291.954206 0.007272  0.093575  -0.024487  0.999342  -0.033331  0.014320  -0.008847  0.158892  0.987256  -0.035182  -0.986733  0.158492  0.000879  -0.003534  0.000004  -0.309418  0.015747  0.011202  2.000000  1.000000  0.000068  -0.000409  0.000408  0.006686  0.999978  0.000071  -0.999978  0.006686  1.000000  0.000232  -0.000246  -0.000233  0.999977  -0.006785  0.000244  0.006785  0.999977  1.000000  0.000003  -0.000003  -0.000003  1.000000  -0.000085  0.000003  0.000085  1.000000  1.000000  0.000068  -0.000409  0.000408  0.006686  0.999978  0.000071  -0.999978  0.006686  0.000077  0.006794  
291.955461 0.007274  0.093571  -0.024488  0.999342  -0.033326  0.014332  -0.008847  0.159251  0.987198  -0.035182  -0.986675  0.158851  0.000881  -0.003523  -0.000100  -0.309367  0.015748  0.011195  2.000000  1.000000  0.000082  -0.000424  0.000424  0.007106  0.999975  0.000085  -0.999975  0.007106  1.000000  0.000231  -0.000246  -0.000233  0.999977  -0.006785  0.000244  0.006785  0.999977  1.000000  0.000003  -0.000003  -0.000003  1.000000  -0.000085  0.000003  0.000085  1.000000  1.000000  0.000082  -0.000424  0.000424  0.007106  0.999975  0.000085  -0.999975  0.007106  0.000079  0.006794  
291.956711 0.007275  0.093566  -0.024489  0.999342  -0.033319  0.014348  -0.008847  0.159730  0.987121  -0.035182  -0.986598  0.159330  0.000846  -0.003580  -0.000261  -0.317497  0.015055  0.006745  2.000000  1.000000  0.000095  -0.000447  0.000447  0.007528  0.999972  0.000099  -0.999972  0.007528  1.000000  0.000199  -0.000449  -0.000202  0.999977  -0.006778  0.000448  0.006778  0.999977  1.000000  0.000003  -0.000006  -0.000003  1.000000  -0.000085  0.000006  0.000085  1.000000  1.000000  0.000095  -0.000447  0.000447  0.007528  0.999972  0.000099  -0.999972  0.007528  0.000079  0.006796  
291.957958 0.007277  0.093562  -0.024491  0.999342  -0.033312  0.014364  -0.008847  0.160209  0.987043  -0.035182  -0.986521  0.159809  0.000902  -0.003534  -0.000351  -0.321609  0.015060  0.006740  2.000000  1.000000  0.000108  -0.000475  0.000474  0.007956  0.999968  0.000111  -0.999968  0.007956  1.000000  0.000198  -0.000449  -0.000202  0.999976  -0.006899  0.000448  0.006899  0.999976  1.000000  0.000002  -0.000006  -0.000002  1.000000  -0.000086  0.000006  0.000086  1.000000  1.000000  0.000108  -0.000475  0.000474  0.007956  0.999968  0.000111  -0.999968  0.007956  0.000080  0.006917  
291.959211 0.007278  0.093558  -0.024492  0.999346  -0.033173  0.014359  -0.008847  0.160687  0.986966  -0.035048  -0.986448  0.160288  0.000962  -0.003514  -0.000514  -0.325873  0.015771  0.011182  2.000000  1.000000  0.000122  -0.000499  0.000498  0.008304  0.999965  0.000127  -0.999966  0.008304  1.000000  0.000330  -0.000470  -0.000334  0.999975  -0.007021  0.000468  0.007021  0.999975  1.000000  0.000004  -0.000006  -0.000004  1.000000  -0.000088  0.000006  0.000088  1.000000  1.000000  0.000122  -0.000499  0.000498  0.008304  0.999965  0.000127  -0.999966  0.008304  0.000081  0.007044  
291.960454 0.007281  0.093554  -0.024494  0.999348  -0.033201  0.014168  -0.008641  0.161039  0.986910  -0.035048  -0.986389  0.160647  0.001094  -0.003443  -0.000618  -0.326782  0.022409  0.010009  2.000000  1.000000  0.000141  -0.000538  0.000537  0.008746  0.999962  0.000146  -0.999962  0.008746  1.000000  0.000297  -0.000674  -0.000302  0.999975  -0.007135  0.000672  0.007135  0.999974  1.000000  0.000004  -0.000008  -0.000004  1.000000  -0.000089  0.000008  0.000089  1.000000  1.000000  0.000141  -0.000538  0.000537  0.008746  0.999962  0.000146  -0.999962  0.008746  0.000082  0.007173  
291.961709 0.007282  0.093549  -0.024496  0.999348  -0.033194  0.014184  -0.008641  0.161518  0.986832  -0.035048  -0.986311  0.161126  0.001170  -0.003423  -0.000802  -0.329715  0.015769  0.011162  2.000000  1.000000  0.000160  -0.000580  0.000579  0.009190  0.999958  0.000165  -0.999958  0.009190  1.000000  0.000297  -0.000674  -0.000302  0.999975  -0.007135  0.000672  0.007135  0.999974  1.000000  0.000004  -0.000008  -0.000004  1.000000  -0.000089  0.000008  0.000089  1.000000  1.000000  0.000160  -0.000580  0.000579  0.009190  0.999958  0.000165  -0.999958  0.009190  0.000083  0.007173  
291.962959 0.007285  0.093545  -0.024497  0.999353  -0.033055  0.014178  -0.008641  0.161995  0.986754  -0.034914  -0.986238  0.161605  0.001271  -0.003399  -0.000877  -0.337867  0.016478  0.015597  2.000000  1.000000  0.000181  -0.000623  0.000621  0.009637  0.999953  0.000187  -0.999954  0.009637  1.000000  0.000428  -0.000696  -0.000433  0.999974  -0.007135  0.000693  0.007135  0.999974  1.000000  0.000005  -0.000009  -0.000005  1.000000  -0.000089  0.000009  0.000089  1.000000  1.000000  0.000181  -0.000623  0.000621  0.009637  0.999953  0.000187  -0.999954  0.009637  0.000084  0.007181  
