1-Time 2-Px 3-Py 4-Pz 5-R11 6-R21 7-R31 8-R12 9-R22 10-R32 11-R13 12-R23 13-R33 14-Vx 15-Vy 16-Vz 17-Wx 18-Wy 19-Wz 20-state 21-PR11 22-PR21 23-PR31 24-PR12 25-PR22 26-PR32 27-PR13 28-PR23 29-PR33 
140.628653 0.008072  0.096481  -0.022105  0.996350  0.042829  -0.073839  -0.046596  0.997658  -0.050072  0.071521  0.053330  0.996012  0.000061  0.000055  0.000040  0.000000  0.000000  0.000000  2.000000  1.000000  0.000000  0.000000  -0.000000  1.000000  0.000000  0.000000  -0.000000  1.000000  1.000000  0.000000  0.000000  -0.000000  1.000000  0.000849  0.000000  -0.000849  1.000000  1.000000  0.000000  0.000000  0.000000  1.000000  0.000000  0.000000  0.000000  1.000000  0.637290  0.507704  0.579739  -0.567596  0.818095  -0.092501  -0.521245  -0.270107  0.809534  0.000000  0.000000  
140.629657 0.008072  0.096481  -0.022105  0.996350  0.042829  -0.073839  -0.046596  0.997658  -0.050072  0.071521  0.053330  0.996012  0.000031  0.000028  0.000020  0.000000  0.000000  0.000000  2.000000  1.000000  0.000000  0.000000  0.000000  1.000000  0.000000  0.000000  0.000000  1.000000  1.000000  0.000000  0.000000  -0.000000  1.000000  0.000849  0.000000  -0.000849  1.000000  1.000000  0.000000  0.000000  0.000000  1.000000  0.000000  0.000000  0.000000  1.000000  1.000000  0.000000  0.000000  0.000000  1.000000  0.000000  0.000000  0.000000  1.000000  0.000000  0.000000  
140.630664 0.008073  0.096480  -0.022106  0.996340  0.043034  -0.073849  -0.046801  0.997649  -0.050057  0.071521  0.053330  0.996012  0.000092  0.000006  0.000016  0.000000  0.000000  0.000000  2.000000  1.000000  0.000000  0.000000  0.000000  1.000000  0.000000  0.000000  0.000000  1.000000  1.000000  0.000000  0.000000  -0.000000  1.000000  0.000728  0.000000  -0.000728  1.000000  1.000000  0.000000  0.000000  0.000000  1.000000  0.000000  0.000000  0.000000  1.000000  1.000000  0.000000  0.000000  0.000000  1.000000  0.000000  0.000000  0.000000  1.000000  0.000000  0.000000  
140.631911 0.008075  0.096481  -0.022105  0.996331  0.043027  -0.073982  -0.046801  0.997650  -0.050050  0.071655  0.053329  0.996003  0.000224  0.000015  0.000059  0.000000  0.000000  0.000000  2.000000  1.000000  0.000000  0.000000  0.000000  1.000000  0.000000  0.000000  0.000000  1.000000  1.000000  0.000198  -0.000145  -0.000198  1.000000  0.000743  0.000145  -0.000743  1.000000  1.000000  0.000000  0.000000  0.000000  1.000000  0.000000  0.000000  0.000000  1.000000  1.000000  0.000000  0.000000  0.000000  1.000000  0.000000  0.000000  0.000000  1.000000  0.000000  0.000000  
140.633161 0.008077  0.096480  -0.022105  0.996331  0.043027  -0.073982  -0.046801  0.997650  -0.050050  0.071655  0.053329  0.996003  0.000377  -0.000001  0.000070  0.000000  0.000000  0.000000  2.000000  1.000000  0.000000  0.000000  0.000000  1.000000  0.000000  0.000000  0.000000  1.000000  1.000000  0.000198  -0.000145  -0.000198  1.000000  0.000743  0.000145  -0.000743  1.000000  1.000000  0.000000  0.000000  0.000000  1.000000  0.000000  0.000000  0.000000  1.000000  1.000000  0.000000  0.000000  0.000000  1.000000  0.000000  0.000000  0.000000  1.000000  0.000000  0.000000  
140.634163 0.008080  0.096481  -0.022104  0.996321  0.043020  -0.074115  -0.046800  0.997650  -0.050044  0.071788  0.053329  0.995993  0.000560  0.000011  0.000101  0.000000  0.000000  0.000000  2.000000  1.000000  0.000000  0.000000  0.000000  1.000000  0.000000  0.000000  0.000000  1.000000  1.000000  0.000191  -0.000278  -0.000191  1.000000  0.000621  0.000278  -0.000621  1.000000  1.000000  0.000000  0.000000  0.000000  1.000000  0.000000  0.000000  0.000000  1.000000  1.000000  0.000000  0.000000  0.000000  1.000000  0.000000  0.000000  0.000000  1.000000  0.000000  0.000000  
140.635408 0.008083  0.096481  -0.022104  0.996312  0.043226  -0.074125  -0.047005  0.997641  -0.050029  0.071788  0.053329  0.995993  0.000794  0.000024  0.000120  0.000000  0.000000  0.000000  2.000000  1.000000  0.000000  0.000000  0.000000  1.000000  0.000000  0.000000  0.000000  1.000000  1.000000  0.000396  -0.000289  -0.000396  1.000000  0.000636  0.000289  -0.000636  1.000000  1.000000  0.000000  0.000000  0.000000  1.000000  0.000000  0.000000  0.000000  1.000000  1.000000  0.000000  0.000000  0.000000  1.000000  0.000000  0.000000  0.000000  1.000000  0.000000  0.000000  
140.636659 0.008087  0.096480  -0.022103  0.996292  0.043424  -0.074269  -0.047210  0.997632  -0.050007  0.071922  0.053328  0.995984  0.001049  -0.000010  0.000154  0.000000  0.000000  0.000000  2.000000  1.000000  0.000000  0.000000  0.000000  1.000000  0.000000  0.000000  0.000000  1.000000  1.000000  0.000594  -0.000434  -0.000593  1.000000  0.000651  0.000434  -0.000651  1.000000  1.000000  0.000000  0.000000  0.000000  1.000000  0.000000  0.000000  0.000000  1.000000  1.000000  0.000000  0.000000  0.000000  1.000000  0.000000  0.000000  0.000000  1.000000  0.000000  0.000000  
140.637907 0.008091  0.096479  -0.022104  0.996283  0.043629  -0.074279  -0.047415  0.997623  -0.049992  0.071922  0.053328  0.995984  0.001334  -0.000071  0.000117  0.000000  0.000000  0.000000  2.000000  1.000000  0.000000  0.000000  0.000000  1.000000  0.000000  0.000000  0.000000  1.000000  1.000000  0.000799  -0.000445  -0.000798  1.000000  0.000544  0.000445  -0.000544  1.000000  1.000000  0.000000  0.000000  0.000000  1.000000  0.000000  0.000000  0.000000  1.000000  1.000000  0.000000  0.000000  0.000000  1.000000  0.000000  0.000000  0.000000  1.000000  0.000000  0.000000  
140.638907 0.008094  0.096479  -0.022104  0.996263  0.043828  -0.074423  -0.047620  0.997615  -0.049970  0.072055  0.053327  0.995974  0.001548  -0.000109  0.000123  0.000000  0.000000  0.000000  2.000000  1.000000  0.000000  0.000000  0.000000  1.000000  0.000000  0.000000  0.000000  1.000000  0.999999  0.000997  -0.000589  -0.000996  0.999999  0.000559  0.000590  -0.000559  1.000000  1.000000  0.000000  0.000000  0.000000  1.000000  0.000000  0.000000  0.000000  1.000000  1.000000  0.000000  0.000000  0.000000  1.000000  0.000000  0.000000  0.000000  1.000000  0.000000  0.000000  
140.639907 0.008098  0.096478  -0.022104  0.996253  0.044033  -0.074433  -0.047825  0.997606  -0.049955  0.072055  0.053327  0.995974  0.001770  -0.000149  0.000090  0.000000  0.000000  0.000000  2.000000  1.000000  0.000000  0.000000  0.000000  1.000000  0.000000  0.000000  0.000000  1.000000  0.999999  0.000997  -0.000589  -0.000996  0.999999  0.000438  0.000590  -0.000437  1.000000  1.000000  0.000000  0.000000  0.000000  1.000000  0.000000  0.000000  0.000000  1.000000  1.000000  0.000000  0.000000  0.000000  1.000000  0.000000  0.000000  0.000000  1.000000  0.000000  0.000000  
140.640990 0.008101  0.096478  -0.022105  0.996244  0.044026  -0.074566  -0.047824  0.997606  -0.049949  0.072188  0.053327  0.995964  0.002013  -0.000160  0.000076  0.000000  0.000000  0.000000  2.000000  1.000000  0.000000  0.000000  0.000000  1.000000  0.000000  0.000000  0.000000  1.000000  0.999999  0.001195  -0.000734  -0.001194  0.999999  0.000453  0.000734  -0.000452  1.000000  1.000000  0.000000  0.000000  0.000000  1.000000  0.000000  0.000000  0.000000  1.000000  1.000000  0.000000  0.000000  0.000000  1.000000  0.000000  0.000000  0.000000  1.000000  0.000000  0.000000  
140.642157 0.008105  0.096477  -0.022106  0.996224  0.044224  -0.074709  -0.048029  0.997597  -0.049927  0.072322  0.053326  0.995955  0.002307  -0.000200  -0.000008  0.000000  0.000000  0.000000  2.000000  1.000000  0.000000  0.000000  0.000000  1.000000  0.000000  0.000000  0.000000  1.000000  0.999999  0.001392  -0.000878  -0.001392  0.999999  0.000468  0.000879  -0.000467  1.000000  1.000000  0.000000  0.000000  0.000000  1.000000  0.000000  0.000000  0.000000  1.000000  1.000000  0.000000  0.000000  0.000000  1.000000  0.000000  0.000000  0.000000  1.000000  0.000000  0.000000  
140.643166 0.008109  0.096477  -0.022106  0.996214  0.044429  -0.074720  -0.048234  0.997588  -0.049911  0.072322  0.053326  0.995955  0.002540  -0.000263  -0.000034  0.000000  0.000000  0.000000  2.000000  1.000000  0.000000  0.000000  0.000000  1.000000  0.000000  0.000000  0.000000  1.000000  0.999998  0.001597  -0.000889  -0.001597  0.999999  0.000362  0.000890  -0.000360  1.000000  1.000000  0.000000  0.000000  0.000000  1.000000  0.000000  0.000000  0.000000  1.000000  1.000000  0.000000  0.000000  0.000000  1.000000  0.000000  0.000000  0.000000  1.000000  0.000000  0.000000  
140.644407 0.008114  0.096475  -0.022107  0.996195  0.044628  -0.074863  -0.048439  0.997579  -0.049890  0.072455  0.053326  0.995945  0.002810  -0.000368  -0.000094  0.000000  0.000000  0.000000  2.000000  1.000000  0.000000  0.000000  0.000000  1.000000  0.000000  0.000000  0.000000  1.000000  0.999998  0.001795  -0.001034  -0.001795  0.999998  0.000377  0.001035  -0.000375  0.999999  1.000000  0.000000  0.000000  0.000000  1.000000  0.000000  0.000000  0.000000  1.000000  1.000000  0.000000  0.000000  0.000000  1.000000  0.000000  0.000000  0.000000  1.000000  0.000000  0.000000  
140.645410 0.008118  0.096475  -0.022107  0.996175  0.044826  -0.075006  -0.048643  0.997571  -0.049868  0.072589  0.053325  0.995935  0.003101  -0.000363  -0.000117  0.000000  0.000000  0.000000  2.000000  1.000000  0.000000  0.000000  0.000000  1.000000  0.000000  0.000000  0.000000  1.000000  0.999997  0.002000  -0.001045  -0.002000  0.999998  0.000392  0.001046  -0.000390  0.999999  1.000000  0.000000  0.000000  0.000000  1.000000  0.000000  0.000000  0.000000  1.000000  1.000000  0.000000  0.000000  0.000000  1.000000  0.000000  0.000000  0.000000  1.000000  0.000000  0.000000  
140.646662 0.008124  0.096474  -0.022107  0.996155  0.045237  -0.075027  -0.049054  0.997552  -0.049837  0.072589  0.053325  0.995935  0.003334  -0.000426  -0.000142  0.000000  0.000000  0.000000  2.000000  1.000000  0.000000  0.000000  0.000000  1.000000  0.000000  0.000000  0.000000  1.000000  0.999996  0.002403  -0.001200  -0.002403  0.999997  0.000301  0.001201  -0.000298  0.999999  1.000000  0.000000  0.000000  0.000000  1.000000  0.000000  0.000000  0.000000  1.000000  1.000000  0.000000  0.000000  0.000000  1.000000  0.000000  0.000000  0.000000  1.000000  0.000000  0.000000  
140.647907 0.008129  0.096474  -0.022106  0.996135  0.045435  -0.075170  -0.049258  0.997543  -0.049815  0.072722  0.053325  0.995926  0.003500  -0.000480  -0.000126  0.000000  0.000000  0.000000  2.000000  1.000000  0.000000  0.000000  0.000000  1.000000  0.000000  0.000000  0.000000  1.000000  0.999996  0.002601  -0.001345  -0.002601  0.999997  0.000316  0.001346  -0.000313  0.999999  1.000000  0.000000  0.000000  0.000000  1.000000  0.000000  0.000000  0.000000  1.000000  1.000000  0.000000  0.000000  0.000000  1.000000  0.000000  0.000000  0.000000  1.000000  0.000000  0.000000  
140.648911 0.008133  0.096472  -0.022105  0.996125  0.045631  -0.075186  -0.049463  0.997528  -0.049920  0.072722  0.053446  0.995919  0.003632  -0.000557  -0.000077  0.000000  0.000000  0.000000  2.000000  1.000000  0.000000  0.000000  0.000000  1.000000  0.000000  0.000000  0.000000  1.000000  0.999995  0.002806  -0.001356  -0.002806  0.999996  0.000210  0.001357  -0.000206  0.999999  1.000000  0.000000  0.000000  0.000000  1.000000  0.000000  0.000000  0.000000  1.000000  1.000000  0.000000  0.000000  0.000000  1.000000  0.000000  0.000000  0.000000  1.000000  0.000000  0.000000  
140.650162 0.008139  0.096471  -0.022104  0.996105  0.045829  -0.075329  -0.049668  0.997519  -0.049898  0.072856  0.053445  0.995909  0.003765  -0.000671  0.000017  0.000000  0.000000  0.000000  2.000000  1.000000  0.000000  0.000000  0.000000  1.000000  0.000000  0.000000  0.000000  1.000000  0.999994  0.003004  -0.001501  -0.003004  0.999995  0.000104  0.001501  -0.000099  0.999999  1.000000  0.000000  0.000000  0.000000  1.000000  0.000000  0.000000  0.000000  1.000000  1.000000  0.000000  0.000000  0.000000  1.000000  0.000000  0.000000  0.000000  1.000000  0.000000  0.000000  
140.651408 0.008144  0.096469  -0.022102  0.996075  0.046224  -0.075489  -0.050077  0.997494  -0.049981  0.072989  0.053565  0.995893  0.003891  -0.000760  0.000103  0.000000  0.000000  0.000000  2.000000  1.000000  0.000000  0.000000  0.000000  1.000000  0.000000  0.000000  0.000000  1.000000  0.999994  0.003202  -0.001645  -0.003202  0.999995  0.000119  0.001646  -0.000114  0.999999  1.000000  0.000000  0.000000  0.000000  1.000000  0.000000  0.000000  0.000000  1.000000  1.000000  0.000000  0.000000  0.000000  1.000000  0.000000  0.000000  0.000000  1.000000  0.000000  0.000000  
140.652657 0.008149  0.096467  -0.022100  0.996055  0.046422  -0.075632  -0.050282  0.997485  -0.049959  0.073123  0.053565  0.995883  0.003940  -0.000856  0.000271  0.000000  0.000000  0.000000  2.000000  1.000000  0.000000  0.000000  0.000000  1.000000  0.000000  0.000000  0.000000  1.000000  0.999993  0.003407  -0.001657  -0.003407  0.999994  0.000014  0.001657  -0.000008  0.999999  1.000000  0.000000  0.000000  0.000000  1.000000  0.000000  0.000000  0.000000  1.000000  1.000000  0.000000  0.000000  0.000000  1.000000  0.000000  0.000000  0.000000  1.000000  0.000000  0.000000  
140.653657 0.008153  0.096464  -0.022098  0.996034  0.046611  -0.075781  -0.050487  0.997469  -0.050058  0.073256  0.053685  0.995867  0.003990  -0.000991  0.000406  0.000000  0.000000  0.000000  2.000000  1.000000  0.000000  0.000000  0.000000  1.000000  0.000000  0.000000  0.000000  1.000000  0.999992  0.003612  -0.001668  -0.003612  0.999993  0.000029  0.001668  -0.000023  0.999999  1.000000  0.000000  0.000000  0.000000  1.000000  0.000000  0.000000  0.000000  1.000000  1.000000  0.000000  0.000000  0.000000  1.000000  0.000000  0.000000  0.000000  1.000000  0.000000  0.000000  
140.654907 0.008158  0.096462  -0.022095  0.996014  0.047022  -0.075802  -0.050897  0.997450  -0.050027  0.073256  0.053685  0.995867  0.004039  -0.001105  0.000616  0.000000  0.000000  0.000000  2.000000  1.000000  0.000000  0.000000  0.000000  1.000000  0.000000  0.000000  0.000000  1.000000  0.999991  0.003817  -0.001679  -0.003817  0.999993  -0.000077  0.001679  0.000083  0.999999  1.000000  0.000000  0.000000  0.000000  1.000000  0.000000  0.000000  0.000000  1.000000  1.000000  0.000000  0.000000  0.000000  1.000000  0.000000  0.000000  0.000000  1.000000  0.000000  0.000000  
140.656157 0.008163  0.096458  -0.022093  0.996003  0.047227  -0.075812  -0.051102  0.997440  -0.050011  0.073256  0.053685  0.995867  0.004083  -0.001323  0.000794  0.000000  0.000000  0.000000  2.000000  1.000000  0.000000  0.000000  0.000000  1.000000  0.000000  0.000000  0.000000  1.000000  0.999990  0.004022  -0.001690  -0.004022  0.999992  -0.000062  0.001690  0.000069  0.999999  1.000000  0.000000  0.000000  0.000000  1.000000  0.000000  0.000000  0.000000  1.000000  1.000000  0.000000  0.000000  0.000000  1.000000  0.000000  0.000000  0.000000  1.000000  0.000000  0.000000  
140.657158 0.008166  0.096455  -0.022091  0.995983  0.047416  -0.075961  -0.051306  0.997425  -0.050109  0.073389  0.053805  0.995851  0.004055  -0.001484  0.001017  0.000000  0.000000  0.000000  2.000000  1.000000  0.000000  0.000000  0.000000  1.000000  0.000000  0.000000  0.000000  1.000000  0.999990  0.004021  -0.001691  -0.004022  0.999992  -0.000183  0.001690  0.000189  0.999999  1.000000  0.000000  0.000000  0.000000  1.000000  0.000000  0.000000  0.000000  1.000000  1.000000  0.000000  0.000000  0.000000  1.000000  0.000000  0.000000  0.000000  1.000000  0.000000  0.000000  
140.658209 0.008170  0.096453  -0.022089  0.995972  0.047621  -0.075971  -0.051511  0.997415  -0.050094  0.073389  0.053805  0.995851  0.004024  -0.001603  0.001208  0.000000  0.000000  0.000000  2.000000  1.000000  0.000000  0.000000  0.000000  1.000000  0.000000  0.000000  0.000000  1.000000  0.999990  0.004021  -0.001691  -0.004022  0.999992  -0.000183  0.001690  0.000189  0.999999  1.000000  0.000000  0.000000  0.000000  1.000000  0.000000  0.000000  0.000000  1.000000  1.000000  0.000000  0.000000  0.000000  1.000000  0.000000  0.000000  0.000000  1.000000  0.000000  0.000000  
140.659410 0.008174  0.096449  -0.022086  0.995952  0.047819  -0.076115  -0.051716  0.997406  -0.050071  0.073523  0.053805  0.995841  0.003973  -0.001772  0.001384  -0.003731  0.075997  0.167276  2.000000  1.000000  0.000000  0.000000  0.000000  1.000000  0.000000  0.000000  0.000000  1.000000  0.999990  0.004021  -0.001691  -0.004022  0.999992  -0.000182  0.001690  0.000189  0.999999  1.000000  0.000000  0.000000  0.000000  1.000000  0.000000  0.000000  0.000000  1.000000  1.000000  0.000000  0.000000  0.000000  1.000000  0.000000  0.000000  0.000000  1.000000  0.000046  0.000000  
140.660663 0.008178  0.096446  -0.022083  0.995941  0.048016  -0.076131  -0.051921  0.997390  -0.050177  0.073523  0.053926  0.995835  0.003868  -0.001966  0.001641  -0.007774  0.076005  0.167267  2.000000  1.000000  0.000000  0.000000  0.000000  1.000000  0.000000  0.000000  0.000000  1.000000  0.999990  0.004226  -0.001702  -0.004227  0.999991  -0.000288  0.001701  0.000295  0.999999  1.000000  0.000000  0.000000  0.000000  1.000000  0.000000  0.000000  0.000000  1.000000  1.000000  0.000000  0.000000  0.000000  1.000000  0.000000  0.000000  0.000000  1.000000  0.000046  0.000000  
140.661912 0.008182  0.096442  -0.022081  0.995921  0.048214  -0.076274  -0.052125  0.997380  -0.050154  0.073656  0.053925  0.995825  0.003760  -0.002192  0.001758  -0.007313  0.077006  0.175545  2.000000  1.000000  0.000000  0.000000  0.000000  1.000000  0.000000  0.000000  0.000000  1.000000  0.999990  0.004226  -0.001702  -0.004227  0.999991  -0.000288  0.001701  0.000295  0.999999  1.000000  0.000000  0.000000  0.000000  1.000000  0.000000  0.000000  0.000000  1.000000  1.000000  0.000000  0.000000  0.000000  1.000000  0.000000  0.000000  0.000000  1.000000  0.000048  0.000000  
140.663161 0.008185  0.096438  -0.022078  0.995910  0.048419  -0.076285  -0.052330  0.997370  -0.050138  0.073656  0.053925  0.995825  0.003662  -0.002342  0.001880  -0.006811  0.077379  0.182440  2.000000  1.000000  0.000000  0.000000  0.000000  1.000000  0.000000  0.000000  0.000000  1.000000  0.999990  0.004233  -0.001568  -0.004234  0.999991  -0.000288  0.001567  0.000294  0.999999  1.000000  0.000000  0.000000  0.000000  1.000000  0.000000  0.000000  0.000000  1.000000  1.000000  0.000000  0.000000  0.000000  1.000000  0.000000  0.000000  0.000000  1.000000  0.000049  0.000000  
140.664411 0.008188  0.096434  -0.022075  0.995888  0.048820  -0.076311  -0.052741  0.997344  -0.050228  0.073656  0.054046  0.995818  0.003504  -0.002570  0.002010  -0.010373  0.073277  0.189582  2.000000  1.000000  0.000000  0.000000  0.000000  1.000000  0.000000  0.000000  0.000000  1.000000  0.999991  0.004036  -0.001424  -0.004036  0.999992  -0.000303  0.001423  0.000309  0.999999  1.000000  0.000000  0.000000  0.000000  1.000000  0.000000  0.000000  0.000000  1.000000  1.000000  0.000000  0.000000  0.000000  1.000000  0.000000  0.000000  0.000000  1.000000  0.000050  0.000000  
140.665662 0.008192  0.096429  -0.022072  0.995877  0.049026  -0.076321  -0.052946  0.997334  -0.050212  0.073656  0.054046  0.995818  0.003380  -0.002747  0.002120  -0.010372  0.073270  0.189564  2.000000  1.000000  0.000000  0.000000  0.000000  1.000000  0.000000  0.000000  0.000000  1.000000  0.999991  0.004035  -0.001424  -0.004036  0.999992  -0.000424  0.001423  0.000430  0.999999  1.000000  0.000000  0.000000  0.000000  1.000000  0.000000  0.000000  0.000000  1.000000  1.000000  0.000000  0.000000  0.000000  1.000000  0.000000  0.000000  0.000000  1.000000  0.000050  0.000000  
140.666667 0.008194  0.096425  -0.022069  0.995877  0.049026  -0.076321  -0.052946  0.997334  -0.050212  0.073656  0.054046  0.995818  0.003267  -0.002905  0.002138  -0.010860  0.068392  0.182872  2.000000  1.000000  0.000000  0.000000  0.000000  1.000000  0.000000  0.000000  0.000000  1.000000  0.999991  0.004043  -0.001291  -0.004043  0.999992  -0.000424  0.001289  0.000429  0.999999  1.000000  0.000000  0.000000  0.000000  1.000000  0.000000  0.000000  0.000000  1.000000  1.000000  0.000000  0.000000  0.000000  1.000000  0.000000  0.000000  0.000000  1.000000  0.000051  0.000000  
140.667907 0.008197  0.096420  -0.022066  0.995855  0.049427  -0.076348  -0.053356  0.997308  -0.050302  0.073656  0.054167  0.995812  0.003136  -0.003107  0.002237  -0.013932  0.069164  0.196697  2.000000  1.000000  0.000000  0.000000  0.000000  1.000000  0.000000  0.000000  0.000000  1.000000  0.999991  0.004050  -0.001158  -0.004050  0.999992  -0.000545  0.001155  0.000550  0.999999  1.000000  0.000000  0.000000  0.000000  1.000000  0.000000  0.000000  0.000000  1.000000  1.000000  0.000000  0.000000  0.000000  1.000000  0.000000  0.000000  0.000000  1.000000  0.000051  0.000000  
140.668909 0.008200  0.096415  -0.022063  0.995855  0.049427  -0.076348  -0.053356  0.997308  -0.050302  0.073656  0.054167  0.995812  0.003037  -0.003256  0.002359  -0.014422  0.064297  0.190033  2.000000  1.000000  0.000000  0.000000  0.000000  1.000000  0.000000  0.000000  0.000000  1.000000  0.999991  0.004050  -0.001158  -0.004050  0.999992  -0.000545  0.001155  0.000550  0.999999  1.000000  0.000000  0.000000  0.000000  1.000000  0.000000  0.000000  0.000000  1.000000  1.000000  0.000000  0.000000  0.000000  1.000000  0.000000  0.000000  0.000000  1.000000  0.000050  0.000000  
140.670158 0.008202  0.096409  -0.022058  0.995835  0.049616  -0.076498  -0.053560  0.997292  -0.050400  0.073790  0.054287  0.995795  0.002877  -0.003462  0.002441  -0.018474  0.064314  0.190044  2.000000  1.000000  0.000000  0.000000  0.000000  1.000000  0.000000  0.000000  0.000000  1.000000  0.999992  0.003844  -0.001147  -0.003845  0.999992  -0.000560  0.001145  0.000564  0.999999  1.000000  0.000000  0.000000  0.000000  1.000000  0.000000  0.000000  0.000000  1.000000  1.000000  0.000000  0.000000  0.000000  1.000000  0.000000  0.000000  0.000000  1.000000  0.000050  0.000000  
140.671407 0.008205  0.096403  -0.022054  0.995812  0.050017  -0.076524  -0.053970  0.997265  -0.050489  0.073790  0.054408  0.995789  0.002749  -0.003641  0.002544  -0.021896  0.064256  0.195587  2.000000  1.000000  0.000000  0.000000  0.000000  1.000000  0.000000  0.000000  0.000000  1.000000  0.999992  0.003852  -0.001014  -0.003852  0.999992  -0.000681  0.001011  0.000685  0.999999  1.000000  0.000000  0.000000  0.000000  1.000000  0.000000  0.000000  0.000000  1.000000  1.000000  0.000000  0.000000  0.000000  1.000000  0.000000  0.000000  0.000000  1.000000  0.000051  0.000000  
140.672407 0.008208  0.096398  -0.022051  0.995812  0.050017  -0.076524  -0.053970  0.997265  -0.050489  0.073790  0.054408  0.995789  0.002702  -0.003790  0.002655  -0.022546  0.059855  0.190347  2.000000  1.000000  0.000000  0.000000  0.000000  1.000000  0.000000  0.000000  0.000000  1.000000  0.999992  0.003859  -0.000880  -0.003859  0.999992  -0.000560  0.000878  0.000563  0.999999  1.000000  0.000000  0.000000  0.000000  1.000000  0.000000  0.000000  0.000000  1.000000  1.000000  0.000000  0.000000  0.000000  1.000000  0.000000  0.000000  0.000000  1.000000  0.000052  0.000000  
140.673407 0.008210  0.096394  -0.022047  0.995801  0.050213  -0.076541  -0.054175  0.997249  -0.050594  0.073790  0.054529  0.995782  0.002648  -0.003920  0.002762  -0.026609  0.055367  0.190562  2.000000  1.000000  0.000000  0.000000  0.000000  1.000000  0.000000  0.000000  0.000000  1.000000  0.999992  0.003859  -0.000881  -0.003859  0.999992  -0.000681  0.000878  0.000685  0.999999  1.000000  0.000000  0.000000  0.000000  1.000000  0.000000  0.000000  0.000000  1.000000  1.000000  0.000000  0.000000  0.000000  1.000000  0.000000  0.000000  0.000000  1.000000  0.000052  0.000000  
140.674665 0.008213  0.096387  -0.022044  0.995790  0.050419  -0.076551  -0.054380  0.997238  -0.050579  0.073790  0.054529  0.995782  0.002574  -0.004090  0.002807  -0.026601  0.055352  0.190510  2.000000  1.000000  0.000000  0.000000  0.000000  1.000000  0.000000  0.000000  0.000000  1.000000  0.999993  0.003661  -0.000736  -0.003661  0.999993  -0.000575  0.000734  0.000578  1.000000  1.000000  0.000000  0.000000  0.000000  1.000000  0.000000  0.000000  0.000000  1.000000  1.000000  0.000000  0.000000  0.000000  1.000000  0.000000  0.000000  0.000000  1.000000  0.000051  0.000000  
140.675908 0.008216  0.096380  -0.022041  0.995779  0.050615  -0.076568  -0.054585  0.997222  -0.050684  0.073790  0.054649  0.995775  0.002494  -0.004344  0.002789  -0.030417  0.050463  0.189209  2.000000  1.000000  0.000000  0.000000  0.000000  1.000000  0.000000  0.000000  0.000000  1.000000  0.999993  0.003661  -0.000736  -0.003661  0.999993  -0.000697  0.000734  0.000699  0.999999  1.000000  0.000000  0.000000  0.000000  1.000000  0.000000  0.000000  0.000000  1.000000  1.000000  0.000000  0.000000  0.000000  1.000000  0.000000  0.000000  0.000000  1.000000  0.000050  0.000000  
140.676909 0.008218  0.096375  -0.022038  0.995768  0.050820  -0.076578  -0.054790  0.997212  -0.050668  0.073790  0.054649  0.995775  0.002446  -0.004468  0.002850  -0.030413  0.050455  0.189179  2.000000  1.000000  0.000000  0.000000  0.000000  1.000000  0.000000  0.000000  0.000000  1.000000  0.999993  0.003668  -0.000603  -0.003669  0.999993  -0.000575  0.000601  0.000577  1.000000  1.000000  0.000000  0.000000  0.000000  1.000000  0.000000  0.000000  0.000000  1.000000  1.000000  0.000000  0.000000  0.000000  1.000000  0.000000  0.000000  0.000000  1.000000  0.000050  0.000000  
140.677913 0.008221  0.096370  -0.022036  0.995768  0.050811  -0.076584  -0.054790  0.997205  -0.050789  0.073790  0.054770  0.995769  0.002436  -0.004622  0.002865  -0.035235  0.046019  0.184093  2.000000  1.000000  0.000000  0.000000  0.000000  1.000000  0.000000  0.000000  0.000000  1.000000  0.999994  0.003463  -0.000592  -0.003463  0.999994  -0.000712  0.000590  0.000714  1.000000  1.000000  0.000000  0.000000  0.000000  1.000000  0.000000  0.000000  0.000000  1.000000  1.000000  0.000000  0.000000  0.000000  1.000000  0.000000  0.000000  0.000000  1.000000  0.000048  0.000000  
140.679161 0.008224  0.096363  -0.022033  0.995756  0.051016  -0.076595  -0.054995  0.997195  -0.050773  0.073790  0.054770  0.995769  0.002426  -0.004777  0.002817  -0.031653  0.041165  0.177441  2.000000  1.000000  0.000000  0.000000  0.000000  1.000000  0.000000  0.000000  0.000000  1.000000  0.999995  0.003265  -0.000447  -0.003266  0.999994  -0.000727  0.000445  0.000728  1.000000  1.000000  0.000000  0.000000  0.000000  1.000000  0.000000  0.000000  0.000000  1.000000  1.000000  0.000000  0.000000  0.000000  1.000000  0.000000  0.000000  0.000000  1.000000  0.000048  0.000000  
140.680412 0.008227  0.096356  -0.022031  0.995735  0.051205  -0.076745  -0.055200  0.997179  -0.050871  0.073923  0.054890  0.995752  0.002376  -0.004958  0.002788  -0.035715  0.041187  0.177485  2.000000  1.000000  0.000000  0.000000  0.000000  1.000000  0.000000  0.000000  0.000000  1.000000  0.999995  0.003258  -0.000581  -0.003258  0.999994  -0.000727  0.000579  0.000728  1.000000  1.000000  0.000000  0.000000  0.000000  1.000000  0.000000  0.000000  0.000000  1.000000  1.000000  0.000000  0.000000  0.000000  1.000000  0.000000  0.000000  0.000000  1.000000  0.000048  0.000000  
140.681662 0.008230  0.096350  -0.022028  0.995724  0.051410  -0.076755  -0.055405  0.997168  -0.050855  0.073923  0.054890  0.995752  0.002408  -0.005022  0.002749  -0.031403  0.040892  0.176166  2.000000  1.000000  0.000000  0.000000  0.000000  1.000000  0.000000  0.000000  0.000000  1.000000  0.999995  0.003265  -0.000448  -0.003266  0.999994  -0.000727  0.000445  0.000728  1.000000  1.000000  0.000000  0.000000  0.000000  1.000000  0.000000  0.000000  0.000000  1.000000  1.000000  0.000000  0.000000  0.000000  1.000000  0.000000  0.000000  0.000000  1.000000  0.000046  0.000000  
140.682910 0.008234  0.096343  -0.022026  0.995722  0.051613  -0.076639  -0.055610  0.997151  -0.050968  0.073790  0.055012  0.995755  0.002415  -0.005087  0.002679  -0.036215  0.031843  0.171039  2.000000  1.000000  0.000000  0.000000  0.000000  1.000000  0.000000  0.000000  0.000000  1.000000  0.999995  0.003265  -0.000448  -0.003266  0.999994  -0.000848  0.000445  0.000849  1.000000  1.000000  0.000000  0.000000  0.000000  1.000000  0.000000  0.000000  0.000000  1.000000  1.000000  0.000000  0.000000  0.000000  1.000000  0.000000  0.000000  0.000000  1.000000  0.000046  0.000000  
140.684161 0.008237  0.096336  -0.022023  0.995711  0.051809  -0.076655  -0.055815  0.997134  -0.051073  0.073790  0.055133  0.995749  0.002466  -0.005164  0.002623  -0.036202  0.027372  0.171272  2.000000  1.000000  0.000000  0.000000  0.000000  1.000000  0.000000  0.000000  0.000000  1.000000  0.999995  0.003068  -0.000303  -0.003068  0.999995  -0.000864  0.000300  0.000864  1.000000  1.000000  0.000000  0.000000  0.000000  1.000000  0.000000  0.000000  0.000000  1.000000  1.000000  0.000000  0.000000  0.000000  1.000000  0.000000  0.000000  0.000000  1.000000  0.000044  0.000000  
140.685407 0.008240  0.096330  -0.022020  0.995711  0.051809  -0.076655  -0.055815  0.997134  -0.051073  0.073790  0.055133  0.995749  0.002505  -0.005195  0.002513  0.000000  0.000000  0.000000  2.000000  1.000000  0.000000  0.000000  0.000000  1.000000  0.000000  0.000000  0.000000  1.000000  0.999995  0.003068  -0.000303  -0.003068  0.999995  -0.000864  0.000301  0.000864  1.000000  1.000000  0.000000  0.000000  0.000000  1.000000  0.000000  0.000000  0.000000  1.000000  1.000000  0.000000  0.000000  0.000000  1.000000  0.000000  0.000000  0.000000  1.000000  0.000000  0.000000  
140.686659 0.008245  0.096323  -0.022018  0.995699  0.052005  -0.076672  -0.056020  0.997117  -0.051178  0.073790  0.055253  0.995742  0.002574  -0.005273  0.002376  0.000000  0.000000  0.000000  2.000000  1.000000  0.000000  0.000000  0.000000  1.000000  0.000000  0.000000  0.000000  1.000000  0.999995  0.003068  -0.000304  -0.003068  0.999995  -0.000985  0.000301  0.000986  0.999999  1.000000  0.000000  0.000000  0.000000  1.000000  0.000000  0.000000  0.000000  1.000000  1.000000  0.000000  0.000000  0.000000  1.000000  0.000000  0.000000  0.000000  1.000000  0.000000  0.000000  
140.687907 0.008249  0.096317  -0.022015  0.995688  0.052201  -0.076689  -0.056225  0.997100  -0.051283  0.073790  0.055374  0.995735  0.002682  -0.005279  0.002304  0.000000  0.000000  0.000000  2.000000  1.000000  0.000000  0.000000  0.000000  1.000000  0.000000  0.000000  0.000000  1.000000  0.999996  0.002863  -0.000293  -0.002863  0.999995  -0.001000  0.000290  0.001001  0.999999  1.000000  0.000000  0.000000  0.000000  1.000000  0.000000  0.000000  0.000000  1.000000  1.000000  0.000000  0.000000  0.000000  1.000000  0.000000  0.000000  0.000000  1.000000  0.000000  0.000000  
140.688907 0.008252  0.096311  -0.022012  0.995666  0.052399  -0.076833  -0.056429  0.997090  -0.051260  0.073923  0.055374  0.995725  0.002738  -0.005290  0.002298  0.000000  0.000000  0.000000  2.000000  1.000000  0.000000  0.000000  0.000000  1.000000  0.000000  0.000000  0.000000  1.000000  0.999995  0.003060  -0.000438  -0.003061  0.999995  -0.000984  0.000435  0.000986  0.999999  1.000000  0.000000  0.000000  0.000000  1.000000  0.000000  0.000000  0.000000  1.000000  1.000000  0.000000  0.000000  0.000000  1.000000  0.000000  0.000000  0.000000  1.000000  0.000000  0.000000  
140.689908 0.008256  0.096307  -0.022010  0.995666  0.052390  -0.076839  -0.056429  0.997084  -0.051381  0.073923  0.055494  0.995719  0.002791  -0.005280  0.002243  0.000000  0.000000  0.000000  2.000000  1.000000  0.000000  0.000000  0.000000  1.000000  0.000000  0.000000  0.000000  1.000000  0.999996  0.002862  -0.000293  -0.002863  0.999995  -0.001000  0.000290  0.001001  0.999999  1.000000  0.000000  0.000000  0.000000  1.000000  0.000000  0.000000  0.000000  1.000000  1.000000  0.000000  0.000000  0.000000  1.000000  0.000000  0.000000  0.000000  1.000000  0.000000  0.000000  
140.690933 0.008259  0.096301  -0.022008  0.995655  0.052586  -0.076856  -0.056634  0.997067  -0.051486  0.073923  0.055615  0.995712  0.002893  -0.005239  0.002176  0.000000  0.000000  0.000000  2.000000  1.000000  0.000000  0.000000  0.000000  1.000000  0.000000  0.000000  0.000000  1.000000  0.999996  0.002862  -0.000293  -0.002863  0.999995  -0.001000  0.000290  0.001001  0.999999  1.000000  0.000000  0.000000  0.000000  1.000000  0.000000  0.000000  0.000000  1.000000  1.000000  0.000000  0.000000  0.000000  1.000000  0.000000  0.000000  0.000000  1.000000  0.000000  0.000000  
140.692155 0.008264  0.096294  -0.022005  0.995643  0.052791  -0.076867  -0.056839  0.997056  -0.051470  0.073923  0.055615  0.995712  0.002991  -0.005274  0.002196  0.000000  0.000000  0.000000  2.000000  1.000000  0.000000  0.000000  0.000000  1.000000  0.000000  0.000000  0.000000  1.000000  0.999996  0.002862  -0.000294  -0.002863  0.999995  -0.001000  0.000291  0.001001  0.999999  1.000000  0.000000  0.000000  0.000000  1.000000  0.000000  0.000000  0.000000  1.000000  1.000000  0.000000  0.000000  0.000000  1.000000  0.000000  0.000000  0.000000  1.000000  0.000000  0.000000  
140.693159 0.008268  0.096289  -0.022003  0.995631  0.052987  -0.076884  -0.057044  0.997039  -0.051575  0.073923  0.055736  0.995705  0.003095  -0.005277  0.002176  0.000000  0.000000  0.000000  2.000000  1.000000  0.000000  0.000000  0.000000  1.000000  0.000000  0.000000  0.000000  1.000000  0.999996  0.002657  -0.000282  -0.002658  0.999996  -0.001015  0.000280  0.001016  0.999999  1.000000  0.000000  0.000000  0.000000  1.000000  0.000000  0.000000  0.000000  1.000000  1.000000  0.000000  0.000000  0.000000  1.000000  0.000000  0.000000  0.000000  1.000000  0.000000  0.000000  
140.694161 0.008272  0.096284  -0.022000  0.995631  0.052987  -0.076884  -0.057044  0.997039  -0.051575  0.073923  0.055736  0.995705  0.003203  -0.005281  0.002202  0.000000  0.000000  0.000000  2.000000  1.000000  0.000000  0.000000  0.000000  1.000000  0.000000  0.000000  0.000000  1.000000  0.999996  0.002862  -0.000294  -0.002863  0.999995  -0.001000  0.000291  0.001001  0.999999  1.000000  0.000000  0.000000  0.000000  1.000000  0.000000  0.000000  0.000000  1.000000  1.000000  0.000000  0.000000  0.000000  1.000000  0.000000  0.000000  0.000000  1.000000  0.000000  0.000000  
140.695407 0.008277  0.096277  -0.021998  0.995619  0.053183  -0.076901  -0.057249  0.997021  -0.051681  0.073923  0.055857  0.995698  0.003322  -0.005261  0.002193  0.000000  0.000000  0.000000  2.000000  1.000000  0.000000  0.000000  0.000000  1.000000  0.000000  0.000000  0.000000  1.000000  0.999996  0.002862  -0.000294  -0.002863  0.999995  -0.001000  0.000291  0.001001  0.999999  1.000000  0.000000  0.000000  0.000000  1.000000  0.000000  0.000000  0.000000  1.000000  1.000000  0.000000  0.000000  0.000000  1.000000  0.000000  0.000000  0.000000  1.000000  0.000000  0.000000  
140.696412 0.008280  0.096272  -0.021996  0.995608  0.053379  -0.076918  -0.057454  0.997004  -0.051786  0.073923  0.055977  0.995692  0.003397  -0.005274  0.002195  0.000000  0.000000  0.000000  2.000000  1.000000  0.000000  0.000000  0.000000  1.000000  0.000000  0.000000  0.000000  1.000000  0.999996  0.002862  -0.000294  -0.002863  0.999995  -0.001000  0.000291  0.001001  0.999999  1.000000  0.000000  0.000000  0.000000  1.000000  0.000000  0.000000  0.000000  1.000000  1.000000  0.000000  0.000000  0.000000  1.000000  0.000000  0.000000  0.000000  1.000000  0.000000  0.000000  
140.697657 0.008285  0.096265  -0.021994  0.995596  0.053584  -0.076929  -0.057659  0.996993  -0.051770  0.073923  0.055977  0.995692  0.003482  -0.005279  0.002166  0.000000  0.000000  0.000000  2.000000  1.000000  0.000000  0.000000  0.000000  1.000000  0.000000  0.000000  0.000000  1.000000  0.999996  0.002657  -0.000283  -0.002658  0.999996  -0.001015  0.000280  0.001016  0.999999  1.000000  0.000000  0.000000  0.000000  1.000000  0.000000  0.000000  0.000000  1.000000  1.000000  0.000000  0.000000  0.000000  1.000000  0.000000  0.000000  0.000000  1.000000  0.000000  0.000000  
140.698911 0.008290  0.096258  -0.021992  0.995596  0.053584  -0.076929  -0.057659  0.996993  -0.051770  0.073923  0.055977  0.995692  0.003579  -0.005298  0.002088  0.000000  0.000000  0.000000  2.000000  1.000000  0.000000  0.000000  0.000000  1.000000  0.000000  0.000000  0.000000  1.000000  0.999996  0.002657  -0.000283  -0.002658  0.999996  -0.001015  0.000280  0.001016  0.999999  1.000000  0.000000  0.000000  0.000000  1.000000  0.000000  0.000000  0.000000  1.000000  1.000000  0.000000  0.000000  0.000000  1.000000  0.000000  0.000000  0.000000  1.000000  0.000000  0.000000  
140.700157 0.008295  0.096252  -0.021990  0.995584  0.053780  -0.076946  -0.057864  0.996976  -0.051875  0.073923  0.056098  0.995685  0.003681  -0.005295  0.002065  0.000000  0.000000  0.000000  2.000000  1.000000  0.000000  0.000000  0.000000  1.000000  0.000000  0.000000  0.000000  1.000000  0.999996  0.002665  -0.000150  -0.002665  0.999996  -0.001015  0.000147  0.001015  0.999999  1.000000  0.000000  0.000000  0.000000  1.000000  0.000000  0.000000  0.000000  1.000000  1.000000  0.000000  0.000000  0.000000  1.000000  0.000000  0.000000  0.000000  1.000000  0.000000  0.000000  
140.701160 0.008299  0.096247  -0.021988  0.995572  0.053985  -0.076956  -0.058069  0.996965  -0.051859  0.073923  0.056098  0.995685  0.003741  -0.005274  0.002069  0.000000  0.000000  0.000000  2.000000  1.000000  0.000000  0.000000  0.000000  1.000000  0.000000  0.000000  0.000000  1.000000  0.999996  0.002870  -0.000161  -0.002870  0.999995  -0.001000  0.000159  0.001000  0.999999  1.000000  0.000000  0.000000  0.000000  1.000000  0.000000  0.000000  0.000000  1.000000  1.000000  0.000000  0.000000  0.000000  1.000000  0.000000  0.000000  0.000000  1.000000  0.000000  0.000000  
140.702407 0.008304  0.096240  -0.021985  0.995560  0.054181  -0.076974  -0.058274  0.996947  -0.051964  0.073923  0.056219  0.995678  0.003772  -0.005269  0.002034  0.000000  0.000000  0.000000  2.000000  1.000000  0.000000  0.000000  0.000000  1.000000  0.000000  0.000000  0.000000  1.000000  0.999996  0.002870  -0.000161  -0.002870  0.999995  -0.000878  0.000159  0.000879  1.000000  1.000000  0.000000  0.000000  0.000000  1.000000  0.000000  0.000000  0.000000  1.000000  1.000000  0.000000  0.000000  0.000000  1.000000  0.000000  0.000000  0.000000  1.000000  0.000000  0.000000  
140.703410 0.008308  0.096235  -0.021983  0.995560  0.054181  -0.076974  -0.058274  0.996947  -0.051964  0.073923  0.056219  0.995678  0.003853  -0.005239  0.002042  0.000000  0.000000  0.000000  2.000000  1.000000  0.000000  0.000000  0.000000  1.000000  0.000000  0.000000  0.000000  1.000000  0.999996  0.002657  -0.000284  -0.002658  0.999996  -0.001015  0.000281  0.001016  0.999999  1.000000  0.000000  0.000000  0.000000  1.000000  0.000000  0.000000  0.000000  1.000000  1.000000  0.000000  0.000000  0.000000  1.000000  0.000000  0.000000  0.000000  1.000000  0.000000  0.000000  
140.704657 0.008313  0.096229  -0.021979  0.995548  0.054386  -0.076984  -0.058479  0.996936  -0.051948  0.073923  0.056219  0.995678  0.003882  -0.005270  0.002074  0.000000  0.000000  0.000000  2.000000  1.000000  0.000000  0.000000  0.000000  1.000000  0.000000  0.000000  0.000000  1.000000  0.999996  0.002657  -0.000284  -0.002658  0.999996  -0.000894  0.000281  0.000894  1.000000  1.000000  0.000000  0.000000  0.000000  1.000000  0.000000  0.000000  0.000000  1.000000  1.000000  0.000000  0.000000  0.000000  1.000000  0.000000  0.000000  0.000000  1.000000  0.000000  0.000000  
