1-Time 2-Px 3-Py 4-Pz 5-R11 6-R21 7-R31 8-R12 9-R22 10-R32 11-R13 12-R23 13-R33 14-Vx 15-Vy 16-Vz 17-Wx 18-Wy 19-Wz 20-state 21-PR11 22-PR21 23-PR31 24-PR12 25-PR22 26-PR32 27-PR13 28-PR23 29-PR33 
245.044077 0.011452  0.094416  -0.008799  0.996719  0.067664  0.044424  -0.069674  0.996537  0.045391  -0.041198  -0.048338  0.997981  -0.000044  -0.000026  0.000015  0.000000  0.000000  0.000000  2.000000  1.000000  0.000000  0.000000  -0.000000  1.000000  0.000000  0.000000  -0.000000  1.000000  1.000000  -0.000000  0.000000  -0.000000  1.000000  -0.000121  0.000000  0.000121  1.000000  1.000000  0.000000  0.000000  0.000000  1.000000  0.000000  0.000000  0.000000  1.000000  0.377529  0.542913  0.750145  -0.698783  0.698580  -0.153913  -0.607597  -0.466082  0.643112  0.000000  0.000000  
245.045084 0.011452  0.094416  -0.008799  0.996713  0.067657  0.044557  -0.069674  0.996537  0.045382  -0.041332  -0.048337  0.997976  -0.000018  -0.000033  -0.000059  0.000000  0.000000  0.000000  2.000000  1.000000  0.000000  0.000000  0.000000  1.000000  0.000000  0.000000  0.000000  1.000000  1.000000  -0.000000  0.000000  -0.000000  1.000000  -0.000121  0.000000  0.000121  1.000000  1.000000  0.000000  0.000000  0.000000  1.000000  0.000000  0.000000  0.000000  1.000000  1.000000  0.000000  0.000000  0.000000  1.000000  0.000000  0.000000  0.000000  1.000000  0.000000  0.000000  
245.046084 0.011454  0.094416  -0.008799  0.996713  0.067657  0.044557  -0.069674  0.996537  0.045382  -0.041332  -0.048337  0.997976  0.000099  -0.000060  -0.000058  0.000000  0.000000  0.000000  2.000000  1.000000  0.000000  0.000000  0.000000  1.000000  0.000000  0.000000  0.000000  1.000000  1.000000  -0.000006  0.000134  0.000006  1.000000  -0.000121  -0.000134  0.000121  1.000000  1.000000  0.000000  0.000000  0.000000  1.000000  0.000000  0.000000  0.000000  1.000000  1.000000  0.000000  0.000000  0.000000  1.000000  0.000000  0.000000  0.000000  1.000000  0.000000  0.000000  
245.047326 0.011457  0.094415  -0.008799  0.996699  0.067857  0.044574  -0.069879  0.996518  0.045494  -0.041332  -0.048458  0.997970  0.000291  -0.000139  -0.000040  0.000000  0.000000  0.000000  2.000000  1.000000  0.000000  0.000000  0.000000  1.000000  0.000000  0.000000  0.000000  1.000000  1.000000  0.000199  0.000144  -0.000199  1.000000  -0.000009  -0.000144  0.000008  1.000000  1.000000  0.000000  0.000000  0.000000  1.000000  0.000000  0.000000  0.000000  1.000000  1.000000  0.000000  0.000000  0.000000  1.000000  0.000000  0.000000  0.000000  1.000000  0.000000  0.000000  
245.048578 0.011460  0.094413  -0.008799  0.996679  0.068056  0.044717  -0.070084  0.996504  0.045475  -0.041466  -0.048458  0.997964  0.000505  -0.000248  -0.000048  0.000000  0.000000  0.000000  2.000000  1.000000  0.000000  0.000000  0.000000  1.000000  0.000000  0.000000  0.000000  1.000000  1.000000  0.000192  0.000277  -0.000192  1.000000  -0.000009  -0.000277  0.000008  1.000000  1.000000  0.000000  0.000000  0.000000  1.000000  0.000000  0.000000  0.000000  1.000000  1.000000  0.000000  0.000000  0.000000  1.000000  0.000000  0.000000  0.000000  1.000000  0.000000  0.000000  
245.049580 0.011463  0.094412  -0.008800  0.996679  0.068050  0.044725  -0.070084  0.996498  0.045596  -0.041466  -0.048579  0.997958  0.000709  -0.000331  -0.000067  0.000000  0.000000  0.000000  2.000000  1.000000  0.000000  0.000000  0.000000  1.000000  0.000000  0.000000  0.000000  1.000000  1.000000  0.000398  0.000287  -0.000398  1.000000  -0.000017  -0.000287  0.000017  1.000000  1.000000  0.000000  0.000000  0.000000  1.000000  0.000000  0.000000  0.000000  1.000000  1.000000  0.000000  0.000000  0.000000  1.000000  0.000000  0.000000  0.000000  1.000000  0.000000  0.000000  
245.050830 0.011468  0.094410  -0.008800  0.996664  0.068255  0.044735  -0.070289  0.996484  0.045587  -0.041466  -0.048579  0.997958  0.001031  -0.000441  -0.000085  0.000000  0.000000  0.000000  2.000000  1.000000  0.000000  0.000000  0.000000  1.000000  0.000000  0.000000  0.000000  1.000000  1.000000  0.000398  0.000287  -0.000398  1.000000  0.000104  -0.000287  -0.000104  1.000000  1.000000  0.000000  0.000000  0.000000  1.000000  0.000000  0.000000  0.000000  1.000000  1.000000  0.000000  0.000000  0.000000  1.000000  0.000000  0.000000  0.000000  1.000000  0.000000  0.000000  
245.051832 0.011473  0.094409  -0.008800  0.996664  0.068255  0.044735  -0.070289  0.996484  0.045587  -0.041466  -0.048579  0.997958  0.001346  -0.000525  -0.000113  0.000000  0.000000  0.000000  2.000000  1.000000  0.000000  0.000000  0.000000  1.000000  0.000000  0.000000  0.000000  1.000000  1.000000  0.000603  0.000297  -0.000603  1.000000  0.000096  -0.000297  -0.000096  1.000000  1.000000  0.000000  0.000000  0.000000  1.000000  0.000000  0.000000  0.000000  1.000000  1.000000  0.000000  0.000000  0.000000  1.000000  0.000000  0.000000  0.000000  1.000000  0.000000  0.000000  
245.053088 0.011478  0.094406  -0.008801  0.996650  0.068455  0.044752  -0.070494  0.996465  0.045698  -0.041466  -0.048700  0.997952  0.001698  -0.000690  -0.000147  0.000000  0.000000  0.000000  2.000000  1.000000  0.000000  0.000000  0.000000  1.000000  0.000000  0.000000  0.000000  1.000000  1.000000  0.000809  0.000307  -0.000809  1.000000  0.000208  -0.000307  -0.000209  1.000000  1.000000  0.000000  0.000000  0.000000  1.000000  0.000000  0.000000  0.000000  1.000000  1.000000  0.000000  0.000000  0.000000  1.000000  0.000000  0.000000  0.000000  1.000000  0.000000  0.000000  
245.054329 0.011484  0.094404  -0.008801  0.996621  0.068865  0.044771  -0.070905  0.996437  0.045680  -0.041466  -0.048700  0.997952  0.002085  -0.000827  -0.000159  0.000000  0.000000  0.000000  2.000000  1.000000  0.000000  0.000000  0.000000  1.000000  0.000000  0.000000  0.000000  1.000000  0.999999  0.001014  0.000317  -0.001014  0.999999  0.000200  -0.000317  -0.000200  1.000000  1.000000  0.000000  0.000000  0.000000  1.000000  0.000000  0.000000  0.000000  1.000000  1.000000  0.000000  0.000000  0.000000  1.000000  0.000000  0.000000  0.000000  1.000000  0.000000  0.000000  
245.055330 0.011488  0.094402  -0.008801  0.996601  0.069059  0.044922  -0.071110  0.996417  0.045782  -0.041599  -0.048821  0.997941  0.002447  -0.000933  -0.000144  0.000000  0.000000  0.000000  2.000000  1.000000  0.000000  0.000000  0.000000  1.000000  0.000000  0.000000  0.000000  1.000000  0.999999  0.001213  0.000461  -0.001213  0.999999  0.000312  -0.000461  -0.000313  1.000000  1.000000  0.000000  0.000000  0.000000  1.000000  0.000000  0.000000  0.000000  1.000000  1.000000  0.000000  0.000000  0.000000  1.000000  0.000000  0.000000  0.000000  1.000000  0.000000  0.000000  
245.056585 0.011495  0.094401  -0.008801  0.996580  0.069257  0.045065  -0.071314  0.996404  0.045763  -0.041733  -0.048821  0.997935  0.002917  -0.001040  -0.000138  0.000000  0.000000  0.000000  2.000000  1.000000  0.000000  0.000000  0.000000  1.000000  0.000000  0.000000  0.000000  1.000000  0.999999  0.001617  0.000615  -0.001618  0.999999  0.000416  -0.000614  -0.000417  1.000000  1.000000  0.000000  0.000000  0.000000  1.000000  0.000000  0.000000  0.000000  1.000000  1.000000  0.000000  0.000000  0.000000  1.000000  0.000000  0.000000  0.000000  1.000000  0.000000  0.000000  
245.057835 0.011502  0.094399  -0.008801  0.996545  0.069661  0.045217  -0.071724  0.996375  0.045735  -0.041867  -0.048820  0.997930  0.003390  -0.001148  -0.000132  0.000000  0.000000  0.000000  2.000000  1.000000  0.000000  0.000000  0.000000  1.000000  0.000000  0.000000  0.000000  1.000000  0.999998  0.001816  0.000759  -0.001817  0.999998  0.000408  -0.000758  -0.000409  1.000000  1.000000  0.000000  0.000000  0.000000  1.000000  0.000000  0.000000  0.000000  1.000000  1.000000  0.000000  0.000000  0.000000  1.000000  0.000000  0.000000  0.000000  1.000000  0.000000  0.000000  
245.059094 0.011509  0.094397  -0.008801  0.996516  0.070066  0.045244  -0.072135  0.996341  0.045837  -0.041867  -0.048941  0.997924  0.003868  -0.001281  -0.000115  0.000000  0.000000  0.000000  2.000000  1.000000  0.000000  0.000000  0.000000  1.000000  0.000000  0.000000  0.000000  1.000000  0.999997  0.002227  0.000779  -0.002228  0.999997  0.000512  -0.000778  -0.000513  1.000000  1.000000  0.000000  0.000000  0.000000  1.000000  0.000000  0.000000  0.000000  1.000000  1.000000  0.000000  0.000000  0.000000  1.000000  0.000000  0.000000  0.000000  1.000000  0.000000  0.000000  
245.060330 0.011517  0.094395  -0.008800  0.996501  0.070271  0.045253  -0.072340  0.996327  0.045828  -0.041867  -0.048941  0.997924  0.004287  -0.001412  -0.000057  0.000000  0.000000  0.000000  2.000000  1.000000  0.000000  0.000000  0.000000  1.000000  0.000000  0.000000  0.000000  1.000000  0.999996  0.002638  0.000799  -0.002638  0.999996  0.000494  -0.000798  -0.000496  1.000000  1.000000  0.000000  0.000000  0.000000  1.000000  0.000000  0.000000  0.000000  1.000000  1.000000  0.000000  0.000000  0.000000  1.000000  0.000000  0.000000  0.000000  1.000000  0.000000  0.000000  
245.061330 0.011523  0.094394  -0.008801  0.996486  0.070470  0.045271  -0.072545  0.996307  0.045940  -0.041867  -0.049062  0.997918  0.004589  -0.001470  -0.000096  0.000000  0.000000  0.000000  2.000000  1.000000  0.000000  0.000000  0.000000  1.000000  0.000000  0.000000  0.000000  1.000000  0.999996  0.002843  0.000809  -0.002844  0.999996  0.000607  -0.000808  -0.000609  0.999999  1.000000  0.000000  0.000000  0.000000  1.000000  0.000000  0.000000  0.000000  1.000000  1.000000  0.000000  0.000000  0.000000  1.000000  0.000000  0.000000  0.000000  1.000000  0.000000  0.000000  
245.062333 0.011529  0.094392  -0.008800  0.996456  0.070881  0.045290  -0.072955  0.996277  0.045921  -0.041867  -0.049062  0.997918  0.004823  -0.001524  -0.000093  0.000000  0.000000  0.000000  2.000000  1.000000  0.000000  0.000000  0.000000  1.000000  0.000000  0.000000  0.000000  1.000000  0.999995  0.003049  0.000819  -0.003049  0.999995  0.000598  -0.000818  -0.000601  0.999999  1.000000  0.000000  0.000000  0.000000  1.000000  0.000000  0.000000  0.000000  1.000000  1.000000  0.000000  0.000000  0.000000  1.000000  0.000000  0.000000  0.000000  1.000000  0.000000  0.000000  
245.063333 0.011535  0.094389  -0.008801  0.996441  0.071080  0.045308  -0.073160  0.996257  0.046033  -0.041867  -0.049184  0.997912  0.005038  -0.001633  -0.000101  0.000000  0.000000  0.000000  2.000000  1.000000  0.000000  0.000000  0.000000  1.000000  0.000000  0.000000  0.000000  1.000000  0.999994  0.003460  0.000840  -0.003460  0.999994  0.000702  -0.000838  -0.000705  0.999999  1.000000  0.000000  0.000000  0.000000  1.000000  0.000000  0.000000  0.000000  1.000000  1.000000  0.000000  0.000000  0.000000  1.000000  0.000000  0.000000  0.000000  1.000000  0.000000  0.000000  
245.064579 0.011541  0.094385  -0.008801  0.996405  0.071478  0.045469  -0.073570  0.996223  0.046125  -0.042000  -0.049304  0.997900  0.005209  -0.001795  -0.000113  0.000000  0.000000  0.000000  2.000000  1.000000  0.000000  0.000000  0.000000  1.000000  0.000000  0.000000  0.000000  1.000000  0.999992  0.003864  0.000994  -0.003865  0.999992  0.000806  -0.000991  -0.000810  0.999999  1.000000  0.000000  0.000000  0.000000  1.000000  0.000000  0.000000  0.000000  1.000000  1.000000  0.000000  0.000000  0.000000  1.000000  0.000000  0.000000  0.000000  1.000000  0.000000  0.000000  
245.065580 0.011547  0.094382  -0.008802  0.996375  0.071883  0.045497  -0.073980  0.996188  0.046227  -0.042000  -0.049425  0.997894  0.005363  -0.001937  -0.000147  0.000000  0.000000  0.000000  2.000000  1.000000  0.000000  0.000000  0.000000  1.000000  0.000000  0.000000  0.000000  1.000000  0.999990  0.004281  0.000881  -0.004282  0.999991  0.000788  -0.000878  -0.000792  0.999999  1.000000  0.000000  0.000000  0.000000  1.000000  0.000000  0.000000  0.000000  1.000000  1.000000  0.000000  0.000000  0.000000  1.000000  0.000000  0.000000  0.000000  1.000000  0.000000  0.000000  
245.066580 0.011553  0.094377  -0.008803  0.996339  0.072287  0.045649  -0.074390  0.996159  0.046198  -0.042134  -0.049425  0.997889  0.005428  -0.002157  -0.000170  0.000000  0.000000  0.000000  2.000000  1.000000  0.000000  0.000000  0.000000  1.000000  0.000000  0.000000  0.000000  1.000000  0.999990  0.004487  0.000892  -0.004487  0.999990  0.000901  -0.000888  -0.000905  0.999999  1.000000  0.000000  0.000000  0.000000  1.000000  0.000000  0.000000  0.000000  1.000000  1.000000  0.000000  0.000000  0.000000  1.000000  0.000000  0.000000  0.000000  1.000000  0.000000  0.000000  
245.067830 0.011559  0.094372  -0.008804  0.996308  0.072691  0.045677  -0.074800  0.996123  0.046300  -0.042134  -0.049546  0.997883  0.005488  -0.002370  -0.000257  0.033566  -0.039913  0.171111  2.000000  1.000000  0.000000  0.000000  0.000000  1.000000  0.000000  0.000000  0.000000  1.000000  0.999988  0.004685  0.001036  -0.004686  0.999989  0.000892  -0.001032  -0.000896  0.999999  1.000000  0.000000  0.000000  0.000000  1.000000  0.000000  0.000000  0.000000  1.000000  1.000000  0.000000  0.000000  0.000000  1.000000  0.000000  0.000000  0.000000  1.000000  0.000000  0.000000  
245.069082 0.011565  0.094365  -0.008805  0.996277  0.073096  0.045705  -0.075211  0.996087  0.046402  -0.042134  -0.049667  0.997877  0.005510  -0.002612  -0.000265  0.037061  -0.040596  0.184891  2.000000  1.000000  0.000128  0.000023  -0.000128  1.000000  0.000022  -0.000023  -0.000022  1.000000  0.999988  0.004897  0.000912  -0.004898  0.999988  0.000883  -0.000908  -0.000887  0.999999  1.000000  0.000000  0.000000  0.000000  1.000000  0.000000  0.000000  0.000000  1.000000  1.000000  0.000128  0.000023  -0.000128  1.000000  0.000022  -0.000023  -0.000022  1.000000  0.000046  0.000000  
245.070087 0.011570  0.094361  -0.008806  0.996262  0.073301  0.045714  -0.075416  0.996072  0.046393  -0.042134  -0.049667  0.997877  0.005482  -0.002808  -0.000361  0.036761  -0.040922  0.191736  2.000000  1.000000  0.000385  0.000069  -0.000385  1.000000  0.000070  -0.000069  -0.000070  1.000000  0.999985  0.005308  0.000933  -0.005309  0.999986  0.000865  -0.000929  -0.000870  0.999999  1.000000  0.000066  0.000012  -0.000066  1.000000  0.000011  -0.000012  -0.000011  1.000000  1.000000  0.000385  0.000069  -0.000385  1.000000  0.000070  -0.000069  -0.000070  1.000000  0.000050  0.005459  
245.071337 0.011576  0.094354  -0.008808  0.996230  0.073706  0.045742  -0.075826  0.996036  0.046495  -0.042134  -0.049788  0.997871  0.005449  -0.003166  -0.000484  0.040256  -0.041608  0.205521  2.000000  1.000000  0.000725  0.000128  -0.000725  1.000000  0.000129  -0.000128  -0.000129  1.000000  0.999984  0.005514  0.000944  -0.005514  0.999984  0.000978  -0.000939  -0.000983  0.999999  1.000000  0.000069  0.000012  -0.000069  1.000000  0.000012  -0.000012  -0.000012  1.000000  1.000000  0.000725  0.000128  -0.000725  1.000000  0.000129  -0.000128  -0.000129  1.000000  0.000053  0.005679  
245.072583 0.011582  0.094348  -0.008810  0.996194  0.074103  0.045904  -0.076236  0.996001  0.046587  -0.042268  -0.049909  0.997859  0.005380  -0.003478  -0.000606  0.043746  -0.046797  0.219131  2.000000  0.999999  0.001077  0.000187  -0.001077  0.999999  0.000190  -0.000187  -0.000190  1.000000  0.999983  0.005719  0.000955  -0.005720  0.999983  0.000969  -0.000950  -0.000975  0.999999  1.000000  0.000071  0.000012  -0.000071  1.000000  0.000012  -0.000012  -0.000012  1.000000  0.999999  0.001077  0.000187  -0.001077  0.999999  0.000190  -0.000187  -0.000190  1.000000  0.000057  0.005879  
245.073834 0.011587  0.094342  -0.008812  0.996162  0.074508  0.045932  -0.076646  0.995965  0.046689  -0.042268  -0.050030  0.997853  0.005293  -0.003739  -0.000749  0.047251  -0.047497  0.232965  2.000000  0.999999  0.001442  0.000255  -0.001442  0.999999  0.000251  -0.000255  -0.000252  1.000000  0.999982  0.005917  0.001100  -0.005919  0.999982  0.001081  -0.001093  -0.001088  0.999999  1.000000  0.000074  0.000014  -0.000074  1.000000  0.000014  -0.000014  -0.000014  1.000000  0.999999  0.001442  0.000255  -0.001442  0.999999  0.000251  -0.000255  -0.000252  1.000000  0.000061  0.006116  
245.075088 0.011593  0.094336  -0.008813  0.996130  0.074918  0.045951  -0.077056  0.995934  0.046670  -0.042268  -0.050030  0.997853  0.005150  -0.004041  -0.000828  0.046650  -0.043680  0.246959  2.000000  0.999998  0.001812  0.000322  -0.001812  0.999998  0.000319  -0.000322  -0.000320  1.000000  0.999982  0.005924  0.000966  -0.005925  0.999982  0.001081  -0.000960  -0.001087  0.999999  1.000000  0.000074  0.000012  -0.000074  1.000000  0.000014  -0.000012  -0.000014  1.000000  0.999998  0.001812  0.000322  -0.001812  0.999998  0.000319  -0.000322  -0.000320  1.000000  0.000062  0.006099  
245.076333 0.011598  0.094329  -0.008814  0.996115  0.075117  0.045970  -0.077261  0.995913  0.046781  -0.042268  -0.050151  0.997847  0.004960  -0.004349  -0.000904  0.050738  -0.043705  0.247015  2.000000  0.999998  0.002116  0.000371  -0.002116  0.999998  0.000371  -0.000370  -0.000372  1.000000  0.999981  0.006129  0.000977  -0.006130  0.999981  0.001072  -0.000971  -0.001078  0.999999  1.000000  0.000077  0.000012  -0.000077  1.000000  0.000013  -0.000012  -0.000013  1.000000  0.999998  0.002116  0.000371  -0.002116  0.999998  0.000371  -0.000370  -0.000372  1.000000  0.000065  0.006299  
245.077334 0.011602  0.094324  -0.008815  0.996083  0.075522  0.045998  -0.077671  0.995876  0.046883  -0.042268  -0.050272  0.997841  0.004887  -0.004573  -0.000987  0.050136  -0.039922  0.261010  2.000000  0.999997  0.002417  0.000415  -0.002417  0.999997  0.000425  -0.000414  -0.000426  1.000000  0.999982  0.005931  0.000833  -0.005932  0.999982  0.001081  -0.000827  -0.001086  0.999999  1.000000  0.000074  0.000010  -0.000074  1.000000  0.000014  -0.000010  -0.000014  1.000000  0.999997  0.002417  0.000415  -0.002417  0.999997  0.000425  -0.000414  -0.000426  1.000000  0.000065  0.006086  
245.078581 0.011606  0.094316  -0.008816  0.996061  0.075720  0.046141  -0.077876  0.995861  0.046863  -0.042401  -0.050272  0.997835  0.004698  -0.004798  -0.001026  0.050123  -0.044417  0.260812  2.000000  0.999996  0.002801  0.000469  -0.002801  0.999996  0.000500  -0.000468  -0.000501  1.000000  0.999981  0.006136  0.000844  -0.006137  0.999980  0.001193  -0.000837  -0.001198  0.999999  1.000000  0.000077  0.000011  -0.000077  1.000000  0.000015  -0.000011  -0.000015  1.000000  0.999996  0.002801  0.000469  -0.002801  0.999996  0.000500  -0.000468  -0.000501  1.000000  0.000067  0.006308  
245.079829 0.011611  0.094308  -0.008817  0.996029  0.076125  0.046169  -0.078286  0.995824  0.046965  -0.042401  -0.050393  0.997829  0.004525  -0.005071  -0.001042  0.049555  -0.045145  0.274682  2.000000  0.999995  0.003179  0.000522  -0.003179  0.999995  0.000567  -0.000520  -0.000569  1.000000  0.999981  0.006136  0.000844  -0.006137  0.999981  0.001071  -0.000838  -0.001077  0.999999  1.000000  0.000077  0.000011  -0.000077  1.000000  0.000013  -0.000011  -0.000013  1.000000  0.999995  0.003179  0.000522  -0.003179  0.999995  0.000567  -0.000520  -0.000569  1.000000  0.000070  0.006286  
245.080831 0.011614  0.094302  -0.008817  0.996013  0.076330  0.046179  -0.078491  0.995808  0.046955  -0.042401  -0.050393  0.997829  0.004327  -0.005229  -0.000993  0.049963  -0.045517  0.276947  2.000000  0.999994  0.003481  0.000564  -0.003481  0.999994  0.000625  -0.000561  -0.000627  1.000000  0.999981  0.006136  0.000845  -0.006137  0.999981  0.001071  -0.000838  -0.001077  0.999999  1.000000  0.000077  0.000011  -0.000077  1.000000  0.000013  -0.000011  -0.000013  1.000000  0.999994  0.003481  0.000564  -0.003481  0.999994  0.000625  -0.000561  -0.000627  1.000000  0.000071  0.006286  
245.082080 0.011618  0.094294  -0.008817  0.995980  0.076740  0.046198  -0.078901  0.995777  0.046936  -0.042401  -0.050393  0.997829  0.004158  -0.005381  -0.000939  0.044834  -0.045149  0.279387  2.000000  0.999992  0.003854  0.000616  -0.003854  0.999992  0.000693  -0.000613  -0.000695  1.000000  0.999982  0.005930  0.000835  -0.005931  0.999982  0.001080  -0.000828  -0.001085  0.999999  1.000000  0.000074  0.000010  -0.000074  1.000000  0.000014  -0.000010  -0.000014  1.000000  0.999992  0.003854  0.000616  -0.003854  0.999992  0.000693  -0.000613  -0.000695  1.000000  0.000072  0.006086  
245.083085 0.011621  0.094287  -0.008818  0.995964  0.076939  0.046217  -0.079106  0.995755  0.047048  -0.042401  -0.050514  0.997823  0.003995  -0.005571  -0.000890  0.048568  -0.045484  0.286095  2.000000  0.999991  0.004153  0.000658  -0.004153  0.999991  0.000743  -0.000655  -0.000746  1.000000  0.999982  0.005930  0.000835  -0.005931  0.999982  0.000959  -0.000829  -0.000964  0.999999  1.000000  0.000074  0.000010  -0.000074  1.000000  0.000012  -0.000010  -0.000012  1.000000  0.999991  0.004153  0.000658  -0.004153  0.999991  0.000743  -0.000655  -0.000746  1.000000  0.000072  0.006066  
245.084331 0.011625  0.094279  -0.008818  0.995948  0.077144  0.046227  -0.079311  0.995739  0.047038  -0.042401  -0.050514  0.997823  0.003926  -0.005715  -0.000810  0.049262  -0.045519  0.281570  2.000000  0.999990  0.004450  0.000696  -0.004450  0.999990  0.000797  -0.000693  -0.000800  0.999999  0.999982  0.005937  0.000702  -0.005938  0.999982  0.001080  -0.000695  -0.001084  0.999999  1.000000  0.000074  0.000009  -0.000074  1.000000  0.000014  -0.000009  -0.000014  1.000000  0.999990  0.004450  0.000696  -0.004450  0.999990  0.000797  -0.000693  -0.000800  0.999999  0.000073  0.006076  
245.085337 0.011628  0.094271  -0.008818  0.995926  0.077342  0.046370  -0.079516  0.995724  0.047018  -0.042535  -0.050514  0.997817  0.003782  -0.005857  -0.000747  0.045134  -0.045523  0.281482  2.000000  0.999988  0.004741  0.000731  -0.004742  0.999988  0.000845  -0.000727  -0.000849  0.999999  0.999983  0.005732  0.000691  -0.005732  0.999983  0.000968  -0.000686  -0.000972  0.999999  1.000000  0.000072  0.000009  -0.000072  1.000000  0.000012  -0.000009  -0.000012  1.000000  0.999988  0.004741  0.000731  -0.004742  0.999988  0.000845  -0.000727  -0.000849  0.999999  0.000072  0.005854  
245.086590 0.011632  0.094263  -0.008818  0.995909  0.077547  0.046380  -0.079721  0.995708  0.047008  -0.042535  -0.050514  0.997817  0.003635  -0.006037  -0.000656  0.045402  -0.040685  0.274778  2.000000  0.999987  0.005094  0.000783  -0.005095  0.999987  0.000901  -0.000778  -0.000905  0.999999  0.999984  0.005519  0.000815  -0.005520  0.999984  0.000854  -0.000810  -0.000859  0.999999  1.000000  0.000069  0.000010  -0.000069  1.000000  0.000011  -0.000010  -0.000011  1.000000  0.999987  0.005094  0.000783  -0.005095  0.999987  0.000901  -0.000778  -0.000905  0.999999  0.000072  0.005645  
245.087830 0.011635  0.094253  -0.008820  0.995893  0.077747  0.046399  -0.079926  0.995686  0.047120  -0.042535  -0.050635  0.997811  0.003479  -0.006261  -0.000645  0.049073  -0.035928  0.272849  2.000000  0.999985  0.005368  0.000818  -0.005368  0.999985  0.000949  -0.000813  -0.000953  0.999999  0.999986  0.005321  0.000671  -0.005321  0.999985  0.000985  -0.000666  -0.000988  0.999999  1.000000  0.000067  0.000008  -0.000067  1.000000  0.000012  -0.000008  -0.000012  1.000000  0.999985  0.005368  0.000818  -0.005368  0.999985  0.000949  -0.000813  -0.000953  0.999999  0.000070  0.005453  
245.088830 0.011638  0.094246  -0.008821  0.995876  0.077952  0.046408  -0.080131  0.995670  0.047110  -0.042535  -0.050635  0.997811  0.003402  -0.006446  -0.000596  0.045713  -0.035913  0.268314  2.000000  0.999984  0.005636  0.000852  -0.005637  0.999984  0.000992  -0.000847  -0.000997  0.999999  0.999986  0.005321  0.000671  -0.005321  0.999985  0.000863  -0.000667  -0.000867  0.999999  1.000000  0.000067  0.000008  -0.000067  1.000000  0.000011  -0.000008  -0.000011  1.000000  0.999984  0.005636  0.000852  -0.005637  0.999984  0.000992  -0.000847  -0.000997  0.999999  0.000070  0.005432  
245.089835 0.011641  0.094238  -0.008821  0.995860  0.078157  0.046418  -0.080336  0.995654  0.047101  -0.042535  -0.050635  0.997811  0.003317  -0.006606  -0.000571  0.045691  -0.035896  0.268183  2.000000  0.999982  0.005895  0.000885  -0.005895  0.999982  0.001034  -0.000879  -0.001039  0.999999  0.999987  0.005115  0.000661  -0.005116  0.999987  0.000751  -0.000657  -0.000754  0.999999  1.000000  0.000064  0.000008  -0.000064  1.000000  0.000009  -0.000008  -0.000009  1.000000  0.999982  0.005895  0.000885  -0.005895  0.999982  0.001034  -0.000879  -0.001039  0.999999  0.000070  0.005212  
245.091081 0.011646  0.094229  -0.008821  0.995838  0.078349  0.046570  -0.080540  0.995633  0.047201  -0.042669  -0.050755  0.997799  0.003278  -0.006759  -0.000523  0.045295  -0.040085  0.265734  2.000000  0.999981  0.006150  0.000919  -0.006151  0.999981  0.001074  -0.000912  -0.001080  0.999999  0.999987  0.005115  0.000662  -0.005116  0.999987  0.000872  -0.000657  -0.000875  0.999999  1.000000  0.000064  0.000008  -0.000064  1.000000  0.000011  -0.000008  -0.000011  1.000000  0.999981  0.006150  0.000919  -0.006151  0.999981  0.001074  -0.000912  -0.001080  0.999999  0.000069  0.005231  
245.092085 0.011649  0.094222  -0.008821  0.995821  0.078554  0.046580  -0.080745  0.995617  0.047191  -0.042669  -0.050755  0.997799  0.003156  -0.006891  -0.000433  0.045963  -0.040073  0.261036  2.000000  0.999980  0.006214  0.000929  -0.006215  0.999980  0.001085  -0.000922  -0.001091  0.999999  0.999988  0.004903  0.000785  -0.004904  0.999988  0.000759  -0.000781  -0.000763  0.999999  1.000000  0.000000  0.000000  0.000000  1.000000  0.000000  0.000000  0.000000  1.000000  0.999980  0.006214  0.000929  -0.006215  0.999980  0.001085  -0.000922  -0.001091  0.999999  0.000068  0.000000  
245.093334 0.011652  0.094213  -0.008822  0.995821  0.078554  0.046580  -0.080745  0.995617  0.047191  -0.042669  -0.050755  0.997799  0.003097  -0.007020  -0.000371  0.042158  -0.035248  0.254330  2.000000  0.999980  0.006214  0.000929  -0.006215  0.999980  0.001085  -0.000922  -0.001091  0.999999  0.999990  0.004492  0.000764  -0.004493  0.999990  0.000655  -0.000761  -0.000659  0.999999  1.000000  0.000000  0.000000  0.000000  1.000000  0.000000  0.000000  0.000000  1.000000  0.999980  0.006214  0.000929  -0.006215  0.999980  0.001085  -0.000922  -0.001091  0.999999  0.000065  0.000000  
245.094580 0.011656  0.094204  -0.008822  0.995804  0.078759  0.046590  -0.080950  0.995601  0.047182  -0.042669  -0.050755  0.997799  0.003051  -0.007071  -0.000308  0.038668  -0.034572  0.240523  2.000000  0.999980  0.006214  0.000929  -0.006215  0.999980  0.001085  -0.000922  -0.001091  0.999999  0.999991  0.004293  0.000620  -0.004294  0.999991  0.000543  -0.000618  -0.000546  1.000000  1.000000  0.000000  0.000000  0.000000  1.000000  0.000000  0.000000  0.000000  1.000000  0.999980  0.006214  0.000929  -0.006215  0.999980  0.001085  -0.000922  -0.001091  0.999999  0.000063  0.000000  
245.095609 0.011658  0.094196  -0.008822  0.995788  0.078964  0.046599  -0.081156  0.995585  0.047172  -0.042669  -0.050755  0.997799  0.003013  -0.007195  -0.000320  0.034557  -0.034552  0.240285  2.000000  0.999980  0.006214  0.000929  -0.006215  0.999980  0.001085  -0.000922  -0.001091  0.999999  0.999991  0.004293  0.000620  -0.004294  0.999991  0.000543  -0.000618  -0.000546  1.000000  1.000000  0.000000  0.000000  0.000000  1.000000  0.000000  0.000000  0.000000  1.000000  0.999980  0.006214  0.000929  -0.006215  0.999980  0.001085  -0.000922  -0.001091  0.999999  0.000061  0.000000  
245.096830 0.011662  0.094187  -0.008821  0.995765  0.079162  0.046742  -0.081360  0.995569  0.047152  -0.042802  -0.050755  0.997794  0.002974  -0.007243  -0.000249  0.035157  -0.033903  0.226779  2.000000  0.999980  0.006214  0.000929  -0.006215  0.999980  0.001085  -0.000922  -0.001091  0.999999  0.999992  0.003876  0.000733  -0.003876  0.999992  0.000439  -0.000731  -0.000442  1.000000  1.000000  0.000000  0.000000  0.000000  1.000000  0.000000  0.000000  0.000000  1.000000  0.999980  0.006214  0.000929  -0.006215  0.999980  0.001085  -0.000922  -0.001091  0.999999  0.000058  0.000000  
245.097830 0.011664  0.094180  -0.008821  0.995765  0.079162  0.046742  -0.081360  0.995569  0.047152  -0.042802  -0.050755  0.997794  0.002930  -0.007270  -0.000234  0.031107  -0.033285  0.218003  2.000000  0.999980  0.006214  0.000929  -0.006215  0.999980  0.001085  -0.000922  -0.001091  0.999999  0.999992  0.003876  0.000733  -0.003876  0.999992  0.000439  -0.000731  -0.000442  1.000000  1.000000  0.000000  0.000000  0.000000  1.000000  0.000000  0.000000  0.000000  1.000000  0.999980  0.006214  0.000929  -0.006215  0.999980  0.001085  -0.000922  -0.001091  0.999999  0.000056  0.000000  
245.098830 0.011667  0.094173  -0.008820  0.995749  0.079367  0.046752  -0.081565  0.995552  0.047142  -0.042802  -0.050755  0.997794  0.002949  -0.007238  -0.000175  0.027586  -0.033232  0.212940  2.000000  0.999980  0.006214  0.000929  -0.006215  0.999980  0.001085  -0.000922  -0.001091  0.999999  0.999992  0.003883  0.000599  -0.003883  0.999992  0.000317  -0.000598  -0.000320  1.000000  1.000000  0.000000  0.000000  0.000000  1.000000  0.000000  0.000000  0.000000  1.000000  0.999980  0.006214  0.000929  -0.006215  0.999980  0.001085  -0.000922  -0.001091  0.999999  0.000056  0.000000  
245.100081 0.011671  0.094165  -0.008819  0.995749  0.079367  0.046752  -0.081565  0.995552  0.047142  -0.042802  -0.050755  0.997794  0.002913  -0.007233  -0.000065  0.027652  -0.032616  0.204349  2.000000  0.999980  0.006214  0.000929  -0.006215  0.999980  0.001085  -0.000922  -0.001091  0.999999  0.999994  0.003472  0.000578  -0.003472  0.999994  0.000335  -0.000577  -0.000337  1.000000  1.000000  0.000000  0.000000  0.000000  1.000000  0.000000  0.000000  0.000000  1.000000  0.999980  0.006214  0.000929  -0.006215  0.999980  0.001085  -0.000922  -0.001091  0.999999  0.000052  0.000000  
245.101083 0.011674  0.094158  -0.008818  0.995732  0.079572  0.046762  -0.081770  0.995536  0.047132  -0.042802  -0.050755  0.997794  0.002903  -0.007181  0.000015  0.024098  -0.032551  0.199139  2.000000  0.999980  0.006214  0.000929  -0.006215  0.999980  0.001085  -0.000922  -0.001091  0.999999  0.999995  0.003266  0.000568  -0.003266  0.999995  0.000223  -0.000567  -0.000224  1.000000  1.000000  0.000000  0.000000  0.000000  1.000000  0.000000  0.000000  0.000000  1.000000  0.999980  0.006214  0.000929  -0.006215  0.999980  0.001085  -0.000922  -0.001091  0.999999  0.000050  0.000000  
245.102330 0.011677  0.094150  -0.008817  0.995732  0.079572  0.046762  -0.081770  0.995536  0.047132  -0.042802  -0.050755  0.997794  0.002886  -0.007117  0.000138  0.020595  -0.027374  0.185549  2.000000  0.999980  0.006214  0.000929  -0.006215  0.999980  0.001085  -0.000922  -0.001091  0.999999  0.999995  0.003061  0.000557  -0.003061  0.999995  0.000231  -0.000557  -0.000233  1.000000  1.000000  0.000000  0.000000  0.000000  1.000000  0.000000  0.000000  0.000000  1.000000  0.999980  0.006214  0.000929  -0.006215  0.999980  0.001085  -0.000922  -0.001091  0.999999  0.000049  0.000000  
245.103343 0.011681  0.094144  -0.008816  0.995715  0.079777  0.046771  -0.081975  0.995520  0.047123  -0.042802  -0.050755  0.997794  0.002927  -0.007042  0.000258  0.016804  -0.027023  0.178554  2.000000  0.999980  0.006214  0.000929  -0.006215  0.999980  0.001085  -0.000922  -0.001091  0.999999  0.999995  0.003061  0.000557  -0.003061  0.999995  0.000231  -0.000557  -0.000233  1.000000  1.000000  0.000000  0.000000  0.000000  1.000000  0.000000  0.000000  0.000000  1.000000  0.999980  0.006214  0.000929  -0.006215  0.999980  0.001085  -0.000922  -0.001091  0.999999  0.000047  0.000000  
245.104583 0.011685  0.094136  -0.008816  0.995715  0.079783  0.046762  -0.081975  0.995525  0.047002  -0.042802  -0.050634  0.997800  0.002939  -0.006933  0.000355  0.013027  -0.026673  0.171709  2.000000  0.999980  0.006214  0.000929  -0.006215  0.999980  0.001085  -0.000922  -0.001091  0.999999  0.999996  0.002856  0.000547  -0.002856  0.999996  -0.000002  -0.000547  0.000001  1.000000  1.000000  0.000000  0.000000  0.000000  1.000000  0.000000  0.000000  0.000000  1.000000  0.999980  0.006214  0.000929  -0.006215  0.999980  0.001085  -0.000922  -0.001091  0.999999  0.000044  0.000000  
245.105830 0.011688  0.094128  -0.008815  0.995698  0.079988  0.046771  -0.082180  0.995509  0.046992  -0.042802  -0.050634  0.997800  0.002908  -0.006893  0.000417  0.000000  0.000000  0.000000  2.000000  0.999980  0.006214  0.000929  -0.006215  0.999980  0.001085  -0.000922  -0.001091  0.999999  0.999996  0.002650  0.000536  -0.002650  0.999996  0.000007  -0.000536  -0.000008  1.000000  1.000000  0.000000  0.000000  0.000000  1.000000  0.000000  0.000000  0.000000  1.000000  0.999980  0.006214  0.000929  -0.006215  0.999980  0.001085  -0.000922  -0.001091  0.999999  0.000043  0.000000  
245.106833 0.011691  0.094122  -0.008815  0.995698  0.079988  0.046771  -0.082180  0.995509  0.046992  -0.042802  -0.050634  0.997800  0.002892  -0.006790  0.000447  0.000000  0.000000  0.000000  2.000000  0.999980  0.006214  0.000929  -0.006215  0.999980  0.001085  -0.000922  -0.001091  0.999999  0.999997  0.002451  0.000392  -0.002451  0.999997  0.000015  -0.000392  -0.000016  1.000000  1.000000  0.000000  0.000000  0.000000  1.000000  0.000000  0.000000  0.000000  1.000000  0.999980  0.006214  0.000929  -0.006215  0.999980  0.001085  -0.000922  -0.001091  0.999999  0.000000  0.000000  
245.107833 0.011695  0.094116  -0.008814  0.995681  0.080193  0.046781  -0.082385  0.995493  0.046983  -0.042802  -0.050634  0.997800  0.002914  -0.006752  0.000503  0.000000  0.000000  0.000000  2.000000  0.999980  0.006214  0.000929  -0.006215  0.999980  0.001085  -0.000922  -0.001091  0.999999  0.999997  0.002246  0.000382  -0.002246  0.999997  -0.000097  -0.000382  0.000096  1.000000  1.000000  0.000000  0.000000  0.000000  1.000000  0.000000  0.000000  0.000000  1.000000  0.999980  0.006214  0.000929  -0.006215  0.999980  0.001085  -0.000922  -0.001091  0.999999  0.000000  0.000000  
245.108833 0.011698  0.094109  -0.008814  0.995681  0.080193  0.046781  -0.082385  0.995493  0.046983  -0.042802  -0.050634  0.997800  0.002952  -0.006646  0.000529  0.000000  0.000000  0.000000  2.000000  0.999980  0.006214  0.000929  -0.006215  0.999980  0.001085  -0.000922  -0.001091  0.999999  0.999997  0.002246  0.000382  -0.002246  0.999997  -0.000097  -0.000382  0.000096  1.000000  1.000000  0.000000  0.000000  0.000000  1.000000  0.000000  0.000000  0.000000  1.000000  0.999980  0.006214  0.000929  -0.006215  0.999980  0.001085  -0.000922  -0.001091  0.999999  0.000000  0.000000  
245.109835 0.011700  0.094102  -0.008814  0.995681  0.080193  0.046781  -0.082385  0.995493  0.046983  -0.042802  -0.050634  0.997800  0.002942  -0.006620  0.000519  0.000000  0.000000  0.000000  2.000000  0.999980  0.006214  0.000929  -0.006215  0.999980  0.001085  -0.000922  -0.001091  0.999999  0.999998  0.002041  0.000371  -0.002041  0.999998  -0.000088  -0.000372  0.000087  1.000000  1.000000  0.000000  0.000000  0.000000  1.000000  0.000000  0.000000  0.000000  1.000000  0.999980  0.006214  0.000929  -0.006215  0.999980  0.001085  -0.000922  -0.001091  0.999999  0.000000  0.000000  
245.111082 0.011704  0.094095  -0.008814  0.995664  0.080398  0.046791  -0.082590  0.995476  0.046973  -0.042802  -0.050634  0.997800  0.002974  -0.006553  0.000481  0.000000  0.000000  0.000000  2.000000  0.999980  0.006214  0.000929  -0.006215  0.999980  0.001085  -0.000922  -0.001091  0.999999  0.999998  0.002041  0.000371  -0.002041  0.999998  -0.000210  -0.000372  0.000209  1.000000  1.000000  0.000000  0.000000  0.000000  1.000000  0.000000  0.000000  0.000000  1.000000  0.999980  0.006214  0.000929  -0.006215  0.999980  0.001085  -0.000922  -0.001091  0.999999  0.000000  0.000000  
245.112331 0.011708  0.094087  -0.008815  0.995647  0.080603  0.046800  -0.082795  0.995459  0.046964  -0.042802  -0.050634  0.997800  0.002995  -0.006447  0.000400  0.000000  0.000000  0.000000  2.000000  0.999980  0.006214  0.000929  -0.006215  0.999980  0.001085  -0.000922  -0.001091  0.999999  0.999998  0.001842  0.000227  -0.001842  0.999998  -0.000201  -0.000228  0.000200  1.000000  1.000000  0.000000  0.000000  0.000000  1.000000  0.000000  0.000000  0.000000  1.000000  0.999980  0.006214  0.000929  -0.006215  0.999980  0.001085  -0.000922  -0.001091  0.999999  0.000000  0.000000  
245.113580 0.011711  0.094079  -0.008815  0.995647  0.080603  0.046800  -0.082795  0.995459  0.046964  -0.042802  -0.050634  0.997800  0.002978  -0.006373  0.000331  0.000000  0.000000  0.000000  2.000000  0.999980  0.006214  0.000929  -0.006215  0.999980  0.001085  -0.000922  -0.001091  0.999999  0.999998  0.002047  0.000238  -0.002047  0.999998  -0.000210  -0.000238  0.000209  1.000000  1.000000  0.000000  0.000000  0.000000  1.000000  0.000000  0.000000  0.000000  1.000000  0.999980  0.006214  0.000929  -0.006215  0.999980  0.001085  -0.000922  -0.001091  0.999999  0.000000  0.000000  
245.114830 0.011715  0.094072  -0.008815  0.995630  0.080808  0.046810  -0.083000  0.995443  0.046954  -0.042802  -0.050634  0.997800  0.003002  -0.006297  0.000296  0.000000  0.000000  0.000000  2.000000  0.999980  0.006214  0.000929  -0.006215  0.999980  0.001085  -0.000922  -0.001091  0.999999  0.999998  0.002047  0.000238  -0.002047  0.999998  -0.000210  -0.000238  0.000209  1.000000  1.000000  0.000000  0.000000  0.000000  1.000000  0.000000  0.000000  0.000000  1.000000  0.999980  0.006214  0.000929  -0.006215  0.999980  0.001085  -0.000922  -0.001091  0.999999  0.000000  0.000000  
245.116089 0.011719  0.094065  -0.008814  0.995630  0.080808  0.046810  -0.083000  0.995443  0.046954  -0.042802  -0.050634  0.997800  0.003024  -0.006214  0.000260  0.000000  0.000000  0.000000  2.000000  0.999980  0.006214  0.000929  -0.006215  0.999980  0.001085  -0.000922  -0.001091  0.999999  0.999998  0.001849  0.000094  -0.001849  0.999998  -0.000201  -0.000094  0.000201  1.000000  1.000000  0.000000  0.000000  0.000000  1.000000  0.000000  0.000000  0.000000  1.000000  0.999980  0.006214  0.000929  -0.006215  0.999980  0.001085  -0.000922  -0.001091  0.999999  0.000000  0.000000  
245.117331 0.011723  0.094058  -0.008814  0.995613  0.081012  0.046820  -0.083205  0.995426  0.046944  -0.042802  -0.050634  0.997800  0.003040  -0.006115  0.000213  0.000000  0.000000  0.000000  2.000000  0.999980  0.006214  0.000929  -0.006215  0.999980  0.001085  -0.000922  -0.001091  0.999999  0.999998  0.001849  0.000094  -0.001849  0.999998  -0.000201  -0.000094  0.000201  1.000000  1.000000  0.000000  0.000000  0.000000  1.000000  0.000000  0.000000  0.000000  1.000000  0.999980  0.006214  0.000929  -0.006215  0.999980  0.001085  -0.000922  -0.001091  0.999999  0.000000  0.000000  
245.118582 0.011727  0.094051  -0.008814  0.995613  0.081012  0.046820  -0.083205  0.995426  0.046944  -0.042802  -0.050634  0.997800  0.003005  -0.006104  0.000136  0.000000  0.000000  0.000000  2.000000  0.999980  0.006214  0.000929  -0.006215  0.999980  0.001085  -0.000922  -0.001091  0.999999  0.999999  0.001643  0.000083  -0.001643  0.999999  -0.000192  -0.000084  0.000192  1.000000  1.000000  0.000000  0.000000  0.000000  1.000000  0.000000  0.000000  0.000000  1.000000  0.999980  0.006214  0.000929  -0.006215  0.999980  0.001085  -0.000922  -0.001091  0.999999  0.000000  0.000000  
