1-Time 2-Px 3-Py 4-Pz 5-R11 6-R21 7-R31 8-R12 9-R22 10-R32 11-R13 12-R23 13-R33 14-Vx 15-Vy 16-Vz 17-Wx 18-Wy 19-Wz 20-state 21-PR11 22-PR21 23-PR31 24-PR12 25-PR22 26-PR32 27-PR13 28-PR23 29-PR33 
159.204429 0.011468  0.097157  -0.020221  0.996516  0.063129  -0.054501  -0.064096  0.997812  -0.016184  0.053360  0.019621  0.998383  -0.002062  0.000937  0.008492  0.117970  0.003501  0.164446  2.000000  1.000000  0.000000  0.000000  -0.000000  1.000000  0.000000  0.000000  -0.000000  1.000000  0.999992  0.003905  -0.000076  -0.003905  0.999990  0.002271  0.000085  -0.002271  0.999997  1.000000  0.000000  0.000000  0.000000  1.000000  0.000000  0.000000  0.000000  1.000000  0.651023  0.480453  0.587651  -0.508150  0.850970  -0.132789  -0.563873  -0.212166  0.798144  0.000052  0.000000  
159.205436 0.011466  0.097158  -0.020213  0.996503  0.063341  -0.054497  -0.064301  0.997801  -0.016052  0.053360  0.019500  0.998385  -0.002042  0.000932  0.008408  0.119327  0.003657  0.172733  2.000000  1.000000  0.000000  0.000000  0.000000  1.000000  0.000000  0.000000  0.000000  1.000000  0.999992  0.003905  -0.000076  -0.003905  0.999990  0.002150  0.000085  -0.002149  0.999998  1.000000  0.000000  0.000000  0.000000  1.000000  0.000000  0.000000  0.000000  1.000000  1.000000  0.000000  0.000000  0.000000  1.000000  0.000000  0.000000  0.000000  1.000000  0.000052  0.000000  
159.206686 0.011466  0.097159  -0.020203  0.996476  0.063752  -0.054503  -0.064712  0.997775  -0.016029  0.053360  0.019500  0.998385  -0.001864  0.000886  0.008391  0.115582  0.003791  0.179585  2.000000  1.000000  0.000000  0.000000  0.000000  1.000000  0.000000  0.000000  0.000000  1.000000  0.999992  0.003905  -0.000076  -0.003905  0.999990  0.002028  0.000084  -0.002028  0.999998  1.000000  0.000000  0.000000  0.000000  1.000000  0.000000  0.000000  0.000000  1.000000  1.000000  0.000000  0.000000  0.000000  1.000000  0.000000  0.000000  0.000000  1.000000  0.000053  0.000000  
159.207686 0.011467  0.097161  -0.020194  0.996456  0.063961  -0.054632  -0.064916  0.997764  -0.015888  0.053494  0.019379  0.998380  -0.001709  0.000891  0.008363  0.115970  0.008410  0.186408  2.000000  1.000000  0.000000  0.000000  0.000000  1.000000  0.000000  0.000000  0.000000  1.000000  0.999992  0.004108  -0.000213  -0.004108  0.999989  0.002040  0.000221  -0.002039  0.999998  1.000000  0.000000  0.000000  0.000000  1.000000  0.000000  0.000000  0.000000  1.000000  1.000000  0.000000  0.000000  0.000000  1.000000  0.000000  0.000000  0.000000  1.000000  0.000055  0.000000  
159.208936 0.011468  0.097161  -0.020184  0.996442  0.064173  -0.054628  -0.065121  0.997753  -0.015756  0.053494  0.019257  0.998382  -0.001447  0.000794  0.008312  0.116003  0.008390  0.186462  2.000000  1.000000  0.000000  0.000000  0.000000  1.000000  0.000000  0.000000  0.000000  1.000000  0.999992  0.004108  -0.000213  -0.004108  0.999989  0.002040  0.000221  -0.002039  0.999998  1.000000  0.000000  0.000000  0.000000  1.000000  0.000000  0.000000  0.000000  1.000000  1.000000  0.000000  0.000000  0.000000  1.000000  0.000000  0.000000  0.000000  1.000000  0.000054  0.000000  
159.209941 0.011469  0.097161  -0.020176  0.996429  0.064385  -0.054623  -0.065327  0.997742  -0.015624  0.053494  0.019136  0.998385  -0.001268  0.000689  0.008201  0.115937  0.008362  0.186357  2.000000  1.000000  0.000000  0.000000  0.000000  1.000000  0.000000  0.000000  0.000000  1.000000  0.999992  0.004108  -0.000212  -0.004108  0.999989  0.002161  0.000221  -0.002160  0.999998  1.000000  0.000000  0.000000  0.000000  1.000000  0.000000  0.000000  0.000000  1.000000  1.000000  0.000000  0.000000  0.000000  1.000000  0.000000  0.000000  0.000000  1.000000  0.000056  0.000000  
159.211189 0.011471  0.097161  -0.020167  0.996395  0.064800  -0.054755  -0.065736  0.997717  -0.015471  0.053628  0.019015  0.998380  -0.000924  0.000645  0.008113  0.112631  0.013109  0.200106  2.000000  1.000000  0.000000  0.000000  0.000000  1.000000  0.000000  0.000000  0.000000  1.000000  0.999992  0.004106  -0.000346  -0.004105  0.999989  0.002040  0.000354  -0.002039  0.999998  1.000000  0.000000  0.000000  0.000000  1.000000  0.000000  0.000000  0.000000  1.000000  1.000000  0.000000  0.000000  0.000000  1.000000  0.000000  0.000000  0.000000  1.000000  0.000055  0.000000  
159.212441 0.011474  0.097162  -0.020158  0.996361  0.065208  -0.054895  -0.066146  0.997690  -0.015440  0.053761  0.019015  0.998373  -0.000580  0.000602  0.008024  0.108935  0.017733  0.206914  2.000000  1.000000  0.000000  0.000000  0.000000  1.000000  0.000000  0.000000  0.000000  1.000000  0.999990  0.004514  -0.000487  -0.004513  0.999988  0.002063  0.000496  -0.002061  0.999998  1.000000  0.000000  0.000000  0.000000  1.000000  0.000000  0.000000  0.000000  1.000000  1.000000  0.000000  0.000000  0.000000  1.000000  0.000000  0.000000  0.000000  1.000000  0.000059  0.000000  
159.213685 0.011475  0.097162  -0.020149  0.996326  0.065623  -0.055026  -0.066556  0.997666  -0.015288  0.053895  0.018894  0.998368  -0.000298  0.000500  0.007898  0.105260  0.022334  0.213763  2.000000  1.000000  0.000000  0.000000  0.000000  1.000000  0.000000  0.000000  0.000000  1.000000  0.999990  0.004512  -0.000620  -0.004510  0.999988  0.002064  0.000629  -0.002061  0.999998  1.000000  0.000000  0.000000  0.000000  1.000000  0.000000  0.000000  0.000000  1.000000  1.000000  0.000000  0.000000  0.000000  1.000000  0.000000  0.000000  0.000000  1.000000  0.000061  0.000000  
159.214689 0.011477  0.097162  -0.020142  0.996299  0.066034  -0.055033  -0.066966  0.997638  -0.015265  0.053895  0.018894  0.998368  0.000004  0.000453  0.007780  0.101908  0.022597  0.227539  2.000000  1.000000  0.000000  0.000000  0.000000  1.000000  0.000000  0.000000  0.000000  1.000000  0.999989  0.004717  -0.000624  -0.004716  0.999987  0.001954  0.000633  -0.001951  0.999998  1.000000  0.000000  0.000000  0.000000  1.000000  0.000000  0.000000  0.000000  1.000000  1.000000  0.000000  0.000000  0.000000  1.000000  0.000000  0.000000  0.000000  1.000000  0.000063  0.000000  
159.215939 0.011480  0.097163  -0.020134  0.996250  0.066654  -0.055167  -0.067581  0.997600  -0.015101  0.054028  0.018772  0.998363  0.000367  0.000487  0.007659  0.102663  0.027341  0.241257  2.000000  1.000000  0.000000  0.000000  0.000000  1.000000  0.000000  0.000000  0.000000  1.000000  0.999988  0.004920  -0.000761  -0.004919  0.999986  0.001965  0.000771  -0.001962  0.999998  1.000000  0.000000  0.000000  0.000000  1.000000  0.000000  0.000000  0.000000  1.000000  1.000000  0.000000  0.000000  0.000000  1.000000  0.000000  0.000000  0.000000  1.000000  0.000064  0.000000  
159.216941 0.011482  0.097165  -0.020128  0.996222  0.067065  -0.055174  -0.067991  0.997572  -0.015078  0.054028  0.018772  0.998363  0.000665  0.000568  0.007489  0.098953  0.027464  0.248149  2.000000  1.000000  0.000079  0.000105  -0.000079  1.000000  0.000046  -0.000105  -0.000046  1.000000  0.999986  0.005334  -0.000635  -0.005333  0.999984  0.001866  0.000645  -0.001863  0.999998  1.000000  0.000040  0.000054  -0.000040  1.000000  0.000023  -0.000054  -0.000023  1.000000  1.000000  0.000079  0.000105  -0.000079  1.000000  0.000046  -0.000105  -0.000046  1.000000  0.000067  0.005686  
159.218188 0.011485  0.097167  -0.020120  0.996173  0.067686  -0.055308  -0.068606  0.997532  -0.014914  0.054162  0.018651  0.998358  0.001057  0.000654  0.007341  0.099721  0.032206  0.261893  2.000000  1.000000  0.000282  0.000373  -0.000282  1.000000  0.000161  -0.000373  -0.000162  1.000000  0.999984  0.005537  -0.000772  -0.005536  0.999983  0.001878  0.000782  -0.001874  0.999998  1.000000  0.000043  0.000055  -0.000043  1.000000  0.000023  -0.000055  -0.000023  1.000000  1.000000  0.000282  0.000373  -0.000282  1.000000  0.000161  -0.000373  -0.000162  1.000000  0.000071  0.005897  
159.219437 0.011488  0.097169  -0.020113  0.996116  0.068507  -0.055320  -0.069426  0.997476  -0.014868  0.054162  0.018651  0.998358  0.001451  0.000740  0.007198  0.096766  0.032604  0.282628  2.000000  1.000000  0.000504  0.000660  -0.000504  1.000000  0.000275  -0.000659  -0.000275  1.000000  0.999982  0.005948  -0.000779  -0.005947  0.999981  0.001779  0.000790  -0.001775  0.999998  1.000000  0.000046  0.000059  -0.000046  1.000000  0.000022  -0.000059  -0.000022  1.000000  1.000000  0.000504  0.000660  -0.000504  1.000000  0.000275  -0.000659  -0.000275  1.000000  0.000073  0.006257  
159.220454 0.011492  0.097171  -0.020107  0.996065  0.069120  -0.055463  -0.070041  0.997434  -0.014825  0.054296  0.018651  0.998351  0.001766  0.000874  0.007033  0.093405  0.037337  0.296199  2.000000  0.999999  0.000649  0.000845  -0.000649  1.000000  0.000339  -0.000845  -0.000339  1.000000  0.999979  0.006357  -0.000921  -0.006355  0.999978  0.001681  0.000931  -0.001675  0.999998  1.000000  0.000050  0.000063  -0.000050  1.000000  0.000021  -0.000063  -0.000021  1.000000  0.999999  0.000649  0.000845  -0.000649  1.000000  0.000339  -0.000845  -0.000339  1.000000  0.000077  0.006639  
159.221686 0.011497  0.097175  -0.020100  0.996015  0.069741  -0.055596  -0.070656  0.997393  -0.014660  0.054429  0.018530  0.998346  0.002065  0.001003  0.006776  0.093850  0.041953  0.303185  2.000000  0.999999  0.000864  0.001114  -0.000864  1.000000  0.000427  -0.001114  -0.000428  0.999999  0.999975  0.006971  -0.001065  -0.006969  0.999974  0.001716  0.001077  -0.001708  0.999998  1.000000  0.000055  0.000069  -0.000055  1.000000  0.000021  -0.000069  -0.000021  1.000000  0.999999  0.000864  0.001114  -0.000864  1.000000  0.000427  -0.001114  -0.000428  0.999999  0.000080  0.007257  
159.222686 0.011501  0.097177  -0.020095  0.995956  0.070352  -0.055872  -0.071270  0.997350  -0.014607  0.054696  0.018530  0.998331  0.002274  0.001099  0.006649  0.094660  0.051228  0.316894  2.000000  0.999998  0.001094  0.001396  -0.001095  0.999999  0.000513  -0.001395  -0.000514  0.999999  0.999974  0.007174  -0.001202  -0.007172  0.999973  0.001728  0.001215  -0.001719  0.999998  1.000000  0.000058  0.000070  -0.000058  1.000000  0.000022  -0.000070  -0.000022  1.000000  0.999998  0.001094  0.001396  -0.001095  0.999999  0.000513  -0.001395  -0.000514  0.999999  0.000083  0.007476  
159.223936 0.011505  0.097180  -0.020087  0.995890  0.071177  -0.056009  -0.072089  0.997294  -0.014430  0.054830  0.018408  0.998326  0.002484  0.001251  0.006469  0.095422  0.055951  0.330599  2.000000  0.999997  0.001409  0.001770  -0.001410  0.999999  0.000619  -0.001769  -0.000621  0.999998  0.999967  0.007991  -0.001484  -0.007989  0.999967  0.001775  0.001498  -0.001763  0.999997  1.000000  0.000066  0.000077  -0.000066  1.000000  0.000022  -0.000077  -0.000022  1.000000  0.999997  0.001409  0.001770  -0.001410  0.999999  0.000619  -0.001769  -0.000621  0.999998  0.000087  0.008318  
159.224937 0.011509  0.097182  -0.020081  0.995838  0.071791  -0.056151  -0.072704  0.997250  -0.014386  0.054964  0.018408  0.998319  0.002685  0.001384  0.006379  0.092118  0.060698  0.344334  2.000000  0.999996  0.001683  0.002085  -0.001684  0.999998  0.000703  -0.002084  -0.000706  0.999998  0.999963  0.008398  -0.001759  -0.008395  0.999963  0.001678  0.001773  -0.001663  0.999997  1.000000  0.000072  0.000080  -0.000072  1.000000  0.000021  -0.000080  -0.000021  1.000000  0.999996  0.001683  0.002085  -0.001684  0.999998  0.000703  -0.002084  -0.000706  0.999998  0.000090  0.008741  
159.225942 0.011513  0.097183  -0.020074  0.995770  0.072610  -0.056296  -0.073523  0.997191  -0.014330  0.055097  0.018408  0.998311  0.002851  0.001452  0.006286  0.089163  0.065556  0.364860  2.000000  0.999995  0.001984  0.002423  -0.001986  0.999998  0.000787  -0.002421  -0.000792  0.999997  0.999958  0.009012  -0.001904  -0.009008  0.999958  0.001713  0.001919  -0.001696  0.999997  1.000000  0.000077  0.000086  -0.000077  1.000000  0.000021  -0.000086  -0.000021  1.000000  0.999995  0.001984  0.002423  -0.001986  0.999998  0.000787  -0.002421  -0.000792  0.999997  0.000094  0.009367  
159.227192 0.011517  0.097184  -0.020067  0.995679  0.073638  -0.056568  -0.074547  0.997117  -0.014131  0.055364  0.018287  0.998299  0.002974  0.001475  0.006138  0.090739  0.070539  0.392386  2.000000  0.999993  0.002390  0.002877  -0.002393  0.999997  0.000890  -0.002875  -0.000897  0.999995  0.999950  0.009832  -0.002051  -0.009828  0.999950  0.001760  0.002068  -0.001739  0.999996  1.000000  0.000084  0.000094  -0.000084  1.000000  0.000022  -0.000094  -0.000022  1.000000  0.999993  0.002390  0.002877  -0.002393  0.999997  0.000890  -0.002875  -0.000897  0.999995  0.000100  0.010195  
159.228200 0.011521  0.097184  -0.020061  0.995626  0.074251  -0.056710  -0.075162  0.997072  -0.014086  0.055498  0.018287  0.998291  0.003127  0.001501  0.006054  0.087419  0.075254  0.405996  2.000000  0.999992  0.002562  0.003065  -0.002564  0.999996  0.000932  -0.003062  -0.000939  0.999995  0.999947  0.010035  -0.002188  -0.010031  0.999948  0.001651  0.002205  -0.001629  0.999996  1.000000  0.000086  0.000095  -0.000086  1.000000  0.000020  -0.000095  -0.000021  1.000000  0.999992  0.002562  0.003065  -0.002564  0.999996  0.000932  -0.003062  -0.000939  0.999995  0.000102  0.010401  
159.229441 0.011525  0.097184  -0.020053  0.995556  0.075070  -0.056855  -0.075981  0.997011  -0.014029  0.055632  0.018286  0.998284  0.003243  0.001503  0.005997  0.080075  0.079985  0.419844  2.000000  0.999990  0.002925  0.003470  -0.002928  0.999995  0.001014  -0.003467  -0.001024  0.999993  0.999938  0.010854  -0.002337  -0.010850  0.999940  0.001700  0.002355  -0.001674  0.999996  1.000000  0.000093  0.000103  -0.000093  1.000000  0.000021  -0.000103  -0.000021  1.000000  0.999990  0.002925  0.003470  -0.002928  0.999995  0.001014  -0.003467  -0.001024  0.999993  0.000109  0.011231  
159.230686 0.011529  0.097183  -0.020046  0.995486  0.075889  -0.056999  -0.076800  0.996949  -0.013972  0.055765  0.018286  0.998276  0.003330  0.001371  0.005921  0.077175  0.084864  0.440551  2.000000  0.999986  0.003405  0.004002  -0.003410  0.999994  0.001113  -0.003999  -0.001127  0.999991  0.999931  0.011468  -0.002481  -0.011465  0.999933  0.001614  0.002500  -0.001586  0.999996  1.000000  0.000099  0.000109  -0.000099  1.000000  0.000020  -0.000109  -0.000020  1.000000  0.999986  0.003405  0.004002  -0.003410  0.999994  0.001113  -0.003999  -0.001127  0.999991  0.000114  0.011843  
159.231686 0.011532  0.097183  -0.020042  0.995415  0.076707  -0.057144  -0.077619  0.996886  -0.013915  0.055899  0.018286  0.998269  0.003405  0.001264  0.005834  0.078338  0.089754  0.461177  2.000000  0.999983  0.003811  0.004451  -0.003817  0.999992  0.001188  -0.004446  -0.001205  0.999989  0.999924  0.012083  -0.002626  -0.012079  0.999926  0.001529  0.002644  -0.001497  0.999995  1.000000  0.000104  0.000114  -0.000104  1.000000  0.000019  -0.000114  -0.000019  1.000000  0.999983  0.003811  0.004451  -0.003817  0.999992  0.001188  -0.004446  -0.001205  0.999989  0.000119  0.012457  
159.232939 0.011537  0.097184  -0.020036  0.995319  0.077728  -0.057425  -0.078643  0.996807  -0.013835  0.056166  0.018286  0.998254  0.003519  0.001183  0.005726  0.076214  0.099365  0.495494  2.000000  0.999978  0.004340  0.005038  -0.004347  0.999990  0.001278  -0.005032  -0.001300  0.999986  0.999918  0.012494  -0.002633  -0.012490  0.999921  0.001433  0.002651  -0.001400  0.999996  1.000000  0.000107  0.000119  -0.000107  1.000000  0.000018  -0.000119  -0.000018  1.000000  0.999978  0.004340  0.005038  -0.004347  0.999990  0.001278  -0.005032  -0.001300  0.999986  0.000126  0.012847  
159.234190 0.011542  0.097185  -0.020029  0.995247  0.078547  -0.057569  -0.079462  0.996743  -0.013777  0.056299  0.018286  0.998246  0.003603  0.001132  0.005692  0.073279  0.108722  0.516067  2.000000  0.999972  0.004881  0.005642  -0.004889  0.999987  0.001365  -0.005635  -0.001392  0.999983  0.999913  0.012902  -0.002774  -0.012898  0.999916  0.001459  0.002793  -0.001424  0.999995  1.000000  0.000111  0.000122  -0.000111  1.000000  0.000018  -0.000122  -0.000018  1.000000  0.999972  0.004881  0.005642  -0.004889  0.999987  0.001365  -0.005635  -0.001392  0.999983  0.000131  0.013276  
159.235436 0.011546  0.097187  -0.020023  0.995174  0.079365  -0.057714  -0.080281  0.996678  -0.013719  0.056433  0.018286  0.998239  0.003632  0.001041  0.005620  0.069817  0.112674  0.532434  2.000000  0.999966  0.005438  0.006266  -0.005448  0.999984  0.001445  -0.006258  -0.001479  0.999979  0.999908  0.013313  -0.002781  -0.013309  0.999910  0.001363  0.002799  -0.001326  0.999995  1.000000  0.000113  0.000127  -0.000113  1.000000  0.000017  -0.000127  -0.000017  1.000000  0.999966  0.005438  0.006266  -0.005448  0.999984  0.001445  -0.006258  -0.001479  0.999979  0.000137  0.013667  
159.236436 0.011550  0.097188  -0.020018  0.995116  0.079978  -0.057855  -0.080895  0.996629  -0.013672  0.056567  0.018285  0.998231  0.003629  0.000960  0.005569  0.070817  0.118242  0.543704  2.000000  0.999961  0.005782  0.006650  -0.005792  0.999982  0.001493  -0.006641  -0.001532  0.999977  0.999904  0.013516  -0.002919  -0.013512  0.999908  0.001377  0.002937  -0.001337  0.999995  1.000000  0.000116  0.000128  -0.000116  1.000000  0.000017  -0.000128  -0.000017  1.000000  0.999961  0.005782  0.006650  -0.005792  0.999982  0.001493  -0.006641  -0.001532  0.999977  0.000139  0.013895  
159.237437 0.011554  0.097190  -0.020014  0.995059  0.080591  -0.057997  -0.081509  0.996580  -0.013625  0.056700  0.018285  0.998224  0.003607  0.000829  0.005466  0.067575  0.118469  0.557520  2.000000  0.999955  0.006249  0.007173  -0.006260  0.999979  0.001553  -0.007163  -0.001598  0.999973  0.999902  0.013722  -0.002922  -0.013718  0.999905  0.001269  0.002940  -0.001229  0.999995  1.000000  0.000117  0.000130  -0.000117  1.000000  0.000016  -0.000130  -0.000016  1.000000  0.999955  0.006249  0.007173  -0.006260  0.999979  0.001553  -0.007163  -0.001598  0.999973  0.000142  0.014085  
159.238686 0.011558  0.097191  -0.020008  0.994983  0.081416  -0.058131  -0.082327  0.996515  -0.013446  0.056834  0.018164  0.998218  0.003598  0.000715  0.005320  0.068760  0.123289  0.578187  2.000000  0.999946  0.006846  0.007839  -0.006859  0.999975  0.001630  -0.007828  -0.001684  0.999968  0.999895  0.014131  -0.003062  -0.014126  0.999899  0.001416  0.003081  -0.001372  0.999994  1.000000  0.000122  0.000134  -0.000122  1.000000  0.000017  -0.000134  -0.000017  1.000000  0.999946  0.006846  0.007839  -0.006859  0.999975  0.001630  -0.007828  -0.001684  0.999968  0.000148  0.014526  
159.239936 0.011562  0.097191  -0.020001  0.994891  0.082433  -0.058288  -0.083351  0.996429  -0.013496  0.056967  0.018285  0.998209  0.003562  0.000631  0.005296  0.061666  0.127257  0.600792  2.000000  0.999936  0.007452  0.008516  -0.007467  0.999971  0.001709  -0.008503  -0.001772  0.999962  0.999893  0.014338  -0.002931  -0.014335  0.999896  0.001306  0.002950  -0.001264  0.999995  1.000000  0.000121  0.000137  -0.000121  1.000000  0.000016  -0.000137  -0.000016  1.000000  0.999936  0.007452  0.008516  -0.007467  0.999971  0.001709  -0.008503  -0.001772  0.999962  0.000153  0.014692  
159.240937 0.011566  0.097191  -0.019995  0.994839  0.083048  -0.058296  -0.083965  0.996378  -0.013460  0.056967  0.018285  0.998209  0.003512  0.000549  0.005264  0.058524  0.123909  0.612781  2.000000  0.999927  0.007944  0.009062  -0.007960  0.999967  0.001763  -0.009048  -0.001835  0.999957  0.999893  0.014336  -0.003067  -0.014332  0.999897  0.001187  0.003084  -0.001143  0.999995  1.000000  0.000123  0.000136  -0.000123  1.000000  0.000015  -0.000136  -0.000015  1.000000  0.999927  0.007944  0.009062  -0.007960  0.999967  0.001763  -0.009048  -0.001835  0.999957  0.000156  0.014707  
159.242188 0.011569  0.097190  -0.019989  0.994762  0.083866  -0.058440  -0.084784  0.996309  -0.013400  0.057101  0.018285  0.998201  0.003443  0.000414  0.005217  0.059375  0.124171  0.626613  2.000000  0.999916  0.008550  0.009738  -0.008568  0.999962  0.001827  -0.009722  -0.001910  0.999951  0.999896  0.014132  -0.002930  -0.014129  0.999900  0.001055  0.002944  -0.001014  0.999995  1.000000  0.000120  0.000135  -0.000120  1.000000  0.000013  -0.000135  -0.000013  1.000000  0.999916  0.008550  0.009738  -0.008568  0.999962  0.001827  -0.009722  -0.001910  0.999951  0.000159  0.014470  
159.243193 0.011572  0.097189  -0.019983  0.994702  0.084479  -0.058582  -0.085397  0.996257  -0.013353  0.057235  0.018285  0.998193  0.003384  0.000334  0.005224  0.055755  0.124235  0.633393  2.000000  0.999906  0.009029  0.010277  -0.009049  0.999957  0.001874  -0.010260  -0.001966  0.999945  0.999896  0.014132  -0.002930  -0.014129  0.999900  0.001057  0.002944  -0.001016  0.999995  1.000000  0.000120  0.000135  -0.000120  1.000000  0.000013  -0.000135  -0.000013  1.000000  0.999906  0.009029  0.010277  -0.009049  0.999957  0.001874  -0.010260  -0.001966  0.999945  0.000161  0.014470  
159.244442 0.011575  0.097187  -0.019975  0.994623  0.085297  -0.058726  -0.086216  0.996188  -0.013293  0.057368  0.018285  0.998186  0.003367  0.000226  0.005213  0.056566  0.128986  0.647111  2.000000  0.999896  0.009514  0.010828  -0.009536  0.999953  0.001921  -0.010809  -0.002024  0.999940  0.999893  0.014338  -0.002933  -0.014335  0.999897  0.001071  0.002948  -0.001029  0.999995  1.000000  0.000121  0.000137  -0.000121  1.000000  0.000013  -0.000137  -0.000013  1.000000  0.999896  0.009514  0.010828  -0.009536  0.999953  0.001921  -0.010809  -0.002024  0.999940  0.000164  0.014673  
159.245687 0.011578  0.097184  -0.019967  0.994526  0.086313  -0.058883  -0.087239  0.996098  -0.013342  0.057502  0.018406  0.998176  0.003321  0.000096  0.005279  0.049282  0.129271  0.661060  2.000000  0.999882  0.010126  0.011527  -0.010149  0.999947  0.001967  -0.011507  -0.002084  0.999932  0.999887  0.014748  -0.002942  -0.014746  0.999891  0.000854  0.002954  -0.000811  0.999995  1.000000  0.000124  0.000141  -0.000124  1.000000  0.000010  -0.000141  -0.000010  1.000000  0.999882  0.010126  0.011527  -0.010149  0.999947  0.001967  -0.011507  -0.002084  0.999932  0.000167  0.015062  
159.246688 0.011581  0.097182  -0.019961  0.994465  0.086925  -0.059024  -0.087853  0.996045  -0.013294  0.057635  0.018405  0.998168  0.003242  -0.000086  0.005368  0.049713  0.133896  0.667885  2.000000  0.999871  0.010611  0.012090  -0.010636  0.999941  0.002003  -0.012068  -0.002131  0.999925  0.999891  0.014547  -0.002671  -0.014545  0.999894  0.000842  0.002683  -0.000803  0.999996  1.000000  0.000120  0.000141  -0.000120  1.000000  0.000010  -0.000141  -0.000010  1.000000  0.999871  0.010611  0.012090  -0.010636  0.999941  0.002003  -0.012068  -0.002131  0.999925  0.000169  0.014814  
159.247941 0.011585  0.097180  -0.019954  0.994384  0.087743  -0.059168  -0.088671  0.995973  -0.013233  0.057769  0.018405  0.998160  0.003184  -0.000295  0.005425  0.046104  0.133961  0.674679  2.000000  0.999855  0.011211  0.012787  -0.011238  0.999935  0.002045  -0.012764  -0.002188  0.999916  0.999894  0.014342  -0.002667  -0.014340  0.999897  0.000711  0.002677  -0.000673  0.999996  1.000000  0.000119  0.000139  -0.000119  1.000000  0.000009  -0.000139  -0.000009  1.000000  0.999855  0.011211  0.012787  -0.011238  0.999935  0.002045  -0.012764  -0.002188  0.999916  0.000170  0.014605  
159.249192 0.011588  0.097178  -0.019947  0.994311  0.088556  -0.059190  -0.089490  0.995899  -0.013305  0.057769  0.018526  0.998158  0.003138  -0.000529  0.005490  0.042023  0.133988  0.674605  2.000000  0.999840  0.011794  0.013468  -0.011823  0.999928  0.002075  -0.013443  -0.002234  0.999907  0.999903  0.013727  -0.002524  -0.013726  0.999906  0.000556  0.002532  -0.000521  0.999997  1.000000  0.000113  0.000133  -0.000113  1.000000  0.000007  -0.000133  -0.000007  1.000000  0.999840  0.011794  0.013468  -0.011823  0.999928  0.002075  -0.013443  -0.002234  0.999907  0.000172  0.013968  
159.250439 0.011592  0.097176  -0.019940  0.994229  0.089374  -0.059334  -0.090308  0.995826  -0.013244  0.057902  0.018526  0.998150  0.002994  -0.000843  0.005604  0.042177  0.133091  0.676295  2.000000  0.999824  0.012362  0.014137  -0.012393  0.999921  0.002101  -0.014110  -0.002275  0.999898  0.999903  0.013727  -0.002524  -0.013726  0.999906  0.000558  0.002532  -0.000523  0.999997  1.000000  0.000113  0.000133  -0.000113  1.000000  0.000007  -0.000133  -0.000007  1.000000  0.999824  0.012362  0.014137  -0.012393  0.999921  0.002101  -0.014110  -0.002275  0.999898  0.000173  0.013968  
159.251685 0.011595  0.097174  -0.019932  0.994147  0.090191  -0.059478  -0.091126  0.995752  -0.013183  0.058036  0.018526  0.998143  0.002927  -0.001002  0.005668  0.038590  0.133113  0.682824  2.000000  0.999810  0.012818  0.014681  -0.012850  0.999915  0.002122  -0.014653  -0.002310  0.999890  0.999900  0.013932  -0.002528  -0.013931  0.999903  0.000572  0.002536  -0.000536  0.999997  1.000000  0.000114  0.000135  -0.000114  1.000000  0.000007  -0.000135  -0.000007  1.000000  0.999810  0.012818  0.014681  -0.012850  0.999915  0.002122  -0.014653  -0.002310  0.999890  0.000174  0.014171  
159.252690 0.011597  0.097172  -0.019927  0.994071  0.091011  -0.059489  -0.091944  0.995678  -0.013134  0.058036  0.018526  0.998143  0.002791  -0.001216  0.005682  0.039001  0.125218  0.688613  2.000000  0.999796  0.013268  0.015226  -0.013302  0.999909  0.002142  -0.015196  -0.002344  0.999882  0.999900  0.013937  -0.002260  -0.013936  0.999903  0.000572  0.002268  -0.000540  0.999997  1.000000  0.000112  0.000137  -0.000112  1.000000  0.000007  -0.000137  -0.000007  1.000000  0.999796  0.013268  0.015226  -0.013302  0.999909  0.002142  -0.015196  -0.002344  0.999882  0.000176  0.014131  
159.253936 0.011600  0.097171  -0.019921  0.993988  0.091821  -0.059643  -0.092762  0.995601  -0.013194  0.058170  0.018647  0.998133  0.002688  -0.001344  0.005738  0.031074  0.124318  0.689807  2.000000  0.999778  0.013824  0.015901  -0.013861  0.999902  0.002166  -0.015870  -0.002386  0.999871  0.999900  0.013937  -0.002262  -0.013936  0.999903  0.000452  0.002268  -0.000421  0.999997  1.000000  0.000112  0.000137  -0.000112  1.000000  0.000005  -0.000137  -0.000005  1.000000  0.999778  0.013824  0.015901  -0.013861  0.999902  0.002166  -0.015870  -0.002386  0.999871  0.000175  0.014126  
159.255187 0.011601  0.097168  -0.019915  0.993911  0.092641  -0.059654  -0.093581  0.995525  -0.013145  0.058170  0.018647  0.998133  0.002548  -0.001534  0.005688  0.031122  0.119867  0.689933  2.000000  0.999759  0.014374  0.016581  -0.014412  0.999894  0.002183  -0.016548  -0.002422  0.999860  0.999901  0.013939  -0.002128  -0.013938  0.999903  0.000452  0.002134  -0.000422  0.999998  1.000000  0.000110  0.000138  -0.000110  1.000000  0.000005  -0.000138  -0.000005  1.000000  0.999759  0.014374  0.016581  -0.014412  0.999894  0.002183  -0.016548  -0.002422  0.999860  0.000175  0.014108  
159.256439 0.011602  0.097165  -0.019908  0.993826  0.093459  -0.059798  -0.094398  0.995449  -0.013083  0.058303  0.018647  0.998125  0.002346  -0.001701  0.005642  0.030876  0.115296  0.683253  2.000000  0.999740  0.014916  0.017262  -0.014956  0.999886  0.002200  -0.017227  -0.002458  0.999849  0.999903  0.013734  -0.002125  -0.013733  0.999906  0.000442  0.002130  -0.000413  0.999998  1.000000  0.000109  0.000135  -0.000109  1.000000  0.000005  -0.000135  -0.000005  1.000000  0.999740  0.014916  0.017262  -0.014956  0.999886  0.002200  -0.017227  -0.002458  0.999849  0.000174  0.013904  
159.257688 0.011603  0.097162  -0.019902  0.993728  0.094476  -0.059823  -0.095421  0.995350  -0.013142  0.058303  0.018768  0.998122  0.002186  -0.001842  0.005580  0.023314  0.111391  0.692848  2.000000  0.999719  0.015454  0.017949  -0.015496  0.999877  0.002212  -0.017912  -0.002490  0.999836  0.999901  0.013944  -0.001862  -0.013943  0.999903  0.000333  0.001867  -0.000307  0.999998  1.000000  0.000107  0.000139  -0.000107  1.000000  0.000004  -0.000139  -0.000004  1.000000  0.999719  0.015454  0.017949  -0.015496  0.999877  0.002212  -0.017912  -0.002490  0.999836  0.000175  0.014072  
159.258690 0.011604  0.097159  -0.019897  0.993669  0.095091  -0.059831  -0.096035  0.995292  -0.013105  0.058303  0.018768  0.998122  0.002025  -0.001918  0.005537  0.022904  0.106491  0.684152  2.000000  0.999703  0.015879  0.018499  -0.015922  0.999871  0.002217  -0.018462  -0.002511  0.999826  0.999904  0.013738  -0.001859  -0.013738  0.999906  0.000199  0.001861  -0.000174  0.999998  1.000000  0.000106  0.000137  -0.000106  1.000000  0.000002  -0.000137  -0.000002  1.000000  0.999703  0.015879  0.018499  -0.015922  0.999871  0.002217  -0.018462  -0.002511  0.999826  0.000173  0.013865  
159.259694 0.011604  0.097157  -0.019891  0.993590  0.095910  -0.059842  -0.096853  0.995213  -0.013056  0.058303  0.018768  0.998122  0.001885  -0.001923  0.005479  0.023111  0.102739  0.689011  2.000000  0.999690  0.016198  0.018922  -0.016242  0.999866  0.002218  -0.018883  -0.002525  0.999819  0.999898  0.014152  -0.001732  -0.014151  0.999900  0.000224  0.001735  -0.000199  0.999998  1.000000  0.000107  0.000142  -0.000107  1.000000  0.000003  -0.000142  -0.000003  1.000000  0.999690  0.016198  0.018922  -0.016242  0.999866  0.002218  -0.018883  -0.002525  0.999819  0.000175  0.014259  
159.260940 0.011605  0.097154  -0.019884  0.993502  0.096720  -0.059997  -0.097671  0.995132  -0.013114  0.058437  0.018889  0.998112  0.001723  -0.001946  0.005438  0.019361  0.102065  0.690197  2.000000  0.999667  0.016732  0.019625  -0.016779  0.999857  0.002218  -0.019585  -0.002547  0.999805  0.999901  0.013946  -0.001730  -0.013945  0.999903  0.000213  0.001733  -0.000189  0.999998  1.000000  0.000106  0.000140  -0.000106  1.000000  0.000003  -0.000140  -0.000003  1.000000  0.999667  0.016732  0.019625  -0.016779  0.999857  0.002218  -0.019585  -0.002547  0.999805  0.000174  0.014055  
159.262193 0.011605  0.097152  -0.019877  0.993413  0.097537  -0.060141  -0.098488  0.995053  -0.013052  0.058570  0.018889  0.998105  0.001509  -0.001967  0.005450  0.018870  0.098162  0.682214  2.000000  0.999644  0.017264  0.020337  -0.017312  0.999848  0.002219  -0.020295  -0.002570  0.999791  0.999899  0.014154  -0.001600  -0.014153  0.999900  0.000225  0.001603  -0.000203  0.999999  1.000000  0.000106  0.000143  -0.000106  1.000000  0.000003  -0.000143  -0.000003  1.000000  0.999644  0.017264  0.020337  -0.017312  0.999848  0.002219  -0.020295  -0.002570  0.999791  0.000173  0.014246  
159.263441 0.011607  0.097150  -0.019869  0.993311  0.098554  -0.060166  -0.099511  0.994950  -0.013110  0.058570  0.019010  0.998102  0.001353  -0.001971  0.005483  0.015236  0.093839  0.689215  2.000000  0.999620  0.017801  0.021053  -0.017851  0.999838  0.002219  -0.021011  -0.002594  0.999776  0.999896  0.014359  -0.001606  -0.014359  0.999897  0.000118  0.001607  -0.000095  0.999999  1.000000  0.000107  0.000145  -0.000107  1.000000  0.000001  -0.000145  -0.000001  1.000000  0.999620  0.017801  0.021053  -0.017851  0.999838  0.002219  -0.021011  -0.002594  0.999776  0.000174  0.014449  
159.264685 0.011607  0.097147  -0.019861  0.993200  0.099575  -0.060313  -0.100532  0.994848  -0.013035  0.058704  0.019010  0.998094  0.001179  -0.001989  0.005518  0.015991  0.093319  0.697210  2.000000  0.999595  0.018336  0.021777  -0.018389  0.999828  0.002212  -0.021733  -0.002612  0.999760  0.999896  0.014359  -0.001606  -0.014359  0.999897  0.000120  0.001607  -0.000097  0.999999  1.000000  0.000107  0.000145  -0.000107  1.000000  0.000001  -0.000145  -0.000001  1.000000  0.999595  0.018336  0.021777  -0.018389  0.999828  0.002212  -0.021733  -0.002612  0.999760  0.000176  0.014449  
159.265686 0.011608  0.097145  -0.019855  0.993138  0.100190  -0.060321  -0.101146  0.994787  -0.012998  0.058704  0.019010  0.998094  0.001054  -0.002012  0.005571  0.015793  0.089585  0.697079  2.000000  0.999574  0.018762  0.022357  -0.018816  0.999821  0.002211  -0.022312  -0.002631  0.999748  0.999899  0.014156  -0.001468  -0.014155  0.999900  0.000229  0.001471  -0.000208  0.999999  1.000000  0.000104  0.000144  -0.000104  1.000000  0.000003  -0.000144  -0.000003  1.000000  0.999574  0.018762  0.022357  -0.018816  0.999821  0.002211  -0.022312  -0.002631  0.999748  0.000175  0.014234  
159.266689 0.011609  0.097143  -0.019850  0.993047  0.100999  -0.060476  -0.101963  0.994703  -0.013055  0.058837  0.019131  0.998084  0.000885  -0.002066  0.005531  0.012186  0.089624  0.702946  2.000000  0.999553  0.019186  0.022935  -0.019241  0.999812  0.002210  -0.022889  -0.002650  0.999735  0.999896  0.014358  -0.001607  -0.014358  0.999897  0.000122  0.001609  -0.000099  0.999999  1.000000  0.000107  0.000145  -0.000107  1.000000  0.000001  -0.000145  -0.000001  1.000000  0.999553  0.019186  0.022935  -0.019241  0.999812  0.002210  -0.022889  -0.002650  0.999735  0.000175  0.014449  
159.267690 0.011610  0.097141  -0.019844  0.992962  0.101818  -0.060487  -0.102780  0.994619  -0.013005  0.058837  0.019131  0.998084  0.000802  -0.002120  0.005568  0.012234  0.085135  0.703079  2.000000  0.999536  0.019507  0.023378  -0.019563  0.999806  0.002206  -0.023330  -0.002662  0.999724  0.999893  0.014566  -0.001477  -0.014566  0.999894  0.000134  0.001479  -0.000113  0.999999  1.000000  0.000107  0.000148  -0.000107  1.000000  0.000002  -0.000148  -0.000002  1.000000  0.999536  0.019507  0.023378  -0.019563  0.999806  0.002206  -0.023330  -0.002662  0.999724  0.000177  0.014642  
159.268936 0.011610  0.097138  -0.019837  0.992827  0.103044  -0.060636  -0.104006  0.994493  -0.012917  0.058971  0.019130  0.998076  0.000720  -0.002185  0.005569  0.009377  0.084782  0.717894  2.000000  0.999508  0.020052  0.024137  -0.020111  0.999795  0.002200  -0.024088  -0.002684  0.999706  0.999887  0.014977  -0.001485  -0.014977  0.999888  0.000161  0.001487  -0.000138  0.999999  1.000000  0.000110  0.000153  -0.000110  1.000000  0.000002  -0.000153  -0.000002  1.000000  0.999508  0.020052  0.024137  -0.020111  0.999795  0.002200  -0.024088  -0.002684  0.999706  0.000181  0.015052  
159.269937 0.011611  0.097135  -0.019832  0.992741  0.103856  -0.060659  -0.104823  0.994406  -0.012987  0.058971  0.019251  0.998074  0.000689  -0.002202  0.005585  0.009103  0.080955  0.717083  2.000000  0.999483  0.020496  0.024757  -0.020556  0.999786  0.002197  -0.024707  -0.002704  0.999691  0.999884  0.015183  -0.001490  -0.015182  0.999885  0.000173  0.001493  -0.000150  0.999999  1.000000  0.000111  0.000155  -0.000111  1.000000  0.000002  -0.000155  -0.000002  1.000000  0.999483  0.020496  0.024757  -0.020556  0.999786  0.002197  -0.024707  -0.002704  0.999691  0.000180  0.015257  
159.271183 0.011611  0.097132  -0.019827  0.992611  0.105084  -0.060675  -0.106050  0.994277  -0.012912  0.058971  0.019251  0.998074  0.000608  -0.002244  0.005538  0.010272  0.076223  0.731889  2.000000  0.999452  0.021052  0.025552  -0.021115  0.999775  0.002191  -0.025500  -0.002730  0.999671  0.999877  0.015596  -0.001364  -0.015596  0.999878  0.000197  0.001367  -0.000176  0.999999  1.000000  0.000112  0.000160  -0.000112  1.000000  0.000002  -0.000160  -0.000002  1.000000  0.999452  0.021052  0.025552  -0.021115  0.999775  0.002191  -0.025500  -0.002730  0.999671  0.000184  0.015657  
159.272434 0.011612  0.097129  -0.019822  0.992471  0.106309  -0.060824  -0.107275  0.994147  -0.012823  0.059105  0.019251  0.998066  0.000594  -0.002243  0.005425  0.011516  0.081061  0.752275  2.000000  0.999419  0.021609  0.026353  -0.021674  0.999763  0.002186  -0.026299  -0.002756  0.999650  0.999874  0.015801  -0.001368  -0.015801  0.999875  0.000212  0.001371  -0.000190  0.999999  1.000000  0.000114  0.000162  -0.000114  1.000000  0.000002  -0.000162  -0.000003  1.000000  0.999419  0.021609  0.026353  -0.021674  0.999763  0.002186  -0.026299  -0.002756  0.999650  0.000187  0.015862  
159.273436 0.011612  0.097126  -0.019818  0.992382  0.107121  -0.060847  -0.108092  0.994057  -0.012893  0.059105  0.019372  0.998064  0.000562  -0.002249  0.005355  0.007184  0.077163  0.751789  2.000000  0.999392  0.022063  0.027006  -0.022130  0.999753  0.002179  -0.026951  -0.002775  0.999633  0.999871  0.016009  -0.001240  -0.016009  0.999872  0.000102  0.001241  -0.000083  0.999999  1.000000  0.000113  0.000166  -0.000113  1.000000  0.000001  -0.000166  -0.000001  1.000000  0.999392  0.022063  0.027006  -0.022130  0.999753  0.002179  -0.026951  -0.002775  0.999633  0.000189  0.016058  
159.274440 0.011612  0.097124  -0.019815  0.992271  0.108144  -0.060861  -0.109113  0.993946  -0.012831  0.059105  0.019372  0.998064  0.000571  -0.002286  0.005173  0.008373  0.072441  0.766087  2.000000  0.999363  0.022520  0.027674  -0.022589  0.999742  0.002172  -0.027618  -0.002796  0.999615  0.999868  0.016214  -0.001244  -0.016214  0.999869  0.000236  0.001247  -0.000216  0.999999  1.000000  0.000115  0.000168  -0.000115  1.000000  0.000003  -0.000168  -0.000003  1.000000  0.999363  0.022520  0.027674  -0.022589  0.999742  0.002172  -0.027618  -0.002796  0.999615  0.000192  0.016264  
159.275691 0.011613  0.097121  -0.019809  0.992127  0.109369  -0.061009  -0.110338  0.993812  -0.012741  0.059238  0.019372  0.998056  0.000579  -0.002264  0.005083  0.013028  0.073229  0.779443  2.000000  0.999333  0.022989  0.028363  -0.023060  0.999732  0.002169  -0.028305  -0.002821  0.999595  0.999858  0.016831  -0.001255  -0.016831  0.999858  0.000273  0.001259  -0.000252  0.999999  1.000000  0.000119  0.000174  -0.000119  1.000000  0.000003  -0.000174  -0.000003  1.000000  0.999333  0.022989  0.028363  -0.023060  0.999732  0.002169  -0.028305  -0.002821  0.999595  0.000194  0.016880  
159.276940 0.011614  0.097118  -0.019804  0.991990  0.110596  -0.061025  -0.111564  0.993677  -0.012666  0.059238  0.019372  0.998056  0.000620  -0.002273  0.004924  0.013773  0.068419  0.786731  2.000000  0.999294  0.023592  0.029240  -0.023666  0.999718  0.002165  -0.029181  -0.002856  0.999570  0.999854  0.017036  -0.001259  -0.017036  0.999855  0.000287  0.001264  -0.000266  0.999999  1.000000  0.000120  0.000177  -0.000120  1.000000  0.000003  -0.000177  -0.000003  1.000000  0.999294  0.023592  0.029240  -0.023666  0.999718  0.002165  -0.029181  -0.002856  0.999570  0.000196  0.017086  
159.277941 0.011616  0.097116  -0.019800  0.991898  0.111415  -0.061035  -0.112380  0.993585  -0.012615  0.059238  0.019372  0.998056  0.000651  -0.002290  0.004782  0.013941  0.064490  0.793328  2.000000  0.999261  0.024077  0.029955  -0.024153  0.999706  0.002166  -0.029894  -0.002887  0.999549  0.999851  0.017242  -0.001263  -0.017241  0.999851  0.000421  0.001270  -0.000399  0.999999  1.000000  0.000121  0.000179  -0.000121  1.000000  0.000005  -0.000179  -0.000005  1.000000  0.999261  0.024077  0.029955  -0.024153  0.999706  0.002166  -0.029894  -0.002887  0.999549  0.000199  0.017294  
159.279191 0.011618  0.097114  -0.019795  0.991750  0.112639  -0.061183  -0.113605  0.993447  -0.012525  0.059372  0.019372  0.998048  0.000710  -0.002292  0.004563  0.019128  0.068855  0.807251  2.000000  0.999219  0.024696  0.030856  -0.024774  0.999691  0.002170  -0.030793  -0.002933  0.999521  0.999843  0.017650  -0.001404  -0.017649  0.999844  0.000448  0.001412  -0.000423  0.999999  1.000000  0.000126  0.000182  -0.000126  1.000000  0.000005  -0.000182  -0.000005  1.000000  0.999219  0.024696  0.030856  -0.024774  0.999691  0.002170  -0.030793  -0.002933  0.999521  0.000203  0.017712  
