1-Time 2-Px 3-Py 4-Pz 5-R11 6-R21 7-R31 8-R12 9-R22 10-R32 11-R13 12-R23 13-R33 14-Vx 15-Vy 16-Vz 17-Wx 18-Wy 19-Wz 20-state 21-PR11 22-PR21 23-PR31 24-PR12 25-PR22 26-PR32 27-PR13 28-PR23 29-PR33 
116.240860 0.001297  0.086864  -0.011184  0.996491  0.057095  0.061211  -0.064713  0.061641  0.995998  0.053093  -0.996464  0.065120  0.000253  0.000857  0.001066  0.027141  -0.281724  0.140164  2.000000  1.000000  0.000000  0.000000  0.000000  -0.000000  1.000000  0.000000  -1.000000  -0.000000  0.999978  0.002938  0.005989  -0.002941  0.999996  0.000553  -0.005988  -0.000571  0.999982  1.000000  0.000037  0.000075  -0.000037  1.000000  0.000007  -0.000075  -0.000007  1.000000  0.436783  0.618704  0.653013  -0.758574  -0.136854  0.637053  0.483514  -0.773613  0.409557  0.000079  0.006695  
116.241869 0.001298  0.086865  -0.011183  0.996457  0.057253  0.061612  -0.065122  0.061609  0.995974  0.053227  -0.996457  0.065119  0.000301  0.000891  0.001066  0.027524  -0.288492  0.140555  2.000000  1.000000  0.000147  0.000302  -0.000302  -0.000028  1.000000  0.000147  -1.000000  -0.000028  0.999976  0.002951  0.006195  -0.002955  0.999995  0.000564  -0.006193  -0.000582  0.999981  1.000000  0.000037  0.000077  -0.000037  1.000000  0.000007  -0.000077  -0.000007  1.000000  1.000000  0.000147  0.000302  -0.000302  -0.000028  1.000000  0.000147  -1.000000  -0.000028  0.000081  0.006886  
116.242884 0.001298  0.086863  -0.011183  0.996409  0.057424  0.062219  -0.065737  0.061565  0.995936  0.053360  -0.996450  0.065119  0.000280  0.000740  0.001031  0.028262  -0.302120  0.141384  2.000000  1.000000  0.000296  0.000612  -0.000612  -0.000057  1.000000  0.000296  -1.000000  -0.000057  0.999976  0.002951  0.006194  -0.002955  0.999995  0.000565  -0.006193  -0.000583  0.999981  1.000000  0.000037  0.000077  -0.000037  1.000000  0.000007  -0.000077  -0.000007  1.000000  1.000000  0.000296  0.000612  -0.000612  -0.000057  1.000000  0.000296  -1.000000  -0.000057  0.000082  0.006886  
116.244115 0.001297  0.086860  -0.011182  0.996355  0.057475  0.063039  -0.066558  0.061517  0.995884  0.053360  -0.996450  0.065119  0.000207  0.000414  0.000943  0.029017  -0.316419  0.137901  2.000000  0.999999  0.000449  0.000949  -0.000949  -0.000087  1.000000  0.000449  -1.000000  -0.000087  0.999971  0.003005  0.007015  -0.003009  0.999995  0.000607  -0.007013  -0.000628  0.999975  1.000000  0.000038  0.000088  -0.000038  1.000000  0.000008  -0.000088  -0.000008  1.000000  0.999999  0.000449  0.000949  -0.000949  -0.000087  1.000000  0.000449  -1.000000  -0.000087  0.000087  0.007657  
116.245118 0.001297  0.086857  -0.011182  0.996300  0.057525  0.063859  -0.067378  0.061470  0.995832  0.053360  -0.996450  0.065119  0.000169  0.000189  0.000909  0.030082  -0.337032  0.139227  2.000000  0.999999  0.000597  0.001308  -0.001308  -0.000117  0.999999  0.000597  -1.000000  -0.000117  0.999968  0.002898  0.007434  -0.002902  0.999996  0.000508  -0.007433  -0.000529  0.999972  1.000000  0.000036  0.000093  -0.000036  1.000000  0.000006  -0.000093  -0.000006  1.000000  0.999999  0.000597  0.001308  -0.001308  -0.000117  0.999999  0.000597  -1.000000  -0.000117  0.000090  0.007996  
116.246374 0.001297  0.086853  -0.011181  0.996258  0.057563  0.064474  -0.067994  0.061435  0.995792  0.053360  -0.996450  0.065119  0.000135  -0.000137  0.000849  0.026382  -0.344160  0.135146  2.000000  0.999998  0.000773  0.001781  -0.001780  -0.000150  0.999998  0.000774  -1.000000  -0.000149  0.999967  0.002778  0.007648  -0.002782  0.999996  0.000519  -0.007646  -0.000540  0.999971  1.000000  0.000035  0.000096  -0.000035  1.000000  0.000007  -0.000096  -0.000007  1.000000  0.999998  0.000773  0.001781  -0.001780  -0.000150  0.999998  0.000774  -1.000000  -0.000149  0.000093  0.008154  
116.247646 0.001296  0.086849  -0.011181  0.996208  0.057726  0.065087  -0.068608  0.061269  0.995761  0.053494  -0.996451  0.064997  0.000115  -0.000512  0.000808  0.031206  -0.357775  0.135960  2.000000  0.999997  0.000948  0.002276  -0.002276  -0.000185  0.999997  0.000949  -1.000000  -0.000183  0.999964  0.002804  0.008058  -0.002809  0.999996  0.000541  -0.008057  -0.000564  0.999967  1.000000  0.000035  0.000101  -0.000035  1.000000  0.000007  -0.000101  -0.000007  1.000000  0.999997  0.000948  0.002276  -0.002276  -0.000185  0.999997  0.000949  -1.000000  -0.000183  0.000096  0.008550  
116.248865 0.001296  0.086844  -0.011180  0.996123  0.058056  0.066095  -0.069633  0.061191  0.995694  0.053761  -0.996436  0.064996  0.000064  -0.000899  0.000738  0.032384  -0.378442  0.141906  2.000000  0.999996  0.001090  0.002697  -0.002697  -0.000220  0.999996  0.001090  -0.999999  -0.000217  0.999958  0.002977  0.008665  -0.002983  0.999995  0.000695  -0.008663  -0.000721  0.999962  1.000000  0.000037  0.000108  -0.000037  1.000000  0.000009  -0.000108  -0.000009  1.000000  0.999996  0.001090  0.002697  -0.002697  -0.000220  0.999996  0.001090  -0.999999  -0.000217  0.000100  0.009190  
116.249877 0.001297  0.086841  -0.011180  0.996051  0.058372  0.066898  -0.070452  0.061124  0.995641  0.054028  -0.996422  0.064995  0.000062  -0.001215  0.000709  0.033532  -0.398671  0.147688  2.000000  0.999994  0.001239  0.003143  -0.003143  -0.000257  0.999995  0.001240  -0.999999  -0.000253  0.999954  0.003003  0.009076  -0.003010  0.999995  0.000717  -0.009073  -0.000744  0.999959  1.000000  0.000038  0.000113  -0.000038  1.000000  0.000009  -0.000113  -0.000009  1.000000  0.999994  0.001239  0.003143  -0.003143  -0.000257  0.999995  0.001240  -0.999999  -0.000253  0.000105  0.009588  
116.251119 0.001297  0.086837  -0.011180  0.995956  0.058580  0.068119  -0.071682  0.061043  0.995558  0.054162  -0.996415  0.064995  0.000123  -0.001525  0.000626  0.035044  -0.426338  0.149527  2.000000  0.999992  0.001436  0.003749  -0.003748  -0.000305  0.999993  0.001437  -0.999999  -0.000300  0.999946  0.003190  0.009887  -0.003197  0.999995  0.000760  -0.009885  -0.000792  0.999951  1.000000  0.000040  0.000124  -0.000040  1.000000  0.000010  -0.000124  -0.000010  1.000000  0.999992  0.001436  0.003749  -0.003748  -0.000305  0.999993  0.001437  -0.999999  -0.000300  0.000113  0.010418  
116.252369 0.001297  0.086833  -0.011181  0.995874  0.058776  0.069135  -0.072706  0.060973  0.995488  0.054296  -0.996407  0.064994  0.000051  -0.001908  0.000457  0.036555  -0.453912  0.151332  2.000000  0.999989  0.001636  0.004395  -0.004394  -0.000356  0.999990  0.001637  -0.999999  -0.000349  0.999940  0.003230  0.010503  -0.003238  0.999994  0.000793  -0.010500  -0.000827  0.999945  1.000000  0.000040  0.000131  -0.000040  1.000000  0.000010  -0.000131  -0.000010  1.000000  0.999989  0.001636  0.004395  -0.004394  -0.000356  0.999990  0.001637  -0.999999  -0.000349  0.000118  0.011018  
116.253614 0.001297  0.086828  -0.011181  0.995784  0.058843  0.070371  -0.073937  0.060779  0.995409  0.054296  -0.996415  0.064874  0.000005  -0.002288  0.000353  0.042121  -0.481854  0.148641  2.000000  0.999985  0.001830  0.005090  -0.005090  -0.000410  0.999987  0.001832  -0.999998  -0.000400  0.999931  0.003016  0.011341  -0.003025  0.999995  0.000838  -0.011338  -0.000873  0.999935  1.000000  0.000038  0.000142  -0.000038  1.000000  0.000011  -0.000142  -0.000011  1.000000  0.999985  0.001830  0.005090  -0.005090  -0.000410  0.999987  0.001832  -0.999998  -0.000400  0.000125  0.011766  
116.254618 0.001296  0.086824  -0.011181  0.995692  0.058927  0.071594  -0.075166  0.060827  0.995314  0.054296  -0.996407  0.064994  -0.000054  -0.002663  0.000284  0.035820  -0.516590  0.146399  2.000000  0.999982  0.001981  0.005686  -0.005685  -0.000461  0.999984  0.001984  -0.999998  -0.000449  0.999922  0.002934  0.012170  -0.002946  0.999995  0.001003  -0.012167  -0.001039  0.999925  1.000000  0.000037  0.000152  -0.000037  1.000000  0.000013  -0.000152  -0.000013  1.000000  0.999982  0.001981  0.005686  -0.005685  -0.000461  0.999984  0.001984  -0.999998  -0.000449  0.000131  0.012561  
116.255865 0.001296  0.086817  -0.011181  0.995582  0.059014  0.073028  -0.076601  0.060742  0.995210  0.054296  -0.996407  0.064994  -0.000133  -0.003197  0.000181  0.037378  -0.546962  0.143018  2.000000  0.999977  0.002162  0.006488  -0.006487  -0.000513  0.999979  0.002165  -0.999998  -0.000499  0.999906  0.002881  0.013409  -0.002892  0.999995  0.000826  -0.013407  -0.000865  0.999910  1.000000  0.000036  0.000168  -0.000036  1.000000  0.000011  -0.000168  -0.000011  1.000000  0.999977  0.002162  0.006488  -0.006487  -0.000513  0.999979  0.002165  -0.999998  -0.000499  0.000141  0.013742  
116.257116 0.001294  0.086810  -0.011180  0.995471  0.059102  0.074462  -0.078036  0.060657  0.995104  0.054296  -0.996407  0.064994  -0.000233  -0.003634  0.000184  0.039541  -0.586117  0.141932  2.000000  0.999972  0.002303  0.007184  -0.007183  -0.000557  0.999974  0.002307  -0.999997  -0.000541  0.999895  0.002800  0.014239  -0.002813  0.999996  0.000870  -0.014236  -0.000910  0.999898  1.000000  0.000035  0.000178  -0.000035  1.000000  0.000011  -0.000178  -0.000011  1.000000  0.999972  0.002303  0.007184  -0.007183  -0.000557  0.999974  0.002307  -0.999997  -0.000541  0.000149  0.014539  
116.258363 0.001293  0.086803  -0.011179  0.995374  0.059186  0.075684  -0.079266  0.060705  0.995003  0.054296  -0.996400  0.065115  -0.000300  -0.003885  0.000228  0.037033  -0.615897  0.138617  2.000000  0.999964  0.002473  0.008108  -0.008107  -0.000610  0.999967  0.002478  -0.999997  -0.000590  0.999883  0.002721  0.015067  -0.002734  0.999996  0.000793  -0.015065  -0.000834  0.999886  1.000000  0.000034  0.000188  -0.000034  1.000000  0.000010  -0.000188  -0.000010  1.000000  0.999964  0.002473  0.008108  -0.008107  -0.000610  0.999967  0.002478  -0.999997  -0.000590  0.000155  0.015333  
116.259365 0.001292  0.086797  -0.011178  0.995308  0.059236  0.076503  -0.080085  0.060656  0.994941  0.054296  -0.996400  0.065115  -0.000335  -0.004095  0.000328  0.038109  -0.635000  0.136162  2.000000  0.999957  0.002604  0.008885  -0.008883  -0.000653  0.999960  0.002610  -0.999996  -0.000630  0.999873  0.002628  0.015691  -0.002641  0.999996  0.000827  -0.015689  -0.000869  0.999877  1.000000  0.000033  0.000196  -0.000033  1.000000  0.000011  -0.000196  -0.000011  1.000000  0.999957  0.002604  0.008885  -0.008883  -0.000653  0.999960  0.002610  -0.999996  -0.000630  0.000161  0.015933  
116.260366 0.001291  0.086791  -0.011177  0.995225  0.059307  0.077520  -0.081110  0.060716  0.994854  0.054296  -0.996392  0.065236  -0.000404  -0.004342  0.000276  0.035176  -0.655981  0.133071  2.000000  0.999949  0.002731  0.009693  -0.009691  -0.000695  0.999953  0.002737  -0.999996  -0.000669  0.999860  0.002549  0.016520  -0.002562  0.999996  0.000751  -0.016518  -0.000793  0.999863  1.000000  0.000032  0.000207  -0.000032  1.000000  0.000010  -0.000207  -0.000010  1.000000  0.999949  0.002731  0.009693  -0.009691  -0.000695  0.999953  0.002737  -0.999996  -0.000669  0.000168  0.016734  
116.261380 0.001290  0.086785  -0.011177  0.995124  0.059382  0.078749  -0.082339  0.060642  0.994758  0.054296  -0.996392  0.065236  -0.000392  -0.004561  0.000274  0.037038  -0.690431  0.130781  2.000000  0.999940  0.002852  0.010538  -0.010536  -0.000736  0.999944  0.002860  -0.999996  -0.000706  0.999850  0.002455  0.017144  -0.002469  0.999997  0.000785  -0.017142  -0.000827  0.999853  1.000000  0.000031  0.000214  -0.000031  1.000000  0.000010  -0.000214  -0.000010  1.000000  0.999940  0.002852  0.010538  -0.010536  -0.000736  0.999944  0.002860  -0.999996  -0.000706  0.000173  0.017339  
116.262615 0.001290  0.086777  -0.011177  0.994997  0.059612  0.080167  -0.083772  0.060666  0.994637  0.054429  -0.996376  0.065357  -0.000389  -0.004796  0.000231  0.034908  -0.725141  0.133130  2.000000  0.999930  0.002976  0.011441  -0.011439  -0.000777  0.999934  0.002985  -0.999995  -0.000743  0.999828  0.002537  0.018375  -0.002551  0.999996  0.000730  -0.018373  -0.000777  0.999831  1.000000  0.000032  0.000230  -0.000032  1.000000  0.000009  -0.000230  -0.000009  1.000000  0.999930  0.002976  0.011441  -0.011439  -0.000777  0.999934  0.002985  -0.999995  -0.000743  0.000183  0.018565  
116.263620 0.001291  0.086771  -0.011178  0.994893  0.059687  0.081395  -0.085001  0.060592  0.994537  0.054429  -0.996376  0.065357  -0.000358  -0.004939  0.000189  0.036436  -0.753129  0.130471  2.000000  0.999919  0.003098  0.012383  -0.012381  -0.000818  0.999923  0.003108  -0.999995  -0.000779  0.999813  0.002456  0.019204  -0.002472  0.999997  0.000775  -0.019202  -0.000823  0.999815  1.000000  0.000031  0.000240  -0.000031  1.000000  0.000010  -0.000240  -0.000010  1.000000  0.999919  0.003098  0.012383  -0.012381  -0.000818  0.999923  0.003108  -0.999995  -0.000779  0.000191  0.019378  
116.264867 0.001293  0.086765  -0.011178  0.994777  0.059642  0.082837  -0.086436  0.060518  0.994418  0.054296  -0.996384  0.065357  -0.000222  -0.005082  0.000090  0.034246  -0.788303  0.119192  2.000000  0.999906  0.003210  0.013355  -0.013352  -0.000859  0.999910  0.003221  -0.999994  -0.000817  0.999805  0.002216  0.019631  -0.002232  0.999997  0.000799  -0.019629  -0.000843  0.999807  1.000000  0.000028  0.000245  -0.000028  1.000000  0.000010  -0.000245  -0.000010  1.000000  0.999906  0.003210  0.013355  -0.013352  -0.000859  0.999910  0.003221  -0.999994  -0.000817  0.000198  0.019774  
116.265871 0.001295  0.086759  -0.011180  0.994669  0.059727  0.084058  -0.087664  0.060565  0.994307  0.054296  -0.996376  0.065478  -0.000197  -0.005274  -0.000006  0.031696  -0.816066  0.116547  2.000000  0.999891  0.003321  0.014352  -0.014349  -0.000901  0.999897  0.003334  -0.999994  -0.000854  0.999797  0.002245  0.020041  -0.002259  0.999997  0.000700  -0.020040  -0.000745  0.999799  1.000000  0.000028  0.000251  -0.000028  1.000000  0.000009  -0.000251  -0.000009  1.000000  0.999891  0.003321  0.014352  -0.014349  -0.000901  0.999897  0.003334  -0.999994  -0.000854  0.000205  0.020181  
116.267119 0.001297  0.086752  -0.011181  0.994560  0.059801  0.085286  -0.088893  0.060491  0.994203  0.054296  -0.996376  0.065478  0.000035  -0.005467  -0.000031  0.033231  -0.843969  0.113874  2.000000  0.999872  0.003463  0.015635  -0.015632  -0.000950  0.999877  0.003478  -0.999994  -0.000896  0.999780  0.002298  0.020862  -0.002314  0.999997  0.000742  -0.020860  -0.000790  0.999782  1.000000  0.000029  0.000261  -0.000029  1.000000  0.000010  -0.000261  -0.000010  1.000000  0.999872  0.003463  0.015635  -0.015632  -0.000950  0.999877  0.003478  -0.999994  -0.000896  0.000213  0.021003  
116.268119 0.001300  0.086746  -0.011182  0.994450  0.059876  0.086514  -0.090121  0.060417  0.994097  0.054296  -0.996376  0.065478  0.000221  -0.005631  -0.000094  0.035137  -0.878699  0.111643  2.000000  0.999854  0.003574  0.016694  -0.016690  -0.000991  0.999860  0.003590  -0.999993  -0.000932  0.999767  0.002204  0.021486  -0.002221  0.999997  0.000777  -0.021484  -0.000825  0.999769  1.000000  0.000028  0.000269  -0.000028  1.000000  0.000010  -0.000269  -0.000010  1.000000  0.999854  0.003574  0.016694  -0.016690  -0.000991  0.999860  0.003590  -0.999993  -0.000932  0.000220  0.021615  
116.269120 0.001302  0.086739  -0.011184  0.994338  0.059961  0.087735  -0.091350  0.060464  0.993982  0.054296  -0.996368  0.065599  0.000367  -0.005798  -0.000185  0.032603  -0.906553  0.109019  2.000000  0.999835  0.003681  0.017776  -0.017772  -0.001026  0.999842  0.003699  -0.999993  -0.000961  0.999762  0.002086  0.021699  -0.002099  0.999998  0.000548  -0.021698  -0.000594  0.999764  1.000000  0.000026  0.000271  -0.000026  1.000000  0.000007  -0.000271  -0.000007  1.000000  0.999835  0.003681  0.017776  -0.017772  -0.001026  0.999842  0.003699  -0.999993  -0.000961  0.000225  0.021808  
116.270366 0.001305  0.086731  -0.011184  0.994205  0.060048  0.089167  -0.092782  0.060377  0.993854  0.054296  -0.996368  0.065599  0.000592  -0.005968  -0.000220  0.034523  -0.941416  0.106806  2.000000  0.999809  0.003799  0.019156  -0.019152  -0.001065  0.999816  0.003819  -0.999992  -0.000992  0.999749  0.001859  0.022332  -0.001872  0.999998  0.000587  -0.022330  -0.000628  0.999750  1.000000  0.000023  0.000279  -0.000023  1.000000  0.000008  -0.000279  -0.000008  1.000000  0.999809  0.003799  0.019156  -0.019152  -0.001065  0.999816  0.003819  -0.999992  -0.000992  0.000235  0.022419  
116.271615 0.001307  0.086722  -0.011185  0.994070  0.060146  0.090592  -0.094215  0.060411  0.993717  0.054296  -0.996360  0.065720  0.000793  -0.006092  -0.000294  0.032108  -0.968344  0.103800  2.000000  0.999787  0.003883  0.020281  -0.020277  -0.001098  0.999794  0.003904  -0.999992  -0.001019  0.999744  0.001605  0.022554  -0.001619  0.999999  0.000603  -0.022553  -0.000640  0.999745  1.000000  0.000020  0.000282  -0.000020  1.000000  0.000008  -0.000282  -0.000008  1.000000  0.999787  0.003883  0.020281  -0.020277  -0.001098  0.999794  0.003904  -0.999992  -0.001019  0.000242  0.022621  
116.272615 0.001309  0.086714  -0.011187  0.993953  0.060221  0.091819  -0.095443  0.060337  0.993605  0.054296  -0.996360  0.065720  0.001023  -0.006221  -0.000499  0.033656  -0.996193  0.101167  2.000000  0.999763  0.003962  0.021424  -0.021420  -0.001125  0.999770  0.003985  -0.999992  -0.001040  0.999735  0.001501  0.022973  -0.001513  0.999999  0.000507  -0.022972  -0.000541  0.999736  1.000000  0.000019  0.000287  -0.000019  1.000000  0.000007  -0.000287  -0.000007  1.000000  0.999763  0.003962  0.021424  -0.021420  -0.001125  0.999770  0.003985  -0.999992  -0.001040  0.000247  0.023030  
116.273618 0.001311  0.086707  -0.011188  0.993854  0.060283  0.092842  -0.096466  0.060275  0.993510  0.054296  -0.996360  0.065720  0.001262  -0.006323  -0.000670  0.033996  -1.004536  0.097497  2.000000  0.999737  0.004037  0.022583  -0.022578  -0.001154  0.999744  0.004062  -0.999991  -0.001062  0.999730  0.001514  0.023178  -0.001526  0.999999  0.000518  -0.023177  -0.000553  0.999731  1.000000  0.000019  0.000290  -0.000019  1.000000  0.000007  -0.000290  -0.000007  1.000000  0.999737  0.004037  0.022583  -0.022578  -0.001154  0.999744  0.004062  -0.999991  -0.001062  0.000252  0.023235  
116.274867 0.001314  0.086698  -0.011190  0.993714  0.060381  0.094267  -0.097898  0.060308  0.993367  0.054296  -0.996352  0.065840  0.001488  -0.006449  -0.000842  0.031152  -1.023662  0.098557  2.000000  0.999703  0.004132  0.024036  -0.024032  -0.001182  0.999710  0.004159  -0.999991  -0.001083  0.999730  0.001517  0.023177  -0.001524  0.999999  0.000275  -0.023177  -0.000310  0.999731  1.000000  0.000019  0.000290  -0.000019  1.000000  0.000004  -0.000290  -0.000004  1.000000  0.999703  0.004132  0.024036  -0.024032  -0.001182  0.999710  0.004159  -0.999991  -0.001083  0.000256  0.023231  
116.275868 0.001317  0.086691  -0.011192  0.993613  0.060443  0.095289  -0.098921  0.060246  0.993270  0.054296  -0.996352  0.065840  0.001771  -0.006465  -0.001048  0.031894  -1.037428  0.099465  2.000000  0.999674  0.004208  0.025200  -0.025195  -0.001202  0.999682  0.004237  -0.999990  -0.001096  0.999730  0.001517  0.023177  -0.001526  0.999999  0.000396  -0.023177  -0.000432  0.999731  1.000000  0.000019  0.000290  -0.000019  1.000000  0.000005  -0.000290  -0.000005  1.000000  0.999674  0.004208  0.025200  -0.025195  -0.001202  0.999682  0.004237  -0.999990  -0.001096  0.000259  0.023233  
116.277113 0.001320  0.086683  -0.011194  0.993490  0.060529  0.096508  -0.100148  0.060292  0.993144  0.054296  -0.996344  0.065961  0.001973  -0.006483  -0.001154  0.029031  -1.058272  0.096430  2.000000  0.999636  0.004302  0.026638  -0.026633  -0.001224  0.999645  0.004333  -0.999990  -0.001109  0.999740  0.001493  0.022767  -0.001499  0.999999  0.000253  -0.022767  -0.000287  0.999741  1.000000  0.000019  0.000285  -0.000019  1.000000  0.000003  -0.000285  -0.000003  1.000000  0.999636  0.004302  0.026638  -0.026633  -0.001224  0.999645  0.004333  -0.999990  -0.001109  0.000266  0.022820  
116.278120 0.001323  0.086677  -0.011196  0.993386  0.060603  0.097523  -0.101171  0.060350  0.993037  0.054296  -0.996336  0.066082  0.002180  -0.006462  -0.001295  0.021753  -1.072082  0.092865  2.000000  0.999605  0.004376  0.027774  -0.027769  -0.001239  0.999614  0.004409  -0.999990  -0.001117  0.999740  0.001496  0.022767  -0.001502  0.999999  0.000253  -0.022767  -0.000287  0.999741  1.000000  0.000019  0.000285  -0.000019  1.000000  0.000003  -0.000285  -0.000003  1.000000  0.999605  0.004376  0.027774  -0.027769  -0.001239  0.999614  0.004409  -0.999990  -0.001117  0.000269  0.022820  
116.279370 0.001327  0.086670  -0.011199  0.993240  0.060702  0.098947  -0.102602  0.060383  0.992888  0.054296  -0.996328  0.066203  0.002352  -0.006457  -0.001398  0.018375  -1.088377  0.085175  2.000000  0.999572  0.004452  0.028925  -0.028919  -0.001256  0.999581  0.004486  -0.999989  -0.001126  0.999735  0.001509  0.022972  -0.001516  0.999999  0.000264  -0.022972  -0.000299  0.999736  1.000000  0.000019  0.000287  -0.000019  1.000000  0.000004  -0.000287  -0.000004  1.000000  0.999572  0.004452  0.028925  -0.028919  -0.001256  0.999581  0.004486  -0.999989  -0.001126  0.000271  0.023025  
116.280622 0.001332  0.086664  -0.011201  0.993112  0.060777  0.100173  -0.103829  0.060308  0.992765  0.054296  -0.996328  0.066203  0.002545  -0.006426  -0.001446  0.018519  -1.088843  0.076193  2.000000  0.999528  0.004547  0.030378  -0.030372  -0.001269  0.999538  0.004584  -0.999989  -0.001131  0.999725  0.001539  0.023382  -0.001543  0.999999  0.000165  -0.023382  -0.000201  0.999727  1.000000  0.000019  0.000292  -0.000019  1.000000  0.000002  -0.000292  -0.000002  1.000000  0.999528  0.004547  0.030378  -0.030372  -0.001269  0.999538  0.004584  -0.999989  -0.001131  0.000272  0.023435  
116.281874 0.001337  0.086658  -0.011203  0.992961  0.060876  0.101597  -0.105260  0.060341  0.992612  0.054296  -0.996320  0.066324  0.002657  -0.006335  -0.001470  0.015267  -1.102872  0.072678  2.000000  0.999483  0.004642  0.031828  -0.031823  -0.001286  0.999493  0.004681  -0.999988  -0.001138  0.999730  0.001528  0.023177  -0.001532  0.999999  0.000154  -0.023176  -0.000189  0.999731  1.000000  0.000019  0.000290  -0.000019  1.000000  0.000002  -0.000290  -0.000002  1.000000  0.999483  0.004642  0.031828  -0.031823  -0.001286  0.999493  0.004681  -0.999988  -0.001138  0.000275  0.023230  
116.283117 0.001340  0.086652  -0.011205  0.992831  0.060963  0.102815  -0.106487  0.060386  0.992479  0.054296  -0.996312  0.066445  0.002721  -0.006221  -0.001505  0.011474  -1.100875  0.072613  2.000000  0.999435  0.004732  0.033261  -0.033255  -0.001299  0.999446  0.004772  -0.999988  -0.001141  0.999740  0.001371  0.022775  -0.001374  0.999999  0.000135  -0.022775  -0.000166  0.999741  1.000000  0.000017  0.000285  -0.000017  1.000000  0.000002  -0.000285  -0.000002  1.000000  0.999435  0.004732  0.033261  -0.033255  -0.001299  0.999446  0.004772  -0.999988  -0.001141  0.000276  0.022819  
116.284368 0.001344  0.086646  -0.011207  0.992691  0.061182  0.104025  -0.107712  0.060417  0.992345  0.054429  -0.996296  0.066565  0.002755  -0.006134  -0.001586  0.006815  -1.095979  0.076864  2.000000  0.999387  0.004820  0.034674  -0.034668  -0.001306  0.999398  0.004862  -0.999988  -0.001139  0.999744  0.001493  0.022561  -0.001494  0.999999  0.000003  -0.022561  -0.000037  0.999745  1.000000  0.000019  0.000282  -0.000019  1.000000  0.000000  -0.000282  -0.000000  1.000000  0.999387  0.004820  0.034674  -0.034668  -0.001306  0.999398  0.004862  -0.999988  -0.001139  0.000276  0.022612  
116.285620 0.001347  0.086639  -0.011211  0.992557  0.061270  0.105243  -0.108938  0.060461  0.992208  0.054429  -0.996288  0.066686  0.002834  -0.005976  -0.001769  0.002362  -1.088886  0.076461  2.000000  0.999338  0.004920  0.036054  -0.036048  -0.001305  0.999349  0.004964  -0.999987  -0.001127  0.999754  0.001603  0.022142  -0.001600  0.999999  -0.000143  -0.022142  0.000108  0.999755  1.000000  0.000020  0.000277  -0.000020  1.000000  -0.000002  -0.000277  0.000002  1.000000  0.999338  0.004920  0.036054  -0.036048  -0.001305  0.999349  0.004964  -0.999987  -0.001127  0.000274  0.022202  
116.286864 0.001350  0.086631  -0.011215  0.992422  0.061370  0.106454  -0.110164  0.060626  0.992063  0.054429  -0.996272  0.066928  0.002861  -0.005902  -0.001952  -0.006168  -1.082227  0.076154  2.000000  0.999287  0.005019  0.037419  -0.037413  -0.001298  0.999299  0.005065  -0.999987  -0.001110  0.999758  0.001595  0.021936  -0.001589  0.999999  -0.000275  -0.021937  0.000241  0.999759  1.000000  0.000020  0.000274  -0.000020  1.000000  -0.000003  -0.000274  0.000003  1.000000  0.999287  0.005019  0.037419  -0.037413  -0.001298  0.999299  0.005065  -0.999987  -0.001110  0.000273  0.021998  
116.287868 0.001353  0.086626  -0.011218  0.992338  0.061301  0.107272  -0.110982  0.060711  0.991966  0.054296  -0.996271  0.067049  0.002892  -0.005768  -0.002086  -0.005816  -1.080361  0.071655  2.000000  0.999256  0.005076  0.038239  -0.038233  -0.001289  0.999268  0.005122  -0.999986  -0.001094  0.999758  0.001464  0.021945  -0.001455  0.999999  -0.000397  -0.021946  0.000365  0.999759  1.000000  0.000018  0.000274  -0.000018  1.000000  -0.000005  -0.000274  0.000005  1.000000  0.999256  0.005076  0.038239  -0.038233  -0.001289  0.999268  0.005122  -0.999986  -0.001094  0.000271  0.021999  
116.289114 0.001356  0.086619  -0.011222  0.992200  0.061389  0.108490  -0.112208  0.060755  0.991826  0.054296  -0.996263  0.067170  0.002916  -0.005611  -0.002231  -0.009859  -1.080338  0.071719  2.000000  0.999202  0.005167  0.039596  -0.039590  -0.001265  0.999215  0.005213  -0.999986  -0.001060  0.999763  0.001453  0.021740  -0.001442  0.999999  -0.000529  -0.021741  0.000497  0.999764  1.000000  0.000018  0.000272  -0.000018  1.000000  -0.000006  -0.000272  0.000006  1.000000  0.999202  0.005167  0.039596  -0.039590  -0.001265  0.999215  0.005213  -0.999986  -0.001060  0.000271  0.021796  
116.290115 0.001358  0.086614  -0.011226  0.992108  0.061452  0.109299  -0.113025  0.060825  0.991729  0.054296  -0.996255  0.067291  0.002916  -0.005502  -0.002385  -0.010231  -1.073438  0.071392  2.000000  0.999159  0.005240  0.040667  -0.040661  -0.001243  0.999172  0.005286  -0.999985  -0.001029  0.999771  0.001428  0.021330  -0.001417  0.999999  -0.000551  -0.021330  0.000520  0.999772  1.000000  0.000018  0.000267  -0.000018  1.000000  -0.000007  -0.000267  0.000007  1.000000  0.999159  0.005240  0.040667  -0.040661  -0.001243  0.999172  0.005286  -0.999985  -0.001029  0.000269  0.021386  
116.291365 0.001362  0.086608  -0.011231  0.991983  0.061674  0.110296  -0.114045  0.060987  0.991602  0.054429  -0.996231  0.067532  0.002964  -0.005295  -0.002520  -0.019001  -1.059982  0.075098  2.000000  0.999105  0.005330  0.041973  -0.041967  -0.001204  0.999118  0.005376  -0.999985  -0.000980  0.999789  0.001512  0.020500  -0.001495  0.999999  -0.000837  -0.020501  0.000806  0.999790  1.000000  0.000019  0.000256  -0.000019  1.000000  -0.000010  -0.000256  0.000010  1.000000  0.999105  0.005330  0.041973  -0.041967  -0.001204  0.999118  0.005376  -0.999985  -0.000980  0.000267  0.020574  
116.292365 0.001366  0.086604  -0.011234  0.991889  0.061737  0.111105  -0.114862  0.061057  0.991503  0.054429  -0.996223  0.067653  0.002990  -0.005182  -0.002611  -0.019672  -1.046281  0.069841  2.000000  0.999061  0.005407  0.042992  -0.042986  -0.001168  0.999075  0.005452  -0.999985  -0.000934  0.999793  0.001501  0.020295  -0.001484  0.999999  -0.000848  -0.020296  0.000818  0.999794  1.000000  0.000019  0.000254  -0.000019  1.000000  -0.000010  -0.000254  0.000010  1.000000  0.999061  0.005407  0.042992  -0.042986  -0.001168  0.999075  0.005452  -0.999985  -0.000934  0.000262  0.020369  
116.293616 0.001370  0.086599  -0.011238  0.991763  0.061946  0.112109  -0.115882  0.061098  0.991382  0.054563  -0.996208  0.067773  0.003008  -0.005031  -0.002726  -0.024392  -1.032217  0.073435  2.000000  0.999006  0.005501  0.044239  -0.044233  -0.001116  0.999021  0.005545  -0.999984  -0.000871  0.999801  0.001476  0.019884  -0.001457  0.999998  -0.000991  -0.019886  0.000962  0.999802  1.000000  0.000018  0.000249  -0.000018  1.000000  -0.000012  -0.000249  0.000012  1.000000  0.999006  0.005501  0.044239  -0.044233  -0.001116  0.999021  0.005545  -0.999984  -0.000871  0.000259  0.019964  
116.294625 0.001373  0.086594  -0.011242  0.991667  0.062010  0.112918  -0.116699  0.061167  0.991282  0.054563  -0.996199  0.067894  0.002987  -0.004984  -0.002878  -0.029863  -1.019508  0.077190  2.000000  0.998962  0.005583  0.045218  -0.045213  -0.001067  0.998977  0.005625  -0.999984  -0.000813  0.999809  0.001584  0.019465  -0.001565  0.999998  -0.001013  -0.019467  0.000982  0.999810  1.000000  0.000020  0.000243  -0.000020  1.000000  -0.000012  -0.000243  0.000012  1.000000  0.998962  0.005583  0.045218  -0.045213  -0.001067  0.998977  0.005625  -0.999984  -0.000813  0.000257  0.019556  
116.295867 0.001378  0.086589  -0.011247  0.991571  0.062088  0.113719  -0.117515  0.061356  0.991174  0.054563  -0.996183  0.068136  0.002977  -0.004972  -0.003018  -0.034416  -0.997712  0.075843  2.000000  0.998917  0.005664  0.046190  -0.046185  -0.001014  0.998932  0.005705  -0.999983  -0.000752  0.999813  0.001575  0.019260  -0.001551  0.999998  -0.001266  -0.019261  0.001236  0.999814  1.000000  0.000020  0.000241  -0.000020  1.000000  -0.000016  -0.000241  0.000016  1.000000  0.998917  0.005664  0.046190  -0.046185  -0.001014  0.998932  0.005705  -0.999983  -0.000752  0.000252  0.019366  
116.297121 0.001382  0.086583  -0.011252  0.991442  0.062311  0.114715  -0.118535  0.061517  0.991042  0.054696  -0.996159  0.068377  0.002947  -0.004942  -0.003281  -0.043920  -0.985005  0.079693  2.000000  0.998860  0.005768  0.047385  -0.047380  -0.000938  0.998877  0.005806  -0.999983  -0.000663  0.999817  0.001700  0.019045  -0.001673  0.999998  -0.001398  -0.019047  0.001366  0.999818  1.000000  0.000021  0.000238  -0.000021  1.000000  -0.000017  -0.000238  0.000017  1.000000  0.998860  0.005768  0.047385  -0.047380  -0.000938  0.998877  0.005806  -0.999983  -0.000663  0.000249  0.019172  
116.298366 0.001386  0.086578  -0.011258  0.991344  0.062390  0.115516  -0.119352  0.061706  0.990933  0.054696  -0.996142  0.068618  0.002998  -0.004894  -0.003510  -0.052019  -0.970027  0.078693  2.000000  0.998803  0.005877  0.048555  -0.048551  -0.000851  0.998820  0.005911  -0.999982  -0.000564  0.999825  0.001674  0.018635  -0.001646  0.999997  -0.001542  -0.018637  0.001511  0.999825  1.000000  0.000021  0.000233  -0.000021  1.000000  -0.000019  -0.000233  0.000019  1.000000  0.998803  0.005877  0.048555  -0.048551  -0.000851  0.998820  0.005911  -0.999982  -0.000564  0.000244  0.018773  
116.299620 0.001390  0.086572  -0.011263  0.991221  0.062482  0.116521  -0.120372  0.061882  0.990798  0.054696  -0.996126  0.068860  0.003076  -0.004840  -0.003687  -0.058023  -0.950273  0.077646  2.000000  0.998747  0.005984  0.049690  -0.049686  -0.000754  0.998765  0.006014  -0.999982  -0.000456  0.999836  0.001637  0.018019  -0.001606  0.999997  -0.001696  -0.018022  0.001666  0.999836  1.000000  0.000020  0.000225  -0.000020  1.000000  -0.000021  -0.000225  0.000021  1.000000  0.998747  0.005984  0.049690  -0.049686  -0.000754  0.998765  0.006014  -0.999982  -0.000456  0.000240  0.018172  
116.300866 0.001394  0.086566  -0.011269  0.991121  0.062561  0.117322  -0.121188  0.062071  0.990687  0.054696  -0.996109  0.069102  0.003084  -0.004755  -0.003832  -0.066390  -0.928926  0.076210  2.000000  0.998691  0.006089  0.050786  -0.050783  -0.000648  0.998710  0.006114  -0.999981  -0.000338  0.999847  0.001599  0.017403  -0.001567  0.999997  -0.001850  -0.017406  0.001822  0.999847  1.000000  0.000020  0.000218  -0.000020  1.000000  -0.000023  -0.000218  0.000023  1.000000  0.998691  0.006089  0.050786  -0.050783  -0.000648  0.998710  0.006114  -0.999981  -0.000338  0.000234  0.017574  
116.301866 0.001397  0.086561  -0.011273  0.991046  0.062614  0.117926  -0.121800  0.062153  0.990607  0.054696  -0.996101  0.069222  0.003160  -0.004663  -0.003901  -0.067137  -0.915225  0.075395  2.000000  0.998646  0.006172  0.051644  -0.051642  -0.000556  0.998666  0.006193  -0.999981  -0.000236  0.999854  0.001575  0.016993  -0.001542  0.999997  -0.001993  -0.016996  0.001967  0.999854  1.000000  0.000019  0.000212  -0.000019  1.000000  -0.000025  -0.000212  0.000025  1.000000  0.998646  0.006172  0.051644  -0.051642  -0.000556  0.998666  0.006193  -0.999981  -0.000236  0.000230  0.017181  
116.303119 0.001401  0.086556  -0.011278  0.990939  0.062826  0.118717  -0.122615  0.062325  0.990495  0.054830  -0.996077  0.069464  0.003183  -0.004569  -0.003954  -0.077665  -0.887932  0.078271  2.000000  0.998591  0.006280  0.052686  -0.052684  -0.000430  0.998611  0.006294  -0.999980  -0.000099  0.999861  0.001685  0.016573  -0.001649  0.999996  -0.002136  -0.016577  0.002109  0.999860  1.000000  0.000021  0.000207  -0.000021  1.000000  -0.000027  -0.000207  0.000027  1.000000  0.998591  0.006280  0.052686  -0.052684  -0.000430  0.998611  0.006294  -0.999980  -0.000099  0.000225  0.016794  
116.304368 0.001405  0.086551  -0.011283  0.990863  0.062894  0.119314  -0.123227  0.062526  0.990407  0.054830  -0.996060  0.069705  0.003237  -0.004450  -0.003981  -0.082875  -0.867257  0.077028  2.000000  0.998548  0.006369  0.053500  -0.053499  -0.000323  0.998568  0.006377  -0.999980  0.000018  0.999868  0.001660  0.016163  -0.001624  0.999996  -0.002279  -0.016166  0.002253  0.999867  1.000000  0.000021  0.000202  -0.000021  1.000000  -0.000028  -0.000202  0.000028  1.000000  0.998548  0.006369  0.053500  -0.053499  -0.000323  0.998568  0.006377  -0.999980  0.000018  0.000219  0.016406  
116.305615 0.001409  0.086547  -0.011287  0.990761  0.062974  0.120114  -0.124043  0.062715  0.990293  0.054830  -0.996043  0.069947  0.003303  -0.004279  -0.003965  -0.090659  -0.853323  0.076037  2.000000  0.998493  0.006469  0.054490  -0.054490  -0.000183  0.998514  0.006470  -0.999979  0.000170  0.999875  0.001500  0.015762  -0.001464  0.999996  -0.002299  -0.015765  0.002276  0.999873  1.000000  0.000019  0.000197  -0.000019  1.000000  -0.000029  -0.000197  0.000029  1.000000  0.998493  0.006469  0.054490  -0.054490  -0.000183  0.998514  0.006470  -0.999979  0.000170  0.000215  0.015998  
116.306615 0.001413  0.086543  -0.011291  0.990702  0.063147  0.120505  -0.124450  0.062792  0.990237  0.054964  -0.996027  0.070067  0.003311  -0.004216  -0.003941  -0.091727  -0.832507  0.079190  2.000000  0.998451  0.006554  0.055258  -0.055259  -0.000065  0.998472  0.006548  -0.999979  0.000298  0.999881  0.001609  0.015342  -0.001572  0.999996  -0.002443  -0.015346  0.002418  0.999879  1.000000  0.000020  0.000192  -0.000020  1.000000  -0.000030  -0.000192  0.000030  1.000000  0.998451  0.006554  0.055258  -0.055259  -0.000065  0.998472  0.006548  -0.999979  0.000298  0.000212  0.015617  
116.307616 0.001416  0.086541  -0.011295  0.990625  0.063215  0.121101  -0.125062  0.062994  0.990147  0.054964  -0.996010  0.070309  0.003332  -0.004123  -0.003987  -0.100575  -0.818915  0.078364  2.000000  0.998408  0.006639  0.056006  -0.056007  0.000056  0.998430  0.006626  -0.999978  0.000428  0.999890  0.001570  0.014726  -0.001532  0.999995  -0.002597  -0.014730  0.002574  0.999888  1.000000  0.000019  0.000184  -0.000019  1.000000  -0.000032  -0.000184  0.000032  1.000000  0.998408  0.006639  0.056006  -0.056007  0.000056  0.998430  0.006626  -0.999978  0.000428  0.000207  0.015034  
116.308861 0.001420  0.086537  -0.011300  0.990548  0.063283  0.121697  -0.125674  0.063195  0.990057  0.054964  -0.995993  0.070550  0.003311  -0.004052  -0.004017  -0.106135  -0.791680  0.076650  2.000000  0.998357  0.006752  0.056900  -0.056903  0.000213  0.998380  0.006729  -0.999977  0.000597  0.999899  0.001664  0.014101  -0.001625  0.999995  -0.002753  -0.014106  0.002730  0.999897  1.000000  0.000021  0.000176  -0.000021  1.000000  -0.000034  -0.000176  0.000034  1.000000  0.998357  0.006752  0.056900  -0.056903  0.000213  0.998380  0.006729  -0.999977  0.000597  0.000202  0.014462  
116.309873 0.001423  0.086534  -0.011303  0.990470  0.063352  0.122293  -0.126286  0.063396  0.989966  0.054964  -0.995976  0.070792  0.003259  -0.004009  -0.004044  -0.112566  -0.770379  0.075508  2.000000  0.998317  0.006841  0.057588  -0.057591  0.000342  0.998340  0.006810  -0.999977  0.000735  0.999905  0.001637  0.013691  -0.001601  0.999995  -0.002654  -0.013695  0.002632  0.999903  1.000000  0.000020  0.000171  -0.000020  1.000000  -0.000033  -0.000171  0.000033  1.000000  0.998317  0.006841  0.057588  -0.057591  0.000342  0.998340  0.006810  -0.999977  0.000735  0.000197  0.014040  
116.311133 0.001427  0.086530  -0.011308  0.990392  0.063421  0.122889  -0.126897  0.063597  0.989875  0.054964  -0.995958  0.071034  0.003234  -0.003876  -0.003990  -0.117744  -0.749480  0.074202  2.000000  0.998277  0.006930  0.058265  -0.058270  0.000480  0.998301  0.006890  -0.999976  0.000883  0.999908  0.001627  0.013485  -0.001588  0.999995  -0.002907  -0.013490  0.002886  0.999905  1.000000  0.000020  0.000169  -0.000020  1.000000  -0.000036  -0.000169  0.000036  1.000000  0.998277  0.006930  0.058265  -0.058270  0.000480  0.998301  0.006890  -0.999976  0.000883  0.000193  0.013889  
116.312368 0.001431  0.086526  -0.011312  0.990306  0.063622  0.123476  -0.127508  0.063781  0.989785  0.055097  -0.995934  0.071275  0.003208  -0.003768  -0.003920  -0.122959  -0.728809  0.077428  2.000000  0.998237  0.007020  0.058932  -0.058938  0.000623  0.998261  0.006971  -0.999975  0.001035  0.999911  0.001616  0.013280  -0.001576  0.999994  -0.003038  -0.013285  0.003017  0.999907  1.000000  0.000020  0.000166  -0.000020  1.000000  -0.000038  -0.000166  0.000038  1.000000  0.998237  0.007020  0.058932  -0.058938  0.000623  0.998261  0.006971  -0.999975  0.001035  0.000186  0.013717  
116.313619 0.001434  0.086521  -0.011316  0.990227  0.063707  0.124064  -0.128120  0.064101  0.989685  0.055097  -0.995908  0.071637  0.003155  -0.003652  -0.003753  -0.132583  -0.701541  0.071207  2.000000  0.998188  0.007130  0.059744  -0.059751  0.000811  0.998213  0.007069  -0.999974  0.001236  0.999916  0.001590  0.012869  -0.001549  0.999994  -0.003181  -0.012874  0.003161  0.999912  1.000000  0.000020  0.000161  -0.000020  1.000000  -0.000040  -0.000161  0.000040  1.000000  0.998188  0.007130  0.059744  -0.059751  0.000811  0.998213  0.007069  -0.999974  0.001236  0.000181  0.013350  
116.314864 0.001438  0.086518  -0.011319  0.990174  0.063764  0.124456  -0.128527  0.064315  0.989618  0.055097  -0.995890  0.071879  0.003108  -0.003517  -0.003633  -0.136281  -0.682052  0.069794  2.000000  0.998140  0.007236  0.060530  -0.060539  0.001010  0.998165  0.007162  -0.999973  0.001446  0.999921  0.001432  0.012468  -0.001391  0.999994  -0.003323  -0.012473  0.003305  0.999917  1.000000  0.000018  0.000156  -0.000018  1.000000  -0.000041  -0.000156  0.000041  1.000000  0.998140  0.007236  0.060530  -0.060539  0.001010  0.998165  0.007162  -0.999973  0.001446  0.000177  0.012981  
116.316119 0.001441  0.086513  -0.011322  0.990095  0.063849  0.125044  -0.129139  0.064636  0.989518  0.055097  -0.995864  0.072241  0.003075  -0.003429  -0.003492  -0.147070  -0.660069  0.068610  2.000000  0.998093  0.007336  0.061284  -0.061294  0.001219  0.998119  0.007247  -0.999972  0.001666  0.999929  0.001391  0.011853  -0.001350  0.999993  -0.003477  -0.011858  0.003461  0.999924  1.000000  0.000017  0.000148  -0.000017  1.000000  -0.000043  -0.000148  0.000043  1.000000  0.998093  0.007336  0.061284  -0.061294  0.001219  0.998119  0.007247  -0.999972  0.001666  0.000172  0.012429  
