1-Time 2-Px 3-Py 4-Pz 5-R11 6-R21 7-R31 8-R12 9-R22 10-R32 11-R13 12-R23 13-R33 14-Vx 15-Vy 16-Vz 17-Wx 18-Wy 19-Wz 20-state 21-PR11 22-PR21 23-PR31 24-PR12 25-PR22 26-PR32 27-PR13 28-PR23 29-PR33 
106.112671 0.009195  0.094474  -0.010251  0.998914  -0.038635  -0.026048  0.030857  0.129616  0.991084  -0.034914  -0.990811  0.130667  -0.000143  -0.000093  0.000128  0.000000  0.000000  0.000000  2.000000  1.000000  0.000000  0.000000  0.000000  -0.000000  1.000000  0.000000  -1.000000  -0.000000  1.000000  0.000081  0.000612  -0.000081  1.000000  0.000100  -0.000612  -0.000100  1.000000  1.000000  0.000000  0.000000  0.000000  1.000000  0.000000  0.000000  0.000000  1.000000  0.319073  0.682656  0.657398  -0.646078  -0.350816  0.677873  0.693380  -0.641021  0.329114  0.000000  0.000000  
106.113680 0.009195  0.094474  -0.010251  0.998920  -0.038605  -0.025849  0.030651  0.129503  0.991105  -0.034914  -0.990827  0.130547  -0.000133  -0.000098  0.000093  0.000000  0.000000  0.000000  2.000000  1.000000  0.000000  0.000000  0.000000  -0.000000  1.000000  0.000000  -1.000000  -0.000000  1.000000  0.000108  0.000816  -0.000108  1.000000  0.000214  -0.000816  -0.000214  1.000000  1.000000  0.000000  0.000000  0.000000  1.000000  0.000000  0.000000  0.000000  1.000000  1.000000  0.000000  0.000000  0.000000  -0.000000  1.000000  0.000000  -1.000000  -0.000000  0.000000  0.000000  
106.114682 0.009196  0.094473  -0.010252  0.998914  -0.038635  -0.026048  0.030857  0.129616  0.991084  -0.034914  -0.990811  0.130667  -0.000089  -0.000154  0.000039  0.000000  0.000000  0.000000  2.000000  1.000000  0.000000  0.000000  0.000000  -0.000000  1.000000  0.000000  -1.000000  -0.000000  1.000000  0.000108  0.000816  -0.000108  1.000000  0.000093  -0.000816  -0.000093  1.000000  1.000000  0.000000  0.000000  0.000000  1.000000  0.000000  0.000000  0.000000  1.000000  1.000000  0.000000  0.000000  0.000000  -0.000000  1.000000  0.000000  -1.000000  -0.000000  0.000000  0.000000  
106.115925 0.009198  0.094472  -0.010252  0.998918  -0.038503  -0.026065  0.030857  0.129620  0.991084  -0.034781  -0.990816  0.130668  0.000057  -0.000228  0.000021  0.000000  0.000000  0.000000  2.000000  1.000000  0.000000  0.000000  0.000000  -0.000000  1.000000  0.000000  -1.000000  -0.000000  1.000000  0.000213  0.000594  -0.000213  1.000000  0.000100  -0.000594  -0.000100  1.000000  1.000000  0.000000  0.000000  0.000000  1.000000  0.000000  0.000000  0.000000  1.000000  1.000000  0.000000  0.000000  0.000000  -0.000000  1.000000  0.000000  -1.000000  -0.000000  0.000000  0.000000  
106.116927 0.009200  0.094472  -0.010251  0.998918  -0.038503  -0.026065  0.030857  0.129620  0.991084  -0.034781  -0.990816  0.130668  0.000223  -0.000196  0.000099  0.000000  0.000000  0.000000  2.000000  1.000000  0.000000  0.000000  0.000000  -0.000000  1.000000  0.000000  -1.000000  -0.000000  1.000000  0.000213  0.000594  -0.000213  1.000000  0.000100  -0.000594  -0.000100  1.000000  1.000000  0.000000  0.000000  0.000000  1.000000  0.000000  0.000000  0.000000  1.000000  1.000000  0.000000  0.000000  0.000000  -0.000000  1.000000  0.000000  -1.000000  -0.000000  0.000000  0.000000  
106.118177 0.009203  0.094471  -0.010250  0.998918  -0.038506  -0.026061  0.030857  0.129740  0.991068  -0.034781  -0.990800  0.130788  0.000392  -0.000262  0.000146  0.000000  0.000000  0.000000  2.000000  1.000000  0.000000  0.000000  0.000000  -0.000000  1.000000  0.000000  -1.000000  -0.000000  1.000000  0.000187  0.000390  -0.000186  1.000000  -0.000014  -0.000390  0.000014  1.000000  1.000000  0.000000  0.000000  0.000000  1.000000  0.000000  0.000000  0.000000  1.000000  1.000000  0.000000  0.000000  0.000000  -0.000000  1.000000  0.000000  -1.000000  -0.000000  0.000000  0.000000  
106.119428 0.009206  0.094472  -0.010250  0.998918  -0.038506  -0.026061  0.030857  0.129740  0.991068  -0.034781  -0.990800  0.130788  0.000650  -0.000262  0.000157  0.000000  0.000000  0.000000  2.000000  1.000000  0.000000  0.000000  0.000000  -0.000000  1.000000  0.000000  -1.000000  -0.000000  1.000000  0.000187  0.000390  -0.000186  1.000000  -0.000014  -0.000390  0.000014  1.000000  1.000000  0.000000  0.000000  0.000000  1.000000  0.000000  0.000000  0.000000  1.000000  1.000000  0.000000  0.000000  0.000000  -0.000000  1.000000  0.000000  -1.000000  -0.000000  0.000000  0.000000  
106.120430 0.009209  0.094471  -0.010250  0.998918  -0.038509  -0.026056  0.030857  0.129860  0.991052  -0.034781  -0.990784  0.130908  0.000871  -0.000285  0.000145  0.000000  0.000000  0.000000  2.000000  1.000000  0.000000  0.000000  0.000000  -0.000000  1.000000  0.000000  -1.000000  -0.000000  1.000000  0.000187  0.000390  -0.000186  1.000000  -0.000257  -0.000390  0.000257  1.000000  1.000000  0.000000  0.000000  0.000000  1.000000  0.000000  0.000000  0.000000  1.000000  1.000000  0.000000  0.000000  0.000000  -0.000000  1.000000  0.000000  -1.000000  -0.000000  0.000000  0.000000  
106.121680 0.009213  0.094470  -0.010250  0.998912  -0.038536  -0.026260  0.031063  0.129852  0.991047  -0.034781  -0.990784  0.130908  0.001177  -0.000362  0.000109  0.000000  0.000000  0.000000  2.000000  1.000000  0.000000  0.000000  0.000000  -0.000000  1.000000  0.000000  -1.000000  -0.000000  1.000000  0.000187  0.000390  -0.000186  1.000000  -0.000257  -0.000390  0.000257  1.000000  1.000000  0.000000  0.000000  0.000000  1.000000  0.000000  0.000000  0.000000  1.000000  1.000000  0.000000  0.000000  0.000000  -0.000000  1.000000  0.000000  -1.000000  -0.000000  0.000000  0.000000  
106.122681 0.009216  0.094469  -0.010250  0.998917  -0.038406  -0.026273  0.031063  0.129976  0.991030  -0.034647  -0.990773  0.131029  0.001365  -0.000436  0.000122  0.000000  0.000000  0.000000  2.000000  1.000000  0.000000  0.000000  0.000000  -0.000000  1.000000  0.000000  -1.000000  -0.000000  1.000000  0.000292  0.000169  -0.000292  1.000000  -0.000371  -0.000169  0.000371  1.000000  1.000000  0.000000  0.000000  0.000000  1.000000  0.000000  0.000000  0.000000  1.000000  1.000000  0.000000  0.000000  0.000000  -0.000000  1.000000  0.000000  -1.000000  -0.000000  0.000000  0.000000  
106.123724 0.009219  0.094468  -0.010250  0.998917  -0.038409  -0.026268  0.031063  0.130097  0.991015  -0.034647  -0.990757  0.131149  0.001569  -0.000455  0.000146  0.000000  0.000000  0.000000  2.000000  1.000000  0.000000  0.000000  0.000000  -0.000000  1.000000  0.000000  -1.000000  -0.000000  1.000000  0.000265  -0.000035  -0.000265  1.000000  -0.000485  0.000035  0.000485  1.000000  1.000000  0.000000  0.000000  0.000000  1.000000  0.000000  0.000000  0.000000  1.000000  1.000000  0.000000  0.000000  0.000000  -0.000000  1.000000  0.000000  -1.000000  -0.000000  0.000000  0.000000  
106.124929 0.009223  0.094467  -0.010250  0.998910  -0.038439  -0.026468  0.031269  0.130209  0.990993  -0.034647  -0.990741  0.131269  0.001857  -0.000505  0.000138  0.000000  0.000000  0.000000  2.000000  1.000000  0.000000  0.000000  0.000000  -0.000000  1.000000  0.000000  -1.000000  -0.000000  1.000000  0.000238  -0.000239  -0.000238  1.000000  -0.000478  0.000239  0.000478  1.000000  1.000000  0.000000  0.000000  0.000000  1.000000  0.000000  0.000000  0.000000  1.000000  1.000000  0.000000  0.000000  0.000000  -0.000000  1.000000  0.000000  -1.000000  -0.000000  0.000000  0.000000  
106.125930 0.009225  0.094466  -0.010251  0.998915  -0.038307  -0.026485  0.031269  0.130213  0.990993  -0.034513  -0.990746  0.131270  0.002019  -0.000564  0.000036  0.000000  0.000000  0.000000  2.000000  1.000000  0.000000  0.000000  0.000000  -0.000000  1.000000  0.000000  -1.000000  -0.000000  1.000000  0.000371  -0.000257  -0.000371  1.000000  -0.000599  0.000256  0.000599  1.000000  1.000000  0.000000  0.000000  0.000000  1.000000  0.000000  0.000000  0.000000  1.000000  1.000000  0.000000  0.000000  0.000000  -0.000000  1.000000  0.000000  -1.000000  -0.000000  0.000000  0.000000  
106.127188 0.009229  0.094464  -0.010252  0.998915  -0.038310  -0.026481  0.031269  0.130333  0.990977  -0.034513  -0.990730  0.131390  0.002252  -0.000673  -0.000051  0.000000  0.000000  0.000000  2.000000  1.000000  0.000000  0.000000  0.000000  -0.000000  1.000000  0.000000  -1.000000  -0.000000  1.000000  0.000371  -0.000257  -0.000371  1.000000  -0.000721  0.000256  0.000721  1.000000  1.000000  0.000000  0.000000  0.000000  1.000000  0.000000  0.000000  0.000000  1.000000  1.000000  0.000000  0.000000  0.000000  -0.000000  1.000000  0.000000  -1.000000  -0.000000  0.000000  0.000000  
106.128426 0.009232  0.094463  -0.010253  0.998909  -0.038340  -0.026680  0.031474  0.130446  0.990956  -0.034513  -0.990714  0.131510  0.002438  -0.000745  -0.000146  0.000000  0.000000  0.000000  2.000000  1.000000  0.000000  0.000000  0.000000  -0.000000  1.000000  0.000000  -1.000000  -0.000000  1.000000  0.000344  -0.000461  -0.000344  1.000000  -0.000835  0.000460  0.000835  1.000000  1.000000  0.000000  0.000000  0.000000  1.000000  0.000000  0.000000  0.000000  1.000000  1.000000  0.000000  0.000000  0.000000  -0.000000  1.000000  0.000000  -1.000000  -0.000000  0.000000  0.000000  
106.129454 0.009235  0.094462  -0.010254  0.998913  -0.038214  -0.026688  0.031474  0.130690  0.990924  -0.034379  -0.990686  0.131751  0.002631  -0.000777  -0.000119  0.000000  0.000000  0.000000  2.000000  1.000000  0.000000  0.000000  0.000000  -0.000000  1.000000  0.000000  -1.000000  -0.000000  1.000000  0.000317  -0.000665  -0.000317  0.999999  -0.000949  0.000664  0.000949  0.999999  1.000000  0.000000  0.000000  0.000000  1.000000  0.000000  0.000000  0.000000  1.000000  1.000000  0.000000  0.000000  0.000000  -0.000000  1.000000  0.000000  -1.000000  -0.000000  0.000000  0.000000  
106.130687 0.009238  0.094460  -0.010255  0.998913  -0.038217  -0.026684  0.031474  0.130810  0.990908  -0.034379  -0.990671  0.131871  0.002721  -0.000809  -0.000188  0.000000  0.000000  0.000000  2.000000  1.000000  0.000000  0.000000  0.000000  -0.000000  1.000000  0.000000  -1.000000  -0.000000  1.000000  0.000449  -0.000682  -0.000450  0.999999  -0.001191  0.000682  0.001192  0.999999  1.000000  0.000000  0.000000  0.000000  1.000000  0.000000  0.000000  0.000000  1.000000  1.000000  0.000000  0.000000  0.000000  -0.000000  1.000000  0.000000  -1.000000  -0.000000  0.000000  0.000000  
106.131927 0.009241  0.094459  -0.010255  0.998913  -0.038221  -0.026679  0.031474  0.130931  0.990892  -0.034379  -0.990655  0.131991  0.002761  -0.000929  -0.000245  0.000000  0.000000  0.000000  2.000000  1.000000  0.000000  0.000000  0.000000  -0.000000  1.000000  0.000000  -1.000000  -0.000000  1.000000  0.000449  -0.000683  -0.000450  0.999999  -0.001313  0.000682  0.001313  0.999999  1.000000  0.000000  0.000000  0.000000  1.000000  0.000000  0.000000  0.000000  1.000000  1.000000  0.000000  0.000000  0.000000  -0.000000  1.000000  0.000000  -1.000000  -0.000000  0.000000  0.000000  
106.132928 0.009244  0.094458  -0.010255  0.998918  -0.038095  -0.026687  0.031475  0.131175  0.990859  -0.034246  -0.990627  0.132232  0.002811  -0.000923  -0.000295  0.000000  0.000000  0.000000  2.000000  1.000000  0.000000  0.000000  0.000000  -0.000000  1.000000  0.000000  -1.000000  -0.000000  1.000000  0.000449  -0.000683  -0.000450  0.999999  -0.001434  0.000682  0.001434  0.999999  1.000000  0.000000  0.000000  0.000000  1.000000  0.000000  0.000000  0.000000  1.000000  1.000000  0.000000  0.000000  0.000000  -0.000000  1.000000  0.000000  -1.000000  -0.000000  0.000000  0.000000  
106.134178 0.009247  0.094456  -0.010255  0.998918  -0.038098  -0.026683  0.031475  0.131295  0.990844  -0.034246  -0.990611  0.132352  0.002790  -0.001059  -0.000345  0.000000  0.000000  0.000000  2.000000  1.000000  0.000000  0.000000  0.000000  -0.000000  1.000000  0.000000  -1.000000  -0.000000  1.000000  0.000581  -0.000700  -0.000583  0.999998  -0.001798  0.000699  0.001798  0.999998  1.000000  0.000000  0.000000  0.000000  1.000000  0.000000  0.000000  0.000000  1.000000  1.000000  0.000000  0.000000  0.000000  -0.000000  1.000000  0.000000  -1.000000  -0.000000  0.000000  0.000000  
106.135181 0.009250  0.094454  -0.010255  0.998918  -0.038101  -0.026678  0.031475  0.131416  0.990828  -0.034246  -0.990595  0.132473  0.002756  -0.001109  -0.000320  0.000000  0.000000  0.000000  2.000000  1.000000  0.000000  0.000000  0.000000  -0.000000  1.000000  0.000000  -1.000000  -0.000000  0.999999  0.000554  -0.000904  -0.000556  0.999998  -0.001791  0.000903  0.001791  0.999998  1.000000  0.000000  0.000000  0.000000  1.000000  0.000000  0.000000  0.000000  1.000000  1.000000  0.000000  0.000000  0.000000  -0.000000  1.000000  0.000000  -1.000000  -0.000000  0.000000  0.000000  
106.136435 0.009252  0.094452  -0.010254  0.998922  -0.037975  -0.026687  0.031475  0.131660  0.990795  -0.034112  -0.990567  0.132713  0.002635  -0.001210  -0.000263  0.000000  0.000000  0.000000  2.000000  1.000000  0.000000  0.000000  0.000000  -0.000000  1.000000  0.000000  -1.000000  -0.000000  0.999999  0.000714  -0.000718  -0.000715  0.999998  -0.002040  0.000717  0.002041  0.999998  1.000000  0.000000  0.000000  0.000000  1.000000  0.000000  0.000000  0.000000  1.000000  1.000000  0.000000  0.000000  0.000000  -0.000000  1.000000  0.000000  -1.000000  -0.000000  0.000000  0.000000  
106.137678 0.009254  0.094449  -0.010254  0.998922  -0.037982  -0.026677  0.031475  0.131900  0.990763  -0.034112  -0.990535  0.132954  0.002560  -0.001320  -0.000271  0.000000  0.000000  0.000000  2.000000  1.000000  0.000000  0.000000  0.000000  -0.000000  1.000000  0.000000  -1.000000  -0.000000  1.000000  0.000581  -0.000701  -0.000583  0.999997  -0.002162  0.000699  0.002162  0.999997  1.000000  0.000000  0.000000  0.000000  1.000000  0.000000  0.000000  0.000000  1.000000  1.000000  0.000000  0.000000  0.000000  -0.000000  1.000000  0.000000  -1.000000  -0.000000  0.000000  0.000000  
106.138684 0.009256  0.094446  -0.010253  0.998922  -0.037985  -0.026673  0.031475  0.132021  0.990747  -0.034112  -0.990519  0.133074  0.002479  -0.001476  -0.000233  0.000000  0.000000  0.000000  2.000000  1.000000  0.000000  0.000000  0.000000  -0.000000  1.000000  0.000000  -1.000000  -0.000000  1.000000  0.000581  -0.000701  -0.000582  0.999997  -0.002283  0.000699  0.002284  0.999997  1.000000  0.000000  0.000000  0.000000  1.000000  0.000000  0.000000  0.000000  1.000000  1.000000  0.000000  0.000000  0.000000  -0.000000  1.000000  0.000000  -1.000000  -0.000000  0.000000  0.000000  
106.139933 0.009258  0.094443  -0.010253  0.998927  -0.037859  -0.026681  0.031475  0.132265  0.990715  -0.033978  -0.990491  0.133315  0.002310  -0.001627  -0.000196  0.000000  0.000000  0.000000  2.000000  1.000000  0.000000  0.000000  0.000000  -0.000000  1.000000  0.000000  -1.000000  -0.000000  0.999999  0.000713  -0.000719  -0.000715  0.999997  -0.002404  0.000717  0.002405  0.999997  1.000000  0.000000  0.000000  0.000000  1.000000  0.000000  0.000000  0.000000  1.000000  1.000000  0.000000  0.000000  0.000000  -0.000000  1.000000  0.000000  -1.000000  -0.000000  0.000000  0.000000  
106.141183 0.009259  0.094440  -0.010253  0.998927  -0.037862  -0.026677  0.031475  0.132385  0.990698  -0.033978  -0.990475  0.133435  0.002224  -0.001748  -0.000123  0.000000  0.000000  0.000000  2.000000  1.000000  0.000000  0.000000  0.000000  -0.000000  1.000000  0.000000  -1.000000  -0.000000  0.999999  0.000713  -0.000719  -0.000715  0.999997  -0.002526  0.000717  0.002526  0.999997  1.000000  0.000000  0.000000  0.000000  1.000000  0.000000  0.000000  0.000000  1.000000  1.000000  0.000000  0.000000  0.000000  -0.000000  1.000000  0.000000  -1.000000  -0.000000  0.000000  0.000000  
106.142427 0.009261  0.094436  -0.010252  0.998931  -0.037736  -0.026686  0.031475  0.132630  0.990666  -0.033845  -0.990447  0.133676  0.002117  -0.001873  0.000005  0.000000  0.000000  0.000000  2.000000  1.000000  0.000000  0.000000  0.000000  -0.000000  1.000000  0.000000  -1.000000  -0.000000  1.000000  0.000741  -0.000515  -0.000742  0.999996  -0.002775  0.000513  0.002776  0.999996  1.000000  0.000000  0.000000  0.000000  1.000000  0.000000  0.000000  0.000000  1.000000  1.000000  0.000000  0.000000  0.000000  -0.000000  1.000000  0.000000  -1.000000  -0.000000  0.000000  0.000000  
106.143680 0.009262  0.094432  -0.010252  0.998938  -0.037715  -0.026472  0.031269  0.132878  0.990639  -0.033845  -0.990415  0.133916  0.001941  -0.002077  0.000076  0.000000  0.000000  0.000000  2.000000  1.000000  0.000000  0.000000  0.000000  -0.000000  1.000000  0.000000  -1.000000  -0.000000  1.000000  0.000768  -0.000311  -0.000769  0.999996  -0.002783  0.000309  0.002783  0.999996  1.000000  0.000000  0.000000  0.000000  1.000000  0.000000  0.000000  0.000000  1.000000  1.000000  0.000000  0.000000  0.000000  -0.000000  1.000000  0.000000  -1.000000  -0.000000  0.000000  0.000000  
106.144682 0.009264  0.094429  -0.010252  0.998938  -0.037718  -0.026468  0.031269  0.132998  0.990623  -0.033845  -0.990398  0.134036  0.001862  -0.002175  0.000163  0.000000  0.000000  0.000000  2.000000  1.000000  0.000000  0.000000  0.000000  -0.000000  1.000000  0.000000  -1.000000  -0.000000  1.000000  0.000768  -0.000312  -0.000769  0.999995  -0.002904  0.000309  0.002904  0.999996  1.000000  0.000000  0.000000  0.000000  1.000000  0.000000  0.000000  0.000000  1.000000  1.000000  0.000000  0.000000  0.000000  -0.000000  1.000000  0.000000  -1.000000  -0.000000  0.000000  0.000000  
106.145927 0.009265  0.094425  -0.010251  0.998938  -0.037725  -0.026459  0.031269  0.133238  0.990591  -0.033845  -0.990366  0.134276  0.001761  -0.002327  0.000240  0.000000  0.000000  0.000000  2.000000  1.000000  0.000000  0.000000  0.000000  -0.000000  1.000000  0.000000  -1.000000  -0.000000  1.000000  0.000663  -0.000090  -0.000663  0.999995  -0.003032  0.000088  0.003032  0.999995  1.000000  0.000000  0.000000  0.000000  1.000000  0.000000  0.000000  0.000000  1.000000  1.000000  0.000000  0.000000  0.000000  -0.000000  1.000000  0.000000  -1.000000  -0.000000  0.000000  0.000000  
106.147179 0.009267  0.094422  -0.010250  0.998938  -0.037731  -0.026450  0.031269  0.133479  0.990558  -0.033845  -0.990333  0.134517  0.001631  -0.002484  0.000248  0.000000  0.000000  0.000000  2.000000  1.000000  0.000000  0.000000  0.000000  -0.000000  1.000000  0.000000  -1.000000  -0.000000  1.000000  0.000663  -0.000090  -0.000663  0.999995  -0.003154  0.000088  0.003154  0.999995  1.000000  0.000000  0.000000  0.000000  1.000000  0.000000  0.000000  0.000000  1.000000  1.000000  0.000000  0.000000  0.000000  -0.000000  1.000000  0.000000  -1.000000  -0.000000  0.000000  0.000000  
106.148427 0.009269  0.094418  -0.010250  0.998944  -0.037710  -0.026236  0.031064  0.133727  0.990531  -0.033845  -0.990301  0.134757  0.001573  -0.002610  0.000309  0.000000  0.000000  0.000000  2.000000  1.000000  0.000000  0.000000  0.000000  -0.000000  1.000000  0.000000  -1.000000  -0.000000  1.000000  0.000691  0.000114  -0.000690  0.999995  -0.003161  -0.000116  0.003161  0.999995  1.000000  0.000000  0.000000  0.000000  1.000000  0.000000  0.000000  0.000000  1.000000  1.000000  0.000000  0.000000  0.000000  -0.000000  1.000000  0.000000  -1.000000  -0.000000  0.000000  0.000000  
106.149427 0.009271  0.094415  -0.010249  0.998944  -0.037713  -0.026232  0.031064  0.133847  0.990515  -0.033845  -0.990284  0.134877  0.001475  -0.002740  0.000339  0.000000  0.000000  0.000000  2.000000  1.000000  0.000000  0.000000  0.000000  -0.000000  1.000000  0.000000  -1.000000  -0.000000  1.000000  0.000718  0.000317  -0.000717  0.999994  -0.003289  -0.000320  0.003289  0.999995  1.000000  0.000000  0.000000  0.000000  1.000000  0.000000  0.000000  0.000000  1.000000  1.000000  0.000000  0.000000  0.000000  -0.000000  1.000000  0.000000  -1.000000  -0.000000  0.000000  0.000000  
106.150428 0.009272  0.094411  -0.010248  0.998944  -0.037720  -0.026223  0.031064  0.134087  0.990483  -0.033845  -0.990251  0.135117  0.001448  -0.002837  0.000421  0.000000  0.000000  0.000000  2.000000  1.000000  0.000000  0.000000  0.000000  -0.000000  1.000000  0.000000  -1.000000  -0.000000  1.000000  0.000586  0.000335  -0.000585  0.999994  -0.003410  -0.000337  0.003410  0.999994  1.000000  0.000000  0.000000  0.000000  1.000000  0.000000  0.000000  0.000000  1.000000  1.000000  0.000000  0.000000  0.000000  -0.000000  1.000000  0.000000  -1.000000  -0.000000  0.000000  0.000000  
106.151678 0.009274  0.094407  -0.010246  0.998944  -0.037726  -0.026214  0.031064  0.134327  0.990450  -0.033845  -0.990219  0.135358  0.001404  -0.002933  0.000550  0.000000  0.000000  0.000000  2.000000  1.000000  0.000000  0.000000  0.000000  -0.000000  1.000000  0.000000  -1.000000  -0.000000  1.000000  0.000586  0.000335  -0.000585  0.999994  -0.003289  -0.000337  0.003289  0.999995  1.000000  0.000000  0.000000  0.000000  1.000000  0.000000  0.000000  0.000000  1.000000  1.000000  0.000000  0.000000  0.000000  -0.000000  1.000000  0.000000  -1.000000  -0.000000  0.000000  0.000000  
106.152931 0.009276  0.094403  -0.010244  0.998944  -0.037732  -0.026204  0.031064  0.134568  0.990417  -0.033845  -0.990186  0.135598  0.001422  -0.003025  0.000653  0.000000  0.000000  0.000000  2.000000  1.000000  0.000000  0.000000  0.000000  -0.000000  1.000000  0.000000  -1.000000  -0.000000  1.000000  0.000586  0.000335  -0.000585  0.999994  -0.003410  -0.000337  0.003410  0.999994  1.000000  0.000000  0.000000  0.000000  1.000000  0.000000  0.000000  0.000000  1.000000  1.000000  0.000000  0.000000  0.000000  -0.000000  1.000000  0.000000  -1.000000  -0.000000  0.000000  0.000000  
106.153937 0.009277  0.094399  -0.010242  0.998944  -0.037736  -0.026200  0.031064  0.134688  0.990401  -0.033845  -0.990169  0.135718  0.001394  -0.003121  0.000735  0.000000  0.000000  0.000000  2.000000  1.000000  0.000000  0.000000  0.000000  -0.000000  1.000000  0.000000  -1.000000  -0.000000  1.000000  0.000454  0.000353  -0.000452  0.999994  -0.003410  -0.000355  0.003410  0.999994  1.000000  0.000000  0.000000  0.000000  1.000000  0.000000  0.000000  0.000000  1.000000  1.000000  0.000000  0.000000  0.000000  -0.000000  1.000000  0.000000  -1.000000  -0.000000  0.000000  0.000000  
106.155185 0.009279  0.094394  -0.010239  0.998951  -0.037714  -0.025987  0.030858  0.134936  0.990374  -0.033845  -0.990136  0.135958  0.001402  -0.003234  0.000900  0.000000  0.000000  0.000000  2.000000  1.000000  0.000000  0.000000  0.000000  -0.000000  1.000000  0.000000  -1.000000  -0.000000  1.000000  0.000482  0.000557  -0.000480  0.999994  -0.003539  -0.000559  0.003538  0.999994  1.000000  0.000000  0.000000  0.000000  1.000000  0.000000  0.000000  0.000000  1.000000  1.000000  0.000000  0.000000  0.000000  -0.000000  1.000000  0.000000  -1.000000  -0.000000  0.000000  0.000000  
106.156186 0.009280  0.094390  -0.010237  0.998951  -0.037721  -0.025978  0.030858  0.135176  0.990341  -0.033845  -0.990103  0.136198  0.001376  -0.003356  0.001024  0.000000  0.000000  0.000000  2.000000  1.000000  0.000000  0.000000  0.000000  -0.000000  1.000000  0.000000  -1.000000  -0.000000  1.000000  0.000349  0.000575  -0.000347  0.999994  -0.003539  -0.000576  0.003538  0.999994  1.000000  0.000000  0.000000  0.000000  1.000000  0.000000  0.000000  0.000000  1.000000  1.000000  0.000000  0.000000  0.000000  -0.000000  1.000000  0.000000  -1.000000  -0.000000  0.000000  0.000000  
106.157187 0.009281  0.094385  -0.010235  0.998951  -0.037724  -0.025973  0.030858  0.135296  0.990325  -0.033845  -0.990087  0.136318  0.001377  -0.003446  0.001174  0.000000  0.000000  0.000000  2.000000  1.000000  0.000000  0.000000  0.000000  -0.000000  1.000000  0.000000  -1.000000  -0.000000  1.000000  0.000349  0.000575  -0.000347  0.999994  -0.003539  -0.000576  0.003538  0.999994  1.000000  0.000000  0.000000  0.000000  1.000000  0.000000  0.000000  0.000000  1.000000  1.000000  0.000000  0.000000  0.000000  -0.000000  1.000000  0.000000  -1.000000  -0.000000  0.000000  0.000000  
106.158191 0.009282  0.094381  -0.010233  0.998951  -0.037730  -0.025964  0.030858  0.135537  0.990292  -0.033845  -0.990054  0.136559  0.001378  -0.003510  0.001277  -0.171862  -0.017535  0.025053  2.000000  1.000000  0.000000  0.000000  0.000000  -0.000000  1.000000  0.000000  -1.000000  -0.000000  1.000000  0.000349  0.000575  -0.000347  0.999993  -0.003660  -0.000576  0.003660  0.999993  1.000000  0.000000  0.000000  0.000000  1.000000  0.000000  0.000000  0.000000  1.000000  1.000000  0.000000  0.000000  0.000000  -0.000000  1.000000  0.000000  -1.000000  -0.000000  0.000044  0.000000  
106.159427 0.009284  0.094376  -0.010231  0.998951  -0.037736  -0.025955  0.030858  0.135777  0.990259  -0.033845  -0.990021  0.136799  0.001388  -0.003622  0.001434  -0.170681  -0.018009  0.020462  2.000000  1.000000  0.000000  0.000000  0.000000  -0.000000  1.000000  0.000000  -1.000000  -0.000000  1.000000  0.000350  0.000575  -0.000347  0.999993  -0.003781  -0.000576  0.003781  0.999993  1.000000  0.000000  0.000000  0.000000  1.000000  0.000000  0.000000  0.000000  1.000000  1.000000  0.000000  0.000000  0.000000  -0.000000  1.000000  0.000000  -1.000000  -0.000000  0.000044  0.000000  
106.160432 0.009286  0.094372  -0.010229  0.998951  -0.037743  -0.025946  0.030858  0.136017  0.990226  -0.033845  -0.989987  0.137039  0.001437  -0.003670  0.001522  -0.176061  -0.018143  0.020621  2.000000  1.000000  0.000000  0.000000  0.000000  -0.000000  1.000000  0.000000  -1.000000  -0.000000  1.000000  0.000217  0.000593  -0.000215  0.999993  -0.003660  -0.000594  0.003660  0.999993  1.000000  0.000000  0.000000  0.000000  1.000000  0.000000  0.000000  0.000000  1.000000  1.000000  0.000000  0.000000  0.000000  -0.000000  1.000000  0.000000  -1.000000  -0.000000  0.000044  0.000000  
106.161434 0.009288  0.094368  -0.010227  0.998951  -0.037746  -0.025941  0.030858  0.136137  0.990209  -0.033845  -0.989971  0.137159  0.001444  -0.003745  0.001629  -0.175973  -0.018131  0.020613  2.000000  1.000000  0.000000  0.000000  0.000000  -0.000000  1.000000  0.000000  -1.000000  -0.000000  1.000000  0.000217  0.000593  -0.000215  0.999993  -0.003781  -0.000594  0.003781  0.999993  1.000000  0.000000  0.000000  0.000000  1.000000  0.000000  0.000000  0.000000  1.000000  1.000000  0.000000  0.000000  0.000000  -0.000000  1.000000  0.000000  -1.000000  -0.000000  0.000045  0.000000  
106.162679 0.009290  0.094363  -0.010225  0.998957  -0.037724  -0.025728  0.030652  0.136385  0.990182  -0.033845  -0.989937  0.137399  0.001438  -0.003870  0.001684  -0.178934  -0.024791  0.021387  2.000000  1.000000  0.000000  0.000000  0.000000  -0.000000  1.000000  0.000000  -1.000000  -0.000000  1.000000  0.000246  0.000797  -0.000243  0.999993  -0.003788  -0.000798  0.003788  0.999993  1.000000  0.000000  0.000000  0.000000  1.000000  0.000000  0.000000  0.000000  1.000000  1.000000  0.000000  0.000000  0.000000  -0.000000  1.000000  0.000000  -1.000000  -0.000000  0.000046  0.000000  
106.163933 0.009291  0.094358  -0.010224  0.998957  -0.037733  -0.025714  0.030652  0.136745  0.990132  -0.033845  -0.989887  0.137759  0.001414  -0.003946  0.001720  -0.184388  -0.025583  0.017104  2.000000  1.000000  0.000000  0.000000  0.000000  -0.000000  1.000000  0.000000  -1.000000  -0.000000  1.000000  0.000085  0.000611  -0.000083  0.999992  -0.003902  -0.000612  0.003902  0.999992  1.000000  0.000000  0.000000  0.000000  1.000000  0.000000  0.000000  0.000000  1.000000  1.000000  0.000000  0.000000  0.000000  -0.000000  1.000000  0.000000  -1.000000  -0.000000  0.000046  0.000000  
106.165174 0.009293  0.094353  -0.010222  0.998957  -0.037740  -0.025705  0.030652  0.136986  0.990099  -0.033845  -0.989854  0.138000  0.001429  -0.003981  0.001731  -0.186964  -0.025376  0.016973  2.000000  1.000000  0.000000  0.000000  0.000000  -0.000000  1.000000  0.000000  -1.000000  -0.000000  1.000000  0.000085  0.000611  -0.000083  0.999993  -0.003781  -0.000612  0.003781  0.999993  1.000000  0.000000  0.000000  0.000000  1.000000  0.000000  0.000000  0.000000  1.000000  1.000000  0.000000  0.000000  0.000000  -0.000000  1.000000  0.000000  -1.000000  -0.000000  0.000047  0.000000  
106.166179 0.009295  0.094350  -0.010220  0.998963  -0.037714  -0.025497  0.030447  0.137113  0.990087  -0.033845  -0.989837  0.138120  0.001452  -0.003965  0.001798  -0.184691  -0.033050  0.013600  2.000000  1.000000  0.000000  0.000000  0.000000  -0.000000  1.000000  0.000000  -1.000000  -0.000000  1.000000  0.000085  0.000611  -0.000083  0.999992  -0.003902  -0.000612  0.003902  0.999992  1.000000  0.000000  0.000000  0.000000  1.000000  0.000000  0.000000  0.000000  1.000000  1.000000  0.000000  0.000000  0.000000  -0.000000  1.000000  0.000000  -1.000000  -0.000000  0.000047  0.000000  
106.167428 0.009297  0.094344  -0.010218  0.998963  -0.037724  -0.025483  0.030447  0.137474  0.990037  -0.033845  -0.989787  0.138480  0.001443  -0.004023  0.001751  -0.191211  -0.032766  0.013493  2.000000  1.000000  0.000000  0.000000  0.000000  -0.000000  1.000000  0.000000  -1.000000  -0.000000  1.000000  0.000114  0.000815  -0.000111  0.999992  -0.003909  -0.000816  0.003909  0.999992  1.000000  0.000000  0.000000  0.000000  1.000000  0.000000  0.000000  0.000000  1.000000  1.000000  0.000000  0.000000  0.000000  -0.000000  1.000000  0.000000  -1.000000  -0.000000  0.000048  0.000000  
106.168431 0.009298  0.094341  -0.010217  0.998963  -0.037727  -0.025478  0.030447  0.137594  0.990021  -0.033845  -0.989770  0.138600  0.001450  -0.004009  0.001705  -0.187161  -0.032763  0.013498  2.000000  1.000000  0.000000  0.000000  0.000000  -0.000000  1.000000  0.000000  -1.000000  -0.000000  1.000000  0.000086  0.000611  -0.000083  0.999992  -0.004024  -0.000612  0.004024  0.999992  1.000000  0.000000  0.000000  0.000000  1.000000  0.000000  0.000000  0.000000  1.000000  1.000000  0.000000  0.000000  0.000000  -0.000000  1.000000  0.000000  -1.000000  -0.000000  0.000049  0.000000  
106.169688 0.009299  0.094336  -0.010215  0.998968  -0.037601  -0.025488  0.030447  0.137838  0.989987  -0.033711  -0.989741  0.138841  0.001414  -0.004028  0.001682  -0.188689  -0.033028  0.013617  2.000000  1.000000  0.000000  0.000000  0.000000  -0.000000  1.000000  0.000000  -1.000000  -0.000000  1.000000  0.000218  0.000593  -0.000216  0.999992  -0.004024  -0.000594  0.004024  0.999992  1.000000  0.000000  0.000000  0.000000  1.000000  0.000000  0.000000  0.000000  1.000000  1.000000  0.000000  0.000000  0.000000  -0.000000  1.000000  0.000000  -1.000000  -0.000000  0.000049  0.000000  
106.170928 0.009300  0.094330  -0.010213  0.998974  -0.037581  -0.025270  0.030241  0.138206  0.989942  -0.033711  -0.989690  0.139201  0.001350  -0.004071  0.001633  -0.197148  -0.039889  0.014574  2.000000  1.000000  0.000000  0.000000  0.000000  -0.000000  1.000000  0.000000  -1.000000  -0.000000  1.000000  0.000247  0.000796  -0.000244  0.999992  -0.004031  -0.000797  0.004031  0.999992  1.000000  0.000000  0.000000  0.000000  1.000000  0.000000  0.000000  0.000000  1.000000  1.000000  0.000000  0.000000  0.000000  -0.000000  1.000000  0.000000  -1.000000  -0.000000  0.000049  0.000000  
106.171931 0.009301  0.094326  -0.010212  0.998974  -0.037584  -0.025266  0.030241  0.138326  0.989925  -0.033711  -0.989673  0.139321  0.001347  -0.004043  0.001585  -0.193024  -0.039877  0.014577  2.000000  1.000000  0.000000  0.000000  0.000000  -0.000000  1.000000  0.000000  -1.000000  -0.000000  1.000000  0.000247  0.000796  -0.000244  0.999991  -0.004152  -0.000797  0.004152  0.999991  1.000000  0.000000  0.000000  0.000000  1.000000  0.000000  0.000000  0.000000  1.000000  1.000000  0.000000  0.000000  0.000000  -0.000000  1.000000  0.000000  -1.000000  -0.000000  0.000050  0.000000  
106.172937 0.009302  0.094321  -0.010210  0.998974  -0.037591  -0.025257  0.030241  0.138566  0.989891  -0.033711  -0.989640  0.139561  0.001346  -0.004043  0.001585  -0.196964  -0.033656  0.009188  2.000000  1.000000  0.000000  0.000000  0.000000  -0.000000  1.000000  0.000000  -1.000000  -0.000000  1.000000  0.000247  0.000796  -0.000244  0.999991  -0.004152  -0.000797  0.004152  0.999991  1.000000  0.000000  0.000000  0.000000  1.000000  0.000000  0.000000  0.000000  1.000000  1.000000  0.000000  0.000000  0.000000  -0.000000  1.000000  0.000000  -1.000000  -0.000000  0.000051  0.000000  
106.174188 0.009304  0.094317  -0.010208  0.998980  -0.037568  -0.025044  0.030036  0.138814  0.989863  -0.033711  -0.989606  0.139801  0.001329  -0.003968  0.001517  -0.197046  -0.040476  0.010137  2.000000  1.000000  0.000000  0.000000  0.000000  -0.000000  1.000000  0.000000  -1.000000  -0.000000  0.999999  0.000276  0.001000  -0.000272  0.999991  -0.004159  -0.001001  0.004159  0.999991  1.000000  0.000000  0.000000  0.000000  1.000000  0.000000  0.000000  0.000000  1.000000  1.000000  0.000000  0.000000  0.000000  -0.000000  1.000000  0.000000  -1.000000  -0.000000  0.000050  0.000000  
106.175189 0.009305  0.094313  -0.010207  0.998985  -0.037442  -0.025053  0.030036  0.139058  0.989829  -0.033577  -0.989576  0.140042  0.001288  -0.003972  0.001486  -0.201304  -0.039894  0.014611  2.000000  1.000000  0.000000  0.000000  0.000000  -0.000000  1.000000  0.000000  -1.000000  -0.000000  0.999999  0.000409  0.000981  -0.000405  0.999991  -0.004280  -0.000983  0.004280  0.999990  1.000000  0.000000  0.000000  0.000000  1.000000  0.000000  0.000000  0.000000  1.000000  1.000000  0.000000  0.000000  0.000000  -0.000000  1.000000  0.000000  -1.000000  -0.000000  0.000051  0.000000  
106.176429 0.009306  0.094308  -0.010205  0.998985  -0.037448  -0.025044  0.030036  0.139298  0.989795  -0.033577  -0.989542  0.140282  0.001235  -0.003959  0.001488  -0.201211  -0.039873  0.014614  2.000000  1.000000  0.000000  0.000000  0.000000  -0.000000  1.000000  0.000000  -1.000000  -0.000000  1.000000  0.000380  0.000777  -0.000377  0.999990  -0.004395  -0.000779  0.004394  0.999990  1.000000  0.000000  0.000000  0.000000  1.000000  0.000000  0.000000  0.000000  1.000000  1.000000  0.000000  0.000000  0.000000  -0.000000  1.000000  0.000000  -1.000000  -0.000000  0.000051  0.000000  
106.177458 0.009308  0.094305  -0.010204  0.998991  -0.037425  -0.024832  0.029830  0.139546  0.989766  -0.033577  -0.989508  0.140522  0.001227  -0.003920  0.001433  -0.201207  -0.046665  0.015557  2.000000  1.000000  0.000000  0.000000  0.000000  -0.000000  1.000000  0.000000  -1.000000  -0.000000  0.999999  0.000410  0.000981  -0.000405  0.999990  -0.004402  -0.000983  0.004401  0.999990  1.000000  0.000000  0.000000  0.000000  1.000000  0.000000  0.000000  0.000000  1.000000  1.000000  0.000000  0.000000  0.000000  -0.000000  1.000000  0.000000  -1.000000  -0.000000  0.000053  0.000000  
106.178697 0.009310  0.094301  -0.010203  0.998991  -0.037431  -0.024822  0.029830  0.139786  0.989732  -0.033577  -0.989474  0.140762  0.001249  -0.003871  0.001446  -0.201046  -0.039833  0.014621  2.000000  1.000000  0.000000  0.000000  0.000000  -0.000000  1.000000  0.000000  -1.000000  -0.000000  0.999999  0.000410  0.000981  -0.000405  0.999990  -0.004523  -0.000983  0.004522  0.999989  1.000000  0.000000  0.000000  0.000000  1.000000  0.000000  0.000000  0.000000  1.000000  1.000000  0.000000  0.000000  0.000000  -0.000000  1.000000  0.000000  -1.000000  -0.000000  0.000052  0.000000  
106.180023 0.009312  0.094296  -0.010202  0.998991  -0.037437  -0.024813  0.029830  0.140026  0.989698  -0.033577  -0.989440  0.141002  0.001248  -0.003806  0.001345  -0.200545  -0.039730  0.014594  2.000000  1.000000  0.000000  0.000000  0.000000  -0.000000  1.000000  0.000000  -1.000000  -0.000000  0.999999  0.000410  0.000981  -0.000406  0.999990  -0.004523  -0.000983  0.004522  0.999989  1.000000  0.000000  0.000000  0.000000  1.000000  0.000000  0.000000  0.000000  1.000000  1.000000  0.000000  0.000000  0.000000  -0.000000  1.000000  0.000000  -1.000000  -0.000000  0.000052  0.000000  
106.181195 0.009313  0.094292  -0.010201  0.999001  -0.037285  -0.024615  0.029625  0.140398  0.989652  -0.033443  -0.989393  0.141362  0.001227  -0.003835  0.001285  -0.209436  -0.046051  0.020049  2.000000  1.000000  0.000000  0.000000  0.000000  -0.000000  1.000000  0.000000  -1.000000  -0.000000  0.999999  0.000572  0.001165  -0.000567  0.999990  -0.004530  -0.001168  0.004529  0.999989  1.000000  0.000000  0.000000  0.000000  1.000000  0.000000  0.000000  0.000000  1.000000  1.000000  0.000000  0.000000  0.000000  -0.000000  1.000000  0.000000  -1.000000  -0.000000  0.000053  0.000000  
106.182518 0.009315  0.094287  -0.010201  0.999001  -0.037291  -0.024606  0.029625  0.140638  0.989618  -0.033443  -0.989359  0.141602  0.001195  -0.003801  0.001165  -0.208930  -0.045935  0.020012  2.000000  1.000000  0.000000  0.000000  0.000000  -0.000000  1.000000  0.000000  -1.000000  -0.000000  0.999999  0.000572  0.001165  -0.000567  0.999990  -0.004530  -0.001168  0.004529  0.999989  1.000000  0.000000  0.000000  0.000000  1.000000  0.000000  0.000000  0.000000  1.000000  1.000000  0.000000  0.000000  0.000000  -0.000000  1.000000  0.000000  -1.000000  -0.000000  0.000053  0.000000  
106.183676 0.009317  0.094283  -0.010200  0.999008  -0.037268  -0.024393  0.029419  0.140886  0.989589  -0.033443  -0.989324  0.141843  0.001249  -0.003778  0.001110  -0.208083  -0.052486  0.020872  2.000000  1.000000  0.000000  0.000000  0.000000  -0.000000  1.000000  0.000000  -1.000000  -0.000000  0.999999  0.000602  0.001369  -0.000595  0.999989  -0.004658  -0.001372  0.004657  0.999988  1.000000  0.000000  0.000000  0.000000  1.000000  0.000000  0.000000  0.000000  1.000000  1.000000  0.000000  0.000000  0.000000  -0.000000  1.000000  0.000000  -1.000000  -0.000000  0.000053  0.000000  
106.184679 0.009318  0.094279  -0.010200  0.999008  -0.037271  -0.024389  0.029419  0.141006  0.989572  -0.033443  -0.989307  0.141963  0.001232  -0.003776  0.001008  -0.204052  -0.052486  0.020883  2.000000  1.000000  0.000000  0.000000  0.000000  -0.000000  1.000000  0.000000  -1.000000  -0.000000  0.999999  0.000573  0.001165  -0.000567  0.999989  -0.004651  -0.001168  0.004650  0.999989  1.000000  0.000000  0.000000  0.000000  1.000000  0.000000  0.000000  0.000000  1.000000  1.000000  0.000000  0.000000  0.000000  -0.000000  1.000000  0.000000  -1.000000  -0.000000  0.000053  0.000000  
106.185928 0.009320  0.094274  -0.010200  0.999012  -0.037148  -0.024394  0.029419  0.141370  0.989520  -0.033310  -0.989260  0.142323  0.001295  -0.003725  0.000860  -0.211891  -0.045063  0.024356  2.000000  1.000000  0.000000  0.000000  0.000000  -0.000000  1.000000  0.000000  -1.000000  -0.000000  0.999999  0.000705  0.001146  -0.000700  0.999989  -0.004651  -0.001149  0.004650  0.999989  1.000000  0.000000  0.000000  0.000000  1.000000  0.000000  0.000000  0.000000  1.000000  1.000000  0.000000  0.000000  0.000000  -0.000000  1.000000  0.000000  -1.000000  -0.000000  0.000054  0.000000  
106.186939 0.009321  0.094271  -0.010199  0.999018  -0.037121  -0.024186  0.029213  0.141498  0.989507  -0.033310  -0.989242  0.142443  0.001329  -0.003673  0.000834  -0.209787  -0.052277  0.025529  2.000000  1.000000  0.000000  0.000000  0.000000  -0.000000  1.000000  0.000000  -1.000000  -0.000000  0.999999  0.000735  0.001349  -0.000729  0.999989  -0.004658  -0.001353  0.004657  0.999988  1.000000  0.000000  0.000000  0.000000  1.000000  0.000000  0.000000  0.000000  1.000000  1.000000  0.000000  0.000000  0.000000  -0.000000  1.000000  0.000000  -1.000000  -0.000000  0.000054  0.000000  
