1-Time 2-Px 3-Py 4-Pz 5-R11 6-R21 7-R31 8-R12 9-R22 10-R32 11-R13 12-R23 13-R33 14-Vx 15-Vy 16-Vz 17-Wx 18-Wy 19-Wz 20-state 21-PR11 22-PR21 23-PR31 24-PR12 25-PR22 26-PR32 27-PR13 28-PR23 29-PR33 
111.527352 0.003426  0.088875  -0.009896  0.998965  -0.022031  0.039784  -0.038065  0.073606  0.996561  -0.024884  -0.997044  0.072691  0.000179  -0.000273  0.000133  0.149403  -0.171700  0.003971  2.000000  1.000000  0.000000  0.000000  0.000000  -0.000000  1.000000  0.000000  -1.000000  -0.000000  0.999994  -0.000012  0.003509  0.000002  0.999995  0.003067  -0.003509  -0.003067  0.999989  1.000000  0.000000  0.000000  0.000000  1.000000  0.000000  0.000000  0.000000  1.000000  0.404669  0.696460  0.592610  -0.636708  -0.250567  0.729259  0.656389  -0.672428  0.342045  0.000057  0.000000  
111.528362 0.003426  0.088876  -0.009896  0.998965  -0.022036  0.039782  -0.038065  0.073485  0.996570  -0.024884  -0.997053  0.072571  0.000157  -0.000256  0.000022  0.000000  0.000000  0.000000  2.000000  1.000000  0.000000  0.000000  0.000000  -0.000000  1.000000  0.000000  -1.000000  -0.000000  0.999995  -0.000027  0.003304  0.000018  0.999996  0.002830  -0.003304  -0.002830  0.999991  1.000000  0.000000  0.000000  0.000000  1.000000  0.000000  0.000000  0.000000  1.000000  1.000000  0.000000  0.000000  0.000000  -0.000000  1.000000  0.000000  -1.000000  -0.000000  0.000000  0.000000  
111.529612 0.003426  0.088874  -0.009898  0.998958  -0.022026  0.039984  -0.038271  0.073369  0.996570  -0.024884  -0.997062  0.072450  0.000104  -0.000390  -0.000089  0.000000  0.000000  0.000000  2.000000  1.000000  0.000000  0.000000  0.000000  -0.000000  1.000000  0.000000  -1.000000  -0.000000  0.999995  0.000106  0.003294  -0.000115  0.999996  0.002829  -0.003294  -0.002830  0.999991  1.000000  0.000000  0.000000  0.000000  1.000000  0.000000  0.000000  0.000000  1.000000  1.000000  0.000000  0.000000  0.000000  -0.000000  1.000000  0.000000  -1.000000  -0.000000  0.000000  0.000000  
111.530859 0.003425  0.088871  -0.009899  0.998954  -0.022164  0.039991  -0.038271  0.073253  0.996579  -0.025018  -0.997067  0.072328  0.000076  -0.000531  -0.000270  0.000000  0.000000  0.000000  2.000000  1.000000  0.000000  0.000000  0.000000  -0.000000  1.000000  0.000000  -1.000000  -0.000000  0.999996  -0.000058  0.002893  0.000050  0.999996  0.002718  -0.002893  -0.002718  0.999992  1.000000  0.000000  0.000000  0.000000  1.000000  0.000000  0.000000  0.000000  1.000000  1.000000  0.000000  0.000000  0.000000  -0.000000  1.000000  0.000000  -1.000000  -0.000000  0.000000  0.000000  
111.532111 0.003425  0.088867  -0.009901  0.998943  -0.022287  0.040203  -0.038476  0.073142  0.996579  -0.025151  -0.997072  0.072207  0.000051  -0.000718  -0.000396  0.000000  0.000000  0.000000  2.000000  1.000000  0.000000  0.000000  0.000000  -0.000000  1.000000  0.000000  -1.000000  -0.000000  0.999996  -0.000192  0.002903  0.000184  0.999996  0.002718  -0.002903  -0.002718  0.999992  1.000000  0.000000  0.000000  0.000000  1.000000  0.000000  0.000000  0.000000  1.000000  1.000000  0.000000  0.000000  0.000000  -0.000000  1.000000  0.000000  -1.000000  -0.000000  0.000000  0.000000  
111.533361 0.003426  0.088864  -0.009902  0.998940  -0.022425  0.040210  -0.038476  0.073026  0.996588  -0.025285  -0.997078  0.072086  0.000053  -0.000900  -0.000457  0.000000  0.000000  0.000000  2.000000  1.000000  0.000000  0.000000  0.000000  -0.000000  1.000000  0.000000  -1.000000  -0.000000  0.999996  -0.000207  0.002697  0.000200  0.999996  0.002723  -0.002698  -0.002722  0.999993  1.000000  0.000000  0.000000  0.000000  1.000000  0.000000  0.000000  0.000000  1.000000  1.000000  0.000000  0.000000  0.000000  -0.000000  1.000000  0.000000  -1.000000  -0.000000  0.000000  0.000000  
111.534610 0.003426  0.088859  -0.009904  0.998940  -0.022430  0.040207  -0.038476  0.072905  0.996596  -0.025285  -0.997087  0.071965  0.000052  -0.001160  -0.000553  0.000000  0.000000  0.000000  2.000000  1.000000  0.000000  0.000000  0.000000  -0.000000  1.000000  0.000000  -1.000000  -0.000000  0.999997  -0.000237  0.002287  0.000231  0.999996  0.002733  -0.002288  -0.002733  0.999994  1.000000  0.000000  0.000000  0.000000  1.000000  0.000000  0.000000  0.000000  1.000000  1.000000  0.000000  0.000000  0.000000  -0.000000  1.000000  0.000000  -1.000000  -0.000000  0.000000  0.000000  
111.535863 0.003427  0.088854  -0.009904  0.998932  -0.022420  0.040410  -0.038682  0.072789  0.996597  -0.025285  -0.997095  0.071844  0.000118  -0.001415  -0.000555  0.000000  0.000000  0.000000  2.000000  1.000000  0.000000  0.000000  0.000000  -0.000000  1.000000  0.000000  -1.000000  -0.000000  0.999997  -0.000238  0.002287  0.000232  0.999997  0.002612  -0.002287  -0.002611  0.999994  1.000000  0.000000  0.000000  0.000000  1.000000  0.000000  0.000000  0.000000  1.000000  1.000000  0.000000  0.000000  0.000000  -0.000000  1.000000  0.000000  -1.000000  -0.000000  0.000000  0.000000  
111.537108 0.003429  0.088849  -0.009905  0.998932  -0.022425  0.040407  -0.038682  0.072668  0.996606  -0.025285  -0.997104  0.071723  0.000237  -0.001731  -0.000644  0.000000  0.000000  0.000000  2.000000  1.000000  0.000000  0.000000  0.000000  -0.000000  1.000000  0.000000  -1.000000  -0.000000  0.999998  -0.000267  0.001876  0.000263  0.999997  0.002501  -0.001877  -0.002501  0.999995  1.000000  0.000000  0.000000  0.000000  1.000000  0.000000  0.000000  0.000000  1.000000  1.000000  0.000000  0.000000  0.000000  -0.000000  1.000000  0.000000  -1.000000  -0.000000  0.000000  0.000000  
111.538359 0.003431  0.088843  -0.009906  0.998920  -0.022548  0.040619  -0.038887  0.072557  0.996606  -0.025419  -0.997109  0.071602  0.000333  -0.002096  -0.000742  0.000000  0.000000  0.000000  2.000000  1.000000  0.000000  0.000000  0.000000  -0.000000  1.000000  0.000000  -1.000000  -0.000000  0.999998  -0.000401  0.001886  0.000397  0.999997  0.002380  -0.001887  -0.002379  0.999995  1.000000  0.000000  0.000000  0.000000  1.000000  0.000000  0.000000  0.000000  1.000000  1.000000  0.000000  0.000000  0.000000  -0.000000  1.000000  0.000000  -1.000000  -0.000000  0.000000  0.000000  
111.539608 0.003432  0.088838  -0.009907  0.998917  -0.022691  0.040623  -0.038887  0.072321  0.996623  -0.025553  -0.997123  0.071360  0.000411  -0.002480  -0.000759  0.000000  0.000000  0.000000  2.000000  1.000000  0.000000  0.000000  0.000000  -0.000000  1.000000  0.000000  -1.000000  -0.000000  0.999999  -0.000416  0.001681  0.000412  0.999997  0.002385  -0.001681  -0.002384  0.999996  1.000000  0.000000  0.000000  0.000000  1.000000  0.000000  0.000000  0.000000  1.000000  1.000000  0.000000  0.000000  0.000000  -0.000000  1.000000  0.000000  -1.000000  -0.000000  0.000000  0.000000  
111.540608 0.003433  0.088832  -0.009907  0.998909  -0.022677  0.040828  -0.039093  0.072325  0.996615  -0.025553  -0.997123  0.071360  0.000487  -0.002799  -0.000810  0.000000  0.000000  0.000000  2.000000  1.000000  0.000000  0.000000  0.000000  -0.000000  1.000000  0.000000  -1.000000  -0.000000  0.999998  -0.000683  0.001700  0.000679  0.999997  0.002264  -0.001701  -0.002263  0.999996  1.000000  0.000000  0.000000  0.000000  1.000000  0.000000  0.000000  0.000000  1.000000  1.000000  0.000000  0.000000  0.000000  -0.000000  1.000000  0.000000  -1.000000  -0.000000  0.000000  0.000000  
111.541858 0.003435  0.088826  -0.009907  0.998897  -0.022800  0.041040  -0.039298  0.072214  0.996615  -0.025687  -0.997129  0.071239  0.000613  -0.003348  -0.000790  0.000000  0.000000  0.000000  2.000000  1.000000  0.000000  0.000000  0.000000  -0.000000  1.000000  0.000000  -1.000000  -0.000000  0.999998  -0.000817  0.001709  0.000813  0.999997  0.002143  -0.001711  -0.002141  0.999996  1.000000  0.000000  0.000000  0.000000  1.000000  0.000000  0.000000  0.000000  1.000000  1.000000  0.000000  0.000000  0.000000  -0.000000  1.000000  0.000000  -1.000000  -0.000000  0.000000  0.000000  
111.542858 0.003436  0.088819  -0.009907  0.998894  -0.022933  0.041050  -0.039298  0.072220  0.996614  -0.025820  -0.997125  0.071238  0.000653  -0.003743  -0.000759  0.000000  0.000000  0.000000  2.000000  1.000000  0.000000  0.000000  0.000000  -0.000000  1.000000  0.000000  -1.000000  -0.000000  0.999998  -0.000965  0.001513  0.000962  0.999997  0.002026  -0.001515  -0.002025  0.999997  1.000000  0.000000  0.000000  0.000000  1.000000  0.000000  0.000000  0.000000  1.000000  1.000000  0.000000  0.000000  0.000000  -0.000000  1.000000  0.000000  -1.000000  -0.000000  0.000000  0.000000  
111.543859 0.003436  0.088813  -0.009906  0.998882  -0.023057  0.041262  -0.039504  0.072109  0.996614  -0.025954  -0.997130  0.071117  0.000691  -0.004174  -0.000646  0.000000  0.000000  0.000000  2.000000  1.000000  0.000000  0.000000  0.000000  -0.000000  1.000000  0.000000  -1.000000  -0.000000  0.999998  -0.001084  0.001728  0.001080  0.999997  0.002021  -0.001730  -0.002019  0.999996  1.000000  0.000000  0.000000  0.000000  1.000000  0.000000  0.000000  0.000000  1.000000  1.000000  0.000000  0.000000  0.000000  -0.000000  1.000000  0.000000  -1.000000  -0.000000  0.000000  0.000000  
111.544862 0.003436  0.088807  -0.009906  0.998871  -0.023175  0.041476  -0.039709  0.072119  0.996605  -0.026088  -0.997127  0.071117  0.000743  -0.004423  -0.000537  0.000000  0.000000  0.000000  2.000000  1.000000  0.000000  0.000000  0.000000  -0.000000  1.000000  0.000000  -1.000000  -0.000000  0.999998  -0.000965  0.001513  0.000962  0.999998  0.001905  -0.001515  -0.001903  0.999997  1.000000  0.000000  0.000000  0.000000  1.000000  0.000000  0.000000  0.000000  1.000000  1.000000  0.000000  0.000000  0.000000  -0.000000  1.000000  0.000000  -1.000000  -0.000000  0.000000  0.000000  
111.545867 0.003437  0.088800  -0.009905  0.998867  -0.023309  0.041486  -0.039709  0.072124  0.996605  -0.026222  -0.997123  0.071117  0.000796  -0.004729  -0.000339  0.000000  0.000000  0.000000  2.000000  1.000000  0.000000  0.000000  0.000000  -0.000000  1.000000  0.000000  -1.000000  -0.000000  0.999998  -0.001084  0.001728  0.001081  0.999998  0.001778  -0.001730  -0.001777  0.999997  1.000000  0.000000  0.000000  0.000000  1.000000  0.000000  0.000000  0.000000  1.000000  1.000000  0.000000  0.000000  0.000000  -0.000000  1.000000  0.000000  -1.000000  -0.000000  0.000000  0.000000  
111.547112 0.003436  0.088792  -0.009903  0.998855  -0.023432  0.041698  -0.039915  0.072013  0.996605  -0.026355  -0.997128  0.070996  0.000774  -0.005085  -0.000071  0.000000  0.000000  0.000000  2.000000  1.000000  0.000000  0.000000  0.000000  -0.000000  1.000000  0.000000  -1.000000  -0.000000  0.999997  -0.001203  0.001943  0.001200  0.999998  0.001773  -0.001945  -0.001771  0.999997  1.000000  0.000000  0.000000  0.000000  1.000000  0.000000  0.000000  0.000000  1.000000  1.000000  0.000000  0.000000  0.000000  -0.000000  1.000000  0.000000  -1.000000  -0.000000  0.000000  0.000000  
111.548387 0.003437  0.088783  -0.009901  0.998844  -0.023551  0.041912  -0.040120  0.072023  0.996596  -0.026489  -0.997125  0.070995  0.000759  -0.005388  0.000106  0.000000  0.000000  0.000000  2.000000  1.000000  0.000000  0.000000  0.000000  -0.000000  1.000000  0.000000  -1.000000  -0.000000  0.999997  -0.001455  0.002167  0.001452  0.999998  0.001647  -0.002169  -0.001644  0.999996  1.000000  0.000000  0.000000  0.000000  1.000000  0.000000  0.000000  0.000000  1.000000  1.000000  0.000000  0.000000  0.000000  -0.000000  1.000000  0.000000  -1.000000  -0.000000  0.000000  0.000000  
111.549612 0.003437  0.088775  -0.009899  0.998832  -0.023669  0.042127  -0.040325  0.072034  0.996587  -0.026623  -0.997121  0.070995  0.000725  -0.005649  0.000331  0.000000  0.000000  0.000000  2.000000  1.000000  0.000000  0.000000  0.000000  -0.000000  1.000000  0.000000  -1.000000  -0.000000  0.999996  -0.001589  0.002176  0.001585  0.999998  0.001526  -0.002179  -0.001522  0.999996  1.000000  0.000000  0.000000  0.000000  1.000000  0.000000  0.000000  0.000000  1.000000  1.000000  0.000000  0.000000  0.000000  -0.000000  1.000000  0.000000  -1.000000  -0.000000  0.000000  0.000000  
111.550861 0.003438  0.088768  -0.009897  0.998820  -0.023787  0.042342  -0.040531  0.072044  0.996578  -0.026757  -0.997118  0.070995  0.000669  -0.005797  0.000440  0.000000  0.000000  0.000000  2.000000  1.000000  0.000000  0.000000  0.000000  -0.000000  1.000000  0.000000  -1.000000  -0.000000  0.999996  -0.001574  0.002382  0.001571  0.999998  0.001399  -0.002384  -0.001395  0.999996  1.000000  0.000000  0.000000  0.000000  1.000000  0.000000  0.000000  0.000000  1.000000  1.000000  0.000000  0.000000  0.000000  -0.000000  1.000000  0.000000  -1.000000  -0.000000  0.000000  0.000000  
111.552112 0.003439  0.088760  -0.009895  0.998804  -0.024039  0.042566  -0.040736  0.072060  0.996568  -0.027024  -0.997111  0.070994  0.000636  -0.005970  0.000702  0.000000  0.000000  0.000000  2.000000  1.000000  0.000000  0.000000  0.000000  -0.000000  1.000000  0.000000  -1.000000  -0.000000  0.999996  -0.001574  0.002382  0.001571  0.999998  0.001277  -0.002384  -0.001273  0.999996  1.000000  0.000000  0.000000  0.000000  1.000000  0.000000  0.000000  0.000000  1.000000  1.000000  0.000000  0.000000  0.000000  -0.000000  1.000000  0.000000  -1.000000  -0.000000  0.000000  0.000000  
111.553358 0.003440  0.088751  -0.009894  0.998784  -0.024143  0.042986  -0.041147  0.072075  0.996550  -0.027158  -0.997107  0.070994  0.000609  -0.006135  0.000810  0.000000  0.000000  0.000000  2.000000  1.000000  0.000000  0.000000  0.000000  -0.000000  1.000000  0.000000  -1.000000  -0.000000  0.999995  -0.001678  0.002802  0.001675  0.999998  0.001145  -0.002804  -0.001140  0.999995  1.000000  0.000000  0.000000  0.000000  1.000000  0.000000  0.000000  0.000000  1.000000  1.000000  0.000000  0.000000  0.000000  -0.000000  1.000000  0.000000  -1.000000  -0.000000  0.000000  0.000000  
111.554360 0.003441  0.088745  -0.009892  0.998772  -0.024261  0.043200  -0.041353  0.072086  0.996541  -0.027292  -0.997103  0.070994  0.000593  -0.006297  0.000997  0.000000  0.000000  0.000000  2.000000  1.000000  0.000000  0.000000  0.000000  -0.000000  1.000000  0.000000  -1.000000  -0.000000  0.999994  -0.001797  0.003017  0.001794  0.999998  0.001019  -0.003018  -0.001013  0.999995  1.000000  0.000000  0.000000  0.000000  1.000000  0.000000  0.000000  0.000000  1.000000  1.000000  0.000000  0.000000  0.000000  -0.000000  1.000000  0.000000  -1.000000  -0.000000  0.000000  0.000000  
111.555361 0.003442  0.088737  -0.009890  0.998760  -0.024380  0.043415  -0.041558  0.072096  0.996532  -0.027425  -0.997100  0.070993  0.000550  -0.006432  0.001170  0.000000  0.000000  0.000000  2.000000  1.000000  0.000000  0.000000  0.000000  -0.000000  1.000000  0.000000  -1.000000  -0.000000  0.999994  -0.001931  0.003026  0.001928  0.999998  0.000776  -0.003028  -0.000770  0.999995  1.000000  0.000000  0.000000  0.000000  1.000000  0.000000  0.000000  0.000000  1.000000  1.000000  0.000000  0.000000  0.000000  -0.000000  1.000000  0.000000  -1.000000  -0.000000  0.000000  0.000000  
111.556362 0.003443  0.088730  -0.009888  0.998747  -0.024498  0.043630  -0.041764  0.072107  0.996522  -0.027559  -0.997096  0.070993  0.000539  -0.006541  0.001362  0.000000  0.000000  0.000000  2.000000  1.000000  0.000000  0.000000  0.000000  -0.000000  1.000000  0.000000  -1.000000  -0.000000  0.999993  -0.002049  0.003241  0.002047  0.999998  0.000771  -0.003242  -0.000764  0.999994  1.000000  0.000000  0.000000  0.000000  1.000000  0.000000  0.000000  0.000000  1.000000  1.000000  0.000000  0.000000  0.000000  -0.000000  1.000000  0.000000  -1.000000  -0.000000  0.000000  0.000000  
111.557363 0.003443  0.088722  -0.009886  0.998726  -0.024602  0.044050  -0.042175  0.072122  0.996504  -0.027693  -0.997092  0.070993  0.000526  -0.006707  0.001427  0.000000  0.000000  0.000000  2.000000  1.000000  0.000000  0.000000  0.000000  -0.000000  1.000000  0.000000  -1.000000  -0.000000  0.999992  -0.002168  0.003456  0.002166  0.999997  0.000644  -0.003457  -0.000637  0.999994  1.000000  0.000000  0.000000  0.000000  1.000000  0.000000  0.000000  0.000000  1.000000  1.000000  0.000000  0.000000  0.000000  -0.000000  1.000000  0.000000  -1.000000  -0.000000  0.000000  0.000000  
111.558374 0.003444  0.088714  -0.009883  0.998714  -0.024720  0.044264  -0.042380  0.072133  0.996494  -0.027827  -0.997089  0.070993  0.000552  -0.006852  0.001606  0.000000  0.000000  0.000000  2.000000  1.000000  0.000000  0.000000  0.000000  -0.000000  1.000000  0.000000  -1.000000  -0.000000  0.999992  -0.002035  0.003446  0.002033  0.999998  0.000523  -0.003447  -0.000516  0.999994  1.000000  0.000000  0.000000  0.000000  1.000000  0.000000  0.000000  0.000000  1.000000  1.000000  0.000000  0.000000  0.000000  -0.000000  1.000000  0.000000  -1.000000  -0.000000  0.000000  0.000000  
111.559618 0.003445  0.088703  -0.009880  0.998701  -0.024839  0.044479  -0.042586  0.072144  0.996485  -0.027960  -0.997085  0.070992  0.000590  -0.007040  0.001757  0.000000  0.000000  0.000000  2.000000  1.000000  0.000000  0.000000  0.000000  -0.000000  1.000000  0.000000  -1.000000  -0.000000  0.999990  -0.002139  0.003866  0.002138  0.999998  0.000391  -0.003867  -0.000382  0.999992  1.000000  0.000000  0.000000  0.000000  1.000000  0.000000  0.000000  0.000000  1.000000  1.000000  0.000000  0.000000  0.000000  -0.000000  1.000000  0.000000  -1.000000  -0.000000  0.000000  0.000000  
111.560857 0.003446  0.088691  -0.009877  0.998680  -0.024942  0.044899  -0.042997  0.072160  0.996466  -0.028094  -0.997081  0.070992  0.000651  -0.007272  0.001838  0.000000  0.000000  0.000000  2.000000  1.000000  0.000000  0.000000  0.000000  -0.000000  1.000000  0.000000  -1.000000  -0.000000  0.999989  -0.002124  0.004071  0.002123  0.999998  0.000264  -0.004072  -0.000255  0.999992  1.000000  0.000000  0.000000  0.000000  1.000000  0.000000  0.000000  0.000000  1.000000  1.000000  0.000000  0.000000  0.000000  -0.000000  1.000000  0.000000  -1.000000  -0.000000  0.000000  0.000000  
111.561864 0.003447  0.088683  -0.009875  0.998671  -0.024922  0.045107  -0.043202  0.072286  0.996448  -0.028094  -0.997073  0.071113  0.000753  -0.007392  0.001891  0.000000  0.000000  0.000000  2.000000  1.000000  0.000000  0.000000  0.000000  -0.000000  1.000000  0.000000  -1.000000  -0.000000  0.999989  -0.002109  0.004277  0.002109  0.999998  0.000015  -0.004277  -0.000006  0.999991  1.000000  0.000000  0.000000  0.000000  1.000000  0.000000  0.000000  0.000000  1.000000  1.000000  0.000000  0.000000  0.000000  -0.000000  1.000000  0.000000  -1.000000  -0.000000  0.000000  0.000000  
111.563113 0.003449  0.088672  -0.009873  0.998646  -0.025159  0.045536  -0.043613  0.072308  0.996428  -0.028362  -0.997065  0.071113  0.000835  -0.007587  0.001894  0.027976  -0.179895  -0.090784  2.000000  1.000000  0.000000  0.000000  0.000000  -0.000000  1.000000  0.000000  -1.000000  -0.000000  0.999988  -0.002095  0.004482  0.002095  0.999998  0.000009  -0.004482  0.000000  0.999990  1.000000  0.000000  0.000000  0.000000  1.000000  0.000000  0.000000  0.000000  1.000000  1.000000  0.000000  0.000000  0.000000  -0.000000  1.000000  0.000000  -1.000000  -0.000000  0.000050  0.000000  
111.564361 0.003451  0.088660  -0.009871  0.998624  -0.025262  0.045956  -0.044024  0.072324  0.996409  -0.028495  -0.997061  0.071112  0.000975  -0.007784  0.001893  0.023516  -0.194016  -0.094293  2.000000  1.000000  0.000000  0.000000  0.000000  -0.000000  1.000000  0.000000  -1.000000  -0.000000  0.999987  -0.002228  0.004492  0.002229  0.999998  -0.000113  -0.004491  0.000123  0.999990  1.000000  0.000000  0.000000  0.000000  1.000000  0.000000  0.000000  0.000000  1.000000  1.000000  0.000000  0.000000  0.000000  -0.000000  1.000000  0.000000  -1.000000  -0.000000  0.000052  0.000000  
111.565365 0.003453  0.088651  -0.009870  0.998611  -0.025381  0.046170  -0.044230  0.072335  0.996399  -0.028629  -0.997057  0.071112  0.001024  -0.007987  0.001871  0.019275  -0.192824  -0.098025  2.000000  1.000000  0.000000  0.000000  0.000000  -0.000000  1.000000  0.000000  -1.000000  -0.000000  0.999987  -0.002080  0.004687  0.002080  0.999998  -0.000119  -0.004687  0.000128  0.999989  1.000000  0.000000  0.000000  0.000000  1.000000  0.000000  0.000000  0.000000  1.000000  1.000000  0.000000  0.000000  0.000000  -0.000000  1.000000  0.000000  -1.000000  -0.000000  0.000054  0.000000  
111.566615 0.003455  0.088640  -0.009868  0.998589  -0.025484  0.046590  -0.044641  0.072351  0.996380  -0.028763  -0.997054  0.071112  0.001152  -0.008193  0.001910  0.014958  -0.208377  -0.102266  2.000000  1.000000  0.000000  0.000000  0.000000  -0.000000  1.000000  0.000000  -1.000000  -0.000000  0.999986  -0.002065  0.004893  0.002066  0.999998  -0.000125  -0.004892  0.000135  0.999988  1.000000  0.000000  0.000000  0.000000  1.000000  0.000000  0.000000  0.000000  1.000000  1.000000  0.000000  0.000000  0.000000  -0.000000  1.000000  0.000000  -1.000000  -0.000000  0.000056  0.000000  
111.567862 0.003458  0.088630  -0.009865  0.998576  -0.025603  0.046805  -0.044846  0.072363  0.996370  -0.028896  -0.997050  0.071111  0.001231  -0.008316  0.001990  0.010583  -0.213568  -0.100982  2.000000  1.000000  -0.000079  0.000191  -0.000191  0.000010  1.000000  -0.000079  -1.000000  0.000010  0.999985  -0.002051  0.005098  0.002052  0.999998  -0.000252  -0.005097  0.000263  0.999987  1.000000  -0.000026  0.000064  0.000026  1.000000  -0.000003  -0.000064  0.000003  1.000000  1.000000  -0.000079  0.000191  -0.000191  0.000010  1.000000  -0.000079  -1.000000  0.000010  0.000059  0.005501  
111.569114 0.003461  0.088620  -0.009861  0.998553  -0.025700  0.047228  -0.045257  0.072500  0.996341  -0.029030  -0.997037  0.071232  0.001363  -0.008445  0.002064  0.002314  -0.222516  -0.105791  2.000000  1.000000  -0.000210  0.000510  -0.000510  0.000026  1.000000  -0.000210  -1.000000  0.000026  0.999985  -0.002051  0.005098  0.002052  0.999998  -0.000253  -0.005097  0.000263  0.999987  1.000000  -0.000026  0.000064  0.000026  1.000000  -0.000003  -0.000064  0.000003  1.000000  1.000000  -0.000210  0.000510  -0.000510  0.000026  1.000000  -0.000210  -1.000000  0.000026  0.000059  0.005501  
111.570360 0.003464  0.088609  -0.009858  0.998540  -0.025819  0.047442  -0.045462  0.072512  0.996331  -0.029164  -0.997033  0.071232  0.001470  -0.008555  0.002123  -0.001792  -0.222543  -0.105821  2.000000  1.000000  -0.000340  0.000829  -0.000829  0.000050  1.000000  -0.000340  -1.000000  0.000049  0.999985  -0.002050  0.005098  0.002052  0.999998  -0.000375  -0.005097  0.000385  0.999987  1.000000  -0.000026  0.000064  0.000026  1.000000  -0.000005  -0.000064  0.000005  1.000000  1.000000  -0.000340  0.000829  -0.000829  0.000050  1.000000  -0.000340  -1.000000  0.000049  0.000061  0.005508  
111.571361 0.003465  0.088600  -0.009856  0.998531  -0.025804  0.047647  -0.045668  0.072517  0.996321  -0.029164  -0.997033  0.071232  0.001526  -0.008661  0.002093  -0.005883  -0.222203  -0.101343  2.000000  0.999999  -0.000442  0.001089  -0.001089  0.000069  0.999999  -0.000442  -1.000000  0.000068  0.999984  -0.002035  0.005303  0.002037  0.999998  -0.000381  -0.005303  0.000392  0.999986  1.000000  -0.000025  0.000066  0.000025  1.000000  -0.000005  -0.000066  0.000005  1.000000  0.999999  -0.000442  0.001089  -0.001089  0.000069  0.999999  -0.000442  -1.000000  0.000068  0.000062  0.005694  
111.572609 0.003468  0.088589  -0.009853  0.998504  -0.026034  0.048080  -0.046079  0.072661  0.996292  -0.029431  -0.997017  0.071352  0.001671  -0.008741  0.002116  -0.010303  -0.234464  -0.104002  2.000000  0.999999  -0.000566  0.001418  -0.001417  0.000098  0.999999  -0.000566  -1.000000  0.000097  0.999984  -0.001901  0.005294  0.001904  0.999998  -0.000504  -0.005293  0.000514  0.999986  1.000000  -0.000024  0.000066  0.000024  1.000000  -0.000006  -0.000066  0.000006  1.000000  0.999999  -0.000566  0.001418  -0.001417  0.000098  0.999999  -0.000566  -1.000000  0.000097  0.000062  0.005648  
111.573857 0.003470  0.088577  -0.009850  0.998491  -0.026147  0.048298  -0.046284  0.072793  0.996273  -0.029565  -0.997004  0.071473  0.001726  -0.008819  0.002135  -0.018417  -0.234395  -0.103971  2.000000  0.999998  -0.000692  0.001749  -0.001749  0.000130  0.999998  -0.000692  -1.000000  0.000129  0.999984  -0.002035  0.005304  0.002037  0.999998  -0.000504  -0.005303  0.000515  0.999986  1.000000  -0.000025  0.000066  0.000025  1.000000  -0.000006  -0.000066  0.000006  1.000000  0.999998  -0.000692  0.001749  -0.001749  0.000130  0.999998  -0.000692  -1.000000  0.000129  0.000064  0.005703  
111.574858 0.003472  0.088567  -0.009848  0.998477  -0.026265  0.048512  -0.046490  0.072805  0.996262  -0.029699  -0.997000  0.071473  0.001766  -0.008876  0.002085  -0.018449  -0.234418  -0.103982  2.000000  0.999998  -0.000769  0.001950  -0.001950  0.000154  0.999998  -0.000770  -1.000000  0.000152  0.999984  -0.002034  0.005304  0.002037  0.999998  -0.000626  -0.005303  0.000637  0.999986  1.000000  -0.000025  0.000066  0.000025  1.000000  -0.000008  -0.000066  0.000008  1.000000  0.999998  -0.000769  0.001950  -0.001950  0.000154  0.999998  -0.000770  -1.000000  0.000152  0.000066  0.005716  
111.576108 0.003474  0.088555  -0.009846  0.998460  -0.026511  0.048740  -0.046695  0.072943  0.996242  -0.029966  -0.996984  0.071593  0.001847  -0.008941  0.002066  -0.022730  -0.241566  -0.107919  2.000000  0.999997  -0.000900  0.002282  -0.002282  0.000195  0.999997  -0.000900  -1.000000  0.000193  0.999984  -0.002033  0.005304  0.002037  0.999998  -0.000748  -0.005303  0.000759  0.999986  1.000000  -0.000025  0.000066  0.000025  1.000000  -0.000009  -0.000066  0.000009  1.000000  0.999997  -0.000900  0.002282  -0.002282  0.000195  0.999997  -0.000900  -1.000000  0.000193  0.000066  0.005730  
111.577358 0.003477  0.088544  -0.009843  0.998436  -0.026614  0.049160  -0.047106  0.072960  0.996222  -0.030100  -0.996980  0.071593  0.001944  -0.008964  0.002098  -0.026999  -0.248412  -0.107449  2.000000  0.999996  -0.001032  0.002609  -0.002609  0.000242  0.999997  -0.001033  -0.999999  0.000240  0.999985  -0.002182  0.005108  0.002185  0.999997  -0.000743  -0.005107  0.000755  0.999987  1.000000  -0.000027  0.000064  0.000027  1.000000  -0.000009  -0.000064  0.000009  1.000000  0.999996  -0.001032  0.002609  -0.002609  0.000242  0.999997  -0.001033  -0.999999  0.000240  0.000067  0.005605  
111.578363 0.003479  0.088534  -0.009841  0.998427  -0.026593  0.049368  -0.047311  0.073087  0.996203  -0.030100  -0.996971  0.071714  0.001971  -0.009010  0.002159  -0.031081  -0.248274  -0.103057  2.000000  0.999995  -0.001136  0.002869  -0.002869  0.000282  0.999996  -0.001137  -0.999999  0.000278  0.999985  -0.002047  0.005099  0.002052  0.999998  -0.000865  -0.005097  0.000876  0.999987  1.000000  -0.000026  0.000064  0.000026  1.000000  -0.000011  -0.000064  0.000011  1.000000  0.999995  -0.001136  0.002869  -0.002869  0.000282  0.999996  -0.001137  -0.999999  0.000278  0.000067  0.005563  
111.579365 0.003482  0.088525  -0.009838  0.998413  -0.026711  0.049582  -0.047517  0.073099  0.996192  -0.030234  -0.996967  0.071713  0.002045  -0.009032  0.002265  -0.031346  -0.250135  -0.103831  2.000000  0.999994  -0.001240  0.003129  -0.003129  0.000326  0.999995  -0.001241  -0.999999  0.000322  0.999985  -0.002047  0.005099  0.002052  0.999998  -0.000866  -0.005097  0.000876  0.999987  1.000000  -0.000026  0.000064  0.000026  1.000000  -0.000011  -0.000064  0.000011  1.000000  0.999994  -0.001240  0.003129  -0.003129  0.000326  0.999995  -0.001241  -0.999999  0.000322  0.000066  0.005563  
111.580609 0.003484  0.088513  -0.009835  0.998399  -0.026829  0.049797  -0.047722  0.073110  0.996181  -0.030368  -0.996963  0.071713  0.002081  -0.009058  0.002342  -0.031383  -0.250173  -0.103847  2.000000  0.999994  -0.001317  0.003321  -0.003320  0.000359  0.999994  -0.001318  -0.999999  0.000354  0.999986  -0.002062  0.004894  0.002066  0.999997  -0.000861  -0.004892  0.000871  0.999988  1.000000  0.000000  0.000000  0.000000  1.000000  0.000000  0.000000  0.000000  1.000000  0.999994  -0.001317  0.003321  -0.003320  0.000359  0.999994  -0.001318  -0.999999  0.000354  0.000067  0.000000  
111.581861 0.003488  0.088502  -0.009832  0.998385  -0.026942  0.050015  -0.047927  0.073243  0.996162  -0.030501  -0.996950  0.071834  0.002140  -0.009132  0.002321  -0.035508  -0.249847  -0.099341  2.000000  0.999993  -0.001342  0.003384  -0.003384  0.000370  0.999994  -0.001343  -0.999999  0.000365  0.999987  -0.002076  0.004689  0.002080  0.999997  -0.000856  -0.004687  0.000865  0.999989  1.000000  0.000000  0.000000  0.000000  1.000000  0.000000  0.000000  0.000000  1.000000  0.999993  -0.001342  0.003384  -0.003384  0.000370  0.999994  -0.001343  -0.999999  0.000365  0.000066  0.000000  
111.583112 0.003491  0.088489  -0.009830  0.998371  -0.027060  0.050230  -0.048133  0.073255  0.996151  -0.030635  -0.996946  0.071833  0.002153  -0.009260  0.002307  -0.035335  -0.242904  -0.099819  2.000000  0.999993  -0.001342  0.003384  -0.003384  0.000370  0.999994  -0.001343  -0.999999  0.000365  0.999986  -0.002062  0.004894  0.002066  0.999997  -0.000862  -0.004892  0.000872  0.999988  1.000000  0.000000  0.000000  0.000000  1.000000  0.000000  0.000000  0.000000  1.000000  0.999993  -0.001342  0.003384  -0.003384  0.000370  0.999994  -0.001343  -0.999999  0.000365  0.000068  0.000000  
111.584364 0.003494  0.088477  -0.009828  0.998357  -0.027172  0.050448  -0.048338  0.073388  0.996131  -0.030769  -0.996933  0.071954  0.002187  -0.009427  0.002209  -0.039441  -0.242900  -0.099800  2.000000  0.999993  -0.001342  0.003384  -0.003384  0.000370  0.999994  -0.001343  -0.999999  0.000365  0.999987  -0.002076  0.004689  0.002081  0.999997  -0.000978  -0.004687  0.000988  0.999989  1.000000  0.000000  0.000000  0.000000  1.000000  0.000000  0.000000  0.000000  1.000000  0.999993  -0.001342  0.003384  -0.003384  0.000370  0.999994  -0.001343  -0.999999  0.000365  0.000066  0.000000  
111.585661 0.003497  0.088464  -0.009826  0.998333  -0.027275  0.050868  -0.048749  0.073406  0.996110  -0.030903  -0.996929  0.071954  0.002217  -0.009533  0.002116  -0.039423  -0.242593  -0.099674  2.000000  0.999993  -0.001342  0.003384  -0.003384  0.000370  0.999994  -0.001343  -0.999999  0.000365  0.999987  -0.002076  0.004689  0.002081  0.999997  -0.000979  -0.004687  0.000988  0.999989  1.000000  0.000000  0.000000  0.000000  1.000000  0.000000  0.000000  0.000000  1.000000  0.999993  -0.001342  0.003384  -0.003384  0.000370  0.999994  -0.001343  -0.999999  0.000365  0.000066  0.000000  
111.586859 0.003500  0.088450  -0.009824  0.998319  -0.027387  0.051086  -0.048954  0.073539  0.996090  -0.031036  -0.996916  0.072074  0.002263  -0.009707  0.002038  -0.043229  -0.240944  -0.098980  2.000000  0.999993  -0.001342  0.003384  -0.003384  0.000370  0.999994  -0.001343  -0.999999  0.000365  0.999988  -0.002090  0.004484  0.002095  0.999997  -0.001095  -0.004482  0.001104  0.999989  1.000000  0.000000  0.000000  0.000000  1.000000  0.000000  0.000000  0.000000  1.000000  0.999993  -0.001342  0.003384  -0.003384  0.000370  0.999994  -0.001343  -0.999999  0.000365  0.000065  0.000000  
111.587863 0.003503  0.088440  -0.009823  0.998304  -0.027505  0.051300  -0.049159  0.073551  0.996079  -0.031170  -0.996912  0.072074  0.002316  -0.009764  0.001950  -0.043610  -0.242892  -0.099781  2.000000  0.999993  -0.001342  0.003384  -0.003384  0.000370  0.999994  -0.001343  -0.999999  0.000365  0.999988  -0.002090  0.004484  0.002095  0.999997  -0.001095  -0.004482  0.001105  0.999989  1.000000  0.000000  0.000000  0.000000  1.000000  0.000000  0.000000  0.000000  1.000000  0.999993  -0.001342  0.003384  -0.003384  0.000370  0.999994  -0.001343  -0.999999  0.000365  0.000065  0.000000  
111.589108 0.003505  0.088426  -0.009822  0.998294  -0.027483  0.051509  -0.049365  0.073677  0.996060  -0.031170  -0.996903  0.072195  0.002336  -0.009884  0.001892  -0.047118  -0.233795  -0.095011  2.000000  0.999993  -0.001342  0.003384  -0.003384  0.000370  0.999994  -0.001343  -0.999999  0.000365  0.999988  -0.001956  0.004474  0.001962  0.999997  -0.001217  -0.004472  0.001226  0.999989  1.000000  0.000000  0.000000  0.000000  1.000000  0.000000  0.000000  0.000000  1.000000  0.999993  -0.001342  0.003384  -0.003384  0.000370  0.999994  -0.001343  -0.999999  0.000365  0.000066  0.000000  
111.590108 0.003507  0.088415  -0.009820  0.998280  -0.027601  0.051723  -0.049570  0.073690  0.996049  -0.031304  -0.996899  0.072195  0.002320  -0.010005  0.001878  -0.047184  -0.233969  -0.095083  2.000000  0.999993  -0.001342  0.003384  -0.003384  0.000370  0.999994  -0.001343  -0.999999  0.000365  0.999988  -0.001956  0.004474  0.001961  0.999997  -0.001096  -0.004472  0.001105  0.999989  1.000000  0.000000  0.000000  0.000000  1.000000  0.000000  0.000000  0.000000  1.000000  0.999993  -0.001342  0.003384  -0.003384  0.000370  0.999994  -0.001343  -0.999999  0.000365  0.000064  0.000000  
111.591358 0.003510  0.088402  -0.009817  0.998270  -0.027580  0.051932  -0.049776  0.073816  0.996029  -0.031304  -0.996890  0.072316  0.002381  -0.010048  0.001817  -0.046962  -0.226652  -0.091030  2.000000  0.999993  -0.001342  0.003384  -0.003384  0.000370  0.999994  -0.001343  -0.999999  0.000365  0.999988  -0.001822  0.004465  0.001828  0.999998  -0.001218  -0.004463  0.001226  0.999989  1.000000  0.000000  0.000000  0.000000  1.000000  0.000000  0.000000  0.000000  1.000000  0.999993  -0.001342  0.003384  -0.003384  0.000370  0.999994  -0.001343  -0.999999  0.000365  0.000064  0.000000  
111.592365 0.003513  0.088392  -0.009816  0.998255  -0.027698  0.052146  -0.049981  0.073828  0.996018  -0.031438  -0.996886  0.072315  0.002417  -0.010125  0.001811  -0.047372  -0.228487  -0.091768  2.000000  0.999993  -0.001342  0.003384  -0.003384  0.000370  0.999994  -0.001343  -0.999999  0.000365  0.999988  -0.001956  0.004475  0.001961  0.999997  -0.001218  -0.004472  0.001227  0.999989  1.000000  0.000000  0.000000  0.000000  1.000000  0.000000  0.000000  0.000000  1.000000  0.999993  -0.001342  0.003384  -0.003384  0.000370  0.999994  -0.001343  -0.999999  0.000365  0.000062  0.000000  
111.593608 0.003516  0.088380  -0.009813  0.998241  -0.027810  0.052365  -0.050186  0.073962  0.995997  -0.031571  -0.996873  0.072436  0.002413  -0.010163  0.001797  -0.050857  -0.219805  -0.091506  2.000000  0.999993  -0.001342  0.003384  -0.003384  0.000370  0.999994  -0.001343  -0.999999  0.000365  0.999990  -0.001703  0.004250  0.001708  0.999998  -0.001213  -0.004248  0.001221  0.999990  1.000000  0.000000  0.000000  0.000000  1.000000  0.000000  0.000000  0.000000  1.000000  0.999993  -0.001342  0.003384  -0.003384  0.000370  0.999994  -0.001343  -0.999999  0.000365  0.000062  0.000000  
111.594612 0.003519  0.088370  -0.009810  0.998230  -0.027794  0.052570  -0.050392  0.073967  0.995987  -0.031571  -0.996873  0.072436  0.002458  -0.010187  0.001761  -0.050871  -0.219482  -0.087056  2.000000  0.999993  -0.001342  0.003384  -0.003384  0.000370  0.999994  -0.001343  -0.999999  0.000365  0.999990  -0.001703  0.004250  0.001708  0.999998  -0.001214  -0.004248  0.001221  0.999990  1.000000  0.000000  0.000000  0.000000  1.000000  0.000000  0.000000  0.000000  1.000000  0.999993  -0.001342  0.003384  -0.003384  0.000370  0.999994  -0.001343  -0.999999  0.000365  0.000061  0.000000  
111.595862 0.003522  0.088358  -0.009808  0.998216  -0.027906  0.052788  -0.050597  0.074101  0.995966  -0.031705  -0.996860  0.072557  0.002446  -0.010243  0.001717  -0.054739  -0.212654  -0.087540  2.000000  0.999993  -0.001342  0.003384  -0.003384  0.000370  0.999994  -0.001343  -0.999999  0.000365  0.999990  -0.001569  0.004241  0.001574  0.999998  -0.001215  -0.004239  0.001222  0.999990  1.000000  0.000000  0.000000  0.000000  1.000000  0.000000  0.000000  0.000000  1.000000  0.999993  -0.001342  0.003384  -0.003384  0.000370  0.999994  -0.001343  -0.999999  0.000365  0.000060  0.000000  
111.596881 0.003524  0.088348  -0.009806  0.998205  -0.027884  0.052996  -0.050803  0.074227  0.995946  -0.031705  -0.996851  0.072677  0.002436  -0.010296  0.001733  -0.059236  -0.213927  -0.083700  2.000000  0.999993  -0.001342  0.003384  -0.003384  0.000370  0.999994  -0.001343  -0.999999  0.000365  0.999990  -0.001435  0.004231  0.001440  0.999998  -0.001216  -0.004229  0.001222  0.999990  1.000000  0.000000  0.000000  0.000000  1.000000  0.000000  0.000000  0.000000  1.000000  0.999993  -0.001342  0.003384  -0.003384  0.000370  0.999994  -0.001343  -0.999999  0.000365  0.000059  0.000000  
111.598113 0.003528  0.088335  -0.009803  0.998191  -0.027996  0.053214  -0.051008  0.074361  0.995926  -0.031839  -0.996838  0.072798  0.002454  -0.010273  0.001729  -0.063167  -0.207166  -0.084236  2.000000  0.999993  -0.001342  0.003384  -0.003384  0.000370  0.999994  -0.001343  -0.999999  0.000365  0.999990  -0.001435  0.004231  0.001440  0.999998  -0.001337  -0.004229  0.001344  0.999990  1.000000  0.000000  0.000000  0.000000  1.000000  0.000000  0.000000  0.000000  1.000000  0.999993  -0.001342  0.003384  -0.003384  0.000370  0.999994  -0.001343  -0.999999  0.000365  0.000059  0.000000  
111.599364 0.003531  0.088323  -0.009801  0.998180  -0.027974  0.053423  -0.051213  0.074487  0.995906  -0.031839  -0.996830  0.072919  0.002465  -0.010221  0.001775  -0.063175  -0.206833  -0.079719  2.000000  0.999993  -0.001342  0.003384  -0.003384  0.000370  0.999994  -0.001343  -0.999999  0.000365  0.999990  -0.001435  0.004231  0.001440  0.999998  -0.001216  -0.004230  0.001222  0.999990  1.000000  0.000000  0.000000  0.000000  1.000000  0.000000  0.000000  0.000000  1.000000  0.999993  -0.001342  0.003384  -0.003384  0.000370  0.999994  -0.001343  -0.999999  0.000365  0.000057  0.000000  
111.600614 0.003534  0.088311  -0.009798  0.998165  -0.028085  0.053641  -0.051419  0.074621  0.995885  -0.031972  -0.996816  0.073040  0.002453  -0.010225  0.001882  -0.067059  -0.199918  -0.080197  2.000000  0.999993  -0.001342  0.003384  -0.003384  0.000370  0.999994  -0.001343  -0.999999  0.000365  0.999991  -0.001316  0.004016  0.001321  0.999998  -0.001332  -0.004015  0.001337  0.999991  1.000000  0.000000  0.000000  0.000000  1.000000  0.000000  0.000000  0.000000  1.000000  0.999993  -0.001342  0.003384  -0.003384  0.000370  0.999994  -0.001343  -0.999999  0.000365  0.000057  0.000000  
111.601867 0.003538  0.088298  -0.009795  0.998155  -0.028063  0.053849  -0.051624  0.074747  0.995865  -0.031972  -0.996808  0.073160  0.002494  -0.010124  0.002013  -0.067071  -0.199597  -0.075687  2.000000  0.999993  -0.001342  0.003384  -0.003384  0.000370  0.999994  -0.001343  -0.999999  0.000365  0.999991  -0.001315  0.004017  0.001321  0.999998  -0.001454  -0.004015  0.001459  0.999991  1.000000  0.000000  0.000000  0.000000  1.000000  0.000000  0.000000  0.000000  1.000000  0.999993  -0.001342  0.003384  -0.003384  0.000370  0.999994  -0.001343  -0.999999  0.000365  0.000056  0.000000  
111.603122 0.003541  0.088286  -0.009792  0.998144  -0.028048  0.054054  -0.051830  0.074753  0.995854  -0.031972  -0.996808  0.073160  0.002523  -0.010040  0.002115  -0.066857  -0.192334  -0.071687  2.000000  0.999993  -0.001342  0.003384  -0.003384  0.000370  0.999994  -0.001343  -0.999999  0.000365  0.999991  -0.001181  0.004007  0.001187  0.999998  -0.001454  -0.004005  0.001459  0.999991  1.000000  0.000000  0.000000  0.000000  1.000000  0.000000  0.000000  0.000000  1.000000  0.999993  -0.001342  0.003384  -0.003384  0.000370  0.999994  -0.001343  -0.999999  0.000365  0.000055  0.000000  
