1-Time 2-Px 3-Py 4-Pz 5-R11 6-R21 7-R31 8-R12 9-R22 10-R32 11-R13 12-R23 13-R33 14-Vx 15-Vy 16-Vz 17-Wx 18-Wy 19-Wz 20-state 21-PR11 22-PR21 23-PR31 24-PR12 25-PR22 26-PR32 27-PR13 28-PR23 29-PR33 
129.695895 0.009748  0.096843  -0.010973  0.982987  0.182012  0.024657  -0.183407  0.979910  0.078349  -0.009901  -0.081538  0.996621  -0.000049  -0.000214  -0.000346  0.000000  0.000000  0.000000  2.000000  1.000000  0.000000  0.000000  -0.000000  1.000000  0.000000  0.000000  -0.000000  1.000000  1.000000  -0.000389  -0.000300  0.000389  1.000000  0.000004  0.000300  -0.000004  1.000000  1.000000  0.000000  0.000000  0.000000  1.000000  0.000000  0.000000  0.000000  1.000000  0.533504  0.523722  0.664146  -0.619683  0.776455  -0.114498  -0.575644  -0.350475  0.738783  0.000000  0.000000  
129.696901 0.009749  0.096843  -0.010974  0.982987  0.182012  0.024657  -0.183407  0.979910  0.078349  -0.009901  -0.081538  0.996621  -0.000006  -0.000188  -0.000361  0.000000  0.000000  0.000000  2.000000  1.000000  0.000000  0.000000  0.000000  1.000000  0.000000  0.000000  0.000000  1.000000  1.000000  -0.000389  -0.000300  0.000389  1.000000  0.000004  0.000300  -0.000004  1.000000  1.000000  0.000000  0.000000  0.000000  1.000000  0.000000  0.000000  0.000000  1.000000  1.000000  0.000000  0.000000  0.000000  1.000000  0.000000  0.000000  0.000000  1.000000  0.000000  0.000000  
129.697901 0.009750  0.096843  -0.010973  0.982912  0.182412  0.024711  -0.183812  0.979825  0.078458  -0.009901  -0.081659  0.996611  0.000086  -0.000181  -0.000336  0.000000  0.000000  0.000000  2.000000  1.000000  0.000000  0.000000  0.000000  1.000000  0.000000  0.000000  0.000000  1.000000  1.000000  -0.000183  -0.000284  0.000183  1.000000  0.000123  0.000283  -0.000123  1.000000  1.000000  0.000000  0.000000  0.000000  1.000000  0.000000  0.000000  0.000000  1.000000  1.000000  0.000000  0.000000  0.000000  1.000000  0.000000  0.000000  0.000000  1.000000  0.000000  0.000000  
129.698906 0.009752  0.096843  -0.010974  0.982836  0.182816  0.024743  -0.184217  0.979750  0.078447  -0.009901  -0.081659  0.996611  0.000231  -0.000172  -0.000317  0.000000  0.000000  0.000000  2.000000  1.000000  0.000000  0.000000  0.000000  1.000000  0.000000  0.000000  0.000000  1.000000  1.000000  0.000432  -0.000233  -0.000432  1.000000  0.000117  0.000233  -0.000117  1.000000  1.000000  0.000000  0.000000  0.000000  1.000000  0.000000  0.000000  0.000000  1.000000  1.000000  0.000000  0.000000  0.000000  1.000000  0.000000  0.000000  0.000000  1.000000  0.000000  0.000000  
129.700152 0.009755  0.096842  -0.010975  0.982759  0.183205  0.024929  -0.184621  0.979667  0.078532  -0.010035  -0.081780  0.996600  0.000390  -0.000246  -0.000374  0.000000  0.000000  0.000000  2.000000  1.000000  0.000000  0.000000  0.000000  1.000000  0.000000  0.000000  0.000000  1.000000  1.000000  0.000832  -0.000066  -0.000832  1.000000  0.000234  0.000066  -0.000234  1.000000  1.000000  0.000000  0.000000  0.000000  1.000000  0.000000  0.000000  0.000000  1.000000  1.000000  0.000000  0.000000  0.000000  1.000000  0.000000  0.000000  0.000000  1.000000  0.000000  0.000000  
129.701402 0.009758  0.096841  -0.010975  0.982721  0.183404  0.024967  -0.184823  0.979620  0.078645  -0.010035  -0.081901  0.996590  0.000629  -0.000311  -0.000369  0.000000  0.000000  0.000000  2.000000  1.000000  0.000000  0.000000  0.000000  1.000000  0.000000  0.000000  0.000000  1.000000  0.999999  0.001242  -0.000032  -0.001242  0.999999  0.000230  0.000033  -0.000230  1.000000  1.000000  0.000000  0.000000  0.000000  1.000000  0.000000  0.000000  0.000000  1.000000  1.000000  0.000000  0.000000  0.000000  1.000000  0.000000  0.000000  0.000000  1.000000  0.000000  0.000000  
129.702402 0.009762  0.096840  -0.010976  0.982682  0.183606  0.024984  -0.185026  0.979582  0.078640  -0.010035  -0.081901  0.996590  0.000868  -0.000376  -0.000364  0.000000  0.000000  0.000000  2.000000  1.000000  0.000000  0.000000  0.000000  1.000000  0.000000  0.000000  0.000000  1.000000  0.999999  0.001436  0.000118  -0.001436  0.999999  0.000349  -0.000118  -0.000350  1.000000  1.000000  0.000000  0.000000  0.000000  1.000000  0.000000  0.000000  0.000000  1.000000  1.000000  0.000000  0.000000  0.000000  1.000000  0.000000  0.000000  0.000000  1.000000  0.000000  0.000000  
129.703654 0.009767  0.096839  -0.010976  0.982571  0.184229  0.024792  -0.185633  0.979455  0.078793  -0.009767  -0.082022  0.996583  0.001212  -0.000437  -0.000371  0.000000  0.000000  0.000000  2.000000  1.000000  0.000000  0.000000  0.000000  1.000000  0.000000  0.000000  0.000000  1.000000  0.999998  0.001857  0.000019  -0.001857  0.999998  0.000467  -0.000018  -0.000467  1.000000  1.000000  0.000000  0.000000  0.000000  1.000000  0.000000  0.000000  0.000000  1.000000  1.000000  0.000000  0.000000  0.000000  1.000000  0.000000  0.000000  0.000000  1.000000  0.000000  0.000000  
129.704654 0.009771  0.096838  -0.010976  0.982494  0.184632  0.024825  -0.186038  0.979379  0.078783  -0.009767  -0.082022  0.996583  0.001513  -0.000443  -0.000324  0.000000  0.000000  0.000000  2.000000  1.000000  0.000000  0.000000  0.000000  1.000000  0.000000  0.000000  0.000000  1.000000  0.999997  0.002279  -0.000081  -0.002279  0.999997  0.000463  0.000082  -0.000463  1.000000  1.000000  0.000000  0.000000  0.000000  1.000000  0.000000  0.000000  0.000000  1.000000  1.000000  0.000000  0.000000  0.000000  1.000000  0.000000  0.000000  0.000000  1.000000  0.000000  0.000000  
129.705910 0.009776  0.096837  -0.010976  0.982380  0.185245  0.024765  -0.186645  0.979253  0.078911  -0.009633  -0.082143  0.996574  0.001878  -0.000531  -0.000358  0.000000  0.000000  0.000000  2.000000  1.000000  0.000000  0.000000  0.000000  1.000000  0.000000  0.000000  0.000000  1.000000  0.999996  0.002905  -0.000163  -0.002905  0.999996  0.000578  0.000165  -0.000578  1.000000  1.000000  0.000000  0.000000  0.000000  1.000000  0.000000  0.000000  0.000000  1.000000  1.000000  0.000000  0.000000  0.000000  1.000000  0.000000  0.000000  0.000000  1.000000  0.000000  0.000000  
129.707156 0.009783  0.096835  -0.010976  0.982265  0.185847  0.024836  -0.187251  0.979129  0.079014  -0.009633  -0.082264  0.996564  0.002313  -0.000607  -0.000294  0.000000  0.000000  0.000000  2.000000  1.000000  0.000000  0.000000  0.000000  1.000000  0.000000  0.000000  0.000000  1.000000  0.999994  0.003521  -0.000112  -0.003521  0.999994  0.000694  0.000115  -0.000693  1.000000  1.000000  0.000000  0.000000  0.000000  1.000000  0.000000  0.000000  0.000000  1.000000  1.000000  0.000000  0.000000  0.000000  1.000000  0.000000  0.000000  0.000000  1.000000  0.000000  0.000000  
129.708405 0.009790  0.096834  -0.010977  0.982149  0.186448  0.024908  -0.187858  0.979004  0.079118  -0.009633  -0.082385  0.996554  0.002813  -0.000661  -0.000319  0.000000  0.000000  0.000000  2.000000  1.000000  0.000000  0.000000  0.000000  1.000000  0.000000  0.000000  0.000000  1.000000  0.999991  0.004136  -0.000061  -0.004136  0.999991  0.000687  0.000064  -0.000687  1.000000  1.000000  0.000000  0.000000  0.000000  1.000000  0.000000  0.000000  0.000000  1.000000  1.000000  0.000000  0.000000  0.000000  1.000000  0.000000  0.000000  0.000000  1.000000  0.000000  0.000000  
129.709658 0.009798  0.096834  -0.010975  0.982031  0.187042  0.025088  -0.188464  0.978891  0.079077  -0.009767  -0.082385  0.996553  0.003350  -0.000674  -0.000181  0.000000  0.000000  0.000000  2.000000  1.000000  0.000064  0.000002  -0.000064  1.000000  0.000010  -0.000002  -0.000010  1.000000  0.999987  0.005151  0.000157  -0.005151  0.999986  0.000798  -0.000153  -0.000799  1.000000  1.000000  0.000064  0.000002  -0.000064  1.000000  0.000010  -0.000002  -0.000010  1.000000  1.000000  0.000064  0.000002  -0.000064  1.000000  0.000010  -0.000002  -0.000010  1.000000  0.000000  0.005215  
129.710901 0.009806  0.096834  -0.010974  0.981876  0.187845  0.025175  -0.189273  0.978727  0.079175  -0.009767  -0.082505  0.996543  0.003920  -0.000636  -0.000068  0.030678  -0.002445  0.194150  2.000000  1.000000  0.000409  0.000014  -0.000409  1.000000  0.000063  -0.000014  -0.000063  1.000000  0.999983  0.005767  0.000209  -0.005767  0.999983  0.000913  -0.000203  -0.000914  1.000000  1.000000  0.000072  0.000003  -0.000072  1.000000  0.000011  -0.000003  -0.000011  1.000000  1.000000  0.000409  0.000014  -0.000409  1.000000  0.000063  -0.000014  -0.000063  1.000000  0.000047  0.005842  
129.711906 0.009814  0.096834  -0.010973  0.981760  0.188457  0.025116  -0.189879  0.978599  0.079304  -0.009633  -0.082626  0.996534  0.004404  -0.000629  0.000029  0.034570  -0.004160  0.214801  2.000000  1.000000  0.000641  0.000019  -0.000641  1.000000  0.000097  -0.000019  -0.000097  1.000000  0.999980  0.006393  0.000126  -0.006393  0.999979  0.000907  -0.000121  -0.000908  1.000000  1.000000  0.000080  0.000002  -0.000080  1.000000  0.000011  -0.000002  -0.000011  1.000000  1.000000  0.000641  0.000019  -0.000641  1.000000  0.000097  -0.000019  -0.000097  1.000000  0.000053  0.006458  
129.713154 0.009824  0.096833  -0.010973  0.981644  0.189073  0.025034  -0.190486  0.978481  0.079314  -0.009500  -0.082627  0.996535  0.004935  -0.000676  0.000072  0.034389  -0.001383  0.235900  2.000000  0.999999  0.001067  0.000029  -0.001067  0.999999  0.000161  -0.000029  -0.000161  1.000000  0.999975  0.007008  0.000178  -0.007009  0.999975  0.001022  -0.000171  -0.001023  0.999999  1.000000  0.000088  0.000002  -0.000088  1.000000  0.000013  -0.000002  -0.000013  1.000000  0.999999  0.001067  0.000029  -0.001067  0.999999  0.000161  -0.000029  -0.000161  1.000000  0.000058  0.007085  
129.714401 0.009834  0.096833  -0.010972  0.981526  0.189674  0.025106  -0.191092  0.978354  0.079417  -0.009500  -0.082747  0.996525  0.005368  -0.000688  0.000104  0.038260  -0.003102  0.256569  2.000000  0.999999  0.001531  0.000034  -0.001531  0.999999  0.000231  -0.000034  -0.000231  1.000000  0.999971  0.007635  0.000097  -0.007635  0.999970  0.001138  -0.000088  -0.001139  0.999999  1.000000  0.000095  0.000001  -0.000095  1.000000  0.000014  -0.000001  -0.000014  1.000000  0.999999  0.001531  0.000034  -0.001531  0.999999  0.000231  -0.000034  -0.000231  1.000000  0.000063  0.007720  
129.715415 0.009842  0.096831  -0.010971  0.981447  0.190074  0.025162  -0.191496  0.978266  0.079525  -0.009500  -0.082868  0.996515  0.005782  -0.000779  0.000182  0.042182  -0.004253  0.270236  2.000000  0.999998  0.001928  0.000045  -0.001928  0.999998  0.000292  -0.000044  -0.000292  1.000000  0.999968  0.008034  0.000265  -0.008034  0.999967  0.001255  -0.000255  -0.001257  0.999999  1.000000  0.000100  0.000003  -0.000100  1.000000  0.000016  -0.000003  -0.000016  1.000000  0.999998  0.001928  0.000045  -0.001928  0.999998  0.000292  -0.000044  -0.000292  1.000000  0.000067  0.008136  
129.716657 0.009851  0.096828  -0.010971  0.981329  0.190675  0.025234  -0.192103  0.978139  0.079628  -0.009500  -0.082989  0.996505  0.006208  -0.000853  0.000283  0.046075  -0.005979  0.291043  2.000000  0.999997  0.002461  0.000064  -0.002461  0.999997  0.000375  -0.000063  -0.000375  1.000000  0.999961  0.008855  0.000334  -0.008855  0.999960  0.001368  -0.000322  -0.001371  0.999999  1.000000  0.000111  0.000004  -0.000111  1.000000  0.000017  -0.000004  -0.000017  1.000000  0.999997  0.002461  0.000064  -0.002461  0.999997  0.000375  -0.000063  -0.000375  1.000000  0.000074  0.008966  
129.717907 0.009863  0.096824  -0.010970  0.981170  0.191477  0.025323  -0.192911  0.977972  0.079726  -0.009500  -0.083110  0.996495  0.006632  -0.001029  0.000392  0.049879  -0.008275  0.318611  2.000000  0.999995  0.003032  0.000086  -0.003032  0.999995  0.000463  -0.000085  -0.000463  1.000000  0.999957  0.009265  0.000370  -0.009265  0.999956  0.001364  -0.000357  -0.001367  0.999999  1.000000  0.000116  0.000005  -0.000116  1.000000  0.000017  -0.000005  -0.000017  1.000000  0.999995  0.003032  0.000086  -0.003032  0.999995  0.000463  -0.000085  -0.000463  1.000000  0.000079  0.009372  
129.719157 0.009874  0.096820  -0.010970  0.981051  0.192078  0.025396  -0.193516  0.977844  0.079829  -0.009500  -0.083231  0.996485  0.007038  -0.001237  0.000443  0.053685  -0.010574  0.346189  2.000000  0.999993  0.003621  0.000110  -0.003621  0.999993  0.000553  -0.000108  -0.000553  1.000000  0.999955  0.009470  0.000388  -0.009471  0.999954  0.001483  -0.000374  -0.001487  0.999999  1.000000  0.000118  0.000005  -0.000118  1.000000  0.000019  -0.000005  -0.000019  1.000000  0.999993  0.003621  0.000110  -0.003621  0.999993  0.000553  -0.000108  -0.000553  1.000000  0.000084  0.009594  
129.720157 0.009882  0.096816  -0.010970  0.980971  0.192477  0.025452  -0.193920  0.977755  0.079937  -0.009500  -0.083352  0.996475  0.007366  -0.001410  0.000451  0.057621  -0.011734  0.359945  2.000000  0.999992  0.003984  0.000124  -0.003984  0.999992  0.000611  -0.000121  -0.000612  1.000000  0.999951  0.009891  0.000290  -0.009892  0.999950  0.001600  -0.000274  -0.001603  0.999999  1.000000  0.000124  0.000004  -0.000124  1.000000  0.000020  -0.000004  -0.000020  1.000000  0.999992  0.003984  0.000124  -0.003984  0.999992  0.000611  -0.000121  -0.000612  1.000000  0.000091  0.010025  
129.721414 0.009893  0.096810  -0.010970  0.980851  0.193078  0.025525  -0.194526  0.977626  0.080040  -0.009500  -0.083473  0.996465  0.007651  -0.001724  0.000445  0.061480  -0.013465  0.380543  2.000000  0.999989  0.004597  0.000141  -0.004597  0.999989  0.000707  -0.000138  -0.000708  1.000000  0.999951  0.009891  0.000291  -0.009892  0.999950  0.001600  -0.000275  -0.001603  0.999999  1.000000  0.000124  0.000004  -0.000124  1.000000  0.000020  -0.000004  -0.000020  1.000000  0.999989  0.004597  0.000141  -0.004597  0.999989  0.000707  -0.000138  -0.000708  1.000000  0.000095  0.010025  
129.722649 0.009903  0.096804  -0.010971  0.980771  0.193478  0.025581  -0.194930  0.977537  0.080148  -0.009500  -0.083593  0.996455  0.007871  -0.002039  0.000407  0.065446  -0.014636  0.394482  2.000000  0.999987  0.005100  0.000156  -0.005100  0.999987  0.000784  -0.000152  -0.000785  1.000000  0.999949  0.010097  0.000308  -0.010097  0.999948  0.001477  -0.000293  -0.001480  0.999999  1.000000  0.000126  0.000004  -0.000126  1.000000  0.000018  -0.000004  -0.000018  1.000000  0.999987  0.005100  0.000156  -0.005100  0.999987  0.000784  -0.000152  -0.000785  1.000000  0.000098  0.010209  
129.723655 0.009913  0.096799  -0.010971  0.980691  0.193880  0.025614  -0.195334  0.977457  0.080138  -0.009500  -0.083593  0.996455  0.008115  -0.002380  0.000387  0.065300  -0.015776  0.408206  2.000000  0.999984  0.005609  0.000174  -0.005610  0.999984  0.000864  -0.000169  -0.000865  1.000000  0.999949  0.010085  0.000443  -0.010086  0.999948  0.001598  -0.000427  -0.001602  0.999999  1.000000  0.000126  0.000005  -0.000126  1.000000  0.000020  -0.000005  -0.000020  1.000000  0.999984  0.005609  0.000174  -0.005610  0.999984  0.000864  -0.000169  -0.000865  1.000000  0.000102  0.010221  
129.724905 0.009924  0.096793  -0.010971  0.980610  0.194279  0.025671  -0.195738  0.977368  0.080246  -0.009500  -0.083714  0.996445  0.008360  -0.002770  0.000235  0.069267  -0.021424  0.421609  2.000000  0.999981  0.006239  0.000207  -0.006240  0.999980  0.000962  -0.000201  -0.000963  1.000000  0.999951  0.009869  0.000560  -0.009870  0.999950  0.001600  -0.000544  -0.001606  0.999999  1.000000  0.000123  0.000007  -0.000123  1.000000  0.000020  -0.000007  -0.000020  1.000000  0.999981  0.006239  0.000207  -0.006240  0.999980  0.000962  -0.000201  -0.000963  1.000000  0.000105  0.010014  
129.726154 0.009936  0.096787  -0.010972  0.980530  0.194679  0.025727  -0.196141  0.977278  0.080354  -0.009500  -0.083835  0.996434  0.008525  -0.003192  0.000068  0.073233  -0.022601  0.435543  2.000000  0.999976  0.006858  0.000247  -0.006859  0.999976  0.001062  -0.000240  -0.001064  0.999999  0.999953  0.009653  0.000677  -0.009654  0.999952  0.001602  -0.000662  -0.001609  0.999998  1.000000  0.000121  0.000008  -0.000121  1.000000  0.000020  -0.000008  -0.000020  1.000000  0.999976  0.006858  0.000247  -0.006859  0.999976  0.001062  -0.000240  -0.001064  0.999999  0.000109  0.009809  
129.727406 0.009947  0.096780  -0.010973  0.980489  0.194880  0.025744  -0.196343  0.977238  0.080348  -0.009500  -0.083835  0.996434  0.008608  -0.003632  0.000027  0.069150  -0.022625  0.435499  2.000000  0.999972  0.007459  0.000290  -0.007459  0.999972  0.001160  -0.000281  -0.001163  0.999999  0.999955  0.009447  0.000660  -0.009448  0.999954  0.001483  -0.000646  -0.001489  0.999999  1.000000  0.000118  0.000008  -0.000118  1.000000  0.000019  -0.000008  -0.000019  1.000000  0.999972  0.007459  0.000290  -0.007459  0.999972  0.001160  -0.000281  -0.001163  0.999999  0.000110  0.009586  
129.728652 0.009958  0.096774  -0.010973  0.980448  0.195067  0.025915  -0.196545  0.977190  0.080435  -0.009633  -0.083956  0.996423  0.008694  -0.003974  -0.000040  0.073352  -0.025994  0.421451  2.000000  0.999969  0.007926  0.000326  -0.007926  0.999968  0.001238  -0.000316  -0.001240  0.999999  0.999957  0.009231  0.000777  -0.009232  0.999956  0.001605  -0.000763  -0.001612  0.999998  1.000000  0.000115  0.000010  -0.000115  1.000000  0.000020  -0.000010  -0.000020  1.000000  0.999969  0.007926  0.000326  -0.007926  0.999968  0.001238  -0.000316  -0.001240  0.999999  0.000109  0.009402  
129.729654 0.009967  0.096768  -0.010974  0.980407  0.195268  0.025931  -0.196747  0.977150  0.080430  -0.009633  -0.083956  0.996423  0.008752  -0.004315  -0.000137  0.069226  -0.021531  0.421696  2.000000  0.999965  0.008377  0.000364  -0.008378  0.999964  0.001315  -0.000353  -0.001318  0.999999  0.999961  0.008821  0.000743  -0.008822  0.999960  0.001488  -0.000730  -0.001495  0.999999  1.000000  0.000110  0.000009  -0.000110  1.000000  0.000019  -0.000009  -0.000019  1.000000  0.999965  0.008377  0.000364  -0.008378  0.999964  0.001315  -0.000353  -0.001318  0.999999  0.000108  0.008977  
129.730905 0.009976  0.096760  -0.010975  0.980326  0.195670  0.025964  -0.197150  0.977069  0.080419  -0.009633  -0.083956  0.996423  0.008717  -0.004691  -0.000231  0.069230  -0.021532  0.421720  2.000000  0.999960  0.008922  0.000402  -0.008922  0.999959  0.001408  -0.000389  -0.001411  0.999999  0.999963  0.008627  0.000592  -0.008628  0.999962  0.001490  -0.000579  -0.001495  0.999999  1.000000  0.000108  0.000007  -0.000108  1.000000  0.000019  -0.000007  -0.000019  1.000000  0.999960  0.008922  0.000402  -0.008922  0.999959  0.001408  -0.000389  -0.001411  0.999999  0.000109  0.008775  
129.732154 0.009985  0.096751  -0.010975  0.980285  0.195872  0.025981  -0.197352  0.977029  0.080414  -0.009633  -0.083956  0.996423  0.008616  -0.005042  -0.000329  0.065156  -0.021559  0.421737  2.000000  0.999955  0.009432  0.000439  -0.009433  0.999954  0.001495  -0.000424  -0.001499  0.999999  0.999968  0.008000  0.000674  -0.008001  0.999967  0.001376  -0.000663  -0.001381  0.999999  1.000000  0.000100  0.000008  -0.000100  1.000000  0.000017  -0.000008  -0.000017  1.000000  0.999955  0.009432  0.000439  -0.009433  0.999954  0.001495  -0.000424  -0.001499  0.999999  0.000108  0.008146  
129.733401 0.009994  0.096743  -0.010976  0.980285  0.195872  0.025981  -0.197352  0.977029  0.080414  -0.009633  -0.083956  0.996423  0.008443  -0.005349  -0.000407  0.061346  -0.028829  0.400363  2.000000  0.999951  0.009902  0.000479  -0.009902  0.999950  0.001575  -0.000463  -0.001580  0.999999  0.999974  0.007180  0.000605  -0.007180  0.999973  0.001263  -0.000596  -0.001267  0.999999  1.000000  0.000090  0.000008  -0.000090  1.000000  0.000016  -0.000008  -0.000016  1.000000  0.999951  0.009902  0.000479  -0.009902  0.999950  0.001575  -0.000463  -0.001580  0.999999  0.000104  0.007315  
129.734651 0.010002  0.096734  -0.010976  0.980245  0.196073  0.025998  -0.197554  0.976989  0.080409  -0.009633  -0.083956  0.996423  0.008313  -0.005650  -0.000451  0.060903  -0.028020  0.390195  2.000000  0.999946  0.010334  0.000522  -0.010335  0.999945  0.001649  -0.000505  -0.001654  0.999999  0.999977  0.006758  0.000703  -0.006759  0.999977  0.001146  -0.000696  -0.001150  0.999999  1.000000  0.000084  0.000009  -0.000084  1.000000  0.000014  -0.000009  -0.000014  1.000000  0.999946  0.010334  0.000522  -0.010335  0.999945  0.001649  -0.000505  -0.001654  0.999999  0.000101  0.006891  
129.735652 0.010008  0.096726  -0.010977  0.980245  0.196073  0.025998  -0.197554  0.976989  0.080409  -0.009633  -0.083956  0.996423  0.008140  -0.005886  -0.000512  0.057014  -0.031347  0.376124  2.000000  0.999944  0.010583  0.000548  -0.010583  0.999943  0.001690  -0.000531  -0.001696  0.999998  0.999978  0.006553  0.000686  -0.006554  0.999978  0.001026  -0.000679  -0.001031  0.999999  1.000000  0.000082  0.000009  -0.000082  1.000000  0.000013  -0.000009  -0.000013  1.000000  0.999944  0.010583  0.000548  -0.010583  0.999943  0.001690  -0.000531  -0.001696  0.999998  0.000096  0.006669  
129.736906 0.010016  0.096715  -0.010978  0.980203  0.196263  0.026145  -0.197756  0.976951  0.080377  -0.009767  -0.083956  0.996422  0.007927  -0.006133  -0.000568  0.053590  -0.034388  0.358209  2.000000  0.999940  0.010968  0.000597  -0.010969  0.999938  0.001753  -0.000577  -0.001759  0.999998  0.999981  0.006132  0.000785  -0.006132  0.999981  0.000908  -0.000779  -0.000913  0.999999  1.000000  0.000077  0.000010  -0.000077  1.000000  0.000011  -0.000010  -0.000011  1.000000  0.999940  0.010968  0.000597  -0.010969  0.999938  0.001753  -0.000577  -0.001759  0.999998  0.000092  0.006248  
129.738158 0.010023  0.096705  -0.010980  0.980203  0.196263  0.026145  -0.197756  0.976951  0.080377  -0.009767  -0.083956  0.996422  0.007610  -0.006443  -0.000629  0.049709  -0.032680  0.337479  2.000000  0.999936  0.011321  0.000644  -0.011322  0.999934  0.001808  -0.000623  -0.001815  0.999998  0.999986  0.005311  0.000716  -0.005312  0.999986  0.000796  -0.000712  -0.000799  0.999999  1.000000  0.000066  0.000009  -0.000066  1.000000  0.000010  -0.000009  -0.000010  1.000000  0.999936  0.011321  0.000644  -0.011322  0.999934  0.001808  -0.000623  -0.001815  0.999998  0.000087  0.005418  
129.739404 0.010030  0.096695  -0.010981  0.980203  0.196263  0.026145  -0.197756  0.976951  0.080377  -0.009767  -0.083956  0.996422  0.007313  -0.006682  -0.000637  0.049901  -0.026478  0.317244  2.000000  0.999934  0.011451  0.000661  -0.011452  0.999933  0.001828  -0.000640  -0.001835  0.999998  0.999989  0.004696  0.000664  -0.004696  0.999989  0.000681  -0.000661  -0.000684  1.000000  1.000000  0.000000  0.000000  0.000000  1.000000  0.000000  0.000000  0.000000  1.000000  0.999934  0.011451  0.000661  -0.011452  0.999933  0.001828  -0.000640  -0.001835  0.999998  0.000081  0.000000  
129.740655 0.010036  0.096685  -0.010984  0.980203  0.196263  0.026145  -0.197756  0.976951  0.080377  -0.009767  -0.083956  0.996422  0.006960  -0.007010  -0.000768  0.045637  -0.024560  0.294046  2.000000  0.999934  0.011451  0.000661  -0.011452  0.999933  0.001828  -0.000640  -0.001835  0.999998  0.999992  0.003875  0.000595  -0.003875  0.999992  0.000568  -0.000593  -0.000570  1.000000  1.000000  0.000000  0.000000  0.000000  1.000000  0.000000  0.000000  0.000000  1.000000  0.999934  0.011451  0.000661  -0.011452  0.999933  0.001828  -0.000640  -0.001835  0.999998  0.000075  0.000000  
129.741657 0.010041  0.096676  -0.010986  0.980203  0.196263  0.026145  -0.197756  0.976951  0.080377  -0.009767  -0.083956  0.996422  0.006663  -0.007270  -0.000887  0.042230  -0.026960  0.268546  2.000000  0.999934  0.011451  0.000661  -0.011452  0.999933  0.001828  -0.000640  -0.001835  0.999998  0.999994  0.003465  0.000560  -0.003465  0.999994  0.000572  -0.000558  -0.000574  1.000000  1.000000  0.000000  0.000000  0.000000  1.000000  0.000000  0.000000  0.000000  1.000000  0.999934  0.011451  0.000661  -0.011452  0.999933  0.001828  -0.000640  -0.001835  0.999998  0.000071  0.000000  
129.742901 0.010046  0.096664  -0.010987  0.980203  0.196263  0.026145  -0.197756  0.976951  0.080377  -0.009767  -0.083956  0.996422  0.006331  -0.007554  -0.000969  0.042454  -0.029716  0.247521  2.000000  0.999934  0.011451  0.000661  -0.011452  0.999933  0.001828  -0.000640  -0.001835  0.999998  0.999995  0.003055  0.000526  -0.003055  0.999995  0.000455  -0.000524  -0.000456  1.000000  1.000000  0.000000  0.000000  0.000000  1.000000  0.000000  0.000000  0.000000  1.000000  0.999934  0.011451  0.000661  -0.011452  0.999933  0.001828  -0.000640  -0.001835  0.999998  0.000064  0.000000  
129.743905 0.010051  0.096656  -0.010989  0.980204  0.196274  0.026014  -0.197756  0.976948  0.080403  -0.009633  -0.083956  0.996423  0.006044  -0.007775  -0.000993  0.038516  -0.024090  0.234047  2.000000  0.999934  0.011451  0.000661  -0.011452  0.999933  0.001828  -0.000640  -0.001835  0.999998  0.999996  0.002656  0.000358  -0.002656  0.999996  0.000338  -0.000357  -0.000339  1.000000  1.000000  0.000000  0.000000  0.000000  1.000000  0.000000  0.000000  0.000000  1.000000  0.999934  0.011451  0.000661  -0.011452  0.999933  0.001828  -0.000640  -0.001835  0.999998  0.000061  0.000000  
129.745156 0.010056  0.096645  -0.010990  0.980204  0.196277  0.025990  -0.197756  0.976958  0.080285  -0.009633  -0.083835  0.996433  0.005676  -0.007984  -0.001041  0.030574  -0.022369  0.213452  2.000000  0.999934  0.011451  0.000661  -0.011452  0.999933  0.001828  -0.000640  -0.001835  0.999998  0.999997  0.002245  0.000323  -0.002245  0.999997  0.000099  -0.000323  -0.000100  1.000000  1.000000  0.000000  0.000000  0.000000  1.000000  0.000000  0.000000  0.000000  1.000000  0.999934  0.011451  0.000661  -0.011452  0.999933  0.001828  -0.000640  -0.001835  0.999998  0.000055  0.000000  
129.746400 0.010060  0.096633  -0.010992  0.980204  0.196277  0.025990  -0.197756  0.976958  0.080285  -0.009633  -0.083835  0.996433  0.005351  -0.008232  -0.001131  0.026467  -0.020474  0.191116  2.000000  0.999934  0.011451  0.000661  -0.011452  0.999933  0.001828  -0.000640  -0.001835  0.999998  0.999998  0.001835  0.000289  -0.001835  0.999998  -0.000018  -0.000289  0.000017  1.000000  1.000000  0.000000  0.000000  0.000000  1.000000  0.000000  0.000000  0.000000  1.000000  0.999934  0.011451  0.000661  -0.011452  0.999933  0.001828  -0.000640  -0.001835  0.999998  0.000050  0.000000  
129.747401 0.010063  0.096624  -0.010993  0.980204  0.196277  0.025990  -0.197756  0.976958  0.080285  -0.009633  -0.083835  0.996433  0.005097  -0.008405  -0.001179  0.022557  -0.019342  0.177456  2.000000  0.999934  0.011451  0.000661  -0.011452  0.999933  0.001828  -0.000640  -0.001835  0.999998  0.999999  0.001630  0.000271  -0.001630  0.999999  -0.000016  -0.000271  0.000016  1.000000  1.000000  0.000000  0.000000  0.000000  1.000000  0.000000  0.000000  0.000000  1.000000  0.999934  0.011451  0.000661  -0.011452  0.999933  0.001828  -0.000640  -0.001835  0.999998  0.000045  0.000000  
129.748403 0.010067  0.096614  -0.010994  0.980204  0.196277  0.025990  -0.197756  0.976958  0.080285  -0.009633  -0.083835  0.996433  0.004825  -0.008561  -0.001193  0.000000  0.000000  0.000000  2.000000  0.999934  0.011451  0.000661  -0.011452  0.999933  0.001828  -0.000640  -0.001835  0.999998  0.999999  0.001220  0.000237  -0.001220  0.999999  -0.000012  -0.000237  0.000012  1.000000  1.000000  0.000000  0.000000  0.000000  1.000000  0.000000  0.000000  0.000000  1.000000  0.999934  0.011451  0.000661  -0.011452  0.999933  0.001828  -0.000640  -0.001835  0.999998  0.000000  0.000000  
129.749404 0.010070  0.096605  -0.010994  0.980204  0.196280  0.025966  -0.197756  0.976968  0.080166  -0.009633  -0.083714  0.996443  0.004585  -0.008703  -0.001184  0.000000  0.000000  0.000000  2.000000  0.999934  0.011451  0.000661  -0.011452  0.999933  0.001828  -0.000640  -0.001835  0.999998  0.999999  0.001026  0.000086  -0.001026  0.999999  -0.000253  -0.000086  0.000252  1.000000  1.000000  0.000000  0.000000  0.000000  1.000000  0.000000  0.000000  0.000000  1.000000  0.999934  0.011451  0.000661  -0.011452  0.999933  0.001828  -0.000640  -0.001835  0.999998  0.000000  0.000000  
129.750652 0.010075  0.096594  -0.010994  0.980204  0.196280  0.025966  -0.197756  0.976968  0.080166  -0.009633  -0.083714  0.996443  0.004395  -0.008761  -0.001141  0.000000  0.000000  0.000000  2.000000  0.999934  0.011451  0.000661  -0.011452  0.999933  0.001828  -0.000640  -0.001835  0.999998  1.000000  0.000821  0.000069  -0.000821  1.000000  -0.000251  -0.000069  0.000250  1.000000  1.000000  0.000000  0.000000  0.000000  1.000000  0.000000  0.000000  0.000000  1.000000  0.999934  0.011451  0.000661  -0.011452  0.999933  0.001828  -0.000640  -0.001835  0.999998  0.000000  0.000000  
129.751901 0.010080  0.096584  -0.010993  0.980204  0.196280  0.025966  -0.197756  0.976968  0.080166  -0.009633  -0.083714  0.996443  0.004266  -0.008789  -0.000972  0.000000  0.000000  0.000000  2.000000  0.999934  0.011451  0.000661  -0.011452  0.999933  0.001828  -0.000640  -0.001835  0.999998  1.000000  0.000615  0.000052  -0.000615  1.000000  -0.000249  -0.000052  0.000249  1.000000  1.000000  0.000000  0.000000  0.000000  1.000000  0.000000  0.000000  0.000000  1.000000  0.999934  0.011451  0.000661  -0.011452  0.999933  0.001828  -0.000640  -0.001835  0.999998  0.000000  0.000000  
129.752902 0.010084  0.096576  -0.010992  0.980204  0.196280  0.025966  -0.197756  0.976968  0.080166  -0.009633  -0.083714  0.996443  0.004124  -0.008808  -0.000839  0.000000  0.000000  0.000000  2.000000  0.999934  0.011451  0.000661  -0.011452  0.999933  0.001828  -0.000640  -0.001835  0.999998  1.000000  0.000410  0.000034  -0.000410  1.000000  -0.000247  -0.000035  0.000247  1.000000  1.000000  0.000000  0.000000  0.000000  1.000000  0.000000  0.000000  0.000000  1.000000  0.999934  0.011451  0.000661  -0.011452  0.999933  0.001828  -0.000640  -0.001835  0.999998  0.000000  0.000000  
129.753904 0.010088  0.096567  -0.010991  0.980204  0.196283  0.025943  -0.197756  0.976977  0.080048  -0.009633  -0.083593  0.996453  0.004080  -0.008801  -0.000659  0.000000  0.000000  0.000000  2.000000  0.999934  0.011451  0.000661  -0.011452  0.999933  0.001828  -0.000640  -0.001835  0.999998  1.000000  0.000410  0.000034  -0.000410  1.000000  -0.000368  -0.000035  0.000368  1.000000  1.000000  0.000000  0.000000  0.000000  1.000000  0.000000  0.000000  0.000000  1.000000  0.999934  0.011451  0.000661  -0.011452  0.999933  0.001828  -0.000640  -0.001835  0.999998  0.000000  0.000000  
129.754910 0.010092  0.096559  -0.010989  0.980204  0.196283  0.025943  -0.197756  0.976977  0.080048  -0.009633  -0.083593  0.996453  0.003977  -0.008770  -0.000394  0.000000  0.000000  0.000000  2.000000  0.999934  0.011451  0.000661  -0.011452  0.999933  0.001828  -0.000640  -0.001835  0.999998  1.000000  0.000410  0.000034  -0.000410  1.000000  -0.000368  -0.000035  0.000368  1.000000  1.000000  0.000000  0.000000  0.000000  1.000000  0.000000  0.000000  0.000000  1.000000  0.999934  0.011451  0.000661  -0.011452  0.999933  0.001828  -0.000640  -0.001835  0.999998  0.000000  0.000000  
129.756165 0.010098  0.096549  -0.010987  0.980204  0.196283  0.025943  -0.197756  0.976977  0.080048  -0.009633  -0.083593  0.996453  0.003986  -0.008720  -0.000157  0.000000  0.000000  0.000000  2.000000  0.999934  0.011451  0.000661  -0.011452  0.999933  0.001828  -0.000640  -0.001835  0.999998  1.000000  0.000205  0.000017  -0.000205  1.000000  -0.000366  -0.000017  0.000366  1.000000  1.000000  0.000000  0.000000  0.000000  1.000000  0.000000  0.000000  0.000000  1.000000  0.999934  0.011451  0.000661  -0.011452  0.999933  0.001828  -0.000640  -0.001835  0.999998  0.000000  0.000000  
129.757405 0.010104  0.096539  -0.010985  0.980204  0.196283  0.025943  -0.197756  0.976977  0.080048  -0.009633  -0.083593  0.996453  0.003979  -0.008654  0.000109  0.000000  0.000000  0.000000  2.000000  0.999934  0.011451  0.000661  -0.011452  0.999933  0.001828  -0.000640  -0.001835  0.999998  1.000000  0.000011  -0.000133  -0.000011  1.000000  -0.000364  0.000133  0.000364  1.000000  1.000000  0.000000  0.000000  0.000000  1.000000  0.000000  0.000000  0.000000  1.000000  0.999934  0.011451  0.000661  -0.011452  0.999933  0.001828  -0.000640  -0.001835  0.999998  0.000000  0.000000  
129.758654 0.010110  0.096529  -0.010982  0.980204  0.196283  0.025943  -0.197756  0.976977  0.080048  -0.009633  -0.083593  0.996453  0.004019  -0.008602  0.000415  0.000000  0.000000  0.000000  2.000000  0.999934  0.011451  0.000661  -0.011452  0.999933  0.001828  -0.000640  -0.001835  0.999998  1.000000  0.000011  -0.000133  -0.000011  1.000000  -0.000364  0.000133  0.000364  1.000000  1.000000  0.000000  0.000000  0.000000  1.000000  0.000000  0.000000  0.000000  1.000000  0.999934  0.011451  0.000661  -0.011452  0.999933  0.001828  -0.000640  -0.001835  0.999998  0.000000  0.000000  
129.759905 0.010117  0.096519  -0.010979  0.980204  0.196283  0.025943  -0.197756  0.976977  0.080048  -0.009633  -0.083593  0.996453  0.004112  -0.008546  0.000715  0.000000  0.000000  0.000000  2.000000  0.999934  0.011451  0.000661  -0.011452  0.999933  0.001828  -0.000640  -0.001835  0.999998  1.000000  0.000011  -0.000133  -0.000011  1.000000  -0.000364  0.000133  0.000364  1.000000  1.000000  0.000000  0.000000  0.000000  1.000000  0.000000  0.000000  0.000000  1.000000  0.999934  0.011451  0.000661  -0.011452  0.999933  0.001828  -0.000640  -0.001835  0.999998  0.000000  0.000000  
129.760906 0.010122  0.096512  -0.010977  0.980204  0.196283  0.025943  -0.197756  0.976977  0.080048  -0.009633  -0.083593  0.996453  0.004248  -0.008442  0.000953  0.000000  0.000000  0.000000  2.000000  0.999934  0.011451  0.000661  -0.011452  0.999933  0.001828  -0.000640  -0.001835  0.999998  1.000000  0.000011  -0.000133  -0.000011  1.000000  -0.000364  0.000133  0.000364  1.000000  1.000000  0.000000  0.000000  0.000000  1.000000  0.000000  0.000000  0.000000  1.000000  0.999934  0.011451  0.000661  -0.011452  0.999933  0.001828  -0.000640  -0.001835  0.999998  0.000000  0.000000  
129.762151 0.010129  0.096501  -0.010974  0.980204  0.196283  0.025943  -0.197756  0.976977  0.080048  -0.009633  -0.083593  0.996453  0.004424  -0.008356  0.001269  0.000000  0.000000  0.000000  2.000000  0.999934  0.011451  0.000661  -0.011452  0.999933  0.001828  -0.000640  -0.001835  0.999998  1.000000  0.000011  -0.000133  -0.000011  1.000000  -0.000364  0.000133  0.000364  1.000000  1.000000  0.000000  0.000000  0.000000  1.000000  0.000000  0.000000  0.000000  1.000000  0.999934  0.011451  0.000661  -0.011452  0.999933  0.001828  -0.000640  -0.001835  0.999998  0.000000  0.000000  
129.763407 0.010135  0.096490  -0.010972  0.980163  0.196484  0.025959  -0.197958  0.976937  0.080042  -0.009633  -0.083593  0.996453  0.004582  -0.008278  0.001479  0.000000  0.000000  0.000000  2.000000  0.999934  0.011451  0.000661  -0.011452  0.999933  0.001828  -0.000640  -0.001835  0.999998  1.000000  0.000011  -0.000133  -0.000011  1.000000  -0.000364  0.000133  0.000364  1.000000  1.000000  0.000000  0.000000  0.000000  1.000000  0.000000  0.000000  0.000000  1.000000  0.999934  0.011451  0.000661  -0.011452  0.999933  0.001828  -0.000640  -0.001835  0.999998  0.000000  0.000000  
129.764651 0.010143  0.096481  -0.010968  0.980163  0.196484  0.025959  -0.197958  0.976937  0.080042  -0.009633  -0.083593  0.996453  0.004785  -0.008136  0.001716  0.000000  0.000000  0.000000  2.000000  0.999934  0.011451  0.000661  -0.011452  0.999933  0.001828  -0.000640  -0.001835  0.999998  1.000000  0.000205  0.000017  -0.000205  1.000000  -0.000366  -0.000017  0.000366  1.000000  1.000000  0.000000  0.000000  0.000000  1.000000  0.000000  0.000000  0.000000  1.000000  0.999934  0.011451  0.000661  -0.011452  0.999933  0.001828  -0.000640  -0.001835  0.999998  0.000000  0.000000  
129.765653 0.010149  0.096473  -0.010966  0.980162  0.196473  0.026090  -0.197957  0.976939  0.080016  -0.009767  -0.083593  0.996452  0.005031  -0.008050  0.001946  0.000000  0.000000  0.000000  2.000000  0.999934  0.011451  0.000661  -0.011452  0.999933  0.001828  -0.000640  -0.001835  0.999998  1.000000  0.000194  0.000151  -0.000194  1.000000  -0.000245  -0.000151  0.000245  1.000000  1.000000  0.000000  0.000000  0.000000  1.000000  0.000000  0.000000  0.000000  1.000000  0.999934  0.011451  0.000661  -0.011452  0.999933  0.001828  -0.000640  -0.001835  0.999998  0.000000  0.000000  
129.766901 0.010157  0.096464  -0.010962  0.980162  0.196470  0.026114  -0.197957  0.976930  0.080134  -0.009767  -0.083714  0.996442  0.005171  -0.008011  0.002098  0.000000  0.000000  0.000000  2.000000  0.999934  0.011451  0.000661  -0.011452  0.999933  0.001828  -0.000640  -0.001835  0.999998  1.000000  0.000194  0.000151  -0.000194  1.000000  -0.000245  -0.000151  0.000245  1.000000  1.000000  0.000000  0.000000  0.000000  1.000000  0.000000  0.000000  0.000000  1.000000  0.999934  0.011451  0.000661  -0.011452  0.999933  0.001828  -0.000640  -0.001835  0.999998  0.000000  0.000000  
129.767901 0.010164  0.096456  -0.010959  0.980162  0.196470  0.026114  -0.197957  0.976930  0.080134  -0.009767  -0.083714  0.996442  0.005361  -0.007966  0.002242  0.000000  0.000000  0.000000  2.000000  0.999934  0.011451  0.000661  -0.011452  0.999933  0.001828  -0.000640  -0.001835  0.999998  1.000000  0.000194  0.000151  -0.000194  1.000000  -0.000123  -0.000151  0.000123  1.000000  1.000000  0.000000  0.000000  0.000000  1.000000  0.000000  0.000000  0.000000  1.000000  0.999934  0.011451  0.000661  -0.011452  0.999933  0.001828  -0.000640  -0.001835  0.999998  0.000000  0.000000  
129.769151 0.010173  0.096448  -0.010954  0.980121  0.196671  0.026130  -0.198159  0.976889  0.080129  -0.009767  -0.083714  0.996442  0.005623  -0.007845  0.002487  0.000000  0.000000  0.000000  2.000000  0.999934  0.011451  0.000661  -0.011452  0.999933  0.001828  -0.000640  -0.001835  0.999998  1.000000  0.000399  0.000168  -0.000399  1.000000  -0.000125  -0.000168  0.000125  1.000000  1.000000  0.000000  0.000000  0.000000  1.000000  0.000000  0.000000  0.000000  1.000000  0.999934  0.011451  0.000661  -0.011452  0.999933  0.001828  -0.000640  -0.001835  0.999998  0.000000  0.000000  
129.770402 0.010182  0.096438  -0.010949  0.980122  0.196682  0.025999  -0.198159  0.976887  0.080156  -0.009633  -0.083714  0.996443  0.005813  -0.007768  0.002623  0.000000  0.000000  0.000000  2.000000  0.999934  0.011451  0.000661  -0.011452  0.999933  0.001828  -0.000640  -0.001835  0.999998  1.000000  0.000410  0.000034  -0.000410  1.000000  -0.000004  -0.000034  0.000004  1.000000  1.000000  0.000000  0.000000  0.000000  1.000000  0.000000  0.000000  0.000000  1.000000  0.999934  0.011451  0.000661  -0.011452  0.999933  0.001828  -0.000640  -0.001835  0.999998  0.000000  0.000000  
129.771419 0.010189  0.096431  -0.010945  0.980122  0.196682  0.025999  -0.198159  0.976887  0.080156  -0.009633  -0.083714  0.996443  0.005969  -0.007692  0.002794  0.000000  0.000000  0.000000  2.000000  0.999934  0.011451  0.000661  -0.011452  0.999933  0.001828  -0.000640  -0.001835  0.999998  1.000000  0.000410  0.000034  -0.000410  1.000000  -0.000004  -0.000034  0.000004  1.000000  1.000000  0.000000  0.000000  0.000000  1.000000  0.000000  0.000000  0.000000  1.000000  0.999934  0.011451  0.000661  -0.011452  0.999933  0.001828  -0.000640  -0.001835  0.999998  0.000000  0.000000  
