1-Time 2-Px 3-Py 4-Pz 5-R11 6-R21 7-R31 8-R12 9-R22 10-R32 11-R13 12-R23 13-R33 14-Vx 15-Vy 16-Vz 17-Wx 18-Wy 19-Wz 20-state 21-PR11 22-PR21 23-PR31 24-PR12 25-PR22 26-PR32 27-PR13 28-PR23 29-PR33 
132.118688 0.013160  0.095977  -0.010456  0.996981  0.069074  -0.035473  -0.068455  0.997485  0.018362  0.036653  -0.015879  0.999202  -0.000031  -0.000030  -0.000022  0.000000  0.000000  0.000000  2.000000  1.000000  0.000000  0.000000  -0.000000  1.000000  0.000000  0.000000  -0.000000  1.000000  1.000000  -0.000617  -0.000010  0.000617  1.000000  -0.000023  0.000010  0.000023  1.000000  1.000000  0.000000  0.000000  0.000000  1.000000  0.000000  0.000000  0.000000  1.000000  0.408360  0.565355  0.716670  -0.524681  0.787835  -0.322531  -0.746962  -0.244314  0.618351  0.000000  0.000000  
132.119941 0.013160  0.095977  -0.010455  0.996981  0.069074  -0.035473  -0.068455  0.997485  0.018362  0.036653  -0.015879  0.999202  -0.000020  -0.000056  -0.000012  0.000000  0.000000  0.000000  2.000000  1.000000  0.000000  0.000000  0.000000  1.000000  0.000000  0.000000  0.000000  1.000000  1.000000  -0.000617  -0.000010  0.000617  1.000000  -0.000023  0.000010  0.000023  1.000000  1.000000  0.000000  0.000000  0.000000  1.000000  0.000000  0.000000  0.000000  1.000000  1.000000  0.000000  0.000000  0.000000  1.000000  0.000000  0.000000  0.000000  1.000000  0.000000  0.000000  
132.121187 0.013164  0.095977  -0.010455  0.996967  0.069279  -0.035470  -0.068661  0.997471  0.018370  0.036653  -0.015879  0.999202  0.000235  0.000034  0.000040  0.000000  0.000000  0.000000  2.000000  1.000000  0.000000  0.000000  0.000000  1.000000  0.000000  0.000000  0.000000  1.000000  1.000000  -0.000206  -0.000003  0.000206  1.000000  -0.000008  0.000003  0.000008  1.000000  1.000000  0.000000  0.000000  0.000000  1.000000  0.000000  0.000000  0.000000  1.000000  1.000000  0.000000  0.000000  0.000000  1.000000  0.000000  0.000000  0.000000  1.000000  0.000000  0.000000  
132.122198 0.013167  0.095978  -0.010455  0.996967  0.069279  -0.035470  -0.068661  0.997471  0.018370  0.036653  -0.015879  0.999202  0.000437  0.000039  0.000057  0.000000  0.000000  0.000000  2.000000  1.000000  0.000000  0.000000  0.000000  1.000000  0.000000  0.000000  0.000000  1.000000  1.000000  -0.000206  -0.000003  0.000206  1.000000  -0.000008  0.000003  0.000008  1.000000  1.000000  0.000000  0.000000  0.000000  1.000000  0.000000  0.000000  0.000000  1.000000  1.000000  0.000000  0.000000  0.000000  1.000000  0.000000  0.000000  0.000000  1.000000  0.000000  0.000000  
132.123438 0.013171  0.095977  -0.010455  0.996952  0.069484  -0.035466  -0.068866  0.997457  0.018377  0.036653  -0.015879  0.999202  0.000729  -0.000012  0.000052  0.000000  0.000000  0.000000  2.000000  1.000000  0.000000  0.000000  0.000000  1.000000  0.000000  0.000000  0.000000  1.000000  1.000000  -0.000000  -0.000000  0.000000  1.000000  -0.000000  0.000000  0.000000  1.000000  1.000000  0.000000  0.000000  0.000000  1.000000  0.000000  0.000000  0.000000  1.000000  1.000000  0.000000  0.000000  0.000000  1.000000  0.000000  0.000000  0.000000  1.000000  0.000000  0.000000  
132.124440 0.013174  0.095976  -0.010455  0.996947  0.069491  -0.035591  -0.068866  0.997454  0.018507  0.036786  -0.016000  0.999195  0.000965  -0.000064  0.000052  0.000000  0.000000  0.000000  2.000000  1.000000  0.000000  0.000000  0.000000  1.000000  0.000000  0.000000  0.000000  1.000000  1.000000  0.000002  -0.000134  -0.000002  1.000000  0.000121  0.000134  -0.000121  1.000000  1.000000  0.000000  0.000000  0.000000  1.000000  0.000000  0.000000  0.000000  1.000000  1.000000  0.000000  0.000000  0.000000  1.000000  0.000000  0.000000  0.000000  1.000000  0.000000  0.000000  
132.125687 0.013181  0.095976  -0.010455  0.996933  0.069696  -0.035587  -0.069071  0.997440  0.018514  0.036786  -0.016000  0.999195  0.001398  -0.000062  0.000011  0.000000  0.000000  0.000000  2.000000  1.000000  0.000000  0.000000  0.000000  1.000000  0.000000  0.000000  0.000000  1.000000  1.000000  0.000002  -0.000134  -0.000002  1.000000  0.000121  0.000134  -0.000121  1.000000  1.000000  0.000000  0.000000  0.000000  1.000000  0.000000  0.000000  0.000000  1.000000  1.000000  0.000000  0.000000  0.000000  1.000000  0.000000  0.000000  0.000000  1.000000  0.000000  0.000000  
132.126689 0.013186  0.095976  -0.010455  0.996933  0.069696  -0.035587  -0.069071  0.997440  0.018514  0.036786  -0.016000  0.999195  0.001773  -0.000083  0.000023  0.000000  0.000000  0.000000  2.000000  1.000000  0.000000  0.000000  0.000000  1.000000  0.000000  0.000000  0.000000  1.000000  1.000000  0.000208  -0.000130  -0.000208  1.000000  0.000129  0.000131  -0.000129  1.000000  1.000000  0.000000  0.000000  0.000000  1.000000  0.000000  0.000000  0.000000  1.000000  1.000000  0.000000  0.000000  0.000000  1.000000  0.000000  0.000000  0.000000  1.000000  0.000000  0.000000  
132.127936 0.013192  0.095974  -0.010455  0.996914  0.069904  -0.035717  -0.069276  0.997425  0.018531  0.036920  -0.016000  0.999190  0.002193  -0.000186  0.000028  0.000000  0.000000  0.000000  2.000000  1.000000  0.000000  0.000000  0.000000  1.000000  0.000000  0.000000  0.000000  1.000000  1.000000  0.000416  -0.000261  -0.000416  1.000000  0.000136  0.000261  -0.000136  1.000000  1.000000  0.000000  0.000000  0.000000  1.000000  0.000000  0.000000  0.000000  1.000000  1.000000  0.000000  0.000000  0.000000  1.000000  0.000000  0.000000  0.000000  1.000000  0.000000  0.000000  
132.128937 0.013198  0.095974  -0.010455  0.996900  0.070109  -0.035713  -0.069481  0.997411  0.018538  0.036920  -0.016000  0.999190  0.002581  -0.000233  0.000051  0.000000  0.000000  0.000000  2.000000  1.000000  0.000000  0.000000  0.000000  1.000000  0.000000  0.000000  0.000000  1.000000  1.000000  0.000827  -0.000254  -0.000827  1.000000  0.000152  0.000255  -0.000151  1.000000  1.000000  0.000000  0.000000  0.000000  1.000000  0.000000  0.000000  0.000000  1.000000  1.000000  0.000000  0.000000  0.000000  1.000000  0.000000  0.000000  0.000000  1.000000  0.000000  0.000000  
132.130190 0.013205  0.095973  -0.010454  0.996886  0.070314  -0.035709  -0.069686  0.997397  0.018546  0.036920  -0.016000  0.999190  0.003051  -0.000250  0.000090  0.000000  0.000000  0.000000  2.000000  1.000000  0.000000  0.000000  0.000000  1.000000  0.000000  0.000000  0.000000  1.000000  0.999999  0.001033  -0.000251  -0.001033  0.999999  0.000159  0.000251  -0.000159  1.000000  1.000000  0.000000  0.000000  0.000000  1.000000  0.000000  0.000000  0.000000  1.000000  1.000000  0.000000  0.000000  0.000000  1.000000  0.000000  0.000000  0.000000  1.000000  0.000000  0.000000  
132.131436 0.013214  0.095973  -0.010454  0.996871  0.070524  -0.035697  -0.069891  0.997380  0.018674  0.036920  -0.016121  0.999188  0.003622  -0.000241  0.000110  0.000000  0.000000  0.000000  2.000000  1.000000  0.000000  0.000000  0.000000  1.000000  0.000000  0.000000  0.000000  1.000000  0.999999  0.001239  -0.000248  -0.001238  0.999999  0.000288  0.000248  -0.000288  1.000000  1.000000  0.000000  0.000000  0.000000  1.000000  0.000000  0.000000  0.000000  1.000000  1.000000  0.000000  0.000000  0.000000  1.000000  0.000000  0.000000  0.000000  1.000000  0.000000  0.000000  
132.132437 0.013220  0.095973  -0.010454  0.996857  0.070729  -0.035693  -0.070097  0.997365  0.018681  0.036920  -0.016121  0.999188  0.004040  -0.000235  0.000107  0.000000  0.000000  0.000000  2.000000  1.000000  0.000000  0.000000  0.000000  1.000000  0.000000  0.000000  0.000000  1.000000  0.999999  0.001444  -0.000244  -0.001444  0.999999  0.000296  0.000245  -0.000295  1.000000  1.000000  0.000000  0.000000  0.000000  1.000000  0.000000  0.000000  0.000000  1.000000  1.000000  0.000000  0.000000  0.000000  1.000000  0.000000  0.000000  0.000000  1.000000  0.000000  0.000000  
132.133444 0.013227  0.095973  -0.010454  0.996842  0.070935  -0.035689  -0.070302  0.997351  0.018689  0.036920  -0.016121  0.999188  0.004524  -0.000256  0.000109  0.000000  0.000000  0.000000  2.000000  1.000000  0.000000  0.000000  0.000000  1.000000  0.000000  0.000000  0.000000  1.000000  0.999999  0.001650  -0.000241  -0.001650  0.999999  0.000303  0.000241  -0.000303  1.000000  1.000000  0.000000  0.000000  0.000000  1.000000  0.000000  0.000000  0.000000  1.000000  1.000000  0.000000  0.000000  0.000000  1.000000  0.000000  0.000000  0.000000  1.000000  0.000000  0.000000  
132.134691 0.013236  0.095974  -0.010453  0.996813  0.071350  -0.035673  -0.070712  0.997319  0.018824  0.036920  -0.016242  0.999186  0.005157  -0.000187  0.000173  0.000000  0.000000  0.000000  2.000000  1.000000  0.000000  0.000000  0.000000  1.000000  0.000000  0.000000  0.000000  1.000000  0.999998  0.002061  -0.000234  -0.002061  0.999998  0.000440  0.000235  -0.000439  1.000000  1.000000  0.000000  0.000000  0.000000  1.000000  0.000000  0.000000  0.000000  1.000000  1.000000  0.000000  0.000000  0.000000  1.000000  0.000000  0.000000  0.000000  1.000000  0.000000  0.000000  
132.135940 0.013247  0.095975  -0.010453  0.996799  0.071555  -0.035669  -0.070917  0.997304  0.018832  0.036920  -0.016242  0.999186  0.005630  -0.000181  0.000165  0.000000  0.000000  0.000000  2.000000  1.000000  0.000000  0.000000  0.000000  1.000000  0.000000  0.000000  0.000000  1.000000  0.999997  0.002267  -0.000231  -0.002267  0.999997  0.000447  0.000232  -0.000447  1.000000  1.000000  0.000000  0.000000  0.000000  1.000000  0.000000  0.000000  0.000000  1.000000  1.000000  0.000000  0.000000  0.000000  1.000000  0.000000  0.000000  0.000000  1.000000  0.000000  0.000000  
132.136940 0.013255  0.095975  -0.010451  0.996779  0.071767  -0.035789  -0.071122  0.997287  0.018970  0.037054  -0.016363  0.999179  0.005976  -0.000169  0.000243  0.000000  0.000000  0.000000  2.000000  1.000000  0.000000  0.000000  0.000000  1.000000  0.000000  0.000000  0.000000  1.000000  0.999997  0.002475  -0.000361  -0.002475  0.999997  0.000577  0.000362  -0.000576  1.000000  1.000000  0.000000  0.000000  0.000000  1.000000  0.000000  0.000000  0.000000  1.000000  1.000000  0.000000  0.000000  0.000000  1.000000  0.000000  0.000000  0.000000  1.000000  0.000000  0.000000  
132.137941 0.013262  0.095975  -0.010450  0.996764  0.071972  -0.035786  -0.071328  0.997272  0.018977  0.037054  -0.016363  0.999179  0.006259  -0.000158  0.000326  0.000000  0.000000  0.000000  2.000000  1.000000  0.000000  0.000000  0.000000  1.000000  0.000000  0.000000  0.000000  1.000000  0.999996  0.002886  -0.000354  -0.002886  0.999996  0.000592  0.000356  -0.000591  1.000000  1.000000  0.000000  0.000000  0.000000  1.000000  0.000000  0.000000  0.000000  1.000000  1.000000  0.000000  0.000000  0.000000  1.000000  0.000000  0.000000  0.000000  1.000000  0.000000  0.000000  
132.139191 0.013272  0.095974  -0.010449  0.996735  0.072387  -0.035769  -0.071738  0.997240  0.019113  0.037054  -0.016484  0.999177  0.006600  -0.000146  0.000404  0.000000  0.000000  0.000000  2.000000  1.000000  0.000000  0.000000  0.000000  1.000000  0.000000  0.000000  0.000000  1.000000  0.999995  0.003298  -0.000347  -0.003298  0.999994  0.000728  0.000349  -0.000727  1.000000  1.000000  0.000000  0.000000  0.000000  1.000000  0.000000  0.000000  0.000000  1.000000  1.000000  0.000000  0.000000  0.000000  1.000000  0.000000  0.000000  0.000000  1.000000  0.000000  0.000000  
132.140437 0.013281  0.095972  -0.010447  0.996705  0.072798  -0.035761  -0.072148  0.997210  0.019127  0.037054  -0.016484  0.999177  0.006832  -0.000266  0.000549  0.000000  0.000000  0.000000  2.000000  1.000000  0.000000  0.000000  0.000000  1.000000  0.000000  0.000000  0.000000  1.000000  0.999993  0.003709  -0.000340  -0.003709  0.999993  0.000744  0.000343  -0.000742  1.000000  1.000000  0.000000  0.000000  0.000000  1.000000  0.000000  0.000000  0.000000  1.000000  1.000000  0.000000  0.000000  0.000000  1.000000  0.000000  0.000000  0.000000  1.000000  0.000000  0.000000  
132.141685 0.013291  0.095970  -0.010446  0.996671  0.073210  -0.035887  -0.072558  0.997180  0.019152  0.037187  -0.016484  0.999172  0.007003  -0.000357  0.000630  0.000000  0.000000  0.000000  2.000000  1.000000  0.000000  0.000000  0.000000  1.000000  0.000000  0.000000  0.000000  1.000000  0.999993  0.003709  -0.000340  -0.003709  0.999993  0.000744  0.000343  -0.000742  1.000000  1.000000  0.000000  0.000000  0.000000  1.000000  0.000000  0.000000  0.000000  1.000000  1.000000  0.000000  0.000000  0.000000  1.000000  0.000000  0.000000  0.000000  1.000000  0.000000  0.000000  
132.142936 0.013300  0.095967  -0.010444  0.996656  0.073420  -0.035874  -0.072764  0.997163  0.019280  0.037187  -0.016605  0.999170  0.007179  -0.000453  0.000729  0.000000  0.000000  0.000000  2.000000  1.000000  0.000000  0.000000  0.000000  1.000000  0.000000  0.000000  0.000000  1.000000  0.999991  0.004123  -0.000466  -0.004123  0.999991  0.000881  0.000470  -0.000879  1.000000  1.000000  0.000000  0.000000  0.000000  1.000000  0.000000  0.000000  0.000000  1.000000  1.000000  0.000000  0.000000  0.000000  1.000000  0.000000  0.000000  0.000000  1.000000  0.000000  0.000000  
132.143936 0.013307  0.095965  -0.010443  0.996641  0.073625  -0.035870  -0.072969  0.997148  0.019288  0.037187  -0.016605  0.999170  0.007272  -0.000579  0.000812  0.000000  0.000000  0.000000  2.000000  1.000000  0.000000  0.000000  0.000000  1.000000  0.000000  0.000000  0.000000  1.000000  0.999991  0.004123  -0.000466  -0.004123  0.999991  0.000881  0.000470  -0.000879  1.000000  1.000000  0.000000  0.000000  0.000000  1.000000  0.000000  0.000000  0.000000  1.000000  1.000000  0.000000  0.000000  0.000000  1.000000  0.000000  0.000000  0.000000  1.000000  0.000000  0.000000  
132.145186 0.013316  0.095962  -0.010442  0.996611  0.074036  -0.035862  -0.073379  0.997117  0.019302  0.037187  -0.016605  0.999170  0.007413  -0.000763  0.000841  0.000000  0.000000  0.000000  2.000000  1.000000  0.000000  0.000000  0.000000  1.000000  0.000000  0.000000  0.000000  1.000000  0.999991  0.004326  -0.000329  -0.004326  0.999990  0.000767  0.000333  -0.000766  1.000000  1.000000  0.000000  0.000000  0.000000  1.000000  0.000000  0.000000  0.000000  1.000000  1.000000  0.000000  0.000000  0.000000  1.000000  0.000000  0.000000  0.000000  1.000000  0.000000  0.000000  
132.146190 0.013324  0.095960  -0.010440  0.996595  0.074246  -0.035849  -0.073584  0.997100  0.019431  0.037187  -0.016727  0.999168  0.007480  -0.000908  0.000917  0.000000  0.000000  0.000000  2.000000  1.000000  0.000000  0.000000  0.000000  1.000000  0.000000  0.000000  0.000000  1.000000  0.999990  0.004532  -0.000325  -0.004532  0.999989  0.000896  0.000329  -0.000895  1.000000  1.000000  0.000000  0.000000  0.000000  1.000000  0.000000  0.000000  0.000000  1.000000  1.000000  0.000000  0.000000  0.000000  1.000000  0.000000  0.000000  0.000000  1.000000  0.000000  0.000000  
132.147437 0.013333  0.095957  -0.010440  0.996565  0.074656  -0.035841  -0.073995  0.997069  0.019445  0.037187  -0.016727  0.999168  0.007537  -0.001074  0.000962  0.035432  0.014938  0.186946  2.000000  1.000000  0.000000  0.000000  0.000000  1.000000  0.000000  0.000000  0.000000  1.000000  0.999990  0.004532  -0.000325  -0.004532  0.999989  0.000896  0.000329  -0.000895  1.000000  1.000000  0.000000  0.000000  0.000000  1.000000  0.000000  0.000000  0.000000  1.000000  1.000000  0.000000  0.000000  0.000000  1.000000  0.000000  0.000000  0.000000  1.000000  0.000046  0.000000  
132.148690 0.013342  0.095954  -0.010438  0.996550  0.074866  -0.035828  -0.074200  0.997051  0.019574  0.037187  -0.016848  0.999166  0.007548  -0.001307  0.001044  0.039770  0.014816  0.193891  2.000000  1.000000  0.000000  0.000000  0.000000  1.000000  0.000000  0.000000  0.000000  1.000000  0.999989  0.004736  -0.000187  -0.004735  0.999988  0.001025  0.000192  -0.001024  0.999999  1.000000  0.000000  0.000000  0.000000  1.000000  0.000000  0.000000  0.000000  1.000000  1.000000  0.000000  0.000000  0.000000  1.000000  0.000000  0.000000  0.000000  1.000000  0.000050  0.000000  
132.149939 0.013350  0.095952  -0.010437  0.996519  0.075281  -0.035811  -0.074610  0.997018  0.019709  0.037187  -0.016969  0.999164  0.007483  -0.001440  0.001087  0.043992  0.014457  0.206006  2.000000  1.000000  0.000000  0.000000  0.000000  1.000000  0.000000  0.000000  0.000000  1.000000  0.999989  0.004736  -0.000187  -0.004735  0.999988  0.001146  0.000192  -0.001145  0.999999  1.000000  0.000000  0.000000  0.000000  1.000000  0.000000  0.000000  0.000000  1.000000  1.000000  0.000000  0.000000  0.000000  1.000000  0.000000  0.000000  0.000000  1.000000  0.000051  0.000000  
132.151192 0.013359  0.095949  -0.010435  0.996504  0.075486  -0.035806  -0.074815  0.997002  0.019717  0.037187  -0.016969  0.999164  0.007362  -0.001736  0.001168  0.044352  0.014575  0.207694  2.000000  1.000000  0.000000  0.000000  0.000000  1.000000  0.000000  0.000000  0.000000  1.000000  0.999988  0.004941  -0.000183  -0.004941  0.999987  0.001033  0.000188  -0.001032  0.999999  1.000000  0.000000  0.000000  0.000000  1.000000  0.000000  0.000000  0.000000  1.000000  1.000000  0.000000  0.000000  0.000000  1.000000  0.000000  0.000000  0.000000  1.000000  0.000053  0.000000  
132.152438 0.013367  0.095946  -0.010434  0.996488  0.075695  -0.035793  -0.075020  0.996985  0.019845  0.037187  -0.017090  0.999162  0.007234  -0.001897  0.001156  0.048695  0.014452  0.214653  2.000000  1.000000  0.000000  0.000000  0.000000  1.000000  0.000000  0.000000  0.000000  1.000000  0.999988  0.004941  -0.000183  -0.004941  0.999987  0.001154  0.000188  -0.001153  0.999999  1.000000  0.000000  0.000000  0.000000  1.000000  0.000000  0.000000  0.000000  1.000000  1.000000  0.000000  0.000000  0.000000  1.000000  0.000000  0.000000  0.000000  1.000000  0.000055  0.000000  
132.153440 0.013373  0.095944  -0.010432  0.996473  0.075901  -0.035789  -0.075225  0.996969  0.019852  0.037187  -0.017090  0.999162  0.007163  -0.002069  0.001176  0.048704  0.009954  0.214555  2.000000  1.000000  0.000000  0.000000  0.000000  1.000000  0.000000  0.000000  0.000000  1.000000  0.999988  0.004941  -0.000183  -0.004941  0.999987  0.001154  0.000188  -0.001153  0.999999  1.000000  0.000000  0.000000  0.000000  1.000000  0.000000  0.000000  0.000000  1.000000  1.000000  0.000000  0.000000  0.000000  1.000000  0.000000  0.000000  0.000000  1.000000  0.000055  0.000000  
132.154445 0.013379  0.095940  -0.010430  0.996457  0.076110  -0.035776  -0.075431  0.996951  0.019981  0.037187  -0.017211  0.999160  0.007052  -0.002200  0.001243  0.048949  0.009811  0.221422  2.000000  1.000000  0.000000  0.000000  0.000000  1.000000  0.000000  0.000000  0.000000  1.000000  0.999988  0.004941  -0.000182  -0.004941  0.999987  0.001154  0.000188  -0.001153  0.999999  1.000000  0.000000  0.000000  0.000000  1.000000  0.000000  0.000000  0.000000  1.000000  1.000000  0.000000  0.000000  0.000000  1.000000  0.000000  0.000000  0.000000  1.000000  0.000057  0.000000  
132.155686 0.013386  0.095936  -0.010428  0.996442  0.076316  -0.035772  -0.075636  0.996935  0.019988  0.037187  -0.017211  0.999160  0.006853  -0.002431  0.001269  0.048555  0.009732  0.219639  2.000000  1.000000  0.000000  0.000000  0.000000  1.000000  0.000000  0.000000  0.000000  1.000000  0.999989  0.004736  -0.000186  -0.004735  0.999988  0.001146  0.000191  -0.001145  0.999999  1.000000  0.000000  0.000000  0.000000  1.000000  0.000000  0.000000  0.000000  1.000000  1.000000  0.000000  0.000000  0.000000  1.000000  0.000000  0.000000  0.000000  1.000000  0.000057  0.000000  
132.156696 0.013392  0.095932  -0.010425  0.996426  0.076521  -0.035768  -0.075841  0.996919  0.019996  0.037187  -0.017211  0.999160  0.006712  -0.002547  0.001384  0.048946  0.009810  0.221409  2.000000  1.000000  0.000000  0.000000  0.000000  1.000000  0.000000  0.000000  0.000000  1.000000  0.999989  0.004733  -0.000052  -0.004733  0.999988  0.001025  0.000057  -0.001025  0.999999  1.000000  0.000000  0.000000  0.000000  1.000000  0.000000  0.000000  0.000000  1.000000  1.000000  0.000000  0.000000  0.000000  1.000000  0.000000  0.000000  0.000000  1.000000  0.000058  0.000000  
132.157941 0.013399  0.095926  -0.010422  0.996411  0.076726  -0.035763  -0.076046  0.996904  0.020003  0.037187  -0.017211  0.999160  0.006572  -0.002733  0.001477  0.049218  0.005200  0.228250  2.000000  1.000000  0.000000  0.000000  0.000000  1.000000  0.000000  0.000000  0.000000  1.000000  0.999989  0.004733  -0.000052  -0.004733  0.999988  0.001025  0.000057  -0.001025  0.999999  1.000000  0.000000  0.000000  0.000000  1.000000  0.000000  0.000000  0.000000  1.000000  1.000000  0.000000  0.000000  0.000000  1.000000  0.000000  0.000000  0.000000  1.000000  0.000058  0.000000  
132.159186 0.013406  0.095921  -0.010419  0.996395  0.076936  -0.035750  -0.076251  0.996885  0.020131  0.037187  -0.017333  0.999158  0.006434  -0.002920  0.001571  0.053051  0.005303  0.221394  2.000000  1.000000  0.000000  0.000000  0.000000  1.000000  0.000000  0.000000  0.000000  1.000000  0.999990  0.004528  -0.000055  -0.004528  0.999989  0.001017  0.000060  -0.001017  0.999999  1.000000  0.000000  0.000000  0.000000  1.000000  0.000000  0.000000  0.000000  1.000000  1.000000  0.000000  0.000000  0.000000  1.000000  0.000000  0.000000  0.000000  1.000000  0.000058  0.000000  
132.160188 0.013411  0.095916  -0.010417  0.996395  0.076936  -0.035750  -0.076251  0.996885  0.020131  0.037187  -0.017333  0.999158  0.006334  -0.003078  0.001647  0.052617  0.005259  0.219582  2.000000  1.000000  0.000000  0.000000  0.000000  1.000000  0.000000  0.000000  0.000000  1.000000  0.999991  0.004322  -0.000058  -0.004322  0.999990  0.001010  0.000063  -0.001009  0.999999  1.000000  0.000000  0.000000  0.000000  1.000000  0.000000  0.000000  0.000000  1.000000  1.000000  0.000000  0.000000  0.000000  1.000000  0.000000  0.000000  0.000000  1.000000  0.000057  0.000000  
132.161436 0.013419  0.095911  -0.010414  0.996379  0.077141  -0.035746  -0.076456  0.996870  0.020139  0.037187  -0.017333  0.999158  0.006170  -0.003258  0.001816  0.048569  0.005246  0.219565  2.000000  1.000000  0.000000  0.000000  0.000000  1.000000  0.000000  0.000000  0.000000  1.000000  0.999992  0.004116  -0.000062  -0.004116  0.999991  0.001002  0.000066  -0.001002  0.999999  1.000000  0.000000  0.000000  0.000000  1.000000  0.000000  0.000000  0.000000  1.000000  1.000000  0.000000  0.000000  0.000000  1.000000  0.000000  0.000000  0.000000  1.000000  0.000057  0.000000  
132.162686 0.013426  0.095905  -0.010410  0.996363  0.077346  -0.035742  -0.076661  0.996854  0.020146  0.037187  -0.017333  0.999158  0.006068  -0.003463  0.001990  0.048717  0.005405  0.214477  2.000000  1.000000  0.000000  0.000000  0.000000  1.000000  0.000000  0.000000  0.000000  1.000000  0.999992  0.004114  0.000072  -0.004114  0.999991  0.000881  -0.000068  -0.000881  1.000000  1.000000  0.000000  0.000000  0.000000  1.000000  0.000000  0.000000  0.000000  1.000000  1.000000  0.000000  0.000000  0.000000  1.000000  0.000000  0.000000  0.000000  1.000000  0.000056  0.000000  
132.163686 0.013431  0.095901  -0.010408  0.996363  0.077350  -0.035732  -0.076661  0.996851  0.020267  0.037187  -0.017454  0.999156  0.005989  -0.003588  0.002034  0.048479  0.005498  0.207643  2.000000  1.000000  0.000000  0.000000  0.000000  1.000000  0.000000  0.000000  0.000000  1.000000  0.999993  0.003703  0.000065  -0.003703  0.999993  0.000987  -0.000061  -0.000987  1.000000  1.000000  0.000000  0.000000  0.000000  1.000000  0.000000  0.000000  0.000000  1.000000  1.000000  0.000000  0.000000  0.000000  1.000000  0.000000  0.000000  0.000000  1.000000  0.000055  0.000000  
132.164936 0.013438  0.095895  -0.010405  0.996348  0.077556  -0.035728  -0.076867  0.996835  0.020274  0.037187  -0.017454  0.999156  0.005870  -0.003822  0.002145  0.048066  0.005451  0.205876  2.000000  1.000000  0.000000  0.000000  0.000000  1.000000  0.000000  0.000000  0.000000  1.000000  0.999993  0.003703  0.000065  -0.003703  0.999993  0.000987  -0.000061  -0.000987  1.000000  1.000000  0.000000  0.000000  0.000000  1.000000  0.000000  0.000000  0.000000  1.000000  1.000000  0.000000  0.000000  0.000000  1.000000  0.000000  0.000000  0.000000  1.000000  0.000053  0.000000  
132.165936 0.013444  0.095890  -0.010402  0.996348  0.077560  -0.035719  -0.076867  0.996833  0.020395  0.037187  -0.017575  0.999154  0.005773  -0.003978  0.002221  0.051856  0.005554  0.199019  2.000000  1.000000  0.000000  0.000000  0.000000  1.000000  0.000000  0.000000  0.000000  1.000000  0.999994  0.003497  0.000061  -0.003497  0.999994  0.000858  -0.000058  -0.000858  1.000000  1.000000  0.000000  0.000000  0.000000  1.000000  0.000000  0.000000  0.000000  1.000000  1.000000  0.000000  0.000000  0.000000  1.000000  0.000000  0.000000  0.000000  1.000000  0.000051  0.000000  
132.166941 0.013449  0.095885  -0.010399  0.996332  0.077765  -0.035715  -0.077072  0.996817  0.020402  0.037187  -0.017575  0.999154  0.005610  -0.004205  0.002351  0.047960  0.001209  0.193658  2.000000  1.000000  0.000000  0.000000  0.000000  1.000000  0.000000  0.000000  0.000000  1.000000  0.999995  0.003085  0.000054  -0.003085  0.999995  0.000964  -0.000051  -0.000964  1.000000  1.000000  0.000000  0.000000  0.000000  1.000000  0.000000  0.000000  0.000000  1.000000  1.000000  0.000000  0.000000  0.000000  1.000000  0.000000  0.000000  0.000000  1.000000  0.000050  0.000000  
132.168186 0.013455  0.095879  -0.010396  0.996332  0.077765  -0.035715  -0.077072  0.996817  0.020402  0.037187  -0.017575  0.999154  0.005524  -0.004314  0.002425  0.047325  0.001316  0.185264  2.000000  1.000000  0.000000  0.000000  0.000000  1.000000  0.000000  0.000000  0.000000  1.000000  0.999995  0.003085  0.000054  -0.003085  0.999995  0.000843  -0.000052  -0.000843  1.000000  1.000000  0.000000  0.000000  0.000000  1.000000  0.000000  0.000000  0.000000  1.000000  1.000000  0.000000  0.000000  0.000000  1.000000  0.000000  0.000000  0.000000  1.000000  0.000050  0.000000  
132.169187 0.013459  0.095874  -0.010394  0.996332  0.077769  -0.035705  -0.077072  0.996814  0.020523  0.037187  -0.017696  0.999152  0.005429  -0.004448  0.002454  0.047062  0.001410  0.178373  2.000000  1.000000  0.000000  0.000000  0.000000  1.000000  0.000000  0.000000  0.000000  1.000000  0.999996  0.002880  0.000051  -0.002880  0.999995  0.000956  -0.000048  -0.000956  1.000000  1.000000  0.000000  0.000000  0.000000  1.000000  0.000000  0.000000  0.000000  1.000000  1.000000  0.000000  0.000000  0.000000  1.000000  0.000000  0.000000  0.000000  1.000000  0.000047  0.000000  
132.170195 0.013463  0.095869  -0.010391  0.996332  0.077769  -0.035705  -0.077072  0.996814  0.020523  0.037187  -0.017696  0.999152  0.005294  -0.004607  0.002514  0.000000  0.000000  0.000000  2.000000  1.000000  0.000000  0.000000  0.000000  1.000000  0.000000  0.000000  0.000000  1.000000  0.999997  0.002468  0.000044  -0.002468  0.999997  0.000820  -0.000042  -0.000820  1.000000  1.000000  0.000000  0.000000  0.000000  1.000000  0.000000  0.000000  0.000000  1.000000  1.000000  0.000000  0.000000  0.000000  1.000000  0.000000  0.000000  0.000000  1.000000  0.000000  0.000000  
132.171441 0.013469  0.095863  -0.010388  0.996316  0.077975  -0.035701  -0.077277  0.996798  0.020531  0.037187  -0.017696  0.999152  0.005233  -0.004693  0.002519  0.000000  0.000000  0.000000  2.000000  1.000000  0.000000  0.000000  0.000000  1.000000  0.000000  0.000000  0.000000  1.000000  0.999997  0.002263  0.000040  -0.002263  0.999997  0.000812  -0.000038  -0.000812  1.000000  1.000000  0.000000  0.000000  0.000000  1.000000  0.000000  0.000000  0.000000  1.000000  1.000000  0.000000  0.000000  0.000000  1.000000  0.000000  0.000000  0.000000  1.000000  0.000000  0.000000  
132.172442 0.013474  0.095858  -0.010385  0.996316  0.077975  -0.035701  -0.077277  0.996798  0.020531  0.037187  -0.017696  0.999152  0.005162  -0.004710  0.002591  0.000000  0.000000  0.000000  2.000000  1.000000  0.000000  0.000000  0.000000  1.000000  0.000000  0.000000  0.000000  1.000000  0.999997  0.002263  0.000040  -0.002263  0.999997  0.000691  -0.000039  -0.000691  1.000000  1.000000  0.000000  0.000000  0.000000  1.000000  0.000000  0.000000  0.000000  1.000000  1.000000  0.000000  0.000000  0.000000  1.000000  0.000000  0.000000  0.000000  1.000000  0.000000  0.000000  
132.173443 0.013479  0.095853  -0.010382  0.996316  0.077979  -0.035691  -0.077277  0.996796  0.020652  0.037187  -0.017817  0.999149  0.005085  -0.004765  0.002601  0.000000  0.000000  0.000000  2.000000  1.000000  0.000000  0.000000  0.000000  1.000000  0.000000  0.000000  0.000000  1.000000  0.999998  0.002057  0.000037  -0.002057  0.999998  0.000804  -0.000035  -0.000804  1.000000  1.000000  0.000000  0.000000  0.000000  1.000000  0.000000  0.000000  0.000000  1.000000  1.000000  0.000000  0.000000  0.000000  1.000000  0.000000  0.000000  0.000000  1.000000  0.000000  0.000000  
132.174691 0.013484  0.095847  -0.010378  0.996316  0.077979  -0.035691  -0.077277  0.996796  0.020652  0.037187  -0.017817  0.999149  0.005020  -0.004788  0.002694  0.000000  0.000000  0.000000  2.000000  1.000000  0.000000  0.000000  0.000000  1.000000  0.000000  0.000000  0.000000  1.000000  0.999998  0.001851  0.000033  -0.001851  0.999998  0.000675  -0.000032  -0.000675  1.000000  1.000000  0.000000  0.000000  0.000000  1.000000  0.000000  0.000000  0.000000  1.000000  1.000000  0.000000  0.000000  0.000000  1.000000  0.000000  0.000000  0.000000  1.000000  0.000000  0.000000  
132.175936 0.013491  0.095841  -0.010373  0.996316  0.077979  -0.035691  -0.077277  0.996796  0.020652  0.037187  -0.017817  0.999149  0.005016  -0.004748  0.002810  0.000000  0.000000  0.000000  2.000000  1.000000  0.000000  0.000000  0.000000  1.000000  0.000000  0.000000  0.000000  1.000000  0.999999  0.001646  0.000029  -0.001646  0.999998  0.000668  -0.000028  -0.000668  1.000000  1.000000  0.000000  0.000000  0.000000  1.000000  0.000000  0.000000  0.000000  1.000000  1.000000  0.000000  0.000000  0.000000  1.000000  0.000000  0.000000  0.000000  1.000000  0.000000  0.000000  
132.177190 0.013497  0.095835  -0.010368  0.996300  0.078184  -0.035687  -0.077482  0.996780  0.020659  0.037187  -0.017817  0.999149  0.004972  -0.004798  0.002873  0.000000  0.000000  0.000000  2.000000  1.000000  0.000000  0.000000  0.000000  1.000000  0.000000  0.000000  0.000000  1.000000  0.999999  0.001646  0.000029  -0.001646  0.999998  0.000668  -0.000028  -0.000668  1.000000  1.000000  0.000000  0.000000  0.000000  1.000000  0.000000  0.000000  0.000000  1.000000  1.000000  0.000000  0.000000  0.000000  1.000000  0.000000  0.000000  0.000000  1.000000  0.000000  0.000000  
132.178190 0.013503  0.095831  -0.010364  0.996300  0.078184  -0.035687  -0.077482  0.996780  0.020659  0.037187  -0.017817  0.999149  0.004933  -0.004766  0.002962  0.000000  0.000000  0.000000  2.000000  1.000000  0.000000  0.000000  0.000000  1.000000  0.000000  0.000000  0.000000  1.000000  0.999999  0.001440  0.000026  -0.001440  0.999999  0.000539  -0.000025  -0.000539  1.000000  1.000000  0.000000  0.000000  0.000000  1.000000  0.000000  0.000000  0.000000  1.000000  1.000000  0.000000  0.000000  0.000000  1.000000  0.000000  0.000000  0.000000  1.000000  0.000000  0.000000  
132.179437 0.013510  0.095826  -0.010359  0.996300  0.078184  -0.035687  -0.077482  0.996780  0.020659  0.037187  -0.017817  0.999149  0.004938  -0.004754  0.003109  0.000000  0.000000  0.000000  2.000000  1.000000  0.000000  0.000000  0.000000  1.000000  0.000000  0.000000  0.000000  1.000000  0.999999  0.001234  0.000022  -0.001234  0.999999  0.000531  -0.000021  -0.000531  1.000000  1.000000  0.000000  0.000000  0.000000  1.000000  0.000000  0.000000  0.000000  1.000000  1.000000  0.000000  0.000000  0.000000  1.000000  0.000000  0.000000  0.000000  1.000000  0.000000  0.000000  
132.180686 0.013517  0.095821  -0.010354  0.996300  0.078184  -0.035687  -0.077482  0.996780  0.020659  0.037187  -0.017817  0.999149  0.004976  -0.004710  0.003250  0.000000  0.000000  0.000000  2.000000  1.000000  0.000000  0.000000  0.000000  1.000000  0.000000  0.000000  0.000000  1.000000  0.999999  0.001028  0.000018  -0.001028  0.999999  0.000523  -0.000018  -0.000523  1.000000  1.000000  0.000000  0.000000  0.000000  1.000000  0.000000  0.000000  0.000000  1.000000  1.000000  0.000000  0.000000  0.000000  1.000000  0.000000  0.000000  0.000000  1.000000  0.000000  0.000000  
132.181686 0.013523  0.095817  -0.010350  0.996284  0.078394  -0.035673  -0.077687  0.996761  0.020787  0.037187  -0.017939  0.999147  0.005015  -0.004648  0.003372  0.000000  0.000000  0.000000  2.000000  1.000000  0.000000  0.000000  0.000000  1.000000  0.000000  0.000000  0.000000  1.000000  0.999999  0.001234  0.000022  -0.001234  0.999999  0.000652  -0.000021  -0.000652  1.000000  1.000000  0.000000  0.000000  0.000000  1.000000  0.000000  0.000000  0.000000  1.000000  1.000000  0.000000  0.000000  0.000000  1.000000  0.000000  0.000000  0.000000  1.000000  0.000000  0.000000  
132.182686 0.013528  0.095812  -0.010346  0.996284  0.078394  -0.035673  -0.077687  0.996761  0.020787  0.037187  -0.017939  0.999147  0.005065  -0.004670  0.003446  0.000000  0.000000  0.000000  2.000000  1.000000  0.000000  0.000000  0.000000  1.000000  0.000000  0.000000  0.000000  1.000000  0.999999  0.001028  0.000018  -0.001028  0.999999  0.000645  -0.000018  -0.000645  1.000000  1.000000  0.000000  0.000000  0.000000  1.000000  0.000000  0.000000  0.000000  1.000000  1.000000  0.000000  0.000000  0.000000  1.000000  0.000000  0.000000  0.000000  1.000000  0.000000  0.000000  
132.183698 0.013534  0.095808  -0.010342  0.996284  0.078394  -0.035673  -0.077687  0.996761  0.020787  0.037187  -0.017939  0.999147  0.005153  -0.004600  0.003560  0.000000  0.000000  0.000000  2.000000  1.000000  0.000000  0.000000  0.000000  1.000000  0.000000  0.000000  0.000000  1.000000  0.999999  0.001028  0.000018  -0.001028  0.999999  0.000523  -0.000018  -0.000523  1.000000  1.000000  0.000000  0.000000  0.000000  1.000000  0.000000  0.000000  0.000000  1.000000  1.000000  0.000000  0.000000  0.000000  1.000000  0.000000  0.000000  0.000000  1.000000  0.000000  0.000000  
132.184938 0.013541  0.095802  -0.010338  0.996268  0.078599  -0.035669  -0.077892  0.996745  0.020795  0.037187  -0.017939  0.999147  0.005285  -0.004572  0.003615  0.000000  0.000000  0.000000  2.000000  1.000000  0.000000  0.000000  0.000000  1.000000  0.000000  0.000000  0.000000  1.000000  1.000000  0.000823  0.000015  -0.000823  1.000000  0.000516  -0.000014  -0.000516  1.000000  1.000000  0.000000  0.000000  0.000000  1.000000  0.000000  0.000000  0.000000  1.000000  1.000000  0.000000  0.000000  0.000000  1.000000  0.000000  0.000000  0.000000  1.000000  0.000000  0.000000  
132.185941 0.013547  0.095797  -0.010335  0.996268  0.078599  -0.035669  -0.077892  0.996745  0.020795  0.037187  -0.017939  0.999147  0.005367  -0.004539  0.003630  0.000000  0.000000  0.000000  2.000000  1.000000  0.000000  0.000000  0.000000  1.000000  0.000000  0.000000  0.000000  1.000000  0.999999  0.001028  0.000018  -0.001028  0.999999  0.000523  -0.000018  -0.000523  1.000000  1.000000  0.000000  0.000000  0.000000  1.000000  0.000000  0.000000  0.000000  1.000000  1.000000  0.000000  0.000000  0.000000  1.000000  0.000000  0.000000  0.000000  1.000000  0.000000  0.000000  
132.187192 0.013555  0.095791  -0.010331  0.996268  0.078599  -0.035669  -0.077892  0.996745  0.020795  0.037187  -0.017939  0.999147  0.005454  -0.004512  0.003650  0.000000  0.000000  0.000000  2.000000  1.000000  0.000000  0.000000  0.000000  1.000000  0.000000  0.000000  0.000000  1.000000  1.000000  0.000823  0.000015  -0.000823  1.000000  0.000395  -0.000014  -0.000395  1.000000  1.000000  0.000000  0.000000  0.000000  1.000000  0.000000  0.000000  0.000000  1.000000  1.000000  0.000000  0.000000  0.000000  1.000000  0.000000  0.000000  0.000000  1.000000  0.000000  0.000000  
132.188436 0.013562  0.095786  -0.010327  0.996268  0.078603  -0.035660  -0.077892  0.996742  0.020915  0.037187  -0.018060  0.999145  0.005595  -0.004429  0.003678  0.000000  0.000000  0.000000  2.000000  1.000000  0.000000  0.000000  0.000000  1.000000  0.000000  0.000000  0.000000  1.000000  1.000000  0.000823  0.000015  -0.000823  1.000000  0.000516  -0.000014  -0.000516  1.000000  1.000000  0.000000  0.000000  0.000000  1.000000  0.000000  0.000000  0.000000  1.000000  1.000000  0.000000  0.000000  0.000000  1.000000  0.000000  0.000000  0.000000  1.000000  0.000000  0.000000  
132.189443 0.013569  0.095782  -0.010324  0.996252  0.078808  -0.035655  -0.078097  0.996726  0.020923  0.037187  -0.018060  0.999145  0.005753  -0.004397  0.003688  0.000000  0.000000  0.000000  2.000000  1.000000  0.000000  0.000000  0.000000  1.000000  0.000000  0.000000  0.000000  1.000000  0.999999  0.001028  0.000019  -0.001028  0.999999  0.000402  -0.000018  -0.000402  1.000000  1.000000  0.000000  0.000000  0.000000  1.000000  0.000000  0.000000  0.000000  1.000000  1.000000  0.000000  0.000000  0.000000  1.000000  0.000000  0.000000  0.000000  1.000000  0.000000  0.000000  
132.190691 0.013578  0.095776  -0.010319  0.996252  0.078808  -0.035655  -0.078097  0.996726  0.020923  0.037187  -0.018060  0.999145  0.005873  -0.004401  0.003640  0.000000  0.000000  0.000000  2.000000  1.000000  0.000000  0.000000  0.000000  1.000000  0.000000  0.000000  0.000000  1.000000  0.999999  0.001028  0.000019  -0.001028  0.999999  0.000402  -0.000018  -0.000402  1.000000  1.000000  0.000000  0.000000  0.000000  1.000000  0.000000  0.000000  0.000000  1.000000  1.000000  0.000000  0.000000  0.000000  1.000000  0.000000  0.000000  0.000000  1.000000  0.000000  0.000000  
132.191932 0.013587  0.095772  -0.010315  0.996236  0.079018  -0.035641  -0.078302  0.996707  0.021051  0.037187  -0.018181  0.999143  0.006043  -0.004354  0.003605  0.000000  0.000000  0.000000  2.000000  1.000000  0.000000  0.000000  0.000000  1.000000  0.000000  0.000000  0.000000  1.000000  1.000000  0.000823  0.000015  -0.000823  1.000000  0.000516  -0.000015  -0.000516  1.000000  1.000000  0.000000  0.000000  0.000000  1.000000  0.000000  0.000000  0.000000  1.000000  1.000000  0.000000  0.000000  0.000000  1.000000  0.000000  0.000000  0.000000  1.000000  0.000000  0.000000  
132.192936 0.013594  0.095768  -0.010311  0.996236  0.079018  -0.035641  -0.078302  0.996707  0.021051  0.037187  -0.018181  0.999143  0.006181  -0.004302  0.003570  0.000000  0.000000  0.000000  2.000000  1.000000  0.000000  0.000000  0.000000  1.000000  0.000000  0.000000  0.000000  1.000000  0.999999  0.001028  0.000019  -0.001028  0.999999  0.000523  -0.000018  -0.000523  1.000000  1.000000  0.000000  0.000000  0.000000  1.000000  0.000000  0.000000  0.000000  1.000000  1.000000  0.000000  0.000000  0.000000  1.000000  0.000000  0.000000  0.000000  1.000000  0.000000  0.000000  
132.193937 0.013601  0.095764  -0.010307  0.996236  0.079018  -0.035641  -0.078302  0.996707  0.021051  0.037187  -0.018181  0.999143  0.006287  -0.004244  0.003574  0.000000  0.000000  0.000000  2.000000  1.000000  0.000000  0.000000  0.000000  1.000000  0.000000  0.000000  0.000000  1.000000  0.999999  0.001028  0.000019  -0.001028  0.999999  0.000402  -0.000018  -0.000402  1.000000  1.000000  0.000000  0.000000  0.000000  1.000000  0.000000  0.000000  0.000000  1.000000  1.000000  0.000000  0.000000  0.000000  1.000000  0.000000  0.000000  0.000000  1.000000  0.000000  0.000000  
