1-Time 2-Px 3-Py 4-Pz 5-R11 6-R21 7-R31 8-R12 9-R22 10-R32 11-R13 12-R23 13-R33 14-Vx 15-Vy 16-Vz 17-Wx 18-Wy 19-Wz 20-state 21-PR11 22-PR21 23-PR31 24-PR12 25-PR22 26-PR32 27-PR13 28-PR23 29-PR33 
39.717820 0.009191  0.093921  -0.010575  0.993445  0.026197  0.111273  -0.113592  0.116854  0.986632  0.012844  -0.992804  0.119063  -0.001642  -0.001380  -0.000857  0.000000  0.000000  0.000000  2.000000  1.000000  0.000000  0.000000  0.000000  -0.000000  1.000000  0.000000  -1.000000  -0.000000  0.999995  0.002720  0.001332  -0.002722  0.999996  0.001109  -0.001329  -0.001112  0.999998  1.000000  0.000000  0.000000  0.000000  1.000000  0.000000  0.000000  0.000000  1.000000  0.390379  0.617475  0.682882  -0.630831  -0.360847  0.686908  0.670565  -0.698938  0.248655  0.000000  0.000000  
39.719072 0.009190  0.093920  -0.010576  0.993419  0.026340  0.111464  -0.113796  0.116713  0.986625  0.012978  -0.992816  0.118943  -0.001559  -0.001352  -0.000841  0.000000  0.000000  0.000000  2.000000  1.000000  0.000000  0.000000  0.000000  -0.000000  1.000000  0.000000  -1.000000  -0.000000  0.999995  0.002877  0.001521  -0.002879  0.999995  0.001232  -0.001518  -0.001237  0.999998  1.000000  0.000000  0.000000  0.000000  1.000000  0.000000  0.000000  0.000000  1.000000  1.000000  0.000000  0.000000  0.000000  -0.000000  1.000000  0.000000  -1.000000  -0.000000  0.000000  0.000000  
39.720324 0.009190  0.093917  -0.010577  0.993396  0.026364  0.111667  -0.114000  0.116708  0.986602  0.012978  -0.992816  0.118943  -0.001404  -0.001404  -0.000900  0.000000  0.000000  0.000000  2.000000  1.000000  0.000000  0.000000  0.000000  -0.000000  1.000000  0.000000  -1.000000  -0.000000  0.999995  0.002877  0.001521  -0.002879  0.999995  0.001111  -0.001518  -0.001115  0.999998  1.000000  0.000000  0.000000  0.000000  1.000000  0.000000  0.000000  0.000000  1.000000  1.000000  0.000000  0.000000  0.000000  -0.000000  1.000000  0.000000  -1.000000  -0.000000  0.000000  0.000000  
39.721338 0.009190  0.093915  -0.010578  0.993372  0.026374  0.111873  -0.114205  0.116583  0.986593  0.012978  -0.992831  0.118822  -0.001247  -0.001425  -0.000870  0.000000  0.000000  0.000000  2.000000  1.000000  0.000000  0.000000  0.000000  -0.000000  1.000000  0.000000  -1.000000  -0.000000  0.999995  0.002769  0.001742  -0.002771  0.999996  0.001113  -0.001738  -0.001118  0.999998  1.000000  0.000000  0.000000  0.000000  1.000000  0.000000  0.000000  0.000000  1.000000  1.000000  0.000000  0.000000  0.000000  -0.000000  1.000000  0.000000  -1.000000  -0.000000  0.000000  0.000000  
39.722576 0.009191  0.093913  -0.010578  0.993325  0.026422  0.112279  -0.114614  0.116572  0.986547  0.012978  -0.992831  0.118822  -0.000991  -0.001410  -0.000720  0.000000  0.000000  0.000000  2.000000  1.000000  0.000000  0.000000  0.000000  -0.000000  1.000000  0.000000  -1.000000  -0.000000  0.999994  0.002685  0.002167  -0.002688  0.999996  0.001239  -0.002163  -0.001245  0.999997  1.000000  0.000000  0.000000  0.000000  1.000000  0.000000  0.000000  0.000000  1.000000  1.000000  0.000000  0.000000  0.000000  -0.000000  1.000000  0.000000  -1.000000  -0.000000  0.000000  0.000000  
39.723832 0.009193  0.093911  -0.010579  0.993302  0.026446  0.112482  -0.114818  0.116566  0.986524  0.012978  -0.992831  0.118822  -0.000759  -0.001460  -0.000723  0.000000  0.000000  0.000000  2.000000  1.000000  0.000000  0.000000  0.000000  -0.000000  1.000000  0.000000  -1.000000  -0.000000  0.999994  0.002552  0.002183  -0.002554  0.999996  0.001118  -0.002180  -0.001124  0.999997  1.000000  0.000000  0.000000  0.000000  1.000000  0.000000  0.000000  0.000000  1.000000  1.000000  0.000000  0.000000  0.000000  -0.000000  1.000000  0.000000  -1.000000  -0.000000  0.000000  0.000000  
39.725078 0.009195  0.093909  -0.010579  0.993278  0.026470  0.112686  -0.115023  0.116561  0.986501  0.012978  -0.992831  0.118822  -0.000438  -0.001448  -0.000616  0.000000  0.000000  0.000000  2.000000  1.000000  0.000000  0.000000  0.000000  -0.000000  1.000000  0.000000  -1.000000  -0.000000  0.999994  0.002444  0.002403  -0.002446  0.999996  0.001121  -0.002400  -0.001126  0.999996  1.000000  0.000000  0.000000  0.000000  1.000000  0.000000  0.000000  0.000000  1.000000  1.000000  0.000000  0.000000  0.000000  -0.000000  1.000000  0.000000  -1.000000  -0.000000  0.000000  0.000000  
39.726329 0.009198  0.093907  -0.010578  0.993253  0.026626  0.112873  -0.115227  0.116540  0.986479  0.013112  -0.992829  0.118822  -0.000066  -0.001458  -0.000468  0.000000  0.000000  0.000000  2.000000  1.000000  0.000000  0.000000  0.000000  -0.000000  1.000000  0.000000  -1.000000  -0.000000  0.999995  0.002419  0.002198  -0.002421  0.999997  0.000997  -0.002196  -0.001003  0.999997  1.000000  0.000000  0.000000  0.000000  1.000000  0.000000  0.000000  0.000000  1.000000  1.000000  0.000000  0.000000  0.000000  -0.000000  1.000000  0.000000  -1.000000  -0.000000  0.000000  0.000000  
39.727581 0.009201  0.093905  -0.010579  0.993229  0.026636  0.113079  -0.115432  0.116415  0.986470  0.013112  -0.992843  0.118702  0.000249  -0.001480  -0.000456  0.000000  0.000000  0.000000  2.000000  1.000000  0.000000  0.000000  0.000000  -0.000000  1.000000  0.000000  -1.000000  -0.000000  0.999995  0.002178  0.002435  -0.002180  0.999997  0.001122  -0.002432  -0.001127  0.999996  1.000000  0.000000  0.000000  0.000000  1.000000  0.000000  0.000000  0.000000  1.000000  1.000000  0.000000  0.000000  0.000000  -0.000000  1.000000  0.000000  -1.000000  -0.000000  0.000000  0.000000  
39.728825 0.009204  0.093903  -0.010578  0.993205  0.026660  0.113282  -0.115636  0.116410  0.986447  0.013112  -0.992843  0.118702  0.000518  -0.001551  -0.000381  0.000000  0.000000  0.000000  2.000000  1.000000  0.000000  0.000000  0.000000  -0.000000  1.000000  0.000000  -1.000000  -0.000000  0.999994  0.002069  0.002655  -0.002072  0.999997  0.001003  -0.002653  -0.001008  0.999996  1.000000  0.000000  0.000000  0.000000  1.000000  0.000000  0.000000  0.000000  1.000000  1.000000  0.000000  0.000000  0.000000  -0.000000  1.000000  0.000000  -1.000000  -0.000000  0.000000  0.000000  
39.729826 0.009205  0.093901  -0.010579  0.993183  0.026552  0.113501  -0.115841  0.116420  0.986422  0.012978  -0.992845  0.118702  0.000750  -0.001601  -0.000385  0.000000  0.000000  0.000000  2.000000  1.000000  0.000000  0.000000  0.000000  -0.000000  1.000000  0.000000  -1.000000  -0.000000  0.999994  0.001828  0.002891  -0.001831  0.999998  0.001006  -0.002889  -0.001011  0.999995  1.000000  0.000000  0.000000  0.000000  1.000000  0.000000  0.000000  0.000000  1.000000  1.000000  0.000000  0.000000  0.000000  -0.000000  1.000000  0.000000  -1.000000  -0.000000  0.000000  0.000000  
39.730826 0.009208  0.093899  -0.010579  0.993161  0.026444  0.113720  -0.116045  0.116429  0.986396  0.012844  -0.992847  0.118702  0.001009  -0.001646  -0.000320  0.000000  0.000000  0.000000  2.000000  1.000000  0.000000  0.000000  0.000000  -0.000000  1.000000  0.000000  -1.000000  -0.000000  0.999994  0.001587  0.003127  -0.001589  0.999998  0.000887  -0.003126  -0.000892  0.999995  1.000000  0.000000  0.000000  0.000000  1.000000  0.000000  0.000000  0.000000  1.000000  1.000000  0.000000  0.000000  0.000000  -0.000000  1.000000  0.000000  -1.000000  -0.000000  0.000000  0.000000  
39.731828 0.009210  0.093897  -0.010579  0.993139  0.026350  0.113936  -0.116250  0.116559  0.986357  0.012711  -0.992834  0.118823  0.001209  -0.001725  -0.000344  0.000000  0.000000  0.000000  2.000000  1.000000  0.000000  0.000000  0.000000  -0.000000  1.000000  0.000000  -1.000000  -0.000000  0.999994  0.001321  0.003159  -0.001324  0.999999  0.000887  -0.003158  -0.000891  0.999995  1.000000  0.000000  0.000000  0.000000  1.000000  0.000000  0.000000  0.000000  1.000000  1.000000  0.000000  0.000000  0.000000  -0.000000  1.000000  0.000000  -1.000000  -0.000000  0.000000  0.000000  
39.733074 0.009212  0.093894  -0.010579  0.993092  0.026266  0.114357  -0.116659  0.116564  0.986308  0.012577  -0.992836  0.118823  0.001421  -0.001816  -0.000240  0.000000  0.000000  0.000000  2.000000  1.000000  0.000000  0.000000  0.000000  -0.000000  1.000000  0.000000  -1.000000  -0.000000  0.999994  0.000947  0.003411  -0.000949  0.999999  0.000648  -0.003411  -0.000651  0.999994  1.000000  0.000000  0.000000  0.000000  1.000000  0.000000  0.000000  0.000000  1.000000  1.000000  0.000000  0.000000  0.000000  -0.000000  1.000000  0.000000  -1.000000  -0.000000  0.000000  0.000000  
39.734074 0.009214  0.093891  -0.010579  0.993070  0.026158  0.114576  -0.116864  0.116574  0.986283  0.012443  -0.992837  0.118823  0.001630  -0.001862  -0.000147  0.000000  0.000000  0.000000  2.000000  1.000000  0.000000  0.000000  0.000000  -0.000000  1.000000  0.000000  -1.000000  -0.000000  0.999993  0.000706  0.003647  -0.000708  1.000000  0.000530  -0.003647  -0.000532  0.999993  1.000000  0.000000  0.000000  0.000000  1.000000  0.000000  0.000000  0.000000  1.000000  1.000000  0.000000  0.000000  0.000000  -0.000000  1.000000  0.000000  -1.000000  -0.000000  0.000000  0.000000  
39.735324 0.009216  0.093889  -0.010578  0.993048  0.026064  0.114792  -0.117069  0.116704  0.986243  0.012309  -0.992825  0.118944  0.001772  -0.001904  -0.000033  0.000000  0.000000  0.000000  2.000000  1.000000  0.000000  0.000000  0.000000  -0.000000  1.000000  0.000000  -1.000000  -0.000000  0.999993  0.000441  0.003679  -0.000442  1.000000  0.000409  -0.003679  -0.000410  0.999993  1.000000  0.000000  0.000000  0.000000  1.000000  0.000000  0.000000  0.000000  1.000000  1.000000  0.000000  0.000000  0.000000  -0.000000  1.000000  0.000000  -1.000000  -0.000000  0.000000  0.000000  
39.736575 0.009219  0.093886  -0.010577  0.993001  0.025994  0.115211  -0.117478  0.116828  0.986180  0.012175  -0.992812  0.119064  0.001882  -0.001913  0.000079  0.000000  0.000000  0.000000  2.000000  1.000000  0.000000  0.000000  0.000000  -0.000000  1.000000  0.000000  -1.000000  -0.000000  0.999991  0.000091  0.004136  -0.000092  1.000000  0.000293  -0.004136  -0.000294  0.999991  1.000000  0.000000  0.000000  0.000000  1.000000  0.000000  0.000000  0.000000  1.000000  1.000000  0.000000  0.000000  0.000000  -0.000000  1.000000  0.000000  -1.000000  -0.000000  0.000000  0.000000  
39.737582 0.009220  0.093884  -0.010576  0.992978  0.025887  0.115430  -0.117682  0.116838  0.986154  0.012042  -0.992814  0.119064  0.001900  -0.001941  0.000117  0.022390  -0.168456  0.047421  2.000000  1.000000  0.000000  0.000000  0.000000  -0.000000  1.000000  0.000000  -1.000000  -0.000000  0.999991  -0.000174  0.004167  0.000174  1.000000  0.000051  -0.004167  -0.000051  0.999991  1.000000  0.000000  0.000000  0.000000  1.000000  0.000000  0.000000  0.000000  1.000000  1.000000  0.000000  0.000000  0.000000  -0.000000  1.000000  0.000000  -1.000000  -0.000000  0.000044  0.000000  
39.738584 0.009222  0.093882  -0.010576  0.992931  0.025817  0.115848  -0.118091  0.116963  0.986090  0.011908  -0.992801  0.119185  0.001950  -0.001963  0.000158  0.018392  -0.176366  0.039325  2.000000  1.000000  0.000000  0.000000  0.000000  -0.000000  1.000000  0.000000  -1.000000  -0.000000  0.999990  -0.000415  0.004404  0.000415  1.000000  -0.000067  -0.004404  0.000069  0.999990  1.000000  0.000000  0.000000  0.000000  1.000000  0.000000  0.000000  0.000000  1.000000  1.000000  0.000000  0.000000  0.000000  -0.000000  1.000000  0.000000  -1.000000  -0.000000  0.000044  0.000000  
39.739933 0.009224  0.093879  -0.010577  0.992884  0.025733  0.116270  -0.118500  0.116968  0.986041  0.011774  -0.992802  0.119185  0.001918  -0.001981  0.000099  0.014430  -0.190535  0.031933  2.000000  1.000000  0.000000  0.000000  0.000000  -0.000000  1.000000  0.000000  -1.000000  -0.000000  0.999989  -0.000656  0.004640  0.000657  1.000000  -0.000185  -0.004640  0.000188  0.999989  1.000000  0.000000  0.000000  0.000000  1.000000  0.000000  0.000000  0.000000  1.000000  1.000000  0.000000  0.000000  0.000000  -0.000000  1.000000  0.000000  -1.000000  -0.000000  0.000047  0.000000  
39.741080 0.009226  0.093877  -0.010578  0.992837  0.025664  0.116689  -0.118909  0.117093  0.985977  0.011640  -0.992789  0.119306  0.001873  -0.002030  0.000011  0.010499  -0.199673  0.019492  2.000000  1.000000  0.000000  0.000000  0.000000  -0.000000  1.000000  0.000000  -1.000000  -0.000000  0.999988  -0.000764  0.004860  0.000765  1.000000  -0.000304  -0.004860  0.000307  0.999988  1.000000  0.000000  0.000000  0.000000  1.000000  0.000000  0.000000  0.000000  1.000000  1.000000  0.000000  0.000000  0.000000  -0.000000  1.000000  0.000000  -1.000000  -0.000000  0.000049  0.000000  
39.742324 0.009227  0.093874  -0.010579  0.992789  0.025594  0.117108  -0.119318  0.117218  0.985912  0.011506  -0.992776  0.119426  0.001811  -0.002025  -0.000010  0.002511  -0.214524  0.012220  2.000000  1.000000  -0.000020  0.000127  -0.000127  0.000012  1.000000  -0.000020  -1.000000  0.000012  0.999987  -0.000871  0.005081  0.000874  0.999999  -0.000544  -0.005080  0.000548  0.999987  1.000000  -0.000011  0.000064  0.000011  1.000000  -0.000007  -0.000064  0.000007  1.000000  1.000000  -0.000020  0.000127  -0.000127  0.000012  1.000000  -0.000020  -1.000000  0.000012  0.000052  0.005184  
39.743580 0.009229  0.093872  -0.010580  0.992742  0.025525  0.117526  -0.119727  0.117343  0.985848  0.011373  -0.992763  0.119547  0.001729  -0.002093  -0.000094  -0.005546  -0.222999  -0.000345  2.000000  1.000000  -0.000076  0.000445  -0.000445  0.000049  1.000000  -0.000076  -1.000000  0.000049  0.999987  -0.001004  0.005097  0.001007  0.999999  -0.000665  -0.005096  0.000670  0.999987  1.000000  -0.000013  0.000064  0.000013  1.000000  -0.000008  -0.000064  0.000008  1.000000  1.000000  -0.000076  0.000445  -0.000445  0.000049  1.000000  -0.000076  -1.000000  0.000049  0.000054  0.005238  
39.744833 0.009230  0.093869  -0.010580  0.992694  0.025455  0.117945  -0.120136  0.117468  0.985783  0.011239  -0.992750  0.119668  0.001622  -0.002092  -0.000082  -0.009538  -0.230885  -0.008431  2.000000  1.000000  -0.000138  0.000776  -0.000776  0.000091  1.000000  -0.000138  -1.000000  0.000091  0.999985  -0.000979  0.005301  0.000982  0.999999  -0.000663  -0.005301  0.000668  0.999986  1.000000  -0.000012  0.000066  0.000012  1.000000  -0.000008  -0.000066  0.000008  1.000000  1.000000  -0.000138  0.000776  -0.000776  0.000091  1.000000  -0.000138  -1.000000  0.000091  0.000056  0.005432  
39.746077 0.009232  0.093867  -0.010580  0.992646  0.025372  0.118367  -0.120545  0.117473  0.985733  0.011105  -0.992752  0.119668  0.001560  -0.002068  -0.000087  -0.013436  -0.246273  -0.020185  2.000000  0.999999  -0.000206  0.001121  -0.001121  0.000140  0.999999  -0.000206  -1.000000  0.000140  0.999984  -0.001087  0.005522  0.001091  0.999999  -0.000781  -0.005521  0.000787  0.999984  1.000000  -0.000014  0.000069  0.000014  1.000000  -0.000010  -0.000069  0.000010  1.000000  0.999999  -0.000206  0.001121  -0.001121  0.000140  0.999999  -0.000206  -1.000000  0.000140  0.000060  0.005682  
39.747326 0.009231  0.093864  -0.010580  0.992596  0.025435  0.118769  -0.120954  0.117582  0.985670  0.011105  -0.992737  0.119788  0.001411  -0.002093  -0.000059  -0.021492  -0.253707  -0.023826  2.000000  0.999999  -0.000288  0.001483  -0.001483  0.000195  0.999999  -0.000289  -1.000000  0.000195  0.999983  -0.001327  0.005758  0.001332  0.999999  -0.000899  -0.005757  0.000907  0.999983  1.000000  -0.000017  0.000072  0.000017  1.000000  -0.000011  -0.000072  0.000011  1.000000  0.999999  -0.000288  0.001483  -0.001483  0.000195  0.999999  -0.000289  -1.000000  0.000195  0.000062  0.005978  
39.748327 0.009232  0.093862  -0.010580  0.992573  0.025342  0.118985  -0.121158  0.117713  0.985629  0.010971  -0.992724  0.119909  0.001288  -0.002128  -0.000106  -0.029631  -0.255350  -0.037223  2.000000  0.999998  -0.000355  0.001784  -0.001784  0.000246  0.999998  -0.000355  -1.000000  0.000246  0.999981  -0.001434  0.005979  0.001441  0.999998  -0.001139  -0.005977  0.001148  0.999981  1.000000  -0.000018  0.000075  0.000018  1.000000  -0.000014  -0.000075  0.000014  1.000000  0.999998  -0.000355  0.001784  -0.001784  0.000246  0.999998  -0.000355  -1.000000  0.000246  0.000066  0.006254  
39.749575 0.009232  0.093859  -0.010580  0.992523  0.025404  0.119388  -0.121567  0.117822  0.985566  0.010971  -0.992710  0.120029  0.001182  -0.002118  -0.000119  -0.033350  -0.260075  -0.036083  2.000000  0.999998  -0.000443  0.002168  -0.002168  0.000319  0.999998  -0.000444  -1.000000  0.000318  0.999980  -0.001409  0.006184  0.001417  0.999998  -0.001258  -0.006182  0.001267  0.999980  1.000000  -0.000018  0.000077  0.000018  1.000000  -0.000016  -0.000077  0.000016  1.000000  0.999998  -0.000443  0.002168  -0.002168  0.000319  0.999998  -0.000444  -1.000000  0.000318  0.000067  0.006466  
39.750824 0.009234  0.093856  -0.010580  0.992472  0.025468  0.119791  -0.121976  0.117931  0.985502  0.010971  -0.992695  0.120150  0.001090  -0.002121  -0.000144  -0.037313  -0.266903  -0.035248  2.000000  0.999997  -0.000508  0.002482  -0.002482  0.000385  0.999997  -0.000509  -1.000000  0.000384  0.999979  -0.001251  0.006372  0.001259  0.999998  -0.001378  -0.006370  0.001386  0.999979  1.000000  -0.000016  0.000080  0.000016  1.000000  -0.000017  -0.000080  0.000017  1.000000  0.999997  -0.000508  0.002482  -0.002482  0.000385  0.999997  -0.000509  -1.000000  0.000384  0.000068  0.006639  
39.751827 0.009235  0.093854  -0.010579  0.992449  0.025375  0.120006  -0.122180  0.118062  0.985461  0.010837  -0.992682  0.120270  0.001038  -0.002084  -0.000207  -0.045797  -0.269673  -0.040008  2.000000  0.999996  -0.000568  0.002798  -0.002797  0.000458  0.999996  -0.000569  -1.000000  0.000456  0.999979  -0.001117  0.006356  0.001127  0.999998  -0.001500  -0.006354  0.001507  0.999979  1.000000  -0.000014  0.000079  0.000014  1.000000  -0.000019  -0.000079  0.000019  1.000000  0.999996  -0.000568  0.002798  -0.002797  0.000458  0.999996  -0.000569  -1.000000  0.000456  0.000068  0.006626  
39.753074 0.009236  0.093853  -0.010579  0.992398  0.025438  0.120409  -0.122589  0.118171  0.985397  0.010837  -0.992667  0.120391  0.001003  -0.002001  -0.000224  -0.049376  -0.274235  -0.038837  2.000000  0.999995  -0.000641  0.003193  -0.003192  0.000554  0.999995  -0.000643  -1.000000  0.000551  0.999979  -0.001116  0.006356  0.001126  0.999998  -0.001501  -0.006355  0.001508  0.999979  1.000000  -0.000014  0.000079  0.000014  1.000000  -0.000019  -0.000079  0.000019  1.000000  0.999995  -0.000641  0.003193  -0.003192  0.000554  0.999995  -0.000643  -1.000000  0.000551  0.000070  0.006627  
39.754075 0.009238  0.093851  -0.010580  0.992349  0.025384  0.120825  -0.122997  0.118415  0.985317  0.010704  -0.992640  0.120632  0.001010  -0.001928  -0.000199  -0.057411  -0.281646  -0.042419  2.000000  0.999994  -0.000694  0.003510  -0.003510  0.000633  0.999994  -0.000696  -1.000000  0.000631  0.999979  -0.001115  0.006356  0.001126  0.999998  -0.001623  -0.006355  0.001630  0.999978  1.000000  -0.000014  0.000079  0.000014  1.000000  -0.000020  -0.000079  0.000020  1.000000  0.999994  -0.000694  0.003510  -0.003510  0.000633  0.999994  -0.000696  -1.000000  0.000631  0.000071  0.006655  
39.755405 0.009240  0.093850  -0.010579  0.992324  0.025423  0.121024  -0.123202  0.118530  0.985278  0.010704  -0.992625  0.120752  0.000993  -0.001834  -0.000123  -0.061797  -0.283834  -0.047105  2.000000  0.999992  -0.000754  0.003911  -0.003911  0.000743  0.999992  -0.000757  -0.999999  0.000740  0.999979  -0.000981  0.006340  0.000992  0.999998  -0.001745  -0.006339  0.001751  0.999978  1.000000  -0.000012  0.000079  0.000012  1.000000  -0.000022  -0.000079  0.000022  1.000000  0.999992  -0.000754  0.003911  -0.003911  0.000743  0.999992  -0.000757  -0.999999  0.000740  0.000073  0.006650  
39.756575 0.009242  0.093849  -0.010579  0.992275  0.025355  0.121443  -0.123610  0.118655  0.985211  0.010570  -0.992612  0.120873  0.001040  -0.001779  -0.000034  -0.065420  -0.289540  -0.050421  2.000000  0.999991  -0.000800  0.004239  -0.004238  0.000833  0.999991  -0.000804  -0.999999  0.000830  0.999978  -0.000955  0.006545  0.000968  0.999998  -0.001865  -0.006543  0.001871  0.999977  1.000000  -0.000012  0.000082  0.000012  1.000000  -0.000023  -0.000082  0.000023  1.000000  0.999991  -0.000800  0.004239  -0.004238  0.000833  0.999991  -0.000804  -0.999999  0.000830  0.000076  0.006873  
39.757577 0.009244  0.093848  -0.010578  0.992224  0.025418  0.121846  -0.124019  0.118764  0.985147  0.010570  -0.992597  0.120993  0.001076  -0.001714  0.000081  -0.073420  -0.296325  -0.049593  2.000000  0.999990  -0.000832  0.004486  -0.004485  0.000907  0.999990  -0.000837  -0.999999  0.000903  0.999978  -0.000822  0.006529  0.000835  0.999998  -0.001987  -0.006527  0.001992  0.999977  1.000000  -0.000010  0.000082  0.000010  1.000000  -0.000025  -0.000082  0.000025  1.000000  0.999990  -0.000832  0.004486  -0.004485  0.000907  0.999990  -0.000837  -0.999999  0.000903  0.000076  0.006875  
39.758637 0.009246  0.093847  -0.010577  0.992198  0.025458  0.122045  -0.124223  0.118878  0.985107  0.010570  -0.992582  0.121113  0.001126  -0.001673  0.000198  -0.077938  -0.298145  -0.049879  2.000000  0.999988  -0.000869  0.004820  -0.004819  0.001003  0.999988  -0.000874  -0.999999  0.000999  0.999977  -0.000663  0.006717  0.000677  0.999998  -0.001985  -0.006716  0.001990  0.999975  1.000000  -0.000008  0.000084  0.000008  1.000000  -0.000025  -0.000084  0.000025  1.000000  0.999988  -0.000869  0.004820  -0.004819  0.001003  0.999988  -0.000874  -0.999999  0.000999  0.000078  0.007036  
39.759824 0.009248  0.093845  -0.010576  0.992147  0.025521  0.122448  -0.124632  0.118987  0.985043  0.010570  -0.992568  0.121234  0.001181  -0.001643  0.000293  -0.081436  -0.302573  -0.044300  2.000000  0.999986  -0.000900  0.005156  -0.005155  0.001104  0.999986  -0.000906  -0.999999  0.001100  0.999977  -0.000530  0.006701  0.000543  0.999998  -0.001986  -0.006700  0.001990  0.999976  1.000000  -0.000007  0.000084  0.000007  1.000000  -0.000025  -0.000084  0.000025  1.000000  0.999986  -0.000900  0.005156  -0.005155  0.001104  0.999986  -0.000906  -0.999999  0.001100  0.000078  0.007010  
39.760825 0.009250  0.093844  -0.010575  0.992121  0.025561  0.122648  -0.124836  0.119102  0.985003  0.010570  -0.992553  0.121354  0.001240  -0.001585  0.000368  -0.085499  -0.302041  -0.039854  2.000000  0.999985  -0.000926  0.005485  -0.005484  0.001207  0.999984  -0.000932  -0.999999  0.001202  0.999979  -0.000421  0.006481  0.000435  0.999998  -0.002111  -0.006480  0.002113  0.999977  1.000000  -0.000005  0.000081  0.000005  1.000000  -0.000026  -0.000081  0.000026  1.000000  0.999985  -0.000926  0.005485  -0.005484  0.001207  0.999984  -0.000932  -0.999999  0.001202  0.000078  0.006829  
39.761827 0.009251  0.093841  -0.010575  0.992095  0.025600  0.122847  -0.125040  0.119216  0.984963  0.010570  -0.992538  0.121475  0.001315  -0.001613  0.000335  -0.085517  -0.301504  -0.035389  2.000000  0.999983  -0.000945  0.005807  -0.005806  0.001311  0.999982  -0.000953  -0.999999  0.001306  0.999980  -0.000312  0.006260  0.000326  0.999998  -0.002114  -0.006259  0.002116  0.999978  1.000000  -0.000004  0.000078  0.000004  1.000000  -0.000026  -0.000078  0.000026  1.000000  0.999983  -0.000945  0.005807  -0.005806  0.001311  0.999982  -0.000953  -0.999999  0.001306  0.000078  0.006615  
39.762848 0.009253  0.093839  -0.010575  0.992070  0.025640  0.123047  -0.125245  0.119330  0.984923  0.010570  -0.992524  0.121595  0.001397  -0.001583  0.000350  -0.090337  -0.296379  -0.032008  2.000000  0.999981  -0.000960  0.006122  -0.006121  0.001414  0.999980  -0.000969  -0.999999  0.001408  0.999980  -0.000312  0.006260  0.000325  0.999998  -0.001992  -0.006259  0.001994  0.999978  1.000000  -0.000004  0.000078  0.000004  1.000000  -0.000025  -0.000078  0.000025  1.000000  0.999981  -0.000960  0.006122  -0.006121  0.001414  0.999980  -0.000969  -0.999999  0.001408  0.000078  0.006577  
39.764082 0.009255  0.093836  -0.010575  0.992044  0.025679  0.123246  -0.125449  0.119444  0.984884  0.010570  -0.992509  0.121715  0.001517  -0.001589  0.000302  -0.094479  -0.295995  -0.027543  2.000000  0.999979  -0.000969  0.006432  -0.006431  0.001521  0.999978  -0.000979  -0.999998  0.001515  0.999980  -0.000178  0.006244  0.000192  0.999997  -0.002236  -0.006243  0.002237  0.999978  1.000000  -0.000002  0.000078  0.000002  1.000000  -0.000028  -0.000078  0.000028  1.000000  0.999979  -0.000969  0.006432  -0.006431  0.001521  0.999978  -0.000979  -0.999998  0.001515  0.000078  0.006635  
39.765097 0.009256  0.093834  -0.010575  0.992018  0.025719  0.123446  -0.125653  0.119558  0.984844  0.010570  -0.992494  0.121836  0.001579  -0.001613  0.000306  -0.094456  -0.295322  -0.023033  2.000000  0.999977  -0.000973  0.006661  -0.006659  0.001601  0.999977  -0.000983  -0.999998  0.001594  0.999982  -0.000070  0.006023  0.000083  0.999998  -0.002118  -0.006023  0.002118  0.999980  1.000000  -0.000001  0.000075  0.000001  1.000000  -0.000026  -0.000075  0.000026  1.000000  0.999977  -0.000973  0.006661  -0.006659  0.001601  0.999977  -0.000983  -0.999998  0.001594  0.000077  0.006385  
39.766324 0.009259  0.093831  -0.010575  0.991968  0.025651  0.123865  -0.126062  0.119684  0.984776  0.010436  -0.992481  0.121956  0.001678  -0.001638  0.000309  -0.097822  -0.293089  -0.022841  2.000000  0.999975  -0.000980  0.006965  -0.006964  0.001714  0.999974  -0.000992  -0.999998  0.001707  0.999982  -0.000202  0.006040  0.000216  0.999997  -0.002360  -0.006039  0.002361  0.999979  1.000000  -0.000003  0.000075  0.000003  1.000000  -0.000030  -0.000075  0.000030  1.000000  0.999975  -0.000980  0.006965  -0.006964  0.001714  0.999974  -0.000992  -0.999998  0.001707  0.000077  0.006488  
39.767324 0.009261  0.093829  -0.010574  0.991942  0.025691  0.124064  -0.126266  0.119798  0.984736  0.010436  -0.992466  0.122077  0.001761  -0.001611  0.000324  -0.097861  -0.292610  -0.018381  2.000000  0.999973  -0.000983  0.007266  -0.007265  0.001826  0.999972  -0.000997  -0.999998  0.001819  0.999982  -0.000069  0.006023  0.000082  0.999997  -0.002240  -0.006023  0.002240  0.999979  1.000000  -0.000001  0.000075  0.000001  1.000000  -0.000028  -0.000075  0.000028  1.000000  0.999973  -0.000983  0.007266  -0.007265  0.001826  0.999972  -0.000997  -0.999998  0.001819  0.000078  0.006427  
39.768324 0.009264  0.093828  -0.010573  0.991916  0.025716  0.124267  -0.126470  0.119793  0.984711  0.010436  -0.992466  0.122077  0.001829  -0.001601  0.000422  -0.093818  -0.292019  -0.013933  2.000000  0.999971  -0.000982  0.007559  -0.007558  0.001941  0.999970  -0.000997  -0.999998  0.001934  0.999983  0.000040  0.005803  -0.000027  0.999997  -0.002243  -0.005803  0.002242  0.999981  1.000000  0.000000  0.000073  -0.000000  1.000000  -0.000028  -0.000073  0.000028  1.000000  0.999971  -0.000982  0.007559  -0.007558  0.001941  0.999970  -0.000997  -0.999998  0.001934  0.000077  0.006221  
39.769578 0.009267  0.093827  -0.010572  0.991888  0.025887  0.124450  -0.126674  0.119890  0.984673  0.010570  -0.992450  0.122197  0.001897  -0.001592  0.000520  -0.099190  -0.280644  -0.006797  2.000000  0.999968  -0.000975  0.007917  -0.007915  0.002086  0.999967  -0.000991  -0.999997  0.002078  0.999984  0.000148  0.005582  -0.000135  0.999997  -0.002245  -0.005582  0.002244  0.999982  1.000000  0.000002  0.000070  -0.000002  1.000000  -0.000028  -0.000070  0.000028  1.000000  0.999968  -0.000975  0.007917  -0.007915  0.002086  0.999967  -0.000991  -0.999997  0.002078  0.000075  0.006018  
39.770584 0.009269  0.093826  -0.010571  0.991862  0.025927  0.124650  -0.126878  0.120004  0.984632  0.010570  -0.992435  0.122317  0.001916  -0.001615  0.000566  -0.098083  -0.276921  -0.002257  2.000000  0.999966  -0.000960  0.008195  -0.008193  0.002203  0.999964  -0.000978  -0.999997  0.002195  0.999984  0.000281  0.005566  -0.000268  0.999997  -0.002367  -0.005566  0.002365  0.999982  1.000000  0.000003  0.000070  -0.000003  1.000000  -0.000030  -0.000070  0.000030  1.000000  0.999966  -0.000960  0.008195  -0.008193  0.002203  0.999964  -0.000978  -0.999997  0.002195  0.000074  0.006054  
39.771828 0.009272  0.093824  -0.010569  0.991836  0.025967  0.124850  -0.127082  0.120118  0.984592  0.010570  -0.992420  0.122438  0.001979  -0.001642  0.000570  -0.098108  -0.269967  -0.003052  2.000000  0.999963  -0.000943  0.008533  -0.008531  0.002347  0.999961  -0.000963  -0.999997  0.002339  0.999986  0.000257  0.005361  -0.000245  0.999997  -0.002248  -0.005362  0.002246  0.999983  1.000000  0.000003  0.000067  -0.000003  1.000000  -0.000028  -0.000067  0.000028  1.000000  0.999963  -0.000943  0.008533  -0.008531  0.002347  0.999961  -0.000963  -0.999997  0.002339  0.000073  0.005819  
39.772829 0.009274  0.093823  -0.010568  0.991810  0.026007  0.125049  -0.127287  0.120233  0.984552  0.010570  -0.992405  0.122558  0.001966  -0.001664  0.000580  -0.099025  -0.264817  0.000582  2.000000  0.999961  -0.000933  0.008731  -0.008729  0.002435  0.999959  -0.000954  -0.999997  0.002426  0.999986  0.000257  0.005361  -0.000245  0.999997  -0.002369  -0.005362  0.002368  0.999983  1.000000  0.000003  0.000067  -0.000003  1.000000  -0.000030  -0.000067  0.000030  1.000000  0.999961  -0.000933  0.008731  -0.008729  0.002435  0.999959  -0.000954  -0.999997  0.002426  0.000072  0.005867  
39.773830 0.009276  0.093821  -0.010568  0.991783  0.026047  0.125249  -0.127491  0.120347  0.984511  0.010570  -0.992390  0.122678  0.001971  -0.001723  0.000570  -0.103100  -0.264223  0.005061  2.000000  0.999959  -0.000917  0.008994  -0.008992  0.002550  0.999956  -0.000940  -0.999996  0.002542  0.999987  0.000366  0.005140  -0.000353  0.999997  -0.002372  -0.005141  0.002370  0.999984  1.000000  0.000004  0.000064  -0.000004  1.000000  -0.000030  -0.000064  0.000030  1.000000  0.999959  -0.000917  0.008994  -0.008992  0.002550  0.999956  -0.000940  -0.999996  0.002542  0.000070  0.005673  
39.775079 0.009277  0.093818  -0.010566  0.991732  0.025980  0.125667  -0.127899  0.120472  0.984443  0.010436  -0.992377  0.122799  0.001933  -0.001771  0.000594  -0.102325  -0.262147  0.005053  2.000000  0.999956  -0.000894  0.009318  -0.009316  0.002692  0.999953  -0.000919  -0.999996  0.002683  0.999987  0.000234  0.005157  -0.000222  0.999997  -0.002250  -0.005157  0.002249  0.999984  1.000000  0.000003  0.000064  -0.000003  1.000000  -0.000028  -0.000064  0.000028  1.000000  0.999956  -0.000894  0.009318  -0.009316  0.002692  0.999953  -0.000919  -0.999996  0.002683  0.000069  0.005631  
39.776079 0.009279  0.093817  -0.010566  0.991706  0.026020  0.125867  -0.128104  0.120586  0.984403  0.010436  -0.992362  0.122919  0.001889  -0.001739  0.000621  -0.103245  -0.256852  0.008750  2.000000  0.999955  -0.000886  0.009447  -0.009444  0.002748  0.999952  -0.000912  -0.999996  0.002740  0.999988  0.000342  0.004936  -0.000331  0.999997  -0.002253  -0.004937  0.002252  0.999985  1.000000  0.000000  0.000000  0.000000  1.000000  0.000000  0.000000  0.000000  1.000000  0.999955  -0.000886  0.009447  -0.009444  0.002748  0.999952  -0.000912  -0.999996  0.002740  0.000068  0.000000  
39.777328 0.009280  0.093814  -0.010565  0.991679  0.026060  0.126066  -0.128308  0.120700  0.984362  0.010436  -0.992347  0.123040  0.001847  -0.001740  0.000665  -0.107402  -0.249998  0.007926  2.000000  0.999954  -0.000882  0.009511  -0.009509  0.002776  0.999951  -0.000908  -0.999996  0.002768  0.999988  0.000475  0.004920  -0.000464  0.999997  -0.002254  -0.004921  0.002252  0.999985  1.000000  0.000000  0.000000  0.000000  1.000000  0.000000  0.000000  0.000000  1.000000  0.999954  -0.000882  0.009511  -0.009509  0.002776  0.999951  -0.000908  -0.999996  0.002768  0.000068  0.000000  
39.778588 0.009281  0.093812  -0.010564  0.991653  0.026100  0.126266  -0.128512  0.120814  0.984321  0.010436  -0.992332  0.123160  0.001796  -0.001708  0.000728  -0.107426  -0.242431  0.011573  2.000000  0.999954  -0.000882  0.009511  -0.009509  0.002776  0.999951  -0.000908  -0.999996  0.002768  0.999989  0.000450  0.004715  -0.000440  0.999998  -0.002135  -0.004716  0.002133  0.999987  1.000000  0.000000  0.000000  0.000000  1.000000  0.000000  0.000000  0.000000  1.000000  0.999954  -0.000882  0.009511  -0.009509  0.002776  0.999951  -0.000908  -0.999996  0.002768  0.000067  0.000000  
39.779612 0.009281  0.093810  -0.010563  0.991627  0.026125  0.126468  -0.128716  0.120809  0.984295  0.010436  -0.992332  0.123160  0.001710  -0.001646  0.000786  -0.104237  -0.237414  0.010831  2.000000  0.999954  -0.000882  0.009511  -0.009509  0.002776  0.999951  -0.000908  -0.999996  0.002768  0.999990  0.000425  0.004511  -0.000416  0.999998  -0.002015  -0.004512  0.002014  0.999988  1.000000  0.000000  0.000000  0.000000  1.000000  0.000000  0.000000  0.000000  1.000000  0.999954  -0.000882  0.009511  -0.009509  0.002776  0.999951  -0.000908  -0.999996  0.002768  0.000066  0.000000  
39.780828 0.009282  0.093808  -0.010561  0.991600  0.026165  0.126668  -0.128920  0.120923  0.984255  0.010436  -0.992317  0.123280  0.001607  -0.001637  0.000900  -0.103478  -0.235684  0.010780  2.000000  0.999954  -0.000882  0.009511  -0.009509  0.002776  0.999951  -0.000908  -0.999996  0.002768  0.999990  0.000425  0.004511  -0.000416  0.999998  -0.002015  -0.004512  0.002014  0.999988  1.000000  0.000000  0.000000  0.000000  1.000000  0.000000  0.000000  0.000000  1.000000  0.999954  -0.000882  0.009511  -0.009509  0.002776  0.999951  -0.000908  -0.999996  0.002768  0.000064  0.000000  
39.782070 0.009284  0.093806  -0.010560  0.991574  0.026205  0.126867  -0.129124  0.121037  0.984214  0.010436  -0.992302  0.123401  0.001533  -0.001610  0.000932  -0.102737  -0.226437  0.014314  2.000000  0.999954  -0.000882  0.009511  -0.009509  0.002776  0.999951  -0.000908  -0.999996  0.002768  0.999991  0.000401  0.004307  -0.000392  0.999998  -0.002017  -0.004307  0.002016  0.999989  1.000000  0.000000  0.000000  0.000000  1.000000  0.000000  0.000000  0.000000  1.000000  0.999954  -0.000882  0.009511  -0.009509  0.002776  0.999951  -0.000908  -0.999996  0.002768  0.000064  0.000000  
39.783075 0.009285  0.093805  -0.010560  0.991547  0.026246  0.127067  -0.129328  0.121151  0.984173  0.010436  -0.992287  0.123521  0.001446  -0.001589  0.000903  -0.099500  -0.228287  0.014472  2.000000  0.999954  -0.000882  0.009511  -0.009509  0.002776  0.999951  -0.000908  -0.999996  0.002768  0.999991  0.000401  0.004307  -0.000392  0.999998  -0.001896  -0.004307  0.001894  0.999989  1.000000  0.000000  0.000000  0.000000  1.000000  0.000000  0.000000  0.000000  1.000000  0.999954  -0.000882  0.009511  -0.009509  0.002776  0.999951  -0.000908  -0.999996  0.002768  0.000062  0.000000  
39.784324 0.009286  0.093803  -0.010559  0.991494  0.026296  0.127472  -0.129737  0.121140  0.984121  0.010436  -0.992287  0.123521  0.001321  -0.001621  0.000856  -0.094657  -0.225874  0.018795  2.000000  0.999954  -0.000882  0.009511  -0.009509  0.002776  0.999951  -0.000908  -0.999996  0.002768  0.999991  0.000401  0.004306  -0.000393  0.999998  -0.001896  -0.004307  0.001894  0.999989  1.000000  0.000000  0.000000  0.000000  1.000000  0.000000  0.000000  0.000000  1.000000  0.999954  -0.000882  0.009511  -0.009509  0.002776  0.999951  -0.000908  -0.999996  0.002768  0.000060  0.000000  
39.785576 0.009287  0.093801  -0.010559  0.991467  0.026336  0.127671  -0.129941  0.121254  0.984080  0.010436  -0.992272  0.123642  0.001229  -0.001625  0.000791  -0.095541  -0.220352  0.022599  2.000000  0.999954  -0.000882  0.009511  -0.009509  0.002776  0.999951  -0.000908  -0.999996  0.002768  0.999992  0.000376  0.004102  -0.000368  0.999998  -0.001898  -0.004103  0.001897  0.999990  1.000000  0.000000  0.000000  0.000000  1.000000  0.000000  0.000000  0.000000  1.000000  0.999954  -0.000882  0.009511  -0.009509  0.002776  0.999951  -0.000908  -0.999996  0.002768  0.000060  0.000000  
39.786579 0.009289  0.093800  -0.010558  0.991440  0.026377  0.127871  -0.130145  0.121368  0.984039  0.010436  -0.992257  0.123762  0.001158  -0.001656  0.000739  -0.092301  -0.215263  0.021974  2.000000  0.999954  -0.000882  0.009511  -0.009509  0.002776  0.999951  -0.000908  -0.999996  0.002768  0.999992  0.000509  0.004086  -0.000502  0.999998  -0.001778  -0.004086  0.001775  0.999990  1.000000  0.000000  0.000000  0.000000  1.000000  0.000000  0.000000  0.000000  1.000000  0.999954  -0.000882  0.009511  -0.009509  0.002776  0.999951  -0.000908  -0.999996  0.002768  0.000058  0.000000  
39.787581 0.009290  0.093798  -0.010558  0.991413  0.026401  0.128073  -0.130349  0.121363  0.984012  0.010436  -0.992257  0.123762  0.001043  -0.001689  0.000695  -0.091525  -0.213454  0.021790  2.000000  0.999954  -0.000882  0.009511  -0.009509  0.002776  0.999951  -0.000908  -0.999996  0.002768  0.999992  0.000484  0.003881  -0.000477  0.999998  -0.001780  -0.003882  0.001778  0.999991  1.000000  0.000000  0.000000  0.000000  1.000000  0.000000  0.000000  0.000000  1.000000  0.999954  -0.000882  0.009511  -0.009509  0.002776  0.999951  -0.000908  -0.999996  0.002768  0.000057  0.000000  
39.788824 0.009290  0.093796  -0.010557  0.991386  0.026442  0.128273  -0.130553  0.121477  0.983971  0.010436  -0.992242  0.123882  0.000983  -0.001687  0.000699  -0.091685  -0.206781  0.020988  2.000000  0.999954  -0.000882  0.009511  -0.009509  0.002776  0.999951  -0.000908  -0.999996  0.002768  0.999992  0.000510  0.004085  -0.000503  0.999998  -0.001778  -0.004086  0.001775  0.999990  1.000000  0.000000  0.000000  0.000000  1.000000  0.000000  0.000000  0.000000  1.000000  0.999954  -0.000882  0.009511  -0.009509  0.002776  0.999951  -0.000908  -0.999996  0.002768  0.000058  0.000000  
39.789830 0.009291  0.093794  -0.010557  0.991359  0.026467  0.128475  -0.130757  0.121471  0.983945  0.010436  -0.992242  0.123882  0.000939  -0.001667  0.000659  -0.087510  -0.206558  0.020978  2.000000  0.999954  -0.000882  0.009511  -0.009509  0.002776  0.999951  -0.000908  -0.999996  0.002768  0.999992  0.000377  0.004102  -0.000370  0.999999  -0.001656  -0.004103  0.001654  0.999990  1.000000  0.000000  0.000000  0.000000  1.000000  0.000000  0.000000  0.000000  1.000000  0.999954  -0.000882  0.009511  -0.009509  0.002776  0.999951  -0.000908  -0.999996  0.002768  0.000056  0.000000  
39.791079 0.009292  0.093791  -0.010556  0.991333  0.026508  0.128674  -0.130961  0.121585  0.983904  0.010436  -0.992227  0.124003  0.000900  -0.001714  0.000683  -0.086798  -0.204873  0.020832  2.000000  0.999954  -0.000882  0.009511  -0.009509  0.002776  0.999951  -0.000908  -0.999996  0.002768  0.999992  0.000378  0.004102  -0.000371  0.999999  -0.001656  -0.004103  0.001654  0.999990  1.000000  0.000000  0.000000  0.000000  1.000000  0.000000  0.000000  0.000000  1.000000  0.999954  -0.000882  0.009511  -0.009509  0.002776  0.999951  -0.000908  -0.999996  0.002768  0.000056  0.000000  
39.792329 0.009293  0.093788  -0.010554  0.991306  0.026533  0.128877  -0.131165  0.121580  0.983877  0.010436  -0.992227  0.124003  0.000905  -0.001718  0.000685  -0.083532  -0.199748  0.020172  2.000000  0.999954  -0.000882  0.009511  -0.009509  0.002776  0.999951  -0.000908  -0.999996  0.002768  0.999992  0.000378  0.004102  -0.000371  0.999999  -0.001534  -0.004103  0.001533  0.999990  1.000000  0.000000  0.000000  0.000000  1.000000  0.000000  0.000000  0.000000  1.000000  0.999954  -0.000882  0.009511  -0.009509  0.002776  0.999951  -0.000908  -0.999996  0.002768  0.000055  0.000000  
