1-Time 2-Px 3-Py 4-Pz 5-R11 6-R21 7-R31 8-R12 9-R22 10-R32 11-R13 12-R23 13-R33 14-Vx 15-Vy 16-Vz 17-Wx 18-Wy 19-Wz 20-state
155.661210 0.001637  -0.000541  -0.003437  0.573355  0.621299  0.534090  -0.745991  0.665417  0.026766  -0.338763  -0.413773  0.845004  0.000921  0.000663  -0.000016  0.000000  0.000000  0.000000  1.000000  
155.662352 0.001638  -0.000540  -0.003438  0.573355  0.621299  0.534090  -0.745991  0.665417  0.026766  -0.338763  -0.413773  0.845004  0.000618  0.001847  -0.000997  0.000000  0.000000  0.000000  1.000000  
155.663602 0.001639  -0.000538  -0.003437  0.573355  0.621299  0.534090  -0.745991  0.665417  0.026766  -0.338763  -0.413773  0.845004  0.000587  0.001708  0.000184  0.000000  0.000000  0.000000  1.000000  
155.664863 0.001639  -0.000536  -0.003434  0.573355  0.621299  0.534090  -0.745991  0.665417  0.026766  -0.338763  -0.413773  0.845004  0.000366  0.001601  0.001032  0.000000  0.000000  0.000000  1.000000  
155.666085 0.001639  -0.000534  -0.003433  0.573355  0.621299  0.534090  -0.745991  0.665417  0.026766  -0.338763  -0.413773  0.845004  0.000424  0.001618  0.001000  0.000000  0.000000  0.000000  1.000000  
155.667333 0.001639  -0.000532  -0.003432  0.573355  0.621299  0.534090  -0.745991  0.665417  0.026766  -0.338763  -0.413773  0.845004  0.000333  0.001589  0.000914  0.000000  0.000000  0.000000  1.000000  
155.668334 0.001639  -0.000529  -0.003431  0.573355  0.621299  0.534090  -0.745991  0.665417  0.026766  -0.338763  -0.413773  0.845004  0.000319  0.001732  0.000835  0.000000  0.000000  0.000000  1.000000  
155.669583 0.001639  -0.000527  -0.003431  0.573355  0.621299  0.534090  -0.745991  0.665417  0.026766  -0.338763  -0.413773  0.845004  0.000269  0.001693  0.000800  0.000000  0.000000  0.000000  1.000000  
155.670586 0.001640  -0.000526  -0.003431  0.573355  0.621299  0.534090  -0.745991  0.665417  0.026766  -0.338763  -0.413773  0.845004  0.000266  0.001685  0.000711  0.000000  0.000000  0.000000  1.000000  
155.671592 0.001640  -0.000524  -0.003431  0.573355  0.621299  0.534090  -0.745991  0.665417  0.026766  -0.338763  -0.413773  0.845004  0.000262  0.001678  0.000640  0.000000  0.000000  0.000000  1.000000  
155.672835 0.001640  -0.000522  -0.003430  0.573355  0.621299  0.534090  -0.745991  0.665417  0.026766  -0.338763  -0.413773  0.845004  0.000234  0.001657  0.000636  0.000000  0.000000  0.000000  1.000000  
155.673843 0.001640  -0.000521  -0.003430  0.573202  0.621436  0.534095  -0.746109  0.665289  0.026656  -0.338763  -0.413773  0.845004  0.000215  0.001597  0.000615  0.000000  0.000000  0.000000  1.000000  
155.675085 0.001640  -0.000519  -0.003428  0.573202  0.621436  0.534095  -0.746109  0.665289  0.026656  -0.338763  -0.413773  0.845004  0.000178  0.001605  0.000670  0.000000  0.000000  0.000000  1.000000  
155.676097 0.001640  -0.000518  -0.003427  0.573202  0.621436  0.534095  -0.746109  0.665289  0.026656  -0.338763  -0.413773  0.845004  0.000199  0.001585  0.000726  0.000000  0.000000  0.000000  1.000000  
155.677341 0.001639  -0.000517  -0.003424  0.573202  0.621436  0.534095  -0.746109  0.665289  0.026656  -0.338763  -0.413773  0.845004  0.000100  0.001503  0.000954  0.000000  0.000000  0.000000  1.000000  
155.678588 0.001638  -0.000517  -0.003421  0.573202  0.621436  0.534095  -0.746109  0.665289  0.026656  -0.338763  -0.413773  0.845004  -0.000009  0.001368  0.001055  0.000000  0.000000  0.000000  1.000000  
155.679592 0.001638  -0.000517  -0.003419  0.573202  0.621436  0.534095  -0.746109  0.665289  0.026656  -0.338763  -0.413773  0.845004  -0.000056  0.001294  0.001005  0.000000  0.000000  0.000000  1.000000  
155.680641 0.001638  -0.000516  -0.003419  0.573202  0.621436  0.534095  -0.746109  0.665289  0.026656  -0.338763  -0.413773  0.845004  -0.000074  0.001269  0.000894  0.000000  0.000000  0.000000  1.000000  
155.681839 0.001637  -0.000514  -0.003419  0.573202  0.621436  0.534095  -0.746109  0.665289  0.026656  -0.338763  -0.413773  0.845004  -0.000122  0.001196  0.000845  0.000000  0.000000  0.000000  1.000000  
155.683091 0.001637  -0.000514  -0.003418  0.573229  0.621469  0.534026  -0.746145  0.665246  0.026745  -0.338637  -0.413793  0.845045  -0.000169  0.001055  0.000921  0.000000  0.000000  0.000000  1.000000  
155.684335 0.001637  -0.000513  -0.003416  0.573229  0.621469  0.534026  -0.746145  0.665246  0.026745  -0.338637  -0.413793  0.845045  -0.000200  0.000961  0.000972  0.000000  0.000000  0.000000  1.000000  
155.685585 0.001637  -0.000512  -0.003414  0.573229  0.621469  0.534026  -0.746145  0.665246  0.026745  -0.338637  -0.413793  0.845045  -0.000212  0.000896  0.001130  0.000000  0.000000  0.000000  1.000000  
155.686835 0.001636  -0.000511  -0.003410  0.573229  0.621469  0.534026  -0.746145  0.665246  0.026745  -0.338637  -0.413793  0.845045  -0.000242  0.000862  0.001355  0.000000  0.000000  0.000000  1.000000  
155.687842 0.001637  -0.000511  -0.003408  0.573229  0.621469  0.534026  -0.746145  0.665246  0.026745  -0.338637  -0.413793  0.845045  -0.000229  0.000794  0.001452  0.000000  0.000000  0.000000  1.000000  
155.689085 0.001636  -0.000510  -0.003406  0.573229  0.621469  0.534026  -0.746145  0.665246  0.026745  -0.338637  -0.413793  0.845045  -0.000277  0.000716  0.001556  0.000000  0.000000  0.000000  1.000000  
155.690094 0.001636  -0.000510  -0.003404  0.573257  0.621503  0.533957  -0.746181  0.665202  0.026835  -0.338511  -0.413812  0.845085  -0.000260  0.000633  0.001629  0.000000  0.000000  0.000000  1.000000  
155.691099 0.001636  -0.000510  -0.003403  0.573411  0.621366  0.533952  -0.746063  0.665330  0.026945  -0.338511  -0.413812  0.845085  -0.000292  0.000543  0.001529  0.000000  0.000000  0.000000  1.000000  
155.692118 0.001635  -0.000510  -0.003402  0.573411  0.621366  0.533952  -0.746063  0.665330  0.026945  -0.338511  -0.413812  0.845085  -0.000261  0.000510  0.001424  0.000000  0.000000  0.000000  1.000000  
155.693340 0.001635  -0.000510  -0.003403  0.573411  0.621366  0.533952  -0.746063  0.665330  0.026945  -0.338511  -0.413812  0.845085  -0.000247  0.000499  0.001224  0.000000  0.000000  0.000000  1.000000  
155.694353 0.001634  -0.000510  -0.003402  0.573438  0.621400  0.533883  -0.746099  0.665286  0.027035  -0.338385  -0.413832  0.845126  -0.000279  0.000471  0.001147  0.000000  0.000000  0.000000  1.000000  
155.695589 0.001634  -0.000510  -0.003402  0.573285  0.621537  0.533889  -0.746217  0.665158  0.026925  -0.338385  -0.413832  0.845126  -0.000275  0.000403  0.001108  0.000000  0.000000  0.000000  1.000000  
155.696844 0.001634  -0.000510  -0.003402  0.573285  0.621537  0.533889  -0.746217  0.665158  0.026925  -0.338385  -0.413832  0.845126  -0.000263  0.000263  0.001171  0.000000  0.000000  0.000000  1.000000  
155.698090 0.001633  -0.000510  -0.003401  0.573312  0.621570  0.533820  -0.746253  0.665114  0.027014  -0.338259  -0.413852  0.845167  -0.000259  0.000259  0.001153  0.000000  0.000000  0.000000  1.000000  
155.699335 0.001633  -0.000510  -0.003398  0.573312  0.621570  0.533820  -0.746253  0.665114  0.027014  -0.338259  -0.413852  0.845167  -0.000242  0.000240  0.001252  0.000000  0.000000  0.000000  1.000000  
155.700585 0.001632  -0.000510  -0.003396  0.573340  0.621604  0.533751  -0.746289  0.665070  0.027104  -0.338134  -0.413872  0.845207  -0.000290  0.000166  0.001202  0.000000  0.000000  0.000000  1.000000  
155.701585 0.001632  -0.000509  -0.003394  0.573367  0.621638  0.533682  -0.746325  0.665026  0.027194  -0.338008  -0.413892  0.845248  -0.000311  0.000125  0.001096  0.000000  0.000000  0.000000  1.000000  
155.702835 0.001632  -0.000510  -0.003393  0.573395  0.621672  0.533613  -0.746361  0.664982  0.027283  -0.337882  -0.413912  0.845289  -0.000306  0.000061  0.001053  0.000000  0.000000  0.000000  1.000000  
155.703843 0.001632  -0.000510  -0.003392  0.573395  0.621672  0.533613  -0.746361  0.664982  0.027283  -0.337882  -0.413912  0.845289  -0.000280  -0.000032  0.000942  0.000000  0.000000  0.000000  1.000000  
155.705084 0.001632  -0.000510  -0.003392  0.573422  0.621770  0.533469  -0.746397  0.664942  0.027292  -0.337756  -0.413829  0.845379  -0.000292  -0.000013  0.000828  0.000000  0.000000  0.000000  1.000000  
155.706084 0.001631  -0.000511  -0.003391  0.573450  0.621804  0.533400  -0.746432  0.664898  0.027382  -0.337630  -0.413849  0.845420  -0.000292  -0.000075  0.000803  0.000000  0.000000  0.000000  1.000000  
155.707193 0.001631  -0.000511  -0.003390  0.573324  0.621974  0.533336  -0.746586  0.664726  0.027362  -0.337504  -0.413869  0.845461  -0.000295  -0.000075  0.000811  0.000000  0.000000  0.000000  1.000000  
155.708335 0.001630  -0.000511  -0.003389  0.573351  0.622008  0.533268  -0.746622  0.664682  0.027452  -0.337378  -0.413889  0.845501  -0.000291  -0.000078  0.000952  0.000000  0.000000  0.000000  1.000000  
155.709354 0.001630  -0.000511  -0.003387  0.573379  0.622042  0.533199  -0.746658  0.664638  0.027542  -0.337252  -0.413909  0.845542  -0.000264  -0.000114  0.001017  0.000000  0.000000  0.000000  1.000000  
155.710590 0.001630  -0.000512  -0.003386  0.573434  0.622109  0.533061  -0.746729  0.664550  0.027721  -0.337000  -0.413948  0.845623  -0.000263  -0.000181  0.001144  0.000000  0.000000  0.000000  1.000000  
155.711848 0.001629  -0.000513  -0.003384  0.573461  0.622143  0.532992  -0.746765  0.664506  0.027811  -0.336874  -0.413968  0.845663  -0.000279  -0.000165  0.001195  0.000000  0.000000  0.000000  1.000000  
155.713090 0.001629  -0.000513  -0.003382  0.573362  0.622347  0.532860  -0.746955  0.664290  0.027880  -0.336622  -0.414008  0.845744  -0.000215  -0.000169  0.001168  0.000000  0.000000  0.000000  1.000000  
155.714337 0.001629  -0.000513  -0.003381  0.573417  0.622415  0.532722  -0.747026  0.664202  0.028060  -0.336370  -0.414047  0.845825  -0.000263  -0.000244  0.001119  0.000000  0.000000  0.000000  1.000000  
155.715588 0.001629  -0.000514  -0.003381  0.573472  0.622418  0.532660  -0.747098  0.664111  0.028320  -0.336118  -0.414190  0.845856  -0.000217  -0.000291  0.000965  0.000000  0.000000  0.000000  1.000000  
155.716836 0.001629  -0.000514  -0.003381  0.573400  0.622656  0.532459  -0.747323  0.663851  0.028480  -0.335740  -0.414249  0.845977  -0.000233  -0.000272  0.000864  0.000000  0.000000  0.000000  1.000000  
155.718085 0.001629  -0.000514  -0.003380  0.573455  0.622723  0.532321  -0.747394  0.663763  0.028659  -0.335488  -0.414288  0.846057  -0.000183  -0.000318  0.000849  0.000000  0.000000  0.000000  1.000000  
155.719086 0.001629  -0.000515  -0.003379  0.573509  0.622791  0.532183  -0.747465  0.663675  0.028839  -0.335236  -0.414328  0.846138  -0.000186  -0.000323  0.000863  0.000000  0.000000  0.000000  1.000000  
155.720335 0.001628  -0.000516  -0.003377  0.573437  0.623028  0.531982  -0.747690  0.663415  0.028999  -0.334858  -0.414387  0.846259  -0.000229  -0.000333  0.000974  0.000000  0.000000  0.000000  1.000000  
155.721335 0.001627  -0.000516  -0.003375  0.573519  0.623130  0.531776  -0.747796  0.663283  0.029269  -0.334479  -0.414446  0.846379  -0.000259  -0.000364  0.001049  0.000000  0.000000  0.000000  1.000000  
155.722335 0.001627  -0.000516  -0.003373  0.573573  0.623197  0.531638  -0.747867  0.663195  0.029448  -0.334227  -0.414485  0.846460  -0.000216  -0.000358  0.001093  0.000000  0.000000  0.000000  1.000000  
155.723585 0.001626  -0.000517  -0.003370  0.573501  0.623435  0.531437  -0.748092  0.662934  0.029609  -0.333849  -0.414544  0.846580  -0.000263  -0.000374  0.001221  0.000000  0.000000  0.000000  1.000000  
155.724588 0.001626  -0.000517  -0.003368  0.573583  0.623472  0.531306  -0.748198  0.662799  0.029959  -0.333471  -0.414706  0.846650  -0.000274  -0.000352  0.001250  0.000000  0.000000  0.000000  1.000000  
155.725600 0.001626  -0.000518  -0.003367  0.573664  0.623573  0.531099  -0.748304  0.662667  0.030228  -0.333092  -0.414765  0.846770  -0.000263  -0.000373  0.001218  0.000000  0.000000  0.000000  1.000000  
155.726845 0.001626  -0.000517  -0.003366  0.573618  0.623844  0.530830  -0.748564  0.662362  0.030479  -0.332587  -0.414843  0.846930  -0.000243  -0.000321  0.001174  0.000000  0.000000  0.000000  1.000000  
155.728091 0.001625  -0.000518  -0.003364  0.573726  0.623979  0.530554  -0.748705  0.662186  0.030839  -0.332083  -0.414921  0.847090  -0.000311  -0.000322  0.001220  -0.009838  0.180685  0.132042  1.000000  
155.729092 0.001624  -0.000518  -0.003364  0.573807  0.624016  0.530423  -0.748811  0.662050  0.031189  -0.331704  -0.415083  0.847159  -0.000343  -0.000350  0.001144  -0.005753  0.192771  0.137975  1.000000  
155.730385 0.001623  -0.000519  -0.003362  0.573761  0.624288  0.530154  -0.749070  0.661745  0.031440  -0.331199  -0.415161  0.847319  -0.000373  -0.000317  0.001243  -0.008043  0.201716  0.149546  1.000000  
155.731588 0.001622  -0.000519  -0.003362  0.573842  0.624325  0.530022  -0.749175  0.661609  0.031790  -0.330820  -0.415322  0.847387  -0.000453  -0.000361  0.001299  -0.003967  0.210091  0.153748  1.000000  
155.732836 0.001621  -0.000520  -0.003359  0.573923  0.624426  0.529816  -0.749280  0.661476  0.032060  -0.330441  -0.415380  0.847507  -0.000548  -0.000388  0.001402  -0.003956  0.218212  0.157743  1.000000  
155.733838 0.001620  -0.000520  -0.003357  0.573849  0.624664  0.529615  -0.749504  0.661215  0.032221  -0.330063  -0.415439  0.847626  -0.000563  -0.000372  0.001453  -0.006206  0.225591  0.168148  1.000000  
155.735085 0.001619  -0.000521  -0.003356  0.573956  0.624735  0.529415  -0.749644  0.661035  0.032661  -0.329557  -0.415619  0.847734  -0.000586  -0.000331  0.001380  0.001915  0.239587  0.175492  1.000000  
155.736085 0.001619  -0.000521  -0.003355  0.574037  0.624836  0.529209  -0.749749  0.660902  0.032932  -0.329178  -0.415678  0.847852  -0.000580  -0.000353  0.001353  0.001928  0.247652  0.179446  1.000000  
155.737335 0.001617  -0.000522  -0.003353  0.574144  0.624907  0.529008  -0.749889  0.660722  0.033372  -0.328673  -0.415858  0.847960  -0.000695  -0.000401  0.001357  0.008336  0.262855  0.179700  1.000000  
155.738585 0.001617  -0.000522  -0.003351  0.574224  0.625009  0.528802  -0.749993  0.660589  0.033642  -0.328294  -0.415916  0.848079  -0.000617  -0.000358  0.001306  0.008349  0.266826  0.181639  1.000000  
155.739839 0.001616  -0.000524  -0.003349  0.574331  0.625080  0.528601  -0.750133  0.660408  0.034083  -0.327788  -0.416096  0.848186  -0.000676  -0.000439  0.001278  0.012333  0.276445  0.185925  1.000000  
155.741088 0.001615  -0.000524  -0.003346  0.574410  0.625182  0.528394  -0.750237  0.660276  0.034353  -0.327409  -0.416154  0.848304  -0.000680  -0.000416  0.001307  0.012346  0.284471  0.189867  1.000000  
155.742106 0.001615  -0.000524  -0.003345  0.574490  0.625283  0.528187  -0.750342  0.660143  0.034624  -0.327030  -0.416212  0.848422  -0.000706  -0.000407  0.001379  0.014751  0.293550  0.187442  1.000000  
155.743341 0.001614  -0.000524  -0.003342  0.574597  0.625354  0.527987  -0.750480  0.659962  0.035064  -0.326524  -0.416392  0.848528  -0.000706  -0.000411  0.001532  0.018893  0.302435  0.191946  1.000000  
155.744341 0.001613  -0.000524  -0.003339  0.574676  0.625456  0.527780  -0.750584  0.659829  0.035335  -0.326144  -0.416450  0.848646  -0.000753  -0.000426  0.001659  0.014787  0.305794  0.193526  1.000000  
155.745591 0.001611  -0.000525  -0.003336  0.574628  0.625663  0.527587  -0.750841  0.659519  0.035667  -0.325638  -0.416629  0.848752  -0.000800  -0.000442  0.001788  0.016588  0.310938  0.203344  1.000000  
155.746842 0.001609  -0.000526  -0.003333  0.574734  0.625799  0.527311  -0.750980  0.659342  0.036027  -0.325132  -0.416706  0.848908  -0.000879  -0.000421  0.001864  0.018894  0.321905  0.201458  1.000000  
155.747845 0.001607  -0.000526  -0.003331  0.574813  0.625837  0.527180  -0.751083  0.659205  0.036378  -0.324753  -0.416867  0.848975  -0.000926  -0.000433  0.001839  0.022980  0.325871  0.203426  1.000000  
155.749086 0.001606  -0.000527  -0.003329  0.574918  0.625908  0.526980  -0.751221  0.659023  0.036819  -0.324247  -0.417046  0.849080  -0.000927  -0.000433  0.001840  0.027085  0.330027  0.205514  1.000000  
155.750335 0.001604  -0.000528  -0.003327  0.574869  0.626180  0.526711  -0.751477  0.658717  0.037071  -0.323740  -0.417122  0.849236  -0.000990  -0.000429  0.001867  0.027104  0.334075  0.207508  1.000000  
155.751585 0.001603  -0.000528  -0.003326  0.574974  0.626251  0.526511  -0.751615  0.658535  0.037512  -0.323234  -0.417302  0.849340  -0.001038  -0.000441  0.001843  0.030937  0.339283  0.209731  1.000000  
155.752835 0.001601  -0.000529  -0.003325  0.574951  0.626493  0.526249  -0.751905  0.658180  0.037935  -0.322601  -0.417500  0.849484  -0.001083  -0.000430  0.001838  0.032749  0.344428  0.219511  1.000000  
155.753836 0.001600  -0.000529  -0.003323  0.575029  0.626531  0.526118  -0.752007  0.658042  0.038286  -0.322221  -0.417660  0.849549  -0.001130  -0.000379  0.001840  0.035034  0.347417  0.213838  1.000000  
155.754839 0.001598  -0.000530  -0.003321  0.574979  0.626802  0.525850  -0.752263  0.657735  0.038539  -0.321714  -0.417736  0.849704  -0.001208  -0.000421  0.001891  0.033058  0.347198  0.221354  1.000000  
155.756084 0.001597  -0.000531  -0.003318  0.575110  0.626908  0.525581  -0.752433  0.657508  0.039070  -0.321080  -0.417934  0.849846  -0.001208  -0.000483  0.001866  0.036863  0.352421  0.223548  1.000000  
155.757184 0.001595  -0.000532  -0.003316  0.575059  0.627115  0.525389  -0.752688  0.657197  0.039403  -0.320574  -0.418113  0.849949  -0.001300  -0.000531  0.001938  0.041132  0.354132  0.224673  1.000000  
155.758335 0.001594  -0.000532  -0.003313  0.575215  0.627255  0.525051  -0.752893  0.656925  0.040025  -0.319813  -0.418330  0.850129  -0.001286  -0.000526  0.001918  0.045000  0.364377  0.229490  1.000000  
155.759357 0.001593  -0.000533  -0.003311  0.575164  0.627527  0.524783  -0.753147  0.656618  0.040279  -0.319306  -0.418405  0.850283  -0.001323  -0.000577  0.001821  0.039043  0.364258  0.237142  1.000000  
155.760592 0.001592  -0.000533  -0.003309  0.575164  0.627802  0.524453  -0.753469  0.656217  0.040793  -0.318545  -0.418621  0.850462  -0.001260  -0.000519  0.001821  0.043187  0.376673  0.243331  1.000000  
155.761841 0.001590  -0.000533  -0.003306  0.575164  0.628077  0.524123  -0.753790  0.655816  0.041307  -0.317784  -0.418837  0.850640  -0.001224  -0.000464  0.001767  0.040957  0.385711  0.255113  1.000000  
155.763091 0.001589  -0.000533  -0.003305  0.575319  0.628218  0.523785  -0.753993  0.655543  0.041930  -0.317023  -0.419053  0.850818  -0.001214  -0.000441  0.001720  0.045074  0.393768  0.259119  1.000000  
155.764110 0.001588  -0.000534  -0.003303  0.575292  0.628459  0.523525  -0.754280  0.655186  0.042354  -0.316388  -0.419250  0.850957  -0.001211  -0.000440  0.001717  0.045073  0.401511  0.262951  1.000000  
155.765336 0.001587  -0.000535  -0.003301  0.575316  0.628769  0.523126  -0.754633  0.654739  0.042960  -0.315500  -0.419484  0.851172  -0.001181  -0.000476  0.001769  0.046999  0.411036  0.275035  1.000000  
155.766585 0.001586  -0.000536  -0.003299  0.575365  0.629112  0.522659  -0.755020  0.654247  0.043656  -0.314484  -0.419736  0.851423  -0.001102  -0.000500  0.001844  0.044822  0.428291  0.290906  1.000000  
155.767585 0.001585  -0.000537  -0.003297  0.575362  0.629388  0.522330  -0.755339  0.653844  0.044172  -0.313721  -0.419951  0.851598  -0.001054  -0.000551  0.001842  0.046720  0.437484  0.302782  1.000000  
155.768837 0.001584  -0.000538  -0.003295  0.575565  0.629597  0.521854  -0.755606  0.653481  0.044976  -0.312705  -0.420203  0.851848  -0.001054  -0.000550  0.001842  0.050431  0.453824  0.310146  1.000000  
155.769837 0.001583  -0.000539  -0.003294  0.575562  0.629873  0.521526  -0.755924  0.653077  0.045492  -0.311942  -0.420417  0.852022  -0.000990  -0.000592  0.001811  0.048286  0.462947  0.321979  1.000000  
155.771088 0.001582  -0.000541  -0.003292  0.575608  0.630153  0.521135  -0.756307  0.652578  0.046269  -0.310925  -0.420771  0.852219  -0.000943  -0.000668  0.001788  0.054694  0.479918  0.338510  1.000000  
155.772335 0.001582  -0.000542  -0.003289  0.575653  0.630497  0.520669  -0.756690  0.652084  0.046967  -0.309908  -0.421022  0.852466  -0.000885  -0.000739  0.001745  0.056192  0.493277  0.351603  1.000000  
155.773585 0.001582  -0.000544  -0.003289  0.575698  0.630778  0.520279  -0.757073  0.651584  0.047744  -0.308890  -0.421375  0.852661  -0.000787  -0.000773  0.001610  0.058118  0.506202  0.365344  1.000000  
155.774588 0.001581  -0.000546  -0.003288  0.575873  0.630954  0.519872  -0.757302  0.651264  0.048459  -0.307999  -0.421607  0.852868  -0.000773  -0.000883  0.001531  0.062227  0.522137  0.373252  1.000000  
155.775591 0.001580  -0.000547  -0.003286  0.575891  0.631264  0.519475  -0.757650  0.650814  0.049067  -0.307108  -0.421838  0.853075  -0.000773  -0.000944  0.001505  0.062818  0.538497  0.382386  1.000000  
155.776841 0.001579  -0.000549  -0.003283  0.575959  0.631580  0.519017  -0.758063  0.650267  0.049936  -0.305961  -0.422209  0.853304  -0.000742  -0.001041  0.001529  0.068309  0.555164  0.397022  1.000000  
155.778087 0.001578  -0.000550  -0.003281  0.576025  0.631958  0.518483  -0.758474  0.649726  0.050726  -0.304815  -0.422475  0.853582  -0.000726  -0.001122  0.001603  0.066246  0.572235  0.412830  1.000000  
155.779088 0.001578  -0.000551  -0.003279  0.576222  0.632106  0.518083  -0.758734  0.649353  0.051611  -0.303795  -0.422827  0.853772  -0.000633  -0.001162  0.001628  0.070951  0.596992  0.426283  1.000000  
155.780337 0.001576  -0.000553  -0.003275  0.576311  0.632456  0.517556  -0.759175  0.648760  0.052572  -0.302520  -0.423214  0.854032  -0.000674  -0.001211  0.001729  0.079216  0.621130  0.438333  1.000000  
155.781337 0.001575  -0.000556  -0.003273  0.576507  0.632667  0.517080  -0.759433  0.648392  0.053379  -0.301500  -0.423461  0.854271  -0.000706  -0.001368  0.001754  0.079316  0.637233  0.446426  1.000000  
155.782337 0.001574  -0.000558  -0.003271  0.576545  0.632950  0.516692  -0.759808  0.647888  0.054158  -0.300479  -0.423812  0.854457  -0.000722  -0.001415  0.001780  0.083485  0.653252  0.454523  1.000000  
155.783584 0.001573  -0.000561  -0.003268  0.576655  0.633335  0.516097  -0.760278  0.647247  0.055211  -0.299075  -0.424215  0.854749  -0.000757  -0.001530  0.001825  0.084819  0.676883  0.472585  1.000000  
155.784838 0.001571  -0.000564  -0.003265  0.576896  0.633553  0.515559  -0.760596  0.646781  0.056280  -0.297798  -0.424600  0.855004  -0.000801  -0.001650  0.001907  0.095158  0.699719  0.476752  1.000000  
155.786086 0.001569  -0.000567  -0.003262  0.577004  0.633876  0.515041  -0.761064  0.646132  0.057411  -0.296392  -0.425106  0.855241  -0.000897  -0.001758  0.001977  0.102095  0.722598  0.496763  1.000000  
155.787340 0.001568  -0.000570  -0.003259  0.577291  0.634102  0.514442  -0.761442  0.645566  0.058741  -0.294859  -0.425628  0.855511  -0.000991  -0.001892  0.002036  0.112788  0.755397  0.506247  1.000000  
155.788585 0.001565  -0.000574  -0.003257  0.577395  0.634488  0.513847  -0.761906  0.644922  0.059795  -0.293452  -0.426029  0.855795  -0.001099  -0.002043  0.002129  0.116828  0.774285  0.515622  1.000000  
155.789585 0.001564  -0.000578  -0.003254  0.577452  0.634744  0.513468  -0.762306  0.644360  0.060746  -0.292301  -0.426497  0.855956  -0.001146  -0.002120  0.002230  0.125914  0.788374  0.528934  1.000000  
155.790586 0.001562  -0.000581  -0.003252  0.577664  0.634930  0.513000  -0.762586  0.643936  0.061723  -0.291149  -0.426862  0.856167  -0.001193  -0.002259  0.002305  0.132166  0.807146  0.531171  1.000000  
155.791587 0.001560  -0.000584  -0.003249  0.577694  0.635214  0.512613  -0.762953  0.643426  0.062505  -0.290125  -0.427208  0.856341  -0.001301  -0.002393  0.002406  0.134198  0.820010  0.545054  1.000000  
155.792606 0.001558  -0.000588  -0.003246  0.577748  0.635470  0.512235  -0.763350  0.642861  0.063456  -0.288972  -0.427676  0.856498  -0.001354  -0.002587  0.002468  0.147596  0.838381  0.555491  1.000000  
155.793842 0.001556  -0.000592  -0.003242  0.578004  0.635664  0.511705  -0.763688  0.642336  0.064695  -0.287563  -0.428177  0.856722  -0.001498  -0.002754  0.002498  0.154088  0.858223  0.558521  1.000000  
155.795091 0.001553  -0.000596  -0.003238  0.578101  0.635991  0.511189  -0.764144  0.641678  0.065829  -0.286153  -0.428678  0.856943  -0.001577  -0.002923  0.002499  0.162259  0.873485  0.566318  1.000000  
155.796341 0.001550  -0.000601  -0.003234  0.578378  0.636220  0.510591  -0.764509  0.641105  0.067159  -0.284614  -0.429195  0.857197  -0.001688  -0.002997  0.002627  0.172641  0.892365  0.568662  1.000000  
155.797584 0.001547  -0.000606  -0.003230  0.578472  0.636548  0.510075  -0.764961  0.640445  0.068294  -0.283203  -0.429694  0.857414  -0.001785  -0.003191  0.002686  0.179456  0.904957  0.574238  1.000000  
155.798592 0.001545  -0.000610  -0.003226  0.578543  0.636841  0.509629  -0.765382  0.639830  0.069337  -0.281919  -0.430175  0.857596  -0.001846  -0.003275  0.002806  0.187154  0.917316  0.589118  1.000000  
155.799841 0.001542  -0.000615  -0.003221  0.578657  0.637142  0.509122  -0.765861  0.639114  0.070641  -0.280378  -0.430794  0.857791  -0.001957  -0.003411  0.002909  0.195445  0.933087  0.597453  1.000000  
155.801085 0.001539  -0.000619  -0.003216  0.578928  0.637374  0.508524  -0.766219  0.638536  0.071973  -0.278837  -0.431308  0.858035  -0.001972  -0.003498  0.003087  0.204142  0.952377  0.599027  1.000000  
155.802085 0.001537  -0.000624  -0.003212  0.578972  0.637634  0.508148  -0.766606  0.637963  0.072925  -0.277680  -0.431770  0.858177  -0.002053  -0.003637  0.003242  0.214117  0.964139  0.606271  1.000000  
155.803335 0.001534  -0.000630  -0.003206  0.579082  0.637875  0.507719  -0.767080  0.637234  0.074306  -0.276137  -0.432491  0.858312  -0.002131  -0.003745  0.003419  0.226498  0.979964  0.614759  1.000000  
155.804585 0.001531  -0.000634  -0.003200  0.579213  0.638214  0.507145  -0.767581  0.636465  0.075703  -0.274465  -0.433123  0.858530  -0.002189  -0.003774  0.003588  0.234915  0.992712  0.627872  1.000000  
155.805835 0.001528  -0.000640  -0.003195  0.579319  0.638518  0.506640  -0.768052  0.635741  0.077008  -0.272921  -0.433737  0.858712  -0.002175  -0.003859  0.003666  0.243229  1.004688  0.634425  1.000000  
155.806837 0.001525  -0.000645  -0.003191  0.579561  0.638657  0.506189  -0.768371  0.635193  0.078325  -0.271505  -0.434335  0.858859  -0.002305  -0.004011  0.003802  0.257418  1.023109  0.636706  1.000000  
155.807843 0.001523  -0.000650  -0.003187  0.579599  0.638857  0.505892  -0.768751  0.634606  0.079355  -0.270346  -0.434899  0.858939  -0.002332  -0.004072  0.003869  0.271862  1.031165  0.642202  1.000000  
155.808853 0.001521  -0.000654  -0.003184  0.579658  0.639154  0.505449  -0.769159  0.633980  0.080399  -0.269057  -0.435375  0.859103  -0.002318  -0.004181  0.003923  0.274007  1.035703  0.652304  1.000000  
155.810092 0.001518  -0.000660  -0.003179  0.579737  0.639364  0.505093  -0.769593  0.633287  0.081689  -0.267639  -0.436074  0.859191  -0.002352  -0.004279  0.003977  0.286498  1.039785  0.655033  1.000000  
155.811116 0.001516  -0.000665  -0.003174  0.579952  0.639470  0.504711  -0.769879  0.632781  0.082915  -0.266350  -0.436653  0.859297  -0.002333  -0.004355  0.004047  0.298630  1.046765  0.658891  1.000000  
155.812341 0.001513  -0.000671  -0.003168  0.580050  0.639656  0.504364  -0.770339  0.632028  0.084373  -0.264802  -0.437472  0.859359  -0.002320  -0.004380  0.004153  0.315339  1.055266  0.663994  1.000000  
155.813666 0.001510  -0.000677  -0.003162  0.580167  0.639938  0.503870  -0.770825  0.631236  0.085847  -0.263124  -0.438201  0.859503  -0.002356  -0.004498  0.004208  0.322858  1.060245  0.666895  1.000000  
155.814838 0.001507  -0.000683  -0.003156  0.580283  0.640221  0.503377  -0.771309  0.630442  0.087320  -0.261446  -0.438930  0.859643  -0.002361  -0.004544  0.004361  0.335467  1.070998  0.679502  1.000000  
155.815841 0.001505  -0.000688  -0.003151  0.580334  0.640399  0.503092  -0.771707  0.629788  0.088518  -0.260154  -0.439610  0.859688  -0.002336  -0.004622  0.004406  0.346553  1.075427  0.683631  1.000000  
155.817085 0.001502  -0.000694  -0.003145  0.580446  0.640622  0.502678  -0.772187  0.628979  0.090068  -0.258474  -0.440441  0.859769  -0.002305  -0.004658  0.004457  0.357204  1.076427  0.692482  1.000000  
155.818335 0.001499  -0.000700  -0.003138  0.580715  0.640717  0.502246  -0.772546  0.628300  0.091721  -0.256794  -0.441271  0.859847  -0.002289  -0.004677  0.004558  0.375565  1.086902  0.691056  1.000000  
155.819335 0.001498  -0.000705  -0.003133  0.580762  0.640897  0.501962  -0.772939  0.627640  0.092918  -0.255500  -0.441950  0.859884  -0.002258  -0.004776  0.004582  0.383881  1.090566  0.693660  1.000000  
155.820585 0.001494  -0.000711  -0.003126  0.580869  0.641123  0.501550  -0.773413  0.626824  0.094467  -0.253818  -0.442778  0.859956  -0.002306  -0.004791  0.004710  0.395181  1.094093  0.702432  1.000000  
155.821835 0.001492  -0.000717  -0.003120  0.580974  0.641350  0.501138  -0.773884  0.626006  0.096016  -0.252136  -0.443605  0.860024  -0.002205  -0.004781  0.004730  0.410998  1.106999  0.711103  1.000000  
155.823085 0.001489  -0.000724  -0.003114  0.581257  0.641485  0.500637  -0.774261  0.625271  0.097760  -0.250322  -0.444447  0.860119  -0.002252  -0.004858  0.004831  0.421931  1.120711  0.710335  1.000000  
155.824088 0.001487  -0.000729  -0.003109  0.581298  0.641607  0.500434  -0.774647  0.624591  0.099032  -0.249027  -0.445227  0.860092  -0.002268  -0.004905  0.004857  0.435855  1.122217  0.720573  1.000000  
155.825335 0.001484  -0.000736  -0.003103  0.581517  0.641636  0.500141  -0.774940  0.623994  0.100499  -0.247601  -0.446021  0.860093  -0.002221  -0.004958  0.005005  0.450382  1.119397  0.711237  1.000000  
155.826345 0.001482  -0.000741  -0.003098  0.581556  0.641759  0.499938  -0.775324  0.623310  0.101770  -0.246305  -0.446799  0.860061  -0.002227  -0.005009  0.005011  0.466405  1.125706  0.717797  1.000000  
155.827594 0.001479  -0.000747  -0.003091  0.581652  0.641930  0.499607  -0.775785  0.622469  0.103393  -0.244618  -0.447726  0.860060  -0.002195  -0.005045  0.005062  0.477003  1.124398  0.724334  1.000000  
155.828843 0.001476  -0.000755  -0.003086  0.581868  0.641901  0.499392  -0.776072  0.621853  0.104934  -0.243191  -0.448622  0.859998  -0.002180  -0.005121  0.004983  0.495377  1.123090  0.717150  1.000000  
155.830090 0.001474  -0.000761  -0.003080  0.581961  0.642135  0.498984  -0.776529  0.621018  0.106481  -0.241504  -0.449443  0.860045  -0.002165  -0.005138  0.004933  0.503761  1.126676  0.719962  1.000000  
155.831090 0.001472  -0.000766  -0.003076  0.582173  0.642169  0.498692  -0.776813  0.620411  0.107945  -0.240075  -0.450234  0.860031  -0.002165  -0.005138  0.004933  0.517924  1.137254  0.718739  1.000000  
155.832339 0.001469  -0.000773  -0.003070  0.582282  0.642379  0.498294  -0.777291  0.619510  0.109658  -0.238256  -0.451172  0.860045  -0.002150  -0.005217  0.004857  0.528605  1.141752  0.729644  1.000000  
155.833586 0.001467  -0.000779  -0.003064  0.582548  0.642524  0.497796  -0.777647  0.618753  0.111398  -0.236437  -0.452004  0.860110  -0.002147  -0.005224  0.004828  0.538885  1.152631  0.728742  1.000000  
155.834835 0.001464  -0.000786  -0.003058  0.582813  0.642609  0.497375  -0.778000  0.617979  0.113213  -0.234616  -0.452940  0.860117  -0.002148  -0.005286  0.004803  0.548968  1.159039  0.725680  1.000000  
155.835837 0.001462  -0.000791  -0.003053  0.582896  0.642908  0.496892  -0.778446  0.617147  0.114682  -0.232925  -0.453651  0.860201  -0.002136  -0.005296  0.004781  0.557225  1.170510  0.732382  1.000000  
155.837084 0.001459  -0.000798  -0.003046  0.583194  0.643009  0.496412  -0.778843  0.616256  0.116755  -0.230842  -0.454718  0.860200  -0.002153  -0.005281  0.004834  0.570613  1.187446  0.741633  1.000000  
155.838085 0.001457  -0.000803  -0.003042  0.583255  0.643212  0.496076  -0.779259  0.615453  0.118207  -0.229280  -0.455517  0.860195  -0.002149  -0.005286  0.004803  0.581345  1.191694  0.744390  1.000000  
155.839085 0.001454  -0.000809  -0.003037  0.583456  0.643313  0.495708  -0.779528  0.614844  0.119593  -0.227847  -0.456196  0.860216  -0.002165  -0.005333  0.004829  0.587355  1.202479  0.743421  1.000000  
155.840118 0.001452  -0.000814  -0.003033  0.583675  0.643392  0.495349  -0.779820  0.614170  0.121146  -0.226284  -0.456993  0.860205  -0.002166  -0.005313  0.004697  0.597510  1.217657  0.745722  1.000000  
155.841335 0.001449  -0.000821  -0.003028  0.583928  0.643425  0.495007  -0.780158  0.613365  0.123032  -0.224459  -0.458026  0.860134  -0.002168  -0.005332  0.004682  0.611227  1.223269  0.741542  1.000000  
155.842339 0.001447  -0.000826  -0.003023  0.583982  0.643632  0.494674  -0.780566  0.612553  0.124482  -0.222894  -0.458821  0.860117  -0.002214  -0.005340  0.004656  0.613651  1.231402  0.754385  1.000000  
155.843587 0.001443  -0.000833  -0.003019  0.584249  0.643705  0.494264  -0.780922  0.611693  0.126458  -0.220937  -0.459865  0.860065  -0.002231  -0.005323  0.004558  0.629297  1.245079  0.755629  1.000000  
155.844588 0.001441  -0.000839  -0.003015  0.584461  0.643728  0.493984  -0.781205  0.610993  0.128083  -0.219370  -0.460762  0.859985  -0.002262  -0.005349  0.004483  0.642232  1.253595  0.753523  1.000000  
155.845838 0.001439  -0.000845  -0.003011  0.584563  0.643869  0.493679  -0.781677  0.609978  0.130029  -0.217412  -0.461908  0.859868  -0.002247  -0.005364  0.004433  0.653878  1.259535  0.758084  1.000000  
155.846839 0.001436  -0.000851  -0.003007  0.584771  0.643894  0.493399  -0.781955  0.609273  0.131653  -0.215844  -0.462803  0.859782  -0.002237  -0.005391  0.004391  0.665074  1.268330  0.757256  1.000000  
155.847848 0.001434  -0.000857  -0.003003  0.584961  0.643884  0.493188  -0.782209  0.608614  0.133183  -0.214407  -0.463683  0.859667  -0.002265  -0.005408  0.004309  0.673110  1.271315  0.760039  1.000000  
155.849087 0.001432  -0.000863  -0.002998  0.585217  0.643964  0.492780  -0.782552  0.607738  0.135155  -0.212446  -0.464721  0.859594  -0.002303  -0.005431  0.004255  0.683315  1.282281  0.759714  1.000000  
155.850335 0.001429  -0.000870  -0.002992  0.585310  0.644110  0.492478  -0.783012  0.606709  0.137098  -0.210485  -0.465861  0.859459  -0.002288  -0.005385  0.004230  0.695726  1.289609  0.765161  1.000000  
155.851584 0.001426  -0.000876  -0.002988  0.585578  0.644170  0.492080  -0.783371  0.605758  0.139233  -0.208392  -0.467013  0.859344  -0.002251  -0.005419  0.004109  0.706220  1.297899  0.770326  1.000000  
155.852835 0.001423  -0.000883  -0.002982  0.585811  0.644158  0.491819  -0.783683  0.604904  0.141183  -0.206559  -0.468137  0.859175  -0.002289  -0.005444  0.004053  0.722030  1.303232  0.767922  1.000000  
155.853836 0.001421  -0.000889  -0.002978  0.585993  0.644093  0.491687  -0.783925  0.604214  0.142783  -0.205119  -0.469116  0.858986  -0.002258  -0.005413  0.003976  0.734004  1.311027  0.765145  1.000000  
155.855085 0.001418  -0.000895  -0.002973  0.586238  0.644121  0.491358  -0.784254  0.603302  0.144822  -0.203154  -0.470250  0.858833  -0.002273  -0.005412  0.004020  0.742022  1.321770  0.772551  1.000000  
155.856358 0.001415  -0.000902  -0.002968  0.586303  0.644237  0.491129  -0.784678  0.602304  0.146668  -0.201320  -0.471369  0.858651  -0.002256  -0.005406  0.003972  0.752035  1.327358  0.777890  1.000000  
155.857416 0.001413  -0.000907  -0.002963  0.586496  0.644274  0.490850  -0.784936  0.601571  0.148283  -0.199747  -0.472253  0.858532  -0.002200  -0.005311  0.004006  0.756319  1.335345  0.775800  1.000000  
155.858587 0.001410  -0.000914  -0.002958  0.586735  0.644306  0.490523  -0.785255  0.600648  0.150320  -0.197780  -0.473383  0.858366  -0.002243  -0.005369  0.004104  0.768239  1.350616  0.785149  1.000000  
155.859846 0.001408  -0.000919  -0.002954  0.586940  0.644383  0.490176  -0.785530  0.599860  0.152025  -0.196074  -0.474277  0.858263  -0.002211  -0.005273  0.004051  0.771928  1.355967  0.782485  1.000000  
155.861090 0.001405  -0.000927  -0.002948  0.587205  0.644376  0.489867  -0.785885  0.598790  0.154388  -0.193844  -0.475637  0.858018  -0.002228  -0.005321  0.004078  0.784393  1.367178  0.790611  1.000000  
155.862338 0.001402  -0.000934  -0.002943  0.587421  0.644375  0.489609  -0.786174  0.597906  0.156329  -0.192006  -0.476749  0.857814  -0.002196  -0.005356  0.004127  0.795640  1.370175  0.785711  1.000000  
155.863586 0.001400  -0.000941  -0.002939  0.587666  0.644393  0.489292  -0.786502  0.596896  0.158525  -0.189904  -0.477988  0.857592  -0.002166  -0.005389  0.004027  0.814493  1.376649  0.791465  1.000000  
155.864845 0.001397  -0.000948  -0.002934  0.588040  0.644273  0.489001  -0.786664  0.596137  0.160563  -0.188065  -0.479097  0.857379  -0.002165  -0.005385  0.004024  0.825400  1.381917  0.780695  1.000000  
155.866097 0.001396  -0.000954  -0.002930  0.588250  0.644218  0.488821  -0.786945  0.595221  0.162572  -0.186225  -0.480308  0.857103  -0.002102  -0.005389  0.003997  0.837689  1.369269  0.775691  1.000000  
155.867340 0.001393  -0.000961  -0.002925  0.588428  0.644087  0.488778  -0.787184  0.594404  0.164395  -0.184647  -0.481493  0.856779  -0.002071  -0.005360  0.003922  0.846100  1.356914  0.770929  1.000000  
155.868590 0.001390  -0.000969  -0.002921  0.588619  0.643996  0.488667  -0.787440  0.593532  0.166309  -0.182937  -0.482689  0.856473  -0.002072  -0.005424  0.003898  0.859806  1.355427  0.764243  1.000000  
155.869839 0.001388  -0.000975  -0.002916  0.588809  0.643907  0.488557  -0.787693  0.592656  0.168222  -0.181227  -0.483883  0.856162  -0.002057  -0.005439  0.003846  0.869112  1.347723  0.761566  1.000000  
155.870840 0.001385  -0.000981  -0.002912  0.588954  0.643821  0.488496  -0.787887  0.591973  0.169714  -0.179911  -0.484833  0.855903  -0.002071  -0.005489  0.003859  0.880314  1.342248  0.760360  1.000000  
155.871846 0.001384  -0.000987  -0.002908  0.589112  0.643775  0.488366  -0.788098  0.591235  0.171297  -0.178463  -0.485793  0.855661  -0.002013  -0.005499  0.003852  0.885666  1.340661  0.753356  1.000000  
155.873090 0.001381  -0.000993  -0.002904  0.589459  0.643567  0.488221  -0.788224  0.590481  0.173306  -0.176751  -0.486984  0.855340  -0.001979  -0.005459  0.003769  0.896123  1.336336  0.744874  1.000000  
155.874094 0.001379  -0.000999  -0.002900  0.589614  0.643464  0.488169  -0.788432  0.589716  0.174958  -0.175302  -0.488046  0.855032  -0.001982  -0.005473  0.003765  0.903475  1.330715  0.743739  1.000000  
155.875339 0.001377  -0.001005  -0.002895  0.589796  0.643381  0.488059  -0.788675  0.588822  0.176863  -0.173590  -0.489233  0.854703  -0.001965  -0.005477  0.003720  0.913088  1.325461  0.734972  1.000000  
155.876342 0.001375  -0.001011  -0.002892  0.589934  0.643300  0.487999  -0.788860  0.588125  0.178350  -0.172272  -0.490177  0.854429  -0.002012  -0.005487  0.003695  0.916988  1.316673  0.731666  1.000000  
155.877590 0.001372  -0.001018  -0.002888  0.590127  0.643199  0.487899  -0.789117  0.587150  0.180416  -0.170426  -0.491477  0.854052  -0.001982  -0.005458  0.003619  0.925643  1.316502  0.733662  1.000000  
155.878837 0.001370  -0.001024  -0.002884  0.590479  0.643039  0.487683  -0.789250  0.586324  0.182509  -0.168580  -0.492671  0.853730  -0.001966  -0.005416  0.003586  0.934826  1.314677  0.726745  1.000000  
155.879841 0.001368  -0.001029  -0.002881  0.590614  0.642961  0.487623  -0.789430  0.585618  0.183992  -0.167261  -0.493612  0.853446  -0.001997  -0.005380  0.003536  0.940013  1.309224  0.717471  1.000000  
155.881091 0.001365  -0.001035  -0.002878  0.590787  0.642885  0.487514  -0.789661  0.584705  0.185890  -0.165546  -0.494792  0.853097  -0.002013  -0.005362  0.003438  0.944068  1.296641  0.712373  1.000000  
