1-Time 2-Px 3-Py 4-Pz 5-R11 6-R21 7-R31 8-R12 9-R22 10-R32 11-R13 12-R23 13-R33 14-Vx 15-Vy 16-Vz 17-Wx 18-Wy 19-Wz 20-state
121.141032 0.007843  -0.003156  0.001132  0.625958  0.587088  0.513326  -0.739506  0.655836  0.151691  -0.247601  -0.474560  0.844681  -0.000174  -0.000010  -0.000127  0.000000  0.000000  0.000000  1.000000  
121.142291 0.007843  -0.003156  0.001132  0.625958  0.587088  0.513326  -0.739506  0.655836  0.151691  -0.247601  -0.474560  0.844681  0.000000  0.000000  0.000000  0.000000  0.000000  0.000000  1.000000  
121.143491 0.007839  -0.003156  0.001132  0.625958  0.587088  0.513326  -0.739506  0.655836  0.151691  -0.247601  -0.474560  0.844681  -0.001353  0.000150  -0.000167  0.000000  0.000000  0.000000  1.000000  
121.144733 0.007835  -0.003155  0.001132  0.625958  0.587088  0.513326  -0.739506  0.655836  0.151691  -0.247601  -0.474560  0.844681  -0.002025  0.000203  -0.000108  0.000000  0.000000  0.000000  1.000000  
121.145958 0.007833  -0.003155  0.001132  0.625958  0.587088  0.513326  -0.739506  0.655836  0.151691  -0.247601  -0.474560  0.844681  -0.002058  0.000119  0.000001  0.000000  0.000000  0.000000  1.000000  
121.146964 0.007831  -0.003155  0.001132  0.625958  0.587026  0.513397  -0.739506  0.655817  0.151770  -0.247601  -0.474662  0.844624  -0.001988  0.000232  0.000066  0.000000  0.000000  0.000000  1.000000  
121.148205 0.007827  -0.003154  0.001133  0.625958  0.587026  0.513397  -0.739506  0.655817  0.151770  -0.247601  -0.474662  0.844624  -0.002250  0.000280  0.000163  0.000000  0.000000  0.000000  1.000000  
121.149217 0.007823  -0.003153  0.001133  0.625958  0.587026  0.513397  -0.739506  0.655817  0.151770  -0.247601  -0.474662  0.844624  -0.002441  0.000379  0.000094  0.000000  0.000000  0.000000  1.000000  
121.150451 0.007819  -0.003151  0.001133  0.625958  0.587026  0.513397  -0.739506  0.655817  0.151770  -0.247601  -0.474662  0.844624  -0.002527  0.000549  0.000080  0.000000  0.000000  0.000000  1.000000  
121.151708 0.007816  -0.003149  0.001132  0.625958  0.587026  0.513397  -0.739506  0.655817  0.151770  -0.247601  -0.474662  0.844624  -0.002495  0.000674  0.000033  0.000000  0.000000  0.000000  1.000000  
121.152959 0.007813  -0.003148  0.001134  0.625958  0.586964  0.513468  -0.739506  0.655799  0.151850  -0.247601  -0.474765  0.844566  -0.002535  0.000673  0.000126  0.000000  0.000000  0.000000  1.000000  
121.154203 0.007809  -0.003147  0.001133  0.625958  0.586964  0.513468  -0.739506  0.655799  0.151850  -0.247601  -0.474765  0.844566  -0.002585  0.000692  0.000084  0.000000  0.000000  0.000000  1.000000  
121.155204 0.007806  -0.003146  0.001132  0.625958  0.586964  0.513468  -0.739506  0.655799  0.151850  -0.247601  -0.474765  0.844566  -0.002604  0.000717  0.000023  0.000000  0.000000  0.000000  1.000000  
121.156451 0.007801  -0.003145  0.001133  0.625958  0.586964  0.513468  -0.739506  0.655799  0.151850  -0.247601  -0.474765  0.844566  -0.002812  0.000709  0.000048  0.000000  0.000000  0.000000  1.000000  
121.157452 0.007797  -0.003146  0.001132  0.625958  0.586964  0.513468  -0.739506  0.655799  0.151850  -0.247601  -0.474765  0.844566  -0.003053  0.000701  -0.000056  0.000000  0.000000  0.000000  1.000000  
121.158455 0.007793  -0.003145  0.001132  0.625958  0.586964  0.513468  -0.739506  0.655799  0.151850  -0.247601  -0.474765  0.844566  -0.003139  0.000695  -0.000003  0.000000  0.000000  0.000000  1.000000  
121.159702 0.007788  -0.003144  0.001131  0.626111  0.586829  0.513437  -0.739377  0.655920  0.151956  -0.247601  -0.474765  0.844566  -0.003169  0.000728  -0.000055  0.000000  0.000000  0.000000  1.000000  
121.160708 0.007785  -0.003143  0.001131  0.626111  0.586829  0.513437  -0.739377  0.655920  0.151956  -0.247601  -0.474765  0.844566  -0.003242  0.000809  -0.000107  0.000000  0.000000  0.000000  1.000000  
121.161708 0.007782  -0.003142  0.001131  0.626111  0.586829  0.513437  -0.739377  0.655920  0.151956  -0.247601  -0.474765  0.844566  -0.003337  0.000844  -0.000132  0.000000  0.000000  0.000000  1.000000  
121.162956 0.007778  -0.003140  0.001131  0.626263  0.586694  0.513405  -0.739249  0.656040  0.152061  -0.247601  -0.474765  0.844566  -0.003326  0.000920  -0.000135  0.000000  0.000000  0.000000  1.000000  
121.163957 0.007775  -0.003139  0.001131  0.626263  0.586694  0.513405  -0.739249  0.656040  0.152061  -0.247601  -0.474765  0.844566  -0.003321  0.000891  -0.000158  0.000000  0.000000  0.000000  1.000000  
121.165206 0.007772  -0.003137  0.001130  0.626263  0.586694  0.513405  -0.739249  0.656040  0.152061  -0.247601  -0.474765  0.844566  -0.003207  0.000903  -0.000158  0.000000  0.000000  0.000000  1.000000  
121.166452 0.007770  -0.003135  0.001130  0.626415  0.586559  0.513374  -0.739120  0.656161  0.152167  -0.247601  -0.474765  0.844566  -0.003149  0.000931  -0.000161  0.000000  0.000000  0.000000  1.000000  
121.167457 0.007768  -0.003135  0.001130  0.626415  0.586559  0.513374  -0.739120  0.656161  0.152167  -0.247601  -0.474765  0.844566  -0.003143  0.000901  -0.000184  0.000000  0.000000  0.000000  1.000000  
121.168708 0.007765  -0.003134  0.001129  0.626567  0.586424  0.513343  -0.738991  0.656282  0.152273  -0.247601  -0.474765  0.844566  -0.003066  0.000911  -0.000239  0.000000  0.000000  0.000000  1.000000  
121.169951 0.007761  -0.003132  0.001129  0.626567  0.586424  0.513343  -0.738991  0.656282  0.152273  -0.247601  -0.474765  0.844566  -0.003047  0.000929  -0.000286  0.000000  0.000000  0.000000  1.000000  
121.170953 0.007758  -0.003132  0.001128  0.626567  0.586424  0.513343  -0.738991  0.656282  0.152273  -0.247601  -0.474765  0.844566  -0.003000  0.000880  -0.000286  0.000000  0.000000  0.000000  1.000000  
121.171953 0.007756  -0.003132  0.001127  0.626719  0.586289  0.513311  -0.738862  0.656403  0.152378  -0.247601  -0.474765  0.844566  -0.002855  0.000889  -0.000369  0.000000  0.000000  0.000000  1.000000  
121.172953 0.007753  -0.003131  0.001126  0.626741  0.586330  0.513238  -0.738887  0.656354  0.152465  -0.247471  -0.474781  0.844595  -0.002741  0.000966  -0.000344  0.000000  0.000000  0.000000  1.000000  
121.174201 0.007748  -0.003130  0.001126  0.626893  0.586195  0.513207  -0.738758  0.656475  0.152570  -0.247471  -0.474781  0.844595  -0.002791  0.000984  -0.000364  0.000000  0.000000  0.000000  1.000000  
121.175203 0.007745  -0.003129  0.001125  0.626893  0.586195  0.513207  -0.738758  0.656475  0.152570  -0.247471  -0.474781  0.844595  -0.002745  0.001000  -0.000338  0.000000  0.000000  0.000000  1.000000  
121.176451 0.007741  -0.003127  0.001124  0.627045  0.586059  0.513175  -0.738629  0.656595  0.152676  -0.247471  -0.474781  0.844595  -0.002758  0.000952  -0.000465  0.000000  0.000000  0.000000  1.000000  
121.177706 0.007738  -0.003126  0.001122  0.627045  0.586059  0.513175  -0.738629  0.656595  0.152676  -0.247471  -0.474781  0.844595  -0.002689  0.000980  -0.000629  0.000000  0.000000  0.000000  1.000000  
121.178709 0.007735  -0.003124  0.001121  0.627218  0.586028  0.513000  -0.738525  0.656686  0.152788  -0.247342  -0.474695  0.844682  -0.002656  0.001011  -0.000707  0.000000  0.000000  0.000000  1.000000  
121.179959 0.007731  -0.003123  0.001119  0.627218  0.586028  0.513000  -0.738525  0.656686  0.152788  -0.247342  -0.474695  0.844682  -0.002753  0.000982  -0.000759  0.000000  0.000000  0.000000  1.000000  
121.180965 0.007729  -0.003121  0.001117  0.627370  0.585892  0.512968  -0.738396  0.656807  0.152894  -0.247342  -0.474695  0.844682  -0.002765  0.000998  -0.000862  0.000000  0.000000  0.000000  1.000000  
121.182202 0.007725  -0.003121  0.001116  0.627392  0.585933  0.512895  -0.738421  0.656758  0.152980  -0.247212  -0.474711  0.844710  -0.002882  0.000893  -0.000898  0.000000  0.000000  0.000000  1.000000  
121.183204 0.007723  -0.003120  0.001115  0.627544  0.585798  0.512864  -0.738292  0.656879  0.153085  -0.247212  -0.474711  0.844710  -0.002897  0.000875  -0.001017  0.000000  0.000000  0.000000  1.000000  
121.184452 0.007718  -0.003121  0.001113  0.627565  0.585839  0.512790  -0.738317  0.656831  0.153171  -0.247083  -0.474727  0.844739  -0.002928  0.000815  -0.001102  0.000000  0.000000  0.000000  1.000000  
121.185701 0.007714  -0.003120  0.001110  0.627739  0.585745  0.512686  -0.738213  0.656903  0.153363  -0.246953  -0.474743  0.844768  -0.002960  0.000785  -0.001178  0.000000  0.000000  0.000000  1.000000  
121.186702 0.007711  -0.003120  0.001109  0.627760  0.585849  0.512541  -0.738238  0.656873  0.153370  -0.246823  -0.474657  0.844855  -0.003059  0.000757  -0.001230  0.000000  0.000000  0.000000  1.000000  
121.187955 0.007708  -0.003120  0.001106  0.627933  0.585755  0.512437  -0.738134  0.656945  0.153561  -0.246694  -0.474673  0.844883  -0.003007  0.000733  -0.001378  0.000000  0.000000  0.000000  1.000000  
121.188977 0.007704  -0.003120  0.001105  0.628107  0.585660  0.512332  -0.738030  0.657018  0.153753  -0.246564  -0.474689  0.844912  -0.002986  0.000651  -0.001453  0.000000  0.000000  0.000000  1.000000  
121.190199 0.007701  -0.003119  0.001101  0.628280  0.585628  0.512156  -0.737926  0.657108  0.153865  -0.246434  -0.474603  0.844998  -0.002989  0.000628  -0.001610  0.000000  0.000000  0.000000  1.000000  
121.191201 0.007697  -0.003119  0.001099  0.628323  0.585711  0.512009  -0.737976  0.657012  0.154037  -0.246175  -0.474635  0.845056  -0.003005  0.000580  -0.001584  0.000000  0.000000  0.000000  1.000000  
121.192451 0.007694  -0.003118  0.001096  0.628496  0.585617  0.511904  -0.737872  0.657084  0.154228  -0.246045  -0.474651  0.845085  -0.003007  0.000540  -0.001767  0.000000  0.000000  0.000000  1.000000  
121.193471 0.007692  -0.003117  0.001093  0.628691  0.585564  0.511726  -0.737792  0.657108  0.154506  -0.245786  -0.474683  0.845142  -0.002970  0.000507  -0.001868  0.000000  0.000000  0.000000  1.000000  
121.194707 0.007688  -0.003117  0.001089  0.628885  0.585573  0.511476  -0.737713  0.657150  0.154704  -0.245526  -0.474613  0.845257  -0.002940  0.000409  -0.001998  0.000000  0.000000  0.000000  1.000000  
121.195713 0.007685  -0.003117  0.001088  0.629080  0.585520  0.511297  -0.737633  0.657174  0.154981  -0.245267  -0.474645  0.845314  -0.002957  0.000297  -0.001997  0.000000  0.000000  0.000000  1.000000  
121.196957 0.007681  -0.003118  0.001084  0.629447  0.585373  0.511013  -0.737449  0.657270  0.155450  -0.244878  -0.474693  0.845400  -0.003003  0.000218  -0.002203  0.000000  0.000000  0.000000  1.000000  
121.197963 0.007678  -0.003119  0.001081  0.629642  0.585382  0.510763  -0.737369  0.657313  0.155647  -0.244618  -0.474623  0.845515  -0.003034  0.000122  -0.002305  0.000000  0.000000  0.000000  1.000000  
121.199202 0.007674  -0.003119  0.001077  0.629836  0.585329  0.510584  -0.737289  0.657337  0.155924  -0.244359  -0.474655  0.845572  -0.003017  0.000090  -0.002344  0.000000  0.000000  0.000000  1.000000  
121.200458 0.007671  -0.003120  0.001073  0.630203  0.585183  0.510299  -0.737104  0.657433  0.156392  -0.243970  -0.474703  0.845657  -0.002969  -0.000009  -0.002538  0.000000  0.000000  0.000000  1.000000  
121.201703 0.007668  -0.003120  0.001070  0.630418  0.585233  0.509976  -0.737049  0.657428  0.156676  -0.243580  -0.474648  0.845800  -0.002888  -0.000028  -0.002616  0.000000  0.000000  0.000000  1.000000  
121.202952 0.007664  -0.003121  0.001066  0.630785  0.585086  0.509690  -0.736864  0.657524  0.157144  -0.243191  -0.474696  0.845885  -0.002920  -0.000072  -0.002675  0.000000  0.000000  0.000000  1.000000  
121.203952 0.007661  -0.003121  0.001063  0.631152  0.585001  0.509334  -0.736678  0.657639  0.157532  -0.242802  -0.474641  0.846028  -0.002892  -0.000041  -0.002756  0.000000  0.000000  0.000000  1.000000  
121.204954 0.007658  -0.003121  0.001061  0.631367  0.584990  0.509080  -0.736622  0.657615  0.157894  -0.242412  -0.474689  0.846113  -0.002887  -0.000041  -0.002752  0.000000  0.000000  0.000000  1.000000  
121.206202 0.007654  -0.003120  0.001056  0.631776  0.584987  0.508576  -0.736485  0.657634  0.158454  -0.241763  -0.474665  0.846312  -0.002919  -0.000123  -0.002875  0.000000  0.000000  0.000000  1.000000  
121.207452 0.007650  -0.003119  0.001053  0.632184  0.584985  0.508071  -0.736347  0.657653  0.159013  -0.241114  -0.474642  0.846510  -0.002919  -0.000123  -0.002875  0.008951  0.280897  -0.050109  1.000000  
121.208469 0.007646  -0.003120  0.001050  0.632420  0.585015  0.507743  -0.736315  0.657581  0.159461  -0.240595  -0.474705  0.846622  -0.003031  -0.000210  -0.002877  0.012962  0.292526  -0.043513  1.000000  
121.209701 0.007641  -0.003120  0.001046  0.632828  0.585013  0.507237  -0.736176  0.657600  0.160020  -0.239945  -0.474681  0.846820  -0.003143  -0.000222  -0.002878  0.012100  0.316172  -0.043892  1.000000  
121.210703 0.007637  -0.003120  0.001043  0.633063  0.585105  0.506837  -0.736143  0.657548  0.160388  -0.239426  -0.474641  0.846990  -0.003223  -0.000203  -0.002955  0.009674  0.334974  -0.040994  1.000000  
121.211704 0.007633  -0.003120  0.001041  0.633449  0.585000  0.506475  -0.735979  0.657596  0.160941  -0.238906  -0.474703  0.847101  -0.003301  -0.000184  -0.002877  0.011370  0.352827  -0.040602  1.000000  
121.212705 0.007629  -0.003121  0.001039  0.633857  0.584997  0.505968  -0.735840  0.657616  0.161499  -0.238256  -0.474679  0.847298  -0.003365  -0.000182  -0.002851  0.008903  0.375741  -0.035491  1.000000  
121.213707 0.007625  -0.003121  0.001036  0.634112  0.585131  0.505494  -0.735830  0.657515  0.161953  -0.237606  -0.474654  0.847495  -0.003388  -0.000089  -0.002795  0.006416  0.394661  -0.032580  1.000000  
121.214964 0.007619  -0.003121  0.001033  0.634560  0.585150  0.504909  -0.735737  0.657419  0.162762  -0.236697  -0.474762  0.847688  -0.003548  -0.000051  -0.002794  0.007969  0.421388  -0.025255  1.000000  
121.215984 0.007615  -0.003121  0.001031  0.634815  0.585284  0.504434  -0.735726  0.657319  0.163216  -0.236047  -0.474737  0.847884  -0.003624  -0.000032  -0.002713  0.009541  0.440066  -0.022369  1.000000  
121.217203 0.007610  -0.003121  0.001029  0.635262  0.585365  0.503776  -0.735631  0.657243  0.163945  -0.235136  -0.474741  0.848134  -0.003762  -0.000028  -0.002667  0.007015  0.467370  -0.015106  1.000000  
121.218453 0.007605  -0.003121  0.001027  0.635688  0.585404  0.503193  -0.735512  0.657216  0.164588  -0.234356  -0.474731  0.848356  -0.003829  -0.000025  -0.002485  0.004490  0.490311  -0.010021  1.000000  
121.219704 0.007601  -0.003121  0.001026  0.635983  0.585621  0.502568  -0.735547  0.657020  0.165213  -0.233445  -0.474735  0.848605  -0.003862  -0.000053  -0.002341  0.000279  0.513879  0.003117  1.000000  
121.220705 0.007597  -0.003121  0.001025  0.636428  0.585702  0.501909  -0.735450  0.656945  0.165941  -0.232535  -0.474738  0.848853  -0.003913  -0.000071  -0.002121  0.003460  0.543940  0.004496  1.000000  
121.221951 0.007592  -0.003120  0.001024  0.636722  0.585979  0.501212  -0.735483  0.656770  0.166486  -0.231624  -0.474638  0.849158  -0.003993  -0.000049  -0.001984  -0.004811  0.558932  0.015260  1.000000  
121.222955 0.007587  -0.003120  0.001024  0.637146  0.586019  0.500626  -0.735361  0.656743  0.167128  -0.230842  -0.474626  0.849377  -0.004126  -0.000047  -0.001835  -0.007402  0.586540  0.020455  1.000000  
121.224201 0.007581  -0.003120  0.001024  0.637610  0.586142  0.499890  -0.735285  0.656621  0.167941  -0.229801  -0.474643  0.849650  -0.004171  0.000005  -0.001627  -0.005890  0.608575  0.027449  1.000000  
121.225204 0.007577  -0.003121  0.001023  0.638034  0.586182  0.499303  -0.735162  0.656595  0.168583  -0.229020  -0.474630  0.849869  -0.004144  -0.000028  -0.001424  -0.008449  0.627186  0.030270  1.000000  
121.226205 0.007572  -0.003122  0.001024  0.638457  0.586283  0.498644  -0.735038  0.656590  0.169144  -0.228238  -0.474513  0.850144  -0.004175  -0.000058  -0.001192  -0.015061  0.646016  0.033058  1.000000  
121.227462 0.007567  -0.003122  0.001024  0.638899  0.586364  0.497980  -0.734936  0.656516  0.169871  -0.227326  -0.474514  0.850388  -0.004165  -0.000078  -0.000979  -0.015376  0.666986  0.041991  1.000000  
121.228708 0.007562  -0.003123  0.001024  0.639341  0.586506  0.497245  -0.734833  0.656464  0.170518  -0.226414  -0.474411  0.850688  -0.004136  -0.000112  -0.000771  -0.022094  0.685996  0.044782  1.000000  
121.229709 0.007558  -0.003123  0.001024  0.639763  0.586546  0.496655  -0.734706  0.656439  0.171158  -0.225632  -0.474396  0.850904  -0.004140  -0.000176  -0.000641  -0.024702  0.704981  0.047618  1.000000  
121.230959 0.007554  -0.003124  0.001024  0.640375  0.586595  0.495809  -0.734493  0.656460  0.171992  -0.224589  -0.474307  0.851230  -0.004078  -0.000173  -0.000478  -0.027381  0.727912  0.052544  1.000000  
121.231967 0.007551  -0.003124  0.001024  0.640796  0.586695  0.495146  -0.734365  0.656456  0.172552  -0.223807  -0.474188  0.851502  -0.004041  -0.000212  -0.000303  -0.034070  0.746673  0.055307  1.000000  
121.232974 0.007547  -0.003125  0.001025  0.641387  0.586642  0.494444  -0.734126  0.656505  0.173378  -0.222894  -0.474187  0.851743  -0.003976  -0.000214  -0.000174  -0.036736  0.765484  0.058103  1.000000  
121.234204 0.007543  -0.003126  0.001025  0.641997  0.586750  0.493523  -0.733909  0.656548  0.174131  -0.221850  -0.473992  0.852123  -0.003983  -0.000343  -0.000069  -0.041938  0.792268  0.057123  1.000000  
121.235454 0.007537  -0.003128  0.001025  0.642626  0.586840  0.492596  -0.733713  0.656524  0.175049  -0.220676  -0.473915  0.852471  -0.004034  -0.000486  0.000010  -0.044731  0.811346  0.059809  1.000000  
121.236704 0.007533  -0.003130  0.001026  0.643253  0.586930  0.491669  -0.733515  0.656500  0.175965  -0.219501  -0.473837  0.852818  -0.003987  -0.000665  0.000115  -0.051610  0.830366  0.062531  1.000000  
121.237724 0.007527  -0.003131  0.001026  0.643842  0.586936  0.490891  -0.733272  0.656571  0.176710  -0.218587  -0.473730  0.853112  -0.004016  -0.000760  0.000168  -0.054315  0.844854  0.062973  1.000000  
121.238953 0.007522  -0.003133  0.001027  0.644619  0.586951  0.489853  -0.732939  0.656691  0.177647  -0.217412  -0.473547  0.853514  -0.004006  -0.000907  0.000221  -0.057588  0.867785  0.055590  1.000000  
121.240201 0.007515  -0.003135  0.001027  0.645394  0.586905  0.488885  -0.732603  0.656789  0.178662  -0.216236  -0.473466  0.853857  -0.004133  -0.000948  0.000270  -0.062928  0.890385  0.052454  1.000000  
121.241206 0.007510  -0.003136  0.001029  0.645981  0.586970  0.488032  -0.732356  0.656884  0.179325  -0.215322  -0.473253  0.854206  -0.004169  -0.000997  0.000326  -0.068145  0.908139  0.046987  1.000000  
121.242451 0.007503  -0.003138  0.001029  0.646774  0.587026  0.486913  -0.732039  0.656958  0.180344  -0.214015  -0.473082  0.854629  -0.004280  -0.001055  0.000322  -0.073574  0.930538  0.043690  1.000000  
121.243468 0.007498  -0.003140  0.001030  0.647528  0.586938  0.486016  -0.731678  0.657106  0.181271  -0.212969  -0.472985  0.854944  -0.004380  -0.001166  0.000380  -0.075493  0.952199  0.036373  1.000000  
121.244707 0.007490  -0.003142  0.001030  0.648337  0.587094  0.484747  -0.731378  0.657157  0.182294  -0.211531  -0.472721  0.855447  -0.004566  -0.001266  0.000426  -0.089267  0.975138  0.033016  1.000000  
121.245711 0.007484  -0.003144  0.001030  0.649089  0.587065  0.483775  -0.731013  0.657329  0.183139  -0.210485  -0.472519  0.855817  -0.004757  -0.001363  0.000408  -0.093228  0.997406  0.021581  1.000000  
121.246959 0.007477  -0.003145  0.001031  0.650065  0.587068  0.482459  -0.730596  0.657433  0.184424  -0.208915  -0.472370  0.856283  -0.004936  -0.001396  0.000479  -0.097266  1.025933  0.014428  1.000000  
121.247968 0.007471  -0.003146  0.001031  0.650683  0.587215  0.481445  -0.730381  0.657438  0.185253  -0.207737  -0.472180  0.856675  -0.005095  -0.001421  0.000454  -0.102778  1.047913  0.011019  1.000000  
121.249201 0.007463  -0.003148  0.001033  0.651637  0.587234  0.480130  -0.729938  0.657614  0.186370  -0.206297  -0.471911  0.857171  -0.005350  -0.001475  0.000531  -0.110106  1.072982  0.005936  1.000000  
121.250456 0.007453  -0.003151  0.001032  0.652590  0.587194  0.478883  -0.729493  0.657769  0.187565  -0.204857  -0.471745  0.857607  -0.005648  -0.001540  0.000489  -0.115364  1.095735  -0.009955  1.000000  
121.251702 0.007445  -0.003153  0.001033  0.653578  0.587297  0.477409  -0.729085  0.657853  0.188850  -0.203154  -0.471499  0.858147  -0.005874  -0.001503  0.000456  -0.118222  1.132516  -0.021049  1.000000  
121.252702 0.007437  -0.003155  0.001033  0.654359  0.587407  0.476201  -0.728748  0.657959  0.189778  -0.201844  -0.471213  0.858613  -0.006058  -0.001578  0.000458  -0.128080  1.155005  -0.024621  1.000000  
121.253704 0.007429  -0.003157  0.001033  0.655157  0.587502  0.474985  -0.728429  0.657997  0.190870  -0.200402  -0.471043  0.859044  -0.006296  -0.001581  0.000413  -0.133895  1.181128  -0.025963  1.000000  
121.254951 0.007419  -0.003159  0.001034  0.656306  0.587567  0.473315  -0.727897  0.658183  0.192253  -0.198567  -0.470702  0.859658  -0.006463  -0.001656  0.000356  -0.142428  1.219075  -0.038402  1.000000  
121.255952 0.007411  -0.003160  0.001034  0.657118  0.587703  0.472018  -0.727592  0.658176  0.193428  -0.196993  -0.470541  0.860108  -0.006670  -0.001632  0.000331  -0.148323  1.248890  -0.037632  1.000000  
121.256954 0.007402  -0.003162  0.001034  0.658078  0.587761  0.470606  -0.727148  0.658315  0.194618  -0.195418  -0.470275  0.860612  -0.006943  -0.001621  0.000337  -0.152843  1.282322  -0.042921  1.000000  
121.257954 0.007395  -0.003163  0.001035  0.659036  0.587875  0.469121  -0.726702  0.658479  0.195727  -0.193844  -0.469902  0.861172  -0.007055  -0.001568  0.000362  -0.165463  1.315459  -0.048234  1.000000  
121.259204 0.007384  -0.003165  0.001036  0.660343  0.587843  0.467319  -0.726038  0.658748  0.197282  -0.191874  -0.469565  0.861796  -0.007299  -0.001563  0.000409  -0.171413  1.362981  -0.061150  1.000000  
121.260220 0.007376  -0.003165  0.001036  0.661331  0.588040  0.465671  -0.725622  0.658823  0.198557  -0.190035  -0.469213  0.862395  -0.007406  -0.001521  0.000440  -0.184248  1.403944  -0.062254  1.000000  
121.261455 0.007367  -0.003166  0.001037  0.662649  0.588106  0.463711  -0.724967  0.659074  0.200111  -0.187933  -0.468779  0.863092  -0.007545  -0.001487  0.000382  -0.197666  1.452419  -0.074429  1.000000  
121.262456 0.007359  -0.003167  0.001038  0.663615  0.588258  0.462134  -0.724525  0.659200  0.201296  -0.186225  -0.468410  0.863662  -0.007671  -0.001448  0.000414  -0.204792  1.485281  -0.072915  1.000000  
121.263457 0.007351  -0.003168  0.001039  0.664711  0.588287  0.460519  -0.723924  0.659519  0.202408  -0.184647  -0.467923  0.864265  -0.007785  -0.001395  0.000440  -0.221864  1.515029  -0.080692  1.000000  
121.264709 0.007341  -0.003169  0.001039  0.666052  0.588434  0.458388  -0.723290  0.659686  0.204123  -0.182279  -0.467504  0.864994  -0.007829  -0.001279  0.000465  -0.233163  1.568429  -0.082976  1.000000  
121.265958 0.007331  -0.003170  0.001040  0.667374  0.588592  0.456259  -0.722632  0.659927  0.205669  -0.180042  -0.466965  0.865753  -0.007895  -0.001212  0.000516  -0.249439  1.613113  -0.090606  1.000000  
121.267203 0.007322  -0.003171  0.001041  0.668575  0.588968  0.454009  -0.722141  0.659958  0.207288  -0.177541  -0.466446  0.866549  -0.007903  -0.001125  0.000585  -0.265003  1.656707  -0.083039  1.000000  
121.268453 0.007312  -0.003172  0.001042  0.669920  0.589262  0.451639  -0.721505  0.660140  0.208916  -0.175039  -0.465817  0.867396  -0.007913  -0.001066  0.000619  -0.281482  1.709110  -0.086705  1.000000  
121.269702 0.007302  -0.003173  0.001043  0.671260  0.589554  0.449263  -0.720862  0.660326  0.210540  -0.172535  -0.465183  0.868237  -0.007955  -0.000993  0.000659  -0.303299  1.761409  -0.083593  1.000000  
121.270705 0.007294  -0.003175  0.001044  0.672564  0.589649  0.447182  -0.720179  0.660556  0.212150  -0.170294  -0.464735  0.868919  -0.007927  -0.000983  0.000696  -0.315786  1.806225  -0.090008  1.000000  
121.271952 0.007285  -0.003175  0.001045  0.673925  0.590022  0.444634  -0.719555  0.660660  0.213936  -0.167525  -0.464115  0.869789  -0.007860  -0.000901  0.000735  -0.333913  1.862825  -0.083730  1.000000  
121.272958 0.007277  -0.003176  0.001045  0.675073  0.590304  0.442514  -0.718998  0.660802  0.215366  -0.165282  -0.463554  0.870517  -0.007857  -0.000855  0.000720  -0.349316  1.909104  -0.076928  1.000000  
121.274202 0.007267  -0.003177  0.001045  0.676572  0.590535  0.439908  -0.718221  0.661036  0.217234  -0.162510  -0.462925  0.871373  -0.007811  -0.000822  0.000632  -0.366434  1.962157  -0.079843  1.000000  
121.275202 0.007259  -0.003177  0.001046  0.677858  0.590677  0.437732  -0.717512  0.661307  0.218748  -0.160266  -0.462357  0.872090  -0.007867  -0.000773  0.000633  -0.380279  2.001986  -0.082089  1.000000  
121.276205 0.007249  -0.003178  0.001045  0.679155  0.590806  0.435541  -0.716812  0.661509  0.220422  -0.157888  -0.461902  0.872765  -0.007974  -0.000802  0.000591  -0.390432  2.046883  -0.082207  1.000000  
121.277463 0.007238  -0.003179  0.001047  0.680652  0.591126  0.432762  -0.716026  0.661739  0.222279  -0.154981  -0.461164  0.873676  -0.008066  -0.000765  0.000565  -0.412766  2.105145  -0.085816  1.000000  
121.278707 0.007227  -0.003180  0.001046  0.682304  0.591400  0.429776  -0.715106  0.662078  0.224223  -0.151940  -0.460324  0.874652  -0.008143  -0.000792  0.000505  -0.433850  2.159322  -0.087275  1.000000  
121.279955 0.007215  -0.003181  0.001047  0.683800  0.591704  0.426970  -0.714315  0.662248  0.226233  -0.148897  -0.459690  0.875508  -0.008310  -0.000818  0.000481  -0.453888  2.223093  -0.080711  1.000000  
121.280956 0.007205  -0.003182  0.001046  0.685089  0.591919  0.424600  -0.713600  0.662450  0.227892  -0.146383  -0.459120  0.876231  -0.008429  -0.000812  0.000379  -0.464713  2.268869  -0.081431  1.000000  
121.282203 0.007193  -0.003184  0.001046  0.686719  0.592234  0.421516  -0.712650  0.662835  0.229736  -0.143338  -0.458157  0.877238  -0.008649  -0.000870  0.000282  -0.490068  2.318783  -0.085550  1.000000  
121.283454 0.007179  -0.003185  0.001046  0.688209  0.592672  0.418460  -0.711846  0.663033  0.231651  -0.140159  -0.457303  0.878197  -0.008908  -0.000860  0.000231  -0.515031  2.375088  -0.083904  1.000000  
121.284704 0.007165  -0.003186  0.001045  0.689836  0.593020  0.415275  -0.710889  0.663389  0.233566  -0.136979  -0.456336  0.879201  -0.009148  -0.000866  0.000128  -0.538947  2.424236  -0.083571  1.000000  
121.285704 0.007154  -0.003187  0.001044  0.691259  0.593230  0.412600  -0.710012  0.663746  0.235211  -0.134328  -0.455543  0.880021  -0.009331  -0.000822  -0.000001  -0.561418  2.469056  -0.092935  1.000000  
121.286960 0.007140  -0.003188  0.001042  0.693042  0.593566  0.409111  -0.708917  0.664179  0.237283  -0.130880  -0.454473  0.881093  -0.009690  -0.000875  -0.000208  -0.589742  2.521637  -0.090860  1.000000  
121.288200 0.007125  -0.003189  0.001039  0.694827  0.593890  0.405599  -0.707821  0.664548  0.239510  -0.127298  -0.453510  0.882113  -0.010020  -0.000863  -0.000388  -0.609504  2.583539  -0.092929  1.000000  
121.289202 0.007112  -0.003190  0.001036  0.696106  0.594406  0.402639  -0.707083  0.664774  0.241058  -0.124377  -0.452502  0.883047  -0.010311  -0.000877  -0.000635  -0.636130  2.622880  -0.085609  1.000000  
121.290208 0.007100  -0.003190  0.001034  0.697501  0.594647  0.399860  -0.706170  0.665185  0.242596  -0.121722  -0.451580  0.883889  -0.010591  -0.000903  -0.000801  -0.656375  2.657398  -0.093974  1.000000  
121.291452 0.007083  -0.003191  0.001030  0.699102  0.595097  0.396379  -0.705173  0.665526  0.244552  -0.118268  -0.450482  0.884917  -0.010993  -0.000888  -0.001112  -0.681943  2.702238  -0.088607  1.000000  
121.292456 0.007070  -0.003193  0.001027  0.700494  0.595418  0.393427  -0.704254  0.665937  0.246079  -0.115478  -0.449450  0.885810  -0.011232  -0.000935  -0.001295  -0.706048  2.743190  -0.093096  1.000000  
121.293469 0.007057  -0.003194  0.001024  0.701890  0.595730  0.390457  -0.703336  0.666281  0.247765  -0.112553  -0.448526  0.886654  -0.011502  -0.000912  -0.001497  -0.726329  2.792250  -0.090717  1.000000  
121.294707 0.007039  -0.003195  0.001020  0.703475  0.596205  0.386863  -0.702317  0.666603  0.249781  -0.108963  -0.447415  0.887663  -0.011896  -0.000961  -0.001833  -0.749641  2.831354  -0.084601  1.000000  
121.295710 0.007026  -0.003196  0.001017  0.704875  0.596590  0.383707  -0.701401  0.666876  0.251620  -0.105770  -0.446493  0.888514  -0.012128  -0.000943  -0.001980  -0.770884  2.885989  -0.080284  1.000000  
121.296713 0.007012  -0.003198  0.001013  0.706257  0.596929  0.380626  -0.700465  0.667198  0.253369  -0.102710  -0.445559  0.889341  -0.012418  -0.000986  -0.002218  -0.787609  2.926775  -0.085187  1.000000  
121.297967 0.006994  -0.003200  0.001008  0.708111  0.597154  0.376811  -0.699129  0.667748  0.255600  -0.098982  -0.444433  0.890327  -0.012686  -0.001021  -0.002552  -0.808504  2.975025  -0.094850  1.000000  
121.299210 0.006978  -0.003202  0.001004  0.709799  0.597512  0.373049  -0.697916  0.668257  0.257577  -0.095387  -0.443184  0.891341  -0.012900  -0.001060  -0.002759  -0.830728  3.017287  -0.100996  1.000000  
121.300461 0.006960  -0.003204  0.000999  0.711493  0.597947  0.369104  -0.696707  0.668692  0.259710  -0.091524  -0.441939  0.892364  -0.013158  -0.001178  -0.003016  -0.854224  3.055820  -0.101178  1.000000  
121.301705 0.006943  -0.003207  0.000994  0.713166  0.598331  0.365231  -0.695476  0.669179  0.261749  -0.087793  -0.440680  0.893361  -0.013330  -0.001267  -0.003224  -0.876901  3.093732  -0.109612  1.000000  
121.302706 0.006930  -0.003209  0.000990  0.714501  0.598684  0.362030  -0.694485  0.669571  0.263374  -0.084727  -0.439605  0.894186  -0.013466  -0.001372  -0.003324  -0.895004  3.117647  -0.109986  1.000000  
121.303955 0.006912  -0.003212  0.000985  0.716303  0.598958  0.357994  -0.693089  0.670158  0.265550  -0.080860  -0.438336  0.895167  -0.013548  -0.001480  -0.003452  -0.918418  3.165697  -0.119961  1.000000  
121.305200 0.006896  -0.003214  0.000980  0.717941  0.599275  0.354160  -0.691818  0.670640  0.267637  -0.077125  -0.437162  0.896070  -0.013570  -0.001589  -0.003547  -0.933269  3.192984  -0.119098  1.000000  
121.306201 0.006883  -0.003217  0.000976  0.719397  0.599513  0.350788  -0.690654  0.671137  0.269391  -0.073923  -0.436072  0.896870  -0.013599  -0.001744  -0.003672  -0.956292  3.223342  -0.122921  1.000000  
121.307202 0.006869  -0.003220  0.000971  0.720850  0.599787  0.347320  -0.689487  0.671601  0.271219  -0.070587  -0.434980  0.897669  -0.013629  -0.001899  -0.003797  -0.971258  3.257135  -0.125177  1.000000  
121.308206 0.006856  -0.003223  0.000967  0.722287  0.600012  0.343929  -0.688303  0.672112  0.272954  -0.067383  -0.433879  0.898448  -0.013660  -0.002020  -0.003863  -0.989857  3.291271  -0.135450  1.000000  
121.309451 0.006839  -0.003227  0.000962  0.723886  0.600385  0.339891  -0.686990  0.672621  0.275001  -0.063512  -0.432571  0.899360  -0.013619  -0.002167  -0.003947  -1.010614  3.321905  -0.132439  1.000000  
121.310461 0.006826  -0.003230  0.000958  0.725302  0.600556  0.336554  -0.685784  0.673114  0.276799  -0.060307  -0.431566  0.900063  -0.013535  -0.002326  -0.003985  -1.031522  3.352258  -0.143828  1.000000  
121.311465 0.006813  -0.003233  0.000954  0.726557  0.600817  0.333368  -0.684707  0.673603  0.278271  -0.057368  -0.430440  0.900794  -0.013468  -0.002391  -0.004035  -1.047078  3.366052  -0.148173  1.000000  
121.312718 0.006796  -0.003238  0.000950  0.728263  0.601068  0.329168  -0.683207  0.674296  0.280272  -0.053494  -0.429002  0.901718  -0.013471  -0.002583  -0.003955  -1.063399  3.395640  -0.154064  1.000000  
121.313957 0.006778  -0.003243  0.000946  0.729814  0.601408  0.325085  -0.681843  0.674842  0.282274  -0.049619  -0.427665  0.902574  -0.013529  -0.002790  -0.003902  -1.077264  3.420531  -0.155775  1.000000  
121.314964 0.006764  -0.003247  0.000943  0.731189  0.601592  0.321638  -0.680595  0.675398  0.283950  -0.046411  -0.426526  0.903284  -0.013554  -0.002946  -0.003872  -1.088741  3.441881  -0.164675  1.000000  
121.316205 0.006745  -0.003253  0.000941  0.732719  0.601957  0.317444  -0.679209  0.675923  0.286011  -0.042401  -0.425177  0.904116  -0.013659  -0.003167  -0.003689  -1.103452  3.458972  -0.162287  1.000000  
121.317206 0.006730  -0.003258  0.000939  0.734076  0.602130  0.313962  -0.677943  0.676422  0.287831  -0.039059  -0.424138  0.904755  -0.013742  -0.003340  -0.003531  -1.111982  3.482228  -0.162943  1.000000  
121.318455 0.006711  -0.003264  0.000937  0.735709  0.602176  0.310027  -0.676370  0.677169  0.289768  -0.035449  -0.422877  0.905493  -0.013908  -0.003557  -0.003321  -1.117318  3.485058  -0.182888  1.000000  
121.319704 0.006692  -0.003269  0.000936  0.737192  0.602433  0.305978  -0.674939  0.677799  0.291628  -0.031705  -0.421502  0.906273  -0.014053  -0.003690  -0.003086  -1.119308  3.492853  -0.185080  1.000000  
121.320713 0.006675  -0.003274  0.000935  0.738372  0.602641  0.302706  -0.673786  0.678272  0.293189  -0.028629  -0.420442  0.906868  -0.014297  -0.003859  -0.002823  -1.127845  3.503652  -0.183473  1.000000  
121.321949 0.006655  -0.003280  0.000934  0.739834  0.602886  0.298620  -0.672334  0.678844  0.295191  -0.024750  -0.419165  0.907573  -0.014523  -0.004033  -0.002546  -1.127135  3.517000  -0.190188  1.000000  
121.322955 0.006638  -0.003284  0.000934  0.741133  0.602984  0.295181  -0.671012  0.679417  0.296876  -0.021540  -0.418094  0.908148  -0.014738  -0.004133  -0.002225  -1.131744  3.527418  -0.197045  1.000000  
121.324201 0.006617  -0.003290  0.000935  0.742711  0.603156  0.290832  -0.669386  0.680056  0.299076  -0.017393  -0.416806  0.908829  -0.015024  -0.004279  -0.001879  -1.138460  3.547993  -0.201111  1.000000  
121.325203 0.006601  -0.003295  0.000935  0.743986  0.603163  0.287538  -0.668042  0.680644  0.300740  -0.014316  -0.415834  0.909328  -0.015225  -0.004399  -0.001547  -1.138477  3.552595  -0.217788  1.000000  
121.326207 0.006584  -0.003300  0.000937  0.745115  0.603340  0.284226  -0.666842  0.681150  0.302253  -0.011239  -0.414747  0.909867  -0.015538  -0.004551  -0.001158  -1.146730  3.547383  -0.225793  1.000000  
121.327456 0.006563  -0.003307  0.000938  0.746651  0.603414  0.280009  -0.665177  0.681814  0.304416  -0.007225  -0.413548  0.910454  -0.015738  -0.004627  -0.000829  -1.146190  3.559125  -0.231946  1.000000  
121.328457 0.006545  -0.003312  0.000940  0.747759  0.603585  0.276662  -0.663958  0.682260  0.306073  -0.004014  -0.412561  0.910921  -0.016030  -0.004773  -0.000547  -1.146439  3.562902  -0.227892  1.000000  
121.329710 0.006522  -0.003319  0.000942  0.749130  0.603743  0.272578  -0.662423  0.682852  0.308073  -0.000134  -0.411349  0.911478  -0.016372  -0.004914  -0.000089  -1.144858  3.566612  -0.231436  1.000000  
121.330710 0.006505  -0.003325  0.000945  0.750353  0.603729  0.269225  -0.661031  0.683397  0.309849  0.003077  -0.410462  0.911873  -0.016540  -0.004982  0.000223  -1.137718  3.577668  -0.238193  1.000000  
121.331955 0.006482  -0.003333  0.000948  0.751698  0.603799  0.265286  -0.659472  0.684003  0.311826  0.006824  -0.409348  0.912353  -0.016830  -0.005085  0.000639  -1.136320  3.573708  -0.245151  1.000000  
121.333204 0.006459  -0.003340  0.000953  0.753165  0.603721  0.261273  -0.657747  0.684741  0.313844  0.010570  -0.408228  0.912819  -0.017049  -0.005184  0.001014  -1.128048  3.572956  -0.257034  1.000000  
121.334204 0.006440  -0.003346  0.000957  0.754220  0.603750  0.258143  -0.656482  0.685252  0.315373  0.013513  -0.407327  0.913182  -0.017326  -0.005287  0.001445  -1.123670  3.569199  -0.256545  1.000000  
121.335205 0.006421  -0.003352  0.000961  0.755402  0.603602  0.255015  -0.655055  0.685854  0.317030  0.016456  -0.406534  0.913488  -0.017524  -0.005406  0.001783  -1.116623  3.564673  -0.262253  1.000000  
121.336452 0.006398  -0.003360  0.000967  0.756830  0.603515  0.250955  -0.653296  0.686537  0.319173  0.020336  -0.405507  0.913866  -0.017687  -0.005486  0.002164  -1.103429  3.556763  -0.271228  1.000000  
121.337452 0.006379  -0.003366  0.000971  0.757851  0.603551  0.247765  -0.652003  0.686915  0.321000  0.023546  -0.404814  0.914096  -0.017890  -0.005613  0.002537  -1.092714  3.556481  -0.274797  1.000000  
121.338702 0.006355  -0.003372  0.000978  0.759253  0.603383  0.243851  -0.650223  0.687607  0.323121  0.027292  -0.403888  0.914401  -0.018108  -0.005623  0.002955  -1.077347  3.548910  -0.281713  1.000000  
121.339702 0.006336  -0.003379  0.000984  0.760259  0.603359  0.240759  -0.648916  0.688104  0.324685  0.030234  -0.403077  0.914666  -0.018242  -0.005743  0.003262  -1.068104  3.543738  -0.289061  1.000000  
121.340704 0.006317  -0.003384  0.000990  0.761385  0.603201  0.237574  -0.647443  0.688655  0.326453  0.033310  -0.402372  0.914870  -0.018342  -0.005770  0.003670  -1.055912  3.540777  -0.292948  1.000000  
121.341953 0.006293  -0.003392  0.000998  0.762616  0.603159  0.233701  -0.645789  0.689240  0.328487  0.037054  -0.401431  0.915139  -0.018511  -0.005857  0.004079  -1.042070  3.539838  -0.297474  1.000000  
121.343202 0.006270  -0.003400  0.001006  0.763965  0.602942  0.229824  -0.643967  0.689916  0.330639  0.040797  -0.400596  0.915346  -0.018612  -0.005946  0.004462  -1.020390  3.539695  -0.302045  1.000000  
121.344203 0.006251  -0.003406  0.001013  0.765062  0.602703  0.226782  -0.642470  0.690476  0.332379  0.043738  -0.399991  0.915475  -0.018693  -0.005987  0.004818  -1.001488  3.534075  -0.315438  1.000000  
121.345203 0.006233  -0.003413  0.001020  0.766012  0.602645  0.223708  -0.641120  0.690880  0.334141  0.046812  -0.399380  0.915590  -0.018716  -0.006033  0.005150  -0.987656  3.529974  -0.314520  1.000000  
121.346209 0.006214  -0.003418  0.001028  0.767089  0.602400  0.220654  -0.639608  0.691447  0.335861  0.049753  -0.398767  0.915701  -0.018783  -0.006060  0.005517  -0.964191  3.519288  -0.329365  1.000000  
121.347458 0.006190  -0.003427  0.001037  0.768261  0.602242  0.216979  -0.637909  0.692011  0.337924  0.053360  -0.398027  0.915821  -0.018861  -0.006090  0.005789  -0.946487  3.504146  -0.332437  1.000000  
121.348706 0.006166  -0.003434  0.001047  0.769407  0.602109  0.213252  -0.636189  0.692431  0.340298  0.057235  -0.397497  0.915817  -0.018878  -0.006102  0.006191  -0.920579  3.506862  -0.326113  1.000000  
121.349954 0.006142  -0.003443  0.001058  0.770551  0.601918  0.209632  -0.634468  0.692964  0.342419  0.060841  -0.396857  0.915862  -0.018922  -0.006142  0.006548  -0.894194  3.504771  -0.331379  1.000000  
121.350959 0.006122  -0.003449  0.001067  0.771460  0.601713  0.206860  -0.633087  0.693372  0.344144  0.063645  -0.396454  0.915846  -0.019008  -0.006154  0.006835  -0.870803  3.491696  -0.339525  1.000000  
121.352202 0.006097  -0.003456  0.001078  0.772585  0.601451  0.203393  -0.631354  0.693905  0.346249  0.067116  -0.395919  0.915829  -0.019103  -0.006135  0.007225  -0.844790  3.479704  -0.348361  1.000000  
121.353203 0.006077  -0.003463  0.001088  0.773482  0.601202  0.200703  -0.629965  0.694352  0.347878  0.069786  -0.395513  0.915805  -0.019172  -0.006194  0.007536  -0.821352  3.456068  -0.353818  1.000000  
121.354452 0.006052  -0.003471  0.001100  0.774713  0.600769  0.197222  -0.628055  0.694973  0.350085  0.073256  -0.395081  0.915721  -0.019259  -0.006237  0.007898  -0.791131  3.443653  -0.362313  1.000000  
121.355707 0.006026  -0.003479  0.001113  0.775786  0.600535  0.193686  -0.626282  0.695364  0.352476  0.076992  -0.394748  0.915558  -0.019388  -0.006291  0.008232  -0.760719  3.435823  -0.360281  1.000000  
