1-Time 2-Px 3-Py 4-Pz 5-R11 6-R21 7-R31 8-R12 9-R22 10-R32 11-R13 12-R23 13-R33 14-Vx 15-Vy 16-Vz 17-Wx 18-Wy 19-Wz 20-state
104.569868 0.001709  -0.007109  0.011138  0.567885  0.592114  0.571759  -0.777579  0.613742  0.136719  -0.269959  -0.522228  0.808950  -0.000230  -0.000138  -0.000298  0.000000  0.000000  0.000000  1.000000  
104.570917 0.001709  -0.007110  0.011140  0.567885  0.592114  0.571759  -0.777579  0.613742  0.136719  -0.269959  -0.522228  0.808950  0.000181  -0.000271  0.002033  0.000000  0.000000  0.000000  1.000000  
104.571920 0.001709  -0.007108  0.011133  0.567885  0.592114  0.571759  -0.777579  0.613742  0.136719  -0.269959  -0.522228  0.808950  0.000350  0.000856  -0.002611  0.000000  0.000000  0.000000  1.000000  
104.573163 0.001711  -0.007103  0.011123  0.567885  0.592114  0.571759  -0.777579  0.613742  0.136719  -0.269959  -0.522228  0.808950  0.000918  0.002188  -0.004980  0.000000  0.000000  0.000000  1.000000  
104.574164 0.001712  -0.007101  0.011118  0.567885  0.592114  0.571759  -0.777579  0.613742  0.136719  -0.269959  -0.522228  0.808950  0.000917  0.002186  -0.004975  0.000000  0.000000  0.000000  1.000000  
104.575414 0.001713  -0.007099  0.011114  0.567885  0.592183  0.571687  -0.777579  0.613758  0.136644  -0.269959  -0.522130  0.809013  0.000815  0.001950  -0.004658  0.000000  0.000000  0.000000  1.000000  
104.576414 0.001713  -0.007098  0.011112  0.568045  0.592057  0.571659  -0.777462  0.613880  0.136762  -0.269959  -0.522130  0.809013  0.000711  0.001779  -0.004219  0.000000  0.000000  0.000000  1.000000  
104.577664 0.001712  -0.007095  0.011107  0.568045  0.592057  0.571659  -0.777462  0.613880  0.136762  -0.269959  -0.522130  0.809013  0.000492  0.001886  -0.004139  0.000000  0.000000  0.000000  1.000000  
104.578668 0.001711  -0.007091  0.011103  0.568045  0.592057  0.571659  -0.777462  0.613880  0.136762  -0.269959  -0.522130  0.809013  0.000234  0.002141  -0.004122  0.000000  0.000000  0.000000  1.000000  
104.579919 0.001710  -0.007087  0.011098  0.568045  0.592057  0.571659  -0.777462  0.613880  0.136762  -0.269959  -0.522130  0.809013  0.000089  0.002325  -0.004120  0.000000  0.000000  0.000000  1.000000  
104.580920 0.001710  -0.007083  0.011094  0.568066  0.592098  0.571595  -0.777491  0.613824  0.136849  -0.269830  -0.522150  0.809044  0.000143  0.002427  -0.004101  0.000000  0.000000  0.000000  1.000000  
104.582172 0.001711  -0.007080  0.011088  0.568066  0.592168  0.571523  -0.777491  0.613840  0.136775  -0.269830  -0.522051  0.809107  0.000173  0.002476  -0.004125  0.000000  0.000000  0.000000  1.000000  
104.583172 0.001710  -0.007076  0.011083  0.568066  0.592168  0.571523  -0.777491  0.613840  0.136775  -0.269830  -0.522051  0.809107  0.000125  0.002571  -0.004199  0.000000  0.000000  0.000000  1.000000  
104.584422 0.001711  -0.007071  0.011074  0.568226  0.592041  0.571495  -0.777374  0.613962  0.136892  -0.269830  -0.522051  0.809107  0.000126  0.002710  -0.004507  0.000000  0.000000  0.000000  1.000000  
104.585667 0.001712  -0.007063  0.011061  0.568226  0.592110  0.571423  -0.777374  0.613979  0.136818  -0.269830  -0.521953  0.809170  0.000247  0.003067  -0.005129  0.000000  0.000000  0.000000  1.000000  
104.586669 0.001715  -0.007057  0.011049  0.568226  0.592110  0.571423  -0.777374  0.613979  0.136818  -0.269830  -0.521953  0.809170  0.000368  0.003486  -0.005714  0.000000  0.000000  0.000000  1.000000  
104.587919 0.001718  -0.007048  0.011038  0.568226  0.592110  0.571423  -0.777374  0.613979  0.136818  -0.269830  -0.521953  0.809170  0.000431  0.003689  -0.005772  0.000000  0.000000  0.000000  1.000000  
104.589164 0.001719  -0.007042  0.011030  0.568386  0.592053  0.571323  -0.777257  0.614117  0.136861  -0.269830  -0.521855  0.809234  0.000452  0.003941  -0.005870  0.000000  0.000000  0.000000  1.000000  
104.590165 0.001719  -0.007037  0.011025  0.568386  0.592053  0.571323  -0.777257  0.614117  0.136861  -0.269830  -0.521855  0.809234  0.000390  0.004223  -0.005982  0.000000  0.000000  0.000000  1.000000  
104.591414 0.001719  -0.007030  0.011021  0.568365  0.592012  0.571387  -0.777228  0.614174  0.136774  -0.269959  -0.521835  0.809203  0.000385  0.004644  -0.006056  0.000000  0.000000  0.000000  1.000000  
104.592414 0.001719  -0.007023  0.011014  0.568365  0.592012  0.571387  -0.777228  0.614174  0.136774  -0.269959  -0.521835  0.809203  0.000478  0.004890  -0.006296  0.000000  0.000000  0.000000  1.000000  
104.593664 0.001721  -0.007016  0.011002  0.568365  0.592012  0.571387  -0.777228  0.614174  0.136774  -0.269959  -0.521835  0.809203  0.000693  0.005050  -0.006724  0.000000  0.000000  0.000000  1.000000  
104.594914 0.001723  -0.007009  0.010989  0.568503  0.591844  0.571423  -0.777082  0.614352  0.136804  -0.270088  -0.521816  0.809173  0.000893  0.005181  -0.007251  0.000000  0.000000  0.000000  1.000000  
104.595919 0.001725  -0.007004  0.010978  0.568503  0.591844  0.571423  -0.777082  0.614352  0.136804  -0.270088  -0.521816  0.809173  0.000963  0.005320  -0.007729  0.000000  0.000000  0.000000  1.000000  
104.597164 0.001727  -0.006998  0.010965  0.568503  0.591844  0.571423  -0.777082  0.614352  0.136804  -0.270088  -0.521816  0.809173  0.001098  0.005458  -0.008235  0.000000  0.000000  0.000000  1.000000  
104.598172 0.001728  -0.006992  0.010955  0.568663  0.591649  0.571466  -0.776965  0.614457  0.136996  -0.270088  -0.521914  0.809109  0.001205  0.005614  -0.008536  0.000000  0.000000  0.000000  1.000000  
104.599417 0.001730  -0.006984  0.010943  0.568663  0.591649  0.571466  -0.776965  0.614457  0.136996  -0.270088  -0.521914  0.809109  0.001303  0.005781  -0.008695  0.000000  0.000000  0.000000  1.000000  
104.600418 0.001732  -0.006978  0.010934  0.568663  0.591649  0.571466  -0.776965  0.614457  0.136996  -0.270088  -0.521914  0.809109  0.001350  0.005794  -0.008668  0.000000  0.000000  0.000000  1.000000  
104.601422 0.001734  -0.006971  0.010927  0.568663  0.591579  0.571538  -0.776965  0.614440  0.137071  -0.270088  -0.522012  0.809046  0.001282  0.005766  -0.008274  0.000000  0.000000  0.000000  1.000000  
104.602665 0.001735  -0.006963  0.010921  0.568823  0.591453  0.571510  -0.776848  0.614562  0.137188  -0.270088  -0.522012  0.809046  0.001197  0.005785  -0.007951  0.000000  0.000000  0.000000  1.000000  
104.603666 0.001735  -0.006958  0.010916  0.568823  0.591453  0.571510  -0.776848  0.614562  0.137188  -0.270088  -0.522012  0.809046  0.001047  0.005762  -0.007749  0.000000  0.000000  0.000000  1.000000  
104.604917 0.001734  -0.006951  0.010910  0.568823  0.591453  0.571510  -0.776848  0.614562  0.137188  -0.270088  -0.522012  0.809046  0.001043  0.005812  -0.007851  0.000000  0.000000  0.000000  1.000000  
104.606165 0.001733  -0.006945  0.010898  0.568983  0.591257  0.571553  -0.776731  0.614667  0.137381  -0.270088  -0.522110  0.808983  0.001002  0.005737  -0.008305  0.000000  0.000000  0.000000  1.000000  
104.607414 0.001734  -0.006938  0.010886  0.568983  0.591257  0.571553  -0.776731  0.614667  0.137381  -0.270088  -0.522110  0.808983  0.000996  0.005709  -0.008545  0.000000  0.000000  0.000000  1.000000  
104.608414 0.001736  -0.006932  0.010874  0.568983  0.591257  0.571553  -0.776731  0.614667  0.137381  -0.270088  -0.522110  0.808983  0.000989  0.005694  -0.008683  0.000000  0.000000  0.000000  1.000000  
104.609664 0.001735  -0.006925  0.010860  0.569143  0.591061  0.571597  -0.776614  0.614772  0.137573  -0.270088  -0.522208  0.808920  0.000846  0.005719  -0.008739  0.000000  0.000000  0.000000  1.000000  
104.610671 0.001735  -0.006920  0.010851  0.569143  0.591061  0.571597  -0.776614  0.614772  0.137573  -0.270088  -0.522208  0.808920  0.000739  0.005666  -0.008629  0.000000  0.000000  0.000000  1.000000  
104.611921 0.001734  -0.006915  0.010840  0.569164  0.591033  0.571605  -0.776643  0.614699  0.137735  -0.269959  -0.522326  0.808887  0.000479  0.005636  -0.008460  0.000000  0.000000  0.000000  1.000000  
104.613164 0.001735  -0.006908  0.010831  0.569324  0.590837  0.571648  -0.776526  0.614804  0.137927  -0.269959  -0.522424  0.808823  0.000408  0.005617  -0.008282  0.000000  0.000000  0.000000  1.000000  
104.614164 0.001734  -0.006902  0.010823  0.569324  0.590768  0.571720  -0.776526  0.614788  0.138001  -0.269959  -0.522522  0.808760  0.000303  0.005594  -0.008182  0.000000  0.000000  0.000000  1.000000  
104.615175 0.001734  -0.006896  0.010815  0.569324  0.590768  0.571720  -0.776526  0.614788  0.138001  -0.269959  -0.522522  0.808760  0.000122  0.005542  -0.008082  0.000000  0.000000  0.000000  1.000000  
104.616419 0.001733  -0.006890  0.010804  0.569484  0.590572  0.571763  -0.776408  0.614892  0.138194  -0.269959  -0.522620  0.808696  -0.000059  0.005459  -0.008182  0.000000  0.000000  0.000000  1.000000  
104.617420 0.001732  -0.006884  0.010795  0.569505  0.590544  0.571770  -0.776437  0.614819  0.138356  -0.269830  -0.522738  0.808663  -0.000239  0.005343  -0.008511  0.000000  0.000000  0.000000  1.000000  
104.618422 0.001730  -0.006880  0.010785  0.569665  0.590417  0.571742  -0.776320  0.614941  0.138473  -0.269830  -0.522738  0.808663  -0.000320  0.005240  -0.008888  0.000000  0.000000  0.000000  1.000000  
104.619664 0.001728  -0.006875  0.010771  0.569665  0.590417  0.571742  -0.776320  0.614941  0.138473  -0.269830  -0.522738  0.808663  -0.000437  0.005177  -0.009347  0.000000  0.000000  0.000000  1.000000  
104.620665 0.001727  -0.006869  0.010758  0.569846  0.590263  0.571721  -0.776232  0.614989  0.138753  -0.269702  -0.522856  0.808630  -0.000484  0.005246  -0.009680  0.000000  0.000000  0.000000  1.000000  
104.621665 0.001726  -0.006863  0.010746  0.569846  0.590263  0.571721  -0.776232  0.614989  0.138753  -0.269702  -0.522856  0.808630  -0.000530  0.005296  -0.009853  0.000000  0.000000  0.000000  1.000000  
104.622914 0.001724  -0.006855  0.010732  0.570006  0.590136  0.571692  -0.776115  0.615111  0.138870  -0.269702  -0.522856  0.808630  -0.000757  0.005282  -0.009861  0.000000  0.000000  0.000000  1.000000  
104.623920 0.001722  -0.006849  0.010723  0.570187  0.590051  0.571600  -0.776026  0.615176  0.139075  -0.269573  -0.522875  0.808661  -0.000923  0.005323  -0.009691  0.000000  0.000000  0.000000  1.000000  
104.625164 0.001719  -0.006842  0.010713  0.570209  0.590092  0.571536  -0.776055  0.615119  0.139163  -0.269444  -0.522895  0.808691  -0.001066  0.005341  -0.009496  0.000000  0.000000  0.000000  1.000000  
104.626417 0.001716  -0.006835  0.010704  0.570369  0.589966  0.571507  -0.775938  0.615241  0.139280  -0.269444  -0.522895  0.808691  -0.001231  0.005458  -0.009357  0.000000  0.000000  0.000000  1.000000  
104.627417 0.001715  -0.006828  0.010694  0.570550  0.589880  0.571414  -0.775850  0.615306  0.139485  -0.269315  -0.522915  0.808721  -0.001293  0.005598  -0.009537  0.000000  0.000000  0.000000  1.000000  
104.628665 0.001713  -0.006820  0.010680  0.570731  0.589795  0.571321  -0.775761  0.615371  0.139690  -0.269186  -0.522934  0.808751  -0.001488  0.005685  -0.009828  0.000000  0.000000  0.000000  1.000000  
104.629918 0.001711  -0.006811  0.010664  0.570912  0.589779  0.571157  -0.775673  0.615453  0.139820  -0.269057  -0.522856  0.808845  -0.001517  0.005739  -0.010250  0.000000  0.000000  0.000000  1.000000  
104.631169 0.001708  -0.006805  0.010647  0.571114  0.589736  0.571000  -0.775613  0.615462  0.140112  -0.268800  -0.522895  0.808905  -0.001661  0.005769  -0.010698  0.000000  0.000000  0.000000  1.000000  
104.632417 0.001705  -0.006798  0.010629  0.571295  0.589650  0.570907  -0.775524  0.615527  0.140317  -0.268671  -0.522914  0.808936  -0.001773  0.005780  -0.011055  0.000000  0.000000  0.000000  1.000000  
104.633420 0.001703  -0.006792  0.010615  0.571476  0.589634  0.570742  -0.775436  0.615609  0.140447  -0.268542  -0.522836  0.809029  -0.001799  0.005885  -0.011333  0.000000  0.000000  0.000000  1.000000  
104.634671 0.001699  -0.006784  0.010599  0.571678  0.589591  0.570585  -0.775376  0.615618  0.140738  -0.268284  -0.522875  0.809090  -0.001933  0.006025  -0.011397  0.000000  0.000000  0.000000  1.000000  
104.635917 0.001696  -0.006775  0.010584  0.571880  0.589616  0.570356  -0.775316  0.615644  0.140955  -0.268026  -0.522815  0.809213  -0.002094  0.006136  -0.011384  0.000000  0.000000  0.000000  1.000000  
104.636923 0.001693  -0.006769  0.010572  0.572083  0.589572  0.570198  -0.775256  0.615652  0.141247  -0.267768  -0.522854  0.809273  -0.002188  0.006172  -0.011408  0.000000  0.000000  0.000000  1.000000  
104.638167 0.001689  -0.006760  0.010558  0.572444  0.589471  0.569940  -0.775078  0.615800  0.141581  -0.267511  -0.522795  0.809397  -0.002284  0.006213  -0.011441  0.000000  0.000000  0.000000  1.000000  
104.639414 0.001685  -0.006752  0.010546  0.572668  0.589538  0.569646  -0.775046  0.615769  0.141885  -0.267124  -0.522755  0.809551  -0.002396  0.006346  -0.011655  0.000000  0.000000  0.000000  1.000000  
104.640699 0.001681  -0.006743  0.010530  0.573050  0.589548  0.569251  -0.774897  0.615878  0.142232  -0.266737  -0.522617  0.809767  -0.002494  0.006458  -0.011992  0.000000  0.000000  0.000000  1.000000  
104.641914 0.001678  -0.006733  0.010512  0.573295  0.589656  0.568893  -0.774893  0.615792  0.142623  -0.266221  -0.522596  0.809951  -0.002539  0.006611  -0.012437  0.000000  0.000000  0.000000  1.000000  
104.642915 0.001675  -0.006725  0.010498  0.573677  0.589665  0.568497  -0.774743  0.615901  0.142969  -0.265834  -0.522457  0.810167  -0.002632  0.006655  -0.012711  0.000000  0.000000  0.000000  1.000000  
104.643919 0.001672  -0.006717  0.010484  0.573900  0.589732  0.568203  -0.774710  0.615871  0.143272  -0.265447  -0.522417  0.810320  -0.002765  0.006659  -0.012891  0.000000  0.000000  0.000000  1.000000  
104.645164 0.001667  -0.006709  0.010467  0.574304  0.589783  0.567742  -0.774588  0.615924  0.143705  -0.264931  -0.522297  0.810566  -0.002975  0.006757  -0.012905  0.007289  0.239455  -0.050179  1.000000  
104.646164 0.001662  -0.006703  0.010454  0.574527  0.589850  0.567447  -0.774555  0.615894  0.144009  -0.264544  -0.522256  0.810719  -0.003054  0.006795  -0.012854  0.000000  0.000000  0.000000  1.000000  
104.647164 0.001658  -0.006696  0.010443  0.574909  0.589859  0.567051  -0.774404  0.616004  0.144354  -0.264157  -0.522117  0.810935  -0.003239  0.006861  -0.012660  -0.009335  0.269074  -0.046806  1.000000  
104.648169 0.001653  -0.006689  0.010431  0.575152  0.589967  0.566691  -0.774399  0.615918  0.144745  -0.263641  -0.522095  0.811117  -0.003409  0.006912  -0.012521  -0.013439  0.280292  -0.039578  1.000000  
104.649171 0.001648  -0.006682  0.010420  0.575375  0.590103  0.566324  -0.774365  0.615907  0.144973  -0.263254  -0.521955  0.811332  -0.003540  0.007026  -0.012295  -0.019895  0.297525  -0.038236  1.000000  
104.650421 0.001642  -0.006673  0.010405  0.575778  0.590153  0.565862  -0.774241  0.615961  0.145406  -0.262737  -0.521835  0.811577  -0.003705  0.007032  -0.012304  -0.030347  0.312491  -0.036565  1.000000  
104.651424 0.001637  -0.006667  0.010393  0.576021  0.590262  0.565501  -0.774235  0.615876  0.145796  -0.262221  -0.521812  0.811759  -0.003864  0.007045  -0.012322  -0.032634  0.331194  -0.032453  1.000000  
104.652666 0.001630  -0.006659  0.010378  0.576423  0.590312  0.565038  -0.774111  0.615930  0.146228  -0.261704  -0.521691  0.812003  -0.004054  0.007021  -0.012407  -0.039012  0.350016  -0.028376  1.000000  
104.653666 0.001625  -0.006651  0.010365  0.576687  0.590531  0.564540  -0.774132  0.615808  0.146630  -0.261058  -0.521589  0.812277  -0.004139  0.007055  -0.012586  -0.047261  0.365218  -0.018698  1.000000  
104.654918 0.001619  -0.006642  0.010348  0.577110  0.590622  0.564012  -0.774034  0.615807  0.147149  -0.260413  -0.521486  0.812550  -0.004272  0.007075  -0.012789  -0.051821  0.387476  -0.020234  1.000000  
104.655925 0.001613  -0.006636  0.010335  0.577332  0.590758  0.563643  -0.773999  0.615796  0.147377  -0.260025  -0.521345  0.812765  -0.004452  0.007008  -0.012788  -0.060005  0.398726  -0.012984  1.000000  
104.657182 0.001606  -0.006627  0.010319  0.577754  0.590918  0.563042  -0.773901  0.615814  0.147821  -0.259379  -0.521143  0.813101  -0.004690  0.006882  -0.012574  -0.070485  0.417413  -0.008952  1.000000  
104.658414 0.001599  -0.006619  0.010306  0.578017  0.591136  0.562543  -0.773921  0.615692  0.148223  -0.258733  -0.521039  0.813373  -0.004928  0.006784  -0.012312  -0.078768  0.432762  0.000707  1.000000  
104.659665 0.001591  -0.006613  0.010295  0.578419  0.591254  0.562006  -0.773793  0.615766  0.148580  -0.258216  -0.520818  0.813679  -0.005197  0.006672  -0.011801  -0.085185  0.447779  0.002269  1.000000  
104.660914 0.001582  -0.006605  0.010285  0.578681  0.591472  0.561506  -0.773812  0.615645  0.148982  -0.257570  -0.520713  0.813951  -0.005411  0.006556  -0.011437  -0.093457  0.459166  0.009488  1.000000  
104.662164 0.001575  -0.006598  0.010275  0.579083  0.591590  0.560968  -0.773684  0.615720  0.149338  -0.257052  -0.520491  0.814256  -0.005523  0.006536  -0.011113  -0.101273  0.473737  0.005403  1.000000  
104.663415 0.001566  -0.006590  0.010264  0.579504  0.591749  0.560365  -0.773583  0.615739  0.149781  -0.256406  -0.520287  0.814590  -0.005706  0.006466  -0.010943  -0.109471  0.488811  0.014909  1.000000  
104.664421 0.001561  -0.006584  0.010255  0.579745  0.591993  0.559857  -0.773574  0.615693  0.150021  -0.255888  -0.520065  0.814895  -0.005748  0.006436  -0.010789  -0.122703  0.500411  0.019779  1.000000  
104.665425 0.001554  -0.006579  0.010246  0.580146  0.592042  0.559390  -0.773444  0.615750  0.150451  -0.255371  -0.519940  0.815137  -0.005890  0.006316  -0.010625  -0.129111  0.511458  0.018929  1.000000  
104.666674 0.001547  -0.006571  0.010234  0.580546  0.592227  0.558779  -0.773315  0.615845  0.150731  -0.254854  -0.519618  0.815504  -0.005893  0.006243  -0.010394  -0.139674  0.522799  0.017991  1.000000  
104.667921 0.001539  -0.006565  0.010222  0.580967  0.592385  0.558173  -0.773212  0.615865  0.151174  -0.254207  -0.519413  0.815837  -0.005981  0.006061  -0.010129  -0.147938  0.534123  0.025116  1.000000  
104.669165 0.001532  -0.006558  0.010211  0.581387  0.592543  0.557567  -0.773108  0.615887  0.151616  -0.253559  -0.519207  0.816169  -0.006015  0.005948  -0.009722  -0.154448  0.545382  0.024185  1.000000  
104.670166 0.001526  -0.006553  0.010203  0.581787  0.592659  0.557026  -0.772977  0.615964  0.151970  -0.253042  -0.518983  0.816472  -0.006075  0.005800  -0.009385  -0.159581  0.551977  0.023060  1.000000  
104.671222 0.001519  -0.006548  0.010195  0.582187  0.592708  0.556557  -0.772845  0.616023  0.152399  -0.252524  -0.518857  0.816712  -0.006181  0.005638  -0.008994  -0.161062  0.560456  0.025516  1.000000  
104.672413 0.001511  -0.006543  0.010187  0.582766  0.592806  0.555846  -0.772620  0.616186  0.152880  -0.251877  -0.518551  0.817106  -0.006254  0.005496  -0.008588  -0.168440  0.570460  0.018740  1.000000  
104.673413 0.001505  -0.006540  0.010180  0.583165  0.592854  0.555376  -0.772488  0.616246  0.153308  -0.251359  -0.518425  0.817346  -0.006302  0.005305  -0.008393  -0.170854  0.577844  0.015424  1.000000  
104.674663 0.001496  -0.006536  0.010171  0.583763  0.592994  0.554598  -0.772288  0.616355  0.153876  -0.250582  -0.518136  0.817767  -0.006317  0.005118  -0.008308  -0.180656  0.586492  0.017713  1.000000  
104.675663 0.001490  -0.006532  0.010164  0.584162  0.593109  0.554055  -0.772155  0.616434  0.154229  -0.250063  -0.517911  0.818069  -0.006264  0.004989  -0.008224  -0.185769  0.593285  0.016626  1.000000  
104.676666 0.001484  -0.006529  0.010155  0.584561  0.593224  0.553511  -0.772021  0.616513  0.154582  -0.249545  -0.517684  0.818370  -0.006269  0.004796  -0.008288  -0.188030  0.596300  0.010803  1.000000  
104.677913 0.001476  -0.006524  0.010145  0.585158  0.593429  0.552659  -0.771819  0.616642  0.155073  -0.248768  -0.517295  0.818853  -0.006247  0.004637  -0.008280  -0.198694  0.607681  0.009710  1.000000  
104.678913 0.001470  -0.006519  0.010136  0.585715  0.593417  0.552082  -0.771563  0.616845  0.155539  -0.248249  -0.517068  0.819154  -0.006271  0.004529  -0.008277  -0.203372  0.618456  0.000733  1.000000  
104.679921 0.001464  -0.006515  0.010129  0.586113  0.593598  0.551464  -0.771428  0.616944  0.155816  -0.247731  -0.516741  0.819517  -0.006254  0.004372  -0.008116  -0.209842  0.625745  -0.002728  1.000000  
104.681165 0.001455  -0.006510  0.010121  0.586868  0.593608  0.550650  -0.771103  0.617179  0.156494  -0.246953  -0.516449  0.819936  -0.006294  0.004272  -0.007813  -0.214693  0.636700  -0.011816  1.000000  
104.682166 0.001448  -0.006507  0.010116  0.587306  0.593872  0.549898  -0.771019  0.617170  0.156945  -0.246175  -0.516157  0.820354  -0.006401  0.004113  -0.007509  -0.221213  0.651478  -0.010516  1.000000  
104.683169 0.001440  -0.006504  0.010111  0.587902  0.594009  0.549113  -0.770813  0.617283  0.157509  -0.245397  -0.515864  0.820771  -0.006542  0.003991  -0.007264  -0.229748  0.660533  -0.016557  1.000000  
104.684416 0.001430  -0.006500  0.010104  0.588675  0.594059  0.548229  -0.770511  0.617465  0.158273  -0.244489  -0.515587  0.821216  -0.006715  0.003778  -0.006931  -0.232957  0.678933  -0.029001  1.000000  
104.685418 0.001422  -0.006497  0.010097  0.589250  0.594153  0.547509  -0.770277  0.617635  0.158748  -0.243840  -0.515276  0.821604  -0.006873  0.003612  -0.006901  -0.239634  0.686434  -0.032551  1.000000  
104.686663 0.001411  -0.006495  0.010089  0.590023  0.594270  0.546549  -0.769972  0.617838  0.159435  -0.242932  -0.514898  0.822110  -0.007034  0.003459  -0.006838  -0.244879  0.706544  -0.039914  1.000000  
104.687921 0.001400  -0.006492  0.010080  0.590676  0.594662  0.545415  -0.769839  0.617829  0.160108  -0.241763  -0.514454  0.822732  -0.007192  0.003292  -0.006937  -0.257740  0.727182  -0.039158  1.000000  
104.689163 0.001390  -0.006489  0.010070  0.591487  0.594861  0.544319  -0.769583  0.617925  0.160968  -0.240595  -0.514109  0.823290  -0.007312  0.003221  -0.006964  -0.262993  0.754636  -0.041773  1.000000  
104.690163 0.001380  -0.006487  0.010062  0.591961  0.595206  0.543427  -0.769543  0.617812  0.161591  -0.239555  -0.513846  0.823757  -0.007502  0.003121  -0.007052  -0.269725  0.773305  -0.038215  1.000000  
104.691413 0.001369  -0.006485  0.010052  0.592770  0.595404  0.542327  -0.769283  0.617911  0.162450  -0.238386  -0.513498  0.824313  -0.007769  0.002949  -0.007023  -0.274796  0.799300  -0.038017  1.000000  
104.692413 0.001359  -0.006483  0.010045  0.593420  0.595728  0.541259  -0.769143  0.617888  0.163196  -0.237217  -0.513149  0.824867  -0.008007  0.002810  -0.006922  -0.283979  0.824841  -0.034900  1.000000  
104.693663 0.001347  -0.006481  0.010038  0.594088  0.596160  0.540049  -0.769027  0.617832  0.163954  -0.235917  -0.512716  0.825509  -0.008254  0.002611  -0.006692  -0.295043  0.847678  -0.029152  1.000000  
104.694663 0.001338  -0.006478  0.010033  0.594736  0.596417  0.539050  -0.768884  0.617791  0.164775  -0.234746  -0.512465  0.825999  -0.008554  0.002481  -0.006524  -0.297666  0.870349  -0.026306  1.000000  
104.695919 0.001324  -0.006476  0.010027  0.595441  0.596931  0.537702  -0.768814  0.617630  0.165707  -0.233185  -0.512061  0.826691  -0.008903  0.002329  -0.006417  -0.308587  0.904008  -0.013539  1.000000  
104.697163 0.001310  -0.006474  0.010021  0.596341  0.597401  0.536181  -0.768667  0.617485  0.166924  -0.231363  -0.511688  0.827433  -0.009210  0.002195  -0.006342  -0.318081  0.945388  -0.004105  1.000000  
104.698171 0.001299  -0.006473  0.010017  0.596986  0.597657  0.535177  -0.768518  0.617448  0.167743  -0.230192  -0.511433  0.827918  -0.009459  0.002065  -0.006287  -0.325075  0.968268  0.001667  1.000000  
104.699416 0.001285  -0.006471  0.010010  0.597863  0.598083  0.533719  -0.768341  0.617361  0.168871  -0.228498  -0.511040  0.828630  -0.009704  0.001924  -0.006185  -0.333039  1.009581  0.006273  1.000000  
104.700419 0.001273  -0.006470  0.010005  0.598525  0.598445  0.532570  -0.768212  0.617294  0.169701  -0.227196  -0.510697  0.829199  -0.009906  0.001876  -0.006137  -0.340059  1.036185  0.014296  1.000000  
104.701427 0.001262  -0.006469  0.010001  0.599167  0.598765  0.531488  -0.768057  0.617282  0.170443  -0.226023  -0.510337  0.829741  -0.010089  0.001746  -0.006002  -0.350969  1.058488  0.019971  1.000000  
104.702666 0.001246  -0.006468  0.009996  0.599883  0.599316  0.530058  -0.767996  0.617077  0.171459  -0.224328  -0.509938  0.830446  -0.010458  0.001589  -0.005654  -0.359855  1.089346  0.038245  1.000000  
104.703952 0.001231  -0.006468  0.009991  0.600754  0.599739  0.528590  -0.767808  0.616997  0.172585  -0.222633  -0.509536  0.831148  -0.010714  0.001421  -0.005306  -0.366576  1.122174  0.050710  1.000000  
104.705165 0.001217  -0.006467  0.009990  0.601783  0.600098  0.527010  -0.767493  0.617065  0.173743  -0.220937  -0.509032  0.831910  -0.010889  0.001370  -0.004737  -0.379138  1.161056  0.049453  1.000000  
104.706414 0.001202  -0.006467  0.009988  0.602687  0.600604  0.525399  -0.767344  0.616882  0.175041  -0.218979  -0.508656  0.832657  -0.011159  0.001178  -0.004201  -0.386487  1.203105  0.066629  1.000000  
104.707414 0.001189  -0.006467  0.009988  0.603517  0.600876  0.524132  -0.767100  0.616895  0.176063  -0.217543  -0.508319  0.833239  -0.011320  0.001073  -0.003743  -0.389527  1.229571  0.074355  1.000000  
104.708664 0.001175  -0.006467  0.009988  0.604382  0.601296  0.522652  -0.766899  0.616824  0.177184  -0.215844  -0.507908  0.833931  -0.011553  0.000842  -0.003306  -0.396771  1.263816  0.086702  1.000000  
104.709914 0.001160  -0.006468  0.009987  0.605263  0.601757  0.521100  -0.766717  0.616702  0.178392  -0.214015  -0.507510  0.834644  -0.011700  0.000654  -0.002920  -0.399204  1.298765  0.097228  1.000000  
104.710914 0.001147  -0.006469  0.009986  0.606071  0.601986  0.519895  -0.766442  0.616774  0.179323  -0.212708  -0.507152  0.835196  -0.011785  0.000477  -0.002695  -0.407197  1.324835  0.106641  1.000000  
104.711920 0.001135  -0.006470  0.009986  0.606738  0.602320  0.518729  -0.766312  0.616648  0.180309  -0.211270  -0.506909  0.835709  -0.011846  0.000260  -0.002344  -0.406225  1.347394  0.111926  1.000000  
104.713168 0.001119  -0.006473  0.009985  0.607771  0.602714  0.517058  -0.765996  0.616678  0.181546  -0.209438  -0.506403  0.836476  -0.011972  -0.000002  -0.002076  -0.412721  1.373944  0.117312  1.000000  
104.714422 0.001102  -0.006475  0.009987  0.608960  0.602918  0.515420  -0.765550  0.616813  0.182962  -0.207606  -0.505996  0.837178  -0.012199  -0.000257  -0.001490  -0.419551  1.407989  0.123202  1.000000  
104.715426 0.001088  -0.006477  0.009989  0.609780  0.603186  0.514135  -0.765286  0.616838  0.183976  -0.206166  -0.505646  0.837746  -0.012324  -0.000479  -0.001052  -0.422730  1.434595  0.130687  1.000000  
104.716677 0.001072  -0.006479  0.009993  0.610948  0.603346  0.512559  -0.764812  0.617031  0.185301  -0.204464  -0.505220  0.838419  -0.012431  -0.000710  -0.000359  -0.422924  1.468037  0.126414  1.000000  
104.717918 0.001054  -0.006482  0.009999  0.611973  0.603612  0.511020  -0.764480  0.617026  0.186680  -0.202630  -0.504908  0.839052  -0.012665  -0.000950  0.000332  -0.417520  1.490485  0.129289  1.000000  
104.718919 0.001040  -0.006485  0.010005  0.612788  0.603878  0.509727  -0.764208  0.617057  0.187690  -0.201189  -0.504552  0.839613  -0.012817  -0.001121  0.000878  -0.421808  1.510427  0.133949  1.000000  
104.719920 0.001025  -0.006487  0.010010  0.613602  0.604143  0.508432  -0.763933  0.617089  0.188699  -0.199747  -0.504195  0.840172  -0.013023  -0.001332  0.001381  -0.423683  1.529095  0.128477  1.000000  
104.721163 0.001007  -0.006490  0.010018  0.614779  0.604403  0.506699  -0.763464  0.617261  0.190029  -0.197911  -0.503672  0.840919  -0.013226  -0.001535  0.001958  -0.429961  1.555866  0.127381  1.000000  
104.722415 0.000989  -0.006493  0.010026  0.615813  0.604831  0.504929  -0.763139  0.617258  0.191340  -0.195943  -0.503161  0.841686  -0.013440  -0.001788  0.002534  -0.432197  1.578272  0.123731  1.000000  
104.723415 0.000974  -0.006495  0.010032  0.616622  0.605155  0.503552  -0.762855  0.617320  0.192270  -0.194500  -0.502696  0.842299  -0.013623  -0.001874  0.003040  -0.435727  1.593623  0.123759  1.000000  
104.724663 0.000954  -0.006499  0.010041  0.617635  0.605538  0.501847  -0.762502  0.617376  0.193491  -0.192662  -0.502166  0.843037  -0.013925  -0.002075  0.003587  -0.443605  1.608880  0.123601  1.000000  
104.725664 0.000938  -0.006502  0.010048  0.618441  0.605860  0.500465  -0.762212  0.617442  0.194418  -0.191218  -0.501697  0.843645  -0.014187  -0.002200  0.004135  -0.445887  1.620373  0.113137  1.000000  
104.726913 0.000916  -0.006505  0.010059  0.619466  0.606283  0.498681  -0.761871  0.617450  0.195723  -0.189247  -0.501175  0.844399  -0.014577  -0.002329  0.004831  -0.449867  1.627671  0.108114  1.000000  
104.727920 0.000899  -0.006509  0.010068  0.620111  0.606669  0.497408  -0.761704  0.617372  0.196621  -0.187802  -0.500804  0.844941  -0.014891  -0.002440  0.005570  -0.453668  1.633022  0.109761  1.000000  
104.729163 0.000876  -0.006513  0.010080  0.621101  0.607005  0.495761  -0.761317  0.617489  0.197747  -0.186093  -0.500252  0.845646  -0.015294  -0.002634  0.006222  -0.457585  1.640688  0.104813  1.000000  
104.730419 0.000854  -0.006517  0.010093  0.622072  0.607298  0.494182  -0.760908  0.617660  0.198785  -0.184515  -0.499685  0.846327  -0.015636  -0.002685  0.006966  -0.462929  1.643564  0.097096  1.000000  
104.731439 0.000835  -0.006519  0.010104  0.622854  0.607511  0.492932  -0.760585  0.617764  0.199693  -0.183200  -0.499297  0.846841  -0.016001  -0.002738  0.007476  -0.460610  1.648894  0.084210  1.000000  
104.732670 0.000812  -0.006524  0.010117  0.623838  0.607903  0.491202  -0.760189  0.617913  0.200740  -0.181490  -0.498636  0.847599  -0.016376  -0.002828  0.008009  -0.464877  1.657501  0.079037  1.000000  
104.733677 0.000793  -0.006526  0.010127  0.624461  0.608302  0.489916  -0.759990  0.617919  0.201470  -0.180174  -0.498141  0.848170  -0.016680  -0.002826  0.008325  -0.474585  1.655385  0.075595  1.000000  
104.734917 0.000770  -0.006530  0.010140  0.625300  0.608800  0.488223  -0.759735  0.617872  0.202575  -0.178331  -0.497591  0.848883  -0.016978  -0.002901  0.008659  -0.476977  1.654543  0.082004  1.000000  
104.735920 0.000752  -0.006533  0.010151  0.626092  0.609053  0.486892  -0.759422  0.617931  0.203567  -0.176883  -0.497208  0.849410  -0.017254  -0.002956  0.009052  -0.476739  1.654105  0.072652  1.000000  
104.737164 0.000729  -0.006537  0.010165  0.627083  0.609422  0.485151  -0.759031  0.618014  0.204770  -0.175039  -0.496653  0.850116  -0.017635  -0.003030  0.009482  -0.480900  1.655775  0.071722  1.000000  
104.738415 0.000704  -0.006542  0.010180  0.627916  0.609917  0.483449  -0.758766  0.617974  0.205872  -0.173194  -0.496095  0.850819  -0.017941  -0.003126  0.009864  -0.487867  1.658656  0.071859  1.000000  
104.739420 0.000685  -0.006545  0.010193  0.628717  0.610267  0.481964  -0.758461  0.618013  0.206872  -0.171613  -0.495615  0.851419  -0.018255  -0.003166  0.010327  -0.491734  1.665877  0.066999  1.000000  
104.740663 0.000660  -0.006550  0.010210  0.629560  0.610801  0.480183  -0.758207  0.617927  0.208059  -0.169635  -0.495064  0.852136  -0.018531  -0.003229  0.010774  -0.497189  1.667857  0.074131  1.000000  
104.741665 0.000640  -0.006553  0.010224  0.630202  0.611218  0.478809  -0.758026  0.617820  0.209033  -0.168053  -0.494683  0.852671  -0.018708  -0.003236  0.011181  -0.504081  1.674952  0.077073  1.000000  
104.742914 0.000615  -0.006557  0.010241  0.631196  0.611623  0.476979  -0.757635  0.617864  0.210316  -0.166074  -0.494127  0.853381  -0.018958  -0.003252  0.011588  -0.507961  1.679732  0.078276  1.000000  
104.743920 0.000594  -0.006560  0.010255  0.631820  0.611996  0.475673  -0.757432  0.617812  0.211201  -0.164622  -0.493731  0.853891  -0.019118  -0.003197  0.011872  -0.507935  1.671280  0.080009  1.000000  
104.745163 0.000569  -0.006565  0.010273  0.632796  0.612298  0.473984  -0.757016  0.617886  0.212468  -0.162774  -0.493263  0.854515  -0.019335  -0.003254  0.012182  -0.509238  1.673712  0.087144  1.000000  
104.746166 0.000548  -0.006568  0.010287  0.633586  0.612584  0.472556  -0.756694  0.617913  0.213536  -0.161190  -0.492874  0.855040  -0.019470  -0.003233  0.012366  -0.510321  1.677358  0.088183  1.000000  
104.747415 0.000523  -0.006571  0.010304  0.634571  0.612926  0.470787  -0.756288  0.617942  0.214887  -0.159209  -0.492412  0.855677  -0.019586  -0.003247  0.012613  -0.517213  1.678304  0.094922  1.000000  
104.748425 0.000503  -0.006575  0.010317  0.635358  0.613211  0.469354  -0.755960  0.617972  0.215952  -0.157624  -0.492020  0.856196  -0.019702  -0.003264  0.012874  -0.519791  1.684502  0.097933  1.000000  
104.749677 0.000476  -0.006580  0.010336  0.636351  0.613650  0.467430  -0.755562  0.617982  0.217313  -0.155509  -0.491459  0.856904  -0.019926  -0.003344  0.013240  -0.525381  1.692387  0.100908  1.000000  
104.750920 0.000450  -0.006584  0.010354  0.637329  0.613932  0.465724  -0.755143  0.617992  0.218733  -0.153526  -0.491094  0.857471  -0.020130  -0.003399  0.013542  -0.519935  1.693022  0.107594  1.000000  
104.751925 0.000430  -0.006588  0.010370  0.638109  0.614214  0.464283  -0.754806  0.618029  0.219793  -0.151940  -0.490695  0.857982  -0.020232  -0.003427  0.013890  -0.517010  1.692959  0.106261  1.000000  
104.753164 0.000404  -0.006593  0.010390  0.639250  0.614466  0.462376  -0.754263  0.618147  0.221318  -0.149823  -0.490231  0.858619  -0.020402  -0.003470  0.014226  -0.513498  1.705122  0.103386  1.000000  
104.754415 0.000377  -0.006599  0.010411  0.640232  0.614844  0.460510  -0.753848  0.618141  0.222746  -0.147706  -0.489764  0.859252  -0.020492  -0.003556  0.014511  -0.513447  1.713704  0.106570  1.000000  
104.755415 0.000357  -0.006603  0.010427  0.641186  0.615081  0.458865  -0.753397  0.618211  0.224071  -0.145854  -0.489378  0.859788  -0.020536  -0.003601  0.014729  -0.509524  1.728824  0.106115  1.000000  
104.756663 0.000330  -0.006608  0.010447  0.642317  0.615329  0.456945  -0.752841  0.618337  0.225588  -0.143735  -0.488906  0.860414  -0.020680  -0.003683  0.014879  -0.503363  1.735822  0.100642  1.000000  
104.757913 0.000304  -0.006613  0.010468  0.643600  0.615450  0.454974  -0.752146  0.618594  0.227196  -0.141616  -0.488430  0.861035  -0.020727  -0.003701  0.015098  -0.500190  1.754768  0.086227  1.000000  
104.758914 0.000283  -0.006617  0.010484  0.644533  0.615641  0.453392  -0.751669  0.618720  0.228426  -0.139894  -0.488028  0.861544  -0.020765  -0.003740  0.015278  -0.497541  1.769299  0.085441  1.000000  
104.759920 0.000261  -0.006620  0.010501  0.645464  0.615776  0.451881  -0.751189  0.618821  0.229729  -0.138172  -0.487729  0.861991  -0.020833  -0.003755  0.015450  -0.493490  1.784168  0.085118  1.000000  
104.761168 0.000234  -0.006625  0.010522  0.646595  0.616063  0.449868  -0.750627  0.618909  0.231322  -0.135919  -0.487255  0.862617  -0.020955  -0.003807  0.015776  -0.488798  1.803839  0.086808  1.000000  
104.762168 0.000213  -0.006628  0.010541  0.647532  0.616240  0.448275  -0.750153  0.618965  0.232708  -0.134063  -0.486961  0.863074  -0.021013  -0.003848  0.016055  -0.481047  1.819124  0.086337  1.000000  
104.763168 0.000190  -0.006633  0.010559  0.648313  0.616543  0.446727  -0.749808  0.618896  0.234000  -0.132206  -0.486665  0.863527  -0.021186  -0.003905  0.016387  -0.473119  1.841810  0.090295  1.000000  
104.764172 0.000168  -0.006636  0.010578  0.649246  0.616773  0.445052  -0.749326  0.618984  0.235307  -0.130349  -0.486261  0.864036  -0.021277  -0.003918  0.016732  -0.470430  1.861205  0.091725  1.000000  
104.765421 0.000139  -0.006641  0.010603  0.650363  0.617002  0.443098  -0.748745  0.619054  0.236965  -0.128094  -0.485881  0.864587  -0.021449  -0.003938  0.017104  -0.461845  1.879611  0.084966  1.000000  
104.766425 0.000116  -0.006646  0.010622  0.651301  0.617219  0.441415  -0.748268  0.619069  0.238430  -0.126103  -0.485587  0.865046  -0.021629  -0.004011  0.017351  -0.454065  1.898450  0.086613  1.000000  
104.767671 0.000088  -0.006652  0.010647  0.652423  0.617489  0.439376  -0.747689  0.619095  0.240169  -0.123714  -0.485209  0.865602  -0.021731  -0.004036  0.017697  -0.449899  1.917376  0.079920  1.000000  
104.768920 0.000060  -0.006657  0.010671  0.653529  0.617716  0.437408  -0.747093  0.619174  0.241819  -0.121456  -0.484820  0.866140  -0.021898  -0.004062  0.017921  -0.442579  1.932753  0.079034  1.000000  
104.770170 0.000031  -0.006663  0.010696  0.654632  0.617890  0.435510  -0.746491  0.619225  0.243540  -0.119198  -0.484533  0.866614  -0.022084  -0.004069  0.018193  -0.430267  1.947594  0.070058  1.000000  
104.771419 0.000002  -0.006669  0.010720  0.655731  0.618115  0.433533  -0.745883  0.619309  0.245183  -0.116939  -0.484139  0.867142  -0.022238  -0.004108  0.018516  -0.422103  1.962498  0.060942  1.000000  
104.772435 -0.000021  -0.006673  0.010741  0.656642  0.618286  0.431906  -0.745371  0.619384  0.246547  -0.115079  -0.483824  0.867566  -0.022394  -0.004175  0.018742  -0.418348  1.972435  0.058117  1.000000  
104.773664 -0.000050  -0.006679  0.010768  0.657744  0.618501  0.429918  -0.744765  0.619394  0.248346  -0.112686  -0.483536  0.868041  -0.022577  -0.004235  0.019197  -0.406603  1.997046  0.053570  1.000000  
104.774664 -0.000073  -0.006683  0.010790  0.658649  0.618671  0.428284  -0.744244  0.619474  0.249706  -0.110825  -0.483217  0.868458  -0.022712  -0.004245  0.019603  -0.403053  2.011836  0.052965  1.000000  
104.775671 -0.000097  -0.006686  0.010813  0.659551  0.618789  0.426722  -0.743720  0.619524  0.251139  -0.108963  -0.483001  0.868814  -0.022810  -0.004194  0.019957  -0.395435  2.022338  0.050679  1.000000  
104.776914 -0.000127  -0.006691  0.010842  0.660642  0.619003  0.424721  -0.743099  0.619541  0.252929  -0.106569  -0.482705  0.869275  -0.023020  -0.004240  0.020397  -0.388645  2.038507  0.049447  1.000000  
104.778164 -0.000157  -0.006696  0.010872  0.661728  0.619267  0.422640  -0.742471  0.619592  0.254641  -0.104174  -0.482301  0.869790  -0.023163  -0.004228  0.020836  -0.385661  2.052457  0.048908  1.000000  
104.779164 -0.000181  -0.006700  0.010894  0.662630  0.619427  0.420989  -0.741944  0.619600  0.256152  -0.102177  -0.482085  0.870146  -0.023282  -0.004241  0.021083  -0.378427  2.063340  0.046147  1.000000  
104.780414 -0.000212  -0.006705  0.010924  0.663690  0.619553  0.419129  -0.741286  0.619721  0.257759  -0.100048  -0.481767  0.870569  -0.023407  -0.004246  0.021473  -0.371499  2.070791  0.040925  1.000000  
104.781422 -0.000235  -0.006709  0.010948  0.664577  0.619720  0.417474  -0.740741  0.619813  0.259104  -0.098184  -0.481435  0.870965  -0.023448  -0.004198  0.021708  -0.368278  2.083803  0.037574  1.000000  
104.782668 -0.000265  -0.006714  0.010978  0.665631  0.619845  0.415606  -0.740074  0.619938  0.260705  -0.096053  -0.481112  0.871381  -0.023535  -0.004177  0.022023  -0.362206  2.083738  0.036075  1.000000  
104.783684 -0.000289  -0.006718  0.011002  0.666503  0.619918  0.414097  -0.739512  0.620049  0.262033  -0.094321  -0.480875  0.871701  -0.023610  -0.004099  0.022390  -0.354749  2.086124  0.028873  1.000000  
104.784921 -0.000318  -0.006723  0.011032  0.667566  0.620128  0.412064  -0.738854  0.620083  0.263802  -0.091924  -0.480560  0.872131  -0.023642  -0.004036  0.022831  -0.349018  2.095032  0.031773  1.000000  
104.786164 -0.000347  -0.006727  0.011064  0.668769  0.620117  0.410126  -0.738044  0.620263  0.265640  -0.089658  -0.480343  0.872486  -0.023656  -0.003943  0.023231  -0.338343  2.099111  0.024403  1.000000  
