1-Time 2-Px 3-Py 4-Pz 5-R11 6-R21 7-R31 8-R12 9-R22 10-R32 11-R13 12-R23 13-R33 14-Vx 15-Vy 16-Vz 17-Wx 18-Wy 19-Wz 20-state
34.810412 0.010962  0.004562  0.020764  0.976893  -0.112618  0.181649  -0.129668  0.363326  0.922594  -0.169899  -0.924830  0.340328  0.000533  -0.000776  -0.000646  0.000000  0.000000  0.000000  1.000000  
34.811510 0.010962  0.004562  0.020763  0.976893  -0.112618  0.181649  -0.129668  0.363326  0.922594  -0.169899  -0.924830  0.340328  0.000410  -0.000405  -0.000917  0.000000  0.000000  0.000000  1.000000  
34.812749 0.010957  0.004556  0.020751  0.976867  -0.112543  0.181839  -0.129869  0.363349  0.922557  -0.169899  -0.924830  0.340328  -0.002147  -0.003255  -0.006777  0.000000  0.000000  0.000000  1.000000  
34.813758 0.010951  0.004548  0.020733  0.976867  -0.112543  0.181839  -0.129869  0.363349  0.922557  -0.169899  -0.924830  0.340328  -0.003698  -0.004776  -0.010247  0.000000  0.000000  0.000000  1.000000  
34.815007 0.010947  0.004542  0.020718  0.976840  -0.112491  0.182016  -0.130070  0.363261  0.922564  -0.169899  -0.924872  0.340216  -0.003411  -0.004874  -0.010822  0.000000  0.000000  0.000000  1.000000  
34.816245 0.010947  0.004538  0.020707  0.976840  -0.112491  0.182016  -0.130070  0.363261  0.922564  -0.169899  -0.924872  0.340216  -0.002680  -0.004450  -0.010342  0.000000  0.000000  0.000000  1.000000  
34.817247 0.010945  0.004534  0.020699  0.976813  -0.112438  0.182192  -0.130271  0.363172  0.922570  -0.169899  -0.924913  0.340104  -0.002626  -0.004453  -0.010025  0.000000  0.000000  0.000000  1.000000  
34.818496 0.010938  0.004528  0.020686  0.976813  -0.112460  0.182178  -0.130271  0.363060  0.922614  -0.169899  -0.924954  0.339991  -0.003105  -0.004476  -0.010088  0.000000  0.000000  0.000000  1.000000  
34.819513 0.010931  0.004525  0.020676  0.976813  -0.112482  0.182165  -0.130271  0.362948  0.922658  -0.169899  -0.924995  0.339879  -0.003497  -0.004326  -0.010041  0.000000  0.000000  0.000000  1.000000  
34.820754 0.010926  0.004521  0.020665  0.976786  -0.112408  0.182355  -0.130472  0.362971  0.922621  -0.169899  -0.924995  0.339879  -0.003592  -0.004146  -0.009878  0.000000  0.000000  0.000000  1.000000  
34.822001 0.010923  0.004517  0.020655  0.976786  -0.112430  0.182341  -0.130472  0.362859  0.922665  -0.169899  -0.925037  0.339767  -0.003450  -0.004039  -0.009724  0.000000  0.000000  0.000000  1.000000  
34.823002 0.010920  0.004512  0.020644  0.976786  -0.112430  0.182341  -0.130472  0.362859  0.922665  -0.169899  -0.925037  0.339767  -0.003399  -0.004116  -0.009819  0.000000  0.000000  0.000000  1.000000  
34.824006 0.010915  0.004507  0.020630  0.976786  -0.112430  0.182341  -0.130472  0.362859  0.922665  -0.169899  -0.925037  0.339767  -0.003500  -0.004185  -0.010129  0.000000  0.000000  0.000000  1.000000  
34.825251 0.010906  0.004499  0.020609  0.976786  -0.112430  0.182341  -0.130472  0.362859  0.922665  -0.169899  -0.925037  0.339767  -0.003829  -0.004414  -0.010737  0.000000  0.000000  0.000000  1.000000  
34.826497 0.010895  0.004487  0.020582  0.976809  -0.112307  0.182296  -0.130475  0.362843  0.922671  -0.169767  -0.925058  0.339775  -0.004457  -0.005014  -0.012129  0.000000  0.000000  0.000000  1.000000  
34.827497 0.010888  0.004476  0.020560  0.976782  -0.112210  0.182499  -0.130676  0.362978  0.922589  -0.169767  -0.925017  0.339887  -0.004734  -0.005416  -0.012916  0.000000  0.000000  0.000000  1.000000  
34.828497 0.010881  0.004467  0.020541  0.976782  -0.112210  0.182499  -0.130676  0.362978  0.922589  -0.169767  -0.925017  0.339887  -0.004699  -0.005547  -0.013137  0.000000  0.000000  0.000000  1.000000  
34.829747 0.010873  0.004456  0.020523  0.976759  -0.112333  0.182544  -0.130673  0.362994  0.922583  -0.169899  -0.924995  0.339879  -0.004933  -0.005762  -0.013165  0.000000  0.000000  0.000000  1.000000  
34.830997 0.010864  0.004448  0.020508  0.976759  -0.112333  0.182544  -0.130673  0.362994  0.922583  -0.169899  -0.924995  0.339879  -0.005497  -0.006039  -0.013456  0.000000  0.000000  0.000000  1.000000  
34.832110 0.010857  0.004440  0.020494  0.976710  -0.112381  0.182779  -0.130871  0.363034  0.922540  -0.170031  -0.924974  0.339871  -0.005865  -0.006297  -0.013785  0.000000  0.000000  0.000000  1.000000  
34.833247 0.010850  0.004429  0.020471  0.976710  -0.112403  0.182766  -0.130871  0.362922  0.922584  -0.170031  -0.925015  0.339759  -0.005961  -0.006687  -0.014566  0.000000  0.000000  0.000000  1.000000  
34.834250 0.010846  0.004421  0.020451  0.976683  -0.112328  0.182956  -0.131072  0.362945  0.922546  -0.170031  -0.925015  0.339759  -0.005814  -0.006950  -0.015202  0.000000  0.000000  0.000000  1.000000  
34.835508 0.010844  0.004412  0.020423  0.976683  -0.112350  0.182942  -0.131072  0.362833  0.922590  -0.170031  -0.925056  0.339647  -0.005556  -0.007338  -0.016282  0.000000  0.000000  0.000000  1.000000  
34.836511 0.010842  0.004404  0.020399  0.976633  -0.112398  0.183177  -0.131270  0.362873  0.922546  -0.170163  -0.925035  0.339639  -0.005559  -0.007737  -0.017482  0.000000  0.000000  0.000000  1.000000  
34.837755 0.010838  0.004392  0.020368  0.976606  -0.112324  0.183367  -0.131471  0.362896  0.922508  -0.170163  -0.925035  0.339639  -0.005535  -0.008166  -0.018703  0.000000  0.000000  0.000000  1.000000  
34.838756 0.010835  0.004381  0.020342  0.976579  -0.112249  0.183557  -0.131672  0.362919  0.922471  -0.170163  -0.925035  0.339639  -0.005475  -0.008528  -0.019503  0.000000  0.000000  0.000000  1.000000  
34.840006 0.010828  0.004365  0.020310  0.976552  -0.112174  0.183747  -0.131874  0.362942  0.922433  -0.170163  -0.925035  0.339639  -0.005293  -0.009054  -0.020212  0.000000  0.000000  0.000000  1.000000  
34.841254 0.010823  0.004350  0.020282  0.976525  -0.112099  0.183937  -0.132075  0.362965  0.922395  -0.170163  -0.925035  0.339639  -0.004920  -0.009282  -0.020313  0.000000  0.000000  0.000000  1.000000  
34.842498 0.010818  0.004336  0.020259  0.976470  -0.111950  0.184317  -0.132477  0.363011  0.922319  -0.170163  -0.925035  0.339639  -0.004605  -0.009264  -0.020023  0.000000  0.000000  0.000000  1.000000  
34.843747 0.010813  0.004325  0.020241  0.976416  -0.111801  0.184696  -0.132879  0.363057  0.922243  -0.170163  -0.925035  0.339639  -0.004476  -0.009290  -0.019727  0.000000  0.000000  0.000000  1.000000  
34.844997 0.010807  0.004316  0.020223  0.976361  -0.111629  0.185089  -0.133281  0.363215  0.922123  -0.170163  -0.924994  0.339751  -0.004308  -0.009263  -0.019840  0.000000  0.000000  0.000000  1.000000  
34.845997 0.010802  0.004308  0.020204  0.976334  -0.111531  0.185293  -0.133482  0.363350  0.922041  -0.170163  -0.924953  0.339863  -0.004154  -0.009319  -0.020389  0.000000  0.000000  0.000000  1.000000  
34.847247 0.010797  0.004298  0.020175  0.976228  -0.111407  0.185921  -0.134082  0.363548  0.921876  -0.170294  -0.924890  0.339968  -0.003867  -0.009346  -0.021110  0.000000  0.000000  0.000000  1.000000  
34.848247 0.010796  0.004292  0.020150  0.976173  -0.111235  0.186314  -0.134484  0.363705  0.921755  -0.170294  -0.924849  0.340080  -0.003563  -0.009189  -0.021464  0.000000  0.000000  0.000000  1.000000  
34.849253 0.010795  0.004286  0.020125  0.976118  -0.111062  0.186707  -0.134885  0.363863  0.921634  -0.170294  -0.924808  0.340192  -0.003415  -0.009010  -0.021732  0.000000  0.000000  0.000000  1.000000  
34.850499 0.010791  0.004279  0.020094  0.976034  -0.110815  0.187290  -0.135488  0.364043  0.921475  -0.170294  -0.924766  0.340304  -0.003496  -0.008872  -0.021945  -0.046545  -0.169720  0.048146  1.000000  
34.851747 0.010785  0.004269  0.020063  0.975956  -0.110765  0.187727  -0.135887  0.364217  0.921347  -0.170426  -0.924704  0.340409  -0.003816  -0.008875  -0.021989  -0.055793  -0.177538  0.046274  1.000000  
34.852752 0.010778  0.004258  0.020039  0.975900  -0.110592  0.188120  -0.136289  0.364375  0.921225  -0.170426  -0.924662  0.340521  -0.004061  -0.008888  -0.021958  -0.062688  -0.191806  0.051376  1.000000  
34.853752 0.010771  0.004248  0.020015  0.975844  -0.110419  0.188513  -0.136691  0.364532  0.921104  -0.170426  -0.924621  0.340633  -0.004274  -0.008870  -0.021758  -0.068579  -0.203000  0.055656  1.000000  
34.854764 0.010765  0.004238  0.019994  0.975759  -0.110171  0.189095  -0.137293  0.364712  0.920943  -0.170426  -0.924580  0.340745  -0.004298  -0.008599  -0.021415  -0.076131  -0.222053  0.062679  1.000000  
34.856009 0.010757  0.004226  0.019967  0.975674  -0.109923  0.189677  -0.137896  0.364892  0.920782  -0.170426  -0.924538  0.340857  -0.004445  -0.008394  -0.021322  -0.084309  -0.242904  0.070225  1.000000  
34.857245 0.010749  0.004215  0.019937  0.975589  -0.109697  0.190246  -0.138498  0.364959  0.920664  -0.170426  -0.924538  0.340857  -0.004635  -0.008264  -0.021732  -0.081917  -0.255217  0.070171  1.000000  
34.858252 0.010743  0.004205  0.019910  0.975537  -0.109721  0.190494  -0.138696  0.365111  0.920574  -0.170558  -0.924476  0.340962  -0.004767  -0.008289  -0.022676  -0.087858  -0.265249  0.068895  1.000000  
34.859497 0.010737  0.004194  0.019874  0.975452  -0.109473  0.191076  -0.139299  0.365290  0.920412  -0.170558  -0.924434  0.341074  -0.004798  -0.008341  -0.023953  -0.095502  -0.282928  0.080210  1.000000  
34.860747 0.010732  0.004185  0.019835  0.975394  -0.109299  0.191468  -0.139700  0.365447  0.920289  -0.170558  -0.924393  0.341186  -0.004749  -0.008375  -0.024941  -0.101935  -0.295719  0.084940  1.000000  
34.861747 0.010728  0.004178  0.019804  0.975365  -0.109177  0.191684  -0.139901  0.365693  0.920161  -0.170558  -0.924310  0.341410  -0.004742  -0.008345  -0.025518  -0.110373  -0.298079  0.090799  1.000000  
34.862997 0.010723  0.004168  0.019764  0.975308  -0.109003  0.192076  -0.140303  0.365849  0.920038  -0.170558  -0.924269  0.341522  -0.004873  -0.008334  -0.026118  -0.120622  -0.306952  0.093910  1.000000  
34.864003 0.010716  0.004160  0.019735  0.975285  -0.109079  0.192148  -0.140299  0.366090  0.919942  -0.170690  -0.924164  0.341738  -0.005327  -0.008558  -0.026400  -0.127606  -0.302064  0.087360  1.000000  
34.865086 0.010708  0.004151  0.019708  0.975227  -0.108882  0.192553  -0.140701  0.366358  0.919774  -0.170690  -0.924081  0.341963  -0.005684  -0.008705  -0.026431  -0.137709  -0.313917  0.091841  1.000000  
34.866247 0.010697  0.004139  0.019676  0.975176  -0.108859  0.192827  -0.140898  0.366733  0.919595  -0.170822  -0.923936  0.342291  -0.006035  -0.008964  -0.026704  -0.154392  -0.318635  0.093746  1.000000  
34.867247 0.010687  0.004129  0.019650  0.975124  -0.108859  0.193088  -0.141096  0.366996  0.919460  -0.170954  -0.923831  0.342507  -0.006272  -0.009001  -0.026671  -0.162503  -0.320165  0.089598  1.000000  
34.868497 0.010676  0.004116  0.019615  0.975101  -0.108911  0.193173  -0.141093  0.367348  0.919319  -0.171085  -0.923685  0.342835  -0.006470  -0.008941  -0.027088  -0.172311  -0.308996  0.080785  1.000000  
34.869510 0.010667  0.004107  0.019585  0.975101  -0.108864  0.193199  -0.141093  0.367571  0.919230  -0.171085  -0.923602  0.343059  -0.006589  -0.008824  -0.027635  -0.180657  -0.305056  0.079106  1.000000  
34.870774 0.010658  0.004097  0.019545  0.975050  -0.108840  0.193474  -0.141290  0.367946  0.919050  -0.171217  -0.923455  0.343387  -0.006708  -0.008762  -0.028612  -0.192779  -0.306393  0.074893  1.000000  
34.872009 0.010650  0.004086  0.019502  0.974998  -0.108816  0.193748  -0.141488  0.368320  0.918870  -0.171349  -0.923309  0.343715  -0.006740  -0.008741  -0.029518  -0.205132  -0.308102  0.070771  1.000000  
34.873252 0.010641  0.004074  0.019457  0.974998  -0.108746  0.193788  -0.141488  0.368655  0.918736  -0.171349  -0.923184  0.344051  -0.006815  -0.008691  -0.030237  -0.215044  -0.295370  0.066113  1.000000  
34.874497 0.010633  0.004064  0.019412  0.974975  -0.108797  0.193873  -0.141484  0.369007  0.918595  -0.171481  -0.923037  0.344379  -0.006949  -0.008687  -0.030807  -0.220887  -0.284169  0.057242  1.000000  
34.875755 0.010626  0.004053  0.019369  0.974923  -0.108773  0.194147  -0.141682  0.369381  0.918414  -0.171613  -0.922890  0.344707  -0.007125  -0.008767  -0.031051  -0.227817  -0.279246  0.050710  1.000000  
34.876996 0.010618  0.004042  0.019330  0.974923  -0.108679  0.194200  -0.141682  0.369827  0.918234  -0.171613  -0.922723  0.345155  -0.007329  -0.008898  -0.031055  -0.235786  -0.262751  0.049865  1.000000  
34.877997 0.010610  0.004032  0.019298  0.974871  -0.108654  0.194474  -0.141879  0.370201  0.918053  -0.171745  -0.922576  0.345483  -0.007497  -0.009104  -0.031076  -0.242765  -0.258000  0.043402  1.000000  
34.878997 0.010602  0.004021  0.019268  0.974849  -0.108705  0.194559  -0.141876  0.370553  0.917912  -0.171876  -0.922428  0.345810  -0.007635  -0.009292  -0.031209  -0.248472  -0.246812  0.034567  1.000000  
34.880004 0.010592  0.004009  0.019235  0.974819  -0.108558  0.194788  -0.142076  0.370909  0.917737  -0.171876  -0.922302  0.346146  -0.007777  -0.009558  -0.031685  -0.256283  -0.236037  0.030160  1.000000  
34.881246 0.010582  0.003995  0.019193  0.974767  -0.108509  0.195075  -0.142274  0.371394  0.917510  -0.172008  -0.922113  0.346585  -0.007672  -0.009570  -0.032140  -0.265198  -0.227778  0.027628  1.000000  
34.882247 0.010575  0.003984  0.019159  0.974715  -0.108460  0.195363  -0.142471  0.371880  0.917283  -0.172140  -0.921923  0.347024  -0.007455  -0.009613  -0.032785  -0.276189  -0.223005  0.021159  1.000000  
34.883499 0.010567  0.003973  0.019114  0.974640  -0.108509  0.195709  -0.142665  0.372494  0.917003  -0.172404  -0.921669  0.347567  -0.007223  -0.009604  -0.033457  -0.290049  -0.213444  0.008156  1.000000  
34.884747 0.010559  0.003962  0.019069  0.974588  -0.108412  0.196023  -0.142862  0.373201  0.916685  -0.172535  -0.921394  0.348230  -0.007067  -0.009540  -0.033924  -0.308068  -0.202421  -0.000662  1.000000  
34.885756 0.010553  0.003955  0.019033  0.974506  -0.108237  0.196525  -0.143260  0.373931  0.916325  -0.172667  -0.921119  0.348892  -0.007011  -0.009481  -0.034199  -0.329715  -0.199206  -0.007181  1.000000  
34.887000 0.010546  0.003945  0.018991  0.974454  -0.108139  0.196839  -0.143458  0.374638  0.916006  -0.172799  -0.920843  0.349554  -0.006941  -0.009408  -0.034079  -0.350045  -0.192767  -0.013596  1.000000  
34.888005 0.010540  0.003937  0.018960  0.974372  -0.107963  0.197341  -0.143855  0.375367  0.915645  -0.172931  -0.920567  0.350216  -0.006862  -0.009284  -0.033663  -0.373343  -0.194361  -0.013628  1.000000  
34.889249 0.010533  0.003928  0.018924  0.974267  -0.107884  0.197902  -0.144250  0.376225  0.915231  -0.173194  -0.920226  0.350981  -0.006802  -0.009208  -0.033071  -0.396659  -0.191151  -0.024351  1.000000  
34.890497 0.010526  0.003919  0.018889  0.974132  -0.107726  0.198652  -0.144845  0.377104  0.914774  -0.173458  -0.919884  0.351746  -0.006719  -0.009088  -0.032599  -0.422360  -0.200717  -0.030284  1.000000  
34.891757 0.010518  0.003906  0.018852  0.974049  -0.107500  0.199180  -0.145242  0.378054  0.914319  -0.173590  -0.919521  0.352630  -0.006776  -0.009212  -0.032405  -0.446652  -0.202235  -0.034358  1.000000  
34.892851 0.010512  0.003896  0.018819  0.973913  -0.107364  0.199916  -0.145837  0.378822  0.913907  -0.173853  -0.919221  0.353282  -0.006604  -0.009149  -0.032241  -0.467986  -0.217495  -0.037764  1.000000  
34.893996 0.010506  0.003883  0.018779  0.973777  -0.107154  0.200691  -0.146432  0.379922  0.913355  -0.174117  -0.918791  0.354269  -0.006410  -0.009192  -0.032600  -0.497719  -0.237060  -0.034454  1.000000  
34.895246 0.010500  0.003870  0.018735  0.973663  -0.106821  0.201418  -0.147029  0.381004  0.912808  -0.174248  -0.918382  0.355263  -0.005922  -0.009020  -0.032783  -0.527523  -0.245417  -0.032154  1.000000  
34.896496 0.010497  0.003857  0.018690  0.973526  -0.106584  0.202206  -0.147624  0.382213  0.912206  -0.174512  -0.917907  0.356360  -0.005510  -0.008972  -0.032938  -0.557853  -0.259186  -0.035255  1.000000  
34.897496 0.010494  0.003847  0.018655  0.973388  -0.106418  0.202954  -0.148218  0.383090  0.911742  -0.174775  -0.917560  0.357122  -0.005307  -0.009077  -0.033089  -0.581314  -0.275731  -0.034759  1.000000  
34.898747 0.010491  0.003835  0.018611  0.973250  -0.106177  0.203740  -0.148812  0.384298  0.911137  -0.175039  -0.917083  0.358218  -0.004963  -0.009046  -0.032917  -0.612724  -0.294130  -0.031239  1.000000  
34.899997 0.010488  0.003824  0.018569  0.973081  -0.105830  0.204726  -0.149606  0.385638  0.910440  -0.175302  -0.916561  0.359424  -0.004615  -0.009119  -0.032584  -0.648476  -0.314580  -0.027914  1.000000  
34.901245 0.010485  0.003812  0.018530  0.972888  -0.105602  0.205760  -0.150397  0.386995  0.909734  -0.175697  -0.916015  0.360621  -0.004325  -0.009176  -0.032314  -0.685638  -0.344628  -0.030482  1.000000  
34.902250 0.010482  0.003803  0.018500  0.972725  -0.105475  0.206593  -0.150987  0.388220  0.909114  -0.176093  -0.915511  0.361706  -0.004093  -0.009360  -0.032184  -0.716306  -0.360402  -0.033697  1.000000  
34.903500 0.010480  0.003790  0.018461  0.972585  -0.105201  0.207390  -0.151580  0.389535  0.908452  -0.176356  -0.914984  0.362910  -0.003818  -0.009626  -0.032350  -0.758652  -0.384162  -0.030535  1.000000  
34.904748 0.010477  0.003778  0.018420  0.972421  -0.104995  0.208261  -0.152170  0.391089  0.907686  -0.176751  -0.914344  0.364326  -0.003605  -0.009809  -0.032692  -0.803100  -0.408108  -0.035396  1.000000  
34.905749 0.010474  0.003766  0.018385  0.972280  -0.104742  0.209045  -0.152763  0.392292  0.907067  -0.177015  -0.913858  0.365417  -0.003381  -0.010033  -0.033118  -0.831318  -0.418985  -0.034101  1.000000  
34.906997 0.010470  0.003751  0.018339  0.972116  -0.104505  0.209928  -0.153353  0.393953  0.906247  -0.177410  -0.913170  0.366942  -0.003128  -0.010213  -0.033689  -0.881514  -0.438446  -0.037388  1.000000  
34.907997 0.010467  0.003739  0.018302  0.971982  -0.104424  0.210586  -0.153742  0.395262  0.905611  -0.177805  -0.912614  0.368133  -0.002851  -0.010330  -0.034028  -0.916475  -0.455980  -0.044650  1.000000  
34.909245 0.010465  0.003724  0.018256  0.971816  -0.104209  0.211456  -0.154331  0.396811  0.904833  -0.178200  -0.911966  0.369545  -0.002572  -0.010395  -0.034245  -0.955810  -0.472027  -0.047621  1.000000  
34.910245 0.010464  0.003712  0.018222  0.971706  -0.103978  0.212078  -0.154723  0.398209  0.904152  -0.178463  -0.911383  0.370854  -0.002422  -0.010518  -0.034213  -0.990928  -0.486384  -0.046392  1.000000  
34.911495 0.010462  0.003698  0.018177  0.971547  -0.103908  0.212835  -0.155108  0.399973  0.903307  -0.178989  -0.910618  0.372476  -0.002282  -0.010652  -0.034199  -1.032501  -0.493518  -0.055474  1.000000  
34.912495 0.010461  0.003687  0.018143  0.971412  -0.103820  0.213494  -0.155497  0.401278  0.902661  -0.179384  -0.910053  0.373663  -0.002212  -0.010655  -0.034123  -1.062881  -0.503460  -0.060903  1.000000  
34.913745 0.010458  0.003672  0.018099  0.971277  -0.103600  0.214215  -0.155886  0.403130  0.901768  -0.179779  -0.909260  0.375401  -0.002181  -0.010874  -0.034139  -1.103900  -0.512733  -0.066012  1.000000  
34.914746 0.010457  0.003661  0.018064  0.971141  -0.103429  0.214911  -0.156274  0.404761  0.900970  -0.180174  -0.908554  0.376917  -0.002094  -0.011044  -0.034263  -1.145689  -0.522365  -0.071266  1.000000  
34.915998 0.010455  0.003645  0.018018  0.971006  -0.103178  0.215644  -0.156662  0.406718  0.900021  -0.180569  -0.907708  0.378761  -0.002007  -0.011320  -0.034757  -1.186399  -0.525816  -0.078813  1.000000  
34.917246 0.010453  0.003629  0.017968  0.970869  -0.102951  0.216365  -0.157051  0.408565  0.899116  -0.180964  -0.906905  0.380494  -0.001922  -0.011576  -0.035491  -1.222741  -0.529142  -0.086360  1.000000  
34.918247 0.010451  0.003615  0.017926  0.970733  -0.102747  0.217073  -0.157439  0.410300  0.898258  -0.181358  -0.906144  0.382116  -0.001992  -0.011889  -0.036256  -1.264553  -0.538835  -0.091495  1.000000  
34.919250 0.010448  0.003601  0.017882  0.970620  -0.102448  0.217718  -0.157831  0.411906  0.897454  -0.181622  -0.905449  0.383635  -0.002018  -0.012161  -0.037042  -1.302389  -0.537046  -0.094107  1.000000  
34.920251 0.010445  0.003587  0.017838  0.970515  -0.102325  0.218242  -0.158019  0.413618  0.896633  -0.182016  -0.904682  0.385253  -0.001993  -0.012314  -0.037625  -1.337963  -0.532496  -0.100151  1.000000  
34.921499 0.010441  0.003569  0.017784  0.970354  -0.102154  0.219038  -0.158402  0.415694  0.895604  -0.182542  -0.903749  0.387189  -0.001988  -0.012516  -0.038197  -1.379432  -0.537918  -0.111868  1.000000  
34.922500 0.010438  0.003555  0.017743  0.970216  -0.101915  0.219758  -0.158790  0.417532  0.894680  -0.182937  -0.902929  0.388913  -0.002032  -0.012664  -0.038513  -1.423645  -0.535129  -0.118272  1.000000  
34.923748 0.010434  0.003539  0.017693  0.970054  -0.101685  0.220579  -0.159174  0.419821  0.893540  -0.183463  -0.901893  0.391063  -0.002102  -0.012727  -0.038775  -1.462442  -0.530539  -0.127836  1.000000  
34.925011 0.010431  0.003523  0.017644  0.969891  -0.101425  0.221413  -0.159557  0.422215  0.892343  -0.183989  -0.900804  0.393320  -0.002242  -0.012835  -0.039096  -1.509582  -0.529345  -0.141885  1.000000  
34.926248 0.010427  0.003508  0.017596  0.969761  -0.101221  0.222075  -0.159741  0.424694  0.891133  -0.184515  -0.899661  0.395683  -0.002410  -0.012878  -0.039418  -1.556874  -0.520690  -0.154451  1.000000  
34.927497 0.010423  0.003493  0.017546  0.969565  -0.100866  0.223092  -0.160324  0.427103  0.889876  -0.185041  -0.898559  0.397933  -0.002451  -0.012904  -0.039851  -1.604687  -0.518103  -0.164432  1.000000  
34.928497 0.010422  0.003481  0.017505  0.969458  -0.100646  0.223653  -0.160511  0.429125  0.888869  -0.185436  -0.897620  0.399864  -0.002445  -0.012913  -0.040256  -1.644551  -0.513858  -0.170420  1.000000  
34.929747 0.010420  0.003467  0.017452  0.969286  -0.100110  0.224640  -0.161098  0.431723  0.887503  -0.185830  -0.896433  0.402336  -0.002529  -0.013004  -0.040972  -1.692370  -0.509657  -0.176155  1.000000  
34.930749 0.010417  0.003455  0.017409  0.969121  -0.099913  0.225437  -0.161480  0.433780  0.886431  -0.186356  -0.895462  0.404251  -0.002586  -0.012910  -0.041227  -1.727855  -0.505351  -0.182111  1.000000  
34.931749 0.010415  0.003443  0.017366  0.968981  -0.099568  0.226192  -0.161867  0.435922  0.885309  -0.186750  -0.894460  0.406283  -0.002640  -0.012855  -0.041482  -1.767364  -0.501092  -0.188046  1.000000  
34.932997 0.010411  0.003427  0.017313  0.968815  -0.099200  0.227061  -0.162249  0.438617  0.883906  -0.187276  -0.893182  0.408843  -0.002682  -0.012752  -0.041532  -1.812673  -0.494693  -0.196402  1.000000  
34.933997 0.010408  0.003415  0.017271  0.968641  -0.098730  0.228009  -0.162835  0.440880  0.882672  -0.187670  -0.892120  0.410978  -0.002731  -0.012729  -0.041497  -1.854887  -0.503101  -0.196996  1.000000  
34.934997 0.010405  0.003403  0.017231  0.968441  -0.098345  0.229022  -0.163417  0.443267  0.881368  -0.188196  -0.890979  0.413206  -0.002680  -0.012507  -0.041175  -1.902771  -0.509352  -0.201696  1.000000  
34.936014 0.010404  0.003391  0.017191  0.968274  -0.098076  0.229841  -0.163799  0.445523  0.880159  -0.188722  -0.889882  0.415324  -0.002562  -0.012268  -0.040855  -1.941188  -0.506702  -0.211606  1.000000  
34.937252 0.010402  0.003377  0.017142  0.968014  -0.097539  0.231161  -0.164575  0.448583  0.878458  -0.189379  -0.888403  0.418182  -0.002458  -0.012057  -0.040724  -1.996315  -0.517201  -0.215959  1.000000  
34.938503 0.010400  0.003364  0.017093  0.967778  -0.096934  0.232400  -0.165355  0.451404  0.876865  -0.189904  -0.887039  0.420831  -0.002358  -0.011893  -0.040676  -2.042592  -0.523895  -0.212013  1.000000  
34.939751 0.010399  0.003351  0.017042  0.967516  -0.096410  0.233704  -0.166130  0.454347  0.875197  -0.190561  -0.885592  0.423571  -0.002169  -0.011640  -0.040849  -2.094365  -0.540477  -0.213498  1.000000  
34.941006 0.010400  0.003339  0.016991  0.967228  -0.095939  0.235087  -0.166901  0.457516  0.873398  -0.191349  -0.884011  0.426510  -0.001838  -0.011433  -0.040996  -2.148542  -0.552606  -0.221634  1.000000  
34.942248 0.010402  0.003327  0.016938  0.966964  -0.095314  0.236424  -0.167675  0.460764  0.871540  -0.192006  -0.882390  0.429561  -0.001465  -0.011224  -0.041180  -2.213058  -0.567536  -0.218812  1.000000  
34.943497 0.010403  0.003315  0.016886  0.966664  -0.094613  0.237927  -0.168648  0.463920  0.869676  -0.192662  -0.880810  0.432498  -0.001236  -0.011116  -0.041223  -2.266168  -0.590403  -0.217132  1.000000  
34.944497 0.010405  0.003304  0.016846  0.966458  -0.094096  0.238967  -0.169228  0.466589  0.868134  -0.193187  -0.879455  0.435015  -0.001003  -0.011029  -0.041075  -2.308452  -0.598924  -0.217074  1.000000  
34.945747 0.010405  0.003292  0.016797  0.966181  -0.093263  0.240408  -0.170204  0.469712  0.866257  -0.193712  -0.877880  0.437953  -0.000802  -0.010902  -0.040828  -2.357551  -0.619943  -0.211077  1.000000  
34.946747 0.010406  0.003281  0.016759  0.965938  -0.092636  0.241623  -0.170982  0.472390  0.864646  -0.194237  -0.876508  0.440460  -0.000580  -0.010798  -0.040456  -2.405079  -0.634579  -0.208095  1.000000  
34.947999 0.010408  0.003268  0.016714  0.965669  -0.091941  0.242961  -0.171754  0.475711  0.862670  -0.194893  -0.874783  0.443588  -0.000124  -0.010584  -0.039848  -2.456773  -0.651237  -0.208704  1.000000  
34.949048 0.010409  0.003257  0.016679  0.965425  -0.091240  0.244194  -0.172531  0.478586  0.860923  -0.195418  -0.873287  0.446297  0.000119  -0.010400  -0.039371  -2.504712  -0.666826  -0.209228  1.000000  
34.950247 0.010411  0.003245  0.016634  0.965153  -0.090498  0.245539  -0.173303  0.481997  0.858862  -0.196074  -0.871486  0.449518  0.000456  -0.010256  -0.039142  -2.557048  -0.685064  -0.205496  1.000000  
34.951247 0.010414  0.003236  0.016598  0.964907  -0.089782  0.246767  -0.174079  0.484860  0.857092  -0.196599  -0.869971  0.452215  0.000720  -0.010161  -0.038979  -2.604229  -0.699591  -0.202070  1.000000  
34.952252 0.010416  0.003226  0.016559  0.964670  -0.089304  0.247866  -0.174651  0.487615  0.855411  -0.197255  -0.868479  0.454790  0.001044  -0.010043  -0.038876  -2.651770  -0.713905  -0.203017  1.000000  
34.953266 0.010419  0.003217  0.016521  0.964421  -0.088605  0.249079  -0.175427  0.490363  0.853680  -0.197780  -0.867003  0.457373  0.001337  -0.009936  -0.038737  -2.691243  -0.734303  -0.196404  1.000000  
34.954513 0.010423  0.003204  0.016471  0.964146  -0.087801  0.250426  -0.176197  0.493849  0.851509  -0.198435  -0.865104  0.460672  0.001635  -0.009969  -0.038675  -2.743176  -0.747088  -0.188212  1.000000  
34.955753 0.010427  0.003192  0.016422  0.963870  -0.086925  0.251791  -0.176967  0.497532  0.849203  -0.199091  -0.863080  0.464173  0.001849  -0.009990  -0.038581  -2.796209  -0.764143  -0.187913  1.000000  
34.957002 0.010431  0.003178  0.016372  0.963530  -0.086081  0.253378  -0.177930  0.501141  0.846876  -0.199878  -0.861074  0.467548  0.001958  -0.010091  -0.038357  -2.845516  -0.786977  -0.184488  1.000000  
34.958251 0.010432  0.003163  0.016324  0.963251  -0.085216  0.254726  -0.178699  0.504701  0.844597  -0.200533  -0.859078  0.470926  0.001938  -0.010260  -0.038128  -2.893447  -0.801710  -0.179896  1.000000  
34.959497 0.010434  0.003147  0.016276  0.963009  -0.084445  0.255897  -0.179269  0.508235  0.842354  -0.201189  -0.857069  0.474296  0.001968  -0.010480  -0.037899  -2.934926  -0.806389  -0.185274  1.000000  
34.960750 0.010433  0.003131  0.016229  0.962702  -0.083643  0.257312  -0.180033  0.511899  0.839969  -0.201975  -0.854964  0.477748  0.001865  -0.010696  -0.037866  -2.982360  -0.822992  -0.184410  1.000000  
34.961997 0.010434  0.003114  0.016181  0.962420  -0.082686  0.258671  -0.180800  0.515633  0.837516  -0.202630  -0.852810  0.481306  0.001869  -0.010960  -0.037971  -3.030402  -0.834158  -0.182395  1.000000  
34.963247 0.010435  0.003097  0.016132  0.962137  -0.081718  0.260026  -0.181568  0.519357  0.835046  -0.203285  -0.850641  0.484855  0.001807  -0.011221  -0.038292  -3.076372  -0.838513  -0.176441  1.000000  
34.964250 0.010434  0.003083  0.016091  0.961918  -0.080990  0.261064  -0.182141  0.522223  0.833131  -0.203809  -0.848954  0.487584  0.001651  -0.011518  -0.038657  -3.101906  -0.846907  -0.174874  1.000000  
34.965254 0.010434  0.003068  0.016049  0.961698  -0.080256  0.262099  -0.182715  0.525083  0.831206  -0.204333  -0.847258  0.490307  0.001499  -0.011885  -0.039053  -3.132054  -0.847683  -0.172562  1.000000  
34.966499 0.010435  0.003052  0.015997  0.961424  -0.079451  0.263348  -0.183278  0.528883  0.828668  -0.205119  -0.844967  0.493919  0.001313  -0.012154  -0.039484  -3.166429  -0.845119  -0.176129  1.000000  
34.967749 0.010434  0.003033  0.015945  0.961175  -0.078525  0.264530  -0.183846  0.532651  0.826125  -0.205774  -0.842684  0.497535  0.001112  -0.012545  -0.039717  -3.207598  -0.845781  -0.173009  1.000000  
34.968764 0.010433  0.003018  0.015904  0.960953  -0.077705  0.265576  -0.184419  0.535686  0.824033  -0.206297  -0.840834  0.500439  0.000750  -0.012946  -0.039839  -3.243719  -0.846881  -0.174738  1.000000  
34.970006 0.010431  0.003000  0.015854  0.960703  -0.076827  0.266733  -0.184986  0.539234  0.821588  -0.206952  -0.838645  0.503832  0.000359  -0.013337  -0.039866  -3.276326  -0.841709  -0.174967  1.000000  
34.971006 0.010428  0.002984  0.015814  0.960480  -0.076091  0.267747  -0.185559  0.541954  0.819667  -0.207475  -0.836957  0.506417  -0.000048  -0.013774  -0.039853  -3.291562  -0.834018  -0.171831  1.000000  
34.972256 0.010424  0.002962  0.015764  0.960229  -0.075100  0.268925  -0.186125  0.545779  0.816996  -0.208130  -0.834557  0.510095  -0.000484  -0.014239  -0.039893  -3.322689  -0.828546  -0.171766  1.000000  
34.973501 0.010420  0.002940  0.015713  0.959938  -0.073986  0.270268  -0.186889  0.549608  0.814250  -0.208784  -0.832140  0.513762  -0.000863  -0.014709  -0.040094  -3.356818  -0.829427  -0.168547  1.000000  
34.974503 0.010417  0.002922  0.015671  0.959685  -0.073140  0.271394  -0.187455  0.552915  0.811878  -0.209438  -0.830021  0.516914  -0.001120  -0.015095  -0.040382  -3.387620  -0.826003  -0.172960  1.000000  
34.975746 0.010413  0.002898  0.015617  0.959365  -0.072148  0.272787  -0.188213  0.556642  0.809151  -0.210223  -0.827613  0.520444  -0.001382  -0.015534  -0.040786  -3.417318  -0.826451  -0.180393  1.000000  
34.976747 0.010410  0.002879  0.015573  0.959138  -0.071243  0.273821  -0.188784  0.559712  0.806897  -0.210746  -0.825619  0.523392  -0.001674  -0.015912  -0.041182  -3.443308  -0.819894  -0.181671  1.000000  
34.977755 0.010406  0.002859  0.015528  0.958883  -0.070439  0.274921  -0.189349  0.562795  0.804617  -0.211400  -0.823590  0.526317  -0.001939  -0.016352  -0.041585  -3.467699  -0.822549  -0.182908  1.000000  
34.978997 0.010403  0.002835  0.015472  0.958549  -0.069160  0.276407  -0.190308  0.566578  0.801731  -0.212054  -0.821101  0.529931  -0.002077  -0.016750  -0.041960  -3.491625  -0.825933  -0.179154  1.000000  
34.979999 0.010400  0.002815  0.015428  0.958292  -0.068373  0.277492  -0.190872  0.569544  0.799492  -0.212708  -0.819112  0.532739  -0.002294  -0.017181  -0.042132  -3.505624  -0.826122  -0.180764  1.000000  
34.981247 0.010397  0.002789  0.015375  0.957994  -0.067225  0.278796  -0.191634  0.573192  0.796698  -0.213362  -0.816659  0.536232  -0.002527  -0.017776  -0.042123  -3.517480  -0.822167  -0.180080  1.000000  
34.982247 0.010395  0.002768  0.015334  0.957696  -0.066304  0.280039  -0.192394  0.576152  0.794376  -0.214015  -0.814649  0.539023  -0.002706  -0.018238  -0.042106  -3.536017  -0.828594  -0.174041  1.000000  
34.983499 0.010391  0.002741  0.015282  0.957357  -0.064914  0.281520  -0.193352  0.580078  0.791280  -0.214669  -0.811970  0.542791  -0.002887  -0.018787  -0.042166  -3.569793  -0.834933  -0.167107  1.000000  
34.984746 0.010387  0.002714  0.015232  0.956988  -0.063651  0.283058  -0.194303  0.583913  0.788221  -0.215453  -0.809317  0.546431  -0.002979  -0.019335  -0.042096  -3.591047  -0.838002  -0.167411  1.000000  
34.985754 0.010384  0.002691  0.015190  0.956675  -0.062440  0.284385  -0.195264  0.586928  0.785740  -0.215975  -0.807228  0.549307  -0.003019  -0.019856  -0.042268  -3.609796  -0.848826  -0.158222  1.000000  
34.986758 0.010380  0.002668  0.015148  0.956400  -0.061376  0.285537  -0.196029  0.589826  0.783376  -0.216498  -0.805195  0.552078  -0.003057  -0.020258  -0.042413  -3.617852  -0.846827  -0.151524  1.000000  
34.988002 0.010376  0.002638  0.015095  0.955946  -0.059905  0.287364  -0.197372  0.593457  0.780290  -0.217281  -0.802633  0.555490  -0.003000  -0.020769  -0.042581  -3.635504  -0.867161  -0.141209  1.000000  
34.989249 0.010374  0.002609  0.015042  0.955559  -0.058366  0.288964  -0.198523  0.597228  0.777115  -0.217934  -0.799945  0.559100  -0.002913  -0.021160  -0.042659  -3.660552  -0.884887  -0.126771  1.000000  
34.990497 0.010371  0.002579  0.014989  0.955101  -0.056723  0.290801  -0.199864  0.601204  0.773698  -0.218718  -0.797080  0.562873  -0.002842  -0.021546  -0.042575  -3.689172  -0.903113  -0.111689  1.000000  
34.991497 0.010368  0.002556  0.014948  0.954738  -0.055300  0.292262  -0.201019  0.604265  0.771009  -0.219240  -0.794862  0.565799  -0.002807  -0.021886  -0.042377  -3.707171  -0.920069  -0.097974  1.000000  
34.992747 0.010365  0.002524  0.014897  0.954275  -0.053698  0.294067  -0.202358  0.608021  0.767699  -0.220023  -0.792103  0.569353  -0.002734  -0.022344  -0.042081  -3.724293  -0.939912  -0.086790  1.000000  
34.993747 0.010363  0.002500  0.014858  0.953951  -0.052412  0.295348  -0.203316  0.610953  0.765114  -0.220545  -0.789930  0.572163  -0.002681  -0.022669  -0.041621  -3.738700  -0.951695  -0.076117  1.000000  
34.994750 0.010361  0.002476  0.014819  0.953555  -0.051094  0.296855  -0.204463  0.613907  0.762439  -0.221198  -0.787723  0.574946  -0.002655  -0.023011  -0.041280  -3.751411  -0.971131  -0.065583  1.000000  
34.996000 0.010359  0.002443  0.014771  0.953114  -0.049385  0.298554  -0.205806  0.617504  0.759166  -0.221850  -0.785016  0.578388  -0.002626  -0.023483  -0.040982  -3.767150  -0.991371  -0.042843  1.000000  
34.997247 0.010356  0.002409  0.014722  0.952629  -0.047534  0.300398  -0.207344  0.621095  0.755811  -0.222502  -0.782293  0.581817  -0.002580  -0.023922  -0.040791  -3.776285  -1.013707  -0.023795  1.000000  
34.998247 0.010353  0.002381  0.014682  0.952226  -0.046179  0.301882  -0.208488  0.624009  0.753090  -0.223154  -0.780051  0.584570  -0.002550  -0.024391  -0.040748  -3.789330  -1.032917  -0.012822  1.000000  
34.999249 0.010351  0.002352  0.014640  0.951851  -0.044639  0.303293  -0.209639  0.627072  0.750221  -0.223676  -0.777681  0.587521  -0.002486  -0.024837  -0.040784  -3.808607  -1.055346  0.005931  1.000000  
35.000498 0.010348  0.002316  0.014588  0.951402  -0.042838  0.304958  -0.210978  0.630698  0.746799  -0.224328  -0.774845  0.591009  -0.002420  -0.025343  -0.040839  -3.829395  -1.071730  0.021778  1.000000  
35.001747 0.010344  0.002279  0.014536  0.950936  -0.040828  0.306683  -0.212518  0.634200  0.743388  -0.224850  -0.772090  0.594407  -0.002391  -0.025956  -0.040865  -3.849629  -1.096691  0.048977  1.000000  
35.002750 0.010342  0.002248  0.014494  0.950511  -0.039196  0.308209  -0.213862  0.637048  0.740562  -0.225371  -0.769827  0.597139  -0.002363  -0.026347  -0.040781  -3.855593  -1.118331  0.068152  1.000000  
35.003753 0.010339  0.002218  0.014454  0.950128  -0.037685  0.309574  -0.215009  0.639876  0.737787  -0.225893  -0.767554  0.599862  -0.002367  -0.026877  -0.040578  -3.855704  -1.138557  0.092326  1.000000  
35.005000 0.010334  0.002179  0.014405  0.949625  -0.035697  0.311348  -0.216540  0.643443  0.734229  -0.226544  -0.764662  0.603300  -0.002495  -0.027522  -0.040364  -3.864832  -1.158807  0.111801  1.000000  
35.006251 0.010329  0.002140  0.014356  0.949119  -0.033693  0.313109  -0.218070  0.646990  0.730650  -0.227196  -0.761754  0.606723  -0.002642  -0.028143  -0.040093  -3.881765  -1.178061  0.136144  1.000000  
35.007497 0.010324  0.002101  0.014308  0.948611  -0.031711  0.314853  -0.219598  0.650429  0.727130  -0.227847  -0.758905  0.610040  -0.002783  -0.028719  -0.039968  -3.885767  -1.197891  0.162170  1.000000  
35.008527 0.010319  0.002069  0.014269  0.948220  -0.030191  0.316177  -0.220742  0.653112  0.724374  -0.228368  -0.756659  0.612629  -0.002993  -0.029221  -0.039831  -3.884519  -1.206646  0.174011  1.000000  
35.009747 0.010312  0.002027  0.014220  0.947752  -0.028240  0.317756  -0.222074  0.656687  0.720726  -0.229020  -0.753634  0.616105  -0.003285  -0.029925  -0.039942  -3.899492  -1.218680  0.193464  1.000000  
35.010749 0.010306  0.001993  0.014180  0.947357  -0.026621  0.319070  -0.223216  0.659518  0.717782  -0.229540  -0.751218  0.618856  -0.003546  -0.030480  -0.040076  -3.914918  -1.235983  0.211586  1.000000  
35.011751 0.010300  0.001958  0.014139  0.946915  -0.024857  0.320522  -0.224553  0.662340  0.714760  -0.230061  -0.748791  0.621598  -0.003866  -0.031057  -0.040163  -3.928395  -1.248686  0.231676  1.000000  
35.012997 0.010291  0.001914  0.014087  0.946470  -0.022887  0.321978  -0.225888  0.665581  0.711320  -0.230582  -0.745975  0.624783  -0.004265  -0.031616  -0.040279  -3.924266  -1.255699  0.248895  1.000000  
35.013998 0.010284  0.001878  0.014045  0.946024  -0.021178  0.323404  -0.227223  0.668203  0.708431  -0.231103  -0.743678  0.627323  -0.004549  -0.032104  -0.040435  -3.927288  -1.268700  0.263206  1.000000  
35.015005 0.010276  0.001841  0.014004  0.945605  -0.019363  0.324740  -0.228564  0.670789  0.705550  -0.231493  -0.741396  0.629875  -0.004960  -0.032673  -0.040258  -3.921306  -1.280031  0.289361  1.000000  
35.016006 0.010267  0.001805  0.013964  0.945232  -0.017677  0.325921  -0.229710  0.673358  0.702724  -0.231884  -0.739105  0.632419  -0.005315  -0.033095  -0.040114  -3.924414  -1.281853  0.301533  1.000000  
35.017247 0.010256  0.001757  0.013914  0.944654  -0.015479  0.327704  -0.231424  0.676567  0.699071  -0.232535  -0.736219  0.635539  -0.005785  -0.033749  -0.040091  -3.931690  -1.294049  0.316740  1.000000  
35.018247 0.010247  0.001720  0.013874  0.944198  -0.013769  0.329090  -0.232756  0.679051  0.696214  -0.233055  -0.733962  0.637954  -0.006187  -0.034288  -0.040044  -3.923338  -1.300580  0.332999  1.000000  
35.019256 0.010238  0.001682  0.013836  0.943789  -0.012149  0.330326  -0.233892  0.681605  0.693332  -0.233575  -0.731619  0.640450  -0.006677  -0.034791  -0.039916  -3.918771  -1.306677  0.344415  1.000000  
35.020498 0.010225  0.001634  0.013785  0.943281  -0.009918  0.331848  -0.235416  0.684821  0.689637  -0.234096  -0.728644  0.643644  -0.007163  -0.035357  -0.040024  -3.910148  -1.305004  0.361743  1.000000  
35.021503 0.010215  0.001596  0.013744  0.942849  -0.008083  0.333121  -0.236752  0.687242  0.686765  -0.234486  -0.726383  0.646052  -0.007589  -0.035831  -0.040138  -3.899033  -1.305710  0.373948  1.000000  
35.022750 0.010202  0.001547  0.013692  0.942367  -0.005773  0.334532  -0.238281  0.690316  0.683144  -0.234876  -0.723485  0.649155  -0.008055  -0.036429  -0.040469  -3.897390  -1.300728  0.394365  1.000000  
35.023751 0.010191  0.001508  0.013651  0.941962  -0.003826  0.335699  -0.239623  0.692685  0.680270  -0.235136  -0.721230  0.651566  -0.008467  -0.036892  -0.040631  -3.887217  -1.298773  0.410172  1.000000  
35.024998 0.010176  0.001459  0.013598  0.941424  -0.001391  0.337221  -0.241345  0.695642  0.676635  -0.235526  -0.718387  0.654559  -0.008974  -0.037316  -0.040780  -3.887739  -1.298971  0.434704  1.000000  
