1-Time 2-Px 3-Py 4-Pz 5-R11 6-R21 7-R31 8-R12 9-R22 10-R32 11-R13 12-R23 13-R33 14-Vx 15-Vy 16-Vz 17-Wx 18-Wy 19-Wz 20-state
133.357787 0.007674  -0.007861  0.008090  0.710754  -0.009624  0.703375  -0.660210  0.336004  0.671733  -0.242802  -0.941811  0.232462  0.000420  0.000172  -0.000390  0.000000  0.000000  0.000000  1.000000  
133.358950 0.007675  -0.007860  0.008089  0.710754  -0.009624  0.703375  -0.660210  0.336004  0.671733  -0.242802  -0.941811  0.232462  0.000293  0.000706  -0.000408  0.000000  0.000000  0.000000  1.000000  
133.359962 0.007673  -0.007859  0.008084  0.710754  -0.009624  0.703375  -0.660210  0.336004  0.671733  -0.242802  -0.941811  0.232462  -0.000804  0.000919  -0.002733  0.000000  0.000000  0.000000  1.000000  
133.361203 0.007671  -0.007856  0.008077  0.710777  -0.009532  0.703352  -0.660232  0.335918  0.671754  -0.242672  -0.941843  0.232470  -0.001168  0.001645  -0.003991  0.000000  0.000000  0.000000  1.000000  
133.362206 0.007669  -0.007854  0.008073  0.710777  -0.009532  0.703352  -0.660232  0.335918  0.671754  -0.242672  -0.941843  0.232470  -0.001233  0.001642  -0.003975  0.000000  0.000000  0.000000  1.000000  
133.363452 0.007668  -0.007853  0.008070  0.710777  -0.009532  0.703352  -0.660232  0.335918  0.671754  -0.242672  -0.941843  0.232470  -0.001188  0.001530  -0.003508  0.000000  0.000000  0.000000  1.000000  
133.364452 0.007666  -0.007851  0.008068  0.710777  -0.009532  0.703352  -0.660232  0.335918  0.671754  -0.242672  -0.941843  0.232470  -0.001354  0.001521  -0.003279  0.000000  0.000000  0.000000  1.000000  
133.365701 0.007661  -0.007847  0.008065  0.710913  -0.009601  0.703214  -0.660085  0.335916  0.671899  -0.242672  -0.941843  0.232470  -0.001718  0.001780  -0.003226  0.000000  0.000000  0.000000  1.000000  
133.366702 0.007657  -0.007844  0.008062  0.710913  -0.009601  0.703214  -0.660085  0.335916  0.671899  -0.242672  -0.941843  0.232470  -0.001988  0.001969  -0.003187  0.000000  0.000000  0.000000  1.000000  
133.367707 0.007654  -0.007839  0.008059  0.710913  -0.009601  0.703214  -0.660085  0.335916  0.671899  -0.242672  -0.941843  0.232470  -0.002099  0.002213  -0.003157  0.000000  0.000000  0.000000  1.000000  
133.368947 0.007652  -0.007834  0.008054  0.710913  -0.009516  0.703215  -0.660085  0.335998  0.671858  -0.242672  -0.941815  0.232584  -0.002064  0.002464  -0.003208  0.000000  0.000000  0.000000  1.000000  
133.370196 0.007649  -0.007830  0.008049  0.710937  -0.009423  0.703192  -0.660107  0.335912  0.671879  -0.242542  -0.941846  0.232592  -0.002097  0.002564  -0.003307  0.000000  0.000000  0.000000  1.000000  
133.371196 0.007646  -0.007826  0.008044  0.710937  -0.009423  0.703192  -0.660107  0.335912  0.671879  -0.242542  -0.941846  0.232592  -0.002110  0.002639  -0.003448  0.000000  0.000000  0.000000  1.000000  
133.372447 0.007642  -0.007822  0.008036  0.710937  -0.009423  0.703192  -0.660107  0.335912  0.671879  -0.242542  -0.941846  0.232592  -0.002244  0.002691  -0.003670  0.000000  0.000000  0.000000  1.000000  
133.373696 0.007639  -0.007815  0.008026  0.711073  -0.009407  0.703055  -0.659961  0.335991  0.671983  -0.242542  -0.941818  0.232706  -0.002380  0.003043  -0.004210  0.000000  0.000000  0.000000  1.000000  
133.374696 0.007636  -0.007811  0.008018  0.711097  -0.009315  0.703032  -0.659983  0.335906  0.672004  -0.242412  -0.941850  0.232714  -0.002485  0.003229  -0.004550  0.000000  0.000000  0.000000  1.000000  
133.375949 0.007634  -0.007804  0.008009  0.711097  -0.009315  0.703032  -0.659983  0.335906  0.672004  -0.242412  -0.941850  0.232714  -0.002469  0.003548  -0.004587  0.000000  0.000000  0.000000  1.000000  
133.376952 0.007630  -0.007798  0.008005  0.711097  -0.009315  0.703032  -0.659983  0.335906  0.672004  -0.242412  -0.941850  0.232714  -0.002621  0.003793  -0.004596  0.000000  0.000000  0.000000  1.000000  
133.377952 0.007627  -0.007794  0.008002  0.711233  -0.009299  0.702895  -0.659837  0.335985  0.672108  -0.242412  -0.941821  0.232828  -0.002771  0.004023  -0.004683  0.000000  0.000000  0.000000  1.000000  
133.378953 0.007624  -0.007788  0.007998  0.711233  -0.009299  0.702895  -0.659837  0.335985  0.672108  -0.242412  -0.941821  0.232828  -0.002885  0.004286  -0.004854  0.000000  0.000000  0.000000  1.000000  
133.380200 0.007620  -0.007782  0.007991  0.711209  -0.009391  0.702918  -0.659815  0.336071  0.672087  -0.242542  -0.941790  0.232820  -0.002845  0.004520  -0.005120  0.000000  0.000000  0.000000  1.000000  
133.381204 0.007618  -0.007775  0.007983  0.711209  -0.009306  0.702919  -0.659815  0.336153  0.672046  -0.242542  -0.941762  0.232934  -0.002741  0.004689  -0.005437  0.000000  0.000000  0.000000  1.000000  
133.382447 0.007615  -0.007768  0.007972  0.711345  -0.009375  0.702781  -0.659668  0.336151  0.672191  -0.242542  -0.941762  0.232934  -0.002700  0.004826  -0.005791  0.000000  0.000000  0.000000  1.000000  
133.383451 0.007613  -0.007762  0.007964  0.711345  -0.009290  0.702782  -0.659668  0.336232  0.672150  -0.242542  -0.941733  0.233049  -0.002615  0.004978  -0.006177  0.000000  0.000000  0.000000  1.000000  
133.384705 0.007611  -0.007756  0.007955  0.711345  -0.009290  0.702782  -0.659668  0.336232  0.672150  -0.242542  -0.941733  0.233049  -0.002598  0.005032  -0.006460  0.000000  0.000000  0.000000  1.000000  
133.385792 0.007608  -0.007751  0.007947  0.711345  -0.009290  0.702782  -0.659668  0.336232  0.672150  -0.242542  -0.941733  0.233049  -0.002602  0.005161  -0.006583  0.000000  0.000000  0.000000  1.000000  
133.386946 0.007605  -0.007744  0.007938  0.711345  -0.009205  0.702783  -0.659668  0.336314  0.672109  -0.242542  -0.941705  0.233163  -0.002589  0.005370  -0.006762  0.000000  0.000000  0.000000  1.000000  
133.387947 0.007601  -0.007739  0.007931  0.711345  -0.009205  0.702783  -0.659668  0.336314  0.672109  -0.242542  -0.941705  0.233163  -0.002609  0.005323  -0.006734  0.000000  0.000000  0.000000  1.000000  
133.389197 0.007599  -0.007732  0.007924  0.711321  -0.009297  0.702806  -0.659646  0.336399  0.672088  -0.242672  -0.941674  0.233155  -0.002517  0.005423  -0.006501  0.000000  0.000000  0.000000  1.000000  
133.390197 0.007596  -0.007726  0.007919  0.711321  -0.009212  0.702807  -0.659646  0.336481  0.672047  -0.242672  -0.941645  0.233269  -0.002571  0.005479  -0.006349  0.000000  0.000000  0.000000  1.000000  
133.391447 0.007592  -0.007719  0.007913  0.711185  -0.009143  0.702945  -0.659792  0.336483  0.671903  -0.242672  -0.941645  0.233269  -0.002660  0.005439  -0.006301  0.000000  0.000000  0.000000  1.000000  
133.392703 0.007587  -0.007713  0.007905  0.711185  -0.009143  0.702945  -0.659792  0.336483  0.671903  -0.242672  -0.941645  0.233269  -0.002710  0.005494  -0.006559  0.000000  0.000000  0.000000  1.000000  
133.393706 0.007584  -0.007708  0.007898  0.711185  -0.009057  0.702946  -0.659792  0.336564  0.671862  -0.242672  -0.941617  0.233384  -0.002734  0.005456  -0.006791  0.000000  0.000000  0.000000  1.000000  
133.394951 0.007579  -0.007701  0.007885  0.711049  -0.008988  0.703085  -0.659939  0.336566  0.671717  -0.242672  -0.941617  0.233384  -0.002770  0.005434  -0.007130  0.000000  0.000000  0.000000  1.000000  
133.396201 0.007575  -0.007693  0.007874  0.710890  -0.008926  0.703247  -0.660063  0.336735  0.671510  -0.242802  -0.941557  0.233490  -0.002822  0.005455  -0.007275  0.000000  0.000000  0.000000  1.000000  
133.397202 0.007572  -0.007687  0.007865  0.710754  -0.008856  0.703385  -0.660210  0.336737  0.671365  -0.242802  -0.941557  0.233490  -0.002926  0.005467  -0.007288  0.000000  0.000000  0.000000  1.000000  
133.398446 0.007567  -0.007680  0.007855  0.710594  -0.008794  0.703547  -0.660334  0.336906  0.671159  -0.242932  -0.941497  0.233596  -0.003098  0.005416  -0.007304  0.000000  0.000000  0.000000  1.000000  
133.399452 0.007563  -0.007676  0.007847  0.710594  -0.008709  0.703548  -0.660334  0.336987  0.671118  -0.242932  -0.941469  0.233711  -0.003275  0.005434  -0.007296  0.000000  0.000000  0.000000  1.000000  
133.400705 0.007556  -0.007670  0.007839  0.710322  -0.008570  0.703825  -0.660626  0.336991  0.670828  -0.242932  -0.941469  0.233711  -0.003477  0.005428  -0.007298  0.000000  0.000000  0.000000  1.000000  
133.401949 0.007551  -0.007663  0.007829  0.710162  -0.008507  0.703987  -0.660750  0.337160  0.670621  -0.243061  -0.941409  0.233817  -0.003572  0.005410  -0.007270  0.000000  0.000000  0.000000  1.000000  
133.402950 0.007547  -0.007657  0.007822  0.710026  -0.008438  0.704125  -0.660896  0.337162  0.670476  -0.243061  -0.941409  0.233817  -0.003667  0.005445  -0.007298  0.000000  0.000000  0.000000  1.000000  
133.404196 0.007542  -0.007650  0.007811  0.709754  -0.008214  0.704402  -0.661189  0.337246  0.670145  -0.243061  -0.941381  0.233931  -0.003801  0.005435  -0.007492  0.000000  0.000000  0.000000  1.000000  
133.405197 0.007538  -0.007645  0.007802  0.709594  -0.008151  0.704564  -0.661313  0.337415  0.669938  -0.243191  -0.941321  0.234037  -0.003873  0.005384  -0.007748  0.000000  0.000000  0.000000  1.000000  
133.406446 0.007533  -0.007639  0.007791  0.709322  -0.007927  0.704840  -0.661605  0.337500  0.669607  -0.243191  -0.941292  0.234152  -0.003956  0.005347  -0.008106  0.000000  0.000000  0.000000  1.000000  
133.407447 0.007529  -0.007634  0.007781  0.709185  -0.007772  0.704979  -0.661751  0.337583  0.669421  -0.243191  -0.941264  0.234266  -0.003974  0.005320  -0.008424  0.000000  0.000000  0.000000  1.000000  
133.408706 0.007523  -0.007627  0.007769  0.708889  -0.007639  0.705279  -0.662021  0.337753  0.669068  -0.243321  -0.941204  0.234372  -0.004032  0.005371  -0.008594  0.000000  0.000000  0.000000  1.000000  
133.409949 0.007519  -0.007619  0.007756  0.708593  -0.007506  0.705578  -0.662290  0.337923  0.668715  -0.243451  -0.941144  0.234478  -0.003994  0.005466  -0.008649  0.000000  0.000000  0.000000  1.000000  
133.410953 0.007514  -0.007614  0.007747  0.708320  -0.007282  0.705854  -0.662582  0.338007  0.668383  -0.243451  -0.941115  0.234593  -0.004129  0.005353  -0.008578  0.000000  0.000000  0.000000  1.000000  
133.411954 0.007510  -0.007609  0.007739  0.708160  -0.007218  0.706015  -0.662705  0.338176  0.668176  -0.243580  -0.941055  0.234699  -0.004149  0.005305  -0.008550  -0.102213  -0.151954  0.000678  1.000000  
133.412982 0.007506  -0.007603  0.007730  0.707863  -0.007085  0.706314  -0.662975  0.338346  0.667822  -0.243710  -0.940995  0.234805  -0.004189  0.005279  -0.008557  -0.109563  -0.165910  -0.000441  1.000000  
133.414204 0.007500  -0.007597  0.007718  0.707726  -0.006844  0.706453  -0.663120  0.338509  0.667595  -0.243710  -0.940938  0.235033  -0.004239  0.005337  -0.008734  -0.115420  -0.172572  0.001208  1.000000  
133.415447 0.007496  -0.007589  0.007705  0.707430  -0.006711  0.706752  -0.663389  0.338679  0.667241  -0.243840  -0.940878  0.235140  -0.004126  0.005479  -0.009007  -0.121881  -0.185173  0.000093  1.000000  
133.416450 0.007492  -0.007583  0.007693  0.707269  -0.006562  0.706914  -0.663513  0.338928  0.666992  -0.243970  -0.940789  0.235360  -0.004028  0.005463  -0.009333  -0.128662  -0.194303  -0.002616  1.000000  
133.417698 0.007489  -0.007575  0.007678  0.706972  -0.006342  0.707213  -0.663781  0.339179  0.666597  -0.244099  -0.940701  0.235580  -0.003911  0.005551  -0.009728  -0.140207  -0.208428  -0.003714  1.000000  
133.418950 0.007486  -0.007568  0.007663  0.706812  -0.006193  0.707375  -0.663905  0.339428  0.666348  -0.244229  -0.940612  0.235800  -0.003831  0.005539  -0.010061  -0.150063  -0.214921  -0.002067  1.000000  
133.419954 0.007482  -0.007563  0.007651  0.706651  -0.006043  0.707536  -0.664028  0.339677  0.666098  -0.244359  -0.940523  0.236021  -0.003804  0.005582  -0.010241  -0.155818  -0.222488  -0.004768  1.000000  
133.421197 0.007478  -0.007556  0.007637  0.706467  -0.005985  0.707721  -0.664128  0.340012  0.665827  -0.244618  -0.940402  0.236233  -0.003714  0.005626  -0.010454  -0.164037  -0.224711  -0.013472  1.000000  
133.422447 0.007475  -0.007549  0.007625  0.706282  -0.005840  0.707906  -0.664229  0.340428  0.665514  -0.244878  -0.940252  0.236559  -0.003624  0.005705  -0.010413  -0.178024  -0.233448  -0.020538  1.000000  
133.423696 0.007472  -0.007540  0.007613  0.705985  -0.005534  0.708205  -0.664497  0.340759  0.665077  -0.245008  -0.940135  0.236893  -0.003446  0.005783  -0.010419  -0.188008  -0.245524  -0.021414  1.000000  
133.424703 0.007469  -0.007535  0.007602  0.705961  -0.005454  0.708230  -0.664475  0.341006  0.664972  -0.245137  -0.940045  0.237113  -0.003434  0.005732  -0.010397  -0.196002  -0.242079  -0.027548  1.000000  
133.425951 0.007464  -0.007527  0.007589  0.705776  -0.005223  0.708415  -0.664575  0.341502  0.664617  -0.245397  -0.939866  0.237553  -0.003343  0.005807  -0.010514  -0.208287  -0.243178  -0.031841  1.000000  
133.426953 0.007461  -0.007521  0.007578  0.705592  -0.005164  0.708600  -0.664675  0.341837  0.664345  -0.245656  -0.939745  0.237765  -0.003318  0.005851  -0.010694  -0.216467  -0.245353  -0.040537  1.000000  
133.428200 0.007457  -0.007513  0.007563  0.705383  -0.005024  0.708808  -0.664753  0.342419  0.663968  -0.246045  -0.939534  0.238197  -0.003224  0.005926  -0.010975  -0.228736  -0.247514  -0.049186  1.000000  
133.429451 0.007453  -0.007505  0.007548  0.705174  -0.004884  0.709017  -0.664830  0.343001  0.663590  -0.246434  -0.939322  0.238628  -0.003063  0.006029  -0.011181  -0.240724  -0.255211  -0.060070  1.000000  
133.430700 0.007450  -0.007496  0.007532  0.704989  -0.004652  0.709203  -0.664930  0.343496  0.663233  -0.246694  -0.939143  0.239068  -0.002990  0.006090  -0.011341  -0.255279  -0.250970  -0.070292  1.000000  
133.431949 0.007444  -0.007487  0.007517  0.704644  -0.004354  0.709548  -0.665152  0.344159  0.662667  -0.247083  -0.938901  0.239613  -0.003114  0.006223  -0.011397  -0.273712  -0.255208  -0.079494  1.000000  
133.433197 0.007439  -0.007478  0.007502  0.704458  -0.004036  0.709734  -0.665252  0.344734  0.662268  -0.247342  -0.938692  0.240166  -0.003242  0.006316  -0.011372  -0.290092  -0.257466  -0.088136  1.000000  
133.434197 0.007435  -0.007471  0.007492  0.704273  -0.003803  0.709919  -0.665352  0.345228  0.661910  -0.247601  -0.938511  0.240605  -0.003281  0.006398  -0.011197  -0.306468  -0.259712  -0.096808  1.000000  
133.435447 0.007429  -0.007463  0.007480  0.703927  -0.003504  0.710264  -0.665573  0.345890  0.661342  -0.247990  -0.938269  0.241149  -0.003432  0.006489  -0.011074  -0.321822  -0.266195  -0.102926  1.000000  
133.436700 0.007424  -0.007454  0.007467  0.703581  -0.003204  0.710608  -0.665794  0.346551  0.660773  -0.248379  -0.938026  0.241693  -0.003543  0.006606  -0.011023  -0.339116  -0.265215  -0.118400  1.000000  
133.437947 0.007418  -0.007445  0.007454  0.703234  -0.002903  0.710953  -0.666015  0.347211  0.660203  -0.248768  -0.937782  0.242237  -0.003645  0.006740  -0.011032  -0.355526  -0.267485  -0.127040  1.000000  
133.439197 0.007412  -0.007436  0.007441  0.702750  -0.002444  0.711433  -0.666381  0.347952  0.659444  -0.249156  -0.937509  0.242895  -0.003909  0.006798  -0.011167  -0.379360  -0.283847  -0.136702  1.000000  
133.440446 0.007406  -0.007426  0.007428  0.702403  -0.001970  0.711777  -0.666601  0.348772  0.658788  -0.249545  -0.937206  0.243665  -0.003977  0.006896  -0.011120  -0.400762  -0.283903  -0.144161  1.000000  
133.441447 0.007402  -0.007419  0.007416  0.701918  -0.001509  0.712256  -0.666966  0.349511  0.658026  -0.249934  -0.936931  0.244322  -0.004004  0.006992  -0.011147  -0.424237  -0.298905  -0.149332  1.000000  
133.442697 0.007396  -0.007409  0.007404  0.701547  -0.001123  0.712623  -0.667163  0.350415  0.657346  -0.250452  -0.936594  0.245084  -0.004151  0.007147  -0.011003  -0.442854  -0.296963  -0.168116  1.000000  
133.443704 0.007393  -0.007401  0.007394  0.701062  -0.000660  0.713100  -0.667526  0.351153  0.656582  -0.250841  -0.936318  0.245740  -0.004186  0.007249  -0.010880  -0.470366  -0.314680  -0.174762  1.000000  
133.444952 0.007387  -0.007391  0.007382  0.700390  -0.000131  0.713760  -0.667988  0.352222  0.655540  -0.251488  -0.935916  0.246605  -0.004294  0.007331  -0.010562  -0.499995  -0.338661  -0.186972  1.000000  
133.446199 0.007382  -0.007380  0.007371  0.699856  0.000327  0.714284  -0.668304  0.353290  0.654642  -0.252136  -0.935514  0.247470  -0.004333  0.007503  -0.010255  -0.526396  -0.349796  -0.202566  1.000000  
133.447199 0.007377  -0.007373  0.007362  0.699370  0.000880  0.714760  -0.668666  0.354104  0.653832  -0.252524  -0.935206  0.248238  -0.004408  0.007511  -0.010075  -0.548502  -0.358576  -0.209387  1.000000  
133.448214 0.007373  -0.007364  0.007354  0.698859  0.001345  0.715258  -0.669004  0.355004  0.652997  -0.253042  -0.934864  0.248998  -0.004406  0.007636  -0.009858  -0.576229  -0.374830  -0.218823  1.000000  
133.449479 0.007369  -0.007354  0.007343  0.698185  0.001967  0.715914  -0.669462  0.356148  0.651904  -0.253689  -0.934428  0.249974  -0.004303  0.007725  -0.009772  -0.609731  -0.398704  -0.230827  1.000000  
133.450696 0.007365  -0.007343  0.007331  0.697487  0.002502  0.716593  -0.669895  0.357376  0.650786  -0.254465  -0.933957  0.250941  -0.004245  0.007873  -0.009772  -0.638951  -0.420867  -0.245488  1.000000  
133.451696 0.007363  -0.007334  0.007321  0.696836  0.003219  0.717223  -0.670375  0.358430  0.649712  -0.254983  -0.933551  0.251925  -0.004079  0.007976  -0.009744  -0.672487  -0.442505  -0.248802  1.000000  
133.452698 0.007360  -0.007326  0.007311  0.696299  0.003687  0.717742  -0.670687  0.359491  0.648803  -0.255630  -0.933141  0.252786  -0.003944  0.008024  -0.009742  -0.702089  -0.463837  -0.264606  1.000000  
133.453714 0.007358  -0.007318  0.007300  0.695786  0.004334  0.718236  -0.671022  0.360543  0.647873  -0.256147  -0.932733  0.253769  -0.003758  0.008090  -0.009731  -0.729795  -0.480148  -0.273800  1.000000  
133.454947 0.007357  -0.007308  0.007288  0.695085  0.005051  0.718909  -0.671451  0.361923  0.646657  -0.256923  -0.932194  0.254959  -0.003435  0.008155  -0.009686  -0.768196  -0.504577  -0.285829  1.000000  
133.455960 0.007356  -0.007300  0.007278  0.694547  0.005612  0.719426  -0.671761  0.363058  0.645698  -0.257570  -0.931750  0.255931  -0.003209  0.008176  -0.009519  -0.801768  -0.527336  -0.293288  1.000000  
133.457196 0.007356  -0.007290  0.007268  0.693870  0.006424  0.720072  -0.672212  0.364347  0.644501  -0.258216  -0.931241  0.257128  -0.002864  0.008199  -0.009344  -0.833387  -0.546195  -0.298458  1.000000  
133.458196 0.007356  -0.007282  0.007259  0.693330  0.007076  0.720585  -0.672520  0.365558  0.643493  -0.258862  -0.930762  0.258211  -0.002547  0.008267  -0.009306  -0.865310  -0.562610  -0.307547  1.000000  
133.459197 0.007356  -0.007274  0.007251  0.692790  0.007730  0.721098  -0.672828  0.366767  0.642484  -0.259508  -0.930281  0.259293  -0.002288  0.008245  -0.009234  -0.897285  -0.579064  -0.316626  1.000000  
133.460203 0.007356  -0.007266  0.007241  0.692225  0.008384  0.721633  -0.673110  0.368138  0.641402  -0.260283  -0.929733  0.260478  -0.001963  0.008195  -0.009246  -0.932891  -0.600461  -0.328248  1.000000  
133.461450 0.007357  -0.007256  0.007230  0.691521  0.009291  0.722297  -0.673534  0.369662  0.640080  -0.261058  -0.929120  0.261887  -0.001553  0.008215  -0.009329  -0.975103  -0.624780  -0.339810  1.000000  
133.462451 0.007359  -0.007247  0.007219  0.690954  0.010038  0.722829  -0.673814  0.371107  0.638947  -0.261833  -0.928536  0.263182  -0.001087  0.008206  -0.009436  -1.011773  -0.642811  -0.353201  1.000000  
133.463700 0.007360  -0.007238  0.007206  0.690362  0.010961  0.723381  -0.674069  0.372869  0.637651  -0.262737  -0.927819  0.264803  -0.000717  0.008167  -0.009562  -1.054515  -0.654218  -0.368011  1.000000  
133.464703 0.007362  -0.007229  0.007195  0.689795  0.011713  0.723910  -0.674348  0.374310  0.636512  -0.263512  -0.927230  0.266095  -0.000340  0.008156  -0.009760  -1.090712  -0.671986  -0.381162  1.000000  
133.465951 0.007364  -0.007219  0.007181  0.689088  0.012807  0.724565  -0.674767  0.375977  0.635083  -0.264286  -0.926540  0.267723  -0.000028  0.008095  -0.009857  -1.135538  -0.688939  -0.389924  1.000000  
133.467197 0.007366  -0.007210  0.007167  0.688494  0.013915  0.725109  -0.675019  0.377884  0.633682  -0.265189  -0.925748  0.269564  0.000381  0.008067  -0.009906  -1.186644  -0.701820  -0.408968  1.000000  
133.468198 0.007367  -0.007202  0.007157  0.687925  0.014762  0.725632  -0.675295  0.379394  0.632485  -0.265963  -0.925118  0.270963  0.000591  0.008043  -0.009874  -1.221333  -0.712185  -0.419439  1.000000  
133.469447 0.007369  -0.007193  0.007144  0.687190  0.015867  0.726304  -0.675686  0.381214  0.630971  -0.266866  -0.924351  0.272688  0.000766  0.007980  -0.009862  -1.264320  -0.723925  -0.434085  1.000000  
133.470696 0.007372  -0.007183  0.007131  0.686569  0.016896  0.726868  -0.675910  0.383197  0.629528  -0.267897  -0.923512  0.274511  0.001044  0.007952  -0.010011  -1.307355  -0.735714  -0.448604  1.000000  
133.471697 0.007374  -0.007176  0.007120  0.685884  0.017919  0.727490  -0.676349  0.384608  0.628195  -0.268542  -0.922906  0.275916  0.001209  0.007913  -0.010163  -1.342038  -0.746208  -0.459013  1.000000  
133.472703 0.007376  -0.007169  0.007109  0.685313  0.018866  0.728004  -0.676621  0.386182  0.626935  -0.269315  -0.922229  0.277421  0.001348  0.007777  -0.010316  -1.376493  -0.755337  -0.464868  1.000000  
133.473946 0.007378  -0.007160  0.007094  0.684576  0.020161  0.728663  -0.677007  0.388140  0.625307  -0.270217  -0.921380  0.279360  0.001487  0.007685  -0.010531  -1.416331  -0.761175  -0.475503  1.000000  
133.474946 0.007380  -0.007153  0.007081  0.683864  0.021282  0.729299  -0.677418  0.389780  0.623840  -0.270990  -0.920662  0.280973  0.001610  0.007628  -0.010862  -1.450881  -0.770522  -0.481291  1.000000  
133.475949 0.007383  -0.007146  0.007069  0.683290  0.022326  0.729805  -0.677687  0.391420  0.622520  -0.271762  -0.919941  0.282583  0.001744  0.007556  -0.011089  -1.487423  -0.773347  -0.488835  1.000000  
133.476957 0.007385  -0.007140  0.007056  0.682551  0.023454  0.730461  -0.678070  0.393215  0.620970  -0.272664  -0.919147  0.284293  0.001844  0.007466  -0.011261  -1.530317  -0.790409  -0.502785  1.000000  
133.478200 0.007388  -0.007132  0.007041  0.681785  0.024855  0.731130  -0.678425  0.395392  0.619196  -0.273693  -0.918176  0.286435  0.001873  0.007352  -0.011357  -1.573523  -0.796389  -0.513012  1.000000  
133.479450 0.007389  -0.007125  0.007026  0.680879  0.026341  0.731922  -0.678919  0.397559  0.617264  -0.274723  -0.917198  0.288573  0.001850  0.007059  -0.011460  -1.621195  -0.807662  -0.522925  1.000000  
133.480705 0.007392  -0.007117  0.007011  0.679971  0.027923  0.732707  -0.679412  0.399794  0.615276  -0.275752  -0.916180  0.290820  0.001911  0.006922  -0.011526  -1.674086  -0.815513  -0.529421  1.000000  
133.481954 0.007395  -0.007110  0.006997  0.679063  0.029510  0.733487  -0.679902  0.402022  0.613279  -0.276780  -0.915154  0.293062  0.001936  0.006757  -0.011518  -1.717406  -0.825392  -0.534664  1.000000  
133.483196 0.007397  -0.007102  0.006982  0.678153  0.031192  0.734259  -0.680390  0.404318  0.611225  -0.277809  -0.914086  0.295412  0.001981  0.006640  -0.011664  -1.769281  -0.836789  -0.544313  1.000000  
133.484197 0.007399  -0.007097  0.006970  0.677408  0.032525  0.734888  -0.680764  0.406231  0.609539  -0.278708  -0.913191  0.297326  0.002049  0.006508  -0.011773  -1.806403  -0.840081  -0.551577  1.000000  
133.485447 0.007402  -0.007090  0.006954  0.676357  0.034392  0.735771  -0.681388  0.408580  0.607267  -0.279736  -0.912074  0.299779  0.002031  0.006327  -0.011949  -1.861558  -0.864162  -0.557071  1.000000  
133.486696 0.007405  -0.007084  0.006939  0.675303  0.036265  0.736648  -0.682010  0.410920  0.604986  -0.280764  -0.910950  0.302228  0.002053  0.006101  -0.012078  -1.903152  -0.874583  -0.559811  1.000000  
133.487950 0.007409  -0.007078  0.006922  0.674249  0.038234  0.737514  -0.682629  0.413325  0.602644  -0.281791  -0.909781  0.304783  0.002139  0.005942  -0.012244  -1.963720  -0.896831  -0.562763  1.000000  
133.489196 0.007413  -0.007073  0.006906  0.673193  0.040122  0.738378  -0.683246  0.415647  0.600343  -0.282818  -0.908641  0.307224  0.002230  0.005712  -0.012290  -2.006323  -0.913309  -0.563363  1.000000  
133.490197 0.007416  -0.007069  0.006894  0.672303  0.041746  0.739098  -0.683750  0.417665  0.598366  -0.283716  -0.907642  0.309341  0.002302  0.005500  -0.012283  -2.047457  -0.928327  -0.562155  1.000000  
133.491446 0.007420  -0.007064  0.006880  0.671245  0.043826  0.739939  -0.684362  0.420116  0.595945  -0.284742  -0.906412  0.311993  0.002390  0.005273  -0.012173  -2.100195  -0.944624  -0.564593  1.000000  
133.492450 0.007423  -0.007061  0.006869  0.670380  0.045546  0.740619  -0.684889  0.422033  0.593982  -0.285512  -0.905436  0.314116  0.002425  0.005036  -0.012092  -2.136763  -0.958104  -0.558813  1.000000  
133.493453 0.007426  -0.007059  0.006858  0.669515  0.047361  0.741288  -0.685415  0.424015  0.591961  -0.286281  -0.904416  0.316346  0.002571  0.004796  -0.011993  -2.183282  -0.978380  -0.553053  1.000000  
133.494699 0.007430  -0.007055  0.006844  0.668171  0.049725  0.742345  -0.686297  0.426490  0.589155  -0.287306  -0.903125  0.319094  0.002672  0.004485  -0.011955  -2.232371  -1.005685  -0.544850  1.000000  
133.495699 0.007434  -0.007053  0.006833  0.667303  0.051552  0.743000  -0.686818  0.428455  0.587117  -0.288075  -0.902091  0.321316  0.002820  0.004275  -0.011882  -2.273039  -1.020508  -0.543069  1.000000  
133.496705 0.007438  -0.007052  0.006820  0.666293  0.053472  0.743771  -0.687476  0.430402  0.584919  -0.288844  -0.901052  0.323535  0.002928  0.003939  -0.011986  -2.318217  -1.047367  -0.534771  1.000000  
133.498043 0.007443  -0.007050  0.006805  0.665255  0.055856  0.744524  -0.688104  0.432852  0.582368  -0.289740  -0.899733  0.326391  0.003139  0.003534  -0.011944  -2.356610  -1.058083  -0.526350  1.000000  
133.499197 0.007448  -0.007049  0.006789  0.664074  0.058426  0.745381  -0.688866  0.435349  0.579599  -0.290637  -0.898364  0.329352  0.003276  0.003161  -0.012058  -2.419580  -1.081573  -0.519004  1.000000  
133.500449 0.007453  -0.007048  0.006774  0.663006  0.060832  0.746138  -0.689461  0.437931  0.576940  -0.291661  -0.896948  0.332293  0.003421  0.002734  -0.012040  -2.470944  -1.101558  -0.509788  1.000000  
133.501697 0.007457  -0.007049  0.006758  0.661823  0.063510  0.746965  -0.690218  0.440472  0.574094  -0.292557  -0.895517  0.335350  0.003502  0.002310  -0.012004  -2.521773  -1.115178  -0.505036  1.000000  
133.502946 0.007462  -0.007050  0.006744  0.660611  0.066022  0.747820  -0.690945  0.443015  0.571256  -0.293580  -0.894080  0.338278  0.003576  0.001866  -0.011894  -2.576441  -1.136918  -0.497507  1.000000  
133.503947 0.007466  -0.007051  0.006733  0.659594  0.068163  0.748525  -0.691589  0.445042  0.568896  -0.294347  -0.892912  0.340687  0.003636  0.001466  -0.011801  -2.615464  -1.156630  -0.488473  1.000000  
133.504949 0.007470  -0.007053  0.006722  0.658718  0.070217  0.749106  -0.692096  0.447073  0.566682  -0.295114  -0.891737  0.343092  0.003668  0.001042  -0.011698  -2.650479  -1.165205  -0.487919  1.000000  
133.505950 0.007472  -0.007057  0.006710  0.657700  0.072459  0.749787  -0.692738  0.449150  0.564251  -0.295881  -0.890514  0.345601  0.003630  0.000540  -0.011682  -2.693737  -1.183406  -0.474437  1.000000  
133.507196 0.007476  -0.007061  0.006694  0.656367  0.075449  0.750659  -0.693618  0.451748  0.561086  -0.296776  -0.888949  0.348845  0.003631  0.000075  -0.011835  -2.743470  -1.207605  -0.460708  1.000000  
133.508196 0.007479  -0.007065  0.006682  0.655373  0.077877  0.751279  -0.694284  0.453783  0.558615  -0.297415  -0.887703  0.351466  0.003631  -0.000390  -0.011899  -2.784496  -1.217936  -0.444975  1.000000  
133.509197 0.007482  -0.007070  0.006670  0.654351  0.080230  0.751922  -0.694919  0.455894  0.556101  -0.298181  -0.886411  0.354068  0.003583  -0.000869  -0.011987  -2.825566  -1.231195  -0.437606  1.000000  
133.510203 0.007484  -0.007075  0.006656  0.653213  0.082763  0.752638  -0.695716  0.457890  0.553458  -0.298819  -0.885148  0.356680  0.003508  -0.001416  -0.012224  -2.869888  -1.248609  -0.416399  1.000000  
133.511449 0.007487  -0.007081  0.006639  0.651902  0.085866  0.753426  -0.696615  0.460345  0.550282  -0.299585  -0.883578  0.359915  0.003293  -0.001951  -0.012288  -2.917731  -1.265335  -0.397340  1.000000  
133.512450 0.007488  -0.007087  0.006626  0.650760  0.088321  0.754129  -0.697407  0.462249  0.547676  -0.300224  -0.882341  0.362409  0.003095  -0.002460  -0.012352  -2.952960  -1.283204  -0.383211  1.000000  
133.513700 0.007487  -0.007096  0.006608  0.649419  0.091451  0.754912  -0.698272  0.464824  0.544385  -0.301117  -0.880667  0.365723  0.002745  -0.003166  -0.012494  -3.000929  -1.301295  -0.368029  1.000000  
133.514954 0.007487  -0.007104  0.006591  0.648131  0.094841  0.755600  -0.699192  0.467275  0.541095  -0.301755  -0.879010  0.369167  0.002378  -0.003786  -0.012552  -3.046070  -1.309715  -0.346368  1.000000  
133.516196 0.007485  -0.007114  0.006575  0.646814  0.098160  0.756304  -0.700081  0.469793  0.537756  -0.302520  -0.877302  0.372588  0.001954  -0.004372  -0.012642  -3.087041  -1.322979  -0.326140  1.000000  
133.517198 0.007483  -0.007122  0.006562  0.645667  0.100827  0.756933  -0.700863  0.471772  0.534997  -0.303158  -0.875937  0.375273  0.001540  -0.004915  -0.012794  -3.128010  -1.336092  -0.310034  1.000000  
133.518199 0.007480  -0.007130  0.006547  0.644547  0.103579  0.757516  -0.701673  0.473652  0.532267  -0.303668  -0.874600  0.377969  0.001068  -0.005423  -0.012970  -3.161393  -1.344213  -0.289136  1.000000  
133.519446 0.007476  -0.007141  0.006530  0.642964  0.107287  0.758345  -0.702849  0.476053  0.528561  -0.304305  -0.872847  0.381492  0.000478  -0.006009  -0.013174  -3.211498  -1.364843  -0.262388  1.000000  
133.520447 0.007472  -0.007151  0.006516  0.641840  0.110236  0.758874  -0.703654  0.478032  0.525696  -0.304815  -0.871398  0.384388  0.000007  -0.006447  -0.013317  -3.253003  -1.374403  -0.245387  1.000000  
133.521697 0.007467  -0.007163  0.006497  0.640280  0.114133  0.759615  -0.704853  0.480369  0.521946  -0.305324  -0.869609  0.388018  -0.000594  -0.007016  -0.013621  -3.299166  -1.393185  -0.213976  1.000000  
133.522949 0.007462  -0.007176  0.006479  0.638836  0.117676  0.760290  -0.705887  0.482667  0.518417  -0.305961  -0.867862  0.391411  -0.001093  -0.007479  -0.013768  -3.332629  -1.402558  -0.195832  1.000000  
133.524197 0.007457  -0.007189  0.006461  0.637417  0.121399  0.760895  -0.706947  0.484921  0.514857  -0.306471  -0.866091  0.394919  -0.001739  -0.008018  -0.013891  -3.364580  -1.404580  -0.169906  1.000000  
133.525197 0.007452  -0.007200  0.006447  0.636316  0.124451  0.761324  -0.707774  0.486745  0.511992  -0.306853  -0.864633  0.397807  -0.002140  -0.008358  -0.013916  -3.401600  -1.411911  -0.148561  1.000000  
133.526447 0.007447  -0.007215  0.006429  0.634893  0.128372  0.761860  -0.708829  0.489083  0.508291  -0.307362  -0.862739  0.401509  -0.002659  -0.008928  -0.013979  -3.443136  -1.417557  -0.121798  1.000000  
133.527454 0.007442  -0.007227  0.006415  0.633789  0.131528  0.762241  -0.709651  0.490936  0.505348  -0.307744  -0.861210  0.404489  -0.003116  -0.009381  -0.014023  -3.483954  -1.422242  -0.101497  1.000000  
133.528710 0.007436  -0.007243  0.006398  0.632537  0.135346  0.762613  -0.710602  0.493112  0.501882  -0.308126  -0.859373  0.408089  -0.003496  -0.009849  -0.013981  -3.515230  -1.421446  -0.077017  1.000000  
133.529950 0.007430  -0.007259  0.006381  0.631284  0.139262  0.762946  -0.711550  0.495327  0.498345  -0.308508  -0.857471  0.411784  -0.003780  -0.010327  -0.014031  -3.549572  -1.426963  -0.049812  1.000000  
133.531199 0.007425  -0.007275  0.006364  0.630002  0.143200  0.763277  -0.712465  0.497666  0.494694  -0.309017  -0.855466  0.415556  -0.004044  -0.010824  -0.014045  -3.589414  -1.425856  -0.025176  1.000000  
133.532201 0.007420  -0.007289  0.006350  0.629066  0.146350  0.763451  -0.713181  0.499394  0.491913  -0.309271  -0.853925  0.418526  -0.004273  -0.011254  -0.014086  -3.620400  -1.424527  -0.001716  1.000000  
133.533446 0.007415  -0.007306  0.006332  0.627809  0.150375  0.763704  -0.714122  0.501606  0.488283  -0.309653  -0.851926  0.422299  -0.004323  -0.011680  -0.014160  -3.652737  -1.419480  0.020848  1.000000  
133.534447 0.007411  -0.007321  0.006319  0.627019  0.153428  0.763745  -0.714706  0.503334  0.485644  -0.309908  -0.850361  0.425256  -0.004326  -0.012015  -0.014017  -3.680629  -1.408287  0.045330  1.000000  
133.535696 0.007407  -0.007339  0.006303  0.625906  0.157358  0.763858  -0.715515  0.505538  0.482151  -0.310289  -0.848333  0.429012  -0.004332  -0.012420  -0.013903  -3.704560  -1.396393  0.064896  1.000000  
133.536703 0.007404  -0.007354  0.006291  0.624967  0.160707  0.763930  -0.716225  0.507320  0.479216  -0.310544  -0.846640  0.432161  -0.004218  -0.012738  -0.013755  -3.733562  -1.392089  0.088423  1.000000  
133.537946 0.007400  -0.007373  0.006277  0.623880  0.164812  0.763944  -0.717062  0.509457  0.475684  -0.310798  -0.844565  0.436021  -0.004113  -0.013110  -0.013467  -3.756772  -1.374881  0.105098  1.000000  
133.538950 0.007398  -0.007389  0.006266  0.623087  0.167969  0.763904  -0.717641  0.511182  0.472952  -0.311052  -0.842899  0.439053  -0.004011  -0.013518  -0.013213  -3.780050  -1.364143  0.125925  1.000000  
133.540197 0.007395  -0.007410  0.006253  0.622146  0.171883  0.763800  -0.718347  0.513257  0.469621  -0.311307  -0.840847  0.442792  -0.003815  -0.013970  -0.012923  -3.796827  -1.341025  0.139323  1.000000  
133.541446 0.007393  -0.007431  0.006241  0.621203  0.175799  0.763676  -0.719052  0.515313  0.466279  -0.311561  -0.838777  0.446522  -0.003607  -0.014401  -0.012523  -3.817053  -1.320649  0.155356  1.000000  
133.542447 0.007391  -0.007449  0.006232  0.620408  0.179147  0.763544  -0.719628  0.517104  0.463399  -0.311815  -0.836964  0.449735  -0.003411  -0.014761  -0.012209  -3.845875  -1.302439  0.166281  1.000000  
133.543453 0.007389  -0.007467  0.006222  0.619640  0.182386  0.763401  -0.720235  0.518684  0.460683  -0.311942  -0.835286  0.452758  -0.003183  -0.015191  -0.011938  -3.863577  -1.282809  0.188334  1.000000  
133.544471 0.007388  -0.007485  0.006214  0.618696  0.185752  0.763356  -0.720936  0.520353  0.457694  -0.312197  -0.833504  0.455856  -0.002976  -0.015520  -0.011590  -3.879717  -1.271315  0.197814  1.000000  
133.545700 0.007385  -0.007508  0.006203  0.617629  0.189857  0.763210  -0.721795  0.522213  0.454208  -0.312324  -0.831413  0.459572  -0.002805  -0.016007  -0.011119  -3.893313  -1.255471  0.220702  1.000000  
133.546950 0.007382  -0.007533  0.006194  0.616534  0.194077  0.763034  -0.722621  0.524245  0.450539  -0.312578  -0.829157  0.463459  -0.002609  -0.016518  -0.010684  -3.920276  -1.240439  0.239248  1.000000  
133.548023 0.007380  -0.007554  0.006187  0.615762  0.197414  0.762800  -0.723223  0.525817  0.447732  -0.312705  -0.827372  0.466553  -0.002415  -0.016895  -0.010046  -3.927241  -1.218723  0.249103  1.000000  
133.549196 0.007377  -0.007579  0.006179  0.614543  0.201818  0.762631  -0.724205  0.527682  0.443937  -0.312832  -0.825119  0.470441  -0.002338  -0.017494  -0.009572  -3.953684  -1.200677  0.265242  1.000000  
133.550199 0.007373  -0.007601  0.006174  0.613771  0.205065  0.762387  -0.724805  0.529167  0.441181  -0.312959  -0.823366  0.473419  -0.002334  -0.017987  -0.008944  -3.957544  -1.185777  0.274640  1.000000  
133.551448 0.007369  -0.007628  0.006168  0.612549  0.209381  0.762196  -0.725783  0.530934  0.437433  -0.313086  -0.821138  0.477188  -0.002352  -0.018603  -0.008330  -3.966166  -1.162512  0.286675  1.000000  
133.552702 0.007366  -0.007656  0.006162  0.611475  0.213681  0.761865  -0.726633  0.532774  0.433770  -0.313213  -0.818836  0.481046  -0.002350  -0.019213  -0.007757  -3.986525  -1.141072  0.301592  1.000000  
133.553949 0.007362  -0.007685  0.006158  0.610251  0.218001  0.761623  -0.727607  0.534493  0.430006  -0.313340  -0.816574  0.484794  -0.002396  -0.019754  -0.007247  -4.001130  -1.127566  0.315429  1.000000  
133.554954 0.007359  -0.007709  0.006154  0.609175  0.221473  0.761482  -0.728453  0.535819  0.426912  -0.313467  -0.814768  0.487741  -0.002454  -0.020278  -0.006708  -4.008930  -1.121981  0.327253  1.000000  
133.555959 0.007355  -0.007734  0.006150  0.608275  0.224814  0.761223  -0.729205  0.537040  0.424084  -0.313467  -0.813048  0.490604  -0.002541  -0.020797  -0.006300  -4.006386  -1.108434  0.339933  1.000000  
133.557196 0.007352  -0.007765  0.006146  0.606922  0.229226  0.760986  -0.730331  0.538514  0.420261  -0.313467  -0.810838  0.494248  -0.002635  -0.021404  -0.005867  -4.012711  -1.103748  0.359689  1.000000  
133.558197 0.007348  -0.007791  0.006143  0.605869  0.232864  0.760721  -0.731205  0.539756  0.417137  -0.313467  -0.808973  0.497293  -0.002771  -0.021939  -0.005493  -4.026343  -1.101521  0.378405  1.000000  
133.559201 0.007344  -0.007818  0.006141  0.604815  0.236595  0.760409  -0.732077  0.541030  0.413943  -0.313467  -0.807037  0.500429  -0.002913  -0.022530  -0.004988  -4.043235  -1.090944  0.391522  1.000000  
133.560203 0.007341  -0.007845  0.006139  0.603759  0.240234  0.760107  -0.732948  0.542238  0.410811  -0.313467  -0.805150  0.503460  -0.002995  -0.023158  -0.004543  -4.053427  -1.088599  0.410417  1.000000  
133.561205 0.007337  -0.007874  0.006138  0.602551  0.243894  0.759900  -0.733941  0.543328  0.407584  -0.313467  -0.803312  0.506387  -0.003159  -0.023801  -0.004001  -4.057417  -1.094054  0.428563  1.000000  
133.562455 0.007332  -0.007910  0.006138  0.601217  0.248472  0.759473  -0.735089  0.544659  0.403722  -0.313340  -0.801005  0.510107  -0.003249  -0.024533  -0.003404  -4.063909  -1.088993  0.452432  1.000000  
133.563457 0.007329  -0.007940  0.006138  0.600006  0.252133  0.759225  -0.736078  0.545709  0.400487  -0.313340  -0.799143  0.513018  -0.003292  -0.025108  -0.002995  -4.067669  -1.091850  0.474493  1.000000  
133.564709 0.007323  -0.007978  0.006139  0.598667  0.256711  0.758747  -0.737221  0.546992  0.396616  -0.313213  -0.796805  0.516719  -0.003432  -0.025917  -0.002449  -4.080256  -1.094408  0.497631  1.000000  
133.565951 0.007319  -0.008016  0.006139  0.597300  0.261038  0.758348  -0.738329  0.548236  0.392819  -0.313213  -0.794542  0.520193  -0.003502  -0.026686  -0.002061  -4.081769  -1.097027  0.520833  1.000000  
133.567201 0.007314  -0.008056  0.006139  0.595957  0.265432  0.757879  -0.739467  0.549373  0.389073  -0.313086  -0.792297  0.523681  -0.003524  -0.027492  -0.001671  -4.077937  -1.099175  0.544021  1.000000  
133.568451 0.007309  -0.008097  0.006140  0.594486  0.270281  0.757321  -0.740758  0.550488  0.385021  -0.312832  -0.789881  0.527470  -0.003595  -0.028313  -0.001306  -4.086690  -1.107779  0.581965  1.000000  
133.569451 0.007306  -0.008131  0.006140  0.593444  0.273895  0.756839  -0.741647  0.551409  0.381980  -0.312705  -0.787991  0.530364  -0.003673  -0.028989  -0.000998  -4.095088  -1.112387  0.600394  1.000000  
133.570452 0.007303  -0.008165  0.006140  0.592095  0.277737  0.756496  -0.742778  0.552199  0.378626  -0.312578  -0.786090  0.533251  -0.003606  -0.029538  -0.000770  -4.108017  -1.125850  0.629504  1.000000  
133.571711 0.007298  -0.008208  0.006142  0.590770  0.282102  0.755916  -0.743939  0.553116  0.374991  -0.312324  -0.783888  0.536631  -0.003658  -0.030437  -0.000298  -4.094397  -1.124468  0.656498  1.000000  
