1-Time 2-Px 3-Py 4-Pz 5-R11 6-R21 7-R31 8-R12 9-R22 10-R32 11-R13 12-R23 13-R33 14-Vx 15-Vy 16-Vz 17-Wx 18-Wy 19-Wz 20-state
163.571288 0.010617  -0.000134  0.003872  0.900849  0.163051  0.402350  -0.431543  0.235244  0.870879  0.047347  -0.958162  0.282283  0.000262  0.000122  -0.001236  0.000000  0.000000  0.000000  1.000000  
163.572422 0.010619  -0.000133  0.003871  0.900849  0.163100  0.402331  -0.431543  0.235350  0.870851  0.047347  -0.958128  0.282399  0.002016  0.001971  -0.001603  0.000000  0.000000  0.000000  1.000000  
163.573659 0.010616  -0.000133  0.003867  0.900760  0.163246  0.402470  -0.431729  0.235528  0.870711  0.047347  -0.958059  0.282632  -0.000577  0.000573  -0.002753  0.000000  0.000000  0.000000  1.000000  
163.574664 0.010611  -0.000135  0.003863  0.900754  0.163410  0.402416  -0.431726  0.235578  0.870698  0.047481  -0.958019  0.282746  -0.002212  -0.000356  -0.003121  0.000000  0.000000  0.000000  1.000000  
163.575906 0.010606  -0.000135  0.003859  0.900665  0.163508  0.402576  -0.431912  0.235650  0.870587  0.047481  -0.957985  0.282862  -0.002566  -0.000372  -0.003209  0.000000  0.000000  0.000000  1.000000  
163.576909 0.010605  -0.000135  0.003857  0.900660  0.163721  0.402502  -0.431909  0.235806  0.870546  0.047614  -0.957910  0.283093  -0.002388  -0.000166  -0.002962  0.000000  0.000000  0.000000  1.000000  
163.578154 0.010602  -0.000135  0.003854  0.900571  0.163818  0.402661  -0.432094  0.235877  0.870435  0.047614  -0.957875  0.283209  -0.002403  -0.000099  -0.002811  0.000000  0.000000  0.000000  1.000000  
163.579174 0.010597  -0.000135  0.003851  0.900476  0.164031  0.402787  -0.432277  0.235894  0.870339  0.047748  -0.957835  0.283324  -0.002709  -0.000086  -0.002793  0.000000  0.000000  0.000000  1.000000  
163.580175 0.010591  -0.000134  0.003848  0.900476  0.164129  0.402747  -0.432277  0.236105  0.870282  0.047748  -0.957766  0.283556  -0.003034  0.000009  -0.002788  0.000000  0.000000  0.000000  1.000000  
163.581401 0.010587  -0.000132  0.003845  0.900381  0.164342  0.402872  -0.432459  0.236121  0.870187  0.047882  -0.957726  0.283670  -0.003165  0.000229  -0.002799  0.000000  0.000000  0.000000  1.000000  
163.582404 0.010585  -0.000130  0.003842  0.900292  0.164439  0.403031  -0.432645  0.236193  0.870075  0.047882  -0.957691  0.283786  -0.003044  0.000383  -0.002826  0.000000  0.000000  0.000000  1.000000  
163.583654 0.010580  -0.000128  0.003838  0.900197  0.164701  0.403136  -0.432827  0.236315  0.869952  0.048015  -0.957616  0.284017  -0.003083  0.000462  -0.002824  0.000000  0.000000  0.000000  1.000000  
163.584901 0.010576  -0.000128  0.003834  0.900102  0.164963  0.403241  -0.433010  0.236436  0.869828  0.048149  -0.957541  0.284247  -0.003113  0.000452  -0.002851  0.000000  0.000000  0.000000  1.000000  
163.585905 0.010571  -0.000127  0.003831  0.900007  0.165176  0.403365  -0.433192  0.236452  0.869733  0.048283  -0.957501  0.284362  -0.003260  0.000453  -0.002896  0.000000  0.000000  0.000000  1.000000  
163.586909 0.010565  -0.000129  0.003827  0.900007  0.165225  0.403345  -0.433192  0.236558  0.869704  0.048283  -0.957466  0.284478  -0.003656  0.000244  -0.002977  0.000000  0.000000  0.000000  1.000000  
163.588163 0.010555  -0.000132  0.003822  0.899912  0.165487  0.403450  -0.433375  0.236679  0.869580  0.048416  -0.957391  0.284708  -0.004229  -0.000013  -0.003159  0.000000  0.000000  0.000000  1.000000  
163.589406 0.010546  -0.000135  0.003817  0.899817  0.165749  0.403555  -0.433557  0.236800  0.869456  0.048550  -0.957315  0.284939  -0.004420  -0.000076  -0.003192  0.000000  0.000000  0.000000  1.000000  
163.590655 0.010539  -0.000136  0.003813  0.899722  0.166011  0.403659  -0.433740  0.236921  0.869332  0.048683  -0.957240  0.285169  -0.004584  -0.000041  -0.003111  0.000000  0.000000  0.000000  1.000000  
163.591903 0.010532  -0.000136  0.003810  0.899633  0.166158  0.403798  -0.433925  0.237098  0.869191  0.048683  -0.957171  0.285401  -0.004875  -0.000054  -0.003116  0.000000  0.000000  0.000000  1.000000  
163.593158 0.010524  -0.000136  0.003806  0.899537  0.166371  0.403922  -0.434107  0.237114  0.869096  0.048817  -0.957130  0.285515  -0.005182  -0.000085  -0.003170  0.000000  0.000000  0.000000  1.000000  
163.594400 0.010517  -0.000136  0.003801  0.899448  0.166518  0.404060  -0.434293  0.237290  0.868955  0.048817  -0.957061  0.285748  -0.005253  -0.000116  -0.003297  0.000000  0.000000  0.000000  1.000000  
163.595650 0.010511  -0.000135  0.003796  0.899353  0.166780  0.404164  -0.434475  0.237411  0.868831  0.048951  -0.956985  0.285978  -0.005254  -0.000119  -0.003451  0.000000  0.000000  0.000000  1.000000  
163.596900 0.010507  -0.000132  0.003791  0.899353  0.166878  0.404124  -0.434475  0.237622  0.868774  0.048951  -0.956916  0.286210  -0.005217  -0.000088  -0.003524  0.000000  0.000000  0.000000  1.000000  
163.598150 0.010503  -0.000130  0.003785  0.899257  0.167140  0.404228  -0.434657  0.237742  0.868649  0.049084  -0.956840  0.286440  -0.005278  -0.000089  -0.003652  0.000000  0.000000  0.000000  1.000000  
163.599156 0.010499  -0.000130  0.003782  0.899168  0.167287  0.404366  -0.434842  0.237919  0.868508  0.049084  -0.956770  0.286672  -0.005327  -0.000105  -0.003678  0.000000  0.000000  0.000000  1.000000  
163.600157 0.010493  -0.000130  0.003778  0.899072  0.167550  0.404470  -0.435024  0.238039  0.868384  0.049218  -0.956695  0.286903  -0.005412  -0.000172  -0.003763  0.000000  0.000000  0.000000  1.000000  
163.601425 0.010486  -0.000131  0.003772  0.898983  0.167697  0.404608  -0.435210  0.238215  0.868243  0.049218  -0.956625  0.287135  -0.005407  -0.000171  -0.003759  0.000000  0.000000  0.000000  1.000000  
163.602655 0.010479  -0.000132  0.003766  0.898887  0.167959  0.404711  -0.435392  0.238336  0.868119  0.049352  -0.956549  0.287365  -0.005310  -0.000059  -0.003857  0.000000  0.000000  0.000000  1.000000  
163.603655 0.010474  -0.000132  0.003763  0.898792  0.168222  0.404815  -0.435574  0.238456  0.867994  0.049485  -0.956473  0.287595  -0.005152  0.000100  -0.003779  0.000000  0.000000  0.000000  1.000000  
163.604907 0.010468  -0.000131  0.003760  0.898702  0.168418  0.404932  -0.435759  0.238737  0.867824  0.049485  -0.956368  0.287943  -0.004984  0.000362  -0.003687  0.000000  0.000000  0.000000  1.000000  
163.606153 0.010461  -0.000129  0.003755  0.898606  0.168730  0.405015  -0.435941  0.238962  0.867671  0.049619  -0.956257  0.288289  -0.004983  0.000425  -0.003817  0.000000  0.000000  0.000000  1.000000  
163.607157 0.010457  -0.000127  0.003750  0.898517  0.168877  0.405152  -0.436126  0.239138  0.867529  0.049619  -0.956187  0.288521  -0.004901  0.000599  -0.003972  0.000000  0.000000  0.000000  1.000000  
163.608158 0.010451  -0.000125  0.003745  0.898427  0.169025  0.405290  -0.436311  0.239313  0.867388  0.049619  -0.956117  0.288753  -0.004820  0.000706  -0.004144  0.000000  0.000000  0.000000  1.000000  
163.609402 0.010446  -0.000122  0.003737  0.898337  0.169271  0.405386  -0.436496  0.239699  0.867188  0.049619  -0.955977  0.289217  -0.004739  0.000950  -0.004284  0.000000  0.000000  0.000000  1.000000  
163.610650 0.010440  -0.000117  0.003730  0.898151  0.169632  0.405647  -0.436863  0.239889  0.866951  0.049753  -0.955865  0.289563  -0.004741  0.001143  -0.004364  0.000000  0.000000  0.000000  1.000000  
163.611650 0.010436  -0.000113  0.003725  0.898061  0.169829  0.405764  -0.437048  0.240170  0.866780  0.049753  -0.955760  0.289911  -0.004807  0.001273  -0.004444  0.000000  0.000000  0.000000  1.000000  
163.612900 0.010430  -0.000110  0.003718  0.897881  0.170125  0.406038  -0.437418  0.240520  0.866496  0.049753  -0.955619  0.290374  -0.004920  0.001386  -0.004550  -0.219867  -0.148692  0.105674  1.000000  
163.614150 0.010423  -0.000108  0.003711  0.897791  0.170323  0.406154  -0.437602  0.240800  0.866325  0.049753  -0.955513  0.290722  -0.005060  0.001457  -0.004734  -0.221811  -0.154033  0.106844  1.000000  
163.615151 0.010416  -0.000107  0.003704  0.897791  0.170520  0.406072  -0.437602  0.241221  0.866208  0.049753  -0.955372  0.291186  -0.005154  0.001551  -0.004889  -0.236150  -0.149914  0.101451  1.000000  
163.616156 0.010410  -0.000106  0.003698  0.897617  0.170652  0.406401  -0.437975  0.241522  0.865936  0.049619  -0.955272  0.291535  -0.005198  0.001724  -0.005055  -0.242023  -0.157834  0.094113  1.000000  
163.617400 0.010403  -0.000103  0.003691  0.897527  0.170899  0.406497  -0.438160  0.241907  0.865735  0.049619  -0.955131  0.291999  -0.005169  0.001882  -0.005170  -0.250032  -0.159044  0.089874  1.000000  
163.618404 0.010398  -0.000102  0.003684  0.897436  0.171097  0.406613  -0.438344  0.242186  0.865563  0.049619  -0.955024  0.292346  -0.005153  0.002055  -0.005300  -0.254083  -0.159021  0.089925  1.000000  
163.619407 0.010393  -0.000100  0.003676  0.897346  0.171295  0.406729  -0.438529  0.242466  0.865391  0.049619  -0.954918  0.292694  -0.005186  0.002101  -0.005671  -0.264302  -0.161599  0.086394  1.000000  
163.620654 0.010386  -0.000097  0.003667  0.897262  0.171427  0.406859  -0.438717  0.242907  0.865173  0.049485  -0.954782  0.293159  -0.005199  0.002177  -0.006060  -0.269894  -0.169392  0.079194  1.000000  
163.621663 0.010381  -0.000095  0.003660  0.897262  0.171575  0.406796  -0.438717  0.243222  0.865084  0.049485  -0.954675  0.293506  -0.005179  0.002222  -0.006238  -0.276479  -0.164117  0.077880  1.000000  
163.622907 0.010376  -0.000091  0.003650  0.897087  0.171758  0.407104  -0.439089  0.243627  0.864781  0.049352  -0.954539  0.293971  -0.005099  0.002333  -0.006421  -0.288475  -0.173379  0.071355  1.000000  
163.624153 0.010371  -0.000087  0.003642  0.897087  0.171956  0.407021  -0.439089  0.244046  0.864663  0.049352  -0.954397  0.294435  -0.005014  0.002356  -0.006443  -0.296930  -0.166717  0.069402  1.000000  
163.625400 0.010365  -0.000083  0.003633  0.897003  0.172138  0.407130  -0.439277  0.244591  0.864414  0.049218  -0.954224  0.295015  -0.005074  0.002355  -0.006569  -0.309187  -0.169318  0.060873  1.000000  
163.626650 0.010358  -0.000080  0.003624  0.896918  0.172271  0.407260  -0.439464  0.245031  0.864194  0.049084  -0.954087  0.295480  -0.005245  0.002211  -0.006746  -0.317016  -0.177219  0.058645  1.000000  
163.627900 0.010351  -0.000078  0.003614  0.896833  0.172504  0.407348  -0.439652  0.245681  0.863914  0.048951  -0.953878  0.296176  -0.005289  0.002129  -0.006948  -0.333326  -0.179815  0.050127  1.000000  
163.628900 0.010345  -0.000076  0.003606  0.896749  0.172637  0.407478  -0.439839  0.246121  0.863693  0.048817  -0.953740  0.296641  -0.005265  0.002180  -0.007064  -0.341557  -0.181145  0.045900  1.000000  
163.630150 0.010337  -0.000073  0.003596  0.896664  0.172821  0.407586  -0.440027  0.246665  0.863442  0.048683  -0.953567  0.297221  -0.005287  0.002253  -0.007203  -0.350852  -0.182229  0.037063  1.000000  
163.631400 0.010330  -0.000070  0.003586  0.896585  0.172939  0.407710  -0.440217  0.247370  0.863144  0.048416  -0.953362  0.297919  -0.005230  0.002338  -0.007400  -0.367277  -0.184938  0.028639  1.000000  
163.632651 0.010323  -0.000066  0.003576  0.896500  0.173123  0.407818  -0.440405  0.247914  0.862892  0.048283  -0.953188  0.298499  -0.005214  0.002514  -0.007531  -0.379160  -0.187418  0.020169  1.000000  
163.633651 0.010318  -0.000062  0.003568  0.896415  0.173307  0.407927  -0.440592  0.248458  0.862640  0.048149  -0.953013  0.299079  -0.005280  0.002644  -0.007610  -0.391295  -0.190031  0.011721  1.000000  
163.634652 0.010313  -0.000058  0.003561  0.896330  0.173491  0.408035  -0.440779  0.249002  0.862387  0.048015  -0.952837  0.299659  -0.005242  0.002775  -0.007590  -0.403404  -0.191322  0.007538  1.000000  
163.635904 0.010306  -0.000053  0.003550  0.896155  0.173777  0.408300  -0.441151  0.249614  0.862020  0.047882  -0.952625  0.300354  -0.005284  0.002968  -0.007640  -0.415179  -0.200487  0.001137  1.000000  
163.636907 0.010301  -0.000049  0.003543  0.896075  0.173847  0.408444  -0.441341  0.250214  0.861749  0.047614  -0.952455  0.300936  -0.005334  0.003017  -0.007641  -0.427349  -0.203126  -0.007301  1.000000  
163.638158 0.010294  -0.000044  0.003535  0.895899  0.174133  0.408708  -0.441713  0.250825  0.861380  0.047481  -0.952242  0.301631  -0.005432  0.003116  -0.007643  -0.439141  -0.210989  -0.009424  1.000000  
163.639160 0.010289  -0.000040  0.003527  0.895723  0.174370  0.408993  -0.442085  0.251332  0.861042  0.047347  -0.952065  0.302210  -0.005478  0.003164  -0.007639  -0.446474  -0.220646  -0.011634  1.000000  
163.640163 0.010283  -0.000036  0.003520  0.895643  0.174491  0.409116  -0.442275  0.252036  0.860739  0.047080  -0.951857  0.302907  -0.005574  0.003196  -0.007664  -0.463047  -0.218014  -0.026454  1.000000  
163.641401 0.010275  -0.000031  0.003511  0.895467  0.174829  0.409359  -0.442646  0.252751  0.860338  0.046946  -0.951605  0.303717  -0.005614  0.003362  -0.007673  -0.475147  -0.226058  -0.028559  1.000000  
163.642652 0.010267  -0.000026  0.003501  0.895204  0.175154  0.409793  -0.443205  0.253590  0.859803  0.046679  -0.951322  0.304644  -0.005696  0.003508  -0.007700  -0.491128  -0.235348  -0.034920  1.000000  
163.643900 0.010260  -0.000021  0.003491  0.895033  0.175429  0.410050  -0.443579  0.254465  0.859352  0.046411  -0.951038  0.305571  -0.005699  0.003673  -0.007678  -0.511235  -0.244666  -0.041286  1.000000  
163.644900 0.010255  -0.000016  0.003484  0.894861  0.175654  0.410328  -0.443953  0.255235  0.858930  0.046144  -0.950790  0.306382  -0.005574  0.003898  -0.007601  -0.522850  -0.260586  -0.045572  1.000000  
163.646150 0.010248  -0.000008  0.003475  0.894603  0.175918  0.410777  -0.444514  0.256234  0.858343  0.045743  -0.950472  0.307426  -0.005563  0.004207  -0.007526  -0.542578  -0.267709  -0.051466  1.000000  
163.647400 0.010241  -0.000000  0.003467  0.894345  0.176184  0.411225  -0.445074  0.257232  0.857753  0.045342  -0.950153  0.308469  -0.005602  0.004438  -0.007349  -0.567092  -0.280576  -0.062461  1.000000  
163.648404 0.010235  0.000006  0.003461  0.894173  0.176462  0.411481  -0.445448  0.258104  0.857297  0.045075  -0.949865  0.309394  -0.005604  0.004632  -0.007272  -0.586809  -0.296487  -0.066680  1.000000  
163.649651 0.010230  0.000015  0.003453  0.893919  0.176666  0.411945  -0.446011  0.259262  0.856655  0.044540  -0.949512  0.310554  -0.005517  0.004875  -0.007182  -0.609858  -0.312638  -0.078785  1.000000  
163.650901 0.010224  0.000024  0.003445  0.893659  0.177035  0.412349  -0.446571  0.260465  0.855998  0.044139  -0.949113  0.311826  -0.005427  0.005100  -0.007057  -0.637497  -0.328433  -0.082837  1.000000  
163.652153 0.010218  0.000032  0.003436  0.893307  0.177410  0.412951  -0.447314  0.261528  0.855286  0.043738  -0.948751  0.312982  -0.005416  0.005340  -0.007009  -0.656875  -0.352203  -0.089049  1.000000  
163.653158 0.010213  0.000039  0.003429  0.893138  0.177629  0.413222  -0.447690  0.262558  0.854773  0.043337  -0.948426  0.314023  -0.005427  0.005477  -0.007021  -0.682423  -0.364496  -0.095963  1.000000  
163.654404 0.010206  0.000046  0.003420  0.892790  0.177943  0.413839  -0.448436  0.263780  0.854006  0.042802  -0.948028  0.315296  -0.005445  0.005624  -0.007075  -0.710045  -0.388419  -0.102136  1.000000  
163.655407 0.010201  0.000052  0.003412  0.892533  0.178156  0.414301  -0.448997  0.264933  0.853353  0.042268  -0.947666  0.316453  -0.005317  0.005815  -0.007047  -0.733534  -0.412306  -0.108279  1.000000  
163.656654 0.010196  0.000059  0.003403  0.892183  0.178575  0.414874  -0.449742  0.266359  0.852517  0.041733  -0.947187  0.317954  -0.005127  0.006009  -0.007048  -0.769475  -0.436342  -0.114333  1.000000  
163.657900 0.010191  0.000068  0.003393  0.891832  0.178947  0.415468  -0.450487  0.267680  0.851709  0.041198  -0.946744  0.319339  -0.004937  0.006202  -0.007048  -0.790695  -0.457981  -0.123592  1.000000  
163.658901 0.010186  0.000075  0.003385  0.891573  0.179215  0.415907  -0.451047  0.268934  0.851017  0.040664  -0.946338  0.320609  -0.004891  0.006411  -0.007102  -0.821396  -0.479322  -0.132753  1.000000  
163.660154 0.010182  0.000083  0.003375  0.891226  0.179529  0.416517  -0.451793  0.270414  0.850152  0.039995  -0.945857  0.322110  -0.004728  0.006503  -0.007201  -0.853021  -0.503221  -0.138581  1.000000  
163.661400 0.010178  0.000094  0.003364  0.890882  0.179834  0.417121  -0.452542  0.272155  0.849198  0.039193  -0.945300  0.323841  -0.004536  0.006695  -0.007357  -0.885836  -0.525805  -0.151641  1.000000  
163.662400 0.010175  0.000102  0.003356  0.890621  0.180159  0.417538  -0.453101  0.273509  0.848465  0.038658  -0.944847  0.325223  -0.004413  0.006787  -0.007438  -0.921370  -0.547737  -0.160868  1.000000  
163.663400 0.010171  0.000110  0.003347  0.890363  0.180373  0.417994  -0.453663  0.274919  0.847709  0.037990  -0.944397  0.326606  -0.004239  0.006928  -0.007566  -0.945596  -0.563339  -0.175883  1.000000  
163.664402 0.010168  0.000119  0.003337  0.890012  0.180697  0.418602  -0.454407  0.276393  0.846830  0.037321  -0.943904  0.328103  -0.004211  0.007008  -0.007818  -0.981411  -0.592212  -0.182993  1.000000  
163.665650 0.010163  0.000129  0.003325  0.889762  0.180945  0.419026  -0.454973  0.278429  0.845859  0.036385  -0.943258  0.330060  -0.004124  0.007125  -0.008096  -1.025497  -0.608985  -0.201789  1.000000  
163.666658 0.010159  0.000137  0.003315  0.889502  0.181217  0.419460  -0.455533  0.279937  0.845059  0.035717  -0.942759  0.331555  -0.004093  0.007207  -0.008355  -1.057775  -0.621373  -0.215878  1.000000  
163.667674 0.010154  0.000144  0.003305  0.889152  0.181488  0.420085  -0.456278  0.281568  0.844115  0.034914  -0.942222  0.333165  -0.004025  0.007264  -0.008504  -1.094192  -0.645287  -0.229405  1.000000  
163.668901 0.010148  0.000154  0.003292  0.888903  0.181683  0.420527  -0.456844  0.283758  0.843075  0.033845  -0.941527  0.335234  -0.004057  0.007372  -0.008783  -1.138278  -0.663718  -0.251999  1.000000  
163.669951 0.010144  0.000161  0.003282  0.888644  0.181953  0.420957  -0.457405  0.285524  0.842174  0.033042  -0.940941  0.336956  -0.003983  0.007469  -0.008951  -1.178768  -0.680971  -0.267662  1.000000  
163.671162 0.010139  0.000172  0.003269  0.888294  0.182325  0.421534  -0.458151  0.287615  0.841056  0.032106  -0.940231  0.339020  -0.003961  0.007714  -0.009214  -1.224405  -0.703770  -0.287959  1.000000  
163.672403 0.010134  0.000182  0.003255  0.887947  0.182641  0.422129  -0.458898  0.289864  0.839876  0.031036  -0.939479  0.341197  -0.003930  0.007872  -0.009468  -1.269786  -0.719768  -0.310202  1.000000  
163.673407 0.010130  0.000190  0.003244  0.887590  0.183082  0.422687  -0.459640  0.291790  0.838802  0.030234  -0.938797  0.343142  -0.003962  0.007967  -0.009649  -1.314162  -0.738996  -0.321661  1.000000  
163.674653 0.010125  0.000203  0.003230  0.887243  0.183398  0.423278  -0.460387  0.294294  0.837517  0.029030  -0.937953  0.345545  -0.003929  0.008189  -0.009960  -1.363180  -0.763048  -0.345602  1.000000  
163.675901 0.010122  0.000215  0.003215  0.886891  0.183829  0.423829  -0.461132  0.296737  0.836244  0.027960  -0.937099  0.347943  -0.003848  0.008363  -0.010271  -1.412374  -0.777651  -0.363205  1.000000  
163.677151 0.010119  0.000228  0.003199  0.886540  0.184206  0.424399  -0.461877  0.299336  0.834905  0.026757  -0.936198  0.350454  -0.003799  0.008568  -0.010632  -1.465619  -0.793785  -0.384935  1.000000  
163.678401 0.010114  0.000240  0.003183  0.886187  0.184588  0.424970  -0.462622  0.301932  0.833558  0.025553  -0.935289  0.352962  -0.003829  0.008660  -0.010966  -1.510136  -0.811265  -0.405243  1.000000  
163.679401 0.010110  0.000250  0.003170  0.885830  0.184879  0.425588  -0.463364  0.304062  0.832370  0.024483  -0.934541  0.355013  -0.003860  0.008736  -0.011194  -1.555568  -0.831233  -0.421876  1.000000  
163.680403 0.010106  0.000260  0.003157  0.885471  0.185226  0.426184  -0.464105  0.306290  0.831140  0.023413  -0.933744  0.357175  -0.003860  0.008881  -0.011404  -1.596372  -0.847434  -0.443532  1.000000  
163.681650 0.010100  0.000272  0.003141  0.885022  0.185568  0.426967  -0.465032  0.309155  0.829559  0.021941  -0.932731  0.359904  -0.003894  0.009021  -0.011606  -1.647838  -0.872724  -0.464921  1.000000  
163.682900 0.010095  0.000285  0.003125  0.884666  0.185905  0.427556  -0.465775  0.312154  0.828018  0.020470  -0.931665  0.362742  -0.003896  0.009271  -0.011807  -1.705516  -0.886084  -0.496719  1.000000  
163.683901 0.010091  0.000296  0.003112  0.884301  0.186423  0.428086  -0.466513  0.314673  0.826648  0.019400  -0.930713  0.365235  -0.003817  0.009442  -0.011957  -1.758042  -0.905941  -0.507117  1.000000  
163.684901 0.010087  0.000307  0.003100  0.883937  0.186784  0.428681  -0.467252  0.317146  0.825284  0.018196  -0.929801  0.367613  -0.003785  0.009742  -0.012177  -1.806691  -0.922383  -0.528210  1.000000  
163.685904 0.010084  0.000318  0.003087  0.883571  0.187202  0.429253  -0.467990  0.319716  0.823873  0.016992  -0.928836  0.370100  -0.003743  0.009868  -0.012317  -1.855618  -0.932564  -0.551509  1.000000  
163.686907 0.010080  0.000329  0.003074  0.883202  0.187625  0.429826  -0.468726  0.322282  0.822454  0.015788  -0.927864  0.372585  -0.003712  0.010087  -0.012467  -1.908451  -0.947778  -0.570994  1.000000  
163.687907 0.010078  0.000342  0.003060  0.882832  0.188001  0.430422  -0.469462  0.324744  0.821064  0.014584  -0.926929  0.374954  -0.003601  0.010401  -0.012650  -1.953419  -0.964626  -0.592037  1.000000  
163.689163 0.010075  0.000358  0.003044  0.882368  0.188487  0.431160  -0.470381  0.328035  0.819228  0.012978  -0.925670  0.378108  -0.003459  0.010699  -0.012772  -2.014413  -0.989826  -0.614110  1.000000  
163.690406 0.010073  0.000374  0.003028  0.881802  0.189159  0.432023  -0.471479  0.331222  0.817312  0.011506  -0.924397  0.381257  -0.003368  0.010928  -0.012802  -2.072412  -1.012527  -0.627899  1.000000  
163.691652 0.010071  0.000390  0.003012  0.881233  0.189945  0.432838  -0.472575  0.334600  0.815301  0.010035  -0.923019  0.384624  -0.003213  0.011219  -0.012830  -2.128806  -1.029862  -0.644588  1.000000  
163.692901 0.010069  0.000406  0.002996  0.880758  0.190672  0.433485  -0.473489  0.338010  0.813362  0.008563  -0.921626  0.387986  -0.003121  0.011445  -0.012857  -2.196321  -1.046778  -0.663725  1.000000  
163.693901 0.010067  0.000419  0.002984  0.880377  0.191181  0.434034  -0.474219  0.340901  0.811729  0.007225  -0.920454  0.390783  -0.003026  0.011586  -0.012797  -2.246273  -1.063088  -0.679943  1.000000  
163.694901 0.010065  0.000432  0.002971  0.879994  0.191805  0.434537  -0.474947  0.343728  0.810109  0.006021  -0.919273  0.393576  -0.002874  0.011838  -0.012812  -2.291375  -1.077542  -0.691609  1.000000  
163.696157 0.010063  0.000448  0.002955  0.879512  0.192499  0.435205  -0.475857  0.347273  0.808060  0.004415  -0.917794  0.397033  -0.002635  0.012034  -0.012771  -2.352856  -1.093958  -0.706812  1.000000  
163.697401 0.010061  0.000464  0.002938  0.878929  0.193271  0.436040  -0.476946  0.351025  0.805794  0.002676  -0.916203  0.400706  -0.002375  0.012310  -0.012844  -2.411595  -1.119601  -0.723773  1.000000  
163.698651 0.010060  0.000481  0.002922  0.878341  0.194055  0.436874  -0.478033  0.354767  0.803508  0.000937  -0.914594  0.404371  -0.002146  0.012567  -0.012877  -2.476595  -1.142584  -0.735862  1.000000  
163.699651 0.010058  0.000495  0.002909  0.877849  0.194566  0.437636  -0.478937  0.357897  0.801579  -0.000669  -0.913265  0.407364  -0.002019  0.012703  -0.012944  -2.526562  -1.167530  -0.752900  1.000000  
163.700901 0.010057  0.000512  0.002893  0.877156  0.195445  0.438633  -0.480200  0.361581  0.799166  -0.002408  -0.911625  0.411016  -0.001771  0.012957  -0.012944  -2.587768  -1.197228  -0.762163  1.000000  
163.702153 0.010058  0.000531  0.002876  0.876557  0.196316  0.439441  -0.481280  0.365392  0.796780  -0.004148  -0.909917  0.414769  -0.001460  0.013209  -0.012968  -2.645278  -1.222583  -0.777828  1.000000  
163.703162 0.010058  0.000546  0.002863  0.876055  0.197014  0.440129  -0.482179  0.368537  0.794786  -0.005620  -0.908497  0.417854  -0.001274  0.013395  -0.012965  -2.699978  -1.246179  -0.790284  1.000000  
163.704163 0.010059  0.000561  0.002850  0.875550  0.197775  0.440792  -0.483076  0.371770  0.792732  -0.007091  -0.907013  0.421044  -0.001057  0.013566  -0.012940  -2.753433  -1.267859  -0.798078  1.000000  
163.705409 0.010060  0.000579  0.002835  0.874939  0.198677  0.441598  -0.484150  0.375802  0.790172  -0.008964  -0.905152  0.424994  -0.000900  0.013662  -0.012887  -2.811905  -1.292253  -0.809068  1.000000  
163.706656 0.010060  0.000596  0.002819  0.874324  0.199593  0.442402  -0.485221  0.379822  0.787588  -0.010837  -0.903271  0.428934  -0.000727  0.013740  -0.012884  -2.870173  -1.318408  -0.823986  1.000000  
163.707900 0.010061  0.000613  0.002803  0.873705  0.200520  0.443206  -0.486290  0.383830  0.784982  -0.012711  -0.901369  0.432865  -0.000544  0.013783  -0.012902  -2.924814  -1.335254  -0.836421  1.000000  
163.708901 0.010062  0.000627  0.002790  0.873187  0.201373  0.443840  -0.487180  0.387121  0.782811  -0.014182  -0.899770  0.436133  -0.000297  0.013884  -0.012959  -2.979370  -1.357428  -0.840569  1.000000  
163.710152 0.010063  0.000643  0.002773  0.872560  0.202432  0.444591  -0.488244  0.391294  0.780068  -0.016055  -0.897725  0.440264  -0.000057  0.013897  -0.013006  -3.037070  -1.372429  -0.848182  1.000000  
163.711400 0.010065  0.000661  0.002757  0.871928  0.203558  0.445316  -0.489306  0.395548  0.777253  -0.017928  -0.895604  0.444491  0.000180  0.014042  -0.013006  -3.098602  -1.387075  -0.852258  1.000000  
163.712403 0.010066  0.000674  0.002742  0.871400  0.204440  0.445945  -0.490190  0.398807  0.775027  -0.019400  -0.893956  0.447735  0.000357  0.013988  -0.013051  -3.146021  -1.407761  -0.851845  1.000000  
163.713651 0.010068  0.000691  0.002726  0.870859  0.205348  0.446583  -0.491066  0.403042  0.772277  -0.021406  -0.891846  0.451832  0.000597  0.014002  -0.013099  -3.192749  -1.420475  -0.866911  1.000000  
163.714900 0.010070  0.000708  0.002708  0.870213  0.206461  0.447329  -0.492119  0.407406  0.769310  -0.023413  -0.889603  0.456134  0.000789  0.014004  -0.013178  -3.244523  -1.435412  -0.873223  1.000000  
163.715901 0.010072  0.000721  0.002693  0.869675  0.207481  0.447903  -0.492997  0.410819  0.766930  -0.024884  -0.887795  0.459567  0.000967  0.013882  -0.013246  -3.286594  -1.448386  -0.873887  1.000000  
163.716901 0.010074  0.000734  0.002679  0.869236  0.208425  0.448317  -0.493695  0.414265  0.764624  -0.026355  -0.885971  0.462992  0.001096  0.013819  -0.013323  -3.328504  -1.455077  -0.877311  1.000000  
163.718153 0.010076  0.000750  0.002662  0.868581  0.209621  0.449028  -0.494743  0.418436  0.761670  -0.028228  -0.883725  0.467154  0.001252  0.013668  -0.013408  -3.379227  -1.470713  -0.880881  1.000000  
163.719168 0.010078  0.000763  0.002648  0.868136  0.210636  0.449413  -0.495437  0.421951  0.759276  -0.029699  -0.881811  0.470667  0.001292  0.013413  -0.013533  -3.430843  -1.470716  -0.884034  1.000000  
163.720403 0.010080  0.000777  0.002629  0.867576  0.211877  0.449911  -0.496302  0.426320  0.756265  -0.031571  -0.879409  0.475020  0.001369  0.013232  -0.013727  -3.478276  -1.478391  -0.888678  1.000000  
163.721406 0.010082  0.000788  0.002614  0.867130  0.213066  0.450210  -0.496994  0.429843  0.753811  -0.032909  -0.877404  0.478622  0.001498  0.013033  -0.013844  -3.524237  -1.479517  -0.892098  1.000000  
163.722408 0.010085  0.000799  0.002599  0.866677  0.214050  0.450615  -0.497684  0.433230  0.751414  -0.034379  -0.875496  0.482000  0.001625  0.012827  -0.014040  -3.557783  -1.486321  -0.895101  1.000000  
163.723653 0.010087  0.000812  0.002580  0.866008  0.215567  0.451176  -0.498723  0.437543  0.748219  -0.036118  -0.872976  0.486424  0.001710  0.012555  -0.014220  -3.604752  -1.498653  -0.889643  1.000000  
163.724904 0.010090  0.000825  0.002562  0.865336  0.217151  0.451707  -0.499760  0.441927  0.744943  -0.037856  -0.870371  0.490939  0.001826  0.012310  -0.014319  -3.655088  -1.512739  -0.887874  1.000000  
163.726152 0.010093  0.000837  0.002543  0.864660  0.218749  0.452231  -0.500795  0.446291  0.741639  -0.039594  -0.867740  0.495439  0.001897  0.011920  -0.014493  -3.700199  -1.522488  -0.880408  1.000000  
163.727153 0.010095  0.000846  0.002528  0.864196  0.219880  0.452569  -0.501477  0.449804  0.739051  -0.041065  -0.865638  0.498983  0.001931  0.011722  -0.014586  -3.735786  -1.522069  -0.879574  1.000000  
163.728157 0.010096  0.000856  0.002512  0.863729  0.221019  0.452904  -0.502158  0.453304  0.736446  -0.042535  -0.863520  0.502518  0.001969  0.011398  -0.014714  -3.769151  -1.518872  -0.877073  1.000000  
163.729401 0.010099  0.000867  0.002494  0.863142  0.222510  0.453294  -0.503006  0.457810  0.733073  -0.044407  -0.860755  0.507078  0.002054  0.011061  -0.014766  -3.812246  -1.517117  -0.873240  1.000000  
163.730651 0.010102  0.000879  0.002476  0.862452  0.224208  0.453771  -0.504032  0.462190  0.729611  -0.046144  -0.857969  0.511625  0.002058  0.010739  -0.014737  -3.858647  -1.515058  -0.869395  1.000000  
163.731901 0.010104  0.000889  0.002457  0.861758  0.225808  0.454295  -0.505055  0.466373  0.726233  -0.047882  -0.855281  0.515947  0.001998  0.010272  -0.014817  -3.893234  -1.519160  -0.862505  1.000000  
163.733150 0.010106  0.000898  0.002437  0.861054  0.227268  0.454900  -0.506073  0.470507  0.722851  -0.049753  -0.852627  0.520146  0.001943  0.009828  -0.014967  -3.916200  -1.522842  -0.857871  1.000000  
163.734155 0.010106  0.000904  0.002422  0.860475  0.228760  0.455249  -0.506925  0.474000  0.719966  -0.051089  -0.850290  0.523829  0.001872  0.009407  -0.015076  -3.945477  -1.523941  -0.847879  1.000000  
163.735155 0.010107  0.000909  0.002406  0.859887  0.230328  0.455569  -0.507771  0.477797  0.716853  -0.052559  -0.847738  0.527805  0.001783  0.008991  -0.015118  -3.986497  -1.527102  -0.841448  1.000000  
163.736162 0.010108  0.000915  0.002390  0.859204  0.232033  0.455993  -0.508801  0.481154  0.713872  -0.053761  -0.845371  0.531468  0.001721  0.008590  -0.015150  -4.020342  -1.532327  -0.821853  1.000000  
163.737407 0.010108  0.000921  0.002371  0.858388  0.233957  0.456545  -0.509990  0.485453  0.710102  -0.055498  -0.842377  0.536023  0.001589  0.008116  -0.015180  -4.062948  -1.540096  -0.807134  1.000000  
163.738657 0.010109  0.000927  0.002352  0.857575  0.235993  0.457026  -0.511180  0.489671  0.706341  -0.057101  -0.839363  0.540564  0.001479  0.007562  -0.015143  -4.093510  -1.545775  -0.788197  1.000000  
163.739661 0.010110  0.000930  0.002338  0.856883  0.237785  0.457394  -0.512203  0.493059  0.703236  -0.058303  -0.836870  0.544288  0.001389  0.007142  -0.015190  -4.118816  -1.550302  -0.770474  1.000000  
163.740668 0.010111  0.000933  0.002323  0.856295  0.239373  0.457668  -0.513049  0.496309  0.700327  -0.059505  -0.834492  0.547797  0.001298  0.006656  -0.015100  -4.135543  -1.548541  -0.756323  1.000000  
163.741902 0.010113  0.000936  0.002305  0.855570  0.241246  0.458040  -0.514052  0.500570  0.696549  -0.061241  -0.831402  0.552286  0.001228  0.006100  -0.015113  -4.172957  -1.551128  -0.745311  1.000000  
163.743151 0.010115  0.000939  0.002287  0.854736  0.243346  0.458486  -0.515228  0.504925  0.692525  -0.062977  -0.828151  0.556956  0.001217  0.005555  -0.015040  -4.207302  -1.562087  -0.722377  1.000000  
163.744157 0.010117  0.000940  0.002272  0.854033  0.245178  0.458819  -0.516244  0.508238  0.689337  -0.064179  -0.825580  0.560624  0.001214  0.004971  -0.014995  -4.228305  -1.563740  -0.700549  1.000000  
163.745400 0.010119  0.000942  0.002255  0.853199  0.247231  0.459269  -0.517420  0.512238  0.685484  -0.065781  -0.822490  0.564963  0.001179  0.004247  -0.014996  -4.249095  -1.574168  -0.681136  1.000000  
163.746652 0.010122  0.000942  0.002237  0.852468  0.249303  0.459506  -0.518418  0.516429  0.681574  -0.067383  -0.819237  0.569483  0.001238  0.003619  -0.014912  -4.278134  -1.573569  -0.662156  1.000000  
163.747901 0.010123  0.000940  0.002219  0.851734  0.251443  0.459702  -0.519414  0.520677  0.677573  -0.068985  -0.815887  0.574081  0.001203  0.002830  -0.014779  -4.312987  -1.572424  -0.646391  1.000000  
163.749155 0.010124  0.000936  0.002202  0.850996  0.253594  0.459887  -0.520407  0.524897  0.673542  -0.070587  -0.812510  0.578658  0.001195  0.002148  -0.014630  -4.337581  -1.577020  -0.630302  1.000000  
163.750404 0.010127  0.000932  0.002185  0.850255  0.255646  0.460122  -0.521398  0.528929  0.669611  -0.072188  -0.809246  0.583017  0.001334  0.001450  -0.014498  -4.353629  -1.581119  -0.607128  1.000000  
163.751441 0.010128  0.000928  0.002172  0.849742  0.257227  0.460188  -0.522047  0.532281  0.666441  -0.073523  -0.806543  0.586586  0.001348  0.000656  -0.014216  -4.365528  -1.583976  -0.603465  1.000000  
163.752676 0.010130  0.000922  0.002156  0.848986  0.259207  0.460472  -0.523028  0.536322  0.662420  -0.075257  -0.803225  0.590903  0.001411  -0.000100  -0.014044  -4.390240  -1.585479  -0.591905  1.000000  
163.753910 0.010132  0.000915  0.002140  0.848352  0.261270  0.460474  -0.523843  0.540279  0.658549  -0.076725  -0.799898  0.595211  0.001475  -0.000921  -0.013900  -4.402169  -1.584423  -0.576220  1.000000  
163.754911 0.010134  0.000909  0.002127  0.847841  0.262965  0.460450  -0.524493  0.543517  0.655360  -0.077926  -0.797144  0.598740  0.001583  -0.001534  -0.013792  -4.414862  -1.578433  -0.569400  1.000000  
163.756157 0.010136  0.000901  0.002111  0.847203  0.265156  0.460369  -0.525304  0.547586  0.651310  -0.079393  -0.793626  0.603204  0.001643  -0.002290  -0.013603  -4.432735  -1.568330  -0.553433  1.000000  
163.757157 0.010139  0.000894  0.002099  0.846697  0.266954  0.460260  -0.525956  0.550730  0.648125  -0.080460  -0.790843  0.606708  0.001686  -0.002902  -0.013470  -4.446978  -1.563398  -0.535587  1.000000  
163.758158 0.010141  0.000886  0.002087  0.846082  0.268870  0.460276  -0.526782  0.553802  0.644829  -0.081527  -0.788043  0.610198  0.001698  -0.003609  -0.013283  -4.460317  -1.563599  -0.513770  1.000000  
163.759402 0.010143  0.000876  0.002071  0.845318  0.271054  0.460398  -0.527757  0.557723  0.640639  -0.083127  -0.784522  0.614504  0.001697  -0.004431  -0.013105  -4.471076  -1.569636  -0.497730  1.000000  
163.760663 0.010144  0.000863  0.002056  0.844788  0.273195  0.460106  -0.528393  0.561617  0.636700  -0.084460  -0.780993  0.618802  0.001599  -0.005344  -0.012988  -4.478304  -1.550069  -0.482082  1.000000  
163.761900 0.010145  0.000850  0.002042  0.844138  0.275314  0.460036  -0.529196  0.565408  0.632666  -0.085926  -0.777506  0.622977  0.001582  -0.006153  -0.012763  -4.489098  -1.542708  -0.474653  1.000000  
163.762901 0.010145  0.000839  0.002031  0.843732  0.276969  0.459787  -0.529668  0.568435  0.629551  -0.086993  -0.774706  0.626308  0.001473  -0.006715  -0.012548  -4.506453  -1.525274  -0.461289  1.000000  
163.763901 0.010146  0.000828  0.002020  0.843207  0.278713  0.459697  -0.530306  0.571519  0.626212  -0.088192  -0.771806  0.629712  0.001504  -0.007343  -0.012349  -4.511939  -1.519210  -0.454985  1.000000  
163.765152 0.010146  0.000812  0.002008  0.842560  0.281107  0.459425  -0.531110  0.575414  0.621949  -0.089525  -0.768035  0.634119  0.001351  -0.008026  -0.012062  -4.511946  -1.506197  -0.439662  1.000000  
163.766401 0.010145  0.000796  0.001994  0.841801  0.283461  0.459370  -0.532086  0.578996  0.617777  -0.090858  -0.764470  0.638225  0.001144  -0.008774  -0.011914  -4.517014  -1.497707  -0.428408  1.000000  
163.767651 0.010144  0.000780  0.001982  0.841050  0.285854  0.459263  -0.533067  0.582421  0.613698  -0.092057  -0.760968  0.642225  0.000948  -0.009507  -0.011621  -4.509595  -1.481072  -0.417650  1.000000  
163.768651 0.010143  0.000765  0.001972  0.840417  0.287829  0.459187  -0.533879  0.585308  0.610235  -0.093123  -0.758003  0.645569  0.000750  -0.010110  -0.011427  -4.514723  -1.477497  -0.403968  1.000000  
163.769657 0.010142  0.000751  0.001962  0.839783  0.289699  0.459172  -0.534690  0.588029  0.606900  -0.094188  -0.755179  0.648716  0.000584  -0.010689  -0.011169  -4.506969  -1.470947  -0.398077  1.000000  
163.770669 0.010141  0.000736  0.001953  0.839047  0.291781  0.459199  -0.535679  0.590619  0.603504  -0.095121  -0.752352  0.651858  0.000340  -0.011304  -0.010962  -4.506087  -1.470467  -0.376146  1.000000  
163.771907 0.010140  0.000717  0.001942  0.838177  0.294435  0.459094  -0.536826  0.594039  0.599113  -0.096319  -0.748616  0.655970  0.000075  -0.012001  -0.010635  -4.509556  -1.470252  -0.353215  1.000000  
163.773157 0.010138  0.000698  0.001931  0.837315  0.297127  0.458932  -0.537977  0.597302  0.594820  -0.097385  -0.744947  0.659978  -0.000152  -0.012512  -0.010381  -4.502532  -1.458259  -0.327271  1.000000  
163.774401 0.010137  0.000677  0.001922  0.836440  0.299686  0.458864  -0.539119  0.600520  0.590531  -0.098583  -0.741326  0.663865  -0.000444  -0.013219  -0.009975  -4.500407  -1.446535  -0.313174  1.000000  
163.775651 0.010134  0.000656  0.001912  0.835562  0.302255  0.458779  -0.540259  0.603709  0.586221  -0.099781  -0.737684  0.667732  -0.000645  -0.013779  -0.009627  -4.506483  -1.445140  -0.290743  1.000000  
163.776901 0.010132  0.000634  0.001903  0.834592  0.305121  0.458647  -0.541583  0.606701  0.581895  -0.100713  -0.734040  0.671596  -0.000926  -0.014491  -0.009214  -4.496571  -1.446159  -0.260143  1.000000  
163.778151 0.010131  0.000611  0.001895  0.833497  0.307983  0.458726  -0.543070  0.609584  0.577480  -0.101778  -0.730448  0.675342  -0.001032  -0.015084  -0.008827  -4.479417  -1.449421  -0.221717  1.000000  
163.779154 0.010129  0.000591  0.001890  0.832745  0.310113  0.458656  -0.544047  0.612019  0.573974  -0.102710  -0.727504  0.678372  -0.001155  -0.015592  -0.008514  -4.472498  -1.448729  -0.205774  1.000000  
163.780401 0.010127  0.000567  0.001883  0.831868  0.312683  0.458503  -0.545185  0.614909  0.569789  -0.103774  -0.723958  0.681994  -0.001279  -0.016173  -0.008076  -4.462844  -1.443785  -0.180098  1.000000  
163.781401 0.010126  0.000548  0.001877  0.831124  0.314906  0.458332  -0.546167  0.617251  0.566306  -0.104573  -0.720996  0.685003  -0.001274  -0.016619  -0.007789  -4.462467  -1.445324  -0.151560  1.000000  
163.782649 0.010124  0.000523  0.001871  0.830129  0.317728  0.458187  -0.547473  0.620164  0.561845  -0.105637  -0.717249  0.688764  -0.001337  -0.017136  -0.007404  -4.459082  -1.441460  -0.117870  1.000000  
163.783899 0.010123  0.000497  0.001866  0.829132  0.320502  0.458061  -0.548777  0.622980  0.557441  -0.106702  -0.713565  0.692416  -0.001251  -0.017684  -0.006865  -4.451802  -1.448153  -0.086690  1.000000  
163.784900 0.010123  0.000476  0.001862  0.828369  0.322550  0.458002  -0.549745  0.625176  0.554018  -0.107633  -0.710716  0.695197  -0.001241  -0.018205  -0.006569  -4.438090  -1.453011  -0.064923  1.000000  
163.785904 0.010122  0.000454  0.001859  0.827630  0.324761  0.457777  -0.550728  0.627249  0.550688  -0.108298  -0.707876  0.697985  -0.001233  -0.018572  -0.006109  -4.418795  -1.451404  -0.036259  1.000000  
163.786905 0.010122  0.000431  0.001856  0.826990  0.326823  0.457465  -0.551531  0.629493  0.547314  -0.109096  -0.704929  0.700837  -0.001164  -0.019062  -0.005720  -4.408251  -1.451830  -0.015982  1.000000  
163.787906 0.010122  0.000409  0.001854  0.826361  0.328912  0.457105  -0.552341  0.631601  0.544059  -0.109761  -0.702067  0.703601  -0.001106  -0.019589  -0.005196  -4.392774  -1.442840  0.000248  1.000000  
