1-Time 2-Px 3-Py 4-Pz 5-R11 6-R21 7-R31 8-R12 9-R22 10-R32 11-R13 12-R23 13-R33 14-Vx 15-Vy 16-Vz 17-Wx 18-Wy 19-Wz 20-state
114.133104 0.011175  0.001725  -0.015833  0.607453  0.294651  0.737687  -0.689249  0.657162  0.305080  -0.394887  -0.693772  0.602283  0.000013  0.000286  -0.000326  0.000000  0.000000  0.000000  1.000000  
114.134334 0.011174  0.001724  -0.015832  0.607453  0.294651  0.737687  -0.689249  0.657162  0.305080  -0.394887  -0.693772  0.602283  -0.000368  -0.000537  0.001177  0.000000  0.000000  0.000000  1.000000  
114.135602 0.011168  0.001719  -0.015817  0.607453  0.294651  0.737687  -0.689249  0.657162  0.305080  -0.394887  -0.693772  0.602283  -0.003152  -0.002447  0.007007  0.000000  0.000000  0.000000  1.000000  
114.136848 0.011160  0.001716  -0.015799  0.607453  0.294651  0.737687  -0.689249  0.657162  0.305080  -0.394887  -0.693772  0.602283  -0.004124  -0.002584  0.009527  0.000000  0.000000  0.000000  1.000000  
114.138083 0.011156  0.001715  -0.015788  0.607453  0.294651  0.737687  -0.689249  0.657162  0.305080  -0.394887  -0.693772  0.602283  -0.004021  -0.002090  0.009423  0.000000  0.000000  0.000000  1.000000  
114.139099 0.011151  0.001714  -0.015781  0.607311  0.294786  0.737749  -0.689374  0.657101  0.304928  -0.394887  -0.693772  0.602283  -0.004200  -0.001783  0.009042  0.000000  0.000000  0.000000  1.000000  
114.140366 0.011141  0.001713  -0.015772  0.607311  0.294786  0.737749  -0.689374  0.657101  0.304928  -0.394887  -0.693772  0.602283  -0.004814  -0.001649  0.008713  0.000000  0.000000  0.000000  1.000000  
114.141589 0.011131  0.001712  -0.015762  0.607311  0.294786  0.737749  -0.689374  0.657101  0.304928  -0.394887  -0.693772  0.602283  -0.005270  -0.001564  0.008533  0.000000  0.000000  0.000000  1.000000  
114.142845 0.011124  0.001712  -0.015753  0.607169  0.294921  0.737812  -0.689499  0.657040  0.304776  -0.394887  -0.693772  0.602283  -0.005323  -0.001378  0.008361  0.000000  0.000000  0.000000  1.000000  
114.143855 0.011119  0.001712  -0.015746  0.607169  0.294921  0.737812  -0.689499  0.657040  0.304776  -0.394887  -0.693772  0.602283  -0.005299  -0.001192  0.008301  0.000000  0.000000  0.000000  1.000000  
114.145101 0.011111  0.001711  -0.015733  0.607169  0.294832  0.737848  -0.689499  0.657003  0.304856  -0.394887  -0.693845  0.602199  -0.005421  -0.001157  0.008462  0.000000  0.000000  0.000000  1.000000  
114.146337 0.011100  0.001710  -0.015720  0.606993  0.294906  0.737964  -0.689585  0.657012  0.304644  -0.395010  -0.693805  0.602164  -0.005735  -0.001131  0.008702  0.000000  0.000000  0.000000  1.000000  
114.147339 0.011091  0.001707  -0.015706  0.606993  0.294816  0.738000  -0.689585  0.656975  0.304723  -0.395010  -0.693878  0.602080  -0.005989  -0.001230  0.009037  0.000000  0.000000  0.000000  1.000000  
114.148613 0.011079  0.001702  -0.015686  0.606851  0.294951  0.738062  -0.689710  0.656915  0.304571  -0.395010  -0.693878  0.602080  -0.006505  -0.001505  0.009953  0.000000  0.000000  0.000000  1.000000  
114.149836 0.011064  0.001696  -0.015661  0.606851  0.294862  0.738098  -0.689710  0.656878  0.304651  -0.395010  -0.693951  0.601996  -0.007184  -0.001701  0.011008  0.000000  0.000000  0.000000  1.000000  
114.151084 0.011051  0.001689  -0.015640  0.606851  0.294772  0.738134  -0.689710  0.656841  0.304731  -0.395010  -0.694024  0.601912  -0.007590  -0.001880  0.011321  0.000000  0.000000  0.000000  1.000000  
114.152335 0.011039  0.001687  -0.015624  0.606851  0.294683  0.738170  -0.689710  0.656804  0.304811  -0.395010  -0.694097  0.601827  -0.008033  -0.001875  0.011382  0.000000  0.000000  0.000000  1.000000  
114.153600 0.011026  0.001685  -0.015612  0.606851  0.294593  0.738205  -0.689710  0.656767  0.304890  -0.395010  -0.694170  0.601743  -0.008485  -0.001963  0.011470  0.000000  0.000000  0.000000  1.000000  
114.154830 0.011011  0.001682  -0.015598  0.606885  0.294655  0.738152  -0.689749  0.656697  0.304951  -0.394887  -0.694210  0.601778  -0.008984  -0.002089  0.011876  0.000000  0.000000  0.000000  1.000000  
114.155832 0.011000  0.001680  -0.015581  0.606885  0.294655  0.738152  -0.689749  0.656697  0.304951  -0.394887  -0.694210  0.601778  -0.009132  -0.002165  0.012440  0.000000  0.000000  0.000000  1.000000  
114.157080 0.010989  0.001680  -0.015555  0.607027  0.294519  0.738089  -0.689624  0.656758  0.305103  -0.394887  -0.694210  0.601778  -0.009312  -0.002104  0.013558  0.000000  0.000000  0.000000  1.000000  
114.158083 0.010982  0.001682  -0.015532  0.607027  0.294430  0.738125  -0.689624  0.656721  0.305182  -0.394887  -0.694283  0.601694  -0.009372  -0.001981  0.014648  0.000000  0.000000  0.000000  1.000000  
114.159330 0.010971  0.001684  -0.015501  0.607062  0.294581  0.738036  -0.689664  0.656688  0.305163  -0.394764  -0.694250  0.601812  -0.009666  -0.001870  0.016018  0.000000  0.000000  0.000000  1.000000  
114.160337 0.010960  0.001684  -0.015476  0.607204  0.294446  0.737973  -0.689539  0.656749  0.305315  -0.394764  -0.694250  0.601812  -0.009913  -0.001860  0.016971  0.000000  0.000000  0.000000  1.000000  
114.161592 0.010945  0.001682  -0.015449  0.607239  0.294507  0.737920  -0.689579  0.656679  0.305375  -0.394641  -0.694290  0.601847  -0.010200  -0.001814  0.017882  0.000000  0.000000  0.000000  1.000000  
114.162602 0.010933  0.001682  -0.015430  0.607381  0.294461  0.737822  -0.689454  0.656777  0.305448  -0.394641  -0.694217  0.601931  -0.010372  -0.001657  0.018267  0.000000  0.000000  0.000000  1.000000  
114.163839 0.010920  0.001681  -0.015407  0.607416  0.294523  0.737768  -0.689493  0.656707  0.305508  -0.394518  -0.694257  0.601966  -0.010362  -0.001362  0.018269  0.000000  0.000000  0.000000  1.000000  
114.165079 0.010907  0.001680  -0.015386  0.607451  0.294584  0.737715  -0.689533  0.656637  0.305569  -0.394396  -0.694297  0.602000  -0.010311  -0.000926  0.018070  0.000000  0.000000  0.000000  1.000000  
114.166084 0.010895  0.001679  -0.015371  0.607593  0.294538  0.737616  -0.689408  0.656735  0.305641  -0.394396  -0.694224  0.602085  -0.010393  -0.000661  0.017900  0.000000  0.000000  0.000000  1.000000  
114.167333 0.010881  0.001680  -0.015353  0.607628  0.294600  0.737563  -0.689447  0.656665  0.305701  -0.394273  -0.694263  0.602119  -0.010532  -0.000466  0.018103  0.000000  0.000000  0.000000  1.000000  
114.168334 0.010870  0.001680  -0.015338  0.607628  0.294600  0.737563  -0.689447  0.656665  0.305701  -0.394273  -0.694263  0.602119  -0.010560  -0.000376  0.018449  0.000000  0.000000  0.000000  1.000000  
114.169581 0.010856  0.001680  -0.015313  0.607663  0.294661  0.737510  -0.689487  0.656596  0.305762  -0.394150  -0.694303  0.602154  -0.010525  -0.000170  0.019199  0.000000  0.000000  0.000000  1.000000  
114.170581 0.010846  0.001681  -0.015289  0.607839  0.294587  0.737394  -0.689401  0.656586  0.305974  -0.394027  -0.694343  0.602188  -0.010436  0.000059  0.019836  0.000000  0.000000  0.000000  1.000000  
114.171585 0.010835  0.001683  -0.015263  0.607839  0.294677  0.737358  -0.689401  0.656624  0.305894  -0.394027  -0.694270  0.602272  -0.010544  0.000211  0.020224  0.000000  0.000000  0.000000  1.000000  
114.172833 0.010823  0.001686  -0.015232  0.607909  0.294800  0.737251  -0.689480  0.656484  0.306015  -0.393781  -0.694350  0.602341  -0.010766  0.000263  0.020340  0.000000  0.000000  0.000000  1.000000  
114.173834 0.010813  0.001688  -0.015210  0.607944  0.294951  0.737162  -0.689520  0.656452  0.305996  -0.393658  -0.694316  0.602460  -0.010923  0.000297  0.020129  0.000000  0.000000  0.000000  1.000000  
114.175083 0.010798  0.001689  -0.015187  0.608121  0.295056  0.736974  -0.689434  0.656517  0.306049  -0.393535  -0.694210  0.602663  -0.010982  0.000338  0.019694  0.000000  0.000000  0.000000  1.000000  
114.176125 0.010785  0.001690  -0.015170  0.608156  0.295207  0.736885  -0.689474  0.656484  0.306030  -0.393412  -0.694177  0.602782  -0.011016  0.000470  0.019160  0.000000  0.000000  0.000000  1.000000  
114.177336 0.010770  0.001692  -0.015148  0.608225  0.295508  0.736707  -0.689553  0.656419  0.305991  -0.393166  -0.694110  0.603019  -0.011096  0.000695  0.019075  0.000000  0.000000  0.000000  1.000000  
114.178338 0.010759  0.001695  -0.015129  0.608260  0.295748  0.736582  -0.689592  0.656424  0.305893  -0.393043  -0.694003  0.603222  -0.011136  0.000928  0.019131  0.000000  0.000000  0.000000  1.000000  
114.179585 0.010745  0.001698  -0.015101  0.608330  0.296050  0.736403  -0.689671  0.656359  0.305855  -0.392797  -0.693936  0.603459  -0.011167  0.001188  0.019547  0.000000  0.000000  0.000000  1.000000  
114.180593 0.010732  0.001701  -0.015077  0.608364  0.296290  0.736278  -0.689710  0.656363  0.305756  -0.392673  -0.693829  0.603662  -0.011245  0.001412  0.020164  0.000000  0.000000  0.000000  1.000000  
114.181847 0.010717  0.001704  -0.015046  0.608434  0.296681  0.736063  -0.689789  0.656335  0.305638  -0.392427  -0.693689  0.603984  -0.011242  0.001661  0.021074  0.000000  0.000000  0.000000  1.000000  
114.183081 0.010703  0.001708  -0.015013  0.608469  0.296921  0.735938  -0.689828  0.656340  0.305540  -0.392304  -0.693582  0.604186  -0.011289  0.001857  0.021874  0.000000  0.000000  0.000000  1.000000  
114.184085 0.010692  0.001712  -0.014988  0.608538  0.297311  0.735723  -0.689907  0.656312  0.305422  -0.392058  -0.693441  0.604508  -0.011332  0.002115  0.022394  0.000000  0.000000  0.000000  1.000000  
114.185330 0.010679  0.001716  -0.014957  0.608573  0.297551  0.735597  -0.689947  0.656316  0.305324  -0.391935  -0.693334  0.604710  -0.011284  0.002323  0.022606  0.000000  0.000000  0.000000  1.000000  
114.186333 0.010670  0.001719  -0.014934  0.608642  0.297852  0.735418  -0.690025  0.656251  0.305286  -0.391689  -0.693266  0.604948  -0.011207  0.002441  0.022387  0.000000  0.000000  0.000000  1.000000  
114.187581 0.010657  0.001722  -0.014909  0.608677  0.298181  0.735256  -0.690064  0.656293  0.305108  -0.391566  -0.693086  0.605234  -0.011243  0.002413  0.021890  0.000000  0.000000  0.000000  1.000000  
114.188584 0.010647  0.001724  -0.014891  0.608746  0.298571  0.735040  -0.690143  0.656265  0.304990  -0.391319  -0.692944  0.605555  -0.011221  0.002387  0.021575  -0.123989  0.108714  0.076860  1.000000  
114.189852 0.010634  0.001725  -0.014870  0.608781  0.298900  0.734878  -0.690182  0.656306  0.304812  -0.391196  -0.692763  0.605842  -0.011117  0.002461  0.021482  -0.135858  0.104808  0.081625  1.000000  
114.191082 0.010621  0.001726  -0.014844  0.608850  0.299290  0.734661  -0.690261  0.656278  0.304695  -0.390950  -0.692621  0.606163  -0.010988  0.002381  0.021816  -0.146917  0.109853  0.087686  1.000000  
114.192084 0.010611  0.001727  -0.014818  0.608884  0.299619  0.734499  -0.690300  0.656319  0.304517  -0.390827  -0.692440  0.606449  -0.010810  0.002292  0.022342  -0.159049  0.109869  0.087664  1.000000  
114.193097 0.010602  0.001728  -0.014791  0.608919  0.299858  0.734372  -0.690339  0.656324  0.304419  -0.390704  -0.692332  0.606652  -0.010621  0.002218  0.022886  -0.167106  0.105962  0.092519  1.000000  
114.194339 0.010591  0.001728  -0.014754  0.609096  0.300140  0.734110  -0.690253  0.656464  0.304312  -0.390581  -0.692077  0.607022  -0.010440  0.002038  0.023512  -0.180744  0.113766  0.091725  1.000000  
114.195589 0.010579  0.001730  -0.014718  0.609130  0.300469  0.733947  -0.690292  0.656505  0.304134  -0.390457  -0.691896  0.607308  -0.010236  0.001974  0.023963  -0.191608  0.108989  0.095876  1.000000  
114.196835 0.010566  0.001733  -0.014684  0.609165  0.300886  0.733748  -0.690331  0.656583  0.303877  -0.390334  -0.691640  0.607678  -0.010078  0.001936  0.024118  -0.207932  0.109021  0.095856  1.000000  
114.197866 0.010558  0.001737  -0.014659  0.609199  0.301303  0.733548  -0.690371  0.656661  0.303619  -0.390211  -0.691384  0.608048  -0.009822  0.001939  0.023943  -0.224023  0.111894  0.099120  1.000000  
114.199087 0.010548  0.001741  -0.014630  0.609199  0.301748  0.733365  -0.690371  0.656845  0.303221  -0.390211  -0.691015  0.608468  -0.009613  0.001899  0.023897  -0.244584  0.109055  0.095779  1.000000  
114.200331 0.010538  0.001744  -0.014598  0.609234  0.302254  0.733128  -0.690410  0.656960  0.302883  -0.390088  -0.690686  0.608921  -0.009363  0.001896  0.023941  -0.265727  0.106471  0.102566  1.000000  
114.201581 0.010527  0.001748  -0.014565  0.609234  0.302698  0.732945  -0.690410  0.657143  0.302485  -0.390088  -0.690316  0.609340  -0.009369  0.001844  0.024327  -0.281725  0.103500  0.099102  1.000000  
114.202830 0.010515  0.001750  -0.014531  0.609268  0.303204  0.732707  -0.690449  0.657257  0.302148  -0.389965  -0.689985  0.609793  -0.009327  0.001807  0.024924  -0.301942  0.100591  0.095713  1.000000  
114.203832 0.010505  0.001752  -0.014501  0.609268  0.303559  0.732560  -0.690449  0.657404  0.301829  -0.389965  -0.689690  0.610128  -0.009263  0.001856  0.025902  -0.314060  0.097677  0.092323  1.000000  
114.205080 0.010493  0.001753  -0.014463  0.609268  0.304004  0.732375  -0.690449  0.657587  0.301430  -0.389965  -0.689319  0.610546  -0.009207  0.001814  0.026874  -0.328881  0.090028  0.093091  1.000000  
114.206330 0.010482  0.001754  -0.014424  0.609303  0.304509  0.732137  -0.690488  0.657700  0.301092  -0.389841  -0.688988  0.610999  -0.009096  0.001831  0.027575  -0.345103  0.090075  0.093070  1.000000  
114.207334 0.010472  0.001754  -0.014392  0.609303  0.304775  0.732026  -0.690488  0.657810  0.300853  -0.389841  -0.688766  0.611249  -0.009034  0.001831  0.028001  -0.349100  0.084205  0.086327  1.000000  
114.208583 0.010461  0.001755  -0.014355  0.609161  0.305355  0.731903  -0.690613  0.657929  0.300303  -0.389841  -0.688395  0.611667  -0.009095  0.001765  0.028083  -0.363943  0.076559  0.087116  1.000000  
114.209594 0.010452  0.001756  -0.014328  0.609161  0.305710  0.731755  -0.690613  0.658075  0.299984  -0.389841  -0.688098  0.612001  -0.009072  0.001812  0.027894  -0.370909  0.071265  0.081023  1.000000  
114.210833 0.010441  0.001757  -0.014298  0.609053  0.306350  0.731576  -0.690778  0.658125  0.299496  -0.389718  -0.687766  0.612453  -0.009005  0.001799  0.027529  -0.382762  0.065990  0.084519  1.000000  
114.211838 0.010432  0.001760  -0.014273  0.609053  0.306705  0.731428  -0.690778  0.658270  0.299176  -0.389718  -0.687468  0.612786  -0.008915  0.001716  0.027422  -0.390962  0.060141  0.077825  1.000000  
114.213082 0.010421  0.001763  -0.014242  0.608911  0.307372  0.731266  -0.690903  0.658424  0.298547  -0.389718  -0.687022  0.613286  -0.008961  0.001698  0.027480  -0.409012  0.049938  0.075879  1.000000  
114.214083 0.010412  0.001765  -0.014213  0.608803  0.307924  0.731124  -0.691068  0.658437  0.298138  -0.389595  -0.686763  0.613654  -0.009055  0.001609  0.027771  -0.416444  0.044821  0.079423  1.000000  
114.215329 0.010400  0.001767  -0.014174  0.608661  0.308591  0.730961  -0.691193  0.658590  0.297508  -0.389595  -0.686317  0.614154  -0.009210  0.001524  0.028287  -0.435283  0.037170  0.080239  1.000000  
114.216333 0.010390  0.001769  -0.014141  0.608553  0.309319  0.730743  -0.691357  0.658674  0.296940  -0.389472  -0.685908  0.614688  -0.009269  0.001457  0.028744  -0.453775  0.029767  0.081728  1.000000  
114.217580 0.010376  0.001772  -0.014099  0.608411  0.309987  0.730578  -0.691483  0.658826  0.296311  -0.389472  -0.685461  0.615187  -0.009468  0.001469  0.029259  -0.468926  0.021877  0.081896  1.000000  
114.218582 0.010365  0.001774  -0.014067  0.608303  0.310715  0.730359  -0.691647  0.658909  0.295742  -0.389349  -0.685052  0.615721  -0.009542  0.001555  0.029468  -0.483757  0.014233  0.082745  1.000000  
114.219832 0.010351  0.001778  -0.014026  0.608195  0.311531  0.730101  -0.691811  0.659027  0.295095  -0.389225  -0.684567  0.616337  -0.009606  0.001729  0.029639  -0.502917  0.009561  0.086986  1.000000  
114.220833 0.010340  0.001782  -0.013996  0.608087  0.312258  0.729881  -0.691976  0.659108  0.294527  -0.389102  -0.684157  0.616870  -0.009732  0.001915  0.029570  -0.521434  0.004870  0.091123  1.000000  
114.222080 0.010327  0.001786  -0.013958  0.607836  0.313298  0.729644  -0.692265  0.659196  0.293648  -0.388979  -0.683597  0.617568  -0.009813  0.002122  0.029470  -0.543004  -0.007476  0.096200  1.000000  
114.223080 0.010318  0.001790  -0.013929  0.607728  0.314025  0.729421  -0.692429  0.659276  0.293081  -0.388856  -0.683186  0.618101  -0.009864  0.002352  0.029349  -0.562085  -0.012158  0.100453  1.000000  
114.224088 0.010307  0.001793  -0.013901  0.607654  0.314812  0.729144  -0.692633  0.659287  0.292575  -0.388609  -0.682813  0.618668  -0.010000  0.002547  0.029381  -0.579236  -0.018570  0.112149  1.000000  
114.225331 0.010295  0.001798  -0.013865  0.607403  0.315851  0.728903  -0.692922  0.659372  0.291697  -0.388486  -0.682251  0.619365  -0.010076  0.002739  0.029667  -0.600871  -0.027928  0.120610  1.000000  
114.226347 0.010284  0.001802  -0.013834  0.607329  0.316638  0.728624  -0.693125  0.659382  0.291192  -0.388239  -0.681877  0.619931  -0.010176  0.002910  0.030154  -0.616366  -0.029833  0.129169  1.000000  
114.227586 0.010272  0.001807  -0.013793  0.607112  0.317648  0.728365  -0.693453  0.659361  0.290457  -0.387992  -0.681427  0.620580  -0.010299  0.003027  0.030822  -0.634846  -0.036303  0.141242  1.000000  
114.228588 0.010262  0.001809  -0.013759  0.607037  0.318522  0.728045  -0.693656  0.659405  0.289872  -0.387746  -0.680976  0.621228  -0.010370  0.003039  0.031268  -0.649078  -0.034920  0.152074  1.000000  
114.229836 0.010249  0.001811  -0.013717  0.606854  0.319768  0.727652  -0.694023  0.659384  0.289041  -0.387376  -0.680413  0.622076  -0.010405  0.003014  0.031552  -0.669264  -0.037978  0.165947  1.000000  
114.231109 0.010235  0.001814  -0.013677  0.606670  0.321013  0.727256  -0.694390  0.659362  0.288210  -0.387006  -0.679848  0.622924  -0.010482  0.003037  0.031431  -0.691703  -0.038572  0.185740  1.000000  
114.232335 0.010221  0.001817  -0.013640  0.606452  0.322198  0.726914  -0.694718  0.659406  0.287316  -0.386759  -0.679244  0.623735  -0.010461  0.003066  0.031125  -0.713954  -0.044922  0.197819  1.000000  
114.233582 0.010208  0.001821  -0.013605  0.606268  0.323442  0.726515  -0.695084  0.659381  0.286486  -0.386389  -0.678676  0.624582  -0.010411  0.003076  0.030719  -0.733644  -0.044840  0.214659  1.000000  
114.234831 0.010196  0.001825  -0.013570  0.606050  0.324714  0.726130  -0.695412  0.659458  0.285513  -0.386142  -0.677994  0.625474  -0.010346  0.003131  0.030432  -0.761437  -0.048444  0.231732  1.000000  
114.235833 0.010186  0.001828  -0.013540  0.605865  0.325869  0.725766  -0.695778  0.659396  0.284763  -0.385772  -0.677501  0.626237  -0.010280  0.003069  0.030382  -0.783005  -0.051708  0.246994  1.000000  
114.237081 0.010174  0.001832  -0.013500  0.605824  0.327151  0.725224  -0.696020  0.659503  0.283924  -0.385401  -0.676778  0.627246  -0.010228  0.003079  0.030562  -0.811518  -0.046785  0.259175  1.000000  
114.238330 0.010161  0.001836  -0.013457  0.605639  0.328568  0.724738  -0.696386  0.659541  0.282936  -0.385031  -0.676054  0.628253  -0.010275  0.003060  0.031082  -0.838472  -0.042235  0.273416  1.000000  
114.239330 0.010150  0.001841  -0.013422  0.605597  0.329585  0.724311  -0.696627  0.659543  0.282337  -0.384660  -0.675557  0.629014  -0.010349  0.003077  0.031475  -0.860709  -0.038037  0.290143  1.000000  
114.240332 0.010140  0.001844  -0.013386  0.605377  0.330853  0.723916  -0.696954  0.659612  0.281366  -0.384413  -0.674869  0.629904  -0.010304  0.003036  0.031924  -0.884179  -0.036157  0.298522  1.000000  
114.241583 0.010127  0.001847  -0.013340  0.605368  0.332191  0.723310  -0.697234  0.659646  0.280591  -0.383919  -0.674178  0.630944  -0.010367  0.002915  0.032377  -0.914638  -0.031788  0.315372  1.000000  
114.242844 0.010113  0.001848  -0.013295  0.605182  0.333692  0.722775  -0.697599  0.659713  0.279525  -0.383549  -0.673371  0.632030  -0.010425  0.002730  0.032558  -0.941155  -0.027038  0.329482  1.000000  
114.244089 0.010100  0.001849  -0.013253  0.604996  0.335105  0.722277  -0.697965  0.659743  0.278539  -0.383178  -0.672639  0.633033  -0.010445  0.002626  0.032551  -0.968296  -0.025365  0.340495  1.000000  
114.245337 0.010087  0.001849  -0.013214  0.604986  0.336527  0.721624  -0.698244  0.659807  0.277686  -0.382683  -0.671866  0.634153  -0.010452  0.002446  0.032465  -0.988906  -0.012827  0.353890  1.000000  
114.246585 0.010074  0.001849  -0.013175  0.604799  0.338025  0.721080  -0.698609  0.659868  0.276621  -0.382313  -0.671054  0.635235  -0.010425  0.002294  0.032463  -1.015889  -0.011060  0.364834  1.000000  
114.247693 0.010063  0.001849  -0.013145  0.604612  0.339348  0.720616  -0.698974  0.659860  0.275717  -0.381942  -0.670394  0.636154  -0.010311  0.002064  0.032369  -1.030977  -0.006239  0.377698  1.000000  
114.248836 0.010050  0.001847  -0.013106  0.604424  0.340931  0.720026  -0.699339  0.659950  0.274573  -0.381571  -0.669501  0.637316  -0.010422  0.001687  0.032925  -1.061808  -0.004402  0.390047  1.000000  
114.250080 0.010037  0.001845  -0.013063  0.604236  0.342513  0.719432  -0.699704  0.660038  0.273430  -0.381200  -0.668606  0.638477  -0.010438  0.001273  0.033358  -1.086395  0.002166  0.396740  1.000000  
114.251081 0.010026  0.001842  -0.013027  0.604015  0.343774  0.719017  -0.700030  0.660093  0.272463  -0.380952  -0.667905  0.639358  -0.010486  0.000893  0.033733  -1.105328  0.000918  0.404401  1.000000  
114.252081 0.010016  0.001840  -0.012990  0.603826  0.345093  0.718543  -0.700394  0.660078  0.271561  -0.380581  -0.667239  0.640274  -0.010524  0.000549  0.033967  -1.124113  -0.000327  0.412037  1.000000  
114.253331 0.010003  0.001837  -0.012946  0.603493  0.346808  0.717997  -0.700883  0.660089  0.270271  -0.380210  -0.666339  0.641431  -0.010490  -0.000020  0.034070  -1.147452  0.001644  0.423129  1.000000  
114.254581 0.009990  0.001835  -0.012902  0.603160  0.348609  0.717405  -0.701371  0.660129  0.268902  -0.379839  -0.665358  0.642667  -0.010538  -0.000461  0.034086  -1.175191  -0.001042  0.434707  1.000000  
114.255581 0.009978  0.001830  -0.012868  0.602937  0.349954  0.716938  -0.701696  0.660209  0.267856  -0.379591  -0.664573  0.643625  -0.010604  -0.000945  0.033893  -1.197142  -0.000570  0.438357  1.000000  
114.256587 0.009967  0.001826  -0.012833  0.602603  0.351491  0.716466  -0.702184  0.660146  0.266729  -0.379220  -0.663823  0.644618  -0.010640  -0.001398  0.033734  -1.220743  -0.006382  0.446704  1.000000  
114.257830 0.009954  0.001821  -0.012790  0.602268  0.353288  0.715863  -0.702672  0.660178  0.265362  -0.378848  -0.662836  0.645850  -0.010627  -0.001832  0.033721  -1.250394  -0.011988  0.458769  1.000000  
114.258831 0.009943  0.001816  -0.012755  0.601933  0.354824  0.715386  -0.703159  0.660111  0.264237  -0.378477  -0.662083  0.646840  -0.010688  -0.002188  0.033761  -1.269023  -0.013067  0.466385  1.000000  
114.259838 0.009931  0.001811  -0.012718  0.601709  0.356165  0.714907  -0.703484  0.660182  0.263193  -0.378229  -0.661291  0.647794  -0.010741  -0.002653  0.034049  -1.291369  -0.015755  0.466925  1.000000  
114.261087 0.009917  0.001804  -0.012672  0.601261  0.358152  0.714292  -0.704133  0.660065  0.261747  -0.377733  -0.660335  0.649058  -0.010760  -0.003061  0.034680  -1.313828  -0.022724  0.483108  1.000000  
114.262336 0.009903  0.001796  -0.012623  0.600812  0.360224  0.713627  -0.704781  0.659975  0.260223  -0.377238  -0.659296  0.650400  -0.010898  -0.003641  0.035652  -1.342428  -0.023707  0.494467  1.000000  
114.263586 0.009890  0.001787  -0.012573  0.600475  0.362101  0.712961  -0.705268  0.660023  0.258781  -0.376866  -0.658219  0.651705  -0.010817  -0.004044  0.036133  -1.369356  -0.024542  0.502188  1.000000  
114.264841 0.009878  0.001779  -0.012524  0.600024  0.364169  0.712287  -0.705915  0.659925  0.257259  -0.376370  -0.657176  0.653043  -0.010765  -0.004453  0.036503  -1.394509  -0.029954  0.514248  1.000000  
114.266080 0.009865  0.001769  -0.012478  0.599605  0.366292  0.711550  -0.706601  0.659756  0.255805  -0.375750  -0.656164  0.654416  -0.010748  -0.004892  0.036600  -1.423195  -0.036861  0.534361  1.000000  
114.267083 0.009854  0.001760  -0.012442  0.599266  0.367905  0.711003  -0.707086  0.659700  0.254606  -0.375378  -0.655318  0.655477  -0.010809  -0.005399  0.036569  -1.437676  -0.040832  0.538810  1.000000  
114.268331 0.009841  0.001749  -0.012400  0.598700  0.370160  0.710310  -0.707894  0.659448  0.253010  -0.374758  -0.654301  0.656846  -0.010790  -0.005975  0.036411  -1.464429  -0.052216  0.563254  1.000000  
114.269332 0.009831  0.001739  -0.012366  0.598392  0.371913  0.709653  -0.708417  0.659350  0.251800  -0.374262  -0.653406  0.658019  -0.010768  -0.006488  0.036274  -1.483214  -0.049857  0.574299  1.000000  
114.270583 0.009818  0.001726  -0.012325  0.597970  0.374028  0.708897  -0.709101  0.659166  0.250353  -0.373642  -0.652383  0.659384  -0.010724  -0.007022  0.036237  -1.503062  -0.056145  0.589476  1.000000  
114.271837 0.009805  0.001711  -0.012280  0.597579  0.376283  0.708033  -0.709822  0.658941  0.248896  -0.372897  -0.651313  0.660863  -0.010703  -0.007622  0.036432  -1.528116  -0.058493  0.609743  1.000000  
114.273081 0.009792  0.001697  -0.012234  0.597040  0.378670  0.707214  -0.710666  0.658634  0.247296  -0.372152  -0.650239  0.662339  -0.010555  -0.008242  0.036573  -1.555110  -0.062910  0.635879  1.000000  
114.274085 0.009782  0.001685  -0.012195  0.596729  0.380415  0.706540  -0.711187  0.658522  0.246092  -0.371655  -0.649333  0.663506  -0.010547  -0.008732  0.036684  -1.572835  -0.063511  0.643334  1.000000  
114.275088 0.009771  0.001672  -0.012156  0.596303  0.382350  0.705855  -0.711869  0.658263  0.244813  -0.371034  -0.648459  0.664707  -0.010483  -0.009164  0.036953  -1.597347  -0.073693  0.665491  1.000000  
114.276124 0.009761  0.001659  -0.012117  0.595907  0.384424  0.705062  -0.712588  0.657963  0.243524  -0.370288  -0.647537  0.666020  -0.010344  -0.009683  0.036821  -1.616512  -0.069211  0.686611  1.000000  
114.277335 0.009749  0.001642  -0.012069  0.595511  0.386837  0.704077  -0.713306  0.657776  0.241918  -0.369542  -0.646288  0.667646  -0.010309  -0.010228  0.036930  -1.642423  -0.067290  0.700491  1.000000  
114.278339 0.009739  0.001630  -0.012032  0.595113  0.388905  0.703273  -0.714024  0.657469  0.240634  -0.368796  -0.645359  0.668956  -0.010236  -0.010707  0.036697  -1.669035  -0.066425  0.725104  1.000000  
114.279587 0.009727  0.001613  -0.011986  0.594777  0.391423  0.702160  -0.714817  0.657141  0.239171  -0.367801  -0.644170  0.670647  -0.010208  -0.011238  0.036526  -1.694033  -0.058389  0.750264  1.000000  
114.280834 0.009714  0.001596  -0.011941  0.594292  0.394071  0.701089  -0.715731  0.656727  0.237568  -0.366806  -0.642976  0.672336  -0.010214  -0.011659  0.036432  -1.721883  -0.054812  0.780068  1.000000  
114.281837 0.009703  0.001581  -0.011905  0.593890  0.396216  0.700220  -0.716447  0.656436  0.236212  -0.366059  -0.641954  0.673718  -0.010255  -0.012107  0.036434  -1.746910  -0.053232  0.798797  1.000000  
114.283083 0.009689  0.001563  -0.011860  0.593580  0.398776  0.699028  -0.717275  0.656028  0.234828  -0.364938  -0.640785  0.675437  -0.010319  -0.012603  0.036602  -1.769630  -0.037249  0.822718  1.000000  
114.284331 0.009674  0.001543  -0.011813  0.593152  0.401522  0.697819  -0.718261  0.655467  0.233375  -0.363692  -0.639643  0.677189  -0.010447  -0.013068  0.036914  -1.790696  -0.022454  0.854287  1.000000  
114.285331 0.009661  0.001526  -0.011774  0.592925  0.403577  0.696826  -0.718890  0.655180  0.232242  -0.362819  -0.638643  0.678600  -0.010603  -0.013560  0.037313  -1.809182  -0.009709  0.874790  1.000000  
114.286581 0.009646  0.001504  -0.011726  0.592492  0.406398  0.695553  -0.719874  0.654638  0.230718  -0.361572  -0.637409  0.680423  -0.010820  -0.014032  0.037553  -1.831351  0.005139  0.898830  1.000000  
114.287583 0.009632  0.001486  -0.011688  0.592293  0.408584  0.694441  -0.720538  0.654306  0.229581  -0.360574  -0.636351  0.681942  -0.010997  -0.014521  0.037639  -1.853368  0.021153  0.922075  1.000000  
114.288584 0.009619  0.001467  -0.011650  0.591975  0.410871  0.693362  -0.721361  0.653794  0.228455  -0.359450  -0.635404  0.683416  -0.011178  -0.014954  0.037601  -1.872182  0.038901  0.945515  1.000000  
114.289886 0.009604  0.001443  -0.011606  0.591685  0.413544  0.692019  -0.722220  0.653323  0.227087  -0.358201  -0.634153  0.685231  -0.011344  -0.015519  0.037200  -1.892658  0.058673  0.971186  1.000000  
114.291081 0.009587  0.001418  -0.011562  0.591423  0.416266  0.690610  -0.723114  0.652781  0.225794  -0.356827  -0.632929  0.687077  -0.011631  -0.016107  0.037125  -1.913566  0.081046  0.993821  1.000000  
114.292082 0.009574  0.001397  -0.011526  0.591129  0.418594  0.689453  -0.723970  0.652192  0.224751  -0.355577  -0.632000  0.688579  -0.011795  -0.016622  0.036879  -1.927538  0.100548  1.020082  1.000000  
114.293088 0.009562  0.001377  -0.011490  0.590802  0.420949  0.688299  -0.724788  0.651692  0.223562  -0.354451  -0.630951  0.690120  -0.011975  -0.017151  0.036720  -1.946804  0.119357  1.043990  1.000000  
114.294090 0.009549  0.001355  -0.011454  0.590653  0.423135  0.687085  -0.725520  0.651184  0.222668  -0.353199  -0.630013  0.691617  -0.012202  -0.017723  0.036667  -1.958313  0.143629  1.065671  1.000000  
114.295338 0.009533  0.001328  -0.011405  0.590263  0.426024  0.685633  -0.726566  0.650474  0.221325  -0.351697  -0.628798  0.693486  -0.012452  -0.018355  0.037017  -1.976690  0.167234  1.095235  1.000000  
114.296586 0.009515  0.001300  -0.011354  0.590020  0.428940  0.684023  -0.727490  0.649901  0.219970  -0.350193  -0.627407  0.695504  -0.012755  -0.019101  0.037347  -2.000311  0.195507  1.119801  1.000000  
114.297685 0.009501  0.001277  -0.011312  0.589685  0.431276  0.682841  -0.728303  0.649386  0.218798  -0.349065  -0.626337  0.697033  -0.012845  -0.019462  0.037459  -2.012312  0.208500  1.136274  1.000000  
114.298838 0.009482  0.001249  -0.011259  0.589316  0.434366  0.681200  -0.729380  0.648650  0.217387  -0.347435  -0.624963  0.699078  -0.013203  -0.020187  0.038165  -2.044254  0.233121  1.168713  1.000000  
114.300081 0.009462  0.001219  -0.011207  0.588914  0.437314  0.679659  -0.730420  0.647947  0.215988  -0.345929  -0.623635  0.701008  -0.013478  -0.020714  0.038465  -2.062759  0.254059  1.194969  1.000000  
114.301330 0.009442  0.001189  -0.011154  0.588538  0.440307  0.678051  -0.731494  0.647174  0.214670  -0.344296  -0.622331  0.702968  -0.013769  -0.021340  0.038785  -2.075644  0.279071  1.216892  1.000000  
114.302331 0.009426  0.001164  -0.011114  0.588102  0.442861  0.676765  -0.732493  0.646422  0.213524  -0.342914  -0.621300  0.704554  -0.013991  -0.021786  0.038941  -2.098768  0.295556  1.246835  1.000000  
114.303334 0.009410  0.001140  -0.011073  0.587785  0.445225  0.675488  -0.733335  0.645821  0.212450  -0.341657  -0.620234  0.706103  -0.014169  -0.022165  0.039163  -2.110258  0.314045  1.261803  1.000000  
114.304581 0.009391  0.001109  -0.011021  0.587277  0.448466  0.673784  -0.734559  0.644903  0.211007  -0.339896  -0.618853  0.708161  -0.014393  -0.022565  0.039542  -2.129590  0.330614  1.293603  1.000000  
114.305581 0.009375  0.001084  -0.010979  0.586832  0.451085  0.672422  -0.735553  0.644163  0.209800  -0.338511  -0.617719  0.709812  -0.014590  -0.022920  0.040025  -2.145166  0.347757  1.314708  1.000000  
114.306586 0.009360  0.001058  -0.010936  0.586356  0.453647  0.671112  -0.736511  0.643483  0.208524  -0.337252  -0.616550  0.711426  -0.014769  -0.023363  0.040594  -2.159288  0.362187  1.334258  1.000000  
114.307586 0.009344  0.001031  -0.010890  0.585754  0.456388  0.669778  -0.737622  0.642640  0.207191  -0.335866  -0.615406  0.713071  -0.015079  -0.023841  0.041396  -2.177042  0.372354  1.366461  1.000000  
114.308831 0.009324  0.000997  -0.010831  0.585232  0.459682  0.667979  -0.738837  0.641723  0.205699  -0.334101  -0.613909  0.715187  -0.015251  -0.024240  0.042138  -2.195483  0.389785  1.388348  1.000000  
114.309851 0.009308  0.000970  -0.010784  0.584803  0.462248  0.666582  -0.739859  0.640874  0.204669  -0.332587  -0.612868  0.716783  -0.015478  -0.024637  0.042687  -2.206809  0.404606  1.416147  1.000000  
114.311089 0.009287  0.000934  -0.010725  0.584246  0.465395  0.664879  -0.741034  0.639985  0.203195  -0.330947  -0.611414  0.718782  -0.015701  -0.025193  0.043334  -2.219574  0.419897  1.434868  1.000000  
114.312351 0.009266  0.000898  -0.010667  0.583532  0.468665  0.663207  -0.742326  0.638993  0.201593  -0.329305  -0.609952  0.720775  -0.016003  -0.025827  0.044029  -2.230783  0.427701  1.455455  1.000000  
114.313587 0.009244  0.000863  -0.010608  0.582994  0.471846  0.661422  -0.743531  0.638026  0.200212  -0.327535  -0.608510  0.722797  -0.016107  -0.026178  0.044163  -2.247481  0.439143  1.480046  1.000000  
114.314829 0.009222  0.000826  -0.010549  0.582299  0.475149  0.659668  -0.744852  0.636955  0.198704  -0.325765  -0.607060  0.724814  -0.016240  -0.026580  0.044563  -2.261987  0.444756  1.507526  1.000000  
114.315837 0.009205  0.000798  -0.010500  0.581826  0.477632  0.658290  -0.745828  0.636146  0.197632  -0.324373  -0.605959  0.726358  -0.016329  -0.026946  0.045015  -2.268928  0.453398  1.521754  1.000000  
114.317081 0.009183  0.000761  -0.010439  0.581150  0.481049  0.656397  -0.747179  0.635022  0.196140  -0.322474  -0.604433  0.728472  -0.016458  -0.027345  0.045764  -2.284917  0.460427  1.549094  1.000000  
114.318331 0.009161  0.000725  -0.010374  0.580441  0.484485  0.654494  -0.748491  0.633978  0.194505  -0.320700  -0.602781  0.730620  -0.016613  -0.027696  0.046600  -2.304946  0.467380  1.569124  1.000000  
114.319331 0.009144  0.000695  -0.010322  0.579959  0.487028  0.653032  -0.749461  0.633178  0.193376  -0.319306  -0.601573  0.732226  -0.016752  -0.028060  0.047430  -2.316651  0.471759  1.587189  1.000000  
114.320583 0.009122  0.000658  -0.010254  0.579268  0.490496  0.651047  -0.750802  0.632057  0.191836  -0.317403  -0.599932  0.734396  -0.016928  -0.028380  0.048359  -2.338016  0.476126  1.612693  1.000000  
114.321831 0.009099  0.000620  -0.010187  0.578573  0.493875  0.649108  -0.752139  0.630905  0.190384  -0.315500  -0.598370  0.736487  -0.017201  -0.028915  0.049501  -2.352707  0.483060  1.631057  1.000000  
114.323081 0.009078  0.000582  -0.010120  0.578053  0.497162  0.647058  -0.753387  0.629785  0.189153  -0.313467  -0.596826  0.738605  -0.017214  -0.029025  0.049749  -2.361678  0.496193  1.647052  1.000000  
114.324086 0.009060  0.000551  -0.010067  0.577608  0.499852  0.645381  -0.754414  0.628860  0.188135  -0.311815  -0.595553  0.740330  -0.017338  -0.029310  0.050207  -2.376703  0.500852  1.664818  1.000000  
114.325333 0.009038  0.000511  -0.010001  0.576874  0.503154  0.643470  -0.755708  0.627753  0.186633  -0.310035  -0.593939  0.742371  -0.017408  -0.029691  0.050682  -2.391790  0.503017  1.679696  1.000000  
114.326342 0.009020  0.000478  -0.009949  0.576396  0.505858  0.641775  -0.756697  0.626905  0.185474  -0.308508  -0.592536  0.744127  -0.017493  -0.029928  0.051036  -2.403586  0.506587  1.697344  1.000000  
114.327587 0.008997  0.000436  -0.009885  0.575835  0.509060  0.639744  -0.757900  0.625826  0.184202  -0.306598  -0.590931  0.746189  -0.017639  -0.030366  0.051431  -2.419178  0.519794  1.715600  1.000000  
114.328589 0.008979  0.000403  -0.009832  0.575351  0.511672  0.638093  -0.758883  0.624947  0.183134  -0.305070  -0.589604  0.747863  -0.017711  -0.030668  0.051832  -2.417533  0.522686  1.720564  1.000000  
114.329835 0.008956  0.000361  -0.009765  0.574962  0.514853  0.635881  -0.759994  0.623923  0.182014  -0.303030  -0.587917  0.750017  -0.017755  -0.031004  0.052287  -2.427702  0.540526  1.731069  1.000000  
114.330837 0.008937  0.000327  -0.009710  0.574496  0.517420  0.634216  -0.761005  0.622951  0.181117  -0.301372  -0.586693  0.751642  -0.017893  -0.031372  0.052695  -2.432266  0.549788  1.743883  1.000000  
114.331839 0.008917  0.000293  -0.009655  0.574051  0.520028  0.632484  -0.762046  0.621913  0.180307  -0.299585  -0.585487  0.753295  -0.018020  -0.031694  0.053086  -2.434542  0.563273  1.751722  1.000000  
114.333082 0.008893  0.000251  -0.009586  0.573517  0.523280  0.630283  -0.763297  0.620686  0.179240  -0.297415  -0.583890  0.755392  -0.018147  -0.032104  0.053416  -2.443720  0.577204  1.767893  1.000000  
114.334330 0.008869  0.000208  -0.009517  0.572978  0.526521  0.628070  -0.764544  0.619453  0.178184  -0.295242  -0.582283  0.757482  -0.018337  -0.032505  0.053683  -2.443792  0.592686  1.774233  1.000000  
114.335331 0.008849  0.000173  -0.009462  0.572521  0.529256  0.626185  -0.765575  0.618447  0.177250  -0.293452  -0.580871  0.759260  -0.018510  -0.032906  0.053733  -2.452084  0.605754  1.783066  1.000000  
114.336331 0.008829  0.000138  -0.009407  0.572084  0.532030  0.624231  -0.766635  0.617376  0.176404  -0.291533  -0.579475  0.761063  -0.018600  -0.033193  0.053821  -2.460817  0.627347  1.795169  1.000000  
114.337583 0.008804  0.000095  -0.009339  0.571531  0.535316  0.621923  -0.767871  0.616152  0.175304  -0.289356  -0.577748  0.763204  -0.018778  -0.033522  0.053904  -2.460764  0.646353  1.797418  1.000000  
114.338830 0.008780  0.000051  -0.009270  0.570815  0.538718  0.619640  -0.769220  0.614812  0.174088  -0.287178  -0.576011  0.765336  -0.019052  -0.033938  0.054193  -2.464612  0.657102  1.809454  1.000000  
114.339865 0.008759  0.000015  -0.009216  0.570342  0.541343  0.617785  -0.770238  0.613770  0.173262  -0.285383  -0.574660  0.767021  -0.019153  -0.034071  0.054067  -2.471014  0.669978  1.816895  1.000000  
114.341081 0.008734  -0.000030  -0.009146  0.569819  0.544613  0.615389  -0.771523  0.612387  0.172435  -0.282946  -0.573043  0.769131  -0.019443  -0.034440  0.054534  -2.473472  0.692847  1.830053  1.000000  
114.342330 0.008708  -0.000075  -0.009074  0.569313  0.547991  0.612853  -0.772833  0.610960  0.171628  -0.280378  -0.571344  0.771333  -0.019624  -0.034657  0.054925  -2.478293  0.726138  1.843807  1.000000  
114.343344 0.008687  -0.000110  -0.009017  0.568871  0.550679  0.610851  -0.773901  0.609785  0.170997  -0.278323  -0.570013  0.773060  -0.019736  -0.034761  0.055222  -2.480388  0.746677  1.856673  1.000000  
114.344599 0.008661  -0.000156  -0.008945  0.568171  0.554187  0.608324  -0.775288  0.608319  0.169932  -0.275880  -0.568177  0.775284  -0.019961  -0.035020  0.055557  -2.489356  0.768684  1.868269  1.000000  
114.345837 0.008634  -0.000201  -0.008874  0.567669  0.557499  0.605761  -0.776612  0.606798  0.169322  -0.273178  -0.566560  0.777421  -0.020155  -0.035207  0.055766  -2.494465  0.797800  1.885346  1.000000  
114.347088 0.008608  -0.000247  -0.008803  0.566977  0.560951  0.603217  -0.778017  0.605241  0.168442  -0.270603  -0.564816  0.779588  -0.020297  -0.035453  0.055892  -2.493733  0.824224  1.901747  1.000000  
114.348336 0.008582  -0.000293  -0.008734  0.566258  0.564345  0.600721  -0.779387  0.603739  0.167493  -0.268155  -0.563039  0.781716  -0.020457  -0.035688  0.055841  -2.495964  0.843373  1.911365  1.000000  
114.349339 0.008560  -0.000330  -0.008679  0.565791  0.566983  0.598674  -0.780433  0.602548  0.166915  -0.266092  -0.561664  0.783408  -0.020551  -0.035832  0.055814  -2.491755  0.868946  1.918118  1.000000  
114.350584 0.008534  -0.000375  -0.008610  0.565081  0.570324  0.596166  -0.781822  0.600957  0.166149  -0.263512  -0.559983  0.785481  -0.020694  -0.035981  0.055882  -2.487735  0.887737  1.935505  1.000000  
114.351838 0.008507  -0.000421  -0.008541  0.564384  0.573768  0.593516  -0.783233  0.599321  0.165409  -0.260800  -0.558215  0.787641  -0.020820  -0.036175  0.055958  -2.488984  0.913923  1.949656  1.000000  
