1-Time 2-Px 3-Py 4-Pz 5-R11 6-R21 7-R31 8-R12 9-R22 10-R32 11-R13 12-R23 13-R33 14-Vx 15-Vy 16-Vz 17-Wx 18-Wy 19-Wz 20-state
51.146002 0.001373  -0.009321  0.008699  0.617693  0.643506  0.452057  -0.748920  0.656727  0.088474  -0.239945  -0.393204  0.887590  0.000793  0.000368  0.000674  0.000000  0.000000  0.000000  1.000000  
51.147164 0.001375  -0.009320  0.008698  0.617693  0.643506  0.452057  -0.748920  0.656727  0.088474  -0.239945  -0.393204  0.887590  0.001269  0.000598  -0.000755  0.000000  0.000000  0.000000  1.000000  
51.148408 0.001378  -0.009315  0.008692  0.617693  0.643451  0.452135  -0.748920  0.656717  0.088553  -0.239945  -0.393312  0.887543  0.002153  0.002644  -0.002942  0.000000  0.000000  0.000000  1.000000  
51.149425 0.001380  -0.009310  0.008686  0.617693  0.643451  0.452135  -0.748920  0.656717  0.088553  -0.239945  -0.393312  0.887543  0.002044  0.003135  -0.003930  0.000000  0.000000  0.000000  1.000000  
51.150666 0.001383  -0.009306  0.008682  0.617693  0.643506  0.452057  -0.748920  0.656727  0.088474  -0.239945  -0.393204  0.887590  0.002079  0.003218  -0.003809  0.000000  0.000000  0.000000  1.000000  
51.151920 0.001384  -0.009305  0.008679  0.617693  0.643506  0.452057  -0.748920  0.656727  0.088474  -0.239945  -0.393204  0.887590  0.001880  0.002782  -0.003450  0.000000  0.000000  0.000000  1.000000  
51.153168 0.001384  -0.009301  0.008677  0.617539  0.643641  0.452075  -0.749047  0.656595  0.088380  -0.239945  -0.393204  0.887590  0.001568  0.002859  -0.003187  0.000000  0.000000  0.000000  1.000000  
51.154416 0.001384  -0.009295  0.008673  0.617539  0.643641  0.452075  -0.749047  0.656595  0.088380  -0.239945  -0.393204  0.887590  0.001338  0.003056  -0.003147  0.000000  0.000000  0.000000  1.000000  
51.155660 0.001384  -0.009289  0.008669  0.617539  0.643641  0.452075  -0.749047  0.656595  0.088380  -0.239945  -0.393204  0.887590  0.001098  0.003283  -0.003124  0.000000  0.000000  0.000000  1.000000  
51.156667 0.001384  -0.009285  0.008665  0.617539  0.643641  0.452075  -0.749047  0.656595  0.088380  -0.239945  -0.393204  0.887590  0.000994  0.003371  -0.003204  0.000000  0.000000  0.000000  1.000000  
51.157909 0.001385  -0.009279  0.008661  0.617539  0.643641  0.452075  -0.749047  0.656595  0.088380  -0.239945  -0.393204  0.887590  0.001004  0.003509  -0.003242  0.000000  0.000000  0.000000  1.000000  
51.159161 0.001385  -0.009274  0.008655  0.617385  0.643831  0.452016  -0.749174  0.656473  0.088208  -0.239945  -0.393097  0.887638  0.000921  0.003566  -0.003384  0.000000  0.000000  0.000000  1.000000  
51.160408 0.001386  -0.009267  0.008648  0.617385  0.643831  0.452016  -0.749174  0.656473  0.088208  -0.239945  -0.393097  0.887638  0.000918  0.003760  -0.003589  0.000000  0.000000  0.000000  1.000000  
51.161409 0.001388  -0.009260  0.008639  0.617385  0.643831  0.452016  -0.749174  0.656473  0.088208  -0.239945  -0.393097  0.887638  0.001002  0.004065  -0.004014  0.000000  0.000000  0.000000  1.000000  
51.162659 0.001392  -0.009248  0.008627  0.617385  0.643831  0.452016  -0.749174  0.656473  0.088208  -0.239945  -0.393097  0.887638  0.001110  0.004716  -0.004623  0.000000  0.000000  0.000000  1.000000  
51.163679 0.001396  -0.009239  0.008620  0.617385  0.643886  0.451937  -0.749174  0.656484  0.088128  -0.239945  -0.392989  0.887686  0.001108  0.005020  -0.004682  0.000000  0.000000  0.000000  1.000000  
51.164909 0.001398  -0.009228  0.008614  0.617385  0.643886  0.451937  -0.749174  0.656484  0.088128  -0.239945  -0.392989  0.887686  0.001089  0.005357  -0.004681  0.000000  0.000000  0.000000  1.000000  
51.165933 0.001397  -0.009221  0.008611  0.617364  0.643907  0.451935  -0.749150  0.656535  0.087957  -0.240075  -0.392868  0.887704  0.000927  0.005713  -0.004743  0.000000  0.000000  0.000000  1.000000  
51.167164 0.001398  -0.009213  0.008605  0.617364  0.643907  0.451935  -0.749150  0.656535  0.087957  -0.240075  -0.392868  0.887704  0.000874  0.006086  -0.004893  0.000000  0.000000  0.000000  1.000000  
51.168412 0.001399  -0.009202  0.008598  0.617364  0.643907  0.451935  -0.749150  0.656535  0.087957  -0.240075  -0.392868  0.887704  0.000958  0.006534  -0.005247  0.000000  0.000000  0.000000  1.000000  
51.169415 0.001400  -0.009194  0.008590  0.617344  0.643874  0.452010  -0.749125  0.656576  0.087865  -0.240205  -0.392855  0.887675  0.001046  0.006731  -0.005526  0.000000  0.000000  0.000000  1.000000  
51.170658 0.001401  -0.009186  0.008579  0.617344  0.643928  0.451932  -0.749125  0.656586  0.087786  -0.240205  -0.392748  0.887722  0.001134  0.006923  -0.006038  0.000000  0.000000  0.000000  1.000000  
51.171667 0.001402  -0.009178  0.008570  0.617344  0.643928  0.451932  -0.749125  0.656586  0.087786  -0.240205  -0.392748  0.887722  0.001174  0.007159  -0.006397  0.000000  0.000000  0.000000  1.000000  
51.172909 0.001403  -0.009169  0.008561  0.617344  0.643928  0.451932  -0.749125  0.656586  0.087786  -0.240205  -0.392748  0.887722  0.001238  0.007379  -0.006717  0.000000  0.000000  0.000000  1.000000  
51.173909 0.001405  -0.009161  0.008553  0.617344  0.643874  0.452010  -0.749125  0.656576  0.087865  -0.240205  -0.392855  0.887675  0.001315  0.007648  -0.006910  0.000000  0.000000  0.000000  1.000000  
51.175159 0.001407  -0.009150  0.008544  0.617344  0.643874  0.452010  -0.749125  0.656576  0.087865  -0.240205  -0.392855  0.887675  0.001412  0.007938  -0.007014  0.000000  0.000000  0.000000  1.000000  
51.176161 0.001409  -0.009141  0.008537  0.617323  0.643840  0.452086  -0.749100  0.656616  0.087774  -0.240335  -0.392842  0.887645  0.001388  0.008046  -0.006900  0.000000  0.000000  0.000000  1.000000  
51.177409 0.001411  -0.009130  0.008530  0.617478  0.643705  0.452068  -0.748973  0.656749  0.087867  -0.240335  -0.392842  0.887645  0.001255  0.008046  -0.006594  0.000000  0.000000  0.000000  1.000000  
51.178659 0.001413  -0.009117  0.008525  0.617478  0.643705  0.452068  -0.748973  0.656749  0.087867  -0.240335  -0.392842  0.887645  0.001140  0.008093  -0.006326  0.000000  0.000000  0.000000  1.000000  
51.179911 0.001413  -0.009107  0.008520  0.617478  0.643705  0.452068  -0.748973  0.656749  0.087867  -0.240335  -0.392842  0.887645  0.001049  0.008129  -0.006342  0.000000  0.000000  0.000000  1.000000  
51.181159 0.001411  -0.009098  0.008513  0.617478  0.643705  0.452068  -0.748973  0.656749  0.087867  -0.240335  -0.392842  0.887645  0.000922  0.008133  -0.006452  0.000000  0.000000  0.000000  1.000000  
51.182165 0.001410  -0.009091  0.008505  0.617632  0.643570  0.452050  -0.748846  0.656881  0.087960  -0.240335  -0.392842  0.887645  0.000873  0.008143  -0.006735  0.000000  0.000000  0.000000  1.000000  
51.183166 0.001410  -0.009082  0.008496  0.617632  0.643515  0.452128  -0.748846  0.656871  0.088039  -0.240335  -0.392950  0.887598  0.000764  0.008124  -0.006883  0.000000  0.000000  0.000000  1.000000  
51.184167 0.001411  -0.009074  0.008486  0.617632  0.643515  0.452128  -0.748846  0.656871  0.088039  -0.240335  -0.392950  0.887598  0.000746  0.008146  -0.007080  0.000000  0.000000  0.000000  1.000000  
51.185413 0.001410  -0.009064  0.008477  0.617632  0.643515  0.452128  -0.748846  0.656871  0.088039  -0.240335  -0.392950  0.887598  0.000623  0.008215  -0.006914  0.000000  0.000000  0.000000  1.000000  
51.186415 0.001409  -0.009057  0.008470  0.617632  0.643515  0.452128  -0.748846  0.656871  0.088039  -0.240335  -0.392950  0.887598  0.000517  0.008196  -0.006814  0.000000  0.000000  0.000000  1.000000  
51.187669 0.001409  -0.009049  0.008462  0.617786  0.643325  0.452188  -0.748719  0.656992  0.088212  -0.240335  -0.393058  0.887550  0.000393  0.008185  -0.006656  0.000000  0.000000  0.000000  1.000000  
51.188910 0.001409  -0.009038  0.008456  0.617786  0.643325  0.452188  -0.748719  0.656992  0.088212  -0.240335  -0.393058  0.887550  0.000202  0.008190  -0.006481  0.000000  0.000000  0.000000  1.000000  
51.190159 0.001409  -0.009027  0.008448  0.617806  0.643303  0.452190  -0.748743  0.656941  0.088383  -0.240205  -0.393178  0.887532  0.000129  0.008204  -0.006408  0.000000  0.000000  0.000000  1.000000  
51.191159 0.001409  -0.009018  0.008441  0.617961  0.643113  0.452250  -0.748616  0.657063  0.088556  -0.240205  -0.393286  0.887484  0.000015  0.008197  -0.006409  0.000000  0.000000  0.000000  1.000000  
51.192163 0.001409  -0.009010  0.008433  0.617961  0.643113  0.452250  -0.748616  0.657063  0.088556  -0.240205  -0.393286  0.887484  -0.000130  0.008084  -0.006556  0.000000  0.000000  0.000000  1.000000  
51.193408 0.001407  -0.009002  0.008423  0.618135  0.642957  0.452234  -0.748514  0.657144  0.088821  -0.240075  -0.393407  0.887466  -0.000325  0.007847  -0.006824  0.000000  0.000000  0.000000  1.000000  
51.194659 0.001406  -0.008993  0.008412  0.618135  0.642957  0.452234  -0.748514  0.657144  0.088821  -0.240075  -0.393407  0.887466  -0.000442  0.007707  -0.007339  0.000000  0.000000  0.000000  1.000000  
51.195910 0.001404  -0.008984  0.008401  0.618310  0.642855  0.452140  -0.748411  0.657236  0.089005  -0.239945  -0.393420  0.887495  -0.000471  0.007701  -0.007599  0.000000  0.000000  0.000000  1.000000  
51.197161 0.001402  -0.008976  0.008389  0.618330  0.642834  0.452143  -0.748436  0.657184  0.089176  -0.239815  -0.393540  0.887477  -0.000581  0.007628  -0.007775  0.000000  0.000000  0.000000  1.000000  
51.198409 0.001400  -0.008966  0.008378  0.618505  0.642732  0.452049  -0.748333  0.657276  0.089361  -0.239685  -0.393553  0.887506  -0.000733  0.007593  -0.007699  0.000000  0.000000  0.000000  1.000000  
51.199421 0.001398  -0.008958  0.008372  0.618679  0.642630  0.451954  -0.748231  0.657368  0.089546  -0.239555  -0.393566  0.887535  -0.000855  0.007554  -0.007513  0.000000  0.000000  0.000000  1.000000  
51.200668 0.001397  -0.008949  0.008364  0.618854  0.642528  0.451860  -0.748128  0.657459  0.089730  -0.239426  -0.393579  0.887565  -0.000891  0.007590  -0.007410  0.000000  0.000000  0.000000  1.000000  
51.201910 0.001395  -0.008940  0.008356  0.618874  0.642562  0.451785  -0.748153  0.657419  0.089822  -0.239296  -0.393592  0.887594  -0.000926  0.007662  -0.007351  0.000000  0.000000  0.000000  1.000000  
51.202916 0.001393  -0.008931  0.008348  0.619048  0.642460  0.451690  -0.748050  0.657510  0.090006  -0.239166  -0.393605  0.887623  -0.001042  0.007695  -0.007543  0.000000  0.000000  0.000000  1.000000  
51.204159 0.001393  -0.008920  0.008337  0.619243  0.642337  0.451598  -0.747972  0.657551  0.090362  -0.238906  -0.393739  0.887634  -0.001028  0.007694  -0.007855  0.000000  0.000000  0.000000  1.000000  
51.205409 0.001393  -0.008909  0.008324  0.619438  0.642269  0.451428  -0.747894  0.657602  0.090638  -0.238646  -0.393765  0.887692  -0.001110  0.007659  -0.008210  0.000000  0.000000  0.000000  1.000000  
51.206661 0.001391  -0.008901  0.008311  0.619633  0.642201  0.451258  -0.747815  0.657653  0.090914  -0.238386  -0.393791  0.887751  -0.001203  0.007568  -0.008440  0.000000  0.000000  0.000000  1.000000  
51.207915 0.001389  -0.008892  0.008297  0.619827  0.642133  0.451088  -0.747737  0.657704  0.091189  -0.238126  -0.393816  0.887809  -0.001272  0.007580  -0.008666  0.000000  0.000000  0.000000  1.000000  
51.209159 0.001385  -0.008883  0.008286  0.620042  0.642098  0.450841  -0.747683  0.657714  0.091557  -0.237736  -0.393855  0.887896  -0.001419  0.007544  -0.008745  0.000000  0.000000  0.000000  1.000000  
51.210185 0.001383  -0.008875  0.008276  0.620237  0.642030  0.450671  -0.747604  0.657765  0.091832  -0.237476  -0.393881  0.887954  -0.001460  0.007648  -0.008710  0.000000  0.000000  0.000000  1.000000  
51.211409 0.001380  -0.008866  0.008266  0.620585  0.641826  0.450481  -0.747397  0.657949  0.092201  -0.237217  -0.393907  0.888012  -0.001499  0.007698  -0.008624  0.000000  0.000000  0.000000  1.000000  
51.212659 0.001377  -0.008856  0.008256  0.620800  0.641792  0.450234  -0.747343  0.657959  0.092568  -0.236827  -0.393945  0.888099  -0.001524  0.007765  -0.008541  0.000000  0.000000  0.000000  1.000000  
51.213909 0.001374  -0.008846  0.008246  0.621188  0.641656  0.449892  -0.747184  0.658061  0.093119  -0.236307  -0.393997  0.888215  -0.001638  0.007758  -0.008542  0.000000  0.000000  0.000000  1.000000  
51.214909 0.001373  -0.008837  0.008238  0.621403  0.641621  0.449645  -0.747129  0.658072  0.093485  -0.235917  -0.394035  0.888302  -0.001674  0.007877  -0.008680  0.000000  0.000000  0.000000  1.000000  
51.215923 0.001371  -0.008828  0.008228  0.621771  0.641506  0.449301  -0.746946  0.658226  0.093865  -0.235526  -0.393966  0.888436  -0.001674  0.007952  -0.008909  0.000000  0.000000  0.000000  1.000000  
51.217171 0.001369  -0.008817  0.008216  0.622005  0.641506  0.448977  -0.746915  0.658196  0.094323  -0.235006  -0.394017  0.888551  -0.001676  0.008057  -0.009253  0.000000  0.000000  0.000000  1.000000  
51.218437 0.001368  -0.008805  0.008202  0.622393  0.641370  0.448634  -0.746755  0.658298  0.094873  -0.234486  -0.394068  0.888666  -0.001712  0.008092  -0.009393  0.055683  0.250146  -0.065439  1.000000  
51.219667 0.001366  -0.008794  0.008191  0.622801  0.641322  0.448136  -0.746619  0.658371  0.095434  -0.233836  -0.394023  0.888857  -0.001851  0.008049  -0.009379  0.050785  0.272217  -0.070502  1.000000  
51.220911 0.001363  -0.008784  0.008180  0.623054  0.641355  0.447735  -0.746611  0.658300  0.095983  -0.233185  -0.394087  0.889000  -0.001975  0.008093  -0.009189  0.046661  0.292846  -0.061403  1.000000  
51.222161 0.001359  -0.008775  0.008172  0.623328  0.641476  0.447180  -0.746626  0.658201  0.096543  -0.232404  -0.394054  0.889218  -0.002101  0.008155  -0.008864  0.043787  0.317613  -0.056187  1.000000  
51.223409 0.001355  -0.008765  0.008163  0.623735  0.641429  0.446681  -0.746488  0.658275  0.097104  -0.231754  -0.394010  0.889408  -0.002190  0.008245  -0.008616  0.037555  0.339417  -0.055527  1.000000  
51.224409 0.001352  -0.008756  0.008156  0.623968  0.641428  0.446356  -0.746455  0.658245  0.097561  -0.231233  -0.394060  0.889521  -0.002225  0.008373  -0.008504  0.039137  0.358613  -0.054402  1.000000  
51.225659 0.001349  -0.008745  0.008145  0.624374  0.641381  0.445856  -0.746317  0.658319  0.098122  -0.230582  -0.394014  0.889710  -0.002218  0.008474  -0.008450  0.036612  0.377814  -0.053306  1.000000  
51.226909 0.001345  -0.008734  0.008135  0.624647  0.641502  0.445300  -0.746330  0.658220  0.098681  -0.229801  -0.393981  0.889927  -0.002264  0.008526  -0.008452  0.029988  0.401113  -0.050368  1.000000  
51.227910 0.001343  -0.008725  0.008127  0.625033  0.641366  0.444953  -0.746167  0.658323  0.099230  -0.229280  -0.394031  0.890039  -0.002247  0.008601  -0.008487  0.031537  0.416122  -0.051061  1.000000  
51.228936 0.001341  -0.008716  0.008118  0.625265  0.641420  0.444549  -0.746132  0.658305  0.099607  -0.228759  -0.393973  0.890199  -0.002209  0.008628  -0.008563  0.027388  0.432344  -0.043790  1.000000  
51.230159 0.001339  -0.008705  0.008107  0.625670  0.641372  0.444047  -0.745992  0.658379  0.100166  -0.228108  -0.393926  0.890387  -0.002211  0.008633  -0.008566  0.026261  0.450788  -0.048480  1.000000  
51.231165 0.001337  -0.008697  0.008100  0.625902  0.641372  0.443720  -0.745956  0.658350  0.100623  -0.227587  -0.393976  0.890498  -0.002199  0.008658  -0.008438  0.026189  0.463100  -0.043084  1.000000  
51.232165 0.001335  -0.008688  0.008093  0.626134  0.641426  0.443315  -0.745920  0.658333  0.100999  -0.227065  -0.393917  0.890657  -0.002244  0.008627  -0.008204  0.022234  0.475123  -0.039843  1.000000  
51.233414 0.001333  -0.008677  0.008086  0.626539  0.641378  0.442813  -0.745779  0.658407  0.101558  -0.226414  -0.393870  0.890844  -0.002338  0.008588  -0.007758  0.015594  0.494196  -0.038723  1.000000  
51.234414 0.001331  -0.008668  0.008082  0.626770  0.641432  0.442407  -0.745742  0.658390  0.101934  -0.225893  -0.393811  0.891002  -0.002368  0.008599  -0.007395  0.013031  0.505159  -0.041287  1.000000  
51.235662 0.001327  -0.008658  0.008076  0.627347  0.641282  0.441806  -0.745494  0.658557  0.102675  -0.225110  -0.393776  0.891216  -0.002458  0.008577  -0.007076  0.012052  0.531273  -0.044558  1.000000  
51.236909 0.001323  -0.008648  0.008071  0.627770  0.641268  0.441225  -0.745373  0.658592  0.103324  -0.224328  -0.393741  0.891429  -0.002448  0.008600  -0.006817  0.007821  0.543647  -0.039164  1.000000  
51.237911 0.001321  -0.008640  0.008066  0.628020  0.641356  0.440741  -0.745359  0.658535  0.103791  -0.223676  -0.393693  0.891613  -0.002350  0.008575  -0.006664  0.005196  0.558156  -0.037779  1.000000  
51.239166 0.001318  -0.008630  0.008058  0.628424  0.641308  0.440236  -0.745214  0.658610  0.104349  -0.223024  -0.393646  0.891798  -0.002322  0.008539  -0.006609  0.001021  0.570837  -0.034506  1.000000  
51.240187 0.001316  -0.008621  0.008053  0.628826  0.641260  0.439731  -0.745069  0.658685  0.104906  -0.222372  -0.393598  0.891982  -0.002281  0.008478  -0.006443  -0.001586  0.585498  -0.035243  1.000000  
51.241409 0.001313  -0.008610  0.008045  0.629248  0.641299  0.439070  -0.744946  0.658734  0.105475  -0.221589  -0.393453  0.892240  -0.002195  0.008493  -0.006277  -0.008229  0.600237  -0.033979  1.000000  
51.242411 0.001312  -0.008602  0.008040  0.629650  0.641251  0.438563  -0.744800  0.658809  0.106031  -0.220937  -0.393405  0.892424  -0.002129  0.008505  -0.006017  -0.010939  0.616196  -0.036854  1.000000  
51.243659 0.001310  -0.008591  0.008034  0.630244  0.641188  0.437802  -0.744569  0.658950  0.106780  -0.220023  -0.393271  0.892708  -0.002096  0.008495  -0.005721  -0.017723  0.631317  -0.037683  1.000000  
51.244659 0.001308  -0.008583  0.008030  0.630645  0.641140  0.437294  -0.744421  0.659026  0.107337  -0.219370  -0.393222  0.892890  -0.002067  0.008480  -0.005375  -0.020379  0.642281  -0.040282  1.000000  
51.245909 0.001306  -0.008573  0.008026  0.631237  0.641024  0.436609  -0.744188  0.659154  0.108164  -0.218457  -0.393197  0.893126  -0.002094  0.008396  -0.004987  -0.018857  0.656267  -0.038987  1.000000  
51.246916 0.001304  -0.008566  0.008023  0.631657  0.641010  0.436022  -0.744062  0.659191  0.108811  -0.217673  -0.393159  0.893333  -0.002145  0.008246  -0.004805  -0.021724  0.672566  -0.041919  1.000000  
51.248161 0.001301  -0.008557  0.008019  0.632267  0.640928  0.435258  -0.743848  0.659279  0.109729  -0.216628  -0.393144  0.893594  -0.002149  0.008105  -0.004596  -0.024265  0.690110  -0.038765  1.000000  
51.249164 0.001298  -0.008550  0.008015  0.632839  0.640778  0.434648  -0.743590  0.659448  0.110464  -0.215844  -0.393105  0.893800  -0.002211  0.007969  -0.004516  -0.021386  0.703659  -0.047524  1.000000  
51.250168 0.001296  -0.008544  0.008011  0.633410  0.640681  0.433958  -0.743331  0.659630  0.111119  -0.215061  -0.392958  0.894054  -0.002102  0.007861  -0.004500  -0.026850  0.718875  -0.058563  1.000000  
51.251415 0.001293  -0.008536  0.008005  0.634018  0.640599  0.433191  -0.743114  0.659719  0.112035  -0.214015  -0.392942  0.894312  -0.002108  0.007731  -0.004544  -0.025633  0.730031  -0.061273  1.000000  
51.252416 0.001290  -0.008528  0.008001  0.634607  0.640535  0.432422  -0.742874  0.659862  0.112779  -0.213100  -0.392806  0.894590  -0.002116  0.007721  -0.004451  -0.030955  0.747622  -0.068296  1.000000  
51.253659 0.001288  -0.008519  0.007995  0.635366  0.640370  0.431551  -0.742524  0.660098  0.113703  -0.212054  -0.392680  0.894894  -0.002072  0.007671  -0.004448  -0.032292  0.765749  -0.075435  1.000000  
51.254910 0.001284  -0.008510  0.007991  0.635991  0.640374  0.430624  -0.742325  0.660162  0.114627  -0.210877  -0.392565  0.895223  -0.002142  0.007537  -0.004217  -0.033658  0.787497  -0.080729  1.000000  
51.255915 0.001282  -0.008503  0.007989  0.636596  0.640292  0.429852  -0.742103  0.660252  0.115541  -0.209831  -0.392547  0.895476  -0.002191  0.007457  -0.003944  -0.034998  0.809297  -0.085929  1.000000  
51.257161 0.001278  -0.008493  0.007987  0.637389  0.640194  0.428820  -0.741791  0.660409  0.116643  -0.208522  -0.392442  0.895828  -0.002263  0.007379  -0.003606  -0.036481  0.831331  -0.091286  1.000000  
51.258409 0.001274  -0.008484  0.007985  0.638181  0.640097  0.427787  -0.741477  0.660567  0.117745  -0.207214  -0.392336  0.896178  -0.002397  0.007249  -0.003349  -0.037962  0.857437  -0.094834  1.000000  
51.259659 0.001270  -0.008475  0.007983  0.638819  0.640135  0.426776  -0.741292  0.660593  0.118757  -0.205905  -0.392230  0.896526  -0.002558  0.007153  -0.003145  -0.039470  0.883532  -0.098396  1.000000  
51.260659 0.001268  -0.008468  0.007980  0.639420  0.640104  0.425920  -0.741064  0.660699  0.119587  -0.204857  -0.392100  0.896823  -0.002618  0.007082  -0.003113  -0.046485  0.902738  -0.097518  1.000000  
51.261661 0.001264  -0.008462  0.007978  0.640039  0.640108  0.424985  -0.740855  0.660767  0.120507  -0.203678  -0.391981  0.897143  -0.002733  0.007009  -0.003066  -0.047987  0.929052  -0.101116  1.000000  
51.262908 0.001259  -0.008454  0.007973  0.640844  0.640044  0.423866  -0.740553  0.660887  0.121695  -0.202237  -0.391883  0.897512  -0.002829  0.006985  -0.003117  -0.051714  0.957882  -0.106316  1.000000  
51.263915 0.001255  -0.008449  0.007969  0.641460  0.639996  0.423005  -0.740341  0.660940  0.122694  -0.201058  -0.391871  0.897782  -0.002944  0.006912  -0.003139  -0.050659  0.980860  -0.103668  1.000000  
51.265159 0.001250  -0.008442  0.007964  0.642281  0.639967  0.421804  -0.740055  0.661022  0.123971  -0.199484  -0.391782  0.898172  -0.003099  0.006816  -0.003087  -0.052380  1.010895  -0.105499  1.000000  
51.266168 0.001246  -0.008436  0.007961  0.642912  0.640004  0.420784  -0.739859  0.661051  0.124978  -0.198173  -0.391670  0.898511  -0.003201  0.006771  -0.002951  -0.055955  1.038211  -0.105602  1.000000  
51.267169 0.001242  -0.008429  0.007960  0.643560  0.640025  0.419761  -0.739681  0.661027  0.126155  -0.196730  -0.391677  0.898825  -0.003278  0.006714  -0.002796  -0.053600  1.068511  -0.107400  1.000000  
51.268416 0.001236  -0.008421  0.007957  0.644392  0.640030  0.418474  -0.739408  0.661071  0.127519  -0.195025  -0.391595  0.899232  -0.003507  0.006620  -0.002563  -0.052786  1.104177  -0.099535  1.000000  
51.269663 0.001230  -0.008413  0.007956  0.645375  0.639898  0.417158  -0.738998  0.661248  0.128968  -0.193318  -0.391512  0.899637  -0.003699  0.006558  -0.002410  -0.053235  1.141437  -0.105856  1.000000  
51.270911 0.001225  -0.008405  0.007955  0.646221  0.639937  0.415787  -0.738738  0.661254  0.130420  -0.191480  -0.391438  0.900062  -0.003785  0.006544  -0.002251  -0.053278  1.176831  -0.107667  1.000000  
51.271917 0.001220  -0.008399  0.007954  0.647031  0.639907  0.414572  -0.738436  0.661340  0.131689  -0.189904  -0.391341  0.900438  -0.003980  0.006386  -0.002226  -0.052982  1.213880  -0.104351  1.000000  
51.273160 0.001214  -0.008391  0.007953  0.647872  0.639947  0.413195  -0.738169  0.661348  0.133138  -0.188065  -0.391264  0.900858  -0.004089  0.006300  -0.002147  -0.055058  1.248381  -0.104542  1.000000  
51.274409 0.001208  -0.008384  0.007950  0.648695  0.639951  0.411895  -0.737880  0.661396  0.134494  -0.186356  -0.391175  0.901251  -0.004238  0.006197  -0.002247  -0.057964  1.273514  -0.095904  1.000000  
51.275659 0.001201  -0.008377  0.007948  0.649667  0.639869  0.410487  -0.737454  0.661593  0.135854  -0.184647  -0.390975  0.901689  -0.004411  0.006097  -0.002162  -0.060581  1.310221  -0.100676  1.000000  
51.276664 0.001196  -0.008372  0.007947  0.650453  0.639755  0.409419  -0.737121  0.661705  0.137107  -0.183200  -0.390974  0.901985  -0.004537  0.005978  -0.002035  -0.057978  1.329247  -0.101732  1.000000  
51.277911 0.001189  -0.008365  0.007946  0.651454  0.639741  0.407846  -0.736725  0.661826  0.138644  -0.181227  -0.390791  0.902463  -0.004668  0.005977  -0.001730  -0.064258  1.367564  -0.100297  1.000000  
51.278926 0.001183  -0.008360  0.007947  0.652069  0.639778  0.406805  -0.736504  0.661863  0.139639  -0.179911  -0.390668  0.902780  -0.004797  0.005906  -0.001446  -0.069610  1.386537  -0.097881  1.000000  
51.280160 0.001176  -0.008354  0.007948  0.653081  0.639750  0.405223  -0.736119  0.661930  0.141343  -0.177805  -0.390601  0.903226  -0.004906  0.005879  -0.001089  -0.067319  1.422260  -0.092155  1.000000  
51.281408 0.001169  -0.008347  0.007951  0.654210  0.639516  0.403768  -0.735559  0.662208  0.142948  -0.175961  -0.390513  0.903625  -0.005035  0.005803  -0.000698  -0.068303  1.454881  -0.100413  1.000000  
51.282416 0.001164  -0.008342  0.007953  0.655003  0.639485  0.402530  -0.735230  0.662301  0.144203  -0.174380  -0.390405  0.903978  -0.005137  0.005703  -0.000367  -0.069759  1.483110  -0.094560  1.000000  
51.283417 0.001158  -0.008337  0.007955  0.655793  0.639406  0.401367  -0.734898  0.662377  0.145537  -0.172799  -0.390406  0.904281  -0.005179  0.005604  -0.000160  -0.065204  1.506263  -0.092227  1.000000  
51.284418 0.001152  -0.008333  0.007957  0.656582  0.639375  0.400124  -0.734564  0.662472  0.146789  -0.171217  -0.390296  0.904629  -0.005248  0.005467  0.000075  -0.067501  1.532293  -0.096143  1.000000  
51.285665 0.001145  -0.008327  0.007959  0.657596  0.639382  0.398444  -0.734176  0.662504  0.148574  -0.168976  -0.390230  0.905079  -0.005414  0.005305  0.000260  -0.067474  1.564437  -0.090452  1.000000  
51.286910 0.001137  -0.008321  0.007960  0.658577  0.639319  0.396923  -0.733749  0.662615  0.150175  -0.166997  -0.390144  0.905483  -0.005513  0.005221  0.000429  -0.067356  1.587875  -0.088318  1.000000  
51.287917 0.001130  -0.008316  0.007963  0.659510  0.639104  0.395718  -0.733270  0.662826  0.151584  -0.165414  -0.390139  0.905776  -0.005674  0.005103  0.000649  -0.061634  1.609355  -0.094055  1.000000  
51.289159 0.001122  -0.008312  0.007966  0.660486  0.639041  0.394190  -0.732835  0.662939  0.153181  -0.163434  -0.390050  0.906173  -0.005812  0.004897  0.001142  -0.061586  1.633185  -0.091971  1.000000  
51.290162 0.001114  -0.008308  0.007970  0.661264  0.639010  0.392933  -0.732485  0.663037  0.154425  -0.161850  -0.389933  0.906508  -0.005984  0.004736  0.001479  -0.063471  1.649579  -0.093386  1.000000  
51.291167 0.001107  -0.008304  0.007975  0.662191  0.638842  0.391642  -0.731996  0.663268  0.155748  -0.160266  -0.389816  0.906840  -0.006125  0.004641  0.001857  -0.061961  1.671380  -0.099246  1.000000  
51.292409 0.001097  -0.008301  0.007983  0.663145  0.638697  0.390263  -0.731535  0.663403  0.157329  -0.158416  -0.389823  0.907161  -0.006366  0.004443  0.002510  -0.057948  1.686611  -0.100653  1.000000  
51.293658 0.001087  -0.008297  0.007991  0.664274  0.638533  0.388608  -0.730965  0.663613  0.159088  -0.156302  -0.389736  0.907566  -0.006548  0.004271  0.002971  -0.055686  1.710916  -0.112795  1.000000  
51.294659 0.001079  -0.008294  0.007998  0.665195  0.638364  0.387308  -0.730465  0.663846  0.160404  -0.154716  -0.389614  0.907890  -0.006675  0.004142  0.003364  -0.058394  1.728674  -0.120379  1.000000  
51.295915 0.001069  -0.008290  0.008006  0.666304  0.638165  0.385726  -0.729871  0.664096  0.162067  -0.152733  -0.389516  0.908268  -0.006878  0.004015  0.003797  -0.057479  1.742416  -0.129917  1.000000  
51.297161 0.001060  -0.008286  0.008014  0.667261  0.638055  0.384251  -0.729409  0.664195  0.163729  -0.150749  -0.389526  0.908595  -0.007021  0.003882  0.004164  -0.053771  1.753667  -0.133171  1.000000  
51.298409 0.001050  -0.008282  0.008023  0.668378  0.637891  0.382578  -0.728821  0.664408  0.165476  -0.148633  -0.389431  0.908984  -0.007230  0.003698  0.004572  -0.052995  1.771303  -0.140957  1.000000  
51.299429 0.001041  -0.008280  0.008030  0.669288  0.637676  0.381343  -0.728307  0.664624  0.166864  -0.147045  -0.389415  0.909249  -0.007424  0.003492  0.004985  -0.050726  1.780708  -0.144358  1.000000  
51.300672 0.001030  -0.008276  0.008040  0.670249  0.637648  0.379698  -0.727847  0.664708  0.168527  -0.144927  -0.389317  0.909631  -0.007695  0.003297  0.005528  -0.051254  1.792084  -0.147784  1.000000  
51.301914 0.001018  -0.008274  0.008051  0.671331  0.637413  0.378178  -0.727217  0.665000  0.170087  -0.143073  -0.389202  0.909973  -0.007915  0.003113  0.006096  -0.050022  1.791554  -0.156176  1.000000  
51.303161 0.001006  -0.008271  0.008063  0.672273  0.637305  0.376686  -0.726735  0.665104  0.171736  -0.141087  -0.389204  0.910283  -0.008203  0.002935  0.006689  -0.044121  1.798034  -0.161734  1.000000  
51.304170 0.000996  -0.008269  0.008073  0.673024  0.637227  0.375473  -0.726346  0.665191  0.173038  -0.139497  -0.389182  0.910537  -0.008424  0.002829  0.007169  -0.044248  1.808607  -0.164818  1.000000  
51.305409 0.000982  -0.008267  0.008086  0.674122  0.637017  0.373855  -0.725732  0.665388  0.174849  -0.137377  -0.389188  0.910857  -0.008679  0.002681  0.007690  -0.036679  1.824424  -0.166512  1.000000  
51.306412 0.000972  -0.008265  0.008096  0.674882  0.636976  0.372554  -0.725350  0.665438  0.176236  -0.135654  -0.389171  0.911122  -0.008861  0.002588  0.007911  -0.036496  1.832555  -0.162948  1.000000  
51.307659 0.000959  -0.008262  0.008108  0.675824  0.636949  0.370888  -0.724866  0.665527  0.177885  -0.133532  -0.389063  0.911482  -0.009030  0.002496  0.008264  -0.038310  1.836771  -0.161903  1.000000  
51.308909 0.000946  -0.008260  0.008121  0.676913  0.636740  0.369258  -0.724238  0.665727  0.179688  -0.131411  -0.389064  0.911790  -0.009273  0.002424  0.008539  -0.029799  1.855508  -0.169868  1.000000  
51.310159 0.000934  -0.008257  0.008133  0.677998  0.636531  0.367624  -0.723605  0.665927  0.181488  -0.129288  -0.389063  0.912094  -0.009404  0.002360  0.008816  -0.026588  1.857250  -0.176617  1.000000  
51.311159 0.000924  -0.008254  0.008144  0.678758  0.636481  0.366305  -0.723221  0.665919  0.183036  -0.127430  -0.389157  0.912315  -0.009595  0.002292  0.009122  -0.022449  1.867381  -0.165981  1.000000  
51.312163 0.000914  -0.008252  0.008155  0.679653  0.636303  0.364952  -0.722683  0.666103  0.184489  -0.125705  -0.389133  0.912565  -0.009741  0.002244  0.009449  -0.021500  1.873983  -0.170475  1.000000  
51.313408 0.000900  -0.008249  0.008170  0.680591  0.636225  0.363338  -0.722189  0.666114  0.186375  -0.123448  -0.389244  0.912825  -0.009962  0.002213  0.009792  -0.015333  1.882526  -0.167474  1.000000  
51.314409 0.000889  -0.008247  0.008183  0.681480  0.636047  0.361979  -0.721643  0.666299  0.187823  -0.121722  -0.389217  0.913069  -0.010142  0.002188  0.010180  -0.011783  1.889358  -0.172506  1.000000  
51.315411 0.000878  -0.008244  0.008195  0.682367  0.635827  0.360693  -0.721094  0.666461  0.189349  -0.119995  -0.389299  0.913262  -0.010325  0.002191  0.010492  -0.004272  1.891694  -0.179152  1.000000  
51.316413 0.000866  -0.008242  0.008209  0.683114  0.635823  0.359283  -0.720694  0.666479  0.190807  -0.118135  -0.389276  0.913514  -0.010440  0.002175  0.010889  -0.003062  1.896533  -0.178480  1.000000  
51.317419 0.000855  -0.008239  0.008223  0.683996  0.635603  0.357992  -0.720138  0.666642  0.192329  -0.116408  -0.389356  0.913702  -0.010556  0.002210  0.011197  -0.000510  1.900244  -0.176979  1.000000  
51.318663 0.000841  -0.008236  0.008239  0.685066  0.635390  0.356321  -0.719482  0.666785  0.194276  -0.114149  -0.389459  0.913943  -0.010670  0.002258  0.011477  0.006653  1.911564  -0.180249  1.000000  
51.319918 0.000826  -0.008232  0.008255  0.686142  0.635213  0.354561  -0.718832  0.666891  0.196308  -0.111756  -0.389565  0.914193  -0.010800  0.002336  0.011691  0.013723  1.926596  -0.181720  1.000000  
51.321162 0.000811  -0.008229  0.008271  0.687203  0.635044  0.352803  -0.718166  0.667058  0.198168  -0.109495  -0.389553  0.914472  -0.010940  0.002428  0.011882  0.016803  1.934448  -0.178323  1.000000  
51.322410 0.000797  -0.008224  0.008287  0.688270  0.634870  0.351033  -0.717505  0.667165  0.200193  -0.107101  -0.389655  0.914712  -0.010997  0.002563  0.012086  0.022846  1.950476  -0.180306  1.000000  
51.323658 0.000783  -0.008219  0.008304  0.689343  0.634689  0.349251  -0.716848  0.667210  0.202384  -0.104573  -0.389872  0.914912  -0.011081  0.002763  0.012385  0.032954  1.967182  -0.173617  1.000000  
51.324909 0.000768  -0.008215  0.008322  0.690410  0.634553  0.347386  -0.716185  0.667280  0.204490  -0.102044  -0.389975  0.915154  -0.011226  0.002847  0.012759  0.038983  1.983777  -0.167037  1.000000  
51.326159 0.000753  -0.008211  0.008341  0.691454  0.634344  0.345687  -0.715497  0.667425  0.206416  -0.099781  -0.390065  0.915365  -0.011387  0.002901  0.013138  0.041063  1.992252  -0.163868  1.000000  
51.327409 0.000738  -0.008206  0.008360  0.692502  0.634132  0.343974  -0.714813  0.667508  0.208507  -0.097385  -0.390269  0.915536  -0.011516  0.003080  0.013531  0.051169  2.000679  -0.160705  1.000000  
51.328659 0.000723  -0.008201  0.008380  0.693684  0.633788  0.342222  -0.713971  0.667785  0.210496  -0.095121  -0.390355  0.915738  -0.011624  0.003192  0.013829  0.055499  2.012765  -0.169738  1.000000  
51.329659 0.000711  -0.008196  0.008396  0.694550  0.633605  0.340800  -0.713392  0.667850  0.212247  -0.093123  -0.390540  0.915864  -0.011693  0.003332  0.014049  0.065922  2.025304  -0.164809  1.000000  
51.330911 0.000696  -0.008191  0.008417  0.695741  0.633295  0.338944  -0.712557  0.668026  0.214485  -0.090591  -0.390742  0.916031  -0.011791  0.003453  0.014306  0.072596  2.040358  -0.166063  1.000000  
51.331912 0.000684  -0.008187  0.008432  0.696600  0.633155  0.337437  -0.711969  0.668117  0.216148  -0.088592  -0.390813  0.916197  -0.011788  0.003561  0.014494  0.079806  2.059198  -0.165731  1.000000  
51.332919 0.000671  -0.008182  0.008449  0.697594  0.632801  0.336044  -0.711226  0.668349  0.217871  -0.086726  -0.390989  0.916300  -0.011880  0.003733  0.014654  0.087506  2.074434  -0.175353  1.000000  
51.334170 0.000656  -0.008177  0.008470  0.698624  0.632672  0.334142  -0.710518  0.668421  0.219947  -0.084193  -0.391074  0.916500  -0.011937  0.003858  0.014973  0.090373  2.091893  -0.174566  1.000000  
51.335417 0.000640  -0.008171  0.008492  0.699795  0.632366  0.332265  -0.709661  0.668598  0.222168  -0.081660  -0.391268  0.916647  -0.012031  0.004019  0.015392  0.100815  2.109012  -0.176372  1.000000  
51.336422 0.000627  -0.008166  0.008510  0.700624  0.632116  0.330992  -0.709040  0.668737  0.223725  -0.079926  -0.391434  0.916729  -0.012085  0.004131  0.015822  0.107979  2.111636  -0.182860  1.000000  
51.337661 0.000611  -0.008160  0.008533  0.701778  0.631775  0.329192  -0.708164  0.668950  0.225852  -0.077525  -0.391620  0.916855  -0.012186  0.004229  0.016224  0.114614  2.123172  -0.185923  1.000000  
51.338909 0.000595  -0.008153  0.008558  0.702935  0.631473  0.327299  -0.707290  0.669126  0.228060  -0.074991  -0.391807  0.916986  -0.012274  0.004377  0.016751  0.121840  2.141100  -0.193519  1.000000  
51.339911 0.000583  -0.008148  0.008578  0.703781  0.631373  0.325669  -0.706685  0.669116  0.229956  -0.072722  -0.391984  0.917093  -0.012350  0.004455  0.017095  0.127945  2.157711  -0.186649  1.000000  
51.340960 0.000570  -0.008144  0.008598  0.704755  0.631062  0.324161  -0.705917  0.669311  0.231742  -0.070720  -0.392152  0.917178  -0.012391  0.004519  0.017388  0.131199  2.163786  -0.197279  1.000000  
51.342161 0.000554  -0.008138  0.008622  0.705752  0.630862  0.322378  -0.705171  0.669328  0.233953  -0.068184  -0.392444  0.917245  -0.012516  0.004549  0.017772  0.140937  2.176971  -0.191828  1.000000  
51.343409 0.000538  -0.008132  0.008647  0.706881  0.630528  0.320552  -0.704267  0.669541  0.236058  -0.065781  -0.392619  0.917346  -0.012530  0.004689  0.018121  0.147608  2.186800  -0.197180  1.000000  
51.344659 0.000522  -0.008126  0.008673  0.708012  0.630193  0.318710  -0.703363  0.669688  0.238326  -0.063245  -0.392906  0.917401  -0.012625  0.004663  0.018412  0.154613  2.204939  -0.204520  1.000000  
51.345909 0.000506  -0.008121  0.008698  0.709137  0.629899  0.316785  -0.702453  0.669863  0.240508  -0.060707  -0.393079  0.917498  -0.012661  0.004691  0.018759  0.160366  2.212971  -0.206867  1.000000  
51.346909 0.000493  -0.008116  0.008719  0.709939  0.629694  0.315391  -0.701801  0.669964  0.242123  -0.058837  -0.393235  0.917554  -0.012742  0.004769  0.019103  0.162465  2.216761  -0.205102  1.000000  
51.347911 0.000480  -0.008111  0.008740  0.710883  0.629315  0.314021  -0.701000  0.670165  0.243882  -0.056967  -0.393500  0.917558  -0.012763  0.004780  0.019406  0.169157  2.219555  -0.211283  1.000000  
51.348918 0.000467  -0.008106  0.008762  0.711823  0.628974  0.312570  -0.700195  0.670395  0.245556  -0.055097  -0.393653  0.917607  -0.012805  0.004801  0.019830  0.172960  2.228000  -0.224682  1.000000  
51.350164 0.000450  -0.008100  0.008790  0.712924  0.628609  0.310791  -0.699259  0.670577  0.247717  -0.052692  -0.393927  0.917630  -0.012885  0.004824  0.020216  0.183178  2.231236  -0.231133  1.000000  
51.351418 0.000433  -0.008094  0.008819  0.713876  0.628421  0.308981  -0.698465  0.670659  0.249727  -0.050287  -0.394087  0.917696  -0.012894  0.004819  0.020613  0.184702  2.235474  -0.229420  1.000000  
51.352668 0.000417  -0.008087  0.008848  0.714966  0.628058  0.307191  -0.697518  0.670840  0.251879  -0.047882  -0.394356  0.917709  -0.012963  0.004808  0.020971  0.186559  2.233546  -0.237254  1.000000  
51.353909 0.000401  -0.008081  0.008877  0.715908  0.627836  0.305448  -0.696712  0.670891  0.253962  -0.045476  -0.394623  0.917717  -0.012964  0.004810  0.021274  0.192058  2.230280  -0.239023  1.000000  
51.354910 0.000388  -0.008077  0.008900  0.716828  0.627500  0.303977  -0.695886  0.671120  0.255618  -0.043605  -0.394767  0.917746  -0.012995  0.004770  0.021448  0.194552  2.232746  -0.245338  1.000000  
51.355910 0.000375  -0.008072  0.008922  0.717752  0.627204  0.302402  -0.695063  0.671244  0.257523  -0.041466  -0.395026  0.917734  -0.013048  0.004792  0.021666  0.200988  2.243973  -0.248037  1.000000  
51.357161 0.000358  -0.008067  0.008950  0.718680  0.626986  0.300646  -0.694243  0.671295  0.259595  -0.039059  -0.395287  0.917727  -0.013070  0.004773  0.021863  0.202381  2.244024  -0.247793  1.000000  
51.358409 0.000341  -0.008061  0.008979  0.719745  0.626631  0.298831  -0.693270  0.671474  0.261724  -0.036653  -0.395546  0.917715  -0.013138  0.004707  0.022111  0.207944  2.248422  -0.245929  1.000000  
51.359409 0.000328  -0.008057  0.009002  0.720646  0.626262  0.297433  -0.692424  0.671738  0.263281  -0.034914  -0.395682  0.917724  -0.013148  0.004688  0.022337  0.206308  2.242996  -0.255677  1.000000  
51.360659 0.000311  -0.008052  0.009031  0.721556  0.626009  0.295752  -0.691586  0.671824  0.265255  -0.032641  -0.395935  0.917698  -0.013216  0.004686  0.022612  0.207276  2.232272  -0.252637  1.000000  
51.361909 0.000294  -0.008046  0.009061  0.722604  0.625585  0.294088  -0.690595  0.672006  0.267368  -0.030368  -0.396297  0.917620  -0.013236  0.004657  0.022800  0.216139  2.227466  -0.259349  1.000000  
51.363159 0.000277  -0.008041  0.009090  0.723649  0.625236  0.292254  -0.689602  0.672183  0.269479  -0.027960  -0.396547  0.917588  -0.013347  0.004548  0.022963  0.217499  2.227649  -0.259097  1.000000  
51.364161 0.000263  -0.008037  0.009114  0.724395  0.625011  0.290883  -0.688891  0.672249  0.271128  -0.026088  -0.396790  0.917539  -0.013378  0.004536  0.023051  0.223448  2.223949  -0.260736  1.000000  
51.365412 0.000246  -0.008032  0.009143  0.725289  0.624768  0.289172  -0.688037  0.672263  0.273252  -0.023680  -0.397148  0.917449  -0.013377  0.004462  0.023132  0.228380  2.217009  -0.255765  1.000000  
51.366423 0.000233  -0.008027  0.009167  0.726030  0.624585  0.287705  -0.687321  0.672291  0.274979  -0.021674  -0.397388  0.917394  -0.013395  0.004399  0.023116  0.231532  2.223818  -0.254717  1.000000  
