1-Time 2-Px 3-Py 4-Pz 5-R11 6-R21 7-R31 8-R12 9-R22 10-R32 11-R13 12-R23 13-R33 14-Vx 15-Vy 16-Vz 17-Wx 18-Wy 19-Wz 20-state
110.396121 0.007434  -0.009386  0.009098  0.784985  0.618708  -0.031602  -0.526793  0.639784  -0.559612  -0.326018  0.455935  0.828152  0.002703  -0.000462  -0.001998  0.000000  0.000000  0.000000  1.000000  
110.397145 0.007436  -0.009386  0.009098  0.784985  0.618708  -0.031602  -0.526793  0.639784  -0.559612  -0.326018  0.455935  0.828152  0.002303  0.000243  0.000033  0.000000  0.000000  0.000000  1.000000  
110.398392 0.007436  -0.009384  0.009090  0.784985  0.618708  -0.031602  -0.526793  0.639784  -0.559612  -0.326018  0.455935  0.828152  0.000991  0.001070  -0.003905  0.000000  0.000000  0.000000  1.000000  
110.399392 0.007436  -0.009381  0.009081  0.784877  0.618840  -0.031717  -0.526954  0.639657  -0.559605  -0.326018  0.455935  0.828152  0.000707  0.001757  -0.005610  0.000000  0.000000  0.000000  1.000000  
110.400642 0.007436  -0.009379  0.009074  0.784877  0.618836  -0.031792  -0.526954  0.639589  -0.559683  -0.326018  0.456035  0.828097  0.000497  0.001762  -0.005616  0.000000  0.000000  0.000000  1.000000  
110.401646 0.007437  -0.009378  0.009071  0.784877  0.618836  -0.031792  -0.526954  0.639589  -0.559683  -0.326018  0.456035  0.828097  0.000532  0.001494  -0.005204  0.000000  0.000000  0.000000  1.000000  
110.402647 0.007437  -0.009378  0.009068  0.784877  0.618836  -0.031792  -0.526954  0.639589  -0.559683  -0.326018  0.456035  0.828097  0.000355  0.001363  -0.004746  0.000000  0.000000  0.000000  1.000000  
110.403648 0.007434  -0.009376  0.009064  0.784768  0.618967  -0.031907  -0.527116  0.639462  -0.559676  -0.326018  0.456035  0.828097  0.000011  0.001369  -0.004691  0.000000  0.000000  0.000000  1.000000  
110.404652 0.007432  -0.009372  0.009060  0.784768  0.618967  -0.031907  -0.527116  0.639462  -0.559676  -0.326018  0.456035  0.828097  -0.000291  0.001666  -0.004659  0.000000  0.000000  0.000000  1.000000  
110.405900 0.007429  -0.009367  0.009054  0.784768  0.618967  -0.031907  -0.527116  0.639462  -0.559676  -0.326018  0.456035  0.828097  -0.000527  0.001973  -0.004643  0.000000  0.000000  0.000000  1.000000  
110.407147 0.007428  -0.009363  0.009049  0.784768  0.618967  -0.031907  -0.527116  0.639462  -0.559676  -0.326018  0.456035  0.828097  -0.000602  0.002186  -0.004520  0.000000  0.000000  0.000000  1.000000  
110.408150 0.007427  -0.009358  0.009044  0.784768  0.618964  -0.031982  -0.527116  0.639394  -0.559754  -0.326018  0.456136  0.828041  -0.000652  0.002380  -0.004579  0.000000  0.000000  0.000000  1.000000  
110.409394 0.007425  -0.009354  0.009037  0.784696  0.619041  -0.032265  -0.527302  0.639233  -0.559763  -0.325891  0.456257  0.828024  -0.000749  0.002495  -0.004692  0.000000  0.000000  0.000000  1.000000  
110.410396 0.007423  -0.009350  0.009029  0.784696  0.619041  -0.032265  -0.527302  0.639233  -0.559763  -0.325891  0.456257  0.828024  -0.000824  0.002616  -0.004923  0.000000  0.000000  0.000000  1.000000  
110.411645 0.007420  -0.009344  0.009017  0.784696  0.619037  -0.032340  -0.527302  0.639165  -0.559841  -0.325891  0.456358  0.827969  -0.001068  0.002883  -0.005458  0.000000  0.000000  0.000000  1.000000  
110.412892 0.007417  -0.009336  0.009004  0.784660  0.619083  -0.032323  -0.527277  0.639063  -0.559980  -0.326018  0.456437  0.827875  -0.001269  0.003288  -0.005974  0.000000  0.000000  0.000000  1.000000  
110.413892 0.007417  -0.009329  0.008995  0.784660  0.619079  -0.032398  -0.527277  0.638995  -0.560057  -0.326018  0.456537  0.827820  -0.001281  0.003575  -0.006090  0.000000  0.000000  0.000000  1.000000  
110.414892 0.007415  -0.009323  0.008987  0.784660  0.619076  -0.032473  -0.527277  0.638927  -0.560135  -0.326018  0.456638  0.827765  -0.001430  0.003841  -0.006075  0.000000  0.000000  0.000000  1.000000  
110.416149 0.007411  -0.009316  0.008982  0.784660  0.619072  -0.032548  -0.527277  0.638859  -0.560212  -0.326018  0.456738  0.827709  -0.001804  0.004175  -0.006117  0.000000  0.000000  0.000000  1.000000  
110.417392 0.007407  -0.009310  0.008974  0.784660  0.619072  -0.032548  -0.527277  0.638859  -0.560212  -0.326018  0.456738  0.827709  -0.002030  0.004527  -0.006298  0.000000  0.000000  0.000000  1.000000  
110.418392 0.007403  -0.009305  0.008967  0.784660  0.619068  -0.032623  -0.527277  0.638791  -0.560290  -0.326018  0.456839  0.827654  -0.002148  0.004799  -0.006570  0.000000  0.000000  0.000000  1.000000  
110.419644 0.007400  -0.009296  0.008955  0.784660  0.619068  -0.032623  -0.527277  0.638791  -0.560290  -0.326018  0.456839  0.827654  -0.002097  0.005092  -0.006967  0.000000  0.000000  0.000000  1.000000  
110.420659 0.007399  -0.009289  0.008944  0.784660  0.619068  -0.032623  -0.527277  0.638791  -0.560290  -0.326018  0.456839  0.827654  -0.002072  0.005325  -0.007422  0.000000  0.000000  0.000000  1.000000  
110.421895 0.007396  -0.009280  0.008931  0.784768  0.618932  -0.032583  -0.527116  0.638850  -0.560374  -0.326018  0.456939  0.827598  -0.002170  0.005533  -0.007936  0.000000  0.000000  0.000000  1.000000  
110.422896 0.007393  -0.009273  0.008922  0.784768  0.618932  -0.032583  -0.527116  0.638850  -0.560374  -0.326018  0.456939  0.827598  -0.002301  0.005804  -0.008315  0.000000  0.000000  0.000000  1.000000  
110.424151 0.007389  -0.009264  0.008909  0.784768  0.618928  -0.032658  -0.527116  0.638782  -0.560452  -0.326018  0.457039  0.827543  -0.002430  0.006088  -0.008689  0.000000  0.000000  0.000000  1.000000  
110.425392 0.007384  -0.009255  0.008896  0.784768  0.618924  -0.032733  -0.527116  0.638714  -0.560529  -0.326018  0.457140  0.827488  -0.002586  0.006279  -0.008901  0.000000  0.000000  0.000000  1.000000  
110.426393 0.007380  -0.009248  0.008886  0.784877  0.618789  -0.032693  -0.526954  0.638774  -0.560613  -0.326018  0.457240  0.827432  -0.002663  0.006487  -0.008924  0.000000  0.000000  0.000000  1.000000  
110.427646 0.007375  -0.009239  0.008875  0.784841  0.618836  -0.032676  -0.526930  0.638672  -0.560753  -0.326144  0.457319  0.827338  -0.002851  0.006546  -0.008716  0.000000  0.000000  0.000000  1.000000  
110.428892 0.007371  -0.009229  0.008868  0.784841  0.618832  -0.032751  -0.526930  0.638604  -0.560830  -0.326144  0.457420  0.827283  -0.003044  0.006627  -0.008457  0.000000  0.000000  0.000000  1.000000  
110.429892 0.007367  -0.009222  0.008862  0.784841  0.618832  -0.032751  -0.526930  0.638604  -0.560830  -0.326144  0.457420  0.827283  -0.003192  0.006716  -0.008334  0.000000  0.000000  0.000000  1.000000  
110.430893 0.007362  -0.009215  0.008855  0.784877  0.618777  -0.032918  -0.526954  0.638570  -0.560846  -0.326018  0.457541  0.827266  -0.003325  0.006850  -0.008559  0.000000  0.000000  0.000000  1.000000  
110.432149 0.007356  -0.009207  0.008843  0.784985  0.618641  -0.032878  -0.526793  0.638629  -0.560930  -0.326018  0.457641  0.827210  -0.003450  0.006921  -0.008897  0.000000  0.000000  0.000000  1.000000  
110.433392 0.007351  -0.009199  0.008828  0.784985  0.618637  -0.032953  -0.526793  0.638561  -0.561007  -0.326018  0.457742  0.827155  -0.003487  0.007057  -0.009227  0.000000  0.000000  0.000000  1.000000  
110.434393 0.007347  -0.009191  0.008817  0.784985  0.618633  -0.033028  -0.526793  0.638493  -0.561085  -0.326018  0.457842  0.827099  -0.003617  0.007115  -0.009382  0.000000  0.000000  0.000000  1.000000  
110.435646 0.007342  -0.009181  0.008803  0.784985  0.618633  -0.033028  -0.526793  0.638493  -0.561085  -0.326018  0.457842  0.827099  -0.003764  0.007229  -0.009451  0.000000  0.000000  0.000000  1.000000  
110.436897 0.007336  -0.009171  0.008791  0.784985  0.618629  -0.033103  -0.526793  0.638425  -0.561162  -0.326018  0.457942  0.827044  -0.003938  0.007322  -0.009340  0.000000  0.000000  0.000000  1.000000  
110.437898 0.007331  -0.009164  0.008782  0.784985  0.618625  -0.033178  -0.526793  0.638357  -0.561240  -0.326018  0.458043  0.826988  -0.004141  0.007265  -0.009287  0.000000  0.000000  0.000000  1.000000  
110.438903 0.007326  -0.009158  0.008772  0.784985  0.618621  -0.033253  -0.526793  0.638289  -0.561317  -0.326018  0.458143  0.826932  -0.004279  0.007207  -0.009263  0.000000  0.000000  0.000000  1.000000  
110.440152 0.007320  -0.009149  0.008760  0.784985  0.618621  -0.033253  -0.526793  0.638289  -0.561317  -0.326018  0.458143  0.826932  -0.004362  0.007225  -0.009181  0.000000  0.000000  0.000000  1.000000  
110.441392 0.007312  -0.009140  0.008747  0.784985  0.618617  -0.033328  -0.526793  0.638221  -0.561395  -0.326018  0.458243  0.826877  -0.004540  0.007179  -0.009221  0.000000  0.000000  0.000000  1.000000  
110.442398 0.007307  -0.009134  0.008737  0.784985  0.618617  -0.033328  -0.526793  0.638221  -0.561395  -0.326018  0.458243  0.826877  -0.004593  0.007135  -0.009368  0.000000  0.000000  0.000000  1.000000  
110.443644 0.007301  -0.009126  0.008725  0.785094  0.618482  -0.033287  -0.526631  0.638280  -0.561479  -0.326018  0.458344  0.826821  -0.004742  0.007000  -0.009628  0.000000  0.000000  0.000000  1.000000  
110.444644 0.007295  -0.009120  0.008712  0.785094  0.618478  -0.033362  -0.526631  0.638212  -0.561556  -0.326018  0.458444  0.826766  -0.004862  0.006897  -0.010198  0.000000  0.000000  0.000000  1.000000  
110.445892 0.007289  -0.009111  0.008697  0.785094  0.618474  -0.033437  -0.526631  0.638144  -0.561634  -0.326018  0.458544  0.826710  -0.004860  0.006948  -0.010577  0.000000  0.000000  0.000000  1.000000  
110.446893 0.007284  -0.009104  0.008684  0.785094  0.618470  -0.033512  -0.526631  0.638076  -0.561711  -0.326018  0.458644  0.826654  -0.004881  0.007001  -0.010808  0.000000  0.000000  0.000000  1.000000  
110.448149 0.007278  -0.009095  0.008669  0.784985  0.618597  -0.033703  -0.526793  0.637880  -0.561782  -0.326018  0.458745  0.826599  -0.004924  0.007046  -0.010801  0.000000  0.000000  0.000000  1.000000  
110.449392 0.007272  -0.009086  0.008655  0.785094  0.618457  -0.033737  -0.526631  0.637871  -0.561943  -0.326018  0.458945  0.826487  -0.004978  0.007013  -0.010811  0.000000  0.000000  0.000000  1.000000  
110.450642 0.007266  -0.009076  0.008642  0.785094  0.618453  -0.033812  -0.526631  0.637803  -0.562021  -0.326018  0.459046  0.826432  -0.005103  0.006943  -0.010684  0.000000  0.000000  0.000000  1.000000  
110.451645 0.007260  -0.009069  0.008633  0.784985  0.618581  -0.034003  -0.526793  0.637607  -0.562091  -0.326018  0.459146  0.826376  -0.005173  0.006900  -0.010699  0.000000  0.000000  0.000000  1.000000  
110.452893 0.007252  -0.009060  0.008619  0.784985  0.618572  -0.034153  -0.526793  0.637471  -0.562246  -0.326018  0.459346  0.826265  -0.005260  0.006914  -0.010865  0.000000  0.000000  0.000000  1.000000  
110.453900 0.007247  -0.009053  0.008607  0.784985  0.618568  -0.034228  -0.526793  0.637403  -0.562323  -0.326018  0.459446  0.826209  -0.005250  0.006974  -0.010993  0.000000  0.000000  0.000000  1.000000  
110.455146 0.007240  -0.009045  0.008590  0.784985  0.618564  -0.034303  -0.526793  0.637335  -0.562400  -0.326018  0.459547  0.826153  -0.005286  0.006953  -0.011329  0.000000  0.000000  0.000000  1.000000  
110.456152 0.007235  -0.009038  0.008576  0.785021  0.618509  -0.034470  -0.526817  0.637301  -0.562416  -0.325891  0.459668  0.826136  -0.005242  0.006926  -0.011604  0.000000  0.000000  0.000000  1.000000  
110.457395 0.007228  -0.009030  0.008559  0.785021  0.618505  -0.034545  -0.526817  0.637232  -0.562493  -0.325891  0.459768  0.826080  -0.005323  0.006939  -0.011916  0.000000  0.000000  0.000000  1.000000  
110.458646 0.007220  -0.009020  0.008542  0.785021  0.618496  -0.034695  -0.526817  0.637096  -0.562648  -0.325891  0.459969  0.825968  -0.005363  0.007069  -0.012084  0.000000  0.000000  0.000000  1.000000  
110.459892 0.007212  -0.009010  0.008525  0.785021  0.618492  -0.034770  -0.526817  0.637028  -0.562725  -0.325891  0.460069  0.825912  -0.005501  0.007155  -0.012277  0.000000  0.000000  0.000000  1.000000  
110.461143 0.007205  -0.009000  0.008509  0.785021  0.618484  -0.034920  -0.526817  0.636891  -0.562880  -0.325891  0.460269  0.825801  -0.005549  0.007261  -0.012316  0.000000  0.000000  0.000000  1.000000  
110.462144 0.007199  -0.008992  0.008497  0.784913  0.618606  -0.035186  -0.526978  0.636627  -0.563027  -0.325891  0.460470  0.825689  -0.005613  0.007329  -0.012267  0.000000  0.000000  0.000000  1.000000  
110.463392 0.007191  -0.008983  0.008483  0.784913  0.618598  -0.035336  -0.526978  0.636491  -0.563181  -0.325891  0.460670  0.825577  -0.005748  0.007350  -0.012158  0.000000  0.000000  0.000000  1.000000  
110.464392 0.007185  -0.008975  0.008472  0.784913  0.618593  -0.035411  -0.526978  0.636422  -0.563259  -0.325891  0.460770  0.825522  -0.005891  0.007369  -0.012209  0.000000  0.000000  0.000000  1.000000  
110.465642 0.007176  -0.008965  0.008456  0.784913  0.618580  -0.035636  -0.526978  0.636217  -0.563490  -0.325891  0.461070  0.825354  -0.005974  0.007452  -0.012428  0.000000  0.000000  0.000000  1.000000  
110.466642 0.007170  -0.008956  0.008443  0.784913  0.618576  -0.035711  -0.526978  0.636149  -0.563567  -0.325891  0.461170  0.825298  -0.005977  0.007529  -0.012664  0.000000  0.000000  0.000000  1.000000  
110.467892 0.007163  -0.008946  0.008425  0.784913  0.618563  -0.035936  -0.526978  0.635944  -0.563799  -0.325891  0.461471  0.825130  -0.005958  0.007650  -0.012922  0.000000  0.000000  0.000000  1.000000  
110.468898 0.007158  -0.008937  0.008411  0.784913  0.618554  -0.036087  -0.526978  0.635807  -0.563953  -0.325891  0.461671  0.825018  -0.005950  0.007712  -0.013053  0.000000  0.000000  0.000000  1.000000  
110.470149 0.007149  -0.008928  0.008396  0.784913  0.618541  -0.036312  -0.526978  0.635602  -0.564184  -0.325891  0.461971  0.824850  -0.006084  0.007801  -0.012927  0.000000  0.000000  0.000000  1.000000  
110.471152 0.007142  -0.008920  0.008383  0.784913  0.618532  -0.036462  -0.526978  0.635465  -0.564338  -0.325891  0.462171  0.824738  -0.006162  0.007870  -0.012880  0.000000  0.000000  0.000000  1.000000  
110.472152 0.007135  -0.008912  0.008372  0.784949  0.618472  -0.036703  -0.527003  0.635363  -0.564431  -0.325765  0.462393  0.824664  -0.006268  0.007994  -0.012673  0.000000  0.000000  0.000000  1.000000  
110.473396 0.007127  -0.008901  0.008357  0.784949  0.618459  -0.036928  -0.527003  0.635157  -0.564662  -0.325765  0.462693  0.824495  -0.006306  0.008101  -0.012552  0.000000  0.000000  0.000000  1.000000  
110.474440 0.007121  -0.008892  0.008346  0.784949  0.618445  -0.037153  -0.527003  0.634952  -0.564893  -0.325765  0.462993  0.824327  -0.005955  0.007693  -0.011630  0.000000  0.000000  0.000000  1.000000  
110.475704 0.007113  -0.008881  0.008331  0.784949  0.618432  -0.037378  -0.527003  0.634746  -0.565124  -0.325765  0.463293  0.824159  -0.006321  0.008174  -0.012215  0.000000  0.000000  0.000000  1.000000  
110.476918 0.007105  -0.008871  0.008315  0.784949  0.618418  -0.037604  -0.527003  0.634540  -0.565355  -0.325765  0.463592  0.823990  -0.006368  0.008229  -0.012301  0.000000  0.000000  0.000000  1.000000  
110.478254 0.007096  -0.008861  0.008299  0.784949  0.618404  -0.037829  -0.527003  0.634335  -0.565586  -0.325765  0.463892  0.823821  -0.006391  0.008181  -0.012358  0.000000  0.000000  0.000000  1.000000  
110.479392 0.007089  -0.008851  0.008283  0.784949  0.618386  -0.038129  -0.527003  0.634060  -0.565894  -0.325765  0.464292  0.823596  -0.006391  0.008245  -0.012583  0.000000  0.000000  0.000000  1.000000  
110.480392 0.007083  -0.008843  0.008269  0.784949  0.618376  -0.038279  -0.527003  0.633923  -0.566048  -0.325765  0.464492  0.823483  -0.006354  0.008274  -0.012660  0.000000  0.000000  0.000000  1.000000  
110.481393 0.007076  -0.008834  0.008255  0.785058  0.618232  -0.038387  -0.526841  0.633844  -0.566286  -0.325765  0.464791  0.823314  -0.006379  0.008253  -0.012735  -0.228347  0.007849  -0.004396  1.000000  
110.482643 0.007068  -0.008824  0.008240  0.785058  0.618213  -0.038687  -0.526841  0.633569  -0.566594  -0.325765  0.465191  0.823089  -0.006454  0.008261  -0.012552  -0.236478  0.007846  -0.004398  1.000000  
110.483892 0.007059  -0.008815  0.008225  0.785202  0.618017  -0.038887  -0.526704  0.633525  -0.566771  -0.325638  0.465512  0.822957  -0.006586  0.008182  -0.012430  -0.240420  0.008498  -0.012207  1.000000  
110.484898 0.007052  -0.008806  0.008215  0.785202  0.618003  -0.039112  -0.526704  0.633319  -0.567001  -0.325638  0.465811  0.822788  -0.006587  0.008259  -0.012240  -0.250511  0.008564  -0.012307  1.000000  
110.486142 0.007043  -0.008796  0.008201  0.785202  0.617989  -0.039336  -0.526704  0.633112  -0.567232  -0.325638  0.466110  0.822618  -0.006602  0.008259  -0.012100  -0.256614  0.004603  -0.010028  1.000000  
110.487149 0.007037  -0.008789  0.008191  0.785311  0.617844  -0.039445  -0.526542  0.633033  -0.567470  -0.325638  0.466410  0.822449  -0.006571  0.008224  -0.012041  -0.264552  0.001433  -0.015812  1.000000  
110.488152 0.007031  -0.008780  0.008179  0.785311  0.617830  -0.039669  -0.526542  0.632826  -0.567701  -0.325638  0.466709  0.822279  -0.006547  0.008211  -0.012073  -0.272671  0.001429  -0.015810  1.000000  
110.489398 0.007022  -0.008769  0.008163  0.785419  0.617680  -0.039852  -0.526380  0.632678  -0.568016  -0.325638  0.467108  0.822052  -0.006950  0.008630  -0.012925  -0.278617  -0.001785  -0.021515  1.000000  
110.490645 0.007015  -0.008759  0.008147  0.785564  0.617478  -0.040126  -0.526243  0.632564  -0.568270  -0.325512  0.467528  0.821863  -0.006559  0.008153  -0.012362  -0.282294  -0.001076  -0.029192  1.000000  
110.491646 0.007009  -0.008751  0.008135  0.785564  0.617464  -0.040351  -0.526243  0.632358  -0.568500  -0.325512  0.467827  0.821693  -0.006525  0.008182  -0.012277  -0.290411  -0.004303  -0.035120  1.000000  
110.492893 0.007001  -0.008742  0.008120  0.785672  0.617309  -0.040608  -0.526081  0.632140  -0.568892  -0.325512  0.468326  0.821409  -0.006449  0.008093  -0.012131  -0.300419  -0.007532  -0.040821  1.000000  
110.493893 0.006995  -0.008734  0.008110  0.785708  0.617237  -0.040999  -0.526106  0.631899  -0.569137  -0.325385  0.468746  0.821220  -0.006409  0.008112  -0.011950  -0.308646  -0.003632  -0.043039  1.000000  
110.495142 0.006987  -0.008725  0.008096  0.785708  0.617217  -0.041299  -0.526106  0.631622  -0.569444  -0.325385  0.469144  0.820992  -0.006441  0.008008  -0.011795  -0.316734  -0.003646  -0.043029  1.000000  
110.496149 0.006981  -0.008717  0.008085  0.785816  0.617067  -0.041481  -0.525944  0.631473  -0.569759  -0.325385  0.469542  0.820765  -0.006428  0.007931  -0.011530  -0.322556  -0.006881  -0.048711  1.000000  
110.497393 0.006974  -0.008708  0.008073  0.785853  0.616995  -0.041871  -0.525968  0.631232  -0.570004  -0.325259  0.469962  0.820574  -0.006364  0.007857  -0.011321  -0.330781  -0.002986  -0.050935  1.000000  
110.498645 0.006967  -0.008699  0.008060  0.785961  0.616839  -0.042128  -0.525806  0.631013  -0.570395  -0.325259  0.470460  0.820289  -0.006237  0.007854  -0.011211  -0.333916  -0.006185  -0.056161  1.000000  
110.499892 0.006960  -0.008689  0.008045  0.785997  0.616766  -0.042519  -0.525830  0.630771  -0.570640  -0.325132  0.470879  0.820099  -0.006122  0.007785  -0.011315  -0.340852  -0.002349  -0.058858  1.000000  
110.501142 0.006954  -0.008680  0.008029  0.786105  0.616611  -0.042775  -0.525669  0.630552  -0.571032  -0.325132  0.471377  0.819813  -0.005982  0.007773  -0.011512  -0.347943  -0.005559  -0.064017  1.000000  
110.502145 0.006947  -0.008672  0.008015  0.786105  0.616595  -0.042999  -0.525669  0.630344  -0.571261  -0.325132  0.471675  0.819641  -0.005960  0.007754  -0.011718  -0.351965  -0.009458  -0.061808  1.000000  
110.503396 0.006940  -0.008663  0.007999  0.786141  0.616516  -0.043465  -0.525693  0.630032  -0.571582  -0.325006  0.472194  0.819393  -0.005881  0.007687  -0.011747  -0.358885  -0.005660  -0.064526  1.000000  
110.504398 0.006934  -0.008656  0.007987  0.786250  0.616366  -0.043646  -0.525531  0.629882  -0.571897  -0.325006  0.472591  0.819164  -0.005871  0.007590  -0.011732  -0.372031  -0.009097  -0.071605  1.000000  
110.505649 0.006927  -0.008646  0.007972  0.786250  0.616339  -0.044020  -0.525531  0.629535  -0.572279  -0.325006  0.473088  0.818877  -0.005845  0.007507  -0.011628  -0.370549  -0.008897  -0.069756  1.000000  
110.506649 0.006921  -0.008639  0.007961  0.786394  0.616141  -0.044217  -0.525393  0.629489  -0.572456  -0.324879  0.473408  0.818742  -0.005815  0.007473  -0.011570  -0.372256  -0.008256  -0.077592  1.000000  
110.507892 0.006914  -0.008630  0.007948  0.786394  0.616114  -0.044591  -0.525393  0.629141  -0.572838  -0.324879  0.473904  0.818455  -0.005826  0.007468  -0.011492  -0.375762  -0.008286  -0.077475  1.000000  
110.508893 0.006908  -0.008623  0.007937  0.786430  0.616039  -0.044981  -0.525417  0.628899  -0.573082  -0.324753  0.474323  0.818262  -0.005811  0.007398  -0.011492  -0.383838  -0.004442  -0.079684  1.000000  
110.510144 0.006901  -0.008614  0.007923  0.786574  0.615824  -0.045402  -0.525279  0.628643  -0.573488  -0.324626  0.474940  0.817955  -0.005794  0.007380  -0.011541  -0.389745  -0.003844  -0.087541  1.000000  
110.511392 0.006895  -0.008605  0.007908  0.786574  0.615796  -0.045776  -0.525279  0.628296  -0.573869  -0.324626  0.475436  0.817666  -0.005722  0.007376  -0.011725  -0.399996  -0.000660  -0.081893  1.000000  
110.512393 0.006890  -0.008597  0.007896  0.786611  0.615716  -0.046240  -0.525304  0.627983  -0.574190  -0.324500  0.475954  0.817415  -0.005610  0.007375  -0.011790  -0.407436  0.003190  -0.084820  1.000000  
110.513643 0.006885  -0.008587  0.007881  0.786755  0.615500  -0.046661  -0.525166  0.627727  -0.574595  -0.324373  0.476570  0.817106  -0.005489  0.007450  -0.011920  -0.419670  0.003142  -0.084823  1.000000  
110.514644 0.006881  -0.008579  0.007869  0.786755  0.615477  -0.046959  -0.525166  0.627448  -0.574900  -0.324373  0.476967  0.816875  -0.005399  0.007441  -0.011927  -0.424296  0.003085  -0.084125  1.000000  
110.515892 0.006874  -0.008570  0.007854  0.786791  0.615389  -0.047498  -0.525190  0.627065  -0.575296  -0.324247  0.477583  0.816565  -0.005372  0.007410  -0.011873  -0.435990  0.006956  -0.087073  1.000000  
110.517142 0.006869  -0.008562  0.007839  0.786827  0.615296  -0.048111  -0.525214  0.626612  -0.575767  -0.324120  0.478298  0.816197  -0.005179  0.007379  -0.011756  -0.450866  0.013954  -0.082977  1.000000  
110.518392 0.006863  -0.008553  0.007825  0.786971  0.615078  -0.048531  -0.525076  0.626355  -0.576173  -0.323993  0.478914  0.815886  -0.005142  0.007335  -0.011600  -0.458900  0.017764  -0.085206  1.000000  
110.519393 0.006859  -0.008546  0.007816  0.787007  0.615001  -0.048921  -0.525100  0.626111  -0.576416  -0.323867  0.479332  0.815691  -0.005008  0.007319  -0.011391  -0.462988  0.021591  -0.087454  1.000000  
110.520401 0.006855  -0.008538  0.007805  0.787151  0.614789  -0.049266  -0.524962  0.625923  -0.576745  -0.323740  0.479848  0.815437  -0.004878  0.007340  -0.011310  -0.470783  0.021714  -0.088169  1.000000  
110.521651 0.006848  -0.008530  0.007792  0.787187  0.614700  -0.049804  -0.524986  0.625539  -0.577140  -0.323614  0.480464  0.815125  -0.004804  0.007258  -0.011254  -0.478855  0.025546  -0.090422  1.000000  
110.522896 0.006843  -0.008521  0.007778  0.787331  0.614487  -0.050148  -0.524848  0.625351  -0.577469  -0.323487  0.480980  0.814871  -0.004671  0.007252  -0.011302  -0.478961  0.029385  -0.092715  1.000000  
110.523900 0.006839  -0.008514  0.007766  0.787367  0.614403  -0.050612  -0.524872  0.625036  -0.577788  -0.323360  0.481496  0.814616  -0.004536  0.007243  -0.011347  -0.482973  0.029329  -0.092719  1.000000  
110.525143 0.006834  -0.008504  0.007752  0.787511  0.614184  -0.051031  -0.524734  0.624778  -0.578193  -0.323234  0.482111  0.814303  -0.004444  0.007313  -0.011401  -0.491228  0.033165  -0.095018  1.000000  
110.526144 0.006831  -0.008497  0.007741  0.787547  0.614099  -0.051494  -0.524758  0.624463  -0.578511  -0.323107  0.482627  0.814047  -0.004327  0.007289  -0.011297  -0.495377  0.036707  -0.096518  1.000000  
110.527392 0.006827  -0.008487  0.007727  0.787727  0.613825  -0.052003  -0.524644  0.624240  -0.578855  -0.322854  0.483263  0.813770  -0.004225  0.007341  -0.011243  -0.501165  0.037221  -0.104382  1.000000  
110.528393 0.006822  -0.008479  0.007718  0.787871  0.613611  -0.052346  -0.524505  0.624051  -0.579184  -0.322727  0.483779  0.813514  -0.004209  0.007292  -0.011034  -0.505419  0.041356  -0.107560  1.000000  
110.529643 0.006817  -0.008471  0.007706  0.787943  0.613465  -0.052974  -0.524553  0.623701  -0.579518  -0.322474  0.484415  0.813236  -0.004215  0.007254  -0.010905  -0.513529  0.045166  -0.109847  1.000000  
110.530895 0.006813  -0.008462  0.007696  0.788087  0.613237  -0.053466  -0.524415  0.623371  -0.579998  -0.322347  0.485127  0.812862  -0.004104  0.007300  -0.010455  -0.521653  0.048962  -0.112147  1.000000  
110.532145 0.006808  -0.008453  0.007686  0.788267  0.612955  -0.054048  -0.524300  0.623077  -0.580418  -0.322094  0.485861  0.812523  -0.004054  0.007239  -0.010189  -0.531320  0.052898  -0.121371  1.000000  
110.533392 0.006804  -0.008445  0.007676  0.788374  0.612747  -0.054840  -0.524372  0.622692  -0.580766  -0.321714  0.486618  0.812221  -0.003918  0.007223  -0.009979  -0.539501  0.060505  -0.125952  1.000000  
110.534393 0.006801  -0.008438  0.007667  0.788518  0.612531  -0.055182  -0.524233  0.622502  -0.581095  -0.321587  0.487132  0.811963  -0.003891  0.007215  -0.009947  -0.543561  0.064281  -0.128251  1.000000  
110.535647 0.006796  -0.008429  0.007655  0.788734  0.612193  -0.055854  -0.524143  0.622242  -0.581454  -0.321207  0.487888  0.811660  -0.003835  0.007152  -0.009841  -0.549399  0.072410  -0.140681  1.000000  
110.536896 0.006792  -0.008420  0.007643  0.788805  0.612043  -0.056480  -0.524190  0.621891  -0.581787  -0.320954  0.488523  0.811378  -0.003711  0.007150  -0.009736  -0.559753  0.079469  -0.137411  1.000000  
110.537898 0.006789  -0.008414  0.007635  0.788984  0.611765  -0.056987  -0.524075  0.621666  -0.582131  -0.320700  0.489157  0.811096  -0.003636  0.007109  -0.009471  -0.566153  0.084430  -0.148798  1.000000  
110.538901 0.006785  -0.008407  0.007626  0.789164  0.611493  -0.057419  -0.523960  0.621512  -0.582399  -0.320447  0.489694  0.810872  -0.003594  0.007126  -0.009286  -0.567904  0.084864  -0.156745  1.000000  
110.540149 0.006781  -0.008399  0.007616  0.789235  0.611335  -0.058118  -0.524008  0.621089  -0.582807  -0.320193  0.490426  0.810530  -0.003562  0.007084  -0.008972  -0.574265  0.091950  -0.153487  1.000000  
110.541394 0.006776  -0.008390  0.007607  0.789450  0.610993  -0.058788  -0.523916  0.620829  -0.583166  -0.319813  0.491181  0.810223  -0.003587  0.006990  -0.008750  -0.576228  0.100096  -0.166112  1.000000  
110.542395 0.006772  -0.008383  0.007600  0.789629  0.610720  -0.059219  -0.523801  0.620674  -0.583435  -0.319559  0.491717  0.809998  -0.003606  0.006984  -0.008499  -0.578067  0.100514  -0.174093  1.000000  
110.543642 0.006767  -0.008374  0.007590  0.789844  0.610370  -0.059963  -0.523709  0.620342  -0.583870  -0.319179  0.492569  0.809630  -0.003594  0.006921  -0.008363  -0.585496  0.107215  -0.177321  1.000000  
110.544643 0.006763  -0.008368  0.007584  0.789915  0.610223  -0.060513  -0.523756  0.620061  -0.584126  -0.318925  0.493104  0.809404  -0.003640  0.006830  -0.008154  -0.589576  0.114781  -0.181960  1.000000  
110.545892 0.006758  -0.008361  0.007574  0.790130  0.609871  -0.061256  -0.523664  0.619729  -0.584561  -0.318545  0.493956  0.809034  -0.003662  0.006720  -0.008151  -0.595457  0.118940  -0.192211  1.000000  
110.547142 0.006753  -0.008353  0.007564  0.790272  0.609598  -0.062134  -0.523758  0.619379  -0.584848  -0.318038  0.494732  0.808760  -0.003663  0.006720  -0.008150  -0.595490  0.130250  -0.199195  1.000000  
110.548144 0.006749  -0.008347  0.007556  0.790450  0.609308  -0.062712  -0.523643  0.619081  -0.585267  -0.317784  0.495463  0.808412  -0.003727  0.006625  -0.008095  -0.604557  0.135032  -0.203281  1.000000  
110.549392 0.006745  -0.008339  0.007546  0.790557  0.609080  -0.063573  -0.523713  0.618622  -0.585688  -0.317403  0.496314  0.808039  -0.003740  0.006598  -0.008016  -0.615765  0.141411  -0.206302  1.000000  
110.550642 0.006740  -0.008331  0.007538  0.790806  0.608677  -0.064330  -0.523644  0.618397  -0.585988  -0.316896  0.497089  0.807762  -0.003720  0.006571  -0.007811  -0.619968  0.152737  -0.213367  1.000000  
110.551645 0.006737  -0.008324  0.007532  0.790912  0.608456  -0.065117  -0.523714  0.618010  -0.586334  -0.316515  0.497841  0.807448  -0.003693  0.006507  -0.007543  -0.628076  0.160215  -0.218090  1.000000  
110.552893 0.006733  -0.008316  0.007524  0.791126  0.608098  -0.065857  -0.523622  0.617676  -0.586768  -0.316134  0.498691  0.807073  -0.003725  0.006500  -0.007424  -0.640180  0.167661  -0.222818  1.000000  
110.553903 0.006730  -0.008310  0.007518  0.791231  0.607883  -0.066569  -0.523692  0.617360  -0.587039  -0.315753  0.499345  0.806817  -0.003726  0.006464  -0.007199  -0.645304  0.176521  -0.229377  1.000000  
110.555148 0.006725  -0.008302  0.007510  0.791372  0.607595  -0.067519  -0.523785  0.616937  -0.587399  -0.315246  0.500217  0.806476  -0.003712  0.006409  -0.007084  -0.655816  0.187439  -0.228632  1.000000  
110.556148 0.006721  -0.008296  0.007504  0.791513  0.607314  -0.068395  -0.523878  0.616586  -0.587685  -0.314738  0.500990  0.806194  -0.003707  0.006370  -0.007012  -0.666208  0.202202  -0.230174  1.000000  
110.557398 0.006718  -0.008289  0.007495  0.791761  0.606896  -0.069223  -0.523808  0.616289  -0.588059  -0.314230  0.501861  0.805850  -0.003633  0.006221  -0.006978  -0.672122  0.210097  -0.242945  1.000000  
110.558643 0.006713  -0.008281  0.007487  0.791901  0.606604  -0.070171  -0.523900  0.615867  -0.588419  -0.313721  0.502732  0.805506  -0.003537  0.006253  -0.006927  -0.681091  0.223033  -0.242583  1.000000  
110.559644 0.006710  -0.008276  0.007479  0.792006  0.606385  -0.070882  -0.523970  0.615550  -0.588689  -0.313340  0.503385  0.805246  -0.003510  0.006154  -0.006896  -0.684812  0.231914  -0.241495  1.000000  
110.560892 0.006705  -0.008268  0.007471  0.792146  0.606090  -0.071830  -0.524062  0.615127  -0.589048  -0.312832  0.504255  0.804899  -0.003480  0.006188  -0.006819  -0.691419  0.241256  -0.246708  1.000000  
110.561893 0.006702  -0.008263  0.007464  0.792250  0.605869  -0.072540  -0.524132  0.614810  -0.589317  -0.312451  0.504907  0.804638  -0.003521  0.006094  -0.006765  -0.693566  0.248254  -0.243651  1.000000  
110.563142 0.006698  -0.008255  0.007457  0.792390  0.605573  -0.073487  -0.524224  0.614387  -0.589676  -0.311942  0.505777  0.804290  -0.003441  0.006105  -0.006656  -0.701686  0.255645  -0.248538  1.000000  
110.564144 0.006694  -0.008249  0.007451  0.792494  0.605340  -0.074270  -0.524293  0.613998  -0.590020  -0.311561  0.506526  0.803966  -0.003419  0.006112  -0.006450  -0.709759  0.264831  -0.247602  1.000000  
110.565395 0.006690  -0.008242  0.007445  0.792633  0.605042  -0.075216  -0.524385  0.613575  -0.590378  -0.311052  0.507395  0.803615  -0.003428  0.006050  -0.006316  -0.716127  0.271899  -0.244647  1.000000  
110.566642 0.006686  -0.008233  0.007439  0.792772  0.604741  -0.076162  -0.524476  0.613152  -0.590736  -0.310544  0.508264  0.803262  -0.003416  0.006066  -0.006192  -0.724349  0.279357  -0.249625  1.000000  
110.567893 0.006683  -0.008225  0.007433  0.792910  0.604431  -0.077180  -0.524568  0.612657  -0.591168  -0.310035  0.509229  0.802847  -0.003358  0.006036  -0.006080  -0.732687  0.287833  -0.246976  1.000000  
110.568897 0.006680  -0.008219  0.007427  0.792906  0.604320  -0.078084  -0.524800  0.612144  -0.591494  -0.309653  0.509977  0.802520  -0.003313  0.006018  -0.006061  -0.745092  0.298293  -0.238457  1.000000  
110.570148 0.006677  -0.008213  0.007421  0.793044  0.604007  -0.079102  -0.524891  0.611649  -0.591925  -0.309144  0.510942  0.802102  -0.003202  0.006000  -0.005918  -0.753097  0.305597  -0.243425  1.000000  
110.571401 0.006674  -0.008205  0.007416  0.793182  0.603692  -0.080119  -0.524983  0.611153  -0.592355  -0.308635  0.511907  0.801683  -0.003114  0.005968  -0.005733  -0.765439  0.311272  -0.240135  1.000000  
110.572647 0.006671  -0.008198  0.007410  0.793320  0.603365  -0.081208  -0.525074  0.610586  -0.592860  -0.308126  0.512968  0.801201  -0.003005  0.005983  -0.005575  -0.779994  0.322186  -0.239690  1.000000  
110.573900 0.006668  -0.008190  0.007405  0.793491  0.602989  -0.082314  -0.525187  0.610128  -0.593230  -0.307490  0.513953  0.800814  -0.003001  0.005971  -0.005314  -0.790423  0.333098  -0.239230  1.000000  
110.575144 0.006664  -0.008183  0.007400  0.793628  0.602669  -0.083329  -0.525278  0.609632  -0.593660  -0.306980  0.514916  0.800390  -0.002958  0.005945  -0.005052  -0.796658  0.340142  -0.236390  1.000000  
110.576150 0.006661  -0.008178  0.007398  0.793765  0.602368  -0.084198  -0.525369  0.609280  -0.593941  -0.306471  0.515684  0.800091  -0.002916  0.005934  -0.004713  -0.800593  0.343698  -0.239006  1.000000  
110.577395 0.006657  -0.008171  0.007393  0.793902  0.602035  -0.085285  -0.525459  0.608712  -0.594443  -0.305961  0.516743  0.799602  -0.002844  0.005918  -0.004476  -0.815117  0.350812  -0.236231  1.000000  
110.578397 0.006655  -0.008165  0.007390  0.793896  0.601904  -0.086259  -0.525690  0.608125  -0.594839  -0.305579  0.517586  0.799204  -0.002802  0.005936  -0.004293  -0.821396  0.357925  -0.233399  1.000000  
110.579643 0.006652  -0.008157  0.007387  0.794066  0.601520  -0.087362  -0.525803  0.607667  -0.595207  -0.304942  0.518569  0.798809  -0.002694  0.005953  -0.004137  -0.827648  0.365007  -0.230617  1.000000  
110.580893 0.006648  -0.008150  0.007382  0.794202  0.601193  -0.088375  -0.525893  0.607171  -0.595634  -0.304432  0.519530  0.798379  -0.002703  0.005891  -0.004004  -0.832894  0.365532  -0.231414  1.000000  
110.582143 0.006644  -0.008142  0.007378  0.794372  0.600806  -0.089476  -0.526005  0.606712  -0.596002  -0.303795  0.520512  0.797982  -0.002712  0.005830  -0.003872  -0.837116  0.372905  -0.236621  1.000000  
110.583395 0.006641  -0.008135  0.007374  0.794541  0.600417  -0.090577  -0.526118  0.606254  -0.596370  -0.303158  0.521494  0.797583  -0.002683  0.005816  -0.003735  -0.843138  0.379862  -0.233851  1.000000  
110.584401 0.006638  -0.008130  0.007372  0.794676  0.600106  -0.091442  -0.526207  0.605902  -0.596649  -0.302648  0.522260  0.797276  -0.002695  0.005800  -0.003503  -0.847616  0.383638  -0.236669  1.000000  
110.585424 0.006636  -0.008124  0.007370  0.794811  0.599795  -0.092307  -0.526296  0.605549  -0.596927  -0.302137  0.523026  0.796967  -0.002668  0.005830  -0.003266  -0.849426  0.386086  -0.238663  1.000000  
110.586642 0.006632  -0.008117  0.007368  0.794946  0.599460  -0.093317  -0.526386  0.605052  -0.597353  -0.301627  0.523984  0.796531  -0.002729  0.005783  -0.003093  -0.851305  0.386794  -0.239694  1.000000  
110.587644 0.006630  -0.008111  0.007367  0.795081  0.599147  -0.094182  -0.526475  0.604700  -0.597631  -0.301117  0.524749  0.796221  -0.002753  0.005803  -0.002888  -0.857346  0.393833  -0.236876  1.000000  
110.588644 0.006628  -0.008105  0.007366  0.795106  0.598956  -0.095169  -0.526727  0.604224  -0.597889  -0.300607  0.525514  0.795909  -0.002663  0.005835  -0.002683  -0.858408  0.400421  -0.233679  1.000000  
110.589645 0.006625  -0.008099  0.007364  0.795240  0.598641  -0.096032  -0.526816  0.603872  -0.598167  -0.300096  0.526278  0.795597  -0.002708  0.005791  -0.002514  -0.862455  0.404011  -0.236420  1.000000  
110.590893 0.006623  -0.008092  0.007363  0.795332  0.598295  -0.097413  -0.527113  0.603256  -0.598527  -0.299330  0.527375  0.795158  -0.002630  0.005791  -0.002373  -0.872755  0.411126  -0.233770  1.000000  
110.591914 0.006620  -0.008087  0.007361  0.795466  0.597965  -0.098349  -0.527201  0.602831  -0.598877  -0.298819  0.528235  0.794779  -0.002584  0.005783  -0.002249  -0.880254  0.414404  -0.236384  1.000000  
110.593142 0.006618  -0.008080  0.007360  0.795524  0.597686  -0.099568  -0.527475  0.602250  -0.599220  -0.298181  0.529213  0.794368  -0.002500  0.005760  -0.002068  -0.887145  0.421859  -0.233913  1.000000  
110.594143 0.006616  -0.008074  0.007358  0.795657  0.597352  -0.100502  -0.527563  0.601825  -0.599570  -0.297670  0.530073  0.793987  -0.002422  0.005742  -0.001988  -0.891903  0.425664  -0.237154  1.000000  
110.595395 0.006613  -0.008067  0.007356  0.795747  0.597011  -0.101808  -0.527859  0.601283  -0.599853  -0.296904  0.531072  0.793606  -0.002414  0.005745  -0.001830  -0.897983  0.436453  -0.236960  1.000000  
110.596395 0.006611  -0.008062  0.007355  0.795770  0.596811  -0.102792  -0.528111  0.600808  -0.600108  -0.296392  0.531834  0.793287  -0.002341  0.005645  -0.001669  -0.903437  0.443460  -0.233797  1.000000  
110.597642 0.006609  -0.008055  0.007354  0.795860  0.596465  -0.104098  -0.528406  0.600266  -0.600390  -0.295626  0.532832  0.792903  -0.002289  0.005602  -0.001515  -0.905580  0.454386  -0.233689  1.000000  
110.598929 0.006606  -0.008048  0.007352  0.795948  0.596118  -0.105402  -0.528701  0.599724  -0.600671  -0.294859  0.533830  0.792518  -0.002235  0.005653  -0.001353  -0.908525  0.461121  -0.238785  1.000000  
110.600151 0.006603  -0.008041  0.007351  0.795927  0.595892  -0.106830  -0.529159  0.599060  -0.600930  -0.294091  0.534827  0.792130  -0.002263  0.005626  -0.001331  -0.914097  0.476358  -0.233554  1.000000  
110.601394 0.006599  -0.008034  0.007349  0.796015  0.595553  -0.108061  -0.529454  0.598592  -0.601137  -0.293324  0.535727  0.791806  -0.002285  0.005592  -0.001259  -0.908400  0.486895  -0.233911  1.000000  
110.602396 0.006597  -0.008028  0.007348  0.796036  0.595332  -0.109116  -0.529705  0.598045  -0.601461  -0.292812  0.536584  0.791416  -0.002238  0.005607  -0.001233  -0.910284  0.490201  -0.228871  1.000000  
110.603397 0.006595  -0.008023  0.007346  0.796090  0.595063  -0.110186  -0.529977  0.597611  -0.601652  -0.292173  0.537365  0.791122  -0.002212  0.005565  -0.001326  -0.912239  0.501033  -0.228710  1.000000  
110.604399 0.006593  -0.008017  0.007345  0.796144  0.594792  -0.111255  -0.530249  0.597177  -0.601843  -0.291533  0.538147  0.790827  -0.002183  0.005532  -0.001272  -0.911402  0.508837  -0.226450  1.000000  
110.605646 0.006591  -0.008010  0.007343  0.796229  0.594433  -0.112556  -0.530543  0.596637  -0.602120  -0.290765  0.539141  0.790432  -0.002146  0.005562  -0.001351  -0.911591  0.519511  -0.225611  1.000000  
110.606895 0.006589  -0.008003  0.007343  0.796204  0.594194  -0.113981  -0.531000  0.595975  -0.602373  -0.289997  0.540136  0.790035  -0.002081  0.005574  -0.001230  -0.915621  0.534063  -0.220130  1.000000  
110.608149 0.006588  -0.007996  0.007341  0.796179  0.593953  -0.115405  -0.531457  0.595314  -0.602624  -0.289228  0.541129  0.789637  -0.002020  0.005558  -0.001244  -0.913554  0.544987  -0.220222  1.000000  
110.609395 0.006586  -0.007989  0.007341  0.796262  0.593588  -0.116704  -0.531749  0.594775  -0.602897  -0.288460  0.542122  0.789237  -0.001960  0.005559  -0.001113  -0.916106  0.551377  -0.218423  1.000000  
110.610643 0.006585  -0.007982  0.007341  0.796236  0.593342  -0.118127  -0.532206  0.594114  -0.603146  -0.287691  0.543114  0.788835  -0.001811  0.005608  -0.001047  -0.919606  0.566821  -0.212413  1.000000  
110.611893 0.006584  -0.007975  0.007340  0.796240  0.593019  -0.119709  -0.532683  0.593421  -0.603407  -0.286794  0.544224  0.788397  -0.001752  0.005608  -0.000918  -0.927655  0.581431  -0.207070  1.000000  
