1-Time 2-Px 3-Py 4-Pz 5-R11 6-R21 7-R31 8-R12 9-R22 10-R32 11-R13 12-R23 13-R33 14-Vx 15-Vy 16-Vz 17-Wx 18-Wy 19-Wz 20-state
92.057209 0.006934  0.008408  -0.009729  0.578234  0.687168  0.439824  -0.750738  0.659203  -0.042929  -0.319433  -0.305370  0.897057  0.001625  0.007621  -0.003705  0.000000  0.000000  0.000000  1.000000  
92.058255 0.006935  0.008412  -0.009731  0.578234  0.687168  0.439824  -0.750738  0.659203  -0.042929  -0.319433  -0.305370  0.897057  0.001332  0.005666  -0.002811  0.000000  0.000000  0.000000  1.000000  
92.059255 0.006933  0.008413  -0.009729  0.578234  0.687168  0.439824  -0.750738  0.659203  -0.042929  -0.319433  -0.305370  0.897057  -0.000625  0.003069  -0.000054  0.000000  0.000000  0.000000  1.000000  
92.060270 0.006928  0.008411  -0.009723  0.578208  0.687143  0.439897  -0.750705  0.659236  -0.043024  -0.319559  -0.305356  0.897017  -0.002182  0.001167  0.001891  0.000000  0.000000  0.000000  1.000000  
92.061503 0.006925  0.008412  -0.009718  0.578208  0.687143  0.439897  -0.750705  0.659236  -0.043024  -0.319559  -0.305356  0.897017  -0.002271  0.000900  0.002554  0.000000  0.000000  0.000000  1.000000  
92.062519 0.006922  0.008413  -0.009716  0.578208  0.687090  0.439980  -0.750705  0.659241  -0.042944  -0.319559  -0.305465  0.896980  -0.002374  0.001088  0.002445  0.000000  0.000000  0.000000  1.000000  
92.063772 0.006918  0.008416  -0.009715  0.578208  0.687090  0.439980  -0.750705  0.659241  -0.042944  -0.319559  -0.305465  0.896980  -0.002579  0.001248  0.002235  0.000000  0.000000  0.000000  1.000000  
92.065033 0.006912  0.008416  -0.009712  0.578208  0.687037  0.440064  -0.750705  0.659246  -0.042864  -0.319559  -0.305574  0.896943  -0.002870  0.001047  0.002184  0.000000  0.000000  0.000000  1.000000  
92.066266 0.006909  0.008415  -0.009710  0.578208  0.687037  0.440064  -0.750705  0.659246  -0.042864  -0.319559  -0.305574  0.896943  -0.002821  0.000848  0.002143  0.000000  0.000000  0.000000  1.000000  
92.067523 0.006907  0.008416  -0.009706  0.578208  0.686983  0.440147  -0.750705  0.659251  -0.042784  -0.319559  -0.305682  0.896906  -0.002642  0.000827  0.002220  0.000000  0.000000  0.000000  1.000000  
92.068524 0.006906  0.008417  -0.009704  0.578208  0.686983  0.440147  -0.750705  0.659251  -0.042784  -0.319559  -0.305682  0.896906  -0.002543  0.000810  0.002263  0.000000  0.000000  0.000000  1.000000  
92.069769 0.006901  0.008416  -0.009699  0.578208  0.686930  0.440230  -0.750705  0.659256  -0.042704  -0.319559  -0.305791  0.896869  -0.002660  0.000668  0.002409  0.000000  0.000000  0.000000  1.000000  
92.070776 0.006898  0.008415  -0.009693  0.578208  0.686877  0.440314  -0.750705  0.659262  -0.042624  -0.319559  -0.305900  0.896832  -0.002712  0.000540  0.002654  0.000000  0.000000  0.000000  1.000000  
92.072006 0.006892  0.008411  -0.009684  0.578208  0.686877  0.440314  -0.750705  0.659262  -0.042624  -0.319559  -0.305900  0.896832  -0.002912  0.000198  0.003049  0.000000  0.000000  0.000000  1.000000  
92.073018 0.006886  0.008405  -0.009674  0.578208  0.686823  0.440397  -0.750705  0.659267  -0.042544  -0.319559  -0.306009  0.896795  -0.003334  -0.000511  0.003838  0.000000  0.000000  0.000000  1.000000  
92.074256 0.006876  0.008395  -0.009662  0.578208  0.686770  0.440480  -0.750705  0.659272  -0.042464  -0.319559  -0.306118  0.896757  -0.003790  -0.001239  0.004430  0.000000  0.000000  0.000000  1.000000  
92.075502 0.006868  0.008385  -0.009652  0.578208  0.686770  0.440480  -0.750705  0.659272  -0.042464  -0.319559  -0.306118  0.896757  -0.003986  -0.001780  0.004696  0.000000  0.000000  0.000000  1.000000  
92.076504 0.006863  0.008380  -0.009646  0.578208  0.686716  0.440564  -0.750705  0.659277  -0.042384  -0.319559  -0.306226  0.896720  -0.004146  -0.002182  0.004807  0.000000  0.000000  0.000000  1.000000  
92.077751 0.006857  0.008373  -0.009641  0.578208  0.686663  0.440647  -0.750705  0.659282  -0.042304  -0.319559  -0.306335  0.896683  -0.004318  -0.002720  0.005011  0.000000  0.000000  0.000000  1.000000  
92.078751 0.006850  0.008367  -0.009636  0.578208  0.686609  0.440730  -0.750705  0.659287  -0.042224  -0.319559  -0.306444  0.896646  -0.004489  -0.003250  0.005246  0.000000  0.000000  0.000000  1.000000  
92.079752 0.006846  0.008360  -0.009628  0.578208  0.686609  0.440730  -0.750705  0.659287  -0.042224  -0.319559  -0.306444  0.896646  -0.004514  -0.003682  0.005726  0.000000  0.000000  0.000000  1.000000  
92.081002 0.006842  0.008355  -0.009616  0.578234  0.686581  0.440740  -0.750738  0.659260  -0.042049  -0.319433  -0.306566  0.896649  -0.004510  -0.004026  0.006308  0.000000  0.000000  0.000000  1.000000  
92.082252 0.006841  0.008352  -0.009602  0.578234  0.686527  0.440824  -0.750738  0.659265  -0.041969  -0.319433  -0.306675  0.896612  -0.004472  -0.004277  0.006985  0.000000  0.000000  0.000000  1.000000  
92.083253 0.006838  0.008349  -0.009591  0.578234  0.686527  0.440824  -0.750738  0.659265  -0.041969  -0.319433  -0.306675  0.896612  -0.004572  -0.004530  0.007582  0.000000  0.000000  0.000000  1.000000  
92.084520 0.006832  0.008343  -0.009577  0.578234  0.686474  0.440907  -0.750738  0.659270  -0.041889  -0.319433  -0.306784  0.896575  -0.004687  -0.004964  0.008267  0.000000  0.000000  0.000000  1.000000  
92.085754 0.006826  0.008335  -0.009563  0.578234  0.686474  0.440907  -0.750738  0.659270  -0.041889  -0.319433  -0.306784  0.896575  -0.004820  -0.005379  0.008676  0.000000  0.000000  0.000000  1.000000  
92.086761 0.006822  0.008328  -0.009555  0.578389  0.686338  0.440916  -0.750619  0.659411  -0.041799  -0.319433  -0.306784  0.896575  -0.004765  -0.005595  0.008781  0.000000  0.000000  0.000000  1.000000  
92.088011 0.006816  0.008319  -0.009546  0.578415  0.686363  0.440842  -0.750653  0.659379  -0.041704  -0.319306  -0.306798  0.896615  -0.004659  -0.005698  0.008572  0.000000  0.000000  0.000000  1.000000  
92.089254 0.006810  0.008311  -0.009537  0.578260  0.686499  0.440834  -0.750772  0.659238  -0.041794  -0.319306  -0.306798  0.896615  -0.004354  -0.005586  0.008289  0.000000  0.000000  0.000000  1.000000  
92.090502 0.006805  0.008304  -0.009531  0.578260  0.686499  0.440834  -0.750772  0.659238  -0.041794  -0.319306  -0.306798  0.896615  -0.004161  -0.005428  0.008040  0.000000  0.000000  0.000000  1.000000  
92.091508 0.006802  0.008298  -0.009525  0.578415  0.686363  0.440842  -0.750653  0.659379  -0.041704  -0.319306  -0.306798  0.896615  -0.004001  -0.005444  0.008142  0.000000  0.000000  0.000000  1.000000  
92.092753 0.006799  0.008292  -0.009517  0.578389  0.686338  0.440916  -0.750619  0.659411  -0.041799  -0.319433  -0.306784  0.896575  -0.003747  -0.005398  0.008367  0.000000  0.000000  0.000000  1.000000  
92.093753 0.006797  0.008288  -0.009507  0.578389  0.686338  0.440916  -0.750619  0.659411  -0.041799  -0.319433  -0.306784  0.896575  -0.003553  -0.005263  0.008614  0.000000  0.000000  0.000000  1.000000  
92.094753 0.006795  0.008284  -0.009496  0.578389  0.686338  0.440916  -0.750619  0.659411  -0.041799  -0.319433  -0.306784  0.896575  -0.003314  -0.005113  0.008772  0.000000  0.000000  0.000000  1.000000  
92.096009 0.006795  0.008280  -0.009482  0.578389  0.686392  0.440832  -0.750619  0.659406  -0.041879  -0.319433  -0.306675  0.896612  -0.003188  -0.004992  0.008918  0.000000  0.000000  0.000000  1.000000  
92.097253 0.006793  0.008276  -0.009469  0.578362  0.686367  0.440905  -0.750586  0.659439  -0.041974  -0.319559  -0.306661  0.896572  -0.003172  -0.005068  0.008839  0.000000  0.000000  0.000000  1.000000  
92.098253 0.006790  0.008273  -0.009462  0.578362  0.686420  0.440822  -0.750586  0.659434  -0.042054  -0.319559  -0.306553  0.896609  -0.003137  -0.005108  0.008536  0.000000  0.000000  0.000000  1.000000  
92.099254 0.006787  0.008267  -0.009454  0.578362  0.686420  0.440822  -0.750586  0.659434  -0.042054  -0.319559  -0.306553  0.896609  -0.003083  -0.005169  0.008337  0.000000  0.000000  0.000000  1.000000  
92.100505 0.006781  0.008259  -0.009446  0.578336  0.686502  0.440729  -0.750552  0.659456  -0.042309  -0.319686  -0.306321  0.896643  -0.003035  -0.005136  0.008019  0.000000  0.000000  0.000000  1.000000  
92.101520 0.006778  0.008253  -0.009440  0.578491  0.686420  0.440654  -0.750433  0.659592  -0.042298  -0.319686  -0.306212  0.896680  -0.002966  -0.005098  0.007791  0.000000  0.000000  0.000000  1.000000  
92.102757 0.006774  0.008246  -0.009429  0.578465  0.686448  0.440644  -0.750399  0.659619  -0.042473  -0.319813  -0.306090  0.896676  -0.002819  -0.004952  0.007875  0.000000  0.000000  0.000000  1.000000  
92.103769 0.006771  0.008240  -0.009422  0.578465  0.686555  0.440478  -0.750399  0.659609  -0.042633  -0.319813  -0.305872  0.896751  -0.002784  -0.004918  0.007941  0.000000  0.000000  0.000000  1.000000  
92.105010 0.006766  0.008234  -0.009410  0.578439  0.686637  0.440385  -0.750365  0.659631  -0.042888  -0.319940  -0.305641  0.896784  -0.002670  -0.004794  0.008300  0.000000  0.000000  0.000000  1.000000  
92.106256 0.006764  0.008229  -0.009398  0.578567  0.686530  0.440383  -0.750212  0.659800  -0.042972  -0.320067  -0.305518  0.896781  -0.002589  -0.004700  0.008585  0.000000  0.000000  0.000000  1.000000  
92.107258 0.006762  0.008225  -0.009388  0.578541  0.686611  0.440290  -0.750178  0.659822  -0.043227  -0.320193  -0.305287  0.896814  -0.002564  -0.004661  0.008861  0.000000  0.000000  0.000000  1.000000  
92.108507 0.006761  0.008219  -0.009375  0.578669  0.686557  0.440206  -0.750025  0.659985  -0.043392  -0.320320  -0.305056  0.896848  -0.002449  -0.004653  0.009009  0.000000  0.000000  0.000000  1.000000  
92.109751 0.006759  0.008212  -0.009362  0.578771  0.686532  0.440111  -0.749838  0.660175  -0.043731  -0.320574  -0.304702  0.896878  -0.002454  -0.004764  0.008955  0.000000  0.000000  0.000000  1.000000  
92.110752 0.006757  0.008207  -0.009354  0.578745  0.686560  0.440102  -0.749804  0.660202  -0.043907  -0.320700  -0.304579  0.896874  -0.002545  -0.004967  0.008675  0.000000  0.000000  0.000000  1.000000  
92.112008 0.006754  0.008199  -0.009346  0.578847  0.686535  0.440007  -0.749617  0.660392  -0.044246  -0.320954  -0.304225  0.896903  -0.002660  -0.005217  0.008309  0.000000  0.000000  0.000000  1.000000  
92.113252 0.006749  0.008190  -0.009339  0.579076  0.686348  0.439996  -0.749276  0.660755  -0.044590  -0.321334  -0.303857  0.896892  -0.002759  -0.005514  0.008187  0.000000  0.000000  0.000000  1.000000  
92.114252 0.006745  0.008182  -0.009331  0.579178  0.686269  0.439986  -0.749089  0.660949  -0.044850  -0.321587  -0.303612  0.896884  -0.002779  -0.005668  0.008207  0.000000  0.000000  0.000000  1.000000  
92.115503 0.006740  0.008171  -0.009319  0.579280  0.686244  0.439892  -0.748902  0.661139  -0.045190  -0.321841  -0.303258  0.896913  -0.002769  -0.005908  0.008445  0.000000  0.000000  0.000000  1.000000  
92.116755 0.006735  0.008160  -0.009306  0.579482  0.686032  0.439955  -0.748527  0.661533  -0.045629  -0.322347  -0.302877  0.896860  -0.002786  -0.006119  0.008785  0.000000  0.000000  0.000000  1.000000  
92.117768 0.006732  0.008152  -0.009294  0.579584  0.686006  0.439861  -0.748339  0.661721  -0.045969  -0.322601  -0.302523  0.896888  -0.002789  -0.006255  0.009124  -0.120095  -0.085396  -0.112052  1.000000  
92.119008 0.006727  0.008144  -0.009279  0.579786  0.685848  0.439842  -0.747964  0.662109  -0.046488  -0.323107  -0.302032  0.896871  -0.002808  -0.006360  0.009329  -0.129731  -0.096152  -0.136437  1.000000  
92.120017 0.006725  0.008137  -0.009267  0.579860  0.685798  0.439822  -0.747742  0.662329  -0.046923  -0.323487  -0.301665  0.896858  -0.002773  -0.006504  0.009518  -0.139662  -0.106807  -0.146894  1.000000  
92.121258 0.006722  0.008128  -0.009255  0.580062  0.685693  0.439720  -0.747366  0.662710  -0.047523  -0.323993  -0.301066  0.896877  -0.002805  -0.006708  0.009562  -0.157863  -0.121842  -0.158906  1.000000  
92.122505 0.006721  0.008120  -0.009243  0.580417  0.685398  0.439711  -0.746871  0.663238  -0.047952  -0.324500  -0.300575  0.896858  -0.002795  -0.006960  0.009456  -0.167437  -0.128350  -0.181794  1.000000  
92.123767 0.006718  0.008110  -0.009233  0.580618  0.685293  0.439610  -0.746495  0.663618  -0.048553  -0.325006  -0.299976  0.896875  -0.002849  -0.007194  0.009213  -0.183273  -0.141208  -0.199859  1.000000  
92.125002 0.006713  0.008101  -0.009222  0.580791  0.685163  0.439583  -0.746084  0.664028  -0.049248  -0.325638  -0.299363  0.896851  -0.002968  -0.007327  0.009188  -0.197575  -0.157131  -0.217680  1.000000  
92.126252 0.006708  0.008090  -0.009212  0.580964  0.685033  0.439557  -0.745673  0.664438  -0.049943  -0.326271  -0.298750  0.896825  -0.003178  -0.007585  0.009283  -0.211014  -0.175646  -0.239027  1.000000  
92.127502 0.006703  0.008079  -0.009200  0.581137  0.684903  0.439531  -0.745261  0.664847  -0.050638  -0.326903  -0.298137  0.896799  -0.003289  -0.007822  0.009575  -0.224979  -0.187025  -0.254982  1.000000  
92.128503 0.006698  0.008069  -0.009189  0.581336  0.684745  0.439515  -0.744884  0.665230  -0.051159  -0.327409  -0.297647  0.896777  -0.003332  -0.007955  0.009846  -0.232639  -0.199885  -0.272936  1.000000  
92.129752 0.006691  0.008057  -0.009175  0.581508  0.684615  0.439490  -0.744472  0.665638  -0.051854  -0.328041  -0.297034  0.896750  -0.003428  -0.008048  0.010132  -0.246370  -0.214573  -0.293313  1.000000  
92.131002 0.006685  0.008045  -0.009161  0.581652  0.684514  0.439456  -0.744024  0.666069  -0.052725  -0.328799  -0.296299  0.896715  -0.003511  -0.008068  0.010220  -0.264399  -0.238178  -0.307961  1.000000  
92.132004 0.006681  0.008038  -0.009151  0.581850  0.684408  0.439359  -0.743646  0.666443  -0.053326  -0.329305  -0.295700  0.896727  -0.003580  -0.008021  0.010121  -0.274020  -0.249241  -0.323467  1.000000  
92.133256 0.006676  0.008029  -0.009140  0.581993  0.684307  0.439327  -0.743198  0.666873  -0.054197  -0.330063  -0.294964  0.896691  -0.003624  -0.008025  0.009906  -0.285449  -0.266269  -0.342496  1.000000  
92.134518 0.006672  0.008020  -0.009130  0.582135  0.684260  0.439212  -0.742750  0.667294  -0.055149  -0.330820  -0.294120  0.896689  -0.003604  -0.008057  0.009483  -0.301063  -0.283478  -0.361668  1.000000  
92.135760 0.006669  0.008011  -0.009122  0.582277  0.684213  0.439098  -0.742301  0.667714  -0.056102  -0.331578  -0.293276  0.896686  -0.003653  -0.008078  0.009110  -0.321565  -0.305294  -0.377793  1.000000  
92.137008 0.006665  0.008002  -0.009113  0.582543  0.684003  0.439071  -0.741696  0.668305  -0.057058  -0.332461  -0.292418  0.896639  -0.003770  -0.008087  0.008964  -0.335066  -0.324941  -0.404766  1.000000  
92.138258 0.006661  0.007994  -0.009102  0.582656  0.683932  0.439033  -0.741211  0.668752  -0.058106  -0.333344  -0.291560  0.896590  -0.003882  -0.008035  0.008993  -0.353036  -0.348716  -0.419260  1.000000  
92.139505 0.006656  0.007984  -0.009093  0.582767  0.683861  0.438995  -0.740726  0.669198  -0.059153  -0.334227  -0.290703  0.896540  -0.003980  -0.008000  0.008973  -0.366863  -0.368229  -0.432234  1.000000  
92.140507 0.006651  0.007976  -0.009083  0.582906  0.683760  0.438967  -0.740275  0.669620  -0.060025  -0.334984  -0.289967  0.896496  -0.004054  -0.008045  0.009024  -0.382549  -0.385634  -0.451492  1.000000  
92.141752 0.006646  0.007965  -0.009071  0.583141  0.683581  0.438935  -0.739632  0.670227  -0.061158  -0.335992  -0.288987  0.896435  -0.004052  -0.008026  0.009048  -0.398334  -0.407628  -0.472233  1.000000  
92.143002 0.006641  0.007955  -0.009060  0.583194  0.683569  0.438883  -0.739074  0.670713  -0.062556  -0.337126  -0.287884  0.896364  -0.003971  -0.007936  0.008979  -0.420747  -0.432107  -0.483800  1.000000  
92.144009 0.006636  0.007947  -0.009052  0.583331  0.683522  0.438774  -0.738621  0.671122  -0.063510  -0.337882  -0.287041  0.896350  -0.003934  -0.007755  0.008703  -0.440290  -0.448766  -0.491642  1.000000  
92.145252 0.006631  0.007938  -0.009044  0.583534  0.683319  0.438820  -0.737941  0.671753  -0.064737  -0.339015  -0.286047  0.896240  -0.003796  -0.007545  0.008307  -0.455974  -0.475067  -0.513629  1.000000  
92.146502 0.006629  0.007930  -0.009038  0.583736  0.683170  0.438784  -0.737260  0.672373  -0.066046  -0.340147  -0.284944  0.896162  -0.003641  -0.007401  0.007873  -0.477879  -0.494840  -0.526429  1.000000  
92.147752 0.006626  0.007923  -0.009033  0.583908  0.683050  0.438741  -0.736542  0.673012  -0.067531  -0.341405  -0.283719  0.896072  -0.003495  -0.007309  0.007420  -0.497604  -0.521300  -0.545220  1.000000  
92.148756 0.006624  0.007917  -0.009028  0.584012  0.683034  0.438628  -0.736051  0.673435  -0.068661  -0.342286  -0.282753  0.896042  -0.003380  -0.007190  0.007220  -0.515161  -0.536500  -0.556327  1.000000  
92.150008 0.006621  0.007909  -0.009021  0.584152  0.682892  0.438662  -0.735295  0.674098  -0.070241  -0.343668  -0.281515  0.895903  -0.003317  -0.007144  0.007023  -0.536774  -0.564712  -0.571567  1.000000  
92.151269 0.006617  0.007901  -0.009013  0.584471  0.682688  0.438556  -0.734453  0.674860  -0.071718  -0.344924  -0.280182  0.895838  -0.003329  -0.007121  0.007067  -0.558576  -0.589048  -0.588369  1.000000  
92.152512 0.006614  0.007892  -0.009004  0.584607  0.682600  0.438511  -0.733694  0.675506  -0.073379  -0.346305  -0.278835  0.895725  -0.003302  -0.007152  0.006967  -0.585575  -0.618807  -0.604795  1.000000  
92.153758 0.006610  0.007883  -0.008994  0.584893  0.682426  0.438401  -0.732813  0.676280  -0.075032  -0.347686  -0.277380  0.895642  -0.003241  -0.007154  0.006941  -0.607344  -0.643513  -0.621538  1.000000  
92.154762 0.006606  0.007874  -0.008987  0.585083  0.682332  0.438293  -0.732124  0.676870  -0.076425  -0.348814  -0.276170  0.895577  -0.003245  -0.007209  0.006760  -0.629715  -0.664235  -0.637330  1.000000  
92.156022 0.006600  0.007864  -0.008981  0.585365  0.682159  0.438187  -0.731241  0.677636  -0.078079  -0.350193  -0.274715  0.895487  -0.003244  -0.007144  0.006428  -0.652907  -0.686432  -0.656896  1.000000  
92.157257 0.006596  0.007854  -0.008974  0.585764  0.681877  0.438091  -0.730198  0.678557  -0.079819  -0.351697  -0.273138  0.895380  -0.003200  -0.007141  0.006105  -0.678317  -0.711601  -0.684471  1.000000  
92.158506 0.006591  0.007845  -0.008969  0.585982  0.681765  0.437975  -0.729238  0.679351  -0.081826  -0.353325  -0.271439  0.895255  -0.003155  -0.007070  0.005803  -0.709733  -0.742767  -0.706728  1.000000  
92.159753 0.006587  0.007837  -0.008963  0.586346  0.681514  0.437879  -0.728154  0.680278  -0.083743  -0.354951  -0.269741  0.895125  -0.003078  -0.006973  0.005579  -0.738865  -0.772145  -0.735215  1.000000  
92.160753 0.006584  0.007830  -0.008958  0.586467  0.681429  0.437848  -0.727384  0.680895  -0.085406  -0.356327  -0.268396  0.894983  -0.003076  -0.007035  0.005551  -0.760499  -0.796748  -0.748652  1.000000  
92.161756 0.006581  0.007824  -0.008954  0.586735  0.681258  0.437755  -0.726492  0.681637  -0.087062  -0.357702  -0.266943  0.894869  -0.003185  -0.007046  0.005553  -0.779057  -0.819199  -0.770703  1.000000  
92.163003 0.006576  0.007815  -0.008945  0.587060  0.681039  0.437660  -0.725366  0.682565  -0.089156  -0.359450  -0.265123  0.894709  -0.003264  -0.007146  0.005781  -0.812778  -0.853401  -0.797660  1.000000  
92.164005 0.006573  0.007808  -0.008939  0.587293  0.680847  0.437647  -0.724433  0.683325  -0.090906  -0.360948  -0.263657  0.894540  -0.003352  -0.007177  0.005883  -0.831709  -0.880363  -0.818128  1.000000  
92.165006 0.006569  0.007800  -0.008932  0.587523  0.680708  0.437554  -0.723498  0.684068  -0.092739  -0.362445  -0.262083  0.894397  -0.003465  -0.007244  0.005934  -0.857652  -0.906601  -0.840732  1.000000  
92.166255 0.006563  0.007789  -0.008924  0.587777  0.680553  0.437455  -0.722290  0.685009  -0.095186  -0.364439  -0.260021  0.894188  -0.003642  -0.007430  0.005938  -0.890145  -0.940644  -0.869469  1.000000  
92.167503 0.006556  0.007778  -0.008918  0.588174  0.680205  0.437462  -0.720957  0.686092  -0.097460  -0.366432  -0.258068  0.893940  -0.003867  -0.007616  0.005762  -0.914465  -0.974752  -0.898061  1.000000  
92.168510 0.006550  0.007768  -0.008913  0.588394  0.680121  0.437296  -0.720016  0.686805  -0.099377  -0.367925  -0.256387  0.893810  -0.004066  -0.007767  0.005510  -0.944894  -1.001682  -0.922873  1.000000  
92.169759 0.006542  0.007756  -0.008909  0.588783  0.679827  0.437230  -0.718678  0.687861  -0.101735  -0.369915  -0.254327  0.893577  -0.004256  -0.007877  0.005240  -0.974950  -1.034269  -0.957617  1.000000  
92.170760 0.006536  0.007746  -0.008905  0.589113  0.679635  0.437084  -0.717573  0.688714  -0.103739  -0.371531  -0.252526  0.893418  -0.004371  -0.008038  0.005105  -0.999409  -1.060112  -0.983643  1.000000  
92.172009 0.006529  0.007735  -0.008901  0.589460  0.679374  0.437020  -0.716190  0.689766  -0.106274  -0.373642  -0.250346  0.893151  -0.004542  -0.008098  0.004952  -1.031544  -1.090492  -1.010388  1.000000  
92.173252 0.006521  0.007724  -0.008895  0.589770  0.679147  0.436956  -0.714765  0.690820  -0.108984  -0.375874  -0.248045  0.892856  -0.004724  -0.008237  0.004943  -1.061562  -1.128303  -1.046064  1.000000  
92.174256 0.006516  0.007716  -0.008890  0.590203  0.678899  0.436757  -0.713493  0.691789  -0.111159  -0.377610  -0.246016  0.892685  -0.004857  -0.008264  0.005057  -1.095456  -1.152593  -1.077828  1.000000  
92.175503 0.006508  0.007706  -0.008882  0.590502  0.678727  0.436620  -0.712061  0.692808  -0.113955  -0.379839  -0.243609  0.892400  -0.005162  -0.008384  0.005139  -1.131515  -1.187922  -1.105365  1.000000  
92.176503 0.006502  0.007698  -0.008876  0.590892  0.678460  0.436507  -0.710743  0.693784  -0.116223  -0.381694  -0.241569  0.892162  -0.005321  -0.008525  0.005266  -1.161270  -1.216949  -1.138229  1.000000  
92.177753 0.006495  0.007688  -0.008869  0.591146  0.678376  0.436293  -0.709265  0.694777  -0.119280  -0.384043  -0.238936  0.891864  -0.005467  -0.008560  0.005204  -1.201097  -1.252657  -1.165164  1.000000  
92.178753 0.006489  0.007680  -0.008864  0.591560  0.678132  0.436113  -0.707981  0.695709  -0.121457  -0.385772  -0.236911  0.891658  -0.005650  -0.008674  0.005081  -1.224797  -1.275583  -1.189333  1.000000  
92.179753 0.006481  0.007670  -0.008860  0.591790  0.678010  0.435989  -0.706777  0.696517  -0.123816  -0.387622  -0.234874  0.891394  -0.005916  -0.008769  0.004888  -1.257227  -1.302179  -1.214123  1.000000  
92.181003 0.006473  0.007659  -0.008856  0.592206  0.677860  0.435658  -0.705206  0.697575  -0.126777  -0.389841  -0.232150  0.891140  -0.006116  -0.008824  0.004624  -1.297529  -1.334671  -1.239859  1.000000  
92.182005 0.006466  0.007649  -0.008853  0.592571  0.677651  0.435487  -0.703874  0.698488  -0.129132  -0.391689  -0.230008  0.890885  -0.006215  -0.008843  0.004423  -1.319796  -1.352823  -1.261349  1.000000  
92.183257 0.006456  0.007637  -0.008850  0.592941  0.677483  0.435244  -0.702257  0.699545  -0.132186  -0.394027  -0.227275  0.890556  -0.006365  -0.008917  0.004251  -1.358329  -1.388319  -1.286603  1.000000  
92.184518 0.006447  0.007624  -0.008846  0.593234  0.677384  0.434998  -0.700554  0.700599  -0.135592  -0.396608  -0.224302  0.890164  -0.006435  -0.008919  0.004249  -1.400365  -1.428114  -1.319950  1.000000  
92.185761 0.006438  0.007612  -0.008841  0.593589  0.677273  0.434688  -0.698927  0.701608  -0.138732  -0.398940  -0.221465  0.889832  -0.006562  -0.008920  0.004306  -1.440559  -1.461579  -1.345127  1.000000  
92.186761 0.006431  0.007604  -0.008837  0.593897  0.677155  0.434451  -0.697542  0.702464  -0.141349  -0.400902  -0.219101  0.889535  -0.006662  -0.008886  0.004286  -1.469748  -1.486176  -1.360655  1.000000  
92.188009 0.006422  0.007593  -0.008832  0.594346  0.676936  0.434178  -0.695744  0.703589  -0.144577  -0.403352  -0.216148  0.889150  -0.006722  -0.008881  0.004312  -1.506099  -1.517372  -1.390572  1.000000  
92.189257 0.006414  0.007583  -0.008827  0.594679  0.676883  0.433805  -0.694106  0.704536  -0.147804  -0.405677  -0.213211  0.888801  -0.006792  -0.008875  0.004189  -1.543713  -1.543657  -1.405668  1.000000  
92.190261 0.006408  0.007574  -0.008823  0.594968  0.676821  0.433504  -0.692711  0.705336  -0.150508  -0.407633  -0.210746  0.888494  -0.006795  -0.008931  0.004010  -1.574580  -1.563089  -1.426155  1.000000  
92.191504 0.006400  0.007564  -0.008820  0.595430  0.676731  0.433011  -0.690943  0.706356  -0.153818  -0.409953  -0.207598  0.888168  -0.006796  -0.008938  0.003657  -1.613863  -1.584260  -1.446083  1.000000  
92.192753 0.006392  0.007553  -0.008818  0.595742  0.676840  0.432411  -0.689293  0.707199  -0.157303  -0.412270  -0.204346  0.887849  -0.006869  -0.008988  0.003355  -1.659193  -1.606655  -1.459046  1.000000  
92.194003 0.006383  0.007542  -0.008816  0.595973  0.676915  0.431974  -0.687556  0.708065  -0.160970  -0.414829  -0.201073  0.887405  -0.006957  -0.009025  0.003104  -1.699921  -1.631166  -1.470709  1.000000  
92.195005 0.006375  0.007533  -0.008814  0.596238  0.676964  0.431531  -0.686147  0.708771  -0.163847  -0.416775  -0.198402  0.887094  -0.006978  -0.009004  0.003005  -1.733078  -1.648691  -1.483076  1.000000  
92.196005 0.006367  0.007523  -0.008811  0.596498  0.677015  0.431093  -0.684736  0.709464  -0.166725  -0.418720  -0.195734  0.886770  -0.007036  -0.009063  0.003004  -1.767104  -1.664760  -1.496707  1.000000  
92.197253 0.006357  0.007511  -0.008807  0.596885  0.676967  0.430631  -0.682906  0.710398  -0.170214  -0.421149  -0.192482  0.886332  -0.007042  -0.009003  0.003033  -1.799891  -1.678892  -1.511316  1.000000  
92.198253 0.006349  0.007501  -0.008803  0.597096  0.676952  0.430364  -0.681446  0.711104  -0.173096  -0.423211  -0.189915  0.885903  -0.007156  -0.009039  0.003158  -1.831795  -1.702697  -1.518695  1.000000  
92.199256 0.006341  0.007491  -0.008798  0.597478  0.676860  0.429977  -0.679903  0.711896  -0.175886  -0.425150  -0.187255  0.885541  -0.007179  -0.009060  0.003266  -1.860975  -1.716566  -1.529734  1.000000  
92.200506 0.006331  0.007478  -0.008793  0.597842  0.676923  0.429372  -0.678062  0.712737  -0.179549  -0.427570  -0.183799  0.885100  -0.007199  -0.009058  0.003284  -1.901091  -1.735330  -1.539871  1.000000  
92.201511 0.006324  0.007469  -0.008789  0.598211  0.676886  0.428916  -0.676513  0.713478  -0.182427  -0.429504  -0.181038  0.884732  -0.007248  -0.009098  0.003315  -1.931775  -1.752200  -1.552969  1.000000  
92.202511 0.006315  0.007460  -0.008785  0.598473  0.677013  0.428350  -0.675127  0.714049  -0.185304  -0.431316  -0.178291  0.884409  -0.007375  -0.009151  0.003191  -1.963221  -1.754410  -1.553856  1.000000  
92.203759 0.006306  0.007448  -0.008780  0.598915  0.676918  0.427883  -0.673109  0.714993  -0.188969  -0.433849  -0.174836  0.883859  -0.007494  -0.009272  0.003190  -1.993082  -1.768544  -1.569208  1.000000  
92.205009 0.006295  0.007436  -0.008777  0.599286  0.677054  0.427146  -0.671297  0.715719  -0.192631  -0.436138  -0.171300  0.883425  -0.007662  -0.009409  0.003166  -2.031917  -1.776274  -1.569408  1.000000  
92.206046 0.006286  0.007425  -0.008773  0.599629  0.677074  0.426633  -0.669735  0.716377  -0.195597  -0.438064  -0.168445  0.883021  -0.007844  -0.009533  0.003259  -2.054013  -1.784194  -1.576258  1.000000  
92.207258 0.006274  0.007412  -0.008767  0.600221  0.676956  0.425989  -0.667625  0.717337  -0.199260  -0.440468  -0.164801  0.882513  -0.008124  -0.009776  0.003520  -2.089906  -1.792008  -1.590651  1.000000  
92.208505 0.006260  0.007396  -0.008760  0.600488  0.677119  0.425351  -0.665714  0.718011  -0.203187  -0.442989  -0.161151  0.881925  -0.008415  -0.010018  0.003859  -2.122204  -1.804398  -1.595356  1.000000  
92.209752 0.006247  0.007381  -0.008751  0.601019  0.676938  0.424888  -0.663551  0.718966  -0.206851  -0.445506  -0.157614  0.881296  -0.008726  -0.010333  0.004214  -2.146953  -1.818849  -1.609372  1.000000  
92.210770 0.006235  0.007369  -0.008744  0.601332  0.677016  0.424321  -0.661977  0.719532  -0.209905  -0.447421  -0.154668  0.880847  -0.008931  -0.010448  0.004554  -2.173183  -1.829295  -1.613313  1.000000  
92.212005 0.006220  0.007353  -0.008733  0.601885  0.676905  0.423715  -0.659851  0.720406  -0.213569  -0.449813  -0.151045  0.880258  -0.009314  -0.010741  0.004989  -2.198618  -1.836848  -1.623126  1.000000  
92.213253 0.006205  0.007337  -0.008722  0.602427  0.676846  0.423038  -0.657720  0.721232  -0.217320  -0.452201  -0.147321  0.879665  -0.009598  -0.010948  0.005354  -2.227488  -1.843428  -1.634867  1.000000  
92.214253 0.006193  0.007324  -0.008714  0.602894  0.676844  0.422375  -0.656058  0.721846  -0.220288  -0.453990  -0.144292  0.879245  -0.009859  -0.011105  0.005632  -2.249374  -1.837420  -1.642672  1.000000  
92.215507 0.006178  0.007308  -0.008702  0.603283  0.676937  0.421671  -0.654044  0.722491  -0.224127  -0.456373  -0.140579  0.878613  -0.010239  -0.011366  0.006056  -2.267715  -1.843815  -1.649996  1.000000  
92.216756 0.006162  0.007293  -0.008690  0.603661  0.677033  0.420975  -0.652027  0.723113  -0.227966  -0.458753  -0.136873  0.877959  -0.010653  -0.011621  0.006488  -2.297766  -1.848575  -1.648117  1.000000  
92.217793 0.006149  0.007280  -0.008680  0.604065  0.677022  0.420413  -0.650311  0.723689  -0.231020  -0.460654  -0.133848  0.877430  -0.011028  -0.011906  0.006932  -2.318975  -1.849394  -1.648869  1.000000  
92.219009 0.006131  0.007263  -0.008665  0.604384  0.677211  0.419649  -0.648241  0.724226  -0.235119  -0.463146  -0.129932  0.876706  -0.011513  -0.012156  0.007585  -2.353052  -1.864336  -1.656428  1.000000  
92.220017 0.006116  0.007249  -0.008652  0.604862  0.677043  0.419231  -0.646349  0.724919  -0.238172  -0.465161  -0.126908  0.876082  -0.011964  -0.012504  0.008342  -2.365235  -1.870016  -1.668586  1.000000  
92.221259 0.006097  0.007231  -0.008635  0.605247  0.677260  0.418324  -0.644363  0.725386  -0.242098  -0.467409  -0.123023  0.875439  -0.012421  -0.012833  0.009182  -2.391662  -1.875547  -1.666196  1.000000  
92.222507 0.006077  0.007211  -0.008616  0.605844  0.677118  0.417688  -0.642079  0.726149  -0.245850  -0.469773  -0.119242  0.874697  -0.012983  -0.013169  0.010022  -2.400578  -1.882097  -1.682806  1.000000  
92.223758 0.006056  0.007191  -0.008597  0.606255  0.677168  0.417012  -0.639870  0.726730  -0.249860  -0.472252  -0.115354  0.873883  -0.013528  -0.013518  0.010809  -2.416052  -1.885450  -1.692035  1.000000  
92.225003 0.006034  0.007170  -0.008578  0.606697  0.677282  0.416182  -0.637702  0.727245  -0.253872  -0.474609  -0.111377  0.873122  -0.013989  -0.013902  0.011471  -2.433544  -1.889760  -1.697358  1.000000  
92.226253 0.006012  0.007150  -0.008559  0.607130  0.677398  0.415363  -0.635531  0.727734  -0.257883  -0.476963  -0.107408  0.872336  -0.014458  -0.014148  0.012031  -2.454936  -1.894345  -1.704523  1.000000  
92.227253 0.005995  0.007135  -0.008543  0.607598  0.677302  0.414834  -0.633667  0.728271  -0.260935  -0.478843  -0.104323  0.871680  -0.014867  -0.014344  0.012595  -2.466858  -1.892119  -1.714706  1.000000  
92.228504 0.005973  0.007115  -0.008522  0.608010  0.677372  0.414115  -0.631489  0.728747  -0.264856  -0.481191  -0.100474  0.870839  -0.015314  -0.014613  0.013256  -2.486634  -1.897455  -1.713605  1.000000  
92.229753 0.005951  0.007096  -0.008500  0.608457  0.677554  0.413160  -0.629355  0.729124  -0.268868  -0.483418  -0.096430  0.870062  -0.015734  -0.014823  0.013864  -2.505096  -1.898374  -1.715455  1.000000  
92.231003 0.005929  0.007076  -0.008477  0.609022  0.677537  0.412353  -0.627092  0.729649  -0.272706  -0.485642  -0.092499  0.869250  -0.016173  -0.015096  0.014667  -2.519305  -1.899263  -1.722300  1.000000  
92.232013 0.005910  0.007059  -0.008457  0.609502  0.677557  0.411612  -0.625263  0.730037  -0.275849  -0.487395  -0.089236  0.868610  -0.016659  -0.015404  0.015434  -2.533826  -1.902703  -1.726287  1.000000  
92.233257 0.005885  0.007039  -0.008431  0.610047  0.677594  0.410743  -0.622994  0.730483  -0.279774  -0.489613  -0.085215  0.867766  -0.017142  -0.015666  0.016222  -2.549467  -1.898899  -1.728794  1.000000  
92.234519 0.005859  0.007017  -0.008405  0.610535  0.677575  0.410047  -0.620675  0.730946  -0.283691  -0.491945  -0.081302  0.866822  -0.017693  -0.015931  0.017015  -2.558369  -1.907807  -1.736078  1.000000  
92.235523 0.005839  0.007000  -0.008383  0.610862  0.677799  0.409190  -0.618964  0.731103  -0.287004  -0.493691  -0.077954  0.866136  -0.017987  -0.016100  0.017566  -2.575978  -1.908155  -1.733058  1.000000  
92.236762 0.005813  0.006978  -0.008355  0.611423  0.677898  0.408186  -0.616733  0.731436  -0.290932  -0.495784  -0.073859  0.865299  -0.018456  -0.016319  0.018269  -2.591450  -1.906076  -1.734716  1.000000  
92.238009 0.005785  0.006955  -0.008328  0.611848  0.678100  0.407214  -0.614625  0.731640  -0.294853  -0.497874  -0.069879  0.864429  -0.018958  -0.016529  0.018777  -2.605769  -1.899298  -1.730308  1.000000  
92.239009 0.005762  0.006937  -0.008307  0.612152  0.678278  0.406459  -0.612908  0.731776  -0.298074  -0.499614  -0.066656  0.863680  -0.019307  -0.016669  0.019141  -2.618456  -1.895474  -1.725717  1.000000  
92.240261 0.005734  0.006915  -0.008279  0.612779  0.678394  0.405319  -0.610764  0.732027  -0.301834  -0.501467  -0.062596  0.862909  -0.019767  -0.016740  0.019728  -2.637090  -1.883707  -1.725892  1.000000  
92.241505 0.005706  0.006893  -0.008251  0.613224  0.678704  0.404125  -0.608696  0.732084  -0.305848  -0.503434  -0.058436  0.862056  -0.020237  -0.016947  0.020274  -2.658308  -1.878268  -1.715218  1.000000  
92.242753 0.005677  0.006871  -0.008222  0.613833  0.678918  0.402840  -0.606547  0.732212  -0.309784  -0.505282  -0.054185  0.861251  -0.020673  -0.017060  0.020919  -2.679995  -1.867607  -1.708085  1.000000  
92.244005 0.005649  0.006850  -0.008193  0.614308  0.679136  0.401746  -0.604522  0.732290  -0.313536  -0.507128  -0.050256  0.860404  -0.021132  -0.017193  0.021478  -2.692645  -1.861507  -1.696643  1.000000  
92.245253 0.005619  0.006828  -0.008162  0.614726  0.679302  0.400825  -0.602447  0.732388  -0.317279  -0.509087  -0.046436  0.859461  -0.021664  -0.017397  0.022051  -2.698431  -1.855124  -1.691775  1.000000  
92.246505 0.005588  0.006805  -0.008130  0.615134  0.679713  0.399500  -0.600370  0.732269  -0.321463  -0.511044  -0.042105  0.858523  -0.022121  -0.017465  0.022487  -2.723718  -1.848665  -1.685879  1.000000  
92.247753 0.005556  0.006783  -0.008099  0.615756  0.680029  0.398003  -0.598259  0.732216  -0.325492  -0.512768  -0.037685  0.857700  -0.022626  -0.017666  0.022841  -2.752392  -1.836784  -1.682281  1.000000  
92.248759 0.005530  0.006764  -0.008073  0.616271  0.680173  0.396957  -0.596544  0.732247  -0.328556  -0.514146  -0.034323  0.857016  -0.023036  -0.017746  0.023201  -2.755442  -1.817345  -1.681655  1.000000  
92.250007 0.005496  0.006741  -0.008041  0.616753  0.680542  0.395573  -0.594557  0.732089  -0.332487  -0.515866  -0.030128  0.856139  -0.023552  -0.017875  0.023486  -2.780084  -1.799336  -1.663469  1.000000  
92.251257 0.005463  0.006717  -0.008009  0.617472  0.680657  0.394252  -0.592313  0.732147  -0.336343  -0.517584  -0.025839  0.855242  -0.024035  -0.017981  0.023792  -2.789936  -1.787283  -1.669075  1.000000  
92.252262 0.005434  0.006697  -0.007983  0.617967  0.680801  0.393227  -0.590593  0.732123  -0.339404  -0.518958  -0.022497  0.854504  -0.024518  -0.018081  0.024145  -2.808304  -1.773931  -1.658783  1.000000  
92.253263 0.005406  0.006678  -0.007956  0.618506  0.680994  0.392043  -0.588920  0.732041  -0.342475  -0.520215  -0.019059  0.853823  -0.024935  -0.018154  0.024564  -2.822132  -1.752623  -1.654327  1.000000  
92.254510 0.005370  0.006655  -0.007921  0.619130  0.681164  0.390760  -0.586846  0.731977  -0.346152  -0.521814  -0.015003  0.852927  -0.025430  -0.018184  0.025096  -2.827694  -1.733051  -1.648509  1.000000  
92.255511 0.005341  0.006637  -0.007891  0.619587  0.681508  0.389434  -0.585346  0.731719  -0.349223  -0.522955  -0.011579  0.852282  -0.025857  -0.018238  0.025560  -2.845250  -1.712206  -1.638590  1.000000  
92.256512 0.005311  0.006619  -0.007862  0.620161  0.681746  0.388102  -0.583717  0.731545  -0.352302  -0.524095  -0.008058  0.851622  -0.026386  -0.018298  0.026019  -2.859544  -1.691244  -1.634734  1.000000  
92.257515 0.005281  0.006600  -0.007832  0.620729  0.681982  0.386776  -0.582086  0.731355  -0.355381  -0.525234  -0.004542  0.850946  -0.026811  -0.018351  0.026480  -2.880981  -1.670323  -1.624955  1.000000  
92.258760 0.005244  0.006577  -0.007792  0.621377  0.682196  0.385356  -0.580055  0.731169  -0.359065  -0.526713  -0.000412  0.850043  -0.027431  -0.018473  0.027161  -2.894987  -1.646305  -1.619814  1.000000  
92.260018 0.005205  0.006553  -0.007753  0.622069  0.682409  0.383861  -0.578070  0.730962  -0.362671  -0.528077  0.003708  0.849188  -0.028026  -0.018569  0.027659  -2.899313  -1.622222  -1.608128  1.000000  
92.261260 0.005165  0.006530  -0.007715  0.622820  0.682609  0.382284  -0.575907  0.730739  -0.366540  -0.529554  0.008128  0.848238  -0.028646  -0.018704  0.028144  -2.918226  -1.603542  -1.603671  1.000000  
92.262511 0.005124  0.006505  -0.007675  0.623548  0.682955  0.380474  -0.573967  0.730353  -0.370333  -0.530802  0.012541  0.847403  -0.029267  -0.018791  0.028704  -2.943159  -1.575040  -1.592325  1.000000  
92.263758 0.005083  0.006480  -0.007635  0.624270  0.683251  0.378755  -0.572025  0.729989  -0.374037  -0.532048  0.016842  0.846547  -0.029831  -0.018930  0.029175  -2.964908  -1.546851  -1.581855  1.000000  
92.264758 0.005048  0.006460  -0.007601  0.624907  0.683472  0.377301  -0.570483  0.729694  -0.376957  -0.532954  0.020320  0.845900  -0.030365  -0.019037  0.029796  -2.973383  -1.521650  -1.579912  1.000000  
92.266008 0.005005  0.006434  -0.007559  0.625669  0.683760  0.375513  -0.568586  0.729292  -0.380583  -0.534086  0.024608  0.845072  -0.031040  -0.019147  0.030492  -2.982553  -1.488768  -1.575150  1.000000  
92.267011 0.004969  0.006414  -0.007524  0.626298  0.683885  0.374236  -0.567042  0.729057  -0.383326  -0.534991  0.027869  0.844398  -0.031531  -0.019202  0.031136  -2.987136  -1.463116  -1.567099  1.000000  
92.268014 0.004934  0.006395  -0.007487  0.626985  0.683906  0.373045  -0.565319  0.728901  -0.386157  -0.536008  0.031225  0.843636  -0.031954  -0.019191  0.031771  -2.989361  -1.446141  -1.571175  1.000000  
92.269261 0.004889  0.006370  -0.007440  0.627899  0.684077  0.371190  -0.563337  0.728541  -0.389717  -0.537024  0.035598  0.842816  -0.032606  -0.019315  0.032560  -3.007331  -1.417597  -1.567715  1.000000  
92.270262 0.004854  0.006352  -0.007402  0.628620  0.684322  0.369514  -0.561885  0.728128  -0.392574  -0.537701  0.039155  0.842226  -0.033022  -0.019322  0.033150  -3.018289  -1.392420  -1.566452  1.000000  
92.271510 0.004807  0.006328  -0.007353  0.629575  0.684479  0.367591  -0.559948  0.727733  -0.396060  -0.538603  0.043518  0.841435  -0.033570  -0.019385  0.033882  -3.024712  -1.359600  -1.569378  1.000000  
92.272761 0.004762  0.006304  -0.007304  0.630471  0.684635  0.365761  -0.557961  0.727312  -0.399621  -0.539617  0.047869  0.840549  -0.034249  -0.019478  0.034658  -3.034670  -1.335840  -1.566746  1.000000  
92.274012 0.004714  0.006280  -0.007255  0.631299  0.684932  0.363773  -0.556149  0.726734  -0.403182  -0.540518  0.052217  0.839710  -0.034824  -0.019488  0.035416  -3.056519  -1.307408  -1.558727  1.000000  
92.275259 0.004666  0.006256  -0.007205  0.632290  0.685067  0.361791  -0.554254  0.726281  -0.406594  -0.541306  0.056562  0.838921  -0.035339  -0.019503  0.036092  -3.067969  -1.270269  -1.569000  1.000000  
