1-Time 2-Px 3-Py 4-Pz 5-R11 6-R21 7-R31 8-R12 9-R22 10-R32 11-R13 12-R23 13-R33 14-Vx 15-Vy 16-Vz 17-Wx 18-Wy 19-Wz 20-state
112.101757 0.009242  -0.006272  0.009938  0.768963  0.456004  0.448059  -0.536967  0.080356  0.839767  0.346933  -0.886343  0.306650  0.005343  0.001672  0.003201  0.000000  0.000000  0.000000  1.000000  
112.102906 0.009244  -0.006271  0.009940  0.768963  0.456004  0.448059  -0.536967  0.080356  0.839767  0.346933  -0.886343  0.306650  0.002502  0.001327  0.002570  0.000000  0.000000  0.000000  1.000000  
112.104152 0.009245  -0.006270  0.009935  0.768963  0.455949  0.448114  -0.536967  0.080254  0.839777  0.346933  -0.886380  0.306542  0.001203  0.001256  -0.001363  0.000000  0.000000  0.000000  1.000000  
112.105156 0.009244  -0.006268  0.009929  0.768963  0.455895  0.448169  -0.536967  0.080152  0.839787  0.346933  -0.886417  0.306434  0.000593  0.001414  -0.002854  0.000000  0.000000  0.000000  1.000000  
112.106397 0.009244  -0.006266  0.009926  0.769073  0.455878  0.447997  -0.536809  0.080246  0.839879  0.346933  -0.886417  0.306434  0.000479  0.001421  -0.002937  0.000000  0.000000  0.000000  1.000000  
112.107666 0.009245  -0.006265  0.009925  0.769073  0.455824  0.448052  -0.536809  0.080144  0.839889  0.346933  -0.886454  0.306327  0.000473  0.001349  -0.002409  0.000000  0.000000  0.000000  1.000000  
112.108890 0.009243  -0.006262  0.009923  0.769073  0.455824  0.448052  -0.536809  0.080144  0.839889  0.346933  -0.886454  0.306327  0.000157  0.001496  -0.002164  0.000000  0.000000  0.000000  1.000000  
112.110140 0.009239  -0.006258  0.009921  0.769184  0.455808  0.447879  -0.536650  0.080238  0.839981  0.346933  -0.886454  0.306327  -0.000415  0.001716  -0.002099  0.000000  0.000000  0.000000  1.000000  
112.111394 0.009234  -0.006254  0.009918  0.769184  0.455753  0.447934  -0.536650  0.080136  0.839991  0.346933  -0.886492  0.306219  -0.000849  0.002002  -0.002180  0.000000  0.000000  0.000000  1.000000  
112.112638 0.009232  -0.006249  0.009917  0.769146  0.455850  0.447901  -0.536624  0.080068  0.840014  0.347058  -0.886448  0.306204  -0.000933  0.002246  -0.002056  0.000000  0.000000  0.000000  1.000000  
112.113639 0.009232  -0.006245  0.009914  0.769146  0.455850  0.447901  -0.536624  0.080068  0.840014  0.347058  -0.886448  0.306204  -0.000913  0.002379  -0.002126  0.000000  0.000000  0.000000  1.000000  
112.114888 0.009229  -0.006241  0.009910  0.769146  0.455796  0.447956  -0.536624  0.079966  0.840024  0.347058  -0.886485  0.306097  -0.001046  0.002462  -0.002207  0.000000  0.000000  0.000000  1.000000  
112.115942 0.009226  -0.006238  0.009904  0.769218  0.455877  0.447749  -0.536439  0.079992  0.840140  0.347184  -0.886441  0.306082  -0.001185  0.002509  -0.002443  0.000000  0.000000  0.000000  1.000000  
112.117157 0.009221  -0.006233  0.009895  0.769218  0.455877  0.447749  -0.536439  0.079992  0.840140  0.347184  -0.886441  0.306082  -0.001476  0.002605  -0.002926  0.000000  0.000000  0.000000  1.000000  
112.118162 0.009218  -0.006231  0.009887  0.769218  0.455877  0.447749  -0.536439  0.079992  0.840140  0.347184  -0.886441  0.306082  -0.001838  0.002711  -0.003511  0.000000  0.000000  0.000000  1.000000  
112.119391 0.009214  -0.006226  0.009876  0.769329  0.455860  0.447576  -0.536280  0.080086  0.840232  0.347184  -0.886441  0.306082  -0.002059  0.002882  -0.003859  0.000000  0.000000  0.000000  1.000000  
112.120391 0.009210  -0.006223  0.009870  0.769329  0.455860  0.447576  -0.536280  0.080086  0.840232  0.347184  -0.886441  0.306082  -0.002229  0.002995  -0.003944  0.000000  0.000000  0.000000  1.000000  
112.121395 0.009206  -0.006219  0.009866  0.769329  0.455860  0.447576  -0.536280  0.080086  0.840232  0.347184  -0.886441  0.306082  -0.002528  0.003176  -0.003957  0.000000  0.000000  0.000000  1.000000  
112.122646 0.009201  -0.006214  0.009863  0.769477  0.455747  0.447437  -0.536149  0.080248  0.840301  0.347058  -0.886485  0.306097  -0.002937  0.003407  -0.004109  0.000000  0.000000  0.000000  1.000000  
112.123890 0.009194  -0.006209  0.009857  0.769588  0.455676  0.447319  -0.535990  0.080240  0.840402  0.347058  -0.886522  0.305989  -0.003266  0.003558  -0.004451  0.000000  0.000000  0.000000  1.000000  
112.125140 0.009190  -0.006203  0.009848  0.769588  0.455676  0.447319  -0.535990  0.080240  0.840402  0.347058  -0.886522  0.305989  -0.003271  0.003703  -0.004917  0.000000  0.000000  0.000000  1.000000  
112.126388 0.009186  -0.006197  0.009836  0.769736  0.455562  0.447180  -0.535858  0.080401  0.840471  0.346933  -0.886566  0.306004  -0.003212  0.003781  -0.005432  0.000000  0.000000  0.000000  1.000000  
112.127389 0.009185  -0.006191  0.009827  0.769736  0.455562  0.447180  -0.535858  0.080401  0.840471  0.346933  -0.886566  0.306004  -0.003253  0.003906  -0.006070  0.000000  0.000000  0.000000  1.000000  
112.128640 0.009182  -0.006185  0.009816  0.769846  0.455545  0.447007  -0.535700  0.080495  0.840563  0.346933  -0.886566  0.306004  -0.003355  0.004021  -0.006598  0.000000  0.000000  0.000000  1.000000  
112.129888 0.009178  -0.006180  0.009806  0.769846  0.455545  0.447007  -0.535700  0.080495  0.840563  0.346933  -0.886566  0.306004  -0.003417  0.004091  -0.006965  0.000000  0.000000  0.000000  1.000000  
112.131140 0.009172  -0.006174  0.009795  0.769995  0.455431  0.446867  -0.535568  0.080656  0.840632  0.346807  -0.886610  0.306020  -0.003534  0.004145  -0.007193  0.000000  0.000000  0.000000  1.000000  
112.132140 0.009169  -0.006170  0.009787  0.769995  0.455431  0.446867  -0.535568  0.080656  0.840632  0.346807  -0.886610  0.306020  -0.003499  0.004242  -0.007253  0.000000  0.000000  0.000000  1.000000  
112.133153 0.009166  -0.006165  0.009780  0.770105  0.455415  0.446694  -0.535409  0.080750  0.840724  0.346807  -0.886610  0.306020  -0.003466  0.004405  -0.007127  0.000000  0.000000  0.000000  1.000000  
112.134393 0.009160  -0.006158  0.009773  0.770105  0.455415  0.446694  -0.535409  0.080750  0.840724  0.346807  -0.886610  0.306020  -0.003575  0.004526  -0.006830  0.000000  0.000000  0.000000  1.000000  
112.135648 0.009155  -0.006151  0.009768  0.770105  0.455469  0.446639  -0.535409  0.080852  0.840714  0.346807  -0.886573  0.306127  -0.003668  0.004690  -0.006811  0.000000  0.000000  0.000000  1.000000  
112.136891 0.009148  -0.006144  0.009760  0.770215  0.455452  0.446466  -0.535251  0.080946  0.840806  0.346807  -0.886573  0.306127  -0.003748  0.004846  -0.007107  0.000000  0.000000  0.000000  1.000000  
112.138142 0.009142  -0.006138  0.009748  0.770325  0.455436  0.446293  -0.535092  0.081040  0.840898  0.346807  -0.886573  0.306127  -0.003683  0.004971  -0.007586  0.000000  0.000000  0.000000  1.000000  
112.139390 0.009136  -0.006129  0.009733  0.770363  0.455392  0.446271  -0.535119  0.081209  0.840864  0.346682  -0.886579  0.306250  -0.003728  0.005175  -0.007976  0.000000  0.000000  0.000000  1.000000  
112.140640 0.009131  -0.006120  0.009720  0.770363  0.455392  0.446271  -0.535119  0.081209  0.840864  0.346682  -0.886579  0.306250  -0.003826  0.005349  -0.008219  0.000000  0.000000  0.000000  1.000000  
112.141888 0.009126  -0.006111  0.009706  0.770512  0.455332  0.446077  -0.534986  0.081473  0.840923  0.346556  -0.886586  0.306372  -0.003981  0.005561  -0.008381  0.000000  0.000000  0.000000  1.000000  
112.142889 0.009120  -0.006105  0.009697  0.770512  0.455332  0.446077  -0.534986  0.081473  0.840923  0.346556  -0.886586  0.306372  -0.004289  0.005567  -0.008396  0.000000  0.000000  0.000000  1.000000  
112.144139 0.009112  -0.006099  0.009686  0.770622  0.455370  0.445848  -0.534828  0.081669  0.841005  0.346556  -0.886549  0.306480  -0.004530  0.005605  -0.008398  0.000000  0.000000  0.000000  1.000000  
112.145388 0.009104  -0.006091  0.009675  0.770660  0.455272  0.445882  -0.534854  0.081736  0.840982  0.346431  -0.886593  0.306495  -0.004784  0.005738  -0.008408  0.000000  0.000000  0.000000  1.000000  
112.146389 0.009097  -0.006085  0.009666  0.770660  0.455326  0.445827  -0.534854  0.081838  0.840972  0.346431  -0.886555  0.306603  -0.004953  0.005917  -0.008471  0.000000  0.000000  0.000000  1.000000  
112.147393 0.009091  -0.006079  0.009656  0.770660  0.455326  0.445827  -0.534854  0.081838  0.840972  0.346431  -0.886555  0.306603  -0.005152  0.006002  -0.008615  0.000000  0.000000  0.000000  1.000000  
112.148638 0.009084  -0.006071  0.009642  0.770808  0.455266  0.445632  -0.534722  0.082102  0.841030  0.346305  -0.886562  0.306725  -0.005310  0.006034  -0.009046  0.000000  0.000000  0.000000  1.000000  
112.149639 0.009078  -0.006066  0.009630  0.770918  0.455249  0.445459  -0.534563  0.082195  0.841122  0.346305  -0.886562  0.306725  -0.005422  0.006024  -0.009460  0.000000  0.000000  0.000000  1.000000  
112.150650 0.009072  -0.006060  0.009618  0.770918  0.455303  0.445404  -0.534563  0.082297  0.841112  0.346305  -0.886525  0.306833  -0.005554  0.006107  -0.010054  0.000000  0.000000  0.000000  1.000000  
112.151651 0.009065  -0.006053  0.009604  0.770956  0.455260  0.445382  -0.534590  0.082467  0.841078  0.346180  -0.886531  0.306956  -0.005628  0.006124  -0.010548  0.000000  0.000000  0.000000  1.000000  
112.152892 0.009058  -0.006045  0.009587  0.771104  0.455199  0.445188  -0.534457  0.082730  0.841137  0.346054  -0.886538  0.307078  -0.005741  0.006316  -0.010902  0.000000  0.000000  0.000000  1.000000  
112.154144 0.009050  -0.006035  0.009571  0.771214  0.455236  0.444959  -0.534299  0.082926  0.841218  0.346054  -0.886501  0.307186  -0.005866  0.006380  -0.010982  0.000000  0.000000  0.000000  1.000000  
112.155148 0.009043  -0.006028  0.009560  0.771362  0.455175  0.444765  -0.534166  0.083189  0.841276  0.345929  -0.886507  0.307308  -0.006028  0.006348  -0.011006  0.000000  0.000000  0.000000  1.000000  
112.156390 0.009035  -0.006019  0.009546  0.771548  0.455071  0.444549  -0.534060  0.083622  0.841301  0.345678  -0.886520  0.307554  -0.006243  0.006372  -0.011044  0.000000  0.000000  0.000000  1.000000  
112.157391 0.009026  -0.006012  0.009535  0.771586  0.455028  0.444527  -0.534086  0.083792  0.841267  0.345552  -0.886526  0.307677  -0.006485  0.006357  -0.011152  0.000000  0.000000  0.000000  1.000000  
112.158639 0.009015  -0.006005  0.009520  0.771844  0.455003  0.444104  -0.533795  0.084251  0.841406  0.345427  -0.886495  0.307907  -0.006697  0.006393  -0.011369  0.000000  0.000000  0.000000  1.000000  
112.159645 0.009007  -0.005998  0.009507  0.771992  0.454996  0.443855  -0.533662  0.084616  0.841454  0.345301  -0.886464  0.308137  -0.006795  0.006501  -0.011632  0.000000  0.000000  0.000000  1.000000  
112.160891 0.008998  -0.005989  0.009489  0.772178  0.454891  0.443639  -0.533556  0.085049  0.841478  0.345050  -0.886477  0.308382  -0.006874  0.006578  -0.012182  0.000000  0.000000  0.000000  1.000000  
112.162139 0.008989  -0.005980  0.009469  0.772364  0.454786  0.443423  -0.533449  0.085481  0.841502  0.344799  -0.886489  0.308628  -0.006902  0.006694  -0.012634  0.000000  0.000000  0.000000  1.000000  
112.163139 0.008982  -0.005972  0.009452  0.772659  0.454663  0.443034  -0.533184  0.086007  0.841616  0.344547  -0.886501  0.308873  -0.006997  0.006799  -0.013056  0.000000  0.000000  0.000000  1.000000  
112.164389 0.008972  -0.005964  0.009433  0.772883  0.454513  0.442798  -0.533103  0.086609  0.841606  0.344171  -0.886519  0.309241  -0.007186  0.006870  -0.013360  0.000000  0.000000  0.000000  1.000000  
112.165639 0.008964  -0.005954  0.009415  0.773216  0.454346  0.442388  -0.532863  0.087305  0.841686  0.343794  -0.886537  0.309609  -0.007192  0.007078  -0.013555  -0.164698  0.086592  -0.143416  1.000000  
112.166639 0.008956  -0.005946  0.009402  0.773439  0.454142  0.442207  -0.532782  0.087804  0.841685  0.343417  -0.886592  0.309870  -0.007258  0.007147  -0.013508  -0.172721  0.082173  -0.156036  1.000000  
112.167644 0.008949  -0.005938  0.009388  0.773624  0.454036  0.441992  -0.532675  0.088236  0.841708  0.343165  -0.886604  0.310115  -0.007353  0.007236  -0.013513  -0.184660  0.086015  -0.167955  1.000000  
112.168892 0.008939  -0.005928  0.009371  0.773848  0.453885  0.441756  -0.532594  0.088838  0.841696  0.342788  -0.886621  0.310483  -0.007490  0.007259  -0.013557  -0.192784  0.083035  -0.176481  1.000000  
112.170142 0.008929  -0.005918  0.009355  0.774142  0.453867  0.441258  -0.532327  0.089568  0.841787  0.342537  -0.886556  0.310944  -0.007618  0.007327  -0.013643  -0.213833  0.092308  -0.189261  1.000000  
112.171178 0.008920  -0.005911  0.009340  0.774365  0.453662  0.441077  -0.532246  0.090067  0.841785  0.342160  -0.886611  0.311204  -0.007775  0.007282  -0.013905  -0.217615  0.087740  -0.201776  1.000000  
112.172388 0.008908  -0.005902  0.009322  0.774588  0.453564  0.440787  -0.532164  0.090770  0.841761  0.341783  -0.886589  0.311680  -0.007833  0.007363  -0.014182  -0.234595  0.090242  -0.210940  1.000000  
112.173391 0.008899  -0.005894  0.009307  0.774773  0.453564  0.440462  -0.532056  0.091406  0.841761  0.341531  -0.886524  0.312141  -0.007849  0.007501  -0.014414  -0.255261  0.094138  -0.223393  1.000000  
112.174638 0.008889  -0.005883  0.009287  0.775033  0.453367  0.440207  -0.532000  0.092177  0.841712  0.341028  -0.886545  0.312631  -0.007870  0.007674  -0.014656  -0.265315  0.087451  -0.238493  1.000000  
112.175645 0.008880  -0.005873  0.009272  0.775255  0.453269  0.439917  -0.531918  0.092880  0.841687  0.340651  -0.886522  0.313107  -0.007957  0.007887  -0.014686  -0.285993  0.091247  -0.250987  1.000000  
112.176888 0.008868  -0.005861  0.009253  0.775515  0.453125  0.439607  -0.531861  0.093752  0.841626  0.340147  -0.886504  0.313706  -0.008215  0.008035  -0.014619  -0.304734  0.091397  -0.270242  1.000000  
112.178139 0.008856  -0.005849  0.009237  0.775702  0.452956  0.439451  -0.531990  0.094700  0.841439  0.339518  -0.886489  0.314427  -0.008417  0.008244  -0.014324  -0.324129  0.078603  -0.282823  1.000000  
112.179388 0.008844  -0.005836  0.009224  0.775962  0.452864  0.439087  -0.531933  0.095674  0.841364  0.339015  -0.886431  0.315133  -0.008524  0.008484  -0.013977  -0.346539  0.078650  -0.301731  1.000000  
112.180443 0.008835  -0.005826  0.009212  0.776221  0.452719  0.438778  -0.531875  0.096545  0.841301  0.338511  -0.886411  0.315731  -0.008707  0.008596  -0.013722  -0.365158  0.073144  -0.320788  1.000000  
112.181638 0.008823  -0.005813  0.009197  0.776554  0.452485  0.438430  -0.531869  0.097755  0.841165  0.337756  -0.886398  0.316575  -0.008866  0.008905  -0.013667  -0.389329  0.071229  -0.341943  1.000000  
112.182640 0.008814  -0.005802  0.009184  0.776703  0.452359  0.438296  -0.531971  0.098533  0.841010  0.337252  -0.886376  0.317173  -0.009046  0.009027  -0.013601  -0.402961  0.059085  -0.356531  1.000000  
112.183672 0.008805  -0.005792  0.009171  0.776852  0.452287  0.438107  -0.532073  0.099413  0.840842  0.336748  -0.886315  0.317879  -0.009108  0.009216  -0.013540  -0.423864  0.048777  -0.369731  1.000000  
112.184891 0.008793  -0.005780  0.009154  0.777184  0.452051  0.437761  -0.532066  0.100622  0.840703  0.335992  -0.886299  0.318723  -0.009253  0.009368  -0.013627  -0.448780  0.041196  -0.391433  1.000000  
112.185894 0.008783  -0.005771  0.009140  0.777370  0.451880  0.437608  -0.532193  0.101569  0.840509  0.335362  -0.886278  0.319444  -0.009273  0.009523  -0.013610  -0.468931  0.035042  -0.408274  1.000000  
112.187141 0.008772  -0.005759  0.009123  0.777701  0.451697  0.437208  -0.532184  0.102879  0.840354  0.334606  -0.886220  0.320395  -0.009248  0.009698  -0.013503  -0.489277  0.027089  -0.425987  1.000000  
112.188391 0.008760  -0.005747  0.009107  0.778032  0.451512  0.436810  -0.532176  0.104189  0.840199  0.333849  -0.886161  0.321347  -0.009247  0.009830  -0.013346  -0.515378  0.014935  -0.444343  1.000000  
112.189638 0.008749  -0.005734  0.009092  0.778253  0.451349  0.436585  -0.532327  0.105406  0.839951  0.333092  -0.886100  0.322298  -0.009308  0.009956  -0.013019  -0.533090  0.001015  -0.459637  1.000000  
112.190639 0.008740  -0.005724  0.009080  0.778546  0.451261  0.436152  -0.532292  0.106649  0.839816  0.332461  -0.885996  0.323234  -0.009356  0.009937  -0.012793  -0.561864  -0.003762  -0.476137  1.000000  
112.191644 0.008731  -0.005713  0.009069  0.778766  0.451097  0.435929  -0.532443  0.107865  0.839565  0.331704  -0.885933  0.324185  -0.009290  0.009997  -0.012471  -0.583772  -0.016201  -0.490788  1.000000  
112.192887 0.008720  -0.005700  0.009055  0.779132  0.450918  0.435460  -0.532457  0.109444  0.839352  0.330820  -0.885830  0.325366  -0.009225  0.010059  -0.012379  -0.611284  -0.023907  -0.507797  1.000000  
112.193887 0.008712  -0.005689  0.009043  0.779461  0.450731  0.435066  -0.532447  0.110753  0.839187  0.330063  -0.885763  0.326317  -0.009142  0.010104  -0.012429  -0.633146  -0.036291  -0.522403  1.000000  
112.194887 0.008703  -0.005678  0.009029  0.779716  0.450521  0.434827  -0.532621  0.112137  0.838892  0.329178  -0.885696  0.327391  -0.009087  0.010181  -0.012531  -0.659059  -0.050233  -0.541198  1.000000  
112.196137 0.008693  -0.005664  0.009012  0.780226  0.450324  0.434116  -0.532498  0.114077  0.838709  0.328167  -0.885548  0.328803  -0.009048  0.010275  -0.012741  -0.697658  -0.052170  -0.564341  1.000000  
112.197139 0.008684  -0.005653  0.008998  0.780589  0.450089  0.433707  -0.532510  0.115553  0.838499  0.327283  -0.885476  0.329876  -0.008947  0.010314  -0.012782  -0.726270  -0.058606  -0.581423  1.000000  
112.198387 0.008672  -0.005639  0.008981  0.780987  0.449912  0.433171  -0.532547  0.117400  0.838219  0.326271  -0.885323  0.331287  -0.008973  0.010331  -0.012887  -0.759930  -0.074269  -0.604074  1.000000  
112.199388 0.008663  -0.005629  0.008967  0.781349  0.449728  0.432710  -0.532558  0.118976  0.837990  0.325385  -0.885206  0.332468  -0.008978  0.010336  -0.012890  -0.788100  -0.080798  -0.620764  1.000000  
112.200393 0.008654  -0.005618  0.008956  0.781710  0.449543  0.432250  -0.532568  0.120552  0.837758  0.324500  -0.885087  0.333649  -0.008973  0.010462  -0.012750  -0.821054  -0.088922  -0.642214  1.000000  
112.201396 0.008645  -0.005608  0.008943  0.782071  0.449409  0.431737  -0.532578  0.122229  0.837509  0.323614  -0.884924  0.334937  -0.008945  0.010579  -0.012679  -0.855604  -0.096307  -0.663820  1.000000  
112.202641 0.008633  -0.005595  0.008929  0.782612  0.449210  0.430963  -0.532475  0.124435  0.837249  0.322474  -0.884718  0.336578  -0.008951  0.010633  -0.012560  -0.895178  -0.100807  -0.689787  1.000000  
112.203646 0.008622  -0.005584  0.008917  0.782971  0.449074  0.430453  -0.532483  0.126111  0.836993  0.321587  -0.884550  0.337866  -0.009047  0.010684  -0.012525  -0.926795  -0.106914  -0.707966  1.000000  
112.204888 0.008611  -0.005571  0.008902  0.783545  0.448773  0.429720  -0.532402  0.128382  0.836699  0.320320  -0.884376  0.339521  -0.009083  0.010705  -0.012486  -0.969959  -0.110869  -0.735633  1.000000  
112.205892 0.008602  -0.005560  0.008888  0.783902  0.448687  0.429159  -0.532409  0.130157  0.836421  0.319433  -0.884160  0.340916  -0.009093  0.010734  -0.012684  -1.002339  -0.117769  -0.752313  1.000000  
112.206893 0.008593  -0.005549  0.008874  0.784439  0.448428  0.428447  -0.532302  0.132259  0.836159  0.318291  -0.883980  0.342448  -0.009104  0.010747  -0.012785  -1.036983  -0.121788  -0.779680  1.000000  
112.208139 0.008581  -0.005536  0.008855  0.785045  0.448179  0.427597  -0.532241  0.134897  0.835776  0.316896  -0.883707  0.344440  -0.009097  0.010795  -0.013137  -1.088162  -0.127650  -0.811435  1.000000  
112.209391 0.008569  -0.005523  0.008836  0.785540  0.447956  0.426922  -0.532341  0.137442  0.835298  0.315500  -0.883428  0.346431  -0.009281  0.010738  -0.013332  -1.135076  -0.132045  -0.838834  1.000000  
112.210638 0.008556  -0.005509  0.008817  0.786143  0.447753  0.426024  -0.532277  0.140179  0.834884  0.314103  -0.883101  0.348530  -0.009381  0.010701  -0.013531  -1.180394  -0.136967  -0.863306  1.000000  
112.211641 0.008546  -0.005498  0.008801  0.786675  0.447589  0.425214  -0.532165  0.142478  0.834566  0.312959  -0.882816  0.350275  -0.009518  0.010722  -0.013593  -1.224775  -0.137832  -0.885171  1.000000  
112.212641 0.008536  -0.005486  0.008787  0.787096  0.447452  0.424578  -0.532214  0.144684  0.834155  0.311815  -0.882527  0.352020  -0.009518  0.010789  -0.013568  -1.263718  -0.140763  -0.908488  1.000000  
112.213889 0.008522  -0.005472  0.008771  0.787763  0.447149  0.423659  -0.532192  0.147750  0.833631  0.310162  -0.882172  0.354362  -0.009750  0.010831  -0.013549  -1.318431  -0.143050  -0.943147  1.000000  
112.215139 0.008507  -0.005458  0.008754  0.788284  0.446921  0.422930  -0.532308  0.150555  0.833055  0.308635  -0.881813  0.356580  -0.009929  0.010886  -0.013663  -1.362391  -0.154038  -0.967755  1.000000  
112.216139 0.008495  -0.005447  0.008741  0.788879  0.446603  0.422156  -0.532237  0.153082  0.832640  0.307235  -0.881540  0.358461  -0.010120  0.010884  -0.013732  -1.406950  -0.152699  -0.997179  1.000000  
112.217147 0.008483  -0.005436  0.008727  0.789329  0.446412  0.421517  -0.532304  0.155449  0.832159  0.305961  -0.881222  0.360327  -0.010321  0.010965  -0.013896  -1.454816  -0.161732  -1.021873  1.000000  
112.218392 0.008468  -0.005420  0.008709  0.789988  0.446149  0.420559  -0.532276  0.158608  0.831581  0.304305  -0.880792  0.362772  -0.010465  0.011119  -0.014068  -1.505919  -0.168784  -1.053524  1.000000  
112.219395 0.008456  -0.005408  0.008695  0.790468  0.445959  0.419858  -0.532362  0.161239  0.831019  0.302903  -0.880411  0.364866  -0.010616  0.011211  -0.014196  -1.556589  -0.173885  -1.080699  1.000000  
112.220645 0.008441  -0.005393  0.008677  0.791123  0.445791  0.418800  -0.532330  0.164595  0.830381  0.301245  -0.879874  0.367523  -0.010857  0.011332  -0.014256  -1.611268  -0.181290  -1.111959  1.000000  
112.221889 0.008427  -0.005378  0.008660  0.791700  0.445608  0.417905  -0.532481  0.168022  0.829598  0.299458  -0.879319  0.370301  -0.011082  0.011440  -0.014299  -1.665006  -0.188898  -1.138418  1.000000  
112.222891 0.008414  -0.005366  0.008646  0.792207  0.445364  0.417203  -0.532586  0.170813  0.828960  0.297926  -0.878905  0.372514  -0.011336  0.011498  -0.014142  -1.716094  -0.199105  -1.164922  1.000000  
112.224139 0.008399  -0.005351  0.008630  0.792921  0.445042  0.416189  -0.532592  0.174392  0.828211  0.296009  -0.878365  0.375305  -0.011509  0.011610  -0.013970  -1.769963  -0.208555  -1.199785  1.000000  
112.225389 0.008384  -0.005336  0.008614  0.793588  0.444609  0.415381  -0.532803  0.178107  0.827284  0.293836  -0.877839  0.378232  -0.011696  0.011735  -0.013741  -1.826721  -0.226109  -1.237044  1.000000  
112.226389 0.008372  -0.005324  0.008601  0.794088  0.444409  0.414638  -0.532902  0.180990  0.826595  0.292301  -0.877350  0.380548  -0.011814  0.011738  -0.013628  -1.867057  -0.236649  -1.257468  1.000000  
112.227641 0.008357  -0.005309  0.008584  0.794684  0.444266  0.413649  -0.533064  0.184768  0.825654  0.290381  -0.876635  0.383654  -0.011898  0.011825  -0.013530  -1.931734  -0.249544  -1.281901  1.000000  
112.228889 0.008343  -0.005294  0.008568  0.795276  0.444120  0.412667  -0.533224  0.188541  0.824697  0.288460  -0.875905  0.386757  -0.011880  0.011873  -0.013554  -1.986434  -0.270552  -1.308112  1.000000  
112.229889 0.008332  -0.005282  0.008553  0.795801  0.443916  0.411873  -0.533338  0.191680  0.823899  0.286794  -0.875327  0.389297  -0.011880  0.011928  -0.013642  -2.035077  -0.283248  -1.332642  1.000000  
112.231159 0.008316  -0.005267  0.008535  0.796356  0.443912  0.410804  -0.533473  0.195480  0.822918  0.284999  -0.874488  0.392487  -0.011893  0.011944  -0.013673  -2.094941  -0.294914  -1.352196  1.000000  
112.232389 0.008303  -0.005251  0.008517  0.796939  0.443807  0.409784  -0.533626  0.199341  0.821892  0.283074  -0.873670  0.395690  -0.011765  0.012086  -0.013792  -2.144859  -0.315428  -1.371435  1.000000  
112.233389 0.008292  -0.005239  0.008504  0.797457  0.443596  0.409005  -0.533735  0.202470  0.821056  0.281406  -0.873057  0.398223  -0.011729  0.012113  -0.013707  -2.188969  -0.326682  -1.391415  1.000000  
112.234411 0.008281  -0.005226  0.008490  0.797942  0.443578  0.408078  -0.533821  0.205729  0.820189  0.279865  -0.872304  0.400951  -0.011667  0.012107  -0.013617  -2.243951  -0.343618  -1.411162  1.000000  
112.235643 0.008267  -0.005210  0.008475  0.798548  0.443467  0.407012  -0.533989  0.209841  0.819038  0.277809  -0.871380  0.404374  -0.011595  0.012167  -0.013472  -2.306228  -0.359894  -1.440229  1.000000  
112.236891 0.008253  -0.005195  0.008461  0.799211  0.443208  0.405989  -0.534195  0.214175  0.817781  0.275494  -0.870457  0.407931  -0.011551  0.012182  -0.013240  -2.357562  -0.382437  -1.461840  1.000000  
112.237891 0.008242  -0.005183  0.008450  0.799749  0.442990  0.405169  -0.534316  0.217551  0.816810  0.273693  -0.869731  0.410683  -0.011465  0.012223  -0.013034  -2.403114  -0.400559  -1.482768  1.000000  
112.239144 0.008229  -0.005168  0.008436  0.800405  0.442725  0.404161  -0.534516  0.221874  0.815515  0.271376  -0.868773  0.414233  -0.011353  0.012236  -0.012869  -2.459658  -0.417274  -1.510498  1.000000  
112.240391 0.008215  -0.005153  0.008422  0.801056  0.442458  0.403163  -0.534712  0.226190  0.814200  0.269057  -0.867796  0.417779  -0.011249  0.012192  -0.012736  -2.510280  -0.440345  -1.535569  1.000000  
112.241638 0.008202  -0.005139  0.008407  0.801703  0.442334  0.402011  -0.534905  0.230796  0.812779  0.266737  -0.866645  0.421636  -0.011110  0.012180  -0.012683  -2.564165  -0.463377  -1.555861  1.000000  
112.242641 0.008192  -0.005127  0.008395  0.802227  0.442202  0.401109  -0.535017  0.234349  0.811688  0.264931  -0.865758  0.424587  -0.011096  0.012097  -0.012596  -2.608117  -0.476176  -1.575029  1.000000  
112.243641 0.008181  -0.005116  0.008382  0.802749  0.442117  0.400158  -0.535126  0.237995  0.810555  0.263124  -0.864807  0.427639  -0.011002  0.012065  -0.012567  -2.655997  -0.492455  -1.588214  1.000000  
112.244889 0.008169  -0.005102  0.008366  0.803413  0.441839  0.399131  -0.535330  0.242546  0.809070  0.260671  -0.863684  0.431395  -0.010879  0.011995  -0.012440  -2.712849  -0.510343  -1.615555  1.000000  
112.245889 0.008159  -0.005091  0.008354  0.803928  0.441701  0.398246  -0.535434  0.246084  0.807932  0.258862  -0.862753  0.434335  -0.010691  0.012003  -0.012312  -2.744848  -0.526816  -1.622786  1.000000  
112.247139 0.008146  -0.005077  0.008339  0.804584  0.441514  0.397128  -0.535631  0.250816  0.806344  0.256406  -0.861485  0.438291  -0.010645  0.011816  -0.012028  -2.805577  -0.543368  -1.645732  1.000000  
112.248389 0.008133  -0.005063  0.008325  0.805291  0.441132  0.396118  -0.535863  0.255667  0.804665  0.253689  -0.860254  0.442272  -0.010622  0.011656  -0.011863  -2.859228  -0.569688  -1.673254  1.000000  
112.249390 0.008122  -0.005053  0.008314  0.805934  0.440932  0.395031  -0.535812  0.259535  0.803460  0.251747  -0.859198  0.445424  -0.010652  0.011549  -0.011740  -2.901398  -0.575858  -1.690777  1.000000  
112.250393 0.008110  -0.005043  0.008302  0.806491  0.440688  0.394166  -0.535943  0.263369  0.802123  0.249675  -0.858155  0.448589  -0.010673  0.011306  -0.011747  -2.937078  -0.591887  -1.713218  1.000000  
112.251643 0.008096  -0.005031  0.008288  0.807155  0.440345  0.393188  -0.536145  0.268035  0.800441  0.247083  -0.856886  0.452434  -0.010644  0.011142  -0.011737  -2.983316  -0.614920  -1.734472  1.000000  
112.252891 0.008082  -0.005019  0.008272  0.807924  0.440039  0.391950  -0.536176  0.272975  0.798749  0.244489  -0.855482  0.456481  -0.010659  0.010893  -0.011932  -3.034112  -0.626846  -1.759784  1.000000  
112.254141 0.008067  -0.005009  0.008257  0.808660  0.439871  0.390618  -0.536185  0.277938  0.797030  0.242023  -0.853969  0.460610  -0.010755  0.010607  -0.011943  -3.086234  -0.639026  -1.769454  1.000000  
112.255147 0.008055  -0.005000  0.008244  0.809200  0.439664  0.389732  -0.536304  0.281839  0.795579  0.239945  -0.852797  0.463857  -0.010797  0.010372  -0.012067  -3.122068  -0.648030  -1.775444  1.000000  
112.256388 0.008041  -0.004989  0.008229  0.809927  0.439440  0.388473  -0.536305  0.286686  0.793843  0.237476  -0.851295  0.467869  -0.010938  0.010144  -0.012078  -3.163057  -0.656518  -1.790020  1.000000  
112.257389 0.008029  -0.004982  0.008218  0.810596  0.439072  0.387492  -0.536268  0.290725  0.792398  0.235266  -0.850114  0.471121  -0.011013  0.009893  -0.011993  -3.199302  -0.666086  -1.813960  1.000000  
112.258389 0.008017  -0.004974  0.008206  0.811151  0.438856  0.386575  -0.536395  0.294858  0.790784  0.233055  -0.848802  0.474574  -0.011118  0.009610  -0.011984  -3.235339  -0.681811  -1.831879  1.000000  
112.259389 0.008006  -0.004967  0.008197  0.811786  0.438623  0.385504  -0.536335  0.298915  0.789300  0.230973  -0.847502  0.477904  -0.011217  0.009381  -0.011697  -3.269260  -0.687565  -1.844808  1.000000  
112.260638 0.007991  -0.004958  0.008184  0.812545  0.438288  0.384284  -0.536356  0.304040  0.787326  0.228238  -0.845851  0.482125  -0.011311  0.009084  -0.011585  -3.309820  -0.694734  -1.868907  1.000000  
112.261639 0.007980  -0.004950  0.008174  0.813197  0.437908  0.383337  -0.536306  0.308046  0.785801  0.226023  -0.844597  0.485355  -0.011422  0.008804  -0.011424  -3.340141  -0.708870  -1.898050  1.000000  
112.262889 0.007965  -0.004943  0.008161  0.813945  0.437518  0.382193  -0.536319  0.313053  0.783811  0.223285  -0.842956  0.489457  -0.011599  0.008398  -0.011285  -3.376910  -0.718337  -1.913820  1.000000  
112.263890 0.007952  -0.004938  0.008150  0.814563  0.437318  0.381104  -0.536245  0.317169  0.782205  0.221198  -0.841521  0.492864  -0.011669  0.008004  -0.011296  -3.410900  -0.726926  -1.930653  1.000000  
112.265139 0.007937  -0.004932  0.008136  0.815275  0.437061  0.379874  -0.536233  0.322187  0.780160  0.218587  -0.839746  0.497037  -0.011737  0.007557  -0.011282  -3.444313  -0.739238  -1.950551  1.000000  
112.266389 0.007923  -0.004927  0.008121  0.816006  0.436660  0.378764  -0.536232  0.327158  0.778089  0.215844  -0.838031  0.501114  -0.011765  0.007127  -0.011239  -3.473660  -0.747416  -1.962589  1.000000  
112.267399 0.007910  -0.004924  0.008111  0.816549  0.436238  0.378081  -0.536348  0.331089  0.776344  0.213492  -0.836706  0.504326  -0.011790  0.006664  -0.011087  -3.492639  -0.760440  -1.975589  1.000000  
112.268644 0.007895  -0.004920  0.008097  0.817291  0.435647  0.377156  -0.536354  0.335911  0.774266  0.210616  -0.835090  0.508198  -0.011909  0.006119  -0.011021  -3.508596  -0.778967  -1.992613  1.000000  
112.269894 0.007880  -0.004917  0.008085  0.818027  0.435190  0.376087  -0.536355  0.341000  0.772037  0.207737  -0.833264  0.512364  -0.011873  0.005608  -0.010772  -3.537993  -0.789859  -2.008416  1.000000  
112.271142 0.007865  -0.004916  0.008074  0.818756  0.434822  0.374926  -0.536351  0.346263  0.769694  0.204857  -0.831284  0.516722  -0.011894  0.004963  -0.010538  -3.567724  -0.801464  -2.024182  1.000000  
112.272389 0.007851  -0.004915  0.008063  0.819477  0.434359  0.373884  -0.536342  0.351323  0.767404  0.201975  -0.829400  0.520866  -0.011809  0.004401  -0.010286  -3.587826  -0.811894  -2.035108  1.000000  
112.273389 0.007839  -0.004915  0.008055  0.820058  0.434088  0.372924  -0.536240  0.355262  0.765660  0.199878  -0.827863  0.524111  -0.011861  0.003855  -0.010083  -3.601029  -0.817365  -2.043448  1.000000  
112.274389 0.007829  -0.004915  0.008048  0.820547  0.433840  0.372136  -0.536319  0.359256  0.763739  0.197649  -0.826267  0.527463  -0.011783  0.003370  -0.009909  -3.622259  -0.829820  -2.053447  1.000000  
112.275640 0.007816  -0.004916  0.008039  0.821340  0.433343  0.370964  -0.536113  0.364215  0.761532  0.194893  -0.824355  0.531465  -0.011711  0.002693  -0.009649  -3.640881  -0.833361  -2.068388  1.000000  
112.276889 0.007802  -0.004918  0.008030  0.822038  0.432870  0.369970  -0.536086  0.369222  0.759136  0.192006  -0.822374  0.535570  -0.011596  0.001966  -0.009389  -3.653922  -0.843281  -2.079908  1.000000  
112.278139 0.007789  -0.004921  0.008022  0.822728  0.432349  0.369042  -0.536054  0.374122  0.756756  0.189116  -0.820431  0.539563  -0.011545  0.001242  -0.009103  -3.662732  -0.848623  -2.083618  1.000000  
112.279389 0.007775  -0.004925  0.008015  0.823501  0.431841  0.367912  -0.535833  0.379037  0.754463  0.186356  -0.818440  0.543532  -0.011479  0.000627  -0.008603  -3.669445  -0.857397  -2.089582  1.000000  
112.280389 0.007763  -0.004929  0.008011  0.824096  0.431415  0.367079  -0.535737  0.383121  0.752465  0.183989  -0.816761  0.546854  -0.011404  0.000013  -0.008125  -3.682672  -0.863606  -2.097890  1.000000  
112.281639 0.007750  -0.004934  0.008006  0.824747  0.431069  0.366023  -0.535677  0.388101  0.749952  0.181227  -0.814590  0.550999  -0.011317  -0.000621  -0.007481  -3.703471  -0.869267  -2.101452  1.000000  
112.282641 0.007738  -0.004940  0.008003  0.825311  0.430642  0.365253  -0.535561  0.391921  0.748046  0.178989  -0.812985  0.554092  -0.011306  -0.001156  -0.007013  -3.702331  -0.878730  -2.102059  1.000000  
112.283641 0.007726  -0.004946  0.007999  0.825871  0.430169  0.364544  -0.535441  0.395641  0.746171  0.176751  -0.811432  0.557078  -0.011258  -0.001735  -0.006532  -3.699210  -0.884818  -2.110322  1.000000  
112.284648 0.007715  -0.004951  0.007997  0.826407  0.429830  0.363728  -0.535305  0.399383  0.744272  0.174644  -0.809777  0.560143  -0.011240  -0.002320  -0.005970  -3.695316  -0.890802  -2.108315  1.000000  
112.285897 0.007700  -0.004959  0.007994  0.827036  0.429432  0.362768  -0.535229  0.404220  0.741711  0.171876  -0.807586  0.564149  -0.011181  -0.002922  -0.005378  -3.702952  -0.904940  -2.112287  1.000000  
112.287142 0.007686  -0.004968  0.007992  0.827658  0.429031  0.361820  -0.535149  0.409040  0.739122  0.169108  -0.805368  0.568141  -0.011239  -0.003604  -0.004813  -3.710530  -0.914340  -2.108542  1.000000  
112.288389 0.007671  -0.004977  0.007989  0.828146  0.428761  0.361024  -0.535222  0.413608  0.736523  0.166470  -0.803176  0.572010  -0.011210  -0.004107  -0.004438  -3.703414  -0.922458  -2.098871  1.000000  
112.289391 0.007660  -0.004985  0.007987  0.828682  0.428326  0.360310  -0.535085  0.417362  0.734502  0.164226  -0.801465  0.575051  -0.011284  -0.004767  -0.004049  -3.700637  -0.928720  -2.097428  1.000000  
112.290643 0.007645  -0.004996  0.007985  0.829176  0.427966  0.359600  -0.535163  0.421960  0.731813  0.161454  -0.799246  0.578911  -0.011417  -0.005366  -0.003539  -3.693876  -0.946137  -2.093163  1.000000  
112.291889 0.007628  -0.005007  0.007984  0.829757  0.427521  0.358789  -0.535053  0.426396  0.729318  0.158813  -0.797127  0.582552  -0.011602  -0.005945  -0.003110  -3.684254  -0.958554  -2.082070  1.000000  
112.292889 0.007616  -0.005016  0.007984  0.830133  0.427351  0.358120  -0.535054  0.429912  0.727250  0.156831  -0.795328  0.585540  -0.011702  -0.006422  -0.002579  -3.679217  -0.960875  -2.071030  1.000000  
112.294139 0.007599  -0.005028  0.007985  0.830669  0.427127  0.357145  -0.534915  0.434294  0.724745  0.154452  -0.793065  0.589231  -0.011903  -0.006953  -0.002022  -3.670600  -0.965148  -2.059489  1.000000  
112.295140 0.007586  -0.005038  0.007987  0.831148  0.426908  0.356290  -0.534740  0.437963  0.722663  0.152469  -0.791162  0.592297  -0.012021  -0.007299  -0.001674  -3.669507  -0.969920  -2.052066  1.000000  
112.296388 0.007569  -0.005050  0.007990  0.831691  0.426635  0.355348  -0.534605  0.442463  0.720016  0.149956  -0.788802  0.596074  -0.012261  -0.007859  -0.001093  -3.666756  -0.975060  -2.038731  1.000000  
112.297389 0.007554  -0.005061  0.007992  0.832179  0.426282  0.354628  -0.534435  0.446079  0.717908  0.147839  -0.786954  0.599038  -0.012418  -0.008139  -0.000763  -3.668623  -0.971872  -2.032536  1.000000  
112.298389 0.007540  -0.005071  0.007994  0.832631  0.426147  0.353729  -0.534241  0.449659  0.715817  0.145986  -0.784988  0.602065  -0.012666  -0.008474  -0.000426  -3.679229  -0.968490  -2.014058  1.000000  
112.299391 0.007525  -0.005080  0.007996  0.832970  0.426018  0.353086  -0.534216  0.452967  0.713746  0.144133  -0.783154  0.604894  -0.012835  -0.008702  -0.000116  -3.664779  -0.973436  -1.995551  1.000000  
112.300405 0.007511  -0.005090  0.007998  0.833432  0.425750  0.352319  -0.534028  0.456496  0.711635  0.142146  -0.781248  0.607821  -0.012991  -0.008958  0.000275  -3.649708  -0.965930  -1.985502  1.000000  
112.301643 0.007494  -0.005102  0.008000  0.833937  0.425558  0.351353  -0.533868  0.460873  0.708930  0.139762  -0.778779  0.611531  -0.013151  -0.009213  0.000539  -3.644287  -0.966296  -1.965928  1.000000  
112.302646 0.007480  -0.005112  0.008003  0.834376  0.425375  0.350532  -0.533665  0.464323  0.706828  0.137907  -0.776827  0.614428  -0.013342  -0.009358  0.000863  -3.640478  -0.963746  -1.952312  1.000000  
112.303653 0.007465  -0.005123  0.008005  0.834797  0.425278  0.349648  -0.533450  0.467708  0.704756  0.136184  -0.774847  0.617305  -0.013587  -0.009610  0.001190  -3.634896  -0.959959  -1.933816  1.000000  
112.304656 0.007450  -0.005133  0.008008  0.835215  0.425136  0.348821  -0.533233  0.470998  0.702726  0.134461  -0.772930  0.620081  -0.013763  -0.009693  0.001447  -3.622673  -0.953232  -1.923188  1.000000  
112.305672 0.007435  -0.005144  0.008011  0.835615  0.425080  0.347929  -0.533004  0.474223  0.700728  0.132869  -0.770986  0.622837  -0.013913  -0.009844  0.001783  -3.611486  -0.946088  -1.900412  1.000000  
112.306902 0.007417  -0.005157  0.008015  0.836072  0.425011  0.346913  -0.532812  0.478338  0.698072  0.130747  -0.768478  0.626376  -0.014126  -0.009988  0.002070  -3.605067  -0.939252  -1.875798  1.000000  
112.308139 0.007399  -0.005171  0.008019  0.836650  0.424797  0.345781  -0.532453  0.482664  0.695362  0.128492  -0.765887  0.630006  -0.014270  -0.010131  0.002333  -3.609580  -0.931169  -1.857951  1.000000  
112.309142 0.007384  -0.005182  0.008021  0.837056  0.424732  0.344876  -0.532228  0.486080  0.693152  0.126767  -0.763760  0.632930  -0.014370  -0.010218  0.002411  -3.609188  -0.930420  -1.836650  1.000000  
112.310144 0.007369  -0.005193  0.008024  0.837446  0.424626  0.344059  -0.531992  0.489178  0.691151  0.125174  -0.761838  0.635558  -0.014474  -0.010308  0.002490  -3.591997  -0.920549  -1.811704  1.000000  
112.311395 0.007351  -0.005206  0.008027  0.837876  0.424593  0.343052  -0.531780  0.493100  0.688522  0.123182  -0.759324  0.638947  -0.014493  -0.010353  0.002517  -3.574679  -0.912238  -1.785986  1.000000  
112.312642 0.007332  -0.005219  0.008031  0.838411  0.424457  0.341911  -0.531394  0.497095  0.685943  0.121191  -0.756792  0.642323  -0.014554  -0.010431  0.002624  -3.569899  -0.903479  -1.760705  1.000000  
112.313644 0.007318  -0.005229  0.008035  0.838780  0.424471  0.340988  -0.531144  0.500191  0.683883  0.119729  -0.754740  0.645005  -0.014525  -0.010460  0.002677  -3.569927  -0.895840  -1.740152  1.000000  
112.314892 0.007300  -0.005242  0.008040  0.839309  0.424287  0.339913  -0.530753  0.504077  0.681328  0.117737  -0.752255  0.648268  -0.014603  -0.010454  0.002857  -3.562275  -0.878825  -1.723877  1.000000  
112.316141 0.007281  -0.005254  0.008046  0.839808  0.424270  0.338699  -0.530343  0.507841  0.678847  0.116009  -0.749728  0.651498  -0.014674  -0.010427  0.003090  -3.545678  -0.858764  -1.695832  1.000000  
112.317166 0.007266  -0.005263  0.008051  0.840170  0.424277  0.337791  -0.530088  0.510906  0.676744  0.114547  -0.747639  0.654152  -0.014699  -0.010388  0.003288  -3.527054  -0.844308  -1.669908  1.000000  
