1-Time 2-Px 3-Py 4-Pz 5-R11 6-R21 7-R31 8-R12 9-R22 10-R32 11-R13 12-R23 13-R33 14-Vx 15-Vy 16-Vz 17-Wx 18-Wy 19-Wz 20-state
70.702197 0.013255  -0.001677  0.011655  0.860761  0.276002  0.427684  -0.509005  0.462974  0.725651  0.002275  -0.842305  0.538996  -0.001001  -0.002089  0.002394  0.000000  0.000000  0.000000  1.000000  
70.703445 0.013254  -0.001677  0.011655  0.860866  0.275907  0.427535  -0.508827  0.463031  0.725739  0.002275  -0.842305  0.538996  -0.000258  -0.000700  0.000393  0.000000  0.000000  0.000000  1.000000  
70.704449 0.013249  -0.001680  0.011649  0.860970  0.275812  0.427385  -0.508650  0.463088  0.725827  0.002275  -0.842305  0.538996  -0.003090  -0.001760  -0.003090  0.000000  0.000000  0.000000  1.000000  
70.705453 0.013242  -0.001684  0.011640  0.860970  0.275812  0.427385  -0.508650  0.463088  0.725827  0.002275  -0.842305  0.538996  -0.004322  -0.002478  -0.005013  0.000000  0.000000  0.000000  1.000000  
70.706692 0.013236  -0.001687  0.011633  0.861075  0.275716  0.427236  -0.508473  0.463145  0.725915  0.002275  -0.842305  0.538996  -0.004467  -0.002424  -0.005113  0.000000  0.000000  0.000000  1.000000  
70.707942 0.013233  -0.001688  0.011630  0.861180  0.275569  0.427120  -0.508296  0.463113  0.726059  0.002275  -0.842370  0.538894  -0.003869  -0.001993  -0.004451  0.000000  0.000000  0.000000  1.000000  
70.708973 0.013228  -0.001689  0.011628  0.861180  0.275569  0.427120  -0.508296  0.463113  0.726059  0.002275  -0.842370  0.538894  -0.004017  -0.001819  -0.004125  0.000000  0.000000  0.000000  1.000000  
70.710190 0.013218  -0.001690  0.011623  0.861284  0.275474  0.426970  -0.508118  0.463170  0.726147  0.002275  -0.842370  0.538894  -0.004759  -0.001678  -0.004120  0.000000  0.000000  0.000000  1.000000  
70.711192 0.013210  -0.001689  0.011619  0.861389  0.275378  0.426821  -0.507941  0.463227  0.726235  0.002275  -0.842370  0.538894  -0.005158  -0.001439  -0.004125  0.000000  0.000000  0.000000  1.000000  
70.712205 0.013203  -0.001689  0.011615  0.861493  0.275283  0.426671  -0.507764  0.463283  0.726323  0.002275  -0.842370  0.538894  -0.005296  -0.001221  -0.004119  0.000000  0.000000  0.000000  1.000000  
70.713460 0.013197  -0.001688  0.011610  0.861493  0.275380  0.426609  -0.507764  0.463226  0.726359  0.002408  -0.842370  0.538894  -0.005264  -0.001046  -0.004091  0.000000  0.000000  0.000000  1.000000  
70.714702 0.013190  -0.001689  0.011603  0.861598  0.275285  0.426460  -0.507586  0.463283  0.726447  0.002408  -0.842370  0.538894  -0.005257  -0.000975  -0.004226  0.000000  0.000000  0.000000  1.000000  
70.715706 0.013183  -0.001689  0.011597  0.861702  0.275189  0.426310  -0.507409  0.463339  0.726535  0.002408  -0.842370  0.538894  -0.005419  -0.000932  -0.004389  0.000000  0.000000  0.000000  1.000000  
70.716946 0.013171  -0.001691  0.011586  0.861807  0.275094  0.426160  -0.507231  0.463396  0.726623  0.002408  -0.842370  0.538894  -0.005772  -0.000983  -0.004727  0.000000  0.000000  0.000000  1.000000  
70.718195 0.013158  -0.001695  0.011573  0.861911  0.275050  0.425978  -0.507054  0.463541  0.726654  0.002408  -0.842305  0.538996  -0.006460  -0.001186  -0.005492  0.000000  0.000000  0.000000  1.000000  
70.719444 0.013146  -0.001699  0.011560  0.862015  0.274955  0.425828  -0.506876  0.463598  0.726742  0.002408  -0.842305  0.538996  -0.006844  -0.001262  -0.005939  0.000000  0.000000  0.000000  1.000000  
70.720446 0.013137  -0.001701  0.011551  0.862120  0.274859  0.425678  -0.506699  0.463654  0.726829  0.002408  -0.842305  0.538996  -0.006960  -0.001147  -0.005898  0.000000  0.000000  0.000000  1.000000  
70.721447 0.013129  -0.001703  0.011546  0.862224  0.274764  0.425529  -0.506522  0.463711  0.726917  0.002408  -0.842305  0.538996  -0.007168  -0.001069  -0.005909  0.000000  0.000000  0.000000  1.000000  
70.722693 0.013117  -0.001704  0.011541  0.862433  0.274476  0.425292  -0.506167  0.463881  0.727056  0.002275  -0.842305  0.538996  -0.007890  -0.001080  -0.006056  0.000000  0.000000  0.000000  1.000000  
70.723695 0.013107  -0.001704  0.011535  0.862537  0.274380  0.425142  -0.505989  0.463937  0.727143  0.002275  -0.842305  0.538996  -0.008199  -0.001082  -0.006255  0.000000  0.000000  0.000000  1.000000  
70.724696 0.013098  -0.001706  0.011527  0.862641  0.274285  0.424992  -0.505811  0.463994  0.727231  0.002275  -0.842305  0.538996  -0.008344  -0.001067  -0.006566  0.000000  0.000000  0.000000  1.000000  
70.725944 0.013087  -0.001707  0.011513  0.862745  0.274092  0.424905  -0.505634  0.464107  0.727282  0.002141  -0.842305  0.538997  -0.008317  -0.001175  -0.007107  0.000000  0.000000  0.000000  1.000000  
70.726950 0.013080  -0.001708  0.011502  0.862954  0.273901  0.424605  -0.505279  0.464220  0.727457  0.002141  -0.842305  0.538997  -0.008305  -0.001244  -0.007530  0.000000  0.000000  0.000000  1.000000  
70.727960 0.013074  -0.001707  0.011492  0.863058  0.273805  0.424455  -0.505101  0.464276  0.727544  0.002141  -0.842305  0.538997  -0.008381  -0.001315  -0.008056  0.000000  0.000000  0.000000  1.000000  
70.729199 0.013065  -0.001709  0.011479  0.863162  0.273612  0.424368  -0.504924  0.464390  0.727595  0.002007  -0.842305  0.538997  -0.008525  -0.001406  -0.008493  0.000000  0.000000  0.000000  1.000000  
70.730199 0.013057  -0.001711  0.011469  0.863266  0.273517  0.424218  -0.504746  0.464446  0.727682  0.002007  -0.842305  0.538997  -0.008661  -0.001467  -0.008726  0.000000  0.000000  0.000000  1.000000  
70.731200 0.013046  -0.001714  0.011459  0.863370  0.273421  0.424068  -0.504568  0.464502  0.727770  0.002007  -0.842305  0.538997  -0.008801  -0.001624  -0.008915  -0.000383  0.145695  -0.104275  1.000000  
70.732445 0.013034  -0.001718  0.011447  0.863370  0.273421  0.424068  -0.504568  0.464502  0.727770  0.002007  -0.842305  0.538997  -0.008846  -0.001734  -0.008900  -0.000370  0.140874  -0.100825  1.000000  
70.733695 0.013023  -0.001721  0.011439  0.863473  0.273326  0.423918  -0.504390  0.464559  0.727857  0.002007  -0.842305  0.538997  -0.008704  -0.001616  -0.008544  -0.000367  0.139761  -0.100029  1.000000  
70.734944 0.013011  -0.001723  0.011432  0.863474  0.273228  0.423981  -0.504390  0.464615  0.727821  0.001873  -0.842306  0.538997  -0.008694  -0.001468  -0.008196  0.000000  0.000000  0.000000  1.000000  
70.735944 0.013002  -0.001723  0.011428  0.863474  0.273228  0.423981  -0.504390  0.464615  0.727821  0.001873  -0.842306  0.538997  -0.008730  -0.001362  -0.008069  0.000000  0.000000  0.000000  1.000000  
70.736947 0.012991  -0.001723  0.011421  0.863577  0.273133  0.423831  -0.504213  0.464672  0.727908  0.001873  -0.842306  0.538997  -0.008799  -0.001357  -0.008303  0.000000  0.000000  0.000000  1.000000  
70.738195 0.012979  -0.001724  0.011409  0.863577  0.273133  0.423831  -0.504213  0.464672  0.727908  0.001873  -0.842306  0.538997  -0.008841  -0.001345  -0.008657  0.000000  0.000000  0.000000  1.000000  
70.739196 0.012970  -0.001723  0.011397  0.863577  0.273133  0.423831  -0.504213  0.464672  0.727908  0.001873  -0.842306  0.538997  -0.008810  -0.001246  -0.008965  0.000000  0.000000  0.000000  1.000000  
70.740445 0.012960  -0.001722  0.011382  0.863577  0.273133  0.423831  -0.504213  0.464672  0.727908  0.001873  -0.842306  0.538997  -0.008715  -0.000981  -0.009065  0.000000  0.000000  0.000000  1.000000  
70.741694 0.012949  -0.001719  0.011370  0.863474  0.273228  0.423981  -0.504390  0.464615  0.727821  0.001873  -0.842306  0.538997  -0.008858  -0.000809  -0.008983  0.000000  0.000000  0.000000  1.000000  
70.742703 0.012939  -0.001719  0.011361  0.863474  0.273228  0.423981  -0.504390  0.464615  0.727821  0.001873  -0.842306  0.538997  -0.009115  -0.000760  -0.008929  0.000000  0.000000  0.000000  1.000000  
70.743945 0.012926  -0.001720  0.011350  0.863474  0.273131  0.424043  -0.504391  0.464672  0.727784  0.001739  -0.842306  0.538997  -0.009403  -0.000785  -0.008751  0.000000  0.000000  0.000000  1.000000  
70.744946 0.012914  -0.001722  0.011341  0.863370  0.273227  0.424193  -0.504568  0.464616  0.727697  0.001739  -0.842306  0.538997  -0.009666  -0.000782  -0.008660  0.000000  0.000000  0.000000  1.000000  
70.746197 0.012900  -0.001724  0.011331  0.863266  0.273374  0.424309  -0.504746  0.464648  0.727553  0.001739  -0.842240  0.539099  -0.009769  -0.000677  -0.008514  0.000000  0.000000  0.000000  1.000000  
70.747446 0.012886  -0.001725  0.011319  0.863266  0.273471  0.424247  -0.504746  0.464591  0.727590  0.001873  -0.842240  0.539099  -0.009870  -0.000420  -0.008586  0.000000  0.000000  0.000000  1.000000  
70.748446 0.012876  -0.001726  0.011308  0.863162  0.273567  0.424397  -0.504924  0.464535  0.727502  0.001873  -0.842240  0.539099  -0.009971  -0.000318  -0.008852  0.000000  0.000000  0.000000  1.000000  
70.749695 0.012864  -0.001727  0.011294  0.863058  0.273611  0.424580  -0.505101  0.464390  0.727471  0.001873  -0.842306  0.538997  -0.009981  -0.000244  -0.009346  0.000000  0.000000  0.000000  1.000000  
70.750945 0.012851  -0.001727  0.011280  0.863058  0.273611  0.424580  -0.505101  0.464390  0.727471  0.001873  -0.842306  0.538997  -0.010036  -0.000254  -0.009890  0.000000  0.000000  0.000000  1.000000  
70.751945 0.012841  -0.001727  0.011268  0.862954  0.273758  0.424696  -0.505279  0.464422  0.727327  0.001873  -0.842240  0.539099  -0.010012  -0.000241  -0.010192  0.000000  0.000000  0.000000  1.000000  
70.752947 0.012831  -0.001726  0.011254  0.862850  0.273853  0.424846  -0.505457  0.464366  0.727240  0.001873  -0.842240  0.539099  -0.010057  -0.000166  -0.010488  0.000000  0.000000  0.000000  1.000000  
70.754195 0.012819  -0.001724  0.011239  0.862746  0.273949  0.424996  -0.505634  0.464309  0.727152  0.001873  -0.842240  0.539099  -0.010058  -0.000063  -0.010555  0.000000  0.000000  0.000000  1.000000  
70.755444 0.012807  -0.001723  0.011224  0.862642  0.274045  0.425146  -0.505812  0.464253  0.727065  0.001873  -0.842240  0.539099  -0.010171  -0.000078  -0.010557  0.000000  0.000000  0.000000  1.000000  
70.756444 0.012797  -0.001723  0.011214  0.862538  0.274192  0.425262  -0.505989  0.464285  0.726921  0.001873  -0.842175  0.539201  -0.010270  -0.000216  -0.010546  0.000000  0.000000  0.000000  1.000000  
70.757694 0.012781  -0.001724  0.011202  0.862434  0.274190  0.425474  -0.506167  0.464285  0.726797  0.001739  -0.842175  0.539201  -0.010529  -0.000372  -0.010616  0.000000  0.000000  0.000000  1.000000  
70.758709 0.012768  -0.001727  0.011190  0.862329  0.274337  0.425590  -0.506345  0.464317  0.726653  0.001739  -0.842110  0.539304  -0.010690  -0.000443  -0.010802  0.000000  0.000000  0.000000  1.000000  
70.759946 0.012753  -0.001728  0.011173  0.862225  0.274485  0.425706  -0.506522  0.464349  0.726509  0.001739  -0.842044  0.539406  -0.010739  -0.000415  -0.011175  0.000000  0.000000  0.000000  1.000000  
70.760966 0.012743  -0.001729  0.011160  0.862121  0.274580  0.425856  -0.506700  0.464292  0.726422  0.001739  -0.842044  0.539406  -0.010616  -0.000314  -0.011599  0.000000  0.000000  0.000000  1.000000  
70.762197 0.012731  -0.001729  0.011141  0.862017  0.274727  0.425972  -0.506877  0.464324  0.726278  0.001739  -0.841979  0.539508  -0.010525  -0.000221  -0.012104  0.000000  0.000000  0.000000  1.000000  
70.763206 0.012721  -0.001729  0.011125  0.861808  0.274970  0.426238  -0.507232  0.464299  0.726046  0.001739  -0.841913  0.539610  -0.010457  -0.000216  -0.012378  0.000000  0.000000  0.000000  1.000000  
70.764451 0.012709  -0.001729  0.011105  0.861703  0.275118  0.426354  -0.507409  0.464330  0.725902  0.001739  -0.841848  0.539712  -0.010506  -0.000169  -0.012798  0.000000  0.000000  0.000000  1.000000  
70.765703 0.012697  -0.001729  0.011086  0.861599  0.275265  0.426470  -0.507587  0.464361  0.725758  0.001739  -0.841782  0.539814  -0.010472  -0.000134  -0.013130  0.000000  0.000000  0.000000  1.000000  
70.766720 0.012688  -0.001728  0.011072  0.861390  0.275508  0.426735  -0.507942  0.464336  0.725526  0.001739  -0.841717  0.539916  -0.010405  -0.000122  -0.013242  0.000000  0.000000  0.000000  1.000000  
70.767730 0.012678  -0.001728  0.011058  0.861285  0.275655  0.426851  -0.508119  0.464367  0.725381  0.001739  -0.841651  0.540018  -0.010334  -0.000121  -0.013257  0.000000  0.000000  0.000000  1.000000  
70.768944 0.012667  -0.001728  0.011042  0.861076  0.275995  0.427054  -0.508473  0.464284  0.725186  0.001873  -0.841586  0.540120  -0.010356  -0.000252  -0.013334  0.000000  0.000000  0.000000  1.000000  
70.769945 0.012656  -0.001729  0.011029  0.860866  0.276290  0.427286  -0.508828  0.464347  0.724897  0.001873  -0.841455  0.540324  -0.010412  -0.000409  -0.013420  -0.052663  -0.151461  0.097089  1.000000  
70.771194 0.012643  -0.001730  0.011011  0.860761  0.276437  0.427401  -0.509005  0.464378  0.724753  0.001873  -0.841389  0.540426  -0.010483  -0.000518  -0.013793  -0.056744  -0.151467  0.097106  1.000000  
70.772194 0.012632  -0.001731  0.010996  0.860657  0.276637  0.427484  -0.509182  0.464497  0.724553  0.001873  -0.841258  0.540631  -0.010300  -0.000436  -0.014201  -0.064345  -0.155970  0.100020  1.000000  
70.773195 0.012622  -0.001732  0.010980  0.860552  0.276836  0.427566  -0.509359  0.464615  0.724352  0.001873  -0.841127  0.540835  -0.010190  -0.000413  -0.014456  -0.072433  -0.159329  0.107499  1.000000  
70.774444 0.012610  -0.001733  0.010959  0.860342  0.277131  0.427797  -0.509714  0.464677  0.724063  0.001873  -0.840996  0.541039  -0.009900  -0.000332  -0.014747  -0.080509  -0.170897  0.114951  1.000000  
70.775444 0.012601  -0.001734  0.010942  0.860132  0.277426  0.428027  -0.510068  0.464738  0.723774  0.001873  -0.840864  0.541243  -0.009795  -0.000349  -0.014991  -0.088574  -0.176639  0.118665  1.000000  
70.776445 0.012593  -0.001734  0.010926  0.860027  0.277581  0.428138  -0.510245  0.465002  0.723480  0.001739  -0.840668  0.541549  -0.009643  -0.000327  -0.015091  -0.096657  -0.181422  0.111196  1.000000  
70.777703 0.012583  -0.001732  0.010906  0.859817  0.277928  0.428334  -0.510599  0.465151  0.723134  0.001739  -0.840470  0.541855  -0.009547  -0.000230  -0.015171  -0.108776  -0.192975  0.118663  1.000000  
70.778951 0.012572  -0.001732  0.010888  0.859712  0.278180  0.428382  -0.510776  0.465357  0.722877  0.001739  -0.840273  0.542160  -0.009458  -0.000251  -0.014985  -0.125954  -0.194509  0.119639  1.000000  
70.780200 0.012563  -0.001731  0.010871  0.859502  0.278528  0.428578  -0.511130  0.465505  0.722531  0.001739  -0.840076  0.542466  -0.009177  -0.000142  -0.014827  -0.138190  -0.200335  0.123432  1.000000  
70.781446 0.012556  -0.001730  0.010854  0.859291  0.278927  0.428741  -0.511484  0.465741  0.722129  0.001739  -0.839813  0.542874  -0.008935  -0.000069  -0.014761  -0.150412  -0.206122  0.127240  1.000000  
70.782472 0.012549  -0.001729  0.010839  0.859080  0.279275  0.428936  -0.511838  0.465889  0.721782  0.001739  -0.839615  0.543179  -0.008789  -0.000094  -0.014881  -0.162514  -0.211767  0.130928  1.000000  
70.783695 0.012539  -0.001730  0.010819  0.858870  0.279579  0.429160  -0.512192  0.466181  0.721342  0.001606  -0.839351  0.543587  -0.008689  -0.000111  -0.015069  -0.178935  -0.220129  0.131032  1.000000  
70.784710 0.012530  -0.001730  0.010802  0.858659  0.279927  0.429355  -0.512545  0.466328  0.720996  0.001606  -0.839154  0.543892  -0.008526  -0.000077  -0.015311  -0.191076  -0.225831  0.134765  1.000000  
70.785943 0.012521  -0.001732  0.010781  0.858448  0.280327  0.429516  -0.512899  0.466563  0.720593  0.001606  -0.838890  0.544299  -0.008263  -0.000084  -0.015576  -0.203390  -0.231718  0.138649  1.000000  
70.786944 0.012513  -0.001733  0.010765  0.858236  0.280728  0.429677  -0.513252  0.466797  0.720190  0.001606  -0.838625  0.544706  -0.008081  -0.000132  -0.015617  -0.217846  -0.241291  0.144989  1.000000  
70.787944 0.012505  -0.001733  0.010749  0.858025  0.281129  0.429837  -0.513605  0.467030  0.719786  0.001606  -0.838361  0.545113  -0.007931  -0.000083  -0.015690  -0.231906  -0.246640  0.153806  1.000000  
70.789194 0.012496  -0.001733  0.010728  0.857708  0.281678  0.430111  -0.514135  0.467293  0.719237  0.001606  -0.838030  0.545621  -0.007723  0.000036  -0.015709  -0.252286  -0.258238  0.161400  1.000000  
70.790445 0.012486  -0.001732  0.010710  0.857496  0.282131  0.430236  -0.514488  0.467613  0.718777  0.001606  -0.837699  0.546129  -0.007712  0.000096  -0.015478  -0.268642  -0.258224  0.161521  1.000000  
70.791690 0.012477  -0.001730  0.010691  0.857178  0.282585  0.430571  -0.515018  0.467932  0.718189  0.001472  -0.837368  0.546638  -0.007629  0.000203  -0.015358  -0.282633  -0.270017  0.164011  1.000000  
70.792696 0.012470  -0.001729  0.010678  0.856860  0.283083  0.430877  -0.515547  0.468106  0.717696  0.001472  -0.837103  0.547044  -0.007573  0.000211  -0.015232  -0.294746  -0.281494  0.171553  1.000000  
70.793941 0.012461  -0.001728  0.010660  0.856541  0.283686  0.431114  -0.516076  0.468453  0.717089  0.001472  -0.836704  0.547653  -0.007417  0.000313  -0.015181  -0.314952  -0.292949  0.179140  1.000000  
70.794951 0.012455  -0.001726  0.010646  0.856116  0.284334  0.431532  -0.516781  0.468654  0.716450  0.001472  -0.836372  0.548160  -0.007363  0.000344  -0.015290  -0.335115  -0.310151  0.190416  1.000000  
70.796195 0.012446  -0.001725  0.010626  0.855584  0.285087  0.432090  -0.517663  0.469026  0.715570  0.001338  -0.835906  0.548870  -0.007420  0.000321  -0.015427  -0.359585  -0.329956  0.198150  1.000000  
70.797443 0.012437  -0.001725  0.010605  0.855157  0.285788  0.432471  -0.518367  0.469312  0.714872  0.001338  -0.835507  0.549478  -0.007474  0.000298  -0.015633  -0.375673  -0.341310  0.205751  1.000000  
70.798445 0.012429  -0.001725  0.010588  0.854730  0.286437  0.432886  -0.519071  0.469510  0.714231  0.001338  -0.835173  0.549985  -0.007431  0.000347  -0.015681  -0.391528  -0.360692  0.213216  1.000000  
70.799446 0.012421  -0.001726  0.010572  0.854409  0.287042  0.433118  -0.519599  0.469852  0.713622  0.001338  -0.834773  0.550593  -0.007425  0.000330  -0.015678  -0.415139  -0.369384  0.218909  1.000000  
70.800471 0.012414  -0.001726  0.010556  0.853981  0.287745  0.433497  -0.520302  0.470135  0.712923  0.001338  -0.834372  0.551200  -0.007295  0.000423  -0.015521  -0.431049  -0.386345  0.230224  1.000000  
70.801691 0.012406  -0.001726  0.010539  0.853445  0.288502  0.434048  -0.521181  0.470501  0.712039  0.001204  -0.833904  0.551908  -0.007265  0.000430  -0.015372  -0.452151  -0.408847  0.239989  1.000000  
70.802942 0.012397  -0.001727  0.010520  0.852908  0.289408  0.434500  -0.522059  0.470894  0.711135  0.001204  -0.833368  0.552717  -0.007207  0.000438  -0.015241  -0.476348  -0.425913  0.251478  1.000000  
70.804190 0.012388  -0.001727  0.010503  0.852478  0.290217  0.434804  -0.522761  0.471345  0.710320  0.001204  -0.832831  0.553526  -0.007186  0.000418  -0.015037  -0.496595  -0.437277  0.259301  1.000000  
70.805190 0.012381  -0.001727  0.010488  0.852048  0.290880  0.435205  -0.523463  0.471767  0.709522  0.001070  -0.832361  0.554233  -0.007140  0.000324  -0.015049  -0.516823  -0.451061  0.263325  1.000000  
70.806440 0.012374  -0.001726  0.010468  0.851508  0.291841  0.435617  -0.524340  0.472241  0.708559  0.001070  -0.831755  0.555141  -0.007004  0.000258  -0.015114  -0.541084  -0.471384  0.282440  1.000000  
70.807690 0.012368  -0.001726  0.010449  0.850968  0.292803  0.436027  -0.525216  0.472713  0.707595  0.001070  -0.831149  0.556049  -0.006794  0.000223  -0.015245  -0.565493  -0.488542  0.294179  1.000000  
70.808697 0.012362  -0.001727  0.010433  0.850644  0.293371  0.436278  -0.525742  0.473191  0.706885  0.000937  -0.830677  0.556754  -0.006727  0.000052  -0.015426  -0.585509  -0.502110  0.298145  1.000000  
70.809942 0.012354  -0.001728  0.010410  0.850102  0.294241  0.436748  -0.526617  0.473718  0.705879  0.000803  -0.830068  0.557661  -0.006695  -0.000134  -0.015740  -0.605840  -0.521612  0.306194  1.000000  
70.810960 0.012349  -0.001730  0.010392  0.849668  0.295108  0.437007  -0.527317  0.474246  0.705002  0.000803  -0.829459  0.558567  -0.006562  -0.000304  -0.015785  -0.634985  -0.536991  0.316577  1.000000  
70.812193 0.012341  -0.001732  0.010372  0.849125  0.296032  0.437437  -0.528192  0.474854  0.703937  0.000669  -0.828781  0.559573  -0.006488  -0.000514  -0.015789  -0.658318  -0.557896  0.325930  1.000000  
70.813199 0.012336  -0.001734  0.010356  0.848581  0.296946  0.437874  -0.529065  0.475232  0.703025  0.000669  -0.828238  0.560377  -0.006312  -0.000622  -0.015697  -0.679960  -0.579511  0.340452  1.000000  
70.814445 0.012330  -0.001736  0.010338  0.848036  0.297926  0.438264  -0.529939  0.475922  0.701900  0.000535  -0.827489  0.561481  -0.006107  -0.000713  -0.015586  -0.706844  -0.591672  0.349551  1.000000  
70.815445 0.012324  -0.001738  0.010324  0.847708  0.298646  0.438408  -0.530462  0.476418  0.701167  0.000535  -0.826944  0.562284  -0.006057  -0.000838  -0.015529  -0.724969  -0.602099  0.356769  1.000000  
70.816447 0.012319  -0.001740  0.010309  0.847381  0.299272  0.438614  -0.530986  0.476972  0.700394  0.000401  -0.826398  0.563086  -0.005893  -0.000970  -0.015588  -0.745301  -0.610038  0.357216  1.000000  
70.817695 0.012312  -0.001743  0.010289  0.846943  0.300157  0.438854  -0.531683  0.477718  0.699356  0.000268  -0.825646  0.564188  -0.005730  -0.001133  -0.015632  -0.769894  -0.618018  0.357948  1.000000  
70.818940 0.012307  -0.001746  0.010269  0.846505  0.301096  0.439056  -0.532381  0.478546  0.698258  0.000134  -0.824824  0.565390  -0.005494  -0.001304  -0.015852  -0.795947  -0.626486  0.359517  1.000000  
70.819943 0.012304  -0.001747  0.010252  0.846066  0.301823  0.439403  -0.533078  0.479034  0.697391  0.000000  -0.824275  0.566190  -0.005227  -0.001371  -0.015966  -0.814728  -0.639575  0.363066  1.000000  
70.821190 0.012299  -0.001750  0.010231  0.845517  0.302810  0.439781  -0.533948  0.479711  0.696259  -0.000134  -0.823519  0.567289  -0.005092  -0.001637  -0.016110  -0.839346  -0.656523  0.375282  1.000000  
70.822440 0.012293  -0.001754  0.010209  0.844857  0.303950  0.440262  -0.534992  0.480408  0.694976  -0.000268  -0.822692  0.568487  -0.005053  -0.001872  -0.016282  -0.868120  -0.670283  0.380033  1.000000  
70.823690 0.012287  -0.001758  0.010187  0.844195  0.305146  0.440704  -0.536035  0.481186  0.693633  -0.000401  -0.821795  0.569784  -0.004973  -0.002097  -0.016364  -0.896523  -0.689442  0.388600  1.000000  
70.824698 0.012283  -0.001763  0.010171  0.843754  0.306130  0.440867  -0.536730  0.481859  0.692627  -0.000401  -0.821034  0.570880  -0.004861  -0.002322  -0.016201  -0.917734  -0.689324  0.389988  1.000000  
70.825942 0.012277  -0.001767  0.010150  0.843090  0.307329  0.441303  -0.537772  0.482630  0.691281  -0.000535  -0.820132  0.572173  -0.004779  -0.002488  -0.016178  -0.945771  -0.694283  0.394473  1.000000  
70.827190 0.012271  -0.001773  0.010130  0.842425  0.308529  0.441735  -0.538813  0.483398  0.689933  -0.000669  -0.819229  0.573466  -0.004648  -0.002675  -0.016125  -0.970145  -0.707717  0.399359  1.000000  
70.828210 0.012268  -0.001776  0.010114  0.841759  0.309732  0.442163  -0.539853  0.484162  0.688583  -0.000803  -0.818324  0.574757  -0.004534  -0.002836  -0.016186  -1.006262  -0.721003  0.403460  1.000000  
70.829445 0.012263  -0.001781  0.010094  0.841091  0.310989  0.442551  -0.540892  0.485006  0.687172  -0.000937  -0.817346  0.576146  -0.004449  -0.003000  -0.016307  -1.030871  -0.734463  0.409123  1.000000  
70.830694 0.012258  -0.001786  0.010071  0.840311  0.312311  0.443103  -0.542104  0.485924  0.685567  -0.001204  -0.816297  0.577632  -0.004312  -0.003195  -0.016595  -1.064077  -0.750804  0.410111  1.000000  
70.831696 0.012255  -0.001790  0.010054  0.839864  0.313356  0.443211  -0.542796  0.486663  0.684494  -0.001204  -0.815455  0.578819  -0.004207  -0.003297  -0.016739  -1.088249  -0.747575  0.414508  1.000000  
70.832836 0.012252  -0.001793  0.010036  0.839193  0.314458  0.443702  -0.543833  0.487247  0.683254  -0.001338  -0.814682  0.579907  -0.004018  -0.003350  -0.016702  -1.103644  -0.757639  0.417504  1.000000  
70.833944 0.012248  -0.001798  0.010015  0.838408  0.315877  0.444178  -0.545041  0.488094  0.681685  -0.001472  -0.813625  0.581388  -0.003941  -0.003496  -0.016903  -1.137452  -0.780278  0.428618  1.000000  
70.835190 0.012245  -0.001803  0.009994  0.837396  0.317500  0.444928  -0.546594  0.488805  0.679930  -0.001606  -0.812566  0.582867  -0.003797  -0.003641  -0.016900  -1.162083  -0.802456  0.445516  1.000000  
70.836440 0.012241  -0.001808  0.009975  0.836608  0.318978  0.445355  -0.547800  0.489724  0.678296  -0.001739  -0.811433  0.584443  -0.003755  -0.003815  -0.016792  -1.188955  -0.814686  0.451023  1.000000  
70.837690 0.012237  -0.001814  0.009956  0.835817  0.320549  0.445710  -0.549005  0.490578  0.676703  -0.001739  -0.810297  0.586017  -0.003690  -0.003946  -0.016581  -1.217263  -0.825273  0.460099  1.000000  
70.838694 0.012233  -0.001820  0.009941  0.835138  0.321768  0.446105  -0.550037  0.491307  0.675335  -0.001873  -0.809372  0.587293  -0.003608  -0.004087  -0.016407  -1.241764  -0.841677  0.472923  1.000000  
70.839940 0.012230  -0.001826  0.009922  0.834345  0.323307  0.446477  -0.551239  0.492293  0.673634  -0.002007  -0.808159  0.588961  -0.003404  -0.004227  -0.016272  -1.274190  -0.852142  0.482102  1.000000  
70.840940 0.012227  -0.001832  0.009907  0.833549  0.324667  0.446975  -0.552441  0.492805  0.672274  -0.002007  -0.807301  0.590137  -0.003357  -0.004340  -0.016176  -1.287092  -0.868897  0.495309  1.000000  
70.842190 0.012224  -0.001839  0.009887  0.832638  0.326257  0.447515  -0.553813  0.493632  0.670536  -0.002141  -0.806154  0.591702  -0.003113  -0.004449  -0.016227  -1.310788  -0.884475  0.508262  1.000000  
70.843192 0.012223  -0.001845  0.009870  0.831953  0.327627  0.447788  -0.554841  0.494366  0.669144  -0.002141  -0.805148  0.593070  -0.002956  -0.004554  -0.016301  -1.335212  -0.889511  0.513464  1.000000  
70.844460 0.012221  -0.001853  0.009848  0.831153  0.329175  0.448140  -0.556039  0.495330  0.667434  -0.002275  -0.803923  0.594729  -0.002782  -0.004836  -0.016316  -1.361850  -0.906645  0.527014  1.000000  
70.845697 0.012220  -0.001860  0.009827  0.830236  0.330970  0.448517  -0.557408  0.496242  0.665613  -0.002275  -0.802623  0.596483  -0.002524  -0.004968  -0.016318  -1.395052  -0.920396  0.544449  1.000000  
70.846947 0.012219  -0.001868  0.009806  0.829432  0.332665  0.448750  -0.558603  0.497215  0.663882  -0.002275  -0.801318  0.598234  -0.002340  -0.005184  -0.016296  -1.423597  -0.939297  0.565781  1.000000  
70.847960 0.012219  -0.001874  0.009791  0.828741  0.334097  0.448963  -0.559628  0.498010  0.662422  -0.002275  -0.800228  0.599691  -0.002110  -0.005305  -0.016041  -1.447363  -0.949265  0.574929  1.000000  
70.849192 0.012218  -0.001882  0.009773  0.827818  0.335953  0.449280  -0.560992  0.498982  0.660534  -0.002275  -0.798844  0.601534  -0.001981  -0.005517  -0.015865  -1.481021  -0.968691  0.596847  1.000000  
70.850224 0.012216  -0.001889  0.009758  0.827125  0.337387  0.449482  -0.562014  0.499767  0.659070  -0.002275  -0.797748  0.602986  -0.001904  -0.005831  -0.015785  -1.507993  -0.975386  0.609275  1.000000  
70.851440 0.012213  -0.001899  0.009739  0.826198  0.339248  0.449787  -0.563375  0.500727  0.657177  -0.002275  -0.796357  0.604823  -0.001846  -0.006036  -0.015688  -1.538479  -0.984015  0.623623  1.000000  
70.852440 0.012211  -0.001906  0.009725  0.825501  0.340685  0.449979  -0.564395  0.501501  0.655709  -0.002275  -0.795255  0.606271  -0.001767  -0.006243  -0.015679  -1.557986  -0.988960  0.635390  1.000000  
70.853440 0.012209  -0.001914  0.009710  0.824687  0.342282  0.450260  -0.565584  0.502280  0.654086  -0.002275  -0.794077  0.607813  -0.001648  -0.006434  -0.015656  -1.583406  -0.999095  0.650199  1.000000  
70.854443 0.012207  -0.001923  0.009695  0.823988  0.343722  0.450443  -0.566603  0.503045  0.652616  -0.002275  -0.792970  0.609257  -0.001550  -0.006595  -0.015671  -1.599954  -1.009386  0.660038  1.000000  
70.855690 0.012205  -0.001933  0.009676  0.823054  0.345590  0.450722  -0.567959  0.503979  0.650713  -0.002275  -0.791563  0.611083  -0.001467  -0.006867  -0.015682  -1.622972  -1.013699  0.672020  1.000000  
70.856697 0.012203  -0.001942  0.009661  0.822352  0.347175  0.450785  -0.568975  0.504753  0.649224  -0.002141  -0.790376  0.612618  -0.001521  -0.007077  -0.015621  -1.644246  -1.015328  0.686553  1.000000  
70.857940 0.012200  -0.001953  0.009641  0.821414  0.349101  0.451008  -0.570329  0.505752  0.647256  -0.002141  -0.788888  0.614534  -0.001541  -0.007306  -0.015513  -1.668563  -1.020428  0.699196  1.000000  
70.858940 0.012198  -0.001963  0.009627  0.820708  0.350601  0.451128  -0.571343  0.506574  0.645716  -0.002141  -0.787694  0.616064  -0.001573  -0.007553  -0.015254  -1.684078  -1.021636  0.708287  1.000000  
70.859942 0.012197  -0.001972  0.009612  0.820002  0.352158  0.451200  -0.572357  0.507470  0.644113  -0.002141  -0.786422  0.617687  -0.001574  -0.007726  -0.015177  -1.704197  -1.017618  0.713586  1.000000  
70.860961 0.012197  -0.001981  0.009599  0.819413  0.353643  0.451109  -0.573200  0.508295  0.642711  -0.002007  -0.785221  0.619212  -0.001557  -0.007952  -0.014865  -1.721483  -1.013235  0.724105  1.000000  
70.862198 0.012195  -0.001993  0.009582  0.818586  0.355470  0.451174  -0.574381  0.509341  0.640826  -0.002007  -0.783717  0.621115  -0.001635  -0.008276  -0.014664  -1.746645  -1.014935  0.734205  1.000000  
70.863208 0.012194  -0.002003  0.009568  0.817757  0.357135  0.451362  -0.575560  0.510147  0.639125  -0.002007  -0.782435  0.622730  -0.001638  -0.008528  -0.014593  -1.766365  -1.016030  0.743429  1.000000  
70.864445 0.012192  -0.002016  0.009549  0.816808  0.359126  0.451500  -0.576906  0.511183  0.637080  -0.002007  -0.780846  0.624721  -0.001667  -0.008860  -0.014665  -1.789178  -1.012215  0.743875  1.000000  
70.865693 0.012190  -0.002031  0.009530  0.815857  0.361065  0.451674  -0.578250  0.512133  0.635095  -0.002007  -0.779328  0.626613  -0.001716  -0.009257  -0.014672  -1.808104  -1.010567  0.751819  1.000000  
70.866940 0.012188  -0.002046  0.009511  0.815023  0.362984  0.451642  -0.579426  0.513090  0.633250  -0.001873  -0.777806  0.628502  -0.001601  -0.009566  -0.014787  -1.821551  -1.000809  0.758901  1.000000  
70.867943 0.012186  -0.002057  0.009495  0.814187  0.364655  0.451803  -0.580600  0.513869  0.631540  -0.001873  -0.776508  0.630105  -0.001570  -0.009790  -0.014804  -1.840772  -1.004813  0.770762  1.000000  
70.869189 0.012184  -0.002073  0.009478  0.813230  0.366708  0.451865  -0.581940  0.514949  0.629423  -0.001873  -0.774824  0.632174  -0.001574  -0.010109  -0.014770  -1.862090  -1.005831  0.774940  1.000000  
70.870190 0.012182  -0.002085  0.009463  0.812510  0.368332  0.451839  -0.582944  0.515868  0.627739  -0.001873  -0.773442  0.633865  -0.001578  -0.010363  -0.014712  -1.885950  -0.998967  0.778626  1.000000  
70.871439 0.012179  -0.002100  0.009447  0.811549  0.370388  0.451886  -0.584281  0.516932  0.625617  -0.001873  -0.771748  0.635926  -0.001653  -0.010675  -0.014502  -1.910651  -0.999876  0.782593  1.000000  
70.872440 0.012177  -0.002112  0.009434  0.810706  0.372120  0.451976  -0.585450  0.517761  0.623836  -0.001873  -0.770357  0.637610  -0.001633  -0.010968  -0.014354  -1.930865  -0.998382  0.790598  1.000000  
70.873693 0.012175  -0.002128  0.009418  0.809500  0.374477  0.452192  -0.587118  0.518594  0.621573  -0.001739  -0.768653  0.639663  -0.001577  -0.011219  -0.014162  -1.951006  -1.009976  0.809233  1.000000  
70.875006 0.012174  -0.002144  0.009404  0.808531  0.376484  0.452258  -0.588450  0.519556  0.619506  -0.001739  -0.767021  0.641619  -0.001599  -0.011467  -0.013859  -1.959995  -1.003574  0.813772  1.000000  
70.876189 0.012172  -0.002160  0.009387  0.807440  0.378599  0.452442  -0.589947  0.520432  0.617343  -0.001739  -0.765384  0.643571  -0.001577  -0.011796  -0.013869  -1.975872  -1.011627  0.823498  1.000000  
70.877190 0.012171  -0.002173  0.009374  0.806589  0.380420  0.452432  -0.591111  0.521170  0.615605  -0.001606  -0.763978  0.645241  -0.001610  -0.012015  -0.013858  -1.987733  -1.012479  0.833205  1.000000  
70.878222 0.012169  -0.002187  0.009361  0.805614  0.382267  0.452612  -0.592438  0.521884  0.613721  -0.001606  -0.762567  0.646907  -0.001616  -0.012272  -0.013720  -2.002323  -1.023474  0.845855  1.000000  
70.879446 0.012168  -0.002205  0.009345  0.804271  0.384740  0.452906  -0.594261  0.522590  0.611354  -0.001472  -0.760838  0.648940  -0.001595  -0.012591  -0.013642  -2.012287  -1.038235  0.867132  1.000000  
70.880701 0.012167  -0.002223  0.009329  0.803168  0.386918  0.453007  -0.595750  0.523504  0.609119  -0.001472  -0.759104  0.650968  -0.001525  -0.012838  -0.013329  -2.028217  -1.038737  0.872446  1.000000  
70.881963 0.012165  -0.002241  0.009315  0.802063  0.389179  0.453028  -0.597238  0.524347  0.606933  -0.001338  -0.757364  0.652991  -0.001506  -0.013044  -0.013028  -2.035131  -1.038466  0.882440  1.000000  
70.883191 0.012164  -0.002259  0.009300  0.800955  0.391441  0.453039  -0.598723  0.525180  0.604746  -0.001204  -0.755619  0.655010  -0.001453  -0.013250  -0.012835  -2.048756  -1.039547  0.893522  1.000000  
70.884194 0.012162  -0.002275  0.009289  0.799968  0.393377  0.453106  -0.600041  0.525791  0.602905  -0.001070  -0.754187  0.656659  -0.001434  -0.013461  -0.012538  -2.060939  -1.045637  0.907860  1.000000  
70.885441 0.012161  -0.002293  0.009276  0.798855  0.395751  0.453002  -0.601522  0.526751  0.600586  -0.000937  -0.752273  0.658851  -0.001350  -0.013682  -0.012274  -2.081237  -1.045757  0.918457  1.000000  
70.886689 0.012159  -0.002312  0.009262  0.797740  0.398072  0.452935  -0.603002  0.527628  0.598329  -0.000803  -0.750432  0.660948  -0.001282  -0.013954  -0.012081  -2.092725  -1.051111  0.926684  1.000000  
70.887939 0.012158  -0.002332  0.009249  0.796497  0.400558  0.452931  -0.604643  0.528483  0.595913  -0.000669  -0.748504  0.663129  -0.001210  -0.014221  -0.011943  -2.108286  -1.056079  0.941457  1.000000  
70.889189 0.012157  -0.002353  0.009237  0.795375  0.402826  0.452891  -0.606117  0.529266  0.593716  -0.000535  -0.746732  0.665125  -0.001190  -0.014564  -0.011704  -2.117776  -1.059426  0.955796  1.000000  
70.890438 0.012156  -0.002372  0.009223  0.794251  0.405229  0.452720  -0.607590  0.530049  0.591508  -0.000268  -0.744874  0.667205  -0.001101  -0.014785  -0.011594  -2.124203  -1.058326  0.970451  1.000000  
70.891439 0.012156  -0.002389  0.009213  0.793374  0.407116  0.452564  -0.608734  0.530765  0.589688  -0.000134  -0.743334  0.668920  -0.001011  -0.015005  -0.011484  -2.136661  -1.067015  0.981784  1.000000  
70.892690 0.012155  -0.002410  0.009200  0.792245  0.409520  0.452373  -0.610203  0.531529  0.587477  0.000134  -0.741465  0.670991  -0.000993  -0.015361  -0.011253  -2.144343  -1.063751  0.995775  1.000000  
70.893938 0.012154  -0.002432  0.009187  0.791113  0.411869  0.452221  -0.611670  0.532212  0.585329  0.000401  -0.739672  0.672968  -0.000974  -0.015631  -0.010984  -2.148208  -1.060594  1.009797  1.000000  
70.894942 0.012154  -0.002450  0.009178  0.790357  0.413725  0.451849  -0.612647  0.532928  0.583654  0.000669  -0.738119  0.674670  -0.000919  -0.015876  -0.010793  -2.166390  -1.055692  1.021771  1.000000  
70.896192 0.012153  -0.002471  0.009167  0.789220  0.416184  0.451578  -0.614110  0.533734  0.581375  0.000937  -0.736151  0.676816  -0.000824  -0.016102  -0.010427  -2.173940  -1.055508  1.033952  1.000000  
70.897192 0.012154  -0.002489  0.009158  0.788334  0.418094  0.451361  -0.615246  0.534279  0.579670  0.001204  -0.734672  0.678422  -0.000771  -0.016290  -0.010219  -2.181573  -1.052569  1.047306  1.000000  
70.898443 0.012154  -0.002512  0.009147  0.787065  0.420663  0.451188  -0.616868  0.534979  0.577297  0.001472  -0.732693  0.680557  -0.000669  -0.016655  -0.010054  -2.193608  -1.054254  1.066053  1.000000  
70.899450 0.012153  -0.002530  0.009138  0.786048  0.422739  0.451022  -0.618163  0.535492  0.575433  0.001739  -0.731123  0.682244  -0.000580  -0.016827  -0.009880  -2.192639  -1.050720  1.079431  1.000000  
70.900691 0.012154  -0.002553  0.009127  0.784773  0.425308  0.450826  -0.619780  0.536170  0.573058  0.002007  -0.729133  0.684369  -0.000441  -0.017101  -0.009765  -2.205167  -1.052476  1.098440  1.000000  
70.901938 0.012154  -0.002575  0.009115  0.783495  0.427899  0.450597  -0.621393  0.536706  0.570804  0.002408  -0.727220  0.686400  -0.000354  -0.017224  -0.009667  -2.202863  -1.047611  1.115714  1.000000  
70.902939 0.012154  -0.002595  0.009105  0.782470  0.430028  0.450351  -0.622682  0.537261  0.568874  0.002676  -0.725553  0.688161  -0.000321  -0.017487  -0.009647  -2.212926  -1.042351  1.129859  1.000000  
70.904189 0.012153  -0.002618  0.009094  0.781314  0.432562  0.449931  -0.624130  0.537933  0.566647  0.003077  -0.723545  0.690270  -0.000248  -0.017759  -0.009508  -2.226447  -1.035275  1.138771  1.000000  
70.905439 0.012153  -0.002642  0.009082  0.779898  0.435317  0.449732  -0.625897  0.538415  0.564235  0.003479  -0.721532  0.692372  -0.000224  -0.018051  -0.009397  -2.234250  -1.033399  1.160805  1.000000  
70.906439 0.012152  -0.002663  0.009072  0.778865  0.437445  0.449456  -0.627180  0.538942  0.562304  0.003746  -0.719849  0.694120  -0.000229  -0.018308  -0.009337  -2.246220  -1.029948  1.174377  1.000000  
70.907689 0.012151  -0.002688  0.009062  0.777571  0.440088  0.449117  -0.628782  0.539491  0.559985  0.004148  -0.717825  0.696212  -0.000247  -0.018570  -0.009193  -2.254930  -1.026244  1.189021  1.000000  
70.908691 0.012151  -0.002708  0.009054  0.776533  0.442235  0.448804  -0.630060  0.539872  0.558178  0.004549  -0.716217  0.697863  -0.000200  -0.018737  -0.009014  -2.257726  -1.009059  1.196095  1.000000  
70.909940 0.012151  -0.002734  0.009044  0.775233  0.444876  0.448442  -0.631656  0.540399  0.555859  0.004951  -0.714181  0.699944  -0.000183  -0.018964  -0.008953  -2.265471  -1.004799  1.210170  1.000000  
70.910952 0.012151  -0.002755  0.009035  0.774060  0.447004  0.448351  -0.633091  0.540664  0.553966  0.005218  -0.712650  0.701500  -0.000177  -0.019213  -0.008969  -2.266942  -0.998622  1.224151  1.000000  
70.912192 0.012152  -0.002780  0.009024  0.772753  0.449698  0.447911  -0.634682  0.541236  0.551582  0.005620  -0.710518  0.703657  -0.000125  -0.019412  -0.008989  -2.277066  -0.996718  1.237706  1.000000  
70.913196 0.012152  -0.002800  0.009015  0.771705  0.451895  0.447506  -0.635952  0.541648  0.549711  0.006021  -0.708807  0.705377  -0.000119  -0.019549  -0.008964  -2.287554  -0.990675  1.252489  1.000000  
70.914441 0.012153  -0.002826  0.009004  0.770392  0.454532  0.447097  -0.637538  0.542131  0.547393  0.006422  -0.706749  0.707435  -0.000038  -0.019773  -0.008931  -2.292000  -0.983076  1.260289  1.000000  
70.915442 0.012153  -0.002847  0.008995  0.769340  0.456655  0.446746  -0.638805  0.542586  0.545462  0.006690  -0.705030  0.709146  -0.000009  -0.019926  -0.008923  -2.294104  -0.979577  1.271749  1.000000  
70.916443 0.012154  -0.002867  0.008987  0.768285  0.458850  0.446313  -0.640069  0.542972  0.543592  0.007091  -0.703305  0.710853  0.000011  -0.020080  -0.008791  -2.301898  -0.975545  1.285346  1.000000  
70.917450 0.012154  -0.002888  0.008979  0.767095  0.461155  0.445984  -0.641490  0.543256  0.541631  0.007493  -0.701577  0.712555  0.000022  -0.020214  -0.008730  -2.304985  -0.971111  1.298636  1.000000  
70.918689 0.012154  -0.002915  0.008970  0.765638  0.463899  0.445641  -0.643223  0.543601  0.539224  0.007894  -0.699497  0.714592  0.000074  -0.020418  -0.008523  -2.310843  -0.974030  1.316430  1.000000  
