1-Time 2-Px 3-Py 4-Pz 5-R11 6-R21 7-R31 8-R12 9-R22 10-R32 11-R13 12-R23 13-R33 14-Vx 15-Vy 16-Vz 17-Wx 18-Wy 19-Wz 20-state 21-PR11 22-PR21 23-PR31 24-PR12 25-PR22 26-PR32 27-PR13 28-PR23 29-PR33 
232.701416 0.012644  0.099249  -0.010817  0.991487  0.129194  -0.016173  -0.128906  0.991498  0.017759  0.018329  -0.015523  0.999711  -0.000302  -0.000305  -0.000223  0.000000  0.000000  0.000000  2.000000  
232.702419 0.012644  0.099248  -0.010817  0.991487  0.129194  -0.016173  -0.128906  0.991498  0.017759  0.018329  -0.015523  0.999711  -0.000261  -0.000300  -0.000192  0.000000  0.000000  0.000000  2.000000  
232.703419 0.012646  0.099249  -0.010817  0.991432  0.129606  -0.016282  -0.129313  0.991442  0.017903  0.018463  -0.015644  0.999707  -0.000136  -0.000238  -0.000190  0.000000  0.000000  0.000000  2.000000  
232.704683 0.012649  0.099251  -0.010817  0.991325  0.130422  -0.016267  -0.130130  0.991335  0.017916  0.018463  -0.015644  0.999707  0.000143  -0.000107  -0.000116  0.000000  0.000000  0.000000  2.000000  
232.705916 0.012653  0.099250  -0.010817  0.991244  0.131037  -0.016240  -0.130742  0.991252  0.018047  0.018463  -0.015765  0.999705  0.000395  -0.000090  -0.000106  0.000000  0.000000  0.000000  2.000000  
232.706919 0.012656  0.099250  -0.010817  0.991191  0.131445  -0.016233  -0.131150  0.991198  0.018053  0.018463  -0.015765  0.999705  0.000647  -0.000072  -0.000095  0.000000  0.000000  0.000000  2.000000  
232.708168 0.012662  0.099251  -0.010817  0.991107  0.132061  -0.016338  -0.131762  0.991114  0.018201  0.018597  -0.015886  0.999701  0.001036  0.000004  -0.000120  0.000000  0.000000  0.000000  2.000000  
232.709414 0.012668  0.099253  -0.010817  0.990963  0.133090  -0.016701  -0.132781  0.990975  0.018391  0.018998  -0.016008  0.999691  0.001477  0.000166  -0.000110  0.000000  0.000000  0.000000  2.000000  
232.710419 0.012672  0.099253  -0.010818  0.990849  0.133910  -0.016951  -0.133596  0.990864  0.018441  0.019266  -0.016008  0.999686  0.001781  0.000208  -0.000152  0.000000  0.000000  0.000000  2.000000  
232.711668 0.012677  0.099254  -0.010820  0.990680  0.135138  -0.017045  -0.134820  0.990696  0.018600  0.019400  -0.016129  0.999682  0.002152  0.000250  -0.000236  0.031876  0.051120  0.180655  2.000000  
232.712669 0.012682  0.099255  -0.010821  0.990538  0.136162  -0.017141  -0.135839  0.990553  0.018756  0.019533  -0.016250  0.999677  0.002489  0.000345  -0.000303  0.036328  0.054636  0.213652  2.000000  
232.713671 0.012687  0.099257  -0.010823  0.990395  0.137183  -0.017255  -0.136858  0.990412  0.018792  0.019667  -0.016250  0.999675  0.002853  0.000512  -0.000402  0.037417  0.054403  0.256792  2.000000  
232.714683 0.012693  0.099259  -0.010825  0.990226  0.138409  -0.017215  -0.138082  0.990240  0.018933  0.019667  -0.016371  0.999673  0.003308  0.000695  -0.000514  0.042265  0.053720  0.298231  2.000000  
232.715915 0.012701  0.099262  -0.010825  0.989994  0.140044  -0.017299  -0.139712  0.990008  0.019100  0.019801  -0.016492  0.999668  0.003772  0.000898  -0.000526  0.047038  0.056875  0.350892  2.000000  
232.716924 0.012707  0.099265  -0.010825  0.989818  0.141271  -0.017391  -0.140934  0.989832  0.019261  0.019935  -0.016614  0.999663  0.004315  0.001103  -0.000539  0.052293  0.061134  0.395219  2.000000  
232.717965 0.012715  0.099268  -0.010827  0.989670  0.142294  -0.017486  -0.141953  0.989683  0.019418  0.020068  -0.016735  0.999659  0.004703  0.001299  -0.000653  0.056973  0.064962  0.429277  2.000000  
232.719170 0.012725  0.099271  -0.010830  0.989456  0.143729  -0.017838  -0.143378  0.989474  0.019620  0.020470  -0.016856  0.999648  0.005163  0.001470  -0.000873  0.058113  0.073226  0.478541  2.000000  
232.720417 0.012734  0.099274  -0.010831  0.989240  0.145164  -0.018189  -0.144802  0.989262  0.019824  0.020871  -0.016977  0.999638  0.005545  0.001615  -0.001002  0.063386  0.085820  0.534291  2.000000  
232.721672 0.012743  0.099276  -0.010833  0.989025  0.146596  -0.018407  -0.146227  0.989049  0.020009  0.021139  -0.017098  0.999630  0.005827  0.001709  -0.001065  0.068442  0.093937  0.582514  2.000000  
232.722681 0.012751  0.099276  -0.010835  0.988841  0.147820  -0.018514  -0.147448  0.988867  0.020052  0.021272  -0.017098  0.999627  0.006106  0.001657  -0.001213  0.069282  0.097735  0.623938  2.000000  
232.723919 0.012762  0.099277  -0.010837  0.988591  0.149455  -0.018728  -0.149076  0.988619  0.020242  0.021540  -0.017219  0.999620  0.006461  0.001645  -0.001311  0.074611  0.101331  0.679605  2.000000  
232.725166 0.012772  0.099277  -0.010839  0.988339  0.151090  -0.018941  -0.150703  0.988368  0.020433  0.021807  -0.017340  0.999612  0.006796  0.001577  -0.001422  0.079891  0.109382  0.735142  2.000000  
232.726167 0.012779  0.099275  -0.010840  0.988180  0.152109  -0.019052  -0.151719  0.988212  0.020473  0.021941  -0.017340  0.999609  0.007031  0.001434  -0.001417  0.076693  0.113147  0.776692  2.000000  
232.727415 0.012788  0.099273  -0.010843  0.987989  0.153334  -0.019140  -0.152940  0.988020  0.020637  0.022075  -0.017462  0.999604  0.007230  0.001202  -0.001486  0.081677  0.116939  0.818470  2.000000  
232.728419 0.012796  0.099271  -0.010845  0.987825  0.154358  -0.019364  -0.153956  0.987858  0.020817  0.022343  -0.017583  0.999596  0.007383  0.000920  -0.001492  0.086628  0.120822  0.853204  2.000000  
232.729671 0.012806  0.099269  -0.010847  0.987596  0.155789  -0.019580  -0.155378  0.987632  0.021007  0.022610  -0.017704  0.999588  0.007562  0.000661  -0.001499  0.091769  0.128900  0.901375  2.000000  
232.730919 0.012815  0.099267  -0.010850  0.987398  0.157016  -0.019799  -0.156597  0.987435  0.021193  0.022878  -0.017825  0.999579  0.007637  0.000256  -0.001683  0.096834  0.137163  0.943165  2.000000  
232.732164 0.012823  0.099265  -0.010854  0.987233  0.158034  -0.019909  -0.157613  0.987273  0.021234  0.023011  -0.017825  0.999576  0.007618  -0.000045  -0.001835  0.096836  0.139960  0.970048  2.000000  
232.733173 0.012831  0.099263  -0.010856  0.987100  0.158852  -0.020004  -0.158425  0.987139  0.021391  0.023145  -0.017946  0.999571  0.007584  -0.000407  -0.001927  0.098036  0.140739  0.991730  2.000000  
232.734419 0.012840  0.099262  -0.010859  0.986933  0.159873  -0.020095  -0.159441  0.986972  0.021553  0.023279  -0.018067  0.999566  0.007546  -0.000787  -0.001990  0.102387  0.145148  0.999355  2.000000  
232.735420 0.012846  0.099260  -0.010862  0.986798  0.160688  -0.020209  -0.160253  0.986840  0.021591  0.023413  -0.018067  0.999563  0.007518  -0.001005  -0.002046  0.098459  0.149378  1.005747  2.000000  
232.736671 0.012852  0.099256  -0.010865  0.986666  0.161503  -0.020172  -0.161065  0.986705  0.021727  0.023413  -0.018189  0.999560  0.007292  -0.001319  -0.002124  0.102127  0.147744  1.018099  2.000000  
232.737917 0.012858  0.099252  -0.010867  0.986530  0.162318  -0.020286  -0.161877  0.986571  0.021766  0.023546  -0.018189  0.999557  0.006958  -0.001687  -0.002130  0.098367  0.147569  1.024992  2.000000  
232.738921 0.012862  0.099248  -0.010868  0.986430  0.162927  -0.020272  -0.162486  0.986470  0.021778  0.023546  -0.018189  0.999557  0.006665  -0.001965  -0.002065  0.094939  0.139958  1.019383  2.000000  
232.740169 0.012867  0.099243  -0.010869  0.986326  0.163539  -0.020391  -0.163095  0.986369  0.021812  0.023680  -0.018188  0.999554  0.006334  -0.002249  -0.002033  0.094930  0.131226  1.005566  2.000000  
232.741417 0.012871  0.099238  -0.010870  0.986222  0.164148  -0.020529  -0.163704  0.986270  0.021727  0.023814  -0.018067  0.999553  0.005943  -0.002485  -0.001936  0.085894  0.130373  0.983503  2.000000  
232.742665 0.012874  0.099232  -0.010869  0.986084  0.164963  -0.020643  -0.164515  0.986134  0.021766  0.023948  -0.018067  0.999550  0.005539  -0.002703  -0.001740  0.081691  0.130562  0.969882  2.000000  
232.743670 0.012876  0.099227  -0.010870  0.986016  0.165369  -0.020634  -0.164921  0.986066  0.021775  0.023948  -0.018067  0.999550  0.005154  -0.002924  -0.001619  0.081302  0.126447  0.949156  2.000000  
232.744680 0.012878  0.099222  -0.010871  0.985914  0.165978  -0.020621  -0.165530  0.985964  0.021787  0.023948  -0.018067  0.999550  0.004731  -0.003155  -0.001562  0.076811  0.126747  0.928601  2.000000  
232.745916 0.012880  0.099216  -0.010873  0.985846  0.166381  -0.020632  -0.165936  0.985898  0.021676  0.023948  -0.017946  0.999552  0.004342  -0.003410  -0.001497  0.068309  0.124158  0.887952  2.000000  
232.747168 0.012881  0.099209  -0.010874  0.985777  0.166787  -0.020623  -0.166342  0.985830  0.021685  0.023948  -0.017946  0.999552  0.003782  -0.003756  -0.001350  0.063148  0.119076  0.852975  2.000000  
232.748188 0.012882  0.099204  -0.010875  0.985709  0.167193  -0.020614  -0.166748  0.985761  0.021693  0.023948  -0.017946  0.999552  0.003305  -0.004011  -0.001240  0.058911  0.111553  0.824823  2.000000  
232.749425 0.012882  0.099199  -0.010876  0.985637  0.167599  -0.020757  -0.167153  0.985694  0.021605  0.024081  -0.017825  0.999551  0.002751  -0.004250  -0.001064  0.050238  0.103223  0.790536  2.000000  
232.750676 0.012881  0.099193  -0.010876  0.985568  0.168004  -0.020749  -0.167559  0.985625  0.021613  0.024081  -0.017825  0.999551  0.002230  -0.004449  -0.000898  0.045528  0.090265  0.755520  2.000000  
232.751923 0.012880  0.099187  -0.010877  0.985533  0.168205  -0.020765  -0.167762  0.985593  0.021498  0.024081  -0.017703  0.999553  0.001751  -0.004518  -0.000756  0.036547  0.082022  0.714083  2.000000  
232.753171 0.012879  0.099182  -0.010878  0.985502  0.168403  -0.020649  -0.167965  0.985561  0.021360  0.023948  -0.017582  0.999559  0.001256  -0.004602  -0.000721  0.027297  0.073878  0.665560  2.000000  
232.754419 0.012877  0.099177  -0.010879  0.985436  0.168804  -0.020529  -0.168372  0.985495  0.021227  0.023814  -0.017461  0.999564  0.000792  -0.004631  -0.000710  0.018250  0.061136  0.624075  2.000000  
232.755672 0.012875  0.099171  -0.010880  0.985401  0.169004  -0.020545  -0.168575  0.985463  0.021111  0.023814  -0.017340  0.999566  0.000408  -0.004632  -0.000711  0.013297  0.052867  0.582059  2.000000  
232.756917 0.012873  0.099167  -0.010882  0.985370  0.169202  -0.020429  -0.168778  0.985431  0.020973  0.023680  -0.017218  0.999571  0.000066  -0.004532  -0.000800  0.004352  0.044476  0.547346  2.000000  
232.757923 0.012872  0.099164  -0.010882  0.985335  0.169403  -0.020445  -0.168981  0.985399  0.020858  0.023680  -0.017097  0.999573  -0.000220  -0.004443  -0.000859  -0.004399  0.040453  0.519513  2.000000  
232.759165 0.012871  0.099160  -0.010883  0.985335  0.169400  -0.020466  -0.168981  0.985401  0.020738  0.023680  -0.016976  0.999575  -0.000385  -0.004253  -0.000846  -0.009130  0.031834  0.480887  2.000000  
232.760170 0.012872  0.099158  -0.010883  0.985300  0.169601  -0.020482  -0.169184  0.985369  0.020623  0.023680  -0.016855  0.999577  -0.000517  -0.004031  -0.000784  -0.018097  0.023702  0.450104  2.000000  
232.761174 0.012871  0.099156  -0.010884  0.985300  0.169601  -0.020482  -0.169184  0.985369  0.020623  0.023680  -0.016855  0.999577  -0.000598  -0.003817  -0.000717  -0.022948  0.019777  0.415425  2.000000  
232.762415 0.012871  0.099154  -0.010884  0.985265  0.169801  -0.020498  -0.169387  0.985336  0.020508  0.023680  -0.016734  0.999580  -0.000646  -0.003574  -0.000666  -0.031277  0.011055  0.391332  2.000000  
232.763417 0.012872  0.099152  -0.010885  0.985265  0.169798  -0.020519  -0.169387  0.985339  0.020388  0.023680  -0.016612  0.999582  -0.000653  -0.003365  -0.000641  -0.035963  0.011553  0.363893  2.000000  
232.764682 0.012874  0.099150  -0.010886  0.985233  0.169997  -0.020404  -0.169590  0.985307  0.020250  0.023546  -0.016491  0.999587  -0.000580  -0.003155  -0.000733  -0.044692  0.003108  0.336294  2.000000  
232.765915 0.012875  0.099148  -0.010888  0.985233  0.169994  -0.020424  -0.169590  0.985309  0.020131  0.023546  -0.016370  0.999589  -0.000397  -0.002917  -0.000778  -0.049364  -0.000858  0.308812  2.000000  
232.766922 0.012876  0.099146  -0.010890  0.985233  0.169992  -0.020445  -0.169590  0.985312  0.020011  0.023546  -0.016249  0.999591  -0.000240  -0.002761  -0.000893  -0.058723  -0.000269  0.276703  2.000000  
232.768171 0.012879  0.099145  -0.010893  0.985233  0.169989  -0.020466  -0.169590  0.985314  0.019892  0.023546  -0.016127  0.999593  0.000006  -0.002494  -0.000988  -0.063443  -0.004274  0.249001  2.000000  
232.769421 0.012881  0.099144  -0.010897  0.985233  0.169989  -0.020466  -0.169590  0.985314  0.019892  0.023546  -0.016127  0.999593  0.000302  -0.002195  -0.001212  -0.063914  -0.008414  0.228167  2.000000  
232.770683 0.012884  0.099143  -0.010902  0.985233  0.169987  -0.020486  -0.169590  0.985316  0.019772  0.023546  -0.016006  0.999595  0.000661  -0.001847  -0.001458  -0.068445  -0.012538  0.207271  2.000000  
232.771919 0.012888  0.099144  -0.010907  0.985233  0.169987  -0.020486  -0.169590  0.985316  0.019772  0.023546  -0.016006  0.999595  0.001033  -0.001531  -0.001699  -0.064353  -0.012076  0.185069  2.000000  
232.773169 0.012892  0.099145  -0.010912  0.985233  0.169984  -0.020507  -0.169590  0.985319  0.019653  0.023546  -0.015885  0.999597  0.001446  -0.001184  -0.001953  0.000000  0.000000  0.000000  2.000000  
232.774169 0.012897  0.099147  -0.010914  0.985233  0.169984  -0.020507  -0.169590  0.985319  0.019653  0.023546  -0.015885  0.999597  0.001721  -0.000918  -0.002125  0.000000  0.000000  0.000000  2.000000  
232.775419 0.012902  0.099149  -0.010919  0.985230  0.169984  -0.020659  -0.169589  0.985321  0.019556  0.023680  -0.015764  0.999595  0.002093  -0.000578  -0.002412  0.000000  0.000000  0.000000  2.000000  
232.776420 0.012907  0.099150  -0.010923  0.985265  0.169781  -0.020663  -0.169387  0.985356  0.019552  0.023680  -0.015764  0.999595  0.002392  -0.000317  -0.002659  0.000000  0.000000  0.000000  2.000000  
232.777421 0.012911  0.099153  -0.010926  0.985265  0.169778  -0.020684  -0.169387  0.985358  0.019432  0.023680  -0.015642  0.999597  0.002666  -0.000051  -0.002829  0.000000  0.000000  0.000000  2.000000  
232.778679 0.012916  0.099155  -0.010931  0.985262  0.169781  -0.020816  -0.169386  0.985358  0.019455  0.023814  -0.015642  0.999594  0.002952  0.000234  -0.003085  0.000000  0.000000  0.000000  2.000000  
232.779914 0.012922  0.099157  -0.010936  0.985262  0.169781  -0.020816  -0.169386  0.985358  0.019455  0.023814  -0.015642  0.999594  0.003211  0.000483  -0.003316  0.000000  0.000000  0.000000  2.000000  
232.780918 0.012926  0.099158  -0.010941  0.985259  0.169780  -0.020968  -0.169385  0.985360  0.019358  0.023948  -0.015521  0.999593  0.003404  0.000721  -0.003555  0.000000  0.000000  0.000000  2.000000  
232.782166 0.012931  0.099161  -0.010945  0.985294  0.169577  -0.020972  -0.169183  0.985395  0.019354  0.023948  -0.015521  0.999593  0.003657  0.000976  -0.003633  0.000000  0.000000  0.000000  2.000000  
232.783173 0.012935  0.099163  -0.010950  0.985291  0.169579  -0.021104  -0.169182  0.985394  0.019376  0.024081  -0.015521  0.999590  0.003833  0.001228  -0.003803  0.000000  0.000000  0.000000  2.000000  
232.784418 0.012942  0.099166  -0.010954  0.985291  0.169577  -0.021124  -0.169182  0.985397  0.019257  0.024081  -0.015400  0.999591  0.004035  0.001508  -0.003777  0.000000  0.000000  0.000000  2.000000  
232.785419 0.012946  0.099169  -0.010958  0.985287  0.169579  -0.021256  -0.169182  0.985396  0.019279  0.024215  -0.015400  0.999588  0.004207  0.001730  -0.003821  0.000000  0.000000  0.000000  2.000000  
232.786681 0.012952  0.099172  -0.010964  0.985287  0.169579  -0.021256  -0.169182  0.985396  0.019279  0.024215  -0.015400  0.999588  0.004354  0.001946  -0.003844  0.000000  0.000000  0.000000  2.000000  
232.787920 0.012958  0.099176  -0.010969  0.985284  0.169581  -0.021388  -0.169181  0.985396  0.019302  0.024349  -0.015400  0.999585  0.004429  0.002133  -0.003894  0.000000  0.000000  0.000000  2.000000  
232.789169 0.012963  0.099179  -0.010975  0.985284  0.169581  -0.021388  -0.169181  0.985396  0.019302  0.024349  -0.015400  0.999585  0.004432  0.002200  -0.004036  0.000000  0.000000  0.000000  2.000000  
232.790169 0.012968  0.099183  -0.010980  0.985281  0.169583  -0.021520  -0.169180  0.985396  0.019325  0.024483  -0.015399  0.999582  0.004454  0.002300  -0.004117  0.000000  0.000000  0.000000  2.000000  
232.791417 0.012974  0.099186  -0.010986  0.985281  0.169585  -0.021499  -0.169180  0.985393  0.019444  0.024483  -0.015521  0.999580  0.004466  0.002382  -0.004219  0.000000  0.000000  0.000000  2.000000  
232.792670 0.012978  0.099188  -0.010992  0.985278  0.169587  -0.021631  -0.169180  0.985393  0.019467  0.024616  -0.015521  0.999576  0.004428  0.002379  -0.004375  0.000000  0.000000  0.000000  2.000000  
232.793917 0.012983  0.099191  -0.010998  0.985278  0.169587  -0.021631  -0.169180  0.985393  0.019467  0.024616  -0.015521  0.999576  0.004378  0.002400  -0.004419  0.000000  0.000000  0.000000  2.000000  
232.794920 0.012987  0.099193  -0.011002  0.985309  0.169387  -0.021767  -0.168976  0.985427  0.019485  0.024750  -0.015521  0.999573  0.004352  0.002427  -0.004389  0.000000  0.000000  0.000000  2.000000  
232.796165 0.012992  0.099195  -0.011007  0.985309  0.169387  -0.021767  -0.168976  0.985427  0.019485  0.024750  -0.015521  0.999573  0.004323  0.002415  -0.004333  0.000000  0.000000  0.000000  2.000000  
232.797418 0.012997  0.099198  -0.011011  0.985309  0.169389  -0.021746  -0.168976  0.985425  0.019605  0.024750  -0.015642  0.999571  0.004320  0.002459  -0.004327  0.000000  0.000000  0.000000  2.000000  
232.798420 0.013001  0.099200  -0.011015  0.985309  0.169389  -0.021746  -0.168976  0.985425  0.019605  0.024750  -0.015642  0.999571  0.004312  0.002418  -0.004298  0.000000  0.000000  0.000000  2.000000  
232.799433 0.013006  0.099202  -0.011018  0.985309  0.169389  -0.021746  -0.168976  0.985425  0.019605  0.024750  -0.015642  0.999571  0.004274  0.002387  -0.004217  0.000000  0.000000  0.000000  2.000000  
232.800673 0.013011  0.099205  -0.011022  0.985306  0.169391  -0.021878  -0.168976  0.985425  0.019627  0.024884  -0.015642  0.999568  0.004256  0.002350  -0.004154  0.000000  0.000000  0.000000  2.000000  
232.801675 0.013016  0.099207  -0.011024  0.985306  0.169394  -0.021858  -0.168976  0.985422  0.019747  0.024884  -0.015763  0.999566  0.004254  0.002307  -0.004061  0.000000  0.000000  0.000000  2.000000  
232.802681 0.013020  0.099209  -0.011028  0.985306  0.169394  -0.021858  -0.168976  0.985422  0.019747  0.024884  -0.015763  0.999566  0.004235  0.002244  -0.004002  0.000000  0.000000  0.000000  2.000000  
232.803918 0.013026  0.099211  -0.011032  0.985303  0.169396  -0.021989  -0.168975  0.985422  0.019769  0.025018  -0.015763  0.999563  0.004229  0.002165  -0.003888  0.000000  0.000000  0.000000  2.000000  
232.804921 0.013030  0.099213  -0.011036  0.985303  0.169399  -0.021969  -0.168975  0.985420  0.019889  0.025018  -0.015884  0.999561  0.004182  0.002049  -0.003804  0.000000  0.000000  0.000000  2.000000  
232.805922 0.013033  0.099214  -0.011039  0.985303  0.169399  -0.021969  -0.168975  0.985420  0.019889  0.025018  -0.015884  0.999561  0.004137  0.001977  -0.003694  0.000000  0.000000  0.000000  2.000000  
232.807171 0.013037  0.099215  -0.011044  0.985337  0.169196  -0.021973  -0.168772  0.985454  0.019884  0.025018  -0.015884  0.999561  0.004041  0.001796  -0.003573  0.000000  0.000000  0.000000  2.000000  
232.808416 0.013042  0.099216  -0.011048  0.985337  0.169198  -0.021952  -0.168772  0.985452  0.020004  0.025018  -0.016006  0.999559  0.004019  0.001691  -0.003524  0.000000  0.000000  0.000000  2.000000  
232.809667 0.013046  0.099216  -0.011053  0.985337  0.169198  -0.021952  -0.168772  0.985452  0.020004  0.025018  -0.016006  0.999559  0.003972  0.001564  -0.003469  0.000000  0.000000  0.000000  2.000000  
232.810680 0.013048  0.099216  -0.011056  0.985337  0.169198  -0.021952  -0.168772  0.985452  0.020004  0.025018  -0.016006  0.999559  0.003873  0.001430  -0.003404  0.000000  0.000000  0.000000  2.000000  
232.811917 0.013052  0.099217  -0.011060  0.985337  0.169201  -0.021932  -0.168772  0.985450  0.020123  0.025018  -0.016127  0.999557  0.003772  0.001320  -0.003390  0.000000  0.000000  0.000000  2.000000  
232.812917 0.013054  0.099217  -0.011065  0.985372  0.168998  -0.021936  -0.168570  0.985484  0.020119  0.025018  -0.016127  0.999557  0.003685  0.001208  -0.003444  0.000000  0.000000  0.000000  2.000000  
232.813918 0.013057  0.099217  -0.011069  0.985372  0.168998  -0.021936  -0.168570  0.985484  0.020119  0.025018  -0.016127  0.999557  0.003529  0.001053  -0.003523  0.000000  0.000000  0.000000  2.000000  
232.814922 0.013059  0.099217  -0.011073  0.985372  0.169001  -0.021916  -0.168570  0.985482  0.020238  0.025018  -0.016248  0.999555  0.003447  0.000967  -0.003620  0.000000  0.000000  0.000000  2.000000  
232.816168 0.013062  0.099218  -0.011079  0.985369  0.169003  -0.022047  -0.168569  0.985482  0.020261  0.025151  -0.016248  0.999552  0.003245  0.000781  -0.003688  0.000000  0.000000  0.000000  2.000000  
232.817190 0.013064  0.099218  -0.011083  0.985369  0.169003  -0.022047  -0.168569  0.985482  0.020261  0.025151  -0.016248  0.999552  0.003025  0.000627  -0.003752  0.000000  0.000000  0.000000  2.000000  
232.818422 0.013067  0.099219  -0.011088  0.985369  0.169006  -0.022027  -0.168569  0.985479  0.020380  0.025151  -0.016369  0.999550  0.002863  0.000561  -0.003792  0.000000  0.000000  0.000000  2.000000  
232.819673 0.013069  0.099219  -0.011092  0.985404  0.168803  -0.022031  -0.168366  0.985514  0.020376  0.025151  -0.016369  0.999550  0.002658  0.000426  -0.003852  0.000000  0.000000  0.000000  2.000000  
232.820920 0.013070  0.099219  -0.011098  0.985404  0.168803  -0.022031  -0.168366  0.985514  0.020376  0.025151  -0.016369  0.999550  0.002463  0.000330  -0.003906  0.000000  0.000000  0.000000  2.000000  
232.822169 0.013072  0.099219  -0.011103  0.985404  0.168803  -0.022031  -0.168366  0.985514  0.020376  0.025151  -0.016369  0.999550  0.002299  0.000265  -0.003939  0.000000  0.000000  0.000000  2.000000  
232.823170 0.013073  0.099218  -0.011108  0.985400  0.168805  -0.022163  -0.168366  0.985514  0.020398  0.025285  -0.016369  0.999546  0.002098  0.000144  -0.004046  0.000000  0.000000  0.000000  2.000000  
232.824170 0.013073  0.099217  -0.011113  0.985400  0.168808  -0.022142  -0.168366  0.985511  0.020518  0.025285  -0.016490  0.999544  0.001949  0.000065  -0.004166  0.000000  0.000000  0.000000  2.000000  
232.825423 0.013074  0.099216  -0.011119  0.985400  0.168808  -0.022142  -0.168366  0.985511  0.020518  0.025285  -0.016490  0.999544  0.001750  0.000021  -0.004273  0.000000  0.000000  0.000000  2.000000  
232.826667 0.013075  0.099215  -0.011126  0.985435  0.168605  -0.022147  -0.168163  0.985546  0.020513  0.025285  -0.016490  0.999544  0.001597  -0.000092  -0.004477  0.000000  0.000000  0.000000  2.000000  
232.827669 0.013076  0.099215  -0.011132  0.985435  0.168605  -0.022147  -0.168163  0.985546  0.020513  0.025285  -0.016490  0.999544  0.001517  -0.000103  -0.004541  0.000000  0.000000  0.000000  2.000000  
232.828920 0.013078  0.099215  -0.011139  0.985435  0.168605  -0.022147  -0.168163  0.985546  0.020513  0.025285  -0.016490  0.999544  0.001376  -0.000149  -0.004697  0.000000  0.000000  0.000000  2.000000  
232.830167 0.013080  0.099215  -0.011146  0.985435  0.168607  -0.022126  -0.168163  0.985543  0.020633  0.025285  -0.016612  0.999542  0.001319  -0.000190  -0.004787  0.000000  0.000000  0.000000  2.000000  
232.831416 0.013081  0.099214  -0.011153  0.985432  0.168610  -0.022258  -0.168162  0.985543  0.020655  0.025419  -0.016612  0.999539  0.001230  -0.000259  -0.004900  0.000000  0.000000  0.000000  2.000000  
232.832422 0.013083  0.099214  -0.011158  0.985432  0.168610  -0.022258  -0.168162  0.985543  0.020655  0.025419  -0.016612  0.999539  0.001178  -0.000321  -0.004989  0.000000  0.000000  0.000000  2.000000  
232.833423 0.013084  0.099213  -0.011164  0.985432  0.168610  -0.022258  -0.168162  0.985543  0.020655  0.025419  -0.016612  0.999539  0.001183  -0.000383  -0.005077  0.000000  0.000000  0.000000  2.000000  
232.834686 0.013086  0.099212  -0.011171  0.985432  0.168610  -0.022258  -0.168162  0.985543  0.020655  0.025419  -0.016612  0.999539  0.001156  -0.000452  -0.005229  0.000000  0.000000  0.000000  2.000000  
232.835919 0.013088  0.099212  -0.011178  0.985397  0.168813  -0.022254  -0.168365  0.985508  0.020660  0.025419  -0.016612  0.999539  0.001207  -0.000483  -0.005324  0.000000  0.000000  0.000000  2.000000  
232.836919 0.013090  0.099211  -0.011184  0.985397  0.168813  -0.022254  -0.168365  0.985508  0.020660  0.025419  -0.016612  0.999539  0.001209  -0.000525  -0.005474  0.000000  0.000000  0.000000  2.000000  
232.838169 0.013092  0.099210  -0.011191  0.985397  0.168813  -0.022254  -0.168365  0.985508  0.020660  0.025419  -0.016612  0.999539  0.001288  -0.000525  -0.005537  0.000000  0.000000  0.000000  2.000000  
232.839420 0.013095  0.099210  -0.011198  0.985397  0.168813  -0.022254  -0.168365  0.985508  0.020660  0.025419  -0.016612  0.999539  0.001423  -0.000467  -0.005572  0.000000  0.000000  0.000000  2.000000  
232.840421 0.013097  0.099209  -0.011203  0.985394  0.168815  -0.022386  -0.168364  0.985508  0.020683  0.025553  -0.016612  0.999535  0.001497  -0.000492  -0.005606  0.000000  0.000000  0.000000  2.000000  
232.841669 0.013100  0.099209  -0.011210  0.985359  0.169018  -0.022381  -0.168567  0.985473  0.020687  0.025553  -0.016612  0.999535  0.001663  -0.000450  -0.005544  0.000000  0.000000  0.000000  2.000000  
232.842682 0.013102  0.099209  -0.011215  0.985359  0.169018  -0.022381  -0.168567  0.985473  0.020687  0.025553  -0.016612  0.999535  0.001757  -0.000419  -0.005560  0.000000  0.000000  0.000000  2.000000  
232.843917 0.013106  0.099209  -0.011222  0.985359  0.169018  -0.022381  -0.168567  0.985473  0.020687  0.025553  -0.016612  0.999535  0.001864  -0.000355  -0.005509  0.000000  0.000000  0.000000  2.000000  
232.845164 0.013109  0.099210  -0.011228  0.985359  0.169018  -0.022381  -0.168567  0.985473  0.020687  0.025553  -0.016612  0.999535  0.001976  -0.000292  -0.005470  0.000000  0.000000  0.000000  2.000000  
232.846165 0.013112  0.099210  -0.011234  0.985324  0.169221  -0.022377  -0.168770  0.985438  0.020692  0.025553  -0.016612  0.999535  0.002080  -0.000287  -0.005481  0.000000  0.000000  0.000000  2.000000  
232.847169 0.013114  0.099210  -0.011239  0.985324  0.169221  -0.022377  -0.168770  0.985438  0.020692  0.025553  -0.016612  0.999535  0.002133  -0.000258  -0.005515  0.000000  0.000000  0.000000  2.000000  
232.848172 0.013116  0.099210  -0.011245  0.985324  0.169221  -0.022377  -0.168770  0.985438  0.020692  0.025553  -0.016612  0.999535  0.002162  -0.000232  -0.005512  0.000000  0.000000  0.000000  2.000000  
232.849422 0.013119  0.099209  -0.011252  0.985289  0.169423  -0.022373  -0.168973  0.985403  0.020696  0.025553  -0.016612  0.999535  0.002218  -0.000203  -0.005549  0.000000  0.000000  0.000000  2.000000  
232.850682 0.013121  0.099208  -0.011260  0.985289  0.169423  -0.022373  -0.168973  0.985403  0.020696  0.025553  -0.016612  0.999535  0.002237  -0.000230  -0.005568  0.000000  0.000000  0.000000  2.000000  
232.851941 0.013124  0.099208  -0.011267  0.985251  0.169628  -0.022500  -0.169175  0.985368  0.020724  0.025687  -0.016611  0.999532  0.002297  -0.000147  -0.005567  0.000000  0.000000  0.000000  2.000000  
232.853169 0.013126  0.099208  -0.011274  0.985251  0.169628  -0.022500  -0.169175  0.985368  0.020724  0.025687  -0.016611  0.999532  0.002303  -0.000147  -0.005582  0.000000  0.000000  0.000000  2.000000  
232.854170 0.013129  0.099208  -0.011279  0.985216  0.169831  -0.022496  -0.169378  0.985333  0.020728  0.025687  -0.016611  0.999532  0.002288  -0.000144  -0.005540  0.000000  0.000000  0.000000  2.000000  
232.855421 0.013131  0.099207  -0.011286  0.985216  0.169831  -0.022496  -0.169378  0.985333  0.020728  0.025687  -0.016611  0.999532  0.002263  -0.000122  -0.005531  0.000000  0.000000  0.000000  2.000000  
232.856421 0.013133  0.099208  -0.011291  0.985181  0.170034  -0.022492  -0.169581  0.985298  0.020733  0.025687  -0.016611  0.999532  0.002213  -0.000097  -0.005553  0.000000  0.000000  0.000000  2.000000  
232.857672 0.013135  0.099207  -0.011298  0.985181  0.170034  -0.022492  -0.169581  0.985298  0.020733  0.025687  -0.016611  0.999532  0.002160  -0.000128  -0.005525  0.000000  0.000000  0.000000  2.000000  
232.858682 0.013137  0.099207  -0.011303  0.985147  0.170237  -0.022488  -0.169784  0.985263  0.020738  0.025687  -0.016611  0.999532  0.002116  -0.000127  -0.005528  0.000000  0.000000  0.000000  2.000000  
232.859920 0.013139  0.099207  -0.011311  0.985147  0.170237  -0.022488  -0.169784  0.985263  0.020738  0.025687  -0.016611  0.999532  0.002015  -0.000194  -0.005610  0.000000  0.000000  0.000000  2.000000  
232.861165 0.013141  0.099206  -0.011318  0.985112  0.170440  -0.022483  -0.169987  0.985228  0.020742  0.025687  -0.016611  0.999532  0.001921  -0.000224  -0.005592  0.000000  0.000000  0.000000  2.000000  
232.862165 0.013142  0.099206  -0.011323  0.985112  0.170437  -0.022504  -0.169987  0.985231  0.020623  0.025687  -0.016490  0.999534  0.001841  -0.000283  -0.005581  0.000000  0.000000  0.000000  2.000000  
232.863438 0.013143  0.099204  -0.011330  0.985112  0.170437  -0.022504  -0.169987  0.985231  0.020623  0.025687  -0.016490  0.999534  0.001717  -0.000365  -0.005538  0.000000  0.000000  0.000000  2.000000  
232.864680 0.013144  0.099203  -0.011336  0.985077  0.170640  -0.022500  -0.170189  0.985195  0.020627  0.025687  -0.016490  0.999534  0.001655  -0.000388  -0.005461  0.000000  0.000000  0.000000  2.000000  
232.865917 0.013145  0.099202  -0.011343  0.985077  0.170640  -0.022500  -0.170189  0.985195  0.020627  0.025687  -0.016490  0.999534  0.001570  -0.000420  -0.005464  0.000000  0.000000  0.000000  2.000000  
232.866950 0.013146  0.099201  -0.011348  0.985041  0.170843  -0.022496  -0.170392  0.985160  0.020632  0.025687  -0.016490  0.999534  0.001473  -0.000473  -0.005402  0.000000  0.000000  0.000000  2.000000  
232.868173 0.013148  0.099200  -0.011355  0.985041  0.170843  -0.022496  -0.170392  0.985160  0.020632  0.025687  -0.016490  0.999534  0.001445  -0.000527  -0.005388  0.000000  0.000000  0.000000  2.000000  
232.869420 0.013149  0.099198  -0.011362  0.985006  0.171046  -0.022491  -0.170595  0.985125  0.020637  0.025687  -0.016490  0.999534  0.001343  -0.000611  -0.005403  0.000000  0.000000  0.000000  2.000000  
232.870704 0.013151  0.099197  -0.011368  0.985003  0.171048  -0.022623  -0.170594  0.985125  0.020659  0.025820  -0.016490  0.999531  0.001277  -0.000697  -0.005404  0.000000  0.000000  0.000000  2.000000  
232.871918 0.013152  0.099195  -0.011376  0.984968  0.171251  -0.022619  -0.170797  0.985090  0.020664  0.025820  -0.016490  0.999531  0.001246  -0.000804  -0.005435  0.000000  0.000000  0.000000  2.000000  
232.872919 0.013154  0.099194  -0.011381  0.984968  0.171253  -0.022598  -0.170797  0.985087  0.020783  0.025820  -0.016611  0.999529  0.001179  -0.000916  -0.005393  0.000000  0.000000  0.000000  2.000000  
232.874169 0.013155  0.099193  -0.011387  0.984968  0.171253  -0.022598  -0.170797  0.985087  0.020783  0.025820  -0.016611  0.999529  0.001148  -0.000969  -0.005372  0.000000  0.000000  0.000000  2.000000  
232.875437 0.013156  0.099191  -0.011394  0.984933  0.171456  -0.022594  -0.171000  0.985052  0.020788  0.025820  -0.016611  0.999529  0.001125  -0.001045  -0.005329  0.000000  0.000000  0.000000  2.000000  
232.876671 0.013157  0.099189  -0.011400  0.984933  0.171456  -0.022594  -0.171000  0.985052  0.020788  0.025820  -0.016611  0.999529  0.001101  -0.001087  -0.005297  0.000000  0.000000  0.000000  2.000000  
232.877672 0.013159  0.099188  -0.011405  0.984933  0.171456  -0.022594  -0.171000  0.985052  0.020788  0.025820  -0.016611  0.999529  0.001111  -0.001111  -0.005287  0.000000  0.000000  0.000000  2.000000  
232.878917 0.013160  0.099186  -0.011411  0.984933  0.171456  -0.022594  -0.171000  0.985052  0.020788  0.025820  -0.016611  0.999529  0.001079  -0.001185  -0.005218  0.000000  0.000000  0.000000  2.000000  
232.880165 0.013161  0.099184  -0.011418  0.984897  0.171659  -0.022589  -0.171203  0.985016  0.020793  0.025820  -0.016611  0.999529  0.001091  -0.001211  -0.005215  0.000000  0.000000  0.000000  2.000000  
232.881167 0.013162  0.099183  -0.011422  0.984897  0.171659  -0.022589  -0.171203  0.985016  0.020793  0.025820  -0.016611  0.999529  0.001101  -0.001234  -0.005200  0.000000  0.000000  0.000000  2.000000  
232.882208 0.013163  0.099182  -0.011428  0.984897  0.171659  -0.022589  -0.171203  0.985016  0.020793  0.025820  -0.016611  0.999529  0.001092  -0.001246  -0.005198  0.000000  0.000000  0.000000  2.000000  
232.883421 0.013165  0.099181  -0.011434  0.984897  0.171659  -0.022589  -0.171203  0.985016  0.020793  0.025820  -0.016611  0.999529  0.001113  -0.001238  -0.005241  0.000000  0.000000  0.000000  2.000000  
232.884682 0.013167  0.099180  -0.011441  0.984897  0.171659  -0.022589  -0.171203  0.985016  0.020793  0.025820  -0.016611  0.999529  0.001113  -0.001193  -0.005195  0.000000  0.000000  0.000000  2.000000  
232.885919 0.013168  0.099179  -0.011448  0.984862  0.171862  -0.022585  -0.171405  0.984981  0.020797  0.025820  -0.016611  0.999529  0.001155  -0.001188  -0.005167  0.000000  0.000000  0.000000  2.000000  
232.886920 0.013170  0.099179  -0.011453  0.984862  0.171862  -0.022585  -0.171405  0.984981  0.020797  0.025820  -0.016611  0.999529  0.001174  -0.001132  -0.005155  0.000000  0.000000  0.000000  2.000000  
232.888169 0.013172  0.099177  -0.011460  0.984862  0.171862  -0.022585  -0.171405  0.984981  0.020797  0.025820  -0.016611  0.999529  0.001186  -0.001135  -0.005193  0.000000  0.000000  0.000000  2.000000  
232.889170 0.013173  0.099177  -0.011465  0.984862  0.171862  -0.022585  -0.171405  0.984981  0.020797  0.025820  -0.016611  0.999529  0.001206  -0.001080  -0.005181  0.000000  0.000000  0.000000  2.000000  
232.890419 0.013176  0.099176  -0.011471  0.984862  0.171862  -0.022585  -0.171405  0.984981  0.020797  0.025820  -0.016611  0.999529  0.001281  -0.001011  -0.005168  0.000000  0.000000  0.000000  2.000000  
232.891435 0.013177  0.099175  -0.011477  0.984862  0.171862  -0.022585  -0.171405  0.984981  0.020797  0.025820  -0.016611  0.999529  0.001330  -0.000995  -0.005222  0.000000  0.000000  0.000000  2.000000  
232.892668 0.013179  0.099174  -0.011483  0.984827  0.172064  -0.022581  -0.171608  0.984946  0.020802  0.025820  -0.016611  0.999529  0.001374  -0.000958  -0.005231  0.000000  0.000000  0.000000  2.000000  
232.893915 0.013182  0.099173  -0.011491  0.984827  0.172064  -0.022581  -0.171608  0.984946  0.020802  0.025820  -0.016611  0.999529  0.001447  -0.000857  -0.005316  0.000000  0.000000  0.000000  2.000000  
232.894916 0.013184  0.099173  -0.011497  0.984827  0.172064  -0.022581  -0.171608  0.984946  0.020802  0.025820  -0.016611  0.999529  0.001531  -0.000810  -0.005360  0.000000  0.000000  0.000000  2.000000  
232.895917 0.013186  0.099173  -0.011502  0.984827  0.172064  -0.022581  -0.171608  0.984946  0.020802  0.025820  -0.016611  0.999529  0.001612  -0.000748  -0.005378  0.000000  0.000000  0.000000  2.000000  
232.896917 0.013188  0.099172  -0.011508  0.984827  0.172064  -0.022581  -0.171608  0.984946  0.020802  0.025820  -0.016611  0.999529  0.001654  -0.000698  -0.005438  0.000000  0.000000  0.000000  2.000000  
232.898176 0.013191  0.099172  -0.011515  0.984827  0.172064  -0.022581  -0.171608  0.984946  0.020802  0.025820  -0.016611  0.999529  0.001730  -0.000646  -0.005446  0.000000  0.000000  0.000000  2.000000  
232.899423 0.013193  0.099172  -0.011522  0.984827  0.172064  -0.022581  -0.171608  0.984946  0.020802  0.025820  -0.016611  0.999529  0.001816  -0.000591  -0.005482  0.000000  0.000000  0.000000  2.000000  
232.900673 0.013197  0.099172  -0.011528  0.984827  0.172064  -0.022581  -0.171608  0.984946  0.020802  0.025820  -0.016611  0.999529  0.001891  -0.000532  -0.005493  0.000000  0.000000  0.000000  2.000000  
232.901717 0.013199  0.099172  -0.011533  0.984792  0.172267  -0.022577  -0.171811  0.984910  0.020807  0.025820  -0.016611  0.999529  0.001953  -0.000472  -0.005448  0.000000  0.000000  0.000000  2.000000  
232.902919 0.013202  0.099171  -0.011540  0.984792  0.172267  -0.022577  -0.171811  0.984910  0.020807  0.025820  -0.016611  0.999529  0.002020  -0.000390  -0.005468  0.000000  0.000000  0.000000  2.000000  
232.904169 0.013204  0.099171  -0.011548  0.984792  0.172267  -0.022577  -0.171811  0.984910  0.020807  0.025820  -0.016611  0.999529  0.002033  -0.000395  -0.005526  0.000000  0.000000  0.000000  2.000000  
232.905170 0.013206  0.099171  -0.011553  0.984792  0.172267  -0.022577  -0.171811  0.984910  0.020807  0.025820  -0.016611  0.999529  0.002063  -0.000340  -0.005531  0.000000  0.000000  0.000000  2.000000  
232.906421 0.013208  0.099170  -0.011559  0.984792  0.172267  -0.022577  -0.171811  0.984910  0.020807  0.025820  -0.016611  0.999529  0.002073  -0.000286  -0.005506  0.000000  0.000000  0.000000  2.000000  
232.907431 0.013210  0.099170  -0.011565  0.984792  0.172267  -0.022577  -0.171811  0.984910  0.020807  0.025820  -0.016611  0.999529  0.002111  -0.000232  -0.005539  0.000000  0.000000  0.000000  2.000000  
232.908673 0.013213  0.099170  -0.011572  0.984792  0.172267  -0.022577  -0.171811  0.984910  0.020807  0.025820  -0.016611  0.999529  0.002111  -0.000254  -0.005494  0.000000  0.000000  0.000000  2.000000  
232.909920 0.013215  0.099170  -0.011578  0.984756  0.172470  -0.022572  -0.172014  0.984875  0.020811  0.025820  -0.016611  0.999529  0.002119  -0.000195  -0.005446  0.000000  0.000000  0.000000  2.000000  
232.911165 0.013218  0.099170  -0.011585  0.984756  0.172470  -0.022572  -0.172014  0.984875  0.020811  0.025820  -0.016611  0.999529  0.002085  -0.000170  -0.005403  0.000000  0.000000  0.000000  2.000000  
232.912165 0.013220  0.099170  -0.011589  0.984756  0.172470  -0.022572  -0.172014  0.984875  0.020811  0.025820  -0.016611  0.999529  0.002093  -0.000113  -0.005354  0.000000  0.000000  0.000000  2.000000  
232.913421 0.013222  0.099169  -0.011595  0.984756  0.172470  -0.022572  -0.172014  0.984875  0.020811  0.025820  -0.016611  0.999529  0.002009  -0.000162  -0.005304  0.000000  0.000000  0.000000  2.000000  
232.914682 0.013224  0.099169  -0.011601  0.984756  0.172470  -0.022572  -0.172014  0.984875  0.020811  0.025820  -0.016611  0.999529  0.001983  -0.000156  -0.005223  0.000000  0.000000  0.000000  2.000000  
232.915920 0.013226  0.099169  -0.011607  0.984756  0.172470  -0.022572  -0.172014  0.984875  0.020811  0.025820  -0.016611  0.999529  0.001919  -0.000156  -0.005182  0.000000  0.000000  0.000000  2.000000  
232.916923 0.013227  0.099169  -0.011612  0.984756  0.172470  -0.022572  -0.172014  0.984875  0.020811  0.025820  -0.016611  0.999529  0.001865  -0.000181  -0.005129  0.000000  0.000000  0.000000  2.000000  
232.918172 0.013229  0.099168  -0.011618  0.984721  0.172673  -0.022568  -0.172216  0.984839  0.020816  0.025820  -0.016611  0.999529  0.001811  -0.000206  -0.005076  0.000000  0.000000  0.000000  2.000000  
232.919419 0.013230  0.099167  -0.011623  0.984721  0.172673  -0.022568  -0.172216  0.984839  0.020816  0.025820  -0.016611  0.999529  0.001740  -0.000230  -0.004978  0.000000  0.000000  0.000000  2.000000  
232.920420 0.013232  0.099167  -0.011628  0.984721  0.172673  -0.022568  -0.172216  0.984839  0.020816  0.025820  -0.016611  0.999529  0.001679  -0.000250  -0.004896  0.000000  0.000000  0.000000  2.000000  
