1-Time 2-Px 3-Py 4-Pz 5-R11 6-R21 7-R31 8-R12 9-R22 10-R32 11-R13 12-R23 13-R33 14-Vx 15-Vy 16-Vz 17-Wx 18-Wy 19-Wz 20-state 21-PR11 22-PR21 23-PR31 24-PR12 25-PR22 26-PR32 27-PR13 28-PR23 29-PR33 
26.637052 0.007725  0.098815  -0.004921  0.988834  0.148944  0.004774  -0.148904  0.988821  -0.007833  -0.005887  0.007035  0.999958  0.000013  -0.000003  -0.000034  0.000000  0.000000  0.000000  2.000000  
26.638056 0.007725  0.098815  -0.004921  0.988834  0.148944  0.004774  -0.148904  0.988821  -0.007833  -0.005887  0.007035  0.999958  0.000004  0.000020  -0.000044  0.000000  0.000000  0.000000  2.000000  
26.639056 0.007727  0.098815  -0.004921  0.988742  0.149555  0.004769  -0.149515  0.988728  -0.007836  -0.005887  0.007035  0.999958  0.000085  0.000054  -0.000026  0.000000  0.000000  0.000000  2.000000  
26.640058 0.007729  0.098816  -0.004920  0.988618  0.150370  0.004895  -0.150329  0.988605  -0.007860  -0.006021  0.007035  0.999957  0.000204  0.000095  0.000024  0.000000  0.000000  0.000000  2.000000  
26.641311 0.007731  0.098816  -0.004921  0.988492  0.151185  0.005153  -0.151143  0.988480  -0.007905  -0.006288  0.007035  0.999955  0.000352  0.000107  0.000014  0.000000  0.000000  0.000000  2.000000  
26.642320 0.007733  0.098817  -0.004920  0.988429  0.151594  0.005263  -0.151549  0.988417  -0.008047  -0.006422  0.007156  0.999954  0.000520  0.000177  0.000051  0.000000  0.000000  0.000000  2.000000  
26.643321 0.007736  0.098818  -0.004920  0.988366  0.152001  0.005260  -0.151956  0.988354  -0.008049  -0.006422  0.007156  0.999954  0.000694  0.000242  0.000054  0.000000  0.000000  0.000000  2.000000  
26.644561 0.007739  0.098820  -0.004919  0.988210  0.153017  0.005120  -0.152974  0.988198  -0.008034  -0.006288  0.007156  0.999955  0.000919  0.000390  0.000089  0.000000  0.000000  0.000000  2.000000  
26.645815 0.007743  0.098822  -0.004918  0.988022  0.154236  0.004845  -0.154195  0.988008  -0.007999  -0.006021  0.007156  0.999956  0.001182  0.000545  0.000155  0.000000  0.000000  0.000000  2.000000  
26.647062 0.007746  0.098823  -0.004918  0.987799  0.155660  0.004834  -0.155618  0.987785  -0.008006  -0.006021  0.007156  0.999956  0.001408  0.000615  0.000154  -0.005218  -0.007619  0.193804  2.000000  
26.648306 0.007750  0.098825  -0.004919  0.987606  0.156880  0.004824  -0.156838  0.987592  -0.008012  -0.006021  0.007156  0.999956  0.001654  0.000721  0.000095  -0.005461  -0.007324  0.235286  2.000000  
26.649311 0.007754  0.098827  -0.004920  0.987411  0.158100  0.004965  -0.158058  0.987398  -0.007920  -0.006155  0.007035  0.999956  0.001948  0.000829  0.000083  -0.001689  -0.011493  0.283727  2.000000  
26.650566 0.007759  0.098830  -0.004919  0.987147  0.159728  0.005216  -0.159684  0.987136  -0.007970  -0.006422  0.007035  0.999955  0.002284  0.001041  0.000158  -0.002063  -0.020093  0.339097  2.000000  
26.651807 0.007764  0.098833  -0.004917  0.986882  0.161354  0.005335  -0.161309  0.986871  -0.008001  -0.006556  0.007035  0.999954  0.002645  0.001263  0.000298  -0.002427  -0.024205  0.394554  2.000000  
26.653062 0.007770  0.098836  -0.004915  0.986615  0.162979  0.005322  -0.162934  0.986604  -0.008009  -0.006556  0.007035  0.999954  0.002969  0.001478  0.000406  -0.002769  -0.023822  0.450019  2.000000  
26.654307 0.007775  0.098839  -0.004916  0.986345  0.164604  0.005309  -0.164559  0.986335  -0.008018  -0.006556  0.007035  0.999954  0.003187  0.001568  0.000343  -0.003125  -0.023186  0.507985  2.000000  
26.655310 0.007780  0.098841  -0.004916  0.986141  0.165823  0.005279  -0.165777  0.986130  -0.008144  -0.006556  0.007156  0.999953  0.003391  0.001681  0.000323  -0.007520  -0.018553  0.553604  2.000000  
26.656311 0.007784  0.098843  -0.004915  0.985936  0.167041  0.005269  -0.166995  0.985924  -0.008151  -0.006556  0.007156  0.999953  0.003602  0.001828  0.000347  -0.007715  -0.018112  0.590339  2.000000  
26.657557 0.007790  0.098845  -0.004914  0.985624  0.168869  0.005365  -0.168822  0.985612  -0.008303  -0.006690  0.007278  0.999951  0.003773  0.001877  0.000438  -0.012330  -0.022226  0.664395  2.000000  
26.658561 0.007795  0.098846  -0.004913  0.985344  0.170493  0.005483  -0.170444  0.985332  -0.008334  -0.006824  0.007278  0.999950  0.003902  0.001865  0.000461  -0.012726  -0.026326  0.719779  2.000000  
26.659807 0.007802  0.098848  -0.004913  0.985025  0.172320  0.005579  -0.172270  0.985013  -0.008487  -0.006957  0.007399  0.999948  0.004134  0.001807  0.000392  -0.017109  -0.030081  0.775674  2.000000  
26.660807 0.007807  0.098848  -0.004913  0.984811  0.173537  0.005700  -0.173486  0.984799  -0.008517  -0.007091  0.007399  0.999947  0.004287  0.001744  0.000348  -0.017572  -0.034525  0.823599  2.000000  
26.661808 0.007812  0.098848  -0.004914  0.984595  0.174755  0.005800  -0.174702  0.984583  -0.008667  -0.007225  0.007520  0.999946  0.004405  0.001631  0.000327  -0.021845  -0.038311  0.865123  2.000000  
26.662810 0.007815  0.098847  -0.004914  0.984413  0.175771  0.005901  -0.175716  0.984402  -0.008816  -0.007359  0.007641  0.999944  0.004453  0.001539  0.000332  -0.026169  -0.042459  0.899302  2.000000  
26.664058 0.007821  0.098846  -0.004913  0.984122  0.177393  0.005997  -0.177336  0.984109  -0.008969  -0.007493  0.007763  0.999942  0.004491  0.001313  0.000432  -0.030889  -0.046836  0.962017  2.000000  
26.665059 0.007825  0.098844  -0.004914  0.983901  0.178610  0.006118  -0.178552  0.983889  -0.009000  -0.007626  0.007763  0.999941  0.004516  0.001000  0.000344  -0.031237  -0.051029  1.003643  2.000000  
26.666064 0.007828  0.098843  -0.004913  0.983716  0.179624  0.006218  -0.179564  0.983704  -0.009150  -0.007760  0.007884  0.999939  0.004464  0.000742  0.000285  -0.035656  -0.055143  1.044970  2.000000  
26.667323 0.007832  0.098841  -0.004914  0.983492  0.180840  0.006338  -0.180779  0.983481  -0.009181  -0.007894  0.007884  0.999938  0.004367  0.000442  0.000105  -0.036015  -0.059334  1.086612  2.000000  
26.668560 0.007835  0.098839  -0.004914  0.983267  0.182058  0.006414  -0.181993  0.983254  -0.009452  -0.008028  0.008127  0.999935  0.004213  0.000078  0.000059  -0.044390  -0.063549  1.107563  2.000000  
26.669561 0.007838  0.098838  -0.004915  0.983115  0.182870  0.006648  -0.182803  0.983102  -0.009626  -0.008295  0.008248  0.999932  0.004076  -0.000156  0.000061  -0.048739  -0.067928  1.114556  2.000000  
26.670809 0.007840  0.098836  -0.004915  0.982886  0.184087  0.006876  -0.184017  0.982874  -0.009802  -0.008563  0.008369  0.999928  0.003921  -0.000465  0.000027  -0.053140  -0.072248  1.128401  2.000000  
26.671812 0.007841  0.098833  -0.004915  0.982732  0.184901  0.007086  -0.184825  0.982720  -0.010096  -0.008831  0.008612  0.999924  0.003646  -0.000750  -0.000052  -0.057627  -0.071939  1.142330  2.000000  
26.673061 0.007842  0.098830  -0.004916  0.982539  0.185916  0.007294  -0.185836  0.982526  -0.010391  -0.009098  0.008854  0.999919  0.003307  -0.001018  -0.000162  -0.066066  -0.080713  1.156691  2.000000  
26.674323 0.007842  0.098828  -0.004917  0.982421  0.186527  0.007505  -0.186443  0.982408  -0.010684  -0.009366  0.009097  0.999915  0.002807  -0.001339  -0.000229  -0.074135  -0.094110  1.142102  2.000000  
26.675558 0.007842  0.098825  -0.004917  0.982266  0.187340  0.007559  -0.187252  0.982250  -0.011072  -0.009500  0.009461  0.999910  0.002355  -0.001578  -0.000220  -0.086231  -0.107570  1.129108  2.000000  
26.676812 0.007841  0.098822  -0.004917  0.982148  0.187951  0.007770  -0.187858  0.982130  -0.011366  -0.009767  0.009703  0.999905  0.001916  -0.001730  -0.000220  -0.094297  -0.116635  1.101249  2.000000  
26.678058 0.007838  0.098819  -0.004916  0.981990  0.188765  0.007955  -0.188666  0.981971  -0.011780  -0.010035  0.010067  0.999899  0.001440  -0.001858  -0.000184  -0.106558  -0.125541  1.087453  2.000000  
26.679061 0.007836  0.098816  -0.004916  0.981871  0.189376  0.008164  -0.189272  0.981850  -0.012074  -0.010302  0.010310  0.999894  0.000965  -0.001971  -0.000159  -0.118842  -0.130159  1.066798  2.000000  
26.680311 0.007833  0.098813  -0.004916  0.981789  0.189788  0.008484  -0.189675  0.981767  -0.012510  -0.010704  0.010673  0.999886  0.000516  -0.002079  -0.000189  -0.131097  -0.134854  1.025525  2.000000  
26.681312 0.007830  0.098809  -0.004917  0.981708  0.190197  0.008695  -0.190079  0.981685  -0.012803  -0.010971  0.010916  0.999880  0.000025  -0.002238  -0.000232  -0.139108  -0.143932  0.997647  2.000000  
26.682321 0.007827  0.098806  -0.004919  0.981626  0.190606  0.008907  -0.190483  0.981603  -0.013096  -0.011239  0.011158  0.999875  -0.000332  -0.002343  -0.000331  -0.147167  -0.148511  0.969710  2.000000  
26.683324 0.007823  0.098802  -0.004920  0.981505  0.191217  0.009115  -0.191088  0.981482  -0.013390  -0.011506  0.011401  0.999869  -0.000833  -0.002485  -0.000420  -0.155188  -0.157629  0.942088  2.000000  
26.684562 0.007819  0.098798  -0.004922  0.981424  0.191628  0.009302  -0.191492  0.981397  -0.013802  -0.011774  0.011765  0.999861  -0.001350  -0.002643  -0.000516  -0.167214  -0.166894  0.901005  2.000000  
26.685563 0.007815  0.098796  -0.004924  0.981381  0.191836  0.009492  -0.191693  0.981352  -0.014213  -0.012042  0.012129  0.999854  -0.001723  -0.002687  -0.000594  -0.176221  -0.177061  0.871759  2.000000  
26.687219 0.007810  0.098793  -0.004926  0.981338  0.192046  0.009659  -0.191895  0.981305  -0.014742  -0.012309  0.012614  0.999845  -0.002122  -0.002609  -0.000671  -0.190082  -0.179984  0.800271  2.000000  
26.688319 0.007804  0.098789  -0.004929  0.981254  0.192460  0.009953  -0.192298  0.981217  -0.015299  -0.012711  0.013099  0.999833  -0.002561  -0.002705  -0.000851  -0.201465  -0.188554  0.756885  2.000000  
26.689321 0.007800  0.098787  -0.004931  0.981210  0.192672  0.010250  -0.192499  0.981169  -0.015855  -0.013112  0.013584  0.999822  -0.002822  -0.002719  -0.000977  -0.214918  -0.199371  0.707633  2.000000  
26.690325 0.007796  0.098785  -0.004934  0.981127  0.193084  0.010436  -0.192902  0.981083  -0.016268  -0.013379  0.013947  0.999813  -0.003087  -0.002729  -0.001177  -0.226901  -0.204079  0.673042  2.000000  
26.691561 0.007792  0.098782  -0.004937  0.981082  0.193296  0.010733  -0.193103  0.981034  -0.016823  -0.013781  0.014432  0.999801  -0.003289  -0.002725  -0.001388  -0.238980  -0.213418  0.632000  2.000000  
26.692563 0.007789  0.098781  -0.004940  0.981036  0.193509  0.011029  -0.193304  0.980985  -0.017379  -0.014182  0.014917  0.999788  -0.003375  -0.002653  -0.001557  -0.251078  -0.222530  0.604485  2.000000  
26.693822 0.007786  0.098780  -0.004942  0.981033  0.193519  0.011198  -0.193303  0.980976  -0.017907  -0.014450  0.015403  0.999777  -0.003344  -0.002478  -0.001775  -0.262729  -0.227405  0.549061  2.000000  
26.694829 0.007785  0.098779  -0.004944  0.980989  0.193729  0.011386  -0.193504  0.980928  -0.018318  -0.014717  0.015766  0.999767  -0.003298  -0.002289  -0.001892  -0.274631  -0.232167  0.514485  2.000000  
26.696059 0.007783  0.098779  -0.004947  0.980943  0.193944  0.011658  -0.193705  0.980876  -0.018993  -0.015119  0.016372  0.999752  -0.003188  -0.002115  -0.001961  -0.288563  -0.239490  0.483357  2.000000  
26.697066 0.007782  0.098777  -0.004949  0.980939  0.193954  0.011826  -0.193704  0.980866  -0.019520  -0.015386  0.016857  0.999740  -0.003028  -0.001967  -0.002066  -0.306922  -0.246402  0.446022  2.000000  
26.698104 0.007781  0.098776  -0.004952  0.980895  0.194165  0.012014  -0.193905  0.980818  -0.019932  -0.015654  0.017221  0.999729  -0.002832  -0.001753  -0.002103  -0.314329  -0.250735  0.417778  2.000000  
26.699319 0.007781  0.098775  -0.004955  0.980849  0.194381  0.012286  -0.194106  0.980764  -0.020607  -0.016055  0.017827  0.999712  -0.002531  -0.001589  -0.002186  -0.326715  -0.255698  0.390747  2.000000  
26.700323 0.007782  0.098774  -0.004957  0.980843  0.194393  0.012609  -0.194105  0.980755  -0.021042  -0.016456  0.018191  0.999699  -0.002237  -0.001497  -0.002267  -0.334491  -0.260502  0.356205  2.000000  
26.701328 0.007783  0.098773  -0.004960  0.980838  0.194404  0.012777  -0.194104  0.980744  -0.021569  -0.016724  0.018676  0.999686  -0.001883  -0.001346  -0.002305  -0.346407  -0.265243  0.328656  2.000000  
26.702331 0.007785  0.098773  -0.004961  0.980792  0.194618  0.013095  -0.194305  0.980694  -0.022007  -0.017125  0.019040  0.999672  -0.001483  -0.001210  -0.002303  -0.350241  -0.269865  0.307984  2.000000  
26.703573 0.007786  0.098772  -0.004965  0.980747  0.194831  0.013259  -0.194506  0.980642  -0.022537  -0.017393  0.019525  0.999658  -0.001071  -0.001079  -0.002338  -0.358307  -0.270134  0.287433  2.000000  
26.704915 0.007789  0.098772  -0.004969  0.980740  0.194847  0.013534  -0.194504  0.980627  -0.023210  -0.017794  0.020131  0.999639  -0.000590  -0.000939  -0.002392  -0.365120  -0.273933  0.266046  2.000000  
26.706075 0.007791  0.098771  -0.004974  0.980733  0.194862  0.013833  -0.194503  0.980614  -0.023764  -0.018196  0.020616  0.999622  -0.000103  -0.000813  -0.002510  -0.374082  -0.284088  0.239443  2.000000  
26.707316 0.007795  0.098771  -0.004978  0.980688  0.195076  0.013996  -0.194704  0.980561  -0.024295  -0.018463  0.021101  0.999607  0.000305  -0.000684  -0.002632  -0.378137  -0.284287  0.225801  2.000000  
26.708573 0.007798  0.098771  -0.004983  0.980681  0.195091  0.014295  -0.194702  0.980548  -0.024849  -0.018864  0.021585  0.999589  0.000788  -0.000561  -0.002746  -0.381786  -0.284548  0.198196  2.000000  
26.709832 0.007802  0.098773  -0.004987  0.980633  0.195309  0.014588  -0.194903  0.980493  -0.025406  -0.019266  0.022070  0.999571  0.001226  -0.000434  -0.002845  -0.389646  -0.289086  0.184473  2.000000  
26.711080 0.007807  0.098774  -0.004990  0.980628  0.195321  0.014756  -0.194902  0.980480  -0.025933  -0.019533  0.022555  0.999555  0.001629  -0.000278  -0.002885  -0.393679  -0.284826  0.170743  2.000000  
26.712314 0.007811  0.098775  -0.004994  0.980580  0.195540  0.015049  -0.195102  0.980425  -0.026490  -0.019935  0.023040  0.999536  0.001939  -0.000138  -0.002977  -0.398808  -0.287239  0.162798  2.000000  
26.713332 0.007813  0.098775  -0.004998  0.980575  0.195551  0.015241  -0.195101  0.980414  -0.026899  -0.020202  0.023403  0.999522  0.002186  -0.000048  -0.003035  -0.401464  -0.289661  0.143364  2.000000  
26.714567 0.007817  0.098776  -0.005001  0.980530  0.195767  0.015402  -0.195302  0.980360  -0.027430  -0.020470  0.023888  0.999505  0.002396  0.000067  -0.003058  -0.405814  -0.289974  0.136692  2.000000  
26.715577 0.007820  0.098777  -0.005004  0.980527  0.195775  0.015462  -0.195301  0.980349  -0.027813  -0.020604  0.024252  0.999494  0.002526  0.000173  -0.003062  -0.405528  -0.285413  0.129732  2.000000  
26.716815 0.007823  0.098778  -0.005006  0.980481  0.195991  0.015624  -0.195502  0.980294  -0.028344  -0.020871  0.024737  0.999476  0.002656  0.000306  -0.003052  -0.411920  -0.286948  0.130576  2.000000  
26.718076 0.007827  0.098779  -0.005009  0.980476  0.196005  0.015791  -0.195501  0.980278  -0.028872  -0.021139  0.025221  0.999458  0.002738  0.000436  -0.003043  -0.409486  -0.281094  0.116085  2.000000  
26.719328 0.007830  0.098781  -0.005011  0.980433  0.196218  0.015821  -0.195702  0.980223  -0.029377  -0.021272  0.025706  0.999443  0.002792  0.000611  -0.002920  -0.405373  -0.271994  0.116042  2.000000  
26.720575 0.007833  0.098782  -0.005013  0.980387  0.196433  0.016006  -0.195903  0.980171  -0.029790  -0.021540  0.026070  0.999428  0.002822  0.000734  -0.002731  -0.401380  -0.263200  0.109104  2.000000  
26.721816 0.007836  0.098784  -0.005015  0.980344  0.196646  0.016035  -0.196104  0.980115  -0.030295  -0.021674  0.026555  0.999412  0.002818  0.000870  -0.002618  -0.402209  -0.256572  0.108243  2.000000  
26.723077 0.007838  0.098786  -0.005017  0.980338  0.196658  0.016226  -0.196103  0.980102  -0.030704  -0.021941  0.026918  0.999397  0.002724  0.000962  -0.002449  -0.397281  -0.254284  0.102248  2.000000  
26.724329 0.007840  0.098787  -0.005020  0.980295  0.196872  0.016255  -0.196304  0.980046  -0.031209  -0.022075  0.027403  0.999381  0.002609  0.001038  -0.002267  -0.393030  -0.245110  0.102140  2.000000  
26.725570 0.007842  0.098790  -0.005021  0.980251  0.197083  0.016308  -0.196506  0.979994  -0.031595  -0.022209  0.027767  0.999368  0.002443  0.001096  -0.002125  -0.389213  -0.240720  0.102208  2.000000  
26.726571 0.007843  0.098791  -0.005022  0.980251  0.197087  0.016260  -0.196506  0.979986  -0.031833  -0.022209  0.028009  0.999361  0.002293  0.001143  -0.001958  -0.381984  -0.229791  0.101241  2.000000  
26.727574 0.007845  0.098793  -0.005023  0.980208  0.197298  0.016313  -0.196707  0.979933  -0.032219  -0.022343  0.028373  0.999348  0.002201  0.001224  -0.001816  -0.381905  -0.225236  0.101197  2.000000  
26.728813 0.007846  0.098794  -0.005023  0.980164  0.197510  0.016366  -0.196908  0.979880  -0.032605  -0.022476  0.028736  0.999334  0.002045  0.001237  -0.001627  -0.374411  -0.216361  0.108085  2.000000  
26.729813 0.007847  0.098795  -0.005024  0.980164  0.197514  0.016318  -0.196908  0.979872  -0.032843  -0.022476  0.028979  0.999327  0.001935  0.001265  -0.001499  -0.369855  -0.202880  0.100860  2.000000  
26.730814 0.007848  0.098796  -0.005024  0.980121  0.197723  0.016394  -0.197109  0.979822  -0.033111  -0.022610  0.029221  0.999317  0.001785  0.001275  -0.001270  -0.361979  -0.198252  0.107704  2.000000  
26.732069 0.007849  0.098796  -0.005023  0.980121  0.197729  0.016322  -0.197109  0.979810  -0.033467  -0.022610  0.029585  0.999307  0.001622  0.001210  -0.001089  -0.356804  -0.182069  0.101364  2.000000  
26.733326 0.007850  0.098797  -0.005022  0.980077  0.197941  0.016374  -0.197310  0.979756  -0.033853  -0.022744  0.029948  0.999293  0.001485  0.001149  -0.000886  -0.349651  -0.175971  0.100441  2.000000  
26.734566 0.007851  0.098798  -0.005020  0.980037  0.198146  0.016319  -0.197512  0.979707  -0.034094  -0.022744  0.030191  0.999285  0.001352  0.001121  -0.000595  -0.341643  -0.164285  0.108293  2.000000  
26.735572 0.007852  0.098799  -0.005018  0.980037  0.198150  0.016271  -0.197512  0.979699  -0.034332  -0.022744  0.030433  0.999278  0.001274  0.001118  -0.000351  -0.336359  -0.154675  0.107726  2.000000  
26.736575 0.007853  0.098800  -0.005016  0.980037  0.198154  0.016223  -0.197512  0.979691  -0.034570  -0.022744  0.030675  0.999271  0.001207  0.001092  -0.000020  -0.332268  -0.145640  0.107532  2.000000  
26.737816 0.007855  0.098801  -0.005012  0.979996  0.198360  0.016168  -0.197714  0.979641  -0.034811  -0.022744  0.030918  0.999263  0.001160  0.001058  0.000349  -0.324387  -0.132220  0.107314  2.000000  
26.738834 0.007856  0.098802  -0.005010  0.979996  0.198364  0.016120  -0.197714  0.979633  -0.035048  -0.022744  0.031160  0.999256  0.001084  0.001010  0.000651  -0.315720  -0.123221  0.100085  2.000000  
26.740074 0.007857  0.098804  -0.005006  0.979952  0.198573  0.016195  -0.197915  0.979583  -0.035316  -0.022878  0.031403  0.999245  0.001073  0.000982  0.000956  -0.307904  -0.114074  0.106854  2.000000  
26.741317 0.007858  0.098804  -0.005003  0.979952  0.198577  0.016147  -0.197915  0.979574  -0.035554  -0.022878  0.031645  0.999237  0.000992  0.000883  0.001210  -0.299821  -0.105065  0.106670  2.000000  
26.742320 0.007859  0.098805  -0.005001  0.979952  0.198581  0.016099  -0.197915  0.979566  -0.035791  -0.022878  0.031887  0.999230  0.000973  0.000862  0.001461  -0.295619  -0.096235  0.099541  2.000000  
26.743330 0.007859  0.098806  -0.004999  0.979911  0.198787  0.016044  -0.198117  0.979516  -0.036032  -0.022878  0.032130  0.999222  0.000913  0.000814  0.001653  -0.291536  -0.086971  0.106174  2.000000  
26.744333 0.007860  0.098807  -0.004996  0.979911  0.198789  0.016019  -0.198117  0.979512  -0.036151  -0.022878  0.032251  0.999218  0.000926  0.000841  0.001885  -0.283251  -0.078154  0.099031  2.000000  
26.745569 0.007861  0.098809  -0.004992  0.979911  0.198793  0.015971  -0.198117  0.979503  -0.036389  -0.022878  0.032493  0.999210  0.000877  0.000868  0.002156  -0.277120  -0.073087  0.098196  2.000000  
26.746827 0.007862  0.098810  -0.004989  0.979871  0.198996  0.015940  -0.198318  0.979457  -0.036511  -0.022878  0.032615  0.999206  0.000885  0.000938  0.002335  -0.263002  -0.064635  0.098735  2.000000  
26.748068 0.007862  0.098811  -0.004986  0.979871  0.199000  0.015891  -0.198318  0.979449  -0.036748  -0.022878  0.032857  0.999198  0.000850  0.000963  0.002452  -0.256912  -0.055181  0.097722  2.000000  
26.749072 0.007863  0.098813  -0.004983  0.979871  0.199002  0.015867  -0.198318  0.979444  -0.036867  -0.022878  0.032978  0.999194  0.000817  0.001010  0.002585  -0.248633  -0.050890  0.090728  2.000000  
26.750330 0.007864  0.098814  -0.004980  0.979871  0.199006  0.015819  -0.198318  0.979435  -0.037105  -0.022878  0.033221  0.999186  0.000804  0.001013  0.002619  -0.242353  -0.042485  0.084301  2.000000  
26.751575 0.007865  0.098816  -0.004977  0.979833  0.199205  0.015656  -0.198521  0.979390  -0.037200  -0.022744  0.033342  0.999185  0.000760  0.001044  0.002591  -0.230099  -0.033466  0.084036  2.000000  
26.752829 0.007866  0.098818  -0.004974  0.979833  0.199207  0.015632  -0.198521  0.979386  -0.037319  -0.022744  0.033463  0.999181  0.000754  0.001106  0.002612  -0.222009  -0.024464  0.083791  2.000000  
26.754078 0.007867  0.098820  -0.004970  0.979833  0.199211  0.015584  -0.198521  0.979377  -0.037557  -0.022744  0.033705  0.999173  0.000716  0.001155  0.002542  -0.213724  -0.020151  0.076754  2.000000  
26.755324 0.007868  0.098822  -0.004968  0.979792  0.199414  0.015552  -0.198722  0.979331  -0.037679  -0.022744  0.033827  0.999169  0.000713  0.001240  0.002521  -0.207921  -0.015513  0.075987  2.000000  
26.756567 0.007868  0.098824  -0.004966  0.979792  0.199418  0.015503  -0.198722  0.979322  -0.037916  -0.022744  0.034069  0.999161  0.000675  0.001286  0.002450  -0.203892  -0.015491  0.075997  2.000000  
26.757570 0.007869  0.098826  -0.004964  0.979792  0.199420  0.015479  -0.198722  0.979317  -0.038035  -0.022744  0.034190  0.999157  0.000699  0.001358  0.002418  -0.195638  -0.011228  0.068997  2.000000  
26.758571 0.007869  0.098827  -0.004962  0.979751  0.199625  0.015423  -0.198924  0.979267  -0.038276  -0.022744  0.034433  0.999148  0.000652  0.001373  0.002378  -0.193138  -0.006803  0.069412  2.000000  
26.759575 0.007870  0.098829  -0.004961  0.979751  0.199627  0.015399  -0.198924  0.979262  -0.038394  -0.022744  0.034554  0.999144  0.000631  0.001428  0.002298  -0.189027  -0.006789  0.069401  2.000000  
26.760809 0.007871  0.098832  -0.004959  0.979751  0.199629  0.015374  -0.198924  0.979258  -0.038513  -0.022744  0.034675  0.999140  0.000674  0.001493  0.002121  -0.183380  -0.002485  0.061868  2.000000  
26.761812 0.007872  0.098833  -0.004958  0.979710  0.199832  0.015342  -0.199126  0.979212  -0.038635  -0.022744  0.034796  0.999136  0.000711  0.001560  0.002054  -0.175423  -0.002249  0.068717  2.000000  
26.762815 0.007873  0.098835  -0.004957  0.979710  0.199836  0.015294  -0.199126  0.979203  -0.038873  -0.022744  0.035039  0.999127  0.000734  0.001616  0.001890  -0.176756  0.002020  0.062238  2.000000  
26.764067 0.007875  0.098837  -0.004957  0.979710  0.199838  0.015269  -0.199126  0.979198  -0.038991  -0.022744  0.035160  0.999123  0.000816  0.001654  0.001733  0.000000  0.000000  0.000000  2.000000  
26.765320 0.007877  0.098839  -0.004956  0.979669  0.200041  0.015237  -0.199328  0.979152  -0.039113  -0.022744  0.035281  0.999119  0.000861  0.001685  0.001546  0.000000  0.000000  0.000000  2.000000  
26.766574 0.007878  0.098841  -0.004956  0.979669  0.200043  0.015213  -0.199328  0.979147  -0.039232  -0.022744  0.035402  0.999114  0.000914  0.001693  0.001368  0.000000  0.000000  0.000000  2.000000  
26.767816 0.007880  0.098842  -0.004956  0.979628  0.200247  0.015181  -0.199529  0.979101  -0.039354  -0.022744  0.035523  0.999110  0.000949  0.001652  0.001180  0.000000  0.000000  0.000000  2.000000  
26.769067 0.007882  0.098844  -0.004956  0.979628  0.200247  0.015181  -0.199529  0.979101  -0.039354  -0.022744  0.035523  0.999110  0.001032  0.001613  0.000988  0.000000  0.000000  0.000000  2.000000  
26.770334 0.007884  0.098845  -0.004956  0.979628  0.200249  0.015156  -0.199529  0.979097  -0.039473  -0.022744  0.035645  0.999106  0.001092  0.001493  0.000786  0.000000  0.000000  0.000000  2.000000  
26.771562 0.007886  0.098846  -0.004955  0.979584  0.200457  0.015255  -0.199730  0.979050  -0.039621  -0.022878  0.035766  0.999098  0.001202  0.001474  0.000701  0.000000  0.000000  0.000000  2.000000  
26.772823 0.007888  0.098847  -0.004955  0.979584  0.200459  0.015230  -0.199730  0.979045  -0.039740  -0.022878  0.035887  0.999094  0.001253  0.001358  0.000529  0.000000  0.000000  0.000000  2.000000  
26.773826 0.007889  0.098848  -0.004955  0.979543  0.200662  0.015198  -0.199932  0.978999  -0.039862  -0.022878  0.036008  0.999090  0.001353  0.001332  0.000434  0.000000  0.000000  0.000000  2.000000  
26.775063 0.007891  0.098849  -0.004955  0.979543  0.200662  0.015198  -0.199932  0.978999  -0.039862  -0.022878  0.036008  0.999090  0.001377  0.001280  0.000336  0.000000  0.000000  0.000000  2.000000  
26.776330 0.007893  0.098850  -0.004955  0.979501  0.200865  0.015165  -0.200134  0.978952  -0.039984  -0.022878  0.036129  0.999085  0.001425  0.001138  0.000202  0.000000  0.000000  0.000000  2.000000  
26.777562 0.007894  0.098851  -0.004955  0.979501  0.200865  0.015165  -0.200134  0.978952  -0.039984  -0.022878  0.036129  0.999085  0.001399  0.001032  0.000145  0.000000  0.000000  0.000000  2.000000  
26.778570 0.007895  0.098851  -0.004955  0.979460  0.201069  0.015133  -0.200335  0.978906  -0.040106  -0.022878  0.036250  0.999081  0.001398  0.000953  0.000110  0.000000  0.000000  0.000000  2.000000  
26.779579 0.007896  0.098852  -0.004955  0.979460  0.201069  0.015133  -0.200335  0.978906  -0.040106  -0.022878  0.036250  0.999081  0.001377  0.000901  0.000098  0.000000  0.000000  0.000000  2.000000  
26.780813 0.007898  0.098852  -0.004955  0.979460  0.201070  0.015108  -0.200335  0.978901  -0.040224  -0.022878  0.036372  0.999076  0.001346  0.000814  0.000095  0.000000  0.000000  0.000000  2.000000  
26.781814 0.007898  0.098853  -0.004955  0.979419  0.201272  0.015100  -0.200537  0.978860  -0.040228  -0.022878  0.036372  0.999076  0.001303  0.000786  0.000108  0.000000  0.000000  0.000000  2.000000  
26.782818 0.007898  0.098853  -0.004954  0.979419  0.201272  0.015100  -0.200537  0.978860  -0.040228  -0.022878  0.036372  0.999076  0.001211  0.000716  0.000114  0.000000  0.000000  0.000000  2.000000  
26.783821 0.007899  0.098853  -0.004954  0.979381  0.201469  0.014961  -0.200739  0.978819  -0.040204  -0.022744  0.036372  0.999079  0.001118  0.000606  0.000094  0.000000  0.000000  0.000000  2.000000  
26.785061 0.007899  0.098853  -0.004954  0.979381  0.201469  0.014961  -0.200739  0.978819  -0.040204  -0.022744  0.036372  0.999079  0.000987  0.000514  0.000097  0.000000  0.000000  0.000000  2.000000  
26.786061 0.007899  0.098853  -0.004954  0.979381  0.201469  0.014961  -0.200739  0.978819  -0.040204  -0.022744  0.036372  0.999079  0.000908  0.000480  0.000079  0.000000  0.000000  0.000000  2.000000  
26.787063 0.007898  0.098852  -0.004954  0.979381  0.201469  0.014961  -0.200739  0.978819  -0.040204  -0.022744  0.036372  0.999079  0.000775  0.000346  0.000072  0.000000  0.000000  0.000000  2.000000  
26.788318 0.007898  0.098851  -0.004955  0.979339  0.201670  0.014953  -0.200941  0.978778  -0.040207  -0.022744  0.036372  0.999079  0.000625  0.000257  0.000046  0.000000  0.000000  0.000000  2.000000  
26.789320 0.007898  0.098851  -0.004954  0.979339  0.201670  0.014953  -0.200941  0.978778  -0.040207  -0.022744  0.036372  0.999079  0.000500  0.000177  0.000084  0.000000  0.000000  0.000000  2.000000  
26.790561 0.007897  0.098851  -0.004954  0.979339  0.201670  0.014953  -0.200941  0.978778  -0.040207  -0.022744  0.036372  0.999079  0.000366  0.000119  0.000112  0.000000  0.000000  0.000000  2.000000  
26.791566 0.007897  0.098850  -0.004954  0.979339  0.201668  0.014977  -0.200941  0.978783  -0.040088  -0.022744  0.036250  0.999084  0.000241  0.000005  0.000063  0.000000  0.000000  0.000000  2.000000  
26.792812 0.007896  0.098851  -0.004953  0.979298  0.201870  0.014969  -0.201142  0.978741  -0.040091  -0.022744  0.036250  0.999084  0.000111  0.000001  0.000135  0.000000  0.000000  0.000000  2.000000  
26.793829 0.007896  0.098850  -0.004954  0.979298  0.201870  0.014969  -0.201142  0.978741  -0.040091  -0.022744  0.036250  0.999084  0.000011  -0.000085  0.000108  0.000000  0.000000  0.000000  2.000000  
26.795065 0.007895  0.098850  -0.004953  0.979298  0.201870  0.014969  -0.201142  0.978741  -0.040091  -0.022744  0.036250  0.999084  -0.000113  -0.000146  0.000102  0.000000  0.000000  0.000000  2.000000  
26.796068 0.007895  0.098850  -0.004953  0.979298  0.201870  0.014969  -0.201142  0.978741  -0.040091  -0.022744  0.036250  0.999084  -0.000197  -0.000201  0.000128  0.000000  0.000000  0.000000  2.000000  
26.797314 0.007894  0.098850  -0.004952  0.979298  0.201870  0.014969  -0.201142  0.978741  -0.040091  -0.022744  0.036250  0.999084  -0.000277  -0.000251  0.000151  0.000000  0.000000  0.000000  2.000000  
26.798327 0.007894  0.098849  -0.004952  0.979298  0.201868  0.014993  -0.201142  0.978746  -0.039973  -0.022744  0.036129  0.999088  -0.000320  -0.000262  0.000123  0.000000  0.000000  0.000000  2.000000  
26.799566 0.007893  0.098848  -0.004953  0.979298  0.201868  0.014993  -0.201142  0.978746  -0.039973  -0.022744  0.036129  0.999088  -0.000386  -0.000313  0.000112  0.000000  0.000000  0.000000  2.000000  
26.800569 0.007892  0.098848  -0.004953  0.979339  0.201667  0.015002  -0.200941  0.978788  -0.039970  -0.022744  0.036129  0.999088  -0.000431  -0.000326  0.000083  0.000000  0.000000  0.000000  2.000000  
26.801819 0.007892  0.098847  -0.004953  0.979339  0.201665  0.015026  -0.200941  0.978792  -0.039851  -0.022744  0.036008  0.999093  -0.000431  -0.000326  0.000083  0.000000  0.000000  0.000000  2.000000  
26.803074 0.007892  0.098847  -0.004953  0.979339  0.201665  0.015026  -0.200941  0.978792  -0.039851  -0.022744  0.036008  0.999093  -0.000431  -0.000326  0.000083  0.000000  0.000000  0.000000  2.000000  
26.804329 0.007891  0.098846  -0.004954  0.979339  0.201665  0.015026  -0.200941  0.978792  -0.039851  -0.022744  0.036008  0.999093  -0.000427  -0.000305  0.000039  0.000000  0.000000  0.000000  2.000000  
26.805563 0.007891  0.098846  -0.004954  0.979339  0.201663  0.015050  -0.200941  0.978797  -0.039732  -0.022744  0.035887  0.999097  -0.000402  -0.000311  -0.000029  0.000000  0.000000  0.000000  2.000000  
26.806816 0.007891  0.098846  -0.004956  0.979339  0.201663  0.015050  -0.200941  0.978797  -0.039732  -0.022744  0.035887  0.999097  -0.000364  -0.000319  -0.000131  0.000000  0.000000  0.000000  2.000000  
26.807821 0.007892  0.098846  -0.004956  0.979339  0.201661  0.015075  -0.200941  0.978802  -0.039613  -0.022744  0.035766  0.999101  -0.000302  -0.000320  -0.000170  0.000000  0.000000  0.000000  2.000000  
26.809066 0.007891  0.098845  -0.004957  0.979381  0.201460  0.015083  -0.200739  0.978844  -0.039610  -0.022744  0.035766  0.999101  -0.000301  -0.000333  -0.000302  0.000000  0.000000  0.000000  2.000000  
26.810331 0.007892  0.098845  -0.004958  0.979381  0.201458  0.015107  -0.200739  0.978848  -0.039491  -0.022744  0.035645  0.999106  -0.000232  -0.000311  -0.000383  0.000000  0.000000  0.000000  2.000000  
26.811560 0.007892  0.098846  -0.004959  0.979381  0.201458  0.015107  -0.200739  0.978848  -0.039491  -0.022744  0.035645  0.999106  -0.000184  -0.000260  -0.000433  0.000000  0.000000  0.000000  2.000000  
26.812564 0.007892  0.098845  -0.004960  0.979381  0.201458  0.015107  -0.200739  0.978848  -0.039491  -0.022744  0.035645  0.999106  -0.000146  -0.000268  -0.000534  0.000000  0.000000  0.000000  2.000000  
26.813810 0.007892  0.098845  -0.004961  0.979384  0.201451  0.015001  -0.200740  0.978854  -0.039346  -0.022610  0.035523  0.999113  -0.000101  -0.000222  -0.000590  0.000000  0.000000  0.000000  2.000000  
26.814814 0.007892  0.098845  -0.004962  0.979384  0.201451  0.015001  -0.200740  0.978854  -0.039346  -0.022610  0.035523  0.999113  -0.000059  -0.000195  -0.000602  0.000000  0.000000  0.000000  2.000000  
26.815824 0.007892  0.098845  -0.004962  0.979384  0.201451  0.015001  -0.200740  0.978854  -0.039346  -0.022610  0.035523  0.999113  -0.000018  -0.000172  -0.000625  0.000000  0.000000  0.000000  2.000000  
26.817062 0.007892  0.098845  -0.004963  0.979384  0.201450  0.015025  -0.200740  0.978859  -0.039227  -0.022610  0.035402  0.999117  -0.000023  -0.000127  -0.000668  0.000000  0.000000  0.000000  2.000000  
26.818329 0.007892  0.098845  -0.004964  0.979384  0.201450  0.015025  -0.200740  0.978859  -0.039227  -0.022610  0.035402  0.999117  0.000049  -0.000072  -0.000670  0.000000  0.000000  0.000000  2.000000  
26.819563 0.007892  0.098845  -0.004964  0.979342  0.201649  0.015042  -0.200941  0.978822  -0.039112  -0.022610  0.035281  0.999122  0.000052  -0.000051  -0.000703  0.000000  0.000000  0.000000  2.000000  
26.820565 0.007892  0.098846  -0.004965  0.979342  0.201649  0.015042  -0.200941  0.978822  -0.039112  -0.022610  0.035281  0.999122  0.000031  -0.000027  -0.000691  0.000000  0.000000  0.000000  2.000000  
26.821829 0.007892  0.098846  -0.004966  0.979342  0.201647  0.015066  -0.200941  0.978827  -0.038993  -0.022610  0.035160  0.999126  0.000051  0.000026  -0.000678  0.000000  0.000000  0.000000  2.000000  
26.823060 0.007892  0.098846  -0.004967  0.979342  0.201646  0.015091  -0.200941  0.978832  -0.038874  -0.022610  0.035039  0.999130  0.000063  0.000022  -0.000701  0.000000  0.000000  0.000000  2.000000  
26.824064 0.007893  0.098846  -0.004967  0.979342  0.201646  0.015091  -0.200941  0.978832  -0.038874  -0.022610  0.035039  0.999130  0.000080  0.000054  -0.000647  0.000000  0.000000  0.000000  2.000000  
26.825064 0.007892  0.098846  -0.004968  0.979345  0.201641  0.014960  -0.200942  0.978833  -0.038847  -0.022476  0.035039  0.999133  0.000050  0.000025  -0.000668  0.000000  0.000000  0.000000  2.000000  
26.826323 0.007892  0.098846  -0.004968  0.979345  0.201639  0.014984  -0.200942  0.978837  -0.038728  -0.022476  0.034918  0.999137  0.000047  0.000006  -0.000625  0.000000  0.000000  0.000000  2.000000  
26.827326 0.007892  0.098845  -0.004969  0.979304  0.201841  0.014976  -0.201144  0.978796  -0.038732  -0.022476  0.034918  0.999137  0.000035  0.000008  -0.000600  0.000000  0.000000  0.000000  2.000000  
26.828571 0.007893  0.098845  -0.004970  0.979304  0.201839  0.015001  -0.201144  0.978800  -0.038613  -0.022476  0.034796  0.999142  0.000053  -0.000037  -0.000581  0.000000  0.000000  0.000000  2.000000  
26.829818 0.007892  0.098844  -0.004970  0.979304  0.201839  0.015001  -0.201144  0.978800  -0.038613  -0.022476  0.034796  0.999142  0.000023  -0.000067  -0.000602  0.000000  0.000000  0.000000  2.000000  
26.831069 0.007893  0.098844  -0.004971  0.979304  0.201837  0.015025  -0.201144  0.978805  -0.038494  -0.022476  0.034675  0.999146  0.000062  -0.000060  -0.000571  0.000000  0.000000  0.000000  2.000000  
26.832077 0.007893  0.098844  -0.004971  0.979304  0.201837  0.015025  -0.201144  0.978805  -0.038494  -0.022476  0.034675  0.999146  0.000071  -0.000082  -0.000561  0.000000  0.000000  0.000000  2.000000  
26.833331 0.007893  0.098844  -0.004972  0.979304  0.201835  0.015050  -0.201144  0.978810  -0.038375  -0.022476  0.034554  0.999150  0.000089  -0.000127  -0.000541  0.000000  0.000000  0.000000  2.000000  
26.834561 0.007894  0.098843  -0.004973  0.979304  0.201835  0.015050  -0.201144  0.978810  -0.038375  -0.022476  0.034554  0.999150  0.000109  -0.000150  -0.000556  0.000000  0.000000  0.000000  2.000000  
26.835563 0.007893  0.098842  -0.004973  0.979307  0.201829  0.014943  -0.201144  0.978815  -0.038230  -0.022343  0.034433  0.999157  0.000098  -0.000224  -0.000558  0.000000  0.000000  0.000000  2.000000  
26.836566 0.007894  0.098842  -0.004974  0.979307  0.201829  0.014943  -0.201144  0.978815  -0.038230  -0.022343  0.034433  0.999157  0.000109  -0.000251  -0.000558  0.000000  0.000000  0.000000  2.000000  
26.837826 0.007894  0.098841  -0.004974  0.979307  0.201827  0.014968  -0.201144  0.978820  -0.038111  -0.022343  0.034312  0.999161  0.000075  -0.000300  -0.000534  0.000000  0.000000  0.000000  2.000000  
26.839075 0.007894  0.098841  -0.004975  0.979307  0.201827  0.014968  -0.201144  0.978820  -0.038111  -0.022343  0.034312  0.999161  0.000114  -0.000293  -0.000503  0.000000  0.000000  0.000000  2.000000  
26.840316 0.007894  0.098841  -0.004976  0.979307  0.201825  0.014992  -0.201144  0.978825  -0.037992  -0.022343  0.034191  0.999166  0.000093  -0.000346  -0.000515  0.000000  0.000000  0.000000  2.000000  
26.841566 0.007894  0.098841  -0.004977  0.979307  0.201825  0.014992  -0.201144  0.978825  -0.037992  -0.022343  0.034191  0.999166  0.000125  -0.000321  -0.000502  0.000000  0.000000  0.000000  2.000000  
26.842812 0.007894  0.098840  -0.004977  0.979307  0.201823  0.015017  -0.201144  0.978829  -0.037874  -0.022343  0.034069  0.999170  0.000104  -0.000343  -0.000540  0.000000  0.000000  0.000000  2.000000  
26.843819 0.007894  0.098840  -0.004978  0.979307  0.201823  0.015017  -0.201144  0.978829  -0.037874  -0.022343  0.034069  0.999170  0.000097  -0.000326  -0.000559  0.000000  0.000000  0.000000  2.000000  
26.845079 0.007894  0.098840  -0.004979  0.979310  0.201819  0.014886  -0.201145  0.978830  -0.037847  -0.022209  0.034069  0.999173  0.000139  -0.000299  -0.000571  0.000000  0.000000  0.000000  2.000000  
26.846315 0.007894  0.098840  -0.004980  0.979268  0.202019  0.014902  -0.201346  0.978793  -0.037731  -0.022209  0.033948  0.999177  0.000104  -0.000286  -0.000647  0.000000  0.000000  0.000000  2.000000  
26.847326 0.007895  0.098840  -0.004981  0.979268  0.202019  0.014902  -0.201346  0.978793  -0.037731  -0.022209  0.033948  0.999177  0.000108  -0.000266  -0.000691  0.000000  0.000000  0.000000  2.000000  
26.848562 0.007895  0.098840  -0.004982  0.979268  0.202019  0.014902  -0.201346  0.978793  -0.037731  -0.022209  0.033948  0.999177  0.000123  -0.000230  -0.000625  0.000000  0.000000  0.000000  2.000000  
26.849808 0.007895  0.098840  -0.004983  0.979268  0.202017  0.014927  -0.201346  0.978798  -0.037612  -0.022209  0.033827  0.999181  0.000118  -0.000188  -0.000678  0.000000  0.000000  0.000000  2.000000  
26.850813 0.007896  0.098840  -0.004983  0.979271  0.202012  0.014796  -0.201347  0.978799  -0.037585  -0.022075  0.033827  0.999184  0.000138  -0.000136  -0.000667  0.000000  0.000000  0.000000  2.000000  
26.852064 0.007896  0.098841  -0.004983  0.979271  0.202012  0.014796  -0.201347  0.978799  -0.037585  -0.022075  0.033827  0.999184  0.000148  -0.000083  -0.000633  0.000000  0.000000  0.000000  2.000000  
26.853324 0.007896  0.098841  -0.004984  0.979271  0.202011  0.014820  -0.201347  0.978803  -0.037467  -0.022075  0.033706  0.999188  0.000178  -0.000054  -0.000611  0.000000  0.000000  0.000000  2.000000  
26.854557 0.007897  0.098841  -0.004985  0.979274  0.202006  0.014690  -0.201348  0.978804  -0.037440  -0.021941  0.033706  0.999191  0.000208  -0.000004  -0.000624  0.000000  0.000000  0.000000  2.000000  
26.855559 0.007897  0.098841  -0.004985  0.979274  0.202006  0.014690  -0.201348  0.978804  -0.037440  -0.021941  0.033706  0.999191  0.000228  0.000048  -0.000613  0.000000  0.000000  0.000000  2.000000  
26.856813 0.007898  0.098842  -0.004985  0.979274  0.202004  0.014714  -0.201348  0.978809  -0.037321  -0.021941  0.033585  0.999195  0.000257  0.000077  -0.000592  0.000000  0.000000  0.000000  2.000000  
