1-Time 2-Px 3-Py 4-Pz 5-R11 6-R21 7-R31 8-R12 9-R22 10-R32 11-R13 12-R23 13-R33 14-Vx 15-Vy 16-Vz 17-Wx 18-Wy 19-Wz 20-state 21-PR11 22-PR21 23-PR31 24-PR12 25-PR22 26-PR32 27-PR13 28-PR23 29-PR33 
216.502894 0.014006  0.100997  -0.009107  0.981683  0.188671  0.026477  -0.189026  0.981904  0.011577  -0.023814  -0.016370  0.999582  -0.000005  -0.000037  -0.000095  0.000000  0.000000  0.000000  2.000000  
216.503905 0.014006  0.100996  -0.009107  0.981647  0.188876  0.026348  -0.189229  0.981865  0.011597  -0.023680  -0.016370  0.999586  0.000007  -0.000040  -0.000134  0.000000  0.000000  0.000000  2.000000  
216.505153 0.014010  0.100999  -0.009106  0.981449  0.189884  0.026492  -0.190239  0.981670  0.011544  -0.023814  -0.016370  0.999582  0.000261  0.000125  -0.000028  0.000000  0.000000  0.000000  2.000000  
216.506403 0.014015  0.101001  -0.009105  0.981207  0.191092  0.026768  -0.191449  0.981436  0.011460  -0.024081  -0.016370  0.999576  0.000581  0.000291  0.000037  0.000000  0.000000  0.000000  2.000000  
216.507651 0.014019  0.101002  -0.009105  0.981046  0.191895  0.026932  -0.192257  0.981277  0.011531  -0.024215  -0.016491  0.999571  0.000853  0.000369  0.000066  0.000000  0.000000  0.000000  2.000000  
216.508654 0.014024  0.101004  -0.009105  0.980963  0.192297  0.027068  -0.192660  0.981198  0.011495  -0.024349  -0.016491  0.999567  0.001166  0.000476  0.000081  0.000000  0.000000  0.000000  2.000000  
216.509902 0.014031  0.101008  -0.009105  0.980768  0.193309  0.026949  -0.193670  0.980999  0.011493  -0.024215  -0.016491  0.999571  0.001664  0.000731  0.000100  0.000000  0.000000  0.000000  2.000000  
216.511149 0.014038  0.101012  -0.009104  0.980497  0.194729  0.026572  -0.195085  0.980718  0.011532  -0.023814  -0.016491  0.999580  0.002170  0.001046  0.000168  -0.000268  0.019525  0.180188  2.000000  
216.512150 0.014044  0.101015  -0.009102  0.980218  0.196141  0.026481  -0.196499  0.980435  0.011639  -0.023680  -0.016612  0.999582  0.002573  0.001248  0.000252  0.002655  0.023211  0.228667  2.000000  
216.513398 0.014052  0.101018  -0.009103  0.979852  0.197954  0.026527  -0.198315  0.980068  0.011709  -0.023680  -0.016734  0.999580  0.003109  0.001452  0.000254  0.005024  0.021874  0.295434  2.000000  
216.514402 0.014059  0.101022  -0.009103  0.979565  0.199366  0.026544  -0.199727  0.979782  0.011671  -0.023680  -0.016734  0.999580  0.003604  0.001707  0.000272  0.003900  0.021258  0.346361  2.000000  
216.515649 0.014070  0.101027  -0.009102  0.979146  0.201375  0.026854  -0.201742  0.979369  0.011681  -0.023948  -0.016855  0.999571  0.004352  0.002090  0.000300  0.006282  0.006592  0.415203  2.000000  
216.516672 0.014080  0.101033  -0.009101  0.978767  0.203184  0.027031  -0.203555  0.978993  0.011722  -0.024081  -0.016976  0.999566  0.004974  0.002444  0.000420  0.008816  0.001032  0.477001  2.000000  
216.517906 0.014091  0.101039  -0.009098  0.978298  0.205393  0.027344  -0.205769  0.978530  0.011725  -0.024349  -0.017097  0.999557  0.005776  0.002875  0.000578  0.010980  -0.009261  0.553190  2.000000  
216.519152 0.014105  0.101046  -0.009096  0.977872  0.207404  0.027393  -0.207783  0.978104  0.011787  -0.024349  -0.017218  0.999555  0.006583  0.003300  0.000700  0.013246  -0.015069  0.629257  2.000000  
216.520152 0.014116  0.101051  -0.009096  0.977488  0.209214  0.027310  -0.209595  0.977716  0.011883  -0.024215  -0.017340  0.999556  0.007081  0.003502  0.000662  0.015856  -0.011660  0.691528  2.000000  
216.521153 0.014127  0.101057  -0.009096  0.977145  0.210823  0.027224  -0.211205  0.977368  0.011985  -0.024081  -0.017461  0.999558  0.007629  0.003779  0.000636  0.018641  -0.008143  0.746919  2.000000  
216.522402 0.014141  0.101063  -0.009094  0.976708  0.212832  0.027275  -0.213217  0.976931  0.012047  -0.024081  -0.017582  0.999555  0.008292  0.004083  0.000740  0.021101  -0.013859  0.816031  2.000000  
216.523651 0.014156  0.101066  -0.009094  0.976220  0.215038  0.027459  -0.215427  0.976445  0.012075  -0.024215  -0.017703  0.999550  0.008829  0.004149  0.000714  0.023289  -0.019704  0.892170  2.000000  
216.524666 0.014170  0.101070  -0.009094  0.975812  0.216842  0.027742  -0.217234  0.976046  0.011966  -0.024483  -0.017703  0.999543  0.009391  0.004223  0.000739  0.021642  -0.029737  0.953626  2.000000  
216.525900 0.014187  0.101075  -0.009093  0.975270  0.219247  0.027929  -0.219644  0.975507  0.011986  -0.024616  -0.017824  0.999538  0.010056  0.004224  0.000710  0.023475  -0.035844  1.043955  2.000000  
216.526902 0.014200  0.101078  -0.009093  0.974903  0.220848  0.028105  -0.221249  0.975143  0.012029  -0.024750  -0.017945  0.999533  0.010466  0.004197  0.000653  0.025990  -0.045475  1.090181  2.000000  
216.527904 0.014212  0.101079  -0.009093  0.974534  0.222451  0.028256  -0.222853  0.974779  0.011953  -0.024884  -0.017945  0.999529  0.010926  0.004158  0.000650  0.024775  -0.051287  1.154234  2.000000  
216.529148 0.014228  0.101080  -0.009092  0.974117  0.224254  0.028408  -0.224658  0.974365  0.011871  -0.025018  -0.017945  0.999526  0.011446  0.003964  0.000716  0.023177  -0.056859  1.216605  2.000000  
216.530149 0.014241  0.101081  -0.009093  0.973788  0.225652  0.028583  -0.226061  0.974040  0.011918  -0.025151  -0.018067  0.999520  0.011670  0.003745  0.000675  0.025855  -0.066216  1.254583  2.000000  
216.531150 0.014255  0.101082  -0.009093  0.973415  0.227253  0.028630  -0.227664  0.973666  0.011989  -0.025151  -0.018188  0.999518  0.012029  0.003464  0.000597  0.028785  -0.067786  1.320099  2.000000  
216.532151 0.014268  0.101083  -0.009093  0.973035  0.228850  0.028807  -0.229266  0.973289  0.012029  -0.025285  -0.018309  0.999513  0.012239  0.003216  0.000463  0.031243  -0.073441  1.382259  2.000000  
216.533155 0.014280  0.101083  -0.009093  0.972701  0.230250  0.028955  -0.230667  0.972959  0.011956  -0.025419  -0.018309  0.999509  0.012423  0.002821  0.000284  0.029962  -0.078786  1.430776  2.000000  
216.534156 0.014292  0.101083  -0.009093  0.972364  0.231646  0.029130  -0.232068  0.972625  0.012002  -0.025553  -0.018430  0.999504  0.012520  0.002476  0.000236  0.033182  -0.088456  1.465034  2.000000  
216.535159 0.014304  0.101083  -0.009094  0.972022  0.233043  0.029408  -0.233468  0.972292  0.011897  -0.025820  -0.018430  0.999497  0.012568  0.002043  0.000152  0.032546  -0.093195  1.478840  2.000000  
216.536403 0.014319  0.101083  -0.009095  0.971629  0.234639  0.029687  -0.235067  0.971908  0.011786  -0.026088  -0.018430  0.999490  0.012601  0.001648  0.000031  0.031820  -0.093487  1.493480  2.000000  
216.537655 0.014332  0.101081  -0.009096  0.971185  0.236431  0.029997  -0.236865  0.971471  0.011785  -0.026355  -0.018551  0.999480  0.012548  0.001156  -0.000115  0.030526  -0.094225  1.527255  2.000000  
216.538664 0.014341  0.101078  -0.009097  0.970888  0.237632  0.030113  -0.238063  0.971180  0.011598  -0.026489  -0.018430  0.999479  0.012283  0.000693  -0.000198  0.025635  -0.099079  1.554353  2.000000  
216.539903 0.014353  0.101076  -0.009097  0.970537  0.239027  0.030389  -0.239461  0.970838  0.011491  -0.026757  -0.018430  0.999472  0.011952  0.000242  -0.000192  0.025292  -0.117338  1.568431  2.000000  
216.540903 0.014361  0.101074  -0.009097  0.970287  0.240023  0.030531  -0.240459  0.970592  0.011428  -0.026890  -0.018429  0.999468  0.011596  -0.000144  -0.000277  0.025571  -0.130694  1.561156  2.000000  
216.541906 0.014370  0.101072  -0.009097  0.970035  0.241024  0.030643  -0.241456  0.970347  0.011246  -0.027024  -0.018308  0.999467  0.011298  -0.000466  -0.000315  0.017277  -0.138541  1.548219  2.000000  
216.543150 0.014378  0.101067  -0.009097  0.969729  0.242221  0.030887  -0.242653  0.970051  0.011026  -0.027292  -0.018187  0.999462  0.010851  -0.000824  -0.000295  0.009941  -0.148084  1.526376  2.000000  
216.544405 0.014386  0.101063  -0.009097  0.969422  0.243418  0.031131  -0.243848  0.969753  0.010805  -0.027559  -0.018065  0.999457  0.010244  -0.001194  -0.000298  0.002016  -0.152285  1.506214  2.000000  
216.545653 0.014393  0.101058  -0.009097  0.969113  0.244611  0.031403  -0.245044  0.969453  0.010701  -0.027827  -0.018065  0.999450  0.009652  -0.001634  -0.000303  -0.001468  -0.156194  1.470819  2.000000  
216.546663 0.014398  0.101053  -0.009098  0.968907  0.245411  0.031512  -0.245841  0.969253  0.010524  -0.027960  -0.017944  0.999448  0.009045  -0.002020  -0.000346  -0.005338  -0.154630  1.445463  2.000000  
216.547906 0.014403  0.101047  -0.009099  0.968642  0.246405  0.031882  -0.246835  0.969003  0.010275  -0.028362  -0.017823  0.999439  0.008378  -0.002430  -0.000406  -0.016638  -0.159477  1.401540  2.000000  
216.549149 0.014406  0.101040  -0.009100  0.968380  0.247402  0.032121  -0.247830  0.968751  0.010059  -0.028629  -0.017701  0.999433  0.007649  -0.002898  -0.000493  -0.020187  -0.166657  1.369433  2.000000  
216.550154 0.014409  0.101034  -0.009100  0.968223  0.247998  0.032257  -0.248428  0.968599  0.010006  -0.028763  -0.017701  0.999430  0.006969  -0.003235  -0.000430  -0.022965  -0.176151  1.325325  2.000000  
216.551404 0.014411  0.101029  -0.009100  0.968015  0.248797  0.032365  -0.249224  0.968396  0.009828  -0.028896  -0.017580  0.999428  0.006022  -0.003659  -0.000343  -0.030134  -0.183130  1.286752  2.000000  
216.552655 0.014411  0.101022  -0.009100  0.967853  0.249399  0.032569  -0.249820  0.968246  0.009506  -0.029164  -0.017337  0.999424  0.005234  -0.003929  -0.000267  -0.041210  -0.187971  1.235044  2.000000  
216.553902 0.014411  0.101016  -0.009100  0.967691  0.249996  0.032804  -0.250415  0.968094  0.009302  -0.029431  -0.017216  0.999419  0.004413  -0.004125  -0.000221  -0.047946  -0.191419  1.172940  2.000000  
216.555151 0.014411  0.101010  -0.009101  0.967477  0.250793  0.033040  -0.251210  0.967890  0.009090  -0.029699  -0.017095  0.999413  0.003637  -0.004375  -0.000230  -0.054938  -0.193687  1.128802  2.000000  
216.556153 0.014410  0.101006  -0.009100  0.967362  0.251189  0.033401  -0.251606  0.967789  0.008858  -0.030100  -0.016973  0.999403  0.003016  -0.004530  -0.000210  -0.058071  -0.203129  1.075725  2.000000  
216.557401 0.014409  0.101000  -0.009100  0.967194  0.251788  0.033734  -0.252200  0.967638  0.008502  -0.030501  -0.016730  0.999395  0.002408  -0.004604  -0.000192  -0.069130  -0.205257  1.032497  2.000000  
216.558651 0.014408  0.100996  -0.009100  0.967082  0.252186  0.033965  -0.252596  0.967536  0.008303  -0.030769  -0.016609  0.999389  0.001824  -0.004599  -0.000202  -0.072041  -0.208822  0.984402  2.000000  
216.559654 0.014408  0.100993  -0.009100  0.966974  0.252591  0.034037  -0.252993  0.967435  0.008020  -0.030903  -0.016367  0.999388  0.001345  -0.004588  -0.000222  -0.083706  -0.209815  0.944854  2.000000  
216.560902 0.014408  0.100990  -0.009099  0.966866  0.252995  0.034108  -0.253390  0.967333  0.007738  -0.031036  -0.016124  0.999388  0.000918  -0.004450  -0.000109  -0.093998  -0.211645  0.895224  2.000000  
216.561906 0.014409  0.100988  -0.009098  0.966758  0.253395  0.034210  -0.253787  0.967230  0.007572  -0.031170  -0.016003  0.999386  0.000643  -0.004219  0.000030  -0.101472  -0.212414  0.847163  2.000000  
216.562922 0.014409  0.100985  -0.009098  0.966697  0.253599  0.034409  -0.253984  0.967181  0.007263  -0.031438  -0.015760  0.999381  0.000357  -0.004085  0.000112  -0.108571  -0.216012  0.805287  2.000000  
216.564148 0.014409  0.100981  -0.009097  0.966589  0.253999  0.034510  -0.254381  0.967078  0.007097  -0.031571  -0.015639  0.999379  0.000185  -0.003890  0.000249  -0.114973  -0.213810  0.764948  2.000000  
216.565157 0.014410  0.100978  -0.009096  0.966528  0.254198  0.034739  -0.254578  0.967028  0.006905  -0.031839  -0.015518  0.999373  0.000052  -0.003722  0.000275  -0.118012  -0.213021  0.723641  2.000000  
216.566401 0.014413  0.100976  -0.009095  0.966467  0.254402  0.034938  -0.254775  0.966978  0.006595  -0.032106  -0.015275  0.999368  0.000140  -0.003547  0.000293  -0.124894  -0.212122  0.675642  2.000000  
216.567403 0.014415  0.100973  -0.009095  0.966406  0.254601  0.035167  -0.254971  0.966927  0.006402  -0.032374  -0.015154  0.999361  0.000260  -0.003353  0.000336  -0.132659  -0.212977  0.625994  2.000000  
216.568406 0.014417  0.100970  -0.009094  0.966350  0.254807  0.035235  -0.255169  0.966877  0.006126  -0.032507  -0.014911  0.999360  0.000433  -0.003199  0.000377  -0.135829  -0.212331  0.591573  2.000000  
216.569656 0.014420  0.100968  -0.009094  0.966293  0.255008  0.035335  -0.255367  0.966826  0.005968  -0.032641  -0.014790  0.999358  0.000650  -0.002997  0.000408  -0.138740  -0.207028  0.549936  2.000000  
216.570903 0.014424  0.100966  -0.009095  0.966285  0.255009  0.035563  -0.255365  0.966827  0.005782  -0.032909  -0.014668  0.999351  0.000968  -0.002704  0.000369  -0.140727  -0.209185  0.511057  2.000000  
216.571905 0.014428  0.100966  -0.009095  0.966280  0.255016  0.035630  -0.255364  0.966829  0.005513  -0.033042  -0.014426  0.999350  0.001257  -0.002441  0.000358  -0.143809  -0.208532  0.476804  2.000000  
216.572906 0.014432  0.100965  -0.009097  0.966276  0.255014  0.035759  -0.255363  0.966830  0.005479  -0.033176  -0.014426  0.999345  0.001538  -0.002207  0.000219  -0.139756  -0.205043  0.439314  2.000000  
216.574153 0.014438  0.100966  -0.009098  0.966219  0.255220  0.035828  -0.255560  0.966779  0.005203  -0.033310  -0.014183  0.999344  0.002013  -0.001926  0.000105  -0.142905  -0.199960  0.404950  2.000000  
216.575399 0.014444  0.100967  -0.009099  0.966210  0.255220  0.036055  -0.255558  0.966781  0.005017  -0.033577  -0.014062  0.999337  0.002364  -0.001666  -0.000012  -0.145003  -0.202295  0.374091  2.000000  
216.576408 0.014450  0.100969  -0.009100  0.966206  0.255223  0.036154  -0.255557  0.966782  0.004866  -0.033711  -0.013941  0.999334  0.002777  -0.001329  -0.000145  -0.145027  -0.198803  0.335850  2.000000  
216.577655 0.014457  0.100972  -0.009101  0.966197  0.255228  0.036350  -0.255555  0.966784  0.004563  -0.033978  -0.013698  0.999329  0.003154  -0.000968  -0.000232  -0.148119  -0.193672  0.301326  2.000000  
216.578900 0.014464  0.100975  -0.009101  0.966193  0.255231  0.036449  -0.255553  0.966785  0.004412  -0.034112  -0.013577  0.999326  0.003651  -0.000489  -0.000309  -0.146062  -0.191588  0.271397  2.000000  
216.579925 0.014469  0.100978  -0.009103  0.966189  0.255233  0.036547  -0.255552  0.966786  0.004260  -0.034246  -0.013456  0.999323  0.003984  -0.000059  -0.000435  -0.150445  -0.188122  0.245923  2.000000  
216.581151 0.014476  0.100981  -0.009105  0.966184  0.255241  0.036614  -0.255551  0.966787  0.003991  -0.034379  -0.013213  0.999322  0.004290  0.000374  -0.000632  -0.152732  -0.186337  0.223520  2.000000  
216.582399 0.014483  0.100985  -0.009107  0.966184  0.255245  0.036583  -0.255551  0.966788  0.003874  -0.034379  -0.013092  0.999323  0.004556  0.000799  -0.000782  -0.151884  -0.181440  0.196184  2.000000  
216.583407 0.014489  0.100988  -0.009108  0.966180  0.255248  0.036682  -0.255550  0.966789  0.003723  -0.034513  -0.012971  0.999320  0.004867  0.001244  -0.000950  -0.152492  -0.178074  0.177118  2.000000  
216.584668 0.014497  0.100993  -0.009109  0.966180  0.255252  0.036651  -0.255550  0.966789  0.003605  -0.034513  -0.012849  0.999322  0.005145  0.001740  -0.001020  -0.146796  -0.167473  0.162129  2.000000  
216.585906 0.014505  0.100999  -0.009110  0.966180  0.255257  0.036620  -0.255550  0.966790  0.003488  -0.034513  -0.012728  0.999323  0.005420  0.002242  -0.001055  -0.147155  -0.150436  0.136092  2.000000  
216.586908 0.014512  0.101004  -0.009112  0.966175  0.255259  0.036718  -0.255549  0.966790  0.003337  -0.034647  -0.012607  0.999320  0.005599  0.002604  -0.001065  -0.146493  -0.145602  0.115419  2.000000  
216.588153 0.014520  0.101010  -0.009114  0.966175  0.255259  0.036718  -0.255549  0.966790  0.003337  -0.034647  -0.012607  0.999320  0.005852  0.003049  -0.001113  0.000000  0.000000  0.000000  2.000000  
216.589402 0.014527  0.101016  -0.009117  0.966123  0.255463  0.036688  -0.255748  0.966738  0.003212  -0.034647  -0.012486  0.999322  0.005928  0.003392  -0.001260  0.000000  0.000000  0.000000  2.000000  
216.590403 0.014534  0.101022  -0.009119  0.966123  0.255467  0.036657  -0.255748  0.966739  0.003095  -0.034647  -0.012365  0.999323  0.006000  0.003681  -0.001347  0.000000  0.000000  0.000000  2.000000  
216.591652 0.014542  0.101029  -0.009122  0.966127  0.255469  0.036527  -0.255749  0.966738  0.003129  -0.034513  -0.012365  0.999328  0.006049  0.003964  -0.001506  0.000000  0.000000  0.000000  2.000000  
216.592656 0.014548  0.101035  -0.009124  0.966127  0.255469  0.036527  -0.255749  0.966738  0.003129  -0.034513  -0.012365  0.999328  0.006103  0.004284  -0.001567  0.000000  0.000000  0.000000  2.000000  
216.593901 0.014556  0.101043  -0.009127  0.966127  0.255473  0.036496  -0.255749  0.966739  0.003011  -0.034513  -0.012243  0.999329  0.006195  0.004575  -0.001693  0.000000  0.000000  0.000000  2.000000  
216.594902 0.014562  0.101049  -0.009129  0.966074  0.255672  0.036497  -0.255948  0.966686  0.003004  -0.034513  -0.012243  0.999329  0.006230  0.004797  -0.001759  0.000000  0.000000  0.000000  2.000000  
216.596148 0.014570  0.101057  -0.009132  0.966074  0.255677  0.036466  -0.255948  0.966686  0.002887  -0.034513  -0.012122  0.999331  0.006245  0.005054  -0.001793  0.000000  0.000000  0.000000  2.000000  
216.597157 0.014577  0.101063  -0.009133  0.966074  0.255677  0.036466  -0.255948  0.966686  0.002887  -0.034513  -0.012122  0.999331  0.006308  0.005295  -0.001811  0.000000  0.000000  0.000000  2.000000  
216.598401 0.014585  0.101070  -0.009136  0.966079  0.255678  0.036337  -0.255949  0.966686  0.002921  -0.034379  -0.012122  0.999335  0.006349  0.005479  -0.001864  0.000000  0.000000  0.000000  2.000000  
216.599403 0.014591  0.101076  -0.009137  0.966079  0.255678  0.036337  -0.255949  0.966686  0.002921  -0.034379  -0.012122  0.999335  0.006385  0.005612  -0.001884  0.000000  0.000000  0.000000  2.000000  
216.600407 0.014598  0.101083  -0.009138  0.966026  0.255877  0.036337  -0.256148  0.966633  0.002913  -0.034379  -0.012122  0.999335  0.006393  0.005759  -0.001857  0.000000  0.000000  0.000000  2.000000  
216.601656 0.014607  0.101092  -0.009137  0.966030  0.255879  0.036208  -0.256149  0.966633  0.002948  -0.034246  -0.012122  0.999340  0.006486  0.005931  -0.001724  0.000000  0.000000  0.000000  2.000000  
216.602665 0.014615  0.101099  -0.009137  0.966035  0.255881  0.036079  -0.256150  0.966632  0.002982  -0.034112  -0.012122  0.999344  0.006556  0.006092  -0.001589  0.000000  0.000000  0.000000  2.000000  
216.603906 0.014625  0.101107  -0.009136  0.966035  0.255885  0.036048  -0.256150  0.966633  0.002865  -0.034112  -0.012001  0.999346  0.006682  0.006237  -0.001352  0.000000  0.000000  0.000000  2.000000  
216.604907 0.014632  0.101113  -0.009136  0.966035  0.255881  0.036079  -0.256150  0.966632  0.002982  -0.034112  -0.012122  0.999344  0.006757  0.006292  -0.001151  0.000000  0.000000  0.000000  2.000000  
216.606153 0.014641  0.101120  -0.009135  0.966035  0.255881  0.036079  -0.256150  0.966632  0.002982  -0.034112  -0.012122  0.999344  0.006814  0.006290  -0.000963  0.000000  0.000000  0.000000  2.000000  
216.607403 0.014650  0.101127  -0.009134  0.966035  0.255881  0.036079  -0.256150  0.966632  0.002982  -0.034112  -0.012122  0.999344  0.006923  0.006249  -0.000685  0.000000  0.000000  0.000000  2.000000  
216.608651 0.014659  0.101134  -0.009134  0.966035  0.255881  0.036079  -0.256150  0.966632  0.002982  -0.034112  -0.012122  0.999344  0.006958  0.006167  -0.000463  0.000000  0.000000  0.000000  2.000000  
216.609902 0.014668  0.101141  -0.009132  0.966092  0.255683  0.035949  -0.255952  0.966685  0.003024  -0.033978  -0.012122  0.999349  0.007059  0.006110  -0.000187  0.000000  0.000000  0.000000  2.000000  
216.611149 0.014677  0.101148  -0.009130  0.966092  0.255679  0.035980  -0.255952  0.966684  0.003141  -0.033978  -0.012244  0.999348  0.007172  0.006082  0.000093  0.000000  0.000000  0.000000  2.000000  
216.612151 0.014684  0.101154  -0.009129  0.966092  0.255679  0.035980  -0.255952  0.966684  0.003141  -0.033978  -0.012244  0.999348  0.007169  0.006043  0.000322  0.000000  0.000000  0.000000  2.000000  
216.613155 0.014691  0.101159  -0.009127  0.966092  0.255679  0.035980  -0.255952  0.966684  0.003141  -0.033978  -0.012244  0.999348  0.007226  0.006006  0.000615  0.000000  0.000000  0.000000  2.000000  
216.614398 0.014700  0.101165  -0.009126  0.966092  0.255674  0.036011  -0.255952  0.966684  0.003258  -0.033978  -0.012365  0.999346  0.007229  0.005908  0.000749  0.000000  0.000000  0.000000  2.000000  
216.615400 0.014706  0.101169  -0.009124  0.966092  0.255674  0.036011  -0.255952  0.966684  0.003258  -0.033978  -0.012365  0.999346  0.007219  0.005764  0.000886  0.000000  0.000000  0.000000  2.000000  
216.616405 0.014713  0.101175  -0.009123  0.966145  0.255475  0.036010  -0.255754  0.966736  0.003266  -0.033978  -0.012365  0.999346  0.007174  0.005638  0.000964  0.000000  0.000000  0.000000  2.000000  
216.617658 0.014721  0.101180  -0.009121  0.966145  0.255471  0.036041  -0.255754  0.966736  0.003383  -0.033978  -0.012486  0.999345  0.007077  0.005455  0.001061  0.000000  0.000000  0.000000  2.000000  
216.618666 0.014727  0.101185  -0.009119  0.966145  0.255471  0.036041  -0.255754  0.966736  0.003383  -0.033978  -0.012486  0.999345  0.006929  0.005288  0.001159  0.000000  0.000000  0.000000  2.000000  
216.619904 0.014734  0.101191  -0.009117  0.966197  0.255268  0.036072  -0.255555  0.966788  0.003508  -0.033978  -0.012607  0.999343  0.006836  0.005217  0.001247  0.000000  0.000000  0.000000  2.000000  
216.621151 0.014741  0.101197  -0.009114  0.966197  0.255268  0.036072  -0.255555  0.966788  0.003508  -0.033978  -0.012607  0.999343  0.006697  0.005092  0.001418  0.000000  0.000000  0.000000  2.000000  
216.622153 0.014747  0.101201  -0.009112  0.966197  0.255263  0.036103  -0.255555  0.966788  0.003625  -0.033978  -0.012728  0.999342  0.006561  0.005010  0.001496  0.000000  0.000000  0.000000  2.000000  
216.623404 0.014753  0.101206  -0.009109  0.966197  0.255263  0.036103  -0.255555  0.966788  0.003625  -0.033978  -0.012728  0.999342  0.006364  0.004896  0.001657  0.000000  0.000000  0.000000  2.000000  
216.624668 0.014758  0.101211  -0.009107  0.966250  0.255064  0.036102  -0.255356  0.966840  0.003632  -0.033978  -0.012728  0.999342  0.006107  0.004742  0.001693  0.000000  0.000000  0.000000  2.000000  
216.625900 0.014764  0.101216  -0.009105  0.966250  0.255060  0.036133  -0.255356  0.966840  0.003750  -0.033978  -0.012850  0.999340  0.005862  0.004597  0.001732  0.000000  0.000000  0.000000  2.000000  
216.626903 0.014768  0.101221  -0.009103  0.966250  0.255060  0.036133  -0.255356  0.966840  0.003750  -0.033978  -0.012850  0.999340  0.005690  0.004545  0.001735  0.000000  0.000000  0.000000  2.000000  
216.628152 0.014773  0.101226  -0.009101  0.966302  0.254861  0.036132  -0.255157  0.966892  0.003757  -0.033978  -0.012850  0.999340  0.005463  0.004476  0.001739  0.000000  0.000000  0.000000  2.000000  
216.629153 0.014777  0.101230  -0.009100  0.966302  0.254861  0.036132  -0.255157  0.966892  0.003757  -0.033978  -0.012850  0.999340  0.005280  0.004450  0.001785  0.000000  0.000000  0.000000  2.000000  
216.630401 0.014782  0.101235  -0.009099  0.966307  0.254858  0.036034  -0.255158  0.966891  0.003908  -0.033845  -0.012971  0.999343  0.005063  0.004377  0.001752  0.000000  0.000000  0.000000  2.000000  
216.631405 0.014786  0.101239  -0.009098  0.966307  0.254858  0.036034  -0.255158  0.966891  0.003908  -0.033845  -0.012971  0.999343  0.004857  0.004301  0.001681  0.000000  0.000000  0.000000  2.000000  
216.632654 0.014791  0.101244  -0.009096  0.966359  0.254659  0.036033  -0.254959  0.966944  0.003916  -0.033845  -0.012971  0.999343  0.004660  0.004247  0.001652  0.000000  0.000000  0.000000  2.000000  
216.633657 0.014794  0.101248  -0.009095  0.966359  0.254655  0.036064  -0.254959  0.966943  0.004033  -0.033845  -0.013092  0.999341  0.004510  0.004176  0.001578  0.000000  0.000000  0.000000  2.000000  
216.634670 0.014799  0.101251  -0.009094  0.966359  0.254655  0.036064  -0.254959  0.966943  0.004033  -0.033845  -0.013092  0.999341  0.004365  0.004081  0.001528  0.000000  0.000000  0.000000  2.000000  
216.635908 0.014803  0.101255  -0.009093  0.966359  0.254655  0.036064  -0.254959  0.966943  0.004033  -0.033845  -0.013092  0.999341  0.004184  0.003978  0.001431  0.000000  0.000000  0.000000  2.000000  
216.637153 0.014808  0.101259  -0.009092  0.966412  0.254456  0.036063  -0.254760  0.966996  0.004041  -0.033845  -0.013092  0.999341  0.004068  0.003876  0.001291  0.000000  0.000000  0.000000  2.000000  
216.638403 0.014812  0.101263  -0.009091  0.966412  0.254451  0.036094  -0.254760  0.966995  0.004158  -0.033845  -0.013213  0.999340  0.003972  0.003802  0.001201  0.000000  0.000000  0.000000  2.000000  
216.639652 0.014817  0.101267  -0.009090  0.966412  0.254451  0.036094  -0.254760  0.966995  0.004158  -0.033845  -0.013213  0.999340  0.003917  0.003744  0.001157  0.000000  0.000000  0.000000  2.000000  
216.640659 0.014821  0.101270  -0.009089  0.966412  0.254451  0.036094  -0.254760  0.966995  0.004158  -0.033845  -0.013213  0.999340  0.003870  0.003672  0.001045  0.000000  0.000000  0.000000  2.000000  
216.641903 0.014826  0.101275  -0.009088  0.966412  0.254451  0.036094  -0.254760  0.966995  0.004158  -0.033845  -0.013213  0.999340  0.003865  0.003614  0.000995  0.000000  0.000000  0.000000  2.000000  
216.643150 0.014831  0.101279  -0.009088  0.966412  0.254451  0.036094  -0.254760  0.966995  0.004158  -0.033845  -0.013213  0.999340  0.003849  0.003522  0.000878  0.000000  0.000000  0.000000  2.000000  
216.644151 0.014835  0.101282  -0.009087  0.966412  0.254451  0.036094  -0.254760  0.966995  0.004158  -0.033845  -0.013213  0.999340  0.003842  0.003463  0.000829  0.000000  0.000000  0.000000  2.000000  
216.645399 0.014840  0.101288  -0.009086  0.966416  0.254453  0.035965  -0.254761  0.966995  0.004192  -0.033711  -0.013213  0.999344  0.003871  0.003494  0.000852  0.000000  0.000000  0.000000  2.000000  
216.646402 0.014845  0.101292  -0.009085  0.966416  0.254453  0.035965  -0.254761  0.966995  0.004192  -0.033711  -0.013213  0.999344  0.003924  0.003499  0.000848  0.000000  0.000000  0.000000  2.000000  
216.647403 0.014849  0.101295  -0.009084  0.966416  0.254453  0.035965  -0.254761  0.966995  0.004192  -0.033711  -0.013213  0.999344  0.003954  0.003466  0.000789  0.000000  0.000000  0.000000  2.000000  
216.648656 0.014855  0.101300  -0.009084  0.966416  0.254453  0.035965  -0.254761  0.966995  0.004192  -0.033711  -0.013213  0.999344  0.004010  0.003472  0.000781  0.000000  0.000000  0.000000  2.000000  
216.649662 0.014859  0.101303  -0.009084  0.966416  0.254453  0.035965  -0.254761  0.966995  0.004192  -0.033711  -0.013213  0.999344  0.004047  0.003443  0.000718  0.000000  0.000000  0.000000  2.000000  
216.650670 0.014863  0.101306  -0.009083  0.966364  0.254652  0.035965  -0.254960  0.966943  0.004184  -0.033711  -0.013213  0.999344  0.004093  0.003463  0.000669  0.000000  0.000000  0.000000  2.000000  
216.651907 0.014869  0.101311  -0.009083  0.966364  0.254652  0.035965  -0.254960  0.966943  0.004184  -0.033711  -0.013213  0.999344  0.004160  0.003466  0.000628  0.000000  0.000000  0.000000  2.000000  
216.653158 0.014874  0.101315  -0.009082  0.966364  0.254652  0.035965  -0.254960  0.966943  0.004184  -0.033711  -0.013213  0.999344  0.004172  0.003463  0.000591  0.000000  0.000000  0.000000  2.000000  
216.654402 0.014880  0.101319  -0.009082  0.966311  0.254851  0.035966  -0.255159  0.966890  0.004177  -0.033711  -0.013213  0.999344  0.004239  0.003487  0.000503  0.000000  0.000000  0.000000  2.000000  
216.655403 0.014884  0.101322  -0.009081  0.966311  0.254851  0.035966  -0.255159  0.966890  0.004177  -0.033711  -0.013213  0.999344  0.004280  0.003495  0.000536  0.000000  0.000000  0.000000  2.000000  
216.656656 0.014889  0.101326  -0.009081  0.966259  0.255050  0.035967  -0.255358  0.966838  0.004170  -0.033711  -0.013213  0.999344  0.004304  0.003488  0.000462  0.000000  0.000000  0.000000  2.000000  
216.657907 0.014895  0.101331  -0.009081  0.966259  0.255050  0.035967  -0.255358  0.966838  0.004170  -0.033711  -0.013213  0.999344  0.004345  0.003516  0.000448  0.000000  0.000000  0.000000  2.000000  
216.659151 0.014900  0.101335  -0.009081  0.966206  0.255249  0.035968  -0.255557  0.966785  0.004162  -0.033711  -0.013213  0.999344  0.004346  0.003541  0.000403  0.000000  0.000000  0.000000  2.000000  
216.660400 0.014906  0.101341  -0.009081  0.966206  0.255249  0.035968  -0.255557  0.966785  0.004162  -0.033711  -0.013213  0.999344  0.004374  0.003536  0.000327  0.000000  0.000000  0.000000  2.000000  
216.661655 0.014911  0.101345  -0.009081  0.966153  0.255448  0.035969  -0.255756  0.966732  0.004155  -0.033711  -0.013213  0.999344  0.004353  0.003502  0.000271  0.000000  0.000000  0.000000  2.000000  
216.662657 0.014915  0.101349  -0.009081  0.966153  0.255452  0.035938  -0.255756  0.966733  0.004038  -0.033711  -0.013092  0.999346  0.004314  0.003494  0.000233  0.000000  0.000000  0.000000  2.000000  
216.664019 0.014920  0.101353  -0.009081  0.966101  0.255651  0.035939  -0.255955  0.966680  0.004030  -0.033711  -0.013092  0.999346  0.004250  0.003456  0.000162  0.000000  0.000000  0.000000  2.000000  
216.665156 0.014925  0.101357  -0.009081  0.966048  0.255850  0.035939  -0.256154  0.966628  0.004023  -0.033711  -0.013092  0.999346  0.004244  0.003479  0.000137  0.000000  0.000000  0.000000  2.000000  
216.666426 0.014930  0.101361  -0.009081  0.966048  0.255850  0.035939  -0.256154  0.966628  0.004023  -0.033711  -0.013092  0.999346  0.004184  0.003469  0.000134  0.000000  0.000000  0.000000  2.000000  
216.667657 0.014934  0.101364  -0.009081  0.965995  0.256049  0.035940  -0.256353  0.966575  0.004015  -0.033711  -0.013092  0.999346  0.004160  0.003443  0.000111  0.000000  0.000000  0.000000  2.000000  
216.668660 0.014938  0.101367  -0.009081  0.965943  0.256248  0.035941  -0.256551  0.966522  0.004008  -0.033711  -0.013092  0.999346  0.004130  0.003432  0.000041  0.000000  0.000000  0.000000  2.000000  
216.669904 0.014943  0.101371  -0.009081  0.965943  0.256248  0.035941  -0.256551  0.966522  0.004008  -0.033711  -0.013092  0.999346  0.004063  0.003376  0.000040  0.000000  0.000000  0.000000  2.000000  
216.671153 0.014947  0.101374  -0.009082  0.965890  0.256447  0.035942  -0.256750  0.966470  0.004001  -0.033711  -0.013092  0.999346  0.003989  0.003334  -0.000025  0.000000  0.000000  0.000000  2.000000  
216.672403 0.014951  0.101377  -0.009083  0.965837  0.256646  0.035943  -0.256949  0.966417  0.003993  -0.033711  -0.013092  0.999346  0.003905  0.003245  -0.000084  0.000000  0.000000  0.000000  2.000000  
216.673404 0.014955  0.101380  -0.009083  0.965784  0.256845  0.035944  -0.257148  0.966364  0.003986  -0.033711  -0.013092  0.999346  0.003840  0.003154  -0.000094  0.000000  0.000000  0.000000  2.000000  
216.674669 0.014959  0.101384  -0.009083  0.965784  0.256845  0.035944  -0.257148  0.966364  0.003986  -0.033711  -0.013092  0.999346  0.003757  0.003052  -0.000200  0.000000  0.000000  0.000000  2.000000  
216.675901 0.014963  0.101386  -0.009085  0.965731  0.257044  0.035944  -0.257347  0.966311  0.003978  -0.033711  -0.013092  0.999346  0.003663  0.002915  -0.000270  0.000000  0.000000  0.000000  2.000000  
216.677150 0.014967  0.101389  -0.009085  0.965678  0.257248  0.035914  -0.257546  0.966258  0.003854  -0.033711  -0.012971  0.999347  0.003564  0.002787  -0.000306  0.000000  0.000000  0.000000  2.000000  
216.678151 0.014970  0.101391  -0.009086  0.965625  0.257446  0.035915  -0.257744  0.966205  0.003846  -0.033711  -0.012971  0.999347  0.003499  0.002703  -0.000397  0.000000  0.000000  0.000000  2.000000  
216.679153 0.014972  0.101393  -0.009087  0.965625  0.257446  0.035915  -0.257744  0.966205  0.003846  -0.033711  -0.012971  0.999347  0.003393  0.002603  -0.000447  0.000000  0.000000  0.000000  2.000000  
216.680154 0.014975  0.101394  -0.009088  0.965572  0.257645  0.035916  -0.257943  0.966152  0.003839  -0.033711  -0.012971  0.999347  0.003333  0.002470  -0.000478  0.000000  0.000000  0.000000  2.000000  
216.681155 0.014977  0.101396  -0.009089  0.965519  0.257844  0.035916  -0.258142  0.966099  0.003832  -0.033711  -0.012971  0.999347  0.003233  0.002359  -0.000566  0.000000  0.000000  0.000000  2.000000  
216.682420 0.014980  0.101397  -0.009091  0.965519  0.257844  0.035916  -0.258142  0.966099  0.003832  -0.033711  -0.012971  0.999347  0.003117  0.002202  -0.000648  0.000000  0.000000  0.000000  2.000000  
216.683669 0.014983  0.101398  -0.009092  0.965466  0.258043  0.035917  -0.258341  0.966046  0.003824  -0.033711  -0.012971  0.999347  0.002967  0.002021  -0.000717  0.000000  0.000000  0.000000  2.000000  
216.684904 0.014985  0.101399  -0.009093  0.965412  0.258242  0.035918  -0.258539  0.965993  0.003817  -0.033711  -0.012971  0.999347  0.002851  0.001895  -0.000810  0.000000  0.000000  0.000000  2.000000  
216.685906 0.014988  0.101400  -0.009095  0.965363  0.258443  0.035790  -0.258739  0.965940  0.003844  -0.033577  -0.012971  0.999352  0.002730  0.001746  -0.000856  0.000000  0.000000  0.000000  2.000000  
216.687155 0.014990  0.101401  -0.009097  0.965310  0.258641  0.035790  -0.258938  0.965886  0.003837  -0.033577  -0.012971  0.999352  0.002611  0.001619  -0.000949  0.000000  0.000000  0.000000  2.000000  
216.688403 0.014992  0.101402  -0.009098  0.965310  0.258641  0.035790  -0.258938  0.965886  0.003837  -0.033577  -0.012971  0.999352  0.002451  0.001467  -0.001025  0.000000  0.000000  0.000000  2.000000  
216.689406 0.014993  0.101403  -0.009100  0.965257  0.258840  0.035791  -0.259137  0.965833  0.003829  -0.033577  -0.012971  0.999352  0.002292  0.001308  -0.001109  0.000000  0.000000  0.000000  2.000000  
216.690665 0.014995  0.101404  -0.009102  0.965203  0.259039  0.035792  -0.259336  0.965780  0.003822  -0.033577  -0.012971  0.999352  0.002156  0.001182  -0.001162  0.000000  0.000000  0.000000  2.000000  
216.691904 0.014997  0.101404  -0.009104  0.965203  0.259039  0.035792  -0.259336  0.965780  0.003822  -0.033577  -0.012971  0.999352  0.002009  0.001024  -0.001279  0.000000  0.000000  0.000000  2.000000  
216.693150 0.014998  0.101405  -0.009106  0.965150  0.259238  0.035793  -0.259534  0.965726  0.003815  -0.033577  -0.012971  0.999352  0.001876  0.000916  -0.001291  0.000000  0.000000  0.000000  2.000000  
216.694151 0.014999  0.101405  -0.009108  0.965097  0.259437  0.035794  -0.259733  0.965673  0.003807  -0.033577  -0.012971  0.999352  0.001789  0.000822  -0.001359  0.000000  0.000000  0.000000  2.000000  
216.695402 0.015000  0.101405  -0.009110  0.965097  0.259437  0.035794  -0.259733  0.965673  0.003807  -0.033577  -0.012971  0.999352  0.001634  0.000708  -0.001434  0.000000  0.000000  0.000000  2.000000  
216.696402 0.015001  0.101405  -0.009112  0.965043  0.259636  0.035794  -0.259932  0.965620  0.003800  -0.033577  -0.012971  0.999352  0.001564  0.000670  -0.001491  0.000000  0.000000  0.000000  2.000000  
216.697403 0.015002  0.101405  -0.009114  0.964990  0.259834  0.035795  -0.260130  0.965566  0.003792  -0.033577  -0.012971  0.999352  0.001451  0.000565  -0.001536  0.000000  0.000000  0.000000  2.000000  
216.698653 0.015003  0.101406  -0.009116  0.964990  0.259834  0.035795  -0.260130  0.965566  0.003792  -0.033577  -0.012971  0.999352  0.001352  0.000496  -0.001615  0.000000  0.000000  0.000000  2.000000  
216.699654 0.015004  0.101405  -0.009118  0.964936  0.260033  0.035796  -0.260329  0.965513  0.003785  -0.033577  -0.012971  0.999352  0.001264  0.000402  -0.001683  0.000000  0.000000  0.000000  2.000000  
216.700656 0.015005  0.101406  -0.009119  0.964936  0.260033  0.035796  -0.260329  0.965513  0.003785  -0.033577  -0.012971  0.999352  0.001221  0.000373  -0.001668  0.000000  0.000000  0.000000  2.000000  
216.701673 0.015006  0.101406  -0.009121  0.964882  0.260232  0.035797  -0.260528  0.965459  0.003778  -0.033577  -0.012971  0.999352  0.001117  0.000337  -0.001747  0.000000  0.000000  0.000000  2.000000  
216.702903 0.015007  0.101406  -0.009124  0.964882  0.260232  0.035797  -0.260528  0.965459  0.003778  -0.033577  -0.012971  0.999352  0.001029  0.000272  -0.001729  0.000000  0.000000  0.000000  2.000000  
216.703906 0.015008  0.101407  -0.009126  0.964829  0.260431  0.035797  -0.260726  0.965405  0.003770  -0.033577  -0.012971  0.999352  0.001016  0.000245  -0.001781  0.000000  0.000000  0.000000  2.000000  
216.705153 0.015009  0.101406  -0.009128  0.964775  0.260629  0.035798  -0.260925  0.965352  0.003763  -0.033577  -0.012971  0.999352  0.000970  0.000210  -0.001775  0.000000  0.000000  0.000000  2.000000  
216.706403 0.015010  0.101407  -0.009130  0.964775  0.260629  0.035798  -0.260925  0.965352  0.003763  -0.033577  -0.012971  0.999352  0.000892  0.000181  -0.001787  0.000000  0.000000  0.000000  2.000000  
216.707656 0.015011  0.101407  -0.009132  0.964721  0.260828  0.035799  -0.261123  0.965298  0.003756  -0.033577  -0.012971  0.999352  0.000879  0.000183  -0.001749  0.000000  0.000000  0.000000  2.000000  
216.708679 0.015011  0.101407  -0.009133  0.964721  0.260828  0.035799  -0.261123  0.965298  0.003756  -0.033577  -0.012971  0.999352  0.000848  0.000151  -0.001770  0.000000  0.000000  0.000000  2.000000  
216.709903 0.015012  0.101408  -0.009135  0.964667  0.261027  0.035800  -0.261322  0.965244  0.003748  -0.033577  -0.012971  0.999352  0.000837  0.000155  -0.001735  0.000000  0.000000  0.000000  2.000000  
216.711149 0.015013  0.101408  -0.009136  0.964667  0.261027  0.035800  -0.261322  0.965244  0.003748  -0.033577  -0.012971  0.999352  0.000841  0.000186  -0.001647  0.000000  0.000000  0.000000  2.000000  
216.712151 0.015014  0.101409  -0.009138  0.964614  0.261226  0.035801  -0.261521  0.965191  0.003741  -0.033577  -0.012971  0.999352  0.000832  0.000217  -0.001648  0.000000  0.000000  0.000000  2.000000  
216.713404 0.015015  0.101409  -0.009140  0.964560  0.261424  0.035801  -0.261719  0.965137  0.003734  -0.033577  -0.012971  0.999352  0.000819  0.000220  -0.001610  0.000000  0.000000  0.000000  2.000000  
216.714404 0.015016  0.101409  -0.009141  0.964560  0.261424  0.035801  -0.261719  0.965137  0.003734  -0.033577  -0.012971  0.999352  0.000837  0.000255  -0.001550  0.000000  0.000000  0.000000  2.000000  
216.715649 0.015018  0.101410  -0.009142  0.964506  0.261623  0.035802  -0.261918  0.965083  0.003726  -0.033577  -0.012971  0.999352  0.000853  0.000282  -0.001502  0.000000  0.000000  0.000000  2.000000  
216.716657 0.015019  0.101410  -0.009143  0.964506  0.261623  0.035802  -0.261918  0.965083  0.003726  -0.033577  -0.012971  0.999352  0.000840  0.000264  -0.001420  0.000000  0.000000  0.000000  2.000000  
216.717658 0.015019  0.101411  -0.009143  0.964452  0.261822  0.035803  -0.262116  0.965029  0.003719  -0.033577  -0.012971  0.999352  0.000857  0.000297  -0.001359  0.000000  0.000000  0.000000  2.000000  
216.718660 0.015020  0.101412  -0.009144  0.964452  0.261822  0.035803  -0.262116  0.965029  0.003719  -0.033577  -0.012971  0.999352  0.000823  0.000336  -0.001279  0.000000  0.000000  0.000000  2.000000  
216.719903 0.015021  0.101412  -0.009145  0.964398  0.262020  0.035804  -0.262315  0.964975  0.003711  -0.033577  -0.012971  0.999352  0.000827  0.000365  -0.001199  0.000000  0.000000  0.000000  2.000000  
216.720905 0.015022  0.101412  -0.009146  0.964344  0.262219  0.035804  -0.262513  0.964921  0.003704  -0.033577  -0.012971  0.999352  0.000828  0.000352  -0.001134  0.000000  0.000000  0.000000  2.000000  
