1-Time 2-Px 3-Py 4-Pz 5-R11 6-R21 7-R31 8-R12 9-R22 10-R32 11-R13 12-R23 13-R33 14-Vx 15-Vy 16-Vz 17-Wx 18-Wy 19-Wz 20-state 21-PR11 22-PR21 23-PR31 24-PR12 25-PR22 26-PR32 27-PR13 28-PR23 29-PR33 
133.681195 0.007534  0.095103  -0.019608  0.987599  0.114997  -0.106881  -0.112511  0.993227  0.029023  0.109495  -0.016638  0.993848  0.000021  0.000051  0.000428  0.000000  0.000000  0.000000  2.000000  
133.682197 0.007534  0.095103  -0.019608  0.987599  0.114997  -0.106881  -0.112511  0.993227  0.029023  0.109495  -0.016638  0.993848  0.000031  0.000027  0.000436  0.000000  0.000000  0.000000  2.000000  
133.683456 0.007535  0.095103  -0.019607  0.987524  0.115423  -0.107120  -0.112915  0.993175  0.029218  0.109761  -0.016758  0.993817  0.000123  0.000031  0.000452  0.000000  0.000000  0.000000  2.000000  
133.684706 0.007537  0.095102  -0.019607  0.987433  0.115852  -0.107490  -0.113316  0.993123  0.029428  0.110160  -0.016877  0.993771  0.000252  -0.000038  0.000449  0.000000  0.000000  0.000000  2.000000  
133.685953 0.007539  0.095101  -0.019606  0.987380  0.116087  -0.107720  -0.113516  0.993092  0.029721  0.110426  -0.017118  0.993737  0.000357  -0.000136  0.000437  0.000000  0.000000  0.000000  2.000000  
133.686953 0.007541  0.095099  -0.019606  0.987351  0.116105  -0.107970  -0.113513  0.993087  0.029872  0.110692  -0.017238  0.993705  0.000499  -0.000231  0.000448  0.000000  0.000000  0.000000  2.000000  
133.688203 0.007544  0.095099  -0.019605  0.987237  0.116751  -0.108319  -0.114117  0.993007  0.030225  0.111091  -0.017478  0.993657  0.000724  -0.000297  0.000468  0.000000  0.000000  0.000000  2.000000  
133.689457 0.007547  0.095098  -0.019603  0.987074  0.117807  -0.108656  -0.115128  0.992878  0.030624  0.111490  -0.017719  0.993608  0.000937  -0.000360  0.000526  0.000000  0.000000  0.000000  2.000000  
133.690463 0.007549  0.095097  -0.019602  0.986958  0.118440  -0.109019  -0.115733  0.992801  0.030858  0.111889  -0.017838  0.993561  0.001090  -0.000401  0.000587  0.000000  0.000000  0.000000  2.000000  
133.691701 0.007551  0.095095  -0.019603  0.986818  0.119278  -0.109375  -0.116540  0.992698  0.031115  0.112287  -0.017958  0.993513  0.001182  -0.000530  0.000472  0.000000  0.000000  0.000000  2.000000  
133.692951 0.007553  0.095095  -0.019605  0.986662  0.120132  -0.109848  -0.117346  0.992591  0.031508  0.112819  -0.018198  0.993449  0.001325  -0.000535  0.000294  0.000000  0.000000  0.000000  2.000000  
133.694201 0.007556  0.095096  -0.019606  0.986481  0.121190  -0.110314  -0.118354  0.992458  0.031925  0.113351  -0.018438  0.993384  0.001509  -0.000459  0.000187  0.000000  0.000000  0.000000  2.000000  
133.695454 0.007558  0.095097  -0.019607  0.986307  0.122033  -0.110932  -0.119157  0.992353  0.032216  0.114016  -0.018557  0.993306  0.001620  -0.000436  0.000079  0.112334  0.131996  0.167274  2.000000  
133.696701 0.007561  0.095097  -0.019608  0.986108  0.123093  -0.111529  -0.120163  0.992217  0.032652  0.114680  -0.018796  0.993225  0.001836  -0.000433  -0.000003  0.124441  0.153870  0.202061  2.000000  
133.697946 0.007564  0.095098  -0.019609  0.985908  0.124154  -0.112125  -0.121169  0.992080  0.033088  0.115345  -0.019036  0.993143  0.002007  -0.000377  -0.000139  0.133289  0.180140  0.243876  2.000000  
133.698946 0.007567  0.095098  -0.019609  0.985771  0.124805  -0.112601  -0.121770  0.991994  0.033463  0.115876  -0.019276  0.993077  0.002118  -0.000299  -0.000157  0.144610  0.197581  0.271668  2.000000  
133.699948 0.007571  0.095098  -0.019607  0.985634  0.125455  -0.113078  -0.122371  0.991907  0.033839  0.116408  -0.019515  0.993010  0.002251  -0.000237  -0.000024  0.151102  0.215140  0.292629  2.000000  
133.700951 0.007573  0.095097  -0.019604  0.985471  0.126310  -0.113547  -0.123175  0.991794  0.034238  0.116939  -0.019755  0.992943  0.002280  -0.000276  0.000135  0.163233  0.232436  0.327290  2.000000  
133.701955 0.007575  0.095094  -0.019601  0.985317  0.126963  -0.114154  -0.123774  0.991706  0.034632  0.117604  -0.019994  0.992859  0.002327  -0.000372  0.000287  0.173814  0.258969  0.348380  2.000000  
133.703205 0.007579  0.095090  -0.019598  0.985095  0.128041  -0.114862  -0.124776  0.991560  0.035210  0.118401  -0.020354  0.992757  0.002348  -0.000566  0.000402  0.186912  0.285210  0.390306  2.000000  
133.704456 0.007583  0.095086  -0.019594  0.984881  0.128919  -0.115708  -0.125573  0.991439  0.035783  0.119331  -0.020713  0.992638  0.002398  -0.000761  0.000648  0.203198  0.315840  0.425103  2.000000  
133.705457 0.007584  0.095081  -0.019590  0.984750  0.129369  -0.116321  -0.125969  0.991375  0.036156  0.119995  -0.020952  0.992553  0.002337  -0.001024  0.000846  0.208984  0.337948  0.439266  2.000000  
133.706470 0.007586  0.095076  -0.019586  0.984602  0.129822  -0.117065  -0.126362  0.991311  0.036546  0.120792  -0.021190  0.992452  0.002382  -0.001298  0.001154  0.219592  0.368838  0.460333  2.000000  
133.707703 0.007589  0.095069  -0.019583  0.984444  0.130477  -0.117669  -0.126959  0.991220  0.036943  0.121456  -0.021429  0.992365  0.002443  -0.001781  0.001495  0.227136  0.390907  0.488542  2.000000  
133.708950 0.007592  0.095062  -0.019581  0.984268  0.131149  -0.118389  -0.127555  0.991123  0.037479  0.122253  -0.021788  0.992260  0.002501  -0.002317  0.001746  0.237910  0.417402  0.509795  2.000000  
133.710200 0.007595  0.095056  -0.019577  0.984108  0.131805  -0.118992  -0.128152  0.991031  0.037878  0.122917  -0.022027  0.992172  0.002527  -0.002731  0.001967  0.249449  0.443845  0.537915  2.000000  
133.711201 0.007597  0.095051  -0.019575  0.983990  0.132268  -0.119454  -0.128549  0.990961  0.038357  0.123448  -0.022387  0.992098  0.002537  -0.003118  0.002224  0.260186  0.461337  0.559026  2.000000  
133.712455 0.007600  0.095046  -0.019571  0.983881  0.132516  -0.120072  -0.128741  0.990923  0.038708  0.124112  -0.022626  0.992010  0.002474  -0.003470  0.002510  0.267542  0.480403  0.562614  2.000000  
133.713698 0.007603  0.095041  -0.019566  0.983772  0.132779  -0.120674  -0.128932  0.990879  0.039179  0.124776  -0.022985  0.991919  0.002410  -0.003887  0.002912  0.272064  0.492680  0.552888  2.000000  
133.714698 0.007605  0.095037  -0.019562  0.983636  0.133246  -0.121267  -0.129326  0.990808  0.039676  0.125439  -0.023344  0.991827  0.002369  -0.004109  0.003059  0.283068  0.501859  0.555586  2.000000  
133.715700 0.007606  0.095032  -0.019557  0.983543  0.133492  -0.121753  -0.129520  0.990769  0.040011  0.125970  -0.023583  0.991754  0.002213  -0.004408  0.003171  0.284057  0.510432  0.562598  2.000000  
133.716946 0.007606  0.095025  -0.019551  0.983432  0.133756  -0.122354  -0.129712  0.990725  0.040483  0.126634  -0.023941  0.991661  0.002045  -0.004576  0.003358  0.292439  0.523740  0.563041  2.000000  
133.717953 0.007606  0.095019  -0.019547  0.983365  0.133799  -0.122848  -0.129703  0.990713  0.040793  0.127165  -0.024180  0.991587  0.001823  -0.004781  0.003520  0.292619  0.532818  0.547230  2.000000  
133.719202 0.007605  0.095011  -0.019540  0.983270  0.134046  -0.123333  -0.129896  0.990674  0.041128  0.127696  -0.024419  0.991513  0.001538  -0.005069  0.003666  0.292019  0.533186  0.522410  2.000000  
133.720203 0.007604  0.095004  -0.019534  0.983176  0.134293  -0.123818  -0.130090  0.990635  0.041463  0.128227  -0.024658  0.991438  0.001305  -0.005244  0.003787  0.292308  0.542639  0.506541  2.000000  
133.721456 0.007602  0.094995  -0.019525  0.983064  0.134558  -0.124418  -0.130281  0.990590  0.041936  0.128890  -0.025017  0.991343  0.001023  -0.005414  0.004103  0.298077  0.551685  0.485983  2.000000  
133.722464 0.007601  0.094989  -0.019517  0.983012  0.134598  -0.124780  -0.130274  0.990578  0.042229  0.129288  -0.025256  0.991285  0.000841  -0.005419  0.004475  0.295670  0.551858  0.465358  2.000000  
133.723491 0.007599  0.094983  -0.019509  0.982917  0.134846  -0.125264  -0.130467  0.990539  0.042565  0.129819  -0.025495  0.991210  0.000517  -0.005464  0.004857  0.297161  0.551662  0.444380  2.000000  
133.724702 0.007597  0.094976  -0.019500  0.982830  0.134894  -0.125889  -0.130456  0.990526  0.042892  0.130482  -0.025733  0.991117  0.000150  -0.005519  0.005263  0.294462  0.557446  0.417747  2.000000  
133.725951 0.007595  0.094969  -0.019490  0.982761  0.134938  -0.126382  -0.130447  0.990514  0.043202  0.131013  -0.025971  0.991040  -0.000178  -0.005580  0.005734  0.292936  0.553408  0.387154  2.000000  
133.727198 0.007592  0.094963  -0.019481  0.982691  0.134982  -0.126875  -0.130437  0.990501  0.043512  0.131543  -0.026210  0.990964  -0.000527  -0.005627  0.006053  0.288953  0.549668  0.353139  2.000000  
133.728200 0.007590  0.094958  -0.019476  0.982612  0.135212  -0.127244  -0.130633  0.990467  0.043711  0.131941  -0.026329  0.990908  -0.000865  -0.005704  0.006190  0.284864  0.545600  0.335317  2.000000  
133.729203 0.007587  0.094953  -0.019470  0.982560  0.135254  -0.127605  -0.130626  0.990455  0.044004  0.132339  -0.026568  0.990848  -0.001173  -0.005736  0.006305  0.281540  0.541589  0.307829  2.000000  
133.730450 0.007584  0.094948  -0.019464  0.982524  0.135292  -0.127835  -0.130621  0.990443  0.044279  0.132604  -0.026807  0.990806  -0.001446  -0.005672  0.006273  0.274176  0.528703  0.280234  2.000000  
133.731453 0.007580  0.094944  -0.019459  0.982489  0.135330  -0.128065  -0.130616  0.990431  0.044554  0.132869  -0.027046  0.990764  -0.001735  -0.005577  0.006274  0.274394  0.515785  0.264226  2.000000  
133.732698 0.007575  0.094938  -0.019455  0.982436  0.135372  -0.128427  -0.130609  0.990419  0.044847  0.133267  -0.027285  0.990704  -0.002100  -0.005553  0.006131  0.266173  0.503114  0.229993  2.000000  
133.733698 0.007570  0.094932  -0.019451  0.982401  0.135410  -0.128657  -0.130605  0.990407  0.045122  0.133532  -0.027525  0.990662  -0.002373  -0.005492  0.006126  0.262884  0.490476  0.202609  2.000000  
133.734704 0.007565  0.094927  -0.019446  0.982339  0.135653  -0.128877  -0.130802  0.990367  0.045424  0.133798  -0.027764  0.990620  -0.002613  -0.005353  0.006040  0.262145  0.477286  0.195612  2.000000  
133.735951 0.007559  0.094922  -0.019440  0.982303  0.135691  -0.129107  -0.130797  0.990355  0.045699  0.134063  -0.028003  0.990577  -0.002890  -0.005061  0.005915  0.257619  0.454528  0.176033  2.000000  
133.736956 0.007554  0.094918  -0.019436  0.982294  0.135526  -0.129346  -0.130590  0.990371  0.045948  0.134328  -0.028243  0.990534  -0.003114  -0.004881  0.005657  0.255002  0.441440  0.155187  2.000000  
133.738203 0.007549  0.094913  -0.019430  0.982259  0.135581  -0.129560  -0.130586  0.990353  0.046343  0.134593  -0.028602  0.990488  -0.003420  -0.004747  0.005369  0.251575  0.424175  0.127466  2.000000  
133.739453 0.007544  0.094909  -0.019424  0.982241  0.135616  -0.129658  -0.130583  0.990342  0.046601  0.134726  -0.028842  0.990463  -0.003536  -0.004544  0.005182  0.247759  0.407593  0.112555  2.000000  
133.740456 0.007541  0.094906  -0.019419  0.982178  0.135859  -0.129878  -0.130781  0.990301  0.046903  0.134991  -0.029081  0.990420  -0.003635  -0.004359  0.005012  0.246909  0.398816  0.105612  2.000000  
133.741701 0.007537  0.094903  -0.019413  0.982160  0.135895  -0.129977  -0.130778  0.990289  0.047160  0.135123  -0.029321  0.990395  -0.003786  -0.004101  0.004787  0.243134  0.379973  0.092299  2.000000  
133.742950 0.007532  0.094902  -0.019407  0.982151  0.135730  -0.130216  -0.130571  0.990305  0.047409  0.135389  -0.029560  0.990352  -0.003863  -0.003819  0.004646  0.238490  0.368443  0.070984  2.000000  
133.744196 0.007530  0.094901  -0.019402  0.982133  0.135750  -0.130331  -0.130569  0.990298  0.047546  0.135521  -0.029680  0.990330  -0.003843  -0.003528  0.004558  0.229530  0.350766  0.063792  2.000000  
133.745198 0.007527  0.094899  -0.019398  0.982115  0.135785  -0.130430  -0.130567  0.990286  0.047804  0.135654  -0.029919  0.990304  -0.003823  -0.003290  0.004492  0.224634  0.333129  0.056620  2.000000  
133.746460 0.007524  0.094898  -0.019393  0.982079  0.135809  -0.130676  -0.130562  0.990280  0.047959  0.135919  -0.030038  0.990264  -0.003755  -0.003008  0.004471  0.216472  0.318149  0.042947  2.000000  
133.747462 0.007521  0.094897  -0.019389  0.982079  0.135825  -0.130659  -0.130562  0.990274  0.048079  0.135919  -0.030158  0.990261  -0.003631  -0.002753  0.004453  0.210726  0.302254  0.042299  2.000000  
133.748698 0.007519  0.094896  -0.019386  0.982088  0.135657  -0.130768  -0.130357  0.990289  0.048310  0.136051  -0.030398  0.990235  -0.003441  -0.002439  0.004279  0.209002  0.289344  0.028410  2.000000  
133.749698 0.007517  0.094895  -0.019384  0.982115  0.135469  -0.130761  -0.130155  0.990311  0.048403  0.136051  -0.030518  0.990232  -0.003249  -0.002170  0.004129  0.204025  0.271646  0.021161  2.000000  
133.750951 0.007515  0.094894  -0.019383  0.982115  0.135501  -0.130728  -0.130155  0.990300  0.048643  0.136051  -0.030758  0.990224  -0.002942  -0.001841  0.003782  0.199766  0.247242  0.006944  2.000000  
133.751955 0.007513  0.094893  -0.019383  0.982115  0.135532  -0.130695  -0.130155  0.990288  0.048884  0.136051  -0.030999  0.990217  -0.002771  -0.001668  0.003524  0.199754  0.233739  0.006622  2.000000  
133.753205 0.007512  0.094893  -0.019383  0.982097  0.135584  -0.130777  -0.130153  0.990269  0.049261  0.136184  -0.031358  0.990187  -0.002436  -0.001357  0.003137  0.199103  0.216247  -0.000665  2.000000  
133.754463 0.007512  0.094892  -0.019383  0.982124  0.135412  -0.130755  -0.129950  0.990285  0.049475  0.136184  -0.031599  0.990180  -0.002166  -0.001073  0.002660  0.197865  0.193635  -0.008114  2.000000  
133.755701 0.007512  0.094893  -0.019383  0.982132  0.135260  -0.130847  -0.129746  0.990295  0.049825  0.136316  -0.031958  0.990150  -0.001829  -0.000819  0.002272  0.201086  0.180423  -0.015307  2.000000  
133.756703 0.007513  0.094894  -0.019383  0.982141  0.135092  -0.130956  -0.129541  0.990310  0.050056  0.136449  -0.032198  0.990124  -0.001561  -0.000645  0.001907  0.204205  0.167121  -0.022522  2.000000  
133.757714 0.007514  0.094895  -0.019382  0.982141  0.135124  -0.130923  -0.129541  0.990298  0.050296  0.136449  -0.032438  0.990116  -0.001252  -0.000471  0.001695  0.203207  0.153797  -0.029725  2.000000  
133.758952 0.007516  0.094896  -0.019382  0.982168  0.134952  -0.130901  -0.129339  0.990313  0.050510  0.136449  -0.032678  0.990108  -0.000923  -0.000278  0.001360  0.202365  0.140594  -0.036959  2.000000  
133.760198 0.007518  0.094898  -0.019381  0.982168  0.134983  -0.130868  -0.129339  0.990301  0.050750  0.136449  -0.032918  0.990100  -0.000615  -0.000078  0.001122  0.202363  0.131614  -0.037196  2.000000  
133.761201 0.007519  0.094899  -0.019380  0.982194  0.134795  -0.130862  -0.129137  0.990322  0.050843  0.136449  -0.033039  0.990096  -0.000297  0.000091  0.000853  0.197348  0.122837  -0.044298  2.000000  
133.762460 0.007522  0.094901  -0.019379  0.982221  0.134607  -0.130856  -0.128935  0.990344  0.050936  0.136449  -0.033159  0.990092  0.000022  0.000291  0.000727  0.192238  0.109516  -0.051516  2.000000  
133.763699 0.007524  0.094904  -0.019378  0.982221  0.134639  -0.130824  -0.128935  0.990332  0.051176  0.136449  -0.033399  0.990084  0.000393  0.000548  0.000522  0.192312  0.100584  -0.051786  2.000000  
133.764952 0.007526  0.094906  -0.019378  0.982229  0.134456  -0.130949  -0.128730  0.990353  0.051287  0.136582  -0.033518  0.990062  0.000671  0.000750  0.000381  0.184810  0.095723  -0.065069  2.000000  
133.766202 0.007528  0.094908  -0.019378  0.982229  0.134471  -0.130933  -0.128730  0.990346  0.051407  0.136582  -0.033638  0.990058  0.000934  0.000992  0.000324  0.176709  0.082365  -0.065461  2.000000  
133.767462 0.007530  0.094911  -0.019378  0.982256  0.134299  -0.130911  -0.128528  0.990362  0.051620  0.136582  -0.033879  0.990049  0.001217  0.001268  0.000317  0.176718  0.077928  -0.065585  2.000000  
133.768706 0.007533  0.094914  -0.019378  0.982256  0.134331  -0.130878  -0.128528  0.990349  0.051861  0.136582  -0.034119  0.990041  0.001400  0.001428  0.000307  0.174058  0.065096  -0.066519  2.000000  
133.769806 0.007534  0.094916  -0.019379  0.982282  0.134143  -0.130873  -0.128326  0.990370  0.051954  0.136582  -0.034239  0.990037  0.001516  0.001544  0.000284  0.168470  0.060628  -0.073254  2.000000  
133.770952 0.007535  0.094918  -0.019379  0.982282  0.134191  -0.130824  -0.128326  0.990351  0.052314  0.136582  -0.034599  0.990024  0.001578  0.001656  0.000271  0.174818  0.056117  -0.079829  2.000000  
133.772201 0.007537  0.094919  -0.019380  0.982282  0.134222  -0.130791  -0.128326  0.990339  0.052554  0.136582  -0.034839  0.990016  0.001591  0.001701  0.000138  0.174801  0.047219  -0.080100  2.000000  
133.773458 0.007538  0.094921  -0.019382  0.982308  0.134050  -0.130770  -0.128123  0.990353  0.052768  0.136582  -0.035079  0.990008  0.001527  0.001688  0.000003  0.172128  0.038638  -0.081026  2.000000  
133.774460 0.007538  0.094921  -0.019383  0.982308  0.134082  -0.130737  -0.128123  0.990341  0.053008  0.136582  -0.035320  0.989999  0.001434  0.001628  -0.000104  0.176197  0.034159  -0.081165  2.000000  
133.775701 0.007539  0.094921  -0.019384  0.982335  0.133910  -0.130715  -0.127921  0.990355  0.053221  0.136582  -0.035560  0.989990  0.001301  0.001487  -0.000282  0.179360  0.029912  -0.088173  2.000000  
133.776952 0.007538  0.094921  -0.019386  0.982335  0.133957  -0.130667  -0.127921  0.990336  0.053582  0.136582  -0.035920  0.989977  0.001167  0.001347  -0.000460  0.183428  0.025444  -0.088312  2.000000  
133.778200 0.007537  0.094920  -0.019386  0.982335  0.133973  -0.130650  -0.127921  0.990329  0.053702  0.136582  -0.036040  0.989973  0.000965  0.001141  -0.000524  0.180327  0.020740  -0.081624  2.000000  
133.779447 0.007537  0.094919  -0.019387  0.982335  0.134005  -0.130618  -0.127921  0.990316  0.053942  0.136582  -0.036280  0.989964  0.000773  0.000959  -0.000557  0.182887  0.020584  -0.080949  2.000000  
133.780453 0.007537  0.094920  -0.019386  0.982361  0.133817  -0.130613  -0.127719  0.990337  0.054035  0.136582  -0.036400  0.989960  0.000671  0.000858  -0.000532  0.180270  0.020763  -0.081591  2.000000  
133.781696 0.007537  0.094919  -0.019385  0.982361  0.133849  -0.130580  -0.127719  0.990324  0.054275  0.136582  -0.036641  0.989951  0.000519  0.000657  -0.000491  0.178855  0.020620  -0.080945  2.000000  
133.782698 0.007537  0.094920  -0.019384  0.982361  0.133864  -0.130564  -0.127719  0.990318  0.054396  0.136582  -0.036761  0.989947  0.000403  0.000491  -0.000438  0.174779  0.016174  -0.081082  2.000000  
133.783952 0.007537  0.094920  -0.019383  0.982361  0.133896  -0.130532  -0.127719  0.990304  0.054636  0.136582  -0.037001  0.989938  0.000248  0.000343  -0.000307  0.173089  0.016095  -0.074895  2.000000  
133.784955 0.007536  0.094919  -0.019383  0.982361  0.133928  -0.130499  -0.127719  0.990291  0.054876  0.136582  -0.037241  0.989929  0.000124  0.000166  -0.000245  0.174006  0.011378  -0.068188  2.000000  
133.786201 0.007535  0.094918  -0.019383  0.982387  0.133755  -0.130478  -0.127517  0.990305  0.055089  0.136582  -0.037481  0.989920  -0.000040  -0.000014  -0.000209  0.174042  0.011397  -0.068199  2.000000  
133.787465 0.007535  0.094917  -0.019383  0.982387  0.133787  -0.130446  -0.127517  0.990292  0.055330  0.136582  -0.037721  0.989910  -0.000196  -0.000240  -0.000124  0.172599  0.006861  -0.067790  2.000000  
133.788701 0.007533  0.094914  -0.019384  0.982387  0.133819  -0.130413  -0.127517  0.990278  0.055570  0.136582  -0.037961  0.989901  -0.000341  -0.000469  -0.000074  0.170899  0.006694  -0.061499  2.000000  
133.789701 0.007532  0.094912  -0.019384  0.982414  0.133647  -0.130392  -0.127314  0.990293  0.055783  0.136582  -0.038202  0.989892  -0.000427  -0.000586  -0.000039  0.172578  0.006893  -0.067778  2.000000  
133.790953 0.007530  0.094910  -0.019384  0.982414  0.133694  -0.130343  -0.127314  0.990272  0.056144  0.136582  -0.038562  0.989878  -0.000548  -0.000719  0.000072  0.179036  0.006724  -0.061490  2.000000  
133.791955 0.007528  0.094908  -0.019384  0.982414  0.133726  -0.130311  -0.127314  0.990258  0.056384  0.136582  -0.038802  0.989869  -0.000641  -0.000846  0.000106  0.183096  0.006734  -0.061483  2.000000  
133.793198 0.007527  0.094906  -0.019385  0.982414  0.133757  -0.130279  -0.127314  0.990245  0.056624  0.136582  -0.039042  0.989859  -0.000672  -0.000934  0.000081  0.186601  0.006443  -0.054192  2.000000  
133.794461 0.007526  0.094904  -0.019386  0.982440  0.133585  -0.130258  -0.127112  0.990259  0.056838  0.136582  -0.039282  0.989850  -0.000714  -0.001077  0.000067  0.188058  0.006506  -0.054613  2.000000  
133.795698 0.007526  0.094902  -0.019386  0.982458  0.133611  -0.130094  -0.127115  0.990245  0.057061  0.136449  -0.039523  0.989858  -0.000715  -0.001156  0.000024  0.190625  -0.002449  -0.054513  2.000000  
133.796952 0.007526  0.094901  -0.019386  0.982458  0.133659  -0.130045  -0.127115  0.990225  0.057421  0.136449  -0.039883  0.989844  -0.000715  -0.001211  -0.000065  0.197213  -0.002707  -0.048113  2.000000  
133.798202 0.007527  0.094901  -0.019386  0.982458  0.133690  -0.130013  -0.127115  0.990211  0.057661  0.136449  -0.040123  0.989834  -0.000685  -0.001239  -0.000135  0.199661  -0.002677  -0.047724  2.000000  
133.799452 0.007528  0.094901  -0.019386  0.982466  0.133523  -0.130124  -0.126910  0.990223  0.057892  0.136582  -0.040363  0.989806  -0.000593  -0.001169  -0.000170  0.199678  0.001792  -0.047561  2.000000  
133.800453 0.007528  0.094901  -0.019386  0.982466  0.133539  -0.130108  -0.126910  0.990216  0.058012  0.136582  -0.040483  0.989801  -0.000512  -0.001141  -0.000161  0.195667  0.001801  -0.047568  2.000000  
133.801457 0.007529  0.094901  -0.019385  0.982466  0.133571  -0.130075  -0.126910  0.990202  0.058252  0.136582  -0.040723  0.989791  -0.000418  -0.001080  -0.000143  0.197214  0.001827  -0.047944  2.000000  
133.802463 0.007529  0.094902  -0.019384  0.982466  0.133602  -0.130043  -0.126910  0.990188  0.058492  0.136582  -0.040963  0.989782  -0.000350  -0.001008  -0.000101  0.198102  0.001575  -0.041083  2.000000  
133.803703 0.007530  0.094902  -0.019383  0.982466  0.133634  -0.130010  -0.126910  0.990174  0.058733  0.136582  -0.041203  0.989772  -0.000232  -0.000859  0.000067  0.198164  0.001586  -0.041095  2.000000  
133.804953 0.007530  0.094902  -0.019382  0.982466  0.133665  -0.129978  -0.126910  0.990160  0.058973  0.136582  -0.041443  0.989762  -0.000086  -0.000686  0.000156  0.195048  0.001332  -0.034248  2.000000  
133.806201 0.007531  0.094903  -0.019380  0.982466  0.133697  -0.129946  -0.126910  0.990145  0.059213  0.136582  -0.041683  0.989751  0.000067  -0.000453  0.000250  0.195044  0.001340  -0.034247  2.000000  
133.807476 0.007532  0.094903  -0.019380  0.982466  0.133728  -0.129913  -0.126910  0.990131  0.059453  0.136582  -0.041923  0.989741  0.000284  -0.000246  0.000347  0.194870  0.001347  -0.034217  2.000000  
133.808700 0.007533  0.094904  -0.019380  0.982466  0.133776  -0.129864  -0.126910  0.990109  0.059813  0.136582  -0.042284  0.989726  0.000382  -0.000064  0.000358  0.203200  0.001357  -0.034247  2.000000  
133.809700 0.007534  0.094905  -0.019380  0.982492  0.133603  -0.129844  -0.126708  0.990122  0.060027  0.136582  -0.042524  0.989716  0.000484  0.000113  0.000375  0.202241  0.001638  -0.041093  2.000000  
133.810948 0.007535  0.094908  -0.019380  0.982492  0.133635  -0.129812  -0.126708  0.990108  0.060267  0.136582  -0.042764  0.989705  0.000637  0.000399  0.000421  0.205586  0.001360  -0.033967  2.000000  
133.812197 0.007537  0.094910  -0.019380  0.982492  0.133666  -0.129780  -0.126708  0.990093  0.060507  0.136582  -0.043004  0.989695  0.000752  0.000557  0.000446  0.205563  0.001368  -0.033963  2.000000  
133.813201 0.007539  0.094911  -0.019380  0.982492  0.133698  -0.129747  -0.126708  0.990078  0.060747  0.136582  -0.043244  0.989685  0.000780  0.000670  0.000416  0.211352  0.001386  -0.034246  2.000000  
133.814202 0.007540  0.094913  -0.019379  0.982492  0.133729  -0.129715  -0.126708  0.990063  0.060988  0.136582  -0.043484  0.989674  0.000856  0.000815  0.000505  0.213672  0.001381  -0.033966  2.000000  
133.815450 0.007542  0.094915  -0.019377  0.982492  0.133761  -0.129682  -0.126708  0.990049  0.061228  0.136582  -0.043724  0.989663  0.000913  0.000930  0.000540  0.214638  0.001112  -0.027176  2.000000  
133.816451 0.007543  0.094917  -0.019376  0.982492  0.133792  -0.129650  -0.126708  0.990034  0.061468  0.136582  -0.043964  0.989653  0.000954  0.001010  0.000610  0.214607  0.001118  -0.027172  2.000000  
133.817462 0.007544  0.094918  -0.019375  0.982492  0.133808  -0.129634  -0.126708  0.990026  0.061588  0.136582  -0.044084  0.989647  0.000995  0.001112  0.000633  0.210568  0.001123  -0.027172  2.000000  
133.818469 0.007545  0.094919  -0.019373  0.982492  0.133839  -0.129601  -0.126708  0.990011  0.061828  0.136582  -0.044324  0.989637  0.001072  0.001206  0.000636  0.212182  0.001138  -0.027380  2.000000  
133.819704 0.007547  0.094921  -0.019371  0.982492  0.133871  -0.129569  -0.126708  0.989996  0.062068  0.136582  -0.044564  0.989626  0.001115  0.001289  0.000707  0.209177  0.000860  -0.020547  2.000000  
133.820952 0.007548  0.094922  -0.019369  0.982492  0.133902  -0.129536  -0.126708  0.989981  0.062309  0.136582  -0.044805  0.989615  0.001136  0.001318  0.000766  0.207447  0.000858  -0.020377  2.000000  
133.822204 0.007549  0.094924  -0.019367  0.982500  0.133736  -0.129648  -0.126503  0.989993  0.062539  0.136714  -0.045044  0.989586  0.001159  0.001428  0.000870  0.208211  0.005653  -0.027203  2.000000  
133.823458 0.007551  0.094926  -0.019365  0.982500  0.133783  -0.129599  -0.126503  0.989970  0.062899  0.136714  -0.045404  0.989569  0.001208  0.001459  0.000994  0.209128  0.005370  -0.020350  2.000000  
133.824702 0.007552  0.094928  -0.019364  0.982500  0.133814  -0.129567  -0.126503  0.989955  0.063139  0.136714  -0.045644  0.989558  0.001219  0.001492  0.001092  0.207440  0.005331  -0.020184  2.000000  
133.825705 0.007553  0.094929  -0.019362  0.982482  0.133852  -0.129666  -0.126501  0.989939  0.063397  0.136847  -0.045883  0.989529  0.001208  0.001471  0.001178  0.209124  0.014364  -0.019959  2.000000  
133.826947 0.007555  0.094931  -0.019361  0.982482  0.133883  -0.129633  -0.126501  0.989923  0.063637  0.136847  -0.046123  0.989518  0.001198  0.001478  0.001255  0.207466  0.014255  -0.019797  2.000000  
133.828203 0.007557  0.094933  -0.019359  0.982508  0.133711  -0.129614  -0.126298  0.989935  0.063850  0.136847  -0.046363  0.989507  0.001187  0.001430  0.001351  0.208189  0.010181  -0.026996  2.000000  
133.829447 0.007558  0.094934  -0.019358  0.982508  0.133742  -0.129581  -0.126298  0.989920  0.064090  0.136847  -0.046603  0.989495  0.001167  0.001379  0.001340  0.207469  0.009808  -0.019986  2.000000  
133.830455 0.007559  0.094935  -0.019358  0.982490  0.133764  -0.129696  -0.126296  0.989911  0.064227  0.136979  -0.046722  0.989471  0.001145  0.001327  0.001327  0.205042  0.014382  -0.019945  2.000000  
133.831698 0.007560  0.094935  -0.019358  0.982490  0.133796  -0.129664  -0.126296  0.989896  0.064467  0.136979  -0.046962  0.989460  0.001126  0.001250  0.001217  0.207459  0.014271  -0.019784  2.000000  
133.832699 0.007561  0.094936  -0.019357  0.982471  0.133818  -0.129779  -0.126294  0.989887  0.064604  0.137112  -0.047082  0.989436  0.001124  0.001164  0.001136  0.203398  0.018729  -0.019581  2.000000  
133.833947 0.007562  0.094936  -0.019357  0.982497  0.133645  -0.129760  -0.126092  0.989899  0.064818  0.137112  -0.047322  0.989425  0.001115  0.001066  0.001037  0.202462  0.019038  -0.026369  2.000000  
133.834954 0.007564  0.094937  -0.019356  0.982479  0.133667  -0.129875  -0.126089  0.989890  0.064955  0.137244  -0.047441  0.989401  0.001175  0.001065  0.000988  0.200045  0.023692  -0.026380  2.000000  
133.836201 0.007566  0.094937  -0.019355  0.982479  0.133699  -0.129843  -0.126089  0.989874  0.065195  0.137244  -0.047681  0.989389  0.001205  0.001003  0.000923  0.200051  0.023699  -0.026375  2.000000  
133.837466 0.007568  0.094938  -0.019353  0.982461  0.133721  -0.129958  -0.126087  0.989866  0.065332  0.137377  -0.047800  0.989365  0.001244  0.000928  0.000907  0.194434  0.027975  -0.025961  2.000000  
133.838702 0.007569  0.094939  -0.019352  0.982443  0.133759  -0.130056  -0.126085  0.989849  0.065589  0.137509  -0.048039  0.989335  0.001244  0.000887  0.000863  0.191931  0.032703  -0.025958  2.000000  
133.839703 0.007571  0.094940  -0.019351  0.982425  0.133781  -0.130172  -0.126082  0.989840  0.065726  0.137642  -0.048158  0.989311  0.001264  0.000824  0.000835  0.188772  0.036881  -0.018895  2.000000  
133.840953 0.007573  0.094941  -0.019350  0.982432  0.133615  -0.130284  -0.125878  0.989851  0.065956  0.137774  -0.048397  0.989281  0.001254  0.000771  0.000784  0.183735  0.041693  -0.025522  2.000000  
133.842200 0.007575  0.094943  -0.019349  0.982414  0.133653  -0.130383  -0.125875  0.989834  0.066213  0.137907  -0.048636  0.989250  0.001275  0.000722  0.000801  0.183764  0.046199  -0.025307  2.000000  
133.843219 0.007575  0.094944  -0.019348  0.982377  0.133682  -0.130629  -0.125871  0.989824  0.066366  0.138172  -0.048755  0.989208  0.001252  0.000691  0.000740  0.179559  0.055151  -0.024863  2.000000  
133.844447 0.007576  0.094944  -0.019348  0.982359  0.133720  -0.130728  -0.125868  0.989807  0.066623  0.138304  -0.048994  0.989177  0.001223  0.000665  0.000721  0.179695  0.059693  -0.024658  2.000000  
133.845455 0.007577  0.094945  -0.019347  0.982341  0.133743  -0.130843  -0.125866  0.989798  0.066760  0.138437  -0.049113  0.989153  0.001212  0.000667  0.000760  0.179636  0.064168  -0.024432  2.000000  
133.846696 0.007578  0.094946  -0.019347  0.982348  0.133561  -0.130972  -0.125661  0.989817  0.066870  0.138569  -0.049232  0.989128  0.001182  0.000680  0.000740  0.173208  0.068434  -0.030805  2.000000  
133.847699 0.007579  0.094946  -0.019346  0.982330  0.133600  -0.131071  -0.125659  0.989800  0.067127  0.138702  -0.049471  0.989098  0.001161  0.000688  0.000724  0.174668  0.073513  -0.030836  2.000000  
133.848702 0.007580  0.094947  -0.019345  0.982293  0.133629  -0.131317  -0.125654  0.989790  0.067281  0.138967  -0.049589  0.989055  0.001161  0.000766  0.000766  0.173187  0.081806  -0.030143  2.000000  
133.849947 0.007581  0.094948  -0.019345  0.982274  0.133651  -0.131432  -0.125652  0.989781  0.067418  0.139099  -0.049708  0.989030  0.001133  0.000778  0.000746  0.165148  0.086295  -0.029919  2.000000  
133.851206 0.007582  0.094950  -0.019344  0.982237  0.133696  -0.131662  -0.125647  0.989763  0.067691  0.139364  -0.049946  0.988981  0.001142  0.000837  0.000703  0.166459  0.095974  -0.029705  2.000000  
133.852453 0.007584  0.094951  -0.019343  0.982226  0.133522  -0.131922  -0.125440  0.989781  0.067818  0.139629  -0.050064  0.988937  0.001114  0.000848  0.000684  0.162390  0.100480  -0.029473  2.000000  
133.853459 0.007586  0.094952  -0.019342  0.982189  0.133567  -0.132153  -0.125435  0.989762  0.068091  0.139894  -0.050302  0.988888  0.001103  0.000871  0.000675  0.162345  0.109445  -0.029006  2.000000  
133.854701 0.007588  0.094953  -0.019341  0.982152  0.133597  -0.132399  -0.125431  0.989752  0.068245  0.140159  -0.050420  0.988844  0.001103  0.000871  0.000676  0.156984  0.117474  -0.028318  2.000000  
133.855707 0.007590  0.094955  -0.019340  0.982115  0.133626  -0.132645  -0.125426  0.989742  0.068399  0.140424  -0.050538  0.988801  0.001152  0.000913  0.000707  0.154185  0.122931  -0.028309  2.000000  
133.856950 0.007592  0.094956  -0.019338  0.982059  0.133662  -0.133023  -0.125419  0.989731  0.068569  0.140822  -0.050655  0.988738  0.001204  0.000928  0.000743  0.150129  0.136435  -0.027631  2.000000  
133.857951 0.007593  0.094958  -0.019336  0.982047  0.133488  -0.133283  -0.125212  0.989749  0.068695  0.141087  -0.050773  0.988694  0.001194  0.000930  0.000781  0.000000  0.000000  0.000000  2.000000  
133.858952 0.007595  0.094958  -0.019335  0.982010  0.133518  -0.133529  -0.125207  0.989739  0.068849  0.141352  -0.050891  0.988651  0.001266  0.000939  0.000876  0.000000  0.000000  0.000000  2.000000  
133.860200 0.007597  0.094960  -0.019333  0.981953  0.133554  -0.133907  -0.125200  0.989728  0.069019  0.141749  -0.051008  0.988588  0.001348  0.000987  0.000977  0.000000  0.000000  0.000000  2.000000  
133.861203 0.007599  0.094961  -0.019331  0.981897  0.133591  -0.134284  -0.125193  0.989717  0.069189  0.142146  -0.051125  0.988524  0.001409  0.001019  0.001064  0.000000  0.000000  0.000000  2.000000  
133.862449 0.007601  0.094962  -0.019329  0.981840  0.133628  -0.134661  -0.125185  0.989706  0.069359  0.142544  -0.051242  0.988461  0.001478  0.001062  0.001153  0.136727  0.188788  -0.024635  2.000000  
133.863455 0.007603  0.094964  -0.019327  0.981802  0.133658  -0.134908  -0.125181  0.989696  0.069513  0.142808  -0.051360  0.988417  0.001573  0.001110  0.001220  0.138798  0.194472  -0.017745  2.000000  
133.864699 0.007605  0.094965  -0.019325  0.981771  0.133507  -0.135283  -0.124971  0.989704  0.069775  0.143206  -0.051597  0.988347  0.001635  0.001143  0.001307  0.136726  0.206635  -0.023674  2.000000  
133.865947 0.007608  0.094967  -0.019323  0.981714  0.133544  -0.135660  -0.124964  0.989693  0.069945  0.143603  -0.051714  0.988283  0.001729  0.001204  0.001415  0.136716  0.215546  -0.023200  2.000000  
133.867200 0.007611  0.094970  -0.019322  0.981638  0.133588  -0.136169  -0.124954  0.989681  0.070132  0.144133  -0.051829  0.988200  0.001821  0.001313  0.001423  0.132643  0.228885  -0.022483  2.000000  
133.868203 0.007614  0.094972  -0.019320  0.981580  0.133625  -0.136546  -0.124947  0.989670  0.070302  0.144530  -0.051946  0.988136  0.001891  0.001343  0.001471  0.132636  0.237799  -0.022004  2.000000  
133.869459 0.007617  0.094974  -0.019319  0.981503  0.133670  -0.137055  -0.124937  0.989658  0.070489  0.145059  -0.052062  0.988052  0.001994  0.001418  0.001496  0.129632  0.253219  -0.021456  2.000000  
133.870701 0.007621  0.094976  -0.019316  0.981426  0.133714  -0.137563  -0.124927  0.989645  0.070676  0.145589  -0.052178  0.987968  0.002074  0.001429  0.001548  0.125494  0.264178  -0.013770  2.000000  
133.871705 0.007624  0.094978  -0.019314  0.981368  0.133751  -0.137940  -0.124920  0.989634  0.070846  0.145986  -0.052295  0.987904  0.002138  0.001480  0.001593  0.126522  0.275342  -0.013392  2.000000  
133.872951 0.007627  0.094980  -0.019312  0.981290  0.133796  -0.138448  -0.124910  0.989622  0.071033  0.146515  -0.052410  0.987819  0.002252  0.001536  0.001623  0.121442  0.286471  -0.012549  2.000000  
133.873951 0.007630  0.094982  -0.019310  0.981232  0.133817  -0.138842  -0.124903  0.989619  0.071083  0.146912  -0.052407  0.987760  0.002326  0.001566  0.001625  0.117455  0.295541  -0.012080  2.000000  
133.874951 0.007632  0.094983  -0.019309  0.981173  0.133855  -0.139219  -0.124895  0.989608  0.071253  0.147309  -0.052524  0.987695  0.002385  0.001566  0.001622  0.114278  0.302323  -0.011887  2.000000  
133.876202 0.007636  0.094985  -0.019306  0.981075  0.133906  -0.139858  -0.124883  0.989595  0.071456  0.147971  -0.052638  0.987590  0.002497  0.001599  0.001652  0.115246  0.319904  -0.004084  2.000000  
133.877464 0.007640  0.094986  -0.019304  0.980997  0.133934  -0.140382  -0.124873  0.989591  0.071523  0.148500  -0.052634  0.987511  0.002598  0.001601  0.001675  0.107049  0.333259  -0.003347  2.000000  
133.878698 0.007643  0.094988  -0.019302  0.980898  0.133986  -0.141021  -0.124860  0.989578  0.071727  0.149162  -0.052749  0.987405  0.002694  0.001630  0.001648  0.106213  0.344052  -0.002587  2.000000  
133.879699 0.007646  0.094990  -0.019300  0.980819  0.134031  -0.141529  -0.124850  0.989566  0.071913  0.149691  -0.052864  0.987319  0.002759  0.001635  0.001695  0.107078  0.360349  -0.001866  2.000000  
133.880701 0.007650  0.094992  -0.019298  0.980713  0.134263  -0.142039  -0.125042  0.989535  0.072009  0.150220  -0.052860  0.987238  0.002856  0.001664  0.001713  0.099907  0.368937  0.005483  2.000000  
133.881947 0.007655  0.094995  -0.019296  0.980613  0.134316  -0.142677  -0.125029  0.989522  0.072213  0.150882  -0.052974  0.987131  0.002940  0.001671  0.001770  0.100113  0.383502  0.013197  2.000000  
133.883203 0.007659  0.094997  -0.019294  0.980513  0.134368  -0.143316  -0.125016  0.989508  0.072416  0.151543  -0.053088  0.987024  0.003001  0.001698  0.001769  0.100085  0.392318  0.013706  2.000000  
133.884456 0.007663  0.094999  -0.019292  0.980412  0.134421  -0.143955  -0.125003  0.989495  0.072620  0.152204  -0.053203  0.986916  0.003062  0.001676  0.001767  0.096043  0.405694  0.014479  2.000000  
133.885701 0.007668  0.095002  -0.019290  0.980291  0.134463  -0.144741  -0.124988  0.989490  0.072720  0.152998  -0.053196  0.986794  0.003134  0.001678  0.001767  0.092005  0.423555  0.015442  2.000000  
133.886715 0.007671  0.095004  -0.019288  0.980209  0.134509  -0.145248  -0.124977  0.989477  0.072907  0.153526  -0.053311  0.986705  0.003202  0.001729  0.001766  0.092706  0.431282  0.015848  2.000000  
133.887950 0.007675  0.095005  -0.019286  0.980081  0.134748  -0.145888  -0.125166  0.989445  0.073021  0.154187  -0.053306  0.986603  0.003213  0.001680  0.001736  0.089966  0.440582  0.030012  2.000000  
133.888952 0.007679  0.095007  -0.019284  0.979999  0.134794  -0.146395  -0.125156  0.989433  0.073207  0.154716  -0.053421  0.986514  0.003308  0.001734  0.001747  0.090721  0.448752  0.030553  2.000000  
133.889952 0.007683  0.095008  -0.019282  0.979897  0.134830  -0.147050  -0.125143  0.989428  0.073291  0.155377  -0.053415  0.986410  0.003339  0.001683  0.001724  0.086643  0.462200  0.031291  2.000000  
133.891202 0.007688  0.095010  -0.019280  0.979793  0.134865  -0.147705  -0.125129  0.989423  0.073375  0.156038  -0.053410  0.986306  0.003461  0.001715  0.001761  0.081888  0.467290  0.031531  2.000000  
133.892454 0.007693  0.095011  -0.019276  0.979689  0.134919  -0.148343  -0.125116  0.989410  0.073578  0.156699  -0.053524  0.986195  0.003537  0.001673  0.001825  0.078486  0.480093  0.032352  2.000000  
133.893697 0.007698  0.095013  -0.019273  0.979539  0.135165  -0.149113  -0.125302  0.989377  0.073709  0.157492  -0.053517  0.986069  0.003656  0.001681  0.001908  0.075479  0.493371  0.039941  2.000000  
133.894702 0.007703  0.095015  -0.019270  0.979434  0.135219  -0.149751  -0.125288  0.989363  0.073913  0.158152  -0.053631  0.985957  0.003778  0.001664  0.001984  0.076511  0.501861  0.047299  2.000000  
133.895949 0.007709  0.095017  -0.019266  0.979308  0.135261  -0.150536  -0.125272  0.989358  0.074013  0.158945  -0.053624  0.985830  0.003878  0.001627  0.002110  0.072450  0.515353  0.048049  2.000000  
133.896949 0.007714  0.095019  -0.019263  0.979202  0.135315  -0.151173  -0.125259  0.989344  0.074217  0.159605  -0.053738  0.985717  0.004003  0.001609  0.002190  0.072467  0.524372  0.048594  2.000000  
133.898198 0.007721  0.095021  -0.019259  0.979075  0.135358  -0.151958  -0.125243  0.989339  0.074317  0.160398  -0.053731  0.985589  0.004150  0.001553  0.002348  0.067841  0.533437  0.048941  2.000000  
133.899215 0.007727  0.095022  -0.019255  0.978942  0.135597  -0.152597  -0.125430  0.989306  0.074432  0.161058  -0.053725  0.985482  0.004308  0.001537  0.002497  0.065380  0.541831  0.056432  2.000000  
133.900452 0.007734  0.095024  -0.019251  0.978792  0.135666  -0.153496  -0.125411  0.989291  0.074670  0.161982  -0.053836  0.985324  0.004453  0.001499  0.002600  0.064882  0.555366  0.057006  2.000000  
