1-Time 2-Px 3-Py 4-Pz 5-R11 6-R21 7-R31 8-R12 9-R22 10-R32 11-R13 12-R23 13-R33 14-Vx 15-Vy 16-Vz 17-Wx 18-Wy 19-Wz 20-state 21-PR11 22-PR21 23-PR31 24-PR12 25-PR22 26-PR32 27-PR13 28-PR23 29-PR33 
168.138235 0.006213  0.094480  -0.020093  0.986336  0.138786  -0.088770  -0.137953  0.990318  0.015478  0.090058  -0.003020  0.995932  -0.000789  0.000301  0.003751  0.000000  0.000000  0.000000  2.000000  
168.139239 0.006212  0.094480  -0.020089  0.986336  0.138786  -0.088770  -0.137953  0.990318  0.015478  0.090058  -0.003020  0.995932  -0.000779  0.000300  0.003711  0.000000  0.000000  0.000000  2.000000  
168.140300 0.006212  0.094480  -0.020086  0.986239  0.139398  -0.088892  -0.138561  0.990232  0.015551  0.090191  -0.003020  0.995920  -0.000747  0.000249  0.003674  0.000000  0.000000  0.000000  2.000000  
168.141493 0.006212  0.094479  -0.020082  0.986129  0.140010  -0.089146  -0.139166  0.990145  0.015643  0.090458  -0.003020  0.995896  -0.000640  0.000152  0.003628  0.000000  0.000000  0.000000  2.000000  
168.142497 0.006212  0.094477  -0.020079  0.986059  0.140429  -0.089255  -0.139571  0.990086  0.015819  0.090591  -0.003141  0.995883  -0.000612  0.000026  0.003562  0.000000  0.000000  0.000000  2.000000  
168.143735 0.006213  0.094476  -0.020075  0.985978  0.140838  -0.089512  -0.139973  0.990028  0.015893  0.090858  -0.003141  0.995859  -0.000493  -0.000095  0.003516  0.000000  0.000000  0.000000  2.000000  
168.144986 0.006215  0.094475  -0.020071  0.985867  0.141450  -0.089766  -0.140579  0.989940  0.015986  0.091124  -0.003141  0.995835  -0.000302  -0.000165  0.003466  0.000000  0.000000  0.000000  2.000000  
168.146233 0.006216  0.094475  -0.020066  0.985644  0.142674  -0.090274  -0.141790  0.989765  0.016172  0.091657  -0.003140  0.995786  -0.000171  -0.000234  0.003468  0.000000  0.000000  0.000000  2.000000  
168.147496 0.006218  0.094474  -0.020062  0.985432  0.143898  -0.090649  -0.143002  0.989588  0.016341  0.092057  -0.003140  0.995749  0.000010  -0.000280  0.003407  0.000000  0.000000  0.000000  2.000000  
168.148732 0.006218  0.094474  -0.020061  0.985218  0.145122  -0.091024  -0.144213  0.989409  0.016511  0.092456  -0.003140  0.995712  0.000140  -0.000337  0.003182  0.000000  0.000000  0.000000  2.000000  
168.149733 0.006219  0.094473  -0.020060  0.985074  0.145948  -0.091257  -0.145021  0.989287  0.016745  0.092723  -0.003261  0.995687  0.000220  -0.000395  0.002964  0.026274  0.088574  0.198458  2.000000  
168.150735 0.006220  0.094474  -0.020060  0.984888  0.146968  -0.091635  -0.146030  0.989136  0.016898  0.093123  -0.003261  0.995649  0.000342  -0.000330  0.002724  0.029696  0.102674  0.234556  2.000000  
168.151739 0.006221  0.094476  -0.020059  0.984700  0.147987  -0.092013  -0.147038  0.988984  0.017051  0.093522  -0.003261  0.995612  0.000485  -0.000258  0.002587  0.032913  0.116037  0.269000  2.000000  
168.152739 0.006222  0.094476  -0.020058  0.984480  0.149210  -0.092387  -0.148248  0.988800  0.017224  0.093922  -0.003261  0.995574  0.000626  -0.000262  0.002408  0.037422  0.129375  0.317260  2.000000  
168.153990 0.006225  0.094475  -0.020058  0.984203  0.150637  -0.093020  -0.149657  0.988584  0.017457  0.094588  -0.003260  0.995511  0.000859  -0.000295  0.002111  0.042000  0.151706  0.365550  2.000000  
168.155237 0.006227  0.094475  -0.020059  0.983936  0.152063  -0.093521  -0.151068  0.988365  0.017672  0.095121  -0.003260  0.995460  0.001017  -0.000301  0.001794  0.046588  0.169561  0.413871  2.000000  
168.156237 0.006230  0.094475  -0.020058  0.983730  0.153094  -0.094011  -0.152073  0.988206  0.017970  0.095653  -0.003381  0.995409  0.001163  -0.000253  0.001661  0.054626  0.187377  0.455234  2.000000  
168.157501 0.006233  0.094474  -0.020055  0.983490  0.154316  -0.094515  -0.153280  0.988016  0.018168  0.096186  -0.003381  0.995358  0.001353  -0.000257  0.001575  0.058580  0.205112  0.496329  2.000000  
168.158736 0.006235  0.094470  -0.020052  0.983224  0.155539  -0.095282  -0.154483  0.987824  0.018409  0.096985  -0.003380  0.995280  0.001494  -0.000404  0.001496  0.063343  0.232055  0.544907  2.000000  
168.159738 0.006238  0.094467  -0.020049  0.982981  0.156761  -0.095785  -0.155689  0.987631  0.018610  0.097518  -0.003380  0.995228  0.001602  -0.000601  0.001443  0.067374  0.249876  0.586207  2.000000  
168.160989 0.006243  0.094463  -0.020046  0.982678  0.158186  -0.096547  -0.157093  0.987403  0.018874  0.098317  -0.003380  0.995149  0.001821  -0.000797  0.001328  0.072166  0.276679  0.634446  2.000000  
168.162232 0.006247  0.094458  -0.020042  0.982450  0.159205  -0.097185  -0.158094  0.987240  0.019079  0.098982  -0.003380  0.995083  0.001971  -0.001113  0.001355  0.076326  0.299120  0.676036  2.000000  
168.163237 0.006249  0.094453  -0.020039  0.982267  0.160020  -0.097695  -0.158894  0.987108  0.019244  0.099515  -0.003379  0.995030  0.002096  -0.001422  0.001457  0.079118  0.316971  0.703526  2.000000  
168.164485 0.006253  0.094446  -0.020037  0.982037  0.161038  -0.098332  -0.159895  0.986942  0.019451  0.100181  -0.003379  0.994964  0.002291  -0.001879  0.001569  0.082631  0.336589  0.738906  2.000000  
168.165731 0.006257  0.094439  -0.020034  0.981819  0.162044  -0.098857  -0.160897  0.986778  0.019519  0.100713  -0.003258  0.994910  0.002496  -0.002340  0.001734  0.082754  0.357365  0.779627  2.000000  
168.166734 0.006261  0.094434  -0.020032  0.981600  0.163061  -0.099363  -0.161898  0.986611  0.019707  0.101246  -0.003258  0.994856  0.002648  -0.002770  0.001771  0.086250  0.375149  0.813900  2.000000  
168.167742 0.006264  0.094429  -0.020030  0.981459  0.163672  -0.099744  -0.162498  0.986510  0.019834  0.101645  -0.003258  0.994815  0.002746  -0.003178  0.001903  0.089036  0.388423  0.841199  2.000000  
168.168985 0.006267  0.094422  -0.020026  0.981258  0.164474  -0.100404  -0.163295  0.986376  0.019906  0.102310  -0.003137  0.994748  0.002806  -0.003549  0.002101  0.087169  0.412159  0.862086  2.000000  
168.170239 0.006270  0.094416  -0.020023  0.981069  0.165288  -0.100913  -0.164094  0.986240  0.020076  0.102843  -0.003137  0.994693  0.002848  -0.003969  0.002378  0.088342  0.421848  0.870543  2.000000  
168.171240 0.006272  0.094411  -0.020020  0.980927  0.165886  -0.101314  -0.164693  0.986140  0.020085  0.103242  -0.003016  0.994652  0.002840  -0.004377  0.002536  0.085126  0.429112  0.876101  2.000000  
168.172240 0.006273  0.094404  -0.020016  0.980750  0.166699  -0.101692  -0.165494  0.986003  0.020235  0.103641  -0.003016  0.994610  0.002747  -0.004705  0.002582  0.082638  0.438070  0.890028  2.000000  
168.173492 0.006274  0.094396  -0.020012  0.980593  0.167309  -0.102204  -0.166090  0.985900  0.020387  0.104174  -0.003016  0.994555  0.002594  -0.004983  0.002711  0.083633  0.446849  0.896518  2.000000  
168.174495 0.006274  0.094390  -0.020008  0.980449  0.167907  -0.102605  -0.166689  0.985799  0.020397  0.104573  -0.002895  0.994513  0.002401  -0.005218  0.002833  0.079823  0.452188  0.896074  2.000000  
168.175738 0.006274  0.094382  -0.020002  0.980304  0.168505  -0.103006  -0.167287  0.985697  0.020408  0.104972  -0.002774  0.994471  0.002114  -0.005496  0.002974  0.074788  0.451541  0.882731  2.000000  
168.176981 0.006272  0.094372  -0.019996  0.980159  0.169102  -0.103408  -0.167885  0.985595  0.020419  0.105371  -0.002654  0.994429  0.001744  -0.005795  0.003124  0.069074  0.452410  0.861826  2.000000  
168.178237 0.006271  0.094363  -0.019988  0.979999  0.169699  -0.103940  -0.168481  0.985493  0.020454  0.105903  -0.002533  0.994373  0.001422  -0.005962  0.003410  0.063290  0.456288  0.841344  2.000000  
168.179485 0.006268  0.094354  -0.019979  0.979839  0.170284  -0.104493  -0.169077  0.985392  0.020370  0.106436  -0.002292  0.994317  0.001032  -0.006072  0.003872  0.050075  0.460877  0.827522  2.000000  
168.180486 0.006267  0.094348  -0.019972  0.979741  0.170678  -0.104768  -0.169475  0.985325  0.020338  0.106702  -0.002171  0.994289  0.000653  -0.006197  0.004218  0.044471  0.457201  0.807056  2.000000  
168.181736 0.006264  0.094340  -0.019963  0.979615  0.171072  -0.105304  -0.169869  0.985256  0.020353  0.107234  -0.002050  0.994232  0.000196  -0.006266  0.004646  0.038103  0.457323  0.779668  2.000000  
168.182984 0.006261  0.094332  -0.019955  0.979502  0.171452  -0.105731  -0.170265  0.985191  0.020226  0.107633  -0.001809  0.994189  -0.000230  -0.006376  0.004971  0.026918  0.453010  0.745364  2.000000  
168.183988 0.006257  0.094325  -0.019948  0.979404  0.171846  -0.106005  -0.170663  0.985122  0.020195  0.107899  -0.001688  0.994160  -0.000670  -0.006487  0.005262  0.020395  0.444233  0.718020  2.000000  
168.184988 0.006254  0.094318  -0.019943  0.979305  0.172239  -0.106280  -0.171062  0.985054  0.020165  0.108165  -0.001568  0.994132  -0.001108  -0.006589  0.005473  0.013261  0.439069  0.689503  2.000000  
168.185989 0.006249  0.094312  -0.019938  0.979206  0.172632  -0.106555  -0.171460  0.984985  0.020136  0.108431  -0.001447  0.994103  -0.001566  -0.006699  0.005580  0.003265  0.430117  0.668787  2.000000  
168.187237 0.006243  0.094304  -0.019931  0.979142  0.172809  -0.106855  -0.171656  0.984955  0.019964  0.108697  -0.001206  0.994074  -0.002012  -0.006692  0.005670  -0.008170  0.421484  0.634569  2.000000  
168.188488 0.006236  0.094297  -0.019926  0.979043  0.173202  -0.107129  -0.172054  0.984886  0.019935  0.108963  -0.001085  0.994045  -0.002530  -0.006634  0.005720  -0.013968  0.404550  0.608527  2.000000  
168.189735 0.006228  0.094289  -0.019921  0.978993  0.173392  -0.107277  -0.172253  0.984852  0.019861  0.109096  -0.000965  0.994031  -0.003098  -0.006629  0.005692  -0.022021  0.386806  0.567433  2.000000  
168.190738 0.006221  0.094282  -0.019917  0.978893  0.173785  -0.107552  -0.172651  0.984783  0.019832  0.109362  -0.000844  0.994002  -0.003534  -0.006609  0.005702  -0.029570  0.372149  0.537653  2.000000  
168.191988 0.006212  0.094274  -0.019911  0.978807  0.174177  -0.107696  -0.173052  0.984714  0.019780  0.109495  -0.000723  0.993987  -0.004050  -0.006508  0.005621  -0.035588  0.354158  0.516812  2.000000  
168.193005 0.006205  0.094269  -0.019907  0.978757  0.174367  -0.107844  -0.173251  0.984681  0.019705  0.109628  -0.000603  0.993973  -0.004450  -0.006399  0.005472  -0.041645  0.340599  0.495894  2.000000  
168.194234 0.006196  0.094262  -0.019902  0.978693  0.174557  -0.108123  -0.173447  0.984647  0.019655  0.109894  -0.000482  0.993943  -0.004851  -0.006274  0.005293  -0.047335  0.329148  0.471575  2.000000  
168.195238 0.006189  0.094257  -0.019898  0.978642  0.174746  -0.108271  -0.173646  0.984613  0.019581  0.110027  -0.000362  0.993929  -0.005294  -0.006162  0.005030  -0.050474  0.318433  0.447792  2.000000  
168.196485 0.006180  0.094251  -0.019892  0.978592  0.174923  -0.108440  -0.173845  0.984582  0.019387  0.110160  -0.000121  0.993914  -0.005689  -0.006041  0.004802  -0.060908  0.302598  0.416823  2.000000  
168.197496 0.006174  0.094247  -0.019887  0.978542  0.175112  -0.108589  -0.174044  0.984548  0.019314  0.110293  0.000000  0.993899  -0.005915  -0.005825  0.004722  -0.066993  0.289268  0.396283  2.000000  
168.198735 0.006165  0.094242  -0.019882  0.978491  0.175289  -0.108758  -0.174243  0.984517  0.019120  0.110426  0.000241  0.993884  -0.006262  -0.005630  0.004528  -0.073087  0.275969  0.375696  2.000000  
168.199983 0.006157  0.094237  -0.019877  0.978441  0.175478  -0.108906  -0.174442  0.984483  0.019047  0.110559  0.000362  0.993870  -0.006446  -0.005404  0.004386  -0.078472  0.262644  0.362019  2.000000  
168.200994 0.006151  0.094234  -0.019873  0.978391  0.175654  -0.109076  -0.174640  0.984452  0.018854  0.110692  0.000603  0.993855  -0.006610  -0.005206  0.004312  -0.085292  0.251402  0.344275  2.000000  
168.202235 0.006143  0.094229  -0.019868  0.978391  0.175628  -0.109119  -0.174640  0.984456  0.018615  0.110692  0.000844  0.993854  -0.006678  -0.005030  0.004205  -0.095568  0.236071  0.314160  2.000000  
168.203250 0.006136  0.094225  -0.019864  0.978355  0.175817  -0.109136  -0.174842  0.984422  0.018518  0.110692  0.000964  0.993854  -0.006731  -0.004867  0.004158  -0.101804  0.219993  0.302854  2.000000  
168.204487 0.006129  0.094221  -0.019860  0.978304  0.175993  -0.109306  -0.175041  0.984391  0.018325  0.110825  0.001205  0.993839  -0.006701  -0.004623  0.004125  -0.106455  0.209428  0.286796  2.000000  
168.205488 0.006124  0.094217  -0.019858  0.978304  0.175980  -0.109327  -0.175041  0.984393  0.018206  0.110825  0.001326  0.993839  -0.006641  -0.004430  0.004019  -0.109506  0.197693  0.268454  2.000000  
168.206734 0.006117  0.094213  -0.019856  0.978304  0.175953  -0.109370  -0.175041  0.984397  0.017967  0.110825  0.001567  0.993839  -0.006497  -0.004218  0.003789  -0.115761  0.184241  0.247739  2.000000  
168.207736 0.006112  0.094209  -0.019855  0.978304  0.175953  -0.109370  -0.175041  0.984397  0.017967  0.110825  0.001567  0.993839  -0.006325  -0.004029  0.003534  -0.112271  0.169471  0.232176  2.000000  
168.208985 0.006106  0.094205  -0.019855  0.978304  0.175940  -0.109391  -0.175041  0.984399  0.017847  0.110825  0.001688  0.993839  -0.006131  -0.003839  0.003187  -0.115340  0.152841  0.213318  2.000000  
168.210239 0.006100  0.094202  -0.019855  0.978304  0.175927  -0.109413  -0.175041  0.984402  0.017728  0.110825  0.001808  0.993838  -0.005903  -0.003703  0.002782  -0.113461  0.139370  0.192616  2.000000  
168.211482 0.006096  0.094199  -0.019855  0.978304  0.175927  -0.109413  -0.175041  0.984402  0.017728  0.110825  0.001808  0.993838  -0.005616  -0.003507  0.002455  0.000000  0.000000  0.000000  2.000000  
168.212736 0.006092  0.094196  -0.019855  0.978340  0.175711  -0.109438  -0.174839  0.984440  0.017586  0.110825  0.001929  0.993838  -0.005281  -0.003329  0.002043  0.000000  0.000000  0.000000  2.000000  
168.213981 0.006089  0.094194  -0.019854  0.978340  0.175698  -0.109459  -0.174839  0.984442  0.017467  0.110825  0.002049  0.993838  -0.004921  -0.003141  0.001736  0.000000  0.000000  0.000000  2.000000  
168.214981 0.006087  0.094192  -0.019853  0.978340  0.175698  -0.109459  -0.174839  0.984442  0.017467  0.110825  0.002049  0.993838  -0.004640  -0.003012  0.001560  0.000000  0.000000  0.000000  2.000000  
168.216242 0.006086  0.094191  -0.019852  0.978391  0.175482  -0.109353  -0.174640  0.984480  0.017301  0.110692  0.002170  0.993852  -0.004196  -0.002768  0.001238  0.000000  0.000000  0.000000  2.000000  
168.217498 0.006084  0.094190  -0.019851  0.978391  0.175469  -0.109374  -0.174640  0.984482  0.017182  0.110692  0.002290  0.993852  -0.003733  -0.002515  0.001033  0.000000  0.000000  0.000000  2.000000  
168.218499 0.006084  0.094189  -0.019850  0.978391  0.175455  -0.109395  -0.174640  0.984484  0.017063  0.110692  0.002411  0.993852  -0.003375  -0.002288  0.000899  0.000000  0.000000  0.000000  2.000000  
168.219738 0.006084  0.094189  -0.019848  0.978426  0.175239  -0.109420  -0.174439  0.984523  0.016921  0.110692  0.002532  0.993852  -0.002895  -0.002009  0.000753  0.000000  0.000000  0.000000  2.000000  
168.220988 0.006084  0.094190  -0.019847  0.978426  0.175226  -0.109441  -0.174439  0.984525  0.016801  0.110692  0.002652  0.993851  -0.002402  -0.001676  0.000657  0.000000  0.000000  0.000000  2.000000  
168.222235 0.006085  0.094191  -0.019846  0.978426  0.175213  -0.109463  -0.174439  0.984527  0.016682  0.110692  0.002773  0.993851  -0.001979  -0.001367  0.000667  0.000000  0.000000  0.000000  2.000000  
168.223239 0.006086  0.094191  -0.019844  0.978426  0.175213  -0.109463  -0.174439  0.984527  0.016682  0.110692  0.002773  0.993851  -0.001509  -0.001026  0.000679  0.000000  0.000000  0.000000  2.000000  
168.224487 0.006087  0.094193  -0.019844  0.978462  0.174997  -0.109487  -0.174238  0.984565  0.016540  0.110692  0.002893  0.993851  -0.001057  -0.000686  0.000739  0.000000  0.000000  0.000000  2.000000  
168.225488 0.006088  0.094194  -0.019843  0.978462  0.174997  -0.109487  -0.174238  0.984565  0.016540  0.110692  0.002893  0.993851  -0.000758  -0.000426  0.000790  0.000000  0.000000  0.000000  2.000000  
168.226730 0.006090  0.094196  -0.019843  0.978462  0.174997  -0.109487  -0.174238  0.984565  0.016540  0.110692  0.002893  0.993851  -0.000362  -0.000138  0.000797  0.000000  0.000000  0.000000  2.000000  
168.227736 0.006091  0.094197  -0.019843  0.978448  0.174997  -0.109618  -0.174235  0.984565  0.016563  0.110825  0.002893  0.993836  -0.000080  0.000090  0.000765  0.000000  0.000000  0.000000  2.000000  
168.228983 0.006092  0.094198  -0.019844  0.978448  0.174997  -0.109618  -0.174235  0.984565  0.016563  0.110825  0.002893  0.993836  0.000187  0.000291  0.000661  0.000000  0.000000  0.000000  2.000000  
168.229983 0.006092  0.094199  -0.019845  0.978448  0.174997  -0.109618  -0.174235  0.984565  0.016563  0.110825  0.002893  0.993836  0.000363  0.000466  0.000587  0.000000  0.000000  0.000000  2.000000  
168.231236 0.006093  0.094200  -0.019846  0.978448  0.174997  -0.109618  -0.174235  0.984565  0.016563  0.110825  0.002893  0.993836  0.000519  0.000600  0.000410  0.000000  0.000000  0.000000  2.000000  
168.232236 0.006094  0.094200  -0.019847  0.978448  0.174997  -0.109618  -0.174235  0.984565  0.016563  0.110825  0.002893  0.993836  0.000662  0.000706  0.000273  0.000000  0.000000  0.000000  2.000000  
168.233490 0.006095  0.094201  -0.019848  0.978448  0.174997  -0.109618  -0.174235  0.984565  0.016563  0.110825  0.002893  0.993836  0.000782  0.000788  0.000127  0.000000  0.000000  0.000000  2.000000  
168.234500 0.006096  0.094202  -0.019848  0.978448  0.174997  -0.109618  -0.174235  0.984565  0.016563  0.110825  0.002893  0.993836  0.000815  0.000840  -0.000042  0.000000  0.000000  0.000000  2.000000  
168.235734 0.006097  0.094203  -0.019848  0.978412  0.175199  -0.109615  -0.174436  0.984529  0.016586  0.110825  0.002893  0.993836  0.000843  0.000874  -0.000106  0.000000  0.000000  0.000000  2.000000  
168.236736 0.006098  0.094204  -0.019848  0.978412  0.175199  -0.109615  -0.174436  0.984529  0.016586  0.110825  0.002893  0.993836  0.000898  0.000913  -0.000127  0.000000  0.000000  0.000000  2.000000  
168.237737 0.006098  0.094205  -0.019847  0.978397  0.175199  -0.109746  -0.174434  0.984529  0.016609  0.110958  0.002893  0.993821  0.000899  0.000935  -0.000174  0.000000  0.000000  0.000000  2.000000  
168.238986 0.006099  0.094206  -0.019846  0.978397  0.175199  -0.109746  -0.174434  0.984529  0.016609  0.110958  0.002893  0.993821  0.000867  0.000886  -0.000147  0.000000  0.000000  0.000000  2.000000  
168.240006 0.006099  0.094206  -0.019845  0.978397  0.175199  -0.109746  -0.174434  0.984529  0.016609  0.110958  0.002893  0.993821  0.000785  0.000857  -0.000155  0.000000  0.000000  0.000000  2.000000  
168.241236 0.006099  0.094207  -0.019845  0.978397  0.175212  -0.109725  -0.174434  0.984527  0.016728  0.110958  0.002773  0.993821  0.000683  0.000757  -0.000128  0.000000  0.000000  0.000000  2.000000  
168.242236 0.006099  0.094206  -0.019845  0.978397  0.175212  -0.109725  -0.174434  0.984527  0.016728  0.110958  0.002773  0.993821  0.000580  0.000657  -0.000101  0.000000  0.000000  0.000000  2.000000  
168.243253 0.006098  0.094206  -0.019845  0.978397  0.175212  -0.109725  -0.174434  0.984527  0.016728  0.110958  0.002773  0.993821  0.000476  0.000555  -0.000074  0.000000  0.000000  0.000000  2.000000  
168.244488 0.006097  0.094205  -0.019845  0.978419  0.175022  -0.109838  -0.174230  0.984561  0.016849  0.111091  0.002652  0.993807  0.000342  0.000428  -0.000066  0.000000  0.000000  0.000000  2.000000  
168.245730 0.006096  0.094203  -0.019846  0.978419  0.175022  -0.109838  -0.174230  0.984561  0.016849  0.111091  0.002652  0.993807  0.000184  0.000245  -0.000069  0.000000  0.000000  0.000000  2.000000  
168.246733 0.006095  0.094203  -0.019847  0.978419  0.175036  -0.109816  -0.174230  0.984559  0.016968  0.111091  0.002531  0.993807  0.000063  0.000172  -0.000012  0.000000  0.000000  0.000000  2.000000  
168.247735 0.006094  0.094201  -0.019847  0.978419  0.175036  -0.109816  -0.174230  0.984559  0.016968  0.111091  0.002531  0.993807  -0.000060  0.000023  0.000003  0.000000  0.000000  0.000000  2.000000  
168.248981 0.006093  0.094200  -0.019849  0.978454  0.174846  -0.109799  -0.174028  0.984593  0.017065  0.111091  0.002411  0.993807  -0.000212  -0.000131  -0.000047  0.000000  0.000000  0.000000  2.000000  
168.249981 0.006091  0.094198  -0.019850  0.978454  0.174860  -0.109777  -0.174028  0.984591  0.017184  0.111091  0.002290  0.993808  -0.000324  -0.000282  -0.000070  0.000000  0.000000  0.000000  2.000000  
168.250986 0.006091  0.094197  -0.019851  0.978454  0.174873  -0.109756  -0.174028  0.984589  0.017304  0.111091  0.002170  0.993808  -0.000416  -0.000437  -0.000169  0.000000  0.000000  0.000000  2.000000  
168.251986 0.006090  0.094196  -0.019852  0.978490  0.174670  -0.109760  -0.173827  0.984625  0.017281  0.111091  0.002170  0.993808  -0.000517  -0.000601  -0.000272  0.000000  0.000000  0.000000  2.000000  
168.253248 0.006090  0.094194  -0.019852  0.978490  0.174684  -0.109739  -0.173827  0.984622  0.017401  0.111091  0.002049  0.993808  -0.000611  -0.000758  -0.000373  0.000000  0.000000  0.000000  2.000000  
168.254491 0.006090  0.094193  -0.019853  0.978490  0.174684  -0.109739  -0.173827  0.984622  0.017401  0.111091  0.002049  0.993808  -0.000634  -0.000886  -0.000427  0.000000  0.000000  0.000000  2.000000  
168.255738 0.006089  0.094192  -0.019853  0.978511  0.174494  -0.109852  -0.173623  0.984656  0.017521  0.111224  0.001929  0.993794  -0.000655  -0.000973  -0.000481  0.000000  0.000000  0.000000  2.000000  
168.256985 0.006089  0.094191  -0.019853  0.978511  0.174507  -0.109831  -0.173623  0.984654  0.017640  0.111224  0.001808  0.993794  -0.000637  -0.001039  -0.000512  0.000000  0.000000  0.000000  2.000000  
168.257985 0.006090  0.094190  -0.019852  0.978547  0.174305  -0.109834  -0.173421  0.984690  0.017617  0.111224  0.001808  0.993794  -0.000597  -0.001071  -0.000526  0.000000  0.000000  0.000000  2.000000  
168.259234 0.006090  0.094189  -0.019851  0.978532  0.174304  -0.109965  -0.173419  0.984690  0.017641  0.111357  0.001808  0.993779  -0.000518  -0.001087  -0.000426  0.000000  0.000000  0.000000  2.000000  
168.260486 0.006090  0.094188  -0.019851  0.978532  0.174318  -0.109944  -0.173419  0.984688  0.017760  0.111357  0.001688  0.993779  -0.000403  -0.001019  -0.000308  0.000000  0.000000  0.000000  2.000000  
168.261486 0.006090  0.094188  -0.019850  0.978568  0.174128  -0.109927  -0.173217  0.984722  0.017857  0.111357  0.001567  0.993779  -0.000306  -0.000945  -0.000200  0.000000  0.000000  0.000000  2.000000  
168.262733 0.006091  0.094189  -0.019848  0.978568  0.174128  -0.109927  -0.173217  0.984722  0.017857  0.111357  0.001567  0.993779  -0.000155  -0.000835  -0.000058  0.000000  0.000000  0.000000  2.000000  
168.263981 0.006093  0.094189  -0.019848  0.978589  0.173939  -0.110040  -0.173013  0.984755  0.017977  0.111490  0.001446  0.993765  0.000007  -0.000726  0.000046  0.000000  0.000000  0.000000  2.000000  
168.264981 0.006094  0.094190  -0.019847  0.978589  0.173952  -0.110019  -0.173013  0.984753  0.018096  0.111490  0.001326  0.993765  0.000179  -0.000544  0.000153  0.000000  0.000000  0.000000  2.000000  
168.266237 0.006096  0.094191  -0.019847  0.978610  0.173763  -0.110133  -0.172809  0.984787  0.018216  0.111623  0.001205  0.993750  0.000341  -0.000414  0.000211  0.000000  0.000000  0.000000  2.000000  
168.267238 0.006098  0.094192  -0.019847  0.978610  0.173776  -0.110112  -0.172809  0.984785  0.018336  0.111623  0.001085  0.993750  0.000474  -0.000235  0.000291  0.000000  0.000000  0.000000  2.000000  
168.268239 0.006100  0.094193  -0.019847  0.978645  0.173573  -0.110115  -0.172608  0.984820  0.018313  0.111623  0.001085  0.993750  0.000657  -0.000055  0.000361  0.000000  0.000000  0.000000  2.000000  
168.269494 0.006102  0.094195  -0.019847  0.978631  0.173586  -0.110225  -0.172605  0.984818  0.018456  0.111756  0.000964  0.993735  0.000894  0.000153  0.000417  0.000000  0.000000  0.000000  2.000000  
168.270735 0.006105  0.094197  -0.019846  0.978631  0.173600  -0.110204  -0.172605  0.984816  0.018575  0.111756  0.000844  0.993735  0.001022  0.000328  0.000453  0.000000  0.000000  0.000000  2.000000  
168.271985 0.006108  0.094199  -0.019844  0.978652  0.173397  -0.110339  -0.172401  0.984852  0.018575  0.111889  0.000844  0.993720  0.001216  0.000560  0.000571  0.000000  0.000000  0.000000  2.000000  
168.272986 0.006110  0.094200  -0.019843  0.978637  0.173410  -0.110449  -0.172399  0.984849  0.018718  0.112021  0.000723  0.993706  0.001351  0.000723  0.000604  0.000000  0.000000  0.000000  2.000000  
168.274235 0.006113  0.094203  -0.019841  0.978637  0.173410  -0.110449  -0.172399  0.984849  0.018718  0.112021  0.000723  0.993706  0.001557  0.000957  0.000686  0.000000  0.000000  0.000000  2.000000  
168.275237 0.006116  0.094205  -0.019840  0.978657  0.173207  -0.110584  -0.172194  0.984885  0.018718  0.112154  0.000723  0.993691  0.001743  0.001140  0.000756  0.000000  0.000000  0.000000  2.000000  
168.276483 0.006119  0.094208  -0.019837  0.978643  0.173221  -0.110694  -0.172192  0.984883  0.018861  0.112287  0.000603  0.993676  0.001887  0.001303  0.000851  0.000000  0.000000  0.000000  2.000000  
168.277499 0.006121  0.094210  -0.019835  0.978628  0.173221  -0.110825  -0.172189  0.984883  0.018884  0.112420  0.000603  0.993661  0.002031  0.001477  0.000888  0.000000  0.000000  0.000000  2.000000  
168.278734 0.006125  0.094214  -0.019833  0.978648  0.173018  -0.110959  -0.171985  0.984919  0.018884  0.112553  0.000603  0.993646  0.002209  0.001740  0.001040  0.000000  0.000000  0.000000  2.000000  
168.279981 0.006130  0.094218  -0.019830  0.978619  0.173031  -0.111200  -0.171980  0.984916  0.019049  0.112819  0.000482  0.993615  0.002355  0.001870  0.001138  0.000000  0.000000  0.000000  2.000000  
168.280981 0.006133  0.094221  -0.019828  0.978604  0.173031  -0.111331  -0.171977  0.984916  0.019072  0.112952  0.000482  0.993600  0.002511  0.002089  0.001317  0.000000  0.000000  0.000000  2.000000  
168.281983 0.006137  0.094225  -0.019826  0.978624  0.172828  -0.111466  -0.171773  0.984952  0.019073  0.113085  0.000482  0.993585  0.002655  0.002225  0.001454  0.000000  0.000000  0.000000  2.000000  
168.282986 0.006140  0.094228  -0.019823  0.978609  0.172842  -0.111576  -0.171771  0.984950  0.019215  0.113218  0.000362  0.993570  0.002743  0.002324  0.001602  0.000000  0.000000  0.000000  2.000000  
168.283987 0.006144  0.094231  -0.019822  0.978595  0.172842  -0.111707  -0.171768  0.984950  0.019238  0.113351  0.000362  0.993555  0.002871  0.002467  0.001679  0.000000  0.000000  0.000000  2.000000  
168.284989 0.006148  0.094234  -0.019820  0.978580  0.172842  -0.111838  -0.171765  0.984950  0.019261  0.113484  0.000362  0.993540  0.002984  0.002598  0.001749  0.000000  0.000000  0.000000  2.000000  
168.285991 0.006152  0.094238  -0.019818  0.978550  0.172841  -0.112100  -0.171760  0.984950  0.019307  0.113750  0.000362  0.993509  0.003138  0.002732  0.001846  0.000000  0.000000  0.000000  2.000000  
168.287236 0.006157  0.094242  -0.019816  0.978570  0.172652  -0.112214  -0.171556  0.984983  0.019426  0.113883  0.000241  0.993494  0.003259  0.002817  0.001836  0.000000  0.000000  0.000000  2.000000  
168.288488 0.006163  0.094246  -0.019814  0.978540  0.172652  -0.112476  -0.171551  0.984983  0.019472  0.114149  0.000241  0.993464  0.003451  0.002974  0.001913  0.000000  0.000000  0.000000  2.000000  
168.289735 0.006168  0.094250  -0.019812  0.978510  0.172652  -0.112738  -0.171545  0.984983  0.019518  0.114414  0.000241  0.993433  0.003614  0.003052  0.001885  0.000000  0.000000  0.000000  2.000000  
168.290737 0.006173  0.094254  -0.019810  0.978515  0.172449  -0.113003  -0.171339  0.985018  0.019541  0.114680  0.000241  0.993402  0.003785  0.003178  0.001896  0.000000  0.000000  0.000000  2.000000  
168.291986 0.006180  0.094258  -0.019808  0.978470  0.172449  -0.113396  -0.171331  0.985018  0.019609  0.115079  0.000241  0.993356  0.003990  0.003261  0.001894  0.000000  0.000000  0.000000  2.000000  
168.293237 0.006187  0.094263  -0.019805  0.978424  0.172449  -0.113789  -0.171323  0.985018  0.019678  0.115478  0.000241  0.993310  0.004216  0.003372  0.001950  0.000000  0.000000  0.000000  2.000000  
168.294241 0.006193  0.094267  -0.019802  0.978393  0.172463  -0.114030  -0.171317  0.985016  0.019844  0.115743  0.000120  0.993279  0.004377  0.003426  0.001966  0.000000  0.000000  0.000000  2.000000  
168.295487 0.006200  0.094272  -0.019799  0.978348  0.172463  -0.114423  -0.171309  0.985016  0.019912  0.116142  0.000120  0.993233  0.004601  0.003536  0.002022  0.000000  0.000000  0.000000  2.000000  
168.296733 0.006208  0.094278  -0.019795  0.978337  0.172260  -0.114819  -0.171100  0.985052  0.019957  0.116541  0.000120  0.993186  0.004819  0.003617  0.002090  0.000000  0.000000  0.000000  2.000000  
168.297733 0.006214  0.094282  -0.019792  0.978291  0.172260  -0.115212  -0.171092  0.985052  0.020026  0.116939  0.000120  0.993139  0.004991  0.003682  0.002142  0.026081  0.178427  -0.054666  2.000000  
168.298981 0.006222  0.094287  -0.019788  0.978244  0.172260  -0.115605  -0.171084  0.985052  0.020095  0.117338  0.000120  0.993092  0.005201  0.003738  0.002254  0.022803  0.187316  -0.047829  2.000000  
168.299985 0.006228  0.094292  -0.019785  0.978198  0.172246  -0.116018  -0.171076  0.985054  0.020044  0.117737  0.000241  0.993045  0.005380  0.003821  0.002328  0.018747  0.200671  -0.047842  2.000000  
168.300990 0.006235  0.094296  -0.019782  0.978151  0.172246  -0.116411  -0.171068  0.985054  0.020113  0.118135  0.000241  0.992997  0.005530  0.003877  0.002382  0.015609  0.211333  -0.041355  2.000000  
168.302235 0.006243  0.094301  -0.019779  0.978089  0.172245  -0.116934  -0.171057  0.985054  0.020204  0.118667  0.000241  0.992934  0.005751  0.003964  0.002483  0.015470  0.227445  -0.041026  2.000000  
168.303245 0.006250  0.094306  -0.019776  0.978061  0.172043  -0.117462  -0.170844  0.985089  0.020272  0.119198  0.000241  0.992870  0.005927  0.004036  0.002579  0.010707  0.242802  -0.048226  2.000000  
168.304488 0.006259  0.094312  -0.019772  0.977998  0.172042  -0.117985  -0.170833  0.985090  0.020363  0.119729  0.000241  0.992807  0.006164  0.004178  0.002733  0.011405  0.258730  -0.041034  2.000000  
168.305495 0.006267  0.094317  -0.019769  0.977935  0.172042  -0.118509  -0.170822  0.985090  0.020454  0.120261  0.000241  0.992742  0.006345  0.004271  0.002782  0.011480  0.274239  -0.041359  2.000000  
168.306497 0.006275  0.094321  -0.019765  0.977872  0.172042  -0.119032  -0.170811  0.985090  0.020546  0.120792  0.000241  0.992678  0.006537  0.004322  0.002890  0.007389  0.287671  -0.041338  2.000000  
168.307498 0.006283  0.094326  -0.019762  0.977808  0.172042  -0.119556  -0.170800  0.985090  0.020637  0.121323  0.000241  0.992613  0.006710  0.004430  0.002957  0.007318  0.298808  -0.041020  2.000000  
168.308735 0.006293  0.094332  -0.019758  0.977728  0.172042  -0.120210  -0.170786  0.985090  0.020752  0.121987  0.000241  0.992532  0.006919  0.004493  0.003004  0.008173  0.319271  -0.034494  2.000000  
168.309988 0.006304  0.094339  -0.019754  0.977631  0.172042  -0.120995  -0.170769  0.985090  0.020889  0.122784  0.000241  0.992433  0.007144  0.004582  0.003107  0.004078  0.337252  -0.034478  2.000000  
168.311233 0.006315  0.094345  -0.019749  0.977533  0.172042  -0.121779  -0.170752  0.985090  0.021026  0.123581  0.000241  0.992334  0.007402  0.004645  0.003142  0.004062  0.359750  -0.034485  2.000000  
168.312482 0.006326  0.094351  -0.019744  0.977470  0.171839  -0.122568  -0.170534  0.985125  0.021138  0.124377  0.000241  0.992235  0.007594  0.004640  0.003256  0.004012  0.379093  -0.034208  2.000000  
168.313489 0.006336  0.094356  -0.019740  0.977405  0.171838  -0.123091  -0.170522  0.985125  0.021229  0.124908  0.000241  0.992168  0.007831  0.004699  0.003326  -0.000045  0.391189  -0.034466  2.000000  
168.314730 0.006348  0.094362  -0.019734  0.977289  0.171823  -0.124028  -0.170502  0.985128  0.021269  0.125838  0.000361  0.992051  0.008068  0.004738  0.003442  -0.004107  0.414900  -0.034228  2.000000  
168.315733 0.006358  0.094366  -0.019730  0.977206  0.171823  -0.124681  -0.170488  0.985128  0.021383  0.126501  0.000361  0.991966  0.008281  0.004775  0.003495  -0.004120  0.432672  -0.034227  2.000000  
168.316733 0.006368  0.094371  -0.019725  0.977106  0.171823  -0.125466  -0.170470  0.985128  0.021520  0.127298  0.000361  0.991865  0.008530  0.004791  0.003620  -0.003311  0.450527  -0.027418  2.000000  
168.317742 0.006378  0.094376  -0.019720  0.977021  0.171822  -0.126120  -0.170455  0.985128  0.021634  0.127961  0.000361  0.991779  0.008769  0.004805  0.003798  -0.007425  0.472144  -0.027616  2.000000  
168.318985 0.006391  0.094382  -0.019714  0.976886  0.171822  -0.127165  -0.170432  0.985128  0.021816  0.129023  0.000361  0.991642  0.009038  0.004852  0.003966  -0.007446  0.494684  -0.027623  2.000000  
168.319986 0.006403  0.094387  -0.019709  0.976784  0.171822  -0.127949  -0.170414  0.985128  0.021953  0.129819  0.000361  0.991538  0.009330  0.004894  0.004073  -0.007460  0.517224  -0.027631  2.000000  
168.320988 0.006414  0.094393  -0.019704  0.976681  0.171806  -0.128754  -0.170396  0.985131  0.021971  0.130615  0.000481  0.991433  0.009576  0.004936  0.004252  -0.010701  0.535133  -0.020796  2.000000  
168.322236 0.006429  0.094399  -0.019697  0.976525  0.171805  -0.129930  -0.170369  0.985131  0.022176  0.131808  0.000481  0.991275  0.009901  0.004936  0.004381  -0.010719  0.562185  -0.020806  2.000000  
168.323488 0.006444  0.094406  -0.019691  0.976385  0.171805  -0.130976  -0.170344  0.985131  0.022358  0.132869  0.000481  0.991133  0.010216  0.004977  0.004552  -0.014808  0.584550  -0.020773  2.000000  
168.324735 0.006459  0.094413  -0.019684  0.976245  0.171804  -0.132021  -0.170320  0.985131  0.022540  0.133930  0.000481  0.990991  0.010515  0.005000  0.004710  -0.014824  0.607092  -0.020780  2.000000  
168.325735 0.006472  0.094418  -0.019678  0.976139  0.171804  -0.132804  -0.170301  0.985131  0.022677  0.134726  0.000481  0.990883  0.010798  0.005042  0.004857  -0.013967  0.625089  -0.013919  2.000000  
168.327028 0.006488  0.094425  -0.019672  0.976013  0.171600  -0.133984  -0.170072  0.985167  0.022855  0.135919  0.000481  0.990720  0.011109  0.005048  0.004986  -0.014831  0.646601  -0.020758  2.000000  
168.328231 0.006505  0.094431  -0.019665  0.975851  0.171600  -0.135160  -0.170044  0.985167  0.023059  0.137112  0.000481  0.990555  0.011444  0.005083  0.005110  -0.014746  0.673449  -0.020625  2.000000  
168.329236 0.006519  0.094436  -0.019658  0.975724  0.171599  -0.136074  -0.170022  0.985167  0.023219  0.138039  0.000481  0.990427  0.011773  0.005128  0.005294  -0.014884  0.692545  -0.020799  2.000000  
168.330483 0.006537  0.094442  -0.019650  0.975541  0.171599  -0.137379  -0.169990  0.985167  0.023446  0.139364  0.000480  0.990241  0.012113  0.005147  0.005387  -0.010828  0.724223  -0.020856  2.000000  
168.331486 0.006551  0.094447  -0.019644  0.975412  0.171598  -0.138293  -0.169968  0.985167  0.023605  0.140292  0.000480  0.990110  0.012395  0.005163  0.005491  -0.010752  0.736042  -0.020687  2.000000  
168.332486 0.006565  0.094452  -0.019638  0.975264  0.171598  -0.139337  -0.169942  0.985167  0.023787  0.141352  0.000480  0.989959  0.012684  0.005184  0.005596  -0.010766  0.758299  -0.020692  2.000000  
168.333730 0.006584  0.094458  -0.019630  0.975058  0.171597  -0.140772  -0.169906  0.985167  0.024037  0.142808  0.000480  0.989750  0.013038  0.005177  0.005706  -0.009888  0.789618  -0.013898  2.000000  
168.334737 0.006600  0.094463  -0.019623  0.974907  0.171597  -0.141815  -0.169880  0.985167  0.024219  0.143868  0.000480  0.989597  0.013314  0.005143  0.005809  -0.009981  0.809577  -0.014015  2.000000  
168.335987 0.006620  0.094470  -0.019615  0.974697  0.171596  -0.143250  -0.169843  0.985167  0.024469  0.145324  0.000480  0.989384  0.013714  0.005141  0.005950  -0.009994  0.836467  -0.014021  2.000000  
168.337236 0.006640  0.094476  -0.019606  0.974540  0.171393  -0.144559  -0.169609  0.985203  0.024667  0.146648  0.000480  0.989189  0.014140  0.005143  0.006096  -0.010940  0.859352  -0.020895  2.000000  
168.338236 0.006657  0.094482  -0.019599  0.974365  0.171392  -0.145733  -0.169579  0.985203  0.024871  0.147839  0.000480  0.989011  0.014468  0.005185  0.006230  -0.010954  0.881504  -0.020892  2.000000  
168.339488 0.006679  0.094489  -0.019590  0.974130  0.171391  -0.147297  -0.169538  0.985203  0.025143  0.149427  0.000480  0.988773  0.014870  0.005181  0.006372  -0.010976  0.912870  -0.020898  2.000000  
168.340739 0.006701  0.094497  -0.019581  0.973912  0.171390  -0.148730  -0.169500  0.985203  0.025393  0.150882  0.000480  0.988552  0.015289  0.005255  0.006520  -0.010999  0.935339  -0.020902  2.000000  
168.341986 0.006724  0.094503  -0.019572  0.973672  0.171390  -0.150294  -0.169458  0.985203  0.025665  0.152469  0.000480  0.988308  0.015714  0.005267  0.006636  -0.010066  0.962287  -0.014055  2.000000  
168.343238 0.006747  0.094511  -0.019563  0.973430  0.171389  -0.151857  -0.169416  0.985203  0.025937  0.154055  0.000479  0.988062  0.016137  0.005302  0.006782  -0.010085  0.989440  -0.014065  2.000000  
168.344488 0.006770  0.094518  -0.019554  0.973240  0.171185  -0.153295  -0.169176  0.985239  0.026154  0.155509  0.000479  0.987834  0.016573  0.005370  0.006851  -0.006996  1.007169  -0.020977  2.000000  
168.345733 0.006794  0.094525  -0.019545  0.973014  0.171185  -0.154727  -0.169137  0.985239  0.026403  0.156963  0.000479  0.987604  0.016948  0.005441  0.006950  -0.006961  1.025788  -0.020816  2.000000  
168.346984 0.006819  0.094532  -0.019535  0.972764  0.171184  -0.156289  -0.169094  0.985239  0.026675  0.158549  0.000479  0.987351  0.017477  0.005518  0.007101  -0.006988  1.048203  -0.020824  2.000000  
168.348231 0.006845  0.094540  -0.019526  0.972512  0.171183  -0.157851  -0.169050  0.985239  0.026946  0.160134  0.000479  0.987095  0.017897  0.005585  0.007146  -0.007016  1.070805  -0.020835  2.000000  
168.349235 0.006866  0.094546  -0.019518  0.972300  0.171183  -0.159152  -0.169013  0.985239  0.027173  0.161454  0.000479  0.986880  0.018313  0.005680  0.007248  -0.007038  1.084115  -0.020836  2.000000  
168.350244 0.006888  0.094552  -0.019510  0.972121  0.170979  -0.160458  -0.168776  0.985275  0.027366  0.162774  0.000479  0.986663  0.018706  0.005701  0.007345  -0.008131  1.106126  -0.027847  2.000000  
168.351492 0.006916  0.094560  -0.019500  0.971841  0.170998  -0.162128  -0.168727  0.985271  0.027779  0.164490  0.000359  0.986379  0.019209  0.005849  0.007450  -0.000017  1.128601  -0.027850  2.000000  
168.352737 0.006944  0.094568  -0.019489  0.971557  0.170997  -0.163818  -0.168678  0.985271  0.028072  0.166206  0.000359  0.986091  0.019680  0.005893  0.007553  -0.000054  1.146216  -0.027631  2.000000  
168.353738 0.006967  0.094575  -0.019480  0.971337  0.170997  -0.165118  -0.168640  0.985272  0.028298  0.167525  0.000359  0.985868  0.020155  0.005998  0.007690  -0.000087  1.164726  -0.027859  2.000000  
168.354986 0.006997  0.094583  -0.019470  0.971049  0.170996  -0.166807  -0.168589  0.985272  0.028591  0.169240  0.000359  0.985575  0.020640  0.006089  0.007801  -0.000121  1.186467  -0.027640  2.000000  
168.356234 0.007028  0.094592  -0.019460  0.970792  0.170793  -0.168502  -0.168339  0.985307  0.028850  0.170954  0.000359  0.985279  0.021253  0.006201  0.007886  -0.001224  1.210161  -0.034718  2.000000  
