1-Time 2-Px 3-Py 4-Pz 5-R11 6-R21 7-R31 8-R12 9-R22 10-R32 11-R13 12-R23 13-R33 14-Vx 15-Vy 16-Vz 17-Wx 18-Wy 19-Wz 20-state 21-PR11 22-PR21 23-PR31 24-PR12 25-PR22 26-PR32 27-PR13 28-PR23 29-PR33 
174.555489 0.005902  0.093719  -0.022516  0.983821  0.127584  -0.125772  -0.122763  0.991397  0.045394  0.130482  -0.029219  0.991020  -0.000072  -0.000006  -0.000093  0.000000  0.000000  0.000000  2.000000  
174.556490 0.005901  0.093719  -0.022516  0.983804  0.127588  -0.125904  -0.122761  0.991397  0.045410  0.130615  -0.029218  0.991003  -0.000082  -0.000005  -0.000054  0.000000  0.000000  0.000000  2.000000  
174.557503 0.005902  0.093718  -0.022516  0.983693  0.128208  -0.126139  -0.123364  0.991317  0.045521  0.130880  -0.029217  0.990968  0.000010  -0.000024  0.000008  0.000000  0.000000  0.000000  2.000000  
174.558739 0.005903  0.093717  -0.022516  0.983547  0.128851  -0.126622  -0.123963  0.991230  0.045785  0.131411  -0.029336  0.990894  0.000068  -0.000124  -0.000041  0.000000  0.000000  0.000000  2.000000  
174.559741 0.005904  0.093715  -0.022516  0.983469  0.129082  -0.126991  -0.124159  0.991196  0.045981  0.131808  -0.029454  0.990838  0.000127  -0.000246  -0.000043  0.000000  0.000000  0.000000  2.000000  
174.560988 0.005906  0.093712  -0.022516  0.983373  0.129332  -0.127476  -0.124352  0.991157  0.046314  0.132339  -0.029692  0.990760  0.000297  -0.000414  -0.000015  0.000000  0.000000  0.000000  2.000000  
174.561989 0.005908  0.093710  -0.022517  0.983243  0.129972  -0.127826  -0.124953  0.991069  0.046564  0.132737  -0.029811  0.990703  0.000406  -0.000536  -0.000029  0.000000  0.000000  0.000000  2.000000  
174.563237 0.005910  0.093709  -0.022516  0.983044  0.131023  -0.128288  -0.125956  0.990927  0.046883  0.133267  -0.029929  0.990628  0.000577  -0.000627  0.000043  0.000000  0.000000  0.000000  2.000000  
174.564242 0.005912  0.093707  -0.022515  0.982869  0.131871  -0.128760  -0.126756  0.990811  0.047176  0.133798  -0.030047  0.990553  0.000677  -0.000747  0.000068  0.000000  0.000000  0.000000  2.000000  
174.565246 0.005913  0.093706  -0.022515  0.982711  0.132714  -0.129099  -0.127559  0.990695  0.047454  0.134195  -0.030166  0.990496  0.000767  -0.000843  0.000086  0.000000  0.000000  0.000000  2.000000  
174.566502 0.005914  0.093705  -0.022517  0.982490  0.133770  -0.129691  -0.128559  0.990550  0.047793  0.134858  -0.030283  0.990402  0.000833  -0.000921  -0.000050  0.059615  0.138604  0.175584  2.000000  
174.567507 0.005915  0.093705  -0.022519  0.982312  0.134617  -0.130160  -0.129358  0.990431  0.048089  0.135389  -0.030401  0.990326  0.000872  -0.000928  -0.000208  0.068323  0.155508  0.210348  2.000000  
174.568744 0.005916  0.093706  -0.022521  0.982052  0.135665  -0.131030  -0.130352  0.990288  0.048345  0.136316  -0.030397  0.990199  0.000953  -0.000856  -0.000296  0.073072  0.186018  0.245659  2.000000  
174.569745 0.005917  0.093706  -0.022522  0.981808  0.136724  -0.131752  -0.131349  0.990139  0.048705  0.137112  -0.030514  0.990085  0.001054  -0.000832  -0.000369  0.081872  0.211926  0.280722  2.000000  
174.570748 0.005918  0.093706  -0.022523  0.981591  0.137580  -0.132483  -0.132142  0.990017  0.049040  0.137907  -0.030630  0.989971  0.001133  -0.000837  -0.000501  0.089775  0.238050  0.308951  2.000000  
174.571994 0.005921  0.093706  -0.022525  0.981271  0.139051  -0.133314  -0.133539  0.989808  0.049476  0.138834  -0.030746  0.989838  0.001284  -0.000790  -0.000634  0.100513  0.268029  0.357849  2.000000  
174.572995 0.005923  0.093707  -0.022526  0.981050  0.139907  -0.134043  -0.134332  0.989684  0.049813  0.139629  -0.030863  0.989723  0.001396  -0.000691  -0.000703  0.109405  0.293936  0.392927  2.000000  
174.574244 0.005927  0.093707  -0.022525  0.980734  0.141195  -0.134997  -0.135523  0.989493  0.050364  0.140689  -0.031098  0.989565  0.001562  -0.000606  -0.000551  0.123402  0.328613  0.435168  2.000000  
174.575244 0.005929  0.093704  -0.022523  0.980510  0.142067  -0.135707  -0.136315  0.989361  0.050824  0.141484  -0.031335  0.989444  0.001624  -0.000620  -0.000371  0.135453  0.359166  0.463534  2.000000  
174.576496 0.005932  0.093699  -0.022521  0.980172  0.143360  -0.136790  -0.137503  0.989167  0.051397  0.142676  -0.031569  0.989266  0.001643  -0.000813  -0.000258  0.149521  0.398226  0.505797  2.000000  
174.577508 0.005934  0.093695  -0.022519  0.979897  0.144441  -0.137619  -0.138493  0.989002  0.051908  0.143603  -0.031805  0.989124  0.001701  -0.000980  -0.000164  0.162578  0.428393  0.540814  2.000000  
174.578511 0.005937  0.093691  -0.022515  0.979630  0.145322  -0.138589  -0.139278  0.988865  0.052410  0.144662  -0.032040  0.988962  0.001760  -0.001169  -0.000024  0.175788  0.463264  0.576245  2.000000  
174.579739 0.005939  0.093684  -0.022511  0.979322  0.146213  -0.139820  -0.140057  0.988727  0.052951  0.145986  -0.032274  0.988760  0.001753  -0.001507  0.000231  0.188232  0.507524  0.605338  2.000000  
174.580745 0.005940  0.093677  -0.022508  0.979129  0.146684  -0.140679  -0.140441  0.988649  0.053380  0.146912  -0.032509  0.988615  0.001798  -0.001890  0.000494  0.198560  0.538433  0.619981  2.000000  
174.581987 0.005943  0.093669  -0.022506  0.978837  0.147571  -0.141778  -0.141222  0.988509  0.053906  0.148103  -0.032743  0.988430  0.001895  -0.002377  0.000820  0.210970  0.578056  0.648778  2.000000  
174.582989 0.005946  0.093662  -0.022504  0.978583  0.148450  -0.142613  -0.142008  0.988370  0.054395  0.149030  -0.032978  0.988283  0.002030  -0.002853  0.001022  0.223290  0.608591  0.677202  2.000000  
174.583992 0.005948  0.093656  -0.022502  0.978356  0.149109  -0.143477  -0.142592  0.988267  0.054737  0.149956  -0.033093  0.988139  0.002114  -0.003327  0.001236  0.231523  0.639061  0.705481  2.000000  
174.584993 0.005950  0.093650  -0.022500  0.978149  0.149763  -0.144210  -0.143179  0.988164  0.055060  0.150749  -0.033209  0.988014  0.002207  -0.003818  0.001500  0.238774  0.665283  0.726816  2.000000  
174.586002 0.005952  0.093645  -0.022497  0.977949  0.150236  -0.145067  -0.143561  0.988084  0.055493  0.151675  -0.033444  0.987864  0.002245  -0.004146  0.001816  0.249397  0.696746  0.742101  2.000000  
174.587242 0.005955  0.093639  -0.022493  0.977699  0.150899  -0.146060  -0.144141  0.987979  0.055857  0.152733  -0.033558  0.987698  0.002246  -0.004573  0.002298  0.253987  0.719138  0.742730  2.000000  
174.588494 0.005958  0.093633  -0.022488  0.977478  0.151377  -0.147046  -0.144520  0.987898  0.056312  0.153791  -0.033792  0.987525  0.002206  -0.004923  0.002550  0.256347  0.735045  0.737042  2.000000  
174.589742 0.005959  0.093627  -0.022481  0.977204  0.152045  -0.148169  -0.145096  0.987792  0.056697  0.154981  -0.033906  0.987336  0.002065  -0.005255  0.002835  0.256066  0.758776  0.750623  2.000000  
174.590992 0.005959  0.093619  -0.022475  0.976980  0.152524  -0.149154  -0.145474  0.987710  0.057153  0.156038  -0.034139  0.987161  0.001885  -0.005491  0.003090  0.260660  0.781067  0.751364  2.000000  
174.591993 0.005959  0.093613  -0.022469  0.976826  0.152791  -0.149889  -0.145656  0.987661  0.057540  0.156831  -0.034375  0.987027  0.001666  -0.005658  0.003350  0.263207  0.790335  0.738013  2.000000  
174.593239 0.005957  0.093604  -0.022463  0.976620  0.153248  -0.150761  -0.146037  0.987586  0.057858  0.157756  -0.034489  0.986876  0.001357  -0.005898  0.003578  0.256709  0.804595  0.718208  2.000000  
174.594239 0.005955  0.093596  -0.022456  0.976464  0.153497  -0.151514  -0.146219  0.987543  0.058127  0.158549  -0.034604  0.986745  0.001106  -0.006096  0.003785  0.257011  0.811640  0.699052  2.000000  
174.595493 0.005952  0.093586  -0.022447  0.976236  0.153977  -0.152497  -0.146596  0.987460  0.058585  0.159605  -0.034838  0.986566  0.000816  -0.006183  0.004197  0.258549  0.829960  0.679305  2.000000  
174.596494 0.005950  0.093579  -0.022439  0.976078  0.154226  -0.153249  -0.146778  0.987417  0.058854  0.160398  -0.034953  0.986433  0.000547  -0.006194  0.004571  0.256016  0.839700  0.659466  2.000000  
174.597503 0.005948  0.093572  -0.022430  0.975890  0.154679  -0.153989  -0.147160  0.987342  0.059155  0.161190  -0.035068  0.986300  0.000218  -0.006228  0.005045  0.254370  0.848880  0.646147  2.000000  
174.598739 0.005945  0.093564  -0.022419  0.975689  0.154939  -0.155002  -0.147335  0.987297  0.059464  0.162246  -0.035181  0.986123  -0.000149  -0.006254  0.005592  0.254934  0.854201  0.619119  2.000000  
174.599740 0.005942  0.093557  -0.022411  0.975560  0.154985  -0.155766  -0.147316  0.987286  0.059702  0.163038  -0.035296  0.985988  -0.000534  -0.006320  0.005977  0.250262  0.855275  0.585250  2.000000  
174.600742 0.005939  0.093551  -0.022403  0.975400  0.155217  -0.156536  -0.147497  0.987250  0.059853  0.163830  -0.035292  0.985857  -0.000880  -0.006336  0.006293  0.243566  0.855951  0.564909  2.000000  
174.601990 0.005934  0.093544  -0.022394  0.975187  0.155675  -0.157406  -0.147876  0.987174  0.060175  0.164754  -0.035406  0.985699  -0.001376  -0.006452  0.006650  0.238841  0.856960  0.530994  2.000000  
174.602995 0.005930  0.093538  -0.022388  0.975047  0.155902  -0.158045  -0.148060  0.987138  0.060307  0.165414  -0.035402  0.985589  -0.001794  -0.006528  0.006784  0.227796  0.851558  0.500737  2.000000  
174.604243 0.005924  0.093531  -0.022381  0.974876  0.156351  -0.158653  -0.148445  0.987063  0.060591  0.166074  -0.035517  0.985473  -0.002371  -0.006600  0.006904  0.224170  0.840525  0.482979  2.000000  
174.605494 0.005917  0.093524  -0.022375  0.974744  0.156379  -0.159435  -0.148424  0.987059  0.060710  0.166865  -0.035512  0.985340  -0.002802  -0.006548  0.006893  0.206815  0.835690  0.438853  2.000000  
174.606497 0.005911  0.093519  -0.022370  0.974625  0.156620  -0.159925  -0.148612  0.987016  0.060942  0.167393  -0.035629  0.985246  -0.003212  -0.006521  0.006850  0.199798  0.818133  0.417740  2.000000  
174.607506 0.005904  0.093512  -0.022365  0.974506  0.156842  -0.160434  -0.148799  0.986981  0.061054  0.167921  -0.035625  0.985157  -0.003657  -0.006458  0.006781  0.191159  0.807711  0.393886  2.000000  
174.608743 0.005895  0.093505  -0.022359  0.974333  0.157292  -0.161041  -0.149183  0.986905  0.061340  0.168580  -0.035741  0.985040  -0.004134  -0.006325  0.006692  0.181737  0.783485  0.375674  2.000000  
174.609989 0.005885  0.093498  -0.022352  0.974199  0.157320  -0.161822  -0.149162  0.986901  0.061460  0.169371  -0.035736  0.984904  -0.004641  -0.006120  0.006580  0.169241  0.768830  0.352022  2.000000  
174.610990 0.005877  0.093492  -0.022346  0.974079  0.157562  -0.162312  -0.149349  0.986858  0.061692  0.169899  -0.035852  0.984809  -0.004996  -0.005987  0.006385  0.163560  0.753384  0.333774  2.000000  
174.612237 0.005867  0.093485  -0.022340  0.973935  0.157789  -0.162950  -0.149532  0.986822  0.061826  0.170558  -0.035848  0.984695  -0.005494  -0.005884  0.006123  0.156225  0.738717  0.317179  2.000000  
174.613239 0.005859  0.093481  -0.022334  0.973845  0.157808  -0.163471  -0.149519  0.986819  0.061906  0.171085  -0.035845  0.984604  -0.005864  -0.005759  0.005898  0.144061  0.728029  0.285107  2.000000  
174.614494 0.005850  0.093475  -0.022327  0.973723  0.158050  -0.163960  -0.149705  0.986776  0.062139  0.171613  -0.035961  0.984508  -0.006193  -0.005602  0.005692  0.136831  0.709191  0.268892  2.000000  
174.615742 0.005840  0.093469  -0.022321  0.973602  0.158272  -0.164468  -0.149892  0.986741  0.062253  0.172140  -0.035957  0.984416  -0.006666  -0.005474  0.005444  0.130753  0.691771  0.254720  2.000000  
174.616989 0.005831  0.093465  -0.022316  0.973480  0.158494  -0.164976  -0.150078  0.986705  0.062367  0.172667  -0.035954  0.984324  -0.006902  -0.005273  0.005207  0.121733  0.674134  0.247372  2.000000  
174.618043 0.005824  0.093461  -0.022311  0.973411  0.158488  -0.165385  -0.150067  0.986710  0.062308  0.173063  -0.035832  0.984259  -0.007113  -0.005107  0.005093  0.107115  0.652332  0.227618  2.000000  
174.619245 0.005814  0.093456  -0.022307  0.973319  0.158507  -0.165906  -0.150053  0.986708  0.062388  0.173590  -0.035829  0.984166  -0.007371  -0.004963  0.004950  0.101104  0.635883  0.213721  2.000000  
174.620494 0.005805  0.093451  -0.022302  0.973227  0.158506  -0.166446  -0.150039  0.986712  0.062349  0.174117  -0.035706  0.984077  -0.007492  -0.004847  0.004817  0.086040  0.617886  0.198020  2.000000  
174.621742 0.005797  0.093447  -0.022298  0.973127  0.158723  -0.166823  -0.150229  0.986677  0.062443  0.174512  -0.035703  0.984008  -0.007520  -0.004652  0.004743  0.080966  0.600201  0.190614  2.000000  
174.622992 0.005789  0.093442  -0.022295  0.973081  0.158712  -0.167103  -0.150222  0.986683  0.062364  0.174775  -0.035582  0.983965  -0.007450  -0.004488  0.004506  0.067228  0.574165  0.177445  2.000000  
174.623995 0.005782  0.093437  -0.022294  0.973089  0.158514  -0.167246  -0.150018  0.986715  0.062349  0.174907  -0.035582  0.983942  -0.007347  -0.004349  0.004194  0.060913  0.552126  0.163017  2.000000  
174.625241 0.005775  0.093431  -0.022294  0.973043  0.158523  -0.167506  -0.150011  0.986714  0.062389  0.175171  -0.035580  0.983895  -0.007188  -0.004297  0.003755  0.050553  0.525769  0.148509  2.000000  
174.626242 0.005769  0.093427  -0.022294  0.973020  0.158528  -0.167636  -0.150007  0.986713  0.062409  0.175302  -0.035579  0.983872  -0.007048  -0.004235  0.003430  0.045374  0.503518  0.140905  2.000000  
174.627503 0.005762  0.093422  -0.022295  0.972973  0.158538  -0.167896  -0.150000  0.986712  0.062450  0.175566  -0.035577  0.983825  -0.006811  -0.004150  0.002881  0.039029  0.476821  0.126264  2.000000  
174.628742 0.005757  0.093417  -0.022296  0.972958  0.158344  -0.168169  -0.149792  0.986743  0.062455  0.175829  -0.035576  0.983778  -0.006599  -0.004080  0.002361  0.032688  0.454964  0.111879  2.000000  
174.629989 0.005751  0.093413  -0.022297  0.972911  0.158353  -0.168429  -0.149785  0.986741  0.062495  0.176093  -0.035574  0.983731  -0.006280  -0.003970  0.001803  0.028436  0.428967  0.110184  2.000000  
174.630989 0.005747  0.093410  -0.022296  0.972919  0.158175  -0.168553  -0.149581  0.986766  0.062600  0.176224  -0.035692  0.983703  -0.006069  -0.003935  0.001573  0.029020  0.411928  0.089299  2.000000  
174.632242 0.005744  0.093407  -0.022296  0.972895  0.158159  -0.168702  -0.149578  0.986773  0.062500  0.176356  -0.035572  0.983683  -0.005651  -0.003814  0.001202  0.019796  0.385337  0.081551  2.000000  
174.633492 0.005740  0.093404  -0.022295  0.972903  0.157961  -0.168845  -0.149374  0.986804  0.062486  0.176488  -0.035571  0.983660  -0.005338  -0.003706  0.000961  0.016306  0.363799  0.060474  2.000000  
174.634508 0.005737  0.093402  -0.022295  0.972879  0.157966  -0.168976  -0.149370  0.986804  0.062506  0.176619  -0.035571  0.983636  -0.004972  -0.003543  0.000661  0.011194  0.344417  0.053344  2.000000  
174.635745 0.005734  0.093400  -0.022294  0.972879  0.157945  -0.168995  -0.149370  0.986811  0.062386  0.176619  -0.035451  0.983641  -0.004582  -0.003352  0.000407  0.005946  0.322342  0.045721  2.000000  
174.636991 0.005732  0.093399  -0.022293  0.972887  0.157726  -0.169157  -0.149166  0.986851  0.062251  0.176751  -0.035331  0.983621  -0.004217  -0.003151  0.000268  -0.004578  0.304896  0.031452  2.000000  
174.638240 0.005730  0.093397  -0.022294  0.972863  0.157710  -0.169306  -0.149163  0.986857  0.062152  0.176883  -0.035211  0.983602  -0.003817  -0.002908  0.000068  -0.009761  0.289240  0.023935  2.000000  
174.639242 0.005729  0.093396  -0.022295  0.972863  0.157710  -0.169306  -0.149163  0.986857  0.062152  0.176883  -0.035211  0.983602  -0.003484  -0.002661  -0.000042  -0.015114  0.264978  0.016371  2.000000  
174.640243 0.005728  0.093396  -0.022296  0.972840  0.157694  -0.169455  -0.149159  0.986864  0.062052  0.177015  -0.035091  0.983582  -0.003102  -0.002356  -0.000183  -0.020391  0.251759  0.009058  2.000000  
174.641492 0.005726  0.093395  -0.022298  0.972871  0.157491  -0.169468  -0.148959  0.986897  0.062017  0.177015  -0.035091  0.983582  -0.002740  -0.002047  -0.000259  -0.025665  0.229467  0.001451  2.000000  
174.642502 0.005726  0.093395  -0.022299  0.972847  0.157496  -0.169598  -0.148955  0.986896  0.062037  0.177146  -0.035090  0.983559  -0.002435  -0.001795  -0.000252  -0.026862  0.216156  -0.005843  2.000000  
174.643740 0.005725  0.093394  -0.022301  0.972847  0.157496  -0.169598  -0.148955  0.986896  0.062037  0.177146  -0.035090  0.983559  -0.002073  -0.001524  -0.000343  -0.031892  0.201320  -0.013020  2.000000  
174.644749 0.005725  0.093393  -0.022303  0.972847  0.157496  -0.169598  -0.148955  0.986896  0.062037  0.177146  -0.035090  0.983559  -0.001759  -0.001323  -0.000452  -0.033357  0.180687  -0.020739  2.000000  
174.645989 0.005725  0.093393  -0.022306  0.972816  0.157699  -0.169585  -0.149156  0.986864  0.062072  0.177146  -0.035090  0.983559  -0.001491  -0.001112  -0.000658  -0.031904  0.165669  -0.014306  2.000000  
174.647237 0.005724  0.093392  -0.022308  0.972816  0.157699  -0.169585  -0.149156  0.986864  0.062072  0.177146  -0.035090  0.983559  -0.001282  -0.000970  -0.000844  0.000000  0.000000  0.000000  2.000000  
174.648239 0.005724  0.093392  -0.022311  0.972816  0.157699  -0.169585  -0.149156  0.986864  0.062072  0.177146  -0.035090  0.983559  -0.001069  -0.000791  -0.001035  0.000000  0.000000  0.000000  2.000000  
174.649242 0.005724  0.093391  -0.022313  0.972816  0.157699  -0.169585  -0.149156  0.986864  0.062072  0.177146  -0.035090  0.983559  -0.000934  -0.000736  -0.001214  0.000000  0.000000  0.000000  2.000000  
174.650242 0.005724  0.093391  -0.022315  0.972786  0.157902  -0.169572  -0.149356  0.986831  0.062107  0.177146  -0.035090  0.983559  -0.000747  -0.000657  -0.001473  0.000000  0.000000  0.000000  2.000000  
174.651245 0.005724  0.093391  -0.022318  0.972786  0.157902  -0.169572  -0.149356  0.986831  0.062107  0.177146  -0.035090  0.983559  -0.000616  -0.000562  -0.001621  0.000000  0.000000  0.000000  2.000000  
174.652493 0.005723  0.093391  -0.022319  0.972755  0.158105  -0.169560  -0.149556  0.986799  0.062142  0.177146  -0.035090  0.983559  -0.000526  -0.000460  -0.001729  0.000000  0.000000  0.000000  2.000000  
174.653495 0.005723  0.093391  -0.022321  0.972755  0.158105  -0.169560  -0.149556  0.986799  0.062142  0.177146  -0.035090  0.983559  -0.000455  -0.000387  -0.001775  0.000000  0.000000  0.000000  2.000000  
174.654500 0.005723  0.093391  -0.022322  0.972755  0.158105  -0.169560  -0.149556  0.986799  0.062142  0.177146  -0.035090  0.983559  -0.000350  -0.000318  -0.001825  0.000000  0.000000  0.000000  2.000000  
174.655743 0.005723  0.093392  -0.022323  0.972724  0.158309  -0.169547  -0.149756  0.986766  0.062177  0.177146  -0.035090  0.983559  -0.000247  -0.000263  -0.001761  0.000000  0.000000  0.000000  2.000000  
174.656744 0.005723  0.093392  -0.022324  0.972724  0.158309  -0.169547  -0.149756  0.986766  0.062177  0.177146  -0.035090  0.983559  -0.000185  -0.000210  -0.001722  0.000000  0.000000  0.000000  2.000000  
174.657745 0.005723  0.093392  -0.022324  0.972693  0.158512  -0.169534  -0.149957  0.986733  0.062211  0.177146  -0.035090  0.983559  -0.000174  -0.000158  -0.001671  0.000000  0.000000  0.000000  2.000000  
174.658992 0.005723  0.093392  -0.022326  0.972693  0.158512  -0.169534  -0.149957  0.986733  0.062211  0.177146  -0.035090  0.983559  -0.000159  -0.000104  -0.001594  0.000000  0.000000  0.000000  2.000000  
174.660238 0.005722  0.093392  -0.022328  0.972693  0.158512  -0.169534  -0.149957  0.986733  0.062211  0.177146  -0.035090  0.983559  -0.000209  -0.000104  -0.001581  0.000000  0.000000  0.000000  2.000000  
174.661239 0.005721  0.093390  -0.022330  0.972693  0.158532  -0.169515  -0.149957  0.986726  0.062331  0.177146  -0.035209  0.983555  -0.000230  -0.000154  -0.001592  0.000000  0.000000  0.000000  2.000000  
174.662243 0.005720  0.093389  -0.022332  0.972686  0.158731  -0.169372  -0.150161  0.986694  0.062346  0.177015  -0.035210  0.983578  -0.000315  -0.000206  -0.001580  0.000000  0.000000  0.000000  2.000000  
174.663491 0.005719  0.093387  -0.022335  0.972686  0.158751  -0.169353  -0.150161  0.986686  0.062466  0.177015  -0.035329  0.983574  -0.000352  -0.000302  -0.001575  0.000000  0.000000  0.000000  2.000000  
174.664493 0.005717  0.093385  -0.022338  0.972686  0.158751  -0.169353  -0.150161  0.986686  0.062466  0.177015  -0.035329  0.983574  -0.000451  -0.000409  -0.001612  0.000000  0.000000  0.000000  2.000000  
174.665742 0.005715  0.093382  -0.022341  0.972686  0.158772  -0.169333  -0.150161  0.986679  0.062585  0.177015  -0.035449  0.983570  -0.000547  -0.000554  -0.001647  0.000000  0.000000  0.000000  2.000000  
174.666987 0.005713  0.093380  -0.022344  0.972686  0.158792  -0.169314  -0.150161  0.986671  0.062705  0.177015  -0.035568  0.983565  -0.000650  -0.000705  -0.001707  0.000000  0.000000  0.000000  2.000000  
174.667994 0.005712  0.093378  -0.022346  0.972686  0.158792  -0.169314  -0.150161  0.986671  0.062705  0.177015  -0.035568  0.983565  -0.000713  -0.000854  -0.001741  0.000000  0.000000  0.000000  2.000000  
174.668995 0.005711  0.093376  -0.022348  0.972686  0.158792  -0.169314  -0.150161  0.986671  0.062705  0.177015  -0.035568  0.983565  -0.000839  -0.001020  -0.001791  0.000000  0.000000  0.000000  2.000000  
174.670244 0.005708  0.093373  -0.022351  0.972686  0.158813  -0.169295  -0.150161  0.986664  0.062825  0.177015  -0.035687  0.983561  -0.000996  -0.001251  -0.001883  0.000000  0.000000  0.000000  2.000000  
174.671245 0.005707  0.093372  -0.022352  0.972686  0.158813  -0.169295  -0.150161  0.986664  0.062825  0.177015  -0.035687  0.983561  -0.001111  -0.001381  -0.001953  0.000000  0.000000  0.000000  2.000000  
174.672497 0.005705  0.093369  -0.022355  0.972686  0.158833  -0.169276  -0.150161  0.986656  0.062944  0.177015  -0.035807  0.983557  -0.001217  -0.001537  -0.002040  0.000000  0.000000  0.000000  2.000000  
174.673745 0.005702  0.093366  -0.022357  0.972686  0.158833  -0.169276  -0.150161  0.986656  0.062944  0.177015  -0.035807  0.983557  -0.001382  -0.001740  -0.002113  0.000000  0.000000  0.000000  2.000000  
174.674991 0.005699  0.093364  -0.022359  0.972686  0.158833  -0.169276  -0.150161  0.986656  0.062944  0.177015  -0.035807  0.983557  -0.001557  -0.001891  -0.002083  0.000000  0.000000  0.000000  2.000000  
174.675993 0.005697  0.093361  -0.022360  0.972686  0.158854  -0.169256  -0.150161  0.986648  0.063064  0.177015  -0.035926  0.983552  -0.001628  -0.001965  -0.002034  0.000000  0.000000  0.000000  2.000000  
174.677235 0.005693  0.093358  -0.022361  0.972686  0.158854  -0.169256  -0.150161  0.986648  0.063064  0.177015  -0.035926  0.983552  -0.001793  -0.002056  -0.001941  0.000000  0.000000  0.000000  2.000000  
174.678239 0.005690  0.093356  -0.022362  0.972686  0.158854  -0.169256  -0.150161  0.986648  0.063064  0.177015  -0.035926  0.983552  -0.001922  -0.002127  -0.001841  0.000000  0.000000  0.000000  2.000000  
174.679241 0.005687  0.093353  -0.022363  0.972686  0.158875  -0.169237  -0.150161  0.986641  0.063184  0.177015  -0.036045  0.983548  -0.002034  -0.002158  -0.001740  0.000000  0.000000  0.000000  2.000000  
174.680242 0.005684  0.093351  -0.022365  0.972717  0.158671  -0.169250  -0.149960  0.986673  0.063149  0.177015  -0.036045  0.983548  -0.002104  -0.002155  -0.001648  0.000000  0.000000  0.000000  2.000000  
174.681492 0.005681  0.093348  -0.022366  0.972717  0.158671  -0.169250  -0.149960  0.986673  0.063149  0.177015  -0.036045  0.983548  -0.002230  -0.002217  -0.001542  0.000000  0.000000  0.000000  2.000000  
174.682501 0.005678  0.093345  -0.022367  0.972717  0.158692  -0.169231  -0.149960  0.986666  0.063269  0.177015  -0.036164  0.983544  -0.002338  -0.002238  -0.001431  0.000000  0.000000  0.000000  2.000000  
174.683540 0.005675  0.093343  -0.022368  0.972717  0.158692  -0.169231  -0.149960  0.986666  0.063269  0.177015  -0.036164  0.983544  -0.002418  -0.002215  -0.001347  0.000000  0.000000  0.000000  2.000000  
174.684795 0.005672  0.093341  -0.022370  0.972717  0.158692  -0.169231  -0.149960  0.986666  0.063269  0.177015  -0.036164  0.983544  -0.002477  -0.002212  -0.001294  0.000000  0.000000  0.000000  2.000000  
174.686007 0.005670  0.093339  -0.022370  0.972717  0.158712  -0.169212  -0.149960  0.986658  0.063388  0.177015  -0.036284  0.983539  -0.002503  -0.002215  -0.001218  0.000000  0.000000  0.000000  2.000000  
174.687241 0.005667  0.093337  -0.022371  0.972717  0.158712  -0.169212  -0.149960  0.986658  0.063388  0.177015  -0.036284  0.983539  -0.002542  -0.002176  -0.001070  0.000000  0.000000  0.000000  2.000000  
174.688495 0.005665  0.093335  -0.022371  0.972717  0.158712  -0.169212  -0.149960  0.986658  0.063388  0.177015  -0.036284  0.983539  -0.002530  -0.002168  -0.000927  0.000000  0.000000  0.000000  2.000000  
174.689742 0.005663  0.093333  -0.022371  0.972717  0.158733  -0.169192  -0.149960  0.986650  0.063508  0.177015  -0.036403  0.983535  -0.002488  -0.002113  -0.000811  0.000000  0.000000  0.000000  2.000000  
174.690744 0.005661  0.093331  -0.022370  0.972717  0.158733  -0.169192  -0.149960  0.986650  0.063508  0.177015  -0.036403  0.983535  -0.002405  -0.002056  -0.000669  0.000000  0.000000  0.000000  2.000000  
174.691992 0.005659  0.093329  -0.022369  0.972740  0.158728  -0.169062  -0.149964  0.986651  0.063488  0.176883  -0.036404  0.983558  -0.002289  -0.001980  -0.000537  0.000000  0.000000  0.000000  2.000000  
174.693237 0.005658  0.093327  -0.022368  0.972740  0.158728  -0.169062  -0.149964  0.986651  0.063488  0.176883  -0.036404  0.983558  -0.002170  -0.001891  -0.000386  0.000000  0.000000  0.000000  2.000000  
174.694241 0.005657  0.093327  -0.022367  0.972740  0.158728  -0.169062  -0.149964  0.986651  0.063488  0.176883  -0.036404  0.983558  -0.002017  -0.001783  -0.000245  0.000000  0.000000  0.000000  2.000000  
174.695243 0.005656  0.093326  -0.022366  0.972740  0.158728  -0.169062  -0.149964  0.986651  0.063488  0.176883  -0.036404  0.983558  -0.001855  -0.001680  -0.000127  0.000000  0.000000  0.000000  2.000000  
174.696494 0.005656  0.093325  -0.022365  0.972740  0.158728  -0.169062  -0.149964  0.986651  0.063488  0.176883  -0.036404  0.983558  -0.001656  -0.001491  0.000087  0.000000  0.000000  0.000000  2.000000  
174.697504 0.005656  0.093325  -0.022364  0.972740  0.158728  -0.169062  -0.149964  0.986651  0.063488  0.176883  -0.036404  0.983558  -0.001459  -0.001357  0.000209  0.000000  0.000000  0.000000  2.000000  
174.698739 0.005656  0.093325  -0.022362  0.972740  0.158728  -0.169062  -0.149964  0.986651  0.063488  0.176883  -0.036404  0.983558  -0.001222  -0.001146  0.000403  0.000000  0.000000  0.000000  2.000000  
174.699992 0.005657  0.093326  -0.022361  0.972740  0.158728  -0.169062  -0.149964  0.986651  0.063488  0.176883  -0.036404  0.983558  -0.000978  -0.000969  0.000535  0.000000  0.000000  0.000000  2.000000  
174.700996 0.005657  0.093326  -0.022361  0.972709  0.158931  -0.169049  -0.150164  0.986618  0.063523  0.176883  -0.036404  0.983558  -0.000825  -0.000840  0.000630  0.000000  0.000000  0.000000  2.000000  
174.702242 0.005659  0.093327  -0.022359  0.972709  0.158931  -0.169049  -0.150164  0.986618  0.063523  0.176883  -0.036404  0.983558  -0.000550  -0.000619  0.000774  0.000000  0.000000  0.000000  2.000000  
174.703245 0.005660  0.093328  -0.022359  0.972709  0.158931  -0.169049  -0.150164  0.986618  0.063523  0.176883  -0.036404  0.983558  -0.000344  -0.000464  0.000809  0.000000  0.000000  0.000000  2.000000  
174.704501 0.005661  0.093329  -0.022358  0.972709  0.158931  -0.169049  -0.150164  0.986618  0.063523  0.176883  -0.036404  0.983558  -0.000107  -0.000283  0.000864  0.000000  0.000000  0.000000  2.000000  
174.705744 0.005663  0.093329  -0.022357  0.972709  0.158911  -0.169069  -0.150164  0.986626  0.063403  0.176883  -0.036285  0.983563  0.000130  -0.000080  0.000872  0.000000  0.000000  0.000000  2.000000  
174.706995 0.005664  0.093330  -0.022357  0.972709  0.158911  -0.169069  -0.150164  0.986626  0.063403  0.176883  -0.036285  0.983563  0.000314  0.000070  0.000802  0.000000  0.000000  0.000000  2.000000  
174.708244 0.005665  0.093331  -0.022356  0.972678  0.159114  -0.169055  -0.150364  0.986593  0.063438  0.176883  -0.036285  0.983563  0.000520  0.000247  0.000791  0.000000  0.000000  0.000000  2.000000  
174.709489 0.005667  0.093331  -0.022355  0.972678  0.159114  -0.169055  -0.150364  0.986593  0.063438  0.176883  -0.036285  0.983563  0.000683  0.000369  0.000794  0.000000  0.000000  0.000000  2.000000  
174.710489 0.005668  0.093332  -0.022355  0.972678  0.159114  -0.169055  -0.150364  0.986593  0.063438  0.176883  -0.036285  0.983563  0.000803  0.000442  0.000734  0.000000  0.000000  0.000000  2.000000  
174.711491 0.005669  0.093333  -0.022354  0.972655  0.159119  -0.169186  -0.150361  0.986592  0.063458  0.177015  -0.036284  0.983539  0.000904  0.000540  0.000705  0.000000  0.000000  0.000000  2.000000  
174.712737 0.005671  0.093335  -0.022353  0.972624  0.159322  -0.169172  -0.150561  0.986560  0.063493  0.177015  -0.036284  0.983539  0.001026  0.000665  0.000734  0.000000  0.000000  0.000000  2.000000  
174.713743 0.005672  0.093336  -0.022352  0.972624  0.159322  -0.169172  -0.150561  0.986560  0.063493  0.177015  -0.036284  0.983539  0.001084  0.000724  0.000679  0.000000  0.000000  0.000000  2.000000  
174.714989 0.005673  0.093338  -0.022352  0.972624  0.159322  -0.169172  -0.150561  0.986560  0.063493  0.177015  -0.036284  0.983539  0.001087  0.000784  0.000633  0.000000  0.000000  0.000000  2.000000  
174.715989 0.005674  0.093339  -0.022351  0.972600  0.159306  -0.169322  -0.150557  0.986567  0.063393  0.177146  -0.036164  0.983520  0.001108  0.000834  0.000644  0.000000  0.000000  0.000000  2.000000  
174.716992 0.005675  0.093340  -0.022351  0.972600  0.159306  -0.169322  -0.150557  0.986567  0.063393  0.177146  -0.036164  0.983520  0.001058  0.000877  0.000563  0.000000  0.000000  0.000000  2.000000  
174.717995 0.005675  0.093341  -0.022350  0.972600  0.159306  -0.169322  -0.150557  0.986567  0.063393  0.177146  -0.036164  0.983520  0.001048  0.000901  0.000556  0.000000  0.000000  0.000000  2.000000  
174.718996 0.005676  0.093342  -0.022350  0.972600  0.159306  -0.169322  -0.150557  0.986567  0.063393  0.177146  -0.036164  0.983520  0.001001  0.000925  0.000523  0.000000  0.000000  0.000000  2.000000  
174.719999 0.005676  0.093343  -0.022350  0.972546  0.159514  -0.169439  -0.150754  0.986533  0.063448  0.177278  -0.036163  0.983496  0.000934  0.000934  0.000477  0.000000  0.000000  0.000000  2.000000  
174.721023 0.005676  0.093344  -0.022349  0.972546  0.159514  -0.169439  -0.150754  0.986533  0.063448  0.177278  -0.036163  0.983496  0.000873  0.000957  0.000482  0.000000  0.000000  0.000000  2.000000  
174.722242 0.005677  0.093344  -0.022349  0.972546  0.159514  -0.169439  -0.150754  0.986533  0.063448  0.177278  -0.036163  0.983496  0.000865  0.000960  0.000522  0.000000  0.000000  0.000000  2.000000  
174.723266 0.005677  0.093345  -0.022348  0.972523  0.159519  -0.169569  -0.150750  0.986532  0.063468  0.177410  -0.036162  0.983473  0.000813  0.000958  0.000534  0.000000  0.000000  0.000000  2.000000  
174.724498 0.005678  0.093345  -0.022347  0.972523  0.159519  -0.169569  -0.150750  0.986532  0.063468  0.177410  -0.036162  0.983473  0.000732  0.000909  0.000575  0.000000  0.000000  0.000000  2.000000  
174.725741 0.005679  0.093345  -0.022346  0.972499  0.159524  -0.169699  -0.150747  0.986532  0.063489  0.177541  -0.036161  0.983449  0.000699  0.000845  0.000554  0.000000  0.000000  0.000000  2.000000  
174.726990 0.005680  0.093346  -0.022345  0.972476  0.159528  -0.169829  -0.150743  0.986531  0.063509  0.177673  -0.036160  0.983425  0.000649  0.000784  0.000572  0.000000  0.000000  0.000000  2.000000  
174.727990 0.005681  0.093346  -0.022344  0.972476  0.159528  -0.169829  -0.150743  0.986531  0.063509  0.177673  -0.036160  0.983425  0.000637  0.000709  0.000569  0.000000  0.000000  0.000000  2.000000  
174.729237 0.005682  0.093346  -0.022344  0.972452  0.159533  -0.169959  -0.150739  0.986530  0.063529  0.177805  -0.036159  0.983401  0.000636  0.000611  0.000573  0.000000  0.000000  0.000000  2.000000  
174.730242 0.005683  0.093347  -0.022343  0.972429  0.159538  -0.170089  -0.150736  0.986529  0.063549  0.177936  -0.036158  0.983377  0.000655  0.000562  0.000588  0.000000  0.000000  0.000000  2.000000  
174.731489 0.005684  0.093347  -0.022342  0.972405  0.159543  -0.170219  -0.150732  0.986529  0.063569  0.178068  -0.036157  0.983354  0.000653  0.000463  0.000592  0.000000  0.000000  0.000000  2.000000  
174.732492 0.005686  0.093347  -0.022341  0.972382  0.159547  -0.170349  -0.150728  0.986528  0.063589  0.178200  -0.036157  0.983330  0.000702  0.000410  0.000624  0.000000  0.000000  0.000000  2.000000  
174.733494 0.005687  0.093347  -0.022340  0.972358  0.159552  -0.170479  -0.150725  0.986527  0.063609  0.178331  -0.036156  0.983306  0.000761  0.000365  0.000665  0.000000  0.000000  0.000000  2.000000  
174.734500 0.005688  0.093347  -0.022339  0.972334  0.159557  -0.170609  -0.150721  0.986526  0.063630  0.178463  -0.036155  0.983282  0.000820  0.000319  0.000707  0.000000  0.000000  0.000000  2.000000  
174.735746 0.005690  0.093348  -0.022338  0.972311  0.159562  -0.170739  -0.150718  0.986526  0.063650  0.178595  -0.036154  0.983258  0.000937  0.000281  0.000789  0.000000  0.000000  0.000000  2.000000  
174.736994 0.005692  0.093348  -0.022336  0.972295  0.159368  -0.171012  -0.150510  0.986557  0.063655  0.178858  -0.036152  0.983211  0.001027  0.000260  0.000849  0.000000  0.000000  0.000000  2.000000  
174.738244 0.005695  0.093349  -0.022334  0.972247  0.159378  -0.171272  -0.150503  0.986556  0.063695  0.179121  -0.036150  0.983163  0.001181  0.000263  0.000903  0.000000  0.000000  0.000000  2.000000  
174.739494 0.005698  0.093349  -0.022333  0.972200  0.159387  -0.171532  -0.150495  0.986554  0.063735  0.179384  -0.036149  0.983115  0.001340  0.000293  0.000961  0.000000  0.000000  0.000000  2.000000  
174.740494 0.005701  0.093350  -0.022331  0.972152  0.159397  -0.171792  -0.150488  0.986553  0.063776  0.179648  -0.036147  0.983067  0.001470  0.000298  0.001001  0.000000  0.000000  0.000000  2.000000  
174.741741 0.005705  0.093351  -0.022329  0.972105  0.159406  -0.172052  -0.150481  0.986551  0.063816  0.179911  -0.036145  0.983019  0.001699  0.000359  0.001058  0.000000  0.000000  0.000000  2.000000  
174.742994 0.005710  0.093352  -0.022327  0.972033  0.159421  -0.172442  -0.150470  0.986549  0.063876  0.180306  -0.036142  0.982946  0.001943  0.000394  0.001172  0.000000  0.000000  0.000000  2.000000  
174.744240 0.005715  0.093353  -0.022324  0.971962  0.159435  -0.172832  -0.150459  0.986547  0.063937  0.180700  -0.036140  0.982874  0.002211  0.000480  0.001298  0.000000  0.000000  0.000000  2.000000  
174.745489 0.005720  0.093354  -0.022322  0.971921  0.159246  -0.173235  -0.150247  0.986577  0.063961  0.181095  -0.036137  0.982801  0.002447  0.000533  0.001408  0.000000  0.000000  0.000000  2.000000  
174.746501 0.005725  0.093356  -0.022319  0.971873  0.159256  -0.173495  -0.150240  0.986576  0.064001  0.181358  -0.036135  0.982753  0.002679  0.000599  0.001509  0.000000  0.000000  0.000000  2.000000  
174.747502 0.005730  0.093357  -0.022317  0.971801  0.159270  -0.173885  -0.150229  0.986574  0.064062  0.181753  -0.036133  0.982680  0.002964  0.000637  0.001650  0.000000  0.000000  0.000000  2.000000  
174.748739 0.005736  0.093358  -0.022314  0.971729  0.159285  -0.174274  -0.150218  0.986571  0.064122  0.182148  -0.036130  0.982607  0.003269  0.000714  0.001762  -0.001233  0.169691  -0.000519  2.000000  
174.749739 0.005742  0.093360  -0.022311  0.971632  0.159304  -0.174794  -0.150203  0.986568  0.064202  0.182674  -0.036126  0.982510  0.003541  0.000797  0.001846  -0.002470  0.187727  -0.006610  2.000000  
174.750744 0.005748  0.093361  -0.022309  0.971560  0.159318  -0.175184  -0.150191  0.986566  0.064263  0.183069  -0.036124  0.982436  0.003861  0.000880  0.001918  -0.002473  0.196606  -0.006280  2.000000  
174.751993 0.005756  0.093363  -0.022306  0.971463  0.159337  -0.175703  -0.150177  0.986563  0.064343  0.183595  -0.036120  0.982338  0.004243  0.001015  0.002028  -0.002497  0.216225  -0.005671  2.000000  
174.752998 0.005762  0.093365  -0.022303  0.971366  0.159356  -0.176223  -0.150161  0.986560  0.064423  0.184121  -0.036117  0.982240  0.004549  0.001114  0.002121  -0.002503  0.229857  -0.005178  2.000000  
174.754245 0.005771  0.093367  -0.022299  0.971244  0.159380  -0.176872  -0.150143  0.986557  0.064524  0.184778  -0.036112  0.982117  0.004948  0.001227  0.002241  -0.002507  0.252202  -0.004348  2.000000  
174.755502 0.005780  0.093371  -0.022295  0.971121  0.159404  -0.177522  -0.150124  0.986553  0.064624  0.185436  -0.036107  0.981993  0.005326  0.001366  0.002393  -0.002511  0.270062  -0.003684  2.000000  
174.756742 0.005790  0.093374  -0.022291  0.970998  0.159428  -0.178171  -0.150105  0.986549  0.064724  0.186093  -0.036103  0.981869  0.005707  0.001506  0.002545  -0.002517  0.288124  -0.003023  2.000000  
174.757744 0.005799  0.093376  -0.022288  0.970900  0.159447  -0.178690  -0.150089  0.986546  0.064805  0.186619  -0.036099  0.981769  0.006045  0.001643  0.002670  -0.002521  0.306079  -0.002362  2.000000  
174.758991 0.005809  0.093380  -0.022282  0.970751  0.159476  -0.179469  -0.150067  0.986542  0.064925  0.187408  -0.036094  0.981619  0.006379  0.001782  0.002859  -0.002527  0.328547  -0.001534  2.000000  
174.760239 0.005821  0.093384  -0.022277  0.970602  0.159504  -0.180248  -0.150044  0.986537  0.065045  0.188196  -0.036088  0.981468  0.006847  0.002000  0.003044  -0.002513  0.348172  -0.000701  2.000000  
174.761239 0.005830  0.093386  -0.022272  0.970478  0.159528  -0.180897  -0.150024  0.986534  0.065146  0.188853  -0.036084  0.981342  0.007160  0.002090  0.003200  -0.002518  0.365969  -0.000045  2.000000  
174.762501 0.005842  0.093390  -0.022267  0.970328  0.159557  -0.181675  -0.150001  0.986529  0.065266  0.189641  -0.036078  0.981190  0.007489  0.002218  0.003301  -0.002545  0.391405  0.000782  2.000000  
174.763741 0.005855  0.093394  -0.022261  0.970152  0.159590  -0.182583  -0.149974  0.986524  0.065406  0.190561  -0.036071  0.981012  0.007903  0.002369  0.003542  -0.002532  0.415023  0.001761  2.000000  
174.764987 0.005868  0.093397  -0.022255  0.969975  0.159623  -0.183491  -0.149946  0.986519  0.065547  0.191480  -0.036065  0.980834  0.008289  0.002524  0.003725  -0.002540  0.437346  0.002582  2.000000  
174.765989 0.005878  0.093401  -0.022250  0.969797  0.159657  -0.184399  -0.149919  0.986514  0.065687  0.192399  -0.036058  0.980654  0.008591  0.002611  0.003876  -0.001274  0.463866  0.010307  2.000000  
174.767264 0.005893  0.093405  -0.022245  0.969619  0.159690  -0.185306  -0.149891  0.986509  0.065827  0.193318  -0.036052  0.980473  0.009059  0.002787  0.004060  -0.001288  0.489994  0.011215  2.000000  
174.768494 0.005907  0.093409  -0.022238  0.969414  0.159728  -0.186344  -0.149860  0.986503  0.065988  0.194369  -0.036044  0.980266  0.009423  0.002891  0.004231  -0.001282  0.517424  0.012277  2.000000  
174.769507 0.005919  0.093413  -0.022233  0.969203  0.159965  -0.187237  -0.150031  0.986465  0.066166  0.195287  -0.036037  0.980084  0.009791  0.003019  0.004395  -0.000000  0.543583  0.019987  2.000000  
174.770744 0.005935  0.093418  -0.022226  0.968995  0.160003  -0.188274  -0.149999  0.986459  0.066327  0.196337  -0.036030  0.979874  0.010200  0.003113  0.004568  0.000000  0.566085  0.020815  2.000000  
