1-Time 2-Px 3-Py 4-Pz 5-R11 6-R21 7-R31 8-R12 9-R22 10-R32 11-R13 12-R23 13-R33 14-Vx 15-Vy 16-Vz 17-Wx 18-Wy 19-Wz 20-state 21-PR11 22-PR21 23-PR31 24-PR12 25-PR22 26-PR32 27-PR13 28-PR23 29-PR33 
194.527447 0.004734  0.093533  -0.004798  0.989752  0.130698  -0.057533  -0.127023  0.989866  0.063487  0.065247  -0.055528  0.996323  0.000140  0.000127  0.000004  0.000000  0.000000  0.000000  2.000000  
194.528453 0.004734  0.093533  -0.004798  0.989752  0.130698  -0.057533  -0.127023  0.989866  0.063487  0.065247  -0.055528  0.996323  0.000102  0.000123  -0.000027  0.000000  0.000000  0.000000  2.000000  
194.529699 0.004735  0.093532  -0.004798  0.989664  0.131316  -0.057626  -0.127633  0.989784  0.063539  0.065381  -0.055528  0.996314  0.000137  0.000049  -0.000030  0.000000  0.000000  0.000000  2.000000  
194.530716 0.004735  0.093531  -0.004799  0.989577  0.131942  -0.057703  -0.128243  0.989694  0.063712  0.065514  -0.055648  0.996299  0.000146  -0.000052  -0.000053  0.000000  0.000000  0.000000  2.000000  
194.531951 0.004736  0.093528  -0.004800  0.989515  0.132371  -0.057777  -0.128649  0.989623  0.063993  0.065648  -0.055889  0.996276  0.000200  -0.000226  -0.000112  0.000000  0.000000  0.000000  2.000000  
194.533198 0.004737  0.093526  -0.004800  0.989444  0.132800  -0.057999  -0.129054  0.989559  0.064171  0.065915  -0.056009  0.996252  0.000264  -0.000423  -0.000161  0.000000  0.000000  0.000000  2.000000  
194.534202 0.004738  0.093524  -0.004800  0.989356  0.133433  -0.058059  -0.129664  0.989460  0.064464  0.066048  -0.056250  0.996230  0.000322  -0.000550  -0.000147  0.000000  0.000000  0.000000  2.000000  
194.535209 0.004739  0.093522  -0.004799  0.989231  0.134270  -0.058254  -0.130476  0.989340  0.064667  0.066315  -0.056370  0.996205  0.000406  -0.000642  -0.000109  0.000000  0.000000  0.000000  2.000000  
194.536453 0.004740  0.093521  -0.004798  0.989043  0.135528  -0.058537  -0.131695  0.989155  0.065032  0.066716  -0.056610  0.996165  0.000485  -0.000754  -0.000027  0.000000  0.000000  0.000000  2.000000  
194.537463 0.004741  0.093520  -0.004799  0.988916  0.136365  -0.058731  -0.132507  0.989033  0.065235  0.066983  -0.056730  0.996140  0.000505  -0.000859  -0.000084  0.052196  0.044152  0.175299  2.000000  
194.538718 0.004742  0.093519  -0.004800  0.988734  0.137616  -0.058881  -0.133726  0.988846  0.065583  0.067250  -0.056971  0.996108  0.000547  -0.000911  -0.000131  0.063567  0.050372  0.223995  2.000000  
194.539951 0.004743  0.093520  -0.004801  0.988541  0.138867  -0.059180  -0.134943  0.988664  0.065830  0.067650  -0.057090  0.996074  0.000627  -0.000841  -0.000169  0.070481  0.061515  0.266224  2.000000  
194.540960 0.004744  0.093522  -0.004800  0.988384  0.139907  -0.059359  -0.135958  0.988511  0.066047  0.067917  -0.057210  0.996049  0.000710  -0.000734  -0.000118  0.076874  0.068507  0.301102  2.000000  
194.542203 0.004746  0.093523  -0.004799  0.988160  0.141369  -0.059625  -0.137379  0.988289  0.066427  0.068318  -0.057450  0.996008  0.000802  -0.000651  -0.000056  0.088342  0.079218  0.350184  2.000000  
194.543204 0.004748  0.093523  -0.004799  0.987991  0.142416  -0.059936  -0.138392  0.988131  0.066664  0.068718  -0.057569  0.995974  0.000914  -0.000673  -0.000053  0.094806  0.090707  0.385405  2.000000  
194.544450 0.004750  0.093524  -0.004800  0.987763  0.143877  -0.060200  -0.139812  0.987906  0.067046  0.069119  -0.057809  0.995932  0.001015  -0.000550  -0.000080  0.106338  0.101428  0.434612  2.000000  
194.545455 0.004752  0.093525  -0.004799  0.987591  0.144924  -0.060510  -0.140825  0.987746  0.067284  0.069519  -0.057928  0.995897  0.001174  -0.000393  -0.000022  0.112784  0.112859  0.469633  2.000000  
194.546702 0.004754  0.093524  -0.004797  0.987379  0.146190  -0.060919  -0.142039  0.987545  0.067674  0.070053  -0.058168  0.995846  0.001251  -0.000313  0.000179  0.123882  0.132936  0.512457  2.000000  
194.547954 0.004756  0.093521  -0.004795  0.987175  0.147455  -0.061177  -0.143255  0.987336  0.068166  0.070453  -0.058528  0.995797  0.001279  -0.000327  0.000324  0.139014  0.143926  0.554530  2.000000  
194.549204 0.004759  0.093517  -0.004795  0.986960  0.148720  -0.061584  -0.144468  0.987132  0.068559  0.070987  -0.058768  0.995745  0.001350  -0.000494  0.000363  0.150115  0.159417  0.596818  2.000000  
194.550454 0.004762  0.093512  -0.004793  0.986743  0.149993  -0.061972  -0.145682  0.986917  0.069071  0.071521  -0.059128  0.995685  0.001505  -0.000671  0.000398  0.165880  0.174558  0.646371  2.000000  
194.551708 0.004765  0.093507  -0.004792  0.986554  0.151056  -0.062391  -0.146692  0.986741  0.069453  0.072055  -0.059367  0.995632  0.001639  -0.000956  0.000419  0.176477  0.190343  0.681486  2.000000  
194.552954 0.004767  0.093500  -0.004792  0.986374  0.152118  -0.062659  -0.147703  0.986556  0.069935  0.072455  -0.059727  0.995582  0.001732  -0.001357  0.000495  0.191235  0.201707  0.716797  2.000000  
194.553956 0.004769  0.093493  -0.004793  0.986233  0.152961  -0.062828  -0.148512  0.986411  0.070266  0.072722  -0.059968  0.995548  0.001823  -0.001749  0.000496  0.201394  0.209003  0.744913  2.000000  
194.555204 0.004773  0.093486  -0.004793  0.986051  0.154023  -0.063095  -0.149523  0.986224  0.070749  0.073123  -0.060328  0.995497  0.002008  -0.002250  0.000480  0.216183  0.220351  0.780255  2.000000  
194.556213 0.004776  0.093481  -0.004794  0.985908  0.154866  -0.063262  -0.150332  0.986077  0.071081  0.073389  -0.060569  0.995462  0.002083  -0.002815  0.000380  0.226264  0.227535  0.808031  2.000000  
194.557452 0.004779  0.093474  -0.004794  0.985755  0.155718  -0.063561  -0.151139  0.985928  0.071432  0.073790  -0.060808  0.995418  0.002210  -0.003259  0.000316  0.236648  0.239443  0.836926  2.000000  
194.558452 0.004781  0.093469  -0.004794  0.985673  0.156155  -0.063757  -0.151542  0.985844  0.071738  0.074057  -0.061049  0.995384  0.002243  -0.003731  0.000339  0.243822  0.245447  0.844146  2.000000  
194.559453 0.004784  0.093464  -0.004795  0.985600  0.156577  -0.063840  -0.151947  0.985770  0.071904  0.074190  -0.061169  0.995366  0.002267  -0.004078  0.000323  0.249533  0.247818  0.844205  2.000000  
194.560715 0.004788  0.093458  -0.004794  0.985487  0.157218  -0.064021  -0.152552  0.985653  0.072224  0.074457  -0.061409  0.995332  0.002347  -0.004521  0.000280  0.251699  0.250090  0.837592  2.000000  
194.561952 0.004789  0.093451  -0.004794  0.985373  0.157858  -0.064201  -0.153158  0.985535  0.072543  0.074724  -0.061649  0.995297  0.002288  -0.004853  0.000187  0.254442  0.256046  0.851756  2.000000  
194.563199 0.004789  0.093442  -0.004793  0.985290  0.158296  -0.064396  -0.153560  0.985450  0.072850  0.074991  -0.061889  0.995262  0.002217  -0.005196  0.000139  0.254688  0.255864  0.851880  2.000000  
194.564452 0.004790  0.093434  -0.004793  0.985248  0.158522  -0.064474  -0.153762  0.985399  0.073123  0.075124  -0.062130  0.995237  0.002006  -0.005468  0.000105  0.255470  0.250492  0.824532  2.000000  
194.565453 0.004790  0.093428  -0.004792  0.985206  0.158749  -0.064552  -0.153963  0.985347  0.073395  0.075257  -0.062371  0.995212  0.001832  -0.005655  0.000034  0.258101  0.246999  0.803422  2.000000  
194.566699 0.004788  0.093418  -0.004792  0.985123  0.159187  -0.064746  -0.154365  0.985261  0.073702  0.075524  -0.062611  0.995176  0.001556  -0.005909  0.000027  0.256493  0.244069  0.776113  2.000000  
194.567699 0.004787  0.093411  -0.004791  0.985081  0.159406  -0.064843  -0.154567  0.985218  0.073856  0.075658  -0.062731  0.995159  0.001384  -0.006004  0.000080  0.255081  0.245163  0.755492  2.000000  
194.568711 0.004786  0.093404  -0.004790  0.985071  0.159430  -0.064936  -0.154565  0.985199  0.074115  0.075791  -0.062972  0.995133  0.001138  -0.006068  0.000219  0.252761  0.242573  0.721060  2.000000  
194.569958 0.004785  0.093395  -0.004789  0.985029  0.159649  -0.065033  -0.154766  0.985156  0.074269  0.075925  -0.063092  0.995115  0.000795  -0.006165  0.000316  0.252076  0.233491  0.684798  2.000000  
194.571205 0.004783  0.093387  -0.004789  0.985029  0.159665  -0.064994  -0.154766  0.985138  0.074508  0.075925  -0.063334  0.995100  0.000447  -0.006295  0.000297  0.248722  0.222783  0.635807  2.000000  
194.572206 0.004780  0.093379  -0.004790  0.984997  0.159876  -0.064959  -0.154969  0.985096  0.074641  0.075925  -0.063454  0.995092  0.000074  -0.006435  0.000270  0.246818  0.215412  0.607753  2.000000  
194.573453 0.004777  0.093371  -0.004791  0.984966  0.160094  -0.064905  -0.155172  0.985045  0.074893  0.075925  -0.063696  0.995077  -0.000351  -0.006578  0.000218  0.243919  0.204308  0.565610  2.000000  
194.574453 0.004774  0.093363  -0.004793  0.984934  0.160305  -0.064870  -0.155375  0.985002  0.075026  0.075925  -0.063816  0.995069  -0.000741  -0.006744  0.000108  0.242031  0.192465  0.537271  2.000000  
194.575454 0.004771  0.093357  -0.004795  0.984934  0.160313  -0.064851  -0.155375  0.984993  0.075145  0.075925  -0.063937  0.995062  -0.001149  -0.006873  -0.000022  0.238096  0.183573  0.504958  2.000000  
194.576705 0.004766  0.093349  -0.004798  0.984934  0.160321  -0.064831  -0.155375  0.984984  0.075265  0.075925  -0.064058  0.995054  -0.001491  -0.006887  -0.000250  0.228636  0.165559  0.459764  2.000000  
194.577948 0.004761  0.093341  -0.004800  0.984912  0.160531  -0.064646  -0.155579  0.984934  0.075496  0.075791  -0.064300  0.995048  -0.001925  -0.006871  -0.000472  0.224719  0.152374  0.427750  2.000000  
194.578951 0.004756  0.093335  -0.004803  0.984912  0.160531  -0.064646  -0.155579  0.984934  0.075496  0.075791  -0.064300  0.995048  -0.002289  -0.006871  -0.000722  0.215505  0.138193  0.388886  2.000000  
194.579954 0.004750  0.093329  -0.004806  0.984890  0.160733  -0.064479  -0.155783  0.984893  0.075608  0.075658  -0.064421  0.995051  -0.002670  -0.006800  -0.000907  0.209382  0.121838  0.360132  2.000000  
194.581201 0.004744  0.093322  -0.004809  0.984857  0.160943  -0.064444  -0.155986  0.984851  0.075741  0.075658  -0.064542  0.995043  -0.003028  -0.006705  -0.001170  0.199302  0.105525  0.331526  2.000000  
194.582449 0.004736  0.093315  -0.004813  0.984835  0.161145  -0.064277  -0.156190  0.984810  0.075853  0.075524  -0.064663  0.995045  -0.003394  -0.006478  -0.001459  0.192184  0.088091  0.307281  2.000000  
194.583453 0.004730  0.093310  -0.004815  0.984835  0.161153  -0.064258  -0.156190  0.984801  0.075972  0.075524  -0.064784  0.995037  -0.003757  -0.006327  -0.001727  0.186121  0.080830  0.279369  2.000000  
194.584454 0.004725  0.093306  -0.004818  0.984803  0.161364  -0.064223  -0.156393  0.984758  0.076105  0.075524  -0.064905  0.995029  -0.004011  -0.006129  -0.001926  0.177576  0.069725  0.253400  2.000000  
194.585457 0.004719  0.093303  -0.004820  0.984771  0.161566  -0.064207  -0.156596  0.984725  0.076118  0.075524  -0.064905  0.995029  -0.004342  -0.005960  -0.002088  0.167809  0.061979  0.232035  2.000000  
194.586716 0.004712  0.093298  -0.004824  0.984781  0.161566  -0.064056  -0.156598  0.984717  0.076217  0.075391  -0.065026  0.995032  -0.004670  -0.005615  -0.002311  0.161203  0.046166  0.196504  2.000000  
194.587953 0.004705  0.093294  -0.004828  0.984749  0.161776  -0.064020  -0.156800  0.984675  0.076349  0.075391  -0.065147  0.995024  -0.004899  -0.005360  -0.002502  0.156159  0.038037  0.182216  2.000000  
194.589203 0.004698  0.093289  -0.004833  0.984716  0.161979  -0.064005  -0.157003  0.984641  0.076363  0.075391  -0.065147  0.995024  -0.005124  -0.005050  -0.002733  0.147488  0.029470  0.174736  2.000000  
194.590203 0.004693  0.093286  -0.004837  0.984716  0.161986  -0.063985  -0.157003  0.984632  0.076482  0.075391  -0.065267  0.995016  -0.005285  -0.004804  -0.002892  0.000000  0.000000  0.000000  2.000000  
194.591453 0.004687  0.093281  -0.004843  0.984694  0.162181  -0.063838  -0.157207  0.984600  0.076474  0.075257  -0.065268  0.995026  -0.005392  -0.004578  -0.003060  0.000000  0.000000  0.000000  2.000000  
194.592705 0.004681  0.093277  -0.004848  0.984662  0.162391  -0.063802  -0.157410  0.984558  0.076607  0.075257  -0.065389  0.995018  -0.005392  -0.004347  -0.003231  0.000000  0.000000  0.000000  2.000000  
194.593952 0.004676  0.093272  -0.004854  0.984662  0.162391  -0.063802  -0.157410  0.984558  0.076607  0.075257  -0.065389  0.995018  -0.005336  -0.004143  -0.003399  0.000000  0.000000  0.000000  2.000000  
194.595205 0.004672  0.093268  -0.004860  0.984639  0.162593  -0.063635  -0.157614  0.984516  0.076718  0.075124  -0.065510  0.995020  -0.005145  -0.003908  -0.003551  0.000000  0.000000  0.000000  2.000000  
194.596450 0.004668  0.093264  -0.004866  0.984639  0.162593  -0.063635  -0.157614  0.984516  0.076718  0.075124  -0.065510  0.995020  -0.004934  -0.003745  -0.003716  0.000000  0.000000  0.000000  2.000000  
194.597451 0.004665  0.093260  -0.004871  0.984639  0.162600  -0.063616  -0.157614  0.984507  0.076838  0.075124  -0.065631  0.995012  -0.004712  -0.003639  -0.003873  0.000000  0.000000  0.000000  2.000000  
194.598706 0.004663  0.093256  -0.004877  0.984639  0.162600  -0.063616  -0.157614  0.984507  0.076838  0.075124  -0.065631  0.995012  -0.004377  -0.003552  -0.004066  0.000000  0.000000  0.000000  2.000000  
194.599951 0.004661  0.093252  -0.004882  0.984639  0.162608  -0.063596  -0.157614  0.984498  0.076957  0.075124  -0.065751  0.995004  -0.004033  -0.003517  -0.004244  0.000000  0.000000  0.000000  2.000000  
194.600953 0.004661  0.093250  -0.004886  0.984639  0.162608  -0.063596  -0.157614  0.984498  0.076957  0.075124  -0.065751  0.995004  -0.003731  -0.003442  -0.004295  0.000000  0.000000  0.000000  2.000000  
194.601955 0.004660  0.093247  -0.004889  0.984639  0.162608  -0.063596  -0.157614  0.984498  0.076957  0.075124  -0.065751  0.995004  -0.003403  -0.003388  -0.004304  0.000000  0.000000  0.000000  2.000000  
194.602961 0.004659  0.093244  -0.004892  0.984649  0.162607  -0.063445  -0.157616  0.984490  0.077056  0.074991  -0.065873  0.995006  -0.003007  -0.003296  -0.004256  0.000000  0.000000  0.000000  2.000000  
194.604205 0.004659  0.093241  -0.004896  0.984649  0.162607  -0.063445  -0.157616  0.984490  0.077056  0.074991  -0.065873  0.995006  -0.002560  -0.003230  -0.004176  0.000000  0.000000  0.000000  2.000000  
194.605454 0.004658  0.093237  -0.004899  0.984649  0.162607  -0.063445  -0.157616  0.984490  0.077056  0.074991  -0.065873  0.995006  -0.002153  -0.003154  -0.003995  0.000000  0.000000  0.000000  2.000000  
194.606708 0.004658  0.093235  -0.004901  0.984691  0.162404  -0.063310  -0.157415  0.984515  0.077141  0.074857  -0.065994  0.995008  -0.001818  -0.003057  -0.003824  0.000000  0.000000  0.000000  2.000000  
194.607956 0.004658  0.093232  -0.004903  0.984691  0.162404  -0.063310  -0.157415  0.984515  0.077141  0.074857  -0.065994  0.995008  -0.001457  -0.002927  -0.003596  0.000000  0.000000  0.000000  2.000000  
194.609203 0.004658  0.093229  -0.004906  0.984701  0.162395  -0.063178  -0.157416  0.984516  0.077120  0.074724  -0.065995  0.995018  -0.001148  -0.002799  -0.003366  0.000000  0.000000  0.000000  2.000000  
194.610451 0.004658  0.093227  -0.004908  0.984701  0.162395  -0.063178  -0.157416  0.984516  0.077120  0.074724  -0.065995  0.995018  -0.000871  -0.002640  -0.003079  0.000000  0.000000  0.000000  2.000000  
194.611704 0.004658  0.093225  -0.004910  0.984711  0.162386  -0.063047  -0.157418  0.984518  0.077099  0.074590  -0.065995  0.995028  -0.000579  -0.002515  -0.002774  0.000000  0.000000  0.000000  2.000000  
194.612950 0.004658  0.093223  -0.004912  0.984711  0.162394  -0.063027  -0.157418  0.984508  0.077218  0.074590  -0.066116  0.995020  -0.000417  -0.002381  -0.002574  0.000000  0.000000  0.000000  2.000000  
194.613951 0.004658  0.093221  -0.004913  0.984721  0.162385  -0.062895  -0.157419  0.984510  0.077197  0.074457  -0.066117  0.995030  -0.000319  -0.002308  -0.002374  0.000000  0.000000  0.000000  2.000000  
194.615199 0.004657  0.093219  -0.004915  0.984721  0.162393  -0.062876  -0.157419  0.984501  0.077317  0.074457  -0.066237  0.995022  -0.000243  -0.002208  -0.002150  0.000000  0.000000  0.000000  2.000000  
194.616199 0.004656  0.093216  -0.004916  0.984731  0.162384  -0.062744  -0.157421  0.984502  0.077296  0.074323  -0.066238  0.995032  -0.000257  -0.002191  -0.001987  0.000000  0.000000  0.000000  2.000000  
194.617206 0.004656  0.093214  -0.004918  0.984731  0.162384  -0.062744  -0.157421  0.984502  0.077296  0.074323  -0.066238  0.995032  -0.000261  -0.002135  -0.001854  0.000000  0.000000  0.000000  2.000000  
194.618457 0.004654  0.093211  -0.004919  0.984731  0.162391  -0.062725  -0.157421  0.984493  0.077415  0.074323  -0.066359  0.995024  -0.000332  -0.002138  -0.001641  0.000000  0.000000  0.000000  2.000000  
194.619705 0.004652  0.093208  -0.004920  0.984731  0.162391  -0.062725  -0.157421  0.984493  0.077415  0.074323  -0.066359  0.995024  -0.000386  -0.002066  -0.001491  0.000000  0.000000  0.000000  2.000000  
194.620719 0.004651  0.093206  -0.004920  0.984741  0.162383  -0.062593  -0.157423  0.984494  0.077394  0.074190  -0.066359  0.995034  -0.000526  -0.002035  -0.001362  0.000000  0.000000  0.000000  2.000000  
194.621956 0.004648  0.093203  -0.004921  0.984708  0.162593  -0.062557  -0.157625  0.984451  0.077526  0.074190  -0.066480  0.995026  -0.000700  -0.002055  -0.001276  0.000000  0.000000  0.000000  2.000000  
194.623203 0.004645  0.093200  -0.004922  0.984708  0.162593  -0.062557  -0.157625  0.984451  0.077526  0.074190  -0.066480  0.995026  -0.000868  -0.002093  -0.001212  0.000000  0.000000  0.000000  2.000000  
194.624203 0.004642  0.093197  -0.004923  0.984718  0.162584  -0.062426  -0.157627  0.984452  0.077505  0.074057  -0.066481  0.995036  -0.001069  -0.002138  -0.001145  0.000000  0.000000  0.000000  2.000000  
194.625453 0.004639  0.093195  -0.004924  0.984718  0.162592  -0.062406  -0.157627  0.984443  0.077625  0.074057  -0.066602  0.995028  -0.001291  -0.002145  -0.001065  0.000000  0.000000  0.000000  2.000000  
194.626453 0.004636  0.093193  -0.004925  0.984718  0.162592  -0.062406  -0.157627  0.984443  0.077625  0.074057  -0.066602  0.995028  -0.001511  -0.002142  -0.001017  0.000000  0.000000  0.000000  2.000000  
194.627704 0.004632  0.093191  -0.004925  0.984718  0.162592  -0.062406  -0.157627  0.984443  0.077625  0.074057  -0.066602  0.995028  -0.001757  -0.002134  -0.000902  0.000000  0.000000  0.000000  2.000000  
194.628705 0.004628  0.093189  -0.004926  0.984718  0.162592  -0.062406  -0.157627  0.984443  0.077625  0.074057  -0.066602  0.995028  -0.001932  -0.002101  -0.000874  0.000000  0.000000  0.000000  2.000000  
194.629957 0.004625  0.093187  -0.004927  0.984685  0.162794  -0.062390  -0.157830  0.984410  0.077638  0.074057  -0.066602  0.995028  -0.002210  -0.002128  -0.000774  0.000000  0.000000  0.000000  2.000000  
194.631201 0.004620  0.093184  -0.004928  0.984685  0.162802  -0.062371  -0.157830  0.984400  0.077757  0.074057  -0.066722  0.995019  -0.002449  -0.002159  -0.000782  0.000000  0.000000  0.000000  2.000000  
194.632203 0.004616  0.093181  -0.004930  0.984685  0.162802  -0.062371  -0.157830  0.984400  0.077757  0.074057  -0.066722  0.995019  -0.002652  -0.002207  -0.000819  0.000000  0.000000  0.000000  2.000000  
194.633449 0.004611  0.093177  -0.004932  0.984685  0.162802  -0.062371  -0.157830  0.984400  0.077757  0.074057  -0.066722  0.995019  -0.002860  -0.002244  -0.000893  0.000000  0.000000  0.000000  2.000000  
194.634701 0.004606  0.093174  -0.004934  0.984676  0.162811  -0.062502  -0.157828  0.984399  0.077778  0.074190  -0.066722  0.995010  -0.003103  -0.002326  -0.000943  0.000000  0.000000  0.000000  2.000000  
194.635708 0.004602  0.093170  -0.004935  0.984676  0.162811  -0.062502  -0.157828  0.984399  0.077778  0.074190  -0.066722  0.995010  -0.003233  -0.002413  -0.001034  0.000000  0.000000  0.000000  2.000000  
194.636958 0.004597  0.093166  -0.004938  0.984676  0.162818  -0.062482  -0.157828  0.984389  0.077897  0.074190  -0.066842  0.995001  -0.003414  -0.002460  -0.001109  0.000000  0.000000  0.000000  2.000000  
194.638203 0.004592  0.093161  -0.004941  0.984676  0.162818  -0.062482  -0.157828  0.984389  0.077897  0.074190  -0.066842  0.995001  -0.003533  -0.002562  -0.001254  0.000000  0.000000  0.000000  2.000000  
194.639203 0.004588  0.093158  -0.004943  0.984676  0.162818  -0.062482  -0.157828  0.984389  0.077897  0.074190  -0.066842  0.995001  -0.003610  -0.002636  -0.001329  0.000000  0.000000  0.000000  2.000000  
194.640452 0.004583  0.093154  -0.004946  0.984666  0.162835  -0.062594  -0.157826  0.984378  0.078038  0.074323  -0.066962  0.994983  -0.003717  -0.002758  -0.001460  0.000000  0.000000  0.000000  2.000000  
194.641456 0.004580  0.093151  -0.004948  0.984633  0.163037  -0.062578  -0.158029  0.984345  0.078051  0.074323  -0.066962  0.994983  -0.003748  -0.002837  -0.001543  0.000000  0.000000  0.000000  2.000000  
194.642715 0.004575  0.093147  -0.004950  0.984633  0.163037  -0.062578  -0.158029  0.984345  0.078051  0.074323  -0.066962  0.994983  -0.003792  -0.002968  -0.001649  0.000000  0.000000  0.000000  2.000000  
194.643951 0.004570  0.093143  -0.004954  0.984633  0.163037  -0.062578  -0.158029  0.984345  0.078051  0.074323  -0.066962  0.994983  -0.003834  -0.003067  -0.001847  0.000000  0.000000  0.000000  2.000000  
194.644951 0.004567  0.093141  -0.004956  0.984633  0.163037  -0.062578  -0.158029  0.984345  0.078051  0.074323  -0.066962  0.994983  -0.003837  -0.003105  -0.001944  0.000000  0.000000  0.000000  2.000000  
194.645952 0.004564  0.093138  -0.004958  0.984633  0.163037  -0.062578  -0.158029  0.984345  0.078051  0.074323  -0.066962  0.994983  -0.003822  -0.003108  -0.001976  0.000000  0.000000  0.000000  2.000000  
194.646954 0.004560  0.093135  -0.004960  0.984601  0.163240  -0.062562  -0.158232  0.984311  0.078064  0.074323  -0.066962  0.994983  -0.003791  -0.003135  -0.002026  0.000000  0.000000  0.000000  2.000000  
194.648201 0.004556  0.093132  -0.004962  0.984601  0.163240  -0.062562  -0.158232  0.984311  0.078064  0.074323  -0.066962  0.994983  -0.003755  -0.003087  -0.002049  0.000000  0.000000  0.000000  2.000000  
194.649449 0.004551  0.093128  -0.004964  0.984601  0.163240  -0.062562  -0.158232  0.984311  0.078064  0.074323  -0.066962  0.994983  -0.003691  -0.003090  -0.002087  0.000000  0.000000  0.000000  2.000000  
194.650718 0.004548  0.093125  -0.004967  0.984568  0.163443  -0.062546  -0.158435  0.984278  0.078077  0.074323  -0.066962  0.994983  -0.003585  -0.002964  -0.002112  0.000000  0.000000  0.000000  2.000000  
194.651961 0.004544  0.093122  -0.004969  0.984568  0.163443  -0.062546  -0.158435  0.984278  0.078077  0.074323  -0.066962  0.994983  -0.003527  -0.002912  -0.002073  0.000000  0.000000  0.000000  2.000000  
194.653209 0.004541  0.093119  -0.004971  0.984536  0.163645  -0.062530  -0.158637  0.984244  0.078089  0.074323  -0.066962  0.994983  -0.003391  -0.002805  -0.002025  0.000000  0.000000  0.000000  2.000000  
194.654453 0.004538  0.093116  -0.004973  0.984536  0.163645  -0.062530  -0.158637  0.984244  0.078089  0.074323  -0.066962  0.994983  -0.003306  -0.002732  -0.001972  0.000000  0.000000  0.000000  2.000000  
194.655706 0.004535  0.093114  -0.004975  0.984503  0.163848  -0.062514  -0.158840  0.984210  0.078102  0.074323  -0.066962  0.994983  -0.003145  -0.002601  -0.001906  0.000000  0.000000  0.000000  2.000000  
194.656957 0.004532  0.093111  -0.004977  0.984470  0.164051  -0.062498  -0.159043  0.984177  0.078115  0.074323  -0.066962  0.994983  -0.003028  -0.002508  -0.001868  0.000000  0.000000  0.000000  2.000000  
194.658202 0.004530  0.093109  -0.004979  0.984437  0.164253  -0.062481  -0.159245  0.984143  0.078128  0.074323  -0.066962  0.994983  -0.002863  -0.002393  -0.001844  0.000000  0.000000  0.000000  2.000000  
194.659203 0.004529  0.093108  -0.004981  0.984437  0.164253  -0.062481  -0.159245  0.984143  0.078128  0.074323  -0.066962  0.994983  -0.002736  -0.002322  -0.001797  0.000000  0.000000  0.000000  2.000000  
194.660451 0.004527  0.093106  -0.004983  0.984414  0.164447  -0.062334  -0.159450  0.984110  0.078120  0.074190  -0.066963  0.994993  -0.002580  -0.002242  -0.001773  0.000000  0.000000  0.000000  2.000000  
194.661705 0.004525  0.093104  -0.004985  0.984382  0.164650  -0.062318  -0.159652  0.984076  0.078132  0.074190  -0.066963  0.994993  -0.002376  -0.002104  -0.001675  0.000000  0.000000  0.000000  2.000000  
194.662708 0.004524  0.093102  -0.004985  0.984349  0.164852  -0.062302  -0.159855  0.984043  0.078145  0.074190  -0.066963  0.994993  -0.002193  -0.002016  -0.001586  0.000000  0.000000  0.000000  2.000000  
194.663954 0.004523  0.093101  -0.004987  0.984316  0.165055  -0.062286  -0.160058  0.984009  0.078158  0.074190  -0.066963  0.994993  -0.001996  -0.001855  -0.001498  0.000000  0.000000  0.000000  2.000000  
194.665199 0.004521  0.093100  -0.004988  0.984283  0.165257  -0.062270  -0.160260  0.983975  0.078171  0.074190  -0.066963  0.994993  -0.001840  -0.001773  -0.001470  0.000000  0.000000  0.000000  2.000000  
194.666200 0.004521  0.093099  -0.004989  0.984250  0.165460  -0.062254  -0.160463  0.983941  0.078184  0.074190  -0.066963  0.994993  -0.001675  -0.001642  -0.001407  0.000000  0.000000  0.000000  2.000000  
194.667207 0.004520  0.093098  -0.004990  0.984217  0.165670  -0.062217  -0.160665  0.983897  0.078316  0.074190  -0.067084  0.994985  -0.001543  -0.001537  -0.001356  0.000000  0.000000  0.000000  2.000000  
194.668451 0.004519  0.093097  -0.004991  0.984184  0.165873  -0.062201  -0.160868  0.983863  0.078329  0.074190  -0.067084  0.994985  -0.001410  -0.001432  -0.001310  0.000000  0.000000  0.000000  2.000000  
194.669453 0.004518  0.093096  -0.004992  0.984150  0.166075  -0.062185  -0.161071  0.983829  0.078341  0.074190  -0.067084  0.994985  -0.001277  -0.001327  -0.001263  0.000000  0.000000  0.000000  2.000000  
194.670459 0.004518  0.093096  -0.004993  0.984150  0.166075  -0.062185  -0.161071  0.983829  0.078341  0.074190  -0.067084  0.994985  -0.001140  -0.001192  -0.001226  0.000000  0.000000  0.000000  2.000000  
194.671705 0.004518  0.093096  -0.004994  0.984117  0.166278  -0.062169  -0.161273  0.983794  0.078354  0.074190  -0.067084  0.994985  -0.000987  -0.001055  -0.001125  0.000000  0.000000  0.000000  2.000000  
194.672954 0.004517  0.093095  -0.004995  0.984084  0.166480  -0.062153  -0.161476  0.983760  0.078367  0.074190  -0.067084  0.994985  -0.000881  -0.000956  -0.001046  0.000000  0.000000  0.000000  2.000000  
194.674203 0.004517  0.093095  -0.004996  0.984051  0.166683  -0.062137  -0.161678  0.983726  0.078380  0.074190  -0.067084  0.994985  -0.000747  -0.000852  -0.001000  0.000000  0.000000  0.000000  2.000000  
194.675452 0.004517  0.093094  -0.004997  0.984017  0.166885  -0.062121  -0.161881  0.983692  0.078393  0.074190  -0.067084  0.994985  -0.000608  -0.000729  -0.000916  0.000000  0.000000  0.000000  2.000000  
194.676453 0.004517  0.093094  -0.004998  0.983984  0.167088  -0.062104  -0.162084  0.983657  0.078405  0.074190  -0.067084  0.994985  -0.000546  -0.000674  -0.000874  0.000000  0.000000  0.000000  2.000000  
194.677704 0.004516  0.093093  -0.004999  0.983984  0.167088  -0.062104  -0.162084  0.983657  0.078405  0.074190  -0.067084  0.994985  -0.000502  -0.000616  -0.000883  0.000000  0.000000  0.000000  2.000000  
194.678707 0.004516  0.093093  -0.004999  0.983951  0.167290  -0.062088  -0.162286  0.983623  0.078418  0.074190  -0.067084  0.994985  -0.000449  -0.000571  -0.000857  0.000000  0.000000  0.000000  2.000000  
194.679951 0.004516  0.093092  -0.005001  0.983917  0.167493  -0.062072  -0.162489  0.983588  0.078431  0.074190  -0.067084  0.994985  -0.000375  -0.000520  -0.000850  0.000000  0.000000  0.000000  2.000000  
194.681199 0.004516  0.093091  -0.005001  0.983917  0.167493  -0.062072  -0.162489  0.983588  0.078431  0.074190  -0.067084  0.994985  -0.000317  -0.000511  -0.000840  0.000000  0.000000  0.000000  2.000000  
194.682452 0.004515  0.093090  -0.005002  0.983917  0.167500  -0.062052  -0.162489  0.983579  0.078550  0.074190  -0.067204  0.994977  -0.000287  -0.000484  -0.000820  0.000000  0.000000  0.000000  2.000000  
194.683699 0.004515  0.093090  -0.005003  0.983884  0.167703  -0.062036  -0.162691  0.983544  0.078563  0.074190  -0.067204  0.994977  -0.000257  -0.000457  -0.000800  0.000000  0.000000  0.000000  2.000000  
194.684704 0.004514  0.093090  -0.005004  0.983884  0.167703  -0.062036  -0.162691  0.983544  0.078563  0.074190  -0.067204  0.994977  -0.000270  -0.000453  -0.000766  0.000000  0.000000  0.000000  2.000000  
194.685710 0.004514  0.093089  -0.005004  0.983884  0.167703  -0.062036  -0.162691  0.983544  0.078563  0.074190  -0.067204  0.994977  -0.000262  -0.000476  -0.000757  0.000000  0.000000  0.000000  2.000000  
194.686964 0.004514  0.093089  -0.005005  0.983884  0.167703  -0.062036  -0.162691  0.983544  0.078563  0.074190  -0.067204  0.994977  -0.000293  -0.000477  -0.000701  0.000000  0.000000  0.000000  2.000000  
194.688204 0.004513  0.093088  -0.005005  0.983884  0.167703  -0.062036  -0.162691  0.983544  0.078563  0.074190  -0.067204  0.994977  -0.000350  -0.000498  -0.000654  0.000000  0.000000  0.000000  2.000000  
194.689452 0.004511  0.093087  -0.005005  0.983884  0.167703  -0.062036  -0.162691  0.983544  0.078563  0.074190  -0.067204  0.994977  -0.000400  -0.000510  -0.000596  0.000000  0.000000  0.000000  2.000000  
194.690453 0.004511  0.093086  -0.005005  0.983884  0.167703  -0.062036  -0.162691  0.983544  0.078563  0.074190  -0.067204  0.994977  -0.000451  -0.000542  -0.000593  0.000000  0.000000  0.000000  2.000000  
194.691458 0.004509  0.093086  -0.005006  0.983884  0.167703  -0.062036  -0.162691  0.983544  0.078563  0.074190  -0.067204  0.994977  -0.000485  -0.000512  -0.000535  0.000000  0.000000  0.000000  2.000000  
194.692707 0.004508  0.093085  -0.005006  0.983884  0.167703  -0.062036  -0.162691  0.983544  0.078563  0.074190  -0.067204  0.994977  -0.000586  -0.000557  -0.000475  0.000000  0.000000  0.000000  2.000000  
194.693958 0.004507  0.093084  -0.005006  0.983884  0.167710  -0.062015  -0.162691  0.983535  0.078682  0.074190  -0.067325  0.994969  -0.000643  -0.000577  -0.000427  0.000000  0.000000  0.000000  2.000000  
194.695200 0.004505  0.093083  -0.005007  0.983884  0.167710  -0.062015  -0.162691  0.983535  0.078682  0.074190  -0.067325  0.994969  -0.000720  -0.000616  -0.000394  0.000000  0.000000  0.000000  2.000000  
194.696201 0.004504  0.093082  -0.005007  0.983884  0.167710  -0.062015  -0.162691  0.983535  0.078682  0.074190  -0.067325  0.994969  -0.000816  -0.000595  -0.000339  0.000000  0.000000  0.000000  2.000000  
194.697454 0.004503  0.093082  -0.005007  0.983917  0.167508  -0.062031  -0.162489  0.983569  0.078670  0.074190  -0.067325  0.994969  -0.000843  -0.000589  -0.000271  0.000000  0.000000  0.000000  2.000000  
194.698713 0.004501  0.093081  -0.005007  0.983917  0.167508  -0.062031  -0.162489  0.983569  0.078670  0.074190  -0.067325  0.994969  -0.000916  -0.000639  -0.000278  0.000000  0.000000  0.000000  2.000000  
194.699953 0.004500  0.093080  -0.005007  0.983907  0.167517  -0.062163  -0.162487  0.983568  0.078691  0.074323  -0.067324  0.994959  -0.000958  -0.000650  -0.000227  0.000000  0.000000  0.000000  2.000000  
194.701201 0.004499  0.093079  -0.005008  0.983907  0.167517  -0.062163  -0.162487  0.983568  0.078691  0.074323  -0.067324  0.994959  -0.000971  -0.000646  -0.000193  0.000000  0.000000  0.000000  2.000000  
194.702207 0.004498  0.093078  -0.005008  0.983907  0.167517  -0.062163  -0.162487  0.983568  0.078691  0.074323  -0.067324  0.994959  -0.001000  -0.000673  -0.000213  0.000000  0.000000  0.000000  2.000000  
194.703209 0.004497  0.093077  -0.005008  0.983907  0.167517  -0.062163  -0.162487  0.983568  0.078691  0.074323  -0.067324  0.994959  -0.001017  -0.000684  -0.000217  0.000000  0.000000  0.000000  2.000000  
194.704453 0.004496  0.093076  -0.005009  0.983941  0.167314  -0.062179  -0.162285  0.983602  0.078679  0.074323  -0.067324  0.994959  -0.001048  -0.000712  -0.000237  0.000000  0.000000  0.000000  2.000000  
194.705453 0.004495  0.093076  -0.005009  0.983941  0.167314  -0.062179  -0.162285  0.983602  0.078679  0.074323  -0.067324  0.994959  -0.001028  -0.000739  -0.000261  0.000000  0.000000  0.000000  2.000000  
194.706454 0.004494  0.093075  -0.005009  0.983941  0.167314  -0.062179  -0.162285  0.983602  0.078679  0.074323  -0.067324  0.994959  -0.001015  -0.000746  -0.000213  0.000000  0.000000  0.000000  2.000000  
194.707706 0.004494  0.093074  -0.005009  0.983941  0.167314  -0.062179  -0.162285  0.983602  0.078679  0.074323  -0.067324  0.994959  -0.000942  -0.000695  -0.000206  0.000000  0.000000  0.000000  2.000000  
194.708955 0.004493  0.093074  -0.005010  0.983941  0.167314  -0.062179  -0.162285  0.983602  0.078679  0.074323  -0.067324  0.994959  -0.000929  -0.000699  -0.000240  0.000000  0.000000  0.000000  2.000000  
194.710206 0.004492  0.093073  -0.005010  0.983941  0.167314  -0.062179  -0.162285  0.983602  0.078679  0.074323  -0.067324  0.994959  -0.000870  -0.000659  -0.000237  0.000000  0.000000  0.000000  2.000000  
194.711449 0.004492  0.093073  -0.005010  0.983941  0.167314  -0.062179  -0.162285  0.983602  0.078679  0.074323  -0.067324  0.994959  -0.000775  -0.000620  -0.000216  0.000000  0.000000  0.000000  2.000000  
194.712454 0.004492  0.093073  -0.005010  0.983941  0.167314  -0.062179  -0.162285  0.983602  0.078679  0.074323  -0.067324  0.994959  -0.000713  -0.000579  -0.000213  0.000000  0.000000  0.000000  2.000000  
194.713699 0.004492  0.093073  -0.005011  0.983941  0.167314  -0.062179  -0.162285  0.983602  0.078679  0.074323  -0.067324  0.994959  -0.000616  -0.000523  -0.000237  0.000000  0.000000  0.000000  2.000000  
194.714712 0.004492  0.093072  -0.005011  0.983941  0.167314  -0.062179  -0.162285  0.983602  0.078679  0.074323  -0.067324  0.994959  -0.000530  -0.000506  -0.000257  0.000000  0.000000  0.000000  2.000000  
194.715953 0.004493  0.093072  -0.005012  0.983941  0.167314  -0.062179  -0.162285  0.983602  0.078679  0.074323  -0.067324  0.994959  -0.000443  -0.000459  -0.000284  0.000000  0.000000  0.000000  2.000000  
194.716954 0.004493  0.093072  -0.005012  0.983941  0.167314  -0.062179  -0.162285  0.983602  0.078679  0.074323  -0.067324  0.994959  -0.000342  -0.000427  -0.000296  0.000000  0.000000  0.000000  2.000000  
194.718201 0.004493  0.093072  -0.005013  0.983907  0.167517  -0.062163  -0.162487  0.983568  0.078691  0.074323  -0.067324  0.994959  -0.000269  -0.000376  -0.000290  0.000000  0.000000  0.000000  2.000000  
194.719206 0.004494  0.093072  -0.005013  0.983907  0.167517  -0.062163  -0.162487  0.983568  0.078691  0.074323  -0.067324  0.994959  -0.000116  -0.000303  -0.000271  0.000000  0.000000  0.000000  2.000000  
194.720210 0.004494  0.093072  -0.005013  0.983907  0.167517  -0.062163  -0.162487  0.983568  0.078691  0.074323  -0.067324  0.994959  -0.000050  -0.000228  -0.000274  0.000000  0.000000  0.000000  2.000000  
194.721452 0.004495  0.093072  -0.005013  0.983907  0.167517  -0.062163  -0.162487  0.983568  0.078691  0.074323  -0.067324  0.994959  0.000045  -0.000200  -0.000286  0.000000  0.000000  0.000000  2.000000  
194.722452 0.004495  0.093072  -0.005013  0.983907  0.167517  -0.062163  -0.162487  0.983568  0.078691  0.074323  -0.067324  0.994959  0.000105  -0.000146  -0.000246  0.000000  0.000000  0.000000  2.000000  
194.723453 0.004496  0.093072  -0.005013  0.983907  0.167517  -0.062163  -0.162487  0.983568  0.078691  0.074323  -0.067324  0.994959  0.000186  -0.000119  -0.000230  0.000000  0.000000  0.000000  2.000000  
194.724709 0.004497  0.093073  -0.005013  0.983907  0.167509  -0.062183  -0.162487  0.983577  0.078572  0.074323  -0.067204  0.994967  0.000294  -0.000042  -0.000206  0.000000  0.000000  0.000000  2.000000  
194.725956 0.004497  0.093073  -0.005013  0.983874  0.167712  -0.062167  -0.162690  0.983543  0.078585  0.074323  -0.067204  0.994967  0.000338  -0.000018  -0.000220  0.000000  0.000000  0.000000  2.000000  
194.726962 0.004498  0.093073  -0.005013  0.983874  0.167712  -0.062167  -0.162690  0.983543  0.078585  0.074323  -0.067204  0.994967  0.000399  0.000037  -0.000179  0.000000  0.000000  0.000000  2.000000  
194.728202 0.004498  0.093074  -0.005013  0.983874  0.167712  -0.062167  -0.162690  0.983543  0.078585  0.074323  -0.067204  0.994967  0.000422  0.000064  -0.000156  0.000000  0.000000  0.000000  2.000000  
194.729204 0.004498  0.093074  -0.005013  0.983874  0.167712  -0.062167  -0.162690  0.983543  0.078585  0.074323  -0.067204  0.994967  0.000400  0.000115  -0.000146  0.000000  0.000000  0.000000  2.000000  
194.730453 0.004499  0.093074  -0.005013  0.983874  0.167719  -0.062147  -0.162690  0.983533  0.078704  0.074323  -0.067324  0.994959  0.000418  0.000146  -0.000091  0.000000  0.000000  0.000000  2.000000  
194.731705 0.004499  0.093074  -0.005013  0.983874  0.167719  -0.062147  -0.162690  0.983533  0.078704  0.074323  -0.067324  0.994959  0.000377  0.000173  -0.000033  0.000000  0.000000  0.000000  2.000000  
194.732705 0.004498  0.093075  -0.005013  0.983841  0.167922  -0.062130  -0.162892  0.983499  0.078717  0.074323  -0.067324  0.994959  0.000362  0.000203  -0.000010  0.000000  0.000000  0.000000  2.000000  
194.733953 0.004498  0.093075  -0.005012  0.983841  0.167922  -0.062130  -0.162892  0.983499  0.078717  0.074323  -0.067324  0.994959  0.000293  0.000202  0.000027  0.000000  0.000000  0.000000  2.000000  
194.735204 0.004498  0.093075  -0.005012  0.983841  0.167922  -0.062130  -0.162892  0.983499  0.078717  0.074323  -0.067324  0.994959  0.000229  0.000205  0.000063  0.000000  0.000000  0.000000  2.000000  
194.736206 0.004498  0.093075  -0.005012  0.983841  0.167922  -0.062130  -0.162892  0.983499  0.078717  0.074323  -0.067324  0.994959  0.000211  0.000235  0.000088  0.000000  0.000000  0.000000  2.000000  
194.737208 0.004498  0.093075  -0.005012  0.983841  0.167922  -0.062130  -0.162892  0.983499  0.078717  0.074323  -0.067324  0.994959  0.000181  0.000208  0.000068  0.000000  0.000000  0.000000  2.000000  
194.738454 0.004497  0.093075  -0.005012  0.983841  0.167922  -0.062130  -0.162892  0.983499  0.078717  0.074323  -0.067324  0.994959  0.000077  0.000207  0.000074  0.000000  0.000000  0.000000  2.000000  
194.739707 0.004497  0.093075  -0.005012  0.983807  0.168124  -0.062114  -0.163095  0.983464  0.078730  0.074323  -0.067324  0.994959  0.000033  0.000180  0.000086  0.000000  0.000000  0.000000  2.000000  
194.740769 0.004497  0.093076  -0.005012  0.983807  0.168124  -0.062114  -0.163095  0.983464  0.078730  0.074323  -0.067324  0.994959  -0.000018  0.000181  0.000091  0.000000  0.000000  0.000000  2.000000  
194.741953 0.004496  0.093075  -0.005012  0.983807  0.168124  -0.062114  -0.163095  0.983464  0.078730  0.074323  -0.067324  0.994959  -0.000091  0.000129  0.000083  0.000000  0.000000  0.000000  2.000000  
194.742954 0.004496  0.093075  -0.005012  0.983807  0.168124  -0.062114  -0.163095  0.983464  0.078730  0.074323  -0.067324  0.994959  -0.000167  0.000079  0.000078  0.000000  0.000000  0.000000  2.000000  
194.744206 0.004495  0.093074  -0.005012  0.983807  0.168124  -0.062114  -0.163095  0.983464  0.078730  0.074323  -0.067324  0.994959  -0.000220  0.000001  0.000047  0.000000  0.000000  0.000000  2.000000  
194.745455 0.004495  0.093074  -0.005012  0.983807  0.168124  -0.062114  -0.163095  0.983464  0.078730  0.074323  -0.067324  0.994959  -0.000220  0.000001  0.000047  0.000000  0.000000  0.000000  2.000000  
