1-Time 2-Px 3-Py 4-Pz 5-R11 6-R21 7-R31 8-R12 9-R22 10-R32 11-R13 12-R23 13-R33 14-Vx 15-Vy 16-Vz 17-Wx 18-Wy 19-Wz 20-state 21-PR11 22-PR21 23-PR31 24-PR12 25-PR22 26-PR32 27-PR13 28-PR23 29-PR33 
52.591488 0.006568  0.096564  -0.019476  0.991401  0.121363  -0.048933  -0.120808  0.992575  0.014150  0.050287  -0.008117  0.998702  0.000061  0.000055  0.000039  0.000000  0.000000  0.000000  2.000000  
52.592492 0.006568  0.096564  -0.019476  0.991401  0.121363  -0.048933  -0.120808  0.992575  0.014150  0.050287  -0.008117  0.998702  0.000061  0.000055  0.000039  0.000000  0.000000  0.000000  2.000000  
52.593741 0.006569  0.096564  -0.019475  0.991320  0.121977  -0.049057  -0.121420  0.992500  0.014196  0.050421  -0.008116  0.998695  0.000151  0.000063  0.000056  0.000000  0.000000  0.000000  2.000000  
52.594988 0.006570  0.096564  -0.019475  0.991238  0.122597  -0.049166  -0.122031  0.992422  0.014363  0.050554  -0.008238  0.998687  0.000181  0.000015  0.000033  0.000000  0.000000  0.000000  2.000000  
52.595988 0.006572  0.096564  -0.019475  0.991213  0.122801  -0.049163  -0.122235  0.992397  0.014373  0.050554  -0.008238  0.998687  0.000281  -0.000001  0.000057  0.000000  0.000000  0.000000  2.000000  
52.597241 0.006574  0.096564  -0.019475  0.991156  0.123211  -0.049290  -0.122642  0.992346  0.014410  0.050688  -0.008238  0.998681  0.000412  0.000032  0.000055  0.000000  0.000000  0.000000  2.000000  
52.598487 0.006576  0.096566  -0.019475  0.991066  0.123832  -0.049531  -0.123253  0.992268  0.014594  0.050955  -0.008359  0.998666  0.000563  0.000116  0.000064  0.000000  0.000000  0.000000  2.000000  
52.599492 0.006578  0.096567  -0.019475  0.990951  0.124651  -0.049784  -0.124067  0.992165  0.014668  0.051222  -0.008358  0.998652  0.000693  0.000220  0.000065  0.000000  0.000000  0.000000  2.000000  
52.600736 0.006580  0.096569  -0.019474  0.990783  0.125879  -0.050031  -0.125289  0.992010  0.014763  0.051490  -0.008358  0.998639  0.000782  0.000323  0.000078  0.000000  0.000000  0.000000  2.000000  
52.601740 0.006581  0.096570  -0.019475  0.990699  0.126493  -0.050155  -0.125900  0.991932  0.014810  0.051623  -0.008358  0.998632  0.000866  0.000404  0.000034  0.000000  0.000000  0.000000  2.000000  
52.602744 0.006582  0.096572  -0.019476  0.990588  0.127311  -0.050275  -0.126715  0.991828  0.014869  0.051757  -0.008358  0.998625  0.000936  0.000501  -0.000058  0.017326  0.047964  0.179998  2.000000  
52.603990 0.006584  0.096575  -0.019478  0.990443  0.128334  -0.050525  -0.127733  0.991696  0.014955  0.052024  -0.008358  0.998611  0.001108  0.000701  -0.000175  0.019122  0.056678  0.214642  2.000000  
52.604990 0.006586  0.096577  -0.019478  0.990331  0.129158  -0.050629  -0.128548  0.991588  0.015134  0.052158  -0.008479  0.998603  0.001230  0.000833  -0.000143  0.024988  0.060884  0.249267  2.000000  
52.605991 0.006589  0.096578  -0.019477  0.990191  0.130179  -0.050746  -0.129566  0.991454  0.015203  0.052291  -0.008479  0.998596  0.001402  0.000947  -0.000075  0.026776  0.065086  0.283817  2.000000  
52.606991 0.006592  0.096580  -0.019477  0.990043  0.131202  -0.050995  -0.130584  0.991319  0.015290  0.052559  -0.008479  0.998582  0.001577  0.001018  -0.000075  0.028594  0.073794  0.318449  2.000000  
52.608240 0.006596  0.096582  -0.019477  0.989867  0.132435  -0.051225  -0.131805  0.991154  0.015509  0.052826  -0.008600  0.998567  0.001885  0.001174  -0.000115  0.034865  0.082449  0.360105  2.000000  
52.609240 0.006600  0.096584  -0.019476  0.989744  0.133253  -0.051477  -0.132618  0.991045  0.015586  0.053093  -0.008600  0.998553  0.002049  0.001334  -0.000102  0.036335  0.091190  0.387726  2.000000  
52.610241 0.006604  0.096586  -0.019475  0.989621  0.134078  -0.051713  -0.133431  0.990932  0.015785  0.053360  -0.008721  0.998537  0.002229  0.001498  0.000017  0.042256  0.099869  0.422358  2.000000  
52.611490 0.006609  0.096588  -0.019473  0.989469  0.135100  -0.051961  -0.134448  0.990794  0.015874  0.053628  -0.008721  0.998523  0.002450  0.001592  0.000120  0.044100  0.108546  0.456875  2.000000  
52.612496 0.006613  0.096588  -0.019472  0.989315  0.136122  -0.052210  -0.135464  0.990654  0.015964  0.053895  -0.008721  0.998509  0.002591  0.001581  0.000172  0.045960  0.117240  0.491459  2.000000  
52.613741 0.006620  0.096590  -0.019471  0.989133  0.137348  -0.052455  -0.136684  0.990484  0.016065  0.054162  -0.008720  0.998494  0.002892  0.001609  0.000287  0.048200  0.125899  0.533055  2.000000  
52.614988 0.006625  0.096592  -0.019469  0.988985  0.138375  -0.052554  -0.137701  0.990340  0.016257  0.054296  -0.008842  0.998486  0.003103  0.001606  0.000369  0.054119  0.130066  0.567628  2.000000  
52.615991 0.006629  0.096593  -0.019467  0.988856  0.139193  -0.052805  -0.138513  0.990226  0.016338  0.054563  -0.008841  0.998471  0.003305  0.001554  0.000527  0.055653  0.138841  0.595414  2.000000  
52.617238 0.006633  0.096592  -0.019465  0.988763  0.139799  -0.052944  -0.139123  0.990141  0.016269  0.054696  -0.008720  0.998465  0.003467  0.001388  0.000718  0.053076  0.143160  0.623162  2.000000  
52.618500 0.006639  0.096592  -0.019464  0.988612  0.140820  -0.053059  -0.140140  0.989997  0.016342  0.054830  -0.008720  0.998458  0.003733  0.001193  0.000928  0.054907  0.147287  0.657399  2.000000  
52.619747 0.006644  0.096591  -0.019462  0.988489  0.141636  -0.053178  -0.140953  0.989880  0.016405  0.054964  -0.008720  0.998450  0.003903  0.000993  0.001053  0.056411  0.151559  0.685106  2.000000  
52.620996 0.006648  0.096591  -0.019459  0.988388  0.142250  -0.053433  -0.141561  0.989792  0.016475  0.055231  -0.008720  0.998436  0.003932  0.000783  0.001172  0.057606  0.160398  0.706007  2.000000  
52.622241 0.006652  0.096590  -0.019457  0.988293  0.142862  -0.053555  -0.142171  0.989704  0.016527  0.055364  -0.008720  0.998428  0.003953  0.000671  0.001327  0.058642  0.163344  0.727806  2.000000  
52.623489 0.006656  0.096591  -0.019454  0.988227  0.143271  -0.053680  -0.142576  0.989645  0.016568  0.055498  -0.008720  0.998421  0.003939  0.000556  0.001523  0.058503  0.164843  0.720141  2.000000  
52.624504 0.006659  0.096591  -0.019451  0.988168  0.143672  -0.053691  -0.142983  0.989588  0.016470  0.055498  -0.008599  0.998422  0.003869  0.000391  0.001645  0.049974  0.159001  0.714061  2.000000  
52.625740 0.006662  0.096591  -0.019448  0.988072  0.144284  -0.053813  -0.143592  0.989499  0.016523  0.055632  -0.008599  0.998414  0.003749  0.000266  0.001717  0.050386  0.163403  0.720948  2.000000  
52.626742 0.006663  0.096590  -0.019446  0.988013  0.144691  -0.053806  -0.143999  0.989439  0.016545  0.055632  -0.008599  0.998414  0.003566  0.000159  0.001808  0.051216  0.160188  0.733728  2.000000  
52.627988 0.006665  0.096590  -0.019443  0.987983  0.144889  -0.053820  -0.144203  0.989412  0.016436  0.055632  -0.008478  0.998415  0.003259  0.000022  0.001922  0.046078  0.154597  0.714066  2.000000  
52.629241 0.006666  0.096589  -0.019440  0.987946  0.145087  -0.053966  -0.144405  0.989384  0.016346  0.055765  -0.008356  0.998409  0.002888  -0.000146  0.001992  0.037032  0.150300  0.693418  2.000000  
52.630242 0.006665  0.096588  -0.019438  0.987916  0.145291  -0.053963  -0.144608  0.989354  0.016358  0.055765  -0.008356  0.998409  0.002583  -0.000261  0.002059  0.035576  0.142831  0.664487  2.000000  
52.631492 0.006663  0.096587  -0.019435  0.987857  0.145691  -0.053974  -0.145015  0.989296  0.016260  0.055765  -0.008235  0.998410  0.002156  -0.000377  0.002078  0.030963  0.132846  0.652140  2.000000  
52.632741 0.006662  0.096586  -0.019432  0.987827  0.145888  -0.053988  -0.145219  0.989268  0.016151  0.055765  -0.008114  0.998411  0.001689  -0.000391  0.002177  0.025489  0.128659  0.624716  2.000000  
52.633986 0.006660  0.096586  -0.019429  0.987827  0.145875  -0.054024  -0.145219  0.989272  0.015911  0.055765  -0.007872  0.998413  0.001247  -0.000383  0.002259  0.015636  0.120095  0.590367  2.000000  
52.635011 0.006658  0.096585  -0.019428  0.987797  0.146072  -0.054038  -0.145422  0.989244  0.015802  0.055765  -0.007751  0.998414  0.000814  -0.000425  0.002210  0.005781  0.116806  0.560343  2.000000  
52.636243 0.006654  0.096585  -0.019426  0.987797  0.146066  -0.054056  -0.145422  0.989245  0.015682  0.055765  -0.007630  0.998415  0.000333  -0.000415  0.002154  -0.000090  0.108208  0.526113  2.000000  
52.637496 0.006651  0.096584  -0.019425  0.987767  0.146256  -0.054088  -0.145625  0.989219  0.015453  0.055765  -0.007388  0.998417  -0.000169  -0.000432  0.002035  -0.014125  0.099488  0.491313  2.000000  
52.638496 0.006649  0.096584  -0.019425  0.987767  0.146250  -0.054106  -0.145625  0.989221  0.015333  0.055765  -0.007266  0.998417  -0.000571  -0.000466  0.001942  -0.020015  0.090797  0.456676  2.000000  
52.639741 0.006645  0.096584  -0.019424  0.987737  0.146447  -0.054120  -0.145829  0.989193  0.015224  0.055765  -0.007145  0.998418  -0.001012  -0.000475  0.001792  -0.025544  0.082067  0.429052  2.000000  
52.640990 0.006641  0.096584  -0.019423  0.987737  0.146440  -0.054138  -0.145829  0.989195  0.015104  0.055765  -0.007024  0.998419  -0.001422  -0.000439  0.001631  -0.035502  0.068843  0.394360  2.000000  
52.642241 0.006638  0.096584  -0.019423  0.987767  0.146224  -0.054177  -0.145625  0.989228  0.014853  0.055765  -0.006782  0.998421  -0.001808  -0.000388  0.001407  -0.046272  0.060291  0.346023  2.000000  
52.643493 0.006634  0.096583  -0.019423  0.987737  0.146414  -0.054209  -0.145829  0.989202  0.014624  0.055765  -0.006540  0.998422  -0.002129  -0.000423  0.001187  -0.055449  0.055570  0.315632  2.000000  
52.644505 0.006632  0.096582  -0.019424  0.987744  0.146407  -0.054095  -0.145830  0.989204  0.014485  0.055632  -0.006419  0.998431  -0.002278  -0.000442  0.001037  -0.065916  0.042786  0.283485  2.000000  
52.645740 0.006628  0.096581  -0.019424  0.987744  0.146394  -0.054130  -0.145830  0.989207  0.014245  0.055632  -0.006177  0.998432  -0.002441  -0.000435  0.000840  -0.075975  0.034109  0.249014  2.000000  
52.646993 0.006626  0.096581  -0.019425  0.987744  0.146380  -0.054166  -0.145830  0.989211  0.014005  0.055632  -0.005934  0.998434  -0.002492  -0.000365  0.000526  -0.081166  0.029803  0.228204  2.000000  
52.648246 0.006624  0.096581  -0.019427  0.987744  0.146367  -0.054201  -0.145830  0.989214  0.013765  0.055632  -0.005692  0.998435  -0.002492  -0.000310  0.000206  -0.091241  0.025591  0.193681  2.000000  
52.649492 0.006624  0.096582  -0.019428  0.987774  0.146150  -0.054240  -0.145626  0.989247  0.013514  0.055632  -0.005450  0.998436  -0.002354  -0.000235  0.000045  0.000000  0.000000  0.000000  2.000000  
52.650736 0.006623  0.096583  -0.019430  0.987774  0.146144  -0.054257  -0.145626  0.989249  0.013394  0.055632  -0.005329  0.998437  -0.002165  -0.000137  -0.000143  0.000000  0.000000  0.000000  2.000000  
52.651768 0.006624  0.096584  -0.019431  0.987782  0.146130  -0.054161  -0.145627  0.989252  0.013134  0.055498  -0.005087  0.998446  -0.001925  -0.000008  -0.000327  0.000000  0.000000  0.000000  2.000000  
52.652993 0.006625  0.096586  -0.019432  0.987782  0.146123  -0.054178  -0.145627  0.989254  0.013014  0.055498  -0.004965  0.998446  -0.001627  0.000150  -0.000489  0.000000  0.000000  0.000000  2.000000  
52.654241 0.006627  0.096588  -0.019434  0.987782  0.146110  -0.054214  -0.145627  0.989257  0.012774  0.055498  -0.004723  0.998448  -0.001245  0.000263  -0.000686  0.000000  0.000000  0.000000  2.000000  
52.655492 0.006630  0.096589  -0.019436  0.987782  0.146104  -0.054232  -0.145627  0.989259  0.012654  0.055498  -0.004602  0.998448  -0.000869  0.000299  -0.000833  0.000000  0.000000  0.000000  2.000000  
52.656495 0.006631  0.096590  -0.019437  0.987782  0.146091  -0.054267  -0.145627  0.989262  0.012414  0.055498  -0.004360  0.998449  -0.000552  0.000387  -0.000932  0.000000  0.000000  0.000000  2.000000  
52.657741 0.006634  0.096591  -0.019438  0.987782  0.146084  -0.054285  -0.145627  0.989263  0.012294  0.055498  -0.004239  0.998450  -0.000127  0.000512  -0.000957  0.000000  0.000000  0.000000  2.000000  
52.658743 0.006637  0.096592  -0.019438  0.987812  0.145874  -0.054305  -0.145424  0.989295  0.012163  0.055498  -0.004118  0.998450  0.000253  0.000644  -0.000987  0.000000  0.000000  0.000000  2.000000  
52.659990 0.006640  0.096593  -0.019439  0.987812  0.145861  -0.054340  -0.145424  0.989298  0.011923  0.055498  -0.003876  0.998451  0.000696  0.000747  -0.001005  0.000000  0.000000  0.000000  2.000000  
52.661238 0.006643  0.096594  -0.019439  0.987812  0.145854  -0.054358  -0.145424  0.989299  0.011803  0.055498  -0.003754  0.998452  0.001070  0.000834  -0.000995  0.000000  0.000000  0.000000  2.000000  
52.662238 0.006646  0.096594  -0.019440  0.987812  0.145847  -0.054376  -0.145424  0.989300  0.011683  0.055498  -0.003633  0.998452  0.001432  0.000902  -0.000916  0.000000  0.000000  0.000000  2.000000  
52.663246 0.006649  0.096595  -0.019440  0.987812  0.145841  -0.054393  -0.145424  0.989302  0.011563  0.055498  -0.003512  0.998453  0.001682  0.000948  -0.000835  0.000000  0.000000  0.000000  2.000000  
52.664502 0.006652  0.096598  -0.019440  0.987812  0.145834  -0.054411  -0.145424  0.989303  0.011443  0.055498  -0.003391  0.998453  0.001953  0.001045  -0.000743  0.000000  0.000000  0.000000  2.000000  
52.665736 0.006657  0.096600  -0.019439  0.987812  0.145828  -0.054429  -0.145424  0.989305  0.011323  0.055498  -0.003270  0.998453  0.002219  0.001152  -0.000621  0.000000  0.000000  0.000000  2.000000  
52.666738 0.006660  0.096603  -0.019438  0.987812  0.145821  -0.054447  -0.145424  0.989306  0.011203  0.055498  -0.003149  0.998454  0.002422  0.001272  -0.000490  0.000000  0.000000  0.000000  2.000000  
52.667741 0.006664  0.096606  -0.019436  0.987812  0.145814  -0.054464  -0.145424  0.989307  0.011083  0.055498  -0.003028  0.998454  0.002577  0.001340  -0.000293  0.000000  0.000000  0.000000  2.000000  
52.669009 0.006667  0.096609  -0.019435  0.987812  0.145808  -0.054482  -0.145424  0.989309  0.010963  0.055498  -0.002907  0.998455  0.002718  0.001431  -0.000050  0.000000  0.000000  0.000000  2.000000  
52.670240 0.006671  0.096611  -0.019434  0.987812  0.145808  -0.054482  -0.145424  0.989309  0.010963  0.055498  -0.002907  0.998455  0.002803  0.001549  0.000183  0.000000  0.000000  0.000000  2.000000  
52.671244 0.006673  0.096613  -0.019432  0.987812  0.145801  -0.054500  -0.145424  0.989310  0.010843  0.055498  -0.002786  0.998455  0.002834  0.001609  0.000338  0.000000  0.000000  0.000000  2.000000  
52.672494 0.006676  0.096616  -0.019429  0.987782  0.145998  -0.054515  -0.145627  0.989281  0.010734  0.055498  -0.002664  0.998455  0.002834  0.001695  0.000563  0.000000  0.000000  0.000000  2.000000  
52.673740 0.006679  0.096619  -0.019427  0.987774  0.145992  -0.054665  -0.145626  0.989283  0.010634  0.055632  -0.002543  0.998448  0.002839  0.001754  0.000763  0.000000  0.000000  0.000000  2.000000  
52.674744 0.006681  0.096620  -0.019424  0.987774  0.145992  -0.054665  -0.145626  0.989283  0.010634  0.055632  -0.002543  0.998448  0.002837  0.001867  0.001011  0.000000  0.000000  0.000000  2.000000  
52.675990 0.006684  0.096622  -0.019421  0.987774  0.145985  -0.054683  -0.145626  0.989284  0.010514  0.055632  -0.002422  0.998448  0.002788  0.001950  0.001247  0.000000  0.000000  0.000000  2.000000  
52.676991 0.006686  0.096625  -0.019418  0.987774  0.145985  -0.054683  -0.145626  0.989284  0.010514  0.055632  -0.002422  0.998448  0.002729  0.002056  0.001474  0.000000  0.000000  0.000000  2.000000  
52.678244 0.006689  0.096627  -0.019414  0.987774  0.145985  -0.054683  -0.145626  0.989284  0.010514  0.055632  -0.002422  0.998448  0.002675  0.002109  0.001709  0.000000  0.000000  0.000000  2.000000  
52.679488 0.006692  0.096630  -0.019410  0.987774  0.145979  -0.054700  -0.145626  0.989285  0.010394  0.055632  -0.002301  0.998449  0.002629  0.002171  0.001987  0.000000  0.000000  0.000000  2.000000  
52.680508 0.006694  0.096633  -0.019407  0.987774  0.145979  -0.054700  -0.145626  0.989285  0.010394  0.055632  -0.002301  0.998449  0.002537  0.002201  0.002153  0.000000  0.000000  0.000000  2.000000  
52.681738 0.006697  0.096637  -0.019403  0.987774  0.145979  -0.054700  -0.145626  0.989285  0.010394  0.055632  -0.002301  0.998449  0.002470  0.002225  0.002322  0.000000  0.000000  0.000000  2.000000  
52.682991 0.006700  0.096640  -0.019400  0.987774  0.145979  -0.054700  -0.145626  0.989285  0.010394  0.055632  -0.002301  0.998449  0.002340  0.002257  0.002470  0.000000  0.000000  0.000000  2.000000  
52.684241 0.006702  0.096643  -0.019397  0.987774  0.145972  -0.054718  -0.145626  0.989286  0.010274  0.055632  -0.002180  0.998449  0.002283  0.002276  0.002593  0.000000  0.000000  0.000000  2.000000  
52.685491 0.006705  0.096646  -0.019393  0.987774  0.145972  -0.054718  -0.145626  0.989286  0.010274  0.055632  -0.002180  0.998449  0.002205  0.002278  0.002719  0.000000  0.000000  0.000000  2.000000  
52.686500 0.006706  0.096648  -0.019391  0.987774  0.145972  -0.054718  -0.145626  0.989286  0.010274  0.055632  -0.002180  0.998449  0.002139  0.002233  0.002742  0.000000  0.000000  0.000000  2.000000  
52.687746 0.006708  0.096650  -0.019388  0.987744  0.146176  -0.054716  -0.145830  0.989256  0.010285  0.055632  -0.002180  0.998449  0.002079  0.002254  0.002745  0.000000  0.000000  0.000000  2.000000  
52.688990 0.006710  0.096653  -0.019385  0.987744  0.146169  -0.054734  -0.145830  0.989257  0.010165  0.055632  -0.002059  0.998449  0.002030  0.002252  0.002758  0.000000  0.000000  0.000000  2.000000  
52.689991 0.006712  0.096654  -0.019383  0.987744  0.146169  -0.054734  -0.145830  0.989257  0.010165  0.055632  -0.002059  0.998449  0.001977  0.002240  0.002742  0.000000  0.000000  0.000000  2.000000  
52.691240 0.006714  0.096657  -0.019379  0.987767  0.145966  -0.054868  -0.145625  0.989288  0.010173  0.055765  -0.002059  0.998442  0.001950  0.002245  0.002704  0.000000  0.000000  0.000000  2.000000  
52.692493 0.006716  0.096659  -0.019376  0.987767  0.145966  -0.054868  -0.145625  0.989288  0.010173  0.055765  -0.002059  0.998442  0.001917  0.002207  0.002658  0.000000  0.000000  0.000000  2.000000  
52.693494 0.006718  0.096661  -0.019374  0.987767  0.145966  -0.054868  -0.145625  0.989288  0.010173  0.055765  -0.002059  0.998442  0.001877  0.002224  0.002586  0.000000  0.000000  0.000000  2.000000  
52.694504 0.006719  0.096664  -0.019372  0.987737  0.146169  -0.054866  -0.145829  0.989257  0.010185  0.055765  -0.002059  0.998442  0.001856  0.002224  0.002502  0.000000  0.000000  0.000000  2.000000  
52.695740 0.006721  0.096666  -0.019370  0.987737  0.146169  -0.054866  -0.145829  0.989257  0.010185  0.055765  -0.002059  0.998442  0.001767  0.002143  0.002445  0.000000  0.000000  0.000000  2.000000  
52.696993 0.006723  0.096669  -0.019368  0.987767  0.145966  -0.054868  -0.145625  0.989288  0.010173  0.055765  -0.002059  0.998442  0.001695  0.002057  0.002308  0.000000  0.000000  0.000000  2.000000  
52.698236 0.006725  0.096671  -0.019366  0.987760  0.145966  -0.055000  -0.145624  0.989287  0.010193  0.055899  -0.002059  0.998434  0.001687  0.002021  0.002195  0.000000  0.000000  0.000000  2.000000  
52.699237 0.006727  0.096673  -0.019365  0.987760  0.145966  -0.055000  -0.145624  0.989287  0.010193  0.055899  -0.002059  0.998434  0.001647  0.001963  0.002081  0.000000  0.000000  0.000000  2.000000  
52.700241 0.006728  0.096674  -0.019364  0.987760  0.145966  -0.055000  -0.145624  0.989287  0.010193  0.055899  -0.002059  0.998434  0.001604  0.001910  0.001980  0.000000  0.000000  0.000000  2.000000  
52.701489 0.006729  0.096676  -0.019363  0.987760  0.145966  -0.055000  -0.145624  0.989287  0.010193  0.055899  -0.002059  0.998434  0.001558  0.001873  0.001845  0.000000  0.000000  0.000000  2.000000  
52.702493 0.006731  0.096677  -0.019362  0.987760  0.145966  -0.055000  -0.145624  0.989287  0.010193  0.055899  -0.002059  0.998434  0.001522  0.001794  0.001747  0.000000  0.000000  0.000000  2.000000  
52.703496 0.006732  0.096678  -0.019362  0.987760  0.145966  -0.055000  -0.145624  0.989287  0.010193  0.055899  -0.002059  0.998434  0.001521  0.001783  0.001564  0.000000  0.000000  0.000000  2.000000  
52.704506 0.006733  0.096679  -0.019361  0.987730  0.146170  -0.054998  -0.145828  0.989257  0.010204  0.055899  -0.002059  0.998434  0.001479  0.001723  0.001447  0.000000  0.000000  0.000000  2.000000  
52.705741 0.006735  0.096680  -0.019362  0.987730  0.146170  -0.054998  -0.145828  0.989257  0.010204  0.055899  -0.002059  0.998434  0.001475  0.001640  0.001261  0.000000  0.000000  0.000000  2.000000  
52.706990 0.006736  0.096681  -0.019361  0.987730  0.146176  -0.054980  -0.145828  0.989256  0.010324  0.055899  -0.002180  0.998434  0.001415  0.001554  0.001089  0.000000  0.000000  0.000000  2.000000  
52.707991 0.006738  0.096683  -0.019361  0.987722  0.146177  -0.055112  -0.145826  0.989256  0.010344  0.056032  -0.002180  0.998427  0.001397  0.001468  0.000902  0.000000  0.000000  0.000000  2.000000  
52.708992 0.006739  0.096684  -0.019361  0.987722  0.146177  -0.055112  -0.145826  0.989256  0.010344  0.056032  -0.002180  0.998427  0.001377  0.001461  0.000797  0.000000  0.000000  0.000000  2.000000  
52.710241 0.006741  0.096685  -0.019361  0.987722  0.146177  -0.055112  -0.145826  0.989256  0.010344  0.056032  -0.002180  0.998427  0.001376  0.001353  0.000620  0.000000  0.000000  0.000000  2.000000  
52.711495 0.006743  0.096687  -0.019361  0.987722  0.146177  -0.055112  -0.145826  0.989256  0.010344  0.056032  -0.002180  0.998427  0.001354  0.001269  0.000472  0.000000  0.000000  0.000000  2.000000  
52.712496 0.006744  0.096687  -0.019361  0.987722  0.146177  -0.055112  -0.145826  0.989256  0.010344  0.056032  -0.002180  0.998427  0.001284  0.001162  0.000382  0.000000  0.000000  0.000000  2.000000  
52.713741 0.006745  0.096689  -0.019361  0.987722  0.146177  -0.055112  -0.145826  0.989256  0.010344  0.056032  -0.002180  0.998427  0.001273  0.001110  0.000332  0.000000  0.000000  0.000000  2.000000  
52.714742 0.006746  0.096689  -0.019361  0.987722  0.146177  -0.055112  -0.145826  0.989256  0.010344  0.056032  -0.002180  0.998427  0.001273  0.001056  0.000243  0.000000  0.000000  0.000000  2.000000  
52.715991 0.006748  0.096690  -0.019361  0.987722  0.146177  -0.055112  -0.145826  0.989256  0.010344  0.056032  -0.002180  0.998427  0.001232  0.000976  0.000173  0.000000  0.000000  0.000000  2.000000  
52.717236 0.006749  0.096691  -0.019360  0.987722  0.146177  -0.055112  -0.145826  0.989256  0.010344  0.056032  -0.002180  0.998427  0.001252  0.000986  0.000152  0.000000  0.000000  0.000000  2.000000  
52.718488 0.006750  0.096692  -0.019360  0.987722  0.146177  -0.055112  -0.145826  0.989256  0.010344  0.056032  -0.002180  0.998427  0.001212  0.000886  0.000128  0.000000  0.000000  0.000000  2.000000  
52.719496 0.006751  0.096693  -0.019360  0.987722  0.146183  -0.055095  -0.145826  0.989255  0.010464  0.056032  -0.002301  0.998426  0.001222  0.000884  0.000090  0.000000  0.000000  0.000000  2.000000  
52.720740 0.006753  0.096694  -0.019360  0.987722  0.146183  -0.055095  -0.145826  0.989255  0.010464  0.056032  -0.002301  0.998426  0.001201  0.000908  0.000120  0.000000  0.000000  0.000000  2.000000  
52.721991 0.006754  0.096695  -0.019360  0.987722  0.146183  -0.055095  -0.145826  0.989255  0.010464  0.056032  -0.002301  0.998426  0.001171  0.000867  0.000044  0.000000  0.000000  0.000000  2.000000  
52.723245 0.006755  0.096696  -0.019360  0.987722  0.146183  -0.055095  -0.145826  0.989255  0.010464  0.056032  -0.002301  0.998426  0.001161  0.000868  0.000083  0.000000  0.000000  0.000000  2.000000  
52.724505 0.006757  0.096697  -0.019360  0.987722  0.146183  -0.055095  -0.145826  0.989255  0.010464  0.056032  -0.002301  0.998426  0.001139  0.000817  0.000071  0.000000  0.000000  0.000000  2.000000  
52.725740 0.006758  0.096698  -0.019360  0.987722  0.146190  -0.055077  -0.145826  0.989254  0.010584  0.056032  -0.002422  0.998426  0.001072  0.000801  0.000080  0.000000  0.000000  0.000000  2.000000  
52.726743 0.006759  0.096698  -0.019360  0.987722  0.146190  -0.055077  -0.145826  0.989254  0.010584  0.056032  -0.002422  0.998426  0.001070  0.000763  0.000070  0.000000  0.000000  0.000000  2.000000  
52.727989 0.006760  0.096699  -0.019359  0.987722  0.146190  -0.055077  -0.145826  0.989254  0.010584  0.056032  -0.002422  0.998426  0.001029  0.000737  0.000089  0.000000  0.000000  0.000000  2.000000  
52.728991 0.006761  0.096700  -0.019359  0.987722  0.146190  -0.055077  -0.145826  0.989254  0.010584  0.056032  -0.002422  0.998426  0.001029  0.000737  0.000089  0.000000  0.000000  0.000000  2.000000  
52.730238 0.006762  0.096700  -0.019358  0.987722  0.146190  -0.055077  -0.145826  0.989254  0.010584  0.056032  -0.002422  0.998426  0.001012  0.000704  0.000133  0.000000  0.000000  0.000000  2.000000  
52.731242 0.006763  0.096701  -0.019358  0.987722  0.146190  -0.055077  -0.145826  0.989254  0.010584  0.056032  -0.002422  0.998426  0.000959  0.000661  0.000134  0.000000  0.000000  0.000000  2.000000  
52.732491 0.006763  0.096701  -0.019357  0.987722  0.146190  -0.055077  -0.145826  0.989254  0.010584  0.056032  -0.002422  0.998426  0.000949  0.000663  0.000172  0.000000  0.000000  0.000000  2.000000  
52.733491 0.006764  0.096702  -0.019356  0.987722  0.146190  -0.055077  -0.145826  0.989254  0.010584  0.056032  -0.002422  0.998426  0.000919  0.000689  0.000242  0.000000  0.000000  0.000000  2.000000  
52.734504 0.006766  0.096704  -0.019355  0.987722  0.146197  -0.055059  -0.145826  0.989252  0.010704  0.056032  -0.002543  0.998426  0.000939  0.000718  0.000300  0.000000  0.000000  0.000000  2.000000  
52.735744 0.006766  0.096704  -0.019355  0.987722  0.146197  -0.055059  -0.145826  0.989252  0.010704  0.056032  -0.002543  0.998426  0.000920  0.000722  0.000377  0.000000  0.000000  0.000000  2.000000  
52.736991 0.006768  0.096706  -0.019354  0.987722  0.146197  -0.055059  -0.145826  0.989252  0.010704  0.056032  -0.002543  0.998426  0.000910  0.000723  0.000415  0.000000  0.000000  0.000000  2.000000  
52.738241 0.006769  0.096706  -0.019353  0.987715  0.146197  -0.055191  -0.145825  0.989252  0.010723  0.056166  -0.002543  0.998418  0.000885  0.000713  0.000446  0.000000  0.000000  0.000000  2.000000  
52.739495 0.006770  0.096708  -0.019352  0.987715  0.146197  -0.055191  -0.145825  0.989252  0.010723  0.056166  -0.002543  0.998418  0.000875  0.000715  0.000485  0.000000  0.000000  0.000000  2.000000  
52.740740 0.006771  0.096708  -0.019352  0.987715  0.146197  -0.055191  -0.145825  0.989252  0.010723  0.056166  -0.002543  0.998418  0.000865  0.000716  0.000522  0.000000  0.000000  0.000000  2.000000  
52.741741 0.006771  0.096709  -0.019352  0.987715  0.146197  -0.055191  -0.145825  0.989252  0.010723  0.056166  -0.002543  0.998418  0.000816  0.000713  0.000533  0.000000  0.000000  0.000000  2.000000  
52.742743 0.006772  0.096709  -0.019351  0.987685  0.146401  -0.055189  -0.146029  0.989222  0.010735  0.056166  -0.002543  0.998418  0.000809  0.000674  0.000530  0.000000  0.000000  0.000000  2.000000  
52.743991 0.006772  0.096709  -0.019351  0.987685  0.146401  -0.055189  -0.146029  0.989222  0.010735  0.056166  -0.002543  0.998418  0.000759  0.000671  0.000541  0.000000  0.000000  0.000000  2.000000  
52.745236 0.006773  0.096709  -0.019350  0.987677  0.146408  -0.055304  -0.146028  0.989221  0.010874  0.056299  -0.002664  0.998410  0.000726  0.000610  0.000520  0.000000  0.000000  0.000000  2.000000  
52.746503 0.006774  0.096710  -0.019350  0.987677  0.146408  -0.055304  -0.146028  0.989221  0.010874  0.056299  -0.002664  0.998410  0.000738  0.000619  0.000528  0.000000  0.000000  0.000000  2.000000  
52.747743 0.006774  0.096711  -0.019350  0.987677  0.146408  -0.055304  -0.146028  0.989221  0.010874  0.056299  -0.002664  0.998410  0.000718  0.000590  0.000470  0.000000  0.000000  0.000000  2.000000  
52.748991 0.006775  0.096711  -0.019349  0.987640  0.146612  -0.055433  -0.146230  0.989191  0.010905  0.056433  -0.002664  0.998403  0.000667  0.000512  0.000439  0.000000  0.000000  0.000000  2.000000  
52.750241 0.006775  0.096711  -0.019350  0.987640  0.146612  -0.055433  -0.146230  0.989191  0.010905  0.056433  -0.002664  0.998403  0.000607  0.000479  0.000353  0.000000  0.000000  0.000000  2.000000  
52.751244 0.006775  0.096711  -0.019350  0.987632  0.146612  -0.055566  -0.146229  0.989190  0.010925  0.056567  -0.002664  0.998395  0.000546  0.000423  0.000313  0.000000  0.000000  0.000000  2.000000  
52.752497 0.006776  0.096712  -0.019349  0.987632  0.146612  -0.055566  -0.146229  0.989190  0.010925  0.056567  -0.002664  0.998395  0.000507  0.000389  0.000289  0.000000  0.000000  0.000000  2.000000  
52.753525 0.006776  0.096712  -0.019350  0.987625  0.146612  -0.055698  -0.146228  0.989190  0.010944  0.056700  -0.002664  0.998388  0.000454  0.000361  0.000207  0.000000  0.000000  0.000000  2.000000  
52.754739 0.006776  0.096712  -0.019350  0.987595  0.146816  -0.055695  -0.146431  0.989160  0.010956  0.056700  -0.002664  0.998388  0.000388  0.000301  0.000165  0.000000  0.000000  0.000000  2.000000  
52.755741 0.006776  0.096712  -0.019350  0.987587  0.146810  -0.055845  -0.146430  0.989162  0.010855  0.056834  -0.002543  0.998380  0.000333  0.000251  0.000129  0.000000  0.000000  0.000000  2.000000  
52.756990 0.006775  0.096712  -0.019350  0.987587  0.146810  -0.055845  -0.146430  0.989162  0.010855  0.056834  -0.002543  0.998380  0.000222  0.000214  0.000054  0.000000  0.000000  0.000000  2.000000  
52.757990 0.006775  0.096712  -0.019351  0.987580  0.146810  -0.055978  -0.146429  0.989161  0.010875  0.056967  -0.002543  0.998373  0.000189  0.000183  0.000033  0.000000  0.000000  0.000000  2.000000  
52.758997 0.006774  0.096711  -0.019351  0.987549  0.147014  -0.055975  -0.146632  0.989131  0.010886  0.056967  -0.002543  0.998373  0.000101  0.000103  -0.000025  0.000000  0.000000  0.000000  2.000000  
52.760242 0.006773  0.096710  -0.019352  0.987542  0.147014  -0.056107  -0.146631  0.989131  0.010906  0.057101  -0.002543  0.998365  0.000000  0.000043  -0.000093  0.000000  0.000000  0.000000  2.000000  
52.761495 0.006772  0.096710  -0.019352  0.987534  0.147014  -0.056240  -0.146630  0.989131  0.010926  0.057235  -0.002543  0.998358  -0.000099  -0.000016  -0.000157  0.000000  0.000000  0.000000  2.000000  
52.762504 0.006772  0.096710  -0.019353  0.987534  0.147014  -0.056240  -0.146630  0.989131  0.010926  0.057235  -0.002543  0.998358  -0.000152  -0.000073  -0.000238  0.000000  0.000000  0.000000  2.000000  
52.763742 0.006772  0.096709  -0.019353  0.987496  0.147218  -0.056369  -0.146832  0.989101  0.010957  0.057368  -0.002543  0.998350  -0.000222  -0.000105  -0.000285  0.000000  0.000000  0.000000  2.000000  
52.765009 0.006771  0.096709  -0.019354  0.987489  0.147219  -0.056502  -0.146831  0.989101  0.010977  0.057502  -0.002543  0.998342  -0.000273  -0.000184  -0.000317  0.000000  0.000000  0.000000  2.000000  
52.766236 0.006770  0.096708  -0.019355  0.987489  0.147219  -0.056502  -0.146831  0.989101  0.010977  0.057502  -0.002543  0.998342  -0.000328  -0.000236  -0.000351  0.000000  0.000000  0.000000  2.000000  
52.767237 0.006770  0.096707  -0.019356  0.987481  0.147219  -0.056634  -0.146830  0.989101  0.010996  0.057635  -0.002543  0.998334  -0.000378  -0.000292  -0.000427  0.000000  0.000000  0.000000  2.000000  
52.768489 0.006770  0.096707  -0.019356  0.987443  0.147423  -0.056764  -0.147032  0.989070  0.011027  0.057769  -0.002543  0.998327  -0.000409  -0.000341  -0.000402  0.000000  0.000000  0.000000  2.000000  
52.769498 0.006769  0.096707  -0.019356  0.987443  0.147423  -0.056764  -0.147032  0.989070  0.011027  0.057769  -0.002543  0.998327  -0.000438  -0.000368  -0.000421  0.000000  0.000000  0.000000  2.000000  
52.770502 0.006769  0.096705  -0.019357  0.987436  0.147423  -0.056896  -0.147031  0.989070  0.011047  0.057902  -0.002543  0.998319  -0.000496  -0.000452  -0.000459  0.000000  0.000000  0.000000  2.000000  
52.771743 0.006768  0.096705  -0.019357  0.987428  0.147423  -0.057028  -0.147030  0.989070  0.011067  0.058036  -0.002543  0.998311  -0.000486  -0.000475  -0.000452  0.000000  0.000000  0.000000  2.000000  
52.772990 0.006768  0.096704  -0.019357  0.987428  0.147423  -0.057028  -0.147030  0.989070  0.011067  0.058036  -0.002543  0.998311  -0.000446  -0.000471  -0.000424  0.000000  0.000000  0.000000  2.000000  
52.774240 0.006767  0.096703  -0.019358  0.987390  0.147627  -0.057158  -0.147232  0.989040  0.011098  0.058170  -0.002543  0.998303  -0.000466  -0.000522  -0.000436  0.000000  0.000000  0.000000  2.000000  
52.775241 0.006767  0.096703  -0.019358  0.987382  0.147628  -0.057290  -0.147230  0.989040  0.011118  0.058303  -0.002543  0.998296  -0.000429  -0.000486  -0.000410  0.000000  0.000000  0.000000  2.000000  
52.776494 0.006767  0.096703  -0.019358  0.987382  0.147628  -0.057290  -0.147230  0.989040  0.011118  0.058303  -0.002543  0.998296  -0.000389  -0.000482  -0.000382  0.000000  0.000000  0.000000  2.000000  
52.777497 0.006767  0.096702  -0.019358  0.987375  0.147628  -0.057422  -0.147229  0.989040  0.011138  0.058437  -0.002543  0.998288  -0.000359  -0.000476  -0.000318  0.000000  0.000000  0.000000  2.000000  
52.778500 0.006766  0.096702  -0.019358  0.987375  0.147628  -0.057422  -0.147229  0.989040  0.011138  0.058437  -0.002543  0.998288  -0.000365  -0.000484  -0.000323  0.000000  0.000000  0.000000  2.000000  
52.779739 0.006766  0.096702  -0.019358  0.987367  0.147628  -0.057554  -0.147228  0.989040  0.011157  0.058570  -0.002543  0.998280  -0.000339  -0.000447  -0.000260  0.000000  0.000000  0.000000  2.000000  
52.780749 0.006766  0.096702  -0.019358  0.987359  0.147629  -0.057686  -0.147227  0.989040  0.011177  0.058704  -0.002543  0.998272  -0.000314  -0.000427  -0.000245  0.000000  0.000000  0.000000  2.000000  
52.781987 0.006766  0.096702  -0.019358  0.987329  0.147832  -0.057684  -0.147430  0.989009  0.011189  0.058704  -0.002543  0.998272  -0.000264  -0.000370  -0.000167  0.000000  0.000000  0.000000  2.000000  
52.782988 0.006766  0.096702  -0.019358  0.987321  0.147833  -0.057816  -0.147429  0.989009  0.011209  0.058837  -0.002543  0.998264  -0.000259  -0.000364  -0.000164  0.000000  0.000000  0.000000  2.000000  
52.783991 0.006766  0.096702  -0.019358  0.987313  0.147833  -0.057948  -0.147428  0.989009  0.011228  0.058971  -0.002543  0.998256  -0.000210  -0.000308  -0.000087  0.000000  0.000000  0.000000  2.000000  
52.785238 0.006766  0.096702  -0.019358  0.987313  0.147833  -0.057948  -0.147428  0.989009  0.011228  0.058971  -0.002543  0.998256  -0.000189  -0.000258  -0.000075  0.000000  0.000000  0.000000  2.000000  
52.786243 0.006766  0.096702  -0.019358  0.987305  0.147833  -0.058080  -0.147427  0.989009  0.011248  0.059105  -0.002543  0.998249  -0.000132  -0.000207  -0.000037  0.000000  0.000000  0.000000  2.000000  
52.787494 0.006766  0.096702  -0.019357  0.987305  0.147833  -0.058080  -0.147427  0.989009  0.011248  0.059105  -0.002543  0.998249  -0.000121  -0.000154  0.000013  0.000000  0.000000  0.000000  2.000000  
52.788494 0.006766  0.096702  -0.019357  0.987298  0.147834  -0.058212  -0.147426  0.989009  0.011268  0.059238  -0.002543  0.998241  -0.000061  -0.000099  0.000053  0.000000  0.000000  0.000000  2.000000  
52.789741 0.006766  0.096702  -0.019357  0.987290  0.147834  -0.058344  -0.147424  0.989009  0.011288  0.059372  -0.002543  0.998233  -0.000040  -0.000047  0.000064  0.000000  0.000000  0.000000  2.000000  
52.790741 0.006767  0.096703  -0.019356  0.987259  0.148038  -0.058342  -0.147628  0.988978  0.011300  0.059372  -0.002543  0.998233  0.000020  0.000007  0.000103  0.000000  0.000000  0.000000  2.000000  
52.791804 0.006767  0.096703  -0.019357  0.987252  0.148038  -0.058474  -0.147627  0.988978  0.011319  0.059505  -0.002543  0.998225  0.000010  0.000031  0.000096  0.000000  0.000000  0.000000  2.000000  
52.792991 0.006767  0.096704  -0.019356  0.987244  0.148038  -0.058606  -0.147625  0.988978  0.011339  0.059639  -0.002543  0.998217  0.000021  0.000103  0.000099  0.000000  0.000000  0.000000  2.000000  
52.794238 0.006767  0.096704  -0.019356  0.987244  0.148038  -0.058606  -0.147625  0.988978  0.011339  0.059639  -0.002543  0.998217  0.000080  0.000158  0.000138  0.000000  0.000000  0.000000  2.000000  
52.795487 0.006768  0.096705  -0.019356  0.987236  0.148039  -0.058738  -0.147624  0.988978  0.011359  0.059772  -0.002543  0.998209  0.000100  0.000208  0.000150  0.000000  0.000000  0.000000  2.000000  
52.796488 0.006768  0.096705  -0.019356  0.987228  0.148039  -0.058870  -0.147623  0.988978  0.011379  0.059906  -0.002543  0.998201  0.000100  0.000208  0.000150  0.000000  0.000000  0.000000  2.000000  
52.797495 0.006768  0.096706  -0.019356  0.987228  0.148039  -0.058870  -0.147623  0.988978  0.011379  0.059906  -0.002543  0.998201  0.000122  0.000262  0.000165  0.000000  0.000000  0.000000  2.000000  
52.798739 0.006768  0.096706  -0.019356  0.987220  0.148039  -0.059002  -0.147622  0.988978  0.011398  0.060039  -0.002543  0.998193  0.000132  0.000261  0.000126  0.000000  0.000000  0.000000  2.000000  
52.799986 0.006768  0.096706  -0.019356  0.987220  0.148039  -0.059002  -0.147622  0.988978  0.011398  0.060039  -0.002543  0.998193  0.000130  0.000256  0.000124  0.000000  0.000000  0.000000  2.000000  
52.800988 0.006769  0.096706  -0.019355  0.987212  0.148040  -0.059134  -0.147621  0.988978  0.011418  0.060173  -0.002543  0.998185  0.000160  0.000284  0.000143  0.000000  0.000000  0.000000  2.000000  
52.801988 0.006768  0.096707  -0.019356  0.987204  0.148040  -0.059267  -0.147619  0.988978  0.011438  0.060307  -0.002543  0.998177  0.000160  0.000305  0.000098  0.000000  0.000000  0.000000  2.000000  
52.802994 0.006769  0.096707  -0.019355  0.987204  0.148040  -0.059267  -0.147619  0.988978  0.011438  0.060307  -0.002543  0.998177  0.000163  0.000310  0.000100  0.000000  0.000000  0.000000  2.000000  
52.804242 0.006769  0.096707  -0.019355  0.987196  0.148040  -0.059399  -0.147618  0.988978  0.011458  0.060440  -0.002543  0.998169  0.000203  0.000315  0.000127  0.000000  0.000000  0.000000  2.000000  
52.805494 0.006769  0.096707  -0.019355  0.987196  0.148040  -0.059399  -0.147618  0.988978  0.011458  0.060440  -0.002543  0.998169  0.000170  0.000282  0.000106  0.000000  0.000000  0.000000  2.000000  
52.806496 0.006770  0.096708  -0.019355  0.987158  0.148244  -0.059528  -0.147820  0.988948  0.011490  0.060574  -0.002543  0.998160  0.000214  0.000293  0.000135  0.000000  0.000000  0.000000  2.000000  
52.807741 0.006770  0.096707  -0.019354  0.987150  0.148245  -0.059660  -0.147819  0.988947  0.011509  0.060707  -0.002543  0.998152  0.000189  0.000236  0.000121  0.000000  0.000000  0.000000  2.000000  
52.808990 0.006771  0.096708  -0.019355  0.987150  0.148245  -0.059660  -0.147819  0.988947  0.011509  0.060707  -0.002543  0.998152  0.000209  0.000212  0.000091  0.000000  0.000000  0.000000  2.000000  
52.810242 0.006771  0.096707  -0.019355  0.987141  0.148245  -0.059793  -0.147818  0.988947  0.011529  0.060841  -0.002543  0.998144  0.000202  0.000141  0.000088  0.000000  0.000000  0.000000  2.000000  
52.811494 0.006771  0.096707  -0.019354  0.987133  0.148245  -0.059925  -0.147817  0.988947  0.011549  0.060974  -0.002542  0.998136  0.000192  0.000143  0.000126  0.000000  0.000000  0.000000  2.000000  
52.812739 0.006771  0.096707  -0.019354  0.987125  0.148246  -0.060057  -0.147815  0.988947  0.011569  0.061108  -0.002542  0.998128  0.000179  0.000068  0.000120  0.000000  0.000000  0.000000  2.000000  
