1-Time 2-Px 3-Py 4-Pz 5-R11 6-R21 7-R31 8-R12 9-R22 10-R32 11-R13 12-R23 13-R33 14-Vx 15-Vy 16-Vz 17-Wx 18-Wy 19-Wz 20-state 21-PR11 22-PR21 23-PR31 24-PR12 25-PR22 26-PR32 27-PR13 28-PR23 29-PR33 
235.966169 0.012958  0.099392  -0.011123  0.983292  0.181701  -0.010990  -0.181370  0.983072  0.025954  0.015520  -0.023527  0.999603  0.000030  0.000031  0.000022  0.000000  0.000000  0.000000  2.000000  
235.967173 0.012958  0.099391  -0.011123  0.983292  0.181701  -0.010990  -0.181370  0.983072  0.025954  0.015520  -0.023527  0.999603  0.000052  0.000003  -0.000005  0.000000  0.000000  0.000000  2.000000  
235.968174 0.012960  0.099392  -0.011122  0.983143  0.182510  -0.010969  -0.182180  0.982922  0.025963  0.015520  -0.023527  0.999603  0.000196  0.000098  0.000056  0.000000  0.000000  0.000000  2.000000  
235.969423 0.012965  0.099394  -0.011122  0.982917  0.183724  -0.010937  -0.183394  0.982696  0.025976  0.015520  -0.023527  0.999603  0.000488  0.000227  0.000092  0.000000  0.000000  0.000000  2.000000  
235.970427 0.012968  0.099395  -0.011121  0.982768  0.184532  -0.010762  -0.184204  0.982542  0.026080  0.015386  -0.023648  0.999602  0.000717  0.000271  0.000130  0.000000  0.000000  0.000000  2.000000  
235.971682 0.012973  0.099395  -0.011121  0.982654  0.185140  -0.010723  -0.184811  0.982425  0.026205  0.015386  -0.023769  0.999599  0.001022  0.000292  0.000135  0.000000  0.000000  0.000000  2.000000  
235.972923 0.012979  0.099398  -0.011121  0.982497  0.185955  -0.010964  -0.185619  0.982271  0.026264  0.015654  -0.023769  0.999595  0.001461  0.000454  0.000145  0.000000  0.000000  0.000000  2.000000  
235.974172 0.012986  0.099400  -0.011121  0.982186  0.187580  -0.011161  -0.187236  0.981959  0.026451  0.015921  -0.023890  0.999588  0.001900  0.000616  0.000154  0.015382  0.008728  0.200865  2.000000  
235.975423 0.012991  0.099402  -0.011120  0.981870  0.189208  -0.011488  -0.188852  0.981643  0.026664  0.016323  -0.024011  0.999578  0.002297  0.000750  0.000179  0.020381  0.020887  0.256525  2.000000  
235.976674 0.012997  0.099403  -0.011121  0.981555  0.190829  -0.011553  -0.190469  0.981327  0.026828  0.016456  -0.024132  0.999573  0.002698  0.000824  0.000116  0.025154  0.023852  0.309428  2.000000  
235.977674 0.013003  0.099406  -0.011123  0.981278  0.192246  -0.011645  -0.191883  0.981050  0.026870  0.016590  -0.024132  0.999571  0.003058  0.000983  0.000009  0.026159  0.027390  0.360500  2.000000  
235.978920 0.013012  0.099410  -0.011124  0.980960  0.193863  -0.011578  -0.193499  0.980729  0.027008  0.016590  -0.024254  0.999568  0.003630  0.001252  -0.000072  0.031125  0.026046  0.415837  2.000000  
235.979920 0.013020  0.099414  -0.011124  0.980640  0.195479  -0.011509  -0.195114  0.980405  0.027146  0.016590  -0.024375  0.999565  0.004176  0.001513  -0.000065  0.036119  0.024714  0.471538  2.000000  
235.980920 0.013027  0.099417  -0.011123  0.980318  0.197095  -0.011441  -0.196729  0.980078  0.027284  0.016590  -0.024496  0.999562  0.004676  0.001737  -0.000010  0.041059  0.023339  0.526543  2.000000  
235.981922 0.013035  0.099421  -0.011123  0.979949  0.198915  -0.011497  -0.198544  0.979707  0.027450  0.016724  -0.024617  0.999557  0.005144  0.001953  -0.000008  0.046199  0.026317  0.589206  2.000000  
235.982924 0.013044  0.099425  -0.011123  0.979577  0.200735  -0.011553  -0.200359  0.979333  0.027617  0.016858  -0.024739  0.999552  0.005606  0.002186  -0.000069  0.050912  0.029040  0.646349  2.000000  
235.984172 0.013056  0.099430  -0.011124  0.979156  0.202762  -0.011864  -0.202374  0.978912  0.027841  0.017259  -0.024860  0.999542  0.006144  0.002395  -0.000163  0.056630  0.041026  0.720624  2.000000  
235.985172 0.013065  0.099433  -0.011125  0.978817  0.204382  -0.012055  -0.203986  0.978572  0.028034  0.017527  -0.024981  0.999534  0.006577  0.002557  -0.000242  0.061718  0.048631  0.776182  2.000000  
235.986173 0.013074  0.099435  -0.011124  0.978477  0.205997  -0.012140  -0.205597  0.978234  0.028081  0.017661  -0.024981  0.999532  0.006908  0.002649  -0.000218  0.062683  0.051779  0.831562  2.000000  
235.987422 0.013087  0.099435  -0.011124  0.978050  0.208016  -0.012163  -0.207610  0.977800  0.028371  0.017794  -0.025223  0.999523  0.007440  0.002615  -0.000222  0.072054  0.054495  0.900968  2.000000  
235.988423 0.013098  0.099437  -0.011124  0.977618  0.210032  -0.012235  -0.209623  0.977369  0.028424  0.017928  -0.025223  0.999521  0.007814  0.002530  -0.000253  0.073276  0.057307  0.970307  2.000000  
235.989675 0.013112  0.099437  -0.011125  0.977182  0.212049  -0.012281  -0.211635  0.976930  0.028596  0.018062  -0.025344  0.999516  0.008273  0.002393  -0.000292  0.078557  0.060035  1.039302  2.000000  
235.990920 0.013124  0.099435  -0.011124  0.976744  0.214061  -0.012197  -0.213646  0.976488  0.028740  0.018062  -0.025465  0.999513  0.008717  0.002197  -0.000185  0.083935  0.058375  1.110323  2.000000  
235.992172 0.013136  0.099433  -0.011124  0.976344  0.215873  -0.012274  -0.215455  0.976089  0.028791  0.018196  -0.025465  0.999510  0.009081  0.001881  -0.000119  0.084919  0.061247  1.170827  2.000000  
235.993418 0.013149  0.099430  -0.011125  0.975941  0.217686  -0.012325  -0.217263  0.975683  0.028961  0.018329  -0.025587  0.999505  0.009374  0.001490  -0.000076  0.090161  0.064165  1.233659  2.000000  
235.994422 0.013159  0.099428  -0.011126  0.975579  0.219297  -0.012381  -0.218869  0.975319  0.029129  0.018463  -0.025708  0.999499  0.009600  0.001035  -0.000144  0.095267  0.067227  1.289195  2.000000  
235.995673 0.013171  0.099426  -0.011127  0.975170  0.221109  -0.012430  -0.220676  0.974907  0.029300  0.018597  -0.025829  0.999493  0.009772  0.000582  -0.000270  0.100445  0.070074  1.350945  2.000000  
235.996917 0.013182  0.099422  -0.011128  0.974803  0.222719  -0.012486  -0.222281  0.974537  0.029468  0.018731  -0.025950  0.999488  0.009785  0.000106  -0.000343  0.104742  0.072551  1.395512  2.000000  
235.997920 0.013191  0.099420  -0.011129  0.974527  0.223923  -0.012449  -0.223485  0.974261  0.029483  0.018731  -0.025950  0.999488  0.009817  -0.000315  -0.000391  0.105079  0.072030  1.415884  2.000000  
235.999168 0.013203  0.099418  -0.011131  0.974251  0.225128  -0.012385  -0.224689  0.973980  0.029617  0.018731  -0.026071  0.999485  0.009803  -0.000822  -0.000475  0.109122  0.071944  1.415888  2.000000  
236.000175 0.013211  0.099415  -0.011132  0.973972  0.226331  -0.012349  -0.225892  0.973702  0.029632  0.018731  -0.026071  0.999485  0.009774  -0.001250  -0.000519  0.105973  0.076778  1.434670  2.000000  
236.001427 0.013219  0.099410  -0.011133  0.973601  0.227932  -0.012142  -0.227496  0.973325  0.029740  0.018597  -0.026193  0.999484  0.009503  -0.001676  -0.000584  0.106476  0.071251  1.469313  2.000000  
236.002684 0.013226  0.099404  -0.011133  0.973320  0.229134  -0.012105  -0.228699  0.973042  0.029755  0.018597  -0.026193  0.999484  0.009070  -0.002179  -0.000564  0.106852  0.061880  1.482128  2.000000  
236.003925 0.013233  0.099398  -0.011133  0.973036  0.230334  -0.012097  -0.229901  0.972762  0.029652  0.018597  -0.026071  0.999487  0.008589  -0.002663  -0.000550  0.098690  0.053254  1.468491  2.000000  
236.004927 0.013238  0.099392  -0.011133  0.972799  0.231336  -0.012066  -0.230902  0.972525  0.029664  0.018597  -0.026071  0.999487  0.008207  -0.003012  -0.000599  0.098755  0.044432  1.461189  2.000000  
236.006170 0.013242  0.099385  -0.011131  0.972511  0.232540  -0.012159  -0.232103  0.972237  0.029710  0.018731  -0.026071  0.999485  0.007741  -0.003346  -0.000514  0.094083  0.039699  1.442394  2.000000  
236.007175 0.013245  0.099378  -0.011131  0.972271  0.233539  -0.012157  -0.233104  0.972001  0.029605  0.018731  -0.025950  0.999488  0.007214  -0.003619  -0.000416  0.086440  0.036052  1.433462  2.000000  
236.008419 0.013248  0.099370  -0.011129  0.972033  0.234535  -0.012025  -0.234105  0.971765  0.029468  0.018597  -0.025829  0.999493  0.006519  -0.004056  -0.000292  0.077307  0.031642  1.407849  2.000000  
236.009424 0.013250  0.099363  -0.011129  0.971792  0.235535  -0.011995  -0.235106  0.971523  0.029481  0.018597  -0.025829  0.999493  0.005989  -0.004380  -0.000228  0.073388  0.032514  1.391902  2.000000  
236.010743 0.013252  0.099354  -0.011130  0.971552  0.236530  -0.011863  -0.236107  0.971284  0.029344  0.018463  -0.025708  0.999499  0.005280  -0.004791  -0.000177  0.064380  0.028818  1.353936  2.000000  
236.011918 0.013252  0.099345  -0.011130  0.971357  0.237330  -0.011839  -0.236907  0.971089  0.029353  0.018463  -0.025708  0.999499  0.004577  -0.005258  -0.000123  0.059453  0.024976  1.311742  2.000000  
236.012920 0.013252  0.099338  -0.011130  0.971210  0.237928  -0.011850  -0.237507  0.970946  0.029243  0.018463  -0.025587  0.999502  0.004027  -0.005505  -0.000017  0.050727  0.021554  1.270472  2.000000  
236.013972 0.013251  0.099331  -0.011129  0.971015  0.238726  -0.011855  -0.238306  0.970753  0.029135  0.018463  -0.025465  0.999505  0.003229  -0.005832  0.000120  0.042437  0.009276  1.237040  2.000000  
236.015170 0.013250  0.099323  -0.011128  0.970867  0.239324  -0.011866  -0.238906  0.970609  0.029024  0.018463  -0.025344  0.999508  0.002569  -0.006126  0.000248  0.033618  0.001161  1.194350  2.000000  
236.016171 0.013247  0.099316  -0.011129  0.970719  0.239924  -0.011848  -0.239505  0.970461  0.029032  0.018463  -0.025344  0.999508  0.001927  -0.006351  0.000282  0.033078  -0.002433  1.159939  2.000000  
236.017421 0.013244  0.099308  -0.011129  0.970574  0.240517  -0.011758  -0.240106  0.970320  0.028772  0.018329  -0.025102  0.999517  0.001287  -0.006466  0.000271  0.016037  -0.010141  1.111660  2.000000  
236.018422 0.013241  0.099301  -0.011130  0.970477  0.240912  -0.011646  -0.240506  0.970225  0.028626  0.018196  -0.024980  0.999522  0.000721  -0.006640  0.000203  0.011002  -0.017612  1.056562  2.000000  
236.019423 0.013239  0.099294  -0.011130  0.970331  0.241506  -0.011528  -0.241106  0.970081  0.028484  0.018062  -0.024859  0.999528  0.000204  -0.006729  0.000170  0.002228  -0.021208  1.022124  2.000000  
236.020677 0.013234  0.099285  -0.011131  0.970184  0.242101  -0.011410  -0.241705  0.969936  0.028341  0.017928  -0.024738  0.999533  -0.000486  -0.006867  0.000051  -0.007026  -0.028807  0.967986  2.000000  
236.021679 0.013231  0.099278  -0.011132  0.970084  0.242497  -0.011457  -0.242105  0.969843  0.028110  0.017928  -0.024496  0.999539  -0.000804  -0.006867  -0.000063  -0.015376  -0.032429  0.940277  2.000000  
236.022920 0.013228  0.099271  -0.011133  0.969985  0.242895  -0.011475  -0.242504  0.969746  0.027997  0.017928  -0.024374  0.999542  -0.001258  -0.006809  -0.000238  -0.024318  -0.031203  0.891506  2.000000  
236.023922 0.013226  0.099266  -0.011133  0.969885  0.243293  -0.011493  -0.242904  0.969650  0.027885  0.017928  -0.024253  0.999545  -0.001589  -0.006706  -0.000307  -0.033614  -0.034572  0.843386  2.000000  
236.025169 0.013225  0.099260  -0.011134  0.969785  0.243690  -0.011540  -0.243303  0.969556  0.027654  0.017928  -0.024011  0.999551  -0.001764  -0.006530  -0.000277  -0.045984  -0.042301  0.801980  2.000000  
236.026179 0.013223  0.099254  -0.011134  0.969684  0.244087  -0.011559  -0.243702  0.969459  0.027541  0.017928  -0.023889  0.999554  -0.001895  -0.006348  -0.000280  -0.051314  -0.041389  0.760035  2.000000  
236.027423 0.013222  0.099248  -0.011135  0.969634  0.244284  -0.011612  -0.243902  0.969415  0.027308  0.017928  -0.023647  0.999560  -0.001983  -0.006152  -0.000357  -0.064283  -0.044829  0.718784  2.000000  
236.028674 0.013222  0.099242  -0.011136  0.969536  0.244677  -0.011531  -0.244302  0.969322  0.027045  0.017794  -0.023404  0.999568  -0.001937  -0.006010  -0.000481  -0.077170  -0.048410  0.683852  2.000000  
236.029920 0.013223  0.099237  -0.011138  0.969435  0.245074  -0.011579  -0.244701  0.969228  0.026815  0.017794  -0.023162  0.999573  -0.001792  -0.005829  -0.000606  -0.085146  -0.047267  0.650983  2.000000  
236.030954 0.013224  0.099232  -0.011140  0.969385  0.245272  -0.011603  -0.244900  0.969181  0.026700  0.017794  -0.023041  0.999576  -0.001587  -0.005675  -0.000772  -0.094687  -0.042087  0.614212  2.000000  
236.032170 0.013225  0.099227  -0.011143  0.969334  0.245468  -0.011657  -0.245100  0.969136  0.026467  0.017794  -0.022798  0.999582  -0.001289  -0.005539  -0.000917  -0.102725  -0.040874  0.575548  2.000000  
236.033176 0.013227  0.099222  -0.011145  0.969282  0.245670  -0.011811  -0.245299  0.969088  0.026385  0.017928  -0.022677  0.999582  -0.001040  -0.005353  -0.001053  -0.107231  -0.035709  0.548217  2.000000  
236.034422 0.013229  0.099218  -0.011149  0.969231  0.245866  -0.011865  -0.245499  0.969044  0.026152  0.017928  -0.022434  0.999588  -0.000677  -0.005060  -0.001242  -0.111908  -0.034779  0.513960  2.000000  
236.035422 0.013231  0.099215  -0.011152  0.969181  0.246064  -0.011890  -0.245698  0.968997  0.026037  0.017928  -0.022313  0.999590  -0.000228  -0.004736  -0.001436  -0.117505  -0.038693  0.483497  2.000000  
236.036422 0.013233  0.099212  -0.011156  0.969130  0.246262  -0.011914  -0.245898  0.968949  0.025922  0.017928  -0.022192  0.999593  0.000122  -0.004517  -0.001595  -0.117929  -0.038148  0.462919  2.000000  
236.037677 0.013237  0.099209  -0.011159  0.969082  0.246456  -0.011839  -0.246098  0.968905  0.025656  0.017794  -0.021950  0.999601  0.000627  -0.004180  -0.001775  -0.126703  -0.041745  0.428066  2.000000  
236.038922 0.013242  0.099208  -0.011164  0.969031  0.246654  -0.011864  -0.246297  0.968858  0.025541  0.017794  -0.021828  0.999603  0.001104  -0.003858  -0.002027  -0.127352  -0.036371  0.393568  2.000000  
236.040172 0.013248  0.099208  -0.011167  0.969029  0.246654  -0.012053  -0.246297  0.968863  0.025339  0.017928  -0.021586  0.999606  0.001588  -0.003451  -0.002275  -0.130829  -0.030894  0.363022  2.000000  
236.041173 0.013252  0.099207  -0.011170  0.969029  0.246652  -0.012083  -0.246297  0.968866  0.025222  0.017928  -0.021464  0.999609  0.001907  -0.003157  -0.002441  -0.136520  -0.025980  0.338479  2.000000  
236.042420 0.013258  0.099207  -0.011174  0.968976  0.246853  -0.012238  -0.246496  0.968818  0.025140  0.018062  -0.021343  0.999609  0.002360  -0.002752  -0.002610  -0.135758  -0.020785  0.315241  2.000000  
236.043425 0.013262  0.099207  -0.011177  0.968976  0.246852  -0.012268  -0.246496  0.968821  0.025022  0.018062  -0.021222  0.999612  0.002732  -0.002364  -0.002788  -0.141488  -0.020293  0.290234  2.000000  
236.044684 0.013268  0.099207  -0.011183  0.968922  0.247052  -0.012422  -0.246694  0.968772  0.024940  0.018196  -0.021101  0.999612  0.003047  -0.002046  -0.003020  -0.141779  -0.015270  0.269452  2.000000  
236.045923 0.013274  0.099207  -0.011187  0.968922  0.247051  -0.012452  -0.246694  0.968775  0.024823  0.018196  -0.020979  0.999614  0.003336  -0.001673  -0.003151  -0.142204  -0.014762  0.248789  2.000000  
236.047172 0.013279  0.099207  -0.011191  0.968872  0.247247  -0.012507  -0.246894  0.968730  0.024590  0.018196  -0.020737  0.999619  0.003648  -0.001201  -0.003261  -0.142478  -0.009888  0.235071  2.000000  
236.048173 0.013283  0.099207  -0.011194  0.968869  0.247248  -0.012666  -0.246893  0.968733  0.024506  0.018329  -0.020616  0.999619  0.003745  -0.001027  -0.003264  -0.145594  -0.005020  0.219532  2.000000  
236.049425 0.013288  0.099209  -0.011197  0.968816  0.247449  -0.012821  -0.247092  0.968684  0.024424  0.018463  -0.020494  0.999619  0.004008  -0.000571  -0.003234  -0.143110  0.008938  0.200897  2.000000  
236.050685 0.013294  0.099210  -0.011202  0.968816  0.247447  -0.012851  -0.247092  0.968687  0.024306  0.018463  -0.020373  0.999622  0.004226  -0.000187  -0.003257  -0.139372  0.013932  0.180177  2.000000  
236.051929 0.013299  0.099212  -0.011206  0.968763  0.247648  -0.013006  -0.247291  0.968638  0.024225  0.018597  -0.020252  0.999622  0.004326  0.000136  -0.003289  -0.139497  0.018605  0.173376  2.000000  
236.053177 0.013305  0.099214  -0.011211  0.968760  0.247649  -0.013165  -0.247290  0.968641  0.024140  0.018731  -0.020130  0.999622  0.004383  0.000431  -0.003304  0.000000  0.000000  0.000000  2.000000  
236.054427 0.013310  0.099217  -0.011215  0.968707  0.247851  -0.013290  -0.247489  0.968589  0.024176  0.018864  -0.020130  0.999619  0.004358  0.000693  -0.003338  0.000000  0.000000  0.000000  2.000000  
236.055680 0.013314  0.099220  -0.011221  0.968707  0.247849  -0.013320  -0.247489  0.968592  0.024059  0.018864  -0.020009  0.999622  0.004281  0.000891  -0.003452  0.000000  0.000000  0.000000  2.000000  
236.056926 0.013318  0.099224  -0.011225  0.968705  0.247850  -0.013480  -0.247488  0.968594  0.023974  0.018998  -0.019888  0.999622  0.004172  0.001120  -0.003502  0.000000  0.000000  0.000000  2.000000  
236.057927 0.013321  0.099226  -0.011228  0.968654  0.248050  -0.013475  -0.247688  0.968543  0.023977  0.018998  -0.019888  0.999622  0.004039  0.001248  -0.003469  0.000000  0.000000  0.000000  2.000000  
236.059168 0.013325  0.099229  -0.011232  0.968651  0.248051  -0.013634  -0.247687  0.968545  0.023893  0.019132  -0.019767  0.999622  0.003919  0.001458  -0.003435  0.000000  0.000000  0.000000  2.000000  
236.060170 0.013327  0.099231  -0.011234  0.968649  0.248052  -0.013794  -0.247687  0.968548  0.023808  0.019266  -0.019645  0.999621  0.003777  0.001563  -0.003352  0.000000  0.000000  0.000000  2.000000  
236.061170 0.013329  0.099232  -0.011239  0.968649  0.248052  -0.013794  -0.247687  0.968548  0.023808  0.019266  -0.019645  0.999621  0.003630  0.001657  -0.003380  0.000000  0.000000  0.000000  2.000000  
236.062422 0.013331  0.099234  -0.011242  0.968649  0.248050  -0.013824  -0.247687  0.968551  0.023691  0.019266  -0.019524  0.999624  0.003448  0.001780  -0.003342  0.000000  0.000000  0.000000  2.000000  
236.063675 0.013334  0.099236  -0.011245  0.968595  0.248252  -0.013949  -0.247885  0.968499  0.023727  0.019400  -0.019524  0.999621  0.003236  0.001880  -0.003329  0.000000  0.000000  0.000000  2.000000  
236.064684 0.013337  0.099238  -0.011248  0.968595  0.248250  -0.013979  -0.247885  0.968502  0.023609  0.019400  -0.019403  0.999624  0.003107  0.001902  -0.003290  0.000000  0.000000  0.000000  2.000000  
236.065922 0.013340  0.099240  -0.011250  0.968593  0.248253  -0.014108  -0.247885  0.968501  0.023642  0.019533  -0.019403  0.999621  0.002945  0.001957  -0.003187  0.000000  0.000000  0.000000  2.000000  
236.066927 0.013343  0.099242  -0.011252  0.968593  0.248253  -0.014108  -0.247885  0.968501  0.023642  0.019533  -0.019403  0.999621  0.002892  0.001985  -0.003048  0.000000  0.000000  0.000000  2.000000  
236.068178 0.013346  0.099244  -0.011255  0.968590  0.248253  -0.014268  -0.247884  0.968503  0.023558  0.019667  -0.019281  0.999621  0.002756  0.001993  -0.002959  0.000000  0.000000  0.000000  2.000000  
236.069422 0.013349  0.099246  -0.011258  0.968587  0.248256  -0.014398  -0.247883  0.968503  0.023591  0.019801  -0.019281  0.999618  0.002627  0.001885  -0.002836  0.000000  0.000000  0.000000  2.000000  
236.070679 0.013352  0.099247  -0.011260  0.968587  0.248256  -0.014398  -0.247883  0.968503  0.023591  0.019801  -0.019281  0.999618  0.002507  0.001794  -0.002601  0.000000  0.000000  0.000000  2.000000  
236.071922 0.013354  0.099247  -0.011263  0.968587  0.248256  -0.014398  -0.247883  0.968503  0.023591  0.019801  -0.019281  0.999618  0.002384  0.001587  -0.002504  0.000000  0.000000  0.000000  2.000000  
236.072923 0.013356  0.099248  -0.011264  0.968585  0.248258  -0.014527  -0.247883  0.968502  0.023624  0.019935  -0.019281  0.999615  0.002322  0.001461  -0.002409  0.000000  0.000000  0.000000  2.000000  
236.074173 0.013358  0.099248  -0.011266  0.968585  0.248258  -0.014527  -0.247883  0.968502  0.023624  0.019935  -0.019281  0.999615  0.002252  0.001284  -0.002242  0.000000  0.000000  0.000000  2.000000  
236.075418 0.013360  0.099248  -0.011268  0.968585  0.248258  -0.014527  -0.247883  0.968502  0.023624  0.019935  -0.019281  0.999615  0.002154  0.001159  -0.002156  0.000000  0.000000  0.000000  2.000000  
236.076424 0.013361  0.099248  -0.011269  0.968585  0.248258  -0.014527  -0.247883  0.968502  0.023624  0.019935  -0.019281  0.999615  0.002102  0.001034  -0.001973  0.000000  0.000000  0.000000  2.000000  
236.077691 0.013362  0.099247  -0.011272  0.968636  0.248059  -0.014532  -0.247683  0.968553  0.023621  0.019935  -0.019281  0.999615  0.002018  0.000871  -0.001933  0.000000  0.000000  0.000000  2.000000  
236.078920 0.013364  0.099247  -0.011274  0.968633  0.248062  -0.014662  -0.247683  0.968552  0.023655  0.020068  -0.019281  0.999613  0.001956  0.000730  -0.001890  0.000000  0.000000  0.000000  2.000000  
236.080168 0.013365  0.099247  -0.011276  0.968633  0.248063  -0.014632  -0.247683  0.968550  0.023772  0.020068  -0.019402  0.999610  0.001815  0.000565  -0.001841  0.000000  0.000000  0.000000  2.000000  
236.081175 0.013366  0.099247  -0.011278  0.968631  0.248066  -0.014761  -0.247682  0.968549  0.023805  0.020202  -0.019402  0.999608  0.001658  0.000408  -0.001825  0.000000  0.000000  0.000000  2.000000  
236.082423 0.013367  0.099248  -0.011279  0.968682  0.247866  -0.014766  -0.247483  0.968600  0.023802  0.020202  -0.019402  0.999608  0.001508  0.000330  -0.001705  0.000000  0.000000  0.000000  2.000000  
236.083425 0.013368  0.099248  -0.011280  0.968682  0.247866  -0.014766  -0.247483  0.968600  0.023802  0.020202  -0.019402  0.999608  0.001392  0.000221  -0.001649  0.000000  0.000000  0.000000  2.000000  
236.084685 0.013369  0.099248  -0.011282  0.968679  0.247869  -0.014896  -0.247482  0.968599  0.023835  0.020336  -0.019402  0.999605  0.001253  0.000141  -0.001565  0.000000  0.000000  0.000000  2.000000  
236.085925 0.013369  0.099248  -0.011283  0.968679  0.247871  -0.014866  -0.247482  0.968596  0.023953  0.020336  -0.019524  0.999603  0.001116  0.000083  -0.001530  0.000000  0.000000  0.000000  2.000000  
236.087173 0.013370  0.099247  -0.011286  0.968679  0.247871  -0.014866  -0.247482  0.968596  0.023953  0.020336  -0.019524  0.999603  0.001002  -0.000004  -0.001522  0.000000  0.000000  0.000000  2.000000  
236.088420 0.013369  0.099246  -0.011288  0.968727  0.247674  -0.015000  -0.247282  0.968647  0.023983  0.020470  -0.019523  0.999600  0.000844  -0.000097  -0.001558  0.000000  0.000000  0.000000  2.000000  
236.089422 0.013369  0.099245  -0.011290  0.968727  0.247674  -0.015000  -0.247282  0.968647  0.023983  0.020470  -0.019523  0.999600  0.000703  -0.000190  -0.001620  0.000000  0.000000  0.000000  2.000000  
236.090684 0.013369  0.099244  -0.011293  0.968725  0.247676  -0.015130  -0.247281  0.968646  0.024016  0.020604  -0.019523  0.999597  0.000558  -0.000285  -0.001670  0.000000  0.000000  0.000000  2.000000  
236.091920 0.013369  0.099244  -0.011296  0.968725  0.247678  -0.015100  -0.247281  0.968643  0.024133  0.020604  -0.019645  0.999595  0.000522  -0.000267  -0.001759  0.000000  0.000000  0.000000  2.000000  
236.092922 0.013370  0.099243  -0.011300  0.968725  0.247678  -0.015100  -0.247281  0.968643  0.024133  0.020604  -0.019645  0.999595  0.000489  -0.000277  -0.001821  0.000000  0.000000  0.000000  2.000000  
236.094168 0.013371  0.099243  -0.011303  0.968722  0.247681  -0.015229  -0.247281  0.968643  0.024166  0.020737  -0.019645  0.999592  0.000464  -0.000283  -0.001897  0.000000  0.000000  0.000000  2.000000  
236.095215 0.013372  0.099243  -0.011306  0.968722  0.247683  -0.015199  -0.247281  0.968640  0.024284  0.020737  -0.019766  0.999590  0.000441  -0.000295  -0.001993  0.000000  0.000000  0.000000  2.000000  
236.096420 0.013373  0.099243  -0.011310  0.968719  0.247685  -0.015329  -0.247280  0.968639  0.024317  0.020871  -0.019766  0.999587  0.000441  -0.000308  -0.002146  0.000000  0.000000  0.000000  2.000000  
236.097423 0.013374  0.099243  -0.011313  0.968719  0.247685  -0.015329  -0.247280  0.968639  0.024317  0.020871  -0.019766  0.999587  0.000443  -0.000350  -0.002282  0.000000  0.000000  0.000000  2.000000  
236.098670 0.013375  0.099243  -0.011318  0.968717  0.247690  -0.015428  -0.247279  0.968635  0.024468  0.021005  -0.019887  0.999582  0.000494  -0.000336  -0.002476  0.000000  0.000000  0.000000  2.000000  
236.099682 0.013377  0.099243  -0.011321  0.968717  0.247690  -0.015428  -0.247279  0.968635  0.024468  0.021005  -0.019887  0.999582  0.000511  -0.000377  -0.002645  0.000000  0.000000  0.000000  2.000000  
236.100924 0.013379  0.099243  -0.011325  0.968717  0.247690  -0.015428  -0.247279  0.968635  0.024468  0.021005  -0.019887  0.999582  0.000610  -0.000386  -0.002799  0.000000  0.000000  0.000000  2.000000  
236.102175 0.013381  0.099242  -0.011330  0.968714  0.247692  -0.015558  -0.247278  0.968635  0.024501  0.021139  -0.019887  0.999579  0.000770  -0.000315  -0.002967  0.000000  0.000000  0.000000  2.000000  
236.103423 0.013383  0.099242  -0.011334  0.968714  0.247694  -0.015528  -0.247278  0.968632  0.024618  0.021139  -0.020008  0.999576  0.000901  -0.000293  -0.003102  0.000000  0.000000  0.000000  2.000000  
236.104687 0.013386  0.099242  -0.011339  0.968714  0.247694  -0.015528  -0.247278  0.968632  0.024618  0.021139  -0.020008  0.999576  0.001092  -0.000187  -0.003234  0.000000  0.000000  0.000000  2.000000  
236.105920 0.013389  0.099242  -0.011344  0.968711  0.247697  -0.015658  -0.247278  0.968631  0.024651  0.021272  -0.020008  0.999573  0.001297  -0.000133  -0.003336  0.000000  0.000000  0.000000  2.000000  
236.106925 0.013391  0.099242  -0.011348  0.968711  0.247697  -0.015658  -0.247278  0.968631  0.024651  0.021272  -0.020008  0.999573  0.001455  -0.000099  -0.003379  0.000000  0.000000  0.000000  2.000000  
236.108170 0.013394  0.099242  -0.011353  0.968708  0.247699  -0.015787  -0.247277  0.968630  0.024684  0.021406  -0.020008  0.999571  0.001628  -0.000049  -0.003530  0.000000  0.000000  0.000000  2.000000  
236.109424 0.013398  0.099243  -0.011358  0.968708  0.247699  -0.015787  -0.247277  0.968630  0.024684  0.021406  -0.020008  0.999571  0.001801  -0.000022  -0.003634  0.000000  0.000000  0.000000  2.000000  
236.110669 0.013401  0.099243  -0.011363  0.968708  0.247701  -0.015757  -0.247277  0.968627  0.024802  0.021406  -0.020129  0.999568  0.001929  0.000052  -0.003728  0.000000  0.000000  0.000000  2.000000  
236.111671 0.013404  0.099244  -0.011367  0.968655  0.247903  -0.015882  -0.247476  0.968576  0.024838  0.021540  -0.020129  0.999565  0.002087  0.000082  -0.003791  0.000000  0.000000  0.000000  2.000000  
236.112672 0.013407  0.099245  -0.011372  0.968655  0.247903  -0.015882  -0.247476  0.968576  0.024838  0.021540  -0.020129  0.999565  0.002181  0.000112  -0.003812  0.000000  0.000000  0.000000  2.000000  
236.113675 0.013409  0.099245  -0.011376  0.968655  0.247903  -0.015882  -0.247476  0.968576  0.024838  0.021540  -0.020129  0.999565  0.002228  0.000111  -0.003913  0.000000  0.000000  0.000000  2.000000  
236.114686 0.013411  0.099245  -0.011381  0.968652  0.247906  -0.016011  -0.247475  0.968575  0.024871  0.021674  -0.020129  0.999562  0.002311  0.000167  -0.003942  0.000000  0.000000  0.000000  2.000000  
236.115925 0.013413  0.099246  -0.011387  0.968652  0.247906  -0.016011  -0.247475  0.968575  0.024871  0.021674  -0.020129  0.999562  0.002330  0.000209  -0.004083  0.000000  0.000000  0.000000  2.000000  
236.116926 0.013415  0.099246  -0.011391  0.968652  0.247906  -0.016011  -0.247475  0.968575  0.024871  0.021674  -0.020129  0.999562  0.002339  0.000228  -0.004162  0.000000  0.000000  0.000000  2.000000  
236.118177 0.013417  0.099246  -0.011397  0.968601  0.248105  -0.016006  -0.247674  0.968524  0.024875  0.021674  -0.020129  0.999562  0.002340  0.000250  -0.004209  0.000000  0.000000  0.000000  2.000000  
236.119423 0.013419  0.099246  -0.011402  0.968601  0.248105  -0.016006  -0.247674  0.968524  0.024875  0.021674  -0.020129  0.999562  0.002303  0.000290  -0.004234  0.000000  0.000000  0.000000  2.000000  
236.120423 0.013421  0.099247  -0.011406  0.968598  0.248108  -0.016136  -0.247674  0.968523  0.024908  0.021807  -0.020129  0.999560  0.002243  0.000348  -0.004243  0.000000  0.000000  0.000000  2.000000  
236.121423 0.013423  0.099247  -0.011410  0.968598  0.248108  -0.016136  -0.247674  0.968523  0.024908  0.021807  -0.020129  0.999560  0.002193  0.000368  -0.004289  0.000000  0.000000  0.000000  2.000000  
236.122684 0.013425  0.099247  -0.011415  0.968598  0.248108  -0.016136  -0.247674  0.968523  0.024908  0.021807  -0.020129  0.999560  0.002113  0.000393  -0.004249  0.000000  0.000000  0.000000  2.000000  
236.123924 0.013427  0.099248  -0.011420  0.968547  0.248307  -0.016130  -0.247873  0.968472  0.024911  0.021807  -0.020129  0.999560  0.002050  0.000415  -0.004255  0.000000  0.000000  0.000000  2.000000  
236.125170 0.013429  0.099249  -0.011424  0.968544  0.248312  -0.016230  -0.247872  0.968468  0.025062  0.021941  -0.020250  0.999554  0.001924  0.000401  -0.004213  0.000000  0.000000  0.000000  2.000000  
236.126171 0.013430  0.099249  -0.011428  0.968544  0.248312  -0.016230  -0.247872  0.968468  0.025062  0.021941  -0.020250  0.999554  0.001820  0.000396  -0.004202  0.000000  0.000000  0.000000  2.000000  
236.127423 0.013431  0.099249  -0.011433  0.968544  0.248312  -0.016230  -0.247872  0.968468  0.025062  0.021941  -0.020250  0.999554  0.001658  0.000297  -0.004137  0.000000  0.000000  0.000000  2.000000  
236.128672 0.013432  0.099249  -0.011437  0.968493  0.248511  -0.016225  -0.248072  0.968417  0.025065  0.021941  -0.020250  0.999554  0.001578  0.000289  -0.004063  0.000000  0.000000  0.000000  2.000000  
236.129918 0.013433  0.099248  -0.011442  0.968493  0.248511  -0.016225  -0.248072  0.968417  0.025065  0.021941  -0.020250  0.999554  0.001441  0.000188  -0.003935  0.000000  0.000000  0.000000  2.000000  
236.130925 0.013434  0.099248  -0.011445  0.968493  0.248511  -0.016225  -0.248072  0.968417  0.025065  0.021941  -0.020250  0.999554  0.001357  0.000141  -0.003895  0.000000  0.000000  0.000000  2.000000  
236.131929 0.013434  0.099246  -0.011449  0.968493  0.248511  -0.016225  -0.248072  0.968417  0.025065  0.021941  -0.020250  0.999554  0.001219  0.000061  -0.003810  0.000000  0.000000  0.000000  2.000000  
236.132929 0.013434  0.099246  -0.011452  0.968493  0.248511  -0.016225  -0.248072  0.968417  0.025065  0.021941  -0.020250  0.999554  0.001123  0.000008  -0.003744  0.000000  0.000000  0.000000  2.000000  
236.134173 0.013434  0.099245  -0.011456  0.968442  0.248710  -0.016220  -0.248271  0.968366  0.025068  0.021941  -0.020250  0.999554  0.001014  -0.000105  -0.003702  0.000000  0.000000  0.000000  2.000000  
236.135423 0.013435  0.099244  -0.011460  0.968442  0.248710  -0.016220  -0.248271  0.968366  0.025068  0.021941  -0.020250  0.999554  0.000930  -0.000181  -0.003625  0.000000  0.000000  0.000000  2.000000  
236.136425 0.013435  0.099243  -0.011463  0.968442  0.248710  -0.016220  -0.248271  0.968366  0.025068  0.021941  -0.020250  0.999554  0.000807  -0.000287  -0.003557  0.000000  0.000000  0.000000  2.000000  
236.137426 0.013436  0.099242  -0.011466  0.968442  0.248710  -0.016220  -0.248271  0.968366  0.025068  0.021941  -0.020250  0.999554  0.000745  -0.000393  -0.003508  0.000000  0.000000  0.000000  2.000000  
236.138685 0.013436  0.099241  -0.011470  0.968391  0.248910  -0.016214  -0.248471  0.968315  0.025072  0.021941  -0.020250  0.999554  0.000617  -0.000498  -0.003411  0.000000  0.000000  0.000000  2.000000  
236.139922 0.013437  0.099240  -0.011473  0.968391  0.248910  -0.016214  -0.248471  0.968315  0.025072  0.021941  -0.020250  0.999554  0.000546  -0.000595  -0.003308  0.000000  0.000000  0.000000  2.000000  
236.141172 0.013437  0.099238  -0.011476  0.968391  0.248910  -0.016214  -0.248471  0.968315  0.025072  0.021941  -0.020250  0.999554  0.000468  -0.000727  -0.003191  0.000000  0.000000  0.000000  2.000000  
236.142175 0.013437  0.099237  -0.011479  0.968343  0.249107  -0.016080  -0.248671  0.968264  0.025042  0.021807  -0.020250  0.999557  0.000394  -0.000808  -0.003151  0.000000  0.000000  0.000000  2.000000  
236.143418 0.013437  0.099235  -0.011482  0.968343  0.249107  -0.016080  -0.248671  0.968264  0.025042  0.021807  -0.020250  0.999557  0.000308  -0.000954  -0.003064  0.000000  0.000000  0.000000  2.000000  
236.144423 0.013436  0.099233  -0.011484  0.968343  0.249107  -0.016080  -0.248671  0.968264  0.025042  0.021807  -0.020250  0.999557  0.000234  -0.001011  -0.002938  0.000000  0.000000  0.000000  2.000000  
236.145676 0.013436  0.099231  -0.011488  0.968291  0.249306  -0.016075  -0.248870  0.968213  0.025045  0.021807  -0.020250  0.999557  0.000161  -0.001092  -0.002898  0.000000  0.000000  0.000000  2.000000  
236.146683 0.013436  0.099230  -0.011490  0.968291  0.249306  -0.016075  -0.248870  0.968213  0.025045  0.021807  -0.020250  0.999557  0.000159  -0.001136  -0.002803  0.000000  0.000000  0.000000  2.000000  
236.147926 0.013435  0.099228  -0.011493  0.968291  0.249306  -0.016075  -0.248870  0.968213  0.025045  0.021807  -0.020250  0.999557  0.000096  -0.001200  -0.002756  0.000000  0.000000  0.000000  2.000000  
236.149168 0.013435  0.099227  -0.011497  0.968240  0.249505  -0.016069  -0.249069  0.968162  0.025048  0.021807  -0.020250  0.999557  0.000073  -0.001195  -0.002682  0.000000  0.000000  0.000000  2.000000  
236.150176 0.013436  0.099226  -0.011498  0.968240  0.249505  -0.016069  -0.249069  0.968162  0.025048  0.021807  -0.020250  0.999557  0.000049  -0.001231  -0.002602  0.000000  0.000000  0.000000  2.000000  
236.151425 0.013436  0.099225  -0.011502  0.968189  0.249705  -0.016064  -0.249269  0.968110  0.025052  0.021807  -0.020250  0.999557  0.000037  -0.001228  -0.002565  0.000000  0.000000  0.000000  2.000000  
236.152674 0.013436  0.099223  -0.011505  0.968189  0.249705  -0.016064  -0.249269  0.968110  0.025052  0.021807  -0.020250  0.999557  -0.000005  -0.001242  -0.002521  0.000000  0.000000  0.000000  2.000000  
236.153677 0.013436  0.099223  -0.011507  0.968137  0.249904  -0.016059  -0.249468  0.968059  0.025055  0.021807  -0.020250  0.999557  -0.000028  -0.001230  -0.002435  0.000000  0.000000  0.000000  2.000000  
236.154690 0.013436  0.099221  -0.011510  0.968137  0.249904  -0.016059  -0.249468  0.968059  0.025055  0.021807  -0.020250  0.999557  -0.000081  -0.001252  -0.002466  0.000000  0.000000  0.000000  2.000000  
236.155922 0.013436  0.099221  -0.011512  0.968086  0.250103  -0.016054  -0.249667  0.968007  0.025058  0.021807  -0.020250  0.999557  -0.000074  -0.001194  -0.002418  0.000000  0.000000  0.000000  2.000000  
236.156923 0.013436  0.099220  -0.011514  0.968086  0.250103  -0.016054  -0.249667  0.968007  0.025058  0.021807  -0.020250  0.999557  -0.000078  -0.001133  -0.002330  0.000000  0.000000  0.000000  2.000000  
236.158170 0.013435  0.099219  -0.011516  0.968086  0.250103  -0.016054  -0.249667  0.968007  0.025058  0.021807  -0.020250  0.999557  -0.000076  -0.001092  -0.002338  0.000000  0.000000  0.000000  2.000000  
236.159422 0.013436  0.099219  -0.011518  0.968035  0.250302  -0.016049  -0.249867  0.967956  0.025062  0.021807  -0.020250  0.999557  -0.000050  -0.000979  -0.002275  0.000000  0.000000  0.000000  2.000000  
236.160670 0.013436  0.099218  -0.011521  0.967983  0.250502  -0.016044  -0.250066  0.967904  0.025065  0.021807  -0.020250  0.999557  -0.000013  -0.000892  -0.002204  0.000000  0.000000  0.000000  2.000000  
236.161676 0.013436  0.099217  -0.011523  0.967983  0.250502  -0.016044  -0.250066  0.967904  0.025065  0.021807  -0.020250  0.999557  -0.000005  -0.000812  -0.002201  0.000000  0.000000  0.000000  2.000000  
236.162681 0.013436  0.099217  -0.011525  0.967983  0.250502  -0.016044  -0.250066  0.967904  0.025065  0.021807  -0.020250  0.999557  0.000063  -0.000705  -0.002141  0.000000  0.000000  0.000000  2.000000  
236.163929 0.013437  0.099218  -0.011526  0.967932  0.250701  -0.016038  -0.250265  0.967853  0.025068  0.021807  -0.020250  0.999557  0.000089  -0.000613  -0.002029  0.000000  0.000000  0.000000  2.000000  
236.165170 0.013438  0.099218  -0.011528  0.967932  0.250701  -0.016038  -0.250265  0.967853  0.025068  0.021807  -0.020250  0.999557  0.000137  -0.000518  -0.001962  0.000000  0.000000  0.000000  2.000000  
236.166177 0.013438  0.099218  -0.011529  0.967880  0.250900  -0.016033  -0.250464  0.967801  0.025071  0.021807  -0.020250  0.999557  0.000153  -0.000432  -0.001846  0.000000  0.000000  0.000000  2.000000  
236.167423 0.013439  0.099219  -0.011531  0.967880  0.250900  -0.016033  -0.250464  0.967801  0.025071  0.021807  -0.020250  0.999557  0.000210  -0.000287  -0.001760  0.000000  0.000000  0.000000  2.000000  
236.168675 0.013439  0.099219  -0.011532  0.967829  0.251099  -0.016028  -0.250664  0.967749  0.025075  0.021807  -0.020250  0.999557  0.000225  -0.000227  -0.001718  0.000000  0.000000  0.000000  2.000000  
236.169923 0.013440  0.099220  -0.011533  0.967829  0.251099  -0.016028  -0.250664  0.967749  0.025075  0.021807  -0.020250  0.999557  0.000285  -0.000130  -0.001566  0.000000  0.000000  0.000000  2.000000  
236.170926 0.013440  0.099220  -0.011534  0.967829  0.251099  -0.016028  -0.250664  0.967749  0.025075  0.021807  -0.020250  0.999557  0.000292  -0.000072  -0.001515  0.000000  0.000000  0.000000  2.000000  
236.172193 0.013440  0.099220  -0.011535  0.967777  0.251299  -0.016023  -0.250863  0.967698  0.025078  0.021807  -0.020250  0.999557  0.000317  -0.000002  -0.001355  0.000000  0.000000  0.000000  2.000000  
236.173422 0.013441  0.099220  -0.011536  0.967777  0.251299  -0.016023  -0.250863  0.967698  0.025078  0.021807  -0.020250  0.999557  0.000366  0.000062  -0.001274  0.000000  0.000000  0.000000  2.000000  
236.174423 0.013441  0.099220  -0.011536  0.967725  0.251498  -0.016018  -0.251062  0.967646  0.025081  0.021807  -0.020250  0.999557  0.000361  0.000102  -0.001138  0.000000  0.000000  0.000000  2.000000  
236.175669 0.013442  0.099221  -0.011536  0.967725  0.251498  -0.016018  -0.251062  0.967646  0.025081  0.021807  -0.020250  0.999557  0.000391  0.000166  -0.001000  0.000000  0.000000  0.000000  2.000000  
236.176674 0.013442  0.099221  -0.011536  0.967728  0.251495  -0.015888  -0.251063  0.967647  0.025048  0.021674  -0.020250  0.999560  0.000416  0.000257  -0.000891  0.000000  0.000000  0.000000  2.000000  
236.177918 0.013443  0.099222  -0.011536  0.967676  0.251694  -0.015883  -0.251262  0.967595  0.025051  0.021674  -0.020250  0.999560  0.000407  0.000303  -0.000732  0.000000  0.000000  0.000000  2.000000  
236.178920 0.013443  0.099223  -0.011536  0.967676  0.251694  -0.015883  -0.251262  0.967595  0.025051  0.021674  -0.020250  0.999560  0.000406  0.000334  -0.000623  0.000000  0.000000  0.000000  2.000000  
236.179924 0.013443  0.099223  -0.011536  0.967676  0.251694  -0.015883  -0.251262  0.967595  0.025051  0.021674  -0.020250  0.999560  0.000347  0.000317  -0.000543  0.000000  0.000000  0.000000  2.000000  
236.180934 0.013443  0.099223  -0.011535  0.967676  0.251694  -0.015883  -0.251262  0.967595  0.025051  0.021674  -0.020250  0.999560  0.000342  0.000356  -0.000407  0.000000  0.000000  0.000000  2.000000  
236.182170 0.013443  0.099224  -0.011534  0.967625  0.251894  -0.015878  -0.251461  0.967543  0.025054  0.021674  -0.020250  0.999560  0.000301  0.000337  -0.000242  0.000000  0.000000  0.000000  2.000000  
236.183178 0.013443  0.099224  -0.011534  0.967625  0.251894  -0.015878  -0.251461  0.967543  0.025054  0.021674  -0.020250  0.999560  0.000259  0.000376  -0.000142  0.000000  0.000000  0.000000  2.000000  
236.184423 0.013443  0.099224  -0.011533  0.967625  0.251894  -0.015878  -0.251461  0.967543  0.025054  0.021674  -0.020250  0.999560  0.000219  0.000357  0.000019  0.000000  0.000000  0.000000  2.000000  
