1-Time 2-Px 3-Py 4-Pz 5-R11 6-R21 7-R31 8-R12 9-R22 10-R32 11-R13 12-R23 13-R33 14-Vx 15-Vy 16-Vz 17-Wx 18-Wy 19-Wz 20-state 21-PR11 22-PR21 23-PR31 24-PR12 25-PR22 26-PR32 27-PR13 28-PR23 29-PR33 
136.447264 0.003312  0.093157  -0.024224  0.983821  0.134572  -0.118263  -0.131206  0.990707  0.035840  0.121987  -0.019743  0.992335  -0.000011  0.000060  0.000352  0.000000  0.000000  0.000000  2.000000  
136.448270 0.003312  0.093157  -0.024224  0.983821  0.134572  -0.118263  -0.131206  0.990707  0.035840  0.121987  -0.019743  0.992335  -0.000002  0.000059  0.000313  0.000000  0.000000  0.000000  2.000000  
136.449515 0.003312  0.093156  -0.024224  0.983680  0.135407  -0.118481  -0.132011  0.990591  0.036092  0.122253  -0.019863  0.992300  -0.000005  -0.000035  0.000311  0.000000  0.000000  0.000000  2.000000  
136.450526 0.003312  0.093155  -0.024224  0.983550  0.136027  -0.118853  -0.132612  0.990506  0.036219  0.122651  -0.019862  0.992251  -0.000029  -0.000158  0.000261  0.000000  0.000000  0.000000  2.000000  
136.451768 0.003313  0.093152  -0.024224  0.983446  0.136457  -0.119216  -0.133011  0.990444  0.036441  0.123050  -0.019981  0.992199  -0.000014  -0.000300  0.000278  0.000000  0.000000  0.000000  2.000000  
136.453016 0.003313  0.093150  -0.024223  0.983326  0.136890  -0.119711  -0.133407  0.990382  0.036682  0.123581  -0.020100  0.992131  0.000011  -0.000442  0.000256  0.000000  0.000000  0.000000  2.000000  
136.454268 0.003313  0.093148  -0.024223  0.983139  0.137932  -0.120051  -0.134412  0.990235  0.036979  0.123979  -0.020219  0.992079  0.000027  -0.000584  0.000273  0.000000  0.000000  0.000000  2.000000  
136.455273 0.003313  0.093147  -0.024222  0.982923  0.139178  -0.120383  -0.135620  0.990059  0.037302  0.124377  -0.020339  0.992027  0.000064  -0.000677  0.000301  0.000000  0.000000  0.000000  2.000000  
136.456524 0.003314  0.093146  -0.024221  0.982689  0.140411  -0.120862  -0.136824  0.989884  0.037524  0.124908  -0.020337  0.991960  0.000062  -0.000794  0.000351  0.045153  0.090364  0.200921  2.000000  
136.457770 0.003313  0.093143  -0.024223  0.982453  0.141660  -0.121324  -0.138029  0.989704  0.037867  0.125439  -0.020456  0.991890  0.000024  -0.000944  0.000199  0.054430  0.107520  0.242511  2.000000  
136.458774 0.003313  0.093143  -0.024224  0.982272  0.142485  -0.121819  -0.138828  0.989586  0.038041  0.125970  -0.020455  0.991823  -0.000010  -0.000998  0.000044  0.057056  0.125056  0.263398  2.000000  
136.460019 0.003312  0.093143  -0.024227  0.982016  0.143736  -0.122411  -0.140030  0.989402  0.038405  0.126634  -0.020573  0.991736  -0.000032  -0.000959  -0.000154  0.066398  0.146713  0.305101  2.000000  
136.461021 0.003313  0.093143  -0.024228  0.981804  0.144765  -0.122897  -0.141031  0.989252  0.038607  0.127165  -0.020572  0.991668  0.000017  -0.000936  -0.000214  0.070782  0.163980  0.339735  2.000000  
136.462270 0.003313  0.093143  -0.024229  0.981499  0.146222  -0.123611  -0.142431  0.989035  0.039018  0.127961  -0.020690  0.991563  0.000063  -0.000964  -0.000365  0.081059  0.189975  0.388363  2.000000  
136.463518 0.003315  0.093142  -0.024231  0.981220  0.147475  -0.124333  -0.143628  0.988847  0.039406  0.128757  -0.020808  0.991458  0.000146  -0.000975  -0.000483  0.090465  0.220571  0.430164  2.000000  
136.464527 0.003317  0.093143  -0.024232  0.980973  0.148723  -0.124791  -0.144830  0.988657  0.039757  0.129288  -0.020927  0.991386  0.000298  -0.000868  -0.000582  0.099842  0.237614  0.471569  2.000000  
136.465765 0.003320  0.093142  -0.024231  0.980738  0.149769  -0.125388  -0.145827  0.988497  0.040103  0.129951  -0.021045  0.991297  0.000480  -0.000811  -0.000470  0.108469  0.259446  0.506512  2.000000  
136.466767 0.003321  0.093140  -0.024228  0.980501  0.150816  -0.125984  -0.146824  0.988335  0.040450  0.130615  -0.021164  0.991207  0.000582  -0.000811  -0.000303  0.117083  0.281188  0.541285  2.000000  
136.467767 0.003323  0.093137  -0.024226  0.980293  0.151659  -0.126588  -0.147618  0.988204  0.040772  0.131278  -0.021282  0.991117  0.000709  -0.000935  -0.000183  0.124856  0.303095  0.569248  2.000000  
136.468767 0.003325  0.093132  -0.024224  0.980054  0.152706  -0.127183  -0.148614  0.988040  0.041122  0.131941  -0.021400  0.991027  0.000845  -0.001092  -0.000043  0.133490  0.324773  0.603915  2.000000  
136.470024 0.003329  0.093128  -0.024220  0.979765  0.153974  -0.127881  -0.149808  0.987838  0.041639  0.132737  -0.021639  0.990915  0.001071  -0.001268  0.000155  0.147149  0.350765  0.645565  2.000000  
136.471276 0.003332  0.093122  -0.024215  0.979504  0.155024  -0.128605  -0.150800  0.987671  0.042011  0.133532  -0.021756  0.990806  0.001205  -0.001564  0.000390  0.155897  0.376970  0.680404  2.000000  
136.472289 0.003333  0.093116  -0.024212  0.979340  0.155661  -0.129084  -0.151394  0.987568  0.042291  0.134063  -0.021875  0.990731  0.001337  -0.001880  0.000672  0.162750  0.394331  0.701102  2.000000  
136.473520 0.003336  0.093108  -0.024209  0.979158  0.156301  -0.129694  -0.151985  0.987465  0.042593  0.134726  -0.021993  0.990639  0.001543  -0.002300  0.001006  0.169799  0.416519  0.722483  2.000000  
136.474533 0.003339  0.093102  -0.024208  0.978961  0.157141  -0.130164  -0.152780  0.987329  0.042901  0.135256  -0.022112  0.990564  0.001797  -0.002748  0.001279  0.177551  0.433693  0.749986  2.000000  
136.475770 0.003342  0.093095  -0.024204  0.978763  0.157982  -0.130633  -0.153575  0.987192  0.043210  0.135786  -0.022230  0.990489  0.001967  -0.003257  0.001594  0.185459  0.451211  0.778088  2.000000  
136.476770 0.003343  0.093089  -0.024201  0.978614  0.158600  -0.130999  -0.154171  0.987093  0.043352  0.136184  -0.022229  0.990434  0.002049  -0.003650  0.001847  0.188269  0.464203  0.798833  2.000000  
136.478019 0.003346  0.093082  -0.024198  0.978478  0.159034  -0.131485  -0.154563  0.987020  0.043609  0.136714  -0.022348  0.990358  0.002105  -0.004021  0.002118  0.194431  0.482054  0.813292  2.000000  
136.479022 0.003348  0.093078  -0.024195  0.978392  0.159263  -0.131850  -0.154756  0.986981  0.043818  0.137112  -0.022466  0.990301  0.002148  -0.004383  0.002536  0.196937  0.486684  0.799479  2.000000  
136.480266 0.003349  0.093072  -0.024191  0.978224  0.159884  -0.132346  -0.155348  0.986880  0.043982  0.137642  -0.022465  0.990227  0.002036  -0.004751  0.002736  0.191624  0.491642  0.793229  2.000000  
136.481523 0.003349  0.093064  -0.024185  0.978105  0.160299  -0.132721  -0.155742  0.986813  0.044099  0.138039  -0.022463  0.990172  0.001874  -0.005079  0.002917  0.188578  0.491258  0.792729  2.000000  
136.482767 0.003347  0.093057  -0.024179  0.977986  0.160731  -0.133075  -0.156136  0.986740  0.044336  0.138437  -0.022582  0.990114  0.001617  -0.005335  0.003141  0.188966  0.486724  0.792736  2.000000  
136.484020 0.003346  0.093050  -0.024174  0.977899  0.160943  -0.133459  -0.156329  0.986705  0.044426  0.138834  -0.022581  0.990058  0.001257  -0.005510  0.003253  0.181558  0.487250  0.765258  2.000000  
136.485267 0.003342  0.093042  -0.024168  0.977830  0.161152  -0.133711  -0.156524  0.986671  0.044496  0.139099  -0.022580  0.990021  0.000840  -0.005709  0.003452  0.171779  0.479554  0.724973  2.000000  
136.486269 0.003338  0.093035  -0.024161  0.977761  0.161361  -0.133964  -0.156720  0.986637  0.044565  0.139364  -0.022579  0.989984  0.000433  -0.005856  0.003604  0.168368  0.475617  0.697536  2.000000  
136.487519 0.003332  0.093026  -0.024153  0.977692  0.161570  -0.134216  -0.156915  0.986603  0.044635  0.139629  -0.022578  0.989946  -0.000117  -0.005866  0.003894  0.160050  0.467381  0.663306  2.000000  
136.488524 0.003327  0.093020  -0.024146  0.977623  0.161779  -0.134468  -0.157110  0.986569  0.044704  0.139894  -0.022578  0.989909  -0.000624  -0.005844  0.004250  0.158025  0.458422  0.641123  2.000000  
136.489770 0.003320  0.093013  -0.024138  0.977553  0.161972  -0.134740  -0.157306  0.986540  0.044654  0.140159  -0.022457  0.989874  -0.001270  -0.005825  0.004616  0.145540  0.445646  0.606461  2.000000  
136.491019 0.003312  0.093007  -0.024130  0.977535  0.161975  -0.134871  -0.157303  0.986539  0.044676  0.140292  -0.022456  0.989855  -0.002095  -0.005821  0.004949  0.139950  0.429337  0.567149  2.000000  
136.492020 0.003305  0.093001  -0.024124  0.977516  0.161961  -0.135021  -0.157300  0.986544  0.044577  0.140424  -0.022336  0.989839  -0.002674  -0.005782  0.005168  0.126726  0.411482  0.523365  2.000000  
136.493271 0.003295  0.092995  -0.024117  0.977465  0.162167  -0.135143  -0.157498  0.986510  0.044626  0.140557  -0.022335  0.989821  -0.003396  -0.005749  0.005358  0.118218  0.389673  0.488535  2.000000  
136.494522 0.003285  0.092989  -0.024112  0.977400  0.162557  -0.135144  -0.157901  0.986449  0.044562  0.140557  -0.022215  0.989823  -0.004321  -0.005778  0.005437  0.105603  0.369294  0.457003  2.000000  
136.495770 0.003274  0.092983  -0.024108  0.977400  0.162541  -0.135164  -0.157901  0.986454  0.044442  0.140557  -0.022095  0.989826  -0.005059  -0.005731  0.005370  0.092903  0.341739  0.418900  2.000000  
136.496771 0.003264  0.092978  -0.024105  0.977368  0.162744  -0.135155  -0.158102  0.986421  0.044470  0.140557  -0.022095  0.989826  -0.005737  -0.005664  0.005258  0.085177  0.324310  0.391074  2.000000  
136.498022 0.003251  0.092972  -0.024102  0.977368  0.162727  -0.135175  -0.158102  0.986426  0.044350  0.140557  -0.021975  0.989829  -0.006487  -0.005573  0.005091  0.067461  0.298249  0.349404  2.000000  
136.499266 0.003239  0.092965  -0.024099  0.977335  0.162914  -0.135185  -0.158303  0.986398  0.044258  0.140557  -0.021855  0.989831  -0.007107  -0.005535  0.004864  0.055189  0.274101  0.318842  2.000000  
136.500267 0.003228  0.092959  -0.024096  0.977303  0.163117  -0.135176  -0.158504  0.986365  0.044286  0.140557  -0.021855  0.989831  -0.007642  -0.005508  0.004743  0.047915  0.250003  0.293507  2.000000  
136.501270 0.003216  0.092953  -0.024093  0.977270  0.163304  -0.135187  -0.158705  0.986336  0.044194  0.140557  -0.021735  0.989834  -0.008158  -0.005434  0.004525  0.037627  0.230402  0.277091  2.000000  
136.502519 0.003202  0.092945  -0.024089  0.977288  0.163301  -0.135056  -0.158708  0.986337  0.044173  0.140424  -0.021735  0.989853  -0.008649  -0.005393  0.004276  0.026068  0.201376  0.251257  2.000000  
136.503522 0.003192  0.092940  -0.024087  0.977256  0.163488  -0.135067  -0.158910  0.986309  0.044081  0.140424  -0.021615  0.989855  -0.008996  -0.005392  0.003967  0.020150  0.183689  0.237110  2.000000  
136.504773 0.003180  0.092932  -0.024083  0.977223  0.163691  -0.135058  -0.159111  0.986275  0.044109  0.140424  -0.021615  0.989855  -0.009411  -0.005434  0.003638  0.012335  0.161828  0.209242  2.000000  
136.506019 0.003168  0.092925  -0.024079  0.977242  0.163671  -0.134947  -0.159114  0.986281  0.043968  0.140292  -0.021496  0.989877  -0.009615  -0.005452  0.003328  0.001353  0.139798  0.188181  2.000000  
136.507020 0.003159  0.092919  -0.024076  0.977209  0.163874  -0.134938  -0.159315  0.986247  0.043996  0.140292  -0.021496  0.989877  -0.009703  -0.005487  0.003211  -0.004602  0.126589  0.174165  2.000000  
136.508270 0.003149  0.092913  -0.024072  0.977176  0.164061  -0.134949  -0.159516  0.986219  0.043904  0.140292  -0.021376  0.989879  -0.009737  -0.005497  0.002967  -0.008574  0.112191  0.172440  2.000000  
136.509520 0.003140  0.092907  -0.024071  0.977176  0.164045  -0.134969  -0.159516  0.986224  0.043785  0.140292  -0.021256  0.989882  -0.009702  -0.005480  0.002766  0.000000  0.000000  0.000000  2.000000  
136.510524 0.003133  0.092902  -0.024069  0.977194  0.164026  -0.134858  -0.159519  0.986230  0.043644  0.140159  -0.021136  0.989903  -0.009536  -0.005493  0.002653  0.000000  0.000000  0.000000  2.000000  
136.511770 0.003125  0.092895  -0.024067  0.977162  0.164229  -0.134849  -0.159720  0.986196  0.043671  0.140159  -0.021136  0.989903  -0.009278  -0.005496  0.002546  0.000000  0.000000  0.000000  2.000000  
136.512771 0.003119  0.092891  -0.024066  0.977162  0.164212  -0.134869  -0.159720  0.986201  0.043552  0.140159  -0.021016  0.989906  -0.008980  -0.005507  0.002467  0.000000  0.000000  0.000000  2.000000  
136.514019 0.003112  0.092885  -0.024065  0.977147  0.164396  -0.134749  -0.159924  0.986173  0.043439  0.140027  -0.020896  0.989927  -0.008554  -0.005449  0.002325  0.000000  0.000000  0.000000  2.000000  
136.515019 0.003108  0.092880  -0.024065  0.977166  0.164393  -0.134618  -0.159928  0.986173  0.043417  0.139894  -0.020897  0.989946  -0.008175  -0.005404  0.002130  0.000000  0.000000  0.000000  2.000000  
136.516267 0.003103  0.092873  -0.024066  0.977184  0.164374  -0.134507  -0.159931  0.986179  0.043276  0.139762  -0.020777  0.989967  -0.007578  -0.005351  0.001795  0.000000  0.000000  0.000000  2.000000  
136.517267 0.003099  0.092867  -0.024067  0.977184  0.164374  -0.134507  -0.159931  0.986179  0.043276  0.139762  -0.020777  0.989967  -0.007106  -0.005345  0.001515  0.000000  0.000000  0.000000  2.000000  
136.518524 0.003095  0.092860  -0.024069  0.977151  0.164577  -0.134499  -0.160132  0.986145  0.043304  0.139762  -0.020777  0.989967  -0.006413  -0.005277  0.001140  0.000000  0.000000  0.000000  2.000000  
136.519585 0.003092  0.092854  -0.024071  0.977118  0.164780  -0.134490  -0.160333  0.986111  0.043332  0.139762  -0.020777  0.989967  -0.005913  -0.005209  0.000760  0.000000  0.000000  0.000000  2.000000  
136.520767 0.003090  0.092848  -0.024073  0.977118  0.164780  -0.134490  -0.160333  0.986111  0.043332  0.139762  -0.020777  0.989967  -0.005372  -0.005212  0.000428  0.000000  0.000000  0.000000  2.000000  
136.521774 0.003089  0.092843  -0.024073  0.977118  0.164780  -0.134490  -0.160333  0.986111  0.043332  0.139762  -0.020777  0.989967  -0.004769  -0.005144  0.000142  0.000000  0.000000  0.000000  2.000000  
136.523019 0.003088  0.092837  -0.024074  0.977118  0.164797  -0.134470  -0.160333  0.986106  0.043451  0.139762  -0.020897  0.989965  -0.004193  -0.005146  -0.000074  0.000000  0.000000  0.000000  2.000000  
136.524019 0.003088  0.092832  -0.024074  0.977085  0.165000  -0.134461  -0.160534  0.986072  0.043479  0.139762  -0.020897  0.989965  -0.003652  -0.005171  -0.000233  0.000000  0.000000  0.000000  2.000000  
136.525271 0.003088  0.092826  -0.024075  0.977085  0.165000  -0.134461  -0.160534  0.986072  0.043479  0.139762  -0.020897  0.989965  -0.003120  -0.005146  -0.000371  0.000000  0.000000  0.000000  2.000000  
136.526273 0.003088  0.092821  -0.024075  0.977052  0.165203  -0.134452  -0.160735  0.986038  0.043506  0.139762  -0.020897  0.989965  -0.002597  -0.005122  -0.000471  0.000000  0.000000  0.000000  2.000000  
136.527520 0.003088  0.092816  -0.024074  0.977019  0.165389  -0.134463  -0.160936  0.986009  0.043415  0.139762  -0.020777  0.989967  -0.002150  -0.005077  -0.000560  0.000000  0.000000  0.000000  2.000000  
136.528521 0.003089  0.092812  -0.024073  0.977019  0.165389  -0.134463  -0.160936  0.986009  0.043415  0.139762  -0.020777  0.989967  -0.001666  -0.004977  -0.000566  0.000000  0.000000  0.000000  2.000000  
136.529769 0.003090  0.092809  -0.024073  0.976986  0.165592  -0.134454  -0.161137  0.985975  0.043442  0.139762  -0.020777  0.989967  -0.001266  -0.004813  -0.000547  0.000000  0.000000  0.000000  2.000000  
136.531018 0.003090  0.092804  -0.024073  0.976986  0.165592  -0.134454  -0.161137  0.985975  0.043442  0.139762  -0.020777  0.989967  -0.000833  -0.004614  -0.000463  0.000000  0.000000  0.000000  2.000000  
136.532018 0.003091  0.092801  -0.024073  0.976953  0.165795  -0.134445  -0.161339  0.985941  0.043470  0.139762  -0.020777  0.989967  -0.000510  -0.004435  -0.000404  0.000000  0.000000  0.000000  2.000000  
136.533270 0.003092  0.092798  -0.024073  0.976919  0.165998  -0.134436  -0.161540  0.985907  0.043498  0.139762  -0.020777  0.989967  -0.000193  -0.004183  -0.000261  0.000000  0.000000  0.000000  2.000000  
136.534270 0.003092  0.092795  -0.024073  0.976919  0.165998  -0.134436  -0.161540  0.985907  0.043498  0.139762  -0.020777  0.989967  0.000014  -0.004021  -0.000095  0.000000  0.000000  0.000000  2.000000  
136.535539 0.003093  0.092792  -0.024072  0.976886  0.166218  -0.134407  -0.161741  0.985868  0.043645  0.139762  -0.020897  0.989965  0.000201  -0.003772  0.000058  0.000000  0.000000  0.000000  2.000000  
136.536546 0.003093  0.092790  -0.024071  0.976886  0.166218  -0.134407  -0.161741  0.985868  0.043645  0.139762  -0.020897  0.989965  0.000288  -0.003599  0.000149  0.000000  0.000000  0.000000  2.000000  
136.537767 0.003093  0.092787  -0.024070  0.976871  0.166434  -0.134247  -0.161945  0.985829  0.043770  0.139629  -0.021017  0.989981  0.000329  -0.003399  0.000257  0.000000  0.000000  0.000000  2.000000  
136.538771 0.003092  0.092784  -0.024070  0.976819  0.166640  -0.134369  -0.162143  0.985794  0.043820  0.139762  -0.021017  0.989962  0.000313  -0.003240  0.000327  0.000000  0.000000  0.000000  2.000000  
136.540024 0.003092  0.092780  -0.024069  0.976819  0.166656  -0.134348  -0.162143  0.985789  0.043939  0.139762  -0.021137  0.989960  0.000261  -0.003071  0.000421  0.000000  0.000000  0.000000  2.000000  
136.541270 0.003090  0.092776  -0.024068  0.976786  0.166859  -0.134339  -0.162344  0.985754  0.043967  0.139762  -0.021137  0.989960  0.000151  -0.003000  0.000435  0.000000  0.000000  0.000000  2.000000  
136.542523 0.003089  0.092773  -0.024067  0.976804  0.166873  -0.134189  -0.162347  0.985749  0.044065  0.139629  -0.021258  0.989976  0.000021  -0.002886  0.000485  0.000000  0.000000  0.000000  2.000000  
136.543772 0.003086  0.092769  -0.024065  0.976771  0.167075  -0.134179  -0.162548  0.985715  0.044092  0.139629  -0.021258  0.989976  -0.000182  -0.002841  0.000572  0.000000  0.000000  0.000000  2.000000  
136.545020 0.003084  0.092766  -0.024063  0.976771  0.167092  -0.134159  -0.162548  0.985710  0.044212  0.139629  -0.021378  0.989973  -0.000416  -0.002748  0.000699  0.000000  0.000000  0.000000  2.000000  
136.546021 0.003082  0.092763  -0.024061  0.976771  0.167092  -0.134159  -0.162548  0.985710  0.044212  0.139629  -0.021378  0.989973  -0.000631  -0.002749  0.000834  0.000000  0.000000  0.000000  2.000000  
136.547265 0.003079  0.092760  -0.024059  0.976738  0.167295  -0.134150  -0.162749  0.985675  0.044240  0.139629  -0.021378  0.989973  -0.000802  -0.002681  0.000972  0.000000  0.000000  0.000000  2.000000  
136.548267 0.003076  0.092758  -0.024057  0.976738  0.167311  -0.134130  -0.162749  0.985670  0.044359  0.139629  -0.021498  0.989970  -0.001053  -0.002685  0.001080  0.000000  0.000000  0.000000  2.000000  
136.549272 0.003073  0.092756  -0.024056  0.976738  0.167311  -0.134130  -0.162749  0.985670  0.044359  0.139629  -0.021498  0.989970  -0.001315  -0.002642  0.001167  0.000000  0.000000  0.000000  2.000000  
136.550521 0.003069  0.092753  -0.024053  0.976738  0.167311  -0.134130  -0.162749  0.985670  0.044359  0.139629  -0.021498  0.989970  -0.001623  -0.002627  0.001252  0.000000  0.000000  0.000000  2.000000  
136.551525 0.003065  0.092750  -0.024052  0.976738  0.167311  -0.134130  -0.162749  0.985670  0.044359  0.139629  -0.021498  0.989970  -0.001896  -0.002636  0.001258  0.000000  0.000000  0.000000  2.000000  
136.552767 0.003060  0.092747  -0.024051  0.976738  0.167327  -0.134109  -0.162749  0.985664  0.044479  0.139629  -0.021618  0.989968  -0.002224  -0.002618  0.001269  0.000000  0.000000  0.000000  2.000000  
136.554014 0.003054  0.092744  -0.024050  0.976738  0.167327  -0.134109  -0.162749  0.985664  0.044479  0.139629  -0.021618  0.989968  -0.002585  -0.002630  0.001264  0.000000  0.000000  0.000000  2.000000  
136.555024 0.003048  0.092741  -0.024049  0.976738  0.167343  -0.134089  -0.162749  0.985659  0.044598  0.139629  -0.021738  0.989965  -0.002900  -0.002607  0.001333  0.000000  0.000000  0.000000  2.000000  
136.556270 0.003042  0.092737  -0.024047  0.976771  0.167141  -0.134098  -0.162548  0.985693  0.044571  0.139629  -0.021738  0.989965  -0.003247  -0.002594  0.001387  0.000000  0.000000  0.000000  2.000000  
136.557291 0.003037  0.092734  -0.024046  0.976771  0.167141  -0.134098  -0.162548  0.985693  0.044571  0.139629  -0.021738  0.989965  -0.003528  -0.002596  0.001430  0.000000  0.000000  0.000000  2.000000  
136.558524 0.003029  0.092731  -0.024043  0.976771  0.167157  -0.134078  -0.162548  0.985688  0.044690  0.139629  -0.021858  0.989963  -0.003858  -0.002608  0.001451  0.000000  0.000000  0.000000  2.000000  
136.559769 0.003023  0.092727  -0.024041  0.976804  0.166954  -0.134087  -0.162347  0.985722  0.044663  0.139629  -0.021858  0.989963  -0.004127  -0.002644  0.001443  0.000000  0.000000  0.000000  2.000000  
136.560772 0.003017  0.092723  -0.024039  0.976804  0.166954  -0.134087  -0.162347  0.985722  0.044663  0.139629  -0.021858  0.989963  -0.004375  -0.002717  0.001491  0.000000  0.000000  0.000000  2.000000  
136.562020 0.003010  0.092719  -0.024037  0.976804  0.166970  -0.134067  -0.162347  0.985717  0.044782  0.139629  -0.021978  0.989960  -0.004654  -0.002797  0.001454  0.000000  0.000000  0.000000  2.000000  
136.563267 0.003003  0.092715  -0.024035  0.976804  0.166970  -0.134067  -0.162347  0.985717  0.044782  0.139629  -0.021978  0.989960  -0.004887  -0.002878  0.001403  0.000000  0.000000  0.000000  2.000000  
136.564522 0.002997  0.092711  -0.024033  0.976819  0.166770  -0.134207  -0.162143  0.985751  0.044776  0.139762  -0.021978  0.989941  -0.005075  -0.002977  0.001422  0.000000  0.000000  0.000000  2.000000  
136.565770 0.002990  0.092706  -0.024031  0.976819  0.166770  -0.134207  -0.162143  0.985751  0.044776  0.139762  -0.021978  0.989941  -0.005218  -0.003076  0.001429  0.000000  0.000000  0.000000  2.000000  
136.567015 0.002984  0.092703  -0.024029  0.976819  0.166770  -0.134207  -0.162143  0.985751  0.044776  0.139762  -0.021978  0.989941  -0.005281  -0.003144  0.001496  0.000000  0.000000  0.000000  2.000000  
136.568015 0.002978  0.092699  -0.024028  0.976819  0.166770  -0.134207  -0.162143  0.985751  0.044776  0.139762  -0.021978  0.989941  -0.005341  -0.003237  0.001551  0.000000  0.000000  0.000000  2.000000  
136.569017 0.002973  0.092695  -0.024025  0.976819  0.166770  -0.134207  -0.162143  0.985751  0.044776  0.139762  -0.021978  0.989941  -0.005351  -0.003286  0.001628  0.000000  0.000000  0.000000  2.000000  
136.570021 0.002968  0.092691  -0.024023  0.976819  0.166770  -0.134207  -0.162143  0.985751  0.044776  0.139762  -0.021978  0.989941  -0.005342  -0.003323  0.001735  0.000000  0.000000  0.000000  2.000000  
136.571270 0.002962  0.092687  -0.024020  0.976871  0.166564  -0.134085  -0.161945  0.985786  0.044727  0.139629  -0.021978  0.989960  -0.005294  -0.003397  0.001808  0.000000  0.000000  0.000000  2.000000  
136.572277 0.002957  0.092683  -0.024017  0.976871  0.166564  -0.134085  -0.161945  0.985786  0.044727  0.139629  -0.021978  0.989960  -0.005279  -0.003435  0.001873  0.000000  0.000000  0.000000  2.000000  
136.573522 0.002952  0.092679  -0.024015  0.976871  0.166581  -0.134065  -0.161945  0.985780  0.044847  0.139629  -0.022098  0.989957  -0.005169  -0.003474  0.001897  0.000000  0.000000  0.000000  2.000000  
136.574526 0.002948  0.092675  -0.024013  0.976838  0.166783  -0.134056  -0.162146  0.985746  0.044874  0.139629  -0.022098  0.989957  -0.005084  -0.003501  0.001943  0.000000  0.000000  0.000000  2.000000  
136.575770 0.002942  0.092670  -0.024010  0.976838  0.166783  -0.134056  -0.162146  0.985746  0.044874  0.139629  -0.022098  0.989957  -0.004985  -0.003512  0.001972  0.000000  0.000000  0.000000  2.000000  
136.577021 0.002937  0.092666  -0.024007  0.976838  0.166783  -0.134056  -0.162146  0.985746  0.044874  0.139629  -0.022098  0.989957  -0.004819  -0.003515  0.002024  0.000000  0.000000  0.000000  2.000000  
136.578269 0.002933  0.092662  -0.024004  0.976838  0.166783  -0.134056  -0.162146  0.985746  0.044874  0.139629  -0.022098  0.989957  -0.004650  -0.003507  0.002086  0.000000  0.000000  0.000000  2.000000  
136.579270 0.002930  0.092660  -0.024002  0.976786  0.166989  -0.134177  -0.162344  0.985711  0.044924  0.139762  -0.022098  0.989939  -0.004540  -0.003478  0.002155  0.000000  0.000000  0.000000  2.000000  
136.580517 0.002926  0.092656  -0.023998  0.976786  0.166989  -0.134177  -0.162344  0.985711  0.044924  0.139762  -0.022098  0.989939  -0.004350  -0.003444  0.002274  0.000000  0.000000  0.000000  2.000000  
136.581518 0.002923  0.092653  -0.023995  0.976786  0.166989  -0.134177  -0.162344  0.985711  0.044924  0.139762  -0.022098  0.989939  -0.004199  -0.003404  0.002332  0.000000  0.000000  0.000000  2.000000  
136.582765 0.002920  0.092649  -0.023991  0.976753  0.167192  -0.134168  -0.162545  0.985677  0.044951  0.139762  -0.022098  0.989939  -0.003981  -0.003345  0.002467  0.000000  0.000000  0.000000  2.000000  
136.583767 0.002918  0.092646  -0.023988  0.976753  0.167192  -0.134168  -0.162545  0.985677  0.044951  0.139762  -0.022098  0.989939  -0.003775  -0.003314  0.002507  0.000000  0.000000  0.000000  2.000000  
136.584770 0.002916  0.092643  -0.023986  0.976719  0.167395  -0.134159  -0.162746  0.985642  0.044979  0.139762  -0.022098  0.989939  -0.003560  -0.003283  0.002507  0.000000  0.000000  0.000000  2.000000  
136.585771 0.002914  0.092640  -0.023984  0.976719  0.167395  -0.134159  -0.162746  0.985642  0.044979  0.139762  -0.022098  0.989939  -0.003331  -0.003237  0.002501  0.000000  0.000000  0.000000  2.000000  
136.587017 0.002912  0.092637  -0.023981  0.976686  0.167598  -0.134150  -0.162947  0.985608  0.045006  0.139762  -0.022098  0.989939  -0.003071  -0.003153  0.002500  0.000000  0.000000  0.000000  2.000000  
136.588024 0.002911  0.092634  -0.023979  0.976686  0.167598  -0.134150  -0.162947  0.985608  0.045006  0.139762  -0.022098  0.989939  -0.002859  -0.003104  0.002457  0.000000  0.000000  0.000000  2.000000  
136.589271 0.002910  0.092630  -0.023976  0.976652  0.167801  -0.134140  -0.163148  0.985573  0.045034  0.139762  -0.022098  0.989939  -0.002545  -0.003024  0.002492  0.000000  0.000000  0.000000  2.000000  
136.590523 0.002909  0.092627  -0.023973  0.976618  0.168004  -0.134131  -0.163349  0.985539  0.045062  0.139762  -0.022098  0.989939  -0.002255  -0.002943  0.002489  0.000000  0.000000  0.000000  2.000000  
136.591524 0.002909  0.092625  -0.023970  0.976618  0.168004  -0.134131  -0.163349  0.985539  0.045062  0.139762  -0.022098  0.989939  -0.002015  -0.002886  0.002547  0.000000  0.000000  0.000000  2.000000  
136.592769 0.002908  0.092622  -0.023968  0.976585  0.168207  -0.134122  -0.163551  0.985504  0.045089  0.139762  -0.022098  0.989939  -0.001758  -0.002832  0.002514  0.000000  0.000000  0.000000  2.000000  
136.593770 0.002908  0.092619  -0.023965  0.976585  0.168207  -0.134122  -0.163551  0.985504  0.045089  0.139762  -0.022098  0.989939  -0.001553  -0.002780  0.002508  0.000000  0.000000  0.000000  2.000000  
136.594770 0.002908  0.092618  -0.023963  0.976551  0.168410  -0.134113  -0.163752  0.985469  0.045117  0.139762  -0.022098  0.989939  -0.001299  -0.002701  0.002495  0.000000  0.000000  0.000000  2.000000  
136.595771 0.002908  0.092615  -0.023961  0.976551  0.168410  -0.134113  -0.163752  0.985469  0.045117  0.139762  -0.022098  0.989939  -0.001120  -0.002650  0.002423  0.000000  0.000000  0.000000  2.000000  
136.597017 0.002908  0.092612  -0.023959  0.976517  0.168613  -0.134103  -0.163953  0.985435  0.045144  0.139762  -0.022098  0.989939  -0.000909  -0.002603  0.002328  0.000000  0.000000  0.000000  2.000000  
136.598277 0.002909  0.092610  -0.023957  0.976484  0.168799  -0.134114  -0.164154  0.985405  0.045053  0.139762  -0.021978  0.989941  -0.000644  -0.002477  0.002218  0.000000  0.000000  0.000000  2.000000  
136.599518 0.002909  0.092608  -0.023955  0.976484  0.168799  -0.134114  -0.164154  0.985405  0.045053  0.139762  -0.021978  0.989941  -0.000475  -0.002405  0.002142  0.000000  0.000000  0.000000  2.000000  
136.600518 0.002909  0.092606  -0.023953  0.976450  0.169002  -0.134105  -0.164355  0.985371  0.045080  0.139762  -0.021978  0.989941  -0.000371  -0.002364  0.002079  0.000000  0.000000  0.000000  2.000000  
136.601766 0.002910  0.092603  -0.023951  0.976450  0.169002  -0.134105  -0.164355  0.985371  0.045080  0.139762  -0.021978  0.989941  -0.000213  -0.002269  0.001995  0.000000  0.000000  0.000000  2.000000  
136.602771 0.002910  0.092602  -0.023950  0.976416  0.169205  -0.134096  -0.164556  0.985336  0.045108  0.139762  -0.021978  0.989941  -0.000104  -0.002196  0.001971  0.000000  0.000000  0.000000  2.000000  
136.604015 0.002910  0.092599  -0.023947  0.976416  0.169205  -0.134096  -0.164556  0.985336  0.045108  0.139762  -0.021978  0.989941  -0.000004  -0.002101  0.001941  0.000000  0.000000  0.000000  2.000000  
136.605023 0.002910  0.092598  -0.023946  0.976364  0.169411  -0.134217  -0.164754  0.985300  0.045157  0.139894  -0.021977  0.989922  0.000066  -0.002042  0.001876  0.000000  0.000000  0.000000  2.000000  
136.606270 0.002910  0.092595  -0.023944  0.976364  0.169411  -0.134217  -0.164754  0.985300  0.045157  0.139894  -0.021977  0.989922  0.000116  -0.001999  0.001770  0.000000  0.000000  0.000000  2.000000  
136.607270 0.002910  0.092593  -0.023943  0.976364  0.169411  -0.134217  -0.164754  0.985300  0.045157  0.139894  -0.021977  0.989922  0.000106  -0.001953  0.001716  0.000000  0.000000  0.000000  2.000000  
136.608522 0.002910  0.092591  -0.023942  0.976330  0.169613  -0.134208  -0.164955  0.985266  0.045185  0.139894  -0.021977  0.989922  0.000116  -0.001910  0.001584  0.000000  0.000000  0.000000  2.000000  
136.609770 0.002909  0.092588  -0.023941  0.976330  0.169613  -0.134208  -0.164955  0.985266  0.045185  0.139894  -0.021977  0.989922  0.000041  -0.001977  0.001472  0.000000  0.000000  0.000000  2.000000  
136.610771 0.002908  0.092586  -0.023940  0.976330  0.169613  -0.134208  -0.164955  0.985266  0.045185  0.139894  -0.021977  0.989922  -0.000008  -0.001946  0.001372  0.000000  0.000000  0.000000  2.000000  
136.612020 0.002907  0.092584  -0.023940  0.976330  0.169613  -0.134208  -0.164955  0.985266  0.045185  0.139894  -0.021977  0.989922  -0.000088  -0.001928  0.001275  0.000000  0.000000  0.000000  2.000000  
136.613268 0.002906  0.092581  -0.023939  0.976311  0.169600  -0.134359  -0.164951  0.985271  0.045088  0.140027  -0.021857  0.989906  -0.000186  -0.001949  0.001194  0.000000  0.000000  0.000000  2.000000  
136.614520 0.002904  0.092578  -0.023938  0.976311  0.169600  -0.134359  -0.164951  0.985271  0.045088  0.140027  -0.021857  0.989906  -0.000318  -0.001963  0.001130  0.000000  0.000000  0.000000  2.000000  
136.615767 0.002903  0.092576  -0.023936  0.976311  0.169600  -0.134359  -0.164951  0.985271  0.045088  0.140027  -0.021857  0.989906  -0.000426  -0.001920  0.001105  0.000000  0.000000  0.000000  2.000000  
136.616771 0.002901  0.092575  -0.023935  0.976311  0.169600  -0.134359  -0.164951  0.985271  0.045088  0.140027  -0.021857  0.989906  -0.000555  -0.001925  0.001068  0.000000  0.000000  0.000000  2.000000  
136.618020 0.002899  0.092572  -0.023933  0.976311  0.169600  -0.134359  -0.164951  0.985271  0.045088  0.140027  -0.021857  0.989906  -0.000713  -0.001924  0.001037  0.000000  0.000000  0.000000  2.000000  
136.619265 0.002897  0.092571  -0.023932  0.976293  0.169603  -0.134490  -0.164948  0.985270  0.045110  0.140159  -0.021856  0.989888  -0.000867  -0.001880  0.001025  0.000000  0.000000  0.000000  2.000000  
136.620268 0.002895  0.092569  -0.023931  0.976293  0.169603  -0.134490  -0.164948  0.985270  0.045110  0.140159  -0.021856  0.989888  -0.001003  -0.001862  0.000982  0.000000  0.000000  0.000000  2.000000  
136.621273 0.002893  0.092567  -0.023930  0.976293  0.169603  -0.134490  -0.164948  0.985270  0.045110  0.140159  -0.021856  0.989888  -0.001167  -0.001852  0.000948  0.000000  0.000000  0.000000  2.000000  
136.622522 0.002890  0.092565  -0.023928  0.976308  0.169403  -0.134630  -0.164744  0.985305  0.045104  0.140292  -0.021856  0.989869  -0.001355  -0.001856  0.000965  0.000000  0.000000  0.000000  2.000000  
136.623770 0.002887  0.092563  -0.023927  0.976308  0.169403  -0.134630  -0.164744  0.985305  0.045104  0.140292  -0.021856  0.989869  -0.001527  -0.001808  0.000959  0.000000  0.000000  0.000000  2.000000  
136.624771 0.002884  0.092561  -0.023926  0.976308  0.169403  -0.134630  -0.164744  0.985305  0.045104  0.140292  -0.021856  0.989869  -0.001699  -0.001840  0.001017  0.000000  0.000000  0.000000  2.000000  
136.626025 0.002880  0.092559  -0.023924  0.976308  0.169403  -0.134630  -0.164744  0.985305  0.045104  0.140292  -0.021856  0.989869  -0.001874  -0.001794  0.001084  0.000000  0.000000  0.000000  2.000000  
136.627270 0.002877  0.092557  -0.023922  0.976323  0.169203  -0.134769  -0.164540  0.985339  0.045098  0.140424  -0.021856  0.989850  -0.002007  -0.001765  0.001185  0.000000  0.000000  0.000000  2.000000  
136.628270 0.002874  0.092555  -0.023920  0.976323  0.169203  -0.134769  -0.164540  0.985339  0.045098  0.140424  -0.021856  0.989850  -0.002126  -0.001725  0.001237  0.000000  0.000000  0.000000  2.000000  
136.629270 0.002871  0.092553  -0.023918  0.976323  0.169203  -0.134769  -0.164540  0.985339  0.045098  0.140424  -0.021856  0.989850  -0.002252  -0.001701  0.001337  0.000000  0.000000  0.000000  2.000000  
136.630517 0.002868  0.092551  -0.023916  0.976323  0.169203  -0.134769  -0.164540  0.985339  0.045098  0.140424  -0.021856  0.989850  -0.002382  -0.001723  0.001345  0.000000  0.000000  0.000000  2.000000  
136.631519 0.002865  0.092550  -0.023914  0.976339  0.169003  -0.134909  -0.164336  0.985373  0.045093  0.140557  -0.021855  0.989831  -0.002459  -0.001681  0.001386  0.000000  0.000000  0.000000  2.000000  
136.632770 0.002862  0.092548  -0.023912  0.976339  0.169003  -0.134909  -0.164336  0.985373  0.045093  0.140557  -0.021855  0.989831  -0.002557  -0.001682  0.001414  0.000000  0.000000  0.000000  2.000000  
136.634020 0.002859  0.092546  -0.023910  0.976339  0.169019  -0.134889  -0.164336  0.985368  0.045212  0.140557  -0.021975  0.989829  -0.002615  -0.001681  0.001467  0.000000  0.000000  0.000000  2.000000  
136.635270 0.002855  0.092544  -0.023908  0.976320  0.169022  -0.135019  -0.164333  0.985367  0.045234  0.140689  -0.021975  0.989810  -0.002661  -0.001631  0.001571  0.000000  0.000000  0.000000  2.000000  
136.636524 0.002852  0.092542  -0.023905  0.976320  0.169022  -0.135019  -0.164333  0.985367  0.045234  0.140689  -0.021975  0.989810  -0.002680  -0.001629  0.001649  0.000000  0.000000  0.000000  2.000000  
136.637765 0.002849  0.092541  -0.023902  0.976354  0.168819  -0.135029  -0.164132  0.985402  0.045206  0.140689  -0.021975  0.989810  -0.002652  -0.001550  0.001789  0.000000  0.000000  0.000000  2.000000  
136.638772 0.002847  0.092539  -0.023899  0.976335  0.168822  -0.135159  -0.164129  0.985402  0.045228  0.140822  -0.021974  0.989791  -0.002673  -0.001548  0.001875  0.000000  0.000000  0.000000  2.000000  
136.640023 0.002845  0.092538  -0.023896  0.976335  0.168822  -0.135159  -0.164129  0.985402  0.045228  0.140822  -0.021974  0.989791  -0.002581  -0.001494  0.001976  0.000000  0.000000  0.000000  2.000000  
136.641270 0.002842  0.092537  -0.023892  0.976335  0.168822  -0.135159  -0.164129  0.985402  0.045228  0.140822  -0.021974  0.989791  -0.002535  -0.001441  0.002077  0.000000  0.000000  0.000000  2.000000  
136.642528 0.002840  0.092535  -0.023890  0.976317  0.168825  -0.135290  -0.164126  0.985401  0.045250  0.140954  -0.021974  0.989772  -0.002426  -0.001389  0.002112  0.000000  0.000000  0.000000  2.000000  
136.643769 0.002838  0.092534  -0.023886  0.976317  0.168825  -0.135290  -0.164126  0.985401  0.045250  0.140954  -0.021974  0.989772  -0.002366  -0.001362  0.002181  0.000000  0.000000  0.000000  2.000000  
136.644770 0.002836  0.092533  -0.023884  0.976317  0.168825  -0.135290  -0.164126  0.985401  0.045250  0.140954  -0.021974  0.989772  -0.002257  -0.001311  0.002202  0.000000  0.000000  0.000000  2.000000  
136.645772 0.002835  0.092532  -0.023882  0.976317  0.168825  -0.135290  -0.164126  0.985401  0.045250  0.140954  -0.021974  0.989772  -0.002162  -0.001233  0.002271  0.000000  0.000000  0.000000  2.000000  
136.647021 0.002833  0.092532  -0.023879  0.976298  0.168828  -0.135421  -0.164123  0.985401  0.045272  0.141087  -0.021974  0.989753  -0.001989  -0.001130  0.002330  0.000000  0.000000  0.000000  2.000000  
136.648027 0.002832  0.092531  -0.023876  0.976264  0.169031  -0.135411  -0.164324  0.985366  0.045300  0.141087  -0.021974  0.989753  -0.001927  -0.001101  0.002412  0.000000  0.000000  0.000000  2.000000  
136.649266 0.002831  0.092530  -0.023873  0.976264  0.169031  -0.135411  -0.164324  0.985366  0.045300  0.141087  -0.021974  0.989753  -0.001779  -0.001056  0.002402  0.000000  0.000000  0.000000  2.000000  
136.650271 0.002831  0.092529  -0.023870  0.976246  0.169034  -0.135542  -0.164320  0.985365  0.045322  0.141219  -0.021973  0.989734  -0.001627  -0.000995  0.002508  0.000000  0.000000  0.000000  2.000000  
136.651272 0.002830  0.092529  -0.023868  0.976246  0.169034  -0.135542  -0.164320  0.985365  0.045322  0.141219  -0.021973  0.989734  -0.001507  -0.000945  0.002491  0.000000  0.000000  0.000000  2.000000  
136.652517 0.002830  0.092528  -0.023865  0.976246  0.169034  -0.135542  -0.164320  0.985365  0.045322  0.141219  -0.021973  0.989734  -0.001338  -0.000915  0.002506  0.000000  0.000000  0.000000  2.000000  
136.653521 0.002829  0.092527  -0.023862  0.976227  0.169037  -0.135672  -0.164317  0.985365  0.045344  0.141352  -0.021973  0.989716  -0.001207  -0.000850  0.002487  0.000000  0.000000  0.000000  2.000000  
136.654541 0.002829  0.092526  -0.023860  0.976193  0.169240  -0.135663  -0.164518  0.985330  0.045372  0.141352  -0.021973  0.989716  -0.001047  -0.000813  0.002454  0.000000  0.000000  0.000000  2.000000  
136.655770 0.002829  0.092525  -0.023858  0.976193  0.169240  -0.135663  -0.164518  0.985330  0.045372  0.141352  -0.021973  0.989716  -0.000935  -0.000799  0.002389  0.000000  0.000000  0.000000  2.000000  
136.656773 0.002829  0.092525  -0.023856  0.976175  0.169243  -0.135794  -0.164515  0.985329  0.045394  0.141484  -0.021972  0.989697  -0.000790  -0.000738  0.002391  0.000000  0.000000  0.000000  2.000000  
136.658020 0.002829  0.092524  -0.023853  0.976175  0.169243  -0.135794  -0.164515  0.985329  0.045394  0.141484  -0.021972  0.989697  -0.000672  -0.000747  0.002331  0.000000  0.000000  0.000000  2.000000  
136.659021 0.002829  0.092523  -0.023851  0.976156  0.169245  -0.135924  -0.164512  0.985329  0.045416  0.141616  -0.021972  0.989678  -0.000514  -0.000708  0.002339  0.000000  0.000000  0.000000  2.000000  
136.660271 0.002829  0.092522  -0.023848  0.976122  0.169448  -0.135915  -0.164713  0.985294  0.045444  0.141616  -0.021972  0.989678  -0.000417  -0.000694  0.002311  0.000000  0.000000  0.000000  2.000000  
136.661519 0.002830  0.092522  -0.023846  0.976122  0.169448  -0.135915  -0.164713  0.985294  0.045444  0.141616  -0.021972  0.989678  -0.000281  -0.000668  0.002262  0.000000  0.000000  0.000000  2.000000  
136.662521 0.002830  0.092521  -0.023844  0.976103  0.169451  -0.136045  -0.164710  0.985294  0.045466  0.141749  -0.021971  0.989659  -0.000179  -0.000679  0.002232  0.000000  0.000000  0.000000  2.000000  
136.663772 0.002830  0.092520  -0.023841  0.976103  0.169451  -0.136045  -0.164710  0.985294  0.045466  0.141749  -0.021971  0.989659  -0.000129  -0.000678  0.002218  0.000000  0.000000  0.000000  2.000000  
136.665016 0.002830  0.092519  -0.023839  0.976085  0.169454  -0.136176  -0.164707  0.985293  0.045488  0.141881  -0.021971  0.989640  -0.000062  -0.000680  0.002127  0.000000  0.000000  0.000000  2.000000  
