1-Time 2-Px 3-Py 4-Pz 5-R11 6-R21 7-R31 8-R12 9-R22 10-R32 11-R13 12-R23 13-R33 14-Vx 15-Vy 16-Vz 17-Wx 18-Wy 19-Wz 20-state 21-PR11 22-PR21 23-PR31 24-PR12 25-PR22 26-PR32 27-PR13 28-PR23 29-PR33 
67.187093 0.006092  0.097435  -0.006496  0.985926  0.162376  -0.039805  -0.161361  0.986511  0.027531  0.043738  -0.020720  0.998828  0.000087  0.000081  0.000238  0.000000  0.000000  0.000000  2.000000  
67.188097 0.006092  0.097435  -0.006495  0.985892  0.162579  -0.039799  -0.161564  0.986478  0.027539  0.043738  -0.020720  0.998828  0.000138  0.000085  0.000234  0.000000  0.000000  0.000000  2.000000  
67.189101 0.006093  0.097436  -0.006495  0.985787  0.163191  -0.039914  -0.162172  0.986377  0.027585  0.043872  -0.020720  0.998822  0.000159  0.000060  0.000209  0.000000  0.000000  0.000000  2.000000  
67.190101 0.006094  0.097436  -0.006495  0.985653  0.164004  -0.039891  -0.162984  0.986242  0.027618  0.043872  -0.020720  0.998822  0.000248  0.000070  0.000235  0.000000  0.000000  0.000000  2.000000  
67.191351 0.006096  0.097435  -0.006495  0.985552  0.164617  -0.039854  -0.163593  0.986137  0.027762  0.043872  -0.020841  0.998820  0.000363  0.000076  0.000193  0.000000  0.000000  0.000000  2.000000  
67.192596 0.006099  0.097435  -0.006495  0.985445  0.165234  -0.039949  -0.164200  0.986032  0.027929  0.044006  -0.020963  0.998811  0.000545  0.000040  0.000166  0.000000  0.000000  0.000000  2.000000  
67.193600 0.006101  0.097435  -0.006494  0.985338  0.165846  -0.040063  -0.164808  0.985929  0.027975  0.044139  -0.020962  0.998805  0.000695  0.000032  0.000197  0.000000  0.000000  0.000000  2.000000  
67.194853 0.006105  0.097436  -0.006493  0.985122  0.167074  -0.040272  -0.166023  0.985719  0.028189  0.044407  -0.021083  0.998791  0.000920  0.000113  0.000325  0.000000  0.000000  0.000000  2.000000  
67.196098 0.006108  0.097437  -0.006491  0.984829  0.168705  -0.040621  -0.167642  0.985441  0.028322  0.044808  -0.021083  0.998773  0.001129  0.000162  0.000398  0.020822  0.027424  0.194180  2.000000  
67.197098 0.006110  0.097437  -0.006490  0.984609  0.169933  -0.040829  -0.168856  0.985227  0.028537  0.045075  -0.021204  0.998759  0.001227  0.000150  0.000433  0.026770  0.035532  0.235820  2.000000  
67.198102 0.006112  0.097438  -0.006490  0.984359  0.171361  -0.040898  -0.170274  0.984978  0.028738  0.045209  -0.021325  0.998750  0.001372  0.000185  0.000412  0.033015  0.038990  0.284254  2.000000  
67.199104 0.006115  0.097439  -0.006491  0.984142  0.172580  -0.040994  -0.171489  0.984765  0.028812  0.045342  -0.021325  0.998744  0.001587  0.000274  0.000396  0.034885  0.042612  0.325799  2.000000  
67.200355 0.006120  0.097442  -0.006490  0.983817  0.174412  -0.041051  -0.173311  0.984439  0.029030  0.045476  -0.021446  0.998735  0.001905  0.000446  0.000409  0.042065  0.045620  0.394922  2.000000  
67.201600 0.006125  0.097445  -0.006487  0.983488  0.176243  -0.041108  -0.175132  0.984110  0.029249  0.045610  -0.021567  0.998727  0.002255  0.000663  0.000575  0.048967  0.048789  0.457334  2.000000  
67.202857 0.006130  0.097448  -0.006485  0.983150  0.178077  -0.041295  -0.176952  0.983777  0.029492  0.045877  -0.021688  0.998712  0.002543  0.000821  0.000700  0.055884  0.056417  0.519586  2.000000  
67.204101 0.006136  0.097450  -0.006484  0.982808  0.179910  -0.041481  -0.178771  0.983441  0.029735  0.046144  -0.021808  0.998697  0.002859  0.000975  0.000757  0.062851  0.064071  0.582137  2.000000  
67.205353 0.006142  0.097453  -0.006483  0.982457  0.181746  -0.041798  -0.180589  0.983101  0.030004  0.046545  -0.021929  0.998675  0.003150  0.001138  0.000820  0.069841  0.076175  0.644452  2.000000  
67.206356 0.006147  0.097455  -0.006480  0.982189  0.183165  -0.041886  -0.182003  0.982837  0.030088  0.046679  -0.021929  0.998669  0.003373  0.001290  0.001045  0.072071  0.079631  0.692864  2.000000  
67.207601 0.006153  0.097455  -0.006477  0.981838  0.185002  -0.042048  -0.183820  0.982488  0.030454  0.046946  -0.022171  0.998651  0.003614  0.001383  0.001271  0.083152  0.087211  0.755335  2.000000  
67.208847 0.006159  0.097455  -0.006473  0.981445  0.187035  -0.042226  -0.185839  0.982100  0.030709  0.047213  -0.022292  0.998636  0.003829  0.001308  0.001433  0.090802  0.094526  0.831607  2.000000  
67.209848 0.006165  0.097455  -0.006470  0.981170  0.188453  -0.042313  -0.187252  0.981829  0.030795  0.047347  -0.022292  0.998630  0.004040  0.001241  0.001522  0.093082  0.097996  0.880218  2.000000  
67.210851 0.006171  0.097454  -0.006467  0.980854  0.190078  -0.042370  -0.188866  0.981513  0.031009  0.047481  -0.022413  0.998621  0.004290  0.001164  0.001617  0.099724  0.101222  0.935408  2.000000  
67.212097 0.006176  0.097452  -0.006464  0.980536  0.191703  -0.042427  -0.190480  0.981194  0.031223  0.047614  -0.022534  0.998612  0.004453  0.000991  0.001751  0.106393  0.104462  0.990775  2.000000  
67.213098 0.006180  0.097449  -0.006462  0.980300  0.192914  -0.042388  -0.191691  0.980957  0.031275  0.047614  -0.022534  0.998612  0.004574  0.000758  0.001918  0.108346  0.103615  1.032752  2.000000  
67.214354 0.006186  0.097446  -0.006458  0.980010  0.194339  -0.042582  -0.193102  0.980673  0.031507  0.047882  -0.022655  0.998596  0.004691  0.000411  0.002138  0.114713  0.111427  1.080673  2.000000  
67.215355 0.006190  0.097444  -0.006456  0.979730  0.195757  -0.042512  -0.194514  0.980388  0.031687  0.047882  -0.022776  0.998593  0.004715  0.000061  0.002262  0.121004  0.110302  1.128987  2.000000  
67.216607 0.006195  0.097441  -0.006453  0.979403  0.197380  -0.042567  -0.196126  0.980060  0.031902  0.048015  -0.022897  0.998584  0.004700  -0.000323  0.002295  0.127944  0.117872  1.191456  2.000000  
67.217851 0.006199  0.097438  -0.006450  0.979113  0.198795  -0.042652  -0.197536  0.979774  0.031990  0.048149  -0.022897  0.998578  0.004621  -0.000643  0.002335  0.129958  0.121486  1.233269  2.000000  
67.218862 0.006202  0.097436  -0.006447  0.978909  0.199809  -0.042595  -0.198543  0.979565  0.032153  0.048149  -0.023018  0.998575  0.004514  -0.000970  0.002487  0.134717  0.116581  1.246655  2.000000  
67.220101 0.006206  0.097434  -0.006444  0.978663  0.201018  -0.042555  -0.199752  0.979317  0.032205  0.048149  -0.023018  0.998575  0.004334  -0.001308  0.002648  0.134278  0.115355  1.250459  2.000000  
67.221352 0.006208  0.097430  -0.006441  0.978332  0.202631  -0.042502  -0.201364  0.978985  0.032275  0.048149  -0.023018  0.998575  0.004072  -0.001610  0.002620  0.132587  0.115626  1.288467  2.000000  
67.222602 0.006208  0.097427  -0.006437  0.978083  0.203840  -0.042462  -0.202572  0.978734  0.032328  0.048149  -0.023018  0.998575  0.003689  -0.001922  0.002602  0.129546  0.110590  1.309036  2.000000  
67.223848 0.006208  0.097422  -0.006434  0.977874  0.204847  -0.042429  -0.203579  0.978523  0.032372  0.048149  -0.023018  0.998575  0.003165  -0.002286  0.002575  0.129215  0.104932  1.312020  2.000000  
67.224849 0.006208  0.097419  -0.006431  0.977706  0.205653  -0.042402  -0.204384  0.978354  0.032406  0.048149  -0.023018  0.998575  0.002787  -0.002439  0.002561  0.125039  0.096095  1.305067  2.000000  
67.225849 0.006207  0.097415  -0.006430  0.977537  0.206454  -0.042401  -0.205189  0.978188  0.032323  0.048149  -0.022897  0.998578  0.002378  -0.002648  0.002475  0.120970  0.084088  1.287852  2.000000  
67.227098 0.006204  0.097409  -0.006427  0.977326  0.207460  -0.042367  -0.206195  0.977975  0.032366  0.048149  -0.022897  0.998578  0.001780  -0.002825  0.002465  0.115775  0.074548  1.270123  2.000000  
67.228351 0.006201  0.097404  -0.006424  0.977155  0.208261  -0.042366  -0.207000  0.977808  0.032283  0.048149  -0.022775  0.998580  0.001297  -0.002909  0.002470  0.106501  0.070701  1.242698  2.000000  
67.229351 0.006199  0.097400  -0.006422  0.977027  0.208859  -0.042371  -0.207604  0.977683  0.032190  0.048149  -0.022654  0.998583  0.000827  -0.003047  0.002415  0.101317  0.066961  1.215890  2.000000  
67.230356 0.006196  0.097396  -0.006420  0.976905  0.209460  -0.042221  -0.208208  0.977555  0.032189  0.048015  -0.022654  0.998590  0.000326  -0.003175  0.002410  0.096388  0.059165  1.190310  2.000000  
67.231612 0.006193  0.097392  -0.006420  0.976740  0.210257  -0.042089  -0.209014  0.977386  0.032077  0.047882  -0.022533  0.998599  -0.000181  -0.003278  0.002233  0.086352  0.046585  1.148282  2.000000  
67.232855 0.006189  0.097386  -0.006419  0.976610  0.210850  -0.042120  -0.209617  0.977264  0.031866  0.047882  -0.022291  0.998604  -0.000740  -0.003469  0.002030  0.072334  0.042434  1.111752  2.000000  
67.233857 0.006185  0.097382  -0.006419  0.976481  0.211449  -0.042126  -0.210220  0.977138  0.031773  0.047882  -0.022170  0.998607  -0.001143  -0.003605  0.001863  0.062969  0.034702  1.079129  2.000000  
67.235101 0.006181  0.097377  -0.006419  0.976357  0.212044  -0.042002  -0.210825  0.977011  0.031652  0.047748  -0.022049  0.998616  -0.001733  -0.003789  0.001627  0.053018  0.017640  1.037547  2.000000  
67.236353 0.006176  0.097373  -0.006420  0.976227  0.212643  -0.042008  -0.211428  0.976884  0.031560  0.047748  -0.021928  0.998619  -0.002170  -0.003857  0.001329  0.047308  0.013699  1.001434  2.000000  
67.237602 0.006171  0.097370  -0.006421  0.976140  0.213035  -0.042047  -0.211830  0.976804  0.031340  0.047748  -0.021686  0.998624  -0.002496  -0.003826  0.001064  0.028992  0.005835  0.953186  2.000000  
67.238850 0.006166  0.097366  -0.006423  0.976058  0.213424  -0.041955  -0.212233  0.976724  0.031092  0.047614  -0.021444  0.998636  -0.002853  -0.003762  0.000725  0.013245  -0.005780  0.885585  2.000000  
67.240097 0.006160  0.097362  -0.006425  0.975977  0.213813  -0.041864  -0.212636  0.976645  0.030844  0.047481  -0.021201  0.998647  -0.003156  -0.003734  0.000437  -0.000084  -0.014099  0.849922  2.000000  
67.241352 0.006154  0.097358  -0.006427  0.975852  0.214408  -0.041740  -0.213240  0.976517  0.030723  0.047347  -0.021080  0.998656  -0.003388  -0.003623  0.000155  -0.010863  -0.021999  0.801443  2.000000  
67.242360 0.006150  0.097356  -0.006428  0.975808  0.214599  -0.041786  -0.213441  0.976480  0.030495  0.047347  -0.020838  0.998661  -0.003508  -0.003448  -0.000149  -0.020598  -0.025638  0.766516  2.000000  
67.243361 0.006147  0.097354  -0.006430  0.975770  0.214792  -0.041675  -0.213643  0.976440  0.030356  0.047213  -0.020717  0.998670  -0.003646  -0.003317  -0.000409  -0.029504  -0.033912  0.739854  2.000000  
67.244603 0.006144  0.097354  -0.006431  0.975726  0.214983  -0.041721  -0.213844  0.976403  0.030128  0.047213  -0.020475  0.998675  -0.003662  -0.003035  -0.000675  -0.044897  -0.037301  0.683756  2.000000  
67.245846 0.006141  0.097353  -0.006433  0.975638  0.215375  -0.041761  -0.214246  0.976322  0.029908  0.047213  -0.020233  0.998680  -0.003601  -0.002769  -0.000863  -0.053874  -0.040779  0.650580  2.000000  
67.246849 0.006139  0.097352  -0.006434  0.975594  0.215566  -0.041807  -0.214447  0.976285  0.029680  0.047213  -0.019990  0.998685  -0.003567  -0.002566  -0.000989  -0.067593  -0.044460  0.616156  2.000000  
67.247871 0.006137  0.097351  -0.006436  0.975550  0.215757  -0.041853  -0.214648  0.976247  0.029452  0.047213  -0.019748  0.998690  -0.003429  -0.002292  -0.001153  -0.078229  -0.043835  0.579374  2.000000  
67.249101 0.006136  0.097350  -0.006439  0.975512  0.215945  -0.041769  -0.214850  0.976211  0.029195  0.047080  -0.019506  0.998701  -0.003248  -0.002098  -0.001314  -0.091118  -0.047347  0.547522  2.000000  
67.250105 0.006136  0.097349  -0.006441  0.975512  0.215935  -0.041821  -0.214850  0.976218  0.028958  0.047080  -0.019264  0.998705  -0.002960  -0.001826  -0.001453  -0.102316  -0.046640  0.503609  2.000000  
67.251353 0.006136  0.097348  -0.006443  0.975474  0.216123  -0.041737  -0.215052  0.976181  0.028701  0.046946  -0.019021  0.998716  -0.002626  -0.001637  -0.001518  -0.112486  -0.050206  0.462103  2.000000  
67.252600 0.006137  0.097347  -0.006445  0.975474  0.216113  -0.041790  -0.215052  0.976188  0.028464  0.046946  -0.018779  0.998721  -0.002266  -0.001496  -0.001558  -0.121289  -0.049025  0.424081  2.000000  
67.253602 0.006138  0.097347  -0.006446  0.975429  0.216304  -0.041836  -0.215253  0.976150  0.028236  0.046946  -0.018537  0.998725  -0.001862  -0.001289  -0.001569  -0.131753  -0.048800  0.399925  2.000000  
67.254851 0.006140  0.097346  -0.006448  0.975435  0.216291  -0.041758  -0.215254  0.976157  0.027970  0.046812  -0.018295  0.998736  -0.001370  -0.001053  -0.001556  -0.141583  -0.052536  0.365307  2.000000  
67.255854 0.006141  0.097346  -0.006450  0.975435  0.216281  -0.041811  -0.215254  0.976164  0.027734  0.046812  -0.018052  0.998741  -0.000958  -0.000850  -0.001561  -0.146968  -0.051901  0.337663  2.000000  
67.257102 0.006144  0.097346  -0.006452  0.975435  0.216271  -0.041863  -0.215254  0.976171  0.027497  0.046812  -0.017810  0.998745  -0.000466  -0.000692  -0.001586  -0.156759  -0.051154  0.303109  2.000000  
67.258361 0.006146  0.097347  -0.006454  0.975442  0.216259  -0.041785  -0.215255  0.976178  0.027231  0.046679  -0.017568  0.998755  -0.000033  -0.000505  -0.001588  -0.162117  -0.055019  0.275304  2.000000  
67.259603 0.006149  0.097348  -0.006455  0.975442  0.216254  -0.041811  -0.215255  0.976181  0.027113  0.046679  -0.017447  0.998758  0.000392  -0.000375  -0.001556  -0.163520  -0.049959  0.247883  2.000000  
67.260846 0.006152  0.097350  -0.006456  0.975442  0.216243  -0.041864  -0.215255  0.976188  0.026876  0.046679  -0.017205  0.998762  0.000792  -0.000170  -0.001528  -0.167191  -0.049094  0.225288  2.000000  
67.261849 0.006155  0.097352  -0.006457  0.975442  0.216238  -0.041890  -0.215255  0.976191  0.026758  0.046679  -0.017083  0.998764  0.001050  -0.000023  -0.001476  -0.167889  -0.044345  0.211718  2.000000  
67.263100 0.006157  0.097353  -0.006457  0.975486  0.216027  -0.041948  -0.215055  0.976242  0.026512  0.046679  -0.016841  0.998768  0.001314  0.000157  -0.001329  -0.173554  -0.043634  0.177447  2.000000  
67.264102 0.006159  0.097355  -0.006457  0.975486  0.216022  -0.041974  -0.215055  0.976245  0.026394  0.046679  -0.016720  0.998770  0.001541  0.000342  -0.001163  -0.174486  -0.043202  0.156850  2.000000  
67.265104 0.006161  0.097356  -0.006457  0.975486  0.216017  -0.042000  -0.215055  0.976248  0.026275  0.046679  -0.016599  0.998772  0.001624  0.000472  -0.001072  -0.176911  -0.038641  0.137502  2.000000  
67.266362 0.006162  0.097358  -0.006457  0.975486  0.216012  -0.042027  -0.215055  0.976252  0.026157  0.046679  -0.016478  0.998774  0.001754  0.000654  -0.000894  -0.173442  -0.038341  0.123657  2.000000  
67.267600 0.006163  0.097359  -0.006456  0.975486  0.216007  -0.042053  -0.215055  0.976255  0.026038  0.046679  -0.016357  0.998776  0.001777  0.000796  -0.000715  -0.172727  -0.037764  0.108982  2.000000  
67.268601 0.006164  0.097360  -0.006454  0.975486  0.216002  -0.042079  -0.215055  0.976258  0.025920  0.046679  -0.016235  0.998778  0.001731  0.000916  -0.000556  -0.170747  -0.033301  0.096159  2.000000  
67.269850 0.006166  0.097363  -0.006452  0.975524  0.215793  -0.042267  -0.214852  0.976308  0.025703  0.046812  -0.015993  0.998776  0.001708  0.001085  -0.000288  -0.171718  -0.023897  0.075598  2.000000  
67.270851 0.006166  0.097364  -0.006451  0.975524  0.215793  -0.042267  -0.214852  0.976308  0.025703  0.046812  -0.015993  0.998776  0.001659  0.001171  -0.000118  -0.168283  -0.019138  0.061857  2.000000  
67.272100 0.006167  0.097366  -0.006450  0.975524  0.215788  -0.042293  -0.214852  0.976311  0.025585  0.046812  -0.015872  0.998778  0.001568  0.001305  0.000100  -0.167563  -0.018722  0.047649  2.000000  
67.273362 0.006167  0.097367  -0.006449  0.975518  0.215784  -0.042450  -0.214851  0.976314  0.025495  0.046946  -0.015751  0.998773  0.001433  0.001366  0.000370  0.000000  0.000000  0.000000  2.000000  
67.274600 0.006168  0.097369  -0.006447  0.975518  0.215779  -0.042476  -0.214851  0.976317  0.025377  0.046946  -0.015629  0.998775  0.001282  0.001398  0.000517  0.000000  0.000000  0.000000  2.000000  
67.275601 0.006168  0.097371  -0.006445  0.975518  0.215779  -0.042476  -0.214851  0.976317  0.025377  0.046946  -0.015629  0.998775  0.001097  0.001400  0.000718  0.000000  0.000000  0.000000  2.000000  
67.276607 0.006168  0.097371  -0.006444  0.975512  0.215781  -0.042607  -0.214850  0.976317  0.025406  0.047080  -0.015629  0.998769  0.000923  0.001351  0.000852  0.000000  0.000000  0.000000  2.000000  
67.277848 0.006168  0.097372  -0.006441  0.975512  0.215776  -0.042633  -0.214850  0.976320  0.025287  0.047080  -0.015508  0.998771  0.000726  0.001309  0.001055  0.000000  0.000000  0.000000  2.000000  
67.278853 0.006167  0.097373  -0.006440  0.975512  0.215776  -0.042633  -0.214850  0.976320  0.025287  0.047080  -0.015508  0.998771  0.000565  0.001258  0.001155  0.000000  0.000000  0.000000  2.000000  
67.279855 0.006167  0.097374  -0.006437  0.975556  0.215575  -0.042638  -0.214649  0.976364  0.025278  0.047080  -0.015508  0.998771  0.000440  0.001193  0.001328  0.000000  0.000000  0.000000  2.000000  
67.281106 0.006167  0.097375  -0.006435  0.975556  0.215575  -0.042638  -0.214649  0.976364  0.025278  0.047080  -0.015508  0.998771  0.000305  0.001152  0.001493  0.000000  0.000000  0.000000  2.000000  
67.282363 0.006166  0.097374  -0.006432  0.975556  0.215575  -0.042638  -0.214649  0.976364  0.025278  0.047080  -0.015508  0.998771  0.000174  0.001052  0.001576  0.000000  0.000000  0.000000  2.000000  
67.283367 0.006166  0.097375  -0.006430  0.975556  0.215575  -0.042638  -0.214649  0.976364  0.025278  0.047080  -0.015508  0.998771  0.000095  0.000957  0.001656  0.000000  0.000000  0.000000  2.000000  
67.284601 0.006166  0.097375  -0.006427  0.975550  0.215577  -0.042769  -0.214648  0.976364  0.025307  0.047213  -0.015508  0.998764  0.000007  0.000810  0.001693  0.000000  0.000000  0.000000  2.000000  
67.285602 0.006166  0.097375  -0.006425  0.975550  0.215577  -0.042769  -0.214648  0.976364  0.025307  0.047213  -0.015508  0.998764  -0.000001  0.000770  0.001781  0.000000  0.000000  0.000000  2.000000  
67.286854 0.006168  0.097376  -0.006421  0.975594  0.215376  -0.042774  -0.214447  0.976408  0.025298  0.047213  -0.015508  0.998764  0.000035  0.000695  0.001952  0.000000  0.000000  0.000000  2.000000  
67.288101 0.006168  0.097376  -0.006417  0.975594  0.215376  -0.042774  -0.214447  0.976408  0.025298  0.047213  -0.015508  0.998764  0.000062  0.000642  0.002115  0.000000  0.000000  0.000000  2.000000  
67.289353 0.006170  0.097377  -0.006414  0.975594  0.215376  -0.042774  -0.214447  0.976408  0.025298  0.047213  -0.015508  0.998764  0.000138  0.000583  0.002234  0.000000  0.000000  0.000000  2.000000  
67.290363 0.006171  0.097378  -0.006411  0.975594  0.215381  -0.042748  -0.214447  0.976405  0.025417  0.047213  -0.015629  0.998763  0.000184  0.000480  0.002317  0.000000  0.000000  0.000000  2.000000  
67.291601 0.006172  0.097378  -0.006408  0.975594  0.215381  -0.042748  -0.214447  0.976405  0.025417  0.047213  -0.015629  0.998763  0.000220  0.000418  0.002407  0.000000  0.000000  0.000000  2.000000  
67.292847 0.006172  0.097378  -0.006405  0.975594  0.215381  -0.042748  -0.214447  0.976405  0.025417  0.047213  -0.015629  0.998763  0.000308  0.000353  0.002397  0.000000  0.000000  0.000000  2.000000  
67.293848 0.006173  0.097378  -0.006403  0.975594  0.215381  -0.042748  -0.214447  0.976405  0.025417  0.047213  -0.015629  0.998763  0.000376  0.000313  0.002412  0.000000  0.000000  0.000000  2.000000  
67.294851 0.006173  0.097378  -0.006401  0.975594  0.215387  -0.042722  -0.214447  0.976402  0.025535  0.047213  -0.015750  0.998761  0.000405  0.000266  0.002397  0.000000  0.000000  0.000000  2.000000  
67.296096 0.006174  0.097379  -0.006399  0.975594  0.215387  -0.042722  -0.214447  0.976402  0.025535  0.047213  -0.015750  0.998761  0.000506  0.000274  0.002390  0.000000  0.000000  0.000000  2.000000  
67.297096 0.006174  0.097379  -0.006397  0.975594  0.215392  -0.042695  -0.214447  0.976399  0.025654  0.047213  -0.015872  0.998759  0.000547  0.000300  0.002376  0.000000  0.000000  0.000000  2.000000  
67.298103 0.006175  0.097380  -0.006395  0.975638  0.215191  -0.042701  -0.214246  0.976443  0.025645  0.047213  -0.015872  0.998759  0.000603  0.000351  0.002360  0.000000  0.000000  0.000000  2.000000  
67.299354 0.006175  0.097381  -0.006393  0.975638  0.215196  -0.042675  -0.214246  0.976440  0.025763  0.047213  -0.015993  0.998757  0.000639  0.000419  0.002291  0.000000  0.000000  0.000000  2.000000  
67.300601 0.006176  0.097382  -0.006392  0.975638  0.215196  -0.042675  -0.214246  0.976440  0.025763  0.047213  -0.015993  0.998757  0.000633  0.000432  0.002210  0.000000  0.000000  0.000000  2.000000  
67.301602 0.006176  0.097383  -0.006391  0.975638  0.215201  -0.042649  -0.214246  0.976437  0.025882  0.047213  -0.016114  0.998755  0.000586  0.000463  0.002065  0.000000  0.000000  0.000000  2.000000  
67.302604 0.006177  0.097384  -0.006390  0.975638  0.215201  -0.042649  -0.214246  0.976437  0.025882  0.047213  -0.016114  0.998755  0.000546  0.000519  0.001937  0.000000  0.000000  0.000000  2.000000  
67.303850 0.006178  0.097387  -0.006388  0.975638  0.215206  -0.042622  -0.214246  0.976434  0.026000  0.047213  -0.016235  0.998753  0.000557  0.000622  0.001821  0.000000  0.000000  0.000000  2.000000  
67.304851 0.006179  0.097389  -0.006387  0.975638  0.215206  -0.042622  -0.214246  0.976434  0.026000  0.047213  -0.016235  0.998753  0.000551  0.000759  0.001691  0.000000  0.000000  0.000000  2.000000  
67.306101 0.006180  0.097391  -0.006386  0.975638  0.215211  -0.042596  -0.214246  0.976430  0.026118  0.047213  -0.016356  0.998751  0.000545  0.000863  0.001541  0.000000  0.000000  0.000000  2.000000  
67.307346 0.006180  0.097393  -0.006385  0.975594  0.215412  -0.042591  -0.214447  0.976386  0.026127  0.047213  -0.016356  0.998751  0.000577  0.001011  0.001442  0.000000  0.000000  0.000000  2.000000  
67.308354 0.006181  0.097394  -0.006384  0.975594  0.215412  -0.042591  -0.214447  0.976386  0.026127  0.047213  -0.016356  0.998751  0.000575  0.001072  0.001346  0.000000  0.000000  0.000000  2.000000  
67.309598 0.006182  0.097396  -0.006384  0.975594  0.215418  -0.042565  -0.214447  0.976383  0.026246  0.047213  -0.016477  0.998749  0.000599  0.001203  0.001218  0.000000  0.000000  0.000000  2.000000  
67.310598 0.006183  0.097397  -0.006383  0.975594  0.215418  -0.042565  -0.214447  0.976383  0.026246  0.047213  -0.016477  0.998749  0.000648  0.001267  0.001119  0.000000  0.000000  0.000000  2.000000  
67.311600 0.006185  0.097399  -0.006382  0.975594  0.215418  -0.042565  -0.214447  0.976383  0.026246  0.047213  -0.016477  0.998749  0.000747  0.001411  0.001050  0.000000  0.000000  0.000000  2.000000  
67.312601 0.006187  0.097401  -0.006382  0.975594  0.215423  -0.042539  -0.214447  0.976380  0.026364  0.047213  -0.016598  0.998747  0.000822  0.001499  0.000933  0.000000  0.000000  0.000000  2.000000  
67.313848 0.006189  0.097403  -0.006382  0.975594  0.215423  -0.042539  -0.214447  0.976380  0.026364  0.047213  -0.016598  0.998747  0.000908  0.001543  0.000814  0.000000  0.000000  0.000000  2.000000  
67.314853 0.006191  0.097405  -0.006382  0.975594  0.215428  -0.042513  -0.214447  0.976377  0.026483  0.047213  -0.016720  0.998745  0.001006  0.001610  0.000710  0.000000  0.000000  0.000000  2.000000  
67.316100 0.006193  0.097408  -0.006383  0.975594  0.215428  -0.042513  -0.214447  0.976377  0.026483  0.047213  -0.016720  0.998745  0.001168  0.001680  0.000569  0.000000  0.000000  0.000000  2.000000  
67.317353 0.006196  0.097410  -0.006383  0.975594  0.215433  -0.042486  -0.214447  0.976373  0.026601  0.047213  -0.016841  0.998743  0.001276  0.001726  0.000475  0.000000  0.000000  0.000000  2.000000  
67.318354 0.006198  0.097412  -0.006383  0.975594  0.215433  -0.042486  -0.214447  0.976373  0.026601  0.047213  -0.016841  0.998743  0.001384  0.001698  0.000346  0.000000  0.000000  0.000000  2.000000  
67.319676 0.006201  0.097414  -0.006384  0.975594  0.215438  -0.042460  -0.214447  0.976370  0.026719  0.047213  -0.016962  0.998741  0.001517  0.001666  0.000229  0.000000  0.000000  0.000000  2.000000  
67.320852 0.006204  0.097415  -0.006384  0.975594  0.215438  -0.042460  -0.214447  0.976370  0.026719  0.047213  -0.016962  0.998741  0.001664  0.001674  0.000119  0.000000  0.000000  0.000000  2.000000  
67.321853 0.006206  0.097417  -0.006385  0.975594  0.215443  -0.042434  -0.214447  0.976367  0.026838  0.047213  -0.017083  0.998739  0.001752  0.001670  0.000013  0.000000  0.000000  0.000000  2.000000  
67.323096 0.006209  0.097418  -0.006385  0.975594  0.215443  -0.042434  -0.214447  0.976367  0.026838  0.047213  -0.017083  0.998739  0.001875  0.001655  0.000001  0.000000  0.000000  0.000000  2.000000  
67.324099 0.006212  0.097420  -0.006384  0.975594  0.215443  -0.042434  -0.214447  0.976367  0.026838  0.047213  -0.017083  0.998739  0.002008  0.001690  -0.000007  0.000000  0.000000  0.000000  2.000000  
67.325348 0.006214  0.097422  -0.006384  0.975550  0.215650  -0.042403  -0.214648  0.976319  0.026965  0.047213  -0.017204  0.998737  0.002096  0.001645  -0.000039  0.000000  0.000000  0.000000  2.000000  
67.326353 0.006217  0.097423  -0.006383  0.975550  0.215650  -0.042403  -0.214648  0.976319  0.026965  0.047213  -0.017204  0.998737  0.002131  0.001596  -0.000075  0.000000  0.000000  0.000000  2.000000  
67.327596 0.006220  0.097425  -0.006383  0.975550  0.215650  -0.042403  -0.214648  0.976319  0.026965  0.047213  -0.017204  0.998737  0.002205  0.001556  -0.000072  0.000000  0.000000  0.000000  2.000000  
67.328600 0.006222  0.097426  -0.006384  0.975544  0.215657  -0.042507  -0.214646  0.976315  0.027112  0.047347  -0.017325  0.998728  0.002263  0.001556  -0.000098  0.000000  0.000000  0.000000  2.000000  
67.329846 0.006224  0.097428  -0.006384  0.975544  0.215657  -0.042507  -0.214646  0.976315  0.027112  0.047347  -0.017325  0.998728  0.002256  0.001485  -0.000111  0.000000  0.000000  0.000000  2.000000  
67.330853 0.006227  0.097429  -0.006384  0.975499  0.215863  -0.042475  -0.214847  0.976268  0.027239  0.047347  -0.017446  0.998726  0.002259  0.001460  -0.000090  0.000000  0.000000  0.000000  2.000000  
67.332105 0.006229  0.097430  -0.006384  0.975499  0.215863  -0.042475  -0.214847  0.976268  0.027239  0.047347  -0.017446  0.998726  0.002247  0.001387  -0.000092  0.000000  0.000000  0.000000  2.000000  
67.333367 0.006231  0.097432  -0.006384  0.975499  0.215868  -0.042449  -0.214847  0.976264  0.027358  0.047347  -0.017567  0.998724  0.002191  0.001362  -0.000044  0.000000  0.000000  0.000000  2.000000  
67.334601 0.006233  0.097433  -0.006384  0.975455  0.216074  -0.042417  -0.215048  0.976217  0.027485  0.047347  -0.017689  0.998722  0.002146  0.001297  -0.000054  0.000000  0.000000  0.000000  2.000000  
67.335603 0.006234  0.097434  -0.006385  0.975455  0.216074  -0.042417  -0.215048  0.976217  0.027485  0.047347  -0.017689  0.998722  0.002057  0.001231  -0.000048  0.000000  0.000000  0.000000  2.000000  
67.336604 0.006236  0.097434  -0.006385  0.975449  0.216082  -0.042521  -0.215047  0.976213  0.027632  0.047481  -0.017810  0.998713  0.002023  0.001182  -0.000025  0.000000  0.000000  0.000000  2.000000  
67.337850 0.006238  0.097435  -0.006385  0.975405  0.216283  -0.042516  -0.215247  0.976168  0.027641  0.047481  -0.017810  0.998713  0.001942  0.001149  -0.000042  0.000000  0.000000  0.000000  2.000000  
67.338850 0.006239  0.097436  -0.006385  0.975405  0.216283  -0.042516  -0.215247  0.976168  0.027641  0.047481  -0.017810  0.998713  0.001853  0.001063  -0.000103  0.000000  0.000000  0.000000  2.000000  
67.340102 0.006241  0.097437  -0.006386  0.975360  0.216489  -0.042484  -0.215448  0.976120  0.027768  0.047481  -0.017931  0.998711  0.001772  0.001030  -0.000120  0.000000  0.000000  0.000000  2.000000  
67.341352 0.006242  0.097438  -0.006385  0.975354  0.216491  -0.042614  -0.215447  0.976120  0.027797  0.047614  -0.017931  0.998705  0.001714  0.000985  -0.000138  0.000000  0.000000  0.000000  2.000000  
67.342597 0.006244  0.097439  -0.006386  0.975310  0.216697  -0.042582  -0.215648  0.976072  0.027924  0.047614  -0.018052  0.998703  0.001619  0.000942  -0.000144  0.000000  0.000000  0.000000  2.000000  
67.343598 0.006246  0.097440  -0.006386  0.975303  0.216700  -0.042713  -0.215646  0.976071  0.027953  0.047748  -0.018052  0.998696  0.001593  0.000927  -0.000141  0.000000  0.000000  0.000000  2.000000  
67.344604 0.006247  0.097441  -0.006386  0.975259  0.216906  -0.042681  -0.215847  0.976023  0.028080  0.047748  -0.018173  0.998694  0.001538  0.000909  -0.000160  0.000000  0.000000  0.000000  2.000000  
67.345848 0.006249  0.097442  -0.006386  0.975208  0.217109  -0.042805  -0.216046  0.975978  0.028118  0.047882  -0.018173  0.998688  0.001510  0.000875  -0.000115  0.000000  0.000000  0.000000  2.000000  
67.346851 0.006251  0.097443  -0.006386  0.975208  0.217109  -0.042805  -0.216046  0.975978  0.028118  0.047882  -0.018173  0.998688  0.001451  0.000818  -0.000155  0.000000  0.000000  0.000000  2.000000  
67.347854 0.006252  0.097443  -0.006386  0.975158  0.217318  -0.042904  -0.216246  0.975929  0.028274  0.048015  -0.018294  0.998679  0.001432  0.000806  -0.000144  0.000000  0.000000  0.000000  2.000000  
67.349101 0.006254  0.097444  -0.006387  0.975158  0.217318  -0.042904  -0.216246  0.975929  0.028274  0.048015  -0.018294  0.998679  0.001401  0.000739  -0.000186  0.000000  0.000000  0.000000  2.000000  
67.350104 0.006255  0.097444  -0.006387  0.975107  0.217521  -0.043028  -0.216445  0.975884  0.028312  0.048149  -0.018294  0.998673  0.001394  0.000723  -0.000210  0.000000  0.000000  0.000000  2.000000  
67.351352 0.006256  0.097445  -0.006388  0.975062  0.217727  -0.042996  -0.216646  0.975836  0.028439  0.048149  -0.018415  0.998670  0.001384  0.000708  -0.000240  0.000000  0.000000  0.000000  2.000000  
67.352353 0.006258  0.097445  -0.006389  0.975011  0.217930  -0.043121  -0.216845  0.975791  0.028477  0.048283  -0.018415  0.998664  0.001396  0.000706  -0.000274  0.000000  0.000000  0.000000  2.000000  
67.353365 0.006259  0.097446  -0.006390  0.975011  0.217930  -0.043121  -0.216845  0.975791  0.028477  0.048283  -0.018415  0.998664  0.001404  0.000705  -0.000377  0.000000  0.000000  0.000000  2.000000  
67.354602 0.006262  0.097447  -0.006391  0.974960  0.218139  -0.043219  -0.217044  0.975742  0.028633  0.048416  -0.018536  0.998655  0.001439  0.000678  -0.000436  0.000000  0.000000  0.000000  2.000000  
67.355852 0.006264  0.097448  -0.006393  0.974909  0.218342  -0.043343  -0.217244  0.975696  0.028671  0.048550  -0.018535  0.998649  0.001443  0.000698  -0.000480  0.000000  0.000000  0.000000  2.000000  
67.357096 0.006266  0.097449  -0.006394  0.974858  0.218545  -0.043468  -0.217443  0.975651  0.028709  0.048683  -0.018535  0.998642  0.001506  0.000683  -0.000577  0.000000  0.000000  0.000000  2.000000  
67.358098 0.006268  0.097450  -0.006395  0.974807  0.218749  -0.043592  -0.217642  0.975605  0.028747  0.048817  -0.018535  0.998636  0.001531  0.000678  -0.000644  0.000000  0.000000  0.000000  2.000000  
67.359102 0.006270  0.097451  -0.006397  0.974762  0.218955  -0.043560  -0.217843  0.975557  0.028874  0.048817  -0.018656  0.998633  0.001552  0.000655  -0.000744  0.000000  0.000000  0.000000  2.000000  
67.360177 0.006272  0.097451  -0.006397  0.974711  0.219158  -0.043684  -0.218042  0.975511  0.028912  0.048951  -0.018656  0.998627  0.001598  0.000675  -0.000788  0.000000  0.000000  0.000000  2.000000  
67.361347 0.006274  0.097453  -0.006400  0.974660  0.219361  -0.043809  -0.218241  0.975465  0.028951  0.049084  -0.018656  0.998620  0.001629  0.000657  -0.000914  0.000000  0.000000  0.000000  2.000000  
67.362361 0.006276  0.097454  -0.006401  0.974608  0.219565  -0.043933  -0.218441  0.975420  0.028989  0.049218  -0.018656  0.998614  0.001701  0.000713  -0.000985  0.000000  0.000000  0.000000  2.000000  
67.363365 0.006279  0.097454  -0.006402  0.974557  0.219768  -0.044057  -0.218640  0.975374  0.029027  0.049352  -0.018656  0.998607  0.001756  0.000737  -0.001033  0.000000  0.000000  0.000000  2.000000  
67.364622 0.006281  0.097455  -0.006404  0.974505  0.219971  -0.044182  -0.218839  0.975328  0.029065  0.049485  -0.018656  0.998601  0.001784  0.000751  -0.001145  0.000000  0.000000  0.000000  2.000000  
67.365689 0.006283  0.097456  -0.006405  0.974454  0.220174  -0.044306  -0.219038  0.975282  0.029104  0.049619  -0.018656  0.998594  0.001868  0.000778  -0.001157  0.000000  0.000000  0.000000  2.000000  
67.366853 0.006286  0.097457  -0.006407  0.974396  0.220380  -0.044561  -0.219236  0.975236  0.029172  0.049886  -0.018655  0.998581  0.001913  0.000831  -0.001187  0.000000  0.000000  0.000000  2.000000  
67.367854 0.006288  0.097458  -0.006409  0.974344  0.220583  -0.044685  -0.219435  0.975190  0.029210  0.050020  -0.018655  0.998574  0.001960  0.000836  -0.001282  0.000000  0.000000  0.000000  2.000000  
67.369101 0.006291  0.097460  -0.006411  0.974292  0.220786  -0.044810  -0.219634  0.975144  0.029249  0.050153  -0.018655  0.998567  0.002019  0.000922  -0.001338  0.000000  0.000000  0.000000  2.000000  
67.370363 0.006294  0.097462  -0.006414  0.974189  0.221193  -0.045058  -0.220032  0.975052  0.029326  0.050421  -0.018655  0.998554  0.002116  0.000990  -0.001441  0.000000  0.000000  0.000000  2.000000  
67.371601 0.006297  0.097464  -0.006416  0.974137  0.221396  -0.045182  -0.220231  0.975006  0.029365  0.050554  -0.018655  0.998547  0.002179  0.001023  -0.001478  0.000000  0.000000  0.000000  2.000000  
67.372603 0.006300  0.097465  -0.006419  0.974039  0.221800  -0.045301  -0.220631  0.974914  0.029413  0.050688  -0.018655  0.998540  0.002222  0.001080  -0.001590  0.028884  0.100229  0.174629  2.000000  
67.373848 0.006303  0.097467  -0.006422  0.973981  0.222005  -0.045555  -0.220828  0.974867  0.029481  0.050955  -0.018654  0.998527  0.002252  0.001095  -0.001704  0.028922  0.104737  0.174731  2.000000  
67.374850 0.006306  0.097469  -0.006424  0.973876  0.222412  -0.045804  -0.221226  0.974774  0.029559  0.051222  -0.018654  0.998513  0.002313  0.001167  -0.001814  0.025399  0.112781  0.187586  2.000000  
67.376100 0.006309  0.097470  -0.006427  0.973824  0.222615  -0.045928  -0.221425  0.974728  0.029598  0.051356  -0.018654  0.998506  0.002355  0.001184  -0.001852  0.025580  0.113473  0.188736  2.000000  
67.377352 0.006313  0.097472  -0.006430  0.973719  0.223015  -0.046203  -0.221823  0.974639  0.029558  0.051623  -0.018533  0.998495  0.002438  0.001209  -0.001951  0.021880  0.117829  0.195678  2.000000  
67.378360 0.006316  0.097473  -0.006433  0.973614  0.223421  -0.046451  -0.222221  0.974546  0.029637  0.051891  -0.018532  0.998481  0.002466  0.001224  -0.002061  0.018520  0.126548  0.209658  2.000000  
67.379599 0.006319  0.097474  -0.006435  0.973509  0.223828  -0.046700  -0.222619  0.974453  0.029716  0.052158  -0.018532  0.998467  0.002523  0.001248  -0.002111  0.018753  0.134397  0.215107  2.000000  
67.380600 0.006322  0.097476  -0.006438  0.973450  0.224033  -0.046954  -0.222816  0.974405  0.029785  0.052425  -0.018532  0.998453  0.002579  0.001300  -0.002177  0.018785  0.138780  0.215064  2.000000  
67.381604 0.006325  0.097477  -0.006440  0.973351  0.224437  -0.047072  -0.223215  0.974312  0.029834  0.052559  -0.018532  0.998446  0.002631  0.001313  -0.002246  0.015574  0.144152  0.230748  2.000000  
67.382850 0.006329  0.097478  -0.006443  0.973239  0.224845  -0.047450  -0.223611  0.974218  0.029943  0.052959  -0.018531  0.998425  0.002722  0.001343  -0.002263  0.015857  0.151786  0.235908  2.000000  
67.383854 0.006332  0.097480  -0.006445  0.973133  0.225251  -0.047698  -0.224009  0.974125  0.030023  0.053227  -0.018531  0.998410  0.002788  0.001340  -0.002325  0.016384  0.157386  0.244812  2.000000  
67.385098 0.006336  0.097482  -0.006448  0.973026  0.225657  -0.047946  -0.224406  0.974031  0.030102  0.053494  -0.018531  0.998396  0.002809  0.001339  -0.002368  0.012606  0.160422  0.249762  2.000000  
67.386104 0.006339  0.097483  -0.006451  0.972959  0.225865  -0.048331  -0.224602  0.973982  0.030202  0.053895  -0.018530  0.998375  0.002852  0.001341  -0.002363  0.012759  0.175230  0.252063  2.000000  
67.387352 0.006343  0.097485  -0.006454  0.972806  0.226471  -0.048572  -0.225199  0.973842  0.030292  0.054162  -0.018530  0.998360  0.002921  0.001344  -0.002409  0.013521  0.179466  0.265956  2.000000  
67.388353 0.006346  0.097486  -0.006456  0.972692  0.226879  -0.048950  -0.225595  0.973747  0.030403  0.054563  -0.018530  0.998338  0.002932  0.001323  -0.002402  0.014189  0.186664  0.277651  2.000000  
67.389600 0.006350  0.097488  -0.006459  0.972578  0.227281  -0.049355  -0.225991  0.973655  0.030396  0.054964  -0.018408  0.998319  0.002972  0.001348  -0.002414  0.006227  0.197198  0.280106  2.000000  
67.390846 0.006354  0.097490  -0.006463  0.972424  0.227887  -0.049597  -0.226588  0.973513  0.030487  0.055231  -0.018408  0.998304  0.003031  0.001348  -0.002445  0.007305  0.199665  0.298456  2.000000  
67.391850 0.006357  0.097491  -0.006465  0.972308  0.228295  -0.049975  -0.226983  0.973418  0.030598  0.055632  -0.018408  0.998282  0.003030  0.001348  -0.002444  0.007744  0.208457  0.305470  2.000000  
67.393096 0.006361  0.097493  -0.006468  0.972146  0.228904  -0.050346  -0.227579  0.973275  0.030720  0.056032  -0.018407  0.998259  0.003073  0.001356  -0.002422  0.008547  0.217110  0.319318  2.000000  
67.394360 0.006365  0.097495  -0.006472  0.971984  0.229512  -0.050717  -0.228174  0.973132  0.030843  0.056433  -0.018407  0.998237  0.003121  0.001377  -0.002461  0.009074  0.227895  0.329212  2.000000  
67.395598 0.006370  0.097496  -0.006475  0.971813  0.230123  -0.051218  -0.228767  0.972988  0.030997  0.056967  -0.018406  0.998206  0.003176  0.001383  -0.002473  0.009864  0.239749  0.341309  2.000000  
67.396602 0.006373  0.097497  -0.006477  0.971657  0.230728  -0.051459  -0.229364  0.972844  0.031090  0.057235  -0.018406  0.998191  0.003185  0.001361  -0.002464  0.010639  0.243314  0.354183  2.000000  
67.397868 0.006377  0.097500  -0.006480  0.971437  0.231539  -0.051953  -0.230157  0.972652  0.031255  0.057769  -0.018405  0.998160  0.003226  0.001405  -0.002513  0.011992  0.254027  0.378136  2.000000  
67.399100 0.006382  0.097501  -0.006483  0.971265  0.232149  -0.052453  -0.230749  0.972506  0.031411  0.058303  -0.018405  0.998129  0.003280  0.001410  -0.002519  0.012754  0.264890  0.388716  2.000000  
67.400350 0.006386  0.097503  -0.006486  0.971052  0.232957  -0.052817  -0.231544  0.972313  0.031547  0.058704  -0.018404  0.998106  0.003306  0.001419  -0.002462  0.013637  0.269208  0.402663  2.000000  
67.401353 0.006390  0.097505  -0.006488  0.970885  0.233565  -0.053187  -0.232138  0.972167  0.031673  0.059105  -0.018404  0.998082  0.003348  0.001445  -0.002468  0.014610  0.280067  0.419816  2.000000  
67.402362 0.006394  0.097507  -0.006490  0.970663  0.234375  -0.053681  -0.232930  0.971972  0.031841  0.059639  -0.018403  0.998050  0.003427  0.001477  -0.002450  0.015509  0.293230  0.433771  2.000000  
67.403364 0.006398  0.097509  -0.006493  0.970496  0.234982  -0.054050  -0.233524  0.971825  0.031968  0.060039  -0.018403  0.998026  0.003444  0.001509  -0.002395  0.016259  0.299544  0.444156  2.000000  
67.404601 0.006402  0.097511  -0.006496  0.970272  0.235792  -0.054543  -0.234315  0.971629  0.032138  0.060574  -0.018402  0.997994  0.003498  0.001514  -0.002401  0.017585  0.308092  0.464881  2.000000  
67.405851 0.006407  0.097513  -0.006499  0.969998  0.236802  -0.055029  -0.235306  0.971384  0.032320  0.061108  -0.018402  0.997962  0.003569  0.001569  -0.002394  0.019085  0.319269  0.489637  2.000000  
