1-Time 2-Px 3-Py 4-Pz 5-R11 6-R21 7-R31 8-R12 9-R22 10-R32 11-R13 12-R23 13-R33 14-Vx 15-Vy 16-Vz 17-Wx 18-Wy 19-Wz 20-state 21-PR11 22-PR21 23-PR31 24-PR12 25-PR22 26-PR32 27-PR13 28-PR23 29-PR33 
56.677651 0.001685  0.092099  -0.003913  0.989731  0.141492  0.020320  -0.141962  0.989583  0.023918  -0.016724  -0.026557  0.999507  -0.000004  -0.000033  -0.000085  0.000000  0.000000  0.000000  2.000000  
56.678654 0.001685  0.092099  -0.003913  0.989702  0.141695  0.020325  -0.142165  0.989554  0.023914  -0.016724  -0.026557  0.999507  -0.000004  -0.000033  -0.000085  0.000000  0.000000  0.000000  2.000000  
56.679654 0.001685  0.092098  -0.003914  0.989643  0.142103  0.020335  -0.142573  0.989496  0.023906  -0.016724  -0.026557  0.999507  -0.000007  -0.000108  -0.000117  0.000000  0.000000  0.000000  2.000000  
56.680902 0.001684  0.092095  -0.003914  0.989494  0.143118  0.020492  -0.143591  0.989349  0.023865  -0.016858  -0.026557  0.999505  -0.000056  -0.000281  -0.000169  0.000000  0.000000  0.000000  2.000000  
56.681902 0.001683  0.092093  -0.003915  0.989400  0.143719  0.020788  -0.144202  0.989259  0.023934  -0.017125  -0.026678  0.999497  -0.000105  -0.000455  -0.000220  0.000000  0.000000  0.000000  2.000000  
56.682913 0.001684  0.092090  -0.003915  0.989341  0.144124  0.020816  -0.144609  0.989197  0.024046  -0.017125  -0.026799  0.999494  -0.000097  -0.000584  -0.000186  0.000000  0.000000  0.000000  2.000000  
56.684153 0.001683  0.092088  -0.003915  0.989251  0.144735  0.020831  -0.145220  0.989107  0.024033  -0.017125  -0.026799  0.999494  -0.000110  -0.000763  -0.000210  0.000000  0.000000  0.000000  2.000000  
56.685156 0.001683  0.092086  -0.003915  0.989134  0.145550  0.020736  -0.146035  0.988985  0.024155  -0.016992  -0.026921  0.999493  -0.000112  -0.000879  -0.000190  0.000000  0.000000  0.000000  2.000000  
56.686157 0.001684  0.092085  -0.003914  0.988985  0.146569  0.020646  -0.147053  0.988831  0.024273  -0.016858  -0.027042  0.999492  -0.000103  -0.000943  -0.000126  0.017476  -0.009119  0.172748  2.000000  
56.687159 0.001684  0.092084  -0.003914  0.988835  0.147591  0.020539  -0.148071  0.988679  0.024272  -0.016724  -0.027042  0.999494  -0.000104  -0.001060  -0.000106  0.016909  -0.005549  0.207436  2.000000  
56.688411 0.001684  0.092081  -0.003915  0.988621  0.149013  0.020592  -0.149496  0.988462  0.024362  -0.016724  -0.027163  0.999491  -0.000102  -0.001232  -0.000160  0.020171  -0.006858  0.255788  2.000000  
56.689413 0.001685  0.092080  -0.003916  0.988464  0.150024  0.020767  -0.150514  0.988306  0.024441  -0.016858  -0.027285  0.999486  -0.000047  -0.001328  -0.000185  0.023654  -0.012299  0.290298  2.000000  
56.690417 0.001686  0.092079  -0.003915  0.988275  0.151239  0.020948  -0.151734  0.988117  0.024515  -0.016992  -0.027406  0.999480  0.000026  -0.001394  -0.000157  0.027001  -0.017922  0.331542  2.000000  
56.691656 0.001687  0.092078  -0.003912  0.988022  0.152860  0.021139  -0.153361  0.987864  0.024579  -0.017125  -0.027527  0.999474  0.000134  -0.001444  0.000028  0.030130  -0.023939  0.386889  2.000000  
56.692657 0.001688  0.092076  -0.003911  0.987829  0.154076  0.021302  -0.154581  0.987675  0.024533  -0.017259  -0.027527  0.999472  0.000239  -0.001526  0.000128  0.029402  -0.029557  0.428306  2.000000  
56.693905 0.001689  0.092073  -0.003910  0.987573  0.155700  0.021361  -0.156208  0.987417  0.024617  -0.017259  -0.027648  0.999469  0.000266  -0.001733  0.000189  0.032533  -0.031075  0.483560  2.000000  
56.694905 0.001690  0.092070  -0.003910  0.987380  0.156917  0.021410  -0.157428  0.987221  0.024711  -0.017259  -0.027769  0.999465  0.000401  -0.001788  0.000309  0.035904  -0.032229  0.525042  2.000000  
56.695907 0.001690  0.092067  -0.003908  0.987187  0.158137  0.021328  -0.158647  0.987023  0.024825  -0.017125  -0.027891  0.999464  0.000455  -0.001871  0.000412  0.039311  -0.028893  0.566628  2.000000  
56.697158 0.001692  0.092062  -0.003906  0.986955  0.159553  0.021515  -0.160070  0.986792  0.024893  -0.017259  -0.028012  0.999459  0.000572  -0.001983  0.000660  0.042526  -0.034740  0.614913  2.000000  
56.698405 0.001693  0.092056  -0.003904  0.986721  0.160969  0.021702  -0.161491  0.986558  0.024960  -0.017393  -0.028133  0.999453  0.000652  -0.002231  0.000771  0.045737  -0.040595  0.663228  2.000000  
56.699407 0.001695  0.092051  -0.003903  0.986485  0.162384  0.021890  -0.162913  0.986323  0.025026  -0.017527  -0.028254  0.999447  0.000788  -0.002459  0.000837  0.048938  -0.046454  0.711494  2.000000  
56.700657 0.001699  0.092045  -0.003902  0.986213  0.164002  0.022083  -0.164537  0.986052  0.025088  -0.017661  -0.028375  0.999441  0.001015  -0.002738  0.000860  0.052019  -0.052512  0.766748  2.000000  
56.701909 0.001701  0.092038  -0.003901  0.985972  0.165414  0.022291  -0.165958  0.985809  0.025273  -0.017794  -0.028618  0.999432  0.001186  -0.003113  0.000885  0.058800  -0.057956  0.808369  2.000000  
56.703157 0.001703  0.092030  -0.003901  0.985732  0.166831  0.022348  -0.167378  0.985567  0.025360  -0.017794  -0.028739  0.999429  0.001327  -0.003449  0.000943  0.058443  -0.059866  0.863356  2.000000  
56.704160 0.001705  0.092023  -0.003901  0.985557  0.167839  0.022526  -0.168392  0.985392  0.025434  -0.017928  -0.028860  0.999423  0.001406  -0.003821  0.000947  0.061881  -0.065391  0.898072  2.000000  
56.705191 0.001707  0.092016  -0.003901  0.985346  0.169050  0.022710  -0.169609  0.985181  0.025503  -0.018062  -0.028981  0.999417  0.001470  -0.004262  0.000936  0.065101  -0.071014  0.938383  2.000000  
56.706418 0.001710  0.092007  -0.003901  0.985098  0.170463  0.022899  -0.171029  0.984934  0.025567  -0.018196  -0.029102  0.999411  0.001542  -0.004828  0.000792  0.068294  -0.076940  0.987031  2.000000  
56.707656 0.001711  0.091997  -0.003901  0.984884  0.171673  0.023083  -0.172245  0.984721  0.025635  -0.018329  -0.029224  0.999405  0.001534  -0.005251  0.000714  0.071614  -0.082694  1.028934  2.000000  
56.708656 0.001712  0.091989  -0.003901  0.984703  0.172679  0.023262  -0.173258  0.984541  0.025708  -0.018463  -0.029345  0.999399  0.001543  -0.005659  0.000640  0.075131  -0.088022  1.056423  2.000000  
56.709676 0.001712  0.091982  -0.003900  0.984555  0.173482  0.023546  -0.174068  0.984400  0.025642  -0.018731  -0.029345  0.999394  0.001505  -0.005987  0.000629  0.074818  -0.097141  1.062395  2.000000  
56.710905 0.001712  0.091972  -0.003900  0.984371  0.174488  0.023836  -0.175081  0.984222  0.025571  -0.018998  -0.029344  0.999389  0.001414  -0.006326  0.000559  0.074585  -0.097209  1.063129  2.000000  
56.711906 0.001711  0.091964  -0.003900  0.984224  0.175291  0.024010  -0.175891  0.984076  0.025647  -0.019132  -0.029466  0.999383  0.001304  -0.006668  0.000416  0.074190  -0.097724  1.076921  2.000000  
56.712920 0.001709  0.091955  -0.003899  0.984076  0.176098  0.024163  -0.176701  0.983932  0.025604  -0.019266  -0.029465  0.999380  0.001117  -0.006919  0.000386  0.069760  -0.102630  1.090163  2.000000  
56.714152 0.001707  0.091944  -0.003898  0.983925  0.176900  0.024447  -0.177510  0.983788  0.025536  -0.019533  -0.029465  0.999375  0.000780  -0.007208  0.000342  0.068947  -0.110941  1.088294  2.000000  
56.715417 0.001703  0.091934  -0.003899  0.983776  0.177707  0.024600  -0.178320  0.983642  0.025492  -0.019667  -0.029465  0.999372  0.000307  -0.007543  0.000173  0.065028  -0.119726  1.081145  2.000000  
56.716654 0.001698  0.091923  -0.003900  0.983660  0.178306  0.024879  -0.178926  0.983534  0.025429  -0.019935  -0.029465  0.999367  -0.000188  -0.007790  0.000103  0.061363  -0.137043  1.060065  2.000000  
56.717654 0.001694  0.091914  -0.003899  0.983547  0.178910  0.025026  -0.179533  0.983424  0.025390  -0.020068  -0.029465  0.999364  -0.000585  -0.007930  0.000096  0.057511  -0.141200  1.046382  2.000000  
56.718902 0.001688  0.091903  -0.003900  0.983433  0.179513  0.025173  -0.180140  0.983314  0.025350  -0.020202  -0.029465  0.999362  -0.001107  -0.008120  0.000073  0.053849  -0.140518  1.019177  2.000000  
56.719902 0.001683  0.091894  -0.003901  0.983354  0.179913  0.025425  -0.180544  0.983245  0.025172  -0.020470  -0.029344  0.999360  -0.001621  -0.008252  0.000029  0.046066  -0.144190  0.991535  2.000000  
56.720908 0.001676  0.091884  -0.003903  0.983274  0.180311  0.025698  -0.180948  0.983172  0.025113  -0.020737  -0.029343  0.999354  -0.002167  -0.008436  -0.000118  0.046371  -0.147822  0.963650  2.000000  
56.722159 0.001667  0.091870  -0.003906  0.983157  0.180913  0.025955  -0.181554  0.983065  0.024930  -0.021005  -0.029222  0.999352  -0.002977  -0.008742  -0.000405  0.039204  -0.152378  0.930094  2.000000  
56.723408 0.001656  0.091857  -0.003911  0.983073  0.181306  0.026359  -0.181958  0.982992  0.024846  -0.021406  -0.029222  0.999344  -0.003715  -0.008995  -0.000700  0.035349  -0.163734  0.888585  2.000000  
56.724409 0.001647  0.091846  -0.003915  0.982996  0.181710  0.026479  -0.182362  0.982921  0.024692  -0.021540  -0.029100  0.999344  -0.004332  -0.009213  -0.000939  0.031744  -0.167199  0.860161  2.000000  
56.725419 0.001638  0.091835  -0.003919  0.982915  0.182108  0.026752  -0.182766  0.982848  0.024632  -0.021807  -0.029100  0.999339  -0.005035  -0.009436  -0.001277  0.028535  -0.181073  0.832010  2.000000  
56.726659 0.001626  0.091822  -0.003924  0.982874  0.182309  0.026866  -0.182967  0.982814  0.024483  -0.021941  -0.028979  0.999339  -0.005772  -0.009616  -0.001661  0.021090  -0.179923  0.790657  2.000000  
56.727905 0.001613  0.091809  -0.003931  0.982831  0.182507  0.027112  -0.183169  0.982781  0.024309  -0.022209  -0.028858  0.999337  -0.006382  -0.009718  -0.002110  0.013417  -0.186575  0.750384  2.000000  
56.728908 0.001603  0.091799  -0.003936  0.982787  0.182705  0.027358  -0.183370  0.982748  0.024135  -0.022476  -0.028736  0.999334  -0.007045  -0.009851  -0.002556  0.002099  -0.191123  0.707410  2.000000  
56.730155 0.001589  0.091786  -0.003943  0.982705  0.183106  0.027608  -0.183773  0.982677  0.023955  -0.022744  -0.028615  0.999332  -0.007731  -0.010016  -0.002989  -0.005406  -0.189936  0.665899  2.000000  
56.731431 0.001575  0.091773  -0.003951  0.982662  0.183304  0.027854  -0.183975  0.982643  0.023781  -0.023011  -0.028493  0.999329  -0.008329  -0.010121  -0.003455  -0.012695  -0.192890  0.616844  2.000000  
56.732654 0.001561  0.091761  -0.003958  0.982618  0.183502  0.028099  -0.184176  0.982610  0.023607  -0.023279  -0.028372  0.999326  -0.008932  -0.010231  -0.003962  -0.024311  -0.201109  0.582568  2.000000  
56.733654 0.001550  0.091751  -0.003964  0.982615  0.183505  0.028186  -0.184175  0.982616  0.023344  -0.023413  -0.028129  0.999330  -0.009350  -0.010244  -0.004297  -0.031716  -0.198652  0.550494  2.000000  
56.734656 0.001539  0.091742  -0.003969  0.982611  0.183505  0.028296  -0.184175  0.982620  0.023200  -0.023546  -0.028008  0.999330  -0.009720  -0.010261  -0.004636  -0.038975  -0.201874  0.509036  2.000000  
56.735658 0.001528  0.091733  -0.003975  0.982608  0.183505  0.028405  -0.184174  0.982623  0.023056  -0.023680  -0.027887  0.999331  -0.009992  -0.010225  -0.004840  -0.046273  -0.200712  0.467902  2.000000  
56.736905 0.001515  0.091720  -0.003984  0.982564  0.183707  0.028628  -0.184375  0.982592  0.022763  -0.023948  -0.027644  0.999331  -0.010309  -0.010200  -0.005228  -0.062050  -0.205530  0.423320  2.000000  
56.737909 0.001503  0.091709  -0.003991  0.982561  0.183706  0.028737  -0.184375  0.982596  0.022619  -0.024081  -0.027523  0.999331  -0.010521  -0.010184  -0.005488  -0.065441  -0.204490  0.388685  2.000000  
56.738911 0.001492  0.091699  -0.003999  0.982555  0.183703  0.028977  -0.184373  0.982600  0.022451  -0.024349  -0.027402  0.999328  -0.010646  -0.010107  -0.005761  -0.073095  -0.203675  0.360969  2.000000  
56.740155 0.001479  0.091686  -0.004009  0.982548  0.183703  0.029196  -0.184372  0.982607  0.022163  -0.024616  -0.027159  0.999328  -0.010750  -0.010084  -0.006079  -0.080071  -0.205672  0.330521  2.000000  
56.741156 0.001469  0.091677  -0.004016  0.982542  0.183699  0.029436  -0.184371  0.982611  0.021994  -0.024884  -0.027038  0.999325  -0.010745  -0.010036  -0.006299  -0.083606  -0.204887  0.303111  2.000000  
56.742404 0.001458  0.091665  -0.004026  0.982538  0.183699  0.029545  -0.184370  0.982614  0.021851  -0.025018  -0.026916  0.999325  -0.010689  -0.009988  -0.006521  -0.090986  -0.199442  0.268915  2.000000  
56.743412 0.001449  0.091654  -0.004034  0.982532  0.183696  0.029786  -0.184369  0.982618  0.021682  -0.025285  -0.026795  0.999321  -0.010606  -0.009972  -0.006760  -0.095092  -0.204585  0.236435  2.000000  
56.744656 0.001438  0.091643  -0.004044  0.982528  0.183696  0.029895  -0.184368  0.982621  0.021538  -0.025419  -0.026674  0.999321  -0.010416  -0.009895  -0.006972  -0.098765  -0.199524  0.215863  2.000000  
56.745656 0.001429  0.091632  -0.004054  0.982525  0.183696  0.030004  -0.184368  0.982624  0.021394  -0.025553  -0.026552  0.999321  -0.010252  -0.009870  -0.007195  -0.102403  -0.198934  0.195133  2.000000  
56.746906 0.001419  0.091621  -0.004064  0.982556  0.183487  0.030263  -0.184164  0.982664  0.021351  -0.025820  -0.026552  0.999314  -0.010050  -0.009840  -0.007388  -0.101797  -0.202628  0.167322  2.000000  
56.748158 0.001408  0.091608  -0.004074  0.982549  0.183483  0.030503  -0.184163  0.982667  0.021183  -0.026088  -0.026431  0.999310  -0.009810  -0.009879  -0.007582  -0.104565  -0.204840  0.145264  2.000000  
56.749402 0.001399  0.091597  -0.004084  0.982546  0.183484  0.030612  -0.184162  0.982671  0.021039  -0.026222  -0.026309  0.999310  -0.009548  -0.009844  -0.007741  -0.108172  -0.199822  0.124841  2.000000  
56.750413 0.001391  0.091587  -0.004091  0.982539  0.183477  0.030875  -0.184161  0.982672  0.020990  -0.026489  -0.026309  0.999303  -0.009360  -0.009865  -0.007800  -0.104527  -0.200873  0.105130  2.000000  
56.751657 0.001381  0.091576  -0.004099  0.982536  0.183477  0.030984  -0.184160  0.982675  0.020846  -0.026623  -0.026188  0.999302  -0.009024  -0.009791  -0.007796  0.000000  0.000000  0.000000  2.000000  
56.752909 0.001372  0.091565  -0.004106  0.982529  0.183474  0.031225  -0.184159  0.982679  0.020677  -0.026890  -0.026066  0.999298  -0.008718  -0.009654  -0.007705  0.000000  0.000000  0.000000  2.000000  
56.753911 0.001364  0.091556  -0.004112  0.982525  0.183470  0.031356  -0.184158  0.982680  0.020653  -0.027024  -0.026066  0.999295  -0.008516  -0.009563  -0.007558  0.000000  0.000000  0.000000  2.000000  
56.755160 0.001355  0.091545  -0.004120  0.982521  0.183467  0.031488  -0.184158  0.982680  0.020628  -0.027158  -0.026066  0.999291  -0.008289  -0.009423  -0.007400  0.000000  0.000000  0.000000  2.000000  
56.756411 0.001346  0.091535  -0.004126  0.982518  0.183467  0.031597  -0.184157  0.982683  0.020484  -0.027292  -0.025945  0.999291  -0.008036  -0.009272  -0.007178  0.000000  0.000000  0.000000  2.000000  
56.757656 0.001338  0.091525  -0.004131  0.982511  0.183461  0.031860  -0.184156  0.982685  0.020435  -0.027559  -0.025945  0.999283  -0.007855  -0.009146  -0.006885  0.000000  0.000000  0.000000  2.000000  
56.758908 0.001329  0.091515  -0.004137  0.982469  0.183659  0.031995  -0.184357  0.982647  0.020404  -0.027693  -0.025945  0.999280  -0.007692  -0.008981  -0.006556  0.000000  0.000000  0.000000  2.000000  
56.759912 0.001322  0.091507  -0.004142  0.982465  0.183656  0.032127  -0.184357  0.982648  0.020379  -0.027827  -0.025945  0.999276  -0.007547  -0.008853  -0.006287  0.000000  0.000000  0.000000  2.000000  
56.761157 0.001314  0.091497  -0.004147  0.982462  0.183653  0.032258  -0.184356  0.982649  0.020355  -0.027960  -0.025944  0.999272  -0.007400  -0.008723  -0.005928  0.000000  0.000000  0.000000  2.000000  
56.762403 0.001305  0.091486  -0.004153  0.982420  0.183848  0.032416  -0.184557  0.982609  0.020442  -0.028094  -0.026066  0.999265  -0.007267  -0.008621  -0.005638  0.000000  0.000000  0.000000  2.000000  
56.763407 0.001298  0.091477  -0.004157  0.982420  0.183848  0.032416  -0.184557  0.982609  0.020442  -0.028094  -0.026066  0.999265  -0.007217  -0.008555  -0.005368  0.000000  0.000000  0.000000  2.000000  
56.764408 0.001290  0.091468  -0.004162  0.982378  0.184042  0.032574  -0.184759  0.982569  0.020530  -0.028228  -0.026187  0.999258  -0.007235  -0.008552  -0.005162  0.000000  0.000000  0.000000  2.000000  
56.765417 0.001282  0.091458  -0.004166  0.982375  0.184039  0.032705  -0.184758  0.982570  0.020505  -0.028362  -0.026187  0.999255  -0.007239  -0.008550  -0.004987  0.000000  0.000000  0.000000  2.000000  
56.766657 0.001273  0.091447  -0.004172  0.982333  0.184234  0.032863  -0.184960  0.982530  0.020593  -0.028495  -0.026308  0.999248  -0.007257  -0.008597  -0.004848  0.000000  0.000000  0.000000  2.000000  
56.767902 0.001262  0.091435  -0.004177  0.982333  0.184230  0.032886  -0.184960  0.982528  0.020712  -0.028495  -0.026429  0.999244  -0.007291  -0.008652  -0.004691  0.000000  0.000000  0.000000  2.000000  
56.769158 0.001253  0.091424  -0.004181  0.982291  0.184425  0.033044  -0.185161  0.982488  0.020800  -0.028629  -0.026550  0.999237  -0.007302  -0.008671  -0.004478  0.000000  0.000000  0.000000  2.000000  
56.770409 0.001242  0.091411  -0.004186  0.982253  0.184627  0.033048  -0.185364  0.982450  0.020793  -0.028629  -0.026550  0.999237  -0.007379  -0.008806  -0.004382  0.000000  0.000000  0.000000  2.000000  
56.771656 0.001232  0.091399  -0.004192  0.982249  0.184619  0.033202  -0.185363  0.982448  0.020888  -0.028763  -0.026671  0.999230  -0.007484  -0.008904  -0.004272  0.000000  0.000000  0.000000  2.000000  
56.772657 0.001224  0.091389  -0.004195  0.982211  0.184818  0.033228  -0.185565  0.982408  0.021000  -0.028763  -0.026792  0.999227  -0.007631  -0.009041  -0.004231  0.000000  0.000000  0.000000  2.000000  
56.773909 0.001213  0.091377  -0.004201  0.982169  0.185012  0.033387  -0.185767  0.982368  0.021087  -0.028896  -0.026913  0.999220  -0.007775  -0.009235  -0.004264  0.000000  0.000000  0.000000  2.000000  
56.775156 0.001202  0.091364  -0.004206  0.982169  0.185008  0.033409  -0.185767  0.982365  0.021206  -0.028896  -0.027035  0.999217  -0.007955  -0.009401  -0.004243  0.000000  0.000000  0.000000  2.000000  
56.776160 0.001193  0.091354  -0.004211  0.982131  0.185206  0.033436  -0.185969  0.982324  0.021319  -0.028896  -0.027156  0.999213  -0.008087  -0.009540  -0.004233  0.000000  0.000000  0.000000  2.000000  
56.777408 0.001182  0.091341  -0.004216  0.982131  0.185202  0.033458  -0.185969  0.982322  0.021438  -0.028896  -0.027277  0.999210  -0.008233  -0.009676  -0.004191  0.000000  0.000000  0.000000  2.000000  
56.778418 0.001173  0.091330  -0.004220  0.982092  0.185405  0.033463  -0.186171  0.982284  0.021431  -0.028896  -0.027277  0.999210  -0.008350  -0.009815  -0.004213  0.000000  0.000000  0.000000  2.000000  
56.779654 0.001161  0.091316  -0.004226  0.982092  0.185401  0.033485  -0.186171  0.982281  0.021550  -0.028896  -0.027398  0.999207  -0.008517  -0.009999  -0.004233  0.000000  0.000000  0.000000  2.000000  
56.780654 0.001151  0.091304  -0.004231  0.982054  0.185599  0.033512  -0.186373  0.982240  0.021662  -0.028896  -0.027519  0.999204  -0.008625  -0.010164  -0.004275  0.000000  0.000000  0.000000  2.000000  
56.781902 0.001139  0.091289  -0.004238  0.982054  0.185595  0.033535  -0.186373  0.982238  0.021782  -0.028896  -0.027641  0.999200  -0.008776  -0.010387  -0.004364  0.000000  0.000000  0.000000  2.000000  
56.782905 0.001129  0.091277  -0.004244  0.982019  0.185801  0.033408  -0.186576  0.982199  0.021800  -0.028763  -0.027641  0.999204  -0.008903  -0.010584  -0.004458  0.000000  0.000000  0.000000  2.000000  
56.784152 0.001117  0.091261  -0.004251  0.982019  0.185796  0.033430  -0.186576  0.982196  0.021919  -0.028763  -0.027762  0.999201  -0.009054  -0.010821  -0.004673  0.000000  0.000000  0.000000  2.000000  
56.785156 0.001107  0.091249  -0.004257  0.982019  0.185792  0.033453  -0.186576  0.982193  0.022038  -0.028763  -0.027883  0.999197  -0.009173  -0.011030  -0.004806  0.000000  0.000000  0.000000  2.000000  
56.786419 0.001096  0.091233  -0.004264  0.981985  0.185994  0.033349  -0.186779  0.982152  0.022175  -0.028629  -0.028004  0.999198  -0.009261  -0.011244  -0.004922  0.000000  0.000000  0.000000  2.000000  
56.787660 0.001083  0.091217  -0.004272  0.981985  0.185990  0.033371  -0.186779  0.982149  0.022294  -0.028629  -0.028126  0.999194  -0.009363  -0.011533  -0.005122  0.000000  0.000000  0.000000  2.000000  
56.788911 0.001071  0.091201  -0.004280  0.981985  0.185986  0.033394  -0.186779  0.982146  0.022413  -0.028629  -0.028247  0.999191  -0.009448  -0.011762  -0.005276  0.000000  0.000000  0.000000  2.000000  
56.790156 0.001059  0.091184  -0.004287  0.981946  0.186184  0.033421  -0.186981  0.982105  0.022526  -0.028629  -0.028368  0.999187  -0.009529  -0.012038  -0.005416  0.000000  0.000000  0.000000  2.000000  
56.791156 0.001049  0.091171  -0.004293  0.981946  0.186184  0.033421  -0.186981  0.982105  0.022526  -0.028629  -0.028368  0.999187  -0.009598  -0.012237  -0.005518  0.000000  0.000000  0.000000  2.000000  
56.792409 0.001037  0.091154  -0.004300  0.981946  0.186180  0.033444  -0.186981  0.982102  0.022645  -0.028629  -0.028489  0.999184  -0.009681  -0.012487  -0.005624  0.000000  0.000000  0.000000  2.000000  
56.793412 0.001027  0.091141  -0.004306  0.981950  0.186180  0.033335  -0.186982  0.982099  0.022789  -0.028495  -0.028611  0.999184  -0.009704  -0.012606  -0.005700  0.000000  0.000000  0.000000  2.000000  
56.794655 0.001015  0.091124  -0.004313  0.981950  0.186180  0.033335  -0.186982  0.982099  0.022789  -0.028495  -0.028611  0.999184  -0.009725  -0.012807  -0.005770  0.000000  0.000000  0.000000  2.000000  
56.795658 0.001005  0.091111  -0.004318  0.981912  0.186382  0.033340  -0.187184  0.982061  0.022782  -0.028495  -0.028611  0.999184  -0.009742  -0.012876  -0.005768  0.000000  0.000000  0.000000  2.000000  
56.796906 0.000993  0.091094  -0.004324  0.981912  0.186378  0.033362  -0.187184  0.982058  0.022901  -0.028495  -0.028732  0.999181  -0.009746  -0.012991  -0.005746  0.000000  0.000000  0.000000  2.000000  
56.798158 0.000980  0.091077  -0.004332  0.981912  0.186378  0.033362  -0.187184  0.982058  0.022901  -0.028495  -0.028732  0.999181  -0.009733  -0.013104  -0.005755  0.000000  0.000000  0.000000  2.000000  
56.799402 0.000968  0.091060  -0.004338  0.981912  0.186374  0.033385  -0.187184  0.982055  0.023020  -0.028495  -0.028853  0.999177  -0.009730  -0.013177  -0.005685  0.000000  0.000000  0.000000  2.000000  
56.800402 0.000959  0.091048  -0.004343  0.981912  0.186374  0.033385  -0.187184  0.982055  0.023020  -0.028495  -0.028853  0.999177  -0.009737  -0.013225  -0.005636  0.000000  0.000000  0.000000  2.000000  
56.801408 0.000950  0.091034  -0.004347  0.981912  0.186374  0.033385  -0.187184  0.982055  0.023020  -0.028495  -0.028853  0.999177  -0.009690  -0.013280  -0.005542  0.000000  0.000000  0.000000  2.000000  
56.802419 0.000941  0.091021  -0.004352  0.981873  0.186572  0.033412  -0.187386  0.982014  0.023133  -0.028495  -0.028974  0.999174  -0.009624  -0.013268  -0.005406  0.000000  0.000000  0.000000  2.000000  
56.803659 0.000930  0.091005  -0.004358  0.981869  0.186568  0.033543  -0.187385  0.982015  0.023107  -0.028629  -0.028974  0.999170  -0.009577  -0.013285  -0.005274  0.000000  0.000000  0.000000  2.000000  
56.804659 0.000921  0.090992  -0.004362  0.981869  0.186564  0.033566  -0.187385  0.982012  0.023227  -0.028629  -0.029095  0.999167  -0.009511  -0.013266  -0.005179  0.000000  0.000000  0.000000  2.000000  
56.805908 0.000910  0.090975  -0.004368  0.981831  0.186766  0.033571  -0.187587  0.981973  0.023220  -0.028629  -0.029095  0.999167  -0.009401  -0.013255  -0.005090  0.000000  0.000000  0.000000  2.000000  
56.807156 0.000899  0.090958  -0.004375  0.981831  0.186766  0.033571  -0.187587  0.981973  0.023220  -0.028629  -0.029095  0.999167  -0.009333  -0.013324  -0.005063  0.000000  0.000000  0.000000  2.000000  
56.808157 0.000891  0.090944  -0.004380  0.981792  0.186964  0.033598  -0.187790  0.981932  0.023332  -0.028629  -0.029216  0.999163  -0.009255  -0.013335  -0.004994  0.000000  0.000000  0.000000  2.000000  
56.809407 0.000880  0.090928  -0.004386  0.981792  0.186964  0.033598  -0.187790  0.981932  0.023332  -0.028629  -0.029216  0.999163  -0.009130  -0.013302  -0.004945  0.000000  0.000000  0.000000  2.000000  
56.810419 0.000872  0.090915  -0.004389  0.981753  0.187167  0.033603  -0.187992  0.981894  0.023325  -0.028629  -0.029216  0.999163  -0.009029  -0.013292  -0.004860  0.000000  0.000000  0.000000  2.000000  
56.811656 0.000862  0.090899  -0.004395  0.981753  0.187167  0.033603  -0.187992  0.981894  0.023325  -0.028629  -0.029216  0.999163  -0.008834  -0.013231  -0.004761  0.000000  0.000000  0.000000  2.000000  
56.812659 0.000855  0.090887  -0.004399  0.981715  0.187369  0.033608  -0.188194  0.981855  0.023318  -0.028629  -0.029216  0.999163  -0.008664  -0.013138  -0.004640  0.000000  0.000000  0.000000  2.000000  
56.813904 0.000845  0.090871  -0.004403  0.981676  0.187567  0.033635  -0.188396  0.981814  0.023430  -0.028629  -0.029338  0.999159  -0.008510  -0.013036  -0.004535  0.000000  0.000000  0.000000  2.000000  
56.814909 0.000838  0.090859  -0.004408  0.981676  0.187567  0.033635  -0.188396  0.981814  0.023430  -0.028629  -0.029338  0.999159  -0.008388  -0.012999  -0.004486  0.000000  0.000000  0.000000  2.000000  
56.816154 0.000829  0.090843  -0.004412  0.981637  0.187769  0.033640  -0.188598  0.981775  0.023423  -0.028629  -0.029338  0.999159  -0.008245  -0.012950  -0.004423  0.000000  0.000000  0.000000  2.000000  
56.817159 0.000822  0.090832  -0.004416  0.981598  0.187971  0.033645  -0.188800  0.981736  0.023416  -0.028629  -0.029338  0.999159  -0.008113  -0.012853  -0.004379  0.000000  0.000000  0.000000  2.000000  
56.818416 0.000812  0.090816  -0.004422  0.981559  0.188173  0.033650  -0.189002  0.981698  0.023409  -0.028629  -0.029338  0.999159  -0.007962  -0.012758  -0.004318  0.000000  0.000000  0.000000  2.000000  
56.819654 0.000804  0.090802  -0.004427  0.981520  0.188375  0.033655  -0.189204  0.981659  0.023402  -0.028629  -0.029338  0.999159  -0.007784  -0.012651  -0.004274  0.000000  0.000000  0.000000  2.000000  
56.820660 0.000797  0.090790  -0.004430  0.981481  0.188577  0.033660  -0.189406  0.981620  0.023396  -0.028629  -0.029338  0.999159  -0.007659  -0.012556  -0.004199  0.000000  0.000000  0.000000  2.000000  
56.821909 0.000789  0.090775  -0.004436  0.981403  0.188982  0.033669  -0.189810  0.981542  0.023382  -0.028629  -0.029338  0.999159  -0.007501  -0.012405  -0.004144  0.000000  0.000000  0.000000  2.000000  
56.822909 0.000782  0.090763  -0.004440  0.981368  0.189187  0.033543  -0.190013  0.981503  0.023400  -0.028495  -0.029338  0.999163  -0.007386  -0.012277  -0.004076  0.000000  0.000000  0.000000  2.000000  
56.824156 0.000773  0.090748  -0.004445  0.981329  0.189389  0.033548  -0.190215  0.981464  0.023393  -0.028495  -0.029338  0.999163  -0.007254  -0.012178  -0.004032  0.000000  0.000000  0.000000  2.000000  
56.825156 0.000766  0.090736  -0.004449  0.981290  0.189592  0.033552  -0.190417  0.981425  0.023386  -0.028495  -0.029338  0.999163  -0.007178  -0.012126  -0.004056  0.000000  0.000000  0.000000  2.000000  
56.826156 0.000760  0.090724  -0.004453  0.981250  0.189790  0.033580  -0.190619  0.981383  0.023498  -0.028495  -0.029459  0.999160  -0.007064  -0.012057  -0.004032  0.000000  0.000000  0.000000  2.000000  
56.827160 0.000753  0.090713  -0.004457  0.981172  0.190194  0.033590  -0.191023  0.981305  0.023485  -0.028495  -0.029459  0.999160  -0.006992  -0.011977  -0.004033  0.000000  0.000000  0.000000  2.000000  
56.828408 0.000745  0.090699  -0.004462  0.981132  0.190396  0.033595  -0.191225  0.981265  0.023478  -0.028495  -0.029459  0.999160  -0.006915  -0.011911  -0.004070  0.000000  0.000000  0.000000  2.000000  
56.829409 0.000739  0.090687  -0.004467  0.981093  0.190598  0.033600  -0.191427  0.981226  0.023471  -0.028495  -0.029459  0.999160  -0.006857  -0.011889  -0.004073  0.000000  0.000000  0.000000  2.000000  
56.830411 0.000733  0.090676  -0.004471  0.981054  0.190800  0.033604  -0.191629  0.981187  0.023464  -0.028495  -0.029459  0.999160  -0.006790  -0.011819  -0.004058  0.000000  0.000000  0.000000  2.000000  
56.831431 0.000726  0.090664  -0.004475  0.980978  0.191207  0.033483  -0.192034  0.981107  0.023476  -0.028362  -0.029459  0.999164  -0.006691  -0.011722  -0.004055  0.000000  0.000000  0.000000  2.000000  
56.832654 0.000718  0.090650  -0.004480  0.980939  0.191409  0.033488  -0.192236  0.981068  0.023469  -0.028362  -0.029459  0.999164  -0.006654  -0.011728  -0.004138  0.000000  0.000000  0.000000  2.000000  
56.833656 0.000712  0.090639  -0.004484  0.980899  0.191611  0.033492  -0.192438  0.981029  0.023462  -0.028362  -0.029459  0.999164  -0.006631  -0.011651  -0.004108  0.011285  0.003904  0.171694  2.000000  
56.834906 0.000703  0.090624  -0.004489  0.980820  0.192015  0.033502  -0.192842  0.980950  0.023448  -0.028362  -0.029459  0.999164  -0.006608  -0.011626  -0.004138  0.006850  0.003492  0.185396  2.000000  
56.836152 0.000695  0.090611  -0.004494  0.980740  0.192423  0.033488  -0.193245  0.980873  0.023315  -0.028362  -0.029338  0.999167  -0.006565  -0.011536  -0.004100  0.002611  0.003302  0.192262  2.000000  
56.837158 0.000688  0.090599  -0.004499  0.980701  0.192625  0.033493  -0.193447  0.980834  0.023309  -0.028362  -0.029338  0.999167  -0.006553  -0.011537  -0.004132  0.002436  0.003128  0.200787  2.000000  
56.838405 0.000680  0.090585  -0.004503  0.980621  0.193029  0.033503  -0.193851  0.980754  0.023295  -0.028362  -0.029338  0.999167  -0.006520  -0.011437  -0.004080  -0.001823  0.002889  0.205995  2.000000  
56.839412 0.000673  0.090574  -0.004508  0.980585  0.193235  0.033377  -0.194054  0.980714  0.023314  -0.028228  -0.029338  0.999171  -0.006503  -0.011403  -0.004090  -0.002021  0.007204  0.214694  2.000000  
56.840655 0.000665  0.090560  -0.004513  0.980505  0.193639  0.033386  -0.194458  0.980634  0.023300  -0.028228  -0.029338  0.999171  -0.006543  -0.011368  -0.004109  -0.002200  0.006945  0.219816  2.000000  
56.841656 0.000658  0.090549  -0.004517  0.980465  0.193840  0.033391  -0.194659  0.980594  0.023293  -0.028228  -0.029338  0.999171  -0.006536  -0.011346  -0.004150  -0.002415  0.006801  0.228576  2.000000  
56.842910 0.000650  0.090535  -0.004523  0.980384  0.194244  0.033400  -0.195063  0.980514  0.023279  -0.028228  -0.029338  0.999171  -0.006579  -0.011291  -0.004169  -0.002590  0.006543  0.233520  2.000000  
56.843912 0.000643  0.090524  -0.004527  0.980344  0.194446  0.033405  -0.195265  0.980474  0.023273  -0.028228  -0.029338  0.999171  -0.006554  -0.011237  -0.004157  -0.006687  0.006582  0.235409  2.000000  
56.845157 0.000635  0.090510  -0.004532  0.980267  0.194854  0.033284  -0.195669  0.980393  0.023285  -0.028094  -0.029338  0.999175  -0.006649  -0.011249  -0.004187  -0.006872  0.010881  0.242627  2.000000  
56.846402 0.000626  0.090496  -0.004538  0.980187  0.195261  0.033270  -0.196073  0.980316  0.023152  -0.028094  -0.029217  0.999178  -0.006694  -0.011228  -0.004208  -0.011246  0.010400  0.254266  2.000000  
56.847409 0.000619  0.090485  -0.004542  0.980106  0.195665  0.033279  -0.196476  0.980235  0.023139  -0.028094  -0.029217  0.999178  -0.006719  -0.011171  -0.004210  -0.011338  0.010485  0.256332  2.000000  
56.848409 0.000612  0.090473  -0.004547  0.980066  0.195867  0.033284  -0.196678  0.980195  0.023132  -0.028094  -0.029217  0.999178  -0.006737  -0.011200  -0.004262  -0.011442  0.010200  0.261138  2.000000  
56.849652 0.000603  0.090460  -0.004552  0.979988  0.196274  0.033162  -0.197082  0.980114  0.023144  -0.027960  -0.029217  0.999182  -0.006761  -0.011178  -0.004240  -0.011616  0.014455  0.268078  2.000000  
56.850659 0.000597  0.090449  -0.004556  0.979907  0.196678  0.033172  -0.197486  0.980033  0.023131  -0.027960  -0.029217  0.999182  -0.006765  -0.011148  -0.004247  -0.011810  0.014254  0.274929  2.000000  
56.851901 0.000588  0.090435  -0.004562  0.979826  0.197081  0.033181  -0.197889  0.979952  0.023117  -0.027960  -0.029217  0.999182  -0.006788  -0.011120  -0.004296  -0.011813  0.014257  0.274987  2.000000  
56.852908 0.000582  0.090424  -0.004565  0.979748  0.197492  0.033036  -0.198294  0.979873  0.023011  -0.027827  -0.029096  0.999189  -0.006781  -0.011101  -0.004267  -0.016011  0.014071  0.281792  2.000000  
56.853910 0.000575  0.090414  -0.004570  0.979707  0.197694  0.033041  -0.198495  0.979832  0.023004  -0.027827  -0.029096  0.999189  -0.006772  -0.011046  -0.004295  -0.016142  0.014186  0.284101  2.000000  
56.854911 0.000569  0.090403  -0.004574  0.979625  0.198098  0.033050  -0.198899  0.979750  0.022991  -0.027827  -0.029096  0.999189  -0.006772  -0.011004  -0.004276  -0.016337  0.013984  0.291013  2.000000  
56.856157 0.000561  0.090390  -0.004579  0.979547  0.198505  0.032929  -0.199303  0.979668  0.023004  -0.027693  -0.029096  0.999193  -0.006740  -0.010963  -0.004301  -0.020407  0.018472  0.291332  2.000000  
56.857159 0.000555  0.090380  -0.004583  0.979464  0.198908  0.032938  -0.199706  0.979586  0.022990  -0.027693  -0.029096  0.999193  -0.006696  -0.010912  -0.004231  -0.020420  0.018109  0.295633  2.000000  
56.858405 0.000547  0.090367  -0.004588  0.979386  0.199315  0.032817  -0.200110  0.979503  0.023003  -0.027559  -0.029096  0.999197  -0.006666  -0.010824  -0.004206  -0.020594  0.022368  0.302642  2.000000  
56.859409 0.000541  0.090357  -0.004592  0.979303  0.199719  0.032826  -0.200513  0.979421  0.022990  -0.027559  -0.029096  0.999197  -0.006612  -0.010748  -0.004177  -0.020785  0.022165  0.309468  2.000000  
56.860657 0.000534  0.090344  -0.004597  0.979224  0.200130  0.032680  -0.200917  0.979341  0.022884  -0.027425  -0.028975  0.999204  -0.006494  -0.010634  -0.004165  -0.024991  0.022367  0.312025  2.000000  
56.861904 0.000526  0.090332  -0.004602  0.979141  0.200533  0.032690  -0.201320  0.979258  0.022871  -0.027425  -0.028975  0.999204  -0.006448  -0.010580  -0.004094  -0.024978  0.021983  0.316326  2.000000  
56.862913 0.000520  0.090322  -0.004606  0.979062  0.200940  0.032568  -0.201724  0.979175  0.022884  -0.027292  -0.028975  0.999207  -0.006346  -0.010475  -0.004075  -0.025157  0.026653  0.318991  2.000000  
56.864154 0.000514  0.090310  -0.004611  0.978941  0.201548  0.032451  -0.202330  0.979050  0.022891  -0.027158  -0.028975  0.999211  -0.006215  -0.010337  -0.004085  -0.025528  0.030753  0.333060  2.000000  
56.865159 0.000508  0.090300  -0.004615  0.978857  0.201951  0.032461  -0.202733  0.978967  0.022878  -0.027158  -0.028975  0.999211  -0.006154  -0.010275  -0.004093  -0.025536  0.030762  0.333160  2.000000  
56.866418 0.000502  0.090289  -0.004620  0.978777  0.202358  0.032339  -0.203136  0.978883  0.022892  -0.027024  -0.028975  0.999215  -0.005971  -0.010112  -0.004065  -0.021649  0.035113  0.340555  2.000000  
56.867656 0.000496  0.090277  -0.004626  0.978655  0.202967  0.032223  -0.203742  0.978757  0.022899  -0.026890  -0.028975  0.999218  -0.005875  -0.010007  -0.004074  -0.021630  0.039073  0.344617  2.000000  
56.868656 0.000491  0.090268  -0.004629  0.978575  0.203373  0.032101  -0.204145  0.978672  0.022913  -0.026757  -0.028976  0.999222  -0.005731  -0.009916  -0.004064  -0.021752  0.038835  0.351139  2.000000  
56.869657 0.000486  0.090259  -0.004633  0.978494  0.203780  0.031980  -0.204549  0.978588  0.022927  -0.026623  -0.028976  0.999226  -0.005598  -0.009788  -0.004051  -0.021909  0.043652  0.354186  2.000000  
56.870661 0.000482  0.090251  -0.004637  0.978413  0.204187  0.031858  -0.204953  0.978503  0.022942  -0.026489  -0.028976  0.999229  -0.005471  -0.009652  -0.004037  -0.022074  0.047944  0.361217  2.000000  
56.871911 0.000477  0.090240  -0.004642  0.978290  0.204795  0.031742  -0.205557  0.978376  0.022949  -0.026355  -0.028976  0.999233  -0.005258  -0.009472  -0.004017  -0.022237  0.052234  0.368244  2.000000  
56.873158 0.000472  0.090230  -0.004647  0.978212  0.205205  0.031489  -0.205962  0.978290  0.022991  -0.026088  -0.028976  0.999240  -0.005086  -0.009326  -0.003996  -0.022192  0.061235  0.368575  2.000000  
56.874159 0.000468  0.090222  -0.004650  0.978088  0.205813  0.031373  -0.206567  0.978162  0.023000  -0.025954  -0.028976  0.999243  -0.004935  -0.009157  -0.003953  -0.022518  0.060834  0.382424  2.000000  
56.875420 0.000463  0.090212  -0.004655  0.977967  0.206425  0.031125  -0.207172  0.978033  0.023036  -0.025687  -0.028976  0.999250  -0.004766  -0.008982  -0.003939  -0.022641  0.069585  0.389389  2.000000  
56.876658 0.000458  0.090202  -0.004660  0.977842  0.207033  0.031009  -0.207777  0.977905  0.023044  -0.025553  -0.028976  0.999253  -0.004580  -0.008771  -0.003921  -0.018730  0.073920  0.396531  2.000000  
56.877908 0.000453  0.090193  -0.004664  0.977721  0.207644  0.030762  -0.208382  0.977775  0.023081  -0.025285  -0.028977  0.999260  -0.004451  -0.008613  -0.003904  -0.018866  0.082723  0.403782  2.000000  
56.879158 0.000449  0.090183  -0.004669  0.977598  0.208256  0.030514  -0.208987  0.977645  0.023118  -0.025018  -0.028977  0.999267  -0.004271  -0.008413  -0.003878  -0.018966  0.087003  0.410765  2.000000  
56.880415 0.000445  0.090175  -0.004674  0.977432  0.209068  0.030272  -0.209794  0.977472  0.023149  -0.024750  -0.028977  0.999274  -0.004122  -0.008208  -0.003851  -0.019123  0.094831  0.421480  2.000000  
56.881654 0.000442  0.090167  -0.004678  0.977309  0.209680  0.030025  -0.210399  0.977341  0.023186  -0.024483  -0.028977  0.999280  -0.003896  -0.007927  -0.003764  -0.019403  0.104390  0.432082  2.000000  
56.882910 0.000438  0.090159  -0.004683  0.977142  0.210488  0.029808  -0.211205  0.977163  0.023336  -0.024215  -0.029099  0.999283  -0.003712  -0.007684  -0.003752  -0.011522  0.108469  0.445988  2.000000  
56.884152 0.000435  0.090151  -0.004687  0.977021  0.211103  0.029430  -0.211810  0.977031  0.023403  -0.023814  -0.029099  0.999293  -0.003573  -0.007495  -0.003729  -0.011521  0.120796  0.449740  2.000000  
56.885156 0.000432  0.090145  -0.004691  0.976896  0.211714  0.029184  -0.212415  0.976898  0.023442  -0.023546  -0.029099  0.999299  -0.003454  -0.007327  -0.003707  -0.011811  0.129289  0.463628  2.000000  
56.886411 0.000429  0.090138  -0.004695  0.976730  0.212530  0.028811  -0.213221  0.976721  0.023503  -0.023145  -0.029099  0.999309  -0.003284  -0.007084  -0.003664  -0.011959  0.139132  0.474589  2.000000  
56.887414 0.000427  0.090132  -0.004699  0.976604  0.213141  0.028564  -0.213826  0.976588  0.023543  -0.022878  -0.029100  0.999315  -0.003125  -0.006893  -0.003663  -0.012069  0.147894  0.481682  2.000000  
56.888656 0.000424  0.090125  -0.004704  0.976392  0.214157  0.028197  -0.214833  0.976366  0.023599  -0.022476  -0.029100  0.999324  -0.003019  -0.006721  -0.003701  -0.012534  0.154840  0.505561  2.000000  
56.889657 0.000422  0.090120  -0.004707  0.976265  0.214768  0.027950  -0.215437  0.976232  0.023640  -0.022209  -0.029100  0.999330  -0.002889  -0.006528  -0.003636  -0.012575  0.165182  0.510226  2.000000  
56.890915 0.000420  0.090113  -0.004711  0.976096  0.215583  0.027578  -0.216243  0.976052  0.023703  -0.021807  -0.029100  0.999339  -0.002721  -0.006297  -0.003635  -0.008696  0.173675  0.523924  2.000000  
56.892156 0.000418  0.090107  -0.004716  0.975929  0.216402  0.027075  -0.217049  0.975871  0.023797  -0.021272  -0.029101  0.999350  -0.002574  -0.006081  -0.003604  -0.008860  0.186797  0.538268  2.000000  
