1-Time 2-Px 3-Py 4-Pz 5-R11 6-R21 7-R31 8-R12 9-R22 10-R32 11-R13 12-R23 13-R33 14-Vx 15-Vy 16-Vz 17-Wx 18-Wy 19-Wz 20-state 21-PR11 22-PR21 23-PR31 24-PR12 25-PR22 26-PR32 27-PR13 28-PR23 29-PR33 
196.288541 0.015646  0.102067  -0.012372  0.990755  0.129305  -0.041039  -0.128188  0.991332  0.028791  0.044407  -0.023264  0.998743  -0.000295  0.000036  0.000653  0.000000  0.000000  0.000000  2.000000  
196.289548 0.015646  0.102067  -0.012372  0.990755  0.129305  -0.041039  -0.128188  0.991332  0.028791  0.044407  -0.023264  0.998743  -0.000255  0.000065  0.000638  0.000000  0.000000  0.000000  2.000000  
196.290558 0.015649  0.102070  -0.012370  0.990696  0.129717  -0.041160  -0.128595  0.991278  0.028825  0.044540  -0.023264  0.998737  -0.000046  0.000226  0.000720  0.000000  0.000000  0.000000  2.000000  
196.291794 0.015654  0.102073  -0.012368  0.990584  0.130536  -0.041269  -0.129410  0.991171  0.028876  0.044674  -0.023264  0.998731  0.000345  0.000455  0.000791  0.000000  0.000000  0.000000  2.000000  
196.292796 0.015658  0.102075  -0.012366  0.990552  0.130748  -0.041380  -0.129613  0.991140  0.029022  0.044808  -0.023385  0.998722  0.000604  0.000537  0.000853  0.000000  0.000000  0.000000  2.000000  
196.294045 0.015664  0.102077  -0.012366  0.990492  0.131164  -0.041484  -0.130020  0.991082  0.029177  0.044941  -0.023506  0.998713  0.001064  0.000683  0.000836  0.000000  0.000000  0.000000  2.000000  
196.295294 0.015671  0.102079  -0.012365  0.990400  0.131783  -0.041731  -0.130631  0.991000  0.029237  0.045209  -0.023505  0.998701  0.001554  0.000860  0.000843  0.000000  0.000000  0.000000  2.000000  
196.296543 0.015679  0.102083  -0.012363  0.990241  0.132820  -0.042215  -0.131647  0.990859  0.029471  0.045743  -0.023626  0.998674  0.002144  0.001131  0.000881  0.000000  0.000000  0.000000  2.000000  
196.297547 0.015685  0.102085  -0.012362  0.990120  0.133643  -0.042455  -0.132461  0.990748  0.029541  0.046010  -0.023626  0.998662  0.002550  0.001249  0.000917  0.000000  0.000000  0.000000  2.000000  
196.298554 0.015691  0.102087  -0.012361  0.989971  0.134674  -0.042673  -0.133478  0.990605  0.029741  0.046278  -0.023747  0.998646  0.002944  0.001393  0.000943  0.000000  0.000000  0.000000  2.000000  
196.299794 0.015699  0.102092  -0.012360  0.989814  0.135708  -0.043024  -0.134495  0.990461  0.029959  0.046679  -0.023867  0.998625  0.003513  0.001715  0.000964  0.028829  0.094501  0.188909  2.000000  
196.301040 0.015709  0.102098  -0.012359  0.989635  0.136938  -0.043251  -0.135715  0.990292  0.030048  0.046946  -0.023867  0.998612  0.004194  0.002104  0.001024  0.030739  0.102522  0.230599  2.000000  
196.302082 0.015716  0.102104  -0.012357  0.989454  0.138172  -0.043462  -0.136936  0.990118  0.030258  0.047213  -0.023988  0.998597  0.004731  0.002505  0.001122  0.036684  0.110366  0.271904  2.000000  
196.303300 0.015726  0.102110  -0.012355  0.989237  0.139614  -0.043798  -0.138359  0.989912  0.030497  0.047614  -0.024108  0.998575  0.005439  0.002956  0.001199  0.043405  0.118152  0.327696  2.000000  
196.304547 0.015737  0.102119  -0.012353  0.989046  0.140852  -0.044140  -0.139578  0.989734  0.030727  0.048015  -0.024229  0.998553  0.006085  0.003457  0.001242  0.049059  0.129590  0.366531  2.000000  
196.305561 0.015748  0.102127  -0.012352  0.988854  0.142084  -0.044499  -0.140797  0.989558  0.030838  0.048416  -0.024229  0.998533  0.006611  0.003838  0.001174  0.051412  0.143048  0.411010  2.000000  
196.306797 0.015761  0.102137  -0.012350  0.988683  0.143120  -0.044979  -0.141811  0.989406  0.031079  0.048951  -0.024349  0.998504  0.007181  0.004294  0.001142  0.057228  0.160249  0.446188  2.000000  
196.308046 0.015773  0.102145  -0.012348  0.988481  0.144361  -0.045452  -0.143029  0.989223  0.031331  0.049485  -0.024470  0.998475  0.007677  0.004721  0.001201  0.063717  0.172555  0.494887  2.000000  
196.309294 0.015786  0.102152  -0.012346  0.988277  0.145601  -0.045924  -0.144246  0.989038  0.031585  0.050020  -0.024590  0.998445  0.008114  0.005038  0.001309  0.069883  0.189530  0.536829  2.000000  
196.310550 0.015800  0.102159  -0.012343  0.988078  0.146833  -0.046282  -0.145463  0.988856  0.031700  0.050421  -0.024589  0.998425  0.008508  0.005282  0.001421  0.071973  0.197486  0.578373  2.000000  
196.311793 0.015814  0.102165  -0.012340  0.987871  0.148073  -0.046753  -0.146680  0.988668  0.031955  0.050955  -0.024710  0.998395  0.008912  0.005457  0.001509  0.078526  0.214324  0.627332  2.000000  
196.313044 0.015827  0.102169  -0.012336  0.987699  0.149100  -0.047117  -0.147693  0.988513  0.032063  0.051356  -0.024709  0.998375  0.009322  0.005585  0.001693  0.080305  0.226986  0.662215  2.000000  
196.314295 0.015839  0.102173  -0.012333  0.987557  0.149924  -0.047487  -0.148504  0.988389  0.032161  0.051757  -0.024709  0.998354  0.009616  0.005569  0.001833  0.081806  0.235303  0.690032  2.000000  
196.315555 0.015852  0.102177  -0.012329  0.987376  0.150954  -0.047982  -0.149516  0.988232  0.032290  0.052291  -0.024708  0.998326  0.009901  0.005446  0.002015  0.083951  0.252163  0.731547  2.000000  
196.316797 0.015866  0.102182  -0.012327  0.987231  0.151778  -0.048351  -0.150326  0.988106  0.032390  0.052692  -0.024708  0.998305  0.010163  0.005347  0.002034  0.085463  0.265055  0.759708  2.000000  
196.318043 0.015879  0.102187  -0.012323  0.987110  0.152401  -0.048859  -0.150931  0.988010  0.032500  0.053227  -0.024707  0.998277  0.010367  0.005216  0.002150  0.086745  0.278094  0.780893  2.000000  
196.319045 0.015889  0.102191  -0.012321  0.987027  0.152818  -0.049242  -0.151334  0.987946  0.032581  0.053628  -0.024706  0.998255  0.010447  0.005065  0.002169  0.087607  0.291342  0.795286  2.000000  
196.320046 0.015900  0.102197  -0.012318  0.986943  0.153234  -0.049625  -0.151738  0.987881  0.032662  0.054028  -0.024706  0.998234  0.010521  0.004910  0.002314  0.088142  0.300114  0.802255  2.000000  
196.321293 0.015914  0.102204  -0.012314  0.986859  0.153645  -0.050026  -0.152141  0.987820  0.032624  0.054429  -0.024584  0.998215  0.010519  0.004728  0.002459  0.083253  0.306806  0.789066  2.000000  
196.322303 0.015924  0.102209  -0.012312  0.986813  0.153855  -0.050283  -0.152341  0.987788  0.032675  0.054696  -0.024584  0.998200  0.010593  0.004582  0.002521  0.079321  0.314073  0.781764  2.000000  
196.323548 0.015935  0.102214  -0.012308  0.986729  0.154265  -0.050684  -0.152744  0.987727  0.032637  0.055097  -0.024462  0.998181  0.010463  0.004390  0.002610  0.071371  0.323044  0.781920  2.000000  
196.324795 0.015945  0.102217  -0.012305  0.986683  0.154475  -0.050942  -0.152945  0.987694  0.032689  0.055364  -0.024462  0.998167  0.010227  0.004193  0.002702  0.071239  0.323250  0.775098  2.000000  
196.325796 0.015952  0.102220  -0.012301  0.986668  0.154475  -0.051224  -0.152943  0.987697  0.032610  0.055632  -0.024341  0.998155  0.009885  0.004003  0.002773  0.061885  0.323884  0.747379  2.000000  
196.327043 0.015961  0.102223  -0.012296  0.986646  0.154478  -0.051639  -0.152940  0.987699  0.032551  0.056032  -0.024219  0.998135  0.009582  0.003836  0.002896  0.056402  0.320329  0.712841  2.000000  
196.328296 0.015968  0.102225  -0.012291  0.986631  0.154472  -0.051940  -0.152937  0.987706  0.032353  0.056299  -0.023976  0.998126  0.009238  0.003701  0.003024  0.042237  0.321426  0.671484  2.000000  
196.329545 0.015974  0.102227  -0.012286  0.986616  0.154472  -0.052223  -0.152935  0.987709  0.032274  0.056567  -0.023855  0.998114  0.008800  0.003591  0.003104  0.032507  0.317669  0.636637  2.000000  
196.330790 0.015980  0.102230  -0.012281  0.986632  0.154269  -0.052512  -0.152730  0.987744  0.032184  0.056834  -0.023734  0.998102  0.008278  0.003422  0.003214  0.026227  0.316073  0.590257  2.000000  
196.331792 0.015985  0.102232  -0.012277  0.986649  0.154059  -0.052820  -0.152524  0.987782  0.031974  0.057101  -0.023491  0.998092  0.007910  0.003333  0.003306  0.012070  0.321592  0.549307  2.000000  
196.332792 0.015989  0.102234  -0.012273  0.986673  0.153852  -0.052978  -0.152320  0.987817  0.031864  0.057235  -0.023370  0.998087  0.007447  0.003180  0.003413  0.005622  0.318257  0.501133  2.000000  
196.334040 0.015994  0.102237  -0.012268  0.986689  0.153649  -0.053267  -0.152114  0.987852  0.031774  0.057502  -0.023248  0.998075  0.006960  0.003034  0.003537  -0.005190  0.315131  0.446253  2.000000  
196.335050 0.015997  0.102240  -0.012264  0.986681  0.153645  -0.053417  -0.152113  0.987855  0.031674  0.057635  -0.023127  0.998070  0.006394  0.002839  0.003628  -0.015438  0.305212  0.408136  2.000000  
196.336295 0.016002  0.102245  -0.012258  0.986697  0.153435  -0.053725  -0.151908  0.987894  0.031464  0.057902  -0.022885  0.998060  0.005756  0.002689  0.003741  -0.029508  0.299296  0.363608  2.000000  
196.337547 0.016004  0.102249  -0.012253  0.986744  0.153028  -0.054021  -0.151499  0.987960  0.031363  0.058170  -0.022763  0.998047  0.005157  0.002617  0.003841  -0.040029  0.291477  0.315385  2.000000  
196.338558 0.016004  0.102252  -0.012250  0.986768  0.152821  -0.054178  -0.151295  0.987995  0.031252  0.058303  -0.022642  0.998042  0.004566  0.002519  0.003893  -0.046928  0.281428  0.269168  2.000000  
196.339798 0.016005  0.102254  -0.012246  0.986822  0.152404  -0.054359  -0.150887  0.988064  0.031011  0.058437  -0.022400  0.998040  0.003944  0.002470  0.003923  -0.061236  0.271480  0.218898  2.000000  
196.341044 0.016005  0.102258  -0.012242  0.986846  0.152197  -0.054516  -0.150683  0.988099  0.030900  0.058570  -0.022278  0.998035  0.003343  0.002416  0.003875  -0.073231  0.261712  0.158224  2.000000  
196.342295 0.016005  0.102260  -0.012238  0.986838  0.152186  -0.054685  -0.150682  0.988106  0.030680  0.058704  -0.022036  0.998032  0.002800  0.002447  0.003825  -0.083223  0.249012  0.123314  2.000000  
196.343545 0.016004  0.102263  -0.012233  0.986900  0.151773  -0.054716  -0.150275  0.988172  0.030538  0.058704  -0.021915  0.998035  0.002310  0.002482  0.003769  -0.089570  0.236507  0.081543  2.000000  
196.344794 0.016004  0.102266  -0.012229  0.986923  0.151566  -0.054873  -0.150071  0.988207  0.030427  0.058837  -0.021794  0.998030  0.001868  0.002606  0.003751  -0.094758  0.226446  0.046398  2.000000  
196.346040 0.016006  0.102271  -0.012224  0.986946  0.151358  -0.055030  -0.149867  0.988241  0.030316  0.058971  -0.021673  0.998024  0.001605  0.002762  0.003738  -0.100711  0.218347  0.011927  2.000000  
196.347040 0.016008  0.102276  -0.012219  0.986969  0.151151  -0.055186  -0.149662  0.988276  0.030204  0.059105  -0.021551  0.998019  0.001461  0.002913  0.003763  -0.107576  0.207502  -0.022841  2.000000  
196.348042 0.016010  0.102280  -0.012214  0.986969  0.151144  -0.055204  -0.149662  0.988279  0.030084  0.059105  -0.021430  0.998022  0.001268  0.003054  0.003844  -0.111480  0.197137  -0.036564  2.000000  
196.349044 0.016012  0.102284  -0.012210  0.986992  0.150937  -0.055361  -0.149458  0.988314  0.029973  0.059238  -0.021309  0.998016  0.001197  0.003160  0.003883  -0.116700  0.188697  -0.057332  2.000000  
196.350295 0.016017  0.102290  -0.012204  0.987015  0.150730  -0.055517  -0.149253  0.988348  0.029862  0.059372  -0.021188  0.998011  0.001193  0.003249  0.003930  -0.123333  0.177400  -0.085752  2.000000  
196.351551 0.016022  0.102296  -0.012199  0.987038  0.150522  -0.055674  -0.149049  0.988382  0.029751  0.059505  -0.021067  0.998006  0.001292  0.003361  0.003909  -0.124529  0.168855  -0.106686  2.000000  
196.352794 0.016027  0.102301  -0.012193  0.987038  0.150515  -0.055692  -0.149049  0.988386  0.029631  0.059505  -0.020946  0.998008  0.001552  0.003444  0.003973  -0.127988  0.158741  -0.112899  2.000000  
196.353794 0.016033  0.102306  -0.012188  0.987068  0.150312  -0.055698  -0.148846  0.988417  0.029619  0.059505  -0.020946  0.998008  0.001895  0.003563  0.004055  0.000000  0.000000  0.000000  2.000000  
196.354795 0.016038  0.102310  -0.012184  0.987068  0.150305  -0.055717  -0.148846  0.988420  0.029499  0.059505  -0.020825  0.998011  0.002185  0.003708  0.004149  0.000000  0.000000  0.000000  2.000000  
196.355795 0.016043  0.102315  -0.012179  0.987061  0.150301  -0.055867  -0.148845  0.988423  0.029399  0.059639  -0.020703  0.998005  0.002588  0.003860  0.004271  0.000000  0.000000  0.000000  2.000000  
196.356818 0.016050  0.102320  -0.012174  0.987091  0.150098  -0.055873  -0.148642  0.988454  0.029388  0.059639  -0.020703  0.998005  0.003038  0.004063  0.004339  0.000000  0.000000  0.000000  2.000000  
196.358045 0.016058  0.102326  -0.012169  0.987091  0.150091  -0.055891  -0.148642  0.988458  0.029268  0.059639  -0.020582  0.998008  0.003657  0.004291  0.004405  0.000000  0.000000  0.000000  2.000000  
196.359295 0.016068  0.102333  -0.012164  0.987091  0.150091  -0.055891  -0.148642  0.988458  0.029268  0.059639  -0.020582  0.998008  0.004331  0.004599  0.004464  0.000000  0.000000  0.000000  2.000000  
196.360545 0.016079  0.102342  -0.012158  0.987091  0.150091  -0.055891  -0.148642  0.988458  0.029268  0.059639  -0.020582  0.998008  0.004931  0.004866  0.004548  0.000000  0.000000  0.000000  2.000000  
196.361548 0.016088  0.102350  -0.012152  0.987091  0.150091  -0.055891  -0.148642  0.988458  0.029268  0.059639  -0.020582  0.998008  0.005419  0.005100  0.004608  0.000000  0.000000  0.000000  2.000000  
196.362796 0.016101  0.102360  -0.012146  0.987091  0.150091  -0.055891  -0.148642  0.988458  0.029268  0.059639  -0.020582  0.998008  0.006143  0.005422  0.004617  0.000000  0.000000  0.000000  2.000000  
196.364041 0.016113  0.102371  -0.012139  0.987091  0.150091  -0.055891  -0.148642  0.988458  0.029268  0.059639  -0.020582  0.998008  0.006724  0.005814  0.004755  0.000000  0.000000  0.000000  2.000000  
196.365041 0.016124  0.102380  -0.012132  0.987091  0.150091  -0.055891  -0.148642  0.988458  0.029268  0.059639  -0.020582  0.998008  0.007276  0.006089  0.004850  0.000000  0.000000  0.000000  2.000000  
196.366041 0.016134  0.102389  -0.012125  0.987053  0.150297  -0.056017  -0.148844  0.988427  0.029299  0.059772  -0.020582  0.998000  0.007673  0.006374  0.004993  0.000000  0.000000  0.000000  2.000000  
196.367043 0.016145  0.102398  -0.012119  0.987053  0.150297  -0.056017  -0.148844  0.988427  0.029299  0.059772  -0.020582  0.998000  0.008076  0.006637  0.005126  0.000000  0.000000  0.000000  2.000000  
196.368050 0.016156  0.102406  -0.012112  0.987053  0.150297  -0.056017  -0.148844  0.988427  0.029299  0.059772  -0.020582  0.998000  0.008507  0.006946  0.005304  0.000000  0.000000  0.000000  2.000000  
196.369297 0.016168  0.102418  -0.012103  0.987053  0.150297  -0.056017  -0.148844  0.988427  0.029299  0.059772  -0.020582  0.998000  0.008999  0.007434  0.005591  0.000000  0.000000  0.000000  2.000000  
196.370300 0.016179  0.102427  -0.012094  0.987014  0.150503  -0.056143  -0.149046  0.988395  0.029331  0.059906  -0.020582  0.997992  0.009332  0.007745  0.005811  0.000000  0.000000  0.000000  2.000000  
196.371548 0.016193  0.102440  -0.012084  0.987014  0.150503  -0.056143  -0.149046  0.988395  0.029331  0.059906  -0.020582  0.997992  0.009715  0.008153  0.006137  0.000000  0.000000  0.000000  2.000000  
196.372796 0.016207  0.102452  -0.012074  0.987014  0.150503  -0.056143  -0.149046  0.988395  0.029331  0.059906  -0.020582  0.997992  0.010098  0.008559  0.006474  0.000000  0.000000  0.000000  2.000000  
196.374046 0.016221  0.102466  -0.012064  0.986983  0.150714  -0.056119  -0.149249  0.988361  0.029462  0.059906  -0.020703  0.997989  0.010389  0.008965  0.006753  0.000000  0.000000  0.000000  2.000000  
196.375294 0.016235  0.102479  -0.012055  0.986983  0.150714  -0.056119  -0.149249  0.988361  0.029462  0.059906  -0.020703  0.997989  0.010581  0.009304  0.006954  0.000000  0.000000  0.000000  2.000000  
196.376295 0.016246  0.102491  -0.012048  0.986975  0.150723  -0.056232  -0.149248  0.988357  0.029602  0.060039  -0.020824  0.997979  0.010725  0.009575  0.007069  0.000000  0.000000  0.000000  2.000000  
196.377295 0.016257  0.102503  -0.012041  0.986945  0.150927  -0.056226  -0.149451  0.988326  0.029614  0.060039  -0.020824  0.997979  0.010809  0.009813  0.007233  0.000000  0.000000  0.000000  2.000000  
196.378556 0.016271  0.102518  -0.012032  0.986945  0.150933  -0.056208  -0.149451  0.988322  0.029734  0.060039  -0.020945  0.997976  0.010838  0.010092  0.007306  0.000000  0.000000  0.000000  2.000000  
196.379793 0.016284  0.102533  -0.012023  0.986937  0.150943  -0.056322  -0.149450  0.988318  0.029873  0.060173  -0.021066  0.997966  0.010818  0.010384  0.007434  0.000000  0.000000  0.000000  2.000000  
196.381043 0.016297  0.102548  -0.012013  0.986937  0.150950  -0.056303  -0.149450  0.988314  0.029993  0.060173  -0.021187  0.997963  0.010813  0.010640  0.007526  0.000000  0.000000  0.000000  2.000000  
196.382046 0.016306  0.102559  -0.012006  0.986929  0.150953  -0.056436  -0.149448  0.988314  0.030013  0.060307  -0.021187  0.997955  0.010715  0.010796  0.007545  0.000000  0.000000  0.000000  2.000000  
196.383051 0.016315  0.102570  -0.011999  0.986929  0.150953  -0.056436  -0.149448  0.988314  0.030013  0.060307  -0.021187  0.997955  0.010599  0.010932  0.007549  0.000000  0.000000  0.000000  2.000000  
196.384292 0.016326  0.102583  -0.011989  0.986929  0.150960  -0.056417  -0.149448  0.988310  0.030133  0.060307  -0.021308  0.997952  0.010485  0.011038  0.007568  0.000000  0.000000  0.000000  2.000000  
196.385298 0.016334  0.102593  -0.011982  0.986921  0.150962  -0.056549  -0.149447  0.988310  0.030153  0.060440  -0.021308  0.997944  0.010314  0.011095  0.007480  0.000000  0.000000  0.000000  2.000000  
196.386556 0.016344  0.102607  -0.011973  0.986921  0.150969  -0.056531  -0.149447  0.988306  0.030273  0.060440  -0.021429  0.997942  0.010062  0.011161  0.007366  0.000000  0.000000  0.000000  2.000000  
196.387795 0.016355  0.102620  -0.011963  0.986913  0.150972  -0.056663  -0.149446  0.988306  0.030293  0.060574  -0.021429  0.997934  0.009846  0.011211  0.007393  0.000000  0.000000  0.000000  2.000000  
196.389051 0.016366  0.102634  -0.011954  0.986935  0.150771  -0.056801  -0.149241  0.988336  0.030301  0.060707  -0.021428  0.997926  0.009615  0.011210  0.007348  0.000000  0.000000  0.000000  2.000000  
196.390293 0.016376  0.102648  -0.011945  0.986927  0.150781  -0.056915  -0.149240  0.988332  0.030441  0.060841  -0.021549  0.997915  0.009437  0.011225  0.007306  0.000000  0.000000  0.000000  2.000000  
196.391295 0.016385  0.102659  -0.011939  0.986919  0.150784  -0.057047  -0.149239  0.988332  0.030461  0.060974  -0.021549  0.997907  0.009243  0.011159  0.007294  0.000000  0.000000  0.000000  2.000000  
196.392547 0.016395  0.102672  -0.011931  0.986911  0.150794  -0.057161  -0.149238  0.988328  0.030601  0.061108  -0.021670  0.997896  0.008976  0.011048  0.007225  0.000000  0.000000  0.000000  2.000000  
196.393549 0.016402  0.102682  -0.011925  0.986934  0.150593  -0.057299  -0.149033  0.988358  0.030609  0.061241  -0.021670  0.997888  0.008757  0.010919  0.007146  0.000000  0.000000  0.000000  2.000000  
196.394557 0.016409  0.102691  -0.011919  0.986934  0.150593  -0.057299  -0.149033  0.988358  0.030609  0.061241  -0.021670  0.997888  0.008524  0.010707  0.007013  0.000000  0.000000  0.000000  2.000000  
196.395792 0.016418  0.102703  -0.011912  0.986956  0.150400  -0.057419  -0.148829  0.988385  0.030737  0.061375  -0.021791  0.997877  0.008229  0.010484  0.006828  0.000000  0.000000  0.000000  2.000000  
196.397040 0.016426  0.102713  -0.011906  0.986948  0.150402  -0.057551  -0.148828  0.988385  0.030757  0.061509  -0.021790  0.997869  0.008024  0.010277  0.006662  0.000000  0.000000  0.000000  2.000000  
196.398040 0.016432  0.102721  -0.011901  0.986940  0.150405  -0.057683  -0.148827  0.988384  0.030777  0.061642  -0.021790  0.997860  0.007851  0.010092  0.006526  0.000000  0.000000  0.000000  2.000000  
196.399042 0.016438  0.102729  -0.011896  0.986963  0.150205  -0.057821  -0.148622  0.988415  0.030785  0.061776  -0.021790  0.997852  0.007629  0.009913  0.006304  0.000000  0.000000  0.000000  2.000000  
196.400295 0.016445  0.102739  -0.011891  0.986985  0.150011  -0.057942  -0.148418  0.988441  0.030913  0.061909  -0.021911  0.997841  0.007435  0.009691  0.006104  0.000000  0.000000  0.000000  2.000000  
196.401317 0.016451  0.102746  -0.011886  0.986977  0.150014  -0.058074  -0.148416  0.988441  0.030933  0.062043  -0.021911  0.997833  0.007232  0.009407  0.005900  0.000000  0.000000  0.000000  2.000000  
196.402556 0.016459  0.102755  -0.011879  0.986999  0.149813  -0.058212  -0.148212  0.988471  0.030941  0.062176  -0.021911  0.997825  0.007059  0.009154  0.005668  0.000000  0.000000  0.000000  2.000000  
196.403798 0.016467  0.102765  -0.011873  0.986991  0.149816  -0.058344  -0.148211  0.988471  0.030960  0.062310  -0.021910  0.997816  0.006869  0.008913  0.005519  0.000000  0.000000  0.000000  2.000000  
196.405045 0.016475  0.102776  -0.011865  0.987005  0.149619  -0.058615  -0.148005  0.988501  0.030988  0.062577  -0.021910  0.997800  0.006701  0.008671  0.005433  0.000000  0.000000  0.000000  2.000000  
196.406045 0.016482  0.102783  -0.011860  0.986997  0.149622  -0.058747  -0.148004  0.988501  0.031008  0.062710  -0.021910  0.997791  0.006586  0.008450  0.005341  0.000000  0.000000  0.000000  2.000000  
196.407294 0.016490  0.102793  -0.011852  0.987019  0.149421  -0.058885  -0.147799  0.988531  0.031015  0.062844  -0.021910  0.997783  0.006491  0.008228  0.005361  0.000000  0.000000  0.000000  2.000000  
196.408295 0.016497  0.102800  -0.011847  0.987010  0.149424  -0.059017  -0.147798  0.988530  0.031035  0.062977  -0.021909  0.997774  0.006409  0.008028  0.005297  0.000000  0.000000  0.000000  2.000000  
196.409546 0.016504  0.102808  -0.011840  0.987032  0.149223  -0.059155  -0.147594  0.988561  0.031043  0.063111  -0.021909  0.997766  0.006302  0.007757  0.005307  0.000000  0.000000  0.000000  2.000000  
196.410558 0.016510  0.102814  -0.011834  0.987024  0.149226  -0.059287  -0.147593  0.988560  0.031062  0.063245  -0.021909  0.997758  0.006249  0.007500  0.005318  0.000000  0.000000  0.000000  2.000000  
196.411793 0.016518  0.102821  -0.011827  0.987046  0.149025  -0.059426  -0.147388  0.988591  0.031070  0.063378  -0.021909  0.997749  0.006214  0.007288  0.005338  0.000000  0.000000  0.000000  2.000000  
196.413043 0.016525  0.102828  -0.011820  0.987038  0.149028  -0.059558  -0.147387  0.988590  0.031090  0.063512  -0.021909  0.997741  0.006191  0.007104  0.005417  0.000000  0.000000  0.000000  2.000000  
196.414294 0.016533  0.102836  -0.011812  0.987060  0.148828  -0.059696  -0.147182  0.988620  0.031097  0.063645  -0.021908  0.997732  0.006281  0.006989  0.005538  0.000000  0.000000  0.000000  2.000000  
196.415294 0.016540  0.102842  -0.011807  0.987051  0.148831  -0.059828  -0.147181  0.988620  0.031117  0.063779  -0.021908  0.997724  0.006310  0.006868  0.005553  0.000000  0.000000  0.000000  2.000000  
196.416295 0.016547  0.102848  -0.011801  0.987043  0.148834  -0.059960  -0.147180  0.988620  0.031137  0.063912  -0.021908  0.997715  0.006414  0.006846  0.005684  0.000000  0.000000  0.000000  2.000000  
196.417545 0.016556  0.102857  -0.011793  0.987043  0.148834  -0.059960  -0.147180  0.988620  0.031137  0.063912  -0.021908  0.997715  0.006484  0.006773  0.005741  0.000000  0.000000  0.000000  2.000000  
196.418560 0.016563  0.102864  -0.011788  0.987065  0.148633  -0.060099  -0.146975  0.988650  0.031144  0.064046  -0.021908  0.997706  0.006512  0.006671  0.005726  0.000000  0.000000  0.000000  2.000000  
196.419794 0.016573  0.102873  -0.011780  0.987056  0.148636  -0.060231  -0.146974  0.988649  0.031163  0.064179  -0.021908  0.997698  0.006602  0.006625  0.005790  0.000000  0.000000  0.000000  2.000000  
196.420797 0.016580  0.102880  -0.011774  0.987048  0.148639  -0.060363  -0.146973  0.988649  0.031183  0.064313  -0.021908  0.997689  0.006700  0.006594  0.005830  0.000000  0.000000  0.000000  2.000000  
196.422050 0.016590  0.102889  -0.011766  0.987039  0.148642  -0.060495  -0.146972  0.988648  0.031203  0.064446  -0.021907  0.997681  0.006786  0.006544  0.005805  0.000000  0.000000  0.000000  2.000000  
196.423052 0.016598  0.102897  -0.011760  0.987039  0.148642  -0.060495  -0.146972  0.988648  0.031203  0.064446  -0.021907  0.997681  0.006857  0.006561  0.005910  0.000000  0.000000  0.000000  2.000000  
196.424297 0.016608  0.102906  -0.011751  0.987030  0.148637  -0.060645  -0.146970  0.988652  0.031103  0.064580  -0.021786  0.997675  0.007043  0.006673  0.006013  0.000000  0.000000  0.000000  2.000000  
196.425298 0.016615  0.102913  -0.011743  0.987022  0.148640  -0.060777  -0.146969  0.988651  0.031122  0.064713  -0.021786  0.997666  0.007138  0.006753  0.006137  0.000000  0.000000  0.000000  2.000000  
196.426560 0.016625  0.102922  -0.011735  0.986992  0.148844  -0.060771  -0.147172  0.988621  0.031135  0.064713  -0.021786  0.997666  0.007284  0.006877  0.006255  0.000000  0.000000  0.000000  2.000000  
196.427793 0.016635  0.102932  -0.011726  0.986983  0.148846  -0.060903  -0.147171  0.988620  0.031154  0.064847  -0.021786  0.997657  0.007464  0.007020  0.006353  0.000000  0.000000  0.000000  2.000000  
196.428796 0.016643  0.102940  -0.011719  0.986974  0.148849  -0.061035  -0.147170  0.988620  0.031174  0.064980  -0.021786  0.997649  0.007555  0.007175  0.006474  0.000000  0.000000  0.000000  2.000000  
196.430040 0.016654  0.102950  -0.011710  0.986974  0.148849  -0.061035  -0.147170  0.988620  0.031174  0.064980  -0.021786  0.997649  0.007718  0.007318  0.006552  0.000000  0.000000  0.000000  2.000000  
196.431040 0.016663  0.102959  -0.011703  0.986966  0.148852  -0.061167  -0.147168  0.988619  0.031194  0.065114  -0.021785  0.997640  0.007833  0.007468  0.006599  0.000000  0.000000  0.000000  2.000000  
196.432044 0.016672  0.102968  -0.011696  0.986936  0.149056  -0.061160  -0.147372  0.988589  0.031206  0.065114  -0.021785  0.997640  0.007954  0.007621  0.006702  0.000000  0.000000  0.000000  2.000000  
196.433050 0.016681  0.102977  -0.011690  0.986927  0.149059  -0.061292  -0.147370  0.988588  0.031226  0.065247  -0.021785  0.997631  0.008080  0.007769  0.006710  0.000000  0.000000  0.000000  2.000000  
196.434292 0.016692  0.102988  -0.011682  0.986927  0.149059  -0.061292  -0.147370  0.988588  0.031226  0.065247  -0.021785  0.997631  0.008222  0.007950  0.006727  0.000000  0.000000  0.000000  2.000000  
196.435298 0.016701  0.102998  -0.011676  0.986927  0.149059  -0.061292  -0.147370  0.988588  0.031226  0.065247  -0.021785  0.997631  0.008349  0.008134  0.006785  0.000000  0.000000  0.000000  2.000000  
196.436549 0.016713  0.103009  -0.011668  0.986888  0.149265  -0.061418  -0.147572  0.988557  0.031258  0.065381  -0.021785  0.997623  0.008424  0.008242  0.006751  0.000000  0.000000  0.000000  2.000000  
196.437794 0.016724  0.103021  -0.011660  0.986888  0.149265  -0.061418  -0.147572  0.988557  0.031258  0.065381  -0.021785  0.997623  0.008539  0.008437  0.006704  0.000000  0.000000  0.000000  2.000000  
196.438794 0.016733  0.103030  -0.011654  0.986879  0.149268  -0.061550  -0.147571  0.988557  0.031278  0.065514  -0.021785  0.997614  0.008597  0.008548  0.006659  0.000000  0.000000  0.000000  2.000000  
196.439795 0.016741  0.103040  -0.011647  0.986879  0.149268  -0.061550  -0.147571  0.988557  0.031278  0.065514  -0.021785  0.997614  0.008670  0.008690  0.006672  0.000000  0.000000  0.000000  2.000000  
196.440797 0.016750  0.103050  -0.011641  0.986849  0.149471  -0.061543  -0.147774  0.988526  0.031291  0.065514  -0.021785  0.997614  0.008703  0.008849  0.006607  0.000000  0.000000  0.000000  2.000000  
196.442044 0.016761  0.103062  -0.011632  0.986840  0.149467  -0.061694  -0.147773  0.988529  0.031191  0.065648  -0.021664  0.997608  0.008778  0.009016  0.006574  0.000000  0.000000  0.000000  2.000000  
196.443048 0.016769  0.103071  -0.011626  0.986840  0.149467  -0.061694  -0.147773  0.988529  0.031191  0.065648  -0.021664  0.997608  0.008781  0.009143  0.006485  0.000000  0.000000  0.000000  2.000000  
196.444294 0.016780  0.103083  -0.011618  0.986840  0.149467  -0.061694  -0.147773  0.988529  0.031191  0.065648  -0.021664  0.997608  0.008834  0.009334  0.006473  0.000000  0.000000  0.000000  2.000000  
196.445308 0.016789  0.103093  -0.011611  0.986831  0.149470  -0.061826  -0.147771  0.988529  0.031210  0.065781  -0.021663  0.997599  0.008820  0.009436  0.006464  0.000000  0.000000  0.000000  2.000000  
196.446548 0.016799  0.103106  -0.011603  0.986801  0.149673  -0.061819  -0.147975  0.988498  0.031223  0.065781  -0.021663  0.997599  0.008797  0.009513  0.006399  0.000000  0.000000  0.000000  2.000000  
196.447792 0.016810  0.103119  -0.011595  0.986792  0.149684  -0.061933  -0.147973  0.988494  0.031363  0.065915  -0.021784  0.997587  0.008766  0.009597  0.006387  0.000000  0.000000  0.000000  2.000000  
196.448792 0.016818  0.103128  -0.011589  0.986792  0.149684  -0.061933  -0.147973  0.988494  0.031363  0.065915  -0.021784  0.997587  0.008677  0.009648  0.006401  0.000000  0.000000  0.000000  2.000000  
196.450041 0.016828  0.103140  -0.011581  0.986784  0.149686  -0.062065  -0.147972  0.988494  0.031383  0.066048  -0.021784  0.997579  0.008565  0.009670  0.006417  0.000000  0.000000  0.000000  2.000000  
196.451041 0.016835  0.103149  -0.011576  0.986784  0.149686  -0.062065  -0.147972  0.988494  0.031383  0.066048  -0.021784  0.997579  0.008478  0.009629  0.006395  0.000000  0.000000  0.000000  2.000000  
196.452051 0.016843  0.103159  -0.011570  0.986775  0.149689  -0.062197  -0.147971  0.988493  0.031402  0.066182  -0.021784  0.997570  0.008362  0.009641  0.006345  0.000000  0.000000  0.000000  2.000000  
196.453302 0.016852  0.103170  -0.011563  0.986775  0.149689  -0.062197  -0.147971  0.988493  0.031402  0.066182  -0.021784  0.997570  0.008228  0.009605  0.006334  0.000000  0.000000  0.000000  2.000000  
196.454552 0.016861  0.103180  -0.011556  0.986775  0.149689  -0.062197  -0.147971  0.988493  0.031402  0.066182  -0.021784  0.997570  0.008082  0.009524  0.006218  0.000000  0.000000  0.000000  2.000000  
196.455560 0.016867  0.103189  -0.011550  0.986766  0.149692  -0.062329  -0.147969  0.988493  0.031422  0.066315  -0.021784  0.997561  0.007937  0.009420  0.006151  0.000000  0.000000  0.000000  2.000000  
196.456796 0.016876  0.103199  -0.011543  0.986766  0.149692  -0.062329  -0.147969  0.988493  0.031422  0.066315  -0.021784  0.997561  0.007782  0.009292  0.006027  0.000000  0.000000  0.000000  2.000000  
196.458044 0.016885  0.103209  -0.011537  0.986757  0.149695  -0.062461  -0.147968  0.988492  0.031442  0.066449  -0.021783  0.997552  0.007701  0.009231  0.005968  0.000000  0.000000  0.000000  2.000000  
196.459044 0.016891  0.103217  -0.011532  0.986749  0.149698  -0.062593  -0.147967  0.988492  0.031462  0.066582  -0.021783  0.997543  0.007521  0.009065  0.005869  0.000000  0.000000  0.000000  2.000000  
196.460291 0.016900  0.103227  -0.011525  0.986779  0.149494  -0.062599  -0.147764  0.988523  0.031449  0.066582  -0.021783  0.997543  0.007404  0.008925  0.005778  0.000000  0.000000  0.000000  2.000000  
196.461547 0.016908  0.103237  -0.011517  0.986770  0.149497  -0.062731  -0.147762  0.988522  0.031469  0.066716  -0.021783  0.997534  0.007239  0.008738  0.005741  0.000000  0.000000  0.000000  2.000000  
196.462550 0.016915  0.103244  -0.011512  0.986761  0.149500  -0.062863  -0.147761  0.988522  0.031489  0.066849  -0.021783  0.997525  0.007073  0.008510  0.005655  0.000000  0.000000  0.000000  2.000000  
196.463795 0.016922  0.103254  -0.011505  0.986752  0.149503  -0.062995  -0.147760  0.988521  0.031508  0.066983  -0.021783  0.997516  0.006969  0.008337  0.005620  0.000000  0.000000  0.000000  2.000000  
196.465042 0.016930  0.103262  -0.011499  0.986744  0.149506  -0.063127  -0.147758  0.988521  0.031528  0.067116  -0.021783  0.997507  0.006787  0.008061  0.005474  0.000000  0.000000  0.000000  2.000000  
196.466290 0.016937  0.103270  -0.011492  0.986735  0.149509  -0.063259  -0.147757  0.988520  0.031548  0.067250  -0.021782  0.997498  0.006649  0.007856  0.005457  0.000000  0.000000  0.000000  2.000000  
196.467290 0.016943  0.103275  -0.011488  0.986735  0.149509  -0.063259  -0.147757  0.988520  0.031548  0.067250  -0.021782  0.997498  0.006536  0.007620  0.005367  0.000000  0.000000  0.000000  2.000000  
196.468298 0.016948  0.103282  -0.011483  0.986726  0.149512  -0.063391  -0.147756  0.988520  0.031568  0.067383  -0.021782  0.997489  0.006421  0.007471  0.005321  0.000000  0.000000  0.000000  2.000000  
196.469546 0.016955  0.103288  -0.011477  0.986747  0.149311  -0.063530  -0.147551  0.988550  0.031574  0.067517  -0.021782  0.997480  0.006282  0.007207  0.005210  0.000000  0.000000  0.000000  2.000000  
196.470549 0.016960  0.103294  -0.011473  0.986738  0.149314  -0.063662  -0.147550  0.988550  0.031594  0.067650  -0.021782  0.997471  0.006190  0.007032  0.005137  0.000000  0.000000  0.000000  2.000000  
196.471793 0.016967  0.103301  -0.011467  0.986729  0.149317  -0.063794  -0.147548  0.988549  0.031614  0.067784  -0.021782  0.997462  0.006095  0.006852  0.005061  0.000000  0.000000  0.000000  2.000000  
196.472795 0.016972  0.103307  -0.011463  0.986720  0.149320  -0.063926  -0.147547  0.988549  0.031633  0.067917  -0.021781  0.997453  0.005942  0.006627  0.004988  0.000000  0.000000  0.000000  2.000000  
196.473799 0.016978  0.103313  -0.011459  0.986720  0.149320  -0.063926  -0.147547  0.988549  0.031633  0.067917  -0.021781  0.997453  0.005887  0.006475  0.004897  0.000000  0.000000  0.000000  2.000000  
196.475043 0.016985  0.103319  -0.011454  0.986711  0.149323  -0.064058  -0.147546  0.988549  0.031653  0.068051  -0.021781  0.997444  0.005756  0.006257  0.004789  0.000000  0.000000  0.000000  2.000000  
196.476046 0.016990  0.103325  -0.011450  0.986702  0.149326  -0.064190  -0.147544  0.988548  0.031673  0.068184  -0.021781  0.997435  0.005692  0.006078  0.004645  0.000000  0.000000  0.000000  2.000000  
196.477295 0.016997  0.103332  -0.011445  0.986693  0.149328  -0.064322  -0.147543  0.988548  0.031693  0.068318  -0.021781  0.997426  0.005581  0.005922  0.004555  0.000000  0.000000  0.000000  2.000000  
196.478551 0.017003  0.103338  -0.011440  0.986684  0.149331  -0.064454  -0.147542  0.988547  0.031712  0.068451  -0.021781  0.997417  0.005485  0.005683  0.004431  0.000000  0.000000  0.000000  2.000000  
196.479792 0.017010  0.103343  -0.011434  0.986675  0.149334  -0.064586  -0.147540  0.988547  0.031732  0.068585  -0.021780  0.997408  0.005448  0.005573  0.004402  0.000000  0.000000  0.000000  2.000000  
196.480797 0.017015  0.103348  -0.011430  0.986666  0.149337  -0.064718  -0.147539  0.988546  0.031752  0.068718  -0.021780  0.997398  0.005373  0.005446  0.004341  0.000000  0.000000  0.000000  2.000000  
196.482044 0.017021  0.103354  -0.011425  0.986657  0.149340  -0.064850  -0.147538  0.988546  0.031772  0.068852  -0.021780  0.997389  0.005284  0.005349  0.004271  0.000000  0.000000  0.000000  2.000000  
196.483048 0.017025  0.103359  -0.011420  0.986648  0.149335  -0.065000  -0.147536  0.988549  0.031671  0.068985  -0.021659  0.997383  0.005238  0.005261  0.004234  0.000000  0.000000  0.000000  2.000000  
196.484290 0.017032  0.103366  -0.011415  0.986639  0.149338  -0.065132  -0.147535  0.988549  0.031691  0.069119  -0.021659  0.997373  0.005211  0.005239  0.004212  0.000000  0.000000  0.000000  2.000000  
196.485297 0.017037  0.103371  -0.011410  0.986630  0.149341  -0.065264  -0.147534  0.988549  0.031711  0.069252  -0.021658  0.997364  0.005210  0.005208  0.004260  0.000000  0.000000  0.000000  2.000000  
196.486550 0.017043  0.103378  -0.011405  0.986620  0.149344  -0.065396  -0.147532  0.988548  0.031731  0.069386  -0.021658  0.997355  0.005164  0.005198  0.004224  0.000000  0.000000  0.000000  2.000000  
196.487794 0.017050  0.103385  -0.011400  0.986611  0.149346  -0.065528  -0.147531  0.988548  0.031750  0.069519  -0.021658  0.997345  0.005180  0.005185  0.004236  0.000000  0.000000  0.000000  2.000000  
196.489045 0.017057  0.103392  -0.011394  0.986602  0.149349  -0.065660  -0.147529  0.988547  0.031770  0.069653  -0.021658  0.997336  0.005154  0.005204  0.004265  0.000000  0.000000  0.000000  2.000000  
196.490047 0.017062  0.103398  -0.011390  0.986593  0.149352  -0.065792  -0.147528  0.988547  0.031790  0.069786  -0.021658  0.997327  0.005183  0.005259  0.004241  0.000000  0.000000  0.000000  2.000000  
196.491295 0.017069  0.103406  -0.011385  0.986584  0.149363  -0.065906  -0.147527  0.988543  0.031930  0.069920  -0.021778  0.997315  0.005162  0.005298  0.004271  0.000000  0.000000  0.000000  2.000000  
196.492295 0.017075  0.103412  -0.011380  0.986584  0.149363  -0.065906  -0.147527  0.988543  0.031930  0.069920  -0.021778  0.997315  0.005178  0.005354  0.004285  0.000000  0.000000  0.000000  2.000000  
196.493296 0.017080  0.103418  -0.011376  0.986544  0.149569  -0.066031  -0.147728  0.988511  0.031963  0.070053  -0.021778  0.997306  0.005214  0.005465  0.004316  0.000000  0.000000  0.000000  2.000000  
196.494548 0.017087  0.103425  -0.011371  0.986535  0.149572  -0.066163  -0.147727  0.988511  0.031983  0.070187  -0.021778  0.997296  0.005215  0.005545  0.004318  0.000000  0.000000  0.000000  2.000000  
196.495556 0.017092  0.103431  -0.011365  0.986535  0.149572  -0.066163  -0.147727  0.988511  0.031983  0.070187  -0.021778  0.997296  0.005273  0.005610  0.004365  0.000000  0.000000  0.000000  2.000000  
196.496796 0.017100  0.103439  -0.011359  0.986525  0.149575  -0.066295  -0.147726  0.988510  0.032002  0.070320  -0.021778  0.997287  0.005381  0.005769  0.004454  0.000000  0.000000  0.000000  2.000000  
196.498043 0.017107  0.103448  -0.011353  0.986516  0.149578  -0.066427  -0.147724  0.988510  0.032022  0.070453  -0.021777  0.997277  0.005456  0.005893  0.004514  0.000000  0.000000  0.000000  2.000000  
196.499044 0.017113  0.103454  -0.011348  0.986516  0.149578  -0.066427  -0.147724  0.988510  0.032022  0.070453  -0.021777  0.997277  0.005533  0.006015  0.004579  0.000000  0.000000  0.000000  2.000000  
196.500044 0.017120  0.103462  -0.011342  0.986507  0.149581  -0.066559  -0.147723  0.988510  0.032042  0.070587  -0.021777  0.997268  0.005618  0.006133  0.004600  0.000000  0.000000  0.000000  2.000000  
196.501311 0.017128  0.103470  -0.011337  0.986497  0.149584  -0.066691  -0.147721  0.988509  0.032062  0.070720  -0.021777  0.997258  0.005706  0.006254  0.004625  0.000000  0.000000  0.000000  2.000000  
196.502550 0.017136  0.103480  -0.011330  0.986497  0.149584  -0.066691  -0.147721  0.988509  0.032062  0.070720  -0.021777  0.997258  0.005802  0.006438  0.004704  0.000000  0.000000  0.000000  2.000000  
196.503795 0.017144  0.103490  -0.011324  0.986488  0.149587  -0.066823  -0.147720  0.988509  0.032081  0.070854  -0.021777  0.997249  0.005910  0.006597  0.004793  0.000000  0.000000  0.000000  2.000000  
196.505048 0.017152  0.103499  -0.011318  0.986479  0.149590  -0.066955  -0.147719  0.988508  0.032101  0.070987  -0.021777  0.997239  0.005973  0.006745  0.004845  0.000000  0.000000  0.000000  2.000000  
196.506294 0.017160  0.103509  -0.011311  0.986448  0.149793  -0.066948  -0.147922  0.988478  0.032115  0.070987  -0.021777  0.997239  0.006065  0.006884  0.004921  0.000000  0.000000  0.000000  2.000000  
196.507295 0.017166  0.103516  -0.011307  0.986448  0.149793  -0.066948  -0.147922  0.988478  0.032115  0.070987  -0.021777  0.997239  0.006122  0.006971  0.004921  0.000000  0.000000  0.000000  2.000000  
196.508547 0.017175  0.103526  -0.011300  0.986439  0.149796  -0.067080  -0.147920  0.988477  0.032135  0.071121  -0.021776  0.997230  0.006198  0.007094  0.004984  0.000000  0.000000  0.000000  2.000000  
