1-Time 2-Px 3-Py 4-Pz 5-R11 6-R21 7-R31 8-R12 9-R22 10-R32 11-R13 12-R23 13-R33 14-Vx 15-Vy 16-Vz 17-Wx 18-Wy 19-Wz 20-state 21-PR11 22-PR21 23-PR31 24-PR12 25-PR22 26-PR32 27-PR13 28-PR23 29-PR33 
45.188823 0.005190  0.096129  -0.006375  0.991172  0.130963  -0.020663  -0.130732  0.991343  0.012146  0.022075  -0.009337  0.999713  -0.000020  0.000039  0.000154  0.000000  0.000000  0.000000  2.000000  
45.189824 0.005190  0.096129  -0.006375  0.991172  0.130963  -0.020663  -0.130732  0.991343  0.012146  0.022075  -0.009337  0.999713  -0.000020  0.000039  0.000157  0.000000  0.000000  0.000000  2.000000  
45.190825 0.005190  0.096129  -0.006375  0.991118  0.131374  -0.020642  -0.131141  0.991288  0.012275  0.022075  -0.009459  0.999712  0.000039  0.000020  0.000162  0.000000  0.000000  0.000000  2.000000  
45.192078 0.005191  0.096128  -0.006374  0.991010  0.132190  -0.020632  -0.131957  0.991179  0.012292  0.022075  -0.009459  0.999712  0.000107  -0.000022  0.000177  0.000000  0.000000  0.000000  2.000000  
45.193079 0.005192  0.096127  -0.006374  0.990958  0.132597  -0.020494  -0.132365  0.991125  0.012283  0.021941  -0.009459  0.999715  0.000145  -0.000092  0.000172  0.000000  0.000000  0.000000  2.000000  
45.194079 0.005193  0.096126  -0.006375  0.990904  0.133007  -0.020473  -0.132773  0.991069  0.012411  0.021941  -0.009580  0.999713  0.000195  -0.000165  0.000133  0.000000  0.000000  0.000000  2.000000  
45.195330 0.005195  0.096126  -0.006375  0.990818  0.133621  -0.020598  -0.133385  0.990986  0.012442  0.022075  -0.009580  0.999710  0.000321  -0.000203  0.000108  0.000000  0.000000  0.000000  2.000000  
45.196574 0.005197  0.096126  -0.006374  0.990699  0.134443  -0.020969  -0.134199  0.990874  0.012633  0.022476  -0.009701  0.999700  0.000440  -0.000167  0.000154  0.000000  0.000000  0.000000  2.000000  
45.197575 0.005198  0.096126  -0.006373  0.990558  0.135464  -0.021089  -0.135219  0.990735  0.012672  0.022610  -0.009701  0.999697  0.000523  -0.000157  0.000216  0.000000  0.000000  0.000000  2.000000  
45.198582 0.005199  0.096126  -0.006373  0.990415  0.136488  -0.021192  -0.136238  0.990593  0.012832  0.022744  -0.009822  0.999693  0.000607  -0.000182  0.000153  0.000000  0.000000  0.000000  2.000000  
45.199830 0.005200  0.096126  -0.006374  0.990243  0.137715  -0.021292  -0.137461  0.990422  0.012997  0.022878  -0.009944  0.999689  0.000692  -0.000207  0.000091  0.032872  0.029627  0.193941  2.000000  
45.200832 0.005201  0.096126  -0.006376  0.990101  0.138735  -0.021278  -0.138480  0.990280  0.013019  0.022878  -0.009944  0.999689  0.000760  -0.000187  0.000009  0.033645  0.029296  0.228506  2.000000  
45.202078 0.005204  0.096128  -0.006376  0.989926  0.139962  -0.021378  -0.139702  0.990106  0.013184  0.023011  -0.010065  0.999685  0.000918  -0.000082  -0.000012  0.038676  0.033386  0.270093  2.000000  
45.203079 0.005205  0.096128  -0.006375  0.989753  0.141185  -0.021361  -0.140925  0.989932  0.013211  0.023011  -0.010065  0.999685  0.001028  -0.000023  0.000024  0.039785  0.032939  0.318679  2.000000  
45.204331 0.005207  0.096129  -0.006374  0.989546  0.142615  -0.021457  -0.142351  0.989726  0.013380  0.023145  -0.010186  0.999680  0.001148  0.000015  0.000071  0.040877  0.036909  0.366973  2.000000  
45.205576 0.005209  0.096130  -0.006375  0.989366  0.143839  -0.021573  -0.143573  0.989549  0.013426  0.023279  -0.010186  0.999677  0.001225  0.000062  0.000009  0.042000  0.040939  0.415464  2.000000  
45.206579 0.005211  0.096130  -0.006374  0.989185  0.145062  -0.021689  -0.144794  0.989370  0.013472  0.023413  -0.010186  0.999674  0.001309  0.000139  0.000006  0.042966  0.045029  0.456973  2.000000  
45.207826 0.005213  0.096130  -0.006373  0.989002  0.146288  -0.021787  -0.146015  0.989188  0.013638  0.023546  -0.010307  0.999670  0.001400  0.000224  0.000067  0.048030  0.049105  0.498652  2.000000  
45.208827 0.005214  0.096129  -0.006373  0.988848  0.147308  -0.021905  -0.147033  0.989037  0.013680  0.023680  -0.010307  0.999666  0.001384  0.000207  0.000145  0.048843  0.053255  0.533191  2.000000  
45.210074 0.005216  0.096128  -0.006371  0.988666  0.148529  -0.021888  -0.148254  0.988854  0.013708  0.023680  -0.010307  0.999666  0.001440  0.000099  0.000219  0.049965  0.052800  0.581810  2.000000  
45.211078 0.005219  0.096126  -0.006370  0.988482  0.149751  -0.021871  -0.149475  0.988670  0.013735  0.023680  -0.010307  0.999666  0.001498  0.000011  0.000261  0.050935  0.047879  0.623054  2.000000  
45.212079 0.005220  0.096124  -0.006369  0.988327  0.150768  -0.021857  -0.150493  0.988515  0.013757  0.023680  -0.010307  0.999666  0.001531  -0.000155  0.000265  0.051732  0.047546  0.657709  2.000000  
45.213341 0.005222  0.096121  -0.006367  0.988138  0.151991  -0.021972  -0.151713  0.988328  0.013804  0.023814  -0.010307  0.999663  0.001573  -0.000329  0.000410  0.052863  0.051546  0.705846  2.000000  
45.214579 0.005223  0.096117  -0.006366  0.988012  0.152804  -0.021961  -0.152527  0.988203  0.013822  0.023814  -0.010307  0.999663  0.001589  -0.000570  0.000512  0.049437  0.051247  0.733727  2.000000  
45.215582 0.005224  0.096113  -0.006366  0.987886  0.153615  -0.021968  -0.153340  0.988078  0.013721  0.023814  -0.010186  0.999665  0.001564  -0.000859  0.000648  0.045989  0.051014  0.761285  2.000000  
45.216826 0.005225  0.096109  -0.006365  0.987728  0.154632  -0.021954  -0.154357  0.987920  0.013743  0.023814  -0.010186  0.999665  0.001499  -0.001196  0.000695  0.046566  0.050204  0.796359  2.000000  
45.217829 0.005226  0.096106  -0.006365  0.987633  0.155243  -0.021945  -0.154967  0.987824  0.013757  0.023814  -0.010186  0.999665  0.001403  -0.001543  0.000652  0.047420  0.050408  0.823572  2.000000  
45.219079 0.005225  0.096101  -0.006364  0.987508  0.156052  -0.021821  -0.155781  0.987698  0.013634  0.023680  -0.010065  0.999669  0.001266  -0.001888  0.000676  0.043934  0.045706  0.851411  2.000000  
45.220332 0.005225  0.096097  -0.006364  0.987414  0.156658  -0.021699  -0.156391  0.987603  0.013507  0.023546  -0.009943  0.999673  0.001115  -0.002228  0.000733  0.039952  0.041187  0.858151  2.000000  
45.221578 0.005225  0.096093  -0.006364  0.987318  0.157268  -0.021691  -0.157001  0.987506  0.013520  0.023546  -0.009943  0.999673  0.000945  -0.002486  0.000725  0.035719  0.041204  0.851277  2.000000  
45.222579 0.005224  0.096090  -0.006363  0.987256  0.157671  -0.021573  -0.157408  0.987443  0.013389  0.023413  -0.009822  0.999678  0.000760  -0.002734  0.000736  0.031528  0.041255  0.851257  2.000000  
45.223828 0.005222  0.096085  -0.006362  0.987162  0.158277  -0.021451  -0.158018  0.987347  0.013261  0.023279  -0.009701  0.999682  0.000491  -0.003005  0.000688  0.023479  0.036699  0.858291  2.000000  
45.225081 0.005219  0.096080  -0.006361  0.987100  0.158677  -0.021352  -0.158425  0.987285  0.013009  0.023145  -0.009458  0.999687  0.000171  -0.003221  0.000639  0.015168  0.027874  0.851259  2.000000  
45.226338 0.005217  0.096075  -0.006360  0.987070  0.158876  -0.021237  -0.158629  0.987254  0.012872  0.023011  -0.009337  0.999692  -0.000191  -0.003410  0.000641  0.006653  0.010079  0.829949  2.000000  
45.227576 0.005213  0.096070  -0.006359  0.987037  0.159074  -0.021273  -0.158832  0.987225  0.012637  0.023011  -0.009095  0.999694  -0.000532  -0.003549  0.000599  -0.006256  0.001467  0.795635  2.000000  
45.228579 0.005211  0.096066  -0.006358  0.987008  0.159271  -0.021177  -0.159036  0.987195  0.012381  0.022878  -0.008852  0.999699  -0.000793  -0.003604  0.000586  -0.014814  -0.002717  0.768458  2.000000  
45.229827 0.005207  0.096061  -0.006357  0.986975  0.159469  -0.021213  -0.159239  0.987165  0.012146  0.022878  -0.008610  0.999701  -0.001085  -0.003657  0.000609  -0.027679  -0.006812  0.734140  2.000000  
45.231080 0.005203  0.096056  -0.006356  0.986978  0.159463  -0.021120  -0.159239  0.987168  0.011885  0.022744  -0.008367  0.999706  -0.001469  -0.003716  0.000638  -0.037226  -0.010835  0.691916  2.000000  
45.232083 0.005200  0.096052  -0.006357  0.986948  0.159662  -0.021004  -0.159443  0.987137  0.011748  0.022610  -0.008246  0.999710  -0.001768  -0.003772  0.000541  -0.046157  -0.019509  0.657039  2.000000  
45.233383 0.005194  0.096046  -0.006359  0.986951  0.159656  -0.020911  -0.159443  0.987140  0.011488  0.022476  -0.008003  0.999715  -0.002115  -0.003850  0.000357  -0.055361  -0.023448  0.607524  2.000000  
45.234580 0.005189  0.096041  -0.006361  0.986951  0.159651  -0.020950  -0.159443  0.987143  0.011248  0.022476  -0.007761  0.999717  -0.002447  -0.003926  0.000196  -0.068593  -0.027576  0.567027  2.000000  
45.235829 0.005183  0.096036  -0.006364  0.986954  0.159645  -0.020857  -0.159444  0.987146  0.010987  0.022343  -0.007518  0.999722  -0.002818  -0.003973  -0.000005  -0.077055  -0.035836  0.521127  2.000000  
45.237077 0.005178  0.096032  -0.006366  0.986954  0.159640  -0.020895  -0.159444  0.987148  0.010748  0.022343  -0.007276  0.999724  -0.003108  -0.004000  -0.000218  -0.086051  -0.039874  0.479938  2.000000  
45.238079 0.005173  0.096028  -0.006368  0.986954  0.159635  -0.020934  -0.159444  0.987151  0.010508  0.022343  -0.007033  0.999726  -0.003368  -0.003959  -0.000400  -0.099891  -0.048812  0.442357  2.000000  
45.239335 0.005166  0.096024  -0.006372  0.986957  0.159629  -0.020841  -0.159444  0.987154  0.010247  0.022209  -0.006791  0.999730  -0.003649  -0.003886  -0.000725  -0.109162  -0.052829  0.393808  2.000000  
45.240575 0.005160  0.096020  -0.006375  0.986957  0.159624  -0.020879  -0.159444  0.987156  0.010008  0.022209  -0.006548  0.999732  -0.003928  -0.003857  -0.001022  -0.117155  -0.052066  0.356334  2.000000  
45.241582 0.005155  0.096017  -0.006378  0.986960  0.159618  -0.020786  -0.159445  0.987159  0.009747  0.022075  -0.006306  0.999736  -0.004142  -0.003785  -0.001264  -0.127392  -0.056540  0.310787  2.000000  
45.242826 0.005148  0.096013  -0.006383  0.986960  0.159613  -0.020825  -0.159445  0.987161  0.009508  0.022075  -0.006063  0.999738  -0.004365  -0.003770  -0.001595  -0.135230  -0.060231  0.273971  2.000000  
45.243828 0.005142  0.096010  -0.006385  0.986963  0.159607  -0.020731  -0.159445  0.987163  0.009247  0.021941  -0.005821  0.999742  -0.004528  -0.003657  -0.001855  -0.143807  -0.064492  0.253360  2.000000  
45.245075 0.005137  0.096007  -0.006388  0.986963  0.159600  -0.020790  -0.159445  0.987167  0.008888  0.021941  -0.005457  0.999744  -0.004621  -0.003515  -0.002056  -0.156741  -0.064183  0.219091  2.000000  
45.246076 0.005133  0.096005  -0.006390  0.986960  0.159595  -0.020960  -0.159445  0.987169  0.008670  0.022075  -0.005214  0.999743  -0.004701  -0.003423  -0.002263  -0.161365  -0.059458  0.191646  2.000000  
45.247083 0.005129  0.096003  -0.006392  0.986960  0.159590  -0.020999  -0.159445  0.987171  0.008430  0.022075  -0.004972  0.999744  -0.004700  -0.003287  -0.002323  -0.171687  -0.059678  0.158689  2.000000  
45.248337 0.005125  0.095999  -0.006395  0.986960  0.159585  -0.021038  -0.159445  0.987173  0.008191  0.022075  -0.004729  0.999745  -0.004651  -0.003160  -0.002429  -0.176348  -0.054927  0.131013  2.000000  
45.249579 0.005121  0.095996  -0.006398  0.986960  0.159580  -0.021076  -0.159445  0.987175  0.007951  0.022075  -0.004487  0.999746  -0.004548  -0.003006  -0.002457  -0.183321  -0.054367  0.116238  2.000000  
45.250587 0.005118  0.095993  -0.006400  0.986960  0.159577  -0.021096  -0.159445  0.987176  0.007831  0.022075  -0.004366  0.999747  -0.004405  -0.002894  -0.002477  -0.185284  -0.050148  0.096469  2.000000  
45.251829 0.005117  0.095990  -0.006403  0.986960  0.159572  -0.021135  -0.159445  0.987178  0.007592  0.022075  -0.004123  0.999748  -0.004169  -0.002835  -0.002518  -0.188182  -0.045178  0.082024  2.000000  
45.253079 0.005115  0.095987  -0.006406  0.986960  0.159567  -0.021173  -0.159445  0.987179  0.007352  0.022075  -0.003881  0.999749  -0.003841  -0.002766  -0.002532  -0.194555  -0.040874  0.055100  2.000000  
45.254334 0.005114  0.095984  -0.006408  0.986927  0.159765  -0.021210  -0.159648  0.987148  0.007117  0.022075  -0.003638  0.999750  -0.003472  -0.002669  -0.002427  -0.198635  -0.036289  0.048176  2.000000  
45.255577 0.005114  0.095982  -0.006411  0.986927  0.159763  -0.021230  -0.159648  0.987149  0.006998  0.022075  -0.003517  0.999750  -0.003027  -0.002571  -0.002351  -0.197210  -0.035950  0.040936  2.000000  
45.256579 0.005114  0.095980  -0.006413  0.986927  0.159760  -0.021249  -0.159648  0.987150  0.006878  0.022075  -0.003395  0.999751  -0.002689  -0.002508  -0.002303  -0.194925  -0.031700  0.034392  2.000000  
45.257824 0.005115  0.095977  -0.006416  0.986927  0.159758  -0.021269  -0.159648  0.987151  0.006758  0.022075  -0.003274  0.999751  -0.002194  -0.002368  -0.002189  -0.189823  -0.031455  0.027310  2.000000  
45.258827 0.005115  0.095976  -0.006417  0.986930  0.159755  -0.021156  -0.159649  0.987152  0.006617  0.021941  -0.003153  0.999754  -0.001809  -0.002286  -0.002110  -0.191172  -0.031608  0.020566  2.000000  
45.260078 0.005116  0.095974  -0.006418  0.986897  0.159955  -0.021174  -0.159852  0.987120  0.006502  0.021941  -0.003032  0.999755  -0.001332  -0.002225  -0.001976  -0.185536  -0.026880  0.020427  2.000000  
45.261078 0.005117  0.095973  -0.006419  0.986897  0.159953  -0.021193  -0.159852  0.987120  0.006382  0.021941  -0.002910  0.999755  -0.000969  -0.002093  -0.001881  -0.181496  -0.026877  0.020432  2.000000  
45.262335 0.005120  0.095973  -0.006418  0.986864  0.160153  -0.021212  -0.160055  0.987088  0.006266  0.021941  -0.002789  0.999755  -0.000525  -0.001916  -0.001637  -0.178890  -0.022595  0.020627  2.000000  
45.263341 0.005121  0.095972  -0.006417  0.986864  0.160153  -0.021212  -0.160055  0.987088  0.006266  0.021941  -0.002789  0.999755  -0.000208  -0.001755  -0.001450  -0.173644  -0.017976  0.020514  2.000000  
45.264576 0.005122  0.095972  -0.006415  0.986864  0.160151  -0.021231  -0.160055  0.987089  0.006147  0.021941  -0.002668  0.999756  0.000090  -0.001585  -0.001166  -0.169378  -0.017949  0.020491  2.000000  
45.265582 0.005124  0.095972  -0.006414  0.986831  0.160351  -0.021249  -0.160258  0.987057  0.006031  0.021941  -0.002547  0.999756  0.000368  -0.001399  -0.000925  0.000000  0.000000  0.000000  2.000000  
45.266583 0.005125  0.095972  -0.006413  0.986831  0.160351  -0.021249  -0.160258  0.987057  0.006031  0.021941  -0.002547  0.999756  0.000572  -0.001207  -0.000632  0.000000  0.000000  0.000000  2.000000  
45.267831 0.005127  0.095972  -0.006410  0.986798  0.160555  -0.021248  -0.160461  0.987024  0.006036  0.021941  -0.002547  0.999756  0.000796  -0.000985  -0.000259  0.000000  0.000000  0.000000  2.000000  
45.268832 0.005128  0.095973  -0.006408  0.986798  0.160552  -0.021267  -0.160461  0.987024  0.005916  0.021941  -0.002425  0.999756  0.000926  -0.000804  -0.000001  0.000000  0.000000  0.000000  2.000000  
45.270078 0.005129  0.095974  -0.006404  0.986765  0.160755  -0.021266  -0.160664  0.986991  0.005920  0.021941  -0.002425  0.999756  0.000998  -0.000590  0.000384  0.000000  0.000000  0.000000  2.000000  
45.271327 0.005130  0.095975  -0.006401  0.986762  0.160755  -0.021398  -0.160664  0.986991  0.005942  0.022075  -0.002425  0.999753  0.001064  -0.000373  0.000722  0.000000  0.000000  0.000000  2.000000  
45.272334 0.005131  0.095976  -0.006399  0.986729  0.160959  -0.021397  -0.160867  0.986958  0.005946  0.022075  -0.002425  0.999753  0.001105  -0.000148  0.001079  0.000000  0.000000  0.000000  2.000000  
45.273345 0.005131  0.095977  -0.006398  0.986729  0.160959  -0.021397  -0.160867  0.986958  0.005946  0.022075  -0.002425  0.999753  0.001098  0.000040  0.001271  0.000000  0.000000  0.000000  2.000000  
45.274650 0.005131  0.095978  -0.006395  0.986696  0.161162  -0.021396  -0.161070  0.986925  0.005951  0.022075  -0.002425  0.999753  0.001050  0.000236  0.001559  0.000000  0.000000  0.000000  2.000000  
45.275824 0.005131  0.095978  -0.006393  0.986696  0.161164  -0.021376  -0.161070  0.986924  0.006070  0.022075  -0.002547  0.999753  0.000946  0.000343  0.001734  0.000000  0.000000  0.000000  2.000000  
45.277108 0.005131  0.095980  -0.006391  0.986696  0.161164  -0.021376  -0.161070  0.986924  0.006070  0.022075  -0.002547  0.999753  0.000793  0.000486  0.001813  0.000000  0.000000  0.000000  2.000000  
45.278332 0.005131  0.095981  -0.006389  0.986666  0.161367  -0.021243  -0.161274  0.986891  0.006053  0.021941  -0.002547  0.999756  0.000661  0.000572  0.001854  0.000000  0.000000  0.000000  2.000000  
45.279333 0.005130  0.095981  -0.006387  0.986663  0.161370  -0.021355  -0.161273  0.986890  0.006195  0.022075  -0.002668  0.999753  0.000532  0.000646  0.001896  0.000000  0.000000  0.000000  2.000000  
45.280577 0.005130  0.095982  -0.006385  0.986663  0.161370  -0.021355  -0.161273  0.986890  0.006195  0.022075  -0.002668  0.999753  0.000382  0.000679  0.001923  0.000000  0.000000  0.000000  2.000000  
45.281579 0.005129  0.095984  -0.006384  0.986663  0.161370  -0.021355  -0.161273  0.986890  0.006195  0.022075  -0.002668  0.999753  0.000286  0.000767  0.001922  0.000000  0.000000  0.000000  2.000000  
45.282581 0.005128  0.095984  -0.006382  0.986630  0.161573  -0.021354  -0.161476  0.986857  0.006199  0.022075  -0.002668  0.999753  0.000112  0.000763  0.001902  0.000000  0.000000  0.000000  2.000000  
45.283583 0.005127  0.095984  -0.006380  0.986630  0.161573  -0.021354  -0.161476  0.986857  0.006199  0.022075  -0.002668  0.999753  -0.000071  0.000726  0.001894  0.000000  0.000000  0.000000  2.000000  
45.284830 0.005125  0.095984  -0.006377  0.986630  0.161576  -0.021334  -0.161476  0.986856  0.006319  0.022075  -0.002789  0.999752  -0.000242  0.000686  0.001852  0.000000  0.000000  0.000000  2.000000  
45.285830 0.005125  0.095984  -0.006375  0.986630  0.161576  -0.021334  -0.161476  0.986856  0.006319  0.022075  -0.002789  0.999752  -0.000366  0.000629  0.001850  0.000000  0.000000  0.000000  2.000000  
45.286832 0.005123  0.095984  -0.006373  0.986630  0.161576  -0.021334  -0.161476  0.986856  0.006319  0.022075  -0.002789  0.999752  -0.000498  0.000595  0.001837  0.000000  0.000000  0.000000  2.000000  
45.288079 0.005122  0.095984  -0.006371  0.986630  0.161576  -0.021334  -0.161476  0.986856  0.006319  0.022075  -0.002789  0.999752  -0.000652  0.000510  0.001817  0.000000  0.000000  0.000000  2.000000  
45.289332 0.005120  0.095984  -0.006369  0.986663  0.161375  -0.021316  -0.161273  0.986889  0.006434  0.022075  -0.002910  0.999752  -0.000763  0.000446  0.001784  0.000000  0.000000  0.000000  2.000000  
45.290344 0.005119  0.095984  -0.006367  0.986663  0.161375  -0.021316  -0.161273  0.986889  0.006434  0.022075  -0.002910  0.999752  -0.000865  0.000369  0.001752  0.000000  0.000000  0.000000  2.000000  
45.291576 0.005116  0.095982  -0.006366  0.986663  0.161378  -0.021297  -0.161273  0.986888  0.006554  0.022075  -0.003032  0.999752  -0.001002  0.000239  0.001748  0.000000  0.000000  0.000000  2.000000  
45.292826 0.005114  0.095982  -0.006365  0.986663  0.161378  -0.021297  -0.161273  0.986888  0.006554  0.022075  -0.003032  0.999752  -0.001107  0.000104  0.001682  0.000000  0.000000  0.000000  2.000000  
45.294079 0.005112  0.095981  -0.006364  0.986663  0.161381  -0.021277  -0.161273  0.986887  0.006673  0.022075  -0.003153  0.999751  -0.001197  -0.000054  0.001588  0.000000  0.000000  0.000000  2.000000  
45.295333 0.005111  0.095979  -0.006364  0.986696  0.161177  -0.021278  -0.161070  0.986920  0.006669  0.022075  -0.003153  0.999751  -0.001290  -0.000198  0.001440  0.000000  0.000000  0.000000  2.000000  
45.296341 0.005109  0.095979  -0.006364  0.986696  0.161180  -0.021259  -0.161070  0.986920  0.006789  0.022075  -0.003274  0.999751  -0.001350  -0.000331  0.001364  0.000000  0.000000  0.000000  2.000000  
45.297577 0.005108  0.095978  -0.006363  0.986696  0.161182  -0.021239  -0.161070  0.986919  0.006908  0.022075  -0.003395  0.999751  -0.001376  -0.000384  0.001269  0.000000  0.000000  0.000000  2.000000  
45.298581 0.005107  0.095977  -0.006362  0.986696  0.161182  -0.021239  -0.161070  0.986919  0.006908  0.022075  -0.003395  0.999751  -0.001352  -0.000464  0.001167  0.000000  0.000000  0.000000  2.000000  
45.299830 0.005106  0.095976  -0.006362  0.986699  0.161185  -0.021088  -0.161071  0.986918  0.007007  0.021941  -0.003517  0.999753  -0.001315  -0.000547  0.001032  0.000000  0.000000  0.000000  2.000000  
45.300832 0.005105  0.095975  -0.006361  0.986699  0.161185  -0.021088  -0.161071  0.986918  0.007007  0.021941  -0.003517  0.999753  -0.001278  -0.000589  0.000923  0.000000  0.000000  0.000000  2.000000  
45.301832 0.005104  0.095974  -0.006360  0.986699  0.161185  -0.021088  -0.161071  0.986918  0.007007  0.021941  -0.003517  0.999753  -0.001246  -0.000657  0.000840  0.000000  0.000000  0.000000  2.000000  
45.303078 0.005104  0.095974  -0.006360  0.986699  0.161187  -0.021068  -0.161071  0.986917  0.007126  0.021941  -0.003638  0.999753  -0.001200  -0.000687  0.000749  0.000000  0.000000  0.000000  2.000000  
45.304079 0.005103  0.095974  -0.006358  0.986696  0.161188  -0.021200  -0.161070  0.986917  0.007148  0.022075  -0.003638  0.999750  -0.001106  -0.000696  0.000719  0.000000  0.000000  0.000000  2.000000  
45.305079 0.005104  0.095974  -0.006358  0.986696  0.161188  -0.021200  -0.161070  0.986917  0.007148  0.022075  -0.003638  0.999750  -0.001001  -0.000671  0.000668  0.000000  0.000000  0.000000  2.000000  
45.306328 0.005104  0.095974  -0.006356  0.986696  0.161190  -0.021181  -0.161070  0.986916  0.007268  0.022075  -0.003759  0.999749  -0.000870  -0.000581  0.000649  0.000000  0.000000  0.000000  2.000000  
45.307341 0.005104  0.095975  -0.006356  0.986696  0.161190  -0.021181  -0.161070  0.986916  0.007268  0.022075  -0.003759  0.999749  -0.000705  -0.000511  0.000614  0.000000  0.000000  0.000000  2.000000  
45.308579 0.005105  0.095975  -0.006355  0.986696  0.161190  -0.021181  -0.161070  0.986916  0.007268  0.022075  -0.003759  0.999749  -0.000560  -0.000404  0.000627  0.000000  0.000000  0.000000  2.000000  
45.309825 0.005105  0.095975  -0.006355  0.986696  0.161193  -0.021161  -0.161070  0.986915  0.007387  0.022075  -0.003881  0.999749  -0.000390  -0.000302  0.000573  0.000000  0.000000  0.000000  2.000000  
45.311078 0.005106  0.095976  -0.006356  0.986696  0.161193  -0.021161  -0.161070  0.986915  0.007387  0.022075  -0.003881  0.999749  -0.000258  -0.000222  0.000522  0.000000  0.000000  0.000000  2.000000  
45.312333 0.005107  0.095977  -0.006356  0.986696  0.161195  -0.021142  -0.161070  0.986914  0.007507  0.022075  -0.004002  0.999748  -0.000070  -0.000073  0.000487  0.000000  0.000000  0.000000  2.000000  
45.313341 0.005108  0.095978  -0.006356  0.986696  0.161195  -0.021142  -0.161070  0.986914  0.007507  0.022075  -0.004002  0.999748  0.000092  0.000051  0.000422  0.000000  0.000000  0.000000  2.000000  
45.314342 0.005109  0.095978  -0.006356  0.986663  0.161401  -0.021120  -0.161273  0.986880  0.007631  0.022075  -0.004123  0.999748  0.000202  0.000172  0.000361  0.000000  0.000000  0.000000  2.000000  
45.315581 0.005110  0.095979  -0.006357  0.986663  0.161401  -0.021120  -0.161273  0.986880  0.007631  0.022075  -0.004123  0.999748  0.000317  0.000267  0.000306  0.000000  0.000000  0.000000  2.000000  
45.316583 0.005111  0.095980  -0.006357  0.986663  0.161404  -0.021101  -0.161273  0.986879  0.007751  0.022075  -0.004244  0.999747  0.000454  0.000367  0.000226  0.000000  0.000000  0.000000  2.000000  
45.317832 0.005112  0.095981  -0.006358  0.986663  0.161404  -0.021101  -0.161273  0.986879  0.007751  0.022075  -0.004244  0.999747  0.000576  0.000456  0.000139  0.000000  0.000000  0.000000  2.000000  
45.319081 0.005114  0.095982  -0.006358  0.986663  0.161406  -0.021081  -0.161273  0.986878  0.007870  0.022075  -0.004366  0.999747  0.000718  0.000560  0.000056  0.000000  0.000000  0.000000  2.000000  
45.320082 0.005115  0.095983  -0.006358  0.986630  0.161609  -0.021080  -0.161476  0.986845  0.007875  0.022075  -0.004366  0.999747  0.000764  0.000605  -0.000001  0.000000  0.000000  0.000000  2.000000  
45.321334 0.005117  0.095984  -0.006357  0.986630  0.161609  -0.021080  -0.161476  0.986845  0.007875  0.022075  -0.004366  0.999747  0.000853  0.000675  -0.000073  0.000000  0.000000  0.000000  2.000000  
45.322342 0.005117  0.095984  -0.006358  0.986630  0.161609  -0.021080  -0.161476  0.986845  0.007875  0.022075  -0.004366  0.999747  0.000866  0.000672  -0.000107  0.000000  0.000000  0.000000  2.000000  
45.323345 0.005118  0.095985  -0.006357  0.986630  0.161612  -0.021060  -0.161476  0.986844  0.007994  0.022075  -0.004487  0.999746  0.000921  0.000694  -0.000154  0.000000  0.000000  0.000000  2.000000  
45.324573 0.005119  0.095986  -0.006357  0.986630  0.161612  -0.021060  -0.161476  0.986844  0.007994  0.022075  -0.004487  0.999746  0.000945  0.000764  -0.000088  0.000000  0.000000  0.000000  2.000000  
45.325580 0.005120  0.095988  -0.006356  0.986596  0.161815  -0.021058  -0.161680  0.986811  0.007999  0.022075  -0.004487  0.999746  0.000939  0.000802  -0.000065  0.000000  0.000000  0.000000  2.000000  
45.326824 0.005120  0.095989  -0.006356  0.986596  0.161815  -0.021058  -0.161680  0.986811  0.007999  0.022075  -0.004487  0.999746  0.000933  0.000842  -0.000020  0.000000  0.000000  0.000000  2.000000  
45.327828 0.005121  0.095990  -0.006356  0.986596  0.161815  -0.021058  -0.161680  0.986811  0.007999  0.022075  -0.004487  0.999746  0.000897  0.000852  -0.000016  0.000000  0.000000  0.000000  2.000000  
45.329074 0.005121  0.095991  -0.006355  0.986596  0.161818  -0.021039  -0.161680  0.986810  0.008119  0.022075  -0.004608  0.999746  0.000816  0.000819  0.000065  0.000000  0.000000  0.000000  2.000000  
45.330330 0.005121  0.095991  -0.006355  0.986596  0.161818  -0.021039  -0.161680  0.986810  0.008119  0.022075  -0.004608  0.999746  0.000754  0.000819  0.000102  0.000000  0.000000  0.000000  2.000000  
45.331339 0.005121  0.095991  -0.006355  0.986596  0.161818  -0.021039  -0.161680  0.986810  0.008119  0.022075  -0.004608  0.999746  0.000681  0.000781  0.000131  0.000000  0.000000  0.000000  2.000000  
45.332582 0.005122  0.095992  -0.006355  0.986563  0.162023  -0.021017  -0.161883  0.986776  0.008243  0.022075  -0.004729  0.999745  0.000616  0.000746  0.000176  0.000000  0.000000  0.000000  2.000000  
45.333830 0.005122  0.095992  -0.006355  0.986563  0.162023  -0.021017  -0.161883  0.986776  0.008243  0.022075  -0.004729  0.999745  0.000511  0.000680  0.000186  0.000000  0.000000  0.000000  2.000000  
45.335079 0.005122  0.095992  -0.006354  0.986563  0.162023  -0.021017  -0.161883  0.986776  0.008243  0.022075  -0.004729  0.999745  0.000427  0.000596  0.000220  0.000000  0.000000  0.000000  2.000000  
45.336327 0.005122  0.095991  -0.006354  0.986563  0.162023  -0.021017  -0.161883  0.986776  0.008243  0.022075  -0.004729  0.999745  0.000343  0.000472  0.000212  0.000000  0.000000  0.000000  2.000000  
45.337334 0.005122  0.095991  -0.006353  0.986563  0.162026  -0.020998  -0.161883  0.986775  0.008362  0.022075  -0.004851  0.999745  0.000297  0.000427  0.000269  0.000000  0.000000  0.000000  2.000000  
45.338339 0.005122  0.095990  -0.006353  0.986530  0.162229  -0.020996  -0.162086  0.986741  0.008367  0.022075  -0.004851  0.999745  0.000242  0.000330  0.000281  0.000000  0.000000  0.000000  2.000000  
45.339577 0.005121  0.095990  -0.006353  0.986527  0.162230  -0.021128  -0.162085  0.986741  0.008388  0.022209  -0.004851  0.999742  0.000138  0.000158  0.000268  0.000000  0.000000  0.000000  2.000000  
45.340824 0.005121  0.095989  -0.006352  0.986527  0.162230  -0.021128  -0.162085  0.986741  0.008388  0.022209  -0.004851  0.999742  0.000119  0.000064  0.000305  0.000000  0.000000  0.000000  2.000000  
45.341828 0.005121  0.095989  -0.006351  0.986527  0.162230  -0.021128  -0.162085  0.986741  0.008388  0.022209  -0.004851  0.999742  0.000065  -0.000034  0.000323  0.000000  0.000000  0.000000  2.000000  
45.343074 0.005121  0.095988  -0.006351  0.986493  0.162433  -0.021126  -0.162288  0.986708  0.008393  0.022209  -0.004851  0.999742  0.000051  -0.000105  0.000317  0.000000  0.000000  0.000000  2.000000  
45.344074 0.005121  0.095988  -0.006351  0.986493  0.162433  -0.021126  -0.162288  0.986708  0.008393  0.022209  -0.004851  0.999742  0.000030  -0.000155  0.000306  0.000000  0.000000  0.000000  2.000000  
45.345078 0.005121  0.095988  -0.006351  0.986493  0.162433  -0.021126  -0.162288  0.986708  0.008393  0.022209  -0.004851  0.999742  -0.000013  -0.000259  0.000290  0.000000  0.000000  0.000000  2.000000  
45.346339 0.005121  0.095988  -0.006351  0.986493  0.162433  -0.021126  -0.162288  0.986708  0.008393  0.022209  -0.004851  0.999742  -0.000013  -0.000255  0.000285  0.000000  0.000000  0.000000  2.000000  
45.347576 0.005121  0.095987  -0.006351  0.986460  0.162636  -0.021125  -0.162491  0.986674  0.008397  0.022209  -0.004851  0.999742  -0.000063  -0.000332  0.000255  0.000000  0.000000  0.000000  2.000000  
45.348583 0.005120  0.095986  -0.006351  0.986460  0.162636  -0.021125  -0.162491  0.986674  0.008397  0.022209  -0.004851  0.999742  -0.000094  -0.000366  0.000239  0.000000  0.000000  0.000000  2.000000  
45.349829 0.005120  0.095986  -0.006352  0.986460  0.162636  -0.021125  -0.162491  0.986674  0.008397  0.022209  -0.004851  0.999742  -0.000112  -0.000397  0.000184  0.000000  0.000000  0.000000  2.000000  
45.351078 0.005120  0.095985  -0.006352  0.986424  0.162840  -0.021255  -0.162694  0.986641  0.008423  0.022343  -0.004851  0.999739  -0.000138  -0.000406  0.000120  0.000000  0.000000  0.000000  2.000000  
45.352337 0.005119  0.095984  -0.006353  0.986424  0.162840  -0.021255  -0.162694  0.986641  0.008423  0.022343  -0.004851  0.999739  -0.000151  -0.000417  0.000022  0.000000  0.000000  0.000000  2.000000  
45.353344 0.005119  0.095984  -0.006353  0.986424  0.162840  -0.021255  -0.162694  0.986641  0.008423  0.022343  -0.004851  0.999739  -0.000147  -0.000397  -0.000021  0.000000  0.000000  0.000000  2.000000  
45.354578 0.005119  0.095983  -0.006355  0.986390  0.163043  -0.021253  -0.162897  0.986607  0.008427  0.022343  -0.004851  0.999739  -0.000169  -0.000386  -0.000129  0.000000  0.000000  0.000000  2.000000  
45.355829 0.005119  0.095983  -0.006355  0.986387  0.163043  -0.021385  -0.162897  0.986607  0.008449  0.022476  -0.004851  0.999736  -0.000182  -0.000397  -0.000227  0.000000  0.000000  0.000000  2.000000  
45.357080 0.005119  0.095983  -0.006357  0.986354  0.163247  -0.021383  -0.163100  0.986573  0.008454  0.022476  -0.004851  0.999736  -0.000183  -0.000412  -0.000359  0.000000  0.000000  0.000000  2.000000  
45.358335 0.005119  0.095982  -0.006358  0.986354  0.163247  -0.021383  -0.163100  0.986573  0.008454  0.022476  -0.004851  0.999736  -0.000193  -0.000416  -0.000450  0.000000  0.000000  0.000000  2.000000  
45.359578 0.005119  0.095982  -0.006359  0.986320  0.163450  -0.021382  -0.163303  0.986540  0.008458  0.022476  -0.004851  0.999736  -0.000145  -0.000358  -0.000558  0.000000  0.000000  0.000000  2.000000  
45.360824 0.005118  0.095982  -0.006360  0.986317  0.163448  -0.021533  -0.163302  0.986541  0.008360  0.022610  -0.004729  0.999733  -0.000168  -0.000360  -0.000612  0.000000  0.000000  0.000000  2.000000  
45.361826 0.005119  0.095982  -0.006361  0.986283  0.163651  -0.021532  -0.163505  0.986507  0.008365  0.022610  -0.004729  0.999733  -0.000134  -0.000313  -0.000635  0.000000  0.000000  0.000000  2.000000  
45.362826 0.005118  0.095982  -0.006362  0.986283  0.163651  -0.021532  -0.163505  0.986507  0.008365  0.022610  -0.004729  0.999733  -0.000163  -0.000327  -0.000710  0.000000  0.000000  0.000000  2.000000  
45.363828 0.005118  0.095982  -0.006362  0.986283  0.163651  -0.021532  -0.163505  0.986507  0.008365  0.022610  -0.004729  0.999733  -0.000126  -0.000274  -0.000721  0.000000  0.000000  0.000000  2.000000  
45.364849 0.005118  0.095982  -0.006363  0.986250  0.163854  -0.021530  -0.163708  0.986473  0.008369  0.022610  -0.004729  0.999733  -0.000133  -0.000236  -0.000785  0.000000  0.000000  0.000000  2.000000  
45.366079 0.005118  0.095982  -0.006364  0.986247  0.163855  -0.021662  -0.163708  0.986473  0.008391  0.022744  -0.004729  0.999730  -0.000141  -0.000214  -0.000796  0.000000  0.000000  0.000000  2.000000  
45.367082 0.005118  0.095982  -0.006365  0.986213  0.164058  -0.021660  -0.163911  0.986439  0.008395  0.022744  -0.004729  0.999730  -0.000120  -0.000164  -0.000786  0.000000  0.000000  0.000000  2.000000  
45.368332 0.005117  0.095982  -0.006366  0.986213  0.164058  -0.021660  -0.163911  0.986439  0.008395  0.022744  -0.004729  0.999730  -0.000114  -0.000142  -0.000816  0.000000  0.000000  0.000000  2.000000  
45.369335 0.005117  0.095982  -0.006366  0.986213  0.164058  -0.021660  -0.163911  0.986439  0.008395  0.022744  -0.004729  0.999730  -0.000092  -0.000092  -0.000805  0.000000  0.000000  0.000000  2.000000  
45.370340 0.005118  0.095982  -0.006367  0.986176  0.164261  -0.021790  -0.164113  0.986406  0.008422  0.022878  -0.004729  0.999727  -0.000076  -0.000062  -0.000764  0.000000  0.000000  0.000000  2.000000  
45.371578 0.005118  0.095982  -0.006367  0.986176  0.164264  -0.021770  -0.164113  0.986404  0.008541  0.022878  -0.004851  0.999727  -0.000089  -0.000059  -0.000730  0.000000  0.000000  0.000000  2.000000  
45.372579 0.005118  0.095982  -0.006367  0.986142  0.164467  -0.021769  -0.164316  0.986371  0.008546  0.022878  -0.004851  0.999727  -0.000071  -0.000028  -0.000676  0.000000  0.000000  0.000000  2.000000  
45.373827 0.005118  0.095982  -0.006368  0.986139  0.164468  -0.021901  -0.164316  0.986371  0.008568  0.023011  -0.004851  0.999723  -0.000053  0.000003  -0.000611  0.000000  0.000000  0.000000  2.000000  
45.375077 0.005118  0.095982  -0.006368  0.986105  0.164671  -0.021899  -0.164519  0.986337  0.008572  0.023011  -0.004851  0.999723  -0.000028  0.000011  -0.000558  0.000000  0.000000  0.000000  2.000000  
45.376081 0.005118  0.095982  -0.006368  0.986105  0.164671  -0.021899  -0.164519  0.986337  0.008572  0.023011  -0.004851  0.999723  -0.000032  -0.000009  -0.000514  0.000000  0.000000  0.000000  2.000000  
45.377082 0.005118  0.095982  -0.006369  0.986105  0.164671  -0.021899  -0.164519  0.986337  0.008572  0.023011  -0.004851  0.999723  -0.000024  -0.000031  -0.000504  0.000000  0.000000  0.000000  2.000000  
45.378326 0.005118  0.095982  -0.006369  0.986069  0.164874  -0.022029  -0.164721  0.986303  0.008599  0.023145  -0.004851  0.999720  0.000010  -0.000044  -0.000424  0.000000  0.000000  0.000000  2.000000  
45.379330 0.005119  0.095982  -0.006369  0.986069  0.164874  -0.022029  -0.164721  0.986303  0.008599  0.023145  -0.004851  0.999720  0.000049  -0.000039  -0.000400  0.000000  0.000000  0.000000  2.000000  
45.380336 0.005119  0.095982  -0.006369  0.986069  0.164874  -0.022029  -0.164721  0.986303  0.008599  0.023145  -0.004851  0.999720  0.000048  -0.000039  -0.000394  0.000000  0.000000  0.000000  2.000000  
45.381580 0.005119  0.095981  -0.006369  0.986032  0.165078  -0.022159  -0.164924  0.986269  0.008626  0.023279  -0.004851  0.999717  0.000083  -0.000053  -0.000327  0.000000  0.000000  0.000000  2.000000  
45.382829 0.005118  0.095981  -0.006370  0.986032  0.165078  -0.022159  -0.164924  0.986269  0.008626  0.023279  -0.004851  0.999717  0.000078  -0.000072  -0.000278  0.000000  0.000000  0.000000  2.000000  
45.384080 0.005118  0.095981  -0.006370  0.985994  0.165282  -0.022289  -0.165126  0.986234  0.008652  0.023413  -0.004851  0.999714  0.000065  -0.000069  -0.000245  0.000000  0.000000  0.000000  2.000000  
45.385083 0.005118  0.095981  -0.006370  0.985994  0.165282  -0.022289  -0.165126  0.986234  0.008652  0.023413  -0.004851  0.999714  0.000062  -0.000090  -0.000206  0.000000  0.000000  0.000000  2.000000  
45.386347 0.005119  0.095981  -0.006370  0.985991  0.165282  -0.022421  -0.165126  0.986234  0.008674  0.023546  -0.004851  0.999711  0.000062  -0.000090  -0.000205  0.000000  0.000000  0.000000  2.000000  
45.387578 0.005119  0.095981  -0.006370  0.985957  0.165485  -0.022420  -0.165329  0.986200  0.008679  0.023546  -0.004851  0.999711  0.000061  -0.000088  -0.000202  0.000000  0.000000  0.000000  2.000000  
45.388827 0.005118  0.095980  -0.006371  0.985954  0.165486  -0.022551  -0.165328  0.986200  0.008701  0.023680  -0.004851  0.999708  0.000032  -0.000116  -0.000222  0.000000  0.000000  0.000000  2.000000  
45.389829 0.005119  0.095980  -0.006372  0.985954  0.165486  -0.022551  -0.165328  0.986200  0.008701  0.023680  -0.004851  0.999708  0.000032  -0.000118  -0.000226  0.000000  0.000000  0.000000  2.000000  
45.391075 0.005119  0.095980  -0.006372  0.985917  0.165687  -0.022702  -0.165531  0.986167  0.008608  0.023814  -0.004729  0.999705  0.000044  -0.000119  -0.000256  0.000000  0.000000  0.000000  2.000000  
45.392078 0.005119  0.095980  -0.006373  0.985917  0.165687  -0.022702  -0.165531  0.986167  0.008608  0.023814  -0.004729  0.999705  0.000044  -0.000119  -0.000256  0.000000  0.000000  0.000000  2.000000  
45.393083 0.005119  0.095980  -0.006373  0.985914  0.165688  -0.022834  -0.165530  0.986167  0.008630  0.023948  -0.004729  0.999702  0.000036  -0.000098  -0.000269  0.000000  0.000000  0.000000  2.000000  
45.394338 0.005119  0.095980  -0.006374  0.985911  0.165688  -0.022965  -0.165530  0.986167  0.008653  0.024081  -0.004729  0.999699  0.000049  -0.000101  -0.000303  0.000000  0.000000  0.000000  2.000000  
45.395435 0.005120  0.095980  -0.006374  0.985911  0.165688  -0.022965  -0.165530  0.986167  0.008653  0.024081  -0.004729  0.999699  0.000061  -0.000103  -0.000335  0.000000  0.000000  0.000000  2.000000  
45.396579 0.005120  0.095980  -0.006375  0.985873  0.165892  -0.023096  -0.165732  0.986133  0.008679  0.024215  -0.004729  0.999696  0.000065  -0.000083  -0.000375  0.000000  0.000000  0.000000  2.000000  
45.397824 0.005120  0.095980  -0.006376  0.985870  0.165893  -0.023228  -0.165732  0.986132  0.008702  0.024349  -0.004729  0.999692  0.000119  -0.000060  -0.000422  0.000000  0.000000  0.000000  2.000000  
45.398830 0.005120  0.095980  -0.006377  0.985867  0.165893  -0.023359  -0.165731  0.986132  0.008724  0.024483  -0.004729  0.999689  0.000133  -0.000064  -0.000463  0.000000  0.000000  0.000000  2.000000  
45.400080 0.005121  0.095980  -0.006378  0.985864  0.165894  -0.023491  -0.165731  0.986132  0.008746  0.024616  -0.004729  0.999686  0.000156  -0.000069  -0.000523  0.000000  0.000000  0.000000  2.000000  
45.401080 0.005122  0.095980  -0.006378  0.985864  0.165894  -0.023491  -0.165731  0.986132  0.008746  0.024616  -0.004729  0.999686  0.000201  -0.000044  -0.000546  0.000000  0.000000  0.000000  2.000000  
45.402342 0.005122  0.095980  -0.006380  0.985826  0.166097  -0.023621  -0.165933  0.986098  0.008773  0.024750  -0.004729  0.999682  0.000239  -0.000053  -0.000647  0.000000  0.000000  0.000000  2.000000  
45.403343 0.005123  0.095980  -0.006380  0.985823  0.166098  -0.023753  -0.165932  0.986098  0.008795  0.024884  -0.004729  0.999679  0.000299  0.000004  -0.000606  0.000000  0.000000  0.000000  2.000000  
45.404579 0.005124  0.095981  -0.006381  0.985820  0.166099  -0.023885  -0.165932  0.986098  0.008817  0.025018  -0.004729  0.999676  0.000354  0.000027  -0.000654  0.000000  0.000000  0.000000  2.000000  
45.405833 0.005125  0.095981  -0.006382  0.985817  0.166099  -0.024017  -0.165931  0.986098  0.008840  0.025151  -0.004729  0.999672  0.000409  0.000049  -0.000702  0.000000  0.000000  0.000000  2.000000  
45.407165 0.005126  0.095981  -0.006384  0.985813  0.166100  -0.024149  -0.165931  0.986098  0.008862  0.025285  -0.004729  0.999669  0.000462  0.000072  -0.000746  0.000000  0.000000  0.000000  2.000000  
