1-Time 2-Px 3-Py 4-Pz 5-R11 6-R21 7-R31 8-R12 9-R22 10-R32 11-R13 12-R23 13-R33 14-Vx 15-Vy 16-Vz 17-Wx 18-Wy 19-Wz 20-state 21-PR11 22-PR21 23-PR31 24-PR12 25-PR22 26-PR32 27-PR13 28-PR23 29-PR33 
129.895564 0.005945  0.096499  -0.014967  0.988382  0.151750  -0.008574  -0.151750  0.988419  0.000580  0.008563  0.000728  0.999963  -0.000049  -0.000057  -0.000075  0.000000  0.000000  0.000000  2.000000  
129.896567 0.005945  0.096499  -0.014967  0.988350  0.151953  -0.008574  -0.151954  0.988387  0.000582  0.008563  0.000728  0.999963  -0.000049  -0.000058  -0.000077  0.000000  0.000000  0.000000  2.000000  
129.897576 0.005946  0.096499  -0.014967  0.988256  0.152565  -0.008555  -0.152564  0.988293  0.000707  0.008563  0.000606  0.999963  0.000001  -0.000054  -0.000085  0.000000  0.000000  0.000000  2.000000  
129.898814 0.005947  0.096498  -0.014967  0.988099  0.153582  -0.008555  -0.153581  0.988136  0.000716  0.008563  0.000606  0.999963  0.000070  -0.000097  -0.000077  0.000000  0.000000  0.000000  2.000000  
129.899816 0.005948  0.096498  -0.014967  0.988037  0.153990  -0.008403  -0.153988  0.988072  0.000819  0.008429  0.000485  0.999964  0.000169  -0.000111  -0.000050  0.000000  0.000000  0.000000  2.000000  
129.900818 0.005949  0.096497  -0.014968  0.987974  0.154397  -0.008271  -0.154395  0.988009  0.000801  0.008295  0.000485  0.999965  0.000249  -0.000155  -0.000079  0.000000  0.000000  0.000000  2.000000  
129.901821 0.005951  0.096497  -0.014968  0.987878  0.155007  -0.008403  -0.155005  0.987913  0.000827  0.008429  0.000485  0.999964  0.000390  -0.000144  -0.000068  0.000000  0.000000  0.000000  2.000000  
129.903067 0.005953  0.096498  -0.014967  0.987715  0.156025  -0.008647  -0.156022  0.987753  0.000998  0.008697  0.000364  0.999962  0.000521  -0.000110  -0.000066  0.000000  0.000000  0.000000  2.000000  
129.904067 0.005954  0.096499  -0.014967  0.987553  0.157041  -0.008778  -0.157038  0.987592  0.001027  0.008831  0.000364  0.999961  0.000632  -0.000051  -0.000035  0.000000  0.000000  0.000000  2.000000  
129.905068 0.005956  0.096499  -0.014967  0.987388  0.158058  -0.009041  -0.158054  0.987430  0.001079  0.009098  0.000364  0.999959  0.000721  -0.000043  -0.000015  0.054759  0.018215  0.200590  2.000000  
129.906319 0.005958  0.096499  -0.014968  0.987160  0.159482  -0.009020  -0.159477  0.987201  0.001212  0.009098  0.000243  0.999959  0.000874  -0.000012  -0.000087  0.055195  0.018244  0.249054  2.000000  
129.907570 0.005960  0.096500  -0.014970  0.986929  0.160905  -0.008999  -0.160900  0.986970  0.001344  0.009098  0.000121  0.999959  0.001058  0.000067  -0.000184  0.055605  0.018252  0.297394  2.000000  
129.908573 0.005962  0.096502  -0.014970  0.986763  0.161921  -0.008998  -0.161915  0.986804  0.001354  0.009098  0.000121  0.999959  0.001191  0.000197  -0.000187  0.055904  0.018281  0.331942  2.000000  
129.909816 0.005965  0.096504  -0.014969  0.986461  0.163750  -0.008975  -0.163743  0.986502  0.001490  0.009098  0.000000  0.999959  0.001363  0.000312  -0.000116  0.056535  0.018302  0.401243  2.000000  
129.911063 0.005967  0.096505  -0.014967  0.986190  0.165376  -0.008953  -0.165368  0.986231  0.001624  0.009098  -0.000121  0.999959  0.001508  0.000399  -0.000000  0.061117  0.018323  0.456718  2.000000  
129.912065 0.005969  0.096505  -0.014968  0.985949  0.166797  -0.009082  -0.166789  0.985991  0.001659  0.009232  -0.000121  0.999957  0.001667  0.000461  -0.000043  0.057491  0.022821  0.505072  2.000000  
129.913067 0.005972  0.096506  -0.014968  0.985741  0.168015  -0.009212  -0.168006  0.985784  0.001693  0.009366  -0.000121  0.999956  0.001747  0.000511  -0.000012  0.053817  0.027311  0.546549  2.000000  
129.914313 0.005974  0.096507  -0.014967  0.985427  0.169842  -0.009320  -0.169832  0.985471  0.001852  0.009500  -0.000243  0.999955  0.001808  0.000623  0.000048  0.058533  0.031830  0.609241  2.000000  
129.915569 0.005977  0.096507  -0.014965  0.985146  0.171465  -0.009317  -0.171455  0.985190  0.001868  0.009500  -0.000243  0.999955  0.001885  0.000687  0.000189  0.054913  0.031797  0.664140  2.000000  
129.916570 0.005979  0.096506  -0.014964  0.984898  0.172884  -0.009315  -0.172874  0.984942  0.001881  0.009500  -0.000243  0.999955  0.001931  0.000591  0.000247  0.055344  0.031817  0.712494  2.000000  
129.917819 0.005983  0.096505  -0.014962  0.984576  0.174709  -0.009311  -0.174699  0.984620  0.001899  0.009500  -0.000243  0.999955  0.002038  0.000494  0.000358  0.051428  0.031553  0.768736  2.000000  
129.919066 0.005986  0.096504  -0.014960  0.984287  0.176331  -0.009308  -0.176320  0.984331  0.001914  0.009500  -0.000243  0.999955  0.002137  0.000361  0.000456  0.052338  0.031828  0.830223  2.000000  
129.920312 0.005989  0.096502  -0.014958  0.984032  0.177749  -0.009305  -0.177739  0.984076  0.001927  0.009500  -0.000243  0.999955  0.002170  0.000209  0.000623  0.048302  0.031536  0.871500  2.000000  
129.921314 0.005991  0.096499  -0.014956  0.983813  0.178964  -0.009171  -0.178954  0.983856  0.001915  0.009366  -0.000243  0.999956  0.002182  0.000008  0.000778  0.049015  0.027315  0.920225  2.000000  
129.922315 0.005993  0.096497  -0.014955  0.983628  0.179977  -0.009169  -0.179967  0.983671  0.001924  0.009366  -0.000243  0.999956  0.002233  -0.000188  0.000961  0.045253  0.027273  0.954925  2.000000  
129.923910 0.005995  0.096494  -0.014953  0.983404  0.181192  -0.009298  -0.181181  0.983448  0.001960  0.009500  -0.000243  0.999955  0.002135  -0.000598  0.001090  0.045600  0.031677  0.999967  2.000000  
129.925063 0.005997  0.096489  -0.014950  0.982992  0.183418  -0.009162  -0.183408  0.983035  0.001956  0.009366  -0.000243  0.999956  0.002142  -0.001007  0.001216  0.042287  0.027241  1.079334  2.000000  
129.926069 0.005998  0.096486  -0.014949  0.982841  0.184227  -0.009183  -0.184218  0.982884  0.001845  0.009366  -0.000121  0.999956  0.002020  -0.001322  0.001279  0.038460  0.027316  1.107068  2.000000  
129.927315 0.005999  0.096481  -0.014947  0.982614  0.185441  -0.009049  -0.185432  0.982655  0.001831  0.009232  -0.000121  0.999957  0.001910  -0.001659  0.001402  0.034218  0.022575  1.118796  2.000000  
129.928318 0.005999  0.096478  -0.014946  0.982461  0.186250  -0.009048  -0.186241  0.982502  0.001839  0.009232  -0.000121  0.999957  0.001792  -0.001893  0.001467  0.034431  0.022754  1.120849  2.000000  
129.929573 0.005999  0.096474  -0.014944  0.982231  0.187462  -0.008937  -0.187454  0.982272  0.001706  0.009098  0.000000  0.999959  0.001617  -0.002237  0.001498  0.026308  0.022757  1.141503  2.000000  
129.930580 0.005998  0.096470  -0.014942  0.982078  0.188271  -0.008804  -0.188263  0.982117  0.001688  0.008964  0.000000  0.999960  0.001392  -0.002532  0.001499  0.026270  0.022756  1.155132  2.000000  
129.931815 0.005996  0.096465  -0.014940  0.981885  0.189281  -0.008694  -0.189274  0.981923  0.001552  0.008831  0.000121  0.999961  0.001081  -0.002749  0.001554  0.022141  0.013733  1.159914  2.000000  
129.932818 0.005996  0.096462  -0.014939  0.981767  0.189886  -0.008716  -0.189881  0.981806  0.001439  0.008831  0.000243  0.999961  0.000853  -0.002862  0.001520  0.014204  0.004847  1.155546  2.000000  
129.934063 0.005994  0.096458  -0.014938  0.981611  0.190692  -0.008761  -0.190689  0.981650  0.001208  0.008831  0.000485  0.999961  0.000484  -0.003082  0.001491  0.006017  0.000484  1.139268  2.000000  
129.935073 0.005992  0.096454  -0.014936  0.981494  0.191298  -0.008652  -0.191296  0.981532  0.001068  0.008697  0.000606  0.999962  0.000199  -0.003227  0.001490  -0.002255  -0.013012  1.120721  2.000000  
129.936317 0.005990  0.096450  -0.014933  0.981336  0.192105  -0.008675  -0.192104  0.981374  0.000957  0.008697  0.000728  0.999962  -0.000124  -0.003299  0.001532  -0.006341  -0.012843  1.104859  2.000000  
129.937318 0.005988  0.096448  -0.014931  0.981217  0.192709  -0.008721  -0.192710  0.981255  0.000724  0.008697  0.000970  0.999962  -0.000406  -0.003270  0.001597  -0.018872  -0.012899  1.086457  2.000000  
129.938579 0.005985  0.096443  -0.014930  0.981099  0.193314  -0.008613  -0.193316  0.981136  0.000584  0.008563  0.001092  0.999963  -0.000705  -0.003479  0.001586  -0.023255  -0.017338  1.058262  2.000000  
129.939817 0.005981  0.096438  -0.014930  0.980981  0.193918  -0.008528  -0.193922  0.981017  0.000326  0.008429  0.001334  0.999964  -0.001086  -0.003457  0.001343  -0.035872  -0.021803  1.024182  2.000000  
129.940817 0.005978  0.096434  -0.014930  0.980901  0.194320  -0.008575  -0.194326  0.980937  0.000091  0.008429  0.001577  0.999963  -0.001348  -0.003505  0.001294  -0.048397  -0.021762  0.989394  2.000000  
129.941818 0.005974  0.096430  -0.014931  0.980781  0.194925  -0.008599  -0.194932  0.980817  -0.000022  0.008429  0.001698  0.999963  -0.001635  -0.003538  0.001133  -0.052655  -0.026222  0.961772  2.000000  
129.943065 0.005970  0.096425  -0.014931  0.980660  0.195528  -0.008646  -0.195538  0.980696  -0.000255  0.008429  0.001941  0.999963  -0.001937  -0.003604  0.001033  -0.060430  -0.030370  0.933320  2.000000  
129.944315 0.005965  0.096421  -0.014932  0.980579  0.195930  -0.008694  -0.195941  0.980615  -0.000489  0.008429  0.002183  0.999962  -0.002282  -0.003564  0.000805  -0.073638  -0.035137  0.886234  2.000000  
129.945563 0.005960  0.096418  -0.014933  0.980500  0.196332  -0.008610  -0.196345  0.980535  -0.000750  0.008295  0.002426  0.999963  -0.002497  -0.003491  0.000609  -0.081451  -0.039223  0.844234  2.000000  
129.946577 0.005957  0.096415  -0.014934  0.980419  0.196734  -0.008634  -0.196749  0.980453  -0.000865  0.008295  0.002547  0.999962  -0.002697  -0.003402  0.000402  -0.086589  -0.039532  0.802364  2.000000  
129.947818 0.005952  0.096412  -0.014937  0.980338  0.197136  -0.008683  -0.197153  0.980372  -0.001100  0.008295  0.002790  0.999962  -0.002961  -0.003323  0.000117  -0.094302  -0.039169  0.761772  2.000000  
129.949064 0.005947  0.096409  -0.014940  0.980217  0.197740  -0.008600  -0.197758  0.980250  -0.001358  0.008162  0.003032  0.999962  -0.003138  -0.003220  -0.000194  -0.102745  -0.043586  0.727486  2.000000  
129.950318 0.005942  0.096407  -0.014943  0.980135  0.198141  -0.008649  -0.198162  0.980168  -0.001593  0.008162  0.003275  0.999961  -0.003319  -0.003107  -0.000498  -0.112189  -0.043935  0.685145  2.000000  
129.951320 0.005938  0.096406  -0.014945  0.980096  0.198342  -0.008542  -0.198364  0.980127  -0.001736  0.008028  0.003396  0.999962  -0.003434  -0.002970  -0.000831  -0.116572  -0.043928  0.657321  2.000000  
129.952569 0.005935  0.096405  -0.014948  0.980054  0.198541  -0.008746  -0.198566  0.980085  -0.002065  0.008162  0.003760  0.999960  -0.003542  -0.002784  -0.001147  -0.128044  -0.039062  0.617822  2.000000  
129.953570 0.005932  0.096404  -0.014950  0.980013  0.198740  -0.008794  -0.198767  0.980044  -0.002301  0.008162  0.004003  0.999959  -0.003498  -0.002612  -0.001323  -0.137800  -0.043975  0.603937  2.000000  
129.954582 0.005930  0.096403  -0.014952  0.979972  0.198940  -0.008843  -0.198969  0.980002  -0.002537  0.008162  0.004245  0.999958  -0.003503  -0.002391  -0.001461  -0.145940  -0.043853  0.546430  2.000000  
129.955817 0.005927  0.096401  -0.014954  0.979890  0.199341  -0.008892  -0.199373  0.979920  -0.002771  0.008162  0.004488  0.999957  -0.003418  -0.002183  -0.001638  -0.150389  -0.039345  0.519091  2.000000  
129.956818 0.005925  0.096400  -0.014956  0.979850  0.199541  -0.008810  -0.199574  0.979878  -0.003033  0.008028  0.004730  0.999957  -0.003306  -0.002007  -0.001713  -0.158837  -0.039342  0.491370  2.000000  
129.958067 0.005924  0.096398  -0.014959  0.979809  0.199740  -0.008884  -0.199776  0.979836  -0.003388  0.008028  0.005094  0.999955  -0.003092  -0.001793  -0.001924  -0.170382  -0.039106  0.468243  2.000000  
129.959318 0.005923  0.096397  -0.014962  0.979809  0.199738  -0.008932  -0.199776  0.979835  -0.003626  0.008028  0.005337  0.999954  -0.002818  -0.001611  -0.002009  -0.175808  -0.034858  0.422268  2.000000  
129.960320 0.005922  0.096396  -0.014964  0.979768  0.199937  -0.008981  -0.199978  0.979793  -0.003862  0.008028  0.005579  0.999952  -0.002559  -0.001497  -0.002054  -0.184199  -0.030372  0.401565  2.000000  
129.961321 0.005923  0.096395  -0.014965  0.979726  0.200137  -0.009031  -0.200180  0.979751  -0.004097  0.008028  0.005822  0.999951  -0.002307  -0.001387  -0.002105  -0.188378  -0.030348  0.380650  2.000000  
129.962576 0.005923  0.096394  -0.014969  0.979726  0.200135  -0.009079  -0.200180  0.979750  -0.004335  0.008028  0.006065  0.999949  -0.001919  -0.001239  -0.002150  -0.192676  -0.025864  0.352895  2.000000  
129.963815 0.005924  0.096393  -0.014972  0.979726  0.200132  -0.009128  -0.200180  0.979749  -0.004573  0.008028  0.006307  0.999948  -0.001535  -0.001094  -0.002197  -0.192949  -0.025878  0.325297  2.000000  
129.964817 0.005925  0.096392  -0.014975  0.979726  0.200130  -0.009176  -0.200180  0.979747  -0.004810  0.008028  0.006550  0.999946  -0.001211  -0.001025  -0.002238  -0.199722  -0.025711  0.302188  2.000000  
129.966063 0.005926  0.096392  -0.014978  0.979727  0.200129  -0.009094  -0.200180  0.979746  -0.005075  0.007894  0.006792  0.999946  -0.000845  -0.000914  -0.002225  -0.199931  -0.025733  0.274649  2.000000  
129.967068 0.005928  0.096392  -0.014980  0.979727  0.200128  -0.009118  -0.200180  0.979745  -0.005194  0.007894  0.006914  0.999945  -0.000567  -0.000890  -0.002201  -0.197665  -0.025976  0.256146  2.000000  
129.968072 0.005929  0.096393  -0.014982  0.979686  0.200327  -0.009168  -0.200381  0.979703  -0.005429  0.007894  0.007156  0.999943  -0.000214  -0.000777  -0.002166  -0.201839  -0.021485  0.242251  2.000000  
129.969320 0.005932  0.096393  -0.014983  0.979727  0.200123  -0.009215  -0.200180  0.979743  -0.005669  0.007894  0.007399  0.999941  0.000149  -0.000628  -0.002141  -0.202107  -0.017053  0.214589  2.000000  
129.970580 0.005934  0.096395  -0.014984  0.979727  0.200121  -0.009264  -0.200180  0.979741  -0.005907  0.007894  0.007641  0.999940  0.000512  -0.000423  -0.002025  -0.202137  -0.017057  0.200671  2.000000  
129.971817 0.005936  0.096395  -0.014985  0.979727  0.200119  -0.009312  -0.200180  0.979740  -0.006144  0.007894  0.007884  0.999938  0.000761  -0.000296  -0.001904  -0.204754  -0.016985  0.178505  2.000000  
129.973066 0.005938  0.096396  -0.014986  0.979727  0.200118  -0.009337  -0.200180  0.979739  -0.006263  0.007894  0.008005  0.999937  0.000988  -0.000129  -0.001796  -0.198514  -0.017191  0.159268  2.000000  
129.974067 0.005940  0.096397  -0.014987  0.979769  0.199914  -0.009384  -0.199978  0.979779  -0.006503  0.007894  0.008248  0.999935  0.001176  0.000013  -0.001671  -0.202715  -0.017266  0.138478  2.000000  
129.975317 0.005943  0.096398  -0.014986  0.979769  0.199913  -0.009408  -0.199978  0.979778  -0.006622  0.007894  0.008369  0.999934  0.001344  0.000179  -0.001518  -0.198751  -0.012818  0.124613  2.000000  
129.976317 0.005944  0.096399  -0.014986  0.979769  0.199911  -0.009432  -0.199978  0.979777  -0.006741  0.007894  0.008490  0.999933  0.001432  0.000314  -0.001376  -0.198952  -0.012885  0.110826  2.000000  
129.977322 0.005946  0.096401  -0.014985  0.979769  0.199910  -0.009457  -0.199978  0.979776  -0.006859  0.007894  0.008612  0.999932  0.001543  0.000491  -0.001124  -0.194915  -0.012939  0.096950  2.000000  
129.978566 0.005948  0.096403  -0.014984  0.979769  0.199908  -0.009505  -0.199978  0.979775  -0.007097  0.007894  0.008854  0.999930  0.001564  0.000646  -0.000862  -0.197469  -0.008436  0.082402  2.000000  
129.979568 0.005949  0.096405  -0.014984  0.979810  0.199705  -0.009528  -0.199776  0.979815  -0.007218  0.007894  0.008976  0.999929  0.001612  0.000810  -0.000619  -0.195199  -0.008617  0.062330  2.000000  
129.980570 0.005950  0.096406  -0.014983  0.979810  0.199705  -0.009528  -0.199776  0.979815  -0.007218  0.007894  0.008976  0.999929  0.001584  0.000908  -0.000404  -0.187085  -0.008651  0.055406  2.000000  
129.981813 0.005951  0.096408  -0.014982  0.979810  0.199704  -0.009552  -0.199776  0.979814  -0.007337  0.007894  0.009097  0.999927  0.001552  0.001044  -0.000168  -0.185651  -0.004158  0.048074  2.000000  
129.982818 0.005951  0.096410  -0.014981  0.979810  0.199703  -0.009576  -0.199776  0.979813  -0.007456  0.007894  0.009218  0.999926  0.001488  0.001151  0.000049  -0.179132  -0.008769  0.034660  2.000000  
129.984063 0.005952  0.096411  -0.014980  0.979809  0.199700  -0.009732  -0.199776  0.979812  -0.007548  0.008028  0.009339  0.999924  0.001344  0.001204  0.000177  -0.173648  -0.004275  0.027480  2.000000  
129.985070 0.005952  0.096413  -0.014979  0.979809  0.199699  -0.009756  -0.199776  0.979812  -0.007667  0.008028  0.009461  0.999923  0.001253  0.001274  0.000320  -0.171080  -0.004354  0.020791  2.000000  
129.986317 0.005953  0.096415  -0.014977  0.979809  0.199699  -0.009756  -0.199776  0.979812  -0.007667  0.008028  0.009461  0.999923  0.001161  0.001381  0.000519  0.000000  0.000000  0.000000  2.000000  
129.987320 0.005953  0.096417  -0.014975  0.979809  0.199698  -0.009780  -0.199776  0.979811  -0.007785  0.008028  0.009582  0.999922  0.001057  0.001456  0.000705  0.000000  0.000000  0.000000  2.000000  
129.988569 0.005954  0.096419  -0.014973  0.979809  0.199698  -0.009780  -0.199776  0.979811  -0.007785  0.008028  0.009582  0.999922  0.000966  0.001466  0.000903  0.000000  0.000000  0.000000  2.000000  
129.989570 0.005955  0.096420  -0.014972  0.979850  0.199495  -0.009803  -0.199574  0.979851  -0.007906  0.008028  0.009703  0.999921  0.000886  0.001490  0.000977  0.000000  0.000000  0.000000  2.000000  
129.990572 0.005955  0.096421  -0.014970  0.979850  0.199495  -0.009803  -0.199574  0.979851  -0.007906  0.008028  0.009703  0.999921  0.000787  0.001488  0.001092  0.000000  0.000000  0.000000  2.000000  
129.991817 0.005956  0.096422  -0.014968  0.979850  0.199495  -0.009803  -0.199574  0.979851  -0.007906  0.008028  0.009703  0.999921  0.000713  0.001468  0.001220  0.000000  0.000000  0.000000  2.000000  
129.993065 0.005957  0.096423  -0.014965  0.979850  0.199495  -0.009803  -0.199574  0.979851  -0.007906  0.008028  0.009703  0.999921  0.000658  0.001378  0.001306  0.000000  0.000000  0.000000  2.000000  
129.994066 0.005958  0.096424  -0.014963  0.979849  0.199493  -0.009958  -0.199574  0.979850  -0.007998  0.008162  0.009825  0.999918  0.000615  0.001311  0.001412  0.000000  0.000000  0.000000  2.000000  
129.995068 0.005959  0.096424  -0.014961  0.979849  0.199493  -0.009958  -0.199574  0.979850  -0.007998  0.008162  0.009825  0.999918  0.000652  0.001296  0.001484  0.000000  0.000000  0.000000  2.000000  
129.996312 0.005960  0.096425  -0.014959  0.979849  0.199493  -0.009958  -0.199574  0.979850  -0.007998  0.008162  0.009825  0.999918  0.000678  0.001208  0.001554  0.000000  0.000000  0.000000  2.000000  
129.997317 0.005962  0.096426  -0.014957  0.979849  0.199493  -0.009958  -0.199574  0.979850  -0.007998  0.008162  0.009825  0.999918  0.000725  0.001115  0.001657  0.000000  0.000000  0.000000  2.000000  
129.998570 0.005963  0.096426  -0.014955  0.979849  0.199493  -0.009958  -0.199574  0.979850  -0.007998  0.008162  0.009825  0.999918  0.000772  0.001001  0.001699  0.000000  0.000000  0.000000  2.000000  
129.999821 0.005964  0.096426  -0.014954  0.979890  0.199291  -0.009956  -0.199373  0.979891  -0.008000  0.008162  0.009825  0.999918  0.000806  0.000873  0.001713  0.000000  0.000000  0.000000  2.000000  
130.001065 0.005966  0.096426  -0.014952  0.979890  0.199291  -0.009956  -0.199373  0.979891  -0.008000  0.008162  0.009825  0.999918  0.000873  0.000757  0.001681  0.000000  0.000000  0.000000  2.000000  
130.002066 0.005967  0.096427  -0.014951  0.979890  0.199291  -0.009956  -0.199373  0.979891  -0.008000  0.008162  0.009825  0.999918  0.000950  0.000693  0.001697  0.000000  0.000000  0.000000  2.000000  
130.003073 0.005969  0.096427  -0.014950  0.979890  0.199291  -0.009956  -0.199373  0.979891  -0.008000  0.008162  0.009825  0.999918  0.000997  0.000602  0.001619  0.000000  0.000000  0.000000  2.000000  
130.004320 0.005970  0.096428  -0.014948  0.979890  0.199292  -0.009932  -0.199373  0.979892  -0.007882  0.008162  0.009703  0.999920  0.001036  0.000532  0.001608  0.000000  0.000000  0.000000  2.000000  
130.005571 0.005971  0.096428  -0.014947  0.979890  0.199292  -0.009932  -0.199373  0.979892  -0.007882  0.008162  0.009703  0.999920  0.001059  0.000475  0.001525  0.000000  0.000000  0.000000  2.000000  
130.006573 0.005972  0.096429  -0.014947  0.979930  0.199089  -0.010062  -0.199171  0.979933  -0.007857  0.008295  0.009703  0.999919  0.001088  0.000426  0.001428  0.000000  0.000000  0.000000  2.000000  
130.007818 0.005973  0.096429  -0.014946  0.979930  0.199089  -0.010062  -0.199171  0.979933  -0.007857  0.008295  0.009703  0.999919  0.001060  0.000365  0.001278  0.000000  0.000000  0.000000  2.000000  
130.009067 0.005974  0.096429  -0.014946  0.979930  0.199090  -0.010037  -0.199171  0.979934  -0.007738  0.008295  0.009582  0.999920  0.001054  0.000354  0.001139  0.000000  0.000000  0.000000  2.000000  
130.010320 0.005974  0.096429  -0.014945  0.979930  0.199090  -0.010037  -0.199171  0.979934  -0.007738  0.008295  0.009582  0.999920  0.000994  0.000320  0.001054  0.000000  0.000000  0.000000  2.000000  
130.011337 0.005975  0.096430  -0.014944  0.979930  0.199090  -0.010037  -0.199171  0.979934  -0.007738  0.008295  0.009582  0.999920  0.000936  0.000306  0.000923  0.000000  0.000000  0.000000  2.000000  
130.012567 0.005975  0.096431  -0.014943  0.979930  0.199090  -0.010037  -0.199171  0.979934  -0.007738  0.008295  0.009582  0.999920  0.000879  0.000347  0.000879  0.000000  0.000000  0.000000  2.000000  
130.013571 0.005976  0.096431  -0.014943  0.979930  0.199090  -0.010037  -0.199171  0.979934  -0.007738  0.008295  0.009582  0.999920  0.000841  0.000363  0.000806  0.000000  0.000000  0.000000  2.000000  
130.014579 0.005976  0.096432  -0.014944  0.979929  0.199090  -0.010144  -0.199170  0.979935  -0.007593  0.008429  0.009461  0.999920  0.000774  0.000371  0.000667  0.000000  0.000000  0.000000  2.000000  
130.015818 0.005976  0.096432  -0.014944  0.979929  0.199090  -0.010144  -0.199170  0.979935  -0.007593  0.008429  0.009461  0.999920  0.000676  0.000407  0.000594  0.000000  0.000000  0.000000  2.000000  
130.017063 0.005976  0.096433  -0.014944  0.979929  0.199090  -0.010144  -0.199170  0.979935  -0.007593  0.008429  0.009461  0.999920  0.000570  0.000382  0.000429  0.000000  0.000000  0.000000  2.000000  
130.018073 0.005976  0.096433  -0.014945  0.979929  0.199092  -0.010120  -0.199170  0.979936  -0.007474  0.008429  0.009339  0.999921  0.000462  0.000395  0.000306  0.000000  0.000000  0.000000  2.000000  
130.019317 0.005976  0.096434  -0.014945  0.979970  0.198890  -0.010119  -0.198969  0.979977  -0.007476  0.008429  0.009339  0.999921  0.000428  0.000402  0.000192  0.000000  0.000000  0.000000  2.000000  
130.020317 0.005976  0.096435  -0.014946  0.979970  0.198890  -0.010119  -0.198969  0.979977  -0.007476  0.008429  0.009339  0.999921  0.000348  0.000442  0.000086  0.000000  0.000000  0.000000  2.000000  
130.021320 0.005976  0.096435  -0.014947  0.979970  0.198891  -0.010095  -0.198969  0.979978  -0.007357  0.008429  0.009218  0.999922  0.000280  0.000431  -0.000008  0.000000  0.000000  0.000000  2.000000  
130.022564 0.005977  0.096436  -0.014947  0.979970  0.198891  -0.010095  -0.198969  0.979978  -0.007357  0.008429  0.009218  0.999922  0.000268  0.000466  -0.000060  0.000000  0.000000  0.000000  2.000000  
130.023566 0.005977  0.096436  -0.014948  0.979970  0.198891  -0.010095  -0.198969  0.979978  -0.007357  0.008429  0.009218  0.999922  0.000241  0.000480  -0.000169  0.000000  0.000000  0.000000  2.000000  
130.024580 0.005977  0.096436  -0.014949  0.979970  0.198892  -0.010070  -0.198969  0.979979  -0.007238  0.008429  0.009097  0.999923  0.000227  0.000479  -0.000274  0.000000  0.000000  0.000000  2.000000  
130.025817 0.005978  0.096437  -0.014949  0.979970  0.198892  -0.010070  -0.198969  0.979979  -0.007238  0.008429  0.009097  0.999923  0.000199  0.000473  -0.000339  0.000000  0.000000  0.000000  2.000000  
130.026819 0.005978  0.096437  -0.014950  0.979970  0.198892  -0.010070  -0.198969  0.979979  -0.007238  0.008429  0.009097  0.999923  0.000179  0.000443  -0.000396  0.000000  0.000000  0.000000  2.000000  
130.027824 0.005978  0.096437  -0.014950  0.979970  0.198892  -0.010070  -0.198969  0.979979  -0.007238  0.008429  0.009097  0.999923  0.000210  0.000416  -0.000461  0.000000  0.000000  0.000000  2.000000  
130.029063 0.005978  0.096437  -0.014951  0.979970  0.198893  -0.010046  -0.198969  0.979980  -0.007119  0.008429  0.008976  0.999924  0.000197  0.000358  -0.000501  0.000000  0.000000  0.000000  2.000000  
130.030317 0.005979  0.096437  -0.014951  0.979970  0.198893  -0.010046  -0.198969  0.979980  -0.007119  0.008429  0.008976  0.999924  0.000221  0.000339  -0.000538  0.000000  0.000000  0.000000  2.000000  
130.031321 0.005980  0.096437  -0.014952  0.979929  0.199095  -0.010048  -0.199170  0.979939  -0.007117  0.008429  0.008976  0.999924  0.000270  0.000321  -0.000502  0.000000  0.000000  0.000000  2.000000  
130.032563 0.005980  0.096437  -0.014952  0.979929  0.199096  -0.010024  -0.199170  0.979940  -0.006998  0.008429  0.008854  0.999925  0.000275  0.000294  -0.000485  0.000000  0.000000  0.000000  2.000000  
130.033568 0.005981  0.096437  -0.014952  0.979929  0.199096  -0.010024  -0.199170  0.979940  -0.006998  0.008429  0.008854  0.999925  0.000293  0.000249  -0.000469  0.000000  0.000000  0.000000  2.000000  
130.034593 0.005981  0.096437  -0.014953  0.979929  0.199098  -0.009999  -0.199170  0.979941  -0.006879  0.008429  0.008733  0.999926  0.000316  0.000207  -0.000459  0.000000  0.000000  0.000000  2.000000  
130.035819 0.005982  0.096437  -0.014954  0.979929  0.199098  -0.009999  -0.199170  0.979941  -0.006879  0.008429  0.008733  0.999926  0.000346  0.000160  -0.000480  0.000000  0.000000  0.000000  2.000000  
130.037071 0.005982  0.096437  -0.014954  0.979929  0.199098  -0.009999  -0.199170  0.979941  -0.006879  0.008429  0.008733  0.999926  0.000335  0.000086  -0.000483  0.000000  0.000000  0.000000  2.000000  
130.038321 0.005982  0.096437  -0.014955  0.979929  0.199099  -0.009975  -0.199170  0.979942  -0.006761  0.008429  0.008612  0.999927  0.000342  0.000042  -0.000430  0.000000  0.000000  0.000000  2.000000  
130.039572 0.005982  0.096436  -0.014955  0.979929  0.199099  -0.009975  -0.199170  0.979942  -0.006761  0.008429  0.008612  0.999927  0.000317  -0.000008  -0.000434  0.000000  0.000000  0.000000  2.000000  
130.040820 0.005982  0.096436  -0.014956  0.979888  0.199302  -0.009953  -0.199372  0.979901  -0.006640  0.008429  0.008490  0.999928  0.000301  -0.000059  -0.000453  0.000000  0.000000  0.000000  2.000000  
130.042070 0.005982  0.096435  -0.014957  0.979888  0.199302  -0.009953  -0.199372  0.979901  -0.006640  0.008429  0.008490  0.999928  0.000271  -0.000087  -0.000472  0.000000  0.000000  0.000000  2.000000  
130.043317 0.005982  0.096435  -0.014958  0.979888  0.199303  -0.009928  -0.199372  0.979902  -0.006521  0.008429  0.008369  0.999929  0.000209  -0.000163  -0.000467  0.000000  0.000000  0.000000  2.000000  
130.044579 0.005981  0.096434  -0.014958  0.979847  0.199505  -0.009930  -0.199574  0.979861  -0.006519  0.008429  0.008369  0.999929  0.000148  -0.000219  -0.000506  0.000000  0.000000  0.000000  2.000000  
130.045815 0.005981  0.096434  -0.014958  0.979847  0.199506  -0.009906  -0.199574  0.979862  -0.006400  0.008429  0.008248  0.999930  0.000105  -0.000241  -0.000481  0.000000  0.000000  0.000000  2.000000  
130.046815 0.005981  0.096434  -0.014959  0.979847  0.199506  -0.009906  -0.199574  0.979862  -0.006400  0.008429  0.008248  0.999930  0.000046  -0.000246  -0.000444  0.000000  0.000000  0.000000  2.000000  
130.047817 0.005981  0.096434  -0.014959  0.979805  0.199708  -0.009907  -0.199776  0.979821  -0.006398  0.008429  0.008248  0.999930  0.000005  -0.000272  -0.000427  0.000000  0.000000  0.000000  2.000000  
130.049070 0.005980  0.096433  -0.014959  0.979805  0.199709  -0.009883  -0.199776  0.979822  -0.006279  0.008429  0.008127  0.999931  -0.000046  -0.000275  -0.000418  0.000000  0.000000  0.000000  2.000000  
130.050315 0.005980  0.096433  -0.014959  0.979764  0.199911  -0.009884  -0.199977  0.979780  -0.006277  0.008429  0.008127  0.999931  -0.000095  -0.000274  -0.000403  0.000000  0.000000  0.000000  2.000000  
130.051320 0.005980  0.096432  -0.014960  0.979764  0.199911  -0.009884  -0.199977  0.979780  -0.006277  0.008429  0.008127  0.999931  -0.000148  -0.000302  -0.000355  0.000000  0.000000  0.000000  2.000000  
130.052574 0.005980  0.096432  -0.014960  0.979722  0.200111  -0.010016  -0.200179  0.979739  -0.006248  0.008563  0.008127  0.999930  -0.000157  -0.000280  -0.000364  0.000000  0.000000  0.000000  2.000000  
130.053821 0.005979  0.096432  -0.014960  0.979681  0.200314  -0.009993  -0.200380  0.979699  -0.006127  0.008563  0.008005  0.999931  -0.000199  -0.000305  -0.000347  0.000000  0.000000  0.000000  2.000000  
130.055071 0.005979  0.096432  -0.014961  0.979681  0.200314  -0.009993  -0.200380  0.979699  -0.006127  0.008563  0.008005  0.999931  -0.000208  -0.000283  -0.000355  0.000000  0.000000  0.000000  2.000000  
130.056072 0.005979  0.096432  -0.014961  0.979639  0.200516  -0.009995  -0.200582  0.979658  -0.006125  0.008563  0.008005  0.999931  -0.000219  -0.000281  -0.000318  0.000000  0.000000  0.000000  2.000000  
130.057073 0.005979  0.096431  -0.014962  0.979639  0.200517  -0.009970  -0.200582  0.979658  -0.006006  0.008563  0.007884  0.999932  -0.000189  -0.000253  -0.000298  0.000000  0.000000  0.000000  2.000000  
130.058323 0.005979  0.096431  -0.014962  0.979598  0.200719  -0.009971  -0.200784  0.979617  -0.006004  0.008563  0.007884  0.999932  -0.000158  -0.000225  -0.000278  0.000000  0.000000  0.000000  2.000000  
130.059570 0.005980  0.096431  -0.014962  0.979557  0.200920  -0.009973  -0.200985  0.979576  -0.006002  0.008563  0.007884  0.999932  -0.000117  -0.000217  -0.000246  0.000000  0.000000  0.000000  2.000000  
130.060817 0.005980  0.096431  -0.014962  0.979515  0.201122  -0.009974  -0.201187  0.979534  -0.006000  0.008563  0.007884  0.999932  -0.000089  -0.000192  -0.000230  0.000000  0.000000  0.000000  2.000000  
130.061817 0.005980  0.096430  -0.014962  0.979474  0.201325  -0.009951  -0.201389  0.979494  -0.005879  0.008563  0.007763  0.999933  -0.000068  -0.000217  -0.000259  0.000000  0.000000  0.000000  2.000000  
130.063068 0.005980  0.096430  -0.014963  0.979473  0.201324  -0.010082  -0.201388  0.979494  -0.005852  0.008697  0.007763  0.999932  -0.000027  -0.000191  -0.000276  0.000000  0.000000  0.000000  2.000000  
130.064316 0.005980  0.096430  -0.014963  0.979431  0.201526  -0.010083  -0.201590  0.979452  -0.005850  0.008697  0.007763  0.999932  0.000023  -0.000188  -0.000285  0.000000  0.000000  0.000000  2.000000  
130.065563 0.005980  0.096430  -0.014963  0.979390  0.201727  -0.010084  -0.201792  0.979411  -0.005848  0.008697  0.007763  0.999932  0.000023  -0.000185  -0.000280  0.000000  0.000000  0.000000  2.000000  
130.066579 0.005980  0.096430  -0.014964  0.979348  0.201929  -0.010085  -0.201993  0.979369  -0.005846  0.008697  0.007763  0.999932  0.000053  -0.000160  -0.000265  0.000000  0.000000  0.000000  2.000000  
130.067818 0.005981  0.096430  -0.014964  0.979307  0.202130  -0.010087  -0.202195  0.979328  -0.005844  0.008697  0.007763  0.999932  0.000062  -0.000180  -0.000252  0.000000  0.000000  0.000000  2.000000  
130.069067 0.005981  0.096430  -0.014964  0.979265  0.202332  -0.010088  -0.202397  0.979286  -0.005842  0.008697  0.007763  0.999932  0.000091  -0.000153  -0.000233  0.000000  0.000000  0.000000  2.000000  
130.070068 0.005981  0.096430  -0.014964  0.979222  0.202533  -0.010220  -0.202598  0.979245  -0.005813  0.008831  0.007763  0.999931  0.000121  -0.000125  -0.000213  0.000000  0.000000  0.000000  2.000000  
130.071318 0.005981  0.096430  -0.014965  0.979180  0.202734  -0.010221  -0.202800  0.979203  -0.005811  0.008831  0.007763  0.999931  0.000104  -0.000082  -0.000234  0.000000  0.000000  0.000000  2.000000  
130.072570 0.005981  0.096430  -0.014965  0.979139  0.202936  -0.010222  -0.203001  0.979161  -0.005809  0.008831  0.007763  0.999931  0.000103  -0.000080  -0.000230  0.000000  0.000000  0.000000  2.000000  
130.073817 0.005981  0.096430  -0.014965  0.979097  0.203137  -0.010224  -0.203203  0.979119  -0.005807  0.008831  0.007763  0.999931  0.000092  -0.000078  -0.000193  0.000000  0.000000  0.000000  2.000000  
130.074820 0.005980  0.096430  -0.014965  0.979054  0.203338  -0.010356  -0.203404  0.979078  -0.005777  0.008964  0.007763  0.999930  0.000054  -0.000085  -0.000225  0.000000  0.000000  0.000000  2.000000  
130.076068 0.005980  0.096430  -0.014966  0.979012  0.203539  -0.010357  -0.203606  0.979036  -0.005775  0.008964  0.007763  0.999930  0.000034  -0.000060  -0.000196  0.000000  0.000000  0.000000  2.000000  
130.077317 0.005980  0.096430  -0.014966  0.978970  0.203741  -0.010358  -0.203807  0.978994  -0.005773  0.008964  0.007763  0.999930  -0.000017  -0.000063  -0.000187  0.000000  0.000000  0.000000  2.000000  
130.078565 0.005979  0.096429  -0.014966  0.978927  0.203942  -0.010490  -0.204008  0.978952  -0.005744  0.009098  0.007763  0.999928  -0.000046  -0.000090  -0.000204  0.000000  0.000000  0.000000  2.000000  
130.079571 0.005979  0.096429  -0.014967  0.978885  0.204143  -0.010492  -0.204210  0.978910  -0.005741  0.009098  0.007763  0.999928  -0.000105  -0.000070  -0.000204  0.000000  0.000000  0.000000  2.000000  
130.080573 0.005979  0.096429  -0.014967  0.978843  0.204345  -0.010493  -0.204411  0.978868  -0.005739  0.009098  0.007763  0.999928  -0.000107  -0.000071  -0.000207  0.000000  0.000000  0.000000  2.000000  
130.081815 0.005978  0.096429  -0.014967  0.978799  0.204545  -0.010625  -0.204613  0.978826  -0.005710  0.009232  0.007763  0.999927  -0.000157  -0.000074  -0.000198  0.000000  0.000000  0.000000  2.000000  
130.082815 0.005978  0.096429  -0.014967  0.978757  0.204747  -0.010626  -0.204814  0.978784  -0.005707  0.009232  0.007763  0.999927  -0.000194  -0.000078  -0.000223  0.000000  0.000000  0.000000  2.000000  
130.084068 0.005978  0.096429  -0.014967  0.978715  0.204948  -0.010627  -0.205016  0.978742  -0.005705  0.009232  0.007763  0.999927  -0.000219  -0.000076  -0.000152  0.000000  0.000000  0.000000  2.000000  
130.085071 0.005977  0.096428  -0.014967  0.978715  0.204948  -0.010627  -0.205016  0.978742  -0.005705  0.009232  0.007763  0.999927  -0.000249  -0.000103  -0.000172  0.000000  0.000000  0.000000  2.000000  
130.086319 0.005977  0.096428  -0.014967  0.978629  0.205350  -0.010760  -0.205418  0.978658  -0.005673  0.009366  0.007763  0.999926  -0.000240  -0.000126  -0.000164  0.000000  0.000000  0.000000  2.000000  
130.087321 0.005976  0.096428  -0.014967  0.978629  0.205350  -0.010760  -0.205418  0.978658  -0.005673  0.009366  0.007763  0.999926  -0.000292  -0.000150  -0.000110  0.000000  0.000000  0.000000  2.000000  
130.088570 0.005976  0.096427  -0.014967  0.978545  0.205752  -0.010788  -0.205821  0.978572  -0.005788  0.009366  0.007884  0.999925  -0.000322  -0.000178  -0.000130  0.001538  0.028113  0.171349  2.000000  
130.089570 0.005976  0.096427  -0.014966  0.978544  0.205751  -0.010919  -0.205821  0.978573  -0.005760  0.009500  0.007884  0.999924  -0.000298  -0.000146  -0.000072  0.000000  0.000000  0.000000  2.000000  
130.090580 0.005975  0.096427  -0.014967  0.978501  0.205952  -0.010920  -0.206023  0.978530  -0.005758  0.009500  0.007884  0.999924  -0.000323  -0.000199  -0.000084  0.000000  0.000000  0.000000  2.000000  
130.091817 0.005975  0.096427  -0.014966  0.978459  0.206154  -0.010921  -0.206224  0.978488  -0.005756  0.009500  0.007884  0.999924  -0.000304  -0.000169  -0.000028  0.000000  0.000000  0.000000  2.000000  
130.093065 0.005975  0.096427  -0.014966  0.978415  0.206354  -0.011053  -0.206425  0.978446  -0.005726  0.009633  0.007884  0.999923  -0.000269  -0.000139  -0.000008  -0.002471  0.032564  0.171320  2.000000  
130.094315 0.005975  0.096427  -0.014966  0.978372  0.206555  -0.011054  -0.206627  0.978403  -0.005724  0.009633  0.007884  0.999923  -0.000271  -0.000160  0.000037  -0.002471  0.032563  0.171312  2.000000  
130.095568 0.005975  0.096427  -0.014966  0.978287  0.206958  -0.011057  -0.207029  0.978318  -0.005719  0.009633  0.007884  0.999923  -0.000241  -0.000132  0.000056  -0.002491  0.032830  0.172719  2.000000  
130.096571 0.005975  0.096427  -0.014965  0.978286  0.206957  -0.011188  -0.207029  0.978318  -0.005691  0.009767  0.007884  0.999921  -0.000226  -0.000105  0.000114  -0.002460  0.037030  0.171313  2.000000  
130.097815 0.005975  0.096427  -0.014965  0.978201  0.207359  -0.011215  -0.207432  0.978232  -0.005805  0.009767  0.008005  0.999920  -0.000177  -0.000123  0.000151  -0.006440  0.037089  0.178145  2.000000  
130.098815 0.005975  0.096427  -0.014965  0.978201  0.207359  -0.011215  -0.207432  0.978232  -0.005805  0.009767  0.008005  0.999920  -0.000166  -0.000125  0.000114  -0.006503  0.037034  0.171281  2.000000  
130.100068 0.005975  0.096427  -0.014964  0.978115  0.207761  -0.011217  -0.207835  0.978147  -0.005801  0.009767  0.008005  0.999920  -0.000114  -0.000066  0.000187  -0.006482  0.032900  0.179664  2.000000  
130.101086 0.005976  0.096428  -0.014964  0.978114  0.207760  -0.011348  -0.207834  0.978147  -0.005773  0.009901  0.008005  0.999919  -0.000086  -0.000039  0.000210  -0.006530  0.037318  0.172592  2.000000  
130.102319 0.005976  0.096428  -0.014963  0.978028  0.208163  -0.011351  -0.208237  0.978061  -0.005768  0.009901  0.008005  0.999919  -0.000055  -0.000011  0.000226  -0.006469  0.037397  0.179626  2.000000  
130.103321 0.005976  0.096428  -0.014963  0.977985  0.208364  -0.011352  -0.208438  0.978018  -0.005766  0.009901  0.008005  0.999919  0.000004  0.000044  0.000270  -0.006469  0.037394  0.179612  2.000000  
130.104321 0.005976  0.096428  -0.014962  0.977985  0.208364  -0.011352  -0.208438  0.978018  -0.005766  0.009901  0.008005  0.999919  0.000004  0.000044  0.000270  -0.006525  0.032858  0.172810  2.000000  
130.105574 0.005976  0.096428  -0.014962  0.977898  0.208766  -0.011485  -0.208841  0.977933  -0.005733  0.010035  0.008005  0.999918  0.000064  0.000098  0.000304  -0.006444  0.037389  0.179584  2.000000  
130.106581 0.005977  0.096429  -0.014962  0.977855  0.208967  -0.011486  -0.209042  0.977890  -0.005731  0.010035  0.008005  0.999918  0.000096  0.000148  0.000284  -0.006376  0.037432  0.186448  2.000000  
130.107818 0.005977  0.096429  -0.014962  0.977812  0.209169  -0.011487  -0.209243  0.977847  -0.005729  0.010035  0.008005  0.999918  0.000097  0.000149  0.000284  -0.006367  0.032953  0.186575  2.000000  
130.109068 0.005977  0.096430  -0.014962  0.977769  0.209370  -0.011489  -0.209445  0.977804  -0.005726  0.010035  0.008005  0.999918  0.000138  0.000174  0.000267  -0.006433  0.032901  0.179666  2.000000  
130.110314 0.005977  0.096430  -0.014962  0.977726  0.209571  -0.011490  -0.209646  0.977761  -0.005724  0.010035  0.008005  0.999918  0.000159  0.000225  0.000278  -0.006315  0.032685  0.185058  2.000000  
130.111318 0.005978  0.096431  -0.014961  0.977681  0.209772  -0.011622  -0.209847  0.977718  -0.005693  0.010169  0.008005  0.999916  0.000200  0.000251  0.000261  -0.006302  0.037145  0.185015  2.000000  
130.112563 0.005978  0.096432  -0.014961  0.977595  0.210174  -0.011624  -0.210250  0.977631  -0.005689  0.010169  0.008005  0.999916  0.000208  0.000319  0.000260  -0.006226  0.032750  0.191984  2.000000  
