1-Time 2-Px 3-Py 4-Pz 5-R11 6-R21 7-R31 8-R12 9-R22 10-R32 11-R13 12-R23 13-R33 14-Vx 15-Vy 16-Vz 17-Wx 18-Wy 19-Wz 20-state 21-PR11 22-PR21 23-PR31 24-PR12 25-PR22 26-PR32 27-PR13 28-PR23 29-PR33 
126.378753 0.003490  0.093381  -0.023732  0.986723  0.094731  -0.131921  -0.091674  0.995365  0.029067  0.134063  -0.016587  0.990834  -0.000049  -0.000023  0.000060  0.000000  0.000000  0.000000  2.000000  
126.379755 0.003490  0.093381  -0.023732  0.986723  0.094731  -0.131921  -0.091674  0.995365  0.029067  0.134063  -0.016587  0.990834  -0.000049  -0.000023  0.000060  0.000000  0.000000  0.000000  2.000000  
126.380760 0.003490  0.093380  -0.023732  0.986650  0.095145  -0.132173  -0.092077  0.995325  0.029146  0.134328  -0.016587  0.990798  -0.000030  -0.000070  0.000075  0.000000  0.000000  0.000000  2.000000  
126.382007 0.003490  0.093378  -0.023732  0.986540  0.095580  -0.132677  -0.092477  0.995282  0.029370  0.134858  -0.016705  0.990724  -0.000045  -0.000215  0.000027  0.000000  0.000000  0.000000  2.000000  
126.383262 0.003490  0.093376  -0.023733  0.986467  0.095791  -0.133067  -0.092675  0.995261  0.029435  0.135256  -0.016705  0.990670  -0.000020  -0.000358  0.000005  0.000000  0.000000  0.000000  2.000000  
126.384507 0.003491  0.093373  -0.023733  0.986376  0.096021  -0.133577  -0.092871  0.995237  0.029633  0.135786  -0.016823  0.990595  0.000023  -0.000547  -0.000003  0.000000  0.000000  0.000000  2.000000  
126.385510 0.003491  0.093371  -0.023732  0.986283  0.096454  -0.133949  -0.093272  0.995193  0.029846  0.136184  -0.016943  0.990539  0.000070  -0.000663  0.000033  0.000000  0.000000  0.000000  2.000000  
126.386514 0.003492  0.093369  -0.023732  0.986151  0.097280  -0.134320  -0.094079  0.995113  0.029994  0.136582  -0.016942  0.990484  0.000157  -0.000777  0.000094  0.000000  0.000000  0.000000  2.000000  
126.387760 0.003493  0.093367  -0.023731  0.986001  0.098125  -0.134811  -0.094884  0.995028  0.030276  0.137112  -0.017061  0.990409  0.000213  -0.000916  0.000137  0.000000  0.000000  0.000000  2.000000  
126.388764 0.003493  0.093365  -0.023731  0.985887  0.098747  -0.135188  -0.095488  0.994966  0.030398  0.137509  -0.017060  0.990354  0.000238  -0.001058  0.000115  0.000000  0.000000  0.000000  2.000000  
126.390010 0.003493  0.093362  -0.023733  0.985735  0.099575  -0.135691  -0.096292  0.994884  0.030560  0.138039  -0.017058  0.990280  0.000210  -0.001232  -0.000030  0.000000  0.000000  0.000000  2.000000  
126.391266 0.003492  0.093362  -0.023736  0.985564  0.100203  -0.136463  -0.096890  0.994821  0.030722  0.138834  -0.017057  0.990169  0.000186  -0.001287  -0.000223  0.040855  0.154300  0.180813  2.000000  
126.392509 0.003492  0.093361  -0.023738  0.985354  0.101055  -0.137348  -0.097689  0.994733  0.031046  0.139762  -0.017174  0.990036  0.000152  -0.001321  -0.000425  0.048808  0.185304  0.208770  2.000000  
126.393760 0.003492  0.093360  -0.023741  0.985141  0.102092  -0.138107  -0.098692  0.994627  0.031267  0.140557  -0.017172  0.989924  0.000167  -0.001376  -0.000594  0.053645  0.211701  0.243486  2.000000  
126.394760 0.003493  0.093359  -0.023744  0.984987  0.102735  -0.138734  -0.099291  0.994558  0.031539  0.141219  -0.017291  0.989827  0.000192  -0.001430  -0.000801  0.060661  0.233821  0.264436  2.000000  
126.395763 0.003493  0.093358  -0.023746  0.984810  0.103565  -0.139367  -0.100093  0.994472  0.031721  0.141881  -0.017289  0.989733  0.000268  -0.001433  -0.000933  0.064559  0.255791  0.292168  2.000000  
126.397007 0.003495  0.093357  -0.023746  0.984614  0.104415  -0.140118  -0.100892  0.994381  0.032037  0.142676  -0.017407  0.989616  0.000370  -0.001357  -0.000918  0.072593  0.282323  0.320086  2.000000  
126.398009 0.003497  0.093355  -0.023745  0.984435  0.105263  -0.140737  -0.101693  0.994290  0.032341  0.143338  -0.017526  0.989519  0.000450  -0.001374  -0.000820  0.080619  0.304326  0.347896  2.000000  
126.399255 0.003498  0.093351  -0.023742  0.984236  0.106130  -0.141475  -0.102491  0.994194  0.032780  0.144133  -0.017764  0.989399  0.000519  -0.001505  -0.000617  0.092763  0.330793  0.375794  2.000000  
126.400260 0.003500  0.093347  -0.023741  0.984036  0.106980  -0.142225  -0.103290  0.994100  0.033100  0.144927  -0.017881  0.989281  0.000556  -0.001622  -0.000559  0.100832  0.361792  0.403777  2.000000  
126.401505 0.003501  0.093342  -0.023737  0.983815  0.107832  -0.143106  -0.104086  0.994006  0.033435  0.145854  -0.017999  0.989142  0.000603  -0.001798  -0.000370  0.108067  0.389512  0.428150  2.000000  
126.402515 0.003502  0.093338  -0.023734  0.983634  0.108478  -0.143862  -0.104681  0.993934  0.033728  0.146648  -0.018117  0.989023  0.000650  -0.001964  -0.000255  0.116083  0.419187  0.452566  2.000000  
126.403757 0.003503  0.093331  -0.023730  0.983454  0.108922  -0.144756  -0.105071  0.993883  0.034007  0.147574  -0.018234  0.988883  0.000644  -0.002273  0.000037  0.122346  0.450498  0.466930  2.000000  
126.404759 0.003504  0.093325  -0.023728  0.983293  0.109363  -0.145518  -0.105464  0.993832  0.034271  0.148368  -0.018352  0.988762  0.000769  -0.002490  0.000351  0.128553  0.477175  0.481077  2.000000  
126.405760 0.003506  0.093320  -0.023726  0.983148  0.109987  -0.146022  -0.106062  0.993764  0.034418  0.148897  -0.018351  0.988682  0.000907  -0.002848  0.000679  0.131624  0.494823  0.501948  2.000000  
126.406766 0.003508  0.093315  -0.023724  0.983003  0.110628  -0.146514  -0.106661  0.993690  0.034686  0.149427  -0.018469  0.988600  0.001098  -0.003165  0.000908  0.138748  0.512314  0.522723  2.000000  
126.408008 0.003510  0.093309  -0.023721  0.982837  0.111254  -0.147150  -0.107257  0.993620  0.034848  0.150088  -0.018467  0.988500  0.001231  -0.003472  0.001186  0.141910  0.534581  0.543795  2.000000  
126.409081 0.003512  0.093304  -0.023718  0.982735  0.111468  -0.147668  -0.107451  0.993596  0.034936  0.150617  -0.018466  0.988420  0.001344  -0.003730  0.001635  0.142703  0.551152  0.549652  2.000000  
126.410262 0.003515  0.093300  -0.023715  0.982591  0.111908  -0.148298  -0.107844  0.993545  0.035189  0.151278  -0.018584  0.988316  0.001452  -0.003968  0.002081  0.148298  0.570196  0.558034  2.000000  
126.411509 0.003517  0.093295  -0.023710  0.982468  0.112125  -0.148948  -0.108036  0.993520  0.035292  0.151940  -0.018582  0.988215  0.001474  -0.004167  0.002401  0.146418  0.574667  0.546887  2.000000  
126.412510 0.003517  0.093292  -0.023706  0.982364  0.112357  -0.149453  -0.108229  0.993492  0.035501  0.152469  -0.018700  0.988131  0.001418  -0.004351  0.002623  0.146913  0.579439  0.544556  2.000000  
126.413511 0.003518  0.093288  -0.023703  0.982261  0.112572  -0.149971  -0.108422  0.993468  0.035590  0.152998  -0.018698  0.988050  0.001366  -0.004393  0.002745  0.144099  0.583836  0.551535  2.000000  
126.414759 0.003517  0.093282  -0.023698  0.982157  0.112804  -0.150475  -0.108615  0.993439  0.035799  0.153526  -0.018817  0.987965  0.001199  -0.004488  0.002867  0.143152  0.583376  0.547064  2.000000  
126.415761 0.003516  0.093277  -0.023694  0.982094  0.113014  -0.150731  -0.108813  0.993415  0.035860  0.153791  -0.018816  0.987924  0.001053  -0.004542  0.002988  0.141518  0.584125  0.530989  2.000000  
126.417010 0.003514  0.093271  -0.023689  0.982032  0.113021  -0.151125  -0.108806  0.993414  0.035903  0.154187  -0.018815  0.987862  0.000794  -0.004643  0.003101  0.133555  0.575195  0.506170  2.000000  
126.418257 0.003510  0.093264  -0.023683  0.981948  0.113252  -0.151498  -0.109002  0.993386  0.036099  0.154584  -0.018933  0.987798  0.000500  -0.004662  0.003276  0.133812  0.575750  0.479097  2.000000  
126.419259 0.003507  0.093258  -0.023677  0.981885  0.113461  -0.151753  -0.109199  0.993362  0.036159  0.154848  -0.018933  0.987757  0.000236  -0.004625  0.003468  0.131967  0.566972  0.465242  2.000000  
126.420263 0.003504  0.093253  -0.023671  0.981843  0.113466  -0.152016  -0.109195  0.993361  0.036188  0.155113  -0.018932  0.987715  -0.000084  -0.004579  0.003760  0.130235  0.558584  0.448312  2.000000  
126.421510 0.003499  0.093249  -0.023662  0.981781  0.113474  -0.152410  -0.109188  0.993361  0.036232  0.155509  -0.018931  0.987653  -0.000562  -0.004500  0.004193  0.122328  0.545450  0.424125  2.000000  
126.422512 0.003495  0.093245  -0.023654  0.981740  0.113479  -0.152673  -0.109183  0.993360  0.036261  0.155774  -0.018930  0.987611  -0.000988  -0.004413  0.004532  0.119456  0.532411  0.399850  2.000000  
126.423513 0.003491  0.093242  -0.023647  0.981719  0.113463  -0.152818  -0.109181  0.993364  0.036155  0.155906  -0.018810  0.987593  -0.001344  -0.004315  0.004842  0.111435  0.514957  0.372105  2.000000  
126.424516 0.003486  0.093239  -0.023641  0.981655  0.113672  -0.153073  -0.109378  0.993340  0.036216  0.156170  -0.018809  0.987551  -0.001835  -0.004254  0.005068  0.105461  0.501652  0.358151  2.000000  
126.425524 0.003482  0.093236  -0.023635  0.981655  0.113654  -0.153087  -0.109378  0.993345  0.036096  0.156170  -0.018689  0.987553  -0.002315  -0.004213  0.005253  0.097358  0.479599  0.330266  2.000000  
126.426760 0.003474  0.093232  -0.023630  0.981612  0.113861  -0.153210  -0.109578  0.993321  0.036142  0.156302  -0.018689  0.987532  -0.002852  -0.004163  0.005296  0.090357  0.457612  0.309436  2.000000  
126.428010 0.003467  0.093229  -0.023625  0.981612  0.113842  -0.153224  -0.109578  0.993325  0.036021  0.156302  -0.018569  0.987535  -0.003440  -0.004041  0.005302  0.073083  0.431365  0.274828  2.000000  
126.429260 0.003458  0.093226  -0.023621  0.981612  0.113824  -0.153238  -0.109578  0.993330  0.035901  0.156302  -0.018449  0.987537  -0.003926  -0.003920  0.005264  0.060367  0.399339  0.241955  2.000000  
126.430261 0.003451  0.093222  -0.023618  0.981612  0.113824  -0.153238  -0.109578  0.993330  0.035901  0.156302  -0.018449  0.987537  -0.004416  -0.003839  0.005257  0.052700  0.378240  0.219016  2.000000  
126.431511 0.003442  0.093218  -0.023613  0.981591  0.113826  -0.153369  -0.109576  0.993329  0.035915  0.156434  -0.018449  0.987516  -0.004895  -0.003688  0.005210  0.040493  0.347291  0.191131  2.000000  
126.432760 0.003431  0.093212  -0.023608  0.981591  0.113826  -0.153369  -0.109576  0.993329  0.035915  0.156434  -0.018449  0.987516  -0.005381  -0.003612  0.005244  0.033355  0.316211  0.170053  2.000000  
126.434010 0.003421  0.093207  -0.023603  0.981591  0.113826  -0.153369  -0.109576  0.993329  0.035915  0.156434  -0.018449  0.987516  -0.005863  -0.003444  0.005034  0.031323  0.284965  0.155767  2.000000  
126.435260 0.003411  0.093202  -0.023598  0.981591  0.113808  -0.153383  -0.109576  0.993334  0.035795  0.156434  -0.018329  0.987518  -0.006197  -0.003406  0.004855  0.020937  0.260604  0.140517  2.000000  
126.436506 0.003402  0.093197  -0.023593  0.981612  0.113805  -0.153252  -0.109578  0.993334  0.035780  0.156302  -0.018329  0.987539  -0.006486  -0.003450  0.004584  0.016780  0.234368  0.112898  2.000000  
126.437510 0.003395  0.093193  -0.023589  0.981612  0.113805  -0.153252  -0.109578  0.993334  0.035780  0.156302  -0.018329  0.987539  -0.006664  -0.003464  0.004380  0.009698  0.214173  0.092898  2.000000  
126.438515 0.003389  0.093189  -0.023585  0.981612  0.113805  -0.153252  -0.109578  0.993334  0.035780  0.156302  -0.018329  0.987539  -0.006856  -0.003488  0.004124  0.007599  0.196436  0.078884  2.000000  
126.439759 0.003381  0.093185  -0.023581  0.981633  0.113784  -0.153134  -0.109580  0.993339  0.035645  0.156170  -0.018210  0.987562  -0.006898  -0.003515  0.003876  -0.001590  0.172647  0.071037  2.000000  
126.441009 0.003375  0.093181  -0.023578  0.981633  0.113784  -0.153134  -0.109580  0.993339  0.035645  0.156170  -0.018210  0.987562  -0.006941  -0.003552  0.003683  0.000000  0.000000  0.000000  2.000000  
126.442260 0.003369  0.093178  -0.023575  0.981655  0.113561  -0.153156  -0.109378  0.993366  0.035493  0.156170  -0.018090  0.987564  -0.006836  -0.003573  0.003516  0.000000  0.000000  0.000000  2.000000  
126.443510 0.003363  0.093174  -0.023571  0.981655  0.113542  -0.153169  -0.109378  0.993371  0.035373  0.156170  -0.017970  0.987567  -0.006682  -0.003592  0.003483  0.000000  0.000000  0.000000  2.000000  
126.444510 0.003359  0.093171  -0.023569  0.981655  0.113542  -0.153169  -0.109378  0.993371  0.035373  0.156170  -0.017970  0.987567  -0.006477  -0.003574  0.003423  0.000000  0.000000  0.000000  2.000000  
126.445762 0.003354  0.093167  -0.023566  0.981676  0.113521  -0.153052  -0.109381  0.993375  0.035237  0.156038  -0.017851  0.987590  -0.006170  -0.003566  0.003300  0.000000  0.000000  0.000000  2.000000  
126.447006 0.003350  0.093162  -0.023565  0.981697  0.113519  -0.152920  -0.109383  0.993375  0.035223  0.155906  -0.017851  0.987611  -0.005794  -0.003566  0.003049  0.000000  0.000000  0.000000  2.000000  
126.448010 0.003347  0.093158  -0.023565  0.981718  0.113498  -0.152803  -0.109385  0.993380  0.035088  0.155774  -0.017732  0.987634  -0.005439  -0.003585  0.002775  0.000000  0.000000  0.000000  2.000000  
126.449257 0.003342  0.093152  -0.023566  0.981718  0.113498  -0.152803  -0.109385  0.993380  0.035088  0.155774  -0.017732  0.987634  -0.005096  -0.003624  0.002408  0.000000  0.000000  0.000000  2.000000  
126.450507 0.003339  0.093147  -0.023568  0.981718  0.113498  -0.152803  -0.109385  0.993380  0.035088  0.155774  -0.017732  0.987634  -0.004625  -0.003616  0.001896  0.000000  0.000000  0.000000  2.000000  
126.451755 0.003336  0.093142  -0.023570  0.981718  0.113517  -0.152789  -0.109385  0.993376  0.035208  0.155774  -0.017852  0.987631  -0.004262  -0.003584  0.001469  0.000000  0.000000  0.000000  2.000000  
126.452757 0.003335  0.093138  -0.023572  0.981740  0.113312  -0.152796  -0.109183  0.993399  0.035177  0.155774  -0.017852  0.987631  -0.003908  -0.003564  0.001072  0.000000  0.000000  0.000000  2.000000  
126.454009 0.003333  0.093134  -0.023573  0.981740  0.113312  -0.152796  -0.109183  0.993399  0.035177  0.155774  -0.017852  0.987631  -0.003487  -0.003588  0.000675  0.000000  0.000000  0.000000  2.000000  
126.455012 0.003333  0.093130  -0.023574  0.981718  0.113535  -0.152775  -0.109385  0.993371  0.035329  0.155774  -0.017971  0.987629  -0.003146  -0.003647  0.000354  0.000000  0.000000  0.000000  2.000000  
126.456261 0.003332  0.093126  -0.023575  0.981718  0.113535  -0.152775  -0.109385  0.993371  0.035329  0.155774  -0.017971  0.987629  -0.002788  -0.003655  0.000147  0.000000  0.000000  0.000000  2.000000  
126.457261 0.003331  0.093122  -0.023576  0.981718  0.113535  -0.152775  -0.109385  0.993371  0.035329  0.155774  -0.017971  0.987629  -0.002493  -0.003716  -0.000130  0.000000  0.000000  0.000000  2.000000  
126.458264 0.003330  0.093119  -0.023576  0.981695  0.113740  -0.152768  -0.109587  0.993348  0.035360  0.155774  -0.017971  0.987629  -0.002218  -0.003711  -0.000316  0.000000  0.000000  0.000000  2.000000  
126.459510 0.003330  0.093115  -0.023576  0.981695  0.113740  -0.152768  -0.109587  0.993348  0.035360  0.155774  -0.017971  0.987629  -0.001924  -0.003719  -0.000499  0.000000  0.000000  0.000000  2.000000  
126.460759 0.003330  0.093111  -0.023578  0.981674  0.113724  -0.152913  -0.109585  0.993352  0.035254  0.155906  -0.017851  0.987611  -0.001646  -0.003697  -0.000767  0.000000  0.000000  0.000000  2.000000  
126.461759 0.003329  0.093108  -0.023579  0.981652  0.113928  -0.152906  -0.109787  0.993329  0.035286  0.155906  -0.017851  0.987611  -0.001414  -0.003636  -0.000937  0.000000  0.000000  0.000000  2.000000  
126.462762 0.003328  0.093105  -0.023580  0.981652  0.113928  -0.152906  -0.109787  0.993329  0.035286  0.155906  -0.017851  0.987611  -0.001236  -0.003564  -0.001053  0.000000  0.000000  0.000000  2.000000  
126.464010 0.003328  0.093102  -0.023582  0.981652  0.113928  -0.152906  -0.109787  0.993329  0.035286  0.155906  -0.017851  0.987611  -0.000975  -0.003412  -0.001075  0.000000  0.000000  0.000000  2.000000  
126.465259 0.003328  0.093099  -0.023583  0.981629  0.114133  -0.152899  -0.109989  0.993305  0.035317  0.155906  -0.017851  0.987611  -0.000781  -0.003238  -0.001051  0.000000  0.000000  0.000000  2.000000  
126.466508 0.003327  0.093096  -0.023584  0.981629  0.114151  -0.152885  -0.109989  0.993301  0.035438  0.155906  -0.017971  0.987608  -0.000618  -0.003133  -0.000952  0.000000  0.000000  0.000000  2.000000  
126.467510 0.003326  0.093093  -0.023584  0.981606  0.114356  -0.152877  -0.110191  0.993277  0.035469  0.155906  -0.017971  0.987608  -0.000587  -0.003055  -0.000880  0.000000  0.000000  0.000000  2.000000  
126.468756 0.003326  0.093091  -0.023585  0.981606  0.114374  -0.152864  -0.110191  0.993273  0.035590  0.155906  -0.018091  0.987606  -0.000520  -0.002933  -0.000765  0.000000  0.000000  0.000000  2.000000  
126.469757 0.003325  0.093088  -0.023585  0.981584  0.114579  -0.152856  -0.110393  0.993249  0.035621  0.155906  -0.018091  0.987606  -0.000530  -0.002839  -0.000766  0.000000  0.000000  0.000000  2.000000  
126.470760 0.003323  0.093086  -0.023585  0.981584  0.114597  -0.152842  -0.110393  0.993245  0.035742  0.155906  -0.018211  0.987604  -0.000563  -0.002764  -0.000710  0.000000  0.000000  0.000000  2.000000  
126.471763 0.003322  0.093083  -0.023586  0.981584  0.114616  -0.152828  -0.110393  0.993241  0.035862  0.155906  -0.018330  0.987602  -0.000633  -0.002745  -0.000703  0.000000  0.000000  0.000000  2.000000  
126.473011 0.003320  0.093079  -0.023587  0.981561  0.114820  -0.152821  -0.110595  0.993217  0.035894  0.155906  -0.018330  0.987602  -0.000721  -0.002701  -0.000769  0.000000  0.000000  0.000000  2.000000  
126.474267 0.003317  0.093075  -0.023587  0.981561  0.114839  -0.152807  -0.110595  0.993213  0.036014  0.155906  -0.018450  0.987600  -0.000908  -0.002705  -0.000753  0.000000  0.000000  0.000000  2.000000  
126.475510 0.003314  0.093072  -0.023588  0.981559  0.115041  -0.152668  -0.110800  0.993189  0.036031  0.155774  -0.018451  0.987620  -0.001075  -0.002685  -0.000679  0.000000  0.000000  0.000000  2.000000  
126.476759 0.003311  0.093068  -0.023587  0.981559  0.115059  -0.152654  -0.110800  0.993185  0.036151  0.155774  -0.018570  0.987618  -0.001212  -0.002664  -0.000543  0.000000  0.000000  0.000000  2.000000  
126.477760 0.003309  0.093066  -0.023586  0.981559  0.115059  -0.152654  -0.110800  0.993185  0.036151  0.155774  -0.018570  0.987618  -0.001315  -0.002615  -0.000389  0.000000  0.000000  0.000000  2.000000  
126.478760 0.003306  0.093063  -0.023585  0.981559  0.115059  -0.152654  -0.110800  0.993185  0.036151  0.155774  -0.018570  0.987618  -0.001491  -0.002610  -0.000225  0.000000  0.000000  0.000000  2.000000  
126.480008 0.003303  0.093061  -0.023583  0.981536  0.115264  -0.152647  -0.111002  0.993161  0.036183  0.155774  -0.018570  0.987618  -0.001630  -0.002589  -0.000058  0.000000  0.000000  0.000000  2.000000  
126.481257 0.003300  0.093058  -0.023582  0.981536  0.115282  -0.152633  -0.111002  0.993157  0.036303  0.155774  -0.018690  0.987616  -0.001821  -0.002543  0.000085  0.000000  0.000000  0.000000  2.000000  
126.482515 0.003296  0.093055  -0.023581  0.981536  0.115282  -0.152633  -0.111002  0.993157  0.036303  0.155774  -0.018690  0.987616  -0.002045  -0.002538  0.000231  0.000000  0.000000  0.000000  2.000000  
126.483755 0.003292  0.093053  -0.023581  0.981536  0.115301  -0.152619  -0.111002  0.993153  0.036424  0.155774  -0.018810  0.987614  -0.002236  -0.002526  0.000264  0.000000  0.000000  0.000000  2.000000  
126.484757 0.003289  0.093050  -0.023581  0.981536  0.115301  -0.152619  -0.111002  0.993153  0.036424  0.155774  -0.018810  0.987614  -0.002394  -0.002579  0.000255  0.000000  0.000000  0.000000  2.000000  
126.486010 0.003284  0.093046  -0.023581  0.981536  0.115301  -0.152619  -0.111002  0.993153  0.036424  0.155774  -0.018810  0.987614  -0.002600  -0.002579  0.000287  0.000000  0.000000  0.000000  2.000000  
126.487255 0.003279  0.093043  -0.023582  0.981536  0.115319  -0.152605  -0.111002  0.993148  0.036544  0.155774  -0.018930  0.987611  -0.002774  -0.002590  0.000326  0.000000  0.000000  0.000000  2.000000  
126.488262 0.003275  0.093040  -0.023582  0.981536  0.115319  -0.152605  -0.111002  0.993148  0.036544  0.155774  -0.018930  0.987611  -0.002927  -0.002569  0.000359  0.000000  0.000000  0.000000  2.000000  
126.489510 0.003270  0.093036  -0.023581  0.981536  0.115338  -0.152591  -0.111002  0.993144  0.036664  0.155774  -0.019050  0.987609  -0.003112  -0.002596  0.000421  0.000000  0.000000  0.000000  2.000000  
126.490521 0.003266  0.093033  -0.023581  0.981536  0.115338  -0.152591  -0.111002  0.993144  0.036664  0.155774  -0.019050  0.987609  -0.003239  -0.002569  0.000420  0.000000  0.000000  0.000000  2.000000  
126.491762 0.003260  0.093029  -0.023581  0.981536  0.115338  -0.152591  -0.111002  0.993144  0.036664  0.155774  -0.019050  0.987609  -0.003401  -0.002602  0.000365  0.000000  0.000000  0.000000  2.000000  
126.492763 0.003257  0.093027  -0.023581  0.981536  0.115338  -0.152591  -0.111002  0.993144  0.036664  0.155774  -0.019050  0.987609  -0.003480  -0.002606  0.000314  0.000000  0.000000  0.000000  2.000000  
126.494013 0.003252  0.093023  -0.023581  0.981536  0.115356  -0.152577  -0.111002  0.993139  0.036785  0.155774  -0.019169  0.987607  -0.003582  -0.002638  0.000205  0.000000  0.000000  0.000000  2.000000  
126.495262 0.003248  0.093020  -0.023581  0.981536  0.115356  -0.152577  -0.111002  0.993139  0.036785  0.155774  -0.019169  0.987607  -0.003654  -0.002673  0.000123  0.000000  0.000000  0.000000  2.000000  
126.496263 0.003244  0.093018  -0.023581  0.981536  0.115356  -0.152577  -0.111002  0.993139  0.036785  0.155774  -0.019169  0.987607  -0.003705  -0.002696  0.000040  0.000000  0.000000  0.000000  2.000000  
126.497504 0.003239  0.093014  -0.023582  0.981536  0.115356  -0.152577  -0.111002  0.993139  0.036785  0.155774  -0.019169  0.987607  -0.003768  -0.002732  -0.000079  0.000000  0.000000  0.000000  2.000000  
126.498518 0.003236  0.093012  -0.023583  0.981536  0.115356  -0.152577  -0.111002  0.993139  0.036785  0.155774  -0.019169  0.987607  -0.003777  -0.002751  -0.000140  0.000000  0.000000  0.000000  2.000000  
126.499755 0.003232  0.093008  -0.023583  0.981536  0.115356  -0.152577  -0.111002  0.993139  0.036785  0.155774  -0.019169  0.987607  -0.003796  -0.002756  -0.000096  0.000000  0.000000  0.000000  2.000000  
126.501009 0.003228  0.093005  -0.023582  0.981536  0.115356  -0.152577  -0.111002  0.993139  0.036785  0.155774  -0.019169  0.987607  -0.003766  -0.002752  -0.000033  0.000000  0.000000  0.000000  2.000000  
126.502255 0.003224  0.093002  -0.023582  0.981536  0.115356  -0.152577  -0.111002  0.993139  0.036785  0.155774  -0.019169  0.987607  -0.003688  -0.002720  0.000008  0.000000  0.000000  0.000000  2.000000  
126.503255 0.003220  0.092999  -0.023582  0.981536  0.115356  -0.152577  -0.111002  0.993139  0.036785  0.155774  -0.019169  0.987607  -0.003649  -0.002724  -0.000003  0.000000  0.000000  0.000000  2.000000  
126.504260 0.003217  0.092996  -0.023582  0.981536  0.115356  -0.152577  -0.111002  0.993139  0.036785  0.155774  -0.019169  0.987607  -0.003580  -0.002741  -0.000012  0.000000  0.000000  0.000000  2.000000  
126.505263 0.003214  0.092993  -0.023581  0.981536  0.115375  -0.152563  -0.111002  0.993135  0.036905  0.155774  -0.019289  0.987604  -0.003512  -0.002718  -0.000005  0.000000  0.000000  0.000000  2.000000  
126.506519 0.003210  0.092990  -0.023582  0.981536  0.115375  -0.152563  -0.111002  0.993135  0.036905  0.155774  -0.019289  0.987604  -0.003409  -0.002687  -0.000042  0.000000  0.000000  0.000000  2.000000  
126.507761 0.003207  0.092986  -0.023582  0.981536  0.115375  -0.152563  -0.111002  0.993135  0.036905  0.155774  -0.019289  0.987604  -0.003327  -0.002691  -0.000066  0.000000  0.000000  0.000000  2.000000  
126.508762 0.003205  0.092985  -0.023582  0.981536  0.115375  -0.152563  -0.111002  0.993135  0.036905  0.155774  -0.019289  0.987604  -0.003192  -0.002635  -0.000087  0.000000  0.000000  0.000000  2.000000  
126.510014 0.003203  0.092982  -0.023582  0.981513  0.115579  -0.152556  -0.111204  0.993111  0.036937  0.155774  -0.019289  0.987604  -0.003032  -0.002581  -0.000078  0.000000  0.000000  0.000000  2.000000  
126.511260 0.003200  0.092980  -0.023583  0.981534  0.115577  -0.152424  -0.111206  0.993111  0.036922  0.155642  -0.019290  0.987625  -0.002903  -0.002512  -0.000072  0.000000  0.000000  0.000000  2.000000  
126.512262 0.003199  0.092978  -0.023582  0.981534  0.115577  -0.152424  -0.111206  0.993111  0.036922  0.155642  -0.019290  0.987625  -0.002738  -0.002447  0.000012  0.000000  0.000000  0.000000  2.000000  
126.513510 0.003197  0.092976  -0.023582  0.981534  0.115577  -0.152424  -0.111206  0.993111  0.036922  0.155642  -0.019290  0.987625  -0.002608  -0.002427  0.000069  0.000000  0.000000  0.000000  2.000000  
126.514763 0.003196  0.092973  -0.023581  0.981511  0.115781  -0.152417  -0.111408  0.993087  0.036953  0.155642  -0.019290  0.987625  -0.002388  -0.002337  0.000094  0.000000  0.000000  0.000000  2.000000  
126.516006 0.003195  0.092971  -0.023580  0.981511  0.115781  -0.152417  -0.111408  0.993087  0.036953  0.155642  -0.019290  0.987625  -0.002192  -0.002247  0.000102  0.000000  0.000000  0.000000  2.000000  
126.517007 0.003194  0.092969  -0.023580  0.981511  0.115781  -0.152417  -0.111408  0.993087  0.036953  0.155642  -0.019290  0.987625  -0.002043  -0.002193  0.000149  0.000000  0.000000  0.000000  2.000000  
126.518259 0.003193  0.092967  -0.023579  0.981488  0.115986  -0.152409  -0.111610  0.993064  0.036985  0.155642  -0.019290  0.987625  -0.001807  -0.002102  0.000137  0.000000  0.000000  0.000000  2.000000  
126.519507 0.003192  0.092965  -0.023580  0.981488  0.115986  -0.152409  -0.111610  0.993064  0.036985  0.155642  -0.019290  0.987625  -0.001558  -0.002024  0.000111  0.000000  0.000000  0.000000  2.000000  
126.520755 0.003192  0.092963  -0.023579  0.981488  0.115986  -0.152409  -0.111610  0.993064  0.036985  0.155642  -0.019290  0.987625  -0.001375  -0.001960  0.000163  0.000000  0.000000  0.000000  2.000000  
126.521766 0.003191  0.092961  -0.023579  0.981465  0.116190  -0.152401  -0.111812  0.993040  0.037016  0.155642  -0.019290  0.987625  -0.001176  -0.001866  0.000165  0.000000  0.000000  0.000000  2.000000  
126.523009 0.003191  0.092959  -0.023579  0.981465  0.116190  -0.152401  -0.111812  0.993040  0.037016  0.155642  -0.019290  0.987625  -0.000999  -0.001804  0.000217  0.000000  0.000000  0.000000  2.000000  
126.524009 0.003192  0.092958  -0.023579  0.981442  0.116394  -0.152394  -0.112015  0.993016  0.037047  0.155642  -0.019290  0.987625  -0.000833  -0.001775  0.000233  0.000000  0.000000  0.000000  2.000000  
126.525010 0.003192  0.092957  -0.023578  0.981442  0.116394  -0.152394  -0.112015  0.993016  0.037047  0.155642  -0.019290  0.987625  -0.000712  -0.001674  0.000304  0.000000  0.000000  0.000000  2.000000  
126.526011 0.003193  0.092956  -0.023578  0.981442  0.116394  -0.152394  -0.112015  0.993016  0.037047  0.155642  -0.019290  0.987625  -0.000533  -0.001623  0.000337  0.000000  0.000000  0.000000  2.000000  
126.527259 0.003193  0.092955  -0.023577  0.981419  0.116599  -0.152386  -0.112217  0.992992  0.037079  0.155642  -0.019290  0.987625  -0.000397  -0.001569  0.000322  0.000000  0.000000  0.000000  2.000000  
126.528263 0.003193  0.092954  -0.023577  0.981419  0.116599  -0.152386  -0.112217  0.992992  0.037079  0.155642  -0.019290  0.987625  -0.000302  -0.001498  0.000296  0.000000  0.000000  0.000000  2.000000  
126.529509 0.003193  0.092952  -0.023577  0.981419  0.116599  -0.152386  -0.112217  0.992992  0.037079  0.155642  -0.019290  0.987625  -0.000182  -0.001426  0.000233  0.000000  0.000000  0.000000  2.000000  
126.530516 0.003193  0.092951  -0.023577  0.981396  0.116803  -0.152378  -0.112419  0.992968  0.037110  0.155642  -0.019290  0.987625  -0.000102  -0.001376  0.000191  0.000000  0.000000  0.000000  2.000000  
126.531757 0.003193  0.092950  -0.023578  0.981396  0.116803  -0.152378  -0.112419  0.992968  0.037110  0.155642  -0.019290  0.987625  -0.000061  -0.001309  0.000122  0.000000  0.000000  0.000000  2.000000  
126.532759 0.003193  0.092949  -0.023578  0.981396  0.116785  -0.152393  -0.112419  0.992972  0.036990  0.155642  -0.019170  0.987628  0.000009  -0.001280  0.000121  0.000000  0.000000  0.000000  2.000000  
126.533760 0.003194  0.092948  -0.023578  0.981396  0.116785  -0.152393  -0.112419  0.992972  0.036990  0.155642  -0.019170  0.987628  0.000070  -0.001207  0.000111  0.000000  0.000000  0.000000  2.000000  
126.535005 0.003193  0.092947  -0.023577  0.981373  0.116989  -0.152385  -0.112621  0.992948  0.037021  0.155642  -0.019170  0.987628  0.000072  -0.001115  0.000152  0.000000  0.000000  0.000000  2.000000  
126.536005 0.003194  0.092946  -0.023577  0.981352  0.116992  -0.152516  -0.112618  0.992948  0.037036  0.155774  -0.019169  0.987607  0.000133  -0.001044  0.000142  0.000000  0.000000  0.000000  2.000000  
126.537007 0.003193  0.092945  -0.023577  0.981352  0.116992  -0.152516  -0.112618  0.992948  0.037036  0.155774  -0.019169  0.987607  0.000115  -0.001020  0.000174  0.000000  0.000000  0.000000  2.000000  
126.538033 0.003193  0.092944  -0.023577  0.981352  0.116992  -0.152516  -0.112618  0.992948  0.037036  0.155774  -0.019169  0.987607  0.000089  -0.000966  0.000155  0.000000  0.000000  0.000000  2.000000  
126.539260 0.003193  0.092943  -0.023577  0.981352  0.116992  -0.152516  -0.112618  0.992948  0.037036  0.155774  -0.019169  0.987607  0.000048  -0.000954  0.000128  0.000000  0.000000  0.000000  2.000000  
126.540265 0.003192  0.092943  -0.023577  0.981329  0.117196  -0.152509  -0.112820  0.992924  0.037068  0.155774  -0.019169  0.987607  -0.000000  -0.000926  0.000051  0.000000  0.000000  0.000000  2.000000  
126.541267 0.003192  0.092942  -0.023577  0.981329  0.117196  -0.152509  -0.112820  0.992924  0.037068  0.155774  -0.019169  0.987607  -0.000049  -0.000906  0.000018  0.000000  0.000000  0.000000  2.000000  
126.542511 0.003191  0.092941  -0.023578  0.981329  0.117196  -0.152509  -0.112820  0.992924  0.037068  0.155774  -0.019169  0.987607  -0.000158  -0.000921  -0.000050  0.000000  0.000000  0.000000  2.000000  
126.543759 0.003190  0.092940  -0.023578  0.981329  0.117196  -0.152509  -0.112820  0.992924  0.037068  0.155774  -0.019169  0.987607  -0.000224  -0.000897  -0.000005  0.000000  0.000000  0.000000  2.000000  
126.544759 0.003189  0.092939  -0.023578  0.981329  0.117196  -0.152509  -0.112820  0.992924  0.037068  0.155774  -0.019169  0.987607  -0.000286  -0.000868  -0.000045  0.000000  0.000000  0.000000  2.000000  
126.545760 0.003188  0.092938  -0.023578  0.981329  0.117196  -0.152509  -0.112820  0.992924  0.037068  0.155774  -0.019169  0.987607  -0.000354  -0.000845  0.000001  0.000000  0.000000  0.000000  2.000000  
126.547005 0.003187  0.092937  -0.023578  0.981329  0.117196  -0.152509  -0.112820  0.992924  0.037068  0.155774  -0.019169  0.987607  -0.000466  -0.000859  -0.000028  0.000000  0.000000  0.000000  2.000000  
126.548008 0.003185  0.092936  -0.023578  0.981329  0.117196  -0.152509  -0.112820  0.992924  0.037068  0.155774  -0.019169  0.987607  -0.000542  -0.000829  -0.000029  0.000000  0.000000  0.000000  2.000000  
126.549011 0.003184  0.092935  -0.023578  0.981329  0.117196  -0.152509  -0.112820  0.992924  0.037068  0.155774  -0.019169  0.987607  -0.000601  -0.000806  -0.000023  0.000000  0.000000  0.000000  2.000000  
126.550258 0.003183  0.092934  -0.023579  0.981308  0.117199  -0.152640  -0.112818  0.992923  0.037083  0.155906  -0.019169  0.987586  -0.000711  -0.000837  -0.000092  0.000000  0.000000  0.000000  2.000000  
126.551506 0.003181  0.092933  -0.023578  0.981308  0.117199  -0.152640  -0.112818  0.992923  0.037083  0.155906  -0.019169  0.987586  -0.000797  -0.000803  -0.000109  0.000000  0.000000  0.000000  2.000000  
126.552510 0.003180  0.092933  -0.023579  0.981308  0.117199  -0.152640  -0.112818  0.992923  0.037083  0.155906  -0.019169  0.987586  -0.000890  -0.000821  -0.000161  0.000000  0.000000  0.000000  2.000000  
126.553756 0.003179  0.092932  -0.023579  0.981331  0.116994  -0.152648  -0.112616  0.992948  0.037051  0.155906  -0.019169  0.987586  -0.000954  -0.000834  -0.000163  0.000000  0.000000  0.000000  2.000000  
126.554761 0.003178  0.092931  -0.023579  0.981331  0.116994  -0.152648  -0.112616  0.992948  0.037051  0.155906  -0.019169  0.987586  -0.001028  -0.000826  -0.000159  0.000000  0.000000  0.000000  2.000000  
126.556009 0.003175  0.092930  -0.023579  0.981331  0.116994  -0.152648  -0.112616  0.992948  0.037051  0.155906  -0.019169  0.987586  -0.001108  -0.000814  -0.000129  0.000000  0.000000  0.000000  2.000000  
126.557010 0.003174  0.092929  -0.023579  0.981311  0.116997  -0.152779  -0.112614  0.992947  0.037066  0.156038  -0.019169  0.987565  -0.001167  -0.000852  -0.000110  0.000000  0.000000  0.000000  2.000000  
126.558267 0.003172  0.092927  -0.023579  0.981311  0.116997  -0.152779  -0.112614  0.992947  0.037066  0.156038  -0.019169  0.987565  -0.001225  -0.000851  -0.000057  0.000000  0.000000  0.000000  2.000000  
126.559510 0.003170  0.092926  -0.023579  0.981311  0.116997  -0.152779  -0.112614  0.992947  0.037066  0.156038  -0.019169  0.987565  -0.001266  -0.000876  -0.000036  0.000000  0.000000  0.000000  2.000000  
126.560510 0.003169  0.092925  -0.023579  0.981311  0.116997  -0.152779  -0.112614  0.992947  0.037066  0.156038  -0.019169  0.987565  -0.001254  -0.000839  -0.000043  0.000000  0.000000  0.000000  2.000000  
126.561759 0.003167  0.092924  -0.023579  0.981311  0.116997  -0.152779  -0.112614  0.992947  0.037066  0.156038  -0.019169  0.987565  -0.001305  -0.000878  -0.000062  0.000000  0.000000  0.000000  2.000000  
126.563007 0.003166  0.092923  -0.023580  0.981311  0.116997  -0.152779  -0.112614  0.992947  0.037066  0.156038  -0.019169  0.987565  -0.001314  -0.000889  -0.000079  0.000000  0.000000  0.000000  2.000000  
126.564008 0.003165  0.092922  -0.023579  0.981290  0.116999  -0.152910  -0.112611  0.992947  0.037081  0.156170  -0.019168  0.987544  -0.001314  -0.000889  -0.000079  0.000000  0.000000  0.000000  2.000000  
126.565009 0.003163  0.092921  -0.023580  0.981290  0.116999  -0.152910  -0.112611  0.992947  0.037081  0.156170  -0.019168  0.987544  -0.001327  -0.000905  -0.000119  0.000000  0.000000  0.000000  2.000000  
126.566257 0.003162  0.092920  -0.023581  0.981290  0.116999  -0.152910  -0.112611  0.992947  0.037081  0.156170  -0.019168  0.987544  -0.001308  -0.000930  -0.000151  0.000000  0.000000  0.000000  2.000000  
126.567511 0.003161  0.092919  -0.023581  0.981269  0.117002  -0.153041  -0.112609  0.992947  0.037096  0.156302  -0.019168  0.987523  -0.001268  -0.000905  -0.000172  0.000000  0.000000  0.000000  2.000000  
126.568755 0.003160  0.092918  -0.023581  0.981269  0.117002  -0.153041  -0.112609  0.992947  0.037096  0.156302  -0.019168  0.987523  -0.001248  -0.000912  -0.000124  0.000000  0.000000  0.000000  2.000000  
126.569757 0.003159  0.092917  -0.023581  0.981269  0.117002  -0.153041  -0.112609  0.992947  0.037096  0.156302  -0.019168  0.987523  -0.001239  -0.000935  -0.000117  0.000000  0.000000  0.000000  2.000000  
126.571005 0.003158  0.092916  -0.023581  0.981248  0.117005  -0.153173  -0.112606  0.992946  0.037112  0.156434  -0.019167  0.987502  -0.001151  -0.000932  -0.000105  0.000000  0.000000  0.000000  2.000000  
126.572017 0.003157  0.092915  -0.023581  0.981248  0.117005  -0.153173  -0.112606  0.992946  0.037112  0.156434  -0.019167  0.987502  -0.001129  -0.000922  -0.000128  0.000000  0.000000  0.000000  2.000000  
126.573262 0.003156  0.092914  -0.023580  0.981248  0.117005  -0.153173  -0.112606  0.992946  0.037112  0.156434  -0.019167  0.987502  -0.001072  -0.000905  -0.000101  0.000000  0.000000  0.000000  2.000000  
126.574267 0.003156  0.092913  -0.023581  0.981227  0.117026  -0.153290  -0.112604  0.992942  0.037247  0.156567  -0.019287  0.987479  -0.001000  -0.000895  -0.000137  0.000000  0.000000  0.000000  2.000000  
126.575510 0.003155  0.092912  -0.023582  0.981227  0.117026  -0.153290  -0.112604  0.992942  0.037247  0.156567  -0.019287  0.987479  -0.000957  -0.000906  -0.000205  0.000000  0.000000  0.000000  2.000000  
126.576511 0.003155  0.092911  -0.023582  0.981183  0.117233  -0.153413  -0.112804  0.992917  0.037294  0.156699  -0.019286  0.987458  -0.000862  -0.000869  -0.000186  0.000000  0.000000  0.000000  2.000000  
126.577760 0.003154  0.092910  -0.023583  0.981183  0.117233  -0.153413  -0.112804  0.992917  0.037294  0.156699  -0.019286  0.987458  -0.000773  -0.000843  -0.000221  0.000000  0.000000  0.000000  2.000000  
126.579009 0.003154  0.092910  -0.023583  0.981163  0.117235  -0.153545  -0.112801  0.992917  0.037309  0.156831  -0.019286  0.987437  -0.000693  -0.000817  -0.000216  0.000000  0.000000  0.000000  2.000000  
126.580259 0.003154  0.092909  -0.023583  0.981163  0.117235  -0.153545  -0.112801  0.992917  0.037309  0.156831  -0.019286  0.987437  -0.000582  -0.000765  -0.000194  0.000000  0.000000  0.000000  2.000000  
126.581507 0.003154  0.092908  -0.023584  0.981142  0.117238  -0.153676  -0.112799  0.992917  0.037324  0.156963  -0.019286  0.987416  -0.000506  -0.000775  -0.000236  0.000000  0.000000  0.000000  2.000000  
126.582510 0.003154  0.092908  -0.023584  0.981121  0.117240  -0.153807  -0.112796  0.992916  0.037339  0.157095  -0.019285  0.987395  -0.000436  -0.000748  -0.000193  0.000000  0.000000  0.000000  2.000000  
126.583760 0.003154  0.092907  -0.023585  0.981098  0.117445  -0.153799  -0.112998  0.992892  0.037371  0.157095  -0.019285  0.987395  -0.000345  -0.000736  -0.000270  0.000000  0.000000  0.000000  2.000000  
126.584761 0.003155  0.092906  -0.023585  0.981077  0.117447  -0.153931  -0.112996  0.992892  0.037386  0.157227  -0.019285  0.987374  -0.000256  -0.000711  -0.000305  0.000000  0.000000  0.000000  2.000000  
126.586009 0.003155  0.092905  -0.023585  0.981056  0.117450  -0.154062  -0.112994  0.992892  0.037401  0.157359  -0.019284  0.987353  -0.000166  -0.000685  -0.000340  0.000000  0.000000  0.000000  2.000000  
126.587257 0.003155  0.092904  -0.023586  0.981056  0.117450  -0.154062  -0.112994  0.992892  0.037401  0.157359  -0.019284  0.987353  -0.000145  -0.000698  -0.000366  0.000000  0.000000  0.000000  2.000000  
126.588263 0.003156  0.092903  -0.023586  0.981035  0.117452  -0.154193  -0.112991  0.992891  0.037416  0.157492  -0.019284  0.987332  -0.000028  -0.000659  -0.000389  0.000000  0.000000  0.000000  2.000000  
126.589510 0.003156  0.092903  -0.023587  0.981014  0.117455  -0.154324  -0.112989  0.992891  0.037431  0.157624  -0.019283  0.987311  0.000030  -0.000670  -0.000389  0.000000  0.000000  0.000000  2.000000  
126.590511 0.003157  0.092902  -0.023587  0.980970  0.117662  -0.154448  -0.113188  0.992866  0.037478  0.157756  -0.019283  0.987290  0.000132  -0.000628  -0.000333  0.000000  0.000000  0.000000  2.000000  
126.591760 0.003157  0.092902  -0.023587  0.980949  0.117665  -0.154579  -0.113186  0.992866  0.037493  0.157888  -0.019283  0.987269  0.000179  -0.000617  -0.000341  0.000000  0.000000  0.000000  2.000000  
126.592764 0.003158  0.092901  -0.023587  0.980949  0.117665  -0.154579  -0.113186  0.992866  0.037493  0.157888  -0.019283  0.987269  0.000252  -0.000599  -0.000303  0.000000  0.000000  0.000000  2.000000  
126.594013 0.003159  0.092901  -0.023587  0.980928  0.117667  -0.154710  -0.113183  0.992866  0.037508  0.158020  -0.019282  0.987248  0.000323  -0.000571  -0.000260  0.000000  0.000000  0.000000  2.000000  
126.595260 0.003159  0.092900  -0.023587  0.980886  0.117672  -0.154973  -0.113179  0.992865  0.037539  0.158284  -0.019281  0.987205  0.000323  -0.000571  -0.000260  0.000000  0.000000  0.000000  2.000000  
