1-Time 2-Px 3-Py 4-Pz 5-R11 6-R21 7-R31 8-R12 9-R22 10-R32 11-R13 12-R23 13-R33 14-Vx 15-Vy 16-Vz 17-Wx 18-Wy 19-Wz 20-state 21-PR11 22-PR21 23-PR31 24-PR12 25-PR22 26-PR32 27-PR13 28-PR23 29-PR33 
226.345156 0.013602  0.100210  -0.010047  0.987549  0.156901  -0.011341  -0.156621  0.987404  0.022430  0.014717  -0.020374  0.999684  -0.000031  -0.000130  -0.000759  0.000000  0.000000  0.000000  2.000000  
226.346162 0.013603  0.100211  -0.010047  0.987549  0.156901  -0.011341  -0.156621  0.987404  0.022430  0.014717  -0.020374  0.999684  0.000029  -0.000070  -0.000726  0.000000  0.000000  0.000000  2.000000  
226.347169 0.013606  0.100212  -0.010047  0.987450  0.157514  -0.011459  -0.157230  0.987307  0.022458  0.014851  -0.020374  0.999682  0.000255  0.000061  -0.000645  0.000000  0.000000  0.000000  2.000000  
226.348412 0.013611  0.100214  -0.010047  0.987290  0.158527  -0.011304  -0.158247  0.987144  0.022448  0.014717  -0.020374  0.999684  0.000569  0.000165  -0.000633  0.000000  0.000000  0.000000  2.000000  
226.349413 0.013614  0.100215  -0.010047  0.987192  0.159138  -0.011271  -0.158857  0.987044  0.022575  0.014717  -0.020496  0.999682  0.000830  0.000265  -0.000617  0.000000  0.000000  0.000000  2.000000  
226.350424 0.013618  0.100215  -0.010049  0.987126  0.159545  -0.011261  -0.159263  0.986978  0.022580  0.014717  -0.020496  0.999682  0.001075  0.000248  -0.000700  0.000000  0.000000  0.000000  2.000000  
226.351669 0.013624  0.100217  -0.010051  0.987059  0.159954  -0.011384  -0.159669  0.986912  0.022606  0.014851  -0.020495  0.999680  0.001538  0.000408  -0.000760  0.000000  0.000000  0.000000  2.000000  
226.352913 0.013632  0.100219  -0.010053  0.986857  0.161180  -0.011601  -0.160888  0.986710  0.022783  0.015119  -0.020617  0.999673  0.002042  0.000576  -0.000787  0.000000  0.000000  0.000000  2.000000  
226.354165 0.013639  0.100221  -0.010054  0.986651  0.162408  -0.011949  -0.162106  0.986506  0.022982  0.015520  -0.020738  0.999664  0.002544  0.000720  -0.000767  0.000000  0.000000  0.000000  2.000000  
226.355414 0.013647  0.100222  -0.010055  0.986446  0.163633  -0.012165  -0.163324  0.986301  0.023160  0.015788  -0.020859  0.999658  0.003058  0.000841  -0.000737  0.023283  0.049961  0.194754  2.000000  
226.356666 0.013655  0.100224  -0.010058  0.986210  0.165056  -0.012111  -0.164745  0.986061  0.023297  0.015788  -0.020980  0.999655  0.003619  0.000949  -0.000856  0.028097  0.044449  0.243042  2.000000  
226.357913 0.013665  0.100227  -0.010060  0.985901  0.166887  -0.012180  -0.166572  0.985750  0.023461  0.015921  -0.021101  0.999651  0.004290  0.001207  -0.000894  0.033136  0.047650  0.305427  2.000000  
226.359162 0.013677  0.100231  -0.010060  0.985590  0.168715  -0.012116  -0.168398  0.985436  0.023603  0.015921  -0.021223  0.999648  0.005013  0.001447  -0.000890  0.038262  0.046201  0.374628  2.000000  
226.360412 0.013688  0.100235  -0.010060  0.985275  0.170544  -0.012183  -0.170224  0.985119  0.023768  0.016055  -0.021344  0.999643  0.005778  0.001693  -0.000854  0.043093  0.044630  0.434415  2.000000  
226.361664 0.013701  0.100240  -0.010062  0.984955  0.172374  -0.012250  -0.172049  0.984798  0.023933  0.016189  -0.021465  0.999639  0.006517  0.001889  -0.001021  0.048390  0.048046  0.499155  2.000000  
226.362908 0.013715  0.100244  -0.010065  0.984664  0.174005  -0.012584  -0.173669  0.984508  0.024142  0.016590  -0.021586  0.999629  0.007089  0.002049  -0.001165  0.053102  0.059715  0.557168  2.000000  
226.363910 0.013726  0.100248  -0.010066  0.984411  0.175428  -0.012660  -0.175088  0.984253  0.024303  0.016724  -0.021707  0.999624  0.007596  0.002211  -0.001228  0.058412  0.063655  0.610302  2.000000  
226.364912 0.013736  0.100250  -0.010066  0.984189  0.176651  -0.012872  -0.176303  0.984031  0.024485  0.016992  -0.021829  0.999617  0.008052  0.002348  -0.001240  0.063214  0.071727  0.651913  2.000000  
226.365913 0.013748  0.100252  -0.010067  0.983895  0.178276  -0.012941  -0.177923  0.983736  0.024649  0.017125  -0.021950  0.999612  0.008544  0.002474  -0.001138  0.068316  0.074868  0.714251  2.000000  
226.366916 0.013761  0.100254  -0.010068  0.983636  0.179698  -0.013016  -0.179340  0.983474  0.024811  0.017259  -0.022071  0.999607  0.009067  0.002463  -0.001123  0.073253  0.073794  0.762613  2.000000  
226.368165 0.013777  0.100256  -0.010069  0.983262  0.181725  -0.013096  -0.181365  0.983102  0.024862  0.017393  -0.022071  0.999605  0.009583  0.002447  -0.001082  0.074413  0.076828  0.831902  2.000000  
226.369412 0.013793  0.100257  -0.010069  0.982962  0.183346  -0.013033  -0.182984  0.982798  0.025003  0.017393  -0.022192  0.999602  0.010229  0.002433  -0.000956  0.079486  0.075457  0.894173  2.000000  
226.370662 0.013807  0.100255  -0.010069  0.982657  0.184969  -0.013101  -0.184602  0.982491  0.025168  0.017527  -0.022313  0.999597  0.010603  0.002201  -0.000858  0.084511  0.078721  0.949617  2.000000  
226.371665 0.013819  0.100254  -0.010070  0.982428  0.186182  -0.013070  -0.185816  0.982262  0.025184  0.017527  -0.022313  0.999597  0.010938  0.002024  -0.000768  0.085167  0.077827  0.990990  2.000000  
226.372669 0.013832  0.100253  -0.010071  0.982196  0.187400  -0.013147  -0.187029  0.982027  0.025345  0.017661  -0.022435  0.999592  0.011298  0.001724  -0.000765  0.090134  0.076712  1.039124  2.000000  
226.373914 0.013847  0.100251  -0.010074  0.981884  0.189022  -0.013214  -0.188646  0.981714  0.025511  0.017794  -0.022556  0.999587  0.011574  0.001324  -0.000954  0.095210  0.079985  1.094910  2.000000  
226.375161 0.013861  0.100249  -0.010077  0.981609  0.190441  -0.013285  -0.190060  0.981437  0.025674  0.017928  -0.022677  0.999582  0.011734  0.000943  -0.001107  0.096092  0.083320  1.143652  2.000000  
226.376415 0.013876  0.100247  -0.010080  0.981334  0.191856  -0.013225  -0.191474  0.981158  0.025812  0.017928  -0.022798  0.999579  0.011833  0.000491  -0.001187  0.100836  0.082346  1.185045  2.000000  
226.377659 0.013891  0.100245  -0.010083  0.981097  0.193070  -0.013170  -0.192686  0.980917  0.025948  0.017928  -0.022919  0.999577  0.011912  0.000125  -0.001258  0.104381  0.076863  1.189255  2.000000  
226.378672 0.013902  0.100244  -0.010085  0.980938  0.193878  -0.013148  -0.193494  0.980758  0.025958  0.017928  -0.022919  0.999577  0.011959  -0.000264  -0.001331  0.105002  0.082106  1.191706  2.000000  
226.379913 0.013915  0.100241  -0.010088  0.980660  0.195289  -0.012956  -0.194908  0.980475  0.026070  0.017794  -0.023041  0.999576  0.011913  -0.000682  -0.001456  0.104652  0.076109  1.216522  2.000000  
226.381161 0.013927  0.100237  -0.010090  0.980419  0.196500  -0.012924  -0.196119  0.980233  0.026086  0.017794  -0.023041  0.999576  0.011691  -0.001109  -0.001528  0.105095  0.075509  1.243931  2.000000  
226.382414 0.013938  0.100232  -0.010092  0.980216  0.197509  -0.012897  -0.197128  0.980030  0.026099  0.017794  -0.023041  0.999576  0.011374  -0.001502  -0.001582  0.101333  0.066368  1.250631  2.000000  
226.383416 0.013947  0.100229  -0.010093  0.980054  0.198316  -0.012875  -0.197935  0.979867  0.026110  0.017794  -0.023041  0.999576  0.011072  -0.001864  -0.001663  0.098119  0.053658  1.246863  2.000000  
226.384676 0.013956  0.100224  -0.010094  0.979890  0.199121  -0.012878  -0.198742  0.979707  0.026002  0.017794  -0.022919  0.999579  0.010692  -0.002219  -0.001752  0.093206  0.044674  1.222696  2.000000  
226.385912 0.013964  0.100217  -0.010095  0.979687  0.200127  -0.012720  -0.199751  0.979502  0.025988  0.017661  -0.022920  0.999581  0.010249  -0.002575  -0.001729  0.089106  0.035856  1.216438  2.000000  
226.386916 0.013971  0.100212  -0.010095  0.979523  0.200932  -0.012723  -0.200558  0.979340  0.025880  0.017661  -0.022798  0.999584  0.009847  -0.002780  -0.001617  0.081246  0.032239  1.197886  2.000000  
226.388164 0.013978  0.100205  -0.010096  0.979316  0.201940  -0.012697  -0.201566  0.979133  0.025893  0.017661  -0.022798  0.999584  0.009323  -0.003130  -0.001588  0.072750  0.032553  1.177223  2.000000  
226.389415 0.013984  0.100199  -0.010098  0.979193  0.202540  -0.012574  -0.202172  0.979011  0.025755  0.017527  -0.022677  0.999589  0.008750  -0.003468  -0.001489  0.063821  0.028970  1.135572  2.000000  
226.390670 0.013990  0.100191  -0.010100  0.979029  0.203342  -0.012447  -0.202978  0.978848  0.025620  0.017393  -0.022556  0.999594  0.008155  -0.003795  -0.001425  0.054962  0.020888  1.093629  2.000000  
226.391910 0.013994  0.100184  -0.010102  0.978903  0.203946  -0.012431  -0.203583  0.978722  0.025627  0.017393  -0.022556  0.999594  0.007516  -0.004164  -0.001376  0.050466  0.012600  1.059205  2.000000  
226.392915 0.013998  0.100179  -0.010103  0.978780  0.204548  -0.012284  -0.204188  0.978597  0.025608  0.017259  -0.022556  0.999597  0.006826  -0.004489  -0.001239  0.045984  -0.000340  1.031075  2.000000  
226.394165 0.014000  0.100172  -0.010104  0.978695  0.204949  -0.012298  -0.204591  0.978516  0.025494  0.017259  -0.022435  0.999599  0.006150  -0.004766  -0.001148  0.037257  -0.008411  0.989258  2.000000  
226.395410 0.014002  0.100164  -0.010106  0.978611  0.205350  -0.012313  -0.204994  0.978434  0.025380  0.017259  -0.022313  0.999602  0.005463  -0.005047  -0.001111  0.032453  -0.016443  0.946741  2.000000  
226.396413 0.014002  0.100158  -0.010108  0.978529  0.205749  -0.012196  -0.205397  0.978353  0.025239  0.017125  -0.022192  0.999607  0.004793  -0.005219  -0.001146  0.023719  -0.020147  0.912464  2.000000  
226.397466 0.014003  0.100152  -0.010110  0.978444  0.206150  -0.012211  -0.205800  0.978271  0.025126  0.017125  -0.022071  0.999610  0.004200  -0.005379  -0.001217  0.014846  -0.023547  0.863078  2.000000  
226.398666 0.014003  0.100144  -0.010112  0.978364  0.206546  -0.011964  -0.206204  0.978191  0.024957  0.016858  -0.021950  0.999617  0.003614  -0.005563  -0.001248  0.006017  -0.036013  0.822835  2.000000  
226.399918 0.014002  0.100137  -0.010114  0.978281  0.206944  -0.011848  -0.206607  0.978109  0.024816  0.016724  -0.021829  0.999622  0.002963  -0.005694  -0.001300  0.000990  -0.039531  0.774072  2.000000  
226.401166 0.014002  0.100129  -0.010115  0.978241  0.207141  -0.011737  -0.206809  0.978070  0.024672  0.016590  -0.021707  0.999627  0.002336  -0.005790  -0.001392  -0.007871  -0.047612  0.732448  2.000000  
226.402415 0.014002  0.100123  -0.010115  0.978198  0.207340  -0.011782  -0.207011  0.978033  0.024437  0.016590  -0.021465  0.999632  0.001903  -0.005749  -0.001359  -0.020596  -0.050740  0.685286  2.000000  
226.403661 0.014004  0.100118  -0.010116  0.978155  0.207540  -0.011803  -0.207212  0.977994  0.024321  0.016590  -0.021344  0.999635  0.001468  -0.005651  -0.001244  -0.029345  -0.054296  0.644025  2.000000  
226.404676 0.014004  0.100113  -0.010115  0.978113  0.207740  -0.011823  -0.207413  0.977954  0.024204  0.016590  -0.021222  0.999637  0.001192  -0.005539  -0.001044  -0.038095  -0.057844  0.602682  2.000000  
226.405912 0.014005  0.100107  -0.010115  0.978113  0.207737  -0.011873  -0.207413  0.977960  0.023967  0.016590  -0.020980  0.999642  0.000911  -0.005473  -0.000943  -0.051596  -0.057073  0.552335  2.000000  
226.406913 0.014006  0.100103  -0.010115  0.978070  0.207937  -0.011893  -0.207615  0.977920  0.023851  0.016590  -0.020859  0.999645  0.000725  -0.005371  -0.000860  -0.055454  -0.056274  0.534100  2.000000  
226.407917 0.014008  0.100099  -0.010114  0.978072  0.207932  -0.011788  -0.207615  0.977923  0.023705  0.016456  -0.020737  0.999650  0.000625  -0.005316  -0.000800  -0.064807  -0.060321  0.496852  2.000000  
226.409160 0.014010  0.100094  -0.010115  0.978074  0.207928  -0.011682  -0.207616  0.977927  0.023558  0.016323  -0.020616  0.999654  0.000674  -0.005170  -0.000742  -0.073003  -0.063554  0.458521  2.000000  
226.410412 0.014012  0.100088  -0.010116  0.978074  0.207927  -0.011707  -0.207616  0.977930  0.023440  0.016323  -0.020495  0.999657  0.000719  -0.005084  -0.000640  -0.077944  -0.058292  0.418330  2.000000  
226.411661 0.014015  0.100082  -0.010117  0.978074  0.207925  -0.011733  -0.207616  0.977932  0.023321  0.016323  -0.020374  0.999659  0.000851  -0.004963  -0.000586  -0.082534  -0.057256  0.376321  2.000000  
226.412663 0.014018  0.100079  -0.010119  0.978074  0.207924  -0.011758  -0.207616  0.977935  0.023202  0.016323  -0.020253  0.999662  0.000989  -0.004787  -0.000550  -0.087880  -0.056954  0.344827  2.000000  
226.413913 0.014021  0.100075  -0.010121  0.978074  0.207923  -0.011783  -0.207616  0.977938  0.023084  0.016323  -0.020131  0.999664  0.001239  -0.004504  -0.000576  -0.087611  -0.055844  0.314500  2.000000  
226.414915 0.014025  0.100071  -0.010124  0.978119  0.207717  -0.011682  -0.207415  0.977984  0.022935  0.016189  -0.020010  0.999669  0.001472  -0.004347  -0.000692  -0.092150  -0.059700  0.286995  2.000000  
226.415917 0.014028  0.100069  -0.010127  0.978119  0.207716  -0.011707  -0.207415  0.977987  0.022816  0.016189  -0.019889  0.999671  0.001776  -0.004114  -0.000775  -0.097581  -0.054932  0.254847  2.000000  
226.417167 0.014034  0.100066  -0.010130  0.978119  0.207716  -0.011707  -0.207415  0.977987  0.022816  0.016189  -0.019889  0.999671  0.002137  -0.003894  -0.000967  -0.094104  -0.054186  0.220300  2.000000  
226.418416 0.014040  0.100065  -0.010133  0.978162  0.207513  -0.011737  -0.207213  0.978033  0.022695  0.016189  -0.019768  0.999674  0.002476  -0.003623  -0.001178  -0.094687  -0.048921  0.185787  2.000000  
226.419665 0.014047  0.100063  -0.010136  0.978162  0.207512  -0.011762  -0.207213  0.978035  0.022577  0.016189  -0.019646  0.999676  0.002817  -0.003357  -0.001422  0.000000  0.000000  0.000000  2.000000  
226.420667 0.014052  0.100063  -0.010139  0.978204  0.207310  -0.011767  -0.207012  0.978078  0.022574  0.016189  -0.019646  0.999676  0.003136  -0.003086  -0.001592  0.000000  0.000000  0.000000  2.000000  
226.421913 0.014059  0.100061  -0.010142  0.978247  0.207107  -0.011797  -0.206810  0.978123  0.022453  0.016189  -0.019525  0.999678  0.003511  -0.002793  -0.001814  0.000000  0.000000  0.000000  2.000000  
226.423163 0.014066  0.100061  -0.010145  0.978245  0.207109  -0.011953  -0.206810  0.978126  0.022362  0.016323  -0.019404  0.999678  0.003854  -0.002468  -0.002058  0.000000  0.000000  0.000000  2.000000  
226.424166 0.014071  0.100060  -0.010149  0.978245  0.207109  -0.011953  -0.206810  0.978126  0.022362  0.016323  -0.019404  0.999678  0.004087  -0.002204  -0.002260  0.000000  0.000000  0.000000  2.000000  
226.425415 0.014078  0.100059  -0.010152  0.978288  0.206906  -0.011982  -0.206609  0.978171  0.022241  0.016323  -0.019282  0.999681  0.004371  -0.001854  -0.002427  0.000000  0.000000  0.000000  2.000000  
226.426661 0.014085  0.100059  -0.010154  0.978288  0.206904  -0.012008  -0.206609  0.978174  0.022122  0.016323  -0.019161  0.999683  0.004624  -0.001518  -0.002461  0.000000  0.000000  0.000000  2.000000  
226.427663 0.014090  0.100060  -0.010157  0.978288  0.206904  -0.012008  -0.206609  0.978174  0.022122  0.016323  -0.019161  0.999683  0.004829  -0.001275  -0.002539  0.000000  0.000000  0.000000  2.000000  
226.428910 0.014098  0.100061  -0.010160  0.978328  0.206704  -0.012168  -0.206407  0.978218  0.022029  0.016456  -0.019040  0.999683  0.005112  -0.000915  -0.002560  0.000000  0.000000  0.000000  2.000000  
226.430159 0.014105  0.100062  -0.010164  0.978328  0.206704  -0.012168  -0.206407  0.978218  0.022029  0.016456  -0.019040  0.999683  0.005369  -0.000546  -0.002625  0.000000  0.000000  0.000000  2.000000  
226.431163 0.014111  0.100063  -0.010168  0.978328  0.206704  -0.012168  -0.206407  0.978218  0.022029  0.016456  -0.019040  0.999683  0.005465  -0.000327  -0.002719  0.000000  0.000000  0.000000  2.000000  
226.432409 0.014119  0.100065  -0.010174  0.978326  0.206705  -0.012324  -0.206406  0.978220  0.021938  0.016590  -0.018919  0.999683  0.005579  -0.000049  -0.002918  0.000000  0.000000  0.000000  2.000000  
226.433416 0.014125  0.100067  -0.010178  0.978368  0.206504  -0.012329  -0.206205  0.978263  0.021935  0.016590  -0.018919  0.999683  0.005697  0.000216  -0.003004  0.000000  0.000000  0.000000  2.000000  
226.434678 0.014133  0.100069  -0.010183  0.978368  0.206505  -0.012303  -0.206205  0.978260  0.022054  0.016590  -0.019040  0.999681  0.005736  0.000417  -0.003166  0.000000  0.000000  0.000000  2.000000  
226.435913 0.014140  0.100071  -0.010189  0.978368  0.206505  -0.012303  -0.206205  0.978260  0.022054  0.016590  -0.019040  0.999681  0.005783  0.000618  -0.003332  0.000000  0.000000  0.000000  2.000000  
226.436913 0.014146  0.100073  -0.010194  0.978368  0.206505  -0.012303  -0.206205  0.978260  0.022054  0.016590  -0.019040  0.999681  0.005836  0.000772  -0.003439  0.000000  0.000000  0.000000  2.000000  
226.438163 0.014153  0.100075  -0.010198  0.978368  0.206505  -0.012303  -0.206205  0.978260  0.022054  0.016590  -0.019040  0.999681  0.005843  0.000936  -0.003537  0.000000  0.000000  0.000000  2.000000  
226.439165 0.014159  0.100076  -0.010202  0.978368  0.206505  -0.012303  -0.206205  0.978260  0.022054  0.016590  -0.019040  0.999681  0.005871  0.001093  -0.003568  0.000000  0.000000  0.000000  2.000000  
226.440416 0.014166  0.100077  -0.010207  0.978368  0.206505  -0.012303  -0.206205  0.978260  0.022054  0.016590  -0.019040  0.999681  0.005904  0.001262  -0.003688  0.000000  0.000000  0.000000  2.000000  
226.441665 0.014173  0.100079  -0.010211  0.978368  0.206505  -0.012303  -0.206205  0.978260  0.022054  0.016590  -0.019040  0.999681  0.005899  0.001355  -0.003842  0.000000  0.000000  0.000000  2.000000  
226.442672 0.014178  0.100081  -0.010215  0.978368  0.206507  -0.012278  -0.206205  0.978258  0.022173  0.016590  -0.019161  0.999679  0.005870  0.001425  -0.003904  0.000000  0.000000  0.000000  2.000000  
226.443910 0.014186  0.100083  -0.010219  0.978368  0.206507  -0.012278  -0.206205  0.978258  0.022173  0.016590  -0.019161  0.999679  0.005865  0.001480  -0.003935  0.000000  0.000000  0.000000  2.000000  
226.445158 0.014194  0.100086  -0.010221  0.978368  0.206507  -0.012278  -0.206205  0.978258  0.022173  0.016590  -0.019161  0.999679  0.005875  0.001597  -0.003819  0.000000  0.000000  0.000000  2.000000  
226.446162 0.014200  0.100088  -0.010224  0.978368  0.206507  -0.012278  -0.206205  0.978258  0.022173  0.016590  -0.019161  0.999679  0.005882  0.001655  -0.003769  0.000000  0.000000  0.000000  2.000000  
226.447168 0.014206  0.100091  -0.010227  0.978368  0.206507  -0.012278  -0.206205  0.978258  0.022173  0.016590  -0.019161  0.999679  0.005894  0.001725  -0.003616  0.000000  0.000000  0.000000  2.000000  
226.448416 0.014213  0.100093  -0.010230  0.978368  0.206508  -0.012253  -0.206205  0.978255  0.022291  0.016590  -0.019282  0.999676  0.005858  0.001736  -0.003466  0.000000  0.000000  0.000000  2.000000  
226.449668 0.014220  0.100095  -0.010233  0.978368  0.206508  -0.012253  -0.206205  0.978255  0.022291  0.016590  -0.019282  0.999676  0.005815  0.001749  -0.003321  0.000000  0.000000  0.000000  2.000000  
226.450676 0.014226  0.100097  -0.010236  0.978411  0.206307  -0.012258  -0.206003  0.978297  0.022289  0.016590  -0.019282  0.999676  0.005801  0.001763  -0.003171  0.000000  0.000000  0.000000  2.000000  
226.451913 0.014233  0.100099  -0.010240  0.978411  0.206308  -0.012233  -0.206003  0.978295  0.022407  0.016590  -0.019404  0.999674  0.005780  0.001771  -0.003066  0.000000  0.000000  0.000000  2.000000  
226.452913 0.014237  0.100100  -0.010242  0.978411  0.206308  -0.012233  -0.206003  0.978295  0.022407  0.016590  -0.019404  0.999674  0.005704  0.001751  -0.002971  0.000000  0.000000  0.000000  2.000000  
226.453915 0.014242  0.100102  -0.010245  0.978411  0.206308  -0.012233  -0.206003  0.978295  0.022407  0.016590  -0.019404  0.999674  0.005650  0.001725  -0.002920  0.000000  0.000000  0.000000  2.000000  
226.455163 0.014248  0.100103  -0.010249  0.978453  0.206108  -0.012213  -0.205802  0.978334  0.022524  0.016590  -0.019525  0.999672  0.005586  0.001728  -0.002849  0.000000  0.000000  0.000000  2.000000  
226.456166 0.014253  0.100104  -0.010252  0.978453  0.206110  -0.012188  -0.205802  0.978332  0.022642  0.016590  -0.019646  0.999669  0.005544  0.001699  -0.002834  0.000000  0.000000  0.000000  2.000000  
226.457166 0.014257  0.100104  -0.010256  0.978455  0.206107  -0.012057  -0.205803  0.978332  0.022615  0.016456  -0.019646  0.999672  0.005455  0.001640  -0.002832  0.000000  0.000000  0.000000  2.000000  
226.458411 0.014264  0.100105  -0.010260  0.978498  0.205907  -0.012036  -0.205601  0.978372  0.022731  0.016456  -0.019767  0.999669  0.005384  0.001527  -0.002864  0.000000  0.000000  0.000000  2.000000  
226.459665 0.014269  0.100106  -0.010263  0.978495  0.205910  -0.012167  -0.205601  0.978371  0.022758  0.016590  -0.019767  0.999667  0.005285  0.001417  -0.002850  0.000000  0.000000  0.000000  2.000000  
226.460911 0.014275  0.100107  -0.010267  0.978538  0.205710  -0.012147  -0.205399  0.978411  0.022875  0.016590  -0.019889  0.999665  0.005099  0.001272  -0.002851  0.000000  0.000000  0.000000  2.000000  
226.462162 0.014280  0.100109  -0.010270  0.978538  0.205711  -0.012122  -0.205399  0.978408  0.022993  0.016590  -0.020010  0.999662  0.004936  0.001183  -0.002841  0.000000  0.000000  0.000000  2.000000  
226.463163 0.014284  0.100110  -0.010272  0.978580  0.205510  -0.012127  -0.205198  0.978450  0.022991  0.016590  -0.020010  0.999662  0.004798  0.001109  -0.002873  0.000000  0.000000  0.000000  2.000000  
226.464408 0.014289  0.100110  -0.010275  0.978580  0.205510  -0.012127  -0.205198  0.978450  0.022991  0.016590  -0.020010  0.999662  0.004647  0.001032  -0.002834  0.000000  0.000000  0.000000  2.000000  
226.465410 0.014292  0.100111  -0.010279  0.978622  0.205308  -0.012132  -0.204996  0.978493  0.022988  0.016590  -0.020010  0.999662  0.004506  0.000937  -0.002897  0.000000  0.000000  0.000000  2.000000  
226.466417 0.014295  0.100111  -0.010282  0.978622  0.205310  -0.012107  -0.204996  0.978490  0.023107  0.016590  -0.020131  0.999660  0.004331  0.000828  -0.002953  0.000000  0.000000  0.000000  2.000000  
226.467433 0.014298  0.100112  -0.010286  0.978662  0.205111  -0.012242  -0.204794  0.978532  0.023132  0.016724  -0.020131  0.999657  0.004158  0.000758  -0.002985  0.000000  0.000000  0.000000  2.000000  
226.468666 0.014301  0.100112  -0.010290  0.978662  0.205111  -0.012242  -0.204794  0.978532  0.023132  0.016724  -0.020131  0.999657  0.003943  0.000698  -0.003058  0.000000  0.000000  0.000000  2.000000  
226.469666 0.014303  0.100112  -0.010294  0.978704  0.204910  -0.012247  -0.204593  0.978574  0.023129  0.016724  -0.020131  0.999657  0.003783  0.000653  -0.003143  0.000000  0.000000  0.000000  2.000000  
226.470668 0.014305  0.100113  -0.010298  0.978704  0.204911  -0.012222  -0.204593  0.978571  0.023248  0.016724  -0.020252  0.999655  0.003618  0.000654  -0.003137  0.000000  0.000000  0.000000  2.000000  
226.471914 0.014308  0.100114  -0.010303  0.978746  0.204710  -0.012227  -0.204391  0.978613  0.023246  0.016724  -0.020252  0.999655  0.003473  0.000664  -0.003209  0.000000  0.000000  0.000000  2.000000  
226.473162 0.014312  0.100115  -0.010307  0.978746  0.204710  -0.012227  -0.204391  0.978613  0.023246  0.016724  -0.020252  0.999655  0.003282  0.000660  -0.003261  0.000000  0.000000  0.000000  2.000000  
226.474167 0.014314  0.100115  -0.010312  0.978788  0.204510  -0.012207  -0.204190  0.978653  0.023362  0.016724  -0.020374  0.999653  0.003093  0.000628  -0.003319  0.000000  0.000000  0.000000  2.000000  
226.475411 0.014316  0.100116  -0.010317  0.978788  0.204510  -0.012207  -0.204190  0.978653  0.023362  0.016724  -0.020374  0.999653  0.002877  0.000601  -0.003448  0.000000  0.000000  0.000000  2.000000  
226.476411 0.014318  0.100116  -0.010322  0.978830  0.204310  -0.012187  -0.203988  0.978692  0.023478  0.016724  -0.020495  0.999650  0.002694  0.000543  -0.003639  0.000000  0.000000  0.000000  2.000000  
226.477659 0.014320  0.100116  -0.010328  0.978828  0.204312  -0.012318  -0.203988  0.978691  0.023505  0.016858  -0.020495  0.999648  0.002469  0.000457  -0.003817  0.000000  0.000000  0.000000  2.000000  
226.478914 0.014322  0.100116  -0.010333  0.978828  0.204312  -0.012318  -0.203988  0.978691  0.023505  0.016858  -0.020495  0.999648  0.002338  0.000379  -0.003965  0.000000  0.000000  0.000000  2.000000  
226.480163 0.014324  0.100116  -0.010339  0.978870  0.204112  -0.012298  -0.203786  0.978730  0.023621  0.016858  -0.020616  0.999645  0.002131  0.000327  -0.004082  0.000000  0.000000  0.000000  2.000000  
226.481408 0.014325  0.100116  -0.010345  0.978870  0.204112  -0.012298  -0.203786  0.978730  0.023621  0.016858  -0.020616  0.999645  0.002018  0.000354  -0.004175  0.000000  0.000000  0.000000  2.000000  
226.482412 0.014326  0.100116  -0.010349  0.978870  0.204112  -0.012298  -0.203786  0.978730  0.023621  0.016858  -0.020616  0.999645  0.001909  0.000312  -0.004266  0.000000  0.000000  0.000000  2.000000  
226.483417 0.014328  0.100117  -0.010353  0.978870  0.204112  -0.012298  -0.203786  0.978730  0.023621  0.016858  -0.020616  0.999645  0.001843  0.000333  -0.004265  0.000000  0.000000  0.000000  2.000000  
226.484675 0.014329  0.100117  -0.010358  0.978870  0.204112  -0.012298  -0.203786  0.978730  0.023621  0.016858  -0.020616  0.999645  0.001734  0.000279  -0.004299  0.000000  0.000000  0.000000  2.000000  
226.485912 0.014331  0.100117  -0.010363  0.978870  0.204112  -0.012298  -0.203786  0.978730  0.023621  0.016858  -0.020616  0.999645  0.001653  0.000245  -0.004322  0.000000  0.000000  0.000000  2.000000  
226.486913 0.014333  0.100118  -0.010367  0.978870  0.204112  -0.012298  -0.203786  0.978730  0.023621  0.016858  -0.020616  0.999645  0.001615  0.000288  -0.004306  0.000000  0.000000  0.000000  2.000000  
226.488162 0.014335  0.100119  -0.010372  0.978870  0.204112  -0.012298  -0.203786  0.978730  0.023621  0.016858  -0.020616  0.999645  0.001563  0.000285  -0.004301  0.000000  0.000000  0.000000  2.000000  
226.489165 0.014337  0.100120  -0.010375  0.978870  0.204112  -0.012298  -0.203786  0.978730  0.023621  0.016858  -0.020616  0.999645  0.001558  0.000346  -0.004215  0.000000  0.000000  0.000000  2.000000  
226.490412 0.014339  0.100120  -0.010380  0.978870  0.204112  -0.012298  -0.203786  0.978730  0.023621  0.016858  -0.020616  0.999645  0.001518  0.000330  -0.004197  0.000000  0.000000  0.000000  2.000000  
226.491414 0.014340  0.100121  -0.010384  0.978870  0.204114  -0.012273  -0.203786  0.978728  0.023740  0.016858  -0.020737  0.999643  0.001493  0.000336  -0.004121  0.000000  0.000000  0.000000  2.000000  
226.492663 0.014342  0.100121  -0.010388  0.978830  0.204313  -0.012137  -0.203988  0.978686  0.023715  0.016724  -0.020737  0.999645  0.001522  0.000345  -0.004050  0.000000  0.000000  0.000000  2.000000  
226.493909 0.014344  0.100121  -0.010393  0.978830  0.204313  -0.012137  -0.203988  0.978686  0.023715  0.016724  -0.020737  0.999645  0.001498  0.000339  -0.003985  0.000000  0.000000  0.000000  2.000000  
226.494912 0.014346  0.100121  -0.010396  0.978830  0.204313  -0.012137  -0.203988  0.978686  0.023715  0.016724  -0.020737  0.999645  0.001514  0.000351  -0.003878  0.000000  0.000000  0.000000  2.000000  
226.495913 0.014347  0.100121  -0.010400  0.978830  0.204313  -0.012137  -0.203988  0.978686  0.023715  0.016724  -0.020737  0.999645  0.001525  0.000315  -0.003811  0.000000  0.000000  0.000000  2.000000  
226.496913 0.014349  0.100121  -0.010403  0.978788  0.204514  -0.012133  -0.204190  0.978644  0.023718  0.016724  -0.020737  0.999645  0.001542  0.000327  -0.003702  0.000000  0.000000  0.000000  2.000000  
226.498158 0.014351  0.100121  -0.010406  0.978788  0.204514  -0.012133  -0.204190  0.978644  0.023718  0.016724  -0.020737  0.999645  0.001610  0.000330  -0.003616  0.000000  0.000000  0.000000  2.000000  
226.499160 0.014353  0.100121  -0.010409  0.978746  0.204715  -0.012128  -0.204391  0.978602  0.023720  0.016724  -0.020737  0.999645  0.001608  0.000287  -0.003522  0.000000  0.000000  0.000000  2.000000  
226.500165 0.014355  0.100121  -0.010412  0.978746  0.204715  -0.012128  -0.204391  0.978602  0.023720  0.016724  -0.020737  0.999645  0.001621  0.000250  -0.003449  0.000000  0.000000  0.000000  2.000000  
226.501166 0.014356  0.100121  -0.010415  0.978746  0.204715  -0.012128  -0.204391  0.978602  0.023720  0.016724  -0.020737  0.999645  0.001631  0.000202  -0.003390  0.000000  0.000000  0.000000  2.000000  
226.502412 0.014358  0.100121  -0.010419  0.978704  0.204917  -0.012123  -0.204593  0.978560  0.023723  0.016724  -0.020737  0.999645  0.001615  0.000174  -0.003326  0.000000  0.000000  0.000000  2.000000  
226.503413 0.014359  0.100121  -0.010422  0.978704  0.204917  -0.012123  -0.204593  0.978560  0.023723  0.016724  -0.020737  0.999645  0.001598  0.000104  -0.003273  0.000000  0.000000  0.000000  2.000000  
226.504676 0.014361  0.100121  -0.010425  0.978662  0.205118  -0.012118  -0.204794  0.978517  0.023725  0.016724  -0.020737  0.999645  0.001572  0.000088  -0.003147  0.000000  0.000000  0.000000  2.000000  
226.505913 0.014362  0.100121  -0.010428  0.978662  0.205118  -0.012118  -0.204794  0.978517  0.023725  0.016724  -0.020737  0.999645  0.001475  0.000006  -0.003059  0.000000  0.000000  0.000000  2.000000  
226.506916 0.014363  0.100121  -0.010430  0.978620  0.205318  -0.012138  -0.204996  0.978478  0.023609  0.016724  -0.020616  0.999648  0.001433  -0.000039  -0.002973  0.000000  0.000000  0.000000  2.000000  
226.508234 0.014364  0.100120  -0.010433  0.978620  0.205318  -0.012138  -0.204996  0.978478  0.023609  0.016724  -0.020616  0.999648  0.001348  -0.000058  -0.002832  0.000000  0.000000  0.000000  2.000000  
226.509410 0.014364  0.100120  -0.010435  0.978578  0.205520  -0.012133  -0.205197  0.978436  0.023612  0.016724  -0.020616  0.999648  0.001267  -0.000079  -0.002710  0.000000  0.000000  0.000000  2.000000  
226.510412 0.014364  0.100120  -0.010438  0.978578  0.205520  -0.012133  -0.205197  0.978436  0.023612  0.016724  -0.020616  0.999648  0.001169  -0.000106  -0.002661  0.000000  0.000000  0.000000  2.000000  
226.511659 0.014364  0.100118  -0.010442  0.978533  0.205724  -0.012259  -0.205398  0.978393  0.023642  0.016858  -0.020616  0.999645  0.001038  -0.000169  -0.002657  0.000000  0.000000  0.000000  2.000000  
226.512663 0.014364  0.100118  -0.010444  0.978491  0.205925  -0.012254  -0.205600  0.978351  0.023644  0.016858  -0.020616  0.999645  0.000933  -0.000175  -0.002648  0.000000  0.000000  0.000000  2.000000  
226.513667 0.014364  0.100118  -0.010447  0.978491  0.205925  -0.012254  -0.205600  0.978351  0.023644  0.016858  -0.020616  0.999645  0.000828  -0.000202  -0.002593  0.000000  0.000000  0.000000  2.000000  
226.514676 0.014364  0.100116  -0.010450  0.978449  0.206127  -0.012249  -0.205801  0.978308  0.023647  0.016858  -0.020616  0.999645  0.000715  -0.000290  -0.002590  0.000000  0.000000  0.000000  2.000000  
226.515913 0.014365  0.100116  -0.010453  0.978449  0.206127  -0.012249  -0.205801  0.978308  0.023647  0.016858  -0.020616  0.999645  0.000567  -0.000325  -0.002568  0.000000  0.000000  0.000000  2.000000  
226.516916 0.014364  0.100115  -0.010455  0.978406  0.206328  -0.012244  -0.206003  0.978266  0.023649  0.016858  -0.020616  0.999645  0.000440  -0.000410  -0.002523  0.000000  0.000000  0.000000  2.000000  
226.518164 0.014365  0.100114  -0.010458  0.978406  0.206328  -0.012244  -0.206003  0.978266  0.023649  0.016858  -0.020616  0.999645  0.000356  -0.000466  -0.002494  0.000000  0.000000  0.000000  2.000000  
226.519225 0.014364  0.100113  -0.010461  0.978364  0.206530  -0.012240  -0.206204  0.978223  0.023652  0.016858  -0.020616  0.999645  0.000252  -0.000555  -0.002515  0.000000  0.000000  0.000000  2.000000  
226.520414 0.014364  0.100112  -0.010464  0.978364  0.206530  -0.012240  -0.206204  0.978223  0.023652  0.016858  -0.020616  0.999645  0.000169  -0.000613  -0.002496  0.000000  0.000000  0.000000  2.000000  
226.521474 0.014364  0.100111  -0.010466  0.978321  0.206731  -0.012235  -0.206405  0.978181  0.023654  0.016858  -0.020616  0.999645  0.000108  -0.000696  -0.002486  0.000000  0.000000  0.000000  2.000000  
226.522675 0.014364  0.100109  -0.010470  0.978321  0.206731  -0.012235  -0.206405  0.978181  0.023654  0.016858  -0.020616  0.999645  -0.000005  -0.000763  -0.002533  0.000000  0.000000  0.000000  2.000000  
226.523913 0.014363  0.100107  -0.010473  0.978281  0.206930  -0.012099  -0.206607  0.978139  0.023629  0.016724  -0.020616  0.999648  -0.000042  -0.000854  -0.002610  0.000000  0.000000  0.000000  2.000000  
226.525164 0.014363  0.100106  -0.010476  0.978281  0.206930  -0.012099  -0.206607  0.978139  0.023629  0.016724  -0.020616  0.999648  -0.000062  -0.000933  -0.002575  0.000000  0.000000  0.000000  2.000000  
226.526419 0.014363  0.100104  -0.010479  0.978238  0.207131  -0.012094  -0.206809  0.978096  0.023632  0.016724  -0.020616  0.999648  -0.000093  -0.000986  -0.002549  0.000000  0.000000  0.000000  2.000000  
226.527661 0.014363  0.100103  -0.010482  0.978238  0.207131  -0.012094  -0.206809  0.978096  0.023632  0.016724  -0.020616  0.999648  -0.000070  -0.001020  -0.002489  0.000000  0.000000  0.000000  2.000000  
226.528663 0.014363  0.100102  -0.010484  0.978238  0.207131  -0.012094  -0.206809  0.978096  0.023632  0.016724  -0.020616  0.999648  -0.000070  -0.001020  -0.002489  0.000000  0.000000  0.000000  2.000000  
226.529664 0.014364  0.100101  -0.010486  0.978196  0.207332  -0.012089  -0.207010  0.978053  0.023634  0.016724  -0.020616  0.999648  -0.000041  -0.001012  -0.002422  0.000000  0.000000  0.000000  2.000000  
226.530672 0.014364  0.100101  -0.010488  0.978196  0.207332  -0.012089  -0.207010  0.978053  0.023634  0.016724  -0.020616  0.999648  -0.000055  -0.001047  -0.002374  0.000000  0.000000  0.000000  2.000000  
226.531912 0.014364  0.100100  -0.010491  0.978196  0.207332  -0.012089  -0.207010  0.978053  0.023634  0.016724  -0.020616  0.999648  0.000010  -0.001030  -0.002378  0.000000  0.000000  0.000000  2.000000  
226.532913 0.014365  0.100099  -0.010493  0.978153  0.207534  -0.012084  -0.207211  0.978011  0.023637  0.016724  -0.020616  0.999648  -0.000003  -0.001067  -0.002333  0.000000  0.000000  0.000000  2.000000  
226.534165 0.014365  0.100098  -0.010496  0.978153  0.207534  -0.012084  -0.207211  0.978011  0.023637  0.016724  -0.020616  0.999648  0.000050  -0.001050  -0.002308  0.000000  0.000000  0.000000  2.000000  
226.535416 0.014366  0.100096  -0.010498  0.978153  0.207534  -0.012084  -0.207211  0.978011  0.023637  0.016724  -0.020616  0.999648  0.000121  -0.001048  -0.002234  0.000000  0.000000  0.000000  2.000000  
226.536665 0.014366  0.100095  -0.010501  0.978153  0.207534  -0.012084  -0.207211  0.978011  0.023637  0.016724  -0.020616  0.999648  0.000172  -0.001007  -0.002250  0.000000  0.000000  0.000000  2.000000  
226.537666 0.014367  0.100095  -0.010503  0.978111  0.207735  -0.012080  -0.207413  0.977968  0.023639  0.016724  -0.020616  0.999648  0.000254  -0.000973  -0.002233  0.000000  0.000000  0.000000  2.000000  
226.538675 0.014368  0.100094  -0.010506  0.978111  0.207735  -0.012080  -0.207413  0.977968  0.023639  0.016724  -0.020616  0.999648  0.000306  -0.000923  -0.002184  0.000000  0.000000  0.000000  2.000000  
226.539912 0.014369  0.100093  -0.010508  0.978111  0.207735  -0.012080  -0.207413  0.977968  0.023639  0.016724  -0.020616  0.999648  0.000384  -0.000853  -0.002178  0.000000  0.000000  0.000000  2.000000  
226.540932 0.014370  0.100093  -0.010510  0.978111  0.207735  -0.012080  -0.207413  0.977968  0.023639  0.016724  -0.020616  0.999648  0.000450  -0.000804  -0.002166  0.000000  0.000000  0.000000  2.000000  
226.542165 0.014371  0.100093  -0.010513  0.978111  0.207736  -0.012054  -0.207413  0.977965  0.023758  0.016724  -0.020737  0.999645  0.000556  -0.000705  -0.002140  0.000000  0.000000  0.000000  2.000000  
226.543412 0.014372  0.100093  -0.010514  0.978111  0.207736  -0.012054  -0.207413  0.977965  0.023758  0.016724  -0.020737  0.999645  0.000603  -0.000641  -0.002058  0.000000  0.000000  0.000000  2.000000  
226.544674 0.014374  0.100093  -0.010517  0.978108  0.207739  -0.012185  -0.207412  0.977964  0.023785  0.016858  -0.020737  0.999643  0.000692  -0.000533  -0.002032  0.000000  0.000000  0.000000  2.000000  
226.545913 0.014375  0.100093  -0.010519  0.978066  0.207941  -0.012180  -0.207614  0.977922  0.023788  0.016858  -0.020737  0.999643  0.000754  -0.000448  -0.002035  0.000000  0.000000  0.000000  2.000000  
226.547167 0.014376  0.100093  -0.010522  0.978066  0.207941  -0.012180  -0.207614  0.977922  0.023788  0.016858  -0.020737  0.999643  0.000814  -0.000363  -0.002035  0.000000  0.000000  0.000000  2.000000  
226.548412 0.014377  0.100094  -0.010524  0.978066  0.207941  -0.012180  -0.207614  0.977922  0.023788  0.016858  -0.020737  0.999643  0.000809  -0.000277  -0.002000  0.000000  0.000000  0.000000  2.000000  
226.549413 0.014378  0.100094  -0.010526  0.978066  0.207941  -0.012180  -0.207614  0.977922  0.023788  0.016858  -0.020737  0.999643  0.000857  -0.000191  -0.001964  0.000000  0.000000  0.000000  2.000000  
226.550417 0.014380  0.100095  -0.010528  0.978066  0.207941  -0.012180  -0.207614  0.977922  0.023788  0.016858  -0.020737  0.999643  0.000921  -0.000107  -0.001961  0.000000  0.000000  0.000000  2.000000  
226.551668 0.014381  0.100095  -0.010530  0.978066  0.207939  -0.012206  -0.207614  0.977924  0.023669  0.016858  -0.020616  0.999645  0.000958  0.000006  -0.001934  0.000000  0.000000  0.000000  2.000000  
226.552913 0.014382  0.100096  -0.010532  0.978066  0.207939  -0.012206  -0.207614  0.977924  0.023669  0.016858  -0.020616  0.999645  0.000991  0.000092  -0.001868  0.000000  0.000000  0.000000  2.000000  
226.554165 0.014384  0.100097  -0.010534  0.978068  0.207936  -0.012075  -0.207614  0.977925  0.023642  0.016724  -0.020616  0.999648  0.001075  0.000216  -0.001802  0.000000  0.000000  0.000000  2.000000  
226.555166 0.014385  0.100097  -0.010536  0.978068  0.207936  -0.012075  -0.207614  0.977925  0.023642  0.016724  -0.020616  0.999648  0.001086  0.000298  -0.001804  0.000000  0.000000  0.000000  2.000000  
226.556413 0.014387  0.100098  -0.010538  0.978068  0.207936  -0.012075  -0.207614  0.977925  0.023642  0.016724  -0.020616  0.999648  0.001126  0.000376  -0.001773  0.000000  0.000000  0.000000  2.000000  
226.557414 0.014388  0.100099  -0.010540  0.978068  0.207936  -0.012075  -0.207614  0.977925  0.023642  0.016724  -0.020616  0.999648  0.001120  0.000410  -0.001772  0.000000  0.000000  0.000000  2.000000  
226.558667 0.014389  0.100099  -0.010542  0.978068  0.207936  -0.012075  -0.207614  0.977925  0.023642  0.016724  -0.020616  0.999648  0.001121  0.000433  -0.001820  0.000000  0.000000  0.000000  2.000000  
226.559910 0.014390  0.100100  -0.010545  0.978068  0.207936  -0.012075  -0.207614  0.977925  0.023642  0.016724  -0.020616  0.999648  0.001111  0.000458  -0.001831  0.000000  0.000000  0.000000  2.000000  
226.560911 0.014391  0.100100  -0.010547  0.978068  0.207936  -0.012075  -0.207614  0.977925  0.023642  0.016724  -0.020616  0.999648  0.001081  0.000475  -0.001810  0.000000  0.000000  0.000000  2.000000  
226.562159 0.014392  0.100101  -0.010549  0.978068  0.207936  -0.012075  -0.207614  0.977925  0.023642  0.016724  -0.020616  0.999648  0.001070  0.000500  -0.001820  0.000000  0.000000  0.000000  2.000000  
226.563166 0.014393  0.100102  -0.010551  0.978068  0.207936  -0.012075  -0.207614  0.977925  0.023642  0.016724  -0.020616  0.999648  0.001088  0.000508  -0.001849  0.000000  0.000000  0.000000  2.000000  
