1-Time 2-Px 3-Py 4-Pz 5-R11 6-R21 7-R31 8-R12 9-R22 10-R32 11-R13 12-R23 13-R33 14-Vx 15-Vy 16-Vz 17-Wx 18-Wy 19-Wz 20-state 21-PR11 22-PR21 23-PR31 24-PR12 25-PR22 26-PR32 27-PR13 28-PR23 29-PR33 
20.660048 0.008855  0.098802  -0.003726  0.987833  0.153796  -0.023097  -0.153748  0.988103  0.003840  0.023413  -0.000243  0.999726  -0.000013  0.000003  0.000034  0.000000  0.000000  0.000000  2.000000  
20.661054 0.008855  0.098802  -0.003726  0.987833  0.153796  -0.023097  -0.153748  0.988103  0.003840  0.023413  -0.000243  0.999726  -0.000013  0.000003  0.000034  0.000000  0.000000  0.000000  2.000000  
20.662306 0.008856  0.098803  -0.003725  0.987706  0.154610  -0.023094  -0.154562  0.987976  0.003859  0.023413  -0.000243  0.999726  0.000098  0.000067  0.000075  0.000000  0.000000  0.000000  2.000000  
20.663315 0.008859  0.098804  -0.003724  0.987578  0.155423  -0.023090  -0.155375  0.987848  0.003878  0.023413  -0.000243  0.999726  0.000274  0.000132  0.000080  0.000000  0.000000  0.000000  2.000000  
20.664552 0.008861  0.098804  -0.003724  0.987517  0.155830  -0.022957  -0.155782  0.987784  0.003867  0.023279  -0.000243  0.999729  0.000460  0.000175  0.000096  0.000000  0.000000  0.000000  2.000000  
20.665555 0.008864  0.098805  -0.003724  0.987453  0.156237  -0.022955  -0.156189  0.987720  0.003876  0.023279  -0.000243  0.999729  0.000645  0.000217  0.000111  0.000000  0.000000  0.000000  2.000000  
20.666556 0.008867  0.098806  -0.003724  0.987353  0.156847  -0.023085  -0.156798  0.987623  0.003912  0.023413  -0.000243  0.999726  0.000851  0.000312  0.000137  0.000000  0.000000  0.000000  2.000000  
20.667558 0.008870  0.098808  -0.003723  0.987217  0.157660  -0.023346  -0.157610  0.987493  0.003973  0.023680  -0.000243  0.999720  0.001086  0.000437  0.000186  0.000000  0.000000  0.000000  2.000000  
20.668802 0.008874  0.098810  -0.003722  0.986983  0.159083  -0.023604  -0.159032  0.987265  0.004049  0.023948  -0.000243  0.999713  0.001361  0.000570  0.000266  0.000000  0.000000  0.000000  2.000000  
20.669804 0.008877  0.098811  -0.003722  0.986816  0.160099  -0.023732  -0.160047  0.987101  0.004095  0.024081  -0.000243  0.999710  0.001550  0.000632  0.000237  0.008360  0.017953  0.179837  2.000000  
20.670804 0.008881  0.098812  -0.003723  0.986647  0.161115  -0.023860  -0.161062  0.986936  0.004141  0.024215  -0.000243  0.999707  0.001753  0.000691  0.000174  0.009198  0.022442  0.214405  2.000000  
20.671805 0.008885  0.098814  -0.003724  0.986481  0.162131  -0.023855  -0.162078  0.986769  0.004165  0.024215  -0.000243  0.999707  0.002031  0.000828  0.000076  0.010024  0.022435  0.248984  2.000000  
20.673055 0.008890  0.098818  -0.003725  0.986246  0.163553  -0.023849  -0.163499  0.986535  0.004200  0.024215  -0.000243  0.999707  0.002400  0.001055  0.000043  0.011351  0.022436  0.304458  2.000000  
20.674314 0.008896  0.098822  -0.003724  0.985979  0.165180  -0.023691  -0.165124  0.986263  0.004336  0.024081  -0.000364  0.999710  0.002811  0.001344  0.000087  0.016713  0.017891  0.359522  2.000000  
20.675556 0.008902  0.098825  -0.003725  0.985702  0.166804  -0.023815  -0.166747  0.985990  0.004398  0.024215  -0.000364  0.999707  0.003233  0.001576  0.000052  0.018065  0.022380  0.414982  2.000000  
20.676802 0.008910  0.098830  -0.003726  0.985423  0.168428  -0.023940  -0.168370  0.985714  0.004460  0.024349  -0.000364  0.999703  0.003623  0.001792  -0.000094  0.019585  0.026863  0.477257  2.000000  
20.678054 0.008918  0.098834  -0.003727  0.985141  0.170049  -0.024085  -0.169992  0.985436  0.004402  0.024483  -0.000243  0.999700  0.004038  0.002018  -0.000185  0.016870  0.031379  0.532598  2.000000  
20.679310 0.008926  0.098837  -0.003728  0.984895  0.171468  -0.024079  -0.171411  0.985190  0.004437  0.024483  -0.000243  0.999700  0.004371  0.002212  -0.000239  0.018029  0.031362  0.580871  2.000000  
20.680552 0.008933  0.098839  -0.003728  0.984647  0.172885  -0.024093  -0.172830  0.984942  0.004352  0.024483  -0.000121  0.999700  0.004619  0.002276  -0.000247  0.015080  0.035902  0.629539  2.000000  
20.681552 0.008941  0.098841  -0.003728  0.984433  0.174102  -0.024088  -0.174047  0.984728  0.004382  0.024483  -0.000121  0.999700  0.004939  0.002296  -0.000293  0.012161  0.035848  0.677839  2.000000  
20.682560 0.008949  0.098842  -0.003728  0.984217  0.175315  -0.024104  -0.175262  0.984512  0.004292  0.024483  0.000000  0.999700  0.005271  0.002297  -0.000353  0.009077  0.035875  0.719155  2.000000  
20.683804 0.008958  0.098843  -0.003728  0.983967  0.176731  -0.023987  -0.176681  0.984259  0.004184  0.024349  0.000121  0.999704  0.005609  0.002217  -0.000425  0.006111  0.031426  0.767703  2.000000  
20.684805 0.008964  0.098843  -0.003729  0.983821  0.177538  -0.024005  -0.177491  0.984114  0.004084  0.024349  0.000243  0.999703  0.005827  0.002130  -0.000459  0.002861  0.031474  0.802317  2.000000  
20.686055 0.008972  0.098842  -0.003730  0.983638  0.178548  -0.024023  -0.178504  0.983931  0.003990  0.024349  0.000364  0.999703  0.006040  0.001923  -0.000439  -0.000389  0.031526  0.836946  2.000000  
20.687306 0.008980  0.098840  -0.003731  0.983417  0.179758  -0.024061  -0.179719  0.983711  0.003781  0.024349  0.000606  0.999703  0.006237  0.001620  -0.000375  -0.007548  0.031627  0.878237  2.000000  
20.688554 0.008989  0.098840  -0.003732  0.983234  0.180767  -0.023948  -0.180732  0.983526  0.003662  0.024215  0.000728  0.999707  0.006376  0.001326  -0.000495  -0.010860  0.027197  0.912934  2.000000  
20.689804 0.008996  0.098838  -0.003734  0.983085  0.181574  -0.023967  -0.181541  0.983377  0.003562  0.024215  0.000849  0.999706  0.006493  0.000998  -0.000627  -0.014113  0.027265  0.947574  2.000000  
20.691058 0.009002  0.098837  -0.003736  0.982938  0.182378  -0.023877  -0.182351  0.983228  0.003319  0.024081  0.001091  0.999709  0.006464  0.000598  -0.000663  -0.021840  0.022897  0.968519  2.000000  
20.692307 0.009009  0.098836  -0.003737  0.982829  0.182980  -0.023787  -0.182959  0.983116  0.003071  0.023948  0.001334  0.999712  0.006379  0.000285  -0.000699  -0.030246  0.018528  0.962343  2.000000  
20.693319 0.009014  0.098835  -0.003740  0.982757  0.183379  -0.023699  -0.183364  0.983041  0.002818  0.023814  0.001576  0.999715  0.006299  0.000012  -0.000824  -0.038580  0.014119  0.954087  2.000000  
20.694552 0.009018  0.098834  -0.003743  0.982687  0.183779  -0.023480  -0.183770  0.982966  0.002540  0.023546  0.001819  0.999721  0.006095  -0.000244  -0.001010  -0.047110  0.009741  0.947733  2.000000  
20.695556 0.009020  0.098831  -0.003745  0.982615  0.184178  -0.023392  -0.184175  0.982891  0.002286  0.023413  0.002061  0.999724  0.005761  -0.000569  -0.001187  -0.055334  0.005360  0.947875  2.000000  
20.696800 0.009022  0.098828  -0.003748  0.982580  0.184372  -0.023327  -0.184378  0.982854  0.001909  0.023279  0.002425  0.999726  0.005317  -0.000841  -0.001330  -0.067269  -0.007910  0.926354  2.000000  
20.697800 0.009024  0.098826  -0.003751  0.982545  0.184569  -0.023240  -0.184581  0.982816  0.001651  0.023145  0.002668  0.999729  0.004920  -0.001067  -0.001505  -0.075989  -0.016749  0.898793  2.000000  
20.698808 0.009024  0.098824  -0.003754  0.982545  0.184563  -0.023285  -0.184581  0.982816  0.001412  0.023145  0.002910  0.999728  0.004397  -0.001312  -0.001744  -0.085621  -0.025825  0.864669  2.000000  
20.700054 0.009023  0.098820  -0.003757  0.982510  0.184758  -0.023220  -0.184784  0.982779  0.001035  0.023011  0.003274  0.999730  0.003816  -0.001528  -0.001891  -0.098674  -0.034717  0.830178  2.000000  
20.701306 0.009022  0.098816  -0.003760  0.982475  0.184952  -0.023156  -0.184987  0.982741  0.000657  0.022878  0.003638  0.999732  0.003241  -0.001656  -0.001963  -0.111718  -0.043618  0.795600  2.000000  
20.702553 0.009020  0.098813  -0.003762  0.982478  0.184944  -0.023092  -0.184987  0.982741  0.000275  0.022744  0.004002  0.999733  0.002448  -0.001860  -0.002052  -0.123947  -0.047652  0.747898  2.000000  
20.703556 0.009018  0.098810  -0.003765  0.982519  0.184737  -0.023005  -0.184785  0.982779  0.000007  0.022610  0.004244  0.999735  0.001879  -0.001999  -0.002199  -0.137297  -0.047700  0.699870  2.000000  
20.704804 0.009013  0.098806  -0.003768  0.982525  0.184727  -0.022832  -0.184787  0.982779  -0.000519  0.022343  0.004729  0.999739  0.001152  -0.002160  -0.002280  -0.154841  -0.056571  0.645032  2.000000  
20.705805 0.009010  0.098803  -0.003771  0.982528  0.184719  -0.022767  -0.184787  0.982778  -0.000902  0.022209  0.005093  0.999740  0.000501  -0.002308  -0.002371  -0.169664  -0.066056  0.595151  2.000000  
20.707055 0.009004  0.098799  -0.003775  0.982566  0.184508  -0.022834  -0.184585  0.982816  -0.001264  0.022209  0.005457  0.999738  -0.000219  -0.002496  -0.002503  -0.179218  -0.070567  0.532876  2.000000  
20.708306 0.008999  0.098796  -0.003778  0.982569  0.184498  -0.022792  -0.184585  0.982815  -0.001766  0.022075  0.005942  0.999739  -0.001023  -0.002642  -0.002540  -0.196654  -0.079570  0.484491  2.000000  
20.709553 0.008992  0.098792  -0.003782  0.982647  0.184086  -0.022727  -0.184181  0.982890  -0.002157  0.021941  0.006306  0.999739  -0.001793  -0.002749  -0.002617  -0.208502  -0.087939  0.425773  2.000000  
20.710801 0.008985  0.098789  -0.003786  0.982688  0.183873  -0.022685  -0.183980  0.982926  -0.002664  0.021807  0.006791  0.999739  -0.002405  -0.002796  -0.002703  -0.224127  -0.088770  0.360135  2.000000  
20.711804 0.008979  0.098786  -0.003790  0.982691  0.183866  -0.022620  -0.183980  0.982925  -0.003046  0.021674  0.007155  0.999739  -0.002941  -0.002808  -0.002759  -0.235161  -0.092529  0.322791  2.000000  
20.713050 0.008972  0.098783  -0.003794  0.982735  0.183658  -0.022423  -0.183779  0.982962  -0.003457  0.021406  0.007519  0.999743  -0.003455  -0.002821  -0.002823  -0.244561  -0.101581  0.267971  2.000000  
20.714056 0.008966  0.098780  -0.003798  0.982740  0.183651  -0.022227  -0.183780  0.982960  -0.003864  0.021139  0.007882  0.999745  -0.003846  -0.002834  -0.002883  -0.253510  -0.106125  0.233734  2.000000  
20.715304 0.008960  0.098778  -0.003803  0.982781  0.183439  -0.022184  -0.183578  0.982995  -0.004370  0.021005  0.008368  0.999744  -0.004236  -0.002739  -0.002993  -0.266561  -0.110680  0.192592  2.000000  
20.716307 0.008955  0.098777  -0.003806  0.982821  0.183233  -0.022096  -0.183376  0.983032  -0.004638  0.020871  0.008610  0.999745  -0.004475  -0.002641  -0.003068  -0.271575  -0.115302  0.151481  2.000000  
20.717313 0.008951  0.098776  -0.003809  0.982862  0.183023  -0.022030  -0.183174  0.983068  -0.005025  0.020737  0.008974  0.999745  -0.004619  -0.002512  -0.003159  -0.278725  -0.120853  0.111231  2.000000  
20.718554 0.008948  0.098775  -0.003812  0.982902  0.182814  -0.021964  -0.182973  0.983103  -0.005411  0.020604  0.009338  0.999744  -0.004673  -0.002313  -0.003143  -0.285380  -0.120039  0.076073  2.000000  
20.719555 0.008945  0.098775  -0.003815  0.982902  0.182809  -0.022008  -0.182973  0.983102  -0.005650  0.020604  0.009580  0.999742  -0.004627  -0.002111  -0.003162  -0.292465  -0.121174  0.049060  2.000000  
20.720805 0.008941  0.098774  -0.003818  0.982942  0.182600  -0.021942  -0.182771  0.983137  -0.006037  0.020470  0.009944  0.999741  -0.004553  -0.001935  -0.003173  -0.297361  -0.121366  0.014508  2.000000  
20.722054 0.008939  0.098773  -0.003822  0.982985  0.182392  -0.021744  -0.182569  0.983172  -0.006448  0.020202  0.010308  0.999743  -0.004370  -0.001717  -0.003132  -0.299364  -0.124923  -0.006134  2.000000  
20.723058 0.008938  0.098773  -0.003824  0.982988  0.182388  -0.021657  -0.182570  0.983170  -0.006711  0.020068  0.010551  0.999743  -0.004105  -0.001533  -0.003105  -0.302435  -0.126142  -0.026920  2.000000  
20.724308 0.008938  0.098773  -0.003826  0.983028  0.182179  -0.021590  -0.182368  0.983205  -0.007097  0.019935  0.010914  0.999742  -0.003689  -0.001306  -0.002961  -0.306775  -0.121710  -0.047644  2.000000  
20.725558 0.008938  0.098773  -0.003827  0.983031  0.182173  -0.021525  -0.182368  0.983202  -0.007480  0.019801  0.011278  0.999740  -0.003152  -0.001038  -0.002765  -0.307088  -0.121828  -0.061437  2.000000  
20.726802 0.008939  0.098774  -0.003828  0.983033  0.182169  -0.021438  -0.182369  0.983200  -0.007743  0.019667  0.011521  0.999740  -0.002683  -0.000821  -0.002570  -0.307437  -0.121964  -0.075257  2.000000  
20.727802 0.008940  0.098775  -0.003829  0.983074  0.181963  -0.021349  -0.182167  0.983235  -0.008010  0.019533  0.011763  0.999740  -0.002198  -0.000584  -0.002366  -0.303515  -0.122044  -0.082144  2.000000  
20.729055 0.008943  0.098776  -0.003830  0.983076  0.181960  -0.021261  -0.182167  0.983233  -0.008273  0.019400  0.012006  0.999740  -0.001539  -0.000284  -0.002157  -0.301107  -0.121093  -0.088288  2.000000  
20.730314 0.008947  0.098777  -0.003832  0.983116  0.181754  -0.021172  -0.181966  0.983268  -0.008540  0.019266  0.012248  0.999739  -0.000811  -0.000028  -0.001997  -0.299586  -0.122148  -0.095877  2.000000  
20.731550 0.008951  0.098779  -0.003833  0.983081  0.181953  -0.021087  -0.182168  0.983228  -0.008799  0.019132  0.012491  0.999739  -0.000249  0.000210  -0.001796  -0.297192  -0.121200  -0.095086  2.000000  
20.732561 0.008955  0.098781  -0.003834  0.983084  0.181949  -0.020999  -0.182169  0.983225  -0.009061  0.018998  0.012734  0.999738  0.000376  0.000413  -0.001637  -0.295524  -0.122217  -0.095824  2.000000  
20.733804 0.008961  0.098784  -0.003835  0.983086  0.181948  -0.020890  -0.182169  0.983224  -0.009205  0.018864  0.012855  0.999739  0.001009  0.000632  -0.001493  -0.284883  -0.121188  -0.088156  2.000000  
20.734808 0.008965  0.098787  -0.003836  0.983126  0.181745  -0.020778  -0.181967  0.983260  -0.009353  0.018731  0.012976  0.999740  0.001486  0.000840  -0.001341  -0.279236  -0.122282  -0.095780  2.000000  
20.736052 0.008971  0.098790  -0.003836  0.983129  0.181742  -0.020691  -0.181968  0.983257  -0.009616  0.018597  0.013219  0.999740  0.002011  0.001064  -0.001152  -0.272898  -0.121312  -0.094961  2.000000  
20.737053 0.008975  0.098792  -0.003837  0.983094  0.181946  -0.020561  -0.182171  0.983220  -0.009636  0.018463  0.013219  0.999742  0.002429  0.001264  -0.001001  -0.260457  -0.125650  -0.081167  2.000000  
20.738054 0.008980  0.098795  -0.003837  0.983096  0.181945  -0.020452  -0.182171  0.983218  -0.009780  0.018329  0.013340  0.999743  0.002818  0.001435  -0.000871  -0.250398  -0.126729  -0.081809  2.000000  
20.739056 0.008985  0.098797  -0.003836  0.983098  0.181944  -0.020343  -0.182172  0.983217  -0.009923  0.018196  0.013461  0.999744  0.003196  0.001632  -0.000718  -0.246143  -0.126662  -0.074859  2.000000  
20.740056 0.008990  0.098800  -0.003836  0.983098  0.181942  -0.020365  -0.182172  0.983215  -0.010042  0.018196  0.013583  0.999742  0.003529  0.001824  -0.000594  -0.237888  -0.122134  -0.067968  2.000000  
20.741311 0.008996  0.098804  -0.003835  0.983101  0.181941  -0.020255  -0.182172  0.983214  -0.010186  0.018062  0.013704  0.999743  0.003861  0.002016  -0.000470  -0.225398  -0.122024  -0.060982  2.000000  
20.742312 0.009001  0.098807  -0.003833  0.983103  0.181943  -0.020124  -0.182173  0.983214  -0.010210  0.017928  0.013704  0.999745  0.004087  0.002180  -0.000298  -0.213088  -0.121997  -0.054060  2.000000  
20.743317 0.009006  0.098811  -0.003832  0.983066  0.182143  -0.020148  -0.182375  0.983175  -0.010326  0.017928  0.013825  0.999744  0.004341  0.002374  -0.000104  -0.204704  -0.112894  -0.047190  2.000000  
20.744553 0.009012  0.098815  -0.003830  0.983068  0.182142  -0.020038  -0.182375  0.983173  -0.010469  0.017794  0.013946  0.999744  0.004505  0.002555  0.000112  -0.196528  -0.108399  -0.040322  2.000000  
20.745596 0.009017  0.098818  -0.003828  0.983068  0.182142  -0.020038  -0.182375  0.983173  -0.010469  0.017794  0.013946  0.999744  0.004645  0.002720  0.000303  -0.183897  -0.103684  -0.033386  2.000000  
20.746800 0.009022  0.098822  -0.003826  0.983070  0.182144  -0.019907  -0.182376  0.983173  -0.010494  0.017661  0.013947  0.999747  0.004691  0.002841  0.000506  -0.170356  -0.107353  -0.026224  2.000000  
20.747805 0.009027  0.098826  -0.003824  0.983070  0.182144  -0.019907  -0.182376  0.983173  -0.010494  0.017661  0.013947  0.999747  0.004717  0.002964  0.000694  -0.159400  -0.103668  -0.019556  2.000000  
20.748806 0.009031  0.098830  -0.003822  0.983070  0.182144  -0.019907  -0.182376  0.983173  -0.010494  0.017661  0.013947  0.999747  0.004666  0.003028  0.000913  0.000000  0.000000  0.000000  2.000000  
20.749807 0.009034  0.098833  -0.003820  0.983070  0.182144  -0.019907  -0.182376  0.983173  -0.010494  0.017661  0.013947  0.999747  0.004587  0.003072  0.001065  0.000000  0.000000  0.000000  2.000000  
20.750808 0.009037  0.098836  -0.003818  0.983070  0.182144  -0.019907  -0.182376  0.983173  -0.010494  0.017661  0.013947  0.999747  0.004493  0.003131  0.001258  0.000000  0.000000  0.000000  2.000000  
20.752055 0.009041  0.098840  -0.003815  0.983070  0.182144  -0.019907  -0.182376  0.983173  -0.010494  0.017661  0.013947  0.999747  0.004356  0.003170  0.001455  0.000000  0.000000  0.000000  2.000000  
20.753319 0.009044  0.098843  -0.003812  0.983110  0.181944  -0.019773  -0.182174  0.983210  -0.010522  0.017527  0.013947  0.999749  0.004118  0.003174  0.001665  0.000000  0.000000  0.000000  2.000000  
20.754319 0.009045  0.098845  -0.003811  0.983110  0.181946  -0.019751  -0.182174  0.983211  -0.010403  0.017527  0.013825  0.999751  0.003878  0.003109  0.001697  0.000000  0.000000  0.000000  2.000000  
20.755554 0.009047  0.098847  -0.003810  0.983110  0.181946  -0.019751  -0.182174  0.983211  -0.010403  0.017527  0.013825  0.999751  0.003649  0.003050  0.001710  0.000000  0.000000  0.000000  2.000000  
20.756557 0.009048  0.098849  -0.003808  0.983110  0.181948  -0.019729  -0.182174  0.983213  -0.010284  0.017527  0.013704  0.999752  0.003414  0.002987  0.001742  0.000000  0.000000  0.000000  2.000000  
20.757805 0.009050  0.098852  -0.003806  0.983148  0.181748  -0.019705  -0.181971  0.983251  -0.010168  0.017527  0.013583  0.999754  0.003073  0.002877  0.001772  0.000000  0.000000  0.000000  2.000000  
20.759055 0.009051  0.098855  -0.003804  0.983185  0.181546  -0.019703  -0.181769  0.983289  -0.010172  0.017527  0.013583  0.999754  0.002741  0.002801  0.001774  0.000000  0.000000  0.000000  2.000000  
20.760304 0.009052  0.098858  -0.003801  0.983185  0.181548  -0.019681  -0.181769  0.983290  -0.010053  0.017527  0.013461  0.999756  0.002433  0.002696  0.001843  0.000000  0.000000  0.000000  2.000000  
20.761308 0.009053  0.098860  -0.003799  0.983222  0.181348  -0.019657  -0.181567  0.983328  -0.009938  0.017527  0.013340  0.999757  0.002176  0.002580  0.001864  0.000000  0.000000  0.000000  2.000000  
20.762318 0.009053  0.098861  -0.003797  0.983260  0.181146  -0.019655  -0.181364  0.983366  -0.009942  0.017527  0.013340  0.999757  0.001888  0.002439  0.001868  0.000000  0.000000  0.000000  2.000000  
20.763552 0.009053  0.098863  -0.003794  0.983260  0.181148  -0.019633  -0.181364  0.983367  -0.009823  0.017527  0.013219  0.999759  0.001585  0.002267  0.001937  0.000000  0.000000  0.000000  2.000000  
20.764552 0.009053  0.098863  -0.003792  0.983297  0.180948  -0.019609  -0.181162  0.983405  -0.009707  0.017527  0.013098  0.999761  0.001333  0.002091  0.001878  0.000000  0.000000  0.000000  2.000000  
20.765558 0.009053  0.098864  -0.003790  0.983334  0.180746  -0.019607  -0.180959  0.983443  -0.009712  0.017527  0.013098  0.999761  0.001065  0.001897  0.001872  0.000000  0.000000  0.000000  2.000000  
20.766804 0.009052  0.098864  -0.003788  0.983409  0.180343  -0.019581  -0.180554  0.983518  -0.009600  0.017527  0.012976  0.999762  0.000833  0.001696  0.001813  0.000000  0.000000  0.000000  2.000000  
20.768054 0.009052  0.098864  -0.003786  0.983444  0.180141  -0.019689  -0.180352  0.983557  -0.009461  0.017661  0.012855  0.999761  0.000561  0.001468  0.001743  0.000000  0.000000  0.000000  2.000000  
20.769055 0.009051  0.098865  -0.003785  0.983481  0.179941  -0.019665  -0.180149  0.983595  -0.009346  0.017661  0.012734  0.999763  0.000444  0.001365  0.001790  0.000000  0.000000  0.000000  2.000000  
20.770056 0.009050  0.098865  -0.003783  0.983518  0.179739  -0.019663  -0.179947  0.983632  -0.009350  0.017661  0.012734  0.999763  0.000243  0.001192  0.001802  0.000000  0.000000  0.000000  2.000000  
20.771307 0.009050  0.098864  -0.003783  0.983555  0.179539  -0.019639  -0.179744  0.983670  -0.009234  0.017661  0.012613  0.999764  0.000091  0.001021  0.001738  0.000000  0.000000  0.000000  2.000000  
20.772311 0.009049  0.098864  -0.003782  0.983594  0.179340  -0.019484  -0.179542  0.983708  -0.009143  0.017527  0.012491  0.999768  -0.000009  0.000854  0.001671  0.000000  0.000000  0.000000  2.000000  
20.773318 0.009049  0.098864  -0.003781  0.983631  0.179140  -0.019460  -0.179340  0.983746  -0.009028  0.017527  0.012370  0.999770  -0.000139  0.000656  0.001582  0.000000  0.000000  0.000000  2.000000  
20.774552 0.009048  0.098864  -0.003781  0.983668  0.178940  -0.019437  -0.179137  0.983784  -0.008913  0.017527  0.012249  0.999771  -0.000223  0.000479  0.001459  0.000000  0.000000  0.000000  2.000000  
20.775554 0.009048  0.098863  -0.003781  0.983705  0.178737  -0.019435  -0.178935  0.983821  -0.008917  0.017527  0.012249  0.999771  -0.000305  0.000331  0.001316  0.000000  0.000000  0.000000  2.000000  
20.776802 0.009048  0.098863  -0.003780  0.983778  0.178335  -0.019410  -0.178529  0.983895  -0.008805  0.017527  0.012128  0.999773  -0.000365  0.000158  0.001150  0.000000  0.000000  0.000000  2.000000  
20.778055 0.009047  0.098863  -0.003780  0.983815  0.178134  -0.019386  -0.178327  0.983933  -0.008690  0.017527  0.012006  0.999774  -0.000416  0.000001  0.000923  0.000000  0.000000  0.000000  2.000000  
20.779310 0.009047  0.098861  -0.003781  0.983852  0.177934  -0.019363  -0.178124  0.983971  -0.008574  0.017527  0.011885  0.999776  -0.000434  -0.000148  0.000741  0.000000  0.000000  0.000000  2.000000  
20.780555 0.009046  0.098860  -0.003781  0.983889  0.177734  -0.019339  -0.177922  0.984008  -0.008459  0.017527  0.011764  0.999777  -0.000467  -0.000266  0.000575  0.000000  0.000000  0.000000  2.000000  
20.781806 0.009046  0.098859  -0.003781  0.983925  0.177531  -0.019338  -0.177719  0.984045  -0.008463  0.017527  0.011764  0.999777  -0.000434  -0.000359  0.000446  0.000000  0.000000  0.000000  2.000000  
20.782808 0.009046  0.098859  -0.003781  0.983962  0.177331  -0.019314  -0.177517  0.984082  -0.008348  0.017527  0.011642  0.999779  -0.000395  -0.000368  0.000344  0.000000  0.000000  0.000000  2.000000  
20.784056 0.009046  0.098859  -0.003781  0.983998  0.177129  -0.019313  -0.177314  0.984119  -0.008352  0.017527  0.011642  0.999779  -0.000363  -0.000434  0.000196  0.000000  0.000000  0.000000  2.000000  
20.785307 0.009046  0.098859  -0.003782  0.983998  0.177131  -0.019291  -0.177314  0.984120  -0.008232  0.017527  0.011521  0.999780  -0.000289  -0.000406  0.000113  0.000000  0.000000  0.000000  2.000000  
20.786319 0.009046  0.098858  -0.003782  0.984035  0.176931  -0.019268  -0.177112  0.984157  -0.008117  0.017527  0.011400  0.999781  -0.000212  -0.000395  0.000001  0.074406  -0.002171  -0.172894  2.000000  
20.787555 0.009047  0.098859  -0.003783  0.984035  0.176931  -0.019268  -0.177112  0.984157  -0.008117  0.017527  0.011400  0.999781  -0.000112  -0.000338  -0.000057  0.000000  0.000000  0.000000  2.000000  
20.788557 0.009048  0.098860  -0.003784  0.984071  0.176730  -0.019245  -0.176909  0.984195  -0.008001  0.017527  0.011279  0.999783  -0.000050  -0.000279  -0.000194  0.074421  -0.002150  -0.172930  2.000000  
20.789803 0.009048  0.098860  -0.003785  0.984069  0.176731  -0.019355  -0.176909  0.984196  -0.007858  0.017661  0.011157  0.999782  0.000039  -0.000205  -0.000263  0.000000  0.000000  0.000000  2.000000  
20.791058 0.009049  0.098861  -0.003786  0.984069  0.176734  -0.019334  -0.176909  0.984197  -0.007739  0.017661  0.011036  0.999783  0.000112  -0.000163  -0.000388  0.000000  0.000000  0.000000  2.000000  
20.792058 0.009050  0.098862  -0.003787  0.984069  0.176734  -0.019334  -0.176909  0.984197  -0.007739  0.017661  0.011036  0.999783  0.000179  -0.000063  -0.000433  0.000000  0.000000  0.000000  2.000000  
20.793316 0.009051  0.098862  -0.003787  0.984069  0.176736  -0.019312  -0.176909  0.984198  -0.007620  0.017661  0.010915  0.999784  0.000264  -0.000008  -0.000458  0.000000  0.000000  0.000000  2.000000  
20.794550 0.009052  0.098863  -0.003788  0.984069  0.176738  -0.019291  -0.176909  0.984199  -0.007500  0.017661  0.010794  0.999786  0.000326  0.000091  -0.000495  0.000000  0.000000  0.000000  2.000000  
20.795556 0.009052  0.098863  -0.003789  0.984069  0.176738  -0.019291  -0.176909  0.984199  -0.007500  0.017661  0.010794  0.999786  0.000425  0.000203  -0.000483  0.000000  0.000000  0.000000  2.000000  
20.796801 0.009053  0.098864  -0.003789  0.984069  0.176741  -0.019269  -0.176909  0.984200  -0.007381  0.017661  0.010672  0.999787  0.000491  0.000355  -0.000475  0.000000  0.000000  0.000000  2.000000  
20.798050 0.009054  0.098865  -0.003789  0.984032  0.176945  -0.019250  -0.177111  0.984164  -0.007258  0.017661  0.010551  0.999788  0.000575  0.000408  -0.000499  0.000000  0.000000  0.000000  2.000000  
20.799058 0.009055  0.098866  -0.003789  0.984032  0.176945  -0.019250  -0.177111  0.984164  -0.007258  0.017661  0.010551  0.999788  0.000609  0.000488  -0.000541  0.000000  0.000000  0.000000  2.000000  
20.800310 0.009056  0.098867  -0.003790  0.984032  0.176948  -0.019228  -0.177111  0.984165  -0.007138  0.017661  0.010430  0.999790  0.000681  0.000545  -0.000531  0.000000  0.000000  0.000000  2.000000  
20.801555 0.009057  0.098868  -0.003790  0.983996  0.177153  -0.019208  -0.177314  0.984129  -0.007015  0.017661  0.010308  0.999791  0.000732  0.000629  -0.000498  0.000000  0.000000  0.000000  2.000000  
20.802804 0.009058  0.098869  -0.003790  0.983996  0.177155  -0.019187  -0.177314  0.984130  -0.006895  0.017661  0.010187  0.999792  0.000736  0.000651  -0.000435  0.000000  0.000000  0.000000  2.000000  
20.804054 0.009059  0.098871  -0.003789  0.983959  0.177358  -0.019188  -0.177516  0.984094  -0.006892  0.017661  0.010187  0.999792  0.000782  0.000729  -0.000330  0.000000  0.000000  0.000000  2.000000  
20.805307 0.009060  0.098871  -0.003789  0.983959  0.177360  -0.019166  -0.177516  0.984095  -0.006772  0.017661  0.010066  0.999793  0.000743  0.000723  -0.000258  0.000000  0.000000  0.000000  2.000000  
20.806552 0.009060  0.098872  -0.003789  0.983959  0.177360  -0.019166  -0.177516  0.984095  -0.006772  0.017661  0.010066  0.999793  0.000716  0.000744  -0.000160  0.000000  0.000000  0.000000  2.000000  
20.807800 0.009060  0.098873  -0.003789  0.983923  0.177565  -0.019146  -0.177719  0.984059  -0.006649  0.017661  0.009945  0.999795  0.000649  0.000708  -0.000111  0.000000  0.000000  0.000000  2.000000  
20.808804 0.009060  0.098873  -0.003789  0.983923  0.177565  -0.019146  -0.177719  0.984059  -0.006649  0.017661  0.009945  0.999795  0.000614  0.000672  -0.000056  0.000000  0.000000  0.000000  2.000000  
20.810050 0.009060  0.098873  -0.003788  0.983923  0.177567  -0.019125  -0.177719  0.984060  -0.006530  0.017661  0.009823  0.999796  0.000549  0.000638  -0.000010  0.000000  0.000000  0.000000  2.000000  
20.811054 0.009060  0.098873  -0.003788  0.983886  0.177770  -0.019126  -0.177921  0.984023  -0.006526  0.017661  0.009823  0.999796  0.000507  0.000611  0.000002  0.000000  0.000000  0.000000  2.000000  
20.812055 0.009060  0.098873  -0.003788  0.983886  0.177772  -0.019105  -0.177921  0.984024  -0.006406  0.017661  0.009702  0.999797  0.000469  0.000574  0.000059  0.000000  0.000000  0.000000  2.000000  
20.813316 0.009060  0.098872  -0.003788  0.983886  0.177772  -0.019105  -0.177921  0.984024  -0.006406  0.017661  0.009702  0.999797  0.000367  0.000487  0.000028  0.000000  0.000000  0.000000  2.000000  
20.814552 0.009059  0.098872  -0.003789  0.983850  0.177977  -0.019084  -0.178124  0.983988  -0.006283  0.017661  0.009581  0.999798  0.000256  0.000372  0.000041  0.000000  0.000000  0.000000  2.000000  
20.815556 0.009059  0.098871  -0.003789  0.983850  0.177977  -0.019084  -0.178124  0.983988  -0.006283  0.017661  0.009581  0.999798  0.000206  0.000275  0.000053  0.000000  0.000000  0.000000  2.000000  
20.816805 0.009058  0.098871  -0.003789  0.983847  0.177978  -0.019194  -0.178124  0.983989  -0.006140  0.017794  0.009460  0.999797  0.000058  0.000140  0.000079  0.000000  0.000000  0.000000  2.000000  
20.817805 0.009058  0.098870  -0.003789  0.983811  0.178181  -0.019196  -0.178326  0.983952  -0.006136  0.017794  0.009460  0.999797  -0.000031  0.000049  0.000014  0.000000  0.000000  0.000000  2.000000  
20.819054 0.009057  0.098869  -0.003789  0.983811  0.178181  -0.019196  -0.178326  0.983952  -0.006136  0.017794  0.009460  0.999797  -0.000167  -0.000089  0.000005  0.000000  0.000000  0.000000  2.000000  
20.820055 0.009056  0.098868  -0.003790  0.983811  0.178181  -0.019196  -0.178326  0.983952  -0.006136  0.017794  0.009460  0.999797  -0.000238  -0.000226  -0.000039  0.000000  0.000000  0.000000  2.000000  
20.821307 0.009055  0.098867  -0.003790  0.983811  0.178181  -0.019196  -0.178326  0.983952  -0.006136  0.017794  0.009460  0.999797  -0.000360  -0.000366  -0.000082  0.000000  0.000000  0.000000  2.000000  
20.822312 0.009054  0.098866  -0.003791  0.983774  0.178383  -0.019197  -0.178529  0.983916  -0.006132  0.017794  0.009460  0.999797  -0.000449  -0.000457  -0.000147  0.000000  0.000000  0.000000  2.000000  
20.823319 0.009052  0.098865  -0.003792  0.983774  0.178383  -0.019197  -0.178529  0.983916  -0.006132  0.017794  0.009460  0.999797  -0.000538  -0.000547  -0.000212  0.000000  0.000000  0.000000  2.000000  
20.824552 0.009051  0.098863  -0.003793  0.983774  0.178383  -0.019197  -0.178529  0.983916  -0.006132  0.017794  0.009460  0.999797  -0.000634  -0.000660  -0.000328  0.000000  0.000000  0.000000  2.000000  
20.825554 0.009049  0.098861  -0.003794  0.983771  0.178382  -0.019328  -0.178528  0.983916  -0.006108  0.017928  0.009460  0.999795  -0.000733  -0.000762  -0.000398  0.000000  0.000000  0.000000  2.000000  
20.826554 0.009048  0.098861  -0.003795  0.983771  0.178382  -0.019328  -0.178528  0.983916  -0.006108  0.017928  0.009460  0.999795  -0.000793  -0.000822  -0.000442  0.000000  0.000000  0.000000  2.000000  
20.827800 0.009047  0.098859  -0.003796  0.983771  0.178382  -0.019328  -0.178528  0.983916  -0.006108  0.017928  0.009460  0.999795  -0.000846  -0.000924  -0.000522  0.000000  0.000000  0.000000  2.000000  
20.828802 0.009047  0.098858  -0.003797  0.983735  0.178585  -0.019330  -0.178731  0.983879  -0.006104  0.017928  0.009460  0.999795  -0.000875  -0.000954  -0.000544  0.000000  0.000000  0.000000  2.000000  
20.829803 0.009046  0.098857  -0.003798  0.983735  0.178585  -0.019330  -0.178731  0.983879  -0.006104  0.017928  0.009460  0.999795  -0.000916  -0.000980  -0.000619  0.000000  0.000000  0.000000  2.000000  
20.831051 0.009045  0.098856  -0.003799  0.983732  0.178583  -0.019461  -0.178730  0.983879  -0.006080  0.018062  0.009459  0.999792  -0.000959  -0.001023  -0.000651  0.000000  0.000000  0.000000  2.000000  
20.832058 0.009044  0.098854  -0.003800  0.983732  0.178583  -0.019461  -0.178730  0.983879  -0.006080  0.018062  0.009459  0.999792  -0.000999  -0.001130  -0.000764  0.000000  0.000000  0.000000  2.000000  
20.833320 0.009043  0.098853  -0.003802  0.983732  0.178583  -0.019461  -0.178730  0.983879  -0.006080  0.018062  0.009459  0.999792  -0.001015  -0.001162  -0.000819  0.000000  0.000000  0.000000  2.000000  
20.834323 0.009042  0.098851  -0.003802  0.983732  0.178583  -0.019461  -0.178730  0.983879  -0.006080  0.018062  0.009459  0.999792  -0.000988  -0.001167  -0.000887  0.000000  0.000000  0.000000  2.000000  
20.835575 0.009041  0.098850  -0.003804  0.983693  0.178782  -0.019616  -0.178932  0.983842  -0.006171  0.018196  0.009581  0.999789  -0.000975  -0.001170  -0.000921  0.000000  0.000000  0.000000  2.000000  
20.836805 0.009040  0.098848  -0.003806  0.983693  0.178782  -0.019616  -0.178932  0.983842  -0.006171  0.018196  0.009581  0.999789  -0.000928  -0.001204  -0.001014  0.000000  0.000000  0.000000  2.000000  
20.838053 0.009039  0.098847  -0.003807  0.983693  0.178782  -0.019616  -0.178932  0.983842  -0.006171  0.018196  0.009581  0.999789  -0.000886  -0.001178  -0.001027  0.000000  0.000000  0.000000  2.000000  
20.839055 0.009039  0.098846  -0.003808  0.983693  0.178782  -0.019616  -0.178932  0.983842  -0.006171  0.018196  0.009581  0.999789  -0.000833  -0.001173  -0.001029  0.000000  0.000000  0.000000  2.000000  
20.840308 0.009038  0.098845  -0.003809  0.983693  0.178782  -0.019616  -0.178932  0.983842  -0.006171  0.018196  0.009581  0.999789  -0.000761  -0.001115  -0.001019  0.000000  0.000000  0.000000  2.000000  
20.841552 0.009037  0.098844  -0.003810  0.983693  0.178780  -0.019638  -0.178932  0.983841  -0.006291  0.018196  0.009702  0.999787  -0.000748  -0.001097  -0.001002  0.000000  0.000000  0.000000  2.000000  
20.842554 0.009037  0.098844  -0.003811  0.983691  0.178779  -0.019769  -0.178932  0.983841  -0.006267  0.018329  0.009702  0.999785  -0.000720  -0.001008  -0.000996  0.000000  0.000000  0.000000  2.000000  
20.843554 0.009037  0.098843  -0.003811  0.983654  0.178981  -0.019770  -0.179134  0.983805  -0.006263  0.018329  0.009702  0.999785  -0.000695  -0.000995  -0.001013  0.000000  0.000000  0.000000  2.000000  
20.844800 0.009037  0.098844  -0.003812  0.983654  0.178981  -0.019770  -0.179134  0.983805  -0.006263  0.018329  0.009702  0.999785  -0.000617  -0.000883  -0.000959  0.000000  0.000000  0.000000  2.000000  
20.845802 0.009036  0.098843  -0.003812  0.983654  0.178981  -0.019770  -0.179134  0.983805  -0.006263  0.018329  0.009702  0.999785  -0.000558  -0.000824  -0.000917  0.000000  0.000000  0.000000  2.000000  
20.847056 0.009036  0.098843  -0.003813  0.983654  0.178979  -0.019792  -0.179134  0.983804  -0.006382  0.018329  0.009823  0.999784  -0.000518  -0.000719  -0.000894  0.000000  0.000000  0.000000  2.000000  
20.848301 0.009036  0.098843  -0.003814  0.983651  0.178977  -0.019924  -0.179134  0.983804  -0.006358  0.018463  0.009823  0.999781  -0.000431  -0.000630  -0.000831  0.000000  0.000000  0.000000  2.000000  
20.849312 0.009036  0.098843  -0.003814  0.983615  0.179180  -0.019925  -0.179337  0.983767  -0.006354  0.018463  0.009823  0.999781  -0.000394  -0.000545  -0.000764  0.000000  0.000000  0.000000  2.000000  
20.850319 0.009036  0.098843  -0.003814  0.983615  0.179180  -0.019925  -0.179337  0.983767  -0.006354  0.018463  0.009823  0.999781  -0.000311  -0.000463  -0.000712  0.000000  0.000000  0.000000  2.000000  
20.851556 0.009036  0.098843  -0.003815  0.983615  0.179178  -0.019947  -0.179337  0.983766  -0.006473  0.018463  0.009944  0.999780  -0.000286  -0.000403  -0.000689  0.000000  0.000000  0.000000  2.000000  
20.852559 0.009036  0.098843  -0.003815  0.983615  0.179178  -0.019947  -0.179337  0.983766  -0.006473  0.018463  0.009944  0.999780  -0.000207  -0.000259  -0.000555  0.000000  0.000000  0.000000  2.000000  
20.853804 0.009037  0.098844  -0.003815  0.983575  0.179379  -0.020080  -0.179539  0.983730  -0.006445  0.018597  0.009944  0.999778  -0.000127  -0.000146  -0.000500  0.000000  0.000000  0.000000  2.000000  
20.854805 0.009037  0.098844  -0.003816  0.983575  0.179379  -0.020080  -0.179539  0.983730  -0.006445  0.018597  0.009944  0.999778  -0.000055  -0.000088  -0.000491  0.000000  0.000000  0.000000  2.000000  
20.856054 0.009038  0.098844  -0.003816  0.983575  0.179379  -0.020080  -0.179539  0.983730  -0.006445  0.018597  0.009944  0.999778  0.000047  -0.000001  -0.000453  0.000000  0.000000  0.000000  2.000000  
20.857306 0.009039  0.098845  -0.003816  0.983575  0.179379  -0.020080  -0.179539  0.983730  -0.006445  0.018597  0.009944  0.999778  0.000137  0.000090  -0.000395  0.000000  0.000000  0.000000  2.000000  
20.858314 0.009040  0.098846  -0.003817  0.983538  0.179581  -0.020081  -0.179741  0.983693  -0.006441  0.018597  0.009944  0.999778  0.000176  0.000115  -0.000401  0.000000  0.000000  0.000000  2.000000  
20.859552 0.009041  0.098846  -0.003817  0.983536  0.179578  -0.020234  -0.179741  0.983692  -0.006536  0.018731  0.010066  0.999774  0.000286  0.000178  -0.000360  0.000000  0.000000  0.000000  2.000000  
20.860553 0.009042  0.098847  -0.003818  0.983536  0.179578  -0.020234  -0.179741  0.983692  -0.006536  0.018731  0.010066  0.999774  0.000357  0.000235  -0.000351  0.000000  0.000000  0.000000  2.000000  
20.861800 0.009043  0.098848  -0.003818  0.983499  0.179780  -0.020236  -0.179943  0.983655  -0.006532  0.018731  0.010066  0.999774  0.000462  0.000306  -0.000281  0.000000  0.000000  0.000000  2.000000  
20.862802 0.009043  0.098848  -0.003818  0.983499  0.179780  -0.020236  -0.179943  0.983655  -0.006532  0.018731  0.010066  0.999774  0.000509  0.000324  -0.000322  0.000000  0.000000  0.000000  2.000000  
20.864056 0.009045  0.098849  -0.003819  0.983499  0.179780  -0.020236  -0.179943  0.983655  -0.006532  0.018731  0.010066  0.999774  0.000580  0.000381  -0.000313  0.000000  0.000000  0.000000  2.000000  
20.865328 0.009046  0.098850  -0.003819  0.983462  0.179983  -0.020237  -0.180146  0.983618  -0.006528  0.018731  0.010066  0.999774  0.000648  0.000447  -0.000275  0.000000  0.000000  0.000000  2.000000  
20.866554 0.009047  0.098850  -0.003819  0.983462  0.179983  -0.020237  -0.180146  0.983618  -0.006528  0.018731  0.010066  0.999774  0.000710  0.000497  -0.000262  0.000000  0.000000  0.000000  2.000000  
20.867559 0.009048  0.098851  -0.003819  0.983459  0.179981  -0.020369  -0.180145  0.983619  -0.006504  0.018864  0.010066  0.999771  0.000761  0.000501  -0.000264  0.000000  0.000000  0.000000  2.000000  
20.868561 0.009049  0.098851  -0.003820  0.983422  0.180184  -0.020370  -0.180348  0.983581  -0.006500  0.018864  0.010066  0.999771  0.000795  0.000483  -0.000292  0.000000  0.000000  0.000000  2.000000  
20.869804 0.009050  0.098852  -0.003820  0.983422  0.180184  -0.020370  -0.180348  0.983581  -0.006500  0.018864  0.010066  0.999771  0.000854  0.000531  -0.000278  0.000000  0.000000  0.000000  2.000000  
20.870804 0.009051  0.098852  -0.003821  0.983422  0.180184  -0.020370  -0.180348  0.983581  -0.006500  0.018864  0.010066  0.999771  0.000839  0.000510  -0.000304  0.000000  0.000000  0.000000  2.000000  
20.871805 0.009052  0.098853  -0.003821  0.983385  0.180386  -0.020371  -0.180550  0.983544  -0.006496  0.018864  0.010066  0.999771  0.000877  0.000517  -0.000272  0.000000  0.000000  0.000000  2.000000  
20.873054 0.009053  0.098853  -0.003821  0.983382  0.180385  -0.020503  -0.180550  0.983545  -0.006471  0.018998  0.010066  0.999769  0.000878  0.000517  -0.000273  0.000000  0.000000  0.000000  2.000000  
20.874317 0.009054  0.098854  -0.003821  0.983345  0.180587  -0.020504  -0.180752  0.983507  -0.006467  0.018998  0.010066  0.999769  0.000899  0.000490  -0.000296  0.000000  0.000000  0.000000  2.000000  
20.875553 0.009055  0.098854  -0.003822  0.983345  0.180587  -0.020504  -0.180752  0.983507  -0.006467  0.018998  0.010066  0.999769  0.000900  0.000491  -0.000296  0.000000  0.000000  0.000000  2.000000  
20.876554 0.009055  0.098854  -0.003823  0.983345  0.180587  -0.020504  -0.180752  0.983507  -0.006467  0.018998  0.010066  0.999769  0.000840  0.000430  -0.000340  0.000000  0.000000  0.000000  2.000000  
20.877800 0.009056  0.098854  -0.003823  0.983308  0.180787  -0.020528  -0.180954  0.983469  -0.006582  0.018998  0.010187  0.999768  0.000836  0.000400  -0.000324  0.000000  0.000000  0.000000  2.000000  
