1-Time 2-Px 3-Py 4-Pz 5-R11 6-R21 7-R31 8-R12 9-R22 10-R32 11-R13 12-R23 13-R33 14-Vx 15-Vy 16-Vz 17-Wx 18-Wy 19-Wz 20-state 21-PR11 22-PR21 23-PR31 24-PR12 25-PR22 26-PR32 27-PR13 28-PR23 29-PR33 
19.685955 0.007762  0.096830  -0.012383  0.993583  0.112915  0.006582  -0.112986  0.993528  0.011703  -0.005218  -0.012372  0.999910  0.000153  0.000242  0.000097  0.000000  0.000000  0.000000  2.000000  
19.686961 0.007762  0.096830  -0.012383  0.993583  0.112915  0.006582  -0.112986  0.993528  0.011703  -0.005218  -0.012372  0.999910  0.000153  0.000242  0.000097  0.000000  0.000000  0.000000  2.000000  
19.688214 0.007764  0.096830  -0.012383  0.993513  0.113528  0.006589  -0.113599  0.993458  0.011699  -0.005218  -0.012372  0.999910  0.000274  0.000278  0.000140  0.000000  0.000000  0.000000  2.000000  
19.689461 0.007766  0.096831  -0.012383  0.993442  0.114140  0.006730  -0.114213  0.993388  0.011680  -0.005352  -0.012372  0.999909  0.000401  0.000307  0.000144  0.000000  0.000000  0.000000  2.000000  
19.690470 0.007768  0.096831  -0.012382  0.993394  0.114547  0.006881  -0.114622  0.993339  0.011782  -0.005486  -0.012493  0.999907  0.000538  0.000325  0.000198  0.000000  0.000000  0.000000  2.000000  
19.691707 0.007770  0.096830  -0.012383  0.993370  0.114751  0.006884  -0.114826  0.993316  0.011781  -0.005486  -0.012493  0.999907  0.000703  0.000232  0.000147  0.000000  0.000000  0.000000  2.000000  
19.692709 0.007773  0.096831  -0.012383  0.993300  0.115366  0.006758  -0.115440  0.993244  0.011792  -0.005352  -0.012493  0.999908  0.000878  0.000293  0.000138  0.000000  0.000000  0.000000  2.000000  
19.693711 0.007776  0.096832  -0.012382  0.993229  0.115981  0.006632  -0.116053  0.993173  0.011803  -0.005218  -0.012493  0.999908  0.001050  0.000332  0.000174  0.000000  0.000000  0.000000  2.000000  
19.694955 0.007779  0.096833  -0.012382  0.993110  0.117004  0.006526  -0.117076  0.993051  0.011933  -0.005084  -0.012614  0.999908  0.001245  0.000345  0.000182  0.000000  0.000000  0.000000  2.000000  
19.696209 0.007782  0.096834  -0.012382  0.992990  0.118028  0.006405  -0.118098  0.992930  0.011942  -0.004951  -0.012614  0.999908  0.001456  0.000379  0.000172  0.000000  0.000000  0.000000  2.000000  
19.697458 0.007786  0.096835  -0.012382  0.992867  0.119049  0.006550  -0.119120  0.992808  0.011919  -0.005084  -0.012614  0.999908  0.001691  0.000438  0.000120  0.007142  0.006572  0.193814  2.000000  
19.698703 0.007791  0.096838  -0.012382  0.992744  0.120070  0.006577  -0.120142  0.992684  0.012033  -0.005084  -0.012736  0.999906  0.002005  0.000566  0.000147  0.011039  0.006127  0.228429  2.000000  
19.699704 0.007794  0.096839  -0.012381  0.992644  0.120885  0.006720  -0.120959  0.992585  0.012011  -0.005218  -0.012736  0.999905  0.002230  0.000686  0.000215  0.010878  0.001283  0.256069  2.000000  
19.700705 0.007798  0.096841  -0.012380  0.992519  0.121907  0.006732  -0.121981  0.992460  0.012004  -0.005218  -0.012736  0.999905  0.002423  0.000777  0.000263  0.010693  0.000848  0.290612  2.000000  
19.701708 0.007801  0.096843  -0.012380  0.992419  0.122725  0.006624  -0.122799  0.992357  0.012136  -0.005084  -0.012857  0.999904  0.002637  0.000855  0.000263  0.014645  0.004978  0.318347  2.000000  
19.702711 0.007805  0.096845  -0.012379  0.992318  0.123544  0.006502  -0.123616  0.992256  0.012147  -0.004951  -0.012857  0.999905  0.002877  0.001002  0.000224  0.014486  0.009036  0.352932  2.000000  
19.703959 0.007810  0.096847  -0.012380  0.992165  0.124771  0.006384  -0.124842  0.992102  0.012155  -0.004817  -0.012857  0.999906  0.002983  0.001092  0.000193  0.014299  0.013009  0.394529  2.000000  
19.704962 0.007813  0.096848  -0.012379  0.992062  0.125587  0.006409  -0.125659  0.991998  0.012270  -0.004817  -0.012978  0.999904  0.003125  0.001216  0.000213  0.018264  0.008139  0.422160  2.000000  
19.706206 0.007817  0.096849  -0.012379  0.991932  0.126608  0.006422  -0.126680  0.991868  0.012264  -0.004817  -0.012978  0.999904  0.003217  0.001228  0.000180  0.017944  0.007638  0.453059  2.000000  
19.707210 0.007821  0.096849  -0.012380  0.991827  0.127423  0.006564  -0.127496  0.991763  0.012241  -0.004951  -0.012978  0.999904  0.003332  0.001228  0.000185  0.017923  0.002854  0.484480  2.000000  
19.708461 0.007828  0.096850  -0.012379  0.991695  0.128444  0.006577  -0.128517  0.991632  0.012235  -0.004951  -0.012978  0.999904  0.003499  0.001173  0.000172  0.017740  0.002415  0.518864  2.000000  
19.709465 0.007831  0.096850  -0.012380  0.991589  0.129261  0.006587  -0.129334  0.991526  0.012229  -0.004951  -0.012978  0.999904  0.003571  0.001150  0.000138  0.017563  0.001976  0.553420  2.000000  
19.710708 0.007835  0.096849  -0.012380  0.991482  0.130077  0.006597  -0.130150  0.991419  0.012224  -0.004951  -0.012978  0.999904  0.003607  0.001017  0.000135  0.017426  0.001626  0.581216  2.000000  
19.711955 0.007839  0.096847  -0.012381  0.991402  0.130691  0.006472  -0.130763  0.991338  0.012237  -0.004817  -0.012978  0.999904  0.003648  0.000832  0.000086  0.017363  0.005859  0.602083  2.000000  
19.712959 0.007843  0.096845  -0.012382  0.991294  0.131508  0.006482  -0.131579  0.991230  0.012232  -0.004817  -0.012978  0.999904  0.003668  0.000586  -0.000014  0.017092  0.005466  0.624943  2.000000  
19.714204 0.007848  0.096844  -0.012383  0.991185  0.132325  0.006476  -0.132395  0.991123  0.012106  -0.004817  -0.012857  0.999906  0.003660  0.000349  -0.000137  0.013014  0.005200  0.657716  2.000000  
19.715205 0.007850  0.096842  -0.012384  0.991103  0.132937  0.006484  -0.133008  0.991041  0.012102  -0.004817  -0.012857  0.999906  0.003601  0.000064  -0.000255  0.012809  0.004899  0.673173  2.000000  
19.716208 0.007853  0.096840  -0.012385  0.991048  0.133343  0.006621  -0.133416  0.990987  0.012082  -0.004951  -0.012857  0.999905  0.003542  -0.000168  -0.000367  0.012684  0.000262  0.686327  2.000000  
19.717458 0.007856  0.096838  -0.012386  0.990965  0.133955  0.006629  -0.134028  0.990904  0.012078  -0.004951  -0.012857  0.999905  0.003427  -0.000486  -0.000436  0.012616  0.000089  0.700163  2.000000  
19.718704 0.007858  0.096836  -0.012387  0.990910  0.134364  0.006617  -0.134436  0.990850  0.011955  -0.004951  -0.012736  0.999907  0.003280  -0.000737  -0.000522  0.008606  0.000218  0.693236  2.000000  
19.719709 0.007859  0.096834  -0.012388  0.990854  0.134771  0.006739  -0.134844  0.990796  0.011814  -0.005084  -0.012614  0.999908  0.003147  -0.000944  -0.000561  0.004543  0.000349  0.692036  2.000000  
19.720958 0.007859  0.096830  -0.012389  0.990798  0.135179  0.006743  -0.135251  0.990741  0.011811  -0.005084  -0.012614  0.999908  0.002832  -0.001268  -0.000687  0.000420  0.004804  0.692106  2.000000  
19.721958 0.007859  0.096828  -0.012391  0.990742  0.135588  0.006732  -0.135659  0.990687  0.011688  -0.005084  -0.012493  0.999909  0.002537  -0.001443  -0.000761  -0.003694  0.004759  0.699004  2.000000  
19.722959 0.007859  0.096825  -0.012392  0.990715  0.135792  0.006718  -0.135863  0.990660  0.011567  -0.005084  -0.012372  0.999911  0.002257  -0.001590  -0.000828  -0.007589  0.000473  0.679455  2.000000  
19.724208 0.007858  0.096823  -0.012393  0.990686  0.135996  0.006836  -0.136067  0.990634  0.011427  -0.005218  -0.012251  0.999911  0.001803  -0.001822  -0.000926  -0.011546  -0.012637  0.657618  2.000000  
19.725217 0.007856  0.096820  -0.012395  0.990658  0.136200  0.006822  -0.136271  0.990607  0.011305  -0.005218  -0.012129  0.999913  0.001413  -0.001984  -0.001017  -0.019540  -0.016866  0.636293  2.000000  
19.726463 0.007854  0.096817  -0.012396  0.990602  0.136609  0.006810  -0.136679  0.990552  0.011182  -0.005218  -0.012008  0.999914  0.001037  -0.002014  -0.001071  -0.023547  -0.016658  0.622495  2.000000  
19.727708 0.007851  0.096814  -0.012398  0.990573  0.136813  0.006912  -0.136883  0.990527  0.010922  -0.005352  -0.011765  0.999916  0.000525  -0.002099  -0.001087  -0.035429  -0.016151  0.590071  2.000000  
19.728710 0.007848  0.096812  -0.012400  0.990573  0.136814  0.006895  -0.136883  0.990528  0.010802  -0.005352  -0.011644  0.999918  0.000127  -0.002179  -0.001152  -0.039613  -0.015825  0.560287  2.000000  
19.729958 0.007845  0.096809  -0.012402  0.990545  0.137019  0.006881  -0.137087  0.990501  0.010681  -0.005352  -0.011523  0.999919  -0.000381  -0.002222  -0.001258  -0.043544  -0.010874  0.525737  2.000000  
19.731207 0.007841  0.096806  -0.012404  0.990545  0.137020  0.006847  -0.137087  0.990504  0.010440  -0.005352  -0.011280  0.999922  -0.000786  -0.002240  -0.001275  -0.055143  -0.014883  0.493972  2.000000  
19.732454 0.007837  0.096803  -0.012407  0.990516  0.137225  0.006833  -0.137291  0.990477  0.010319  -0.005352  -0.011159  0.999923  -0.001256  -0.002330  -0.001397  -0.059482  -0.019063  0.463544  2.000000  
19.733458 0.007833  0.096801  -0.012409  0.990516  0.137226  0.006816  -0.137291  0.990478  0.010199  -0.005352  -0.011038  0.999925  -0.001675  -0.002371  -0.001446  -0.062887  -0.018547  0.432215  2.000000  
19.734469 0.007830  0.096798  -0.012411  0.990488  0.137431  0.006802  -0.137495  0.990451  0.010077  -0.005352  -0.010916  0.999926  -0.001937  -0.002387  -0.001547  -0.070832  -0.022759  0.411523  2.000000  
19.735703 0.007825  0.096795  -0.012413  0.990487  0.137430  0.006918  -0.137495  0.990453  0.009938  -0.005486  -0.010795  0.999927  -0.002287  -0.002363  -0.001588  -0.074728  -0.026787  0.377165  2.000000  
19.736711 0.007821  0.096793  -0.012416  0.990487  0.137431  0.006901  -0.137495  0.990454  0.009818  -0.005486  -0.010674  0.999928  -0.002576  -0.002352  -0.001715  -0.079239  -0.026574  0.345664  2.000000  
19.737959 0.007816  0.096790  -0.012419  0.990487  0.137432  0.006884  -0.137495  0.990455  0.009698  -0.005486  -0.010552  0.999929  -0.002859  -0.002352  -0.001792  -0.082570  -0.021568  0.315657  2.000000  
19.739208 0.007812  0.096788  -0.012422  0.990458  0.137636  0.006985  -0.137698  0.990429  0.009438  -0.005620  -0.010310  0.999931  -0.003063  -0.002302  -0.001903  -0.090496  -0.025660  0.288006  2.000000  
19.740208 0.007809  0.096786  -0.012423  0.990458  0.137637  0.006969  -0.137698  0.990430  0.009318  -0.005620  -0.010189  0.999932  -0.003120  -0.002224  -0.001910  -0.095160  -0.025530  0.262666  2.000000  
19.741211 0.007806  0.096786  -0.012425  0.990458  0.137638  0.006952  -0.137698  0.990431  0.009198  -0.005620  -0.010067  0.999934  -0.003231  -0.002141  -0.001950  -0.099124  -0.025274  0.241902  2.000000  
19.742464 0.007803  0.096785  -0.012427  0.990458  0.137638  0.006935  -0.137698  0.990433  0.009078  -0.005620  -0.009946  0.999935  -0.003235  -0.001995  -0.002010  -0.103012  -0.029431  0.214118  2.000000  
19.743707 0.007802  0.096785  -0.012428  0.990458  0.137639  0.006919  -0.137698  0.990434  0.008958  -0.005620  -0.009825  0.999936  -0.003092  -0.001782  -0.001923  -0.106129  -0.028949  0.191830  2.000000  
19.744709 0.007801  0.096785  -0.012430  0.990458  0.137640  0.006902  -0.137698  0.990435  0.008837  -0.005620  -0.009703  0.999937  -0.002960  -0.001618  -0.001876  0.000000  0.000000  0.000000  2.000000  
19.745955 0.007800  0.096785  -0.012431  0.990458  0.137640  0.007001  -0.137698  0.990437  0.008579  -0.005753  -0.009461  0.999939  -0.002792  -0.001479  -0.001764  0.000000  0.000000  0.000000  2.000000  
19.747211 0.007800  0.096784  -0.012432  0.990429  0.137845  0.006986  -0.137902  0.990410  0.008457  -0.005753  -0.009340  0.999940  -0.002530  -0.001253  -0.001717  0.000000  0.000000  0.000000  2.000000  
19.748458 0.007801  0.096785  -0.012433  0.990428  0.137845  0.007102  -0.137902  0.990411  0.008319  -0.005887  -0.009218  0.999940  -0.002163  -0.001024  -0.001640  0.000000  0.000000  0.000000  2.000000  
19.749459 0.007802  0.096785  -0.012434  0.990428  0.137846  0.007085  -0.137902  0.990412  0.008198  -0.005887  -0.009097  0.999941  -0.001899  -0.000913  -0.001538  0.000000  0.000000  0.000000  2.000000  
19.750708 0.007803  0.096785  -0.012435  0.990428  0.137847  0.007068  -0.137902  0.990413  0.008078  -0.005887  -0.008976  0.999942  -0.001390  -0.000681  -0.001403  0.000000  0.000000  0.000000  2.000000  
19.751955 0.007806  0.096785  -0.012434  0.990428  0.137847  0.007052  -0.137902  0.990414  0.007958  -0.005887  -0.008854  0.999943  -0.000919  -0.000478  -0.001192  0.000000  0.000000  0.000000  2.000000  
19.752964 0.007808  0.096785  -0.012435  0.990428  0.137846  0.007184  -0.137902  0.990414  0.007940  -0.006021  -0.008854  0.999943  -0.000478  -0.000291  -0.001020  0.000000  0.000000  0.000000  2.000000  
19.754208 0.007811  0.096786  -0.012435  0.990428  0.137847  0.007168  -0.137902  0.990415  0.007820  -0.006021  -0.008733  0.999944  0.000001  -0.000101  -0.000902  0.000000  0.000000  0.000000  2.000000  
19.755209 0.007814  0.096787  -0.012436  0.990399  0.138051  0.007169  -0.138106  0.990387  0.007818  -0.006021  -0.008733  0.999944  0.000398  0.000058  -0.000798  0.000000  0.000000  0.000000  2.000000  
19.756460 0.007817  0.096787  -0.012436  0.990398  0.138051  0.007285  -0.138106  0.990388  0.007679  -0.006155  -0.008612  0.999944  0.000782  0.000136  -0.000720  0.000000  0.000000  0.000000  2.000000  
19.757463 0.007820  0.096789  -0.012436  0.990398  0.138051  0.007285  -0.138106  0.990388  0.007679  -0.006155  -0.008612  0.999944  0.001130  0.000246  -0.000557  0.000000  0.000000  0.000000  2.000000  
19.758708 0.007824  0.096790  -0.012435  0.990370  0.138255  0.007286  -0.138310  0.990359  0.007678  -0.006155  -0.008612  0.999944  0.001556  0.000385  -0.000453  0.000000  0.000000  0.000000  2.000000  
19.759958 0.007828  0.096792  -0.012435  0.990370  0.138256  0.007270  -0.138310  0.990360  0.007558  -0.006155  -0.008491  0.999945  0.001799  0.000479  -0.000340  0.000000  0.000000  0.000000  2.000000  
19.761211 0.007832  0.096794  -0.012434  0.990370  0.138256  0.007270  -0.138310  0.990360  0.007558  -0.006155  -0.008491  0.999945  0.002153  0.000648  -0.000161  0.000000  0.000000  0.000000  2.000000  
19.762468 0.007835  0.096797  -0.012433  0.990370  0.138256  0.007270  -0.138310  0.990360  0.007558  -0.006155  -0.008491  0.999945  0.002372  0.000823  -0.000007  0.000000  0.000000  0.000000  2.000000  
19.763707 0.007838  0.096798  -0.012431  0.990341  0.138460  0.007254  -0.138514  0.990333  0.007436  -0.006155  -0.008369  0.999946  0.002491  0.000896  0.000167  0.000000  0.000000  0.000000  2.000000  
19.764975 0.007841  0.096801  -0.012429  0.990341  0.138460  0.007254  -0.138514  0.990333  0.007436  -0.006155  -0.008369  0.999946  0.002585  0.001092  0.000362  0.000000  0.000000  0.000000  2.000000  
19.766204 0.007843  0.096803  -0.012427  0.990313  0.138664  0.007256  -0.138717  0.990304  0.007435  -0.006155  -0.008369  0.999946  0.002583  0.001213  0.000508  0.000000  0.000000  0.000000  2.000000  
19.767211 0.007845  0.096805  -0.012425  0.990313  0.138665  0.007239  -0.138717  0.990305  0.007315  -0.006155  -0.008248  0.999947  0.002590  0.001317  0.000665  0.000000  0.000000  0.000000  2.000000  
19.768460 0.007848  0.096808  -0.012422  0.990313  0.138665  0.007239  -0.138717  0.990305  0.007315  -0.006155  -0.008248  0.999947  0.002543  0.001485  0.000861  0.000000  0.000000  0.000000  2.000000  
19.769481 0.007849  0.096810  -0.012420  0.990313  0.138665  0.007239  -0.138717  0.990305  0.007315  -0.006155  -0.008248  0.999947  0.002486  0.001613  0.001021  0.000000  0.000000  0.000000  2.000000  
19.770711 0.007851  0.096813  -0.012418  0.990284  0.138869  0.007241  -0.138921  0.990276  0.007313  -0.006155  -0.008248  0.999947  0.002382  0.001724  0.001206  0.000000  0.000000  0.000000  2.000000  
19.771712 0.007852  0.096815  -0.012416  0.990285  0.138870  0.007108  -0.138921  0.990276  0.007332  -0.006021  -0.008248  0.999948  0.002274  0.001832  0.001391  0.000000  0.000000  0.000000  2.000000  
19.772958 0.007853  0.096817  -0.012414  0.990285  0.138870  0.007108  -0.138921  0.990276  0.007332  -0.006021  -0.008248  0.999948  0.002076  0.001854  0.001513  0.000000  0.000000  0.000000  2.000000  
19.773962 0.007854  0.096819  -0.012412  0.990285  0.138870  0.007108  -0.138921  0.990276  0.007332  -0.006021  -0.008248  0.999948  0.001930  0.001901  0.001582  0.000000  0.000000  0.000000  2.000000  
19.775210 0.007855  0.096821  -0.012410  0.990285  0.138870  0.007108  -0.138921  0.990276  0.007332  -0.006021  -0.008248  0.999948  0.001754  0.001898  0.001677  0.000000  0.000000  0.000000  2.000000  
19.776460 0.007856  0.096823  -0.012408  0.990285  0.138870  0.007108  -0.138921  0.990276  0.007332  -0.006021  -0.008248  0.999948  0.001588  0.001892  0.001735  0.000000  0.000000  0.000000  2.000000  
19.777464 0.007857  0.096824  -0.012407  0.990285  0.138870  0.007108  -0.138921  0.990276  0.007332  -0.006021  -0.008248  0.999948  0.001500  0.001861  0.001750  0.000000  0.000000  0.000000  2.000000  
19.778506 0.007858  0.096826  -0.012405  0.990285  0.138870  0.007108  -0.138921  0.990276  0.007332  -0.006021  -0.008248  0.999948  0.001336  0.001849  0.001773  0.000000  0.000000  0.000000  2.000000  
19.779711 0.007859  0.096827  -0.012403  0.990285  0.138870  0.007108  -0.138921  0.990276  0.007332  -0.006021  -0.008248  0.999948  0.001227  0.001776  0.001792  0.000000  0.000000  0.000000  2.000000  
19.780956 0.007859  0.096828  -0.012402  0.990285  0.138869  0.007125  -0.138921  0.990275  0.007452  -0.006021  -0.008369  0.999947  0.001095  0.001683  0.001699  0.000000  0.000000  0.000000  2.000000  
19.782212 0.007860  0.096829  -0.012401  0.990314  0.138665  0.007123  -0.138718  0.990304  0.007453  -0.006021  -0.008369  0.999947  0.000995  0.001543  0.001589  0.000000  0.000000  0.000000  2.000000  
19.783453 0.007861  0.096830  -0.012399  0.990314  0.138665  0.007123  -0.138718  0.990304  0.007453  -0.006021  -0.008369  0.999947  0.000908  0.001464  0.001559  0.000000  0.000000  0.000000  2.000000  
19.784469 0.007862  0.096831  -0.012397  0.990314  0.138665  0.007123  -0.138718  0.990304  0.007453  -0.006021  -0.008369  0.999947  0.000877  0.001416  0.001584  0.000000  0.000000  0.000000  2.000000  
19.785708 0.007863  0.096833  -0.012395  0.990314  0.138665  0.007123  -0.138718  0.990304  0.007453  -0.006021  -0.008369  0.999947  0.000826  0.001335  0.001551  0.000000  0.000000  0.000000  2.000000  
19.786716 0.007864  0.096834  -0.012393  0.990342  0.138461  0.007122  -0.138514  0.990332  0.007455  -0.006021  -0.008369  0.999947  0.000758  0.001248  0.001523  0.000000  0.000000  0.000000  2.000000  
19.787958 0.007865  0.096834  -0.012392  0.990342  0.138461  0.007122  -0.138514  0.990332  0.007455  -0.006021  -0.008369  0.999947  0.000746  0.001151  0.001460  0.000000  0.000000  0.000000  2.000000  
19.789208 0.007865  0.096835  -0.012390  0.990342  0.138461  0.007122  -0.138514  0.990332  0.007455  -0.006021  -0.008369  0.999947  0.000706  0.001049  0.001437  0.000000  0.000000  0.000000  2.000000  
19.790464 0.007865  0.096836  -0.012389  0.990342  0.138461  0.007122  -0.138514  0.990332  0.007455  -0.006021  -0.008369  0.999947  0.000637  0.000939  0.001349  0.000000  0.000000  0.000000  2.000000  
19.791708 0.007866  0.096836  -0.012389  0.990371  0.138258  0.007120  -0.138310  0.990361  0.007456  -0.006021  -0.008369  0.999947  0.000610  0.000855  0.001245  0.000000  0.000000  0.000000  2.000000  
19.792958 0.007866  0.096836  -0.012388  0.990371  0.138258  0.007120  -0.138310  0.990361  0.007456  -0.006021  -0.008369  0.999947  0.000571  0.000732  0.001148  0.000000  0.000000  0.000000  2.000000  
19.794207 0.007866  0.096837  -0.012388  0.990371  0.138258  0.007120  -0.138310  0.990361  0.007456  -0.006021  -0.008369  0.999947  0.000513  0.000696  0.001062  0.000000  0.000000  0.000000  2.000000  
19.795462 0.007867  0.096837  -0.012388  0.990399  0.138054  0.007119  -0.138106  0.990389  0.007458  -0.006021  -0.008369  0.999947  0.000517  0.000660  0.000931  0.000000  0.000000  0.000000  2.000000  
19.796706 0.007867  0.096837  -0.012388  0.990399  0.138054  0.007119  -0.138106  0.990389  0.007458  -0.006021  -0.008369  0.999947  0.000437  0.000572  0.000832  0.000000  0.000000  0.000000  2.000000  
19.797709 0.007867  0.096838  -0.012389  0.990399  0.138054  0.007119  -0.138106  0.990389  0.007458  -0.006021  -0.008369  0.999947  0.000402  0.000531  0.000672  0.000000  0.000000  0.000000  2.000000  
19.798957 0.007867  0.096837  -0.012390  0.990399  0.138054  0.007119  -0.138106  0.990389  0.007458  -0.006021  -0.008369  0.999947  0.000345  0.000438  0.000500  0.000000  0.000000  0.000000  2.000000  
19.800210 0.007867  0.096838  -0.012390  0.990399  0.138054  0.007119  -0.138106  0.990389  0.007458  -0.006021  -0.008369  0.999947  0.000319  0.000374  0.000349  0.000000  0.000000  0.000000  2.000000  
19.801458 0.007868  0.096838  -0.012390  0.990399  0.138054  0.007119  -0.138106  0.990389  0.007458  -0.006021  -0.008369  0.999947  0.000248  0.000279  0.000210  0.000000  0.000000  0.000000  2.000000  
19.802467 0.007868  0.096838  -0.012390  0.990399  0.138054  0.007119  -0.138106  0.990389  0.007458  -0.006021  -0.008369  0.999947  0.000204  0.000245  0.000090  0.000000  0.000000  0.000000  2.000000  
19.803469 0.007868  0.096838  -0.012390  0.990399  0.138054  0.007119  -0.138106  0.990389  0.007458  -0.006021  -0.008369  0.999947  0.000216  0.000242  0.000053  0.000000  0.000000  0.000000  2.000000  
19.804472 0.007868  0.096838  -0.012391  0.990399  0.138054  0.007119  -0.138106  0.990389  0.007458  -0.006021  -0.008369  0.999947  0.000208  0.000209  -0.000041  0.000000  0.000000  0.000000  2.000000  
19.805709 0.007868  0.096838  -0.012391  0.990399  0.138054  0.007119  -0.138106  0.990389  0.007458  -0.006021  -0.008369  0.999947  0.000201  0.000176  -0.000135  0.000000  0.000000  0.000000  2.000000  
19.806958 0.007868  0.096838  -0.012391  0.990399  0.138054  0.007119  -0.138106  0.990389  0.007458  -0.006021  -0.008369  0.999947  0.000168  0.000145  -0.000153  0.000000  0.000000  0.000000  2.000000  
19.807958 0.007868  0.096839  -0.012392  0.990399  0.138054  0.007119  -0.138106  0.990389  0.007458  -0.006021  -0.008369  0.999947  0.000154  0.000137  -0.000258  0.000000  0.000000  0.000000  2.000000  
19.808958 0.007868  0.096839  -0.012392  0.990399  0.138054  0.007119  -0.138106  0.990389  0.007458  -0.006021  -0.008369  0.999947  0.000164  0.000114  -0.000249  0.000000  0.000000  0.000000  2.000000  
19.809958 0.007869  0.096839  -0.012392  0.990399  0.138054  0.007119  -0.138106  0.990389  0.007458  -0.006021  -0.008369  0.999947  0.000152  0.000116  -0.000213  0.000000  0.000000  0.000000  2.000000  
19.811211 0.007869  0.096840  -0.012392  0.990399  0.138054  0.007119  -0.138106  0.990389  0.007458  -0.006021  -0.008369  0.999947  0.000185  0.000166  -0.000238  0.000000  0.000000  0.000000  2.000000  
19.812459 0.007870  0.096840  -0.012392  0.990399  0.138054  0.007119  -0.138106  0.990389  0.007458  -0.006021  -0.008369  0.999947  0.000221  0.000168  -0.000205  0.000000  0.000000  0.000000  2.000000  
19.813465 0.007870  0.096840  -0.012393  0.990399  0.138054  0.007119  -0.138106  0.990389  0.007458  -0.006021  -0.008369  0.999947  0.000215  0.000195  -0.000217  0.000000  0.000000  0.000000  2.000000  
19.814469 0.007871  0.096841  -0.012393  0.990399  0.138054  0.007119  -0.138106  0.990389  0.007458  -0.006021  -0.008369  0.999947  0.000245  0.000223  -0.000196  0.000000  0.000000  0.000000  2.000000  
19.815710 0.007871  0.096841  -0.012394  0.990399  0.138054  0.007119  -0.138106  0.990389  0.007458  -0.006021  -0.008369  0.999947  0.000226  0.000192  -0.000254  0.000000  0.000000  0.000000  2.000000  
19.816711 0.007871  0.096841  -0.012394  0.990399  0.138054  0.007119  -0.138106  0.990389  0.007458  -0.006021  -0.008369  0.999947  0.000257  0.000221  -0.000233  0.000000  0.000000  0.000000  2.000000  
19.817978 0.007872  0.096841  -0.012394  0.990371  0.138258  0.007120  -0.138310  0.990361  0.007456  -0.006021  -0.008369  0.999947  0.000247  0.000166  -0.000281  0.000000  0.000000  0.000000  2.000000  
19.819212 0.007872  0.096841  -0.012394  0.990371  0.138258  0.007120  -0.138310  0.990361  0.007456  -0.006021  -0.008369  0.999947  0.000276  0.000174  -0.000215  0.000000  0.000000  0.000000  2.000000  
19.820464 0.007873  0.096841  -0.012394  0.990371  0.138258  0.007120  -0.138310  0.990361  0.007456  -0.006021  -0.008369  0.999947  0.000295  0.000205  -0.000158  0.000000  0.000000  0.000000  2.000000  
19.821711 0.007874  0.096841  -0.012394  0.990371  0.138258  0.007120  -0.138310  0.990361  0.007456  -0.006021  -0.008369  0.999947  0.000346  0.000208  -0.000165  0.000000  0.000000  0.000000  2.000000  
19.822958 0.007874  0.096841  -0.012393  0.990371  0.138258  0.007120  -0.138310  0.990361  0.007456  -0.006021  -0.008369  0.999947  0.000384  0.000192  -0.000089  0.000000  0.000000  0.000000  2.000000  
19.823959 0.007875  0.096842  -0.012393  0.990371  0.138258  0.007120  -0.138310  0.990361  0.007456  -0.006021  -0.008369  0.999947  0.000414  0.000220  -0.000069  0.000000  0.000000  0.000000  2.000000  
19.825207 0.007875  0.096841  -0.012393  0.990342  0.138461  0.007122  -0.138514  0.990332  0.007455  -0.006021  -0.008369  0.999947  0.000403  0.000145  -0.000072  0.000000  0.000000  0.000000  2.000000  
19.826210 0.007875  0.096842  -0.012393  0.990342  0.138461  0.007122  -0.138514  0.990332  0.007455  -0.006021  -0.008369  0.999947  0.000397  0.000142  -0.000070  0.000000  0.000000  0.000000  2.000000  
19.827210 0.007875  0.096842  -0.012394  0.990342  0.138461  0.007122  -0.138514  0.990332  0.007455  -0.006021  -0.008369  0.999947  0.000373  0.000116  -0.000092  0.000000  0.000000  0.000000  2.000000  
19.828455 0.007876  0.096842  -0.012393  0.990342  0.138461  0.007122  -0.138514  0.990332  0.007455  -0.006021  -0.008369  0.999947  0.000395  0.000121  -0.000025  0.000000  0.000000  0.000000  2.000000  
19.829463 0.007876  0.096842  -0.012393  0.990342  0.138461  0.007122  -0.138514  0.990332  0.007455  -0.006021  -0.008369  0.999947  0.000354  0.000096  -0.000010  0.000000  0.000000  0.000000  2.000000  
19.830711 0.007876  0.096842  -0.012394  0.990342  0.138461  0.007122  -0.138514  0.990332  0.007455  -0.006021  -0.008369  0.999947  0.000360  0.000097  -0.000010  0.000000  0.000000  0.000000  2.000000  
19.831955 0.007876  0.096842  -0.012394  0.990314  0.138665  0.007123  -0.138718  0.990304  0.007453  -0.006021  -0.008369  0.999947  0.000318  0.000071  0.000006  0.000000  0.000000  0.000000  2.000000  
19.832959 0.007876  0.096842  -0.012394  0.990314  0.138665  0.007123  -0.138718  0.990304  0.007453  -0.006021  -0.008369  0.999947  0.000303  0.000093  -0.000003  0.000000  0.000000  0.000000  2.000000  
19.834204 0.007876  0.096841  -0.012394  0.990314  0.138665  0.007123  -0.138718  0.990304  0.007453  -0.006021  -0.008369  0.999947  0.000244  0.000037  -0.000043  0.000000  0.000000  0.000000  2.000000  
19.835208 0.007876  0.096841  -0.012394  0.990314  0.138665  0.007123  -0.138718  0.990304  0.007453  -0.006021  -0.008369  0.999947  0.000214  0.000008  -0.000064  0.000000  0.000000  0.000000  2.000000  
19.836212 0.007876  0.096841  -0.012395  0.990314  0.138665  0.007123  -0.138718  0.990304  0.007453  -0.006021  -0.008369  0.999947  0.000145  -0.000025  -0.000113  0.000000  0.000000  0.000000  2.000000  
19.837212 0.007876  0.096841  -0.012395  0.990286  0.138870  0.006993  -0.138922  0.990275  0.007470  -0.005887  -0.008369  0.999948  0.000117  -0.000054  -0.000136  0.000000  0.000000  0.000000  2.000000  
19.838217 0.007876  0.096840  -0.012396  0.990286  0.138870  0.006993  -0.138922  0.990275  0.007470  -0.005887  -0.008369  0.999948  0.000098  -0.000085  -0.000193  0.000000  0.000000  0.000000  2.000000  
19.839461 0.007875  0.096839  -0.012396  0.990286  0.138870  0.006993  -0.138922  0.990275  0.007470  -0.005887  -0.008369  0.999948  0.000026  -0.000137  -0.000195  0.000000  0.000000  0.000000  2.000000  
19.840461 0.007875  0.096839  -0.012397  0.990286  0.138870  0.006993  -0.138922  0.990275  0.007470  -0.005887  -0.008369  0.999948  -0.000023  -0.000196  -0.000271  0.000000  0.000000  0.000000  2.000000  
19.841708 0.007875  0.096838  -0.012397  0.990286  0.138870  0.006993  -0.138922  0.990275  0.007470  -0.005887  -0.008369  0.999948  -0.000054  -0.000245  -0.000247  0.000000  0.000000  0.000000  2.000000  
19.842711 0.007874  0.096838  -0.012398  0.990257  0.139074  0.006994  -0.139125  0.990247  0.007469  -0.005887  -0.008369  0.999948  -0.000116  -0.000306  -0.000292  0.000000  0.000000  0.000000  2.000000  
19.843961 0.007874  0.096837  -0.012398  0.990257  0.139074  0.006994  -0.139125  0.990247  0.007469  -0.005887  -0.008369  0.999948  -0.000126  -0.000363  -0.000343  0.000000  0.000000  0.000000  2.000000  
19.845204 0.007873  0.096836  -0.012399  0.990257  0.139074  0.006994  -0.139125  0.990247  0.007469  -0.005887  -0.008369  0.999948  -0.000194  -0.000409  -0.000339  0.000000  0.000000  0.000000  2.000000  
19.846213 0.007873  0.096835  -0.012400  0.990258  0.139075  0.006862  -0.139125  0.990246  0.007488  -0.005753  -0.008369  0.999948  -0.000237  -0.000498  -0.000414  0.000000  0.000000  0.000000  2.000000  
19.847462 0.007872  0.096834  -0.012400  0.990258  0.139075  0.006862  -0.139125  0.990246  0.007488  -0.005753  -0.008369  0.999948  -0.000278  -0.000525  -0.000398  0.000000  0.000000  0.000000  2.000000  
19.848706 0.007871  0.096833  -0.012401  0.990258  0.139075  0.006862  -0.139125  0.990246  0.007488  -0.005753  -0.008369  0.999948  -0.000292  -0.000547  -0.000448  0.000000  0.000000  0.000000  2.000000  
19.849706 0.007871  0.096833  -0.012402  0.990229  0.139279  0.006863  -0.139329  0.990218  0.007486  -0.005753  -0.008369  0.999948  -0.000326  -0.000563  -0.000522  0.000000  0.000000  0.000000  2.000000  
19.850954 0.007871  0.096832  -0.012403  0.990229  0.139279  0.006863  -0.139329  0.990218  0.007486  -0.005753  -0.008369  0.999948  -0.000341  -0.000605  -0.000524  0.000000  0.000000  0.000000  2.000000  
19.851954 0.007870  0.096831  -0.012404  0.990229  0.139279  0.006863  -0.139329  0.990218  0.007486  -0.005753  -0.008369  0.999948  -0.000380  -0.000610  -0.000554  0.000000  0.000000  0.000000  2.000000  
19.852959 0.007870  0.096831  -0.012404  0.990229  0.139279  0.006863  -0.139329  0.990218  0.007486  -0.005753  -0.008369  0.999948  -0.000387  -0.000621  -0.000563  0.000000  0.000000  0.000000  2.000000  
19.854211 0.007870  0.096830  -0.012405  0.990230  0.139280  0.006731  -0.139329  0.990218  0.007505  -0.005620  -0.008369  0.999949  -0.000375  -0.000623  -0.000600  0.000000  0.000000  0.000000  2.000000  
19.855461 0.007869  0.096829  -0.012405  0.990230  0.139280  0.006731  -0.139329  0.990218  0.007505  -0.005620  -0.008369  0.999949  -0.000370  -0.000633  -0.000545  0.000000  0.000000  0.000000  2.000000  
19.856707 0.007869  0.096829  -0.012406  0.990230  0.139280  0.006731  -0.139329  0.990218  0.007505  -0.005620  -0.008369  0.999949  -0.000369  -0.000612  -0.000590  0.000000  0.000000  0.000000  2.000000  
19.857708 0.007869  0.096828  -0.012406  0.990230  0.139280  0.006731  -0.139329  0.990218  0.007505  -0.005620  -0.008369  0.999949  -0.000359  -0.000636  -0.000581  0.000000  0.000000  0.000000  2.000000  
19.858708 0.007869  0.096828  -0.012407  0.990230  0.139280  0.006731  -0.139329  0.990218  0.007505  -0.005620  -0.008369  0.999949  -0.000375  -0.000623  -0.000600  0.000000  0.000000  0.000000  2.000000  
19.859958 0.007869  0.096827  -0.012407  0.990231  0.139281  0.006598  -0.139330  0.990217  0.007523  -0.005486  -0.008369  0.999950  -0.000304  -0.000589  -0.000549  0.000000  0.000000  0.000000  2.000000  
19.860959 0.007868  0.096827  -0.012408  0.990231  0.139281  0.006598  -0.139330  0.990217  0.007523  -0.005486  -0.008369  0.999950  -0.000284  -0.000537  -0.000538  0.000000  0.000000  0.000000  2.000000  
19.861960 0.007868  0.096827  -0.012408  0.990231  0.139281  0.006598  -0.139330  0.990217  0.007523  -0.005486  -0.008369  0.999950  -0.000254  -0.000508  -0.000517  0.000000  0.000000  0.000000  2.000000  
19.863206 0.007868  0.096826  -0.012409  0.990231  0.139281  0.006598  -0.139330  0.990217  0.007523  -0.005486  -0.008369  0.999950  -0.000254  -0.000508  -0.000517  0.000000  0.000000  0.000000  2.000000  
19.864208 0.007868  0.096826  -0.012409  0.990232  0.139282  0.006466  -0.139330  0.990217  0.007542  -0.005352  -0.008369  0.999951  -0.000193  -0.000451  -0.000476  0.000000  0.000000  0.000000  2.000000  
19.865454 0.007868  0.096826  -0.012409  0.990232  0.139282  0.006466  -0.139330  0.990217  0.007542  -0.005352  -0.008369  0.999951  -0.000160  -0.000416  -0.000448  0.000000  0.000000  0.000000  2.000000  
19.866456 0.007868  0.096826  -0.012410  0.990232  0.139282  0.006466  -0.139330  0.990217  0.007542  -0.005352  -0.008369  0.999951  -0.000140  -0.000365  -0.000436  0.000000  0.000000  0.000000  2.000000  
19.867463 0.007869  0.096827  -0.012410  0.990232  0.139282  0.006466  -0.139330  0.990217  0.007542  -0.005352  -0.008369  0.999951  -0.000091  -0.000290  -0.000411  0.000000  0.000000  0.000000  2.000000  
19.868706 0.007869  0.096827  -0.012410  0.990232  0.139284  0.006333  -0.139330  0.990217  0.007561  -0.005218  -0.008369  0.999951  -0.000069  -0.000234  -0.000393  0.000000  0.000000  0.000000  2.000000  
19.869710 0.007869  0.096827  -0.012411  0.990232  0.139284  0.006333  -0.139330  0.990217  0.007561  -0.005218  -0.008369  0.999951  -0.000010  -0.000177  -0.000352  0.000000  0.000000  0.000000  2.000000  
19.870958 0.007869  0.096827  -0.012411  0.990232  0.139284  0.006333  -0.139330  0.990217  0.007561  -0.005218  -0.008369  0.999951  0.000013  -0.000105  -0.000386  0.000000  0.000000  0.000000  2.000000  
19.872207 0.007869  0.096827  -0.012412  0.990233  0.139285  0.006201  -0.139330  0.990217  0.007579  -0.005084  -0.008369  0.999952  0.000013  -0.000105  -0.000386  0.000000  0.000000  0.000000  2.000000  
19.873208 0.007870  0.096828  -0.012412  0.990233  0.139285  0.006201  -0.139330  0.990217  0.007579  -0.005084  -0.008369  0.999952  0.000064  -0.000026  -0.000360  0.000000  0.000000  0.000000  2.000000  
19.874476 0.007870  0.096828  -0.012412  0.990233  0.139285  0.006201  -0.139330  0.990217  0.007579  -0.005084  -0.008369  0.999952  0.000105  0.000078  -0.000336  0.000000  0.000000  0.000000  2.000000  
19.875709 0.007870  0.096828  -0.012412  0.990234  0.139286  0.006068  -0.139330  0.990217  0.007598  -0.004951  -0.008369  0.999953  0.000124  0.000109  -0.000279  0.000000  0.000000  0.000000  2.000000  
19.876958 0.007871  0.096829  -0.012412  0.990234  0.139286  0.006068  -0.139330  0.990217  0.007598  -0.004951  -0.008369  0.999953  0.000163  0.000133  -0.000290  0.000000  0.000000  0.000000  2.000000  
19.877958 0.007871  0.096830  -0.012413  0.990234  0.139287  0.005936  -0.139330  0.990217  0.007617  -0.004817  -0.008369  0.999953  0.000217  0.000216  -0.000263  0.000000  0.000000  0.000000  2.000000  
19.879203 0.007872  0.096830  -0.012412  0.990234  0.139287  0.005936  -0.139330  0.990217  0.007617  -0.004817  -0.008369  0.999953  0.000232  0.000243  -0.000202  0.000000  0.000000  0.000000  2.000000  
19.880205 0.007872  0.096830  -0.012413  0.990234  0.139287  0.005936  -0.139330  0.990217  0.007617  -0.004817  -0.008369  0.999953  0.000233  0.000264  -0.000247  0.000000  0.000000  0.000000  2.000000  
19.881206 0.007872  0.096831  -0.012413  0.990235  0.139288  0.005803  -0.139330  0.990217  0.007635  -0.004683  -0.008369  0.999954  0.000268  0.000297  -0.000230  0.000000  0.000000  0.000000  2.000000  
19.882210 0.007873  0.096831  -0.012413  0.990235  0.139288  0.005803  -0.139330  0.990217  0.007635  -0.004683  -0.008369  0.999954  0.000282  0.000322  -0.000170  0.000000  0.000000  0.000000  2.000000  
19.883214 0.007873  0.096831  -0.012414  0.990236  0.139289  0.005671  -0.139330  0.990216  0.007654  -0.004549  -0.008369  0.999955  0.000298  0.000325  -0.000210  0.000000  0.000000  0.000000  2.000000  
19.884469 0.007873  0.096832  -0.012413  0.990236  0.139289  0.005671  -0.139330  0.990216  0.007654  -0.004549  -0.008369  0.999955  0.000282  0.000322  -0.000170  0.000000  0.000000  0.000000  2.000000  
19.885706 0.007873  0.096832  -0.012414  0.990236  0.139290  0.005538  -0.139330  0.990216  0.007673  -0.004415  -0.008369  0.999955  0.000282  0.000322  -0.000170  0.000000  0.000000  0.000000  2.000000  
19.886716 0.007873  0.096832  -0.012414  0.990237  0.139291  0.005406  -0.139330  0.990216  0.007691  -0.004282  -0.008369  0.999956  0.000275  0.000330  -0.000136  0.000000  0.000000  0.000000  2.000000  
19.887958 0.007874  0.096833  -0.012414  0.990237  0.139291  0.005406  -0.139330  0.990216  0.007691  -0.004282  -0.008369  0.999956  0.000286  0.000328  -0.000173  0.000000  0.000000  0.000000  2.000000  
19.888959 0.007874  0.096833  -0.012414  0.990237  0.139292  0.005273  -0.139330  0.990216  0.007710  -0.004148  -0.008369  0.999956  0.000285  0.000306  -0.000127  0.000000  0.000000  0.000000  2.000000  
19.890209 0.007875  0.096833  -0.012414  0.990237  0.139292  0.005273  -0.139330  0.990216  0.007710  -0.004148  -0.008369  0.999956  0.000296  0.000304  -0.000164  0.000000  0.000000  0.000000  2.000000  
19.891210 0.007875  0.096833  -0.012414  0.990238  0.139294  0.005141  -0.139331  0.990216  0.007729  -0.004014  -0.008369  0.999957  0.000282  0.000303  -0.000126  0.000000  0.000000  0.000000  2.000000  
19.892460 0.007875  0.096833  -0.012414  0.990238  0.139295  0.005008  -0.139331  0.990216  0.007747  -0.003880  -0.008369  0.999957  0.000289  0.000278  -0.000117  0.000000  0.000000  0.000000  2.000000  
19.893461 0.007876  0.096833  -0.012414  0.990239  0.139296  0.004876  -0.139331  0.990215  0.007766  -0.003746  -0.008369  0.999958  0.000304  0.000259  -0.000109  0.000000  0.000000  0.000000  2.000000  
19.894473 0.007876  0.096833  -0.012414  0.990239  0.139296  0.004876  -0.139331  0.990215  0.007766  -0.003746  -0.008369  0.999958  0.000262  0.000233  -0.000093  0.000000  0.000000  0.000000  2.000000  
19.895706 0.007876  0.096834  -0.012414  0.990239  0.139297  0.004743  -0.139331  0.990215  0.007784  -0.003613  -0.008369  0.999958  0.000267  0.000206  -0.000083  0.000000  0.000000  0.000000  2.000000  
19.896955 0.007877  0.096834  -0.012413  0.990240  0.139298  0.004611  -0.139331  0.990215  0.007803  -0.003479  -0.008369  0.999959  0.000270  0.000189  -0.000039  0.000000  0.000000  0.000000  2.000000  
19.897956 0.007877  0.096834  -0.012414  0.990240  0.139299  0.004478  -0.139331  0.990215  0.007822  -0.003345  -0.008369  0.999959  0.000280  0.000165  -0.000030  0.000000  0.000000  0.000000  2.000000  
19.899207 0.007877  0.096834  -0.012414  0.990241  0.139300  0.004346  -0.139331  0.990215  0.007840  -0.003211  -0.008369  0.999960  0.000249  0.000136  -0.000051  0.000000  0.000000  0.000000  2.000000  
19.900460 0.007878  0.096834  -0.012414  0.990241  0.139302  0.004196  -0.139331  0.990216  0.007739  -0.003077  -0.008248  0.999961  0.000282  0.000118  0.000024  0.000000  0.000000  0.000000  2.000000  
19.901711 0.007878  0.096834  -0.012413  0.990241  0.139303  0.004064  -0.139331  0.990215  0.007758  -0.002944  -0.008248  0.999962  0.000312  0.000146  0.000045  0.000000  0.000000  0.000000  2.000000  
19.902961 0.007878  0.096834  -0.012413  0.990242  0.139304  0.003931  -0.139331  0.990215  0.007776  -0.002810  -0.008248  0.999962  0.000277  0.000123  0.000062  0.000000  0.000000  0.000000  2.000000  
19.904210 0.007879  0.096834  -0.012413  0.990242  0.139305  0.003799  -0.139331  0.990215  0.007795  -0.002676  -0.008248  0.999962  0.000280  0.000097  0.000069  0.000000  0.000000  0.000000  2.000000  
