1-Time 2-Px 3-Py 4-Pz 5-R11 6-R21 7-R31 8-R12 9-R22 10-R32 11-R13 12-R23 13-R33 14-Vx 15-Vy 16-Vz 17-Wx 18-Wy 19-Wz 20-state 21-PR11 22-PR21 23-PR31 24-PR12 25-PR22 26-PR32 27-PR13 28-PR23 29-PR33 
201.995455 0.007396  0.095232  -0.005007  0.996583  0.082590  -0.000672  -0.082460  0.995409  0.048600  0.004683  -0.048378  0.998818  -0.000465  0.000084  0.001118  0.000000  0.000000  0.000000  2.000000  
201.996456 0.007396  0.095233  -0.005006  0.996583  0.082596  -0.000815  -0.082460  0.995414  0.048490  0.004817  -0.048257  0.998823  -0.000451  0.000080  0.001083  0.000000  0.000000  0.000000  2.000000  
201.997458 0.007396  0.095232  -0.005005  0.996549  0.083006  -0.000795  -0.082870  0.995380  0.048490  0.004817  -0.048257  0.998823  -0.000421  0.000029  0.001069  0.000000  0.000000  0.000000  2.000000  
201.998461 0.007397  0.095232  -0.005004  0.996515  0.083416  -0.000775  -0.083280  0.995346  0.048490  0.004817  -0.048257  0.998823  -0.000307  0.000008  0.001073  0.000000  0.000000  0.000000  2.000000  
201.999461 0.007398  0.095230  -0.005003  0.996480  0.083826  -0.000756  -0.083691  0.995311  0.048491  0.004817  -0.048257  0.998823  -0.000246  -0.000094  0.001045  0.000000  0.000000  0.000000  2.000000  
202.000463 0.007399  0.095229  -0.005003  0.996463  0.084031  -0.000746  -0.083896  0.995294  0.048491  0.004817  -0.048257  0.998823  -0.000102  -0.000165  0.001036  0.000000  0.000000  0.000000  2.000000  
202.001709 0.007401  0.095227  -0.005001  0.996428  0.084447  -0.000859  -0.084306  0.995259  0.048503  0.004951  -0.048257  0.998823  0.000072  -0.000284  0.000997  0.000000  0.000000  0.000000  2.000000  
202.002723 0.007403  0.095226  -0.005000  0.996392  0.084863  -0.000972  -0.084716  0.995223  0.048514  0.005084  -0.048257  0.998822  0.000217  -0.000360  0.001003  0.000000  0.000000  0.000000  2.000000  
202.003960 0.007405  0.095225  -0.004999  0.996321  0.085689  -0.001055  -0.085537  0.995147  0.048647  0.005218  -0.048378  0.998815  0.000401  -0.000428  0.001027  0.000000  0.000000  0.000000  2.000000  
202.005212 0.007407  0.095225  -0.004997  0.996250  0.086515  -0.001148  -0.086357  0.995075  0.048660  0.005352  -0.048378  0.998815  0.000575  -0.000487  0.001033  0.000000  0.000000  0.000000  2.000000  
202.006214 0.007409  0.095224  -0.004997  0.996196  0.087136  -0.001251  -0.086972  0.995021  0.048672  0.005486  -0.048378  0.998814  0.000708  -0.000534  0.001012  0.000000  0.000000  0.000000  2.000000  
202.007215 0.007411  0.095224  -0.004996  0.996142  0.087751  -0.001221  -0.087587  0.994967  0.048673  0.005486  -0.048378  0.998814  0.000902  -0.000544  0.000950  -0.060244  0.040185  0.188966  2.000000  
202.008458 0.007414  0.095225  -0.004995  0.996051  0.088775  -0.001160  -0.088613  0.994870  0.048795  0.005486  -0.048499  0.998808  0.001142  -0.000510  0.000960  -0.051945  0.034011  0.223423  2.000000  
202.009460 0.007417  0.095225  -0.004992  0.995996  0.089389  -0.001130  -0.089228  0.994815  0.048795  0.005486  -0.048499  0.998808  0.001343  -0.000465  0.001073  -0.047749  0.032989  0.244062  2.000000  
202.010725 0.007419  0.095226  -0.004989  0.995903  0.090420  -0.001213  -0.090253  0.994722  0.048808  0.005620  -0.048499  0.998807  0.001555  -0.000423  0.001150  -0.043495  0.036113  0.271758  2.000000  
202.011962 0.007422  0.095226  -0.004987  0.995809  0.091450  -0.001296  -0.091278  0.994628  0.048822  0.005753  -0.048499  0.998807  0.001770  -0.000382  0.001229  -0.039232  0.034449  0.306443  2.000000  
202.013206 0.007426  0.095226  -0.004986  0.995733  0.092276  -0.001377  -0.092098  0.994546  0.048956  0.005887  -0.048620  0.998800  0.001919  -0.000354  0.001211  -0.030925  0.037588  0.334363  2.000000  
202.014460 0.007428  0.095226  -0.004984  0.995636  0.093306  -0.001449  -0.093123  0.994444  0.049090  0.006021  -0.048741  0.998793  0.002032  -0.000305  0.001304  -0.022569  0.040377  0.369109  2.000000  
202.015461 0.007430  0.095224  -0.004981  0.995578  0.093927  -0.001540  -0.093738  0.994379  0.049224  0.006155  -0.048862  0.998787  0.002053  -0.000317  0.001413  -0.014257  0.039356  0.389821  2.000000  
202.016710 0.007433  0.095221  -0.004981  0.995480  0.094957  -0.001611  -0.094762  0.994276  0.049359  0.006288  -0.048983  0.998780  0.002111  -0.000430  0.001379  -0.009890  0.041786  0.421197  2.000000  
202.017961 0.007436  0.095217  -0.004980  0.995402  0.095776  -0.001547  -0.095582  0.994185  0.049602  0.006288  -0.049226  0.998768  0.002151  -0.000585  0.001340  0.006446  0.041104  0.445345  2.000000  
202.018966 0.007438  0.095214  -0.004979  0.995323  0.096595  -0.001494  -0.096402  0.994100  0.049723  0.006288  -0.049347  0.998762  0.002185  -0.000760  0.001346  0.014787  0.035273  0.473036  2.000000  
202.020215 0.007440  0.095209  -0.004978  0.995262  0.097216  -0.001585  -0.097016  0.994033  0.049858  0.006422  -0.049468  0.998755  0.002190  -0.001044  0.001297  0.018864  0.038416  0.490179  2.000000  
202.021461 0.007441  0.095203  -0.004978  0.995182  0.098034  -0.001532  -0.097836  0.993947  0.049980  0.006422  -0.049589  0.998749  0.002131  -0.001407  0.001251  0.031384  0.037366  0.521405  2.000000  
202.022463 0.007443  0.095198  -0.004978  0.995121  0.098648  -0.001489  -0.098450  0.993880  0.050101  0.006422  -0.049710  0.998743  0.002086  -0.001774  0.001171  0.039643  0.036338  0.542034  2.000000  
202.023463 0.007445  0.095194  -0.004978  0.995059  0.099269  -0.001579  -0.099065  0.993812  0.050236  0.006556  -0.049831  0.998736  0.002049  -0.002140  0.001053  0.043906  0.035282  0.562741  2.000000  
202.024725 0.007447  0.095188  -0.004978  0.994998  0.099883  -0.001548  -0.099680  0.993751  0.050237  0.006556  -0.049831  0.998736  0.002009  -0.002543  0.000846  0.052149  0.034315  0.583186  2.000000  
202.025960 0.007448  0.095182  -0.004977  0.994936  0.100497  -0.001505  -0.100294  0.993683  0.050358  0.006556  -0.049952  0.998730  0.001851  -0.002970  0.000727  0.060455  0.033319  0.604324  2.000000  
202.027211 0.007449  0.095177  -0.004977  0.994895  0.100906  -0.001484  -0.100704  0.993641  0.050359  0.006556  -0.049952  0.998730  0.001739  -0.003333  0.000683  0.060496  0.028828  0.604105  2.000000  
202.028457 0.007451  0.095173  -0.004975  0.994832  0.101520  -0.001441  -0.101318  0.993573  0.050480  0.006556  -0.050074  0.998724  0.001668  -0.003604  0.000680  0.064089  0.028221  0.606074  2.000000  
202.029714 0.007451  0.095167  -0.004974  0.994791  0.101929  -0.001420  -0.101728  0.993531  0.050481  0.006556  -0.050074  0.998724  0.001518  -0.003960  0.000585  0.064606  0.028449  0.610964  2.000000  
202.030721 0.007451  0.095161  -0.004972  0.994749  0.102338  -0.001399  -0.102137  0.993489  0.050482  0.006556  -0.050074  0.998724  0.001352  -0.004165  0.000614  0.064590  0.028441  0.610812  2.000000  
202.031958 0.007450  0.095154  -0.004971  0.994707  0.102740  -0.001245  -0.102547  0.993447  0.050468  0.006422  -0.050074  0.998725  0.001061  -0.004430  0.000639  0.064135  0.018976  0.612562  2.000000  
202.032960 0.007449  0.095149  -0.004969  0.994686  0.102945  -0.001235  -0.102752  0.993426  0.050469  0.006422  -0.050074  0.998725  0.000868  -0.004553  0.000690  0.060516  0.015626  0.596732  2.000000  
202.034206 0.007447  0.095142  -0.004968  0.994665  0.103150  -0.001212  -0.102957  0.993399  0.050589  0.006422  -0.050195  0.998719  0.000580  -0.004732  0.000749  0.064054  0.007226  0.577608  2.000000  
202.035214 0.007445  0.095136  -0.004966  0.994644  0.103354  -0.001202  -0.103161  0.993377  0.050590  0.006422  -0.050195  0.998719  0.000366  -0.004856  0.000814  0.064488  0.007966  0.568431  2.000000  
202.036460 0.007443  0.095129  -0.004964  0.994623  0.103559  -0.001191  -0.103366  0.993356  0.050590  0.006422  -0.050195  0.998719  0.000129  -0.004954  0.000904  0.063876  0.004462  0.543003  2.000000  
202.037467 0.007442  0.095123  -0.004963  0.994601  0.103763  -0.001181  -0.103571  0.993335  0.050590  0.006422  -0.050195  0.998719  -0.000126  -0.005007  0.001024  0.064322  0.005525  0.527099  2.000000  
202.038718 0.007440  0.095116  -0.004963  0.994602  0.103756  -0.001048  -0.103571  0.993335  0.050576  0.006288  -0.050195  0.998720  -0.000418  -0.005123  0.000982  0.059957  0.002705  0.491921  2.000000  
202.039961 0.007437  0.095108  -0.004964  0.994581  0.103961  -0.001037  -0.103776  0.993314  0.050577  0.006288  -0.050195  0.998720  -0.000647  -0.005233  0.000889  0.059845  0.003730  0.471270  2.000000  
202.040963 0.007435  0.095102  -0.004966  0.994559  0.104165  -0.001027  -0.103980  0.993293  0.050577  0.006288  -0.050195  0.998720  -0.000889  -0.005394  0.000770  0.059749  0.000263  0.450288  2.000000  
202.041966 0.007433  0.095096  -0.004966  0.994539  0.104363  -0.000896  -0.104185  0.993278  0.050443  0.006155  -0.050074  0.998727  -0.001086  -0.005482  0.000712  0.055542  -0.007668  0.429056  2.000000  
202.043212 0.007430  0.095090  -0.004968  0.994539  0.104363  -0.000896  -0.104185  0.993278  0.050443  0.006155  -0.050074  0.998727  -0.001417  -0.005618  0.000505  0.051335  -0.010821  0.401250  2.000000  
202.044458 0.007428  0.095083  -0.004969  0.994517  0.104568  -0.000886  -0.104390  0.993256  0.050443  0.006155  -0.050074  0.998727  -0.001601  -0.005650  0.000313  0.046776  -0.014194  0.377207  2.000000  
202.045706 0.007424  0.095077  -0.004971  0.994517  0.104567  -0.000899  -0.104390  0.993262  0.050322  0.006155  -0.049953  0.998733  -0.001742  -0.005590  0.000085  0.038834  -0.017100  0.345664  2.000000  
202.046706 0.007421  0.095072  -0.004972  0.994517  0.104567  -0.000899  -0.104390  0.993262  0.050322  0.006155  -0.049953  0.998733  -0.001900  -0.005561  -0.000094  0.034357  -0.020412  0.321954  2.000000  
202.047707 0.007419  0.095068  -0.004974  0.994497  0.104765  -0.000768  -0.104595  0.993248  0.050188  0.006021  -0.049832  0.998739  -0.002046  -0.005504  -0.000300  0.022263  -0.024068  0.303703  2.000000  
202.048711 0.007416  0.095063  -0.004975  0.994475  0.104970  -0.000758  -0.104800  0.993226  0.050188  0.006021  -0.049832  0.998739  -0.002163  -0.005452  -0.000495  0.022001  -0.023196  0.287562  2.000000  
202.049962 0.007411  0.095057  -0.004977  0.994475  0.104970  -0.000771  -0.104800  0.993232  0.050068  0.006021  -0.049710  0.998746  -0.002303  -0.005370  -0.000720  0.009791  -0.026519  0.261992  2.000000  
202.051208 0.007407  0.095053  -0.004978  0.994454  0.105174  -0.000773  -0.105004  0.993217  0.049947  0.006021  -0.049589  0.998752  -0.002423  -0.005198  -0.000932  0.001537  -0.025616  0.246095  2.000000  
202.052214 0.007405  0.095050  -0.004979  0.994454  0.105174  -0.000786  -0.105004  0.993223  0.049827  0.006021  -0.049468  0.998758  -0.002488  -0.004990  -0.001058  -0.006678  -0.024593  0.225513  2.000000  
202.053214 0.007402  0.095047  -0.004981  0.994432  0.105378  -0.000775  -0.105209  0.993201  0.049827  0.006021  -0.049468  0.998758  -0.002591  -0.004760  -0.001213  -0.010926  -0.028274  0.206444  2.000000  
202.054214 0.007399  0.095044  -0.004982  0.994432  0.105378  -0.000788  -0.105209  0.993207  0.049707  0.006021  -0.049347  0.998764  -0.002674  -0.004565  -0.001262  -0.015088  -0.027572  0.192600  2.000000  
202.055461 0.007396  0.095041  -0.004985  0.994410  0.105583  -0.000791  -0.105414  0.993191  0.049586  0.006021  -0.049226  0.998770  -0.002660  -0.004248  -0.001338  -0.023335  -0.026893  0.178827  2.000000  
202.056714 0.007393  0.095037  -0.004988  0.994389  0.105787  -0.000781  -0.105618  0.993170  0.049586  0.006021  -0.049226  0.998770  -0.002700  -0.004017  -0.001452  -0.023186  -0.026332  0.170502  2.000000  
202.057964 0.007391  0.095034  -0.004991  0.994389  0.105787  -0.000793  -0.105618  0.993176  0.049466  0.006021  -0.049105  0.998775  -0.002684  -0.003737  -0.001564  0.000000  0.000000  0.000000  2.000000  
202.059212 0.007388  0.095032  -0.004994  0.994367  0.105991  -0.000796  -0.105823  0.993160  0.049346  0.006021  -0.048983  0.998781  -0.002667  -0.003495  -0.001674  0.000000  0.000000  0.000000  2.000000  
202.060456 0.007386  0.095029  -0.004997  0.994345  0.106196  -0.000799  -0.106028  0.993144  0.049225  0.006021  -0.048862  0.998787  -0.002597  -0.003302  -0.001778  0.000000  0.000000  0.000000  2.000000  
202.061458 0.007385  0.095027  -0.004999  0.994345  0.106196  -0.000799  -0.106028  0.993144  0.049225  0.006021  -0.048862  0.998787  -0.002471  -0.003051  -0.001847  0.000000  0.000000  0.000000  2.000000  
202.062459 0.007384  0.095026  -0.005002  0.994323  0.106400  -0.000789  -0.106233  0.993122  0.049226  0.006021  -0.048862  0.998787  -0.002375  -0.002880  -0.001929  0.000000  0.000000  0.000000  2.000000  
202.063712 0.007382  0.095023  -0.005005  0.994323  0.106400  -0.000802  -0.106233  0.993128  0.049105  0.006021  -0.048741  0.998793  -0.002213  -0.002630  -0.002012  0.000000  0.000000  0.000000  2.000000  
202.064958 0.007381  0.095021  -0.005008  0.994302  0.106598  -0.000659  -0.106437  0.993107  0.049091  0.005887  -0.048741  0.998794  -0.002019  -0.002421  -0.002097  0.000000  0.000000  0.000000  2.000000  
202.065961 0.007380  0.095019  -0.005010  0.994302  0.106598  -0.000659  -0.106437  0.993107  0.049091  0.005887  -0.048741  0.998794  -0.001847  -0.002251  -0.002129  0.000000  0.000000  0.000000  2.000000  
202.067210 0.007379  0.095018  -0.005012  0.994280  0.106802  -0.000661  -0.106642  0.993091  0.048971  0.005887  -0.048620  0.998800  -0.001697  -0.002116  -0.002144  0.000000  0.000000  0.000000  2.000000  
202.068463 0.007379  0.095017  -0.005012  0.994280  0.106802  -0.000661  -0.106642  0.993091  0.048971  0.005887  -0.048620  0.998800  -0.001513  -0.001926  -0.002063  0.000000  0.000000  0.000000  2.000000  
202.069466 0.007379  0.095017  -0.005012  0.994280  0.106802  -0.000661  -0.106642  0.993091  0.048971  0.005887  -0.048620  0.998800  -0.001281  -0.001732  -0.001963  0.000000  0.000000  0.000000  2.000000  
202.070468 0.007379  0.095017  -0.005012  0.994258  0.107007  -0.000664  -0.106847  0.993075  0.048850  0.005887  -0.048499  0.998806  -0.001111  -0.001556  -0.001801  0.000000  0.000000  0.000000  2.000000  
202.071714 0.007379  0.095017  -0.005012  0.994258  0.107007  -0.000664  -0.106847  0.993075  0.048850  0.005887  -0.048499  0.998806  -0.000939  -0.001355  -0.001579  0.000000  0.000000  0.000000  2.000000  
202.072959 0.007379  0.095017  -0.005011  0.994236  0.107211  -0.000654  -0.107051  0.993053  0.048851  0.005887  -0.048499  0.998806  -0.000756  -0.001150  -0.001366  0.000000  0.000000  0.000000  2.000000  
202.073961 0.007380  0.095018  -0.005010  0.994236  0.107211  -0.000654  -0.107051  0.993053  0.048851  0.005887  -0.048499  0.998806  -0.000594  -0.000958  -0.001137  0.000000  0.000000  0.000000  2.000000  
202.074963 0.007380  0.095018  -0.005010  0.994236  0.107211  -0.000667  -0.107051  0.993059  0.048730  0.005887  -0.048378  0.998812  -0.000438  -0.000779  -0.000941  0.000000  0.000000  0.000000  2.000000  
202.076212 0.007380  0.095019  -0.005009  0.994236  0.107211  -0.000667  -0.107051  0.993059  0.048730  0.005887  -0.048378  0.998812  -0.000333  -0.000611  -0.000686  0.000000  0.000000  0.000000  2.000000  
202.077463 0.007381  0.095020  -0.005007  0.994214  0.107416  -0.000657  -0.107256  0.993036  0.048730  0.005887  -0.048378  0.998812  -0.000173  -0.000371  -0.000321  0.000000  0.000000  0.000000  2.000000  
202.078717 0.007381  0.095021  -0.005006  0.994214  0.107416  -0.000657  -0.107256  0.993036  0.048730  0.005887  -0.048378  0.998812  -0.000026  -0.000153  -0.000001  0.000000  0.000000  0.000000  2.000000  
202.079960 0.007382  0.095021  -0.005004  0.994214  0.107416  -0.000657  -0.107256  0.993036  0.048730  0.005887  -0.048378  0.998812  0.000091  0.000036  0.000299  0.000000  0.000000  0.000000  2.000000  
202.080961 0.007382  0.095021  -0.005003  0.994192  0.107620  -0.000647  -0.107461  0.993014  0.048730  0.005887  -0.048378  0.998812  0.000160  0.000165  0.000521  0.000000  0.000000  0.000000  2.000000  
202.082211 0.007382  0.095022  -0.005001  0.994192  0.107620  -0.000647  -0.107461  0.993014  0.048730  0.005887  -0.048378  0.998812  0.000203  0.000285  0.000678  0.000000  0.000000  0.000000  2.000000  
202.083460 0.007382  0.095022  -0.005000  0.994192  0.107620  -0.000634  -0.107461  0.993008  0.048851  0.005887  -0.048499  0.998806  0.000230  0.000324  0.000821  0.000000  0.000000  0.000000  2.000000  
202.084707 0.007382  0.095022  -0.004999  0.994192  0.107620  -0.000634  -0.107461  0.993008  0.048851  0.005887  -0.048499  0.998806  0.000195  0.000354  0.000878  0.000000  0.000000  0.000000  2.000000  
202.085720 0.007382  0.095023  -0.004998  0.994170  0.107824  -0.000624  -0.107665  0.992986  0.048851  0.005887  -0.048499  0.998806  0.000199  0.000389  0.000967  0.000000  0.000000  0.000000  2.000000  
202.086964 0.007382  0.095023  -0.004996  0.994170  0.107824  -0.000624  -0.107665  0.992986  0.048851  0.005887  -0.048499  0.998806  0.000146  0.000374  0.001031  0.000000  0.000000  0.000000  2.000000  
202.088214 0.007381  0.095023  -0.004994  0.994170  0.107824  -0.000624  -0.107665  0.992986  0.048851  0.005887  -0.048499  0.998806  0.000067  0.000379  0.001103  0.000000  0.000000  0.000000  2.000000  
202.089464 0.007380  0.095024  -0.004993  0.994170  0.107824  -0.000624  -0.107665  0.992986  0.048851  0.005887  -0.048499  0.998806  -0.000012  0.000385  0.001176  0.000000  0.000000  0.000000  2.000000  
202.090727 0.007379  0.095024  -0.004992  0.994148  0.108029  -0.000614  -0.107870  0.992964  0.048851  0.005887  -0.048499  0.998806  -0.000095  0.000355  0.001156  0.000000  0.000000  0.000000  2.000000  
202.091961 0.007377  0.095024  -0.004991  0.994148  0.108029  -0.000614  -0.107870  0.992964  0.048851  0.005887  -0.048499  0.998806  -0.000261  0.000295  0.001120  0.000000  0.000000  0.000000  2.000000  
202.092961 0.007376  0.095024  -0.004990  0.994148  0.108029  -0.000614  -0.107870  0.992964  0.048851  0.005887  -0.048499  0.998806  -0.000343  0.000265  0.001102  0.000000  0.000000  0.000000  2.000000  
202.094213 0.007375  0.095025  -0.004989  0.994147  0.108035  -0.000747  -0.107870  0.992963  0.048865  0.006021  -0.048499  0.998805  -0.000466  0.000310  0.001087  0.000000  0.000000  0.000000  2.000000  
202.095458 0.007373  0.095025  -0.004988  0.994147  0.108035  -0.000747  -0.107870  0.992963  0.048865  0.006021  -0.048499  0.998805  -0.000610  0.000223  0.001028  0.000000  0.000000  0.000000  2.000000  
202.096711 0.007372  0.095025  -0.004988  0.994125  0.108240  -0.000737  -0.108075  0.992941  0.048866  0.006021  -0.048499  0.998805  -0.000727  0.000208  0.000932  0.000000  0.000000  0.000000  2.000000  
202.097961 0.007370  0.095025  -0.004988  0.994125  0.108240  -0.000737  -0.108075  0.992941  0.048866  0.006021  -0.048499  0.998805  -0.000831  0.000190  0.000803  0.000000  0.000000  0.000000  2.000000  
202.099213 0.007368  0.095024  -0.004988  0.994125  0.108240  -0.000737  -0.108075  0.992941  0.048866  0.006021  -0.048499  0.998805  -0.000932  0.000128  0.000729  0.000000  0.000000  0.000000  2.000000  
202.100460 0.007367  0.095023  -0.004988  0.994125  0.108240  -0.000737  -0.108075  0.992941  0.048866  0.006021  -0.048499  0.998805  -0.001006  0.000041  0.000655  0.000000  0.000000  0.000000  2.000000  
202.101716 0.007366  0.095022  -0.004989  0.994125  0.108240  -0.000737  -0.108075  0.992941  0.048866  0.006021  -0.048499  0.998805  -0.001079  -0.000027  0.000514  0.000000  0.000000  0.000000  2.000000  
202.102716 0.007365  0.095022  -0.004989  0.994102  0.108444  -0.000727  -0.108279  0.992919  0.048866  0.006021  -0.048499  0.998805  -0.001070  -0.000065  0.000392  0.000000  0.000000  0.000000  2.000000  
202.103963 0.007364  0.095021  -0.004989  0.994102  0.108444  -0.000727  -0.108279  0.992919  0.048866  0.006021  -0.048499  0.998805  -0.001082  -0.000155  0.000258  0.000000  0.000000  0.000000  2.000000  
202.104965 0.007363  0.095021  -0.004989  0.994102  0.108444  -0.000727  -0.108279  0.992919  0.048866  0.006021  -0.048499  0.998805  -0.001065  -0.000189  0.000204  0.000000  0.000000  0.000000  2.000000  
202.106214 0.007363  0.095020  -0.004990  0.994102  0.108444  -0.000727  -0.108279  0.992919  0.048866  0.006021  -0.048499  0.998805  -0.001026  -0.000291  0.000143  0.000000  0.000000  0.000000  2.000000  
202.107215 0.007362  0.095019  -0.004990  0.994102  0.108444  -0.000727  -0.108279  0.992919  0.048866  0.006021  -0.048499  0.998805  -0.000973  -0.000358  0.000028  0.000000  0.000000  0.000000  2.000000  
202.108233 0.007362  0.095019  -0.004989  0.994080  0.108649  -0.000717  -0.108484  0.992896  0.048866  0.006021  -0.048499  0.998805  -0.000919  -0.000356  0.000025  0.000000  0.000000  0.000000  2.000000  
202.109461 0.007362  0.095018  -0.004990  0.994080  0.108649  -0.000717  -0.108484  0.992896  0.048866  0.006021  -0.048499  0.998805  -0.000855  -0.000438  -0.000047  0.000000  0.000000  0.000000  2.000000  
202.110723 0.007362  0.095018  -0.004990  0.994080  0.108649  -0.000717  -0.108484  0.992896  0.048866  0.006021  -0.048499  0.998805  -0.000736  -0.000439  -0.000088  0.000000  0.000000  0.000000  2.000000  
202.111958 0.007362  0.095019  -0.004989  0.994058  0.108853  -0.000707  -0.108689  0.992874  0.048866  0.006021  -0.048499  0.998805  -0.000635  -0.000426  -0.000058  0.000000  0.000000  0.000000  2.000000  
202.113206 0.007362  0.095018  -0.004989  0.994058  0.108853  -0.000707  -0.108689  0.992874  0.048866  0.006021  -0.048499  0.998805  -0.000502  -0.000395  -0.000043  0.000000  0.000000  0.000000  2.000000  
202.114211 0.007362  0.095019  -0.004988  0.994058  0.108853  -0.000707  -0.108689  0.992874  0.048866  0.006021  -0.048499  0.998805  -0.000390  -0.000337  -0.000005  0.000000  0.000000  0.000000  2.000000  
202.115211 0.007363  0.095019  -0.004987  0.994035  0.109057  -0.000697  -0.108893  0.992852  0.048866  0.006021  -0.048499  0.998805  -0.000297  -0.000281  0.000069  0.000000  0.000000  0.000000  2.000000  
202.116456 0.007363  0.095019  -0.004987  0.994035  0.109057  -0.000697  -0.108893  0.992852  0.048866  0.006021  -0.048499  0.998805  -0.000193  -0.000215  0.000141  0.000000  0.000000  0.000000  2.000000  
202.117458 0.007364  0.095020  -0.004986  0.994035  0.109057  -0.000697  -0.108893  0.992852  0.048866  0.006021  -0.048499  0.998805  -0.000095  -0.000154  0.000213  0.000000  0.000000  0.000000  2.000000  
202.118467 0.007364  0.095020  -0.004986  0.994013  0.109262  -0.000687  -0.109098  0.992829  0.048866  0.006021  -0.048499  0.998805  0.000008  -0.000074  0.000246  0.000000  0.000000  0.000000  2.000000  
202.119716 0.007365  0.095020  -0.004985  0.994013  0.109262  -0.000687  -0.109098  0.992829  0.048866  0.006021  -0.048499  0.998805  0.000120  -0.000015  0.000280  0.000000  0.000000  0.000000  2.000000  
202.120725 0.007366  0.095021  -0.004985  0.993990  0.109466  -0.000677  -0.109303  0.992807  0.048867  0.006021  -0.048499  0.998805  0.000204  0.000095  0.000338  0.000000  0.000000  0.000000  2.000000  
202.121962 0.007367  0.095022  -0.004984  0.993990  0.109466  -0.000677  -0.109303  0.992807  0.048867  0.006021  -0.048499  0.998805  0.000291  0.000178  0.000395  0.000000  0.000000  0.000000  2.000000  
202.122962 0.007368  0.095023  -0.004983  0.993968  0.109671  -0.000666  -0.109507  0.992784  0.048867  0.006021  -0.048499  0.998805  0.000394  0.000260  0.000423  0.000000  0.000000  0.000000  2.000000  
202.124210 0.007369  0.095024  -0.004982  0.993968  0.109671  -0.000666  -0.109507  0.992784  0.048867  0.006021  -0.048499  0.998805  0.000445  0.000340  0.000455  0.000000  0.000000  0.000000  2.000000  
202.125460 0.007370  0.095025  -0.004982  0.993945  0.109875  -0.000656  -0.109712  0.992761  0.048867  0.006021  -0.048499  0.998805  0.000544  0.000432  0.000526  0.000000  0.000000  0.000000  2.000000  
202.126461 0.007371  0.095026  -0.004981  0.993945  0.109875  -0.000656  -0.109712  0.992761  0.048867  0.006021  -0.048499  0.998805  0.000588  0.000457  0.000512  0.000000  0.000000  0.000000  2.000000  
202.127463 0.007371  0.095026  -0.004981  0.993923  0.110079  -0.000646  -0.109916  0.992739  0.048867  0.006021  -0.048499  0.998805  0.000640  0.000538  0.000544  0.000000  0.000000  0.000000  2.000000  
202.128713 0.007373  0.095028  -0.004980  0.993900  0.110284  -0.000636  -0.110121  0.992716  0.048867  0.006021  -0.048499  0.998805  0.000700  0.000595  0.000586  0.000000  0.000000  0.000000  2.000000  
202.129956 0.007373  0.095028  -0.004979  0.993900  0.110284  -0.000636  -0.110121  0.992716  0.048867  0.006021  -0.048499  0.998805  0.000724  0.000634  0.000553  0.000000  0.000000  0.000000  2.000000  
202.130960 0.007374  0.095029  -0.004979  0.993877  0.110488  -0.000626  -0.110326  0.992693  0.048867  0.006021  -0.048499  0.998805  0.000757  0.000697  0.000573  0.000000  0.000000  0.000000  2.000000  
202.132209 0.007374  0.095030  -0.004978  0.993854  0.110699  -0.000749  -0.110530  0.992670  0.048882  0.006155  -0.048499  0.998804  0.000736  0.000709  0.000554  0.000000  0.000000  0.000000  2.000000  
202.133461 0.007375  0.095031  -0.004978  0.993854  0.110699  -0.000749  -0.110530  0.992670  0.048882  0.006155  -0.048499  0.998804  0.000728  0.000733  0.000544  0.000000  0.000000  0.000000  2.000000  
202.134714 0.007375  0.095032  -0.004977  0.993831  0.110903  -0.000752  -0.110735  0.992653  0.048762  0.006155  -0.048378  0.998810  0.000681  0.000752  0.000502  0.000000  0.000000  0.000000  2.000000  
202.135716 0.007375  0.095032  -0.004978  0.993808  0.111108  -0.000742  -0.110939  0.992630  0.048762  0.006155  -0.048378  0.998810  0.000642  0.000747  0.000472  0.000000  0.000000  0.000000  2.000000  
202.136964 0.007376  0.095033  -0.004977  0.993808  0.111108  -0.000742  -0.110939  0.992630  0.048762  0.006155  -0.048378  0.998810  0.000592  0.000702  0.000437  0.000000  0.000000  0.000000  2.000000  
202.138213 0.007376  0.095033  -0.004977  0.993785  0.111312  -0.000732  -0.111144  0.992607  0.048762  0.006155  -0.048378  0.998810  0.000522  0.000668  0.000384  0.000000  0.000000  0.000000  2.000000  
202.139462 0.007376  0.095034  -0.004977  0.993762  0.111516  -0.000722  -0.111349  0.992584  0.048762  0.006155  -0.048378  0.998810  0.000484  0.000629  0.000357  0.000000  0.000000  0.000000  2.000000  
202.140463 0.007376  0.095034  -0.004977  0.993762  0.111516  -0.000722  -0.111349  0.992584  0.048762  0.006155  -0.048378  0.998810  0.000431  0.000582  0.000321  0.000000  0.000000  0.000000  2.000000  
202.141465 0.007376  0.095034  -0.004977  0.993739  0.111721  -0.000712  -0.111553  0.992561  0.048762  0.006155  -0.048378  0.998810  0.000370  0.000525  0.000279  0.000000  0.000000  0.000000  2.000000  
202.142718 0.007376  0.095034  -0.004977  0.993739  0.111721  -0.000712  -0.111553  0.992561  0.048762  0.006155  -0.048378  0.998810  0.000309  0.000467  0.000236  0.000000  0.000000  0.000000  2.000000  
202.143963 0.007376  0.095034  -0.004977  0.993716  0.111925  -0.000702  -0.111758  0.992538  0.048763  0.006155  -0.048378  0.998810  0.000248  0.000410  0.000194  0.000000  0.000000  0.000000  2.000000  
202.144964 0.007376  0.095033  -0.004977  0.993716  0.111925  -0.000702  -0.111758  0.992538  0.048763  0.006155  -0.048378  0.998810  0.000178  0.000296  0.000106  0.000000  0.000000  0.000000  2.000000  
202.146208 0.007376  0.095032  -0.004978  0.993693  0.112129  -0.000692  -0.111962  0.992515  0.048763  0.006155  -0.048378  0.998810  0.000137  0.000208  0.000039  0.000000  0.000000  0.000000  2.000000  
202.147218 0.007376  0.095032  -0.004978  0.993670  0.112334  -0.000682  -0.112167  0.992492  0.048763  0.006155  -0.048378  0.998810  0.000065  0.000078  -0.000003  0.000000  0.000000  0.000000  2.000000  
202.148464 0.007376  0.095031  -0.004978  0.993670  0.112334  -0.000682  -0.112167  0.992492  0.048763  0.006155  -0.048378  0.998810  0.000044  0.000025  -0.000013  0.000000  0.000000  0.000000  2.000000  
202.149716 0.007376  0.095031  -0.004978  0.993647  0.112538  -0.000672  -0.112371  0.992469  0.048763  0.006155  -0.048378  0.998810  0.000013  -0.000083  -0.000069  0.000000  0.000000  0.000000  2.000000  
202.150728 0.007375  0.095030  -0.004979  0.993647  0.112538  -0.000672  -0.112371  0.992469  0.048763  0.006155  -0.048378  0.998810  -0.000039  -0.000165  -0.000101  0.000000  0.000000  0.000000  2.000000  
202.151964 0.007375  0.095029  -0.004979  0.993624  0.112742  -0.000662  -0.112576  0.992446  0.048763  0.006155  -0.048378  0.998810  -0.000060  -0.000214  -0.000110  0.000000  0.000000  0.000000  2.000000  
202.153212 0.007374  0.095029  -0.004979  0.993624  0.112742  -0.000662  -0.112576  0.992446  0.048763  0.006155  -0.048378  0.998810  -0.000111  -0.000294  -0.000142  0.000000  0.000000  0.000000  2.000000  
202.154213 0.007374  0.095028  -0.004980  0.993601  0.112946  -0.000666  -0.112781  0.992429  0.048643  0.006155  -0.048257  0.998816  -0.000152  -0.000383  -0.000210  0.000000  0.000000  0.000000  2.000000  
202.155214 0.007374  0.095028  -0.004980  0.993601  0.112946  -0.000666  -0.112781  0.992429  0.048643  0.006155  -0.048257  0.998816  -0.000182  -0.000412  -0.000231  0.000000  0.000000  0.000000  2.000000  
202.156462 0.007373  0.095027  -0.004980  0.993578  0.113151  -0.000656  -0.112985  0.992405  0.048643  0.006155  -0.048257  0.998816  -0.000201  -0.000457  -0.000238  0.000000  0.000000  0.000000  2.000000  
202.157464 0.007373  0.095026  -0.004981  0.993578  0.113151  -0.000656  -0.112985  0.992405  0.048643  0.006155  -0.048257  0.998816  -0.000221  -0.000497  -0.000298  0.000000  0.000000  0.000000  2.000000  
202.158717 0.007373  0.095026  -0.004981  0.993554  0.113355  -0.000646  -0.113190  0.992382  0.048643  0.006155  -0.048257  0.998816  -0.000212  -0.000521  -0.000287  0.000000  0.000000  0.000000  2.000000  
202.159962 0.007373  0.095026  -0.004982  0.993554  0.113355  -0.000646  -0.113190  0.992382  0.048643  0.006155  -0.048257  0.998816  -0.000218  -0.000489  -0.000293  0.000000  0.000000  0.000000  2.000000  
202.160964 0.007373  0.095025  -0.004982  0.993531  0.113559  -0.000636  -0.113394  0.992359  0.048643  0.006155  -0.048257  0.998816  -0.000221  -0.000496  -0.000298  0.000000  0.000000  0.000000  2.000000  
202.161968 0.007372  0.095024  -0.004982  0.993531  0.113559  -0.000636  -0.113394  0.992359  0.048643  0.006155  -0.048257  0.998816  -0.000221  -0.000497  -0.000298  0.000000  0.000000  0.000000  2.000000  
202.163218 0.007372  0.095024  -0.004983  0.993508  0.113764  -0.000626  -0.113599  0.992335  0.048643  0.006155  -0.048257  0.998816  -0.000217  -0.000476  -0.000343  0.000000  0.000000  0.000000  2.000000  
202.164458 0.007373  0.095024  -0.004983  0.993508  0.113764  -0.000626  -0.113599  0.992335  0.048643  0.006155  -0.048257  0.998816  -0.000183  -0.000441  -0.000316  0.000000  0.000000  0.000000  2.000000  
202.165711 0.007372  0.095024  -0.004984  0.993484  0.113968  -0.000629  -0.113803  0.992318  0.048523  0.006155  -0.048135  0.998822  -0.000179  -0.000421  -0.000361  0.000000  0.000000  0.000000  2.000000  
202.166714 0.007372  0.095024  -0.004984  0.993484  0.113968  -0.000629  -0.113803  0.992318  0.048523  0.006155  -0.048135  0.998822  -0.000149  -0.000392  -0.000340  0.000000  0.000000  0.000000  2.000000  
202.167958 0.007372  0.095024  -0.004985  0.993461  0.114172  -0.000619  -0.114008  0.992294  0.048523  0.006155  -0.048135  0.998822  -0.000123  -0.000320  -0.000373  0.000000  0.000000  0.000000  2.000000  
202.168964 0.007373  0.095024  -0.004985  0.993461  0.114172  -0.000619  -0.114008  0.992294  0.048523  0.006155  -0.048135  0.998822  -0.000104  -0.000273  -0.000369  0.000000  0.000000  0.000000  2.000000  
202.170217 0.007373  0.095024  -0.004986  0.993437  0.114376  -0.000609  -0.114212  0.992271  0.048523  0.006155  -0.048135  0.998822  -0.000069  -0.000224  -0.000393  0.000000  0.000000  0.000000  2.000000  
202.171461 0.007373  0.095025  -0.004987  0.993437  0.114376  -0.000609  -0.114212  0.992271  0.048523  0.006155  -0.048135  0.998822  -0.000042  -0.000148  -0.000420  0.000000  0.000000  0.000000  2.000000  
202.172480 0.007373  0.095025  -0.004987  0.993414  0.114581  -0.000599  -0.114417  0.992247  0.048524  0.006155  -0.048135  0.998822  -0.000012  -0.000122  -0.000405  0.000000  0.000000  0.000000  2.000000  
202.173713 0.007373  0.095025  -0.004988  0.993414  0.114581  -0.000599  -0.114417  0.992247  0.048524  0.006155  -0.048135  0.998822  -0.000016  -0.000076  -0.000453  0.000000  0.000000  0.000000  2.000000  
202.174717 0.007374  0.095025  -0.004988  0.993390  0.114785  -0.000589  -0.114621  0.992223  0.048524  0.006155  -0.048135  0.998822  0.000045  -0.000020  -0.000418  0.000000  0.000000  0.000000  2.000000  
202.175961 0.007374  0.095026  -0.004988  0.993390  0.114785  -0.000589  -0.114621  0.992223  0.048524  0.006155  -0.048135  0.998822  0.000065  0.000032  -0.000401  0.000000  0.000000  0.000000  2.000000  
202.177214 0.007374  0.095026  -0.004988  0.993367  0.114989  -0.000580  -0.114826  0.992200  0.048524  0.006155  -0.048135  0.998822  0.000119  0.000114  -0.000376  0.000000  0.000000  0.000000  2.000000  
202.178458 0.007375  0.095027  -0.004989  0.993367  0.114989  -0.000580  -0.114826  0.992200  0.048524  0.006155  -0.048135  0.998822  0.000151  0.000160  -0.000393  0.000000  0.000000  0.000000  2.000000  
202.179459 0.007375  0.095027  -0.004989  0.993343  0.115194  -0.000570  -0.115030  0.992176  0.048524  0.006155  -0.048135  0.998822  0.000184  0.000192  -0.000379  0.000000  0.000000  0.000000  2.000000  
202.180721 0.007375  0.095027  -0.004989  0.993343  0.115194  -0.000570  -0.115030  0.992176  0.048524  0.006155  -0.048135  0.998822  0.000201  0.000224  -0.000323  0.000000  0.000000  0.000000  2.000000  
202.181959 0.007376  0.095027  -0.004989  0.993343  0.115194  -0.000570  -0.115030  0.992176  0.048524  0.006155  -0.048135  0.998822  0.000201  0.000224  -0.000323  0.000000  0.000000  0.000000  2.000000  
202.182959 0.007376  0.095027  -0.004989  0.993319  0.115398  -0.000560  -0.115235  0.992152  0.048524  0.006155  -0.048135  0.998822  0.000227  0.000232  -0.000257  0.000000  0.000000  0.000000  2.000000  
202.183960 0.007376  0.095027  -0.004989  0.993319  0.115398  -0.000560  -0.115235  0.992152  0.048524  0.006155  -0.048135  0.998822  0.000224  0.000228  -0.000253  0.000000  0.000000  0.000000  2.000000  
202.184965 0.007376  0.095027  -0.004990  0.993319  0.115398  -0.000560  -0.115235  0.992152  0.048524  0.006155  -0.048135  0.998822  0.000236  0.000208  -0.000246  0.000000  0.000000  0.000000  2.000000  
202.186211 0.007377  0.095028  -0.004989  0.993295  0.115602  -0.000550  -0.115439  0.992129  0.048524  0.006155  -0.048135  0.998822  0.000249  0.000236  -0.000188  0.000000  0.000000  0.000000  2.000000  
202.187212 0.007377  0.095028  -0.004989  0.993295  0.115602  -0.000550  -0.115439  0.992129  0.048524  0.006155  -0.048135  0.998822  0.000245  0.000216  -0.000143  0.000000  0.000000  0.000000  2.000000  
202.188213 0.007377  0.095027  -0.004989  0.993295  0.115602  -0.000550  -0.115439  0.992129  0.048524  0.006155  -0.048135  0.998822  0.000253  0.000175  -0.000091  0.000000  0.000000  0.000000  2.000000  
202.189461 0.007377  0.095027  -0.004989  0.993272  0.115806  -0.000540  -0.115644  0.992105  0.048524  0.006155  -0.048135  0.998822  0.000219  0.000144  -0.000110  0.000000  0.000000  0.000000  2.000000  
202.190461 0.007377  0.095028  -0.004989  0.993272  0.115806  -0.000540  -0.115644  0.992105  0.048524  0.006155  -0.048135  0.998822  0.000205  0.000130  -0.000032  0.000000  0.000000  0.000000  2.000000  
202.191464 0.007377  0.095027  -0.004988  0.993272  0.115806  -0.000540  -0.115644  0.992105  0.048524  0.006155  -0.048135  0.998822  0.000170  0.000081  -0.000009  0.000000  0.000000  0.000000  2.000000  
202.192713 0.007377  0.095027  -0.004988  0.993248  0.116011  -0.000530  -0.115848  0.992081  0.048524  0.006155  -0.048135  0.998822  0.000131  0.000011  0.000060  0.000000  0.000000  0.000000  2.000000  
202.193962 0.007377  0.095027  -0.004988  0.993248  0.116011  -0.000530  -0.115848  0.992081  0.048524  0.006155  -0.048135  0.998822  0.000118  0.000014  0.000095  0.000000  0.000000  0.000000  2.000000  
202.194962 0.007377  0.095027  -0.004987  0.993248  0.116011  -0.000530  -0.115848  0.992081  0.048524  0.006155  -0.048135  0.998822  0.000083  -0.000035  0.000118  0.000000  0.000000  0.000000  2.000000  
202.195963 0.007376  0.095026  -0.004987  0.993248  0.116011  -0.000530  -0.115848  0.992081  0.048524  0.006155  -0.048135  0.998822  0.000039  -0.000060  0.000132  0.000000  0.000000  0.000000  2.000000  
202.196965 0.007376  0.095026  -0.004987  0.993224  0.116215  -0.000520  -0.116053  0.992057  0.048524  0.006155  -0.048135  0.998822  0.000004  -0.000109  0.000155  0.000000  0.000000  0.000000  2.000000  
202.198206 0.007376  0.095026  -0.004986  0.993224  0.116215  -0.000520  -0.116053  0.992057  0.048524  0.006155  -0.048135  0.998822  -0.000000  -0.000127  0.000197  0.000000  0.000000  0.000000  2.000000  
202.199206 0.007376  0.095026  -0.004986  0.993224  0.116215  -0.000520  -0.116053  0.992057  0.048524  0.006155  -0.048135  0.998822  -0.000000  -0.000127  0.000197  0.000000  0.000000  0.000000  2.000000  
202.200208 0.007376  0.095025  -0.004985  0.993224  0.116215  -0.000520  -0.116053  0.992057  0.048524  0.006155  -0.048135  0.998822  -0.000018  -0.000144  0.000275  0.000000  0.000000  0.000000  2.000000  
202.201461 0.007376  0.095025  -0.004985  0.993200  0.116419  -0.000510  -0.116257  0.992033  0.048525  0.006155  -0.048135  0.998822  -0.000048  -0.000175  0.000259  0.000000  0.000000  0.000000  2.000000  
202.202465 0.007376  0.095025  -0.004985  0.993200  0.116419  -0.000510  -0.116257  0.992033  0.048525  0.006155  -0.048135  0.998822  -0.000052  -0.000193  0.000299  0.000000  0.000000  0.000000  2.000000  
202.203717 0.007376  0.095025  -0.004985  0.993200  0.116419  -0.000510  -0.116257  0.992033  0.048525  0.006155  -0.048135  0.998822  -0.000062  -0.000172  0.000293  0.000000  0.000000  0.000000  2.000000  
202.204961 0.007376  0.095025  -0.004985  0.993176  0.116623  -0.000500  -0.116462  0.992009  0.048525  0.006155  -0.048135  0.998822  -0.000039  -0.000196  0.000265  0.000000  0.000000  0.000000  2.000000  
202.205975 0.007376  0.095025  -0.004985  0.993176  0.116623  -0.000500  -0.116462  0.992009  0.048525  0.006155  -0.048135  0.998822  -0.000048  -0.000172  0.000254  0.000000  0.000000  0.000000  2.000000  
202.207214 0.007376  0.095025  -0.004985  0.993176  0.116623  -0.000514  -0.116462  0.992015  0.048404  0.006155  -0.048014  0.998828  -0.000048  -0.000175  0.000259  0.000000  0.000000  0.000000  2.000000  
202.208462 0.007376  0.095025  -0.004985  0.993176  0.116623  -0.000514  -0.116462  0.992015  0.048404  0.006155  -0.048014  0.998828  -0.000043  -0.000152  0.000210  0.000000  0.000000  0.000000  2.000000  
202.209713 0.007376  0.095025  -0.004984  0.993152  0.116827  -0.000504  -0.116666  0.991991  0.048404  0.006155  -0.048014  0.998828  -0.000053  -0.000131  0.000203  0.000000  0.000000  0.000000  2.000000  
202.210725 0.007376  0.095025  -0.004984  0.993152  0.116827  -0.000504  -0.116666  0.991991  0.048404  0.006155  -0.048014  0.998828  0.000008  -0.000074  0.000246  0.000000  0.000000  0.000000  2.000000  
202.211958 0.007376  0.095025  -0.004984  0.993128  0.117032  -0.000494  -0.116871  0.991967  0.048405  0.006155  -0.048014  0.998828  0.000025  -0.000056  0.000164  0.000000  0.000000  0.000000  2.000000  
202.212962 0.007376  0.095025  -0.004984  0.993128  0.117032  -0.000494  -0.116871  0.991967  0.048405  0.006155  -0.048014  0.998828  0.000030  -0.000036  0.000121  0.000000  0.000000  0.000000  2.000000  
