1-Time 2-Px 3-Py 4-Pz 5-R11 6-R21 7-R31 8-R12 9-R22 10-R32 11-R13 12-R23 13-R33 14-Vx 15-Vy 16-Vz 17-Wx 18-Wy 19-Wz 20-state 21-PR11 22-PR21 23-PR31 24-PR12 25-PR22 26-PR32 27-PR13 28-PR23 29-PR33 
48.236328 0.005504  0.096803  -0.005487  0.988382  0.151079  -0.016587  -0.150709  0.988341  0.021669  0.019667  -0.018918  0.999628  -0.000081  -0.000032  -0.000017  0.000000  0.000000  0.000000  2.000000  
48.237337 0.005504  0.096803  -0.005487  0.988382  0.151079  -0.016587  -0.150709  0.988341  0.021669  0.019667  -0.018918  0.999628  -0.000068  -0.000035  -0.000051  0.000000  0.000000  0.000000  2.000000  
48.238582 0.005504  0.096803  -0.005487  0.988258  0.151893  -0.016569  -0.151523  0.988216  0.021683  0.019667  -0.018918  0.999628  -0.000009  -0.000053  -0.000044  0.000000  0.000000  0.000000  2.000000  
48.239827 0.005506  0.096802  -0.005487  0.988102  0.152912  -0.016528  -0.152540  0.988056  0.021820  0.019667  -0.019039  0.999625  0.000072  -0.000098  -0.000063  0.000000  0.000000  0.000000  2.000000  
48.240831 0.005506  0.096801  -0.005488  0.988041  0.153317  -0.016387  -0.152948  0.987994  0.021806  0.019533  -0.019039  0.999628  0.000122  -0.000170  -0.000101  0.000000  0.000000  0.000000  2.000000  
48.242077 0.005508  0.096800  -0.005488  0.987947  0.153929  -0.016355  -0.153558  0.987896  0.021936  0.019533  -0.019160  0.999626  0.000280  -0.000201  -0.000058  0.000000  0.000000  0.000000  2.000000  
48.243344 0.005510  0.096800  -0.005487  0.987815  0.154747  -0.016601  -0.154370  0.987768  0.021991  0.019801  -0.019160  0.999620  0.000428  -0.000210  -0.000026  0.000000  0.000000  0.000000  2.000000  
48.244580 0.005512  0.096800  -0.005486  0.987615  0.155977  -0.016951  -0.155589  0.987572  0.022193  0.020202  -0.019281  0.999610  0.000565  -0.000216  0.000041  0.000000  0.000000  0.000000  2.000000  
48.245582 0.005513  0.096799  -0.005486  0.987452  0.156998  -0.017041  -0.156605  0.987408  0.022352  0.020336  -0.019402  0.999605  0.000632  -0.000257  0.000057  0.024256  0.018778  0.194075  2.000000  
48.246585 0.005515  0.096799  -0.005486  0.987255  0.158220  -0.017146  -0.157825  0.987213  0.022394  0.020470  -0.019402  0.999602  0.000713  -0.000301  0.000039  0.025101  0.022480  0.235641  2.000000  
48.247828 0.005517  0.096798  -0.005488  0.987057  0.159444  -0.017231  -0.159044  0.987014  0.022556  0.020604  -0.019523  0.999597  0.000870  -0.000347  -0.000050  0.025956  0.026152  0.277263  2.000000  
48.248834 0.005519  0.096798  -0.005487  0.986859  0.160665  -0.017184  -0.160263  0.986813  0.022697  0.020604  -0.019645  0.999595  0.001010  -0.000334  -0.000027  0.030861  0.025329  0.318689  2.000000  
48.250081 0.005522  0.096799  -0.005486  0.986594  0.162290  -0.017146  -0.161888  0.986547  0.022725  0.020604  -0.019645  0.999595  0.001210  -0.000263  0.000037  0.031981  0.024266  0.374076  2.000000  
48.251082 0.005524  0.096800  -0.005485  0.986391  0.163511  -0.017250  -0.163106  0.986346  0.022768  0.020737  -0.019645  0.999592  0.001385  -0.000187  0.000168  0.032846  0.027963  0.415673  2.000000  
48.252334 0.005527  0.096800  -0.005484  0.986118  0.165140  -0.017324  -0.164730  0.986072  0.022938  0.020871  -0.019766  0.999587  0.001559  -0.000189  0.000194  0.038065  0.031357  0.471001  2.000000  
48.253344 0.005529  0.096800  -0.005484  0.985911  0.166361  -0.017428  -0.165947  0.985867  0.022982  0.021005  -0.019766  0.999584  0.001694  -0.000208  0.000200  0.038953  0.035060  0.512749  2.000000  
48.254585 0.005532  0.096799  -0.005483  0.985631  0.167992  -0.017633  -0.167570  0.985588  0.023175  0.021272  -0.019887  0.999576  0.001779  -0.000218  0.000270  0.044216  0.042932  0.568049  2.000000  
48.255831 0.005534  0.096798  -0.005481  0.985348  0.169620  -0.017859  -0.169192  0.985309  0.023249  0.021540  -0.019887  0.999570  0.001878  -0.000216  0.000439  0.045439  0.050856  0.623646  2.000000  
48.257078 0.005537  0.096795  -0.005480  0.985068  0.171245  -0.017800  -0.170814  0.985025  0.023398  0.021540  -0.020008  0.999568  0.001923  -0.000389  0.000585  0.050661  0.049746  0.679051  2.000000  
48.258343 0.005540  0.096791  -0.005478  0.984782  0.172869  -0.017893  -0.172436  0.984742  0.023450  0.021674  -0.020008  0.999565  0.001985  -0.000605  0.000637  0.051823  0.053136  0.734083  2.000000  
48.259580 0.005543  0.096787  -0.005476  0.984497  0.174491  -0.017854  -0.174058  0.984455  0.023480  0.021674  -0.020008  0.999565  0.002094  -0.000893  0.000700  0.052995  0.052088  0.789816  2.000000  
48.260828 0.005546  0.096782  -0.005474  0.984281  0.175707  -0.017825  -0.175274  0.984239  0.023502  0.021674  -0.020008  0.999565  0.002089  -0.001196  0.000797  0.053994  0.051142  0.838199  2.000000  
48.261844 0.005546  0.096775  -0.005473  0.984097  0.176723  -0.017933  -0.176286  0.984057  0.023544  0.021807  -0.020008  0.999562  0.002058  -0.001567  0.000936  0.054741  0.054938  0.872445  2.000000  
48.263081 0.005548  0.096769  -0.005472  0.983915  0.177735  -0.017908  -0.177299  0.983875  0.023562  0.021807  -0.020008  0.999562  0.002053  -0.001957  0.001039  0.055498  0.054304  0.907672  2.000000  
48.264082 0.005549  0.096762  -0.005471  0.983732  0.178748  -0.017884  -0.178312  0.983691  0.023580  0.021807  -0.020008  0.999562  0.001978  -0.002428  0.001083  0.056214  0.053629  0.942231  2.000000  
48.265085 0.005550  0.096757  -0.005470  0.983548  0.179761  -0.017860  -0.179324  0.983507  0.023599  0.021807  -0.020008  0.999562  0.001874  -0.002889  0.001089  0.056906  0.052931  0.976390  2.000000  
48.266344 0.005550  0.096749  -0.005468  0.983400  0.180568  -0.017862  -0.180134  0.983361  0.023494  0.021807  -0.019887  0.999564  0.001710  -0.003456  0.001074  0.053402  0.052451  1.004002  2.000000  
48.267582 0.005550  0.096741  -0.005467  0.983252  0.181376  -0.017865  -0.180944  0.983215  0.023390  0.021807  -0.019765  0.999567  0.001510  -0.003882  0.001110  0.049628  0.052260  1.018126  2.000000  
48.268830 0.005550  0.096734  -0.005466  0.983105  0.182183  -0.017714  -0.181754  0.983066  0.023380  0.021674  -0.019765  0.999570  0.001317  -0.004339  0.001188  0.049295  0.047239  1.016548  2.000000  
48.269831 0.005549  0.096728  -0.005466  0.982996  0.182785  -0.017590  -0.182362  0.982957  0.023247  0.021540  -0.019644  0.999575  0.001088  -0.004776  0.001139  0.041129  0.047898  1.011123  2.000000  
48.270832 0.005547  0.096722  -0.005464  0.982886  0.183387  -0.017467  -0.182969  0.982847  0.023115  0.021406  -0.019523  0.999580  0.000883  -0.005081  0.001146  0.037129  0.043332  1.018020  2.000000  
48.271832 0.005545  0.096716  -0.005463  0.982810  0.183790  -0.017480  -0.183374  0.982774  0.023003  0.021406  -0.019402  0.999583  0.000572  -0.005348  0.001106  0.028972  0.043327  1.017886  2.000000  
48.273082 0.005542  0.096707  -0.005462  0.982737  0.184188  -0.017383  -0.183779  0.982704  0.022747  0.021272  -0.019159  0.999590  0.000107  -0.005710  0.001044  0.020615  0.030246  1.004359  2.000000  
48.274343 0.005538  0.096699  -0.005461  0.982664  0.184588  -0.017265  -0.184184  0.982632  0.022610  0.021139  -0.019038  0.999595  -0.000344  -0.005983  0.000980  0.012009  0.012774  0.975508  2.000000  
48.275580 0.005533  0.096689  -0.005461  0.982629  0.184784  -0.017174  -0.184387  0.982599  0.022351  0.021005  -0.018796  0.999603  -0.000856  -0.006250  0.000912  -0.000782  0.004339  0.940242  2.000000  
48.276584 0.005528  0.096682  -0.005460  0.982553  0.185184  -0.017209  -0.184792  0.982529  0.022119  0.021005  -0.018553  0.999607  -0.001210  -0.006336  0.000859  -0.009374  0.000515  0.912703  2.000000  
48.277827 0.005522  0.096673  -0.005459  0.982518  0.185380  -0.017118  -0.184995  0.982496  0.021860  0.020871  -0.018311  0.999614  -0.001688  -0.006454  0.000864  -0.022215  -0.007699  0.878224  2.000000  
48.278830 0.005517  0.096666  -0.005459  0.982483  0.185575  -0.017027  -0.185197  0.982464  0.021600  0.020737  -0.018068  0.999622  -0.002167  -0.006555  0.000823  -0.035117  -0.011459  0.843955  2.000000  
48.280077 0.005510  0.096656  -0.005460  0.982485  0.185569  -0.016941  -0.185198  0.982470  0.021337  0.020604  -0.017826  0.999629  -0.002648  -0.006718  0.000646  -0.044392  -0.014787  0.788972  2.000000  
48.281078 0.005504  0.096649  -0.005462  0.982447  0.185767  -0.016982  -0.185400  0.982436  0.021102  0.020604  -0.017583  0.999633  -0.003066  -0.006788  0.000491  -0.053137  -0.018513  0.754606  2.000000  
48.282084 0.005497  0.096641  -0.005463  0.982412  0.185965  -0.016868  -0.185603  0.982401  0.020962  0.020470  -0.017462  0.999638  -0.003556  -0.006910  0.000279  -0.062730  -0.026757  0.712227  2.000000  
48.283345 0.005489  0.096631  -0.005466  0.982412  0.185959  -0.016936  -0.185603  0.982409  0.020604  0.020470  -0.017098  0.999644  -0.004157  -0.007072  0.000033  -0.075981  -0.034583  0.656411  2.000000  
48.284579 0.005480  0.096623  -0.005468  0.982373  0.186157  -0.016977  -0.185805  0.982375  0.020369  0.020470  -0.016856  0.999648  -0.004600  -0.007119  -0.000182  -0.088205  -0.038109  0.617006  2.000000  
48.285582 0.005473  0.096617  -0.005471  0.982414  0.185948  -0.016895  -0.185604  0.982419  0.020103  0.020336  -0.016613  0.999655  -0.004982  -0.007124  -0.000402  -0.097277  -0.046068  0.568709  2.000000  
48.286587 0.005465  0.096610  -0.005474  0.982414  0.185946  -0.016918  -0.185604  0.982421  0.019984  0.020336  -0.016492  0.999657  -0.005429  -0.007133  -0.000719  -0.107342  -0.049928  0.517930  2.000000  
48.287834 0.005455  0.096603  -0.005478  0.982414  0.185940  -0.016985  -0.185604  0.982429  0.019626  0.020336  -0.016128  0.999663  -0.005865  -0.007061  -0.001079  -0.120704  -0.053332  0.462551  2.000000  
48.289086 0.005444  0.096594  -0.005483  0.982379  0.186136  -0.016895  -0.185806  0.982396  0.019366  0.020202  -0.015886  0.999670  -0.006367  -0.007069  -0.001438  -0.129916  -0.056909  0.414113  2.000000  
48.290333 0.005434  0.096586  -0.005487  0.982381  0.186128  -0.016831  -0.185807  0.982403  0.018984  0.020068  -0.015522  0.999678  -0.006708  -0.006981  -0.001771  -0.143180  -0.060467  0.365614  2.000000  
48.291584 0.005423  0.096579  -0.005491  0.982381  0.186124  -0.016876  -0.185807  0.982407  0.018746  0.020068  -0.015280  0.999682  -0.007047  -0.006877  -0.002148  -0.152248  -0.064216  0.324191  2.000000  
48.292833 0.005413  0.096572  -0.005495  0.982381  0.186118  -0.016944  -0.185807  0.982414  0.018388  0.020068  -0.014916  0.999687  -0.007329  -0.006718  -0.002484  -0.165147  -0.063529  0.289496  2.000000  
48.294081 0.005404  0.096566  -0.005498  0.982381  0.186112  -0.017012  -0.185807  0.982421  0.018031  0.020068  -0.014552  0.999693  -0.007491  -0.006507  -0.002642  -0.176633  -0.062360  0.252819  2.000000  
48.295332 0.005396  0.096560  -0.005502  0.982381  0.186105  -0.017079  -0.185807  0.982427  0.017673  0.020068  -0.014188  0.999698  -0.007562  -0.006315  -0.002765  -0.189631  -0.061612  0.211676  2.000000  
48.296583 0.005388  0.096553  -0.005506  0.982381  0.186101  -0.017125  -0.185807  0.982432  0.017435  0.020068  -0.013946  0.999701  -0.007566  -0.006087  -0.002932  -0.196003  -0.061498  0.178855  2.000000  
48.297863 0.005380  0.096546  -0.005510  0.982381  0.186095  -0.017192  -0.185807  0.982438  0.017077  0.020068  -0.013582  0.999706  -0.007449  -0.005884  -0.003046  -0.204532  -0.056437  0.151118  2.000000  
48.298885 0.005375  0.096541  -0.005514  0.982381  0.186091  -0.017238  -0.185807  0.982442  0.016839  0.020068  -0.013340  0.999710  -0.007346  -0.005785  -0.003155  -0.208900  -0.056031  0.130313  2.000000  
48.300085 0.005371  0.096535  -0.005518  0.982343  0.186289  -0.017279  -0.186009  0.982408  0.016604  0.020068  -0.013097  0.999713  -0.007063  -0.005646  -0.003248  -0.217739  -0.051395  0.116799  2.000000  
48.301337 0.005366  0.096529  -0.005522  0.982343  0.186285  -0.017324  -0.186009  0.982412  0.016366  0.020068  -0.012855  0.999716  -0.006718  -0.005525  -0.003249  -0.218129  -0.046524  0.096108  2.000000  
48.302341 0.005363  0.096524  -0.005525  0.982343  0.186280  -0.017370  -0.186009  0.982416  0.016128  0.020068  -0.012612  0.999719  -0.006408  -0.005426  -0.003234  -0.222463  -0.041783  0.082342  2.000000  
48.303349 0.005360  0.096519  -0.005528  0.982343  0.186278  -0.017392  -0.186009  0.982418  0.016009  0.020068  -0.012491  0.999721  -0.005997  -0.005319  -0.003226  -0.222695  -0.037049  0.068569  2.000000  
48.304583 0.005358  0.096514  -0.005533  0.982305  0.186476  -0.017434  -0.186211  0.982383  0.015774  0.020068  -0.012248  0.999724  -0.005506  -0.005168  -0.003256  -0.222792  -0.037049  0.068608  2.000000  
48.305834 0.005355  0.096508  -0.005537  0.982305  0.186472  -0.017479  -0.186211  0.982387  0.015535  0.020068  -0.012006  0.999727  -0.004895  -0.004974  -0.003221  -0.223083  -0.032324  0.054853  2.000000  
48.306836 0.005353  0.096505  -0.005540  0.982307  0.186468  -0.017371  -0.186212  0.982389  0.015391  0.019935  -0.011884  0.999731  -0.004458  -0.004843  -0.003195  -0.219141  -0.036704  0.047871  2.000000  
48.308079 0.005353  0.096501  -0.005543  0.982269  0.186669  -0.017390  -0.186414  0.982353  0.015276  0.019935  -0.011763  0.999732  -0.003853  -0.004675  -0.003129  -0.215232  -0.032098  0.041033  2.000000  
48.309328 0.005352  0.096498  -0.005544  0.982231  0.186867  -0.017432  -0.186616  0.982318  0.015041  0.019935  -0.011521  0.999735  -0.003284  -0.004448  -0.003008  -0.215154  -0.027701  0.048038  2.000000  
48.310335 0.005352  0.096496  -0.005546  0.982231  0.186864  -0.017455  -0.186616  0.982320  0.014922  0.019935  -0.011399  0.999736  -0.002819  -0.004230  -0.002882  -0.213471  -0.022901  0.040838  2.000000  
48.311610 0.005353  0.096494  -0.005546  0.982231  0.186860  -0.017500  -0.186616  0.982323  0.014684  0.019935  -0.011157  0.999739  -0.002247  -0.003908  -0.002592  -0.211012  -0.018568  0.041218  2.000000  
48.312836 0.005353  0.096492  -0.005546  0.982190  0.187062  -0.017651  -0.186818  0.982286  0.014593  0.020068  -0.011036  0.999738  -0.001828  -0.003665  -0.002356  -0.207048  -0.014074  0.041307  2.000000  
48.314078 0.005354  0.096490  -0.005545  0.982151  0.187262  -0.017671  -0.187020  0.982249  0.014478  0.020068  -0.010914  0.999739  -0.001395  -0.003356  -0.002001  -0.201349  -0.013954  0.040980  2.000000  
48.315092 0.005354  0.096488  -0.005544  0.982151  0.187262  -0.017671  -0.187020  0.982249  0.014478  0.020068  -0.010914  0.999739  -0.001023  -0.003078  -0.001713  -0.194782  -0.009564  0.041365  2.000000  
48.316340 0.005356  0.096487  -0.005543  0.982113  0.187462  -0.017691  -0.187222  0.982213  0.014362  0.020068  -0.010793  0.999740  -0.000651  -0.002724  -0.001369  -0.190494  -0.009748  0.055216  2.000000  
48.317581 0.005357  0.096486  -0.005541  0.982074  0.187662  -0.017711  -0.187424  0.982176  0.014247  0.020068  -0.010672  0.999742  -0.000380  -0.002433  -0.000994  -0.184759  -0.009751  0.061629  2.000000  
48.318591 0.005357  0.096485  -0.005539  0.982074  0.187662  -0.017711  -0.187424  0.982176  0.014247  0.020068  -0.010672  0.999742  -0.000133  -0.002142  -0.000583  -0.174158  -0.005231  0.055270  2.000000  
48.319831 0.005358  0.096485  -0.005538  0.982035  0.187862  -0.017730  -0.187627  0.982139  0.014131  0.020068  -0.010551  0.999743  0.000042  -0.001870  -0.000246  -0.168592  -0.005269  0.061693  2.000000  
48.320832 0.005359  0.096484  -0.005536  0.981997  0.188064  -0.017728  -0.187829  0.982100  0.014135  0.020068  -0.010551  0.999743  0.000257  -0.001607  0.000068  0.000000  0.000000  0.000000  2.000000  
48.322081 0.005360  0.096484  -0.005535  0.981958  0.188266  -0.017725  -0.188031  0.982061  0.014138  0.020068  -0.010551  0.999743  0.000437  -0.001317  0.000437  0.000000  0.000000  0.000000  2.000000  
48.323346 0.005360  0.096483  -0.005534  0.981958  0.188266  -0.017725  -0.188031  0.982061  0.014138  0.020068  -0.010551  0.999743  0.000549  -0.001088  0.000675  0.000000  0.000000  0.000000  2.000000  
48.324579 0.005361  0.096483  -0.005532  0.981919  0.188469  -0.017722  -0.188233  0.982023  0.014142  0.020068  -0.010551  0.999743  0.000570  -0.000954  0.000848  0.000000  0.000000  0.000000  2.000000  
48.325832 0.005361  0.096483  -0.005531  0.981881  0.188671  -0.017719  -0.188435  0.981984  0.014146  0.020068  -0.010551  0.999743  0.000576  -0.000761  0.001010  0.000000  0.000000  0.000000  2.000000  
48.327080 0.005361  0.096483  -0.005529  0.981842  0.188875  -0.017693  -0.188637  0.981943  0.014268  0.020068  -0.010672  0.999742  0.000566  -0.000621  0.001109  0.000000  0.000000  0.000000  2.000000  
48.328083 0.005361  0.096483  -0.005527  0.981842  0.188875  -0.017693  -0.188637  0.981943  0.014268  0.020068  -0.010672  0.999742  0.000519  -0.000500  0.001241  0.000000  0.000000  0.000000  2.000000  
48.329331 0.005360  0.096484  -0.005525  0.981803  0.189077  -0.017690  -0.188840  0.981904  0.014272  0.020068  -0.010672  0.999742  0.000415  -0.000390  0.001348  0.000000  0.000000  0.000000  2.000000  
48.330374 0.005360  0.096484  -0.005523  0.981803  0.189077  -0.017690  -0.188840  0.981904  0.014272  0.020068  -0.010672  0.999742  0.000311  -0.000304  0.001399  0.000000  0.000000  0.000000  2.000000  
48.331583 0.005358  0.096483  -0.005521  0.981803  0.189079  -0.017667  -0.188840  0.981903  0.014391  0.020068  -0.010793  0.999740  0.000164  -0.000257  0.001434  0.000000  0.000000  0.000000  2.000000  
48.332585 0.005357  0.096483  -0.005519  0.981764  0.189281  -0.017664  -0.189042  0.981864  0.014395  0.020068  -0.010793  0.999740  -0.000003  -0.000226  0.001449  0.000000  0.000000  0.000000  2.000000  
48.333597 0.005355  0.096482  -0.005518  0.981764  0.189281  -0.017664  -0.189042  0.981864  0.014395  0.020068  -0.010793  0.999740  -0.000122  -0.000188  0.001435  0.000000  0.000000  0.000000  2.000000  
48.334837 0.005354  0.096482  -0.005516  0.981761  0.189283  -0.017795  -0.189041  0.981863  0.014420  0.020202  -0.010793  0.999738  -0.000313  -0.000204  0.001417  0.000000  0.000000  0.000000  2.000000  
48.336082 0.005352  0.096482  -0.005514  0.981722  0.189485  -0.017793  -0.189243  0.981824  0.014424  0.020202  -0.010793  0.999738  -0.000450  -0.000158  0.001448  0.000000  0.000000  0.000000  2.000000  
48.337082 0.005351  0.096481  -0.005514  0.981722  0.189485  -0.017793  -0.189243  0.981824  0.014424  0.020202  -0.010793  0.999738  -0.000615  -0.000129  0.001431  0.000000  0.000000  0.000000  2.000000  
48.338343 0.005349  0.096481  -0.005513  0.981722  0.189487  -0.017770  -0.189243  0.981823  0.014543  0.020202  -0.010914  0.999736  -0.000734  -0.000161  0.001394  0.000000  0.000000  0.000000  2.000000  
48.339582 0.005347  0.096480  -0.005512  0.981722  0.189487  -0.017770  -0.189243  0.981823  0.014543  0.020202  -0.010914  0.999736  -0.000904  -0.000208  0.001340  0.000000  0.000000  0.000000  2.000000  
48.340584 0.005345  0.096479  -0.005512  0.981722  0.189489  -0.017747  -0.189243  0.981821  0.014662  0.020202  -0.011036  0.999735  -0.001040  -0.000277  0.001238  0.000000  0.000000  0.000000  2.000000  
48.341585 0.005344  0.096478  -0.005513  0.981761  0.189287  -0.017750  -0.189041  0.981860  0.014658  0.020202  -0.011036  0.999735  -0.001134  -0.000320  0.001123  0.000000  0.000000  0.000000  2.000000  
48.342828 0.005342  0.096477  -0.005514  0.981761  0.189287  -0.017750  -0.189041  0.981860  0.014658  0.020202  -0.011036  0.999735  -0.001276  -0.000424  0.000935  0.000000  0.000000  0.000000  2.000000  
48.344082 0.005340  0.096475  -0.005514  0.981761  0.189289  -0.017727  -0.189041  0.981858  0.014777  0.020202  -0.011157  0.999734  -0.001364  -0.000565  0.000719  0.000000  0.000000  0.000000  2.000000  
48.345082 0.005338  0.096474  -0.005515  0.981761  0.189289  -0.017727  -0.189041  0.981858  0.014777  0.020202  -0.011157  0.999734  -0.001445  -0.000611  0.000573  0.000000  0.000000  0.000000  2.000000  
48.346342 0.005336  0.096472  -0.005516  0.981761  0.189291  -0.017704  -0.189041  0.981856  0.014896  0.020202  -0.011278  0.999732  -0.001511  -0.000751  0.000298  0.000000  0.000000  0.000000  2.000000  
48.347579 0.005334  0.096470  -0.005517  0.981800  0.189089  -0.017707  -0.188839  0.981895  0.014893  0.020202  -0.011278  0.999732  -0.001538  -0.000832  0.000133  0.000000  0.000000  0.000000  2.000000  
48.348587 0.005332  0.096469  -0.005518  0.981800  0.189089  -0.017707  -0.188839  0.981895  0.014893  0.020202  -0.011278  0.999732  -0.001548  -0.000899  -0.000041  0.000000  0.000000  0.000000  2.000000  
48.349587 0.005331  0.096468  -0.005519  0.981800  0.189091  -0.017684  -0.188839  0.981893  0.015012  0.020202  -0.011399  0.999731  -0.001564  -0.000950  -0.000163  0.000000  0.000000  0.000000  2.000000  
48.350833 0.005329  0.096466  -0.005519  0.981839  0.188889  -0.017687  -0.188637  0.981932  0.015008  0.020202  -0.011399  0.999731  -0.001565  -0.001041  -0.000329  0.000000  0.000000  0.000000  2.000000  
48.352083 0.005328  0.096465  -0.005520  0.981839  0.188889  -0.017687  -0.188637  0.981932  0.015008  0.020202  -0.011399  0.999731  -0.001498  -0.001097  -0.000445  0.000000  0.000000  0.000000  2.000000  
48.353347 0.005327  0.096465  -0.005520  0.981839  0.188889  -0.017687  -0.188637  0.981932  0.015008  0.020202  -0.011399  0.999731  -0.001441  -0.001072  -0.000492  0.000000  0.000000  0.000000  2.000000  
48.354584 0.005327  0.096464  -0.005520  0.981878  0.188689  -0.017667  -0.188435  0.981969  0.015124  0.020202  -0.011521  0.999730  -0.001344  -0.001025  -0.000553  0.000000  0.000000  0.000000  2.000000  
48.355832 0.005326  0.096464  -0.005521  0.981878  0.188689  -0.017667  -0.188435  0.981969  0.015124  0.020202  -0.011521  0.999730  -0.001263  -0.000993  -0.000536  0.000000  0.000000  0.000000  2.000000  
48.357081 0.005326  0.096463  -0.005522  0.981878  0.188689  -0.017667  -0.188435  0.981969  0.015124  0.020202  -0.011521  0.999730  -0.001140  -0.000936  -0.000532  0.000000  0.000000  0.000000  2.000000  
48.358082 0.005325  0.096462  -0.005522  0.981878  0.188689  -0.017667  -0.188435  0.981969  0.015124  0.020202  -0.011521  0.999730  -0.001051  -0.000927  -0.000506  0.000000  0.000000  0.000000  2.000000  
48.359334 0.005326  0.096462  -0.005522  0.981878  0.188689  -0.017667  -0.188435  0.981969  0.015124  0.020202  -0.011521  0.999730  -0.000897  -0.000840  -0.000482  0.000000  0.000000  0.000000  2.000000  
48.360579 0.005325  0.096462  -0.005523  0.981917  0.188487  -0.017670  -0.188233  0.982008  0.015120  0.020202  -0.011521  0.999730  -0.000790  -0.000798  -0.000491  0.000000  0.000000  0.000000  2.000000  
48.361582 0.005326  0.096461  -0.005524  0.981917  0.188489  -0.017647  -0.188233  0.982006  0.015239  0.020202  -0.011642  0.999728  -0.000607  -0.000699  -0.000488  0.000000  0.000000  0.000000  2.000000  
48.362582 0.005326  0.096461  -0.005524  0.981917  0.188489  -0.017647  -0.188233  0.982006  0.015239  0.020202  -0.011642  0.999728  -0.000475  -0.000588  -0.000440  0.000000  0.000000  0.000000  2.000000  
48.363585 0.005327  0.096461  -0.005525  0.981917  0.188489  -0.017647  -0.188233  0.982006  0.015239  0.020202  -0.011642  0.999728  -0.000375  -0.000550  -0.000450  0.000000  0.000000  0.000000  2.000000  
48.364850 0.005328  0.096461  -0.005526  0.981917  0.188491  -0.017624  -0.188233  0.982004  0.015358  0.020202  -0.011763  0.999727  -0.000185  -0.000447  -0.000446  0.000000  0.000000  0.000000  2.000000  
48.366085 0.005329  0.096461  -0.005526  0.981878  0.188694  -0.017621  -0.188435  0.981966  0.015362  0.020202  -0.011763  0.999727  0.000015  -0.000317  -0.000480  0.000000  0.000000  0.000000  2.000000  
48.367334 0.005330  0.096461  -0.005527  0.981878  0.188694  -0.017621  -0.188435  0.981966  0.015362  0.020202  -0.011763  0.999727  0.000143  -0.000239  -0.000520  0.000000  0.000000  0.000000  2.000000  
48.368336 0.005331  0.096462  -0.005527  0.981878  0.188696  -0.017598  -0.188435  0.981964  0.015481  0.020202  -0.011884  0.999725  0.000258  -0.000198  -0.000465  0.000000  0.000000  0.000000  2.000000  
48.369583 0.005333  0.096463  -0.005527  0.981878  0.188696  -0.017598  -0.188435  0.981964  0.015481  0.020202  -0.011884  0.999725  0.000400  -0.000091  -0.000451  0.000000  0.000000  0.000000  2.000000  
48.370584 0.005334  0.096464  -0.005527  0.981878  0.188696  -0.017598  -0.188435  0.981964  0.015481  0.020202  -0.011884  0.999725  0.000539  0.000018  -0.000410  0.000000  0.000000  0.000000  2.000000  
48.371832 0.005335  0.096465  -0.005526  0.981878  0.188696  -0.017598  -0.188435  0.981964  0.015481  0.020202  -0.011884  0.999725  0.000659  0.000132  -0.000329  0.000000  0.000000  0.000000  2.000000  
48.372832 0.005336  0.096466  -0.005526  0.981839  0.188898  -0.017595  -0.188637  0.981925  0.015485  0.020202  -0.011884  0.999725  0.000740  0.000240  -0.000277  0.000000  0.000000  0.000000  2.000000  
48.374077 0.005337  0.096467  -0.005525  0.981839  0.188900  -0.017572  -0.188637  0.981923  0.015604  0.020202  -0.012006  0.999724  0.000774  0.000295  -0.000199  0.000000  0.000000  0.000000  2.000000  
48.375079 0.005338  0.096468  -0.005525  0.981836  0.188902  -0.017704  -0.188636  0.981923  0.015629  0.020336  -0.012006  0.999721  0.000848  0.000433  -0.000127  0.000000  0.000000  0.000000  2.000000  
48.376333 0.005339  0.096469  -0.005524  0.981836  0.188902  -0.017704  -0.188636  0.981923  0.015629  0.020336  -0.012006  0.999721  0.000865  0.000540  -0.000038  0.000000  0.000000  0.000000  2.000000  
48.377581 0.005339  0.096470  -0.005524  0.981798  0.189104  -0.017700  -0.188838  0.981884  0.015633  0.020336  -0.012006  0.999721  0.000889  0.000612  0.000027  0.000000  0.000000  0.000000  2.000000  
48.378827 0.005340  0.096472  -0.005523  0.981798  0.189104  -0.017700  -0.188838  0.981884  0.015633  0.020336  -0.012006  0.999721  0.000911  0.000751  0.000201  0.000000  0.000000  0.000000  2.000000  
48.379831 0.005341  0.096473  -0.005522  0.981798  0.189106  -0.017678  -0.188838  0.981882  0.015752  0.020336  -0.012127  0.999720  0.000921  0.000805  0.000245  0.000000  0.000000  0.000000  2.000000  
48.381078 0.005342  0.096473  -0.005522  0.981798  0.189106  -0.017678  -0.188838  0.981882  0.015752  0.020336  -0.012127  0.999720  0.000836  0.000828  0.000305  0.000000  0.000000  0.000000  2.000000  
48.382086 0.005342  0.096474  -0.005522  0.981798  0.189106  -0.017678  -0.188838  0.981882  0.015752  0.020336  -0.012127  0.999720  0.000816  0.000870  0.000368  0.000000  0.000000  0.000000  2.000000  
48.383344 0.005342  0.096475  -0.005521  0.981759  0.189310  -0.017651  -0.189041  0.981841  0.015875  0.020336  -0.012248  0.999718  0.000722  0.000840  0.000385  0.000000  0.000000  0.000000  2.000000  
48.384582 0.005343  0.096475  -0.005521  0.981759  0.189310  -0.017651  -0.189041  0.981841  0.015875  0.020336  -0.012248  0.999718  0.000648  0.000827  0.000416  0.000000  0.000000  0.000000  2.000000  
48.385585 0.005343  0.096475  -0.005521  0.981756  0.189312  -0.017783  -0.189040  0.981841  0.015900  0.020470  -0.012248  0.999715  0.000557  0.000758  0.000395  0.000000  0.000000  0.000000  2.000000  
48.386836 0.005342  0.096475  -0.005520  0.981756  0.189312  -0.017783  -0.189040  0.981841  0.015900  0.020470  -0.012248  0.999715  0.000471  0.000706  0.000422  0.000000  0.000000  0.000000  2.000000  
48.388081 0.005342  0.096475  -0.005520  0.981756  0.189314  -0.017760  -0.189040  0.981839  0.016019  0.020470  -0.012369  0.999714  0.000378  0.000602  0.000404  0.000000  0.000000  0.000000  2.000000  
48.389082 0.005342  0.096475  -0.005519  0.981717  0.189516  -0.017756  -0.189242  0.981800  0.016023  0.020470  -0.012369  0.999714  0.000305  0.000547  0.000397  0.000000  0.000000  0.000000  2.000000  
48.390329 0.005342  0.096475  -0.005519  0.981717  0.189516  -0.017756  -0.189242  0.981800  0.016023  0.020470  -0.012369  0.999714  0.000249  0.000460  0.000360  0.000000  0.000000  0.000000  2.000000  
48.391333 0.005342  0.096475  -0.005519  0.981717  0.189516  -0.017756  -0.189242  0.981800  0.016023  0.020470  -0.012369  0.999714  0.000216  0.000413  0.000382  0.000000  0.000000  0.000000  2.000000  
48.392333 0.005342  0.096475  -0.005519  0.981714  0.189518  -0.017888  -0.189242  0.981799  0.016048  0.020604  -0.012369  0.999711  0.000168  0.000340  0.000358  0.000000  0.000000  0.000000  2.000000  
48.393343 0.005341  0.096475  -0.005518  0.981714  0.189518  -0.017888  -0.189242  0.981799  0.016048  0.020604  -0.012369  0.999711  0.000078  0.000255  0.000296  0.000000  0.000000  0.000000  2.000000  
48.394581 0.005341  0.096475  -0.005518  0.981675  0.189720  -0.017884  -0.189444  0.981760  0.016052  0.020604  -0.012369  0.999711  0.000005  0.000125  0.000254  0.000000  0.000000  0.000000  2.000000  
48.395582 0.005341  0.096475  -0.005518  0.981673  0.189721  -0.018016  -0.189443  0.981760  0.016077  0.020737  -0.012369  0.999708  -0.000016  0.000073  0.000240  0.000000  0.000000  0.000000  2.000000  
48.396587 0.005341  0.096474  -0.005519  0.981673  0.189721  -0.018016  -0.189443  0.981760  0.016077  0.020737  -0.012369  0.999708  -0.000068  -0.000006  0.000213  0.000000  0.000000  0.000000  2.000000  
48.397827 0.005341  0.096473  -0.005519  0.981673  0.189721  -0.018016  -0.189443  0.981760  0.016077  0.020737  -0.012369  0.999708  -0.000105  -0.000086  0.000145  0.000000  0.000000  0.000000  2.000000  
48.398843 0.005340  0.096473  -0.005519  0.981634  0.189924  -0.018012  -0.189645  0.981721  0.016081  0.020737  -0.012369  0.999708  -0.000135  -0.000189  0.000091  0.000000  0.000000  0.000000  2.000000  
48.400082 0.005340  0.096472  -0.005520  0.981631  0.189925  -0.018144  -0.189645  0.981721  0.016106  0.020871  -0.012369  0.999706  -0.000146  -0.000246  0.000048  0.000000  0.000000  0.000000  2.000000  
48.401082 0.005340  0.096471  -0.005521  0.981631  0.189925  -0.018144  -0.189645  0.981721  0.016106  0.020871  -0.012369  0.999706  -0.000169  -0.000326  -0.000050  0.000000  0.000000  0.000000  2.000000  
48.402344 0.005340  0.096470  -0.005522  0.981628  0.189927  -0.018275  -0.189644  0.981720  0.016131  0.021005  -0.012369  0.999703  -0.000168  -0.000387  -0.000129  0.000000  0.000000  0.000000  2.000000  
48.403349 0.005339  0.096469  -0.005523  0.981589  0.190129  -0.018272  -0.189846  0.981681  0.016135  0.021005  -0.012369  0.999703  -0.000215  -0.000447  -0.000204  0.000000  0.000000  0.000000  2.000000  
48.404362 0.005339  0.096468  -0.005524  0.981589  0.190129  -0.018272  -0.189846  0.981681  0.016135  0.021005  -0.012369  0.999703  -0.000206  -0.000483  -0.000325  0.000000  0.000000  0.000000  2.000000  
48.405580 0.005339  0.096467  -0.005525  0.981586  0.190131  -0.018403  -0.189846  0.981681  0.016161  0.021139  -0.012369  0.999700  -0.000212  -0.000529  -0.000364  0.000000  0.000000  0.000000  2.000000  
48.406585 0.005339  0.096467  -0.005525  0.981547  0.190333  -0.018400  -0.190048  0.981642  0.016164  0.021139  -0.012369  0.999700  -0.000208  -0.000584  -0.000441  0.000000  0.000000  0.000000  2.000000  
48.407829 0.005339  0.096466  -0.005526  0.981544  0.190334  -0.018531  -0.190047  0.981641  0.016190  0.021272  -0.012369  0.999697  -0.000183  -0.000590  -0.000508  0.000000  0.000000  0.000000  2.000000  
48.408830 0.005339  0.096466  -0.005527  0.981505  0.190534  -0.018551  -0.190249  0.981604  0.016075  0.021272  -0.012248  0.999699  -0.000150  -0.000617  -0.000565  0.000000  0.000000  0.000000  2.000000  
48.410082 0.005339  0.096465  -0.005528  0.981502  0.190536  -0.018682  -0.190249  0.981604  0.016100  0.021406  -0.012248  0.999696  -0.000166  -0.000639  -0.000672  0.000000  0.000000  0.000000  2.000000  
48.411082 0.005339  0.096465  -0.005529  0.981460  0.190739  -0.018810  -0.190450  0.981564  0.016129  0.021540  -0.012248  0.999693  -0.000121  -0.000603  -0.000674  0.000000  0.000000  0.000000  2.000000  
48.412332 0.005339  0.096465  -0.005530  0.981458  0.190741  -0.018942  -0.190450  0.981564  0.016155  0.021674  -0.012248  0.999690  -0.000106  -0.000597  -0.000763  0.000000  0.000000  0.000000  2.000000  
48.413348 0.005339  0.096465  -0.005530  0.981418  0.190943  -0.018938  -0.190652  0.981525  0.016159  0.021674  -0.012248  0.999690  -0.000084  -0.000546  -0.000751  0.000000  0.000000  0.000000  2.000000  
48.414580 0.005339  0.096464  -0.005531  0.981416  0.190945  -0.019069  -0.190651  0.981524  0.016184  0.021807  -0.012248  0.999687  -0.000083  -0.000537  -0.000739  0.000000  0.000000  0.000000  2.000000  
48.415657 0.005339  0.096464  -0.005532  0.981373  0.191148  -0.019197  -0.190853  0.981485  0.016214  0.021941  -0.012248  0.999684  -0.000063  -0.000493  -0.000737  0.000000  0.000000  0.000000  2.000000  
48.416834 0.005339  0.096464  -0.005532  0.981334  0.191350  -0.019194  -0.191055  0.981445  0.016218  0.021941  -0.012248  0.999684  -0.000012  -0.000416  -0.000710  0.000000  0.000000  0.000000  2.000000  
48.418082 0.005340  0.096464  -0.005533  0.981331  0.191352  -0.019325  -0.191054  0.981445  0.016243  0.022075  -0.012248  0.999681  0.000044  -0.000317  -0.000723  0.000000  0.000000  0.000000  2.000000  
48.419334 0.005340  0.096464  -0.005534  0.981289  0.191556  -0.019453  -0.191256  0.981405  0.016273  0.022209  -0.012248  0.999678  0.000060  -0.000281  -0.000658  0.000000  0.000000  0.000000  2.000000  
48.420582 0.005340  0.096464  -0.005535  0.981247  0.191762  -0.019558  -0.191457  0.981364  0.016421  0.022343  -0.012369  0.999674  0.000087  -0.000215  -0.000701  0.000000  0.000000  0.000000  2.000000  
48.421583 0.005341  0.096465  -0.005535  0.981244  0.191763  -0.019689  -0.191457  0.981363  0.016447  0.022476  -0.012369  0.999671  0.000136  -0.000133  -0.000659  0.000000  0.000000  0.000000  2.000000  
48.422832 0.005342  0.096465  -0.005536  0.981201  0.191967  -0.019817  -0.191658  0.981323  0.016477  0.022610  -0.012369  0.999668  0.000190  -0.000056  -0.000639  0.000000  0.000000  0.000000  2.000000  
48.424077 0.005342  0.096466  -0.005536  0.981159  0.192171  -0.019945  -0.191859  0.981284  0.016506  0.022744  -0.012369  0.999665  0.000195  -0.000003  -0.000584  0.000000  0.000000  0.000000  2.000000  
48.425080 0.005342  0.096465  -0.005537  0.981156  0.192172  -0.020076  -0.191859  0.981283  0.016532  0.022878  -0.012369  0.999662  0.000237  0.000023  -0.000598  0.000000  0.000000  0.000000  2.000000  
48.426083 0.005343  0.096466  -0.005537  0.981116  0.192374  -0.020073  -0.192061  0.981244  0.016536  0.022878  -0.012369  0.999662  0.000259  0.000054  -0.000553  0.000000  0.000000  0.000000  2.000000  
48.427333 0.005343  0.096466  -0.005538  0.981074  0.192578  -0.020201  -0.192262  0.981204  0.016566  0.023011  -0.012369  0.999659  0.000288  0.000083  -0.000533  0.000000  0.000000  0.000000  2.000000  
48.428583 0.005344  0.096466  -0.005538  0.981068  0.192581  -0.020463  -0.192261  0.981203  0.016618  0.023279  -0.012369  0.999652  0.000355  0.000135  -0.000517  0.000000  0.000000  0.000000  2.000000  
48.429586 0.005344  0.096466  -0.005539  0.981028  0.192783  -0.020460  -0.192463  0.981163  0.016622  0.023279  -0.012369  0.999652  0.000353  0.000159  -0.000535  0.000000  0.000000  0.000000  2.000000  
48.430827 0.005345  0.096467  -0.005539  0.980982  0.192988  -0.020719  -0.192664  0.981123  0.016678  0.023546  -0.012369  0.999646  0.000376  0.000185  -0.000507  0.000000  0.000000  0.000000  2.000000  
48.431836 0.005345  0.096467  -0.005540  0.980939  0.193192  -0.020847  -0.192865  0.981083  0.016708  0.023680  -0.012369  0.999643  0.000370  0.000191  -0.000481  0.000000  0.000000  0.000000  2.000000  
48.433083 0.005346  0.096467  -0.005540  0.980936  0.193194  -0.020978  -0.192865  0.981083  0.016733  0.023814  -0.012368  0.999640  0.000400  0.000219  -0.000461  0.000000  0.000000  0.000000  2.000000  
48.434083 0.005346  0.096467  -0.005541  0.980894  0.193397  -0.021106  -0.193066  0.981043  0.016764  0.023948  -0.012368  0.999637  0.000404  0.000239  -0.000504  0.000000  0.000000  0.000000  2.000000  
48.435336 0.005347  0.096468  -0.005541  0.980847  0.193602  -0.021365  -0.193267  0.981002  0.016820  0.024215  -0.012368  0.999630  0.000430  0.000248  -0.000440  0.000000  0.000000  0.000000  2.000000  
48.436339 0.005347  0.096468  -0.005542  0.980804  0.193806  -0.021493  -0.193468  0.980962  0.016850  0.024349  -0.012368  0.999627  0.000404  0.000239  -0.000504  0.000000  0.000000  0.000000  2.000000  
48.437582 0.005347  0.096468  -0.005543  0.980758  0.194011  -0.021751  -0.193669  0.980921  0.016906  0.024616  -0.012368  0.999620  0.000374  0.000210  -0.000525  0.000000  0.000000  0.000000  2.000000  
48.438832 0.005348  0.096468  -0.005544  0.980715  0.194215  -0.021879  -0.193870  0.980881  0.016937  0.024750  -0.012368  0.999617  0.000395  0.000185  -0.000549  0.000000  0.000000  0.000000  2.000000  
48.440084 0.005348  0.096468  -0.005545  0.980669  0.194420  -0.022138  -0.194070  0.980840  0.016993  0.025018  -0.012368  0.999610  0.000395  0.000185  -0.000549  0.000000  0.000000  0.000000  2.000000  
48.441337 0.005349  0.096468  -0.005546  0.980582  0.194827  -0.022394  -0.194473  0.980760  0.017054  0.025285  -0.012368  0.999604  0.000372  0.000151  -0.000593  0.000000  0.000000  0.000000  2.000000  
48.442580 0.005349  0.096468  -0.005547  0.980539  0.195031  -0.022521  -0.194674  0.980719  0.017085  0.025419  -0.012368  0.999600  0.000380  0.000129  -0.000584  0.000000  0.000000  0.000000  2.000000  
48.443580 0.005350  0.096468  -0.005548  0.980492  0.195236  -0.022780  -0.194875  0.980678  0.017142  0.025687  -0.012368  0.999594  0.000363  0.000099  -0.000637  0.000000  0.000000  0.000000  2.000000  
48.444580 0.005350  0.096467  -0.005548  0.980448  0.195439  -0.022908  -0.195076  0.980638  0.017172  0.025820  -0.012368  0.999590  0.000380  0.000055  -0.000618  0.000000  0.000000  0.000000  2.000000  
48.445829 0.005351  0.096467  -0.005550  0.980401  0.195644  -0.023166  -0.195276  0.980597  0.017229  0.026088  -0.012368  0.999583  0.000390  -0.000001  -0.000707  0.000000  0.000000  0.000000  2.000000  
48.447082 0.005351  0.096466  -0.005551  0.980314  0.196051  -0.023422  -0.195679  0.980516  0.017291  0.026355  -0.012368  0.999576  0.000387  -0.000057  -0.000772  0.000000  0.000000  0.000000  2.000000  
48.448102 0.005352  0.096466  -0.005552  0.980267  0.196256  -0.023680  -0.195879  0.980475  0.017348  0.026623  -0.012368  0.999569  0.000410  -0.000102  -0.000765  0.000000  0.000000  0.000000  2.000000  
48.449336 0.005352  0.096465  -0.005553  0.980179  0.196663  -0.023936  -0.196281  0.980393  0.017411  0.026890  -0.012368  0.999562  0.000437  -0.000128  -0.000810  0.008323  0.155244  0.174846  2.000000  
48.450346 0.005353  0.096465  -0.005554  0.980135  0.196867  -0.024063  -0.196482  0.980352  0.017442  0.027024  -0.012367  0.999558  0.000414  -0.000159  -0.000843  0.004268  0.155183  0.174799  2.000000  
48.451582 0.005354  0.096465  -0.005555  0.980043  0.197275  -0.024449  -0.196884  0.980270  0.017531  0.027425  -0.012367  0.999547  0.000466  -0.000175  -0.000824  0.004623  0.162721  0.187262  2.000000  
48.452582 0.005354  0.096465  -0.005556  0.979999  0.197479  -0.024577  -0.197085  0.980229  0.017562  0.027559  -0.012367  0.999544  0.000495  -0.000203  -0.000862  0.004687  0.164076  0.188820  2.000000  
48.453832 0.005355  0.096465  -0.005558  0.979907  0.197887  -0.024963  -0.197486  0.980147  0.017652  0.027960  -0.012367  0.999533  0.000478  -0.000252  -0.000891  0.004912  0.172963  0.195824  2.000000  
48.455082 0.005356  0.096464  -0.005558  0.979818  0.198294  -0.025218  -0.197888  0.980065  0.017715  0.028228  -0.012367  0.999525  0.000536  -0.000271  -0.000885  0.005305  0.177324  0.209753  2.000000  
48.456334 0.005357  0.096464  -0.005560  0.979729  0.198701  -0.025473  -0.198290  0.979982  0.017778  0.028495  -0.012367  0.999517  0.000557  -0.000296  -0.000909  0.005480  0.180255  0.214959  2.000000  
