1-Time 2-Px 3-Py 4-Pz 5-R11 6-R21 7-R31 8-R12 9-R22 10-R32 11-R13 12-R23 13-R33 14-Vx 15-Vy 16-Vz 17-Wx 18-Wy 19-Wz 20-state 21-PR11 22-PR21 23-PR31 24-PR12 25-PR22 26-PR32 27-PR13 28-PR23 29-PR33 
66.753405 0.005034  0.092533  -0.011148  0.986701  0.129142  -0.098708  -0.130143  0.991488  -0.003742  0.097385  0.016538  0.995109  -0.000110  0.000173  -0.000238  0.000000  0.000000  0.000000  2.000000  
66.754424 0.005035  0.092533  -0.011149  0.986674  0.129346  -0.098709  -0.130346  0.991462  -0.003721  0.097385  0.016538  0.995109  -0.000100  0.000173  -0.000277  0.000000  0.000000  0.000000  2.000000  
66.755659 0.005034  0.092532  -0.011149  0.986568  0.129954  -0.098975  -0.130952  0.991382  -0.003625  0.097651  0.016538  0.995083  -0.000093  0.000072  -0.000305  0.000000  0.000000  0.000000  2.000000  
66.756660 0.005035  0.092530  -0.011150  0.986461  0.130562  -0.099241  -0.131558  0.991302  -0.003529  0.097917  0.016537  0.995057  -0.000074  -0.000033  -0.000369  0.000000  0.000000  0.000000  2.000000  
66.757907 0.005036  0.092528  -0.011150  0.986380  0.130966  -0.099507  -0.131960  0.991249  -0.003453  0.098184  0.016537  0.995031  0.000003  -0.000182  -0.000385  0.000000  0.000000  0.000000  2.000000  
66.759155 0.005037  0.092526  -0.011151  0.986273  0.131573  -0.099773  -0.132566  0.991168  -0.003356  0.098450  0.016536  0.995005  0.000099  -0.000359  -0.000428  0.000000  0.000000  0.000000  2.000000  
66.760160 0.005038  0.092525  -0.011152  0.986179  0.131975  -0.100170  -0.132967  0.991115  -0.003261  0.098849  0.016536  0.994965  0.000186  -0.000454  -0.000396  0.000000  0.000000  0.000000  2.000000  
66.761407 0.005040  0.092524  -0.011151  0.985974  0.133192  -0.100569  -0.134179  0.990952  -0.003084  0.099249  0.016535  0.994925  0.000318  -0.000541  -0.000366  0.000000  0.000000  0.000000  2.000000  
66.762426 0.005041  0.092522  -0.011152  0.985768  0.134410  -0.100969  -0.135392  0.990788  -0.002905  0.099648  0.016534  0.994885  0.000382  -0.000650  -0.000406  0.017711  0.079356  0.177605  2.000000  
66.763661 0.005042  0.092520  -0.011154  0.985519  0.135816  -0.101517  -0.136805  0.990594  -0.002807  0.100181  0.016654  0.994830  0.000443  -0.000809  -0.000524  0.018475  0.098191  0.225565  2.000000  
66.764661 0.005042  0.092519  -0.011158  0.985366  0.136626  -0.101914  -0.137611  0.990483  -0.002668  0.100580  0.016653  0.994790  0.000502  -0.000901  -0.000741  0.021260  0.112136  0.252867  2.000000  
66.765664 0.005043  0.092519  -0.011162  0.985184  0.137638  -0.102313  -0.138619  0.990343  -0.002507  0.100979  0.016653  0.994749  0.000556  -0.000949  -0.001013  0.024740  0.126189  0.287035  2.000000  
66.766910 0.005044  0.092519  -0.011166  0.984930  0.139044  -0.102860  -0.140031  0.990144  -0.002405  0.101512  0.016772  0.994693  0.000620  -0.000943  -0.001238  0.025559  0.145000  0.334912  2.000000  
66.768160 0.005045  0.092519  -0.011170  0.984689  0.140256  -0.103522  -0.141238  0.989973  -0.002183  0.102177  0.016771  0.994625  0.000735  -0.000937  -0.001471  0.029826  0.168238  0.375976  2.000000  
66.769412 0.005047  0.092517  -0.011175  0.984400  0.141865  -0.104069  -0.142852  0.989742  -0.002057  0.102710  0.016891  0.994568  0.000826  -0.001046  -0.001759  0.031376  0.187097  0.430556  2.000000  
66.770735 0.005049  0.092516  -0.011180  0.984125  0.143267  -0.104748  -0.144260  0.989538  -0.001930  0.103375  0.017010  0.994497  0.000974  -0.001057  -0.002081  0.032228  0.209901  0.477166  2.000000  
66.771911 0.005052  0.092514  -0.011184  0.983848  0.144682  -0.105408  -0.145668  0.989332  -0.001682  0.104041  0.017009  0.994428  0.001135  -0.001054  -0.002295  0.037344  0.233700  0.526104  2.000000  
66.773158 0.005054  0.092512  -0.011186  0.983612  0.145882  -0.105954  -0.146875  0.989154  -0.001593  0.104573  0.017129  0.994370  0.001223  -0.001063  -0.002409  0.037608  0.252455  0.567159  2.000000  
66.774423 0.005057  0.092508  -0.011187  0.983330  0.147283  -0.106632  -0.148282  0.988944  -0.001461  0.105238  0.017248  0.994297  0.001349  -0.001211  -0.002430  0.038611  0.275654  0.614625  2.000000  
66.775655 0.005062  0.092503  -0.011188  0.983014  0.148887  -0.107310  -0.149891  0.988702  -0.001305  0.105903  0.017368  0.994225  0.001543  -0.001413  -0.002429  0.040388  0.299244  0.669567  2.000000  
66.776657 0.005066  0.092499  -0.011188  0.982803  0.149869  -0.107874  -0.150894  0.988549  -0.001354  0.106436  0.017608  0.994164  0.001727  -0.001583  -0.002448  0.035948  0.317963  0.703756  2.000000  
66.777663 0.005069  0.092495  -0.011189  0.982577  0.150862  -0.108551  -0.151895  0.988396  -0.001261  0.107101  0.017727  0.994090  0.001868  -0.001777  -0.002430  0.035626  0.340886  0.737319  2.000000  
66.778666 0.005071  0.092490  -0.011189  0.982395  0.151640  -0.109114  -0.152695  0.988272  -0.001330  0.107633  0.017967  0.994028  0.002006  -0.002016  -0.002342  0.030511  0.359431  0.764467  2.000000  
66.779910 0.005075  0.092484  -0.011190  0.982166  0.152619  -0.109809  -0.153695  0.988117  -0.001354  0.108298  0.018207  0.993952  0.002244  -0.002364  -0.002078  0.026183  0.382695  0.798611  2.000000  
66.780911 0.005079  0.092479  -0.011192  0.981996  0.153412  -0.110223  -0.154497  0.987992  -0.001322  0.108697  0.018327  0.993906  0.002400  -0.002684  -0.001950  0.025118  0.396666  0.825764  2.000000  
66.782160 0.005083  0.092472  -0.011193  0.981747  0.154582  -0.110806  -0.155701  0.987803  -0.001462  0.109229  0.018687  0.993841  0.002630  -0.003175  -0.001737  0.017406  0.415615  0.866817  2.000000  
66.783413 0.005087  0.092466  -0.011195  0.981528  0.155562  -0.111371  -0.156702  0.987645  -0.001503  0.109761  0.018927  0.993778  0.002807  -0.003554  -0.001557  0.013071  0.434334  0.900866  2.000000  
66.784425 0.005090  0.092461  -0.011196  0.981402  0.156140  -0.111672  -0.157303  0.987549  -0.001632  0.110027  0.019168  0.993744  0.002843  -0.003778  -0.001317  0.006472  0.443478  0.913981  2.000000  
66.785660 0.005093  0.092455  -0.011197  0.981246  0.156712  -0.112236  -0.157900  0.987454  -0.001718  0.110559  0.019408  0.993680  0.002912  -0.004043  -0.001147  -0.001967  0.448181  0.907375  2.000000  
66.786661 0.005095  0.092450  -0.011199  0.981152  0.157086  -0.112538  -0.158299  0.987389  -0.001869  0.110825  0.019648  0.993646  0.002906  -0.004325  -0.000981  -0.010659  0.452648  0.900311  2.000000  
66.787907 0.005096  0.092444  -0.011199  0.980977  0.157850  -0.112990  -0.159100  0.987260  -0.002072  0.111224  0.020009  0.993594  0.002797  -0.004590  -0.000880  -0.020243  0.453913  0.913166  2.000000  
66.788907 0.005097  0.092438  -0.011199  0.980882  0.158224  -0.113292  -0.159499  0.987196  -0.002222  0.111490  0.020249  0.993559  0.002701  -0.004813  -0.000847  -0.028082  0.454015  0.913069  2.000000  
66.790161 0.005097  0.092430  -0.011200  0.980754  0.158787  -0.113613  -0.160100  0.987098  -0.002468  0.111756  0.020610  0.993522  0.002453  -0.005037  -0.000823  -0.041697  0.453262  0.906983  2.000000  
66.791405 0.005098  0.092422  -0.011200  0.980692  0.158944  -0.113934  -0.160297  0.987065  -0.002761  0.112021  0.020971  0.993484  0.002187  -0.005225  -0.000768  -0.055353  0.444826  0.878969  2.000000  
66.792410 0.005097  0.092415  -0.011199  0.980611  0.159306  -0.114124  -0.160699  0.986999  -0.003052  0.112154  0.021332  0.993462  0.001915  -0.005398  -0.000728  -0.070184  0.435737  0.852109  2.000000  
66.793662 0.005095  0.092406  -0.011198  0.980515  0.159665  -0.114446  -0.161098  0.986933  -0.003321  0.112420  0.021693  0.993424  0.001572  -0.005605  -0.000555  -0.082897  0.425065  0.817597  2.000000  
66.794928 0.005093  0.092398  -0.011195  0.980419  0.160010  -0.114787  -0.161496  0.986866  -0.003710  0.112686  0.022175  0.993383  0.001128  -0.005721  -0.000275  -0.101822  0.419986  0.789578  2.000000  
66.796161 0.005091  0.092389  -0.011192  0.980356  0.160151  -0.115128  -0.161693  0.986832  -0.004121  0.112952  0.022656  0.993342  0.000672  -0.005906  0.000041  -0.121609  0.410870  0.755905  2.000000  
66.797415 0.005088  0.092381  -0.011190  0.980307  0.160295  -0.115338  -0.161893  0.986798  -0.004555  0.113085  0.023138  0.993316  0.000213  -0.006015  0.000258  -0.137945  0.392120  0.714532  2.000000  
66.798415 0.005085  0.092374  -0.011189  0.980292  0.160250  -0.115527  -0.161890  0.986797  -0.004892  0.113218  0.023499  0.993292  -0.000173  -0.006151  0.000440  -0.153663  0.378066  0.680320  2.000000  
66.799663 0.005081  0.092365  -0.011188  0.980226  0.160587  -0.115627  -0.162294  0.986727  -0.005443  0.113218  0.024101  0.993278  -0.000681  -0.006321  0.000581  -0.174273  0.359483  0.639275  2.000000  
66.800909 0.005076  0.092357  -0.011188  0.980177  0.160730  -0.115837  -0.162493  0.986692  -0.005876  0.113351  0.024583  0.993251  -0.001226  -0.006471  0.000646  -0.190756  0.340848  0.598282  2.000000  
66.802160 0.005070  0.092349  -0.011189  0.980144  0.160877  -0.115916  -0.162695  0.986656  -0.006331  0.113351  0.025065  0.993239  -0.001725  -0.006576  0.000650  -0.206588  0.322318  0.564162  2.000000  
66.803412 0.005064  0.092342  -0.011191  0.980144  0.160821  -0.115994  -0.162695  0.986653  -0.006810  0.113351  0.025546  0.993227  -0.002194  -0.006586  0.000573  -0.228010  0.298972  0.516461  2.000000  
66.804422 0.005059  0.092336  -0.011193  0.980144  0.160765  -0.116072  -0.162695  0.986650  -0.007289  0.113351  0.026028  0.993214  -0.002606  -0.006571  0.000444  -0.241154  0.282689  0.485108  2.000000  
66.805658 0.005052  0.092329  -0.011196  0.980110  0.160911  -0.116152  -0.162897  0.986613  -0.007743  0.113351  0.026510  0.993201  -0.003063  -0.006538  0.000252  -0.257213  0.257049  0.434645  2.000000  
66.806905 0.005044  0.092321  -0.011199  0.980077  0.161058  -0.116232  -0.163098  0.986576  -0.008198  0.113351  0.026992  0.993188  -0.003566  -0.006488  0.000049  -0.270102  0.232155  0.404194  2.000000  
66.808160 0.005035  0.092314  -0.011202  0.980092  0.161005  -0.116179  -0.163101  0.986571  -0.008699  0.113218  0.027474  0.993190  -0.004114  -0.006425  -0.000246  -0.282821  0.204756  0.364044  2.000000  
66.809161 0.005028  0.092308  -0.011204  0.980058  0.161152  -0.116259  -0.163303  0.986534  -0.009153  0.113218  0.027956  0.993177  -0.004398  -0.006345  -0.000502  -0.296953  0.186425  0.343694  2.000000  
66.810161 0.005022  0.092303  -0.011206  0.980058  0.161110  -0.116317  -0.163303  0.986530  -0.009512  0.113218  0.028318  0.993167  -0.004711  -0.006228  -0.000794  -0.303180  0.169317  0.312530  2.000000  
66.811407 0.005015  0.092297  -0.011209  0.980058  0.161039  -0.116415  -0.163303  0.986524  -0.010111  0.113218  0.028920  0.993149  -0.005036  -0.006040  -0.001150  -0.319809  0.153987  0.282894  2.000000  
66.812415 0.005009  0.092292  -0.011211  0.980024  0.161200  -0.116476  -0.163504  0.986487  -0.010446  0.113218  0.029281  0.993139  -0.005311  -0.005892  -0.001433  -0.330246  0.136508  0.251191  2.000000  
66.813664 0.005002  0.092286  -0.011213  0.979991  0.161332  -0.116576  -0.163706  0.986448  -0.011020  0.113218  0.029884  0.993121  -0.005552  -0.005719  -0.001726  -0.340610  0.118127  0.230913  2.000000  
66.814909 0.004994  0.092281  -0.011217  0.979972  0.161483  -0.116525  -0.163910  0.986408  -0.011497  0.113085  0.030366  0.993121  -0.005727  -0.005519  -0.001972  -0.347453  0.099083  0.215817  2.000000  
66.816160 0.004988  0.092276  -0.011220  0.979972  0.161412  -0.116623  -0.163910  0.986401  -0.012095  0.113085  0.030968  0.993103  -0.005797  -0.005273  -0.002125  -0.361752  0.085873  0.190513  2.000000  
66.817161 0.004983  0.092273  -0.011223  0.979938  0.161559  -0.116704  -0.164112  0.986362  -0.012549  0.113085  0.031450  0.993087  -0.005834  -0.005098  -0.002285  -0.370466  0.072235  0.183859  2.000000  
66.818423 0.004977  0.092268  -0.011227  0.979904  0.161691  -0.116805  -0.164314  0.986321  -0.013124  0.113085  0.032052  0.993068  -0.005790  -0.004879  -0.002416  -0.384820  0.062750  0.163362  2.000000  
66.819659 0.004972  0.092264  -0.011231  0.979886  0.161841  -0.116755  -0.164518  0.986280  -0.013600  0.112952  0.032535  0.993068  -0.005680  -0.004667  -0.002495  -0.389801  0.049172  0.156880  2.000000  
66.820905 0.004968  0.092261  -0.011236  0.979852  0.161988  -0.116836  -0.164720  0.986240  -0.014055  0.112952  0.033017  0.993052  -0.005427  -0.004407  -0.002625  -0.391416  0.039735  0.149002  2.000000  
66.821909 0.004965  0.092258  -0.011240  0.979852  0.161945  -0.116895  -0.164720  0.986235  -0.014413  0.112952  0.033378  0.993040  -0.005232  -0.004187  -0.002763  -0.392151  0.030684  0.142408  2.000000  
66.822911 0.004961  0.092255  -0.011245  0.979833  0.162110  -0.116826  -0.164924  0.986196  -0.014770  0.112819  0.033740  0.993043  -0.004978  -0.003999  -0.002915  -0.396182  0.021809  0.136955  2.000000  
66.824156 0.004958  0.092251  -0.011251  0.979847  0.162058  -0.116774  -0.164927  0.986188  -0.015271  0.112686  0.034222  0.993041  -0.004697  -0.003804  -0.003091  -0.397792  0.008121  0.129400  2.000000  
66.825160 0.004956  0.092248  -0.011255  0.979813  0.162219  -0.116836  -0.165128  0.986149  -0.015606  0.112686  0.034584  0.993029  -0.004426  -0.003645  -0.003266  -0.398530  0.003513  0.122699  2.000000  
66.826419 0.004954  0.092245  -0.011260  0.979779  0.162365  -0.116918  -0.165330  0.986108  -0.016060  0.112686  0.035065  0.993012  -0.004037  -0.003439  -0.003461  -0.401686  -0.005387  0.123933  2.000000  
66.827660 0.004952  0.092242  -0.011265  0.979745  0.162511  -0.117000  -0.165532  0.986066  -0.016514  0.112686  0.035547  0.992995  -0.003639  -0.003229  -0.003644  -0.398513  -0.009743  0.123091  2.000000  
66.828664 0.004951  0.092240  -0.011267  0.979745  0.162483  -0.117040  -0.165532  0.986062  -0.016754  0.112686  0.035788  0.992986  -0.003340  -0.003052  -0.003599  -0.394371  -0.014478  0.117356  2.000000  
66.829910 0.004950  0.092239  -0.011271  0.979711  0.162629  -0.117122  -0.165733  0.986020  -0.017208  0.112686  0.036270  0.992968  -0.002891  -0.002824  -0.003635  -0.394412  -0.018918  0.117514  2.000000  
66.830911 0.004950  0.092238  -0.011272  0.979692  0.162794  -0.117054  -0.165938  0.985980  -0.017565  0.112553  0.036632  0.992970  -0.002528  -0.002612  -0.003526  -0.390367  -0.023365  0.117669  2.000000  
66.832173 0.004951  0.092237  -0.011274  0.979658  0.162955  -0.117117  -0.166139  0.985940  -0.017899  0.112553  0.036993  0.992957  -0.002092  -0.002369  -0.003364  -0.386106  -0.023304  0.117623  2.000000  
66.833412 0.004951  0.092236  -0.011274  0.979624  0.163101  -0.117200  -0.166341  0.985897  -0.018354  0.112553  0.037475  0.992939  -0.001737  -0.002172  -0.003181  -0.385398  -0.023033  0.124527  2.000000  
66.834425 0.004952  0.092236  -0.011274  0.979589  0.163261  -0.117263  -0.166543  0.985857  -0.018688  0.112553  0.037836  0.992925  -0.001374  -0.001931  -0.002972  -0.380376  -0.022749  0.131351  2.000000  
66.835659 0.004953  0.092237  -0.011274  0.979589  0.163204  -0.117342  -0.166543  0.985848  -0.019167  0.112553  0.038318  0.992907  -0.001023  -0.001650  -0.002609  -0.381400  -0.022924  0.124574  2.000000  
66.836907 0.004954  0.092237  -0.011275  0.979555  0.163364  -0.117405  -0.166744  0.985807  -0.019501  0.112553  0.038679  0.992893  -0.000717  -0.001377  -0.002291  -0.377361  -0.022873  0.124596  2.000000  
66.838155 0.004954  0.092237  -0.011275  0.979486  0.163713  -0.117493  -0.167148  0.985730  -0.019931  0.112553  0.039161  0.992874  -0.000421  -0.001098  -0.001925  -0.376765  -0.017718  0.137066  2.000000  
66.839161 0.004955  0.092238  -0.011275  0.979452  0.163888  -0.117537  -0.167349  0.985692  -0.020146  0.112553  0.039402  0.992864  -0.000158  -0.000861  -0.001606  -0.371700  -0.017813  0.138196  2.000000  
66.840410 0.004955  0.092238  -0.011275  0.979417  0.164048  -0.117601  -0.167551  0.985651  -0.020481  0.112553  0.039763  0.992850  0.000005  -0.000625  -0.001193  -0.363800  -0.017373  0.143872  2.000000  
66.841657 0.004955  0.092238  -0.011275  0.979383  0.164208  -0.117665  -0.167753  0.985609  -0.020815  0.112553  0.040124  0.992835  0.000110  -0.000422  -0.000867  -0.359813  -0.017314  0.143902  2.000000  
66.842905 0.004955  0.092238  -0.011275  0.979348  0.164382  -0.117709  -0.167954  0.985570  -0.021030  0.112553  0.040365  0.992825  0.000208  -0.000227  -0.000667  -0.346889  -0.017012  0.150717  2.000000  
66.843907 0.004954  0.092238  -0.011276  0.979314  0.164557  -0.117753  -0.168156  0.985531  -0.021245  0.112553  0.040606  0.992816  0.000204  -0.000115  -0.000505  -0.338801  -0.016958  0.150723  2.000000  
66.844927 0.004953  0.092238  -0.011276  0.979279  0.164731  -0.117797  -0.168357  0.985492  -0.021460  0.112553  0.040847  0.992806  0.000204  -0.000003  -0.000347  -0.333250  -0.012540  0.151720  2.000000  
66.846162 0.004952  0.092238  -0.011276  0.979195  0.165103  -0.117977  -0.168758  0.985420  -0.021627  0.112686  0.041087  0.992781  0.000117  0.000026  -0.000274  -0.320437  -0.007739  0.158528  2.000000  
66.847163 0.004952  0.092238  -0.011276  0.979160  0.165277  -0.118022  -0.168960  0.985381  -0.021842  0.112686  0.041328  0.992771  0.000065  0.000082  -0.000186  -0.311450  -0.007428  0.165374  2.000000  
66.848165 0.004951  0.092238  -0.011276  0.979125  0.165465  -0.118046  -0.169161  0.985344  -0.021937  0.112686  0.041448  0.992766  -0.000028  0.000138  -0.000129  -0.299351  -0.007381  0.165449  2.000000  
66.849414 0.004949  0.092238  -0.011276  0.979090  0.165625  -0.118111  -0.169363  0.985302  -0.022272  0.112686  0.041810  0.992751  -0.000180  0.000136  -0.000106  -0.295149  -0.002814  0.165209  2.000000  
66.850660 0.004948  0.092238  -0.011276  0.979021  0.166002  -0.118160  -0.169766  0.985228  -0.022462  0.112686  0.042050  0.992740  -0.000360  0.000088  -0.000098  -0.286225  -0.002495  0.172086  2.000000  
66.851695 0.004947  0.092238  -0.011275  0.978986  0.166176  -0.118205  -0.169967  0.985189  -0.022677  0.112686  0.042291  0.992730  -0.000475  0.000091  -0.000048  -0.281052  -0.002178  0.178755  2.000000  
66.852910 0.004945  0.092238  -0.011274  0.978951  0.166336  -0.118271  -0.170169  0.985146  -0.023011  0.112686  0.042653  0.992715  -0.000626  0.000047  0.000027  -0.279090  0.002359  0.177331  2.000000  
66.854161 0.004944  0.092238  -0.011273  0.978901  0.166505  -0.118447  -0.170368  0.985107  -0.023203  0.112819  0.042893  0.992689  -0.000753  0.000053  0.000113  -0.268497  0.011713  0.185392  2.000000  
66.855406 0.004942  0.092238  -0.011273  0.978866  0.166679  -0.118492  -0.170569  0.985067  -0.023417  0.112819  0.043134  0.992679  -0.000846  0.000032  0.000169  -0.261077  0.011509  0.178485  2.000000  
66.856406 0.004941  0.092237  -0.011272  0.978830  0.166853  -0.118537  -0.170771  0.985027  -0.023632  0.112819  0.043374  0.992668  -0.000922  -0.000038  0.000210  -0.258201  0.011728  0.183862  2.000000  
66.857409 0.004940  0.092237  -0.011272  0.978795  0.167027  -0.118582  -0.170972  0.984987  -0.023846  0.112819  0.043615  0.992658  -0.000996  -0.000088  0.000207  -0.254101  0.011782  0.183818  2.000000  
66.858419 0.004939  0.092235  -0.011272  0.978760  0.167215  -0.118608  -0.171174  0.984950  -0.023942  0.112819  0.043736  0.992653  -0.001068  -0.000188  0.000225  -0.247207  0.012196  0.192160  2.000000  
66.859655 0.004937  0.092233  -0.011273  0.978760  0.167201  -0.118628  -0.171174  0.984947  -0.024061  0.112819  0.043856  0.992647  -0.001114  -0.000314  0.000146  -0.237919  0.011870  0.183808  2.000000  
66.860660 0.004935  0.092231  -0.011274  0.978725  0.167389  -0.118653  -0.171375  0.984910  -0.024156  0.112819  0.043976  0.992642  -0.001188  -0.000440  0.000106  -0.229819  0.016370  0.183606  2.000000  
66.861661 0.004934  0.092229  -0.011276  0.978690  0.167578  -0.118678  -0.171577  0.984872  -0.024251  0.112819  0.044097  0.992637  -0.001251  -0.000606  0.000004  -0.220948  0.016692  0.190407  2.000000  
66.862910 0.004932  0.092227  -0.011278  0.978690  0.167563  -0.118699  -0.171577  0.984869  -0.024371  0.112819  0.044217  0.992631  -0.001303  -0.000741  -0.000109  -0.212117  0.016325  0.178248  2.000000  
66.864170 0.004930  0.092224  -0.011280  0.978654  0.167752  -0.118724  -0.171778  0.984832  -0.024466  0.112819  0.044338  0.992626  -0.001324  -0.000926  -0.000239  -0.199926  0.016382  0.178279  2.000000  
66.865406 0.004928  0.092221  -0.011282  0.978619  0.167940  -0.118750  -0.171980  0.984794  -0.024561  0.112819  0.044458  0.992620  -0.001343  -0.001122  -0.000418  -0.189403  0.016573  0.183607  2.000000  
66.866408 0.004926  0.092219  -0.011284  0.978619  0.167925  -0.118770  -0.171980  0.984791  -0.024680  0.112819  0.044578  0.992615  -0.001412  -0.001284  -0.000584  -0.182082  0.016331  0.176782  2.000000  
66.867661 0.004924  0.092216  -0.011286  0.978583  0.168114  -0.118795  -0.172181  0.984754  -0.024775  0.112819  0.044699  0.992610  -0.001434  -0.001497  -0.000796  -0.171326  0.016517  0.178209  2.000000  
66.868906 0.004922  0.092213  -0.011288  0.978583  0.168085  -0.118836  -0.172181  0.984748  -0.025014  0.112819  0.044940  0.992599  -0.001510  -0.001660  -0.000969  -0.168864  0.015993  0.164520  2.000000  
66.870161 0.004920  0.092211  -0.011289  0.978548  0.168273  -0.118862  -0.172383  0.984710  -0.025109  0.112819  0.045060  0.992593  -0.001523  -0.001825  -0.001140  -0.160679  0.016030  0.164486  2.000000  
66.871184 0.004918  0.092209  -0.011290  0.978548  0.168259  -0.118882  -0.172383  0.984707  -0.025228  0.112819  0.045180  0.992588  -0.001549  -0.001905  -0.001241  0.000000  0.000000  0.000000  2.000000  
66.872406 0.004916  0.092207  -0.011291  0.978548  0.168244  -0.118903  -0.172383  0.984704  -0.025348  0.112819  0.045301  0.992582  -0.001567  -0.001957  -0.001288  0.000000  0.000000  0.000000  2.000000  
66.873409 0.004914  0.092206  -0.011292  0.978548  0.168230  -0.118923  -0.172383  0.984701  -0.025467  0.112819  0.045421  0.992577  -0.001607  -0.001960  -0.001317  0.000000  0.000000  0.000000  2.000000  
66.874422 0.004913  0.092204  -0.011293  0.978548  0.168216  -0.118943  -0.172383  0.984698  -0.025587  0.112819  0.045542  0.992571  -0.001631  -0.001990  -0.001337  0.000000  0.000000  0.000000  2.000000  
66.875657 0.004911  0.092202  -0.011293  0.978512  0.168404  -0.118969  -0.172584  0.984660  -0.025682  0.112819  0.045662  0.992566  -0.001630  -0.001953  -0.001246  0.000000  0.000000  0.000000  2.000000  
66.876657 0.004909  0.092200  -0.011294  0.978512  0.168389  -0.118989  -0.172584  0.984657  -0.025801  0.112819  0.045782  0.992560  -0.001662  -0.001924  -0.001184  0.000000  0.000000  0.000000  2.000000  
66.877660 0.004907  0.092199  -0.011294  0.978512  0.168389  -0.118989  -0.172584  0.984657  -0.025801  0.112819  0.045782  0.992560  -0.001661  -0.001872  -0.001101  0.000000  0.000000  0.000000  2.000000  
66.878666 0.004905  0.092198  -0.011295  0.978512  0.168375  -0.119010  -0.172584  0.984654  -0.025920  0.112819  0.045903  0.992555  -0.001701  -0.001817  -0.001047  0.000000  0.000000  0.000000  2.000000  
66.879910 0.004903  0.092196  -0.011296  0.978512  0.168375  -0.119010  -0.172584  0.984654  -0.025920  0.112819  0.045903  0.992555  -0.001670  -0.001713  -0.000991  0.000000  0.000000  0.000000  2.000000  
66.881160 0.004901  0.092195  -0.011298  0.978512  0.168361  -0.119030  -0.172584  0.984650  -0.026040  0.112819  0.046023  0.992549  -0.001680  -0.001633  -0.000918  0.000000  0.000000  0.000000  2.000000  
66.882161 0.004900  0.092193  -0.011298  0.978512  0.168361  -0.119030  -0.172584  0.984650  -0.026040  0.112819  0.046023  0.992549  -0.001670  -0.001578  -0.000871  0.000000  0.000000  0.000000  2.000000  
66.883440 0.004898  0.092193  -0.011300  0.978512  0.168361  -0.119030  -0.172584  0.984650  -0.026040  0.112819  0.046023  0.992549  -0.001612  -0.001420  -0.000802  0.000000  0.000000  0.000000  2.000000  
66.884661 0.004897  0.092192  -0.011301  0.978512  0.168361  -0.119030  -0.172584  0.984650  -0.026040  0.112819  0.046023  0.992549  -0.001558  -0.001324  -0.000819  0.000000  0.000000  0.000000  2.000000  
66.885909 0.004897  0.092192  -0.011301  0.978512  0.168361  -0.119030  -0.172584  0.984650  -0.026040  0.112819  0.046023  0.992549  -0.001445  -0.001196  -0.000750  0.000000  0.000000  0.000000  2.000000  
66.887159 0.004896  0.092192  -0.011302  0.978512  0.168361  -0.119030  -0.172584  0.984650  -0.026040  0.112819  0.046023  0.992549  -0.001355  -0.001068  -0.000744  0.000000  0.000000  0.000000  2.000000  
66.888160 0.004896  0.092192  -0.011302  0.978512  0.168346  -0.119051  -0.172584  0.984647  -0.026159  0.112819  0.046144  0.992544  -0.001219  -0.000964  -0.000701  0.000000  0.000000  0.000000  2.000000  
66.889405 0.004897  0.092192  -0.011302  0.978527  0.168352  -0.118920  -0.172587  0.984646  -0.026182  0.112686  0.046144  0.992559  -0.001056  -0.000794  -0.000602  0.000000  0.000000  0.000000  2.000000  
66.890421 0.004898  0.092193  -0.011301  0.978527  0.168352  -0.118920  -0.172587  0.984646  -0.026182  0.112686  0.046144  0.992559  -0.000882  -0.000624  -0.000537  0.000000  0.000000  0.000000  2.000000  
66.891660 0.004899  0.092194  -0.011300  0.978512  0.168346  -0.119051  -0.172584  0.984647  -0.026159  0.112819  0.046144  0.992544  -0.000654  -0.000440  -0.000434  0.000000  0.000000  0.000000  2.000000  
66.892660 0.004899  0.092194  -0.011300  0.978512  0.168346  -0.119051  -0.172584  0.984647  -0.026159  0.112819  0.046144  0.992544  -0.000530  -0.000333  -0.000355  0.000000  0.000000  0.000000  2.000000  
66.893907 0.004900  0.092195  -0.011299  0.978512  0.168346  -0.119051  -0.172584  0.984647  -0.026159  0.112819  0.046144  0.992544  -0.000327  -0.000172  -0.000268  0.000000  0.000000  0.000000  2.000000  
66.894912 0.004901  0.092196  -0.011298  0.978512  0.168346  -0.119051  -0.172584  0.984647  -0.026159  0.112819  0.046144  0.992544  -0.000115  0.000012  -0.000133  0.000000  0.000000  0.000000  2.000000  
66.896164 0.004902  0.092197  -0.011298  0.978512  0.168361  -0.119030  -0.172584  0.984650  -0.026040  0.112819  0.046023  0.992549  0.000079  0.000149  -0.000005  0.000000  0.000000  0.000000  2.000000  
66.897413 0.004903  0.092198  -0.011297  0.978548  0.168158  -0.119025  -0.172383  0.984685  -0.026064  0.112819  0.046023  0.992549  0.000241  0.000332  0.000139  0.000000  0.000000  0.000000  2.000000  
66.898421 0.004904  0.092199  -0.011296  0.978548  0.168158  -0.119025  -0.172383  0.984685  -0.026064  0.112819  0.046023  0.992549  0.000393  0.000464  0.000237  0.000000  0.000000  0.000000  2.000000  
66.899659 0.004905  0.092201  -0.011296  0.978548  0.168172  -0.119005  -0.172383  0.984688  -0.025945  0.112819  0.045903  0.992555  0.000537  0.000619  0.000325  0.000000  0.000000  0.000000  2.000000  
66.900663 0.004906  0.092202  -0.011296  0.978512  0.168375  -0.119010  -0.172584  0.984654  -0.025920  0.112819  0.045903  0.992555  0.000642  0.000730  0.000344  0.000000  0.000000  0.000000  2.000000  
66.901664 0.004907  0.092203  -0.011297  0.978512  0.168389  -0.118989  -0.172584  0.984657  -0.025801  0.112819  0.045782  0.992560  0.000695  0.000807  0.000374  0.000000  0.000000  0.000000  2.000000  
66.902910 0.004908  0.092205  -0.011298  0.978512  0.168404  -0.118969  -0.172584  0.984660  -0.025682  0.112819  0.045662  0.992566  0.000773  0.000879  0.000333  0.000000  0.000000  0.000000  2.000000  
66.904163 0.004909  0.092206  -0.011298  0.978512  0.168404  -0.118969  -0.172584  0.984660  -0.025682  0.112819  0.045662  0.992566  0.000807  0.000927  0.000307  0.000000  0.000000  0.000000  2.000000  
66.905406 0.004909  0.092206  -0.011298  0.978512  0.168418  -0.118949  -0.172584  0.984663  -0.025562  0.112819  0.045542  0.992571  0.000780  0.000904  0.000202  0.000000  0.000000  0.000000  2.000000  
66.906422 0.004910  0.092207  -0.011298  0.978512  0.168418  -0.118949  -0.172584  0.984663  -0.025562  0.112819  0.045542  0.992571  0.000761  0.000891  0.000186  0.000000  0.000000  0.000000  2.000000  
66.907657 0.004910  0.092207  -0.011298  0.978512  0.168433  -0.118928  -0.172584  0.984666  -0.025443  0.112819  0.045421  0.992577  0.000730  0.000848  0.000128  0.000000  0.000000  0.000000  2.000000  
66.908905 0.004910  0.092207  -0.011298  0.978512  0.168447  -0.118908  -0.172584  0.984669  -0.025323  0.112819  0.045301  0.992582  0.000669  0.000795  0.000089  0.000000  0.000000  0.000000  2.000000  
66.909910 0.004910  0.092207  -0.011297  0.978512  0.168447  -0.118908  -0.172584  0.984669  -0.025323  0.112819  0.045301  0.992582  0.000566  0.000719  0.000066  0.000000  0.000000  0.000000  2.000000  
66.911155 0.004909  0.092206  -0.011297  0.978498  0.168456  -0.119018  -0.172582  0.984673  -0.025181  0.112952  0.045180  0.992573  0.000463  0.000643  0.000042  0.000000  0.000000  0.000000  2.000000  
66.912164 0.004908  0.092206  -0.011297  0.978498  0.168456  -0.119018  -0.172582  0.984673  -0.025181  0.112952  0.045180  0.992573  0.000343  0.000525  0.000009  0.000000  0.000000  0.000000  2.000000  
66.913412 0.004907  0.092206  -0.011296  0.978498  0.168456  -0.119018  -0.172582  0.984673  -0.025181  0.112952  0.045180  0.992573  0.000222  0.000444  0.000021  0.000000  0.000000  0.000000  2.000000  
66.914427 0.004907  0.092205  -0.011297  0.978498  0.168470  -0.118998  -0.172582  0.984676  -0.025061  0.112952  0.045059  0.992578  0.000076  0.000272  -0.000022  0.000000  0.000000  0.000000  2.000000  
66.915660 0.004905  0.092205  -0.011297  0.978498  0.168470  -0.118998  -0.172582  0.984676  -0.025061  0.112952  0.045059  0.992578  -0.000071  0.000168  -0.000029  0.000000  0.000000  0.000000  2.000000  
66.916660 0.004904  0.092204  -0.011297  0.978498  0.168485  -0.118977  -0.172582  0.984679  -0.024942  0.112952  0.044939  0.992584  -0.000170  0.000048  0.000002  0.000000  0.000000  0.000000  2.000000  
66.917666 0.004903  0.092203  -0.011297  0.978498  0.168485  -0.118977  -0.172582  0.984679  -0.024942  0.112952  0.044939  0.992584  -0.000355  -0.000100  0.000020  0.000000  0.000000  0.000000  2.000000  
66.918910 0.004901  0.092202  -0.011298  0.978498  0.168499  -0.118957  -0.172582  0.984682  -0.024822  0.112952  0.044819  0.992589  -0.000514  -0.000255  -0.000034  0.000000  0.000000  0.000000  2.000000  
66.920160 0.004900  0.092201  -0.011298  0.978498  0.168499  -0.118957  -0.172582  0.984682  -0.024822  0.112952  0.044819  0.992589  -0.000653  -0.000380  -0.000031  0.000000  0.000000  0.000000  2.000000  
66.921410 0.004899  0.092199  -0.011299  0.978498  0.168513  -0.118936  -0.172582  0.984685  -0.024703  0.112952  0.044698  0.992595  -0.000748  -0.000527  -0.000091  0.000000  0.000000  0.000000  2.000000  
66.922657 0.004897  0.092197  -0.011299  0.978498  0.168513  -0.118936  -0.172582  0.984685  -0.024703  0.112952  0.044698  0.992595  -0.000833  -0.000650  -0.000095  0.000000  0.000000  0.000000  2.000000  
66.923657 0.004896  0.092195  -0.011300  0.978498  0.168513  -0.118936  -0.172582  0.984685  -0.024703  0.112952  0.044698  0.992595  -0.000932  -0.000765  -0.000147  0.000000  0.000000  0.000000  2.000000  
66.924905 0.004895  0.092193  -0.011300  0.978498  0.168528  -0.118916  -0.172582  0.984688  -0.024584  0.112952  0.044578  0.992600  -0.000971  -0.000906  -0.000211  0.000000  0.000000  0.000000  2.000000  
66.925906 0.004894  0.092192  -0.011300  0.978498  0.168528  -0.118916  -0.172582  0.984688  -0.024584  0.112952  0.044578  0.992600  -0.000984  -0.000979  -0.000212  0.000000  0.000000  0.000000  2.000000  
66.926910 0.004893  0.092190  -0.011301  0.978498  0.168528  -0.118916  -0.172582  0.984688  -0.024584  0.112952  0.044578  0.992600  -0.001016  -0.001082  -0.000268  0.000000  0.000000  0.000000  2.000000  
66.928167 0.004892  0.092188  -0.011301  0.978498  0.168528  -0.118916  -0.172582  0.984688  -0.024584  0.112952  0.044578  0.992600  -0.001014  -0.001204  -0.000336  0.000000  0.000000  0.000000  2.000000  
66.929415 0.004891  0.092186  -0.011302  0.978498  0.168528  -0.118916  -0.172582  0.984688  -0.024584  0.112952  0.044578  0.992600  -0.001012  -0.001259  -0.000332  0.000000  0.000000  0.000000  2.000000  
66.930423 0.004891  0.092185  -0.011302  0.978498  0.168528  -0.118916  -0.172582  0.984688  -0.024584  0.112952  0.044578  0.992600  -0.000998  -0.001329  -0.000354  0.000000  0.000000  0.000000  2.000000  
66.931662 0.004890  0.092184  -0.011303  0.978498  0.168528  -0.118916  -0.172582  0.984688  -0.024584  0.112952  0.044578  0.992600  -0.000966  -0.001360  -0.000417  0.000000  0.000000  0.000000  2.000000  
66.932912 0.004888  0.092183  -0.011304  0.978498  0.168528  -0.118916  -0.172582  0.984688  -0.024584  0.112952  0.044578  0.992600  -0.000972  -0.001371  -0.000467  0.000000  0.000000  0.000000  2.000000  
66.933913 0.004887  0.092182  -0.011305  0.978498  0.168528  -0.118916  -0.172582  0.984688  -0.024584  0.112952  0.044578  0.992600  -0.000954  -0.001363  -0.000453  0.000000  0.000000  0.000000  2.000000  
66.935162 0.004886  0.092181  -0.011306  0.978498  0.168528  -0.118916  -0.172582  0.984688  -0.024584  0.112952  0.044578  0.992600  -0.000950  -0.001342  -0.000499  0.000000  0.000000  0.000000  2.000000  
66.936414 0.004884  0.092180  -0.011307  0.978498  0.168528  -0.118916  -0.172582  0.984688  -0.024584  0.112952  0.044578  0.992600  -0.000936  -0.001267  -0.000497  0.000000  0.000000  0.000000  2.000000  
66.937415 0.004883  0.092179  -0.011308  0.978498  0.168528  -0.118916  -0.172582  0.984688  -0.024584  0.112952  0.044578  0.992600  -0.000938  -0.001201  -0.000598  0.000000  0.000000  0.000000  2.000000  
66.938425 0.004882  0.092178  -0.011310  0.978498  0.168528  -0.118916  -0.172582  0.984688  -0.024584  0.112952  0.044578  0.992600  -0.000942  -0.001155  -0.000652  0.000000  0.000000  0.000000  2.000000  
66.939662 0.004881  0.092178  -0.011311  0.978498  0.168528  -0.118916  -0.172582  0.984688  -0.024584  0.112952  0.044578  0.992600  -0.000977  -0.001060  -0.000690  0.000000  0.000000  0.000000  2.000000  
66.940663 0.004880  0.092177  -0.011312  0.978498  0.168528  -0.118916  -0.172582  0.984688  -0.024584  0.112952  0.044578  0.992600  -0.000979  -0.000994  -0.000790  0.000000  0.000000  0.000000  2.000000  
66.941663 0.004879  0.092177  -0.011313  0.978498  0.168528  -0.118916  -0.172582  0.984688  -0.024584  0.112952  0.044578  0.992600  -0.000974  -0.000896  -0.000799  0.000000  0.000000  0.000000  2.000000  
66.942913 0.004877  0.092176  -0.011314  0.978498  0.168528  -0.118916  -0.172582  0.984688  -0.024584  0.112952  0.044578  0.992600  -0.001019  -0.000854  -0.000884  0.000000  0.000000  0.000000  2.000000  
66.943914 0.004876  0.092175  -0.011315  0.978483  0.168522  -0.119047  -0.172579  0.984689  -0.024561  0.113085  0.044577  0.992585  -0.001045  -0.000782  -0.000911  0.000000  0.000000  0.000000  2.000000  
66.945163 0.004875  0.092174  -0.011316  0.978483  0.168507  -0.119067  -0.172579  0.984686  -0.024680  0.113085  0.044697  0.992579  -0.001051  -0.000738  -0.000967  0.000000  0.000000  0.000000  2.000000  
66.946420 0.004874  0.092174  -0.011317  0.978483  0.168507  -0.119067  -0.172579  0.984686  -0.024680  0.113085  0.044697  0.992579  -0.001079  -0.000686  -0.000948  0.000000  0.000000  0.000000  2.000000  
66.947662 0.004873  0.092173  -0.011319  0.978483  0.168507  -0.119067  -0.172579  0.984686  -0.024680  0.113085  0.044697  0.992579  -0.001045  -0.000638  -0.000975  0.000000  0.000000  0.000000  2.000000  
66.948909 0.004871  0.092172  -0.011320  0.978483  0.168507  -0.119067  -0.172579  0.984686  -0.024680  0.113085  0.044697  0.992579  -0.001067  -0.000631  -0.000987  0.000000  0.000000  0.000000  2.000000  
66.950159 0.004870  0.092172  -0.011321  0.978483  0.168507  -0.119067  -0.172579  0.984686  -0.024680  0.113085  0.044697  0.992579  -0.001033  -0.000584  -0.001012  0.000000  0.000000  0.000000  2.000000  
66.951163 0.004869  0.092171  -0.011322  0.978483  0.168507  -0.119067  -0.172579  0.984686  -0.024680  0.113085  0.044697  0.992579  -0.001019  -0.000567  -0.001010  0.000000  0.000000  0.000000  2.000000  
66.952411 0.004868  0.092171  -0.011323  0.978483  0.168493  -0.119088  -0.172579  0.984683  -0.024799  0.113085  0.044818  0.992574  -0.001033  -0.000584  -0.001013  0.000000  0.000000  0.000000  2.000000  
66.953657 0.004867  0.092170  -0.011324  0.978483  0.168493  -0.119088  -0.172579  0.984683  -0.024799  0.113085  0.044818  0.992574  -0.001014  -0.000554  -0.000957  0.000000  0.000000  0.000000  2.000000  
66.954658 0.004866  0.092169  -0.011324  0.978483  0.168493  -0.119088  -0.172579  0.984683  -0.024799  0.113085  0.044818  0.992574  -0.000975  -0.000551  -0.000929  0.000000  0.000000  0.000000  2.000000  
66.955905 0.004865  0.092168  -0.011325  0.978483  0.168493  -0.119088  -0.172579  0.984683  -0.024799  0.113085  0.044818  0.992574  -0.000948  -0.000546  -0.000865  0.000000  0.000000  0.000000  2.000000  
66.956910 0.004865  0.092168  -0.011325  0.978468  0.168487  -0.119218  -0.172576  0.984684  -0.024776  0.113218  0.044817  0.992559  -0.000909  -0.000543  -0.000836  0.000000  0.000000  0.000000  2.000000  
66.958155 0.004864  0.092167  -0.011326  0.978468  0.168487  -0.119218  -0.172576  0.984684  -0.024776  0.113218  0.044817  0.992559  -0.000882  -0.000537  -0.000772  0.000000  0.000000  0.000000  2.000000  
66.959159 0.004863  0.092167  -0.011326  0.978468  0.168487  -0.119218  -0.172576  0.984684  -0.024776  0.113218  0.044817  0.992559  -0.000836  -0.000559  -0.000734  0.000000  0.000000  0.000000  2.000000  
66.960174 0.004863  0.092166  -0.011326  0.978468  0.168487  -0.119218  -0.172576  0.984684  -0.024776  0.113218  0.044817  0.992559  -0.000789  -0.000534  -0.000660  0.000000  0.000000  0.000000  2.000000  
66.961408 0.004862  0.092165  -0.011327  0.978468  0.168487  -0.119218  -0.172576  0.984684  -0.024776  0.113218  0.044817  0.992559  -0.000761  -0.000573  -0.000632  0.000000  0.000000  0.000000  2.000000  
66.962425 0.004862  0.092164  -0.011327  0.978468  0.168487  -0.119218  -0.172576  0.984684  -0.024776  0.113218  0.044817  0.992559  -0.000736  -0.000600  -0.000566  0.000000  0.000000  0.000000  2.000000  
66.963662 0.004862  0.092164  -0.011327  0.978468  0.168487  -0.119218  -0.172576  0.984684  -0.024776  0.113218  0.044817  0.992559  -0.000657  -0.000595  -0.000508  0.000000  0.000000  0.000000  2.000000  
66.964910 0.004861  0.092162  -0.011327  0.978468  0.168487  -0.119218  -0.172576  0.984684  -0.024776  0.113218  0.044817  0.992559  -0.000613  -0.000637  -0.000424  0.000000  0.000000  0.000000  2.000000  
66.966162 0.004861  0.092162  -0.011327  0.978468  0.168487  -0.119218  -0.172576  0.984684  -0.024776  0.113218  0.044817  0.992559  -0.000567  -0.000644  -0.000344  0.000000  0.000000  0.000000  2.000000  
66.967413 0.004860  0.092161  -0.011327  0.978468  0.168487  -0.119218  -0.172576  0.984684  -0.024776  0.113218  0.044817  0.992559  -0.000510  -0.000647  -0.000255  0.000000  0.000000  0.000000  2.000000  
66.968660 0.004860  0.092161  -0.011327  0.978468  0.168487  -0.119218  -0.172576  0.984684  -0.024776  0.113218  0.044817  0.992559  -0.000470  -0.000644  -0.000226  0.000000  0.000000  0.000000  2.000000  
66.969909 0.004860  0.092160  -0.011327  0.978468  0.168487  -0.119218  -0.172576  0.984684  -0.024776  0.113218  0.044817  0.992559  -0.000393  -0.000604  -0.000174  0.000000  0.000000  0.000000  2.000000  
66.971155 0.004860  0.092159  -0.011327  0.978453  0.168481  -0.119349  -0.172574  0.984686  -0.024753  0.113351  0.044816  0.992544  -0.000354  -0.000601  -0.000145  0.000000  0.000000  0.000000  2.000000  
66.972156 0.004859  0.092159  -0.011328  0.978453  0.168481  -0.119349  -0.172574  0.984686  -0.024753  0.113351  0.044816  0.992544  -0.000354  -0.000601  -0.000145  0.000000  0.000000  0.000000  2.000000  
