1-Time 2-Px 3-Py 4-Pz 5-R11 6-R21 7-R31 8-R12 9-R22 10-R32 11-R13 12-R23 13-R33 14-Vx 15-Vy 16-Vz 17-Wx 18-Wy 19-Wz 20-state 21-PR11 22-PR21 23-PR31 24-PR12 25-PR22 26-PR32 27-PR13 28-PR23 29-PR33 
81.799654 0.001931  0.091566  -0.008236  0.992140  0.124533  -0.012241  -0.124216  0.991967  0.023901  0.015119  -0.022193  0.999639  0.000017  0.000017  -0.000078  0.000000  0.000000  0.000000  2.000000  
81.800662 0.001932  0.091566  -0.008236  0.992140  0.124533  -0.012241  -0.124216  0.991967  0.023901  0.015119  -0.022193  0.999639  0.000030  0.000014  -0.000112  0.000000  0.000000  0.000000  2.000000  
81.801908 0.001931  0.091564  -0.008237  0.992061  0.125148  -0.012358  -0.124829  0.991890  0.023926  0.015252  -0.022193  0.999637  -0.000008  -0.000107  -0.000122  0.000000  0.000000  0.000000  2.000000  
81.802911 0.001930  0.091562  -0.008238  0.991984  0.125761  -0.012344  -0.125441  0.991812  0.023933  0.015252  -0.022193  0.999637  -0.000065  -0.000257  -0.000186  0.000000  0.000000  0.000000  2.000000  
81.804161 0.001930  0.091559  -0.008238  0.991932  0.126171  -0.012319  -0.125850  0.991758  0.024059  0.015252  -0.022314  0.999635  -0.000068  -0.000449  -0.000202  0.000000  0.000000  0.000000  2.000000  
81.805413 0.001930  0.091556  -0.008239  0.991880  0.126579  -0.012309  -0.126258  0.991706  0.024064  0.015252  -0.022314  0.999635  -0.000058  -0.000644  -0.000251  0.000000  0.000000  0.000000  2.000000  
81.806414 0.001930  0.091554  -0.008239  0.991826  0.126992  -0.012416  -0.126666  0.991650  0.024206  0.015386  -0.022435  0.999630  -0.000088  -0.000788  -0.000252  0.000000  0.000000  0.000000  2.000000  
81.807422 0.001930  0.091553  -0.008238  0.991744  0.127610  -0.012666  -0.127278  0.991571  0.024248  0.015654  -0.022435  0.999626  -0.000065  -0.000856  -0.000223  0.000000  0.000000  0.000000  2.000000  
81.808666 0.001930  0.091552  -0.008238  0.991581  0.128842  -0.012886  -0.128503  0.991409  0.024418  0.015921  -0.022556  0.999619  -0.000078  -0.000970  -0.000170  0.000000  0.000000  0.000000  2.000000  
81.809910 0.001930  0.091550  -0.008240  0.991444  0.129869  -0.013126  -0.129523  0.991275  0.024466  0.016189  -0.022556  0.999614  -0.000122  -0.001124  -0.000268  0.000000  0.000000  0.000000  2.000000  
81.810912 0.001930  0.091549  -0.008241  0.991335  0.130688  -0.013239  -0.130339  0.991167  0.024494  0.016323  -0.022556  0.999612  -0.000120  -0.001179  -0.000346  0.010944  0.049906  0.181017  2.000000  
81.812159 0.001930  0.091548  -0.008242  0.991171  0.131917  -0.013325  -0.131563  0.991001  0.024648  0.016456  -0.022678  0.999607  -0.000118  -0.001236  -0.000425  0.015682  0.053468  0.222664  2.000000  
81.813160 0.001930  0.091548  -0.008242  0.991035  0.132937  -0.013300  -0.132583  0.990865  0.024662  0.016456  -0.022678  0.999607  -0.000087  -0.001208  -0.000405  0.016345  0.048030  0.264025  2.000000  
81.814409 0.001930  0.091548  -0.008241  0.990841  0.134368  -0.013396  -0.134011  0.990672  0.024699  0.016590  -0.022677  0.999605  -0.000071  -0.001235  -0.000381  0.017123  0.051436  0.312536  2.000000  
81.815413 0.001930  0.091546  -0.008242  0.990700  0.135390  -0.013504  -0.135030  0.990533  0.024731  0.016724  -0.022677  0.999603  -0.000130  -0.001349  -0.000372  0.017688  0.055146  0.347176  2.000000  
81.816661 0.001929  0.091544  -0.008243  0.990500  0.136824  -0.013733  -0.136457  0.990336  0.024787  0.016992  -0.022677  0.999598  -0.000119  -0.001403  -0.000433  0.018617  0.062895  0.402724  2.000000  
81.817907 0.001929  0.091542  -0.008244  0.990326  0.138053  -0.013967  -0.137680  0.990165  0.024841  0.017259  -0.022677  0.999594  -0.000101  -0.001375  -0.000381  0.023416  0.070988  0.444476  2.000000  
81.818908 0.001928  0.091539  -0.008244  0.990180  0.139078  -0.014207  -0.138699  0.990022  0.024892  0.017527  -0.022677  0.999589  -0.000153  -0.001398  -0.000381  0.024035  0.079201  0.479250  2.000000  
81.820160 0.001928  0.091535  -0.008243  0.990005  0.140304  -0.014308  -0.139921  0.989849  0.024928  0.017661  -0.022677  0.999587  -0.000186  -0.001487  -0.000304  0.024775  0.078264  0.520709  2.000000  
81.821407 0.001929  0.091530  -0.008244  0.989798  0.141736  -0.014537  -0.141347  0.989645  0.024987  0.017928  -0.022677  0.999582  -0.000093  -0.001629  -0.000334  0.025762  0.086035  0.576392  2.000000  
81.822418 0.001930  0.091526  -0.008244  0.989649  0.142758  -0.014644  -0.142366  0.989498  0.025021  0.018062  -0.022677  0.999580  -0.000004  -0.001795  -0.000370  0.026359  0.089711  0.610785  2.000000  
81.823662 0.001931  0.091522  -0.008245  0.989500  0.143779  -0.014750  -0.143384  0.989350  0.025055  0.018196  -0.022677  0.999577  0.000064  -0.002010  -0.000415  0.026977  0.093443  0.645548  2.000000  
81.824911 0.001932  0.091516  -0.008245  0.989320  0.145004  -0.014852  -0.144606  0.989171  0.025092  0.018329  -0.022677  0.999575  0.000154  -0.002275  -0.000361  0.027712  0.097006  0.687143  2.000000  
81.825917 0.001933  0.091512  -0.008246  0.989198  0.145822  -0.014963  -0.145420  0.989051  0.025124  0.018463  -0.022677  0.999572  0.000235  -0.002482  -0.000309  0.028379  0.096210  0.721573  2.000000  
81.827164 0.001934  0.091506  -0.008247  0.989075  0.146637  -0.015093  -0.146234  0.988933  0.025036  0.018597  -0.022555  0.999573  0.000273  -0.002845  -0.000356  0.024836  0.100200  0.749856  2.000000  
81.828416 0.001934  0.091500  -0.008248  0.988922  0.147658  -0.015199  -0.147252  0.988781  0.025071  0.018731  -0.022555  0.999570  0.000292  -0.003235  -0.000456  0.025452  0.103845  0.783963  2.000000  
81.829416 0.001934  0.091495  -0.008249  0.988828  0.148270  -0.015334  -0.147862  0.988692  0.024980  0.018864  -0.022434  0.999570  0.000287  -0.003503  -0.000506  0.021620  0.107119  0.798804  2.000000  
81.830660 0.001934  0.091490  -0.008250  0.988703  0.149085  -0.015464  -0.148676  0.988573  0.024893  0.018998  -0.022313  0.999571  0.000269  -0.003768  -0.000522  0.018092  0.110982  0.826092  2.000000  
81.831660 0.001933  0.091485  -0.008250  0.988611  0.149694  -0.015467  -0.149287  0.988483  0.024783  0.018998  -0.022192  0.999573  0.000264  -0.003937  -0.000476  0.014221  0.106418  0.832823  2.000000  
81.832661 0.001933  0.091480  -0.008251  0.988550  0.150099  -0.015475  -0.149694  0.988425  0.024669  0.018998  -0.022070  0.999576  0.000258  -0.004172  -0.000509  0.010026  0.107666  0.825952  2.000000  
81.833911 0.001931  0.091473  -0.008251  0.988457  0.150708  -0.015478  -0.150304  0.988335  0.024559  0.018998  -0.021949  0.999579  0.000174  -0.004392  -0.000539  0.001990  0.107515  0.832886  2.000000  
81.835162 0.001928  0.091467  -0.008251  0.988364  0.151314  -0.015499  -0.150915  0.988247  0.024329  0.018998  -0.021707  0.999584  0.000045  -0.004539  -0.000502  -0.006046  0.107464  0.839791  2.000000  
81.836412 0.001926  0.091461  -0.008251  0.988299  0.151722  -0.015640  -0.151321  0.988187  0.024235  0.019132  -0.021585  0.999584  -0.000221  -0.004630  -0.000491  -0.013971  0.106573  0.832824  2.000000  
81.837425 0.001923  0.091455  -0.008252  0.988268  0.151922  -0.015672  -0.151525  0.988162  0.023999  0.019132  -0.021343  0.999589  -0.000480  -0.004777  -0.000532  -0.022421  0.094468  0.818172  2.000000  
81.838658 0.001919  0.091448  -0.008253  0.988203  0.152327  -0.015831  -0.151931  0.988105  0.023786  0.019266  -0.021100  0.999592  -0.000824  -0.004949  -0.000578  -0.034641  0.094265  0.791500  2.000000  
81.839659 0.001915  0.091443  -0.008254  0.988172  0.152529  -0.015844  -0.152135  0.988076  0.023669  0.019266  -0.020979  0.999594  -0.001107  -0.004987  -0.000579  -0.038938  0.085826  0.770572  2.000000  
81.840659 0.001911  0.091437  -0.008253  0.988141  0.152729  -0.015877  -0.152338  0.988051  0.023433  0.019266  -0.020736  0.999599  -0.001386  -0.005063  -0.000466  -0.047343  0.081913  0.749942  2.000000  
81.841913 0.001906  0.091430  -0.008254  0.988078  0.153132  -0.015904  -0.152745  0.987993  0.023200  0.019266  -0.020494  0.999604  -0.001855  -0.005152  -0.000458  -0.060525  0.078876  0.721353  2.000000  
81.843162 0.001900  0.091422  -0.008256  0.988046  0.153329  -0.015955  -0.152948  0.987970  0.022844  0.019266  -0.020130  0.999612  -0.002353  -0.005287  -0.000550  -0.073376  0.079751  0.686784  2.000000  
81.844414 0.001892  0.091414  -0.008260  0.988049  0.153323  -0.015860  -0.152949  0.987976  0.022583  0.019132  -0.019888  0.999619  -0.002780  -0.005411  -0.000733  -0.082397  0.071876  0.638178  2.000000  
81.845658 0.001884  0.091406  -0.008264  0.988017  0.153520  -0.015911  -0.153152  0.987953  0.022227  0.019132  -0.019524  0.999626  -0.003312  -0.005577  -0.000938  -0.094419  0.067663  0.598502  2.000000  
81.846661 0.001877  0.091399  -0.008268  0.987986  0.153720  -0.015944  -0.153356  0.987926  0.021991  0.019132  -0.019281  0.999631  -0.003821  -0.005721  -0.001158  -0.103914  0.060039  0.568757  2.000000  
81.847664 0.001869  0.091394  -0.008271  0.987954  0.153919  -0.015977  -0.153559  0.987900  0.021754  0.019132  -0.019039  0.999636  -0.004232  -0.005763  -0.001333  -0.112464  0.051677  0.540732  2.000000  
81.848914 0.001860  0.091386  -0.008276  0.987954  0.153913  -0.016033  -0.153559  0.987908  0.021395  0.019132  -0.018675  0.999643  -0.004774  -0.005828  -0.001691  -0.125399  0.043650  0.499115  2.000000  
81.850158 0.001850  0.091379  -0.008281  0.987954  0.153908  -0.016089  -0.153559  0.987916  0.021035  0.019132  -0.018311  0.999649  -0.005253  -0.005844  -0.002026  -0.137105  0.039628  0.460643  2.000000  
81.851161 0.001841  0.091374  -0.008286  0.987923  0.154107  -0.016122  -0.153762  0.987889  0.020799  0.019132  -0.018069  0.999654  -0.005755  -0.005883  -0.002386  -0.147090  0.031864  0.422730  2.000000  
81.852161 0.001832  0.091368  -0.008292  0.987893  0.154302  -0.016042  -0.153966  0.987865  0.020422  0.018998  -0.017705  0.999663  -0.006195  -0.005919  -0.002670  -0.159890  0.023516  0.395018  2.000000  
81.853407 0.001820  0.091360  -0.008298  0.987862  0.154500  -0.016094  -0.154170  0.987841  0.020066  0.018998  -0.017341  0.999669  -0.006645  -0.005929  -0.002987  -0.172603  0.019644  0.367225  2.000000  
81.854412 0.001811  0.091355  -0.008303  0.987862  0.154494  -0.016150  -0.154170  0.987848  0.019707  0.018998  -0.016978  0.999675  -0.007002  -0.005941  -0.003345  -0.185404  0.015895  0.332441  2.000000  
81.855414 0.001802  0.091349  -0.008309  0.987830  0.154693  -0.016183  -0.154373  0.987821  0.019470  0.018998  -0.016735  0.999679  -0.007332  -0.005930  -0.003686  -0.192289  0.016080  0.316098  2.000000  
81.856659 0.001792  0.091343  -0.008315  0.987830  0.154685  -0.016258  -0.154373  0.987830  0.018991  0.018998  -0.016250  0.999687  -0.007706  -0.005898  -0.004063  -0.208903  0.007769  0.288417  2.000000  
81.857907 0.001781  0.091336  -0.008322  0.987798  0.154883  -0.016311  -0.154576  0.987805  0.018635  0.018998  -0.015886  0.999693  -0.008020  -0.005859  -0.004351  -0.217486  0.003906  0.260882  2.000000  
81.858913 0.001773  0.091330  -0.008327  0.987798  0.154877  -0.016367  -0.154576  0.987812  0.018276  0.018998  -0.015523  0.999699  -0.008190  -0.005856  -0.004568  -0.228055  0.000163  0.228343  2.000000  
81.860161 0.001762  0.091322  -0.008334  0.987766  0.155072  -0.016439  -0.154780  0.987789  0.017800  0.018998  -0.015038  0.999706  -0.008364  -0.005776  -0.004789  -0.240600  -0.004007  0.214484  2.000000  
81.861413 0.001753  0.091314  -0.008342  0.987734  0.155270  -0.016492  -0.154983  0.987763  0.017444  0.018998  -0.014674  0.999712  -0.008339  -0.005757  -0.005001  -0.246929  -0.003669  0.198963  2.000000  
81.862421 0.001747  0.091309  -0.008347  0.987703  0.155467  -0.016545  -0.155186  0.987737  0.017088  0.018998  -0.014310  0.999717  -0.008290  -0.005768  -0.005135  -0.257310  -0.003398  0.186718  2.000000  
81.863660 0.001739  0.091301  -0.008354  0.987671  0.155662  -0.016617  -0.155390  0.987714  0.016612  0.018998  -0.013825  0.999724  -0.008207  -0.005773  -0.005287  -0.269888  -0.003095  0.172944  2.000000  
81.864911 0.001732  0.091294  -0.008361  0.987639  0.155858  -0.016689  -0.155593  0.987689  0.016136  0.018998  -0.013340  0.999731  -0.007955  -0.005801  -0.005400  -0.278313  -0.002789  0.159113  2.000000  
81.866161 0.001727  0.091286  -0.008368  0.987606  0.156053  -0.016761  -0.155796  0.987665  0.015660  0.018998  -0.012855  0.999737  -0.007591  -0.005822  -0.005428  -0.290667  -0.007119  0.152119  2.000000  
81.867422 0.001721  0.091279  -0.008375  0.987574  0.156250  -0.016815  -0.156000  0.987639  0.015304  0.018998  -0.012491  0.999741  -0.007217  -0.005819  -0.005496  -0.292310  -0.007014  0.150865  2.000000  
81.868660 0.001715  0.091272  -0.008382  0.987542  0.156445  -0.016888  -0.156203  0.987614  0.014829  0.018998  -0.012006  0.999747  -0.006801  -0.005795  -0.005493  -0.303016  -0.011399  0.145129  2.000000  
81.869906 0.001710  0.091265  -0.008388  0.987510  0.156642  -0.016942  -0.156406  0.987587  0.014473  0.018998  -0.011642  0.999752  -0.006456  -0.005842  -0.005463  -0.304536  -0.011261  0.143924  2.000000  
81.870909 0.001707  0.091259  -0.008393  0.987448  0.157041  -0.016861  -0.156813  0.987528  0.014099  0.018864  -0.011278  0.999758  -0.006070  -0.005840  -0.005474  -0.312654  -0.015687  0.143865  2.000000  
81.871911 0.001704  0.091254  -0.008397  0.987416  0.157238  -0.016915  -0.157016  0.987500  0.013743  0.018864  -0.010915  0.999762  -0.005672  -0.005846  -0.005420  -0.316685  -0.015642  0.143864  2.000000  
81.873157 0.001700  0.091248  -0.008402  0.987383  0.157434  -0.016988  -0.157220  0.987475  0.013268  0.018864  -0.010429  0.999768  -0.005249  -0.005783  -0.005248  -0.320761  -0.015583  0.143885  2.000000  
81.874158 0.001697  0.091243  -0.008405  0.987351  0.157631  -0.017043  -0.157423  0.987447  0.012912  0.018864  -0.010066  0.999771  -0.004909  -0.005694  -0.005090  -0.324655  -0.011181  0.150805  2.000000  
81.875165 0.001694  0.091239  -0.008408  0.987319  0.157828  -0.017098  -0.157626  0.987419  0.012556  0.018864  -0.009702  0.999775  -0.004542  -0.005569  -0.004912  -0.331369  -0.011226  0.152034  2.000000  
81.876413 0.001691  0.091234  -0.008412  0.987254  0.158228  -0.017150  -0.158033  0.987358  0.012204  0.018864  -0.009338  0.999778  -0.004123  -0.005373  -0.004668  -0.332622  -0.011188  0.157678  2.000000  
81.877424 0.001689  0.091230  -0.008414  0.987221  0.158425  -0.017205  -0.158236  0.987330  0.011848  0.018864  -0.008974  0.999782  -0.003820  -0.005202  -0.004462  -0.335269  -0.011220  0.158937  2.000000  
81.878661 0.001686  0.091226  -0.008416  0.987156  0.158825  -0.017258  -0.158643  0.987269  0.011496  0.018864  -0.008610  0.999785  -0.003494  -0.005004  -0.004114  -0.335155  -0.011355  0.172849  2.000000  
81.879910 0.001684  0.091222  -0.008418  0.987123  0.159020  -0.017333  -0.158846  0.987242  0.011021  0.018864  -0.008125  0.999789  -0.003238  -0.004799  -0.003784  -0.339039  -0.011371  0.179740  2.000000  
81.880911 0.001682  0.091219  -0.008419  0.987058  0.159422  -0.017367  -0.159252  0.987179  0.010788  0.018864  -0.007883  0.999791  -0.003018  -0.004578  -0.003465  -0.338932  -0.011418  0.186674  2.000000  
81.882161 0.001679  0.091215  -0.008421  0.987025  0.159617  -0.017442  -0.159455  0.987151  0.010313  0.018864  -0.007398  0.999795  -0.002807  -0.004332  -0.003123  -0.340174  -0.006785  0.185185  2.000000  
81.883161 0.001677  0.091212  -0.008422  0.986959  0.160019  -0.017477  -0.159862  0.987088  0.010081  0.018864  -0.007155  0.999796  -0.002632  -0.004157  -0.002840  -0.338756  -0.006869  0.193623  2.000000  
81.884166 0.001676  0.091209  -0.008423  0.986926  0.160216  -0.017533  -0.160065  0.987059  0.009725  0.018864  -0.006791  0.999799  -0.002487  -0.003936  -0.002543  -0.338646  -0.006881  0.200555  2.000000  
81.885413 0.001673  0.091205  -0.008425  0.986860  0.160614  -0.017607  -0.160471  0.986997  0.009253  0.018864  -0.006306  0.999802  -0.002355  -0.003713  -0.002212  -0.343829  -0.006832  0.205776  2.000000  
81.886414 0.001670  0.091203  -0.008426  0.986827  0.160813  -0.017644  -0.160674  0.986966  0.009018  0.018864  -0.006064  0.999804  -0.002334  -0.003599  -0.002068  -0.338368  -0.006889  0.214385  2.000000  
81.887421 0.001668  0.091200  -0.008428  0.986794  0.161010  -0.017701  -0.160878  0.986936  0.008662  0.018864  -0.005700  0.999806  -0.002257  -0.003416  -0.001875  -0.339527  -0.006843  0.219503  2.000000  
81.888664 0.001664  0.091197  -0.008429  0.986728  0.161410  -0.017756  -0.161284  0.986873  0.008310  0.018864  -0.005336  0.999808  -0.002228  -0.003206  -0.001665  -0.339414  -0.006836  0.226377  2.000000  
81.889907 0.001661  0.091194  -0.008430  0.986661  0.161812  -0.017792  -0.161690  0.986809  0.008078  0.018864  -0.005094  0.999809  -0.002226  -0.003072  -0.001503  -0.331213  -0.006823  0.233253  2.000000  
81.891162 0.001658  0.091191  -0.008431  0.986625  0.162009  -0.017981  -0.161893  0.986778  0.007744  0.018998  -0.004730  0.999808  -0.002244  -0.002917  -0.001367  -0.329870  -0.002283  0.235236  2.000000  
81.892167 0.001655  0.091189  -0.008432  0.986592  0.162206  -0.018039  -0.162096  0.986747  0.007389  0.018998  -0.004366  0.999810  -0.002284  -0.002783  -0.001200  -0.329894  -0.002197  0.235254  2.000000  
81.893417 0.001652  0.091187  -0.008433  0.986525  0.162605  -0.018095  -0.162502  0.986683  0.007037  0.018998  -0.004002  0.999812  -0.002342  -0.002662  -0.001134  -0.325580  -0.002158  0.242096  2.000000  
81.894661 0.001648  0.091184  -0.008434  0.986492  0.162802  -0.018153  -0.162705  0.986652  0.006682  0.018998  -0.003638  0.999813  -0.002417  -0.002540  -0.001080  -0.321578  -0.002056  0.242153  2.000000  
81.895662 0.001645  0.091182  -0.008435  0.986425  0.163204  -0.018190  -0.163111  0.986587  0.006450  0.018998  -0.003396  0.999814  -0.002533  -0.002459  -0.001043  -0.317355  -0.002039  0.249061  2.000000  
81.896911 0.001641  0.091180  -0.008435  0.986391  0.163398  -0.018268  -0.163315  0.986556  0.005975  0.018998  -0.002911  0.999815  -0.002606  -0.002378  -0.000934  -0.317315  -0.001918  0.249031  2.000000  
81.897911 0.001638  0.091178  -0.008436  0.986357  0.163597  -0.018306  -0.163518  0.986524  0.005740  0.018998  -0.002668  0.999816  -0.002692  -0.002306  -0.000922  -0.314593  -0.001894  0.253858  2.000000  
81.899162 0.001634  0.091175  -0.008437  0.986290  0.163996  -0.018363  -0.163924  0.986458  0.005388  0.018998  -0.002304  0.999817  -0.002798  -0.002268  -0.000890  -0.313165  -0.001801  0.255997  2.000000  
81.900472 0.001629  0.091172  -0.008437  0.986256  0.164192  -0.018422  -0.164127  0.986426  0.005033  0.018998  -0.001940  0.999818  -0.002912  -0.002192  -0.000802  -0.312530  0.002784  0.255494  2.000000  
81.901662 0.001624  0.091168  -0.008438  0.986222  0.164389  -0.018481  -0.164330  0.986394  0.004678  0.018998  -0.001577  0.999818  -0.003019  -0.002224  -0.000785  -0.309224  0.002941  0.249098  2.000000  
81.902908 0.001620  0.091164  -0.008440  0.986189  0.164585  -0.018540  -0.164533  0.986362  0.004323  0.018998  -0.001213  0.999819  -0.003109  -0.002263  -0.000823  -0.306660  0.003007  0.247031  2.000000  
81.903909 0.001616  0.091161  -0.008442  0.986155  0.164784  -0.018579  -0.164736  0.986329  0.004087  0.018998  -0.000970  0.999819  -0.003189  -0.002289  -0.000836  -0.302634  0.003082  0.247044  2.000000  
81.904909 0.001612  0.091158  -0.008444  0.986121  0.164982  -0.018618  -0.164939  0.986296  0.003852  0.018998  -0.000728  0.999819  -0.003269  -0.002334  -0.000913  -0.298602  0.003157  0.247053  2.000000  
81.905912 0.001608  0.091155  -0.008446  0.986087  0.165181  -0.018657  -0.165142  0.986263  0.003616  0.018998  -0.000485  0.999819  -0.003361  -0.002411  -0.000970  -0.294538  0.003232  0.247035  2.000000  
81.907162 0.001604  0.091152  -0.008448  0.986053  0.165377  -0.018717  -0.165345  0.986230  0.003261  0.018998  -0.000121  0.999820  -0.003433  -0.002505  -0.001116  -0.293174  0.003397  0.242279  2.000000  
81.908417 0.001599  0.091148  -0.008451  0.986053  0.165372  -0.018757  -0.165345  0.986231  0.003022  0.018998  0.000121  0.999820  -0.003533  -0.002581  -0.001251  -0.289174  0.003527  0.228290  2.000000  
81.909662 0.001594  0.091144  -0.008454  0.986019  0.165569  -0.018816  -0.165548  0.986198  0.002667  0.018998  0.000485  0.999819  -0.003612  -0.002718  -0.001421  -0.285145  0.003625  0.228326  2.000000  
81.910912 0.001589  0.091140  -0.008458  0.985985  0.165765  -0.018876  -0.165751  0.986165  0.002312  0.018998  0.000849  0.999819  -0.003659  -0.002832  -0.001584  -0.285325  0.003733  0.221445  2.000000  
81.912162 0.001584  0.091135  -0.008461  0.985950  0.165963  -0.018916  -0.165954  0.986131  0.002077  0.018998  0.001091  0.999819  -0.003712  -0.002917  -0.001741  -0.281352  0.003821  0.214504  2.000000  
81.913163 0.001580  0.091132  -0.008464  0.985950  0.165956  -0.018976  -0.165954  0.986132  0.001718  0.018998  0.001455  0.999818  -0.003771  -0.003022  -0.001856  -0.281446  0.003918  0.207556  2.000000  
81.914411 0.001576  0.091128  -0.008466  0.985916  0.166152  -0.019036  -0.166157  0.986098  0.001363  0.018998  0.001819  0.999818  -0.003787  -0.003105  -0.001985  -0.281557  0.004010  0.200622  2.000000  
81.915412 0.001572  0.091125  -0.008469  0.985882  0.166351  -0.019076  -0.166360  0.986064  0.001128  0.018998  0.002062  0.999817  -0.003795  -0.003151  -0.002113  -0.275221  0.004038  0.198987  2.000000  
81.916414 0.001569  0.091121  -0.008471  0.985882  0.166344  -0.019137  -0.166360  0.986065  0.000769  0.018998  0.002426  0.999817  -0.003788  -0.003171  -0.002189  -0.277587  0.004156  0.193684  2.000000  
81.917424 0.001566  0.091118  -0.008473  0.985848  0.166542  -0.019177  -0.166563  0.986031  0.000534  0.018998  0.002668  0.999816  -0.003721  -0.003171  -0.002227  -0.277657  0.004212  0.186726  2.000000  
81.918663 0.001562  0.091115  -0.008475  0.985850  0.166538  -0.019086  -0.166563  0.986031  0.000272  0.018864  0.002911  0.999818  -0.003674  -0.003173  -0.002235  -0.271582  -0.000216  0.178396  2.000000  
81.919663 0.001558  0.091112  -0.008477  0.985816  0.166736  -0.019126  -0.166766  0.985996  0.000037  0.018864  0.003153  0.999817  -0.003622  -0.003173  -0.002240  -0.273932  -0.000168  0.172936  2.000000  
81.920913 0.001555  0.091108  -0.008479  0.985782  0.166932  -0.019187  -0.166969  0.985962  -0.000318  0.018864  0.003517  0.999816  -0.003528  -0.003150  -0.002260  -0.273966  -0.004602  0.172962  2.000000  
81.922160 0.001552  0.091105  -0.008482  0.985782  0.166928  -0.019227  -0.166969  0.985962  -0.000557  0.018864  0.003760  0.999815  -0.003414  -0.003121  -0.002220  -0.267842  -0.004511  0.164706  2.000000  
81.923413 0.001549  0.091101  -0.008484  0.985747  0.167124  -0.019288  -0.167172  0.985927  -0.000912  0.018864  0.004123  0.999814  -0.003327  -0.003119  -0.002197  -0.267946  -0.004451  0.157829  2.000000  
81.924660 0.001546  0.091098  -0.008486  0.985713  0.167322  -0.019329  -0.167375  0.985893  -0.001147  0.018864  0.004366  0.999813  -0.003178  -0.003064  -0.002137  -0.263868  -0.004403  0.157810  2.000000  
81.925665 0.001545  0.091095  -0.008489  0.985713  0.167317  -0.019370  -0.167375  0.985892  -0.001386  0.018864  0.004608  0.999811  -0.003019  -0.003008  -0.002073  -0.262265  -0.004400  0.145297  2.000000  
81.926912 0.001542  0.091092  -0.008491  0.985678  0.167513  -0.019431  -0.167578  0.985857  -0.001741  0.018864  0.004972  0.999810  -0.002869  -0.002954  -0.002012  -0.262292  -0.004348  0.145313  2.000000  
81.928162 0.001540  0.091089  -0.008493  0.985644  0.167711  -0.019472  -0.167781  0.985822  -0.001976  0.018864  0.005215  0.999808  -0.002654  -0.002876  -0.001942  -0.256196  -0.004277  0.137244  2.000000  
81.929415 0.001538  0.091086  -0.008494  0.985609  0.167910  -0.019513  -0.167984  0.985787  -0.002211  0.018864  0.005457  0.999807  -0.002464  -0.002769  -0.001866  -0.252126  -0.004235  0.137231  2.000000  
81.930423 0.001538  0.091084  -0.008495  0.985609  0.167905  -0.019554  -0.167984  0.985787  -0.002450  0.018864  0.005700  0.999806  -0.002273  -0.002709  -0.001774  -0.252669  -0.004222  0.130584  2.000000  
81.931664 0.001536  0.091081  -0.008497  0.985575  0.168103  -0.019595  -0.168187  0.985752  -0.002686  0.018864  0.005942  0.999804  -0.002093  -0.002630  -0.001695  -0.250255  -0.004210  0.131444  2.000000  
81.932911 0.001536  0.091080  -0.008497  0.985542  0.168300  -0.019525  -0.168390  0.985716  -0.003063  0.018731  0.006306  0.999805  -0.001851  -0.002498  -0.001577  -0.250288  -0.008659  0.131470  2.000000  
81.934165 0.001536  0.091078  -0.008497  0.985508  0.168498  -0.019567  -0.168593  0.985680  -0.003298  0.018731  0.006549  0.999803  -0.001579  -0.002342  -0.001440  -0.246289  -0.008637  0.124528  2.000000  
81.935168 0.001536  0.091077  -0.008497  0.985473  0.168696  -0.019608  -0.168796  0.985645  -0.003533  0.018731  0.006791  0.999801  -0.001391  -0.002228  -0.001271  -0.246204  -0.008587  0.131471  2.000000  
81.936411 0.001537  0.091076  -0.008497  0.985438  0.168894  -0.019650  -0.168999  0.985609  -0.003768  0.018731  0.007034  0.999800  -0.001135  -0.002080  -0.001091  -0.242116  -0.008547  0.131468  2.000000  
81.937425 0.001538  0.091075  -0.008495  0.985403  0.169095  -0.019671  -0.169201  0.985574  -0.003884  0.018731  0.007155  0.999799  -0.000933  -0.001940  -0.000872  -0.237961  -0.008520  0.131426  2.000000  
81.938425 0.001538  0.091074  -0.008495  0.985369  0.169293  -0.019713  -0.169404  0.985538  -0.004119  0.018731  0.007398  0.999797  -0.000707  -0.001783  -0.000689  -0.238028  -0.008491  0.131465  2.000000  
81.939659 0.001539  0.091073  -0.008493  0.985334  0.169491  -0.019755  -0.169607  0.985502  -0.004354  0.018731  0.007640  0.999795  -0.000487  -0.001639  -0.000452  -0.235987  -0.008363  0.137273  2.000000  
81.940659 0.001540  0.091073  -0.008493  0.985299  0.169691  -0.019776  -0.169810  0.985467  -0.004469  0.018731  0.007762  0.999794  -0.000323  -0.001503  -0.000262  -0.231926  -0.008338  0.137264  2.000000  
81.941681 0.001541  0.091072  -0.008492  0.985264  0.169892  -0.019798  -0.170013  0.985431  -0.004584  0.018731  0.007883  0.999793  -0.000087  -0.001339  -0.000069  -0.225553  -0.008368  0.138317  2.000000  
81.942911 0.001542  0.091072  -0.008490  0.985229  0.170090  -0.019840  -0.170216  0.985395  -0.004819  0.018731  0.008125  0.999792  0.000098  -0.001173  0.000177  -0.221516  -0.008299  0.145344  2.000000  
81.943915 0.001543  0.091072  -0.008489  0.985194  0.170290  -0.019862  -0.170419  0.985359  -0.004935  0.018731  0.008247  0.999791  0.000270  -0.001015  0.000326  -0.217385  -0.008271  0.145310  2.000000  
81.945161 0.001544  0.091071  -0.008489  0.985123  0.170694  -0.019885  -0.170824  0.985289  -0.005046  0.018731  0.008368  0.999790  0.000419  -0.000913  0.000467  -0.207281  -0.008097  0.157859  2.000000  
81.946423 0.001545  0.091071  -0.008487  0.985088  0.170894  -0.019906  -0.171027  0.985253  -0.005162  0.018731  0.008489  0.999789  0.000608  -0.000717  0.000668  -0.200767  -0.008122  0.159107  2.000000  
81.947425 0.001546  0.091070  -0.008486  0.985053  0.171095  -0.019928  -0.171230  0.985217  -0.005277  0.018731  0.008610  0.999787  0.000687  -0.000637  0.000759  -0.196696  -0.003598  0.159079  2.000000  
81.948661 0.001547  0.091070  -0.008485  0.985018  0.171295  -0.019950  -0.171433  0.985181  -0.005392  0.018731  0.008732  0.999786  0.000755  -0.000553  0.000886  -0.190993  -0.003501  0.164703  2.000000  
81.949662 0.001548  0.091070  -0.008483  0.984982  0.171495  -0.019972  -0.171635  0.985145  -0.005508  0.018731  0.008853  0.999785  0.000796  -0.000475  0.000949  -0.186944  -0.003471  0.164699  2.000000  
81.950909 0.001549  0.091070  -0.008482  0.984947  0.171696  -0.019994  -0.171838  0.985109  -0.005623  0.018731  0.008974  0.999784  0.000838  -0.000398  0.001012  -0.178872  -0.003432  0.164714  2.000000  
81.952159 0.001550  0.091070  -0.008480  0.984912  0.171896  -0.020016  -0.172041  0.985073  -0.005739  0.018731  0.009096  0.999783  0.000835  -0.000341  0.001039  -0.174685  -0.003357  0.171562  2.000000  
81.953167 0.001550  0.091070  -0.008478  0.984876  0.172096  -0.020038  -0.172244  0.985037  -0.005854  0.018731  0.009217  0.999782  0.000809  -0.000294  0.001106  -0.167967  -0.003343  0.172973  2.000000  
81.954408 0.001551  0.091070  -0.008477  0.984805  0.172500  -0.020061  -0.172649  0.984965  -0.005965  0.018731  0.009338  0.999781  0.000776  -0.000264  0.001112  -0.162306  -0.003191  0.185297  2.000000  
81.955414 0.001551  0.091070  -0.008475  0.984770  0.172700  -0.020083  -0.172852  0.984929  -0.006081  0.018731  0.009459  0.999780  0.000736  -0.000213  0.001160  -0.158269  -0.003157  0.185305  2.000000  
81.956659 0.001551  0.091070  -0.008474  0.984734  0.172900  -0.020106  -0.173055  0.984893  -0.006196  0.018731  0.009581  0.999779  0.000697  -0.000162  0.001211  -0.154211  -0.003123  0.185288  2.000000  
81.957907 0.001551  0.091070  -0.008472  0.984698  0.173101  -0.020128  -0.173257  0.984856  -0.006311  0.018731  0.009702  0.999777  0.000589  -0.000139  0.001212  -0.150181  -0.003090  0.185306  2.000000  
81.958914 0.001550  0.091070  -0.008471  0.984663  0.173301  -0.020150  -0.173460  0.984820  -0.006426  0.018731  0.009823  0.999776  0.000489  -0.000139  0.001222  -0.143257  -0.003070  0.186824  2.000000  
81.960164 0.001550  0.091069  -0.008469  0.984627  0.173504  -0.020152  -0.173663  0.984784  -0.006422  0.018731  0.009823  0.999776  0.000368  -0.000092  0.001269  -0.133858  -0.002968  0.192142  2.000000  
81.961414 0.001549  0.091069  -0.008469  0.984591  0.173704  -0.020174  -0.173865  0.984748  -0.006538  0.018731  0.009944  0.999775  0.000244  -0.000119  0.001208  -0.129834  -0.002934  0.192171  2.000000  
81.962426 0.001548  0.091068  -0.008468  0.984591  0.173701  -0.020195  -0.173865  0.984747  -0.006657  0.018731  0.010066  0.999774  0.000116  -0.000146  0.001219  -0.126906  0.001517  0.186707  2.000000  
81.963660 0.001547  0.091068  -0.008467  0.984555  0.173904  -0.020196  -0.174068  0.984711  -0.006653  0.018731  0.010066  0.999774  -0.000011  -0.000150  0.001149  -0.118815  0.001541  0.186800  2.000000  
81.964662 0.001546  0.091068  -0.008467  0.984520  0.174104  -0.020219  -0.174271  0.984674  -0.006768  0.018731  0.010187  0.999773  -0.000139  -0.000158  0.001117  -0.114719  0.001575  0.186768  2.000000  
81.965911 0.001545  0.091067  -0.008466  0.984520  0.174104  -0.020219  -0.174271  0.984674  -0.006768  0.018731  0.010187  0.999773  -0.000277  -0.000216  0.001021  -0.106717  0.001538  0.179887  2.000000  
81.967159 0.001544  0.091066  -0.008466  0.984484  0.174305  -0.020241  -0.174474  0.984638  -0.006883  0.018731  0.010308  0.999771  -0.000435  -0.000248  0.000950  -0.101824  0.001559  0.178457  2.000000  
81.968418 0.001542  0.091065  -0.008465  0.984448  0.174507  -0.020243  -0.174676  0.984602  -0.006879  0.018731  0.010308  0.999771  -0.000565  -0.000328  0.000864  -0.093718  0.001580  0.178426  2.000000  
81.969420 0.001542  0.091065  -0.008465  0.984448  0.174505  -0.020264  -0.174676  0.984601  -0.006999  0.018731  0.010430  0.999770  -0.000591  -0.000334  0.000801  -0.090499  0.001562  0.172894  2.000000  
81.970422 0.001541  0.091064  -0.008464  0.984412  0.174708  -0.020266  -0.174879  0.984565  -0.006995  0.018731  0.010430  0.999770  -0.000660  -0.000363  0.000753  -0.086421  0.001573  0.172890  2.000000  
81.971663 0.001540  0.091064  -0.008463  0.984412  0.174705  -0.020287  -0.174879  0.984564  -0.007114  0.018731  0.010551  0.999769  -0.000709  -0.000418  0.000681  0.000000  0.000000  0.000000  2.000000  
81.972908 0.001540  0.091063  -0.008462  0.984376  0.174908  -0.020288  -0.175082  0.984528  -0.007110  0.018731  0.010551  0.999769  -0.000735  -0.000424  0.000618  0.000000  0.000000  0.000000  2.000000  
81.973909 0.001539  0.091063  -0.008462  0.984376  0.174908  -0.020288  -0.175082  0.984528  -0.007110  0.018731  0.010551  0.999769  -0.000765  -0.000440  0.000623  0.000000  0.000000  0.000000  2.000000  
81.974910 0.001538  0.091063  -0.008461  0.984376  0.174905  -0.020309  -0.175082  0.984527  -0.007229  0.018731  0.010672  0.999768  -0.000765  -0.000440  0.000623  0.000000  0.000000  0.000000  2.000000  
81.975911 0.001538  0.091062  -0.008460  0.984376  0.174905  -0.020309  -0.175082  0.984527  -0.007229  0.018731  0.010672  0.999768  -0.000765  -0.000440  0.000623  0.000000  0.000000  0.000000  2.000000  
81.977164 0.001537  0.091063  -0.008459  0.984340  0.175108  -0.020311  -0.175284  0.984491  -0.007225  0.018731  0.010672  0.999768  -0.000743  -0.000402  0.000609  0.000000  0.000000  0.000000  2.000000  
81.978423 0.001537  0.091063  -0.008458  0.984340  0.175106  -0.020332  -0.175284  0.984490  -0.007344  0.018731  0.010793  0.999766  -0.000681  -0.000349  0.000646  0.000000  0.000000  0.000000  2.000000  
81.979661 0.001537  0.091063  -0.008457  0.984340  0.175106  -0.020332  -0.175284  0.984490  -0.007344  0.018731  0.010793  0.999766  -0.000640  -0.000318  0.000655  0.000000  0.000000  0.000000  2.000000  
81.980909 0.001536  0.091063  -0.008456  0.984340  0.175106  -0.020332  -0.175284  0.984490  -0.007344  0.018731  0.010793  0.999766  -0.000579  -0.000268  0.000693  0.000000  0.000000  0.000000  2.000000  
81.981911 0.001536  0.091063  -0.008455  0.984340  0.175106  -0.020332  -0.175284  0.984490  -0.007344  0.018731  0.010793  0.999766  -0.000515  -0.000223  0.000708  0.000000  0.000000  0.000000  2.000000  
81.983161 0.001536  0.091063  -0.008455  0.984342  0.175107  -0.020200  -0.175285  0.984490  -0.007368  0.018597  0.010793  0.999769  -0.000457  -0.000129  0.000693  0.000000  0.000000  0.000000  2.000000  
81.984412 0.001536  0.091064  -0.008454  0.984306  0.175310  -0.020202  -0.175487  0.984454  -0.007364  0.018597  0.010793  0.999769  -0.000401  -0.000073  0.000753  0.000000  0.000000  0.000000  2.000000  
81.985422 0.001536  0.091064  -0.008453  0.984306  0.175310  -0.020202  -0.175487  0.984454  -0.007364  0.018597  0.010793  0.999769  -0.000373  -0.000006  0.000719  0.000000  0.000000  0.000000  2.000000  
81.986422 0.001536  0.091065  -0.008452  0.984306  0.175307  -0.020223  -0.175487  0.984453  -0.007483  0.018597  0.010915  0.999767  -0.000313  0.000066  0.000726  0.000000  0.000000  0.000000  2.000000  
81.987659 0.001536  0.091065  -0.008452  0.984306  0.175307  -0.020223  -0.175487  0.984453  -0.007483  0.018597  0.010915  0.999767  -0.000243  0.000135  0.000709  0.000000  0.000000  0.000000  2.000000  
81.988912 0.001536  0.091066  -0.008451  0.984306  0.175307  -0.020223  -0.175487  0.984453  -0.007483  0.018597  0.010915  0.999767  -0.000175  0.000228  0.000671  0.000000  0.000000  0.000000  2.000000  
81.990157 0.001536  0.091067  -0.008450  0.984306  0.175307  -0.020223  -0.175487  0.984453  -0.007483  0.018597  0.010915  0.999767  -0.000142  0.000250  0.000679  0.000000  0.000000  0.000000  2.000000  
81.991162 0.001537  0.091067  -0.008450  0.984306  0.175307  -0.020223  -0.175487  0.984453  -0.007483  0.018597  0.010915  0.999767  -0.000078  0.000326  0.000685  0.000000  0.000000  0.000000  2.000000  
81.992164 0.001537  0.091068  -0.008449  0.984267  0.175511  -0.020335  -0.175689  0.984418  -0.007336  0.018731  0.010793  0.999766  -0.000035  0.000349  0.000670  0.000000  0.000000  0.000000  2.000000  
81.993414 0.001537  0.091068  -0.008448  0.984267  0.175511  -0.020335  -0.175689  0.984418  -0.007336  0.018731  0.010793  0.999766  0.000000  0.000388  0.000635  0.000000  0.000000  0.000000  2.000000  
81.994423 0.001537  0.091069  -0.008448  0.984267  0.175511  -0.020335  -0.175689  0.984418  -0.007336  0.018731  0.010793  0.999766  0.000005  0.000414  0.000601  0.000000  0.000000  0.000000  2.000000  
81.995659 0.001537  0.091070  -0.008446  0.984267  0.175511  -0.020335  -0.175689  0.984418  -0.007336  0.018731  0.010793  0.999766  0.000059  0.000489  0.000630  0.000000  0.000000  0.000000  2.000000  
81.996661 0.001537  0.091070  -0.008446  0.984231  0.175714  -0.020337  -0.175892  0.984382  -0.007332  0.018731  0.010793  0.999766  0.000058  0.000480  0.000619  0.000000  0.000000  0.000000  2.000000  
81.997911 0.001537  0.091071  -0.008445  0.984231  0.175714  -0.020337  -0.175892  0.984382  -0.007332  0.018731  0.010793  0.999766  0.000090  0.000514  0.000649  0.000000  0.000000  0.000000  2.000000  
81.998914 0.001537  0.091072  -0.008445  0.984231  0.175714  -0.020337  -0.175892  0.984382  -0.007332  0.018731  0.010793  0.999766  0.000125  0.000560  0.000624  0.000000  0.000000  0.000000  2.000000  
82.000160 0.001537  0.091072  -0.008445  0.984231  0.175716  -0.020315  -0.175892  0.984383  -0.007212  0.018731  0.010672  0.999768  0.000107  0.000531  0.000571  0.000000  0.000000  0.000000  2.000000  
82.001160 0.001537  0.091073  -0.008444  0.984195  0.175919  -0.020317  -0.176095  0.984347  -0.007208  0.018731  0.010672  0.999768  0.000098  0.000545  0.000552  0.000000  0.000000  0.000000  2.000000  
82.002165 0.001538  0.091073  -0.008444  0.984195  0.175919  -0.020317  -0.176095  0.984347  -0.007208  0.018731  0.010672  0.999768  0.000151  0.000554  0.000556  0.000000  0.000000  0.000000  2.000000  
82.003411 0.001538  0.091073  -0.008444  0.984195  0.175919  -0.020317  -0.176095  0.984347  -0.007208  0.018731  0.010672  0.999768  0.000131  0.000518  0.000496  0.000000  0.000000  0.000000  2.000000  
82.004660 0.001538  0.091073  -0.008443  0.984159  0.176124  -0.020297  -0.176297  0.984311  -0.007085  0.018731  0.010551  0.999769  0.000078  0.000450  0.000473  0.000000  0.000000  0.000000  2.000000  
82.005663 0.001538  0.091074  -0.008443  0.984159  0.176124  -0.020297  -0.176297  0.984311  -0.007085  0.018731  0.010551  0.999769  0.000129  0.000450  0.000468  0.000000  0.000000  0.000000  2.000000  
82.006908 0.001538  0.091073  -0.008443  0.984125  0.176328  -0.020167  -0.176500  0.984275  -0.007104  0.018597  0.010551  0.999771  0.000117  0.000392  0.000417  0.000000  0.000000  0.000000  2.000000  
82.008161 0.001538  0.091073  -0.008443  0.984125  0.176330  -0.020145  -0.176500  0.984276  -0.006985  0.018597  0.010430  0.999773  0.000114  0.000318  0.000383  0.000000  0.000000  0.000000  2.000000  
82.009163 0.001538  0.091073  -0.008443  0.984125  0.176330  -0.020145  -0.176500  0.984276  -0.006985  0.018597  0.010430  0.999773  0.000105  0.000272  0.000346  0.000000  0.000000  0.000000  2.000000  
82.010430 0.001538  0.091072  -0.008443  0.984089  0.176533  -0.020147  -0.176703  0.984239  -0.006981  0.018597  0.010430  0.999773  0.000091  0.000145  0.000267  0.000000  0.000000  0.000000  2.000000  
82.011661 0.001538  0.091072  -0.008442  0.984089  0.176535  -0.020125  -0.176703  0.984240  -0.006861  0.018597  0.010308  0.999774  0.000097  0.000120  0.000272  0.000000  0.000000  0.000000  2.000000  
82.012670 0.001538  0.091072  -0.008442  0.984052  0.176738  -0.020127  -0.176906  0.984204  -0.006857  0.018597  0.010308  0.999774  0.000096  0.000047  0.000242  0.000000  0.000000  0.000000  2.000000  
82.013913 0.001539  0.091071  -0.008442  0.984052  0.176738  -0.020127  -0.176906  0.984204  -0.006857  0.018597  0.010308  0.999774  0.000079  -0.000024  0.000238  0.000000  0.000000  0.000000  2.000000  
82.015159 0.001539  0.091071  -0.008442  0.984016  0.176941  -0.020128  -0.177108  0.984168  -0.006853  0.018597  0.010308  0.999774  0.000099  -0.000049  0.000214  0.000000  0.000000  0.000000  2.000000  
82.016161 0.001538  0.091071  -0.008441  0.983979  0.177146  -0.020108  -0.177311  0.984132  -0.006729  0.018597  0.010187  0.999775  0.000085  -0.000122  0.000217  0.000000  0.000000  0.000000  2.000000  
82.017165 0.001539  0.091071  -0.008441  0.983979  0.177146  -0.020108  -0.177311  0.984132  -0.006729  0.018597  0.010187  0.999775  0.000061  -0.000170  0.000207  0.000000  0.000000  0.000000  2.000000  
