1-Time 2-Px 3-Py 4-Pz 5-R11 6-R21 7-R31 8-R12 9-R22 10-R32 11-R13 12-R23 13-R33 14-Vx 15-Vy 16-Vz 17-Wx 18-Wy 19-Wz 20-state 21-PR11 22-PR21 23-PR31 24-PR12 25-PR22 26-PR32 27-PR13 28-PR23 29-PR33 
103.745614 0.002211  0.092367  -0.006780  0.983838  0.174858  0.038570  -0.174568  0.984586  -0.010786  -0.039861  0.003878  0.999198  -0.000149  -0.000039  0.000803  0.000000  0.000000  0.000000  2.000000  
103.746623 0.002211  0.092368  -0.006779  0.983838  0.174858  0.038570  -0.174568  0.984586  -0.010786  -0.039861  0.003878  0.999198  -0.000147  -0.000020  0.000772  0.000000  0.000000  0.000000  2.000000  
103.747867 0.002211  0.092366  -0.006779  0.983652  0.175872  0.038690  -0.175580  0.984405  -0.010849  -0.039995  0.003878  0.999192  -0.000149  -0.000095  0.000738  0.000000  0.000000  0.000000  2.000000  
103.749109 0.002210  0.092364  -0.006779  0.983461  0.176891  0.038921  -0.176590  0.984222  -0.011055  -0.040263  0.004000  0.999181  -0.000185  -0.000271  0.000651  0.000000  0.000000  0.000000  2.000000  
103.750110 0.002210  0.092362  -0.006778  0.983335  0.177500  0.039309  -0.177195  0.984113  -0.011151  -0.040664  0.003999  0.999165  -0.000215  -0.000415  0.000651  0.000000  0.000000  0.000000  2.000000  
103.751363 0.002210  0.092359  -0.006777  0.983215  0.178109  0.039565  -0.177800  0.984003  -0.011222  -0.040931  0.003999  0.999154  -0.000174  -0.000583  0.000622  0.000000  0.000000  0.000000  2.000000  
103.752609 0.002210  0.092358  -0.006776  0.983037  0.179121  0.039422  -0.178813  0.983819  -0.011239  -0.040797  0.003999  0.999159  -0.000144  -0.000674  0.000661  0.000000  0.000000  0.000000  2.000000  
103.753618 0.002211  0.092357  -0.006775  0.982821  0.180336  0.039277  -0.180028  0.983597  -0.011264  -0.040664  0.003999  0.999165  -0.000078  -0.000718  0.000675  -0.011038  -0.026291  0.172886  2.000000  
103.754628 0.002211  0.092356  -0.006774  0.982603  0.181550  0.039131  -0.181243  0.983374  -0.011288  -0.040530  0.004000  0.999170  -0.000055  -0.000785  0.000704  -0.012690  -0.021626  0.214273  2.000000  
103.755639 0.002212  0.092354  -0.006774  0.982341  0.182962  0.039137  -0.182659  0.983112  -0.011225  -0.040530  0.003878  0.999171  -0.000022  -0.000930  0.000665  -0.010559  -0.021445  0.262561  2.000000  
103.756867 0.002213  0.092352  -0.006774  0.982033  0.184582  0.039250  -0.184275  0.982810  -0.011314  -0.040664  0.003878  0.999165  0.000095  -0.001105  0.000564  -0.012811  -0.025740  0.318042  2.000000  
103.757869 0.002215  0.092351  -0.006774  0.981718  0.186201  0.039494  -0.185891  0.982504  -0.011429  -0.040931  0.003878  0.999154  0.000250  -0.001158  0.000473  -0.015087  -0.034510  0.373304  2.000000  
103.759116 0.002218  0.092350  -0.006772  0.981361  0.188022  0.039735  -0.187707  0.982157  -0.011552  -0.041198  0.003878  0.999143  0.000438  -0.001213  0.000585  -0.017663  -0.043267  0.435616  2.000000  
103.760116 0.002220  0.092348  -0.006769  0.981000  0.189843  0.039976  -0.189523  0.981807  -0.011676  -0.041466  0.003878  0.999132  0.000570  -0.001289  0.000745  -0.020253  -0.052018  0.497866  2.000000  
103.761367 0.002221  0.092345  -0.006768  0.980603  0.191864  0.040083  -0.191541  0.981414  -0.011784  -0.041599  0.003878  0.999127  0.000681  -0.001546  0.000785  -0.023105  -0.056247  0.567019  2.000000  
103.762370 0.002222  0.092341  -0.006768  0.980286  0.193480  0.040064  -0.193156  0.981097  -0.011850  -0.041599  0.003878  0.999127  0.000779  -0.001734  0.000760  -0.025355  -0.056024  0.622224  2.000000  
103.763615 0.002224  0.092337  -0.006767  0.979886  0.195504  0.040016  -0.195174  0.980695  -0.012052  -0.041599  0.003999  0.999126  0.000927  -0.001869  0.000809  -0.032248  -0.055714  0.691348  2.000000  
103.764860 0.002226  0.092333  -0.006765  0.979442  0.197725  0.039988  -0.197392  0.980249  -0.012142  -0.041599  0.003999  0.999126  0.001082  -0.001964  0.000906  -0.035639  -0.055402  0.774503  2.000000  
103.765861 0.002227  0.092328  -0.006763  0.979069  0.199541  0.040097  -0.199205  0.979881  -0.012243  -0.041733  0.003999  0.999121  0.001212  -0.002177  0.000994  -0.038226  -0.059644  0.836616  2.000000  
103.767109 0.002231  0.092321  -0.006763  0.978563  0.201967  0.040304  -0.201621  0.979384  -0.012515  -0.042000  0.004120  0.999109  0.001430  -0.002494  0.000916  -0.045451  -0.067716  0.912370  2.000000  
103.768111 0.002236  0.092316  -0.006762  0.978140  0.203984  0.040409  -0.203634  0.978966  -0.012625  -0.042134  0.004120  0.999103  0.001701  -0.002747  0.000908  -0.048720  -0.072487  0.988955  2.000000  
103.769359 0.002241  0.092309  -0.006761  0.977623  0.206408  0.040614  -0.206048  0.978457  -0.012899  -0.042401  0.004242  0.999092  0.001996  -0.003120  0.000852  -0.056347  -0.081087  1.072011  2.000000  
103.770377 0.002244  0.092303  -0.006761  0.977239  0.208220  0.040590  -0.207859  0.978073  -0.012974  -0.042401  0.004242  0.999092  0.002181  -0.003481  0.000857  -0.058890  -0.080807  1.133875  2.000000  
103.771616 0.002248  0.092293  -0.006761  0.976804  0.210239  0.040668  -0.209869  0.977640  -0.013204  -0.042535  0.004363  0.999085  0.002342  -0.003954  0.000867  -0.065890  -0.084947  1.203005  2.000000  
103.772863 0.002253  0.092283  -0.006762  0.976364  0.212252  0.040772  -0.211878  0.977205  -0.013316  -0.042669  0.004363  0.999080  0.002523  -0.004516  0.000839  -0.069119  -0.089138  1.279203  2.000000  
103.773865 0.002256  0.092274  -0.006761  0.975970  0.214067  0.040721  -0.213687  0.976809  -0.013510  -0.042669  0.004484  0.999079  0.002600  -0.005036  0.000768  -0.075754  -0.088788  1.341250  2.000000  
103.774868 0.002259  0.092265  -0.006761  0.975572  0.215876  0.040696  -0.215495  0.976410  -0.013586  -0.042669  0.004484  0.999079  0.002672  -0.005665  0.000582  -0.078317  -0.088520  1.403351  2.000000  
103.776113 0.002261  0.092252  -0.006760  0.975127  0.217896  0.040615  -0.217503  0.975961  -0.013906  -0.042669  0.004726  0.999078  0.002676  -0.006235  0.000502  -0.089345  -0.088074  1.472863  2.000000  
103.777114 0.002263  0.092241  -0.006760  0.974807  0.219308  0.040699  -0.218907  0.975644  -0.014112  -0.042802  0.004847  0.999072  0.002721  -0.006728  0.000487  -0.094177  -0.091579  1.495198  2.000000  
103.778363 0.002265  0.092229  -0.006760  0.974394  0.221120  0.040776  -0.220711  0.975234  -0.014335  -0.042936  0.004969  0.999065  0.002819  -0.007325  0.000438  -0.099657  -0.086905  1.522562  2.000000  
103.779363 0.002267  0.092218  -0.006760  0.974023  0.222732  0.040856  -0.222314  0.974866  -0.014551  -0.043070  0.005090  0.999059  0.002808  -0.007858  0.000341  -0.101755  -0.078346  1.555770  2.000000  
103.780624 0.002268  0.092205  -0.006759  0.973604  0.224548  0.040905  -0.224117  0.974448  -0.014893  -0.043204  0.005332  0.999052  0.002718  -0.008341  0.000264  -0.111927  -0.073445  1.596728  2.000000  
103.781861 0.002268  0.092191  -0.006758  0.973234  0.226163  0.040825  -0.225721  0.974074  -0.015196  -0.043204  0.005574  0.999051  0.002514  -0.008778  0.000307  -0.121403  -0.068656  1.625112  2.000000  
103.782864 0.002270  0.092181  -0.006758  0.972954  0.227376  0.040751  -0.226923  0.973790  -0.015483  -0.043204  0.005817  0.999049  0.002346  -0.009065  0.000273  -0.129760  -0.072933  1.632335  2.000000  
103.784108 0.002270  0.092169  -0.006759  0.972626  0.228789  0.040673  -0.228325  0.973457  -0.015778  -0.043204  0.006059  0.999048  0.002016  -0.009455  0.000210  -0.136859  -0.081028  1.625938  2.000000  
103.785111 0.002269  0.092159  -0.006758  0.972343  0.229996  0.040626  -0.229526  0.973172  -0.015946  -0.043204  0.006180  0.999047  0.001711  -0.009726  0.000190  -0.140583  -0.080946  1.618712  2.000000  
103.786359 0.002267  0.092146  -0.006757  0.971964  0.231613  0.040515  -0.231127  0.972786  -0.016367  -0.043204  0.006544  0.999045  0.001353  -0.009942  0.000251  -0.156892  -0.076304  1.618991  2.000000  
103.787366 0.002266  0.092135  -0.006757  0.971678  0.232824  0.040439  -0.232327  0.972495  -0.016653  -0.043204  0.006786  0.999043  0.000970  -0.010154  0.000346  -0.164754  -0.071665  1.611673  2.000000  
103.788617 0.002263  0.092121  -0.006757  0.971336  0.234236  0.040488  -0.233726  0.972154  -0.016978  -0.043337  0.007029  0.999036  0.000466  -0.010389  0.000257  -0.172609  -0.067095  1.598160  2.000000  
103.789864 0.002259  0.092106  -0.006759  0.970998  0.235652  0.040377  -0.235126  0.971809  -0.017390  -0.043337  0.007392  0.999033  -0.000035  -0.010622  0.000109  -0.183780  -0.058037  1.570601  2.000000  
103.790868 0.002253  0.092093  -0.006761  0.970750  0.236668  0.040403  -0.236124  0.971560  -0.017817  -0.043471  0.007756  0.999025  -0.000497  -0.010774  -0.000031  -0.195240  -0.057869  1.549986  2.000000  
103.791868 0.002249  0.092081  -0.006763  0.970507  0.237677  0.040327  -0.237123  0.971311  -0.018094  -0.043471  0.007998  0.999023  -0.000945  -0.010870  -0.000188  -0.203606  -0.053859  1.527954  2.000000  
103.792870 0.002244  0.092069  -0.006764  0.970262  0.238687  0.040251  -0.238122  0.971062  -0.018371  -0.043471  0.008240  0.999021  -0.001411  -0.010984  -0.000267  -0.206805  -0.053709  1.507263  2.000000  
103.794117 0.002238  0.092055  -0.006766  0.970022  0.239700  0.040015  -0.239122  0.970809  -0.018734  -0.043337  0.008604  0.999023  -0.001969  -0.011063  -0.000423  -0.217157  -0.049199  1.465692  2.000000  
103.795124 0.002233  0.092044  -0.006768  0.969825  0.240514  0.039912  -0.239920  0.970604  -0.019120  -0.043337  0.008967  0.999020  -0.002328  -0.011032  -0.000574  -0.227943  -0.044648  1.430680  2.000000  
103.796366 0.002226  0.092031  -0.006770  0.969577  0.241527  0.039804  -0.240918  0.970349  -0.019514  -0.043337  0.009331  0.999017  -0.002854  -0.011026  -0.000809  -0.234571  -0.040112  1.390086  2.000000  
103.797372 0.002221  0.092021  -0.006772  0.969373  0.242342  0.039830  -0.241715  0.970142  -0.019932  -0.043471  0.009694  0.999008  -0.003275  -0.010991  -0.000921  -0.245206  -0.035635  1.348022  2.000000  
103.798626 0.002214  0.092009  -0.006775  0.969118  0.243356  0.039850  -0.242712  0.969885  -0.020359  -0.043605  0.010058  0.998998  -0.003792  -0.010999  -0.001145  -0.255490  -0.035727  1.299410  2.000000  
103.799863 0.002206  0.091996  -0.006779  0.968918  0.244174  0.039715  -0.243510  0.969674  -0.020862  -0.043605  0.010543  0.998993  -0.004249  -0.011021  -0.001409  -0.264411  -0.030872  1.255793  2.000000  
103.800863 0.002200  0.091987  -0.006782  0.968762  0.244789  0.039743  -0.244107  0.969515  -0.021272  -0.043738  0.010906  0.998983  -0.004605  -0.010932  -0.001657  -0.274943  -0.030956  1.214640  2.000000  
103.801870 0.002194  0.091978  -0.006784  0.968611  0.245402  0.039640  -0.244705  0.969356  -0.021649  -0.043738  0.011270  0.998979  -0.004872  -0.010847  -0.001793  -0.283144  -0.026774  1.175316  2.000000  
103.803210 0.002187  0.091967  -0.006787  0.968459  0.246025  0.039478  -0.245303  0.969191  -0.022262  -0.043738  0.011875  0.998972  -0.005205  -0.010533  -0.002014  -0.296152  -0.026718  1.116612  2.000000  
103.804380 0.002179  0.091957  -0.006790  0.968251  0.246843  0.039469  -0.246099  0.968977  -0.022797  -0.043872  0.012360  0.998961  -0.005487  -0.010296  -0.002137  -0.311329  -0.031430  1.071634  2.000000  
103.805619 0.002171  0.091946  -0.006794  0.968093  0.247467  0.039434  -0.246696  0.968809  -0.023442  -0.044006  0.012966  0.998947  -0.005613  -0.010017  -0.002244  -0.325615  -0.035963  1.023326  2.000000  
103.806621 0.002165  0.091937  -0.006797  0.967935  0.248091  0.039399  -0.247292  0.968642  -0.024087  -0.044139  0.013572  0.998933  -0.005697  -0.009733  -0.002348  -0.340846  -0.035843  0.995663  2.000000  
103.807877 0.002158  0.091928  -0.006801  0.967828  0.248516  0.039368  -0.247689  0.968524  -0.024724  -0.044273  0.014177  0.998919  -0.005727  -0.009357  -0.002477  -0.351015  -0.035876  0.947073  2.000000  
103.809112 0.002152  0.091919  -0.006804  0.967714  0.248937  0.039496  -0.248084  0.968409  -0.025276  -0.044540  0.014662  0.998900  -0.005729  -0.009058  -0.002533  -0.361202  -0.040652  0.892320  2.000000  
103.810114 0.002147  0.091912  -0.006807  0.967606  0.249357  0.039494  -0.248481  0.968293  -0.025796  -0.044674  0.015146  0.998887  -0.005713  -0.008813  -0.002648  -0.367923  -0.040679  0.857685  2.000000  
103.811114 0.002143  0.091906  -0.006810  0.967549  0.249578  0.039497  -0.248679  0.968229  -0.026307  -0.044808  0.015631  0.998873  -0.005626  -0.008531  -0.002713  -0.378396  -0.045354  0.816288  2.000000  
103.812372 0.002138  0.091898  -0.006815  0.967441  0.249998  0.039494  -0.249076  0.968112  -0.026826  -0.044941  0.016116  0.998860  -0.005512  -0.008196  -0.002853  -0.384607  -0.049985  0.774533  2.000000  
103.813379 0.002134  0.091892  -0.006819  0.967384  0.250218  0.039497  -0.249274  0.968047  -0.027337  -0.045075  0.016600  0.998846  -0.005378  -0.007917  -0.002926  -0.391543  -0.054504  0.746873  2.000000  
103.814620 0.002129  0.091884  -0.006823  0.967320  0.250446  0.039598  -0.249470  0.967978  -0.027999  -0.045342  0.017206  0.998823  -0.005244  -0.007632  -0.002955  -0.402163  -0.063682  0.705777  2.000000  
103.815875 0.002125  0.091877  -0.006826  0.967309  0.250470  0.039735  -0.249467  0.967963  -0.028535  -0.045610  0.017690  0.998803  -0.004979  -0.007244  -0.002991  -0.407813  -0.073060  0.650391  2.000000  
103.817117 0.002120  0.091871  -0.006830  0.967240  0.250700  0.039966  -0.249661  0.967892  -0.029231  -0.046010  0.018295  0.998773  -0.004796  -0.006981  -0.003024  -0.415468  -0.086045  0.611394  2.000000  
103.818377 0.002116  0.091865  -0.006832  0.967228  0.250729  0.040072  -0.249658  0.967873  -0.029885  -0.046278  0.018901  0.998750  -0.004565  -0.006662  -0.002984  -0.424213  -0.091724  0.554093  2.000000  
103.819614 0.002113  0.091860  -0.006833  0.967158  0.250960  0.040302  -0.249853  0.967801  -0.030580  -0.046679  0.019506  0.998719  -0.004305  -0.006307  -0.002832  -0.427487  -0.104567  0.515623  2.000000  
103.820628 0.002109  0.091857  -0.006834  0.967197  0.250786  0.040445  -0.249650  0.967836  -0.031108  -0.046946  0.019991  0.998697  -0.004040  -0.005899  -0.002657  -0.432907  -0.110352  0.471492  2.000000  
103.821864 0.002106  0.091853  -0.006835  0.967179  0.250823  0.040651  -0.249646  0.967811  -0.031913  -0.047347  0.020717  0.998664  -0.003823  -0.005531  -0.002453  -0.444261  -0.123144  0.433795  2.000000  
103.823114 0.002103  0.091850  -0.006836  0.967218  0.250654  0.040764  -0.249443  0.967842  -0.032558  -0.047614  0.021322  0.998638  -0.003577  -0.005059  -0.002252  -0.450163  -0.132551  0.385944  2.000000  
103.824119 0.002101  0.091848  -0.006836  0.967200  0.250677  0.041061  -0.249439  0.967828  -0.033010  -0.048015  0.021685  0.998611  -0.003387  -0.004664  -0.002086  -0.452292  -0.151996  0.354845  2.000000  
103.825131 0.002098  0.091847  -0.006835  0.967238  0.250504  0.041205  -0.249236  0.967862  -0.033538  -0.048283  0.022170  0.998588  -0.003237  -0.004301  -0.001852  -0.458698  -0.161325  0.320339  2.000000  
103.826366 0.002096  0.091846  -0.006834  0.967271  0.250338  0.041449  -0.249032  0.967891  -0.034217  -0.048683  0.022775  0.998555  -0.003025  -0.003858  -0.001494  -0.461750  -0.173862  0.283898  2.000000  
103.827377 0.002094  0.091845  -0.006833  0.967303  0.250168  0.041722  -0.248828  0.967923  -0.034778  -0.049084  0.023259  0.998524  -0.002943  -0.003511  -0.001179  -0.467614  -0.184782  0.244902  2.000000  
103.828616 0.002092  0.091844  -0.006832  0.967335  0.250003  0.041966  -0.248624  0.967951  -0.035456  -0.049485  0.023864  0.998490  -0.002789  -0.003091  -0.000831  -0.470667  -0.192784  0.209023  2.000000  
103.829617 0.002090  0.091844  -0.006830  0.967367  0.249829  0.042271  -0.248420  0.967987  -0.035899  -0.049886  0.024227  0.998461  -0.002621  -0.002675  -0.000464  -0.469417  -0.206562  0.181895  2.000000  
103.830626 0.002088  0.091843  -0.006829  0.967399  0.249659  0.042545  -0.248216  0.968018  -0.036460  -0.050287  0.024711  0.998429  -0.002511  -0.002327  -0.000152  -0.471432  -0.217660  0.149005  2.000000  
103.831867 0.002085  0.091842  -0.006827  0.967481  0.249296  0.042797  -0.247813  0.968096  -0.037129  -0.050688  0.025316  0.998394  -0.002414  -0.001953  0.000216  -0.474236  -0.229891  0.113915  2.000000  
103.833136 0.002082  0.091842  -0.006825  0.967563  0.248934  0.043050  -0.247409  0.968174  -0.037798  -0.051089  0.025921  0.998358  -0.002328  -0.001589  0.000487  -0.473759  -0.244431  0.080227  2.000000  
103.834377 0.002079  0.091841  -0.006823  0.967638  0.248570  0.043463  -0.247004  0.968254  -0.038382  -0.051623  0.026404  0.998318  -0.002284  -0.001304  0.000695  -0.470717  -0.258002  0.039292  2.000000  
103.835616 0.002076  0.091841  -0.006821  0.967720  0.248203  0.043746  -0.246600  0.968335  -0.038933  -0.052024  0.026888  0.998284  -0.002192  -0.001049  0.000908  -0.465021  -0.267576  0.005340  2.000000  
103.836624 0.002075  0.091841  -0.006818  0.967750  0.248035  0.044022  -0.246396  0.968364  -0.039493  -0.052425  0.027372  0.998250  -0.002093  -0.000777  0.001155  -0.459287  -0.279292  -0.021905  2.000000  
103.837628 0.002074  0.091842  -0.006816  0.967831  0.247663  0.044337  -0.245992  0.968449  -0.039925  -0.052826  0.027735  0.998219  -0.002013  -0.000564  0.001358  -0.453940  -0.288924  -0.049242  2.000000  
103.838868 0.002072  0.091844  -0.006812  0.967962  0.247103  0.044600  -0.245389  0.968575  -0.040584  -0.053227  0.028339  0.998180  -0.001918  -0.000322  0.001616  -0.456611  -0.296231  -0.082773  2.000000  
103.839868 0.002071  0.091844  -0.006810  0.968049  0.246728  0.044786  -0.244987  0.968660  -0.040984  -0.053494  0.028702  0.998156  -0.001838  -0.000165  0.001743  -0.450786  -0.299285  -0.110935  2.000000  
103.841131 0.002069  0.091846  -0.006805  0.968180  0.246162  0.045080  -0.244384  0.968789  -0.041524  -0.053895  0.029186  0.998120  -0.001829  -0.000001  0.001938  -0.445160  -0.308852  -0.138155  2.000000  
103.842374 0.002067  0.091847  -0.006801  0.968309  0.245597  0.045375  -0.243781  0.968918  -0.042064  -0.054296  0.029670  0.998084  -0.001781  0.000115  0.002122  -0.443531  -0.318792  -0.172376  2.000000  
103.843379 0.002066  0.091848  -0.006797  0.968396  0.245228  0.045532  -0.243378  0.968996  -0.042581  -0.054563  0.030153  0.998055  -0.001733  0.000254  0.002325  -0.442926  -0.321226  -0.191298  2.000000  
103.844619 0.002065  0.091849  -0.006793  0.968524  0.244664  0.045829  -0.242775  0.969124  -0.043120  -0.054964  0.030637  0.998018  -0.001651  0.000369  0.002507  -0.437442  -0.326448  -0.218422  2.000000  
103.845875 0.002063  0.091850  -0.006787  0.968660  0.244096  0.045996  -0.242173  0.969252  -0.043627  -0.055231  0.031121  0.997989  -0.001611  0.000516  0.002775  -0.436350  -0.327061  -0.238819  2.000000  
103.847115 0.002061  0.091851  -0.006782  0.968788  0.243526  0.046323  -0.241569  0.969383  -0.044048  -0.055632  0.031483  0.997955  -0.001560  0.000606  0.002939  -0.426796  -0.327881  -0.266079  2.000000  
103.848376 0.002058  0.091851  -0.006777  0.968915  0.242962  0.046621  -0.240966  0.969509  -0.044587  -0.056032  0.031967  0.997917  -0.001492  0.000704  0.003193  -0.422589  -0.332536  -0.289891  2.000000  
103.849623 0.002056  0.091851  -0.006772  0.969091  0.242193  0.046958  -0.240162  0.969689  -0.044997  -0.056433  0.032329  0.997883  -0.001485  0.000689  0.003345  -0.411301  -0.332147  -0.316270  2.000000  
103.850628 0.002054  0.091851  -0.006769  0.969182  0.241809  0.047048  -0.239761  0.969777  -0.045245  -0.056567  0.032571  0.997867  -0.001485  0.000708  0.003466  -0.403089  -0.329845  -0.327243  2.000000  
103.851874 0.002052  0.091852  -0.006764  0.969365  0.241036  0.047257  -0.238960  0.969957  -0.045624  -0.056834  0.032933  0.997840  -0.001477  0.000698  0.003603  -0.388527  -0.328993  -0.357461  2.000000  
103.852876 0.002051  0.091853  -0.006760  0.969497  0.240457  0.047486  -0.238357  0.970093  -0.045893  -0.057101  0.033175  0.997817  -0.001456  0.000685  0.003709  -0.379472  -0.329431  -0.371072  2.000000  
103.854115 0.002050  0.091854  -0.006754  0.969637  0.239880  0.047556  -0.237757  0.970223  -0.046249  -0.057235  0.033538  0.997797  -0.001451  0.000672  0.003857  -0.375342  -0.318658  -0.388869  2.000000  
103.855116 0.002049  0.091854  -0.006750  0.969776  0.239297  0.047657  -0.237156  0.970359  -0.046487  -0.057368  0.033780  0.997781  -0.001462  0.000633  0.003944  -0.366582  -0.314838  -0.402721  2.000000  
103.856123 0.002047  0.091854  -0.006745  0.969915  0.238719  0.047728  -0.236555  0.970488  -0.046842  -0.057502  0.034143  0.997761  -0.001464  0.000572  0.004036  -0.360385  -0.308845  -0.419706  2.000000  
103.857370 0.002045  0.091854  -0.006739  0.970095  0.237940  0.047968  -0.235753  0.970671  -0.047101  -0.057769  0.034384  0.997738  -0.001466  0.000511  0.004130  -0.348217  -0.302699  -0.436966  2.000000  
103.858380 0.002044  0.091854  -0.006734  0.970232  0.237363  0.048041  -0.235152  0.970799  -0.047456  -0.057902  0.034747  0.997717  -0.001490  0.000402  0.004215  -0.341872  -0.296651  -0.454231  2.000000  
103.859620 0.002041  0.091854  -0.006727  0.970418  0.236579  0.048152  -0.234351  0.970982  -0.047684  -0.058036  0.034989  0.997701  -0.001551  0.000321  0.004365  -0.333072  -0.288431  -0.468500  2.000000  
103.860634 0.002040  0.091854  -0.006722  0.970563  0.235997  0.048096  -0.233751  0.971111  -0.048007  -0.058036  0.035352  0.997688  -0.001559  0.000281  0.004447  -0.327909  -0.275356  -0.482242  2.000000  
103.861867 0.002037  0.091855  -0.006714  0.970747  0.235214  0.048208  -0.232950  0.971292  -0.048234  -0.058170  0.035593  0.997672  -0.001596  0.000249  0.004603  -0.316030  -0.265106  -0.499217  2.000000  
103.863120 0.002035  0.091855  -0.006707  0.970939  0.234425  0.048191  -0.232151  0.971473  -0.048430  -0.058170  0.035835  0.997663  -0.001610  0.000265  0.004770  -0.303213  -0.252505  -0.513489  2.000000  
103.864363 0.002032  0.091856  -0.006698  0.971130  0.233637  0.048174  -0.231351  0.971654  -0.048626  -0.058170  0.036077  0.997655  -0.001623  0.000338  0.004995  -0.294207  -0.235262  -0.527612  2.000000  
103.865375 0.002031  0.091858  -0.006691  0.971272  0.233049  0.048148  -0.230751  0.971787  -0.048832  -0.058170  0.036319  0.997646  -0.001602  0.000413  0.005280  -0.287787  -0.223970  -0.538834  2.000000  
103.866378 0.002029  0.091858  -0.006685  0.971415  0.232460  0.048121  -0.230151  0.971919  -0.049038  -0.058170  0.036561  0.997637  -0.001621  0.000452  0.005428  -0.278826  -0.211176  -0.553113  2.000000  
103.867617 0.002027  0.091861  -0.006676  0.971604  0.231665  0.048134  -0.229351  0.972104  -0.049117  -0.058170  0.036683  0.997633  -0.001659  0.000550  0.005703  -0.267681  -0.196721  -0.562860  2.000000  
103.868866 0.002025  0.091863  -0.006666  0.971745  0.231077  0.048108  -0.228751  0.972235  -0.049323  -0.058170  0.036925  0.997624  -0.001712  0.000619  0.005911  -0.255350  -0.183523  -0.563025  2.000000  
103.869876 0.002024  0.091864  -0.006659  0.971887  0.230482  0.048110  -0.228151  0.972371  -0.049411  -0.058170  0.037046  0.997619  -0.001713  0.000687  0.006115  -0.245229  -0.171808  -0.568325  2.000000  
103.871135 0.002021  0.091866  -0.006650  0.972035  0.229882  0.047983  -0.227552  0.972508  -0.049469  -0.058036  0.037167  0.997622  -0.001755  0.000807  0.006364  -0.232333  -0.154094  -0.575291  2.000000  
103.872367 0.002019  0.091868  -0.006641  0.972222  0.229087  0.047996  -0.226752  0.972691  -0.049547  -0.058036  0.037288  0.997618  -0.001777  0.000895  0.006564  -0.222010  -0.144370  -0.578010  2.000000  
103.873373 0.002017  0.091869  -0.006634  0.972315  0.228693  0.047989  -0.226352  0.972780  -0.049646  -0.058036  0.037409  0.997613  -0.001813  0.000978  0.006698  -0.209793  -0.135624  -0.578244  2.000000  
103.874628 0.002014  0.091870  -0.006624  0.972462  0.228093  0.047862  -0.225753  0.972916  -0.049704  -0.057902  0.037530  0.997617  -0.001846  0.001104  0.006954  -0.199187  -0.118924  -0.583508  2.000000  
103.875630 0.002012  0.091872  -0.006615  0.972555  0.227698  0.047854  -0.225352  0.973004  -0.049802  -0.057902  0.037651  0.997612  -0.001833  0.001158  0.007085  -0.187249  -0.109862  -0.576806  2.000000  
103.876869 0.002010  0.091874  -0.006605  0.972702  0.227092  0.047755  -0.224753  0.973145  -0.049742  -0.057769  0.037651  0.997620  -0.001818  0.001289  0.007354  -0.174939  -0.091989  -0.577395  2.000000  
103.877872 0.002008  0.091875  -0.006596  0.972794  0.226697  0.047748  -0.224353  0.973233  -0.049841  -0.057769  0.037772  0.997615  -0.001795  0.001351  0.007491  -0.166686  -0.083131  -0.577604  2.000000  
103.879116 0.002007  0.091878  -0.006585  0.972940  0.226091  0.047649  -0.223754  0.973374  -0.049781  -0.057635  0.037773  0.997623  -0.001716  0.001447  0.007712  -0.153163  -0.064748  -0.573652  2.000000  
103.880366 0.002005  0.091880  -0.006573  0.973040  0.225691  0.047512  -0.223355  0.973462  -0.049850  -0.057502  0.037894  0.997626  -0.001687  0.001524  0.007880  -0.145822  -0.051032  -0.560414  2.000000  
103.881369 0.002004  0.091883  -0.006563  0.973132  0.225290  0.047532  -0.222954  0.973554  -0.049830  -0.057502  0.037894  0.997626  -0.001660  0.001618  0.008102  -0.137716  -0.046648  -0.560641  2.000000  
103.882629 0.002003  0.091885  -0.006551  0.973231  0.224884  0.047423  -0.222555  0.973648  -0.049781  -0.057368  0.037894  0.997634  -0.001615  0.001631  0.008327  -0.127698  -0.028411  -0.545031  2.000000  
103.883632 0.002002  0.091888  -0.006541  0.973330  0.224484  0.047286  -0.222156  0.973736  -0.049850  -0.057235  0.038016  0.997637  -0.001561  0.001719  0.008484  -0.119880  -0.019298  -0.538170  2.000000  
103.884886 0.002001  0.091891  -0.006528  0.973429  0.224078  0.047176  -0.221757  0.973829  -0.049801  -0.057101  0.038016  0.997644  -0.001480  0.001772  0.008757  -0.112122  -0.010132  -0.531567  2.000000  
103.886118 0.001999  0.091894  -0.006515  0.973520  0.223677  0.047197  -0.221356  0.973922  -0.049781  -0.057101  0.038016  0.997644  -0.001475  0.001831  0.008998  -0.099513  -0.005447  -0.520919  2.000000  
103.887366 0.001998  0.091896  -0.006502  0.973618  0.223271  0.047087  -0.220957  0.974015  -0.049732  -0.056967  0.038016  0.997652  -0.001401  0.001904  0.009248  -0.092175  0.008360  -0.507687  2.000000  
103.888370 0.001997  0.091898  -0.006491  0.973671  0.223066  0.046967  -0.220758  0.974062  -0.049693  -0.056834  0.038017  0.997660  -0.001317  0.001976  0.009477  -0.080849  0.017686  -0.494428  2.000000  
103.889376 0.001996  0.091901  -0.006481  0.973762  0.222665  0.046988  -0.220357  0.974154  -0.049674  -0.056834  0.038017  0.997660  -0.001215  0.002060  0.009636  -0.074091  0.022762  -0.484654  2.000000  
103.890629 0.001994  0.091903  -0.006469  0.973815  0.222459  0.046868  -0.220159  0.974200  -0.049635  -0.056700  0.038017  0.997667  -0.001185  0.002103  0.009774  -0.062190  0.027455  -0.467275  2.000000  
103.891868 0.001993  0.091906  -0.006456  0.973913  0.222048  0.046785  -0.219759  0.974299  -0.049468  -0.056567  0.037896  0.997679  -0.001106  0.002143  0.009915  -0.047591  0.037382  -0.450811  2.000000  
103.893117 0.001992  0.091908  -0.006444  0.973965  0.221842  0.046665  -0.219560  0.974346  -0.049429  -0.056433  0.037896  0.997687  -0.001054  0.002181  0.010018  -0.043966  0.042006  -0.433518  2.000000  
103.894128 0.001992  0.091910  -0.006434  0.974011  0.221641  0.046675  -0.219360  0.974392  -0.049419  -0.056433  0.037896  0.997687  -0.001010  0.002176  0.010031  -0.037346  0.043046  -0.416179  2.000000  
103.895369 0.001991  0.091913  -0.006422  0.974063  0.221430  0.046582  -0.219161  0.974444  -0.049262  -0.056299  0.037776  0.997699  -0.000974  0.002182  0.010071  -0.025745  0.047664  -0.399526  2.000000  
103.896369 0.001990  0.091915  -0.006413  0.974115  0.221225  0.046462  -0.218962  0.974491  -0.049223  -0.056166  0.037776  0.997707  -0.000953  0.002155  0.010041  -0.018469  0.052586  -0.386018  2.000000  
103.897612 0.001989  0.091917  -0.006401  0.974168  0.221014  0.046368  -0.218763  0.974544  -0.049066  -0.056032  0.037655  0.997719  -0.000919  0.002110  0.009990  -0.011580  0.057801  -0.365581  2.000000  
103.898623 0.001989  0.091919  -0.006392  0.974213  0.220813  0.046378  -0.218563  0.974589  -0.049057  -0.056032  0.037655  0.997719  -0.000872  0.002036  0.009946  -0.004310  0.058735  -0.354712  2.000000  
103.899641 0.001988  0.091920  -0.006383  0.974220  0.220808  0.046248  -0.218564  0.974590  -0.049028  -0.055899  0.037655  0.997726  -0.000881  0.001944  0.009819  -0.001441  0.063960  -0.334063  2.000000  
103.900873 0.001987  0.091921  -0.006372  0.974272  0.220597  0.046155  -0.218365  0.974643  -0.048871  -0.055765  0.037535  0.997738  -0.000815  0.001872  0.009708  0.005854  0.068438  -0.317966  2.000000  
103.902114 0.001986  0.091922  -0.006361  0.974325  0.220391  0.046035  -0.218166  0.974689  -0.048832  -0.055632  0.037535  0.997746  -0.000810  0.001763  0.009555  0.009076  0.068937  -0.304301  2.000000  
103.903116 0.001985  0.091923  -0.006353  0.974332  0.220381  0.045931  -0.218168  0.974696  -0.048685  -0.055498  0.037414  0.997758  -0.000793  0.001651  0.009373  0.016363  0.073902  -0.290749  2.000000  
103.904122 0.001984  0.091924  -0.006345  0.974384  0.220175  0.045811  -0.217969  0.974743  -0.048646  -0.055364  0.037415  0.997765  -0.000801  0.001555  0.009245  0.019592  0.074406  -0.277091  2.000000  
103.905375 0.001984  0.091924  -0.006336  0.974391  0.220165  0.045707  -0.217971  0.974750  -0.048499  -0.055231  0.037294  0.997777  -0.000720  0.001438  0.009017  0.026719  0.080303  -0.258866  2.000000  
103.906379 0.001983  0.091925  -0.006329  0.974443  0.219959  0.045587  -0.217772  0.974796  -0.048460  -0.055097  0.037294  0.997784  -0.000740  0.001319  0.008794  0.026282  0.080525  -0.251849  2.000000  
103.907619 0.001982  0.091926  -0.006320  0.974450  0.219949  0.045483  -0.217773  0.974803  -0.048313  -0.054964  0.037173  0.997796  -0.000682  0.001226  0.008625  0.032981  0.085108  -0.229456  2.000000  
103.908866 0.001981  0.091925  -0.006312  0.974458  0.219944  0.045353  -0.217775  0.974804  -0.048284  -0.054830  0.037174  0.997803  -0.000722  0.001006  0.008316  0.032060  0.086600  -0.210671  2.000000  
103.909874 0.001980  0.091926  -0.006306  0.974510  0.219738  0.045233  -0.217576  0.974850  -0.048245  -0.054696  0.037174  0.997811  -0.000721  0.000862  0.008050  0.036098  0.086559  -0.210611  2.000000  
103.911127 0.001980  0.091925  -0.006299  0.974517  0.219728  0.045129  -0.217578  0.974857  -0.048098  -0.054563  0.037053  0.997823  -0.000713  0.000682  0.007683  0.038999  0.091847  -0.190079  2.000000  
103.912366 0.001979  0.091925  -0.006292  0.974524  0.219723  0.044999  -0.217579  0.974858  -0.048069  -0.054429  0.037053  0.997830  -0.000696  0.000562  0.007408  0.038228  0.092432  -0.176402  2.000000  
103.913379 0.001978  0.091924  -0.006288  0.974531  0.219713  0.044895  -0.217581  0.974865  -0.047921  -0.054296  0.036933  0.997842  -0.000735  0.000332  0.007062  0.000000  0.000000  0.000000  2.000000  
103.914640 0.001977  0.091922  -0.006282  0.974538  0.219708  0.044765  -0.217582  0.974866  -0.047892  -0.054162  0.036933  0.997849  -0.000716  0.000163  0.006721  0.000000  0.000000  0.000000  2.000000  
103.915862 0.001976  0.091920  -0.006278  0.974545  0.219703  0.044634  -0.217584  0.974867  -0.047863  -0.054028  0.036933  0.997856  -0.000756  -0.000069  0.006298  0.000000  0.000000  0.000000  2.000000  
103.916865 0.001975  0.091918  -0.006274  0.974552  0.219693  0.044531  -0.217585  0.974874  -0.047716  -0.053895  0.036812  0.997868  -0.000741  -0.000268  0.005948  0.000000  0.000000  0.000000  2.000000  
103.918119 0.001974  0.091915  -0.006271  0.974559  0.219688  0.044400  -0.217587  0.974875  -0.047687  -0.053761  0.036813  0.997875  -0.000730  -0.000525  0.005448  0.000000  0.000000  0.000000  2.000000  
103.919123 0.001973  0.091913  -0.006268  0.974566  0.219684  0.044270  -0.217589  0.974876  -0.047658  -0.053628  0.036813  0.997882  -0.000727  -0.000724  0.005127  0.000000  0.000000  0.000000  2.000000  
103.920369 0.001972  0.091910  -0.006265  0.974580  0.219674  0.044010  -0.217592  0.974879  -0.047599  -0.053360  0.036813  0.997897  -0.000755  -0.000931  0.004746  0.000000  0.000000  0.000000  2.000000  
103.921624 0.001971  0.091907  -0.006262  0.974587  0.219669  0.043879  -0.217593  0.974880  -0.047570  -0.053227  0.036814  0.997904  -0.000762  -0.001215  0.004300  0.000000  0.000000  0.000000  2.000000  
103.922635 0.001971  0.091905  -0.006260  0.974594  0.219664  0.043749  -0.217595  0.974881  -0.047541  -0.053093  0.036814  0.997911  -0.000719  -0.001399  0.003988  0.000000  0.000000  0.000000  2.000000  
103.923868 0.001971  0.091902  -0.006257  0.974601  0.219659  0.043619  -0.217596  0.974882  -0.047512  -0.052959  0.036814  0.997918  -0.000707  -0.001571  0.003606  0.000000  0.000000  0.000000  2.000000  
103.925115 0.001970  0.091899  -0.006256  0.974608  0.219655  0.043488  -0.217598  0.974883  -0.047483  -0.052826  0.036814  0.997925  -0.000660  -0.001808  0.003205  0.000000  0.000000  0.000000  2.000000  
103.926115 0.001970  0.091896  -0.006254  0.974570  0.219851  0.043348  -0.217800  0.974839  -0.047463  -0.052692  0.036815  0.997932  -0.000666  -0.001933  0.002986  0.000000  0.000000  0.000000  2.000000  
103.927372 0.001969  0.091893  -0.006254  0.974577  0.219846  0.043218  -0.217802  0.974840  -0.047434  -0.052559  0.036815  0.997939  -0.000638  -0.002131  0.002562  0.000000  0.000000  0.000000  2.000000  
103.928619 0.001969  0.091889  -0.006253  0.974584  0.219841  0.043088  -0.217803  0.974841  -0.047405  -0.052425  0.036815  0.997946  -0.000599  -0.002284  0.002220  0.000000  0.000000  0.000000  2.000000  
103.929628 0.001968  0.091886  -0.006253  0.974584  0.219841  0.043088  -0.217803  0.974841  -0.047405  -0.052425  0.036815  0.997946  -0.000602  -0.002387  0.001982  0.000000  0.000000  0.000000  2.000000  
103.930633 0.001968  0.091883  -0.006252  0.974591  0.219836  0.042957  -0.217805  0.974842  -0.047376  -0.052291  0.036815  0.997953  -0.000549  -0.002453  0.001773  0.000000  0.000000  0.000000  2.000000  
103.931871 0.001968  0.091880  -0.006252  0.974546  0.220037  0.042948  -0.218005  0.974797  -0.047384  -0.052291  0.036815  0.997953  -0.000481  -0.002526  0.001470  0.000000  0.000000  0.000000  2.000000  
103.933120 0.001968  0.091877  -0.006252  0.974553  0.220037  0.042791  -0.218007  0.974792  -0.047474  -0.052158  0.036937  0.997956  -0.000401  -0.002601  0.001191  0.000000  0.000000  0.000000  2.000000  
103.934362 0.001968  0.091874  -0.006252  0.974553  0.220037  0.042791  -0.218007  0.974792  -0.047474  -0.052158  0.036937  0.997956  -0.000325  -0.002600  0.001018  0.000000  0.000000  0.000000  2.000000  
103.935385 0.001968  0.091871  -0.006252  0.974559  0.220032  0.042660  -0.218008  0.974793  -0.047444  -0.052024  0.036937  0.997962  -0.000298  -0.002640  0.000793  0.000000  0.000000  0.000000  2.000000  
103.936619 0.001969  0.091868  -0.006252  0.974514  0.220233  0.042650  -0.218209  0.974748  -0.047453  -0.052024  0.036937  0.997962  -0.000181  -0.002614  0.000611  0.000000  0.000000  0.000000  2.000000  
103.937619 0.001969  0.091866  -0.006252  0.974514  0.220233  0.042650  -0.218209  0.974748  -0.047453  -0.052024  0.036937  0.997962  -0.000150  -0.002603  0.000502  0.000000  0.000000  0.000000  2.000000  
103.938639 0.001969  0.091863  -0.006252  0.974521  0.220228  0.042520  -0.218210  0.974749  -0.047424  -0.051891  0.036937  0.997969  -0.000096  -0.002635  0.000332  0.000000  0.000000  0.000000  2.000000  
103.939870 0.001969  0.091861  -0.006253  0.974476  0.220429  0.042510  -0.218411  0.974703  -0.047433  -0.051891  0.036937  0.997969  -0.000073  -0.002602  0.000212  0.000000  0.000000  0.000000  2.000000  
103.941123 0.001970  0.091858  -0.006252  0.974476  0.220434  0.042484  -0.218411  0.974698  -0.047551  -0.051891  0.037058  0.997965  0.000006  -0.002532  0.000174  0.000000  0.000000  0.000000  2.000000  
103.942370 0.001970  0.091856  -0.006252  0.974431  0.220635  0.042474  -0.218612  0.974652  -0.047560  -0.051891  0.037058  0.997965  0.000012  -0.002473  0.000128  0.000000  0.000000  0.000000  2.000000  
103.943625 0.001970  0.091854  -0.006251  0.974424  0.220640  0.042604  -0.218610  0.974651  -0.047589  -0.052024  0.037058  0.997958  0.000086  -0.002348  0.000116  0.000000  0.000000  0.000000  2.000000  
103.944629 0.001970  0.091853  -0.006251  0.974379  0.220845  0.042568  -0.218811  0.974600  -0.047716  -0.052024  0.037179  0.997954  0.000094  -0.002251  0.000106  0.000000  0.000000  0.000000  2.000000  
103.945866 0.001969  0.091851  -0.006250  0.974379  0.220845  0.042568  -0.218811  0.974600  -0.047716  -0.052024  0.037179  0.997954  0.000112  -0.002108  0.000139  0.000000  0.000000  0.000000  2.000000  
103.946866 0.001969  0.091850  -0.006249  0.974334  0.221046  0.042558  -0.219011  0.974554  -0.047725  -0.052024  0.037179  0.997954  0.000113  -0.001998  0.000170  0.000000  0.000000  0.000000  2.000000  
103.947868 0.001969  0.091849  -0.006249  0.974334  0.221046  0.042558  -0.219011  0.974554  -0.047725  -0.052024  0.037179  0.997954  0.000101  -0.001880  0.000184  0.000000  0.000000  0.000000  2.000000  
103.948880 0.001969  0.091849  -0.006249  0.974282  0.221252  0.042678  -0.219210  0.974508  -0.047763  -0.052158  0.037179  0.997947  0.000093  -0.001714  0.000234  0.000000  0.000000  0.000000  2.000000  
103.950115 0.001969  0.091848  -0.006248  0.974282  0.221257  0.042651  -0.219210  0.974502  -0.047881  -0.052158  0.037300  0.997942  0.000045  -0.001526  0.000253  0.000000  0.000000  0.000000  2.000000  
103.951139 0.001968  0.091848  -0.006248  0.974282  0.221257  0.042651  -0.219210  0.974502  -0.047881  -0.052158  0.037300  0.997942  -0.000018  -0.001402  0.000270  0.000000  0.000000  0.000000  2.000000  
103.952375 0.001967  0.091848  -0.006248  0.974237  0.221457  0.042641  -0.219411  0.974456  -0.047890  -0.052158  0.037300  0.997942  -0.000122  -0.001231  0.000336  0.000000  0.000000  0.000000  2.000000  
103.953633 0.001966  0.091848  -0.006247  0.974185  0.221663  0.042762  -0.219610  0.974410  -0.047928  -0.052291  0.037300  0.997935  -0.000210  -0.001046  0.000363  0.000000  0.000000  0.000000  2.000000  
103.954866 0.001965  0.091847  -0.006247  0.974185  0.221663  0.042762  -0.219610  0.974410  -0.047928  -0.052291  0.037300  0.997935  -0.000287  -0.000883  0.000361  0.000000  0.000000  0.000000  2.000000  
103.955868 0.001964  0.091847  -0.006246  0.974140  0.221863  0.042752  -0.219811  0.974364  -0.047937  -0.052291  0.037300  0.997935  -0.000363  -0.000755  0.000376  0.000000  0.000000  0.000000  2.000000  
103.956875 0.001963  0.091847  -0.006247  0.974140  0.221863  0.042752  -0.219811  0.974364  -0.047937  -0.052291  0.037300  0.997935  -0.000451  -0.000641  0.000331  0.000000  0.000000  0.000000  2.000000  
103.958117 0.001961  0.091847  -0.006247  0.974095  0.222064  0.042742  -0.220011  0.974318  -0.047945  -0.052291  0.037300  0.997935  -0.000536  -0.000539  0.000325  0.000000  0.000000  0.000000  2.000000  
103.959117 0.001960  0.091847  -0.006246  0.974095  0.222069  0.042715  -0.220011  0.974313  -0.048064  -0.052291  0.037421  0.997931  -0.000666  -0.000450  0.000294  0.000000  0.000000  0.000000  2.000000  
103.960363 0.001959  0.091847  -0.006246  0.974043  0.222275  0.042836  -0.220210  0.974266  -0.048102  -0.052425  0.037420  0.997924  -0.000715  -0.000335  0.000279  0.000000  0.000000  0.000000  2.000000  
103.961364 0.001957  0.091847  -0.006246  0.974043  0.222275  0.042836  -0.220210  0.974266  -0.048102  -0.052425  0.037420  0.997924  -0.000808  -0.000243  0.000278  0.000000  0.000000  0.000000  2.000000  
