1-Time 2-Px 3-Py 4-Pz 5-R11 6-R21 7-R31 8-R12 9-R22 10-R32 11-R13 12-R23 13-R33 14-Vx 15-Vy 16-Vz 17-Wx 18-Wy 19-Wz 20-state 21-PR11 22-PR21 23-PR31 24-PR12 25-PR22 26-PR32 27-PR13 28-PR23 29-PR33 
74.280005 0.009947  0.091533  0.003189  0.991638  0.125459  0.030245  -0.125397  0.992099  -0.003947  -0.030501  0.000121  0.999535  -0.000355  0.001024  -0.000533  0.000000  0.000000  0.000000  2.000000  
74.281259 0.009946  0.091534  0.003188  0.991612  0.125664  0.030244  -0.125602  0.992073  -0.003953  -0.030501  0.000121  0.999535  -0.000378  0.000968  -0.000543  0.000000  0.000000  0.000000  2.000000  
74.282503 0.009948  0.091533  0.003187  0.991504  0.126481  0.030374  -0.126418  0.991969  -0.003995  -0.030635  0.000121  0.999531  -0.000260  0.000850  -0.000557  0.000000  0.000000  0.000000  2.000000  
74.283506 0.009949  0.091532  0.003185  0.991422  0.127093  0.030504  -0.127029  0.991891  -0.004031  -0.030769  0.000121  0.999527  -0.000150  0.000670  -0.000614  0.000000  0.000000  0.000000  2.000000  
74.284758 0.009951  0.091530  0.003185  0.991361  0.127502  0.030768  -0.127437  0.991838  -0.004077  -0.031036  0.000121  0.999518  0.000007  0.000467  -0.000623  0.000000  0.000000  0.000000  2.000000  
74.286011 0.009954  0.091529  0.003184  0.991304  0.127910  0.030899  -0.127844  0.991786  -0.004107  -0.031170  0.000121  0.999514  0.000266  0.000285  -0.000641  0.000000  0.000000  0.000000  2.000000  
74.287258 0.009958  0.091528  0.003184  0.991229  0.128523  0.030763  -0.128457  0.991707  -0.004109  -0.031036  0.000121  0.999518  0.000532  0.000165  -0.000615  0.000000  0.000000  0.000000  2.000000  
74.288503 0.009962  0.091528  0.003183  0.991101  0.129543  0.030626  -0.129478  0.991574  -0.004123  -0.030903  0.000121  0.999522  0.000868  0.000038  -0.000621  0.000000  0.000000  0.000000  2.000000  
74.289503 0.009966  0.091526  0.003182  0.991021  0.130152  0.030640  -0.130090  0.991494  -0.004022  -0.030903  0.000000  0.999522  0.001093  -0.000090  -0.000653  0.000000  0.000000  0.000000  2.000000  
74.290505 0.009970  0.091525  0.003180  0.990913  0.130968  0.030636  -0.130906  0.991387  -0.004047  -0.030903  0.000000  0.999522  0.001400  -0.000283  -0.000749  0.000000  0.000000  0.000000  2.000000  
74.291512 0.009974  0.091524  0.003178  0.990770  0.131989  0.030897  -0.131925  0.991251  -0.004114  -0.031170  0.000000  0.999514  0.001743  -0.000390  -0.000800  -0.006399  -0.022480  0.207433  2.000000  
74.292762 0.009980  0.091523  0.003176  0.990629  0.133005  0.031042  -0.132944  0.991115  -0.004043  -0.031304  -0.000121  0.999510  0.002173  -0.000511  -0.000917  0.000670  -0.026975  0.242002  2.000000  
74.294023 0.009986  0.091523  0.003175  0.990456  0.134229  0.031302  -0.134166  0.990950  -0.004118  -0.031571  -0.000121  0.999501  0.002623  -0.000644  -0.000921  -0.000651  -0.035951  0.283366  2.000000  
74.295277 0.009992  0.091521  0.003174  0.990257  0.135657  0.031428  -0.135593  0.990756  -0.004181  -0.031705  -0.000121  0.999497  0.003092  -0.000833  -0.000928  -0.002175  -0.040439  0.331693  2.000000  
74.296509 0.009998  0.091517  0.003172  0.990085  0.136877  0.031572  -0.136815  0.990588  -0.004118  -0.031839  -0.000242  0.999493  0.003464  -0.001061  -0.001032  0.000584  -0.044986  0.373410  2.000000  
74.297756 0.010004  0.091514  0.003170  0.989915  0.138101  0.031567  -0.138038  0.990418  -0.004157  -0.031839  -0.000242  0.999493  0.003761  -0.001280  -0.001104  -0.000710  -0.044993  0.414946  2.000000  
74.298758 0.010008  0.091509  0.003168  0.989801  0.138916  0.031564  -0.138853  0.990304  -0.004183  -0.031839  -0.000242  0.999493  0.003907  -0.001500  -0.001181  -0.001789  -0.044992  0.449496  2.000000  
74.299759 0.010013  0.091505  0.003166  0.989658  0.139936  0.031559  -0.139872  0.990161  -0.004215  -0.031839  -0.000242  0.999493  0.004161  -0.001653  -0.001246  -0.002867  -0.044996  0.484090  2.000000  
74.300763 0.010018  0.091501  0.003165  0.989509  0.140955  0.031687  -0.140890  0.990016  -0.004267  -0.031972  -0.000242  0.999489  0.004342  -0.001888  -0.001276  -0.003979  -0.049485  0.518563  2.000000  
74.302013 0.010026  0.091494  0.003162  0.989330  0.142174  0.031832  -0.142112  0.989842  -0.004205  -0.032106  -0.000364  0.999484  0.004624  -0.002317  -0.001466  -0.001238  -0.054015  0.560023  2.000000  
74.303256 0.010034  0.091487  0.003158  0.989179  0.143192  0.031960  -0.143130  0.989695  -0.004257  -0.032240  -0.000364  0.999480  0.004850  -0.002733  -0.001649  -0.002361  -0.058527  0.594717  2.000000  
74.304256 0.010040  0.091480  0.003155  0.989027  0.144215  0.032070  -0.144147  0.989546  -0.004429  -0.032374  -0.000242  0.999476  0.005050  -0.003161  -0.001782  -0.007565  -0.062998  0.629381  2.000000  
74.305258 0.010046  0.091473  0.003151  0.988908  0.145030  0.032066  -0.144961  0.989427  -0.004455  -0.032374  -0.000242  0.999476  0.005176  -0.003523  -0.001935  -0.008434  -0.062985  0.656900  2.000000  
74.306506 0.010053  0.091463  0.003146  0.988784  0.145844  0.032195  -0.145775  0.989308  -0.004501  -0.032507  -0.000242  0.999471  0.005264  -0.004057  -0.002155  -0.009350  -0.067484  0.684574  2.000000  
74.307761 0.010060  0.091453  0.003141  0.988633  0.146863  0.032190  -0.146793  0.989157  -0.004534  -0.032507  -0.000242  0.999471  0.005373  -0.004665  -0.002362  -0.010441  -0.067496  0.719248  2.000000  
74.309010 0.010068  0.091443  0.003135  0.988512  0.147677  0.032187  -0.147607  0.989036  -0.004561  -0.032507  -0.000242  0.999471  0.005440  -0.005296  -0.002707  -0.011547  -0.067590  0.754857  2.000000  
74.310014 0.010072  0.091434  0.003130  0.988416  0.148288  0.032316  -0.148217  0.988944  -0.004601  -0.032641  -0.000242  0.999467  0.005423  -0.005844  -0.002942  -0.012236  -0.071992  0.774542  2.000000  
74.311014 0.010077  0.091423  0.003126  0.988324  0.148899  0.032313  -0.148827  0.988852  -0.004621  -0.032641  -0.000242  0.999467  0.005436  -0.006434  -0.003156  -0.012673  -0.071990  0.788336  2.000000  
74.312258 0.010082  0.091411  0.003120  0.988197  0.149717  0.032424  -0.149640  0.988729  -0.004787  -0.032775  -0.000121  0.999463  0.005378  -0.007022  -0.003387  -0.016855  -0.071944  0.788358  2.000000  
74.313508 0.010087  0.091398  0.003114  0.988100  0.150327  0.032553  -0.150250  0.988636  -0.004827  -0.032909  -0.000121  0.999458  0.005337  -0.007528  -0.003642  -0.016963  -0.071955  0.788479  2.000000  
74.314756 0.010092  0.091384  0.003108  0.987972  0.151146  0.032663  -0.151063  0.988512  -0.004994  -0.033042  0.000000  0.999454  0.005271  -0.008081  -0.003882  -0.021462  -0.066851  0.795662  2.000000  
74.315760 0.010096  0.091372  0.003104  0.987905  0.151553  0.032793  -0.151469  0.988449  -0.005028  -0.033176  0.000000  0.999450  0.005158  -0.008570  -0.004080  -0.021749  -0.067411  0.802326  2.000000  
74.316760 0.010099  0.091360  0.003099  0.987843  0.151963  0.032772  -0.151876  0.988386  -0.005161  -0.033176  0.000121  0.999450  0.004919  -0.009054  -0.004285  -0.025545  -0.071844  0.795232  2.000000  
74.318006 0.010103  0.091345  0.003093  0.987780  0.152374  0.032752  -0.152283  0.988323  -0.005295  -0.033176  0.000242  0.999449  0.004709  -0.009559  -0.004439  -0.029162  -0.071220  0.781985  2.000000  
74.319009 0.010107  0.091333  0.003089  0.987717  0.152785  0.032731  -0.152689  0.988259  -0.005428  -0.033176  0.000364  0.999449  0.004529  -0.009920  -0.004490  -0.037058  -0.076303  0.774567  2.000000  
74.320257 0.010111  0.091318  0.003083  0.987654  0.153196  0.032710  -0.153096  0.988196  -0.005561  -0.033176  0.000485  0.999449  0.004352  -0.010296  -0.004524  -0.040473  -0.076266  0.753875  2.000000  
74.321504 0.010114  0.091303  0.003078  0.987587  0.153607  0.032821  -0.153502  0.988132  -0.005715  -0.033310  0.000606  0.999445  0.004117  -0.010697  -0.004517  -0.043680  -0.071157  0.727266  2.000000  
74.322761 0.010117  0.091286  0.003073  0.987519  0.154022  0.032914  -0.153908  0.988067  -0.005989  -0.033443  0.000849  0.999440  0.003776  -0.011211  -0.004515  -0.055228  -0.071100  0.706489  2.000000  
74.324018 0.010120  0.091269  0.003066  0.987451  0.154433  0.033025  -0.154314  0.988003  -0.006143  -0.033577  0.000970  0.999436  0.003493  -0.011650  -0.004628  -0.058526  -0.066618  0.679133  2.000000  
74.325261 0.010122  0.091250  0.003059  0.987383  0.154848  0.033117  -0.154720  0.987938  -0.006417  -0.033711  0.001212  0.999431  0.003201  -0.012102  -0.004716  -0.065610  -0.066583  0.645120  2.000000  
74.326507 0.010123  0.091232  0.003051  0.987351  0.155055  0.033097  -0.154923  0.987905  -0.006544  -0.033711  0.001334  0.999431  0.002953  -0.012438  -0.004781  -0.072582  -0.062108  0.610494  2.000000  
74.327508 0.010124  0.091218  0.003046  0.987283  0.155466  0.033207  -0.155329  0.987840  -0.006698  -0.033845  0.001455  0.999426  0.002704  -0.012684  -0.004815  -0.076393  -0.067100  0.587899  2.000000  
74.328509 0.010125  0.091205  0.003040  0.987251  0.155674  0.033187  -0.155532  0.987807  -0.006825  -0.033845  0.001576  0.999426  0.002453  -0.012877  -0.004906  -0.079790  -0.067079  0.567161  2.000000  
74.329512 0.010125  0.091192  0.003035  0.987219  0.155881  0.033167  -0.155735  0.987774  -0.006951  -0.033845  0.001697  0.999426  0.002234  -0.013042  -0.004975  -0.082952  -0.067061  0.539466  2.000000  
74.330762 0.010125  0.091174  0.003028  0.987182  0.156089  0.033278  -0.155938  0.987741  -0.007099  -0.033978  0.001818  0.999421  0.001945  -0.013202  -0.005013  -0.085482  -0.066500  0.507611  2.000000  
74.332010 0.010124  0.091157  0.003021  0.987114  0.156504  0.033369  -0.156343  0.987675  -0.007373  -0.034112  0.002061  0.999416  0.001624  -0.013347  -0.005135  -0.096777  -0.066497  0.480206  2.000000  
74.333256 0.010124  0.091141  0.003014  0.987045  0.156915  0.033479  -0.156749  0.987610  -0.007527  -0.034246  0.002182  0.999411  0.001336  -0.013441  -0.005227  -0.100582  -0.067057  0.449654  2.000000  
74.334258 0.010124  0.091127  0.003009  0.987008  0.157122  0.033591  -0.156952  0.987576  -0.007675  -0.034379  0.002303  0.999406  0.001022  -0.013588  -0.005250  -0.099940  -0.067018  0.428873  2.000000  
74.335260 0.010124  0.091115  0.003005  0.986938  0.157533  0.033701  -0.157357  0.987511  -0.007830  -0.034513  0.002424  0.999401  0.000802  -0.013574  -0.005257  -0.103563  -0.071491  0.414968  2.000000  
74.336504 0.010122  0.091099  0.002999  0.986906  0.157745  0.033661  -0.157560  0.987476  -0.008076  -0.034513  0.002667  0.999401  0.000520  -0.013601  -0.005272  -0.110384  -0.066422  0.397912  2.000000  
74.337761 0.010121  0.091083  0.002993  0.986837  0.158160  0.033751  -0.157966  0.987409  -0.008351  -0.034647  0.002909  0.999395  0.000242  -0.013564  -0.005294  -0.118561  -0.071465  0.373592  2.000000  
74.338762 0.010120  0.091070  0.002989  0.986804  0.158371  0.033711  -0.158169  0.987375  -0.008597  -0.034647  0.003152  0.999395  -0.000029  -0.013484  -0.005214  -0.126231  -0.071428  0.359709  2.000000  
74.340007 0.010119  0.091055  0.002983  0.986734  0.158782  0.033820  -0.158575  0.987308  -0.008752  -0.034781  0.003273  0.999390  -0.000214  -0.013309  -0.005144  -0.129081  -0.070845  0.349972  2.000000  
74.341011 0.010118  0.091043  0.002979  0.986664  0.159198  0.033910  -0.158980  0.987240  -0.009027  -0.034914  0.003515  0.999384  -0.000343  -0.013120  -0.004983  -0.136943  -0.075265  0.343081  2.000000  
74.342014 0.010118  0.091030  0.002975  0.986627  0.159405  0.034021  -0.159183  0.987207  -0.009175  -0.035048  0.003637  0.999379  -0.000438  -0.012993  -0.004900  -0.137395  -0.075869  0.325124  2.000000  
74.343261 0.010117  0.091015  0.002969  0.986557  0.159821  0.034110  -0.159588  0.987138  -0.009450  -0.035182  0.003879  0.999373  -0.000533  -0.012869  -0.004819  -0.145370  -0.075850  0.318250  2.000000  
74.344262 0.010116  0.091003  0.002965  0.986519  0.160028  0.034221  -0.159790  0.987104  -0.009598  -0.035316  0.004000  0.999368  -0.000596  -0.012803  -0.004744  -0.144926  -0.075832  0.304398  2.000000  
74.345506 0.010117  0.090988  0.002959  0.986448  0.160444  0.034310  -0.160196  0.987036  -0.009873  -0.035449  0.004243  0.999362  -0.000548  -0.012630  -0.004720  -0.151653  -0.075201  0.295100  2.000000  
74.346508 0.010117  0.090977  0.002954  0.986411  0.160652  0.034420  -0.160398  0.987002  -0.010021  -0.035583  0.004364  0.999357  -0.000497  -0.012433  -0.004631  -0.152704  -0.080307  0.290670  2.000000  
74.347761 0.010117  0.090962  0.002947  0.986340  0.161063  0.034529  -0.160804  0.986934  -0.010176  -0.035717  0.004485  0.999352  -0.000435  -0.012324  -0.004643  -0.152686  -0.084748  0.290619  2.000000  
74.349006 0.010118  0.090948  0.002941  0.986302  0.161271  0.034639  -0.161006  0.986899  -0.010325  -0.035850  0.004606  0.999347  -0.000422  -0.012198  -0.004647  -0.151238  -0.088508  0.281439  2.000000  
74.350031 0.010119  0.090937  0.002936  0.986231  0.161682  0.034747  -0.161411  0.986832  -0.010480  -0.035984  0.004728  0.999341  -0.000329  -0.012044  -0.004691  -0.152390  -0.093630  0.283569  2.000000  
74.351258 0.010120  0.090923  0.002930  0.986188  0.161891  0.034989  -0.161613  0.986797  -0.010650  -0.036251  0.004849  0.999331  -0.000135  -0.011903  -0.004697  -0.152306  -0.098173  0.276861  2.000000  
74.352504 0.010123  0.090909  0.002925  0.986117  0.162302  0.035097  -0.162018  0.986729  -0.010806  -0.036385  0.004970  0.999325  0.000090  -0.011786  -0.004688  -0.148327  -0.098163  0.276992  2.000000  
74.353505 0.010124  0.090899  0.002920  0.986074  0.162511  0.035339  -0.162219  0.986694  -0.010977  -0.036653  0.005091  0.999315  0.000301  -0.011625  -0.004652  -0.151145  -0.106231  0.274665  2.000000  
74.354506 0.010127  0.090889  0.002918  0.986036  0.162719  0.035449  -0.162422  0.986659  -0.011125  -0.036786  0.005212  0.999310  0.000520  -0.011466  -0.004554  -0.146909  -0.106212  0.267847  2.000000  
74.355759 0.010130  0.090877  0.002914  0.985964  0.163134  0.035537  -0.162827  0.986589  -0.011401  -0.036920  0.005455  0.999303  0.000819  -0.011190  -0.004430  -0.148142  -0.107012  0.270055  2.000000  
74.356759 0.010134  0.090868  0.002911  0.985925  0.163342  0.035646  -0.163029  0.986554  -0.011550  -0.037054  0.005576  0.999298  0.001073  -0.011031  -0.004329  -0.148197  -0.106992  0.270100  2.000000  
74.357763 0.010136  0.090858  0.002907  0.985887  0.163551  0.035756  -0.163231  0.986519  -0.011699  -0.037187  0.005697  0.999292  0.001355  -0.010847  -0.004280  -0.148170  -0.111423  0.270046  2.000000  
74.359010 0.010141  0.090847  0.002903  0.985848  0.163759  0.035866  -0.163433  0.986483  -0.011847  -0.037321  0.005818  0.999286  0.001627  -0.010636  -0.004194  -0.146759  -0.114986  0.261059  2.000000  
74.360011 0.010145  0.090838  0.002901  0.985776  0.164170  0.035973  -0.163838  0.986414  -0.012004  -0.037455  0.005939  0.999281  0.001942  -0.010393  -0.003982  -0.148247  -0.115872  0.270131  2.000000  
74.361014 0.010150  0.090830  0.002898  0.985737  0.164378  0.036082  -0.164040  0.986379  -0.012153  -0.037589  0.006061  0.999275  0.002208  -0.010164  -0.003833  -0.148241  -0.120317  0.270119  2.000000  
74.362021 0.010154  0.090821  0.002896  0.985698  0.164586  0.036192  -0.164242  0.986343  -0.012302  -0.037722  0.006182  0.999269  0.002474  -0.009980  -0.003624  -0.148245  -0.120258  0.270074  2.000000  
74.363258 0.010160  0.090810  0.002893  0.985660  0.164795  0.036301  -0.164445  0.986308  -0.012451  -0.037856  0.006303  0.999263  0.002821  -0.009754  -0.003408  -0.148105  -0.120314  0.263305  2.000000  
74.364261 0.010164  0.090801  0.002891  0.985621  0.165003  0.036410  -0.164647  0.986272  -0.012600  -0.037990  0.006424  0.999257  0.003088  -0.009574  -0.003200  -0.147859  -0.120287  0.256350  2.000000  
74.365279 0.010168  0.090792  0.002887  0.985582  0.165211  0.036520  -0.164849  0.986236  -0.012749  -0.038123  0.006545  0.999252  0.003295  -0.009420  -0.003081  -0.143721  -0.120160  0.256199  2.000000  
74.366506 0.010174  0.090781  0.002884  0.985543  0.165415  0.036649  -0.165051  0.986202  -0.012779  -0.038257  0.006545  0.999246  0.003555  -0.009292  -0.002990  -0.139553  -0.124795  0.249567  2.000000  
74.367757 0.010179  0.090769  0.002880  0.985504  0.165624  0.036758  -0.165253  0.986167  -0.012928  -0.038391  0.006666  0.999241  0.003793  -0.009157  -0.002886  -0.134377  -0.123709  0.247506  2.000000  
74.369011 0.010185  0.090758  0.002876  0.985431  0.166035  0.036864  -0.165658  0.986096  -0.013085  -0.038524  0.006788  0.999235  0.003973  -0.009058  -0.002854  -0.131418  -0.124661  0.249523  2.000000  
74.370254 0.010191  0.090748  0.002873  0.985391  0.166239  0.036994  -0.165860  0.986062  -0.013115  -0.038658  0.006788  0.999229  0.004124  -0.008950  -0.002829  -0.122301  -0.128099  0.247574  2.000000  
74.371258 0.010196  0.090739  0.002870  0.985357  0.166446  0.036971  -0.166063  0.986026  -0.013242  -0.038658  0.006909  0.999229  0.004311  -0.008869  -0.002768  -0.122051  -0.123630  0.240680  2.000000  
74.372504 0.010202  0.090728  0.002867  0.985318  0.166655  0.037080  -0.166265  0.985990  -0.013392  -0.038792  0.007030  0.999223  0.004403  -0.008821  -0.002747  -0.117797  -0.123634  0.233864  2.000000  
74.373506 0.010206  0.090720  0.002865  0.985318  0.166659  0.037059  -0.166265  0.985989  -0.013511  -0.038792  0.007151  0.999222  0.004473  -0.008793  -0.002690  -0.114210  -0.115694  0.221933  2.000000  
74.374511 0.010211  0.090712  0.002863  0.985278  0.166863  0.037188  -0.166467  0.985954  -0.013541  -0.038926  0.007151  0.999217  0.004563  -0.008729  -0.002617  -0.110143  -0.115660  0.221900  2.000000  
74.375759 0.010217  0.090701  0.002861  0.985244  0.167071  0.037165  -0.166669  0.985918  -0.013668  -0.038926  0.007272  0.999216  0.004573  -0.008694  -0.002521  -0.109921  -0.111197  0.215014  2.000000  
74.376760 0.010221  0.090693  0.002860  0.985210  0.167278  0.037142  -0.166872  0.985882  -0.013795  -0.038926  0.007393  0.999215  0.004584  -0.008664  -0.002473  -0.109937  -0.106676  0.215005  2.000000  
74.378026 0.010227  0.090682  0.002858  0.985170  0.167487  0.037251  -0.167074  0.985846  -0.013945  -0.039059  0.007515  0.999209  0.004537  -0.008659  -0.002354  -0.109890  -0.106576  0.214868  2.000000  
74.379260 0.010232  0.090671  0.002857  0.985136  0.167694  0.037228  -0.167277  0.985810  -0.014072  -0.039059  0.007636  0.999208  0.004546  -0.008656  -0.002220  -0.109711  -0.102160  0.208068  2.000000  
74.380261 0.010236  0.090663  0.002856  0.985136  0.167699  0.037207  -0.167277  0.985808  -0.014192  -0.039059  0.007757  0.999207  0.004537  -0.008623  -0.002100  -0.109461  -0.097678  0.201132  2.000000  
74.381510 0.010241  0.090651  0.002854  0.985107  0.167905  0.037052  -0.167481  0.985772  -0.014297  -0.038926  0.007878  0.999211  0.004458  -0.008585  -0.001961  -0.109209  -0.088710  0.194185  2.000000  
74.382510 0.010244  0.090642  0.002853  0.985107  0.167905  0.037052  -0.167481  0.985772  -0.014297  -0.038926  0.007878  0.999211  0.004389  -0.008627  -0.001870  -0.104887  -0.079741  0.187200  2.000000  
74.383756 0.010248  0.090630  0.002850  0.985072  0.168112  0.037029  -0.167683  0.985735  -0.014424  -0.038926  0.007999  0.999210  0.004275  -0.008696  -0.001768  -0.104045  -0.074609  0.185654  2.000000  
74.384756 0.010252  0.090621  0.002848  0.985072  0.168117  0.037009  -0.167683  0.985734  -0.014543  -0.038926  0.008121  0.999209  0.004211  -0.008712  -0.001723  -0.103544  -0.070222  0.171929  2.000000  
74.385759 0.010255  0.090612  0.002846  0.985072  0.168117  0.037009  -0.167683  0.985734  -0.014543  -0.038926  0.008121  0.999209  0.004125  -0.008786  -0.001688  -0.095197  -0.065780  0.165030  2.000000  
74.387008 0.010260  0.090600  0.002844  0.985038  0.168324  0.036985  -0.167886  0.985697  -0.014671  -0.038926  0.008242  0.999208  0.004036  -0.008834  -0.001642  -0.096023  -0.057320  0.166368  2.000000  
74.388259 0.010264  0.090588  0.002841  0.985038  0.168324  0.036985  -0.167886  0.985697  -0.014671  -0.038926  0.008242  0.999208  0.003921  -0.008938  -0.001630  0.000000  0.000000  0.000000  2.000000  
74.389504 0.010269  0.090576  0.002838  0.985043  0.168328  0.036833  -0.167887  0.985696  -0.014768  -0.038792  0.008363  0.999212  0.003830  -0.009031  -0.001698  0.000000  0.000000  0.000000  2.000000  
74.390509 0.010272  0.090566  0.002835  0.985043  0.168328  0.036833  -0.167887  0.985696  -0.014768  -0.038792  0.008363  0.999212  0.003721  -0.009110  -0.001732  0.000000  0.000000  0.000000  2.000000  
74.391512 0.010275  0.090557  0.002833  0.985043  0.168328  0.036833  -0.167887  0.985696  -0.014768  -0.038792  0.008363  0.999212  0.003613  -0.009194  -0.001766  0.000000  0.000000  0.000000  2.000000  
74.392758 0.010279  0.090545  0.002831  0.985043  0.168332  0.036813  -0.167887  0.985694  -0.014887  -0.038792  0.008484  0.999211  0.003574  -0.009284  -0.001831  0.000000  0.000000  0.000000  2.000000  
74.394025 0.010283  0.090532  0.002829  0.985048  0.168336  0.036660  -0.167888  0.985692  -0.014984  -0.038658  0.008606  0.999215  0.003442  -0.009432  -0.001935  0.000000  0.000000  0.000000  2.000000  
74.395258 0.010288  0.090520  0.002827  0.985082  0.168137  0.036643  -0.167685  0.985725  -0.015096  -0.038658  0.008727  0.999214  0.003444  -0.009512  -0.001905  0.000000  0.000000  0.000000  2.000000  
74.396509 0.010292  0.090508  0.002826  0.985082  0.168142  0.036623  -0.167685  0.985723  -0.015216  -0.038658  0.008848  0.999213  0.003397  -0.009536  -0.001894  0.000000  0.000000  0.000000  2.000000  
74.397759 0.010296  0.090497  0.002825  0.985087  0.168140  0.036491  -0.167686  0.985723  -0.015194  -0.038524  0.008848  0.999218  0.003421  -0.009530  -0.001826  0.000000  0.000000  0.000000  2.000000  
74.399010 0.010301  0.090485  0.002824  0.985087  0.168145  0.036470  -0.167686  0.985722  -0.015313  -0.038524  0.008969  0.999217  0.003438  -0.009501  -0.001771  0.000000  0.000000  0.000000  2.000000  
74.400254 0.010306  0.090474  0.002823  0.985087  0.168149  0.036450  -0.167686  0.985720  -0.015433  -0.038524  0.009090  0.999216  0.003461  -0.009452  -0.001613  0.000000  0.000000  0.000000  2.000000  
74.401259 0.010309  0.090466  0.002822  0.985127  0.167949  0.036301  -0.167484  0.985753  -0.015522  -0.038391  0.009212  0.999220  0.003465  -0.009392  -0.001490  0.000000  0.000000  0.000000  2.000000  
74.402509 0.010314  0.090455  0.002821  0.985127  0.167949  0.036301  -0.167484  0.985753  -0.015522  -0.038391  0.009212  0.999220  0.003493  -0.009347  -0.001413  0.000000  0.000000  0.000000  2.000000  
74.403754 0.010320  0.090444  0.002820  0.985127  0.167954  0.036281  -0.167484  0.985751  -0.015642  -0.038391  0.009333  0.999219  0.003580  -0.009287  -0.001300  0.000000  0.000000  0.000000  2.000000  
74.404754 0.010324  0.090436  0.002819  0.985127  0.167954  0.036281  -0.167484  0.985751  -0.015642  -0.038391  0.009333  0.999219  0.003672  -0.009199  -0.001232  0.000000  0.000000  0.000000  2.000000  
74.405761 0.010328  0.090427  0.002817  0.985127  0.167958  0.036260  -0.167484  0.985749  -0.015761  -0.038391  0.009454  0.999218  0.003711  -0.009111  -0.001167  0.000000  0.000000  0.000000  2.000000  
74.407008 0.010334  0.090417  0.002815  0.985127  0.167958  0.036260  -0.167484  0.985749  -0.015761  -0.038391  0.009454  0.999218  0.003812  -0.009008  -0.001146  0.000000  0.000000  0.000000  2.000000  
74.408015 0.010338  0.090409  0.002814  0.985127  0.167958  0.036260  -0.167484  0.985749  -0.015761  -0.038391  0.009454  0.999218  0.003921  -0.008867  -0.001083  0.000000  0.000000  0.000000  2.000000  
74.409258 0.010344  0.090399  0.002812  0.985127  0.167963  0.036240  -0.167484  0.985747  -0.015881  -0.038391  0.009575  0.999217  0.004062  -0.008711  -0.001085  0.000000  0.000000  0.000000  2.000000  
74.410260 0.010349  0.090391  0.002811  0.985127  0.167963  0.036240  -0.167484  0.985747  -0.015881  -0.038391  0.009575  0.999217  0.004156  -0.008577  -0.001076  0.000000  0.000000  0.000000  2.000000  
74.411510 0.010356  0.090382  0.002810  0.985093  0.168170  0.036216  -0.167687  0.985710  -0.016008  -0.038391  0.009696  0.999216  0.004304  -0.008445  -0.001066  0.000000  0.000000  0.000000  2.000000  
74.412758 0.010363  0.090372  0.002808  0.985093  0.168170  0.036216  -0.167687  0.985710  -0.016008  -0.038391  0.009696  0.999216  0.004466  -0.008327  -0.001074  0.000000  0.000000  0.000000  2.000000  
74.414024 0.010370  0.090363  0.002808  0.985093  0.168170  0.036216  -0.167687  0.985710  -0.016008  -0.038391  0.009696  0.999216  0.004654  -0.008093  -0.001011  0.000000  0.000000  0.000000  2.000000  
74.415258 0.010377  0.090354  0.002807  0.985058  0.168377  0.036192  -0.167890  0.985674  -0.016135  -0.038391  0.009818  0.999215  0.004782  -0.007976  -0.001070  0.000000  0.000000  0.000000  2.000000  
74.416507 0.010385  0.090346  0.002806  0.985058  0.168377  0.036192  -0.167890  0.985674  -0.016135  -0.038391  0.009818  0.999215  0.004964  -0.007818  -0.001037  0.000000  0.000000  0.000000  2.000000  
74.417507 0.010390  0.090339  0.002805  0.985028  0.168583  0.036037  -0.168093  0.985637  -0.016240  -0.038257  0.009939  0.999219  0.005068  -0.007732  -0.001035  0.000000  0.000000  0.000000  2.000000  
74.418753 0.010398  0.090330  0.002805  0.984994  0.168786  0.036034  -0.168296  0.985603  -0.016247  -0.038257  0.009939  0.999219  0.005214  -0.007603  -0.001024  0.000000  0.000000  0.000000  2.000000  
74.419754 0.010403  0.090324  0.002804  0.984994  0.168786  0.036034  -0.168296  0.985603  -0.016247  -0.038257  0.009939  0.999219  0.005260  -0.007494  -0.001005  0.000000  0.000000  0.000000  2.000000  
74.420762 0.010409  0.090317  0.002803  0.984959  0.168994  0.036010  -0.168499  0.985566  -0.016374  -0.038257  0.010060  0.999217  0.005412  -0.007339  -0.000974  0.000000  0.000000  0.000000  2.000000  
74.422004 0.010416  0.090309  0.002802  0.984924  0.169196  0.036006  -0.168702  0.985531  -0.016381  -0.038257  0.010060  0.999217  0.005470  -0.007224  -0.000920  0.000000  0.000000  0.000000  2.000000  
74.423009 0.010422  0.090302  0.002800  0.984924  0.169196  0.036006  -0.168702  0.985531  -0.016381  -0.038257  0.010060  0.999217  0.005564  -0.007092  -0.000911  0.000000  0.000000  0.000000  2.000000  
74.424019 0.010427  0.090295  0.002798  0.984890  0.169404  0.035982  -0.168904  0.985494  -0.016508  -0.038257  0.010181  0.999216  0.005573  -0.007033  -0.000935  0.000000  0.000000  0.000000  2.000000  
74.425263 0.010433  0.090287  0.002796  0.984855  0.169607  0.035979  -0.169107  0.985459  -0.016516  -0.038257  0.010181  0.999216  0.005591  -0.006908  -0.000999  0.000000  0.000000  0.000000  2.000000  
74.426510 0.010440  0.090278  0.002794  0.984785  0.170012  0.035972  -0.169513  0.985389  -0.016531  -0.038257  0.010181  0.999216  0.005590  -0.006861  -0.001058  0.000000  0.000000  0.000000  2.000000  
74.427512 0.010445  0.090271  0.002791  0.984750  0.170215  0.035969  -0.169715  0.985354  -0.016538  -0.038257  0.010181  0.999216  0.005565  -0.006822  -0.001188  0.000000  0.000000  0.000000  2.000000  
74.428760 0.010451  0.090262  0.002788  0.984715  0.170418  0.035965  -0.169918  0.985319  -0.016545  -0.038257  0.010181  0.999216  0.005493  -0.006878  -0.001352  0.000000  0.000000  0.000000  2.000000  
74.429761 0.010456  0.090255  0.002785  0.984680  0.170621  0.035962  -0.170121  0.985284  -0.016553  -0.038257  0.010181  0.999216  0.005384  -0.006885  -0.001492  0.000000  0.000000  0.000000  2.000000  
74.431012 0.010461  0.090245  0.002782  0.984645  0.170824  0.035959  -0.170324  0.985249  -0.016560  -0.038257  0.010181  0.999216  0.005288  -0.006925  -0.001620  0.000000  0.000000  0.000000  2.000000  
74.432012 0.010466  0.090238  0.002780  0.984575  0.171234  0.035931  -0.170729  0.985177  -0.016695  -0.038257  0.010303  0.999215  0.005193  -0.006966  -0.001748  0.000000  0.000000  0.000000  2.000000  
74.433014 0.010470  0.090230  0.002778  0.984540  0.171436  0.035928  -0.170932  0.985141  -0.016702  -0.038257  0.010303  0.999215  0.005136  -0.007003  -0.001840  0.000000  0.000000  0.000000  2.000000  
74.434021 0.010475  0.090222  0.002775  0.984510  0.171638  0.035792  -0.171135  0.985106  -0.016686  -0.038123  0.010303  0.999220  0.005047  -0.007067  -0.001955  0.000000  0.000000  0.000000  2.000000  
74.435261 0.010480  0.090212  0.002772  0.984439  0.172044  0.035786  -0.171541  0.985035  -0.016701  -0.038123  0.010303  0.999220  0.004939  -0.007196  -0.002081  0.000000  0.000000  0.000000  2.000000  
74.436507 0.010485  0.090202  0.002769  0.984404  0.172246  0.035782  -0.171743  0.985000  -0.016708  -0.038123  0.010303  0.999220  0.004776  -0.007320  -0.002210  0.000000  0.000000  0.000000  2.000000  
74.437753 0.010490  0.090192  0.002766  0.984333  0.172656  0.035754  -0.172149  0.984927  -0.016843  -0.038123  0.010424  0.999219  0.004637  -0.007436  -0.002280  0.000000  0.000000  0.000000  2.000000  
74.438769 0.010494  0.090185  0.002764  0.984298  0.172859  0.035751  -0.172351  0.984891  -0.016850  -0.038123  0.010424  0.999219  0.004564  -0.007467  -0.002326  0.000000  0.000000  0.000000  2.000000  
74.440012 0.010499  0.090175  0.002761  0.984226  0.173264  0.035744  -0.172757  0.984820  -0.016865  -0.038123  0.010424  0.999219  0.004435  -0.007605  -0.002381  -0.035142  0.010708  0.178259  2.000000  
74.441260 0.010504  0.090165  0.002758  0.984191  0.173467  0.035740  -0.172959  0.984784  -0.016872  -0.038123  0.010424  0.999219  0.004337  -0.007698  -0.002440  -0.031347  0.010804  0.179690  2.000000  
74.442517 0.010508  0.090154  0.002754  0.984120  0.173873  0.035733  -0.173364  0.984713  -0.016887  -0.038123  0.010424  0.999219  0.004232  -0.007803  -0.002461  -0.031866  0.010940  0.193458  2.000000  
74.443761 0.010513  0.090143  0.002751  0.984053  0.174277  0.035595  -0.173770  0.984642  -0.016878  -0.037990  0.010424  0.999224  0.004118  -0.007914  -0.002450  -0.032406  0.015587  0.207397  2.000000  
74.445013 0.010518  0.090133  0.002748  0.984017  0.174479  0.035591  -0.173973  0.984606  -0.016886  -0.037990  0.010424  0.999224  0.004067  -0.008015  -0.002446  -0.028310  0.015590  0.207270  2.000000  
74.446015 0.010522  0.090124  0.002745  0.983946  0.174885  0.035584  -0.174378  0.984534  -0.016900  -0.037990  0.010424  0.999224  0.004021  -0.008048  -0.002458  -0.028836  0.015729  0.221080  2.000000  
74.447258 0.010527  0.090113  0.002742  0.983910  0.175088  0.035581  -0.174581  0.984498  -0.016908  -0.037990  0.010424  0.999224  0.003996  -0.008181  -0.002474  -0.024545  0.011155  0.219338  2.000000  
74.448258 0.010531  0.090105  0.002740  0.983838  0.175493  0.035574  -0.174986  0.984426  -0.016922  -0.037990  0.010424  0.999224  0.003961  -0.008251  -0.002476  -0.025277  0.011389  0.234991  2.000000  
74.449258 0.010535  0.090095  0.002737  0.983802  0.175696  0.035571  -0.175188  0.984389  -0.016930  -0.037990  0.010424  0.999224  0.003946  -0.008335  -0.002473  -0.025275  0.011388  0.234971  2.000000  
74.450508 0.010541  0.090084  0.002734  0.983730  0.176101  0.035564  -0.175593  0.984317  -0.016944  -0.037990  0.010424  0.999224  0.003989  -0.008382  -0.002490  -0.021468  0.011476  0.241952  2.000000  
74.451508 0.010545  0.090075  0.002732  0.983693  0.176303  0.035560  -0.175796  0.984281  -0.016952  -0.037990  0.010424  0.999224  0.004018  -0.008486  -0.002477  -0.021727  0.011545  0.248812  2.000000  
74.452754 0.010551  0.090064  0.002729  0.983621  0.176709  0.035553  -0.176201  0.984208  -0.016966  -0.037990  0.010424  0.999224  0.004060  -0.008579  -0.002473  -0.021814  0.011522  0.253669  2.000000  
74.454019 0.010556  0.090053  0.002727  0.983548  0.177114  0.035546  -0.176606  0.984135  -0.016981  -0.037990  0.010424  0.999224  0.004094  -0.008657  -0.002465  -0.018170  0.011698  0.262530  2.000000  
74.455258 0.010562  0.090042  0.002724  0.983475  0.177519  0.035539  -0.177011  0.984062  -0.016995  -0.037990  0.010424  0.999224  0.004155  -0.008719  -0.002406  -0.018293  0.011679  0.267379  2.000000  
74.456508 0.010569  0.090031  0.002722  0.983402  0.177924  0.035532  -0.177416  0.983989  -0.017010  -0.037990  0.010424  0.999224  0.004314  -0.008758  -0.002319  -0.018292  0.011679  0.267374  2.000000  
74.457517 0.010574  0.090023  0.002720  0.983324  0.178331  0.035657  -0.177820  0.983915  -0.017049  -0.038123  0.010424  0.999219  0.004343  -0.008769  -0.002270  -0.018720  0.007347  0.276464  2.000000  
74.458758 0.010580  0.090011  0.002718  0.983251  0.178736  0.035650  -0.178225  0.983842  -0.017063  -0.038123  0.010424  0.999219  0.004460  -0.008809  -0.002220  -0.018833  0.007359  0.281115  2.000000  
74.459759 0.010585  0.090003  0.002717  0.983214  0.178938  0.035646  -0.178427  0.983805  -0.017071  -0.038123  0.010424  0.999219  0.004523  -0.008800  -0.002116  -0.018833  0.007359  0.281111  2.000000  
74.460759 0.010590  0.089995  0.002715  0.983141  0.179344  0.035639  -0.178832  0.983731  -0.017085  -0.038123  0.010424  0.999219  0.004609  -0.008802  -0.002078  -0.019094  0.007429  0.287959  2.000000  
74.462015 0.010596  0.089983  0.002712  0.983067  0.179749  0.035632  -0.179237  0.983657  -0.017100  -0.038123  0.010424  0.999219  0.004684  -0.008792  -0.002005  -0.015173  0.007507  0.290301  2.000000  
74.463260 0.010603  0.089973  0.002710  0.982993  0.180149  0.035647  -0.179641  0.983585  -0.016995  -0.038123  0.010303  0.999220  0.004821  -0.008750  -0.001993  -0.011343  0.003065  0.297305  2.000000  
74.464261 0.010608  0.089964  0.002707  0.982956  0.180352  0.035643  -0.179844  0.983548  -0.017003  -0.038123  0.010303  0.999220  0.004859  -0.008747  -0.001956  -0.011078  0.002994  0.290365  2.000000  
74.465507 0.010614  0.089953  0.002705  0.982845  0.180959  0.035633  -0.180451  0.983437  -0.017025  -0.038123  0.010303  0.999220  0.004912  -0.008734  -0.001972  -0.011512  0.003111  0.301728  2.000000  
74.466757 0.010621  0.089943  0.002702  0.982771  0.181364  0.035626  -0.180856  0.983362  -0.017039  -0.038123  0.010303  0.999220  0.004991  -0.008685  -0.001961  -0.011512  0.003111  0.301719  2.000000  
74.467757 0.010626  0.089934  0.002700  0.982696  0.181769  0.035619  -0.181260  0.983287  -0.017054  -0.038123  0.010303  0.999220  0.005034  -0.008654  -0.001968  -0.007795  0.003227  0.311193  2.000000  
74.468759 0.010631  0.089926  0.002697  0.982659  0.181971  0.035615  -0.181462  0.983250  -0.017061  -0.038123  0.010303  0.999220  0.005077  -0.008613  -0.001994  -0.007732  0.003201  0.308679  2.000000  
74.470012 0.010638  0.089915  0.002695  0.982546  0.182579  0.035605  -0.182069  0.983137  -0.017083  -0.038123  0.010303  0.999220  0.005120  -0.008584  -0.002003  -0.007991  0.003271  0.315429  2.000000  
74.471259 0.010644  0.089904  0.002692  0.982471  0.182983  0.035598  -0.182474  0.983062  -0.017098  -0.038123  0.010303  0.999220  0.005097  -0.008596  -0.002074  -0.008253  0.003343  0.322292  2.000000  
74.472508 0.010650  0.089894  0.002689  0.982358  0.183586  0.035609  -0.183081  0.982951  -0.017001  -0.038123  0.010181  0.999221  0.005109  -0.008590  -0.002123  -0.004473  0.003395  0.329236  2.000000  
74.473755 0.010656  0.089883  0.002685  0.982245  0.184193  0.035599  -0.183687  0.982837  -0.017023  -0.038123  0.010181  0.999221  0.005106  -0.008541  -0.002182  -0.004711  -0.000996  0.336111  2.000000  
74.474764 0.010661  0.089875  0.002683  0.982169  0.184598  0.035592  -0.184092  0.982761  -0.017037  -0.038123  0.010181  0.999221  0.005064  -0.008533  -0.002217  -0.005013  -0.000932  0.345766  2.000000  
74.476011 0.010667  0.089865  0.002680  0.982094  0.185002  0.035585  -0.184496  0.982685  -0.017052  -0.038123  0.010181  0.999221  0.005071  -0.008512  -0.002264  -0.004972  -0.000925  0.342941  2.000000  
74.477012 0.010672  0.089856  0.002678  0.982018  0.185407  0.035578  -0.184900  0.982609  -0.017067  -0.038123  0.010181  0.999221  0.005028  -0.008503  -0.002312  -0.005276  -0.000861  0.352650  2.000000  
74.478258 0.010677  0.089846  0.002674  0.981903  0.186014  0.035567  -0.185507  0.982494  -0.017089  -0.038123  0.010181  0.999221  0.004973  -0.008453  -0.002373  -0.005494  -0.000783  0.356614  2.000000  
74.479258 0.010682  0.089838  0.002672  0.981827  0.186418  0.035560  -0.185911  0.982418  -0.017103  -0.038123  0.010181  0.999221  0.004966  -0.008429  -0.002386  -0.005755  -0.000713  0.363474  2.000000  
74.480259 0.010687  0.089830  0.002669  0.981750  0.186823  0.035553  -0.186315  0.982341  -0.017118  -0.038123  0.010181  0.999221  0.004930  -0.008357  -0.002381  -0.005803  -0.000719  0.366513  2.000000  
74.481509 0.010693  0.089821  0.002666  0.981635  0.187430  0.035543  -0.186922  0.982225  -0.017140  -0.038123  0.010181  0.999221  0.004858  -0.008300  -0.002409  -0.006277  -0.000571  0.377185  2.000000  
74.482509 0.010697  0.089813  0.002664  0.981519  0.188032  0.035555  -0.187528  0.982111  -0.017043  -0.038123  0.010060  0.999222  0.004842  -0.008248  -0.002435  -0.002516  -0.000528  0.387197  2.000000  
74.483756 0.010703  0.089802  0.002660  0.981403  0.188638  0.035544  -0.188134  0.981995  -0.017065  -0.038123  0.010060  0.999222  0.004802  -0.008241  -0.002481  -0.002781  -0.000457  0.394363  2.000000  
74.484757 0.010708  0.089794  0.002657  0.981321  0.189044  0.035669  -0.188537  0.981917  -0.017104  -0.038257  0.010060  0.999217  0.004749  -0.008205  -0.002535  -0.002806  -0.004954  0.394186  2.000000  
74.485759 0.010712  0.089786  0.002654  0.981204  0.189650  0.035658  -0.189143  0.981800  -0.017126  -0.038257  0.010060  0.999217  0.004699  -0.008176  -0.002583  -0.003317  -0.004789  0.406025  2.000000  
74.487004 0.010718  0.089776  0.002651  0.981048  0.190459  0.035644  -0.189951  0.981644  -0.017156  -0.038257  0.010060  0.999217  0.004693  -0.008144  -0.002604  -0.003830  -0.004633  0.418442  2.000000  
74.488258 0.010724  0.089765  0.002647  0.980925  0.191066  0.035765  -0.190556  0.981526  -0.017203  -0.038391  0.010060  0.999212  0.004669  -0.008153  -0.002673  -0.004149  -0.004563  0.425319  2.000000  
74.489508 0.010730  0.089755  0.002644  0.980768  0.191875  0.035750  -0.191364  0.981368  -0.017233  -0.038391  0.010060  0.999212  0.004661  -0.008128  -0.002686  -0.004673  -0.004421  0.438944  2.000000  
74.490754 0.010736  0.089745  0.002640  0.980605  0.192684  0.035867  -0.192170  0.981209  -0.017288  -0.038524  0.010060  0.999207  0.004654  -0.008104  -0.002699  -0.005229  -0.008742  0.452774  2.000000  
74.491759 0.010741  0.089737  0.002637  0.980486  0.193290  0.035857  -0.192776  0.981090  -0.017310  -0.038524  0.010060  0.999207  0.004708  -0.008071  -0.002753  -0.005754  -0.008600  0.466423  2.000000  
74.493005 0.010747  0.089727  0.002634  0.980322  0.194099  0.035974  -0.193582  0.980930  -0.017366  -0.038658  0.010060  0.999202  0.004748  -0.008062  -0.002722  -0.010358  -0.012952  0.480306  2.000000  
74.494021 0.010753  0.089719  0.002631  0.980157  0.194908  0.036090  -0.194389  0.980770  -0.017421  -0.038792  0.010060  0.999197  0.004759  -0.008070  -0.002749  -0.010916  -0.017268  0.493946  2.000000  
74.495256 0.010759  0.089708  0.002627  0.979992  0.195717  0.036207  -0.195195  0.980609  -0.017477  -0.038926  0.010060  0.999191  0.004809  -0.008135  -0.002797  -0.011307  -0.021840  0.505036  2.000000  
74.496257 0.010764  0.089700  0.002624  0.979831  0.196525  0.036193  -0.196002  0.980447  -0.017507  -0.038926  0.010060  0.999191  0.004847  -0.008174  -0.002852  -0.012006  -0.021449  0.521416  2.000000  
74.497257 0.010769  0.089691  0.002622  0.979664  0.197333  0.036309  -0.196807  0.980285  -0.017563  -0.039059  0.010060  0.999186  0.004879  -0.008236  -0.002860  -0.012674  -0.025981  0.539586  2.000000  
