1-Time 2-Px 3-Py 4-Pz 5-R11 6-R21 7-R31 8-R12 9-R22 10-R32 11-R13 12-R23 13-R33 14-Vx 15-Vy 16-Vz 17-Wx 18-Wy 19-Wz 20-state 21-PR11 22-PR21 23-PR31 24-PR12 25-PR22 26-PR32 27-PR13 28-PR23 29-PR33 
36.728626 0.007839  0.093431  0.005546  0.986487  0.110886  0.120617  -0.124333  0.027213  0.991867  0.106702  -0.993461  0.040632  -0.000573  -0.000046  -0.000010  -0.020831  0.308366  0.460064  2.000000  
36.729630 0.007839  0.093431  0.005546  0.986455  0.111408  0.120391  -0.124123  0.027170  0.991895  0.107234  -0.993403  0.040630  -0.000548  -0.000012  0.000044  -0.020265  0.301526  0.464642  2.000000  
36.730635 0.007839  0.093430  0.005546  0.986452  0.111666  0.120176  -0.123916  0.027160  0.991921  0.107500  -0.993375  0.040629  -0.000550  -0.000121  0.000028  -0.020364  0.301408  0.460266  2.000000  
36.731892 0.007839  0.093428  0.005546  0.986398  0.111921  0.120383  -0.124116  0.026983  0.991901  0.107766  -0.993351  0.040507  -0.000450  -0.000225  0.000050  -0.010918  0.287050  0.451497  2.000000  
36.733132 0.007841  0.093426  0.005545  0.986344  0.112190  0.120576  -0.124315  0.026927  0.991877  0.108032  -0.993322  0.040506  -0.000313  -0.000364  0.000021  -0.008927  0.266146  0.443524  2.000000  
36.734377 0.007842  0.093424  0.005545  0.986330  0.112322  0.120571  -0.124314  0.026910  0.991878  0.108165  -0.993307  0.040505  -0.000138  -0.000499  0.000026  -0.008309  0.258774  0.430438  2.000000  
36.735378 0.007844  0.093422  0.005545  0.986312  0.112712  0.120351  -0.124105  0.026884  0.991905  0.108564  -0.993264  0.040504  0.000007  -0.000579  0.000039  -0.008337  0.256649  0.426921  2.000000  
36.736379 0.007846  0.093421  0.005546  0.986269  0.113093  0.120348  -0.124100  0.026713  0.991910  0.108963  -0.993225  0.040381  0.000213  -0.000684  0.000067  -0.003023  0.244790  0.426528  2.000000  
36.737643 0.007849  0.093419  0.005546  0.986225  0.113488  0.120332  -0.124094  0.026664  0.991912  0.109362  -0.993181  0.040380  0.000419  -0.000788  0.000095  -0.001718  0.230545  0.417905  2.000000  
36.738889 0.007850  0.093417  0.005546  0.986156  0.113875  0.120534  -0.124292  0.026470  0.991893  0.109761  -0.993142  0.040257  0.000564  -0.000953  0.000078  0.003689  0.216615  0.414058  2.000000  
36.740131 0.007852  0.093415  0.005546  0.986116  0.114012  0.120733  -0.124493  0.026430  0.991868  0.109894  -0.993128  0.040257  0.000716  -0.001097  0.000017  0.005743  0.194289  0.399071  2.000000  
36.741134 0.007853  0.093413  0.005545  0.986076  0.114135  0.120946  -0.124694  0.026270  0.991847  0.110027  -0.993118  0.040136  0.000853  -0.001237  -0.000012  0.011224  0.180941  0.384073  2.000000  
36.742381 0.007854  0.093411  0.005546  0.986050  0.114140  0.121150  -0.124897  0.026246  0.991822  0.110027  -0.993118  0.040136  0.001006  -0.001342  0.000013  0.013350  0.159604  0.367002  2.000000  
36.743629 0.007856  0.093409  0.005547  0.985999  0.114151  0.121558  -0.125303  0.026199  0.991773  0.110027  -0.993118  0.040136  0.001175  -0.001497  0.000063  0.016209  0.131227  0.345778  2.000000  
36.744632 0.007857  0.093407  0.005548  0.985973  0.114171  0.121748  -0.125506  0.026296  0.991744  0.110027  -0.993113  0.040256  0.001282  -0.001627  0.000098  0.013450  0.115974  0.330101  2.000000  
36.745881 0.007859  0.093405  0.005549  0.985947  0.114176  0.121953  -0.125709  0.026272  0.991719  0.110027  -0.993113  0.040256  0.001373  -0.001630  0.000256  0.011634  0.095342  0.311143  2.000000  
36.746883 0.007860  0.093404  0.005549  0.985932  0.114308  0.121947  -0.125707  0.026256  0.991720  0.110160  -0.993098  0.040256  0.001388  -0.001635  0.000224  0.012336  0.087902  0.297905  2.000000  
36.748129 0.007862  0.093402  0.005549  0.985880  0.114319  0.122356  -0.126113  0.026209  0.991670  0.110160  -0.993098  0.040256  0.001410  -0.001625  0.000290  0.015250  0.059677  0.281080  2.000000  
36.749132 0.007863  0.093399  0.005548  0.985854  0.114324  0.122560  -0.126316  0.026185  0.991644  0.110160  -0.993098  0.040256  0.001372  -0.001666  0.000193  0.016705  0.045190  0.263648  2.000000  
36.750379 0.007864  0.093396  0.005546  0.985828  0.114330  0.122764  -0.126519  0.026161  0.991619  0.110160  -0.993098  0.040256  0.001328  -0.001771  0.000031  0.018908  0.023656  0.242057  2.000000  
36.751632 0.007866  0.093394  0.005542  0.985802  0.114335  0.122968  -0.126722  0.026138  0.991594  0.110160  -0.993098  0.040256  0.001305  -0.001815  -0.000265  0.021128  0.002118  0.220493  2.000000  
36.752882 0.007869  0.093392  0.005538  0.985776  0.114341  0.123172  -0.126925  0.026114  0.991569  0.110160  -0.993098  0.040256  0.001337  -0.001777  -0.000539  0.023344  -0.019232  0.203264  2.000000  
36.753891 0.007871  0.093390  0.005535  0.985776  0.114341  0.123172  -0.126925  0.026114  0.991569  0.110160  -0.993098  0.040256  0.001381  -0.001785  -0.000766  0.020757  -0.033713  0.185816  2.000000  
36.755132 0.007874  0.093388  0.005530  0.985750  0.114346  0.123376  -0.127128  0.026091  0.991543  0.110160  -0.993098  0.040256  0.001496  -0.001801  -0.001034  0.000000  0.000000  0.000000  2.000000  
36.756137 0.007876  0.093385  0.005527  0.985750  0.114331  0.123390  -0.127128  0.025971  0.991546  0.110160  -0.993103  0.040135  0.001565  -0.001841  -0.001291  0.000000  0.000000  0.000000  2.000000  
36.757384 0.007879  0.093382  0.005522  0.985724  0.114336  0.123594  -0.127331  0.025947  0.991521  0.110160  -0.993103  0.040135  0.001634  -0.001921  -0.001634  0.000000  0.000000  0.000000  2.000000  
36.758633 0.007882  0.093378  0.005517  0.985724  0.114336  0.123594  -0.127331  0.025947  0.991521  0.110160  -0.993103  0.040135  0.001719  -0.002006  -0.002010  0.000000  0.000000  0.000000  2.000000  
36.759636 0.007884  0.093376  0.005514  0.985724  0.114336  0.123594  -0.127331  0.025947  0.991521  0.110160  -0.993103  0.040135  0.001780  -0.002105  -0.002308  0.000000  0.000000  0.000000  2.000000  
36.760894 0.007888  0.093372  0.005508  0.985709  0.114453  0.123603  -0.127329  0.025810  0.991525  0.110293  -0.993093  0.040014  0.001894  -0.002199  -0.002746  0.000000  0.000000  0.000000  2.000000  
36.762131 0.007892  0.093369  0.005502  0.985695  0.114585  0.123598  -0.127327  0.025793  0.991525  0.110426  -0.993079  0.040014  0.002071  -0.002275  -0.003228  0.000000  0.000000  0.000000  2.000000  
36.763132 0.007895  0.093367  0.005496  0.985721  0.114580  0.123393  -0.127124  0.025816  0.991551  0.110426  -0.993079  0.040014  0.002240  -0.002331  -0.003578  0.000000  0.000000  0.000000  2.000000  
36.764378 0.007900  0.093364  0.005489  0.985706  0.114726  0.123374  -0.127122  0.025920  0.991548  0.110559  -0.993059  0.040133  0.002489  -0.002309  -0.003945  0.000000  0.000000  0.000000  2.000000  
36.765380 0.007905  0.093363  0.005482  0.985732  0.114721  0.123170  -0.126919  0.025943  0.991574  0.110559  -0.993059  0.040133  0.002755  -0.002261  -0.004281  0.000000  0.000000  0.000000  2.000000  
36.766627 0.007911  0.093362  0.005474  0.985744  0.114847  0.122961  -0.126714  0.025950  0.991600  0.110692  -0.993044  0.040133  0.003008  -0.002143  -0.004518  0.000000  0.000000  0.000000  2.000000  
36.767635 0.007917  0.093361  0.005468  0.985744  0.114847  0.122961  -0.126714  0.025950  0.991600  0.110692  -0.993044  0.040133  0.003264  -0.002105  -0.004793  0.000000  0.000000  0.000000  2.000000  
36.768882 0.007923  0.093360  0.005459  0.985755  0.114974  0.122751  -0.126510  0.025957  0.991626  0.110825  -0.993029  0.040132  0.003491  -0.002025  -0.005071  0.000000  0.000000  0.000000  2.000000  
36.769894 0.007929  0.093359  0.005453  0.985766  0.115100  0.122542  -0.126305  0.025963  0.991652  0.110958  -0.993015  0.040132  0.003698  -0.001943  -0.005267  0.000000  0.000000  0.000000  2.000000  
36.770894 0.007934  0.093359  0.005446  0.985804  0.115221  0.122128  -0.125897  0.025994  0.991703  0.111091  -0.993000  0.040131  0.003921  -0.001792  -0.005472  0.000000  0.000000  0.000000  2.000000  
36.772133 0.007940  0.093357  0.005437  0.985785  0.115611  0.121908  -0.125688  0.025967  0.991730  0.111490  -0.992955  0.040129  0.004098  -0.001721  -0.005772  0.000000  0.000000  0.000000  2.000000  
36.773378 0.007947  0.093355  0.005427  0.985807  0.115879  0.121475  -0.125279  0.026102  0.991778  0.111756  -0.992920  0.040248  0.004347  -0.001620  -0.006121  0.000000  0.000000  0.000000  2.000000  
36.774380 0.007952  0.093353  0.005418  0.985844  0.116000  0.121061  -0.124871  0.026133  0.991829  0.111889  -0.992905  0.040248  0.004572  -0.001573  -0.006477  0.000000  0.000000  0.000000  2.000000  
36.775633 0.007959  0.093350  0.005407  0.985840  0.116258  0.120846  -0.124664  0.026123  0.991855  0.112154  -0.992875  0.040247  0.004782  -0.001559  -0.006887  0.000000  0.000000  0.000000  2.000000  
36.776878 0.007966  0.093348  0.005395  0.985861  0.116526  0.120413  -0.124255  0.026258  0.991903  0.112420  -0.992841  0.040366  0.005039  -0.001483  -0.007224  0.000000  0.000000  0.000000  2.000000  
36.777879 0.007973  0.093346  0.005385  0.985872  0.116652  0.120203  -0.124050  0.026266  0.991928  0.112553  -0.992825  0.040365  0.005220  -0.001421  -0.007489  0.000000  0.000000  0.000000  2.000000  
36.779127 0.007981  0.093345  0.005375  0.985893  0.116905  0.119784  -0.123640  0.026281  0.991979  0.112819  -0.992795  0.040364  0.005467  -0.001325  -0.007696  0.000000  0.000000  0.000000  2.000000  
36.780132 0.007989  0.093345  0.005366  0.985899  0.117289  0.119360  -0.123228  0.026279  0.992030  0.113218  -0.992750  0.040362  0.005666  -0.001219  -0.007847  0.000000  0.000000  0.000000  2.000000  
36.781378 0.007998  0.093345  0.005356  0.985889  0.117806  0.118930  -0.122815  0.026262  0.992082  0.113750  -0.992689  0.040360  0.005828  -0.001167  -0.007997  0.000000  0.000000  0.000000  2.000000  
36.782379 0.008005  0.093345  0.005348  0.985894  0.118205  0.118491  -0.122403  0.026382  0.992130  0.114149  -0.992639  0.040478  0.005997  -0.001108  -0.008137  0.000000  0.000000  0.000000  2.000000  
36.783381 0.008012  0.093344  0.005339  0.985874  0.118595  0.118271  -0.122195  0.026357  0.992156  0.114547  -0.992593  0.040476  0.006100  -0.001103  -0.008270  0.000000  0.000000  0.000000  2.000000  
36.784381 0.008019  0.093343  0.005330  0.985894  0.118848  0.117851  -0.121785  0.026373  0.992206  0.114813  -0.992562  0.040475  0.006202  -0.001159  -0.008452  -0.028157  0.183485  0.148768  2.000000  
36.785631 0.008028  0.093342  0.005318  0.985883  0.119378  0.117407  -0.121372  0.026478  0.992254  0.115345  -0.992496  0.040593  0.006360  -0.001171  -0.008694  -0.033798  0.197859  0.166042  2.000000  
36.786877 0.008035  0.093339  0.005305  0.985871  0.119894  0.116977  -0.120958  0.026462  0.992305  0.115876  -0.992434  0.040590  0.006421  -0.001229  -0.008876  -0.040231  0.219072  0.183104  2.000000  
36.787881 0.008042  0.093338  0.005296  0.985850  0.120299  0.116742  -0.120750  0.026559  0.992328  0.116275  -0.992382  0.040709  0.006512  -0.001220  -0.008981  -0.045089  0.226406  0.196159  2.000000  
36.788887 0.008049  0.093337  0.005286  0.985837  0.120815  0.116311  -0.120336  0.026544  0.992378  0.116807  -0.992320  0.040706  0.006620  -0.001156  -0.009103  -0.047078  0.242671  0.215134  2.000000  
36.790132 0.008057  0.093336  0.005274  0.985834  0.121471  0.115657  -0.119718  0.026659  0.992450  0.117471  -0.992237  0.040823  0.006719  -0.001003  -0.009139  -0.053158  0.262044  0.234815  2.000000  
36.791134 0.008063  0.093335  0.005265  0.985836  0.121870  0.115217  -0.119306  0.026781  0.992496  0.117870  -0.992185  0.040942  0.006764  -0.000894  -0.009120  -0.063395  0.278295  0.245173  2.000000  
36.792381 0.008072  0.093335  0.005255  0.985807  0.122518  0.114781  -0.118891  0.026752  0.992547  0.118534  -0.992106  0.040939  0.006826  -0.000751  -0.009050  -0.064559  0.290378  0.260457  2.000000  
36.793381 0.008079  0.093336  0.005246  0.985777  0.123179  0.114330  -0.118475  0.026844  0.992594  0.119198  -0.992021  0.041056  0.006857  -0.000637  -0.009000  -0.066007  0.300428  0.280293  2.000000  
36.794631 0.008089  0.093337  0.005235  0.985746  0.123841  0.113879  -0.118060  0.026936  0.992641  0.119862  -0.991936  0.041173  0.006925  -0.000525  -0.009034  -0.070966  0.308171  0.302412  2.000000  
36.795878 0.008098  0.093337  0.005223  0.985723  0.124629  0.113218  -0.117440  0.027039  0.992712  0.120659  -0.991835  0.041289  0.006945  -0.000487  -0.009130  -0.076976  0.327120  0.321482  2.000000  
36.796883 0.008106  0.093337  0.005214  0.985691  0.125277  0.112782  -0.117024  0.027012  0.992762  0.121323  -0.991754  0.041286  0.006964  -0.000499  -0.009253  -0.078491  0.337473  0.346198  2.000000  
36.798131 0.008115  0.093337  0.005202  0.985642  0.126070  0.112325  -0.116607  0.027090  0.992809  0.122120  -0.991651  0.041402  0.006984  -0.000457  -0.009277  -0.083508  0.345473  0.372876  2.000000  
36.799135 0.008123  0.093337  0.005193  0.985592  0.126863  0.111868  -0.116190  0.027169  0.992855  0.122917  -0.991548  0.041518  0.007016  -0.000415  -0.009285  -0.088528  0.353191  0.394953  2.000000  
36.800379 0.008132  0.093336  0.005181  0.985565  0.127650  0.111206  -0.115569  0.027275  0.992925  0.123714  -0.991444  0.041634  0.007075  -0.000409  -0.009300  -0.093659  0.364743  0.409060  2.000000  
36.801631 0.008140  0.093334  0.005169  0.985521  0.128569  0.110539  -0.114947  0.027367  0.992995  0.124643  -0.991323  0.041750  0.007115  -0.000351  -0.009210  -0.099530  0.375525  0.434573  2.000000  
36.802880 0.008150  0.093333  0.005158  0.985452  0.129493  0.110075  -0.114528  0.027433  0.993041  0.125572  -0.991201  0.041865  0.007194  -0.000337  -0.009159  -0.103789  0.380193  0.453009  2.000000  
36.804126 0.008159  0.093331  0.005147  0.985405  0.130411  0.109407  -0.113906  0.027527  0.993110  0.126501  -0.991078  0.041980  0.007264  -0.000348  -0.009051  -0.104839  0.388007  0.475028  2.000000  
36.805129 0.008166  0.093330  0.005139  0.985351  0.131190  0.108965  -0.113488  0.027490  0.993159  0.127298  -0.990976  0.041976  0.007278  -0.000397  -0.009027  -0.104993  0.388843  0.497228  2.000000  
36.806133 0.008173  0.093329  0.005130  0.985295  0.131983  0.108506  -0.113071  0.027574  0.993204  0.128094  -0.990868  0.042092  0.007337  -0.000422  -0.009012  -0.110960  0.399646  0.518966  2.000000  
36.807385 0.008182  0.093328  0.005118  0.985228  0.133019  0.107848  -0.112447  0.027535  0.993276  0.129155  -0.990731  0.042086  0.007330  -0.000527  -0.009124  -0.107965  0.407600  0.545574  2.000000  
36.808631 0.008191  0.093326  0.005105  0.985137  0.134075  0.107378  -0.112025  0.027590  0.993322  0.130217  -0.990587  0.042200  0.007330  -0.000641  -0.009257  -0.112316  0.408790  0.572597  2.000000  
36.809895 0.008200  0.093325  0.005091  0.985066  0.135124  0.106703  -0.111401  0.027674  0.993390  0.131278  -0.990442  0.042314  0.007277  -0.000839  -0.009427  -0.117481  0.416443  0.594545  2.000000  
36.810896 0.008207  0.093323  0.005079  0.985007  0.135903  0.106261  -0.110984  0.027641  0.993438  0.132074  -0.990337  0.042310  0.007201  -0.000972  -0.009615  -0.118551  0.423780  0.607657  2.000000  
36.812131 0.008215  0.093320  0.005065  0.984934  0.136952  0.105585  -0.110359  0.027728  0.993505  0.133135  -0.990190  0.042424  0.007137  -0.001131  -0.009798  -0.118823  0.428459  0.625171  2.000000  
36.813131 0.008221  0.093319  0.005054  0.984896  0.137737  0.104921  -0.109739  0.027845  0.993570  0.133930  -0.990077  0.042539  0.007043  -0.001259  -0.009913  -0.123912  0.435656  0.637975  2.000000  
36.814377 0.008228  0.093317  0.005041  0.984798  0.138792  0.104450  -0.109318  0.027905  0.993615  0.134991  -0.989928  0.042653  0.006931  -0.001317  -0.009964  -0.128268  0.436634  0.660296  2.000000  
36.815383 0.008234  0.093315  0.005030  0.984757  0.139564  0.103802  -0.108698  0.027903  0.993683  0.135786  -0.989820  0.042648  0.006779  -0.001427  -0.010033  -0.126383  0.447441  0.674359  2.000000  
36.816627 0.008241  0.093312  0.005018  0.984679  0.140613  0.103126  -0.108074  0.027995  0.993749  0.136847  -0.989669  0.042762  0.006690  -0.001467  -0.010117  -0.131429  0.458313  0.690509  2.000000  
36.817635 0.008246  0.093310  0.005007  0.984596  0.141535  0.102660  -0.107654  0.028072  0.993792  0.137774  -0.989535  0.042877  0.006501  -0.001563  -0.010264  -0.131713  0.459103  0.708266  2.000000  
36.818945 0.008251  0.093306  0.004992  0.984515  0.142570  0.102000  -0.107030  0.028045  0.993860  0.138834  -0.989387  0.042870  0.006244  -0.001668  -0.010460  -0.128867  0.462327  0.721609  2.000000  
36.820132 0.008257  0.093303  0.004977  0.984432  0.143618  0.101324  -0.106406  0.028140  0.993925  0.139894  -0.989233  0.042984  0.006028  -0.001822  -0.010805  -0.133338  0.467012  0.734643  2.000000  
36.821379 0.008262  0.093299  0.004962  0.984349  0.144666  0.100646  -0.105782  0.028236  0.993988  0.140954  -0.989078  0.043097  0.005852  -0.001957  -0.011037  -0.134581  0.474627  0.752148  2.000000  
36.822381 0.008266  0.093296  0.004949  0.984282  0.145569  0.099992  -0.105160  0.028227  0.994055  0.141881  -0.988945  0.043091  0.005627  -0.002112  -0.011220  -0.131996  0.479009  0.767449  2.000000  
36.823630 0.008271  0.093293  0.004933  0.984176  0.146748  0.099309  -0.104534  0.028312  0.994118  0.143073  -0.988769  0.043204  0.005354  -0.002246  -0.011447  -0.137161  0.489387  0.778311  2.000000  
36.824879 0.008277  0.093289  0.004917  0.984068  0.147926  0.098625  -0.103908  0.028398  0.994181  0.144265  -0.988591  0.043316  0.005126  -0.002339  -0.011567  -0.137577  0.490146  0.796016  2.000000  
36.825890 0.008281  0.093287  0.004905  0.983978  0.148961  0.097965  -0.103284  0.028379  0.994247  0.145324  -0.988436  0.043310  0.004926  -0.002424  -0.011633  -0.135962  0.501326  0.811101  2.000000  
36.827131 0.008286  0.093283  0.004890  0.983867  0.150139  0.097281  -0.102658  0.028468  0.994309  0.146515  -0.988255  0.043422  0.004717  -0.002521  -0.011710  -0.136483  0.501824  0.820159  2.000000  
36.828378 0.008291  0.093280  0.004874  0.983754  0.151305  0.096615  -0.102032  0.028438  0.994375  0.147706  -0.988078  0.043414  0.004540  -0.002576  -0.011825  -0.132828  0.505818  0.831858  2.000000  
36.829628 0.008296  0.093276  0.004858  0.983659  0.152351  0.095936  -0.101408  0.028544  0.994435  0.148765  -0.987914  0.043527  0.004370  -0.002691  -0.011999  -0.134058  0.512490  0.839523  2.000000  
36.830892 0.008300  0.093272  0.004842  0.983543  0.153528  0.095251  -0.100782  0.028637  0.994496  0.149956  -0.987729  0.043639  0.004213  -0.002832  -0.012250  -0.134566  0.512905  0.848373  2.000000  
36.832130 0.008305  0.093267  0.004825  0.983424  0.154694  0.094585  -0.100156  0.028611  0.994560  0.151146  -0.987548  0.043631  0.004138  -0.002922  -0.012503  -0.132147  0.517313  0.859846  2.000000  
36.833130 0.008309  0.093264  0.004812  0.983304  0.155745  0.094110  -0.099735  0.028689  0.994600  0.152204  -0.987381  0.043743  0.004060  -0.002970  -0.012660  -0.135492  0.513854  0.870612  2.000000  
36.834378 0.008314  0.093260  0.004795  0.983182  0.156910  0.093443  -0.099109  0.028666  0.994664  0.153394  -0.987197  0.043735  0.004045  -0.002994  -0.012764  -0.132915  0.520995  0.879175  2.000000  
36.835385 0.008318  0.093257  0.004782  0.983059  0.157961  0.092968  -0.098688  0.028746  0.994703  0.154452  -0.987027  0.043848  0.004013  -0.002989  -0.012800  -0.137645  0.518475  0.886775  2.000000  
36.836629 0.008324  0.093254  0.004766  0.982955  0.159006  0.092287  -0.098064  0.028859  0.994762  0.155509  -0.986856  0.043960  0.004021  -0.002920  -0.012806  -0.137937  0.521445  0.888066  2.000000  
36.837630 0.008328  0.093252  0.004754  0.982850  0.159913  0.091837  -0.097645  0.028833  0.994804  0.156434  -0.986710  0.043953  0.004036  -0.002886  -0.012753  -0.134345  0.521432  0.888034  2.000000  
36.838637 0.008333  0.093250  0.004742  0.982744  0.160832  0.091367  -0.097226  0.028929  0.994842  0.157359  -0.986558  0.044067  0.004101  -0.002814  -0.012704  -0.138994  0.518577  0.890959  2.000000  
36.839883 0.008338  0.093248  0.004728  0.982594  0.162002  0.090904  -0.096803  0.028878  0.994885  0.158549  -0.986368  0.044058  0.004118  -0.002781  -0.012658  -0.134361  0.515170  0.897473  2.000000  
36.840896 0.008343  0.093245  0.004716  0.982486  0.162921  0.090434  -0.096384  0.028976  0.994922  0.159473  -0.986214  0.044171  0.004151  -0.002773  -0.012611  -0.134833  0.512011  0.899904  2.000000  
36.842135 0.008349  0.093243  0.004700  0.982355  0.163970  0.089957  -0.095962  0.029061  0.994961  0.160530  -0.986037  0.044283  0.004230  -0.002721  -0.012610  -0.138429  0.505591  0.905083  2.000000  
36.843379 0.008356  0.093240  0.004685  0.982201  0.165151  0.089475  -0.095539  0.029134  0.994999  0.161718  -0.985838  0.044394  0.004309  -0.002668  -0.012608  -0.137774  0.502137  0.911086  2.000000  
36.844381 0.008361  0.093237  0.004673  0.982070  0.166075  0.089208  -0.095322  0.029200  0.995018  0.162642  -0.985681  0.044507  0.004429  -0.002588  -0.012602  -0.137298  0.492383  0.914531  2.000000  
36.845636 0.008367  0.093234  0.004657  0.981913  0.167255  0.088725  -0.094899  0.029274  0.995056  0.163830  -0.985479  0.044617  0.004546  -0.002531  -0.012564  -0.136763  0.485743  0.919199  2.000000  
36.846885 0.008374  0.093231  0.004641  0.981755  0.168434  0.088241  -0.094476  0.029350  0.995094  0.165018  -0.985276  0.044728  0.004664  -0.002436  -0.012511  -0.140298  0.479084  0.923959  2.000000  
36.848129 0.008381  0.093229  0.004626  0.981576  0.169620  0.087962  -0.094254  0.029392  0.995114  0.166206  -0.985071  0.044838  0.004821  -0.002315  -0.012389  -0.138733  0.465505  0.924618  2.000000  
36.849133 0.008387  0.093227  0.004614  0.981459  0.170526  0.087511  -0.093835  0.029374  0.995154  0.167129  -0.984915  0.044831  0.004924  -0.002225  -0.012269  -0.133958  0.458850  0.929342  2.000000  
36.850381 0.008394  0.093225  0.004599  0.981278  0.171711  0.087231  -0.093614  0.029418  0.995174  0.168316  -0.984708  0.044941  0.005063  -0.002166  -0.012250  -0.136406  0.445480  0.934642  2.000000  
36.851384 0.008400  0.093222  0.004587  0.981140  0.172634  0.086963  -0.093397  0.029486  0.995192  0.169240  -0.984545  0.045054  0.005184  -0.002163  -0.012186  -0.135677  0.438601  0.934677  2.000000  
36.852631 0.008408  0.093220  0.004571  0.980997  0.173671  0.086506  -0.092976  0.029458  0.995232  0.170294  -0.984363  0.045045  0.005332  -0.002115  -0.012212  -0.134960  0.435143  0.931474  2.000000  
36.853632 0.008414  0.093218  0.004559  0.980838  0.174599  0.086442  -0.092961  0.029492  0.995233  0.171217  -0.984198  0.045157  0.005423  -0.002145  -0.012251  -0.132149  0.411086  0.931380  2.000000  
36.854877 0.008422  0.093215  0.004542  0.980670  0.175777  0.085957  -0.092538  0.029573  0.995270  0.172404  -0.983986  0.045267  0.005589  -0.002166  -0.012376  -0.131462  0.408182  0.932647  2.000000  
36.855888 0.008428  0.093213  0.004529  0.980532  0.176574  0.085900  -0.092525  0.029619  0.995270  0.173194  -0.983842  0.045380  0.005687  -0.002182  -0.012472  -0.132569  0.387477  0.924628  2.000000  
36.857132 0.008436  0.093210  0.004512  0.980343  0.177758  0.085619  -0.092303  0.029665  0.995289  0.174380  -0.983627  0.045490  0.005820  -0.002192  -0.012529  -0.130789  0.369819  0.924106  2.000000  
36.858145 0.008443  0.093207  0.004499  0.980222  0.178548  0.085356  -0.092088  0.029749  0.995306  0.175171  -0.983481  0.045603  0.005918  -0.002212  -0.012628  -0.133976  0.362648  0.919506  2.000000  
36.859382 0.008451  0.093205  0.004483  0.980054  0.179600  0.085081  -0.091869  0.029808  0.995325  0.176224  -0.983288  0.045713  0.006038  -0.002195  -0.012683  -0.132130  0.349225  0.920494  2.000000  
36.860384 0.008458  0.093203  0.004470  0.979931  0.180380  0.084839  -0.091654  0.029772  0.995346  0.177015  -0.983146  0.045707  0.006162  -0.002117  -0.012686  -0.131256  0.342129  0.916236  2.000000  
36.861632 0.008467  0.093201  0.004453  0.979761  0.181442  0.084542  -0.091434  0.029952  0.995361  0.178068  -0.982945  0.045936  0.006284  -0.002078  -0.012783  -0.132291  0.326181  0.913908  2.000000  
36.862633 0.008474  0.093199  0.004440  0.979661  0.182090  0.084306  -0.091222  0.029929  0.995381  0.178726  -0.982826  0.045931  0.006395  -0.002037  -0.012849  -0.128466  0.321080  0.899394  2.000000  
36.863633 0.008482  0.093198  0.004426  0.979518  0.182886  0.084247  -0.091208  0.029976  0.995381  0.179516  -0.982677  0.046043  0.006510  -0.001994  -0.012912  -0.129352  0.300474  0.895927  2.000000  
36.864877 0.008490  0.093196  0.004410  0.979345  0.183937  0.083971  -0.090989  0.030038  0.995399  0.180569  -0.982479  0.046153  0.006589  -0.001984  -0.013011  -0.127396  0.291261  0.888705  2.000000  
36.865883 0.008497  0.093194  0.004396  0.979224  0.184602  0.083918  -0.090978  0.030097  0.995398  0.181227  -0.982352  0.046267  0.006689  -0.001956  -0.013169  -0.129391  0.272667  0.879813  2.000000  
36.866885 0.008504  0.093192  0.004381  0.979122  0.185260  0.083659  -0.090765  0.030196  0.995414  0.181885  -0.982225  0.046380  0.006727  -0.002004  -0.013326  -0.128266  0.265217  0.870143  2.000000  
36.868130 0.008513  0.093189  0.004362  0.978971  0.186180  0.083389  -0.090548  0.030270  0.995432  0.182806  -0.982049  0.046491  0.006789  -0.001980  -0.013520  -0.131409  0.258008  0.861472  2.000000  
36.869377 0.008521  0.093187  0.004344  0.978800  0.187116  0.083300  -0.090532  0.030427  0.995429  0.183726  -0.981866  0.046721  0.006820  -0.001972  -0.013634  -0.132289  0.242843  0.859906  2.000000  
36.870381 0.008529  0.093185  0.004330  0.978671  0.187905  0.083035  -0.090317  0.030513  0.995446  0.184515  -0.981713  0.046833  0.006897  -0.001931  -0.013728  -0.131215  0.235827  0.855274  2.000000  
36.871627 0.008538  0.093182  0.004311  0.978499  0.188830  0.082968  -0.090301  0.030550  0.995446  0.185436  -0.981534  0.046944  0.006969  -0.001900  -0.013845  -0.129063  0.221992  0.847022  2.000000  
36.872630 0.008545  0.093181  0.004297  0.978369  0.189619  0.082703  -0.090086  0.030637  0.995463  0.186225  -0.981380  0.047056  0.007028  -0.001836  -0.013944  -0.129102  0.216678  0.845343  2.000000  
36.873879 0.008555  0.093179  0.004278  0.978219  0.190413  0.082642  -0.090072  0.030686  0.995462  0.187013  -0.981224  0.047168  0.007118  -0.001827  -0.014057  -0.127001  0.208022  0.834264  2.000000  
36.875132 0.008565  0.093177  0.004260  0.978070  0.191208  0.082581  -0.090058  0.030734  0.995462  0.187802  -0.981068  0.047280  0.007227  -0.001792  -0.014218  -0.128828  0.193955  0.821667  2.000000  
36.876378 0.008575  0.093174  0.004241  0.977919  0.192012  0.082497  -0.090044  0.030903  0.995458  0.188590  -0.980906  0.047511  0.007325  -0.001817  -0.014334  -0.130579  0.179917  0.808740  2.000000  
36.877381 0.008583  0.093172  0.004226  0.977837  0.192538  0.082243  -0.089834  0.031016  0.995474  0.189116  -0.980799  0.047625  0.007371  -0.001862  -0.014504  -0.130640  0.173735  0.793776  2.000000  
36.878632 0.008593  0.093170  0.004206  0.977685  0.193332  0.082182  -0.089820  0.031064  0.995473  0.189904  -0.980641  0.047736  0.007441  -0.001895  -0.014679  -0.129458  0.166258  0.780087  2.000000  
36.879882 0.008603  0.093167  0.004187  0.977533  0.194136  0.082096  -0.089806  0.031234  0.995469  0.190692  -0.980477  0.047967  0.007557  -0.001907  -0.014795  -0.131363  0.157887  0.765262  2.000000  
36.880893 0.008611  0.093165  0.004172  0.977432  0.194668  0.082047  -0.089796  0.031307  0.995468  0.191218  -0.980369  0.048081  0.007599  -0.001921  -0.014890  -0.133033  0.144023  0.757068  2.000000  
36.881929 0.008619  0.093163  0.004156  0.977348  0.195194  0.081793  -0.089586  0.031419  0.995483  0.191743  -0.980261  0.048194  0.007653  -0.001901  -0.014925  -0.133947  0.143920  0.739289  2.000000  
36.883150 0.008629  0.093161  0.004138  0.977194  0.195998  0.081707  -0.089572  0.031589  0.995479  0.192531  -0.980095  0.048425  0.007736  -0.001911  -0.014989  -0.137001  0.136960  0.731352  2.000000  
36.884385 0.008639  0.093158  0.004119  0.977066  0.196661  0.081651  -0.089560  0.031650  0.995478  0.193187  -0.979961  0.048537  0.007805  -0.001893  -0.015053  -0.135904  0.129450  0.714076  2.000000  
36.885632 0.008648  0.093156  0.004100  0.976937  0.197333  0.081571  -0.089548  0.031832  0.995474  0.193844  -0.979820  0.048768  0.007906  -0.001846  -0.015096  -0.137671  0.121357  0.699722  2.000000  
36.886883 0.008659  0.093154  0.004081  0.976834  0.197875  0.081497  -0.089539  0.032025  0.995468  0.194369  -0.979704  0.049001  0.007951  -0.001845  -0.015083  -0.140510  0.113868  0.682155  2.000000  
36.888128 0.008669  0.093153  0.004062  0.976730  0.198407  0.081447  -0.089529  0.032098  0.995467  0.194893  -0.979594  0.049115  0.008010  -0.001802  -0.015155  -0.139382  0.106401  0.665013  2.000000  
36.889136 0.008677  0.093152  0.004047  0.976652  0.198818  0.081379  -0.089522  0.032304  0.995461  0.195287  -0.979504  0.049348  0.008039  -0.001750  -0.015165  -0.143303  0.099453  0.647990  2.000000  
36.890382 0.008687  0.093151  0.004028  0.976548  0.199360  0.081304  -0.089512  0.032497  0.995455  0.195812  -0.979387  0.049581  0.008048  -0.001645  -0.015190  -0.148987  0.091545  0.634112  2.000000  
36.891632 0.008698  0.093149  0.004009  0.976443  0.199892  0.081253  -0.089503  0.032570  0.995454  0.196337  -0.979276  0.049694  0.008021  -0.001614  -0.015170  -0.144899  0.084523  0.617207  2.000000  
36.892880 0.008707  0.093148  0.003990  0.976338  0.200434  0.081178  -0.089493  0.032764  0.995448  0.196862  -0.979159  0.049926  0.008026  -0.001549  -0.015189  -0.147736  0.077192  0.604136  2.000000  
36.893887 0.008716  0.093146  0.003975  0.976260  0.200845  0.081110  -0.089486  0.032970  0.995442  0.197255  -0.979068  0.050160  0.008020  -0.001529  -0.015148  -0.150495  0.069827  0.590814  2.000000  
36.895131 0.008726  0.093145  0.003957  0.976181  0.201246  0.081065  -0.089479  0.033054  0.995440  0.197649  -0.978983  0.050274  0.008023  -0.001426  -0.015078  -0.150569  0.069031  0.573019  2.000000  
36.896384 0.008736  0.093144  0.003939  0.976102  0.201657  0.080996  -0.089472  0.033260  0.995434  0.198042  -0.978891  0.050508  0.008079  -0.001353  -0.015096  -0.153343  0.061448  0.555311  2.000000  
36.897631 0.008745  0.093142  0.003921  0.976022  0.202068  0.080927  -0.089464  0.033466  0.995428  0.198435  -0.978800  0.050741  0.008029  -0.001328  -0.014959  -0.156134  0.060594  0.541791  2.000000  
36.898885 0.008755  0.093140  0.003903  0.975969  0.202348  0.080864  -0.089459  0.033683  0.995421  0.198698  -0.978734  0.050976  0.008040  -0.001270  -0.014863  -0.160188  0.052836  0.515106  2.000000  
36.900129 0.008766  0.093139  0.003885  0.975916  0.202629  0.080802  -0.089455  0.033901  0.995414  0.198960  -0.978669  0.051210  0.008073  -0.001225  -0.014804  -0.158921  0.045065  0.493113  2.000000  
36.901382 0.008776  0.093137  0.003868  0.975863  0.202899  0.080763  -0.089450  0.033998  0.995411  0.199222  -0.978609  0.051326  0.008054  -0.001195  -0.014728  -0.158900  0.043987  0.470547  2.000000  
36.902628 0.008786  0.093136  0.003850  0.975810  0.203179  0.080700  -0.089445  0.034215  0.995404  0.199484  -0.978544  0.051561  0.008053  -0.001201  -0.014655  -0.160341  0.036091  0.449238  2.000000  
36.903629 0.008794  0.093135  0.003836  0.975757  0.203460  0.080637  -0.089440  0.034433  0.995397  0.199747  -0.978478  0.051796  0.008050  -0.001162  -0.014569  -0.164386  0.035495  0.435855  2.000000  
36.904880 0.008804  0.093133  0.003818  0.975704  0.203740  0.080574  -0.089435  0.034650  0.995390  0.200009  -0.978412  0.052030  0.008019  -0.001172  -0.014476  -0.169860  0.034735  0.417069  2.000000  
36.905896 0.008811  0.093132  0.003804  0.975650  0.204011  0.080535  -0.089430  0.034747  0.995387  0.200271  -0.978352  0.052146  0.007981  -0.001199  -0.014416  -0.165679  0.034101  0.403319  2.000000  
36.907133 0.008821  0.093131  0.003787  0.975597  0.204291  0.080472  -0.089425  0.034965  0.995380  0.200533  -0.978286  0.052380  0.007969  -0.001155  -0.014306  -0.168501  0.026725  0.390396  2.000000  
36.908382 0.008831  0.093130  0.003770  0.975570  0.204441  0.080415  -0.089423  0.035194  0.995372  0.200664  -0.978246  0.052616  0.007933  -0.001166  -0.014205  -0.172593  0.025647  0.367961  2.000000  
36.909633 0.008840  0.093128  0.003753  0.975544  0.204591  0.080359  -0.089420  0.035424  0.995364  0.200795  -0.978206  0.052852  0.007895  -0.001176  -0.014099  -0.172590  0.024579  0.345484  2.000000  
36.910894 0.008849  0.093127  0.003736  0.975517  0.204740  0.080302  -0.089418  0.035653  0.995356  0.200926  -0.978167  0.053088  0.007803  -0.001163  -0.014027  -0.176572  0.023700  0.327333  2.000000  
36.912129 0.008858  0.093125  0.003719  0.975490  0.204890  0.080245  -0.089416  0.035883  0.995348  0.201058  -0.978127  0.053324  0.007748  -0.001190  -0.013926  -0.175345  0.016087  0.309953  2.000000  
36.913132 0.008864  0.093123  0.003706  0.975463  0.205040  0.080188  -0.089413  0.036112  0.995340  0.201189  -0.978087  0.053560  0.007632  -0.001208  -0.013814  -0.178011  0.015320  0.294141  2.000000  
36.914395 0.008873  0.093122  0.003690  0.975436  0.205180  0.080156  -0.089411  0.036221  0.995336  0.201320  -0.978054  0.053677  0.007525  -0.001191  -0.013709  -0.175212  0.014311  0.273802  2.000000  
36.915635 0.008881  0.093120  0.003674  0.975410  0.205330  0.080099  -0.089408  0.036451  0.995328  0.201451  -0.978014  0.053913  0.007399  -0.001227  -0.013615  -0.179351  0.013424  0.255938  2.000000  
36.916877 0.008888  0.093118  0.003657  0.975383  0.205479  0.080042  -0.089406  0.036680  0.995320  0.201582  -0.977974  0.054148  0.007221  -0.001283  -0.013566  -0.177937  0.012910  0.245007  2.000000  
36.917884 0.008894  0.093116  0.003645  0.975356  0.205619  0.080010  -0.089403  0.036789  0.995316  0.201713  -0.977940  0.054265  0.007047  -0.001327  -0.013431  -0.179362  0.012332  0.233497  2.000000  
36.919129 0.008902  0.093113  0.003628  0.975356  0.205629  0.079985  -0.089403  0.036910  0.995311  0.201713  -0.977934  0.054384  0.006906  -0.001422  -0.013367  -0.173898  0.011568  0.218282  2.000000  
36.920129 0.008907  0.093112  0.003615  0.975329  0.205769  0.079953  -0.089401  0.037019  0.995308  0.201844  -0.977900  0.054501  0.006774  -0.001471  -0.013286  -0.173876  0.010883  0.204891  2.000000  
36.921132 0.008913  0.093109  0.003603  0.975329  0.205779  0.079928  -0.089401  0.037139  0.995303  0.201844  -0.977894  0.054620  0.006626  -0.001538  -0.013230  -0.169827  0.010208  0.191519  2.000000  
36.922390 0.008919  0.093106  0.003587  0.975329  0.205789  0.079903  -0.089401  0.037260  0.995299  0.201844  -0.977887  0.054738  0.006405  -0.001636  -0.013068  -0.167106  0.009364  0.175087  2.000000  
36.923631 0.008926  0.093104  0.003571  0.975329  0.205808  0.079853  -0.089401  0.037502  0.995289  0.201844  -0.977874  0.054976  0.006240  -0.001707  -0.012989  -0.169821  0.008604  0.160333  2.000000  
36.924885 0.008931  0.093100  0.003556  0.975329  0.205818  0.079828  -0.089401  0.037622  0.995285  0.201844  -0.977867  0.055094  0.005969  -0.001872  -0.012904  0.000000  0.000000  0.000000  2.000000  
36.925886 0.008936  0.093097  0.003543  0.975329  0.205827  0.079803  -0.089401  0.037743  0.995280  0.201844  -0.977860  0.055213  0.005821  -0.001964  -0.012820  0.000000  0.000000  0.000000  2.000000  
36.927132 0.008942  0.093094  0.003528  0.975329  0.205837  0.079778  -0.089401  0.037864  0.995276  0.201844  -0.977854  0.055332  0.005580  -0.002084  -0.012753  0.000000  0.000000  0.000000  2.000000  
36.928132 0.008946  0.093091  0.003516  0.975329  0.205837  0.079778  -0.089401  0.037864  0.995276  0.201844  -0.977854  0.055332  0.005395  -0.002182  -0.012711  0.000000  0.000000  0.000000  2.000000  
36.929381 0.008952  0.093087  0.003501  0.975329  0.205847  0.079753  -0.089401  0.037984  0.995271  0.201844  -0.977847  0.055450  0.005265  -0.002295  -0.012623  0.000000  0.000000  0.000000  2.000000  
36.930631 0.008957  0.093084  0.003486  0.975329  0.205856  0.079728  -0.089401  0.038105  0.995267  0.201844  -0.977840  0.055569  0.005051  -0.002380  -0.012512  0.000000  0.000000  0.000000  2.000000  
36.931886 0.008962  0.093080  0.003471  0.975329  0.205866  0.079703  -0.089401  0.038226  0.995262  0.201844  -0.977833  0.055687  0.004889  -0.002502  -0.012398  0.000000  0.000000  0.000000  2.000000  
36.933129 0.008967  0.093076  0.003457  0.975329  0.205876  0.079678  -0.089401  0.038347  0.995257  0.201844  -0.977827  0.055806  0.004715  -0.002587  -0.012265  0.000000  0.000000  0.000000  2.000000  
36.934133 0.008971  0.093074  0.003446  0.975329  0.205885  0.079653  -0.089401  0.038467  0.995253  0.201844  -0.977820  0.055925  0.004608  -0.002676  -0.012154  0.000000  0.000000  0.000000  2.000000  
36.935377 0.008976  0.093070  0.003431  0.975374  0.205757  0.079431  -0.089202  0.038642  0.995264  0.201713  -0.977840  0.056045  0.004480  -0.002755  -0.012078  0.000000  0.000000  0.000000  2.000000  
36.936381 0.008980  0.093067  0.003421  0.975374  0.205757  0.079431  -0.089202  0.038642  0.995264  0.201713  -0.977840  0.056045  0.004350  -0.002796  -0.011900  0.000000  0.000000  0.000000  2.000000  
36.937635 0.008985  0.093063  0.003407  0.975374  0.205766  0.079406  -0.089202  0.038763  0.995259  0.201713  -0.977833  0.056163  0.004236  -0.002860  -0.011805  0.000000  0.000000  0.000000  2.000000  
36.938636 0.008989  0.093061  0.003396  0.975374  0.205776  0.079381  -0.089202  0.038884  0.995254  0.201713  -0.977826  0.056282  0.004181  -0.002864  -0.011655  0.000000  0.000000  0.000000  2.000000  
36.939885 0.008993  0.093057  0.003383  0.975401  0.205646  0.079389  -0.089205  0.038896  0.995254  0.201582  -0.977853  0.056283  0.004090  -0.002919  -0.011492  0.000000  0.000000  0.000000  2.000000  
36.940896 0.008997  0.093054  0.003373  0.975401  0.205655  0.079364  -0.089205  0.039016  0.995249  0.201582  -0.977846  0.056402  0.004012  -0.002892  -0.011322  0.000000  0.000000  0.000000  2.000000  
36.942132 0.009001  0.093050  0.003359  0.975401  0.205655  0.079364  -0.089205  0.039016  0.995249  0.201582  -0.977846  0.056402  0.003963  -0.002900  -0.011193  0.000000  0.000000  0.000000  2.000000  
36.943382 0.009006  0.093047  0.003346  0.975401  0.205665  0.079339  -0.089205  0.039137  0.995244  0.201582  -0.977840  0.056521  0.003925  -0.002911  -0.011084  0.000000  0.000000  0.000000  2.000000  
36.944633 0.009011  0.093043  0.003333  0.975401  0.205665  0.079339  -0.089205  0.039137  0.995244  0.201582  -0.977840  0.056521  0.003874  -0.002906  -0.011020  0.000000  0.000000  0.000000  2.000000  
36.945633 0.009014  0.093040  0.003322  0.975401  0.205665  0.079339  -0.089205  0.039137  0.995244  0.201582  -0.977840  0.056521  0.003871  -0.002928  -0.010960  0.000000  0.000000  0.000000  2.000000  
36.946884 0.009018  0.093037  0.003310  0.975428  0.205544  0.079321  -0.089207  0.039270  0.995239  0.201451  -0.977860  0.056641  0.003777  -0.002897  -0.010786  0.000000  0.000000  0.000000  2.000000  
36.948129 0.009023  0.093033  0.003297  0.975428  0.205544  0.079321  -0.089207  0.039270  0.995239  0.201451  -0.977860  0.056641  0.003720  -0.002866  -0.010620  0.000000  0.000000  0.000000  2.000000  
36.949132 0.009026  0.093031  0.003286  0.975428  0.205544  0.079321  -0.089207  0.039270  0.995239  0.201451  -0.977860  0.056641  0.003649  -0.002871  -0.010629  0.000000  0.000000  0.000000  2.000000  
36.950379 0.009030  0.093027  0.003274  0.975446  0.205536  0.079116  -0.089007  0.039312  0.995255  0.201451  -0.977860  0.056641  0.003590  -0.002840  -0.010461  0.000000  0.000000  0.000000  2.000000  
