1-Time 2-Px 3-Py 4-Pz 5-R11 6-R21 7-R31 8-R12 9-R22 10-R32 11-R13 12-R23 13-R33 14-Vx 15-Vy 16-Vz 17-Wx 18-Wy 19-Wz 20-state 21-PR11 22-PR21 23-PR31 24-PR12 25-PR22 26-PR32 27-PR13 28-PR23 29-PR33 
48.980396 0.007745  0.092146  0.001017  0.992037  0.010708  -0.125488  0.124203  0.081936  0.988868  0.020871  -0.996580  0.079953  -0.000811  0.003144  -0.001706  0.004558  -0.379823  -0.150004  2.000000  
48.981396 0.007744  0.092150  0.001015  0.992091  0.010610  -0.125071  0.123795  0.081915  0.988921  0.020737  -0.996583  0.079953  -0.000858  0.003165  -0.001752  0.008562  -0.379485  -0.145503  2.000000  
48.982651 0.007744  0.092153  0.001012  0.992190  0.010794  -0.124268  0.122978  0.082042  0.989012  0.020871  -0.996570  0.080074  -0.000775  0.003154  -0.001817  0.004807  -0.392486  -0.135380  2.000000  
48.983896 0.007745  0.092156  0.001009  0.992310  0.011144  -0.123271  0.121956  0.082064  0.989137  0.021139  -0.996565  0.080074  -0.000662  0.003088  -0.001893  0.005410  -0.415328  -0.114332  2.000000  
48.984900 0.007745  0.092158  0.001007  0.992383  0.011327  -0.122671  0.121342  0.082073  0.989212  0.021272  -0.996562  0.080073  -0.000592  0.003057  -0.001906  0.005588  -0.424531  -0.101262  2.000000  
48.985909 0.007746  0.092161  0.001005  0.992430  0.011493  -0.122274  0.120933  0.082084  0.989261  0.021406  -0.996559  0.080073  -0.000470  0.003026  -0.001898  0.005585  -0.423586  -0.092248  2.000000  
48.987148 0.007748  0.092164  0.001003  0.992523  0.011825  -0.121481  0.120115  0.082107  0.989359  0.021674  -0.996553  0.080073  -0.000264  0.002966  -0.001941  0.005910  -0.436139  -0.073255  2.000000  
48.988148 0.007750  0.092166  0.001002  0.992644  0.012027  -0.120475  0.119093  0.082231  0.989472  0.021807  -0.996541  0.080193  -0.000056  0.002939  -0.001893  0.002316  -0.456070  -0.062596  2.000000  
48.989153 0.007753  0.092168  0.001000  0.992760  0.012362  -0.119479  0.118071  0.082370  0.989583  0.022075  -0.996525  0.080314  0.000174  0.002799  -0.001897  -0.001116  -0.482144  -0.042417  2.000000  
48.990154 0.007755  0.092169  0.000999  0.992872  0.012830  -0.118494  0.117048  0.082524  0.989692  0.022476  -0.996507  0.080434  0.000381  0.002690  -0.001881  -0.004642  -0.501361  -0.022797  2.000000  
48.991401 0.007759  0.092172  0.000996  0.992983  0.013298  -0.117509  0.116025  0.082677  0.989799  0.022878  -0.996488  0.080554  0.000690  0.002611  -0.001881  -0.008198  -0.520328  0.001305  2.000000  
48.992650 0.007762  0.092175  0.000993  0.993089  0.013899  -0.116534  0.115001  0.082845  0.989905  0.023413  -0.996466  0.080674  0.000964  0.002490  -0.001893  -0.011679  -0.539198  0.025412  2.000000  
48.993651 0.007764  0.092177  0.000990  0.993174  0.014350  -0.115753  0.114182  0.082999  0.989987  0.023814  -0.996446  0.080794  0.001168  0.002386  -0.002021  -0.015390  -0.551177  0.048966  2.000000  
48.994903 0.007767  0.092178  0.000984  0.993322  0.015118  -0.114382  0.112749  0.083174  0.990136  0.024483  -0.996420  0.080914  0.001432  0.002220  -0.002226  -0.018485  -0.583383  0.078660  2.000000  
48.995903 0.007769  0.092179  0.000980  0.993424  0.015706  -0.113409  0.111725  0.083458  0.990228  0.025018  -0.996388  0.081154  0.001648  0.002051  -0.002372  -0.025644  -0.604333  0.102551  2.000000  
48.997146 0.007772  0.092180  0.000975  0.993548  0.016312  -0.112233  0.110496  0.083737  0.990343  0.025553  -0.996354  0.081395  0.001885  0.001915  -0.002552  -0.033147  -0.622646  0.130953  2.000000  
48.998148 0.007774  0.092181  0.000970  0.993625  0.016898  -0.111463  0.109677  0.083903  0.990420  0.026088  -0.996331  0.081515  0.002011  0.001764  -0.002690  -0.037070  -0.639343  0.160071  2.000000  
48.999155 0.007778  0.092182  0.000966  0.993723  0.017487  -0.110491  0.108652  0.084183  0.990509  0.026623  -0.996297  0.081755  0.002241  0.001670  -0.002818  -0.044570  -0.658032  0.184193  2.000000  
49.000397 0.007781  0.092182  0.000962  0.993839  0.018214  -0.109328  0.107423  0.084594  0.990608  0.027292  -0.996249  0.082116  0.002391  0.001510  -0.002955  -0.055992  -0.683244  0.217992  2.000000  
49.001398 0.007785  0.092182  0.000959  0.993938  0.018672  -0.108346  0.106398  0.084858  0.990696  0.027693  -0.996218  0.082357  0.002539  0.001320  -0.003009  -0.063524  -0.702349  0.237657  2.000000  
49.002650 0.007789  0.092181  0.000955  0.994028  0.019383  -0.107388  0.105373  0.085270  0.990770  0.028362  -0.996169  0.082718  0.002690  0.001058  -0.003160  -0.075094  -0.720515  0.270878  2.000000  
49.003896 0.007793  0.092178  0.000950  0.994139  0.020126  -0.106224  0.104143  0.085555  0.990876  0.029030  -0.996130  0.082958  0.002772  0.000718  -0.003351  -0.081673  -0.739774  0.297664  2.000000  
49.004900 0.007796  0.092175  0.000946  0.994208  0.020701  -0.105457  0.103323  0.085834  0.990937  0.029565  -0.996094  0.083198  0.002755  0.000437  -0.003497  -0.090204  -0.750397  0.327608  2.000000  
49.005909 0.007799  0.092172  0.000941  0.994298  0.021282  -0.104489  0.102298  0.086228  0.991010  0.030100  -0.996048  0.083559  0.002765  0.000064  -0.003739  -0.101707  -0.768919  0.351729  2.000000  
49.007163 0.007803  0.092167  0.000933  0.994379  0.022128  -0.103544  0.101272  0.086648  0.991078  0.030903  -0.995993  0.083920  0.002827  -0.000460  -0.004152  -0.113104  -0.786817  0.384865  2.000000  
49.008402 0.007807  0.092161  0.000922  0.994478  0.023006  -0.102392  0.100041  0.086941  0.991178  0.031705  -0.995948  0.084159  0.002906  -0.001052  -0.004587  -0.120359  -0.811754  0.423259  2.000000  
49.009651 0.007810  0.092155  0.000911  0.994555  0.023842  -0.101451  0.099015  0.087477  0.991233  0.032507  -0.995881  0.084640  0.002954  -0.001587  -0.005010  -0.136007  -0.822825  0.455952  2.000000  
49.010653 0.007813  0.092149  0.000901  0.994598  0.024402  -0.100889  0.098399  0.087756  0.991270  0.033042  -0.995843  0.084880  0.002987  -0.002034  -0.005367  -0.143873  -0.828222  0.479267  2.000000  
49.011903 0.007817  0.092143  0.000889  0.994697  0.025137  -0.099730  0.097168  0.088151  0.991357  0.033711  -0.995790  0.085241  0.003063  -0.002540  -0.005764  -0.154316  -0.841173  0.504780  2.000000  
49.013150 0.007822  0.092136  0.000876  0.994774  0.025843  -0.098779  0.096142  0.088670  0.991410  0.034379  -0.995726  0.085722  0.003147  -0.003066  -0.006301  -0.167083  -0.845075  0.521593  2.000000  
49.014178 0.007825  0.092130  0.000866  0.994834  0.026422  -0.098015  0.095321  0.088940  0.991465  0.034914  -0.995686  0.085962  0.003196  -0.003491  -0.006725  -0.174503  -0.850251  0.530672  2.000000  
49.015400 0.007830  0.092123  0.000853  0.994908  0.027130  -0.097065  0.094295  0.089457  0.991517  0.035583  -0.995621  0.086443  0.003204  -0.004123  -0.007428  -0.188662  -0.856133  0.545946  2.000000  
49.016646 0.007834  0.092115  0.000839  0.994976  0.027971  -0.096127  0.093268  0.089984  0.991566  0.036385  -0.995550  0.086924  0.003194  -0.004476  -0.007920  -0.204237  -0.861060  0.569010  2.000000  
49.017656 0.007837  0.092109  0.000828  0.995033  0.028541  -0.095367  0.092446  0.090372  0.991608  0.036920  -0.995499  0.087284  0.003184  -0.004823  -0.008525  -0.213880  -0.860239  0.582211  2.000000  
49.018896 0.007841  0.092101  0.000814  0.995098  0.029373  -0.094434  0.091419  0.091017  0.991644  0.037722  -0.995416  0.087885  0.003180  -0.005156  -0.009105  -0.227724  -0.858722  0.596394  2.000000  
49.019903 0.007844  0.092094  0.000803  0.995152  0.029933  -0.093678  0.090598  0.091522  0.991673  0.038257  -0.995353  0.088366  0.003226  -0.005480  -0.009644  -0.243914  -0.843992  0.604232  2.000000  
49.020913 0.007848  0.092088  0.000792  0.995188  0.030486  -0.093124  0.089982  0.091912  0.991693  0.038792  -0.995300  0.088727  0.003293  -0.005661  -0.010014  -0.251732  -0.836407  0.608146  2.000000  
49.022168 0.007853  0.092080  0.000779  0.995235  0.031169  -0.092386  0.089160  0.092548  0.991708  0.039460  -0.995220  0.089328  0.003365  -0.005808  -0.010303  -0.265810  -0.828477  0.616536  2.000000  
49.023401 0.007858  0.092074  0.000767  0.995305  0.031739  -0.091432  0.088133  0.093164  0.991742  0.039995  -0.995145  0.089930  0.003442  -0.005804  -0.010381  -0.279236  -0.828651  0.612639  2.000000  
49.024650 0.007863  0.092068  0.000754  0.995356  0.032280  -0.090686  0.087312  0.093907  0.991745  0.040530  -0.995058  0.090652  0.003562  -0.005811  -0.010414  -0.299657  -0.807897  0.611241  2.000000  
49.025651 0.007868  0.092063  0.000745  0.995411  0.032712  -0.089922  0.086491  0.094396  0.991771  0.040931  -0.994997  0.091133  0.003668  -0.005732  -0.010385  -0.311624  -0.801284  0.606478  2.000000  
49.026902 0.007874  0.092057  0.000734  0.995460  0.033255  -0.089178  0.085669  0.095136  0.991771  0.041466  -0.994909  0.091855  0.003751  -0.005705  -0.010364  -0.326556  -0.787146  0.605553  2.000000  
49.027903 0.007879  0.092053  0.000724  0.995491  0.033802  -0.088631  0.085052  0.095642  0.991776  0.042000  -0.994842  0.092336  0.003834  -0.005596  -0.010312  -0.335656  -0.780198  0.605335  2.000000  
49.029151 0.007885  0.092048  0.000711  0.995555  0.034356  -0.087688  0.084026  0.096494  0.991780  0.042535  -0.994740  0.093179  0.003953  -0.005506  -0.010345  -0.355653  -0.773504  0.600791  2.000000  
49.030154 0.007889  0.092042  0.000700  0.995590  0.034771  -0.087130  0.083409  0.096988  0.991784  0.042936  -0.994678  0.093660  0.004014  -0.005466  -0.010381  -0.362879  -0.759587  0.595178  2.000000  
49.031396 0.007895  0.092036  0.000685  0.995635  0.035319  -0.086389  0.082588  0.097725  0.991781  0.043471  -0.994587  0.094381  0.004109  -0.005392  -0.010489  -0.375999  -0.745947  0.594587  2.000000  
49.032398 0.007899  0.092031  0.000672  0.995685  0.035745  -0.085631  0.081766  0.098330  0.991789  0.043872  -0.994512  0.094983  0.004234  -0.005319  -0.010609  -0.387128  -0.745807  0.590364  2.000000  
49.033399 0.007905  0.092026  0.000660  0.995735  0.036173  -0.084875  0.080945  0.098934  0.991796  0.044273  -0.994436  0.095584  0.004337  -0.005209  -0.010648  -0.399207  -0.738995  0.585533  2.000000  
49.034650 0.007911  0.092019  0.000646  0.995800  0.036601  -0.083923  0.079918  0.099771  0.991796  0.044674  -0.994337  0.096427  0.004503  -0.005112  -0.010665  -0.419187  -0.739498  0.577001  2.000000  
49.035652 0.007917  0.092015  0.000635  0.995847  0.037021  -0.083172  0.079097  0.100494  0.991789  0.045075  -0.994249  0.097149  0.004685  -0.004935  -0.010624  -0.431327  -0.739933  0.573210  2.000000  
49.036897 0.007925  0.092010  0.000624  0.995910  0.037452  -0.082222  0.078070  0.101329  0.991785  0.045476  -0.994148  0.097991  0.004867  -0.004769  -0.010558  -0.447324  -0.734013  0.559754  2.000000  
49.037909 0.007931  0.092006  0.000614  0.995956  0.037874  -0.081472  0.077249  0.102051  0.991775  0.045877  -0.994058  0.098713  0.005025  -0.004632  -0.010508  -0.463171  -0.726989  0.549911  2.000000  
49.039154 0.007939  0.092001  0.000602  0.996016  0.038309  -0.080523  0.076222  0.102885  0.991769  0.046278  -0.993955  0.099555  0.005164  -0.004608  -0.010491  -0.479081  -0.727990  0.537001  2.000000  
49.040400 0.007946  0.091996  0.000592  0.996076  0.038735  -0.079579  0.075195  0.103838  0.991748  0.046679  -0.993840  0.100518  0.005298  -0.004520  -0.010396  -0.498514  -0.735767  0.529875  2.000000  
49.041401 0.007953  0.091993  0.000583  0.996118  0.039151  -0.078836  0.074374  0.104678  0.991721  0.047080  -0.993735  0.101359  0.005459  -0.004440  -0.010364  -0.515053  -0.728621  0.524556  2.000000  
49.042651 0.007961  0.091987  0.000571  0.996176  0.039591  -0.077889  0.073347  0.105509  0.991710  0.047481  -0.993630  0.102201  0.005563  -0.004444  -0.010336  -0.530403  -0.729589  0.516847  2.000000  
49.043898 0.007968  0.091983  0.000560  0.996238  0.039881  -0.076939  0.072321  0.106570  0.991672  0.047748  -0.993505  0.103285  0.005662  -0.004385  -0.010262  -0.555597  -0.730743  0.503639  2.000000  
49.044903 0.007974  0.091979  0.000552  0.996284  0.040169  -0.076184  0.071499  0.107398  0.991642  0.048015  -0.993404  0.104127  0.005781  -0.004340  -0.010080  -0.570942  -0.730428  0.494540  2.000000  
49.046149 0.007982  0.091975  0.000541  0.996345  0.040463  -0.075236  0.070473  0.108458  0.991600  0.048283  -0.993277  0.105210  0.005908  -0.004127  -0.009703  -0.590002  -0.731853  0.482859  2.000000  
49.047469 0.007989  0.091971  0.000531  0.996404  0.040758  -0.074288  0.069446  0.109517  0.991556  0.048550  -0.993149  0.106293  0.005965  -0.003904  -0.009298  -0.609742  -0.731242  0.463460  2.000000  
49.048654 0.007997  0.091968  0.000521  0.996462  0.041056  -0.073340  0.068420  0.110576  0.991510  0.048817  -0.993019  0.107375  0.006064  -0.003753  -0.009038  -0.626752  -0.733931  0.447034  2.000000  
49.049913 0.008004  0.091964  0.000511  0.996525  0.041232  -0.072374  0.067394  0.111505  0.991476  0.048951  -0.992908  0.108338  0.006097  -0.003584  -0.008783  -0.638180  -0.741998  0.430270  2.000000  
49.051148 0.008011  0.091961  0.000500  0.996581  0.041534  -0.071427  0.066367  0.112562  0.991426  0.049218  -0.992776  0.109421  0.006047  -0.003461  -0.008718  -0.658538  -0.743377  0.417658  2.000000  
49.052149 0.008016  0.091958  0.000490  0.996615  0.041676  -0.070865  0.065751  0.113387  0.991373  0.049352  -0.992676  0.110263  0.005971  -0.003430  -0.008697  -0.669166  -0.745143  0.406712  2.000000  
49.053151 0.008021  0.091954  0.000480  0.996662  0.041842  -0.070099  0.064930  0.114203  0.991333  0.049485  -0.992576  0.111105  0.005920  -0.003387  -0.008714  -0.680667  -0.745293  0.398079  2.000000  
49.054396 0.008028  0.091950  0.000468  0.996722  0.042017  -0.069139  0.063903  0.115251  0.991279  0.049619  -0.992447  0.112188  0.005847  -0.003371  -0.008870  -0.692639  -0.746389  0.385503  2.000000  
49.055406 0.008033  0.091946  0.000457  0.996767  0.042186  -0.068374  0.063082  0.116066  0.991236  0.049753  -0.992345  0.113030  0.005759  -0.003393  -0.008998  -0.706115  -0.753493  0.375740  2.000000  
49.056651 0.008040  0.091940  0.000444  0.996825  0.042373  -0.067410  0.062056  0.116993  0.991192  0.049886  -0.992228  0.113992  0.005702  -0.003409  -0.009111  -0.713854  -0.761603  0.363757  2.000000  
49.057653 0.008045  0.091936  0.000434  0.996869  0.042545  -0.066645  0.061234  0.117807  0.991147  0.050020  -0.992125  0.114833  0.005625  -0.003437  -0.009157  -0.723204  -0.769557  0.353716  2.000000  
49.058903 0.008051  0.091930  0.000423  0.996925  0.042719  -0.065692  0.060208  0.118974  0.991070  0.050153  -0.991978  0.116036  0.005527  -0.003546  -0.009182  -0.737375  -0.770568  0.338894  2.000000  
49.060151 0.008058  0.091923  0.000412  0.996980  0.042904  -0.064734  0.059181  0.120020  0.991006  0.050287  -0.991844  0.117118  0.005480  -0.003654  -0.009203  -0.750716  -0.778577  0.329303  2.000000  
49.061154 0.008063  0.091919  0.000403  0.997022  0.043073  -0.063975  0.058360  0.120954  0.990941  0.050421  -0.991723  0.118080  0.005440  -0.003742  -0.009269  -0.764623  -0.785967  0.319200  2.000000  
49.062399 0.008070  0.091912  0.000392  0.997062  0.043228  -0.063227  0.057538  0.122128  0.990845  0.050554  -0.991573  0.119282  0.005404  -0.003958  -0.009322  -0.777151  -0.780449  0.305954  2.000000  
49.063400 0.008075  0.091907  0.000382  0.997103  0.043401  -0.062470  0.056717  0.123061  0.990777  0.050688  -0.991450  0.120243  0.005312  -0.004134  -0.009415  -0.789210  -0.780677  0.302093  2.000000  
49.064650 0.008081  0.091900  0.000370  0.997149  0.043427  -0.061706  0.055896  0.124227  0.990678  0.050688  -0.991303  0.121445  0.005182  -0.004395  -0.009586  -0.801570  -0.775461  0.284265  2.000000  
49.065651 0.008086  0.091894  0.000359  0.997177  0.043577  -0.061153  0.055279  0.125169  0.990594  0.050822  -0.991178  0.122407  0.005160  -0.004545  -0.009734  -0.810908  -0.769282  0.278024  2.000000  
49.066901 0.008092  0.091887  0.000344  0.997215  0.043732  -0.060412  0.054458  0.126462  0.990476  0.050955  -0.991007  0.123728  0.005172  -0.004754  -0.009919  -0.830295  -0.763113  0.266288  2.000000  
49.068148 0.008098  0.091880  0.000329  0.997271  0.043790  -0.059446  0.053431  0.127618  0.990383  0.050955  -0.990856  0.124930  0.005110  -0.004933  -0.010085  -0.838404  -0.764431  0.253748  2.000000  
49.069151 0.008103  0.091875  0.000318  0.997303  0.043812  -0.058877  0.052815  0.128552  0.990295  0.050955  -0.990735  0.125891  0.005073  -0.005052  -0.010162  -0.847475  -0.758869  0.243318  2.000000  
49.070396 0.008109  0.091869  0.000304  0.997329  0.043946  -0.058340  0.052199  0.129853  0.990158  0.051089  -0.990559  0.127212  0.005065  -0.005080  -0.010201  -0.860111  -0.746012  0.233777  2.000000  
49.071396 0.008115  0.091865  0.000293  0.997361  0.043970  -0.057772  0.051583  0.130787  0.990068  0.051089  -0.990435  0.128174  0.005092  -0.005089  -0.010266  -0.864347  -0.740527  0.220377  2.000000  
49.072403 0.008120  0.091861  0.000282  0.997393  0.043995  -0.057203  0.050967  0.131720  0.989976  0.051089  -0.990310  0.129135  0.005103  -0.005047  -0.010354  -0.876022  -0.734205  0.207856  2.000000  
49.073652 0.008127  0.091856  0.000268  0.997424  0.044008  -0.056645  0.050351  0.132894  0.989850  0.051089  -0.990153  0.130336  0.005108  -0.004982  -0.010458  -0.880639  -0.721249  0.198142  2.000000  
49.074902 0.008134  0.091851  0.000254  0.997465  0.044043  -0.055888  0.049530  0.134178  0.989719  0.051089  -0.989978  0.131657  0.005162  -0.004881  -0.010653  -0.889513  -0.716185  0.188445  2.000000  
49.076151 0.008141  0.091846  0.000240  0.997496  0.044058  -0.055331  0.048914  0.135351  0.989590  0.051089  -0.989818  0.132857  0.005182  -0.004852  -0.010844  -0.893723  -0.702916  0.175062  2.000000  
49.077398 0.008148  0.091840  0.000225  0.997529  0.044236  -0.054587  0.048092  0.136522  0.989469  0.051222  -0.989649  0.134057  0.005250  -0.004785  -0.011123  -0.900479  -0.698559  0.174743  2.000000  
49.078400 0.008154  0.091836  0.000214  0.997558  0.044261  -0.054024  0.047476  0.137575  0.989353  0.051222  -0.989502  0.135137  0.005332  -0.004674  -0.011266  -0.906635  -0.690043  0.165980  2.000000  
49.079400 0.008161  0.091832  0.000202  0.997587  0.044288  -0.053462  0.046860  0.138627  0.989235  0.051222  -0.989354  0.136217  0.005443  -0.004609  -0.011367  -0.914823  -0.683369  0.161292  2.000000  
49.080648 0.008169  0.091827  0.000188  0.997619  0.044470  -0.052719  0.046038  0.139797  0.989109  0.051356  -0.989181  0.137416  0.005538  -0.004457  -0.011361  -0.923509  -0.677685  0.160645  2.000000  
49.081914 0.008177  0.091823  0.000175  0.997640  0.044619  -0.052186  0.045421  0.141095  0.988954  0.051490  -0.988990  0.138735  0.005714  -0.004256  -0.011280  -0.931244  -0.669580  0.156621  2.000000  
49.083148 0.008187  0.091819  0.000161  0.997677  0.044673  -0.051426  0.044600  0.142258  0.988824  0.051490  -0.988821  0.139935  0.005916  -0.004079  -0.011195  -0.936142  -0.664811  0.151672  2.000000  
49.084399 0.008196  0.091815  0.000148  0.997698  0.044825  -0.050894  0.043983  0.143555  0.988664  0.051623  -0.988627  0.141253  0.006138  -0.003933  -0.011137  -0.944774  -0.650085  0.146721  2.000000  
49.085651 0.008205  0.091811  0.000134  0.997733  0.044889  -0.050129  0.043162  0.144597  0.988549  0.051623  -0.988472  0.142332  0.006265  -0.003851  -0.011175  -0.945114  -0.645211  0.141727  2.000000  
49.086896 0.008214  0.091807  0.000119  0.997762  0.045080  -0.049389  0.042340  0.145765  0.988413  0.051757  -0.988292  0.143530  0.006406  -0.003761  -0.011258  -0.953450  -0.638246  0.141544  2.000000  
49.087900 0.008221  0.091804  0.000106  0.997779  0.045093  -0.049025  0.041929  0.146706  0.988291  0.051757  -0.988152  0.144489  0.006530  -0.003703  -0.011394  -0.958347  -0.623450  0.136232  2.000000  
49.088907 0.008228  0.091800  0.000093  0.997798  0.045262  -0.048484  0.041313  0.147762  0.988160  0.051891  -0.987987  0.145567  0.006653  -0.003645  -0.011494  -0.962412  -0.615659  0.140380  2.000000  
49.089918 0.008235  0.091797  0.000079  0.997823  0.045307  -0.047917  0.040696  0.148693  0.988046  0.051891  -0.987845  0.146525  0.006758  -0.003534  -0.011648  -0.966508  -0.609089  0.135530  2.000000  
49.091154 0.008244  0.091794  0.000063  0.997849  0.045505  -0.047179  0.039874  0.149859  0.987903  0.052024  -0.987660  0.147722  0.006845  -0.003418  -0.011754  -0.967021  -0.604218  0.135139  2.000000  
49.092398 0.008252  0.091791  0.000046  0.997882  0.045566  -0.046426  0.039053  0.151140  0.987741  0.052024  -0.987462  0.149040  0.006937  -0.003308  -0.011911  -0.971036  -0.604650  0.131490  2.000000  
49.093399 0.008260  0.091789  0.000034  0.997899  0.045747  -0.045880  0.038436  0.152075  0.987621  0.052158  -0.987310  0.149997  0.007034  -0.003158  -0.011950  -0.971303  -0.597726  0.131148  2.000000  
49.094400 0.008267  0.091787  0.000022  0.997922  0.045797  -0.045315  0.037820  0.153005  0.987501  0.052158  -0.987164  0.150955  0.007077  -0.003006  -0.011989  -0.971645  -0.595743  0.131962  2.000000  
49.095400 0.008274  0.091785  0.000010  0.997939  0.045974  -0.044775  0.037203  0.154060  0.987361  0.052291  -0.986991  0.152032  0.007158  -0.002853  -0.012074  -0.975623  -0.590671  0.131403  2.000000  
49.096400 0.008282  0.091784  -0.000001  0.997961  0.046027  -0.044210  0.036587  0.154989  0.987238  0.052291  -0.986843  0.152989  0.007202  -0.002699  -0.012114  -0.971787  -0.588540  0.132215  2.000000  
49.097478 0.008289  0.091781  -0.000013  0.997977  0.046207  -0.043671  0.035970  0.156043  0.987095  0.052425  -0.986669  0.154065  0.007123  -0.002642  -0.012142  -0.973402  -0.586963  0.132497  2.000000  
49.098651 0.008298  0.091779  -0.000028  0.998006  0.046278  -0.042920  0.035148  0.157322  0.986922  0.052425  -0.986462  0.155382  0.007165  -0.002547  -0.012290  -0.979860  -0.588230  0.133571  2.000000  
49.099651 0.008304  0.091777  -0.000040  0.998021  0.046461  -0.042382  0.034532  0.158375  0.986775  0.052559  -0.986285  0.156458  0.007125  -0.002462  -0.012377  -0.979584  -0.589469  0.138437  2.000000  
49.100652 0.008311  0.091774  -0.000053  0.998049  0.046546  -0.041620  0.033710  0.159414  0.986636  0.052559  -0.986114  0.157534  0.007075  -0.002439  -0.012421  -0.983277  -0.596773  0.135614  2.000000  
49.101904 0.008319  0.091771  -0.000068  0.998069  0.046759  -0.040886  0.032888  0.160577  0.986475  0.052692  -0.985915  0.158729  0.007027  -0.002332  -0.012438  -0.983380  -0.600977  0.142012  2.000000  
49.103151 0.008326  0.091768  -0.000084  0.998089  0.046970  -0.040157  0.032066  0.161859  0.986293  0.052826  -0.985695  0.160043  0.006912  -0.002304  -0.012456  -0.986891  -0.606877  0.148207  2.000000  
49.104398 0.008335  0.091765  -0.000100  0.998108  0.047187  -0.039424  0.031243  0.163020  0.986128  0.052959  -0.985494  0.161238  0.006886  -0.002295  -0.012456  -0.982439  -0.607853  0.153100  2.000000  
49.105402 0.008341  0.091762  -0.000113  0.998120  0.047382  -0.038882  0.030627  0.163952  0.985993  0.053093  -0.985330  0.162193  0.006824  -0.002269  -0.012464  -0.982698  -0.605191  0.158459  2.000000  
49.106653 0.008349  0.091759  -0.000130  0.998144  0.047637  -0.037947  0.029599  0.165103  0.985832  0.053227  -0.985125  0.163387  0.006742  -0.002236  -0.012386  -0.981762  -0.618580  0.161226  2.000000  
49.107904 0.008356  0.091756  -0.000146  0.998168  0.047723  -0.037199  0.028777  0.166379  0.985642  0.053227  -0.984906  0.164701  0.006672  -0.002268  -0.012447  -0.981550  -0.620160  0.161694  2.000000  
49.109150 0.008364  0.091753  -0.000164  0.998190  0.047982  -0.036264  0.027749  0.167529  0.985477  0.053360  -0.984699  0.165894  0.006591  -0.002333  -0.012621  -0.981102  -0.626033  0.167882  2.000000  
49.110152 0.008370  0.091749  -0.000178  0.998211  0.048256  -0.035313  0.026722  0.168320  0.985370  0.053494  -0.984551  0.166729  0.006496  -0.002437  -0.012767  -0.972457  -0.637848  0.171010  2.000000  
49.111153 0.008376  0.091746  -0.000193  0.998232  0.048361  -0.034548  0.025900  0.169236  0.985235  0.053494  -0.984388  0.167684  0.006405  -0.002541  -0.012969  -0.967951  -0.644456  0.172714  2.000000  
49.112400 0.008383  0.091741  -0.000212  0.998251  0.048626  -0.033616  0.024872  0.170384  0.985064  0.053628  -0.984177  0.168877  0.006329  -0.002681  -0.013313  -0.967183  -0.657928  0.175638  2.000000  
49.113400 0.008389  0.091738  -0.000227  0.998264  0.048870  -0.032869  0.024050  0.171184  0.984946  0.053761  -0.984026  0.169711  0.006180  -0.002811  -0.013458  -0.962555  -0.665261  0.181250  2.000000  
49.114652 0.008396  0.091733  -0.000245  0.998276  0.049104  -0.032140  0.023228  0.172341  0.984763  0.053895  -0.983813  0.170904  0.006102  -0.002918  -0.013692  -0.958599  -0.663705  0.182609  2.000000  
49.115905 0.008403  0.091729  -0.000263  0.998293  0.049375  -0.031209  0.022200  0.173488  0.984586  0.054028  -0.983598  0.172096  0.006050  -0.003024  -0.013830  -0.961731  -0.677052  0.185529  2.000000  
49.117151 0.008410  0.091725  -0.000280  0.998308  0.049652  -0.030273  0.021172  0.174515  0.984427  0.054162  -0.983402  0.173168  0.005991  -0.003077  -0.013914  -0.957470  -0.683106  0.191891  2.000000  
49.118398 0.008418  0.091720  -0.000296  0.998318  0.049892  -0.029546  0.020350  0.175670  0.984239  0.054296  -0.983184  0.174359  0.005939  -0.003162  -0.013957  -0.953627  -0.682340  0.197259  2.000000  
49.119653 0.008425  0.091716  -0.000313  0.998331  0.050169  -0.028617  0.019322  0.176815  0.984054  0.054429  -0.982965  0.175551  0.005918  -0.003194  -0.014007  -0.952952  -0.695855  0.200348  2.000000  
49.120653 0.008431  0.091713  -0.000327  0.998343  0.050456  -0.027676  0.018294  0.177721  0.983911  0.054563  -0.982787  0.176503  0.005876  -0.003259  -0.014101  -0.951500  -0.709120  0.206903  2.000000  
49.121901 0.008438  0.091709  -0.000345  0.998354  0.050738  -0.026749  0.017266  0.178864  0.983722  0.054696  -0.982565  0.177694  0.005851  -0.003289  -0.014104  -0.951131  -0.714710  0.209570  2.000000  
49.122906 0.008443  0.091706  -0.000359  0.998357  0.050954  -0.026214  0.016650  0.179790  0.983564  0.054830  -0.982385  0.178646  0.005779  -0.003320  -0.014201  -0.946860  -0.714416  0.210285  2.000000  
49.124151 0.008450  0.091702  -0.000378  0.998366  0.051243  -0.025282  0.015622  0.180813  0.983393  0.054964  -0.982182  0.179717  0.005735  -0.003385  -0.014292  -0.942503  -0.720346  0.216718  2.000000  
49.125151 0.008457  0.091699  -0.000392  0.998374  0.051540  -0.024337  0.014594  0.181597  0.983265  0.055097  -0.982022  0.180549  0.005746  -0.003386  -0.014276  -0.933504  -0.733757  0.219717  2.000000  
49.126401 0.008464  0.091694  -0.000412  0.998381  0.051830  -0.023412  0.013566  0.182738  0.983068  0.055231  -0.981795  0.181739  0.005747  -0.003389  -0.014329  -0.929116  -0.739620  0.226271  2.000000  
49.127654 0.008471  0.091690  -0.000431  0.998380  0.052256  -0.022506  0.012538  0.183761  0.982891  0.055498  -0.981581  0.182808  0.005767  -0.003333  -0.014319  -0.924638  -0.745505  0.232755  2.000000  
49.128902 0.008479  0.091686  -0.000450  0.998385  0.052553  -0.021576  0.011511  0.184781  0.982712  0.055632  -0.981374  0.183878  0.005804  -0.003323  -0.014396  -0.916029  -0.752497  0.233937  2.000000  
49.129912 0.008485  0.091683  -0.000466  0.998389  0.052857  -0.020634  0.010483  0.185563  0.982576  0.055765  -0.981210  0.184710  0.005867  -0.003310  -0.014501  -0.906364  -0.764073  0.242178  2.000000  
49.131148 0.008493  0.091678  -0.000485  0.998392  0.053158  -0.019705  0.009455  0.186582  0.982394  0.055899  -0.981000  0.185780  0.005908  -0.003297  -0.014587  -0.898148  -0.770933  0.244406  2.000000  
49.132153 0.008501  0.091675  -0.000501  0.998392  0.053427  -0.018966  0.008633  0.187374  0.982251  0.056032  -0.980835  0.186611  0.006006  -0.003312  -0.014739  -0.889510  -0.777494  0.246350  2.000000  
49.133397 0.008509  0.091670  -0.000521  0.998385  0.053865  -0.018058  0.007605  0.188274  0.982087  0.056299  -0.980638  0.187560  0.006072  -0.003374  -0.014949  -0.881085  -0.783475  0.252907  2.000000  
49.134651 0.008517  0.091665  -0.000541  0.998386  0.054210  -0.016929  0.006372  0.189280  0.981903  0.056433  -0.980426  0.188629  0.006180  -0.003433  -0.015177  -0.876346  -0.788991  0.259383  2.000000  
49.135896 0.008527  0.091660  -0.000561  0.998378  0.054691  -0.015819  0.005138  0.190167  0.981738  0.056700  -0.980227  0.189577  0.006318  -0.003487  -0.015351  -0.868323  -0.802136  0.266172  2.000000  
49.136899 0.008534  0.091655  -0.000577  0.998367  0.055099  -0.015102  0.004316  0.190837  0.981612  0.056967  -0.980074  0.190288  0.006406  -0.003583  -0.015471  -0.859625  -0.800701  0.271105  2.000000  
49.137909 0.008542  0.091651  -0.000592  0.998362  0.055375  -0.014366  0.003494  0.191626  0.981462  0.057101  -0.979905  0.191118  0.006554  -0.003646  -0.015545  -0.850024  -0.806742  0.274133  2.000000  
49.139153 0.008552  0.091646  -0.000612  0.998342  0.055952  -0.013487  0.002466  0.192522  0.981290  0.057502  -0.979696  0.192065  0.006737  -0.003722  -0.015667  -0.842026  -0.804322  0.288391  2.000000  
49.140400 0.008562  0.091641  -0.000631  0.998329  0.056399  -0.012589  0.001439  0.193536  0.981092  0.057769  -0.979471  0.193131  0.006932  -0.003785  -0.015687  -0.842229  -0.796376  0.292439  2.000000  
49.141401 0.008569  0.091636  -0.000647  0.998322  0.056681  -0.011849  0.000617  0.194203  0.980961  0.057902  -0.979322  0.193842  0.007030  -0.003867  -0.015683  -0.833985  -0.795276  0.297525  2.000000  
49.142401 0.008578  0.091632  -0.000662  0.998307  0.057133  -0.010939  -0.000411  0.194978  0.980808  0.058170  -0.979142  0.194671  0.007218  -0.003931  -0.015706  -0.829283  -0.800903  0.303902  2.000000  
49.143650 0.008588  0.091627  -0.000682  0.998290  0.057585  -0.010045  -0.001439  0.195989  0.980605  0.058437  -0.978914  0.195737  0.007356  -0.003988  -0.015715  -0.829621  -0.806681  0.309070  2.000000  
49.144903 0.008598  0.091622  -0.000702  0.998272  0.058079  -0.008949  -0.002672  0.196987  0.980402  0.058704  -0.978684  0.196802  0.007563  -0.004056  -0.015772  -0.825708  -0.813719  0.317706  2.000000  
49.145912 0.008607  0.091617  -0.000719  0.998261  0.058407  -0.008009  -0.003699  0.197640  0.980268  0.058837  -0.978533  0.197513  0.007676  -0.004147  -0.015824  -0.815162  -0.818368  0.318946  2.000000  
49.147148 0.008617  0.091611  -0.000740  0.998241  0.058865  -0.007110  -0.004727  0.198530  0.980083  0.059105  -0.978325  0.198459  0.007761  -0.004242  -0.015941  -0.812277  -0.817580  0.322849  2.000000  
49.148401 0.008627  0.091606  -0.000761  0.998218  0.059367  -0.006010  -0.005960  0.199407  0.979899  0.059372  -0.978117  0.199405  0.007911  -0.004288  -0.016009  -0.802109  -0.829870  0.332224  2.000000  
49.149646 0.008637  0.091600  -0.000782  0.998194  0.059869  -0.004918  -0.007193  0.200401  0.979688  0.059639  -0.977883  0.200470  0.008000  -0.004343  -0.016051  -0.798714  -0.835437  0.337349  2.000000  
49.150652 0.008646  0.091595  -0.000798  0.998170  0.060334  -0.004007  -0.008220  0.201050  0.979547  0.059906  -0.977721  0.201178  0.008051  -0.004411  -0.016099  -0.790301  -0.834140  0.342372  2.000000  
49.151902 0.008657  0.091589  -0.000818  0.998143  0.060841  -0.002910  -0.009453  0.201923  0.979356  0.060173  -0.977510  0.202123  0.008166  -0.004441  -0.016092  -0.780571  -0.839988  0.350734  2.000000  
49.153151 0.008668  0.091583  -0.000839  0.998109  0.061440  -0.002035  -0.010480  0.202688  0.979187  0.060574  -0.977314  0.202948  0.008268  -0.004506  -0.016149  -0.771615  -0.844519  0.361623  2.000000  
49.154398 0.008679  0.091576  -0.000858  0.998079  0.061951  -0.000940  -0.011713  0.203559  0.978993  0.060841  -0.977101  0.203893  0.008353  -0.004603  -0.016130  -0.764246  -0.849751  0.366447  2.000000  
49.155407 0.008687  0.091570  -0.000874  0.998061  0.062249  -0.000207  -0.012534  0.204219  0.978845  0.060974  -0.976944  0.204603  0.008392  -0.004733  -0.016201  -0.758864  -0.843638  0.363129  2.000000  
49.156651 0.008698  0.091563  -0.000894  0.998020  0.062894  0.000867  -0.013767  0.204967  0.978672  0.061375  -0.976746  0.205427  0.008445  -0.004856  -0.016205  -0.751809  -0.848345  0.372369  2.000000  
49.157653 0.008707  0.091557  -0.000909  0.997989  0.063367  0.001781  -0.014794  0.205492  0.978547  0.061642  -0.976605  0.206016  0.008495  -0.004976  -0.016172  -0.738982  -0.853764  0.378688  2.000000  
49.158903 0.008718  0.091549  -0.000928  0.997953  0.063885  0.002880  -0.016026  0.206240  0.978370  0.061909  -0.976414  0.206842  0.008526  -0.005165  -0.016160  -0.728577  -0.859485  0.387152  2.000000  
49.159905 0.008727  0.091542  -0.000944  0.997923  0.064319  0.003584  -0.016848  0.206895  0.978218  0.062176  -0.976247  0.207549  0.008534  -0.005322  -0.016123  -0.726647  -0.851510  0.389016  2.000000  
49.160914 0.008736  0.091536  -0.000959  0.997888  0.064796  0.004496  -0.017875  0.207417  0.978089  0.062443  -0.976104  0.208137  0.008594  -0.005440  -0.015989  -0.715705  -0.856773  0.397115  2.000000  
49.162153 0.008746  0.091528  -0.000979  0.997840  0.065448  0.005565  -0.019107  0.208160  0.977908  0.062844  -0.975903  0.208961  0.008702  -0.005634  -0.016032  -0.709054  -0.861394  0.406189  2.000000  
49.163400 0.008757  0.091519  -0.000998  0.997795  0.066059  0.006440  -0.020134  0.208796  0.977752  0.063245  -0.975726  0.209666  0.008675  -0.005746  -0.015824  -0.698868  -0.860626  0.413509  2.000000  
49.164653 0.008768  0.091511  -0.001016  0.997752  0.066584  0.007535  -0.021366  0.209539  0.977567  0.063512  -0.975531  0.210491  0.008742  -0.005918  -0.015627  -0.694326  -0.859966  0.414160  2.000000  
49.165907 0.008779  0.091504  -0.001035  0.997700  0.067242  0.008601  -0.022598  0.210278  0.977381  0.063912  -0.975327  0.211313  0.008778  -0.005979  -0.015520  -0.685781  -0.858538  0.419344  2.000000  
49.167147 0.008791  0.091496  -0.001054  0.997654  0.067771  0.009694  -0.023830  0.211018  0.977192  0.064179  -0.975130  0.212138  0.008791  -0.006106  -0.015374  -0.681361  -0.865314  0.421715  2.000000  
49.168148 0.008799  0.091490  -0.001068  0.997617  0.068211  0.010401  -0.024651  0.211548  0.977057  0.064446  -0.974984  0.212726  0.008786  -0.006166  -0.015300  -0.677058  -0.864061  0.426670  2.000000  
49.169148 0.008808  0.091484  -0.001083  0.997579  0.068655  0.011098  -0.025472  0.212196  0.976895  0.064713  -0.974812  0.213431  0.008818  -0.006184  -0.015224  -0.674845  -0.863339  0.425108  2.000000  
49.170398 0.008819  0.091476  -0.001101  0.997529  0.069186  0.012197  -0.026703  0.212815  0.976727  0.064980  -0.974640  0.214137  0.008804  -0.006251  -0.015102  -0.661999  -0.869585  0.427259  2.000000  
49.171652 0.008830  0.091469  -0.001118  0.997469  0.069851  0.013259  -0.027935  0.213548  0.976533  0.065381  -0.974432  0.214959  0.008778  -0.006275  -0.014985  -0.657633  -0.868251  0.432405  2.000000  
49.172652 0.008838  0.091463  -0.001132  0.997428  0.070296  0.013963  -0.028756  0.214075  0.976394  0.065648  -0.974284  0.215546  0.008760  -0.006244  -0.014854  -0.647053  -0.867431  0.439735  2.000000  
49.173909 0.008849  0.091455  -0.001149  0.997381  0.070790  0.014850  -0.029782  0.214824  0.976199  0.065915  -0.974084  0.216369  0.008728  -0.006204  -0.014656  -0.638885  -0.859970  0.439013  2.000000  
49.175151 0.008860  0.091448  -0.001165  0.997317  0.071460  0.015908  -0.031013  0.215553  0.976000  0.066315  -0.973874  0.217191  0.008709  -0.006209  -0.014453  -0.634183  -0.865535  0.445706  2.000000  
49.176400 0.008870  0.091441  -0.001180  0.997257  0.072084  0.016773  -0.032039  0.216177  0.975828  0.066716  -0.973690  0.217893  0.008694  -0.006142  -0.014241  -0.626179  -0.857483  0.449415  2.000000  
49.177401 0.008879  0.091435  -0.001192  0.997206  0.072578  0.017676  -0.033065  0.216686  0.975681  0.066983  -0.973540  0.218480  0.008684  -0.006071  -0.013986  -0.626147  -0.859280  0.448869  2.000000  
49.178401 0.008888  0.091429  -0.001205  0.997161  0.073028  0.018376  -0.033885  0.217209  0.975537  0.067250  -0.973390  0.219066  0.008662  -0.006027  -0.013837  -0.614017  -0.850249  0.449249  2.000000  
49.179654 0.008898  0.091422  -0.001220  0.997091  0.073701  0.019440  -0.035116  0.217814  0.975358  0.067650  -0.973204  0.219769  0.008645  -0.005988  -0.013553  -0.605440  -0.848743  0.454279  2.000000  
49.180911 0.008908  0.091415  -0.001235  0.997020  0.074375  0.020502  -0.036347  0.218419  0.975178  0.068051  -0.973017  0.220471  0.008585  -0.005929  -0.013323  -0.595185  -0.853769  0.458422  2.000000  
49.181916 0.008917  0.091409  -0.001247  0.996971  0.074831  0.021192  -0.037167  0.219057  0.975004  0.068318  -0.972838  0.221175  0.008551  -0.005903  -0.013118  -0.596347  -0.846493  0.459709  2.000000  
49.183147 0.008927  0.091401  -0.001263  0.996897  0.075508  0.022253  -0.038397  0.219659  0.974821  0.068718  -0.972650  0.221877  0.008495  -0.005929  -0.012975  -0.590654  -0.852193  0.464123  2.000000  
49.184401 0.008937  0.091394  -0.001278  0.996821  0.076186  0.023312  -0.039628  0.220260  0.974636  0.069119  -0.972462  0.222579  0.008415  -0.005864  -0.012797  -0.583398  -0.851020  0.471618  2.000000  
49.185651 0.008946  0.091387  -0.001294  0.996753  0.076736  0.024401  -0.040858  0.220864  0.974448  0.069386  -0.972281  0.223282  0.008345  -0.005860  -0.012658  -0.577951  -0.850422  0.469856  2.000000  
49.186652 0.008954  0.091381  -0.001306  0.996692  0.077238  0.025297  -0.041883  0.221365  0.974291  0.069653  -0.972127  0.223868  0.008285  -0.005824  -0.012495  -0.574744  -0.850298  0.472848  2.000000  
49.187900 0.008964  0.091375  -0.001321  0.996620  0.077875  0.026154  -0.042908  0.221978  0.974107  0.070053  -0.971937  0.224569  0.008253  -0.005753  -0.012355  -0.573293  -0.848688  0.475345  2.000000  
49.188907 0.008971  0.091370  -0.001333  0.996566  0.078331  0.026858  -0.043728  0.222374  0.973980  0.070320  -0.971810  0.225036  0.008180  -0.005703  -0.012275  -0.566316  -0.842721  0.472386  2.000000  
49.190151 0.008981  0.091363  -0.001348  0.996492  0.078889  0.027934  -0.044958  0.223093  0.973760  0.070587  -0.971600  0.225857  0.008075  -0.005662  -0.012187  -0.565760  -0.849269  0.474725  2.000000  
49.191153 0.008988  0.091358  -0.001359  0.996436  0.079346  0.028637  -0.045778  0.223488  0.973631  0.070854  -0.971472  0.226324  0.008009  -0.005575  -0.012075  -0.557789  -0.842181  0.473707  2.000000  
49.192401 0.008997  0.091352  -0.001373  0.996360  0.079987  0.029490  -0.046802  0.224097  0.973442  0.071254  -0.971279  0.227024  0.007904  -0.005531  -0.012036  -0.557933  -0.835150  0.472848  2.000000  
49.193651 0.009007  0.091346  -0.001387  0.996272  0.080676  0.030543  -0.048031  0.224687  0.973246  0.071655  -0.971086  0.227725  0.007812  -0.005435  -0.011912  -0.552659  -0.833748  0.475482  2.000000  
49.194904 0.009016  0.091340  -0.001400  0.996203  0.081193  0.031415  -0.049056  0.225418  0.973026  0.071922  -0.970873  0.228545  0.007697  -0.005344  -0.011821  -0.553196  -0.834264  0.474166  2.000000  
49.196151 0.009024  0.091334  -0.001414  0.996123  0.081838  0.032265  -0.050080  0.226022  0.972834  0.072322  -0.970678  0.229245  0.007568  -0.005272  -0.011709  -0.549154  -0.827030  0.473234  2.000000  
49.197477 0.009033  0.091329  -0.001426  0.996052  0.082354  0.033145  -0.051104  0.226633  0.972639  0.072589  -0.970492  0.229946  0.007437  -0.005108  -0.011429  -0.548090  -0.818005  0.471188  2.000000  
49.198650 0.009042  0.091323  -0.001439  0.995970  0.083001  0.033994  -0.052128  0.227235  0.972444  0.072989  -0.970296  0.230646  0.007362  -0.005028  -0.011318  -0.544336  -0.818880  0.475086  2.000000  
