1-Time 2-Px 3-Py 4-Pz 5-R11 6-R21 7-R31 8-R12 9-R22 10-R32 11-R13 12-R23 13-R33 14-Vx 15-Vy 16-Vz 17-Wx 18-Wy 19-Wz 20-state 21-PR11 22-PR21 23-PR31 24-PR12 25-PR22 26-PR32 27-PR13 28-PR23 29-PR33 
23.151939 0.010429  0.090390  0.012475  0.996805  0.067852  0.042143  -0.069062  0.997221  0.027959  -0.040129  -0.030780  0.998720  0.001339  0.004439  -0.006710  -0.076549  0.295489  -0.377608  2.000000  
23.153186 0.010431  0.090394  0.012467  0.996849  0.067458  0.041723  -0.068653  0.997251  0.027883  -0.039728  -0.030659  0.998740  0.001277  0.004380  -0.006760  -0.077001  0.299784  -0.370685  2.000000  
23.154431 0.010434  0.090398  0.012458  0.996888  0.067061  0.041437  -0.068243  0.997281  0.027797  -0.039460  -0.030538  0.998754  0.001393  0.004255  -0.006756  -0.077134  0.295270  -0.370902  2.000000  
23.155681 0.010438  0.090400  0.012449  0.996913  0.066864  0.041165  -0.068038  0.997295  0.027824  -0.039193  -0.030539  0.998765  0.001512  0.003995  -0.006865  -0.073493  0.290565  -0.364199  2.000000  
23.156932 0.010443  0.090402  0.012440  0.996956  0.066465  0.040753  -0.067629  0.997321  0.027868  -0.038792  -0.030539  0.998781  0.001686  0.003775  -0.006905  -0.069827  0.294769  -0.357111  2.000000  
23.157936 0.010447  0.090404  0.012432  0.996980  0.066273  0.040473  -0.067424  0.997338  0.027773  -0.038524  -0.030418  0.998795  0.001888  0.003541  -0.006954  -0.069918  0.294694  -0.357113  2.000000  
23.159181 0.010454  0.090405  0.012423  0.997023  0.065875  0.040061  -0.067015  0.997364  0.027817  -0.038123  -0.030419  0.998810  0.002234  0.003241  -0.007020  -0.066291  0.294494  -0.350276  2.000000  
23.160428 0.010462  0.090406  0.012414  0.997047  0.065677  0.039789  -0.066810  0.997377  0.027843  -0.037856  -0.030419  0.998820  0.002673  0.002940  -0.007040  -0.062632  0.289788  -0.343566  2.000000  
23.161431 0.010469  0.090406  0.012407  0.997071  0.065480  0.039517  -0.066606  0.997390  0.027869  -0.037589  -0.030419  0.998830  0.003057  0.002642  -0.007065  -0.058932  0.289516  -0.336639  2.000000  
23.162677 0.010478  0.090406  0.012397  0.997081  0.065488  0.039250  -0.066606  0.997390  0.027887  -0.037321  -0.030420  0.998840  0.003586  0.002234  -0.007167  -0.055558  0.284640  -0.323068  2.000000  
23.163932 0.010488  0.090406  0.012388  0.997105  0.065291  0.038977  -0.066402  0.997402  0.027913  -0.037054  -0.030420  0.998850  0.004143  0.001946  -0.007214  -0.051840  0.284324  -0.316090  2.000000  
23.165177 0.010498  0.090406  0.012379  0.997123  0.065090  0.038838  -0.066197  0.997416  0.027929  -0.036920  -0.030420  0.998855  0.004797  0.001568  -0.007246  -0.051776  0.277402  -0.306879  2.000000  
23.166179 0.010507  0.090406  0.012371  0.997128  0.065094  0.038705  -0.066197  0.997415  0.027938  -0.036786  -0.030420  0.998860  0.005322  0.001278  -0.007340  -0.044978  0.270012  -0.288995  2.000000  
23.167181 0.010516  0.090405  0.012362  0.997152  0.064897  0.038433  -0.065992  0.997428  0.027964  -0.036519  -0.030421  0.998870  0.005870  0.000925  -0.007425  -0.045052  0.269977  -0.288961  2.000000  
23.168182 0.010526  0.090404  0.012354  0.997156  0.064901  0.038299  -0.065993  0.997428  0.027973  -0.036385  -0.030421  0.998875  0.006380  0.000653  -0.007508  -0.041592  0.265036  -0.275303  2.000000  
23.169428 0.010538  0.090402  0.012344  0.997166  0.064909  0.038032  -0.065993  0.997427  0.027990  -0.036118  -0.030421  0.998884  0.006916  0.000244  -0.007636  -0.038434  0.259852  -0.254707  2.000000  
23.170436 0.010548  0.090399  0.012336  0.997185  0.064703  0.037901  -0.065788  0.997437  0.028128  -0.035984  -0.030542  0.998886  0.007480  -0.000063  -0.007666  -0.030603  0.255096  -0.247894  2.000000  
23.171687 0.010560  0.090396  0.012325  0.997194  0.064711  0.037634  -0.065789  0.997437  0.028146  -0.035717  -0.030543  0.998895  0.007978  -0.000412  -0.007765  -0.027152  0.254755  -0.234192  2.000000  
23.172701 0.010570  0.090393  0.012316  0.997199  0.064711  0.037509  -0.065789  0.997433  0.028275  -0.035583  -0.030664  0.998896  0.008360  -0.000754  -0.007874  -0.019573  0.249626  -0.220331  2.000000  
23.173936 0.010584  0.090387  0.012305  0.997208  0.064719  0.037242  -0.065790  0.997432  0.028293  -0.035316  -0.030664  0.998906  0.008791  -0.001185  -0.007981  -0.016389  0.244580  -0.199855  2.000000  
23.175181 0.010596  0.090381  0.012293  0.997213  0.064718  0.037117  -0.065790  0.997429  0.028423  -0.035182  -0.030785  0.998907  0.009088  -0.001710  -0.008193  -0.008829  0.235202  -0.186349  2.000000  
23.176428 0.010609  0.090373  0.012281  0.997222  0.064722  0.036858  -0.065791  0.997425  0.028561  -0.034914  -0.030907  0.998912  0.009338  -0.002177  -0.008413  -0.001536  0.230095  -0.165785  2.000000  
23.177431 0.010618  0.090367  0.012270  0.997227  0.064726  0.036724  -0.065791  0.997424  0.028570  -0.034781  -0.030907  0.998917  0.009505  -0.002633  -0.008627  -0.002097  0.225146  -0.152087  2.000000  
23.178431 0.010628  0.090361  0.012259  0.997218  0.064931  0.036605  -0.065997  0.997407  0.028692  -0.034647  -0.031028  0.998918  0.009652  -0.003064  -0.008866  0.005238  0.220004  -0.131496  2.000000  
23.179677 0.010640  0.090353  0.012245  0.997223  0.064931  0.036479  -0.065997  0.997403  0.028822  -0.034513  -0.031150  0.998919  0.009723  -0.003562  -0.009136  0.012836  0.210640  -0.117986  2.000000  
23.180933 0.010651  0.090344  0.012230  0.997232  0.064939  0.036213  -0.065998  0.997403  0.028840  -0.034246  -0.031150  0.998928  0.009746  -0.004196  -0.009491  0.016352  0.205662  -0.104293  2.000000  
23.181942 0.010661  0.090337  0.012219  0.997236  0.064939  0.036087  -0.065998  0.997399  0.028970  -0.034112  -0.031271  0.998929  0.009776  -0.004617  -0.009733  0.023964  0.200697  -0.090593  2.000000  
23.183182 0.010672  0.090327  0.012204  0.997241  0.064939  0.035962  -0.065998  0.997395  0.029099  -0.033978  -0.031393  0.998929  0.009694  -0.005109  -0.010001  0.027552  0.194486  -0.083167  2.000000  
23.184433 0.010682  0.090318  0.012189  0.997246  0.064943  0.035828  -0.065999  0.997395  0.029108  -0.033845  -0.031393  0.998934  0.009584  -0.005638  -0.010340  0.031321  0.186638  -0.070310  2.000000  
23.185677 0.010692  0.090309  0.012174  0.997250  0.064943  0.035703  -0.065999  0.997391  0.029238  -0.033711  -0.031514  0.998935  0.009455  -0.005996  -0.010618  0.034852  0.184927  -0.062877  2.000000  
23.186690 0.010701  0.090301  0.012163  0.997255  0.064947  0.035569  -0.065999  0.997391  0.029247  -0.033577  -0.031514  0.998939  0.009337  -0.006405  -0.010855  0.034611  0.176981  -0.049837  2.000000  
23.187933 0.010710  0.090290  0.012147  0.997259  0.064947  0.035444  -0.066000  0.997387  0.029377  -0.033443  -0.031636  0.998940  0.009090  -0.006785  -0.011159  0.000000  0.000000  0.000000  2.000000  
23.189181 0.010719  0.090279  0.012131  0.997263  0.064951  0.035311  -0.066000  0.997387  0.029386  -0.033310  -0.031636  0.998944  0.008867  -0.007144  -0.011424  0.000000  0.000000  0.000000  2.000000  
23.190181 0.010726  0.090269  0.012119  0.997268  0.064951  0.035185  -0.066000  0.997383  0.029515  -0.033176  -0.031757  0.998945  0.008659  -0.007472  -0.011601  0.000000  0.000000  0.000000  2.000000  
23.191430 0.010735  0.090257  0.012104  0.997272  0.064956  0.035052  -0.066000  0.997383  0.029524  -0.033042  -0.031757  0.998949  0.008440  -0.007799  -0.011776  0.000000  0.000000  0.000000  2.000000  
23.192430 0.010742  0.090247  0.012092  0.997277  0.064956  0.034926  -0.066001  0.997379  0.029654  -0.032909  -0.031878  0.998950  0.008260  -0.008003  -0.011878  0.000000  0.000000  0.000000  2.000000  
23.193678 0.010752  0.090234  0.012077  0.997277  0.064956  0.034926  -0.066001  0.997379  0.029654  -0.032909  -0.031878  0.998950  0.008104  -0.008291  -0.011965  0.000000  0.000000  0.000000  2.000000  
23.194681 0.010759  0.090224  0.012064  0.997281  0.064956  0.034801  -0.066001  0.997375  0.029784  -0.032775  -0.032000  0.998950  0.007919  -0.008563  -0.012065  0.000000  0.000000  0.000000  2.000000  
23.195682 0.010766  0.090214  0.012052  0.997295  0.064750  0.034795  -0.065796  0.997388  0.029791  -0.032775  -0.032000  0.998950  0.007767  -0.008792  -0.012112  0.000000  0.000000  0.000000  2.000000  
23.196927 0.010775  0.090201  0.012036  0.997299  0.064750  0.034669  -0.065796  0.997384  0.029921  -0.032641  -0.032121  0.998951  0.007634  -0.009097  -0.012166  0.000000  0.000000  0.000000  2.000000  
23.197934 0.010783  0.090190  0.012024  0.997299  0.064746  0.034677  -0.065796  0.997381  0.030042  -0.032641  -0.032242  0.998947  0.007518  -0.009343  -0.012223  0.000000  0.000000  0.000000  2.000000  
23.199178 0.010792  0.090176  0.012008  0.997299  0.064746  0.034677  -0.065796  0.997381  0.030042  -0.032641  -0.032242  0.998947  0.007479  -0.009587  -0.012282  0.000000  0.000000  0.000000  2.000000  
23.200427 0.010802  0.090163  0.011993  0.997299  0.064742  0.034685  -0.065796  0.997377  0.030163  -0.032641  -0.032363  0.998943  0.007391  -0.009842  -0.012308  0.000000  0.000000  0.000000  2.000000  
23.201431 0.010809  0.090153  0.011980  0.997299  0.064738  0.034693  -0.065796  0.997373  0.030284  -0.032641  -0.032485  0.998939  0.007368  -0.009993  -0.012347  0.000000  0.000000  0.000000  2.000000  
23.202677 0.010819  0.090140  0.011965  0.997299  0.064738  0.034693  -0.065796  0.997373  0.030284  -0.032641  -0.032485  0.998939  0.007389  -0.010166  -0.012335  0.000000  0.000000  0.000000  2.000000  
23.203688 0.010826  0.090129  0.011953  0.997299  0.064734  0.034701  -0.065796  0.997370  0.030405  -0.032641  -0.032606  0.998935  0.007359  -0.010316  -0.012343  0.000000  0.000000  0.000000  2.000000  
23.204934 0.010836  0.090116  0.011938  0.997299  0.064729  0.034708  -0.065796  0.997366  0.030526  -0.032641  -0.032727  0.998931  0.007453  -0.010363  -0.012270  0.000000  0.000000  0.000000  2.000000  
23.205937 0.010844  0.090105  0.011927  0.997299  0.064729  0.034708  -0.065796  0.997366  0.030526  -0.032641  -0.032727  0.998931  0.007470  -0.010450  -0.012199  0.000000  0.000000  0.000000  2.000000  
23.207186 0.010854  0.090093  0.011914  0.997299  0.064725  0.034716  -0.065796  0.997362  0.030647  -0.032641  -0.032848  0.998927  0.007567  -0.010436  -0.012056  0.000000  0.000000  0.000000  2.000000  
23.208431 0.010864  0.090081  0.011901  0.997299  0.064721  0.034724  -0.065796  0.997359  0.030768  -0.032641  -0.032969  0.998923  0.007594  -0.010414  -0.011891  0.000000  0.000000  0.000000  2.000000  
23.209680 0.010874  0.090069  0.011888  0.997299  0.064721  0.034724  -0.065796  0.997359  0.030768  -0.032641  -0.032969  0.998923  0.007710  -0.010383  -0.011714  0.000000  0.000000  0.000000  2.000000  
23.210681 0.010883  0.090058  0.011878  0.997299  0.064717  0.034732  -0.065796  0.997355  0.030889  -0.032641  -0.033090  0.998919  0.007807  -0.010370  -0.011573  0.000000  0.000000  0.000000  2.000000  
23.211974 0.010894  0.090046  0.011865  0.997295  0.064708  0.034873  -0.065796  0.997351  0.031001  -0.032775  -0.033211  0.998911  0.007885  -0.010240  -0.011332  0.000000  0.000000  0.000000  2.000000  
23.213181 0.010904  0.090034  0.011853  0.997295  0.064708  0.034873  -0.065796  0.997351  0.031001  -0.032775  -0.033211  0.998911  0.007997  -0.010211  -0.011182  0.000000  0.000000  0.000000  2.000000  
23.214429 0.010916  0.090022  0.011840  0.997295  0.064704  0.034881  -0.065796  0.997348  0.031122  -0.032775  -0.033333  0.998907  0.008125  -0.010141  -0.010984  0.000000  0.000000  0.000000  2.000000  
23.215437 0.010924  0.090012  0.011830  0.997295  0.064700  0.034889  -0.065796  0.997344  0.031243  -0.032775  -0.033454  0.998903  0.008194  -0.010088  -0.010818  0.000000  0.000000  0.000000  2.000000  
23.216681 0.010935  0.090000  0.011816  0.997295  0.064700  0.034889  -0.065796  0.997344  0.031243  -0.032775  -0.033454  0.998903  0.008299  -0.010064  -0.010707  0.000000  0.000000  0.000000  2.000000  
23.217928 0.010947  0.089988  0.011803  0.997281  0.064901  0.034903  -0.066001  0.997327  0.031357  -0.032775  -0.033575  0.998899  0.008413  -0.009947  -0.010545  0.000000  0.000000  0.000000  2.000000  
23.218935 0.010955  0.089978  0.011793  0.997277  0.064892  0.035044  -0.066001  0.997323  0.031469  -0.032909  -0.033696  0.998890  0.008505  -0.009891  -0.010473  0.000000  0.000000  0.000000  2.000000  
23.219939 0.010964  0.089968  0.011783  0.997277  0.064892  0.035044  -0.066001  0.997323  0.031469  -0.032909  -0.033696  0.998890  0.008578  -0.009792  -0.010370  0.000000  0.000000  0.000000  2.000000  
23.221182 0.010976  0.089957  0.011769  0.997277  0.064888  0.035052  -0.066001  0.997319  0.031590  -0.032909  -0.033817  0.998886  0.008710  -0.009721  -0.010369  0.000000  0.000000  0.000000  2.000000  
23.222185 0.010985  0.089947  0.011758  0.997277  0.064883  0.035060  -0.066001  0.997316  0.031711  -0.032909  -0.033938  0.998882  0.008723  -0.009698  -0.010407  0.000000  0.000000  0.000000  2.000000  
23.223435 0.010996  0.089936  0.011745  0.997277  0.064883  0.035060  -0.066001  0.997316  0.031711  -0.032909  -0.033938  0.998882  0.008825  -0.009686  -0.010423  0.000000  0.000000  0.000000  2.000000  
23.224684 0.011007  0.089924  0.011731  0.997263  0.065084  0.035075  -0.066206  0.997298  0.031824  -0.032909  -0.034059  0.998878  0.008859  -0.009682  -0.010512  0.000000  0.000000  0.000000  2.000000  
23.225944 0.011019  0.089912  0.011717  0.997263  0.065080  0.035082  -0.066206  0.997294  0.031945  -0.032909  -0.034181  0.998874  0.008899  -0.009600  -0.010570  0.000000  0.000000  0.000000  2.000000  
23.227185 0.011030  0.089900  0.011704  0.997263  0.065080  0.035082  -0.066206  0.997294  0.031945  -0.032909  -0.034181  0.998874  0.008952  -0.009584  -0.010586  0.000000  0.000000  0.000000  2.000000  
23.228482 0.011041  0.089888  0.011691  0.997263  0.065076  0.035090  -0.066206  0.997291  0.032066  -0.032909  -0.034302  0.998870  0.008916  -0.009528  -0.010570  0.000000  0.000000  0.000000  2.000000  
23.229690 0.011052  0.089876  0.011677  0.997263  0.065076  0.035090  -0.066206  0.997291  0.032066  -0.032909  -0.034302  0.998870  0.008948  -0.009513  -0.010668  0.000000  0.000000  0.000000  2.000000  
23.230939 0.011063  0.089864  0.011664  0.997263  0.065072  0.035098  -0.066206  0.997287  0.032187  -0.032909  -0.034423  0.998865  0.008909  -0.009518  -0.010709  0.000000  0.000000  0.000000  2.000000  
23.231945 0.011072  0.089855  0.011652  0.997263  0.065072  0.035098  -0.066206  0.997287  0.032187  -0.032909  -0.034423  0.998865  0.008918  -0.009498  -0.010757  0.000000  0.000000  0.000000  2.000000  
23.233239 0.011083  0.089843  0.011638  0.997268  0.065076  0.034965  -0.066206  0.997286  0.032196  -0.032775  -0.034423  0.998870  0.008877  -0.009469  -0.010829  0.000000  0.000000  0.000000  2.000000  
23.234463 0.011093  0.089831  0.011623  0.997268  0.065072  0.034973  -0.066206  0.997282  0.032317  -0.032775  -0.034544  0.998866  0.008881  -0.009496  -0.010944  0.000000  0.000000  0.000000  2.000000  
23.235679 0.011104  0.089818  0.011608  0.997268  0.065072  0.034973  -0.066206  0.997282  0.032317  -0.032775  -0.034544  0.998866  0.008878  -0.009567  -0.011101  0.000000  0.000000  0.000000  2.000000  
23.236686 0.011114  0.089809  0.011595  0.997268  0.065072  0.034973  -0.066206  0.997282  0.032317  -0.032775  -0.034544  0.998866  0.008905  -0.009537  -0.011227  0.000000  0.000000  0.000000  2.000000  
23.237942 0.011124  0.089796  0.011580  0.997268  0.065068  0.034981  -0.066206  0.997279  0.032438  -0.032775  -0.034665  0.998861  0.008828  -0.009605  -0.011367  0.000000  0.000000  0.000000  2.000000  
23.239186 0.011134  0.089783  0.011563  0.997268  0.065068  0.034981  -0.066206  0.997279  0.032438  -0.032775  -0.034665  0.998861  0.008793  -0.009676  -0.011603  0.000000  0.000000  0.000000  2.000000  
23.240433 0.011145  0.089770  0.011547  0.997268  0.065064  0.034989  -0.066206  0.997275  0.032559  -0.032775  -0.034787  0.998857  0.008729  -0.009751  -0.011724  0.000000  0.000000  0.000000  2.000000  
23.241684 0.011155  0.089757  0.011531  0.997268  0.065064  0.034989  -0.066206  0.997275  0.032559  -0.032775  -0.034787  0.998857  0.008625  -0.009842  -0.011953  0.000000  0.000000  0.000000  2.000000  
23.242935 0.011165  0.089744  0.011515  0.997268  0.065064  0.034989  -0.066206  0.997275  0.032559  -0.032775  -0.034787  0.998857  0.008599  -0.009963  -0.012155  0.000000  0.000000  0.000000  2.000000  
23.244183 0.011176  0.089730  0.011498  0.997272  0.065068  0.034855  -0.066207  0.997274  0.032568  -0.032641  -0.034787  0.998862  0.008551  -0.010051  -0.012342  0.000000  0.000000  0.000000  2.000000  
23.245445 0.011186  0.089716  0.011481  0.997272  0.065064  0.034863  -0.066207  0.997270  0.032689  -0.032641  -0.034908  0.998857  0.008470  -0.010187  -0.012526  0.000000  0.000000  0.000000  2.000000  
23.246681 0.011195  0.089703  0.011465  0.997272  0.065064  0.034863  -0.066207  0.997270  0.032689  -0.032641  -0.034908  0.998857  0.008372  -0.010328  -0.012718  0.000000  0.000000  0.000000  2.000000  
23.247700 0.011203  0.089692  0.011451  0.997272  0.065064  0.034863  -0.066207  0.997270  0.032689  -0.032641  -0.034908  0.998857  0.008302  -0.010372  -0.012850  0.000000  0.000000  0.000000  2.000000  
23.248942 0.011213  0.089678  0.011435  0.997272  0.065064  0.034863  -0.066207  0.997270  0.032689  -0.032641  -0.034908  0.998857  0.008257  -0.010516  -0.012986  0.000000  0.000000  0.000000  2.000000  
23.250178 0.011223  0.089665  0.011418  0.997272  0.065064  0.034863  -0.066207  0.997270  0.032689  -0.032641  -0.034908  0.998857  0.008189  -0.010576  -0.013060  0.000000  0.000000  0.000000  2.000000  
23.251182 0.011231  0.089654  0.011405  0.997286  0.064859  0.034856  -0.066001  0.997284  0.032696  -0.032641  -0.034908  0.998857  0.008140  -0.010652  -0.013101  0.000000  0.000000  0.000000  2.000000  
23.252429 0.011241  0.089641  0.011388  0.997290  0.064863  0.034723  -0.066002  0.997283  0.032705  -0.032507  -0.034908  0.998862  0.008084  -0.010709  -0.013196  0.000000  0.000000  0.000000  2.000000  
23.253435 0.011249  0.089630  0.011375  0.997290  0.064863  0.034723  -0.066002  0.997283  0.032705  -0.032507  -0.034908  0.998862  0.008052  -0.010739  -0.013220  0.000000  0.000000  0.000000  2.000000  
23.254683 0.011259  0.089616  0.011358  0.997290  0.064863  0.034723  -0.066002  0.997283  0.032705  -0.032507  -0.034908  0.998862  0.007998  -0.010829  -0.013258  0.000000  0.000000  0.000000  2.000000  
23.255936 0.011269  0.089602  0.011341  0.997290  0.064863  0.034723  -0.066002  0.997283  0.032705  -0.032507  -0.034908  0.998862  0.007990  -0.010881  -0.013305  0.000000  0.000000  0.000000  2.000000  
23.257184 0.011279  0.089587  0.011323  0.997290  0.064863  0.034723  -0.066002  0.997283  0.032705  -0.032507  -0.034908  0.998862  0.007947  -0.010965  -0.013386  0.000000  0.000000  0.000000  2.000000  
23.258186 0.011287  0.089576  0.011309  0.997290  0.064863  0.034723  -0.066002  0.997283  0.032705  -0.032507  -0.034908  0.998862  0.007956  -0.011026  -0.013467  0.000000  0.000000  0.000000  2.000000  
23.259433 0.011297  0.089561  0.011292  0.997290  0.064863  0.034723  -0.066002  0.997283  0.032705  -0.032507  -0.034908  0.998862  0.007934  -0.011099  -0.013477  0.000000  0.000000  0.000000  2.000000  
23.260682 0.011307  0.089546  0.011275  0.997290  0.064863  0.034723  -0.066002  0.997283  0.032705  -0.032507  -0.034908  0.998862  0.007945  -0.011167  -0.013565  0.000000  0.000000  0.000000  2.000000  
23.261944 0.011317  0.089531  0.011258  0.997290  0.064863  0.034723  -0.066002  0.997283  0.032705  -0.032507  -0.034908  0.998862  0.007993  -0.011255  -0.013576  0.000000  0.000000  0.000000  2.000000  
23.263202 0.011328  0.089517  0.011241  0.997290  0.064863  0.034723  -0.066002  0.997283  0.032705  -0.032507  -0.034908  0.998862  0.008024  -0.011320  -0.013584  0.000000  0.000000  0.000000  2.000000  
23.264430 0.011338  0.089502  0.011225  0.997290  0.064863  0.034723  -0.066002  0.997283  0.032705  -0.032507  -0.034908  0.998862  0.008041  -0.011371  -0.013583  0.000000  0.000000  0.000000  2.000000  
23.265680 0.011349  0.089488  0.011209  0.997290  0.064863  0.034723  -0.066002  0.997283  0.032705  -0.032507  -0.034908  0.998862  0.008142  -0.011422  -0.013505  0.000000  0.000000  0.000000  2.000000  
23.266931 0.011359  0.089474  0.011193  0.997290  0.064863  0.034723  -0.066002  0.997283  0.032705  -0.032507  -0.034908  0.998862  0.008171  -0.011517  -0.013480  0.000000  0.000000  0.000000  2.000000  
23.267932 0.011369  0.089463  0.011180  0.997290  0.064863  0.034723  -0.066002  0.997283  0.032705  -0.032507  -0.034908  0.998862  0.008253  -0.011532  -0.013390  0.000000  0.000000  0.000000  2.000000  
23.269179 0.011379  0.089448  0.011165  0.997276  0.065069  0.034730  -0.066207  0.997270  0.032698  -0.032507  -0.034908  0.998862  0.008307  -0.011524  -0.013281  0.000000  0.000000  0.000000  2.000000  
23.270185 0.011388  0.089437  0.011152  0.997276  0.065069  0.034730  -0.066207  0.997270  0.032698  -0.032507  -0.034908  0.998862  0.008363  -0.011573  -0.013217  0.000000  0.000000  0.000000  2.000000  
23.271432 0.011399  0.089422  0.011137  0.997276  0.065069  0.034730  -0.066207  0.997270  0.032698  -0.032507  -0.034908  0.998862  0.008423  -0.011595  -0.013099  0.000000  0.000000  0.000000  2.000000  
23.272681 0.011410  0.089408  0.011122  0.997276  0.065069  0.034730  -0.066207  0.997270  0.032698  -0.032507  -0.034908  0.998862  0.008520  -0.011583  -0.012959  0.000000  0.000000  0.000000  2.000000  
23.273943 0.011421  0.089393  0.011106  0.997272  0.065064  0.034863  -0.066207  0.997270  0.032689  -0.032641  -0.034908  0.998857  0.008535  -0.011587  -0.012835  0.000000  0.000000  0.000000  2.000000  
23.275183 0.011432  0.089379  0.011091  0.997272  0.065064  0.034863  -0.066207  0.997270  0.032689  -0.032641  -0.034908  0.998857  0.008654  -0.011546  -0.012645  0.000000  0.000000  0.000000  2.000000  
23.276430 0.011443  0.089364  0.011076  0.997272  0.065064  0.034863  -0.066207  0.997270  0.032689  -0.032641  -0.034908  0.998857  0.008709  -0.011568  -0.012537  0.000000  0.000000  0.000000  2.000000  
23.277680 0.011454  0.089350  0.011061  0.997258  0.065269  0.034870  -0.066412  0.997257  0.032682  -0.032641  -0.034908  0.998857  0.008759  -0.011523  -0.012407  0.000000  0.000000  0.000000  2.000000  
23.278932 0.011466  0.089335  0.011047  0.997258  0.065269  0.034870  -0.066412  0.997257  0.032682  -0.032641  -0.034908  0.998857  0.008793  -0.011535  -0.012267  0.000000  0.000000  0.000000  2.000000  
23.279936 0.011475  0.089324  0.011035  0.997258  0.065269  0.034870  -0.066412  0.997257  0.032682  -0.032641  -0.034908  0.998857  0.008835  -0.011500  -0.012228  0.000000  0.000000  0.000000  2.000000  
23.281181 0.011486  0.089309  0.011020  0.997240  0.065470  0.035010  -0.066617  0.997244  0.032666  -0.032775  -0.034908  0.998853  0.008841  -0.011582  -0.012158  0.000000  0.000000  0.000000  2.000000  
23.282428 0.011497  0.089295  0.011006  0.997240  0.065470  0.035010  -0.066617  0.997244  0.032666  -0.032775  -0.034908  0.998853  0.008864  -0.011544  -0.012057  0.000000  0.000000  0.000000  2.000000  
23.283680 0.011507  0.089281  0.010991  0.997240  0.065470  0.035010  -0.066617  0.997244  0.032666  -0.032775  -0.034908  0.998853  0.008839  -0.011562  -0.011985  0.000000  0.000000  0.000000  2.000000  
23.284927 0.011519  0.089266  0.010977  0.997226  0.065675  0.035017  -0.066822  0.997230  0.032658  -0.032775  -0.034908  0.998853  0.008864  -0.011561  -0.011925  0.000000  0.000000  0.000000  2.000000  
23.285936 0.011527  0.089255  0.010966  0.997226  0.065675  0.035017  -0.066822  0.997230  0.032658  -0.032775  -0.034908  0.998853  0.008829  -0.011559  -0.011789  0.000000  0.000000  0.000000  2.000000  
23.286937 0.011536  0.089244  0.010955  0.997213  0.065881  0.035023  -0.067028  0.997217  0.032651  -0.032775  -0.034908  0.998853  0.008812  -0.011503  -0.011752  0.000000  0.000000  0.000000  2.000000  
23.288184 0.011546  0.089230  0.010941  0.997208  0.065876  0.035157  -0.067027  0.997217  0.032642  -0.032909  -0.034908  0.998849  0.008770  -0.011474  -0.011629  0.000000  0.000000  0.000000  2.000000  
23.289431 0.011557  0.089216  0.010928  0.997194  0.066081  0.035163  -0.067233  0.997203  0.032635  -0.032909  -0.034908  0.998849  0.008752  -0.011427  -0.011515  0.000000  0.000000  0.000000  2.000000  
23.290431 0.011565  0.089205  0.010917  0.997194  0.066081  0.035163  -0.067233  0.997203  0.032635  -0.032909  -0.034908  0.998849  0.008720  -0.011385  -0.011427  0.000000  0.000000  0.000000  2.000000  
23.291681 0.011575  0.089191  0.010903  0.997181  0.066286  0.035170  -0.067438  0.997190  0.032628  -0.032909  -0.034908  0.998849  0.008635  -0.011335  -0.011358  0.000000  0.000000  0.000000  2.000000  
23.292933 0.011585  0.089177  0.010889  0.997167  0.066492  0.035177  -0.067643  0.997176  0.032620  -0.032909  -0.034908  0.998849  0.008576  -0.011327  -0.011300  0.000000  0.000000  0.000000  2.000000  
23.293937 0.011593  0.089166  0.010878  0.997162  0.066487  0.035310  -0.067643  0.997176  0.032611  -0.033042  -0.034907  0.998844  0.008485  -0.011271  -0.011223  0.000000  0.000000  0.000000  2.000000  
23.295182 0.011603  0.089152  0.010864  0.997148  0.066692  0.035317  -0.067848  0.997163  0.032604  -0.033042  -0.034907  0.998844  0.008431  -0.011267  -0.011170  0.000000  0.000000  0.000000  2.000000  
23.296183 0.011610  0.089141  0.010853  0.997134  0.066898  0.035324  -0.068053  0.997149  0.032597  -0.033042  -0.034907  0.998844  0.008308  -0.011242  -0.011117  0.000000  0.000000  0.000000  2.000000  
23.297431 0.011620  0.089127  0.010840  0.997120  0.067103  0.035330  -0.068259  0.997135  0.032590  -0.033042  -0.034907  0.998844  0.008211  -0.011198  -0.011078  0.000000  0.000000  0.000000  2.000000  
23.298677 0.011629  0.089113  0.010826  0.997102  0.067304  0.035470  -0.068464  0.997122  0.032573  -0.033176  -0.034907  0.998840  0.008129  -0.011224  -0.011050  0.000000  0.000000  0.000000  2.000000  
23.299684 0.011637  0.089102  0.010815  0.997102  0.067304  0.035470  -0.068464  0.997122  0.032573  -0.033176  -0.034907  0.998840  0.007992  -0.011167  -0.011006  0.000000  0.000000  0.000000  2.000000  
23.300685 0.011644  0.089091  0.010804  0.997088  0.067509  0.035477  -0.068669  0.997108  0.032566  -0.033176  -0.034907  0.998840  0.007906  -0.011157  -0.010957  0.000000  0.000000  0.000000  2.000000  
23.301685 0.011651  0.089080  0.010794  0.997069  0.067709  0.035617  -0.068874  0.997094  0.032549  -0.033310  -0.034907  0.998835  0.007835  -0.011149  -0.010935  0.000000  0.000000  0.000000  2.000000  
23.302929 0.011660  0.089066  0.010780  0.997055  0.067915  0.035624  -0.069079  0.997080  0.032542  -0.033310  -0.034907  0.998835  0.007725  -0.011110  -0.010903  0.000000  0.000000  0.000000  2.000000  
23.303932 0.011667  0.089055  0.010770  0.997041  0.068120  0.035630  -0.069284  0.997066  0.032535  -0.033310  -0.034907  0.998835  0.007652  -0.011098  -0.010877  0.000000  0.000000  0.000000  2.000000  
23.305180 0.011676  0.089041  0.010757  0.997026  0.068325  0.035637  -0.069490  0.997052  0.032527  -0.033310  -0.034907  0.998835  0.007547  -0.011076  -0.010793  0.000000  0.000000  0.000000  2.000000  
23.306430 0.011685  0.089028  0.010745  0.997022  0.068321  0.035771  -0.069489  0.997053  0.032518  -0.033443  -0.034907  0.998831  0.007435  -0.011026  -0.010722  0.000000  0.000000  0.000000  2.000000  
23.307433 0.011691  0.089017  0.010735  0.997008  0.068526  0.035777  -0.069695  0.997038  0.032511  -0.033443  -0.034907  0.998831  0.007322  -0.011034  -0.010680  0.000000  0.000000  0.000000  2.000000  
23.308683 0.011699  0.089004  0.010722  0.996993  0.068731  0.035784  -0.069900  0.997024  0.032503  -0.033443  -0.034907  0.998831  0.007218  -0.011015  -0.010597  0.000000  0.000000  0.000000  2.000000  
23.309928 0.011708  0.088990  0.010710  0.996974  0.068927  0.035932  -0.070105  0.997007  0.032608  -0.033577  -0.035028  0.998822  0.007087  -0.010957  -0.010493  0.000000  0.000000  0.000000  2.000000  
23.310934 0.011714  0.088980  0.010700  0.996960  0.069133  0.035939  -0.070310  0.996992  0.032600  -0.033577  -0.035028  0.998822  0.007033  -0.010935  -0.010395  0.000000  0.000000  0.000000  2.000000  
23.311941 0.011720  0.088969  0.010690  0.996945  0.069338  0.035946  -0.070515  0.996978  0.032593  -0.033577  -0.035028  0.998822  0.006923  -0.010905  -0.010302  0.000000  0.000000  0.000000  2.000000  
23.312952 0.011727  0.088958  0.010681  0.996941  0.069333  0.036079  -0.070515  0.996978  0.032583  -0.033711  -0.035028  0.998818  0.006850  -0.010873  -0.010170  0.000000  0.000000  0.000000  2.000000  
23.314181 0.011735  0.088945  0.010669  0.996926  0.069538  0.036086  -0.070720  0.996964  0.032576  -0.033711  -0.035028  0.998818  0.006774  -0.010801  -0.010083  0.000000  0.000000  0.000000  2.000000  
23.315427 0.011743  0.088932  0.010658  0.996907  0.069739  0.036226  -0.070925  0.996950  0.032559  -0.033845  -0.035028  0.998813  0.006696  -0.010784  -0.009952  0.000000  0.000000  0.000000  2.000000  
23.316680 0.011750  0.088919  0.010646  0.996893  0.069944  0.036232  -0.071130  0.996936  0.032552  -0.033845  -0.035028  0.998813  0.006598  -0.010697  -0.009826  0.000000  0.000000  0.000000  2.000000  
23.317933 0.011758  0.088906  0.010635  0.996878  0.070150  0.036239  -0.071336  0.996921  0.032544  -0.033845  -0.035028  0.998813  0.006522  -0.010657  -0.009672  0.000000  0.000000  0.000000  2.000000  
23.319177 0.011766  0.088893  0.010624  0.996859  0.070350  0.036379  -0.071541  0.996907  0.032527  -0.033978  -0.035027  0.998809  0.006486  -0.010586  -0.009566  0.000000  0.000000  0.000000  2.000000  
23.320185 0.011772  0.088883  0.010615  0.996844  0.070555  0.036386  -0.071746  0.996893  0.032520  -0.033978  -0.035027  0.998809  0.006418  -0.010522  -0.009453  0.000000  0.000000  0.000000  2.000000  
23.321431 0.011781  0.088870  0.010604  0.996825  0.070756  0.036526  -0.071951  0.996878  0.032502  -0.034112  -0.035027  0.998804  0.006407  -0.010504  -0.009323  0.000000  0.000000  0.000000  2.000000  
23.322432 0.011787  0.088860  0.010596  0.996825  0.070756  0.036526  -0.071951  0.996878  0.032502  -0.034112  -0.035027  0.998804  0.006366  -0.010501  -0.009264  0.000000  0.000000  0.000000  2.000000  
23.323434 0.011793  0.088850  0.010587  0.996810  0.070961  0.036532  -0.072156  0.996864  0.032495  -0.034112  -0.035027  0.998804  0.006386  -0.010413  -0.009119  0.000000  0.000000  0.000000  2.000000  
23.324679 0.011801  0.088837  0.010578  0.996790  0.071162  0.036672  -0.072361  0.996850  0.032478  -0.034246  -0.035027  0.998799  0.006339  -0.010378  -0.008920  0.000000  0.000000  0.000000  2.000000  
23.325929 0.011809  0.088825  0.010569  0.996776  0.071367  0.036679  -0.072566  0.996835  0.032470  -0.034246  -0.035027  0.998799  0.006352  -0.010340  -0.008777  0.000000  0.000000  0.000000  2.000000  
23.326933 0.011816  0.088814  0.010561  0.996761  0.071572  0.036686  -0.072771  0.996820  0.032463  -0.034246  -0.035027  0.998799  0.006356  -0.010284  -0.008592  0.000000  0.000000  0.000000  2.000000  
23.327934 0.011822  0.088804  0.010554  0.996756  0.071567  0.036819  -0.072771  0.996821  0.032453  -0.034379  -0.035027  0.998795  0.006348  -0.010270  -0.008466  0.000000  0.000000  0.000000  2.000000  
23.329179 0.011830  0.088793  0.010546  0.996741  0.071773  0.036826  -0.072976  0.996806  0.032445  -0.034379  -0.035027  0.998795  0.006374  -0.010171  -0.008246  0.000000  0.000000  0.000000  2.000000  
23.330180 0.011837  0.088783  0.010539  0.996726  0.071978  0.036832  -0.073181  0.996791  0.032438  -0.034379  -0.035027  0.998795  0.006399  -0.010104  -0.008067  0.000000  0.000000  0.000000  2.000000  
23.331182 0.011843  0.088773  0.010532  0.996721  0.071973  0.036966  -0.073181  0.996791  0.032428  -0.034513  -0.035027  0.998790  0.006385  -0.010080  -0.007931  0.000000  0.000000  0.000000  2.000000  
23.332429 0.011851  0.088761  0.010523  0.996706  0.072178  0.036972  -0.073386  0.996777  0.032420  -0.034513  -0.035027  0.998790  0.006413  -0.010011  -0.007748  0.000000  0.000000  0.000000  2.000000  
23.333677 0.011860  0.088749  0.010515  0.996691  0.072384  0.036979  -0.073591  0.996762  0.032413  -0.034513  -0.035027  0.998790  0.006446  -0.009924  -0.007538  0.000000  0.000000  0.000000  2.000000  
23.334678 0.011867  0.088741  0.010509  0.996671  0.072584  0.037119  -0.073796  0.996747  0.032395  -0.034647  -0.035027  0.998786  0.006496  -0.009844  -0.007360  0.000000  0.000000  0.000000  2.000000  
23.335927 0.011875  0.088729  0.010500  0.996656  0.072785  0.037135  -0.074001  0.996728  0.032508  -0.034647  -0.035148  0.998781  0.006510  -0.009769  -0.007221  0.000000  0.000000  0.000000  2.000000  
23.336934 0.011882  0.088720  0.010494  0.996656  0.072785  0.037135  -0.074001  0.996728  0.032508  -0.034647  -0.035148  0.998781  0.006563  -0.009692  -0.007045  0.000000  0.000000  0.000000  2.000000  
23.337943 0.011888  0.088710  0.010488  0.996641  0.072990  0.037141  -0.074206  0.996713  0.032501  -0.034647  -0.035148  0.998781  0.006519  -0.009664  -0.006883  0.000000  0.000000  0.000000  2.000000  
23.339185 0.011897  0.088699  0.010481  0.996621  0.073191  0.037281  -0.074411  0.996698  0.032483  -0.034781  -0.035148  0.998777  0.006565  -0.009558  -0.006718  0.000000  0.000000  0.000000  2.000000  
23.340429 0.011905  0.088687  0.010474  0.996606  0.073396  0.037288  -0.074616  0.996683  0.032476  -0.034781  -0.035148  0.998777  0.006604  -0.009518  -0.006569  0.000000  0.000000  0.000000  2.000000  
23.341430 0.011912  0.088678  0.010468  0.996590  0.073601  0.037295  -0.074822  0.996668  0.032468  -0.034781  -0.035148  0.998777  0.006643  -0.009461  -0.006463  0.000000  0.000000  0.000000  2.000000  
23.342431 0.011919  0.088669  0.010463  0.996590  0.073601  0.037295  -0.074822  0.996668  0.032468  -0.034781  -0.035148  0.998777  0.006652  -0.009392  -0.006324  0.000000  0.000000  0.000000  2.000000  
23.343680 0.011927  0.088657  0.010456  0.996575  0.073806  0.037301  -0.075027  0.996653  0.032460  -0.034781  -0.035148  0.998777  0.006715  -0.009373  -0.006220  0.000000  0.000000  0.000000  2.000000  
23.344681 0.011934  0.088648  0.010450  0.996559  0.074011  0.037308  -0.075232  0.996638  0.032453  -0.034781  -0.035148  0.998777  0.006705  -0.009304  -0.006143  0.000000  0.000000  0.000000  2.000000  
23.345929 0.011942  0.088637  0.010444  0.996544  0.074216  0.037315  -0.075437  0.996623  0.032445  -0.034781  -0.035148  0.998777  0.006740  -0.009226  -0.005930  0.000000  0.000000  0.000000  2.000000  
23.347183 0.011951  0.088626  0.010437  0.996524  0.074417  0.037455  -0.075642  0.996608  0.032427  -0.034914  -0.035147  0.998772  0.006734  -0.009180  -0.005840  0.000000  0.000000  0.000000  2.000000  
23.348184 0.011958  0.088617  0.010433  0.996508  0.074622  0.037461  -0.075847  0.996592  0.032419  -0.034914  -0.035147  0.998772  0.006745  -0.009099  -0.005695  0.000000  0.000000  0.000000  2.000000  
23.349428 0.011966  0.088606  0.010426  0.996492  0.074827  0.037468  -0.076052  0.996577  0.032412  -0.034914  -0.035147  0.998772  0.006706  -0.009107  -0.005596  0.000000  0.000000  0.000000  2.000000  
23.350681 0.011974  0.088596  0.010420  0.996477  0.075032  0.037475  -0.076257  0.996561  0.032404  -0.034914  -0.035147  0.998772  0.006715  -0.009030  -0.005442  0.000000  0.000000  0.000000  2.000000  
23.351943 0.011982  0.088585  0.010413  0.996461  0.075238  0.037481  -0.076463  0.996546  0.032396  -0.034914  -0.035147  0.998772  0.006671  -0.008986  -0.005391  0.000000  0.000000  0.000000  2.000000  
23.353183 0.011990  0.088574  0.010408  0.996445  0.075438  0.037497  -0.076668  0.996527  0.032509  -0.034914  -0.035269  0.998768  0.006681  -0.008885  -0.005265  0.000000  0.000000  0.000000  2.000000  
23.354431 0.011998  0.088564  0.010401  0.996429  0.075643  0.037504  -0.076873  0.996511  0.032502  -0.034914  -0.035269  0.998768  0.006638  -0.008843  -0.005215  0.000000  0.000000  0.000000  2.000000  
23.355431 0.012005  0.088555  0.010397  0.996414  0.075848  0.037510  -0.077078  0.996495  0.032494  -0.034914  -0.035269  0.998768  0.006637  -0.008801  -0.005128  0.000000  0.000000  0.000000  2.000000  
23.356434 0.012011  0.088546  0.010392  0.996398  0.076054  0.037517  -0.077283  0.996480  0.032486  -0.034914  -0.035269  0.998768  0.006595  -0.008760  -0.005078  0.000000  0.000000  0.000000  2.000000  
23.357681 0.012018  0.088536  0.010386  0.996382  0.076259  0.037524  -0.077488  0.996464  0.032478  -0.034914  -0.035269  0.998768  0.006530  -0.008684  -0.005012  0.000000  0.000000  0.000000  2.000000  
23.358682 0.012025  0.088527  0.010381  0.996366  0.076464  0.037530  -0.077693  0.996448  0.032471  -0.034914  -0.035269  0.998768  0.006507  -0.008653  -0.004996  0.000000  0.000000  0.000000  2.000000  
23.359930 0.012033  0.088517  0.010375  0.996350  0.076669  0.037537  -0.077898  0.996433  0.032463  -0.034914  -0.035269  0.998768  0.006485  -0.008578  -0.004911  0.000000  0.000000  0.000000  2.000000  
23.360933 0.012039  0.088509  0.010371  0.996334  0.076874  0.037544  -0.078104  0.996417  0.032455  -0.034914  -0.035269  0.998768  0.006398  -0.008533  -0.004878  0.000000  0.000000  0.000000  2.000000  
23.361985 0.012045  0.088501  0.010366  0.996318  0.077079  0.037551  -0.078309  0.996401  0.032448  -0.034914  -0.035269  0.998768  0.006375  -0.008462  -0.004774  0.000000  0.000000  0.000000  2.000000  
23.363181 0.012052  0.088490  0.010361  0.996301  0.077284  0.037557  -0.078514  0.996385  0.032440  -0.034914  -0.035269  0.998768  0.006317  -0.008482  -0.004758  0.000000  0.000000  0.000000  2.000000  
23.364182 0.012058  0.088482  0.010357  0.996285  0.077490  0.037564  -0.078719  0.996369  0.032432  -0.034914  -0.035269  0.998768  0.006283  -0.008440  -0.004716  0.002120  -0.014945  0.171041  2.000000  
23.365182 0.012064  0.088474  0.010352  0.996269  0.077695  0.037571  -0.078924  0.996353  0.032424  -0.034914  -0.035269  0.998768  0.006233  -0.008370  -0.004681  -0.001940  -0.015079  0.172456  2.000000  
23.366427 0.012071  0.088464  0.010347  0.996248  0.077895  0.037710  -0.079129  0.996338  0.032406  -0.035048  -0.035268  0.998763  0.006188  -0.008334  -0.004626  -0.001935  -0.019414  0.170899  2.000000  
23.367428 0.012077  0.088456  0.010343  0.996232  0.078100  0.037717  -0.079334  0.996321  0.032398  -0.035048  -0.035268  0.998763  0.006124  -0.008352  -0.004587  -0.001935  -0.019414  0.170895  2.000000  
23.368429 0.012083  0.088448  0.010339  0.996215  0.078305  0.037724  -0.079539  0.996305  0.032390  -0.035048  -0.035268  0.998763  0.006092  -0.008249  -0.004498  -0.002175  -0.019657  0.177761  2.000000  
23.369700 0.012090  0.088439  0.010334  0.996199  0.078510  0.037730  -0.079744  0.996289  0.032383  -0.035048  -0.035268  0.998763  0.006022  -0.008157  -0.004429  -0.001961  -0.015068  0.172332  2.000000  
23.370933 0.012097  0.088430  0.010329  0.996183  0.078716  0.037737  -0.079949  0.996273  0.032375  -0.035048  -0.035268  0.998763  0.005954  -0.008068  -0.004379  -0.002205  -0.015323  0.179376  2.000000  
23.371948 0.012103  0.088422  0.010325  0.996166  0.078921  0.037744  -0.080154  0.996257  0.032367  -0.035048  -0.035268  0.998763  0.005893  -0.008007  -0.004296  -0.002204  -0.015316  0.179292  2.000000  
23.373182 0.012110  0.088413  0.010320  0.996145  0.079121  0.037884  -0.080359  0.996241  0.032349  -0.035182  -0.035268  0.998758  0.005880  -0.007924  -0.004241  -0.002198  -0.019654  0.177739  2.000000  
