1-Time 2-Px 3-Py 4-Pz 5-R11 6-R21 7-R31 8-R12 9-R22 10-R32 11-R13 12-R23 13-R33 14-Vx 15-Vy 16-Vz 17-Wx 18-Wy 19-Wz 20-state 21-PR11 22-PR21 23-PR31 24-PR12 25-PR22 26-PR32 27-PR13 28-PR23 29-PR33 
169.306207 0.008503  0.093725  -0.005800  0.991198  0.107863  0.076765  -0.087770  0.101278  0.990979  0.099116  -0.988994  0.109854  -0.000826  -0.000685  -0.000256  0.061096  0.278810  0.199422  2.000000  
169.307208 0.008502  0.093724  -0.005800  0.991202  0.107974  0.076547  -0.087564  0.101289  0.990996  0.099249  -0.988980  0.109852  -0.000817  -0.000710  -0.000246  0.056984  0.278786  0.199433  2.000000  
169.308457 0.008503  0.093722  -0.005801  0.991189  0.108097  0.076545  -0.087563  0.101157  0.991010  0.099382  -0.988980  0.109731  -0.000755  -0.000818  -0.000274  0.061671  0.271413  0.195742  2.000000  
169.309706 0.008504  0.093720  -0.005801  0.991184  0.107986  0.076764  -0.087768  0.101146  0.990992  0.099249  -0.988994  0.109732  -0.000611  -0.000878  -0.000244  0.059563  0.248886  0.180205  2.000000  
169.310708 0.008504  0.093719  -0.005801  0.991179  0.107875  0.076982  -0.087974  0.101136  0.990975  0.099116  -0.989007  0.109734  -0.000510  -0.000938  -0.000198  0.056813  0.234167  0.172805  2.000000  
169.311953 0.008506  0.093717  -0.005800  0.991179  0.107875  0.076982  -0.087974  0.101136  0.990975  0.099116  -0.989007  0.109734  -0.000362  -0.001021  -0.000160  0.054039  0.219010  0.160982  2.000000  
169.312954 0.008508  0.093716  -0.005799  0.991166  0.108016  0.076955  -0.087972  0.101244  0.990964  0.099249  -0.988980  0.109852  -0.000173  -0.001056  -0.000094  0.050602  0.212165  0.161730  2.000000  
169.314203 0.008510  0.093715  -0.005798  0.991135  0.108169  0.077144  -0.088175  0.101210  0.990950  0.099382  -0.988967  0.109851  0.000053  -0.001045  -0.000004  0.048502  0.191151  0.159601  2.000000  
169.315457 0.008513  0.093714  -0.005798  0.991103  0.108331  0.077320  -0.088378  0.101296  0.990923  0.099515  -0.988941  0.109969  0.000301  -0.001063  0.000061  0.000000  0.000000  0.000000  2.000000  
169.316700 0.008514  0.093712  -0.005798  0.991085  0.108351  0.077524  -0.088582  0.101274  0.990907  0.099515  -0.988941  0.109969  0.000471  -0.001095  0.000071  0.000000  0.000000  0.000000  2.000000  
169.317709 0.008515  0.093711  -0.005799  0.991080  0.108241  0.077743  -0.088787  0.101264  0.990890  0.099382  -0.988954  0.109971  0.000622  -0.001148  0.000006  0.000000  0.000000  0.000000  2.000000  
169.318710 0.008517  0.093710  -0.005799  0.991057  0.108160  0.078152  -0.089197  0.101351  0.990844  0.099249  -0.988954  0.110092  0.000763  -0.001148  0.000041  0.000000  0.000000  0.000000  2.000000  
169.319964 0.008518  0.093708  -0.005799  0.991046  0.107948  0.078577  -0.089607  0.101451  0.990797  0.098982  -0.988967  0.110215  0.000966  -0.001220  0.000018  0.000000  0.000000  0.000000  2.000000  
169.321204 0.008520  0.093706  -0.005799  0.991023  0.107867  0.078986  -0.090016  0.101538  0.990751  0.098849  -0.988966  0.110337  0.001130  -0.001296  0.000085  0.000000  0.000000  0.000000  2.000000  
169.322455 0.008522  0.093704  -0.005798  0.991017  0.107775  0.079179  -0.090222  0.101768  0.990708  0.098716  -0.988953  0.110578  0.001335  -0.001311  0.000144  0.000000  0.000000  0.000000  2.000000  
169.323455 0.008524  0.093703  -0.005798  0.990993  0.107705  0.079575  -0.090631  0.101976  0.990650  0.098583  -0.988939  0.110819  0.001383  -0.001257  0.000194  0.000000  0.000000  0.000000  2.000000  
169.324456 0.008525  0.093701  -0.005798  0.990988  0.107604  0.079781  -0.090836  0.102086  0.990620  0.098450  -0.988939  0.110941  0.001406  -0.001278  0.000198  0.000000  0.000000  0.000000  2.000000  
169.325703 0.008526  0.093699  -0.005798  0.990958  0.107423  0.080396  -0.091451  0.102285  0.990543  0.098184  -0.988938  0.111184  0.001457  -0.001286  0.000167  0.000000  0.000000  0.000000  2.000000  
169.326730 0.008527  0.093698  -0.005800  0.990933  0.107353  0.080793  -0.091860  0.102493  0.990483  0.098050  -0.988924  0.111425  0.001448  -0.001267  0.000046  0.000000  0.000000  0.000000  2.000000  
169.327956 0.008529  0.093696  -0.005802  0.990921  0.107161  0.081191  -0.092270  0.102834  0.990410  0.097784  -0.988909  0.111788  0.001393  -0.001320  -0.000181  0.000000  0.000000  0.000000  2.000000  
169.329201 0.008530  0.093695  -0.005805  0.990896  0.107091  0.081588  -0.092679  0.103042  0.990350  0.097651  -0.988895  0.112029  0.001327  -0.001352  -0.000436  0.000000  0.000000  0.000000  2.000000  
169.330203 0.008531  0.093694  -0.005807  0.990890  0.107001  0.081781  -0.092885  0.103273  0.990307  0.097518  -0.988881  0.112271  0.001238  -0.001344  -0.000632  0.000000  0.000000  0.000000  2.000000  
169.331454 0.008533  0.093693  -0.005811  0.990865  0.106931  0.082178  -0.093294  0.103481  0.990246  0.097385  -0.988867  0.112512  0.001237  -0.001292  -0.000872  0.000000  0.000000  0.000000  2.000000  
169.332707 0.008533  0.093692  -0.005815  0.990839  0.106862  0.082574  -0.093703  0.103690  0.990186  0.097251  -0.988852  0.112753  0.001191  -0.001293  -0.001060  -0.068079  -0.182099  -0.015706  2.000000  
169.333715 0.008533  0.093691  -0.005819  0.990833  0.106772  0.082767  -0.093908  0.103921  0.990142  0.097118  -0.988838  0.112995  0.001112  -0.001286  -0.001300  -0.078848  -0.197048  -0.027531  2.000000  
169.334958 0.008533  0.093689  -0.005823  0.990839  0.106540  0.082988  -0.094115  0.104044  0.990110  0.096852  -0.988850  0.113117  0.000982  -0.001271  -0.001556  -0.085671  -0.212809  -0.043867  2.000000  
169.336203 0.008533  0.093687  -0.005827  0.990813  0.106482  0.083372  -0.094524  0.104373  0.990036  0.096719  -0.988822  0.113479  0.000850  -0.001227  -0.001852  -0.099133  -0.232980  -0.054490  2.000000  
169.337206 0.008533  0.093686  -0.005830  0.990807  0.106381  0.083578  -0.094729  0.104483  0.990005  0.096586  -0.988821  0.113600  0.000696  -0.001252  -0.002160  -0.101827  -0.247545  -0.061803  2.000000  
169.338455 0.008532  0.093684  -0.005836  0.990787  0.106433  0.083744  -0.094933  0.104822  0.989950  0.096586  -0.988779  0.113960  0.000589  -0.001300  -0.002515  -0.117313  -0.254840  -0.065438  2.000000  
169.339708 0.008533  0.093683  -0.005842  0.990767  0.106475  0.083922  -0.095137  0.105040  0.989907  0.096586  -0.988752  0.114200  0.000540  -0.001239  -0.002989  -0.127120  -0.249588  -0.062249  2.000000  
169.340967 0.008535  0.093682  -0.005847  0.990761  0.106396  0.084102  -0.095342  0.105391  0.989850  0.096452  -0.988723  0.114561  0.000526  -0.001115  -0.003294  -0.138645  -0.256332  -0.061400  2.000000  
169.342206 0.008537  0.093683  -0.005853  0.990741  0.106448  0.084267  -0.095546  0.105729  0.989794  0.096452  -0.988681  0.114921  0.000583  -0.000961  -0.003552  -0.150266  -0.263309  -0.060606  2.000000  
169.343281 0.008539  0.093683  -0.005859  0.990754  0.106347  0.084243  -0.095547  0.106102  0.989754  0.096319  -0.988652  0.115282  0.000685  -0.000822  -0.003745  -0.158009  -0.263656  -0.069299  2.000000  
169.344457 0.008542  0.093684  -0.005865  0.990747  0.106268  0.084424  -0.095753  0.106453  0.989697  0.096186  -0.988623  0.115643  0.000808  -0.000696  -0.004010  -0.170714  -0.265473  -0.078396  2.000000  
169.345707 0.008546  0.093685  -0.005870  0.990740  0.106189  0.084604  -0.095958  0.106804  0.989639  0.096053  -0.988593  0.116005  0.000956  -0.000598  -0.004103  -0.178799  -0.266408  -0.087236  2.000000  
169.346953 0.008550  0.093687  -0.005875  0.990708  0.106363  0.084767  -0.096161  0.107009  0.989597  0.096186  -0.988552  0.116243  0.001139  -0.000401  -0.004200  -0.187619  -0.259073  -0.083522  2.000000  
169.348200 0.008553  0.093687  -0.005880  0.990708  0.106394  0.084728  -0.096161  0.107370  0.989558  0.096186  -0.988510  0.116603  0.001268  -0.000305  -0.004255  -0.194917  -0.249757  -0.079146  2.000000  
169.349200 0.008555  0.093688  -0.005884  0.990695  0.106557  0.084674  -0.096159  0.107717  0.989520  0.096319  -0.988455  0.116961  0.001451  -0.000150  -0.004264  -0.208364  -0.234621  -0.067348  2.000000  
169.350202 0.008558  0.093688  -0.005888  0.990695  0.106577  0.084648  -0.096159  0.107957  0.989494  0.096319  -0.988426  0.117201  0.001677  -0.000053  -0.004321  -0.213753  -0.220543  -0.064431  2.000000  
169.351205 0.008561  0.093688  -0.005893  0.990662  0.106752  0.084810  -0.096362  0.108162  0.989452  0.096452  -0.988385  0.117439  0.001882  0.000046  -0.004449  -0.215526  -0.221358  -0.055976  2.000000  
169.352207 0.008563  0.093687  -0.005898  0.990675  0.106641  0.084800  -0.096363  0.108415  0.989424  0.096319  -0.988369  0.117680  0.002080  0.000116  -0.004529  -0.220291  -0.214514  -0.056721  2.000000  
169.353456 0.008567  0.093687  -0.005905  0.990655  0.106694  0.084965  -0.096567  0.108753  0.989367  0.096319  -0.988326  0.118040  0.002346  0.000265  -0.004613  -0.225191  -0.206770  -0.048540  2.000000  
169.354717 0.008571  0.093688  -0.005912  0.990655  0.106725  0.084926  -0.096567  0.109113  0.989328  0.096319  -0.988283  0.118400  0.002551  0.000393  -0.004644  -0.230418  -0.192401  -0.045554  2.000000  
169.355956 0.008576  0.093690  -0.005917  0.990655  0.106756  0.084887  -0.096567  0.109473  0.989288  0.096319  -0.988240  0.118759  0.002744  0.000505  -0.004678  -0.236620  -0.170926  -0.038966  2.000000  
169.357205 0.008581  0.093692  -0.005922  0.990622  0.106941  0.085036  -0.096770  0.109798  0.989232  0.096452  -0.988184  0.119117  0.002946  0.000645  -0.004573  -0.239390  -0.161719  -0.030526  2.000000  
169.358454 0.008586  0.093695  -0.005925  0.990609  0.107103  0.084981  -0.096769  0.110145  0.989194  0.096586  -0.988128  0.119475  0.003118  0.000765  -0.004384  -0.240737  -0.147133  -0.023197  2.000000  
169.359455 0.008590  0.093698  -0.005928  0.990597  0.107256  0.084939  -0.096767  0.110372  0.989168  0.096719  -0.988086  0.119713  0.003207  0.000918  -0.004213  -0.243380  -0.140456  -0.015221  2.000000  
169.360707 0.008595  0.093700  -0.005931  0.990597  0.107286  0.084900  -0.096767  0.110732  0.989128  0.096719  -0.988042  0.120073  0.003280  0.000985  -0.004070  -0.246831  -0.125254  -0.012222  2.000000  
169.361952 0.008600  0.093702  -0.005934  0.990577  0.107340  0.085065  -0.096971  0.111070  0.989070  0.096719  -0.987999  0.120433  0.003333  0.001000  -0.003937  -0.251490  -0.117923  -0.008552  2.000000  
169.362958 0.008603  0.093703  -0.005936  0.990564  0.107492  0.085023  -0.096970  0.111297  0.989045  0.096852  -0.987957  0.120671  0.003396  0.001089  -0.003818  -0.254287  -0.110496  0.003997  2.000000  
169.364206 0.008606  0.093704  -0.005940  0.990544  0.107546  0.085187  -0.097174  0.111635  0.988987  0.096852  -0.987913  0.121030  0.003406  0.001079  -0.003670  -0.260262  -0.109051  0.008419  2.000000  
169.365451 0.008609  0.093705  -0.005941  0.990531  0.107709  0.085132  -0.097173  0.111982  0.988948  0.096985  -0.987856  0.121388  0.003364  0.001135  -0.003435  -0.265680  -0.094447  0.015703  2.000000  
169.366456 0.008611  0.093705  -0.005943  0.990531  0.107729  0.085106  -0.097173  0.112222  0.988920  0.096985  -0.987826  0.121628  0.003333  0.001155  -0.003224  -0.269222  -0.081014  0.018695  2.000000  
169.367709 0.008613  0.093706  -0.005944  0.990498  0.107915  0.085254  -0.097375  0.112547  0.988864  0.097118  -0.987769  0.121986  0.003252  0.001274  -0.002843  -0.269189  -0.079932  0.027653  2.000000  
169.368720 0.008616  0.093707  -0.005945  0.990498  0.107936  0.085228  -0.097375  0.112787  0.988836  0.097118  -0.987739  0.122225  0.003214  0.001336  -0.002505  -0.269743  -0.073055  0.026843  2.000000  
169.369957 0.008618  0.093708  -0.005945  0.990485  0.108088  0.085185  -0.097374  0.113014  0.988811  0.097251  -0.987697  0.122463  0.003092  0.001349  -0.002142  -0.269846  -0.072542  0.031337  2.000000  
169.370965 0.008621  0.093710  -0.005945  0.990465  0.108142  0.085350  -0.097578  0.113351  0.988752  0.097251  -0.987652  0.122823  0.002992  0.001354  -0.001847  -0.271696  -0.071410  0.035532  2.000000  
169.372205 0.008624  0.093712  -0.005946  0.990445  0.108186  0.085527  -0.097782  0.113569  0.988707  0.097251  -0.987622  0.123062  0.002813  0.001332  -0.001573  -0.267631  -0.071394  0.035550  2.000000  
169.373454 0.008627  0.093714  -0.005947  0.990432  0.108349  0.085471  -0.097781  0.113915  0.988667  0.097385  -0.987565  0.123420  0.002692  0.001272  -0.001419  -0.266577  -0.064087  0.044001  2.000000  
169.374455 0.008629  0.093715  -0.005947  0.990412  0.108404  0.085635  -0.097985  0.114253  0.988608  0.097385  -0.987520  0.123779  0.002554  0.001157  -0.001287  -0.267650  -0.069763  0.048888  2.000000  
169.375455 0.008631  0.093716  -0.005948  0.990412  0.108424  0.085609  -0.097985  0.114493  0.988580  0.097385  -0.987490  0.124019  0.002411  0.001118  -0.001125  -0.266495  -0.062954  0.052954  2.000000  
169.376536 0.008632  0.093716  -0.005949  0.990412  0.108445  0.085583  -0.097985  0.114733  0.988552  0.097385  -0.987459  0.124258  0.002270  0.000991  -0.001021  -0.266399  -0.055943  0.051988  2.000000  
169.377715 0.008634  0.093716  -0.005948  0.990378  0.108621  0.085743  -0.098187  0.114937  0.988508  0.097518  -0.987416  0.124496  0.002101  0.000891  -0.000786  -0.262277  -0.062893  0.052962  2.000000  
169.378954 0.008635  0.093716  -0.005948  0.990358  0.108666  0.085920  -0.098391  0.115154  0.988463  0.097518  -0.987386  0.124736  0.001958  0.000790  -0.000621  -0.257610  -0.070278  0.049371  2.000000  
169.379955 0.008635  0.093714  -0.005947  0.990358  0.108686  0.085894  -0.098391  0.115394  0.988435  0.097518  -0.987356  0.124975  0.001850  0.000703  -0.000468  -0.257611  -0.070267  0.049388  2.000000  
169.380957 0.008636  0.093714  -0.005946  0.990338  0.108721  0.086084  -0.098595  0.115492  0.988403  0.097518  -0.987341  0.125095  0.001744  0.000634  -0.000250  -0.255630  -0.070265  0.044588  2.000000  
169.381958 0.008636  0.093713  -0.005945  0.990325  0.108873  0.086041  -0.098594  0.115718  0.988377  0.097651  -0.987297  0.125333  0.001576  0.000525  -0.000045  -0.251453  -0.069126  0.053440  2.000000  
169.383207 0.008636  0.093713  -0.005943  0.990325  0.108894  0.086015  -0.098594  0.115958  0.988349  0.097651  -0.987267  0.125573  0.001455  0.000426  0.000073  -0.250149  -0.062851  0.053065  2.000000  
169.384456 0.008637  0.093712  -0.005942  0.990305  0.108939  0.086192  -0.098798  0.116176  0.988303  0.097651  -0.987236  0.125812  0.001303  0.000315  0.000240  -0.245499  -0.069699  0.053950  2.000000  
169.385708 0.008637  0.093712  -0.005942  0.990305  0.108960  0.086165  -0.098798  0.116415  0.988275  0.097651  -0.987206  0.126052  0.001096  0.000138  0.000268  -0.241313  -0.069651  0.053947  2.000000  
169.386718 0.008637  0.093712  -0.005941  0.990284  0.108994  0.086356  -0.099001  0.116513  0.988243  0.097651  -0.987191  0.126171  0.000949  -0.000015  0.000309  -0.233067  -0.070166  0.049483  2.000000  
169.387979 0.008637  0.093712  -0.005941  0.990284  0.109015  0.086329  -0.099001  0.116752  0.988214  0.097651  -0.987160  0.126411  0.000741  -0.000142  0.000343  -0.228888  -0.070675  0.045024  2.000000  
169.389205 0.008637  0.093711  -0.005941  0.990284  0.109036  0.086303  -0.099001  0.116992  0.988186  0.097651  -0.987129  0.126650  0.000574  -0.000267  0.000410  -0.229081  -0.071281  0.040617  2.000000  
169.390455 0.008636  0.093710  -0.005941  0.990251  0.109202  0.086476  -0.099204  0.117076  0.988156  0.097784  -0.987101  0.126768  0.000360  -0.000388  0.000437  -0.220260  -0.077552  0.045953  2.000000  
169.391456 0.008636  0.093710  -0.005941  0.990251  0.109223  0.086450  -0.099204  0.117316  0.988127  0.097784  -0.987070  0.127008  0.000209  -0.000436  0.000505  -0.216818  -0.070691  0.045113  2.000000  
169.392707 0.008635  0.093709  -0.005941  0.990251  0.109233  0.086436  -0.099204  0.117436  0.988113  0.097784  -0.987055  0.127128  0.000051  -0.000514  0.000477  -0.211038  -0.070674  0.040339  2.000000  
169.393716 0.008633  0.093707  -0.005940  0.990251  0.109254  0.086410  -0.099204  0.117676  0.988085  0.097784  -0.987024  0.127367  -0.000099  -0.000547  0.000505  -0.211657  -0.063871  0.039495  2.000000  
169.394952 0.008632  0.093706  -0.005940  0.990251  0.109265  0.086397  -0.099204  0.117796  0.988070  0.097784  -0.987008  0.127487  -0.000232  -0.000566  0.000483  -0.203593  -0.063868  0.039515  2.000000  
169.395952 0.008631  0.093705  -0.005941  0.990251  0.109275  0.086383  -0.099204  0.117915  0.988056  0.097784  -0.986993  0.127606  -0.000328  -0.000605  0.000364  -0.199526  -0.064413  0.035098  2.000000  
169.396955 0.008630  0.093704  -0.005941  0.990230  0.109310  0.086573  -0.099408  0.118013  0.988024  0.097784  -0.986977  0.127726  -0.000394  -0.000616  0.000266  -0.194826  -0.071187  0.035968  2.000000  
169.397956 0.008629  0.093703  -0.005941  0.990230  0.109321  0.086560  -0.099408  0.118133  0.988010  0.097784  -0.986962  0.127846  -0.000507  -0.000641  0.000139  -0.191436  -0.064960  0.030697  2.000000  
169.399203 0.008628  0.093702  -0.005942  0.990217  0.109473  0.086517  -0.099406  0.118359  0.987983  0.097917  -0.986918  0.128084  -0.000564  -0.000642  0.000038  -0.187392  -0.064953  0.030718  2.000000  
169.400454 0.008627  0.093701  -0.005943  0.990217  0.109483  0.086503  -0.099406  0.118479  0.987968  0.097917  -0.986902  0.128203  -0.000651  -0.000705  -0.000070  -0.179962  -0.058165  0.029870  2.000000  
169.401461 0.008627  0.093701  -0.005943  0.990204  0.109625  0.086473  -0.099405  0.118586  0.987955  0.098050  -0.986874  0.128321  -0.000702  -0.000721  -0.000104  -0.177368  -0.058072  0.034588  2.000000  
169.402716 0.008627  0.093701  -0.005943  0.990204  0.109636  0.086460  -0.099405  0.118705  0.987941  0.098050  -0.986858  0.128441  -0.000703  -0.000722  -0.000104  -0.169846  -0.051789  0.029264  2.000000  
169.403718 0.008626  0.093701  -0.005944  0.990204  0.109646  0.086446  -0.099405  0.118825  0.987927  0.098050  -0.986843  0.128561  -0.000728  -0.000728  -0.000171  0.000000  0.000000  0.000000  2.000000  
169.404955 0.008626  0.093700  -0.005944  0.990191  0.109788  0.086416  -0.099404  0.118932  0.987914  0.098184  -0.986814  0.128679  -0.000715  -0.000732  -0.000206  0.000000  0.000000  0.000000  2.000000  
169.406205 0.008626  0.093699  -0.005944  0.990191  0.109809  0.086389  -0.099404  0.119172  0.987885  0.098184  -0.986783  0.128918  -0.000660  -0.000696  -0.000217  0.000000  0.000000  0.000000  2.000000  
169.407205 0.008626  0.093699  -0.005944  0.990191  0.109820  0.086376  -0.099404  0.119291  0.987871  0.098184  -0.986767  0.129038  -0.000617  -0.000671  -0.000230  0.000000  0.000000  0.000000  2.000000  
169.408452 0.008625  0.093699  -0.005945  0.990191  0.109830  0.086363  -0.099404  0.119411  0.987856  0.098184  -0.986751  0.129157  -0.000544  -0.000587  -0.000319  0.000000  0.000000  0.000000  2.000000  
169.409456 0.008625  0.093699  -0.005946  0.990178  0.109972  0.086332  -0.099403  0.119518  0.987843  0.098317  -0.986723  0.129275  -0.000508  -0.000503  -0.000348  0.000000  0.000000  0.000000  2.000000  
169.410714 0.008625  0.093699  -0.005946  0.990158  0.110007  0.086522  -0.099606  0.119615  0.987811  0.098317  -0.986707  0.129395  -0.000415  -0.000383  -0.000381  0.000000  0.000000  0.000000  2.000000  
169.411952 0.008625  0.093699  -0.005947  0.990145  0.110149  0.086492  -0.099605  0.119722  0.987798  0.098450  -0.986678  0.129513  -0.000331  -0.000304  -0.000413  0.000000  0.000000  0.000000  2.000000  
169.412953 0.008625  0.093700  -0.005947  0.990132  0.110291  0.086461  -0.099604  0.119828  0.987786  0.098583  -0.986649  0.129631  -0.000279  -0.000223  -0.000382  0.000000  0.000000  0.000000  2.000000  
169.413956 0.008625  0.093700  -0.005947  0.990118  0.110432  0.086430  -0.099602  0.119935  0.987773  0.098716  -0.986621  0.129749  -0.000230  -0.000144  -0.000356  0.000000  0.000000  0.000000  2.000000  
169.415202 0.008625  0.093701  -0.005947  0.990098  0.110468  0.086620  -0.099806  0.120032  0.987740  0.098716  -0.986605  0.129869  -0.000147  -0.000033  -0.000302  0.000000  0.000000  0.000000  2.000000  
169.416202 0.008625  0.093701  -0.005947  0.990085  0.110610  0.086590  -0.099805  0.120138  0.987728  0.098849  -0.986576  0.129987  -0.000114  -0.000005  -0.000276  0.000000  0.000000  0.000000  2.000000  
169.417203 0.008626  0.093702  -0.005947  0.990072  0.110751  0.086559  -0.099804  0.120245  0.987715  0.098982  -0.986547  0.130105  -0.000062  0.000076  -0.000244  0.000000  0.000000  0.000000  2.000000  
169.418208 0.008626  0.093702  -0.005947  0.990051  0.110787  0.086749  -0.100007  0.120342  0.987682  0.098982  -0.986531  0.130224  -0.000045  0.000110  -0.000191  0.000000  0.000000  0.000000  2.000000  
169.419456 0.008626  0.093703  -0.005946  0.990038  0.110939  0.086704  -0.100006  0.120568  0.987655  0.099116  -0.986487  0.130462  0.000017  0.000167  -0.000149  0.000000  0.000000  0.000000  2.000000  
169.420707 0.008626  0.093703  -0.005946  0.990004  0.111106  0.086877  -0.100209  0.120652  0.987624  0.099249  -0.986458  0.130580  0.000008  0.000189  -0.000157  0.000000  0.000000  0.000000  2.000000  
169.421707 0.008626  0.093702  -0.005946  0.989970  0.111272  0.087049  -0.100411  0.120736  0.987593  0.099382  -0.986429  0.130698  0.000047  0.000193  -0.000125  0.000000  0.000000  0.000000  2.000000  
169.422710 0.008626  0.093702  -0.005946  0.989970  0.111283  0.087036  -0.100411  0.120855  0.987579  0.099382  -0.986413  0.130817  0.000079  0.000224  -0.000106  0.000000  0.000000  0.000000  2.000000  
169.423719 0.008626  0.093702  -0.005946  0.989936  0.111450  0.087208  -0.100614  0.120939  0.987548  0.099515  -0.986384  0.130935  0.000096  0.000257  -0.000049  0.000000  0.000000  0.000000  2.000000  
169.424955 0.008627  0.093702  -0.005946  0.989889  0.111748  0.087363  -0.100815  0.121009  0.987519  0.099781  -0.986341  0.131051  0.000101  0.000211  0.000008  0.000000  0.000000  0.000000  2.000000  
169.425956 0.008626  0.093702  -0.005945  0.989855  0.111915  0.087535  -0.101017  0.121092  0.987488  0.099914  -0.986312  0.131169  0.000083  0.000193  0.000089  0.000000  0.000000  0.000000  2.000000  
169.427201 0.008626  0.093702  -0.005945  0.989821  0.112092  0.087694  -0.101219  0.121296  0.987442  0.100048  -0.986267  0.131407  0.000091  0.000166  0.000098  0.000000  0.000000  0.000000  2.000000  
169.428201 0.008626  0.093701  -0.005946  0.989807  0.112223  0.087677  -0.101218  0.121282  0.987444  0.100181  -0.986254  0.131405  0.000069  0.000113  0.000088  0.000000  0.000000  0.000000  2.000000  
169.429203 0.008626  0.093701  -0.005946  0.989773  0.112390  0.087849  -0.101421  0.121365  0.987413  0.100314  -0.986225  0.131523  0.000078  0.000088  0.000098  0.000000  0.000000  0.000000  2.000000  
169.430455 0.008625  0.093701  -0.005945  0.989718  0.112593  0.088211  -0.101827  0.121545  0.987349  0.100447  -0.986179  0.131760  -0.000009  -0.000042  0.000092  0.000000  0.000000  0.000000  2.000000  
169.431701 0.008625  0.093700  -0.005946  0.989670  0.112891  0.088365  -0.102028  0.121615  0.987320  0.100713  -0.986137  0.131876  -0.000030  -0.000094  0.000080  0.000000  0.000000  0.000000  2.000000  
169.432703 0.008624  0.093699  -0.005946  0.989636  0.113058  0.088537  -0.102230  0.121698  0.987289  0.100846  -0.986107  0.131994  -0.000112  -0.000203  0.000027  0.000000  0.000000  0.000000  2.000000  
169.433715 0.008624  0.093698  -0.005946  0.989567  0.113381  0.088895  -0.102635  0.121743  0.987241  0.101113  -0.986064  0.132110  -0.000177  -0.000281  0.000030  0.000000  0.000000  0.000000  2.000000  
169.434719 0.008623  0.093697  -0.005946  0.989532  0.113549  0.089067  -0.102837  0.121826  0.987210  0.101246  -0.986035  0.132228  -0.000233  -0.000367  -0.000002  0.000000  0.000000  0.000000  2.000000  
169.435966 0.008622  0.093696  -0.005946  0.989463  0.113872  0.089424  -0.103242  0.121872  0.987162  0.101512  -0.985992  0.132344  -0.000277  -0.000392  0.000012  0.000000  0.000000  0.000000  2.000000  
169.437204 0.008621  0.093695  -0.005946  0.989414  0.114181  0.089564  -0.103442  0.122060  0.987117  0.101778  -0.985933  0.132580  -0.000338  -0.000463  0.000015  0.000000  0.000000  0.000000  2.000000  
169.438205 0.008621  0.093695  -0.005946  0.989345  0.114505  0.089922  -0.103847  0.122106  0.987069  0.102044  -0.985890  0.132695  -0.000379  -0.000521  0.000040  0.000000  0.000000  0.000000  2.000000  
169.439205 0.008620  0.093694  -0.005946  0.989288  0.114697  0.090296  -0.104253  0.122164  0.987019  0.102177  -0.985860  0.132813  -0.000412  -0.000516  0.000008  0.000000  0.000000  0.000000  2.000000  
169.440455 0.008620  0.093693  -0.005946  0.989204  0.115152  0.090636  -0.104656  0.122195  0.986973  0.102577  -0.985803  0.132927  -0.000434  -0.000568  -0.000003  0.000000  0.000000  0.000000  2.000000  
169.441707 0.008619  0.093692  -0.005947  0.989134  0.115476  0.090993  -0.105060  0.122240  0.986924  0.102843  -0.985760  0.133043  -0.000482  -0.000629  -0.000080  -0.103494  -0.164657  0.171617  2.000000  
169.442953 0.008618  0.093691  -0.005947  0.989049  0.115942  0.091318  -0.105463  0.122390  0.986863  0.103242  -0.985687  0.133277  -0.000516  -0.000677  -0.000056  -0.105259  -0.175635  0.180893  2.000000  
169.443958 0.008618  0.093691  -0.005947  0.988978  0.116265  0.091675  -0.105867  0.122433  0.986814  0.103508  -0.985643  0.133393  -0.000546  -0.000742  -0.000067  -0.104785  -0.190286  0.188859  2.000000  
169.445201 0.008617  0.093690  -0.005948  0.988885  0.116614  0.092235  -0.106475  0.122453  0.986746  0.103774  -0.985599  0.133509  -0.000551  -0.000741  -0.000167  -0.102417  -0.200890  0.197820  2.000000  
169.446201 0.008616  0.093688  -0.005948  0.988800  0.117069  0.092573  -0.106878  0.122482  0.986699  0.104174  -0.985542  0.133622  -0.000573  -0.000795  -0.000178  -0.100964  -0.213212  0.208494  2.000000  
169.447233 0.008616  0.093688  -0.005949  0.988728  0.117393  0.092930  -0.107282  0.122525  0.986650  0.104440  -0.985498  0.133738  -0.000581  -0.000805  -0.000181  -0.096238  -0.227917  0.216479  2.000000  
169.448455 0.008615  0.093686  -0.005949  0.988642  0.117860  0.093254  -0.107685  0.122673  0.986588  0.104839  -0.985424  0.133972  -0.000600  -0.000840  -0.000238  -0.098773  -0.231064  0.228981  2.000000  
169.449706 0.008614  0.093685  -0.005950  0.988533  0.118340  0.093796  -0.108291  0.122677  0.986521  0.105238  -0.985366  0.134086  -0.000590  -0.000826  -0.000234  -0.096606  -0.250160  0.240590  2.000000  
169.450715 0.008614  0.093684  -0.005950  0.988424  0.118820  0.094337  -0.108896  0.122680  0.986454  0.105637  -0.985308  0.134199  -0.000586  -0.000844  -0.000273  -0.095895  -0.264594  0.253313  2.000000  
169.451957 0.008613  0.093683  -0.005950  0.988314  0.119312  0.094864  -0.109502  0.122803  0.986372  0.106036  -0.985233  0.134433  -0.000546  -0.000801  -0.000248  -0.097672  -0.274737  0.261966  2.000000  
169.452968 0.008613  0.093682  -0.005950  0.988227  0.119767  0.095202  -0.109904  0.122829  0.986323  0.106436  -0.985174  0.134546  -0.000542  -0.000818  -0.000287  -0.093565  -0.282445  0.273889  2.000000  
169.454206 0.008612  0.093682  -0.005950  0.988102  0.120379  0.095725  -0.110508  0.122817  0.986258  0.106968  -0.985102  0.134658  -0.000542  -0.000819  -0.000287  -0.090604  -0.298708  0.287783  2.000000  
169.455455 0.008612  0.093681  -0.005950  0.987954  0.121027  0.096436  -0.111316  0.122898  0.986157  0.107500  -0.985012  0.134889  -0.000533  -0.000805  -0.000282  -0.092399  -0.317138  0.303826  2.000000  
169.456455 0.008611  0.093681  -0.005950  0.987865  0.121482  0.096773  -0.111718  0.122923  0.986108  0.107899  -0.984953  0.135003  -0.000516  -0.000773  -0.000227  -0.091877  -0.323670  0.314596  2.000000  
169.457455 0.008611  0.093680  -0.005950  0.987738  0.122094  0.097296  -0.112321  0.122908  0.986041  0.108431  -0.984879  0.135114  -0.000511  -0.000790  -0.000266  -0.090812  -0.337216  0.331564  2.000000  
169.458717 0.008610  0.093680  -0.005950  0.987573  0.122873  0.097988  -0.113126  0.122972  0.985941  0.109096  -0.984774  0.135344  -0.000502  -0.000732  -0.000219  -0.092483  -0.355580  0.347560  2.000000  
169.459958 0.008609  0.093679  -0.005950  0.987421  0.123510  0.098713  -0.113933  0.122929  0.985854  0.109628  -0.984700  0.135455  -0.000520  -0.000750  -0.000138  -0.090912  -0.367406  0.362873  2.000000  
169.461205 0.008608  0.093677  -0.005950  0.987254  0.124289  0.099405  -0.114737  0.122991  0.985753  0.110293  -0.984594  0.135684  -0.000533  -0.000746  -0.000103  -0.091963  -0.382567  0.380758  2.000000  
169.462450 0.008607  0.093676  -0.005950  0.987086  0.125057  0.100111  -0.115542  0.122931  0.985666  0.110958  -0.984504  0.135793  -0.000538  -0.000730  -0.000066  -0.089502  -0.400658  0.396490  2.000000  
169.463454 0.008607  0.093676  -0.005949  0.986940  0.125799  0.100614  -0.116143  0.122897  0.985600  0.111623  -0.984414  0.135902  -0.000520  -0.000698  -0.000010  -0.085258  -0.409074  0.414335  2.000000  
169.464707 0.008606  0.093674  -0.005949  0.986746  0.126604  0.101508  -0.117150  0.122929  0.985477  0.112287  -0.984307  0.136131  -0.000542  -0.000706  0.000025  -0.085480  -0.430230  0.432334  2.000000  
169.465708 0.008606  0.093674  -0.005950  0.986614  0.127216  0.102029  -0.117752  0.122907  0.985408  0.112819  -0.984231  0.136242  -0.000534  -0.000695  0.000025  -0.083788  -0.442344  0.442934  2.000000  
169.466953 0.008605  0.093672  -0.005949  0.986417  0.128008  0.102937  -0.118758  0.122817  0.985298  0.113484  -0.984139  0.136351  -0.000525  -0.000719  0.000035  -0.081343  -0.460767  0.459039  2.000000  
169.467959 0.008605  0.093672  -0.005949  0.986243  0.128775  0.103642  -0.119561  0.122752  0.985209  0.114149  -0.984047  0.136460  -0.000525  -0.000719  0.000035  -0.076185  -0.476193  0.478066  2.000000  
169.469205 0.008604  0.093671  -0.005949  0.986068  0.129543  0.104347  -0.120364  0.122686  0.985120  0.114813  -0.983955  0.136569  -0.000559  -0.000768  0.000059  -0.073859  -0.483320  0.493734  2.000000  
169.470454 0.008604  0.093669  -0.005949  0.985852  0.130466  0.105236  -0.121368  0.122575  0.985010  0.115611  -0.983847  0.136675  -0.000563  -0.000789  0.000104  -0.071284  -0.501689  0.509822  2.000000  
169.471454 0.008603  0.093669  -0.005948  0.985659  0.131363  0.105923  -0.122168  0.122490  0.984922  0.116408  -0.983738  0.136782  -0.000555  -0.000813  0.000115  -0.069515  -0.512085  0.533820  2.000000  
169.472703 0.008602  0.093667  -0.005948  0.985399  0.132454  0.106980  -0.123372  0.122452  0.984777  0.117338  -0.983596  0.137005  -0.000589  -0.000862  0.000139  -0.070148  -0.536583  0.555322  2.000000  
169.473718 0.008601  0.093666  -0.005948  0.985219  0.133221  0.107684  -0.124174  0.122380  0.984685  0.118002  -0.983502  0.137114  -0.000581  -0.000926  0.000163  -0.064773  -0.553138  0.570637  2.000000  
169.474955 0.008600  0.093663  -0.005948  0.984955  0.134299  0.108756  -0.125376  0.122219  0.984552  0.118932  -0.983375  0.137218  -0.000615  -0.001017  0.000139  -0.062095  -0.570490  0.595873  2.000000  
169.475956 0.008599  0.093662  -0.005947  0.984746  0.135091  0.109662  -0.126380  0.122116  0.984437  0.119597  -0.983279  0.137326  -0.000629  -0.001055  0.000187  -0.059425  -0.589577  0.607647  2.000000  
169.476958 0.008598  0.093660  -0.005947  0.984546  0.135987  0.110347  -0.127179  0.122023  0.984345  0.120394  -0.983167  0.137432  -0.000682  -0.001137  0.000155  -0.057570  -0.601237  0.628039  2.000000  
169.478203 0.008597  0.093658  -0.005947  0.984260  0.137195  0.111400  -0.128378  0.121838  0.984213  0.121456  -0.983022  0.137533  -0.000709  -0.001212  0.000190  -0.049815  -0.624783  0.653695  2.000000  
169.479203 0.008595  0.093656  -0.005947  0.984014  0.138247  0.112269  -0.129376  0.121696  0.984099  0.122386  -0.982893  0.137637  -0.000762  -0.001270  0.000190  -0.047758  -0.635708  0.673354  2.000000  
169.480450 0.008594  0.093654  -0.005946  0.983723  0.139454  0.113322  -0.130574  0.121506  0.983965  0.123448  -0.982746  0.137738  -0.000797  -0.001318  0.000214  -0.043742  -0.653691  0.698119  2.000000  
169.481453 0.008592  0.093652  -0.005946  0.983446  0.140530  0.114392  -0.131774  0.121331  0.983826  0.124377  -0.982614  0.137841  -0.000863  -0.001422  0.000186  -0.040100  -0.678384  0.719878  2.000000  
169.482716 0.008590  0.093650  -0.005946  0.983106  0.141891  0.115628  -0.133171  0.121089  0.983668  0.125572  -0.982448  0.137939  -0.000982  -0.001500  0.000192  -0.033261  -0.700997  0.750909  2.000000  
169.483956 0.008589  0.093647  -0.005946  0.982762  0.143251  0.116863  -0.134567  0.120843  0.983508  0.126767  -0.982281  0.138037  -0.000979  -0.001553  0.000189  -0.029143  -0.718355  0.775007  2.000000  
169.484958 0.008587  0.093645  -0.005946  0.982449  0.144351  0.118135  -0.135967  0.120630  0.983342  0.127696  -0.982146  0.138140  -0.001101  -0.001661  0.000163  -0.021445  -0.749408  0.798627  2.000000  
169.486207 0.008585  0.093642  -0.005946  0.982071  0.145735  0.119572  -0.137563  0.120347  0.983155  0.128890  -0.981977  0.138237  -0.001229  -0.001797  0.000123  -0.016607  -0.780159  0.825700  2.000000  
169.487456 0.008583  0.093639  -0.005947  0.981672  0.147249  0.120990  -0.139156  0.120042  0.982968  0.130217  -0.981788  0.138332  -0.001335  -0.001878  0.000094  -0.008336  -0.804139  0.852001  2.000000  
169.488460 0.008581  0.093637  -0.005947  0.981332  0.148476  0.122242  -0.140551  0.119800  0.982799  0.131278  -0.981633  0.138432  -0.001412  -0.001933  0.000087  -0.004275  -0.828816  0.873826  2.000000  
169.489707 0.008578  0.093634  -0.005947  0.980924  0.149988  0.123659  -0.142141  0.119486  0.982608  0.132604  -0.981441  0.138526  -0.001536  -0.002006  0.000071  -0.000039  -0.851923  0.904244  2.000000  
169.490958 0.008574  0.093630  -0.005947  0.980483  0.151524  0.125278  -0.143933  0.119136  0.982390  0.133930  -0.981248  0.138620  -0.001677  -0.002096  0.000032  0.009235  -0.882453  0.931295  2.000000  
169.492203 0.008571  0.093626  -0.005947  0.980036  0.153058  0.126896  -0.145723  0.118781  0.982169  0.135256  -0.981053  0.138714  -0.001805  -0.002232  -0.000007  0.015159  -0.911762  0.955897  2.000000  
169.493223 0.008568  0.093623  -0.005948  0.979681  0.154283  0.128145  -0.147113  0.118524  0.981993  0.136316  -0.980892  0.138813  -0.001909  -0.002311  -0.000036  0.018826  -0.937734  0.975146  2.000000  
169.494453 0.008564  0.093619  -0.005948  0.979195  0.155840  0.129964  -0.149102  0.118127  0.981741  0.137642  -0.980694  0.138906  -0.002088  -0.002436  -0.000092  0.028312  -0.969024  1.003065  2.000000  
169.495456 0.008561  0.093616  -0.005949  0.978784  0.157201  0.131416  -0.150689  0.117691  0.981551  0.138834  -0.980529  0.138883  -0.002194  -0.002509  -0.000147  0.037698  -0.999653  1.030058  2.000000  
169.496706 0.008557  0.093612  -0.005950  0.978269  0.158885  0.133215  -0.152672  0.117264  0.981295  0.140292  -0.980309  0.138973  -0.002349  -0.002653  -0.000255  0.043295  -1.029447  1.061458  2.000000  
169.497957 0.008553  0.093608  -0.005952  0.977747  0.160567  0.135013  -0.154654  0.116830  0.981037  0.141749  -0.980086  0.139062  -0.002525  -0.002766  -0.000337  0.049451  -1.057494  1.085067  2.000000  
169.499203 0.008549  0.093604  -0.005953  0.977168  0.162402  0.136995  -0.156831  0.116336  0.980750  0.143338  -0.979843  0.139149  -0.002639  -0.002864  -0.000437  0.057016  -1.100010  1.122684  2.000000  
169.500204 0.008545  0.093600  -0.005954  0.976705  0.163798  0.138626  -0.158614  0.115964  0.980507  0.144530  -0.979654  0.139244  -0.002772  -0.002971  -0.000486  0.062643  -1.130898  1.145151  2.000000  
169.501206 0.008542  0.093597  -0.005955  0.976251  0.165299  0.140037  -0.160191  0.115601  0.980294  0.145854  -0.979445  0.139335  -0.002858  -0.003033  -0.000595  0.067353  -1.158457  1.170990  2.000000  
169.502209 0.008538  0.093593  -0.005957  0.975778  0.166677  0.141688  -0.161970  0.115101  0.980060  0.147045  -0.979270  0.139310  -0.002995  -0.003148  -0.000715  0.080378  -1.182655  1.192574  2.000000  
169.503456 0.008534  0.093588  -0.005960  0.975141  0.168528  0.143867  -0.164341  0.114547  0.979730  0.148633  -0.979018  0.139396  -0.003116  -0.003270  -0.000864  0.088593  -1.227450  1.222396  2.000000  
169.504732 0.008529  0.093583  -0.005962  0.974442  0.170530  0.146229  -0.166906  0.113927  0.979369  0.150353  -0.978744  0.139478  -0.003230  -0.003396  -0.001060  0.096847  -1.269170  1.254283  2.000000  
169.505955 0.008524  0.093578  -0.005965  0.973732  0.172530  0.148590  -0.169468  0.113297  0.979002  0.152072  -0.978467  0.139559  -0.003355  -0.003488  -0.001214  0.105301  -1.308254  1.288015  2.000000  
169.506958 0.008520  0.093574  -0.005967  0.973180  0.174070  0.150400  -0.171437  0.112833  0.978712  0.153394  -0.978248  0.139649  -0.003464  -0.003560  -0.001369  0.112521  -1.345793  1.311514  2.000000  
169.508205 0.008514  0.093568  -0.005971  0.972454  0.176064  0.152758  -0.173994  0.112186  0.978336  0.155113  -0.977965  0.139730  -0.003577  -0.003657  -0.001554  0.121564  -1.395409  1.341718  2.000000  
169.509205 0.008510  0.093564  -0.005973  0.971852  0.177624  0.154768  -0.176158  0.111672  0.978007  0.156434  -0.977742  0.139819  -0.003633  -0.003729  -0.001717  0.129138  -1.433740  1.360881  2.000000  
169.510451 0.008505  0.093559  -0.005978  0.971108  0.179614  0.157124  -0.178709  0.111007  0.977620  0.158152  -0.977454  0.139899  -0.003726  -0.003824  -0.001930  0.137279  -1.471070  1.389270  2.000000  
169.511453 0.008501  0.093555  -0.005981  0.970492  0.181150  0.159154  -0.180869  0.110361  0.977296  0.159473  -0.977244  0.139869  -0.003798  -0.003878  -0.002111  0.148626  -1.502293  1.406329  2.000000  
169.512706 0.008496  0.093549  -0.005985  0.969693  0.183157  0.161708  -0.183614  0.109640  0.976865  0.161190  -0.976951  0.139948  -0.003851  -0.003974  -0.002281  0.158048  -1.546847  1.431249  2.000000  
169.513716 0.008492  0.093545  -0.005989  0.969040  0.184837  0.163696  -0.185764  0.109073  0.976522  0.162642  -0.976698  0.140032  -0.003908  -0.004034  -0.002463  0.165606  -1.584090  1.455148  2.000000  
169.514952 0.008487  0.093540  -0.005994  0.968179  0.187094  0.166211  -0.188494  0.108284  0.976086  0.164622  -0.976356  0.140104  -0.003967  -0.004086  -0.002688  0.173934  -1.613277  1.485971  2.000000  
169.516205 0.008481  0.093534  -0.005999  0.967366  0.189198  0.168542  -0.191024  0.107547  0.975676  0.166470  -0.976032  0.140178  -0.004044  -0.004187  -0.002920  0.181762  -1.642953  1.512761  2.000000  
169.517451 0.008476  0.093528  -0.006005  0.966504  0.191320  0.171073  -0.193750  0.106760  0.975225  0.168316  -0.975704  0.140252  -0.004102  -0.004238  -0.003144  0.190884  -1.680308  1.536438  2.000000  
169.518456 0.008472  0.093524  -0.006009  0.965716  0.193161  0.173438  -0.196282  0.106054  0.974795  0.169899  -0.975419  0.140332  -0.004131  -0.004279  -0.003300  0.199598  -1.717484  1.559923  2.000000  
169.519709 0.008466  0.093518  -0.006016  0.964770  0.195426  0.176148  -0.199194  0.105179  0.974299  0.171876  -0.975062  0.140401  -0.004181  -0.004339  -0.003563  0.210173  -1.764202  1.592280  2.000000  
169.520954 0.008461  0.093512  -0.006022  0.963769  0.197708  0.179057  -0.202299  0.104251  0.973759  0.173853  -0.974702  0.140470  -0.004171  -0.004407  -0.003774  0.220811  -1.803801  1.617689  2.000000  
169.522202 0.008455  0.093506  -0.006028  0.962796  0.199964  0.181763  -0.205201  0.103350  0.973248  0.175829  -0.974337  0.140538  -0.004197  -0.004429  -0.003976  0.230563  -1.840007  1.645458  2.000000  
