1-Time 2-Px 3-Py 4-Pz 5-R11 6-R21 7-R31 8-R12 9-R22 10-R32 11-R13 12-R23 13-R33 14-Vx 15-Vy 16-Vz 17-Wx 18-Wy 19-Wz 20-state 21-PR11 22-PR21 23-PR31 24-PR12 25-PR22 26-PR32 27-PR13 28-PR23 29-PR33 
121.005258 0.009052  0.092490  -0.002067  0.969481  0.152427  0.192025  -0.198710  0.029764  0.979606  0.143603  -0.987866  0.059144  -0.000644  -0.000056  -0.000353  0.115038  0.069726  1.244104  2.000000  
121.006267 0.009051  0.092489  -0.002066  0.969291  0.153698  0.191966  -0.198671  0.029380  0.979626  0.144927  -0.987681  0.059013  -0.000649  -0.000077  -0.000307  0.118183  0.076462  1.242992  2.000000  
121.007515 0.009052  0.092488  -0.002066  0.968898  0.155252  0.192699  -0.199422  0.028815  0.979490  0.146515  -0.987455  0.058879  -0.000598  -0.000146  -0.000204  0.116770  0.055968  1.248791  2.000000  
121.008764 0.009053  0.092487  -0.002066  0.968519  0.156423  0.193656  -0.200384  0.028295  0.979309  0.147706  -0.987285  0.058749  -0.000448  -0.000192  -0.000115  0.121293  0.020764  1.237585  2.000000  
121.009767 0.009054  0.092484  -0.002066  0.968240  0.157428  0.194238  -0.200949  0.027746  0.979209  0.148765  -0.987141  0.058500  -0.000328  -0.000352  -0.000081  0.127200  0.006850  1.238086  2.000000  
121.011026 0.009057  0.092481  -0.002066  0.967942  0.158838  0.194576  -0.201303  0.027267  0.979149  0.150220  -0.986928  0.058367  -0.000092  -0.000539  -0.000038  0.129092  -0.006973  1.238591  2.000000  
121.012263 0.009059  0.092478  -0.002066  0.967560  0.160487  0.195120  -0.201847  0.026581  0.979056  0.151940  -0.986680  0.058112  0.000139  -0.000748  0.000051  0.131137  -0.020403  1.249011  2.000000  
121.013511 0.009062  0.092475  -0.002064  0.967071  0.162276  0.196061  -0.202784  0.025799  0.978883  0.153791  -0.986408  0.057856  0.000395  -0.000949  0.000209  0.140060  -0.054011  1.264611  2.000000  
121.014523 0.009065  0.092472  -0.002063  0.966639  0.163699  0.197005  -0.203733  0.025214  0.978702  0.155245  -0.986188  0.057723  0.000611  -0.001152  0.000332  0.144894  -0.087769  1.275074  2.000000  
121.015766 0.009067  0.092469  -0.002061  0.966184  0.165225  0.197961  -0.204676  0.024480  0.978524  0.156831  -0.985952  0.057470  0.000834  -0.001337  0.000410  0.154113  -0.121975  1.282563  2.000000  
121.017015 0.009069  0.092467  -0.002060  0.965767  0.166492  0.198934  -0.205626  0.023798  0.978341  0.158152  -0.985756  0.057218  0.000985  -0.001493  0.000481  0.159179  -0.156933  1.275146  2.000000  
121.018023 0.009070  0.092464  -0.002060  0.965389  0.167524  0.199901  -0.206585  0.023287  0.978152  0.159209  -0.985593  0.057089  0.001120  -0.001676  0.000522  0.164241  -0.191427  1.272141  2.000000  
121.019264 0.009073  0.092462  -0.002057  0.964881  0.168798  0.201277  -0.207931  0.022530  0.977884  0.160530  -0.985393  0.056837  0.001369  -0.001854  0.000669  0.175681  -0.240097  1.266643  2.000000  
121.020265 0.009074  0.092461  -0.002054  0.964455  0.169832  0.202446  -0.209086  0.021980  0.977650  0.161586  -0.985228  0.056708  0.001548  -0.001939  0.000884  0.181979  -0.281696  1.259847  2.000000  
121.021266 0.009076  0.092459  -0.002051  0.964048  0.171013  0.203385  -0.210037  0.021552  0.977456  0.162774  -0.985033  0.056697  0.001659  -0.001993  0.001047  0.183322  -0.315861  1.261787  2.000000  
121.022514 0.009078  0.092459  -0.002046  0.963596  0.172427  0.204331  -0.210978  0.020948  0.977266  0.164226  -0.984800  0.056563  0.001751  -0.001938  0.001304  0.188971  -0.350345  1.259258  2.000000  
121.023515 0.009079  0.092459  -0.002044  0.963228  0.173577  0.205090  -0.211729  0.020433  0.977115  0.165414  -0.984608  0.056433  0.001762  -0.001842  0.001438  0.193615  -0.378061  1.256524  2.000000  
121.024764 0.009080  0.092458  -0.002042  0.962727  0.174992  0.206237  -0.212866  0.019787  0.976881  0.166865  -0.984371  0.056299  0.001712  -0.001721  0.001561  0.201523  -0.426196  1.254842  2.000000  
121.026014 0.009081  0.092456  -0.002043  0.962245  0.176277  0.207391  -0.214006  0.019166  0.976644  0.168185  -0.984154  0.056167  0.001629  -0.001666  0.001575  0.208487  -0.467714  1.248155  2.000000  
121.027018 0.009082  0.092455  -0.002043  0.961848  0.177299  0.208359  -0.214957  0.018637  0.976446  0.169240  -0.983981  0.056037  0.001558  -0.001563  0.001543  0.214356  -0.502380  1.241000  2.000000  
121.028263 0.009084  0.092453  -0.002045  0.961404  0.178577  0.209313  -0.215897  0.018047  0.976249  0.170558  -0.983760  0.055905  0.001447  -0.001484  0.001293  0.220470  -0.536842  1.238552  2.000000  
121.029528 0.009086  0.092451  -0.002048  0.960980  0.179953  0.210080  -0.216633  0.017345  0.976099  0.172008  -0.983522  0.055652  0.001400  -0.001363  0.000948  0.230662  -0.570761  1.239815  2.000000  
121.030768 0.009089  0.092450  -0.002053  0.960576  0.181225  0.210833  -0.217374  0.016788  0.975944  0.173326  -0.983298  0.055520  0.001401  -0.001305  0.000559  0.232026  -0.599113  1.233295  2.000000  
121.032013 0.009092  0.092447  -0.002058  0.960102  0.182628  0.211780  -0.218305  0.016163  0.975747  0.174775  -0.983049  0.055386  0.001532  -0.001333  0.000176  0.240435  -0.627421  1.233953  2.000000  
121.033264 0.009096  0.092443  -0.002063  0.959693  0.183871  0.212556  -0.219044  0.015483  0.975592  0.176093  -0.982828  0.055135  0.001694  -0.001392  -0.000315  0.253102  -0.667878  1.223235  2.000000  
121.034514 0.009099  0.092438  -0.002070  0.959282  0.185140  0.213310  -0.219781  0.014919  0.975435  0.177410  -0.982599  0.055002  0.001754  -0.001550  -0.000907  0.256465  -0.689616  1.214993  2.000000  
121.035759 0.009102  0.092433  -0.002076  0.958961  0.186122  0.213900  -0.220331  0.014333  0.975320  0.178463  -0.982422  0.054753  0.001816  -0.001739  -0.001570  0.264867  -0.711044  1.198313  2.000000  
121.036761 0.009105  0.092430  -0.002082  0.958683  0.187127  0.214267  -0.220683  0.013902  0.975247  0.179516  -0.982237  0.054623  0.001881  -0.001890  -0.002144  0.266900  -0.718253  1.189605  2.000000  
121.037767 0.009109  0.092428  -0.002089  0.958381  0.188259  0.214627  -0.221029  0.013441  0.975175  0.180700  -0.982027  0.054492  0.002057  -0.002123  -0.002925  0.262697  -0.704330  1.189191  2.000000  
121.039017 0.009114  0.092424  -0.002099  0.958029  0.189620  0.214997  -0.221363  0.012802  0.975107  0.182148  -0.981774  0.054239  0.002291  -0.002399  -0.003819  0.264351  -0.683354  1.196752  2.000000  
121.040017 0.009117  0.092421  -0.002107  0.957746  0.190876  0.215150  -0.221505  0.012348  0.975081  0.183463  -0.981536  0.054107  0.002501  -0.002505  -0.004429  0.264109  -0.676036  1.205275  2.000000  
121.041028 0.009122  0.092419  -0.002116  0.957530  0.192002  0.215110  -0.221455  0.011964  0.975097  0.184647  -0.981322  0.053976  0.002788  -0.002521  -0.005094  0.258491  -0.662179  1.203818  2.000000  
121.042265 0.009127  0.092417  -0.002127  0.957288  0.193255  0.215063  -0.221400  0.011550  0.975115  0.185962  -0.981081  0.053843  0.003019  -0.002479  -0.005655  0.256361  -0.643250  1.185580  2.000000  
121.043511 0.009134  0.092416  -0.002139  0.957045  0.194507  0.215016  -0.221343  0.011136  0.975132  0.187276  -0.980838  0.053710  0.003309  -0.002388  -0.006167  0.247467  -0.610125  1.165344  2.000000  
121.044523 0.009139  0.092417  -0.002148  0.956874  0.195376  0.214991  -0.221304  0.010810  0.975145  0.188196  -0.980669  0.053582  0.003533  -0.002293  -0.006647  0.242141  -0.576512  1.149177  2.000000  
121.045765 0.009145  0.092418  -0.002160  0.956627  0.196628  0.214945  -0.221247  0.010397  0.975162  0.189510  -0.980423  0.053449  0.003783  -0.002124  -0.007162  0.232307  -0.545081  1.138585  2.000000  
121.047015 0.009151  0.092419  -0.002172  0.956425  0.197878  0.214699  -0.220992  0.010023  0.975224  0.190824  -0.980175  0.053316  0.003973  -0.001832  -0.007655  0.221885  -0.504646  1.136168  2.000000  
121.048263 0.009157  0.092421  -0.002184  0.956241  0.199254  0.214245  -0.220535  0.009662  0.975331  0.192268  -0.979900  0.053182  0.004070  -0.001446  -0.008055  0.208378  -0.441186  1.137353  2.000000  
121.049511 0.009163  0.092423  -0.002197  0.956030  0.200757  0.213784  -0.220072  0.009273  0.975440  0.193844  -0.979597  0.053046  0.004298  -0.000997  -0.008450  0.197615  -0.382662  1.142855  2.000000  
121.050515 0.009169  0.092425  -0.002207  0.955918  0.201775  0.213327  -0.219632  0.009121  0.975540  0.194893  -0.979390  0.053035  0.004520  -0.000593  -0.008860  0.185792  -0.331839  1.140035  2.000000  
121.051759 0.009177  0.092427  -0.002220  0.955727  0.203150  0.212874  -0.219174  0.008764  0.975646  0.196337  -0.979108  0.052901  0.004777  -0.000258  -0.009235  0.176174  -0.281511  1.137053  2.000000  
121.052759 0.009183  0.092428  -0.002232  0.955593  0.204042  0.212625  -0.218936  0.008601  0.975701  0.197255  -0.978924  0.052891  0.004968  -0.000008  -0.009540  0.170343  -0.248252  1.126322  2.000000  
121.054025 0.009192  0.092430  -0.002245  0.955451  0.205162  0.212186  -0.218489  0.008304  0.975804  0.198435  -0.978693  0.052759  0.005256  0.000487  -0.009780  0.157954  -0.196962  1.114006  2.000000  
121.055263 0.009201  0.092433  -0.002258  0.955307  0.206307  0.211722  -0.218043  0.008126  0.975905  0.199616  -0.978454  0.052746  0.005570  0.000921  -0.009926  0.144122  -0.143210  1.102461  2.000000  
121.056264 0.009211  0.092437  -0.002268  0.955161  0.207427  0.211284  -0.217596  0.007831  0.976008  0.200795  -0.978219  0.052615  0.005887  0.001261  -0.009950  0.135612  -0.095665  1.106000  2.000000  
121.057524 0.009223  0.092441  -0.002278  0.955006  0.208800  0.210631  -0.216940  0.007522  0.976156  0.202237  -0.977929  0.052480  0.006300  0.001660  -0.009888  0.124000  -0.034255  1.105140  2.000000  
121.058763 0.009235  0.092445  -0.002288  0.954849  0.210199  0.209953  -0.216284  0.007333  0.976303  0.203678  -0.977631  0.052464  0.006671  0.001881  -0.009791  0.109721  0.020242  1.107062  2.000000  
121.059764 0.009245  0.092449  -0.002297  0.954698  0.211318  0.209515  -0.215837  0.007041  0.976404  0.204857  -0.977392  0.052333  0.007028  0.002123  -0.009737  0.103235  0.054047  1.105155  2.000000  
121.060765 0.009256  0.092452  -0.002306  0.954545  0.212463  0.209051  -0.215389  0.006869  0.976504  0.206035  -0.977145  0.052319  0.007416  0.002278  -0.009709  0.093133  0.081183  1.107865  2.000000  
121.062020 0.009268  0.092455  -0.002318  0.954364  0.213736  0.208581  -0.214935  0.006670  0.976606  0.207345  -0.976869  0.052305  0.007849  0.002373  -0.009729  0.075114  0.134959  1.095896  2.000000  
121.063261 0.009281  0.092458  -0.002330  0.954154  0.215110  0.208130  -0.214475  0.006324  0.976709  0.208784  -0.976569  0.052170  0.008272  0.002468  -0.009691  0.067816  0.168326  1.103082  2.000000  
121.064263 0.009292  0.092461  -0.002338  0.953979  0.216129  0.207874  -0.214230  0.006139  0.976764  0.209831  -0.976346  0.052158  0.008710  0.002586  -0.009609  0.057473  0.203041  1.101449  2.000000  
121.065511 0.009305  0.092466  -0.002348  0.953809  0.217527  0.207196  -0.213573  0.005959  0.976909  0.211270  -0.976036  0.052141  0.009090  0.002724  -0.009412  0.041042  0.244254  1.112638  2.000000  
121.066511 0.009316  0.092470  -0.002355  0.953676  0.218544  0.206739  -0.213131  0.005820  0.977006  0.212316  -0.975810  0.052129  0.009375  0.002908  -0.009149  0.031115  0.269508  1.110930  2.000000  
121.067760 0.009330  0.092476  -0.002363  0.953429  0.220071  0.206255  -0.212663  0.005569  0.977110  0.213884  -0.975468  0.052111  0.009872  0.003242  -0.008687  0.021338  0.296550  1.114162  2.000000  
121.069015 0.009344  0.092482  -0.002369  0.953252  0.221468  0.205577  -0.212006  0.005394  0.977253  0.215322  -0.975153  0.052094  0.010134  0.003483  -0.008231  0.006081  0.329871  1.112167  2.000000  
121.070018 0.009356  0.092488  -0.002373  0.953042  0.222613  0.205314  -0.211753  0.005185  0.977309  0.216498  -0.974893  0.052080  0.010477  0.003716  -0.007761  -0.001096  0.345218  1.107043  2.000000  
121.071031 0.009368  0.092494  -0.002376  0.952902  0.223630  0.204858  -0.211311  0.005050  0.977406  0.217543  -0.974661  0.052068  0.010627  0.003866  -0.007359  -0.008278  0.358237  1.101414  2.000000  
121.072266 0.009383  0.092501  -0.002381  0.952704  0.224926  0.204360  -0.210855  0.004979  0.977505  0.218848  -0.974363  0.052170  0.010849  0.004050  -0.006989  -0.019636  0.371845  1.101173  2.000000  
121.073267 0.009395  0.092506  -0.002385  0.952518  0.225943  0.204104  -0.210608  0.004800  0.977559  0.219893  -0.974129  0.052158  0.010982  0.004214  -0.006703  -0.025453  0.378457  1.100784  2.000000  
121.074515 0.009409  0.092512  -0.002389  0.952346  0.227086  0.203640  -0.210159  0.004641  0.977656  0.221067  -0.973864  0.052144  0.011065  0.004276  -0.006340  -0.032446  0.389258  1.100372  2.000000  
121.075516 0.009421  0.092517  -0.002393  0.952172  0.228254  0.203149  -0.209709  0.004601  0.977753  0.222241  -0.973591  0.052247  0.011207  0.004431  -0.005916  -0.044132  0.405579  1.103997  2.000000  
121.076765 0.009436  0.092523  -0.002396  0.951967  0.229524  0.202678  -0.209253  0.004415  0.977852  0.223546  -0.973293  0.052231  0.011404  0.004626  -0.005274  -0.050106  0.412190  1.103702  2.000000  
121.078022 0.009451  0.092527  -0.002399  0.951832  0.230666  0.202012  -0.208607  0.004306  0.977990  0.224719  -0.973023  0.052217  0.011489  0.004686  -0.004721  -0.056080  0.418172  1.094062  2.000000  
121.079263 0.009466  0.092532  -0.002402  0.951580  0.231961  0.201715  -0.208347  0.004193  0.978046  0.226023  -0.972716  0.052319  0.011578  0.004734  -0.004247  -0.063322  0.410921  1.085720  2.000000  
121.080265 0.009477  0.092535  -0.002404  0.951429  0.232977  0.201257  -0.207903  0.004067  0.978141  0.227065  -0.972474  0.052306  0.011599  0.004715  -0.003831  -0.063704  0.410876  1.085820  2.000000  
121.081514 0.009491  0.092539  -0.002408  0.951174  0.234247  0.200987  -0.207643  0.003837  0.978197  0.228368  -0.972170  0.052289  0.011645  0.004595  -0.003487  -0.066793  0.403634  1.081524  2.000000  
121.082759 0.009504  0.092542  -0.002411  0.950930  0.235619  0.200538  -0.207179  0.003510  0.978297  0.229801  -0.971839  0.052153  0.011602  0.004408  -0.003240  -0.064082  0.407840  1.090181  2.000000  
121.083761 0.009515  0.092544  -0.002415  0.950775  0.236633  0.200081  -0.206735  0.003387  0.978391  0.230842  -0.971593  0.052140  0.011581  0.004183  -0.003151  -0.069130  0.411062  1.095389  2.000000  
121.085015 0.009528  0.092547  -0.002420  0.950557  0.237902  0.199610  -0.206278  0.003208  0.978488  0.232144  -0.971284  0.052124  0.011490  0.003923  -0.003122  -0.068921  0.408093  1.099159  2.000000  
121.086019 0.009539  0.092549  -0.002424  0.950386  0.238791  0.199361  -0.206036  0.003065  0.978540  0.233055  -0.971066  0.052112  0.011431  0.003681  -0.003188  -0.071829  0.401037  1.095141  2.000000  
121.087261 0.009552  0.092550  -0.002429  0.950166  0.240059  0.198889  -0.205579  0.002888  0.978636  0.234356  -0.970754  0.052095  0.011258  0.003308  -0.003225  -0.074856  0.393942  1.091095  2.000000  
121.088268 0.009561  0.092551  -0.002433  0.950004  0.241073  0.198432  -0.205134  0.002768  0.978730  0.235396  -0.970503  0.052082  0.011102  0.002966  -0.003267  -0.075902  0.396372  1.086628  2.000000  
121.089516 0.009573  0.092552  -0.002438  0.949811  0.242214  0.197968  -0.204683  0.002621  0.978825  0.236567  -0.970219  0.052067  0.010859  0.002573  -0.003224  -0.078926  0.388740  1.073554  2.000000  
121.090763 0.009584  0.092552  -0.002442  0.949616  0.243355  0.197503  -0.204232  0.002475  0.978919  0.237736  -0.969934  0.052051  0.010632  0.002235  -0.003213  -0.078671  0.385450  1.064719  2.000000  
121.092010 0.009594  0.092553  -0.002445  0.949419  0.244472  0.197069  -0.203781  0.002211  0.979014  0.238906  -0.969654  0.051918  0.010345  0.001954  -0.003182  -0.075064  0.385148  1.060559  2.000000  
121.093016 0.009602  0.092553  -0.002447  0.949326  0.245359  0.196416  -0.203148  0.002172  0.979146  0.239815  -0.969430  0.051906  0.010109  0.001718  -0.003210  -0.081685  0.393820  1.050682  2.000000  
121.094259 0.009611  0.092553  -0.002451  0.949200  0.246372  0.195757  -0.202508  0.002107  0.979278  0.240854  -0.969173  0.051892  0.009717  0.001376  -0.003254  -0.084480  0.403925  1.041519  2.000000  
121.095261 0.009618  0.092552  -0.002454  0.949093  0.247132  0.195313  -0.202076  0.002047  0.979368  0.241633  -0.968980  0.051882  0.009439  0.001136  -0.003314  -0.084821  0.403091  1.028065  2.000000  
121.096265 0.009624  0.092551  -0.002459  0.948955  0.248019  0.194863  -0.201639  0.001960  0.979458  0.242542  -0.968753  0.051870  0.009044  0.000833  -0.003458  -0.084345  0.398875  1.023441  2.000000  
121.097520 0.009631  0.092549  -0.002465  0.948825  0.249032  0.194203  -0.200998  0.001898  0.979590  0.243580  -0.968493  0.051856  0.008582  0.000495  -0.003650  -0.086368  0.404439  1.004892  2.000000  
121.098768 0.009638  0.092548  -0.002472  0.948725  0.249918  0.193551  -0.200365  0.001865  0.979720  0.244489  -0.968265  0.051844  0.008147  0.000192  -0.003790  -0.086810  0.403474  0.987172  2.000000  
121.100014 0.009643  0.092546  -0.002478  0.948624  0.250804  0.192898  -0.199732  0.001832  0.979849  0.245397  -0.968036  0.051832  0.007671  -0.000062  -0.003888  -0.089651  0.412987  0.969580  2.000000  
121.101025 0.009648  0.092544  -0.002483  0.948522  0.251690  0.192245  -0.199099  0.001801  0.979978  0.246305  -0.967806  0.051819  0.007189  -0.000346  -0.003946  -0.091609  0.419351  0.964821  2.000000  
121.102263 0.009652  0.092542  -0.002490  0.948386  0.252703  0.191586  -0.198459  0.001744  0.980108  0.247342  -0.967542  0.051805  0.006613  -0.000613  -0.004028  -0.089599  0.425452  0.955446  2.000000  
121.103510 0.009656  0.092539  -0.002496  0.948289  0.253715  0.190724  -0.197624  0.001741  0.980276  0.248379  -0.967277  0.051791  0.006151  -0.000828  -0.004133  -0.093265  0.438192  0.945830  2.000000  
121.104521 0.009659  0.092537  -0.002501  0.948216  0.254474  0.190078  -0.196997  0.001740  0.980403  0.249156  -0.967078  0.051780  0.005689  -0.000968  -0.004233  -0.091955  0.447657  0.939553  2.000000  
121.105763 0.009661  0.092533  -0.002508  0.948189  0.255359  0.189021  -0.195974  0.001818  0.980607  0.250063  -0.966845  0.051768  0.005127  -0.001258  -0.004489  -0.096502  0.463454  0.922025  2.000000  
121.107017 0.009664  0.092530  -0.002515  0.948080  0.256222  0.188399  -0.195341  0.001674  0.980734  0.250970  -0.966617  0.051638  0.004599  -0.001519  -0.004746  -0.095392  0.472586  0.906826  2.000000  
121.108264 0.009666  0.092526  -0.002523  0.948010  0.257107  0.187544  -0.194513  0.001703  0.980899  0.251877  -0.966381  0.051625  0.004069  -0.001842  -0.005056  -0.095091  0.485570  0.897293  2.000000  
121.109266 0.009667  0.092522  -0.002530  0.947965  0.257739  0.186905  -0.193893  0.001733  0.981021  0.252524  -0.966213  0.051616  0.003631  -0.002078  -0.005297  -0.097124  0.491444  0.883429  2.000000  
121.110514 0.009668  0.092518  -0.002537  0.947932  0.258624  0.185847  -0.192870  0.001818  0.981223  0.253430  -0.965976  0.051604  0.003143  -0.002275  -0.005448  -0.104283  0.517411  0.868496  2.000000  
121.111765 0.009668  0.092515  -0.002543  0.947857  0.259509  0.184992  -0.192042  0.001851  0.981385  0.254336  -0.965739  0.051591  0.002701  -0.002322  -0.005482  -0.108205  0.530180  0.854656  2.000000  
121.113033 0.009669  0.092513  -0.002549  0.947747  0.260521  0.184130  -0.191208  0.001860  0.981548  0.255371  -0.965466  0.051577  0.002291  -0.002385  -0.005431  -0.116142  0.542111  0.839641  2.000000  
121.114263 0.009669  0.092511  -0.002555  0.947709  0.261427  0.183040  -0.190185  0.002070  0.981746  0.256276  -0.965221  0.051681  0.001864  -0.002424  -0.005371  -0.126480  0.564215  0.827281  2.000000  
121.115264 0.009669  0.092509  -0.002559  0.947624  0.262186  0.182393  -0.189559  0.002079  0.981867  0.257052  -0.965015  0.051670  0.001613  -0.002438  -0.005323  -0.129743  0.574718  0.820289  2.000000  
121.116510 0.009668  0.092507  -0.002564  0.947577  0.262944  0.181544  -0.188738  0.002144  0.982025  0.257828  -0.964809  0.051659  0.001243  -0.002391  -0.005225  -0.133753  0.587182  0.801857  2.000000  
121.117517 0.009668  0.092507  -0.002568  0.947490  0.263702  0.180896  -0.188113  0.002155  0.982145  0.258604  -0.964602  0.051648  0.000935  -0.002319  -0.005131  -0.135967  0.593258  0.792508  2.000000  
121.118764 0.009666  0.092505  -0.002574  0.947441  0.264481  0.180015  -0.187292  0.002341  0.982301  0.259379  -0.964388  0.051754  0.000628  -0.002198  -0.005076  -0.144014  0.605785  0.778223  2.000000  
121.119764 0.009665  0.092505  -0.002578  0.947420  0.264986  0.179381  -0.186680  0.002405  0.982418  0.259896  -0.964249  0.051746  0.000370  -0.002134  -0.005027  -0.146592  0.613419  0.762096  2.000000  
121.120767 0.009664  0.092504  -0.002582  0.947403  0.265617  0.178538  -0.185866  0.002499  0.982572  0.260542  -0.964075  0.051737  0.000138  -0.001925  -0.004924  -0.151859  0.631044  0.750049  2.000000  
121.122026 0.009662  0.092504  -0.002587  0.947350  0.266396  0.177656  -0.185046  0.002689  0.982726  0.261317  -0.963860  0.051843  -0.000139  -0.001681  -0.004764  -0.162217  0.636379  0.735664  2.000000  
121.123264 0.009661  0.092504  -0.002592  0.947330  0.267027  0.176812  -0.184232  0.002785  0.982879  0.261962  -0.963685  0.051833  -0.000329  -0.001427  -0.004608  -0.164537  0.642460  0.722129  2.000000  
121.124264 0.009659  0.092503  -0.002596  0.947309  0.267679  0.175936  -0.183419  0.003001  0.983030  0.262608  -0.963504  0.051941  -0.000492  -0.001239  -0.004402  -0.172578  0.655250  0.712375  2.000000  
121.125512 0.009658  0.092504  -0.002598  0.947253  0.268435  0.175086  -0.182599  0.003075  0.983183  0.263383  -0.963293  0.051929  -0.000670  -0.000962  -0.004128  -0.175123  0.663019  0.705836  2.000000  
121.126515 0.009656  0.092505  -0.002601  0.947229  0.269087  0.174209  -0.181785  0.003294  0.983333  0.264028  -0.963110  0.052037  -0.000799  -0.000724  -0.003908  -0.182914  0.674229  0.697671  2.000000  
121.127516 0.009656  0.092506  -0.002603  0.947202  0.269591  0.173575  -0.181174  0.003364  0.983445  0.264544  -0.962969  0.052029  -0.000866  -0.000510  -0.003711  -0.183579  0.675144  0.687305  2.000000  
121.128764 0.009654  0.092506  -0.002606  0.947142  0.270347  0.172724  -0.180354  0.003441  0.983596  0.265318  -0.962757  0.052017  -0.000995  -0.000380  -0.003558  -0.185887  0.681402  0.682518  2.000000  
121.130011 0.009653  0.092507  -0.002608  0.947116  0.270998  0.171847  -0.179541  0.003663  0.983744  0.265963  -0.962573  0.052125  -0.001053  -0.000164  -0.003354  -0.192194  0.687421  0.673187  2.000000  
121.131026 0.009652  0.092507  -0.002611  0.947052  0.271628  0.171205  -0.178923  0.003711  0.983856  0.266608  -0.962395  0.052115  -0.001103  -0.000039  -0.003223  -0.192475  0.685183  0.665294  2.000000  
121.132261 0.009650  0.092507  -0.002614  0.947060  0.272278  0.170125  -0.177915  0.003991  0.984038  0.267253  -0.962210  0.052222  -0.001171  0.000018  -0.003160  -0.200847  0.699184  0.650147  2.000000  
121.133263 0.009649  0.092508  -0.002617  0.946994  0.272908  0.169483  -0.177297  0.004041  0.984149  0.267897  -0.962032  0.052212  -0.001176  0.000154  -0.002983  -0.201298  0.697394  0.642407  2.000000  
121.134515 0.009647  0.092508  -0.002619  0.946963  0.273537  0.168638  -0.176484  0.004148  0.984295  0.268542  -0.961852  0.052203  -0.001230  0.000220  -0.002820  -0.201944  0.698053  0.632451  2.000000  
121.135764 0.009644  0.092508  -0.002622  0.946896  0.274313  0.167753  -0.175665  0.004351  0.984440  0.269315  -0.961631  0.052308  -0.001339  0.000239  -0.002682  -0.206582  0.696345  0.624590  2.000000  
121.137010 0.009642  0.092509  -0.002625  0.946863  0.274942  0.166908  -0.174852  0.004461  0.984585  0.269959  -0.961450  0.052298  -0.001365  0.000286  -0.002525  -0.211149  0.697065  0.619131  2.000000  
121.138031 0.009639  0.092508  -0.002627  0.946828  0.275445  0.166272  -0.174241  0.004537  0.984693  0.270474  -0.961306  0.052290  -0.001447  0.000287  -0.002376  -0.211437  0.694830  0.610732  2.000000  
121.139263 0.009637  0.092509  -0.002630  0.946757  0.276221  0.165386  -0.173422  0.004744  0.984836  0.271247  -0.961083  0.052395  -0.001487  0.000393  -0.002316  -0.216132  0.696240  0.610091  2.000000  
121.140264 0.009634  0.092509  -0.002633  0.946721  0.276724  0.164750  -0.172811  0.004823  0.984943  0.271762  -0.960937  0.052387  -0.001597  0.000372  -0.002375  -0.214787  0.687839  0.602424  2.000000  
121.141268 0.009631  0.092509  -0.002637  0.946685  0.277226  0.164114  -0.172201  0.004902  0.985050  0.272277  -0.960792  0.052379  -0.001714  0.000316  -0.002418  -0.215195  0.687137  0.593365  2.000000  
121.142517 0.009628  0.092510  -0.002641  0.946683  0.277728  0.163276  -0.171395  0.005038  0.985190  0.272792  -0.960646  0.052371  -0.001873  0.000270  -0.002532  -0.215666  0.686246  0.579875  2.000000  
121.143517 0.009625  0.092510  -0.002644  0.946645  0.278251  0.162606  -0.170784  0.005238  0.985295  0.273307  -0.960494  0.052479  -0.001990  0.000247  -0.002595  -0.218410  0.678816  0.566778  2.000000  
121.144765 0.009621  0.092510  -0.002649  0.946641  0.278752  0.161767  -0.169979  0.005376  0.985433  0.273822  -0.960348  0.052471  -0.002181  0.000205  -0.002751  -0.214743  0.678173  0.557703  2.000000  
121.145766 0.009618  0.092509  -0.002652  0.946601  0.279255  0.161130  -0.169368  0.005458  0.985538  0.274337  -0.960202  0.052463  -0.002340  0.000146  -0.002830  -0.215381  0.679853  0.553372  2.000000  
121.147011 0.009614  0.092509  -0.002656  0.946596  0.279756  0.160291  -0.168563  0.005598  0.985675  0.274851  -0.960055  0.052455  -0.002462  0.000110  -0.002868  -0.215664  0.678384  0.539518  2.000000  
121.148014 0.009610  0.092509  -0.002659  0.946555  0.280278  0.159621  -0.167953  0.005800  0.985778  0.275366  -0.959901  0.052564  -0.002648  0.000065  -0.002889  -0.218267  0.671473  0.535394  2.000000  
121.149015 0.009607  0.092508  -0.002663  0.946513  0.280780  0.158984  -0.167342  0.005884  0.985881  0.275880  -0.959754  0.052556  -0.002718  0.000032  -0.002943  -0.214538  0.669678  0.531075  2.000000  
121.150266 0.009603  0.092507  -0.002667  0.946505  0.281281  0.158145  -0.166537  0.006026  0.986017  0.276395  -0.959607  0.052548  -0.002843  -0.000083  -0.003031  -0.214957  0.669043  0.522079  2.000000  
121.151510 0.009599  0.092505  -0.002671  0.946462  0.281783  0.157508  -0.165927  0.006111  0.986119  0.276909  -0.959459  0.052540  -0.002953  -0.000204  -0.003145  -0.209568  0.663737  0.517953  2.000000  
121.152763 0.009595  0.092504  -0.002676  0.946452  0.282284  0.156668  -0.165122  0.006255  0.986253  0.277423  -0.959311  0.052531  -0.002988  -0.000328  -0.003294  -0.209969  0.663060  0.508993  2.000000  
121.154021 0.009591  0.092501  -0.002682  0.946444  0.282659  0.156038  -0.164518  0.006364  0.986353  0.277809  -0.959199  0.052525  -0.003091  -0.000540  -0.003504  -0.202396  0.647358  0.496167  2.000000  
121.155266 0.009588  0.092499  -0.002687  0.946432  0.283160  0.155198  -0.163714  0.006509  0.986486  0.278323  -0.959051  0.052517  -0.003078  -0.000715  -0.003609  -0.202832  0.646823  0.487247  2.000000  
121.156266 0.009585  0.092497  -0.002692  0.946423  0.283535  0.154568  -0.163110  0.006618  0.986586  0.278708  -0.958939  0.052511  -0.003069  -0.000827  -0.003706  -0.197226  0.639675  0.478635  2.000000  
121.157517 0.009582  0.092494  -0.002698  0.946447  0.283909  0.153735  -0.162312  0.006787  0.986716  0.279094  -0.958827  0.052505  -0.003047  -0.001064  -0.003813  -0.197530  0.639018  0.469604  2.000000  
121.158764 0.009579  0.092492  -0.002704  0.946399  0.284410  0.153098  -0.161702  0.006876  0.986816  0.279608  -0.958678  0.052497  -0.002991  -0.001193  -0.003863  -0.196281  0.633448  0.461316  2.000000  
121.159766 0.009577  0.092490  -0.002708  0.946425  0.284659  0.152474  -0.161105  0.007008  0.986912  0.279865  -0.958603  0.052493  -0.002924  -0.001327  -0.003953  -0.192220  0.631232  0.451974  2.000000  
121.161027 0.009575  0.092487  -0.002713  0.946414  0.285034  0.151844  -0.160502  0.007120  0.987010  0.280250  -0.958491  0.052487  -0.002789  -0.001529  -0.004043  -0.190606  0.623469  0.438675  2.000000  
121.162263 0.009573  0.092484  -0.002718  0.946439  0.285282  0.151220  -0.159904  0.007253  0.987106  0.280507  -0.958416  0.052482  -0.002652  -0.001675  -0.004096  -0.185009  0.616347  0.425752  2.000000  
121.163510 0.009571  0.092481  -0.002723  0.946463  0.285531  0.150597  -0.159307  0.007387  0.987201  0.280764  -0.958341  0.052478  -0.002495  -0.001796  -0.004143  -0.183795  0.610579  0.408968  2.000000  
121.164512 0.009570  0.092479  -0.002727  0.946455  0.285780  0.150177  -0.158905  0.007462  0.987266  0.281021  -0.958266  0.052474  -0.002352  -0.001917  -0.004236  -0.180245  0.596799  0.400750  2.000000  
121.165514 0.009570  0.092476  -0.002731  0.946516  0.285902  0.149560  -0.158314  0.007617  0.987359  0.281149  -0.958229  0.052472  -0.002163  -0.002027  -0.004243  -0.176035  0.593849  0.381965  2.000000  
121.166759 0.009568  0.092474  -0.002736  0.946506  0.286152  0.149140  -0.157912  0.007693  0.987423  0.281406  -0.958153  0.052468  -0.001976  -0.002056  -0.004221  -0.172910  0.581779  0.370250  2.000000  
121.167762 0.009568  0.092472  -0.002739  0.946529  0.286400  0.148516  -0.157315  0.007827  0.987517  0.281663  -0.958078  0.052464  -0.001799  -0.002111  -0.004202  -0.173172  0.581352  0.361424  2.000000  
121.168764 0.009568  0.092470  -0.002742  0.946557  0.286523  0.148102  -0.156920  0.007924  0.987580  0.281791  -0.958041  0.052462  -0.001590  -0.002129  -0.004074  -0.165036  0.564906  0.342985  2.000000  
121.170015 0.009568  0.092468  -0.002746  0.946547  0.286791  0.147647  -0.156517  0.008120  0.987642  0.282048  -0.957959  0.052574  -0.001395  -0.002122  -0.003998  -0.166030  0.553112  0.331566  2.000000  
121.171030 0.009568  0.092466  -0.002749  0.946574  0.286914  0.147233  -0.156122  0.008217  0.987704  0.282176  -0.957921  0.052572  -0.001155  -0.002082  -0.003849  -0.164292  0.545698  0.318541  2.000000  
121.172266 0.009568  0.092464  -0.002753  0.946564  0.287163  0.146813  -0.155720  0.008294  0.987766  0.282433  -0.957846  0.052568  -0.000942  -0.002073  -0.003720  -0.162079  0.536197  0.308475  2.000000  
121.173515 0.009569  0.092463  -0.002757  0.946591  0.287304  0.146364  -0.155324  0.008511  0.987827  0.282561  -0.957802  0.052682  -0.000661  -0.001983  -0.003589  -0.159005  0.524443  0.292868  2.000000  
121.174763 0.009570  0.092461  -0.002760  0.946580  0.287554  0.145944  -0.154922  0.008588  0.987889  0.282818  -0.957726  0.052678  -0.000451  -0.001951  -0.003501  -0.155387  0.510725  0.284682  2.000000  
121.176016 0.009571  0.092459  -0.002764  0.946606  0.287694  0.145495  -0.154526  0.008806  0.987950  0.282946  -0.957682  0.052792  -0.000236  -0.001837  -0.003385  -0.155159  0.494004  0.270133  2.000000  
121.177016 0.009572  0.092458  -0.002767  0.946632  0.287817  0.145081  -0.154130  0.008904  0.988010  0.283074  -0.957644  0.052790  -0.000052  -0.001778  -0.003341  -0.153370  0.486524  0.256999  2.000000  
121.178026 0.009574  0.092457  -0.002770  0.946627  0.287959  0.144836  -0.153929  0.009062  0.988040  0.283203  -0.957600  0.052904  0.000122  -0.001678  -0.003299  -0.149640  0.472431  0.244166  2.000000  
121.179264 0.009575  0.092457  -0.002774  0.946653  0.288082  0.144422  -0.153533  0.009160  0.988101  0.283331  -0.957562  0.052902  0.000342  -0.001499  -0.003192  -0.147958  0.464977  0.226685  2.000000  
121.180511 0.009577  0.092456  -0.002778  0.946647  0.288224  0.144177  -0.153332  0.009319  0.988131  0.283459  -0.957518  0.053016  0.000501  -0.001374  -0.003156  -0.146371  0.444299  0.214280  2.000000  
121.181516 0.009578  0.092455  -0.002781  0.946603  0.288492  0.143924  -0.153125  0.009457  0.988162  0.283716  -0.957435  0.053128  0.000651  -0.001247  -0.003062  -0.146666  0.430623  0.210431  2.000000  
121.182761 0.009580  0.092455  -0.002785  0.946629  0.288615  0.143510  -0.152729  0.009556  0.988222  0.283844  -0.957398  0.053126  0.000805  -0.001127  -0.003029  -0.143669  0.420050  0.200192  2.000000  
121.183765 0.009582  0.092455  -0.002787  0.946623  0.288757  0.143265  -0.152528  0.009715  0.988251  0.283973  -0.957353  0.053240  0.000965  -0.000975  -0.002981  -0.145200  0.409870  0.193633  2.000000  
121.185010 0.009585  0.092455  -0.002791  0.946610  0.289023  0.142809  -0.152127  0.009913  0.988311  0.284229  -0.957271  0.053352  0.001120  -0.000838  -0.002996  -0.146249  0.399638  0.187922  2.000000  
121.186011 0.009587  0.092455  -0.002794  0.946604  0.289147  0.142598  -0.151926  0.009952  0.988342  0.284357  -0.957233  0.053349  0.001232  -0.000737  -0.003014  -0.142499  0.385989  0.179754  2.000000  
121.187264 0.009589  0.092455  -0.002798  0.946598  0.289289  0.142353  -0.151725  0.010111  0.988371  0.284486  -0.957188  0.053463  0.001364  -0.000580  -0.003015  -0.140056  0.361823  0.169183  2.000000  
121.188266 0.009590  0.092455  -0.002801  0.946591  0.289431  0.142107  -0.151524  0.010270  0.988400  0.284614  -0.957144  0.053577  0.001431  -0.000481  -0.003044  -0.142249  0.354612  0.160518  2.000000  
121.189516 0.009593  0.092455  -0.002805  0.946585  0.289572  0.141861  -0.151323  0.010429  0.988429  0.284742  -0.957099  0.053691  0.001521  -0.000347  -0.003036  -0.141339  0.338038  0.151000  2.000000  
121.190764 0.009595  0.092456  -0.002809  0.946610  0.289712  0.141412  -0.150927  0.010648  0.988488  0.284870  -0.957055  0.053805  0.001581  -0.000242  -0.003051  -0.143512  0.331213  0.146895  2.000000  
121.192012 0.009597  0.092456  -0.002814  0.946603  0.289853  0.141166  -0.150726  0.010808  0.988516  0.284999  -0.957010  0.053919  0.001641  -0.000143  -0.003083  -0.143772  0.317581  0.138711  2.000000  
121.193262 0.009599  0.092456  -0.002818  0.946596  0.289994  0.140921  -0.150525  0.010967  0.988545  0.285127  -0.956966  0.054033  0.001668  -0.000069  -0.003118  -0.143222  0.300057  0.136450  2.000000  
121.194266 0.009600  0.092456  -0.002822  0.946590  0.290136  0.140675  -0.150325  0.011127  0.988574  0.285255  -0.956921  0.054147  0.001664  -0.000013  -0.003160  -0.145390  0.293156  0.132304  2.000000  
121.195514 0.009603  0.092456  -0.002827  0.946583  0.290277  0.140429  -0.150124  0.011286  0.988603  0.285383  -0.956876  0.054261  0.001729  0.000028  -0.003253  -0.145644  0.279724  0.128572  2.000000  
121.196516 0.009604  0.092456  -0.002831  0.946614  0.290291  0.140190  -0.149929  0.011466  0.988630  0.285383  -0.956870  0.054377  0.001755  0.000009  -0.003337  -0.147725  0.272750  0.124389  2.000000  
121.197764 0.009607  0.092455  -0.002837  0.946607  0.290432  0.139944  -0.149728  0.011626  0.988659  0.285512  -0.956825  0.054491  0.001750  0.000028  -0.003474  -0.147966  0.259306  0.120653  2.000000  
121.198764 0.009608  0.092455  -0.002842  0.946638  0.290447  0.139705  -0.149533  0.011805  0.988686  0.285512  -0.956818  0.054607  0.001707  -0.000022  -0.003608  -0.146009  0.252134  0.111991  2.000000  
121.200014 0.009610  0.092454  -0.002847  0.946631  0.290588  0.139459  -0.149332  0.011965  0.988715  0.285640  -0.956773  0.054721  0.001687  -0.000085  -0.003748  -0.146945  0.243504  0.111431  2.000000  
121.201025 0.009611  0.092453  -0.002852  0.946661  0.290602  0.139221  -0.149137  0.012145  0.988742  0.285640  -0.956767  0.054837  0.001652  -0.000151  -0.003861  -0.149082  0.236727  0.107350  2.000000  
121.202259 0.009613  0.092451  -0.002857  0.946654  0.290743  0.138975  -0.148937  0.012305  0.988770  0.285768  -0.956722  0.054951  0.001615  -0.000245  -0.003935  -0.151232  0.229914  0.103259  2.000000  
121.203261 0.009614  0.092451  -0.002861  0.946647  0.290884  0.138728  -0.148736  0.012465  0.988798  0.285896  -0.956677  0.055065  0.001576  -0.000331  -0.004002  -0.149293  0.223320  0.103589  2.000000  
121.204269 0.009615  0.092449  -0.002867  0.946678  0.290898  0.138490  -0.148541  0.012645  0.988825  0.285896  -0.956670  0.055181  0.001531  -0.000454  -0.004157  -0.152623  0.218250  0.100295  2.000000  
121.205516 0.009617  0.092447  -0.002872  0.946671  0.291039  0.138243  -0.148340  0.012805  0.988854  0.286025  -0.956626  0.055295  0.001514  -0.000573  -0.004249  -0.150711  0.211394  0.096163  2.000000  
121.206763 0.009618  0.092445  -0.002878  0.946701  0.291053  0.138005  -0.148145  0.012985  0.988880  0.286025  -0.956619  0.055411  0.001466  -0.000720  -0.004362  -0.153529  0.209406  0.090907  2.000000  
121.207765 0.009619  0.092443  -0.002883  0.946732  0.291067  0.137766  -0.147950  0.013164  0.988907  0.286025  -0.956612  0.055527  0.001404  -0.000863  -0.004440  -0.152919  0.204370  0.087563  2.000000  
121.209020 0.009621  0.092442  -0.002889  0.946724  0.291207  0.137519  -0.147749  0.013325  0.988935  0.286153  -0.956567  0.055640  0.001376  -0.000924  -0.004550  -0.154965  0.197629  0.087876  2.000000  
121.210025 0.009622  0.092440  -0.002894  0.946724  0.291224  0.137484  -0.147749  0.013444  0.988933  0.286153  -0.956560  0.055756  0.001307  -0.001072  -0.004630  -0.152967  0.190708  0.083717  2.000000  
121.211027 0.009622  0.092439  -0.002899  0.946755  0.291238  0.137245  -0.147555  0.013624  0.988960  0.286153  -0.956554  0.055872  0.001253  -0.001155  -0.004661  -0.155820  0.188957  0.078595  2.000000  
121.212263 0.009624  0.092437  -0.002905  0.946747  0.291378  0.136999  -0.147354  0.013785  0.988988  0.286281  -0.956509  0.055986  0.001215  -0.001245  -0.004735  -0.155192  0.183663  0.075119  2.000000  
121.213510 0.009625  0.092435  -0.002912  0.946747  0.291395  0.136963  -0.147354  0.013905  0.988986  0.286281  -0.956502  0.056102  0.001161  -0.001290  -0.004770  -0.153255  0.176817  0.070997  2.000000  
121.214512 0.009626  0.092434  -0.002917  0.946777  0.291392  0.136760  -0.147159  0.013965  0.989014  0.286281  -0.956502  0.056102  0.001108  -0.001372  -0.004801  -0.151981  0.175076  0.065948  2.000000  
121.215514 0.009626  0.092432  -0.002922  0.946777  0.291409  0.136725  -0.147159  0.014085  0.989013  0.286281  -0.956495  0.056218  0.001022  -0.001440  -0.004820  -0.151269  0.169644  0.062359  2.000000  
121.216759 0.009626  0.092430  -0.002928  0.946808  0.291422  0.136486  -0.146964  0.014265  0.989039  0.286281  -0.956488  0.056334  0.000954  -0.001431  -0.004876  -0.148084  0.161437  0.057752  2.000000  
121.217762 0.009627  0.092429  -0.002933  0.946808  0.291439  0.136450  -0.146964  0.014384  0.989037  0.286281  -0.956481  0.056450  0.000911  -0.001475  -0.004913  -0.146160  0.154644  0.053666  2.000000  
121.218762 0.009627  0.092427  -0.002938  0.946838  0.291452  0.136211  -0.146769  0.014564  0.989064  0.286281  -0.956474  0.056566  0.000825  -0.001503  -0.004933  -0.150180  0.154352  0.049192  2.000000  
121.220018 0.009628  0.092425  -0.002944  0.946838  0.291469  0.136176  -0.146769  0.014684  0.989062  0.286281  -0.956468  0.056682  0.000785  -0.001505  -0.004964  -0.145365  0.148740  0.045459  2.000000  
121.221033 0.009628  0.092423  -0.002949  0.946838  0.291469  0.136176  -0.146769  0.014684  0.989062  0.286281  -0.956468  0.056682  0.000699  -0.001531  -0.004981  -0.143342  0.141802  0.041336  2.000000  
121.222264 0.009629  0.092422  -0.002955  0.946838  0.291485  0.136141  -0.146769  0.014804  0.989060  0.286281  -0.956461  0.056798  0.000662  -0.001515  -0.004971  0.000000  0.000000  0.000000  2.000000  
121.223264 0.009629  0.092420  -0.002960  0.946838  0.291502  0.136105  -0.146769  0.014924  0.989058  0.286281  -0.956454  0.056914  0.000577  -0.001525  -0.004948  0.000000  0.000000  0.000000  2.000000  
