1-Time 2-Px 3-Py 4-Pz 5-R11 6-R21 7-R31 8-R12 9-R22 10-R32 11-R13 12-R23 13-R33 14-Vx 15-Vy 16-Vz 17-Wx 18-Wy 19-Wz 20-state 21-PR11 22-PR21 23-PR31 24-PR12 25-PR22 26-PR32 27-PR13 28-PR23 29-PR33 
27.145132 0.012429  0.095227  0.013520  0.996272  0.081366  0.028658  -0.081608  0.996637  0.007389  -0.027960  -0.009700  0.999562  -0.000729  0.000011  -0.000984  -0.010855  0.327977  -0.411705  2.000000  
27.146134 0.012429  0.095227  0.013519  0.996313  0.080958  0.028388  -0.081198  0.996670  0.007422  -0.027693  -0.009700  0.999569  -0.000713  0.000005  -0.001015  -0.011218  0.323402  -0.404828  2.000000  
27.147135 0.012430  0.095227  0.013517  0.996337  0.080755  0.028120  -0.080994  0.996687  0.007450  -0.027425  -0.009700  0.999577  -0.000579  -0.000028  -0.001015  -0.011574  0.318775  -0.397887  2.000000  
27.148141 0.012432  0.095226  0.013517  0.996365  0.080554  0.027719  -0.080790  0.996703  0.007488  -0.027024  -0.009700  0.999588  -0.000408  -0.000054  -0.000977  -0.011953  0.318653  -0.390913  2.000000  
27.149392 0.012435  0.095225  0.013516  0.996409  0.080147  0.027316  -0.080380  0.996736  0.007532  -0.026623  -0.009700  0.999598  -0.000140  -0.000119  -0.000977  -0.008253  0.318596  -0.384066  2.000000  
27.150638 0.012439  0.095224  0.013515  0.996436  0.079943  0.026924  -0.080176  0.996751  0.007690  -0.026222  -0.009822  0.999608  0.000181  -0.000184  -0.000971  -0.004785  0.314003  -0.370290  2.000000  
27.151643 0.012442  0.095223  0.013514  0.996459  0.079740  0.026656  -0.079971  0.996767  0.007717  -0.025954  -0.009822  0.999615  0.000486  -0.000243  -0.000933  -0.005096  0.313947  -0.363394  2.000000  
27.152886 0.012448  0.095222  0.013513  0.996486  0.079539  0.026254  -0.079767  0.996783  0.007755  -0.025553  -0.009822  0.999625  0.000963  -0.000283  -0.000917  -0.001608  0.309268  -0.349606  2.000000  
27.153896 0.012453  0.095222  0.013512  0.996509  0.079336  0.025986  -0.079562  0.996800  0.007781  -0.025285  -0.009822  0.999632  0.001356  -0.000354  -0.000933  -0.001908  0.309103  -0.342588  2.000000  
27.155137 0.012459  0.095219  0.013509  0.996519  0.079340  0.025586  -0.079563  0.996799  0.007813  -0.024884  -0.009822  0.999642  0.001806  -0.000516  -0.000968  -0.002658  0.308987  -0.321948  2.000000  
27.156137 0.012464  0.095218  0.013507  0.996545  0.079139  0.025184  -0.079359  0.996815  0.007850  -0.024483  -0.009822  0.999652  0.002178  -0.000600  -0.001053  0.001086  0.308895  -0.315052  2.000000  
27.157386 0.012470  0.095216  0.013505  0.996555  0.079140  0.024794  -0.079360  0.996814  0.008003  -0.024081  -0.009943  0.999661  0.002655  -0.000749  -0.001164  0.004619  0.304298  -0.301270  2.000000  
27.158389 0.012476  0.095216  0.013502  0.996578  0.078937  0.024525  -0.079155  0.996830  0.008030  -0.023814  -0.009943  0.999667  0.003066  -0.000780  -0.001270  0.004342  0.304237  -0.294365  2.000000  
27.159641 0.012483  0.095215  0.013499  0.996587  0.078941  0.024125  -0.079156  0.996830  0.008061  -0.023413  -0.009943  0.999676  0.003628  -0.000850  -0.001408  0.003646  0.304235  -0.273804  2.000000  
27.160885 0.012491  0.095214  0.013495  0.996597  0.078945  0.023725  -0.079156  0.996829  0.008093  -0.023011  -0.009944  0.999686  0.004172  -0.000933  -0.001617  0.007037  0.303777  -0.252869  2.000000  
27.162138 0.012499  0.095212  0.013492  0.996606  0.078946  0.023335  -0.079157  0.996828  0.008246  -0.022610  -0.010065  0.999694  0.004610  -0.000998  -0.001740  0.010636  0.303654  -0.239022  2.000000  
27.163383 0.012507  0.095211  0.013488  0.996615  0.078951  0.022935  -0.079158  0.996828  0.008278  -0.022209  -0.010065  0.999703  0.004949  -0.001082  -0.001887  0.010105  0.305599  -0.223385  2.000000  
27.164639 0.012516  0.095208  0.013486  0.996623  0.078955  0.022535  -0.079159  0.996827  0.008309  -0.021807  -0.010065  0.999712  0.005326  -0.001145  -0.002016  0.013622  0.307788  -0.204421  2.000000  
27.165919 0.012524  0.095205  0.013482  0.996632  0.078956  0.022145  -0.079159  0.996826  0.008462  -0.021406  -0.010186  0.999719  0.005640  -0.001213  -0.002130  0.017234  0.307281  -0.190337  2.000000  
27.167135 0.012532  0.095201  0.013479  0.996643  0.078961  0.021611  -0.079160  0.996826  0.008504  -0.020871  -0.010187  0.999730  0.005817  -0.001431  -0.002266  0.016638  0.311996  -0.169809  2.000000  
27.168142 0.012539  0.095198  0.013477  0.996652  0.078965  0.021211  -0.079161  0.996825  0.008536  -0.020470  -0.010187  0.999739  0.005998  -0.001623  -0.002424  0.016229  0.316281  -0.155896  2.000000  
27.169390 0.012548  0.095193  0.013474  0.996662  0.078971  0.020678  -0.079162  0.996825  0.008578  -0.019935  -0.010187  0.999749  0.006185  -0.001812  -0.002485  0.015825  0.325181  -0.141998  2.000000  
27.170640 0.012556  0.095188  0.013470  0.996670  0.078975  0.020278  -0.079162  0.996825  0.008610  -0.019533  -0.010187  0.999757  0.006303  -0.002039  -0.002608  0.015428  0.325001  -0.128151  2.000000  
27.171885 0.012564  0.095182  0.013466  0.996681  0.078980  0.019744  -0.079163  0.996824  0.008653  -0.018998  -0.010187  0.999768  0.006391  -0.002307  -0.002636  0.018950  0.329341  -0.107400  2.000000  
27.172889 0.012570  0.095179  0.013463  0.996686  0.078983  0.019478  -0.079164  0.996824  0.008674  -0.018731  -0.010187  0.999773  0.006491  -0.002547  -0.002687  0.018754  0.329222  -0.100469  2.000000  
27.174136 0.012579  0.095175  0.013459  0.996693  0.078987  0.019078  -0.079164  0.996824  0.008706  -0.018329  -0.010187  0.999780  0.006607  -0.002730  -0.002725  0.018399  0.333617  -0.086603  2.000000  
27.175139 0.012586  0.095171  0.013456  0.996698  0.078990  0.018811  -0.079164  0.996823  0.008727  -0.018062  -0.010187  0.999785  0.006665  -0.002912  -0.002770  0.018055  0.329049  -0.072830  2.000000  
27.176382 0.012594  0.095167  0.013451  0.996703  0.078993  0.018544  -0.079165  0.996823  0.008748  -0.017794  -0.010187  0.999790  0.006680  -0.003114  -0.002832  0.017731  0.326277  -0.065371  2.000000  
27.177384 0.012601  0.095163  0.013448  0.996710  0.078997  0.018144  -0.079165  0.996823  0.008780  -0.017393  -0.010187  0.999797  0.006699  -0.003256  -0.002830  0.017555  0.330679  -0.058468  2.000000  
27.178385 0.012607  0.095159  0.013445  0.996714  0.078999  0.017877  -0.079166  0.996823  0.008801  -0.017125  -0.010187  0.999801  0.006656  -0.003475  -0.002854  0.017377  0.328811  -0.045165  2.000000  
27.179387 0.012613  0.095154  0.013442  0.996717  0.079001  0.017744  -0.079166  0.996823  0.008812  -0.016992  -0.010187  0.999804  0.006616  -0.003637  -0.002960  0.017074  0.321566  -0.037975  2.000000  
27.180637 0.012621  0.095149  0.013438  0.996723  0.079005  0.017344  -0.079167  0.996822  0.008843  -0.016590  -0.010187  0.999810  0.006581  -0.003829  -0.003029  0.012864  0.321447  -0.031089  2.000000  
27.181883 0.012628  0.095143  0.013434  0.996744  0.078802  0.017076  -0.078962  0.996838  0.008868  -0.016323  -0.010187  0.999815  0.006493  -0.003994  -0.003026  0.012854  0.317013  -0.031137  2.000000  
27.182894 0.012634  0.095137  0.013432  0.996746  0.078804  0.016942  -0.078962  0.996838  0.008879  -0.016189  -0.010187  0.999817  0.006389  -0.004133  -0.003034  0.012805  0.310521  -0.024562  2.000000  
27.184139 0.012641  0.095130  0.013430  0.996750  0.078808  0.016666  -0.078962  0.996839  0.008779  -0.015921  -0.010066  0.999823  0.006302  -0.004260  -0.002948  0.008578  0.305984  -0.017711  2.000000  
27.185387 0.012648  0.095123  0.013428  0.996755  0.078811  0.016399  -0.078963  0.996839  0.008800  -0.015654  -0.010066  0.999827  0.006253  -0.004380  -0.002822  0.008503  0.303492  -0.017567  2.000000  
27.186387 0.012653  0.095118  0.013427  0.996775  0.078609  0.016131  -0.078758  0.996855  0.008824  -0.015386  -0.010066  0.999831  0.006194  -0.004463  -0.002690  0.008497  0.303478  -0.017566  2.000000  
27.187388 0.012659  0.095112  0.013426  0.996777  0.078610  0.015997  -0.078758  0.996855  0.008835  -0.015252  -0.010066  0.999833  0.006136  -0.004565  -0.002599  0.004486  0.297026  -0.017785  2.000000  
27.188390 0.012665  0.095107  0.013425  0.996779  0.078613  0.015854  -0.078758  0.996856  0.008724  -0.015119  -0.009945  0.999836  0.006031  -0.004685  -0.002481  0.000269  0.292388  -0.010927  2.000000  
27.189641 0.012672  0.095101  0.013423  0.996783  0.078616  0.015588  -0.078758  0.996855  0.008746  -0.014851  -0.009945  0.999840  0.005907  -0.004844  -0.002272  0.000263  0.285565  -0.010883  2.000000  
27.190886 0.012678  0.095094  0.013422  0.996801  0.078412  0.015452  -0.078553  0.996871  0.008759  -0.014717  -0.009945  0.999842  0.005848  -0.004942  -0.002106  0.000392  0.279044  -0.017983  2.000000  
27.191887 0.012683  0.095089  0.013420  0.996803  0.078413  0.015319  -0.078553  0.996871  0.008770  -0.014584  -0.009945  0.999844  0.005720  -0.005073  -0.001968  -0.003691  0.270047  -0.018056  2.000000  
27.192888 0.012689  0.095084  0.013419  0.996805  0.078416  0.015176  -0.078554  0.996872  0.008659  -0.014450  -0.009824  0.999847  0.005695  -0.005089  -0.001841  -0.007708  0.263331  -0.017966  2.000000  
27.193894 0.012694  0.095080  0.013418  0.996807  0.078418  0.015043  -0.078554  0.996872  0.008670  -0.014316  -0.009824  0.999849  0.005574  -0.005133  -0.001701  -0.007782  0.256673  -0.018215  2.000000  
27.195135 0.012699  0.095073  0.013416  0.996825  0.078214  0.014908  -0.078349  0.996888  0.008683  -0.014182  -0.009824  0.999851  0.005401  -0.005249  -0.001561  -0.011738  0.247639  -0.025201  2.000000  
27.196136 0.012703  0.095068  0.013414  0.996825  0.078214  0.014908  -0.078349  0.996888  0.008683  -0.014182  -0.009824  0.999851  0.005311  -0.005209  -0.001476  -0.011743  0.234143  -0.025335  2.000000  
27.197383 0.012708  0.095062  0.013414  0.996827  0.078217  0.014765  -0.078349  0.996889  0.008573  -0.014048  -0.009703  0.999854  0.005182  -0.005206  -0.001318  -0.015697  0.223285  -0.025229  2.000000  
27.198389 0.012712  0.095057  0.013413  0.996827  0.078217  0.014765  -0.078349  0.996889  0.008573  -0.014048  -0.009703  0.999854  0.005027  -0.005150  -0.001228  -0.015830  0.211609  -0.025568  2.000000  
27.199392 0.012716  0.095052  0.013412  0.996845  0.078013  0.014630  -0.078144  0.996905  0.008587  -0.013915  -0.009703  0.999856  0.004947  -0.005116  -0.001151  -0.015719  0.202661  -0.032571  2.000000  
27.200638 0.012721  0.095047  0.013412  0.996845  0.078013  0.014630  -0.078144  0.996905  0.008587  -0.013915  -0.009703  0.999856  0.004784  -0.005005  -0.001048  -0.015600  0.187663  -0.032445  2.000000  
27.201638 0.012725  0.095043  0.013412  0.996847  0.078014  0.014496  -0.078144  0.996905  0.008597  -0.013781  -0.009703  0.999858  0.004662  -0.004895  -0.000975  -0.015740  0.175716  -0.032846  2.000000  
27.202640 0.012729  0.095038  0.013412  0.996847  0.078014  0.014496  -0.078144  0.996905  0.008597  -0.013781  -0.009703  0.999858  0.004548  -0.004849  -0.000904  0.000000  0.000000  0.000000  2.000000  
27.203887 0.012733  0.095033  0.013411  0.996849  0.078016  0.014363  -0.078144  0.996905  0.008607  -0.013647  -0.009703  0.999860  0.004411  -0.004790  -0.000853  0.000000  0.000000  0.000000  2.000000  
27.204888 0.012737  0.095028  0.013411  0.996865  0.077810  0.014361  -0.077939  0.996921  0.008610  -0.013647  -0.009703  0.999860  0.004236  -0.004702  -0.000770  0.000000  0.000000  0.000000  2.000000  
27.205890 0.012741  0.095024  0.013412  0.996867  0.077813  0.014218  -0.077939  0.996922  0.008500  -0.013513  -0.009581  0.999863  0.004113  -0.004677  -0.000654  0.000000  0.000000  0.000000  2.000000  
27.207135 0.012745  0.095019  0.013411  0.996867  0.077813  0.014218  -0.077939  0.996922  0.008500  -0.013513  -0.009581  0.999863  0.004013  -0.004589  -0.000582  0.000000  0.000000  0.000000  2.000000  
27.208197 0.012749  0.095016  0.013411  0.996868  0.077815  0.014085  -0.077939  0.996922  0.008510  -0.013379  -0.009581  0.999865  0.003870  -0.004479  -0.000485  0.000000  0.000000  0.000000  2.000000  
27.209390 0.012753  0.095011  0.013411  0.996868  0.077816  0.014076  -0.077939  0.996923  0.008389  -0.013379  -0.009460  0.999866  0.003776  -0.004386  -0.000375  0.000000  0.000000  0.000000  2.000000  
27.210638 0.012757  0.095007  0.013411  0.996870  0.077818  0.013942  -0.077939  0.996923  0.008400  -0.013246  -0.009460  0.999868  0.003716  -0.004252  -0.000271  0.000000  0.000000  0.000000  2.000000  
27.211638 0.012760  0.095004  0.013410  0.996870  0.077818  0.013942  -0.077939  0.996923  0.008400  -0.013246  -0.009460  0.999868  0.003632  -0.004151  -0.000250  0.000000  0.000000  0.000000  2.000000  
27.212886 0.012763  0.095000  0.013409  0.996870  0.077818  0.013942  -0.077939  0.996923  0.008400  -0.013246  -0.009460  0.999868  0.003554  -0.003984  -0.000275  0.000000  0.000000  0.000000  2.000000  
27.213890 0.012766  0.094997  0.013408  0.996872  0.077819  0.013809  -0.077939  0.996923  0.008410  -0.013112  -0.009460  0.999869  0.003453  -0.003846  -0.000296  0.000000  0.000000  0.000000  2.000000  
27.215134 0.012770  0.094994  0.013406  0.996888  0.077614  0.013807  -0.077734  0.996939  0.008413  -0.013112  -0.009460  0.999869  0.003394  -0.003668  -0.000423  0.000000  0.000000  0.000000  2.000000  
27.216139 0.012772  0.094991  0.013404  0.996888  0.077614  0.013807  -0.077734  0.996939  0.008413  -0.013112  -0.009460  0.999869  0.003241  -0.003571  -0.000541  0.000000  0.000000  0.000000  2.000000  
27.217159 0.012775  0.094989  0.013402  0.996890  0.077615  0.013674  -0.077734  0.996939  0.008424  -0.012978  -0.009460  0.999871  0.003191  -0.003408  -0.000627  0.000000  0.000000  0.000000  2.000000  
27.218389 0.012777  0.094986  0.013400  0.996890  0.077615  0.013674  -0.077734  0.996939  0.008424  -0.012978  -0.009460  0.999871  0.003067  -0.003241  -0.000807  0.000000  0.000000  0.000000  2.000000  
27.219641 0.012781  0.094983  0.013397  0.996891  0.077616  0.013540  -0.077734  0.996938  0.008434  -0.012844  -0.009460  0.999873  0.002982  -0.003088  -0.000932  0.000000  0.000000  0.000000  2.000000  
27.220643 0.012783  0.094981  0.013396  0.996893  0.077617  0.013407  -0.077734  0.996938  0.008444  -0.012711  -0.009460  0.999874  0.002899  -0.002936  -0.001058  0.000000  0.000000  0.000000  2.000000  
27.221886 0.012786  0.094978  0.013393  0.996893  0.077617  0.013407  -0.077734  0.996938  0.008444  -0.012711  -0.009460  0.999874  0.002772  -0.002829  -0.001190  0.000000  0.000000  0.000000  2.000000  
27.223136 0.012789  0.094976  0.013392  0.996895  0.077620  0.013264  -0.077735  0.996939  0.008334  -0.012577  -0.009339  0.999877  0.002676  -0.002658  -0.001303  0.000000  0.000000  0.000000  2.000000  
27.224137 0.012791  0.094974  0.013389  0.996896  0.077621  0.013131  -0.077735  0.996939  0.008344  -0.012443  -0.009339  0.999879  0.002575  -0.002493  -0.001514  0.000000  0.000000  0.000000  2.000000  
27.225389 0.012793  0.094972  0.013387  0.996896  0.077621  0.013131  -0.077735  0.996939  0.008344  -0.012443  -0.009339  0.999879  0.002451  -0.002393  -0.001618  0.000000  0.000000  0.000000  2.000000  
27.226634 0.012796  0.094970  0.013383  0.996898  0.077623  0.012997  -0.077735  0.996939  0.008355  -0.012309  -0.009339  0.999881  0.002394  -0.002275  -0.001778  0.000000  0.000000  0.000000  2.000000  
27.227887 0.012798  0.094967  0.013380  0.996900  0.077624  0.012864  -0.077735  0.996939  0.008365  -0.012175  -0.009339  0.999882  0.002271  -0.002127  -0.001925  0.000000  0.000000  0.000000  2.000000  
27.229138 0.012800  0.094966  0.013376  0.996901  0.077627  0.012721  -0.077735  0.996940  0.008254  -0.012042  -0.009218  0.999885  0.002229  -0.002014  -0.002099  0.000000  0.000000  0.000000  2.000000  
27.230383 0.012803  0.094964  0.013372  0.996903  0.077628  0.012588  -0.077735  0.996940  0.008265  -0.011908  -0.009218  0.999887  0.002176  -0.001901  -0.002251  0.000000  0.000000  0.000000  2.000000  
27.231393 0.012804  0.094963  0.013368  0.996903  0.077628  0.012588  -0.077735  0.996940  0.008265  -0.011908  -0.009218  0.999887  0.002119  -0.001801  -0.002369  0.000000  0.000000  0.000000  2.000000  
27.232641 0.012807  0.094962  0.013364  0.996920  0.077424  0.012453  -0.077530  0.996956  0.008278  -0.011774  -0.009218  0.999888  0.002045  -0.001676  -0.002482  0.000000  0.000000  0.000000  2.000000  
27.233896 0.012809  0.094961  0.013359  0.996922  0.077425  0.012319  -0.077530  0.996956  0.008288  -0.011640  -0.009218  0.999890  0.001953  -0.001587  -0.002646  0.000000  0.000000  0.000000  2.000000  
27.235138 0.012811  0.094959  0.013354  0.996924  0.077426  0.012186  -0.077530  0.996955  0.008299  -0.011506  -0.009218  0.999891  0.001899  -0.001512  -0.002876  0.000000  0.000000  0.000000  2.000000  
27.236138 0.012812  0.094958  0.013351  0.996924  0.077426  0.012186  -0.077530  0.996955  0.008299  -0.011506  -0.009218  0.999891  0.001838  -0.001439  -0.002958  0.000000  0.000000  0.000000  2.000000  
27.237388 0.012814  0.094956  0.013345  0.996925  0.077428  0.012053  -0.077530  0.996955  0.008309  -0.011373  -0.009218  0.999893  0.001791  -0.001391  -0.003173  0.000000  0.000000  0.000000  2.000000  
27.238636 0.012815  0.094954  0.013340  0.996927  0.077429  0.011919  -0.077531  0.996955  0.008319  -0.011239  -0.009218  0.999894  0.001717  -0.001410  -0.003357  0.000000  0.000000  0.000000  2.000000  
27.239638 0.012817  0.094953  0.013336  0.996928  0.077430  0.011786  -0.077531  0.996955  0.008330  -0.011105  -0.009218  0.999896  0.001682  -0.001370  -0.003454  0.000000  0.000000  0.000000  2.000000  
27.240640 0.012818  0.094951  0.013332  0.996928  0.077430  0.011786  -0.077531  0.996955  0.008330  -0.011105  -0.009218  0.999896  0.001649  -0.001319  -0.003594  0.000000  0.000000  0.000000  2.000000  
27.241893 0.012820  0.094950  0.013327  0.996930  0.077433  0.011643  -0.077531  0.996956  0.008219  -0.010971  -0.009097  0.999898  0.001600  -0.001317  -0.003749  0.000000  0.000000  0.000000  2.000000  
27.243139 0.012823  0.094949  0.013322  0.996931  0.077434  0.011510  -0.077531  0.996956  0.008230  -0.010837  -0.009097  0.999900  0.001624  -0.001212  -0.003800  0.000000  0.000000  0.000000  2.000000  
27.244383 0.012825  0.094947  0.013318  0.996931  0.077434  0.011510  -0.077531  0.996956  0.008230  -0.010837  -0.009097  0.999900  0.001648  -0.001211  -0.003829  0.000000  0.000000  0.000000  2.000000  
27.245385 0.012827  0.094946  0.013314  0.996932  0.077435  0.011376  -0.077531  0.996956  0.008240  -0.010704  -0.009097  0.999901  0.001621  -0.001231  -0.003901  0.000000  0.000000  0.000000  2.000000  
27.246388 0.012829  0.094945  0.013310  0.996932  0.077435  0.011376  -0.077531  0.996956  0.008240  -0.010704  -0.009097  0.999901  0.001657  -0.001191  -0.003875  0.000000  0.000000  0.000000  2.000000  
27.247636 0.012831  0.094944  0.013305  0.996934  0.077436  0.011243  -0.077531  0.996956  0.008250  -0.010570  -0.009097  0.999903  0.001629  -0.001177  -0.003958  0.000000  0.000000  0.000000  2.000000  
27.248636 0.012833  0.094943  0.013300  0.996934  0.077436  0.011243  -0.077531  0.996956  0.008250  -0.010570  -0.009097  0.999903  0.001645  -0.001183  -0.003988  0.000000  0.000000  0.000000  2.000000  
27.249642 0.012835  0.094942  0.013296  0.996934  0.077438  0.011234  -0.077531  0.996957  0.008129  -0.010570  -0.008975  0.999904  0.001686  -0.001164  -0.003999  0.000000  0.000000  0.000000  2.000000  
27.250887 0.012837  0.094940  0.013290  0.996950  0.077233  0.011232  -0.077326  0.996973  0.008132  -0.010570  -0.008975  0.999904  0.001679  -0.001195  -0.004049  0.000000  0.000000  0.000000  2.000000  
27.251888 0.012838  0.094939  0.013286  0.996951  0.077234  0.011099  -0.077326  0.996973  0.008142  -0.010436  -0.008975  0.999905  0.001688  -0.001175  -0.004094  0.000000  0.000000  0.000000  2.000000  
27.253138 0.012841  0.094938  0.013280  0.996951  0.077234  0.011099  -0.077326  0.996973  0.008142  -0.010436  -0.008975  0.999905  0.001776  -0.001131  -0.004114  0.000000  0.000000  0.000000  2.000000  
27.254140 0.012843  0.094936  0.013276  0.996951  0.077234  0.011099  -0.077326  0.996973  0.008142  -0.010436  -0.008975  0.999905  0.001785  -0.001110  -0.004159  0.000000  0.000000  0.000000  2.000000  
27.255141 0.012845  0.094935  0.013271  0.996951  0.077234  0.011099  -0.077326  0.996973  0.008142  -0.010436  -0.008975  0.999905  0.001802  -0.001117  -0.004191  0.000000  0.000000  0.000000  2.000000  
27.256390 0.012847  0.094934  0.013265  0.996935  0.077439  0.011100  -0.077531  0.996957  0.008140  -0.010436  -0.008975  0.999905  0.001837  -0.001129  -0.004254  0.000000  0.000000  0.000000  2.000000  
27.257394 0.012849  0.094933  0.013261  0.996935  0.077439  0.011100  -0.077531  0.996957  0.008140  -0.010436  -0.008975  0.999905  0.001875  -0.001076  -0.004274  0.000000  0.000000  0.000000  2.000000  
27.258641 0.012852  0.094932  0.013256  0.996935  0.077439  0.011100  -0.077531  0.996957  0.008140  -0.010436  -0.008975  0.999905  0.001902  -0.001063  -0.004351  0.000000  0.000000  0.000000  2.000000  
27.259657 0.012855  0.094931  0.013252  0.996935  0.077439  0.011100  -0.077531  0.996957  0.008140  -0.010436  -0.008975  0.999905  0.001946  -0.001035  -0.004352  0.000000  0.000000  0.000000  2.000000  
27.260885 0.012857  0.094930  0.013246  0.996935  0.077439  0.011100  -0.077531  0.996957  0.008140  -0.010436  -0.008975  0.999905  0.001938  -0.001070  -0.004404  0.000000  0.000000  0.000000  2.000000  
27.261887 0.012860  0.094929  0.013241  0.996934  0.077438  0.011234  -0.077531  0.996957  0.008129  -0.010570  -0.008975  0.999904  0.002008  -0.001076  -0.004426  0.000000  0.000000  0.000000  2.000000  
27.263137 0.012862  0.094927  0.013235  0.996934  0.077438  0.011234  -0.077531  0.996957  0.008129  -0.010570  -0.008975  0.999904  0.001995  -0.001115  -0.004482  0.000000  0.000000  0.000000  2.000000  
27.264138 0.012864  0.094926  0.013231  0.996934  0.077438  0.011234  -0.077531  0.996957  0.008129  -0.010570  -0.008975  0.999904  0.002025  -0.001089  -0.004471  0.000000  0.000000  0.000000  2.000000  
27.265386 0.012867  0.094925  0.013226  0.996934  0.077438  0.011234  -0.077531  0.996957  0.008129  -0.010570  -0.008975  0.999904  0.002088  -0.001063  -0.004495  0.000000  0.000000  0.000000  2.000000  
27.266401 0.012869  0.094924  0.013220  0.996918  0.077643  0.011235  -0.077736  0.996941  0.008127  -0.010570  -0.008975  0.999904  0.002127  -0.001015  -0.004527  0.000000  0.000000  0.000000  2.000000  
27.267640 0.012872  0.094923  0.013215  0.996918  0.077643  0.011235  -0.077736  0.996941  0.008127  -0.010570  -0.008975  0.999904  0.002165  -0.001010  -0.004491  0.000000  0.000000  0.000000  2.000000  
27.268891 0.012875  0.094922  0.013209  0.996916  0.077642  0.011369  -0.077736  0.996941  0.008117  -0.010704  -0.008975  0.999902  0.002202  -0.000954  -0.004499  0.000000  0.000000  0.000000  2.000000  
27.269892 0.012878  0.094922  0.013204  0.996916  0.077642  0.011369  -0.077736  0.996941  0.008117  -0.010704  -0.008975  0.999902  0.002244  -0.000905  -0.004534  0.000000  0.000000  0.000000  2.000000  
27.271139 0.012881  0.094921  0.013198  0.996916  0.077640  0.011378  -0.077736  0.996940  0.008238  -0.010704  -0.009097  0.999901  0.002279  -0.000851  -0.004542  0.000000  0.000000  0.000000  2.000000  
27.272140 0.012883  0.094920  0.013193  0.996900  0.077846  0.011380  -0.077942  0.996924  0.008235  -0.010704  -0.009097  0.999901  0.002301  -0.000859  -0.004588  0.000000  0.000000  0.000000  2.000000  
27.273390 0.012886  0.094919  0.013186  0.996900  0.077846  0.011380  -0.077942  0.996924  0.008235  -0.010704  -0.009097  0.999901  0.002292  -0.000875  -0.004672  0.000000  0.000000  0.000000  2.000000  
27.274639 0.012889  0.094918  0.013180  0.996899  0.077844  0.011513  -0.077941  0.996924  0.008225  -0.010837  -0.009097  0.999900  0.002321  -0.000863  -0.004753  0.000000  0.000000  0.000000  2.000000  
27.275885 0.012893  0.094917  0.013174  0.996899  0.077844  0.011513  -0.077941  0.996924  0.008225  -0.010837  -0.009097  0.999900  0.002363  -0.000811  -0.004788  0.000000  0.000000  0.000000  2.000000  
27.276892 0.012895  0.094917  0.013169  0.996899  0.077844  0.011513  -0.077941  0.996924  0.008225  -0.010837  -0.009097  0.999900  0.002371  -0.000791  -0.004831  0.000000  0.000000  0.000000  2.000000  
27.278137 0.012899  0.094916  0.013163  0.996883  0.078050  0.011515  -0.078147  0.996908  0.008222  -0.010837  -0.009097  0.999900  0.002434  -0.000707  -0.004811  0.000000  0.000000  0.000000  2.000000  
27.279384 0.012902  0.094916  0.013156  0.996883  0.078050  0.011515  -0.078147  0.996908  0.008222  -0.010837  -0.009097  0.999900  0.002477  -0.000699  -0.004918  0.000000  0.000000  0.000000  2.000000  
27.280637 0.012906  0.094915  0.013151  0.996867  0.078255  0.011517  -0.078352  0.996892  0.008220  -0.010837  -0.009097  0.999900  0.002515  -0.000648  -0.004940  0.000000  0.000000  0.000000  2.000000  
27.281648 0.012909  0.094915  0.013146  0.996867  0.078255  0.011517  -0.078352  0.996892  0.008220  -0.010837  -0.009097  0.999900  0.002591  -0.000608  -0.004897  0.000000  0.000000  0.000000  2.000000  
27.282650 0.012912  0.094915  0.013141  0.996867  0.078255  0.011517  -0.078352  0.996892  0.008220  -0.010837  -0.009097  0.999900  0.002629  -0.000555  -0.004915  0.000000  0.000000  0.000000  2.000000  
27.283896 0.012915  0.094914  0.013136  0.996851  0.078460  0.011518  -0.078557  0.996876  0.008218  -0.010837  -0.009097  0.999900  0.002660  -0.000523  -0.004894  0.000000  0.000000  0.000000  2.000000  
27.285138 0.012920  0.094914  0.013130  0.996851  0.078460  0.011518  -0.078557  0.996876  0.008218  -0.010837  -0.009097  0.999900  0.002743  -0.000476  -0.004890  0.000000  0.000000  0.000000  2.000000  
27.286147 0.012923  0.094914  0.013125  0.996851  0.078460  0.011518  -0.078557  0.996876  0.008218  -0.010837  -0.009097  0.999900  0.002791  -0.000465  -0.004868  0.000000  0.000000  0.000000  2.000000  
27.287400 0.012926  0.094913  0.013119  0.996835  0.078665  0.011520  -0.078762  0.996860  0.008215  -0.010837  -0.009097  0.999900  0.002851  -0.000401  -0.004819  0.000000  0.000000  0.000000  2.000000  
27.288641 0.012930  0.094913  0.013113  0.996833  0.078664  0.011653  -0.078762  0.996860  0.008205  -0.010971  -0.009097  0.999898  0.002901  -0.000375  -0.004831  0.000000  0.000000  0.000000  2.000000  
27.289899 0.012934  0.094913  0.013107  0.996817  0.078869  0.011655  -0.078967  0.996843  0.008202  -0.010971  -0.009097  0.999898  0.002963  -0.000319  -0.004793  0.000000  0.000000  0.000000  2.000000  
27.291144 0.012938  0.094913  0.013102  0.996817  0.078869  0.011655  -0.078967  0.996843  0.008202  -0.010971  -0.009097  0.999898  0.003036  -0.000294  -0.004701  0.000000  0.000000  0.000000  2.000000  
27.292388 0.012942  0.094913  0.013096  0.996801  0.079075  0.011657  -0.079173  0.996827  0.008200  -0.010971  -0.009097  0.999898  0.003065  -0.000266  -0.004679  0.000000  0.000000  0.000000  2.000000  
27.293637 0.012946  0.094912  0.013091  0.996784  0.079278  0.011668  -0.079378  0.996810  0.008318  -0.010971  -0.009218  0.999897  0.003086  -0.000254  -0.004611  0.000000  0.000000  0.000000  2.000000  
27.294639 0.012950  0.094912  0.013087  0.996784  0.079278  0.011668  -0.079378  0.996810  0.008318  -0.010971  -0.009218  0.999897  0.003117  -0.000222  -0.004587  0.000000  0.000000  0.000000  2.000000  
27.295883 0.012954  0.094912  0.013081  0.996768  0.079484  0.011670  -0.079583  0.996794  0.008316  -0.010971  -0.009218  0.999897  0.003191  -0.000179  -0.004585  0.000000  0.000000  0.000000  2.000000  
27.296891 0.012957  0.094912  0.013077  0.996768  0.079484  0.011670  -0.079583  0.996794  0.008316  -0.010971  -0.009218  0.999897  0.003211  -0.000167  -0.004517  0.000000  0.000000  0.000000  2.000000  
27.297893 0.012961  0.094912  0.013072  0.996751  0.079689  0.011671  -0.079788  0.996777  0.008314  -0.010971  -0.009218  0.999897  0.003212  -0.000168  -0.004519  0.000000  0.000000  0.000000  2.000000  
27.299133 0.012965  0.094912  0.013068  0.996751  0.079689  0.011671  -0.079788  0.996777  0.008314  -0.010971  -0.009218  0.999897  0.003233  -0.000156  -0.004451  0.000000  0.000000  0.000000  2.000000  
27.300140 0.012968  0.094912  0.013064  0.996751  0.079689  0.011671  -0.079788  0.996777  0.008314  -0.010971  -0.009218  0.999897  0.003256  -0.000127  -0.004362  0.000000  0.000000  0.000000  2.000000  
27.301140 0.012971  0.094911  0.013060  0.996735  0.079894  0.011673  -0.079993  0.996761  0.008311  -0.010971  -0.009218  0.999897  0.003244  -0.000164  -0.004338  0.000000  0.000000  0.000000  2.000000  
27.302141 0.012975  0.094911  0.013057  0.996735  0.079894  0.011673  -0.079993  0.996761  0.008311  -0.010971  -0.009218  0.999897  0.003270  -0.000136  -0.004249  0.000000  0.000000  0.000000  2.000000  
27.303145 0.012978  0.094912  0.013053  0.996717  0.080099  0.011798  -0.080199  0.996745  0.008177  -0.011105  -0.009097  0.999897  0.003284  -0.000140  -0.004200  0.000000  0.000000  0.000000  2.000000  
27.304388 0.012982  0.094912  0.013049  0.996717  0.080099  0.011798  -0.080199  0.996745  0.008177  -0.011105  -0.009097  0.999897  0.003301  -0.000084  -0.004046  0.000000  0.000000  0.000000  2.000000  
27.305388 0.012985  0.094912  0.013046  0.996701  0.080305  0.011800  -0.080404  0.996729  0.008175  -0.011105  -0.009097  0.999897  0.003275  -0.000098  -0.003971  0.000000  0.000000  0.000000  2.000000  
27.306635 0.012989  0.094912  0.013041  0.996701  0.080305  0.011800  -0.080404  0.996729  0.008175  -0.011105  -0.009097  0.999897  0.003296  -0.000086  -0.003904  0.000000  0.000000  0.000000  2.000000  
27.307635 0.012992  0.094912  0.013037  0.996701  0.080305  0.011800  -0.080404  0.996729  0.008175  -0.011105  -0.009097  0.999897  0.003278  -0.000080  -0.003872  0.000000  0.000000  0.000000  2.000000  
27.308637 0.012996  0.094912  0.013034  0.996684  0.080510  0.011802  -0.080609  0.996712  0.008172  -0.011105  -0.009097  0.999897  0.003280  -0.000017  -0.003759  0.000000  0.000000  0.000000  2.000000  
27.309885 0.013000  0.094913  0.013030  0.996684  0.080510  0.011802  -0.080609  0.996712  0.008172  -0.011105  -0.009097  0.999897  0.003300  0.000040  -0.003678  0.000000  0.000000  0.000000  2.000000  
27.311133 0.013004  0.094912  0.013026  0.996684  0.080510  0.011802  -0.080609  0.996712  0.008172  -0.011105  -0.009097  0.999897  0.003282  0.000000  -0.003589  0.000000  0.000000  0.000000  2.000000  
27.312139 0.013007  0.094913  0.013024  0.996666  0.080714  0.011937  -0.080814  0.996696  0.008159  -0.011239  -0.009097  0.999895  0.003251  0.000032  -0.003493  0.000000  0.000000  0.000000  2.000000  
27.313387 0.013011  0.094913  0.013020  0.996666  0.080714  0.011937  -0.080814  0.996696  0.008159  -0.011239  -0.009097  0.999895  0.003240  0.000056  -0.003362  0.000000  0.000000  0.000000  2.000000  
27.314639 0.013015  0.094914  0.013017  0.996666  0.080714  0.011937  -0.080814  0.996696  0.008159  -0.011239  -0.009097  0.999895  0.003253  0.000093  -0.003245  0.000000  0.000000  0.000000  2.000000  
27.315906 0.013019  0.094914  0.013014  0.996666  0.080714  0.011937  -0.080814  0.996696  0.008159  -0.011239  -0.009097  0.999895  0.003224  0.000190  -0.003099  0.000000  0.000000  0.000000  2.000000  
27.317137 0.013023  0.094915  0.013011  0.996649  0.080919  0.011939  -0.081019  0.996679  0.008157  -0.011239  -0.009097  0.999895  0.003258  0.000219  -0.003020  0.000000  0.000000  0.000000  2.000000  
27.318143 0.013027  0.094916  0.013009  0.996648  0.080918  0.012072  -0.081019  0.996679  0.008146  -0.011373  -0.009097  0.999894  0.003238  0.000269  -0.002904  0.000000  0.000000  0.000000  2.000000  
27.319388 0.013030  0.094916  0.013007  0.996648  0.080918  0.012072  -0.081019  0.996679  0.008146  -0.011373  -0.009097  0.999894  0.003198  0.000285  -0.002751  0.000000  0.000000  0.000000  2.000000  
27.320639 0.013034  0.094917  0.013004  0.996648  0.080918  0.012072  -0.081019  0.996679  0.008146  -0.011373  -0.009097  0.999894  0.003196  0.000369  -0.002672  0.000000  0.000000  0.000000  2.000000  
27.321895 0.013038  0.094918  0.013002  0.996631  0.081123  0.012074  -0.081224  0.996663  0.008143  -0.011373  -0.009097  0.999894  0.003177  0.000445  -0.002505  0.000000  0.000000  0.000000  2.000000  
27.323138 0.013042  0.094920  0.013000  0.996631  0.081123  0.012074  -0.081224  0.996663  0.008143  -0.011373  -0.009097  0.999894  0.003189  0.000529  -0.002365  0.000000  0.000000  0.000000  2.000000  
27.324386 0.013046  0.094921  0.012998  0.996629  0.081120  0.012217  -0.081224  0.996662  0.008253  -0.011506  -0.009218  0.999891  0.003167  0.000580  -0.002247  0.000000  0.000000  0.000000  2.000000  
27.325388 0.013049  0.094922  0.012996  0.996629  0.081120  0.012217  -0.081224  0.996662  0.008253  -0.011506  -0.009218  0.999891  0.003150  0.000666  -0.002145  0.000000  0.000000  0.000000  2.000000  
27.326638 0.013053  0.094924  0.012995  0.996629  0.081120  0.012217  -0.081224  0.996662  0.008253  -0.011506  -0.009218  0.999891  0.003129  0.000716  -0.002029  0.000000  0.000000  0.000000  2.000000  
27.327889 0.013056  0.094925  0.012992  0.996613  0.081325  0.012218  -0.081429  0.996645  0.008251  -0.011506  -0.009218  0.999891  0.003105  0.000780  -0.001953  0.000000  0.000000  0.000000  2.000000  
27.329133 0.013060  0.094926  0.012991  0.996611  0.081324  0.012352  -0.081429  0.996645  0.008240  -0.011640  -0.009218  0.999890  0.003128  0.000869  -0.001819  0.000000  0.000000  0.000000  2.000000  
27.330136 0.013063  0.094927  0.012989  0.996611  0.081324  0.012352  -0.081429  0.996645  0.008240  -0.011640  -0.009218  0.999890  0.003074  0.000902  -0.001764  0.000000  0.000000  0.000000  2.000000  
27.331137 0.013066  0.094929  0.012988  0.996611  0.081324  0.012352  -0.081429  0.996645  0.008240  -0.011640  -0.009218  0.999890  0.003099  0.000945  -0.001717  0.000000  0.000000  0.000000  2.000000  
27.332137 0.013069  0.094930  0.012986  0.996594  0.081529  0.012353  -0.081634  0.996628  0.008237  -0.011640  -0.009218  0.999890  0.003093  0.001006  -0.001667  0.000000  0.000000  0.000000  2.000000  
27.333142 0.013072  0.094931  0.012985  0.996593  0.081528  0.012487  -0.081634  0.996628  0.008226  -0.011774  -0.009218  0.999888  0.003054  0.001027  -0.001585  0.000000  0.000000  0.000000  2.000000  
27.334387 0.013076  0.094932  0.012983  0.996593  0.081528  0.012487  -0.081634  0.996628  0.008226  -0.011774  -0.009218  0.999888  0.003076  0.001085  -0.001575  0.000000  0.000000  0.000000  2.000000  
27.335642 0.013080  0.094933  0.012981  0.996593  0.081528  0.012487  -0.081634  0.996628  0.008226  -0.011774  -0.009218  0.999888  0.003029  0.001096  -0.001501  0.000000  0.000000  0.000000  2.000000  
27.336889 0.013083  0.094936  0.012980  0.996576  0.081733  0.012488  -0.081839  0.996612  0.008224  -0.011774  -0.009218  0.999888  0.003049  0.001162  -0.001474  0.000000  0.000000  0.000000  2.000000  
27.337896 0.013086  0.094936  0.012978  0.996574  0.081732  0.012622  -0.081839  0.996612  0.008213  -0.011908  -0.009218  0.999887  0.003004  0.001128  -0.001484  0.000000  0.000000  0.000000  2.000000  
27.339135 0.013090  0.094938  0.012976  0.996574  0.081732  0.012622  -0.081839  0.996612  0.008213  -0.011908  -0.009218  0.999887  0.003018  0.001130  -0.001498  0.000000  0.000000  0.000000  2.000000  
27.340135 0.013093  0.094938  0.012974  0.996558  0.081937  0.012624  -0.082044  0.996595  0.008210  -0.011908  -0.009218  0.999887  0.002976  0.001097  -0.001510  0.000000  0.000000  0.000000  2.000000  
27.341383 0.013096  0.094939  0.012972  0.996556  0.081936  0.012757  -0.082044  0.996595  0.008199  -0.012042  -0.009218  0.999885  0.002943  0.001073  -0.001516  0.000000  0.000000  0.000000  2.000000  
27.342384 0.013099  0.094940  0.012969  0.996556  0.081936  0.012757  -0.082044  0.996595  0.008199  -0.012042  -0.009218  0.999885  0.002912  0.001007  -0.001601  0.000000  0.000000  0.000000  2.000000  
27.343386 0.013101  0.094940  0.012968  0.996537  0.082140  0.012892  -0.082249  0.996578  0.008186  -0.012175  -0.009218  0.999883  0.002900  0.001003  -0.001594  0.000000  0.000000  0.000000  2.000000  
27.344388 0.013104  0.094941  0.012966  0.996537  0.082140  0.012892  -0.082249  0.996578  0.008186  -0.012175  -0.009218  0.999883  0.002872  0.000962  -0.001639  0.000000  0.000000  0.000000  2.000000  
27.345635 0.013107  0.094942  0.012963  0.996520  0.082344  0.012904  -0.082454  0.996560  0.008304  -0.012175  -0.009339  0.999882  0.002828  0.000902  -0.001697  0.000000  0.000000  0.000000  2.000000  
27.346639 0.013110  0.094942  0.012961  0.996519  0.082342  0.013037  -0.082454  0.996560  0.008293  -0.012309  -0.009339  0.999881  0.002797  0.000858  -0.001743  0.000000  0.000000  0.000000  2.000000  
27.347886 0.013112  0.094942  0.012958  0.996502  0.082548  0.013039  -0.082659  0.996543  0.008290  -0.012309  -0.009339  0.999881  0.002726  0.000769  -0.001824  0.000000  0.000000  0.000000  2.000000  
27.348887 0.013115  0.094942  0.012956  0.996483  0.082751  0.013174  -0.082864  0.996526  0.008276  -0.012443  -0.009339  0.999879  0.002704  0.000711  -0.001834  0.000000  0.000000  0.000000  2.000000  
27.349893 0.013118  0.094942  0.012954  0.996483  0.082751  0.013174  -0.082864  0.996526  0.008276  -0.012443  -0.009339  0.999879  0.002658  0.000626  -0.001937  0.000000  0.000000  0.000000  2.000000  
27.351138 0.013120  0.094942  0.012951  0.996464  0.082955  0.013309  -0.083069  0.996510  0.008263  -0.012577  -0.009339  0.999877  0.002584  0.000476  -0.001982  0.000000  0.000000  0.000000  2.000000  
27.352139 0.013123  0.094942  0.012949  0.996446  0.083159  0.013444  -0.083274  0.996493  0.008249  -0.012711  -0.009339  0.999876  0.002571  0.000437  -0.002038  0.000000  0.000000  0.000000  2.000000  
27.353386 0.013125  0.094942  0.012946  0.996427  0.083363  0.013579  -0.083479  0.996475  0.008235  -0.012844  -0.009339  0.999874  0.002510  0.000328  -0.002099  0.000000  0.000000  0.000000  2.000000  
27.354388 0.013127  0.094941  0.012943  0.996427  0.083363  0.013579  -0.083479  0.996475  0.008235  -0.012844  -0.009339  0.999874  0.002398  0.000217  -0.002170  0.000000  0.000000  0.000000  2.000000  
27.355639 0.013129  0.094940  0.012939  0.996408  0.083569  0.013704  -0.083684  0.996459  0.008100  -0.012978  -0.009218  0.999873  0.002349  0.000081  -0.002291  0.000000  0.000000  0.000000  2.000000  
27.356640 0.013131  0.094939  0.012937  0.996389  0.083773  0.013839  -0.083889  0.996442  0.008086  -0.013112  -0.009218  0.999872  0.002297  -0.000010  -0.002326  0.000000  0.000000  0.000000  2.000000  
27.357884 0.013133  0.094938  0.012933  0.996370  0.083977  0.013973  -0.084094  0.996425  0.008072  -0.013246  -0.009218  0.999870  0.002194  -0.000137  -0.002376  0.000000  0.000000  0.000000  2.000000  
27.359136 0.013135  0.094937  0.012930  0.996351  0.084180  0.014108  -0.084299  0.996408  0.008058  -0.013379  -0.009218  0.999868  0.002132  -0.000257  -0.002444  0.000000  0.000000  0.000000  2.000000  
27.360138 0.013137  0.094936  0.012927  0.996331  0.084384  0.014243  -0.084504  0.996391  0.008043  -0.013513  -0.009218  0.999866  0.002061  -0.000348  -0.002467  0.000000  0.000000  0.000000  2.000000  
27.361383 0.013139  0.094935  0.012924  0.996293  0.084792  0.014513  -0.084914  0.996356  0.008015  -0.013781  -0.009218  0.999863  0.002026  -0.000444  -0.002532  0.000000  0.000000  0.000000  2.000000  
27.362388 0.013141  0.094934  0.012921  0.996274  0.084996  0.014648  -0.085119  0.996339  0.008001  -0.013915  -0.009218  0.999861  0.001943  -0.000562  -0.002571  0.000000  0.000000  0.000000  2.000000  
27.363635 0.013142  0.094932  0.012917  0.996254  0.085200  0.014783  -0.085324  0.996321  0.007986  -0.014048  -0.009218  0.999859  0.001854  -0.000660  -0.002645  0.000000  0.000000  0.000000  2.000000  
