1-Time 2-Px 3-Py 4-Pz 5-R11 6-R21 7-R31 8-R12 9-R22 10-R32 11-R13 12-R23 13-R33 14-Vx 15-Vy 16-Vz 17-Wx 18-Wy 19-Wz 20-state 21-PR11 22-PR21 23-PR31 24-PR12 25-PR22 26-PR32 27-PR13 28-PR23 29-PR33 
11.754860 0.010307  0.092072  0.006578  0.996905  0.054215  0.056926  -0.055676  0.998151  0.024395  -0.055498  -0.027489  0.998080  -0.000781  -0.000118  0.000993  0.007543  0.332022  -0.453668  2.000000  
11.756112 0.010307  0.092072  0.006579  0.996950  0.053815  0.056516  -0.055267  0.998172  0.024440  -0.055097  -0.027489  0.998103  -0.000765  -0.000124  0.000960  0.006944  0.331871  -0.446831  2.000000  
11.757364 0.010307  0.092071  0.006579  0.997006  0.053203  0.056107  -0.054652  0.998202  0.024618  -0.054696  -0.027611  0.998121  -0.000655  -0.000216  0.000939  0.010805  0.327312  -0.446824  2.000000  
11.758612 0.010308  0.092068  0.006580  0.997054  0.052594  0.055825  -0.054037  0.998234  0.024667  -0.054429  -0.027611  0.998136  -0.000522  -0.000341  0.000899  0.010245  0.322652  -0.440092  2.000000  
11.759864 0.010310  0.092065  0.006581  0.997109  0.051982  0.055416  -0.053423  0.998263  0.024844  -0.054028  -0.027733  0.998154  -0.000380  -0.000580  0.000843  0.018216  0.322628  -0.440069  2.000000  
11.761113 0.010312  0.092062  0.006581  0.997157  0.051373  0.055134  -0.052808  0.998294  0.024893  -0.053761  -0.027733  0.998169  -0.000160  -0.000765  0.000801  0.018066  0.318140  -0.440212  2.000000  
11.762114 0.010315  0.092059  0.006582  0.997192  0.050962  0.054863  -0.052398  0.998312  0.025050  -0.053494  -0.027855  0.998180  0.000060  -0.000950  0.000759  0.021993  0.313687  -0.440348  2.000000  
11.763364 0.010318  0.092056  0.006583  0.997239  0.050353  0.054581  -0.051783  0.998343  0.025098  -0.053227  -0.027855  0.998194  0.000397  -0.001165  0.000738  0.021841  0.309180  -0.440463  2.000000  
11.764613 0.010322  0.092052  0.006584  0.997285  0.049738  0.054305  -0.051168  0.998370  0.025267  -0.052959  -0.027977  0.998205  0.000718  -0.001464  0.000721  0.025786  0.304937  -0.440903  2.000000  
11.765615 0.010325  0.092048  0.006585  0.997330  0.049128  0.054022  -0.050552  0.998401  0.025314  -0.052692  -0.027977  0.998219  0.000977  -0.001644  0.000715  0.030086  0.300370  -0.447615  2.000000  
11.766617 0.010329  0.092046  0.006586  0.997358  0.048721  0.053878  -0.050142  0.998421  0.025343  -0.052559  -0.027977  0.998226  0.001266  -0.001795  0.000733  0.029992  0.295850  -0.447706  2.000000  
11.767864 0.010333  0.092042  0.006587  0.997403  0.048105  0.053602  -0.049527  0.998447  0.025510  -0.052291  -0.028099  0.998236  0.001611  -0.002037  0.000726  0.033922  0.291447  -0.447921  2.000000  
11.769113 0.010337  0.092038  0.006588  0.997447  0.047496  0.053319  -0.048911  0.998476  0.025556  -0.052024  -0.028099  0.998250  0.001971  -0.002332  0.000745  0.033738  0.282448  -0.448166  2.000000  
11.770113 0.010340  0.092035  0.006589  0.997474  0.047089  0.053175  -0.048501  0.998495  0.025585  -0.051891  -0.028099  0.998257  0.002247  -0.002567  0.000767  0.033647  0.277955  -0.448300  2.000000  
11.771117 0.010343  0.092031  0.006591  0.997508  0.046679  0.052904  -0.048091  0.998511  0.025741  -0.051623  -0.028221  0.998268  0.002458  -0.002773  0.000771  0.041642  0.273428  -0.448381  2.000000  
11.772364 0.010346  0.092025  0.006592  0.997542  0.046275  0.052626  -0.047681  0.998530  0.025775  -0.051356  -0.028221  0.998282  0.002622  -0.003049  0.000843  0.041109  0.268750  -0.441625  2.000000  
11.773611 0.010349  0.092020  0.006593  0.997578  0.045656  0.052482  -0.047065  0.998555  0.025935  -0.051222  -0.028342  0.998285  0.002734  -0.003246  0.000887  0.045480  0.264505  -0.448695  2.000000  
11.774859 0.010352  0.092013  0.006595  0.997620  0.045040  0.052205  -0.046450  0.998580  0.026101  -0.050955  -0.028464  0.998295  0.002827  -0.003466  0.000929  0.049407  0.260057  -0.448845  2.000000  
11.775863 0.010353  0.092007  0.006596  0.997643  0.044836  0.051938  -0.046245  0.998585  0.026245  -0.050688  -0.028585  0.998305  0.002812  -0.003678  0.001017  0.052575  0.255174  -0.435108  2.000000  
11.777109 0.010356  0.091999  0.006597  0.997685  0.044215  0.051666  -0.045629  0.998606  0.026532  -0.050421  -0.028828  0.998312  0.002736  -0.004002  0.001008  0.060991  0.255457  -0.442049  2.000000  
11.778111 0.010357  0.091992  0.006598  0.997701  0.044007  0.051532  -0.045424  0.998612  0.026670  -0.050287  -0.028949  0.998315  0.002636  -0.004244  0.001015  0.068654  0.246276  -0.435412  2.000000  
11.779367 0.010359  0.091984  0.006598  0.997733  0.043597  0.051260  -0.045014  0.998626  0.026824  -0.050020  -0.029071  0.998325  0.002455  -0.004593  0.000975  0.072223  0.246041  -0.428383  2.000000  
11.780611 0.010360  0.091975  0.006599  0.997765  0.043181  0.050992  -0.044604  0.998637  0.027099  -0.049753  -0.029313  0.998331  0.002309  -0.004869  0.000983  0.079873  0.241438  -0.421646  2.000000  
11.781613 0.010361  0.091968  0.006599  0.997797  0.042772  0.050719  -0.044194  0.998651  0.027253  -0.049485  -0.029435  0.998341  0.002134  -0.005206  0.000889  0.083831  0.241453  -0.421619  2.000000  
11.782862 0.010361  0.091959  0.006599  0.997819  0.042568  0.050452  -0.043989  0.998656  0.027397  -0.049218  -0.029556  0.998351  0.001905  -0.005540  0.000792  0.087401  0.236789  -0.414837  2.000000  
11.783865 0.010363  0.091953  0.006600  0.997844  0.042154  0.050312  -0.043578  0.998670  0.027544  -0.049084  -0.029678  0.998354  0.001758  -0.005799  0.000768  0.091380  0.232288  -0.414901  2.000000  
11.785113 0.010364  0.091945  0.006601  0.997874  0.041745  0.050039  -0.043168  0.998684  0.027698  -0.048817  -0.029799  0.998363  0.001611  -0.006026  0.000725  0.099095  0.232176  -0.408152  2.000000  
11.786362 0.010366  0.091937  0.006602  0.997896  0.041541  0.049772  -0.042963  0.998689  0.027841  -0.048550  -0.029921  0.998373  0.001476  -0.006187  0.000765  0.101832  0.225638  -0.398068  2.000000  
11.787364 0.010366  0.091931  0.006604  0.997920  0.041128  0.049632  -0.042552  0.998702  0.027988  -0.048416  -0.030042  0.998375  0.001361  -0.006291  0.000774  0.101740  0.221204  -0.398131  2.000000  
11.788612 0.010369  0.091923  0.006606  0.997942  0.040925  0.049364  -0.042348  0.998707  0.028131  -0.048149  -0.030163  0.998385  0.001275  -0.006442  0.000839  0.104970  0.220829  -0.384418  2.000000  
11.789861 0.010370  0.091915  0.006608  0.997972  0.040510  0.049095  -0.041937  0.998716  0.028405  -0.047882  -0.030406  0.998390  0.001220  -0.006574  0.000865  0.108541  0.216259  -0.377694  2.000000  
11.790862 0.010372  0.091908  0.006610  0.997987  0.040302  0.048961  -0.041732  0.998721  0.028541  -0.047748  -0.030527  0.998393  0.001238  -0.006596  0.000917  0.112746  0.213192  -0.367157  2.000000  
11.791863 0.010373  0.091901  0.006611  0.998009  0.040099  0.048693  -0.041527  0.998726  0.028684  -0.047481  -0.030649  0.998402  0.001211  -0.006642  0.000970  0.112296  0.213033  -0.360225  2.000000  
11.793112 0.010376  0.091892  0.006613  0.998038  0.039684  0.048424  -0.041117  0.998735  0.028957  -0.047213  -0.030891  0.998407  0.001210  -0.006691  0.001030  0.119002  0.211093  -0.350340  2.000000  
11.794114 0.010377  0.091884  0.006615  0.998053  0.039477  0.048289  -0.040911  0.998739  0.029094  -0.047080  -0.031013  0.998410  0.001249  -0.006737  0.001126  0.119217  0.207971  -0.339521  2.000000  
11.795359 0.010380  0.091875  0.006617  0.998074  0.039268  0.048026  -0.040707  0.998740  0.029357  -0.046812  -0.031255  0.998415  0.001359  -0.006755  0.001214  0.125912  0.206136  -0.329917  2.000000  
11.796364 0.010382  0.091868  0.006618  0.998089  0.039060  0.047891  -0.040501  0.998744  0.029493  -0.046679  -0.031377  0.998417  0.001458  -0.006779  0.001267  0.129559  0.205934  -0.323027  2.000000  
11.797611 0.010386  0.091859  0.006619  0.998118  0.038646  0.047621  -0.040091  0.998753  0.029766  -0.046411  -0.031619  0.998422  0.001627  -0.006811  0.001292  0.133188  0.205807  -0.316172  2.000000  
11.798611 0.010388  0.091851  0.006620  0.998132  0.038433  0.047491  -0.039886  0.998753  0.030023  -0.046278  -0.031862  0.998420  0.001704  -0.006894  0.001336  0.140544  0.205415  -0.302417  2.000000  
11.799616 0.010392  0.091844  0.006620  0.998153  0.038230  0.047222  -0.039681  0.998757  0.030165  -0.046010  -0.031983  0.998429  0.001873  -0.006935  0.001330  0.145393  0.206970  -0.298066  2.000000  
11.800864 0.010396  0.091836  0.006622  0.998167  0.038018  0.047092  -0.039475  0.998757  0.030422  -0.045877  -0.032225  0.998427  0.002092  -0.006946  0.001347  0.148729  0.202102  -0.284338  2.000000  
11.802112 0.010400  0.091827  0.006622  0.998187  0.037809  0.046828  -0.039270  0.998757  0.030685  -0.045610  -0.032468  0.998432  0.002243  -0.007046  0.001261  0.155194  0.204713  -0.274974  2.000000  
11.803113 0.010404  0.091820  0.006623  0.998201  0.037602  0.046693  -0.039065  0.998761  0.030821  -0.045476  -0.032589  0.998434  0.002446  -0.007076  0.001175  0.156079  0.201725  -0.270442  2.000000  
11.804114 0.010407  0.091813  0.006624  0.998215  0.037395  0.046557  -0.038860  0.998765  0.030957  -0.045342  -0.032711  0.998436  0.002564  -0.007150  0.001109  0.155350  0.196830  -0.256728  2.000000  
11.805116 0.010411  0.091806  0.006624  0.998221  0.037388  0.046433  -0.038860  0.998757  0.031204  -0.045209  -0.032953  0.998434  0.002706  -0.007167  0.001052  0.159069  0.196676  -0.249801  2.000000  
11.806364 0.010416  0.091797  0.006625  0.998241  0.037186  0.046164  -0.038655  0.998761  0.031345  -0.044941  -0.033075  0.998442  0.002940  -0.007134  0.000976  0.157400  0.194919  -0.240927  2.000000  
11.807366 0.010419  0.091790  0.006626  0.998255  0.036974  0.046033  -0.038450  0.998761  0.031602  -0.044808  -0.033317  0.998440  0.003058  -0.007119  0.000939  0.162034  0.191605  -0.229153  2.000000  
11.808612 0.010424  0.091781  0.006628  0.998269  0.036767  0.045898  -0.038244  0.998764  0.031738  -0.044674  -0.033438  0.998442  0.003184  -0.007132  0.000915  0.157595  0.186951  -0.222371  2.000000  
11.809613 0.010427  0.091775  0.006630  0.998283  0.036555  0.045766  -0.038039  0.998764  0.031995  -0.044540  -0.033681  0.998440  0.003262  -0.007097  0.000947  0.161636  0.186985  -0.222331  2.000000  
11.810859 0.010432  0.091766  0.006632  0.998303  0.036353  0.045497  -0.037834  0.998767  0.032135  -0.044273  -0.033802  0.998447  0.003404  -0.007057  0.000961  0.159934  0.185268  -0.213643  2.000000  
11.812112 0.010437  0.091757  0.006633  0.998315  0.036351  0.045239  -0.037835  0.998759  0.032388  -0.044006  -0.034045  0.998451  0.003489  -0.007030  0.000988  0.164646  0.186420  -0.201582  2.000000  
11.813368 0.010441  0.091747  0.006634  0.998328  0.036139  0.045108  -0.037629  0.998758  0.032644  -0.043872  -0.034287  0.998449  0.003558  -0.007035  0.000959  0.167287  0.184900  -0.199866  2.000000  
11.814614 0.010445  0.091738  0.006635  0.998342  0.035927  0.044976  -0.037424  0.998758  0.032901  -0.043738  -0.034530  0.998446  0.003578  -0.007091  0.000959  0.168296  0.177267  -0.194858  2.000000  
11.815863 0.010450  0.091728  0.006635  0.998361  0.035720  0.044711  -0.037219  0.998757  0.033163  -0.043471  -0.034772  0.998449  0.003571  -0.007153  0.000918  0.170584  0.180064  -0.186212  2.000000  
11.816868 0.010453  0.091720  0.006635  0.998367  0.035719  0.044582  -0.037219  0.998753  0.033289  -0.043337  -0.034894  0.998451  0.003575  -0.007223  0.000870  0.171641  0.176860  -0.180973  2.000000  
11.817872 0.010456  0.091712  0.006635  0.998380  0.035507  0.044450  -0.037014  0.998752  0.033545  -0.043204  -0.035136  0.998448  0.003520  -0.007310  0.000837  0.175333  0.176622  -0.173989  2.000000  
11.819113 0.010460  0.091701  0.006634  0.998386  0.035506  0.044321  -0.037014  0.998747  0.033671  -0.043070  -0.035257  0.998450  0.003528  -0.007438  0.000697  0.173590  0.170557  -0.165881  2.000000  
11.820113 0.010464  0.091693  0.006634  0.998400  0.035295  0.044189  -0.036809  0.998746  0.033928  -0.042936  -0.035500  0.998447  0.003490  -0.007531  0.000633  0.177612  0.170588  -0.165852  2.000000  
11.821113 0.010467  0.091685  0.006634  0.998400  0.035289  0.044193  -0.036809  0.998742  0.034049  -0.042936  -0.035621  0.998443  0.003448  -0.007634  0.000590  0.177280  0.161467  -0.159277  2.000000  
11.822361 0.010471  0.091674  0.006634  0.998413  0.035078  0.044061  -0.036603  0.998741  0.034305  -0.042802  -0.035863  0.998440  0.003439  -0.007749  0.000486  0.176951  0.161280  -0.152390  2.000000  
11.823376 0.010474  0.091666  0.006633  0.998426  0.034872  0.043925  -0.036398  0.998744  0.034440  -0.042669  -0.035985  0.998441  0.003432  -0.007837  0.000329  0.178305  0.158069  -0.153715  2.000000  
11.824623 0.010478  0.091655  0.006633  0.998432  0.034866  0.043800  -0.036398  0.998735  0.034687  -0.042535  -0.036227  0.998438  0.003372  -0.007993  0.000254  0.177653  0.153147  -0.140018  2.000000  
11.825872 0.010482  0.091644  0.006633  0.998445  0.034655  0.043668  -0.036193  0.998734  0.034943  -0.042401  -0.036469  0.998435  0.003310  -0.008181  0.000091  0.177652  0.148712  -0.140156  2.000000  
11.827121 0.010487  0.091633  0.006633  0.998458  0.034448  0.043531  -0.035987  0.998736  0.035078  -0.042268  -0.036591  0.998436  0.003327  -0.008279  0.000029  0.173564  0.144258  -0.140298  2.000000  
11.828122 0.010490  0.091623  0.006633  0.998471  0.034237  0.043399  -0.035782  0.998735  0.035334  -0.042134  -0.036833  0.998433  0.003314  -0.008408  -0.000055  0.177614  0.144278  -0.140267  2.000000  
11.829374 0.010494  0.091612  0.006634  0.998477  0.034237  0.043269  -0.035782  0.998730  0.035460  -0.042000  -0.036955  0.998434  0.003305  -0.008515  -0.000038  0.172894  0.139328  -0.126578  2.000000  
11.830618 0.010498  0.091600  0.006635  0.998484  0.034021  0.043270  -0.035577  0.998729  0.035711  -0.042000  -0.037197  0.998425  0.003275  -0.008688  -0.000030  0.172921  0.134894  -0.126727  2.000000  
11.831859 0.010502  0.091588  0.006636  0.998497  0.033810  0.043138  -0.035371  0.998727  0.035967  -0.041867  -0.037439  0.998421  0.003270  -0.008796  0.000022  0.175545  0.133823  -0.125676  2.000000  
11.832862 0.010506  0.091579  0.006636  0.998510  0.033604  0.043001  -0.035166  0.998729  0.036102  -0.041733  -0.037560  0.998423  0.003301  -0.008902  0.000075  0.172899  0.130463  -0.126854  2.000000  
11.833877 0.010509  0.091569  0.006637  0.998517  0.033393  0.042997  -0.034960  0.998732  0.036232  -0.041733  -0.037682  0.998418  0.003319  -0.008940  0.000170  0.172811  0.125926  -0.126939  2.000000  
11.835114 0.010514  0.091557  0.006636  0.998530  0.033182  0.042865  -0.034755  0.998730  0.036488  -0.041599  -0.037924  0.998414  0.003338  -0.009094  0.000169  0.171744  0.125217  -0.132772  2.000000  
11.836362 0.010518  0.091545  0.006637  0.998537  0.032971  0.042861  -0.034550  0.998732  0.036618  -0.041599  -0.038045  0.998410  0.003345  -0.009195  0.000185  0.171722  0.116316  -0.133072  2.000000  
11.837363 0.010522  0.091535  0.006636  0.998537  0.032961  0.042869  -0.034550  0.998723  0.036860  -0.041599  -0.038287  0.998401  0.003386  -0.009299  0.000161  0.171417  0.111646  -0.126353  2.000000  
11.838372 0.010526  0.091526  0.006636  0.998549  0.032755  0.042732  -0.034344  0.998725  0.036995  -0.041466  -0.038409  0.998401  0.003415  -0.009341  0.000187  0.172765  0.112551  -0.127347  2.000000  
11.839614 0.010530  0.091513  0.006635  0.998557  0.032539  0.042732  -0.034139  0.998723  0.037246  -0.041466  -0.038651  0.998392  0.003472  -0.009478  0.000076  0.172840  0.103652  -0.127714  2.000000  
11.840864 0.010535  0.091500  0.006634  0.998564  0.032328  0.042728  -0.033933  0.998725  0.037376  -0.041466  -0.038772  0.998387  0.003550  -0.009602  0.000033  0.000000  0.000000  0.000000  2.000000  
11.842109 0.010540  0.091487  0.006633  0.998571  0.032112  0.042729  -0.033727  0.998723  0.037627  -0.041466  -0.039014  0.998378  0.003567  -0.009699  -0.000027  0.171654  0.089704  -0.133945  2.000000  
11.843363 0.010545  0.091474  0.006633  0.998571  0.032107  0.042732  -0.033727  0.998718  0.037748  -0.041466  -0.039135  0.998373  0.003613  -0.009763  -0.000065  0.000000  0.000000  0.000000  2.000000  
11.844610 0.010550  0.091462  0.006632  0.998577  0.031891  0.042732  -0.033522  0.998715  0.037999  -0.041466  -0.039377  0.998364  0.003682  -0.009859  -0.000121  0.000000  0.000000  0.000000  2.000000  
11.845863 0.010555  0.091449  0.006632  0.998584  0.031675  0.042732  -0.033316  0.998713  0.038250  -0.041466  -0.039620  0.998354  0.003774  -0.009899  -0.000218  0.000000  0.000000  0.000000  2.000000  
11.847112 0.010560  0.091436  0.006632  0.998597  0.031470  0.042595  -0.033111  0.998714  0.038384  -0.041332  -0.039741  0.998355  0.003790  -0.009995  -0.000228  0.000000  0.000000  0.000000  2.000000  
11.848361 0.010565  0.091424  0.006632  0.998597  0.031460  0.042602  -0.033111  0.998705  0.038627  -0.041332  -0.039983  0.998345  0.003869  -0.010036  -0.000242  0.000000  0.000000  0.000000  2.000000  
11.849362 0.010570  0.091413  0.006632  0.998603  0.031249  0.042598  -0.032905  0.998707  0.038757  -0.041332  -0.040104  0.998340  0.003908  -0.010073  -0.000293  0.000000  0.000000  0.000000  2.000000  
11.850366 0.010574  0.091403  0.006632  0.998603  0.031244  0.042602  -0.032905  0.998702  0.038878  -0.041332  -0.040225  0.998335  0.003972  -0.010104  -0.000328  0.000000  0.000000  0.000000  2.000000  
11.851614 0.010579  0.091391  0.006632  0.998610  0.031028  0.042602  -0.032700  0.998699  0.039129  -0.041332  -0.040468  0.998326  0.004001  -0.010118  -0.000339  0.000000  0.000000  0.000000  2.000000  
11.852863 0.010585  0.091379  0.006632  0.998610  0.031022  0.042605  -0.032700  0.998694  0.039250  -0.041332  -0.040589  0.998321  0.004067  -0.010111  -0.000287  0.000000  0.000000  0.000000  2.000000  
11.853866 0.010589  0.091369  0.006631  0.998617  0.030812  0.042601  -0.032494  0.998696  0.039380  -0.041332  -0.040710  0.998316  0.004114  -0.010090  -0.000296  0.000000  0.000000  0.000000  2.000000  
11.854885 0.010593  0.091359  0.006630  0.998617  0.030807  0.042605  -0.032494  0.998691  0.039501  -0.041332  -0.040831  0.998311  0.004117  -0.010105  -0.000282  0.000000  0.000000  0.000000  2.000000  
11.856112 0.010599  0.091346  0.006629  0.998611  0.030796  0.042742  -0.032494  0.998686  0.039618  -0.041466  -0.040952  0.998300  0.004186  -0.010078  -0.000317  0.000000  0.000000  0.000000  2.000000  
11.857362 0.010605  0.091334  0.006628  0.998618  0.030580  0.042741  -0.032288  0.998683  0.039869  -0.041466  -0.041194  0.998290  0.004225  -0.010031  -0.000339  0.000000  0.000000  0.000000  2.000000  
11.858612 0.010611  0.091322  0.006626  0.998618  0.030575  0.042745  -0.032288  0.998678  0.039990  -0.041466  -0.041315  0.998285  0.004295  -0.009994  -0.000426  0.000000  0.000000  0.000000  2.000000  
11.859863 0.010617  0.091309  0.006624  0.998618  0.030564  0.042752  -0.032288  0.998669  0.040232  -0.041466  -0.041557  0.998275  0.004389  -0.009991  -0.000532  0.000000  0.000000  0.000000  2.000000  
11.861113 0.010623  0.091297  0.006622  0.998618  0.030559  0.042756  -0.032288  0.998664  0.040353  -0.041466  -0.041678  0.998270  0.004472  -0.009958  -0.000677  0.000000  0.000000  0.000000  2.000000  
11.862363 0.010629  0.091284  0.006620  0.998618  0.030549  0.042763  -0.032288  0.998654  0.040596  -0.041466  -0.041920  0.998260  0.004536  -0.009983  -0.000808  0.000000  0.000000  0.000000  2.000000  
11.863613 0.010635  0.091271  0.006618  0.998618  0.030538  0.042771  -0.032288  0.998644  0.040838  -0.041466  -0.042163  0.998250  0.004609  -0.009991  -0.000985  0.000000  0.000000  0.000000  2.000000  
11.864614 0.010640  0.091260  0.006616  0.998618  0.030533  0.042775  -0.032288  0.998639  0.040959  -0.041466  -0.042284  0.998245  0.004626  -0.010042  -0.001072  0.000000  0.000000  0.000000  2.000000  
11.865868 0.010646  0.091248  0.006614  0.998618  0.030528  0.042778  -0.032288  0.998634  0.041080  -0.041466  -0.042405  0.998240  0.004712  -0.010007  -0.001226  0.000000  0.000000  0.000000  2.000000  
11.867118 0.010653  0.091236  0.006612  0.998618  0.030518  0.042786  -0.032288  0.998624  0.041322  -0.041466  -0.042647  0.998229  0.004784  -0.009971  -0.001315  0.000000  0.000000  0.000000  2.000000  
11.868372 0.010659  0.091224  0.006611  0.998611  0.030718  0.042798  -0.032494  0.998613  0.041435  -0.041466  -0.042768  0.998224  0.004855  -0.009943  -0.001365  0.000000  0.000000  0.000000  2.000000  
11.869616 0.010666  0.091212  0.006609  0.998611  0.030713  0.042802  -0.032494  0.998608  0.041556  -0.041466  -0.042889  0.998219  0.004927  -0.009935  -0.001448  0.000000  0.000000  0.000000  2.000000  
11.870862 0.010673  0.091200  0.006607  0.998611  0.030703  0.042809  -0.032494  0.998598  0.041798  -0.041466  -0.043131  0.998209  0.004956  -0.009920  -0.001516  0.000000  0.000000  0.000000  2.000000  
11.871866 0.010678  0.091191  0.006605  0.998611  0.030697  0.042813  -0.032494  0.998592  0.041919  -0.041466  -0.043252  0.998203  0.004984  -0.009858  -0.001547  0.000000  0.000000  0.000000  2.000000  
11.873114 0.010685  0.091180  0.006603  0.998611  0.030692  0.042816  -0.032494  0.998587  0.042040  -0.041466  -0.043373  0.998198  0.005071  -0.009786  -0.001580  0.000000  0.000000  0.000000  2.000000  
11.874364 0.010691  0.091168  0.006601  0.998605  0.030893  0.042829  -0.032700  0.998576  0.042153  -0.041466  -0.043494  0.998193  0.005141  -0.009708  -0.001580  0.000000  0.000000  0.000000  2.000000  
11.875366 0.010697  0.091159  0.006599  0.998605  0.030887  0.042833  -0.032700  0.998571  0.042274  -0.041466  -0.043616  0.998187  0.005181  -0.009659  -0.001603  0.000000  0.000000  0.000000  2.000000  
11.876613 0.010703  0.091148  0.006597  0.998605  0.030882  0.042836  -0.032700  0.998566  0.042395  -0.041466  -0.043737  0.998182  0.005191  -0.009555  -0.001621  0.000000  0.000000  0.000000  2.000000  
11.877865 0.010710  0.091136  0.006594  0.998605  0.030872  0.042844  -0.032700  0.998555  0.042637  -0.041466  -0.043979  0.998172  0.005229  -0.009504  -0.001643  0.000000  0.000000  0.000000  2.000000  
11.879112 0.010717  0.091124  0.006592  0.998598  0.031072  0.042856  -0.032905  0.998544  0.042750  -0.041466  -0.044100  0.998166  0.005269  -0.009451  -0.001670  0.000000  0.000000  0.000000  2.000000  
11.880115 0.010722  0.091115  0.006590  0.998598  0.031067  0.042860  -0.032905  0.998539  0.042871  -0.041466  -0.044221  0.998161  0.005254  -0.009406  -0.001694  0.000000  0.000000  0.000000  2.000000  
11.881364 0.010728  0.091103  0.006587  0.998598  0.031057  0.042868  -0.032905  0.998528  0.043113  -0.041466  -0.044463  0.998150  0.005293  -0.009354  -0.001719  0.000000  0.000000  0.000000  2.000000  
11.882611 0.010734  0.091091  0.006585  0.998598  0.031051  0.042871  -0.032905  0.998523  0.043234  -0.041466  -0.044584  0.998145  0.005255  -0.009360  -0.001755  0.000000  0.000000  0.000000  2.000000  
11.883620 0.010739  0.091081  0.006582  0.998598  0.031046  0.042875  -0.032905  0.998518  0.043355  -0.041466  -0.044705  0.998139  0.005240  -0.009352  -0.001870  0.000000  0.000000  0.000000  2.000000  
11.884865 0.010746  0.091070  0.006580  0.998591  0.031246  0.042888  -0.033111  0.998506  0.043467  -0.041466  -0.044826  0.998134  0.005241  -0.009353  -0.001870  0.000000  0.000000  0.000000  2.000000  
11.885867 0.010751  0.091061  0.006578  0.998591  0.031241  0.042892  -0.033111  0.998501  0.043589  -0.041466  -0.044947  0.998128  0.005218  -0.009277  -0.001911  0.000000  0.000000  0.000000  2.000000  
11.887115 0.010757  0.091050  0.006576  0.998591  0.031236  0.042896  -0.033111  0.998495  0.043710  -0.041466  -0.045068  0.998123  0.005211  -0.009251  -0.001923  0.000000  0.000000  0.000000  2.000000  
11.888115 0.010762  0.091041  0.006575  0.998591  0.031231  0.042899  -0.033111  0.998490  0.043831  -0.041466  -0.045189  0.998117  0.005156  -0.009253  -0.001929  0.000000  0.000000  0.000000  2.000000  
11.889368 0.010768  0.091031  0.006573  0.998584  0.031431  0.042912  -0.033316  0.998478  0.043943  -0.041466  -0.045311  0.998112  0.005124  -0.009195  -0.001923  0.000000  0.000000  0.000000  2.000000  
11.890615 0.010774  0.091020  0.006570  0.998579  0.031420  0.043049  -0.033316  0.998473  0.044060  -0.041599  -0.045431  0.998101  0.005072  -0.009105  -0.001897  0.000000  0.000000  0.000000  2.000000  
11.891616 0.010779  0.091012  0.006570  0.998579  0.031420  0.043049  -0.033316  0.998473  0.044060  -0.041599  -0.045431  0.998101  0.005036  -0.009004  -0.001804  0.000000  0.000000  0.000000  2.000000  
11.892863 0.010785  0.091002  0.006568  0.998579  0.031415  0.043053  -0.033316  0.998468  0.044181  -0.041599  -0.045552  0.998095  0.004994  -0.008946  -0.001767  0.000000  0.000000  0.000000  2.000000  
11.893868 0.010789  0.090994  0.006567  0.998579  0.031409  0.043057  -0.033316  0.998463  0.044302  -0.041599  -0.045673  0.998090  0.004918  -0.008844  -0.001708  0.000000  0.000000  0.000000  2.000000  
11.895115 0.010795  0.090983  0.006565  0.998579  0.031404  0.043061  -0.033316  0.998457  0.044423  -0.041599  -0.045795  0.998084  0.004864  -0.008755  -0.001683  0.000000  0.000000  0.000000  2.000000  
11.896361 0.010800  0.090973  0.006563  0.998579  0.031404  0.043061  -0.033316  0.998457  0.044423  -0.041599  -0.045795  0.998084  0.004792  -0.008641  -0.001642  0.000000  0.000000  0.000000  2.000000  
11.897365 0.010804  0.090965  0.006561  0.998572  0.031605  0.043074  -0.033522  0.998445  0.044535  -0.041599  -0.045916  0.998079  0.004729  -0.008541  -0.001614  0.000000  0.000000  0.000000  2.000000  
11.898438 0.010809  0.090957  0.006560  0.998572  0.031599  0.043078  -0.033522  0.998440  0.044656  -0.041599  -0.046037  0.998073  0.004679  -0.008491  -0.001549  0.000000  0.000000  0.000000  2.000000  
11.899626 0.010814  0.090946  0.006558  0.998572  0.031594  0.043082  -0.033522  0.998434  0.044778  -0.041599  -0.046158  0.998068  0.004600  -0.008348  -0.001531  0.000000  0.000000  0.000000  2.000000  
11.900868 0.010819  0.090937  0.006555  0.998572  0.031589  0.043085  -0.033522  0.998429  0.044899  -0.041599  -0.046279  0.998062  0.004516  -0.008293  -0.001530  0.000000  0.000000  0.000000  2.000000  
11.902116 0.010824  0.090927  0.006553  0.998572  0.031584  0.043089  -0.033522  0.998424  0.045020  -0.041599  -0.046400  0.998056  0.004406  -0.008200  -0.001509  0.000000  0.000000  0.000000  2.000000  
11.903116 0.010828  0.090919  0.006552  0.998572  0.031584  0.043089  -0.033522  0.998424  0.045020  -0.041599  -0.046400  0.998056  0.004374  -0.008141  -0.001504  0.000000  0.000000  0.000000  2.000000  
11.904117 0.010832  0.090911  0.006551  0.998566  0.031572  0.043226  -0.033521  0.998418  0.045136  -0.041733  -0.046521  0.998045  0.004297  -0.008109  -0.001489  0.000000  0.000000  0.000000  2.000000  
11.905366 0.010836  0.090902  0.006548  0.998559  0.031773  0.043240  -0.033727  0.998406  0.045249  -0.041733  -0.046642  0.998040  0.004218  -0.008036  -0.001506  0.000000  0.000000  0.000000  2.000000  
11.906366 0.010840  0.090894  0.006547  0.998559  0.031773  0.043240  -0.033727  0.998406  0.045249  -0.041733  -0.046642  0.998040  0.004139  -0.007991  -0.001518  0.000000  0.000000  0.000000  2.000000  
11.907615 0.010845  0.090885  0.006546  0.998559  0.031767  0.043243  -0.033727  0.998401  0.045370  -0.041733  -0.046763  0.998034  0.004052  -0.007929  -0.001516  0.000000  0.000000  0.000000  2.000000  
11.908862 0.010849  0.090876  0.006545  0.998559  0.031767  0.043243  -0.033727  0.998401  0.045370  -0.041733  -0.046763  0.998034  0.004002  -0.007856  -0.001465  0.000000  0.000000  0.000000  2.000000  
11.909873 0.010853  0.090869  0.006544  0.998559  0.031762  0.043247  -0.033727  0.998395  0.045491  -0.041733  -0.046884  0.998028  0.003923  -0.007737  -0.001433  0.000000  0.000000  0.000000  2.000000  
11.911118 0.010857  0.090860  0.006543  0.998552  0.031968  0.043257  -0.033933  0.998389  0.045482  -0.041733  -0.046884  0.998028  0.003860  -0.007667  -0.001362  0.000000  0.000000  0.000000  2.000000  
11.912364 0.010862  0.090852  0.006542  0.998552  0.031962  0.043261  -0.033933  0.998383  0.045603  -0.041733  -0.047005  0.998022  0.003820  -0.007536  -0.001271  0.000000  0.000000  0.000000  2.000000  
11.913373 0.010865  0.090846  0.006541  0.998552  0.031962  0.043261  -0.033933  0.998383  0.045603  -0.041733  -0.047005  0.998022  0.003774  -0.007451  -0.001266  0.000000  0.000000  0.000000  2.000000  
11.914617 0.010869  0.090837  0.006540  0.998552  0.031962  0.043261  -0.033933  0.998383  0.045603  -0.041733  -0.047005  0.998022  0.003674  -0.007322  -0.001172  0.000000  0.000000  0.000000  2.000000  
11.915858 0.010873  0.090829  0.006539  0.998552  0.031957  0.043264  -0.033933  0.998378  0.045724  -0.041733  -0.047126  0.998017  0.003619  -0.007190  -0.001059  0.000000  0.000000  0.000000  2.000000  
11.916870 0.010876  0.090822  0.006538  0.998545  0.032163  0.043274  -0.034138  0.998371  0.045715  -0.041733  -0.047126  0.998017  0.003558  -0.007094  -0.001040  0.000000  0.000000  0.000000  2.000000  
11.918117 0.010880  0.090814  0.006537  0.998545  0.032157  0.043278  -0.034138  0.998365  0.045836  -0.041733  -0.047247  0.998011  0.003518  -0.006967  -0.000959  0.000000  0.000000  0.000000  2.000000  
11.919126 0.010883  0.090807  0.006536  0.998545  0.032157  0.043278  -0.034138  0.998365  0.045836  -0.041733  -0.047247  0.998011  0.003429  -0.006900  -0.000957  0.000000  0.000000  0.000000  2.000000  
11.920366 0.010887  0.090799  0.006534  0.998533  0.032351  0.043425  -0.034344  0.998353  0.045944  -0.041867  -0.047368  0.998000  0.003383  -0.006819  -0.000928  0.000000  0.000000  0.000000  2.000000  
11.921367 0.010891  0.090793  0.006533  0.998533  0.032351  0.043425  -0.034344  0.998353  0.045944  -0.041867  -0.047368  0.998000  0.003345  -0.006755  -0.000927  0.000000  0.000000  0.000000  2.000000  
11.922367 0.010893  0.090787  0.006532  0.998533  0.032351  0.043425  -0.034344  0.998353  0.045944  -0.041867  -0.047368  0.998000  0.003289  -0.006662  -0.000902  0.000000  0.000000  0.000000  2.000000  
11.923367 0.010896  0.090780  0.006531  0.998526  0.032552  0.043438  -0.034549  0.998341  0.046056  -0.041867  -0.047489  0.997994  0.003226  -0.006632  -0.000919  0.000000  0.000000  0.000000  2.000000  
11.924616 0.010900  0.090773  0.006530  0.998526  0.032552  0.043438  -0.034549  0.998341  0.046056  -0.041867  -0.047489  0.997994  0.003231  -0.006534  -0.000901  0.000000  0.000000  0.000000  2.000000  
11.925862 0.010903  0.090765  0.006529  0.998526  0.032552  0.043438  -0.034549  0.998341  0.046056  -0.041867  -0.047489  0.997994  0.003144  -0.006471  -0.000899  0.000000  0.000000  0.000000  2.000000  
11.926864 0.010907  0.090759  0.006529  0.998519  0.032757  0.043447  -0.034755  0.998335  0.046047  -0.041867  -0.047489  0.997994  0.003111  -0.006409  -0.000893  0.000000  0.000000  0.000000  2.000000  
11.927867 0.010910  0.090753  0.006528  0.998519  0.032757  0.043447  -0.034755  0.998335  0.046047  -0.041867  -0.047489  0.997994  0.003084  -0.006341  -0.000923  0.000000  0.000000  0.000000  2.000000  
11.929116 0.010913  0.090746  0.006528  0.998511  0.032957  0.043461  -0.034960  0.998322  0.046159  -0.041867  -0.047610  0.997988  0.003068  -0.006249  -0.000862  0.000000  0.000000  0.000000  2.000000  
11.930363 0.010917  0.090739  0.006527  0.998511  0.032957  0.043461  -0.034960  0.998322  0.046159  -0.041867  -0.047610  0.997988  0.003025  -0.006173  -0.000834  0.000000  0.000000  0.000000  2.000000  
11.931364 0.010920  0.090733  0.006527  0.998499  0.033157  0.043604  -0.035166  0.998316  0.046146  -0.042000  -0.047610  0.997983  0.002991  -0.006129  -0.000818  0.000000  0.000000  0.000000  2.000000  
11.932365 0.010923  0.090727  0.006525  0.998499  0.033157  0.043604  -0.035166  0.998316  0.046146  -0.042000  -0.047610  0.997983  0.002995  -0.006116  -0.000829  0.000000  0.000000  0.000000  2.000000  
11.933367 0.010925  0.090722  0.006525  0.998499  0.033157  0.043604  -0.035166  0.998316  0.046146  -0.042000  -0.047610  0.997983  0.002941  -0.006027  -0.000804  0.000000  0.000000  0.000000  2.000000  
11.934615 0.010929  0.090715  0.006525  0.998491  0.033362  0.043613  -0.035371  0.998309  0.046137  -0.042000  -0.047610  0.997983  0.002925  -0.005934  -0.000743  0.000000  0.000000  0.000000  2.000000  
11.935620 0.010931  0.090709  0.006524  0.998491  0.033362  0.043613  -0.035371  0.998309  0.046137  -0.042000  -0.047610  0.997983  0.002869  -0.005870  -0.000692  0.000000  0.000000  0.000000  2.000000  
11.936861 0.010934  0.090703  0.006523  0.998484  0.033568  0.043623  -0.035577  0.998302  0.046128  -0.042000  -0.047610  0.997983  0.002855  -0.005751  -0.000658  0.000000  0.000000  0.000000  2.000000  
11.937870 0.010937  0.090698  0.006522  0.998484  0.033568  0.043623  -0.035577  0.998302  0.046128  -0.042000  -0.047610  0.997983  0.002837  -0.005722  -0.000657  0.000000  0.000000  0.000000  2.000000  
11.939110 0.010940  0.090691  0.006521  0.998477  0.033773  0.043632  -0.035782  0.998295  0.046119  -0.042000  -0.047610  0.997983  0.002791  -0.005631  -0.000646  0.000000  0.000000  0.000000  2.000000  
11.940112 0.010943  0.090686  0.006520  0.998471  0.033761  0.043770  -0.035782  0.998290  0.046235  -0.042134  -0.047730  0.997971  0.002729  -0.005601  -0.000664  0.000000  0.000000  0.000000  2.000000  
11.941115 0.010945  0.090680  0.006519  0.998471  0.033761  0.043770  -0.035782  0.998290  0.046235  -0.042134  -0.047730  0.997971  0.002696  -0.005520  -0.000691  0.000000  0.000000  0.000000  2.000000  
11.942116 0.010948  0.090675  0.006517  0.998464  0.033967  0.043779  -0.035988  0.998283  0.046226  -0.042134  -0.047730  0.997971  0.002680  -0.005466  -0.000718  0.000000  0.000000  0.000000  2.000000  
11.943357 0.010951  0.090669  0.006516  0.998464  0.033967  0.043779  -0.035988  0.998283  0.046226  -0.042134  -0.047730  0.997971  0.002638  -0.005421  -0.000794  0.000000  0.000000  0.000000  2.000000  
11.944362 0.010953  0.090664  0.006515  0.998456  0.034172  0.043789  -0.036193  0.998276  0.046217  -0.042134  -0.047730  0.997971  0.002597  -0.005409  -0.000845  0.000000  0.000000  0.000000  2.000000  
11.945365 0.010955  0.090658  0.006514  0.998456  0.034172  0.043789  -0.036193  0.998276  0.046217  -0.042134  -0.047730  0.997971  0.002532  -0.005370  -0.000883  0.000000  0.000000  0.000000  2.000000  
11.946610 0.010958  0.090652  0.006512  0.998449  0.034378  0.043798  -0.036399  0.998268  0.046208  -0.042134  -0.047730  0.997971  0.002477  -0.005320  -0.000924  0.000000  0.000000  0.000000  2.000000  
11.947614 0.010961  0.090647  0.006512  0.998443  0.034372  0.043932  -0.036399  0.998269  0.046203  -0.042268  -0.047730  0.997966  0.002478  -0.005231  -0.000919  0.000000  0.000000  0.000000  2.000000  
11.948861 0.010963  0.090641  0.006511  0.998443  0.034372  0.043932  -0.036399  0.998269  0.046203  -0.042268  -0.047730  0.997966  0.002445  -0.005213  -0.000978  0.000000  0.000000  0.000000  2.000000  
11.949870 0.010965  0.090637  0.006510  0.998436  0.034577  0.043941  -0.036604  0.998262  0.046194  -0.042268  -0.047730  0.997966  0.002359  -0.005148  -0.001000  0.000000  0.000000  0.000000  2.000000  
11.951113 0.010968  0.090631  0.006508  0.998436  0.034577  0.043941  -0.036604  0.998262  0.046194  -0.042268  -0.047730  0.997966  0.002337  -0.005070  -0.001041  0.000000  0.000000  0.000000  2.000000  
11.952368 0.010970  0.090625  0.006507  0.998436  0.034577  0.043941  -0.036604  0.998262  0.046194  -0.042268  -0.047730  0.997966  0.002257  -0.005032  -0.001026  0.000000  0.000000  0.000000  2.000000  
11.953614 0.010972  0.090620  0.006506  0.998428  0.034783  0.043951  -0.036810  0.998254  0.046185  -0.042268  -0.047730  0.997966  0.002217  -0.004945  -0.001034  0.000000  0.000000  0.000000  2.000000  
11.954616 0.010974  0.090615  0.006504  0.998428  0.034783  0.043951  -0.036810  0.998254  0.046185  -0.042268  -0.047730  0.997966  0.002202  -0.004893  -0.001061  0.000000  0.000000  0.000000  2.000000  
11.955861 0.010977  0.090610  0.006503  0.998428  0.034783  0.043951  -0.036810  0.998254  0.046185  -0.042268  -0.047730  0.997966  0.002147  -0.004801  -0.001036  0.000000  0.000000  0.000000  2.000000  
11.956862 0.010978  0.090605  0.006502  0.998420  0.034988  0.043960  -0.037015  0.998247  0.046176  -0.042268  -0.047730  0.997966  0.002061  -0.004738  -0.001035  0.000000  0.000000  0.000000  2.000000  
11.957866 0.010980  0.090601  0.006501  0.998420  0.034988  0.043960  -0.037015  0.998247  0.046176  -0.042268  -0.047730  0.997966  0.002028  -0.004676  -0.001028  0.000000  0.000000  0.000000  2.000000  
11.959112 0.010982  0.090596  0.006499  0.998420  0.034988  0.043960  -0.037015  0.998247  0.046176  -0.042268  -0.047730  0.997966  0.002003  -0.004579  -0.001058  0.000000  0.000000  0.000000  2.000000  
11.960361 0.010984  0.090591  0.006498  0.998420  0.034988  0.043960  -0.037015  0.998247  0.046176  -0.042268  -0.047730  0.997966  0.001941  -0.004461  -0.001047  0.000000  0.000000  0.000000  2.000000  
11.961363 0.010986  0.090588  0.006497  0.998420  0.034988  0.043960  -0.037015  0.998247  0.046176  -0.042268  -0.047730  0.997966  0.001910  -0.004402  -0.001041  0.000000  0.000000  0.000000  2.000000  
11.962608 0.010988  0.090583  0.006496  0.998413  0.035194  0.043970  -0.037221  0.998240  0.046167  -0.042268  -0.047730  0.997966  0.001864  -0.004291  -0.001062  0.000000  0.000000  0.000000  2.000000  
11.963612 0.010990  0.090579  0.006495  0.998413  0.035194  0.043970  -0.037221  0.998240  0.046167  -0.042268  -0.047730  0.997966  0.001823  -0.004214  -0.001082  0.000000  0.000000  0.000000  2.000000  
11.964860 0.010992  0.090575  0.006493  0.998413  0.035194  0.043970  -0.037221  0.998240  0.046167  -0.042268  -0.047730  0.997966  0.001802  -0.004127  -0.001111  0.000000  0.000000  0.000000  2.000000  
11.965862 0.010994  0.090571  0.006493  0.998413  0.035194  0.043970  -0.037221  0.998240  0.046167  -0.042268  -0.047730  0.997966  0.001785  -0.004031  -0.001049  0.000000  0.000000  0.000000  2.000000  
11.966866 0.010996  0.090568  0.006491  0.998413  0.035194  0.043970  -0.037221  0.998240  0.046167  -0.042268  -0.047730  0.997966  0.001783  -0.003898  -0.001092  0.000000  0.000000  0.000000  2.000000  
11.968112 0.010998  0.090564  0.006490  0.998413  0.035194  0.043970  -0.037221  0.998240  0.046167  -0.042268  -0.047730  0.997966  0.001754  -0.003835  -0.001074  0.000000  0.000000  0.000000  2.000000  
11.969112 0.010999  0.090561  0.006490  0.998405  0.035399  0.043979  -0.037426  0.998233  0.046158  -0.042268  -0.047730  0.997966  0.001699  -0.003743  -0.001050  0.000000  0.000000  0.000000  2.000000  
11.970367 0.011001  0.090558  0.006489  0.998405  0.035399  0.043979  -0.037426  0.998233  0.046158  -0.042268  -0.047730  0.997966  0.001710  -0.003529  -0.000947  0.000000  0.000000  0.000000  2.000000  
11.971612 0.011003  0.090555  0.006488  0.998405  0.035399  0.043979  -0.037426  0.998233  0.046158  -0.042268  -0.047730  0.997966  0.001675  -0.003445  -0.000945  0.000000  0.000000  0.000000  2.000000  
11.972860 0.011005  0.090552  0.006488  0.998405  0.035399  0.043979  -0.037426  0.998233  0.046158  -0.042268  -0.047730  0.997966  0.001682  -0.003295  -0.000875  0.000000  0.000000  0.000000  2.000000  
11.973868 0.011007  0.090550  0.006488  0.998405  0.035399  0.043979  -0.037426  0.998233  0.046158  -0.042268  -0.047730  0.997966  0.001669  -0.003128  -0.000779  0.000000  0.000000  0.000000  2.000000  
11.975111 0.011009  0.090547  0.006487  0.998405  0.035399  0.043979  -0.037426  0.998233  0.046158  -0.042268  -0.047730  0.997966  0.001637  -0.002979  -0.000744  0.000000  0.000000  0.000000  2.000000  
