1-Time 2-Px 3-Py 4-Pz 5-R11 6-R21 7-R31 8-R12 9-R22 10-R32 11-R13 12-R23 13-R33 14-Vx 15-Vy 16-Vz 17-Wx 18-Wy 19-Wz 20-state 21-PR11 22-PR21 23-PR31 24-PR12 25-PR22 26-PR32 27-PR13 28-PR23 29-PR33 
65.574574 0.003073  0.093417  0.003171  0.997453  0.064685  -0.030058  -0.064156  0.997774  0.018220  0.031170  -0.016245  0.999382  0.000143  0.000121  0.000146  0.000000  0.000000  0.000000  2.000000  
65.575577 0.003073  0.093417  0.003171  0.997453  0.064685  -0.030058  -0.064156  0.997774  0.018220  0.031170  -0.016245  0.999382  0.000174  0.000149  0.000167  0.000000  0.000000  0.000000  2.000000  
65.576579 0.003074  0.093416  0.003171  0.997436  0.064892  -0.030188  -0.064362  0.997760  0.018235  0.031304  -0.016245  0.999378  0.000179  0.000049  0.000150  0.000000  0.000000  0.000000  2.000000  
65.577839 0.003074  0.093414  0.003170  0.997422  0.065101  -0.030176  -0.064567  0.997744  0.018362  0.031304  -0.016366  0.999376  0.000183  -0.000051  0.000132  0.000000  0.000000  0.000000  2.000000  
65.579074 0.003075  0.093412  0.003170  0.997418  0.065104  -0.030310  -0.064567  0.997744  0.018371  0.031438  -0.016366  0.999372  0.000247  -0.000173  0.000127  0.000000  0.000000  0.000000  2.000000  
65.580077 0.003075  0.093411  0.003171  0.997418  0.065107  -0.030302  -0.064567  0.997742  0.018492  0.031438  -0.016487  0.999370  0.000266  -0.000318  0.000133  0.000000  0.000000  0.000000  2.000000  
65.581077 0.003076  0.093409  0.003171  0.997401  0.065315  -0.030432  -0.064772  0.997728  0.018507  0.031571  -0.016487  0.999366  0.000322  -0.000417  0.000117  0.000000  0.000000  0.000000  2.000000  
65.582325 0.003077  0.093407  0.003171  0.997383  0.065526  -0.030553  -0.064977  0.997713  0.018643  0.031705  -0.016609  0.999359  0.000385  -0.000539  0.000112  0.000000  0.000000  0.000000  2.000000  
65.583573 0.003078  0.093406  0.003172  0.997352  0.065939  -0.030679  -0.065387  0.997685  0.018664  0.031839  -0.016609  0.999355  0.000434  -0.000657  0.000138  0.000000  0.000000  0.000000  2.000000  
65.584574 0.003079  0.093405  0.003172  0.997334  0.066150  -0.030801  -0.065592  0.997669  0.018800  0.031972  -0.016730  0.999349  0.000469  -0.000729  0.000141  0.000000  0.000000  0.000000  2.000000  
65.585836 0.003079  0.093403  0.003171  0.997303  0.066564  -0.030926  -0.066002  0.997642  0.018822  0.032106  -0.016730  0.999344  0.000472  -0.000864  0.000041  0.000000  0.000000  0.000000  2.000000  
65.587074 0.003080  0.093403  0.003170  0.997271  0.066977  -0.031052  -0.066413  0.997614  0.018843  0.032240  -0.016730  0.999340  0.000523  -0.000900  -0.000040  0.000000  0.000000  0.000000  2.000000  
65.588077 0.003081  0.093403  0.003170  0.997253  0.067188  -0.031173  -0.066618  0.997598  0.018979  0.032374  -0.016851  0.999334  0.000575  -0.000900  -0.000039  0.000000  0.000000  0.000000  2.000000  
65.589080 0.003081  0.093402  0.003170  0.997221  0.067601  -0.031299  -0.067028  0.997570  0.019001  0.032507  -0.016851  0.999329  0.000572  -0.000976  -0.000067  0.000000  0.000000  0.000000  2.000000  
65.590325 0.003082  0.093401  0.003169  0.997189  0.068014  -0.031424  -0.067438  0.997542  0.019023  0.032641  -0.016851  0.999325  0.000612  -0.001036  -0.000093  0.000000  0.000000  0.000000  2.000000  
65.591326 0.003083  0.093400  0.003169  0.997171  0.068225  -0.031546  -0.067643  0.997526  0.019160  0.032775  -0.016972  0.999319  0.000653  -0.001088  -0.000132  0.000000  0.000000  0.000000  2.000000  
65.592327 0.003084  0.093399  0.003169  0.997153  0.068433  -0.031675  -0.067848  0.997511  0.019175  0.032909  -0.016972  0.999314  0.000657  -0.001084  -0.000145  0.000000  0.000000  0.000000  2.000000  
65.593572 0.003085  0.093396  0.003169  0.997120  0.068850  -0.031792  -0.068259  0.997481  0.019318  0.033042  -0.017093  0.999308  0.000704  -0.001128  -0.000078  0.000000  0.000000  0.000000  2.000000  
65.594581 0.003085  0.093394  0.003170  0.997102  0.069057  -0.031922  -0.068464  0.997466  0.019334  0.033176  -0.017093  0.999303  0.000671  -0.001171  -0.000069  0.000000  0.000000  0.000000  2.000000  
65.595829 0.003087  0.093390  0.003170  0.997083  0.069269  -0.032043  -0.068669  0.997449  0.019471  0.033310  -0.017214  0.999297  0.000717  -0.001293  -0.000031  0.000000  0.000000  0.000000  2.000000  
65.597073 0.003089  0.093387  0.003171  0.997046  0.069688  -0.032293  -0.069079  0.997418  0.019624  0.033577  -0.017335  0.999286  0.000793  -0.001378  0.000015  0.000000  0.000000  0.000000  2.000000  
65.598074 0.003090  0.093384  0.003172  0.997027  0.069896  -0.032422  -0.069284  0.997404  0.019639  0.033711  -0.017335  0.999281  0.000855  -0.001498  0.000011  0.000000  0.000000  0.000000  2.000000  
65.599075 0.003091  0.093380  0.003172  0.997023  0.069902  -0.032547  -0.069283  0.997401  0.019770  0.033845  -0.017456  0.999275  0.000844  -0.001692  0.000026  0.000000  0.000000  0.000000  2.000000  
65.600326 0.003092  0.093376  0.003172  0.997004  0.070110  -0.032677  -0.069488  0.997387  0.019786  0.033978  -0.017456  0.999270  0.000899  -0.001874  0.000118  0.000000  0.000000  0.000000  2.000000  
65.601572 0.003094  0.093371  0.003172  0.997004  0.070114  -0.032668  -0.069488  0.997384  0.019907  0.033978  -0.017577  0.999268  0.000951  -0.002102  0.000147  0.000000  0.000000  0.000000  2.000000  
65.602573 0.003095  0.093368  0.003172  0.996985  0.070321  -0.032797  -0.069693  0.997370  0.019923  0.034112  -0.017577  0.999263  0.000990  -0.002312  0.000186  0.050722  0.095886  0.181472  2.000000  
65.603828 0.003097  0.093364  0.003172  0.996985  0.070321  -0.032797  -0.069693  0.997370  0.019923  0.034112  -0.017577  0.999263  0.001042  -0.002603  0.000166  0.050710  0.095864  0.181431  2.000000  
65.605078 0.003098  0.093360  0.003172  0.996981  0.070324  -0.032931  -0.069693  0.997369  0.019932  0.034246  -0.017577  0.999259  0.001070  -0.002810  0.000216  0.050958  0.100262  0.188457  2.000000  
65.606326 0.003099  0.093356  0.003173  0.996981  0.070324  -0.032931  -0.069693  0.997369  0.019932  0.034246  -0.017577  0.999259  0.001068  -0.002972  0.000295  0.050314  0.099552  0.180045  2.000000  
65.607329 0.003100  0.093353  0.003174  0.996981  0.070324  -0.032931  -0.069693  0.997369  0.019932  0.034246  -0.017577  0.999259  0.001067  -0.003012  0.000348  0.046440  0.095988  0.174554  2.000000  
65.608574 0.003100  0.093349  0.003175  0.996981  0.070324  -0.032931  -0.069693  0.997369  0.019932  0.034246  -0.017577  0.999259  0.001036  -0.003163  0.000353  0.046057  0.095197  0.173117  2.000000  
65.609578 0.003100  0.093346  0.003175  0.996981  0.070324  -0.032931  -0.069693  0.997369  0.019932  0.034246  -0.017577  0.999259  0.001002  -0.003180  0.000349  0.042377  0.091487  0.174495  2.000000  
65.610581 0.003100  0.093343  0.003176  0.996995  0.070118  -0.032935  -0.069488  0.997384  0.019925  0.034246  -0.017577  0.999259  0.000901  -0.003231  0.000383  0.000000  0.000000  0.000000  2.000000  
65.611830 0.003099  0.093338  0.003176  0.996995  0.070118  -0.032935  -0.069488  0.997384  0.019925  0.034246  -0.017577  0.999259  0.000700  -0.003335  0.000360  0.000000  0.000000  0.000000  2.000000  
65.613077 0.003098  0.093333  0.003177  0.997009  0.069909  -0.032947  -0.069282  0.997401  0.019798  0.034246  -0.017456  0.999261  0.000523  -0.003389  0.000346  0.000000  0.000000  0.000000  2.000000  
65.614136 0.003097  0.093329  0.003178  0.997009  0.069909  -0.032947  -0.069282  0.997401  0.019798  0.034246  -0.017456  0.999261  0.000404  -0.003374  0.000373  0.000000  0.000000  0.000000  2.000000  
65.615325 0.003096  0.093325  0.003179  0.997023  0.069704  -0.032951  -0.069077  0.997415  0.019791  0.034246  -0.017456  0.999261  0.000240  -0.003394  0.000459  0.000000  0.000000  0.000000  2.000000  
65.616574 0.003095  0.093321  0.003181  0.997023  0.069704  -0.032951  -0.069077  0.997415  0.019791  0.034246  -0.017456  0.999261  0.000027  -0.003341  0.000604  0.000000  0.000000  0.000000  2.000000  
65.617578 0.003093  0.093317  0.003182  0.997023  0.069704  -0.032951  -0.069077  0.997415  0.019791  0.034246  -0.017456  0.999261  -0.000179  -0.003384  0.000652  0.000000  0.000000  0.000000  2.000000  
65.618827 0.003092  0.093313  0.003182  0.997042  0.069496  -0.032822  -0.068872  0.997429  0.019775  0.034112  -0.017456  0.999266  -0.000358  -0.003399  0.000670  0.000000  0.000000  0.000000  2.000000  
65.620074 0.003090  0.093308  0.003182  0.997042  0.069492  -0.032831  -0.068872  0.997432  0.019654  0.034112  -0.017335  0.999268  -0.000533  -0.003453  0.000657  0.000000  0.000000  0.000000  2.000000  
65.621322 0.003088  0.093304  0.003182  0.997061  0.069284  -0.032701  -0.068667  0.997446  0.019638  0.033978  -0.017335  0.999272  -0.000707  -0.003465  0.000591  0.000000  0.000000  0.000000  2.000000  
65.622332 0.003088  0.093301  0.003182  0.997061  0.069284  -0.032701  -0.068667  0.997446  0.019638  0.033978  -0.017335  0.999272  -0.000851  -0.003510  0.000523  0.000000  0.000000  0.000000  2.000000  
65.623578 0.003086  0.093297  0.003181  0.997061  0.069280  -0.032710  -0.068667  0.997449  0.019517  0.033978  -0.017213  0.999274  -0.000984  -0.003501  0.000446  0.000000  0.000000  0.000000  2.000000  
65.624830 0.003084  0.093293  0.003180  0.997075  0.069075  -0.032714  -0.068462  0.997463  0.019510  0.033978  -0.017213  0.999274  -0.001095  -0.003474  0.000296  0.000000  0.000000  0.000000  2.000000  
65.625838 0.003082  0.093290  0.003178  0.997079  0.069073  -0.032580  -0.068462  0.997463  0.019501  0.033845  -0.017213  0.999279  -0.001159  -0.003440  0.000135  0.000000  0.000000  0.000000  2.000000  
65.627077 0.003080  0.093286  0.003177  0.997079  0.069073  -0.032580  -0.068462  0.997463  0.019501  0.033845  -0.017213  0.999279  -0.001209  -0.003361  0.000028  0.000000  0.000000  0.000000  2.000000  
65.628327 0.003078  0.093283  0.003176  0.997094  0.068863  -0.032593  -0.068257  0.997480  0.019373  0.033845  -0.017092  0.999281  -0.001270  -0.003239  -0.000094  0.000000  0.000000  0.000000  2.000000  
65.629578 0.003077  0.093280  0.003175  0.997094  0.068863  -0.032593  -0.068257  0.997480  0.019373  0.033845  -0.017092  0.999281  -0.001321  -0.003155  -0.000208  0.000000  0.000000  0.000000  2.000000  
65.630581 0.003076  0.093278  0.003175  0.997108  0.068658  -0.032597  -0.068052  0.997494  0.019367  0.033845  -0.017092  0.999281  -0.001357  -0.003079  -0.000342  0.000000  0.000000  0.000000  2.000000  
65.631823 0.003074  0.093276  0.003174  0.997108  0.068658  -0.032597  -0.068052  0.997494  0.019367  0.033845  -0.017092  0.999281  -0.001370  -0.002953  -0.000474  0.000000  0.000000  0.000000  2.000000  
65.632827 0.003073  0.093274  0.003173  0.997122  0.068453  -0.032601  -0.067846  0.997508  0.019360  0.033845  -0.017092  0.999281  -0.001346  -0.002821  -0.000570  0.000000  0.000000  0.000000  2.000000  
65.634072 0.003072  0.093272  0.003172  0.997122  0.068453  -0.032601  -0.067846  0.997508  0.019360  0.033845  -0.017092  0.999281  -0.001293  -0.002663  -0.000646  0.000000  0.000000  0.000000  2.000000  
65.635074 0.003071  0.093270  0.003171  0.997136  0.068247  -0.032605  -0.067641  0.997522  0.019353  0.033845  -0.017092  0.999281  -0.001262  -0.002554  -0.000731  0.000000  0.000000  0.000000  2.000000  
65.636078 0.003071  0.093268  0.003170  0.997136  0.068247  -0.032605  -0.067641  0.997522  0.019353  0.033845  -0.017092  0.999281  -0.001199  -0.002407  -0.000800  0.000000  0.000000  0.000000  2.000000  
65.637328 0.003070  0.093266  0.003169  0.997149  0.068038  -0.032617  -0.067436  0.997538  0.019225  0.033845  -0.016971  0.999283  -0.001179  -0.002328  -0.000840  0.000000  0.000000  0.000000  2.000000  
65.638580 0.003070  0.093265  0.003168  0.997159  0.067835  -0.032754  -0.067230  0.997552  0.019228  0.033978  -0.016971  0.999278  -0.001017  -0.002116  -0.000836  0.000000  0.000000  0.000000  2.000000  
65.639828 0.003070  0.093263  0.003168  0.997159  0.067835  -0.032754  -0.067230  0.997552  0.019228  0.033978  -0.016971  0.999278  -0.000904  -0.001981  -0.000802  0.000000  0.000000  0.000000  2.000000  
65.640840 0.003071  0.093262  0.003167  0.997173  0.067630  -0.032758  -0.067025  0.997566  0.019221  0.033978  -0.016971  0.999278  -0.000767  -0.001832  -0.000765  0.000000  0.000000  0.000000  2.000000  
65.642080 0.003071  0.093261  0.003166  0.997173  0.067630  -0.032758  -0.067025  0.997566  0.019221  0.033978  -0.016971  0.999278  -0.000602  -0.001656  -0.000746  0.000000  0.000000  0.000000  2.000000  
65.643326 0.003072  0.093261  0.003166  0.997186  0.067424  -0.032762  -0.066820  0.997580  0.019214  0.033978  -0.016971  0.999278  -0.000445  -0.001528  -0.000712  0.000000  0.000000  0.000000  2.000000  
65.644580 0.003073  0.093260  0.003164  0.997200  0.067219  -0.032766  -0.066614  0.997594  0.019207  0.033978  -0.016971  0.999278  -0.000272  -0.001381  -0.000736  0.000000  0.000000  0.000000  2.000000  
65.645831 0.003073  0.093259  0.003164  0.997214  0.067013  -0.032770  -0.066409  0.997608  0.019201  0.033978  -0.016971  0.999278  -0.000114  -0.001280  -0.000692  0.000000  0.000000  0.000000  2.000000  
65.647074 0.003074  0.093258  0.003164  0.997214  0.067013  -0.032770  -0.066409  0.997608  0.019201  0.033978  -0.016971  0.999278  0.000026  -0.001155  -0.000681  0.000000  0.000000  0.000000  2.000000  
65.648077 0.003075  0.093258  0.003164  0.997227  0.066808  -0.032774  -0.066204  0.997622  0.019194  0.033978  -0.016971  0.999278  0.000206  -0.001043  -0.000650  0.000000  0.000000  0.000000  2.000000  
65.649328 0.003077  0.093258  0.003164  0.997241  0.066603  -0.032778  -0.065998  0.997635  0.019187  0.033978  -0.016971  0.999278  0.000366  -0.000849  -0.000506  0.000000  0.000000  0.000000  2.000000  
65.650581 0.003078  0.093258  0.003165  0.997241  0.066603  -0.032778  -0.065998  0.997635  0.019187  0.033978  -0.016971  0.999278  0.000502  -0.000705  -0.000371  0.000000  0.000000  0.000000  2.000000  
65.651827 0.003079  0.093258  0.003166  0.997255  0.066397  -0.032782  -0.065793  0.997649  0.019180  0.033978  -0.016971  0.999278  0.000585  -0.000576  -0.000222  0.000000  0.000000  0.000000  2.000000  
65.652828 0.003080  0.093258  0.003167  0.997268  0.066192  -0.032786  -0.065588  0.997663  0.019174  0.033978  -0.016971  0.999278  0.000646  -0.000486  -0.000100  0.000000  0.000000  0.000000  2.000000  
65.654079 0.003081  0.093259  0.003169  0.997268  0.066192  -0.032786  -0.065588  0.997663  0.019174  0.033978  -0.016971  0.999278  0.000766  -0.000340  0.000063  0.000000  0.000000  0.000000  2.000000  
65.655079 0.003082  0.093259  0.003170  0.997282  0.065987  -0.032790  -0.065382  0.997676  0.019167  0.033978  -0.016971  0.999278  0.000812  -0.000204  0.000196  0.000000  0.000000  0.000000  2.000000  
65.656080 0.003083  0.093260  0.003171  0.997282  0.065987  -0.032790  -0.065382  0.997676  0.019167  0.033978  -0.016971  0.999278  0.000844  -0.000140  0.000300  0.000000  0.000000  0.000000  2.000000  
65.657330 0.003084  0.093261  0.003172  0.997295  0.065781  -0.032794  -0.065177  0.997690  0.019160  0.033978  -0.016971  0.999278  0.000847  -0.000027  0.000411  0.000000  0.000000  0.000000  2.000000  
65.658577 0.003085  0.093261  0.003173  0.997304  0.065578  -0.032931  -0.064972  0.997703  0.019162  0.034112  -0.016971  0.999274  0.000872  0.000060  0.000503  0.000000  0.000000  0.000000  2.000000  
65.659829 0.003086  0.093261  0.003173  0.997304  0.065578  -0.032931  -0.064972  0.997703  0.019162  0.034112  -0.016971  0.999274  0.000852  0.000123  0.000605  0.000000  0.000000  0.000000  2.000000  
65.660839 0.003086  0.093261  0.003174  0.997304  0.065578  -0.032931  -0.064972  0.997703  0.019162  0.034112  -0.016971  0.999274  0.000846  0.000182  0.000676  0.000000  0.000000  0.000000  2.000000  
65.662075 0.003086  0.093261  0.003175  0.997317  0.065377  -0.032927  -0.064766  0.997714  0.019276  0.034112  -0.017092  0.999272  0.000790  0.000240  0.000746  0.000000  0.000000  0.000000  2.000000  
65.663076 0.003086  0.093261  0.003175  0.997331  0.065171  -0.032931  -0.064561  0.997728  0.019270  0.034112  -0.017092  0.999272  0.000733  0.000213  0.000744  0.000000  0.000000  0.000000  2.000000  
65.664134 0.003086  0.093261  0.003175  0.997331  0.065171  -0.032931  -0.064561  0.997728  0.019270  0.034112  -0.017092  0.999272  0.000641  0.000214  0.000751  0.000000  0.000000  0.000000  2.000000  
65.665324 0.003086  0.093261  0.003176  0.997331  0.065171  -0.032931  -0.064561  0.997728  0.019270  0.034112  -0.017092  0.999272  0.000562  0.000186  0.000732  0.000000  0.000000  0.000000  2.000000  
65.666576 0.003086  0.093260  0.003176  0.997344  0.064966  -0.032935  -0.064356  0.997741  0.019263  0.034112  -0.017092  0.999272  0.000472  0.000154  0.000698  0.000000  0.000000  0.000000  2.000000  
65.667823 0.003085  0.093260  0.003177  0.997344  0.064966  -0.032935  -0.064356  0.997741  0.019263  0.034112  -0.017092  0.999272  0.000369  0.000117  0.000614  0.000000  0.000000  0.000000  2.000000  
65.668827 0.003085  0.093260  0.003177  0.997353  0.064763  -0.033072  -0.064150  0.997754  0.019265  0.034246  -0.017092  0.999267  0.000226  0.000057  0.000549  0.000000  0.000000  0.000000  2.000000  
65.670077 0.003084  0.093259  0.003176  0.997353  0.064763  -0.033072  -0.064150  0.997754  0.019265  0.034246  -0.017092  0.999267  0.000111  -0.000036  0.000416  0.000000  0.000000  0.000000  2.000000  
65.671324 0.003083  0.093259  0.003176  0.997366  0.064553  -0.033084  -0.063945  0.997770  0.019137  0.034246  -0.016971  0.999269  -0.000029  -0.000119  0.000353  0.000000  0.000000  0.000000  2.000000  
65.672334 0.003083  0.093259  0.003177  0.997366  0.064553  -0.033084  -0.063945  0.997770  0.019137  0.034246  -0.016971  0.999269  -0.000096  -0.000154  0.000306  0.000000  0.000000  0.000000  2.000000  
65.673579 0.003082  0.093259  0.003177  0.997374  0.064350  -0.033222  -0.063739  0.997783  0.019138  0.034379  -0.016971  0.999265  -0.000192  -0.000137  0.000261  0.000000  0.000000  0.000000  2.000000  
65.674829 0.003082  0.093259  0.003177  0.997374  0.064350  -0.033222  -0.063739  0.997783  0.019138  0.034379  -0.016971  0.999265  -0.000243  -0.000138  0.000260  0.000000  0.000000  0.000000  2.000000  
65.676077 0.003082  0.093258  0.003177  0.997383  0.064147  -0.033359  -0.063533  0.997796  0.019140  0.034513  -0.016971  0.999260  -0.000311  -0.000171  0.000207  0.000000  0.000000  0.000000  2.000000  
65.677326 0.003081  0.093258  0.003177  0.997383  0.064147  -0.033359  -0.063533  0.997796  0.019140  0.034513  -0.016971  0.999260  -0.000357  -0.000231  0.000134  0.000000  0.000000  0.000000  2.000000  
65.678580 0.003081  0.093257  0.003176  0.997391  0.063944  -0.033496  -0.063328  0.997809  0.019142  0.034647  -0.016971  0.999256  -0.000379  -0.000240  0.000071  0.000000  0.000000  0.000000  2.000000  
65.679830 0.003080  0.093257  0.003175  0.997391  0.063944  -0.033496  -0.063328  0.997809  0.019142  0.034647  -0.016971  0.999256  -0.000388  -0.000254  -0.000023  0.000000  0.000000  0.000000  2.000000  
65.680888 0.003081  0.093257  0.003175  0.997400  0.063741  -0.033634  -0.063122  0.997822  0.019143  0.034781  -0.016970  0.999251  -0.000351  -0.000284  -0.000073  0.000000  0.000000  0.000000  2.000000  
65.682075 0.003081  0.093256  0.003174  0.997400  0.063741  -0.033634  -0.063122  0.997822  0.019143  0.034781  -0.016970  0.999251  -0.000286  -0.000247  -0.000157  0.000000  0.000000  0.000000  2.000000  
65.683078 0.003081  0.093256  0.003174  0.997408  0.063538  -0.033771  -0.062917  0.997835  0.019145  0.034914  -0.016970  0.999246  -0.000241  -0.000223  -0.000167  0.000000  0.000000  0.000000  2.000000  
65.684322 0.003082  0.093256  0.003173  0.997403  0.063540  -0.033904  -0.062916  0.997835  0.019153  0.035048  -0.016970  0.999242  -0.000166  -0.000204  -0.000235  0.000000  0.000000  0.000000  2.000000  
65.685323 0.003082  0.093256  0.003172  0.997403  0.063540  -0.033904  -0.062916  0.997835  0.019153  0.035048  -0.016970  0.999242  -0.000122  -0.000181  -0.000244  0.000000  0.000000  0.000000  2.000000  
65.686324 0.003083  0.093256  0.003172  0.997411  0.063337  -0.034042  -0.062711  0.997848  0.019155  0.035182  -0.016970  0.999237  -0.000027  -0.000157  -0.000253  0.000000  0.000000  0.000000  2.000000  
65.687328 0.003084  0.093257  0.003173  0.997407  0.063339  -0.034175  -0.062710  0.997848  0.019163  0.035316  -0.016970  0.999232  0.000046  -0.000106  -0.000242  0.000000  0.000000  0.000000  2.000000  
65.688575 0.003085  0.093258  0.003173  0.997407  0.063335  -0.034183  -0.062710  0.997850  0.019042  0.035316  -0.016849  0.999234  0.000170  -0.000054  -0.000230  0.000000  0.000000  0.000000  2.000000  
65.689576 0.003085  0.093258  0.003174  0.997415  0.063132  -0.034320  -0.062505  0.997863  0.019043  0.035449  -0.016849  0.999229  0.000214  -0.000031  -0.000240  0.000000  0.000000  0.000000  2.000000  
65.690577 0.003086  0.093259  0.003174  0.997410  0.063134  -0.034454  -0.062504  0.997863  0.019052  0.035583  -0.016849  0.999225  0.000301  0.000075  -0.000193  0.000000  0.000000  0.000000  2.000000  
65.691830 0.003087  0.093260  0.003175  0.997405  0.063136  -0.034587  -0.062504  0.997863  0.019060  0.035717  -0.016849  0.999220  0.000392  0.000159  -0.000131  0.000000  0.000000  0.000000  2.000000  
65.693075 0.003087  0.093261  0.003174  0.997413  0.062933  -0.034725  -0.062298  0.997876  0.019061  0.035850  -0.016849  0.999215  0.000452  0.000229  -0.000129  0.000000  0.000000  0.000000  2.000000  
65.694075 0.003088  0.093262  0.003175  0.997409  0.062935  -0.034858  -0.062298  0.997875  0.019070  0.035984  -0.016849  0.999210  0.000536  0.000321  -0.000038  0.000000  0.000000  0.000000  2.000000  
65.695323 0.003088  0.093263  0.003175  0.997399  0.062940  -0.035125  -0.062298  0.997875  0.019086  0.036251  -0.016848  0.999201  0.000522  0.000374  0.000032  0.000000  0.000000  0.000000  2.000000  
65.696332 0.003089  0.093264  0.003176  0.997394  0.062946  -0.035251  -0.062297  0.997873  0.019216  0.036385  -0.016970  0.999194  0.000562  0.000485  0.000083  0.000000  0.000000  0.000000  2.000000  
65.697575 0.003090  0.093265  0.003177  0.997402  0.062743  -0.035388  -0.062092  0.997885  0.019217  0.036519  -0.016969  0.999189  0.000578  0.000563  0.000172  0.000000  0.000000  0.000000  2.000000  
65.698825 0.003090  0.093266  0.003177  0.997397  0.062745  -0.035521  -0.062091  0.997885  0.019225  0.036653  -0.016969  0.999184  0.000558  0.000625  0.000272  0.000000  0.000000  0.000000  2.000000  
65.700078 0.003091  0.093267  0.003178  0.997387  0.062750  -0.035788  -0.062091  0.997885  0.019242  0.036920  -0.016969  0.999174  0.000592  0.000722  0.000369  0.000000  0.000000  0.000000  2.000000  
65.701323 0.003091  0.093268  0.003178  0.997395  0.062551  -0.035918  -0.061885  0.997895  0.019364  0.037054  -0.017090  0.999167  0.000550  0.000776  0.000408  0.000000  0.000000  0.000000  2.000000  
65.702327 0.003091  0.093268  0.003179  0.997385  0.062556  -0.036185  -0.061884  0.997895  0.019380  0.037321  -0.017090  0.999157  0.000504  0.000758  0.000369  0.000000  0.000000  0.000000  2.000000  
65.703574 0.003092  0.093269  0.003179  0.997380  0.062558  -0.036318  -0.061884  0.997895  0.019388  0.037455  -0.017090  0.999152  0.000454  0.000757  0.000368  0.000000  0.000000  0.000000  2.000000  
65.704575 0.003092  0.093270  0.003179  0.997383  0.062357  -0.036589  -0.061678  0.997908  0.019397  0.037722  -0.017090  0.999142  0.000447  0.000780  0.000357  0.000000  0.000000  0.000000  2.000000  
65.705580 0.003092  0.093270  0.003180  0.997378  0.062364  -0.036715  -0.061678  0.997905  0.019527  0.037856  -0.017211  0.999135  0.000417  0.000747  0.000384  0.000000  0.000000  0.000000  2.000000  
65.706829 0.003092  0.093271  0.003180  0.997380  0.062163  -0.036986  -0.061472  0.997918  0.019536  0.038123  -0.017211  0.999125  0.000359  0.000733  0.000376  0.000000  0.000000  0.000000  2.000000  
65.708077 0.003093  0.093272  0.003181  0.997370  0.062167  -0.037253  -0.061471  0.997917  0.019552  0.038391  -0.017211  0.999115  0.000313  0.000703  0.000435  0.000000  0.000000  0.000000  2.000000  
65.709077 0.003093  0.093272  0.003181  0.997365  0.062174  -0.037379  -0.061471  0.997915  0.019681  0.038524  -0.017332  0.999107  0.000313  0.000703  0.000435  0.000000  0.000000  0.000000  2.000000  
65.710329 0.003093  0.093272  0.003182  0.997367  0.061973  -0.037650  -0.061265  0.997927  0.019690  0.038792  -0.017332  0.999097  0.000260  0.000624  0.000405  0.000000  0.000000  0.000000  2.000000  
65.711577 0.003093  0.093273  0.003183  0.997370  0.061777  -0.037913  -0.061059  0.997937  0.019820  0.039059  -0.017453  0.999084  0.000252  0.000606  0.000447  0.000000  0.000000  0.000000  2.000000  
65.712829 0.003093  0.093273  0.003183  0.997359  0.061782  -0.038180  -0.061058  0.997937  0.019836  0.039327  -0.017452  0.999074  0.000210  0.000515  0.000380  0.000000  0.000000  0.000000  2.000000  
65.713836 0.003093  0.093272  0.003183  0.997366  0.061583  -0.038310  -0.060853  0.997947  0.019957  0.039460  -0.017573  0.999067  0.000181  0.000417  0.000336  0.000000  0.000000  0.000000  2.000000  
65.715075 0.003093  0.093272  0.003183  0.997368  0.061383  -0.038581  -0.060647  0.997960  0.019966  0.039728  -0.017573  0.999056  0.000155  0.000361  0.000322  0.000000  0.000000  0.000000  2.000000  
65.716324 0.003093  0.093272  0.003183  0.997358  0.061392  -0.038840  -0.060646  0.997957  0.020103  0.039995  -0.017694  0.999043  0.000147  0.000307  0.000282  0.000000  0.000000  0.000000  2.000000  
65.717575 0.003093  0.093272  0.003183  0.997359  0.061191  -0.039111  -0.060440  0.997969  0.020111  0.040263  -0.017694  0.999032  0.000096  0.000234  0.000257  0.000000  0.000000  0.000000  2.000000  
65.718822 0.003093  0.093272  0.003182  0.997361  0.060995  -0.039375  -0.060234  0.997979  0.020240  0.040530  -0.017815  0.999019  0.000092  0.000154  0.000224  0.029484  0.170794  -0.072495  2.000000  
65.719823 0.003093  0.093271  0.003182  0.997356  0.060998  -0.039508  -0.060234  0.997979  0.020248  0.040664  -0.017815  0.999014  0.000083  0.000100  0.000184  0.029487  0.175304  -0.072438  2.000000  
65.720838 0.003093  0.093271  0.003182  0.997357  0.060802  -0.039772  -0.060028  0.997989  0.020377  0.040931  -0.017936  0.999001  0.000061  0.000051  0.000178  0.033503  0.181234  -0.079801  2.000000  
65.722082 0.003093  0.093271  0.003182  0.997364  0.060604  -0.039902  -0.059822  0.997999  0.020498  0.041065  -0.018057  0.998993  0.000052  -0.000004  0.000138  0.037309  0.181393  -0.086716  2.000000  
65.723350 0.003093  0.093271  0.003182  0.997353  0.060608  -0.040169  -0.059821  0.997998  0.020514  0.041332  -0.018057  0.998982  0.000021  -0.000068  0.000034  0.037529  0.181163  -0.079755  2.000000  
65.724579 0.003093  0.093270  0.003182  0.997354  0.060413  -0.040433  -0.059616  0.998008  0.020643  0.041599  -0.018178  0.998969  0.000012  -0.000123  -0.000006  0.041352  0.185938  -0.086645  2.000000  
65.725833 0.003093  0.093270  0.003181  0.997355  0.060217  -0.040697  -0.059410  0.998018  0.020771  0.041867  -0.018299  0.998956  -0.000027  -0.000202  -0.000066  0.041051  0.190505  -0.093426  2.000000  
65.727076 0.003093  0.093270  0.003181  0.997362  0.060014  -0.040834  -0.059204  0.998030  0.020771  0.042000  -0.018299  0.998950  -0.000013  -0.000206  -0.000096  0.041042  0.186057  -0.093528  2.000000  
65.728077 0.003093  0.093269  0.003180  0.997351  0.060024  -0.041094  -0.059203  0.998027  0.020908  0.042268  -0.018420  0.998937  -0.000021  -0.000260  -0.000136  0.044734  0.193450  -0.092589  2.000000  
65.729326 0.003093  0.093269  0.003180  0.997357  0.059826  -0.041224  -0.058998  0.998037  0.021028  0.042401  -0.018541  0.998929  -0.000029  -0.000242  -0.000150  0.048525  0.189269  -0.099591  2.000000  
65.730327 0.003093  0.093269  0.003180  0.997358  0.059630  -0.041488  -0.058792  0.998046  0.021157  0.042669  -0.018662  0.998915  -0.000028  -0.000238  -0.000147  0.048879  0.195238  -0.100255  2.000000  
65.731578 0.003092  0.093268  0.003180  0.997352  0.059633  -0.041622  -0.058791  0.998046  0.021165  0.042802  -0.018662  0.998909  -0.000052  -0.000293  -0.000159  0.048856  0.190732  -0.100329  2.000000  
65.732823 0.003092  0.093268  0.003180  0.997353  0.059438  -0.041886  -0.058585  0.998055  0.021293  0.043070  -0.018782  0.998895  -0.000051  -0.000288  -0.000157  0.052199  0.193745  -0.106265  2.000000  
65.733830 0.003092  0.093268  0.003180  0.997359  0.059240  -0.042016  -0.058380  0.998065  0.021413  0.043204  -0.018904  0.998887  -0.000043  -0.000238  -0.000119  0.056678  0.190829  -0.107196  2.000000  
65.734831 0.003092  0.093268  0.003180  0.997353  0.059247  -0.042143  -0.058379  0.998062  0.021542  0.043337  -0.019025  0.998879  -0.000059  -0.000270  -0.000171  0.056662  0.190839  -0.107171  2.000000  
65.736080 0.003092  0.093268  0.003180  0.997360  0.059050  -0.042273  -0.058174  0.998071  0.021662  0.043471  -0.019146  0.998871  -0.000059  -0.000270  -0.000171  0.060494  0.186658  -0.114264  2.000000  
65.737329 0.003092  0.093267  0.003179  0.997366  0.058852  -0.042404  -0.057968  0.998081  0.021782  0.043605  -0.019267  0.998863  -0.000051  -0.000247  -0.000209  0.063971  0.184966  -0.113212  2.000000  
65.738579 0.003092  0.093267  0.003179  0.997354  0.058857  -0.042671  -0.057967  0.998080  0.021798  0.043872  -0.019266  0.998851  -0.000043  -0.000197  -0.000173  0.060388  0.182017  -0.114224  2.000000  
65.739829 0.003093  0.093267  0.003179  0.997360  0.058659  -0.042802  -0.057762  0.998090  0.021918  0.044006  -0.019388  0.998843  -0.000028  -0.000201  -0.000203  0.063919  0.180526  -0.113273  2.000000  
65.740838 0.003093  0.093268  0.003179  0.997366  0.058461  -0.042932  -0.057556  0.998099  0.022038  0.044139  -0.019509  0.998835  0.000025  -0.000122  -0.000173  0.067651  0.176193  -0.120195  2.000000  
65.742076 0.003093  0.093268  0.003178  0.997360  0.058469  -0.043059  -0.057555  0.998096  0.022166  0.044273  -0.019630  0.998827  0.000039  -0.000124  -0.000201  0.000000  0.000000  0.000000  2.000000  
65.743324 0.003094  0.093268  0.003178  0.997366  0.058272  -0.043190  -0.057350  0.998105  0.022286  0.044407  -0.019751  0.998818  0.000077  -0.000043  -0.000141  0.000000  0.000000  0.000000  2.000000  
65.744328 0.003094  0.093268  0.003178  0.997366  0.058277  -0.043183  -0.057350  0.998103  0.022407  0.044407  -0.019872  0.998816  0.000093  -0.000048  -0.000174  0.000000  0.000000  0.000000  2.000000  
65.745574 0.003095  0.093268  0.003178  0.997372  0.058079  -0.043314  -0.057144  0.998112  0.022527  0.044540  -0.019993  0.998808  0.000172  -0.000019  -0.000149  0.000000  0.000000  0.000000  2.000000  
65.746578 0.003095  0.093268  0.003178  0.997378  0.057882  -0.043445  -0.056938  0.998121  0.022647  0.044674  -0.020114  0.998799  0.000168  0.000004  -0.000163  0.000000  0.000000  0.000000  2.000000  
65.747827 0.003095  0.093268  0.003178  0.997372  0.057890  -0.043571  -0.056938  0.998118  0.022776  0.044808  -0.020235  0.998791  0.000189  -0.000023  -0.000183  0.000000  0.000000  0.000000  2.000000  
65.748831 0.003095  0.093268  0.003177  0.997383  0.057690  -0.043569  -0.056733  0.998127  0.022888  0.044808  -0.020356  0.998788  0.000219  0.000005  -0.000162  0.000000  0.000000  0.000000  2.000000  
65.750078 0.003096  0.093268  0.003177  0.997377  0.057698  -0.043695  -0.056732  0.998124  0.023016  0.044941  -0.020477  0.998780  0.000233  0.000001  -0.000193  0.000000  0.000000  0.000000  2.000000  
65.751080 0.003096  0.093268  0.003177  0.997389  0.057497  -0.043693  -0.056527  0.998133  0.023128  0.044941  -0.020598  0.998777  0.000230  0.000001  -0.000189  0.000000  0.000000  0.000000  2.000000  
65.752099 0.003096  0.093268  0.003177  0.997389  0.057503  -0.043686  -0.056527  0.998130  0.023249  0.044941  -0.020719  0.998775  0.000270  0.000006  -0.000160  0.000000  0.000000  0.000000  2.000000  
65.753322 0.003096  0.093268  0.003177  0.997395  0.057305  -0.043817  -0.056321  0.998139  0.023369  0.045075  -0.020840  0.998766  0.000266  0.000006  -0.000158  0.000000  0.000000  0.000000  2.000000  
65.754325 0.003097  0.093268  0.003177  0.997395  0.057311  -0.043810  -0.056321  0.998136  0.023490  0.045075  -0.020962  0.998764  0.000296  0.000033  -0.000137  0.000000  0.000000  0.000000  2.000000  
65.755333 0.003097  0.093268  0.003177  0.997406  0.057110  -0.043808  -0.056116  0.998145  0.023602  0.045075  -0.021083  0.998761  0.000286  0.000038  -0.000109  0.000000  0.000000  0.000000  2.000000  
65.756580 0.003098  0.093269  0.003177  0.997400  0.057119  -0.043935  -0.056116  0.998142  0.023731  0.045209  -0.021204  0.998753  0.000317  0.000066  -0.000088  0.000000  0.000000  0.000000  2.000000  
65.757833 0.003098  0.093269  0.003177  0.997412  0.056918  -0.043933  -0.055910  0.998151  0.023843  0.045209  -0.021325  0.998750  0.000286  0.000038  -0.000109  0.000000  0.000000  0.000000  2.000000  
65.759075 0.003099  0.093269  0.003177  0.997412  0.056924  -0.043926  -0.055910  0.998148  0.023964  0.045209  -0.021446  0.998747  0.000317  0.000066  -0.000088  0.000000  0.000000  0.000000  2.000000  
65.760076 0.003099  0.093269  0.003177  0.997406  0.056932  -0.044052  -0.055910  0.998145  0.024092  0.045342  -0.021567  0.998739  0.000265  0.000065  -0.000089  0.000000  0.000000  0.000000  2.000000  
65.761079 0.003099  0.093269  0.003176  0.997417  0.056732  -0.044050  -0.055705  0.998154  0.024204  0.045342  -0.021688  0.998736  0.000287  0.000038  -0.000109  0.000000  0.000000  0.000000  2.000000  
65.762327 0.003099  0.093268  0.003176  0.997417  0.056743  -0.044037  -0.055705  0.998148  0.024447  0.045342  -0.021930  0.998731  0.000286  0.000038  -0.000109  0.000000  0.000000  0.000000  2.000000  
65.763329 0.003100  0.093268  0.003176  0.997417  0.056748  -0.044030  -0.055705  0.998145  0.024568  0.045342  -0.022052  0.998728  0.000293  0.000015  -0.000097  0.000000  0.000000  0.000000  2.000000  
65.764578 0.003100  0.093267  0.003175  0.997429  0.056548  -0.044028  -0.055499  0.998154  0.024680  0.045342  -0.022173  0.998725  0.000309  -0.000012  -0.000115  0.000000  0.000000  0.000000  2.000000  
65.765824 0.003100  0.093267  0.003175  0.997429  0.056558  -0.044014  -0.055499  0.998148  0.024922  0.045342  -0.022415  0.998720  0.000310  -0.000012  -0.000115  0.000000  0.000000  0.000000  2.000000  
65.766829 0.003101  0.093267  0.003175  0.997423  0.056567  -0.044141  -0.055499  0.998144  0.025050  0.045476  -0.022536  0.998711  0.000285  -0.000040  -0.000138  0.000000  0.000000  0.000000  2.000000  
65.768074 0.003101  0.093267  0.003175  0.997423  0.056572  -0.044134  -0.055499  0.998141  0.025171  0.045476  -0.022657  0.998708  0.000336  -0.000039  -0.000136  0.000000  0.000000  0.000000  2.000000  
65.769080 0.003101  0.093267  0.003174  0.997423  0.056577  -0.044127  -0.055499  0.998138  0.025292  0.045476  -0.022778  0.998706  0.000306  -0.000067  -0.000157  0.000000  0.000000  0.000000  2.000000  
65.770327 0.003102  0.093267  0.003174  0.997423  0.056588  -0.044113  -0.055499  0.998132  0.025535  0.045476  -0.023021  0.998700  0.000329  -0.000074  -0.000215  0.000000  0.000000  0.000000  2.000000  
65.771575 0.003103  0.093267  0.003173  0.997423  0.056594  -0.044106  -0.055499  0.998129  0.025656  0.045476  -0.023142  0.998697  0.000320  -0.000128  -0.000255  0.000000  0.000000  0.000000  2.000000  
65.772581 0.003104  0.093267  0.003172  0.997423  0.056599  -0.044100  -0.055499  0.998126  0.025777  0.045476  -0.023263  0.998695  0.000384  -0.000110  -0.000300  0.000000  0.000000  0.000000  2.000000  
65.773826 0.003105  0.093267  0.003172  0.997423  0.056604  -0.044093  -0.055499  0.998123  0.025898  0.045476  -0.023384  0.998692  0.000406  -0.000137  -0.000320  0.000000  0.000000  0.000000  2.000000  
65.774829 0.003106  0.093267  0.003171  0.997423  0.056610  -0.044086  -0.055499  0.998120  0.026019  0.045476  -0.023505  0.998689  0.000464  -0.000138  -0.000343  0.000000  0.000000  0.000000  2.000000  
65.776074 0.003107  0.093266  0.003171  0.997411  0.056826  -0.044067  -0.055704  0.998102  0.026270  0.045476  -0.023747  0.998683  0.000528  -0.000141  -0.000372  0.000000  0.000000  0.000000  2.000000  
65.777077 0.003108  0.093266  0.003170  0.997411  0.056831  -0.044060  -0.055704  0.998098  0.026391  0.045476  -0.023869  0.998680  0.000572  -0.000118  -0.000382  0.000000  0.000000  0.000000  2.000000  
65.778327 0.003109  0.093266  0.003170  0.997405  0.056840  -0.044186  -0.055704  0.998095  0.026520  0.045610  -0.023990  0.998671  0.000652  -0.000089  -0.000360  0.000000  0.000000  0.000000  2.000000  
65.779577 0.003111  0.093266  0.003170  0.997405  0.056845  -0.044179  -0.055704  0.998092  0.026641  0.045610  -0.024111  0.998668  0.000717  -0.000092  -0.000389  0.000000  0.000000  0.000000  2.000000  
65.780578 0.003112  0.093266  0.003169  0.997394  0.057056  -0.044167  -0.055909  0.998077  0.026771  0.045610  -0.024232  0.998665  0.000825  -0.000069  -0.000405  0.000000  0.000000  0.000000  2.000000  
65.781830 0.003114  0.093266  0.003168  0.997394  0.057067  -0.044153  -0.055909  0.998070  0.027013  0.045610  -0.024474  0.998659  0.000935  -0.000049  -0.000444  0.000000  0.000000  0.000000  2.000000  
65.783076 0.003116  0.093266  0.003167  0.997382  0.057277  -0.044141  -0.056115  0.998055  0.027143  0.045610  -0.024595  0.998657  0.001023  -0.000079  -0.000493  0.000000  0.000000  0.000000  2.000000  
65.784077 0.003118  0.093265  0.003167  0.997382  0.057283  -0.044134  -0.056115  0.998052  0.027264  0.045610  -0.024716  0.998654  0.001077  -0.000103  -0.000503  0.000000  0.000000  0.000000  2.000000  
65.785077 0.003119  0.093265  0.003166  0.997364  0.057497  -0.044255  -0.056320  0.998037  0.027402  0.045743  -0.024837  0.998644  0.001154  -0.000127  -0.000499  0.000000  0.000000  0.000000  2.000000  
65.786079 0.003121  0.093266  0.003165  0.997364  0.057502  -0.044248  -0.056320  0.998033  0.027523  0.045743  -0.024958  0.998641  0.001243  -0.000079  -0.000519  0.000000  0.000000  0.000000  2.000000  
65.787329 0.003124  0.093265  0.003164  0.997353  0.057713  -0.044235  -0.056525  0.998018  0.027653  0.045743  -0.025080  0.998638  0.001345  -0.000102  -0.000527  0.000000  0.000000  0.000000  2.000000  
65.788580 0.003126  0.093265  0.003164  0.997353  0.057718  -0.044228  -0.056525  0.998015  0.027774  0.045743  -0.025201  0.998635  0.001470  -0.000102  -0.000533  0.000000  0.000000  0.000000  2.000000  
65.789832 0.003129  0.093265  0.003163  0.997335  0.057933  -0.044349  -0.056730  0.997999  0.027912  0.045877  -0.025322  0.998626  0.001573  -0.000100  -0.000530  0.000000  0.000000  0.000000  2.000000  
65.790842 0.003131  0.093265  0.003162  0.997323  0.058143  -0.044336  -0.056935  0.997984  0.028042  0.045877  -0.025443  0.998623  0.001630  -0.000081  -0.000571  0.000000  0.000000  0.000000  2.000000  
65.792076 0.003134  0.093265  0.003162  0.997312  0.058354  -0.044323  -0.057141  0.997969  0.028172  0.045877  -0.025564  0.998620  0.001706  -0.000077  -0.000559  0.000000  0.000000  0.000000  2.000000  
65.793325 0.003137  0.093265  0.003162  0.997300  0.058570  -0.044303  -0.057346  0.997950  0.028424  0.045877  -0.025806  0.998614  0.001822  -0.000080  -0.000587  0.000000  0.000000  0.000000  2.000000  
65.794326 0.003139  0.093266  0.003161  0.997282  0.058785  -0.044423  -0.057551  0.997934  0.028561  0.046010  -0.025927  0.998604  0.001902  -0.000051  -0.000565  0.000000  0.000000  0.000000  2.000000  
65.795574 0.003142  0.093265  0.003161  0.997252  0.059205  -0.044538  -0.057961  0.997906  0.028708  0.046144  -0.026048  0.998595  0.001960  -0.000073  -0.000553  0.000000  0.000000  0.000000  2.000000  
