1-Time 2-Px 3-Py 4-Pz 5-R11 6-R21 7-R31 8-R12 9-R22 10-R32 11-R13 12-R23 13-R33 14-Vx 15-Vy 16-Vz 17-Wx 18-Wy 19-Wz 20-state 21-PR11 22-PR21 23-PR31 24-PR12 25-PR22 26-PR32 27-PR13 28-PR23 29-PR33 
130.477140 0.007934  0.094358  -0.002938  0.994848  0.082880  0.058377  -0.063372  0.058973  0.996246  0.079126  -0.994813  0.063921  -0.001634  -0.001340  -0.000623  0.068044  -0.016917  0.272357  2.000000  
130.478140 0.007933  0.094356  -0.002938  0.994814  0.083158  0.058565  -0.063575  0.058939  0.996235  0.079393  -0.994792  0.063920  -0.001617  -0.001389  -0.000601  0.068360  -0.023748  0.271948  2.000000  
130.479393 0.007933  0.094354  -0.002939  0.994777  0.083315  0.058967  -0.063984  0.058896  0.996211  0.079526  -0.994781  0.063919  -0.001471  -0.001400  -0.000620  0.060735  -0.031247  0.263393  2.000000  
130.480645 0.007933  0.094351  -0.002940  0.994737  0.083351  0.059582  -0.064599  0.058844  0.996175  0.079526  -0.994781  0.063919  -0.001313  -0.001463  -0.000611  0.061811  -0.052059  0.253696  2.000000  
130.481648 0.007933  0.094349  -0.002940  0.994711  0.083375  0.059992  -0.065008  0.058810  0.996150  0.079526  -0.994781  0.063919  -0.001170  -0.001486  -0.000583  0.055231  -0.067162  0.243208  2.000000  
130.482654 0.007934  0.094348  -0.002941  0.994673  0.083532  0.060394  -0.065417  0.058767  0.996126  0.079660  -0.994771  0.063918  -0.000982  -0.001528  -0.000553  0.056273  -0.081180  0.239492  2.000000  
130.483656 0.007935  0.094346  -0.002941  0.994646  0.083556  0.060804  -0.065827  0.058733  0.996101  0.079660  -0.994771  0.063918  -0.000775  -0.001545  -0.000515  0.053301  -0.095599  0.231555  2.000000  
130.484894 0.007937  0.094344  -0.002939  0.994584  0.083866  0.061392  -0.066440  0.058784  0.996057  0.079926  -0.994742  0.064038  -0.000505  -0.001552  -0.000378  0.046231  -0.109626  0.227895  2.000000  
130.485896 0.007938  0.094343  -0.002939  0.994522  0.084168  0.061990  -0.067052  0.058714  0.996020  0.080193  -0.994720  0.064036  -0.000298  -0.001570  -0.000340  0.043781  -0.130277  0.229211  2.000000  
130.486899 0.007940  0.094341  -0.002939  0.994458  0.084477  0.062578  -0.067665  0.058765  0.995976  0.080460  -0.994691  0.064156  -0.000114  -0.001559  -0.000278  0.037270  -0.150921  0.230548  2.000000  
130.488144 0.007940  0.094340  -0.002938  0.994402  0.084525  0.063398  -0.068484  0.058695  0.995924  0.080460  -0.994691  0.064156  0.000110  -0.001545  -0.000185  0.039450  -0.179346  0.218905  2.000000  
130.489391 0.007942  0.094338  -0.002938  0.994346  0.084582  0.064208  -0.069303  0.058747  0.995864  0.080460  -0.994683  0.064276  0.000294  -0.001537  -0.000123  0.032950  -0.200884  0.206801  2.000000  
130.490394 0.007942  0.094337  -0.002938  0.994288  0.084630  0.065028  -0.070122  0.058677  0.995811  0.080460  -0.994683  0.064276  0.000425  -0.001526  -0.000060  0.031051  -0.228999  0.199588  2.000000  
130.491642 0.007944  0.094335  -0.002937  0.994216  0.084706  0.066032  -0.071145  0.058831  0.995730  0.080460  -0.994668  0.064517  0.000613  -0.001561  0.000058  0.025624  -0.263970  0.192874  2.000000  
130.492646 0.007945  0.094334  -0.002936  0.994157  0.084763  0.066842  -0.071964  0.058882  0.995668  0.080460  -0.994660  0.064638  0.000784  -0.001547  0.000153  0.019663  -0.292032  0.185655  2.000000  
130.493655 0.007946  0.094334  -0.002934  0.994097  0.084828  0.067641  -0.072782  0.059054  0.995598  0.080460  -0.994644  0.064879  0.000887  -0.001447  0.000318  0.009635  -0.320027  0.178432  2.000000  
130.494891 0.007947  0.094333  -0.002932  0.994048  0.084760  0.068449  -0.073602  0.059236  0.995527  0.080326  -0.994639  0.065121  0.000932  -0.001352  0.000489  0.003156  -0.341989  0.161960  2.000000  
130.495894 0.007947  0.094332  -0.002931  0.993987  0.084826  0.069248  -0.074420  0.059407  0.995456  0.080326  -0.994623  0.065363  0.000964  -0.001261  0.000586  -0.006857  -0.370065  0.154789  2.000000  
130.497145 0.007948  0.094331  -0.002930  0.993909  0.084904  0.070252  -0.075444  0.059561  0.995370  0.080326  -0.994607  0.065604  0.000989  -0.001170  0.000687  -0.012215  -0.405344  0.143623  2.000000  
130.498392 0.007949  0.094330  -0.002931  0.993831  0.084991  0.071246  -0.076467  0.059836  0.995275  0.080326  -0.994583  0.065966  0.000950  -0.001094  0.000689  -0.025744  -0.440365  0.136963  2.000000  
130.499645 0.007950  0.094329  -0.002932  0.993779  0.084925  0.072054  -0.077286  0.060018  0.995201  0.080193  -0.994578  0.066208  0.000881  -0.001061  0.000533  -0.031645  -0.468906  0.120833  2.000000  
130.500891 0.007950  0.094327  -0.002933  0.993715  0.085001  0.072842  -0.078104  0.060310  0.995119  0.080193  -0.994554  0.066570  0.000795  -0.001033  0.000416  -0.042176  -0.490206  0.113324  2.000000  
130.501895 0.007950  0.094327  -0.002935  0.993650  0.085060  0.073651  -0.078922  0.060361  0.995052  0.080193  -0.994546  0.066690  0.000719  -0.000977  0.000253  -0.048065  -0.518234  0.106142  2.000000  
130.503149 0.007951  0.094325  -0.002937  0.993585  0.085136  0.074440  -0.079741  0.060653  0.994969  0.080193  -0.994522  0.067052  0.000698  -0.000993  0.000044  -0.058026  -0.546299  0.099073  2.000000  
130.504392 0.007952  0.094323  -0.002941  0.993529  0.085072  0.075247  -0.080560  0.060835  0.994892  0.080060  -0.994516  0.067294  0.000667  -0.000994  -0.000168  -0.063986  -0.575065  0.087556  2.000000  
130.505645 0.007952  0.094320  -0.002945  0.993463  0.085140  0.076046  -0.081378  0.061006  0.994815  0.080060  -0.994500  0.067536  0.000609  -0.001084  -0.000481  -0.073904  -0.602878  0.080392  2.000000  
130.506890 0.007951  0.094317  -0.002948  0.993406  0.085077  0.076854  -0.082197  0.061188  0.994736  0.079926  -0.994494  0.067778  0.000512  -0.001183  -0.000803  -0.079835  -0.631443  0.068846  2.000000  
130.508145 0.007951  0.094314  -0.002953  0.993338  0.085155  0.077642  -0.083015  0.061480  0.994650  0.079926  -0.994469  0.068139  0.000381  -0.001338  -0.001284  -0.090324  -0.652644  0.061354  2.000000  
130.509147 0.007951  0.094312  -0.002957  0.993287  0.085212  0.078235  -0.083628  0.061669  0.994587  0.079926  -0.994453  0.068381  0.000293  -0.001457  -0.001618  -0.097875  -0.659765  0.057399  2.000000  
130.510393 0.007951  0.094308  -0.002963  0.993235  0.085269  0.078829  -0.084242  0.061857  0.994524  0.079926  -0.994436  0.068622  0.000265  -0.001653  -0.002169  -0.106047  -0.659878  0.057490  2.000000  
130.511410 0.007951  0.094305  -0.002968  0.993182  0.085336  0.079412  -0.084855  0.062166  0.994452  0.079926  -0.994411  0.068984  0.000213  -0.001803  -0.002558  -0.117674  -0.666450  0.058044  2.000000  
130.512647 0.007952  0.094302  -0.002975  0.993130  0.085404  0.079995  -0.085469  0.062476  0.994380  0.079926  -0.994386  0.069346  0.000221  -0.001883  -0.002995  -0.128305  -0.668415  0.053722  2.000000  
130.513656 0.007953  0.094301  -0.002981  0.993095  0.085449  0.080384  -0.085877  0.062682  0.994332  0.079926  -0.994369  0.069587  0.000238  -0.001904  -0.003403  -0.137392  -0.673824  0.049730  2.000000  
130.514892 0.007954  0.094299  -0.002988  0.993041  0.085527  0.080957  -0.086491  0.063111  0.994252  0.079926  -0.994335  0.070069  0.000261  -0.002004  -0.003790  -0.148416  -0.668901  0.045098  2.000000  
130.515895 0.007955  0.094297  -0.002994  0.992998  0.085453  0.081559  -0.087105  0.063311  0.994185  0.079793  -0.994329  0.070311  0.000331  -0.002038  -0.004095  -0.156448  -0.669749  0.031827  2.000000  
130.517142 0.007957  0.094295  -0.003002  0.992962  0.085509  0.081937  -0.087514  0.063638  0.994129  0.079793  -0.994303  0.070673  0.000385  -0.002107  -0.004457  -0.165551  -0.656712  0.022165  2.000000  
130.518144 0.007958  0.094294  -0.003008  0.992926  0.085565  0.082316  -0.087923  0.063964  0.994072  0.079793  -0.994277  0.071035  0.000439  -0.002084  -0.004696  -0.179702  -0.655247  0.022001  2.000000  
130.519147 0.007959  0.094293  -0.003014  0.992879  0.085744  0.082695  -0.088331  0.064158  0.994023  0.079926  -0.994249  0.071275  0.000475  -0.002060  -0.004943  -0.184825  -0.641103  0.025666  2.000000  
130.520150 0.007960  0.094291  -0.003020  0.992843  0.085801  0.083073  -0.088739  0.064485  0.993965  0.079926  -0.994223  0.071637  0.000531  -0.002010  -0.005179  -0.198162  -0.627331  0.024842  2.000000  
130.521395 0.007961  0.094289  -0.003029  0.992796  0.085990  0.083441  -0.089147  0.064799  0.993908  0.080060  -0.994186  0.071998  0.000655  -0.001964  -0.005456  -0.203887  -0.606446  0.028104  2.000000  
130.522644 0.007962  0.094286  -0.003038  0.992759  0.086058  0.083809  -0.089556  0.065246  0.993842  0.080060  -0.994151  0.072481  0.000766  -0.001930  -0.005831  -0.215450  -0.587823  0.027115  2.000000  
130.523658 0.007964  0.094284  -0.003045  0.992722  0.086105  0.084197  -0.089965  0.065452  0.993792  0.080060  -0.994134  0.072722  0.000883  -0.001902  -0.006055  -0.219067  -0.572477  0.026075  2.000000  
130.524893 0.007966  0.094281  -0.003055  0.992685  0.086173  0.084564  -0.090373  0.065898  0.993725  0.080060  -0.994098  0.073204  0.000981  -0.001883  -0.006275  -0.228226  -0.558019  0.029796  2.000000  
130.525894 0.007968  0.094280  -0.003062  0.992658  0.086099  0.084952  -0.090783  0.066237  0.993666  0.079926  -0.994082  0.073567  0.001127  -0.001794  -0.006474  -0.230951  -0.546840  0.024789  2.000000  
130.527163 0.007971  0.094278  -0.003072  0.992610  0.086300  0.085309  -0.091191  0.066671  0.993599  0.080060  -0.994036  0.074048  0.001282  -0.001680  -0.006628  -0.241607  -0.520797  0.027516  2.000000  
130.528393 0.007974  0.094277  -0.003081  0.992572  0.086369  0.085677  -0.091600  0.067118  0.993531  0.080060  -0.994000  0.074530  0.001444  -0.001632  -0.006790  -0.249080  -0.502767  0.031011  2.000000  
130.529640 0.007978  0.094277  -0.003089  0.992524  0.086571  0.086034  -0.092007  0.067552  0.993464  0.080193  -0.993953  0.075012  0.001611  -0.001511  -0.006857  -0.255568  -0.491340  0.034894  2.000000  
130.530653 0.007981  0.094276  -0.003096  0.992475  0.086762  0.086401  -0.092415  0.067865  0.993405  0.080326  -0.993915  0.075373  0.001759  -0.001419  -0.006877  -0.258649  -0.481101  0.038849  2.000000  
130.531894 0.007985  0.094276  -0.003104  0.992437  0.086832  0.086768  -0.092824  0.068312  0.993336  0.080326  -0.993878  0.075855  0.001936  -0.001320  -0.006931  -0.269843  -0.463652  0.037710  2.000000  
130.532896 0.007988  0.094275  -0.003111  0.992388  0.087024  0.087135  -0.093231  0.068625  0.993277  0.080460  -0.993840  0.076216  0.002047  -0.001298  -0.006981  -0.273204  -0.453470  0.041693  2.000000  
130.534139 0.007992  0.094274  -0.003119  0.992330  0.087109  0.087706  -0.093844  0.069053  0.993189  0.080460  -0.993803  0.076698  0.002186  -0.001295  -0.007041  -0.283095  -0.449369  0.045932  2.000000  
130.535147 0.007994  0.094272  -0.003126  0.992292  0.087181  0.088073  -0.094253  0.069499  0.993120  0.080460  -0.993765  0.077180  0.002311  -0.001242  -0.007033  -0.291118  -0.432335  0.044992  2.000000  
130.536394 0.007997  0.094271  -0.003133  0.992253  0.087252  0.088440  -0.094661  0.069945  0.993049  0.080460  -0.993728  0.077662  0.002423  -0.001184  -0.006992  -0.299894  -0.425173  0.049138  2.000000  
130.537646 0.008001  0.094270  -0.003141  0.992203  0.087467  0.088785  -0.095069  0.070498  0.992971  0.080593  -0.993670  0.078264  0.002571  -0.001069  -0.006856  -0.313173  -0.411018  0.052785  2.000000  
130.538894 0.008004  0.094269  -0.003147  0.992164  0.087539  0.089152  -0.095477  0.070944  0.992900  0.080593  -0.993632  0.078746  0.002652  -0.000941  -0.006667  -0.318461  -0.397366  0.051958  2.000000  
130.540145 0.008007  0.094269  -0.003154  0.992094  0.087770  0.089701  -0.096089  0.071479  0.992803  0.080726  -0.993573  0.079348  0.002685  -0.000837  -0.006461  -0.327884  -0.393667  0.056136  2.000000  
130.541145 0.008010  0.094269  -0.003159  0.992054  0.087843  0.090067  -0.096497  0.071925  0.992731  0.080726  -0.993534  0.079830  0.002765  -0.000711  -0.006275  -0.335429  -0.390253  0.056287  2.000000  
130.542394 0.008013  0.094269  -0.003164  0.992004  0.088060  0.090412  -0.096905  0.072478  0.992651  0.080860  -0.993475  0.080432  0.002779  -0.000602  -0.006007  -0.343982  -0.382853  0.060421  2.000000  
130.543655 0.008017  0.094269  -0.003169  0.991944  0.088160  0.090972  -0.097517  0.073025  0.992551  0.080860  -0.993426  0.081034  0.002801  -0.000495  -0.005769  -0.352672  -0.386434  0.060592  2.000000  
130.544896 0.008020  0.094270  -0.003175  0.991883  0.088249  0.091542  -0.098130  0.073453  0.992459  0.080860  -0.993387  0.081516  0.002779  -0.000451  -0.005614  -0.356175  -0.382388  0.065242  2.000000  
130.546144 0.008024  0.094269  -0.003180  0.991843  0.088335  0.091897  -0.098539  0.074018  0.992377  0.080860  -0.993337  0.082119  0.002745  -0.000432  -0.005425  -0.364902  -0.375497  0.064903  2.000000  
130.547145 0.008026  0.094268  -0.003185  0.991771  0.088558  0.092456  -0.099150  0.074432  0.992285  0.080993  -0.993286  0.082600  0.002672  -0.000465  -0.005285  -0.368372  -0.381973  0.070072  2.000000  
130.548389 0.008029  0.094268  -0.003190  0.991709  0.088660  0.093015  -0.099762  0.074979  0.992182  0.080993  -0.993236  0.083202  0.002627  -0.000441  -0.005066  -0.376985  -0.385687  0.070198  2.000000  
130.549389 0.008031  0.094267  -0.003195  0.991668  0.088737  0.093380  -0.100171  0.075424  0.992107  0.080993  -0.993195  0.083684  0.002581  -0.000450  -0.004920  -0.380980  -0.385979  0.065910  2.000000  
130.550394 0.008032  0.094265  -0.003198  0.991606  0.088817  0.093961  -0.100783  0.075730  0.992022  0.080993  -0.993165  0.084045  0.002501  -0.000507  -0.004752  -0.383903  -0.399584  0.067093  2.000000  
130.551394 0.008034  0.094263  -0.003202  0.991565  0.088894  0.094326  -0.101192  0.076175  0.991946  0.080993  -0.993124  0.084527  0.002442  -0.000509  -0.004548  -0.387892  -0.399874  0.062812  2.000000  
130.552397 0.008035  0.094260  -0.003206  0.991491  0.089120  0.094884  -0.101803  0.076587  0.991852  0.081127  -0.993072  0.085008  0.002308  -0.000650  -0.004408  -0.390512  -0.409666  0.068554  2.000000  
130.553659 0.008036  0.094257  -0.003210  0.991428  0.089225  0.095443  -0.102415  0.077134  0.991747  0.081127  -0.993020  0.085610  0.002210  -0.000785  -0.004232  -0.397940  -0.416332  0.069272  2.000000  
130.554894 0.008037  0.094254  -0.003215  0.991365  0.089319  0.096012  -0.103027  0.077560  0.991650  0.081127  -0.992979  0.086092  0.002078  -0.001008  -0.004131  -0.397689  -0.423109  0.074558  2.000000  
130.556145 0.008039  0.094251  -0.003219  0.991301  0.089425  0.096570  -0.103640  0.078106  0.991543  0.081127  -0.992926  0.086694  0.001930  -0.001194  -0.004037  -0.401867  -0.426320  0.074682  2.000000  
130.557391 0.008040  0.094247  -0.003224  0.991237  0.089533  0.097128  -0.104252  0.078652  0.991436  0.081127  -0.992873  0.087297  0.001795  -0.001449  -0.004022  -0.405325  -0.433453  0.071023  2.000000  
130.558397 0.008041  0.094244  -0.003229  0.991194  0.089600  0.097504  -0.104660  0.078976  0.991367  0.081127  -0.992842  0.087658  0.001666  -0.001705  -0.004053  -0.409243  -0.430146  0.071210  2.000000  
130.559648 0.008043  0.094240  -0.003234  0.991107  0.089725  0.098266  -0.105476  0.079503  0.991239  0.081127  -0.992788  0.088260  0.001523  -0.001983  -0.003990  -0.412104  -0.444146  0.068081  2.000000  
130.560892 0.008044  0.094236  -0.003239  0.991064  0.089818  0.098619  -0.105884  0.080067  0.991150  0.081127  -0.992735  0.088862  0.001333  -0.002244  -0.003974  -0.416372  -0.444713  0.063876  2.000000  
130.561896 0.008044  0.094232  -0.003243  0.990998  0.089903  0.099199  -0.106496  0.080373  0.991059  0.081127  -0.992702  0.089223  0.001217  -0.002449  -0.003947  -0.411600  -0.451414  0.064615  2.000000  
130.563141 0.008044  0.094228  -0.003248  0.990954  0.089985  0.099563  -0.106904  0.080816  0.990979  0.081127  -0.992659  0.089705  0.001045  -0.002695  -0.003921  -0.412204  -0.448017  0.059825  2.000000  
130.564145 0.008044  0.094223  -0.003252  0.990910  0.090066  0.099928  -0.107312  0.081260  0.990899  0.081127  -0.992615  0.090187  0.000880  -0.002942  -0.003924  -0.415592  -0.451670  0.060536  2.000000  
130.565390 0.008043  0.094218  -0.003257  0.990843  0.090165  0.100496  -0.107924  0.081685  0.990798  0.081127  -0.992571  0.090668  0.000697  -0.003134  -0.003922  -0.411704  -0.454835  0.060844  2.000000  
130.566647 0.008042  0.094212  -0.003263  0.990799  0.090260  0.100849  -0.108332  0.082249  0.990706  0.081127  -0.992516  0.091270  0.000532  -0.003369  -0.003972  -0.415651  -0.452080  0.056561  2.000000  
130.567894 0.008041  0.094206  -0.003268  0.990765  0.090211  0.101225  -0.108742  0.082707  0.990623  0.080993  -0.992483  0.091753  0.000372  -0.003534  -0.004044  -0.415637  -0.452391  0.052294  2.000000  
130.568897 0.008040  0.094201  -0.003272  0.990720  0.090294  0.101589  -0.109149  0.083150  0.990541  0.080993  -0.992438  0.092234  0.000214  -0.003697  -0.004095  -0.415551  -0.452688  0.048026  2.000000  
130.570149 0.008038  0.094196  -0.003279  0.990675  0.090378  0.101953  -0.109557  0.083594  0.990459  0.080993  -0.992393  0.092716  0.000022  -0.003845  -0.004234  -0.411525  -0.452718  0.048279  2.000000  
130.571392 0.008036  0.094189  -0.003285  0.990630  0.090462  0.102317  -0.109965  0.084037  0.990376  0.080993  -0.992348  0.093197  -0.000173  -0.004030  -0.004293  -0.408130  -0.448960  0.048099  2.000000  
130.572394 0.008035  0.094185  -0.003290  0.990585  0.090547  0.102681  -0.110373  0.084480  0.990293  0.080993  -0.992303  0.093679  -0.000357  -0.004154  -0.004372  -0.408103  -0.449326  0.043873  2.000000  
130.573395 0.008034  0.094181  -0.003294  0.990551  0.090733  0.102840  -0.110576  0.084807  0.990243  0.081127  -0.992258  0.094039  -0.000516  -0.004222  -0.004370  -0.404593  -0.439076  0.047745  2.000000  
130.574649 0.008032  0.094175  -0.003300  0.990505  0.090818  0.103203  -0.110984  0.085250  0.990159  0.081127  -0.992212  0.094520  -0.000764  -0.004373  -0.004406  -0.404980  -0.431996  0.047328  2.000000  
130.575892 0.008030  0.094169  -0.003306  0.990460  0.090904  0.103567  -0.111392  0.085693  0.990075  0.081127  -0.992166  0.095002  -0.000953  -0.004480  -0.004451  -0.400975  -0.432047  0.047573  2.000000  
130.577203 0.008027  0.094163  -0.003312  0.990414  0.090989  0.103930  -0.111799  0.086136  0.989991  0.081127  -0.992120  0.095483  -0.001146  -0.004548  -0.004494  -0.396896  -0.424979  0.042655  2.000000  
130.578397 0.008024  0.094157  -0.003318  0.990391  0.091070  0.104079  -0.112003  0.086718  0.989917  0.081127  -0.992062  0.096085  -0.001306  -0.004633  -0.004589  -0.398476  -0.411706  0.041720  2.000000  
130.579644 0.008021  0.094151  -0.003324  0.990345  0.091157  0.104442  -0.112411  0.087161  0.989832  0.081127  -0.992015  0.096566  -0.001473  -0.004699  -0.004648  -0.399805  -0.401497  0.040933  2.000000  
130.580895 0.008018  0.094144  -0.003331  0.990298  0.091243  0.104806  -0.112819  0.087603  0.989746  0.081127  -0.991968  0.097047  -0.001683  -0.004787  -0.004787  -0.395507  -0.397912  0.040888  2.000000  
130.582141 0.008014  0.094137  -0.003337  0.990275  0.091325  0.104954  -0.113023  0.088185  0.989671  0.081127  -0.991909  0.097649  -0.001854  -0.004831  -0.004858  -0.397481  -0.381495  0.035082  2.000000  
130.583143 0.008011  0.094132  -0.003343  0.990241  0.091513  0.105111  -0.113225  0.088511  0.989619  0.081260  -0.991862  0.098009  -0.001978  -0.004835  -0.004936  -0.393923  -0.374212  0.039051  2.000000  
130.584389 0.008008  0.094126  -0.003349  0.990194  0.091601  0.105475  -0.113633  0.088953  0.989533  0.081260  -0.991815  0.098490  -0.002074  -0.004843  -0.004949  -0.394515  -0.367414  0.038604  2.000000  
130.585399 0.008005  0.094122  -0.003354  0.990171  0.091671  0.105634  -0.113837  0.089415  0.989468  0.081260  -0.991767  0.098971  -0.002220  -0.004862  -0.004947  -0.394712  -0.356595  0.037831  2.000000  
130.586643 0.008002  0.094116  -0.003360  0.990136  0.091872  0.105780  -0.114039  0.089861  0.989404  0.081393  -0.991708  0.099451  -0.002310  -0.004826  -0.004928  -0.392384  -0.335628  0.040576  2.000000  
130.587646 0.007999  0.094112  -0.003364  0.990113  0.091929  0.105950  -0.114243  0.090202  0.989349  0.081393  -0.991672  0.099812  -0.002371  -0.004813  -0.004883  -0.389717  -0.326045  0.039721  2.000000  
130.588894 0.007996  0.094107  -0.003369  0.990089  0.092012  0.106098  -0.114447  0.090783  0.989273  0.081393  -0.991611  0.100414  -0.002484  -0.004789  -0.004890  -0.394084  -0.315001  0.038947  2.000000  
130.589894 0.007993  0.094103  -0.003373  0.990066  0.092070  0.106268  -0.114651  0.091124  0.989218  0.081393  -0.991574  0.100774  -0.002589  -0.004747  -0.004811  -0.391610  -0.305750  0.038111  2.000000  
130.590894 0.007991  0.094099  -0.003377  0.990042  0.092140  0.106427  -0.114855  0.091585  0.989151  0.081393  -0.991525  0.101256  -0.002618  -0.004659  -0.004710  -0.395713  -0.294327  0.037235  2.000000  
130.592146 0.007987  0.094094  -0.003382  0.990008  0.092342  0.106572  -0.115057  0.092030  0.989087  0.081527  -0.991465  0.101735  -0.002662  -0.004606  -0.004712  -0.392738  -0.280142  0.040548  2.000000  
130.593395 0.007984  0.094090  -0.003387  0.989984  0.092413  0.106731  -0.115261  0.092491  0.989020  0.081527  -0.991416  0.102217  -0.002701  -0.004473  -0.004571  -0.393499  -0.273396  0.040040  2.000000  
130.594654 0.007980  0.094085  -0.003392  0.989936  0.092503  0.107094  -0.115669  0.092933  0.988931  0.081527  -0.991366  0.102698  -0.002742  -0.004344  -0.004486  -0.389688  -0.266305  0.039490  2.000000  
130.595895 0.007977  0.094081  -0.003396  0.989902  0.092706  0.107238  -0.115871  0.093378  0.988865  0.081660  -0.991305  0.103177  -0.002725  -0.004186  -0.004313  -0.390356  -0.259066  0.043435  2.000000  
130.597141 0.007973  0.094077  -0.003399  0.989878  0.092777  0.107397  -0.116075  0.093839  0.988798  0.081660  -0.991255  0.103658  -0.002726  -0.004016  -0.004105  -0.391800  -0.250144  0.042523  2.000000  
130.598142 0.007970  0.094073  -0.003403  0.989843  0.092968  0.107553  -0.116278  0.094164  0.988743  0.081793  -0.991206  0.104018  -0.002738  -0.003970  -0.003991  -0.388275  -0.242417  0.050830  2.000000  
130.599142 0.007968  0.094070  -0.003406  0.989819  0.093039  0.107711  -0.116481  0.094625  0.988675  0.081793  -0.991156  0.104499  -0.002711  -0.003802  -0.003845  -0.388819  -0.235577  0.050271  2.000000  
130.600143 0.007965  0.094067  -0.003409  0.989795  0.093098  0.107881  -0.116685  0.094965  0.988618  0.081793  -0.991118  0.104859  -0.002689  -0.003712  -0.003760  -0.388896  -0.235605  0.050366  2.000000  
130.601395 0.007962  0.094063  -0.003412  0.989760  0.093302  0.108025  -0.116888  0.095410  0.988552  0.081927  -0.991056  0.105339  -0.002702  -0.003610  -0.003540  -0.389506  -0.223556  0.054063  2.000000  
130.602398 0.007960  0.094060  -0.003415  0.989736  0.093361  0.108195  -0.117091  0.095751  0.988495  0.081927  -0.991017  0.105700  -0.002685  -0.003496  -0.003451  -0.389094  -0.223757  0.049614  2.000000  
130.603405 0.007957  0.094057  -0.003418  0.989701  0.093551  0.108350  -0.117294  0.096076  0.988439  0.082060  -0.990968  0.106059  -0.002702  -0.003429  -0.003335  -0.385592  -0.216436  0.053494  2.000000  
130.604646 0.007953  0.094054  -0.003421  0.989677  0.093624  0.108509  -0.117498  0.096536  0.988370  0.082060  -0.990916  0.106540  -0.002678  -0.003340  -0.003236  -0.386439  -0.214619  0.053142  2.000000  
130.605647 0.007951  0.094051  -0.003424  0.989642  0.093815  0.108664  -0.117700  0.096861  0.988314  0.082193  -0.990867  0.106899  -0.002717  -0.003314  -0.003202  -0.386070  -0.209032  0.057443  2.000000  
130.606650 0.007948  0.094048  -0.003427  0.989618  0.093874  0.108833  -0.117904  0.097201  0.988256  0.082193  -0.990828  0.107260  -0.002683  -0.003196  -0.003121  -0.381934  -0.208976  0.057523  2.000000  
130.607893 0.007944  0.094045  -0.003431  0.989582  0.094079  0.108977  -0.118106  0.097645  0.988188  0.082327  -0.990765  0.107740  -0.002743  -0.003137  -0.003042  -0.382568  -0.201672  0.061405  2.000000  
130.609142 0.007940  0.094041  -0.003434  0.989547  0.094270  0.109131  -0.118309  0.097970  0.988132  0.082460  -0.990714  0.108099  -0.002748  -0.003074  -0.002961  -0.379098  -0.194351  0.065266  2.000000  
130.610148 0.007937  0.094038  -0.003437  0.989523  0.094330  0.109301  -0.118512  0.098310  0.988074  0.082460  -0.990675  0.108459  -0.002739  -0.003016  -0.002916  -0.374915  -0.194268  0.065330  2.000000  
130.611393 0.007934  0.094035  -0.003440  0.989487  0.094535  0.109444  -0.118715  0.098754  0.988005  0.082593  -0.990611  0.108939  -0.002782  -0.002936  -0.002810  -0.376112  -0.192309  0.069356  2.000000  
130.612646 0.007929  0.094031  -0.003443  0.989452  0.094727  0.109598  -0.118917  0.099079  0.987948  0.082727  -0.990561  0.109298  -0.002843  -0.002912  -0.002818  -0.371462  -0.186456  0.073750  2.000000  
130.613654 0.007926  0.094028  -0.003446  0.989427  0.094787  0.109767  -0.119121  0.099418  0.987890  0.082727  -0.990521  0.109659  -0.002855  -0.002893  -0.002752  -0.368373  -0.185350  0.068771  2.000000  
130.614892 0.007922  0.094025  -0.003449  0.989392  0.094980  0.109921  -0.119323  0.099743  0.987833  0.082860  -0.990470  0.110018  -0.002930  -0.002880  -0.002759  -0.364357  -0.184873  0.073293  2.000000  
130.615893 0.007918  0.094022  -0.003452  0.989381  0.095138  0.109884  -0.119322  0.099966  0.987810  0.082993  -0.990432  0.110257  -0.003010  -0.002875  -0.002793  -0.360828  -0.177560  0.077059  2.000000  
130.616895 0.007914  0.094018  -0.003455  0.989345  0.095330  0.110038  -0.119524  0.100290  0.987753  0.083127  -0.990381  0.110616  -0.003104  -0.002913  -0.002808  -0.356779  -0.177535  0.077138  2.000000  
130.618149 0.007909  0.094014  -0.003460  0.989310  0.095522  0.110192  -0.119726  0.100614  0.987695  0.083260  -0.990329  0.110975  -0.003211  -0.002963  -0.002855  -0.352081  -0.171605  0.081593  2.000000  
130.619396 0.007904  0.094009  -0.003464  0.989298  0.095694  0.110142  -0.119725  0.100958  0.987661  0.083393  -0.990278  0.111334  -0.003324  -0.003019  -0.002894  -0.348616  -0.164260  0.085416  2.000000  
130.620402 0.007900  0.094006  -0.003467  0.989274  0.095755  0.110310  -0.119929  0.101297  0.987601  0.083393  -0.990237  0.111695  -0.003406  -0.003047  -0.002912  -0.344506  -0.164208  0.085478  2.000000  
130.621647 0.007895  0.094001  -0.003472  0.989238  0.095947  0.110464  -0.120131  0.101621  0.987543  0.083527  -0.990185  0.112054  -0.003533  -0.003168  -0.002992  -0.340405  -0.164169  0.085547  2.000000  
130.622649 0.007891  0.093997  -0.003475  0.989227  0.096106  0.110426  -0.120130  0.101845  0.987520  0.083660  -0.990147  0.112293  -0.003582  -0.003243  -0.003030  -0.336844  -0.156783  0.089315  2.000000  
130.623659 0.007887  0.093992  -0.003479  0.989191  0.096298  0.110579  -0.120332  0.102168  0.987462  0.083793  -0.990095  0.112652  -0.003671  -0.003327  -0.003092  -0.336729  -0.156216  0.093813  2.000000  
130.624892 0.007882  0.093987  -0.003484  0.989155  0.096478  0.110744  -0.120534  0.102372  0.987417  0.083927  -0.990057  0.112891  -0.003752  -0.003421  -0.003183  -0.328752  -0.156273  0.093925  2.000000  
130.625893 0.007878  0.093983  -0.003487  0.989155  0.096505  0.110721  -0.120534  0.102611  0.987392  0.083927  -0.990029  0.113131  -0.003823  -0.003534  -0.003281  -0.322532  -0.148141  0.092446  2.000000  
130.627214 0.007873  0.093977  -0.003493  0.989119  0.096698  0.110874  -0.120737  0.102935  0.987333  0.084060  -0.989977  0.113490  -0.003892  -0.003664  -0.003408  -0.316403  -0.148533  0.097558  2.000000  
130.628393 0.007867  0.093971  -0.003498  0.989097  0.096988  0.110820  -0.120734  0.103142  0.987312  0.084327  -0.989927  0.113727  -0.003992  -0.003856  -0.003560  -0.309509  -0.141484  0.101550  2.000000  
130.629646 0.007862  0.093964  -0.003504  0.989061  0.097181  0.110973  -0.120936  0.103465  0.987253  0.084460  -0.989874  0.114086  -0.004053  -0.004039  -0.003661  -0.305334  -0.140906  0.106051  2.000000  
130.630893 0.007856  0.093958  -0.003510  0.989049  0.097339  0.110934  -0.120935  0.103689  0.987230  0.084593  -0.989835  0.114325  -0.004138  -0.004221  -0.003812  -0.298312  -0.127159  0.104583  2.000000  
130.632140 0.007850  0.093951  -0.003516  0.989013  0.097532  0.111087  -0.121137  0.104012  0.987171  0.084727  -0.989782  0.114684  -0.004224  -0.004409  -0.003976  -0.295922  -0.125613  0.108228  2.000000  
130.633142 0.007845  0.093946  -0.003520  0.989002  0.097691  0.111048  -0.121136  0.104235  0.987148  0.084860  -0.989743  0.114923  -0.004255  -0.004518  -0.004032  -0.292380  -0.118759  0.107489  2.000000  
130.634390 0.007840  0.093939  -0.003526  0.988966  0.097870  0.111212  -0.121338  0.104439  0.987102  0.084993  -0.989704  0.115162  -0.004324  -0.004710  -0.004151  -0.284307  -0.118233  0.111973  2.000000  
130.635401 0.007835  0.093933  -0.003531  0.988954  0.098029  0.111173  -0.121336  0.104662  0.987078  0.085127  -0.989665  0.115400  -0.004383  -0.004845  -0.004225  -0.279017  -0.112296  0.112154  2.000000  
130.636646 0.007828  0.093926  -0.003536  0.988943  0.098201  0.111122  -0.121335  0.105005  0.987042  0.085260  -0.989611  0.115759  -0.004465  -0.004953  -0.004277  -0.277339  -0.104056  0.114960  2.000000  
130.637647 0.007824  0.093921  -0.003541  0.988907  0.098381  0.111286  -0.121537  0.105208  0.986995  0.085393  -0.989572  0.115998  -0.004521  -0.005070  -0.004397  -0.271424  -0.104858  0.115932  2.000000  
130.638649 0.007818  0.093915  -0.003546  0.988895  0.098539  0.111247  -0.121536  0.105431  0.986972  0.085527  -0.989532  0.116237  -0.004592  -0.005185  -0.004486  -0.267892  -0.097963  0.115178  2.000000  
130.639895 0.007812  0.093908  -0.003552  0.988884  0.098698  0.111207  -0.121535  0.105655  0.986948  0.085660  -0.989493  0.116475  -0.004645  -0.005297  -0.004582  -0.264473  -0.090598  0.118935  2.000000  
130.641144 0.007806  0.093901  -0.003559  0.988848  0.098878  0.111371  -0.121737  0.105857  0.986901  0.085793  -0.989453  0.116714  -0.004745  -0.005359  -0.004678  -0.256271  -0.090542  0.118952  2.000000  
130.642394 0.007800  0.093895  -0.003565  0.988836  0.099050  0.111319  -0.121735  0.106200  0.986865  0.085926  -0.989399  0.117073  -0.004803  -0.005395  -0.004745  -0.256866  -0.083656  0.118214  2.000000  
130.643396 0.007795  0.093890  -0.003570  0.988825  0.099195  0.111292  -0.121734  0.106304  0.986854  0.086060  -0.989373  0.117191  -0.004834  -0.005423  -0.004766  -0.249345  -0.076281  0.121945  2.000000  
130.644640 0.007788  0.093882  -0.003576  0.988788  0.099375  0.111455  -0.121936  0.106507  0.986807  0.086193  -0.989334  0.117430  -0.004906  -0.005475  -0.004794  -0.246666  -0.082407  0.121723  2.000000  
130.645647 0.007783  0.093877  -0.003581  0.988777  0.099533  0.111416  -0.121935  0.106730  0.986783  0.086326  -0.989294  0.117669  -0.004947  -0.005478  -0.004805  -0.245134  -0.076178  0.121932  2.000000  
130.646895 0.007777  0.093870  -0.003586  0.988765  0.099692  0.111376  -0.121933  0.106953  0.986759  0.086460  -0.989254  0.117907  -0.004961  -0.005472  -0.004770  -0.241651  -0.069297  0.121174  2.000000  
130.648141 0.007770  0.093864  -0.003592  0.988729  0.099872  0.111539  -0.122135  0.107156  0.986712  0.086593  -0.989213  0.118146  -0.005010  -0.005472  -0.004787  -0.235665  -0.068706  0.120226  2.000000  
130.649142 0.007765  0.093858  -0.003597  0.988717  0.100030  0.111499  -0.122134  0.107379  0.986688  0.086726  -0.989173  0.118384  -0.005009  -0.005471  -0.004786  -0.235618  -0.068150  0.124653  2.000000  
130.650145 0.007760  0.093853  -0.003601  0.988706  0.100175  0.111471  -0.122132  0.107482  0.986677  0.086860  -0.989147  0.118503  -0.005028  -0.005424  -0.004809  -0.228129  -0.061334  0.123893  2.000000  
130.651390 0.007754  0.093846  -0.003607  0.988669  0.100356  0.111634  -0.122335  0.107685  0.986630  0.086993  -0.989107  0.118742  -0.005042  -0.005419  -0.004775  -0.224047  -0.061287  0.123896  2.000000  
130.652393 0.007749  0.093841  -0.003612  0.988657  0.100514  0.111594  -0.122333  0.107908  0.986606  0.087126  -0.989067  0.118980  -0.005057  -0.005396  -0.004767  -0.219978  -0.061245  0.123906  2.000000  
130.653656 0.007743  0.093835  -0.003618  0.988621  0.100695  0.111757  -0.122535  0.108110  0.986558  0.087259  -0.989026  0.119219  -0.005016  -0.005339  -0.004785  -0.215942  -0.061211  0.123935  2.000000  
130.654893 0.007737  0.093829  -0.003624  0.988609  0.100840  0.111729  -0.122534  0.108214  0.986547  0.087393  -0.989000  0.119337  -0.005007  -0.005288  -0.004763  -0.210185  -0.054846  0.124188  2.000000  
130.655893 0.007732  0.093824  -0.003629  0.988597  0.100998  0.111689  -0.122532  0.108437  0.986523  0.087526  -0.988959  0.119576  -0.004985  -0.005234  -0.004752  -0.212454  -0.053841  0.127581  2.000000  
130.657145 0.007727  0.093819  -0.003634  0.988561  0.101165  0.111863  -0.122734  0.108519  0.986489  0.087659  -0.988933  0.119694  -0.004942  -0.005170  -0.004656  -0.204823  -0.053932  0.127884  2.000000  
130.658393 0.007721  0.093813  -0.003639  0.988549  0.101324  0.111823  -0.122733  0.108742  0.986464  0.087793  -0.988893  0.119933  -0.004930  -0.005117  -0.004632  -0.204348  -0.054301  0.123180  2.000000  
130.659641 0.007715  0.093807  -0.003644  0.988512  0.101491  0.111998  -0.122935  0.108825  0.986430  0.087926  -0.988866  0.120051  -0.004838  -0.005006  -0.004592  -0.196279  -0.054278  0.123210  2.000000  
130.660646 0.007711  0.093803  -0.003649  0.988512  0.101505  0.111986  -0.122935  0.108944  0.986417  0.087926  -0.988852  0.120171  -0.004826  -0.004954  -0.004568  -0.193794  -0.055226  0.119756  2.000000  
130.661893 0.007705  0.093797  -0.003654  0.988475  0.101686  0.112148  -0.123137  0.109146  0.986369  0.088059  -0.988811  0.120410  -0.004805  -0.004902  -0.004557  -0.189707  -0.055188  0.119772  2.000000  
130.662895 0.007700  0.093792  -0.003658  0.988463  0.101831  0.112120  -0.123136  0.109250  0.986358  0.088192  -0.988785  0.120528  -0.004775  -0.004864  -0.004512  -0.185626  -0.055167  0.119785  2.000000  
130.664145 0.007694  0.093787  -0.003664  0.988426  0.101998  0.112294  -0.123338  0.109332  0.986324  0.088326  -0.988758  0.120647  -0.004731  -0.004757  -0.004491  -0.181522  -0.055139  0.119783  2.000000  
130.665393 0.007688  0.093781  -0.003669  0.988426  0.102012  0.112282  -0.123338  0.109452  0.986310  0.088326  -0.988744  0.120767  -0.004728  -0.004732  -0.004426  -0.176042  -0.055211  0.114419  2.000000  
130.666642 0.007683  0.093776  -0.003674  0.988389  0.102179  0.112457  -0.123540  0.109534  0.986276  0.088459  -0.988717  0.120885  -0.004686  -0.004628  -0.004406  0.000000  0.000000  0.000000  2.000000  
130.667893 0.007677  0.093770  -0.003680  0.988352  0.102360  0.112619  -0.123742  0.109736  0.986228  0.088592  -0.988676  0.121124  -0.004633  -0.004545  -0.004373  0.000000  0.000000  0.000000  2.000000  
130.668901 0.007672  0.093766  -0.003684  0.988352  0.102360  0.112619  -0.123742  0.109736  0.986228  0.088592  -0.988676  0.121124  -0.004652  -0.004501  -0.004322  0.000000  0.000000  0.000000  2.000000  
130.670157 0.007667  0.093761  -0.003690  0.988315  0.102528  0.112793  -0.123944  0.109818  0.986194  0.088725  -0.988650  0.121242  -0.004628  -0.004445  -0.004309  0.000000  0.000000  0.000000  2.000000  
130.671394 0.007662  0.093756  -0.003695  0.988303  0.102673  0.112765  -0.123942  0.109921  0.986182  0.088859  -0.988623  0.121361  -0.004570  -0.004391  -0.004269  0.000000  0.000000  0.000000  2.000000  
130.672646 0.007656  0.093750  -0.003700  0.988277  0.102709  0.112955  -0.124146  0.110019  0.986146  0.088859  -0.988608  0.121481  -0.004530  -0.004385  -0.004236  0.000000  0.000000  0.000000  2.000000  
130.673657 0.007652  0.093746  -0.003705  0.988265  0.102840  0.112939  -0.124144  0.110003  0.986148  0.088992  -0.988597  0.121479  -0.004522  -0.004362  -0.004278  0.000000  0.000000  0.000000  2.000000  
130.674896 0.007646  0.093740  -0.003710  0.988240  0.102877  0.113130  -0.124348  0.110101  0.986111  0.088992  -0.988582  0.121599  -0.004512  -0.004368  -0.004316  0.000000  0.000000  0.000000  2.000000  
130.676144 0.007641  0.093735  -0.003717  0.988202  0.103044  0.113304  -0.124550  0.110183  0.986077  0.089125  -0.988555  0.121717  -0.004473  -0.004361  -0.004356  0.000000  0.000000  0.000000  2.000000  
130.677200 0.007636  0.093730  -0.003721  0.988191  0.103175  0.113288  -0.124548  0.110167  0.986079  0.089259  -0.988543  0.121716  -0.004456  -0.004363  -0.004403  0.000000  0.000000  0.000000  2.000000  
130.678396 0.007631  0.093724  -0.003728  0.988165  0.103212  0.113478  -0.124752  0.110265  0.986042  0.089259  -0.988529  0.121836  -0.004440  -0.004415  -0.004480  0.000000  0.000000  0.000000  2.000000  
130.679641 0.007626  0.093718  -0.003733  0.988153  0.103343  0.113462  -0.124750  0.110248  0.986044  0.089392  -0.988517  0.121834  -0.004416  -0.004441  -0.004501  0.000000  0.000000  0.000000  2.000000  
130.680893 0.007620  0.093712  -0.003739  0.988127  0.103366  0.113665  -0.124954  0.110227  0.986021  0.089392  -0.988517  0.121834  -0.004367  -0.004453  -0.004524  0.000000  0.000000  0.000000  2.000000  
130.682145 0.007615  0.093706  -0.003745  0.988090  0.103534  0.113840  -0.125155  0.110309  0.985986  0.089525  -0.988490  0.121953  -0.004356  -0.004498  -0.004580  0.000000  0.000000  0.000000  2.000000  
130.683148 0.007611  0.093702  -0.003750  0.988090  0.103534  0.113840  -0.125155  0.110309  0.985986  0.089525  -0.988490  0.121953  -0.004313  -0.004474  -0.004594  0.000000  0.000000  0.000000  2.000000  
130.684395 0.007606  0.093696  -0.003755  0.988052  0.103687  0.114026  -0.125357  0.110271  0.985964  0.089658  -0.988478  0.121951  -0.004283  -0.004527  -0.004607  0.000000  0.000000  0.000000  2.000000  
130.685398 0.007602  0.093691  -0.003760  0.988052  0.103687  0.114026  -0.125357  0.110271  0.985964  0.089658  -0.988478  0.121951  -0.004267  -0.004568  -0.004650  0.000000  0.000000  0.000000  2.000000  
130.686650 0.007597  0.093686  -0.003766  0.988026  0.103724  0.114217  -0.125561  0.110369  0.985928  0.089658  -0.988463  0.122071  -0.004223  -0.004584  -0.004685  0.000000  0.000000  0.000000  2.000000  
130.687893 0.007592  0.093680  -0.003772  0.988014  0.103855  0.114201  -0.125559  0.110352  0.985930  0.089792  -0.988452  0.122070  -0.004181  -0.004599  -0.004709  0.000000  0.000000  0.000000  2.000000  
130.688894 0.007588  0.093676  -0.003777  0.987988  0.103878  0.114403  -0.125763  0.110331  0.985906  0.089792  -0.988452  0.122070  -0.004158  -0.004589  -0.004723  0.000000  0.000000  0.000000  2.000000  
130.690149 0.007583  0.093670  -0.003783  0.987951  0.104032  0.114590  -0.125965  0.110293  0.985885  0.089925  -0.988440  0.122068  -0.004149  -0.004612  -0.004711  0.000000  0.000000  0.000000  2.000000  
130.691394 0.007578  0.093664  -0.003789  0.987951  0.104032  0.114590  -0.125965  0.110293  0.985885  0.089925  -0.988440  0.122068  -0.004098  -0.004613  -0.004715  0.000000  0.000000  0.000000  2.000000  
130.692394 0.007575  0.093660  -0.003793  0.987913  0.104186  0.114777  -0.126166  0.110255  0.985863  0.090058  -0.988428  0.122067  -0.004028  -0.004580  -0.004661  0.000000  0.000000  0.000000  2.000000  
130.693395 0.007571  0.093656  -0.003798  0.987887  0.104208  0.114980  -0.126370  0.110233  0.985839  0.090058  -0.988428  0.122067  -0.004008  -0.004564  -0.004659  0.000000  0.000000  0.000000  2.000000  
130.694648 0.007566  0.093649  -0.003804  0.987887  0.104208  0.114980  -0.126370  0.110233  0.985839  0.090058  -0.988428  0.122067  -0.003981  -0.004552  -0.004671  0.000000  0.000000  0.000000  2.000000  
