1-Time 2-Px 3-Py 4-Pz 5-R11 6-R21 7-R31 8-R12 9-R22 10-R32 11-R13 12-R23 13-R33 14-Vx 15-Vy 16-Vz 17-Wx 18-Wy 19-Wz 20-state 21-PR11 22-PR21 23-PR31 24-PR12 25-PR22 26-PR32 27-PR13 28-PR23 29-PR33 
45.996688 0.013184  0.096377  0.016755  0.996420  0.075463  0.038125  -0.076253  0.996894  0.019708  -0.036519  -0.022544  0.999079  -0.000115  -0.000277  -0.000825  -0.085792  0.197958  -0.195659  2.000000  
45.997920 0.013185  0.096377  0.016755  0.996445  0.075268  0.037845  -0.076049  0.996911  0.019615  -0.036251  -0.022423  0.999091  -0.000123  -0.000251  -0.000841  -0.086176  0.193383  -0.188989  2.000000  
45.999172 0.013188  0.096377  0.016754  0.996445  0.075268  0.037845  -0.076049  0.996911  0.019615  -0.036251  -0.022423  0.999091  0.000080  -0.000197  -0.000832  -0.082416  0.179740  -0.182429  2.000000  
46.000415 0.013191  0.096377  0.016753  0.996434  0.075481  0.037706  -0.076254  0.996898  0.019496  -0.036118  -0.022302  0.999099  0.000327  -0.000161  -0.000769  -0.082855  0.173892  -0.161047  2.000000  
46.001417 0.013194  0.096376  0.016752  0.996434  0.075481  0.037706  -0.076254  0.996898  0.019496  -0.036118  -0.022302  0.999099  0.000549  -0.000205  -0.000815  -0.079473  0.165580  -0.155147  2.000000  
46.002418 0.013198  0.096375  0.016750  0.996439  0.075484  0.037573  -0.076255  0.996898  0.019507  -0.035984  -0.022302  0.999103  0.000789  -0.000255  -0.000891  0.000000  0.000000  0.000000  2.000000  
46.003668 0.013205  0.096376  0.016749  0.996444  0.075492  0.037431  -0.076255  0.996900  0.019396  -0.035850  -0.022181  0.999111  0.001237  -0.000185  -0.000919  0.000000  0.000000  0.000000  2.000000  
46.004686 0.013210  0.096376  0.016748  0.996433  0.075700  0.037301  -0.076460  0.996884  0.019398  -0.035717  -0.022181  0.999116  0.001636  -0.000141  -0.000940  0.000000  0.000000  0.000000  2.000000  
46.005920 0.013218  0.096376  0.016746  0.996422  0.075913  0.037163  -0.076666  0.996870  0.019280  -0.035583  -0.022060  0.999123  0.002181  -0.000109  -0.001003  0.000000  0.000000  0.000000  2.000000  
46.006934 0.013224  0.096376  0.016743  0.996406  0.076118  0.037167  -0.076871  0.996855  0.019273  -0.035583  -0.022060  0.999123  0.002584  -0.000111  -0.001109  0.000000  0.000000  0.000000  2.000000  
46.008164 0.013232  0.096376  0.016740  0.996395  0.076326  0.037037  -0.077077  0.996839  0.019275  -0.035449  -0.022060  0.999128  0.003167  -0.000093  -0.001234  0.000000  0.000000  0.000000  2.000000  
46.009166 0.013240  0.096376  0.016738  0.996363  0.076736  0.037045  -0.077487  0.996807  0.019260  -0.035449  -0.022060  0.999128  0.003703  -0.000035  -0.001312  0.000000  0.000000  0.000000  2.000000  
46.010414 0.013250  0.096379  0.016736  0.996342  0.076943  0.037173  -0.077692  0.996794  0.019121  -0.035583  -0.021939  0.999126  0.004411  0.000137  -0.001381  0.000000  0.000000  0.000000  2.000000  
46.011667 0.013261  0.096381  0.016733  0.996315  0.077357  0.037048  -0.078102  0.996762  0.019116  -0.035449  -0.021939  0.999131  0.005084  0.000265  -0.001473  0.000000  0.000000  0.000000  2.000000  
46.012912 0.013271  0.096382  0.016730  0.996299  0.077562  0.037052  -0.078307  0.996746  0.019108  -0.035449  -0.021939  0.999131  0.005776  0.000323  -0.001662  0.000000  0.000000  0.000000  2.000000  
46.013918 0.013281  0.096383  0.016727  0.996287  0.077770  0.036923  -0.078513  0.996730  0.019111  -0.035316  -0.021939  0.999135  0.006211  0.000373  -0.001787  0.000000  0.000000  0.000000  2.000000  
46.014918 0.013290  0.096384  0.016724  0.996271  0.077975  0.036926  -0.078718  0.996714  0.019104  -0.035316  -0.021939  0.999135  0.006653  0.000468  -0.001971  0.000000  0.000000  0.000000  2.000000  
46.015922 0.013299  0.096385  0.016721  0.996260  0.078183  0.036797  -0.078923  0.996698  0.019107  -0.035182  -0.021939  0.999140  0.007160  0.000591  -0.002102  0.000000  0.000000  0.000000  2.000000  
46.017167 0.013311  0.096385  0.016717  0.996227  0.078594  0.036805  -0.079333  0.996665  0.019092  -0.035182  -0.021939  0.999140  0.007592  0.000677  -0.002233  0.000000  0.000000  0.000000  2.000000  
46.018417 0.013324  0.096386  0.016713  0.996215  0.078802  0.036676  -0.079539  0.996649  0.019095  -0.035048  -0.021940  0.999145  0.008078  0.000662  -0.002388  0.000000  0.000000  0.000000  2.000000  
46.019421 0.013334  0.096385  0.016709  0.996183  0.079212  0.036684  -0.079949  0.996616  0.019080  -0.035048  -0.021940  0.999145  0.008383  0.000636  -0.002603  0.000000  0.000000  0.000000  2.000000  
46.020665 0.013347  0.096385  0.016704  0.996166  0.079417  0.036687  -0.080154  0.996600  0.019072  -0.035048  -0.021940  0.999145  0.008697  0.000623  -0.002796  0.000000  0.000000  0.000000  2.000000  
46.021920 0.013360  0.096384  0.016698  0.996154  0.079630  0.036548  -0.080360  0.996586  0.018954  -0.034914  -0.021818  0.999152  0.009055  0.000575  -0.002997  0.000000  0.000000  0.000000  2.000000  
46.023167 0.013372  0.096383  0.016692  0.996138  0.079835  0.036552  -0.080565  0.996569  0.018947  -0.034914  -0.021818  0.999152  0.009354  0.000480  -0.003256  0.000000  0.000000  0.000000  2.000000  
46.024413 0.013384  0.096383  0.016686  0.996121  0.080040  0.036556  -0.080770  0.996553  0.018939  -0.034914  -0.021818  0.999152  0.009517  0.000417  -0.003442  0.000000  0.000000  0.000000  2.000000  
46.025666 0.013397  0.096383  0.016680  0.996109  0.080248  0.036427  -0.080975  0.996536  0.018943  -0.034781  -0.021819  0.999157  0.009748  0.000286  -0.003746  0.000000  0.000000  0.000000  2.000000  
46.026667 0.013408  0.096383  0.016674  0.996109  0.080248  0.036427  -0.080975  0.996536  0.018943  -0.034781  -0.021819  0.999157  0.009864  0.000175  -0.003996  0.000000  0.000000  0.000000  2.000000  
46.027668 0.013418  0.096383  0.016669  0.996097  0.080456  0.036298  -0.081181  0.996519  0.018946  -0.034647  -0.021819  0.999161  0.009926  0.000083  -0.004156  -0.026522  0.050134  0.174063  2.000000  
46.028918 0.013429  0.096382  0.016661  0.996097  0.080456  0.036298  -0.081181  0.996519  0.018946  -0.034647  -0.021819  0.999161  0.009957  -0.000081  -0.004400  -0.026298  0.049712  0.172596  2.000000  
46.030169 0.013441  0.096382  0.016655  0.996097  0.080456  0.036298  -0.081181  0.996519  0.018946  -0.034647  -0.021819  0.999161  0.009948  -0.000213  -0.004622  0.000000  0.000000  0.000000  2.000000  
46.031412 0.013453  0.096382  0.016648  0.996097  0.080456  0.036298  -0.081181  0.996519  0.018946  -0.034647  -0.021819  0.999161  0.009976  -0.000234  -0.004793  0.000000  0.000000  0.000000  2.000000  
46.032421 0.013462  0.096381  0.016643  0.996097  0.080456  0.036298  -0.081181  0.996519  0.018946  -0.034647  -0.021819  0.999161  0.009923  -0.000300  -0.004932  0.000000  0.000000  0.000000  2.000000  
46.033667 0.013473  0.096379  0.016636  0.996102  0.080459  0.036164  -0.081181  0.996519  0.018957  -0.034513  -0.021819  0.999166  0.009805  -0.000430  -0.005081  0.000000  0.000000  0.000000  2.000000  
46.034668 0.013482  0.096378  0.016631  0.996102  0.080464  0.036155  -0.081181  0.996521  0.018836  -0.034513  -0.021698  0.999169  0.009666  -0.000529  -0.005166  0.000000  0.000000  0.000000  2.000000  
46.035919 0.013492  0.096376  0.016625  0.996102  0.080464  0.036155  -0.081181  0.996521  0.018836  -0.034513  -0.021698  0.999169  0.009489  -0.000608  -0.005206  0.000000  0.000000  0.000000  2.000000  
46.037168 0.013503  0.096375  0.016619  0.996118  0.080258  0.036151  -0.080976  0.996538  0.018843  -0.034513  -0.021698  0.999169  0.009404  -0.000624  -0.005241  0.000000  0.000000  0.000000  2.000000  
46.038415 0.013513  0.096373  0.016612  0.996123  0.080261  0.036017  -0.080976  0.996538  0.018854  -0.034379  -0.021698  0.999173  0.009248  -0.000651  -0.005255  0.000000  0.000000  0.000000  2.000000  
46.039417 0.013521  0.096372  0.016607  0.996140  0.080056  0.036014  -0.080771  0.996554  0.018862  -0.034379  -0.021698  0.999173  0.009089  -0.000764  -0.005312  0.000000  0.000000  0.000000  2.000000  
46.040419 0.013529  0.096371  0.016601  0.996140  0.080056  0.036014  -0.080771  0.996554  0.018862  -0.034379  -0.021698  0.999173  0.008911  -0.000852  -0.005337  0.000000  0.000000  0.000000  2.000000  
46.041663 0.013538  0.096369  0.016594  0.996156  0.079851  0.036010  -0.080566  0.996571  0.018869  -0.034379  -0.021698  0.999173  0.008704  -0.000969  -0.005340  0.000000  0.000000  0.000000  2.000000  
46.042666 0.013546  0.096368  0.016588  0.996156  0.079851  0.036010  -0.080566  0.996571  0.018869  -0.034379  -0.021698  0.999173  0.008557  -0.001022  -0.005339  0.000000  0.000000  0.000000  2.000000  
46.043915 0.013555  0.096366  0.016582  0.996173  0.079646  0.036006  -0.080361  0.996587  0.018876  -0.034379  -0.021698  0.999173  0.008388  -0.001043  -0.005325  0.000000  0.000000  0.000000  2.000000  
46.044916 0.013562  0.096366  0.016576  0.996173  0.079646  0.036006  -0.080361  0.996587  0.018876  -0.034379  -0.021698  0.999173  0.008217  -0.001065  -0.005309  0.000000  0.000000  0.000000  2.000000  
46.045919 0.013569  0.096366  0.016571  0.996189  0.079441  0.036002  -0.080156  0.996603  0.018884  -0.034379  -0.021698  0.999173  0.008002  -0.001079  -0.005281  0.000000  0.000000  0.000000  2.000000  
46.047167 0.013577  0.096365  0.016564  0.996206  0.079235  0.035998  -0.079951  0.996620  0.018891  -0.034379  -0.021698  0.999173  0.007787  -0.001082  -0.005323  0.000000  0.000000  0.000000  2.000000  
46.048417 0.013585  0.096365  0.016558  0.996201  0.079233  0.036131  -0.079951  0.996620  0.018881  -0.034513  -0.021698  0.999169  0.007644  -0.000967  -0.005323  0.000000  0.000000  0.000000  2.000000  
46.049420 0.013592  0.096364  0.016552  0.996218  0.079027  0.036127  -0.079746  0.996636  0.018888  -0.034513  -0.021698  0.999169  0.007452  -0.000901  -0.005331  0.000000  0.000000  0.000000  2.000000  
46.050668 0.013599  0.096364  0.016547  0.996218  0.079027  0.036127  -0.079746  0.996636  0.018888  -0.034513  -0.021698  0.999169  0.007270  -0.000804  -0.005307  0.000000  0.000000  0.000000  2.000000  
46.051931 0.013608  0.096366  0.016542  0.996234  0.078822  0.036123  -0.079540  0.996653  0.018895  -0.034513  -0.021698  0.999169  0.007114  -0.000608  -0.005212  0.000000  0.000000  0.000000  2.000000  
46.053168 0.013616  0.096367  0.016536  0.996250  0.078617  0.036120  -0.079335  0.996669  0.018903  -0.034513  -0.021698  0.999169  0.006995  -0.000445  -0.005140  0.000000  0.000000  0.000000  2.000000  
46.054415 0.013625  0.096368  0.016531  0.996250  0.078617  0.036120  -0.079335  0.996669  0.018903  -0.034513  -0.021698  0.999169  0.006921  -0.000230  -0.005013  0.000000  0.000000  0.000000  2.000000  
46.055417 0.013632  0.096370  0.016527  0.996267  0.078412  0.036116  -0.079130  0.996685  0.018910  -0.034513  -0.021698  0.999169  0.006853  -0.000069  -0.004930  0.000000  0.000000  0.000000  2.000000  
46.056668 0.013640  0.096372  0.016523  0.996267  0.078412  0.036116  -0.079130  0.996685  0.018910  -0.034513  -0.021698  0.999169  0.006793  0.000225  -0.004724  0.000000  0.000000  0.000000  2.000000  
46.057668 0.013647  0.096373  0.016519  0.996283  0.078202  0.036121  -0.078925  0.996699  0.019039  -0.034513  -0.021819  0.999166  0.006749  0.000422  -0.004611  0.000000  0.000000  0.000000  2.000000  
46.058918 0.013657  0.096376  0.016515  0.996278  0.078199  0.036255  -0.078925  0.996699  0.019028  -0.034647  -0.021819  0.999161  0.006750  0.000693  -0.004422  0.000000  0.000000  0.000000  2.000000  
46.060167 0.013666  0.096379  0.016510  0.996295  0.077994  0.036251  -0.078720  0.996715  0.019036  -0.034647  -0.021819  0.999161  0.006798  0.000924  -0.004280  0.000000  0.000000  0.000000  2.000000  
46.061416 0.013675  0.096382  0.016505  0.996295  0.077994  0.036251  -0.078720  0.996715  0.019036  -0.034647  -0.021819  0.999161  0.006849  0.001111  -0.004176  0.000000  0.000000  0.000000  2.000000  
46.062417 0.013682  0.096385  0.016501  0.996295  0.077994  0.036251  -0.078720  0.996715  0.019036  -0.034647  -0.021819  0.999161  0.006925  0.001326  -0.004093  0.000000  0.000000  0.000000  2.000000  
46.063666 0.013692  0.096388  0.016496  0.996311  0.077789  0.036247  -0.078515  0.996731  0.019043  -0.034647  -0.021819  0.999161  0.006990  0.001618  -0.003983  0.000000  0.000000  0.000000  2.000000  
46.064700 0.013699  0.096392  0.016492  0.996311  0.077785  0.036256  -0.078515  0.996729  0.019164  -0.034647  -0.021940  0.999159  0.007075  0.001828  -0.003923  0.000000  0.000000  0.000000  2.000000  
46.065919 0.013709  0.096396  0.016487  0.996311  0.077785  0.036256  -0.078515  0.996729  0.019164  -0.034647  -0.021940  0.999159  0.007220  0.002095  -0.003895  0.000000  0.000000  0.000000  2.000000  
46.067167 0.013719  0.096401  0.016483  0.996327  0.077579  0.036252  -0.078309  0.996745  0.019171  -0.034647  -0.021940  0.999159  0.007314  0.002335  -0.003863  0.000000  0.000000  0.000000  2.000000  
46.068168 0.013728  0.096404  0.016479  0.996327  0.077575  0.036262  -0.078309  0.996742  0.019292  -0.034647  -0.022061  0.999156  0.007422  0.002539  -0.003833  0.000000  0.000000  0.000000  2.000000  
46.069170 0.013736  0.096408  0.016476  0.996327  0.077575  0.036262  -0.078309  0.996742  0.019292  -0.034647  -0.022061  0.999156  0.007494  0.002691  -0.003788  0.000000  0.000000  0.000000  2.000000  
46.070417 0.013747  0.096414  0.016472  0.996327  0.077575  0.036262  -0.078309  0.996742  0.019292  -0.034647  -0.022061  0.999156  0.007658  0.002936  -0.003680  0.000000  0.000000  0.000000  2.000000  
46.071667 0.013757  0.096419  0.016468  0.996327  0.077571  0.036271  -0.078309  0.996740  0.019413  -0.034647  -0.022182  0.999153  0.007777  0.003112  -0.003643  0.000000  0.000000  0.000000  2.000000  
46.072668 0.013765  0.096422  0.016465  0.996327  0.077571  0.036271  -0.078309  0.996740  0.019413  -0.034647  -0.022182  0.999153  0.007849  0.003263  -0.003599  0.000000  0.000000  0.000000  2.000000  
46.073926 0.013776  0.096428  0.016461  0.996327  0.077571  0.036271  -0.078309  0.996740  0.019413  -0.034647  -0.022182  0.999153  0.007969  0.003455  -0.003549  0.000000  0.000000  0.000000  2.000000  
46.075165 0.013787  0.096433  0.016458  0.996327  0.077571  0.036271  -0.078309  0.996740  0.019413  -0.034647  -0.022182  0.999153  0.008071  0.003623  -0.003494  0.000000  0.000000  0.000000  2.000000  
46.076165 0.013796  0.096437  0.016455  0.996327  0.077571  0.036271  -0.078309  0.996740  0.019413  -0.034647  -0.022182  0.999153  0.008184  0.003737  -0.003438  0.000000  0.000000  0.000000  2.000000  
46.077417 0.013807  0.096442  0.016450  0.996327  0.077566  0.036280  -0.078309  0.996738  0.019534  -0.034647  -0.022303  0.999151  0.008279  0.003807  -0.003408  0.000000  0.000000  0.000000  2.000000  
46.078666 0.013818  0.096447  0.016446  0.996327  0.077566  0.036280  -0.078309  0.996738  0.019534  -0.034647  -0.022303  0.999151  0.008420  0.003906  -0.003326  0.000000  0.000000  0.000000  2.000000  
46.079667 0.013826  0.096451  0.016442  0.996327  0.077566  0.036280  -0.078309  0.996738  0.019534  -0.034647  -0.022303  0.999151  0.008484  0.003941  -0.003339  0.000000  0.000000  0.000000  2.000000  
46.080918 0.013838  0.096456  0.016438  0.996327  0.077566  0.036280  -0.078309  0.996738  0.019534  -0.034647  -0.022303  0.999151  0.008553  0.004032  -0.003260  0.000000  0.000000  0.000000  2.000000  
46.081924 0.013846  0.096460  0.016434  0.996327  0.077562  0.036290  -0.078309  0.996735  0.019655  -0.034647  -0.022425  0.999148  0.008607  0.004018  -0.003288  0.000000  0.000000  0.000000  2.000000  
46.083172 0.013857  0.096464  0.016429  0.996311  0.077767  0.036294  -0.078515  0.996719  0.019647  -0.034647  -0.022425  0.999148  0.008659  0.003954  -0.003320  0.000000  0.000000  0.000000  2.000000  
46.084172 0.013866  0.096467  0.016425  0.996315  0.077770  0.036161  -0.078515  0.996719  0.019658  -0.034513  -0.022425  0.999153  0.008677  0.003885  -0.003393  0.000000  0.000000  0.000000  2.000000  
46.085173 0.013874  0.096470  0.016420  0.996315  0.077766  0.036170  -0.078515  0.996717  0.019779  -0.034513  -0.022546  0.999150  0.008646  0.003803  -0.003501  0.000000  0.000000  0.000000  2.000000  
46.086177 0.013882  0.096472  0.016416  0.996315  0.077766  0.036170  -0.078515  0.996717  0.019779  -0.034513  -0.022546  0.999150  0.008617  0.003676  -0.003551  0.000000  0.000000  0.000000  2.000000  
46.087420 0.013892  0.096475  0.016411  0.996315  0.077766  0.036170  -0.078515  0.996717  0.019779  -0.034513  -0.022546  0.999150  0.008629  0.003540  -0.003664  0.000000  0.000000  0.000000  2.000000  
46.088669 0.013902  0.096477  0.016405  0.996315  0.077761  0.036180  -0.078515  0.996714  0.019900  -0.034513  -0.022667  0.999147  0.008566  0.003344  -0.003797  0.000000  0.000000  0.000000  2.000000  
46.089928 0.013912  0.096480  0.016400  0.996315  0.077761  0.036180  -0.078515  0.996714  0.019900  -0.034513  -0.022667  0.999147  0.008486  0.003141  -0.003922  0.000000  0.000000  0.000000  2.000000  
46.091171 0.013922  0.096482  0.016395  0.996315  0.077761  0.036180  -0.078515  0.996714  0.019900  -0.034513  -0.022667  0.999147  0.008417  0.002991  -0.003969  0.000000  0.000000  0.000000  2.000000  
46.092415 0.013931  0.096484  0.016389  0.996320  0.077764  0.036046  -0.078515  0.996714  0.019910  -0.034379  -0.022667  0.999152  0.008294  0.002761  -0.004099  0.000000  0.000000  0.000000  2.000000  
46.093418 0.013939  0.096485  0.016385  0.996320  0.077764  0.036046  -0.078515  0.996714  0.019910  -0.034379  -0.022667  0.999152  0.008200  0.002581  -0.004166  0.000000  0.000000  0.000000  2.000000  
46.094668 0.013948  0.096487  0.016379  0.996320  0.077764  0.036046  -0.078515  0.996714  0.019910  -0.034379  -0.022667  0.999152  0.008085  0.002355  -0.004291  0.000000  0.000000  0.000000  2.000000  
46.095915 0.013957  0.096488  0.016373  0.996320  0.077764  0.036046  -0.078515  0.996714  0.019910  -0.034379  -0.022667  0.999152  0.007932  0.002148  -0.004355  0.000000  0.000000  0.000000  2.000000  
46.096917 0.013964  0.096490  0.016367  0.996325  0.077767  0.035913  -0.078516  0.996714  0.019921  -0.034246  -0.022667  0.999156  0.007825  0.001992  -0.004440  0.000000  0.000000  0.000000  2.000000  
46.097919 0.013970  0.096490  0.016362  0.996325  0.077767  0.035913  -0.078516  0.996714  0.019921  -0.034246  -0.022667  0.999156  0.007668  0.001808  -0.004518  0.000000  0.000000  0.000000  2.000000  
46.099169 0.013978  0.096490  0.016355  0.996341  0.077562  0.035909  -0.078311  0.996730  0.019928  -0.034246  -0.022667  0.999156  0.007455  0.001559  -0.004645  0.000000  0.000000  0.000000  2.000000  
46.100171 0.013983  0.096490  0.016349  0.996341  0.077562  0.035909  -0.078311  0.996730  0.019928  -0.034246  -0.022667  0.999156  0.007270  0.001343  -0.004748  0.000000  0.000000  0.000000  2.000000  
46.101176 0.013989  0.096490  0.016343  0.996345  0.077565  0.035776  -0.078311  0.996730  0.019939  -0.034112  -0.022667  0.999161  0.007145  0.001238  -0.004860  0.000000  0.000000  0.000000  2.000000  
46.102421 0.013996  0.096489  0.016335  0.996345  0.077565  0.035776  -0.078311  0.996730  0.019939  -0.034112  -0.022667  0.999161  0.006882  0.000957  -0.005040  0.000000  0.000000  0.000000  2.000000  
46.103669 0.014003  0.096489  0.016328  0.996345  0.077565  0.035776  -0.078311  0.996730  0.019939  -0.034112  -0.022667  0.999161  0.006703  0.000792  -0.005144  0.000000  0.000000  0.000000  2.000000  
46.104669 0.014008  0.096488  0.016322  0.996345  0.077565  0.035776  -0.078311  0.996730  0.019939  -0.034112  -0.022667  0.999161  0.006512  0.000601  -0.005262  0.000000  0.000000  0.000000  2.000000  
46.105677 0.014013  0.096488  0.016315  0.996350  0.077568  0.035642  -0.078311  0.996729  0.019949  -0.033978  -0.022668  0.999165  0.006297  0.000423  -0.005456  0.000000  0.000000  0.000000  2.000000  
46.106679 0.014018  0.096487  0.016309  0.996350  0.077568  0.035642  -0.078311  0.996729  0.019949  -0.033978  -0.022668  0.999165  0.006091  0.000256  -0.005588  0.000000  0.000000  0.000000  2.000000  
46.107682 0.014022  0.096486  0.016303  0.996350  0.077568  0.035642  -0.078311  0.996729  0.019949  -0.033978  -0.022668  0.999165  0.005918  0.000122  -0.005697  0.000000  0.000000  0.000000  2.000000  
46.108918 0.014028  0.096485  0.016295  0.996350  0.077568  0.035642  -0.078311  0.996729  0.019949  -0.033978  -0.022668  0.999165  0.005700  -0.000104  -0.005849  0.000000  0.000000  0.000000  2.000000  
46.109921 0.014033  0.096484  0.016289  0.996354  0.077571  0.035509  -0.078312  0.996729  0.019960  -0.033845  -0.022668  0.999170  0.005564  -0.000194  -0.005932  0.000000  0.000000  0.000000  2.000000  
46.110934 0.014037  0.096484  0.016282  0.996354  0.077575  0.035500  -0.078312  0.996732  0.019839  -0.033845  -0.022546  0.999173  0.005339  -0.000345  -0.006074  0.000000  0.000000  0.000000  2.000000  
46.112167 0.014043  0.096483  0.016274  0.996354  0.077575  0.035500  -0.078312  0.996732  0.019839  -0.033845  -0.022546  0.999173  0.005187  -0.000440  -0.006138  0.000000  0.000000  0.000000  2.000000  
46.113174 0.014048  0.096483  0.016268  0.996354  0.077575  0.035500  -0.078312  0.996732  0.019839  -0.033845  -0.022546  0.999173  0.005069  -0.000507  -0.006194  0.000000  0.000000  0.000000  2.000000  
46.114183 0.014052  0.096482  0.016262  0.996359  0.077578  0.035366  -0.078312  0.996731  0.019849  -0.033711  -0.022547  0.999177  0.004944  -0.000593  -0.006206  0.000000  0.000000  0.000000  2.000000  
46.115419 0.014058  0.096481  0.016255  0.996359  0.077578  0.035366  -0.078312  0.996731  0.019849  -0.033711  -0.022547  0.999177  0.004847  -0.000597  -0.006179  0.000000  0.000000  0.000000  2.000000  
46.116427 0.014062  0.096480  0.016248  0.996359  0.077583  0.035357  -0.078312  0.996734  0.019728  -0.033711  -0.022425  0.999180  0.004741  -0.000648  -0.006217  0.000000  0.000000  0.000000  2.000000  
46.117669 0.014067  0.096479  0.016240  0.996359  0.077583  0.035357  -0.078312  0.996734  0.019728  -0.033711  -0.022425  0.999180  0.004660  -0.000723  -0.006258  0.000000  0.000000  0.000000  2.000000  
46.118674 0.014072  0.096478  0.016234  0.996359  0.077583  0.035357  -0.078312  0.996734  0.019728  -0.033711  -0.022425  0.999180  0.004612  -0.000709  -0.006250  0.000000  0.000000  0.000000  2.000000  
46.119916 0.014077  0.096477  0.016226  0.996359  0.077583  0.035357  -0.078312  0.996734  0.019728  -0.033711  -0.022425  0.999180  0.004553  -0.000724  -0.006279  0.000000  0.000000  0.000000  2.000000  
46.121166 0.014084  0.096477  0.016218  0.996359  0.077583  0.035357  -0.078312  0.996734  0.019728  -0.033711  -0.022425  0.999180  0.004577  -0.000665  -0.006274  0.000000  0.000000  0.000000  2.000000  
46.122418 0.014090  0.096476  0.016210  0.996359  0.077583  0.035357  -0.078312  0.996734  0.019728  -0.033711  -0.022425  0.999180  0.004564  -0.000704  -0.006328  0.000000  0.000000  0.000000  2.000000  
46.123664 0.014096  0.096475  0.016201  0.996343  0.077788  0.035361  -0.078517  0.996718  0.019721  -0.033711  -0.022425  0.999180  0.004550  -0.000652  -0.006361  0.000000  0.000000  0.000000  2.000000  
46.124670 0.014101  0.096475  0.016195  0.996343  0.077788  0.035361  -0.078517  0.996718  0.019721  -0.033711  -0.022425  0.999180  0.004595  -0.000626  -0.006365  0.000000  0.000000  0.000000  2.000000  
46.125925 0.014107  0.096475  0.016187  0.996343  0.077788  0.035361  -0.078517  0.996718  0.019721  -0.033711  -0.022425  0.999180  0.004641  -0.000599  -0.006371  0.000000  0.000000  0.000000  2.000000  
46.127170 0.014113  0.096475  0.016179  0.996343  0.077788  0.035361  -0.078517  0.996718  0.019721  -0.033711  -0.022425  0.999180  0.004646  -0.000583  -0.006353  0.000000  0.000000  0.000000  2.000000  
46.128171 0.014118  0.096475  0.016173  0.996326  0.077993  0.035365  -0.078722  0.996702  0.019714  -0.033711  -0.022425  0.999180  0.004707  -0.000514  -0.006366  0.000000  0.000000  0.000000  2.000000  
46.129420 0.014125  0.096475  0.016166  0.996326  0.077993  0.035365  -0.078722  0.996702  0.019714  -0.033711  -0.022425  0.999180  0.004792  -0.000436  -0.006332  0.000000  0.000000  0.000000  2.000000  
46.130421 0.014130  0.096475  0.016160  0.996326  0.077993  0.035365  -0.078722  0.996702  0.019714  -0.033711  -0.022425  0.999180  0.004870  -0.000376  -0.006315  0.000000  0.000000  0.000000  2.000000  
46.131673 0.014137  0.096476  0.016152  0.996310  0.078198  0.035369  -0.078927  0.996686  0.019706  -0.033711  -0.022425  0.999180  0.004938  -0.000271  -0.006272  0.000000  0.000000  0.000000  2.000000  
46.132673 0.014143  0.096476  0.016147  0.996310  0.078198  0.035369  -0.078927  0.996686  0.019706  -0.033711  -0.022425  0.999180  0.005024  -0.000189  -0.006233  0.000000  0.000000  0.000000  2.000000  
46.133922 0.014149  0.096477  0.016139  0.996310  0.078198  0.035369  -0.078927  0.996686  0.019706  -0.033711  -0.022425  0.999180  0.005106  -0.000063  -0.006176  0.000000  0.000000  0.000000  2.000000  
46.135170 0.014156  0.096477  0.016132  0.996294  0.078403  0.035373  -0.079132  0.996669  0.019699  -0.033711  -0.022425  0.999180  0.005183  -0.000002  -0.006158  0.000000  0.000000  0.000000  2.000000  
46.136420 0.014163  0.096478  0.016124  0.996294  0.078403  0.035373  -0.079132  0.996669  0.019699  -0.033711  -0.022425  0.999180  0.005264  0.000124  -0.006098  0.000000  0.000000  0.000000  2.000000  
46.137671 0.014170  0.096478  0.016117  0.996278  0.078609  0.035377  -0.079338  0.996653  0.019692  -0.033711  -0.022425  0.999180  0.005286  0.000184  -0.006089  0.000000  0.000000  0.000000  2.000000  
46.138920 0.014177  0.096480  0.016109  0.996261  0.078814  0.035381  -0.079543  0.996637  0.019685  -0.033711  -0.022425  0.999180  0.005367  0.000311  -0.006031  0.000000  0.000000  0.000000  2.000000  
46.139921 0.014183  0.096480  0.016102  0.996257  0.078811  0.035515  -0.079542  0.996637  0.019674  -0.033845  -0.022425  0.999175  0.005413  0.000338  -0.006037  0.000000  0.000000  0.000000  2.000000  
46.141170 0.014190  0.096481  0.016095  0.996240  0.079016  0.035519  -0.079747  0.996621  0.019667  -0.033845  -0.022425  0.999175  0.005462  0.000400  -0.006044  0.000000  0.000000  0.000000  2.000000  
46.142175 0.014196  0.096481  0.016088  0.996240  0.079016  0.035519  -0.079747  0.996621  0.019667  -0.033845  -0.022425  0.999175  0.005493  0.000444  -0.006081  0.000000  0.000000  0.000000  2.000000  
46.143417 0.014203  0.096482  0.016080  0.996224  0.079217  0.035532  -0.079952  0.996602  0.019780  -0.033845  -0.022546  0.999173  0.005519  0.000438  -0.006109  0.000000  0.000000  0.000000  2.000000  
46.144663 0.014210  0.096483  0.016072  0.996207  0.079422  0.035536  -0.080158  0.996586  0.019773  -0.033845  -0.022546  0.999173  0.005569  0.000511  -0.006177  0.000000  0.000000  0.000000  2.000000  
46.145665 0.014216  0.096483  0.016065  0.996191  0.079627  0.035540  -0.080363  0.996570  0.019766  -0.033845  -0.022546  0.999173  0.005584  0.000504  -0.006205  0.000000  0.000000  0.000000  2.000000  
46.146665 0.014222  0.096483  0.016058  0.996191  0.079627  0.035540  -0.080363  0.996570  0.019766  -0.033845  -0.022546  0.999173  0.005637  0.000486  -0.006297  0.000000  0.000000  0.000000  2.000000  
46.147918 0.014229  0.096483  0.016050  0.996170  0.079829  0.035678  -0.080567  0.996554  0.019747  -0.033978  -0.022546  0.999168  0.005668  0.000473  -0.006355  0.000000  0.000000  0.000000  2.000000  
46.148920 0.014235  0.096483  0.016043  0.996153  0.080035  0.035682  -0.080772  0.996537  0.019740  -0.033978  -0.022546  0.999168  0.005703  0.000460  -0.006416  0.000000  0.000000  0.000000  2.000000  
46.149922 0.014241  0.096483  0.016037  0.996153  0.080035  0.035682  -0.080772  0.996537  0.019740  -0.033978  -0.022546  0.999168  0.005724  0.000427  -0.006443  0.000000  0.000000  0.000000  2.000000  
46.151169 0.014248  0.096484  0.016029  0.996137  0.080240  0.035686  -0.080978  0.996521  0.019733  -0.033978  -0.022546  0.999168  0.005752  0.000396  -0.006449  0.000000  0.000000  0.000000  2.000000  
46.152415 0.014256  0.096484  0.016021  0.996120  0.080445  0.035690  -0.081183  0.996504  0.019725  -0.033978  -0.022546  0.999168  0.005794  0.000357  -0.006496  0.000000  0.000000  0.000000  2.000000  
46.153418 0.014262  0.096483  0.016014  0.996120  0.080445  0.035690  -0.081183  0.996504  0.019725  -0.033978  -0.022546  0.999168  0.005806  0.000285  -0.006566  0.000000  0.000000  0.000000  2.000000  
46.154665 0.014269  0.096483  0.016005  0.996103  0.080646  0.035704  -0.081388  0.996485  0.019839  -0.033978  -0.022668  0.999165  0.005803  0.000220  -0.006608  0.000000  0.000000  0.000000  2.000000  
46.155668 0.014274  0.096483  0.015998  0.996103  0.080646  0.035704  -0.081388  0.996485  0.019839  -0.033978  -0.022668  0.999165  0.005814  0.000149  -0.006677  0.000000  0.000000  0.000000  2.000000  
46.156920 0.014282  0.096481  0.015989  0.996086  0.080851  0.035708  -0.081593  0.996468  0.019832  -0.033978  -0.022668  0.999165  0.005843  0.000018  -0.006738  0.000000  0.000000  0.000000  2.000000  
46.158030 0.014288  0.096481  0.015981  0.996070  0.081056  0.035712  -0.081798  0.996452  0.019824  -0.033978  -0.022668  0.999165  0.005781  -0.000087  -0.006782  0.000000  0.000000  0.000000  2.000000  
46.159170 0.014295  0.096480  0.015972  0.996065  0.081053  0.035845  -0.081797  0.996452  0.019813  -0.034112  -0.022667  0.999161  0.005843  -0.000187  -0.006887  0.000000  0.000000  0.000000  2.000000  
46.160417 0.014302  0.096479  0.015962  0.996048  0.081258  0.035849  -0.082002  0.996435  0.019806  -0.034112  -0.022667  0.999161  0.005874  -0.000266  -0.006991  0.000000  0.000000  0.000000  2.000000  
46.161418 0.014309  0.096478  0.015955  0.996048  0.081258  0.035849  -0.082002  0.996435  0.019806  -0.034112  -0.022667  0.999161  0.005924  -0.000319  -0.007003  0.000000  0.000000  0.000000  2.000000  
46.162664 0.014316  0.096477  0.015945  0.996031  0.081463  0.035853  -0.082208  0.996419  0.019799  -0.034112  -0.022667  0.999161  0.005939  -0.000405  -0.007099  0.000000  0.000000  0.000000  2.000000  
46.163664 0.014322  0.096475  0.015938  0.996031  0.081459  0.035863  -0.082208  0.996416  0.019919  -0.034112  -0.022789  0.999158  0.005922  -0.000558  -0.007136  0.000000  0.000000  0.000000  2.000000  
46.164669 0.014329  0.096474  0.015930  0.996031  0.081459  0.035863  -0.082208  0.996416  0.019919  -0.034112  -0.022789  0.999158  0.005979  -0.000586  -0.007189  0.000000  0.000000  0.000000  2.000000  
46.165678 0.014335  0.096474  0.015923  0.996014  0.081664  0.035867  -0.082413  0.996399  0.019912  -0.034112  -0.022789  0.999158  0.005988  -0.000676  -0.007278  0.000000  0.000000  0.000000  2.000000  
46.166918 0.014343  0.096472  0.015913  0.996014  0.081664  0.035867  -0.082413  0.996399  0.019912  -0.034112  -0.022789  0.999158  0.006045  -0.000768  -0.007375  0.000000  0.000000  0.000000  2.000000  
46.167921 0.014349  0.096471  0.015906  0.995997  0.081869  0.035871  -0.082618  0.996383  0.019905  -0.034112  -0.022789  0.999158  0.006041  -0.000855  -0.007442  0.000000  0.000000  0.000000  2.000000  
46.169166 0.014357  0.096469  0.015896  0.995997  0.081869  0.035871  -0.082618  0.996383  0.019905  -0.034112  -0.022789  0.999158  0.006078  -0.000938  -0.007503  0.000000  0.000000  0.000000  2.000000  
46.170415 0.014365  0.096468  0.015887  0.995993  0.081866  0.036005  -0.082617  0.996383  0.019894  -0.034246  -0.022788  0.999154  0.006128  -0.001003  -0.007536  0.000000  0.000000  0.000000  2.000000  
46.171416 0.014371  0.096466  0.015879  0.995976  0.082071  0.036009  -0.082822  0.996366  0.019886  -0.034246  -0.022788  0.999154  0.006159  -0.001061  -0.007537  0.000000  0.000000  0.000000  2.000000  
46.172666 0.014380  0.096465  0.015869  0.995976  0.082071  0.036009  -0.082822  0.996366  0.019886  -0.034246  -0.022788  0.999154  0.006289  -0.001035  -0.007607  0.000000  0.000000  0.000000  2.000000  
46.173669 0.014386  0.096465  0.015862  0.995976  0.082071  0.036009  -0.082822  0.996366  0.019886  -0.034246  -0.022788  0.999154  0.006273  -0.001039  -0.007608  0.000000  0.000000  0.000000  2.000000  
46.174917 0.014394  0.096464  0.015853  0.995959  0.082276  0.036013  -0.083027  0.996349  0.019879  -0.034246  -0.022788  0.999154  0.006319  -0.001059  -0.007556  0.000000  0.000000  0.000000  2.000000  
46.175919 0.014401  0.096463  0.015845  0.995959  0.082276  0.036013  -0.083027  0.996349  0.019879  -0.034246  -0.022788  0.999154  0.006395  -0.000999  -0.007538  0.000000  0.000000  0.000000  2.000000  
46.177163 0.014410  0.096463  0.015836  0.995937  0.082478  0.036150  -0.083232  0.996332  0.019860  -0.034379  -0.022788  0.999149  0.006475  -0.000939  -0.007524  0.000000  0.000000  0.000000  2.000000  
46.178165 0.014416  0.096463  0.015828  0.995937  0.082478  0.036150  -0.083232  0.996332  0.019860  -0.034379  -0.022788  0.999149  0.006491  -0.000903  -0.007570  0.000000  0.000000  0.000000  2.000000  
46.179417 0.014425  0.096462  0.015819  0.995920  0.082683  0.036154  -0.083437  0.996315  0.019853  -0.034379  -0.022788  0.999149  0.006568  -0.000843  -0.007555  0.000000  0.000000  0.000000  2.000000  
46.180667 0.014434  0.096462  0.015809  0.995915  0.082680  0.036287  -0.083437  0.996316  0.019842  -0.034513  -0.022788  0.999144  0.006627  -0.000798  -0.007609  0.000000  0.000000  0.000000  2.000000  
46.181917 0.014443  0.096461  0.015800  0.995898  0.082886  0.036291  -0.083642  0.996298  0.019834  -0.034513  -0.022788  0.999144  0.006672  -0.000705  -0.007571  0.000000  0.000000  0.000000  2.000000  
46.182919 0.014451  0.096462  0.015793  0.995898  0.082886  0.036291  -0.083642  0.996298  0.019834  -0.034513  -0.022788  0.999144  0.006778  -0.000613  -0.007530  0.000000  0.000000  0.000000  2.000000  
46.184168 0.014460  0.096461  0.015784  0.995876  0.083088  0.036429  -0.083846  0.996282  0.019815  -0.034647  -0.022788  0.999140  0.006873  -0.000504  -0.007500  0.000000  0.000000  0.000000  2.000000  
46.185169 0.014468  0.096461  0.015777  0.995859  0.083293  0.036433  -0.084051  0.996265  0.019808  -0.034647  -0.022788  0.999140  0.006948  -0.000444  -0.007480  0.000000  0.000000  0.000000  2.000000  
46.186418 0.014477  0.096462  0.015768  0.995837  0.083490  0.036580  -0.084256  0.996245  0.019910  -0.034781  -0.022909  0.999132  0.007032  -0.000318  -0.007425  0.000000  0.000000  0.000000  2.000000  
46.187435 0.014485  0.096462  0.015761  0.995837  0.083490  0.036580  -0.084256  0.996245  0.019910  -0.034781  -0.022909  0.999132  0.007111  -0.000217  -0.007341  0.000000  0.000000  0.000000  2.000000  
46.188667 0.014495  0.096463  0.015753  0.995815  0.083692  0.036718  -0.084461  0.996228  0.019891  -0.034914  -0.022909  0.999128  0.007241  -0.000107  -0.007244  0.000000  0.000000  0.000000  2.000000  
46.189670 0.014503  0.096464  0.015746  0.995798  0.083897  0.036722  -0.084666  0.996211  0.019884  -0.034914  -0.022909  0.999128  0.007344  0.000010  -0.007208  0.000000  0.000000  0.000000  2.000000  
46.190914 0.014512  0.096465  0.015739  0.995775  0.084100  0.036859  -0.084870  0.996194  0.019865  -0.035048  -0.022909  0.999123  0.007410  0.000116  -0.007116  0.000000  0.000000  0.000000  2.000000  
46.191915 0.014521  0.096466  0.015733  0.995758  0.084305  0.036863  -0.085075  0.996177  0.019857  -0.035048  -0.022909  0.999123  0.007503  0.000188  -0.007027  0.000000  0.000000  0.000000  2.000000  
46.193164 0.014531  0.096468  0.015725  0.995736  0.084507  0.037000  -0.085280  0.996160  0.019838  -0.035182  -0.022909  0.999118  0.007649  0.000352  -0.006906  0.000000  0.000000  0.000000  2.000000  
46.194165 0.014539  0.096469  0.015718  0.995713  0.084709  0.037138  -0.085484  0.996142  0.019819  -0.035316  -0.022909  0.999114  0.007734  0.000464  -0.006791  0.000000  0.000000  0.000000  2.000000  
46.195165 0.014548  0.096470  0.015712  0.995673  0.085116  0.037279  -0.085894  0.996108  0.019792  -0.035449  -0.022909  0.999109  0.007822  0.000564  -0.006716  0.000000  0.000000  0.000000  2.000000  
46.196416 0.014558  0.096472  0.015705  0.995651  0.085313  0.037427  -0.086098  0.996088  0.019894  -0.035583  -0.023030  0.999101  0.007906  0.000711  -0.006557  0.000000  0.000000  0.000000  2.000000  
46.197418 0.014566  0.096473  0.015699  0.995628  0.085515  0.037564  -0.086303  0.996071  0.019875  -0.035717  -0.023030  0.999097  0.007985  0.000818  -0.006458  0.000000  0.000000  0.000000  2.000000  
46.198667 0.014577  0.096475  0.015692  0.995588  0.085922  0.037705  -0.086713  0.996036  0.019848  -0.035850  -0.023030  0.999092  0.008068  0.000917  -0.006331  0.000000  0.000000  0.000000  2.000000  
46.199678 0.014586  0.096477  0.015686  0.995565  0.086124  0.037842  -0.086917  0.996018  0.019828  -0.035984  -0.023029  0.999087  0.008145  0.001064  -0.006215  0.000000  0.000000  0.000000  2.000000  
46.200917 0.014596  0.096478  0.015679  0.995520  0.086528  0.038117  -0.087326  0.995983  0.019789  -0.036251  -0.023029  0.999077  0.008192  0.001114  -0.006197  0.000000  0.000000  0.000000  2.000000  
46.201928 0.014605  0.096480  0.015673  0.995497  0.086726  0.038265  -0.087531  0.995963  0.019891  -0.036385  -0.023150  0.999070  0.008246  0.001204  -0.006087  0.000000  0.000000  0.000000  2.000000  
46.203165 0.014615  0.096482  0.015666  0.995456  0.087133  0.038406  -0.087940  0.995928  0.019863  -0.036519  -0.023150  0.999065  0.008314  0.001266  -0.006004  0.006060  -0.079744  0.169673  2.000000  
46.204168 0.014624  0.096483  0.015660  0.995410  0.087536  0.038681  -0.088349  0.995892  0.019824  -0.036786  -0.023150  0.999055  0.008331  0.001285  -0.005973  0.005841  -0.089553  0.177780  2.000000  
46.205417 0.014634  0.096485  0.015653  0.995369  0.087943  0.038822  -0.088759  0.995856  0.019796  -0.036920  -0.023150  0.999050  0.008389  0.001352  -0.005923  0.005293  -0.093591  0.189928  2.000000  
46.206668 0.014645  0.096487  0.015646  0.995322  0.088342  0.039107  -0.089167  0.995818  0.019877  -0.037187  -0.023271  0.999037  0.008401  0.001392  -0.005869  0.009127  -0.099036  0.198310  2.000000  
46.207977 0.014655  0.096489  0.015640  0.995275  0.088746  0.039381  -0.089576  0.995782  0.019837  -0.037455  -0.023271  0.999027  0.008369  0.001406  -0.005745  0.008586  -0.108129  0.211503  2.000000  
46.209167 0.014666  0.096490  0.015633  0.995228  0.089150  0.039656  -0.089985  0.995746  0.019796  -0.037722  -0.023270  0.999017  0.008423  0.001425  -0.005699  0.008326  -0.117504  0.218645  2.000000  
46.210414 0.014676  0.096492  0.015626  0.995158  0.089756  0.040067  -0.090599  0.995692  0.019736  -0.038123  -0.023270  0.999002  0.008410  0.001432  -0.005673  0.007466  -0.130382  0.237093  2.000000  
46.211415 0.014684  0.096494  0.015620  0.995110  0.090160  0.040342  -0.091007  0.995655  0.019695  -0.038391  -0.023270  0.998992  0.008395  0.001448  -0.005649  0.007168  -0.134997  0.243842  2.000000  
46.212668 0.014694  0.096495  0.015613  0.995062  0.090558  0.040627  -0.091416  0.995616  0.019774  -0.038658  -0.023391  0.998979  0.008375  0.001445  -0.005613  0.010681  -0.144313  0.257458  2.000000  
46.213690 0.014702  0.096496  0.015608  0.995014  0.090962  0.040901  -0.091825  0.995580  0.019733  -0.038926  -0.023390  0.998968  0.008314  0.001416  -0.005599  0.010450  -0.149998  0.266103  2.000000  
46.214918 0.014712  0.096497  0.015601  0.994942  0.091568  0.041313  -0.092438  0.995524  0.019671  -0.039327  -0.023390  0.998953  0.008265  0.001343  -0.005622  0.009810  -0.162563  0.277502  2.000000  
46.215921 0.014720  0.096499  0.015595  0.994893  0.091971  0.041587  -0.092847  0.995487  0.019629  -0.039594  -0.023390  0.998942  0.008248  0.001358  -0.005628  0.009264  -0.171811  0.291029  2.000000  
