1-Time 2-Px 3-Py 4-Pz 5-R11 6-R21 7-R31 8-R12 9-R22 10-R32 11-R13 12-R23 13-R33 14-Vx 15-Vy 16-Vz 17-Wx 18-Wy 19-Wz 20-state 21-PR11 22-PR21 23-PR31 24-PR12 25-PR22 26-PR32 27-PR13 28-PR23 29-PR33 
202.464256 0.007648  0.090955  -0.014109  0.998287  0.037374  0.045006  -0.047717  0.075128  0.996032  0.033845  -0.996473  0.076783  -0.001789  -0.000287  0.003043  0.033037  0.002549  0.211781  2.000000  
202.465503 0.007646  0.090955  -0.014105  0.998264  0.037789  0.045180  -0.047921  0.075101  0.996024  0.034246  -0.996460  0.076781  -0.001831  -0.000322  0.003137  0.028969  0.003232  0.220784  2.000000  
202.466766 0.007644  0.090952  -0.014101  0.998245  0.038071  0.045364  -0.048127  0.075080  0.996015  0.034513  -0.996450  0.076781  -0.001801  -0.000481  0.003239  0.029175  -0.003662  0.221210  2.000000  
202.468009 0.007642  0.090949  -0.014095  0.998230  0.038219  0.045559  -0.048332  0.075066  0.996007  0.034647  -0.996446  0.076780  -0.001784  -0.000648  0.003459  0.029402  -0.010558  0.221805  2.000000  
202.469028 0.007641  0.090947  -0.014091  0.998211  0.038501  0.045744  -0.048537  0.075045  0.995998  0.034914  -0.996437  0.076780  -0.001759  -0.000769  0.003578  0.025530  -0.017105  0.226647  2.000000  
202.470258 0.007640  0.090944  -0.014084  0.998192  0.038783  0.045928  -0.048742  0.075024  0.995990  0.035182  -0.996427  0.076779  -0.001694  -0.000921  0.003824  0.025779  -0.024012  0.227349  2.000000  
202.471506 0.007639  0.090942  -0.014078  0.998172  0.039070  0.046108  -0.048947  0.075124  0.995972  0.035449  -0.996408  0.076899  -0.001596  -0.001033  0.003970  0.021937  -0.030894  0.227898  2.000000  
202.472507 0.007639  0.090939  -0.014073  0.998148  0.039485  0.046282  -0.049152  0.075096  0.995964  0.035850  -0.996394  0.076898  -0.001499  -0.001186  0.004056  0.022180  -0.037103  0.237463  2.000000  
202.473508 0.007639  0.090937  -0.014069  0.998128  0.039767  0.046467  -0.049357  0.075075  0.995956  0.036118  -0.996385  0.076897  -0.001347  -0.001319  0.004090  0.018340  -0.043668  0.242490  2.000000  
202.474768 0.007639  0.090934  -0.014064  0.998103  0.040188  0.046636  -0.049561  0.075168  0.995938  0.036519  -0.996361  0.077017  -0.001227  -0.001499  0.004143  0.014499  -0.050163  0.247317  2.000000  
202.476005 0.007638  0.090931  -0.014059  0.998073  0.040485  0.047026  -0.049972  0.075138  0.995920  0.036786  -0.996351  0.077016  -0.001120  -0.001739  0.004157  0.014979  -0.063630  0.252997  2.000000  
202.477006 0.007638  0.090929  -0.014056  0.998053  0.040772  0.047205  -0.050177  0.075237  0.995902  0.037054  -0.996332  0.077136  -0.001009  -0.001873  0.004159  0.011149  -0.070158  0.258008  2.000000  
202.478255 0.007637  0.090925  -0.014051  0.998017  0.040952  0.047810  -0.050793  0.075205  0.995874  0.037187  -0.996327  0.077136  -0.000857  -0.002087  0.004151  0.007793  -0.091548  0.250632  2.000000  
202.479509 0.007637  0.090920  -0.014046  0.997986  0.041255  0.048194  -0.051203  0.075295  0.995846  0.037455  -0.996308  0.077256  -0.000731  -0.002378  0.004182  0.004215  -0.105315  0.251696  2.000000  
202.480754 0.007636  0.090916  -0.014040  0.997954  0.041564  0.048574  -0.051614  0.075506  0.995809  0.037722  -0.996279  0.077497  -0.000660  -0.002561  0.004274  -0.003424  -0.119452  0.248366  2.000000  
202.481757 0.007635  0.090912  -0.014035  0.997934  0.041852  0.048753  -0.051819  0.075605  0.995791  0.037990  -0.996259  0.077617  -0.000626  -0.002685  0.004359  -0.011310  -0.125964  0.253317  2.000000  
202.482770 0.007634  0.090908  -0.014031  0.997902  0.042155  0.049137  -0.052229  0.075694  0.995762  0.038257  -0.996240  0.077737  -0.000550  -0.002761  0.004353  -0.014861  -0.139671  0.254281  2.000000  
202.483775 0.007633  0.090904  -0.014026  0.997881  0.042443  0.049316  -0.052434  0.075792  0.995744  0.038524  -0.996220  0.077857  -0.000545  -0.002894  0.004375  -0.018900  -0.139277  0.258717  2.000000  
202.485011 0.007632  0.090900  -0.014022  0.997844  0.042879  0.049690  -0.052844  0.075874  0.995716  0.038926  -0.996195  0.077977  -0.000554  -0.003008  0.004237  -0.026587  -0.153162  0.265061  2.000000  
202.486258 0.007631  0.090895  -0.014017  0.997806  0.043322  0.050058  -0.053254  0.076077  0.995679  0.039327  -0.996160  0.078217  -0.000557  -0.003171  0.004159  -0.034115  -0.166556  0.265533  2.000000  
202.487506 0.007630  0.090891  -0.014014  0.997774  0.043626  0.050442  -0.053664  0.076166  0.995650  0.039594  -0.996140  0.078337  -0.000600  -0.003256  0.003974  -0.037650  -0.180346  0.266650  2.000000  
202.488755 0.007629  0.090887  -0.014010  0.997736  0.044069  0.050809  -0.054074  0.076367  0.995612  0.039995  -0.996105  0.078578  -0.000651  -0.003315  0.003900  -0.048914  -0.192203  0.270025  2.000000  
202.489759 0.007629  0.090883  -0.014007  0.997703  0.044372  0.051193  -0.054485  0.076456  0.995583  0.040263  -0.996085  0.078698  -0.000672  -0.003425  0.003803  -0.052800  -0.207837  0.268766  2.000000  
202.491008 0.007628  0.090879  -0.014004  0.997664  0.044809  0.051566  -0.054894  0.076536  0.995555  0.040664  -0.996059  0.078817  -0.000699  -0.003548  0.003672  -0.056292  -0.221261  0.274349  2.000000  
202.492256 0.007626  0.090874  -0.014001  0.997625  0.045246  0.051939  -0.055304  0.076616  0.995526  0.041065  -0.996033  0.078937  -0.000770  -0.003636  0.003536  -0.063838  -0.235067  0.275455  2.000000  
202.493259 0.007624  0.090869  -0.013999  0.997585  0.045684  0.052311  -0.055714  0.076696  0.995497  0.041466  -0.996007  0.079056  -0.000897  -0.003743  0.003453  -0.067298  -0.248443  0.280986  2.000000  
202.494503 0.007622  0.090863  -0.013996  0.997540  0.046260  0.052668  -0.056124  0.076889  0.995459  0.042000  -0.995966  0.079296  -0.000978  -0.003842  0.003298  -0.074228  -0.259433  0.288775  2.000000  
202.495758 0.007619  0.090856  -0.013994  0.997494  0.046830  0.053030  -0.056533  0.076960  0.995430  0.042535  -0.995934  0.079415  -0.001080  -0.003978  0.003061  -0.077890  -0.265531  0.298197  2.000000  
202.497004 0.007617  0.090850  -0.013993  0.997448  0.047401  0.053391  -0.056942  0.077031  0.995401  0.043070  -0.995901  0.079534  -0.001189  -0.004105  0.002760  -0.082247  -0.273966  0.310268  2.000000  
202.498005 0.007615  0.090844  -0.013991  0.997407  0.047844  0.053758  -0.057352  0.077230  0.995362  0.043471  -0.995865  0.079774  -0.001225  -0.004202  0.002509  -0.089297  -0.277764  0.317127  2.000000  
202.499005 0.007614  0.090840  -0.013990  0.997366  0.048282  0.054130  -0.057762  0.077308  0.995333  0.043872  -0.995837  0.079894  -0.001255  -0.004250  0.002307  -0.093031  -0.284416  0.322341  2.000000  
202.500008 0.007612  0.090835  -0.013990  0.997330  0.048836  0.054286  -0.057966  0.077388  0.995315  0.044407  -0.995804  0.080012  -0.001322  -0.004312  0.002123  -0.097691  -0.285849  0.333776  2.000000  
202.501017 0.007611  0.090831  -0.013989  0.997289  0.049274  0.054658  -0.058375  0.077465  0.995285  0.044808  -0.995777  0.080132  -0.001353  -0.004322  0.001909  -0.097275  -0.292241  0.338719  2.000000  
202.502260 0.007610  0.090826  -0.013987  0.997222  0.049994  0.055213  -0.058990  0.077516  0.995244  0.045476  -0.995737  0.080250  -0.001352  -0.004383  0.001823  -0.100644  -0.305369  0.348879  2.000000  
202.503507 0.007609  0.090821  -0.013984  0.997167  0.050704  0.055557  -0.059398  0.077698  0.995206  0.046144  -0.995687  0.080489  -0.001392  -0.004444  0.001707  -0.107466  -0.308590  0.359924  2.000000  
202.504508 0.007607  0.090818  -0.013982  0.997118  0.051275  0.055917  -0.059807  0.077766  0.995176  0.046679  -0.995652  0.080608  -0.001443  -0.004420  0.001667  -0.107958  -0.317775  0.368134  2.000000  
202.505508 0.007606  0.090814  -0.013980  0.997068  0.051845  0.056278  -0.060216  0.077833  0.995146  0.047213  -0.995617  0.080727  -0.001455  -0.004416  0.001705  -0.111854  -0.316913  0.376976  2.000000  
202.506768 0.007605  0.090810  -0.013976  0.996993  0.052698  0.056821  -0.060830  0.077873  0.995106  0.048015  -0.995570  0.080844  -0.001498  -0.004437  0.001721  -0.111040  -0.329102  0.395897  2.000000  
202.508006 0.007602  0.090804  -0.013974  0.996929  0.053535  0.057160  -0.061238  0.077923  0.995077  0.048817  -0.995521  0.080962  -0.001527  -0.004445  0.001663  -0.115289  -0.320526  0.417937  2.000000  
202.509007 0.007600  0.090799  -0.013973  0.996877  0.054106  0.057520  -0.061647  0.077989  0.995046  0.049352  -0.995485  0.081081  -0.001516  -0.004449  0.001627  -0.114835  -0.326613  0.427444  2.000000  
202.510260 0.007597  0.090793  -0.013971  0.996799  0.054958  0.058063  -0.062260  0.078026  0.995005  0.050153  -0.995435  0.081198  -0.001535  -0.004394  0.001597  -0.113425  -0.328941  0.446751  2.000000  
202.511508 0.007595  0.090787  -0.013969  0.996727  0.055678  0.058616  -0.062874  0.078071  0.994963  0.050822  -0.995392  0.081316  -0.001493  -0.004313  0.001667  -0.109793  -0.337779  0.460065  2.000000  
202.512759 0.007593  0.090782  -0.013966  0.996647  0.056538  0.059152  -0.063487  0.078227  0.994912  0.051623  -0.995331  0.081554  -0.001524  -0.004257  0.001686  -0.112460  -0.340420  0.474810  2.000000  
202.513768 0.007591  0.090778  -0.013964  0.996586  0.057235  0.059507  -0.063895  0.078161  0.994891  0.052291  -0.995296  0.081551  -0.001534  -0.004169  0.001762  -0.107910  -0.346100  0.488646  2.000000  
202.515006 0.007590  0.090774  -0.013961  0.996491  0.058104  0.060254  -0.064713  0.078183  0.994837  0.053093  -0.995244  0.081669  -0.001474  -0.004067  0.001896  -0.107043  -0.358616  0.503102  2.000000  
202.516009 0.007588  0.090771  -0.013959  0.996421  0.058941  0.060591  -0.065120  0.078228  0.994806  0.053895  -0.995192  0.081786  -0.001519  -0.004033  0.001999  -0.103604  -0.360377  0.520747  2.000000  
202.517261 0.007587  0.090767  -0.013955  0.996330  0.059926  0.061122  -0.065732  0.078251  0.994764  0.054830  -0.995131  0.081902  -0.001553  -0.003931  0.002148  -0.103018  -0.365329  0.543669  2.000000  
202.518506 0.007585  0.090764  -0.013950  0.996216  0.061061  0.061846  -0.066549  0.078251  0.994710  0.055899  -0.995062  0.082018  -0.001553  -0.003802  0.002273  -0.097990  -0.377234  0.567328  2.000000  
202.519507 0.007584  0.090761  -0.013948  0.996130  0.061907  0.062394  -0.067161  0.078159  0.994676  0.056700  -0.995017  0.082015  -0.001564  -0.003798  0.002310  -0.096622  -0.379497  0.580961  2.000000  
202.520755 0.007582  0.090757  -0.013944  0.996013  0.063041  0.063118  -0.067977  0.078156  0.994621  0.057769  -0.994946  0.082130  -0.001610  -0.003811  0.002330  -0.091596  -0.391268  0.604398  2.000000  
202.521760 0.007580  0.090753  -0.013941  0.995924  0.063894  0.063659  -0.068589  0.078183  0.994577  0.058570  -0.994889  0.082247  -0.001639  -0.003769  0.002347  -0.091738  -0.400198  0.623417  2.000000  
202.523008 0.007577  0.090748  -0.013937  0.995804  0.065028  0.064382  -0.069405  0.078177  0.994521  0.059639  -0.994816  0.082362  -0.001677  -0.003746  0.002463  -0.090719  -0.412117  0.647074  2.000000  
202.524009 0.007575  0.090744  -0.013934  0.995713  0.065873  0.064931  -0.070016  0.078081  0.994485  0.060440  -0.994768  0.082359  -0.001702  -0.003679  0.002625  -0.084976  -0.420867  0.660619  2.000000  
202.525254 0.007572  0.090738  -0.013929  0.995575  0.067024  0.065858  -0.071036  0.078058  0.994415  0.061509  -0.994693  0.082474  -0.001727  -0.003650  0.002825  -0.083523  -0.439793  0.680079  2.000000  
202.526507 0.007568  0.090733  -0.013923  0.995450  0.068150  0.066589  -0.071851  0.077926  0.994367  0.062577  -0.994627  0.082468  -0.001806  -0.003604  0.003039  -0.075273  -0.449176  0.699854  2.000000  
202.527758 0.007565  0.090729  -0.013917  0.995300  0.069433  0.067505  -0.072871  0.077889  0.994295  0.063779  -0.994541  0.082583  -0.001854  -0.003532  0.003273  -0.069635  -0.467806  0.723947  2.000000  
202.529010 0.007562  0.090725  -0.013912  0.995171  0.070558  0.068236  -0.073685  0.077753  0.994246  0.064847  -0.994473  0.082577  -0.001976  -0.003543  0.003520  -0.064395  -0.480130  0.743150  2.000000  
202.530255 0.007558  0.090720  -0.013906  0.995016  0.071841  0.069151  -0.074703  0.077712  0.994173  0.066048  -0.994384  0.082691  -0.002097  -0.003534  0.003639  -0.058709  -0.498874  0.767456  2.000000  
202.531359 0.007555  0.090717  -0.013902  0.994908  0.072818  0.069688  -0.075313  0.077597  0.994136  0.066983  -0.994322  0.082686  -0.002191  -0.003527  0.003676  -0.053635  -0.502749  0.778644  2.000000  
202.532508 0.007551  0.090713  -0.013898  0.994739  0.074224  0.070601  -0.076330  0.077420  0.994072  0.068318  -0.994232  0.082678  -0.002348  -0.003599  0.003747  -0.048392  -0.516418  0.805018  2.000000  
202.533774 0.007547  0.090708  -0.013893  0.994577  0.075497  0.071525  -0.077348  0.077251  0.994007  0.069519  -0.994149  0.082672  -0.002561  -0.003689  0.003781  -0.042541  -0.535196  0.824162  2.000000  
202.535007 0.007543  0.090703  -0.013888  0.994429  0.076763  0.072235  -0.078160  0.077215  0.993946  0.070720  -0.994055  0.082785  -0.002717  -0.003755  0.003912  -0.041589  -0.540718  0.843089  2.000000  
202.536013 0.007538  0.090699  -0.013883  0.994289  0.077887  0.072965  -0.078973  0.077068  0.993893  0.071788  -0.993979  0.082779  -0.002890  -0.003766  0.004020  -0.036150  -0.553201  0.857543  2.000000  
202.537257 0.007532  0.090693  -0.013877  0.994110  0.079292  0.073878  -0.079989  0.076881  0.993826  0.073123  -0.993882  0.082771  -0.003131  -0.003855  0.004136  -0.030191  -0.571978  0.881768  2.000000  
202.538258 0.007527  0.090688  -0.013872  0.993965  0.080415  0.074608  -0.080801  0.076730  0.993772  0.074190  -0.993804  0.082764  -0.003298  -0.003915  0.004302  -0.024544  -0.579409  0.893495  2.000000  
202.539507 0.007521  0.090681  -0.013866  0.993772  0.081952  0.075509  -0.081815  0.076527  0.993705  0.075658  -0.993694  0.082755  -0.003526  -0.004006  0.004380  -0.014979  -0.595936  0.924449  2.000000  
202.540510 0.007515  0.090675  -0.013861  0.993612  0.083207  0.076228  -0.082626  0.076360  0.993651  0.076858  -0.993602  0.082747  -0.003701  -0.004100  0.004449  -0.009393  -0.608075  0.943463  2.000000  
202.541756 0.007508  0.090668  -0.013855  0.993413  0.084743  0.077130  -0.083639  0.076152  0.993582  0.078326  -0.993489  0.082738  -0.003996  -0.004273  0.004467  -0.003691  -0.619711  0.971825  2.000000  
202.543014 0.007500  0.090661  -0.013849  0.993193  0.086294  0.078236  -0.084856  0.075922  0.993496  0.079793  -0.993373  0.082728  -0.004272  -0.004473  0.004444  0.002546  -0.638140  0.995573  2.000000  
202.544032 0.007495  0.090655  -0.013845  0.993016  0.087681  0.078943  -0.085665  0.075737  0.993441  0.081127  -0.993265  0.082719  -0.004480  -0.004621  0.004391  0.007823  -0.644575  1.020977  2.000000  
202.545253 0.007486  0.090648  -0.013840  0.992807  0.089215  0.079845  -0.086676  0.075520  0.993370  0.082593  -0.993145  0.082709  -0.004770  -0.004793  0.004416  0.013700  -0.655476  1.038084  2.000000  
202.546507 0.007478  0.090641  -0.013835  0.992584  0.090881  0.080735  -0.087686  0.075288  0.993299  0.084193  -0.993012  0.082698  -0.005121  -0.005044  0.004426  0.019674  -0.667186  1.061558  2.000000  
202.547509 0.007471  0.090635  -0.013830  0.992391  0.092139  0.081669  -0.088699  0.074967  0.993233  0.085393  -0.992920  0.082569  -0.005367  -0.005168  0.004517  0.025538  -0.680394  1.071898  2.000000  
202.548777 0.007462  0.090628  -0.013824  0.992162  0.093804  0.082560  -0.089708  0.074729  0.993161  0.086993  -0.992782  0.082558  -0.005719  -0.005383  0.004555  0.031559  -0.691662  1.094688  2.000000  
202.550030 0.007452  0.090619  -0.013818  0.991940  0.095336  0.083461  -0.090717  0.074499  0.993086  0.088459  -0.992654  0.082547  -0.006065  -0.005628  0.004606  0.037116  -0.697045  1.108349  2.000000  
202.551261 0.007441  0.090610  -0.013812  0.991692  0.097132  0.084340  -0.091724  0.074242  0.993013  0.090191  -0.992499  0.082534  -0.006432  -0.005857  0.004656  0.042837  -0.702383  1.132101  2.000000  
202.552509 0.007430  0.090601  -0.013806  0.991432  0.098810  0.085435  -0.092935  0.073973  0.992920  0.091790  -0.992353  0.082522  -0.006799  -0.006051  0.004689  0.044894  -0.714247  1.155710  2.000000  
202.553771 0.007417  0.090591  -0.013800  0.991188  0.100472  0.086325  -0.093942  0.073721  0.992844  0.093389  -0.992205  0.082510  -0.007222  -0.006273  0.004631  0.050567  -0.719252  1.173863  2.000000  
202.555007 0.007404  0.090582  -0.013794  0.990921  0.102149  0.087419  -0.095152  0.073445  0.992750  0.094987  -0.992054  0.082497  -0.007570  -0.006410  0.004664  0.056289  -0.724701  1.192750  2.000000  
202.556007 0.007394  0.090573  -0.013789  0.990702  0.103651  0.088129  -0.095954  0.073099  0.992698  0.096452  -0.991924  0.082365  -0.007913  -0.006598  0.004589  0.061899  -0.731276  1.217581  2.000000  
202.557256 0.007381  0.090564  -0.013784  0.990414  0.105459  0.089212  -0.097161  0.072803  0.992602  0.098184  -0.991755  0.082351  -0.008274  -0.006751  0.004599  0.067705  -0.734957  1.234249  2.000000  
202.558256 0.007369  0.090557  -0.013779  0.990189  0.106971  0.089909  -0.097962  0.072572  0.992540  0.099648  -0.991610  0.082339  -0.008687  -0.006885  0.004619  0.068706  -0.733346  1.252097  2.000000  
202.559258 0.007358  0.090549  -0.013773  0.989927  0.108630  0.090799  -0.098966  0.072304  0.992461  0.101246  -0.991449  0.082326  -0.009012  -0.006997  0.004722  0.070928  -0.745228  1.275781  2.000000  
202.560504 0.007344  0.090540  -0.013766  0.989613  0.110555  0.091885  -0.100169  0.071862  0.992372  0.103109  -0.991269  0.082190  -0.009469  -0.007159  0.004831  0.080787  -0.750157  1.297711  2.000000  
202.561508 0.007332  0.090533  -0.013760  0.989365  0.112198  0.092571  -0.100967  0.071609  0.992309  0.104706  -0.991102  0.082176  -0.009800  -0.007262  0.004968  0.082774  -0.756128  1.323607  2.000000  
202.562767 0.007317  0.090523  -0.013753  0.989021  0.114147  0.093848  -0.102372  0.071256  0.992191  0.106569  -0.990905  0.082160  -0.010203  -0.007393  0.005055  0.085217  -0.766848  1.340191  2.000000  
202.563768 0.007304  0.090516  -0.013747  0.988744  0.115803  0.094738  -0.103372  0.070974  0.992107  0.108165  -0.990733  0.082145  -0.010540  -0.007483  0.005148  0.086769  -0.771904  1.362113  2.000000  
202.565007 0.007287  0.090505  -0.013740  0.988376  0.117882  0.096003  -0.104774  0.070597  0.991987  0.110160  -0.990515  0.082127  -0.011006  -0.007621  0.005249  0.094075  -0.789784  1.390279  2.000000  
202.566008 0.007273  0.090497  -0.013734  0.988091  0.119536  0.096893  -0.105772  0.070306  0.991902  0.111756  -0.990337  0.082113  -0.011338  -0.007702  0.005230  0.095927  -0.795136  1.408838  2.000000  
202.567008 0.007259  0.090488  -0.013728  0.987795  0.121072  0.097998  -0.106975  0.070002  0.991794  0.113218  -0.990172  0.082099  -0.011706  -0.007771  0.005322  0.098645  -0.808016  1.425405  2.000000  
202.568258 0.007241  0.090478  -0.013721  0.987449  0.123001  0.099070  -0.108172  0.069650  0.991689  0.115079  -0.989959  0.082081  -0.012091  -0.007869  0.005392  0.100776  -0.813194  1.443783  2.000000  
202.569259 0.007226  0.090469  -0.013715  0.987152  0.124653  0.099960  -0.109168  0.069349  0.991601  0.116674  -0.989774  0.082066  -0.012497  -0.007883  0.005502  0.102752  -0.818851  1.457844  2.000000  
202.570507 0.007207  0.090459  -0.013707  0.986759  0.126714  0.101241  -0.110564  0.068828  0.991483  0.118667  -0.989549  0.081926  -0.012814  -0.007921  0.005646  0.109461  -0.830322  1.474246  2.000000  
202.571507 0.007191  0.090451  -0.013700  0.986438  0.128495  0.102120  -0.111556  0.068504  0.991394  0.120394  -0.989341  0.081909  -0.013219  -0.007908  0.005821  0.111903  -0.836286  1.495377  2.000000  
202.572755 0.007171  0.090441  -0.013691  0.986002  0.130829  0.103363  -0.112946  0.068062  0.991267  0.122651  -0.989066  0.081886  -0.013600  -0.007917  0.005996  0.114436  -0.841029  1.523347  2.000000  
202.573771 0.007155  0.090434  -0.013683  0.985648  0.132622  0.104446  -0.114139  0.067703  0.991155  0.124377  -0.988852  0.081869  -0.013985  -0.007947  0.006190  0.117358  -0.853602  1.538128  2.000000  
202.575008 0.007135  0.090424  -0.013674  0.985216  0.134821  0.105700  -0.115528  0.067265  0.991024  0.126501  -0.988584  0.081847  -0.014357  -0.007967  0.006328  0.120498  -0.864751  1.560707  2.000000  
202.576065 0.007118  0.090416  -0.013667  0.984853  0.136599  0.106800  -0.116719  0.066776  0.990918  0.128227  -0.988373  0.081708  -0.014634  -0.007953  0.006411  0.127252  -0.875218  1.576633  2.000000  
202.577257 0.007097  0.090407  -0.013657  0.984374  0.139058  0.108032  -0.118101  0.066296  0.990786  0.130615  -0.988063  0.081683  -0.015121  -0.008008  0.006593  0.129826  -0.880348  1.603710  2.000000  
202.578504 0.007075  0.090397  -0.013648  0.983881  0.141398  0.109479  -0.119686  0.065795  0.990629  0.132869  -0.987764  0.081658  -0.015525  -0.008018  0.006740  0.129921  -0.898329  1.631817  2.000000  
202.579507 0.007058  0.090389  -0.013640  0.983501  0.143184  0.110562  -0.120873  0.065411  0.990511  0.134593  -0.987532  0.081639  -0.015789  -0.008035  0.006902  0.133521  -0.912170  1.650562  2.000000  
202.580758 0.007035  0.090379  -0.013629  0.983038  0.145376  0.111816  -0.122254  0.064944  0.990372  0.136714  -0.987243  0.081615  -0.016106  -0.007989  0.007069  0.136539  -0.922530  1.665115  2.000000  
202.582006 0.007013  0.090368  -0.013619  0.982549  0.147697  0.113059  -0.123632  0.064454  0.990233  0.138967  -0.986930  0.081589  -0.016449  -0.008010  0.007282  0.139387  -0.927302  1.687976  2.000000  
202.583007 0.006994  0.090360  -0.013610  0.982136  0.149610  0.114130  -0.124812  0.064038  0.990112  0.140822  -0.986669  0.081567  -0.016663  -0.007983  0.007489  0.142696  -0.939216  1.706855  2.000000  
202.584014 0.006976  0.090352  -0.013601  0.981699  0.151653  0.115191  -0.125989  0.063601  0.989991  0.142808  -0.986385  0.081544  -0.016927  -0.007975  0.007699  0.145812  -0.945469  1.734085  2.000000  
202.585257 0.006952  0.090341  -0.013591  0.981153  0.154230  0.116412  -0.127356  0.063060  0.989850  0.145324  -0.986020  0.081514  -0.017267  -0.008002  0.007880  0.145761  -0.956971  1.762404  2.000000  
202.586507 0.006929  0.090331  -0.013580  0.980592  0.156674  0.117866  -0.128926  0.062376  0.989690  0.147706  -0.985679  0.081365  -0.017464  -0.008035  0.008011  0.154658  -0.975454  1.786372  2.000000  
202.587528 0.006910  0.090322  -0.013571  0.980136  0.158711  0.118927  -0.130098  0.061923  0.989566  0.149691  -0.985381  0.081341  -0.017667  -0.008080  0.008127  0.157374  -0.979998  1.803781  2.000000  
202.588760 0.006886  0.090312  -0.013560  0.979540  0.161295  0.120352  -0.131661  0.061328  0.989396  0.152204  -0.984999  0.081309  -0.017925  -0.008134  0.008206  0.161886  -0.996454  1.827815  2.000000  
202.590013 0.006862  0.090301  -0.013550  0.978936  0.163862  0.121796  -0.133222  0.060604  0.989232  0.154716  -0.984620  0.081158  -0.018193  -0.008261  0.008295  0.170227  -1.008021  1.851157  2.000000  
202.591260 0.006837  0.090289  -0.013539  0.978343  0.166310  0.123232  -0.134782  0.060011  0.989056  0.157095  -0.984246  0.081127  -0.018466  -0.008373  0.008388  0.171263  -1.022876  1.866816  2.000000  
202.592505 0.006813  0.090278  -0.013528  0.977721  0.168887  0.124656  -0.136338  0.059391  0.988881  0.159605  -0.983844  0.081094  -0.018655  -0.008484  0.008478  0.174852  -1.027975  1.890596  2.000000  
202.593768 0.006788  0.090267  -0.013517  0.977062  0.171472  0.126284  -0.138092  0.058728  0.988677  0.162114  -0.983437  0.081060  -0.018883  -0.008518  0.008557  0.179467  -1.043237  1.907445  2.000000  
202.595006 0.006762  0.090256  -0.013506  0.976400  0.174158  0.127719  -0.139639  0.057953  0.988505  0.164754  -0.983011  0.080905  -0.019116  -0.008632  0.008619  0.187257  -1.047925  1.930155  2.000000  
202.596008 0.006742  0.090246  -0.013497  0.975853  0.176442  0.128758  -0.140791  0.057419  0.988373  0.166997  -0.982635  0.080874  -0.019254  -0.008693  0.008705  0.190546  -1.052524  1.952875  2.000000  
202.597323 0.006716  0.090234  -0.013486  0.975174  0.179138  0.130171  -0.142333  0.056749  0.988191  0.169635  -0.982186  0.080837  -0.019406  -0.008781  0.008678  0.194767  -1.057664  1.978639  2.000000  
202.598503 0.006690  0.090223  -0.013475  0.974463  0.181960  0.131574  -0.143869  0.056050  0.988008  0.172404  -0.981707  0.080798  -0.019637  -0.008849  0.008763  0.198122  -1.060587  2.011861  2.000000  
202.599503 0.006669  0.090213  -0.013467  0.973888  0.184119  0.132826  -0.145218  0.055478  0.987843  0.174512  -0.981337  0.080767  -0.019830  -0.008947  0.008729  0.198366  -1.072413  2.030599  2.000000  
202.600507 0.006648  0.090204  -0.013459  0.973336  0.186248  0.133898  -0.146365  0.054819  0.987711  0.176619  -0.980972  0.080617  -0.019946  -0.008988  0.008643  0.206762  -1.081159  2.052732  2.000000  
202.601508 0.006628  0.090195  -0.013450  0.972748  0.188403  0.135151  -0.147711  0.054235  0.987542  0.178726  -0.980593  0.080586  -0.020120  -0.009065  0.008632  0.210120  -1.086011  2.065761  2.000000  
202.602510 0.006607  0.090186  -0.013442  0.972130  0.190685  0.136393  -0.149050  0.053626  0.987374  0.180964  -0.980185  0.080553  -0.020230  -0.009097  0.008606  0.214797  -1.098034  2.080083  2.000000  
202.603770 0.006580  0.090174  -0.013432  0.971401  0.193365  0.137806  -0.150576  0.052910  0.987181  0.183595  -0.979699  0.080513  -0.020370  -0.009142  0.008556  0.217936  -1.099633  2.095350  2.000000  
202.605007 0.006554  0.090162  -0.013421  0.970613  0.196283  0.139221  -0.152092  0.052025  0.986996  0.186488  -0.979166  0.080349  -0.020529  -0.009228  0.008566  0.226280  -1.103840  2.122506  2.000000  
202.606257 0.006528  0.090151  -0.013411  0.969815  0.199214  0.140613  -0.153604  0.051251  0.986803  0.189379  -0.978615  0.080304  -0.020649  -0.009247  0.008521  0.226571  -1.104916  2.148229  2.000000  
202.607258 0.006506  0.090141  -0.013404  0.969165  0.201486  0.141855  -0.154933  0.050613  0.986628  0.191612  -0.978183  0.080269  -0.020738  -0.009321  0.008459  0.230368  -1.110335  2.162479  2.000000  
202.608508 0.006480  0.090129  -0.013394  0.968322  0.204539  0.143236  -0.156434  0.049801  0.986432  0.194631  -0.977591  0.080220  -0.020869  -0.009406  0.008349  0.235013  -1.114714  2.190565  2.000000  
202.609753 0.006454  0.090117  -0.013384  0.967493  0.207443  0.144652  -0.157935  0.048881  0.986239  0.197517  -0.977025  0.080054  -0.020940  -0.009435  0.008252  0.242349  -1.115133  2.213055  2.000000  
202.610768 0.006433  0.090107  -0.013377  0.966819  0.209705  0.145894  -0.159256  0.048221  0.986059  0.199747  -0.976575  0.080017  -0.020958  -0.009425  0.008113  0.247147  -1.123118  2.235039  2.000000  
202.612010 0.006407  0.090095  -0.013368  0.965971  0.212619  0.147285  -0.160751  0.047403  0.985856  0.202630  -0.975985  0.079969  -0.021036  -0.009453  0.008030  0.250674  -1.121233  2.253282  2.000000  
202.613258 0.006381  0.090083  -0.013359  0.965079  0.215539  0.148879  -0.162441  0.046533  0.985620  0.205512  -0.975386  0.079920  -0.020956  -0.009494  0.007848  0.255367  -1.125972  2.271767  2.000000  
202.614282 0.006361  0.090074  -0.013351  0.964292  0.218041  0.150329  -0.163942  0.045643  0.985414  0.207999  -0.974872  0.079759  -0.020844  -0.009404  0.007790  0.265801  -1.143342  2.294149  2.000000  
202.615503 0.006336  0.090062  -0.013342  0.963351  0.221081  0.151913  -0.165619  0.044730  0.985175  0.211008  -0.974229  0.079706  -0.020855  -0.009479  0.007749  0.270840  -1.151478  2.314170  2.000000  
202.616758 0.006311  0.090051  -0.013333  0.962336  0.224253  0.153688  -0.167485  0.043739  0.984904  0.214146  -0.973549  0.079651  -0.020779  -0.009459  0.007657  0.274452  -1.169596  2.338547  2.000000  
202.617763 0.006291  0.090041  -0.013326  0.961554  0.226753  0.154908  -0.168777  0.042988  0.984716  0.216628  -0.973003  0.079606  -0.020653  -0.009460  0.007600  0.278812  -1.171355  2.356299  2.000000  
202.618769 0.006272  0.090032  -0.013319  0.960765  0.229250  0.156128  -0.170066  0.042230  0.984527  0.219109  -0.972451  0.079561  -0.020562  -0.009443  0.007540  0.283118  -1.175770  2.374099  2.000000  
202.620010 0.006248  0.090021  -0.013310  0.959809  0.232144  0.157721  -0.171731  0.041301  0.984278  0.221980  -0.971804  0.079508  -0.020420  -0.009450  0.007447  0.282820  -1.177029  2.387738  2.000000  
202.621258 0.006224  0.090009  -0.013301  0.958806  0.235023  0.159546  -0.173590  0.040195  0.983997  0.224850  -0.971158  0.079336  -0.020209  -0.009436  0.007369  0.293139  -1.188414  2.406420  2.000000  
202.622507 0.006201  0.089998  -0.013292  0.957738  0.238292  0.161108  -0.175230  0.039175  0.983748  0.228108  -0.970403  0.079275  -0.020036  -0.009391  0.007323  0.299058  -1.191335  2.437664  2.000000  
202.623507 0.006182  0.089988  -0.013285  0.956911  0.240773  0.162327  -0.176504  0.038384  0.983551  0.230582  -0.969822  0.079227  -0.019844  -0.009347  0.007272  0.301968  -1.188281  2.453579  2.000000  
202.624508 0.006164  0.089979  -0.013278  0.956039  0.243259  0.163749  -0.177972  0.037536  0.983319  0.233055  -0.969235  0.079179  -0.019608  -0.009301  0.007175  0.307660  -1.201729  2.465656  2.000000  
202.625753 0.006142  0.089968  -0.013270  0.954937  0.246513  0.165310  -0.179598  0.036486  0.983063  0.236307  -0.968452  0.079115  -0.019380  -0.009273  0.007164  0.309291  -1.206183  2.483696  2.000000  
202.626766 0.006125  0.089960  -0.013263  0.954046  0.249011  0.166701  -0.181058  0.035741  0.982823  0.238776  -0.967841  0.079184  -0.019096  -0.009187  0.007115  0.311403  -1.215350  2.499231  2.000000  
202.628007 0.006104  0.089949  -0.013255  0.952983  0.252001  0.168283  -0.182686  0.034719  0.982558  0.241763  -0.967104  0.079123  -0.018784  -0.009083  0.007056  0.315444  -1.215824  2.511628  2.000000  
202.629253 0.006084  0.089939  -0.013246  0.951838  0.255120  0.170056  -0.184499  0.033609  0.982258  0.244878  -0.966325  0.079060  -0.018535  -0.009057  0.007040  0.322592  -1.227230  2.526021  2.000000  
202.630255 0.006068  0.089931  -0.013240  0.950919  0.257585  0.171476  -0.185946  0.032718  0.982015  0.247342  -0.965702  0.079009  -0.018148  -0.008891  0.006941  0.324778  -1.238836  2.540083  2.000000  
202.631259 0.006052  0.089923  -0.013233  0.949997  0.260166  0.172684  -0.187188  0.031847  0.981808  0.249934  -0.965039  0.078954  -0.017864  -0.008820  0.006900  0.328281  -1.236739  2.558029  2.000000  
202.632503 0.006034  0.089913  -0.013226  0.948823  0.263389  0.174244  -0.188783  0.030735  0.981538  0.253171  -0.964200  0.078886  -0.017516  -0.008732  0.006803  0.332766  -1.234491  2.576107  2.000000  
202.633505 0.006018  0.089905  -0.013220  0.947843  0.265968  0.175653  -0.190212  0.029794  0.981291  0.255759  -0.963521  0.078830  -0.017233  -0.008640  0.006716  0.339531  -1.244297  2.598310  2.000000  
202.634511 0.006004  0.089897  -0.013214  0.946854  0.268565  0.177030  -0.191636  0.028963  0.981039  0.258345  -0.962826  0.078891  -0.016837  -0.008514  0.006596  0.337952  -1.255459  2.606788  2.000000  
202.635757 0.005986  0.089887  -0.013207  0.945640  0.271652  0.178801  -0.193418  0.027791  0.980723  0.261446  -0.961994  0.078823  -0.016464  -0.008405  0.006487  0.343891  -1.262033  2.613596  2.000000  
202.636759 0.005972  0.089880  -0.013201  0.944626  0.274097  0.180422  -0.195035  0.026793  0.980430  0.263899  -0.961329  0.078768  -0.016141  -0.008314  0.006431  0.352137  -1.280546  2.624194  2.000000  
202.637760 0.005959  0.089873  -0.013195  0.943604  0.276560  0.182008  -0.196647  0.025906  0.980132  0.266350  -0.960647  0.078830  -0.015773  -0.008179  0.006311  0.355094  -1.291108  2.632447  2.000000  
202.638763 0.005945  0.089865  -0.013190  0.942577  0.279117  0.183416  -0.198054  0.024922  0.979874  0.268928  -0.959934  0.078771  -0.015501  -0.008095  0.006227  0.356334  -1.295926  2.640960  2.000000  
202.640005 0.005929  0.089856  -0.013183  0.941247  0.282455  0.185131  -0.199798  0.023773  0.979549  0.272277  -0.958986  0.078810  -0.015070  -0.007906  0.006146  0.360241  -1.307821  2.662247  2.000000  
202.641014 0.005917  0.089850  -0.013178  0.940237  0.284877  0.186548  -0.201203  0.022798  0.979284  0.274723  -0.958293  0.078754  -0.014757  -0.007770  0.006035  0.367363  -1.318492  2.670283  2.000000  
202.642257 0.005902  0.089842  -0.013171  0.938881  0.288203  0.188261  -0.202935  0.021626  0.978953  0.278066  -0.957325  0.078791  -0.014314  -0.007595  0.005885  0.369953  -1.322614  2.689274  2.000000  
202.643260 0.005890  0.089836  -0.013166  0.937815  0.290740  0.189667  -0.204322  0.020606  0.978687  0.280635  -0.956580  0.078730  -0.013947  -0.007392  0.005775  0.375457  -1.327272  2.698040  2.000000  
202.644504 0.005876  0.089829  -0.013160  0.936539  0.293558  0.191621  -0.206266  0.019461  0.978302  0.283459  -0.955743  0.078777  -0.013507  -0.007190  0.005614  0.375559  -1.340526  2.695939  2.000000  
202.645758 0.005863  0.089822  -0.013155  0.935213  0.296494  0.193564  -0.208196  0.018276  0.977916  0.286409  -0.954860  0.078821  -0.013144  -0.007006  0.005433  0.377675  -1.345890  2.696740  2.000000  
202.647009 0.005850  0.089815  -0.013150  0.933881  0.299545  0.195293  -0.209918  0.017112  0.977569  0.289484  -0.953929  0.078861  -0.012712  -0.006778  0.005262  0.380716  -1.351112  2.691965  2.000000  
202.648010 0.005840  0.089810  -0.013145  0.932775  0.302086  0.196661  -0.211284  0.016174  0.977291  0.292045  -0.953144  0.078912  -0.012324  -0.006566  0.005145  0.380675  -1.349317  2.696050  2.000000  
202.649259 0.005829  0.089804  -0.013141  0.931337  0.305252  0.198579  -0.213177  0.014897  0.976900  0.295242  -0.952155  0.078947  -0.011938  -0.006370  0.004955  0.384967  -1.360486  2.711697  2.000000  
202.650529 0.005817  0.089798  -0.013136  0.929811  0.308780  0.200264  -0.214843  0.013585  0.976554  0.298819  -0.951037  0.078970  -0.011411  -0.006045  0.004802  0.383872  -1.362490  2.731459  2.000000  
202.651765 0.005807  0.089793  -0.013131  0.928349  0.312052  0.201969  -0.216519  0.012316  0.976201  0.302137  -0.949985  0.078999  -0.010961  -0.005769  0.004643  0.387045  -1.367263  2.747016  2.000000  
202.653008 0.005797  0.089788  -0.013127  0.926913  0.315192  0.203683  -0.218197  0.011064  0.975842  0.305324  -0.948963  0.079030  -0.010547  -0.005512  0.004494  0.390027  -1.372369  2.753098  2.000000  
202.654013 0.005790  0.089784  -0.013124  0.925748  0.317584  0.205257  -0.219734  0.010042  0.975508  0.307744  -0.948177  0.079080  -0.010116  -0.005255  0.004315  0.391880  -1.377300  2.752566  2.000000  
202.655256 0.005782  0.089780  -0.013119  0.924202  0.320862  0.207120  -0.221579  0.008790  0.975103  0.311052  -0.947085  0.079220  -0.009624  -0.004988  0.004147  0.391148  -1.381937  2.758112  2.000000  
202.656257 0.005776  0.089777  -0.013116  0.922977  0.323365  0.208681  -0.223095  0.007719  0.974766  0.313594  -0.946243  0.079266  -0.009171  -0.004750  0.003974  0.399270  -1.393663  2.759313  2.000000  
202.657258 0.005770  0.089774  -0.013113  0.921785  0.325766  0.210212  -0.224615  0.006787  0.974424  0.316007  -0.945426  0.079428  -0.008720  -0.004465  0.003847  0.397053  -1.398340  2.764882  2.000000  
202.658505 0.005764  0.089772  -0.013110  0.920242  0.328875  0.212121  -0.226448  0.005412  0.974008  0.319179  -0.944358  0.079454  -0.008254  -0.004183  0.003676  0.402283  -1.409915  2.770581  2.000000  
202.659507 0.005760  0.089770  -0.013107  0.919036  0.331387  0.213438  -0.227757  0.004499  0.973708  0.321714  -0.943484  0.079611  -0.007716  -0.003880  0.003535  0.398149  -1.407128  2.778652  2.000000  
202.660760 0.005755  0.089768  -0.013104  0.917553  0.334264  0.215324  -0.229597  0.003280  0.973280  0.324626  -0.942474  0.079756  -0.007123  -0.003551  0.003365  0.399200  -1.419139  2.770719  2.000000  
202.662007 0.005751  0.089766  -0.013101  0.916063  0.337255  0.216997  -0.231229  0.002088  0.972897  0.327662  -0.941411  0.079896  -0.006582  -0.003232  0.003270  0.396677  -1.417520  2.767247  2.000000  
202.663009 0.005749  0.089766  -0.013098  0.914780  0.339752  0.218510  -0.232709  0.001078  0.972546  0.330189  -0.940514  0.080050  -0.006100  -0.002952  0.003176  0.396784  -1.429237  2.767743  2.000000  
202.664261 0.005746  0.089765  -0.013095  0.913176  0.342879  0.220328  -0.234504  -0.000120  0.972115  0.333344  -0.939380  0.080297  -0.005426  -0.002527  0.003039  0.396448  -1.432968  2.768877  2.000000  
202.665506 0.005744  0.089765  -0.013091  0.911650  0.345877  0.221953  -0.236114  -0.001228  0.971725  0.336370  -0.938279  0.080547  -0.004888  -0.002203  0.002973  0.389344  -1.431383  2.768782  2.000000  
202.666507 0.005743  0.089765  -0.013090  0.910390  0.348479  0.223050  -0.237188  -0.002155  0.971461  0.339015  -0.937314  0.080693  -0.004396  -0.001898  0.002828  0.381476  -1.415833  2.776862  2.000000  
202.667512 0.005742  0.089766  -0.013087  0.909113  0.350833  0.224566  -0.238655  -0.003170  0.971099  0.341405  -0.936433  0.080846  -0.003826  -0.001526  0.002738  0.381526  -1.413815  2.776635  2.000000  
202.668759 0.005743  0.089768  -0.013085  0.907639  0.353449  0.226417  -0.240466  -0.004284  0.970648  0.344045  -0.935444  0.081104  -0.003274  -0.001167  0.002648  0.377086  -1.419556  2.760278  2.000000  
202.669761 0.005743  0.089769  -0.013083  0.906444  0.355822  0.227487  -0.241548  -0.005053  0.970376  0.346431  -0.934540  0.081368  -0.002799  -0.000862  0.002543  0.370542  -1.411694  2.749753  2.000000  
202.670763 0.005744  0.089771  -0.013081  0.905331  0.357950  0.228576  -0.242649  -0.005763  0.970097  0.348564  -0.933723  0.081639  -0.002242  -0.000473  0.002418  0.360188  -1.404434  2.741016  2.000000  
202.672010 0.005746  0.089773  -0.013079  0.903745  0.360914  0.230188  -0.244219  -0.006928  0.969695  0.351572  -0.932573  0.081881  -0.001655  -0.000088  0.002335  0.357444  -1.402550  2.731884  2.000000  
202.673010 0.005747  0.089775  -0.013077  0.902425  0.363300  0.231608  -0.245658  -0.007749  0.969326  0.353950  -0.931640  0.082254  -0.001242  0.000206  0.002321  0.347633  -1.407557  2.728487  2.000000  
202.674257 0.005750  0.089778  -0.013075  0.900863  0.366159  0.233181  -0.247226  -0.008785  0.968918  0.356827  -0.930511  0.082610  -0.000687  0.000565  0.002220  0.338072  -1.398009  2.732395  2.000000  
202.675508 0.005752  0.089781  -0.013073  0.899094  0.369248  0.235129  -0.249130  -0.010050  0.968418  0.359950  -0.929276  0.082955  -0.000215  0.000900  0.002105  0.333338  -1.401293  2.742420  2.000000  
202.676757 0.005754  0.089784  -0.013071  0.897457  0.372092  0.236895  -0.250867  -0.011186  0.967957  0.362819  -0.928128  0.083306  0.000166  0.001169  0.001991  0.328518  -1.405691  2.738927  2.000000  
202.678007 0.005758  0.089788  -0.013070  0.895906  0.374812  0.238470  -0.252423  -0.012223  0.967540  0.365560  -0.927020  0.083660  0.000599  0.001473  0.001858  0.322747  -1.403784  2.726489  2.000000  
202.679255 0.005761  0.089791  -0.013069  0.894341  0.377404  0.240251  -0.254169  -0.013315  0.967068  0.368174  -0.925953  0.084017  0.000998  0.001730  0.001752  0.315659  -1.402802  2.709108  2.000000  
202.680503 0.005764  0.089795  -0.013068  0.892564  0.380251  0.242359  -0.256248  -0.014524  0.966502  0.371034  -0.924769  0.084475  0.001325  0.001959  0.001597  0.312187  -1.422158  2.690876  2.000000  
202.681506 0.005767  0.089798  -0.013066  0.891328  0.382365  0.243581  -0.257483  -0.015265  0.966162  0.373145  -0.923885  0.084846  0.001604  0.002202  0.001589  0.303995  -1.420229  2.671191  2.000000  
202.682770 0.005771  0.089803  -0.013065  0.889684  0.385088  0.245295  -0.259192  -0.016306  0.965688  0.375874  -0.922736  0.085305  0.001932  0.002445  0.001437  0.293525  -1.425112  2.656362  2.000000  
