1-Time 2-Px 3-Py 4-Pz 5-R11 6-R21 7-R31 8-R12 9-R22 10-R32 11-R13 12-R23 13-R33 14-Vx 15-Vy 16-Vz 17-Wx 18-Wy 19-Wz 20-state 21-PR11 22-PR21 23-PR31 24-PR12 25-PR22 26-PR32 27-PR13 28-PR23 29-PR33 
142.783160 0.007262  0.092907  -0.005855  0.994685  0.061987  0.082217  -0.084777  0.039866  0.995602  0.058437  -0.997280  0.044909  0.000204  0.000186  0.000046  0.048919  0.012950  0.283001  2.000000  
142.784161 0.007263  0.092907  -0.005854  0.994669  0.062243  0.082213  -0.084776  0.039723  0.995608  0.058704  -0.997270  0.044787  0.000243  0.000189  0.000077  0.048919  0.012916  0.283004  2.000000  
142.785167 0.007264  0.092907  -0.005855  0.994644  0.062384  0.082412  -0.084980  0.039698  0.995592  0.058837  -0.997262  0.044787  0.000335  0.000111  0.000070  0.049285  0.005808  0.278753  2.000000  
142.786414 0.007266  0.092905  -0.005855  0.994609  0.062400  0.082822  -0.085390  0.039673  0.995557  0.058837  -0.997262  0.044787  0.000399  -0.000020  0.000052  0.045977  -0.008624  0.265951  2.000000  
142.787666 0.007267  0.092903  -0.005854  0.994574  0.062417  0.083231  -0.085799  0.039647  0.995523  0.058837  -0.997262  0.044787  0.000515  -0.000148  0.000068  0.046739  -0.022833  0.257581  2.000000  
142.788913 0.007270  0.092901  -0.005854  0.994548  0.062558  0.083430  -0.086003  0.039623  0.995507  0.058971  -0.997255  0.044787  0.000650  -0.000349  0.000114  0.043054  -0.029954  0.253414  2.000000  
142.790165 0.007273  0.092899  -0.005854  0.994505  0.062697  0.083842  -0.086412  0.039465  0.995478  0.059105  -0.997252  0.044665  0.000843  -0.000449  0.000146  0.047908  -0.044178  0.245053  2.000000  
142.791413 0.007275  0.092897  -0.005853  0.994471  0.062971  0.084035  -0.086615  0.039428  0.995461  0.059372  -0.997236  0.044665  0.000970  -0.000626  0.000181  0.044236  -0.051096  0.245383  2.000000  
142.792665 0.007278  0.092896  -0.005852  0.994410  0.063128  0.084644  -0.087229  0.039378  0.995410  0.059505  -0.997228  0.044664  0.001164  -0.000726  0.000213  0.045048  -0.071620  0.235417  2.000000  
142.793769 0.007280  0.092894  -0.005852  0.994384  0.063269  0.084843  -0.087433  0.039353  0.995393  0.059639  -0.997220  0.044664  0.001220  -0.000872  0.000240  0.041592  -0.079032  0.232302  2.000000  
142.794918 0.007281  0.092891  -0.005852  0.994329  0.063293  0.085458  -0.088047  0.039314  0.995340  0.059639  -0.997220  0.044664  0.001285  -0.001087  0.000224  0.042920  -0.100600  0.220544  2.000000  
142.796159 0.007283  0.092889  -0.005852  0.994301  0.063177  0.085873  -0.088457  0.039300  0.995304  0.059505  -0.997228  0.044664  0.001372  -0.001195  0.000235  0.039650  -0.115066  0.207775  2.000000  
142.797169 0.007284  0.092887  -0.005851  0.994254  0.063068  0.086494  -0.089072  0.039273  0.995251  0.059372  -0.997236  0.044665  0.001428  -0.001394  0.000246  0.040820  -0.136338  0.195177  2.000000  
142.798411 0.007285  0.092884  -0.005850  0.994217  0.063084  0.086904  -0.089481  0.039247  0.995215  0.059372  -0.997236  0.044665  0.001523  -0.001541  0.000342  0.037578  -0.150830  0.182411  2.000000  
142.799411 0.007286  0.092882  -0.005848  0.994188  0.062967  0.087319  -0.089891  0.039233  0.995179  0.059238  -0.997244  0.044665  0.001482  -0.001656  0.000436  0.038366  -0.165205  0.169516  2.000000  
142.800659 0.007286  0.092880  -0.005847  0.994151  0.062994  0.087722  -0.090301  0.039328  0.995138  0.059238  -0.997239  0.044786  0.001452  -0.001750  0.000515  0.034825  -0.177988  0.159897  2.000000  
142.801675 0.007287  0.092877  -0.005846  0.994122  0.062878  0.088137  -0.090711  0.039314  0.995101  0.059105  -0.997247  0.044786  0.001412  -0.001819  0.000618  0.031822  -0.193917  0.143732  2.000000  
142.802914 0.007287  0.092875  -0.005845  0.994066  0.062913  0.088744  -0.091325  0.039396  0.995042  0.059105  -0.997241  0.044907  0.001285  -0.001872  0.000615  0.028995  -0.215336  0.131291  2.000000  
142.804169 0.007288  0.092871  -0.005846  0.994017  0.062815  0.089357  -0.091939  0.039490  0.994981  0.058971  -0.997244  0.045029  0.001139  -0.001955  0.000555  0.022058  -0.236797  0.114233  2.000000  
142.805413 0.007288  0.092868  -0.005847  0.993968  0.062706  0.089978  -0.092554  0.039463  0.994925  0.058837  -0.997251  0.045029  0.000967  -0.002047  0.000429  0.023287  -0.258328  0.097213  2.000000  
142.806668 0.007288  0.092866  -0.005849  0.993930  0.062723  0.090387  -0.092963  0.039438  0.994888  0.058837  -0.997251  0.045029  0.000821  -0.002064  0.000267  0.020040  -0.272484  0.088820  2.000000  
142.807910 0.007289  0.092864  -0.005850  0.993899  0.062617  0.090795  -0.093373  0.039545  0.994846  0.058704  -0.997254  0.045150  0.000713  -0.002069  0.000145  0.016808  -0.287181  0.071522  2.000000  
142.808913 0.007289  0.092862  -0.005852  0.993861  0.062633  0.091205  -0.093782  0.039519  0.994808  0.058704  -0.997254  0.045150  0.000611  -0.002096  0.000007  0.013570  -0.301350  0.063135  2.000000  
142.809913 0.007290  0.092860  -0.005854  0.993822  0.062661  0.091607  -0.094192  0.039614  0.994766  0.058704  -0.997248  0.045271  0.000609  -0.002098  -0.000117  0.010339  -0.315581  0.054800  2.000000  
142.811161 0.007290  0.092857  -0.005856  0.993791  0.062544  0.092022  -0.094601  0.039601  0.994727  0.058570  -0.997256  0.045272  0.000487  -0.002154  -0.000316  0.007116  -0.330430  0.037463  2.000000  
142.812414 0.007290  0.092854  -0.005859  0.993752  0.062561  0.092432  -0.095011  0.039575  0.994689  0.058570  -0.997256  0.045272  0.000402  -0.002141  -0.000508  0.007986  -0.344594  0.024583  2.000000  
142.813675 0.007290  0.092851  -0.005861  0.993720  0.062455  0.092840  -0.095421  0.039683  0.994646  0.058437  -0.997259  0.045393  0.000307  -0.002182  -0.000828  0.004704  -0.356075  0.011657  2.000000  
142.814912 0.007290  0.092848  -0.005864  0.993673  0.062604  0.093244  -0.095829  0.039644  0.994608  0.058570  -0.997251  0.045393  0.000246  -0.002188  -0.001110  0.001135  -0.363201  0.007491  2.000000  
142.815915 0.007290  0.092846  -0.005867  0.993634  0.062632  0.093645  -0.096238  0.039739  0.994565  0.058570  -0.997245  0.045514  0.000238  -0.002192  -0.001393  -0.002506  -0.369981  0.007821  2.000000  
142.817159 0.007291  0.092844  -0.005870  0.993614  0.062640  0.093850  -0.096443  0.039726  0.994545  0.058570  -0.997245  0.045514  0.000265  -0.002159  -0.001620  -0.002909  -0.363170  0.007512  2.000000  
142.818164 0.007292  0.092843  -0.005873  0.993586  0.062793  0.094041  -0.096646  0.039821  0.994522  0.058704  -0.997232  0.045634  0.000337  -0.002066  -0.001889  -0.007368  -0.359244  0.007283  2.000000  
142.819411 0.007294  0.092842  -0.005877  0.993554  0.062688  0.094449  -0.097056  0.039929  0.994478  0.058570  -0.997234  0.045756  0.000431  -0.001932  -0.002067  -0.015140  -0.366372  0.003103  2.000000  
142.820664 0.007297  0.092841  -0.005880  0.993514  0.062716  0.094851  -0.097465  0.040023  0.994434  0.058570  -0.997229  0.045876  0.000595  -0.001762  -0.002187  -0.019166  -0.366731  -0.005860  2.000000  
142.821910 0.007299  0.092841  -0.005884  0.993494  0.062724  0.095056  -0.097670  0.040011  0.994414  0.058570  -0.997229  0.045876  0.000707  -0.001651  -0.002337  -0.018961  -0.364149  -0.014724  2.000000  
142.822915 0.007301  0.092841  -0.005887  0.993474  0.062744  0.095253  -0.097874  0.040118  0.994390  0.058570  -0.997223  0.045997  0.000848  -0.001480  -0.002440  -0.023579  -0.360447  -0.019629  2.000000  
142.824159 0.007304  0.092842  -0.005891  0.993426  0.062893  0.095656  -0.098283  0.040079  0.994351  0.058704  -0.997215  0.045997  0.000966  -0.001318  -0.002542  -0.023377  -0.357526  -0.015022  2.000000  
142.825161 0.007306  0.092842  -0.005894  0.993405  0.062913  0.095853  -0.098487  0.040187  0.994327  0.058704  -0.997210  0.046118  0.001062  -0.001149  -0.002624  -0.028474  -0.346242  -0.011250  2.000000  
142.826409 0.007308  0.092841  -0.005898  0.993377  0.063054  0.096052  -0.098691  0.040161  0.994307  0.058837  -0.997202  0.046118  0.001180  -0.001008  -0.002732  -0.028623  -0.336349  -0.007014  2.000000  
142.827413 0.007310  0.092841  -0.005901  0.993357  0.063074  0.096249  -0.098895  0.040268  0.994283  0.058837  -0.997196  0.046239  0.001342  -0.000844  -0.002852  -0.033112  -0.329476  -0.002851  2.000000  
142.828662 0.007312  0.092841  -0.005906  0.993336  0.063094  0.096446  -0.099100  0.040376  0.994258  0.058837  -0.997191  0.046360  0.001518  -0.000683  -0.003010  -0.037952  -0.315642  -0.003455  2.000000  
142.829909 0.007315  0.092841  -0.005911  0.993316  0.063114  0.096643  -0.099304  0.040484  0.994233  0.058837  -0.997185  0.046481  0.001683  -0.000497  -0.003174  -0.038376  -0.308573  0.000726  2.000000  
142.830913 0.007317  0.092840  -0.005915  0.993296  0.063122  0.096848  -0.099509  0.040471  0.994213  0.058837  -0.997185  0.046481  0.001796  -0.000377  -0.003236  -0.039100  -0.304212  0.000416  2.000000  
142.832159 0.007321  0.092841  -0.005920  0.993255  0.063151  0.097249  -0.099918  0.040565  0.994168  0.058837  -0.997179  0.046602  0.001949  -0.000188  -0.003367  -0.038808  -0.301580  0.004906  2.000000  
142.833164 0.007323  0.092841  -0.005924  0.993226  0.063304  0.097440  -0.100122  0.040659  0.994144  0.058971  -0.997166  0.046722  0.002058  -0.000088  -0.003385  -0.044024  -0.289870  0.013318  2.000000  
142.834409 0.007327  0.092843  -0.005928  0.993205  0.063324  0.097637  -0.100326  0.040767  0.994119  0.058971  -0.997160  0.046843  0.002181  0.000088  -0.003403  -0.044864  -0.276209  0.012724  2.000000  
142.835419 0.007329  0.092844  -0.005931  0.993177  0.063465  0.097836  -0.100530  0.040741  0.994100  0.059105  -0.997152  0.046843  0.002209  0.000195  -0.003434  -0.045231  -0.268642  0.021377  2.000000  
142.836670 0.007333  0.092846  -0.005934  0.993156  0.063485  0.098032  -0.100734  0.040848  0.994074  0.059105  -0.997146  0.046964  0.002283  0.000329  -0.003391  -0.050121  -0.254835  0.020756  2.000000  
142.837933 0.007336  0.092846  -0.005938  0.993128  0.063638  0.098223  -0.100938  0.040942  0.994050  0.059238  -0.997133  0.047084  0.002312  0.000356  -0.003367  -0.050515  -0.247446  0.029442  2.000000  
142.839161 0.007338  0.092847  -0.005941  0.993107  0.063647  0.098428  -0.101142  0.040929  0.994030  0.059238  -0.997133  0.047084  0.002307  0.000382  -0.003384  -0.050535  -0.238719  0.028901  2.000000  
142.840165 0.007340  0.092847  -0.005945  0.993086  0.063667  0.098625  -0.101347  0.041036  0.994004  0.059238  -0.997127  0.047205  0.002320  0.000378  -0.003418  -0.051355  -0.233763  0.028846  2.000000  
142.841413 0.007342  0.092847  -0.005949  0.993044  0.063696  0.099026  -0.101756  0.041131  0.993959  0.059238  -0.997121  0.047326  0.002238  0.000351  -0.003439  -0.054992  -0.231633  0.033079  2.000000  
142.842674 0.007344  0.092847  -0.005952  0.993023  0.063716  0.099223  -0.101960  0.041238  0.993933  0.059238  -0.997116  0.047447  0.002194  0.000361  -0.003328  -0.059916  -0.226591  0.033037  2.000000  
142.843923 0.007345  0.092847  -0.005956  0.993002  0.063737  0.099420  -0.102165  0.041346  0.993908  0.059238  -0.997110  0.047568  0.002128  0.000427  -0.003215  -0.060350  -0.219523  0.037241  2.000000  
142.845160 0.007346  0.092847  -0.005958  0.992981  0.063745  0.099625  -0.102369  0.041333  0.993887  0.059238  -0.997110  0.047568  0.002030  0.000459  -0.003032  -0.060254  -0.211120  0.032167  2.000000  
142.846161 0.007347  0.092847  -0.005960  0.992939  0.063775  0.100026  -0.102778  0.041427  0.993841  0.059238  -0.997104  0.047689  0.001904  0.000422  -0.002901  -0.060351  -0.219786  0.032785  2.000000  
142.847414 0.007348  0.092848  -0.005962  0.992918  0.063795  0.100223  -0.102982  0.041534  0.993816  0.059238  -0.997098  0.047810  0.001771  0.000424  -0.002756  -0.060727  -0.213030  0.027987  2.000000  
142.848663 0.007349  0.092848  -0.005964  0.992896  0.063804  0.100428  -0.103187  0.041521  0.993795  0.059238  -0.997098  0.047810  0.001622  0.000402  -0.002627  -0.060254  -0.211371  0.027769  2.000000  
142.849916 0.007351  0.092848  -0.005967  0.992862  0.063701  0.100835  -0.103596  0.041629  0.993748  0.059105  -0.997100  0.047931  0.001473  0.000313  -0.002505  -0.060760  -0.213042  0.028015  2.000000  
142.851163 0.007352  0.092848  -0.005968  0.992840  0.063721  0.101032  -0.103801  0.041737  0.993722  0.059105  -0.997095  0.048052  0.001324  0.000225  -0.002383  -0.060265  -0.211304  0.027813  2.000000  
142.852169 0.007353  0.092848  -0.005971  0.992819  0.063742  0.101229  -0.104005  0.041844  0.993696  0.059105  -0.997089  0.048173  0.001209  0.000135  -0.002335  -0.065234  -0.206106  0.027724  2.000000  
142.853417 0.007353  0.092847  -0.005972  0.992776  0.063759  0.101638  -0.104414  0.041818  0.993654  0.059105  -0.997089  0.048173  0.001093  0.000027  -0.002135  -0.060782  -0.213112  0.028077  2.000000  
142.854661 0.007354  0.092846  -0.005973  0.992755  0.063780  0.101835  -0.104618  0.041925  0.993628  0.059105  -0.997083  0.048294  0.000979  -0.000062  -0.001983  -0.060752  -0.213266  0.023603  2.000000  
142.855666 0.007354  0.092845  -0.005974  0.992711  0.063798  0.102244  -0.105027  0.041899  0.993586  0.059105  -0.997083  0.048294  0.000849  -0.000118  -0.001801  -0.060321  -0.220348  0.019435  2.000000  
142.856910 0.007354  0.092844  -0.005975  0.992690  0.063819  0.102441  -0.105231  0.042006  0.993560  0.059105  -0.997077  0.048415  0.000748  -0.000229  -0.001644  -0.059829  -0.218547  0.019303  2.000000  
142.857913 0.007354  0.092842  -0.005975  0.992668  0.063827  0.102646  -0.105436  0.041993  0.993539  0.059105  -0.997077  0.048415  0.000689  -0.000316  -0.001486  -0.060330  -0.220376  0.019464  2.000000  
142.858914 0.007354  0.092841  -0.005975  0.992625  0.063857  0.103047  -0.105844  0.042087  0.993492  0.059105  -0.997071  0.048536  0.000612  -0.000373  -0.001323  -0.059427  -0.225397  0.019656  2.000000  
142.860165 0.007354  0.092840  -0.005976  0.992603  0.063866  0.103251  -0.106049  0.042074  0.993470  0.059105  -0.997071  0.048536  0.000520  -0.000490  -0.001180  -0.056247  -0.220351  0.019503  2.000000  
142.861417 0.007354  0.092840  -0.005977  0.992559  0.063896  0.103653  -0.106457  0.042168  0.993423  0.059105  -0.997065  0.048657  0.000458  -0.000531  -0.001085  -0.055839  -0.227249  0.019859  2.000000  
142.862661 0.007354  0.092839  -0.005977  0.992537  0.063917  0.103849  -0.106662  0.042276  0.993396  0.059105  -0.997059  0.048778  0.000373  -0.000626  -0.001001  -0.055840  -0.227525  0.015399  2.000000  
142.863674 0.007354  0.092838  -0.005979  0.992515  0.063926  0.104054  -0.106866  0.042263  0.993375  0.059105  -0.997059  0.048778  0.000302  -0.000723  -0.000951  -0.055367  -0.225599  0.015269  2.000000  
142.864911 0.007354  0.092838  -0.005979  0.992471  0.063943  0.104463  -0.107275  0.042236  0.993332  0.059105  -0.997059  0.048778  0.000258  -0.000701  -0.000832  -0.050935  -0.232516  0.015616  2.000000  
142.865912 0.007354  0.092837  -0.005980  0.992449  0.063964  0.104660  -0.107479  0.042344  0.993305  0.059105  -0.997053  0.048899  0.000169  -0.000782  -0.000772  -0.054949  -0.232665  0.011170  2.000000  
142.866913 0.007354  0.092836  -0.005981  0.992427  0.063973  0.104864  -0.107683  0.042330  0.993284  0.059105  -0.997053  0.048899  0.000110  -0.000789  -0.000711  -0.051333  -0.234620  0.011278  2.000000  
142.868164 0.007354  0.092836  -0.005981  0.992397  0.064127  0.105054  -0.107887  0.042423  0.993258  0.059238  -0.997040  0.049019  0.000019  -0.000777  -0.000604  -0.051702  -0.227673  0.010972  2.000000  
142.869414 0.007353  0.092835  -0.005981  0.992374  0.064136  0.105259  -0.108091  0.042410  0.993236  0.059238  -0.997040  0.049019  -0.000052  -0.000726  -0.000495  -0.047237  -0.225814  0.010896  2.000000  
142.870418 0.007353  0.092835  -0.005981  0.992352  0.064157  0.105456  -0.108295  0.042517  0.993209  0.059238  -0.997034  0.049140  -0.000042  -0.000669  -0.000449  -0.051703  -0.227676  0.011000  2.000000  
142.871666 0.007352  0.092835  -0.005980  0.992330  0.064166  0.105660  -0.108500  0.042504  0.993187  0.059238  -0.997034  0.049140  -0.000108  -0.000583  -0.000375  -0.047623  -0.227660  0.011013  2.000000  
142.872912 0.007352  0.092835  -0.005981  0.992308  0.064188  0.105857  -0.108704  0.042611  0.993160  0.059238  -0.997028  0.049261  -0.000137  -0.000521  -0.000356  -0.048041  -0.220797  0.010708  2.000000  
142.873915 0.007351  0.092834  -0.005981  0.992285  0.064197  0.106061  -0.108908  0.042598  0.993139  0.059238  -0.997028  0.049261  -0.000165  -0.000456  -0.000393  -0.043201  -0.225853  0.010967  2.000000  
142.875163 0.007351  0.092834  -0.005982  0.992263  0.064205  0.106266  -0.109113  0.042585  0.993117  0.059238  -0.997028  0.049261  -0.000179  -0.000400  -0.000408  -0.043963  -0.220790  0.010721  2.000000  
142.876411 0.007351  0.092834  -0.005983  0.992240  0.064227  0.106462  -0.109317  0.042692  0.993090  0.059238  -0.997022  0.049382  -0.000210  -0.000347  -0.000394  -0.043599  -0.218964  0.010659  2.000000  
142.877664 0.007351  0.092835  -0.005983  0.992218  0.064236  0.106667  -0.109521  0.042679  0.993068  0.059238  -0.997022  0.049382  -0.000243  -0.000218  -0.000351  -0.040289  -0.213853  0.010423  2.000000  
142.878915 0.007351  0.092835  -0.005983  0.992187  0.064377  0.106865  -0.109725  0.042651  0.993047  0.059372  -0.997014  0.049382  -0.000248  -0.000158  -0.000271  -0.036203  -0.213664  0.014929  2.000000  
142.880162 0.007351  0.092836  -0.005984  0.992187  0.064390  0.106857  -0.109725  0.042772  0.993041  0.059372  -0.997008  0.049503  -0.000243  -0.000056  -0.000281  -0.040370  -0.204850  0.018941  2.000000  
142.881418 0.007351  0.092836  -0.005984  0.992165  0.064399  0.107061  -0.109929  0.042758  0.993019  0.059372  -0.997008  0.049503  -0.000265  -0.000027  -0.000257  -0.037040  -0.199659  0.018774  2.000000  
142.882672 0.007350  0.092837  -0.005984  0.992142  0.064408  0.107266  -0.110133  0.042745  0.992997  0.059372  -0.997008  0.049503  -0.000242  0.000026  -0.000246  -0.032951  -0.199586  0.018779  2.000000  
142.883675 0.007350  0.092837  -0.005984  0.992142  0.064421  0.107258  -0.110133  0.042866  0.992992  0.059372  -0.997002  0.049624  -0.000220  0.000079  -0.000236  -0.037139  -0.191155  0.018306  2.000000  
142.884916 0.007350  0.092837  -0.005985  0.992119  0.064430  0.107462  -0.110337  0.042852  0.992970  0.059372  -0.997002  0.049624  -0.000215  0.000100  -0.000281  -0.033500  -0.184299  0.017981  2.000000  
142.886165 0.007350  0.092837  -0.005985  0.992097  0.064438  0.107667  -0.110542  0.042839  0.992948  0.059372  -0.997002  0.049624  -0.000180  0.000149  -0.000306  -0.030110  -0.178922  0.017801  2.000000  
142.887165 0.007350  0.092837  -0.005985  0.992089  0.064571  0.107660  -0.110541  0.042824  0.992949  0.059505  -0.996994  0.049623  -0.000135  0.000173  -0.000320  -0.030260  -0.170404  0.021775  2.000000  
142.888166 0.007350  0.092837  -0.005986  0.992089  0.064584  0.107652  -0.110541  0.042945  0.992943  0.059505  -0.996988  0.049744  -0.000142  0.000194  -0.000325  0.000000  0.000000  0.000000  2.000000  
142.889168 0.007350  0.092838  -0.005986  0.992066  0.064593  0.107857  -0.110745  0.042931  0.992921  0.059505  -0.996988  0.049744  -0.000126  0.000229  -0.000274  0.000000  0.000000  0.000000  2.000000  
142.890418 0.007350  0.092838  -0.005986  0.992058  0.064725  0.107850  -0.110744  0.042917  0.992922  0.059639  -0.996980  0.049744  -0.000095  0.000258  -0.000253  0.000000  0.000000  0.000000  2.000000  
142.891668 0.007350  0.092839  -0.005985  0.992058  0.064725  0.107850  -0.110744  0.042917  0.992922  0.059639  -0.996980  0.049744  -0.000091  0.000293  -0.000162  0.000000  0.000000  0.000000  2.000000  
142.892669 0.007350  0.092839  -0.005985  0.992035  0.064734  0.108055  -0.110948  0.042903  0.992900  0.059639  -0.996980  0.049744  -0.000082  0.000268  -0.000151  0.000000  0.000000  0.000000  2.000000  
142.893775 0.007350  0.092840  -0.005985  0.992035  0.064734  0.108055  -0.110948  0.042903  0.992900  0.059639  -0.996980  0.049744  -0.000064  0.000298  -0.000094  0.000000  0.000000  0.000000  2.000000  
142.894921 0.007350  0.092840  -0.005985  0.992035  0.064747  0.108047  -0.110948  0.043024  0.992894  0.059639  -0.996974  0.049865  -0.000060  0.000255  -0.000039  0.000000  0.000000  0.000000  2.000000  
142.896164 0.007350  0.092840  -0.005984  0.992035  0.064747  0.108047  -0.110948  0.043024  0.992894  0.059639  -0.996974  0.049865  -0.000034  0.000262  0.000028  0.000000  0.000000  0.000000  2.000000  
142.897440 0.007350  0.092840  -0.005983  0.992004  0.064889  0.108244  -0.111152  0.042996  0.992873  0.059772  -0.996966  0.049864  -0.000039  0.000241  0.000073  0.000000  0.000000  0.000000  2.000000  
142.898672 0.007350  0.092840  -0.005983  0.992004  0.064889  0.108244  -0.111152  0.042996  0.992873  0.059772  -0.996966  0.049864  -0.000051  0.000241  0.000107  0.000000  0.000000  0.000000  2.000000  
142.899911 0.007350  0.092840  -0.005982  0.992004  0.064889  0.108244  -0.111152  0.042996  0.992873  0.059772  -0.996966  0.049864  -0.000016  0.000223  0.000183  0.000000  0.000000  0.000000  2.000000  
142.901163 0.007349  0.092840  -0.005981  0.991996  0.065021  0.108238  -0.111151  0.042981  0.992874  0.059906  -0.996958  0.049864  -0.000034  0.000206  0.000262  0.000000  0.000000  0.000000  2.000000  
142.902170 0.007349  0.092840  -0.005981  0.991996  0.065021  0.108238  -0.111151  0.042981  0.992874  0.059906  -0.996958  0.049864  -0.000048  0.000214  0.000302  0.000000  0.000000  0.000000  2.000000  
142.903417 0.007349  0.092840  -0.005980  0.991988  0.065154  0.108231  -0.111150  0.042966  0.992874  0.060039  -0.996950  0.049863  -0.000057  0.000172  0.000393  0.000000  0.000000  0.000000  2.000000  
142.904665 0.007349  0.092840  -0.005979  0.991988  0.065154  0.108231  -0.111150  0.042966  0.992874  0.060039  -0.996950  0.049863  -0.000052  0.000124  0.000442  0.000000  0.000000  0.000000  2.000000  
142.905665 0.007349  0.092840  -0.005979  0.991988  0.065167  0.108223  -0.111150  0.043086  0.992869  0.060039  -0.996944  0.049984  -0.000057  0.000103  0.000487  0.000000  0.000000  0.000000  2.000000  
142.906675 0.007349  0.092840  -0.005978  0.991957  0.065309  0.108421  -0.111353  0.043058  0.992848  0.060173  -0.996936  0.049984  -0.000040  0.000056  0.000516  0.000000  0.000000  0.000000  2.000000  
142.907913 0.007349  0.092840  -0.005977  0.991957  0.065309  0.108421  -0.111353  0.043058  0.992848  0.060173  -0.996936  0.049984  -0.000083  0.000031  0.000522  0.000000  0.000000  0.000000  2.000000  
142.908913 0.007349  0.092840  -0.005976  0.991949  0.065441  0.108414  -0.111352  0.043043  0.992848  0.060307  -0.996928  0.049984  -0.000067  -0.000018  0.000552  0.000000  0.000000  0.000000  2.000000  
142.910166 0.007348  0.092839  -0.005976  0.991949  0.065441  0.108414  -0.111352  0.043043  0.992848  0.060307  -0.996928  0.049984  -0.000120  -0.000099  0.000520  0.000000  0.000000  0.000000  2.000000  
142.911416 0.007348  0.092839  -0.005976  0.991941  0.065574  0.108408  -0.111351  0.043028  0.992849  0.060440  -0.996920  0.049983  -0.000120  -0.000099  0.000520  0.000000  0.000000  0.000000  2.000000  
142.912660 0.007348  0.092839  -0.005975  0.991941  0.065574  0.108408  -0.111351  0.043028  0.992849  0.060440  -0.996920  0.049983  -0.000125  -0.000120  0.000566  0.000000  0.000000  0.000000  2.000000  
142.913674 0.007348  0.092838  -0.005974  0.991933  0.065706  0.108401  -0.111350  0.043013  0.992850  0.060574  -0.996912  0.049983  -0.000147  -0.000173  0.000555  0.000000  0.000000  0.000000  2.000000  
142.914911 0.007347  0.092838  -0.005974  0.991925  0.065839  0.108394  -0.111350  0.042998  0.992851  0.060707  -0.996903  0.049982  -0.000153  -0.000146  0.000536  0.000000  0.000000  0.000000  2.000000  
142.915913 0.007347  0.092838  -0.005973  0.991902  0.065848  0.108599  -0.111554  0.042985  0.992828  0.060707  -0.996903  0.049982  -0.000147  -0.000173  0.000555  0.000000  0.000000  0.000000  2.000000  
142.917163 0.007347  0.092838  -0.005973  0.991894  0.065980  0.108592  -0.111553  0.042970  0.992829  0.060841  -0.996895  0.049982  -0.000145  -0.000170  0.000546  0.000000  0.000000  0.000000  2.000000  
142.918164 0.007347  0.092838  -0.005973  0.991894  0.065980  0.108592  -0.111553  0.042970  0.992829  0.060841  -0.996895  0.049982  -0.000127  -0.000153  0.000467  0.000000  0.000000  0.000000  2.000000  
142.919413 0.007347  0.092838  -0.005972  0.991886  0.066113  0.108586  -0.111552  0.042955  0.992830  0.060974  -0.996887  0.049982  -0.000127  -0.000153  0.000467  0.000000  0.000000  0.000000  2.000000  
142.920413 0.007347  0.092838  -0.005972  0.991886  0.066113  0.108586  -0.111552  0.042955  0.992830  0.060974  -0.996887  0.049982  -0.000123  -0.000133  0.000422  0.000000  0.000000  0.000000  2.000000  
142.921414 0.007347  0.092838  -0.005972  0.991878  0.066245  0.108579  -0.111551  0.042940  0.992831  0.061108  -0.996879  0.049981  -0.000151  -0.000142  0.000362  0.000000  0.000000  0.000000  2.000000  
142.922674 0.007347  0.092838  -0.005972  0.991878  0.066245  0.108579  -0.111551  0.042940  0.992831  0.061108  -0.996879  0.049981  -0.000151  -0.000142  0.000362  0.000000  0.000000  0.000000  2.000000  
142.923677 0.007346  0.092837  -0.005972  0.991870  0.066378  0.108572  -0.111550  0.042925  0.992831  0.061241  -0.996871  0.049981  -0.000178  -0.000149  0.000295  0.000000  0.000000  0.000000  2.000000  
142.924913 0.007346  0.092837  -0.005972  0.991839  0.066519  0.108770  -0.111753  0.042897  0.992810  0.061375  -0.996863  0.049980  -0.000133  -0.000125  0.000281  0.000000  0.000000  0.000000  2.000000  
142.925913 0.007346  0.092837  -0.005972  0.991839  0.066519  0.108770  -0.111753  0.042897  0.992810  0.061375  -0.996863  0.049980  -0.000120  -0.000129  0.000246  0.000000  0.000000  0.000000  2.000000  
142.926990 0.007346  0.092837  -0.005972  0.991831  0.066652  0.108763  -0.111752  0.042882  0.992810  0.061509  -0.996854  0.049980  -0.000115  -0.000107  0.000199  0.000000  0.000000  0.000000  2.000000  
142.928164 0.007346  0.092837  -0.005972  0.991831  0.066652  0.108763  -0.111752  0.042882  0.992810  0.061509  -0.996854  0.049980  -0.000071  -0.000083  0.000186  0.000000  0.000000  0.000000  2.000000  
142.929413 0.007346  0.092837  -0.005972  0.991822  0.066784  0.108757  -0.111752  0.042867  0.992811  0.061642  -0.996846  0.049979  -0.000057  -0.000086  0.000149  0.000000  0.000000  0.000000  2.000000  
142.930673 0.007346  0.092837  -0.005972  0.991822  0.066784  0.108757  -0.111752  0.042867  0.992811  0.061642  -0.996846  0.049979  -0.000053  -0.000066  0.000105  0.000000  0.000000  0.000000  2.000000  
142.931911 0.007347  0.092837  -0.005972  0.991791  0.066912  0.108963  -0.111955  0.042718  0.992795  0.061776  -0.996844  0.049858  -0.000040  -0.000069  0.000069  0.000000  0.000000  0.000000  2.000000  
142.932912 0.007346  0.092836  -0.005973  0.991791  0.066912  0.108963  -0.111955  0.042718  0.992795  0.061776  -0.996844  0.049858  -0.000057  -0.000100  0.000014  0.000000  0.000000  0.000000  2.000000  
142.934162 0.007346  0.092836  -0.005973  0.991783  0.067045  0.108956  -0.111954  0.042703  0.992795  0.061909  -0.996836  0.049858  -0.000031  -0.000108  -0.000055  0.000000  0.000000  0.000000  2.000000  
142.935167 0.007346  0.092836  -0.005973  0.991775  0.067177  0.108949  -0.111953  0.042688  0.992796  0.062043  -0.996827  0.049857  -0.000061  -0.000135  -0.000076  0.000000  0.000000  0.000000  2.000000  
142.936414 0.007346  0.092836  -0.005974  0.991775  0.067177  0.108949  -0.111953  0.042688  0.992796  0.062043  -0.996827  0.049857  -0.000048  -0.000139  -0.000110  0.000000  0.000000  0.000000  2.000000  
142.937666 0.007346  0.092835  -0.005974  0.991767  0.067310  0.108943  -0.111952  0.042673  0.992797  0.062176  -0.996819  0.049857  -0.000066  -0.000170  -0.000166  0.000000  0.000000  0.000000  2.000000  
142.938674 0.007346  0.092835  -0.005975  0.991743  0.067319  0.109147  -0.112156  0.042659  0.992774  0.062176  -0.996819  0.049857  -0.000022  -0.000146  -0.000180  0.000000  0.000000  0.000000  2.000000  
142.939911 0.007345  0.092835  -0.005975  0.991743  0.067332  0.109139  -0.112156  0.042779  0.992769  0.062176  -0.996813  0.049978  -0.000061  -0.000150  -0.000211  0.000000  0.000000  0.000000  2.000000  
142.940913 0.007345  0.092835  -0.005975  0.991735  0.067465  0.109132  -0.112155  0.042764  0.992770  0.062310  -0.996805  0.049977  -0.000061  -0.000150  -0.000211  0.000000  0.000000  0.000000  2.000000  
142.941914 0.007345  0.092835  -0.005976  0.991735  0.067465  0.109132  -0.112155  0.042764  0.992770  0.062310  -0.996805  0.049977  -0.000088  -0.000158  -0.000278  0.000000  0.000000  0.000000  2.000000  
142.943166 0.007345  0.092834  -0.005977  0.991704  0.067606  0.109330  -0.112358  0.042735  0.992748  0.062443  -0.996796  0.049977  -0.000115  -0.000166  -0.000348  0.000000  0.000000  0.000000  2.000000  
142.944411 0.007345  0.092834  -0.005977  0.991704  0.067606  0.109330  -0.112358  0.042735  0.992748  0.062443  -0.996796  0.049977  -0.000113  -0.000164  -0.000342  0.000000  0.000000  0.000000  2.000000  
142.945665 0.007344  0.092834  -0.005978  0.991695  0.067738  0.109323  -0.112358  0.042720  0.992749  0.062577  -0.996788  0.049977  -0.000139  -0.000171  -0.000408  0.000000  0.000000  0.000000  2.000000  
142.946673 0.007344  0.092834  -0.005979  0.991695  0.067738  0.109323  -0.112358  0.042720  0.992749  0.062577  -0.996788  0.049977  -0.000172  -0.000202  -0.000435  0.000000  0.000000  0.000000  2.000000  
142.947911 0.007344  0.092833  -0.005980  0.991672  0.067747  0.109528  -0.112562  0.042706  0.992727  0.062577  -0.996788  0.049977  -0.000157  -0.000202  -0.000463  0.000000  0.000000  0.000000  2.000000  
142.948915 0.007344  0.092833  -0.005980  0.991664  0.067880  0.109521  -0.112561  0.042691  0.992727  0.062710  -0.996780  0.049976  -0.000159  -0.000206  -0.000471  0.000000  0.000000  0.000000  2.000000  
142.950166 0.007344  0.092833  -0.005980  0.991664  0.067880  0.109521  -0.112561  0.042691  0.992727  0.062710  -0.996780  0.049976  -0.000157  -0.000202  -0.000463  0.000000  0.000000  0.000000  2.000000  
142.951416 0.007343  0.092832  -0.005981  0.991632  0.068021  0.109719  -0.112764  0.042662  0.992705  0.062844  -0.996771  0.049976  -0.000190  -0.000234  -0.000492  0.000000  0.000000  0.000000  2.000000  
142.952659 0.007343  0.092832  -0.005982  0.991632  0.068021  0.109719  -0.112764  0.042662  0.992705  0.062844  -0.996771  0.049976  -0.000174  -0.000234  -0.000518  0.000000  0.000000  0.000000  2.000000  
142.953675 0.007343  0.092831  -0.005983  0.991632  0.068021  0.109719  -0.112764  0.042662  0.992705  0.062844  -0.996771  0.049976  -0.000208  -0.000265  -0.000548  0.000000  0.000000  0.000000  2.000000  
142.954911 0.007343  0.092831  -0.005984  0.991601  0.068162  0.109917  -0.112967  0.042633  0.992684  0.062977  -0.996763  0.049975  -0.000195  -0.000269  -0.000583  0.000000  0.000000  0.000000  2.000000  
142.955912 0.007343  0.092831  -0.005984  0.991601  0.068162  0.109917  -0.112967  0.042633  0.992684  0.062977  -0.996763  0.049975  -0.000178  -0.000269  -0.000608  0.000000  0.000000  0.000000  2.000000  
142.957162 0.007342  0.092830  -0.005985  0.991578  0.068171  0.110121  -0.113171  0.042619  0.992661  0.062977  -0.996763  0.049975  -0.000170  -0.000293  -0.000598  0.000000  0.000000  0.000000  2.000000  
142.958409 0.007342  0.092830  -0.005986  0.991569  0.068304  0.110114  -0.113170  0.042604  0.992662  0.063111  -0.996754  0.049975  -0.000170  -0.000293  -0.000598  0.000000  0.000000  0.000000  2.000000  
142.959409 0.007342  0.092830  -0.005986  0.991569  0.068304  0.110114  -0.113170  0.042604  0.992662  0.063111  -0.996754  0.049975  -0.000157  -0.000297  -0.000632  0.000000  0.000000  0.000000  2.000000  
142.960665 0.007342  0.092829  -0.005987  0.991537  0.068458  0.110304  -0.113374  0.042695  0.992635  0.063245  -0.996740  0.050095  -0.000148  -0.000321  -0.000622  0.000000  0.000000  0.000000  2.000000  
142.961907 0.007342  0.092829  -0.005987  0.991537  0.068458  0.110304  -0.113374  0.042695  0.992635  0.063245  -0.996740  0.050095  -0.000131  -0.000290  -0.000567  0.000000  0.000000  0.000000  2.000000  
142.962910 0.007342  0.092829  -0.005987  0.991537  0.068458  0.110304  -0.113374  0.042695  0.992635  0.063245  -0.996740  0.050095  -0.000113  -0.000258  -0.000511  0.000000  0.000000  0.000000  2.000000  
142.963911 0.007342  0.092829  -0.005988  0.991506  0.068599  0.110501  -0.113577  0.042666  0.992613  0.063378  -0.996732  0.050095  -0.000144  -0.000286  -0.000532  0.000000  0.000000  0.000000  2.000000  
142.964911 0.007342  0.092829  -0.005988  0.991506  0.068599  0.110501  -0.113577  0.042666  0.992613  0.063378  -0.996732  0.050095  -0.000113  -0.000258  -0.000511  0.000000  0.000000  0.000000  2.000000  
142.965912 0.007341  0.092828  -0.005988  0.991506  0.068599  0.110501  -0.113577  0.042666  0.992613  0.063378  -0.996732  0.050095  -0.000129  -0.000259  -0.000485  0.000000  0.000000  0.000000  2.000000  
142.966913 0.007341  0.092828  -0.005988  0.991474  0.068741  0.110699  -0.113780  0.042637  0.992591  0.063512  -0.996723  0.050095  -0.000109  -0.000223  -0.000422  0.000000  0.000000  0.000000  2.000000  
142.967914 0.007342  0.092828  -0.005989  0.991474  0.068754  0.110691  -0.113780  0.042757  0.992586  0.063512  -0.996717  0.050215  -0.000080  -0.000199  -0.000408  0.000000  0.000000  0.000000  2.000000  
142.968916 0.007342  0.092828  -0.005989  0.991450  0.068763  0.110895  -0.113984  0.042743  0.992563  0.063512  -0.996717  0.050215  -0.000093  -0.000195  -0.000372  0.000000  0.000000  0.000000  2.000000  
142.970167 0.007341  0.092828  -0.005989  0.991442  0.068895  0.110888  -0.113983  0.042728  0.992563  0.063645  -0.996708  0.050215  -0.000106  -0.000191  -0.000337  0.000000  0.000000  0.000000  2.000000  
142.971413 0.007341  0.092828  -0.005989  0.991434  0.069028  0.110882  -0.113982  0.042713  0.992564  0.063779  -0.996700  0.050215  -0.000089  -0.000159  -0.000281  0.000000  0.000000  0.000000  2.000000  
142.972413 0.007341  0.092828  -0.005989  0.991410  0.069037  0.111086  -0.114186  0.042698  0.992541  0.063779  -0.996700  0.050215  -0.000102  -0.000156  -0.000246  0.000000  0.000000  0.000000  2.000000  
142.973678 0.007342  0.092828  -0.005989  0.991402  0.069169  0.111079  -0.114185  0.042683  0.992542  0.063912  -0.996691  0.050214  -0.000053  -0.000096  -0.000168  0.000000  0.000000  0.000000  2.000000  
142.974911 0.007342  0.092828  -0.005989  0.991378  0.069192  0.111275  -0.114389  0.042789  0.992514  0.063912  -0.996685  0.050335  -0.000052  -0.000094  -0.000166  0.000000  0.000000  0.000000  2.000000  
142.975913 0.007342  0.092828  -0.005989  0.991369  0.069324  0.111269  -0.114388  0.042774  0.992515  0.064046  -0.996677  0.050335  -0.000035  -0.000063  -0.000111  0.000000  0.000000  0.000000  2.000000  
142.976966 0.007342  0.092828  -0.005989  0.991369  0.069324  0.111269  -0.114388  0.042774  0.992515  0.064046  -0.996677  0.050335  -0.000035  -0.000064  -0.000112  0.000000  0.000000  0.000000  2.000000  
142.978162 0.007342  0.092828  -0.005989  0.991337  0.069465  0.111466  -0.114591  0.042744  0.992493  0.064179  -0.996668  0.050334  -0.000017  -0.000031  -0.000055  0.000000  0.000000  0.000000  2.000000  
142.979162 0.007342  0.092828  -0.005989  0.991337  0.069479  0.111458  -0.114591  0.042865  0.992488  0.064179  -0.996662  0.050455  -0.000009  -0.000057  -0.000046  0.000000  0.000000  0.000000  2.000000  
142.980164 0.007342  0.092828  -0.005988  0.991305  0.069620  0.111655  -0.114794  0.042835  0.992465  0.064313  -0.996654  0.050455  0.000022  -0.000029  -0.000025  0.000000  0.000000  0.000000  2.000000  
142.981412 0.007342  0.092828  -0.005988  0.991297  0.069753  0.111649  -0.114793  0.042820  0.992466  0.064446  -0.996645  0.050454  0.000052  -0.000000  -0.000003  0.000000  0.000000  0.000000  2.000000  
142.982660 0.007342  0.092828  -0.005988  0.991297  0.069753  0.111649  -0.114793  0.042820  0.992466  0.064446  -0.996645  0.050454  0.000026  0.000007  0.000067  0.000000  0.000000  0.000000  2.000000  
142.983675 0.007342  0.092829  -0.005988  0.991264  0.069907  0.111838  -0.114997  0.042910  0.992439  0.064580  -0.996630  0.050575  0.000057  0.000035  0.000088  0.000000  0.000000  0.000000  2.000000  
142.984914 0.007342  0.092829  -0.005988  0.991256  0.070040  0.111831  -0.114996  0.042895  0.992439  0.064713  -0.996622  0.050574  0.000087  0.000062  0.000107  0.000000  0.000000  0.000000  2.000000  
142.985915 0.007343  0.092829  -0.005987  0.991232  0.070049  0.112035  -0.115200  0.042881  0.992416  0.064713  -0.996622  0.050574  0.000106  0.000095  0.000165  0.000000  0.000000  0.000000  2.000000  
142.987165 0.007343  0.092829  -0.005987  0.991224  0.070195  0.112020  -0.115199  0.042986  0.992412  0.064847  -0.996607  0.050695  0.000106  0.000095  0.000165  0.000000  0.000000  0.000000  2.000000  
142.988166 0.007343  0.092829  -0.005986  0.991191  0.070336  0.112218  -0.115402  0.042956  0.992390  0.064980  -0.996598  0.050694  0.000130  0.000101  0.000228  0.000000  0.000000  0.000000  2.000000  
142.989411 0.007343  0.092829  -0.005986  0.991183  0.070468  0.112211  -0.115401  0.042940  0.992390  0.065114  -0.996589  0.050694  0.000100  0.000073  0.000207  0.000000  0.000000  0.000000  2.000000  
142.990414 0.007344  0.092830  -0.005985  0.991150  0.070623  0.112400  -0.115604  0.043031  0.992363  0.065247  -0.996574  0.050814  0.000133  0.000102  0.000232  0.000000  0.000000  0.000000  2.000000  
142.991666 0.007343  0.092830  -0.005985  0.991141  0.070756  0.112393  -0.115603  0.043015  0.992364  0.065381  -0.996566  0.050814  0.000120  0.000106  0.000268  0.000000  0.000000  0.000000  2.000000  
142.992912 0.007343  0.092830  -0.005985  0.991118  0.070778  0.112589  -0.115807  0.043121  0.992335  0.065381  -0.996560  0.050935  0.000119  0.000106  0.000267  0.000000  0.000000  0.000000  2.000000  
142.993914 0.007343  0.092830  -0.005985  0.991085  0.070920  0.112787  -0.116010  0.043091  0.992313  0.065514  -0.996551  0.050934  0.000111  0.000131  0.000256  0.000000  0.000000  0.000000  2.000000  
142.995161 0.007344  0.092830  -0.005984  0.991076  0.071052  0.112780  -0.116009  0.043075  0.992314  0.065648  -0.996542  0.050934  0.000104  0.000108  0.000297  0.000000  0.000000  0.000000  2.000000  
142.996409 0.007344  0.092830  -0.005983  0.991044  0.071207  0.112969  -0.116212  0.043166  0.992286  0.065781  -0.996527  0.051054  0.000091  0.000112  0.000332  0.000000  0.000000  0.000000  2.000000  
142.997410 0.007344  0.092830  -0.005983  0.991011  0.071348  0.113166  -0.116415  0.043135  0.992264  0.065915  -0.996518  0.051054  0.000104  0.000108  0.000297  0.000000  0.000000  0.000000  2.000000  
142.998411 0.007344  0.092831  -0.005983  0.991002  0.071481  0.113159  -0.116414  0.043120  0.992264  0.066048  -0.996509  0.051053  0.000122  0.000139  0.000352  0.000000  0.000000  0.000000  2.000000  
142.999666 0.007344  0.092830  -0.005982  0.990969  0.071636  0.113348  -0.116617  0.043210  0.992237  0.066182  -0.996494  0.051174  0.000101  0.000089  0.000348  0.000000  0.000000  0.000000  2.000000  
143.000914 0.007344  0.092830  -0.005982  0.990928  0.071910  0.113539  -0.116819  0.043164  0.992215  0.066449  -0.996477  0.051173  0.000069  0.000060  0.000321  0.000000  0.000000  0.000000  2.000000  
143.001915 0.007344  0.092831  -0.005981  0.990919  0.072056  0.113523  -0.116818  0.043269  0.992210  0.066582  -0.996462  0.051293  0.000088  0.000093  0.000383  0.000000  0.000000  0.000000  2.000000  
