1-Time 2-Px 3-Py 4-Pz 5-R11 6-R21 7-R31 8-R12 9-R22 10-R32 11-R13 12-R23 13-R33 14-Vx 15-Vy 16-Vz 17-Wx 18-Wy 19-Wz 20-state 21-PR11 22-PR21 23-PR31 24-PR12 25-PR22 26-PR32 27-PR13 28-PR23 29-PR33 
25.093679 0.008144  0.090383  0.012555  0.997572  0.057844  0.038792  -0.058804  0.997979  0.024077  -0.037321  -0.026300  0.998957  0.003988  -0.002168  -0.008499  0.014200  0.366462  -0.419116  2.000000  
25.094934 0.008149  0.090380  0.012544  0.997623  0.057238  0.038377  -0.058189  0.998014  0.024125  -0.036920  -0.026300  0.998972  0.003991  -0.002122  -0.008557  0.013997  0.361888  -0.419153  2.000000  
25.096183 0.008155  0.090375  0.012532  0.997661  0.056838  0.037967  -0.057779  0.998037  0.024164  -0.036519  -0.026301  0.998987  0.004055  -0.002194  -0.008622  0.013247  0.361527  -0.405343  2.000000  
25.097187 0.008160  0.090371  0.012523  0.997700  0.056438  0.037557  -0.057369  0.998060  0.024202  -0.036118  -0.026301  0.999001  0.004124  -0.002292  -0.008669  0.013051  0.356984  -0.405416  2.000000  
25.098432 0.008167  0.090366  0.012512  0.997737  0.056033  0.037153  -0.056959  0.998079  0.024362  -0.035717  -0.026423  0.999013  0.004255  -0.002509  -0.008725  0.016681  0.356890  -0.398563  2.000000  
25.099679 0.008175  0.090360  0.012501  0.997775  0.055632  0.036743  -0.056549  0.998102  0.024400  -0.035316  -0.026423  0.999027  0.004433  -0.002702  -0.008786  0.016115  0.354026  -0.388714  2.000000  
25.100684 0.008182  0.090356  0.012492  0.997808  0.055224  0.036472  -0.056139  0.998121  0.024551  -0.035048  -0.026545  0.999033  0.004632  -0.002837  -0.008832  0.019875  0.347561  -0.384974  2.000000  
25.101946 0.008191  0.090350  0.012480  0.997845  0.054824  0.036062  -0.055729  0.998143  0.024588  -0.034647  -0.026545  0.999047  0.004889  -0.003090  -0.008879  0.019433  0.347197  -0.377872  2.000000  
25.103187 0.008201  0.090343  0.012468  0.997888  0.054214  0.035780  -0.055113  0.998176  0.024625  -0.034379  -0.026545  0.999056  0.005231  -0.003360  -0.008974  0.019582  0.343014  -0.385046  2.000000  
25.104434 0.008211  0.090338  0.012457  0.997924  0.053814  0.035369  -0.054703  0.998198  0.024662  -0.033978  -0.026546  0.999070  0.005564  -0.003558  -0.009001  0.019301  0.340830  -0.382601  2.000000  
25.105434 0.008218  0.090333  0.012447  0.997945  0.053615  0.035097  -0.054498  0.998209  0.024684  -0.033711  -0.026546  0.999079  0.005814  -0.003761  -0.009085  0.014683  0.338177  -0.371336  2.000000  
25.106438 0.008227  0.090329  0.012437  0.997980  0.053215  0.034687  -0.054088  0.998230  0.024720  -0.033310  -0.026546  0.999092  0.006101  -0.003913  -0.009186  0.014530  0.338163  -0.371327  2.000000  
25.107682 0.008237  0.090324  0.012424  0.998016  0.052815  0.034276  -0.053677  0.998251  0.024756  -0.032909  -0.026547  0.999106  0.006502  -0.004074  -0.009281  0.014382  0.338283  -0.371464  2.000000  
25.108683 0.008245  0.090319  0.012413  0.998036  0.052616  0.034004  -0.053472  0.998262  0.024777  -0.032641  -0.026547  0.999115  0.006801  -0.004297  -0.009456  0.013993  0.333549  -0.364615  2.000000  
25.109683 0.008254  0.090313  0.012403  0.998060  0.052421  0.033598  -0.053268  0.998272  0.024806  -0.032240  -0.026547  0.999128  0.007075  -0.004533  -0.009557  0.013587  0.333362  -0.357706  2.000000  
25.110931 0.008264  0.090305  0.012389  0.998094  0.052017  0.033194  -0.052857  0.998290  0.024962  -0.031839  -0.026669  0.999137  0.007412  -0.004753  -0.009696  0.017242  0.328766  -0.350965  2.000000  
25.111946 0.008273  0.090299  0.012379  0.998114  0.051819  0.032922  -0.052652  0.998300  0.024983  -0.031571  -0.026669  0.999146  0.007632  -0.004920  -0.009757  0.016885  0.328405  -0.343871  2.000000  
25.113186 0.008284  0.090290  0.012367  0.998148  0.051414  0.032517  -0.052242  0.998318  0.025138  -0.031170  -0.026790  0.999155  0.007876  -0.005099  -0.009859  0.020802  0.324046  -0.344097  2.000000  
25.114431 0.008294  0.090282  0.012354  0.998167  0.051212  0.032251  -0.052037  0.998325  0.025280  -0.030903  -0.026912  0.999160  0.008051  -0.005303  -0.009939  0.028593  0.319389  -0.337332  2.000000  
25.115435 0.008303  0.090274  0.012343  0.998190  0.051013  0.031852  -0.051832  0.998332  0.025428  -0.030501  -0.027033  0.999169  0.008189  -0.005555  -0.010060  0.032118  0.321789  -0.328314  2.000000  
25.116680 0.008314  0.090263  0.012330  0.998213  0.050815  0.031452  -0.051627  0.998339  0.025577  -0.030100  -0.027155  0.999178  0.008293  -0.005855  -0.010124  0.035716  0.320909  -0.320713  2.000000  
25.117680 0.008323  0.090254  0.012319  0.998231  0.050613  0.031186  -0.051422  0.998346  0.025718  -0.029833  -0.027276  0.999183  0.008341  -0.006138  -0.010291  0.039743  0.318940  -0.316595  2.000000  
25.118684 0.008332  0.090246  0.012308  0.998254  0.050418  0.030780  -0.051217  0.998356  0.025745  -0.029431  -0.027277  0.999195  0.008448  -0.006362  -0.010411  0.039393  0.323207  -0.309524  2.000000  
25.119686 0.008341  0.090237  0.012296  0.998265  0.050426  0.030386  -0.051218  0.998352  0.025887  -0.029030  -0.027398  0.999203  0.008521  -0.006663  -0.010598  0.042883  0.322907  -0.295732  2.000000  
25.120936 0.008352  0.090227  0.012282  0.998288  0.050227  0.029986  -0.051013  0.998359  0.026035  -0.028629  -0.027520  0.999211  0.008621  -0.007001  -0.010703  0.046361  0.322438  -0.281789  2.000000  
25.121950 0.008360  0.090219  0.012269  0.998306  0.050026  0.029720  -0.050808  0.998365  0.026175  -0.028362  -0.027641  0.999215  0.008637  -0.007249  -0.010846  0.054184  0.322121  -0.274768  2.000000  
25.123190 0.008372  0.090210  0.012254  0.998327  0.049831  0.029314  -0.050603  0.998375  0.026202  -0.027960  -0.027641  0.999227  0.008715  -0.007485  -0.011014  0.053863  0.322043  -0.267953  2.000000  
25.124191 0.008382  0.090202  0.012242  0.998335  0.049835  0.029053  -0.050603  0.998372  0.026336  -0.027693  -0.027763  0.999231  0.008792  -0.007611  -0.011051  0.057420  0.321708  -0.254132  2.000000  
25.125191 0.008390  0.090195  0.012231  0.998353  0.049637  0.028780  -0.050398  0.998381  0.026356  -0.027425  -0.027763  0.999238  0.008861  -0.007710  -0.011100  0.057133  0.321550  -0.247245  2.000000  
25.126439 0.008402  0.090186  0.012217  0.998374  0.049439  0.028380  -0.050193  0.998388  0.026503  -0.027024  -0.027885  0.999246  0.008957  -0.007755  -0.011145  0.060886  0.321371  -0.240310  2.000000  
25.127441 0.008412  0.090178  0.012206  0.998381  0.049446  0.028113  -0.050193  0.998387  0.026517  -0.026757  -0.027885  0.999253  0.009004  -0.007823  -0.011180  0.060360  0.316457  -0.226578  2.000000  
25.128689 0.008423  0.090169  0.012192  0.998398  0.049245  0.027846  -0.049988  0.998394  0.026657  -0.026489  -0.028006  0.999257  0.009025  -0.007875  -0.011300  0.060073  0.311833  -0.219775  2.000000  
25.129951 0.008435  0.090158  0.012179  0.998419  0.049047  0.027446  -0.049783  0.998400  0.026804  -0.026088  -0.028128  0.999264  0.009065  -0.007942  -0.011326  0.059749  0.311562  -0.212754  2.000000  
25.131190 0.008446  0.090147  0.012165  0.998426  0.049052  0.027185  -0.049784  0.998397  0.026938  -0.025820  -0.028249  0.999267  0.009111  -0.007983  -0.011385  0.063354  0.306822  -0.199118  2.000000  
25.132437 0.008458  0.090136  0.012151  0.998443  0.048850  0.026919  -0.049578  0.998403  0.027078  -0.025553  -0.028370  0.999271  0.009175  -0.008017  -0.011369  0.066969  0.306498  -0.185302  2.000000  
25.133439 0.008468  0.090127  0.012141  0.998460  0.048649  0.026652  -0.049373  0.998409  0.027218  -0.025285  -0.028492  0.999274  0.009221  -0.008043  -0.011323  0.070985  0.302031  -0.185420  2.000000  
25.134687 0.008480  0.090116  0.012128  0.998477  0.048448  0.026385  -0.049168  0.998416  0.027358  -0.025018  -0.028613  0.999277  0.009309  -0.008071  -0.011244  0.074800  0.301825  -0.178473  2.000000  
25.135689 0.008490  0.090107  0.012117  0.998484  0.048452  0.026124  -0.049168  0.998412  0.027492  -0.024750  -0.028735  0.999281  0.009363  -0.008144  -0.011162  0.078413  0.296964  -0.164757  2.000000  
25.136700 0.008500  0.090099  0.012106  0.998500  0.048251  0.025857  -0.048963  0.998418  0.027631  -0.024483  -0.028856  0.999284  0.009432  -0.008161  -0.011069  0.082204  0.296640  -0.157751  2.000000  
25.137955 0.008512  0.090087  0.012093  0.998514  0.048047  0.025723  -0.048758  0.998425  0.027764  -0.024349  -0.028977  0.999283  0.009474  -0.008277  -0.010899  0.086035  0.287465  -0.151070  2.000000  
25.139191 0.008524  0.090077  0.012079  0.998530  0.047846  0.025456  -0.048552  0.998431  0.027904  -0.024081  -0.029099  0.999286  0.009534  -0.008336  -0.010847  0.090092  0.283092  -0.151238  2.000000  
25.140440 0.008537  0.090066  0.012066  0.998543  0.047641  0.025323  -0.048347  0.998437  0.028037  -0.023948  -0.029220  0.999286  0.009579  -0.008452  -0.010825  0.089852  0.273915  -0.144537  2.000000  
25.141440 0.008547  0.090058  0.012054  0.998547  0.047645  0.025189  -0.048347  0.998437  0.028043  -0.023814  -0.029220  0.999289  0.009616  -0.008519  -0.010837  0.089627  0.269220  -0.137747  2.000000  
25.142691 0.008558  0.090048  0.012041  0.998560  0.047440  0.025056  -0.048142  0.998443  0.028176  -0.023680  -0.029341  0.999289  0.009607  -0.008582  -0.010879  0.089582  0.260233  -0.137959  2.000000  
25.143943 0.008570  0.090038  0.012027  0.998573  0.047236  0.024922  -0.047936  0.998449  0.028308  -0.023546  -0.029463  0.999289  0.009621  -0.008611  -0.010903  0.089357  0.251073  -0.131273  2.000000  
25.145189 0.008581  0.090028  0.012013  0.998586  0.047031  0.024789  -0.047731  0.998455  0.028441  -0.023413  -0.029584  0.999288  0.009587  -0.008590  -0.010856  0.089341  0.242156  -0.131529  2.000000  
25.146190 0.008589  0.090019  0.012003  0.998599  0.046829  0.024649  -0.047525  0.998465  0.028453  -0.023279  -0.029584  0.999291  0.009498  -0.008561  -0.010799  0.085216  0.237612  -0.131611  2.000000  
25.147439 0.008600  0.090008  0.011990  0.998612  0.046625  0.024515  -0.047320  0.998471  0.028585  -0.023145  -0.029705  0.999291  0.009437  -0.008493  -0.010741  0.085184  0.228653  -0.131846  2.000000  
25.148688 0.008610  0.089998  0.011979  0.998624  0.046420  0.024382  -0.047115  0.998477  0.028718  -0.023011  -0.029827  0.999290  0.009297  -0.008437  -0.010618  0.085141  0.215196  -0.132212  2.000000  
25.149952 0.008620  0.089988  0.011967  0.998634  0.046212  0.024381  -0.046909  0.998483  0.028844  -0.023011  -0.029948  0.999287  0.009141  -0.008366  -0.010477  0.089161  0.201657  -0.132544  2.000000  
25.151192 0.008629  0.089977  0.011956  0.998637  0.046213  0.024253  -0.046909  0.998479  0.028971  -0.022878  -0.030069  0.999286  0.008924  -0.008365  -0.010372  0.088974  0.192547  -0.125908  2.000000  
25.152197 0.008636  0.089968  0.011946  0.998650  0.046008  0.024119  -0.046704  0.998485  0.029103  -0.022744  -0.030191  0.999285  0.008738  -0.008395  -0.010303  0.089116  0.188250  -0.132916  2.000000  
25.153438 0.008645  0.089957  0.011934  0.998659  0.045800  0.024119  -0.046498  0.998491  0.029229  -0.022744  -0.030312  0.999282  0.008537  -0.008408  -0.010211  0.000000  0.000000  0.000000  2.000000  
25.154685 0.008654  0.089947  0.011922  0.998662  0.045801  0.023991  -0.046498  0.998487  0.029357  -0.022610  -0.030433  0.999281  0.008319  -0.008403  -0.010103  0.000000  0.000000  0.000000  2.000000  
25.155931 0.008662  0.089936  0.011910  0.998672  0.045593  0.023990  -0.046293  0.998493  0.029483  -0.022610  -0.030554  0.999277  0.008040  -0.008457  -0.010041  0.000000  0.000000  0.000000  2.000000  
25.156936 0.008669  0.089928  0.011899  0.998682  0.045387  0.023984  -0.046087  0.998502  0.029488  -0.022610  -0.030554  0.999277  0.007859  -0.008468  -0.009997  0.000000  0.000000  0.000000  2.000000  
25.157941 0.008676  0.089919  0.011889  0.998682  0.045384  0.023990  -0.046087  0.998499  0.029609  -0.022610  -0.030675  0.999274  0.007630  -0.008446  -0.009913  0.000000  0.000000  0.000000  2.000000  
25.159185 0.008684  0.089909  0.011876  0.998682  0.045381  0.023995  -0.046087  0.998495  0.029730  -0.022610  -0.030797  0.999270  0.007460  -0.008462  -0.009854  0.000000  0.000000  0.000000  2.000000  
25.160185 0.008690  0.089901  0.011866  0.998691  0.045176  0.023989  -0.045881  0.998504  0.029735  -0.022610  -0.030797  0.999270  0.007296  -0.008412  -0.009793  0.000000  0.000000  0.000000  2.000000  
25.161186 0.008697  0.089894  0.011857  0.998691  0.045173  0.023995  -0.045881  0.998501  0.029856  -0.022610  -0.030918  0.999266  0.007181  -0.008339  -0.009741  0.000000  0.000000  0.000000  2.000000  
25.162186 0.008703  0.089886  0.011847  0.998688  0.045166  0.024134  -0.045881  0.998497  0.029971  -0.022744  -0.031039  0.999259  0.007040  -0.008320  -0.009695  0.000000  0.000000  0.000000  2.000000  
25.163455 0.008711  0.089876  0.011835  0.998688  0.045163  0.024139  -0.045881  0.998494  0.030092  -0.022744  -0.031160  0.999256  0.006867  -0.008233  -0.009704  0.000000  0.000000  0.000000  2.000000  
25.164684 0.008719  0.089866  0.011823  0.998697  0.044957  0.024133  -0.045676  0.998503  0.030097  -0.022744  -0.031160  0.999256  0.006777  -0.008262  -0.009795  0.000000  0.000000  0.000000  2.000000  
25.165938 0.008727  0.089856  0.011811  0.998697  0.044954  0.024138  -0.045676  0.998499  0.030218  -0.022744  -0.031281  0.999252  0.006658  -0.008206  -0.009841  0.000000  0.000000  0.000000  2.000000  
25.167188 0.008735  0.089846  0.011799  0.998697  0.044951  0.024144  -0.045676  0.998495  0.030339  -0.022744  -0.031403  0.999248  0.006615  -0.008146  -0.009816  0.000000  0.000000  0.000000  2.000000  
25.168188 0.008742  0.089838  0.011790  0.998697  0.044948  0.024149  -0.045676  0.998492  0.030460  -0.022744  -0.031524  0.999244  0.006542  -0.008134  -0.009790  0.000000  0.000000  0.000000  2.000000  
25.169432 0.008750  0.089828  0.011778  0.998697  0.044945  0.024155  -0.045676  0.998488  0.030582  -0.022744  -0.031645  0.999240  0.006532  -0.008066  -0.009722  0.000000  0.000000  0.000000  2.000000  
25.170437 0.008757  0.089820  0.011769  0.998697  0.044942  0.024160  -0.045676  0.998484  0.030703  -0.022744  -0.031766  0.999237  0.006542  -0.007983  -0.009650  0.000000  0.000000  0.000000  2.000000  
25.171684 0.008765  0.089810  0.011758  0.998694  0.044935  0.024299  -0.045676  0.998481  0.030818  -0.022878  -0.031887  0.999230  0.006488  -0.007942  -0.009579  0.000000  0.000000  0.000000  2.000000  
25.172685 0.008772  0.089802  0.011749  0.998694  0.044935  0.024299  -0.045676  0.998481  0.030818  -0.022878  -0.031887  0.999230  0.006565  -0.007938  -0.009508  0.000000  0.000000  0.000000  2.000000  
25.173941 0.008781  0.089793  0.011737  0.998694  0.044932  0.024305  -0.045676  0.998477  0.030939  -0.022878  -0.032009  0.999226  0.006599  -0.007841  -0.009440  0.000000  0.000000  0.000000  2.000000  
25.175184 0.008790  0.089784  0.011725  0.998685  0.045135  0.024317  -0.045881  0.998464  0.031055  -0.022878  -0.032130  0.999222  0.006665  -0.007837  -0.009423  0.000000  0.000000  0.000000  2.000000  
25.176432 0.008799  0.089775  0.011712  0.998682  0.045131  0.024450  -0.045881  0.998464  0.031049  -0.023011  -0.032130  0.999219  0.006747  -0.007831  -0.009496  0.000000  0.000000  0.000000  2.000000  
25.177434 0.008806  0.089767  0.011701  0.998682  0.045128  0.024456  -0.045881  0.998461  0.031170  -0.023011  -0.032251  0.999215  0.006778  -0.007791  -0.009534  0.000000  0.000000  0.000000  2.000000  
25.178681 0.008816  0.089758  0.011688  0.998682  0.045125  0.024461  -0.045881  0.998457  0.031291  -0.023011  -0.032372  0.999211  0.006877  -0.007754  -0.009634  0.000000  0.000000  0.000000  2.000000  
25.179686 0.008823  0.089750  0.011677  0.998672  0.045330  0.024468  -0.046087  0.998447  0.031286  -0.023011  -0.032372  0.999211  0.006930  -0.007723  -0.009709  0.000000  0.000000  0.000000  2.000000  
25.180937 0.008832  0.089740  0.011663  0.998669  0.045323  0.024607  -0.046086  0.998444  0.031401  -0.023145  -0.032493  0.999204  0.007001  -0.007741  -0.009812  0.000000  0.000000  0.000000  2.000000  
25.181948 0.008839  0.089732  0.011653  0.998660  0.045526  0.024619  -0.046292  0.998431  0.031517  -0.023145  -0.032614  0.999200  0.007014  -0.007708  -0.009922  0.000000  0.000000  0.000000  2.000000  
25.183180 0.008847  0.089722  0.011639  0.998660  0.045523  0.024624  -0.046292  0.998427  0.031638  -0.023145  -0.032736  0.999196  0.007044  -0.007757  -0.010026  0.000000  0.000000  0.000000  2.000000  
25.184182 0.008854  0.089713  0.011629  0.998660  0.045523  0.024624  -0.046292  0.998427  0.031638  -0.023145  -0.032736  0.999196  0.007066  -0.007753  -0.010127  0.000000  0.000000  0.000000  2.000000  
25.185185 0.008861  0.089705  0.011619  0.998650  0.045725  0.024636  -0.046498  0.998414  0.031754  -0.023145  -0.032857  0.999192  0.007054  -0.007779  -0.010154  0.000000  0.000000  0.000000  2.000000  
25.186435 0.008870  0.089695  0.011606  0.998641  0.045928  0.024648  -0.046703  0.998400  0.031870  -0.023145  -0.032978  0.999188  0.007090  -0.007836  -0.010302  0.000000  0.000000  0.000000  2.000000  
25.187436 0.008876  0.089687  0.011596  0.998641  0.045928  0.024648  -0.046703  0.998400  0.031870  -0.023145  -0.032978  0.999188  0.007051  -0.007853  -0.010374  0.000000  0.000000  0.000000  2.000000  
25.188438 0.008883  0.089678  0.011585  0.998631  0.046130  0.024660  -0.046909  0.998387  0.031986  -0.023145  -0.033099  0.999184  0.007022  -0.007926  -0.010483  0.000000  0.000000  0.000000  2.000000  
25.189683 0.008891  0.089667  0.011571  0.998631  0.046130  0.024660  -0.046909  0.998387  0.031986  -0.023145  -0.033099  0.999184  0.006947  -0.008026  -0.010590  0.000000  0.000000  0.000000  2.000000  
25.190685 0.008897  0.089659  0.011560  0.998621  0.046333  0.024673  -0.047114  0.998374  0.032102  -0.023145  -0.033220  0.999180  0.006878  -0.008059  -0.010653  0.000000  0.000000  0.000000  2.000000  
25.191948 0.008905  0.089649  0.011546  0.998612  0.046538  0.024679  -0.047320  0.998364  0.032097  -0.023145  -0.033220  0.999180  0.006780  -0.008144  -0.010717  0.000000  0.000000  0.000000  2.000000  
25.193185 0.008912  0.089639  0.011532  0.998602  0.046741  0.024691  -0.047526  0.998350  0.032213  -0.023145  -0.033342  0.999176  0.006661  -0.008180  -0.010796  0.000000  0.000000  0.000000  2.000000  
25.194434 0.008920  0.089628  0.011518  0.998592  0.046946  0.024698  -0.047731  0.998341  0.032208  -0.023145  -0.033342  0.999176  0.006585  -0.008238  -0.010819  0.000000  0.000000  0.000000  2.000000  
25.195682 0.008927  0.089618  0.011504  0.998582  0.047149  0.024710  -0.047937  0.998327  0.032324  -0.023145  -0.033463  0.999172  0.006452  -0.008290  -0.010847  0.000000  0.000000  0.000000  2.000000  
25.196686 0.008933  0.089609  0.011492  0.998582  0.047149  0.024710  -0.047937  0.998327  0.032324  -0.023145  -0.033463  0.999172  0.006387  -0.008328  -0.010916  0.000000  0.000000  0.000000  2.000000  
25.197931 0.008940  0.089598  0.011478  0.998572  0.047354  0.024717  -0.048142  0.998317  0.032319  -0.023145  -0.033463  0.999172  0.006242  -0.008360  -0.010959  0.000000  0.000000  0.000000  2.000000  
25.198939 0.008945  0.089589  0.011466  0.998559  0.047552  0.024863  -0.048348  0.998304  0.032428  -0.023279  -0.033584  0.999165  0.006138  -0.008405  -0.011029  0.000000  0.000000  0.000000  2.000000  
25.199954 0.008950  0.089580  0.011454  0.998549  0.047758  0.024870  -0.048553  0.998294  0.032423  -0.023279  -0.033584  0.999165  0.006046  -0.008486  -0.011130  0.000000  0.000000  0.000000  2.000000  
25.200963 0.008955  0.089571  0.011442  0.998539  0.047960  0.024882  -0.048759  0.998280  0.032539  -0.023279  -0.033705  0.999161  0.005915  -0.008556  -0.011240  0.000000  0.000000  0.000000  2.000000  
25.202184 0.008962  0.089559  0.011428  0.998529  0.048166  0.024889  -0.048964  0.998271  0.032534  -0.023279  -0.033705  0.999161  0.005836  -0.008650  -0.011359  0.000000  0.000000  0.000000  2.000000  
25.203190 0.008967  0.089549  0.011416  0.998529  0.048166  0.024889  -0.048964  0.998271  0.032534  -0.023279  -0.033705  0.999161  0.005684  -0.008749  -0.011414  0.000000  0.000000  0.000000  2.000000  
25.204441 0.008973  0.089537  0.011402  0.998519  0.048368  0.024902  -0.049170  0.998257  0.032650  -0.023279  -0.033826  0.999157  0.005565  -0.008803  -0.011466  0.000000  0.000000  0.000000  2.000000  
25.205688 0.008978  0.089526  0.011388  0.998509  0.048574  0.024908  -0.049376  0.998247  0.032645  -0.023279  -0.033826  0.999157  0.005424  -0.008879  -0.011453  0.000000  0.000000  0.000000  2.000000  
25.206941 0.008985  0.089515  0.011375  0.998499  0.048776  0.024921  -0.049581  0.998233  0.032761  -0.023279  -0.033947  0.999152  0.005323  -0.008902  -0.011432  0.000000  0.000000  0.000000  2.000000  
25.208185 0.008991  0.089505  0.011361  0.998489  0.048982  0.024928  -0.049787  0.998223  0.032756  -0.023279  -0.033947  0.999152  0.005214  -0.008965  -0.011395  0.000000  0.000000  0.000000  2.000000  
25.209433 0.008997  0.089494  0.011348  0.998475  0.049183  0.025068  -0.049992  0.998213  0.032744  -0.023413  -0.033947  0.999149  0.005130  -0.008950  -0.011319  0.000000  0.000000  0.000000  2.000000  
25.210434 0.009002  0.089486  0.011337  0.998475  0.049183  0.025068  -0.049992  0.998213  0.032744  -0.023413  -0.033947  0.999149  0.005061  -0.008967  -0.011306  0.000000  0.000000  0.000000  2.000000  
25.211681 0.009007  0.089476  0.011323  0.998465  0.049388  0.025075  -0.050198  0.998203  0.032739  -0.023413  -0.033947  0.999149  0.004974  -0.008927  -0.011249  0.000000  0.000000  0.000000  2.000000  
25.212684 0.009012  0.089468  0.011313  0.998451  0.049589  0.025215  -0.050403  0.998193  0.032727  -0.023546  -0.033947  0.999146  0.004929  -0.008869  -0.011122  0.000000  0.000000  0.000000  2.000000  
25.213931 0.009018  0.089457  0.011300  0.998441  0.049795  0.025222  -0.050609  0.998182  0.032722  -0.023546  -0.033947  0.999146  0.004862  -0.008840  -0.011102  0.000000  0.000000  0.000000  2.000000  
25.214933 0.009023  0.089449  0.011289  0.998431  0.050000  0.025228  -0.050814  0.998172  0.032717  -0.023546  -0.033947  0.999146  0.004834  -0.008747  -0.011027  0.000000  0.000000  0.000000  2.000000  
25.215959 0.009027  0.089441  0.011279  0.998427  0.049996  0.025362  -0.050814  0.998172  0.032710  -0.023680  -0.033947  0.999143  0.004779  -0.008629  -0.010899  0.000000  0.000000  0.000000  2.000000  
25.217180 0.009033  0.089431  0.011266  0.998417  0.050201  0.025369  -0.051020  0.998162  0.032705  -0.023680  -0.033947  0.999143  0.004731  -0.008522  -0.010785  0.000000  0.000000  0.000000  2.000000  
25.218184 0.009038  0.089423  0.011256  0.998406  0.050407  0.025375  -0.051225  0.998152  0.032699  -0.023680  -0.033947  0.999143  0.004730  -0.008394  -0.010680  0.000000  0.000000  0.000000  2.000000  
25.219430 0.009043  0.089414  0.011244  0.998393  0.050608  0.025516  -0.051430  0.998141  0.032687  -0.023814  -0.033947  0.999140  0.004714  -0.008261  -0.010546  0.000000  0.000000  0.000000  2.000000  
25.220442 0.009048  0.089406  0.011234  0.998382  0.050813  0.025522  -0.051636  0.998131  0.032682  -0.023814  -0.033947  0.999140  0.004720  -0.008143  -0.010454  0.000000  0.000000  0.000000  2.000000  
25.221704 0.009054  0.089397  0.011222  0.998371  0.051019  0.025529  -0.051842  0.998121  0.032677  -0.023814  -0.033947  0.999140  0.004699  -0.008000  -0.010309  0.000000  0.000000  0.000000  2.000000  
25.222932 0.009060  0.089389  0.011210  0.998368  0.051014  0.025663  -0.051841  0.998121  0.032670  -0.023948  -0.033947  0.999137  0.004708  -0.007869  -0.010222  0.000000  0.000000  0.000000  2.000000  
25.223933 0.009065  0.089382  0.011201  0.998357  0.051220  0.025669  -0.052047  0.998110  0.032665  -0.023948  -0.033947  0.999137  0.004722  -0.007744  -0.010144  0.000000  0.000000  0.000000  2.000000  
25.224933 0.009070  0.089376  0.011192  0.998344  0.051421  0.025809  -0.052252  0.998100  0.032652  -0.024081  -0.033947  0.999133  0.004754  -0.007589  -0.010018  0.000000  0.000000  0.000000  2.000000  
25.225945 0.009075  0.089370  0.011183  0.998333  0.051626  0.025816  -0.052458  0.998089  0.032647  -0.024081  -0.033947  0.999133  0.004687  -0.007445  -0.009887  0.000000  0.000000  0.000000  2.000000  
25.227188 0.009081  0.089363  0.011172  0.998333  0.051626  0.025816  -0.052458  0.998089  0.032647  -0.024081  -0.033947  0.999133  0.004742  -0.007228  -0.009748  0.000000  0.000000  0.000000  2.000000  
25.228430 0.009087  0.089357  0.011162  0.998319  0.051830  0.025950  -0.052663  0.998083  0.032514  -0.024215  -0.033825  0.999134  0.004763  -0.006981  -0.009586  0.000000  0.000000  0.000000  2.000000  
25.229432 0.009092  0.089352  0.011154  0.998308  0.052036  0.025957  -0.052869  0.998072  0.032508  -0.024215  -0.033825  0.999134  0.004773  -0.006716  -0.009376  0.000000  0.000000  0.000000  2.000000  
25.230436 0.009097  0.089348  0.011145  0.998294  0.052237  0.026097  -0.053074  0.998062  0.032496  -0.024349  -0.033825  0.999131  0.004818  -0.006466  -0.009242  0.000000  0.000000  0.000000  2.000000  
25.231684 0.009103  0.089342  0.011136  0.998283  0.052442  0.026104  -0.053280  0.998051  0.032490  -0.024349  -0.033825  0.999131  0.004848  -0.006156  -0.009030  0.000000  0.000000  0.000000  2.000000  
25.232930 0.009109  0.089337  0.011126  0.998268  0.052643  0.026244  -0.053485  0.998040  0.032478  -0.024483  -0.033825  0.999128  0.004841  -0.005888  -0.008856  0.000000  0.000000  0.000000  2.000000  
25.233946 0.009114  0.089333  0.011118  0.998268  0.052646  0.026237  -0.053485  0.998044  0.032357  -0.024483  -0.033704  0.999132  0.004851  -0.005570  -0.008657  0.000000  0.000000  0.000000  2.000000  
25.235186 0.009120  0.089329  0.011109  0.998254  0.052847  0.026378  -0.053690  0.998034  0.032344  -0.024616  -0.033704  0.999129  0.004890  -0.005269  -0.008521  0.000000  0.000000  0.000000  2.000000  
25.236460 0.009126  0.089325  0.011100  0.998243  0.053053  0.026384  -0.053896  0.998023  0.032339  -0.024616  -0.033704  0.999129  0.004879  -0.004891  -0.008330  0.000000  0.000000  0.000000  2.000000  
25.237684 0.009132  0.089321  0.011090  0.998232  0.053258  0.026391  -0.054101  0.998012  0.032333  -0.024616  -0.033704  0.999129  0.004881  -0.004579  -0.008171  0.000000  0.000000  0.000000  2.000000  
25.238684 0.009137  0.089318  0.011082  0.998218  0.053459  0.026531  -0.054307  0.998001  0.032321  -0.024750  -0.033704  0.999125  0.004874  -0.004329  -0.008050  0.000000  0.000000  0.000000  2.000000  
25.239937 0.009143  0.089315  0.011073  0.998206  0.053665  0.026538  -0.054512  0.997990  0.032315  -0.024750  -0.033704  0.999125  0.004857  -0.004009  -0.007856  0.000000  0.000000  0.000000  2.000000  
25.241183 0.009149  0.089313  0.011064  0.998192  0.053866  0.026678  -0.054717  0.997979  0.032302  -0.024884  -0.033704  0.999122  0.004869  -0.003677  -0.007743  0.000000  0.000000  0.000000  2.000000  
25.242432 0.009155  0.089311  0.011055  0.998180  0.054071  0.026685  -0.054923  0.997968  0.032297  -0.024884  -0.033704  0.999122  0.004841  -0.003370  -0.007632  0.000000  0.000000  0.000000  2.000000  
25.243432 0.009159  0.089310  0.011048  0.998169  0.054280  0.026685  -0.055128  0.997961  0.032170  -0.024884  -0.033583  0.999126  0.004792  -0.003123  -0.007545  0.000000  0.000000  0.000000  2.000000  
25.244434 0.009163  0.089309  0.011041  0.998154  0.054481  0.026825  -0.055334  0.997950  0.032157  -0.025018  -0.033582  0.999123  0.004788  -0.002848  -0.007457  0.000000  0.000000  0.000000  2.000000  
25.245685 0.009169  0.089308  0.011033  0.998143  0.054686  0.026831  -0.055539  0.997939  0.032152  -0.025018  -0.033582  0.999123  0.004751  -0.002537  -0.007334  0.000000  0.000000  0.000000  2.000000  
25.246933 0.009174  0.089307  0.011025  0.998132  0.054892  0.026838  -0.055745  0.997927  0.032146  -0.025018  -0.033582  0.999123  0.004667  -0.002309  -0.007282  0.000000  0.000000  0.000000  2.000000  
25.247955 0.009178  0.089306  0.011018  0.998117  0.055092  0.026978  -0.055950  0.997916  0.032133  -0.025151  -0.033582  0.999119  0.004615  -0.002042  -0.007192  0.000000  0.000000  0.000000  2.000000  
25.249182 0.009184  0.089306  0.011009  0.998105  0.055301  0.026978  -0.056155  0.997909  0.032007  -0.025151  -0.033461  0.999123  0.004567  -0.001794  -0.007123  0.000000  0.000000  0.000000  2.000000  
25.250430 0.009188  0.089305  0.011001  0.998094  0.055507  0.026985  -0.056361  0.997897  0.032001  -0.025151  -0.033461  0.999123  0.004486  -0.001553  -0.007079  0.000000  0.000000  0.000000  2.000000  
25.251433 0.009192  0.089305  0.010994  0.998090  0.055502  0.027118  -0.056361  0.997898  0.031994  -0.025285  -0.033461  0.999120  0.004418  -0.001341  -0.007030  0.000000  0.000000  0.000000  2.000000  
25.252679 0.009197  0.089305  0.010986  0.998079  0.055708  0.027125  -0.056566  0.997886  0.031988  -0.025285  -0.033461  0.999120  0.004327  -0.001055  -0.006889  0.000000  0.000000  0.000000  2.000000  
25.253693 0.009201  0.089305  0.010980  0.998067  0.055913  0.027131  -0.056772  0.997875  0.031983  -0.025285  -0.033461  0.999120  0.004258  -0.000854  -0.006799  0.000000  0.000000  0.000000  2.000000  
25.254936 0.009205  0.089305  0.010972  0.998055  0.056118  0.027138  -0.056977  0.997863  0.031977  -0.025285  -0.033461  0.999120  0.004141  -0.000702  -0.006732  0.000000  0.000000  0.000000  2.000000  
25.255936 0.009209  0.089305  0.010966  0.998043  0.056324  0.027144  -0.057183  0.997852  0.031971  -0.025285  -0.033461  0.999120  0.004102  -0.000573  -0.006659  0.000000  0.000000  0.000000  2.000000  
25.256937 0.009212  0.089304  0.010959  0.998040  0.056319  0.027278  -0.057182  0.997852  0.031964  -0.025419  -0.033461  0.999117  0.004006  -0.000503  -0.006640  0.000000  0.000000  0.000000  2.000000  
25.258184 0.009216  0.089304  0.010952  0.998028  0.056525  0.027284  -0.057388  0.997840  0.031958  -0.025419  -0.033461  0.999117  0.003882  -0.000406  -0.006561  0.000000  0.000000  0.000000  2.000000  
25.259434 0.009221  0.089303  0.010944  0.998016  0.056730  0.027291  -0.057593  0.997829  0.031953  -0.025419  -0.033461  0.999117  0.003801  -0.000326  -0.006466  0.000000  0.000000  0.000000  2.000000  
25.260683 0.009224  0.089303  0.010936  0.998016  0.056730  0.027291  -0.057593  0.997829  0.031953  -0.025419  -0.033461  0.999117  0.003690  -0.000312  -0.006510  0.000000  0.000000  0.000000  2.000000  
25.261999 0.009229  0.089303  0.010928  0.998001  0.056931  0.027431  -0.057799  0.997817  0.031939  -0.025553  -0.033461  0.999113  0.003611  -0.000242  -0.006386  0.000000  0.000000  0.000000  2.000000  
25.263184 0.009233  0.089302  0.010921  0.997989  0.057137  0.027438  -0.058004  0.997805  0.031934  -0.025553  -0.033461  0.999113  0.003551  -0.000280  -0.006330  0.000000  0.000000  0.000000  2.000000  
25.264187 0.009236  0.089301  0.010915  0.997989  0.057137  0.027438  -0.058004  0.997805  0.031934  -0.025553  -0.033461  0.999113  0.003493  -0.000323  -0.006276  0.000000  0.000000  0.000000  2.000000  
25.265432 0.009240  0.089299  0.010908  0.997974  0.057338  0.027578  -0.058209  0.997794  0.031920  -0.025687  -0.033461  0.999110  0.003399  -0.000417  -0.006211  0.000000  0.000000  0.000000  2.000000  
25.266684 0.009244  0.089299  0.010901  0.997962  0.057543  0.027584  -0.058415  0.997782  0.031914  -0.025687  -0.033461  0.999110  0.003361  -0.000442  -0.006117  0.000000  0.000000  0.000000  2.000000  
25.267938 0.009248  0.089297  0.010894  0.997962  0.057543  0.027584  -0.058415  0.997782  0.031914  -0.025687  -0.033461  0.999110  0.003310  -0.000511  -0.006051  0.000000  0.000000  0.000000  2.000000  
25.269182 0.009251  0.089296  0.010888  0.997946  0.057744  0.027724  -0.058620  0.997771  0.031901  -0.025820  -0.033461  0.999106  0.003257  -0.000626  -0.005926  0.000000  0.000000  0.000000  2.000000  
25.270188 0.009254  0.089294  0.010882  0.997946  0.057744  0.027724  -0.058620  0.997771  0.031901  -0.025820  -0.033461  0.999106  0.003232  -0.000720  -0.005879  0.000000  0.000000  0.000000  2.000000  
25.271434 0.009258  0.089292  0.010876  0.997934  0.057949  0.027731  -0.058825  0.997759  0.031895  -0.025820  -0.033461  0.999106  0.003185  -0.000824  -0.005795  0.000000  0.000000  0.000000  2.000000  
25.272682 0.009262  0.089290  0.010869  0.997919  0.058150  0.027871  -0.059031  0.997747  0.031882  -0.025954  -0.033460  0.999103  0.003147  -0.000946  -0.005700  0.000000  0.000000  0.000000  2.000000  
25.273685 0.009265  0.089288  0.010865  0.997919  0.058150  0.027871  -0.059031  0.997747  0.031882  -0.025954  -0.033460  0.999103  0.003133  -0.001056  -0.005536  0.000000  0.000000  0.000000  2.000000  
25.274936 0.009268  0.089286  0.010858  0.997903  0.058351  0.028011  -0.059236  0.997735  0.031868  -0.026088  -0.033460  0.999100  0.003053  -0.001158  -0.005501  0.000000  0.000000  0.000000  2.000000  
25.275936 0.009271  0.089284  0.010854  0.997903  0.058351  0.028011  -0.059236  0.997735  0.031868  -0.026088  -0.033460  0.999100  0.003012  -0.001279  -0.005399  0.000000  0.000000  0.000000  2.000000  
25.276937 0.009274  0.089282  0.010849  0.997887  0.058552  0.028151  -0.059441  0.997723  0.031854  -0.026222  -0.033460  0.999096  0.003018  -0.001377  -0.005303  0.000000  0.000000  0.000000  2.000000  
25.277943 0.009276  0.089280  0.010844  0.997887  0.058552  0.028151  -0.059441  0.997723  0.031854  -0.026222  -0.033460  0.999096  0.002928  -0.001501  -0.005214  0.000000  0.000000  0.000000  2.000000  
25.279180 0.009280  0.089277  0.010838  0.997872  0.058750  0.028298  -0.059646  0.997708  0.031961  -0.026355  -0.033581  0.999088  0.002919  -0.001564  -0.005122  0.000000  0.000000  0.000000  2.000000  
25.280185 0.009282  0.089275  0.010833  0.997859  0.058955  0.028304  -0.059852  0.997696  0.031956  -0.026355  -0.033581  0.999088  0.002881  -0.001646  -0.005075  0.000000  0.000000  0.000000  2.000000  
25.281430 0.009286  0.089273  0.010827  0.997843  0.059156  0.028444  -0.060057  0.997684  0.031942  -0.026489  -0.033581  0.999085  0.002839  -0.001734  -0.005003  0.000000  0.000000  0.000000  2.000000  
25.282432 0.009288  0.089271  0.010822  0.997843  0.059156  0.028444  -0.060057  0.997684  0.031942  -0.026489  -0.033581  0.999085  0.002796  -0.001794  -0.004972  0.000000  0.000000  0.000000  2.000000  
25.283684 0.009291  0.089269  0.010816  0.997827  0.059357  0.028584  -0.060262  0.997672  0.031928  -0.026623  -0.033581  0.999081  0.002758  -0.001832  -0.004960  0.000000  0.000000  0.000000  2.000000  
25.284930 0.009294  0.089266  0.010810  0.997815  0.059562  0.028591  -0.060468  0.997660  0.031922  -0.026623  -0.033581  0.999081  0.002703  -0.001877  -0.004911  0.000000  0.000000  0.000000  2.000000  
25.286185 0.009298  0.089264  0.010804  0.997799  0.059760  0.028738  -0.060673  0.997644  0.032029  -0.026757  -0.033702  0.999074  0.002686  -0.001907  -0.004851  0.000000  0.000000  0.000000  2.000000  
25.287190 0.009300  0.089263  0.010800  0.997787  0.059965  0.028745  -0.060878  0.997631  0.032023  -0.026757  -0.033702  0.999074  0.002644  -0.001866  -0.004801  0.000000  0.000000  0.000000  2.000000  
25.288438 0.009303  0.089261  0.010794  0.997770  0.060166  0.028885  -0.061084  0.997619  0.032009  -0.026890  -0.033702  0.999070  0.002573  -0.001855  -0.004777  0.000000  0.000000  0.000000  2.000000  
25.289684 0.009306  0.089259  0.010789  0.997767  0.060161  0.029018  -0.061083  0.997620  0.032001  -0.027024  -0.033702  0.999067  0.002588  -0.001820  -0.004725  0.000000  0.000000  0.000000  2.000000  
25.290936 0.009310  0.089258  0.010783  0.997754  0.060363  0.029032  -0.061289  0.997603  0.032116  -0.027024  -0.033823  0.999062  0.002565  -0.001695  -0.004681  0.000000  0.000000  0.000000  2.000000  
25.291949 0.009312  0.089257  0.010779  0.997738  0.060564  0.029172  -0.061494  0.997591  0.032102  -0.027158  -0.033823  0.999059  0.002546  -0.001688  -0.004647  0.000000  0.000000  0.000000  2.000000  
25.293183 0.009315  0.089256  0.010773  0.997725  0.060770  0.029179  -0.061699  0.997579  0.032096  -0.027158  -0.033823  0.999059  0.002533  -0.001592  -0.004594  0.000000  0.000000  0.000000  2.000000  
25.294432 0.009319  0.089255  0.010768  0.997709  0.060970  0.029319  -0.061904  0.997566  0.032081  -0.027292  -0.033823  0.999055  0.002527  -0.001475  -0.004584  0.000000  0.000000  0.000000  2.000000  
25.295433 0.009321  0.089254  0.010763  0.997696  0.061176  0.029326  -0.062110  0.997554  0.032075  -0.027292  -0.033823  0.999055  0.002534  -0.001411  -0.004542  0.000000  0.000000  0.000000  2.000000  
25.296680 0.009324  0.089254  0.010758  0.997680  0.061377  0.029466  -0.062315  0.997541  0.032061  -0.027425  -0.033823  0.999051  0.002550  -0.001256  -0.004495  0.000000  0.000000  0.000000  2.000000  
25.297946 0.009328  0.089253  0.010753  0.997676  0.061372  0.029599  -0.062315  0.997542  0.032053  -0.027559  -0.033823  0.999048  0.002566  -0.001109  -0.004438  0.000000  0.000000  0.000000  2.000000  
25.299185 0.009331  0.089253  0.010747  0.997663  0.061574  0.029613  -0.062520  0.997525  0.032167  -0.027559  -0.033944  0.999044  0.002600  -0.000967  -0.004427  0.000000  0.000000  0.000000  2.000000  
25.300430 0.009335  0.089253  0.010742  0.997647  0.061775  0.029753  -0.062725  0.997513  0.032153  -0.027693  -0.033944  0.999040  0.002625  -0.000822  -0.004393  0.000000  0.000000  0.000000  2.000000  
25.301433 0.009338  0.089253  0.010738  0.997630  0.061976  0.029893  -0.062931  0.997500  0.032138  -0.027827  -0.033943  0.999036  0.002673  -0.000711  -0.004376  0.000000  0.000000  0.000000  2.000000  
25.302684 0.009342  0.089253  0.010733  0.997617  0.062181  0.029900  -0.063136  0.997488  0.032132  -0.027827  -0.033943  0.999036  0.002719  -0.000557  -0.004273  0.000000  0.000000  0.000000  2.000000  
25.303688 0.009345  0.089253  0.010729  0.997600  0.062382  0.030040  -0.063341  0.997475  0.032118  -0.027960  -0.033943  0.999033  0.002748  -0.000469  -0.004287  0.000000  0.000000  0.000000  2.000000  
25.304936 0.009348  0.089254  0.010724  0.997600  0.062378  0.030047  -0.063341  0.997471  0.032239  -0.027960  -0.034065  0.999028  0.002763  -0.000330  -0.004247  0.000000  0.000000  0.000000  2.000000  
25.306188 0.009352  0.089254  0.010719  0.997583  0.062579  0.030187  -0.063546  0.997459  0.032224  -0.028094  -0.034064  0.999025  0.002757  -0.000225  -0.004196  0.000000  0.000000  0.000000  2.000000  
25.307433 0.009355  0.089254  0.010714  0.997570  0.062784  0.030194  -0.063752  0.997446  0.032218  -0.028094  -0.034064  0.999025  0.002759  -0.000135  -0.004171  0.000000  0.000000  0.000000  2.000000  
25.308434 0.009357  0.089255  0.010710  0.997553  0.062985  0.030334  -0.063957  0.997433  0.032203  -0.028228  -0.034064  0.999021  0.002791  -0.000014  -0.004121  0.000000  0.000000  0.000000  2.000000  
25.309434 0.009360  0.089255  0.010707  0.997540  0.063190  0.030341  -0.064162  0.997420  0.032197  -0.028228  -0.034064  0.999021  0.002733  0.000033  -0.004042  0.000000  0.000000  0.000000  2.000000  
25.310684 0.009363  0.089256  0.010703  0.997536  0.063186  0.030474  -0.064162  0.997420  0.032188  -0.028362  -0.034064  0.999017  0.002725  0.000103  -0.003972  0.000000  0.000000  0.000000  2.000000  
25.311962 0.009366  0.089256  0.010699  0.997523  0.063391  0.030481  -0.064367  0.997407  0.032182  -0.028362  -0.034064  0.999017  0.002693  0.000179  -0.003860  0.000000  0.000000  0.000000  2.000000  
25.313184 0.009369  0.089257  0.010695  0.997506  0.063592  0.030621  -0.064572  0.997394  0.032167  -0.028495  -0.034064  0.999013  0.002673  0.000257  -0.003765  0.000000  0.000000  0.000000  2.000000  
