1-Time 2-Px 3-Py 4-Pz 5-R11 6-R21 7-R31 8-R12 9-R22 10-R32 11-R13 12-R23 13-R33 14-Vx 15-Vy 16-Vz 17-Wx 18-Wy 19-Wz 20-state 21-PR11 22-PR21 23-PR31 24-PR12 25-PR22 26-PR32 27-PR13 28-PR23 29-PR33 
97.599337 0.004311  0.090509  -0.006412  0.982487  0.156662  0.100877  -0.111314  0.059325  0.992013  0.149427  -0.985869  0.075725  -0.001451  -0.000905  -0.000264  0.039499  0.311915  0.300470  2.000000  
97.600338 0.004310  0.090508  -0.006412  0.982470  0.156912  0.100652  -0.111107  0.059328  0.992036  0.149691  -0.985829  0.075722  -0.001428  -0.000890  -0.000260  0.035352  0.311945  0.300547  2.000000  
97.601342 0.004308  0.090506  -0.006413  0.982427  0.157056  0.100846  -0.111307  0.059280  0.992016  0.149823  -0.985809  0.075720  -0.001454  -0.000984  -0.000298  0.034196  0.290603  0.293061  2.000000  
97.602355 0.004307  0.090503  -0.006414  0.982401  0.156937  0.101284  -0.111714  0.059110  0.991981  0.149691  -0.985838  0.075602  -0.001424  -0.001114  -0.000346  0.037260  0.269526  0.281743  2.000000  
97.603605 0.004306  0.090499  -0.006415  0.982352  0.156842  0.101907  -0.112323  0.059028  0.991917  0.149559  -0.985858  0.075604  -0.001390  -0.001270  -0.000383  0.038084  0.233059  0.261386  2.000000  
97.604842 0.004305  0.090495  -0.006416  0.982329  0.156854  0.102111  -0.112525  0.058996  0.991896  0.149559  -0.985858  0.075604  -0.001309  -0.001449  -0.000380  0.041079  0.211628  0.249632  2.000000  
97.606091 0.004303  0.090491  -0.006416  0.982309  0.156985  0.102101  -0.112523  0.058981  0.991897  0.149691  -0.985838  0.075602  -0.001289  -0.001681  -0.000417  0.038973  0.197273  0.241755  2.000000  
97.607092 0.004302  0.090487  -0.006416  0.982223  0.157272  0.102489  -0.112923  0.058886  0.991857  0.149956  -0.985798  0.075599  -0.001242  -0.001827  -0.000355  0.037873  0.176429  0.238871  2.000000  
97.608092 0.004301  0.090484  -0.006416  0.982136  0.157558  0.102877  -0.113323  0.058791  0.991817  0.150220  -0.985758  0.075596  -0.001220  -0.001979  -0.000357  0.037800  0.148764  0.236514  2.000000  
97.609342 0.004300  0.090481  -0.006416  0.982046  0.157725  0.103480  -0.113927  0.058679  0.991755  0.150353  -0.985738  0.075595  -0.001160  -0.002130  -0.000330  0.038769  0.113934  0.230200  2.000000  
97.610603 0.004298  0.090477  -0.006417  0.981996  0.157618  0.104121  -0.114536  0.058476  0.991697  0.150220  -0.985767  0.075476  -0.001194  -0.002312  -0.000418  0.043822  0.078369  0.214833  2.000000  
97.611843 0.004295  0.090473  -0.006419  0.981921  0.157535  0.104948  -0.115347  0.058362  0.991609  0.150088  -0.985787  0.075478  -0.001266  -0.002545  -0.000481  0.049938  0.036075  0.200153  2.000000  
97.613090 0.004293  0.090469  -0.006419  0.981842  0.157346  0.105970  -0.116362  0.058351  0.991491  0.149823  -0.985818  0.075601  -0.001274  -0.002769  -0.000449  0.047894  -0.006596  0.180907  2.000000  
97.614094 0.004292  0.090464  -0.006418  0.981789  0.157264  0.106573  -0.116971  0.058390  0.991417  0.149691  -0.985829  0.075722  -0.001325  -0.003016  -0.000402  0.000000  0.000000  0.000000  2.000000  
97.615337 0.004289  0.090460  -0.006417  0.981732  0.157063  0.107390  -0.117784  0.058412  0.991320  0.149427  -0.985860  0.075844  -0.001380  -0.003202  -0.000281  0.000000  0.000000  0.000000  2.000000  
97.616338 0.004287  0.090456  -0.006416  0.981679  0.156981  0.107994  -0.118393  0.058451  0.991245  0.149294  -0.985870  0.075966  -0.001449  -0.003339  -0.000178  0.000000  0.000000  0.000000  2.000000  
97.617595 0.004283  0.090451  -0.006415  0.981626  0.156899  0.108597  -0.119002  0.058490  0.991170  0.149162  -0.985881  0.076087  -0.001571  -0.003402  -0.000028  0.000000  0.000000  0.000000  2.000000  
97.618603 0.004281  0.090447  -0.006415  0.981572  0.156818  0.109200  -0.119610  0.058529  0.991094  0.149030  -0.985892  0.076208  -0.001647  -0.003465  0.000002  0.036752  -0.184009  0.104409  2.000000  
97.619862 0.004278  0.090441  -0.006417  0.981513  0.156617  0.110018  -0.120423  0.058553  0.990994  0.148765  -0.985922  0.076330  -0.001818  -0.003596  -0.000054  0.033699  -0.219425  0.089095  2.000000  
97.621092 0.004274  0.090435  -0.006419  0.981453  0.156417  0.110835  -0.121237  0.058576  0.990894  0.148500  -0.985953  0.076453  -0.001928  -0.003692  -0.000215  0.035792  -0.262215  0.069921  2.000000  
97.622340 0.004272  0.090429  -0.006423  0.981372  0.156348  0.111642  -0.122047  0.058584  0.990794  0.148368  -0.985963  0.076574  -0.002033  -0.003795  -0.000510  0.033821  -0.304578  0.055171  2.000000  
97.623341 0.004270  0.090426  -0.006428  0.981316  0.156253  0.112264  -0.122656  0.058503  0.990723  0.148236  -0.985983  0.076576  -0.002085  -0.003821  -0.000775  0.033872  -0.333019  0.043829  2.000000  
97.624342 0.004268  0.090423  -0.006432  0.981285  0.156160  0.112663  -0.123062  0.058576  0.990669  0.148103  -0.985993  0.076697  -0.002137  -0.003848  -0.001040  0.032911  -0.354837  0.027493  2.000000  
97.625595 0.004267  0.090419  -0.006438  0.981249  0.155948  0.113277  -0.123673  0.058632  0.990589  0.147839  -0.986024  0.076820  -0.002046  -0.003872  -0.001369  0.029869  -0.390195  0.012195  2.000000  
97.626843 0.004265  0.090414  -0.006444  0.981192  0.155867  0.113880  -0.124282  0.058673  0.990511  0.147706  -0.986034  0.076941  -0.002015  -0.003922  -0.001754  0.029947  -0.418864  -0.003596  2.000000  
97.628087 0.004262  0.090408  -0.006450  0.981154  0.155656  0.114493  -0.124893  0.058730  0.990431  0.147442  -0.986064  0.077063  -0.002084  -0.004018  -0.002094  0.026928  -0.454451  -0.018886  2.000000  
97.629091 0.004260  0.090403  -0.006455  0.981096  0.155561  0.115115  -0.125501  0.058651  0.990358  0.147309  -0.986084  0.077065  -0.002139  -0.004077  -0.002443  0.027017  -0.483099  -0.034732  2.000000  
97.630342 0.004256  0.090398  -0.006462  0.981064  0.155468  0.115514  -0.125908  0.058723  0.990302  0.147177  -0.986094  0.077186  -0.002201  -0.004134  -0.003058  0.026058  -0.504683  -0.046573  2.000000  
97.631588 0.004252  0.090391  -0.006469  0.981005  0.155388  0.116117  -0.126516  0.058764  0.990222  0.147045  -0.986104  0.077307  -0.002267  -0.004267  -0.003591  0.023835  -0.514702  -0.053997  2.000000  
97.632594 0.004249  0.090386  -0.006477  0.980953  0.155412  0.116525  -0.126920  0.058700  0.990175  0.147045  -0.986104  0.077307  -0.002265  -0.004320  -0.004119  0.018740  -0.507603  -0.050107  2.000000  
97.633603 0.004247  0.090381  -0.006484  0.980927  0.155438  0.116710  -0.127122  0.058789  0.990143  0.147045  -0.986095  0.077427  -0.002268  -0.004394  -0.004604  0.013646  -0.500515  -0.046156  2.000000  
97.634840 0.004244  0.090376  -0.006494  0.980901  0.155464  0.116895  -0.127324  0.058877  0.990112  0.147045  -0.986085  0.077546  -0.002263  -0.004357  -0.005152  0.009603  -0.500526  -0.046126  2.000000  
97.635847 0.004242  0.090372  -0.006502  0.980894  0.155360  0.117090  -0.127528  0.058982  0.990080  0.146912  -0.986096  0.077668  -0.002203  -0.004260  -0.005594  0.006630  -0.512116  -0.054906  2.000000  
97.636850 0.004240  0.090370  -0.006509  0.980887  0.155255  0.117285  -0.127733  0.059087  0.990047  0.146780  -0.986106  0.077789  -0.002157  -0.004139  -0.005897  0.001561  -0.506297  -0.068849  2.000000  
97.638092 0.004239  0.090366  -0.006520  0.980854  0.155163  0.117684  -0.128139  0.059160  0.989990  0.146648  -0.986116  0.077910  -0.002111  -0.004081  -0.006285  -0.002461  -0.503265  -0.081605  2.000000  
97.639135 0.004237  0.090364  -0.006529  0.980801  0.155187  0.118092  -0.128543  0.059096  0.989942  0.146648  -0.986116  0.077910  -0.002096  -0.003997  -0.006545  -0.003471  -0.500234  -0.087170  2.000000  
97.640340 0.004236  0.090362  -0.006539  0.980775  0.155214  0.118277  -0.128745  0.059184  0.989910  0.146648  -0.986106  0.078030  -0.002086  -0.003878  -0.006796  -0.009529  -0.483324  -0.087605  2.000000  
97.641343 0.004235  0.090360  -0.006547  0.980748  0.155241  0.118462  -0.128947  0.059272  0.989879  0.146648  -0.986097  0.078149  -0.002074  -0.003730  -0.007047  -0.019878  -0.472964  -0.080421  2.000000  
97.642604 0.004233  0.090357  -0.006557  0.980729  0.155371  0.118451  -0.128944  0.059255  0.989880  0.146780  -0.986077  0.078148  -0.002022  -0.003595  -0.007314  -0.020957  -0.437678  -0.069581  2.000000  
97.643605 0.004232  0.090354  -0.006565  0.980702  0.155398  0.118636  -0.129146  0.059343  0.989848  0.146780  -0.986068  0.078267  -0.001903  -0.003405  -0.007556  -0.027110  -0.423669  -0.066132  2.000000  
97.644841 0.004231  0.090349  -0.006577  0.980683  0.155543  0.118607  -0.129144  0.059446  0.989842  0.146912  -0.986039  0.078385  -0.001774  -0.003321  -0.007929  -0.032275  -0.388700  -0.055325  2.000000  
97.645841 0.004230  0.090346  -0.006587  0.980656  0.155555  0.118811  -0.129345  0.059414  0.989818  0.146912  -0.986039  0.078385  -0.001674  -0.003279  -0.008147  -0.029250  -0.381550  -0.051353  2.000000  
97.646844 0.004228  0.090341  -0.006597  0.980649  0.155451  0.119006  -0.129550  0.059519  0.989785  0.146780  -0.986049  0.078506  -0.001514  -0.003200  -0.008429  -0.031347  -0.367899  -0.052373  2.000000  
97.647854 0.004228  0.090338  -0.006607  0.980622  0.155463  0.119210  -0.129752  0.059487  0.989760  0.146780  -0.986049  0.078506  -0.001365  -0.003069  -0.008603  -0.028306  -0.360586  -0.048382  2.000000  
97.649090 0.004229  0.090335  -0.006618  0.980622  0.155478  0.119191  -0.129752  0.059608  0.989753  0.146780  -0.986039  0.078626  -0.001125  -0.002922  -0.008673  -0.031161  -0.337219  -0.045120  2.000000  
97.650338 0.004231  0.090333  -0.006628  0.980576  0.155621  0.119385  -0.129951  0.059558  0.989730  0.146912  -0.986020  0.078624  -0.000815  -0.002732  -0.008687  -0.031196  -0.309105  -0.033884  2.000000  
97.651362 0.004233  0.090332  -0.006635  0.980557  0.155766  0.119355  -0.129949  0.059661  0.989724  0.147045  -0.985991  0.078742  -0.000532  -0.002584  -0.008620  -0.035513  -0.283406  -0.027282  2.000000  
97.652602 0.004235  0.090330  -0.006644  0.980537  0.155897  0.119345  -0.129946  0.059644  0.989726  0.147177  -0.985971  0.078741  -0.000233  -0.002454  -0.008504  -0.034539  -0.262028  -0.015443  2.000000  
97.653605 0.004238  0.090329  -0.006650  0.980518  0.156028  0.119334  -0.129943  0.059626  0.989727  0.147309  -0.985951  0.078739  0.000020  -0.002423  -0.008399  -0.036289  -0.245688  -0.007492  2.000000  
97.654843 0.004241  0.090327  -0.006659  0.980471  0.156185  0.119509  -0.130143  0.059697  0.989697  0.147442  -0.985922  0.078857  0.000313  -0.002346  -0.008311  -0.038316  -0.231455  0.000363  2.000000  
97.656091 0.004244  0.090325  -0.006668  0.980471  0.156200  0.119490  -0.130143  0.059817  0.989689  0.147442  -0.985913  0.078977  0.000626  -0.002322  -0.008248  -0.038660  -0.205741  0.002734  2.000000  
97.657092 0.004246  0.090323  -0.006676  0.980471  0.156200  0.119490  -0.130143  0.059817  0.989689  0.147442  -0.985913  0.078977  0.000857  -0.002323  -0.008202  -0.040725  -0.191369  0.010620  2.000000  
97.658097 0.004249  0.090321  -0.006683  0.980425  0.156357  0.119664  -0.130342  0.059887  0.989659  0.147574  -0.985883  0.079095  0.001147  -0.002267  -0.008091  -0.042761  -0.176994  0.018526  2.000000  
97.659342 0.004252  0.090318  -0.006691  0.980425  0.156357  0.119664  -0.130342  0.059887  0.989659  0.147574  -0.985883  0.079095  0.001383  -0.002180  -0.007902  0.000000  0.000000  0.000000  2.000000  
97.660595 0.004255  0.090316  -0.006698  0.980378  0.156515  0.119838  -0.130541  0.059958  0.989628  0.147706  -0.985854  0.079213  0.001741  -0.001996  -0.007532  0.000000  0.000000  0.000000  2.000000  
97.661843 0.004258  0.090315  -0.006705  0.980359  0.156646  0.119828  -0.130538  0.059940  0.989630  0.147839  -0.985834  0.079211  0.001999  -0.001796  -0.007166  0.000000  0.000000  0.000000  2.000000  
97.663088 0.004262  0.090314  -0.006710  0.980359  0.156660  0.119809  -0.130538  0.060060  0.989622  0.147839  -0.985825  0.079331  0.002238  -0.001581  -0.006699  0.000000  0.000000  0.000000  2.000000  
97.664096 0.004265  0.090313  -0.006714  0.980339  0.156791  0.119798  -0.130536  0.060043  0.989624  0.147971  -0.985805  0.079329  0.002423  -0.001408  -0.006317  0.000000  0.000000  0.000000  2.000000  
97.665343 0.004269  0.090313  -0.006719  0.980312  0.156803  0.120002  -0.130738  0.060011  0.989599  0.147971  -0.985805  0.079329  0.002562  -0.001280  -0.006008  0.000000  0.000000  0.000000  2.000000  
97.666601 0.004272  0.090313  -0.006724  0.980293  0.156949  0.119972  -0.130735  0.060113  0.989593  0.148103  -0.985776  0.079447  0.002638  -0.001180  -0.005769  0.000000  0.000000  0.000000  2.000000  
97.667842 0.004276  0.090313  -0.006729  0.980266  0.156961  0.120176  -0.130937  0.060081  0.989568  0.148103  -0.985776  0.079447  0.002700  -0.001109  -0.005616  0.000000  0.000000  0.000000  2.000000  
97.668849 0.004279  0.090313  -0.006734  0.980266  0.156961  0.120176  -0.130937  0.060081  0.989568  0.148103  -0.985776  0.079447  0.002680  -0.001073  -0.005440  0.000000  0.000000  0.000000  2.000000  
97.669853 0.004282  0.090313  -0.006739  0.980246  0.157106  0.120147  -0.130934  0.060184  0.989563  0.148236  -0.985746  0.079565  0.002721  -0.000977  -0.005240  0.000000  0.000000  0.000000  2.000000  
97.670884 0.004284  0.090312  -0.006743  0.980219  0.157119  0.120350  -0.131136  0.060151  0.989538  0.148236  -0.985746  0.079565  0.002680  -0.000929  -0.005034  0.000000  0.000000  0.000000  2.000000  
97.672092 0.004287  0.090310  -0.006747  0.980219  0.157119  0.120350  -0.131136  0.060151  0.989538  0.148236  -0.985746  0.079565  0.002686  -0.000867  -0.004715  0.000000  0.000000  0.000000  2.000000  
97.673094 0.004288  0.090308  -0.006750  0.980199  0.157264  0.120321  -0.131133  0.060254  0.989532  0.148368  -0.985717  0.079683  0.002626  -0.000815  -0.004457  0.000000  0.000000  0.000000  2.000000  
97.674341 0.004291  0.090307  -0.006753  0.980199  0.157264  0.120321  -0.131133  0.060254  0.989532  0.148368  -0.985717  0.079683  0.002600  -0.000780  -0.004123  0.000000  0.000000  0.000000  2.000000  
97.675343 0.004292  0.090305  -0.006755  0.980172  0.157277  0.120524  -0.131335  0.060221  0.989507  0.148368  -0.985717  0.079683  0.002525  -0.000759  -0.003881  0.000000  0.000000  0.000000  2.000000  
97.676594 0.004294  0.090303  -0.006758  0.980172  0.157277  0.120524  -0.131335  0.060221  0.989507  0.148368  -0.985717  0.079683  0.002417  -0.000807  -0.003637  0.000000  0.000000  0.000000  2.000000  
97.677651 0.004295  0.090301  -0.006761  0.980172  0.157277  0.120524  -0.131335  0.060221  0.989507  0.148368  -0.985717  0.079683  0.002301  -0.000866  -0.003514  0.000000  0.000000  0.000000  2.000000  
97.678844 0.004297  0.090299  -0.006765  0.980172  0.157277  0.120524  -0.131335  0.060221  0.989507  0.148368  -0.985717  0.079683  0.002227  -0.000956  -0.003490  0.000000  0.000000  0.000000  2.000000  
97.680090 0.004299  0.090296  -0.006770  0.980172  0.157277  0.120524  -0.131335  0.060221  0.989507  0.148368  -0.985717  0.079683  0.002071  -0.001138  -0.003490  0.000000  0.000000  0.000000  2.000000  
97.681191 0.004300  0.090295  -0.006774  0.980172  0.157262  0.120543  -0.131335  0.060101  0.989514  0.148368  -0.985726  0.079564  0.001909  -0.001272  -0.003421  0.000000  0.000000  0.000000  2.000000  
97.682343 0.004302  0.090292  -0.006778  0.980172  0.157262  0.120543  -0.131335  0.060101  0.989514  0.148368  -0.985726  0.079564  0.001761  -0.001421  -0.003366  0.000000  0.000000  0.000000  2.000000  
97.683603 0.004303  0.090290  -0.006782  0.980192  0.157131  0.120554  -0.131338  0.060119  0.989513  0.148236  -0.985746  0.079565  0.001606  -0.001585  -0.003276  0.000000  0.000000  0.000000  2.000000  
97.684840 0.004303  0.090286  -0.006787  0.980192  0.157131  0.120554  -0.131338  0.060119  0.989513  0.148236  -0.985746  0.079565  0.001425  -0.001756  -0.003225  0.000000  0.000000  0.000000  2.000000  
97.685846 0.004304  0.090284  -0.006789  0.980219  0.157119  0.120350  -0.131136  0.060151  0.989538  0.148236  -0.985746  0.079565  0.001330  -0.001844  -0.003113  0.000000  0.000000  0.000000  2.000000  
97.687092 0.004305  0.090281  -0.006792  0.980239  0.156988  0.120361  -0.131139  0.060169  0.989536  0.148103  -0.985766  0.079567  0.001193  -0.001977  -0.002990  0.000000  0.000000  0.000000  2.000000  
97.688092 0.004304  0.090278  -0.006794  0.980239  0.156988  0.120361  -0.131139  0.060169  0.989536  0.148103  -0.985766  0.079567  0.001075  -0.002042  -0.002954  0.000000  0.000000  0.000000  2.000000  
97.689093 0.004305  0.090275  -0.006796  0.980285  0.156830  0.120187  -0.130939  0.060098  0.989567  0.147971  -0.985795  0.079449  0.000957  -0.002113  -0.002945  0.000000  0.000000  0.000000  2.000000  
97.690342 0.004305  0.090272  -0.006800  0.980305  0.156700  0.120197  -0.130942  0.060116  0.989566  0.147839  -0.985815  0.079451  0.000816  -0.002234  -0.002946  0.000000  0.000000  0.000000  2.000000  
97.691597 0.004305  0.090268  -0.006804  0.980332  0.156687  0.119994  -0.130740  0.060148  0.989590  0.147839  -0.985815  0.079451  0.000715  -0.002322  -0.003031  0.000000  0.000000  0.000000  2.000000  
97.692842 0.004305  0.090265  -0.006808  0.980352  0.156557  0.120004  -0.130743  0.060166  0.989589  0.147706  -0.985835  0.079452  0.000600  -0.002375  -0.003068  0.000000  0.000000  0.000000  2.000000  
97.694090 0.004305  0.090262  -0.006812  0.980378  0.156544  0.119800  -0.130541  0.060198  0.989614  0.147706  -0.985835  0.079452  0.000498  -0.002416  -0.003004  0.000000  0.000000  0.000000  2.000000  
97.695337 0.004305  0.090260  -0.006815  0.980425  0.156401  0.119607  -0.130342  0.060247  0.989637  0.147574  -0.985854  0.079454  0.000372  -0.002447  -0.002946  0.000000  0.000000  0.000000  2.000000  
97.696337 0.004306  0.090257  -0.006818  0.980452  0.156389  0.119403  -0.130140  0.060280  0.989662  0.147574  -0.985854  0.079454  0.000318  -0.002453  -0.002872  0.000000  0.000000  0.000000  2.000000  
97.697340 0.004305  0.090255  -0.006821  0.980478  0.156362  0.119219  -0.129938  0.060192  0.989693  0.147574  -0.985864  0.079334  0.000238  -0.002457  -0.002825  0.000000  0.000000  0.000000  2.000000  
97.698590 0.004305  0.090253  -0.006824  0.980498  0.156231  0.119229  -0.129941  0.060209  0.989692  0.147442  -0.985884  0.079336  0.000152  -0.002425  -0.002765  0.000000  0.000000  0.000000  2.000000  
97.699595 0.004305  0.090251  -0.006826  0.980525  0.156219  0.119025  -0.129739  0.060241  0.989717  0.147442  -0.985884  0.079336  0.000118  -0.002372  -0.002670  0.000000  0.000000  0.000000  2.000000  
97.700847 0.004304  0.090249  -0.006830  0.980571  0.156075  0.118832  -0.129540  0.060291  0.989740  0.147309  -0.985903  0.079337  0.000018  -0.002348  -0.002706  0.000000  0.000000  0.000000  2.000000  
97.702095 0.004303  0.090246  -0.006833  0.980617  0.155932  0.118639  -0.129340  0.060340  0.989763  0.147177  -0.985923  0.079339  -0.000076  -0.002305  -0.002789  0.000000  0.000000  0.000000  2.000000  
97.703341 0.004303  0.090243  -0.006837  0.980644  0.155920  0.118435  -0.129138  0.060372  0.989787  0.147177  -0.985923  0.079339  -0.000139  -0.002274  -0.002837  0.000000  0.000000  0.000000  2.000000  
97.704342 0.004302  0.090242  -0.006840  0.980663  0.155803  0.118427  -0.129141  0.060509  0.989778  0.147045  -0.985933  0.079460  -0.000171  -0.002178  -0.002878  0.000000  0.000000  0.000000  2.000000  
97.705594 0.004301  0.090240  -0.006844  0.980690  0.155791  0.118223  -0.128939  0.060542  0.989803  0.147045  -0.985933  0.079460  -0.000254  -0.002081  -0.002916  0.000000  0.000000  0.000000  2.000000  
97.706603 0.004300  0.090238  -0.006846  0.980716  0.155778  0.118019  -0.128737  0.060574  0.989827  0.147045  -0.985933  0.079460  -0.000311  -0.001975  -0.002845  0.000000  0.000000  0.000000  2.000000  
97.707841 0.004299  0.090237  -0.006849  0.980743  0.155766  0.117815  -0.128535  0.060606  0.989851  0.147045  -0.985933  0.079460  -0.000363  -0.001839  -0.002771  0.000000  0.000000  0.000000  2.000000  
97.709091 0.004299  0.090237  -0.006852  0.980796  0.155741  0.117408  -0.128131  0.060670  0.989900  0.147045  -0.985933  0.079460  -0.000445  -0.001707  -0.002684  0.000000  0.000000  0.000000  2.000000  
97.710092 0.004298  0.090236  -0.006853  0.980815  0.155610  0.117418  -0.128134  0.060687  0.989898  0.146912  -0.985953  0.079462  -0.000476  -0.001590  -0.002581  0.000000  0.000000  0.000000  2.000000  
97.711340 0.004297  0.090236  -0.006855  0.980868  0.155585  0.117011  -0.127730  0.060751  0.989947  0.146912  -0.985953  0.079462  -0.000529  -0.001451  -0.002464  0.000000  0.000000  0.000000  2.000000  
97.712588 0.004297  0.090234  -0.006858  0.980914  0.155442  0.116818  -0.127531  0.060800  0.989969  0.146780  -0.985972  0.079463  -0.000580  -0.001401  -0.002429  0.000000  0.000000  0.000000  2.000000  
97.713603 0.004296  0.090234  -0.006859  0.980940  0.155443  0.116595  -0.127329  0.060952  0.989986  0.146780  -0.985963  0.079583  -0.000629  -0.001287  -0.002385  0.000000  0.000000  0.000000  2.000000  
97.714844 0.004295  0.090233  -0.006862  0.980986  0.155300  0.116402  -0.127129  0.061001  0.990009  0.146648  -0.985982  0.079584  -0.000648  -0.001180  -0.002327  0.000000  0.000000  0.000000  2.000000  
97.716088 0.004295  0.090232  -0.006865  0.981012  0.155287  0.116198  -0.126927  0.061033  0.990033  0.146648  -0.985982  0.079584  -0.000631  -0.001063  -0.002301  0.000000  0.000000  0.000000  2.000000  
97.717091 0.004294  0.090231  -0.006867  0.981038  0.155275  0.115994  -0.126725  0.061065  0.990056  0.146648  -0.985982  0.079584  -0.000634  -0.001005  -0.002223  0.000000  0.000000  0.000000  2.000000  
97.718131 0.004293  0.090230  -0.006869  0.981064  0.155262  0.115790  -0.126524  0.061097  0.990080  0.146648  -0.985982  0.079584  -0.000622  -0.000910  -0.002164  0.000000  0.000000  0.000000  2.000000  
97.719345 0.004293  0.090229  -0.006871  0.981090  0.155264  0.115568  -0.126322  0.061249  0.990097  0.146648  -0.985972  0.079704  -0.000596  -0.000827  -0.002071  0.000000  0.000000  0.000000  2.000000  
97.720594 0.004293  0.090229  -0.006873  0.981161  0.155108  0.115170  -0.125920  0.061330  0.990143  0.146515  -0.985992  0.079706  -0.000528  -0.000740  -0.001941  -0.033347  0.165610  -0.058127  2.000000  
97.721595 0.004293  0.090228  -0.006874  0.981187  0.155095  0.114967  -0.125718  0.061362  0.990167  0.146515  -0.985992  0.079706  -0.000458  -0.000675  -0.001870  -0.033338  0.165563  -0.058111  2.000000  
97.722602 0.004293  0.090228  -0.006876  0.981213  0.155082  0.114763  -0.125516  0.061394  0.990190  0.146515  -0.985992  0.079706  -0.000408  -0.000653  -0.001814  -0.034612  0.174075  -0.054646  2.000000  
97.723606 0.004294  0.090228  -0.006877  0.981258  0.154939  0.114569  -0.125317  0.061442  0.990212  0.146383  -0.986012  0.079707  -0.000338  -0.000625  -0.001763  -0.034359  0.172504  -0.058715  2.000000  
97.724842 0.004294  0.090227  -0.006879  0.981284  0.154926  0.114366  -0.125115  0.061474  0.990236  0.146383  -0.986012  0.079707  -0.000259  -0.000621  -0.001703  -0.034323  0.172325  -0.058655  2.000000  
97.725843 0.004294  0.090226  -0.006880  0.981310  0.154914  0.114162  -0.124913  0.061506  0.990259  0.146383  -0.986012  0.079707  -0.000229  -0.000618  -0.001744  -0.034597  0.174122  -0.054660  2.000000  
97.726844 0.004295  0.090226  -0.006882  0.981355  0.154770  0.113968  -0.124713  0.061555  0.990282  0.146251  -0.986031  0.079709  -0.000155  -0.000624  -0.001712  -0.039680  0.180594  -0.059685  2.000000  
97.728092 0.004295  0.090225  -0.006884  0.981406  0.154745  0.113561  -0.124309  0.061618  0.990328  0.146251  -0.986031  0.079709  -0.000108  -0.000647  -0.001671  -0.040468  0.186365  -0.059897  2.000000  
97.729338 0.004295  0.090224  -0.006886  0.981432  0.154746  0.113338  -0.124107  0.061770  0.990344  0.146251  -0.986021  0.079828  -0.000016  -0.000636  -0.001618  -0.044772  0.187826  -0.055778  2.000000  
97.730601 0.004295  0.090223  -0.006888  0.981483  0.154720  0.112930  -0.123703  0.061834  0.990391  0.146251  -0.986021  0.079828  0.000046  -0.000593  -0.001604  -0.045758  0.194942  -0.051826  2.000000  
97.731845 0.004295  0.090222  -0.006889  0.981528  0.154577  0.112737  -0.123503  0.061882  0.990413  0.146118  -0.986041  0.079830  0.000112  -0.000585  -0.001509  -0.045738  0.194974  -0.051834  2.000000  
97.733090 0.004296  0.090221  -0.006891  0.981578  0.154551  0.112329  -0.123099  0.061946  0.990459  0.146118  -0.986041  0.079830  0.000149  -0.000575  -0.001458  -0.047372  0.206888  -0.052496  2.000000  
97.734340 0.004296  0.090221  -0.006892  0.981604  0.154552  0.112107  -0.122897  0.062098  0.990475  0.146118  -0.986031  0.079949  0.000218  -0.000546  -0.001405  -0.047359  0.207250  -0.048077  2.000000  
97.735344 0.004296  0.090221  -0.006894  0.981674  0.154396  0.111709  -0.122495  0.062178  0.990519  0.145986  -0.986051  0.079951  0.000200  -0.000526  -0.001404  -0.048752  0.215435  -0.053511  2.000000  
97.736600 0.004296  0.090221  -0.006896  0.981699  0.154383  0.111505  -0.122293  0.062210  0.990542  0.145986  -0.986051  0.079951  0.000192  -0.000502  -0.001413  -0.048351  0.213663  -0.053071  2.000000  
97.737842 0.004296  0.090220  -0.006898  0.981743  0.154239  0.111312  -0.122093  0.062258  0.990564  0.145854  -0.986070  0.079953  0.000205  -0.000506  -0.001449  -0.047723  0.208247  -0.057441  2.000000  
97.738848 0.004297  0.090220  -0.006900  0.981768  0.154226  0.111108  -0.121891  0.062289  0.990587  0.145854  -0.986070  0.079953  0.000211  -0.000485  -0.001494  -0.047714  0.208206  -0.057430  2.000000  
97.740091 0.004296  0.090220  -0.006902  0.981819  0.154201  0.110700  -0.121487  0.062353  0.990633  0.145854  -0.986070  0.079953  0.000130  -0.000481  -0.001530  -0.049325  0.220428  -0.053617  2.000000  
97.741093 0.004297  0.090219  -0.006904  0.981844  0.154201  0.110478  -0.121285  0.062505  0.990648  0.145854  -0.986060  0.080072  0.000122  -0.000457  -0.001539  -0.052796  0.215420  -0.053521  2.000000  
97.742341 0.004296  0.090218  -0.006906  0.981868  0.154188  0.110274  -0.121083  0.062537  0.990671  0.145854  -0.986060  0.080072  0.000080  -0.000491  -0.001560  -0.052781  0.215784  -0.049038  2.000000  
97.743342 0.004296  0.090217  -0.006908  0.981893  0.154175  0.110070  -0.120881  0.062568  0.990693  0.145854  -0.986060  0.080072  0.000041  -0.000490  -0.001581  -0.048727  0.215883  -0.049074  2.000000  
97.744449 0.004296  0.090217  -0.006910  0.981918  0.154162  0.109866  -0.120678  0.062600  0.990716  0.145854  -0.986060  0.080072  0.000045  -0.000466  -0.001615  -0.048552  0.215105  -0.048898  2.000000  
97.745596 0.004296  0.090216  -0.006912  0.981962  0.154019  0.109672  -0.120479  0.062648  0.990737  0.145721  -0.986080  0.080074  0.000014  -0.000487  -0.001620  -0.048670  0.215761  -0.049046  2.000000  
97.746842 0.004296  0.090215  -0.006914  0.981987  0.154006  0.109468  -0.120276  0.062680  0.990760  0.145721  -0.986080  0.080074  0.000027  -0.000491  -0.001654  -0.048678  0.215800  -0.049055  2.000000  
97.747847 0.004296  0.090214  -0.006916  0.982012  0.154006  0.109246  -0.120074  0.062831  0.990775  0.145721  -0.986070  0.080193  -0.000012  -0.000501  -0.001711  -0.052818  0.216054  -0.049127  2.000000  
97.749090 0.004296  0.090213  -0.006918  0.982061  0.153980  0.108838  -0.119670  0.062895  0.990820  0.145721  -0.986070  0.080193  -0.000022  -0.000556  -0.001757  -0.053327  0.220799  -0.049215  2.000000  
97.750092 0.004296  0.090212  -0.006920  0.982086  0.153967  0.108634  -0.119468  0.062927  0.990842  0.145721  -0.986070  0.080193  -0.000001  -0.000585  -0.001781  -0.049264  0.221138  -0.044779  2.000000  
97.751338 0.004296  0.090211  -0.006923  0.982111  0.153954  0.108430  -0.119266  0.062958  0.990864  0.145721  -0.986070  0.080193  -0.000049  -0.000631  -0.001826  -0.049269  0.221162  -0.044783  2.000000  
97.752346 0.004296  0.090210  -0.006925  0.982111  0.153954  0.108430  -0.119266  0.062958  0.990864  0.145721  -0.986070  0.080193  -0.000046  -0.000689  -0.001905  -0.047663  0.209384  -0.044056  2.000000  
97.753605 0.004296  0.090209  -0.006928  0.982135  0.153941  0.108226  -0.119063  0.062990  0.990887  0.145721  -0.986070  0.080193  -0.000076  -0.000771  -0.001900  -0.047243  0.207962  -0.039235  2.000000  
97.754844 0.004296  0.090208  -0.006930  0.982160  0.153928  0.108022  -0.118861  0.063022  0.990909  0.145721  -0.986070  0.080193  -0.000055  -0.000800  -0.001924  -0.047641  0.209713  -0.039565  2.000000  
97.756092 0.004296  0.090207  -0.006933  0.982184  0.153928  0.107799  -0.118659  0.063174  0.990923  0.145721  -0.986060  0.080313  -0.000064  -0.000841  -0.001937  -0.051291  0.207977  -0.039251  2.000000  
97.757092 0.004295  0.090205  -0.006935  0.982208  0.153915  0.107595  -0.118457  0.063205  0.990946  0.145721  -0.986060  0.080313  -0.000057  -0.000879  -0.001959  -0.050685  0.203217  -0.034536  2.000000  
97.758093 0.004296  0.090204  -0.006937  0.982233  0.153902  0.107391  -0.118255  0.063237  0.990968  0.145721  -0.986060  0.080313  -0.000004  -0.000867  -0.001931  -0.050685  0.203216  -0.034536  2.000000  
97.759342 0.004296  0.090203  -0.006939  0.982257  0.153889  0.107187  -0.118052  0.063269  0.990990  0.145721  -0.986060  0.080313  -0.000028  -0.000923  -0.001955  -0.045606  0.196428  -0.034000  2.000000  
97.760592 0.004295  0.090202  -0.006942  0.982301  0.153745  0.106994  -0.117852  0.063316  0.991011  0.145589  -0.986080  0.080315  -0.000045  -0.000947  -0.001995  -0.045225  0.194484  -0.038172  2.000000  
97.761593 0.004295  0.090201  -0.006944  0.982301  0.153758  0.106975  -0.117852  0.063436  0.991003  0.145589  -0.986070  0.080434  -0.000046  -0.000962  -0.002028  -0.048650  0.189615  -0.033459  2.000000  
97.762602 0.004295  0.090200  -0.006946  0.982325  0.153745  0.106771  -0.117650  0.063468  0.991025  0.145589  -0.986070  0.080434  -0.000033  -0.000966  -0.002063  -0.047624  0.182725  -0.032893  2.000000  
97.763603 0.004295  0.090198  -0.006948  0.982325  0.153745  0.106771  -0.117650  0.063468  0.991025  0.145589  -0.986070  0.080434  -0.000064  -0.000992  -0.002082  -0.046241  0.174493  -0.032079  2.000000  
97.764845 0.004295  0.090197  -0.006952  0.982349  0.153732  0.106567  -0.117448  0.063500  0.991047  0.145589  -0.986070  0.080434  -0.000082  -0.001023  -0.002138  -0.042528  0.176274  -0.027869  2.000000  
97.766091 0.004295  0.090196  -0.006955  0.982330  0.153863  0.106556  -0.117446  0.063484  0.991048  0.145721  -0.986051  0.080433  -0.000069  -0.001027  -0.002173  -0.041200  0.168461  -0.022651  2.000000  
97.767342 0.004295  0.090195  -0.006957  0.982354  0.153863  0.106334  -0.117243  0.063636  0.991062  0.145721  -0.986041  0.080552  -0.000060  -0.001034  -0.002128  -0.044259  0.161751  -0.022118  2.000000  
97.768593 0.004295  0.090194  -0.006960  0.982354  0.153863  0.106334  -0.117243  0.063636  0.991062  0.145721  -0.986041  0.080552  -0.000055  -0.001015  -0.002173  0.000000  0.000000  0.000000  2.000000  
97.769598 0.004295  0.090192  -0.006963  0.982397  0.153719  0.106140  -0.117044  0.063683  0.991083  0.145589  -0.986060  0.080554  -0.000047  -0.001038  -0.002162  0.000000  0.000000  0.000000  2.000000  
97.770844 0.004295  0.090191  -0.006966  0.982397  0.153719  0.106140  -0.117044  0.063683  0.991083  0.145589  -0.986060  0.080554  -0.000066  -0.001086  -0.002253  0.000000  0.000000  0.000000  2.000000  
97.772091 0.004295  0.090189  -0.006969  0.982397  0.153719  0.106140  -0.117044  0.063683  0.991083  0.145589  -0.986060  0.080554  -0.000047  -0.001051  -0.002295  0.000000  0.000000  0.000000  2.000000  
97.773092 0.004294  0.090188  -0.006973  0.982421  0.153719  0.105918  -0.116841  0.063835  0.991097  0.145589  -0.986051  0.080673  -0.000091  -0.001087  -0.002413  0.000000  0.000000  0.000000  2.000000  
97.774342 0.004294  0.090187  -0.006976  0.982421  0.153719  0.105918  -0.116841  0.063835  0.991097  0.145589  -0.986051  0.080673  -0.000086  -0.001067  -0.002457  0.000000  0.000000  0.000000  2.000000  
97.775343 0.004294  0.090186  -0.006979  0.982421  0.153719  0.105918  -0.116841  0.063835  0.991097  0.145589  -0.986051  0.080673  -0.000043  -0.001062  -0.002514  0.000000  0.000000  0.000000  2.000000  
97.776595 0.004294  0.090184  -0.006983  0.982421  0.153719  0.105918  -0.116841  0.063835  0.991097  0.145589  -0.986051  0.080673  -0.000056  -0.001071  -0.002613  0.000000  0.000000  0.000000  2.000000  
97.777656 0.004294  0.090183  -0.006986  0.982446  0.153706  0.105714  -0.116639  0.063867  0.991119  0.145589  -0.986051  0.080673  -0.000074  -0.001097  -0.002657  0.000000  0.000000  0.000000  2.000000  
97.778842 0.004294  0.090182  -0.006991  0.982446  0.153718  0.105695  -0.116639  0.063987  0.991111  0.145589  -0.986041  0.080793  -0.000043  -0.001089  -0.002783  0.000000  0.000000  0.000000  2.000000  
97.780088 0.004294  0.090181  -0.006995  0.982446  0.153718  0.105695  -0.116639  0.063987  0.991111  0.145589  -0.986041  0.080793  -0.000055  -0.001083  -0.002843  0.000000  0.000000  0.000000  2.000000  
97.781088 0.004294  0.090180  -0.006998  0.982446  0.153718  0.105695  -0.116639  0.063987  0.991111  0.145589  -0.986041  0.080793  -0.000042  -0.001085  -0.002871  0.000000  0.000000  0.000000  2.000000  
97.782116 0.004294  0.090179  -0.007000  0.982446  0.153718  0.105695  -0.116639  0.063987  0.991111  0.145589  -0.986041  0.080793  -0.000050  -0.001077  -0.002925  0.000000  0.000000  0.000000  2.000000  
97.783337 0.004294  0.090177  -0.007004  0.982446  0.153731  0.105676  -0.116639  0.064107  0.991103  0.145589  -0.986031  0.080913  -0.000055  -0.001094  -0.002969  0.000000  0.000000  0.000000  2.000000  
97.784340 0.004294  0.090176  -0.007008  0.982446  0.153731  0.105676  -0.116639  0.064107  0.991103  0.145589  -0.986031  0.080913  -0.000050  -0.001074  -0.003015  0.000000  0.000000  0.000000  2.000000  
97.785361 0.004293  0.090175  -0.007011  0.982465  0.153600  0.105687  -0.116641  0.064123  0.991102  0.145456  -0.986050  0.080914  -0.000090  -0.001092  -0.003091  0.000000  0.000000  0.000000  2.000000  
97.786606 0.004293  0.090174  -0.007015  0.982465  0.153600  0.105687  -0.116641  0.064123  0.991102  0.145456  -0.986050  0.080914  -0.000085  -0.001072  -0.003138  0.000000  0.000000  0.000000  2.000000  
97.787843 0.004293  0.090172  -0.007019  0.982465  0.153613  0.105669  -0.116641  0.064243  0.991094  0.145456  -0.986041  0.081034  -0.000088  -0.001089  -0.003177  0.000000  0.000000  0.000000  2.000000  
97.789092 0.004293  0.090171  -0.007023  0.982465  0.153613  0.105669  -0.116641  0.064243  0.991094  0.145456  -0.986041  0.081034  -0.000111  -0.001079  -0.003206  0.000000  0.000000  0.000000  2.000000  
97.790342 0.004292  0.090170  -0.007027  0.982465  0.153613  0.105669  -0.116641  0.064243  0.991094  0.145456  -0.986041  0.081034  -0.000135  -0.001067  -0.003217  0.000000  0.000000  0.000000  2.000000  
97.791343 0.004292  0.090168  -0.007030  0.982465  0.153613  0.105669  -0.116641  0.064243  0.991094  0.145456  -0.986041  0.081034  -0.000163  -0.001077  -0.003202  0.000000  0.000000  0.000000  2.000000  
97.792595 0.004291  0.090167  -0.007034  0.982465  0.153626  0.105650  -0.116641  0.064363  0.991086  0.145456  -0.986031  0.081153  -0.000187  -0.001069  -0.003226  0.000000  0.000000  0.000000  2.000000  
97.793606 0.004291  0.090166  -0.007038  0.982484  0.153495  0.105661  -0.116644  0.064378  0.991085  0.145324  -0.986050  0.081155  -0.000216  -0.001074  -0.003195  0.000000  0.000000  0.000000  2.000000  
97.794843 0.004290  0.090165  -0.007042  0.982484  0.153495  0.105661  -0.116644  0.064378  0.991085  0.145324  -0.986050  0.081155  -0.000260  -0.001097  -0.003182  0.000000  0.000000  0.000000  2.000000  
97.796095 0.004290  0.090163  -0.007046  0.982484  0.153495  0.105661  -0.116644  0.064378  0.991085  0.145324  -0.986050  0.081155  -0.000260  -0.001097  -0.003182  0.000000  0.000000  0.000000  2.000000  
97.797343 0.004289  0.090161  -0.007049  0.982460  0.153521  0.105846  -0.116846  0.064467  0.991056  0.145324  -0.986040  0.081275  -0.000336  -0.001147  -0.003188  0.000000  0.000000  0.000000  2.000000  
97.798588 0.004289  0.090160  -0.007053  0.982460  0.153521  0.105846  -0.116846  0.064467  0.991056  0.145324  -0.986040  0.081275  -0.000318  -0.001133  -0.003173  0.000000  0.000000  0.000000  2.000000  
97.799594 0.004288  0.090158  -0.007057  0.982460  0.153521  0.105846  -0.116846  0.064467  0.991056  0.145324  -0.986040  0.081275  -0.000354  -0.001177  -0.003243  0.000000  0.000000  0.000000  2.000000  
97.800846 0.004288  0.090157  -0.007060  0.982479  0.153390  0.105857  -0.116848  0.064483  0.991054  0.145192  -0.986060  0.081276  -0.000359  -0.001198  -0.003198  0.000000  0.000000  0.000000  2.000000  
97.802109 0.004287  0.090154  -0.007064  0.982479  0.153390  0.105857  -0.116848  0.064483  0.991054  0.145192  -0.986060  0.081276  -0.000396  -0.001244  -0.003171  0.000000  0.000000  0.000000  2.000000  
97.803342 0.004287  0.090153  -0.007068  0.982479  0.153403  0.105838  -0.116848  0.064603  0.991046  0.145192  -0.986050  0.081396  -0.000382  -0.001248  -0.003111  0.000000  0.000000  0.000000  2.000000  
97.804342 0.004286  0.090152  -0.007070  0.982479  0.153403  0.105838  -0.116848  0.064603  0.991046  0.145192  -0.986050  0.081396  -0.000427  -0.001257  -0.003058  0.000000  0.000000  0.000000  2.000000  
97.805590 0.004285  0.090150  -0.007073  0.982479  0.153403  0.105838  -0.116848  0.064603  0.991046  0.145192  -0.986050  0.081396  -0.000444  -0.001287  -0.003019  0.000000  0.000000  0.000000  2.000000  
97.806642 0.004285  0.090149  -0.007076  0.982479  0.153403  0.105838  -0.116848  0.064603  0.991046  0.145192  -0.986050  0.081396  -0.000489  -0.001293  -0.002954  0.000000  0.000000  0.000000  2.000000  
97.807843 0.004284  0.090147  -0.007079  0.982499  0.153285  0.105831  -0.116850  0.064739  0.991037  0.145059  -0.986059  0.081517  -0.000474  -0.001300  -0.002904  0.000000  0.000000  0.000000  2.000000  
97.808863 0.004283  0.090146  -0.007082  0.982475  0.153298  0.106035  -0.117053  0.064707  0.991015  0.145059  -0.986059  0.081517  -0.000508  -0.001312  -0.002879  0.000000  0.000000  0.000000  2.000000  
97.810092 0.004282  0.090145  -0.007085  0.982475  0.153298  0.106035  -0.117053  0.064707  0.991015  0.145059  -0.986059  0.081517  -0.000553  -0.001336  -0.002869  0.000000  0.000000  0.000000  2.000000  
97.811340 0.004282  0.090143  -0.007088  0.982475  0.153298  0.106035  -0.117053  0.064707  0.991015  0.145059  -0.986059  0.081517  -0.000557  -0.001310  -0.002787  0.000000  0.000000  0.000000  2.000000  
97.812344 0.004281  0.090142  -0.007091  0.982475  0.153298  0.106035  -0.117053  0.064707  0.991015  0.145059  -0.986059  0.081517  -0.000574  -0.001294  -0.002709  0.000000  0.000000  0.000000  2.000000  
97.813603 0.004280  0.090140  -0.007094  0.982475  0.153311  0.106016  -0.117053  0.064827  0.991008  0.145059  -0.986049  0.081637  -0.000618  -0.001316  -0.002692  0.000000  0.000000  0.000000  2.000000  
97.814845 0.004278  0.090138  -0.007097  0.982475  0.153311  0.106016  -0.117053  0.064827  0.991008  0.145059  -0.986049  0.081637  -0.000665  -0.001314  -0.002601  0.000000  0.000000  0.000000  2.000000  
97.816090 0.004277  0.090137  -0.007099  0.982494  0.153180  0.106027  -0.117055  0.064843  0.991006  0.144927  -0.986069  0.081638  -0.000692  -0.001308  -0.002536  0.000000  0.000000  0.000000  2.000000  
97.817342 0.004276  0.090136  -0.007102  0.982470  0.153193  0.106231  -0.117257  0.064811  0.990984  0.144927  -0.986069  0.081638  -0.000733  -0.001251  -0.002485  0.000000  0.000000  0.000000  2.000000  
