1-Time 2-Px 3-Py 4-Pz 5-R11 6-R21 7-R31 8-R12 9-R22 10-R32 11-R13 12-R23 13-R33 14-Vx 15-Vy 16-Vz 17-Wx 18-Wy 19-Wz 20-state 21-PR11 22-PR21 23-PR31 24-PR12 25-PR22 26-PR32 27-PR13 28-PR23 29-PR33 
133.326345 0.009394  0.093658  0.006477  0.991976  0.114550  0.053496  -0.115286  0.993273  0.010878  -0.051891  -0.016958  0.998509  -0.000946  0.000352  -0.000841  0.000000  0.000000  0.000000  2.000000  
133.327352 0.009393  0.093659  0.006477  0.991976  0.114550  0.053496  -0.115286  0.993273  0.010878  -0.051891  -0.016958  0.998509  -0.000939  0.000413  -0.000799  0.000000  0.000000  0.000000  2.000000  
133.328605 0.009393  0.093659  0.006475  0.991898  0.115161  0.053636  -0.115898  0.993202  0.010829  -0.052024  -0.016958  0.998502  -0.000892  0.000351  -0.000836  0.000000  0.000000  0.000000  2.000000  
133.329848 0.009394  0.093658  0.006474  0.991788  0.115974  0.053910  -0.116713  0.993107  0.010754  -0.052291  -0.016958  0.998488  -0.000753  0.000294  -0.000835  0.000000  0.000000  0.000000  2.000000  
133.330854 0.009395  0.093657  0.006473  0.991726  0.116379  0.054180  -0.117120  0.993060  0.010700  -0.052559  -0.016957  0.998474  -0.000660  0.000212  -0.000824  0.000000  0.000000  0.000000  2.000000  
133.332099 0.009396  0.093655  0.006472  0.991695  0.116574  0.054329  -0.117323  0.993035  0.010794  -0.052692  -0.017078  0.998465  -0.000497  0.000038  -0.000871  0.000000  0.000000  0.000000  2.000000  
133.333103 0.009398  0.093655  0.006472  0.991647  0.116983  0.054333  -0.117731  0.992987  0.010772  -0.052692  -0.017078  0.998465  -0.000312  0.000006  -0.000878  0.000000  0.000000  0.000000  2.000000  
133.334113 0.009401  0.093655  0.006471  0.991581  0.117599  0.054207  -0.118345  0.992914  0.010754  -0.052559  -0.017078  0.998472  -0.000058  0.000009  -0.000826  0.000000  0.000000  0.000000  2.000000  
133.335352 0.009403  0.093655  0.006471  0.991490  0.118412  0.054098  -0.119162  0.992816  0.010846  -0.052425  -0.017200  0.998477  0.000174  -0.000044  -0.000786  0.000000  0.000000  0.000000  2.000000  
133.336596 0.009407  0.093654  0.006470  0.991360  0.119432  0.054242  -0.120182  0.992693  0.010774  -0.052559  -0.017200  0.998470  0.000498  -0.000133  -0.000792  0.000000  0.000000  0.000000  2.000000  
133.337596 0.009409  0.093653  0.006469  0.991271  0.120033  0.054528  -0.120792  0.992619  0.010828  -0.052826  -0.017320  0.998454  0.000722  -0.000247  -0.000793  0.000000  0.000000  0.000000  2.000000  
133.338599 0.009413  0.093653  0.006469  0.991157  0.120846  0.054802  -0.121607  0.992520  0.010751  -0.053093  -0.017320  0.998439  0.000984  -0.000270  -0.000748  0.001996  -0.021304  0.193116  2.000000  
133.339846 0.009417  0.093654  0.006470  0.990992  0.122067  0.055081  -0.122829  0.992371  0.010650  -0.053360  -0.017320  0.998425  0.001423  -0.000259  -0.000598  -0.000213  -0.035511  0.234383  2.000000  
133.340859 0.009420  0.093654  0.006470  0.990877  0.122873  0.055369  -0.123643  0.992269  0.010692  -0.053628  -0.017441  0.998409  0.001676  -0.000301  -0.000489  0.002364  -0.044978  0.261768  2.000000  
133.342109 0.009423  0.093652  0.006471  0.990734  0.123890  0.055645  -0.124662  0.992143  0.010602  -0.053895  -0.017440  0.998394  0.001986  -0.000431  -0.000405  0.000122  -0.054677  0.303019  2.000000  
133.343351 0.009425  0.093650  0.006471  0.990580  0.125115  0.055658  -0.125885  0.991989  0.010533  -0.053895  -0.017440  0.998394  0.002136  -0.000545  -0.000292  -0.002061  -0.059901  0.344474  2.000000  
133.344355 0.009427  0.093648  0.006470  0.990495  0.125719  0.055813  -0.126496  0.991910  0.010602  -0.054028  -0.017561  0.998385  0.002234  -0.000666  -0.000309  0.000888  -0.064760  0.365025  2.000000  
133.345603 0.009429  0.093645  0.006469  0.990364  0.126740  0.055824  -0.127516  0.991781  0.010545  -0.054028  -0.017561  0.998385  0.002313  -0.000829  -0.000296  -0.000950  -0.065363  0.399594  2.000000  
133.346851 0.009431  0.093641  0.006468  0.990244  0.127545  0.056113  -0.128329  0.991675  0.010585  -0.054296  -0.017682  0.998368  0.002321  -0.000986  -0.000254  0.001626  -0.079360  0.427024  2.000000  
133.347853 0.009432  0.093637  0.006467  0.990097  0.128554  0.056404  -0.129347  0.991543  0.010613  -0.054563  -0.017803  0.998352  0.002307  -0.001240  -0.000309  0.003430  -0.089098  0.468303  2.000000  
133.349183 0.009436  0.093632  0.006465  0.989949  0.129570  0.056680  -0.130364  0.991410  0.010520  -0.054830  -0.017803  0.998337  0.002320  -0.001607  -0.000441  0.001512  -0.098416  0.501281  2.000000  
133.350356 0.009437  0.093626  0.006462  0.989827  0.130375  0.056969  -0.131177  0.991303  0.010558  -0.055097  -0.017924  0.998320  0.002251  -0.001989  -0.000586  0.004076  -0.112669  0.529969  2.000000  
133.351597 0.009439  0.093619  0.006459  0.989704  0.131186  0.057243  -0.131990  0.991196  0.010476  -0.055364  -0.017923  0.998305  0.002162  -0.002340  -0.000742  0.002520  -0.122177  0.557598  2.000000  
133.352602 0.009439  0.093613  0.006456  0.989615  0.131796  0.057381  -0.132600  0.991115  0.010423  -0.055498  -0.017923  0.998298  0.001995  -0.002743  -0.000911  0.001366  -0.127022  0.578184  2.000000  
133.353850 0.009441  0.093606  0.006452  0.989498  0.132603  0.057538  -0.133414  0.991005  0.010478  -0.055632  -0.018044  0.998288  0.001822  -0.003209  -0.001122  0.003554  -0.135573  0.607713  2.000000  
133.355102 0.009443  0.093599  0.006449  0.989388  0.133419  0.057547  -0.134229  0.990895  0.010430  -0.055632  -0.018044  0.998288  0.001676  -0.003656  -0.001394  0.002095  -0.137175  0.640360  2.000000  
133.356351 0.009443  0.093590  0.006445  0.989269  0.134233  0.057688  -0.135043  0.990786  0.010365  -0.055765  -0.018044  0.998281  0.001490  -0.004186  -0.001740  0.000562  -0.142166  0.667965  2.000000  
133.357356 0.009443  0.093583  0.006442  0.989206  0.134638  0.057825  -0.135449  0.990731  0.010323  -0.055899  -0.018044  0.998273  0.001310  -0.004665  -0.001974  -0.000229  -0.146880  0.681584  2.000000  
133.358600 0.009443  0.093574  0.006438  0.989115  0.135248  0.057963  -0.136059  0.990648  0.010269  -0.056032  -0.018044  0.998266  0.001167  -0.005101  -0.002163  -0.000318  -0.145685  0.676033  2.000000  
133.359602 0.009443  0.093567  0.006435  0.989016  0.135855  0.058234  -0.136668  0.990564  0.010197  -0.056299  -0.018044  0.998251  0.001070  -0.005425  -0.002331  -0.000128  -0.146747  0.674609  2.000000  
133.360851 0.009443  0.093557  0.006431  0.988924  0.136471  0.058356  -0.137278  0.990482  0.010022  -0.056433  -0.017922  0.998246  0.000919  -0.005836  -0.002533  -0.004679  -0.141178  0.676077  2.000000  
133.361851 0.009442  0.093549  0.006428  0.988860  0.136877  0.058493  -0.137684  0.990426  0.009980  -0.056567  -0.017922  0.998238  0.000785  -0.006112  -0.002666  -0.009264  -0.142504  0.688542  2.000000  
133.363103 0.009440  0.093538  0.006423  0.988795  0.137282  0.058629  -0.138090  0.990370  0.009937  -0.056700  -0.017922  0.998230  0.000501  -0.006553  -0.002898  -0.009233  -0.145785  0.682771  2.000000  
133.364114 0.009439  0.093529  0.006419  0.988738  0.137697  0.058616  -0.138497  0.990314  0.009793  -0.056700  -0.017801  0.998233  0.000239  -0.006911  -0.003041  -0.012579  -0.151141  0.674253  2.000000  
133.365351 0.009437  0.093518  0.006414  0.988710  0.137901  0.058618  -0.138700  0.990286  0.009781  -0.056700  -0.017801  0.998233  -0.000018  -0.007199  -0.003205  -0.015730  -0.154226  0.655224  2.000000  
133.366597 0.009435  0.093507  0.006409  0.988645  0.138306  0.058755  -0.139106  0.990230  0.009738  -0.056834  -0.017801  0.998225  -0.000259  -0.007479  -0.003327  -0.014816  -0.155158  0.639994  2.000000  
133.367602 0.009433  0.093498  0.006404  0.988588  0.138714  0.058759  -0.139514  0.990173  0.009714  -0.056834  -0.017801  0.998225  -0.000425  -0.007622  -0.003408  -0.018217  -0.145937  0.626224  2.000000  
133.368850 0.009429  0.093487  0.006398  0.988523  0.139126  0.058878  -0.139919  0.990117  0.009551  -0.056967  -0.017680  0.998219  -0.000771  -0.007943  -0.003624  -0.020939  -0.136438  0.598818  2.000000  
133.370110 0.009425  0.093474  0.006391  0.988458  0.139532  0.059014  -0.140325  0.990060  0.009508  -0.057101  -0.017680  0.998212  -0.001228  -0.008359  -0.003854  -0.020127  -0.130610  0.580231  2.000000  
133.371350 0.009420  0.093460  0.006383  0.988421  0.139740  0.059131  -0.140528  0.990033  0.009357  -0.057235  -0.017558  0.998206  -0.001525  -0.008644  -0.004101  -0.026807  -0.125673  0.552913  2.000000  
133.372351 0.009416  0.093450  0.006378  0.988355  0.140153  0.059251  -0.140934  0.989976  0.009194  -0.057368  -0.017437  0.998201  -0.001827  -0.008858  -0.004299  -0.029643  -0.126206  0.529898  2.000000  
133.373353 0.009411  0.093440  0.006372  0.988326  0.140357  0.059252  -0.141137  0.989947  0.009182  -0.057368  -0.017437  0.998201  -0.002196  -0.009075  -0.004534  -0.032561  -0.125858  0.509097  2.000000  
133.374356 0.009406  0.093431  0.006366  0.988268  0.140771  0.059239  -0.141544  0.989891  0.009037  -0.057368  -0.017316  0.998203  -0.002549  -0.009228  -0.004695  -0.036283  -0.121199  0.502227  2.000000  
133.375600 0.009399  0.093419  0.006359  0.988239  0.140982  0.059224  -0.141748  0.989863  0.008905  -0.057368  -0.017195  0.998205  -0.002968  -0.009370  -0.004854  -0.038888  -0.119838  0.477648  2.000000  
133.376601 0.009392  0.093409  0.006353  0.988210  0.141186  0.059226  -0.141951  0.989834  0.008893  -0.057368  -0.017195  0.998205  -0.003389  -0.009458  -0.005065  -0.042195  -0.111509  0.461042  2.000000  
133.377850 0.009384  0.093397  0.006346  0.988144  0.141599  0.059344  -0.142357  0.989777  0.008729  -0.057502  -0.017074  0.998199  -0.003853  -0.009525  -0.005206  -0.048874  -0.105774  0.436772  2.000000  
133.378850 0.009377  0.093388  0.006340  0.988077  0.142011  0.059463  -0.142763  0.989720  0.008566  -0.057635  -0.016953  0.998194  -0.004218  -0.009573  -0.005356  -0.052422  -0.102048  0.420911  2.000000  
133.380103 0.009368  0.093376  0.006334  0.988019  0.142426  0.059449  -0.143169  0.989662  0.008421  -0.057635  -0.016831  0.998196  -0.004621  -0.009608  -0.005437  -0.059713  -0.092540  0.406117  2.000000  
133.381350 0.009358  0.093365  0.006327  0.987952  0.142838  0.059568  -0.143575  0.989605  0.008257  -0.057769  -0.016710  0.998190  -0.005193  -0.009649  -0.005546  -0.063078  -0.087762  0.392308  2.000000  
133.382599 0.009349  0.093354  0.006320  0.987885  0.143251  0.059686  -0.143981  0.989547  0.008094  -0.057902  -0.016589  0.998184  -0.005586  -0.009610  -0.005602  -0.066269  -0.086904  0.382257  2.000000  
133.383601 0.009341  0.093346  0.006315  0.987855  0.143462  0.059670  -0.144184  0.989519  0.007961  -0.057902  -0.016468  0.998186  -0.005991  -0.009558  -0.005606  -0.073822  -0.082772  0.364791  2.000000  
133.384852 0.009330  0.093335  0.006307  0.987796  0.143876  0.059656  -0.144591  0.989461  0.007817  -0.057902  -0.016347  0.998188  -0.006412  -0.009429  -0.005699  -0.077111  -0.082509  0.350968  2.000000  
133.386110 0.009320  0.093324  0.006300  0.987706  0.144495  0.059643  -0.145201  0.989373  0.007660  -0.057902  -0.016226  0.998190  -0.006776  -0.009264  -0.005647  -0.080797  -0.077853  0.344052  2.000000  
133.387348 0.009310  0.093313  0.006292  0.987609  0.145111  0.059762  -0.145810  0.989284  0.007483  -0.058036  -0.016105  0.998185  -0.007064  -0.009161  -0.005736  -0.084651  -0.077344  0.348233  2.000000  
133.388349 0.009302  0.093304  0.006286  0.987571  0.145312  0.059896  -0.146012  0.989255  0.007452  -0.058170  -0.016104  0.998177  -0.007278  -0.009074  -0.005722  -0.083899  -0.077096  0.334468  2.000000  
133.389350 0.009294  0.093296  0.006280  0.987503  0.145725  0.060013  -0.146417  0.989196  0.007287  -0.058303  -0.015983  0.998171  -0.007477  -0.008991  -0.005740  -0.087990  -0.077078  0.334478  2.000000  
133.390355 0.009286  0.093288  0.006274  0.987435  0.146137  0.060131  -0.146823  0.989137  0.007123  -0.058437  -0.015862  0.998165  -0.007639  -0.008881  -0.005781  -0.088376  -0.073051  0.330372  2.000000  
133.391602 0.009277  0.093278  0.006266  0.987337  0.146753  0.060250  -0.147431  0.989048  0.006946  -0.058570  -0.015741  0.998159  -0.007698  -0.008751  -0.005816  -0.092509  -0.073040  0.330418  2.000000  
133.392853 0.009268  0.093268  0.006259  0.987268  0.147166  0.060367  -0.147837  0.988989  0.006782  -0.058704  -0.015620  0.998153  -0.007728  -0.008593  -0.005830  -0.096632  -0.073022  0.330426  2.000000  
133.394117 0.009259  0.093258  0.006251  0.987199  0.147578  0.060484  -0.148242  0.988929  0.006617  -0.058837  -0.015498  0.998147  -0.007766  -0.008441  -0.005849  -0.096599  -0.077434  0.330169  2.000000  
133.395351 0.009250  0.093249  0.006243  0.987100  0.148194  0.060602  -0.148851  0.988839  0.006440  -0.058971  -0.015377  0.998141  -0.007722  -0.008272  -0.005938  -0.101164  -0.082078  0.337228  2.000000  
133.396599 0.009241  0.093240  0.006236  0.987031  0.148599  0.060736  -0.149256  0.988778  0.006395  -0.059105  -0.015377  0.998133  -0.007733  -0.008204  -0.005956  -0.101205  -0.082075  0.337213  2.000000  
133.397601 0.009234  0.093233  0.006231  0.986961  0.149012  0.060853  -0.149661  0.988718  0.006230  -0.059238  -0.015256  0.998127  -0.007663  -0.008079  -0.005921  -0.104821  -0.085939  0.341167  2.000000  
133.398850 0.009226  0.093225  0.006226  0.986853  0.149626  0.061103  -0.150268  0.988627  0.006032  -0.059505  -0.015135  0.998113  -0.007509  -0.007914  -0.005856  -0.105289  -0.090470  0.347950  2.000000  
133.399852 0.009220  0.093218  0.006221  0.986783  0.150038  0.061219  -0.150673  0.988566  0.005867  -0.059639  -0.015013  0.998107  -0.007379  -0.007775  -0.005754  -0.110330  -0.091234  0.350975  2.000000  
133.401097 0.009213  0.093211  0.006216  0.986705  0.150449  0.061467  -0.151077  0.988506  0.005681  -0.059906  -0.014892  0.998093  -0.007181  -0.007548  -0.005613  -0.109880  -0.095002  0.354829  2.000000  
133.402111 0.009206  0.093204  0.006211  0.986666  0.150658  0.061582  -0.151279  0.988476  0.005529  -0.060039  -0.014771  0.998087  -0.007008  -0.007332  -0.005451  -0.110379  -0.095588  0.350699  2.000000  
133.403351 0.009198  0.093197  0.006206  0.986588  0.151068  0.061830  -0.151683  0.988415  0.005343  -0.060307  -0.014650  0.998072  -0.006884  -0.007155  -0.005321  -0.113997  -0.103838  0.354627  2.000000  
133.404597 0.009191  0.093189  0.006200  0.986509  0.151479  0.062078  -0.152087  0.988354  0.005157  -0.060574  -0.014528  0.998058  -0.006765  -0.006978  -0.005193  -0.114043  -0.112712  0.354488  2.000000  
133.405602 0.009185  0.093184  0.006196  0.986430  0.151882  0.062344  -0.152490  0.988292  0.005090  -0.060841  -0.014528  0.998042  -0.006660  -0.006808  -0.005128  -0.111377  -0.122737  0.364223  2.000000  
133.406856 0.009178  0.093177  0.006190  0.986360  0.152295  0.062459  -0.152895  0.988230  0.004924  -0.060974  -0.014407  0.998035  -0.006495  -0.006564  -0.004978  -0.111416  -0.122682  0.364203  2.000000  
133.407860 0.009172  0.093172  0.006186  0.986280  0.152705  0.062707  -0.153299  0.988169  0.004738  -0.061241  -0.014286  0.998021  -0.006356  -0.006406  -0.004830  -0.111906  -0.131774  0.371079  2.000000  
133.409104 0.009165  0.093165  0.006180  0.986201  0.153116  0.062954  -0.153702  0.988107  0.004551  -0.061509  -0.014164  0.998006  -0.006236  -0.006252  -0.004746  -0.111522  -0.136063  0.363964  2.000000  
133.410113 0.009159  0.093158  0.006175  0.986153  0.153323  0.063200  -0.153903  0.988076  0.004377  -0.061776  -0.014043  0.997991  -0.006179  -0.006156  -0.004617  -0.115638  -0.140496  0.363790  2.000000  
133.411465 0.009151  0.093151  0.006169  0.986073  0.153734  0.063447  -0.154306  0.988014  0.004190  -0.062043  -0.013922  0.997976  -0.006014  -0.005994  -0.004494  -0.114900  -0.148852  0.355609  2.000000  
133.412599 0.009143  0.093143  0.006164  0.985993  0.154145  0.063694  -0.154710  0.987952  0.004003  -0.062310  -0.013801  0.997961  -0.006075  -0.005998  -0.004502  -0.114857  -0.152690  0.360773  2.000000  
133.413601 0.009136  0.093137  0.006159  0.985913  0.154548  0.063960  -0.155113  0.987889  0.003935  -0.062577  -0.013800  0.997945  -0.006070  -0.005927  -0.004512  -0.111780  -0.162925  0.363631  2.000000  
133.414852 0.009128  0.093130  0.006153  0.985864  0.154756  0.064205  -0.155313  0.987858  0.003760  -0.062844  -0.013679  0.997930  -0.006130  -0.005898  -0.004527  -0.110911  -0.170463  0.360529  2.000000  
133.416098 0.009119  0.093122  0.006148  0.985784  0.155167  0.064452  -0.155717  0.987795  0.003572  -0.063111  -0.013558  0.997914  -0.006211  -0.005868  -0.004513  -0.110589  -0.179308  0.353706  2.000000  
133.417352 0.009110  0.093115  0.006143  0.985703  0.155577  0.064698  -0.156120  0.987732  0.003384  -0.063378  -0.013436  0.997899  -0.006264  -0.005865  -0.004515  -0.111115  -0.185076  0.349546  2.000000  
133.418601 0.009101  0.093107  0.006137  0.985654  0.155785  0.064944  -0.156320  0.987701  0.003209  -0.063645  -0.013315  0.997884  -0.006365  -0.005874  -0.004470  -0.110765  -0.189431  0.342596  2.000000  
133.419851 0.009091  0.093099  0.006131  0.985572  0.156196  0.065190  -0.156723  0.987638  0.003021  -0.063912  -0.013194  0.997868  -0.006510  -0.005934  -0.004492  -0.110481  -0.189369  0.335849  2.000000  
133.421104 0.009081  0.093091  0.006125  0.985523  0.156404  0.065435  -0.156924  0.987607  0.002846  -0.064179  -0.013073  0.997853  -0.006741  -0.006011  -0.004503  -0.110074  -0.193639  0.328745  2.000000  
133.422354 0.009070  0.093083  0.006119  0.985450  0.156817  0.065549  -0.157328  0.987543  0.002678  -0.064313  -0.012952  0.997846  -0.006964  -0.006110  -0.004561  -0.109211  -0.192004  0.326057  2.000000  
133.423355 0.009063  0.093076  0.006115  0.985401  0.157025  0.065794  -0.157528  0.987511  0.002502  -0.064580  -0.012830  0.997830  -0.007134  -0.006169  -0.004553  -0.113809  -0.202466  0.321728  2.000000  
133.424358 0.009054  0.093069  0.006110  0.985360  0.157234  0.065908  -0.157730  0.987480  0.002348  -0.064713  -0.012709  0.997823  -0.007294  -0.006251  -0.004592  -0.113413  -0.202309  0.314813  2.000000  
133.425601 0.009044  0.093060  0.006104  0.985310  0.157442  0.066153  -0.157930  0.987448  0.002172  -0.064980  -0.012588  0.997807  -0.007502  -0.006372  -0.004636  -0.112641  -0.206613  0.301021  2.000000  
133.426852 0.009033  0.093051  0.006097  0.985269  0.157652  0.066266  -0.158131  0.987416  0.002018  -0.065114  -0.012467  0.997800  -0.007643  -0.006475  -0.004746  -0.111327  -0.204779  0.291714  2.000000  
133.428104 0.009022  0.093040  0.006089  0.985219  0.157860  0.066511  -0.158331  0.987384  0.001842  -0.065381  -0.012346  0.997784  -0.007850  -0.006688  -0.004850  -0.115026  -0.204675  0.284884  2.000000  
133.429349 0.009011  0.093030  0.006080  0.985178  0.158070  0.066624  -0.158533  0.987352  0.001687  -0.065514  -0.012224  0.997777  -0.008025  -0.006845  -0.005029  -0.114197  -0.204435  0.271185  2.000000  
133.430351 0.009002  0.093021  0.006074  0.985136  0.158279  0.066737  -0.158734  0.987320  0.001533  -0.065648  -0.012103  0.997769  -0.008174  -0.007073  -0.005167  -0.114258  -0.199953  0.271281  2.000000  
133.431602 0.008991  0.093010  0.006066  0.985095  0.158489  0.066850  -0.158936  0.987288  0.001378  -0.065781  -0.011982  0.997762  -0.008327  -0.007292  -0.005357  -0.110299  -0.196855  0.259781  2.000000  
133.432846 0.008980  0.092999  0.006058  0.985078  0.158494  0.067094  -0.158933  0.987289  0.001216  -0.066048  -0.011861  0.997746  -0.008416  -0.007516  -0.005488  -0.112653  -0.195065  0.243990  2.000000  
133.433848 0.008971  0.092990  0.006051  0.985036  0.158704  0.067207  -0.159134  0.987256  0.001061  -0.066182  -0.011740  0.997739  -0.008513  -0.007702  -0.005681  -0.112679  -0.195022  0.243996  2.000000  
133.435103 0.008960  0.092979  0.006043  0.985027  0.158711  0.067319  -0.159133  0.987257  0.000920  -0.066315  -0.011619  0.997731  -0.008617  -0.007951  -0.005855  -0.112332  -0.191820  0.225359  2.000000  
133.436349 0.008949  0.092967  0.006034  0.985027  0.158719  0.067300  -0.159133  0.987257  0.000800  -0.066315  -0.011498  0.997732  -0.008664  -0.008142  -0.006049  -0.111019  -0.181236  0.216828  2.000000  
133.437352 0.008940  0.092958  0.006026  0.985019  0.158725  0.067413  -0.159131  0.987257  0.000659  -0.066449  -0.011376  0.997725  -0.008700  -0.008306  -0.006195  -0.110177  -0.181041  0.203160  2.000000  
133.438599 0.008929  0.092947  0.006018  0.984977  0.158935  0.067525  -0.159333  0.987225  0.000504  -0.066582  -0.011255  0.997717  -0.008776  -0.008482  -0.006322  -0.109776  -0.176463  0.196381  2.000000  
133.439850 0.008918  0.092936  0.006010  0.984968  0.158942  0.067638  -0.159331  0.987225  0.000363  -0.066716  -0.011134  0.997710  -0.008802  -0.008663  -0.006447  -0.108993  -0.171898  0.182858  2.000000  
133.440857 0.008910  0.092927  0.006004  0.984968  0.158950  0.067618  -0.159331  0.987225  0.000243  -0.066716  -0.011013  0.997711  -0.008819  -0.008754  -0.006537  -0.108994  -0.159559  0.170667  2.000000  
133.441862 0.008900  0.092918  0.005997  0.984959  0.158957  0.067731  -0.159330  0.987225  0.000102  -0.066849  -0.010892  0.997704  -0.008846  -0.008831  -0.006593  -0.111767  -0.158216  0.162489  2.000000  
133.443104 0.008890  0.092907  0.005989  0.984951  0.158972  0.067824  -0.159328  0.987226  -0.000159  -0.066983  -0.010650  0.997697  -0.008782  -0.008840  -0.006624  0.000000  0.000000  0.000000  2.000000  
133.444118 0.008881  0.092899  0.005983  0.984951  0.158980  0.067805  -0.159328  0.987226  -0.000278  -0.066983  -0.010529  0.997699  -0.008766  -0.008856  -0.006604  0.000000  0.000000  0.000000  2.000000  
133.445351 0.008871  0.092888  0.005975  0.984951  0.158989  0.067786  -0.159328  0.987226  -0.000398  -0.066983  -0.010408  0.997700  -0.008733  -0.008842  -0.006621  0.000000  0.000000  0.000000  2.000000  
133.446600 0.008861  0.092877  0.005967  0.984942  0.158995  0.067898  -0.159327  0.987226  -0.000539  -0.067116  -0.010287  0.997692  -0.008686  -0.008840  -0.006618  0.000000  0.000000  0.000000  2.000000  
133.447606 0.008853  0.092870  0.005960  0.984942  0.159004  0.067879  -0.159327  0.987226  -0.000659  -0.067116  -0.010166  0.997693  -0.008651  -0.008777  -0.006601  0.000000  0.000000  0.000000  2.000000  
133.448849 0.008843  0.092859  0.005953  0.984933  0.159011  0.067991  -0.159325  0.987226  -0.000800  -0.067250  -0.010045  0.997686  -0.008574  -0.008702  -0.006544  0.000000  0.000000  0.000000  2.000000  
133.449849 0.008835  0.092852  0.005947  0.984933  0.159019  0.067972  -0.159325  0.987226  -0.000920  -0.067250  -0.009924  0.997687  -0.008475  -0.008604  -0.006469  0.000000  0.000000  0.000000  2.000000  
133.450850 0.008828  0.092844  0.005941  0.984933  0.159027  0.067953  -0.159325  0.987226  -0.001040  -0.067250  -0.009803  0.997688  -0.008386  -0.008541  -0.006392  0.000000  0.000000  0.000000  2.000000  
133.452097 0.008819  0.092835  0.005934  0.984924  0.159034  0.068065  -0.159324  0.987226  -0.001181  -0.067383  -0.009682  0.997680  -0.008231  -0.008363  -0.006287  0.000000  0.000000  0.000000  2.000000  
133.453102 0.008812  0.092828  0.005928  0.984924  0.159034  0.068065  -0.159324  0.987226  -0.001181  -0.067383  -0.009682  0.997680  -0.008098  -0.008219  -0.006238  0.000000  0.000000  0.000000  2.000000  
133.454113 0.008804  0.092821  0.005923  0.984915  0.159041  0.068178  -0.159323  0.987226  -0.001322  -0.067517  -0.009560  0.997672  -0.007970  -0.008094  -0.006142  0.000000  0.000000  0.000000  2.000000  
133.455349 0.008796  0.092812  0.005916  0.984915  0.159049  0.068158  -0.159323  0.987226  -0.001441  -0.067517  -0.009439  0.997673  -0.007838  -0.007946  -0.006090  0.000000  0.000000  0.000000  2.000000  
133.456351 0.008789  0.092806  0.005911  0.984915  0.159058  0.068139  -0.159323  0.987225  -0.001561  -0.067517  -0.009318  0.997675  -0.007700  -0.007746  -0.006001  0.000000  0.000000  0.000000  2.000000  
133.457359 0.008783  0.092800  0.005906  0.984906  0.159056  0.068271  -0.159321  0.987226  -0.001583  -0.067650  -0.009318  0.997666  -0.007567  -0.007596  -0.005860  0.000000  0.000000  0.000000  2.000000  
133.458601 0.008776  0.092794  0.005901  0.984906  0.159065  0.068252  -0.159321  0.987225  -0.001702  -0.067650  -0.009197  0.997667  -0.007318  -0.007289  -0.005689  0.000000  0.000000  0.000000  2.000000  
133.459601 0.008770  0.092789  0.005897  0.984873  0.159276  0.068232  -0.159524  0.987192  -0.001836  -0.067650  -0.009076  0.997668  -0.007133  -0.007037  -0.005476  0.000000  0.000000  0.000000  2.000000  
133.460605 0.008765  0.092784  0.005893  0.984864  0.159283  0.068344  -0.159522  0.987192  -0.001977  -0.067784  -0.008955  0.997660  -0.006896  -0.006774  -0.005308  0.000000  0.000000  0.000000  2.000000  
133.461851 0.008759  0.092778  0.005888  0.984864  0.159283  0.068344  -0.159522  0.987192  -0.001977  -0.067784  -0.008955  0.997660  -0.006661  -0.006459  -0.005101  0.000000  0.000000  0.000000  2.000000  
133.462853 0.008754  0.092773  0.005884  0.984823  0.159494  0.068456  -0.159724  0.987159  -0.002132  -0.067917  -0.008834  0.997652  -0.006435  -0.006260  -0.004977  0.000000  0.000000  0.000000  2.000000  
133.464114 0.008748  0.092768  0.005880  0.984823  0.159502  0.068437  -0.159724  0.987159  -0.002252  -0.067917  -0.008713  0.997653  -0.006200  -0.005946  -0.004774  0.000000  0.000000  0.000000  2.000000  
133.465349 0.008742  0.092763  0.005876  0.984781  0.159704  0.068568  -0.159925  0.987127  -0.002288  -0.068051  -0.008713  0.997644  -0.005929  -0.005651  -0.004581  0.000000  0.000000  0.000000  2.000000  
133.466602 0.008738  0.092758  0.005871  0.984781  0.159712  0.068549  -0.159925  0.987126  -0.002407  -0.068051  -0.008592  0.997645  -0.005613  -0.005323  -0.004307  0.000000  0.000000  0.000000  2.000000  
133.467858 0.008733  0.092753  0.005867  0.984748  0.159915  0.068548  -0.160128  0.987093  -0.002421  -0.068051  -0.008592  0.997645  -0.005336  -0.005054  -0.004102  0.000000  0.000000  0.000000  2.000000  
133.469097 0.008728  0.092748  0.005863  0.984739  0.159923  0.068661  -0.160126  0.987093  -0.002563  -0.068184  -0.008471  0.997637  -0.005088  -0.004835  -0.003959  0.000000  0.000000  0.000000  2.000000  
133.470104 0.008725  0.092745  0.005860  0.984706  0.160126  0.068660  -0.160329  0.987060  -0.002577  -0.068184  -0.008471  0.997637  -0.004814  -0.004589  -0.003803  0.000000  0.000000  0.000000  2.000000  
133.471349 0.008720  0.092739  0.005856  0.984697  0.160125  0.068792  -0.160328  0.987060  -0.002598  -0.068318  -0.008471  0.997628  -0.004615  -0.004481  -0.003681  0.000000  0.000000  0.000000  2.000000  
133.472354 0.008718  0.092736  0.005852  0.984664  0.160336  0.068772  -0.160530  0.987027  -0.002732  -0.068318  -0.008350  0.997629  -0.004374  -0.004288  -0.003588  0.000000  0.000000  0.000000  2.000000  
133.473620 0.008713  0.092732  0.005849  0.984622  0.160538  0.068903  -0.160732  0.986994  -0.002768  -0.068451  -0.008350  0.997620  -0.004142  -0.004118  -0.003459  0.000000  0.000000  0.000000  2.000000  
133.474854 0.008710  0.092728  0.005845  0.984622  0.160538  0.068903  -0.160732  0.986994  -0.002768  -0.068451  -0.008350  0.997620  -0.003909  -0.003985  -0.003410  0.000000  0.000000  0.000000  2.000000  
133.475855 0.008707  0.092724  0.005842  0.984589  0.160742  0.068903  -0.160934  0.986961  -0.002782  -0.068451  -0.008350  0.997620  -0.003770  -0.003872  -0.003352  0.000000  0.000000  0.000000  2.000000  
133.476857 0.008704  0.092721  0.005839  0.984546  0.160944  0.069034  -0.161135  0.986928  -0.002818  -0.068585  -0.008350  0.997610  -0.003622  -0.003781  -0.003278  0.000000  0.000000  0.000000  2.000000  
133.478107 0.008699  0.092717  0.005836  0.984546  0.160944  0.069034  -0.161135  0.986928  -0.002818  -0.068585  -0.008350  0.997610  -0.003546  -0.003687  -0.003179  0.000000  0.000000  0.000000  2.000000  
133.479351 0.008695  0.092713  0.005832  0.984513  0.161147  0.069033  -0.161338  0.986895  -0.002832  -0.068585  -0.008350  0.997610  -0.003401  -0.003600  -0.003108  0.000000  0.000000  0.000000  2.000000  
133.480351 0.008692  0.092709  0.005830  0.984480  0.161358  0.069013  -0.161541  0.986862  -0.002966  -0.068585  -0.008229  0.997611  -0.003317  -0.003531  -0.002995  0.000000  0.000000  0.000000  2.000000  
133.481371 0.008689  0.092706  0.005828  0.984480  0.161358  0.069013  -0.161541  0.986862  -0.002966  -0.068585  -0.008229  0.997611  -0.003298  -0.003491  -0.002936  0.000000  0.000000  0.000000  2.000000  
133.482597 0.008684  0.092702  0.005825  0.984447  0.161562  0.069012  -0.161743  0.986828  -0.002980  -0.068585  -0.008229  0.997611  -0.003285  -0.003487  -0.002869  0.000000  0.000000  0.000000  2.000000  
133.483605 0.008681  0.092698  0.005823  0.984413  0.161765  0.069012  -0.161946  0.986795  -0.002994  -0.068585  -0.008229  0.997611  -0.003256  -0.003475  -0.002804  0.000000  0.000000  0.000000  2.000000  
133.484901 0.008677  0.092693  0.005819  0.984380  0.161968  0.069011  -0.162149  0.986762  -0.003008  -0.068585  -0.008229  0.997611  -0.003270  -0.003480  -0.002719  0.000000  0.000000  0.000000  2.000000  
133.486105 0.008672  0.092688  0.005816  0.984380  0.161968  0.069011  -0.162149  0.986762  -0.003008  -0.068585  -0.008229  0.997611  -0.003295  -0.003484  -0.002694  0.000000  0.000000  0.000000  2.000000  
133.487352 0.008666  0.092683  0.005812  0.984347  0.162163  0.069030  -0.162351  0.986729  -0.002903  -0.068585  -0.008350  0.997610  -0.003423  -0.003563  -0.002699  0.000000  0.000000  0.000000  2.000000  
133.488598 0.008661  0.092677  0.005808  0.984313  0.162366  0.069030  -0.162554  0.986695  -0.002917  -0.068585  -0.008350  0.997610  -0.003466  -0.003616  -0.002680  0.000000  0.000000  0.000000  2.000000  
133.489847 0.008656  0.092672  0.005805  0.984313  0.162366  0.069030  -0.162554  0.986695  -0.002917  -0.068585  -0.008350  0.997610  -0.003592  -0.003709  -0.002637  0.000000  0.000000  0.000000  2.000000  
133.490853 0.008651  0.092667  0.005802  0.984289  0.162570  0.068897  -0.162758  0.986662  -0.002910  -0.068451  -0.008350  0.997620  -0.003689  -0.003815  -0.002658  0.000000  0.000000  0.000000  2.000000  
133.492104 0.008646  0.092661  0.005798  0.984255  0.162773  0.068897  -0.162961  0.986628  -0.002924  -0.068451  -0.008350  0.997620  -0.003820  -0.003957  -0.002703  0.000000  0.000000  0.000000  2.000000  
133.493108 0.008641  0.092656  0.005795  0.984255  0.162773  0.068897  -0.162961  0.986628  -0.002924  -0.068451  -0.008350  0.997620  -0.003903  -0.004069  -0.002756  0.000000  0.000000  0.000000  2.000000  
133.494117 0.008636  0.092652  0.005791  0.984255  0.162773  0.068897  -0.162961  0.986628  -0.002924  -0.068451  -0.008350  0.997620  -0.004009  -0.004150  -0.002791  0.000000  0.000000  0.000000  2.000000  
133.495351 0.008630  0.092645  0.005787  0.984222  0.162968  0.068916  -0.163164  0.986595  -0.002818  -0.068451  -0.008471  0.997618  -0.004136  -0.004280  -0.002836  0.000000  0.000000  0.000000  2.000000  
133.496351 0.008625  0.092640  0.005784  0.984231  0.162969  0.068784  -0.163165  0.986595  -0.002796  -0.068318  -0.008471  0.997628  -0.004239  -0.004432  -0.002948  0.000000  0.000000  0.000000  2.000000  
133.497602 0.008619  0.092634  0.005780  0.984231  0.162969  0.068784  -0.163165  0.986595  -0.002796  -0.068318  -0.008471  0.997628  -0.004351  -0.004524  -0.002983  0.000000  0.000000  0.000000  2.000000  
133.498849 0.008613  0.092627  0.005776  0.984206  0.163173  0.068652  -0.163369  0.986561  -0.002789  -0.068184  -0.008471  0.997637  -0.004470  -0.004645  -0.003024  0.000000  0.000000  0.000000  2.000000  
133.499851 0.008608  0.092622  0.005773  0.984206  0.163173  0.068652  -0.163369  0.986561  -0.002789  -0.068184  -0.008471  0.997637  -0.004590  -0.004742  -0.003069  0.000000  0.000000  0.000000  2.000000  
133.500852 0.008603  0.092617  0.005770  0.984206  0.163173  0.068652  -0.163369  0.986561  -0.002789  -0.068184  -0.008471  0.997637  -0.004646  -0.004832  -0.003098  0.000000  0.000000  0.000000  2.000000  
133.502097 0.008597  0.092610  0.005766  0.984172  0.163376  0.068651  -0.163572  0.986527  -0.002803  -0.068184  -0.008471  0.997637  -0.004708  -0.004936  -0.003085  0.000000  0.000000  0.000000  2.000000  
133.503101 0.008592  0.092604  0.005763  0.984181  0.163377  0.068520  -0.163573  0.986527  -0.002781  -0.068051  -0.008471  0.997646  -0.004742  -0.004994  -0.003109  0.000000  0.000000  0.000000  2.000000  
133.504112 0.008587  0.092598  0.005759  0.984181  0.163377  0.068520  -0.163573  0.986527  -0.002781  -0.068051  -0.008471  0.997646  -0.004842  -0.005129  -0.003169  0.000000  0.000000  0.000000  2.000000  
133.505349 0.008581  0.092591  0.005755  0.984181  0.163377  0.068520  -0.163573  0.986527  -0.002781  -0.068051  -0.008471  0.997646  -0.004870  -0.005233  -0.003222  0.000000  0.000000  0.000000  2.000000  
133.506352 0.008576  0.092586  0.005752  0.984181  0.163377  0.068520  -0.163573  0.986527  -0.002781  -0.068051  -0.008471  0.997646  -0.004848  -0.005243  -0.003200  0.000000  0.000000  0.000000  2.000000  
133.507354 0.008572  0.092581  0.005749  0.984181  0.163377  0.068520  -0.163573  0.986527  -0.002781  -0.068051  -0.008471  0.997646  -0.004872  -0.005297  -0.003210  0.000000  0.000000  0.000000  2.000000  
133.508601 0.008566  0.092573  0.005744  0.984157  0.163582  0.068387  -0.163777  0.986493  -0.002773  -0.067917  -0.008471  0.997655  -0.004861  -0.005382  -0.003224  0.000000  0.000000  0.000000  2.000000  
133.509603 0.008562  0.092569  0.005741  0.984157  0.163582  0.068387  -0.163777  0.986493  -0.002773  -0.067917  -0.008471  0.997655  -0.004798  -0.005362  -0.003265  0.000000  0.000000  0.000000  2.000000  
133.510853 0.008556  0.092562  0.005737  0.984157  0.163582  0.068387  -0.163777  0.986493  -0.002773  -0.067917  -0.008471  0.997655  -0.004769  -0.005419  -0.003272  0.000000  0.000000  0.000000  2.000000  
133.511855 0.008552  0.092557  0.005733  0.984157  0.163582  0.068387  -0.163777  0.986493  -0.002773  -0.067917  -0.008471  0.997655  -0.004684  -0.005430  -0.003333  0.000000  0.000000  0.000000  2.000000  
133.513108 0.008547  0.092550  0.005728  0.984123  0.163785  0.068387  -0.163980  0.986460  -0.002787  -0.067917  -0.008471  0.997655  -0.004638  -0.005410  -0.003386  0.000000  0.000000  0.000000  2.000000  
133.514118 0.008543  0.092545  0.005725  0.984123  0.163785  0.068387  -0.163980  0.986460  -0.002787  -0.067917  -0.008471  0.997655  -0.004540  -0.005350  -0.003357  0.000000  0.000000  0.000000  2.000000  
133.515351 0.008538  0.092539  0.005721  0.984123  0.163785  0.068387  -0.163980  0.986460  -0.002787  -0.067917  -0.008471  0.997655  -0.004478  -0.005327  -0.003346  0.000000  0.000000  0.000000  2.000000  
133.516597 0.008534  0.092533  0.005718  0.984089  0.163988  0.068386  -0.164183  0.986426  -0.002801  -0.067917  -0.008471  0.997655  -0.004350  -0.005275  -0.003330  0.000000  0.000000  0.000000  2.000000  
133.517598 0.008530  0.092529  0.005716  0.984089  0.163988  0.068386  -0.164183  0.986426  -0.002801  -0.067917  -0.008471  0.997655  -0.004247  -0.005161  -0.003263  0.000000  0.000000  0.000000  2.000000  
133.518851 0.008526  0.092524  0.005712  0.984055  0.164191  0.068386  -0.164385  0.986392  -0.002815  -0.067917  -0.008471  0.997655  -0.004111  -0.005050  -0.003207  0.000000  0.000000  0.000000  2.000000  
133.519851 0.008523  0.092520  0.005710  0.984064  0.164192  0.068254  -0.164387  0.986392  -0.002793  -0.067784  -0.008471  0.997664  -0.004016  -0.004958  -0.003137  0.000000  0.000000  0.000000  2.000000  
133.520859 0.008520  0.092515  0.005707  0.984030  0.164395  0.068253  -0.164589  0.986358  -0.002807  -0.067784  -0.008471  0.997664  -0.003909  -0.004875  -0.003101  0.000000  0.000000  0.000000  2.000000  
133.522111 0.008516  0.092511  0.005704  0.984030  0.164395  0.068253  -0.164589  0.986358  -0.002807  -0.067784  -0.008471  0.997664  -0.003791  -0.004727  -0.003021  0.000000  0.000000  0.000000  2.000000  
133.523349 0.008512  0.092507  0.005702  0.983996  0.164598  0.068253  -0.164792  0.986324  -0.002822  -0.067784  -0.008471  0.997664  -0.003640  -0.004564  -0.002906  0.000000  0.000000  0.000000  2.000000  
133.524357 0.008510  0.092504  0.005699  0.983962  0.164801  0.068252  -0.164994  0.986290  -0.002836  -0.067784  -0.008471  0.997664  -0.003533  -0.004397  -0.002842  0.000000  0.000000  0.000000  2.000000  
133.525606 0.008506  0.092500  0.005697  0.983929  0.165004  0.068252  -0.165197  0.986256  -0.002850  -0.067784  -0.008471  0.997664  -0.003377  -0.004178  -0.002703  0.000000  0.000000  0.000000  2.000000  
133.526854 0.008504  0.092497  0.005694  0.983894  0.165199  0.068271  -0.165399  0.986223  -0.002744  -0.067784  -0.008592  0.997663  -0.003254  -0.003991  -0.002572  0.000000  0.000000  0.000000  2.000000  
133.528109 0.008501  0.092494  0.005691  0.983869  0.165403  0.068139  -0.165604  0.986189  -0.002736  -0.067650  -0.008592  0.997672  -0.003022  -0.003770  -0.002456  0.000000  0.000000  0.000000  2.000000  
133.529351 0.008499  0.092491  0.005689  0.983801  0.165809  0.068138  -0.166009  0.986120  -0.002764  -0.067650  -0.008592  0.997672  -0.002862  -0.003518  -0.002360  0.000000  0.000000  0.000000  2.000000  
133.530603 0.008497  0.092489  0.005687  0.983767  0.166012  0.068137  -0.166211  0.986086  -0.002778  -0.067650  -0.008592  0.997672  -0.002677  -0.003295  -0.002282  0.000000  0.000000  0.000000  2.000000  
133.531855 0.008494  0.092486  0.005684  0.983698  0.166418  0.068136  -0.166616  0.986018  -0.002806  -0.067650  -0.008592  0.997672  -0.002546  -0.003071  -0.002208  0.000000  0.000000  0.000000  2.000000  
133.533105 0.008493  0.092484  0.005682  0.983673  0.166614  0.068024  -0.166820  0.985984  -0.002678  -0.067517  -0.008713  0.997680  -0.002368  -0.002865  -0.002171  0.000000  0.000000  0.000000  2.000000  
133.534113 0.008492  0.092483  0.005681  0.983604  0.167020  0.068023  -0.167225  0.985915  -0.002706  -0.067517  -0.008713  0.997680  -0.002221  -0.002647  -0.002041  0.000000  0.000000  0.000000  2.000000  
133.535351 0.008490  0.092481  0.005679  0.983535  0.167426  0.068022  -0.167630  0.985846  -0.002734  -0.067517  -0.008713  0.997680  -0.002037  -0.002426  -0.001965  0.000000  0.000000  0.000000  2.000000  
133.536597 0.008489  0.092479  0.005678  0.983510  0.167630  0.067890  -0.167834  0.985811  -0.002726  -0.067383  -0.008713  0.997689  -0.001899  -0.002222  -0.001870  0.000000  0.000000  0.000000  2.000000  
133.537599 0.008488  0.092479  0.005677  0.983440  0.168028  0.067909  -0.168239  0.985743  -0.002634  -0.067383  -0.008834  0.997688  -0.001724  -0.002027  -0.001757  0.000000  0.000000  0.000000  2.000000  
133.538602 0.008487  0.092478  0.005676  0.983380  0.168435  0.067776  -0.168646  0.985673  -0.002640  -0.067250  -0.008835  0.997697  -0.001611  -0.001880  -0.001673  0.000000  0.000000  0.000000  2.000000  
133.539855 0.008487  0.092477  0.005675  0.983310  0.168841  0.067775  -0.169050  0.985604  -0.002667  -0.067250  -0.008835  0.997697  -0.001399  -0.001650  -0.001533  0.000071  0.020756  0.178210  2.000000  
133.541108 0.008486  0.092476  0.005674  0.983250  0.169248  0.067643  -0.169457  0.985534  -0.002673  -0.067116  -0.008835  0.997706  -0.001253  -0.001477  -0.001433  -0.000850  0.025300  0.193496  2.000000  
133.542355 0.008486  0.092476  0.005673  0.983145  0.169856  0.067641  -0.170064  0.985429  -0.002714  -0.067116  -0.008835  0.997706  -0.001121  -0.001314  -0.001336  -0.002252  0.025124  0.214232  2.000000  
133.543601 0.008486  0.092476  0.005673  0.983083  0.170255  0.067529  -0.170470  0.985359  -0.002600  -0.066983  -0.008956  0.997714  -0.000945  -0.001096  -0.001179  0.001373  0.029552  0.221212  2.000000  
