1-Time 2-Px 3-Py 4-Pz 5-R11 6-R21 7-R31 8-R12 9-R22 10-R32 11-R13 12-R23 13-R33 14-Vx 15-Vy 16-Vz 17-Wx 18-Wy 19-Wz 20-state 21-PR11 22-PR21 23-PR31 24-PR12 25-PR22 26-PR32 27-PR13 28-PR23 29-PR33 
58.624034 0.007171  0.091393  0.020848  0.996589  0.079177  0.023250  -0.079362  0.996820  0.007153  -0.022610  -0.008974  0.999704  0.001047  0.002461  -0.003054  -0.030225  0.335804  -0.376542  2.000000  
58.625233 0.007172  0.091396  0.020844  0.996615  0.078975  0.022849  -0.079158  0.996836  0.007189  -0.022209  -0.008974  0.999713  0.001098  0.002493  -0.003068  -0.030618  0.336320  -0.370283  2.000000  
58.626235 0.007174  0.091397  0.020840  0.996637  0.078773  0.022581  -0.078953  0.996852  0.007215  -0.021941  -0.008974  0.999719  0.001174  0.002438  -0.003162  -0.026851  0.331715  -0.363412  2.000000  
58.627238 0.007177  0.091398  0.020837  0.996662  0.078571  0.022179  -0.078749  0.996868  0.007251  -0.021540  -0.008974  0.999728  0.001260  0.002332  -0.003225  -0.027337  0.336048  -0.349508  2.000000  
58.628482 0.007180  0.091399  0.020832  0.996686  0.078369  0.021778  -0.078544  0.996884  0.007287  -0.021139  -0.008974  0.999736  0.001418  0.002218  -0.003305  -0.023588  0.336024  -0.342680  2.000000  
58.629736 0.007184  0.091399  0.020828  0.996714  0.078169  0.021243  -0.078340  0.996900  0.007334  -0.020604  -0.008974  0.999747  0.001609  0.002019  -0.003363  -0.024102  0.340358  -0.328777  2.000000  
58.630736 0.007188  0.091400  0.020825  0.996738  0.077967  0.020841  -0.078135  0.996916  0.007370  -0.020202  -0.008974  0.999756  0.001789  0.001891  -0.003359  -0.020339  0.340362  -0.321970  2.000000  
58.631736 0.007192  0.091400  0.020821  0.996746  0.077971  0.020441  -0.078136  0.996915  0.007401  -0.019801  -0.008974  0.999764  0.002006  0.001750  -0.003412  -0.020796  0.344790  -0.308148  2.000000  
58.632987 0.007198  0.091400  0.020816  0.996754  0.077974  0.020041  -0.078137  0.996915  0.007432  -0.019400  -0.008974  0.999772  0.002303  0.001595  -0.003426  -0.017036  0.341727  -0.291843  2.000000  
58.634000 0.007202  0.091399  0.020812  0.996778  0.077773  0.019639  -0.077932  0.996931  0.007468  -0.018998  -0.008974  0.999779  0.002533  0.001306  -0.003543  -0.017616  0.344162  -0.280212  2.000000  
58.635232 0.007208  0.091398  0.020806  0.996785  0.077776  0.019239  -0.077933  0.996930  0.007499  -0.018597  -0.008974  0.999787  0.002843  0.001034  -0.003645  -0.014011  0.339753  -0.266633  2.000000  
58.636239 0.007213  0.091398  0.020801  0.996793  0.077780  0.018839  -0.077933  0.996930  0.007530  -0.018196  -0.008974  0.999794  0.003116  0.000844  -0.003762  -0.014438  0.339551  -0.252747  2.000000  
58.637487 0.007220  0.091398  0.020795  0.996800  0.077784  0.018439  -0.077934  0.996930  0.007562  -0.017794  -0.008974  0.999801  0.003485  0.000612  -0.003908  -0.010939  0.339368  -0.232038  2.000000  
58.638487 0.007226  0.091398  0.020790  0.996804  0.077786  0.018172  -0.077934  0.996930  0.007582  -0.017527  -0.008974  0.999806  0.003752  0.000359  -0.004062  -0.011173  0.334807  -0.225165  2.000000  
58.639736 0.007232  0.091396  0.020782  0.996811  0.077790  0.017772  -0.077935  0.996929  0.007614  -0.017125  -0.008975  0.999813  0.004103  0.000026  -0.004298  -0.007649  0.334728  -0.204515  2.000000  
58.640985 0.007240  0.091393  0.020774  0.996820  0.077794  0.017239  -0.077935  0.996929  0.007655  -0.016590  -0.008975  0.999822  0.004394  -0.000284  -0.004503  -0.008043  0.338998  -0.190581  2.000000  
58.642002 0.007246  0.091390  0.020768  0.996825  0.077797  0.016972  -0.077936  0.996929  0.007676  -0.016323  -0.008975  0.999826  0.004675  -0.000520  -0.004643  -0.008397  0.334172  -0.176682  2.000000  
58.643234 0.007253  0.091387  0.020761  0.996831  0.077800  0.016572  -0.077936  0.996929  0.007708  -0.015921  -0.008975  0.999833  0.004939  -0.000837  -0.004838  -0.004687  0.334244  -0.162981  2.000000  
58.644237 0.007260  0.091384  0.020756  0.996835  0.077803  0.016305  -0.077936  0.996928  0.007728  -0.015654  -0.008975  0.999837  0.005165  -0.001050  -0.004953  -0.005016  0.334085  -0.149133  2.000000  
58.645482 0.007267  0.091379  0.020749  0.996842  0.077806  0.015905  -0.077937  0.996928  0.007760  -0.015252  -0.008975  0.999843  0.005355  -0.001352  -0.005087  -0.005358  0.334011  -0.135322  2.000000  
58.646485 0.007273  0.091375  0.020743  0.996832  0.078015  0.015507  -0.078143  0.996912  0.007788  -0.014851  -0.008975  0.999849  0.005504  -0.001716  -0.005287  -0.005824  0.333798  -0.114562  2.000000  
58.647737 0.007282  0.091369  0.020736  0.996837  0.078019  0.015106  -0.078143  0.996911  0.007819  -0.014450  -0.008975  0.999855  0.005668  -0.002081  -0.005470  -0.002064  0.333823  -0.100797  2.000000  
58.648983 0.007289  0.091363  0.020728  0.996843  0.078022  0.014706  -0.078144  0.996911  0.007851  -0.014048  -0.008975  0.999861  0.005778  -0.002422  -0.005621  -0.002237  0.333684  -0.093855  2.000000  
58.649998 0.007295  0.091358  0.020721  0.996847  0.078025  0.014440  -0.078144  0.996911  0.007871  -0.013781  -0.008975  0.999865  0.005863  -0.002752  -0.005750  -0.002520  0.333330  -0.079964  2.000000  
58.651239 0.007303  0.091352  0.020713  0.996852  0.078028  0.014039  -0.078144  0.996911  0.007903  -0.013379  -0.008975  0.999870  0.005939  -0.003112  -0.005919  -0.002808  0.333343  -0.066163  2.000000  
58.652490 0.007310  0.091345  0.020704  0.996840  0.078236  0.013774  -0.078350  0.996894  0.007921  -0.013112  -0.008975  0.999874  0.005957  -0.003601  -0.006104  0.000875  0.333100  -0.045425  2.000000  
58.653757 0.007316  0.091338  0.020694  0.996845  0.078241  0.013365  -0.078350  0.996895  0.007831  -0.012711  -0.008854  0.999880  0.005930  -0.003993  -0.006230  -0.003469  0.333401  -0.031655  2.000000  
58.654989 0.007323  0.091332  0.020685  0.996848  0.078244  0.013098  -0.078350  0.996895  0.007852  -0.012443  -0.008854  0.999883  0.005920  -0.004304  -0.006352  -0.003597  0.328472  -0.024742  2.000000  
58.656234 0.007330  0.091325  0.020676  0.996852  0.078246  0.012831  -0.078351  0.996895  0.007873  -0.012175  -0.008854  0.999887  0.005914  -0.004472  -0.006412  -0.003692  0.325752  -0.017681  2.000000  
58.657237 0.007334  0.091319  0.020669  0.996855  0.078248  0.012565  -0.078351  0.996895  0.007894  -0.011908  -0.008854  0.999890  0.005818  -0.004731  -0.006524  -0.003814  0.321235  -0.010860  2.000000  
58.658487 0.007341  0.091313  0.020660  0.996858  0.078252  0.012288  -0.078351  0.996895  0.007794  -0.011640  -0.008733  0.999894  0.005770  -0.004864  -0.006638  -0.008040  0.314826  -0.004131  2.000000  
58.659734 0.007347  0.091306  0.020651  0.996859  0.078253  0.012155  -0.078351  0.996895  0.007805  -0.011506  -0.008733  0.999896  0.005660  -0.005045  -0.006802  -0.008087  0.303286  0.002686  2.000000  
58.660737 0.007352  0.091300  0.020644  0.996862  0.078256  0.011888  -0.078352  0.996895  0.007826  -0.011239  -0.008733  0.999899  0.005512  -0.005217  -0.006923  -0.008263  0.296766  0.009548  2.000000  
58.661998 0.007357  0.091292  0.020635  0.996864  0.078257  0.011755  -0.078352  0.996895  0.007836  -0.011105  -0.008733  0.999900  0.005360  -0.005391  -0.007020  -0.008257  0.287629  0.009463  2.000000  
58.663235 0.007363  0.091284  0.020626  0.996867  0.078259  0.011488  -0.078352  0.996895  0.007857  -0.010837  -0.008733  0.999903  0.005250  -0.005546  -0.007109  -0.008294  0.280863  0.016212  2.000000  
58.664484 0.007369  0.091276  0.020618  0.996868  0.078262  0.011345  -0.078352  0.996896  0.007747  -0.010704  -0.008611  0.999906  0.005142  -0.005642  -0.007098  -0.012436  0.269722  0.016212  2.000000  
58.665737 0.007376  0.091268  0.020610  0.996870  0.078263  0.011212  -0.078352  0.996896  0.007757  -0.010570  -0.008612  0.999907  0.005058  -0.005740  -0.007061  -0.012434  0.260772  0.016135  2.000000  
58.666983 0.007382  0.091260  0.020603  0.996871  0.078264  0.011078  -0.078352  0.996895  0.007768  -0.010436  -0.008612  0.999908  0.005031  -0.005827  -0.006926  -0.012329  0.249715  0.015925  2.000000  
58.667993 0.007387  0.091254  0.020597  0.996889  0.078061  0.010934  -0.078147  0.996912  0.007660  -0.010302  -0.008490  0.999911  0.004991  -0.005897  -0.006887  -0.016271  0.245267  0.009005  2.000000  
58.669244 0.007394  0.091246  0.020589  0.996890  0.078062  0.010801  -0.078147  0.996912  0.007670  -0.010169  -0.008490  0.999912  0.004973  -0.005960  -0.006727  -0.016399  0.233735  0.008959  2.000000  
58.670489 0.007400  0.091239  0.020582  0.996890  0.078062  0.010801  -0.078147  0.996912  0.007670  -0.010169  -0.008490  0.999912  0.004988  -0.006017  -0.006585  -0.016400  0.220278  0.008843  2.000000  
58.671491 0.007406  0.091233  0.020577  0.996891  0.078065  0.010658  -0.078147  0.996913  0.007560  -0.010035  -0.008369  0.999915  0.005016  -0.006058  -0.006487  -0.020475  0.215778  0.008790  2.000000  
58.672496 0.007412  0.091228  0.020571  0.996891  0.078065  0.010658  -0.078147  0.996913  0.007560  -0.010035  -0.008369  0.999915  0.005037  -0.006069  -0.006402  -0.020468  0.202234  0.008671  2.000000  
58.673496 0.007417  0.091222  0.020565  0.996891  0.078065  0.010658  -0.078147  0.996913  0.007560  -0.010035  -0.008369  0.999915  0.005042  -0.006076  -0.006292  -0.020468  0.193252  0.008593  2.000000  
58.674737 0.007424  0.091215  0.020558  0.996907  0.077860  0.010656  -0.077942  0.996929  0.007562  -0.010035  -0.008369  0.999915  0.005123  -0.006098  -0.006204  -0.020246  0.178658  0.001549  2.000000  
58.676001 0.007430  0.091208  0.020551  0.996907  0.077860  0.010656  -0.077942  0.996929  0.007562  -0.010035  -0.008369  0.999915  0.005178  -0.006011  -0.006055  0.000000  0.000000  0.000000  2.000000  
58.677237 0.007437  0.091201  0.020544  0.996907  0.077860  0.010656  -0.077942  0.996929  0.007562  -0.010035  -0.008369  0.999915  0.005245  -0.005938  -0.005921  0.000000  0.000000  0.000000  2.000000  
58.678249 0.007443  0.091196  0.020539  0.996907  0.077860  0.010656  -0.077942  0.996929  0.007562  -0.010035  -0.008369  0.999915  0.005330  -0.005821  -0.005749  0.000000  0.000000  0.000000  2.000000  
58.679481 0.007450  0.091190  0.020534  0.996907  0.077861  0.010647  -0.077942  0.996930  0.007441  -0.010035  -0.008248  0.999916  0.005370  -0.005724  -0.005571  0.000000  0.000000  0.000000  2.000000  
58.680486 0.007455  0.091185  0.020530  0.996907  0.077861  0.010647  -0.077942  0.996930  0.007441  -0.010035  -0.008248  0.999916  0.005416  -0.005627  -0.005431  0.000000  0.000000  0.000000  2.000000  
58.681486 0.007461  0.091180  0.020525  0.996907  0.077861  0.010647  -0.077942  0.996930  0.007441  -0.010035  -0.008248  0.999916  0.005448  -0.005545  -0.005346  0.000000  0.000000  0.000000  2.000000  
58.682732 0.007468  0.091173  0.020520  0.996907  0.077861  0.010647  -0.077942  0.996930  0.007441  -0.010035  -0.008248  0.999916  0.005480  -0.005498  -0.005231  0.000000  0.000000  0.000000  2.000000  
58.683736 0.007474  0.091168  0.020516  0.996907  0.077861  0.010647  -0.077942  0.996930  0.007441  -0.010035  -0.008248  0.999916  0.005558  -0.005366  -0.005060  0.000000  0.000000  0.000000  2.000000  
58.684738 0.007480  0.091163  0.020511  0.996907  0.077861  0.010647  -0.077942  0.996930  0.007441  -0.010035  -0.008248  0.999916  0.005580  -0.005351  -0.005016  0.000000  0.000000  0.000000  2.000000  
58.685740 0.007485  0.091158  0.020507  0.996907  0.077861  0.010647  -0.077942  0.996930  0.007441  -0.010035  -0.008248  0.999916  0.005571  -0.005311  -0.004916  0.000000  0.000000  0.000000  2.000000  
58.686993 0.007492  0.091151  0.020501  0.996907  0.077861  0.010647  -0.077942  0.996930  0.007441  -0.010035  -0.008248  0.999916  0.005577  -0.005271  -0.004868  0.000000  0.000000  0.000000  2.000000  
58.687997 0.007498  0.091146  0.020497  0.996907  0.077861  0.010647  -0.077942  0.996930  0.007441  -0.010035  -0.008248  0.999916  0.005592  -0.005192  -0.004735  0.000000  0.000000  0.000000  2.000000  
58.689246 0.007505  0.091140  0.020491  0.996907  0.077861  0.010647  -0.077942  0.996930  0.007441  -0.010035  -0.008248  0.999916  0.005591  -0.005173  -0.004640  0.000000  0.000000  0.000000  2.000000  
58.690491 0.007512  0.091134  0.020485  0.996907  0.077861  0.010647  -0.077942  0.996930  0.007441  -0.010035  -0.008248  0.999916  0.005591  -0.005063  -0.004524  0.000000  0.000000  0.000000  2.000000  
58.691739 0.007518  0.091128  0.020479  0.996907  0.077861  0.010647  -0.077942  0.996930  0.007441  -0.010035  -0.008248  0.999916  0.005563  -0.005053  -0.004502  0.000000  0.000000  0.000000  2.000000  
58.692991 0.007524  0.091122  0.020473  0.996907  0.077861  0.010647  -0.077942  0.996930  0.007441  -0.010035  -0.008248  0.999916  0.005525  -0.005016  -0.004466  0.000000  0.000000  0.000000  2.000000  
58.694001 0.007528  0.091117  0.020468  0.996907  0.077861  0.010647  -0.077942  0.996930  0.007441  -0.010035  -0.008248  0.999916  0.005435  -0.004991  -0.004523  0.000000  0.000000  0.000000  2.000000  
58.695243 0.007534  0.091110  0.020462  0.996907  0.077861  0.010647  -0.077942  0.996930  0.007441  -0.010035  -0.008248  0.999916  0.005337  -0.005036  -0.004630  0.000000  0.000000  0.000000  2.000000  
58.696247 0.007539  0.091105  0.020456  0.996909  0.077862  0.010513  -0.077942  0.996930  0.007451  -0.009901  -0.008248  0.999917  0.005265  -0.005045  -0.004709  0.000000  0.000000  0.000000  2.000000  
58.697491 0.007544  0.091098  0.020449  0.996909  0.077862  0.010513  -0.077942  0.996930  0.007451  -0.009901  -0.008248  0.999917  0.005160  -0.005062  -0.004830  0.000000  0.000000  0.000000  2.000000  
58.698732 0.007550  0.091092  0.020442  0.996909  0.077862  0.010513  -0.077942  0.996930  0.007451  -0.009901  -0.008248  0.999917  0.005060  -0.005102  -0.004935  0.000000  0.000000  0.000000  2.000000  
58.699736 0.007554  0.091087  0.020437  0.996909  0.077862  0.010513  -0.077942  0.996930  0.007451  -0.009901  -0.008248  0.999917  0.004920  -0.005102  -0.004998  0.000000  0.000000  0.000000  2.000000  
58.700737 0.007559  0.091081  0.020431  0.996910  0.077863  0.010380  -0.077942  0.996930  0.007462  -0.009767  -0.008248  0.999918  0.004886  -0.005109  -0.005038  0.000000  0.000000  0.000000  2.000000  
58.701998 0.007564  0.091074  0.020425  0.996910  0.077863  0.010380  -0.077942  0.996930  0.007462  -0.009767  -0.008248  0.999918  0.004728  -0.005149  -0.005155  0.000000  0.000000  0.000000  2.000000  
58.703245 0.007569  0.091067  0.020418  0.996911  0.077864  0.010247  -0.077942  0.996930  0.007472  -0.009633  -0.008248  0.999920  0.004633  -0.005217  -0.005245  0.000000  0.000000  0.000000  2.000000  
58.704493 0.007575  0.091061  0.020410  0.996911  0.077864  0.010247  -0.077942  0.996930  0.007472  -0.009633  -0.008248  0.999920  0.004570  -0.005224  -0.005320  0.000000  0.000000  0.000000  2.000000  
58.705743 0.007580  0.091054  0.020403  0.996913  0.077865  0.010113  -0.077942  0.996930  0.007483  -0.009500  -0.008248  0.999921  0.004468  -0.005298  -0.005416  0.000000  0.000000  0.000000  2.000000  
58.706992 0.007585  0.091047  0.020396  0.996913  0.077865  0.010113  -0.077942  0.996930  0.007483  -0.009500  -0.008248  0.999921  0.004418  -0.005354  -0.005457  0.000000  0.000000  0.000000  2.000000  
58.707992 0.007590  0.091041  0.020390  0.996914  0.077866  0.009980  -0.077943  0.996930  0.007493  -0.009366  -0.008248  0.999922  0.004383  -0.005436  -0.005570  0.000000  0.000000  0.000000  2.000000  
58.709235 0.007595  0.091034  0.020382  0.996914  0.077866  0.009980  -0.077943  0.996930  0.007493  -0.009366  -0.008248  0.999922  0.004378  -0.005444  -0.005630  0.000000  0.000000  0.000000  2.000000  
58.710236 0.007600  0.091028  0.020375  0.996915  0.077867  0.009846  -0.077943  0.996930  0.007503  -0.009232  -0.008248  0.999923  0.004370  -0.005524  -0.005758  0.000000  0.000000  0.000000  2.000000  
58.711505 0.007605  0.091020  0.020367  0.996915  0.077867  0.009846  -0.077943  0.996930  0.007503  -0.009232  -0.008248  0.999923  0.004342  -0.005567  -0.005819  0.000000  0.000000  0.000000  2.000000  
58.712739 0.007610  0.091013  0.020359  0.996916  0.077867  0.009723  -0.077943  0.996929  0.007635  -0.009098  -0.008369  0.999924  0.004316  -0.005603  -0.005967  0.000000  0.000000  0.000000  2.000000  
58.713984 0.007616  0.091006  0.020351  0.996918  0.077868  0.009589  -0.077943  0.996929  0.007645  -0.008964  -0.008369  0.999925  0.004340  -0.005594  -0.005972  0.000000  0.000000  0.000000  2.000000  
58.714987 0.007621  0.091001  0.020345  0.996934  0.077663  0.009588  -0.077738  0.996945  0.007647  -0.008964  -0.008369  0.999925  0.004357  -0.005601  -0.006000  0.000000  0.000000  0.000000  2.000000  
58.715990 0.007625  0.090996  0.020339  0.996935  0.077664  0.009454  -0.077738  0.996944  0.007658  -0.008831  -0.008369  0.999926  0.004361  -0.005596  -0.006064  0.000000  0.000000  0.000000  2.000000  
58.717234 0.007631  0.090988  0.020332  0.996935  0.077664  0.009454  -0.077738  0.996944  0.007658  -0.008831  -0.008369  0.999926  0.004400  -0.005615  -0.006126  0.000000  0.000000  0.000000  2.000000  
58.718235 0.007635  0.090983  0.020325  0.996936  0.077665  0.009321  -0.077738  0.996944  0.007668  -0.008697  -0.008369  0.999927  0.004420  -0.005583  -0.006146  0.000000  0.000000  0.000000  2.000000  
58.719237 0.007640  0.090978  0.020320  0.996937  0.077667  0.009187  -0.077738  0.996944  0.007678  -0.008563  -0.008369  0.999928  0.004458  -0.005621  -0.006184  0.000000  0.000000  0.000000  2.000000  
58.720486 0.007646  0.090971  0.020312  0.996938  0.077668  0.009054  -0.077738  0.996944  0.007689  -0.008429  -0.008369  0.999929  0.004494  -0.005636  -0.006241  0.000000  0.000000  0.000000  2.000000  
58.721489 0.007652  0.090966  0.020306  0.996938  0.077667  0.009063  -0.077738  0.996943  0.007810  -0.008429  -0.008490  0.999928  0.004554  -0.005577  -0.006195  0.000000  0.000000  0.000000  2.000000  
58.722738 0.007658  0.090959  0.020299  0.996939  0.077668  0.008930  -0.077738  0.996943  0.007820  -0.008295  -0.008490  0.999930  0.004615  -0.005556  -0.006157  0.000000  0.000000  0.000000  2.000000  
58.723738 0.007663  0.090954  0.020294  0.996940  0.077669  0.008797  -0.077738  0.996943  0.007831  -0.008162  -0.008490  0.999931  0.004679  -0.005518  -0.006092  0.000000  0.000000  0.000000  2.000000  
58.724990 0.007670  0.090947  0.020286  0.996941  0.077670  0.008663  -0.077738  0.996943  0.007841  -0.008028  -0.008490  0.999932  0.004760  -0.005455  -0.006053  0.000000  0.000000  0.000000  2.000000  
58.725994 0.007675  0.090942  0.020281  0.996943  0.077671  0.008530  -0.077738  0.996943  0.007851  -0.007894  -0.008490  0.999933  0.004834  -0.005389  -0.005955  0.000000  0.000000  0.000000  2.000000  
58.727238 0.007682  0.090936  0.020274  0.996943  0.077671  0.008530  -0.077738  0.996943  0.007851  -0.007894  -0.008490  0.999933  0.004932  -0.005325  -0.005871  0.000000  0.000000  0.000000  2.000000  
58.728481 0.007689  0.090930  0.020267  0.996944  0.077672  0.008397  -0.077738  0.996943  0.007862  -0.007760  -0.008490  0.999934  0.005021  -0.005317  -0.005806  0.000000  0.000000  0.000000  2.000000  
58.729486 0.007695  0.090925  0.020262  0.996945  0.077673  0.008263  -0.077738  0.996943  0.007872  -0.007626  -0.008490  0.999935  0.005119  -0.005259  -0.005735  0.000000  0.000000  0.000000  2.000000  
58.730737 0.007702  0.090919  0.020255  0.996946  0.077675  0.008130  -0.077739  0.996943  0.007883  -0.007493  -0.008490  0.999936  0.005200  -0.005208  -0.005719  0.000000  0.000000  0.000000  2.000000  
58.731998 0.007709  0.090913  0.020248  0.996947  0.077675  0.008006  -0.077739  0.996942  0.008014  -0.007359  -0.008612  0.999936  0.005303  -0.005118  -0.005670  0.000000  0.000000  0.000000  2.000000  
58.733236 0.007716  0.090907  0.020240  0.996964  0.077471  0.007871  -0.077533  0.996957  0.008026  -0.007225  -0.008612  0.999937  0.005338  -0.005092  -0.005652  0.000000  0.000000  0.000000  2.000000  
58.734236 0.007721  0.090902  0.020235  0.996964  0.077471  0.007871  -0.077533  0.996957  0.008026  -0.007225  -0.008612  0.999937  0.005408  -0.005035  -0.005619  0.000000  0.000000  0.000000  2.000000  
58.735240 0.007727  0.090898  0.020230  0.996965  0.077472  0.007737  -0.077534  0.996957  0.008036  -0.007091  -0.008612  0.999938  0.005489  -0.004939  -0.005533  0.000000  0.000000  0.000000  2.000000  
58.736249 0.007733  0.090894  0.020225  0.996965  0.077473  0.007604  -0.077534  0.996957  0.008047  -0.006957  -0.008612  0.999939  0.005512  -0.004880  -0.005524  0.000000  0.000000  0.000000  2.000000  
58.737491 0.007741  0.090888  0.020218  0.996966  0.077474  0.007471  -0.077534  0.996957  0.008057  -0.006824  -0.008612  0.999940  0.005601  -0.004765  -0.005472  0.000000  0.000000  0.000000  2.000000  
58.738736 0.007748  0.090884  0.020213  0.996966  0.077474  0.007471  -0.077534  0.996957  0.008057  -0.006824  -0.008612  0.999940  0.005627  -0.004675  -0.005403  0.000000  0.000000  0.000000  2.000000  
58.739739 0.007754  0.090880  0.020208  0.996967  0.077475  0.007337  -0.077534  0.996957  0.008067  -0.006690  -0.008612  0.999941  0.005666  -0.004597  -0.005311  0.000000  0.000000  0.000000  2.000000  
58.740739 0.007760  0.090876  0.020203  0.996984  0.077271  0.007202  -0.077329  0.996973  0.008079  -0.006556  -0.008612  0.999941  0.005705  -0.004504  -0.005253  0.000000  0.000000  0.000000  2.000000  
58.742003 0.007767  0.090871  0.020198  0.996985  0.077272  0.007069  -0.077329  0.996973  0.008090  -0.006422  -0.008612  0.999942  0.005735  -0.004404  -0.005187  0.000000  0.000000  0.000000  2.000000  
58.743238 0.007773  0.090866  0.020191  0.996985  0.077272  0.007069  -0.077329  0.996973  0.008090  -0.006422  -0.008612  0.999942  0.005722  -0.004310  -0.005143  0.000000  0.000000  0.000000  2.000000  
58.744240 0.007779  0.090862  0.020187  0.996986  0.077273  0.006935  -0.077329  0.996973  0.008100  -0.006288  -0.008612  0.999943  0.005748  -0.004227  -0.005080  0.000000  0.000000  0.000000  2.000000  
58.745483 0.007786  0.090858  0.020180  0.996987  0.077274  0.006811  -0.077329  0.996972  0.008231  -0.006155  -0.008733  0.999943  0.005700  -0.004146  -0.005035  0.000000  0.000000  0.000000  2.000000  
58.746485 0.007791  0.090854  0.020175  0.996987  0.077274  0.006811  -0.077329  0.996972  0.008231  -0.006155  -0.008733  0.999943  0.005702  -0.004056  -0.005015  0.000000  0.000000  0.000000  2.000000  
58.747732 0.007797  0.090850  0.020169  0.997003  0.077070  0.006676  -0.077124  0.996987  0.008243  -0.006021  -0.008733  0.999944  0.005626  -0.003997  -0.004961  0.000000  0.000000  0.000000  2.000000  
58.748735 0.007802  0.090846  0.020164  0.997004  0.077071  0.006543  -0.077124  0.996987  0.008253  -0.005887  -0.008733  0.999945  0.005589  -0.003892  -0.004958  0.000000  0.000000  0.000000  2.000000  
58.749736 0.007807  0.090843  0.020159  0.997004  0.077071  0.006543  -0.077124  0.996987  0.008253  -0.005887  -0.008733  0.999945  0.005506  -0.003807  -0.004917  0.000000  0.000000  0.000000  2.000000  
58.750737 0.007812  0.090840  0.020154  0.997004  0.077071  0.006543  -0.077124  0.996987  0.008253  -0.005887  -0.008733  0.999945  0.005463  -0.003744  -0.004896  0.000000  0.000000  0.000000  2.000000  
58.751998 0.007818  0.090836  0.020147  0.997005  0.077072  0.006410  -0.077124  0.996987  0.008264  -0.005753  -0.008733  0.999945  0.005332  -0.003659  -0.004920  0.000000  0.000000  0.000000  2.000000  
58.753239 0.007823  0.090832  0.020141  0.997006  0.077073  0.006276  -0.077124  0.996987  0.008274  -0.005620  -0.008733  0.999946  0.005202  -0.003554  -0.004913  0.000000  0.000000  0.000000  2.000000  
58.754487 0.007828  0.090828  0.020134  0.997006  0.077073  0.006276  -0.077124  0.996987  0.008274  -0.005620  -0.008733  0.999946  0.005056  -0.003528  -0.004991  0.000000  0.000000  0.000000  2.000000  
58.755736 0.007833  0.090824  0.020128  0.997006  0.077074  0.006143  -0.077124  0.996987  0.008284  -0.005486  -0.008733  0.999947  0.004923  -0.003466  -0.005019  0.000000  0.000000  0.000000  2.000000  
58.756736 0.007838  0.090821  0.020123  0.997006  0.077074  0.006143  -0.077124  0.996987  0.008284  -0.005486  -0.008733  0.999947  0.004837  -0.003380  -0.005050  0.000000  0.000000  0.000000  2.000000  
58.757996 0.007843  0.090817  0.020116  0.997006  0.077074  0.006143  -0.077124  0.996987  0.008284  -0.005486  -0.008733  0.999947  0.004698  -0.003289  -0.005079  0.000000  0.000000  0.000000  2.000000  
58.759236 0.007848  0.090814  0.020110  0.997007  0.077075  0.006009  -0.077124  0.996987  0.008295  -0.005352  -0.008733  0.999948  0.004566  -0.003228  -0.005120  0.000000  0.000000  0.000000  2.000000  
58.760237 0.007851  0.090812  0.020106  0.997007  0.077076  0.006000  -0.077124  0.996988  0.008174  -0.005352  -0.008612  0.999949  0.004441  -0.003124  -0.005083  0.000000  0.000000  0.000000  2.000000  
58.761490 0.007856  0.090809  0.020100  0.997007  0.077076  0.006000  -0.077124  0.996988  0.008174  -0.005352  -0.008612  0.999949  0.004299  -0.003014  -0.005029  0.000000  0.000000  0.000000  2.000000  
58.762734 0.007860  0.090806  0.020094  0.997008  0.077077  0.005867  -0.077124  0.996988  0.008184  -0.005218  -0.008612  0.999949  0.004148  -0.002944  -0.005031  0.000000  0.000000  0.000000  2.000000  
58.763738 0.007863  0.090803  0.020089  0.997008  0.077077  0.005867  -0.077124  0.996988  0.008184  -0.005218  -0.008612  0.999949  0.004042  -0.002848  -0.005034  0.000000  0.000000  0.000000  2.000000  
58.764987 0.007867  0.090801  0.020083  0.997008  0.077077  0.005867  -0.077124  0.996988  0.008184  -0.005218  -0.008612  0.999949  0.003930  -0.002755  -0.005022  0.000000  0.000000  0.000000  2.000000  
58.765989 0.007870  0.090799  0.020077  0.997008  0.077077  0.005867  -0.077124  0.996988  0.008184  -0.005218  -0.008612  0.999949  0.003802  -0.002717  -0.005034  0.000000  0.000000  0.000000  2.000000  
58.766990 0.007873  0.090796  0.020072  0.997008  0.077077  0.005867  -0.077124  0.996988  0.008184  -0.005218  -0.008612  0.999949  0.003705  -0.002650  -0.005023  0.000000  0.000000  0.000000  2.000000  
58.768237 0.007877  0.090794  0.020066  0.997008  0.077077  0.005867  -0.077124  0.996988  0.008184  -0.005218  -0.008612  0.999949  0.003600  -0.002555  -0.005024  0.000000  0.000000  0.000000  2.000000  
58.769260 0.007880  0.090792  0.020060  0.996992  0.077283  0.005868  -0.077329  0.996972  0.008183  -0.005218  -0.008612  0.999949  0.003473  -0.002444  -0.005007  0.000000  0.000000  0.000000  2.000000  
58.770487 0.007883  0.090790  0.020054  0.996992  0.077283  0.005868  -0.077329  0.996972  0.008183  -0.005218  -0.008612  0.999949  0.003367  -0.002326  -0.005034  0.000000  0.000000  0.000000  2.000000  
58.771487 0.007886  0.090788  0.020049  0.996992  0.077283  0.005868  -0.077329  0.996972  0.008183  -0.005218  -0.008612  0.999949  0.003298  -0.002226  -0.004997  0.000000  0.000000  0.000000  2.000000  
58.772737 0.007890  0.090786  0.020043  0.996992  0.077283  0.005868  -0.077329  0.996972  0.008183  -0.005218  -0.008612  0.999949  0.003177  -0.002125  -0.004976  0.000000  0.000000  0.000000  2.000000  
58.773992 0.007894  0.090785  0.020037  0.996976  0.077488  0.005870  -0.077534  0.996956  0.008181  -0.005218  -0.008612  0.999949  0.003116  -0.002004  -0.004978  0.000000  0.000000  0.000000  2.000000  
58.775236 0.007897  0.090783  0.020031  0.996975  0.077486  0.006013  -0.077534  0.996955  0.008292  -0.005352  -0.008733  0.999948  0.003067  -0.001901  -0.004971  0.000000  0.000000  0.000000  2.000000  
58.776237 0.007900  0.090782  0.020026  0.996975  0.077486  0.006013  -0.077534  0.996955  0.008292  -0.005352  -0.008733  0.999948  0.003014  -0.001819  -0.004964  0.000000  0.000000  0.000000  2.000000  
58.777484 0.007904  0.090780  0.020021  0.996959  0.077691  0.006014  -0.077740  0.996939  0.008291  -0.005352  -0.008733  0.999948  0.002971  -0.001744  -0.004939  0.000000  0.000000  0.000000  2.000000  
58.778488 0.007907  0.090779  0.020016  0.996959  0.077691  0.006014  -0.077740  0.996939  0.008291  -0.005352  -0.008733  0.999948  0.002981  -0.001643  -0.004962  0.000000  0.000000  0.000000  2.000000  
58.779735 0.007911  0.090777  0.020009  0.996959  0.077691  0.006014  -0.077740  0.996939  0.008291  -0.005352  -0.008733  0.999948  0.002957  -0.001579  -0.004967  0.000000  0.000000  0.000000  2.000000  
58.780983 0.007915  0.090776  0.020003  0.996943  0.077896  0.006016  -0.077945  0.996923  0.008290  -0.005352  -0.008733  0.999948  0.002959  -0.001490  -0.004949  0.000000  0.000000  0.000000  2.000000  
58.781998 0.007917  0.090775  0.019999  0.996943  0.077896  0.006016  -0.077945  0.996923  0.008290  -0.005352  -0.008733  0.999948  0.002936  -0.001394  -0.004893  0.000000  0.000000  0.000000  2.000000  
58.783236 0.007921  0.090774  0.019992  0.996943  0.077896  0.006016  -0.077945  0.996923  0.008290  -0.005352  -0.008733  0.999948  0.002962  -0.001312  -0.004907  0.000000  0.000000  0.000000  2.000000  
58.784238 0.007925  0.090774  0.019988  0.996927  0.078102  0.006018  -0.078150  0.996907  0.008288  -0.005352  -0.008733  0.999948  0.003003  -0.001220  -0.004855  0.000000  0.000000  0.000000  2.000000  
58.785483 0.007928  0.090772  0.019981  0.996927  0.078102  0.006018  -0.078150  0.996907  0.008288  -0.005352  -0.008733  0.999948  0.003024  -0.001163  -0.004841  0.000000  0.000000  0.000000  2.000000  
58.786490 0.007932  0.090771  0.019977  0.996911  0.078307  0.006020  -0.078355  0.996891  0.008287  -0.005352  -0.008733  0.999948  0.003075  -0.001073  -0.004804  0.000000  0.000000  0.000000  2.000000  
58.787737 0.007936  0.090770  0.019970  0.996910  0.078306  0.006153  -0.078355  0.996891  0.008277  -0.005486  -0.008733  0.999947  0.003089  -0.001058  -0.004853  0.000000  0.000000  0.000000  2.000000  
58.788989 0.007940  0.090769  0.019964  0.996894  0.078510  0.006164  -0.078561  0.996874  0.008396  -0.005486  -0.008854  0.999946  0.003085  -0.001032  -0.004869  0.000000  0.000000  0.000000  2.000000  
58.789992 0.007943  0.090769  0.019959  0.996894  0.078510  0.006164  -0.078561  0.996874  0.008396  -0.005486  -0.008854  0.999946  0.003124  -0.000978  -0.004885  0.000000  0.000000  0.000000  2.000000  
58.791240 0.007947  0.090767  0.019952  0.996878  0.078715  0.006166  -0.078766  0.996858  0.008395  -0.005486  -0.008854  0.999946  0.003155  -0.000966  -0.004958  0.000000  0.000000  0.000000  2.000000  
58.792486 0.007952  0.090766  0.019945  0.996878  0.078715  0.006166  -0.078766  0.996858  0.008395  -0.005486  -0.008854  0.999946  0.003191  -0.000981  -0.005016  0.000000  0.000000  0.000000  2.000000  
58.793487 0.007956  0.090765  0.019940  0.996878  0.078715  0.006166  -0.078766  0.996858  0.008395  -0.005486  -0.008854  0.999946  0.003239  -0.000963  -0.005021  0.000000  0.000000  0.000000  2.000000  
58.794770 0.007960  0.090763  0.019934  0.996862  0.078921  0.006168  -0.078971  0.996842  0.008394  -0.005486  -0.008854  0.999946  0.003281  -0.000932  -0.005015  0.000000  0.000000  0.000000  2.000000  
58.795985 0.007964  0.090762  0.019928  0.996862  0.078921  0.006168  -0.078971  0.996842  0.008394  -0.005486  -0.008854  0.999946  0.003311  -0.000968  -0.005039  0.000000  0.000000  0.000000  2.000000  
58.797237 0.007969  0.090760  0.019922  0.996846  0.079125  0.006179  -0.079176  0.996824  0.008513  -0.005486  -0.008976  0.999945  0.003365  -0.000970  -0.005028  0.000000  0.000000  0.000000  2.000000  
58.798482 0.007973  0.090759  0.019916  0.996846  0.079125  0.006179  -0.079176  0.996824  0.008513  -0.005486  -0.008976  0.999945  0.003397  -0.000971  -0.004989  0.000000  0.000000  0.000000  2.000000  
58.799484 0.007977  0.090758  0.019912  0.996829  0.079330  0.006181  -0.079381  0.996808  0.008512  -0.005486  -0.008976  0.999945  0.003424  -0.000999  -0.005002  0.000000  0.000000  0.000000  2.000000  
58.800736 0.007981  0.090757  0.019905  0.996829  0.079330  0.006181  -0.079381  0.996808  0.008512  -0.005486  -0.008976  0.999945  0.003478  -0.001032  -0.004976  0.000000  0.000000  0.000000  2.000000  
58.802000 0.007986  0.090755  0.019899  0.996813  0.079536  0.006182  -0.079587  0.996792  0.008511  -0.005486  -0.008976  0.999945  0.003521  -0.001068  -0.005012  0.000000  0.000000  0.000000  2.000000  
58.803243 0.007990  0.090754  0.019893  0.996813  0.079536  0.006182  -0.079587  0.996792  0.008511  -0.005486  -0.008976  0.999945  0.003510  -0.001087  -0.004971  0.000000  0.000000  0.000000  2.000000  
58.804486 0.007995  0.090752  0.019887  0.996813  0.079536  0.006182  -0.079587  0.996792  0.008511  -0.005486  -0.008976  0.999945  0.003534  -0.001150  -0.004971  0.000000  0.000000  0.000000  2.000000  
58.805487 0.007998  0.090751  0.019882  0.996796  0.079741  0.006184  -0.079792  0.996775  0.008510  -0.005486  -0.008976  0.999945  0.003522  -0.001140  -0.004942  0.000000  0.000000  0.000000  2.000000  
58.806737 0.008002  0.090750  0.019876  0.996796  0.079741  0.006184  -0.079792  0.996775  0.008510  -0.005486  -0.008976  0.999945  0.003543  -0.001129  -0.004879  0.000000  0.000000  0.000000  2.000000  
58.807991 0.008007  0.090748  0.019870  0.996780  0.079946  0.006186  -0.079997  0.996759  0.008508  -0.005486  -0.008976  0.999945  0.003539  -0.001128  -0.004875  0.000000  0.000000  0.000000  2.000000  
58.809236 0.008011  0.090747  0.019864  0.996780  0.079946  0.006186  -0.079997  0.996759  0.008508  -0.005486  -0.008976  0.999945  0.003552  -0.001119  -0.004812  0.000000  0.000000  0.000000  2.000000  
58.810238 0.008014  0.090746  0.019859  0.996780  0.079946  0.006186  -0.079997  0.996759  0.008508  -0.005486  -0.008976  0.999945  0.003509  -0.001139  -0.004804  0.000000  0.000000  0.000000  2.000000  
58.811484 0.008019  0.090744  0.019854  0.996764  0.080150  0.006197  -0.080202  0.996741  0.008628  -0.005486  -0.009097  0.999944  0.003511  -0.001168  -0.004795  0.000000  0.000000  0.000000  2.000000  
58.812484 0.008022  0.090743  0.019848  0.996764  0.080150  0.006197  -0.080202  0.996741  0.008628  -0.005486  -0.009097  0.999944  0.003492  -0.001180  -0.004861  0.000000  0.000000  0.000000  2.000000  
58.813485 0.008025  0.090741  0.019844  0.996764  0.080150  0.006197  -0.080202  0.996741  0.008628  -0.005486  -0.009097  0.999944  0.003449  -0.001201  -0.004854  0.000000  0.000000  0.000000  2.000000  
58.814734 0.008030  0.090740  0.019838  0.996747  0.080356  0.006199  -0.080407  0.996725  0.008627  -0.005486  -0.009097  0.999944  0.003444  -0.001175  -0.004872  0.000000  0.000000  0.000000  2.000000  
58.815983 0.008033  0.090739  0.019832  0.996747  0.080356  0.006199  -0.080407  0.996725  0.008627  -0.005486  -0.009097  0.999944  0.003407  -0.001164  -0.004822  0.000000  0.000000  0.000000  2.000000  
58.816987 0.008037  0.090738  0.019827  0.996730  0.080561  0.006201  -0.080613  0.996708  0.008625  -0.005486  -0.009097  0.999944  0.003389  -0.001157  -0.004795  0.000000  0.000000  0.000000  2.000000  
58.817990 0.008040  0.090737  0.019823  0.996730  0.080561  0.006201  -0.080613  0.996708  0.008625  -0.005486  -0.009097  0.999944  0.003400  -0.001119  -0.004742  0.000000  0.000000  0.000000  2.000000  
58.819242 0.008044  0.090736  0.019817  0.996714  0.080766  0.006203  -0.080818  0.996692  0.008624  -0.005486  -0.009097  0.999944  0.003307  -0.001072  -0.004705  0.000000  0.000000  0.000000  2.000000  
58.820486 0.008047  0.090735  0.019812  0.996714  0.080766  0.006203  -0.080818  0.996692  0.008624  -0.005486  -0.009097  0.999944  0.003300  -0.001031  -0.004633  0.000000  0.000000  0.000000  2.000000  
58.821488 0.008051  0.090735  0.019808  0.996696  0.080970  0.006338  -0.081023  0.996675  0.008612  -0.005620  -0.009097  0.999943  0.003279  -0.000993  -0.004614  0.000000  0.000000  0.000000  2.000000  
58.822488 0.008054  0.090735  0.019804  0.996696  0.080970  0.006338  -0.081023  0.996675  0.008612  -0.005620  -0.009097  0.999943  0.003238  -0.000952  -0.004573  0.000000  0.000000  0.000000  2.000000  
58.823738 0.008057  0.090734  0.019798  0.996680  0.081175  0.006340  -0.081228  0.996658  0.008611  -0.005620  -0.009097  0.999943  0.003162  -0.000916  -0.004574  0.000000  0.000000  0.000000  2.000000  
58.824989 0.008061  0.090733  0.019793  0.996680  0.081174  0.006350  -0.081228  0.996657  0.008732  -0.005620  -0.009218  0.999942  0.003135  -0.000845  -0.004492  0.000000  0.000000  0.000000  2.000000  
58.825998 0.008064  0.090733  0.019789  0.996663  0.081380  0.006351  -0.081433  0.996641  0.008730  -0.005620  -0.009218  0.999942  0.003089  -0.000796  -0.004436  0.000000  0.000000  0.000000  2.000000  
58.827237 0.008067  0.090732  0.019784  0.996662  0.081378  0.006485  -0.081433  0.996641  0.008719  -0.005753  -0.009218  0.999941  0.003062  -0.000718  -0.004347  0.000000  0.000000  0.000000  2.000000  
58.828486 0.008071  0.090732  0.019780  0.996645  0.081584  0.006486  -0.081639  0.996624  0.008718  -0.005753  -0.009218  0.999941  0.003004  -0.000670  -0.004279  0.000000  0.000000  0.000000  2.000000  
58.829745 0.008074  0.090731  0.019775  0.996629  0.081789  0.006488  -0.081844  0.996607  0.008717  -0.005753  -0.009218  0.999941  0.002973  -0.000590  -0.004182  0.000000  0.000000  0.000000  2.000000  
58.830983 0.008078  0.090730  0.019771  0.996611  0.081993  0.006623  -0.082049  0.996590  0.008704  -0.005887  -0.009218  0.999940  0.002955  -0.000551  -0.004093  0.000000  0.000000  0.000000  2.000000  
58.831997 0.008080  0.090730  0.019767  0.996594  0.082197  0.006635  -0.082254  0.996572  0.008824  -0.005887  -0.009340  0.999939  0.002908  -0.000497  -0.004033  0.000000  0.000000  0.000000  2.000000  
58.833235 0.008084  0.090730  0.019763  0.996593  0.082196  0.006768  -0.082254  0.996572  0.008813  -0.006021  -0.009340  0.999938  0.002858  -0.000444  -0.003892  0.000000  0.000000  0.000000  2.000000  
58.834237 0.008087  0.090730  0.019761  0.996576  0.082401  0.006770  -0.082459  0.996555  0.008811  -0.006021  -0.009340  0.999938  0.002888  -0.000395  -0.003774  0.000000  0.000000  0.000000  2.000000  
58.835483 0.008090  0.090730  0.019757  0.996558  0.082605  0.006905  -0.082664  0.996539  0.008799  -0.006155  -0.009340  0.999937  0.002835  -0.000374  -0.003690  0.000000  0.000000  0.000000  2.000000  
58.836489 0.008093  0.090730  0.019754  0.996541  0.082810  0.006907  -0.082869  0.996522  0.008798  -0.006155  -0.009340  0.999937  0.002823  -0.000313  -0.003587  0.000000  0.000000  0.000000  2.000000  
58.837736 0.008096  0.090729  0.019750  0.996524  0.083014  0.007042  -0.083074  0.996505  0.008785  -0.006288  -0.009340  0.999937  0.002764  -0.000326  -0.003484  0.000000  0.000000  0.000000  2.000000  
58.838738 0.008099  0.090730  0.019748  0.996506  0.083217  0.007188  -0.083279  0.996487  0.008893  -0.006422  -0.009461  0.999935  0.002758  -0.000291  -0.003362  0.000000  0.000000  0.000000  2.000000  
58.839739 0.008101  0.090729  0.019745  0.996488  0.083421  0.007323  -0.083485  0.996469  0.008881  -0.006556  -0.009461  0.999934  0.002740  -0.000264  -0.003238  0.000000  0.000000  0.000000  2.000000  
58.840747 0.008104  0.090729  0.019743  0.996470  0.083626  0.007325  -0.083690  0.996452  0.008879  -0.006556  -0.009461  0.999934  0.002717  -0.000211  -0.003129  0.000000  0.000000  0.000000  2.000000  
58.842003 0.008107  0.090730  0.019741  0.996435  0.084035  0.007462  -0.084100  0.996418  0.008865  -0.006690  -0.009461  0.999933  0.002660  -0.000170  -0.002945  0.000000  0.000000  0.000000  2.000000  
58.843237 0.008109  0.090730  0.019738  0.996398  0.084443  0.007732  -0.084510  0.996383  0.008839  -0.006957  -0.009461  0.999931  0.002628  -0.000136  -0.002795  0.000000  0.000000  0.000000  2.000000  
