1-Time 2-Px 3-Py 4-Pz 5-R11 6-R21 7-R31 8-R12 9-R22 10-R32 11-R13 12-R23 13-R33 14-Vx 15-Vy 16-Vz 17-Wx 18-Wy 19-Wz 20-state 21-PR11 22-PR21 23-PR31 24-PR12 25-PR22 26-PR32 27-PR13 28-PR23 29-PR33 
82.152769 0.007106  0.092414  0.021499  0.997855  0.060924  0.023969  -0.061089  0.998113  0.006189  -0.023546  -0.007640  0.999694  0.001886  0.002213  -0.000111  0.002916  0.341951  -0.381523  2.000000  
82.153773 0.007108  0.092416  0.021498  0.997889  0.060516  0.023566  -0.060678  0.998138  0.006223  -0.023145  -0.007640  0.999703  0.001849  0.002204  -0.000151  0.002589  0.344691  -0.377729  2.000000  
82.154778 0.007110  0.092417  0.021498  0.997911  0.060314  0.023164  -0.060474  0.998150  0.006252  -0.022744  -0.007640  0.999712  0.001823  0.002146  -0.000159  0.002244  0.344689  -0.370872  2.000000  
82.156022 0.007113  0.092418  0.021497  0.997947  0.059907  0.022627  -0.060063  0.998175  0.006294  -0.022209  -0.007640  0.999724  0.001881  0.002013  -0.000245  0.001855  0.344578  -0.363900  2.000000  
82.157026 0.007116  0.092418  0.021497  0.997969  0.059705  0.022225  -0.059858  0.998187  0.006322  -0.021807  -0.007640  0.999733  0.001941  0.001854  -0.000287  0.001546  0.349010  -0.356940  2.000000  
82.158271 0.007121  0.092418  0.021496  0.998005  0.059298  0.021689  -0.059448  0.998211  0.006363  -0.021272  -0.007640  0.999745  0.002045  0.001673  -0.000330  0.001194  0.353517  -0.350058  2.000000  
82.159274 0.007125  0.092418  0.021495  0.998025  0.059095  0.021287  -0.059243  0.998223  0.006392  -0.020871  -0.007640  0.999753  0.002194  0.001517  -0.000349  0.000872  0.353386  -0.343069  2.000000  
82.160523 0.007131  0.092418  0.021495  0.998049  0.058891  0.020758  -0.059038  0.998234  0.006549  -0.020336  -0.007761  0.999763  0.002467  0.001352  -0.000369  0.004432  0.357791  -0.329181  2.000000  
82.161774 0.007137  0.092418  0.021494  0.998071  0.058690  0.020223  -0.058834  0.998246  0.006584  -0.019801  -0.007761  0.999774  0.002763  0.001155  -0.000402  0.003951  0.366812  -0.315400  2.000000  
82.163026 0.007144  0.092418  0.021493  0.998106  0.058283  0.019686  -0.058423  0.998270  0.006624  -0.019266  -0.007761  0.999784  0.003100  0.000918  -0.000473  0.003800  0.371145  -0.315229  2.000000  
82.164273 0.007151  0.092418  0.021491  0.998128  0.058084  0.019143  -0.058218  0.998282  0.006538  -0.018731  -0.007640  0.999795  0.003409  0.000740  -0.000548  0.003316  0.375555  -0.301459  2.000000  
82.165274 0.007156  0.092417  0.021490  0.998145  0.057880  0.018875  -0.058013  0.998294  0.006558  -0.018463  -0.007640  0.999800  0.003664  0.000562  -0.000636  0.003048  0.371000  -0.294575  2.000000  
82.166521 0.007164  0.092418  0.021487  0.998167  0.057679  0.018339  -0.057808  0.998306  0.006592  -0.017928  -0.007640  0.999810  0.004053  0.000418  -0.000785  0.002744  0.376902  -0.285293  2.000000  
82.167538 0.007170  0.092418  0.021485  0.998186  0.057477  0.017937  -0.057603  0.998318  0.006619  -0.017527  -0.007640  0.999817  0.004364  0.000283  -0.000918  0.002309  0.375117  -0.273635  2.000000  
82.168777 0.007178  0.092418  0.021482  0.998207  0.057275  0.017402  -0.057398  0.998329  0.006654  -0.016992  -0.007641  0.999826  0.004796  0.000100  -0.001106  0.002024  0.379720  -0.266805  2.000000  
82.170034 0.007187  0.092416  0.021479  0.998213  0.057278  0.017001  -0.057399  0.998329  0.006677  -0.016590  -0.007641  0.999833  0.005150  -0.000075  -0.001279  0.001608  0.379508  -0.252906  2.000000  
82.171273 0.007196  0.092415  0.021477  0.998234  0.057075  0.016472  -0.057194  0.998340  0.006832  -0.016055  -0.007762  0.999841  0.005467  -0.000203  -0.001339  0.005399  0.379660  -0.246095  2.000000  
82.172275 0.007203  0.092413  0.021475  0.998252  0.056872  0.016070  -0.056988  0.998351  0.006858  -0.015654  -0.007762  0.999847  0.005768  -0.000320  -0.001426  0.009243  0.384036  -0.239135  2.000000  
82.173523 0.007212  0.092411  0.021474  0.998258  0.056875  0.015670  -0.056989  0.998351  0.006881  -0.015252  -0.007762  0.999854  0.006008  -0.000460  -0.001454  0.008857  0.383949  -0.225315  2.000000  
82.174524 0.007220  0.092409  0.021472  0.998276  0.056671  0.015274  -0.056784  0.998362  0.007028  -0.014851  -0.007883  0.999859  0.006267  -0.000573  -0.001506  0.012698  0.383874  -0.218357  2.000000  
82.175771 0.007229  0.092407  0.021471  0.998284  0.056675  0.014740  -0.056784  0.998362  0.007059  -0.014316  -0.007883  0.999866  0.006506  -0.000767  -0.001550  0.012323  0.388453  -0.204592  2.000000  
82.176773 0.007237  0.092404  0.021470  0.998299  0.056472  0.014472  -0.056579  0.998373  0.007077  -0.014048  -0.007883  0.999870  0.006641  -0.000958  -0.001619  0.012248  0.383793  -0.204541  2.000000  
82.177848 0.007245  0.092401  0.021469  0.998305  0.056475  0.014071  -0.056579  0.998373  0.007099  -0.013647  -0.007883  0.999876  0.006800  -0.001116  -0.001642  0.011881  0.387223  -0.190203  2.000000  
82.179024 0.007255  0.092398  0.021466  0.998322  0.056273  0.013669  -0.056374  0.998384  0.007125  -0.013246  -0.007884  0.999881  0.007029  -0.001343  -0.001692  0.011832  0.388157  -0.190663  2.000000  
82.180272 0.007264  0.092395  0.021464  0.998327  0.056276  0.013268  -0.056374  0.998384  0.007148  -0.012844  -0.007884  0.999886  0.007200  -0.001491  -0.001712  0.011486  0.383590  -0.176883  2.000000  
82.181519 0.007274  0.092393  0.021462  0.998332  0.056279  0.012867  -0.056374  0.998384  0.007170  -0.012443  -0.007884  0.999892  0.007341  -0.001688  -0.001673  0.011083  0.384823  -0.161689  2.000000  
82.182774 0.007285  0.092391  0.021460  0.998347  0.056076  0.012599  -0.056169  0.998395  0.007188  -0.012175  -0.007884  0.999895  0.007506  -0.001829  -0.001626  0.010986  0.378990  -0.156192  2.000000  
82.184024 0.007295  0.092388  0.021457  0.998352  0.056079  0.012198  -0.056169  0.998395  0.007210  -0.011774  -0.007884  0.999900  0.007621  -0.001970  -0.001591  0.010802  0.378953  -0.149281  2.000000  
82.185027 0.007302  0.092386  0.021456  0.998366  0.055875  0.011929  -0.055964  0.998407  0.007228  -0.011506  -0.007884  0.999903  0.007715  -0.001991  -0.001525  0.010632  0.374344  -0.142376  2.000000  
82.186041 0.007310  0.092385  0.021455  0.998368  0.055876  0.011796  -0.055964  0.998407  0.007235  -0.011373  -0.007884  0.999904  0.007767  -0.002019  -0.001424  0.010473  0.365177  -0.135484  2.000000  
82.187273 0.007320  0.092383  0.021454  0.998383  0.055673  0.011527  -0.055759  0.998418  0.007253  -0.011105  -0.007884  0.999907  0.007798  -0.002055  -0.001401  0.010309  0.356299  -0.128699  2.000000  
82.188273 0.007328  0.092380  0.021454  0.998397  0.055470  0.011258  -0.055553  0.998429  0.007270  -0.010837  -0.007884  0.999910  0.007808  -0.002105  -0.001371  0.010258  0.347359  -0.128790  2.000000  
82.189274 0.007336  0.092378  0.021453  0.998398  0.055471  0.011125  -0.055553  0.998429  0.007277  -0.010704  -0.007884  0.999912  0.007839  -0.002164  -0.001368  0.010114  0.338313  -0.121941  2.000000  
82.190521 0.007345  0.092374  0.021452  0.998413  0.055267  0.010856  -0.055348  0.998440  0.007295  -0.010436  -0.007884  0.999914  0.007839  -0.002235  -0.001330  0.005944  0.331012  -0.120930  2.000000  
82.191526 0.007352  0.092370  0.021452  0.998427  0.055064  0.010588  -0.055143  0.998452  0.007311  -0.010169  -0.007884  0.999917  0.007813  -0.002272  -0.001244  0.005943  0.324761  -0.122003  2.000000  
82.192774 0.007362  0.092366  0.021452  0.998428  0.055065  0.010454  -0.055143  0.998452  0.007319  -0.010035  -0.007884  0.999919  0.007849  -0.002349  -0.001144  0.005700  0.311201  -0.108286  2.000000  
82.194021 0.007371  0.092362  0.021451  0.998442  0.054861  0.010185  -0.054937  0.998463  0.007336  -0.009767  -0.007884  0.999921  0.007780  -0.002418  -0.000996  0.009733  0.302194  -0.108373  2.000000  
82.195024 0.007379  0.092359  0.021452  0.998455  0.054657  0.010050  -0.054732  0.998474  0.007345  -0.009633  -0.007884  0.999923  0.007777  -0.002467  -0.000830  0.009710  0.297676  -0.108401  2.000000  
82.196270 0.007389  0.092355  0.021453  0.998468  0.054453  0.009781  -0.054526  0.998485  0.007362  -0.009366  -0.007884  0.999925  0.007729  -0.002541  -0.000662  0.009593  0.290775  -0.107547  2.000000  
82.197274 0.007397  0.092352  0.021454  0.998481  0.054249  0.009646  -0.054321  0.998496  0.007371  -0.009232  -0.007884  0.999926  0.007749  -0.002611  -0.000435  0.009640  0.279825  -0.108595  2.000000  
82.198523 0.007407  0.092349  0.021454  0.998494  0.054045  0.009378  -0.054115  0.998507  0.007388  -0.008964  -0.007884  0.999929  0.007754  -0.002686  -0.000251  0.009593  0.270738  -0.108630  2.000000  
82.199770 0.007416  0.092346  0.021454  0.998507  0.053841  0.009243  -0.053910  0.998518  0.007397  -0.008831  -0.007884  0.999930  0.007737  -0.002740  -0.000134  0.009571  0.259610  -0.114655  2.000000  
82.200774 0.007424  0.092343  0.021455  0.998518  0.053636  0.009235  -0.053704  0.998530  0.007277  -0.008831  -0.007763  0.999931  0.007704  -0.002819  0.000008  0.001459  0.246196  -0.114744  2.000000  
82.202053 0.007433  0.092340  0.021456  0.998530  0.053432  0.009099  -0.053499  0.998541  0.007287  -0.008697  -0.007763  0.999932  0.007670  -0.002889  0.000097  0.001431  0.234548  -0.115702  2.000000  
82.203278 0.007442  0.092336  0.021455  0.998542  0.053227  0.008964  -0.053293  0.998552  0.007296  -0.008563  -0.007763  0.999933  0.007625  -0.002938  0.000143  0.001483  0.225791  -0.122780  2.000000  
82.204523 0.007451  0.092333  0.021455  0.998554  0.053023  0.008829  -0.053088  0.998563  0.007304  -0.008429  -0.007763  0.999934  0.007591  -0.002925  0.000197  -0.002606  0.215048  -0.121842  2.000000  
82.205524 0.007458  0.092330  0.021455  0.998566  0.052818  0.008694  -0.052882  0.998574  0.007313  -0.008295  -0.007763  0.999935  0.007527  -0.002943  0.000228  -0.002590  0.203384  -0.129871  2.000000  
82.206525 0.007465  0.092327  0.021455  0.998577  0.052613  0.008693  -0.052677  0.998585  0.007315  -0.008295  -0.007763  0.999935  0.007506  -0.002898  0.000248  -0.002587  0.192794  -0.128874  2.000000  
82.207774 0.007473  0.092324  0.021456  0.998589  0.052408  0.008557  -0.052471  0.998596  0.007324  -0.008162  -0.007763  0.999937  0.007452  -0.002802  0.000341  -0.002553  0.184384  -0.136143  2.000000  
82.209026 0.007482  0.092321  0.021458  0.998601  0.052204  0.008422  -0.052266  0.998606  0.007333  -0.008028  -0.007763  0.999938  0.007376  -0.002750  0.000435  -0.002614  0.171971  -0.137045  2.000000  
82.210274 0.007491  0.092317  0.021460  0.998613  0.051999  0.008287  -0.052060  0.998617  0.007341  -0.007894  -0.007763  0.999939  0.007305  -0.002699  0.000529  0.000000  0.000000  0.000000  2.000000  
82.211524 0.007499  0.092314  0.021461  0.998624  0.051795  0.008152  -0.051855  0.998628  0.007350  -0.007760  -0.007763  0.999940  0.007217  -0.002648  0.000559  0.000000  0.000000  0.000000  2.000000  
82.212770 0.007508  0.092312  0.021463  0.998636  0.051590  0.008017  -0.051649  0.998638  0.007359  -0.007626  -0.007763  0.999941  0.007113  -0.002627  0.000628  0.000000  0.000000  0.000000  2.000000  
82.213774 0.007514  0.092309  0.021464  0.998648  0.051385  0.007882  -0.051444  0.998649  0.007367  -0.007493  -0.007763  0.999942  0.007012  -0.002620  0.000667  0.000000  0.000000  0.000000  2.000000  
82.214776 0.007520  0.092307  0.021465  0.998659  0.051181  0.007747  -0.051238  0.998659  0.007376  -0.007359  -0.007763  0.999943  0.006920  -0.002581  0.000694  0.000000  0.000000  0.000000  2.000000  
82.216024 0.007529  0.092305  0.021466  0.998671  0.050977  0.007605  -0.051033  0.998671  0.007263  -0.007225  -0.007641  0.999945  0.006889  -0.002510  0.000718  0.000000  0.000000  0.000000  2.000000  
82.217271 0.007537  0.092302  0.021467  0.998672  0.050978  0.007472  -0.051033  0.998671  0.007270  -0.007091  -0.007641  0.999946  0.006780  -0.002463  0.000772  0.000000  0.000000  0.000000  2.000000  
82.218275 0.007543  0.092301  0.021468  0.998682  0.050773  0.007470  -0.050827  0.998681  0.007271  -0.007091  -0.007641  0.999946  0.006713  -0.002368  0.000806  0.000000  0.000000  0.000000  2.000000  
82.219276 0.007549  0.092299  0.021468  0.998683  0.050774  0.007337  -0.050827  0.998681  0.007278  -0.006957  -0.007641  0.999947  0.006636  -0.002326  0.000873  0.000000  0.000000  0.000000  2.000000  
82.220524 0.007557  0.092297  0.021468  0.998695  0.050569  0.007202  -0.050621  0.998691  0.007286  -0.006824  -0.007641  0.999948  0.006589  -0.002148  0.000901  0.000000  0.000000  0.000000  2.000000  
82.221778 0.007564  0.092295  0.021469  0.998696  0.050570  0.007068  -0.050622  0.998691  0.007293  -0.006690  -0.007641  0.999948  0.006465  -0.002049  0.000923  0.000000  0.000000  0.000000  2.000000  
82.223026 0.007571  0.092294  0.021470  0.998707  0.050366  0.006933  -0.050416  0.998702  0.007301  -0.006556  -0.007641  0.999949  0.006416  -0.001890  0.000856  0.000000  0.000000  0.000000  2.000000  
82.224272 0.007578  0.092292  0.021470  0.998708  0.050366  0.006805  -0.050416  0.998701  0.007429  -0.006422  -0.007763  0.999949  0.006313  -0.001818  0.000757  0.000000  0.000000  0.000000  2.000000  
82.225273 0.007584  0.092291  0.021470  0.998719  0.050161  0.006670  -0.050210  0.998711  0.007437  -0.006288  -0.007763  0.999950  0.006216  -0.001745  0.000686  0.000000  0.000000  0.000000  2.000000  
82.226274 0.007590  0.092290  0.021470  0.998720  0.050162  0.006537  -0.050210  0.998711  0.007444  -0.006155  -0.007763  0.999951  0.006136  -0.001644  0.000582  0.000000  0.000000  0.000000  2.000000  
82.227274 0.007596  0.092289  0.021470  0.998721  0.050163  0.006403  -0.050211  0.998711  0.007451  -0.006021  -0.007763  0.999952  0.006085  -0.001573  0.000495  0.000000  0.000000  0.000000  2.000000  
82.228527 0.007603  0.092288  0.021469  0.998722  0.050165  0.006136  -0.050211  0.998711  0.007464  -0.005753  -0.007763  0.999953  0.005993  -0.001483  0.000352  0.000000  0.000000  0.000000  2.000000  
82.229771 0.007610  0.092287  0.021469  0.998733  0.049961  0.006001  -0.050005  0.998721  0.007472  -0.005620  -0.007763  0.999954  0.005980  -0.001362  0.000309  0.000000  0.000000  0.000000  2.000000  
82.230773 0.007616  0.092286  0.021470  0.998734  0.049962  0.005867  -0.050005  0.998721  0.007479  -0.005486  -0.007763  0.999955  0.005941  -0.001254  0.000274  0.000000  0.000000  0.000000  2.000000  
82.232032 0.007623  0.092285  0.021470  0.998735  0.049963  0.005733  -0.050005  0.998721  0.007486  -0.005352  -0.007763  0.999956  0.005869  -0.001130  0.000230  0.000000  0.000000  0.000000  2.000000  
82.233275 0.007631  0.092285  0.021471  0.998736  0.049965  0.005466  -0.050005  0.998721  0.007499  -0.005084  -0.007763  0.999957  0.005870  -0.001017  0.000234  0.000000  0.000000  0.000000  2.000000  
82.234526 0.007639  0.092285  0.021471  0.998737  0.049966  0.005332  -0.050005  0.998721  0.007506  -0.004951  -0.007763  0.999958  0.005910  -0.000904  0.000205  0.000000  0.000000  0.000000  2.000000  
82.235542 0.007645  0.092285  0.021471  0.998737  0.049967  0.005199  -0.050005  0.998721  0.007512  -0.004817  -0.007763  0.999958  0.005892  -0.000801  0.000188  0.000000  0.000000  0.000000  2.000000  
82.236778 0.007652  0.092284  0.021471  0.998738  0.049968  0.005065  -0.050005  0.998721  0.007519  -0.004683  -0.007763  0.999959  0.005896  -0.000761  0.000085  0.000000  0.000000  0.000000  2.000000  
82.238032 0.007660  0.092284  0.021470  0.998739  0.049969  0.004932  -0.050005  0.998721  0.007526  -0.004549  -0.007763  0.999960  0.005919  -0.000670  0.000011  0.000000  0.000000  0.000000  2.000000  
82.239276 0.007667  0.092283  0.021468  0.998739  0.049970  0.004798  -0.050005  0.998721  0.007532  -0.004415  -0.007763  0.999960  0.005910  -0.000639  -0.000116  0.000000  0.000000  0.000000  2.000000  
82.240526 0.007674  0.092282  0.021467  0.998740  0.049971  0.004664  -0.050005  0.998720  0.007539  -0.004282  -0.007763  0.999961  0.005941  -0.000546  -0.000206  0.000000  0.000000  0.000000  2.000000  
82.241527 0.007680  0.092282  0.021465  0.998740  0.049972  0.004531  -0.050005  0.998720  0.007546  -0.004148  -0.007763  0.999961  0.005933  -0.000508  -0.000293  0.000000  0.000000  0.000000  2.000000  
82.242777 0.007688  0.092281  0.021464  0.998741  0.049973  0.004397  -0.050005  0.998720  0.007553  -0.004014  -0.007763  0.999962  0.005959  -0.000471  -0.000379  0.000000  0.000000  0.000000  2.000000  
82.244028 0.007695  0.092281  0.021463  0.998741  0.049974  0.004263  -0.050005  0.998720  0.007559  -0.003880  -0.007763  0.999962  0.005979  -0.000380  -0.000465  0.000000  0.000000  0.000000  2.000000  
82.245028 0.007701  0.092281  0.021462  0.998741  0.049974  0.004263  -0.050005  0.998720  0.007559  -0.003880  -0.007763  0.999962  0.005957  -0.000367  -0.000547  0.000000  0.000000  0.000000  2.000000  
82.246030 0.007707  0.092281  0.021461  0.998742  0.049975  0.004130  -0.050005  0.998720  0.007566  -0.003746  -0.007763  0.999963  0.006003  -0.000303  -0.000643  0.000000  0.000000  0.000000  2.000000  
82.247271 0.007714  0.092280  0.021460  0.998742  0.049975  0.004130  -0.050005  0.998720  0.007566  -0.003746  -0.007763  0.999963  0.005956  -0.000321  -0.000751  0.000000  0.000000  0.000000  2.000000  
82.248271 0.007720  0.092280  0.021458  0.998742  0.049976  0.003996  -0.050005  0.998720  0.007573  -0.003613  -0.007763  0.999963  0.005957  -0.000313  -0.000823  0.000000  0.000000  0.000000  2.000000  
82.249274 0.007726  0.092280  0.021457  0.998742  0.049976  0.003996  -0.050005  0.998720  0.007573  -0.003613  -0.007763  0.999963  0.005956  -0.000333  -0.000916  0.000000  0.000000  0.000000  2.000000  
82.250527 0.007733  0.092279  0.021456  0.998743  0.049978  0.003856  -0.050006  0.998721  0.007458  -0.003479  -0.007642  0.999965  0.005911  -0.000352  -0.001023  0.000000  0.000000  0.000000  2.000000  
82.251779 0.007741  0.092279  0.021455  0.998743  0.049978  0.003856  -0.050006  0.998721  0.007458  -0.003479  -0.007642  0.999965  0.005912  -0.000336  -0.001107  0.000000  0.000000  0.000000  2.000000  
82.252783 0.007746  0.092279  0.021453  0.998743  0.049978  0.003856  -0.050006  0.998721  0.007458  -0.003479  -0.007642  0.999965  0.005876  -0.000342  -0.001147  0.000000  0.000000  0.000000  2.000000  
82.254032 0.007754  0.092278  0.021451  0.998743  0.049979  0.003723  -0.050006  0.998721  0.007465  -0.003345  -0.007642  0.999965  0.005869  -0.000317  -0.001163  0.000000  0.000000  0.000000  2.000000  
82.255276 0.007760  0.092277  0.021449  0.998743  0.049979  0.003723  -0.050006  0.998721  0.007465  -0.003345  -0.007642  0.999965  0.005824  -0.000341  -0.001160  0.000000  0.000000  0.000000  2.000000  
82.256276 0.007766  0.092277  0.021448  0.998743  0.049979  0.003723  -0.050006  0.998721  0.007465  -0.003345  -0.007642  0.999965  0.005785  -0.000382  -0.001207  0.000000  0.000000  0.000000  2.000000  
82.257276 0.007771  0.092276  0.021446  0.998743  0.049979  0.003723  -0.050006  0.998721  0.007465  -0.003345  -0.007642  0.999965  0.005763  -0.000350  -0.001196  0.000000  0.000000  0.000000  2.000000  
82.258276 0.007776  0.092275  0.021444  0.998743  0.049979  0.003723  -0.050006  0.998721  0.007465  -0.003345  -0.007642  0.999965  0.005688  -0.000390  -0.001304  0.000000  0.000000  0.000000  2.000000  
82.259526 0.007782  0.092274  0.021442  0.998743  0.049979  0.003723  -0.050006  0.998721  0.007465  -0.003345  -0.007642  0.999965  0.005638  -0.000431  -0.001370  0.000000  0.000000  0.000000  2.000000  
82.260783 0.007788  0.092273  0.021439  0.998743  0.049978  0.003856  -0.050006  0.998721  0.007458  -0.003479  -0.007642  0.999965  0.005498  -0.000526  -0.001481  0.000000  0.000000  0.000000  2.000000  
82.261795 0.007794  0.092273  0.021436  0.998743  0.049978  0.003856  -0.050006  0.998721  0.007458  -0.003479  -0.007642  0.999965  0.005443  -0.000570  -0.001571  0.000000  0.000000  0.000000  2.000000  
82.263034 0.007799  0.092271  0.021433  0.998743  0.049978  0.003856  -0.050006  0.998721  0.007458  -0.003479  -0.007642  0.999965  0.005367  -0.000601  -0.001735  0.000000  0.000000  0.000000  2.000000  
82.264272 0.007806  0.092270  0.021430  0.998733  0.050183  0.003858  -0.050211  0.998711  0.007457  -0.003479  -0.007642  0.999965  0.005287  -0.000675  -0.001848  0.000000  0.000000  0.000000  2.000000  
82.265273 0.007810  0.092269  0.021427  0.998733  0.050183  0.003858  -0.050211  0.998711  0.007457  -0.003479  -0.007642  0.999965  0.005236  -0.000689  -0.001945  0.000000  0.000000  0.000000  2.000000  
82.266524 0.007817  0.092268  0.021425  0.998733  0.050183  0.003858  -0.050211  0.998711  0.007457  -0.003479  -0.007642  0.999965  0.005142  -0.000758  -0.002034  0.000000  0.000000  0.000000  2.000000  
82.267775 0.007822  0.092267  0.021422  0.998733  0.050183  0.003858  -0.050211  0.998711  0.007457  -0.003479  -0.007642  0.999965  0.005057  -0.000765  -0.002093  0.000000  0.000000  0.000000  2.000000  
82.268783 0.007827  0.092267  0.021419  0.998732  0.050182  0.003992  -0.050211  0.998711  0.007451  -0.003613  -0.007642  0.999964  0.004980  -0.000773  -0.002165  0.000000  0.000000  0.000000  2.000000  
82.270031 0.007833  0.092266  0.021416  0.998732  0.050182  0.003992  -0.050211  0.998711  0.007451  -0.003613  -0.007642  0.999964  0.004927  -0.000792  -0.002272  0.000000  0.000000  0.000000  2.000000  
82.271276 0.007838  0.092265  0.021413  0.998732  0.050182  0.003992  -0.050211  0.998711  0.007451  -0.003613  -0.007642  0.999964  0.004857  -0.000778  -0.002371  0.000000  0.000000  0.000000  2.000000  
82.272279 0.007843  0.092264  0.021410  0.998732  0.050182  0.003992  -0.050211  0.998711  0.007451  -0.003613  -0.007642  0.999964  0.004786  -0.000814  -0.002432  0.000000  0.000000  0.000000  2.000000  
82.273527 0.007848  0.092263  0.021406  0.998732  0.050182  0.003992  -0.050211  0.998711  0.007451  -0.003613  -0.007642  0.999964  0.004712  -0.000800  -0.002529  0.000000  0.000000  0.000000  2.000000  
82.274772 0.007853  0.092262  0.021402  0.998732  0.050182  0.003992  -0.050211  0.998711  0.007451  -0.003613  -0.007642  0.999964  0.004670  -0.000821  -0.002635  0.000000  0.000000  0.000000  2.000000  
82.275774 0.007858  0.092262  0.021398  0.998722  0.050388  0.003993  -0.050417  0.998700  0.007450  -0.003613  -0.007642  0.999964  0.004645  -0.000784  -0.002734  0.000000  0.000000  0.000000  2.000000  
82.277026 0.007863  0.092261  0.021394  0.998722  0.050388  0.003993  -0.050417  0.998700  0.007450  -0.003613  -0.007642  0.999964  0.004549  -0.000738  -0.002818  0.000000  0.000000  0.000000  2.000000  
82.278271 0.007868  0.092261  0.021389  0.998721  0.050387  0.004127  -0.050417  0.998701  0.007443  -0.003746  -0.007642  0.999964  0.004515  -0.000674  -0.002930  0.000000  0.000000  0.000000  2.000000  
82.279521 0.007874  0.092261  0.021384  0.998721  0.050387  0.004127  -0.050417  0.998701  0.007443  -0.003746  -0.007642  0.999964  0.004492  -0.000573  -0.002991  0.000000  0.000000  0.000000  2.000000  
82.280772 0.007880  0.092261  0.021380  0.998721  0.050387  0.004127  -0.050417  0.998701  0.007443  -0.003746  -0.007642  0.999964  0.004445  -0.000503  -0.003114  0.000000  0.000000  0.000000  2.000000  
82.282035 0.007885  0.092262  0.021375  0.998711  0.050592  0.004134  -0.050622  0.998689  0.007563  -0.003746  -0.007763  0.999963  0.004432  -0.000382  -0.003218  0.000000  0.000000  0.000000  2.000000  
82.283271 0.007891  0.092263  0.021370  0.998711  0.050592  0.004134  -0.050622  0.998689  0.007563  -0.003746  -0.007763  0.999963  0.004412  -0.000303  -0.003338  0.000000  0.000000  0.000000  2.000000  
82.284272 0.007895  0.092263  0.021366  0.998711  0.050592  0.004134  -0.050622  0.998689  0.007563  -0.003746  -0.007763  0.999963  0.004428  -0.000216  -0.003456  0.000000  0.000000  0.000000  2.000000  
82.285528 0.007901  0.092264  0.021361  0.998700  0.050798  0.004136  -0.050828  0.998679  0.007562  -0.003746  -0.007763  0.999963  0.004373  -0.000114  -0.003601  0.000000  0.000000  0.000000  2.000000  
82.286774 0.007907  0.092265  0.021357  0.998700  0.050798  0.004136  -0.050828  0.998679  0.007562  -0.003746  -0.007763  0.999963  0.004410  0.000022  -0.003666  0.000000  0.000000  0.000000  2.000000  
82.288029 0.007913  0.092266  0.021351  0.998700  0.050798  0.004136  -0.050828  0.998679  0.007562  -0.003746  -0.007763  0.999963  0.004438  0.000158  -0.003778  0.000000  0.000000  0.000000  2.000000  
82.289273 0.007919  0.092267  0.021347  0.998690  0.051003  0.004138  -0.051033  0.998668  0.007562  -0.003746  -0.007763  0.999963  0.004514  0.000329  -0.003755  0.000000  0.000000  0.000000  2.000000  
82.290276 0.007924  0.092269  0.021344  0.998690  0.051003  0.004138  -0.051033  0.998668  0.007562  -0.003746  -0.007763  0.999963  0.004532  0.000501  -0.003741  0.000000  0.000000  0.000000  2.000000  
82.291521 0.007930  0.092271  0.021339  0.998690  0.051003  0.004138  -0.051033  0.998668  0.007562  -0.003746  -0.007763  0.999963  0.004601  0.000633  -0.003764  0.000000  0.000000  0.000000  2.000000  
82.292771 0.007937  0.092273  0.021335  0.998679  0.051209  0.004139  -0.051239  0.998658  0.007561  -0.003746  -0.007763  0.999963  0.004695  0.000804  -0.003757  0.000000  0.000000  0.000000  2.000000  
82.293772 0.007941  0.092275  0.021331  0.998679  0.051209  0.004139  -0.051239  0.998658  0.007561  -0.003746  -0.007763  0.999963  0.004701  0.000945  -0.003713  0.000000  0.000000  0.000000  2.000000  
82.295019 0.007948  0.092278  0.021327  0.998668  0.051413  0.004274  -0.051445  0.998647  0.007553  -0.003880  -0.007763  0.999962  0.004821  0.001137  -0.003693  0.000000  0.000000  0.000000  2.000000  
82.296273 0.007955  0.092280  0.021323  0.998668  0.051413  0.004274  -0.051445  0.998647  0.007553  -0.003880  -0.007763  0.999962  0.004902  0.001266  -0.003639  0.000000  0.000000  0.000000  2.000000  
82.297522 0.007962  0.092283  0.021318  0.998658  0.051618  0.004282  -0.051650  0.998636  0.007673  -0.003880  -0.007884  0.999961  0.004963  0.001398  -0.003666  0.000000  0.000000  0.000000  2.000000  
82.298523 0.007968  0.092284  0.021315  0.998658  0.051618  0.004282  -0.051650  0.998636  0.007673  -0.003880  -0.007884  0.999961  0.005054  0.001493  -0.003594  0.000000  0.000000  0.000000  2.000000  
82.299771 0.007975  0.092287  0.021310  0.998647  0.051823  0.004417  -0.051856  0.998625  0.007665  -0.004014  -0.007884  0.999961  0.005118  0.001583  -0.003603  0.000000  0.000000  0.000000  2.000000  
82.300772 0.007981  0.092290  0.021308  0.998647  0.051823  0.004417  -0.051856  0.998625  0.007665  -0.004014  -0.007884  0.999961  0.005219  0.001714  -0.003482  0.000000  0.000000  0.000000  2.000000  
82.301776 0.007986  0.092291  0.021305  0.998636  0.052029  0.004419  -0.052061  0.998614  0.007665  -0.004014  -0.007884  0.999961  0.005281  0.001794  -0.003433  0.000000  0.000000  0.000000  2.000000  
82.302779 0.007992  0.092294  0.021302  0.998636  0.052029  0.004419  -0.052061  0.998614  0.007665  -0.004014  -0.007884  0.999961  0.005408  0.001895  -0.003322  0.000000  0.000000  0.000000  2.000000  
82.304047 0.008000  0.092297  0.021300  0.998625  0.052234  0.004420  -0.052267  0.998604  0.007664  -0.004014  -0.007884  0.999961  0.005471  0.001993  -0.003217  0.000000  0.000000  0.000000  2.000000  
82.305273 0.008008  0.092300  0.021297  0.998625  0.052233  0.004554  -0.052267  0.998604  0.007657  -0.004148  -0.007884  0.999960  0.005617  0.002039  -0.003129  0.000000  0.000000  0.000000  2.000000  
82.306275 0.008014  0.092302  0.021295  0.998614  0.052439  0.004556  -0.052473  0.998593  0.007656  -0.004148  -0.007884  0.999960  0.005710  0.002112  -0.002991  0.000000  0.000000  0.000000  2.000000  
82.307524 0.008022  0.092305  0.021293  0.998614  0.052439  0.004556  -0.052473  0.998593  0.007656  -0.004148  -0.007884  0.999960  0.005798  0.002137  -0.002844  0.000000  0.000000  0.000000  2.000000  
82.308774 0.008030  0.092308  0.021291  0.998602  0.052643  0.004691  -0.052678  0.998582  0.007648  -0.004282  -0.007884  0.999960  0.005883  0.002187  -0.002714  0.000000  0.000000  0.000000  2.000000  
82.309776 0.008036  0.092310  0.021288  0.998591  0.052849  0.004692  -0.052884  0.998571  0.007647  -0.004282  -0.007884  0.999960  0.005956  0.002172  -0.002617  0.000000  0.000000  0.000000  2.000000  
82.310777 0.008043  0.092312  0.021287  0.998591  0.052849  0.004692  -0.052884  0.998571  0.007647  -0.004282  -0.007884  0.999960  0.006043  0.002196  -0.002470  0.000000  0.000000  0.000000  2.000000  
82.312042 0.008050  0.092315  0.021285  0.998580  0.053053  0.004834  -0.053089  0.998560  0.007760  -0.004415  -0.008005  0.999958  0.006055  0.002227  -0.002306  0.000000  0.000000  0.000000  2.000000  
82.313270 0.008058  0.092318  0.021283  0.998580  0.053053  0.004834  -0.053089  0.998560  0.007760  -0.004415  -0.008005  0.999958  0.006135  0.002262  -0.002135  0.000000  0.000000  0.000000  2.000000  
82.314276 0.008065  0.092320  0.021282  0.998569  0.053258  0.004836  -0.053295  0.998549  0.007759  -0.004415  -0.008005  0.999958  0.006189  0.002253  -0.002011  0.000000  0.000000  0.000000  2.000000  
82.315519 0.008072  0.092323  0.021281  0.998557  0.053463  0.004971  -0.053500  0.998538  0.007751  -0.004549  -0.008005  0.999958  0.006223  0.002264  -0.001837  0.000000  0.000000  0.000000  2.000000  
82.316519 0.008078  0.092325  0.021280  0.998557  0.053463  0.004971  -0.053500  0.998538  0.007751  -0.004549  -0.008005  0.999958  0.006200  0.002229  -0.001752  0.000000  0.000000  0.000000  2.000000  
82.317522 0.008084  0.092327  0.021279  0.998546  0.053668  0.004972  -0.053706  0.998527  0.007750  -0.004549  -0.008005  0.999958  0.006235  0.002254  -0.001620  0.000000  0.000000  0.000000  2.000000  
82.318782 0.008092  0.092329  0.021277  0.998546  0.053667  0.005106  -0.053706  0.998527  0.007742  -0.004683  -0.008005  0.999957  0.006224  0.002208  -0.001555  0.000000  0.000000  0.000000  2.000000  
82.320026 0.008099  0.092332  0.021276  0.998535  0.053873  0.005108  -0.053911  0.998516  0.007741  -0.004683  -0.008005  0.999957  0.006204  0.002207  -0.001415  0.000000  0.000000  0.000000  2.000000  
82.321027 0.008105  0.092334  0.021275  0.998535  0.053873  0.005108  -0.053911  0.998516  0.007741  -0.004683  -0.008005  0.999957  0.006158  0.002171  -0.001380  0.000000  0.000000  0.000000  2.000000  
82.322040 0.008111  0.092336  0.021274  0.998523  0.054077  0.005243  -0.054117  0.998505  0.007733  -0.004817  -0.008005  0.999956  0.006096  0.002113  -0.001348  0.000000  0.000000  0.000000  2.000000  
82.323272 0.008118  0.092338  0.021272  0.998523  0.054077  0.005243  -0.054117  0.998505  0.007733  -0.004817  -0.008005  0.999956  0.006073  0.002104  -0.001279  0.000000  0.000000  0.000000  2.000000  
82.324275 0.008124  0.092340  0.021271  0.998512  0.054282  0.005251  -0.054323  0.998493  0.007853  -0.004817  -0.008127  0.999955  0.006010  0.002061  -0.001231  0.000000  0.000000  0.000000  2.000000  
82.325276 0.008129  0.092343  0.021271  0.998511  0.054281  0.005385  -0.054323  0.998493  0.007846  -0.004951  -0.008127  0.999955  0.005990  0.002115  -0.001125  0.000000  0.000000  0.000000  2.000000  
82.326526 0.008136  0.092345  0.021270  0.998500  0.054487  0.005386  -0.054528  0.998481  0.007845  -0.004951  -0.008127  0.999955  0.005928  0.002072  -0.001078  0.000000  0.000000  0.000000  2.000000  
82.327835 0.008143  0.092348  0.021269  0.998499  0.054486  0.005520  -0.054528  0.998481  0.007837  -0.005084  -0.008127  0.999954  0.005834  0.002092  -0.000964  0.000000  0.000000  0.000000  2.000000  
82.329024 0.008150  0.092351  0.021268  0.998488  0.054691  0.005521  -0.054734  0.998470  0.007836  -0.005084  -0.008127  0.999954  0.005786  0.002123  -0.000944  0.000000  0.000000  0.000000  2.000000  
82.330035 0.008155  0.092353  0.021268  0.998487  0.054690  0.005655  -0.054734  0.998470  0.007829  -0.005218  -0.008127  0.999953  0.005697  0.002098  -0.000893  0.000000  0.000000  0.000000  2.000000  
82.331273 0.008161  0.092356  0.021267  0.998476  0.054896  0.005657  -0.054939  0.998459  0.007828  -0.005218  -0.008127  0.999953  0.005630  0.002108  -0.000878  0.000000  0.000000  0.000000  2.000000  
82.332520 0.008167  0.092359  0.021265  0.998475  0.054895  0.005790  -0.054939  0.998459  0.007821  -0.005352  -0.008127  0.999953  0.005533  0.002099  -0.000880  0.000000  0.000000  0.000000  2.000000  
82.333521 0.008172  0.092361  0.021265  0.998464  0.055100  0.005792  -0.055145  0.998448  0.007819  -0.005352  -0.008127  0.999953  0.005492  0.002138  -0.000841  0.000000  0.000000  0.000000  2.000000  
82.334524 0.008177  0.092363  0.021263  0.998463  0.055099  0.005925  -0.055145  0.998448  0.007812  -0.005486  -0.008127  0.999952  0.005393  0.002116  -0.000850  0.000000  0.000000  0.000000  2.000000  
82.335524 0.008182  0.092365  0.021263  0.998452  0.055305  0.005927  -0.055350  0.998436  0.007811  -0.005486  -0.008127  0.999952  0.005353  0.002156  -0.000811  0.000000  0.000000  0.000000  2.000000  
82.336529 0.008187  0.092368  0.021262  0.998451  0.055304  0.006061  -0.055350  0.998437  0.007803  -0.005620  -0.008127  0.999951  0.005253  0.002185  -0.000790  0.000000  0.000000  0.000000  2.000000  
82.337774 0.008193  0.092371  0.021261  0.998439  0.055508  0.006196  -0.055556  0.998425  0.007795  -0.005753  -0.008127  0.999950  0.005206  0.002251  -0.000766  0.000000  0.000000  0.000000  2.000000  
82.338776 0.008198  0.092373  0.021261  0.998439  0.055508  0.006196  -0.055556  0.998425  0.007795  -0.005753  -0.008127  0.999950  0.005094  0.002210  -0.000732  0.000000  0.000000  0.000000  2.000000  
82.339777 0.008203  0.092375  0.021260  0.998427  0.055713  0.006331  -0.055761  0.998414  0.007786  -0.005887  -0.008127  0.999950  0.005070  0.002243  -0.000720  0.000000  0.000000  0.000000  2.000000  
82.341022 0.008209  0.092378  0.021259  0.998414  0.055917  0.006466  -0.055967  0.998402  0.007777  -0.006021  -0.008127  0.999949  0.004998  0.002251  -0.000705  0.000000  0.000000  0.000000  2.000000  
82.342037 0.008213  0.092381  0.021259  0.998414  0.055916  0.006600  -0.055967  0.998402  0.007770  -0.006155  -0.008127  0.999948  0.004971  0.002282  -0.000692  0.000000  0.000000  0.000000  2.000000  
82.343274 0.008219  0.092384  0.021259  0.998401  0.056120  0.006735  -0.056172  0.998391  0.007761  -0.006288  -0.008127  0.999947  0.004904  0.002293  -0.000678  0.000000  0.000000  0.000000  2.000000  
82.344520 0.008225  0.092386  0.021258  0.998389  0.056325  0.006870  -0.056378  0.998379  0.007752  -0.006422  -0.008127  0.999946  0.004870  0.002279  -0.000670  0.000000  0.000000  0.000000  2.000000  
82.345525 0.008230  0.092389  0.021258  0.998376  0.056529  0.007005  -0.056583  0.998368  0.007743  -0.006556  -0.008127  0.999945  0.004814  0.002309  -0.000635  0.000000  0.000000  0.000000  2.000000  
82.346776 0.008235  0.092392  0.021257  0.998375  0.056528  0.007139  -0.056583  0.998368  0.007735  -0.006690  -0.008127  0.999945  0.004777  0.002351  -0.000596  0.000000  0.000000  0.000000  2.000000  
82.348025 0.008241  0.092396  0.021257  0.998350  0.056937  0.007409  -0.056994  0.998345  0.007717  -0.006957  -0.008127  0.999943  0.004768  0.002395  -0.000516  0.000000  0.000000  0.000000  2.000000  
82.349273 0.008247  0.092399  0.021258  0.998338  0.057141  0.007544  -0.057199  0.998333  0.007708  -0.007091  -0.008127  0.999942  0.004750  0.002423  -0.000393  0.000000  0.000000  0.000000  2.000000  
82.350520 0.008253  0.092402  0.021258  0.998324  0.057345  0.007813  -0.057405  0.998321  0.007691  -0.007359  -0.008127  0.999940  0.004731  0.002445  -0.000339  0.000000  0.000000  0.000000  2.000000  
82.351524 0.008258  0.092405  0.021258  0.998311  0.057549  0.007948  -0.057610  0.998310  0.007682  -0.007493  -0.008127  0.999939  0.004731  0.002465  -0.000245  0.000000  0.000000  0.000000  2.000000  
82.352529 0.008262  0.092407  0.021258  0.998298  0.057754  0.008083  -0.057816  0.998298  0.007672  -0.007626  -0.008127  0.999938  0.004694  0.002464  -0.000214  0.000000  0.000000  0.000000  2.000000  
82.353774 0.008268  0.092411  0.021258  0.998284  0.057957  0.008352  -0.058021  0.998286  0.007655  -0.007894  -0.008127  0.999936  0.004707  0.002517  -0.000140  0.000000  0.000000  0.000000  2.000000  
82.354779 0.008273  0.092413  0.021259  0.998270  0.058160  0.008621  -0.058227  0.998274  0.007638  -0.008162  -0.008127  0.999934  0.004705  0.002522  -0.000067  0.000000  0.000000  0.000000  2.000000  
82.356027 0.008279  0.092416  0.021259  0.998244  0.058569  0.008891  -0.058638  0.998250  0.007619  -0.008429  -0.008127  0.999931  0.004671  0.002537  -0.000012  0.000000  0.000000  0.000000  2.000000  
82.357274 0.008285  0.092420  0.021259  0.998229  0.058773  0.009160  -0.058843  0.998238  0.007601  -0.008697  -0.008127  0.999929  0.004685  0.002577  0.000040  0.000000  0.000000  0.000000  2.000000  
82.358527 0.008291  0.092423  0.021260  0.998203  0.059181  0.009430  -0.059254  0.998214  0.007581  -0.008964  -0.008126  0.999927  0.004682  0.002596  0.000135  0.000000  0.000000  0.000000  2.000000  
82.359774 0.008297  0.092427  0.021261  0.998176  0.059590  0.009700  -0.059665  0.998190  0.007562  -0.009232  -0.008126  0.999924  0.004695  0.002635  0.000187  0.000000  0.000000  0.000000  2.000000  
82.361065 0.008302  0.092430  0.021262  0.998147  0.059998  0.010104  -0.060075  0.998165  0.007533  -0.009633  -0.008126  0.999921  0.004687  0.002622  0.000297  -0.001283  -0.149607  0.171545  2.000000  
82.362275 0.008309  0.092433  0.021263  0.998120  0.060407  0.010374  -0.060486  0.998141  0.007513  -0.009901  -0.008126  0.999918  0.004717  0.002643  0.000366  -0.001425  -0.154397  0.185553  2.000000  
82.363522 0.008314  0.092437  0.021264  0.998091  0.060815  0.010778  -0.060897  0.998116  0.007484  -0.010302  -0.008126  0.999914  0.004716  0.002674  0.000474  -0.001517  -0.167966  0.192387  2.000000  
82.364774 0.008320  0.092441  0.021265  0.998063  0.061223  0.011048  -0.061308  0.998091  0.007463  -0.010570  -0.008126  0.999911  0.004705  0.002744  0.000537  -0.001667  -0.172580  0.206195  2.000000  
82.366020 0.008326  0.092444  0.021267  0.998033  0.061631  0.011452  -0.061718  0.998066  0.007434  -0.010971  -0.008126  0.999907  0.004742  0.002752  0.000576  -0.001765  -0.180179  0.211338  2.000000  
82.367024 0.008331  0.092447  0.021267  0.998005  0.062040  0.011722  -0.062129  0.998041  0.007413  -0.011239  -0.008126  0.999904  0.004703  0.002704  0.000596  -0.001909  -0.189173  0.224946  2.000000  
82.368026 0.008336  0.092450  0.021268  0.997987  0.062242  0.012124  -0.062334  0.998028  0.007385  -0.011640  -0.008126  0.999899  0.004712  0.002740  0.000646  -0.001970  -0.198156  0.224944  2.000000  
82.369032 0.008340  0.092452  0.021269  0.997959  0.062651  0.012394  -0.062745  0.998002  0.007364  -0.011908  -0.008126  0.999896  0.004681  0.002729  0.000716  -0.002094  -0.204379  0.233723  2.000000  
82.370036 0.008345  0.092456  0.021270  0.997928  0.063057  0.012805  -0.063156  0.997976  0.007454  -0.012309  -0.008247  0.999890  0.004684  0.002781  0.000743  0.001793  -0.213310  0.247255  2.000000  
82.371274 0.008350  0.092459  0.021271  0.997884  0.063670  0.013210  -0.063772  0.997937  0.007421  -0.012711  -0.008247  0.999885  0.004675  0.002774  0.000795  0.001597  -0.222516  0.261134  2.000000  
82.372279 0.008355  0.092462  0.021272  0.997852  0.064078  0.013614  -0.064182  0.997911  0.007390  -0.013112  -0.008247  0.999880  0.004687  0.002803  0.000839  0.001410  -0.236100  0.274837  2.000000  
82.373523 0.008361  0.092465  0.021273  0.997820  0.064485  0.014017  -0.064593  0.997885  0.007358  -0.013513  -0.008247  0.999875  0.004670  0.002820  0.000873  0.001258  -0.243160  0.279395  2.000000  
