1-Time 2-Px 3-Py 4-Pz 5-R11 6-R21 7-R31 8-R12 9-R22 10-R32 11-R13 12-R23 13-R33 14-Vx 15-Vy 16-Vz 17-Wx 18-Wy 19-Wz 20-state 21-PR11 22-PR21 23-PR31 24-PR12 25-PR22 26-PR32 27-PR13 28-PR23 29-PR33 
141.939443 0.009987  0.094889  0.005512  0.999112  0.036703  0.020706  -0.036835  0.999303  0.006034  -0.020470  -0.006791  0.999767  0.000251  0.000147  -0.000269  0.000000  0.000000  0.000000  2.000000  
141.940447 0.009987  0.094889  0.005512  0.999112  0.036703  0.020706  -0.036835  0.999303  0.006034  -0.020470  -0.006791  0.999767  0.000232  0.000110  -0.000320  0.000000  0.000000  0.000000  2.000000  
141.941697 0.009989  0.094889  0.005511  0.999104  0.036909  0.020707  -0.037041  0.999296  0.006030  -0.020470  -0.006791  0.999767  0.000343  0.000112  -0.000318  0.000000  0.000000  0.000000  2.000000  
141.942952 0.009991  0.094889  0.005511  0.999094  0.037113  0.020842  -0.037246  0.999288  0.006020  -0.020604  -0.006791  0.999765  0.000482  0.000058  -0.000318  0.000000  0.000000  0.000000  2.000000  
141.944194 0.009994  0.094887  0.005510  0.999091  0.037110  0.020980  -0.037246  0.999287  0.006137  -0.020737  -0.006912  0.999761  0.000661  -0.000032  -0.000370  0.000000  0.000000  0.000000  2.000000  
141.945196 0.009997  0.094887  0.005509  0.999083  0.037316  0.020981  -0.037452  0.999280  0.006132  -0.020737  -0.006912  0.999761  0.000845  -0.000061  -0.000380  0.000000  0.000000  0.000000  2.000000  
141.946443 0.010001  0.094886  0.005508  0.999078  0.037522  0.020849  -0.037658  0.999272  0.006133  -0.020604  -0.006912  0.999764  0.001086  -0.000176  -0.000416  0.000000  0.000000  0.000000  2.000000  
141.947445 0.010006  0.094886  0.005507  0.999071  0.037728  0.020850  -0.037863  0.999264  0.006129  -0.020604  -0.006912  0.999764  0.001377  -0.000159  -0.000477  0.000000  0.000000  0.000000  2.000000  
141.948448 0.010010  0.094885  0.005506  0.999065  0.037935  0.020718  -0.038069  0.999256  0.006129  -0.020470  -0.006912  0.999767  0.001640  -0.000218  -0.000503  0.000000  0.000000  0.000000  2.000000  
141.949696 0.010015  0.094884  0.005504  0.999055  0.038137  0.020857  -0.038275  0.999248  0.006241  -0.020604  -0.007034  0.999763  0.001987  -0.000328  -0.000678  0.000000  0.000000  0.000000  2.000000  
141.950960 0.010021  0.094883  0.005502  0.999036  0.038547  0.020993  -0.038686  0.999232  0.006228  -0.020737  -0.007034  0.999760  0.002340  -0.000421  -0.000752  0.000000  0.000000  0.000000  2.000000  
141.952193 0.010027  0.094882  0.005500  0.999025  0.038752  0.021128  -0.038891  0.999224  0.006218  -0.020871  -0.007034  0.999757  0.002782  -0.000440  -0.000859  0.000000  0.000000  0.000000  2.000000  
141.953194 0.010033  0.094883  0.005499  0.999017  0.038958  0.021130  -0.039097  0.999216  0.006214  -0.020871  -0.007034  0.999757  0.003173  -0.000442  -0.000868  0.000000  0.000000  0.000000  2.000000  
141.954199 0.010039  0.094882  0.005497  0.999009  0.039164  0.021131  -0.039303  0.999208  0.006209  -0.020871  -0.007034  0.999757  0.003527  -0.000491  -0.001000  0.000000  0.000000  0.000000  2.000000  
141.955448 0.010045  0.094882  0.005495  0.998993  0.039575  0.021134  -0.039714  0.999192  0.006201  -0.020871  -0.007034  0.999757  0.003952  -0.000504  -0.001074  0.000000  0.000000  0.000000  2.000000  
141.956697 0.010053  0.094881  0.005493  0.998985  0.039781  0.021135  -0.039920  0.999184  0.006196  -0.020871  -0.007034  0.999757  0.004285  -0.000563  -0.001275  0.000000  0.000000  0.000000  2.000000  
141.957700 0.010058  0.094880  0.005490  0.998979  0.039987  0.021002  -0.040125  0.999175  0.006197  -0.020737  -0.007034  0.999760  0.004530  -0.000613  -0.001414  0.000000  0.000000  0.000000  2.000000  
141.958948 0.010065  0.094877  0.005487  0.998971  0.040190  0.021009  -0.040331  0.999166  0.006314  -0.020737  -0.007155  0.999759  0.004829  -0.000662  -0.001549  0.000000  0.000000  0.000000  2.000000  
141.959951 0.010071  0.094876  0.005485  0.998952  0.040601  0.021145  -0.040742  0.999150  0.006300  -0.020871  -0.007155  0.999757  0.005030  -0.000737  -0.001679  0.000000  0.000000  0.000000  2.000000  
141.960964 0.010077  0.094874  0.005482  0.998943  0.040807  0.021146  -0.040948  0.999141  0.006296  -0.020871  -0.007155  0.999757  0.005225  -0.000811  -0.001807  0.000000  0.000000  0.000000  2.000000  
141.961965 0.010084  0.094873  0.005479  0.998935  0.041012  0.021147  -0.041154  0.999133  0.006291  -0.020871  -0.007155  0.999757  0.005410  -0.000881  -0.001904  0.000000  0.000000  0.000000  2.000000  
141.963195 0.010091  0.094870  0.005475  0.998926  0.041218  0.021149  -0.041359  0.999125  0.006287  -0.020871  -0.007155  0.999757  0.005521  -0.001024  -0.002118  0.000000  0.000000  0.000000  2.000000  
141.964198 0.010097  0.094867  0.005471  0.998921  0.041425  0.021016  -0.041565  0.999116  0.006288  -0.020737  -0.007155  0.999759  0.005581  -0.001129  -0.002276  0.000000  0.000000  0.000000  2.000000  
141.965448 0.010104  0.094864  0.005465  0.998921  0.041425  0.021016  -0.041565  0.999116  0.006288  -0.020737  -0.007155  0.999759  0.005688  -0.001286  -0.002498  0.000000  0.000000  0.000000  2.000000  
141.966694 0.010111  0.094861  0.005461  0.998912  0.041630  0.021018  -0.041771  0.999107  0.006284  -0.020737  -0.007155  0.999759  0.005734  -0.001499  -0.002733  0.000000  0.000000  0.000000  2.000000  
141.967696 0.010117  0.094859  0.005457  0.998903  0.041836  0.021019  -0.041976  0.999099  0.006280  -0.020737  -0.007155  0.999759  0.005753  -0.001631  -0.002884  0.008669  -0.010203  0.172935  2.000000  
141.968946 0.010123  0.094855  0.005451  0.998895  0.042042  0.021020  -0.042182  0.999090  0.006275  -0.020737  -0.007155  0.999759  0.005732  -0.001815  -0.003155  0.008524  -0.010248  0.179794  2.000000  
141.969946 0.010128  0.094853  0.005446  0.998886  0.042247  0.021022  -0.042388  0.999082  0.006271  -0.020737  -0.007155  0.999759  0.005707  -0.001948  -0.003336  0.008314  -0.010214  0.185227  2.000000  
141.970963 0.010133  0.094850  0.005442  0.998886  0.042247  0.021022  -0.042388  0.999082  0.006271  -0.020737  -0.007155  0.999759  0.005631  -0.002127  -0.003471  0.008378  -0.010293  0.186649  2.000000  
141.972197 0.010139  0.094846  0.005436  0.998886  0.042247  0.021022  -0.042388  0.999082  0.006271  -0.020737  -0.007155  0.999759  0.005551  -0.002238  -0.003663  0.008454  -0.010164  0.178325  2.000000  
141.973200 0.010143  0.094843  0.005432  0.998877  0.042453  0.021023  -0.042593  0.999073  0.006267  -0.020737  -0.007155  0.999759  0.005414  -0.002398  -0.003822  0.008511  -0.005751  0.179810  2.000000  
141.974445 0.010148  0.094839  0.005426  0.998877  0.042453  0.021023  -0.042593  0.999073  0.006267  -0.020737  -0.007155  0.999759  0.005267  -0.002499  -0.003978  0.004529  -0.001207  0.171530  2.000000  
141.975446 0.010151  0.094836  0.005422  0.998877  0.042453  0.021023  -0.042593  0.999073  0.006267  -0.020737  -0.007155  0.999759  0.005094  -0.002622  -0.004051  0.004529  -0.001207  0.171524  2.000000  
141.976446 0.010155  0.094833  0.005418  0.998868  0.042659  0.021024  -0.042799  0.999064  0.006262  -0.020737  -0.007155  0.999759  0.004960  -0.002735  -0.004130  0.004578  -0.005714  0.172912  2.000000  
141.977447 0.010158  0.094830  0.005414  0.998868  0.042661  0.021019  -0.042799  0.999065  0.006141  -0.020737  -0.007034  0.999760  0.004729  -0.002809  -0.004208  0.000000  0.000000  0.000000  2.000000  
141.978697 0.010162  0.094825  0.005410  0.998868  0.042661  0.021019  -0.042799  0.999065  0.006141  -0.020737  -0.007034  0.999760  0.004508  -0.002917  -0.004207  0.000000  0.000000  0.000000  2.000000  
141.979949 0.010166  0.094821  0.005405  0.998868  0.042661  0.021019  -0.042799  0.999065  0.006141  -0.020737  -0.007034  0.999760  0.004307  -0.002967  -0.004193  0.000000  0.000000  0.000000  2.000000  
141.980957 0.010169  0.094817  0.005400  0.998860  0.042867  0.021020  -0.043005  0.999056  0.006137  -0.020737  -0.007034  0.999760  0.004120  -0.003022  -0.004211  0.000000  0.000000  0.000000  2.000000  
141.982195 0.010172  0.094812  0.005395  0.998860  0.042867  0.021020  -0.043005  0.999056  0.006137  -0.020737  -0.007034  0.999760  0.003862  -0.003150  -0.004249  0.000000  0.000000  0.000000  2.000000  
141.983442 0.010174  0.094808  0.005389  0.998860  0.042867  0.021020  -0.043005  0.999056  0.006137  -0.020737  -0.007034  0.999760  0.003583  -0.003232  -0.004264  0.000000  0.000000  0.000000  2.000000  
141.984445 0.010177  0.094804  0.005385  0.998857  0.042866  0.021154  -0.043004  0.999056  0.006131  -0.020871  -0.007034  0.999757  0.003396  -0.003308  -0.004241  0.000000  0.000000  0.000000  2.000000  
141.985693 0.010179  0.094800  0.005380  0.998857  0.042866  0.021154  -0.043004  0.999056  0.006131  -0.020871  -0.007034  0.999757  0.003159  -0.003389  -0.004225  0.000000  0.000000  0.000000  2.000000  
141.986695 0.010182  0.094796  0.005376  0.998848  0.043072  0.021155  -0.043210  0.999047  0.006127  -0.020871  -0.007034  0.999757  0.003041  -0.003405  -0.004182  0.000000  0.000000  0.000000  2.000000  
141.987700 0.010184  0.094793  0.005373  0.998848  0.043072  0.021155  -0.043210  0.999047  0.006127  -0.020871  -0.007034  0.999757  0.002854  -0.003438  -0.004101  0.000000  0.000000  0.000000  2.000000  
141.988950 0.010186  0.094789  0.005368  0.998848  0.043072  0.021155  -0.043210  0.999047  0.006127  -0.020871  -0.007034  0.999757  0.002660  -0.003427  -0.004044  0.000000  0.000000  0.000000  2.000000  
141.989954 0.010188  0.094787  0.005365  0.998848  0.043072  0.021155  -0.043210  0.999047  0.006127  -0.020871  -0.007034  0.999757  0.002552  -0.003387  -0.003963  0.000000  0.000000  0.000000  2.000000  
141.990963 0.010190  0.094783  0.005361  0.998839  0.043277  0.021156  -0.043416  0.999038  0.006122  -0.020871  -0.007034  0.999757  0.002443  -0.003386  -0.003967  0.000000  0.000000  0.000000  2.000000  
141.992197 0.010192  0.094780  0.005357  0.998839  0.043277  0.021156  -0.043416  0.999038  0.006122  -0.020871  -0.007034  0.999757  0.002291  -0.003375  -0.003881  0.000000  0.000000  0.000000  2.000000  
141.993447 0.010195  0.094777  0.005354  0.998830  0.043483  0.021158  -0.043621  0.999029  0.006118  -0.020871  -0.007034  0.999757  0.002205  -0.003279  -0.003790  0.000000  0.000000  0.000000  2.000000  
141.994697 0.010198  0.094774  0.005351  0.998830  0.043480  0.021163  -0.043621  0.999029  0.006239  -0.020871  -0.007155  0.999757  0.002158  -0.003179  -0.003664  0.000000  0.000000  0.000000  2.000000  
141.995943 0.010200  0.094772  0.005348  0.998821  0.043686  0.021164  -0.043827  0.999020  0.006235  -0.020871  -0.007155  0.999757  0.002131  -0.003029  -0.003478  0.000000  0.000000  0.000000  2.000000  
141.996951 0.010203  0.094770  0.005347  0.998812  0.043892  0.021165  -0.044033  0.999011  0.006230  -0.020871  -0.007155  0.999757  0.002120  -0.002923  -0.003315  0.000000  0.000000  0.000000  2.000000  
141.997953 0.010205  0.094769  0.005344  0.998812  0.043892  0.021165  -0.044033  0.999011  0.006230  -0.020871  -0.007155  0.999757  0.002121  -0.002747  -0.003157  0.000000  0.000000  0.000000  2.000000  
141.999197 0.010208  0.094766  0.005342  0.998803  0.044097  0.021167  -0.044238  0.999002  0.006226  -0.020871  -0.007155  0.999757  0.002146  -0.002604  -0.002975  0.000000  0.000000  0.000000  2.000000  
142.000443 0.010212  0.094765  0.005340  0.998794  0.044303  0.021168  -0.044444  0.998993  0.006222  -0.020871  -0.007155  0.999757  0.002175  -0.002410  -0.002751  0.000000  0.000000  0.000000  2.000000  
142.001445 0.010214  0.094764  0.005338  0.998785  0.044509  0.021169  -0.044649  0.998983  0.006217  -0.020871  -0.007155  0.999757  0.002216  -0.002222  -0.002549  0.000000  0.000000  0.000000  2.000000  
142.002693 0.010218  0.094762  0.005336  0.998775  0.044714  0.021171  -0.044855  0.998974  0.006213  -0.020871  -0.007155  0.999757  0.002293  -0.002126  -0.002460  0.000000  0.000000  0.000000  2.000000  
142.003696 0.010221  0.094761  0.005335  0.998766  0.044918  0.021177  -0.045061  0.998964  0.006330  -0.020871  -0.007276  0.999756  0.002358  -0.001966  -0.002285  0.000000  0.000000  0.000000  2.000000  
142.004748 0.010224  0.094760  0.005332  0.998760  0.045124  0.021045  -0.045266  0.998955  0.006331  -0.020737  -0.007276  0.999758  0.002465  -0.001811  -0.002187  0.000000  0.000000  0.000000  2.000000  
142.005953 0.010228  0.094758  0.005330  0.998750  0.045330  0.021046  -0.045472  0.998946  0.006327  -0.020737  -0.007276  0.999758  0.002538  -0.001663  -0.002036  0.000000  0.000000  0.000000  2.000000  
142.006953 0.010231  0.094757  0.005328  0.998732  0.045741  0.021049  -0.045883  0.998927  0.006318  -0.020737  -0.007276  0.999758  0.002646  -0.001568  -0.001980  0.000000  0.000000  0.000000  2.000000  
142.008197 0.010235  0.094755  0.005325  0.998722  0.045944  0.021056  -0.046089  0.998917  0.006435  -0.020737  -0.007397  0.999758  0.002700  -0.001482  -0.001948  0.000000  0.000000  0.000000  2.000000  
142.009447 0.010239  0.094754  0.005323  0.998703  0.046356  0.021058  -0.046500  0.998898  0.006427  -0.020737  -0.007397  0.999758  0.002783  -0.001366  -0.001892  0.000000  0.000000  0.000000  2.000000  
142.010696 0.010243  0.094752  0.005321  0.998684  0.046767  0.021061  -0.046911  0.998878  0.006418  -0.020737  -0.007397  0.999758  0.002851  -0.001330  -0.001833  0.000000  0.000000  0.000000  2.000000  
142.011697 0.010246  0.094752  0.005320  0.998674  0.046972  0.021062  -0.047117  0.998869  0.006414  -0.020737  -0.007397  0.999758  0.002910  -0.001263  -0.001854  0.000000  0.000000  0.000000  2.000000  
142.012944 0.010250  0.094751  0.005318  0.998657  0.047385  0.020931  -0.047528  0.998849  0.006411  -0.020604  -0.007397  0.999760  0.002971  -0.001164  -0.001723  0.000000  0.000000  0.000000  2.000000  
142.013956 0.010253  0.094750  0.005317  0.998638  0.047796  0.020934  -0.047939  0.998830  0.006403  -0.020604  -0.007397  0.999760  0.003016  -0.001096  -0.001720  0.000000  0.000000  0.000000  2.000000  
142.015196 0.010257  0.094749  0.005315  0.998618  0.048207  0.020937  -0.048351  0.998810  0.006394  -0.020604  -0.007397  0.999760  0.003048  -0.001066  -0.001698  0.008430  0.007633  0.178456  2.000000  
142.016447 0.010260  0.094748  0.005313  0.998601  0.048619  0.020806  -0.048762  0.998790  0.006392  -0.020470  -0.007398  0.999763  0.003071  -0.001011  -0.001689  0.008369  0.012143  0.186877  2.000000  
142.017692 0.010264  0.094747  0.005311  0.998580  0.049031  0.020808  -0.049173  0.998770  0.006383  -0.020470  -0.007398  0.999763  0.003073  -0.000994  -0.001658  0.008018  0.011947  0.199111  2.000000  
142.018692 0.010268  0.094746  0.005309  0.998573  0.049237  0.020676  -0.049379  0.998760  0.006386  -0.020336  -0.007398  0.999766  0.003089  -0.001000  -0.001690  0.007889  0.016356  0.205982  2.000000  
142.019696 0.010270  0.094745  0.005308  0.998553  0.049649  0.020679  -0.049790  0.998739  0.006377  -0.020336  -0.007398  0.999766  0.003069  -0.000993  -0.001632  0.007606  0.016256  0.219682  2.000000  
142.020698 0.010273  0.094744  0.005306  0.998535  0.050061  0.020548  -0.050201  0.998719  0.006375  -0.020202  -0.007398  0.999769  0.003087  -0.000976  -0.001634  0.007546  0.020849  0.228584  2.000000  
142.021956 0.010277  0.094742  0.005304  0.998514  0.050472  0.020550  -0.050612  0.998698  0.006367  -0.020202  -0.007398  0.999769  0.003054  -0.000965  -0.001568  0.007255  0.020733  0.242235  2.000000  
142.022956 0.010280  0.094741  0.005302  0.998496  0.050884  0.020419  -0.051024  0.998677  0.006365  -0.020068  -0.007398  0.999771  0.003054  -0.000966  -0.001568  0.007130  0.025179  0.249181  2.000000  
142.024197 0.010283  0.094739  0.005300  0.998467  0.051502  0.020290  -0.051640  0.998645  0.006360  -0.019935  -0.007398  0.999774  0.003034  -0.001022  -0.001580  0.006669  0.029288  0.267798  2.000000  
142.025197 0.010286  0.094737  0.005297  0.998448  0.051914  0.020159  -0.052052  0.998624  0.006358  -0.019801  -0.007398  0.999777  0.003007  -0.001075  -0.001659  0.002504  0.033682  0.274699  2.000000  
142.026447 0.010290  0.094734  0.005294  0.998418  0.052532  0.020029  -0.052668  0.998592  0.006353  -0.019667  -0.007398  0.999779  0.002978  -0.001190  -0.001712  0.002123  0.038310  0.297786  2.000000  
142.027697 0.010293  0.094731  0.005292  0.998388  0.053150  0.019899  -0.053285  0.998559  0.006348  -0.019533  -0.007398  0.999782  0.002945  -0.001327  -0.001796  0.001864  0.042716  0.311721  2.000000  
142.028945 0.010297  0.094729  0.005289  0.998360  0.053768  0.019636  -0.053902  0.998526  0.006350  -0.019266  -0.007398  0.999787  0.002939  -0.001426  -0.001849  0.001627  0.051604  0.325582  2.000000  
142.029953 0.010300  0.094726  0.005287  0.998341  0.054180  0.019505  -0.054313  0.998504  0.006349  -0.019132  -0.007398  0.999790  0.002917  -0.001530  -0.001879  0.001510  0.056032  0.332418  2.000000  
142.030961 0.010302  0.094723  0.005285  0.998312  0.054799  0.019242  -0.054930  0.998470  0.006351  -0.018864  -0.007398  0.999795  0.002894  -0.001671  -0.001918  0.001280  0.064915  0.346273  2.000000  
142.032193 0.010306  0.094720  0.005282  0.998280  0.055417  0.019112  -0.055547  0.998436  0.006347  -0.018731  -0.007398  0.999797  0.002853  -0.001815  -0.001948  0.001021  0.068769  0.357327  2.000000  
142.033194 0.010308  0.094717  0.005281  0.998262  0.055830  0.018848  -0.055958  0.998413  0.006354  -0.018463  -0.007398  0.999802  0.002809  -0.001925  -0.001969  -0.003110  0.077608  0.364216  2.000000  
142.034194 0.010310  0.094714  0.005279  0.998233  0.056448  0.018585  -0.056575  0.998378  0.006358  -0.018196  -0.007398  0.999807  0.002743  -0.002090  -0.001998  -0.003330  0.086439  0.378057  2.000000  
142.035199 0.010312  0.094711  0.005277  0.998200  0.057066  0.018455  -0.057192  0.998343  0.006354  -0.018062  -0.007398  0.999810  0.002683  -0.002257  -0.002011  -0.003550  0.086438  0.392237  2.000000  
142.036442 0.010315  0.094708  0.005276  0.998171  0.057685  0.018058  -0.057808  0.998307  0.006366  -0.017661  -0.007398  0.999817  0.002651  -0.002376  -0.001939  -0.003731  0.099622  0.405617  2.000000  
142.037451 0.010318  0.094704  0.005275  0.998140  0.058304  0.017795  -0.058425  0.998271  0.006370  -0.017393  -0.007398  0.999821  0.002604  -0.002511  -0.001893  -0.007914  0.109335  0.415854  2.000000  
142.038697 0.010320  0.094700  0.005273  0.998111  0.058924  0.017398  -0.059042  0.998235  0.006383  -0.016992  -0.007398  0.999828  0.002530  -0.002659  -0.001792  -0.008094  0.122757  0.429914  2.000000  
142.039697 0.010322  0.094696  0.005272  0.998079  0.059542  0.017135  -0.059659  0.998198  0.006388  -0.016724  -0.007398  0.999833  0.002463  -0.002786  -0.001735  -0.008226  0.130546  0.440099  2.000000  
142.040962 0.010324  0.094691  0.005271  0.998038  0.060368  0.016606  -0.060481  0.998149  0.006406  -0.016189  -0.007398  0.999842  0.002378  -0.002905  -0.001643  -0.008363  0.148290  0.453975  2.000000  
142.042196 0.010326  0.094687  0.005269  0.997994  0.061193  0.016211  -0.061303  0.998099  0.006417  -0.015788  -0.007398  0.999848  0.002291  -0.003035  -0.001537  -0.008491  0.157105  0.467757  2.000000  
142.043196 0.010328  0.094683  0.005269  0.997962  0.061812  0.015814  -0.061920  0.998060  0.006432  -0.015386  -0.007398  0.999854  0.002210  -0.003155  -0.001449  -0.008591  0.171837  0.478628  2.000000  
142.044197 0.010329  0.094679  0.005268  0.997930  0.062432  0.015418  -0.062537  0.998022  0.006447  -0.014985  -0.007398  0.999860  0.002130  -0.003275  -0.001361  -0.008741  0.185220  0.492552  2.000000  
142.045445 0.010331  0.094673  0.005268  0.997873  0.063463  0.014890  -0.063565  0.997957  0.006466  -0.014450  -0.007398  0.999868  0.002035  -0.003436  -0.001184  -0.008867  0.196948  0.509252  2.000000  
142.046697 0.010333  0.094668  0.005268  0.997826  0.064288  0.014495  -0.064387  0.997904  0.006479  -0.014048  -0.007398  0.999874  0.001902  -0.003605  -0.001052  -0.008959  0.212057  0.520583  2.000000  
142.047949 0.010335  0.094662  0.005268  0.997780  0.065113  0.013967  -0.065209  0.997850  0.006502  -0.013513  -0.007398  0.999881  0.001827  -0.003712  -0.000862  -0.009098  0.228009  0.537037  2.000000  
142.049197 0.010336  0.094657  0.005268  0.997721  0.066145  0.013306  -0.066236  0.997783  0.006532  -0.012844  -0.007398  0.999890  0.001745  -0.003794  -0.000684  -0.009184  0.247746  0.555373  2.000000  
142.050442 0.010338  0.094651  0.005269  0.997659  0.067176  0.012779  -0.067264  0.997714  0.006554  -0.012309  -0.007398  0.999897  0.001659  -0.003927  -0.000547  -0.009260  0.258949  0.571520  2.000000  
142.051445 0.010339  0.094647  0.005270  0.997610  0.068002  0.012250  -0.068086  0.997658  0.006580  -0.011774  -0.007399  0.999903  0.001542  -0.004050  -0.000395  -0.009438  0.276656  0.592281  2.000000  
142.052698 0.010340  0.094642  0.005272  0.997546  0.069033  0.011723  -0.069113  0.997587  0.006605  -0.011239  -0.007399  0.999909  0.001436  -0.004107  -0.000157  -0.009453  0.289877  0.605986  2.000000  
142.053953 0.010341  0.094637  0.005274  0.997481  0.070064  0.011063  -0.070140  0.997515  0.006639  -0.010570  -0.007399  0.999917  0.001367  -0.004145  0.000036  -0.009497  0.310129  0.624913  2.000000  
142.055197 0.010342  0.094632  0.005276  0.997415  0.071096  0.010402  -0.071168  0.997442  0.006676  -0.009901  -0.007399  0.999924  0.001270  -0.004183  0.000334  -0.009478  0.325297  0.640559  2.000000  
142.056199 0.010343  0.094628  0.005278  0.997347  0.072127  0.009875  -0.072195  0.997368  0.006704  -0.009366  -0.007399  0.999929  0.001193  -0.004202  0.000554  -0.009543  0.341401  0.659848  2.000000  
142.057446 0.010344  0.094623  0.005281  0.997278  0.073158  0.009215  -0.073222  0.997293  0.006742  -0.008697  -0.007399  0.999935  0.001116  -0.004204  0.000787  -0.009493  0.356273  0.675130  2.000000  
142.058447 0.010344  0.094619  0.005284  0.997206  0.074189  0.008688  -0.074249  0.997217  0.006773  -0.008162  -0.007399  0.999939  0.001071  -0.004195  0.001027  -0.009490  0.368120  0.694641  2.000000  
142.059696 0.010345  0.094614  0.005287  0.997135  0.075220  0.008028  -0.075275  0.997139  0.006814  -0.007493  -0.007399  0.999945  0.000980  -0.004143  0.001302  -0.009399  0.386115  0.708818  2.000000  
142.060960 0.010345  0.094610  0.005290  0.997046  0.076457  0.007370  -0.076507  0.997045  0.006855  -0.006824  -0.007399  0.999949  0.000865  -0.004088  0.001519  -0.009255  0.396050  0.723466  2.000000  
142.062197 0.010346  0.094605  0.005293  0.996971  0.077489  0.006700  -0.077534  0.996967  0.006779  -0.006155  -0.007278  0.999955  0.000802  -0.004021  0.001734  -0.013240  0.412761  0.743371  2.000000  
142.063442 0.010346  0.094602  0.005296  0.996877  0.078724  0.006175  -0.078766  0.996870  0.006813  -0.005620  -0.007278  0.999958  0.000736  -0.003922  0.001934  -0.013134  0.422632  0.758013  2.000000  
142.064445 0.010346  0.094598  0.005299  0.996815  0.079549  0.005647  -0.079587  0.996804  0.006850  -0.005084  -0.007278  0.999961  0.000659  -0.003851  0.002036  -0.012990  0.431429  0.771769  2.000000  
142.065697 0.010346  0.094594  0.005302  0.996719  0.080785  0.004989  -0.080818  0.996705  0.006897  -0.004415  -0.007278  0.999964  0.000552  -0.003767  0.002171  -0.012783  0.444698  0.785580  2.000000  
142.066946 0.010347  0.094589  0.005304  0.996621  0.082021  0.004331  -0.082050  0.996604  0.006946  -0.003746  -0.007278  0.999966  0.000505  -0.003712  0.002242  -0.012585  0.453507  0.806310  2.000000  
142.067951 0.010347  0.094587  0.005307  0.996538  0.083050  0.003928  -0.083076  0.996520  0.006854  -0.003345  -0.007156  0.999969  0.000441  -0.003595  0.002368  -0.016502  0.457924  0.820059  2.000000  
142.069198 0.010348  0.094583  0.005310  0.996436  0.084286  0.003270  -0.084307  0.996416  0.006905  -0.002676  -0.007156  0.999971  0.000404  -0.003527  0.002394  -0.016210  0.466177  0.833834  2.000000  
142.070447 0.010348  0.094580  0.005313  0.996333  0.085521  0.002735  -0.085538  0.996312  0.006826  -0.002141  -0.007035  0.999973  0.000384  -0.003424  0.002426  -0.020088  0.470541  0.854542  2.000000  
142.071450 0.010349  0.094577  0.005316  0.996245  0.086550  0.002209  -0.086563  0.996223  0.006870  -0.001606  -0.007035  0.999974  0.000375  -0.003311  0.002443  -0.019748  0.474916  0.861368  2.000000  
142.072703 0.010350  0.094574  0.005319  0.996138  0.087784  0.001684  -0.087794  0.996115  0.006914  -0.001070  -0.007035  0.999975  0.000380  -0.003205  0.002428  -0.019519  0.479276  0.882186  2.000000  
142.073959 0.010350  0.094569  0.005321  0.996011  0.089224  0.001017  -0.089229  0.995988  0.006850  -0.000401  -0.006914  0.999976  0.000364  -0.003152  0.002401  -0.023219  0.483544  0.902704  2.000000  
142.075197 0.010351  0.094566  0.005324  0.995900  0.090458  0.000481  -0.090459  0.995877  0.006777  0.000134  -0.006793  0.999977  0.000385  -0.003054  0.002356  -0.026872  0.483726  0.909928  2.000000  
142.076197 0.010350  0.094564  0.005325  0.995806  0.091486  0.000088  -0.091485  0.995783  0.006813  0.000535  -0.006793  0.999977  0.000361  -0.002978  0.002317  -0.026519  0.484560  0.924019  2.000000  
142.077197 0.010351  0.094561  0.005327  0.995711  0.092515  -0.000449  -0.092509  0.995689  0.006742  0.001070  -0.006671  0.999977  0.000354  -0.002929  0.002279  -0.030334  0.488062  0.937576  2.000000  
142.078446 0.010352  0.094559  0.005329  0.995576  0.093953  -0.000983  -0.093944  0.995555  0.006672  0.001606  -0.006550  0.999977  0.000372  -0.002805  0.002199  -0.033814  0.488436  0.950489  2.000000  
142.079545 0.010352  0.094556  0.005330  0.995478  0.094981  -0.001509  -0.094969  0.995458  0.006724  0.002141  -0.006550  0.999976  0.000369  -0.002782  0.002040  -0.033470  0.490816  0.955125  2.000000  
142.080699 0.010352  0.094553  0.005332  0.995359  0.096214  -0.002045  -0.096198  0.995340  0.006656  0.002676  -0.006429  0.999976  0.000393  -0.002698  0.002005  -0.037134  0.488219  0.965670  2.000000  
142.081959 0.010353  0.094551  0.005332  0.995237  0.097446  -0.002581  -0.097428  0.995221  0.006590  0.003211  -0.006307  0.999975  0.000398  -0.002585  0.001843  -0.040690  0.487790  0.971690  2.000000  
142.083193 0.010353  0.094548  0.005332  0.995095  0.098883  -0.002971  -0.098862  0.995079  0.006634  0.003613  -0.006307  0.999974  0.000358  -0.002542  0.001606  -0.039999  0.479395  0.984695  2.000000  
142.084197 0.010353  0.094545  0.005332  0.994990  0.099910  -0.003509  -0.099886  0.994977  0.006569  0.004148  -0.006186  0.999972  0.000344  -0.002514  0.001480  -0.043538  0.479395  0.991504  2.000000  
142.085447 0.010353  0.094543  0.005333  0.994844  0.101346  -0.003911  -0.101319  0.994833  0.006495  0.004549  -0.006065  0.999971  0.000289  -0.002465  0.001276  -0.047392  0.469889  1.006516  2.000000  
142.086693 0.010353  0.094540  0.005332  0.994694  0.102782  -0.004447  -0.102753  0.994686  0.006434  0.005084  -0.005943  0.999969  0.000234  -0.002415  0.001072  -0.050542  0.466008  1.011970  2.000000  
142.087703 0.010353  0.094538  0.005332  0.994564  0.104012  -0.004850  -0.103981  0.994559  0.006361  0.005486  -0.005822  0.999968  0.000218  -0.002360  0.000904  -0.054485  0.460867  1.020110  2.000000  
142.088949 0.010353  0.094535  0.005332  0.994389  0.105652  -0.005252  -0.105619  0.994387  0.006291  0.005887  -0.005701  0.999966  0.000193  -0.002281  0.000723  -0.058038  0.451820  1.040827  2.000000  
142.089962 0.010352  0.094533  0.005331  0.994256  0.106882  -0.005656  -0.106846  0.994256  0.006220  0.006288  -0.005580  0.999965  0.000132  -0.002240  0.000514  -0.061609  0.447108  1.054166  2.000000  
142.090963 0.010352  0.094531  0.005331  0.994121  0.108111  -0.005928  -0.108074  0.994124  0.006135  0.006556  -0.005458  0.999964  0.000108  -0.002204  0.000388  -0.065263  0.438143  1.061007  2.000000  
142.092196 0.010352  0.094529  0.005331  0.993961  0.109545  -0.006464  -0.109506  0.993967  0.006081  0.007091  -0.005337  0.999961  0.000052  -0.002165  0.000236  -0.064186  0.434750  1.073333  2.000000  
142.093197 0.010351  0.094527  0.005331  0.993823  0.110774  -0.006736  -0.110734  0.993832  0.005999  0.007359  -0.005216  0.999959  -0.000025  -0.002130  0.000108  -0.068357  0.429400  1.082080  2.000000  
142.094445 0.010351  0.094525  0.005330  0.993636  0.112411  -0.007139  -0.112370  0.993649  0.005934  0.007760  -0.005094  0.999957  -0.000064  -0.002104  0.000016  -0.071302  0.421317  1.100613  2.000000  
142.095447 0.010350  0.094523  0.005330  0.993493  0.113640  -0.007544  -0.113597  0.993510  0.005868  0.008162  -0.004973  0.999954  -0.000151  -0.002065  -0.000126  -0.075384  0.415928  1.109773  2.000000  
142.096697 0.010349  0.094521  0.005329  0.993302  0.115277  -0.007947  -0.115233  0.993322  0.005806  0.008563  -0.004852  0.999952  -0.000233  -0.002015  -0.000207  -0.078831  0.406897  1.123478  2.000000  
142.097946 0.010349  0.094519  0.005328  0.993107  0.116914  -0.008350  -0.116868  0.993131  0.005746  0.008964  -0.004730  0.999949  -0.000270  -0.001947  -0.000261  -0.077687  0.403603  1.134890  2.000000  
142.099197 0.010347  0.094517  0.005327  0.992909  0.118550  -0.008753  -0.118503  0.992937  0.005687  0.009366  -0.004609  0.999946  -0.000395  -0.001925  -0.000330  -0.081068  0.394624  1.148404  2.000000  
142.100444 0.010346  0.094514  0.005327  0.992708  0.120187  -0.009290  -0.120138  0.992741  0.005645  0.009901  -0.004488  0.999941  -0.000449  -0.001880  -0.000390  -0.080407  0.394708  1.162152  2.000000  
142.101445 0.010345  0.094513  0.005326  0.992531  0.121617  -0.009562  -0.121568  0.992567  0.005571  0.010169  -0.004366  0.999939  -0.000489  -0.001809  -0.000448  -0.083931  0.385808  1.175887  2.000000  
142.102698 0.010344  0.094511  0.005325  0.992300  0.123456  -0.009965  -0.123406  0.992341  0.005517  0.010570  -0.004245  0.999935  -0.000602  -0.001815  -0.000501  -0.087325  0.381292  1.196399  2.000000  
142.103951 0.010343  0.094509  0.005324  0.992091  0.125090  -0.010385  -0.125040  0.992137  0.005343  0.010971  -0.004003  0.999932  -0.000699  -0.001743  -0.000564  -0.090705  0.372602  1.203301  2.000000  
142.104952 0.010341  0.094507  0.005323  0.991879  0.126724  -0.010789  -0.126673  0.991930  0.005291  0.011373  -0.003881  0.999928  -0.000741  -0.001715  -0.000558  -0.090778  0.371133  1.226609  2.000000  
142.106200 0.010340  0.094506  0.005322  0.991665  0.128358  -0.011194  -0.128306  0.991721  0.005240  0.011774  -0.003760  0.999924  -0.000816  -0.001672  -0.000641  -0.094195  0.366641  1.240409  2.000000  
142.107447 0.010338  0.094504  0.005321  0.991421  0.130195  -0.011598  -0.130142  0.991482  0.005193  0.012175  -0.003639  0.999919  -0.000894  -0.001641  -0.000625  -0.092721  0.359263  1.250911  2.000000  
142.108447 0.010337  0.094502  0.005321  0.991229  0.131623  -0.011872  -0.131570  0.991294  0.005124  0.012443  -0.003517  0.999916  -0.000941  -0.001621  -0.000673  -0.092945  0.353404  1.268247  2.000000  
142.109695 0.010336  0.094500  0.005320  0.990951  0.133664  -0.012275  -0.133610  0.991021  0.005082  0.012844  -0.003396  0.999912  -0.001024  -0.001619  -0.000656  -0.096211  0.348814  1.295767  2.000000  
142.110963 0.010334  0.094499  0.005320  0.990668  0.135702  -0.012695  -0.135649  0.990745  0.004921  0.013246  -0.003153  0.999907  -0.001074  -0.001592  -0.000661  -0.099454  0.344244  1.315640  2.000000  
142.112197 0.010332  0.094497  0.005319  0.990380  0.137741  -0.013232  -0.137687  0.990464  0.004901  0.013781  -0.003032  0.999900  -0.001143  -0.001586  -0.000631  -0.098576  0.344489  1.344099  2.000000  
142.113447 0.010331  0.094494  0.005319  0.990058  0.139984  -0.013768  -0.139929  0.990150  0.004886  0.014316  -0.002911  0.999893  -0.001158  -0.001580  -0.000598  -0.097596  0.344495  1.371615  2.000000  
142.114698 0.010329  0.094493  0.005319  0.989762  0.142020  -0.014189  -0.141966  0.989860  0.004731  0.014717  -0.002668  0.999888  -0.001167  -0.001514  -0.000523  -0.104002  0.341656  1.394536  2.000000  
142.115948 0.010327  0.094491  0.005319  0.989430  0.144261  -0.014726  -0.144206  0.989536  0.004720  0.015252  -0.002547  0.999880  -0.001223  -0.001544  -0.000528  -0.102995  0.341753  1.422134  2.000000  
142.117195 0.010326  0.094489  0.005319  0.989093  0.146501  -0.015262  -0.146445  0.989208  0.004712  0.015788  -0.002426  0.999872  -0.001267  -0.001498  -0.000428  -0.098892  0.344905  1.448179  2.000000  
142.118195 0.010324  0.094488  0.005318  0.988844  0.148129  -0.015669  -0.148073  0.988965  0.004677  0.016189  -0.002304  0.999866  -0.001282  -0.001493  -0.000396  -0.101308  0.346383  1.463215  2.000000  
142.119445 0.010322  0.094486  0.005318  0.988466  0.150571  -0.016205  -0.150514  0.988597  0.004676  0.016724  -0.002183  0.999858  -0.001299  -0.001519  -0.000368  -0.100311  0.350910  1.490634  2.000000  
142.120699 0.010320  0.094483  0.005317  0.988114  0.152808  -0.016742  -0.152751  0.988254  0.004675  0.017259  -0.002062  0.999849  -0.001359  -0.001508  -0.000321  -0.096138  0.354192  1.517409  2.000000  
142.121964 0.010318  0.094482  0.005317  0.987724  0.155246  -0.017296  -0.155190  0.987874  0.004559  0.017794  -0.001819  0.999840  -0.001396  -0.001511  -0.000357  -0.098869  0.353967  1.550310  2.000000  
142.123198 0.010316  0.094480  0.005316  0.987361  0.157482  -0.017833  -0.157425  0.987520  0.004563  0.018329  -0.001698  0.999831  -0.001459  -0.001533  -0.000315  -0.097927  0.358764  1.571843  2.000000  
142.124200 0.010314  0.094478  0.005316  0.987027  0.159513  -0.018239  -0.159456  0.987195  0.004544  0.018731  -0.001577  0.999823  -0.001505  -0.001558  -0.000305  -0.097024  0.363319  1.599322  2.000000  
142.125446 0.010311  0.094475  0.005316  0.986620  0.161950  -0.018776  -0.161892  0.986798  0.004556  0.019266  -0.001455  0.999813  -0.001551  -0.001584  -0.000296  -0.094927  0.364881  1.627451  2.000000  
142.126695 0.010308  0.094473  0.005315  0.986204  0.164386  -0.019444  -0.164327  0.986395  0.004593  0.019935  -0.001334  0.999800  -0.001638  -0.001617  -0.000339  -0.093670  0.373929  1.654958  2.000000  
142.127697 0.010306  0.094471  0.005315  0.985856  0.166414  -0.019851  -0.166355  0.986055  0.004580  0.020336  -0.001213  0.999792  -0.001681  -0.001639  -0.000312  -0.093574  0.377191  1.682470  2.000000  
142.128697 0.010304  0.094469  0.005314  0.985466  0.168645  -0.020388  -0.168586  0.985676  0.004595  0.020871  -0.001091  0.999782  -0.001766  -0.001670  -0.000339  -0.092472  0.386265  1.709932  2.000000  
142.129957 0.010301  0.094467  0.005314  0.984962  0.171483  -0.021055  -0.171423  0.985187  0.004649  0.021540  -0.000970  0.999768  -0.001857  -0.001720  -0.000319  -0.090767  0.390742  1.750903  2.000000  
142.130960 0.010298  0.094465  0.005314  0.984560  0.173712  -0.021592  -0.173651  0.984796  0.004670  0.022075  -0.000849  0.999756  -0.001910  -0.001718  -0.000322  -0.089495  0.395350  1.778412  2.000000  
142.132195 0.010294  0.094462  0.005313  0.984040  0.176547  -0.022258  -0.176485  0.984292  0.004731  0.022744  -0.000728  0.999741  -0.002088  -0.001801  -0.000330  -0.087887  0.404612  1.820612  2.000000  
142.133209 0.010291  0.094460  0.005313  0.983626  0.178773  -0.022795  -0.178711  0.983890  0.004758  0.023279  -0.000606  0.999729  -0.002186  -0.001824  -0.000323  -0.086642  0.413559  1.847365  2.000000  
142.134443 0.010287  0.094457  0.005313  0.983091  0.181606  -0.023461  -0.181542  0.983371  0.004826  0.023948  -0.000485  0.999713  -0.002326  -0.001876  -0.000325  -0.084167  0.419501  1.881572  2.000000  
142.135445 0.010284  0.094455  0.005313  0.982627  0.184032  -0.023998  -0.183968  0.982920  0.004863  0.024483  -0.000364  0.999700  -0.002465  -0.001933  -0.000324  -0.082768  0.428441  1.915257  2.000000  
142.136446 0.010280  0.094453  0.005313  0.982192  0.186255  -0.024666  -0.186190  0.982501  0.004923  0.025151  -0.000243  0.999684  -0.002560  -0.001976  -0.000291  -0.082037  0.441180  1.951859  2.000000  
142.137454 0.010276  0.094451  0.005312  0.981754  0.188476  -0.025203  -0.188411  0.982078  0.004960  0.025687  -0.000121  0.999670  -0.002726  -0.002003  -0.000270  -0.080843  0.450269  1.972139  2.000000  
142.138697 0.010271  0.094447  0.005311  0.981151  0.191502  -0.025891  -0.191439  0.981492  0.004928  0.026355  0.000121  0.999653  -0.002942  -0.002090  -0.000313  -0.079015  0.459877  2.014459  2.000000  
142.139953 0.010266  0.094444  0.005311  0.980577  0.194327  -0.026556  -0.194262  0.980937  0.005014  0.027024  0.000243  0.999635  -0.003140  -0.002138  -0.000300  -0.077347  0.468856  2.041150  2.000000  
142.140960 0.010261  0.094441  0.005311  0.980080  0.196746  -0.027092  -0.196681  0.980454  0.005066  0.027559  0.000364  0.999620  -0.003314  -0.002218  -0.000306  -0.075076  0.474216  2.065976  2.000000  
142.141965 0.010256  0.094438  0.005310  0.979573  0.199164  -0.027759  -0.199098  0.979966  0.005147  0.028228  0.000485  0.999601  -0.003482  -0.002278  -0.000359  -0.074111  0.482605  2.095683  2.000000  
142.143197 0.010250  0.094435  0.005309  0.978893  0.202384  -0.028446  -0.202320  0.979306  0.005136  0.028896  0.000727  0.999582  -0.003677  -0.002377  -0.000373  -0.076221  0.487730  2.131426  2.000000  
142.144197 0.010245  0.094431  0.005308  0.978333  0.205000  -0.028980  -0.204936  0.978762  0.005203  0.029431  0.000849  0.999566  -0.003892  -0.002442  -0.000376  -0.074446  0.492369  2.165607  2.000000  
142.145447 0.010238  0.094427  0.005307  0.977633  0.208215  -0.029668  -0.208153  0.978082  0.005201  0.030100  0.001091  0.999546  -0.004092  -0.002571  -0.000445  -0.072503  0.501849  2.200033  2.000000  
142.146697 0.010231  0.094423  0.005307  0.976918  0.211431  -0.030460  -0.211367  0.977392  0.005349  0.030903  0.001212  0.999522  -0.004341  -0.002705  -0.000465  -0.070240  0.511191  2.235018  2.000000  
142.147944 0.010224  0.094418  0.005306  0.976196  0.214641  -0.031148  -0.214579  0.976692  0.005356  0.031571  0.001455  0.999500  -0.004560  -0.002810  -0.000463  -0.071218  0.516342  2.271709  2.000000  
142.148947 0.010218  0.094415  0.005306  0.975602  0.217250  -0.031682  -0.217187  0.976115  0.005437  0.032106  0.001576  0.999483  -0.004718  -0.002894  -0.000501  -0.070226  0.520756  2.303677  2.000000  
142.150198 0.010210  0.094410  0.005305  0.974856  0.220455  -0.032500  -0.220394  0.975396  0.005482  0.032909  0.001818  0.999457  -0.004972  -0.003023  -0.000517  -0.072060  0.530107  2.330996  2.000000  
142.151198 0.010204  0.094406  0.005305  0.974199  0.223260  -0.033032  -0.223199  0.974757  0.005577  0.033443  0.001940  0.999439  -0.005161  -0.003162  -0.000538  -0.070103  0.535017  2.366100  2.000000  
142.152443 0.010195  0.094401  0.005304  0.973437  0.226460  -0.033720  -0.226401  0.974018  0.005601  0.034112  0.002182  0.999416  -0.005406  -0.003324  -0.000546  -0.071057  0.539937  2.394435  2.000000  
142.153443 0.010189  0.094396  0.005304  0.972805  0.229056  -0.034411  -0.229001  0.973410  0.005608  0.034781  0.002424  0.999392  -0.005561  -0.003451  -0.000528  -0.073104  0.544806  2.414752  2.000000  
142.154452 0.010182  0.094392  0.005304  0.972122  0.231855  -0.034943  -0.231799  0.972747  0.005713  0.035316  0.002546  0.999373  -0.005743  -0.003558  -0.000517  -0.072018  0.549531  2.448098  2.000000  
142.155718 0.010173  0.094386  0.005303  0.971234  0.235448  -0.035629  -0.235394  0.971883  0.005765  0.035984  0.002788  0.999348  -0.005948  -0.003714  -0.000489  -0.073421  0.554166  2.487997  2.000000  
142.156952 0.010164  0.094381  0.005302  0.970375  0.238837  -0.036445  -0.238785  0.971055  0.005845  0.036786  0.003030  0.999319  -0.006143  -0.003841  -0.000480  -0.074720  0.559465  2.523901  2.000000  
