1-Time 2-Px 3-Py 4-Pz 5-R11 6-R21 7-R31 8-R12 9-R22 10-R32 11-R13 12-R23 13-R33 14-Vx 15-Vy 16-Vz 17-Wx 18-Wy 19-Wz 20-state 21-PR11 22-PR21 23-PR31 24-PR12 25-PR22 26-PR32 27-PR13 28-PR23 29-PR33 
9.243659 0.004903  0.086805  -0.002423  0.998358  0.057043  0.005319  -0.057201  0.997686  0.036743  -0.003211  -0.036987  0.999311  -0.000203  0.000302  -0.000092  0.000000  0.000000  0.000000  2.000000  
9.244909 0.004902  0.086804  -0.002423  0.998358  0.057043  0.005319  -0.057201  0.997686  0.036743  -0.003211  -0.036987  0.999311  -0.000220  0.000223  -0.000090  0.000000  0.000000  0.000000  2.000000  
9.245912 0.004902  0.086801  -0.002424  0.998334  0.057453  0.005342  -0.057612  0.997658  0.036862  -0.003211  -0.037108  0.999306  -0.000218  0.000030  -0.000141  0.000000  0.000000  0.000000  2.000000  
9.247159 0.004901  0.086797  -0.002425  0.998322  0.057659  0.005349  -0.057817  0.997646  0.036861  -0.003211  -0.037108  0.999306  -0.000212  -0.000273  -0.000212  0.000000  0.000000  0.000000  2.000000  
9.248404 0.004902  0.086792  -0.002426  0.998310  0.057863  0.005364  -0.058023  0.997630  0.036981  -0.003211  -0.037229  0.999302  -0.000191  -0.000628  -0.000260  0.000000  0.000000  0.000000  2.000000  
9.249405 0.004902  0.086788  -0.002426  0.998310  0.057863  0.005371  -0.058023  0.997626  0.037102  -0.003211  -0.037351  0.999297  -0.000153  -0.000952  -0.000252  0.000000  0.000000  0.000000  2.000000  
9.250405 0.004903  0.086784  -0.002427  0.998286  0.058273  0.005393  -0.058434  0.997597  0.037220  -0.003211  -0.037472  0.999293  -0.000108  -0.001255  -0.000290  0.000000  0.000000  0.000000  2.000000  
9.251411 0.004903  0.086780  -0.002427  0.998274  0.058483  0.005274  -0.058639  0.997580  0.037348  -0.003077  -0.037593  0.999288  -0.000091  -0.001547  -0.000260  0.000000  0.000000  0.000000  2.000000  
9.252657 0.004904  0.086776  -0.002427  0.998250  0.058892  0.005304  -0.059050  0.997547  0.037588  -0.003077  -0.037835  0.999279  0.000001  -0.001847  -0.000250  0.000000  0.000000  0.000000  2.000000  
9.253662 0.004905  0.086771  -0.002427  0.998226  0.059302  0.005327  -0.059461  0.997518  0.037707  -0.003077  -0.037957  0.999275  0.000068  -0.002209  -0.000315  0.000000  0.000000  0.000000  2.000000  
9.254907 0.004906  0.086766  -0.002428  0.998201  0.059712  0.005349  -0.059872  0.997489  0.037826  -0.003077  -0.038078  0.999270  0.000150  -0.002596  -0.000352  0.000000  0.000000  0.000000  2.000000  
9.255911 0.004906  0.086763  -0.002428  0.998177  0.060123  0.005365  -0.060283  0.997464  0.037823  -0.003077  -0.038078  0.999270  0.000216  -0.002785  -0.000304  0.000000  0.000000  0.000000  2.000000  
9.257162 0.004907  0.086758  -0.002427  0.998151  0.060528  0.005521  -0.060694  0.997435  0.037934  -0.003211  -0.038199  0.999265  0.000293  -0.003107  -0.000264  0.000000  0.000000  0.000000  2.000000  
9.258163 0.004908  0.086754  -0.002425  0.998126  0.060938  0.005544  -0.061105  0.997406  0.038053  -0.003211  -0.038320  0.999260  0.000342  -0.003420  -0.000155  0.000000  0.000000  0.000000  2.000000  
9.259409 0.004908  0.086747  -0.002424  0.998089  0.061558  0.005442  -0.061722  0.997363  0.038179  -0.003077  -0.038441  0.999256  0.000364  -0.003872  -0.000087  0.000000  0.000000  0.000000  2.000000  
9.260409 0.004907  0.086741  -0.002423  0.998076  0.061763  0.005457  -0.061927  0.997346  0.038298  -0.003077  -0.038563  0.999251  0.000351  -0.004154  0.000011  0.000000  0.000000  0.000000  2.000000  
9.261409 0.004907  0.086734  -0.002422  0.998050  0.062173  0.005481  -0.062338  0.997315  0.038417  -0.003077  -0.038684  0.999247  0.000358  -0.004357  0.000174  0.000000  0.000000  0.000000  2.000000  
9.262667 0.004907  0.086726  -0.002419  0.998025  0.062582  0.005512  -0.062749  0.997280  0.038657  -0.003077  -0.038926  0.999237  0.000350  -0.004612  0.000442  0.064637  -0.002334  0.179872  2.000000  
9.263927 0.004907  0.086716  -0.002417  0.997999  0.062992  0.005543  -0.063160  0.997245  0.038896  -0.003077  -0.039169  0.999228  0.000291  -0.004958  0.000612  0.072720  -0.002881  0.193629  2.000000  
9.265157 0.004907  0.086705  -0.002415  0.997959  0.063606  0.005582  -0.063776  0.997197  0.039135  -0.003077  -0.039411  0.999218  0.000280  -0.005341  0.000827  0.080857  -0.003700  0.214504  2.000000  
9.266157 0.004907  0.086696  -0.002414  0.997933  0.064015  0.005614  -0.064187  0.997161  0.039375  -0.003077  -0.039654  0.999209  0.000289  -0.005670  0.000869  0.088973  -0.004256  0.228346  2.000000  
9.267410 0.004907  0.086684  -0.002412  0.997920  0.064224  0.005512  -0.064393  0.997133  0.039745  -0.002944  -0.040017  0.999195  0.000239  -0.006179  0.000976  0.101248  -0.000071  0.235550  2.000000  
9.268411 0.004908  0.086675  -0.002411  0.997894  0.064633  0.005544  -0.064804  0.997097  0.039984  -0.002944  -0.040260  0.999185  0.000220  -0.006484  0.001083  0.109280  -0.000634  0.249197  2.000000  
9.269656 0.004908  0.086662  -0.002411  0.997880  0.064837  0.005568  -0.065009  0.997074  0.040225  -0.002944  -0.040502  0.999175  0.000171  -0.006953  0.001097  0.117436  -0.000932  0.256166  2.000000  
9.270662 0.004908  0.086652  -0.002411  0.997853  0.065246  0.005600  -0.065420  0.997037  0.040465  -0.002944  -0.040744  0.999165  0.000155  -0.007473  0.001094  0.125502  -0.001770  0.276854  2.000000  
9.271922 0.004908  0.086639  -0.002412  0.997826  0.065655  0.005641  -0.065831  0.996995  0.040825  -0.002944  -0.041108  0.999150  0.000084  -0.008061  0.001021  0.137639  -0.002359  0.290578  2.000000  
9.273158 0.004908  0.086626  -0.002410  0.997813  0.065859  0.005665  -0.066036  0.996972  0.041066  -0.002944  -0.041350  0.999140  0.000006  -0.008537  0.000980  0.145828  -0.002667  0.297612  2.000000  
9.274161 0.004907  0.086616  -0.002409  0.997799  0.066062  0.005690  -0.066242  0.996948  0.041307  -0.002944  -0.041593  0.999130  -0.000046  -0.008914  0.001005  0.153962  -0.002975  0.304531  2.000000  
9.275409 0.004907  0.086603  -0.002407  0.997785  0.066261  0.005848  -0.066447  0.996925  0.041538  -0.003077  -0.041835  0.999120  -0.000039  -0.009205  0.001089  0.162129  -0.007506  0.304419  2.000000  
9.276657 0.004906  0.086591  -0.002404  0.997772  0.066465  0.005872  -0.066652  0.996901  0.041779  -0.003077  -0.042077  0.999110  -0.000076  -0.009490  0.001121  0.166217  -0.007287  0.297483  2.000000  
9.277658 0.004905  0.086580  -0.002402  0.997758  0.066669  0.005889  -0.066858  0.996882  0.041899  -0.003077  -0.042199  0.999105  -0.000121  -0.009753  0.001142  0.166215  -0.007599  0.304433  2.000000  
9.278906 0.004904  0.086566  -0.002399  0.997730  0.067077  0.005931  -0.067269  0.996840  0.042259  -0.003077  -0.042562  0.999089  -0.000201  -0.009984  0.001219  0.172909  -0.007883  0.308776  2.000000  
9.279910 0.004902  0.086555  -0.002397  0.997730  0.067077  0.005939  -0.067269  0.996834  0.042380  -0.003077  -0.042683  0.999084  -0.000323  -0.010186  0.001198  0.172956  -0.007647  0.301962  2.000000  
9.281159 0.004900  0.086541  -0.002394  0.997717  0.067285  0.005839  -0.067474  0.996805  0.042751  -0.002944  -0.043047  0.999069  -0.000480  -0.010378  0.001299  0.182596  -0.007505  0.297530  2.000000  
9.282160 0.004899  0.086529  -0.002391  0.997703  0.067489  0.005864  -0.067680  0.996780  0.042991  -0.002944  -0.043289  0.999058  -0.000558  -0.010520  0.001408  0.186637  -0.007557  0.297471  2.000000  
9.283405 0.004897  0.086515  -0.002389  0.997703  0.067488  0.005880  -0.067680  0.996770  0.043233  -0.002944  -0.043532  0.999048  -0.000692  -0.010670  0.001477  0.189230  -0.006992  0.281373  2.000000  
9.284412 0.004896  0.086503  -0.002387  0.997689  0.067692  0.005906  -0.067885  0.996746  0.043474  -0.002944  -0.043774  0.999037  -0.000823  -0.010790  0.001628  0.194842  -0.006817  0.276710  2.000000  
9.285657 0.004893  0.086487  -0.002386  0.997689  0.067689  0.005930  -0.067885  0.996730  0.043836  -0.002944  -0.044138  0.999021  -0.001023  -0.011012  0.001698  0.201390  -0.006264  0.260750  2.000000  
9.286661 0.004890  0.086474  -0.002385  0.997675  0.067893  0.005956  -0.068090  0.996705  0.044077  -0.002944  -0.044380  0.999010  -0.001210  -0.011209  0.001779  0.207168  -0.001299  0.249277  2.000000  
9.287912 0.004887  0.086457  -0.002385  0.997675  0.067891  0.005980  -0.068090  0.996689  0.044440  -0.002944  -0.044743  0.998994  -0.001399  -0.011424  0.001711  0.213643  -0.000778  0.233566  2.000000  
9.288914 0.004884  0.086444  -0.002386  0.997675  0.067890  0.005997  -0.068090  0.996678  0.044681  -0.002944  -0.044986  0.998983  -0.001522  -0.011641  0.001611  0.219467  -0.004743  0.221400  2.000000  
9.289920 0.004882  0.086431  -0.002386  0.997661  0.068093  0.006031  -0.068296  0.996648  0.045043  -0.002944  -0.045349  0.998967  -0.001682  -0.011857  0.001484  0.227594  -0.004505  0.214442  2.000000  
9.291163 0.004878  0.086414  -0.002387  0.997660  0.068084  0.006189  -0.068296  0.996632  0.045396  -0.003077  -0.045713  0.998950  -0.001896  -0.012136  0.001273  0.235834  -0.008468  0.200480  2.000000  
9.292409 0.004875  0.086398  -0.002387  0.997646  0.068288  0.006215  -0.068501  0.996607  0.045637  -0.003077  -0.045955  0.998939  -0.002025  -0.012341  0.001069  0.235949  -0.008226  0.193642  2.000000  
9.293410 0.004872  0.086384  -0.002387  0.997646  0.068286  0.006231  -0.068501  0.996596  0.045879  -0.003077  -0.046197  0.998928  -0.002150  -0.012512  0.000863  0.239979  -0.007668  0.179740  2.000000  
9.294659 0.004868  0.086368  -0.002388  0.997646  0.068284  0.006256  -0.068501  0.996579  0.046241  -0.003077  -0.046561  0.998911  -0.002308  -0.012663  0.000624  0.240044  -0.007139  0.165927  2.000000  
9.295661 0.004865  0.086355  -0.002388  0.997646  0.068283  0.006273  -0.068501  0.996568  0.046483  -0.003077  -0.046803  0.998899  -0.002446  -0.012774  0.000439  0.240149  -0.006583  0.152137  2.000000  
9.296910 0.004860  0.086339  -0.002387  0.997632  0.068485  0.006307  -0.068706  0.996537  0.046844  -0.003077  -0.047167  0.998882  -0.002594  -0.012887  0.000347  0.244152  -0.010817  0.144962  2.000000  
9.297918 0.004857  0.086326  -0.002386  0.997633  0.068490  0.006191  -0.068706  0.996525  0.047095  -0.002944  -0.047409  0.998871  -0.002735  -0.013006  0.000252  0.244155  -0.006057  0.138228  2.000000  
9.299157 0.004852  0.086310  -0.002384  0.997633  0.068489  0.006207  -0.068706  0.996513  0.047337  -0.002944  -0.047651  0.998860  -0.002906  -0.013101  0.000231  0.242271  -0.005438  0.123423  2.000000  
9.300405 0.004848  0.086293  -0.002383  0.997633  0.068487  0.006232  -0.068706  0.996496  0.047700  -0.002944  -0.048015  0.998842  -0.003038  -0.013145  0.000226  0.242313  -0.005179  0.116575  2.000000  
9.301413 0.004844  0.086280  -0.002382  0.997618  0.068690  0.006259  -0.068912  0.996470  0.047940  -0.002944  -0.048257  0.998831  -0.003138  -0.013144  0.000237  0.244271  -0.004940  0.110594  2.000000  
9.302657 0.004839  0.086263  -0.002381  0.997618  0.068689  0.006275  -0.068912  0.996459  0.048182  -0.002944  -0.048500  0.998819  -0.003245  -0.013150  0.000245  0.242326  -0.004311  0.095982  2.000000  
9.303663 0.004836  0.086250  -0.002382  0.997618  0.068686  0.006300  -0.068912  0.996441  0.048544  -0.002944  -0.048863  0.998801  -0.003309  -0.013152  0.000289  0.248510  -0.004064  0.089892  2.000000  
9.304912 0.004831  0.086233  -0.002382  0.997618  0.068684  0.006325  -0.068912  0.996423  0.048907  -0.002944  -0.049226  0.998783  -0.003372  -0.013224  0.000252  0.252514  0.000717  0.083151  2.000000  
9.306159 0.004827  0.086215  -0.002383  0.997604  0.068887  0.006360  -0.069117  0.996391  0.049268  -0.002944  -0.049590  0.998765  -0.003404  -0.013246  0.000232  0.254479  0.000686  0.082467  2.000000  
9.307410 0.004823  0.086199  -0.002384  0.997604  0.068885  0.006386  -0.069117  0.996373  0.049631  -0.002944  -0.049953  0.998747  -0.003435  -0.013286  0.000220  0.260698  0.000985  0.076243  2.000000  
9.308659 0.004820  0.086182  -0.002385  0.997604  0.068875  0.006552  -0.069117  0.996349  0.050105  -0.003077  -0.050438  0.998722  -0.003402  -0.013310  0.000158  0.264802  -0.002896  0.062207  2.000000  
9.309659 0.004818  0.086168  -0.002385  0.997604  0.068873  0.006569  -0.069117  0.996337  0.050347  -0.003077  -0.050680  0.998710  -0.003355  -0.013306  0.000151  0.268910  -0.002907  0.062214  2.000000  
9.310660 0.004816  0.086155  -0.002386  0.997604  0.068871  0.006594  -0.069117  0.996319  0.050709  -0.003077  -0.051044  0.998692  -0.003262  -0.013356  0.000100  0.272963  -0.007092  0.055079  2.000000  
9.311920 0.004812  0.086137  -0.002387  0.997590  0.069074  0.006621  -0.069323  0.996292  0.050950  -0.003077  -0.051286  0.998679  -0.003199  -0.013432  0.000027  0.270733  -0.007372  0.061487  2.000000  
9.313157 0.004809  0.086119  -0.002386  0.997590  0.069072  0.006646  -0.069323  0.996274  0.051312  -0.003077  -0.051649  0.998661  -0.003122  -0.013549  -0.000064  0.272986  -0.007126  0.055079  2.000000  
9.314405 0.004807  0.086102  -0.002386  0.997590  0.069069  0.006671  -0.069323  0.996255  0.051675  -0.003077  -0.052013  0.998642  -0.002984  -0.013678  -0.000164  0.274869  -0.006757  0.047781  2.000000  
9.315405 0.004804  0.086087  -0.002385  0.997575  0.069273  0.006699  -0.069528  0.996228  0.051915  -0.003077  -0.052255  0.998629  -0.002887  -0.013745  -0.000210  0.270766  -0.007102  0.054627  2.000000  
9.316406 0.004802  0.086073  -0.002385  0.997575  0.069271  0.006716  -0.069528  0.996216  0.052157  -0.003077  -0.052497  0.998616  -0.002780  -0.013790  -0.000189  0.273073  -0.006840  0.048174  2.000000  
9.317407 0.004800  0.086059  -0.002383  0.997575  0.069270  0.006733  -0.069528  0.996203  0.052398  -0.003077  -0.052739  0.998604  -0.002642  -0.013817  -0.000113  0.270873  -0.006796  0.047784  2.000000  
9.318413 0.004799  0.086046  -0.002382  0.997575  0.069268  0.006749  -0.069528  0.996190  0.052640  -0.003077  -0.052982  0.998591  -0.002464  -0.013822  -0.000026  0.270795  -0.006806  0.047768  2.000000  
9.319659 0.004797  0.086029  -0.002380  0.997561  0.069471  0.006785  -0.069733  0.996157  0.053001  -0.003077  -0.053345  0.998571  -0.002330  -0.013794  0.000128  0.270756  -0.006822  0.047759  2.000000  
9.320664 0.004795  0.086016  -0.002378  0.997561  0.069469  0.006802  -0.069733  0.996144  0.053243  -0.003077  -0.053587  0.998558  -0.002201  -0.013779  0.000329  0.268926  -0.002402  0.048377  2.000000  
9.321924 0.004794  0.085999  -0.002377  0.997561  0.069466  0.006828  -0.069733  0.996124  0.053605  -0.003077  -0.053951  0.998539  -0.002058  -0.013764  0.000494  0.268848  -0.002073  0.041450  2.000000  
9.323159 0.004792  0.085982  -0.002375  0.997546  0.069662  0.006997  -0.069939  0.996091  0.053957  -0.003211  -0.054314  0.998519  -0.001931  -0.013759  0.000613  0.273023  -0.006926  0.048153  2.000000  
9.324406 0.004792  0.085966  -0.002374  0.997546  0.069659  0.007023  -0.069939  0.996071  0.054320  -0.003211  -0.054677  0.998499  -0.001792  -0.013758  0.000777  0.274821  -0.006884  0.047755  2.000000  
9.325409 0.004790  0.085952  -0.002373  0.997532  0.069863  0.007051  -0.070144  0.996044  0.054560  -0.003211  -0.054920  0.998486  -0.001684  -0.013732  0.000863  0.273016  -0.007308  0.055063  2.000000  
9.326409 0.004790  0.085938  -0.002372  0.997532  0.069861  0.007068  -0.070144  0.996030  0.054801  -0.003211  -0.055162  0.998472  -0.001600  -0.013759  0.000939  0.272979  -0.006966  0.048140  2.000000  
9.327659 0.004788  0.085920  -0.002372  0.997517  0.070063  0.007104  -0.070349  0.995996  0.055162  -0.003211  -0.055525  0.998452  -0.001476  -0.013791  0.000991  0.273094  -0.011836  0.054842  2.000000  
9.328660 0.004787  0.085905  -0.002372  0.997517  0.070061  0.007130  -0.070349  0.995976  0.055525  -0.003211  -0.055888  0.998432  -0.001362  -0.013836  0.001001  0.277079  -0.011849  0.054820  2.000000  
9.329906 0.004786  0.085886  -0.002371  0.997503  0.070264  0.007158  -0.070555  0.995948  0.055765  -0.003211  -0.056131  0.998418  -0.001325  -0.013896  0.001016  0.274771  -0.012121  0.061218  2.000000  
9.331159 0.004785  0.085867  -0.002370  0.997488  0.070466  0.007196  -0.070760  0.995913  0.056126  -0.003211  -0.056494  0.998398  -0.001192  -0.013960  0.001003  0.278782  -0.012498  0.068065  2.000000  
9.332404 0.004784  0.085848  -0.002369  0.997488  0.070464  0.007221  -0.070760  0.995893  0.056488  -0.003211  -0.056857  0.998377  -0.001122  -0.014083  0.000950  0.278819  -0.012162  0.061211  2.000000  
9.333405 0.004783  0.085833  -0.002368  0.997474  0.070666  0.007259  -0.070965  0.995857  0.056849  -0.003211  -0.057221  0.998356  -0.001074  -0.014179  0.000919  0.282872  -0.012546  0.068068  2.000000  
9.334410 0.004783  0.085819  -0.002366  0.997459  0.070870  0.007287  -0.071171  0.995829  0.057089  -0.003211  -0.057463  0.998342  -0.000949  -0.014265  0.000926  0.281075  -0.013037  0.075528  2.000000  
9.335658 0.004782  0.085800  -0.002365  0.997444  0.071072  0.007325  -0.071376  0.995794  0.057450  -0.003211  -0.057826  0.998322  -0.000877  -0.014389  0.000898  0.281088  -0.013438  0.082443  2.000000  
9.336679 0.004782  0.085786  -0.002364  0.997444  0.071070  0.007342  -0.071376  0.995780  0.057692  -0.003211  -0.058068  0.998307  -0.000796  -0.014451  0.000860  0.276847  -0.013081  0.075478  2.000000  
9.337920 0.004781  0.085767  -0.002363  0.997430  0.071273  0.007371  -0.071581  0.995751  0.057932  -0.003211  -0.058310  0.998293  -0.000754  -0.014559  0.000874  0.272828  -0.013482  0.082403  2.000000  
9.339159 0.004781  0.085749  -0.002362  0.997415  0.071477  0.007401  -0.071787  0.995722  0.058172  -0.003211  -0.058553  0.998279  -0.000730  -0.014711  0.000834  0.266592  -0.009321  0.088841  2.000000  
9.340159 0.004780  0.085734  -0.002360  0.997400  0.071680  0.007430  -0.071992  0.995693  0.058412  -0.003211  -0.058795  0.998265  -0.000709  -0.014795  0.000871  0.266559  -0.009718  0.095687  2.000000  
9.341407 0.004779  0.085715  -0.002359  0.997385  0.071883  0.007460  -0.072198  0.995664  0.058652  -0.003211  -0.059037  0.998251  -0.000684  -0.014843  0.000888  0.262522  -0.009747  0.095686  2.000000  
9.342409 0.004779  0.085700  -0.002358  0.997370  0.072086  0.007489  -0.072403  0.995635  0.058892  -0.003211  -0.059279  0.998236  -0.000650  -0.014879  0.000941  0.260594  -0.010241  0.103383  2.000000  
9.343656 0.004778  0.085681  -0.002357  0.997370  0.072084  0.007507  -0.072403  0.995621  0.059133  -0.003211  -0.059521  0.998222  -0.000580  -0.014908  0.000945  0.256647  -0.010277  0.103433  2.000000  
9.344656 0.004777  0.085666  -0.002357  0.997355  0.072288  0.007528  -0.072608  0.995599  0.059253  -0.003211  -0.059642  0.998215  -0.000570  -0.014947  0.000932  0.252495  -0.010681  0.110320  2.000000  
9.345664 0.004777  0.085650  -0.002357  0.997340  0.072491  0.007557  -0.072813  0.995570  0.059493  -0.003211  -0.059885  0.998200  -0.000549  -0.014973  0.000910  0.252367  -0.010702  0.110262  2.000000  
9.346910 0.004776  0.085630  -0.002356  0.997325  0.072695  0.007587  -0.073019  0.995540  0.059732  -0.003211  -0.060127  0.998186  -0.000544  -0.015065  0.000873  0.248353  -0.011130  0.117205  2.000000  
9.348161 0.004776  0.085610  -0.002357  0.997310  0.072898  0.007617  -0.073224  0.995511  0.059972  -0.003211  -0.060369  0.998171  -0.000483  -0.015140  0.000767  0.246262  -0.011454  0.123078  2.000000  
9.349405 0.004776  0.085590  -0.002356  0.997310  0.072895  0.007644  -0.073224  0.995489  0.060335  -0.003211  -0.060732  0.998149  -0.000443  -0.015260  0.000677  0.250352  -0.011102  0.116234  2.000000  
9.350405 0.004776  0.085574  -0.002357  0.997295  0.073098  0.007674  -0.073429  0.995459  0.060575  -0.003211  -0.060974  0.998134  -0.000404  -0.015357  0.000545  0.246307  -0.011531  0.123093  2.000000  
9.351424 0.004776  0.085557  -0.002357  0.997280  0.073301  0.007704  -0.073635  0.995429  0.060814  -0.003211  -0.061216  0.998119  -0.000380  -0.015503  0.000460  0.248163  -0.012047  0.130933  2.000000  
9.352658 0.004777  0.085537  -0.002358  0.997280  0.073299  0.007722  -0.073635  0.995415  0.061056  -0.003211  -0.061459  0.998104  -0.000282  -0.015588  0.000327  0.242213  -0.007143  0.123324  2.000000  
9.353664 0.004777  0.085520  -0.002358  0.997265  0.073502  0.007752  -0.073840  0.995385  0.061296  -0.003211  -0.061701  0.998090  -0.000255  -0.015728  0.000238  0.244151  -0.007633  0.131227  2.000000  
9.354912 0.004778  0.085500  -0.002358  0.997250  0.073705  0.007783  -0.074045  0.995355  0.061536  -0.003211  -0.061943  0.998075  -0.000170  -0.015859  0.000150  0.240103  -0.007674  0.131240  2.000000  
9.356160 0.004778  0.085479  -0.002358  0.997250  0.073703  0.007801  -0.074045  0.995340  0.061777  -0.003211  -0.062185  0.998059  -0.000084  -0.015990  0.000061  0.234103  -0.007651  0.130168  2.000000  
9.357162 0.004779  0.085463  -0.002358  0.997234  0.073906  0.007831  -0.074251  0.995309  0.062017  -0.003211  -0.062427  0.998044  -0.000002  -0.016031  0.000057  0.231948  -0.007753  0.131234  2.000000  
9.358407 0.004780  0.085443  -0.002357  0.997234  0.073905  0.007840  -0.074251  0.995302  0.062138  -0.003211  -0.062548  0.998037  0.000132  -0.016104  0.000045  0.226015  -0.007714  0.130164  2.000000  
9.359410 0.004781  0.085427  -0.002357  0.997219  0.074108  0.007871  -0.074456  0.995271  0.062378  -0.003211  -0.062790  0.998022  0.000254  -0.016150  0.000002  0.223798  -0.007817  0.131232  2.000000  
9.360660 0.004783  0.085408  -0.002356  0.997219  0.074107  0.007880  -0.074456  0.995264  0.062498  -0.003211  -0.062911  0.998014  0.000395  -0.016143  0.000040  0.215656  -0.007435  0.124318  2.000000  
9.361923 0.004784  0.085388  -0.002356  0.997204  0.074310  0.007911  -0.074661  0.995233  0.062738  -0.003211  -0.063153  0.997999  0.000532  -0.016113  0.000040  0.211478  -0.007885  0.131172  2.000000  
9.363157 0.004786  0.085369  -0.002356  0.997204  0.074309  0.007920  -0.074661  0.995226  0.062859  -0.003211  -0.063274  0.997991  0.000661  -0.016097  0.000065  0.205813  -0.007435  0.123301  2.000000  
9.364404 0.004788  0.085349  -0.002356  0.997188  0.074513  0.007942  -0.074867  0.995203  0.062978  -0.003211  -0.063395  0.997983  0.000804  -0.016062  0.000039  0.197761  -0.007466  0.123321  2.000000  
9.365407 0.004790  0.085334  -0.002355  0.997188  0.074511  0.007960  -0.074867  0.995188  0.063219  -0.003211  -0.063638  0.997968  0.000931  -0.015983  0.000150  0.195337  -0.007145  0.117429  2.000000  
9.366655 0.004792  0.085314  -0.002355  0.997188  0.074502  0.008102  -0.074867  0.995181  0.063330  -0.003345  -0.063759  0.997960  0.001046  -0.015926  0.000163  0.189806  -0.011567  0.116268  2.000000  
9.367658 0.004795  0.085298  -0.002355  0.997173  0.074706  0.008124  -0.075072  0.995157  0.063449  -0.003345  -0.063880  0.997952  0.001227  -0.015887  0.000185  0.185614  -0.011580  0.116174  2.000000  
9.368662 0.004797  0.085282  -0.002355  0.997173  0.074705  0.008133  -0.075072  0.995150  0.063570  -0.003345  -0.064001  0.997944  0.001330  -0.015846  0.000242  0.183108  -0.011273  0.110234  2.000000  
9.369663 0.004799  0.085266  -0.002355  0.997173  0.074703  0.008152  -0.075072  0.995134  0.063811  -0.003345  -0.064243  0.997929  0.001445  -0.015830  0.000213  0.183123  -0.010874  0.103321  2.000000  
9.370665 0.004802  0.085251  -0.002355  0.997157  0.074907  0.008174  -0.075277  0.995111  0.063930  -0.003345  -0.064364  0.997921  0.001616  -0.015742  0.000194  0.183088  -0.010884  0.103299  2.000000  
9.371925 0.004805  0.085231  -0.002355  0.997157  0.074906  0.008183  -0.075277  0.995103  0.064051  -0.003345  -0.064485  0.997913  0.001736  -0.015754  0.000158  0.178979  -0.010901  0.103278  2.000000  
9.373161 0.004808  0.085211  -0.002356  0.997142  0.075109  0.008214  -0.075482  0.995072  0.064291  -0.003345  -0.064727  0.997897  0.001899  -0.015739  0.000096  0.179032  -0.010930  0.103307  2.000000  
9.374161 0.004811  0.085196  -0.002356  0.997142  0.075108  0.008223  -0.075482  0.995065  0.064411  -0.003345  -0.064848  0.997890  0.002046  -0.015711  0.000068  0.174982  -0.010518  0.096401  2.000000  
9.375162 0.004814  0.085180  -0.002356  0.997142  0.075107  0.008232  -0.075482  0.995057  0.064532  -0.003345  -0.064969  0.997882  0.002193  -0.015677  0.000041  0.174989  -0.010097  0.089486  2.000000  
9.376411 0.004819  0.085162  -0.002355  0.997126  0.075310  0.008255  -0.075688  0.995033  0.064651  -0.003345  -0.065090  0.997874  0.002404  -0.015595  0.000055  0.000000  0.000000  0.000000  2.000000  
9.377412 0.004823  0.085147  -0.002355  0.997126  0.075310  0.008255  -0.075688  0.995033  0.064651  -0.003345  -0.065090  0.997874  0.002547  -0.015498  0.000105  0.000000  0.000000  0.000000  2.000000  
9.378662 0.004827  0.085129  -0.002354  0.997110  0.075514  0.008277  -0.075893  0.995010  0.064770  -0.003345  -0.065211  0.997866  0.002705  -0.015413  0.000121  0.000000  0.000000  0.000000  2.000000  
9.379663 0.004831  0.085115  -0.002353  0.997110  0.075513  0.008286  -0.075893  0.995002  0.064891  -0.003345  -0.065332  0.997858  0.002815  -0.015338  0.000151  0.000000  0.000000  0.000000  2.000000  
9.380910 0.004836  0.085097  -0.002352  0.997094  0.075708  0.008442  -0.076098  0.994979  0.065000  -0.003479  -0.065453  0.997850  0.002991  -0.015225  0.000222  0.000000  0.000000  0.000000  2.000000  
9.381920 0.004839  0.085084  -0.002351  0.997094  0.075708  0.008442  -0.076098  0.994979  0.065000  -0.003479  -0.065453  0.997850  0.003110  -0.015086  0.000294  0.000000  0.000000  0.000000  2.000000  
9.383160 0.004845  0.085066  -0.002349  0.997079  0.075912  0.008465  -0.076303  0.994956  0.065119  -0.003479  -0.065574  0.997842  0.003269  -0.014959  0.000389  0.000000  0.000000  0.000000  2.000000  
9.384165 0.004849  0.085052  -0.002348  0.997079  0.075911  0.008474  -0.076303  0.994948  0.065239  -0.003479  -0.065695  0.997834  0.003400  -0.014826  0.000426  0.000000  0.000000  0.000000  2.000000  
9.385408 0.004854  0.085035  -0.002347  0.997063  0.076116  0.008487  -0.076509  0.994932  0.065237  -0.003479  -0.065695  0.997834  0.003516  -0.014646  0.000574  0.000000  0.000000  0.000000  2.000000  
9.386410 0.004858  0.085021  -0.002346  0.997063  0.076115  0.008497  -0.076509  0.994924  0.065358  -0.003479  -0.065816  0.997826  0.003642  -0.014496  0.000600  0.000000  0.000000  0.000000  2.000000  
9.387413 0.004862  0.085006  -0.002346  0.997047  0.076319  0.008519  -0.076714  0.994901  0.065477  -0.003479  -0.065937  0.997818  0.003724  -0.014383  0.000689  0.000000  0.000000  0.000000  2.000000  
9.388659 0.004867  0.084989  -0.002345  0.997031  0.076523  0.008542  -0.076919  0.994877  0.065596  -0.003479  -0.066058  0.997810  0.003818  -0.014300  0.000702  0.000000  0.000000  0.000000  2.000000  
9.389915 0.004872  0.084971  -0.002344  0.997031  0.076522  0.008551  -0.076919  0.994869  0.065717  -0.003479  -0.066179  0.997802  0.003937  -0.014174  0.000773  0.000000  0.000000  0.000000  2.000000  
9.391159 0.004878  0.084954  -0.002343  0.997015  0.076725  0.008574  -0.077125  0.994845  0.065836  -0.003479  -0.066300  0.997794  0.004001  -0.014130  0.000815  0.000000  0.000000  0.000000  2.000000  
9.392161 0.004883  0.084940  -0.002343  0.997015  0.076725  0.008574  -0.077125  0.994845  0.065836  -0.003479  -0.066300  0.997794  0.004118  -0.014040  0.000798  0.000000  0.000000  0.000000  2.000000  
9.393409 0.004889  0.084923  -0.002342  0.997000  0.076929  0.008597  -0.077330  0.994822  0.065955  -0.003479  -0.066421  0.997786  0.004164  -0.014026  0.000786  0.000000  0.000000  0.000000  2.000000  
9.394660 0.004894  0.084906  -0.002342  0.996984  0.077134  0.008611  -0.077535  0.994806  0.065953  -0.003479  -0.066421  0.997786  0.004249  -0.013965  0.000749  0.000000  0.000000  0.000000  2.000000  
9.395907 0.004900  0.084888  -0.002341  0.996968  0.077338  0.008634  -0.077740  0.994782  0.066072  -0.003479  -0.066542  0.997778  0.004288  -0.013923  0.000725  0.000000  0.000000  0.000000  2.000000  
9.396909 0.004905  0.084875  -0.002341  0.996968  0.077338  0.008634  -0.077740  0.994782  0.066072  -0.003479  -0.066542  0.997778  0.004365  -0.013926  0.000645  0.000000  0.000000  0.000000  2.000000  
9.397912 0.004909  0.084861  -0.002340  0.996952  0.077541  0.008657  -0.077946  0.994758  0.066191  -0.003479  -0.066663  0.997769  0.004348  -0.013928  0.000629  0.000000  0.000000  0.000000  2.000000  
9.399157 0.004915  0.084844  -0.002339  0.996935  0.077746  0.008670  -0.078151  0.994742  0.066189  -0.003479  -0.066663  0.997769  0.004403  -0.013885  0.000622  0.000000  0.000000  0.000000  2.000000  
9.400157 0.004920  0.084831  -0.002338  0.996935  0.077746  0.008670  -0.078151  0.994742  0.066189  -0.003479  -0.066663  0.997769  0.004468  -0.013845  0.000613  0.000000  0.000000  0.000000  2.000000  
9.401165 0.004924  0.084817  -0.002336  0.996919  0.077951  0.008684  -0.078356  0.994726  0.066187  -0.003479  -0.066663  0.997769  0.004484  -0.013812  0.000669  0.000000  0.000000  0.000000  2.000000  
9.402407 0.004929  0.084800  -0.002335  0.996903  0.078156  0.008698  -0.078561  0.994710  0.066185  -0.003479  -0.066663  0.997769  0.004514  -0.013788  0.000741  0.000000  0.000000  0.000000  2.000000  
9.403410 0.004934  0.084786  -0.002333  0.996903  0.078155  0.008707  -0.078561  0.994702  0.066306  -0.003479  -0.066785  0.997761  0.004552  -0.013736  0.000803  0.000000  0.000000  0.000000  2.000000  
9.404659 0.004940  0.084769  -0.002331  0.996887  0.078359  0.008721  -0.078766  0.994686  0.066304  -0.003479  -0.066785  0.997761  0.004557  -0.013709  0.000895  0.000000  0.000000  0.000000  2.000000  
9.405914 0.004945  0.084752  -0.002330  0.996871  0.078564  0.008734  -0.078972  0.994670  0.066302  -0.003479  -0.066785  0.997761  0.004532  -0.013671  0.000917  0.000000  0.000000  0.000000  2.000000  
9.407159 0.004950  0.084735  -0.002328  0.996871  0.078564  0.008734  -0.078972  0.994670  0.066302  -0.003479  -0.066785  0.997761  0.004482  -0.013691  0.000978  0.000000  0.000000  0.000000  2.000000  
9.408161 0.004954  0.084721  -0.002327  0.996855  0.078769  0.008748  -0.079177  0.994653  0.066300  -0.003479  -0.066785  0.997761  0.004456  -0.013692  0.001002  0.000000  0.000000  0.000000  2.000000  
9.409421 0.004960  0.084704  -0.002327  0.996838  0.078974  0.008762  -0.079382  0.994637  0.066299  -0.003479  -0.066785  0.997761  0.004438  -0.013681  0.001037  0.000000  0.000000  0.000000  2.000000  
9.410660 0.004965  0.084686  -0.002326  0.996822  0.079179  0.008775  -0.079587  0.994621  0.066297  -0.003479  -0.066785  0.997761  0.004394  -0.013715  0.001053  0.000000  0.000000  0.000000  2.000000  
9.411921 0.004970  0.084669  -0.002325  0.996822  0.079179  0.008775  -0.079587  0.994621  0.066297  -0.003479  -0.066785  0.997761  0.004383  -0.013731  0.001100  0.000000  0.000000  0.000000  2.000000  
9.413155 0.004975  0.084651  -0.002324  0.996805  0.079383  0.008789  -0.079793  0.994605  0.066295  -0.003479  -0.066785  0.997761  0.004336  -0.013797  0.001070  0.000000  0.000000  0.000000  2.000000  
9.414157 0.004980  0.084637  -0.002323  0.996789  0.079588  0.008803  -0.079998  0.994588  0.066293  -0.003479  -0.066785  0.997761  0.004328  -0.013830  0.001073  0.000000  0.000000  0.000000  2.000000  
9.415405 0.004984  0.084619  -0.002322  0.996788  0.079579  0.008936  -0.079998  0.994589  0.066283  -0.003613  -0.066784  0.997761  0.004270  -0.013852  0.001030  0.000000  0.000000  0.000000  2.000000  
9.416405 0.004989  0.084605  -0.002321  0.996772  0.079784  0.008949  -0.080203  0.994572  0.066281  -0.003613  -0.066784  0.997761  0.004242  -0.013893  0.001012  0.000000  0.000000  0.000000  2.000000  
9.417409 0.004993  0.084591  -0.002320  0.996755  0.079989  0.008963  -0.080408  0.994556  0.066279  -0.003613  -0.066784  0.997761  0.004205  -0.013924  0.000945  0.000000  0.000000  0.000000  2.000000  
9.418412 0.004997  0.084576  -0.002319  0.996755  0.079989  0.008963  -0.080408  0.994556  0.066279  -0.003613  -0.066784  0.997761  0.004180  -0.013980  0.000937  0.000000  0.000000  0.000000  2.000000  
9.419662 0.005002  0.084559  -0.002317  0.996739  0.080195  0.008967  -0.080613  0.994548  0.066156  -0.003613  -0.066663  0.997769  0.004147  -0.014011  0.000918  0.000000  0.000000  0.000000  2.000000  
9.420662 0.005006  0.084545  -0.002316  0.996739  0.080195  0.008967  -0.080613  0.994548  0.066156  -0.003613  -0.066663  0.997769  0.004154  -0.014044  0.000931  0.000000  0.000000  0.000000  2.000000  
9.421925 0.005011  0.084527  -0.002314  0.996722  0.080399  0.008980  -0.080819  0.994531  0.066154  -0.003613  -0.066663  0.997769  0.004116  -0.014106  0.000969  0.000000  0.000000  0.000000  2.000000  
9.423160 0.005016  0.084509  -0.002312  0.996706  0.080604  0.008994  -0.081024  0.994514  0.066153  -0.003613  -0.066663  0.997769  0.004122  -0.014108  0.001017  0.000000  0.000000  0.000000  2.000000  
9.424409 0.005021  0.084491  -0.002310  0.996706  0.080605  0.008984  -0.081024  0.994522  0.066032  -0.003613  -0.066542  0.997777  0.004078  -0.014191  0.001090  0.000000  0.000000  0.000000  2.000000  
9.425409 0.005026  0.084477  -0.002308  0.996689  0.080810  0.008998  -0.081229  0.994506  0.066030  -0.003613  -0.066542  0.997777  0.004122  -0.014193  0.001182  0.000000  0.000000  0.000000  2.000000  
9.426659 0.005031  0.084459  -0.002306  0.996672  0.081015  0.009011  -0.081434  0.994489  0.066028  -0.003613  -0.066542  0.997777  0.004103  -0.014226  0.001265  0.000000  0.000000  0.000000  2.000000  
9.427912 0.005036  0.084441  -0.002304  0.996672  0.081015  0.009011  -0.081434  0.994489  0.066028  -0.003613  -0.066542  0.997777  0.004129  -0.014234  0.001345  0.000000  0.000000  0.000000  2.000000  
9.429158 0.005041  0.084423  -0.002303  0.996655  0.081220  0.009015  -0.081639  0.994480  0.065906  -0.003613  -0.066421  0.997785  0.004104  -0.014297  0.001338  0.000000  0.000000  0.000000  2.000000  
9.430405 0.005047  0.084405  -0.002301  0.996639  0.081425  0.009029  -0.081845  0.994464  0.065904  -0.003613  -0.066421  0.997785  0.004151  -0.014332  0.001385  0.000000  0.000000  0.000000  2.000000  
9.431405 0.005052  0.084390  -0.002300  0.996639  0.081425  0.009029  -0.081845  0.994464  0.065904  -0.003613  -0.066421  0.997785  0.004191  -0.014339  0.001419  0.000000  0.000000  0.000000  2.000000  
9.432659 0.005057  0.084372  -0.002299  0.996621  0.081621  0.009175  -0.082050  0.994448  0.065891  -0.003746  -0.066421  0.997785  0.004236  -0.014319  0.001406  0.000000  0.000000  0.000000  2.000000  
9.433659 0.005062  0.084358  -0.002298  0.996604  0.081826  0.009189  -0.082255  0.994431  0.065889  -0.003746  -0.066421  0.997785  0.004299  -0.014360  0.001419  0.000000  0.000000  0.000000  2.000000  
9.434906 0.005069  0.084339  -0.002296  0.996604  0.081827  0.009179  -0.082255  0.994439  0.065769  -0.003746  -0.066300  0.997793  0.004388  -0.014393  0.001401  0.000000  0.000000  0.000000  2.000000  
9.436155 0.005075  0.084321  -0.002294  0.996587  0.082032  0.009193  -0.082460  0.994422  0.065767  -0.003746  -0.066300  0.997793  0.004433  -0.014424  0.001447  0.000000  0.000000  0.000000  2.000000  
9.437163 0.005080  0.084306  -0.002292  0.996570  0.082236  0.009206  -0.082665  0.994405  0.065765  -0.003746  -0.066300  0.997793  0.004548  -0.014520  0.001457  0.000000  0.000000  0.000000  2.000000  
9.438408 0.005086  0.084288  -0.002289  0.996553  0.082441  0.009220  -0.082870  0.994388  0.065763  -0.003746  -0.066300  0.997793  0.004614  -0.014487  0.001521  0.000000  0.000000  0.000000  2.000000  
9.439409 0.005092  0.084272  -0.002287  0.996553  0.082441  0.009220  -0.082870  0.994388  0.065763  -0.003746  -0.066300  0.997793  0.004705  -0.014589  0.001523  0.000000  0.000000  0.000000  2.000000  
9.440659 0.005099  0.084254  -0.002285  0.996536  0.082646  0.009233  -0.083075  0.994371  0.065761  -0.003746  -0.066300  0.997793  0.004810  -0.014609  0.001570  0.000000  0.000000  0.000000  2.000000  
9.441660 0.005104  0.084240  -0.002282  0.996519  0.082850  0.009247  -0.083281  0.994354  0.065759  -0.003746  -0.066300  0.997793  0.004932  -0.014617  0.001623  0.000000  0.000000  0.000000  2.000000  
9.442913 0.005111  0.084221  -0.002280  0.996502  0.083055  0.009260  -0.083486  0.994337  0.065757  -0.003746  -0.066300  0.997793  0.005032  -0.014654  0.001668  0.000000  0.000000  0.000000  2.000000  
9.444159 0.005119  0.084202  -0.002277  0.996484  0.083251  0.009407  -0.083691  0.994321  0.065744  -0.003880  -0.066300  0.997792  0.005172  -0.014696  0.001747  0.000000  0.000000  0.000000  2.000000  
9.445406 0.005126  0.084184  -0.002274  0.996467  0.083456  0.009420  -0.083896  0.994303  0.065742  -0.003880  -0.066300  0.997792  0.005306  -0.014712  0.001814  0.000000  0.000000  0.000000  2.000000  
9.446659 0.005135  0.084166  -0.002271  0.996450  0.083662  0.009424  -0.084101  0.994294  0.065620  -0.003880  -0.066179  0.997800  0.005469  -0.014736  0.001950  0.000000  0.000000  0.000000  2.000000  
9.447912 0.005143  0.084148  -0.002268  0.996432  0.083866  0.009437  -0.084306  0.994277  0.065618  -0.003880  -0.066179  0.997800  0.005613  -0.014702  0.002070  0.000000  0.000000  0.000000  2.000000  
9.449155 0.005150  0.084129  -0.002265  0.996415  0.084071  0.009451  -0.084511  0.994260  0.065616  -0.003880  -0.066179  0.997800  0.005717  -0.014765  0.002123  0.000000  0.000000  0.000000  2.000000  
9.450409 0.005159  0.084110  -0.002262  0.996398  0.084274  0.009475  -0.084717  0.994234  0.065734  -0.003880  -0.066300  0.997792  0.005845  -0.014773  0.002188  0.000000  0.000000  0.000000  2.000000  
9.451411 0.005165  0.084095  -0.002260  0.996380  0.084479  0.009488  -0.084922  0.994217  0.065733  -0.003880  -0.066300  0.997792  0.005958  -0.014824  0.002232  0.000000  0.000000  0.000000  2.000000  
9.452657 0.005173  0.084076  -0.002257  0.996362  0.084675  0.009635  -0.085127  0.994200  0.065719  -0.004014  -0.066300  0.997792  0.006026  -0.014884  0.002223  0.000000  0.000000  0.000000  2.000000  
9.453668 0.005179  0.084060  -0.002255  0.996344  0.084880  0.009648  -0.085332  0.994183  0.065717  -0.004014  -0.066300  0.997792  0.006085  -0.014933  0.002278  0.000000  0.000000  0.000000  2.000000  
9.454914 0.005187  0.084040  -0.002252  0.996309  0.085289  0.009675  -0.085742  0.994148  0.065713  -0.004014  -0.066300  0.997792  0.006191  -0.014988  0.002292  0.000000  0.000000  0.000000  2.000000  
9.456157 0.005195  0.084021  -0.002249  0.996292  0.085494  0.009689  -0.085947  0.994130  0.065711  -0.004014  -0.066300  0.997792  0.006235  -0.015110  0.002309  0.000000  0.000000  0.000000  2.000000  
9.457160 0.005202  0.084005  -0.002246  0.996274  0.085697  0.009713  -0.086152  0.994105  0.065830  -0.004014  -0.066421  0.997784  0.006294  -0.015146  0.002321  0.000000  0.000000  0.000000  2.000000  
9.458162 0.005208  0.083989  -0.002243  0.996256  0.085902  0.009726  -0.086357  0.994087  0.065828  -0.004014  -0.066421  0.997784  0.006315  -0.015231  0.002359  0.000000  0.000000  0.000000  2.000000  
9.459410 0.005216  0.083969  -0.002240  0.996238  0.086106  0.009740  -0.086563  0.994069  0.065826  -0.004014  -0.066421  0.997784  0.006335  -0.015315  0.002431  0.000000  0.000000  0.000000  2.000000  
9.460410 0.005222  0.083953  -0.002237  0.996220  0.086311  0.009753  -0.086768  0.994052  0.065824  -0.004014  -0.066421  0.997784  0.006362  -0.015428  0.002482  0.000000  0.000000  0.000000  2.000000  
9.461657 0.005230  0.083934  -0.002232  0.996203  0.086516  0.009767  -0.086973  0.994034  0.065822  -0.004014  -0.066421  0.997784  0.006341  -0.015502  0.002588  0.000000  0.000000  0.000000  2.000000  
9.462659 0.005236  0.083917  -0.002230  0.996185  0.086720  0.009780  -0.087178  0.994016  0.065820  -0.004014  -0.066421  0.997784  0.006305  -0.015621  0.002575  -0.000671  -0.020467  0.172029  2.000000  
