1-Time 2-Px 3-Py 4-Pz 5-R11 6-R21 7-R31 8-R12 9-R22 10-R32 11-R13 12-R23 13-R33 14-Vx 15-Vy 16-Vz 17-Wx 18-Wy 19-Wz 20-state 21-PR11 22-PR21 23-PR31 24-PR12 25-PR22 26-PR32 27-PR13 28-PR23 29-PR33 
72.330585 0.001974  0.092345  0.010223  0.996417  0.084434  0.004931  -0.084512  0.996249  0.018571  -0.003345  -0.018921  0.999815  0.000226  -0.000027  0.000007  0.000000  0.000000  0.000000  2.000000  
72.331595 0.001974  0.092344  0.010223  0.996434  0.084229  0.004928  -0.084306  0.996267  0.018572  -0.003345  -0.018921  0.999815  0.000157  -0.000139  -0.000073  0.000000  0.000000  0.000000  2.000000  
72.332837 0.001972  0.092342  0.010221  0.996399  0.084639  0.004935  -0.084717  0.996232  0.018570  -0.003345  -0.018921  0.999815  0.000064  -0.000299  -0.000161  0.000000  0.000000  0.000000  2.000000  
72.333840 0.001972  0.092339  0.010220  0.996382  0.084842  0.005072  -0.084922  0.996215  0.018557  -0.003479  -0.018921  0.999815  -0.000013  -0.000470  -0.000280  0.000000  0.000000  0.000000  2.000000  
72.334894 0.001971  0.092337  0.010220  0.996364  0.085044  0.005210  -0.085127  0.996198  0.018545  -0.003613  -0.018921  0.999814  -0.000110  -0.000671  -0.000313  0.000000  0.000000  0.000000  2.000000  
72.336085 0.001971  0.092334  0.010219  0.996363  0.085041  0.005353  -0.085127  0.996195  0.018654  -0.003746  -0.019042  0.999812  -0.000156  -0.000877  -0.000344  0.000000  0.000000  0.000000  2.000000  
72.337086 0.001970  0.092332  0.010219  0.996346  0.085246  0.005357  -0.085332  0.996178  0.018653  -0.003746  -0.019042  0.999812  -0.000167  -0.001012  -0.000406  0.000000  0.000000  0.000000  2.000000  
72.338356 0.001969  0.092329  0.010219  0.996311  0.085659  0.005231  -0.085742  0.996143  0.018663  -0.003613  -0.019042  0.999812  -0.000255  -0.001158  -0.000403  0.000000  0.000000  0.000000  2.000000  
72.339588 0.001969  0.092327  0.010218  0.996258  0.086276  0.005120  -0.086358  0.996087  0.018792  -0.003479  -0.019164  0.999810  -0.000298  -0.001284  -0.000408  0.000000  0.000000  0.000000  2.000000  
72.340591 0.001969  0.092325  0.010218  0.996222  0.086686  0.005128  -0.086768  0.996051  0.018790  -0.003479  -0.019164  0.999810  -0.000346  -0.001386  -0.000425  0.000000  0.000000  0.000000  2.000000  
72.341842 0.001969  0.092323  0.010216  0.996168  0.087298  0.005283  -0.087383  0.995996  0.018896  -0.003613  -0.019285  0.999808  -0.000333  -0.001507  -0.000557  0.000000  0.000000  0.000000  2.000000  
72.343085 0.001969  0.092322  0.010215  0.996114  0.087911  0.005428  -0.087998  0.995942  0.018881  -0.003746  -0.019285  0.999807  -0.000291  -0.001564  -0.000589  0.000000  0.000000  0.000000  2.000000  
72.344087 0.001970  0.092321  0.010215  0.996077  0.088321  0.005436  -0.088408  0.995905  0.018878  -0.003746  -0.019285  0.999807  -0.000258  -0.001637  -0.000579  0.000000  0.000000  0.000000  2.000000  
72.345336 0.001970  0.092319  0.010214  0.996022  0.088933  0.005581  -0.089023  0.995851  0.018863  -0.003880  -0.019285  0.999807  -0.000234  -0.001767  -0.000607  0.000000  0.000000  0.000000  2.000000  
72.346337 0.001971  0.092317  0.010213  0.995967  0.089547  0.005603  -0.089639  0.995793  0.018980  -0.003880  -0.019406  0.999804  -0.000216  -0.001875  -0.000648  0.000000  0.000000  0.000000  2.000000  
72.347590 0.001971  0.092313  0.010212  0.995930  0.089957  0.005611  -0.090049  0.995757  0.018978  -0.003880  -0.019406  0.999804  -0.000110  -0.001975  -0.000648  0.000000  0.000000  0.000000  2.000000  
72.348593 0.001971  0.092309  0.010211  0.995893  0.090367  0.005619  -0.090459  0.995719  0.018976  -0.003880  -0.019406  0.999804  -0.000026  -0.002049  -0.000632  0.000000  0.000000  0.000000  2.000000  
72.349834 0.001972  0.092305  0.010211  0.995837  0.090982  0.005642  -0.091074  0.995661  0.019093  -0.003880  -0.019527  0.999802  0.000069  -0.002141  -0.000584  0.000000  0.000000  0.000000  2.000000  
72.350856 0.001973  0.092301  0.010210  0.995799  0.091392  0.005650  -0.091484  0.995624  0.019091  -0.003880  -0.019527  0.999802  0.000139  -0.002271  -0.000626  0.019706  -0.026051  0.186203  2.000000  
72.352085 0.001974  0.092295  0.010209  0.995742  0.092006  0.005673  -0.092099  0.995565  0.019208  -0.003880  -0.019649  0.999799  0.000259  -0.002442  -0.000656  0.023700  -0.026617  0.214020  2.000000  
72.353333 0.001977  0.092290  0.010208  0.995685  0.092617  0.005829  -0.092714  0.995505  0.019313  -0.004014  -0.019770  0.999796  0.000497  -0.002655  -0.000715  0.027663  -0.031663  0.241614  2.000000  
72.354333 0.001979  0.092285  0.010207  0.995646  0.093027  0.005837  -0.093124  0.995467  0.019310  -0.004014  -0.019770  0.999796  0.000678  -0.002839  -0.000789  0.027614  -0.031932  0.255461  2.000000  
72.355340 0.001981  0.092280  0.010205  0.995627  0.093232  0.005841  -0.093329  0.995448  0.019309  -0.004014  -0.019770  0.999796  0.000838  -0.003081  -0.000913  0.027555  -0.032189  0.269210  2.000000  
72.356591 0.001983  0.092274  0.010201  0.995589  0.093641  0.005860  -0.093739  0.995407  0.019428  -0.004014  -0.019891  0.999794  0.000974  -0.003374  -0.001007  0.031558  -0.032610  0.289974  2.000000  
72.357841 0.001986  0.092267  0.010199  0.995550  0.094051  0.005868  -0.094149  0.995369  0.019425  -0.004014  -0.019891  0.999794  0.001137  -0.003715  -0.001104  0.031462  -0.028517  0.310813  2.000000  
72.359087 0.001989  0.092260  0.010195  0.995531  0.094256  0.005872  -0.094353  0.995349  0.019424  -0.004014  -0.019891  0.999794  0.001265  -0.004103  -0.001314  0.031413  -0.028787  0.324658  2.000000  
72.360337 0.001991  0.092254  0.010192  0.995492  0.094665  0.005892  -0.094763  0.995308  0.019542  -0.004014  -0.020013  0.999792  0.001396  -0.004411  -0.001499  0.035419  -0.029217  0.345476  2.000000  
72.361589 0.001992  0.092246  0.010189  0.995472  0.094868  0.006017  -0.094968  0.995291  0.019408  -0.004148  -0.019891  0.999794  0.001433  -0.004676  -0.001581  0.031015  -0.033686  0.356324  2.000000  
72.362840 0.001994  0.092238  0.010186  0.995472  0.094868  0.006017  -0.094968  0.995291  0.019408  -0.004148  -0.019891  0.999794  0.001528  -0.004869  -0.001696  0.031317  -0.033689  0.345364  2.000000  
72.364086 0.001995  0.092231  0.010184  0.995452  0.095070  0.006154  -0.095173  0.995272  0.019394  -0.004282  -0.019891  0.999793  0.001603  -0.005069  -0.001822  0.031303  -0.033561  0.338508  2.000000  
72.365088 0.001995  0.092225  0.010181  0.995432  0.095275  0.006158  -0.095378  0.995252  0.019392  -0.004282  -0.019891  0.999793  0.001562  -0.005269  -0.001984  0.027170  -0.029213  0.345437  2.000000  
72.366334 0.001995  0.092216  0.010177  0.995432  0.095276  0.006147  -0.095378  0.995255  0.019272  -0.004282  -0.019770  0.999795  0.001457  -0.005464  -0.002169  0.022910  -0.024363  0.335857  2.000000  
72.367590 0.001994  0.092207  0.010174  0.995412  0.095478  0.006284  -0.095583  0.995235  0.019258  -0.004415  -0.019770  0.999795  0.001226  -0.005774  -0.002348  0.023136  -0.033435  0.331669  2.000000  
72.368833 0.001993  0.092198  0.010170  0.995412  0.095478  0.006284  -0.095583  0.995235  0.019258  -0.004415  -0.019770  0.999795  0.001027  -0.005966  -0.002540  0.018928  -0.033045  0.322061  2.000000  
72.369836 0.001992  0.092190  0.010166  0.995412  0.095478  0.006284  -0.095583  0.995235  0.019258  -0.004415  -0.019770  0.999795  0.000805  -0.006171  -0.002650  0.019001  -0.037232  0.308200  2.000000  
72.370849 0.001991  0.092183  0.010163  0.995392  0.095683  0.006288  -0.095788  0.995215  0.019256  -0.004415  -0.019770  0.999795  0.000587  -0.006300  -0.002731  0.019026  -0.037094  0.301301  2.000000  
72.372092 0.001989  0.092174  0.010158  0.995392  0.095683  0.006288  -0.095788  0.995215  0.019256  -0.004415  -0.019770  0.999795  0.000234  -0.006508  -0.002796  0.015194  -0.032377  0.276158  2.000000  
72.373337 0.001985  0.092163  0.010154  0.995392  0.095683  0.006288  -0.095788  0.995215  0.019256  -0.004415  -0.019770  0.999795  -0.000209  -0.006798  -0.002924  0.015264  -0.027482  0.255550  2.000000  
72.374337 0.001982  0.092155  0.010149  0.995391  0.095681  0.006421  -0.095788  0.995216  0.019244  -0.004549  -0.019770  0.999794  -0.000538  -0.006990  -0.003057  0.015161  -0.026987  0.239711  2.000000  
72.375587 0.001977  0.092144  0.010143  0.995391  0.095681  0.006409  -0.095788  0.995218  0.019123  -0.004549  -0.019649  0.999797  -0.000979  -0.007245  -0.003241  0.011303  -0.026804  0.221044  2.000000  
72.376590 0.001973  0.092135  0.010139  0.995391  0.095679  0.006543  -0.095788  0.995218  0.019110  -0.004683  -0.019649  0.999796  -0.001313  -0.007406  -0.003384  0.007205  -0.030777  0.205320  2.000000  
72.377837 0.001968  0.092125  0.010133  0.995391  0.095679  0.006543  -0.095788  0.995218  0.019110  -0.004683  -0.019649  0.999796  -0.001703  -0.007555  -0.003522  0.007294  -0.030378  0.184755  2.000000  
72.378839 0.001964  0.092117  0.010129  0.995390  0.095677  0.006664  -0.095788  0.995221  0.018976  -0.004817  -0.019527  0.999798  -0.002126  -0.007724  -0.003733  0.000000  0.000000  0.000000  2.000000  
72.380087 0.001958  0.092107  0.010122  0.995390  0.095677  0.006664  -0.095788  0.995221  0.018976  -0.004817  -0.019527  0.999798  -0.002524  -0.007879  -0.003928  0.000000  0.000000  0.000000  2.000000  
72.381332 0.001952  0.092097  0.010115  0.995389  0.095675  0.006786  -0.095788  0.995223  0.018843  -0.004951  -0.019406  0.999799  -0.002906  -0.007982  -0.004142  0.000000  0.000000  0.000000  2.000000  
72.382335 0.001946  0.092089  0.010110  0.995389  0.095675  0.006786  -0.095788  0.995223  0.018843  -0.004951  -0.019406  0.999799  -0.003272  -0.008032  -0.004326  0.000000  0.000000  0.000000  2.000000  
72.383590 0.001939  0.092079  0.010104  0.995389  0.095673  0.006919  -0.095788  0.995224  0.018830  -0.005084  -0.019406  0.999799  -0.003629  -0.008064  -0.004441  0.000000  0.000000  0.000000  2.000000  
72.384880 0.001932  0.092069  0.010099  0.995388  0.095671  0.007040  -0.095788  0.995226  0.018697  -0.005218  -0.019285  0.999800  -0.004013  -0.008048  -0.004502  0.000000  0.000000  0.000000  2.000000  
72.386085 0.001926  0.092060  0.010094  0.995388  0.095671  0.007040  -0.095788  0.995226  0.018697  -0.005218  -0.019285  0.999800  -0.004279  -0.008048  -0.004547  0.000000  0.000000  0.000000  2.000000  
72.387088 0.001921  0.092053  0.010090  0.995407  0.095463  0.007170  -0.095583  0.995246  0.018685  -0.005352  -0.019285  0.999800  -0.004533  -0.008050  -0.004576  0.000000  0.000000  0.000000  2.000000  
72.388088 0.001915  0.092046  0.010086  0.995407  0.095463  0.007170  -0.095583  0.995246  0.018685  -0.005352  -0.019285  0.999800  -0.004732  -0.007974  -0.004611  0.000000  0.000000  0.000000  2.000000  
72.389091 0.001909  0.092038  0.010081  0.995407  0.095464  0.007158  -0.095583  0.995248  0.018565  -0.005352  -0.019163  0.999802  -0.004928  -0.007916  -0.004595  0.000000  0.000000  0.000000  2.000000  
72.390335 0.001903  0.092029  0.010076  0.995406  0.095462  0.007291  -0.095582  0.995249  0.018552  -0.005486  -0.019163  0.999801  -0.005063  -0.007766  -0.004593  0.000000  0.000000  0.000000  2.000000  
72.391338 0.001898  0.092022  0.010072  0.995425  0.095254  0.007421  -0.095377  0.995269  0.018541  -0.005620  -0.019163  0.999801  -0.005110  -0.007663  -0.004548  0.000000  0.000000  0.000000  2.000000  
72.392590 0.001891  0.092014  0.010066  0.995425  0.095252  0.007554  -0.095377  0.995269  0.018528  -0.005753  -0.019163  0.999800  -0.005207  -0.007525  -0.004533  0.000000  0.000000  0.000000  2.000000  
72.393849 0.001885  0.092006  0.010060  0.995424  0.095249  0.007687  -0.095377  0.995269  0.018515  -0.005887  -0.019163  0.999799  -0.005220  -0.007373  -0.004545  0.000000  0.000000  0.000000  2.000000  
72.395089 0.001880  0.091999  0.010055  0.995443  0.095045  0.007672  -0.095172  0.995291  0.018396  -0.005887  -0.019042  0.999801  -0.005150  -0.007183  -0.004441  0.000000  0.000000  0.000000  2.000000  
72.396337 0.001876  0.091993  0.010050  0.995443  0.095043  0.007805  -0.095172  0.995291  0.018383  -0.006021  -0.019042  0.999801  -0.005015  -0.006896  -0.004348  0.000000  0.000000  0.000000  2.000000  
72.397373 0.001873  0.091988  0.010046  0.995442  0.095040  0.007938  -0.095172  0.995291  0.018370  -0.006155  -0.019042  0.999800  -0.004847  -0.006622  -0.004261  0.000000  0.000000  0.000000  2.000000  
72.398587 0.001869  0.091983  0.010041  0.995461  0.094833  0.008067  -0.094967  0.995311  0.018359  -0.006288  -0.019042  0.999799  -0.004686  -0.006404  -0.004190  0.000000  0.000000  0.000000  2.000000  
72.399833 0.001866  0.091977  0.010036  0.995460  0.094830  0.008201  -0.094967  0.995311  0.018347  -0.006422  -0.019042  0.999798  -0.004465  -0.006177  -0.004177  0.000000  0.000000  0.000000  2.000000  
72.400899 0.001863  0.091973  0.010033  0.995478  0.094623  0.008330  -0.094762  0.995331  0.018336  -0.006556  -0.019042  0.999797  -0.004275  -0.005925  -0.004125  0.000000  0.000000  0.000000  2.000000  
72.402085 0.001860  0.091968  0.010029  0.995477  0.094620  0.008463  -0.094762  0.995331  0.018323  -0.006690  -0.019042  0.999796  -0.004041  -0.005685  -0.004078  0.000000  0.000000  0.000000  2.000000  
72.403085 0.001858  0.091964  0.010025  0.995477  0.094618  0.008596  -0.094762  0.995332  0.018310  -0.006824  -0.019042  0.999795  -0.003800  -0.005462  -0.004040  0.000000  0.000000  0.000000  2.000000  
72.404333 0.001856  0.091960  0.010022  0.995496  0.094413  0.008593  -0.094557  0.995351  0.018312  -0.006824  -0.019042  0.999795  -0.003461  -0.005101  -0.003902  0.000000  0.000000  0.000000  2.000000  
72.405340 0.001855  0.091957  0.010019  0.995495  0.094410  0.008726  -0.094557  0.995351  0.018299  -0.006957  -0.019042  0.999794  -0.003160  -0.004787  -0.003777  0.000000  0.000000  0.000000  2.000000  
72.406590 0.001854  0.091954  0.010016  0.995514  0.094202  0.008867  -0.094352  0.995369  0.018409  -0.007091  -0.019163  0.999791  -0.002823  -0.004425  -0.003606  0.000000  0.000000  0.000000  2.000000  
72.407839 0.001852  0.091951  0.010013  0.995513  0.094199  0.009000  -0.094352  0.995369  0.018397  -0.007225  -0.019163  0.999790  -0.002518  -0.004132  -0.003436  0.000000  0.000000  0.000000  2.000000  
72.409085 0.001852  0.091949  0.010011  0.995513  0.094199  0.009000  -0.094352  0.995369  0.018397  -0.007225  -0.019163  0.999790  -0.002162  -0.003718  -0.003244  0.000000  0.000000  0.000000  2.000000  
72.410086 0.001852  0.091947  0.010009  0.995512  0.094197  0.009133  -0.094352  0.995369  0.018384  -0.007359  -0.019163  0.999789  -0.001894  -0.003452  -0.003112  0.000000  0.000000  0.000000  2.000000  
72.411089 0.001852  0.091946  0.010006  0.995511  0.094194  0.009266  -0.094352  0.995369  0.018371  -0.007493  -0.019163  0.999788  -0.001652  -0.003179  -0.002947  0.000000  0.000000  0.000000  2.000000  
72.412337 0.001852  0.091945  0.010003  0.995530  0.093989  0.009262  -0.094147  0.995389  0.018373  -0.007493  -0.019163  0.999788  -0.001402  -0.002906  -0.002839  0.000000  0.000000  0.000000  2.000000  
72.413337 0.001852  0.091944  0.010001  0.995529  0.093985  0.009407  -0.094147  0.995387  0.018481  -0.007626  -0.019284  0.999785  -0.001188  -0.002666  -0.002738  0.000000  0.000000  0.000000  2.000000  
72.414592 0.001852  0.091942  0.009997  0.995528  0.093983  0.009540  -0.094146  0.995387  0.018469  -0.007760  -0.019284  0.999784  -0.000914  -0.002344  -0.002648  0.000000  0.000000  0.000000  2.000000  
72.415841 0.001852  0.091941  0.009994  0.995527  0.093980  0.009673  -0.094146  0.995387  0.018456  -0.007894  -0.019284  0.999783  -0.000720  -0.002147  -0.002620  0.000000  0.000000  0.000000  2.000000  
72.417088 0.001853  0.091939  0.009989  0.995527  0.093980  0.009673  -0.094146  0.995387  0.018456  -0.007894  -0.019284  0.999783  -0.000460  -0.001897  -0.002606  0.000000  0.000000  0.000000  2.000000  
72.418335 0.001853  0.091937  0.009986  0.995526  0.093976  0.009818  -0.094146  0.995385  0.018564  -0.008028  -0.019406  0.999779  -0.000302  -0.001676  -0.002608  0.000000  0.000000  0.000000  2.000000  
72.419588 0.001853  0.091936  0.009982  0.995525  0.093974  0.009951  -0.094146  0.995386  0.018552  -0.008162  -0.019406  0.999778  -0.000169  -0.001505  -0.002617  0.000000  0.000000  0.000000  2.000000  
72.420590 0.001853  0.091935  0.009979  0.995525  0.093974  0.009951  -0.094146  0.995386  0.018552  -0.008162  -0.019406  0.999778  -0.000067  -0.001419  -0.002630  0.000000  0.000000  0.000000  2.000000  
72.421844 0.001854  0.091934  0.009975  0.995525  0.093973  0.009962  -0.094146  0.995383  0.018673  -0.008162  -0.019527  0.999776  0.000065  -0.001272  -0.002683  0.000000  0.000000  0.000000  2.000000  
72.423087 0.001854  0.091932  0.009972  0.995524  0.093970  0.010096  -0.094146  0.995384  0.018660  -0.008295  -0.019527  0.999775  0.000160  -0.001185  -0.002752  0.000000  0.000000  0.000000  2.000000  
72.424108 0.001855  0.091931  0.009969  0.995524  0.093969  0.010107  -0.094146  0.995381  0.018781  -0.008295  -0.019648  0.999773  0.000215  -0.001143  -0.002796  0.000000  0.000000  0.000000  2.000000  
72.425337 0.001854  0.091930  0.009965  0.995524  0.093969  0.010107  -0.094146  0.995381  0.018781  -0.008295  -0.019648  0.999773  0.000200  -0.001118  -0.002857  0.000000  0.000000  0.000000  2.000000  
72.426590 0.001855  0.091928  0.009961  0.995524  0.093969  0.010107  -0.094146  0.995381  0.018781  -0.008295  -0.019648  0.999773  0.000189  -0.001170  -0.002955  0.000000  0.000000  0.000000  2.000000  
72.427840 0.001854  0.091926  0.009957  0.995524  0.093968  0.010118  -0.094146  0.995379  0.018901  -0.008295  -0.019769  0.999770  0.000151  -0.001192  -0.003017  0.000000  0.000000  0.000000  2.000000  
72.429085 0.001854  0.091924  0.009953  0.995524  0.093968  0.010118  -0.094146  0.995379  0.018901  -0.008295  -0.019769  0.999770  0.000136  -0.001225  -0.003066  0.000000  0.000000  0.000000  2.000000  
72.430087 0.001854  0.091923  0.009950  0.995524  0.093968  0.010118  -0.094146  0.995379  0.018901  -0.008295  -0.019769  0.999770  0.000112  -0.001275  -0.003075  0.000000  0.000000  0.000000  2.000000  
72.431333 0.001853  0.091920  0.009946  0.995524  0.093966  0.010130  -0.094146  0.995377  0.019022  -0.008295  -0.019891  0.999768  0.000038  -0.001325  -0.003090  0.000000  0.000000  0.000000  2.000000  
72.432333 0.001852  0.091918  0.009942  0.995543  0.093761  0.010126  -0.093941  0.995396  0.019024  -0.008295  -0.019891  0.999768  -0.000027  -0.001357  -0.003144  0.000000  0.000000  0.000000  2.000000  
72.433335 0.001852  0.091916  0.009938  0.995543  0.093761  0.010126  -0.093941  0.995396  0.019024  -0.008295  -0.019891  0.999768  -0.000051  -0.001407  -0.003152  0.000000  0.000000  0.000000  2.000000  
72.434335 0.001851  0.091914  0.009935  0.995544  0.093764  0.009993  -0.093941  0.995396  0.019037  -0.008162  -0.019891  0.999769  -0.000122  -0.001505  -0.003208  0.000000  0.000000  0.000000  2.000000  
72.435587 0.001851  0.091912  0.009930  0.995544  0.093763  0.010004  -0.093941  0.995393  0.019158  -0.008162  -0.020012  0.999766  -0.000178  -0.001572  -0.003274  0.000000  0.000000  0.000000  2.000000  
72.436833 0.001850  0.091909  0.009925  0.995544  0.093763  0.010004  -0.093941  0.995393  0.019158  -0.008162  -0.020012  0.999766  -0.000252  -0.001660  -0.003367  0.000000  0.000000  0.000000  2.000000  
72.437833 0.001850  0.091906  0.009921  0.995564  0.093558  0.010000  -0.093736  0.995413  0.019160  -0.008162  -0.020012  0.999766  -0.000315  -0.001792  -0.003433  0.000000  0.000000  0.000000  2.000000  
72.438846 0.001849  0.091904  0.009917  0.995564  0.093557  0.010011  -0.093736  0.995410  0.019280  -0.008162  -0.020133  0.999764  -0.000366  -0.001846  -0.003485  0.000000  0.000000  0.000000  2.000000  
72.440087 0.001848  0.091901  0.009912  0.995584  0.093355  0.009874  -0.093531  0.995429  0.019295  -0.008028  -0.020133  0.999765  -0.000413  -0.001984  -0.003578  0.000000  0.000000  0.000000  2.000000  
72.441089 0.001848  0.091898  0.009908  0.995584  0.093355  0.009874  -0.093531  0.995429  0.019295  -0.008028  -0.020133  0.999765  -0.000460  -0.002066  -0.003626  0.000000  0.000000  0.000000  2.000000  
72.442338 0.001847  0.091894  0.009903  0.995584  0.093353  0.009886  -0.093531  0.995427  0.019416  -0.008028  -0.020255  0.999763  -0.000510  -0.002226  -0.003692  0.000000  0.000000  0.000000  2.000000  
72.443591 0.001846  0.091891  0.009899  0.995603  0.093148  0.009882  -0.093326  0.995446  0.019418  -0.008028  -0.020255  0.999763  -0.000528  -0.002299  -0.003687  0.000000  0.000000  0.000000  2.000000  
72.444839 0.001846  0.091888  0.009895  0.995604  0.093151  0.009748  -0.093327  0.995446  0.019430  -0.007894  -0.020255  0.999764  -0.000538  -0.002355  -0.003725  0.000000  0.000000  0.000000  2.000000  
72.445842 0.001846  0.091886  0.009892  0.995623  0.092946  0.009744  -0.093122  0.995465  0.019432  -0.007894  -0.020255  0.999764  -0.000502  -0.002367  -0.003668  0.000000  0.000000  0.000000  2.000000  
72.447086 0.001845  0.091883  0.009888  0.995623  0.092945  0.009756  -0.093122  0.995463  0.019553  -0.007894  -0.020376  0.999761  -0.000484  -0.002419  -0.003652  0.000000  0.000000  0.000000  2.000000  
72.448334 0.001845  0.091880  0.009884  0.995643  0.092740  0.009752  -0.092917  0.995482  0.019555  -0.007894  -0.020376  0.999761  -0.000440  -0.002412  -0.003636  0.000000  0.000000  0.000000  2.000000  
72.449335 0.001845  0.091878  0.009880  0.995643  0.092740  0.009752  -0.092917  0.995482  0.019555  -0.007894  -0.020376  0.999761  -0.000411  -0.002384  -0.003615  0.000000  0.000000  0.000000  2.000000  
72.450337 0.001845  0.091876  0.009877  0.995662  0.092535  0.009748  -0.092712  0.995501  0.019557  -0.007894  -0.020376  0.999761  -0.000367  -0.002387  -0.003593  0.000000  0.000000  0.000000  2.000000  
72.451585 0.001846  0.091875  0.009873  0.995662  0.092535  0.009748  -0.092712  0.995501  0.019557  -0.007894  -0.020376  0.999761  -0.000316  -0.002324  -0.003540  0.000000  0.000000  0.000000  2.000000  
72.452838 0.001847  0.091873  0.009869  0.995681  0.092330  0.009744  -0.092507  0.995520  0.019559  -0.007894  -0.020376  0.999761  -0.000207  -0.002190  -0.003447  0.000000  0.000000  0.000000  2.000000  
72.453843 0.001847  0.091872  0.009866  0.995681  0.092330  0.009744  -0.092507  0.995520  0.019559  -0.007894  -0.020376  0.999761  -0.000138  -0.002160  -0.003414  0.000000  0.000000  0.000000  2.000000  
72.455092 0.001848  0.091871  0.009862  0.995700  0.092125  0.009740  -0.092302  0.995539  0.019561  -0.007894  -0.020376  0.999761  -0.000002  -0.001972  -0.003311  0.000000  0.000000  0.000000  2.000000  
72.456338 0.001849  0.091869  0.009859  0.995699  0.092122  0.009873  -0.092302  0.995539  0.019549  -0.008028  -0.020376  0.999760  0.000117  -0.001868  -0.003250  0.000000  0.000000  0.000000  2.000000  
72.457339 0.001850  0.091868  0.009856  0.995699  0.092122  0.009873  -0.092302  0.995539  0.019549  -0.008028  -0.020376  0.999760  0.000248  -0.001731  -0.003181  0.000000  0.000000  0.000000  2.000000  
72.458588 0.001852  0.091867  0.009852  0.995718  0.091918  0.009869  -0.092097  0.995558  0.019551  -0.008028  -0.020376  0.999760  0.000352  -0.001585  -0.003148  0.000000  0.000000  0.000000  2.000000  
72.459840 0.001854  0.091866  0.009849  0.995718  0.091918  0.009869  -0.092097  0.995558  0.019551  -0.008028  -0.020376  0.999760  0.000527  -0.001399  -0.003097  0.000000  0.000000  0.000000  2.000000  
72.460851 0.001855  0.091866  0.009846  0.995718  0.091918  0.009869  -0.092097  0.995558  0.019551  -0.008028  -0.020376  0.999760  0.000626  -0.001296  -0.003073  0.000000  0.000000  0.000000  2.000000  
72.462085 0.001857  0.091865  0.009842  0.995718  0.091916  0.009880  -0.092097  0.995556  0.019671  -0.008028  -0.020497  0.999758  0.000789  -0.001163  -0.003065  0.000000  0.000000  0.000000  2.000000  
72.463087 0.001859  0.091865  0.009839  0.995737  0.091711  0.009876  -0.091892  0.995575  0.019673  -0.008028  -0.020497  0.999758  0.000926  -0.000992  -0.003006  0.000000  0.000000  0.000000  2.000000  
72.464088 0.001861  0.091865  0.009837  0.995737  0.091711  0.009876  -0.091892  0.995575  0.019673  -0.008028  -0.020497  0.999758  0.001045  -0.000908  -0.002979  0.000000  0.000000  0.000000  2.000000  
72.465092 0.001863  0.091866  0.009834  0.995737  0.091711  0.009876  -0.091892  0.995575  0.019673  -0.008028  -0.020497  0.999758  0.001216  -0.000705  -0.002897  0.000000  0.000000  0.000000  2.000000  
72.466339 0.001866  0.091867  0.009831  0.995737  0.091711  0.009876  -0.091892  0.995575  0.019673  -0.008028  -0.020497  0.999758  0.001386  -0.000530  -0.002873  0.000000  0.000000  0.000000  2.000000  
72.467591 0.001869  0.091867  0.009828  0.995737  0.091711  0.009876  -0.091892  0.995575  0.019673  -0.008028  -0.020497  0.999758  0.001501  -0.000396  -0.002800  0.000000  0.000000  0.000000  2.000000  
72.468838 0.001871  0.091868  0.009825  0.995737  0.091711  0.009876  -0.091892  0.995575  0.019673  -0.008028  -0.020497  0.999758  0.001614  -0.000244  -0.002752  0.000000  0.000000  0.000000  2.000000  
72.470088 0.001874  0.091869  0.009822  0.995737  0.091711  0.009876  -0.091892  0.995575  0.019673  -0.008028  -0.020497  0.999758  0.001706  -0.000084  -0.002665  0.000000  0.000000  0.000000  2.000000  
72.471333 0.001877  0.091870  0.009819  0.995718  0.091916  0.009880  -0.092097  0.995556  0.019671  -0.008028  -0.020497  0.999758  0.001828  0.000066  -0.002634  0.000000  0.000000  0.000000  2.000000  
72.472342 0.001879  0.091870  0.009817  0.995718  0.091916  0.009880  -0.092097  0.995556  0.019671  -0.008028  -0.020497  0.999758  0.001897  0.000151  -0.002619  0.000000  0.000000  0.000000  2.000000  
72.473588 0.001881  0.091871  0.009814  0.995718  0.091916  0.009880  -0.092097  0.995556  0.019671  -0.008028  -0.020497  0.999758  0.001964  0.000248  -0.002554  0.000000  0.000000  0.000000  2.000000  
72.474588 0.001883  0.091871  0.009811  0.995718  0.091916  0.009880  -0.092097  0.995556  0.019671  -0.008028  -0.020497  0.999758  0.001991  0.000313  -0.002531  0.000000  0.000000  0.000000  2.000000  
72.475840 0.001885  0.091871  0.009808  0.995718  0.091916  0.009880  -0.092097  0.995556  0.019671  -0.008028  -0.020497  0.999758  0.002013  0.000349  -0.002539  0.000000  0.000000  0.000000  2.000000  
72.477088 0.001887  0.091871  0.009805  0.995718  0.091916  0.009880  -0.092097  0.995556  0.019671  -0.008028  -0.020497  0.999758  0.002024  0.000420  -0.002485  0.000000  0.000000  0.000000  2.000000  
72.478088 0.001889  0.091872  0.009802  0.995719  0.091919  0.009747  -0.092097  0.995555  0.019684  -0.007894  -0.020497  0.999759  0.002009  0.000425  -0.002457  0.000000  0.000000  0.000000  2.000000  
72.479338 0.001891  0.091872  0.009799  0.995700  0.092123  0.009762  -0.092302  0.995534  0.019803  -0.007894  -0.020618  0.999756  0.001963  0.000403  -0.002449  0.000000  0.000000  0.000000  2.000000  
72.480624 0.001893  0.091871  0.009796  0.995700  0.092123  0.009762  -0.092302  0.995534  0.019803  -0.007894  -0.020618  0.999756  0.001888  0.000328  -0.002445  0.000000  0.000000  0.000000  2.000000  
72.481851 0.001894  0.091871  0.009793  0.995700  0.092123  0.009762  -0.092302  0.995534  0.019803  -0.007894  -0.020618  0.999756  0.001822  0.000255  -0.002450  0.000000  0.000000  0.000000  2.000000  
72.483083 0.001896  0.091870  0.009791  0.995700  0.092123  0.009762  -0.092302  0.995534  0.019803  -0.007894  -0.020618  0.999756  0.001731  0.000156  -0.002401  0.000000  0.000000  0.000000  2.000000  
72.484088 0.001896  0.091869  0.009788  0.995700  0.092123  0.009762  -0.092302  0.995534  0.019803  -0.007894  -0.020618  0.999756  0.001629  0.000067  -0.002407  0.000000  0.000000  0.000000  2.000000  
72.485333 0.001897  0.091869  0.009785  0.995700  0.092123  0.009762  -0.092302  0.995534  0.019803  -0.007894  -0.020618  0.999756  0.001519  -0.000039  -0.002418  0.000000  0.000000  0.000000  2.000000  
72.486336 0.001898  0.091868  0.009783  0.995700  0.092123  0.009762  -0.092302  0.995534  0.019803  -0.007894  -0.020618  0.999756  0.001398  -0.000126  -0.002395  0.000000  0.000000  0.000000  2.000000  
72.487584 0.001899  0.091867  0.009781  0.995700  0.092123  0.009762  -0.092302  0.995534  0.019803  -0.007894  -0.020618  0.999756  0.001283  -0.000246  -0.002366  0.000000  0.000000  0.000000  2.000000  
72.488589 0.001899  0.091866  0.009779  0.995700  0.092123  0.009762  -0.092302  0.995534  0.019803  -0.007894  -0.020618  0.999756  0.001180  -0.000327  -0.002281  0.000000  0.000000  0.000000  2.000000  
72.489592 0.001899  0.091865  0.009778  0.995700  0.092123  0.009762  -0.092302  0.995534  0.019803  -0.007894  -0.020618  0.999756  0.001084  -0.000413  -0.002210  0.000000  0.000000  0.000000  2.000000  
72.490853 0.001899  0.091863  0.009776  0.995700  0.092123  0.009762  -0.092302  0.995534  0.019803  -0.007894  -0.020618  0.999756  0.000943  -0.000522  -0.002132  0.000000  0.000000  0.000000  2.000000  
72.492091 0.001900  0.091862  0.009774  0.995700  0.092123  0.009762  -0.092302  0.995534  0.019803  -0.007894  -0.020618  0.999756  0.000810  -0.000655  -0.002045  0.000000  0.000000  0.000000  2.000000  
72.493340 0.001900  0.091861  0.009772  0.995700  0.092123  0.009762  -0.092302  0.995534  0.019803  -0.007894  -0.020618  0.999756  0.000694  -0.000714  -0.001960  0.000000  0.000000  0.000000  2.000000  
72.494590 0.001900  0.091859  0.009770  0.995700  0.092123  0.009762  -0.092302  0.995534  0.019803  -0.007894  -0.020618  0.999756  0.000554  -0.000823  -0.001884  0.000000  0.000000  0.000000  2.000000  
72.495590 0.001900  0.091858  0.009769  0.995700  0.092123  0.009762  -0.092302  0.995534  0.019803  -0.007894  -0.020618  0.999756  0.000462  -0.000879  -0.001830  0.000000  0.000000  0.000000  2.000000  
72.496590 0.001900  0.091857  0.009767  0.995700  0.092123  0.009762  -0.092302  0.995534  0.019803  -0.007894  -0.020618  0.999756  0.000384  -0.000923  -0.001752  0.000000  0.000000  0.000000  2.000000  
72.497836 0.001900  0.091856  0.009766  0.995700  0.092123  0.009762  -0.092302  0.995534  0.019803  -0.007894  -0.020618  0.999756  0.000283  -0.000986  -0.001695  0.000000  0.000000  0.000000  2.000000  
72.498841 0.001899  0.091854  0.009764  0.995681  0.092328  0.009766  -0.092507  0.995515  0.019800  -0.007894  -0.020618  0.999756  0.000213  -0.001021  -0.001617  0.000000  0.000000  0.000000  2.000000  
72.500089 0.001900  0.091853  0.009763  0.995681  0.092328  0.009766  -0.092507  0.995515  0.019800  -0.007894  -0.020618  0.999756  0.000172  -0.001029  -0.001518  0.000000  0.000000  0.000000  2.000000  
72.501335 0.001900  0.091853  0.009761  0.995680  0.092325  0.009899  -0.092507  0.995515  0.019788  -0.008028  -0.020618  0.999755  0.000155  -0.001007  -0.001465  0.000000  0.000000  0.000000  2.000000  
72.502588 0.001900  0.091852  0.009760  0.995680  0.092325  0.009899  -0.092507  0.995515  0.019788  -0.008028  -0.020618  0.999755  0.000096  -0.001004  -0.001375  0.000000  0.000000  0.000000  2.000000  
72.503839 0.001901  0.091852  0.009759  0.995681  0.092328  0.009766  -0.092507  0.995515  0.019800  -0.007894  -0.020618  0.999756  0.000088  -0.000927  -0.001287  0.000000  0.000000  0.000000  2.000000  
72.504843 0.001901  0.091852  0.009759  0.995681  0.092328  0.009766  -0.092507  0.995515  0.019800  -0.007894  -0.020618  0.999756  0.000113  -0.000854  -0.001221  0.000000  0.000000  0.000000  2.000000  
72.505853 0.001902  0.091851  0.009758  0.995681  0.092328  0.009766  -0.092507  0.995515  0.019800  -0.007894  -0.020618  0.999756  0.000122  -0.000797  -0.001183  0.000000  0.000000  0.000000  2.000000  
72.507093 0.001902  0.091852  0.009757  0.995681  0.092328  0.009766  -0.092507  0.995515  0.019800  -0.007894  -0.020618  0.999756  0.000191  -0.000686  -0.001104  0.000000  0.000000  0.000000  2.000000  
72.508339 0.001903  0.091851  0.009756  0.995681  0.092328  0.009766  -0.092507  0.995515  0.019800  -0.007894  -0.020618  0.999756  0.000212  -0.000625  -0.001077  0.000000  0.000000  0.000000  2.000000  
72.509340 0.001904  0.091852  0.009756  0.995681  0.092328  0.009766  -0.092507  0.995515  0.019800  -0.007894  -0.020618  0.999756  0.000254  -0.000513  -0.000957  0.000000  0.000000  0.000000  2.000000  
72.510588 0.001905  0.091852  0.009755  0.995681  0.092329  0.009755  -0.092507  0.995518  0.019680  -0.007894  -0.020497  0.999759  0.000343  -0.000382  -0.000932  0.000000  0.000000  0.000000  2.000000  
72.511588 0.001905  0.091853  0.009755  0.995662  0.092534  0.009759  -0.092712  0.995499  0.019678  -0.007894  -0.020497  0.999759  0.000366  -0.000295  -0.000845  0.000000  0.000000  0.000000  2.000000  
72.512589 0.001907  0.091854  0.009754  0.995662  0.092534  0.009759  -0.092712  0.995499  0.019678  -0.007894  -0.020497  0.999759  0.000465  -0.000137  -0.000771  0.000000  0.000000  0.000000  2.000000  
72.513839 0.001908  0.091855  0.009754  0.995662  0.092534  0.009759  -0.092712  0.995499  0.019678  -0.007894  -0.020497  0.999759  0.000565  0.000020  -0.000699  0.000000  0.000000  0.000000  2.000000  
72.515087 0.001909  0.091856  0.009753  0.995662  0.092534  0.009759  -0.092712  0.995499  0.019678  -0.007894  -0.020497  0.999759  0.000642  0.000148  -0.000661  0.000000  0.000000  0.000000  2.000000  
72.516334 0.001911  0.091857  0.009752  0.995662  0.092533  0.009770  -0.092712  0.995496  0.019798  -0.007894  -0.020618  0.999756  0.000726  0.000252  -0.000610  0.000000  0.000000  0.000000  2.000000  
72.517591 0.001912  0.091858  0.009751  0.995662  0.092533  0.009770  -0.092712  0.995496  0.019798  -0.007894  -0.020618  0.999756  0.000832  0.000381  -0.000610  0.000000  0.000000  0.000000  2.000000  
72.518837 0.001914  0.091858  0.009751  0.995662  0.092533  0.009770  -0.092712  0.995496  0.019798  -0.007894  -0.020618  0.999756  0.000887  0.000448  -0.000599  0.000000  0.000000  0.000000  2.000000  
72.519838 0.001915  0.091859  0.009750  0.995662  0.092533  0.009770  -0.092712  0.995496  0.019798  -0.007894  -0.020618  0.999756  0.000956  0.000520  -0.000598  0.000000  0.000000  0.000000  2.000000  
72.520852 0.001917  0.091860  0.009749  0.995643  0.092738  0.009774  -0.092917  0.995477  0.019796  -0.007894  -0.020618  0.999756  0.001009  0.000598  -0.000568  0.000000  0.000000  0.000000  2.000000  
72.521860 0.001918  0.091861  0.009748  0.995643  0.092738  0.009774  -0.092917  0.995477  0.019796  -0.007894  -0.020618  0.999756  0.001040  0.000602  -0.000606  0.000000  0.000000  0.000000  2.000000  
72.523090 0.001919  0.091862  0.009747  0.995643  0.092738  0.009774  -0.092917  0.995477  0.019796  -0.007894  -0.020618  0.999756  0.001092  0.000665  -0.000595  0.000000  0.000000  0.000000  2.000000  
72.524132 0.001920  0.091862  0.009747  0.995643  0.092738  0.009774  -0.092917  0.995477  0.019796  -0.007894  -0.020618  0.999756  0.001108  0.000674  -0.000603  0.000000  0.000000  0.000000  2.000000  
72.525339 0.001922  0.091863  0.009746  0.995644  0.092740  0.009641  -0.092917  0.995477  0.019809  -0.007760  -0.020618  0.999757  0.001141  0.000704  -0.000584  0.000000  0.000000  0.000000  2.000000  
72.526341 0.001923  0.091863  0.009746  0.995644  0.092740  0.009641  -0.092917  0.995477  0.019809  -0.007760  -0.020618  0.999757  0.001156  0.000699  -0.000612  0.000000  0.000000  0.000000  2.000000  
72.527588 0.001924  0.091863  0.009745  0.995644  0.092740  0.009641  -0.092917  0.995477  0.019809  -0.007760  -0.020618  0.999757  0.001128  0.000633  -0.000639  0.000000  0.000000  0.000000  2.000000  
72.528589 0.001925  0.091863  0.009744  0.995624  0.092945  0.009645  -0.093122  0.995458  0.019807  -0.007760  -0.020618  0.999757  0.001123  0.000592  -0.000659  0.000000  0.000000  0.000000  2.000000  
72.529590 0.001925  0.091863  0.009743  0.995624  0.092945  0.009645  -0.093122  0.995458  0.019807  -0.007760  -0.020618  0.999757  0.001093  0.000564  -0.000680  0.000000  0.000000  0.000000  2.000000  
72.530592 0.001926  0.091863  0.009742  0.995624  0.092945  0.009645  -0.093122  0.995458  0.019807  -0.007760  -0.020618  0.999757  0.001038  0.000486  -0.000710  0.000000  0.000000  0.000000  2.000000  
72.531841 0.001927  0.091863  0.009741  0.995624  0.092945  0.009645  -0.093122  0.995458  0.019807  -0.007760  -0.020618  0.999757  0.001026  0.000389  -0.000693  0.000000  0.000000  0.000000  2.000000  
72.533086 0.001928  0.091863  0.009740  0.995626  0.092948  0.009512  -0.093122  0.995457  0.019819  -0.007626  -0.020618  0.999758  0.000971  0.000310  -0.000723  0.000000  0.000000  0.000000  2.000000  
72.534333 0.001928  0.091862  0.009739  0.995606  0.093153  0.009516  -0.093327  0.995438  0.019817  -0.007626  -0.020618  0.999758  0.000878  0.000177  -0.000750  0.000000  0.000000  0.000000  2.000000  
72.535333 0.001928  0.091862  0.009738  0.995606  0.093153  0.009516  -0.093327  0.995438  0.019817  -0.007626  -0.020618  0.999758  0.000808  0.000112  -0.000735  0.000000  0.000000  0.000000  2.000000  
72.536338 0.001928  0.091861  0.009737  0.995606  0.093153  0.009516  -0.093327  0.995438  0.019817  -0.007626  -0.020618  0.999758  0.000723  0.000005  -0.000786  0.000000  0.000000  0.000000  2.000000  
72.537584 0.001929  0.091860  0.009736  0.995606  0.093153  0.009516  -0.093327  0.995438  0.019817  -0.007626  -0.020618  0.999758  0.000693  -0.000068  -0.000770  0.000000  0.000000  0.000000  2.000000  
72.538589 0.001929  0.091859  0.009735  0.995587  0.093358  0.009520  -0.093532  0.995419  0.019815  -0.007626  -0.020618  0.999758  0.000640  -0.000145  -0.000799  0.000000  0.000000  0.000000  2.000000  
72.539589 0.001929  0.091858  0.009735  0.995587  0.093358  0.009520  -0.093532  0.995419  0.019815  -0.007626  -0.020618  0.999758  0.000541  -0.000245  -0.000821  0.000000  0.000000  0.000000  2.000000  
72.540591 0.001930  0.091858  0.009734  0.995587  0.093358  0.009520  -0.093532  0.995419  0.019815  -0.007626  -0.020618  0.999758  0.000523  -0.000341  -0.000790  0.000000  0.000000  0.000000  2.000000  
72.541843 0.001929  0.091856  0.009733  0.995569  0.093566  0.009391  -0.093737  0.995400  0.019826  -0.007493  -0.020618  0.999759  0.000423  -0.000443  -0.000812  0.000000  0.000000  0.000000  2.000000  
72.543089 0.001929  0.091855  0.009732  0.995569  0.093566  0.009391  -0.093737  0.995400  0.019826  -0.007493  -0.020618  0.999759  0.000359  -0.000540  -0.000801  0.000000  0.000000  0.000000  2.000000  
72.544337 0.001929  0.091854  0.009731  0.995550  0.093771  0.009395  -0.093942  0.995380  0.019824  -0.007493  -0.020618  0.999759  0.000299  -0.000608  -0.000817  0.000000  0.000000  0.000000  2.000000  
72.545588 0.001930  0.091853  0.009731  0.995550  0.093771  0.009395  -0.093942  0.995380  0.019824  -0.007493  -0.020618  0.999759  0.000296  -0.000649  -0.000764  0.000000  0.000000  0.000000  2.000000  
72.546592 0.001930  0.091853  0.009730  0.995550  0.093771  0.009395  -0.093942  0.995380  0.019824  -0.007493  -0.020618  0.999759  0.000210  -0.000705  -0.000762  0.000000  0.000000  0.000000  2.000000  
72.547833 0.001930  0.091852  0.009730  0.995531  0.093978  0.009266  -0.094147  0.995361  0.019835  -0.007359  -0.020618  0.999760  0.000197  -0.000711  -0.000709  0.000000  0.000000  0.000000  2.000000  
72.548838 0.001930  0.091851  0.009729  0.995531  0.093978  0.009266  -0.094147  0.995361  0.019835  -0.007359  -0.020618  0.999760  0.000158  -0.000756  -0.000689  0.000000  0.000000  0.000000  2.000000  
72.549841 0.001930  0.091851  0.009729  0.995512  0.094183  0.009270  -0.094352  0.995341  0.019833  -0.007359  -0.020618  0.999760  0.000154  -0.000708  -0.000634  0.000000  0.000000  0.000000  2.000000  
