1-Time 2-Px 3-Py 4-Pz 5-R11 6-R21 7-R31 8-R12 9-R22 10-R32 11-R13 12-R23 13-R33 14-Vx 15-Vy 16-Vz 17-Wx 18-Wy 19-Wz 20-state 21-PR11 22-PR21 23-PR31 24-PR12 25-PR22 26-PR32 27-PR13 28-PR23 29-PR33 
42.516951 0.013437  0.095611  -0.002294  0.991101  0.078994  0.107139  -0.110431  0.038535  0.993136  0.074323  -0.996130  0.046916  -0.000135  -0.000173  -0.000288  -0.002878  0.057243  0.334980  2.000000  
42.517962 0.013437  0.095610  -0.002295  0.991104  0.079238  0.106932  -0.110224  0.038402  0.993165  0.074590  -0.996116  0.046794  -0.000135  -0.000264  -0.000328  0.000703  0.063883  0.330050  2.000000  
42.519206 0.013439  0.095610  -0.002296  0.991039  0.079519  0.107328  -0.110630  0.038339  0.993122  0.074857  -0.996096  0.046793  0.000013  -0.000299  -0.000389  0.001655  0.049893  0.326259  2.000000  
42.520207 0.013442  0.095609  -0.002296  0.990993  0.079535  0.107737  -0.111038  0.038307  0.993078  0.074857  -0.996096  0.046793  0.000201  -0.000330  -0.000415  0.003088  0.028620  0.316398  2.000000  
42.521454 0.013446  0.095609  -0.002296  0.990947  0.079564  0.108136  -0.111446  0.038394  0.993028  0.074857  -0.996090  0.046914  0.000484  -0.000357  -0.000407  -0.000000  0.014389  0.305504  2.000000  
42.522454 0.013449  0.095607  -0.002297  0.990924  0.079572  0.108341  -0.111650  0.038378  0.993006  0.074857  -0.996090  0.046914  0.000706  -0.000445  -0.000445  0.000488  0.006857  0.292298  2.000000  
42.523457 0.013453  0.095606  -0.002298  0.990881  0.079844  0.108533  -0.111852  0.038332  0.992985  0.075124  -0.996070  0.046913  0.000958  -0.000502  -0.000460  0.000980  -0.000037  0.292660  2.000000  
42.524710 0.013458  0.095605  -0.002299  0.990838  0.080117  0.108725  -0.112054  0.038285  0.992964  0.075391  -0.996050  0.046912  0.001324  -0.000581  -0.000493  0.001476  -0.007140  0.288374  2.000000  
42.525716 0.013462  0.095603  -0.002300  0.990795  0.080390  0.108917  -0.112256  0.038239  0.992943  0.075658  -0.996030  0.046911  0.001633  -0.000682  -0.000575  0.001977  -0.014244  0.284221  2.000000  
42.526966 0.013467  0.095601  -0.002301  0.990705  0.080678  0.109518  -0.112865  0.038159  0.992877  0.075925  -0.996009  0.046910  0.001943  -0.000827  -0.000626  0.003476  -0.035126  0.280665  2.000000  
42.528208 0.013471  0.095598  -0.002303  0.990649  0.080826  0.109920  -0.113272  0.038111  0.992833  0.076058  -0.995999  0.046910  0.002227  -0.000982  -0.000748  0.004990  -0.056448  0.268244  2.000000  
42.529211 0.013474  0.095597  -0.002305  0.990602  0.080842  0.110329  -0.113680  0.038077  0.992788  0.076058  -0.995999  0.046910  0.002494  -0.001044  -0.000799  0.005998  -0.070648  0.259878  2.000000  
42.530459 0.013479  0.095595  -0.002306  0.990542  0.080733  0.110948  -0.114293  0.038043  0.992718  0.075925  -0.996009  0.046910  0.002849  -0.001163  -0.000862  0.007519  -0.092392  0.238429  2.000000  
42.531461 0.013483  0.095592  -0.002307  0.990505  0.080630  0.111353  -0.114702  0.038145  0.992667  0.075791  -0.996014  0.047031  0.003091  -0.001259  -0.000877  0.004453  -0.106783  0.225578  2.000000  
42.532709 0.013488  0.095591  -0.002308  0.990434  0.080653  0.111967  -0.115313  0.038095  0.992598  0.075791  -0.996014  0.047031  0.003485  -0.001331  -0.000871  0.005987  -0.128118  0.213125  2.000000  
42.534052 0.013494  0.095590  -0.002307  0.990386  0.080683  0.112365  -0.115721  0.038183  0.992548  0.075791  -0.996008  0.047152  0.003715  -0.001340  -0.000786  0.003440  -0.148926  0.199972  2.000000  
42.535208 0.013499  0.095590  -0.002308  0.990314  0.080720  0.112969  -0.116333  0.038253  0.992473  0.075791  -0.996002  0.047273  0.003849  -0.001349  -0.000793  0.000925  -0.170706  0.188130  2.000000  
42.536454 0.013504  0.095587  -0.002310  0.990252  0.080625  0.113578  -0.116946  0.038339  0.992398  0.075658  -0.996007  0.047394  0.003916  -0.001394  -0.000924  -0.001608  -0.192248  0.171178  2.000000  
42.537456 0.013507  0.095585  -0.002313  0.990204  0.080641  0.113987  -0.117353  0.038306  0.992351  0.075658  -0.996007  0.047394  0.003857  -0.001474  -0.001112  -0.000057  -0.213329  0.163156  2.000000  
42.538709 0.013511  0.095583  -0.002318  0.990107  0.080686  0.114794  -0.118169  0.038360  0.992252  0.075658  -0.996001  0.047515  0.003823  -0.001585  -0.001325  -0.002053  -0.241535  0.151008  2.000000  
42.539720 0.013514  0.095580  -0.002323  0.990058  0.080702  0.115203  -0.118576  0.038327  0.992205  0.075658  -0.996001  0.047515  0.003723  -0.001646  -0.001594  -0.000992  -0.253761  0.141571  2.000000  
42.540960 0.013517  0.095578  -0.002329  0.990009  0.080732  0.115601  -0.118984  0.038414  0.992153  0.075658  -0.995995  0.047636  0.003612  -0.001694  -0.001939  -0.003469  -0.277183  0.125672  2.000000  
42.541968 0.013520  0.095576  -0.002333  0.989960  0.080748  0.116010  -0.119392  0.038381  0.992105  0.075658  -0.995995  0.047636  0.003562  -0.001693  -0.002172  -0.002406  -0.291346  0.117328  2.000000  
42.543209 0.013523  0.095573  -0.002339  0.989886  0.080786  0.116613  -0.120003  0.038451  0.992029  0.075658  -0.995990  0.047757  0.003494  -0.001723  -0.002418  -0.004880  -0.312721  0.104885  2.000000  
42.544213 0.013526  0.095570  -0.002345  0.989837  0.080801  0.117021  -0.120411  0.038418  0.991981  0.075658  -0.995990  0.047757  0.003398  -0.001785  -0.002688  -0.003270  -0.334055  0.092401  2.000000  
42.545459 0.013529  0.095566  -0.002352  0.989772  0.080707  0.117630  -0.121023  0.038504  0.991903  0.075524  -0.995994  0.047878  0.003277  -0.001857  -0.003030  -0.005751  -0.355580  0.075440  2.000000  
42.546709 0.013531  0.095562  -0.002359  0.989723  0.080723  0.118039  -0.121431  0.038471  0.991854  0.075524  -0.995994  0.047878  0.003108  -0.002000  -0.003489  -0.004618  -0.370182  0.058126  2.000000  
42.547713 0.013533  0.095559  -0.002365  0.989672  0.080739  0.118447  -0.121838  0.038438  0.991805  0.075524  -0.995994  0.047878  0.002922  -0.002166  -0.003934  -0.007089  -0.391382  0.050116  2.000000  
42.548963 0.013535  0.095555  -0.002374  0.989612  0.080887  0.118849  -0.122244  0.038388  0.991757  0.075658  -0.995984  0.047878  0.002758  -0.002353  -0.004463  -0.007008  -0.391500  0.045613  2.000000  
42.549964 0.013538  0.095551  -0.002382  0.989552  0.081035  0.119251  -0.122651  0.038339  0.991709  0.075791  -0.995974  0.047877  0.002595  -0.002612  -0.005039  -0.006414  -0.395309  0.050069  2.000000  
42.551206 0.013541  0.095547  -0.002392  0.989516  0.081189  0.119439  -0.122853  0.038426  0.991681  0.075925  -0.995958  0.047997  0.002580  -0.002692  -0.005493  -0.007417  -0.381074  0.053877  2.000000  
42.552225 0.013545  0.095544  -0.002400  0.989481  0.081344  0.119627  -0.123056  0.038513  0.991652  0.076058  -0.995942  0.048118  0.002569  -0.002770  -0.005861  -0.011522  -0.383770  0.058801  2.000000  
42.553456 0.013550  0.095541  -0.002409  0.989430  0.081360  0.120035  -0.123463  0.038479  0.991603  0.076058  -0.995942  0.048118  0.002636  -0.002788  -0.006202  -0.010864  -0.388110  0.049770  2.000000  
42.554456 0.013554  0.095539  -0.002416  0.989405  0.081383  0.120230  -0.123667  0.038583  0.991573  0.076058  -0.995936  0.048238  0.002740  -0.002782  -0.006363  -0.014982  -0.391836  0.041232  2.000000  
42.555710 0.013560  0.095536  -0.002426  0.989354  0.081413  0.120628  -0.124074  0.038670  0.991519  0.076058  -0.995930  0.048359  0.002880  -0.002799  -0.006556  -0.018329  -0.395852  0.032330  2.000000  
42.556959 0.013565  0.095534  -0.002435  0.989303  0.081429  0.121036  -0.124481  0.038636  0.991469  0.076058  -0.995930  0.048359  0.003040  -0.002772  -0.006761  -0.018798  -0.389457  0.023093  2.000000  
42.558209 0.013571  0.095531  -0.002443  0.989267  0.081569  0.121234  -0.124684  0.038603  0.991445  0.076191  -0.995920  0.048359  0.003152  -0.002766  -0.006945  -0.019425  -0.385714  0.022950  2.000000  
42.559210 0.013575  0.095529  -0.002451  0.989221  0.081841  0.121425  -0.124885  0.038553  0.991422  0.076458  -0.995899  0.048358  0.003297  -0.002733  -0.007112  -0.019737  -0.375279  0.031344  2.000000  
42.560462 0.013581  0.095526  -0.002461  0.989185  0.081996  0.121613  -0.125087  0.038639  0.991393  0.076592  -0.995883  0.048478  0.003490  -0.002678  -0.007314  -0.025032  -0.364159  0.039949  2.000000  
42.561719 0.013587  0.095523  -0.002472  0.989165  0.082261  0.121600  -0.125085  0.038606  0.991395  0.076858  -0.995863  0.048477  0.003739  -0.002594  -0.007540  -0.022512  -0.342781  0.052447  2.000000  
42.562727 0.013592  0.095521  -0.002481  0.989129  0.082401  0.121798  -0.125287  0.038572  0.991370  0.076992  -0.995853  0.048477  0.003974  -0.002506  -0.007729  -0.023009  -0.335565  0.056589  2.000000  
42.563972 0.013598  0.095518  -0.002493  0.989103  0.082424  0.121992  -0.125491  0.038675  0.991341  0.076992  -0.995847  0.048597  0.004220  -0.002446  -0.007912  -0.023418  -0.326993  0.056011  2.000000  
42.565209 0.013605  0.095515  -0.002504  0.989067  0.082564  0.122189  -0.125693  0.038642  0.991316  0.077125  -0.995836  0.048597  0.004517  -0.002322  -0.008018  -0.020510  -0.314852  0.060179  2.000000  
42.566461 0.013613  0.095514  -0.002516  0.989031  0.082719  0.122377  -0.125895  0.038728  0.991287  0.077259  -0.995820  0.048717  0.004702  -0.002196  -0.008119  -0.021564  -0.300574  0.068524  2.000000  
42.567710 0.013621  0.095513  -0.002525  0.988994  0.082859  0.122575  -0.126098  0.038694  0.991263  0.077392  -0.995810  0.048717  0.004974  -0.001998  -0.008100  -0.023137  -0.279740  0.072032  2.000000  
42.568960 0.013629  0.095513  -0.002534  0.988948  0.083146  0.122756  -0.126299  0.038764  0.991235  0.077659  -0.995783  0.048836  0.005174  -0.001816  -0.008082  -0.023434  -0.270142  0.080047  2.000000  
42.570204 0.013638  0.095513  -0.002542  0.988927  0.083410  0.122743  -0.126296  0.038730  0.991236  0.077926  -0.995762  0.048835  0.005381  -0.001643  -0.008012  -0.020936  -0.249215  0.087985  2.000000  
42.571206 0.013645  0.095513  -0.002549  0.988880  0.083698  0.122924  -0.126497  0.038799  0.991208  0.078192  -0.995736  0.048955  0.005532  -0.001481  -0.007971  -0.025688  -0.243977  0.097392  2.000000  
42.572459 0.013652  0.095512  -0.002558  0.988860  0.083962  0.122911  -0.126494  0.038765  0.991210  0.078459  -0.995715  0.048954  0.005665  -0.001368  -0.008002  -0.022455  -0.227828  0.104839  2.000000  
42.573459 0.013658  0.095511  -0.002567  0.988813  0.084234  0.123102  -0.126695  0.038714  0.991186  0.078726  -0.995694  0.048953  0.005766  -0.001298  -0.008102  -0.023685  -0.215561  0.114057  2.000000  
42.574707 0.013665  0.095510  -0.002577  0.988766  0.084521  0.123283  -0.126896  0.038783  0.991158  0.078993  -0.995667  0.049073  0.005845  -0.001221  -0.008139  -0.028027  -0.206438  0.121670  2.000000  
42.575716 0.013671  0.095509  -0.002584  0.988745  0.084786  0.123270  -0.126893  0.038749  0.991159  0.079259  -0.995645  0.049072  0.005914  -0.001104  -0.008075  -0.025781  -0.186862  0.135196  2.000000  
42.576964 0.013677  0.095508  -0.002593  0.988697  0.085073  0.123450  -0.127094  0.038818  0.991131  0.079526  -0.995618  0.049192  0.005957  -0.000949  -0.007936  -0.030362  -0.179475  0.143819  2.000000  
42.578209 0.013684  0.095509  -0.002601  0.988640  0.085477  0.123635  -0.127294  0.038749  0.991108  0.079926  -0.995586  0.049190  0.005983  -0.000686  -0.007629  -0.030598  -0.170737  0.151221  2.000000  
42.579456 0.013691  0.095510  -0.002608  0.988608  0.085888  0.123605  -0.127289  0.038819  0.991106  0.080326  -0.995548  0.049309  0.005979  -0.000437  -0.007354  0.000000  0.000000  0.000000  2.000000  
42.580458 0.013696  0.095511  -0.002614  0.988560  0.086161  0.123796  -0.127490  0.038767  0.991082  0.080593  -0.995527  0.049308  0.005960  -0.000232  -0.007121  0.000000  0.000000  0.000000  2.000000  
42.581459 0.013701  0.095512  -0.002620  0.988539  0.086440  0.123772  -0.127487  0.038853  0.991079  0.080860  -0.995499  0.049428  0.005889  -0.000111  -0.006947  0.000000  0.000000  0.000000  2.000000  
42.582710 0.013707  0.095514  -0.002628  0.988480  0.086844  0.123956  -0.127687  0.038784  0.991056  0.081260  -0.995467  0.049426  0.005745  0.000086  -0.006811  -0.032872  -0.142996  0.182601  2.000000  
42.583976 0.013713  0.095515  -0.002635  0.988421  0.087263  0.124130  -0.127886  0.038835  0.991028  0.081660  -0.995428  0.049545  0.005550  0.000118  -0.006778  -0.033370  -0.135350  0.195655  2.000000  
42.585208 0.013719  0.095516  -0.002645  0.988362  0.087683  0.124304  -0.128085  0.038886  0.991001  0.082060  -0.995389  0.049664  0.005387  0.000167  -0.006844  -0.037980  -0.127849  0.208893  2.000000  
42.586459 0.013725  0.095517  -0.002653  0.988303  0.088087  0.124488  -0.128285  0.038817  0.990977  0.082460  -0.995356  0.049663  0.005250  0.000286  -0.006783  -0.034426  -0.120288  0.222047  2.000000  
42.587710 0.013730  0.095517  -0.002660  0.988270  0.088498  0.124458  -0.128280  0.038885  0.990975  0.082860  -0.995317  0.049782  0.005143  0.000365  -0.006677  -0.039014  -0.112929  0.230675  2.000000  
42.589037 0.013735  0.095517  -0.002667  0.988211  0.088918  0.124631  -0.128480  0.038936  0.990948  0.083260  -0.995278  0.049901  0.004937  0.000475  -0.006345  -0.042944  -0.112413  0.234596  2.000000  
42.590206 0.013740  0.095517  -0.002674  0.988151  0.089322  0.124815  -0.128679  0.038866  0.990924  0.083660  -0.995244  0.049899  0.004821  0.000535  -0.006193  -0.038074  -0.118152  0.242521  2.000000  
42.591454 0.013744  0.095517  -0.002679  0.988091  0.089726  0.124999  -0.128878  0.038796  0.990901  0.084060  -0.995211  0.049897  0.004660  0.000592  -0.005958  -0.038032  -0.117933  0.246985  2.000000  
42.592458 0.013747  0.095517  -0.002683  0.988058  0.090137  0.124968  -0.128873  0.038864  0.990899  0.084460  -0.995171  0.050017  0.004523  0.000551  -0.005812  -0.042595  -0.110641  0.255563  2.000000  
42.593460 0.013751  0.095516  -0.002687  0.988009  0.090409  0.125159  -0.129074  0.038811  0.990875  0.084727  -0.995148  0.050015  0.004349  0.000458  -0.005648  -0.038851  -0.111089  0.266654  2.000000  
42.594709 0.013755  0.095516  -0.002694  0.987937  0.090945  0.125337  -0.129271  0.038724  0.990853  0.085260  -0.995103  0.050013  0.004173  0.000364  -0.005590  -0.038815  -0.110434  0.280169  2.000000  
42.595957 0.013758  0.095515  -0.002700  0.987903  0.091357  0.125306  -0.129267  0.038792  0.990851  0.085660  -0.995062  0.050132  0.003980  0.000226  -0.005601  -0.039346  -0.103061  0.288821  2.000000  
42.596961 0.013761  0.095514  -0.002707  0.987842  0.091761  0.125490  -0.129466  0.038721  0.990828  0.086060  -0.995028  0.050130  0.003826  0.000093  -0.005575  -0.038434  -0.108368  0.300117  2.000000  
42.597964 0.013763  0.095513  -0.002712  0.987819  0.092025  0.125476  -0.129463  0.038687  0.990829  0.086326  -0.995005  0.050129  0.003615  -0.000086  -0.005544  -0.035199  -0.102328  0.302183  2.000000  
42.599208 0.013766  0.095511  -0.002720  0.987758  0.092444  0.125649  -0.129662  0.038736  0.990801  0.086726  -0.994964  0.050248  0.003379  -0.000301  -0.005482  -0.039252  -0.102125  0.306804  2.000000  
42.600459 0.013768  0.095510  -0.002727  0.987724  0.092840  0.125629  -0.129657  0.038684  0.990804  0.087126  -0.994929  0.050246  0.003150  -0.000454  -0.005373  -0.039210  -0.101892  0.311276  2.000000  
42.601714 0.013770  0.095507  -0.002733  0.987689  0.093236  0.125609  -0.129652  0.038632  0.990807  0.087526  -0.994894  0.050245  0.002885  -0.000660  -0.005239  -0.035648  -0.094950  0.310839  2.000000  
42.602959 0.013771  0.095506  -0.002739  0.987627  0.093640  0.125793  -0.129851  0.038561  0.990783  0.087926  -0.994859  0.050243  0.002623  -0.000756  -0.005118  -0.035460  -0.094079  0.318394  2.000000  
42.603969 0.013772  0.095505  -0.002743  0.987592  0.094051  0.125762  -0.129847  0.038629  0.990781  0.088326  -0.994818  0.050362  0.002442  -0.000860  -0.005077  -0.035297  -0.093480  0.321725  2.000000  
42.605209 0.013773  0.095502  -0.002749  0.987557  0.094447  0.125742  -0.129842  0.038577  0.990784  0.088725  -0.994782  0.050360  0.002147  -0.001028  -0.005064  -0.035837  -0.086426  0.325844  2.000000  
42.606454 0.013773  0.095500  -0.002755  0.987510  0.094974  0.125715  -0.129836  0.038507  0.990787  0.089259  -0.994735  0.050357  0.001906  -0.001162  -0.005093  -0.032336  -0.079139  0.334462  2.000000  
42.607456 0.013772  0.095497  -0.002760  0.987486  0.095238  0.125702  -0.129833  0.038473  0.990789  0.089525  -0.994711  0.050356  0.001663  -0.001278  -0.005149  -0.032307  -0.079128  0.334425  2.000000  
42.608463 0.013772  0.095495  -0.002766  0.987450  0.095634  0.125682  -0.129828  0.038421  0.990792  0.089925  -0.994675  0.050354  0.001430  -0.001413  -0.005255  -0.029043  -0.072864  0.336812  2.000000  
42.609717 0.013772  0.095492  -0.002773  0.987414  0.096045  0.125650  -0.129823  0.038489  0.990790  0.090325  -0.994633  0.050473  0.001137  -0.001557  -0.005295  -0.033675  -0.065957  0.336480  2.000000  
42.610963 0.013772  0.095490  -0.002779  0.987378  0.096441  0.125630  -0.129819  0.038437  0.990792  0.090724  -0.994596  0.050471  0.000889  -0.001658  -0.005211  -0.029572  -0.065711  0.340985  2.000000  
42.612209 0.013771  0.095488  -0.002784  0.987342  0.096837  0.125610  -0.129814  0.038385  0.990795  0.091124  -0.994560  0.050470  0.000647  -0.001697  -0.005077  -0.030138  -0.058831  0.340682  2.000000  
42.613458 0.013771  0.095487  -0.002788  0.987333  0.097225  0.125386  -0.129606  0.038353  0.990824  0.091524  -0.994523  0.050468  0.000452  -0.001707  -0.004862  -0.027227  -0.045034  0.339975  2.000000  
42.614459 0.013771  0.095486  -0.002791  0.987296  0.097621  0.125366  -0.129601  0.038301  0.990826  0.091924  -0.994486  0.050466  0.000277  -0.001695  -0.004621  -0.023728  -0.038129  0.339647  2.000000  
42.615708 0.013770  0.095484  -0.002796  0.987259  0.098032  0.125334  -0.129596  0.038369  0.990824  0.092323  -0.994443  0.050585  0.000121  -0.001693  -0.004531  -0.027781  -0.038105  0.339637  2.000000  
42.616736 0.013770  0.095483  -0.002800  0.987235  0.098295  0.125320  -0.129593  0.038334  0.990826  0.092590  -0.994419  0.050583  0.000001  -0.001673  -0.004466  -0.024275  -0.031171  0.338996  2.000000  
42.617968 0.013769  0.095480  -0.002805  0.987198  0.098691  0.125300  -0.129588  0.038282  0.990829  0.092989  -0.994381  0.050581  -0.000167  -0.001696  -0.004420  -0.024880  -0.024307  0.338869  2.000000  
42.619206 0.013768  0.095478  -0.002812  0.987161  0.099087  0.125280  -0.129583  0.038230  0.990831  0.093389  -0.994344  0.050580  -0.000284  -0.001759  -0.004471  -0.020624  -0.023867  0.340622  2.000000  
42.620209 0.013767  0.095476  -0.002816  0.987136  0.099351  0.125267  -0.129580  0.038196  0.990833  0.093655  -0.994319  0.050578  -0.000346  -0.001742  -0.004500  -0.021397  -0.017408  0.338637  2.000000  
42.621455 0.013766  0.095474  -0.002822  0.987099  0.099762  0.125234  -0.129575  0.038264  0.990831  0.094055  -0.994275  0.050697  -0.000428  -0.001701  -0.004458  -0.021999  -0.010710  0.333827  2.000000  
42.622716 0.013765  0.095472  -0.002827  0.987061  0.100157  0.125214  -0.129570  0.038212  0.990834  0.094455  -0.994238  0.050695  -0.000494  -0.001655  -0.004322  -0.022603  -0.003823  0.333405  2.000000  
42.623970 0.013764  0.095471  -0.002831  0.987038  0.100677  0.124983  -0.129360  0.038164  0.990863  0.094987  -0.994187  0.050692  -0.000509  -0.001523  -0.004156  -0.023028  0.003261  0.334817  2.000000  
42.625210 0.013764  0.095471  -0.002834  0.987000  0.101073  0.124963  -0.129355  0.038112  0.990866  0.095387  -0.994149  0.050691  -0.000511  -0.001378  -0.003885  -0.019758  0.009963  0.332695  2.000000  
42.626232 0.013764  0.095470  -0.002836  0.986962  0.101468  0.124943  -0.129350  0.038060  0.990868  0.095787  -0.994110  0.050689  -0.000501  -0.001274  -0.003736  -0.019742  0.010184  0.336960  2.000000  
42.627459 0.013764  0.095470  -0.002839  0.986924  0.101864  0.124923  -0.129345  0.038008  0.990871  0.096186  -0.994072  0.050687  -0.000499  -0.001236  -0.003648  -0.020387  0.017075  0.336888  2.000000  
42.628459 0.013764  0.095469  -0.002841  0.986871  0.102136  0.125113  -0.129545  0.037952  0.990847  0.096452  -0.994046  0.050685  -0.000456  -0.001192  -0.003519  -0.015675  0.009984  0.332722  2.000000  
42.629711 0.013764  0.095468  -0.002845  0.986820  0.102678  0.125074  -0.129538  0.038003  0.990846  0.096985  -0.993988  0.050803  -0.000439  -0.001156  -0.003458  -0.020383  0.017113  0.336821  2.000000  
42.630962 0.013764  0.095467  -0.002848  0.986781  0.103074  0.125054  -0.129533  0.037951  0.990849  0.097385  -0.993949  0.050801  -0.000402  -0.001107  -0.003379  -0.020382  0.017112  0.336807  2.000000  
42.632208 0.013764  0.095466  -0.002851  0.986742  0.103469  0.125033  -0.129528  0.037899  0.990851  0.097784  -0.993910  0.050799  -0.000347  -0.001074  -0.003303  -0.021025  0.023994  0.336479  2.000000  
42.633458 0.013765  0.095465  -0.002854  0.986703  0.103865  0.125013  -0.129523  0.037848  0.990854  0.098184  -0.993871  0.050797  -0.000266  -0.000934  -0.003090  -0.016813  0.023817  0.333723  2.000000  
42.634704 0.013765  0.095464  -0.002857  0.986651  0.104408  0.124974  -0.129516  0.037899  0.990853  0.098716  -0.993812  0.050915  -0.000207  -0.000856  -0.002904  -0.020862  0.024067  0.338221  2.000000  
42.635709 0.013765  0.095463  -0.002859  0.986625  0.104671  0.124960  -0.129513  0.037864  0.990855  0.098982  -0.993786  0.050914  -0.000084  -0.000804  -0.002707  -0.021100  0.024110  0.337542  2.000000  
42.636961 0.013766  0.095463  -0.002861  0.986586  0.105067  0.124940  -0.129508  0.037812  0.990857  0.099382  -0.993746  0.050912  -0.000009  -0.000692  -0.002463  -0.021038  0.023805  0.331999  2.000000  
42.638204 0.013766  0.095462  -0.002863  0.986533  0.105594  0.124913  -0.129501  0.037743  0.990861  0.099914  -0.993693  0.050909  0.000104  -0.000614  -0.002279  -0.020871  0.024068  0.338244  2.000000  
42.639207 0.013767  0.095462  -0.002864  0.986506  0.105858  0.124899  -0.129497  0.037708  0.990863  0.100181  -0.993666  0.050908  0.000204  -0.000580  -0.002188  -0.016829  0.023860  0.333767  2.000000  
42.640458 0.013768  0.095462  -0.002867  0.986466  0.106253  0.124879  -0.129492  0.037656  0.990865  0.100580  -0.993626  0.050906  0.000278  -0.000602  -0.002177  -0.016831  0.023859  0.333758  2.000000  
42.641712 0.013770  0.095461  -0.002871  0.986426  0.106649  0.124859  -0.129487  0.037604  0.990868  0.100979  -0.993585  0.050903  0.000378  -0.000608  -0.002180  -0.016973  0.024056  0.336516  2.000000  
42.642961 0.013771  0.095460  -0.002874  0.986399  0.106912  0.124845  -0.129483  0.037570  0.990870  0.101246  -0.993558  0.050902  0.000447  -0.000612  -0.002216  -0.016836  0.023631  0.329308  2.000000  
42.643975 0.013772  0.095459  -0.002876  0.986359  0.107323  0.124812  -0.129478  0.037638  0.990868  0.101645  -0.993512  0.051021  0.000525  -0.000643  -0.002239  -0.020376  0.016960  0.332217  2.000000  
42.645208 0.013773  0.095458  -0.002879  0.986318  0.107718  0.124792  -0.129473  0.037586  0.990870  0.102044  -0.993471  0.051018  0.000625  -0.000633  -0.002207  -0.016308  0.016987  0.332360  2.000000  
42.646209 0.013774  0.095457  -0.002881  0.986291  0.107982  0.124778  -0.129469  0.037552  0.990872  0.102310  -0.993443  0.051017  0.000693  -0.000604  -0.002149  -0.016308  0.016758  0.327879  2.000000  
42.647458 0.013776  0.095457  -0.002883  0.986250  0.108377  0.124758  -0.129464  0.037500  0.990875  0.102710  -0.993402  0.051015  0.000770  -0.000618  -0.002033  -0.016310  0.016989  0.332400  2.000000  
42.648459 0.013778  0.095457  -0.002884  0.986223  0.108641  0.124744  -0.129460  0.037465  0.990877  0.102976  -0.993375  0.051013  0.000927  -0.000552  -0.001952  -0.016174  0.016847  0.329627  2.000000  
42.649707 0.013780  0.095456  -0.002885  0.986182  0.109036  0.124724  -0.129455  0.037413  0.990879  0.103375  -0.993333  0.051011  0.001009  -0.000544  -0.001884  -0.016308  0.016987  0.332352  2.000000  
42.650707 0.013781  0.095456  -0.002887  0.986155  0.109300  0.124711  -0.129451  0.037379  0.990881  0.103641  -0.993306  0.051010  0.001050  -0.000514  -0.001899  -0.016174  0.016848  0.329637  2.000000  
42.651956 0.013783  0.095455  -0.002889  0.986127  0.109578  0.124684  -0.129447  0.037464  0.990878  0.103907  -0.993272  0.051129  0.001148  -0.000488  -0.001913  -0.016176  0.016662  0.325221  2.000000  
42.652962 0.013784  0.095456  -0.002892  0.986099  0.109842  0.124670  -0.129444  0.037430  0.990880  0.104174  -0.993244  0.051128  0.001212  -0.000470  -0.001956  -0.016197  0.016454  0.321168  2.000000  
42.653970 0.013785  0.095455  -0.002894  0.986072  0.110105  0.124657  -0.129440  0.037395  0.990882  0.104440  -0.993216  0.051126  0.001238  -0.000477  -0.002038  -0.015611  0.009227  0.314606  2.000000  
42.655209 0.013787  0.095455  -0.002897  0.986044  0.110369  0.124643  -0.129437  0.037360  0.990884  0.104706  -0.993188  0.051125  0.001261  -0.000422  -0.002018  -0.015487  0.009155  0.312148  2.000000  
42.656456 0.013789  0.095455  -0.002900  0.986016  0.110632  0.124629  -0.129433  0.037326  0.990885  0.104972  -0.993160  0.051123  0.001293  -0.000391  -0.001995  -0.015484  0.008699  0.303239  2.000000  
42.657711 0.013790  0.095455  -0.002903  0.985988  0.110896  0.124616  -0.129429  0.037291  0.990887  0.105238  -0.993132  0.051122  0.001344  -0.000303  -0.001960  -0.016307  0.015416  0.300910  2.000000  
42.658713 0.013792  0.095456  -0.002904  0.985960  0.111159  0.124602  -0.129426  0.037257  0.990889  0.105504  -0.993104  0.051120  0.001363  -0.000185  -0.001904  -0.016306  0.015185  0.296390  2.000000  
42.659961 0.013794  0.095457  -0.002906  0.985946  0.111306  0.124582  -0.129424  0.037359  0.990885  0.105637  -0.993084  0.051240  0.001400  -0.000094  -0.001835  -0.016173  0.014868  0.289516  2.000000  
42.660963 0.013796  0.095458  -0.002908  0.985892  0.111577  0.124772  -0.129623  0.037302  0.990861  0.105903  -0.993055  0.051239  0.001465  0.000019  -0.001842  -0.015602  0.007885  0.287747  2.000000  
42.662208 0.013798  0.095458  -0.002911  0.985878  0.111709  0.124766  -0.129621  0.037285  0.990862  0.106036  -0.993041  0.051238  0.001470  0.000118  -0.001894  -0.015474  0.007364  0.276506  2.000000  
42.663210 0.013800  0.095459  -0.002912  0.985864  0.111841  0.124759  -0.129619  0.037267  0.990863  0.106169  -0.993027  0.051237  0.001475  0.000173  -0.001950  -0.015601  0.006964  0.269827  2.000000  
42.664211 0.013802  0.095460  -0.002914  0.985849  0.111972  0.124752  -0.129617  0.037250  0.990864  0.106303  -0.993013  0.051236  0.001524  0.000221  -0.002009  -0.011521  0.006518  0.260816  2.000000  
42.665457 0.013804  0.095460  -0.002917  0.985809  0.112112  0.124949  -0.129819  0.037210  0.990839  0.106436  -0.992999  0.051236  0.001557  0.000267  -0.002048  -0.010811  -0.000817  0.252250  2.000000  
42.666459 0.013806  0.095461  -0.002920  0.985794  0.112244  0.124942  -0.129817  0.037192  0.990840  0.106569  -0.992984  0.051235  0.001575  0.000380  -0.002082  -0.010805  -0.001278  0.243223  2.000000  
42.667704 0.013808  0.095462  -0.002921  0.985766  0.112507  0.124929  -0.129813  0.037158  0.990842  0.106835  -0.992956  0.051233  0.001610  0.000435  -0.002003  -0.010714  -0.001267  0.241240  2.000000  
42.668707 0.013811  0.095463  -0.002923  0.985766  0.112507  0.124929  -0.129813  0.037158  0.990842  0.106835  -0.992956  0.051233  0.001700  0.000525  -0.001933  -0.010824  -0.001975  0.230281  2.000000  
42.669962 0.013813  0.095464  -0.002924  0.985725  0.112662  0.125112  -0.130014  0.037237  0.990813  0.106968  -0.992935  0.051353  0.001762  0.000604  -0.001847  -0.014038  -0.009215  0.219310  2.000000  
42.671206 0.013815  0.095465  -0.002926  0.985711  0.112793  0.125106  -0.130012  0.037220  0.990814  0.107101  -0.992921  0.051352  0.001794  0.000655  -0.001771  -0.014149  -0.009753  0.212146  2.000000  
42.672210 0.013818  0.095466  -0.002927  0.985670  0.112933  0.125303  -0.130213  0.037179  0.990789  0.107234  -0.992907  0.051352  0.001857  0.000736  -0.001683  -0.013315  -0.016720  0.206317  2.000000  
42.673454 0.013820  0.095467  -0.002929  0.985670  0.112933  0.125303  -0.130213  0.037179  0.990789  0.107234  -0.992907  0.051352  0.001882  0.000725  -0.001657  -0.009266  -0.017396  0.192959  2.000000  
42.674457 0.013822  0.095469  -0.002931  0.985629  0.113072  0.125500  -0.130414  0.037138  0.990764  0.107367  -0.992892  0.051351  0.001946  0.000806  -0.001657  -0.008542  -0.024439  0.188837  2.000000  
42.675464 0.013825  0.095470  -0.002932  0.985629  0.113072  0.125500  -0.130414  0.037138  0.990764  0.107367  -0.992892  0.051351  0.001981  0.000860  -0.001590  -0.008605  -0.025333  0.176909  2.000000  
42.676710 0.013827  0.095471  -0.002934  0.985602  0.113080  0.125704  -0.130617  0.037115  0.990738  0.107367  -0.992892  0.051351  0.002025  0.000886  -0.001603  0.000000  0.000000  0.000000  2.000000  
42.677966 0.013829  0.095473  -0.002936  0.985602  0.113080  0.125704  -0.130617  0.037115  0.990738  0.107367  -0.992892  0.051351  0.002015  0.000912  -0.001614  0.000000  0.000000  0.000000  2.000000  
42.679207 0.013832  0.095475  -0.002938  0.985561  0.113219  0.125901  -0.130818  0.037074  0.990713  0.107500  -0.992878  0.051350  0.002024  0.001010  -0.001565  0.000000  0.000000  0.000000  2.000000  
42.680208 0.013834  0.095476  -0.002939  0.985534  0.113227  0.126105  -0.131021  0.037051  0.990687  0.107500  -0.992878  0.051350  0.002046  0.001072  -0.001460  0.000000  0.000000  0.000000  2.000000  
42.681209 0.013837  0.095478  -0.002939  0.985534  0.113227  0.126105  -0.131021  0.037051  0.990687  0.107500  -0.992878  0.051350  0.002080  0.001142  -0.001342  0.000000  0.000000  0.000000  2.000000  
42.682210 0.013839  0.095479  -0.002940  0.985507  0.113234  0.126309  -0.131224  0.037028  0.990661  0.107500  -0.992878  0.051350  0.002076  0.001154  -0.001297  0.000000  0.000000  0.000000  2.000000  
42.683230 0.013841  0.095481  -0.002940  0.985480  0.113257  0.126499  -0.131427  0.037125  0.990630  0.107500  -0.992872  0.051471  0.002086  0.001242  -0.001198  0.000000  0.000000  0.000000  2.000000  
42.684456 0.013844  0.095483  -0.002941  0.985453  0.113265  0.126703  -0.131630  0.037101  0.990604  0.107500  -0.992872  0.051471  0.002151  0.001305  -0.001153  0.000000  0.000000  0.000000  2.000000  
42.685709 0.013847  0.095485  -0.002942  0.985453  0.113265  0.126703  -0.131630  0.037101  0.990604  0.107500  -0.992872  0.051471  0.002145  0.001314  -0.001111  0.000000  0.000000  0.000000  2.000000  
42.686709 0.013849  0.095486  -0.002943  0.985440  0.113141  0.126914  -0.131835  0.037096  0.990577  0.107367  -0.992886  0.051471  0.002153  0.001345  -0.001058  0.000000  0.000000  0.000000  2.000000  
42.687711 0.013851  0.095487  -0.002943  0.985413  0.113148  0.127118  -0.132037  0.037072  0.990551  0.107367  -0.992886  0.051471  0.002192  0.001379  -0.001030  0.000000  0.000000  0.000000  2.000000  
42.688978 0.013854  0.095489  -0.002944  0.985386  0.113156  0.127322  -0.132240  0.037049  0.990525  0.107367  -0.992886  0.051471  0.002194  0.001387  -0.000927  0.000000  0.000000  0.000000  2.000000  
42.690207 0.013857  0.095490  -0.002945  0.985358  0.113164  0.127526  -0.132443  0.037026  0.990499  0.107367  -0.992886  0.051471  0.002205  0.001392  -0.000926  0.000000  0.000000  0.000000  2.000000  
42.691207 0.013859  0.095492  -0.002946  0.985331  0.113171  0.127730  -0.132646  0.037002  0.990473  0.107367  -0.992886  0.051471  0.002187  0.001375  -0.000843  0.000000  0.000000  0.000000  2.000000  
42.692209 0.013862  0.095493  -0.002947  0.985304  0.113179  0.127933  -0.132849  0.036979  0.990446  0.107367  -0.992886  0.051471  0.002250  0.001407  -0.000787  0.000000  0.000000  0.000000  2.000000  
42.693456 0.013865  0.095495  -0.002947  0.985276  0.113187  0.128137  -0.133052  0.036956  0.990420  0.107367  -0.992886  0.051471  0.002253  0.001447  -0.000692  0.000000  0.000000  0.000000  2.000000  
42.694457 0.013867  0.095497  -0.002947  0.985276  0.113187  0.128137  -0.133052  0.036956  0.990420  0.107367  -0.992886  0.051471  0.002279  0.001456  -0.000621  0.000000  0.000000  0.000000  2.000000  
42.695705 0.013870  0.095499  -0.002949  0.985222  0.113202  0.128545  -0.133457  0.036909  0.990367  0.107367  -0.992886  0.051471  0.002296  0.001432  -0.000612  0.000000  0.000000  0.000000  2.000000  
42.696707 0.013872  0.095500  -0.002949  0.985236  0.113070  0.128552  -0.133459  0.036927  0.990366  0.107234  -0.992901  0.051472  0.002340  0.001457  -0.000624  0.000000  0.000000  0.000000  2.000000  
42.697967 0.013875  0.095502  -0.002950  0.985208  0.113078  0.128756  -0.133662  0.036904  0.990340  0.107234  -0.992901  0.051472  0.002329  0.001395  -0.000670  0.000000  0.000000  0.000000  2.000000  
42.699207 0.013878  0.095503  -0.002952  0.985181  0.113085  0.128960  -0.133865  0.036881  0.990313  0.107234  -0.992901  0.051472  0.002272  0.001336  -0.000717  0.000000  0.000000  0.000000  2.000000  
42.700455 0.013880  0.095504  -0.002953  0.985153  0.113093  0.129164  -0.134068  0.036857  0.990287  0.107234  -0.992901  0.051472  0.002266  0.001333  -0.000716  0.000000  0.000000  0.000000  2.000000  
42.701457 0.013882  0.095505  -0.002953  0.985126  0.113100  0.129367  -0.134271  0.036834  0.990260  0.107234  -0.992901  0.051472  0.002276  0.001306  -0.000705  0.000000  0.000000  0.000000  2.000000  
42.702460 0.013885  0.095507  -0.002954  0.985084  0.113240  0.129564  -0.134471  0.036793  0.990234  0.107367  -0.992886  0.051471  0.002275  0.001306  -0.000704  0.000000  0.000000  0.000000  2.000000  
42.703706 0.013887  0.095508  -0.002954  0.985056  0.113247  0.129768  -0.134674  0.036769  0.990207  0.107367  -0.992886  0.051471  0.002237  0.001284  -0.000693  0.000000  0.000000  0.000000  2.000000  
42.704712 0.013889  0.095509  -0.002955  0.985056  0.113247  0.129768  -0.134674  0.036769  0.990207  0.107367  -0.992886  0.051471  0.002240  0.001266  -0.000648  0.000000  0.000000  0.000000  2.000000  
42.705712 0.013891  0.095510  -0.002955  0.985028  0.113255  0.129972  -0.134877  0.036746  0.990181  0.107367  -0.992886  0.051471  0.002226  0.001257  -0.000644  0.000000  0.000000  0.000000  2.000000  
42.706959 0.013894  0.095511  -0.002956  0.985000  0.113247  0.130190  -0.135080  0.036603  0.990158  0.107367  -0.992892  0.051351  0.002189  0.001237  -0.000634  0.000000  0.000000  0.000000  2.000000  
42.708209 0.013897  0.095512  -0.002957  0.984973  0.113254  0.130394  -0.135283  0.036579  0.990132  0.107367  -0.992892  0.051351  0.002184  0.001143  -0.000667  0.000000  0.000000  0.000000  2.000000  
42.709212 0.013898  0.095513  -0.002958  0.984973  0.113254  0.130394  -0.135283  0.036579  0.990132  0.107367  -0.992892  0.051351  0.002122  0.001081  -0.000714  0.000000  0.000000  0.000000  2.000000  
42.710463 0.013900  0.095514  -0.002959  0.984945  0.113262  0.130597  -0.135485  0.036556  0.990105  0.107367  -0.992892  0.051351  0.002076  0.001055  -0.000701  0.000000  0.000000  0.000000  2.000000  
42.711711 0.013902  0.095515  -0.002961  0.984917  0.113269  0.130801  -0.135688  0.036533  0.990078  0.107367  -0.992892  0.051351  0.001985  0.000963  -0.000771  0.000000  0.000000  0.000000  2.000000  
42.712961 0.013905  0.095515  -0.002962  0.984889  0.113277  0.131005  -0.135891  0.036509  0.990051  0.107367  -0.992892  0.051351  0.001976  0.000917  -0.000783  0.000000  0.000000  0.000000  2.000000  
42.713973 0.013906  0.095516  -0.002963  0.984889  0.113277  0.131005  -0.135891  0.036509  0.990051  0.107367  -0.992892  0.051351  0.001917  0.000878  -0.000769  0.000000  0.000000  0.000000  2.000000  
42.715209 0.013908  0.095516  -0.002964  0.984861  0.113284  0.131209  -0.136094  0.036486  0.990024  0.107367  -0.992892  0.051351  0.001867  0.000791  -0.000805  0.000000  0.000000  0.000000  2.000000  
42.716209 0.013909  0.095517  -0.002966  0.984833  0.113292  0.131413  -0.136296  0.036463  0.989997  0.107367  -0.992892  0.051351  0.001820  0.000743  -0.000850  0.000000  0.000000  0.000000  2.000000  
42.717252 0.013911  0.095517  -0.002967  0.984833  0.113292  0.131413  -0.136296  0.036463  0.989997  0.107367  -0.992892  0.051351  0.001770  0.000697  -0.000873  0.000000  0.000000  0.000000  2.000000  
42.718457 0.013912  0.095517  -0.002968  0.984805  0.113283  0.131630  -0.136499  0.036319  0.989974  0.107367  -0.992899  0.051231  0.001723  0.000611  -0.000910  0.000000  0.000000  0.000000  2.000000  
42.719712 0.013914  0.095517  -0.002969  0.984777  0.113291  0.131834  -0.136702  0.036296  0.989947  0.107367  -0.992899  0.051231  0.001678  0.000566  -0.000953  0.000000  0.000000  0.000000  2.000000  
42.720712 0.013915  0.095517  -0.002970  0.984777  0.113291  0.131834  -0.136702  0.036296  0.989947  0.107367  -0.992899  0.051231  0.001603  0.000488  -0.001005  0.000000  0.000000  0.000000  2.000000  
42.721968 0.013917  0.095518  -0.002971  0.984748  0.113298  0.132038  -0.136905  0.036273  0.989920  0.107367  -0.992899  0.051231  0.001532  0.000403  -0.001001  0.000000  0.000000  0.000000  2.000000  
42.722969 0.013918  0.095518  -0.002972  0.984748  0.113298  0.132038  -0.136905  0.036273  0.989920  0.107367  -0.992899  0.051231  0.001447  0.000373  -0.001024  0.000000  0.000000  0.000000  2.000000  
42.723970 0.013919  0.095517  -0.002973  0.984706  0.113437  0.132235  -0.137105  0.036231  0.989894  0.107500  -0.992884  0.051230  0.001381  0.000289  -0.001023  0.000000  0.000000  0.000000  2.000000  
42.725215 0.013920  0.095518  -0.002974  0.984678  0.113445  0.132439  -0.137308  0.036208  0.989866  0.107500  -0.992884  0.051230  0.001306  0.000232  -0.001034  0.000000  0.000000  0.000000  2.000000  
42.726460 0.013921  0.095518  -0.002975  0.984678  0.113445  0.132439  -0.137308  0.036208  0.989866  0.107500  -0.992884  0.051230  0.001233  0.000215  -0.000950  0.000000  0.000000  0.000000  2.000000  
42.727710 0.013922  0.095518  -0.002976  0.984649  0.113452  0.132642  -0.137511  0.036184  0.989839  0.107500  -0.992884  0.051230  0.001178  0.000160  -0.000910  0.000000  0.000000  0.000000  2.000000  
42.728961 0.013922  0.095518  -0.002977  0.984621  0.113460  0.132846  -0.137713  0.036161  0.989812  0.107500  -0.992884  0.051230  0.001081  0.000134  -0.000897  0.000000  0.000000  0.000000  2.000000  
42.729970 0.013923  0.095518  -0.002977  0.984621  0.113443  0.132860  -0.137713  0.036041  0.989816  0.107500  -0.992891  0.051109  0.001015  0.000145  -0.000838  0.000000  0.000000  0.000000  2.000000  
42.731209 0.013923  0.095518  -0.002978  0.984607  0.113319  0.133071  -0.137918  0.036036  0.989788  0.107367  -0.992905  0.051110  0.000910  0.000091  -0.000800  0.000000  0.000000  0.000000  2.000000  
42.732459 0.013923  0.095518  -0.002979  0.984579  0.113327  0.133274  -0.138121  0.036013  0.989760  0.107367  -0.992905  0.051110  0.000802  0.000098  -0.000775  0.000000  0.000000  0.000000  2.000000  
42.733708 0.013923  0.095518  -0.002979  0.984536  0.113466  0.133471  -0.138322  0.035971  0.989734  0.107500  -0.992891  0.051109  0.000688  0.000076  -0.000726  0.000000  0.000000  0.000000  2.000000  
42.734961 0.013924  0.095518  -0.002980  0.984507  0.113473  0.133675  -0.138524  0.035948  0.989706  0.107500  -0.992891  0.051109  0.000588  0.000050  -0.000712  0.000000  0.000000  0.000000  2.000000  
42.735963 0.013923  0.095519  -0.002980  0.984507  0.113473  0.133675  -0.138524  0.035948  0.989706  0.107500  -0.992891  0.051109  0.000495  0.000086  -0.000651  0.000000  0.000000  0.000000  2.000000  
42.737206 0.013924  0.095519  -0.002979  0.984479  0.113481  0.133879  -0.138727  0.035924  0.989679  0.107500  -0.992891  0.051109  0.000439  0.000104  -0.000507  0.000000  0.000000  0.000000  2.000000  
