1-Time 2-Px 3-Py 4-Pz 5-R11 6-R21 7-R31 8-R12 9-R22 10-R32 11-R13 12-R23 13-R33 14-Vx 15-Vy 16-Vz 17-Wx 18-Wy 19-Wz 20-state 21-PR11 22-PR21 23-PR31 24-PR12 25-PR22 26-PR32 27-PR13 28-PR23 29-PR33 
38.464650 0.009874  0.094080  0.015369  0.997143  0.041428  0.063158  -0.041902  0.999102  0.006208  -0.062844  -0.008837  0.997984  -0.004490  -0.005039  -0.004776  -0.053353  0.412089  -0.285840  2.000000  
38.465654 0.009870  0.094075  0.015365  0.997177  0.041226  0.062756  -0.041698  0.999111  0.006238  -0.062443  -0.008837  0.998009  -0.004453  -0.005003  -0.004675  -0.053955  0.407466  -0.278952  2.000000  
38.466660 0.009867  0.094069  0.015360  0.997202  0.041030  0.062483  -0.041494  0.999120  0.006141  -0.062176  -0.008716  0.998027  -0.004323  -0.004984  -0.004655  -0.054530  0.398304  -0.272149  2.000000  
38.467907 0.009864  0.094061  0.015355  0.997244  0.040622  0.062080  -0.041084  0.999137  0.006183  -0.061776  -0.008717  0.998052  -0.004148  -0.005066  -0.004519  -0.050593  0.393864  -0.272275  2.000000  
38.469155 0.009861  0.094054  0.015350  0.997269  0.040419  0.061812  -0.040879  0.999145  0.006207  -0.061509  -0.008717  0.998068  -0.003948  -0.005103  -0.004462  -0.047113  0.380318  -0.265554  2.000000  
38.470157 0.009860  0.094048  0.015345  0.997294  0.040215  0.061544  -0.040675  0.999153  0.006230  -0.061241  -0.008717  0.998085  -0.003738  -0.005146  -0.004440  -0.047677  0.371214  -0.258715  2.000000  
38.471164 0.009859  0.094041  0.015341  0.997319  0.040019  0.061271  -0.040470  0.999162  0.006133  -0.060974  -0.008596  0.998102  -0.003502  -0.005242  -0.004383  -0.047752  0.366588  -0.258739  2.000000  
38.472406 0.009859  0.094035  0.015336  0.997351  0.039817  0.060870  -0.040266  0.999170  0.006162  -0.060574  -0.008596  0.998127  -0.003127  -0.005247  -0.004323  -0.044268  0.362107  -0.251977  2.000000  
38.473658 0.009859  0.094028  0.015330  0.997384  0.039615  0.060468  -0.040061  0.999178  0.006190  -0.060173  -0.008596  0.998151  -0.002740  -0.005319  -0.004329  -0.040761  0.357502  -0.245127  2.000000  
38.474905 0.009860  0.094021  0.015325  0.997408  0.039419  0.060195  -0.039857  0.999187  0.006092  -0.059906  -0.008475  0.998168  -0.002269  -0.005363  -0.004304  -0.041335  0.343988  -0.238447  2.000000  
38.476153 0.009862  0.094014  0.015319  0.997432  0.039215  0.059927  -0.039652  0.999195  0.006115  -0.059639  -0.008476  0.998184  -0.001774  -0.005435  -0.004292  -0.037803  0.334921  -0.231657  2.000000  
38.477405 0.009865  0.094008  0.015313  0.997456  0.039019  0.059654  -0.039447  0.999204  0.006017  -0.059372  -0.008355  0.998201  -0.001221  -0.005464  -0.004330  -0.037575  0.327725  -0.229870  2.000000  
38.478656 0.009868  0.094002  0.015308  0.997472  0.038814  0.059519  -0.039242  0.999212  0.006034  -0.059238  -0.008355  0.998209  -0.000656  -0.005455  -0.004315  -0.034764  0.316731  -0.218058  2.000000  
38.479906 0.009871  0.093995  0.015302  0.997496  0.038618  0.059246  -0.039037  0.999220  0.005936  -0.058971  -0.008234  0.998226  -0.000073  -0.005544  -0.004356  -0.038634  0.305395  -0.216511  2.000000  
38.481155 0.009875  0.093988  0.015296  0.997512  0.038414  0.059112  -0.038832  0.999228  0.005953  -0.058837  -0.008234  0.998234  0.000436  -0.005576  -0.004386  -0.035367  0.294191  -0.211424  2.000000  
38.482405 0.009880  0.093981  0.015291  0.997536  0.038217  0.058839  -0.038628  0.999237  0.005854  -0.058570  -0.008113  0.998250  0.001026  -0.005578  -0.004428  -0.035890  0.285136  -0.204657  2.000000  
38.483406 0.009884  0.093975  0.015286  0.997543  0.038218  0.058705  -0.038628  0.999236  0.005860  -0.058437  -0.008113  0.998258  0.001464  -0.005520  -0.004461  -0.036372  0.276030  -0.197798  2.000000  
38.484408 0.009889  0.093970  0.015282  0.997551  0.038219  0.058572  -0.038628  0.999236  0.005865  -0.058303  -0.008113  0.998266  0.001914  -0.005512  -0.004465  -0.032764  0.271436  -0.190935  2.000000  
38.485655 0.009896  0.093963  0.015276  0.997567  0.038015  0.058437  -0.038423  0.999244  0.005882  -0.058170  -0.008113  0.998274  0.002536  -0.005452  -0.004493  -0.033263  0.257937  -0.184188  2.000000  
38.486904 0.009904  0.093957  0.015270  0.997575  0.038016  0.058304  -0.038424  0.999244  0.005887  -0.058036  -0.008113  0.998282  0.003089  -0.005393  -0.004508  -0.029663  0.248867  -0.177376  2.000000  
38.488158 0.009912  0.093949  0.015264  0.997583  0.038024  0.058166  -0.038424  0.999245  0.005771  -0.057902  -0.007992  0.998290  0.003640  -0.005420  -0.004545  -0.030556  0.239694  -0.163648  2.000000  
38.489407 0.009921  0.093942  0.015258  0.997590  0.038025  0.058032  -0.038424  0.999245  0.005776  -0.057769  -0.007992  0.998298  0.004133  -0.005425  -0.004609  -0.031036  0.226158  -0.156871  2.000000  
38.490408 0.009928  0.093936  0.015252  0.997606  0.037820  0.057898  -0.038219  0.999253  0.005793  -0.057635  -0.007992  0.998306  0.004547  -0.005484  -0.004688  -0.027412  0.221583  -0.150012  2.000000  
38.491425 0.009936  0.093930  0.015246  0.997614  0.037821  0.057764  -0.038219  0.999253  0.005798  -0.057502  -0.007992  0.998313  0.004943  -0.005487  -0.004793  -0.027856  0.212410  -0.143105  2.000000  
38.492656 0.009945  0.093924  0.015239  0.997614  0.037828  0.057760  -0.038219  0.999253  0.005677  -0.057502  -0.007871  0.998314  0.005399  -0.005568  -0.004940  -0.028321  0.198985  -0.136434  2.000000  
38.493901 0.009956  0.093917  0.015231  0.997621  0.037830  0.057626  -0.038220  0.999253  0.005682  -0.057368  -0.007871  0.998322  0.005849  -0.005590  -0.005035  -0.029201  0.189940  -0.122742  2.000000  
38.494903 0.009964  0.093911  0.015225  0.997621  0.037830  0.057626  -0.038220  0.999253  0.005682  -0.057368  -0.007871  0.998322  0.006190  -0.005598  -0.005152  -0.025344  0.179381  -0.114962  2.000000  
38.496156 0.009975  0.093904  0.015217  0.997621  0.037830  0.057626  -0.038220  0.999253  0.005682  -0.057368  -0.007871  0.998322  0.006679  -0.005607  -0.005296  0.000000  0.000000  0.000000  2.000000  
38.497449 0.009986  0.093897  0.015209  0.997629  0.037838  0.057488  -0.038220  0.999254  0.005566  -0.057235  -0.007750  0.998331  0.007071  -0.005582  -0.005436  0.000000  0.000000  0.000000  2.000000  
38.498656 0.009997  0.093890  0.015202  0.997629  0.037838  0.057488  -0.038220  0.999254  0.005566  -0.057235  -0.007750  0.998331  0.007428  -0.005560  -0.005545  0.000000  0.000000  0.000000  2.000000  
38.499659 0.010006  0.093885  0.015196  0.997629  0.037838  0.057488  -0.038220  0.999254  0.005566  -0.057235  -0.007750  0.998331  0.007692  -0.005578  -0.005654  0.000000  0.000000  0.000000  2.000000  
38.500907 0.010018  0.093878  0.015189  0.997629  0.037838  0.057488  -0.038220  0.999254  0.005566  -0.057235  -0.007750  0.998331  0.008060  -0.005602  -0.005789  0.000000  0.000000  0.000000  2.000000  
38.501908 0.010027  0.093873  0.015182  0.997629  0.037838  0.057488  -0.038220  0.999254  0.005566  -0.057235  -0.007750  0.998331  0.008250  -0.005586  -0.005855  0.000000  0.000000  0.000000  2.000000  
38.503164 0.010039  0.093865  0.015174  0.997637  0.037846  0.057350  -0.038220  0.999254  0.005450  -0.057101  -0.007629  0.998339  0.008511  -0.005625  -0.006006  0.000000  0.000000  0.000000  2.000000  
38.504409 0.010051  0.093857  0.015167  0.997637  0.037846  0.057350  -0.038220  0.999254  0.005450  -0.057101  -0.007629  0.998339  0.008713  -0.005645  -0.006045  0.000000  0.000000  0.000000  2.000000  
38.505659 0.010064  0.093849  0.015159  0.997637  0.037846  0.057350  -0.038220  0.999254  0.005450  -0.057101  -0.007629  0.998339  0.008903  -0.005724  -0.006118  0.000000  0.000000  0.000000  2.000000  
38.506908 0.010076  0.093841  0.015150  0.997637  0.037846  0.057350  -0.038220  0.999254  0.005450  -0.057101  -0.007629  0.998339  0.009101  -0.005795  -0.006204  0.000000  0.000000  0.000000  2.000000  
38.508203 0.010089  0.093832  0.015142  0.997629  0.037845  0.057483  -0.038220  0.999255  0.005445  -0.057235  -0.007629  0.998332  0.009260  -0.005890  -0.006231  0.000000  0.000000  0.000000  2.000000  
38.509406 0.010102  0.093824  0.015132  0.997629  0.037851  0.057479  -0.038220  0.999255  0.005324  -0.057235  -0.007508  0.998333  0.009468  -0.006027  -0.006379  0.000000  0.000000  0.000000  2.000000  
38.510407 0.010111  0.093817  0.015125  0.997629  0.037851  0.057479  -0.038220  0.999255  0.005324  -0.057235  -0.007508  0.998333  0.009558  -0.006132  -0.006456  0.000000  0.000000  0.000000  2.000000  
38.511653 0.010124  0.093808  0.015116  0.997629  0.037851  0.057479  -0.038220  0.999255  0.005324  -0.057235  -0.007508  0.998333  0.009710  -0.006223  -0.006556  0.000000  0.000000  0.000000  2.000000  
38.512655 0.010135  0.093801  0.015108  0.997621  0.037850  0.057612  -0.038220  0.999255  0.005319  -0.057368  -0.007508  0.998325  0.009875  -0.006360  -0.006733  0.000000  0.000000  0.000000  2.000000  
38.513902 0.010148  0.093792  0.015098  0.997621  0.037850  0.057612  -0.038220  0.999255  0.005319  -0.057368  -0.007508  0.998325  0.009982  -0.006463  -0.006877  0.000000  0.000000  0.000000  2.000000  
38.514905 0.010159  0.093786  0.015090  0.997621  0.037850  0.057612  -0.038220  0.999255  0.005319  -0.057368  -0.007508  0.998325  0.010047  -0.006514  -0.006961  0.000000  0.000000  0.000000  2.000000  
38.515916 0.010170  0.093779  0.015083  0.997621  0.037850  0.057612  -0.038220  0.999255  0.005319  -0.057368  -0.007508  0.998325  0.010114  -0.006671  -0.007063  0.000000  0.000000  0.000000  2.000000  
38.516916 0.010180  0.093772  0.015075  0.997614  0.037849  0.057746  -0.038219  0.999255  0.005314  -0.057502  -0.007508  0.998317  0.010191  -0.006725  -0.007170  0.000000  0.000000  0.000000  2.000000  
38.518163 0.010194  0.093763  0.015065  0.997614  0.037849  0.057746  -0.038219  0.999255  0.005314  -0.057502  -0.007508  0.998317  0.010282  -0.006808  -0.007269  0.000000  0.000000  0.000000  2.000000  
38.519410 0.010207  0.093753  0.015056  0.997614  0.037849  0.057746  -0.038219  0.999255  0.005314  -0.057502  -0.007508  0.998317  0.010370  -0.006913  -0.007344  0.000000  0.000000  0.000000  2.000000  
38.520417 0.010217  0.093746  0.015049  0.997606  0.037848  0.057879  -0.038219  0.999255  0.005308  -0.057635  -0.007508  0.998309  0.010423  -0.006956  -0.007417  0.000000  0.000000  0.000000  2.000000  
38.521655 0.010231  0.093737  0.015041  0.997606  0.037848  0.057879  -0.038219  0.999255  0.005308  -0.057635  -0.007508  0.998309  0.010498  -0.007013  -0.007387  0.000000  0.000000  0.000000  2.000000  
38.522659 0.010242  0.093729  0.015033  0.997598  0.038054  0.057880  -0.038424  0.999247  0.005297  -0.057635  -0.007508  0.998309  0.010561  -0.007087  -0.007447  0.000000  0.000000  0.000000  2.000000  
38.523660 0.010253  0.093722  0.015026  0.997598  0.038054  0.057880  -0.038424  0.999247  0.005297  -0.057635  -0.007508  0.998309  0.010639  -0.007121  -0.007454  0.000000  0.000000  0.000000  2.000000  
38.524665 0.010264  0.093714  0.015019  0.997590  0.038053  0.058014  -0.038424  0.999248  0.005291  -0.057769  -0.007508  0.998302  0.010715  -0.007155  -0.007462  0.000000  0.000000  0.000000  2.000000  
38.525917 0.010278  0.093705  0.015010  0.997590  0.038046  0.058018  -0.038424  0.999247  0.005413  -0.057769  -0.007629  0.998301  0.010783  -0.007209  -0.007426  0.000000  0.000000  0.000000  2.000000  
38.527154 0.010293  0.093696  0.015000  0.997590  0.038046  0.058018  -0.038424  0.999247  0.005413  -0.057769  -0.007629  0.998301  0.010857  -0.007246  -0.007413  0.000000  0.000000  0.000000  2.000000  
38.528157 0.010304  0.093689  0.014993  0.997590  0.038046  0.058018  -0.038424  0.999247  0.005413  -0.057769  -0.007629  0.998301  0.010915  -0.007273  -0.007390  0.000000  0.000000  0.000000  2.000000  
38.529409 0.010318  0.093679  0.014984  0.997583  0.038045  0.058152  -0.038424  0.999247  0.005407  -0.057902  -0.007629  0.998293  0.010982  -0.007304  -0.007380  0.000000  0.000000  0.000000  2.000000  
38.530445 0.010330  0.093672  0.014977  0.997575  0.038251  0.058153  -0.038629  0.999239  0.005395  -0.057902  -0.007629  0.998293  0.010998  -0.007330  -0.007283  0.000000  0.000000  0.000000  2.000000  
38.531656 0.010343  0.093662  0.014967  0.997575  0.038251  0.058153  -0.038629  0.999239  0.005395  -0.057902  -0.007629  0.998293  0.011064  -0.007412  -0.007319  0.000000  0.000000  0.000000  2.000000  
38.532663 0.010355  0.093655  0.014959  0.997575  0.038244  0.058158  -0.038629  0.999238  0.005517  -0.057902  -0.007750  0.998292  0.011125  -0.007415  -0.007335  0.000000  0.000000  0.000000  2.000000  
38.533911 0.010369  0.093646  0.014950  0.997567  0.038243  0.058291  -0.038629  0.999238  0.005512  -0.058036  -0.007750  0.998284  0.011163  -0.007413  -0.007301  0.000000  0.000000  0.000000  2.000000  
38.535168 0.010383  0.093636  0.014941  0.997559  0.038448  0.058292  -0.038834  0.999231  0.005500  -0.058036  -0.007750  0.998284  0.011246  -0.007431  -0.007321  0.000000  0.000000  0.000000  2.000000  
38.536408 0.010397  0.093627  0.014932  0.997559  0.038448  0.058292  -0.038834  0.999231  0.005500  -0.058036  -0.007750  0.998284  0.011224  -0.007464  -0.007381  0.000000  0.000000  0.000000  2.000000  
38.537659 0.010411  0.093617  0.014923  0.997559  0.038441  0.058297  -0.038834  0.999230  0.005621  -0.058036  -0.007871  0.998283  0.011278  -0.007467  -0.007375  0.000000  0.000000  0.000000  2.000000  
38.538908 0.010425  0.093608  0.014913  0.997543  0.038646  0.058432  -0.039039  0.999222  0.005604  -0.058170  -0.007871  0.998276  0.011310  -0.007465  -0.007425  0.000000  0.000000  0.000000  2.000000  
38.540159 0.010440  0.093599  0.014905  0.997543  0.038646  0.058432  -0.039039  0.999222  0.005604  -0.058170  -0.007871  0.998276  0.011358  -0.007419  -0.007364  0.000000  0.000000  0.000000  2.000000  
38.541401 0.010454  0.093590  0.014896  0.997535  0.038852  0.058433  -0.039245  0.999214  0.005591  -0.058170  -0.007871  0.998276  0.011329  -0.007412  -0.007310  0.000000  0.000000  0.000000  2.000000  
38.542401 0.010466  0.093583  0.014889  0.997535  0.038845  0.058437  -0.039245  0.999213  0.005713  -0.058170  -0.007992  0.998275  0.011361  -0.007384  -0.007290  0.000000  0.000000  0.000000  2.000000  
38.543406 0.010477  0.093576  0.014883  0.997535  0.038845  0.058437  -0.039245  0.999213  0.005713  -0.058170  -0.007992  0.998275  0.011370  -0.007347  -0.007236  0.000000  0.000000  0.000000  2.000000  
38.544406 0.010489  0.093569  0.014876  0.997527  0.039050  0.058439  -0.039450  0.999205  0.005701  -0.058170  -0.007992  0.998275  0.011364  -0.007370  -0.007196  0.000000  0.000000  0.000000  2.000000  
38.545651 0.010503  0.093560  0.014867  0.997519  0.039049  0.058572  -0.039450  0.999205  0.005695  -0.058303  -0.007992  0.998267  0.011379  -0.007336  -0.007146  0.000000  0.000000  0.000000  2.000000  
38.546656 0.010515  0.093553  0.014860  0.997519  0.039049  0.058572  -0.039450  0.999205  0.005695  -0.058303  -0.007992  0.998267  0.011391  -0.007344  -0.007140  0.000000  0.000000  0.000000  2.000000  
38.547908 0.010529  0.093544  0.014851  0.997511  0.039255  0.058573  -0.039655  0.999197  0.005683  -0.058303  -0.007992  0.998267  0.011418  -0.007291  -0.007136  0.000000  0.000000  0.000000  2.000000  
38.549157 0.010543  0.093535  0.014842  0.997511  0.039255  0.058573  -0.039655  0.999197  0.005683  -0.058303  -0.007992  0.998267  0.011417  -0.007251  -0.007092  0.000000  0.000000  0.000000  2.000000  
38.550159 0.010554  0.093528  0.014835  0.997503  0.039461  0.058574  -0.039860  0.999189  0.005671  -0.058303  -0.007992  0.998267  0.011419  -0.007232  -0.007113  0.000000  0.000000  0.000000  2.000000  
38.551184 0.010566  0.093521  0.014827  0.997503  0.039454  0.058579  -0.039860  0.999188  0.005792  -0.058303  -0.008113  0.998266  0.011449  -0.007172  -0.007113  0.000000  0.000000  0.000000  2.000000  
38.552408 0.010580  0.093512  0.014818  0.997487  0.039658  0.058714  -0.040065  0.999180  0.005775  -0.058437  -0.008113  0.998258  0.011477  -0.007124  -0.007089  0.000000  0.000000  0.000000  2.000000  
38.553654 0.010594  0.093504  0.014809  0.997487  0.039658  0.058714  -0.040065  0.999180  0.005775  -0.058437  -0.008113  0.998258  0.011458  -0.007100  -0.007115  0.000000  0.000000  0.000000  2.000000  
38.554655 0.010606  0.093497  0.014801  0.997479  0.039864  0.058715  -0.040271  0.999172  0.005763  -0.058437  -0.008113  0.998258  0.011453  -0.007077  -0.007132  0.000000  0.000000  0.000000  2.000000  
38.555655 0.010617  0.093490  0.014794  0.997479  0.039864  0.058715  -0.040271  0.999172  0.005763  -0.058437  -0.008113  0.998258  0.011447  -0.007054  -0.007149  0.000000  0.000000  0.000000  2.000000  
38.556904 0.010631  0.093481  0.014785  0.997471  0.039863  0.058849  -0.040271  0.999172  0.005758  -0.058570  -0.008113  0.998250  0.011450  -0.007012  -0.007210  0.000000  0.000000  0.000000  2.000000  
38.557906 0.010642  0.093474  0.014778  0.997462  0.040069  0.058850  -0.040476  0.999164  0.005745  -0.058570  -0.008113  0.998250  0.011401  -0.006985  -0.007227  0.000000  0.000000  0.000000  2.000000  
38.559155 0.010656  0.093466  0.014768  0.997462  0.040069  0.058850  -0.040476  0.999164  0.005745  -0.058570  -0.008113  0.998250  0.011334  -0.007002  -0.007310  0.000000  0.000000  0.000000  2.000000  
38.560155 0.010667  0.093459  0.014761  0.997454  0.040274  0.058851  -0.040681  0.999156  0.005733  -0.058570  -0.008113  0.998250  0.011297  -0.006972  -0.007301  0.000000  0.000000  0.000000  2.000000  
38.561470 0.010680  0.093450  0.014752  0.997454  0.040274  0.058851  -0.040681  0.999156  0.005733  -0.058570  -0.008113  0.998250  0.011185  -0.006911  -0.007261  0.000000  0.000000  0.000000  2.000000  
38.562654 0.010694  0.093442  0.014743  0.997446  0.040480  0.058852  -0.040887  0.999147  0.005721  -0.058570  -0.008113  0.998250  0.011160  -0.006913  -0.007292  0.000000  0.000000  0.000000  2.000000  
38.563655 0.010704  0.093435  0.014736  0.997438  0.040479  0.058985  -0.040886  0.999147  0.005716  -0.058704  -0.008113  0.998242  0.011106  -0.006914  -0.007302  0.000000  0.000000  0.000000  2.000000  
38.564657 0.010715  0.093429  0.014729  0.997438  0.040479  0.058985  -0.040886  0.999147  0.005716  -0.058704  -0.008113  0.998242  0.011056  -0.006878  -0.007263  0.000000  0.000000  0.000000  2.000000  
38.565906 0.010728  0.093420  0.014720  0.997429  0.040685  0.058987  -0.041092  0.999139  0.005704  -0.058704  -0.008113  0.998242  0.010983  -0.006826  -0.007252  0.000000  0.000000  0.000000  2.000000  
38.566906 0.010738  0.093413  0.014713  0.997429  0.040685  0.058987  -0.041092  0.999139  0.005704  -0.058704  -0.008113  0.998242  0.010904  -0.006817  -0.007255  0.000000  0.000000  0.000000  2.000000  
38.568155 0.010750  0.093405  0.014704  0.997421  0.040890  0.058988  -0.041297  0.999131  0.005691  -0.058704  -0.008113  0.998242  0.010760  -0.006775  -0.007223  0.000000  0.000000  0.000000  2.000000  
38.569159 0.010761  0.093399  0.014696  0.997413  0.040889  0.059121  -0.041297  0.999131  0.005686  -0.058837  -0.008113  0.998235  0.010675  -0.006717  -0.007232  0.000000  0.000000  0.000000  2.000000  
38.570405 0.010773  0.093391  0.014687  0.997413  0.040889  0.059121  -0.041297  0.999131  0.005686  -0.058837  -0.008113  0.998235  0.010553  -0.006713  -0.007224  0.000000  0.000000  0.000000  2.000000  
38.571409 0.010782  0.093384  0.014679  0.997405  0.041095  0.059122  -0.041502  0.999122  0.005674  -0.058837  -0.008113  0.998235  0.010435  -0.006684  -0.007256  0.000000  0.000000  0.000000  2.000000  
38.572654 0.010794  0.093376  0.014670  0.997397  0.041094  0.059256  -0.041502  0.999122  0.005668  -0.058971  -0.008113  0.998227  0.010278  -0.006687  -0.007287  0.000000  0.000000  0.000000  2.000000  
38.573656 0.010803  0.093369  0.014662  0.997388  0.041299  0.059257  -0.041707  0.999114  0.005656  -0.058971  -0.008113  0.998227  0.010189  -0.006700  -0.007321  0.000000  0.000000  0.000000  2.000000  
38.574911 0.010814  0.093361  0.014653  0.997388  0.041299  0.059257  -0.041707  0.999114  0.005656  -0.058971  -0.008113  0.998227  0.010009  -0.006618  -0.007292  0.000000  0.000000  0.000000  2.000000  
38.576157 0.010826  0.093353  0.014644  0.997372  0.041504  0.059392  -0.041912  0.999105  0.005638  -0.059105  -0.008113  0.998219  0.009887  -0.006623  -0.007370  0.000000  0.000000  0.000000  2.000000  
38.577406 0.010836  0.093345  0.014635  0.997372  0.041504  0.059392  -0.041912  0.999105  0.005638  -0.059105  -0.008113  0.998219  0.009694  -0.006557  -0.007288  0.000000  0.000000  0.000000  2.000000  
38.578406 0.010845  0.093338  0.014628  0.997372  0.041504  0.059392  -0.041912  0.999105  0.005638  -0.059105  -0.008113  0.998219  0.009533  -0.006553  -0.007339  0.000000  0.000000  0.000000  2.000000  
38.579651 0.010855  0.093331  0.014619  0.997355  0.041709  0.059526  -0.042117  0.999097  0.005620  -0.059238  -0.008113  0.998211  0.009370  -0.006530  -0.007359  0.000000  0.000000  0.000000  2.000000  
38.580653 0.010864  0.093324  0.014612  0.997355  0.041709  0.059526  -0.042117  0.999097  0.005620  -0.059238  -0.008113  0.998211  0.009237  -0.006495  -0.007360  0.000000  0.000000  0.000000  2.000000  
38.581908 0.010874  0.093317  0.014603  0.997346  0.041914  0.059527  -0.042322  0.999088  0.005608  -0.059238  -0.008113  0.998211  0.009065  -0.006447  -0.007329  0.000000  0.000000  0.000000  2.000000  
38.582910 0.010883  0.093311  0.014595  0.997338  0.041913  0.059661  -0.042322  0.999088  0.005602  -0.059372  -0.008112  0.998203  0.008949  -0.006419  -0.007362  0.000000  0.000000  0.000000  2.000000  
38.583912 0.010890  0.093304  0.014588  0.997330  0.042119  0.059662  -0.042527  0.999080  0.005590  -0.059372  -0.008112  0.998203  0.008777  -0.006437  -0.007345  0.000000  0.000000  0.000000  2.000000  
38.585159 0.010900  0.093296  0.014579  0.997330  0.042119  0.059662  -0.042527  0.999080  0.005590  -0.059372  -0.008112  0.998203  0.008638  -0.006378  -0.007363  0.000000  0.000000  0.000000  2.000000  
38.586162 0.010908  0.093290  0.014571  0.997313  0.042324  0.059797  -0.042732  0.999071  0.005572  -0.059505  -0.008112  0.998195  0.008513  -0.006371  -0.007353  0.000000  0.000000  0.000000  2.000000  
38.587408 0.010917  0.093283  0.014562  0.997313  0.042324  0.059797  -0.042732  0.999071  0.005572  -0.059505  -0.008112  0.998195  0.008374  -0.006311  -0.007371  0.000000  0.000000  0.000000  2.000000  
38.588655 0.010926  0.093275  0.014553  0.997296  0.042528  0.059931  -0.042937  0.999062  0.005554  -0.059639  -0.008112  0.998187  0.008224  -0.006247  -0.007306  0.000000  0.000000  0.000000  2.000000  
38.589904 0.010936  0.093267  0.014543  0.997287  0.042734  0.059932  -0.043143  0.999054  0.005542  -0.059639  -0.008112  0.998187  0.008085  -0.006254  -0.007366  0.000000  0.000000  0.000000  2.000000  
38.590911 0.010943  0.093261  0.014536  0.997279  0.042733  0.060066  -0.043142  0.999054  0.005536  -0.059772  -0.008112  0.998179  0.007943  -0.006198  -0.007321  0.000000  0.000000  0.000000  2.000000  
38.592160 0.010952  0.093254  0.014526  0.997270  0.042938  0.060067  -0.043347  0.999045  0.005524  -0.059772  -0.008112  0.998179  0.007838  -0.006151  -0.007400  0.000000  0.000000  0.000000  2.000000  
38.593406 0.010961  0.093247  0.014517  0.997262  0.042937  0.060200  -0.043347  0.999045  0.005518  -0.059906  -0.008112  0.998171  0.007724  -0.006076  -0.007409  0.000000  0.000000  0.000000  2.000000  
38.594651 0.010970  0.093240  0.014507  0.997245  0.043142  0.060335  -0.043552  0.999036  0.005500  -0.060039  -0.008112  0.998163  0.007603  -0.006073  -0.007485  0.000000  0.000000  0.000000  2.000000  
38.595653 0.010977  0.093235  0.014499  0.997236  0.043348  0.060336  -0.043757  0.999027  0.005487  -0.060039  -0.008112  0.998163  0.007554  -0.005979  -0.007525  0.000000  0.000000  0.000000  2.000000  
38.596908 0.010986  0.093228  0.014489  0.997228  0.043346  0.060469  -0.043757  0.999027  0.005481  -0.060173  -0.008112  0.998155  0.007434  -0.005926  -0.007573  0.000000  0.000000  0.000000  2.000000  
38.597916 0.010993  0.093222  0.014482  0.997219  0.043552  0.060471  -0.043962  0.999018  0.005469  -0.060173  -0.008112  0.998155  0.007355  -0.005874  -0.007556  0.000000  0.000000  0.000000  2.000000  
38.599159 0.011002  0.093216  0.014472  0.997202  0.043757  0.060605  -0.044167  0.999009  0.005451  -0.060307  -0.008112  0.998147  0.007310  -0.005819  -0.007642  0.000000  0.000000  0.000000  2.000000  
38.600159 0.011008  0.093211  0.014465  0.997202  0.043757  0.060605  -0.044167  0.999009  0.005451  -0.060307  -0.008112  0.998147  0.007230  -0.005708  -0.007601  0.000000  0.000000  0.000000  2.000000  
38.601407 0.011017  0.093204  0.014455  0.997185  0.043961  0.060740  -0.044372  0.999000  0.005432  -0.060440  -0.008112  0.998139  0.007143  -0.005648  -0.007609  0.000000  0.000000  0.000000  2.000000  
38.602407 0.011024  0.093199  0.014448  0.997168  0.044166  0.060874  -0.044577  0.998991  0.005414  -0.060574  -0.008112  0.998131  0.007099  -0.005606  -0.007588  0.000000  0.000000  0.000000  2.000000  
38.603654 0.011032  0.093193  0.014438  0.997159  0.044372  0.060875  -0.044782  0.998982  0.005401  -0.060574  -0.008112  0.998131  0.007056  -0.005498  -0.007619  0.000000  0.000000  0.000000  2.000000  
38.604909 0.011041  0.093186  0.014429  0.997141  0.044576  0.061010  -0.044987  0.998973  0.005383  -0.060707  -0.008112  0.998123  0.006982  -0.005420  -0.007649  0.000000  0.000000  0.000000  2.000000  
38.605939 0.011047  0.093181  0.014421  0.997133  0.044575  0.061143  -0.044987  0.998973  0.005377  -0.060841  -0.008112  0.998115  0.006905  -0.005381  -0.007656  0.000000  0.000000  0.000000  2.000000  
38.607157 0.011056  0.093175  0.014411  0.997124  0.044781  0.061144  -0.045192  0.998964  0.005364  -0.060841  -0.008112  0.998115  0.006908  -0.005255  -0.007704  0.000000  0.000000  0.000000  2.000000  
38.608406 0.011064  0.093170  0.014400  0.997106  0.044985  0.061279  -0.045397  0.998955  0.005345  -0.060974  -0.008112  0.998106  0.006848  -0.005178  -0.007765  0.000000  0.000000  0.000000  2.000000  
38.609411 0.011071  0.093165  0.014393  0.997089  0.045190  0.061413  -0.045602  0.998945  0.005327  -0.061108  -0.008112  0.998098  0.006844  -0.005086  -0.007737  0.000000  0.000000  0.000000  2.000000  
38.610659 0.011080  0.093160  0.014382  0.997071  0.045394  0.061548  -0.045807  0.998936  0.005308  -0.061241  -0.008112  0.998090  0.006848  -0.004951  -0.007776  0.000000  0.000000  0.000000  2.000000  
38.611903 0.011088  0.093155  0.014372  0.997063  0.045393  0.061681  -0.045807  0.998936  0.005302  -0.061375  -0.008111  0.998082  0.006817  -0.004880  -0.007818  0.000000  0.000000  0.000000  2.000000  
38.612905 0.011095  0.093151  0.014365  0.997054  0.045599  0.061682  -0.046012  0.998927  0.005289  -0.061375  -0.008111  0.998082  0.006813  -0.004767  -0.007813  0.000000  0.000000  0.000000  2.000000  
38.614159 0.011103  0.093145  0.014354  0.997036  0.045804  0.061817  -0.046217  0.998918  0.005270  -0.061509  -0.008111  0.998074  0.006795  -0.004654  -0.007877  0.000000  0.000000  0.000000  2.000000  
38.615404 0.011112  0.093141  0.014344  0.997018  0.046008  0.061951  -0.046422  0.998908  0.005251  -0.061642  -0.008111  0.998065  0.006793  -0.004534  -0.007915  0.000000  0.000000  0.000000  2.000000  
38.616409 0.011118  0.093137  0.014336  0.997000  0.046213  0.062086  -0.046627  0.998899  0.005232  -0.061776  -0.008111  0.998057  0.006775  -0.004439  -0.007958  0.000000  0.000000  0.000000  2.000000  
38.617656 0.011127  0.093132  0.014325  0.996982  0.046417  0.062220  -0.046831  0.998889  0.005213  -0.061909  -0.008111  0.998049  0.006753  -0.004355  -0.008039  0.000000  0.000000  0.000000  2.000000  
38.618905 0.011135  0.093127  0.014315  0.996973  0.046623  0.062221  -0.047037  0.998880  0.005200  -0.061909  -0.008111  0.998049  0.006729  -0.004258  -0.008068  0.000000  0.000000  0.000000  2.000000  
38.620162 0.011143  0.093123  0.014305  0.996955  0.046827  0.062356  -0.047241  0.998870  0.005181  -0.062043  -0.008111  0.998041  0.006756  -0.004157  -0.008147  0.000000  0.000000  0.000000  2.000000  
38.621405 0.011151  0.093118  0.014294  0.996937  0.047032  0.062490  -0.047446  0.998860  0.005162  -0.062176  -0.008111  0.998032  0.006704  -0.004017  -0.008166  0.000000  0.000000  0.000000  2.000000  
38.622653 0.011160  0.093114  0.014284  0.996919  0.047237  0.062625  -0.047651  0.998851  0.005143  -0.062310  -0.008111  0.998024  0.006684  -0.003920  -0.008143  0.000000  0.000000  0.000000  2.000000  
38.623655 0.011166  0.093111  0.014276  0.996901  0.047441  0.062759  -0.047856  0.998841  0.005123  -0.062443  -0.008111  0.998016  0.006665  -0.003847  -0.008181  0.000000  0.000000  0.000000  2.000000  
38.624738 0.011173  0.093108  0.014268  0.996891  0.047647  0.062760  -0.048061  0.998831  0.005111  -0.062443  -0.008111  0.998016  0.006617  -0.003680  -0.008123  0.000000  0.000000  0.000000  2.000000  
38.625914 0.011181  0.093104  0.014257  0.996882  0.047646  0.062894  -0.048061  0.998831  0.005104  -0.062577  -0.008111  0.998007  0.006625  -0.003618  -0.008205  0.000000  0.000000  0.000000  2.000000  
38.627158 0.011188  0.093101  0.014247  0.996864  0.047850  0.063028  -0.048266  0.998822  0.005085  -0.062710  -0.008111  0.997999  0.006537  -0.003539  -0.008263  0.000000  0.000000  0.000000  2.000000  
38.628405 0.011196  0.093098  0.014236  0.996846  0.048055  0.063162  -0.048470  0.998812  0.005065  -0.062844  -0.008111  0.997990  0.006502  -0.003402  -0.008309  0.000000  0.000000  0.000000  2.000000  
38.629654 0.011204  0.093095  0.014225  0.996827  0.048259  0.063297  -0.048675  0.998802  0.005046  -0.062977  -0.008111  0.997982  0.006451  -0.003275  -0.008382  0.000000  0.000000  0.000000  2.000000  
38.630657 0.011209  0.093091  0.014216  0.996809  0.048464  0.063431  -0.048880  0.998792  0.005026  -0.063111  -0.008111  0.997974  0.006401  -0.003218  -0.008428  0.000000  0.000000  0.000000  2.000000  
38.631906 0.011217  0.093088  0.014204  0.996790  0.048668  0.063566  -0.049085  0.998782  0.005007  -0.063245  -0.008111  0.997965  0.006349  -0.003092  -0.008495  0.000000  0.000000  0.000000  2.000000  
38.632907 0.011222  0.093086  0.014196  0.996782  0.048667  0.063699  -0.049084  0.998782  0.005000  -0.063378  -0.008110  0.997957  0.006291  -0.002977  -0.008499  0.000000  0.000000  0.000000  2.000000  
38.633913 0.011228  0.093084  0.014188  0.996772  0.048873  0.063700  -0.049290  0.998772  0.004987  -0.063378  -0.008110  0.997957  0.006212  -0.002905  -0.008504  0.000000  0.000000  0.000000  2.000000  
38.635159 0.011236  0.093082  0.014177  0.996753  0.049077  0.063834  -0.049494  0.998762  0.004967  -0.063512  -0.008110  0.997948  0.006166  -0.002743  -0.008494  0.000000  0.000000  0.000000  2.000000  
38.636406 0.011243  0.093079  0.014167  0.996734  0.049282  0.063969  -0.049699  0.998752  0.004947  -0.063645  -0.008110  0.997940  0.006075  -0.002616  -0.008537  0.000000  0.000000  0.000000  2.000000  
38.637654 0.011250  0.093077  0.014156  0.996716  0.049486  0.064103  -0.049904  0.998742  0.004927  -0.063779  -0.008110  0.997931  0.006010  -0.002473  -0.008557  0.000000  0.000000  0.000000  2.000000  
38.638658 0.011255  0.093075  0.014148  0.996707  0.049485  0.064236  -0.049904  0.998742  0.004921  -0.063912  -0.008110  0.997923  0.005903  -0.002404  -0.008530  0.000000  0.000000  0.000000  2.000000  
38.639660 0.011261  0.093074  0.014139  0.996697  0.049691  0.064238  -0.050109  0.998732  0.004908  -0.063912  -0.008110  0.997923  0.005883  -0.002324  -0.008597  0.000000  0.000000  0.000000  2.000000  
38.640906 0.011267  0.093072  0.014129  0.996678  0.049896  0.064372  -0.050314  0.998722  0.004888  -0.064046  -0.008110  0.997914  0.005770  -0.002164  -0.008541  0.000000  0.000000  0.000000  2.000000  
38.641914 0.011272  0.093070  0.014120  0.996669  0.049894  0.064505  -0.050313  0.998722  0.004881  -0.064179  -0.008110  0.997905  0.005683  -0.002079  -0.008549  0.000000  0.000000  0.000000  2.000000  
38.643151 0.011278  0.093068  0.014110  0.996659  0.050100  0.064506  -0.050518  0.998711  0.004868  -0.064179  -0.008110  0.997905  0.005587  -0.001974  -0.008485  0.000000  0.000000  0.000000  2.000000  
38.644151 0.011283  0.093067  0.014102  0.996640  0.050305  0.064641  -0.050723  0.998701  0.004848  -0.064313  -0.008110  0.997897  0.005516  -0.001877  -0.008440  0.000000  0.000000  0.000000  2.000000  
38.645160 0.011287  0.093066  0.014094  0.996631  0.050304  0.064774  -0.050723  0.998701  0.004841  -0.064446  -0.008110  0.997888  0.005395  -0.001775  -0.008391  0.000000  0.000000  0.000000  2.000000  
38.646404 0.011293  0.093065  0.014084  0.996621  0.050509  0.064775  -0.050928  0.998691  0.004827  -0.064446  -0.008110  0.997888  0.005303  -0.001675  -0.008330  0.000000  0.000000  0.000000  2.000000  
38.647409 0.011298  0.093064  0.014076  0.996602  0.050714  0.064909  -0.051132  0.998680  0.004807  -0.064580  -0.008110  0.997880  0.005233  -0.001578  -0.008287  0.000000  0.000000  0.000000  2.000000  
38.648662 0.011304  0.093063  0.014067  0.996582  0.050918  0.065044  -0.051337  0.998670  0.004787  -0.064713  -0.008110  0.997871  0.005112  -0.001406  -0.008192  0.000000  0.000000  0.000000  2.000000  
38.649662 0.011309  0.093062  0.014059  0.996582  0.050910  0.065050  -0.051337  0.998669  0.004908  -0.064713  -0.008231  0.997870  0.005043  -0.001333  -0.008126  0.000000  0.000000  0.000000  2.000000  
38.650910 0.011314  0.093062  0.014050  0.996563  0.051115  0.065184  -0.051542  0.998659  0.004888  -0.064847  -0.008231  0.997861  0.004900  -0.001226  -0.008060  0.000000  0.000000  0.000000  2.000000  
38.652160 0.011319  0.093061  0.014041  0.996544  0.051319  0.065318  -0.051747  0.998648  0.004867  -0.064980  -0.008231  0.997853  0.004799  -0.001140  -0.007937  0.000000  0.000000  0.000000  2.000000  
38.653405 0.011325  0.093060  0.014032  0.996525  0.051524  0.065453  -0.051951  0.998638  0.004847  -0.065114  -0.008231  0.997844  0.004712  -0.001035  -0.007864  0.000000  0.000000  0.000000  2.000000  
38.654406 0.011329  0.093059  0.014025  0.996525  0.051524  0.065453  -0.051951  0.998638  0.004847  -0.065114  -0.008231  0.997844  0.004636  -0.000983  -0.007758  0.000000  0.000000  0.000000  2.000000  
38.655411 0.011333  0.093059  0.014019  0.996505  0.051728  0.065587  -0.052156  0.998627  0.004827  -0.065247  -0.008231  0.997835  0.004618  -0.000866  -0.007598  0.000000  0.000000  0.000000  2.000000  
38.656653 0.011338  0.093058  0.014011  0.996486  0.051933  0.065721  -0.052361  0.998617  0.004806  -0.065381  -0.008230  0.997826  0.004520  -0.000820  -0.007461  0.000000  0.000000  0.000000  2.000000  
38.657903 0.011343  0.093058  0.014003  0.996475  0.052138  0.065722  -0.052566  0.998606  0.004793  -0.065381  -0.008230  0.997826  0.004434  -0.000698  -0.007286  0.000000  0.000000  0.000000  2.000000  
38.658910 0.011347  0.093057  0.013998  0.996466  0.052129  0.065862  -0.052565  0.998605  0.004907  -0.065514  -0.008351  0.997817  0.004341  -0.000671  -0.007085  0.000000  0.000000  0.000000  2.000000  
38.660155 0.011352  0.093058  0.013991  0.996447  0.052334  0.065996  -0.052770  0.998595  0.004886  -0.065648  -0.008351  0.997808  0.004292  -0.000559  -0.006881  0.000000  0.000000  0.000000  2.000000  
38.661406 0.011356  0.093058  0.013985  0.996427  0.052538  0.066131  -0.052975  0.998584  0.004865  -0.065781  -0.008351  0.997799  0.004157  -0.000490  -0.006628  0.000000  0.000000  0.000000  2.000000  
38.662651 0.011361  0.093057  0.013978  0.996407  0.052743  0.066265  -0.053179  0.998573  0.004845  -0.065915  -0.008351  0.997790  0.004122  -0.000433  -0.006399  0.000000  0.000000  0.000000  2.000000  
38.663672 0.011365  0.093058  0.013973  0.996396  0.052948  0.066266  -0.053385  0.998562  0.004831  -0.065915  -0.008351  0.997790  0.004032  -0.000381  -0.006225  0.000000  0.000000  0.000000  2.000000  
38.664903 0.011369  0.093057  0.013967  0.996376  0.053153  0.066400  -0.053589  0.998551  0.004810  -0.066048  -0.008351  0.997781  0.004006  -0.000326  -0.006012  0.000000  0.000000  0.000000  2.000000  
38.665917 0.011373  0.093057  0.013963  0.996356  0.053349  0.066541  -0.053794  0.998540  0.004910  -0.066182  -0.008472  0.997772  0.003921  -0.000299  -0.005816  0.000000  0.000000  0.000000  2.000000  
38.667155 0.011377  0.093057  0.013957  0.996337  0.053553  0.066675  -0.053999  0.998529  0.004890  -0.066315  -0.008472  0.997763  0.003867  -0.000213  -0.005585  0.000000  0.000000  0.000000  2.000000  
38.668156 0.011381  0.093057  0.013954  0.996316  0.053758  0.066810  -0.054203  0.998518  0.004869  -0.066449  -0.008472  0.997754  0.003810  -0.000196  -0.005352  0.000000  0.000000  0.000000  2.000000  
38.669158 0.011384  0.093057  0.013950  0.996296  0.053962  0.066944  -0.054408  0.998507  0.004848  -0.066582  -0.008472  0.997745  0.003745  -0.000152  -0.005133  0.000000  0.000000  0.000000  2.000000  
38.670405 0.011388  0.093057  0.013946  0.996276  0.054159  0.067085  -0.054612  0.998495  0.004948  -0.066716  -0.008593  0.997735  0.003625  -0.000153  -0.004865  0.000000  0.000000  0.000000  2.000000  
38.671408 0.011391  0.093057  0.013943  0.996256  0.054363  0.067219  -0.054817  0.998484  0.004926  -0.066849  -0.008593  0.997726  0.003597  -0.000060  -0.004606  0.000000  0.000000  0.000000  2.000000  
38.672654 0.011395  0.093057  0.013939  0.996225  0.054773  0.067354  -0.055227  0.998462  0.004891  -0.066983  -0.008593  0.997717  0.003509  -0.000074  -0.004395  0.000000  0.000000  0.000000  2.000000  
38.673904 0.011399  0.093057  0.013935  0.996195  0.054976  0.067622  -0.055431  0.998451  0.004863  -0.067250  -0.008592  0.997699  0.003468  -0.000017  -0.004171  0.000000  0.000000  0.000000  2.000000  
38.675157 0.011403  0.093058  0.013932  0.996163  0.055386  0.067757  -0.055840  0.998428  0.004827  -0.067383  -0.008592  0.997690  0.003385  -0.000012  -0.003934  0.004865  -0.099557  0.170374  2.000000  
38.676403 0.011407  0.093058  0.013929  0.996122  0.055787  0.068033  -0.056250  0.998405  0.004905  -0.067650  -0.008713  0.997671  0.003353  0.000018  -0.003704  0.008432  -0.108537  0.177126  2.000000  
38.677651 0.011410  0.093058  0.013927  0.996102  0.055991  0.068167  -0.056454  0.998393  0.004884  -0.067784  -0.008713  0.997662  0.003271  0.000068  -0.003455  0.008409  -0.108552  0.177148  2.000000  
38.678660 0.011413  0.093059  0.013924  0.996069  0.056401  0.068302  -0.056864  0.998370  0.004848  -0.067917  -0.008713  0.997653  0.003196  0.000074  -0.003293  0.007929  -0.108598  0.183976  2.000000  
38.679909 0.011416  0.093059  0.013922  0.996039  0.056604  0.068570  -0.057068  0.998359  0.004819  -0.068184  -0.008713  0.997635  0.003121  0.000119  -0.002985  0.003406  -0.117623  0.190796  2.000000  
38.681161 0.011419  0.093060  0.013920  0.995997  0.057005  0.068845  -0.057477  0.998335  0.004896  -0.068451  -0.008834  0.997615  0.003031  0.000196  -0.002747  0.006952  -0.122115  0.197535  2.000000  
38.682419 0.011422  0.093061  0.013918  0.995964  0.057414  0.068980  -0.057886  0.998311  0.004860  -0.068585  -0.008834  0.997606  0.002915  0.000215  -0.002516  0.006518  -0.123132  0.205982  2.000000  
38.683422 0.011425  0.093061  0.013917  0.995922  0.057823  0.069249  -0.058295  0.998288  0.004816  -0.068852  -0.008834  0.997588  0.002860  0.000279  -0.002339  0.006013  -0.127681  0.212835  2.000000  
38.684660 0.011427  0.093062  0.013916  0.995880  0.058232  0.069517  -0.058704  0.998264  0.004772  -0.069119  -0.008833  0.997569  0.002742  0.000325  -0.002126  0.005523  -0.136786  0.219747  2.000000  
