1-Time 2-Px 3-Py 4-Pz 5-R11 6-R21 7-R31 8-R12 9-R22 10-R32 11-R13 12-R23 13-R33 14-Vx 15-Vy 16-Vz 17-Wx 18-Wy 19-Wz 20-state 21-PR11 22-PR21 23-PR31 24-PR12 25-PR22 26-PR32 27-PR13 28-PR23 29-PR33 
71.868000 0.011392  0.092160  0.001603  0.992080  0.120520  0.035399  -0.120891  0.992629  0.008516  -0.034112  -0.012728  0.999337  -0.000285  0.000306  -0.000072  0.000000  0.000000  0.000000  2.000000  
71.869005 0.011392  0.092159  0.001603  0.992084  0.120522  0.035267  -0.120891  0.992629  0.008533  -0.033978  -0.012728  0.999342  -0.000307  0.000250  -0.000083  0.000000  0.000000  0.000000  2.000000  
71.870007 0.011393  0.092159  0.001603  0.992034  0.120930  0.035270  -0.121300  0.992579  0.008518  -0.033978  -0.012728  0.999342  -0.000161  0.000164  -0.000078  0.000000  0.000000  0.000000  2.000000  
71.871014 0.011395  0.092157  0.001603  0.991955  0.121542  0.035408  -0.121912  0.992505  0.008480  -0.034112  -0.012728  0.999337  0.000013  0.000043  -0.000094  0.000000  0.000000  0.000000  2.000000  
71.872252 0.011398  0.092154  0.001602  0.991875  0.122153  0.035546  -0.122524  0.992430  0.008442  -0.034246  -0.012728  0.999332  0.000189  -0.000168  -0.000142  0.000000  0.000000  0.000000  2.000000  
71.873259 0.011400  0.092153  0.001602  0.991845  0.122351  0.035695  -0.122728  0.992404  0.008538  -0.034379  -0.012850  0.999326  0.000396  -0.000348  -0.000166  0.000000  0.000000  0.000000  2.000000  
71.874508 0.011405  0.092151  0.001601  0.991794  0.122760  0.035699  -0.123136  0.992353  0.008524  -0.034379  -0.012850  0.999326  0.000704  -0.000506  -0.000201  0.000000  0.000000  0.000000  2.000000  
71.875755 0.011410  0.092150  0.001602  0.991722  0.123375  0.035571  -0.123749  0.992277  0.008518  -0.034246  -0.012850  0.999331  0.001106  -0.000575  -0.000167  0.000000  0.000000  0.000000  2.000000  
71.877008 0.011415  0.092148  0.001601  0.991629  0.124191  0.035328  -0.124567  0.992174  0.008643  -0.033978  -0.012971  0.999338  0.001445  -0.000703  -0.000179  0.000000  0.000000  0.000000  2.000000  
71.878010 0.011419  0.092147  0.001601  0.991526  0.125008  0.035335  -0.125383  0.992071  0.008613  -0.033978  -0.012971  0.999338  0.001745  -0.000834  -0.000227  0.000000  0.000000  0.000000  2.000000  
71.879253 0.011425  0.092144  0.001599  0.991392  0.126027  0.035477  -0.126403  0.991942  0.008560  -0.034112  -0.012971  0.999334  0.002194  -0.001008  -0.000328  0.000000  0.000000  0.000000  2.000000  
71.880253 0.011431  0.092143  0.001598  0.991279  0.126836  0.035764  -0.127219  0.991837  0.008617  -0.034379  -0.013092  0.999323  0.002580  -0.001112  -0.000351  0.000000  0.000000  0.000000  2.000000  
71.881255 0.011436  0.092142  0.001598  0.991169  0.127651  0.035904  -0.128034  0.991733  0.008571  -0.034513  -0.013092  0.999318  0.002956  -0.001189  -0.000387  0.002125  0.020237  0.173136  2.000000  
71.882255 0.011442  0.092141  0.001598  0.991059  0.128462  0.036059  -0.128850  0.991626  0.008644  -0.034647  -0.013213  0.999312  0.003367  -0.001284  -0.000341  0.004996  0.010783  0.207584  2.000000  
71.883595 0.011449  0.092139  0.001599  0.990894  0.129685  0.036203  -0.130073  0.991467  0.008582  -0.034781  -0.013213  0.999308  0.003865  -0.001376  -0.000290  0.003281  0.005639  0.255131  2.000000  
71.884758 0.011457  0.092136  0.001598  0.990760  0.130701  0.036227  -0.131093  0.991332  0.008665  -0.034781  -0.013334  0.999306  0.004308  -0.001548  -0.000324  0.006179  0.000692  0.290404  2.000000  
71.886010 0.011464  0.092131  0.001597  0.990624  0.131721  0.036236  -0.132113  0.991197  0.008628  -0.034781  -0.013334  0.999306  0.004597  -0.001768  -0.000384  0.004753  -0.004346  0.331745  2.000000  
71.887252 0.011471  0.092125  0.001596  0.990488  0.132737  0.036261  -0.133133  0.991060  0.008711  -0.034781  -0.013455  0.999304  0.004966  -0.001951  -0.000391  0.007387  -0.004914  0.373347  2.000000  
71.888255 0.011478  0.092120  0.001595  0.990350  0.133753  0.036286  -0.134152  0.990922  0.008794  -0.034781  -0.013577  0.999303  0.005145  -0.002186  -0.000439  0.010289  -0.009891  0.407912  2.000000  
71.889334 0.011484  0.092114  0.001594  0.990207  0.134771  0.036428  -0.135171  0.990784  0.008738  -0.034914  -0.013577  0.999298  0.005332  -0.002446  -0.000480  0.008792  -0.014893  0.448047  2.000000  
71.890500 0.011493  0.092107  0.001592  0.990030  0.135986  0.036720  -0.136393  0.990616  0.008777  -0.035182  -0.013698  0.999287  0.005672  -0.002875  -0.000658  0.015253  -0.029065  0.497541  2.000000  
71.891506 0.011501  0.092100  0.001589  0.989917  0.136798  0.036744  -0.137208  0.990503  0.008867  -0.035182  -0.013819  0.999285  0.005895  -0.003288  -0.000829  0.018359  -0.029453  0.525025  2.000000  
71.892539 0.011508  0.092093  0.001587  0.989799  0.137612  0.036883  -0.138022  0.990390  0.008818  -0.035316  -0.013819  0.999281  0.006051  -0.003641  -0.000952  0.017137  -0.038864  0.558932  2.000000  
71.893757 0.011515  0.092082  0.001583  0.989652  0.138629  0.037025  -0.139040  0.990248  0.008761  -0.035449  -0.013819  0.999276  0.006201  -0.004242  -0.001119  0.015957  -0.048378  0.594246  2.000000  
71.895007 0.011523  0.092072  0.001577  0.989537  0.139440  0.037049  -0.139855  0.990132  0.008851  -0.035449  -0.013940  0.999274  0.006284  -0.004849  -0.001424  0.018821  -0.048854  0.628546  2.000000  
71.896009 0.011530  0.092063  0.001574  0.989422  0.140251  0.037073  -0.140670  0.990016  0.008941  -0.035449  -0.014061  0.999273  0.006384  -0.005333  -0.001639  0.021732  -0.053843  0.662956  2.000000  
71.897255 0.011539  0.092051  0.001569  0.989301  0.141064  0.037213  -0.141484  0.989901  0.008891  -0.035583  -0.014061  0.999268  0.006442  -0.005965  -0.001964  0.020727  -0.058718  0.690663  2.000000  
71.898256 0.011544  0.092041  0.001566  0.989213  0.141671  0.037236  -0.142095  0.989812  0.008988  -0.035583  -0.014182  0.999266  0.006471  -0.006671  -0.002264  0.023890  -0.063636  0.718343  2.000000  
71.899502 0.011550  0.092028  0.001561  0.989121  0.142280  0.037374  -0.142705  0.989725  0.008946  -0.035717  -0.014182  0.999261  0.006340  -0.007319  -0.002558  0.023602  -0.068230  0.725249  2.000000  
71.900750 0.011557  0.092014  0.001556  0.989028  0.142890  0.037511  -0.143316  0.989637  0.008904  -0.035850  -0.014182  0.999257  0.006318  -0.007841  -0.002756  0.023519  -0.068269  0.725665  2.000000  
71.901750 0.011562  0.092002  0.001552  0.988934  0.143499  0.037649  -0.143926  0.989549  0.008861  -0.035984  -0.014182  0.999252  0.006244  -0.008426  -0.003039  0.022977  -0.067770  0.726225  2.000000  
71.903007 0.011568  0.091988  0.001547  0.988840  0.144108  0.037787  -0.144536  0.989460  0.008819  -0.036118  -0.014182  0.999247  0.006113  -0.008959  -0.003302  0.018594  -0.067903  0.733042  2.000000  
71.904015 0.011572  0.091975  0.001543  0.988781  0.144516  0.037791  -0.144943  0.989401  0.008803  -0.036118  -0.014182  0.999247  0.005968  -0.009528  -0.003482  0.018351  -0.067994  0.739883  2.000000  
71.905252 0.011576  0.091958  0.001539  0.988691  0.145127  0.037796  -0.145554  0.989311  0.008780  -0.036118  -0.014182  0.999247  0.005667  -0.010035  -0.003585  0.018162  -0.072558  0.746802  2.000000  
71.906299 0.011580  0.091944  0.001535  0.988661  0.145335  0.037780  -0.145757  0.989283  0.008652  -0.036118  -0.014061  0.999249  0.005345  -0.010533  -0.003691  0.014989  -0.077201  0.730945  2.000000  
71.907501 0.011585  0.091928  0.001530  0.988601  0.145742  0.037784  -0.146164  0.989223  0.008637  -0.036118  -0.014061  0.999249  0.005154  -0.011014  -0.003806  0.011374  -0.080996  0.712220  2.000000  
71.908503 0.011588  0.091915  0.001526  0.988541  0.146150  0.037787  -0.146571  0.989163  0.008621  -0.036118  -0.014061  0.999249  0.004939  -0.011317  -0.003826  0.011809  -0.076355  0.698594  2.000000  
71.909751 0.011592  0.091898  0.001521  0.988475  0.146560  0.037905  -0.146977  0.989104  0.008466  -0.036251  -0.013940  0.999245  0.004717  -0.011751  -0.003807  0.004355  -0.076079  0.678040  2.000000  
71.910755 0.011595  0.091883  0.001517  0.988445  0.146763  0.037907  -0.147181  0.989073  0.008458  -0.036251  -0.013940  0.999245  0.004378  -0.012214  -0.003861  0.005279  -0.067344  0.656139  2.000000  
71.912005 0.011598  0.091864  0.001511  0.988410  0.146965  0.038041  -0.147384  0.989043  0.008431  -0.036385  -0.013939  0.999241  0.004051  -0.012685  -0.003953  0.005882  -0.066534  0.630373  2.000000  
71.913006 0.011600  0.091848  0.001505  0.988375  0.147171  0.038157  -0.147586  0.989014  0.008283  -0.036519  -0.013818  0.999237  0.003766  -0.013093  -0.004100  -0.001077  -0.066595  0.600801  2.000000  
71.914018 0.011601  0.091832  0.001500  0.988344  0.147375  0.038159  -0.147790  0.988984  0.008275  -0.036519  -0.013818  0.999237  0.003518  -0.013446  -0.004163  -0.000337  -0.066281  0.579762  2.000000  
71.915253 0.011603  0.091813  0.001494  0.988283  0.147787  0.038144  -0.148197  0.988924  0.008139  -0.036519  -0.013697  0.999239  0.003216  -0.013805  -0.004269  -0.007932  -0.065583  0.561560  2.000000  
71.916500 0.011604  0.091794  0.001488  0.988253  0.147990  0.038146  -0.148400  0.988894  0.008132  -0.036519  -0.013697  0.999239  0.002911  -0.014110  -0.004347  -0.010997  -0.065244  0.534123  2.000000  
71.917506 0.011605  0.091779  0.001483  0.988222  0.148194  0.038148  -0.148604  0.988863  0.008124  -0.036519  -0.013697  0.999239  0.002613  -0.014325  -0.004392  -0.010100  -0.065404  0.510851  2.000000  
71.918762 0.011606  0.091761  0.001478  0.988187  0.148396  0.038282  -0.148806  0.988833  0.008096  -0.036653  -0.013697  0.999234  0.002325  -0.014497  -0.004431  -0.013008  -0.064968  0.476309  2.000000  
71.920006 0.011607  0.091742  0.001472  0.988156  0.148604  0.038265  -0.149010  0.988804  0.007968  -0.036653  -0.013576  0.999236  0.002073  -0.014602  -0.004489  -0.020041  -0.059617  0.445147  2.000000  
71.921250 0.011607  0.091724  0.001467  0.988121  0.148806  0.038399  -0.149213  0.988773  0.007940  -0.036786  -0.013576  0.999231  0.001817  -0.014748  -0.004528  -0.022906  -0.059163  0.410766  2.000000  
71.922252 0.011608  0.091711  0.001464  0.988059  0.149218  0.038384  -0.149619  0.988713  0.007805  -0.036786  -0.013454  0.999233  0.001588  -0.014716  -0.004473  -0.026482  -0.054490  0.397108  2.000000  
71.923265 0.011609  0.091697  0.001461  0.988059  0.149218  0.038384  -0.149619  0.988713  0.007805  -0.036786  -0.013454  0.999233  0.001391  -0.014726  -0.004393  -0.025471  -0.049956  0.365765  2.000000  
71.924507 0.011609  0.091681  0.001457  0.988028  0.149426  0.038368  -0.149823  0.988683  0.007677  -0.036786  -0.013333  0.999234  0.001131  -0.014685  -0.004343  -0.032858  -0.049371  0.349132  2.000000  
71.925757 0.011610  0.091664  0.001454  0.987997  0.149629  0.038369  -0.150026  0.988652  0.007669  -0.036786  -0.013333  0.999234  0.000974  -0.014583  -0.004212  -0.035962  -0.049333  0.317487  2.000000  
71.927007 0.011610  0.091648  0.001450  0.987967  0.149837  0.038353  -0.150230  0.988622  0.007541  -0.036786  -0.013212  0.999236  0.000823  -0.014318  -0.004000  -0.039305  -0.044528  0.296768  2.000000  
71.928253 0.011611  0.091632  0.001446  0.987900  0.150243  0.038488  -0.150636  0.988561  0.007505  -0.036920  -0.013212  0.999231  0.000696  -0.014100  -0.003814  -0.042799  -0.048548  0.287423  2.000000  
71.929502 0.011612  0.091616  0.001443  0.987869  0.150451  0.038471  -0.150839  0.988531  0.007377  -0.036920  -0.013091  0.999232  0.000663  -0.013868  -0.003588  -0.046358  -0.043879  0.273741  2.000000  
71.930508 0.011613  0.091604  0.001440  0.987833  0.150653  0.038605  -0.151042  0.988500  0.007349  -0.037054  -0.013091  0.999228  0.000677  -0.013654  -0.003465  -0.046268  -0.044048  0.262143  2.000000  
71.931754 0.011615  0.091588  0.001437  0.987802  0.150856  0.038606  -0.151245  0.988469  0.007341  -0.037054  -0.013091  0.999228  0.000684  -0.013466  -0.003297  -0.045549  -0.039287  0.241577  2.000000  
71.933009 0.011617  0.091574  0.001433  0.987766  0.151063  0.038722  -0.151448  0.988439  0.007193  -0.037187  -0.012969  0.999224  0.000806  -0.013171  -0.003141  -0.049127  -0.039064  0.227627  2.000000  
71.934016 0.011619  0.091562  0.001430  0.987734  0.151266  0.038723  -0.151651  0.988408  0.007185  -0.037187  -0.012969  0.999224  0.000928  -0.012909  -0.003075  -0.048863  -0.038962  0.220667  2.000000  
71.935253 0.011623  0.091548  0.001426  0.987703  0.151470  0.038725  -0.151854  0.988377  0.007177  -0.037187  -0.012969  0.999224  0.001122  -0.012632  -0.002954  -0.048633  -0.038887  0.213861  2.000000  
71.936500 0.011626  0.091535  0.001422  0.987667  0.151667  0.038877  -0.152057  0.988345  0.007269  -0.037321  -0.013091  0.999218  0.001278  -0.012388  -0.002994  -0.039907  -0.042933  0.205178  2.000000  
71.937500 0.011629  0.091524  0.001418  0.987636  0.151870  0.038878  -0.152260  0.988314  0.007261  -0.037321  -0.013091  0.999218  0.001391  -0.012199  -0.002975  -0.039907  -0.042932  0.205177  2.000000  
71.938754 0.011633  0.091511  0.001415  0.987599  0.152072  0.039012  -0.152463  0.988283  0.007232  -0.037455  -0.013091  0.999213  0.001613  -0.011968  -0.002979  -0.040018  -0.043203  0.200001  2.000000  
71.939755 0.011637  0.091502  0.001413  0.987599  0.152072  0.039012  -0.152463  0.988283  0.007232  -0.037455  -0.013091  0.999213  0.001825  -0.011722  -0.002914  -0.035433  -0.043006  0.186185  2.000000  
71.940756 0.011641  0.091493  0.001411  0.987563  0.152274  0.039145  -0.152665  0.988252  0.007204  -0.037589  -0.013090  0.999208  0.002084  -0.011442  -0.002824  -0.035440  -0.047497  0.186093  2.000000  
71.941759 0.011645  0.091483  0.001410  0.987531  0.152477  0.039147  -0.152869  0.988220  0.007196  -0.037589  -0.013090  0.999208  0.002395  -0.011180  -0.002752  -0.035446  -0.042992  0.186122  2.000000  
71.943009 0.011651  0.091472  0.001408  0.987526  0.152475  0.039279  -0.152868  0.988221  0.007175  -0.037722  -0.013090  0.999203  0.002738  -0.010804  -0.002558  -0.030877  -0.042789  0.172275  2.000000  
71.944018 0.011656  0.091464  0.001407  0.987495  0.152679  0.039281  -0.153071  0.988189  0.007167  -0.037722  -0.013090  0.999203  0.002976  -0.010485  -0.002445  -0.030883  -0.042537  0.177743  2.000000  
71.945254 0.011662  0.091454  0.001405  0.987458  0.152880  0.039414  -0.153274  0.988158  0.007139  -0.037856  -0.013090  0.999197  0.003277  -0.010197  -0.002358  -0.026821  -0.047290  0.172271  2.000000  
71.946254 0.011667  0.091446  0.001405  0.987458  0.152880  0.039414  -0.153274  0.988158  0.007139  -0.037856  -0.013090  0.999197  0.003522  -0.009916  -0.002236  0.000000  0.000000  0.000000  2.000000  
71.947255 0.011673  0.091439  0.001403  0.987422  0.153082  0.039548  -0.153476  0.988127  0.007110  -0.037990  -0.013090  0.999192  0.003805  -0.009585  -0.002137  0.000000  0.000000  0.000000  2.000000  
71.948504 0.011681  0.091430  0.001402  0.987422  0.153082  0.039548  -0.153476  0.988127  0.007110  -0.037990  -0.013090  0.999192  0.004143  -0.009218  -0.001947  0.000000  0.000000  0.000000  2.000000  
71.949505 0.011686  0.091422  0.001401  0.987390  0.153286  0.039549  -0.153680  0.988095  0.007102  -0.037990  -0.013090  0.999192  0.004405  -0.008907  -0.001793  0.000000  0.000000  0.000000  2.000000  
71.950750 0.011694  0.091413  0.001400  0.987385  0.153284  0.039681  -0.153679  0.988095  0.007081  -0.038123  -0.013090  0.999187  0.004643  -0.008645  -0.001600  0.000000  0.000000  0.000000  2.000000  
71.951750 0.011699  0.091405  0.001399  0.987385  0.153284  0.039681  -0.153679  0.988095  0.007081  -0.038123  -0.013090  0.999187  0.004789  -0.008473  -0.001499  0.000000  0.000000  0.000000  2.000000  
71.952754 0.011704  0.091398  0.001397  0.987380  0.153277  0.039832  -0.153678  0.988095  0.007181  -0.038257  -0.013211  0.999181  0.005034  -0.008186  -0.001361  0.000000  0.000000  0.000000  2.000000  
71.953755 0.011709  0.091391  0.001396  0.987348  0.153481  0.039833  -0.153881  0.988063  0.007172  -0.038257  -0.013211  0.999181  0.005095  -0.008036  -0.001283  0.000000  0.000000  0.000000  2.000000  
71.955006 0.011716  0.091381  0.001394  0.987348  0.153481  0.039833  -0.153881  0.988063  0.007172  -0.038257  -0.013211  0.999181  0.005215  -0.007865  -0.001250  0.000000  0.000000  0.000000  2.000000  
71.956009 0.011721  0.091373  0.001392  0.987343  0.153474  0.039984  -0.153880  0.988063  0.007272  -0.038391  -0.013332  0.999174  0.005261  -0.007753  -0.001229  0.000000  0.000000  0.000000  2.000000  
71.957255 0.011726  0.091364  0.001390  0.987343  0.153474  0.039984  -0.153880  0.988063  0.007272  -0.038391  -0.013332  0.999174  0.005245  -0.007637  -0.001242  0.000000  0.000000  0.000000  2.000000  
71.958258 0.011731  0.091357  0.001389  0.987343  0.153474  0.039984  -0.153880  0.988063  0.007272  -0.038391  -0.013332  0.999174  0.005272  -0.007535  -0.001259  0.000000  0.000000  0.000000  2.000000  
71.959504 0.011736  0.091348  0.001387  0.987312  0.153673  0.040004  -0.154084  0.988030  0.007383  -0.038391  -0.013454  0.999172  0.005203  -0.007507  -0.001304  0.000000  0.000000  0.000000  2.000000  
71.960505 0.011740  0.091340  0.001386  0.987312  0.153673  0.040004  -0.154084  0.988030  0.007383  -0.038391  -0.013454  0.999172  0.005137  -0.007452  -0.001300  0.000000  0.000000  0.000000  2.000000  
71.961507 0.011745  0.091333  0.001385  0.987312  0.153673  0.040004  -0.154084  0.988030  0.007383  -0.038391  -0.013454  0.999172  0.005090  -0.007388  -0.001256  0.000000  0.000000  0.000000  2.000000  
71.962753 0.011749  0.091324  0.001384  0.987343  0.153469  0.040003  -0.153880  0.988062  0.007392  -0.038391  -0.013454  0.999172  0.004885  -0.007434  -0.001267  0.000000  0.000000  0.000000  2.000000  
71.963754 0.011752  0.091316  0.001384  0.987343  0.153469  0.040003  -0.153880  0.988062  0.007392  -0.038391  -0.013454  0.999172  0.004668  -0.007427  -0.001240  0.000000  0.000000  0.000000  2.000000  
71.965011 0.011756  0.091307  0.001384  0.987343  0.153469  0.040003  -0.153880  0.988062  0.007392  -0.038391  -0.013454  0.999172  0.004446  -0.007504  -0.001140  0.000000  0.000000  0.000000  2.000000  
71.966253 0.011760  0.091298  0.001384  0.987343  0.153469  0.040003  -0.153880  0.988062  0.007392  -0.038391  -0.013454  0.999172  0.004224  -0.007456  -0.001038  0.000000  0.000000  0.000000  2.000000  
71.967255 0.011762  0.091290  0.001384  0.987343  0.153469  0.040003  -0.153880  0.988062  0.007392  -0.038391  -0.013454  0.999172  0.004034  -0.007490  -0.000911  0.000000  0.000000  0.000000  2.000000  
71.968501 0.011765  0.091279  0.001384  0.987343  0.153469  0.040003  -0.153880  0.988062  0.007392  -0.038391  -0.013454  0.999172  0.003756  -0.007552  -0.000810  0.000000  0.000000  0.000000  2.000000  
71.969753 0.011767  0.091269  0.001383  0.987375  0.153266  0.040001  -0.153677  0.988093  0.007400  -0.038391  -0.013454  0.999172  0.003490  -0.007614  -0.000743  0.000000  0.000000  0.000000  2.000000  
71.970754 0.011769  0.091259  0.001382  0.987375  0.153266  0.040001  -0.153677  0.988093  0.007400  -0.038391  -0.013454  0.999172  0.003274  -0.007751  -0.000679  0.000000  0.000000  0.000000  2.000000  
71.971755 0.011771  0.091251  0.001381  0.987375  0.153266  0.040001  -0.153677  0.988093  0.007400  -0.038391  -0.013454  0.999172  0.003068  -0.007831  -0.000639  0.000000  0.000000  0.000000  2.000000  
71.972755 0.011773  0.091242  0.001381  0.987407  0.153058  0.040018  -0.153474  0.988124  0.007528  -0.038391  -0.013575  0.999171  0.002892  -0.007963  -0.000580  0.000000  0.000000  0.000000  2.000000  
71.974016 0.011776  0.091231  0.001381  0.987407  0.153058  0.040018  -0.153474  0.988124  0.007528  -0.038391  -0.013575  0.999171  0.002727  -0.008043  -0.000463  0.000000  0.000000  0.000000  2.000000  
71.975258 0.011779  0.091220  0.001379  0.987443  0.152856  0.039885  -0.153271  0.988155  0.007557  -0.038257  -0.013575  0.999176  0.002580  -0.008184  -0.000473  0.000000  0.000000  0.000000  2.000000  
71.976507 0.011781  0.091209  0.001380  0.987443  0.152856  0.039885  -0.153271  0.988155  0.007557  -0.038257  -0.013575  0.999176  0.002420  -0.008312  -0.000379  0.000000  0.000000  0.000000  2.000000  
71.977754 0.011784  0.091197  0.001379  0.987475  0.152648  0.039902  -0.153068  0.988186  0.007685  -0.038257  -0.013696  0.999174  0.002328  -0.008508  -0.000398  0.000000  0.000000  0.000000  2.000000  
71.979007 0.011787  0.091185  0.001379  0.987475  0.152648  0.039902  -0.153068  0.988186  0.007685  -0.038257  -0.013696  0.999174  0.002250  -0.008666  -0.000325  0.000000  0.000000  0.000000  2.000000  
71.980008 0.011790  0.091175  0.001379  0.987506  0.152444  0.039900  -0.152865  0.988217  0.007693  -0.038257  -0.013696  0.999174  0.002243  -0.008773  -0.000309  0.000000  0.000000  0.000000  2.000000  
71.981010 0.011792  0.091166  0.001379  0.987506  0.152444  0.039900  -0.152865  0.988217  0.007693  -0.038257  -0.013696  0.999174  0.002178  -0.008938  -0.000304  0.000000  0.000000  0.000000  2.000000  
71.982257 0.011795  0.091154  0.001381  0.987538  0.152241  0.039898  -0.152662  0.988249  0.007701  -0.038257  -0.013696  0.999174  0.002205  -0.009070  -0.000205  0.000000  0.000000  0.000000  2.000000  
71.983504 0.011798  0.091141  0.001382  0.987569  0.152037  0.039897  -0.152458  0.988280  0.007709  -0.038257  -0.013696  0.999174  0.002233  -0.009204  -0.000107  0.000000  0.000000  0.000000  2.000000  
71.984753 0.011802  0.091130  0.001383  0.987569  0.152037  0.039897  -0.152458  0.988280  0.007709  -0.038257  -0.013696  0.999174  0.002333  -0.009264  -0.000009  0.000000  0.000000  0.000000  2.000000  
71.985755 0.011805  0.091121  0.001384  0.987601  0.151834  0.039895  -0.152255  0.988311  0.007718  -0.038257  -0.013696  0.999174  0.002420  -0.009282  0.000075  0.000000  0.000000  0.000000  2.000000  
71.987004 0.011809  0.091109  0.001386  0.987601  0.151834  0.039895  -0.152255  0.988311  0.007718  -0.038257  -0.013696  0.999174  0.002503  -0.009305  0.000267  0.000000  0.000000  0.000000  2.000000  
71.988004 0.011813  0.091100  0.001387  0.987632  0.151630  0.039894  -0.152052  0.988342  0.007726  -0.038257  -0.013696  0.999174  0.002606  -0.009295  0.000407  0.000000  0.000000  0.000000  2.000000  
71.989005 0.011816  0.091091  0.001387  0.987632  0.151630  0.039894  -0.152052  0.988342  0.007726  -0.038257  -0.013696  0.999174  0.002709  -0.009328  0.000456  0.000000  0.000000  0.000000  2.000000  
71.990010 0.011820  0.091082  0.001389  0.987663  0.151427  0.039892  -0.151848  0.988374  0.007734  -0.038257  -0.013696  0.999174  0.002820  -0.009338  0.000608  0.000000  0.000000  0.000000  2.000000  
71.991255 0.011825  0.091071  0.001390  0.987663  0.151427  0.039892  -0.151848  0.988374  0.007734  -0.038257  -0.013696  0.999174  0.002961  -0.009319  0.000721  0.000000  0.000000  0.000000  2.000000  
71.992505 0.011830  0.091060  0.001391  0.987663  0.151427  0.039892  -0.151848  0.988374  0.007734  -0.038257  -0.013696  0.999174  0.003072  -0.009285  0.000816  0.000000  0.000000  0.000000  2.000000  
71.993754 0.011835  0.091049  0.001391  0.987699  0.151225  0.039758  -0.151646  0.988404  0.007762  -0.038123  -0.013696  0.999179  0.003262  -0.009241  0.000830  0.000000  0.000000  0.000000  2.000000  
71.994755 0.011839  0.091039  0.001392  0.987699  0.151220  0.039777  -0.151646  0.988403  0.007882  -0.038123  -0.013817  0.999178  0.003357  -0.009244  0.000868  0.000000  0.000000  0.000000  2.000000  
71.996004 0.011844  0.091028  0.001392  0.987699  0.151220  0.039777  -0.151646  0.988403  0.007882  -0.038123  -0.013817  0.999178  0.003506  -0.009189  0.000861  0.000000  0.000000  0.000000  2.000000  
71.997009 0.011849  0.091019  0.001393  0.987699  0.151220  0.039777  -0.151646  0.988403  0.007882  -0.038123  -0.013817  0.999178  0.003645  -0.009127  0.000811  0.000000  0.000000  0.000000  2.000000  
71.998254 0.011855  0.091008  0.001393  0.987699  0.151220  0.039777  -0.151646  0.988403  0.007882  -0.038123  -0.013817  0.999178  0.003804  -0.009079  0.000771  0.000000  0.000000  0.000000  2.000000  
71.999254 0.011860  0.090999  0.001394  0.987699  0.151220  0.039777  -0.151646  0.988403  0.007882  -0.038123  -0.013817  0.999178  0.003951  -0.009068  0.000781  0.000000  0.000000  0.000000  2.000000  
72.000504 0.011866  0.090988  0.001395  0.987668  0.151424  0.039778  -0.151849  0.988372  0.007874  -0.038123  -0.013817  0.999178  0.004148  -0.009002  0.000748  0.000000  0.000000  0.000000  2.000000  
72.001510 0.011871  0.090980  0.001396  0.987668  0.151424  0.039778  -0.151849  0.988372  0.007874  -0.038123  -0.013817  0.999178  0.004287  -0.008928  0.000713  0.000000  0.000000  0.000000  2.000000  
72.002752 0.011878  0.090969  0.001396  0.987673  0.151426  0.039646  -0.151850  0.988372  0.007894  -0.037990  -0.013817  0.999183  0.004397  -0.008889  0.000640  0.000000  0.000000  0.000000  2.000000  
72.003755 0.011883  0.090961  0.001397  0.987642  0.151629  0.039648  -0.152053  0.988341  0.007886  -0.037990  -0.013817  0.999183  0.004522  -0.008814  0.000657  0.000000  0.000000  0.000000  2.000000  
72.005005 0.011890  0.090951  0.001398  0.987642  0.151629  0.039648  -0.152053  0.988341  0.007886  -0.037990  -0.013817  0.999183  0.004628  -0.008775  0.000584  0.000000  0.000000  0.000000  2.000000  
72.006010 0.011895  0.090943  0.001399  0.987611  0.151833  0.039649  -0.152256  0.988310  0.007878  -0.037990  -0.013817  0.999183  0.004724  -0.008725  0.000576  0.000000  0.000000  0.000000  2.000000  
72.007252 0.011901  0.090932  0.001399  0.987611  0.151837  0.039631  -0.152256  0.988311  0.007758  -0.037990  -0.013696  0.999184  0.004834  -0.008627  0.000549  0.000000  0.000000  0.000000  2.000000  
72.008258 0.011906  0.090924  0.001400  0.987584  0.152043  0.039500  -0.152461  0.988279  0.007771  -0.037856  -0.013696  0.999189  0.004856  -0.008571  0.000560  0.000000  0.000000  0.000000  2.000000  
72.009505 0.011912  0.090915  0.001400  0.987584  0.152043  0.039500  -0.152461  0.988279  0.007771  -0.037856  -0.013696  0.999189  0.004933  -0.008441  0.000513  0.000000  0.000000  0.000000  2.000000  
72.010754 0.011918  0.090905  0.001399  0.987553  0.152246  0.039502  -0.152664  0.988248  0.007762  -0.037856  -0.013696  0.999189  0.004963  -0.008364  0.000477  0.000000  0.000000  0.000000  2.000000  
72.012007 0.011924  0.090894  0.001399  0.987521  0.152450  0.039504  -0.152867  0.988216  0.007754  -0.037856  -0.013696  0.999189  0.004991  -0.008323  0.000440  0.000000  0.000000  0.000000  2.000000  
72.013257 0.011929  0.090884  0.001398  0.987521  0.152450  0.039504  -0.152867  0.988216  0.007754  -0.037856  -0.013696  0.999189  0.004910  -0.008244  0.000308  0.000000  0.000000  0.000000  2.000000  
72.014505 0.011935  0.090874  0.001398  0.987490  0.152653  0.039505  -0.153070  0.988185  0.007746  -0.037856  -0.013696  0.999189  0.004899  -0.008170  0.000235  0.000000  0.000000  0.000000  2.000000  
72.015754 0.011940  0.090864  0.001396  0.987458  0.152857  0.039507  -0.153274  0.988153  0.007738  -0.037856  -0.013696  0.999189  0.004834  -0.008136  0.000069  0.000000  0.000000  0.000000  2.000000  
72.016774 0.011944  0.090855  0.001396  0.987432  0.153062  0.039376  -0.153478  0.988122  0.007750  -0.037722  -0.013696  0.999194  0.004751  -0.008137  -0.000003  0.000000  0.000000  0.000000  2.000000  
72.018002 0.011949  0.090845  0.001395  0.987400  0.153265  0.039378  -0.153681  0.988090  0.007742  -0.037722  -0.013696  0.999194  0.004644  -0.008167  -0.000148  0.000000  0.000000  0.000000  2.000000  
72.019008 0.011953  0.090836  0.001394  0.987400  0.153265  0.039378  -0.153681  0.988090  0.007742  -0.037722  -0.013696  0.999194  0.004598  -0.008147  -0.000196  0.000000  0.000000  0.000000  2.000000  
72.020252 0.011958  0.090826  0.001394  0.987369  0.153469  0.039379  -0.153884  0.988059  0.007734  -0.037722  -0.013696  0.999194  0.004471  -0.008173  -0.000254  0.000000  0.000000  0.000000  2.000000  
72.021500 0.011962  0.090816  0.001393  0.987337  0.153672  0.039381  -0.154088  0.988027  0.007726  -0.037722  -0.013696  0.999194  0.004316  -0.008189  -0.000396  0.000000  0.000000  0.000000  2.000000  
72.022755 0.011966  0.090805  0.001393  0.987305  0.153875  0.039383  -0.154291  0.987995  0.007718  -0.037722  -0.013696  0.999194  0.004188  -0.008215  -0.000454  0.000000  0.000000  0.000000  2.000000  
72.024016 0.011970  0.090795  0.001393  0.987273  0.154079  0.039384  -0.154494  0.987964  0.007710  -0.037722  -0.013696  0.999194  0.004083  -0.008218  -0.000457  0.000000  0.000000  0.000000  2.000000  
72.025273 0.011975  0.090785  0.001392  0.987241  0.154282  0.039386  -0.154697  0.987932  0.007702  -0.037722  -0.013696  0.999194  0.003934  -0.008193  -0.000531  0.000000  0.000000  0.000000  2.000000  
72.026506 0.011979  0.090776  0.001392  0.987210  0.154490  0.039369  -0.154901  0.987901  0.007574  -0.037722  -0.013575  0.999196  0.003835  -0.008135  -0.000489  0.000000  0.000000  0.000000  2.000000  
72.027755 0.011983  0.090766  0.001392  0.987178  0.154694  0.039370  -0.155104  0.987869  0.007566  -0.037722  -0.013575  0.999196  0.003710  -0.008126  -0.000456  0.000000  0.000000  0.000000  2.000000  
72.028755 0.011985  0.090758  0.001391  0.987146  0.154897  0.039372  -0.155307  0.987837  0.007558  -0.037722  -0.013575  0.999196  0.003571  -0.008157  -0.000482  0.000000  0.000000  0.000000  2.000000  
72.030012 0.011989  0.090748  0.001390  0.987114  0.155100  0.039373  -0.155510  0.987805  0.007550  -0.037722  -0.013575  0.999196  0.003462  -0.008078  -0.000439  0.000000  0.000000  0.000000  2.000000  
72.031254 0.011993  0.090738  0.001390  0.987114  0.155100  0.039373  -0.155510  0.987805  0.007550  -0.037722  -0.013575  0.999196  0.003378  -0.008116  -0.000426  0.000000  0.000000  0.000000  2.000000  
72.032255 0.011996  0.090730  0.001389  0.987082  0.155304  0.039375  -0.155714  0.987773  0.007541  -0.037722  -0.013575  0.999196  0.003303  -0.008081  -0.000457  0.000000  0.000000  0.000000  2.000000  
72.033255 0.011999  0.090722  0.001389  0.987050  0.155507  0.039376  -0.155917  0.987741  0.007533  -0.037722  -0.013575  0.999196  0.003249  -0.008008  -0.000398  0.000000  0.000000  0.000000  2.000000  
72.034256 0.012002  0.090714  0.001389  0.987050  0.155507  0.039376  -0.155917  0.987741  0.007533  -0.037722  -0.013575  0.999196  0.003194  -0.008006  -0.000399  0.000000  0.000000  0.000000  2.000000  
72.035500 0.012006  0.090704  0.001388  0.987013  0.155709  0.039510  -0.156119  0.987710  0.007504  -0.037856  -0.013575  0.999191  0.003144  -0.008007  -0.000378  0.000000  0.000000  0.000000  2.000000  
72.036500 0.012009  0.090697  0.001388  0.986980  0.155907  0.039531  -0.156322  0.987677  0.007616  -0.037856  -0.013696  0.999189  0.003143  -0.007926  -0.000333  0.000000  0.000000  0.000000  2.000000  
72.037502 0.012012  0.090689  0.001388  0.986980  0.155907  0.039531  -0.156322  0.987677  0.007616  -0.037856  -0.013696  0.999189  0.003124  -0.007915  -0.000333  0.000000  0.000000  0.000000  2.000000  
72.038756 0.012016  0.090679  0.001388  0.986948  0.156111  0.039532  -0.156526  0.987645  0.007608  -0.037856  -0.013696  0.999189  0.003110  -0.007914  -0.000298  0.000000  0.000000  0.000000  2.000000  
72.040008 0.012021  0.090670  0.001389  0.986916  0.156314  0.039534  -0.156729  0.987612  0.007600  -0.037856  -0.013696  0.999189  0.003090  -0.007888  -0.000242  0.000000  0.000000  0.000000  2.000000  
72.041256 0.012025  0.090660  0.001389  0.986884  0.156517  0.039535  -0.156932  0.987580  0.007592  -0.037856  -0.013696  0.999189  0.003152  -0.007831  -0.000197  0.000000  0.000000  0.000000  2.000000  
72.042257 0.012028  0.090653  0.001389  0.986884  0.156517  0.039535  -0.156932  0.987580  0.007592  -0.037856  -0.013696  0.999189  0.003156  -0.007805  -0.000124  0.000000  0.000000  0.000000  2.000000  
72.043258 0.012032  0.090645  0.001389  0.986851  0.156721  0.039537  -0.157135  0.987548  0.007583  -0.037856  -0.013696  0.999189  0.003187  -0.007776  -0.000100  0.000000  0.000000  0.000000  2.000000  
72.044505 0.012036  0.090636  0.001390  0.986851  0.156721  0.039537  -0.157135  0.987548  0.007583  -0.037856  -0.013696  0.999189  0.003215  -0.007734  -0.000059  0.000000  0.000000  0.000000  2.000000  
72.045505 0.012039  0.090629  0.001390  0.986819  0.156924  0.039538  -0.157338  0.987516  0.007575  -0.037856  -0.013696  0.999189  0.003252  -0.007679  0.000039  0.000000  0.000000  0.000000  2.000000  
72.046755 0.012044  0.090621  0.001391  0.986787  0.157127  0.039540  -0.157541  0.987483  0.007567  -0.037856  -0.013696  0.999189  0.003324  -0.007561  0.000131  0.000000  0.000000  0.000000  2.000000  
72.048008 0.012048  0.090612  0.001391  0.986782  0.157125  0.039672  -0.157541  0.987484  0.007546  -0.037990  -0.013696  0.999184  0.003330  -0.007497  0.000176  0.000000  0.000000  0.000000  2.000000  
72.049251 0.012052  0.090603  0.001392  0.986749  0.157329  0.039673  -0.157744  0.987451  0.007538  -0.037990  -0.013696  0.999184  0.003348  -0.007434  0.000200  0.000000  0.000000  0.000000  2.000000  
72.050255 0.012056  0.090596  0.001392  0.986749  0.157329  0.039673  -0.157744  0.987451  0.007538  -0.037990  -0.013696  0.999184  0.003424  -0.007319  0.000278  0.000000  0.000000  0.000000  2.000000  
72.051503 0.012060  0.090588  0.001392  0.986717  0.157532  0.039675  -0.157947  0.987419  0.007530  -0.037990  -0.013696  0.999184  0.003439  -0.007237  0.000276  0.000000  0.000000  0.000000  2.000000  
72.052504 0.012064  0.090581  0.001392  0.986717  0.157527  0.039694  -0.157947  0.987418  0.007649  -0.037990  -0.013817  0.999183  0.003430  -0.007210  0.000263  0.000000  0.000000  0.000000  2.000000  
72.053755 0.012068  0.090572  0.001393  0.986684  0.157730  0.039696  -0.158150  0.987386  0.007641  -0.037990  -0.013817  0.999183  0.003468  -0.007095  0.000295  0.000000  0.000000  0.000000  2.000000  
72.055004 0.012073  0.090564  0.001392  0.986684  0.157730  0.039696  -0.158150  0.987386  0.007641  -0.037990  -0.013817  0.999183  0.003476  -0.007076  0.000249  0.000000  0.000000  0.000000  2.000000  
72.056007 0.012077  0.090557  0.001393  0.986651  0.157934  0.039697  -0.158353  0.987353  0.007633  -0.037990  -0.013817  0.999183  0.003483  -0.006989  0.000269  0.000000  0.000000  0.000000  2.000000  
72.057252 0.012081  0.090549  0.001393  0.986651  0.157934  0.039697  -0.158353  0.987353  0.007633  -0.037990  -0.013817  0.999183  0.003513  -0.006940  0.000257  0.000000  0.000000  0.000000  2.000000  
72.058256 0.012084  0.090542  0.001393  0.986619  0.158137  0.039699  -0.158556  0.987321  0.007625  -0.037990  -0.013817  0.999183  0.003504  -0.006912  0.000244  0.000000  0.000000  0.000000  2.000000  
72.059504 0.012089  0.090534  0.001393  0.986619  0.158137  0.039699  -0.158556  0.987321  0.007625  -0.037990  -0.013817  0.999183  0.003518  -0.006830  0.000242  0.000000  0.000000  0.000000  2.000000  
72.060504 0.012092  0.090527  0.001393  0.986619  0.158137  0.039699  -0.158556  0.987321  0.007625  -0.037990  -0.013817  0.999183  0.003525  -0.006810  0.000195  0.000000  0.000000  0.000000  2.000000  
72.061504 0.012095  0.090520  0.001394  0.986586  0.158340  0.039700  -0.158759  0.987288  0.007617  -0.037990  -0.013817  0.999183  0.003479  -0.006806  0.000181  0.000000  0.000000  0.000000  2.000000  
72.062755 0.012100  0.090512  0.001394  0.986586  0.158340  0.039700  -0.158759  0.987288  0.007617  -0.037990  -0.013817  0.999183  0.003494  -0.006724  0.000179  0.000000  0.000000  0.000000  2.000000  
72.064018 0.012104  0.090505  0.001394  0.986553  0.158543  0.039702  -0.158962  0.987255  0.007609  -0.037990  -0.013817  0.999183  0.003473  -0.006661  0.000153  0.000000  0.000000  0.000000  2.000000  
72.065253 0.012108  0.090497  0.001395  0.986553  0.158543  0.039702  -0.158962  0.987255  0.007609  -0.037990  -0.013817  0.999183  0.003436  -0.006614  0.000176  0.000000  0.000000  0.000000  2.000000  
72.066255 0.012111  0.090491  0.001395  0.986553  0.158539  0.039721  -0.158962  0.987254  0.007728  -0.037990  -0.013939  0.999181  0.003411  -0.006549  0.000172  0.000000  0.000000  0.000000  2.000000  
72.067505 0.012115  0.090484  0.001395  0.986521  0.158742  0.039723  -0.159166  0.987222  0.007720  -0.037990  -0.013939  0.999181  0.003386  -0.006426  0.000226  0.000000  0.000000  0.000000  2.000000  
72.068755 0.012118  0.090476  0.001395  0.986521  0.158742  0.039723  -0.159166  0.987222  0.007720  -0.037990  -0.013939  0.999181  0.003331  -0.006410  0.000191  0.000000  0.000000  0.000000  2.000000  
72.070008 0.012122  0.090469  0.001395  0.986488  0.158945  0.039724  -0.159369  0.987189  0.007712  -0.037990  -0.013939  0.999181  0.003296  -0.006313  0.000174  0.000000  0.000000  0.000000  2.000000  
72.071252 0.012126  0.090462  0.001396  0.986488  0.158945  0.039724  -0.159369  0.987189  0.007712  -0.037990  -0.013939  0.999181  0.003237  -0.006235  0.000218  0.000000  0.000000  0.000000  2.000000  
72.072252 0.012129  0.090456  0.001396  0.986488  0.158945  0.039724  -0.159369  0.987189  0.007712  -0.037990  -0.013939  0.999181  0.003153  -0.006159  0.000213  0.000000  0.000000  0.000000  2.000000  
72.073259 0.012132  0.090451  0.001397  0.986455  0.159148  0.039726  -0.159572  0.987156  0.007704  -0.037990  -0.013939  0.999181  0.003144  -0.006043  0.000232  0.000000  0.000000  0.000000  2.000000  
72.074508 0.012135  0.090443  0.001397  0.986455  0.159148  0.039726  -0.159572  0.987156  0.007704  -0.037990  -0.013939  0.999181  0.003078  -0.006009  0.000218  0.000000  0.000000  0.000000  2.000000  
72.075755 0.012138  0.090436  0.001398  0.986422  0.159352  0.039728  -0.159775  0.987123  0.007696  -0.037990  -0.013939  0.999181  0.003016  -0.005941  0.000297  0.000000  0.000000  0.000000  2.000000  
72.076756 0.012141  0.090431  0.001398  0.986422  0.159352  0.039728  -0.159775  0.987123  0.007696  -0.037990  -0.013939  0.999181  0.002985  -0.005882  0.000307  0.000000  0.000000  0.000000  2.000000  
72.078010 0.012145  0.090424  0.001399  0.986389  0.159555  0.039729  -0.159978  0.987091  0.007687  -0.037990  -0.013939  0.999181  0.002926  -0.005785  0.000338  0.000000  0.000000  0.000000  2.000000  
72.079254 0.012147  0.090417  0.001400  0.986389  0.159555  0.039729  -0.159978  0.987091  0.007687  -0.037990  -0.013939  0.999181  0.002847  -0.005750  0.000359  0.000000  0.000000  0.000000  2.000000  
72.080255 0.012150  0.090412  0.001401  0.986356  0.159758  0.039731  -0.160181  0.987058  0.007679  -0.037990  -0.013939  0.999181  0.002831  -0.005654  0.000426  0.000000  0.000000  0.000000  2.000000  
72.081504 0.012153  0.090406  0.001402  0.986356  0.159758  0.039731  -0.160181  0.987058  0.007679  -0.037990  -0.013939  0.999181  0.002759  -0.005555  0.000492  0.000000  0.000000  0.000000  2.000000  
72.082504 0.012155  0.090401  0.001402  0.986323  0.159961  0.039732  -0.160384  0.987025  0.007671  -0.037990  -0.013939  0.999181  0.002700  -0.005548  0.000487  0.000000  0.000000  0.000000  2.000000  
72.083750 0.012158  0.090395  0.001404  0.986323  0.159961  0.039732  -0.160384  0.987025  0.007671  -0.037990  -0.013939  0.999181  0.002661  -0.005422  0.000574  0.000000  0.000000  0.000000  2.000000  
72.084752 0.012160  0.090390  0.001405  0.986290  0.160164  0.039734  -0.160587  0.986992  0.007663  -0.037990  -0.013939  0.999181  0.002570  -0.005384  0.000636  0.000000  0.000000  0.000000  2.000000  
72.085756 0.012163  0.090386  0.001406  0.986257  0.160368  0.039735  -0.160790  0.986959  0.007655  -0.037990  -0.013939  0.999181  0.002553  -0.005286  0.000703  0.000000  0.000000  0.000000  2.000000  
72.087006 0.012165  0.090379  0.001408  0.986252  0.160371  0.039848  -0.160789  0.986960  0.007514  -0.038123  -0.013817  0.999178  0.002473  -0.005209  0.000807  0.000000  0.000000  0.000000  2.000000  
