1-Time 2-Px 3-Py 4-Pz 5-R11 6-R21 7-R31 8-R12 9-R22 10-R32 11-R13 12-R23 13-R33 14-Vx 15-Vy 16-Vz 17-Wx 18-Wy 19-Wz 20-state 21-PR11 22-PR21 23-PR31 24-PR12 25-PR22 26-PR32 27-PR13 28-PR23 29-PR33 
72.660437 0.008923  0.096073  0.010106  0.994607  0.094600  -0.042515  -0.093853  0.995400  0.019241  0.044139  -0.015147  0.998911  0.000071  0.000306  0.000095  0.000000  0.000000  0.000000  2.000000  
72.661439 0.008923  0.096073  0.010106  0.994607  0.094600  -0.042515  -0.093853  0.995400  0.019241  0.044139  -0.015147  0.998911  0.000081  0.000330  0.000053  0.000000  0.000000  0.000000  2.000000  
72.662447 0.008924  0.096073  0.010106  0.994563  0.095012  -0.042640  -0.094262  0.995361  0.019271  0.044273  -0.015147  0.998905  0.000157  0.000302  0.000042  0.000000  0.000000  0.000000  2.000000  
72.663691 0.008927  0.096073  0.010105  0.994498  0.095628  -0.042761  -0.094875  0.995302  0.019310  0.044407  -0.015147  0.998899  0.000332  0.000302  0.000029  0.000000  0.000000  0.000000  2.000000  
72.664941 0.008929  0.096073  0.010105  0.994479  0.095838  -0.042745  -0.095080  0.995280  0.019439  0.044407  -0.015268  0.998897  0.000494  0.000237  -0.000024  0.000000  0.000000  0.000000  2.000000  
72.665942 0.008932  0.096072  0.010104  0.994453  0.096045  -0.042874  -0.095284  0.995260  0.019461  0.044540  -0.015268  0.998891  0.000647  0.000124  -0.000087  0.000000  0.000000  0.000000  2.000000  
72.666944 0.008935  0.096072  0.010105  0.994428  0.096258  -0.042992  -0.095488  0.995237  0.019603  0.044674  -0.015389  0.998883  0.000860  0.000130  -0.000064  0.000000  0.000000  0.000000  2.000000  
72.668194 0.008939  0.096072  0.010105  0.994337  0.097081  -0.043242  -0.096306  0.995157  0.019664  0.044941  -0.015389  0.998871  0.001144  0.000142  0.000001  0.000000  0.000000  0.000000  2.000000  
72.669441 0.008943  0.096072  0.010105  0.994265  0.097700  -0.043495  -0.096919  0.995097  0.019717  0.045209  -0.015388  0.998859  0.001368  0.000090  -0.000016  0.000000  0.000000  0.000000  2.000000  
72.670690 0.008946  0.096072  0.010104  0.994179  0.098527  -0.043600  -0.097737  0.995014  0.019887  0.045342  -0.015509  0.998851  0.001582  0.000054  -0.000077  0.000000  0.000000  0.000000  2.000000  
72.671691 0.008949  0.096072  0.010103  0.994132  0.098938  -0.043725  -0.098146  0.994973  0.019918  0.045476  -0.015509  0.998845  0.001797  0.000019  -0.000137  0.000000  0.000000  0.000000  2.000000  
72.672692 0.008952  0.096073  0.010102  0.994066  0.099560  -0.043834  -0.098759  0.994909  0.020079  0.045610  -0.015630  0.998837  0.001988  0.000057  -0.000237  0.000000  0.000000  0.000000  2.000000  
72.673937 0.008956  0.096075  0.010102  0.993972  0.100384  -0.044083  -0.099577  0.994826  0.020141  0.045877  -0.015630  0.998825  0.002271  0.000187  -0.000269  0.024514  0.055126  0.185983  2.000000  
72.674942 0.008960  0.096076  0.010101  0.993883  0.101210  -0.044187  -0.100395  0.994740  0.020312  0.046010  -0.015751  0.998817  0.002521  0.000287  -0.000323  0.030053  0.059637  0.215232  2.000000  
72.676187 0.008964  0.096077  0.010099  0.993788  0.102039  -0.044424  -0.101212  0.994654  0.020496  0.046278  -0.015872  0.998803  0.002746  0.000292  -0.000427  0.035119  0.067629  0.241028  2.000000  
72.677187 0.008968  0.096078  0.010098  0.993719  0.102655  -0.044544  -0.101825  0.994590  0.020537  0.046411  -0.015872  0.998796  0.002965  0.000360  -0.000504  0.036069  0.071772  0.261674  2.000000  
72.678188 0.008973  0.096079  0.010096  0.993644  0.103279  -0.044785  -0.102437  0.994524  0.020712  0.046679  -0.015993  0.998782  0.003118  0.000391  -0.000638  0.041419  0.081013  0.284691  2.000000  
72.679199 0.008976  0.096080  0.010095  0.993568  0.103903  -0.045025  -0.103050  0.994457  0.020888  0.046946  -0.016114  0.998767  0.003257  0.000448  -0.000663  0.046461  0.089630  0.305455  2.000000  
72.680441 0.008981  0.096079  0.010095  0.993470  0.104732  -0.045261  -0.103867  0.994368  0.021074  0.047213  -0.016235  0.998753  0.003354  0.000469  -0.000648  0.051854  0.098193  0.333322  2.000000  
72.681442 0.008985  0.096078  0.010095  0.993399  0.105354  -0.045368  -0.104479  0.994300  0.021236  0.047347  -0.016356  0.998745  0.003442  0.000423  -0.000663  0.056902  0.102341  0.354127  2.000000  
72.682444 0.008990  0.096077  0.010094  0.993322  0.105972  -0.045621  -0.105092  0.994235  0.021292  0.047614  -0.016356  0.998732  0.003564  0.000336  -0.000709  0.057895  0.110994  0.374958  2.000000  
72.683693 0.008996  0.096075  0.010095  0.993244  0.106596  -0.045861  -0.105704  0.994166  0.021469  0.047882  -0.016477  0.998717  0.003673  0.000170  -0.000751  0.062976  0.119633  0.395834  2.000000  
72.684942 0.009000  0.096071  0.010094  0.993166  0.107220  -0.046100  -0.106316  0.994097  0.021647  0.048149  -0.016598  0.998702  0.003756  -0.000074  -0.000772  0.068389  0.128176  0.423671  2.000000  
72.686197 0.009005  0.096067  0.010092  0.993094  0.107836  -0.046220  -0.106928  0.994030  0.021690  0.048283  -0.016598  0.998696  0.003879  -0.000312  -0.000763  0.069361  0.132312  0.444369  2.000000  
72.687443 0.009010  0.096064  0.010091  0.993037  0.108250  -0.046476  -0.107336  0.993985  0.021737  0.048550  -0.016597  0.998683  0.003937  -0.000609  -0.000783  0.070068  0.141097  0.458376  2.000000  
72.688444 0.009015  0.096062  0.010090  0.992986  0.108661  -0.046600  -0.107744  0.993940  0.021771  0.048683  -0.016597  0.998676  0.004037  -0.000880  -0.000809  0.070741  0.145373  0.472266  2.000000  
72.689690 0.009021  0.096059  0.010088  0.992935  0.109078  -0.046711  -0.108152  0.993893  0.021925  0.048817  -0.016718  0.998668  0.004133  -0.001212  -0.000876  0.075493  0.149622  0.486175  2.000000  
72.690694 0.009024  0.096055  0.010086  0.992884  0.109490  -0.046835  -0.108560  0.993847  0.021959  0.048951  -0.016718  0.998661  0.004142  -0.001490  -0.000943  0.075559  0.152663  0.496054  2.000000  
72.691939 0.009029  0.096052  0.010083  0.992855  0.109697  -0.046963  -0.108764  0.993824  0.021983  0.049084  -0.016718  0.998655  0.004092  -0.001791  -0.000974  0.075608  0.157157  0.496233  2.000000  
72.693202 0.009033  0.096049  0.010082  0.992826  0.109904  -0.047091  -0.108968  0.993802  0.022007  0.049218  -0.016718  0.998648  0.004068  -0.002038  -0.000996  0.075339  0.157237  0.489283  2.000000  
72.694441 0.009038  0.096046  0.010080  0.992797  0.110110  -0.047220  -0.109171  0.993779  0.022032  0.049352  -0.016718  0.998642  0.004044  -0.002261  -0.001059  0.071309  0.158742  0.479555  2.000000  
72.695443 0.009040  0.096043  0.010077  0.992775  0.110315  -0.047215  -0.109376  0.993756  0.022041  0.049352  -0.016718  0.998642  0.003918  -0.002446  -0.001192  0.071338  0.154240  0.479463  2.000000  
72.696693 0.009042  0.096037  0.010075  0.992775  0.110315  -0.047215  -0.109376  0.993756  0.022041  0.049352  -0.016718  0.998642  0.003679  -0.002738  -0.001320  0.066973  0.149837  0.472524  2.000000  
72.697944 0.009043  0.096031  0.010073  0.992745  0.110516  -0.047357  -0.109579  0.993736  0.021945  0.049485  -0.016597  0.998637  0.003351  -0.003040  -0.001491  0.062008  0.145696  0.451687  2.000000  
72.699194 0.009044  0.096025  0.010071  0.992745  0.110516  -0.047357  -0.109579  0.993736  0.021945  0.049485  -0.016597  0.998637  0.003092  -0.003239  -0.001560  0.061080  0.137024  0.430773  2.000000  
72.700442 0.009045  0.096019  0.010068  0.992716  0.110723  -0.047485  -0.109783  0.993713  0.021970  0.049619  -0.016596  0.998630  0.002822  -0.003393  -0.001657  0.056076  0.137335  0.410056  2.000000  
72.701691 0.009045  0.096013  0.010067  0.992716  0.110717  -0.047498  -0.109783  0.993715  0.021849  0.049619  -0.016475  0.998632  0.002502  -0.003530  -0.001662  0.051042  0.133200  0.389256  2.000000  
72.702703 0.009046  0.096008  0.010066  0.992716  0.110717  -0.047498  -0.109783  0.993715  0.021849  0.049619  -0.016475  0.998632  0.002219  -0.003658  -0.001629  0.046007  0.124465  0.368230  2.000000  
72.703937 0.009046  0.096003  0.010065  0.992710  0.110719  -0.047631  -0.109782  0.993715  0.021864  0.049753  -0.016475  0.998626  0.001872  -0.003820  -0.001636  0.044709  0.123814  0.344764  2.000000  
72.704940 0.009045  0.095998  0.010063  0.992710  0.110713  -0.047645  -0.109782  0.993718  0.021743  0.049753  -0.016354  0.998628  0.001580  -0.003944  -0.001575  0.035334  0.119805  0.317301  2.000000  
72.706201 0.009045  0.095992  0.010060  0.992710  0.110708  -0.047658  -0.109782  0.993720  0.021623  0.049753  -0.016233  0.998630  0.001210  -0.004116  -0.001594  0.025846  0.112324  0.285138  2.000000  
72.707437 0.009044  0.095988  0.010059  0.992716  0.110706  -0.047525  -0.109783  0.993721  0.021608  0.049619  -0.016233  0.998636  0.000892  -0.004191  -0.001604  0.024673  0.098400  0.262140  2.000000  
72.708442 0.009043  0.095984  0.010057  0.992694  0.110904  -0.047534  -0.109987  0.993700  0.021497  0.049619  -0.016112  0.998638  0.000558  -0.004346  -0.001632  0.015968  0.089754  0.248433  2.000000  
72.709691 0.009042  0.095980  0.010054  0.992694  0.110904  -0.047534  -0.109987  0.993700  0.021497  0.049619  -0.016112  0.998638  0.000227  -0.004385  -0.001623  0.010949  0.081079  0.227531  2.000000  
72.710938 0.009039  0.095975  0.010052  0.992694  0.110899  -0.047548  -0.109987  0.993703  0.021377  0.049619  -0.015991  0.998640  -0.000102  -0.004389  -0.001628  0.001562  0.072614  0.200004  2.000000  
72.711945 0.009037  0.095971  0.010049  0.992694  0.110893  -0.047561  -0.109987  0.993706  0.021256  0.049619  -0.015870  0.998642  -0.000340  -0.004308  -0.001690  -0.007511  0.068476  0.179342  2.000000  
72.713204 0.009034  0.095966  0.010046  0.992700  0.110891  -0.047428  -0.109988  0.993706  0.021241  0.049485  -0.015870  0.998649  -0.000628  -0.004239  -0.001757  0.000000  0.000000  0.000000  2.000000  
72.714443 0.009032  0.095962  0.010044  0.992678  0.111090  -0.047437  -0.110193  0.993686  0.021131  0.049485  -0.015749  0.998651  -0.000881  -0.004084  -0.001764  0.000000  0.000000  0.000000  2.000000  
72.715695 0.009030  0.095959  0.010042  0.992678  0.111090  -0.047437  -0.110193  0.993686  0.021131  0.049485  -0.015749  0.998651  -0.001034  -0.003898  -0.001770  0.000000  0.000000  0.000000  2.000000  
72.716942 0.009027  0.095956  0.010040  0.992678  0.111090  -0.047437  -0.110193  0.993686  0.021131  0.049485  -0.015749  0.998651  -0.001219  -0.003738  -0.001781  0.000000  0.000000  0.000000  2.000000  
72.717946 0.009025  0.095954  0.010038  0.992678  0.111084  -0.047451  -0.110193  0.993688  0.021010  0.049485  -0.015628  0.998653  -0.001355  -0.003568  -0.001839  0.000000  0.000000  0.000000  2.000000  
72.719193 0.009024  0.095951  0.010036  0.992655  0.111288  -0.047447  -0.110397  0.993665  0.021020  0.049485  -0.015628  0.998653  -0.001469  -0.003329  -0.001864  0.000000  0.000000  0.000000  2.000000  
72.720194 0.009023  0.095950  0.010035  0.992655  0.111288  -0.047447  -0.110397  0.993665  0.021020  0.049485  -0.015628  0.998653  -0.001498  -0.003150  -0.001870  0.000000  0.000000  0.000000  2.000000  
72.721439 0.009022  0.095948  0.010033  0.992632  0.111493  -0.047442  -0.110601  0.993642  0.021030  0.049485  -0.015628  0.998653  -0.001541  -0.002899  -0.001846  0.000000  0.000000  0.000000  2.000000  
72.722440 0.009020  0.095946  0.010031  0.992632  0.111493  -0.047442  -0.110601  0.993642  0.021030  0.049485  -0.015628  0.998653  -0.001611  -0.002767  -0.001851  0.000000  0.000000  0.000000  2.000000  
72.723688 0.009019  0.095945  0.010029  0.992632  0.111487  -0.047456  -0.110601  0.993645  0.020909  0.049485  -0.015506  0.998654  -0.001562  -0.002539  -0.001839  0.000000  0.000000  0.000000  2.000000  
72.724691 0.009019  0.095944  0.010027  0.992632  0.111487  -0.047456  -0.110601  0.993645  0.020909  0.049485  -0.015506  0.998654  -0.001496  -0.002375  -0.001810  0.000000  0.000000  0.000000  2.000000  
72.725937 0.009019  0.095944  0.010026  0.992609  0.111686  -0.047465  -0.110806  0.993624  0.020798  0.049485  -0.015385  0.998656  -0.001356  -0.002073  -0.001739  0.000000  0.000000  0.000000  2.000000  
72.726937 0.009019  0.095943  0.010024  0.992609  0.111686  -0.047465  -0.110806  0.993624  0.020798  0.049485  -0.015385  0.998656  -0.001225  -0.001873  -0.001652  0.000000  0.000000  0.000000  2.000000  
72.728193 0.009019  0.095943  0.010022  0.992587  0.111890  -0.047461  -0.111010  0.993601  0.020808  0.049485  -0.015385  0.998656  -0.001041  -0.001545  -0.001589  0.000000  0.000000  0.000000  2.000000  
72.729198 0.009019  0.095944  0.010021  0.992587  0.111890  -0.047461  -0.111010  0.993601  0.020808  0.049485  -0.015385  0.998656  -0.000862  -0.001276  -0.001564  0.000000  0.000000  0.000000  2.000000  
72.730201 0.009020  0.095944  0.010019  0.992587  0.111890  -0.047461  -0.111010  0.993601  0.020808  0.049485  -0.015385  0.998656  -0.000651  -0.001041  -0.001515  0.000000  0.000000  0.000000  2.000000  
72.731441 0.009021  0.095945  0.010017  0.992564  0.112095  -0.047456  -0.111214  0.993578  0.020818  0.049485  -0.015385  0.998656  -0.000424  -0.000790  -0.001513  0.000000  0.000000  0.000000  2.000000  
72.732692 0.009023  0.095946  0.010016  0.992564  0.112101  -0.047443  -0.111214  0.993576  0.020938  0.049485  -0.015506  0.998654  -0.000216  -0.000575  -0.001494  0.000000  0.000000  0.000000  2.000000  
72.733941 0.009025  0.095947  0.010014  0.992534  0.112307  -0.047571  -0.111418  0.993553  0.020963  0.049619  -0.015506  0.998648  0.000061  -0.000284  -0.001495  0.000000  0.000000  0.000000  2.000000  
72.734942 0.009027  0.095948  0.010013  0.992534  0.112307  -0.047571  -0.111418  0.993553  0.020963  0.049619  -0.015506  0.998648  0.000224  -0.000173  -0.001470  0.000000  0.000000  0.000000  2.000000  
72.736194 0.009029  0.095949  0.010012  0.992534  0.112313  -0.047558  -0.111418  0.993550  0.021084  0.049619  -0.015627  0.998646  0.000490  0.000086  -0.001384  0.000000  0.000000  0.000000  2.000000  
72.737440 0.009031  0.095950  0.010011  0.992511  0.112518  -0.047553  -0.111622  0.993527  0.021093  0.049619  -0.015627  0.998646  0.000701  0.000262  -0.001307  0.000000  0.000000  0.000000  2.000000  
72.738694 0.009033  0.095951  0.010011  0.992511  0.112518  -0.047553  -0.111622  0.993527  0.021093  0.049619  -0.015627  0.998646  0.000904  0.000417  -0.001185  0.000000  0.000000  0.000000  2.000000  
72.740037 0.009035  0.095952  0.010010  0.992488  0.112728  -0.047535  -0.111827  0.993501  0.021224  0.049619  -0.015749  0.998644  0.001085  0.000534  -0.001111  0.000000  0.000000  0.000000  2.000000  
72.741191 0.009037  0.095953  0.010010  0.992459  0.112935  -0.047664  -0.112030  0.993478  0.021248  0.049753  -0.015748  0.998637  0.001215  0.000621  -0.001026  0.000000  0.000000  0.000000  2.000000  
72.742197 0.009039  0.095953  0.010009  0.992459  0.112935  -0.047664  -0.112030  0.993478  0.021248  0.049753  -0.015748  0.998637  0.001355  0.000670  -0.000978  0.000000  0.000000  0.000000  2.000000  
72.743203 0.009040  0.095954  0.010009  0.992459  0.112935  -0.047664  -0.112030  0.993478  0.021248  0.049753  -0.015748  0.998637  0.001452  0.000739  -0.000895  0.000000  0.000000  0.000000  2.000000  
72.744439 0.009043  0.095956  0.010008  0.992435  0.113139  -0.047659  -0.112234  0.993454  0.021258  0.049753  -0.015748  0.998637  0.001569  0.000819  -0.000807  0.000000  0.000000  0.000000  2.000000  
72.745445 0.009044  0.095957  0.010008  0.992412  0.113349  -0.047641  -0.112439  0.993428  0.021389  0.049753  -0.015870  0.998635  0.001609  0.000826  -0.000710  0.000000  0.000000  0.000000  2.000000  
72.746691 0.009046  0.095957  0.010007  0.992406  0.113352  -0.047774  -0.112438  0.993428  0.021404  0.049886  -0.015869  0.998629  0.001637  0.000813  -0.000630  0.000000  0.000000  0.000000  2.000000  
72.747942 0.009047  0.095957  0.010006  0.992383  0.113562  -0.047756  -0.112642  0.993402  0.021534  0.049886  -0.015991  0.998627  0.001559  0.000714  -0.000652  0.000000  0.000000  0.000000  2.000000  
72.749194 0.009048  0.095957  0.010005  0.992359  0.113766  -0.047751  -0.112847  0.993379  0.021544  0.049886  -0.015991  0.998627  0.001498  0.000651  -0.000559  0.000000  0.000000  0.000000  2.000000  
72.750197 0.009048  0.095957  0.010005  0.992359  0.113766  -0.047751  -0.112847  0.993379  0.021544  0.049886  -0.015991  0.998627  0.001393  0.000560  -0.000533  0.000000  0.000000  0.000000  2.000000  
72.751442 0.009048  0.095956  0.010004  0.992329  0.113979  -0.047866  -0.113050  0.993353  0.021689  0.050020  -0.016112  0.998618  0.001243  0.000451  -0.000489  0.000000  0.000000  0.000000  2.000000  
72.752691 0.009047  0.095955  0.010004  0.992329  0.113979  -0.047866  -0.113050  0.993353  0.021689  0.050020  -0.016112  0.998618  0.001088  0.000331  -0.000454  0.000000  0.000000  0.000000  2.000000  
72.753937 0.009046  0.095953  0.010003  0.992306  0.114189  -0.047848  -0.113254  0.993326  0.021820  0.050020  -0.016233  0.998616  0.000884  0.000164  -0.000458  0.000000  0.000000  0.000000  2.000000  
72.754942 0.009046  0.095953  0.010003  0.992306  0.114189  -0.047848  -0.113254  0.993326  0.021820  0.050020  -0.016233  0.998616  0.000725  0.000058  -0.000461  0.000000  0.000000  0.000000  2.000000  
72.756192 0.009045  0.095951  0.010002  0.992276  0.114402  -0.047962  -0.113458  0.993300  0.021965  0.050153  -0.016354  0.998608  0.000490  -0.000107  -0.000482  0.000000  0.000000  0.000000  2.000000  
72.757437 0.009044  0.095950  0.010002  0.992276  0.114402  -0.047962  -0.113458  0.993300  0.021965  0.050153  -0.016354  0.998608  0.000288  -0.000242  -0.000498  0.000000  0.000000  0.000000  2.000000  
72.758442 0.009043  0.095949  0.010001  0.992246  0.114608  -0.048090  -0.113661  0.993276  0.021990  0.050287  -0.016354  0.998601  0.000111  -0.000434  -0.000504  0.000000  0.000000  0.000000  2.000000  
72.759687 0.009042  0.095948  0.010001  0.992246  0.114614  -0.048076  -0.113661  0.993273  0.022111  0.050287  -0.016475  0.998599  -0.000055  -0.000534  -0.000497  0.000000  0.000000  0.000000  2.000000  
72.760702 0.009041  0.095947  0.010001  0.992239  0.114616  -0.048209  -0.113661  0.993273  0.022126  0.050421  -0.016475  0.998592  -0.000239  -0.000645  -0.000474  0.000000  0.000000  0.000000  2.000000  
72.761946 0.009040  0.095946  0.010000  0.992216  0.114821  -0.048204  -0.113865  0.993250  0.022136  0.050421  -0.016475  0.998592  -0.000398  -0.000779  -0.000462  0.000000  0.000000  0.000000  2.000000  
72.763205 0.009039  0.095944  0.009999  0.992209  0.114823  -0.048337  -0.113864  0.993249  0.022151  0.050554  -0.016475  0.998585  -0.000581  -0.000881  -0.000432  0.000000  0.000000  0.000000  2.000000  
72.764442 0.009038  0.095943  0.009999  0.992209  0.114829  -0.048323  -0.113864  0.993247  0.022271  0.050554  -0.016596  0.998583  -0.000654  -0.000942  -0.000398  0.000000  0.000000  0.000000  2.000000  
72.765442 0.009036  0.095941  0.009999  0.992179  0.115036  -0.048451  -0.114068  0.993223  0.022297  0.050688  -0.016596  0.998577  -0.000766  -0.001047  -0.000393  0.000000  0.000000  0.000000  2.000000  
72.766690 0.009036  0.095940  0.009999  0.992179  0.115036  -0.048451  -0.114068  0.993223  0.022297  0.050688  -0.016596  0.998577  -0.000811  -0.001072  -0.000386  0.000000  0.000000  0.000000  2.000000  
72.767692 0.009034  0.095938  0.009998  0.992172  0.115044  -0.048570  -0.114067  0.993220  0.022432  0.050822  -0.016717  0.998568  -0.000870  -0.001116  -0.000385  0.000000  0.000000  0.000000  2.000000  
72.768948 0.009033  0.095937  0.009998  0.992172  0.115044  -0.048570  -0.114067  0.993220  0.022432  0.050822  -0.016717  0.998568  -0.000863  -0.001141  -0.000371  0.000000  0.000000  0.000000  2.000000  
72.770191 0.009033  0.095936  0.009998  0.992142  0.115256  -0.048684  -0.114270  0.993193  0.022578  0.050955  -0.016838  0.998559  -0.000827  -0.001067  -0.000356  0.000000  0.000000  0.000000  2.000000  
72.771192 0.009033  0.095936  0.009997  0.992135  0.115258  -0.048817  -0.114270  0.993193  0.022593  0.051089  -0.016837  0.998552  -0.000789  -0.001018  -0.000376  0.000000  0.000000  0.000000  2.000000  
72.772193 0.009033  0.095936  0.009997  0.992135  0.115258  -0.048817  -0.114270  0.993193  0.022593  0.051089  -0.016837  0.998552  -0.000742  -0.000973  -0.000336  0.000000  0.000000  0.000000  2.000000  
72.773204 0.009032  0.095935  0.009996  0.992105  0.115471  -0.048931  -0.114473  0.993166  0.022739  0.051222  -0.016958  0.998543  -0.000720  -0.000917  -0.000326  0.000000  0.000000  0.000000  2.000000  
72.774441 0.009032  0.095935  0.009996  0.992098  0.115473  -0.049064  -0.114472  0.993166  0.022755  0.051356  -0.016958  0.998536  -0.000660  -0.000856  -0.000280  0.000000  0.000000  0.000000  2.000000  
72.775442 0.009033  0.095936  0.009997  0.992098  0.115473  -0.049064  -0.114472  0.993166  0.022755  0.051356  -0.016958  0.998536  -0.000575  -0.000786  -0.000260  0.000000  0.000000  0.000000  2.000000  
72.776690 0.009033  0.095936  0.009997  0.992068  0.115680  -0.049192  -0.114676  0.993142  0.022780  0.051490  -0.016958  0.998530  -0.000481  -0.000627  -0.000198  0.000000  0.000000  0.000000  2.000000  
72.777942 0.009033  0.095937  0.009998  0.992061  0.115688  -0.049311  -0.114675  0.993139  0.022916  0.051623  -0.017079  0.998521  -0.000369  -0.000479  -0.000119  0.000000  0.000000  0.000000  2.000000  
72.778946 0.009034  0.095938  0.009998  0.992030  0.115895  -0.049439  -0.114878  0.993115  0.022941  0.051757  -0.017079  0.998514  -0.000278  -0.000342  -0.000107  0.000000  0.000000  0.000000  2.000000  
72.780194 0.009034  0.095939  0.009998  0.992023  0.115897  -0.049571  -0.114878  0.993114  0.022957  0.051891  -0.017079  0.998507  -0.000128  -0.000143  -0.000049  0.000000  0.000000  0.000000  2.000000  
72.781196 0.009035  0.095940  0.009998  0.991993  0.116104  -0.049699  -0.115081  0.993090  0.022982  0.052024  -0.017079  0.998500  -0.000053  -0.000001  -0.000006  0.000000  0.000000  0.000000  2.000000  
72.782440 0.009035  0.095941  0.009999  0.991962  0.116317  -0.049813  -0.115284  0.993063  0.023128  0.052158  -0.017200  0.998491  0.000067  0.000166  0.000030  0.000000  0.000000  0.000000  2.000000  
72.783443 0.009036  0.095942  0.009999  0.991938  0.116521  -0.049808  -0.115489  0.993039  0.023139  0.052158  -0.017200  0.998491  0.000142  0.000308  0.000072  0.000000  0.000000  0.000000  2.000000  
72.784694 0.009036  0.095943  0.010000  0.991901  0.116730  -0.050069  -0.115691  0.993015  0.023180  0.052425  -0.017200  0.998477  0.000230  0.000486  0.000169  0.000000  0.000000  0.000000  2.000000  
72.785942 0.009038  0.095945  0.010001  0.991870  0.116943  -0.050183  -0.115895  0.992988  0.023326  0.052559  -0.017321  0.998468  0.000319  0.000664  0.000265  0.000000  0.000000  0.000000  2.000000  
72.787192 0.009039  0.095947  0.010001  0.991839  0.117150  -0.050311  -0.116098  0.992963  0.023352  0.052692  -0.017321  0.998461  0.000394  0.000768  0.000316  0.000000  0.000000  0.000000  2.000000  
72.788193 0.009040  0.095948  0.010002  0.991808  0.117363  -0.050424  -0.116301  0.992936  0.023498  0.052826  -0.017441  0.998451  0.000475  0.000884  0.000371  0.000000  0.000000  0.000000  2.000000  
72.789193 0.009040  0.095950  0.010002  0.991777  0.117569  -0.050552  -0.116505  0.992912  0.023524  0.052959  -0.017441  0.998444  0.000527  0.000968  0.000403  0.000000  0.000000  0.000000  2.000000  
72.790195 0.009040  0.095951  0.010003  0.991746  0.117776  -0.050680  -0.116708  0.992887  0.023550  0.053093  -0.017441  0.998437  0.000512  0.001014  0.000427  0.000000  0.000000  0.000000  2.000000  
72.791444 0.009041  0.095952  0.010004  0.991691  0.118193  -0.050789  -0.117116  0.992835  0.023707  0.053227  -0.017562  0.998428  0.000542  0.001045  0.000450  0.000000  0.000000  0.000000  2.000000  
72.792694 0.009042  0.095953  0.010005  0.991653  0.118402  -0.051049  -0.117318  0.992810  0.023749  0.053494  -0.017562  0.998414  0.000572  0.001076  0.000474  0.000000  0.000000  0.000000  2.000000  
72.793943 0.009042  0.095953  0.010005  0.991597  0.118820  -0.051157  -0.117726  0.992758  0.023906  0.053628  -0.017683  0.998404  0.000554  0.001039  0.000509  0.000000  0.000000  0.000000  2.000000  
72.795204 0.009043  0.095954  0.010007  0.991566  0.119026  -0.051285  -0.117929  0.992734  0.023933  0.053761  -0.017683  0.998397  0.000555  0.001036  0.000561  0.000000  0.000000  0.000000  2.000000  
72.796445 0.009043  0.095955  0.010007  0.991503  0.119446  -0.051526  -0.118335  0.992681  0.024106  0.054028  -0.017804  0.998381  0.000547  0.001019  0.000605  0.000000  0.000000  0.000000  2.000000  
72.797446 0.009044  0.095956  0.010008  0.991471  0.119653  -0.051654  -0.118539  0.992656  0.024132  0.054162  -0.017804  0.998373  0.000538  0.000999  0.000648  0.000000  0.000000  0.000000  2.000000  
72.798691 0.009044  0.095956  0.010010  0.991408  0.120066  -0.051909  -0.118945  0.992606  0.024185  0.054429  -0.017803  0.998359  0.000529  0.000939  0.000694  0.000000  0.000000  0.000000  2.000000  
72.799938 0.009044  0.095956  0.010011  0.991344  0.120486  -0.052150  -0.119352  0.992553  0.024359  0.054696  -0.017924  0.998342  0.000469  0.000836  0.000705  0.049496  0.121890  0.173463  2.000000  
72.800942 0.009044  0.095956  0.010012  0.991312  0.120693  -0.052277  -0.119555  0.992528  0.024386  0.054830  -0.017924  0.998335  0.000394  0.000689  0.000718  0.046224  0.122784  0.181837  2.000000  
72.802195 0.009044  0.095956  0.010013  0.991249  0.121113  -0.052518  -0.119961  0.992475  0.024560  0.055097  -0.018045  0.998318  0.000363  0.000613  0.000751  0.051051  0.131501  0.195783  2.000000  
72.803208 0.009044  0.095956  0.010013  0.991184  0.121526  -0.052773  -0.120368  0.992424  0.024614  0.055364  -0.018045  0.998303  0.000302  0.000508  0.000761  0.047366  0.135817  0.202705  2.000000  
72.804213 0.009044  0.095955  0.010014  0.991152  0.121739  -0.052886  -0.120571  0.992396  0.024761  0.055498  -0.018166  0.998294  0.000233  0.000382  0.000815  0.051825  0.135651  0.209568  2.000000  
72.805441 0.009043  0.095954  0.010015  0.991063  0.122357  -0.053136  -0.121181  0.992320  0.024826  0.055765  -0.018165  0.998279  0.000167  0.000217  0.000787  0.052563  0.143182  0.228693  2.000000  
72.806443 0.009043  0.095953  0.010015  0.991030  0.122570  -0.053248  -0.121384  0.992291  0.024974  0.055899  -0.018286  0.998269  0.000104  0.000109  0.000784  0.057106  0.144354  0.230595  2.000000  
72.807688 0.009042  0.095952  0.010016  0.990965  0.122990  -0.053488  -0.121790  0.992237  0.025149  0.056166  -0.018407  0.998252  0.000023  -0.000049  0.000785  0.057420  0.147352  0.242491  2.000000  
72.808696 0.009042  0.095951  0.010017  0.990900  0.123403  -0.053743  -0.122196  0.992186  0.025203  0.056433  -0.018407  0.998237  -0.000022  -0.000161  0.000778  0.058323  0.152959  0.251506  2.000000  
72.809942 0.009041  0.095949  0.010017  0.990835  0.123823  -0.053983  -0.122603  0.992131  0.025379  0.056700  -0.018528  0.998219  -0.000124  -0.000328  0.000701  0.063208  0.157210  0.265436  2.000000  
72.811189 0.009040  0.095948  0.010018  0.990769  0.124237  -0.054237  -0.123009  0.992080  0.025434  0.056967  -0.018527  0.998204  -0.000176  -0.000456  0.000725  0.063117  0.160262  0.270194  2.000000  
72.812199 0.009040  0.095947  0.010019  0.990711  0.124654  -0.054344  -0.123416  0.992025  0.025593  0.057101  -0.018648  0.998194  -0.000254  -0.000605  0.000694  0.064027  0.161365  0.279243  2.000000  
72.813205 0.009039  0.095946  0.010019  0.990645  0.125068  -0.054599  -0.123822  0.991973  0.025648  0.057368  -0.018648  0.998179  -0.000306  -0.000691  0.000660  0.064303  0.168744  0.290865  2.000000  
72.814442 0.009039  0.095944  0.010020  0.990553  0.125692  -0.054833  -0.124432  0.991892  0.025836  0.057635  -0.018769  0.998161  -0.000351  -0.000802  0.000641  0.069383  0.170030  0.300241  2.000000  
72.815692 0.009038  0.095943  0.010022  0.990486  0.126112  -0.055072  -0.124837  0.991836  0.026012  0.057902  -0.018889  0.998144  -0.000360  -0.000911  0.000690  0.069617  0.172777  0.311521  2.000000  
72.816942 0.009038  0.095941  0.010022  0.990394  0.126729  -0.055321  -0.125447  0.991757  0.026080  0.058170  -0.018889  0.998128  -0.000419  -0.001012  0.000668  0.070647  0.178598  0.321121  2.000000  
72.818191 0.009037  0.095940  0.010024  0.990326  0.127150  -0.055559  -0.125853  0.991701  0.026256  0.058437  -0.019010  0.998110  -0.000435  -0.001094  0.000704  0.070507  0.181414  0.325410  2.000000  
72.819194 0.009037  0.095938  0.010025  0.990259  0.127563  -0.055813  -0.126259  0.991648  0.026313  0.058704  -0.019010  0.998094  -0.000450  -0.001173  0.000708  0.071541  0.187283  0.335085  2.000000  
72.820194 0.009037  0.095937  0.010026  0.990173  0.128185  -0.055914  -0.126869  0.991566  0.026485  0.058837  -0.019131  0.998084  -0.000419  -0.001185  0.000755  0.075810  0.185476  0.346047  2.000000  
72.821439 0.009037  0.095935  0.010028  0.990105  0.128598  -0.056168  -0.127275  0.991512  0.026542  0.059105  -0.019130  0.998068  -0.000399  -0.001257  0.000825  0.071846  0.189943  0.346189  2.000000  
72.822445 0.009036  0.095933  0.010028  0.990037  0.129018  -0.056406  -0.127681  0.991455  0.026719  0.059372  -0.019251  0.998050  -0.000389  -0.001282  0.000807  0.076993  0.191347  0.355932  2.000000  
72.823689 0.009036  0.095932  0.010030  0.989942  0.129636  -0.056655  -0.128290  0.991375  0.026788  0.059639  -0.019251  0.998034  -0.000347  -0.001298  0.000886  0.073166  0.193963  0.366807  2.000000  
72.824694 0.009037  0.095930  0.010031  0.989881  0.130053  -0.056760  -0.128697  0.991318  0.026949  0.059772  -0.019372  0.998024  -0.000278  -0.001307  0.000973  0.077896  0.195541  0.369841  2.000000  
72.825937 0.009037  0.095928  0.010033  0.989785  0.130671  -0.057008  -0.129306  0.991237  0.027019  0.060039  -0.019371  0.998008  -0.000207  -0.001332  0.000989  0.078138  0.198210  0.380719  2.000000  
72.826941 0.009037  0.095927  0.010034  0.989716  0.131091  -0.057246  -0.129711  0.991179  0.027197  0.060307  -0.019492  0.997990  -0.000170  -0.001326  0.001025  0.078216  0.198106  0.380626  2.000000  
72.828193 0.009037  0.095926  0.010035  0.989620  0.131708  -0.057494  -0.130320  0.991097  0.027267  0.060574  -0.019492  0.997973  -0.000126  -0.001344  0.001074  0.079081  0.202312  0.394411  2.000000  
72.829195 0.009038  0.095924  0.010037  0.989558  0.132126  -0.057599  -0.130727  0.991039  0.027429  0.060707  -0.019613  0.997963  -0.000103  -0.001373  0.001056  0.079799  0.199402  0.397532  2.000000  
72.830198 0.009038  0.095923  0.010038  0.989488  0.132546  -0.057837  -0.131132  0.990980  0.027608  0.060974  -0.019733  0.997944  -0.000030  -0.001382  0.001146  0.083954  0.203873  0.397623  2.000000  
72.831442 0.009038  0.095920  0.010039  0.989372  0.133365  -0.057946  -0.131946  0.990871  0.027673  0.061108  -0.019733  0.997936  -0.000007  -0.001412  0.001129  0.080775  0.199130  0.411435  2.000000  
72.832690 0.009038  0.095918  0.010041  0.989274  0.133989  -0.058178  -0.132555  0.990784  0.027865  0.061375  -0.019854  0.997917  0.000054  -0.001435  0.001148  0.085064  0.197210  0.421763  2.000000  
72.833692 0.009038  0.095917  0.010043  0.989183  0.134610  -0.058276  -0.133165  0.990697  0.028038  0.061509  -0.019975  0.997907  0.000060  -0.001479  0.001198  0.085511  0.197006  0.428586  2.000000  
72.834695 0.009039  0.095915  0.010044  0.989112  0.135024  -0.058529  -0.133570  0.990641  0.028098  0.061776  -0.019974  0.997890  0.000096  -0.001472  0.001234  0.086338  0.198647  0.432149  2.000000  
72.835942 0.009039  0.095913  0.010046  0.988994  0.135849  -0.058622  -0.134383  0.990526  0.028284  0.061909  -0.020095  0.997879  0.000165  -0.001460  0.001314  0.087231  0.193815  0.445854  2.000000  
72.837188 0.009039  0.095911  0.010049  0.988894  0.136473  -0.058853  -0.134992  0.990437  0.028477  0.062176  -0.020216  0.997860  0.000161  -0.001479  0.001349  0.091067  0.196558  0.449213  2.000000  
72.838194 0.009040  0.095910  0.010051  0.988794  0.137090  -0.059100  -0.135600  0.990352  0.028550  0.062443  -0.020216  0.997844  0.000235  -0.001467  0.001421  0.088275  0.198023  0.459841  2.000000  
72.839442 0.009041  0.095909  0.010053  0.988665  0.137918  -0.059324  -0.136412  0.990235  0.028755  0.062710  -0.020336  0.997825  0.000269  -0.001460  0.001467  0.089207  0.197665  0.473591  2.000000  
72.840691 0.009041  0.095907  0.010055  0.988544  0.138736  -0.059432  -0.137225  0.990121  0.028822  0.062844  -0.020336  0.997816  0.000253  -0.001454  0.001497  0.089412  0.191364  0.483428  2.000000  
72.841937 0.009041  0.095906  0.010058  0.988414  0.139564  -0.059656  -0.138037  0.990002  0.029028  0.063111  -0.020457  0.997797  0.000262  -0.001438  0.001582  0.090378  0.191064  0.497214  2.000000  
72.842940 0.009041  0.095904  0.010059  0.988312  0.140181  -0.059903  -0.138645  0.989915  0.029102  0.063378  -0.020457  0.997780  0.000259  -0.001438  0.001595  0.090867  0.195339  0.504013  2.000000  
72.843944 0.009041  0.095903  0.010061  0.988218  0.140803  -0.060000  -0.139254  0.989824  0.029278  0.063512  -0.020577  0.997769  0.000246  -0.001433  0.001612  0.091379  0.190676  0.510774  2.000000  
72.845191 0.009041  0.095902  0.010062  0.988086  0.141630  -0.060223  -0.140065  0.989703  0.029484  0.063779  -0.020698  0.997749  0.000223  -0.001404  0.001629  0.096397  0.190384  0.524502  2.000000  
72.846197 0.009041  0.095900  0.010064  0.987953  0.142451  -0.060463  -0.140876  0.989585  0.029572  0.064046  -0.020698  0.997732  0.000233  -0.001367  0.001696  0.093664  0.191757  0.535656  2.000000  
72.847441 0.009041  0.095898  0.010066  0.987829  0.143276  -0.060553  -0.141689  0.989464  0.029761  0.064179  -0.020819  0.997721  0.000180  -0.001368  0.001691  0.094629  0.186943  0.549457  2.000000  
72.848689 0.009040  0.095896  0.010067  0.987695  0.144103  -0.060776  -0.142500  0.989341  0.029968  0.064446  -0.020939  0.997701  0.000125  -0.001347  0.001657  0.098888  0.185107  0.558665  2.000000  
72.849691 0.009040  0.095895  0.010068  0.987598  0.144717  -0.060889  -0.143108  0.989251  0.030025  0.064580  -0.020939  0.997693  0.000080  -0.001330  0.001609  0.099006  0.180660  0.558606  2.000000  
72.850695 0.009039  0.095893  0.010069  0.987462  0.145545  -0.061111  -0.143919  0.989128  0.030234  0.064847  -0.021060  0.997673  0.000007  -0.001365  0.001563  0.100082  0.184988  0.573066  2.000000  
72.851939 0.009039  0.095891  0.010070  0.987326  0.146372  -0.061332  -0.144730  0.989003  0.030443  0.065114  -0.021180  0.997653  -0.000014  -0.001354  0.001471  0.105001  0.184437  0.586020  2.000000  
72.852941 0.009039  0.095890  0.010071  0.987198  0.147197  -0.061421  -0.145541  0.988878  0.030633  0.065247  -0.021301  0.997642  -0.000097  -0.001365  0.001411  0.105980  0.179639  0.599676  2.000000  
72.854188 0.009039  0.095889  0.010073  0.987031  0.148220  -0.061654  -0.146555  0.988725  0.030735  0.065514  -0.021301  0.997624  -0.000080  -0.001347  0.001357  0.106967  0.183834  0.613502  2.000000  
72.855195 0.009038  0.095887  0.010074  0.986901  0.149045  -0.061743  -0.147366  0.988598  0.030925  0.065648  -0.021422  0.997613  -0.000163  -0.001358  0.001294  0.108398  0.180623  0.625337  2.000000  
72.856443 0.009038  0.095886  0.010075  0.986731  0.150076  -0.061957  -0.148380  0.988440  0.031149  0.065915  -0.021542  0.997593  -0.000185  -0.001370  0.001227  0.109861  0.180102  0.645992  2.000000  
72.857689 0.009038  0.095885  0.010077  0.986561  0.151099  -0.062188  -0.149393  0.988284  0.031252  0.066182  -0.021542  0.997575  -0.000182  -0.001348  0.001207  0.110008  0.178358  0.654432  2.000000  
72.858689 0.009039  0.095884  0.010078  0.986420  0.151926  -0.062408  -0.150202  0.988155  0.031464  0.066449  -0.021662  0.997555  -0.000184  -0.001327  0.001171  0.111046  0.182513  0.668446  2.000000  
72.859941 0.009039  0.095882  0.010080  0.986216  0.153159  -0.062614  -0.151418  0.987961  0.031701  0.066716  -0.021783  0.997534  -0.000184  -0.001327  0.001170  0.113515  0.179014  0.694613  2.000000  
72.861190 0.009039  0.095881  0.010081  0.986042  0.154190  -0.062827  -0.152430  0.987798  0.031926  0.066983  -0.021904  0.997514  -0.000165  -0.001310  0.001121  0.117620  0.181639  0.702557  2.000000  
72.862207 0.009039  0.095879  0.010082  0.985867  0.155212  -0.063058  -0.153442  0.987638  0.032032  0.067250  -0.021903  0.997496  -0.000122  -0.001305  0.001131  0.115526  0.182701  0.721749  2.000000  
72.863443 0.009039  0.095877  0.010084  0.985690  0.156242  -0.063269  -0.154454  0.987473  0.032258  0.067517  -0.022024  0.997475  -0.000053  -0.001310  0.001108  0.116178  0.187062  0.729143  2.000000  
72.864694 0.009040  0.095875  0.010085  0.985481  0.157475  -0.063474  -0.155669  0.987275  0.032497  0.067784  -0.022144  0.997454  0.000053  -0.001307  0.001119  0.121234  0.184898  0.750523  2.000000  
72.865941 0.009041  0.095873  0.010086  0.985270  0.158716  -0.063659  -0.156883  0.987070  0.032857  0.068051  -0.022386  0.997431  0.000114  -0.001330  0.001138  0.126318  0.188928  0.764330  2.000000  
72.867194 0.009041  0.095871  0.010087  0.985048  0.159952  -0.063994  -0.158096  0.986868  0.033119  0.068451  -0.022506  0.997401  0.000190  -0.001359  0.001127  0.128566  0.190088  0.784403  2.000000  
72.868441 0.009042  0.095868  0.010088  0.984801  0.161388  -0.064190  -0.159512  0.986632  0.033373  0.068718  -0.022627  0.997379  0.000248  -0.001443  0.001101  0.134206  0.194158  0.805486  2.000000  
72.869442 0.009044  0.095866  0.010090  0.984651  0.162214  -0.064407  -0.160320  0.986493  0.033589  0.068985  -0.022748  0.997358  0.000329  -0.001495  0.001107  0.134184  0.192119  0.812357  2.000000  
72.870715 0.009045  0.095864  0.010091  0.984401  0.163657  -0.064582  -0.161736  0.986249  0.033964  0.069252  -0.022989  0.997334  0.000428  -0.001551  0.001077  0.144487  0.193184  0.832353  2.000000  
72.871943 0.009046  0.095860  0.010092  0.984182  0.164889  -0.064783  -0.162949  0.986041  0.034207  0.069519  -0.023110  0.997313  0.000482  -0.001680  0.001111  0.145787  0.192994  0.847091  2.000000  
72.873204 0.009047  0.095858  0.010094  0.983919  0.166327  -0.065108  -0.164362  0.985797  0.034486  0.069920  -0.023230  0.997282  0.000589  -0.001763  0.001098  0.147330  0.196768  0.867179  2.000000  
72.874439 0.009048  0.095855  0.010096  0.983628  0.167972  -0.065274  -0.165979  0.985512  0.034877  0.070187  -0.023471  0.997258  0.000632  -0.001860  0.001116  0.157664  0.196178  0.895356  2.000000  
72.875441 0.009049  0.095852  0.010097  0.983404  0.169204  -0.065473  -0.167191  0.985299  0.035121  0.070453  -0.023592  0.997236  0.000688  -0.001995  0.001157  0.158383  0.198301  0.915457  2.000000  
72.876691 0.009051  0.095848  0.010100  0.983109  0.170840  -0.065658  -0.168807  0.985013  0.035394  0.070720  -0.023712  0.997214  0.000787  -0.002097  0.001186  0.161312  0.199334  0.943592  2.000000  
72.877938 0.009052  0.095844  0.010102  0.982801  0.172488  -0.065952  -0.170421  0.984720  0.035809  0.071121  -0.023954  0.997180  0.000826  -0.002231  0.001257  0.170649  0.205736  0.970294  2.000000  
72.878947 0.009053  0.095841  0.010104  0.982545  0.173918  -0.066011  -0.171836  0.984466  0.036047  0.071254  -0.024074  0.997168  0.000878  -0.002347  0.001287  0.173194  0.202509  0.992021  2.000000  
72.880195 0.009053  0.095836  0.010106  0.982233  0.175556  -0.066324  -0.173449  0.984172  0.036344  0.071655  -0.024195  0.997136  0.000877  -0.002519  0.001374  0.174411  0.208912  1.018530  2.000000  
72.881440 0.009055  0.095832  0.010108  0.981927  0.177200  -0.066484  -0.175063  0.983872  0.036739  0.071922  -0.024436  0.997111  0.000914  -0.002647  0.001443  0.181117  0.210098  1.040583  2.000000  
