1-Time 2-Px 3-Py 4-Pz 5-R11 6-R21 7-R31 8-R12 9-R22 10-R32 11-R13 12-R23 13-R33 14-Vx 15-Vy 16-Vz 17-Wx 18-Wy 19-Wz 20-state 21-PR11 22-PR21 23-PR31 24-PR12 25-PR22 26-PR32 27-PR13 28-PR23 29-PR33 
15.091937 0.005996  0.089049  0.012527  0.993004  0.078377  0.088319  -0.081134  0.996308  0.028070  -0.085793  -0.035039  0.995697  -0.000146  -0.000183  -0.000338  0.000000  0.000000  0.000000  2.000000  
15.092937 0.005996  0.089049  0.012527  0.993004  0.078377  0.088319  -0.081134  0.996308  0.028070  -0.085793  -0.035039  0.995697  -0.000145  -0.000183  -0.000338  0.000000  0.000000  0.000000  2.000000  
15.093941 0.005996  0.089047  0.012526  0.992976  0.078578  0.088458  -0.081338  0.996292  0.028041  -0.085926  -0.035039  0.995685  -0.000136  -0.000322  -0.000333  0.000000  0.000000  0.000000  2.000000  
15.094941 0.005996  0.089044  0.012525  0.992891  0.079168  0.088883  -0.081948  0.996241  0.028074  -0.086326  -0.035158  0.995646  -0.000155  -0.000531  -0.000433  0.000000  0.000000  0.000000  2.000000  
15.096190 0.005997  0.089039  0.012524  0.992822  0.079553  0.089303  -0.082354  0.996206  0.028125  -0.086726  -0.035278  0.995607  -0.000071  -0.000783  -0.000456  0.000000  0.000000  0.000000  2.000000  
15.097190 0.005998  0.089036  0.012523  0.992782  0.079749  0.089574  -0.082557  0.996191  0.028085  -0.086993  -0.035277  0.995584  0.000006  -0.001029  -0.000503  0.000000  0.000000  0.000000  2.000000  
15.098190 0.005999  0.089033  0.012522  0.992742  0.079934  0.089855  -0.082759  0.996171  0.028165  -0.087259  -0.035397  0.995557  0.000098  -0.001229  -0.000492  0.000000  0.000000  0.000000  2.000000  
15.099442 0.006001  0.089030  0.012522  0.992708  0.080333  0.089876  -0.083168  0.996135  0.028249  -0.087259  -0.035518  0.995552  0.000223  -0.001442  -0.000541  0.000000  0.000000  0.000000  2.000000  
15.100688 0.006004  0.089027  0.012520  0.992645  0.080933  0.090036  -0.083780  0.996082  0.028303  -0.087393  -0.035638  0.995536  0.000444  -0.001612  -0.000604  0.000000  0.000000  0.000000  2.000000  
15.101935 0.006007  0.089023  0.012519  0.992581  0.081521  0.090206  -0.084392  0.996026  0.028478  -0.087526  -0.035879  0.995516  0.000677  -0.001833  -0.000639  0.000000  0.000000  0.000000  2.000000  
15.102942 0.006011  0.089020  0.012518  0.992505  0.082116  0.090499  -0.085003  0.995972  0.028520  -0.087793  -0.035999  0.995488  0.000914  -0.002008  -0.000731  0.000000  0.000000  0.000000  2.000000  
15.104185 0.006015  0.089017  0.012518  0.992406  0.082701  0.091057  -0.085612  0.995920  0.028539  -0.088326  -0.036118  0.995437  0.001244  -0.002256  -0.000707  0.000000  0.000000  0.000000  2.000000  
15.105191 0.006019  0.089014  0.012518  0.992317  0.083301  0.091473  -0.086222  0.995870  0.028448  -0.088725  -0.036117  0.995401  0.001514  -0.002475  -0.000704  0.021590  -0.100553  0.168877  2.000000  
15.106438 0.006023  0.089009  0.012519  0.992198  0.084091  0.092037  -0.087035  0.995799  0.028447  -0.089259  -0.036236  0.995349  0.001804  -0.002752  -0.000561  0.023189  -0.119489  0.195716  2.000000  
15.107441 0.006026  0.089004  0.012519  0.992109  0.084691  0.092453  -0.087644  0.995748  0.028355  -0.089658  -0.036235  0.995313  0.002008  -0.003075  -0.000546  0.021329  -0.133723  0.215915  2.000000  
15.108688 0.006029  0.088997  0.012518  0.992000  0.085486  0.092885  -0.088458  0.995676  0.028364  -0.090058  -0.036354  0.995273  0.002175  -0.003340  -0.000522  0.022924  -0.148195  0.242953  2.000000  
15.109712 0.006031  0.088991  0.012518  0.991952  0.085891  0.093029  -0.088866  0.995641  0.028314  -0.090191  -0.036354  0.995261  0.002385  -0.003567  -0.000489  0.021671  -0.153058  0.256358  2.000000  
15.110943 0.006034  0.088983  0.012516  0.991873  0.086485  0.093322  -0.089476  0.995585  0.028354  -0.090458  -0.036473  0.995232  0.002525  -0.003837  -0.000510  0.023978  -0.167837  0.277421  2.000000  
15.112190 0.006038  0.088974  0.012515  0.991781  0.087062  0.093758  -0.090085  0.995526  0.028501  -0.090858  -0.036713  0.995187  0.002633  -0.004128  -0.000574  0.030192  -0.181745  0.296990  2.000000  
15.113442 0.006042  0.088965  0.012512  0.991689  0.087651  0.094184  -0.090694  0.995470  0.028528  -0.091257  -0.036833  0.995146  0.002816  -0.004497  -0.000706  0.032354  -0.195893  0.316991  2.000000  
15.114690 0.006047  0.088956  0.012507  0.991584  0.088223  0.094754  -0.091302  0.995411  0.028662  -0.091790  -0.037072  0.995088  0.003000  -0.004904  -0.000919  0.038579  -0.214666  0.336990  2.000000  
15.115694 0.006050  0.088948  0.012503  0.991490  0.088811  0.095180  -0.091911  0.995354  0.028688  -0.092190  -0.037192  0.995047  0.003078  -0.005302  -0.001149  0.040734  -0.228889  0.357100  2.000000  
15.116940 0.006055  0.088937  0.012497  0.991416  0.089183  0.095611  -0.092316  0.995312  0.028853  -0.092590  -0.037432  0.995001  0.003164  -0.005835  -0.001507  0.047584  -0.242941  0.370391  2.000000  
15.118189 0.006058  0.088926  0.012489  0.991340  0.089566  0.096032  -0.092721  0.995273  0.028897  -0.092989  -0.037551  0.994959  0.003138  -0.006225  -0.001860  0.050350  -0.256960  0.383673  2.000000  
15.119189 0.006062  0.088918  0.012484  0.991277  0.089943  0.096330  -0.093127  0.995230  0.029074  -0.093256  -0.037791  0.994925  0.003119  -0.006637  -0.002262  0.057210  -0.266495  0.397077  2.000000  
15.120440 0.006066  0.088906  0.012477  0.991202  0.090326  0.096751  -0.093531  0.995190  0.029118  -0.093655  -0.037911  0.994883  0.003047  -0.007135  -0.002735  0.059481  -0.278249  0.407033  2.000000  
15.121687 0.006069  0.088893  0.012471  0.991157  0.090509  0.097033  -0.093733  0.995169  0.029193  -0.093922  -0.038030  0.994853  0.002989  -0.007692  -0.003295  0.063374  -0.289826  0.416949  2.000000  
15.122689 0.006071  0.088882  0.012465  0.991125  0.090697  0.097182  -0.093936  0.995148  0.029282  -0.094055  -0.038151  0.994836  0.002953  -0.008038  -0.003608  0.066251  -0.292174  0.420166  2.000000  
15.123689 0.006073  0.088871  0.012459  0.991081  0.090880  0.097464  -0.094138  0.995126  0.029357  -0.094321  -0.038270  0.994806  0.002962  -0.008450  -0.004016  0.070207  -0.296653  0.419970  2.000000  
15.124695 0.006076  0.088861  0.012454  0.991024  0.091069  0.097868  -0.094338  0.995109  0.029299  -0.094721  -0.038269  0.994768  0.002964  -0.008681  -0.004276  0.067785  -0.298604  0.409610  2.000000  
15.125938 0.006080  0.088848  0.012447  0.990960  0.091457  0.098156  -0.094744  0.995069  0.029354  -0.094987  -0.038389  0.994738  0.003019  -0.009016  -0.004639  0.071165  -0.296198  0.406248  2.000000  
15.126946 0.006082  0.088837  0.012441  0.990934  0.091435  0.098432  -0.094741  0.995066  0.029450  -0.095254  -0.038508  0.994708  0.003027  -0.009311  -0.004955  0.072234  -0.293908  0.402785  2.000000  
15.128190 0.006085  0.088823  0.012434  0.990889  0.091617  0.098714  -0.094943  0.995045  0.029525  -0.095520  -0.038628  0.994678  0.002930  -0.009638  -0.005255  0.071538  -0.291571  0.399471  2.000000  
15.129190 0.006088  0.088811  0.012428  0.990877  0.091600  0.098858  -0.094942  0.995042  0.029633  -0.095653  -0.038748  0.994660  0.002882  -0.009918  -0.005461  0.073380  -0.298060  0.388861  2.000000  
15.130190 0.006090  0.088800  0.012421  0.990844  0.091800  0.098996  -0.095144  0.995023  0.029600  -0.095787  -0.038748  0.994647  0.002774  -0.010137  -0.005612  0.069873  -0.297786  0.381900  2.000000  
15.131443 0.006093  0.088787  0.012412  0.990832  0.091771  0.099151  -0.095143  0.995017  0.029828  -0.095920  -0.038988  0.994625  0.002673  -0.010321  -0.005798  0.075793  -0.297047  0.361145  2.000000  
15.132692 0.006097  0.088773  0.012403  0.990819  0.091753  0.099295  -0.095142  0.995013  0.029936  -0.096053  -0.039108  0.994608  0.002616  -0.010533  -0.005936  0.076997  -0.289452  0.337854  2.000000  
15.133693 0.006098  0.088762  0.012396  0.990806  0.091736  0.099438  -0.095141  0.995010  0.030044  -0.096186  -0.039229  0.994590  0.002550  -0.010676  -0.006090  0.080086  -0.281839  0.313381  2.000000  
15.134941 0.006100  0.088747  0.012386  0.990761  0.091906  0.099732  -0.095342  0.994985  0.030240  -0.096452  -0.039469  0.994555  0.002406  -0.010933  -0.006272  0.085330  -0.272436  0.299946  2.000000  
15.136190 0.006101  0.088730  0.012374  0.990735  0.091884  0.100008  -0.095340  0.994982  0.030335  -0.096719  -0.039588  0.994524  0.002227  -0.011234  -0.006659  0.087772  -0.262412  0.272680  2.000000  
15.137441 0.006101  0.088713  0.012361  0.990709  0.091861  0.100284  -0.095337  0.994980  0.030430  -0.096985  -0.039708  0.994493  0.002052  -0.011476  -0.007002  0.092918  -0.255023  0.250091  2.000000  
15.138685 0.006102  0.088696  0.012350  0.990664  0.092031  0.100577  -0.095539  0.994954  0.030625  -0.097251  -0.039948  0.994458  0.001944  -0.011651  -0.007298  0.098810  -0.249844  0.229742  2.000000  
15.139688 0.006103  0.088685  0.012340  0.990651  0.092013  0.100721  -0.095537  0.994951  0.030733  -0.097385  -0.040068  0.994440  0.001845  -0.011772  -0.007559  0.104187  -0.249521  0.216231  2.000000  
15.140693 0.006104  0.088673  0.012332  0.990651  0.092001  0.100732  -0.095537  0.994948  0.030854  -0.097385  -0.040189  0.994435  0.001652  -0.011850  -0.007798  0.106893  -0.241646  0.197523  2.000000  
15.141941 0.006105  0.088659  0.012321  0.990638  0.091984  0.100876  -0.095536  0.994944  0.030962  -0.097518  -0.040309  0.994417  0.001521  -0.011880  -0.008052  0.104712  -0.231886  0.177163  2.000000  
15.143190 0.006107  0.088645  0.012311  0.990638  0.091959  0.100898  -0.095536  0.994937  0.031203  -0.097518  -0.040550  0.994407  0.001438  -0.011874  -0.008234  0.110727  -0.217666  0.157014  2.000000  
15.144194 0.006107  0.088633  0.012303  0.990625  0.091954  0.101031  -0.095535  0.994937  0.031190  -0.097651  -0.040550  0.994394  0.001299  -0.011863  -0.008362  0.104467  -0.207838  0.136647  2.000000  
15.145454 0.006109  0.088620  0.012293  0.990592  0.092141  0.101181  -0.095738  0.994915  0.031277  -0.097784  -0.040670  0.994376  0.001223  -0.011860  -0.008430  0.105711  -0.193795  0.123353  2.000000  
15.146692 0.006111  0.088607  0.012284  0.990566  0.092118  0.101457  -0.095735  0.994912  0.031372  -0.098050  -0.040789  0.994345  0.001147  -0.011832  -0.008429  0.106139  -0.187283  0.108872  2.000000  
15.147939 0.006113  0.088594  0.012276  0.990546  0.092310  0.101474  -0.095939  0.994890  0.031472  -0.098050  -0.040910  0.994340  0.001037  -0.011786  -0.008363  0.102722  -0.173654  0.102532  2.000000  
15.148940 0.006114  0.088583  0.012270  0.990533  0.092292  0.101618  -0.095938  0.994886  0.031580  -0.098184  -0.041030  0.994322  0.000981  -0.011740  -0.008288  0.100808  -0.170087  0.089769  2.000000  
15.150190 0.006115  0.088570  0.012261  0.990533  0.092280  0.101629  -0.095938  0.994882  0.031701  -0.098184  -0.041151  0.994317  0.000981  -0.011555  -0.008183  0.000000  0.000000  0.000000  2.000000  
15.151190 0.006116  0.088560  0.012253  0.990533  0.092268  0.101640  -0.095938  0.994879  0.031821  -0.098184  -0.041271  0.994312  0.001023  -0.011312  -0.007996  0.000000  0.000000  0.000000  2.000000  
15.152441 0.006117  0.088547  0.012244  0.990500  0.092455  0.101790  -0.096140  0.994856  0.031908  -0.098317  -0.041391  0.994294  0.001072  -0.011090  -0.007801  0.000000  0.000000  0.000000  2.000000  
15.153692 0.006120  0.088534  0.012235  0.990487  0.092425  0.101945  -0.096139  0.994849  0.032137  -0.098450  -0.041632  0.994271  0.001152  -0.010829  -0.007566  0.000000  0.000000  0.000000  2.000000  
15.154936 0.006122  0.088521  0.012226  0.990454  0.092599  0.102107  -0.096342  0.994823  0.032344  -0.098583  -0.041873  0.994247  0.001278  -0.010703  -0.007476  0.000000  0.000000  0.000000  2.000000  
15.155938 0.006125  0.088512  0.012219  0.990441  0.092581  0.102250  -0.096341  0.994819  0.032452  -0.098716  -0.041993  0.994229  0.001377  -0.010556  -0.007370  0.000000  0.000000  0.000000  2.000000  
15.157189 0.006130  0.088501  0.012210  0.990408  0.092755  0.102412  -0.096543  0.994793  0.032659  -0.098849  -0.042233  0.994206  0.001638  -0.010327  -0.007237  0.000000  0.000000  0.000000  2.000000  
15.158438 0.006134  0.088490  0.012201  0.990375  0.092942  0.102562  -0.096746  0.994770  0.032746  -0.098982  -0.042353  0.994187  0.001828  -0.010132  -0.007151  0.000000  0.000000  0.000000  2.000000  
15.159441 0.006138  0.088481  0.012195  0.990375  0.092917  0.102585  -0.096746  0.994762  0.032987  -0.098982  -0.042595  0.994177  0.002022  -0.009963  -0.007009  0.000000  0.000000  0.000000  2.000000  
15.160447 0.006142  0.088473  0.012188  0.990342  0.093104  0.102735  -0.096948  0.994740  0.033074  -0.099116  -0.042715  0.994159  0.002191  -0.009808  -0.006977  0.000000  0.000000  0.000000  2.000000  
15.161691 0.006147  0.088462  0.012181  0.990342  0.093091  0.102747  -0.096948  0.994736  0.033195  -0.099116  -0.042835  0.994154  0.002413  -0.009675  -0.006886  0.000000  0.000000  0.000000  2.000000  
15.162696 0.006152  0.088454  0.012176  0.990309  0.093266  0.102908  -0.097151  0.994709  0.033402  -0.099249  -0.043076  0.994130  0.002650  -0.009514  -0.006800  0.000000  0.000000  0.000000  2.000000  
15.163944 0.006158  0.088443  0.012170  0.990289  0.093458  0.102927  -0.097355  0.994686  0.033501  -0.099249  -0.043196  0.994125  0.002982  -0.009349  -0.006613  0.000000  0.000000  0.000000  2.000000  
15.165191 0.006164  0.088433  0.012166  0.990275  0.093440  0.103070  -0.097354  0.994682  0.033609  -0.099382  -0.043316  0.994106  0.003314  -0.009149  -0.006348  0.000000  0.000000  0.000000  2.000000  
15.166447 0.006171  0.088423  0.012162  0.990242  0.093626  0.103221  -0.097556  0.994659  0.033695  -0.099515  -0.043436  0.994088  0.003666  -0.008949  -0.005990  0.000000  0.000000  0.000000  2.000000  
15.167690 0.006178  0.088413  0.012158  0.990209  0.093813  0.103372  -0.097759  0.994637  0.033782  -0.099648  -0.043556  0.994069  0.004005  -0.008725  -0.005661  0.000000  0.000000  0.000000  2.000000  
15.168707 0.006184  0.088406  0.012155  0.990196  0.093794  0.103515  -0.097757  0.994633  0.033889  -0.099781  -0.043676  0.994050  0.004309  -0.008505  -0.005317  0.000000  0.000000  0.000000  2.000000  
15.169939 0.006191  0.088397  0.012151  0.990175  0.093986  0.103534  -0.097961  0.994610  0.033989  -0.099781  -0.043797  0.994045  0.004610  -0.008295  -0.004993  0.000000  0.000000  0.000000  2.000000  
15.170939 0.006197  0.088389  0.012147  0.990175  0.093961  0.103557  -0.097961  0.994601  0.034230  -0.099781  -0.044038  0.994034  0.004782  -0.008189  -0.004754  0.000000  0.000000  0.000000  2.000000  
15.172189 0.006204  0.088380  0.012142  0.990142  0.094135  0.103719  -0.098164  0.994574  0.034437  -0.099914  -0.044279  0.994010  0.004936  -0.008063  -0.004583  0.000000  0.000000  0.000000  2.000000  
15.173443 0.006211  0.088371  0.012136  0.990122  0.094327  0.103737  -0.098368  0.994551  0.034536  -0.099914  -0.044399  0.994005  0.005161  -0.007904  -0.004311  0.000000  0.000000  0.000000  2.000000  
15.174444 0.006217  0.088363  0.012132  0.990108  0.094296  0.103893  -0.098366  0.994543  0.034764  -0.100048  -0.044640  0.993981  0.005307  -0.007855  -0.004199  0.000000  0.000000  0.000000  2.000000  
15.175453 0.006223  0.088356  0.012127  0.990075  0.094482  0.104044  -0.098569  0.994520  0.034850  -0.100181  -0.044760  0.993962  0.005421  -0.007796  -0.004026  0.000000  0.000000  0.000000  2.000000  
15.176459 0.006228  0.088348  0.012122  0.990061  0.094464  0.104187  -0.098567  0.994516  0.034958  -0.100314  -0.044880  0.993943  0.005482  -0.007738  -0.003980  0.000000  0.000000  0.000000  2.000000  
15.177695 0.006235  0.088336  0.012116  0.990028  0.094637  0.104350  -0.098770  0.994489  0.035164  -0.100447  -0.045120  0.993919  0.005532  -0.007814  -0.004012  0.000000  0.000000  0.000000  2.000000  
15.178940 0.006242  0.088326  0.012109  0.990007  0.094817  0.104380  -0.098974  0.994461  0.035384  -0.100447  -0.045361  0.993908  0.005566  -0.007830  -0.004073  0.000000  0.000000  0.000000  2.000000  
15.180190 0.006247  0.088314  0.012103  0.989994  0.094798  0.104524  -0.098972  0.994457  0.035491  -0.100580  -0.045481  0.993889  0.005537  -0.007901  -0.004178  0.000000  0.000000  0.000000  2.000000  
15.181190 0.006253  0.088305  0.012098  0.989994  0.094785  0.104535  -0.098972  0.994453  0.035612  -0.100580  -0.045602  0.993883  0.005562  -0.007958  -0.004302  0.000000  0.000000  0.000000  2.000000  
15.182448 0.006260  0.088295  0.012093  0.989974  0.094977  0.104554  -0.099176  0.994429  0.035711  -0.100580  -0.045722  0.993878  0.005528  -0.008023  -0.004404  0.000000  0.000000  0.000000  2.000000  
15.183693 0.006266  0.088284  0.012087  0.989974  0.094952  0.104577  -0.099176  0.994420  0.035952  -0.100580  -0.045963  0.993867  0.005528  -0.008134  -0.004520  0.000000  0.000000  0.000000  2.000000  
15.184939 0.006273  0.088273  0.012082  0.989953  0.095144  0.104596  -0.099380  0.994396  0.036051  -0.100580  -0.046084  0.993861  0.005484  -0.008217  -0.004577  0.000000  0.000000  0.000000  2.000000  
15.186193 0.006279  0.088262  0.012076  0.989953  0.095131  0.104608  -0.099380  0.994392  0.036172  -0.100580  -0.046205  0.993856  0.005428  -0.008398  -0.004648  0.000000  0.000000  0.000000  2.000000  
15.187441 0.006286  0.088251  0.012070  0.989933  0.095323  0.104627  -0.099584  0.994368  0.036271  -0.100580  -0.046325  0.993850  0.005352  -0.008481  -0.004731  0.000000  0.000000  0.000000  2.000000  
15.188689 0.006291  0.088239  0.012064  0.989933  0.095310  0.104638  -0.099584  0.994363  0.036392  -0.100580  -0.046446  0.993844  0.005256  -0.008614  -0.004742  0.000000  0.000000  0.000000  2.000000  
15.189935 0.006297  0.088228  0.012057  0.989933  0.095310  0.104638  -0.099584  0.994363  0.036392  -0.100580  -0.046446  0.993844  0.005095  -0.008780  -0.004814  0.000000  0.000000  0.000000  2.000000  
15.190942 0.006301  0.088219  0.012052  0.989933  0.095298  0.104650  -0.099584  0.994359  0.036512  -0.100580  -0.046566  0.993839  0.005007  -0.008843  -0.004845  0.000000  0.000000  0.000000  2.000000  
15.192185 0.006306  0.088206  0.012044  0.989933  0.095285  0.104661  -0.099584  0.994355  0.036633  -0.100580  -0.046687  0.993833  0.004923  -0.009005  -0.004923  0.000000  0.000000  0.000000  2.000000  
15.193196 0.006310  0.088196  0.012038  0.989933  0.095272  0.104673  -0.099584  0.994350  0.036754  -0.100580  -0.046807  0.993827  0.004812  -0.009081  -0.005024  0.000000  0.000000  0.000000  2.000000  
15.194454 0.006315  0.088183  0.012029  0.989933  0.095260  0.104685  -0.099584  0.994346  0.036874  -0.100580  -0.046928  0.993822  0.004743  -0.009149  -0.005164  0.000000  0.000000  0.000000  2.000000  
15.195692 0.006320  0.088170  0.012020  0.989933  0.095247  0.104696  -0.099584  0.994341  0.036995  -0.100580  -0.047048  0.993816  0.004652  -0.009303  -0.005419  0.000000  0.000000  0.000000  2.000000  
15.196940 0.006325  0.088157  0.012010  0.989933  0.095234  0.104708  -0.099584  0.994337  0.037115  -0.100580  -0.047169  0.993810  0.004510  -0.009479  -0.005684  0.000000  0.000000  0.000000  2.000000  
15.198191 0.006330  0.088144  0.012000  0.989933  0.095222  0.104719  -0.099584  0.994332  0.037236  -0.100580  -0.047289  0.993804  0.004417  -0.009661  -0.005998  0.000000  0.000000  0.000000  2.000000  
15.199443 0.006336  0.088130  0.011991  0.989933  0.095209  0.104731  -0.099584  0.994328  0.037357  -0.100580  -0.047410  0.993799  0.004376  -0.009810  -0.006241  0.000000  0.000000  0.000000  2.000000  
15.200443 0.006341  0.088121  0.011984  0.989946  0.095215  0.104598  -0.099585  0.994327  0.037370  -0.100447  -0.047411  0.993812  0.004348  -0.009865  -0.006377  0.000000  0.000000  0.000000  2.000000  
15.201686 0.006347  0.088107  0.011975  0.989946  0.095203  0.104610  -0.099585  0.994323  0.037491  -0.100447  -0.047531  0.993806  0.004342  -0.010005  -0.006577  0.000000  0.000000  0.000000  2.000000  
15.202690 0.006352  0.088097  0.011968  0.989946  0.095203  0.104610  -0.099585  0.994323  0.037491  -0.100447  -0.047531  0.993806  0.004305  -0.010093  -0.006775  0.000000  0.000000  0.000000  2.000000  
15.203936 0.006357  0.088084  0.011959  0.989967  0.094985  0.104614  -0.099381  0.994338  0.037633  -0.100447  -0.047652  0.993801  0.004310  -0.010222  -0.006885  0.000000  0.000000  0.000000  2.000000  
15.204936 0.006362  0.088073  0.011952  0.989967  0.094985  0.104614  -0.099381  0.994338  0.037633  -0.100447  -0.047652  0.993801  0.004317  -0.010340  -0.007039  0.000000  0.000000  0.000000  2.000000  
15.205938 0.006366  0.088063  0.011946  0.989967  0.094985  0.104614  -0.099381  0.994338  0.037633  -0.100447  -0.047652  0.993801  0.004360  -0.010375  -0.007085  0.000000  0.000000  0.000000  2.000000  
15.207185 0.006373  0.088050  0.011937  0.989967  0.094985  0.104614  -0.099381  0.994338  0.037633  -0.100447  -0.047652  0.993801  0.004446  -0.010393  -0.007137  0.000000  0.000000  0.000000  2.000000  
15.208185 0.006378  0.088041  0.011931  0.989967  0.094985  0.104614  -0.099381  0.994338  0.037633  -0.100447  -0.047652  0.993801  0.004527  -0.010352  -0.007128  0.000000  0.000000  0.000000  2.000000  
15.209189 0.006384  0.088032  0.011924  0.989967  0.094985  0.104614  -0.099381  0.994338  0.037633  -0.100447  -0.047652  0.993801  0.004651  -0.010278  -0.007119  0.000000  0.000000  0.000000  2.000000  
15.210195 0.006389  0.088022  0.011917  0.989967  0.094985  0.104614  -0.099381  0.994338  0.037633  -0.100447  -0.047652  0.993801  0.004765  -0.010210  -0.007088  0.000000  0.000000  0.000000  2.000000  
15.211444 0.006396  0.088011  0.011908  0.989967  0.094972  0.104625  -0.099381  0.994333  0.037753  -0.100447  -0.047772  0.993795  0.004866  -0.010098  -0.007060  0.000000  0.000000  0.000000  2.000000  
15.212690 0.006404  0.088000  0.011899  0.989967  0.094972  0.104625  -0.099381  0.994333  0.037753  -0.100447  -0.047772  0.993795  0.005043  -0.009948  -0.007024  0.000000  0.000000  0.000000  2.000000  
15.213693 0.006410  0.087990  0.011891  0.989967  0.094972  0.104625  -0.099381  0.994333  0.037753  -0.100447  -0.047772  0.993795  0.005178  -0.009874  -0.007017  0.000000  0.000000  0.000000  2.000000  
15.214940 0.006418  0.087980  0.011882  0.989967  0.094960  0.104637  -0.099381  0.994328  0.037874  -0.100447  -0.047893  0.993789  0.005343  -0.009731  -0.007048  0.000000  0.000000  0.000000  2.000000  
15.216190 0.006427  0.087969  0.011873  0.989967  0.094960  0.104637  -0.099381  0.994328  0.037874  -0.100447  -0.047893  0.993789  0.005490  -0.009580  -0.007048  0.000000  0.000000  0.000000  2.000000  
15.217210 0.006434  0.087960  0.011866  0.989953  0.094953  0.104769  -0.099380  0.994329  0.037861  -0.100580  -0.047892  0.993776  0.005655  -0.009454  -0.007059  0.000000  0.000000  0.000000  2.000000  
15.218450 0.006442  0.087949  0.011856  0.989953  0.094941  0.104781  -0.099380  0.994324  0.037981  -0.100580  -0.048013  0.993770  0.005819  -0.009310  -0.007089  0.000000  0.000000  0.000000  2.000000  
15.219689 0.006451  0.087938  0.011848  0.989933  0.095145  0.104789  -0.099584  0.994305  0.037960  -0.100580  -0.048013  0.993770  0.006072  -0.009146  -0.007093  0.000000  0.000000  0.000000  2.000000  
15.220937 0.006461  0.087928  0.011839  0.989933  0.095145  0.104789  -0.099584  0.994305  0.037960  -0.100580  -0.048013  0.993770  0.006278  -0.009030  -0.007144  0.000000  0.000000  0.000000  2.000000  
15.221938 0.006468  0.087920  0.011831  0.989912  0.095350  0.104796  -0.099788  0.994285  0.037938  -0.100580  -0.048013  0.993770  0.006465  -0.008841  -0.007192  0.000000  0.000000  0.000000  2.000000  
15.223190 0.006478  0.087910  0.011823  0.989912  0.095350  0.104796  -0.099788  0.994285  0.037938  -0.100580  -0.048013  0.993770  0.006685  -0.008704  -0.007218  0.000000  0.000000  0.000000  2.000000  
15.224442 0.006488  0.087901  0.011815  0.989892  0.095555  0.104804  -0.099991  0.994266  0.037917  -0.100580  -0.048013  0.993770  0.006902  -0.008523  -0.007159  0.000000  0.000000  0.000000  2.000000  
15.225451 0.006496  0.087894  0.011808  0.989878  0.095548  0.104936  -0.099990  0.994266  0.037903  -0.100713  -0.048012  0.993756  0.007049  -0.008390  -0.007138  0.000000  0.000000  0.000000  2.000000  
15.226695 0.006506  0.087886  0.011800  0.989858  0.095753  0.104944  -0.100194  0.994247  0.037882  -0.100713  -0.048012  0.993756  0.007239  -0.008150  -0.007079  0.000000  0.000000  0.000000  2.000000  
15.227940 0.006516  0.087878  0.011792  0.989858  0.095753  0.104944  -0.100194  0.994247  0.037882  -0.100713  -0.048012  0.993756  0.007386  -0.007959  -0.006997  0.000000  0.000000  0.000000  2.000000  
15.228941 0.006524  0.087871  0.011784  0.989837  0.095970  0.104940  -0.100398  0.994231  0.037739  -0.100713  -0.047892  0.993762  0.007456  -0.007785  -0.006995  0.000000  0.000000  0.000000  2.000000  
15.230188 0.006533  0.087863  0.011776  0.989837  0.095970  0.104940  -0.100398  0.994231  0.037739  -0.100713  -0.047892  0.993762  0.007531  -0.007624  -0.006972  0.000000  0.000000  0.000000  2.000000  
15.231190 0.006540  0.087857  0.011768  0.989816  0.096175  0.104948  -0.100601  0.994212  0.037718  -0.100713  -0.047892  0.993762  0.007581  -0.007474  -0.006967  0.000000  0.000000  0.000000  2.000000  
15.232442 0.006549  0.087848  0.011759  0.989796  0.096380  0.104956  -0.100805  0.994192  0.037696  -0.100713  -0.047892  0.993762  0.007586  -0.007339  -0.007002  0.000000  0.000000  0.000000  2.000000  
15.233455 0.006556  0.087841  0.011751  0.989782  0.096361  0.105100  -0.100804  0.994188  0.037803  -0.100846  -0.048011  0.993743  0.007582  -0.007204  -0.007012  0.000000  0.000000  0.000000  2.000000  
15.234690 0.006565  0.087832  0.011741  0.989761  0.096565  0.105108  -0.101008  0.994168  0.037782  -0.100846  -0.048011  0.993743  0.007547  -0.007069  -0.007082  0.000000  0.000000  0.000000  2.000000  
15.235937 0.006573  0.087823  0.011732  0.989741  0.096770  0.105115  -0.101211  0.994148  0.037760  -0.100846  -0.048011  0.993743  0.007499  -0.006961  -0.007130  0.000000  0.000000  0.000000  2.000000  
15.236940 0.006580  0.087817  0.011724  0.989720  0.096975  0.105123  -0.101415  0.994128  0.037738  -0.100846  -0.048011  0.993743  0.007429  -0.006850  -0.007178  0.000000  0.000000  0.000000  2.000000  
15.238186 0.006588  0.087808  0.011714  0.989699  0.097179  0.105131  -0.101619  0.994108  0.037717  -0.100846  -0.048011  0.993743  0.007354  -0.006775  -0.007249  0.000000  0.000000  0.000000  2.000000  
15.239191 0.006595  0.087801  0.011706  0.989678  0.097384  0.105139  -0.101823  0.994088  0.037695  -0.100846  -0.048011  0.993743  0.007241  -0.006750  -0.007360  0.000000  0.000000  0.000000  2.000000  
15.240442 0.006602  0.087793  0.011696  0.989664  0.097378  0.105271  -0.101821  0.994089  0.037681  -0.100979  -0.048011  0.993729  0.007109  -0.006735  -0.007475  0.000000  0.000000  0.000000  2.000000  
15.241445 0.006609  0.087786  0.011688  0.989643  0.097582  0.105279  -0.102025  0.994069  0.037660  -0.100979  -0.048011  0.993729  0.006963  -0.006761  -0.007595  0.000000  0.000000  0.000000  2.000000  
15.242686 0.006616  0.087778  0.011678  0.989622  0.097800  0.105275  -0.102229  0.994053  0.037518  -0.100979  -0.047890  0.993735  0.006810  -0.006800  -0.007714  0.000000  0.000000  0.000000  2.000000  
15.243689 0.006622  0.087771  0.011669  0.989601  0.098004  0.105282  -0.102432  0.994033  0.037496  -0.100979  -0.047890  0.993735  0.006680  -0.006797  -0.007792  0.000000  0.000000  0.000000  2.000000  
15.244690 0.006627  0.087764  0.011662  0.989580  0.098209  0.105290  -0.102636  0.994013  0.037474  -0.100979  -0.047890  0.993735  0.006520  -0.006848  -0.007875  0.000000  0.000000  0.000000  2.000000  
15.245692 0.006633  0.087757  0.011654  0.989580  0.098209  0.105290  -0.102636  0.994013  0.037474  -0.100979  -0.047890  0.993735  0.006429  -0.006847  -0.007922  0.000000  0.000000  0.000000  2.000000  
15.246940 0.006639  0.087749  0.011643  0.989546  0.098407  0.105430  -0.102838  0.993993  0.037439  -0.101113  -0.047890  0.993722  0.006243  -0.006841  -0.007987  0.000000  0.000000  0.000000  2.000000  
15.247941 0.006645  0.087742  0.011635  0.989524  0.098612  0.105438  -0.103042  0.993973  0.037417  -0.101113  -0.047890  0.993722  0.006121  -0.006828  -0.007997  0.000000  0.000000  0.000000  2.000000  
15.249190 0.006651  0.087733  0.011625  0.989503  0.098817  0.105445  -0.103246  0.993953  0.037395  -0.101113  -0.047890  0.993722  0.005984  -0.006848  -0.008012  0.000000  0.000000  0.000000  2.000000  
15.250191 0.006656  0.087726  0.011617  0.989468  0.099015  0.105585  -0.103448  0.993933  0.037360  -0.101246  -0.047889  0.993708  0.005878  -0.006846  -0.008058  0.000000  0.000000  0.000000  2.000000  
15.251442 0.006663  0.087718  0.011607  0.989468  0.099015  0.105585  -0.103448  0.993933  0.037360  -0.101246  -0.047889  0.993708  0.005746  -0.006823  -0.008034  0.000000  0.000000  0.000000  2.000000  
15.252692 0.006670  0.087709  0.011597  0.989434  0.099213  0.105725  -0.103650  0.993913  0.037324  -0.101379  -0.047888  0.993695  0.005656  -0.006823  -0.008082  0.000000  0.000000  0.000000  2.000000  
15.253695 0.006676  0.087702  0.011588  0.989412  0.099418  0.105733  -0.103854  0.993893  0.037302  -0.101379  -0.047888  0.993695  0.005617  -0.006824  -0.008118  0.000000  0.000000  0.000000  2.000000  
15.254936 0.006683  0.087694  0.011578  0.989377  0.099616  0.105873  -0.104056  0.993873  0.037267  -0.101512  -0.047888  0.993681  0.005597  -0.006856  -0.008120  0.000000  0.000000  0.000000  2.000000  
15.256191 0.006690  0.087685  0.011568  0.989342  0.099814  0.106013  -0.104259  0.993853  0.037231  -0.101645  -0.047887  0.993668  0.005520  -0.006850  -0.008129  0.000000  0.000000  0.000000  2.000000  
15.257439 0.006697  0.087676  0.011558  0.989321  0.100019  0.106020  -0.104462  0.993833  0.037209  -0.101645  -0.047887  0.993668  0.005492  -0.006903  -0.008135  0.000000  0.000000  0.000000  2.000000  
15.258688 0.006705  0.087667  0.011548  0.989286  0.100217  0.106160  -0.104665  0.993813  0.037173  -0.101778  -0.047886  0.993654  0.005526  -0.006937  -0.008128  0.000000  0.000000  0.000000  2.000000  
15.259697 0.006711  0.087660  0.011540  0.989251  0.100415  0.106300  -0.104867  0.993793  0.037138  -0.101911  -0.047886  0.993640  0.005535  -0.006928  -0.008084  0.000000  0.000000  0.000000  2.000000  
15.260947 0.006718  0.087652  0.011530  0.989216  0.100613  0.106440  -0.105069  0.993773  0.037102  -0.102044  -0.047885  0.993627  0.005607  -0.006942  -0.008111  0.000000  0.000000  0.000000  2.000000  
15.262191 0.006727  0.087643  0.011521  0.989180  0.100812  0.106580  -0.105271  0.993753  0.037066  -0.102177  -0.047884  0.993613  0.005725  -0.006953  -0.008078  0.000000  0.000000  0.000000  2.000000  
15.263446 0.006735  0.087634  0.011511  0.989131  0.101003  0.106852  -0.105472  0.993733  0.037015  -0.102444  -0.047883  0.993586  0.005877  -0.006927  -0.007998  0.000000  0.000000  0.000000  2.000000  
15.264688 0.006743  0.087626  0.011502  0.989096  0.101202  0.106992  -0.105674  0.993713  0.036979  -0.102577  -0.047882  0.993572  0.005967  -0.006905  -0.007950  0.000000  0.000000  0.000000  2.000000  
15.265692 0.006750  0.087619  0.011494  0.989061  0.101400  0.107131  -0.105876  0.993693  0.036943  -0.102710  -0.047882  0.993558  0.006079  -0.006943  -0.007946  0.000000  0.000000  0.000000  2.000000  
15.266941 0.006759  0.087611  0.011485  0.989025  0.101598  0.107271  -0.106078  0.993673  0.036907  -0.102843  -0.047881  0.993545  0.006235  -0.006955  -0.007902  0.000000  0.000000  0.000000  2.000000  
15.268192 0.006767  0.087602  0.011476  0.988976  0.101790  0.107543  -0.106279  0.993653  0.036856  -0.103109  -0.047880  0.993517  0.006294  -0.006882  -0.007756  0.000000  0.000000  0.000000  2.000000  
15.269201 0.006774  0.087596  0.011469  0.988940  0.101975  0.107695  -0.106481  0.993628  0.036941  -0.103242  -0.048000  0.993497  0.006414  -0.006854  -0.007687  0.000000  0.000000  0.000000  2.000000  
15.270460 0.006783  0.087587  0.011459  0.988869  0.102371  0.107975  -0.106885  0.993588  0.036868  -0.103508  -0.047998  0.993470  0.006530  -0.006822  -0.007614  0.000000  0.000000  0.000000  2.000000  
15.271692 0.006792  0.087578  0.011450  0.988819  0.102563  0.108247  -0.107086  0.993568  0.036817  -0.103774  -0.047997  0.993442  0.006636  -0.006861  -0.007566  -0.017711  -0.102639  0.167331  2.000000  
15.272941 0.006801  0.087569  0.011440  0.988747  0.102959  0.108526  -0.107490  0.993527  0.036744  -0.104041  -0.047996  0.993414  0.006747  -0.006874  -0.007557  -0.014366  -0.111944  0.173776  2.000000  
15.273942 0.006808  0.087562  0.011433  0.988711  0.103158  0.108666  -0.107692  0.993506  0.036707  -0.104174  -0.047995  0.993400  0.006790  -0.006899  -0.007506  -0.014380  -0.116453  0.173584  2.000000  
15.275226 0.006817  0.087553  0.011424  0.988661  0.103349  0.108938  -0.107893  0.993487  0.036656  -0.104440  -0.047994  0.993373  0.006880  -0.006871  -0.007495  -0.014392  -0.125328  0.172994  2.000000  
15.276450 0.006827  0.087545  0.011414  0.988589  0.103746  0.109217  -0.108297  0.993445  0.036582  -0.104706  -0.047992  0.993345  0.007037  -0.006891  -0.007458  -0.015146  -0.130204  0.179721  2.000000  
15.277696 0.006837  0.087536  0.011404  0.988517  0.104142  0.109496  -0.108701  0.993404  0.036508  -0.104972  -0.047991  0.993317  0.007111  -0.006906  -0.007486  -0.015886  -0.139541  0.186190  2.000000  
15.278941 0.006847  0.087527  0.011395  0.988452  0.104327  0.109900  -0.108900  0.993385  0.036442  -0.105371  -0.047989  0.993274  0.007244  -0.006952  -0.007492  -0.015927  -0.153034  0.185559  2.000000  
15.280187 0.006856  0.087517  0.011385  0.988379  0.104710  0.110192  -0.109303  0.993339  0.036488  -0.105637  -0.048108  0.993240  0.007337  -0.007005  -0.007551  -0.012501  -0.156582  0.190637  2.000000  
15.281191 0.006864  0.087510  0.011377  0.988329  0.104902  0.110464  -0.109504  0.993318  0.036436  -0.105903  -0.048107  0.993212  0.007392  -0.007075  -0.007576  -0.013348  -0.167198  0.198657  2.000000  
15.282452 0.006874  0.087501  0.011368  0.988241  0.105292  0.110875  -0.109906  0.993277  0.036346  -0.106303  -0.048104  0.993170  0.007490  -0.007076  -0.007554  -0.014117  -0.176447  0.205013  2.000000  
15.283693 0.006884  0.087491  0.011358  0.988167  0.105688  0.111154  -0.110310  0.993235  0.036271  -0.106569  -0.048103  0.993141  0.007552  -0.007168  -0.007625  -0.014747  -0.184288  0.209773  2.000000  
15.284940 0.006893  0.087482  0.011348  0.988079  0.106078  0.111565  -0.110712  0.993194  0.036181  -0.106968  -0.048101  0.993098  0.007568  -0.007217  -0.007615  -0.015648  -0.195118  0.217931  2.000000  
15.286188 0.006903  0.087472  0.011339  0.988005  0.106474  0.111844  -0.111115  0.993151  0.036105  -0.107234  -0.048100  0.993070  0.007629  -0.007290  -0.007679  -0.016283  -0.198317  0.222757  2.000000  
15.287441 0.006912  0.087463  0.011329  0.987917  0.106863  0.112255  -0.111517  0.993110  0.036014  -0.107633  -0.048098  0.993027  0.007663  -0.007350  -0.007667  -0.017254  -0.209874  0.231697  2.000000  
15.288688 0.006922  0.087453  0.011319  0.987819  0.107464  0.112541  -0.112124  0.993045  0.035915  -0.107899  -0.048096  0.992998  0.007680  -0.007385  -0.007699  -0.018533  -0.217104  0.242315  2.000000  
15.289688 0.006929  0.087446  0.011312  0.987767  0.107656  0.112813  -0.112324  0.993024  0.035862  -0.108165  -0.048095  0.992969  0.007685  -0.007412  -0.007686  -0.018590  -0.221629  0.242171  2.000000  
15.290797 0.006937  0.087437  0.011304  0.987677  0.108045  0.113223  -0.112726  0.992982  0.035770  -0.108564  -0.048093  0.992925  0.007654  -0.007458  -0.007675  -0.019472  -0.231958  0.249724  2.000000  
15.291942 0.006947  0.087427  0.011294  0.987579  0.108646  0.113509  -0.113333  0.992917  0.035670  -0.108830  -0.048091  0.992896  0.007728  -0.007569  -0.007746  -0.021049  -0.237887  0.264079  2.000000  
15.293198 0.006957  0.087418  0.011284  0.987488  0.109035  0.113920  -0.113734  0.992874  0.035578  -0.109229  -0.048089  0.992853  0.007722  -0.007609  -0.007788  -0.021872  -0.242695  0.270708  2.000000  
15.294450 0.006966  0.087408  0.011274  0.987398  0.109425  0.114330  -0.114136  0.992831  0.035485  -0.109628  -0.048087  0.992809  0.007718  -0.007698  -0.007814  -0.022675  -0.251930  0.277050  2.000000  
15.295454 0.006974  0.087400  0.011266  0.987322  0.109821  0.114609  -0.114539  0.992788  0.035407  -0.109894  -0.048086  0.992779  0.007720  -0.007701  -0.007817  -0.023468  -0.256752  0.283698  2.000000  
15.296688 0.006984  0.087390  0.011256  0.987207  0.110401  0.115040  -0.115144  0.992717  0.035411  -0.110293  -0.048204  0.992730  0.007763  -0.007799  -0.007835  -0.020781  -0.264315  0.294639  2.000000  
15.297690 0.006992  0.087382  0.011249  0.987115  0.110791  0.115450  -0.115545  0.992674  0.035317  -0.110692  -0.048202  0.992685  0.007739  -0.007807  -0.007778  -0.021596  -0.273548  0.301008  2.000000  
15.298691 0.007000  0.087373  0.011241  0.987038  0.111186  0.115729  -0.115948  0.992630  0.035239  -0.110958  -0.048200  0.992656  0.007732  -0.007871  -0.007820  -0.026470  -0.278705  0.307976  2.000000  
15.299693 0.007007  0.087365  0.011233  0.986922  0.111780  0.116146  -0.116552  0.992563  0.035120  -0.111357  -0.048198  0.992611  0.007748  -0.007908  -0.007796  -0.028258  -0.285903  0.323747  2.000000  
15.300940 0.007017  0.087355  0.011223  0.986805  0.112374  0.116563  -0.117157  0.992496  0.035002  -0.111756  -0.048196  0.992566  0.007724  -0.007967  -0.007808  -0.029116  -0.290720  0.330382  2.000000  
15.302190 0.007026  0.087345  0.011214  0.986688  0.112968  0.116981  -0.117761  0.992429  0.034882  -0.112154  -0.048194  0.992521  0.007732  -0.007998  -0.007797  -0.030441  -0.297815  0.340758  2.000000  
15.303439 0.007036  0.087334  0.011205  0.986556  0.113555  0.117530  -0.118363  0.992362  0.034747  -0.112686  -0.048191  0.992461  0.007703  -0.008067  -0.007803  -0.032079  -0.307466  0.354034  2.000000  
15.304439 0.007043  0.087326  0.011197  0.986462  0.113945  0.117939  -0.118764  0.992318  0.034651  -0.113085  -0.048189  0.992416  0.007740  -0.008067  -0.007767  -0.032953  -0.312295  0.360671  2.000000  
15.305451 0.007050  0.087318  0.011190  0.986343  0.114538  0.118356  -0.119368  0.992249  0.034530  -0.113484  -0.048186  0.992371  0.007683  -0.008110  -0.007718  -0.033806  -0.321579  0.367092  2.000000  
15.306686 0.007060  0.087308  0.011180  0.986224  0.115132  0.118773  -0.119971  0.992181  0.034409  -0.113883  -0.048184  0.992325  0.007666  -0.008105  -0.007690  -0.035458  -0.322202  0.380666  2.000000  
15.307688 0.007067  0.087300  0.011173  0.986104  0.115725  0.119190  -0.120575  0.992112  0.034287  -0.114281  -0.048182  0.992279  0.007640  -0.008120  -0.007617  -0.036310  -0.331386  0.386971  2.000000  
15.308692 0.007075  0.087292  0.011167  0.985969  0.116312  0.119738  -0.121176  0.992043  0.034149  -0.114813  -0.048179  0.992218  0.007626  -0.008117  -0.007590  -0.038319  -0.339236  0.403617  2.000000  
15.309693 0.007082  0.087284  0.011159  0.985848  0.116906  0.120154  -0.121779  0.991974  0.034026  -0.115212  -0.048177  0.992172  0.007567  -0.008145  -0.007536  -0.039218  -0.344013  0.410197  2.000000  
15.310942 0.007091  0.087274  0.011151  0.985726  0.117499  0.120570  -0.122383  0.991904  0.033903  -0.115611  -0.048175  0.992126  0.007511  -0.008100  -0.007461  -0.044602  -0.346342  0.420220  2.000000  
15.312188 0.007100  0.087264  0.011142  0.985564  0.118291  0.121125  -0.123187  0.991810  0.033738  -0.116142  -0.048172  0.992064  0.007501  -0.008095  -0.007340  -0.046306  -0.355929  0.433414  2.000000  
