1-Time 2-Px 3-Py 4-Pz 5-R11 6-R21 7-R31 8-R12 9-R22 10-R32 11-R13 12-R23 13-R33 14-Vx 15-Vy 16-Vz 17-Wx 18-Wy 19-Wz 20-state 21-PR11 22-PR21 23-PR31 24-PR12 25-PR22 26-PR32 27-PR13 28-PR23 29-PR33 
50.725224 0.012520  0.095728  0.017592  0.995774  0.088777  0.023502  -0.089208  0.995851  0.017987  -0.021807  -0.020008  0.999562  0.000119  0.000132  0.000099  -0.032214  0.307894  -0.318774  2.000000  
50.726470 0.012520  0.095728  0.017592  0.995798  0.088577  0.023232  -0.089004  0.995868  0.018016  -0.021540  -0.020008  0.999568  0.000126  0.000105  0.000114  -0.028608  0.303125  -0.305089  2.000000  
50.727475 0.012523  0.095728  0.017593  0.995822  0.088377  0.022962  -0.088799  0.995886  0.018045  -0.021272  -0.020008  0.999573  0.000295  0.000080  0.000159  -0.028864  0.302931  -0.298124  2.000000  
50.728720 0.012526  0.095727  0.017594  0.995831  0.088385  0.022562  -0.088800  0.995885  0.018080  -0.020871  -0.020008  0.999582  0.000527  0.000029  0.000230  -0.029343  0.302719  -0.284367  2.000000  
50.729725 0.012529  0.095726  0.017594  0.995855  0.088186  0.022292  -0.088595  0.995903  0.018109  -0.020604  -0.020008  0.999587  0.000728  -0.000055  0.000276  -0.025533  0.298021  -0.277524  2.000000  
50.730970 0.012533  0.095725  0.017594  0.995863  0.088194  0.021892  -0.088596  0.995902  0.018144  -0.020202  -0.020009  0.999596  0.000989  -0.000185  0.000248  -0.025988  0.297763  -0.263718  2.000000  
50.731985 0.012538  0.095724  0.017595  0.995886  0.087994  0.021622  -0.088391  0.995920  0.018172  -0.019935  -0.020009  0.999601  0.001284  -0.000217  0.000284  -0.026232  0.292969  -0.256761  2.000000  
50.733222 0.012544  0.095724  0.017596  0.995879  0.088210  0.021093  -0.088597  0.995901  0.018215  -0.019400  -0.020009  0.999612  0.001697  -0.000274  0.000356  -0.022785  0.297174  -0.236073  2.000000  
50.734472 0.012551  0.095724  0.017597  0.995886  0.088218  0.020693  -0.088598  0.995900  0.018251  -0.018998  -0.020009  0.999619  0.002157  -0.000305  0.000422  -0.023204  0.296880  -0.222235  2.000000  
50.735477 0.012556  0.095722  0.017597  0.995891  0.088223  0.020427  -0.088599  0.995900  0.018274  -0.018731  -0.020009  0.999624  0.002493  -0.000375  0.000414  -0.023582  0.296561  -0.208380  2.000000  
50.736727 0.012562  0.095721  0.017597  0.995896  0.088228  0.020160  -0.088599  0.995899  0.018298  -0.018463  -0.020009  0.999629  0.002883  -0.000512  0.000377  -0.019890  0.291730  -0.194634  2.000000  
50.737990 0.012570  0.095721  0.017597  0.995885  0.088441  0.019764  -0.088805  0.995880  0.018330  -0.018062  -0.020009  0.999637  0.003386  -0.000470  0.000378  -0.020426  0.291203  -0.173832  2.000000  
50.739224 0.012578  0.095721  0.017598  0.995872  0.088652  0.019502  -0.089010  0.995862  0.018349  -0.017794  -0.020010  0.999641  0.003944  -0.000449  0.000435  -0.020955  0.286451  -0.153279  2.000000  
50.740474 0.012586  0.095721  0.017597  0.995876  0.088657  0.019235  -0.089010  0.995861  0.018373  -0.017527  -0.020010  0.999646  0.004490  -0.000421  0.000377  -0.017232  0.281658  -0.139554  2.000000  
50.741477 0.012593  0.095722  0.017597  0.995865  0.088868  0.018850  -0.089216  0.995840  0.018526  -0.017125  -0.020131  0.999651  0.004895  -0.000426  0.000275  -0.013646  0.285716  -0.118691  2.000000  
50.742723 0.012602  0.095721  0.017596  0.995872  0.088876  0.018451  -0.089217  0.995839  0.018562  -0.016724  -0.020131  0.999657  0.005310  -0.000458  0.000187  -0.009911  0.285468  -0.104895  2.000000  
50.743975 0.012611  0.095720  0.017596  0.995878  0.088884  0.018051  -0.089217  0.995839  0.018597  -0.016323  -0.020131  0.999664  0.005679  -0.000450  0.000144  -0.010009  0.287485  -0.097099  2.000000  
50.745039 0.012619  0.095720  0.017597  0.995864  0.089092  0.017799  -0.089423  0.995817  0.018738  -0.016055  -0.020253  0.999666  0.005972  -0.000421  0.000188  -0.006456  0.284280  -0.077046  2.000000  
50.746223 0.012629  0.095718  0.017596  0.995869  0.089097  0.017533  -0.089423  0.995817  0.018762  -0.015788  -0.020253  0.999670  0.006303  -0.000455  0.000081  -0.002693  0.284635  -0.063405  2.000000  
50.747224 0.012636  0.095716  0.017596  0.995854  0.089308  0.017270  -0.089629  0.995798  0.018783  -0.015520  -0.020253  0.999674  0.006535  -0.000527  0.000053  -0.002984  0.284338  -0.049570  2.000000  
50.748478 0.012646  0.095713  0.017596  0.995860  0.089314  0.016881  -0.089629  0.995795  0.018940  -0.015119  -0.020374  0.999678  0.006715  -0.000736  -0.000094  0.004879  0.284071  -0.035741  2.000000  
50.749724 0.012655  0.095709  0.017595  0.995866  0.089322  0.016482  -0.089630  0.995794  0.018975  -0.014717  -0.020374  0.999684  0.006867  -0.000943  -0.000143  0.004695  0.286100  -0.028502  2.000000  
50.750975 0.012664  0.095705  0.017593  0.995870  0.089327  0.016215  -0.089630  0.995794  0.018999  -0.014450  -0.020374  0.999688  0.007024  -0.001118  -0.000273  0.004464  0.283639  -0.014993  2.000000  
50.751984 0.012670  0.095701  0.017592  0.995874  0.089333  0.015949  -0.089630  0.995793  0.019023  -0.014182  -0.020374  0.999692  0.007159  -0.001326  -0.000356  0.008276  0.283237  -0.001178  2.000000  
50.753230 0.012679  0.095698  0.017591  0.995861  0.089544  0.015564  -0.089836  0.995772  0.019177  -0.013781  -0.020496  0.999695  0.007227  -0.001557  -0.000478  0.012102  0.283017  0.012668  2.000000  
50.754475 0.012688  0.095695  0.017589  0.995865  0.089550  0.015297  -0.089836  0.995771  0.019201  -0.013513  -0.020496  0.999699  0.007267  -0.001796  -0.000624  0.015935  0.282750  0.026481  2.000000  
50.755724 0.012696  0.095691  0.017586  0.995887  0.089350  0.015027  -0.089631  0.995789  0.019228  -0.013246  -0.020496  0.999702  0.007248  -0.002055  -0.000779  0.015814  0.280519  0.026273  2.000000  
50.756976 0.012704  0.095687  0.017583  0.995890  0.089356  0.014761  -0.089632  0.995789  0.019252  -0.012978  -0.020496  0.999706  0.007174  -0.002271  -0.000861  0.015701  0.280374  0.033132  2.000000  
50.758222 0.012711  0.095683  0.017581  0.995894  0.089359  0.014505  -0.089632  0.995786  0.019397  -0.012711  -0.020617  0.999707  0.006990  -0.002529  -0.001045  0.019920  0.278227  0.033336  2.000000  
50.759224 0.012717  0.095680  0.017579  0.995896  0.089362  0.014372  -0.089632  0.995786  0.019409  -0.012577  -0.020617  0.999708  0.006833  -0.002730  -0.001177  0.019807  0.273554  0.040157  2.000000  
50.760472 0.012723  0.095675  0.017576  0.995917  0.089162  0.014101  -0.089427  0.995804  0.019436  -0.012309  -0.020617  0.999712  0.006640  -0.002919  -0.001337  0.019769  0.266997  0.032878  2.000000  
50.761720 0.012728  0.095669  0.017573  0.995919  0.089165  0.013968  -0.089428  0.995803  0.019448  -0.012175  -0.020618  0.999713  0.006340  -0.003174  -0.001513  0.019668  0.257964  0.039561  2.000000  
50.762723 0.012731  0.095665  0.017571  0.995939  0.088963  0.013831  -0.089223  0.995822  0.019463  -0.012042  -0.020618  0.999715  0.006042  -0.003378  -0.001642  0.020059  0.251390  0.025871  2.000000  
50.763725 0.012735  0.095659  0.017569  0.995941  0.088966  0.013698  -0.089223  0.995821  0.019474  -0.011908  -0.020618  0.999717  0.005776  -0.003564  -0.001742  0.020065  0.242407  0.025689  2.000000  
50.764975 0.012739  0.095652  0.017567  0.995944  0.088971  0.013431  -0.089223  0.995821  0.019498  -0.011640  -0.020618  0.999720  0.005455  -0.003750  -0.001851  0.019904  0.240390  0.025475  2.000000  
50.765978 0.012742  0.095647  0.017565  0.995964  0.088769  0.013294  -0.089018  0.995839  0.019513  -0.011506  -0.020618  0.999721  0.005190  -0.003868  -0.001910  0.020011  0.236065  0.018524  2.000000  
50.767225 0.012746  0.095640  0.017562  0.995965  0.088772  0.013161  -0.089018  0.995839  0.019525  -0.011373  -0.020618  0.999723  0.004908  -0.004049  -0.001980  0.020114  0.231733  0.011572  2.000000  
50.768475 0.012749  0.095633  0.017560  0.995985  0.088569  0.013023  -0.088813  0.995857  0.019540  -0.011239  -0.020618  0.999724  0.004531  -0.004242  -0.002010  0.020218  0.227437  0.004622  2.000000  
50.769727 0.012753  0.095627  0.017557  0.996005  0.088367  0.012886  -0.088609  0.995875  0.019554  -0.011105  -0.020618  0.999726  0.004161  -0.004472  -0.002044  0.020414  0.218774  -0.009281  2.000000  
50.770977 0.012756  0.095621  0.017554  0.996005  0.088367  0.012886  -0.088609  0.995875  0.019554  -0.011105  -0.020618  0.999726  0.003851  -0.004618  -0.002099  0.020679  0.207251  -0.016550  2.000000  
50.771989 0.012758  0.095616  0.017552  0.996024  0.088163  0.012760  -0.088404  0.995890  0.019689  -0.010971  -0.020739  0.999725  0.003600  -0.004785  -0.002127  0.020764  0.202823  -0.023526  2.000000  
50.773224 0.012762  0.095609  0.017548  0.996024  0.088163  0.012760  -0.088404  0.995890  0.019689  -0.010971  -0.020739  0.999725  0.003350  -0.004939  -0.002174  0.020767  0.189418  -0.023811  2.000000  
50.774477 0.012764  0.095604  0.017546  0.996044  0.087963  0.012612  -0.088199  0.995910  0.019583  -0.010837  -0.020618  0.999729  0.003050  -0.005041  -0.002173  0.016866  0.180663  -0.037833  2.000000  
50.775725 0.012766  0.095597  0.017543  0.996062  0.087758  0.012608  -0.087994  0.995928  0.019586  -0.010837  -0.020618  0.999729  0.002810  -0.005128  -0.002157  0.000000  0.000000  0.000000  2.000000  
50.776977 0.012768  0.095591  0.017540  0.996080  0.087553  0.012604  -0.087789  0.995947  0.019588  -0.010837  -0.020618  0.999729  0.002634  -0.005126  -0.002159  0.000000  0.000000  0.000000  2.000000  
50.777986 0.012770  0.095586  0.017538  0.996079  0.087550  0.012737  -0.087788  0.995947  0.019576  -0.010971  -0.020618  0.999727  0.002492  -0.005107  -0.002169  0.000000  0.000000  0.000000  2.000000  
50.779226 0.012772  0.095580  0.017537  0.996097  0.087345  0.012733  -0.087583  0.995965  0.019579  -0.010971  -0.020618  0.999727  0.002379  -0.005065  -0.002107  0.000000  0.000000  0.000000  2.000000  
50.780473 0.012775  0.095575  0.017535  0.996115  0.087140  0.012729  -0.087378  0.995983  0.019582  -0.010971  -0.020618  0.999727  0.002299  -0.004945  -0.002029  0.000000  0.000000  0.000000  2.000000  
50.781720 0.012778  0.095570  0.017534  0.996115  0.087140  0.012729  -0.087378  0.995983  0.019582  -0.010971  -0.020618  0.999727  0.002262  -0.004841  -0.001947  0.000000  0.000000  0.000000  2.000000  
50.782724 0.012781  0.095567  0.017533  0.996131  0.086932  0.012858  -0.087173  0.996001  0.019573  -0.011105  -0.020618  0.999726  0.002236  -0.004692  -0.001857  0.000000  0.000000  0.000000  2.000000  
50.783974 0.012785  0.095563  0.017532  0.996149  0.086727  0.012854  -0.086968  0.996019  0.019575  -0.011105  -0.020618  0.999726  0.002278  -0.004532  -0.001755  0.000000  0.000000  0.000000  2.000000  
50.785222 0.012789  0.095559  0.017531  0.996149  0.086727  0.012854  -0.086968  0.996019  0.019575  -0.011105  -0.020618  0.999726  0.002344  -0.004416  -0.001625  0.000000  0.000000  0.000000  2.000000  
50.786230 0.012793  0.095555  0.017530  0.996167  0.086522  0.012850  -0.086763  0.996037  0.019578  -0.011105  -0.020618  0.999726  0.002393  -0.004284  -0.001531  0.000000  0.000000  0.000000  2.000000  
50.787478 0.012797  0.095551  0.017530  0.996166  0.086519  0.012983  -0.086763  0.996037  0.019566  -0.011239  -0.020618  0.999724  0.002453  -0.004108  -0.001359  0.000000  0.000000  0.000000  2.000000  
50.788478 0.012801  0.095548  0.017529  0.996183  0.086314  0.012979  -0.086558  0.996055  0.019569  -0.011239  -0.020618  0.999724  0.002590  -0.003983  -0.001290  0.000000  0.000000  0.000000  2.000000  
50.789727 0.012805  0.095545  0.017528  0.996183  0.086314  0.012979  -0.086558  0.996055  0.019569  -0.011239  -0.020618  0.999724  0.002720  -0.003812  -0.001137  0.000000  0.000000  0.000000  2.000000  
50.790972 0.012809  0.095541  0.017527  0.996200  0.086106  0.013108  -0.086353  0.996073  0.019560  -0.011373  -0.020618  0.999723  0.002865  -0.003629  -0.001041  0.000000  0.000000  0.000000  2.000000  
50.791987 0.012813  0.095539  0.017526  0.996200  0.086106  0.013108  -0.086353  0.996073  0.019560  -0.011373  -0.020618  0.999723  0.003020  -0.003437  -0.000950  0.000000  0.000000  0.000000  2.000000  
50.793226 0.012817  0.095536  0.017524  0.996198  0.086103  0.013242  -0.086352  0.996073  0.019549  -0.011506  -0.020618  0.999721  0.003154  -0.003242  -0.000957  0.000000  0.000000  0.000000  2.000000  
50.794228 0.012821  0.095534  0.017523  0.996216  0.085897  0.013248  -0.086147  0.996088  0.019672  -0.011506  -0.020739  0.999719  0.003266  -0.003084  -0.000873  0.000000  0.000000  0.000000  2.000000  
50.795495 0.012826  0.095532  0.017522  0.996216  0.085897  0.013248  -0.086147  0.996088  0.019672  -0.011506  -0.020739  0.999719  0.003404  -0.002863  -0.000923  0.000000  0.000000  0.000000  2.000000  
50.796725 0.012830  0.095529  0.017519  0.996216  0.085897  0.013248  -0.086147  0.996088  0.019672  -0.011506  -0.020739  0.999719  0.003478  -0.002712  -0.000997  0.000000  0.000000  0.000000  2.000000  
50.797979 0.012834  0.095528  0.017518  0.996214  0.085894  0.013381  -0.086147  0.996088  0.019661  -0.011640  -0.020739  0.999717  0.003498  -0.002512  -0.001022  0.000000  0.000000  0.000000  2.000000  
50.799224 0.012838  0.095526  0.017515  0.996214  0.085894  0.013381  -0.086147  0.996088  0.019661  -0.011640  -0.020739  0.999717  0.003481  -0.002388  -0.001128  0.000000  0.000000  0.000000  2.000000  
50.800470 0.012842  0.095523  0.017513  0.996214  0.085892  0.013392  -0.086147  0.996086  0.019781  -0.011640  -0.020860  0.999715  0.003474  -0.002278  -0.001174  0.000000  0.000000  0.000000  2.000000  
50.801477 0.012845  0.095522  0.017512  0.996216  0.085895  0.013258  -0.086147  0.996086  0.019793  -0.011506  -0.020860  0.999716  0.003440  -0.002149  -0.001248  0.000000  0.000000  0.000000  2.000000  
50.802725 0.012848  0.095520  0.017510  0.996216  0.085895  0.013258  -0.086147  0.996086  0.019793  -0.011506  -0.020860  0.999716  0.003366  -0.002015  -0.001311  0.000000  0.000000  0.000000  2.000000  
50.803726 0.012851  0.095518  0.017508  0.996216  0.085895  0.013258  -0.086147  0.996086  0.019793  -0.011506  -0.020860  0.999716  0.003290  -0.001936  -0.001367  0.000000  0.000000  0.000000  2.000000  
50.804726 0.012853  0.095517  0.017507  0.996216  0.085895  0.013258  -0.086147  0.996086  0.019793  -0.011506  -0.020860  0.999716  0.003209  -0.001891  -0.001428  0.000000  0.000000  0.000000  2.000000  
50.805726 0.012856  0.095515  0.017505  0.996216  0.085895  0.013258  -0.086147  0.996086  0.019793  -0.011506  -0.020860  0.999716  0.003155  -0.001785  -0.001508  0.000000  0.000000  0.000000  2.000000  
50.806733 0.012858  0.095513  0.017502  0.996216  0.085895  0.013258  -0.086147  0.996086  0.019793  -0.011506  -0.020860  0.999716  0.003058  -0.001766  -0.001574  0.000000  0.000000  0.000000  2.000000  
50.807979 0.012861  0.095511  0.017499  0.996216  0.085895  0.013258  -0.086147  0.996086  0.019793  -0.011506  -0.020860  0.999716  0.002945  -0.001693  -0.001669  0.000000  0.000000  0.000000  2.000000  
50.809225 0.012863  0.095508  0.017495  0.996217  0.085898  0.013125  -0.086147  0.996086  0.019804  -0.011373  -0.020860  0.999718  0.002786  -0.001705  -0.001857  0.000000  0.000000  0.000000  2.000000  
50.810227 0.012865  0.095507  0.017492  0.996217  0.085898  0.013125  -0.086147  0.996086  0.019804  -0.011373  -0.020860  0.999718  0.002677  -0.001690  -0.001982  0.000000  0.000000  0.000000  2.000000  
50.811474 0.012868  0.095504  0.017488  0.996217  0.085898  0.013125  -0.086147  0.996086  0.019804  -0.011373  -0.020860  0.999718  0.002564  -0.001720  -0.002110  0.000000  0.000000  0.000000  2.000000  
50.812723 0.012870  0.095502  0.017484  0.996217  0.085898  0.013125  -0.086147  0.996086  0.019804  -0.011373  -0.020860  0.999718  0.002424  -0.001762  -0.002244  0.000000  0.000000  0.000000  2.000000  
50.813977 0.012871  0.095500  0.017480  0.996217  0.085898  0.013125  -0.086147  0.996086  0.019804  -0.011373  -0.020860  0.999718  0.002250  -0.001754  -0.002388  0.000000  0.000000  0.000000  2.000000  
50.815225 0.012874  0.095498  0.017476  0.996217  0.085898  0.013125  -0.086147  0.996086  0.019804  -0.011373  -0.020860  0.999718  0.002132  -0.001748  -0.002523  0.000000  0.000000  0.000000  2.000000  
50.816470 0.012876  0.095495  0.017472  0.996219  0.085901  0.012992  -0.086148  0.996085  0.019816  -0.011239  -0.020860  0.999719  0.002032  -0.001779  -0.002644  0.000000  0.000000  0.000000  2.000000  
50.817482 0.012877  0.095493  0.017469  0.996237  0.085696  0.012988  -0.085943  0.996103  0.019819  -0.011239  -0.020860  0.999719  0.001936  -0.001820  -0.002777  0.000000  0.000000  0.000000  2.000000  
50.818483 0.012878  0.095491  0.017466  0.996237  0.085696  0.012988  -0.085943  0.996103  0.019819  -0.011239  -0.020860  0.999719  0.001862  -0.001834  -0.002857  0.000000  0.000000  0.000000  2.000000  
50.819723 0.012880  0.095488  0.017462  0.996237  0.085696  0.012988  -0.085943  0.996103  0.019819  -0.011239  -0.020860  0.999719  0.001783  -0.001870  -0.003002  0.000000  0.000000  0.000000  2.000000  
50.820727 0.012881  0.095486  0.017458  0.996237  0.085696  0.012988  -0.085943  0.996103  0.019819  -0.011239  -0.020860  0.999719  0.001668  -0.001908  -0.003113  0.000000  0.000000  0.000000  2.000000  
50.821988 0.012883  0.095484  0.017454  0.996237  0.085696  0.012988  -0.085943  0.996103  0.019819  -0.011239  -0.020860  0.999719  0.001622  -0.001886  -0.003165  0.000000  0.000000  0.000000  2.000000  
50.823225 0.012886  0.095483  0.017450  0.996237  0.085697  0.012977  -0.085943  0.996105  0.019698  -0.011239  -0.020739  0.999722  0.001646  -0.001786  -0.003180  0.000000  0.000000  0.000000  2.000000  
50.824477 0.012888  0.095481  0.017447  0.996253  0.085489  0.013107  -0.085737  0.996123  0.019689  -0.011373  -0.020739  0.999720  0.001602  -0.001809  -0.003213  0.000000  0.000000  0.000000  2.000000  
50.825477 0.012890  0.095480  0.017443  0.996253  0.085489  0.013107  -0.085737  0.996123  0.019689  -0.011373  -0.020739  0.999720  0.001594  -0.001782  -0.003229  0.000000  0.000000  0.000000  2.000000  
50.826478 0.012892  0.095478  0.017440  0.996253  0.085489  0.013107  -0.085737  0.996123  0.019689  -0.011373  -0.020739  0.999720  0.001589  -0.001758  -0.003248  0.000000  0.000000  0.000000  2.000000  
50.827727 0.012894  0.095476  0.017435  0.996253  0.085489  0.013107  -0.085737  0.996123  0.019689  -0.011373  -0.020739  0.999720  0.001598  -0.001737  -0.003290  0.000000  0.000000  0.000000  2.000000  
50.828969 0.012897  0.095475  0.017430  0.996253  0.085489  0.013107  -0.085737  0.996123  0.019689  -0.011373  -0.020739  0.999720  0.001700  -0.001670  -0.003306  0.000000  0.000000  0.000000  2.000000  
50.829971 0.012899  0.095473  0.017427  0.996270  0.085284  0.013103  -0.085532  0.996141  0.019692  -0.011373  -0.020739  0.999720  0.001696  -0.001639  -0.003361  0.000000  0.000000  0.000000  2.000000  
50.830974 0.012901  0.095472  0.017423  0.996270  0.085284  0.013103  -0.085532  0.996141  0.019692  -0.011373  -0.020739  0.999720  0.001725  -0.001566  -0.003354  0.000000  0.000000  0.000000  2.000000  
50.831985 0.012903  0.095471  0.017419  0.996269  0.085282  0.013236  -0.085532  0.996141  0.019680  -0.011506  -0.020739  0.999719  0.001739  -0.001539  -0.003441  0.000000  0.000000  0.000000  2.000000  
50.833222 0.012906  0.095469  0.017414  0.996269  0.085282  0.013236  -0.085532  0.996141  0.019680  -0.011506  -0.020739  0.999719  0.001857  -0.001483  -0.003486  0.000000  0.000000  0.000000  2.000000  
50.834471 0.012908  0.095468  0.017409  0.996269  0.085282  0.013236  -0.085532  0.996141  0.019680  -0.011506  -0.020739  0.999719  0.001907  -0.001411  -0.003549  0.000000  0.000000  0.000000  2.000000  
50.835724 0.012911  0.095467  0.017405  0.996269  0.085282  0.013236  -0.085532  0.996141  0.019680  -0.011506  -0.020739  0.999719  0.002014  -0.001275  -0.003563  0.000000  0.000000  0.000000  2.000000  
50.836728 0.012914  0.095467  0.017400  0.996269  0.085282  0.013236  -0.085532  0.996141  0.019680  -0.011506  -0.020739  0.999719  0.002057  -0.001185  -0.003647  0.000000  0.000000  0.000000  2.000000  
50.837977 0.012917  0.095466  0.017396  0.996269  0.085282  0.013236  -0.085532  0.996141  0.019680  -0.011506  -0.020739  0.999719  0.002114  -0.001132  -0.003693  0.000000  0.000000  0.000000  2.000000  
50.838977 0.012920  0.095466  0.017392  0.996269  0.085282  0.013236  -0.085532  0.996141  0.019680  -0.011506  -0.020739  0.999719  0.002175  -0.001022  -0.003703  0.000000  0.000000  0.000000  2.000000  
50.840225 0.012923  0.095467  0.017388  0.996269  0.085282  0.013236  -0.085532  0.996141  0.019680  -0.011506  -0.020739  0.999719  0.002247  -0.000893  -0.003758  0.000000  0.000000  0.000000  2.000000  
50.841476 0.012926  0.095466  0.017383  0.996269  0.085282  0.013236  -0.085532  0.996141  0.019680  -0.011506  -0.020739  0.999719  0.002309  -0.000783  -0.003769  0.000000  0.000000  0.000000  2.000000  
50.842722 0.012930  0.095466  0.017378  0.996269  0.085282  0.013236  -0.085532  0.996141  0.019680  -0.011506  -0.020739  0.999719  0.002388  -0.000679  -0.003810  0.000000  0.000000  0.000000  2.000000  
50.843724 0.012932  0.095466  0.017374  0.996269  0.085282  0.013236  -0.085532  0.996141  0.019680  -0.011506  -0.020739  0.999719  0.002378  -0.000624  -0.003843  0.000000  0.000000  0.000000  2.000000  
50.844972 0.012935  0.095465  0.017369  0.996269  0.085282  0.013236  -0.085532  0.996141  0.019680  -0.011506  -0.020739  0.999719  0.002466  -0.000546  -0.003870  0.000000  0.000000  0.000000  2.000000  
50.846227 0.012939  0.095465  0.017363  0.996269  0.085282  0.013236  -0.085532  0.996141  0.019680  -0.011506  -0.020739  0.999719  0.002528  -0.000434  -0.003881  0.000000  0.000000  0.000000  2.000000  
50.847470 0.012942  0.095465  0.017358  0.996269  0.085282  0.013236  -0.085532  0.996141  0.019680  -0.011506  -0.020739  0.999719  0.002554  -0.000362  -0.003910  0.000000  0.000000  0.000000  2.000000  
50.848473 0.012945  0.095465  0.017354  0.996251  0.085487  0.013240  -0.085737  0.996123  0.019678  -0.011506  -0.020739  0.999719  0.002625  -0.000243  -0.003929  0.000000  0.000000  0.000000  2.000000  
50.849720 0.012949  0.095465  0.017348  0.996251  0.085487  0.013240  -0.085737  0.996123  0.019678  -0.011506  -0.020739  0.999719  0.002673  -0.000206  -0.003972  0.000000  0.000000  0.000000  2.000000  
50.850975 0.012953  0.095465  0.017343  0.996251  0.085487  0.013240  -0.085737  0.996123  0.019678  -0.011506  -0.020739  0.999719  0.002730  -0.000161  -0.004022  0.000000  0.000000  0.000000  2.000000  
50.851985 0.012956  0.095465  0.017338  0.996251  0.085487  0.013240  -0.085737  0.996123  0.019678  -0.011506  -0.020739  0.999719  0.002758  -0.000148  -0.004097  0.000000  0.000000  0.000000  2.000000  
50.853226 0.012960  0.095464  0.017332  0.996251  0.085487  0.013240  -0.085737  0.996123  0.019678  -0.011506  -0.020739  0.999719  0.002821  -0.000157  -0.004194  0.000000  0.000000  0.000000  2.000000  
50.854475 0.012964  0.095464  0.017327  0.996251  0.085487  0.013240  -0.085737  0.996123  0.019678  -0.011506  -0.020739  0.999719  0.002836  -0.000155  -0.004257  0.000000  0.000000  0.000000  2.000000  
50.855724 0.012968  0.095464  0.017321  0.996251  0.085487  0.013240  -0.085737  0.996123  0.019678  -0.011506  -0.020739  0.999719  0.002900  -0.000135  -0.004292  0.000000  0.000000  0.000000  2.000000  
50.856978 0.012972  0.095464  0.017316  0.996251  0.085487  0.013240  -0.085737  0.996123  0.019678  -0.011506  -0.020739  0.999719  0.002937  -0.000148  -0.004355  0.000000  0.000000  0.000000  2.000000  
50.857987 0.012975  0.095463  0.017311  0.996251  0.085487  0.013240  -0.085737  0.996123  0.019678  -0.011506  -0.020739  0.999719  0.002989  -0.000177  -0.004407  0.000000  0.000000  0.000000  2.000000  
50.859225 0.012979  0.095463  0.017306  0.996251  0.085487  0.013240  -0.085737  0.996123  0.019678  -0.011506  -0.020739  0.999719  0.003052  -0.000203  -0.004385  0.000000  0.000000  0.000000  2.000000  
50.860476 0.012983  0.095462  0.017301  0.996251  0.085487  0.013240  -0.085737  0.996123  0.019678  -0.011506  -0.020739  0.999719  0.003076  -0.000236  -0.004399  0.000000  0.000000  0.000000  2.000000  
50.861481 0.012986  0.095462  0.017296  0.996251  0.085487  0.013240  -0.085737  0.996123  0.019678  -0.011506  -0.020739  0.999719  0.003122  -0.000210  -0.004403  0.000000  0.000000  0.000000  2.000000  
50.862730 0.012991  0.095461  0.017291  0.996251  0.085487  0.013240  -0.085737  0.996123  0.019678  -0.011506  -0.020739  0.999719  0.003196  -0.000217  -0.004425  0.000000  0.000000  0.000000  2.000000  
50.863975 0.012995  0.095461  0.017285  0.996251  0.085487  0.013240  -0.085737  0.996123  0.019678  -0.011506  -0.020739  0.999719  0.003202  -0.000259  -0.004426  0.000000  0.000000  0.000000  2.000000  
50.865222 0.012999  0.095461  0.017279  0.996251  0.085487  0.013240  -0.085737  0.996123  0.019678  -0.011506  -0.020739  0.999719  0.003227  -0.000291  -0.004442  0.000000  0.000000  0.000000  2.000000  
50.866225 0.013002  0.095460  0.017275  0.996251  0.085485  0.013250  -0.085737  0.996121  0.019798  -0.011506  -0.020860  0.999716  0.003272  -0.000316  -0.004473  0.000000  0.000000  0.000000  2.000000  
50.867470 0.013007  0.095459  0.017269  0.996251  0.085485  0.013250  -0.085737  0.996121  0.019798  -0.011506  -0.020860  0.999716  0.003276  -0.000356  -0.004472  0.000000  0.000000  0.000000  2.000000  
50.868475 0.013010  0.095458  0.017264  0.996250  0.085482  0.013384  -0.085737  0.996121  0.019787  -0.011640  -0.020860  0.999715  0.003283  -0.000382  -0.004457  0.000000  0.000000  0.000000  2.000000  
50.869477 0.013014  0.095458  0.017260  0.996250  0.085482  0.013384  -0.085737  0.996121  0.019787  -0.011640  -0.020860  0.999715  0.003326  -0.000408  -0.004486  0.000000  0.000000  0.000000  2.000000  
50.870724 0.013018  0.095457  0.017255  0.996250  0.085482  0.013384  -0.085737  0.996121  0.019787  -0.011640  -0.020860  0.999715  0.003321  -0.000466  -0.004442  0.000000  0.000000  0.000000  2.000000  
50.871725 0.013022  0.095457  0.017250  0.996250  0.085482  0.013384  -0.085737  0.996121  0.019787  -0.011640  -0.020860  0.999715  0.003397  -0.000461  -0.004449  0.000000  0.000000  0.000000  2.000000  
50.872976 0.013026  0.095456  0.017245  0.996250  0.085482  0.013384  -0.085737  0.996121  0.019787  -0.011640  -0.020860  0.999715  0.003376  -0.000467  -0.004436  0.000000  0.000000  0.000000  2.000000  
50.873986 0.013030  0.095455  0.017240  0.996250  0.085482  0.013384  -0.085737  0.996121  0.019787  -0.011640  -0.020860  0.999715  0.003418  -0.000494  -0.004460  0.000000  0.000000  0.000000  2.000000  
50.875224 0.013034  0.095455  0.017235  0.996248  0.085479  0.013517  -0.085737  0.996122  0.019775  -0.011774  -0.020860  0.999713  0.003451  -0.000461  -0.004440  0.000000  0.000000  0.000000  2.000000  
50.876224 0.013038  0.095455  0.017231  0.996231  0.085685  0.013521  -0.085942  0.996104  0.019773  -0.011774  -0.020860  0.999713  0.003490  -0.000493  -0.004402  0.000000  0.000000  0.000000  2.000000  
50.877477 0.013043  0.095455  0.017226  0.996231  0.085685  0.013521  -0.085942  0.996104  0.019773  -0.011774  -0.020860  0.999713  0.003547  -0.000428  -0.004352  0.000000  0.000000  0.000000  2.000000  
50.878721 0.013048  0.095455  0.017221  0.996231  0.085685  0.013521  -0.085942  0.996104  0.019773  -0.011774  -0.020860  0.999713  0.003577  -0.000395  -0.004329  0.000000  0.000000  0.000000  2.000000  
50.879721 0.013052  0.095455  0.017217  0.996229  0.085682  0.013654  -0.085942  0.996104  0.019761  -0.011908  -0.020860  0.999711  0.003630  -0.000395  -0.004320  0.000000  0.000000  0.000000  2.000000  
50.880975 0.013057  0.095454  0.017212  0.996229  0.085682  0.013654  -0.085942  0.996104  0.019761  -0.011908  -0.020860  0.999711  0.003675  -0.000376  -0.004262  0.000000  0.000000  0.000000  2.000000  
50.881988 0.013061  0.095455  0.017208  0.996229  0.085682  0.013654  -0.085942  0.996104  0.019761  -0.011908  -0.020860  0.999711  0.003731  -0.000309  -0.004209  0.000000  0.000000  0.000000  2.000000  
50.883220 0.013066  0.095455  0.017203  0.996229  0.085682  0.013654  -0.085942  0.996104  0.019761  -0.011908  -0.020860  0.999711  0.003813  -0.000227  -0.004160  0.000000  0.000000  0.000000  2.000000  
50.884223 0.013070  0.095456  0.017199  0.996227  0.085679  0.013787  -0.085942  0.996104  0.019750  -0.012042  -0.020860  0.999710  0.003855  -0.000156  -0.004083  0.000000  0.000000  0.000000  2.000000  
50.885470 0.013076  0.095456  0.017195  0.996227  0.085679  0.013787  -0.085942  0.996104  0.019750  -0.012042  -0.020860  0.999710  0.003921  -0.000117  -0.004020  0.000000  0.000000  0.000000  2.000000  
50.886480 0.013080  0.095456  0.017191  0.996226  0.085676  0.013921  -0.085942  0.996105  0.019738  -0.012175  -0.020860  0.999708  0.003954  -0.000039  -0.003986  0.000000  0.000000  0.000000  2.000000  
50.887724 0.013086  0.095457  0.017186  0.996226  0.085676  0.013921  -0.085942  0.996105  0.019738  -0.012175  -0.020860  0.999708  0.004080  0.000046  -0.003974  0.000000  0.000000  0.000000  2.000000  
50.888977 0.013092  0.095458  0.017181  0.996226  0.085674  0.013931  -0.085942  0.996102  0.019859  -0.012175  -0.020981  0.999706  0.004147  0.000149  -0.003941  0.000000  0.000000  0.000000  2.000000  
50.889986 0.013097  0.095458  0.017178  0.996224  0.085672  0.014064  -0.085941  0.996102  0.019847  -0.012309  -0.020981  0.999704  0.004260  0.000198  -0.003908  0.000000  0.000000  0.000000  2.000000  
50.891224 0.013103  0.095459  0.017173  0.996224  0.085672  0.014064  -0.085941  0.996102  0.019847  -0.012309  -0.020981  0.999704  0.004372  0.000324  -0.003882  0.000000  0.000000  0.000000  2.000000  
50.892227 0.013108  0.095460  0.017169  0.996222  0.085669  0.014198  -0.085941  0.996103  0.019836  -0.012443  -0.020981  0.999702  0.004440  0.000376  -0.003863  0.000000  0.000000  0.000000  2.000000  
50.893473 0.013115  0.095462  0.017165  0.996222  0.085669  0.014198  -0.085941  0.996103  0.019836  -0.012443  -0.020981  0.999702  0.004546  0.000468  -0.003819  0.000000  0.000000  0.000000  2.000000  
50.894476 0.013120  0.095463  0.017161  0.996222  0.085669  0.014198  -0.085941  0.996103  0.019836  -0.012443  -0.020981  0.999702  0.004635  0.000567  -0.003744  0.000000  0.000000  0.000000  2.000000  
50.895477 0.013126  0.095465  0.017158  0.996221  0.085666  0.014331  -0.085941  0.996103  0.019824  -0.012577  -0.020981  0.999701  0.004734  0.000686  -0.003715  0.000000  0.000000  0.000000  2.000000  
50.896722 0.013132  0.095466  0.017154  0.996203  0.085871  0.014335  -0.086146  0.996085  0.019822  -0.012577  -0.020981  0.999701  0.004851  0.000752  -0.003661  0.000000  0.000000  0.000000  2.000000  
50.897722 0.013138  0.095468  0.017151  0.996201  0.085867  0.014479  -0.086146  0.996083  0.019931  -0.012711  -0.021102  0.999697  0.004955  0.000843  -0.003618  0.000000  0.000000  0.000000  2.000000  
50.898723 0.013144  0.095469  0.017148  0.996201  0.085867  0.014479  -0.086146  0.996083  0.019931  -0.012711  -0.021102  0.999697  0.005061  0.000934  -0.003575  0.000000  0.000000  0.000000  2.000000  
50.899975 0.013151  0.095471  0.017144  0.996201  0.085867  0.014479  -0.086146  0.996083  0.019931  -0.012711  -0.021102  0.999697  0.005162  0.001055  -0.003541  0.000000  0.000000  0.000000  2.000000  
50.900976 0.013157  0.095473  0.017141  0.996200  0.085864  0.014612  -0.086146  0.996083  0.019919  -0.012844  -0.021102  0.999695  0.005247  0.001148  -0.003474  0.000000  0.000000  0.000000  2.000000  
50.901986 0.013163  0.095475  0.017137  0.996200  0.085864  0.014612  -0.086146  0.996083  0.019919  -0.012844  -0.021102  0.999695  0.005380  0.001241  -0.003456  0.000000  0.000000  0.000000  2.000000  
50.903232 0.013170  0.095477  0.017133  0.996200  0.085864  0.014612  -0.086146  0.996083  0.019919  -0.012844  -0.021102  0.999695  0.005434  0.001306  -0.003403  0.000000  0.000000  0.000000  2.000000  
50.904475 0.013178  0.095479  0.017129  0.996198  0.085861  0.014745  -0.086146  0.996084  0.019908  -0.012978  -0.021102  0.999693  0.005566  0.001458  -0.003351  0.000000  0.000000  0.000000  2.000000  
50.905725 0.013185  0.095482  0.017125  0.996198  0.085861  0.014745  -0.086146  0.996084  0.019908  -0.012978  -0.021102  0.999693  0.005674  0.001551  -0.003308  0.000000  0.000000  0.000000  2.000000  
50.906728 0.013192  0.095484  0.017122  0.996196  0.085858  0.014878  -0.086146  0.996084  0.019896  -0.013112  -0.021102  0.999691  0.005755  0.001611  -0.003291  0.000000  0.000000  0.000000  2.000000  
50.907977 0.013199  0.095486  0.017118  0.996179  0.086061  0.014893  -0.086351  0.996064  0.020014  -0.013112  -0.021224  0.999689  0.005825  0.001669  -0.003269  0.000000  0.000000  0.000000  2.000000  
50.909225 0.013208  0.095489  0.017114  0.996179  0.086061  0.014893  -0.086351  0.996064  0.020014  -0.013112  -0.021224  0.999689  0.005934  0.001762  -0.003226  0.000000  0.000000  0.000000  2.000000  
50.910475 0.013215  0.095491  0.017110  0.996177  0.086059  0.015026  -0.086351  0.996064  0.020002  -0.013246  -0.021224  0.999687  0.005970  0.001746  -0.003227  0.000000  0.000000  0.000000  2.000000  
50.911475 0.013222  0.095493  0.017107  0.996177  0.086059  0.015026  -0.086351  0.996064  0.020002  -0.013246  -0.021224  0.999687  0.006057  0.001847  -0.003212  0.000000  0.000000  0.000000  2.000000  
50.912730 0.013230  0.095496  0.017103  0.996177  0.086059  0.015026  -0.086351  0.996064  0.020002  -0.013246  -0.021224  0.999687  0.006137  0.001908  -0.003194  0.000000  0.000000  0.000000  2.000000  
50.913985 0.013238  0.095499  0.017099  0.996157  0.086261  0.015164  -0.086556  0.996047  0.019988  -0.013379  -0.021223  0.999685  0.006177  0.001932  -0.003196  0.000000  0.000000  0.000000  2.000000  
50.915224 0.013246  0.095501  0.017095  0.996157  0.086261  0.015164  -0.086556  0.996047  0.019988  -0.013379  -0.021223  0.999685  0.006266  0.001967  -0.003165  0.000000  0.000000  0.000000  2.000000  
50.916470 0.013254  0.095504  0.017092  0.996157  0.086261  0.015164  -0.086556  0.996047  0.019988  -0.013379  -0.021223  0.999685  0.006306  0.002013  -0.003130  0.000000  0.000000  0.000000  2.000000  
50.917475 0.013261  0.095506  0.017088  0.996155  0.086258  0.015297  -0.086555  0.996047  0.019976  -0.013513  -0.021223  0.999683  0.006377  0.002061  -0.003123  0.000000  0.000000  0.000000  2.000000  
50.918475 0.013267  0.095508  0.017085  0.996138  0.086463  0.015301  -0.086760  0.996029  0.019973  -0.013513  -0.021223  0.999683  0.006396  0.002065  -0.003140  0.000000  0.000000  0.000000  2.000000  
50.919476 0.013273  0.095510  0.017082  0.996138  0.086461  0.015311  -0.086760  0.996027  0.020094  -0.013513  -0.021345  0.999681  0.006404  0.002093  -0.003098  0.000000  0.000000  0.000000  2.000000  
50.920724 0.013282  0.095513  0.017079  0.996136  0.086458  0.015445  -0.086760  0.996027  0.020082  -0.013647  -0.021345  0.999679  0.006415  0.002078  -0.003072  0.000000  0.000000  0.000000  2.000000  
50.921728 0.013288  0.095515  0.017076  0.996136  0.086458  0.015445  -0.086760  0.996027  0.020082  -0.013647  -0.021345  0.999679  0.006439  0.002099  -0.003058  0.000000  0.000000  0.000000  2.000000  
50.922985 0.013296  0.095518  0.017072  0.996118  0.086663  0.015449  -0.086965  0.996009  0.020079  -0.013647  -0.021345  0.999679  0.006422  0.002106  -0.003028  0.000000  0.000000  0.000000  2.000000  
50.924225 0.013304  0.095521  0.017068  0.996116  0.086661  0.015582  -0.086965  0.996009  0.020067  -0.013781  -0.021345  0.999677  0.006425  0.002108  -0.003030  0.000000  0.000000  0.000000  2.000000  
50.925475 0.013311  0.095523  0.017065  0.996098  0.086866  0.015586  -0.087170  0.995991  0.020064  -0.013781  -0.021345  0.999677  0.006409  0.002124  -0.002990  0.000000  0.000000  0.000000  2.000000  
50.926724 0.013319  0.095526  0.017062  0.996098  0.086866  0.015586  -0.087170  0.995991  0.020064  -0.013781  -0.021345  0.999677  0.006392  0.002122  -0.002972  0.000000  0.000000  0.000000  2.000000  
50.927724 0.013325  0.095527  0.017059  0.996096  0.086863  0.015719  -0.087170  0.995992  0.020053  -0.013915  -0.021345  0.999675  0.006355  0.002080  -0.002942  0.000000  0.000000  0.000000  2.000000  
50.928970 0.013333  0.095530  0.017055  0.996078  0.087068  0.015724  -0.087375  0.995974  0.020049  -0.013915  -0.021345  0.999675  0.006341  0.002088  -0.002915  0.000000  0.000000  0.000000  2.000000  
50.929985 0.013339  0.095532  0.017053  0.996076  0.087063  0.015867  -0.087375  0.995972  0.020158  -0.014048  -0.021466  0.999671  0.006308  0.002080  -0.002889  0.000000  0.000000  0.000000  2.000000  
50.931224 0.013346  0.095534  0.017049  0.996058  0.087268  0.015872  -0.087580  0.995954  0.020155  -0.014048  -0.021466  0.999671  0.006246  0.002062  -0.002855  0.000000  0.000000  0.000000  2.000000  
50.932473 0.013354  0.095537  0.017046  0.996057  0.087265  0.016005  -0.087580  0.995954  0.020144  -0.014182  -0.021466  0.999669  0.006245  0.002054  -0.002805  0.000000  0.000000  0.000000  2.000000  
50.933474 0.013360  0.095539  0.017044  0.996038  0.087470  0.016009  -0.087785  0.995936  0.020140  -0.014182  -0.021466  0.999669  0.006181  0.002035  -0.002770  0.000000  0.000000  0.000000  2.000000  
50.934475 0.013366  0.095541  0.017041  0.996038  0.087470  0.016009  -0.087785  0.995936  0.020140  -0.014182  -0.021466  0.999669  0.006163  0.002041  -0.002741  0.000000  0.000000  0.000000  2.000000  
50.935722 0.013373  0.095544  0.017039  0.996018  0.087672  0.016146  -0.087990  0.995918  0.020125  -0.014316  -0.021466  0.999667  0.006129  0.002055  -0.002682  0.000000  0.000000  0.000000  2.000000  
50.936730 0.013379  0.095546  0.017036  0.996018  0.087672  0.016146  -0.087990  0.995918  0.020125  -0.014316  -0.021466  0.999667  0.006059  0.002025  -0.002653  0.000000  0.000000  0.000000  2.000000  
50.937991 0.013386  0.095549  0.017033  0.995998  0.087875  0.016284  -0.088195  0.995900  0.020110  -0.014450  -0.021466  0.999665  0.006012  0.002035  -0.002588  0.000000  0.000000  0.000000  2.000000  
50.939224 0.013393  0.095551  0.017031  0.995997  0.087872  0.016417  -0.088195  0.995900  0.020098  -0.014584  -0.021466  0.999663  0.005939  0.002017  -0.002480  0.000000  0.000000  0.000000  2.000000  
50.940225 0.013399  0.095553  0.017029  0.995978  0.088077  0.016421  -0.088400  0.995882  0.020095  -0.014584  -0.021466  0.999663  0.005914  0.002077  -0.002411  0.000000  0.000000  0.000000  2.000000  
50.941475 0.013405  0.095556  0.017027  0.995958  0.088279  0.016558  -0.088604  0.995864  0.020080  -0.014717  -0.021466  0.999661  0.005839  0.002038  -0.002331  0.000000  0.000000  0.000000  2.000000  
50.942722 0.013412  0.095558  0.017025  0.995956  0.088274  0.016702  -0.088604  0.995862  0.020189  -0.014851  -0.021587  0.999657  0.005794  0.002096  -0.002259  0.000000  0.000000  0.000000  2.000000  
50.943724 0.013417  0.095561  0.017023  0.995936  0.088476  0.016840  -0.088809  0.995844  0.020173  -0.014985  -0.021587  0.999655  0.005725  0.002104  -0.002166  0.000000  0.000000  0.000000  2.000000  
50.944972 0.013425  0.095564  0.017022  0.995916  0.088678  0.016977  -0.089014  0.995826  0.020158  -0.015119  -0.021587  0.999653  0.005694  0.002137  -0.002084  0.000000  0.000000  0.000000  2.000000  
50.945985 0.013430  0.095566  0.017020  0.995916  0.088678  0.016977  -0.089014  0.995826  0.020158  -0.015119  -0.021587  0.999653  0.005664  0.002170  -0.001990  0.000000  0.000000  0.000000  2.000000  
50.947228 0.013436  0.095569  0.017018  0.995895  0.088880  0.017114  -0.089219  0.995808  0.020142  -0.015252  -0.021587  0.999651  0.005559  0.002191  -0.001911  0.000000  0.000000  0.000000  2.000000  
