1-Time 2-Px 3-Py 4-Pz 5-R11 6-R21 7-R31 8-R12 9-R22 10-R32 11-R13 12-R23 13-R33 14-Vx 15-Vy 16-Vz 17-Wx 18-Wy 19-Wz 20-state 21-PR11 22-PR21 23-PR31 24-PR12 25-PR22 26-PR32 27-PR13 28-PR23 29-PR33 
28.632367 0.003721  0.092709  0.006557  0.996887  0.060034  -0.051103  -0.059588  0.998171  0.010224  0.051623  -0.007147  0.998641  -0.000077  0.000097  -0.000189  0.000000  0.000000  0.000000  2.000000  
28.633372 0.003721  0.092709  0.006557  0.996887  0.060034  -0.051103  -0.059588  0.998171  0.010224  0.051623  -0.007147  0.998641  -0.000047  0.000126  -0.000168  0.000000  0.000000  0.000000  2.000000  
28.634374 0.003721  0.092708  0.006556  0.996868  0.060241  -0.051234  -0.059792  0.998158  0.010242  0.051757  -0.007147  0.998634  -0.000049  0.000046  -0.000195  0.000000  0.000000  0.000000  2.000000  
28.635623 0.003722  0.092706  0.006556  0.996849  0.060454  -0.051358  -0.059997  0.998145  0.010382  0.051891  -0.007268  0.998626  -0.000000  -0.000076  -0.000163  0.000000  0.000000  0.000000  2.000000  
28.636872 0.003722  0.092704  0.006555  0.996830  0.060660  -0.051489  -0.060202  0.998132  0.010401  0.052024  -0.007268  0.998619  0.000033  -0.000230  -0.000184  0.000000  0.000000  0.000000  2.000000  
28.638175 0.003723  0.092702  0.006555  0.996823  0.060661  -0.051623  -0.060202  0.998132  0.010409  0.052158  -0.007268  0.998612  0.000131  -0.000346  -0.000147  0.000000  0.000000  0.000000  2.000000  
28.639372 0.003724  0.092700  0.006555  0.996791  0.061079  -0.051745  -0.060612  0.998106  0.010559  0.052291  -0.007389  0.998605  0.000188  -0.000496  -0.000106  0.000000  0.000000  0.000000  2.000000  
28.640374 0.003725  0.092698  0.006555  0.996771  0.061286  -0.051876  -0.060816  0.998093  0.010578  0.052425  -0.007389  0.998598  0.000244  -0.000599  -0.000117  0.000000  0.000000  0.000000  2.000000  
28.641623 0.003726  0.092697  0.006556  0.996739  0.061698  -0.052005  -0.061226  0.998068  0.010607  0.052559  -0.007389  0.998591  0.000344  -0.000720  -0.000083  0.000000  0.000000  0.000000  2.000000  
28.642875 0.003727  0.092695  0.006555  0.996700  0.062110  -0.052267  -0.061636  0.998042  0.010645  0.052826  -0.007389  0.998576  0.000386  -0.000856  -0.000146  0.000000  0.000000  0.000000  2.000000  
28.644122 0.003727  0.092694  0.006553  0.996667  0.062522  -0.052396  -0.062046  0.998016  0.010675  0.052959  -0.007389  0.998569  0.000429  -0.000950  -0.000263  0.000000  0.000000  0.000000  2.000000  
28.645125 0.003728  0.092694  0.006551  0.996640  0.062730  -0.052660  -0.062250  0.998003  0.010703  0.053227  -0.007389  0.998555  0.000474  -0.000964  -0.000354  0.000000  0.000000  0.000000  2.000000  
28.646130 0.003728  0.092693  0.006550  0.996607  0.063142  -0.052789  -0.062660  0.997977  0.010733  0.053360  -0.007389  0.998548  0.000495  -0.001030  -0.000453  0.000000  0.000000  0.000000  2.000000  
28.647372 0.003729  0.092692  0.006548  0.996567  0.063555  -0.053052  -0.063069  0.997951  0.010771  0.053628  -0.007388  0.998534  0.000539  -0.001125  -0.000572  0.000000  0.000000  0.000000  2.000000  
28.648374 0.003729  0.092690  0.006546  0.996534  0.063973  -0.053173  -0.063479  0.997923  0.010923  0.053761  -0.007509  0.998526  0.000536  -0.001242  -0.000680  0.000000  0.000000  0.000000  2.000000  
28.649619 0.003730  0.092689  0.006545  0.996493  0.064386  -0.053435  -0.063889  0.997897  0.010962  0.054028  -0.007509  0.998511  0.000578  -0.001258  -0.000746  0.000000  0.000000  0.000000  2.000000  
28.650622 0.003731  0.092687  0.006544  0.996466  0.064593  -0.053699  -0.064093  0.997883  0.010990  0.054296  -0.007509  0.998497  0.000615  -0.001291  -0.000793  0.000000  0.000000  0.000000  2.000000  
28.651871 0.003731  0.092684  0.006544  0.996425  0.065006  -0.053961  -0.064502  0.997857  0.011029  0.054563  -0.007509  0.998482  0.000621  -0.001314  -0.000781  0.000000  0.000000  0.000000  2.000000  
28.653135 0.003733  0.092681  0.006544  0.996384  0.065426  -0.054216  -0.064912  0.997828  0.011190  0.054830  -0.007630  0.998467  0.000657  -0.001391  -0.000777  0.000000  0.000000  0.000000  2.000000  
28.654147 0.003734  0.092678  0.006544  0.996355  0.065633  -0.054480  -0.065116  0.997815  0.011218  0.055097  -0.007630  0.998452  0.000649  -0.001483  -0.000784  0.000000  0.000000  0.000000  2.000000  
28.655372 0.003735  0.092674  0.006545  0.996314  0.066046  -0.054742  -0.065525  0.997787  0.011258  0.055364  -0.007630  0.998437  0.000699  -0.001627  -0.000717  0.025938  0.120063  0.180504  2.000000  
28.656375 0.003737  0.092671  0.006545  0.996286  0.066253  -0.055006  -0.065729  0.997774  0.011287  0.055632  -0.007630  0.998422  0.000716  -0.001757  -0.000744  0.026331  0.128992  0.187460  2.000000  
28.657625 0.003738  0.092666  0.006544  0.996257  0.066461  -0.055270  -0.065933  0.997760  0.011316  0.055899  -0.007630  0.998407  0.000747  -0.001954  -0.000710  0.027103  0.137895  0.201359  2.000000  
28.658627 0.003739  0.092663  0.006544  0.996236  0.066667  -0.055401  -0.066138  0.997746  0.011336  0.056032  -0.007630  0.998400  0.000824  -0.002089  -0.000602  0.027485  0.142317  0.208268  2.000000  
28.659875 0.003742  0.092659  0.006543  0.996207  0.066875  -0.055666  -0.066342  0.997732  0.011366  0.056299  -0.007630  0.998385  0.000906  -0.002294  -0.000532  0.028267  0.151240  0.222196  2.000000  
28.660879 0.003743  0.092656  0.006544  0.996194  0.067080  -0.055663  -0.066547  0.997718  0.011377  0.056299  -0.007630  0.998385  0.001004  -0.002492  -0.000421  0.028626  0.155687  0.229142  2.000000  
28.662131 0.003745  0.092652  0.006543  0.996165  0.067288  -0.055928  -0.066751  0.997704  0.011406  0.056567  -0.007629  0.998370  0.001035  -0.002687  -0.000386  0.029397  0.164533  0.242957  2.000000  
28.663138 0.003745  0.092649  0.006542  0.996151  0.067486  -0.055933  -0.066956  0.997692  0.011297  0.056567  -0.007508  0.998371  0.001083  -0.002769  -0.000274  0.025693  0.164483  0.249832  2.000000  
28.664374 0.003747  0.092646  0.006543  0.996144  0.067487  -0.056067  -0.066956  0.997692  0.011306  0.056700  -0.007508  0.998363  0.001139  -0.002879  -0.000149  0.025155  0.163255  0.241037  2.000000  
28.665377 0.003748  0.092644  0.006543  0.996136  0.067488  -0.056200  -0.066955  0.997692  0.011315  0.056834  -0.007508  0.998355  0.001153  -0.002888  -0.000042  0.020942  0.164639  0.236127  2.000000  
28.666624 0.003749  0.092641  0.006543  0.996115  0.067695  -0.056331  -0.067160  0.997678  0.011335  0.056967  -0.007508  0.998348  0.001166  -0.002935  -0.000018  0.020974  0.164647  0.236136  2.000000  
28.667627 0.003749  0.092638  0.006544  0.996115  0.067688  -0.056339  -0.067160  0.997679  0.011214  0.056967  -0.007387  0.998349  0.001112  -0.002976  0.000034  0.016896  0.164649  0.236108  2.000000  
28.668875 0.003748  0.092633  0.006545  0.996115  0.067688  -0.056339  -0.067160  0.997679  0.011214  0.056967  -0.007387  0.998349  0.001015  -0.003048  0.000094  0.012475  0.155710  0.229167  2.000000  
28.670129 0.003748  0.092628  0.006546  0.996107  0.067689  -0.056472  -0.067159  0.997679  0.011223  0.057101  -0.007387  0.998341  0.000877  -0.003113  0.000120  0.011746  0.155791  0.215318  2.000000  
28.671374 0.003748  0.092624  0.006547  0.996107  0.067689  -0.056472  -0.067159  0.997679  0.011223  0.057101  -0.007387  0.998341  0.000721  -0.003150  0.000186  0.011003  0.151416  0.201492  2.000000  
28.672625 0.003747  0.092619  0.006549  0.996107  0.067682  -0.056481  -0.067159  0.997680  0.011102  0.057101  -0.007266  0.998342  0.000596  -0.003127  0.000331  0.006192  0.142547  0.187612  2.000000  
28.673868 0.003746  0.092615  0.006551  0.996121  0.067476  -0.056483  -0.066954  0.997694  0.011091  0.057101  -0.007266  0.998342  0.000403  -0.003179  0.000476  0.005398  0.137014  0.172331  2.000000  
28.674871 0.003745  0.092611  0.006553  0.996121  0.067476  -0.056483  -0.066954  0.997694  0.011091  0.057101  -0.007266  0.998342  0.000240  -0.003202  0.000642  0.000000  0.000000  0.000000  2.000000  
28.675873 0.003744  0.092607  0.006554  0.996121  0.067470  -0.056491  -0.066954  0.997696  0.010970  0.057101  -0.007145  0.998343  0.000077  -0.003262  0.000727  0.000000  0.000000  0.000000  2.000000  
28.676874 0.003743  0.092604  0.006556  0.996121  0.067470  -0.056491  -0.066954  0.997696  0.010970  0.057101  -0.007145  0.998343  -0.000101  -0.003294  0.000884  0.000000  0.000000  0.000000  2.000000  
28.677875 0.003741  0.092600  0.006556  0.996121  0.067463  -0.056499  -0.066954  0.997697  0.010849  0.057101  -0.007024  0.998344  -0.000293  -0.003326  0.000933  0.000000  0.000000  0.000000  2.000000  
28.679128 0.003740  0.092596  0.006557  0.996128  0.067462  -0.056366  -0.066955  0.997697  0.010840  0.056967  -0.007024  0.998351  -0.000484  -0.003372  0.000999  0.000000  0.000000  0.000000  2.000000  
28.680128 0.003738  0.092593  0.006557  0.996128  0.067455  -0.056374  -0.066955  0.997698  0.010719  0.056967  -0.006903  0.998352  -0.000625  -0.003419  0.000957  0.000000  0.000000  0.000000  2.000000  
28.681376 0.003736  0.092589  0.006557  0.996142  0.067250  -0.056376  -0.066750  0.997712  0.010707  0.056967  -0.006903  0.998352  -0.000828  -0.003481  0.000929  0.000000  0.000000  0.000000  2.000000  
28.682622 0.003734  0.092585  0.006557  0.996150  0.067242  -0.056251  -0.066750  0.997714  0.010577  0.056834  -0.006782  0.998361  -0.000991  -0.003513  0.000814  0.000000  0.000000  0.000000  2.000000  
28.683872 0.003731  0.092581  0.006555  0.996150  0.067242  -0.056251  -0.066750  0.997714  0.010577  0.056834  -0.006782  0.998361  -0.001150  -0.003486  0.000658  0.000000  0.000000  0.000000  2.000000  
28.684875 0.003729  0.092577  0.006554  0.996150  0.067235  -0.056259  -0.066750  0.997715  0.010456  0.056834  -0.006661  0.998361  -0.001314  -0.003443  0.000506  0.000000  0.000000  0.000000  2.000000  
28.686127 0.003726  0.092573  0.006553  0.996171  0.067029  -0.056128  -0.066546  0.997729  0.010436  0.056700  -0.006661  0.998369  -0.001474  -0.003414  0.000347  0.000000  0.000000  0.000000  2.000000  
28.687370 0.003723  0.092570  0.006551  0.996171  0.067029  -0.056128  -0.066546  0.997729  0.010436  0.056700  -0.006661  0.998369  -0.001602  -0.003355  0.000197  0.000000  0.000000  0.000000  2.000000  
28.688371 0.003721  0.092566  0.006551  0.996171  0.067029  -0.056128  -0.066546  0.997729  0.010436  0.056700  -0.006661  0.998369  -0.001710  -0.003328  0.000043  0.000000  0.000000  0.000000  2.000000  
28.689375 0.003719  0.092564  0.006549  0.996179  0.067021  -0.056003  -0.066546  0.997730  0.010306  0.056567  -0.006540  0.998377  -0.001837  -0.003294  -0.000209  0.000000  0.000000  0.000000  2.000000  
28.690617 0.003716  0.092560  0.006548  0.996192  0.066816  -0.056005  -0.066341  0.997744  0.010294  0.056567  -0.006540  0.998377  -0.001914  -0.003251  -0.000439  0.000000  0.000000  0.000000  2.000000  
28.691873 0.003713  0.092556  0.006546  0.996192  0.066809  -0.056013  -0.066341  0.997745  0.010173  0.056567  -0.006418  0.998378  -0.001984  -0.003178  -0.000613  0.000000  0.000000  0.000000  2.000000  
28.693133 0.003711  0.092553  0.006544  0.996192  0.066809  -0.056013  -0.066341  0.997745  0.010173  0.056567  -0.006418  0.998378  -0.002002  -0.003084  -0.000830  0.000000  0.000000  0.000000  2.000000  
28.694373 0.003709  0.092550  0.006542  0.996185  0.066810  -0.056147  -0.066340  0.997745  0.010182  0.056700  -0.006418  0.998371  -0.002035  -0.003063  -0.001005  0.000000  0.000000  0.000000  2.000000  
28.695618 0.003707  0.092547  0.006540  0.996198  0.066597  -0.056157  -0.066135  0.997760  0.010049  0.056700  -0.006297  0.998371  -0.002002  -0.002991  -0.001172  0.000000  0.000000  0.000000  2.000000  
28.696627 0.003706  0.092544  0.006538  0.996198  0.066591  -0.056165  -0.066135  0.997761  0.009928  0.056700  -0.006176  0.998372  -0.001987  -0.002932  -0.001310  0.000000  0.000000  0.000000  2.000000  
28.697877 0.003704  0.092541  0.006535  0.996212  0.066385  -0.056167  -0.065930  0.997775  0.009917  0.056700  -0.006176  0.998372  -0.001926  -0.002874  -0.001405  0.000000  0.000000  0.000000  2.000000  
28.698881 0.003703  0.092539  0.006533  0.996212  0.066378  -0.056175  -0.065930  0.997776  0.009796  0.056700  -0.006055  0.998373  -0.001853  -0.002754  -0.001458  0.000000  0.000000  0.000000  2.000000  
28.700124 0.003702  0.092537  0.006531  0.996212  0.066378  -0.056175  -0.065930  0.997776  0.009796  0.056700  -0.006055  0.998373  -0.001762  -0.002650  -0.001526  0.000000  0.000000  0.000000  2.000000  
28.701125 0.003701  0.092535  0.006529  0.996226  0.066173  -0.056177  -0.065725  0.997790  0.009784  0.056700  -0.006055  0.998373  -0.001672  -0.002562  -0.001598  0.000000  0.000000  0.000000  2.000000  
28.702127 0.003699  0.092533  0.006526  0.996233  0.066172  -0.056044  -0.065726  0.997790  0.009775  0.056567  -0.006055  0.998380  -0.001583  -0.002464  -0.001687  0.000000  0.000000  0.000000  2.000000  
28.703135 0.003698  0.092531  0.006524  0.996239  0.065961  -0.056187  -0.065520  0.997805  0.009652  0.056700  -0.005934  0.998374  -0.001520  -0.002402  -0.001780  0.000000  0.000000  0.000000  2.000000  
28.704369 0.003697  0.092529  0.006522  0.996239  0.065961  -0.056187  -0.065520  0.997805  0.009652  0.056700  -0.005934  0.998374  -0.001436  -0.002305  -0.001845  0.000000  0.000000  0.000000  2.000000  
28.705370 0.003696  0.092527  0.006520  0.996252  0.065755  -0.056189  -0.065315  0.997818  0.009640  0.056700  -0.005934  0.998374  -0.001389  -0.002240  -0.001906  0.000000  0.000000  0.000000  2.000000  
28.706370 0.003695  0.092526  0.006518  0.996252  0.065755  -0.056189  -0.065315  0.997818  0.009640  0.056700  -0.005934  0.998374  -0.001296  -0.002099  -0.001920  0.000000  0.000000  0.000000  2.000000  
28.707375 0.003694  0.092524  0.006517  0.996252  0.065755  -0.056189  -0.065315  0.997818  0.009640  0.056700  -0.005934  0.998374  -0.001257  -0.002051  -0.001940  0.000000  0.000000  0.000000  2.000000  
28.708620 0.003693  0.092523  0.006515  0.996266  0.065550  -0.056191  -0.065110  0.997832  0.009628  0.056700  -0.005934  0.998374  -0.001183  -0.001940  -0.001879  0.000000  0.000000  0.000000  2.000000  
28.709869 0.003691  0.092521  0.006515  0.996266  0.065550  -0.056191  -0.065110  0.997832  0.009628  0.056700  -0.005934  0.998374  -0.001130  -0.001824  -0.001768  0.000000  0.000000  0.000000  2.000000  
28.710875 0.003691  0.092520  0.006515  0.996279  0.065345  -0.056193  -0.064905  0.997845  0.009617  0.056700  -0.005934  0.998374  -0.001028  -0.001704  -0.001631  0.000000  0.000000  0.000000  2.000000  
28.712123 0.003690  0.092519  0.006514  0.996279  0.065338  -0.056201  -0.064905  0.997846  0.009496  0.056700  -0.005813  0.998374  -0.000988  -0.001581  -0.001488  0.000000  0.000000  0.000000  2.000000  
28.713135 0.003690  0.092519  0.006514  0.996293  0.065132  -0.056203  -0.064700  0.997860  0.009484  0.056700  -0.005813  0.998374  -0.000949  -0.001458  -0.001344  0.000000  0.000000  0.000000  2.000000  
28.714372 0.003689  0.092518  0.006514  0.996293  0.065132  -0.056203  -0.064700  0.997860  0.009484  0.056700  -0.005813  0.998374  -0.000910  -0.001347  -0.001234  0.000000  0.000000  0.000000  2.000000  
28.715622 0.003688  0.092517  0.006514  0.996306  0.064927  -0.056205  -0.064495  0.997873  0.009473  0.056700  -0.005813  0.998374  -0.000858  -0.001261  -0.001036  0.000000  0.000000  0.000000  2.000000  
28.716622 0.003688  0.092517  0.006514  0.996306  0.064927  -0.056205  -0.064495  0.997873  0.009473  0.056700  -0.005813  0.998374  -0.000820  -0.001152  -0.000929  0.000000  0.000000  0.000000  2.000000  
28.717872 0.003687  0.092516  0.006513  0.996314  0.064919  -0.056079  -0.064495  0.997874  0.009343  0.056567  -0.005692  0.998383  -0.000724  -0.001054  -0.000773  0.000000  0.000000  0.000000  2.000000  
28.719125 0.003687  0.092515  0.006513  0.996327  0.064714  -0.056081  -0.064290  0.997888  0.009332  0.056567  -0.005692  0.998383  -0.000705  -0.000968  -0.000601  0.000000  0.000000  0.000000  2.000000  
28.720372 0.003686  0.092514  0.006512  0.996327  0.064714  -0.056081  -0.064290  0.997888  0.009332  0.056567  -0.005692  0.998383  -0.000681  -0.000879  -0.000510  0.000000  0.000000  0.000000  2.000000  
28.721428 0.003685  0.092514  0.006512  0.996340  0.064508  -0.056083  -0.064085  0.997901  0.009320  0.056567  -0.005692  0.998383  -0.000618  -0.000782  -0.000384  0.000000  0.000000  0.000000  2.000000  
28.722624 0.003684  0.092512  0.006512  0.996340  0.064515  -0.056075  -0.064085  0.997900  0.009441  0.056567  -0.005813  0.998382  -0.000620  -0.000747  -0.000303  0.000000  0.000000  0.000000  2.000000  
28.723868 0.003684  0.092512  0.006512  0.996340  0.064515  -0.056075  -0.064085  0.997900  0.009441  0.056567  -0.005813  0.998382  -0.000603  -0.000720  -0.000206  0.000000  0.000000  0.000000  2.000000  
28.724872 0.003683  0.092511  0.006512  0.996353  0.064310  -0.056077  -0.063880  0.997913  0.009429  0.056567  -0.005813  0.998382  -0.000590  -0.000681  -0.000200  0.000000  0.000000  0.000000  2.000000  
28.726125 0.003682  0.092510  0.006511  0.996353  0.064310  -0.056077  -0.063880  0.997913  0.009429  0.056567  -0.005813  0.998382  -0.000590  -0.000681  -0.000200  0.000000  0.000000  0.000000  2.000000  
28.727370 0.003681  0.092509  0.006511  0.996366  0.064104  -0.056079  -0.063675  0.997926  0.009418  0.056567  -0.005813  0.998382  -0.000601  -0.000679  -0.000260  0.000000  0.000000  0.000000  2.000000  
28.728370 0.003680  0.092508  0.006510  0.996366  0.064104  -0.056079  -0.063675  0.997926  0.009418  0.056567  -0.005813  0.998382  -0.000601  -0.000679  -0.000260  0.000000  0.000000  0.000000  2.000000  
28.729375 0.003680  0.092508  0.006510  0.996366  0.064104  -0.056079  -0.063675  0.997926  0.009418  0.056567  -0.005813  0.998382  -0.000603  -0.000672  -0.000307  0.000000  0.000000  0.000000  2.000000  
28.730621 0.003679  0.092507  0.006509  0.996379  0.063899  -0.056081  -0.063469  0.997939  0.009406  0.056567  -0.005813  0.998382  -0.000608  -0.000693  -0.000352  0.000000  0.000000  0.000000  2.000000  
28.731622 0.003678  0.092506  0.006508  0.996372  0.063900  -0.056214  -0.063469  0.997939  0.009415  0.056700  -0.005813  0.998374  -0.000638  -0.000721  -0.000373  0.000000  0.000000  0.000000  2.000000  
28.732872 0.003677  0.092505  0.006507  0.996372  0.063900  -0.056214  -0.063469  0.997939  0.009415  0.056700  -0.005813  0.998374  -0.000660  -0.000730  -0.000436  0.000000  0.000000  0.000000  2.000000  
28.733873 0.003677  0.092505  0.006507  0.996385  0.063694  -0.056216  -0.063264  0.997953  0.009403  0.056700  -0.005813  0.998374  -0.000647  -0.000691  -0.000434  0.000000  0.000000  0.000000  2.000000  
28.734875 0.003676  0.092504  0.006506  0.996385  0.063694  -0.056216  -0.063264  0.997953  0.009403  0.056700  -0.005813  0.998374  -0.000677  -0.000719  -0.000456  0.000000  0.000000  0.000000  2.000000  
28.735875 0.003675  0.092503  0.006505  0.996385  0.063694  -0.056216  -0.063264  0.997953  0.009403  0.056700  -0.005813  0.998374  -0.000662  -0.000724  -0.000486  0.000000  0.000000  0.000000  2.000000  
28.736892 0.003675  0.092502  0.006504  0.996398  0.063489  -0.056218  -0.063059  0.997966  0.009392  0.056700  -0.005813  0.998374  -0.000668  -0.000737  -0.000579  0.000000  0.000000  0.000000  2.000000  
28.738134 0.003674  0.092501  0.006502  0.996398  0.063489  -0.056218  -0.063059  0.997966  0.009392  0.056700  -0.005813  0.998374  -0.000703  -0.000787  -0.000642  0.000000  0.000000  0.000000  2.000000  
28.739374 0.003672  0.092499  0.006501  0.996403  0.063284  -0.056354  -0.062853  0.997979  0.009389  0.056834  -0.005813  0.998367  -0.000752  -0.000842  -0.000768  0.000000  0.000000  0.000000  2.000000  
28.740620 0.003671  0.092498  0.006499  0.996403  0.063284  -0.056354  -0.062853  0.997979  0.009389  0.056834  -0.005813  0.998367  -0.000774  -0.000852  -0.000833  0.000000  0.000000  0.000000  2.000000  
28.741875 0.003670  0.092496  0.006498  0.996403  0.063284  -0.056354  -0.062853  0.997979  0.009389  0.056834  -0.005813  0.998367  -0.000789  -0.000885  -0.000884  0.000000  0.000000  0.000000  2.000000  
28.743133 0.003668  0.092495  0.006496  0.996416  0.063079  -0.056355  -0.062648  0.997992  0.009377  0.056834  -0.005813  0.998367  -0.000804  -0.000917  -0.000935  0.000000  0.000000  0.000000  2.000000  
28.744370 0.003667  0.092493  0.006494  0.996409  0.063079  -0.056489  -0.062648  0.997992  0.009385  0.056967  -0.005813  0.998359  -0.000866  -0.000991  -0.001013  0.000000  0.000000  0.000000  2.000000  
28.745618 0.003666  0.092492  0.006493  0.996421  0.062874  -0.056491  -0.062442  0.998005  0.009374  0.056967  -0.005813  0.998359  -0.000866  -0.000991  -0.001013  0.000000  0.000000  0.000000  2.000000  
28.746626 0.003665  0.092491  0.006492  0.996421  0.062874  -0.056491  -0.062442  0.998005  0.009374  0.056967  -0.005813  0.998359  -0.000910  -0.001035  -0.001051  0.000000  0.000000  0.000000  2.000000  
28.747879 0.003664  0.092490  0.006491  0.996421  0.062874  -0.056491  -0.062442  0.998005  0.009374  0.056967  -0.005813  0.998359  -0.000911  -0.001036  -0.001052  0.000000  0.000000  0.000000  2.000000  
28.749124 0.003663  0.092489  0.006490  0.996427  0.062669  -0.056626  -0.062237  0.998017  0.009370  0.057101  -0.005813  0.998351  -0.000932  -0.001023  -0.001067  0.000000  0.000000  0.000000  2.000000  
28.750371 0.003662  0.092488  0.006490  0.996427  0.062669  -0.056626  -0.062237  0.998017  0.009370  0.057101  -0.005813  0.998351  -0.000947  -0.001018  -0.001037  0.000000  0.000000  0.000000  2.000000  
28.751372 0.003661  0.092487  0.006489  0.996427  0.062662  -0.056634  -0.062237  0.998019  0.009249  0.057101  -0.005692  0.998352  -0.000932  -0.001023  -0.001067  0.000000  0.000000  0.000000  2.000000  
28.752620 0.003660  0.092486  0.006487  0.996432  0.062458  -0.056769  -0.062031  0.998031  0.009246  0.057235  -0.005692  0.998345  -0.000932  -0.001023  -0.001067  0.000000  0.000000  0.000000  2.000000  
28.753622 0.003659  0.092485  0.006487  0.996432  0.062458  -0.056769  -0.062031  0.998031  0.009246  0.057235  -0.005692  0.998345  -0.000917  -0.000990  -0.001016  0.000000  0.000000  0.000000  2.000000  
28.754874 0.003658  0.092484  0.006485  0.996432  0.062458  -0.056769  -0.062031  0.998031  0.009246  0.057235  -0.005692  0.998345  -0.000917  -0.000990  -0.001016  0.000000  0.000000  0.000000  2.000000  
28.756124 0.003657  0.092483  0.006484  0.996437  0.062253  -0.056904  -0.061826  0.998044  0.009243  0.057368  -0.005692  0.998337  -0.000887  -0.000945  -0.000960  0.000000  0.000000  0.000000  2.000000  
28.757129 0.003656  0.092482  0.006483  0.996437  0.062253  -0.056904  -0.061826  0.998044  0.009243  0.057368  -0.005692  0.998337  -0.000871  -0.000912  -0.000908  0.000000  0.000000  0.000000  2.000000  
28.758373 0.003655  0.092481  0.006482  0.996437  0.062253  -0.056904  -0.061826  0.998044  0.009243  0.057368  -0.005692  0.998337  -0.000841  -0.000884  -0.000887  0.000000  0.000000  0.000000  2.000000  
28.759618 0.003654  0.092480  0.006481  0.996442  0.062048  -0.057039  -0.061620  0.998057  0.009239  0.057502  -0.005691  0.998329  -0.000834  -0.000847  -0.000885  0.000000  0.000000  0.000000  2.000000  
28.760618 0.003654  0.092480  0.006481  0.996442  0.062048  -0.057039  -0.061620  0.998057  0.009239  0.057502  -0.005691  0.998329  -0.000819  -0.000814  -0.000834  0.000000  0.000000  0.000000  2.000000  
28.761618 0.003653  0.092480  0.006480  0.996442  0.062048  -0.057039  -0.061620  0.998057  0.009239  0.057502  -0.005691  0.998329  -0.000751  -0.000741  -0.000834  0.000000  0.000000  0.000000  2.000000  
28.762625 0.003653  0.092479  0.006479  0.996434  0.062049  -0.057173  -0.061619  0.998057  0.009247  0.057635  -0.005691  0.998321  -0.000734  -0.000725  -0.000827  0.000000  0.000000  0.000000  2.000000  
28.763872 0.003653  0.092479  0.006479  0.996434  0.062049  -0.057173  -0.061619  0.998057  0.009247  0.057635  -0.005691  0.998321  -0.000691  -0.000685  -0.000792  0.000000  0.000000  0.000000  2.000000  
28.764875 0.003652  0.092479  0.006478  0.996447  0.061844  -0.057174  -0.061414  0.998070  0.009236  0.057635  -0.005691  0.998321  -0.000634  -0.000621  -0.000804  0.000000  0.000000  0.000000  2.000000  
28.766126 0.003652  0.092478  0.006477  0.996439  0.061844  -0.057308  -0.061414  0.998070  0.009244  0.057769  -0.005691  0.998314  -0.000634  -0.000621  -0.000804  0.000000  0.000000  0.000000  2.000000  
28.767372 0.003652  0.092478  0.006476  0.996439  0.061844  -0.057308  -0.061414  0.998070  0.009244  0.057769  -0.005691  0.998314  -0.000550  -0.000513  -0.000753  0.000000  0.000000  0.000000  2.000000  
28.768622 0.003651  0.092478  0.006476  0.996431  0.061845  -0.057441  -0.061413  0.998070  0.009252  0.057902  -0.005691  0.998306  -0.000511  -0.000477  -0.000719  0.000000  0.000000  0.000000  2.000000  
28.769623 0.003651  0.092477  0.006475  0.996431  0.061845  -0.057441  -0.061413  0.998070  0.009252  0.057902  -0.005691  0.998306  -0.000474  -0.000424  -0.000658  0.000000  0.000000  0.000000  2.000000  
28.770877 0.003651  0.092477  0.006475  0.996431  0.061845  -0.057441  -0.061413  0.998070  0.009252  0.057902  -0.005691  0.998306  -0.000413  -0.000368  -0.000615  0.000000  0.000000  0.000000  2.000000  
28.772123 0.003651  0.092477  0.006474  0.996424  0.061846  -0.057574  -0.061413  0.998069  0.009260  0.058036  -0.005691  0.998298  -0.000368  -0.000316  -0.000626  0.000000  0.000000  0.000000  2.000000  
28.773139 0.003651  0.092477  0.006474  0.996436  0.061640  -0.057576  -0.061208  0.998082  0.009248  0.058036  -0.005691  0.998298  -0.000298  -0.000231  -0.000541  0.000000  0.000000  0.000000  2.000000  
28.774370 0.003651  0.092477  0.006473  0.996436  0.061640  -0.057576  -0.061208  0.998082  0.009248  0.058036  -0.005691  0.998298  -0.000272  -0.000255  -0.000551  0.000000  0.000000  0.000000  2.000000  
28.775370 0.003651  0.092477  0.006473  0.996436  0.061647  -0.057569  -0.061208  0.998081  0.009369  0.058036  -0.005812  0.998298  -0.000204  -0.000182  -0.000550  0.000000  0.000000  0.000000  2.000000  
28.776372 0.003651  0.092477  0.006472  0.996429  0.061648  -0.057702  -0.061207  0.998081  0.009378  0.058170  -0.005812  0.998290  -0.000156  -0.000185  -0.000556  0.000000  0.000000  0.000000  2.000000  
28.777620 0.003651  0.092477  0.006471  0.996429  0.061648  -0.057702  -0.061207  0.998081  0.009378  0.058170  -0.005812  0.998290  -0.000160  -0.000159  -0.000559  0.000000  0.000000  0.000000  2.000000  
28.778873 0.003651  0.092477  0.006470  0.996429  0.061648  -0.057702  -0.061207  0.998081  0.009378  0.058170  -0.005812  0.998290  -0.000087  -0.000110  -0.000556  0.000000  0.000000  0.000000  2.000000  
28.779876 0.003651  0.092477  0.006469  0.996429  0.061648  -0.057702  -0.061207  0.998081  0.009378  0.058170  -0.005812  0.998290  -0.000035  -0.000110  -0.000552  0.000000  0.000000  0.000000  2.000000  
28.781125 0.003652  0.092477  0.006469  0.996429  0.061648  -0.057702  -0.061207  0.998081  0.009378  0.058170  -0.005812  0.998290  -0.000011  -0.000057  -0.000534  0.000000  0.000000  0.000000  2.000000  
28.782127 0.003652  0.092477  0.006468  0.996429  0.061648  -0.057702  -0.061207  0.998081  0.009378  0.058170  -0.005812  0.998290  0.000011  -0.000086  -0.000561  0.000000  0.000000  0.000000  2.000000  
28.783138 0.003652  0.092477  0.006467  0.996433  0.061443  -0.057837  -0.061002  0.998094  0.009374  0.058303  -0.005812  0.998282  0.000056  -0.000063  -0.000569  0.000000  0.000000  0.000000  2.000000  
28.784372 0.003652  0.092477  0.006467  0.996433  0.061443  -0.057837  -0.061002  0.998094  0.009374  0.058303  -0.005812  0.998282  0.000070  -0.000066  -0.000590  0.000000  0.000000  0.000000  2.000000  
28.785622 0.003653  0.092477  0.006466  0.996433  0.061443  -0.057837  -0.061002  0.998094  0.009374  0.058303  -0.005812  0.998282  0.000114  -0.000043  -0.000599  0.000000  0.000000  0.000000  2.000000  
28.786623 0.003653  0.092477  0.006466  0.996433  0.061443  -0.057837  -0.061002  0.998094  0.009374  0.058303  -0.005812  0.998282  0.000168  -0.000044  -0.000605  0.000000  0.000000  0.000000  2.000000  
28.787870 0.003654  0.092476  0.006465  0.996433  0.061443  -0.057837  -0.061002  0.998094  0.009374  0.058303  -0.005812  0.998282  0.000180  -0.000048  -0.000626  0.000000  0.000000  0.000000  2.000000  
28.788872 0.003654  0.092476  0.006464  0.996426  0.061444  -0.057971  -0.061001  0.998094  0.009382  0.058437  -0.005812  0.998274  0.000225  -0.000025  -0.000634  0.000000  0.000000  0.000000  2.000000  
28.789872 0.003654  0.092476  0.006463  0.996426  0.061451  -0.057963  -0.061001  0.998092  0.009503  0.058437  -0.005933  0.998273  0.000235  -0.000049  -0.000633  0.000000  0.000000  0.000000  2.000000  
28.790876 0.003655  0.092476  0.006462  0.996438  0.061246  -0.057965  -0.060796  0.998105  0.009491  0.058437  -0.005933  0.998273  0.000250  -0.000054  -0.000662  0.000000  0.000000  0.000000  2.000000  
28.792127 0.003655  0.092476  0.006462  0.996438  0.061246  -0.057965  -0.060796  0.998105  0.009491  0.058437  -0.005933  0.998273  0.000287  -0.000049  -0.000629  0.000000  0.000000  0.000000  2.000000  
28.793137 0.003656  0.092476  0.006461  0.996438  0.061246  -0.057965  -0.060796  0.998105  0.009491  0.058437  -0.005933  0.998273  0.000309  -0.000077  -0.000646  0.000000  0.000000  0.000000  2.000000  
28.794375 0.003656  0.092476  0.006459  0.996438  0.061246  -0.057965  -0.060796  0.998105  0.009491  0.058437  -0.005933  0.998273  0.000327  -0.000062  -0.000708  0.000000  0.000000  0.000000  2.000000  
28.795624 0.003657  0.092476  0.006458  0.996438  0.061246  -0.057965  -0.060796  0.998105  0.009491  0.058437  -0.005933  0.998273  0.000339  -0.000087  -0.000707  0.000000  0.000000  0.000000  2.000000  
28.796629 0.003657  0.092476  0.006458  0.996451  0.061040  -0.057967  -0.060591  0.998118  0.009479  0.058437  -0.005933  0.998273  0.000384  -0.000063  -0.000716  0.000000  0.000000  0.000000  2.000000  
28.797878 0.003658  0.092476  0.006457  0.996443  0.061041  -0.058101  -0.060590  0.998118  0.009487  0.058570  -0.005933  0.998266  0.000385  -0.000063  -0.000717  0.000000  0.000000  0.000000  2.000000  
28.799126 0.003659  0.092476  0.006456  0.996443  0.061041  -0.058101  -0.060590  0.998118  0.009487  0.058570  -0.005933  0.998266  0.000430  -0.000040  -0.000725  0.000000  0.000000  0.000000  2.000000  
28.800372 0.003659  0.092476  0.006455  0.996443  0.061041  -0.058101  -0.060590  0.998118  0.009487  0.058570  -0.005933  0.998266  0.000437  -0.000044  -0.000743  0.000000  0.000000  0.000000  2.000000  
28.801622 0.003661  0.092476  0.006454  0.996443  0.061041  -0.058101  -0.060590  0.998118  0.009487  0.058570  -0.005933  0.998266  0.000497  -0.000026  -0.000781  0.000000  0.000000  0.000000  2.000000  
28.802870 0.003661  0.092477  0.006453  0.996455  0.060843  -0.058095  -0.060385  0.998129  0.009597  0.058570  -0.006054  0.998265  0.000521  0.000007  -0.000743  0.000000  0.000000  0.000000  2.000000  
28.803871 0.003662  0.092477  0.006453  0.996455  0.060843  -0.058095  -0.060385  0.998129  0.009597  0.058570  -0.006054  0.998265  0.000556  0.000030  -0.000739  0.000000  0.000000  0.000000  2.000000  
28.804873 0.003663  0.092477  0.006452  0.996455  0.060843  -0.058095  -0.060385  0.998129  0.009597  0.058570  -0.006054  0.998265  0.000596  0.000059  -0.000730  0.000000  0.000000  0.000000  2.000000  
28.806127 0.003664  0.092477  0.006452  0.996455  0.060843  -0.058095  -0.060385  0.998129  0.009597  0.058570  -0.006054  0.998265  0.000626  0.000087  -0.000709  0.000000  0.000000  0.000000  2.000000  
28.807370 0.003665  0.092478  0.006451  0.996447  0.060843  -0.058228  -0.060385  0.998129  0.009605  0.058704  -0.006054  0.998257  0.000646  0.000113  -0.000676  0.000000  0.000000  0.000000  2.000000  
28.808620 0.003667  0.092478  0.006450  0.996447  0.060843  -0.058228  -0.060385  0.998129  0.009605  0.058704  -0.006054  0.998257  0.000727  0.000141  -0.000652  0.000000  0.000000  0.000000  2.000000  
28.809871 0.003667  0.092479  0.006450  0.996447  0.060843  -0.058228  -0.060385  0.998129  0.009605  0.058704  -0.006054  0.998257  0.000757  0.000169  -0.000631  0.000000  0.000000  0.000000  2.000000  
28.810875 0.003668  0.092479  0.006449  0.996447  0.060843  -0.058228  -0.060385  0.998129  0.009605  0.058704  -0.006054  0.998257  0.000757  0.000169  -0.000631  0.000000  0.000000  0.000000  2.000000  
28.812123 0.003669  0.092479  0.006448  0.996447  0.060843  -0.058228  -0.060385  0.998129  0.009605  0.058704  -0.006054  0.998257  0.000795  0.000215  -0.000652  0.000000  0.000000  0.000000  2.000000  
28.813137 0.003670  0.092480  0.006447  0.996447  0.060850  -0.058221  -0.060385  0.998128  0.009726  0.058704  -0.006175  0.998256  0.000823  0.000251  -0.000610  0.000000  0.000000  0.000000  2.000000  
28.814369 0.003672  0.092480  0.006447  0.996447  0.060850  -0.058221  -0.060385  0.998128  0.009726  0.058704  -0.006175  0.998256  0.000840  0.000275  -0.000580  0.000000  0.000000  0.000000  2.000000  
28.815372 0.003672  0.092481  0.006446  0.996440  0.060851  -0.058354  -0.060384  0.998128  0.009734  0.058837  -0.006175  0.998248  0.000869  0.000302  -0.000559  0.000000  0.000000  0.000000  2.000000  
28.816373 0.003674  0.092481  0.006446  0.996427  0.061057  -0.058352  -0.060589  0.998115  0.009746  0.058837  -0.006175  0.998248  0.000899  0.000341  -0.000516  0.000000  0.000000  0.000000  2.000000  
28.817619 0.003675  0.092482  0.006446  0.996427  0.061057  -0.058352  -0.060589  0.998115  0.009746  0.058837  -0.006175  0.998248  0.000914  0.000363  -0.000487  0.000000  0.000000  0.000000  2.000000  
28.818622 0.003676  0.092482  0.006445  0.996427  0.061057  -0.058352  -0.060589  0.998115  0.009746  0.058837  -0.006175  0.998248  0.000930  0.000369  -0.000495  0.000000  0.000000  0.000000  2.000000  
28.819872 0.003677  0.092483  0.006445  0.996427  0.061057  -0.058352  -0.060589  0.998115  0.009746  0.058837  -0.006175  0.998248  0.000944  0.000390  -0.000466  0.000000  0.000000  0.000000  2.000000  
28.820872 0.003678  0.092483  0.006445  0.996415  0.061262  -0.058350  -0.060795  0.998103  0.009758  0.058837  -0.006175  0.998248  0.000951  0.000367  -0.000454  0.000000  0.000000  0.000000  2.000000  
28.821873 0.003679  0.092483  0.006445  0.996407  0.061263  -0.058484  -0.060794  0.998103  0.009766  0.058971  -0.006175  0.998241  0.000937  0.000383  -0.000401  0.000000  0.000000  0.000000  2.000000  
28.822875 0.003680  0.092483  0.006445  0.996407  0.061270  -0.058476  -0.060794  0.998101  0.009887  0.058971  -0.006296  0.998240  0.000943  0.000360  -0.000389  0.000000  0.000000  0.000000  2.000000  
28.824123 0.003681  0.092484  0.006445  0.996394  0.061476  -0.058474  -0.060999  0.998089  0.009899  0.058971  -0.006296  0.998240  0.000958  0.000393  -0.000337  0.000000  0.000000  0.000000  2.000000  
28.825370 0.003682  0.092484  0.006445  0.996374  0.061682  -0.058605  -0.061204  0.998076  0.009919  0.059105  -0.006296  0.998232  0.000905  0.000351  -0.000286  0.000000  0.000000  0.000000  2.000000  
28.826372 0.003682  0.092484  0.006445  0.996374  0.061682  -0.058605  -0.061204  0.998076  0.009919  0.059105  -0.006296  0.998232  0.000920  0.000373  -0.000260  0.000000  0.000000  0.000000  2.000000  
28.827373 0.003683  0.092485  0.006445  0.996361  0.061887  -0.058603  -0.061409  0.998063  0.009931  0.059105  -0.006296  0.998232  0.000882  0.000327  -0.000239  0.000000  0.000000  0.000000  2.000000  
28.828622 0.003684  0.092485  0.006445  0.996353  0.061888  -0.058737  -0.061409  0.998063  0.009940  0.059238  -0.006296  0.998224  0.000858  0.000323  -0.000140  0.000000  0.000000  0.000000  2.000000  
28.829626 0.003684  0.092485  0.006445  0.996341  0.062094  -0.058735  -0.061614  0.998050  0.009952  0.059238  -0.006296  0.998224  0.000813  0.000300  -0.000131  0.000000  0.000000  0.000000  2.000000  
28.830877 0.003685  0.092486  0.006446  0.996328  0.062299  -0.058733  -0.061819  0.998038  0.009964  0.059238  -0.006296  0.998224  0.000798  0.000342  -0.000019  0.000000  0.000000  0.000000  2.000000  
28.832124 0.003686  0.092486  0.006446  0.996307  0.062513  -0.058856  -0.062023  0.998024  0.010105  0.059372  -0.006417  0.998215  0.000746  0.000291  0.000002  0.000000  0.000000  0.000000  2.000000  
28.833136 0.003686  0.092486  0.006446  0.996294  0.062718  -0.058854  -0.062229  0.998011  0.010117  0.059372  -0.006417  0.998215  0.000683  0.000244  -0.000011  0.000000  0.000000  0.000000  2.000000  
28.834372 0.003686  0.092486  0.006446  0.996274  0.062924  -0.058985  -0.062433  0.997998  0.010138  0.059505  -0.006417  0.998207  0.000660  0.000230  0.000062  0.000000  0.000000  0.000000  2.000000  
28.835375 0.003687  0.092486  0.006446  0.996261  0.063130  -0.058983  -0.062638  0.997985  0.010150  0.059505  -0.006417  0.998207  0.000593  0.000235  0.000089  0.000000  0.000000  0.000000  2.000000  
28.836622 0.003687  0.092487  0.006447  0.996240  0.063336  -0.059115  -0.062843  0.997972  0.010170  0.059639  -0.006417  0.998199  0.000570  0.000221  0.000162  0.000000  0.000000  0.000000  2.000000  
28.837622 0.003688  0.092487  0.006448  0.996219  0.063543  -0.059246  -0.063047  0.997958  0.010191  0.059772  -0.006417  0.998191  0.000533  0.000254  0.000210  0.000000  0.000000  0.000000  2.000000  
28.838870 0.003688  0.092487  0.006448  0.996185  0.063954  -0.059375  -0.063457  0.997932  0.010224  0.059906  -0.006417  0.998183  0.000449  0.000184  0.000240  0.000000  0.000000  0.000000  2.000000  
28.839878 0.003688  0.092487  0.006449  0.996172  0.064167  -0.059365  -0.063662  0.997918  0.010357  0.059906  -0.006538  0.998183  0.000425  0.000170  0.000312  0.000000  0.000000  0.000000  2.000000  
28.841118 0.003688  0.092487  0.006450  0.996138  0.064579  -0.059494  -0.064072  0.997891  0.010390  0.060039  -0.006538  0.998175  0.000389  0.000177  0.000367  0.000000  0.000000  0.000000  2.000000  
28.842131 0.003688  0.092487  0.006451  0.996116  0.064785  -0.059625  -0.064276  0.997878  0.010411  0.060173  -0.006538  0.998167  0.000365  0.000189  0.000433  0.000000  0.000000  0.000000  2.000000  
28.843133 0.003689  0.092488  0.006452  0.996082  0.065197  -0.059754  -0.064686  0.997851  0.010444  0.060307  -0.006538  0.998158  0.000350  0.000194  0.000463  0.000000  0.000000  0.000000  2.000000  
28.844370 0.003689  0.092488  0.006453  0.996047  0.065608  -0.059883  -0.065096  0.997824  0.010478  0.060440  -0.006538  0.998150  0.000315  0.000200  0.000516  0.000000  0.000000  0.000000  2.000000  
28.845618 0.003689  0.092488  0.006453  0.996004  0.066028  -0.060137  -0.065505  0.997796  0.010641  0.060707  -0.006659  0.998133  0.000277  0.000154  0.000536  0.000000  0.000000  0.000000  2.000000  
28.846626 0.003689  0.092488  0.006454  0.995969  0.066440  -0.060266  -0.065914  0.997768  0.010674  0.060841  -0.006659  0.998125  0.000251  0.000128  0.000524  0.027071  0.066295  0.180000  2.000000  
28.847879 0.003690  0.092488  0.006455  0.995920  0.067057  -0.060393  -0.066529  0.997727  0.010720  0.060974  -0.006659  0.998117  0.000252  0.000166  0.000606  0.028324  0.070652  0.200729  2.000000  
28.849125 0.003690  0.092488  0.006456  0.995876  0.067470  -0.060655  -0.066938  0.997699  0.010763  0.061241  -0.006659  0.998101  0.000239  0.000145  0.000638  0.029185  0.079567  0.214627  2.000000  
28.850370 0.003690  0.092489  0.006456  0.995812  0.068300  -0.060771  -0.067757  0.997642  0.010943  0.061375  -0.006780  0.998092  0.000224  0.000150  0.000667  0.034242  0.083230  0.233455  2.000000  
28.851372 0.003690  0.092488  0.006457  0.995768  0.068712  -0.061033  -0.068166  0.997613  0.010987  0.061642  -0.006780  0.998075  0.000194  0.000122  0.000646  0.035155  0.087697  0.247452  2.000000  
