1-Time 2-Px 3-Py 4-Pz 5-R11 6-R21 7-R31 8-R12 9-R22 10-R32 11-R13 12-R23 13-R33 14-Vx 15-Vy 16-Vz 17-Wx 18-Wy 19-Wz 20-state 21-PR11 22-PR21 23-PR31 24-PR12 25-PR22 26-PR32 27-PR13 28-PR23 29-PR33 
37.789494 0.010125  0.099092  0.005184  0.997721  0.067474  0.000620  -0.067474  0.997574  0.017099  0.000535  -0.017102  0.999854  -0.001264  -0.001462  -0.001146  0.000000  0.000000  0.000000  2.000000  
37.790503 0.010125  0.099091  0.005183  0.997721  0.067474  0.000620  -0.067474  0.997574  0.017099  0.000535  -0.017102  0.999854  -0.001152  -0.001363  -0.001105  0.000000  0.000000  0.000000  2.000000  
37.791747 0.010126  0.099090  0.005182  0.997693  0.067884  0.000627  -0.067885  0.997547  0.017099  0.000535  -0.017102  0.999854  -0.001004  -0.001290  -0.001022  0.000000  0.000000  0.000000  2.000000  
37.792747 0.010127  0.099090  0.005182  0.997665  0.068295  0.000634  -0.068296  0.997519  0.017099  0.000535  -0.017102  0.999854  -0.000766  -0.001161  -0.000956  0.000000  0.000000  0.000000  2.000000  
37.793749 0.010129  0.099090  0.005181  0.997651  0.068498  0.000779  -0.068501  0.997503  0.017210  0.000401  -0.017223  0.999852  -0.000587  -0.001095  -0.000936  0.000000  0.000000  0.000000  2.000000  
37.794749 0.010130  0.099089  0.005180  0.997651  0.068498  0.000779  -0.068501  0.997503  0.017210  0.000401  -0.017223  0.999852  -0.000347  -0.001048  -0.000901  0.000000  0.000000  0.000000  2.000000  
37.795996 0.010134  0.099089  0.005180  0.997623  0.068911  0.000653  -0.068912  0.997474  0.017219  0.000535  -0.017223  0.999852  -0.000033  -0.000951  -0.000859  0.000000  0.000000  0.000000  2.000000  
37.797248 0.010139  0.099090  0.005180  0.997594  0.069322  0.000660  -0.069323  0.997446  0.017219  0.000535  -0.017223  0.999852  0.000392  -0.000773  -0.000755  0.000000  0.000000  0.000000  2.000000  
37.798500 0.010143  0.099090  0.005179  0.997565  0.069735  0.000542  -0.069734  0.997415  0.017349  0.000669  -0.017345  0.999849  0.000752  -0.000634  -0.000735  0.000000  0.000000  0.000000  2.000000  
37.799748 0.010146  0.099089  0.005178  0.997522  0.070351  0.000553  -0.070350  0.997372  0.017349  0.000669  -0.017345  0.999849  0.001102  -0.000568  -0.000718  0.000000  0.000000  0.000000  2.000000  
37.800996 0.010151  0.099091  0.005176  0.997479  0.070964  0.000706  -0.070966  0.997326  0.017460  0.000535  -0.017466  0.999847  0.001554  -0.000361  -0.000740  0.000000  0.000000  0.000000  2.000000  
37.801998 0.010155  0.099091  0.005175  0.997449  0.071375  0.000713  -0.071377  0.997297  0.017460  0.000535  -0.017466  0.999847  0.001859  -0.000233  -0.000703  0.000000  0.000000  0.000000  2.000000  
37.803008 0.010159  0.099093  0.005174  0.997405  0.071991  0.000724  -0.071993  0.997252  0.017459  0.000535  -0.017466  0.999847  0.002244  -0.000026  -0.000697  0.000000  0.000000  0.000000  2.000000  
37.804247 0.010165  0.099095  0.005174  0.997360  0.072607  0.000743  -0.072609  0.997206  0.017580  0.000535  -0.017587  0.999845  0.002689  0.000244  -0.000644  0.000000  0.000000  0.000000  2.000000  
37.805247 0.010169  0.099097  0.005173  0.997330  0.073017  0.000751  -0.073019  0.997176  0.017579  0.000535  -0.017587  0.999845  0.002957  0.000405  -0.000684  0.000000  0.000000  0.000000  2.000000  
37.806248 0.010174  0.099099  0.005172  0.997300  0.073430  0.000633  -0.073430  0.997143  0.017710  0.000669  -0.017708  0.999843  0.003312  0.000583  -0.000715  0.020507  -0.003251  0.186775  2.000000  
37.807496 0.010181  0.099102  0.005170  0.997255  0.074046  0.000653  -0.074046  0.997095  0.017830  0.000669  -0.017830  0.999841  0.003575  0.000758  -0.000796  0.024597  -0.003625  0.207523  2.000000  
37.808745 0.010186  0.099104  0.005169  0.997224  0.074459  0.000527  -0.074456  0.997065  0.017840  0.000803  -0.017830  0.999841  0.003821  0.000923  -0.000817  0.024607  0.005125  0.221525  2.000000  
37.809748 0.010190  0.099104  0.005168  0.997178  0.075075  0.000547  -0.075072  0.997016  0.017961  0.000803  -0.017951  0.999839  0.003994  0.001031  -0.000853  0.028695  0.004747  0.242257  2.000000  
37.810998 0.010196  0.099106  0.005166  0.997147  0.075485  0.000564  -0.075483  0.996983  0.018081  0.000803  -0.018072  0.999836  0.004155  0.001122  -0.000928  0.032899  0.004506  0.257022  2.000000  
37.812009 0.010201  0.099106  0.005165  0.997116  0.075895  0.000571  -0.075893  0.996952  0.018081  0.000803  -0.018072  0.999836  0.004242  0.001136  -0.001032  0.032781  0.004122  0.276730  2.000000  
37.813248 0.010207  0.099107  0.005162  0.997084  0.076306  0.000579  -0.076304  0.996921  0.018081  0.000803  -0.018072  0.999836  0.004334  0.001152  -0.001138  0.032815  0.003882  0.290782  2.000000  
37.814249 0.010210  0.099106  0.005160  0.997053  0.076716  0.000586  -0.076714  0.996889  0.018081  0.000803  -0.018072  0.999836  0.004332  0.001112  -0.001224  0.032812  0.003637  0.304508  2.000000  
37.815494 0.010214  0.099105  0.005156  0.997037  0.076924  0.000466  -0.076920  0.996871  0.018212  0.000937  -0.018194  0.999834  0.004348  0.001069  -0.001343  0.036616  0.007928  0.308996  2.000000  
37.816499 0.010218  0.099105  0.005154  0.997021  0.077129  0.000470  -0.077125  0.996855  0.018212  0.000937  -0.018194  0.999834  0.004298  0.000942  -0.001463  0.036627  0.007808  0.315903  2.000000  
37.817748 0.010223  0.099106  0.005151  0.996989  0.077540  0.000477  -0.077535  0.996823  0.018211  0.000937  -0.018194  0.999834  0.004296  0.000844  -0.001594  0.036930  0.007626  0.332263  2.000000  
37.818994 0.010227  0.099106  0.005147  0.996973  0.077745  0.000490  -0.077741  0.996805  0.018332  0.000937  -0.018315  0.999832  0.004208  0.000717  -0.001790  0.041022  0.007362  0.346146  2.000000  
37.820010 0.010229  0.099105  0.005144  0.996957  0.077950  0.000494  -0.077946  0.996789  0.018332  0.000937  -0.018315  0.999832  0.004083  0.000543  -0.001924  0.041014  0.007237  0.352954  2.000000  
37.821247 0.010233  0.099105  0.005140  0.996957  0.077950  0.000494  -0.077946  0.996789  0.018332  0.000937  -0.018315  0.999832  0.003895  0.000395  -0.002081  0.040685  0.007302  0.343304  2.000000  
37.822248 0.010235  0.099105  0.005137  0.996941  0.078155  0.000498  -0.078151  0.996773  0.018332  0.000937  -0.018315  0.999832  0.003678  0.000206  -0.002259  0.040681  0.007423  0.336457  2.000000  
37.823255 0.010237  0.099105  0.005134  0.996941  0.078155  0.000498  -0.078151  0.996773  0.018332  0.000937  -0.018315  0.999832  0.003504  0.000120  -0.002408  0.040997  0.012229  0.325568  2.000000  
37.824501 0.010238  0.099104  0.005129  0.996925  0.078360  0.000511  -0.078356  0.996755  0.018453  0.000937  -0.018436  0.999830  0.003221  -0.000033  -0.002608  0.040663  0.011967  0.329745  2.000000  
37.825508 0.010238  0.099102  0.005126  0.996925  0.078360  0.000511  -0.078356  0.996755  0.018453  0.000937  -0.018436  0.999830  0.002978  -0.000171  -0.002724  0.040970  0.012182  0.325355  2.000000  
37.826748 0.010238  0.099100  0.005122  0.996941  0.078155  0.000498  -0.078151  0.996773  0.018332  0.000937  -0.018315  0.999832  0.002557  -0.000399  -0.002865  0.036911  0.008202  0.297734  2.000000  
37.827999 0.010238  0.099099  0.005118  0.996941  0.078155  0.000498  -0.078151  0.996773  0.018332  0.000937  -0.018315  0.999832  0.002194  -0.000544  -0.002999  0.032584  0.003903  0.281580  2.000000  
37.829243 0.010238  0.099097  0.005114  0.996941  0.078155  0.000498  -0.078151  0.996773  0.018332  0.000937  -0.018315  0.999832  0.001862  -0.000620  -0.003028  0.032563  0.004147  0.267773  2.000000  
37.830244 0.010237  0.099095  0.005111  0.996941  0.078155  0.000498  -0.078151  0.996773  0.018332  0.000937  -0.018315  0.999832  0.001581  -0.000692  -0.003052  0.032550  0.004391  0.254033  2.000000  
37.831248 0.010236  0.099094  0.005108  0.996957  0.077948  0.000627  -0.077946  0.996789  0.018322  0.000803  -0.018315  0.999832  0.001241  -0.000773  -0.003070  0.028689  0.004907  0.228449  2.000000  
37.832250 0.010235  0.099092  0.005105  0.996957  0.077948  0.000627  -0.077946  0.996789  0.018322  0.000803  -0.018315  0.999832  0.000889  -0.000885  -0.003152  0.028675  0.005279  0.207698  2.000000  
37.833509 0.010234  0.099091  0.005101  0.996973  0.077742  0.000624  -0.077741  0.996805  0.018322  0.000803  -0.018315  0.999832  0.000566  -0.000973  -0.003149  0.024389  0.005594  0.185459  2.000000  
37.834745 0.010232  0.099089  0.005097  0.996973  0.077742  0.000624  -0.077741  0.996805  0.018322  0.000803  -0.018315  0.999832  0.000242  -0.001072  -0.003165  0.000000  0.000000  0.000000  2.000000  
37.836000 0.010231  0.099088  0.005094  0.996989  0.077537  0.000620  -0.077535  0.996821  0.018322  0.000803  -0.018315  0.999832  -0.000044  -0.001164  -0.003148  0.000000  0.000000  0.000000  2.000000  
37.837010 0.010230  0.099087  0.005091  0.996989  0.077537  0.000620  -0.077535  0.996821  0.018322  0.000803  -0.018315  0.999832  -0.000320  -0.001240  -0.003126  0.000000  0.000000  0.000000  2.000000  
37.838247 0.010229  0.099086  0.005088  0.996989  0.077537  0.000620  -0.077535  0.996821  0.018322  0.000803  -0.018315  0.999832  -0.000544  -0.001289  -0.003100  0.000000  0.000000  0.000000  2.000000  
37.839247 0.010227  0.099084  0.005086  0.997005  0.077332  0.000616  -0.077330  0.996837  0.018322  0.000803  -0.018315  0.999832  -0.000697  -0.001303  -0.002968  0.000000  0.000000  0.000000  2.000000  
37.840249 0.010225  0.099083  0.005083  0.997021  0.077127  0.000612  -0.077125  0.996853  0.018322  0.000803  -0.018315  0.999832  -0.000853  -0.001275  -0.002892  0.000000  0.000000  0.000000  2.000000  
37.841496 0.010223  0.099081  0.005081  0.997021  0.077127  0.000612  -0.077125  0.996853  0.018322  0.000803  -0.018315  0.999832  -0.000992  -0.001294  -0.002794  0.000000  0.000000  0.000000  2.000000  
37.842511 0.010223  0.099080  0.005079  0.997021  0.077124  0.000746  -0.077125  0.996853  0.018312  0.000669  -0.018315  0.999832  -0.001081  -0.001293  -0.002677  0.000000  0.000000  0.000000  2.000000  
37.843749 0.010221  0.099079  0.005078  0.997037  0.076919  0.000742  -0.076920  0.996869  0.018312  0.000669  -0.018315  0.999832  -0.001090  -0.001191  -0.002518  0.000000  0.000000  0.000000  2.000000  
37.844997 0.010220  0.099079  0.005077  0.997037  0.076919  0.000742  -0.076920  0.996869  0.018312  0.000669  -0.018315  0.999832  -0.001105  -0.001107  -0.002313  0.000000  0.000000  0.000000  2.000000  
37.846248 0.010220  0.099078  0.005076  0.997053  0.076714  0.000738  -0.076714  0.996885  0.018312  0.000669  -0.018315  0.999832  -0.001053  -0.001025  -0.002138  0.000000  0.000000  0.000000  2.000000  
37.847253 0.010221  0.099079  0.005076  0.997053  0.076714  0.000738  -0.076714  0.996885  0.018312  0.000669  -0.018315  0.999832  -0.000970  -0.000910  -0.001937  0.000000  0.000000  0.000000  2.000000  
37.848494 0.010222  0.099080  0.005076  0.997053  0.076714  0.000747  -0.076714  0.996883  0.018433  0.000669  -0.018436  0.999830  -0.000803  -0.000725  -0.001698  0.000000  0.000000  0.000000  2.000000  
37.849499 0.010223  0.099080  0.005076  0.997069  0.076508  0.000744  -0.076509  0.996898  0.018433  0.000669  -0.018436  0.999830  -0.000661  -0.000632  -0.001487  0.000000  0.000000  0.000000  2.000000  
37.850743 0.010224  0.099080  0.005076  0.997069  0.076508  0.000744  -0.076509  0.996898  0.018433  0.000669  -0.018436  0.999830  -0.000476  -0.000505  -0.001209  0.000000  0.000000  0.000000  2.000000  
37.851747 0.010225  0.099080  0.005076  0.997069  0.076508  0.000744  -0.076509  0.996898  0.018433  0.000669  -0.018436  0.999830  -0.000371  -0.000470  -0.001054  0.000000  0.000000  0.000000  2.000000  
37.852996 0.010227  0.099081  0.005077  0.997069  0.076508  0.000753  -0.076509  0.996896  0.018554  0.000669  -0.018557  0.999828  -0.000163  -0.000338  -0.000787  0.000000  0.000000  0.000000  2.000000  
37.854000 0.010228  0.099082  0.005077  0.997069  0.076508  0.000753  -0.076509  0.996896  0.018554  0.000669  -0.018557  0.999828  0.000051  -0.000191  -0.000572  0.000000  0.000000  0.000000  2.000000  
37.855004 0.010230  0.099082  0.005078  0.997084  0.076303  0.000749  -0.076304  0.996912  0.018554  0.000669  -0.018557  0.999828  0.000257  -0.000096  -0.000381  0.000000  0.000000  0.000000  2.000000  
37.856248 0.010231  0.099082  0.005079  0.997084  0.076303  0.000758  -0.076304  0.996910  0.018675  0.000669  -0.018679  0.999825  0.000508  0.000087  -0.000137  0.000000  0.000000  0.000000  2.000000  
37.857499 0.010232  0.099083  0.005079  0.997084  0.076303  0.000758  -0.076304  0.996910  0.018675  0.000669  -0.018679  0.999825  0.000641  0.000140  -0.000009  0.000000  0.000000  0.000000  2.000000  
37.858510 0.010234  0.099083  0.005079  0.997084  0.076303  0.000768  -0.076304  0.996907  0.018796  0.000669  -0.018800  0.999823  0.000846  0.000274  0.000118  0.000000  0.000000  0.000000  2.000000  
37.859745 0.010236  0.099084  0.005080  0.997084  0.076303  0.000768  -0.076304  0.996907  0.018796  0.000669  -0.018800  0.999823  0.001028  0.000398  0.000179  0.000000  0.000000  0.000000  2.000000  
37.860747 0.010237  0.099086  0.005080  0.997084  0.076303  0.000777  -0.076304  0.996905  0.018917  0.000669  -0.018921  0.999821  0.001171  0.000506  0.000286  0.000000  0.000000  0.000000  2.000000  
37.861995 0.010239  0.099087  0.005080  0.997084  0.076303  0.000786  -0.076304  0.996903  0.019038  0.000669  -0.019042  0.999818  0.001233  0.000533  0.000307  0.000000  0.000000  0.000000  2.000000  
37.862995 0.010240  0.099088  0.005081  0.997084  0.076305  0.000653  -0.076304  0.996903  0.019048  0.000803  -0.019042  0.999818  0.001276  0.000599  0.000383  0.000000  0.000000  0.000000  2.000000  
37.863998 0.010242  0.099090  0.005082  0.997084  0.076305  0.000653  -0.076304  0.996903  0.019048  0.000803  -0.019042  0.999818  0.001319  0.000664  0.000400  0.000000  0.000000  0.000000  2.000000  
37.865248 0.010244  0.099091  0.005082  0.997084  0.076305  0.000653  -0.076304  0.996903  0.019048  0.000803  -0.019042  0.999818  0.001377  0.000727  0.000446  0.000000  0.000000  0.000000  2.000000  
37.866507 0.010244  0.099092  0.005083  0.997084  0.076305  0.000662  -0.076304  0.996900  0.019169  0.000803  -0.019164  0.999816  0.001330  0.000782  0.000485  0.000000  0.000000  0.000000  2.000000  
37.867747 0.010245  0.099093  0.005084  0.997084  0.076305  0.000662  -0.076304  0.996900  0.019169  0.000803  -0.019164  0.999816  0.001246  0.000830  0.000490  0.000000  0.000000  0.000000  2.000000  
37.868993 0.010246  0.099094  0.005085  0.997084  0.076305  0.000662  -0.076304  0.996900  0.019169  0.000803  -0.019164  0.999816  0.001203  0.000844  0.000502  0.000000  0.000000  0.000000  2.000000  
37.870009 0.010246  0.099095  0.005086  0.997084  0.076305  0.000662  -0.076304  0.996900  0.019169  0.000803  -0.019164  0.999816  0.001117  0.000850  0.000504  0.000000  0.000000  0.000000  2.000000  
37.871247 0.010247  0.099096  0.005086  0.997084  0.076305  0.000662  -0.076304  0.996900  0.019169  0.000803  -0.019164  0.999816  0.001059  0.000911  0.000492  0.000000  0.000000  0.000000  2.000000  
37.872248 0.010247  0.099096  0.005086  0.997084  0.076305  0.000662  -0.076304  0.996900  0.019169  0.000803  -0.019164  0.999816  0.001016  0.000946  0.000485  0.000000  0.000000  0.000000  2.000000  
37.873511 0.010248  0.099097  0.005087  0.997084  0.076305  0.000662  -0.076304  0.996900  0.019169  0.000803  -0.019164  0.999816  0.000909  0.000938  0.000479  0.000000  0.000000  0.000000  2.000000  
37.874747 0.010248  0.099097  0.005086  0.997084  0.076305  0.000662  -0.076304  0.996900  0.019169  0.000803  -0.019164  0.999816  0.000770  0.000842  0.000408  0.000000  0.000000  0.000000  2.000000  
37.875748 0.010248  0.099097  0.005086  0.997084  0.076305  0.000671  -0.076304  0.996898  0.019290  0.000803  -0.019285  0.999814  0.000681  0.000787  0.000426  0.000000  0.000000  0.000000  2.000000  
37.876749 0.010248  0.099097  0.005086  0.997084  0.076305  0.000671  -0.076304  0.996898  0.019290  0.000803  -0.019285  0.999814  0.000578  0.000696  0.000389  0.000000  0.000000  0.000000  2.000000  
37.877997 0.010248  0.099098  0.005086  0.997084  0.076305  0.000671  -0.076304  0.996898  0.019290  0.000803  -0.019285  0.999814  0.000437  0.000598  0.000318  0.000000  0.000000  0.000000  2.000000  
37.878997 0.010248  0.099098  0.005085  0.997084  0.076305  0.000671  -0.076304  0.996898  0.019290  0.000803  -0.019285  0.999814  0.000386  0.000522  0.000236  0.000000  0.000000  0.000000  2.000000  
37.879998 0.010248  0.099097  0.005085  0.997084  0.076305  0.000671  -0.076304  0.996898  0.019290  0.000803  -0.019285  0.999814  0.000269  0.000386  0.000193  0.000000  0.000000  0.000000  2.000000  
37.881002 0.010247  0.099096  0.005085  0.997084  0.076305  0.000671  -0.076304  0.996898  0.019290  0.000803  -0.019285  0.999814  0.000180  0.000291  0.000124  0.000000  0.000000  0.000000  2.000000  
37.882243 0.010247  0.099096  0.005085  0.997100  0.076100  0.000667  -0.076099  0.996914  0.019290  0.000803  -0.019285  0.999814  0.000107  0.000147  0.000078  0.000000  0.000000  0.000000  2.000000  
37.883248 0.010246  0.099095  0.005085  0.997100  0.076100  0.000658  -0.076099  0.996916  0.019169  0.000803  -0.019164  0.999816  0.000021  0.000055  0.000011  0.000000  0.000000  0.000000  2.000000  
37.884498 0.010246  0.099094  0.005085  0.997100  0.076100  0.000658  -0.076099  0.996916  0.019169  0.000803  -0.019164  0.999816  -0.000021  -0.000054  -0.000011  0.000000  0.000000  0.000000  2.000000  
37.885746 0.010246  0.099093  0.005085  0.997100  0.076100  0.000658  -0.076099  0.996916  0.019169  0.000803  -0.019164  0.999816  -0.000047  -0.000167  -0.000063  0.000000  0.000000  0.000000  2.000000  
37.886751 0.010245  0.099093  0.005084  0.997100  0.076100  0.000658  -0.076099  0.996916  0.019169  0.000803  -0.019164  0.999816  -0.000107  -0.000233  -0.000110  0.000000  0.000000  0.000000  2.000000  
37.887999 0.010245  0.099092  0.005085  0.997100  0.076100  0.000658  -0.076099  0.996916  0.019169  0.000803  -0.019164  0.999816  -0.000126  -0.000283  -0.000119  0.000000  0.000000  0.000000  2.000000  
37.889001 0.010246  0.099092  0.005085  0.997100  0.076100  0.000649  -0.076099  0.996918  0.019048  0.000803  -0.019042  0.999818  -0.000131  -0.000390  -0.000108  0.000000  0.000000  0.000000  2.000000  
37.890001 0.010245  0.099091  0.005085  0.997100  0.076100  0.000649  -0.076099  0.996918  0.019048  0.000803  -0.019042  0.999818  -0.000182  -0.000437  -0.000055  0.000000  0.000000  0.000000  2.000000  
37.891251 0.010245  0.099090  0.005085  0.997100  0.076100  0.000649  -0.076099  0.996918  0.019048  0.000803  -0.019042  0.999818  -0.000203  -0.000492  -0.000066  0.000000  0.000000  0.000000  2.000000  
37.892502 0.010245  0.099089  0.005085  0.997100  0.076100  0.000649  -0.076099  0.996918  0.019048  0.000803  -0.019042  0.999818  -0.000192  -0.000599  -0.000085  0.000000  0.000000  0.000000  2.000000  
37.893514 0.010244  0.099087  0.005084  0.997100  0.076100  0.000649  -0.076099  0.996918  0.019048  0.000803  -0.019042  0.999818  -0.000254  -0.000674  -0.000086  0.000000  0.000000  0.000000  2.000000  
37.894751 0.010244  0.099087  0.005084  0.997100  0.076100  0.000649  -0.076099  0.996918  0.019048  0.000803  -0.019042  0.999818  -0.000242  -0.000686  -0.000118  0.000000  0.000000  0.000000  2.000000  
37.895998 0.010243  0.099085  0.005083  0.997100  0.076100  0.000649  -0.076099  0.996918  0.019048  0.000803  -0.019042  0.999818  -0.000259  -0.000729  -0.000127  0.000000  0.000000  0.000000  2.000000  
37.897000 0.010244  0.099085  0.005083  0.997100  0.076100  0.000649  -0.076099  0.996918  0.019048  0.000803  -0.019042  0.999818  -0.000204  -0.000718  -0.000170  0.000000  0.000000  0.000000  2.000000  
37.898248 0.010243  0.099084  0.005082  0.997100  0.076100  0.000640  -0.076099  0.996921  0.018927  0.000803  -0.018921  0.999821  -0.000186  -0.000710  -0.000199  0.000000  0.000000  0.000000  2.000000  
37.899494 0.010244  0.099084  0.005082  0.997100  0.076100  0.000640  -0.076099  0.996921  0.018927  0.000803  -0.018921  0.999821  -0.000151  -0.000660  -0.000219  0.000000  0.000000  0.000000  2.000000  
37.900747 0.010244  0.099084  0.005081  0.997100  0.076100  0.000640  -0.076099  0.996921  0.018927  0.000803  -0.018921  0.999821  -0.000118  -0.000620  -0.000244  0.000000  0.000000  0.000000  2.000000  
37.901748 0.010244  0.099084  0.005081  0.997084  0.076305  0.000643  -0.076304  0.996905  0.018927  0.000803  -0.018921  0.999821  -0.000087  -0.000579  -0.000218  0.000000  0.000000  0.000000  2.000000  
37.902748 0.010245  0.099084  0.005081  0.997084  0.076305  0.000643  -0.076304  0.996905  0.018927  0.000803  -0.018921  0.999821  -0.000053  -0.000537  -0.000242  0.000000  0.000000  0.000000  2.000000  
37.903752 0.010245  0.099085  0.005081  0.997084  0.076305  0.000643  -0.076304  0.996905  0.018927  0.000803  -0.018921  0.999821  -0.000026  -0.000462  -0.000275  0.000000  0.000000  0.000000  2.000000  
37.904998 0.010245  0.099085  0.005081  0.997084  0.076305  0.000643  -0.076304  0.996905  0.018927  0.000803  -0.018921  0.999821  0.000010  -0.000405  -0.000291  0.000000  0.000000  0.000000  2.000000  
37.906247 0.010246  0.099085  0.005081  0.997084  0.076305  0.000643  -0.076304  0.996905  0.018927  0.000803  -0.018921  0.999821  0.000074  -0.000323  -0.000289  0.000000  0.000000  0.000000  2.000000  
37.907495 0.010246  0.099085  0.005080  0.997069  0.076511  0.000647  -0.076509  0.996889  0.018927  0.000803  -0.018921  0.999821  0.000086  -0.000246  -0.000291  0.000000  0.000000  0.000000  2.000000  
37.908499 0.010246  0.099086  0.005081  0.997069  0.076511  0.000647  -0.076509  0.996889  0.018927  0.000803  -0.018921  0.999821  0.000164  -0.000130  -0.000235  0.000000  0.000000  0.000000  2.000000  
37.909499 0.010247  0.099085  0.005080  0.997069  0.076511  0.000647  -0.076509  0.996889  0.018927  0.000803  -0.018921  0.999821  0.000199  -0.000080  -0.000256  0.000000  0.000000  0.000000  2.000000  
37.910747 0.010247  0.099085  0.005080  0.997069  0.076511  0.000647  -0.076509  0.996889  0.018927  0.000803  -0.018921  0.999821  0.000253  0.000006  -0.000226  0.000000  0.000000  0.000000  2.000000  
37.911996 0.010247  0.099086  0.005079  0.997069  0.076511  0.000647  -0.076509  0.996889  0.018927  0.000803  -0.018921  0.999821  0.000261  0.000083  -0.000224  0.000000  0.000000  0.000000  2.000000  
37.913252 0.010248  0.099087  0.005079  0.997053  0.076716  0.000651  -0.076714  0.996873  0.018927  0.000803  -0.018921  0.999821  0.000345  0.000203  -0.000171  0.000000  0.000000  0.000000  2.000000  
37.914512 0.010249  0.099088  0.005079  0.997053  0.076716  0.000651  -0.076714  0.996873  0.018927  0.000803  -0.018921  0.999821  0.000372  0.000277  -0.000203  0.000000  0.000000  0.000000  2.000000  
37.915748 0.010250  0.099089  0.005078  0.997053  0.076713  0.000785  -0.076714  0.996874  0.018917  0.000669  -0.018921  0.999821  0.000393  0.000333  -0.000193  0.000000  0.000000  0.000000  2.000000  
37.916995 0.010250  0.099090  0.005078  0.997053  0.076713  0.000785  -0.076714  0.996874  0.018917  0.000669  -0.018921  0.999821  0.000422  0.000378  -0.000210  0.000000  0.000000  0.000000  2.000000  
37.917997 0.010251  0.099090  0.005077  0.997053  0.076713  0.000785  -0.076714  0.996874  0.018917  0.000669  -0.018921  0.999821  0.000428  0.000397  -0.000253  0.000000  0.000000  0.000000  2.000000  
37.919247 0.010251  0.099091  0.005077  0.997037  0.076919  0.000789  -0.076920  0.996858  0.018917  0.000669  -0.018921  0.999821  0.000419  0.000420  -0.000265  0.000000  0.000000  0.000000  2.000000  
37.920249 0.010252  0.099092  0.005077  0.997037  0.076919  0.000789  -0.076920  0.996858  0.018917  0.000669  -0.018921  0.999821  0.000440  0.000474  -0.000254  0.000000  0.000000  0.000000  2.000000  
37.921268 0.010252  0.099092  0.005076  0.997037  0.076919  0.000789  -0.076920  0.996858  0.018917  0.000669  -0.018921  0.999821  0.000432  0.000447  -0.000313  0.000000  0.000000  0.000000  2.000000  
37.922510 0.010253  0.099092  0.005076  0.997037  0.076919  0.000789  -0.076920  0.996858  0.018917  0.000669  -0.018921  0.999821  0.000462  0.000478  -0.000290  0.000000  0.000000  0.000000  2.000000  
37.923511 0.010253  0.099092  0.005075  0.997021  0.077124  0.000792  -0.077125  0.996842  0.018916  0.000669  -0.018921  0.999821  0.000424  0.000470  -0.000325  0.000000  0.000000  0.000000  2.000000  
37.924748 0.010253  0.099092  0.005075  0.997021  0.077124  0.000792  -0.077125  0.996842  0.018916  0.000669  -0.018921  0.999821  0.000431  0.000459  -0.000351  0.000000  0.000000  0.000000  2.000000  
37.925998 0.010253  0.099092  0.005074  0.997021  0.077124  0.000792  -0.077125  0.996842  0.018916  0.000669  -0.018921  0.999821  0.000374  0.000397  -0.000396  0.000000  0.000000  0.000000  2.000000  
37.927001 0.010253  0.099092  0.005074  0.997021  0.077126  0.000659  -0.077125  0.996842  0.018927  0.000803  -0.018921  0.999821  0.000344  0.000352  -0.000382  0.000000  0.000000  0.000000  2.000000  
37.928246 0.010253  0.099092  0.005073  0.997005  0.077332  0.000663  -0.077330  0.996826  0.018927  0.000803  -0.018921  0.999821  0.000324  0.000312  -0.000430  0.000000  0.000000  0.000000  2.000000  
37.929248 0.010253  0.099091  0.005072  0.997005  0.077332  0.000663  -0.077330  0.996826  0.018927  0.000803  -0.018921  0.999821  0.000281  0.000246  -0.000506  0.000000  0.000000  0.000000  2.000000  
37.930508 0.010253  0.099092  0.005071  0.997005  0.077332  0.000663  -0.077330  0.996826  0.018927  0.000803  -0.018921  0.999821  0.000250  0.000199  -0.000493  0.000000  0.000000  0.000000  2.000000  
37.931743 0.010254  0.099092  0.005070  0.996989  0.077537  0.000667  -0.077535  0.996810  0.018926  0.000803  -0.018921  0.999821  0.000231  0.000161  -0.000539  0.000000  0.000000  0.000000  2.000000  
37.932747 0.010253  0.099091  0.005069  0.996989  0.077537  0.000667  -0.077535  0.996810  0.018926  0.000803  -0.018921  0.999821  0.000167  0.000079  -0.000541  0.000000  0.000000  0.000000  2.000000  
37.933994 0.010254  0.099091  0.005069  0.996973  0.077742  0.000671  -0.077741  0.996794  0.018926  0.000803  -0.018921  0.999821  0.000149  0.000026  -0.000561  0.000000  0.000000  0.000000  2.000000  
37.935249 0.010254  0.099091  0.005067  0.996973  0.077742  0.000671  -0.077741  0.996794  0.018926  0.000803  -0.018921  0.999821  0.000112  -0.000064  -0.000616  0.000000  0.000000  0.000000  2.000000  
37.936504 0.010254  0.099090  0.005067  0.996973  0.077742  0.000671  -0.077741  0.996794  0.018926  0.000803  -0.018921  0.999821  0.000107  -0.000085  -0.000582  0.000000  0.000000  0.000000  2.000000  
37.937748 0.010254  0.099090  0.005066  0.996957  0.077947  0.000675  -0.077946  0.996778  0.018926  0.000803  -0.018921  0.999821  0.000072  -0.000176  -0.000648  0.000000  0.000000  0.000000  2.000000  
37.939000 0.010254  0.099089  0.005066  0.996957  0.077947  0.000675  -0.077946  0.996778  0.018926  0.000803  -0.018921  0.999821  0.000089  -0.000223  -0.000624  0.000000  0.000000  0.000000  2.000000  
37.940246 0.010254  0.099088  0.005065  0.996941  0.078152  0.000679  -0.078151  0.996762  0.018926  0.000803  -0.018921  0.999821  0.000081  -0.000278  -0.000656  0.000000  0.000000  0.000000  2.000000  
37.941247 0.010255  0.099088  0.005065  0.996941  0.078152  0.000688  -0.078151  0.996760  0.019047  0.000803  -0.019042  0.999818  0.000119  -0.000270  -0.000622  0.000000  0.000000  0.000000  2.000000  
37.942248 0.010255  0.099087  0.005064  0.996925  0.078358  0.000692  -0.078356  0.996743  0.019047  0.000803  -0.019042  0.999818  0.000115  -0.000294  -0.000588  0.000000  0.000000  0.000000  2.000000  
37.943251 0.010255  0.099087  0.005064  0.996925  0.078358  0.000692  -0.078356  0.996743  0.019047  0.000803  -0.019042  0.999818  0.000132  -0.000342  -0.000564  0.000000  0.000000  0.000000  2.000000  
37.944500 0.010255  0.099086  0.005064  0.996909  0.078563  0.000696  -0.078562  0.996727  0.019047  0.000803  -0.019042  0.999818  0.000149  -0.000389  -0.000540  0.000000  0.000000  0.000000  2.000000  
37.945748 0.010256  0.099086  0.005063  0.996893  0.078768  0.000700  -0.078767  0.996711  0.019047  0.000803  -0.019042  0.999818  0.000134  -0.000385  -0.000509  0.000000  0.000000  0.000000  2.000000  
37.946748 0.010256  0.099086  0.005063  0.996893  0.078768  0.000700  -0.078767  0.996711  0.019047  0.000803  -0.019042  0.999818  0.000143  -0.000409  -0.000496  0.000000  0.000000  0.000000  2.000000  
37.947994 0.010257  0.099086  0.005063  0.996876  0.078973  0.000704  -0.078972  0.996695  0.019046  0.000803  -0.019042  0.999818  0.000207  -0.000363  -0.000432  0.000000  0.000000  0.000000  2.000000  
37.948999 0.010257  0.099086  0.005062  0.996860  0.079178  0.000708  -0.079177  0.996679  0.019046  0.000803  -0.019042  0.999818  0.000195  -0.000365  -0.000407  0.000000  0.000000  0.000000  2.000000  
37.950247 0.010257  0.099086  0.005062  0.996844  0.079383  0.000712  -0.079383  0.996662  0.019046  0.000803  -0.019042  0.999818  0.000221  -0.000328  -0.000378  0.000000  0.000000  0.000000  2.000000  
37.951494 0.010257  0.099086  0.005062  0.996828  0.079589  0.000715  -0.079588  0.996646  0.019046  0.000803  -0.019042  0.999818  0.000227  -0.000270  -0.000336  0.000000  0.000000  0.000000  2.000000  
37.952498 0.010258  0.099086  0.005062  0.996828  0.079589  0.000715  -0.079588  0.996646  0.019046  0.000803  -0.019042  0.999818  0.000264  -0.000263  -0.000301  0.000000  0.000000  0.000000  2.000000  
37.953511 0.010258  0.099086  0.005062  0.996811  0.079794  0.000719  -0.079793  0.996629  0.019046  0.000803  -0.019042  0.999818  0.000237  -0.000215  -0.000298  0.000000  0.000000  0.000000  2.000000  
37.954750 0.010258  0.099086  0.005062  0.996795  0.079999  0.000723  -0.079998  0.996613  0.019046  0.000803  -0.019042  0.999818  0.000252  -0.000180  -0.000244  0.000000  0.000000  0.000000  2.000000  
37.955999 0.010259  0.099087  0.005063  0.996778  0.080204  0.000737  -0.080203  0.996594  0.019166  0.000803  -0.019164  0.999816  0.000282  -0.000088  -0.000175  0.000000  0.000000  0.000000  2.000000  
37.957246 0.010259  0.099086  0.005063  0.996762  0.080409  0.000741  -0.080409  0.996578  0.019166  0.000803  -0.019164  0.999816  0.000253  -0.000080  -0.000113  0.000000  0.000000  0.000000  2.000000  
37.958247 0.010259  0.099087  0.005064  0.996745  0.080614  0.000745  -0.080614  0.996561  0.019166  0.000803  -0.019164  0.999816  0.000245  -0.000017  -0.000039  0.000000  0.000000  0.000000  2.000000  
37.959249 0.010260  0.099087  0.005064  0.996728  0.080822  0.000615  -0.080819  0.996544  0.019177  0.000937  -0.019164  0.999816  0.000293  0.000050  0.000038  0.000000  0.000000  0.000000  2.000000  
37.960496 0.010259  0.099087  0.005065  0.996695  0.081232  0.000623  -0.081229  0.996511  0.019176  0.000937  -0.019164  0.999816  0.000264  0.000058  0.000101  0.000000  0.000000  0.000000  2.000000  
37.961500 0.010260  0.099087  0.005065  0.996678  0.081438  0.000627  -0.081435  0.996494  0.019176  0.000937  -0.019164  0.999816  0.000259  0.000096  0.000185  0.000000  0.000000  0.000000  2.000000  
37.962744 0.010260  0.099088  0.005066  0.996661  0.081643  0.000631  -0.081640  0.996477  0.019176  0.000937  -0.019164  0.999816  0.000265  0.000154  0.000227  0.000000  0.000000  0.000000  2.000000  
37.963747 0.010260  0.099088  0.005067  0.996645  0.081848  0.000635  -0.081845  0.996461  0.019176  0.000937  -0.019164  0.999816  0.000240  0.000165  0.000295  0.000000  0.000000  0.000000  2.000000  
37.964994 0.010261  0.099089  0.005067  0.996628  0.082053  0.000639  -0.082050  0.996444  0.019176  0.000937  -0.019164  0.999816  0.000240  0.000205  0.000381  0.000000  0.000000  0.000000  2.000000  
37.965995 0.010261  0.099089  0.005068  0.996594  0.082463  0.000657  -0.082461  0.996407  0.019297  0.000937  -0.019285  0.999814  0.000251  0.000236  0.000429  0.000000  0.000000  0.000000  2.000000  
37.966997 0.010261  0.099090  0.005068  0.996577  0.082668  0.000661  -0.082666  0.996391  0.019296  0.000937  -0.019285  0.999814  0.000231  0.000268  0.000456  0.000000  0.000000  0.000000  2.000000  
37.968243 0.010261  0.099090  0.005069  0.996543  0.083081  0.000536  -0.083076  0.996356  0.019307  0.001070  -0.019285  0.999813  0.000242  0.000299  0.000502  0.012293  0.005642  0.171739  2.000000  
37.969247 0.010262  0.099091  0.005070  0.996526  0.083286  0.000540  -0.083281  0.996339  0.019307  0.001070  -0.019285  0.999813  0.000228  0.000303  0.000533  0.012291  0.005641  0.171710  2.000000  
37.970250 0.010262  0.099091  0.005071  0.996508  0.083491  0.000544  -0.083486  0.996322  0.019307  0.001070  -0.019285  0.999813  0.000242  0.000338  0.000587  0.012400  0.005556  0.180061  2.000000  
37.971500 0.010263  0.099092  0.005072  0.996474  0.083902  0.000552  -0.083897  0.996287  0.019307  0.001070  -0.019285  0.999813  0.000252  0.000403  0.000640  0.008260  0.005368  0.185426  2.000000  
37.972747 0.010263  0.099092  0.005074  0.996439  0.084314  0.000426  -0.084307  0.996253  0.019318  0.001204  -0.019285  0.999813  0.000242  0.000377  0.000672  0.008356  0.009644  0.200905  2.000000  
37.973750 0.010263  0.099092  0.005074  0.996404  0.084725  0.000434  -0.084717  0.996218  0.019318  0.001204  -0.019285  0.999813  0.000246  0.000383  0.000684  0.008363  0.009512  0.207826  2.000000  
37.974995 0.010264  0.099093  0.005075  0.996369  0.085137  0.000319  -0.085127  0.996180  0.019450  0.001338  -0.019406  0.999811  0.000279  0.000384  0.000707  0.012490  0.013753  0.222135  2.000000  
37.975998 0.010264  0.099093  0.005076  0.996334  0.085547  0.000327  -0.085538  0.996145  0.019450  0.001338  -0.019406  0.999811  0.000273  0.000365  0.000750  0.012474  0.013594  0.228628  2.000000  
37.977247 0.010265  0.099093  0.005077  0.996299  0.085958  0.000335  -0.085948  0.996110  0.019449  0.001338  -0.019406  0.999811  0.000331  0.000375  0.000765  0.012381  0.013353  0.233659  2.000000  
37.978248 0.010265  0.099094  0.005078  0.996263  0.086370  0.000210  -0.086358  0.996074  0.019461  0.001472  -0.019406  0.999811  0.000325  0.000369  0.000753  0.012418  0.017556  0.247572  2.000000  
37.979498 0.010266  0.099094  0.005078  0.996227  0.086780  0.000218  -0.086768  0.996038  0.019461  0.001472  -0.019406  0.999811  0.000356  0.000318  0.000745  0.012522  0.017559  0.256400  2.000000  
37.980500 0.010266  0.099094  0.005079  0.996191  0.087193  0.000093  -0.087178  0.996002  0.019472  0.001606  -0.019406  0.999810  0.000362  0.000323  0.000757  0.012546  0.021920  0.263381  2.000000  
37.981746 0.010267  0.099094  0.005080  0.996137  0.087808  0.000105  -0.087794  0.995948  0.019472  0.001606  -0.019406  0.999810  0.000417  0.000298  0.000760  0.012461  0.021479  0.274972  2.000000  
37.982746 0.010268  0.099094  0.005080  0.996101  0.088221  -0.000010  -0.088204  0.995910  0.019605  0.001739  -0.019528  0.999808  0.000440  0.000271  0.000740  0.016674  0.026011  0.284346  2.000000  
37.983996 0.010269  0.099095  0.005081  0.996046  0.088839  -0.000131  -0.088819  0.995855  0.019617  0.001873  -0.019528  0.999808  0.000500  0.000279  0.000756  0.016570  0.029986  0.295754  2.000000  
37.985249 0.010270  0.099095  0.005082  0.995991  0.089454  -0.000119  -0.089434  0.995800  0.019617  0.001873  -0.019528  0.999808  0.000543  0.000278  0.000746  0.012544  0.029702  0.309469  2.000000  
37.986512 0.010271  0.099095  0.005082  0.995935  0.090071  -0.000240  -0.090049  0.995744  0.019629  0.002007  -0.019528  0.999807  0.000575  0.000215  0.000652  0.012682  0.034159  0.325789  2.000000  
37.987748 0.010272  0.099095  0.005083  0.995861  0.090894  -0.000346  -0.090869  0.995667  0.019762  0.002141  -0.019649  0.999805  0.000608  0.000163  0.000644  0.016818  0.038250  0.346803  2.000000  
37.988998 0.010272  0.099095  0.005084  0.995804  0.091511  -0.000467  -0.091484  0.995610  0.019775  0.002275  -0.019649  0.999804  0.000631  0.000136  0.000624  0.016722  0.042125  0.357730  2.000000  
37.990245 0.010274  0.099094  0.005085  0.995728  0.092334  -0.000573  -0.092304  0.995532  0.019908  0.002408  -0.019770  0.999802  0.000681  0.000114  0.000629  0.020848  0.041704  0.378331  2.000000  
37.991248 0.010274  0.099094  0.005086  0.995670  0.092951  -0.000694  -0.092919  0.995474  0.019921  0.002542  -0.019770  0.999801  0.000672  0.000060  0.000628  0.021061  0.046417  0.388520  2.000000  
37.992500 0.010275  0.099094  0.005087  0.995593  0.093774  -0.000799  -0.093739  0.995395  0.020055  0.002676  -0.019891  0.999799  0.000677  0.000013  0.000642  0.025196  0.050473  0.409268  2.000000  
37.993510 0.010276  0.099093  0.005088  0.995535  0.094389  -0.000787  -0.094354  0.995337  0.020055  0.002676  -0.019891  0.999799  0.000684  -0.000030  0.000701  0.025214  0.050190  0.422997  2.000000  
37.994531 0.010276  0.099093  0.005089  0.995476  0.095006  -0.000896  -0.094969  0.995276  0.020189  0.002810  -0.020013  0.999796  0.000698  -0.000054  0.000719  0.029322  0.054347  0.436595  2.000000  
37.995745 0.010277  0.099092  0.005091  0.995397  0.095828  -0.001001  -0.095788  0.995194  0.020323  0.002944  -0.020134  0.999793  0.000666  -0.000149  0.000797  0.029184  0.057964  0.454192  2.000000  
37.996746 0.010277  0.099091  0.005092  0.995318  0.096651  -0.001117  -0.096608  0.995115  0.020337  0.003077  -0.020134  0.999793  0.000654  -0.000228  0.000798  0.029246  0.062162  0.468070  2.000000  
37.997747 0.010278  0.099090  0.005093  0.995257  0.097268  -0.001226  -0.097223  0.995052  0.020471  0.003211  -0.020255  0.999790  0.000627  -0.000303  0.000831  0.033375  0.061849  0.481696  2.000000  
37.998997 0.010278  0.099090  0.005095  0.995156  0.098295  -0.001338  -0.098247  0.994951  0.020486  0.003345  -0.020255  0.999789  0.000623  -0.000366  0.000931  0.033732  0.066452  0.506568  2.000000  
38.000247 0.010279  0.099089  0.005096  0.995054  0.099322  -0.001438  -0.099271  0.994847  0.020621  0.003479  -0.020376  0.999786  0.000586  -0.000433  0.000948  0.037595  0.069791  0.529951  2.000000  
38.001499 0.010280  0.099088  0.005098  0.994951  0.100349  -0.001538  -0.100296  0.994741  0.020757  0.003613  -0.020498  0.999783  0.000574  -0.000472  0.001035  0.041719  0.073803  0.550587  2.000000  
38.002508 0.010280  0.099087  0.005100  0.994847  0.101376  -0.001637  -0.101320  0.994635  0.020892  0.003746  -0.020619  0.999780  0.000586  -0.000523  0.001107  0.046254  0.073947  0.575753  2.000000  
38.003513 0.010281  0.099086  0.005101  0.994763  0.102198  -0.001741  -0.102139  0.994548  0.021028  0.003880  -0.020740  0.999777  0.000573  -0.000562  0.001194  0.050399  0.078123  0.589628  2.000000  
38.004745 0.010281  0.099085  0.005103  0.994635  0.103429  -0.001835  -0.103367  0.994418  0.021165  0.004014  -0.020861  0.999774  0.000546  -0.000650  0.001220  0.050111  0.081341  0.612513  2.000000  
38.005747 0.010281  0.099083  0.005105  0.994528  0.104456  -0.001934  -0.104391  0.994308  0.021301  0.004148  -0.020983  0.999771  0.000513  -0.000732  0.001306  0.054313  0.080752  0.639981  2.000000  
38.006995 0.010282  0.099081  0.005107  0.994376  0.105891  -0.002023  -0.105824  0.994154  0.021439  0.004282  -0.021104  0.999768  0.000495  -0.000840  0.001340  0.058476  0.084616  0.667521  2.000000  
38.007998 0.010283  0.099080  0.005108  0.994266  0.106918  -0.002121  -0.106848  0.994041  0.021576  0.004415  -0.021225  0.999765  0.000505  -0.000897  0.001418  0.062671  0.084160  0.688139  2.000000  
38.009248 0.010283  0.099077  0.005111  0.994132  0.108151  -0.002347  -0.108075  0.993905  0.021728  0.004683  -0.021346  0.999761  0.000473  -0.000999  0.001483  0.067449  0.093250  0.721750  2.000000  
