1-Time 2-Px 3-Py 4-Pz 5-R11 6-R21 7-R31 8-R12 9-R22 10-R32 11-R13 12-R23 13-R33 14-Vx 15-Vy 16-Vz 17-Wx 18-Wy 19-Wz 20-state 21-PR11 22-PR21 23-PR31 24-PR12 25-PR22 26-PR32 27-PR13 28-PR23 29-PR33 
76.946965 0.009043  0.095411  0.008372  0.995092  0.095301  -0.026645  -0.094519  0.995094  0.029211  0.029298  -0.026550  0.999218  0.000166  -0.000069  0.000226  0.000000  0.000000  0.000000  2.000000  
76.948200 0.009043  0.095411  0.008372  0.995092  0.095301  -0.026645  -0.094519  0.995094  0.029211  0.029298  -0.026550  0.999218  0.000134  -0.000098  0.000200  0.000000  0.000000  0.000000  2.000000  
76.949200 0.009045  0.095411  0.008372  0.995049  0.095714  -0.026766  -0.094928  0.995055  0.029235  0.029431  -0.026549  0.999214  0.000242  -0.000098  0.000213  0.000000  0.000000  0.000000  2.000000  
76.950203 0.009047  0.095410  0.008372  0.995010  0.096123  -0.026754  -0.095338  0.995015  0.029246  0.029431  -0.026549  0.999214  0.000335  -0.000132  0.000169  0.000000  0.000000  0.000000  2.000000  
76.951451 0.009049  0.095409  0.008371  0.994990  0.096332  -0.026736  -0.095542  0.994992  0.029372  0.029431  -0.026671  0.999211  0.000465  -0.000244  0.000133  0.000000  0.000000  0.000000  2.000000  
76.952698 0.009052  0.095407  0.008371  0.994970  0.096540  -0.026718  -0.095747  0.994968  0.029498  0.029431  -0.026792  0.999208  0.000680  -0.000326  0.000124  0.000000  0.000000  0.000000  2.000000  
76.953946 0.009056  0.095407  0.008372  0.994923  0.096956  -0.026972  -0.096156  0.994928  0.029535  0.029699  -0.026792  0.999200  0.000932  -0.000357  0.000094  0.000000  0.000000  0.000000  2.000000  
76.955201 0.009060  0.095407  0.008373  0.994860  0.097578  -0.027075  -0.096770  0.994864  0.029685  0.029833  -0.026913  0.999193  0.001229  -0.000321  0.000141  0.000000  0.000000  0.000000  2.000000  
76.956447 0.009064  0.095406  0.008373  0.994796  0.098199  -0.027178  -0.097384  0.994800  0.029836  0.029966  -0.027034  0.999185  0.001465  -0.000371  0.000123  0.000000  0.000000  0.000000  2.000000  
76.957450 0.009068  0.095406  0.008372  0.994751  0.098612  -0.027299  -0.097794  0.994759  0.029860  0.030100  -0.027034  0.999181  0.001733  -0.000383  0.000082  0.000000  0.000000  0.000000  2.000000  
76.958696 0.009073  0.095405  0.008371  0.994667  0.099438  -0.027395  -0.098612  0.994673  0.030016  0.030234  -0.027155  0.999174  0.002034  -0.000430  -0.000041  0.000000  0.000000  0.000000  2.000000  
76.959696 0.009078  0.095406  0.008370  0.994626  0.099848  -0.027383  -0.099022  0.994632  0.030028  0.030234  -0.027155  0.999174  0.002346  -0.000355  -0.000082  0.000000  0.000000  0.000000  2.000000  
76.960698 0.009082  0.095407  0.008371  0.994565  0.100465  -0.027352  -0.099636  0.994567  0.030165  0.030234  -0.027276  0.999171  0.002681  -0.000270  -0.000056  0.000000  0.000000  0.000000  2.000000  
76.961705 0.009088  0.095408  0.008371  0.994478  0.101288  -0.027460  -0.100455  0.994483  0.030201  0.030368  -0.027276  0.999167  0.003035  -0.000190  -0.000061  0.000000  0.000000  0.000000  2.000000  
76.962949 0.009095  0.095409  0.008370  0.994412  0.101909  -0.027562  -0.101068  0.994416  0.030352  0.030501  -0.027397  0.999159  0.003521  -0.000117  -0.000119  0.033731  0.035815  0.174045  2.000000  
76.963952 0.009101  0.095409  0.008369  0.994345  0.102530  -0.027664  -0.101682  0.994349  0.030503  0.030635  -0.027518  0.999152  0.003811  -0.000098  -0.000169  0.038626  0.039527  0.201706  2.000000  
76.965195 0.009109  0.095409  0.008369  0.994257  0.103356  -0.027759  -0.102501  0.994260  0.030661  0.030769  -0.027639  0.999144  0.004141  -0.000076  -0.000207  0.043550  0.043263  0.229497  2.000000  
76.966204 0.009115  0.095409  0.008369  0.994211  0.103773  -0.027867  -0.102909  0.994214  0.030806  0.030903  -0.027760  0.999137  0.004475  0.000012  -0.000158  0.048257  0.047171  0.250311  2.000000  
76.967445 0.009123  0.095407  0.008369  0.994121  0.104602  -0.027949  -0.103728  0.994120  0.031084  0.031036  -0.028002  0.999126  0.004769  0.000018  -0.000123  0.057266  0.050885  0.278115  2.000000  
76.968450 0.009130  0.095405  0.008369  0.994053  0.105223  -0.028050  -0.104341  0.994051  0.031236  0.031170  -0.028124  0.999118  0.005026  -0.000121  -0.000167  0.062189  0.054599  0.305851  2.000000  
76.969695 0.009139  0.095403  0.008369  0.993984  0.105844  -0.028151  -0.104955  0.993982  0.031388  0.031304  -0.028245  0.999111  0.005357  -0.000299  -0.000268  0.066928  0.058518  0.326781  2.000000  
76.970697 0.009145  0.095400  0.008369  0.993919  0.106461  -0.028119  -0.105569  0.993912  0.031526  0.031304  -0.028366  0.999107  0.005573  -0.000466  -0.000305  0.071835  0.057732  0.354401  2.000000  
76.971948 0.009153  0.095395  0.008368  0.993871  0.106874  -0.028239  -0.105977  0.993868  0.031552  0.031438  -0.028366  0.999103  0.005784  -0.000699  -0.000323  0.072289  0.061855  0.368398  2.000000  
76.972949 0.009159  0.095391  0.008366  0.993828  0.107287  -0.028213  -0.106387  0.993820  0.031684  0.031438  -0.028487  0.999100  0.005959  -0.000950  -0.000393  0.077014  0.061276  0.389234  2.000000  
76.974194 0.009168  0.095387  0.008364  0.993758  0.107908  -0.028313  -0.107000  0.993749  0.031836  0.031571  -0.028608  0.999092  0.006175  -0.001244  -0.000430  0.081728  0.065159  0.409998  2.000000  
76.975449 0.009176  0.095383  0.008363  0.993714  0.108320  -0.028287  -0.107409  0.993701  0.031968  0.031571  -0.028729  0.999089  0.006341  -0.001629  -0.000532  0.086422  0.064549  0.430672  2.000000  
76.976694 0.009184  0.095379  0.008360  0.993665  0.108733  -0.028406  -0.107818  0.993656  0.031994  0.031705  -0.028729  0.999084  0.006404  -0.001977  -0.000703  0.087171  0.068539  0.451984  2.000000  
76.977696 0.009190  0.095376  0.008358  0.993643  0.108941  -0.028387  -0.108022  0.993629  0.032121  0.031705  -0.028850  0.999081  0.006419  -0.002232  -0.000816  0.090644  0.067708  0.454804  2.000000  
76.978704 0.009195  0.095372  0.008356  0.993621  0.109146  -0.028380  -0.108227  0.993607  0.032127  0.031705  -0.028850  0.999081  0.006361  -0.002547  -0.000885  0.091166  0.068448  0.451570  2.000000  
76.979948 0.009202  0.095368  0.008354  0.993598  0.109351  -0.028373  -0.108431  0.993584  0.032132  0.031705  -0.028850  0.999081  0.006310  -0.002804  -0.000974  0.091019  0.064168  0.444696  2.000000  
76.980948 0.009206  0.095364  0.008352  0.993576  0.109555  -0.028367  -0.108636  0.993562  0.032138  0.031705  -0.028850  0.999081  0.006203  -0.003025  -0.001137  0.086931  0.064134  0.444648  2.000000  
76.982203 0.009211  0.095358  0.008349  0.993553  0.109760  -0.028360  -0.108841  0.993539  0.032144  0.031705  -0.028850  0.999081  0.005989  -0.003377  -0.001354  0.082832  0.064091  0.444538  2.000000  
76.983212 0.009214  0.095352  0.008348  0.993553  0.109763  -0.028347  -0.108841  0.993535  0.032265  0.031705  -0.028971  0.999077  0.005700  -0.003607  -0.001444  0.086717  0.059756  0.437456  2.000000  
76.984448 0.009216  0.095344  0.008345  0.993553  0.109763  -0.028347  -0.108841  0.993535  0.032265  0.031705  -0.028971  0.999077  0.005273  -0.003933  -0.001609  0.082075  0.051329  0.416542  2.000000  
76.985451 0.009218  0.095338  0.008343  0.993531  0.109968  -0.028340  -0.109045  0.993513  0.032270  0.031705  -0.028971  0.999077  0.004988  -0.004188  -0.001756  0.081195  0.051103  0.406293  2.000000  
76.986698 0.009220  0.095331  0.008340  0.993531  0.109968  -0.028340  -0.109045  0.993513  0.032270  0.031705  -0.028971  0.999077  0.004547  -0.004379  -0.001849  0.077212  0.043097  0.388709  2.000000  
76.987948 0.009221  0.095322  0.008337  0.993531  0.109968  -0.028340  -0.109045  0.993513  0.032270  0.031705  -0.028971  0.999077  0.004122  -0.004613  -0.001909  0.076028  0.043369  0.365358  2.000000  
76.989196 0.009221  0.095315  0.008335  0.993531  0.109964  -0.028353  -0.109045  0.993517  0.032150  0.031705  -0.028850  0.999081  0.003551  -0.004831  -0.001971  0.067242  0.039438  0.344252  2.000000  
76.990201 0.009222  0.095309  0.008333  0.993535  0.109960  -0.028221  -0.109046  0.993517  0.032135  0.031571  -0.028850  0.999085  0.003118  -0.005029  -0.002022  0.062833  0.036019  0.319269  2.000000  
76.991452 0.009222  0.095302  0.008330  0.993558  0.109756  -0.028227  -0.108841  0.993540  0.032130  0.031571  -0.028850  0.999085  0.002561  -0.005220  -0.002050  0.061797  0.032502  0.284641  2.000000  
76.992696 0.009221  0.095294  0.008326  0.993558  0.109756  -0.028227  -0.108841  0.993540  0.032130  0.031571  -0.028850  0.999085  0.002045  -0.005453  -0.002130  0.056615  0.028333  0.261562  2.000000  
76.993946 0.009220  0.095287  0.008322  0.993558  0.109752  -0.028240  -0.108841  0.993544  0.032009  0.031571  -0.028729  0.999089  0.001586  -0.005597  -0.002229  0.047912  0.024457  0.240895  2.000000  
76.994948 0.009219  0.095282  0.008320  0.993580  0.109548  -0.028247  -0.108636  0.993566  0.032003  0.031571  -0.028729  0.999089  0.001109  -0.005753  -0.002319  0.043161  0.021120  0.208156  2.000000  
76.995951 0.009218  0.095276  0.008317  0.993584  0.109544  -0.028114  -0.108637  0.993567  0.031989  0.031438  -0.028729  0.999093  0.000720  -0.005838  -0.002350  0.038660  0.012511  0.194114  2.000000  
76.997206 0.009215  0.095270  0.008314  0.993607  0.109339  -0.028121  -0.108432  0.993589  0.031983  0.031438  -0.028729  0.999093  0.000239  -0.005844  -0.002393  0.000000  0.000000  0.000000  2.000000  
76.998450 0.009212  0.095263  0.008310  0.993607  0.109336  -0.028134  -0.108432  0.993593  0.031862  0.031438  -0.028608  0.999096  -0.000181  -0.005835  -0.002477  0.000000  0.000000  0.000000  2.000000  
76.999698 0.009209  0.095256  0.008307  0.993607  0.109336  -0.028134  -0.108432  0.993593  0.031862  0.031438  -0.028608  0.999096  -0.000500  -0.005803  -0.002505  0.000000  0.000000  0.000000  2.000000  
77.000698 0.009207  0.095251  0.008305  0.993611  0.109332  -0.028001  -0.108433  0.993593  0.031848  0.031304  -0.028608  0.999100  -0.000839  -0.005710  -0.002533  0.000000  0.000000  0.000000  2.000000  
77.001699 0.009205  0.095247  0.008303  0.993611  0.109332  -0.028001  -0.108433  0.993593  0.031848  0.031304  -0.028608  0.999100  -0.001047  -0.005568  -0.002483  0.000000  0.000000  0.000000  2.000000  
77.002949 0.009202  0.095242  0.008301  0.993633  0.109128  -0.028008  -0.108228  0.993616  0.031842  0.031304  -0.028608  0.999100  -0.001286  -0.005371  -0.002428  0.000000  0.000000  0.000000  2.000000  
77.003992 0.009200  0.095238  0.008300  0.993633  0.109128  -0.028008  -0.108228  0.993616  0.031842  0.031304  -0.028608  0.999100  -0.001452  -0.005206  -0.002335  0.000000  0.000000  0.000000  2.000000  
77.005202 0.009198  0.095235  0.008299  0.993655  0.108923  -0.028014  -0.108024  0.993638  0.031836  0.031304  -0.028608  0.999100  -0.001620  -0.004969  -0.002272  0.000000  0.000000  0.000000  2.000000  
77.006444 0.009197  0.095232  0.008298  0.993655  0.108923  -0.028014  -0.108024  0.993638  0.031836  0.031304  -0.028608  0.999100  -0.001657  -0.004658  -0.002114  0.000000  0.000000  0.000000  2.000000  
77.007449 0.009196  0.095230  0.008297  0.993655  0.108923  -0.028014  -0.108024  0.993638  0.031836  0.031304  -0.028608  0.999100  -0.001719  -0.004382  -0.001974  0.000000  0.000000  0.000000  2.000000  
77.008696 0.009194  0.095226  0.008296  0.993655  0.108923  -0.028014  -0.108024  0.993638  0.031836  0.031304  -0.028608  0.999100  -0.001739  -0.004127  -0.001794  0.000000  0.000000  0.000000  2.000000  
77.009696 0.009193  0.095225  0.008296  0.993655  0.108923  -0.028014  -0.108024  0.993638  0.031836  0.031304  -0.028608  0.999100  -0.001751  -0.003845  -0.001646  0.000000  0.000000  0.000000  2.000000  
77.010943 0.009193  0.095224  0.008295  0.993655  0.108920  -0.028027  -0.108024  0.993642  0.031716  0.031304  -0.028487  0.999104  -0.001651  -0.003519  -0.001465  0.000000  0.000000  0.000000  2.000000  
77.011949 0.009193  0.095223  0.008295  0.993655  0.108920  -0.028027  -0.108024  0.993642  0.031716  0.031304  -0.028487  0.999104  -0.001515  -0.003219  -0.001265  0.000000  0.000000  0.000000  2.000000  
77.013211 0.009193  0.095221  0.008295  0.993655  0.108920  -0.028027  -0.108024  0.993642  0.031716  0.031304  -0.028487  0.999104  -0.001321  -0.002825  -0.001015  0.000000  0.000000  0.000000  2.000000  
77.014447 0.009193  0.095221  0.008295  0.993655  0.108920  -0.028027  -0.108024  0.993642  0.031716  0.031304  -0.028487  0.999104  -0.001124  -0.002432  -0.000808  0.000000  0.000000  0.000000  2.000000  
77.015448 0.009193  0.095221  0.008296  0.993655  0.108920  -0.028027  -0.108024  0.993642  0.031716  0.031304  -0.028487  0.999104  -0.000956  -0.002059  -0.000631  0.000000  0.000000  0.000000  2.000000  
77.016698 0.009194  0.095221  0.008296  0.993655  0.108923  -0.028014  -0.108024  0.993638  0.031836  0.031304  -0.028608  0.999100  -0.000719  -0.001691  -0.000478  0.000000  0.000000  0.000000  2.000000  
77.017699 0.009195  0.095222  0.008296  0.993655  0.108923  -0.028014  -0.108024  0.993638  0.031836  0.031304  -0.028608  0.999100  -0.000461  -0.001314  -0.000309  0.000000  0.000000  0.000000  2.000000  
77.018949 0.009197  0.095224  0.008297  0.993655  0.108923  -0.028014  -0.108024  0.993638  0.031836  0.031304  -0.028608  0.999100  -0.000232  -0.000961  -0.000206  0.000000  0.000000  0.000000  2.000000  
77.020199 0.009198  0.095225  0.008298  0.993655  0.108927  -0.028001  -0.108024  0.993635  0.031957  0.031304  -0.028729  0.999097  -0.000017  -0.000645  -0.000063  0.000000  0.000000  0.000000  2.000000  
77.021447 0.009200  0.095228  0.008300  0.993655  0.108927  -0.028001  -0.108024  0.993635  0.031957  0.031304  -0.028729  0.999097  0.000245  -0.000225  0.000100  0.000000  0.000000  0.000000  2.000000  
77.022449 0.009201  0.095229  0.008301  0.993655  0.108927  -0.028001  -0.108024  0.993635  0.031957  0.031304  -0.028729  0.999097  0.000366  -0.000042  0.000229  0.000000  0.000000  0.000000  2.000000  
77.023450 0.009203  0.095231  0.008302  0.993655  0.108927  -0.028001  -0.108024  0.993635  0.031957  0.031304  -0.028729  0.999097  0.000613  0.000332  0.000388  0.000000  0.000000  0.000000  2.000000  
77.024694 0.009204  0.095233  0.008303  0.993655  0.108927  -0.028001  -0.108024  0.993635  0.031957  0.031304  -0.028729  0.999097  0.000720  0.000531  0.000499  0.000000  0.000000  0.000000  2.000000  
77.025696 0.009205  0.095235  0.008305  0.993655  0.108927  -0.028001  -0.108024  0.993635  0.031957  0.031304  -0.028729  0.999097  0.000828  0.000778  0.000646  0.000000  0.000000  0.000000  2.000000  
77.026948 0.009206  0.095237  0.008306  0.993655  0.108927  -0.028001  -0.108024  0.993635  0.031957  0.031304  -0.028729  0.999097  0.000895  0.000963  0.000718  0.000000  0.000000  0.000000  2.000000  
77.028199 0.009207  0.095239  0.008307  0.993655  0.108927  -0.028001  -0.108024  0.993635  0.031957  0.031304  -0.028729  0.999097  0.000976  0.001163  0.000801  0.000000  0.000000  0.000000  2.000000  
77.029205 0.009208  0.095240  0.008308  0.993655  0.108927  -0.028001  -0.108024  0.993635  0.031957  0.031304  -0.028729  0.999097  0.001020  0.001297  0.000864  0.000000  0.000000  0.000000  2.000000  
77.030455 0.009209  0.095242  0.008309  0.993655  0.108927  -0.028001  -0.108024  0.993635  0.031957  0.031304  -0.028729  0.999097  0.001057  0.001388  0.000928  0.000000  0.000000  0.000000  2.000000  
77.031698 0.009210  0.095244  0.008310  0.993633  0.109134  -0.027981  -0.108228  0.993608  0.032083  0.031304  -0.028851  0.999093  0.001032  0.001474  0.000928  0.000000  0.000000  0.000000  2.000000  
77.032948 0.009210  0.095245  0.008310  0.993633  0.109134  -0.027981  -0.108228  0.993608  0.032083  0.031304  -0.028851  0.999093  0.000996  0.001498  0.000939  0.000000  0.000000  0.000000  2.000000  
77.033948 0.009210  0.095245  0.008311  0.993633  0.109134  -0.027981  -0.108228  0.993608  0.032083  0.031304  -0.028851  0.999093  0.000905  0.001418  0.000909  0.000000  0.000000  0.000000  2.000000  
77.034949 0.009210  0.095245  0.008310  0.993633  0.109134  -0.027981  -0.108228  0.993608  0.032083  0.031304  -0.028851  0.999093  0.000822  0.001375  0.000843  0.000000  0.000000  0.000000  2.000000  
77.036200 0.009210  0.095245  0.008311  0.993655  0.108930  -0.027988  -0.108024  0.993631  0.032077  0.031304  -0.028851  0.999093  0.000663  0.001202  0.000772  0.000000  0.000000  0.000000  2.000000  
77.037446 0.009209  0.095246  0.008311  0.993655  0.108930  -0.027988  -0.108024  0.993631  0.032077  0.031304  -0.028851  0.999093  0.000540  0.001121  0.000709  0.000000  0.000000  0.000000  2.000000  
77.038449 0.009209  0.095245  0.008311  0.993655  0.108930  -0.027988  -0.108024  0.993631  0.032077  0.031304  -0.028851  0.999093  0.000378  0.000891  0.000599  0.000000  0.000000  0.000000  2.000000  
77.039695 0.009208  0.095243  0.008311  0.993655  0.108930  -0.027988  -0.108024  0.993631  0.032077  0.031304  -0.028851  0.999093  0.000235  0.000669  0.000467  0.000000  0.000000  0.000000  2.000000  
77.040701 0.009207  0.095242  0.008311  0.993655  0.108930  -0.027988  -0.108024  0.993631  0.032077  0.031304  -0.028851  0.999093  0.000099  0.000465  0.000378  0.000000  0.000000  0.000000  2.000000  
77.041950 0.009205  0.095240  0.008310  0.993655  0.108927  -0.028001  -0.108024  0.993635  0.031957  0.031304  -0.028729  0.999097  -0.000088  0.000177  0.000256  0.000000  0.000000  0.000000  2.000000  
77.043212 0.009204  0.095238  0.008310  0.993678  0.108722  -0.028008  -0.107819  0.993657  0.031951  0.031304  -0.028729  0.999097  -0.000224  -0.000026  0.000167  0.000000  0.000000  0.000000  2.000000  
77.044446 0.009203  0.095237  0.008309  0.993678  0.108722  -0.028008  -0.107819  0.993657  0.031951  0.031304  -0.028729  0.999097  -0.000337  -0.000230  0.000047  0.000000  0.000000  0.000000  2.000000  
77.045451 0.009202  0.095235  0.008309  0.993678  0.108722  -0.028008  -0.107819  0.993657  0.031951  0.031304  -0.028729  0.999097  -0.000470  -0.000429  -0.000041  0.000000  0.000000  0.000000  2.000000  
77.046698 0.009201  0.095233  0.008308  0.993678  0.108722  -0.028008  -0.107819  0.993657  0.031951  0.031304  -0.028729  0.999097  -0.000628  -0.000720  -0.000127  0.000000  0.000000  0.000000  2.000000  
77.047699 0.009200  0.095232  0.008307  0.993700  0.108517  -0.028014  -0.107615  0.993679  0.031945  0.031304  -0.028729  0.999097  -0.000680  -0.000891  -0.000188  0.000000  0.000000  0.000000  2.000000  
77.048948 0.009199  0.095230  0.008307  0.993700  0.108517  -0.028014  -0.107615  0.993679  0.031945  0.031304  -0.028729  0.999097  -0.000727  -0.001020  -0.000258  0.000000  0.000000  0.000000  2.000000  
77.049948 0.009199  0.095228  0.008306  0.993700  0.108514  -0.028027  -0.107615  0.993683  0.031825  0.031304  -0.028608  0.999100  -0.000748  -0.001158  -0.000295  0.000000  0.000000  0.000000  2.000000  
77.051201 0.009198  0.095225  0.008305  0.993700  0.108514  -0.028027  -0.107615  0.993683  0.031825  0.031304  -0.028608  0.999100  -0.000796  -0.001354  -0.000392  0.000000  0.000000  0.000000  2.000000  
77.052241 0.009197  0.095223  0.008304  0.993700  0.108514  -0.028027  -0.107615  0.993683  0.031825  0.031304  -0.028608  0.999100  -0.000830  -0.001526  -0.000483  0.000000  0.000000  0.000000  2.000000  
77.053450 0.009196  0.095221  0.008303  0.993722  0.108309  -0.028034  -0.107410  0.993706  0.031819  0.031304  -0.028608  0.999100  -0.000831  -0.001616  -0.000512  0.000000  0.000000  0.000000  2.000000  
77.054694 0.009196  0.095219  0.008303  0.993722  0.108309  -0.028034  -0.107410  0.993706  0.031819  0.031304  -0.028608  0.999100  -0.000772  -0.001648  -0.000540  0.000000  0.000000  0.000000  2.000000  
77.055699 0.009196  0.095217  0.008302  0.993722  0.108309  -0.028034  -0.107410  0.993706  0.031819  0.031304  -0.028608  0.999100  -0.000696  -0.001677  -0.000553  0.000000  0.000000  0.000000  2.000000  
77.056948 0.009197  0.095215  0.008302  0.993722  0.108309  -0.028034  -0.107410  0.993706  0.031819  0.031304  -0.028608  0.999100  -0.000576  -0.001680  -0.000574  0.000000  0.000000  0.000000  2.000000  
77.058200 0.009197  0.095213  0.008302  0.993722  0.108309  -0.028034  -0.107410  0.993706  0.031819  0.031304  -0.028608  0.999100  -0.000471  -0.001680  -0.000565  0.000000  0.000000  0.000000  2.000000  
77.059202 0.009197  0.095212  0.008302  0.993744  0.108105  -0.028040  -0.107205  0.993728  0.031813  0.031304  -0.028608  0.999100  -0.000365  -0.001644  -0.000523  0.000000  0.000000  0.000000  2.000000  
77.060446 0.009199  0.095211  0.008302  0.993744  0.108105  -0.028040  -0.107205  0.993728  0.031813  0.031304  -0.028608  0.999100  -0.000216  -0.001611  -0.000470  0.000000  0.000000  0.000000  2.000000  
77.061448 0.009199  0.095211  0.008302  0.993744  0.108105  -0.028040  -0.107205  0.993728  0.031813  0.031304  -0.028608  0.999100  -0.000112  -0.001525  -0.000432  0.000000  0.000000  0.000000  2.000000  
77.062453 0.009200  0.095211  0.008302  0.993744  0.108101  -0.028054  -0.107205  0.993732  0.031693  0.031304  -0.028487  0.999104  0.000007  -0.001428  -0.000348  0.000000  0.000000  0.000000  2.000000  
77.063700 0.009202  0.095211  0.008303  0.993744  0.108101  -0.028054  -0.107205  0.993732  0.031693  0.031304  -0.028487  0.999104  0.000173  -0.001280  -0.000264  0.000000  0.000000  0.000000  2.000000  
77.064948 0.009203  0.095211  0.008304  0.993744  0.108101  -0.028054  -0.107205  0.993732  0.031693  0.031304  -0.028487  0.999104  0.000273  -0.001133  -0.000139  0.000000  0.000000  0.000000  2.000000  
77.065949 0.009204  0.095211  0.008305  0.993744  0.108101  -0.028054  -0.107205  0.993732  0.031693  0.031304  -0.028487  0.999104  0.000420  -0.000975  -0.000039  0.000000  0.000000  0.000000  2.000000  
77.067213 0.009206  0.095211  0.008305  0.993744  0.108101  -0.028054  -0.107205  0.993732  0.031693  0.031304  -0.028487  0.999104  0.000563  -0.000809  0.000074  0.000000  0.000000  0.000000  2.000000  
77.068449 0.009207  0.095212  0.008306  0.993722  0.108306  -0.028047  -0.107410  0.993709  0.031699  0.031304  -0.028487  0.999104  0.000695  -0.000609  0.000161  0.000000  0.000000  0.000000  2.000000  
77.069698 0.009208  0.095212  0.008306  0.993722  0.108306  -0.028047  -0.107410  0.993709  0.031699  0.031304  -0.028487  0.999104  0.000803  -0.000422  0.000217  0.000000  0.000000  0.000000  2.000000  
77.070711 0.009209  0.095213  0.008307  0.993722  0.108309  -0.028034  -0.107410  0.993706  0.031819  0.031304  -0.028608  0.999100  0.000877  -0.000240  0.000345  0.000000  0.000000  0.000000  2.000000  
77.071951 0.009211  0.095214  0.008308  0.993722  0.108309  -0.028034  -0.107410  0.993706  0.031819  0.031304  -0.028608  0.999100  0.000975  -0.000043  0.000398  0.000000  0.000000  0.000000  2.000000  
77.073209 0.009212  0.095216  0.008309  0.993722  0.108309  -0.028034  -0.107410  0.993706  0.031819  0.031304  -0.028608  0.999100  0.001040  0.000164  0.000512  0.000000  0.000000  0.000000  2.000000  
77.074210 0.009214  0.095217  0.008310  0.993700  0.108514  -0.028027  -0.107615  0.993683  0.031825  0.031304  -0.028608  0.999100  0.001093  0.000336  0.000574  0.000000  0.000000  0.000000  2.000000  
77.075449 0.009215  0.095218  0.008310  0.993700  0.108514  -0.028027  -0.107615  0.993683  0.031825  0.031304  -0.028608  0.999100  0.001099  0.000440  0.000558  0.000000  0.000000  0.000000  2.000000  
77.076694 0.009216  0.095220  0.008311  0.993678  0.108719  -0.028021  -0.107819  0.993661  0.031831  0.031304  -0.028608  0.999100  0.001095  0.000596  0.000573  0.000000  0.000000  0.000000  2.000000  
77.077697 0.009217  0.095221  0.008311  0.993678  0.108719  -0.028021  -0.107819  0.993661  0.031831  0.031304  -0.028608  0.999100  0.001057  0.000674  0.000565  0.000000  0.000000  0.000000  2.000000  
77.078702 0.009217  0.095222  0.008312  0.993678  0.108719  -0.028021  -0.107819  0.993661  0.031831  0.031304  -0.028608  0.999100  0.001021  0.000770  0.000598  0.000000  0.000000  0.000000  2.000000  
77.079950 0.009218  0.095223  0.008312  0.993655  0.108923  -0.028014  -0.108024  0.993638  0.031836  0.031304  -0.028608  0.999100  0.000944  0.000843  0.000554  0.000000  0.000000  0.000000  2.000000  
77.081204 0.009218  0.095225  0.008313  0.993655  0.108923  -0.028014  -0.108024  0.993638  0.031836  0.031304  -0.028608  0.999100  0.000928  0.000913  0.000573  0.000000  0.000000  0.000000  2.000000  
77.082210 0.009219  0.095226  0.008314  0.993633  0.109128  -0.028008  -0.108228  0.993616  0.031842  0.031304  -0.028608  0.999100  0.000866  0.001021  0.000583  0.000000  0.000000  0.000000  2.000000  
77.083212 0.009219  0.095227  0.008314  0.993633  0.109128  -0.028008  -0.108228  0.993616  0.031842  0.031304  -0.028608  0.999100  0.000819  0.001061  0.000574  0.000000  0.000000  0.000000  2.000000  
77.084447 0.009219  0.095229  0.008314  0.993607  0.109339  -0.028121  -0.108432  0.993589  0.031983  0.031438  -0.028729  0.999093  0.000715  0.001122  0.000553  0.000000  0.000000  0.000000  2.000000  
77.085696 0.009219  0.095230  0.008314  0.993584  0.109544  -0.028114  -0.108637  0.993567  0.031989  0.031438  -0.028729  0.999093  0.000634  0.001135  0.000470  0.000000  0.000000  0.000000  2.000000  
77.086696 0.009219  0.095231  0.008314  0.993584  0.109544  -0.028114  -0.108637  0.993567  0.031989  0.031438  -0.028729  0.999093  0.000561  0.001122  0.000449  0.000000  0.000000  0.000000  2.000000  
77.087947 0.009220  0.095232  0.008314  0.993562  0.109749  -0.028108  -0.108841  0.993544  0.031994  0.031438  -0.028729  0.999093  0.000485  0.001111  0.000378  0.000000  0.000000  0.000000  2.000000  
77.089204 0.009220  0.095233  0.008314  0.993539  0.109953  -0.028101  -0.109046  0.993521  0.032000  0.031438  -0.028729  0.999093  0.000410  0.001056  0.000313  0.000000  0.000000  0.000000  2.000000  
77.090212 0.009220  0.095233  0.008314  0.993539  0.109953  -0.028101  -0.109046  0.993521  0.032000  0.031438  -0.028729  0.999093  0.000349  0.001036  0.000259  0.000000  0.000000  0.000000  2.000000  
77.091447 0.009220  0.095234  0.008314  0.993517  0.110161  -0.028081  -0.109251  0.993495  0.032127  0.031438  -0.028850  0.999089  0.000296  0.000951  0.000226  0.000000  0.000000  0.000000  2.000000  
77.092694 0.009220  0.095234  0.008314  0.993494  0.110366  -0.028074  -0.109455  0.993472  0.032132  0.031438  -0.028850  0.999089  0.000240  0.000851  0.000190  0.000000  0.000000  0.000000  2.000000  
77.093694 0.009220  0.095234  0.008314  0.993472  0.110570  -0.028068  -0.109660  0.993450  0.032138  0.031438  -0.028850  0.999089  0.000204  0.000762  0.000127  0.000000  0.000000  0.000000  2.000000  
77.094698 0.009221  0.095234  0.008314  0.993449  0.110775  -0.028061  -0.109864  0.993427  0.032144  0.031438  -0.028850  0.999089  0.000211  0.000737  0.000140  0.000000  0.000000  0.000000  2.000000  
77.095702 0.009221  0.095234  0.008315  0.993427  0.110979  -0.028055  -0.110069  0.993404  0.032150  0.031438  -0.028850  0.999089  0.000193  0.000608  0.000104  0.000000  0.000000  0.000000  2.000000  
77.096949 0.009221  0.095233  0.008314  0.993400  0.111187  -0.028181  -0.110273  0.993381  0.032170  0.031571  -0.028850  0.999085  0.000191  0.000515  0.000075  0.000000  0.000000  0.000000  2.000000  
77.098212 0.009222  0.095233  0.008315  0.993377  0.111392  -0.028174  -0.110477  0.993358  0.032176  0.031571  -0.028850  0.999085  0.000199  0.000406  0.000060  0.000000  0.000000  0.000000  2.000000  
77.099446 0.009223  0.095233  0.008316  0.993354  0.111600  -0.028154  -0.110682  0.993331  0.032302  0.031571  -0.028971  0.999082  0.000253  0.000280  0.000094  0.000000  0.000000  0.000000  2.000000  
77.100449 0.009223  0.095233  0.008315  0.993309  0.112009  -0.028141  -0.111091  0.993285  0.032314  0.031571  -0.028971  0.999082  0.000265  0.000174  0.000080  0.000000  0.000000  0.000000  2.000000  
77.101698 0.009223  0.095233  0.008316  0.993286  0.112213  -0.028134  -0.111295  0.993262  0.032320  0.031571  -0.028971  0.999082  0.000289  0.000100  0.000119  0.000000  0.000000  0.000000  2.000000  
77.102948 0.009224  0.095232  0.008316  0.993263  0.112418  -0.028127  -0.111500  0.993239  0.032325  0.031571  -0.028971  0.999082  0.000290  0.000015  0.000091  0.000000  0.000000  0.000000  2.000000  
77.104196 0.009224  0.095232  0.008316  0.993217  0.112830  -0.028100  -0.111909  0.993188  0.032458  0.031571  -0.029093  0.999078  0.000278  -0.000089  0.000106  0.000000  0.000000  0.000000  2.000000  
77.105201 0.009224  0.095231  0.008316  0.993190  0.113039  -0.028227  -0.112113  0.993165  0.032478  0.031705  -0.029093  0.999074  0.000285  -0.000157  0.000175  0.000000  0.000000  0.000000  2.000000  
77.106211 0.009224  0.095230  0.008317  0.993143  0.113447  -0.028213  -0.112522  0.993118  0.032490  0.031705  -0.029093  0.999074  0.000267  -0.000214  0.000168  0.000000  0.000000  0.000000  2.000000  
77.107448 0.009225  0.095230  0.008317  0.993097  0.113860  -0.028186  -0.112930  0.993067  0.032622  0.031705  -0.029214  0.999070  0.000283  -0.000264  0.000194  0.025835  0.008485  0.173227  2.000000  
77.108699 0.009225  0.095229  0.008317  0.993050  0.114269  -0.028173  -0.113339  0.993020  0.032634  0.031705  -0.029214  0.999070  0.000314  -0.000319  0.000189  0.026056  0.008018  0.185521  2.000000  
77.109944 0.009225  0.095228  0.008317  0.992999  0.114685  -0.028278  -0.113748  0.992969  0.032781  0.031839  -0.029335  0.999062  0.000257  -0.000398  0.000153  0.030332  0.012268  0.192528  2.000000  
77.110946 0.009225  0.095227  0.008317  0.992976  0.114889  -0.028271  -0.113952  0.992945  0.032787  0.031839  -0.029335  0.999062  0.000264  -0.000422  0.000166  0.030546  0.012068  0.199364  2.000000  
77.111948 0.009225  0.095227  0.008317  0.992929  0.115302  -0.028244  -0.114361  0.992894  0.032919  0.031839  -0.029456  0.999059  0.000249  -0.000417  0.000197  0.034803  0.011856  0.206205  2.000000  
77.113213 0.009225  0.095227  0.008317  0.992878  0.115714  -0.028363  -0.114769  0.992846  0.032946  0.031972  -0.029456  0.999055  0.000231  -0.000435  0.000133  0.031466  0.011533  0.221635  2.000000  
77.114454 0.009226  0.095226  0.008317  0.992830  0.116126  -0.028335  -0.115178  0.992794  0.033078  0.031972  -0.029577  0.999051  0.000201  -0.000466  0.000110  0.035773  0.011322  0.228624  2.000000  
77.115698 0.009226  0.095226  0.008317  0.992755  0.116747  -0.028434  -0.115791  0.992718  0.033231  0.032106  -0.029698  0.999043  0.000171  -0.000497  0.000087  0.040311  0.015401  0.242620  2.000000  
77.116947 0.009226  0.095226  0.008318  0.992707  0.117156  -0.028420  -0.116200  0.992669  0.033243  0.032106  -0.029698  0.999043  0.000198  -0.000458  0.000108  0.040530  0.015199  0.249529  2.000000  
77.118197 0.009226  0.095226  0.008318  0.992631  0.117776  -0.028518  -0.116812  0.992592  0.033396  0.032240  -0.029819  0.999035  0.000167  -0.000405  0.000113  0.044921  0.018918  0.268234  2.000000  
77.119201 0.009227  0.095225  0.008318  0.992582  0.118188  -0.028490  -0.117221  0.992540  0.033529  0.032240  -0.029940  0.999032  0.000170  -0.000411  0.000115  0.049177  0.018698  0.275052  2.000000  
77.120202 0.009227  0.095225  0.008318  0.992530  0.118601  -0.028609  -0.117629  0.992491  0.033556  0.032374  -0.029940  0.999027  0.000162  -0.000387  0.000102  0.049645  0.022759  0.288966  2.000000  
77.121449 0.009227  0.095225  0.008317  0.992453  0.119221  -0.028706  -0.118242  0.992413  0.033710  0.032507  -0.030061  0.999019  0.000163  -0.000342  0.000045  0.050280  0.027196  0.298308  2.000000  
77.122694 0.009227  0.095225  0.008317  0.992379  0.119838  -0.028671  -0.118854  0.992335  0.033848  0.032507  -0.030182  0.999016  0.000175  -0.000342  0.000013  0.054568  0.026346  0.316425  2.000000  
77.123694 0.009227  0.095224  0.008317  0.992326  0.120254  -0.028775  -0.119263  0.992281  0.033996  0.032641  -0.030303  0.999008  0.000152  -0.000312  0.000031  0.059351  0.030842  0.326157  2.000000  
77.124695 0.009228  0.095224  0.008317  0.992248  0.120874  -0.028872  -0.119875  0.992201  0.034150  0.032775  -0.030424  0.999000  0.000190  -0.000263  0.000010  0.063364  0.034618  0.337295  2.000000  
77.125948 0.009228  0.095224  0.008317  0.992169  0.121495  -0.028969  -0.120487  0.992122  0.034305  0.032909  -0.030546  0.998991  0.000201  -0.000248  -0.000034  0.067865  0.038644  0.351107  2.000000  
77.126948 0.009228  0.095224  0.008316  0.992095  0.122111  -0.028933  -0.121100  0.992043  0.034443  0.032909  -0.030667  0.998988  0.000206  -0.000224  -0.000077  0.072376  0.033757  0.364697  2.000000  
77.128195 0.009229  0.095224  0.008316  0.992015  0.122731  -0.029029  -0.121712  0.991962  0.034597  0.033042  -0.030788  0.998980  0.000235  -0.000194  -0.000054  0.076927  0.037804  0.378740  2.000000  
77.129204 0.009229  0.095224  0.008316  0.991936  0.123351  -0.029126  -0.122324  0.991882  0.034752  0.033176  -0.030909  0.998971  0.000243  -0.000175  -0.000098  0.077983  0.042123  0.395567  2.000000  
77.130211 0.009229  0.095223  0.008316  0.991881  0.123767  -0.029229  -0.122732  0.991826  0.034901  0.033310  -0.031030  0.998963  0.000263  -0.000183  -0.000130  0.082073  0.046587  0.395647  2.000000  
77.131452 0.009230  0.095223  0.008315  0.991775  0.124592  -0.029318  -0.123548  0.991719  0.035061  0.033443  -0.031151  0.998955  0.000293  -0.000152  -0.000107  0.086875  0.050447  0.416636  2.000000  
77.132697 0.009231  0.095223  0.008315  0.991664  0.125420  -0.029539  -0.124364  0.991611  0.035239  0.033711  -0.031272  0.998942  0.000294  -0.000193  -0.000193  0.090935  0.058305  0.434066  2.000000  
77.133699 0.009231  0.095223  0.008314  0.991582  0.126040  -0.029635  -0.124976  0.991528  0.035394  0.033845  -0.031393  0.998934  0.000310  -0.000198  -0.000224  0.091947  0.063023  0.444732  2.000000  
77.134948 0.009231  0.095222  0.008314  0.991475  0.126868  -0.029707  -0.125792  0.991415  0.035676  0.033978  -0.031635  0.998922  0.000326  -0.000204  -0.000255  0.100857  0.062348  0.465547  2.000000  
77.135950 0.009232  0.095222  0.008314  0.991366  0.127692  -0.029795  -0.126607  0.991305  0.035838  0.034112  -0.031756  0.998913  0.000333  -0.000228  -0.000242  0.105452  0.066414  0.479658  2.000000  
77.137195 0.009232  0.095221  0.008314  0.991257  0.128516  -0.029882  -0.127423  0.991195  0.035999  0.034246  -0.031877  0.998905  0.000344  -0.000230  -0.000269  0.105260  0.069618  0.496266  2.000000  
77.138210 0.009232  0.095221  0.008313  0.991174  0.129140  -0.029961  -0.128035  0.991106  0.036275  0.034379  -0.032119  0.998893  0.000351  -0.000254  -0.000256  0.114489  0.074378  0.507172  2.000000  
77.139444 0.009233  0.095220  0.008313  0.991059  0.129968  -0.030181  -0.128850  0.990994  0.036455  0.034647  -0.032240  0.998879  0.000374  -0.000283  -0.000274  0.114136  0.082243  0.517290  2.000000  
77.140521 0.009233  0.095220  0.008313  0.990948  0.130796  -0.030252  -0.129665  0.990877  0.036737  0.034781  -0.032482  0.998867  0.000370  -0.000306  -0.000233  0.123452  0.082224  0.534046  2.000000  
77.141694 0.009234  0.095219  0.008313  0.990804  0.131828  -0.030463  -0.130684  0.990736  0.036924  0.035048  -0.032603  0.998854  0.000396  -0.000338  -0.000252  0.123532  0.089987  0.551966  2.000000  
77.142696 0.009234  0.095218  0.008312  0.990719  0.132452  -0.030540  -0.131295  0.990645  0.037200  0.035182  -0.032845  0.998841  0.000396  -0.000356  -0.000235  0.132124  0.089470  0.565555  2.000000  
77.143946 0.009235  0.095217  0.008312  0.990551  0.133687  -0.030594  -0.132518  0.990471  0.037496  0.035316  -0.033087  0.998828  0.000375  -0.000411  -0.000245  0.137136  0.092970  0.593166  2.000000  
77.144946 0.009235  0.095216  0.008312  0.990432  0.134515  -0.030812  -0.133333  0.990355  0.037677  0.035583  -0.033208  0.998815  0.000352  -0.000465  -0.000255  0.142671  0.102484  0.605313  2.000000  
77.145948 0.009235  0.095215  0.008312  0.990317  0.135343  -0.030881  -0.134148  0.990234  0.037960  0.035717  -0.033450  0.998802  0.000328  -0.000549  -0.000225  0.146300  0.100868  0.620836  2.000000  
77.146949 0.009235  0.095214  0.008312  0.990174  0.136370  -0.030957  -0.135166  0.990089  0.038130  0.035850  -0.033571  0.998793  0.000305  -0.000604  -0.000235  0.152090  0.105715  0.639905  2.000000  
77.147949 0.009235  0.095213  0.008312  0.990030  0.137401  -0.031017  -0.136185  0.989938  0.038421  0.035984  -0.033813  0.998780  0.000308  -0.000618  -0.000218  0.156957  0.104936  0.660649  2.000000  
77.149204 0.009236  0.095212  0.008311  0.989851  0.138640  -0.031201  -0.137406  0.989757  0.038736  0.036251  -0.034055  0.998762  0.000293  -0.000697  -0.000215  0.162103  0.113330  0.682829  2.000000  
77.150448 0.009236  0.095210  0.008311  0.989676  0.139875  -0.031251  -0.138628  0.989575  0.039033  0.036385  -0.034298  0.998749  0.000286  -0.000800  -0.000199  0.167155  0.112263  0.710218  2.000000  
77.151696 0.009236  0.095208  0.008311  0.989465  0.141321  -0.031408  -0.140053  0.989357  0.039475  0.036653  -0.034661  0.998727  0.000264  -0.000898  -0.000153  0.176241  0.115576  0.737328  2.000000  
77.152699 0.009236  0.095207  0.008312  0.989316  0.142348  -0.031483  -0.141071  0.989205  0.039647  0.036786  -0.034782  0.998718  0.000268  -0.000958  -0.000098  0.180805  0.119549  0.751134  2.000000  
77.154051 0.009237  0.095204  0.008312  0.989136  0.143586  -0.031514  -0.142292  0.989014  0.040064  0.036920  -0.035145  0.998700  0.000267  -0.001080  -0.000068  0.189154  0.118296  0.769347  2.000000  
77.155201 0.009237  0.095202  0.008312  0.988920  0.145028  -0.031685  -0.143716  0.988795  0.040388  0.037187  -0.035387  0.998682  0.000257  -0.001173  -0.000052  0.194962  0.122120  0.799637  2.000000  
77.156447 0.009238  0.095200  0.008313  0.988707  0.146469  -0.031706  -0.145140  0.988569  0.040813  0.037321  -0.035750  0.998664  0.000269  -0.001261  0.000017  0.200127  0.120965  0.827358  2.000000  
77.157528 0.009238  0.095198  0.008313  0.988552  0.147499  -0.031760  -0.146157  0.988407  0.041105  0.037455  -0.035992  0.998650  0.000253  -0.001379  0.000077  0.208337  0.120092  0.839014  2.000000  
77.158698 0.009238  0.095195  0.008314  0.988336  0.148940  -0.031779  -0.147581  0.988178  0.041530  0.037589  -0.036355  0.998632  0.000239  -0.001511  0.000138  0.216627  0.118089  0.868798  2.000000  
77.159948 0.009239  0.095192  0.008315  0.988112  0.150385  -0.031928  -0.149003  0.987945  0.041975  0.037856  -0.036718  0.998608  0.000262  -0.001630  0.000235  0.221525  0.121558  0.889336  2.000000  
77.160950 0.009239  0.095190  0.008316  0.987891  0.151821  -0.031963  -0.150426  0.987717  0.042281  0.037990  -0.036960  0.998594  0.000269  -0.001700  0.000305  0.228650  0.121515  0.924798  2.000000  
77.161951 0.009239  0.095188  0.008317  0.987699  0.153054  -0.032006  -0.151646  0.987517  0.042580  0.038123  -0.037203  0.998580  0.000300  -0.001799  0.000357  0.233470  0.120571  0.945050  2.000000  
77.163213 0.009240  0.095184  0.008318  0.987443  0.154696  -0.032011  -0.153271  0.987248  0.043012  0.038257  -0.037566  0.998562  0.000322  -0.001915  0.000453  0.241017  0.118180  0.971662  2.000000  
77.164448 0.009240  0.095181  0.008319  0.987216  0.156136  -0.032025  -0.154693  0.987007  0.043438  0.038391  -0.037929  0.998543  0.000310  -0.002032  0.000518  0.247807  0.113896  0.993490  2.000000  
77.165449 0.009241  0.095178  0.008320  0.986987  0.157575  -0.032037  -0.156115  0.986764  0.043864  0.038524  -0.038292  0.998524  0.000322  -0.002135  0.000597  0.258950  0.116273  1.012874  2.000000  
77.166696 0.009241  0.095175  0.008322  0.986724  0.159216  -0.032038  -0.157740  0.986487  0.044297  0.038658  -0.038655  0.998505  0.000324  -0.002212  0.000712  0.264205  0.110544  1.040199  2.000000  
