1-Time 2-Px 3-Py 4-Pz 5-R11 6-R21 7-R31 8-R12 9-R22 10-R32 11-R13 12-R23 13-R33 14-Vx 15-Vy 16-Vz 17-Wx 18-Wy 19-Wz 20-state 21-PR11 22-PR21 23-PR31 24-PR12 25-PR22 26-PR32 27-PR13 28-PR23 29-PR33 
110.482995 0.013912  0.097482  0.006868  0.996907  0.077441  -0.013358  -0.077116  0.996750  0.023295  0.015119  -0.022193  0.999639  -0.001191  0.001964  -0.000122  0.000000  0.000000  0.000000  2.000000  
110.484002 0.013911  0.097484  0.006869  0.996907  0.077441  -0.013358  -0.077116  0.996750  0.023295  0.015119  -0.022193  0.999639  -0.001192  0.002005  -0.000032  0.000000  0.000000  0.000000  2.000000  
110.485253 0.013912  0.097488  0.006870  0.996876  0.077851  -0.013349  -0.077527  0.996718  0.023301  0.015119  -0.022193  0.999639  -0.001036  0.002030  0.000116  0.000000  0.000000  0.000000  2.000000  
110.486254 0.013914  0.097491  0.006871  0.996844  0.078261  -0.013339  -0.077937  0.996686  0.023306  0.015119  -0.022193  0.999639  -0.000813  0.002098  0.000177  0.000000  0.000000  0.000000  2.000000  
110.487498 0.013916  0.097493  0.006871  0.996828  0.078468  -0.013325  -0.078142  0.996667  0.023430  0.015119  -0.022314  0.999637  -0.000586  0.002079  0.000208  0.000000  0.000000  0.000000  2.000000  
110.488498 0.013918  0.097494  0.006872  0.996811  0.078673  -0.013320  -0.078348  0.996651  0.023433  0.015119  -0.022314  0.999637  -0.000366  0.002037  0.000284  0.000000  0.000000  0.000000  2.000000  
110.489499 0.013922  0.097496  0.006872  0.996793  0.078883  -0.013439  -0.078553  0.996631  0.023567  0.015252  -0.022435  0.999632  -0.000069  0.002013  0.000286  0.000000  0.000000  0.000000  2.000000  
110.490500 0.013926  0.097498  0.006873  0.996743  0.079502  -0.013557  -0.079168  0.996582  0.023586  0.015386  -0.022435  0.999630  0.000282  0.002032  0.000382  0.000000  0.000000  0.000000  2.000000  
110.491747 0.013931  0.097501  0.006875  0.996691  0.080122  -0.013667  -0.079783  0.996530  0.023725  0.015520  -0.022557  0.999625  0.000766  0.002023  0.000467  0.000000  0.000000  0.000000  2.000000  
110.492748 0.013935  0.097501  0.006875  0.996658  0.080534  -0.013647  -0.080194  0.996494  0.023852  0.015520  -0.022678  0.999622  0.001097  0.001942  0.000462  0.000000  0.000000  0.000000  2.000000  
110.494003 0.013940  0.097503  0.006876  0.996609  0.081149  -0.013632  -0.080809  0.996444  0.023860  0.015520  -0.022678  0.999622  0.001560  0.001874  0.000536  0.000000  0.000000  0.000000  2.000000  
110.495009 0.013945  0.097505  0.006876  0.996559  0.081766  -0.013608  -0.081425  0.996391  0.023990  0.015520  -0.022799  0.999620  0.001970  0.001913  0.000590  0.000000  0.000000  0.000000  2.000000  
110.496255 0.013952  0.097509  0.006878  0.996508  0.082382  -0.013593  -0.082040  0.996340  0.023998  0.015520  -0.022799  0.999620  0.002550  0.002023  0.000701  0.000000  0.000000  0.000000  2.000000  
110.497500 0.013959  0.097513  0.006881  0.996440  0.083204  -0.013563  -0.082861  0.996269  0.024130  0.015520  -0.022920  0.999617  0.003171  0.002139  0.000849  0.027424  0.009116  0.193942  2.000000  
110.498503 0.013965  0.097517  0.006882  0.996387  0.083824  -0.013671  -0.083476  0.996214  0.024270  0.015654  -0.023042  0.999612  0.003659  0.002240  0.000919  0.031830  0.013129  0.214771  2.000000  
110.499748 0.013973  0.097522  0.006884  0.996333  0.084444  -0.013779  -0.084091  0.996159  0.024411  0.015788  -0.023163  0.999607  0.004164  0.002337  0.000957  0.036247  0.017142  0.235658  2.000000  
110.500751 0.013979  0.097525  0.006886  0.996279  0.085064  -0.013887  -0.084706  0.996103  0.024552  0.015921  -0.023284  0.999602  0.004449  0.002380  0.001035  0.040658  0.021150  0.256491  2.000000  
110.502001 0.013987  0.097529  0.006887  0.996226  0.085681  -0.013861  -0.085322  0.996048  0.024681  0.015921  -0.023405  0.999599  0.004799  0.002447  0.001072  0.045058  0.020662  0.277248  2.000000  
110.503011 0.013992  0.097531  0.006890  0.996189  0.086095  -0.013974  -0.085732  0.996009  0.024819  0.016055  -0.023526  0.999594  0.005027  0.002531  0.001235  0.049374  0.024827  0.291219  2.000000  
110.504247 0.013999  0.097532  0.006892  0.996118  0.086917  -0.013943  -0.086552  0.995935  0.024951  0.016055  -0.023648  0.999591  0.005211  0.002431  0.001340  0.053451  0.023982  0.316336  2.000000  
110.505258 0.014005  0.097533  0.006894  0.996082  0.087329  -0.013922  -0.086962  0.995896  0.025078  0.016055  -0.023769  0.999589  0.005330  0.002363  0.001420  0.058149  0.023827  0.332574  2.000000  
110.506260 0.014011  0.097534  0.006897  0.996044  0.087744  -0.014035  -0.087372  0.995857  0.025216  0.016189  -0.023890  0.999584  0.005488  0.002303  0.001532  0.062461  0.027981  0.346496  2.000000  
110.507500 0.014017  0.097533  0.006899  0.995990  0.088361  -0.014008  -0.087987  0.995799  0.025346  0.016189  -0.024011  0.999581  0.005539  0.002129  0.001658  0.066875  0.027487  0.367322  2.000000  
110.508751 0.014022  0.097531  0.006901  0.995952  0.088776  -0.014120  -0.088397  0.995759  0.025484  0.016323  -0.024133  0.999576  0.005534  0.001909  0.001689  0.071198  0.031641  0.381282  2.000000  
110.509999 0.014028  0.097530  0.006903  0.995915  0.089187  -0.014099  -0.088807  0.995720  0.025610  0.016323  -0.024254  0.999573  0.005525  0.001649  0.001778  0.075492  0.031297  0.395120  2.000000  
110.511001 0.014033  0.097530  0.006905  0.995876  0.089602  -0.014211  -0.089217  0.995679  0.025749  0.016456  -0.024375  0.999567  0.005496  0.001390  0.001785  0.079825  0.035451  0.409117  2.000000  
110.512005 0.014038  0.097530  0.006906  0.995858  0.089809  -0.014195  -0.089422  0.995658  0.025873  0.016456  -0.024496  0.999564  0.005426  0.001151  0.001708  0.084018  0.035267  0.416072  2.000000  
110.513271 0.014042  0.097528  0.006907  0.995821  0.090219  -0.014184  -0.089832  0.995621  0.025879  0.016456  -0.024496  0.999564  0.005258  0.000748  0.001662  0.084177  0.034920  0.429603  2.000000  
110.514503 0.014047  0.097528  0.006908  0.995802  0.090426  -0.014168  -0.090037  0.995599  0.026002  0.016456  -0.024617  0.999561  0.005026  0.000439  0.001679  0.088302  0.034914  0.429853  2.000000  
110.515751 0.014051  0.097528  0.006910  0.995802  0.090427  -0.014157  -0.090037  0.995596  0.026123  0.016456  -0.024739  0.999558  0.004799  0.000151  0.001649  0.092160  0.035213  0.416023  2.000000  
110.516752 0.014054  0.097528  0.006911  0.995784  0.090634  -0.014140  -0.090242  0.995574  0.026247  0.016456  -0.024860  0.999555  0.004605  -0.000085  0.001597  0.092158  0.035161  0.416016  2.000000  
110.518001 0.014057  0.097527  0.006913  0.995765  0.090839  -0.014135  -0.090447  0.995555  0.026250  0.016456  -0.024860  0.999555  0.004318  -0.000285  0.001539  0.092071  0.035333  0.409201  2.000000  
110.519033 0.014058  0.097524  0.006914  0.995765  0.090841  -0.014124  -0.090447  0.995552  0.026370  0.016456  -0.024981  0.999552  0.003958  -0.000504  0.001477  0.091885  0.030916  0.401727  2.000000  
110.520253 0.014058  0.097521  0.006915  0.995765  0.090841  -0.014124  -0.090447  0.995552  0.026370  0.016456  -0.024981  0.999552  0.003525  -0.000810  0.001427  0.091035  0.031029  0.385238  2.000000  
110.521500 0.014059  0.097518  0.006918  0.995765  0.090841  -0.014124  -0.090447  0.995552  0.026370  0.016456  -0.024981  0.999552  0.003063  -0.001067  0.001372  0.087286  0.022917  0.360400  2.000000  
110.522504 0.014058  0.097515  0.006919  0.995765  0.090842  -0.014113  -0.090447  0.995549  0.026491  0.016456  -0.025102  0.999549  0.002732  -0.001185  0.001361  0.087059  0.023202  0.346547  2.000000  
110.523749 0.014058  0.097511  0.006920  0.995765  0.090842  -0.014113  -0.090447  0.995549  0.026491  0.016456  -0.025102  0.999549  0.002366  -0.001370  0.001298  0.086756  0.023706  0.325905  2.000000  
110.525002 0.014057  0.097507  0.006922  0.995765  0.090844  -0.014102  -0.090447  0.995546  0.026612  0.016456  -0.025224  0.999546  0.001867  -0.001584  0.001215  0.085713  0.023966  0.302643  2.000000  
110.526254 0.014057  0.097504  0.006923  0.995784  0.090639  -0.014107  -0.090242  0.995564  0.026609  0.016456  -0.025224  0.999546  0.001437  -0.001731  0.001208  0.085254  0.024620  0.275135  2.000000  
110.527498 0.014056  0.097501  0.006923  0.995784  0.090639  -0.014107  -0.090242  0.995564  0.026609  0.016456  -0.025224  0.999546  0.001082  -0.001881  0.001134  0.080777  0.025265  0.247712  2.000000  
110.528512 0.014056  0.097498  0.006923  0.995784  0.090641  -0.014096  -0.090242  0.995561  0.026730  0.016456  -0.025345  0.999543  0.000776  -0.002008  0.001096  0.081094  0.021441  0.228808  2.000000  
110.529750 0.014055  0.097495  0.006924  0.995802  0.090436  -0.014102  -0.090037  0.995580  0.026727  0.016456  -0.025345  0.999543  0.000441  -0.002191  0.001042  0.076518  0.017782  0.194235  2.000000  
110.530751 0.014055  0.097493  0.006924  0.995802  0.090438  -0.014091  -0.090037  0.995576  0.026848  0.016456  -0.025466  0.999540  0.000226  -0.002335  0.000947  0.075667  0.013485  0.178781  2.000000  
110.532001 0.014053  0.097491  0.006924  0.995802  0.090438  -0.014091  -0.090037  0.995576  0.026848  0.016456  -0.025466  0.999540  -0.000147  -0.002516  0.000812  0.000000  0.000000  0.000000  2.000000  
110.533264 0.014052  0.097488  0.006924  0.995821  0.090233  -0.014096  -0.089832  0.995595  0.026845  0.016456  -0.025466  0.999540  -0.000363  -0.002562  0.000705  0.000000  0.000000  0.000000  2.000000  
110.534498 0.014050  0.097485  0.006923  0.995821  0.090233  -0.014096  -0.089832  0.995595  0.026845  0.016456  -0.025466  0.999540  -0.000472  -0.002541  0.000584  0.000000  0.000000  0.000000  2.000000  
110.535500 0.014050  0.097483  0.006923  0.995823  0.090231  -0.013952  -0.089832  0.995592  0.026953  0.016323  -0.025587  0.999539  -0.000553  -0.002529  0.000414  0.000000  0.000000  0.000000  2.000000  
110.536811 0.014049  0.097481  0.006923  0.995823  0.090231  -0.013952  -0.089832  0.995592  0.026953  0.016323  -0.025587  0.999539  -0.000610  -0.002426  0.000291  0.000000  0.000000  0.000000  2.000000  
110.538003 0.014050  0.097479  0.006924  0.995823  0.090231  -0.013952  -0.089832  0.995592  0.026953  0.016323  -0.025587  0.999539  -0.000555  -0.002261  0.000263  0.000000  0.000000  0.000000  2.000000  
110.539251 0.014050  0.097478  0.006924  0.995823  0.090231  -0.013952  -0.089832  0.995592  0.026953  0.016323  -0.025587  0.999539  -0.000479  -0.002048  0.000205  0.000000  0.000000  0.000000  2.000000  
110.540500 0.014052  0.097478  0.006925  0.995839  0.090031  -0.014080  -0.089627  0.995607  0.027083  0.016456  -0.025709  0.999534  -0.000306  -0.001774  0.000189  0.000000  0.000000  0.000000  2.000000  
110.541747 0.014055  0.097480  0.006927  0.995821  0.090236  -0.014074  -0.089832  0.995589  0.027086  0.016456  -0.025709  0.999534  -0.000102  -0.001539  0.000251  0.000000  0.000000  0.000000  2.000000  
110.542751 0.014057  0.097481  0.006928  0.995821  0.090238  -0.014063  -0.089832  0.995585  0.027207  0.016456  -0.025830  0.999531  0.000088  -0.001307  0.000303  0.000000  0.000000  0.000000  2.000000  
110.543997 0.014060  0.097481  0.006929  0.995819  0.090241  -0.014197  -0.089832  0.995585  0.027219  0.016590  -0.025830  0.999529  0.000307  -0.001043  0.000378  0.000000  0.000000  0.000000  2.000000  
110.545004 0.014062  0.097481  0.006929  0.995800  0.090446  -0.014191  -0.090037  0.995566  0.027222  0.016590  -0.025830  0.999529  0.000516  -0.000894  0.000361  0.000000  0.000000  0.000000  2.000000  
110.546263 0.014066  0.097483  0.006930  0.995800  0.090448  -0.014180  -0.090037  0.995563  0.027343  0.016590  -0.025951  0.999526  0.000793  -0.000624  0.000441  0.000000  0.000000  0.000000  2.000000  
110.547501 0.014070  0.097484  0.006931  0.995800  0.090448  -0.014180  -0.090037  0.995563  0.027343  0.016590  -0.025951  0.999526  0.001141  -0.000359  0.000494  0.000000  0.000000  0.000000  2.000000  
110.548751 0.014073  0.097485  0.006932  0.995782  0.090655  -0.014163  -0.090242  0.995541  0.027466  0.016590  -0.026072  0.999522  0.001503  -0.000056  0.000604  0.000000  0.000000  0.000000  2.000000  
110.549774 0.014076  0.097486  0.006933  0.995779  0.090658  -0.014297  -0.090242  0.995541  0.027478  0.016724  -0.026072  0.999520  0.001757  0.000155  0.000673  0.000000  0.000000  0.000000  2.000000  
110.551001 0.014080  0.097488  0.006934  0.995761  0.090865  -0.014280  -0.090447  0.995519  0.027602  0.016724  -0.026193  0.999517  0.002012  0.000392  0.000755  0.000000  0.000000  0.000000  2.000000  
110.552001 0.014083  0.097490  0.006935  0.995742  0.091070  -0.014274  -0.090652  0.995500  0.027605  0.016724  -0.026193  0.999517  0.002301  0.000656  0.000779  0.000000  0.000000  0.000000  2.000000  
110.553001 0.014087  0.097492  0.006935  0.995742  0.091071  -0.014263  -0.090652  0.995497  0.027726  0.016724  -0.026315  0.999514  0.002492  0.000842  0.000766  0.000000  0.000000  0.000000  2.000000  
110.554261 0.014092  0.097496  0.006937  0.995724  0.091276  -0.014258  -0.090857  0.995478  0.027729  0.016724  -0.026315  0.999514  0.002807  0.001171  0.000801  0.000000  0.000000  0.000000  2.000000  
110.555499 0.014097  0.097499  0.006938  0.995703  0.091487  -0.014374  -0.091062  0.995455  0.027865  0.016858  -0.026436  0.999508  0.002991  0.001391  0.000877  0.000000  0.000000  0.000000  2.000000  
110.556747 0.014101  0.097503  0.006941  0.995684  0.091693  -0.014357  -0.091267  0.995433  0.027988  0.016858  -0.026557  0.999505  0.003107  0.001564  0.000913  0.000000  0.000000  0.000000  2.000000  
110.557749 0.014106  0.097506  0.006942  0.995663  0.091902  -0.014484  -0.091471  0.995414  0.028003  0.016992  -0.026557  0.999503  0.003231  0.001712  0.000963  0.000000  0.000000  0.000000  2.000000  
110.559002 0.014110  0.097509  0.006945  0.995642  0.092112  -0.014601  -0.091676  0.995391  0.028139  0.017125  -0.026678  0.999497  0.003341  0.001895  0.001058  0.000000  0.000000  0.000000  2.000000  
110.560003 0.014113  0.097512  0.006946  0.995623  0.092317  -0.014595  -0.091881  0.995372  0.028142  0.017125  -0.026678  0.999497  0.003395  0.002017  0.001123  0.000000  0.000000  0.000000  2.000000  
110.561256 0.014117  0.097515  0.006949  0.995601  0.092527  -0.014711  -0.092086  0.995349  0.028279  0.017259  -0.026799  0.999492  0.003407  0.002143  0.001209  0.000000  0.000000  0.000000  2.000000  
110.562265 0.014120  0.097517  0.006950  0.995563  0.092937  -0.014699  -0.092496  0.995311  0.028285  0.017259  -0.026799  0.999492  0.003424  0.002276  0.001325  0.000000  0.000000  0.000000  2.000000  
110.563269 0.014123  0.097519  0.006952  0.995542  0.093145  -0.014827  -0.092700  0.995292  0.028300  0.017393  -0.026799  0.999490  0.003390  0.002333  0.001331  0.000000  0.000000  0.000000  2.000000  
110.564504 0.014127  0.097522  0.006954  0.995523  0.093352  -0.014810  -0.092905  0.995269  0.028424  0.017393  -0.026921  0.999486  0.003418  0.002440  0.001435  0.000000  0.000000  0.000000  2.000000  
110.565750 0.014130  0.097525  0.006955  0.995482  0.093767  -0.014920  -0.093315  0.995227  0.028563  0.017527  -0.027042  0.999481  0.003407  0.002486  0.001444  0.000000  0.000000  0.000000  2.000000  
110.566999 0.014134  0.097528  0.006957  0.995461  0.093976  -0.015047  -0.093520  0.995207  0.028579  0.017661  -0.027042  0.999478  0.003358  0.002547  0.001483  0.000000  0.000000  0.000000  2.000000  
110.568000 0.014137  0.097531  0.006958  0.995420  0.094391  -0.015157  -0.093929  0.995165  0.028718  0.017794  -0.027163  0.999473  0.003318  0.002583  0.001535  0.000000  0.000000  0.000000  2.000000  
110.569000 0.014139  0.097533  0.006958  0.995398  0.094601  -0.015273  -0.094134  0.995141  0.028855  0.017928  -0.027284  0.999467  0.003212  0.002538  0.001438  0.000000  0.000000  0.000000  2.000000  
110.570261 0.014143  0.097535  0.006959  0.995376  0.094812  -0.015388  -0.094339  0.995118  0.028991  0.018062  -0.027405  0.999461  0.003090  0.002449  0.001360  0.000000  0.000000  0.000000  2.000000  
110.571500 0.014145  0.097538  0.006958  0.995335  0.095227  -0.015498  -0.094748  0.995075  0.029131  0.018196  -0.027526  0.999455  0.002940  0.002335  0.001182  0.000000  0.000000  0.000000  2.000000  
110.572746 0.014148  0.097540  0.006959  0.995313  0.095437  -0.015613  -0.094953  0.995051  0.029267  0.018329  -0.027648  0.999450  0.002779  0.002232  0.001111  0.063641  0.057838  0.173165  2.000000  
110.573749 0.014149  0.097541  0.006959  0.995271  0.095851  -0.015735  -0.095363  0.995012  0.029286  0.018463  -0.027647  0.999447  0.002668  0.002134  0.000996  0.064428  0.057941  0.188415  2.000000  
110.575002 0.014151  0.097541  0.006960  0.995249  0.096061  -0.015850  -0.095567  0.994988  0.029423  0.018597  -0.027769  0.999441  0.002490  0.001976  0.000917  0.067957  0.061915  0.186999  2.000000  
110.576247 0.014152  0.097542  0.006960  0.995205  0.096480  -0.016092  -0.095977  0.994944  0.029576  0.018864  -0.027890  0.999433  0.002315  0.001786  0.000775  0.068255  0.070471  0.201052  2.000000  
110.577252 0.014152  0.097542  0.006961  0.995183  0.096689  -0.016219  -0.096181  0.994924  0.029592  0.018998  -0.027890  0.999430  0.002153  0.001632  0.000689  0.068356  0.074709  0.207930  2.000000  
110.578267 0.014153  0.097542  0.006961  0.995140  0.097104  -0.016328  -0.096591  0.994880  0.029732  0.019132  -0.028011  0.999425  0.002033  0.001503  0.000594  0.069031  0.079577  0.216606  2.000000  
110.579501 0.014154  0.097542  0.006961  0.995118  0.097315  -0.016444  -0.096795  0.994856  0.029869  0.019266  -0.028132  0.999419  0.001817  0.001348  0.000503  0.073354  0.079479  0.223813  2.000000  
110.580502 0.014154  0.097542  0.006961  0.995073  0.097732  -0.016698  -0.097205  0.994815  0.029902  0.019533  -0.028132  0.999413  0.001622  0.001148  0.000375  0.073452  0.088222  0.230800  2.000000  
110.581752 0.014155  0.097542  0.006961  0.995027  0.098151  -0.016939  -0.097614  0.994770  0.030056  0.019801  -0.028253  0.999405  0.001420  0.000938  0.000310  0.073608  0.096995  0.237967  2.000000  
110.582998 0.014155  0.097542  0.006961  0.995002  0.098365  -0.017188  -0.097818  0.994746  0.030206  0.020068  -0.028374  0.999396  0.001234  0.000769  0.000218  0.073161  0.104900  0.243127  2.000000  
110.584001 0.014156  0.097542  0.006962  0.994959  0.098781  -0.017296  -0.098228  0.994701  0.030347  0.020202  -0.028495  0.999390  0.001061  0.000588  0.000259  0.077339  0.109144  0.250089  2.000000  
110.585254 0.014156  0.097541  0.006961  0.994913  0.099200  -0.017538  -0.098637  0.994656  0.030501  0.020470  -0.028616  0.999381  0.000890  0.000399  0.000181  0.078154  0.114316  0.259198  2.000000  
110.586499 0.014155  0.097540  0.006961  0.994867  0.099619  -0.017779  -0.099046  0.994611  0.030656  0.020737  -0.028737  0.999372  0.000684  0.000172  0.000162  0.078326  0.123095  0.266400  2.000000  
110.587746 0.014154  0.097538  0.006960  0.994820  0.100039  -0.018021  -0.099455  0.994565  0.030810  0.021005  -0.028858  0.999363  0.000465  -0.000092  0.000086  0.081912  0.126341  0.271210  2.000000  
110.588752 0.014154  0.097537  0.006960  0.994774  0.100456  -0.018274  -0.099864  0.994523  0.030844  0.021272  -0.028858  0.999357  0.000301  -0.000271  0.000046  0.078704  0.131680  0.280518  2.000000  
110.590000 0.014153  0.097535  0.006960  0.994727  0.100875  -0.018515  -0.100273  0.994477  0.030999  0.021540  -0.028979  0.999348  0.000127  -0.000442  0.000004  0.082267  0.139302  0.285315  2.000000  
110.591250 0.014151  0.097532  0.006960  0.994656  0.101503  -0.018883  -0.100886  0.994410  0.031172  0.021941  -0.029100  0.999336  -0.000064  -0.000685  -0.000049  0.082622  0.147820  0.299337  2.000000  
110.592251 0.014150  0.097529  0.006959  0.994608  0.101923  -0.019124  -0.101295  0.994363  0.031327  0.022209  -0.029221  0.999326  -0.000134  -0.000821  -0.000093  0.086727  0.156760  0.299671  2.000000  
110.593264 0.014150  0.097528  0.006959  0.994561  0.102342  -0.019364  -0.101704  0.994316  0.031483  0.022476  -0.029342  0.999317  -0.000199  -0.000905  -0.000095  0.090942  0.160962  0.306576  2.000000  
110.594514 0.014150  0.097526  0.006960  0.994510  0.102766  -0.019738  -0.102113  0.994269  0.031652  0.022878  -0.029463  0.999304  -0.000281  -0.001089  -0.000097  0.091862  0.170952  0.316115  2.000000  
110.595751 0.014149  0.097523  0.006961  0.994437  0.103394  -0.020105  -0.102726  0.994200  0.031826  0.023279  -0.029584  0.999291  -0.000375  -0.001255  -0.000064  0.092113  0.184294  0.323598  2.000000  
110.596754 0.014149  0.097522  0.006962  0.994367  0.104018  -0.020338  -0.103340  0.994132  0.031987  0.023546  -0.029705  0.999281  -0.000394  -0.001359  -0.000016  0.096525  0.188349  0.337516  2.000000  
110.598000 0.014150  0.097521  0.006963  0.994294  0.104647  -0.020705  -0.103953  0.994062  0.032162  0.023948  -0.029826  0.999268  -0.000420  -0.001487  0.000078  0.096789  0.197163  0.344817  2.000000  
110.599001 0.014150  0.097519  0.006964  0.994223  0.105271  -0.020938  -0.104566  0.993993  0.032323  0.024215  -0.029947  0.999258  -0.000408  -0.001558  0.000150  0.097138  0.201200  0.358764  2.000000  
110.600251 0.014150  0.097518  0.006966  0.994149  0.105900  -0.021304  -0.105179  0.993922  0.032499  0.024616  -0.030068  0.999245  -0.000383  -0.001588  0.000320  0.096741  0.208058  0.369869  2.000000  
110.601256 0.014150  0.097516  0.006967  0.994074  0.106528  -0.021670  -0.105792  0.993851  0.032675  0.025018  -0.030189  0.999231  -0.000318  -0.001621  0.000446  0.097753  0.218446  0.379988  2.000000  
110.602263 0.014151  0.097514  0.006969  0.994001  0.107153  -0.021903  -0.106405  0.993780  0.032837  0.025285  -0.030310  0.999221  -0.000254  -0.001649  0.000612  0.102182  0.222466  0.393868  2.000000  
110.603263 0.014151  0.097513  0.006971  0.993925  0.107781  -0.022268  -0.107018  0.993709  0.033014  0.025687  -0.030431  0.999207  -0.000183  -0.001657  0.000732  0.101754  0.233636  0.404885  2.000000  
110.604499 0.014151  0.097510  0.006973  0.993826  0.108614  -0.022627  -0.107835  0.993614  0.033197  0.026088  -0.030552  0.999193  -0.000108  -0.001685  0.000897  0.102193  0.237644  0.418754  2.000000  
110.605499 0.014152  0.097508  0.006975  0.993753  0.109239  -0.022859  -0.108448  0.993542  0.033360  0.026355  -0.030673  0.999182  0.000015  -0.001692  0.001020  0.103451  0.243688  0.436278  2.000000  
110.606501 0.014153  0.097506  0.006977  0.993656  0.110068  -0.023084  -0.109266  0.993447  0.033529  0.026623  -0.030794  0.999171  0.000153  -0.001642  0.001160  0.107919  0.247728  0.450211  2.000000  
110.607748 0.014154  0.097504  0.006979  0.993555  0.110901  -0.023441  -0.110083  0.993351  0.033712  0.027024  -0.030915  0.999157  0.000238  -0.001674  0.001285  0.107628  0.253958  0.467396  2.000000  
110.608749 0.014156  0.097502  0.006981  0.993453  0.111737  -0.023785  -0.110900  0.993249  0.034017  0.027425  -0.031157  0.999138  0.000388  -0.001651  0.001443  0.116325  0.262228  0.488299  2.000000  
110.610003 0.014158  0.097500  0.006984  0.993350  0.112570  -0.024142  -0.111717  0.993151  0.034202  0.027827  -0.031277  0.999123  0.000553  -0.001649  0.001591  0.116790  0.266175  0.502092  2.000000  
110.611251 0.014160  0.097498  0.006987  0.993224  0.113611  -0.024477  -0.112738  0.993025  0.034513  0.028228  -0.031519  0.999104  0.000685  -0.001681  0.001727  0.121491  0.269924  0.522839  2.000000  
110.612254 0.014161  0.097496  0.006989  0.993096  0.114649  -0.024826  -0.113759  0.992902  0.034704  0.028629  -0.031640  0.999089  0.000753  -0.001754  0.001819  0.123170  0.275957  0.548056  2.000000  
110.613268 0.014162  0.097494  0.006991  0.992990  0.115482  -0.025182  -0.114575  0.992802  0.034891  0.029030  -0.031761  0.999074  0.000855  -0.001771  0.001872  0.127861  0.284201  0.568906  2.000000  
110.614501 0.014164  0.097491  0.006994  0.992860  0.116523  -0.025516  -0.115596  0.992672  0.035204  0.029431  -0.032003  0.999054  0.000930  -0.001870  0.001964  0.132691  0.288074  0.590051  2.000000  
110.615751 0.014165  0.097487  0.006998  0.992705  0.117768  -0.025843  -0.116821  0.992517  0.035523  0.029833  -0.032245  0.999035  0.001006  -0.001986  0.002046  0.137663  0.291627  0.617909  2.000000  
110.616751 0.014166  0.097485  0.007000  0.992572  0.118806  -0.026190  -0.117841  0.992390  0.035717  0.030234  -0.032366  0.999019  0.001080  -0.002066  0.002144  0.137602  0.293130  0.641206  2.000000  
110.617751 0.014167  0.097481  0.007003  0.992438  0.119843  -0.026537  -0.118861  0.992261  0.035912  0.030635  -0.032487  0.999003  0.001107  -0.002144  0.002183  0.139324  0.298981  0.666647  2.000000  
110.619001 0.014168  0.097477  0.007006  0.992274  0.121092  -0.026994  -0.120085  0.992102  0.036250  0.031170  -0.032728  0.998978  0.001110  -0.002251  0.002289  0.144225  0.307240  0.687786  2.000000  
110.620251 0.014169  0.097473  0.007010  0.992113  0.122334  -0.027332  -0.121309  0.991945  0.036452  0.031571  -0.032849  0.998962  0.001130  -0.002349  0.002374  0.148016  0.308234  0.709603  2.000000  
110.621257 0.014169  0.097470  0.007012  0.991974  0.123375  -0.027663  -0.122329  0.991808  0.036770  0.031972  -0.033091  0.998941  0.001082  -0.002473  0.002411  0.154073  0.314422  0.736217  2.000000  
110.622502 0.014170  0.097466  0.007016  0.991780  0.124829  -0.028110  -0.123756  0.991618  0.037117  0.032507  -0.033333  0.998916  0.001057  -0.002599  0.002505  0.159300  0.318023  0.764309  2.000000  
110.623502 0.014170  0.097461  0.007018  0.991639  0.125866  -0.028454  -0.124775  0.991483  0.037316  0.032909  -0.033454  0.998898  0.000978  -0.002769  0.002505  0.160102  0.321718  0.785091  2.000000  
110.624749 0.014171  0.097457  0.007022  0.991441  0.127319  -0.028900  -0.126202  0.991289  0.037665  0.033443  -0.033695  0.998872  0.000877  -0.002957  0.002586  0.164149  0.326855  0.813479  2.000000  
110.626001 0.014170  0.097451  0.007024  0.991240  0.128773  -0.029344  -0.127628  0.991093  0.038015  0.033978  -0.033937  0.998846  0.000739  -0.003191  0.002537  0.169326  0.330238  0.840962  2.000000  
110.627250 0.014171  0.097445  0.007027  0.991037  0.130230  -0.029772  -0.129054  0.990890  0.038487  0.034513  -0.034300  0.998815  0.000660  -0.003377  0.002566  0.180158  0.331920  0.875750  2.000000  
110.628257 0.014170  0.097440  0.007029  0.990890  0.131267  -0.030114  -0.130073  0.990749  0.038690  0.034914  -0.034421  0.998797  0.000517  -0.003631  0.002565  0.180812  0.335785  0.889544  2.000000  
110.629501 0.014170  0.097432  0.007032  0.990655  0.132928  -0.030532  -0.131702  0.990515  0.039170  0.035449  -0.034783  0.998766  0.000389  -0.003885  0.002529  0.190231  0.339214  0.917537  2.000000  
110.630501 0.014169  0.097426  0.007034  0.990473  0.134174  -0.030997  -0.132923  0.990343  0.039399  0.035984  -0.034904  0.998743  0.000255  -0.004139  0.002464  0.189860  0.344335  0.937732  2.000000  
110.631751 0.014168  0.097418  0.007037  0.990233  0.135834  -0.031412  -0.134551  0.990104  0.039883  0.036519  -0.035267  0.998710  0.000105  -0.004459  0.002419  0.200940  0.346051  0.973217  2.000000  
110.633001 0.014167  0.097410  0.007040  0.989991  0.137491  -0.031843  -0.136179  0.989866  0.040247  0.037054  -0.035508  0.998682  0.000016  -0.004681  0.002439  0.202356  0.349566  1.001573  2.000000  
110.634001 0.014167  0.097404  0.007042  0.989779  0.138940  -0.032148  -0.137604  0.989655  0.040588  0.037455  -0.035750  0.998659  -0.000070  -0.004946  0.002377  0.211630  0.352870  1.028971  2.000000  
110.635251 0.014167  0.097396  0.007046  0.989531  0.140596  -0.032576  -0.139231  0.989413  0.040956  0.037990  -0.035991  0.998630  -0.000152  -0.005228  0.002393  0.211385  0.357474  1.055108  2.000000  
110.636260 0.014166  0.097388  0.007048  0.989309  0.142049  -0.033012  -0.140654  0.989196  0.041318  0.038524  -0.036233  0.998601  -0.000197  -0.005451  0.002384  0.218102  0.364182  1.077610  2.000000  
110.637498 0.014166  0.097379  0.007051  0.989055  0.143705  -0.033438  -0.142280  0.988948  0.041688  0.039059  -0.036474  0.998571  -0.000278  -0.005750  0.002377  0.222028  0.364374  1.103463  2.000000  
110.638499 0.014165  0.097372  0.007054  0.988834  0.145153  -0.033739  -0.143703  0.988728  0.042034  0.039460  -0.036716  0.998546  -0.000346  -0.005943  0.002390  0.227140  0.367961  1.124323  2.000000  
110.639499 0.014165  0.097365  0.007057  0.988634  0.146402  -0.034181  -0.144921  0.988535  0.042393  0.039995  -0.036958  0.998516  -0.000382  -0.006191  0.002397  0.230076  0.370240  1.147463  2.000000  
110.640749 0.014164  0.097355  0.007060  0.988343  0.148265  -0.034577  -0.146750  0.988243  0.042894  0.040530  -0.037320  0.998481  -0.000459  -0.006493  0.002451  0.237898  0.374652  1.172680  2.000000  
110.641752 0.014163  0.097347  0.007063  0.988114  0.149713  -0.034875  -0.148172  0.988016  0.043243  0.040931  -0.037562  0.998456  -0.000514  -0.006714  0.002452  0.238834  0.373884  1.186436  2.000000  
110.643000 0.014162  0.097335  0.007066  0.987816  0.151576  -0.035268  -0.149999  0.987718  0.043747  0.041466  -0.037924  0.998420  -0.000532  -0.007013  0.002484  0.250504  0.376230  1.217919  2.000000  
110.644254 0.014161  0.097324  0.007070  0.987515  0.153434  -0.035678  -0.151825  0.987422  0.044133  0.042000  -0.038166  0.998388  -0.000575  -0.007282  0.002536  0.249988  0.380317  1.241802  2.000000  
110.645257 0.014160  0.097315  0.007072  0.987278  0.154885  -0.035954  -0.153246  0.987181  0.044605  0.042401  -0.038528  0.998357  -0.000635  -0.007502  0.002562  0.260913  0.382853  1.258857  2.000000  
110.646258 0.014159  0.097306  0.007074  0.987039  0.156332  -0.036247  -0.154666  0.986943  0.044959  0.042802  -0.038770  0.998331  -0.000642  -0.007714  0.002574  0.262161  0.381798  1.279626  2.000000  
110.647500 0.014157  0.097294  0.007077  0.986728  0.158194  -0.036634  -0.156491  0.986632  0.045468  0.043337  -0.039132  0.998294  -0.000686  -0.007943  0.002587  0.269736  0.381887  1.296966  2.000000  
110.648501 0.014156  0.097284  0.007080  0.986446  0.159853  -0.037029  -0.158112  0.986350  0.045972  0.043872  -0.039494  0.998256  -0.000731  -0.008167  0.002580  0.279196  0.385294  1.317784  2.000000  
110.649501 0.014156  0.097275  0.007082  0.986167  0.161502  -0.037309  -0.159733  0.986072  0.046336  0.044273  -0.039736  0.998229  -0.000770  -0.008426  0.002569  0.282644  0.383163  1.342412  2.000000  
110.650752 0.014154  0.097263  0.007085  0.985846  0.163363  -0.037691  -0.161557  0.985751  0.046851  0.044808  -0.040098  0.998191  -0.000809  -0.008633  0.002517  0.287935  0.382213  1.356193  2.000000  
110.652000 0.014153  0.097250  0.007088  0.985521  0.165229  -0.038051  -0.163379  0.985420  0.047486  0.045342  -0.040582  0.998147  -0.000842  -0.008870  0.002543  0.301612  0.385549  1.377252  2.000000  
110.653263 0.014152  0.097238  0.007091  0.985158  0.167293  -0.038419  -0.165403  0.985057  0.048011  0.045877  -0.040944  0.998108  -0.000891  -0.009108  0.002516  0.304890  0.385404  1.393617  2.000000  
110.654499 0.014150  0.097225  0.007095  0.984757  0.169559  -0.038775  -0.167630  0.984654  0.048546  0.046411  -0.041306  0.998068  -0.000977  -0.009345  0.002540  0.310765  0.383953  1.421123  2.000000  
110.655753 0.014149  0.097212  0.007098  0.984385  0.171622  -0.039139  -0.169653  0.984281  0.049074  0.046946  -0.041668  0.998028  -0.000984  -0.009583  0.002510  0.318842  0.381699  1.446686  2.000000  
110.656844 0.014148  0.097201  0.007101  0.984050  0.173476  -0.039380  -0.171473  0.983941  0.049574  0.047347  -0.042030  0.997994  -0.001010  -0.009652  0.002482  0.323605  0.379013  1.469794  2.000000  
110.657999 0.014146  0.097188  0.007104  0.983635  0.175740  -0.039729  -0.173697  0.983523  0.050113  0.047882  -0.042393  0.997953  -0.001088  -0.009852  0.002518  0.328100  0.379782  1.496856  2.000000  
110.659002 0.014145  0.097177  0.007106  0.983328  0.177391  -0.039976  -0.175313  0.983211  0.050607  0.048283  -0.042755  0.997918  -0.001085  -0.010005  0.002483  0.335925  0.377758  1.516268  2.000000  
110.660252 0.014143  0.097163  0.007110  0.982909  0.179649  -0.040191  -0.177536  0.982785  0.051126  0.048683  -0.043117  0.997883  -0.001101  -0.010136  0.002507  0.339352  0.368398  1.537974  2.000000  
110.661256 0.014142  0.097152  0.007112  0.982559  0.181501  -0.040424  -0.179353  0.982429  0.051630  0.049084  -0.043479  0.997848  -0.001134  -0.010275  0.002499  0.347159  0.366115  1.557103  2.000000  
110.662259 0.014141  0.097141  0.007114  0.982206  0.183353  -0.040655  -0.181170  0.982069  0.052135  0.049485  -0.043842  0.997812  -0.001110  -0.010368  0.002472  0.352719  0.364790  1.577781  2.000000  
110.663269 0.014140  0.097130  0.007116  0.981849  0.185205  -0.040885  -0.182986  0.981705  0.052641  0.049886  -0.044204  0.997776  -0.001136  -0.010484  0.002416  0.358018  0.359156  1.591001  2.000000  
110.664501 0.014139  0.097116  0.007118  0.981374  0.187672  -0.041034  -0.185407  0.981209  0.053411  0.050287  -0.044808  0.997729  -0.001131  -0.010603  0.002367  0.372082  0.353334  1.612480  2.000000  
110.665501 0.014138  0.097105  0.007120  0.981009  0.189522  -0.041260  -0.187221  0.980837  0.053919  0.050688  -0.045170  0.997693  -0.001128  -0.010692  0.002337  0.377705  0.351986  1.633214  2.000000  
110.666504 0.014137  0.097094  0.007122  0.980641  0.191372  -0.041483  -0.189035  0.980461  0.054428  0.051089  -0.045532  0.997656  -0.001113  -0.010771  0.002296  0.383822  0.351631  1.650422  2.000000  
110.667749 0.014137  0.097080  0.007124  0.980150  0.193832  -0.041648  -0.191453  0.979955  0.055082  0.051490  -0.046015  0.997613  -0.001024  -0.010874  0.002205  0.393404  0.340260  1.674762  2.000000  
110.668750 0.014137  0.097069  0.007126  0.979780  0.195680  -0.041713  -0.193266  0.979565  0.055686  0.051757  -0.046499  0.997577  -0.000982  -0.010955  0.002212  0.402660  0.334510  1.688131  2.000000  
110.669997 0.014136  0.097055  0.007128  0.979313  0.197942  -0.042014  -0.195479  0.979087  0.056360  0.052291  -0.046982  0.997526  -0.000897  -0.010979  0.002134  0.409512  0.334479  1.702065  2.000000  
110.671002 0.014137  0.097044  0.007130  0.978895  0.199985  -0.042087  -0.197492  0.978654  0.056856  0.052559  -0.047344  0.997495  -0.000761  -0.011042  0.002052  0.415405  0.324348  1.723201  2.000000  
110.672251 0.014137  0.097030  0.007132  0.978383  0.202441  -0.042240  -0.199905  0.978126  0.057514  0.052959  -0.047827  0.997451  -0.000637  -0.011043  0.002028  0.421422  0.317895  1.750030  2.000000  
110.673265 0.014138  0.097019  0.007134  0.977907  0.204695  -0.042403  -0.202116  0.977633  0.058165  0.053360  -0.048310  0.997406  -0.000526  -0.011076  0.001946  0.429903  0.314815  1.770367  2.000000  
110.674499 0.014138  0.097005  0.007136  0.977341  0.207356  -0.042513  -0.204728  0.977042  0.058953  0.053761  -0.048914  0.997355  -0.000356  -0.011101  0.001915  0.441395  0.309848  1.797943  2.000000  
110.675747 0.014140  0.096991  0.007139  0.976769  0.210015  -0.042619  -0.207338  0.976443  0.059742  0.054162  -0.049517  0.997304  -0.000173  -0.011085  0.001852  0.451551  0.303247  1.824884  2.000000  
110.676749 0.014141  0.096981  0.007141  0.976319  0.212065  -0.042785  -0.209344  0.975976  0.060387  0.054563  -0.050000  0.997258  -0.000037  -0.011052  0.001885  0.461410  0.301696  1.845682  2.000000  
110.677750 0.014142  0.096970  0.007142  0.975820  0.214315  -0.042935  -0.211550  0.975459  0.061042  0.054964  -0.050483  0.997211  0.000131  -0.011027  0.001853  0.470800  0.298259  1.874450  2.000000  
110.678755 0.014143  0.096960  0.007145  0.975368  0.216357  -0.042965  -0.213555  0.974983  0.061660  0.055231  -0.050966  0.997172  0.000294  -0.010962  0.001854  0.476141  0.292319  1.887986  2.000000  
110.680009 0.014146  0.096946  0.007147  0.974720  0.219214  -0.043202  -0.216359  0.974319  0.062372  0.055765  -0.051448  0.997118  0.000504  -0.010935  0.001859  0.483218  0.285526  1.922919  2.000000  
110.681257 0.014148  0.096933  0.007149  0.974115  0.221867  -0.043291  -0.218962  0.973687  0.063166  0.056166  -0.052052  0.997064  0.000687  -0.010923  0.001852  0.493496  0.278726  1.949756  2.000000  
110.682263 0.014149  0.096922  0.007151  0.973602  0.224106  -0.043299  -0.221164  0.973148  0.063795  0.056433  -0.052535  0.997023  0.000813  -0.010872  0.001860  0.499134  0.272363  1.969782  2.000000  
110.683266 0.014151  0.096912  0.007153  0.973084  0.226344  -0.043305  -0.223365  0.972603  0.064424  0.056700  -0.053018  0.996983  0.000958  -0.010817  0.001847  0.509164  0.266267  1.990979  2.000000  
110.684501 0.014153  0.096899  0.007155  0.972461  0.228999  -0.043355  -0.225963  0.971942  0.065338  0.057101  -0.053742  0.996921  0.001135  -0.010741  0.001860  0.523145  0.260090  2.005105  2.000000  
110.685501 0.014155  0.096889  0.007158  0.971924  0.231241  -0.043484  -0.228160  0.971384  0.065999  0.057502  -0.054224  0.996872  0.001265  -0.010681  0.001881  0.529093  0.258239  2.025849  2.000000  
110.686837 0.014158  0.096877  0.007160  0.971240  0.234093  -0.043513  -0.230955  0.970660  0.066923  0.057902  -0.054949  0.996809  0.001402  -0.010526  0.001947  0.539509  0.253370  2.043659  2.000000  
110.688004 0.014160  0.096864  0.007163  0.970500  0.237137  -0.043551  -0.233947  0.969887  0.067739  0.058303  -0.055552  0.996752  0.001541  -0.010536  0.001981  0.549728  0.244616  2.073447  2.000000  
110.689247 0.014163  0.096852  0.007166  0.969750  0.240179  -0.043585  -0.236938  0.969103  0.068556  0.058704  -0.056155  0.996695  0.001663  -0.010402  0.002053  0.560368  0.242318  2.101816  2.000000  
110.690270 0.014165  0.096842  0.007169  0.969146  0.242613  -0.043527  -0.239329  0.968461  0.069315  0.058971  -0.056759  0.996645  0.001754  -0.010270  0.002101  0.569790  0.235543  2.120347  2.000000  
110.691499 0.014168  0.096830  0.007172  0.968379  0.245657  -0.043522  -0.242315  0.967651  0.070250  0.059372  -0.057483  0.996580  0.001832  -0.010228  0.002120  0.581425  0.230333  2.153704  2.000000  
110.692499 0.014170  0.096820  0.007175  0.967813  0.247884  -0.043501  -0.244503  0.967054  0.070883  0.059639  -0.057965  0.996536  0.001916  -0.010165  0.002214  0.586965  0.224276  2.167346  2.000000  
110.693501 0.014172  0.096811  0.007178  0.967132  0.250520  -0.043547  -0.247087  0.966338  0.071684  0.060039  -0.058568  0.996476  0.001947  -0.010058  0.002279  0.596758  0.222056  2.186886  2.000000  
110.694521 0.014175  0.096802  0.007182  0.966503  0.252943  -0.043505  -0.249471  0.965677  0.072327  0.060307  -0.059051  0.996432  0.002037  -0.009948  0.002377  0.602285  0.217786  2.209789  2.000000  
110.695751 0.014177  0.096790  0.007186  0.965756  0.255774  -0.043528  -0.252250  0.964894  0.073138  0.060707  -0.059654  0.996371  0.002043  -0.009858  0.002515  0.604643  0.213171  2.227683  2.000000  
110.696755 0.014180  0.096781  0.007189  0.965106  0.258202  -0.043609  -0.254628  0.964218  0.073815  0.061108  -0.060136  0.996318  0.002116  -0.009752  0.002620  0.610438  0.213811  2.245787  2.000000  
110.698005 0.014182  0.096770  0.007193  0.964345  0.261035  -0.043593  -0.257403  0.963409  0.074745  0.061509  -0.060859  0.996249  0.002112  -0.009632  0.002744  0.620800  0.211388  2.267094  2.000000  
110.699255 0.014185  0.096758  0.007198  0.963575  0.263866  -0.043571  -0.260175  0.962592  0.075675  0.061909  -0.061583  0.996180  0.002122  -0.009543  0.002889  0.630904  0.208845  2.287392  2.000000  
110.700501 0.014187  0.096747  0.007203  0.962681  0.267104  -0.043609  -0.263338  0.961644  0.076775  0.062443  -0.062426  0.996094  0.002114  -0.009469  0.003029  0.645947  0.205807  2.315106  2.000000  
110.701501 0.014189  0.096738  0.007206  0.961948  0.269722  -0.043658  -0.265907  0.960881  0.077465  0.062844  -0.062908  0.996039  0.002137  -0.009454  0.003133  0.647900  0.208020  2.336054  2.000000  
