1-Time 2-Px 3-Py 4-Pz 5-R11 6-R21 7-R31 8-R12 9-R22 10-R32 11-R13 12-R23 13-R33 14-Vx 15-Vy 16-Vz 17-Wx 18-Wy 19-Wz 20-state 21-PR11 22-PR21 23-PR31 24-PR12 25-PR22 26-PR32 27-PR13 28-PR23 29-PR33 
22.140105 0.003481  0.093035  0.001990  0.987408  0.092364  0.128433  -0.131063  0.022973  0.991108  0.088592  -0.995460  0.034789  -0.000580  -0.000010  0.000701  0.113558  0.222417  0.406600  2.000000  
22.141109 0.003480  0.093035  0.001991  0.987399  0.092740  0.128226  -0.130855  0.022819  0.991139  0.088992  -0.995429  0.034667  -0.000610  -0.000037  0.000680  0.113224  0.221730  0.401286  2.000000  
22.142358 0.003479  0.093033  0.001991  0.987376  0.092988  0.128229  -0.130852  0.022664  0.991143  0.089259  -0.995409  0.034546  -0.000657  -0.000139  0.000661  0.109628  0.214266  0.388099  2.000000  
22.143358 0.003478  0.093031  0.001991  0.987349  0.092977  0.128444  -0.131055  0.022525  0.991119  0.089259  -0.995413  0.034425  -0.000682  -0.000268  0.000622  0.110741  0.199938  0.375134  2.000000  
22.144359 0.003477  0.093030  0.001992  0.987349  0.092962  0.128455  -0.131055  0.022404  0.991122  0.089259  -0.995418  0.034304  -0.000707  -0.000396  0.000583  0.111287  0.192515  0.361939  2.000000  
22.145608 0.003476  0.093027  0.001992  0.987337  0.093063  0.128473  -0.131054  0.022146  0.991128  0.089392  -0.995414  0.034062  -0.000704  -0.000576  0.000535  0.115873  0.184904  0.344250  2.000000  
22.146862 0.003475  0.093023  0.001992  0.987325  0.093179  0.128480  -0.131052  0.022009  0.991131  0.089525  -0.995406  0.033941  -0.000723  -0.000805  0.000477  0.112311  0.177441  0.331012  2.000000  
22.148107 0.003474  0.093020  0.001992  0.987289  0.093560  0.128478  -0.131048  0.021836  0.991136  0.089925  -0.995374  0.033819  -0.000757  -0.001030  0.000451  0.112840  0.170374  0.326843  2.000000  
22.149110 0.003473  0.093017  0.001992  0.987277  0.093660  0.128496  -0.131046  0.021578  0.991141  0.090058  -0.995370  0.033577  -0.000798  -0.001233  0.000414  0.113350  0.162881  0.313572  2.000000  
22.150356 0.003471  0.093013  0.001992  0.987238  0.093781  0.128707  -0.131248  0.021421  0.991118  0.090191  -0.995362  0.033456  -0.000863  -0.001486  0.000368  0.115096  0.141722  0.300897  2.000000  
22.151357 0.003470  0.093010  0.001992  0.987211  0.093754  0.128934  -0.131451  0.021161  0.991097  0.090191  -0.995370  0.033215  -0.000927  -0.001698  0.000267  0.120341  0.127421  0.287948  2.000000  
22.152604 0.003468  0.093006  0.001991  0.987196  0.093611  0.129154  -0.131656  0.021039  0.991072  0.090058  -0.995387  0.033094  -0.000991  -0.001951  0.000165  0.117467  0.112833  0.266065  2.000000  
22.153608 0.003466  0.093002  0.001991  0.987154  0.093456  0.129589  -0.132064  0.020778  0.991023  0.089925  -0.995407  0.032853  -0.001065  -0.002218  0.000079  0.123284  0.091456  0.248755  2.000000  
22.154859 0.003464  0.092998  0.001992  0.987139  0.093313  0.129808  -0.132269  0.020656  0.990999  0.089792  -0.995423  0.032733  -0.001103  -0.002495  0.000096  0.124457  0.076862  0.226767  2.000000  
22.155859 0.003462  0.092993  0.001993  0.987123  0.093169  0.130028  -0.132473  0.020534  0.990974  0.089658  -0.995439  0.032612  -0.001189  -0.002761  0.000123  0.125639  0.062431  0.209270  2.000000  
22.156861 0.003460  0.092990  0.001993  0.987135  0.093022  0.130044  -0.132475  0.020432  0.990976  0.089525  -0.995454  0.032492  -0.001284  -0.002976  0.000139  0.126234  0.055051  0.196036  2.000000  
22.157864 0.003458  0.092986  0.001994  0.987120  0.092878  0.130263  -0.132680  0.020310  0.990951  0.089392  -0.995470  0.032372  -0.001382  -0.003119  0.000173  0.000000  0.000000  0.000000  2.000000  
22.158866 0.003455  0.092982  0.001995  0.987116  0.092602  0.130487  -0.132886  0.020207  0.990925  0.089125  -0.995498  0.032252  -0.001464  -0.003231  0.000260  0.000000  0.000000  0.000000  2.000000  
22.160112 0.003452  0.092977  0.001994  0.987112  0.092327  0.130711  -0.133093  0.020103  0.990900  0.088859  -0.995526  0.032132  -0.001653  -0.003418  0.000178  0.000000  0.000000  0.000000  2.000000  
22.161358 0.003449  0.092971  0.001993  0.987097  0.092183  0.130930  -0.133297  0.019982  0.990875  0.088725  -0.995542  0.032011  -0.001799  -0.003549  0.000064  0.000000  0.000000  0.000000  2.000000  
22.162359 0.003446  0.092967  0.001991  0.987093  0.091891  0.131165  -0.133504  0.019758  0.990851  0.088459  -0.995573  0.031771  -0.001957  -0.003654  -0.000084  0.000000  0.000000  0.000000  2.000000  
22.163608 0.003443  0.092963  0.001988  0.987104  0.091743  0.131180  -0.133505  0.019656  0.990853  0.088326  -0.995589  0.031650  -0.002057  -0.003708  -0.000295  0.000000  0.000000  0.000000  2.000000  
22.164854 0.003440  0.092959  0.001984  0.987088  0.091583  0.131411  -0.133710  0.019414  0.990830  0.088192  -0.995608  0.031409  -0.002122  -0.003703  -0.000498  0.000000  0.000000  0.000000  2.000000  
22.165864 0.003438  0.092957  0.001982  0.987100  0.091435  0.131426  -0.133712  0.019312  0.990832  0.088059  -0.995624  0.031289  -0.002124  -0.003655  -0.000687  0.000000  0.000000  0.000000  2.000000  
22.167104 0.003436  0.092953  0.001978  0.987123  0.091156  0.131445  -0.133715  0.019227  0.990833  0.087793  -0.995651  0.031169  -0.002169  -0.003631  -0.000865  0.000000  0.000000  0.000000  2.000000  
22.168105 0.003433  0.092950  0.001975  0.987135  0.090992  0.131472  -0.133717  0.019005  0.990837  0.087659  -0.995670  0.030928  -0.002245  -0.003634  -0.001063  0.000000  0.000000  0.000000  2.000000  
22.169105 0.003431  0.092947  0.001973  0.987131  0.090716  0.131695  -0.133923  0.018902  0.990811  0.087393  -0.995697  0.030807  -0.002312  -0.003584  -0.001222  0.000000  0.000000  0.000000  2.000000  
22.170352 0.003427  0.092943  0.001970  0.987142  0.090552  0.131721  -0.133924  0.018679  0.990815  0.087259  -0.995717  0.030566  -0.002415  -0.003497  -0.001465  0.000000  0.000000  0.000000  2.000000  
22.171355 0.003424  0.092940  0.001967  0.987154  0.090404  0.131736  -0.133926  0.018577  0.990817  0.087126  -0.995732  0.030446  -0.002492  -0.003461  -0.001717  0.000000  0.000000  0.000000  2.000000  
22.172361 0.003421  0.092936  0.001964  0.987181  0.090384  0.131543  -0.133723  0.018476  0.990847  0.087126  -0.995736  0.030325  -0.002572  -0.003434  -0.002023  0.000000  0.000000  0.000000  2.000000  
22.173605 0.003417  0.092933  0.001960  0.987181  0.090352  0.131565  -0.133723  0.018235  0.990851  0.087126  -0.995743  0.030084  -0.002598  -0.003320  -0.002283  0.000000  0.000000  0.000000  2.000000  
22.174606 0.003415  0.092931  0.001957  0.987209  0.090332  0.131372  -0.133520  0.018134  0.990880  0.087126  -0.995747  0.029963  -0.002584  -0.003200  -0.002474  0.000000  0.000000  0.000000  2.000000  
22.175609 0.003412  0.092928  0.001954  0.987236  0.090313  0.131179  -0.133316  0.018032  0.990909  0.087126  -0.995750  0.029842  -0.002599  -0.003061  -0.002713  0.000000  0.000000  0.000000  2.000000  
22.176854 0.003409  0.092927  0.001949  0.987275  0.090161  0.130990  -0.133115  0.017948  0.990938  0.086993  -0.995765  0.029722  -0.002534  -0.002826  -0.002869  0.000000  0.000000  0.000000  2.000000  
22.177856 0.003407  0.092925  0.001946  0.987287  0.090013  0.131004  -0.133116  0.017846  0.990940  0.086860  -0.995781  0.029601  -0.002478  -0.002633  -0.002945  0.000000  0.000000  0.000000  2.000000  
22.178859 0.003405  0.092925  0.001942  0.987314  0.089993  0.130811  -0.132913  0.017744  0.990969  0.086860  -0.995784  0.029480  -0.002456  -0.002500  -0.003042  0.000000  0.000000  0.000000  2.000000  
22.180105 0.003403  0.092924  0.001938  0.987353  0.089826  0.130633  -0.132711  0.017540  0.991000  0.086726  -0.995803  0.029239  -0.002462  -0.002316  -0.003067  0.000000  0.000000  0.000000  2.000000  
22.181109 0.003402  0.092924  0.001935  0.987380  0.089807  0.130440  -0.132508  0.017438  0.991029  0.086726  -0.995807  0.029118  -0.002420  -0.002113  -0.003029  0.000000  0.000000  0.000000  2.000000  
22.182185 0.003400  0.092924  0.001933  0.987396  0.089919  0.130243  -0.132303  0.017319  0.991058  0.086860  -0.995798  0.028997  -0.002367  -0.001901  -0.002976  0.000000  0.000000  0.000000  2.000000  
22.183362 0.003397  0.092923  0.001929  0.987439  0.090013  0.129853  -0.131895  0.017098  0.991116  0.086993  -0.995794  0.028755  -0.002354  -0.001698  -0.003061  0.000000  0.000000  0.000000  2.000000  
22.184605 0.003394  0.092921  0.001925  0.987455  0.090125  0.129656  -0.131690  0.016978  0.991146  0.087126  -0.995786  0.028634  -0.002316  -0.001588  -0.003117  0.000000  0.000000  0.000000  2.000000  
22.185606 0.003393  0.092920  0.001921  0.987470  0.090238  0.129459  -0.131485  0.016859  0.991175  0.087259  -0.995777  0.028513  -0.002214  -0.001448  -0.003217  0.000000  0.000000  0.000000  2.000000  
22.186859 0.003390  0.092917  0.001915  0.987524  0.090216  0.129062  -0.131079  0.016776  0.991230  0.087259  -0.995781  0.028392  -0.002125  -0.001393  -0.003373  0.000000  0.000000  0.000000  2.000000  
22.188109 0.003388  0.092915  0.001910  0.987551  0.090181  0.128880  -0.130875  0.016554  0.991261  0.087259  -0.995788  0.028151  -0.001991  -0.001280  -0.003458  0.000000  0.000000  0.000000  2.000000  
22.189112 0.003387  0.092913  0.001906  0.987578  0.090162  0.128687  -0.130672  0.016453  0.991289  0.087259  -0.995791  0.028030  -0.001895  -0.001214  -0.003523  0.000000  0.000000  0.000000  2.000000  
22.190112 0.003386  0.092912  0.001902  0.987620  0.090272  0.128286  -0.130264  0.016352  0.991344  0.087393  -0.995783  0.027909  -0.001820  -0.001162  -0.003512  0.000000  0.000000  0.000000  2.000000  
22.191113 0.003386  0.092911  0.001900  0.987635  0.090385  0.128089  -0.130059  0.016233  0.991373  0.087526  -0.995775  0.027788  -0.001677  -0.001078  -0.003448  0.000000  0.000000  0.000000  2.000000  
22.192358 0.003386  0.092911  0.001898  0.987677  0.090495  0.127688  -0.129651  0.016133  0.991428  0.087659  -0.995766  0.027667  -0.001496  -0.000954  -0.003271  0.000000  0.000000  0.000000  2.000000  
22.193607 0.003385  0.092911  0.001896  0.987707  0.090722  0.127294  -0.129241  0.015895  0.991486  0.087926  -0.995749  0.027424  -0.001391  -0.000951  -0.003143  0.000000  0.000000  0.000000  2.000000  
22.194857 0.003384  0.092910  0.001894  0.987722  0.090835  0.127098  -0.129036  0.015776  0.991514  0.088059  -0.995741  0.027303  -0.001271  -0.000967  -0.003025  0.000000  0.000000  0.000000  2.000000  
22.195861 0.003384  0.092908  0.001891  0.987764  0.090945  0.126697  -0.128628  0.015676  0.991569  0.088192  -0.995733  0.027182  -0.001209  -0.001046  -0.002962  0.000000  0.000000  0.000000  2.000000  
22.197111 0.003383  0.092906  0.001889  0.987778  0.091059  0.126500  -0.128423  0.015557  0.991597  0.088326  -0.995724  0.027061  -0.001158  -0.001191  -0.002939  0.118672  0.179622  0.012751  2.000000  
22.198354 0.003381  0.092903  0.001886  0.987819  0.091154  0.126110  -0.128015  0.015337  0.991654  0.088459  -0.995719  0.026819  -0.001074  -0.001317  -0.002828  0.120976  0.200747  0.025676  2.000000  
22.199361 0.003380  0.092901  0.001884  0.987860  0.091264  0.125709  -0.127607  0.015237  0.991708  0.088592  -0.995710  0.026698  -0.000986  -0.001343  -0.002734  0.115653  0.214732  0.034299  2.000000  
22.200608 0.003378  0.092898  0.001882  0.987863  0.091510  0.125509  -0.127400  0.015101  0.991736  0.088859  -0.995690  0.026577  -0.000934  -0.001391  -0.002545  0.115093  0.222228  0.052130  2.000000  
22.201857 0.003376  0.092896  0.001880  0.987904  0.091621  0.125109  -0.126992  0.015002  0.991790  0.088992  -0.995681  0.026456  -0.000923  -0.001391  -0.002324  0.108841  0.234109  0.055792  2.000000  
22.202859 0.003375  0.092894  0.001880  0.987944  0.091732  0.124708  -0.126584  0.014902  0.991844  0.089125  -0.995672  0.026334  -0.000905  -0.001399  -0.002067  0.109112  0.243046  0.060580  2.000000  
22.204120 0.003374  0.092892  0.001879  0.987946  0.091978  0.124508  -0.126377  0.014767  0.991872  0.089392  -0.995652  0.026213  -0.000901  -0.001410  -0.001791  0.109052  0.243227  0.069581  2.000000  
22.205354 0.003372  0.092890  0.001878  0.987986  0.092074  0.124118  -0.125969  0.014547  0.991927  0.089525  -0.995646  0.025971  -0.000921  -0.001439  -0.001605  0.111619  0.248266  0.073347  2.000000  
22.206363 0.003371  0.092890  0.001877  0.988014  0.092317  0.123714  -0.125559  0.014431  0.991981  0.089792  -0.995625  0.025850  -0.000948  -0.001464  -0.001462  0.107200  0.264401  0.087081  2.000000  
22.207612 0.003370  0.092888  0.001876  0.988054  0.092429  0.123313  -0.125151  0.014332  0.992034  0.089925  -0.995616  0.025729  -0.001010  -0.001604  -0.001396  0.106593  0.271539  0.095915  2.000000  
22.208861 0.003369  0.092886  0.001875  0.988082  0.092672  0.122909  -0.124741  0.014217  0.992087  0.090191  -0.995595  0.025607  -0.001023  -0.001647  -0.001341  0.105968  0.278801  0.109247  2.000000  
22.209870 0.003368  0.092884  0.001874  0.988095  0.092786  0.122713  -0.124536  0.014099  0.992115  0.090325  -0.995586  0.025486  -0.001098  -0.001733  -0.001266  0.101840  0.278813  0.113756  2.000000  
22.210871 0.003367  0.092882  0.001873  0.988134  0.092913  0.122301  -0.124128  0.014120  0.992166  0.090458  -0.995574  0.025486  -0.001098  -0.001775  -0.001212  0.097142  0.285840  0.118088  2.000000  
22.212108 0.003365  0.092878  0.001872  0.988148  0.093027  0.122105  -0.123923  0.014003  0.992193  0.090591  -0.995565  0.025365  -0.001161  -0.001858  -0.001107  0.096586  0.284296  0.117492  2.000000  
22.213110 0.003363  0.092875  0.001873  0.988187  0.093139  0.121704  -0.123514  0.013904  0.992245  0.090724  -0.995556  0.025244  -0.001207  -0.001885  -0.000925  0.093032  0.285923  0.118227  2.000000  
22.214359 0.003362  0.092872  0.001873  0.988200  0.093253  0.121508  -0.123310  0.013786  0.992272  0.090858  -0.995547  0.025123  -0.001216  -0.001929  -0.000742  0.092976  0.285852  0.118239  2.000000  
22.215605 0.003360  0.092869  0.001874  0.988227  0.093497  0.121104  -0.122900  0.013672  0.992325  0.091124  -0.995526  0.025001  -0.001235  -0.001950  -0.000534  0.091547  0.290444  0.121580  2.000000  
22.216606 0.003358  0.092867  0.001875  0.988265  0.093609  0.120703  -0.122491  0.013573  0.992377  0.091257  -0.995516  0.024880  -0.001226  -0.001978  -0.000387  0.092306  0.293017  0.127146  2.000000  
22.217615 0.003358  0.092865  0.001876  0.988278  0.093724  0.120507  -0.122286  0.013456  0.992404  0.091391  -0.995507  0.024759  -0.001192  -0.002016  -0.000255  0.092251  0.293008  0.131628  2.000000  
22.218860 0.003356  0.092862  0.001876  0.988316  0.093836  0.120107  -0.121878  0.013358  0.992455  0.091524  -0.995498  0.024638  -0.001164  -0.002032  -0.000181  0.090883  0.297606  0.134891  2.000000  
22.220110 0.003355  0.092859  0.001876  0.988317  0.094083  0.119907  -0.121671  0.013224  0.992482  0.091790  -0.995477  0.024517  -0.001141  -0.002099  -0.000146  0.087393  0.290853  0.139581  2.000000  
22.221356 0.003354  0.092857  0.001874  0.988355  0.094196  0.119507  -0.121263  0.013126  0.992534  0.091924  -0.995467  0.024396  -0.001134  -0.002196  -0.000213  0.086734  0.297650  0.139429  2.000000  
22.222358 0.003353  0.092854  0.001873  0.988380  0.094178  0.119314  -0.121059  0.013025  0.992560  0.091924  -0.995470  0.024275  -0.001169  -0.002307  -0.000215  0.083964  0.292983  0.131837  2.000000  
22.223609 0.003352  0.092851  0.001872  0.988417  0.094291  0.118913  -0.120651  0.012927  0.992611  0.092057  -0.995461  0.024154  -0.001164  -0.002407  -0.000233  0.083960  0.293085  0.131927  2.000000  
22.224861 0.003351  0.092848  0.001871  0.988418  0.094553  0.118702  -0.120445  0.012915  0.992636  0.092323  -0.995436  0.024153  -0.001131  -0.002414  -0.000207  0.080410  0.286161  0.136556  2.000000  
22.225871 0.003350  0.092845  0.001871  0.988455  0.094665  0.118302  -0.120036  0.012817  0.992687  0.092456  -0.995427  0.024032  -0.001125  -0.002442  -0.000147  0.079717  0.292922  0.136363  2.000000  
22.226872 0.003349  0.092842  0.001871  0.988467  0.094780  0.118106  -0.119831  0.012700  0.992713  0.092590  -0.995417  0.023911  -0.001095  -0.002456  -0.000072  0.079686  0.292927  0.136411  2.000000  
22.228110 0.003348  0.092839  0.001871  0.988504  0.094893  0.117706  -0.119423  0.012603  0.992764  0.092723  -0.995408  0.023790  -0.001057  -0.002444  -0.000091  0.075585  0.292951  0.136488  2.000000  
22.229110 0.003346  0.092836  0.001871  0.988529  0.094890  0.117501  -0.119219  0.012622  0.992788  0.092723  -0.995408  0.023790  -0.001053  -0.002470  -0.000167  0.074953  0.290461  0.130923  2.000000  
22.230358 0.003345  0.092832  0.001870  0.988566  0.095003  0.117101  -0.118811  0.012525  0.992838  0.092856  -0.995398  0.023669  -0.001003  -0.002506  -0.000250  0.071446  0.292753  0.127578  2.000000  
22.231603 0.003343  0.092828  0.001868  0.988602  0.095116  0.116700  -0.118402  0.012428  0.992888  0.092989  -0.995389  0.023548  -0.001021  -0.002563  -0.000430  0.070818  0.290318  0.126561  2.000000  
22.232608 0.003342  0.092825  0.001867  0.988626  0.095099  0.116507  -0.118198  0.012327  0.992913  0.092989  -0.995391  0.023427  -0.001039  -0.002630  -0.000564  0.072017  0.285713  0.123325  2.000000  
22.233872 0.003341  0.092822  0.001866  0.988663  0.095213  0.116107  -0.117790  0.012230  0.992963  0.093123  -0.995382  0.023306  -0.001019  -0.002660  -0.000678  0.071324  0.292449  0.118684  2.000000  
22.235106 0.003339  0.092819  0.001864  0.988674  0.095342  0.115900  -0.117585  0.012234  0.992987  0.093256  -0.995369  0.023306  -0.001072  -0.002728  -0.000749  0.063764  0.285541  0.118889  2.000000  
22.236106 0.003338  0.092816  0.001863  0.988710  0.095455  0.115499  -0.117176  0.012137  0.993037  0.093389  -0.995360  0.023185  -0.001153  -0.002756  -0.000770  0.066630  0.290072  0.117784  2.000000  
22.237107 0.003336  0.092813  0.001862  0.988722  0.095571  0.115303  -0.116971  0.012021  0.993063  0.093522  -0.995350  0.023064  -0.001153  -0.002756  -0.000770  0.067191  0.283062  0.113508  2.000000  
22.238109 0.003335  0.092810  0.001861  0.988758  0.095699  0.114891  -0.116563  0.012044  0.993110  0.093655  -0.995337  0.023064  -0.001167  -0.002751  -0.000739  0.062480  0.289886  0.113359  2.000000  
22.239114 0.003333  0.092807  0.001860  0.988782  0.095682  0.114698  -0.116359  0.011944  0.993135  0.093655  -0.995340  0.022943  -0.001247  -0.002779  -0.000760  0.063602  0.285217  0.109984  2.000000  
22.240359 0.003330  0.092803  0.001858  0.988817  0.095809  0.114286  -0.115951  0.011967  0.993183  0.093789  -0.995328  0.022943  -0.001343  -0.002835  -0.000837  0.059481  0.285152  0.105527  2.000000  
22.241608 0.003327  0.092800  0.001856  0.988841  0.095793  0.114094  -0.115747  0.011867  0.993208  0.093789  -0.995331  0.022822  -0.001440  -0.002856  -0.000958  0.059603  0.275844  0.100397  2.000000  
22.242608 0.003325  0.092796  0.001854  0.988852  0.095923  0.113886  -0.115542  0.011871  0.993232  0.093922  -0.995318  0.022822  -0.001549  -0.002927  -0.001133  0.055991  0.278157  0.101259  2.000000  
22.243862 0.003321  0.092791  0.001851  0.988887  0.096037  0.113486  -0.115133  0.011775  0.993280  0.094055  -0.995308  0.022701  -0.001693  -0.003004  -0.001333  0.055487  0.275817  0.100446  2.000000  
22.245110 0.003318  0.092787  0.001848  0.988898  0.096153  0.113290  -0.114928  0.011659  0.993305  0.094188  -0.995298  0.022580  -0.001829  -0.003027  -0.001493  0.056548  0.271188  0.101473  2.000000  
22.246358 0.003314  0.092784  0.001845  0.988933  0.096280  0.112878  -0.114520  0.011683  0.993352  0.094321  -0.995286  0.022579  -0.001962  -0.003013  -0.001568  0.051352  0.275687  0.096039  2.000000  
22.247605 0.003311  0.092780  0.001843  0.988944  0.096396  0.112682  -0.114315  0.011567  0.993377  0.094455  -0.995276  0.022458  -0.002085  -0.003001  -0.001627  0.051969  0.268922  0.096264  2.000000  
22.248606 0.003308  0.092777  0.001841  0.988968  0.096380  0.112489  -0.114111  0.011466  0.993402  0.094455  -0.995279  0.022338  -0.002253  -0.003034  -0.001680  0.053021  0.264120  0.092752  2.000000  
22.249609 0.003304  0.092774  0.001839  0.988979  0.096510  0.112282  -0.113906  0.011471  0.993425  0.094588  -0.995266  0.022337  -0.002394  -0.003043  -0.001763  0.048894  0.264034  0.092741  2.000000  
22.250873 0.003301  0.092771  0.001837  0.989013  0.096624  0.111882  -0.113497  0.011375  0.993473  0.094721  -0.995256  0.022216  -0.002502  -0.003018  -0.001774  0.048844  0.263936  0.092744  2.000000  
22.252106 0.003297  0.092767  0.001834  0.989024  0.096754  0.111674  -0.113292  0.011380  0.993497  0.094854  -0.995243  0.022216  -0.002640  -0.003058  -0.001840  0.048432  0.261897  0.092029  2.000000  
22.253354 0.003293  0.092764  0.001831  0.989034  0.096884  0.111467  -0.113087  0.011384  0.993520  0.094987  -0.995231  0.022216  -0.002787  -0.003076  -0.001966  0.044353  0.261887  0.092044  2.000000  
22.254355 0.003290  0.092761  0.001829  0.989057  0.096868  0.111274  -0.112884  0.011284  0.993544  0.094987  -0.995233  0.022095  -0.002862  -0.003086  -0.002029  0.044981  0.254952  0.087780  2.000000  
22.255355 0.003286  0.092758  0.001827  0.989068  0.096998  0.111066  -0.112679  0.011289  0.993567  0.095121  -0.995221  0.022095  -0.002949  -0.003050  -0.002114  0.040898  0.254912  0.087784  2.000000  
22.256365 0.003282  0.092754  0.001824  0.989079  0.097128  0.110859  -0.112474  0.011294  0.993591  0.095254  -0.995208  0.022095  -0.003063  -0.003053  -0.002172  0.037768  0.250081  0.088670  2.000000  
22.257612 0.003277  0.092750  0.001821  0.989089  0.097245  0.110663  -0.112268  0.011178  0.993615  0.095387  -0.995198  0.021974  -0.003167  -0.003013  -0.002227  0.038393  0.243234  0.088878  2.000000  
22.258862 0.003273  0.092747  0.001818  0.989099  0.097375  0.110456  -0.112063  0.011183  0.993638  0.095520  -0.995185  0.021973  -0.003232  -0.002967  -0.002250  0.038359  0.243214  0.088872  2.000000  
22.260111 0.003269  0.092744  0.001814  0.989110  0.097492  0.110260  -0.111858  0.011068  0.993663  0.095653  -0.995175  0.021852  -0.003299  -0.002921  -0.002273  0.038977  0.236307  0.089057  2.000000  
22.261356 0.003265  0.092741  0.001811  0.989120  0.097622  0.110052  -0.111653  0.011073  0.993686  0.095787  -0.995162  0.021852  -0.003282  -0.002878  -0.002268  0.035523  0.229414  0.089229  2.000000  
22.262358 0.003262  0.092738  0.001809  0.989130  0.097752  0.109845  -0.111448  0.011078  0.993708  0.095920  -0.995149  0.021852  -0.003327  -0.002829  -0.002319  0.031181  0.227686  0.092994  2.000000  
22.263358 0.003258  0.092736  0.001806  0.989140  0.097868  0.109649  -0.111243  0.010963  0.993733  0.096053  -0.995139  0.021731  -0.003339  -0.002814  -0.002332  0.035479  0.229515  0.093758  2.000000  
22.264608 0.003254  0.092732  0.001803  0.989163  0.097866  0.109445  -0.111040  0.010983  0.993755  0.096053  -0.995139  0.021731  -0.003333  -0.002796  -0.002374  0.032042  0.222519  0.089432  2.000000  
22.265863 0.003251  0.092730  0.001800  0.989151  0.097998  0.109442  -0.111038  0.010968  0.993756  0.096186  -0.995126  0.021731  -0.003320  -0.002760  -0.002459  0.029241  0.208689  0.089736  2.000000  
22.267103 0.003247  0.092726  0.001796  0.989161  0.098115  0.109246  -0.110833  0.010853  0.993780  0.096319  -0.995116  0.021610  -0.003305  -0.002721  -0.002542  0.028980  0.207015  0.089047  2.000000  
22.268106 0.003244  0.092724  0.001794  0.989171  0.098245  0.109039  -0.110628  0.010858  0.993803  0.096452  -0.995103  0.021609  -0.003299  -0.002711  -0.002543  0.029605  0.200182  0.089200  2.000000  
22.269106 0.003241  0.092721  0.001791  0.989158  0.098378  0.109036  -0.110626  0.010843  0.993803  0.096586  -0.995090  0.021609  -0.003298  -0.002702  -0.002584  0.026206  0.193479  0.093841  2.000000  
22.270357 0.003238  0.092718  0.001788  0.989168  0.098508  0.108829  -0.110421  0.010849  0.993826  0.096719  -0.995077  0.021609  -0.003211  -0.002664  -0.002565  0.026828  0.186603  0.093973  2.000000  
22.271604 0.003234  0.092715  0.001785  0.989155  0.098640  0.108826  -0.110420  0.010834  0.993826  0.096852  -0.995064  0.021608  -0.003151  -0.002601  -0.002564  0.023428  0.179878  0.098603  2.000000  
22.272615 0.003231  0.092712  0.001783  0.989165  0.098757  0.108630  -0.110215  0.010719  0.993850  0.096985  -0.995054  0.021487  -0.003043  -0.002528  -0.002491  0.024252  0.174415  0.099565  2.000000  
22.273871 0.003228  0.092710  0.001780  0.989152  0.098889  0.108627  -0.110213  0.010704  0.993850  0.097118  -0.995041  0.021487  -0.002960  -0.002498  -0.002468  0.000000  0.000000  0.000000  2.000000  
22.275108 0.003226  0.092707  0.001778  0.989139  0.099022  0.108624  -0.110212  0.010690  0.993851  0.097251  -0.995028  0.021487  -0.002854  -0.002405  -0.002389  0.000000  0.000000  0.000000  2.000000  
22.276109 0.003223  0.092705  0.001775  0.989126  0.099154  0.108622  -0.110211  0.010675  0.993851  0.097385  -0.995015  0.021487  -0.002812  -0.002398  -0.002450  0.000000  0.000000  0.000000  2.000000  
22.277112 0.003221  0.092703  0.001773  0.989113  0.099286  0.108619  -0.110209  0.010660  0.993851  0.097518  -0.995002  0.021486  -0.002730  -0.002369  -0.002428  0.000000  0.000000  0.000000  2.000000  
22.278359 0.003219  0.092701  0.001769  0.989100  0.099418  0.108616  -0.110208  0.010645  0.993852  0.097651  -0.994989  0.021486  -0.002634  -0.002303  -0.002492  0.000000  0.000000  0.000000  2.000000  
22.279608 0.003216  0.092699  0.001766  0.989074  0.099683  0.108610  -0.110205  0.010616  0.993852  0.097917  -0.994963  0.021485  -0.002553  -0.002276  -0.002472  0.000000  0.000000  0.000000  2.000000  
22.280609 0.003214  0.092697  0.001764  0.989084  0.099813  0.108403  -0.110000  0.010622  0.993875  0.098050  -0.994949  0.021485  -0.002486  -0.002244  -0.002420  0.000000  0.000000  0.000000  2.000000  
22.281878 0.003212  0.092695  0.001761  0.989070  0.099946  0.108400  -0.109998  0.010607  0.993875  0.098184  -0.994936  0.021485  -0.002390  -0.002156  -0.002353  0.000000  0.000000  0.000000  2.000000  
22.283109 0.003209  0.092692  0.001759  0.989022  0.100212  0.108599  -0.110199  0.010557  0.993853  0.098450  -0.994910  0.021484  -0.002302  -0.002076  -0.002294  0.000000  0.000000  0.000000  2.000000  
22.284355 0.003207  0.092690  0.001756  0.989009  0.100345  0.108596  -0.110198  0.010542  0.993854  0.098583  -0.994897  0.021484  -0.002177  -0.001996  -0.002277  0.000000  0.000000  0.000000  2.000000  
22.285608 0.003206  0.092688  0.001754  0.988995  0.100477  0.108593  -0.110196  0.010527  0.993854  0.098716  -0.994884  0.021484  -0.002080  -0.001924  -0.002266  0.000000  0.000000  0.000000  2.000000  
22.286609 0.003205  0.092687  0.001752  0.988982  0.100609  0.108590  -0.110195  0.010513  0.993854  0.098849  -0.994870  0.021483  -0.001936  -0.001840  -0.002202  0.000000  0.000000  0.000000  2.000000  
22.287609 0.003204  0.092685  0.001750  0.988969  0.100741  0.108587  -0.110193  0.010498  0.993855  0.098982  -0.994857  0.021483  -0.001846  -0.001790  -0.002207  0.000000  0.000000  0.000000  2.000000  
22.288867 0.003203  0.092684  0.001747  0.988956  0.100874  0.108584  -0.110192  0.010483  0.993855  0.099116  -0.994844  0.021483  -0.001721  -0.001739  -0.002196  0.000000  0.000000  0.000000  2.000000  
22.289870 0.003202  0.092682  0.001745  0.988943  0.101006  0.108582  -0.110190  0.010468  0.993855  0.099249  -0.994831  0.021483  -0.001622  -0.001715  -0.002221  0.000000  0.000000  0.000000  2.000000  
22.290875 0.003201  0.092681  0.001743  0.988894  0.101273  0.108780  -0.110391  0.010418  0.993834  0.099515  -0.994804  0.021482  -0.001509  -0.001659  -0.002178  0.000000  0.000000  0.000000  2.000000  
22.292114 0.003200  0.092679  0.001741  0.988880  0.101405  0.108778  -0.110389  0.010403  0.993834  0.099648  -0.994791  0.021482  -0.001391  -0.001627  -0.002127  0.000000  0.000000  0.000000  2.000000  
22.293358 0.003200  0.092678  0.001738  0.988854  0.101670  0.108772  -0.110386  0.010374  0.993835  0.099914  -0.994764  0.021481  -0.001244  -0.001550  -0.002081  0.000000  0.000000  0.000000  2.000000  
22.294359 0.003200  0.092676  0.001736  0.988841  0.101802  0.108769  -0.110385  0.010359  0.993835  0.100048  -0.994751  0.021481  -0.001115  -0.001515  -0.002042  0.000000  0.000000  0.000000  2.000000  
22.295608 0.003199  0.092675  0.001734  0.988791  0.102069  0.108968  -0.110585  0.010309  0.993813  0.100314  -0.994724  0.021480  -0.001002  -0.001467  -0.002019  0.000000  0.000000  0.000000  2.000000  
22.296608 0.003199  0.092673  0.001732  0.988778  0.102201  0.108965  -0.110584  0.010294  0.993813  0.100447  -0.994711  0.021480  -0.000871  -0.001433  -0.001981  0.000000  0.000000  0.000000  2.000000  
22.297880 0.003199  0.092672  0.001729  0.988764  0.102333  0.108962  -0.110583  0.010279  0.993814  0.100580  -0.994697  0.021480  -0.000683  -0.001358  -0.002008  0.000000  0.000000  0.000000  2.000000  
22.299110 0.003200  0.092671  0.001727  0.988738  0.102611  0.108944  -0.110580  0.010370  0.993813  0.100846  -0.994668  0.021600  -0.000506  -0.001307  -0.001999  0.000000  0.000000  0.000000  2.000000  
22.300356 0.003200  0.092669  0.001724  0.988701  0.102745  0.109146  -0.110782  0.010334  0.993791  0.100979  -0.994654  0.021599  -0.000365  -0.001260  -0.002021  0.000000  0.000000  0.000000  2.000000  
22.301605 0.003201  0.092669  0.001721  0.988675  0.103010  0.109140  -0.110779  0.010304  0.993792  0.101246  -0.994627  0.021599  -0.000257  -0.001197  -0.002039  0.000000  0.000000  0.000000  2.000000  
22.302608 0.003202  0.092668  0.001720  0.988625  0.103276  0.109339  -0.110979  0.010253  0.993770  0.101512  -0.994600  0.021598  -0.000133  -0.001146  -0.002029  0.000000  0.000000  0.000000  2.000000  
22.303608 0.003203  0.092668  0.001718  0.988611  0.103409  0.109336  -0.110978  0.010239  0.993770  0.101645  -0.994586  0.021598  0.000000  -0.001042  -0.001978  0.000000  0.000000  0.000000  2.000000  
22.304859 0.003203  0.092667  0.001715  0.988584  0.103673  0.109330  -0.110975  0.010209  0.993771  0.101911  -0.994559  0.021597  0.000095  -0.001019  -0.001990  0.000000  0.000000  0.000000  2.000000  
22.305873 0.003204  0.092667  0.001713  0.988534  0.103940  0.109529  -0.111175  0.010158  0.993749  0.102177  -0.994532  0.021597  0.000199  -0.000941  -0.001958  0.000000  0.000000  0.000000  2.000000  
22.307108 0.003205  0.092666  0.001711  0.988521  0.104072  0.109526  -0.111173  0.010143  0.993749  0.102310  -0.994518  0.021597  0.000323  -0.000890  -0.001949  0.000000  0.000000  0.000000  2.000000  
22.308110 0.003206  0.092666  0.001709  0.988470  0.104352  0.109712  -0.111374  0.010212  0.993726  0.102577  -0.994488  0.021717  0.000420  -0.000822  -0.001918  0.000000  0.000000  0.000000  2.000000  
22.309358 0.003207  0.092665  0.001708  0.988443  0.104616  0.109707  -0.111371  0.010182  0.993727  0.102843  -0.994461  0.021716  0.000486  -0.000758  -0.001877  0.000000  0.000000  0.000000  2.000000  
22.310359 0.003208  0.092665  0.001706  0.988407  0.104750  0.109908  -0.111573  0.010146  0.993704  0.102976  -0.994447  0.021716  0.000600  -0.000692  -0.001878  -0.002572  -0.050929  0.170625  2.000000  
22.311608 0.003209  0.092664  0.001704  0.988379  0.105015  0.109903  -0.111570  0.010116  0.993705  0.103242  -0.994419  0.021715  0.000675  -0.000641  -0.001868  -0.002581  -0.051390  0.172173  2.000000  
22.312857 0.003210  0.092664  0.001702  0.988329  0.105281  0.110101  -0.111770  0.010065  0.993683  0.103508  -0.994392  0.021714  0.000717  -0.000554  -0.001810  -0.002564  -0.051357  0.172067  2.000000  
22.313860 0.003211  0.092664  0.001701  0.988292  0.105416  0.110303  -0.111972  0.010028  0.993661  0.103641  -0.994378  0.021714  0.000769  -0.000477  -0.001779  -0.001846  -0.057655  0.175234  2.000000  
22.315106 0.003212  0.092664  0.001698  0.988264  0.105693  0.110284  -0.111969  0.010119  0.993660  0.103907  -0.994347  0.021834  0.000822  -0.000399  -0.001749  -0.005921  -0.058122  0.176694  2.000000  
22.316108 0.003214  0.092664  0.001697  0.988227  0.105828  0.110486  -0.112171  0.010082  0.993638  0.104041  -0.994333  0.021834  0.000852  -0.000374  -0.001726  -0.005211  -0.064999  0.176830  2.000000  
22.317109 0.003214  0.092663  0.001695  0.988177  0.106094  0.110685  -0.112371  0.010030  0.993616  0.104307  -0.994305  0.021833  0.000875  -0.000324  -0.001716  -0.004494  -0.071778  0.181470  2.000000  
22.318356 0.003216  0.092664  0.001693  0.988140  0.106228  0.110887  -0.112573  0.009993  0.993593  0.104440  -0.994292  0.021833  0.000884  -0.000269  -0.001676  -0.003780  -0.078679  0.181666  2.000000  
22.319608 0.003217  0.092664  0.001691  0.988089  0.106495  0.111085  -0.112773  0.009941  0.993571  0.104706  -0.994264  0.021832  0.000938  -0.000191  -0.001646  -0.003033  -0.084765  0.184793  2.000000  
22.320611 0.003218  0.092664  0.001690  0.988075  0.106627  0.111082  -0.112771  0.009926  0.993571  0.104839  -0.994250  0.021832  0.000925  -0.000187  -0.001615  -0.003749  -0.078708  0.181741  2.000000  
22.321885 0.003219  0.092664  0.001688  0.988037  0.106761  0.111284  -0.112973  0.009889  0.993549  0.104972  -0.994236  0.021832  0.000938  -0.000154  -0.001559  -0.003026  -0.085490  0.181673  2.000000  
22.323110 0.003220  0.092664  0.001687  0.987986  0.107041  0.111470  -0.113174  0.009957  0.993525  0.105238  -0.994205  0.021952  0.000940  -0.000121  -0.001485  -0.006371  -0.092412  0.181944  2.000000  
22.324111 0.003221  0.092664  0.001686  0.987949  0.107175  0.111671  -0.113375  0.009920  0.993503  0.105371  -0.994191  0.021951  0.000972  -0.000091  -0.001457  -0.005647  -0.099292  0.182094  2.000000  
22.325358 0.003222  0.092664  0.001685  0.987911  0.107309  0.111873  -0.113577  0.009883  0.993480  0.105504  -0.994177  0.021951  0.000935  -0.000063  -0.001414  -0.005627  -0.099395  0.177612  2.000000  
22.326359 0.003223  0.092664  0.001684  0.987874  0.107444  0.112075  -0.113779  0.009845  0.993457  0.105637  -0.994162  0.021951  0.000939  -0.000024  -0.001322  -0.004900  -0.106273  0.177758  2.000000  
22.327609 0.003224  0.092663  0.001683  0.987837  0.107578  0.112276  -0.113981  0.009808  0.993435  0.105770  -0.994148  0.021950  0.000932  -0.000043  -0.001280  -0.004174  -0.113235  0.178036  2.000000  
22.328862 0.003225  0.092663  0.001682  0.987799  0.107712  0.112478  -0.114182  0.009771  0.993412  0.105903  -0.994134  0.021950  0.000903  -0.000034  -0.001216  -0.003404  -0.119151  0.172148  2.000000  
22.329873 0.003225  0.092663  0.001681  0.987761  0.107846  0.112679  -0.114384  0.009733  0.993389  0.106036  -0.994120  0.021950  0.000874  -0.000026  -0.001153  0.000661  -0.120063  0.173490  2.000000  
22.331108 0.003226  0.092663  0.001681  0.987724  0.107994  0.112868  -0.114586  0.009816  0.993365  0.106169  -0.994103  0.022070  0.000832  -0.000018  -0.001073  -0.002660  -0.125932  0.172285  2.000000  
22.332359 0.003227  0.092664  0.001680  0.987686  0.108128  0.113069  -0.114787  0.009778  0.993342  0.106303  -0.994089  0.022070  0.000827  0.000003  -0.000933  0.000000  0.000000  0.000000  2.000000  
22.333609 0.003228  0.092664  0.001679  0.987639  0.108132  0.113478  -0.115194  0.009734  0.993295  0.106303  -0.994089  0.022070  0.000806  -0.000011  -0.000859  0.000000  0.000000  0.000000  2.000000  
22.334861 0.003228  0.092664  0.001679  0.987601  0.108266  0.113680  -0.115396  0.009696  0.993272  0.106436  -0.994075  0.022069  0.000718  -0.000022  -0.000754  0.000000  0.000000  0.000000  2.000000  
22.336104 0.003228  0.092664  0.001679  0.987577  0.108268  0.113885  -0.115599  0.009674  0.993249  0.106436  -0.994075  0.022069  0.000649  -0.000041  -0.000700  0.000000  0.000000  0.000000  2.000000  
22.337109 0.003229  0.092663  0.001678  0.987539  0.108402  0.114086  -0.115801  0.009636  0.993226  0.106569  -0.994060  0.022069  0.000601  -0.000061  -0.000669  0.000000  0.000000  0.000000  2.000000  
22.338356 0.003229  0.092663  0.001678  0.987491  0.108406  0.114495  -0.116207  0.009592  0.993179  0.106569  -0.994060  0.022069  0.000563  -0.000052  -0.000596  0.000000  0.000000  0.000000  2.000000  
22.339361 0.003229  0.092663  0.001678  0.987467  0.108408  0.114699  -0.116411  0.009569  0.993155  0.106569  -0.994060  0.022069  0.000493  -0.000045  -0.000544  0.005882  -0.169208  0.129663  2.000000  
22.340608 0.003229  0.092663  0.001677  0.987429  0.108542  0.114901  -0.116612  0.009531  0.993132  0.106702  -0.994046  0.022069  0.000464  -0.000037  -0.000481  0.005920  -0.169406  0.125243  2.000000  
22.341613 0.003229  0.092663  0.001677  0.987405  0.108544  0.115105  -0.116816  0.009509  0.993108  0.106702  -0.994046  0.022069  0.000405  -0.000056  -0.000439  0.006654  -0.176271  0.120817  2.000000  
22.342861 0.003229  0.092663  0.001677  0.987357  0.108548  0.115514  -0.117222  0.009464  0.993061  0.106702  -0.994046  0.022069  0.000364  -0.000024  -0.000381  0.007405  -0.183349  0.111980  2.000000  
22.343862 0.003229  0.092663  0.001677  0.987333  0.108550  0.115719  -0.117425  0.009442  0.993037  0.106702  -0.994046  0.022069  0.000292  -0.000039  -0.000308  0.011493  -0.183425  0.107487  2.000000  
22.345108 0.003229  0.092663  0.001677  0.987284  0.108554  0.116128  -0.117832  0.009397  0.992989  0.106702  -0.994046  0.022069  0.000224  -0.000055  -0.000240  0.012250  -0.190554  0.098677  2.000000  
22.346359 0.003230  0.092663  0.001678  0.987260  0.108556  0.116332  -0.118035  0.009375  0.992965  0.106702  -0.994046  0.022069  0.000226  -0.000019  -0.000156  0.012897  -0.195987  0.089090  2.000000  
22.347360 0.003230  0.092663  0.001678  0.987236  0.108558  0.116536  -0.118238  0.009352  0.992941  0.106702  -0.994046  0.022069  0.000174  -0.000020  -0.000156  0.013018  -0.197728  0.085340  2.000000  
22.348606 0.003229  0.092663  0.001678  0.987187  0.108562  0.116945  -0.118645  0.009308  0.992893  0.106702  -0.994046  0.022069  0.000093  -0.000012  -0.000092  0.013778  -0.204837  0.076512  2.000000  
22.349609 0.003229  0.092663  0.001678  0.987163  0.108564  0.117150  -0.118848  0.009285  0.992869  0.106702  -0.994046  0.022069  0.000080  -0.000008  -0.000062  0.013789  -0.204881  0.071996  2.000000  
22.350611 0.003229  0.092664  0.001679  0.987138  0.108565  0.117354  -0.119051  0.009263  0.992845  0.106702  -0.994046  0.022069  0.000052  0.000000  0.000001  0.013808  -0.205054  0.067525  2.000000  
22.351859 0.003229  0.092664  0.001678  0.987114  0.108567  0.117559  -0.119255  0.009241  0.992821  0.106702  -0.994046  0.022069  0.000023  0.000051  0.000009  0.014441  -0.210389  0.062689  2.000000  
22.353109 0.003229  0.092664  0.001679  0.987064  0.108571  0.117967  -0.119661  0.009196  0.992772  0.106702  -0.994046  0.022069  -0.000005  0.000059  0.000072  0.019228  -0.217229  0.053883  2.000000  
22.354356 0.003229  0.092664  0.001679  0.987040  0.108573  0.118172  -0.119864  0.009174  0.992748  0.106702  -0.994046  0.022069  -0.000012  0.000081  0.000060  0.019244  -0.217339  0.049427  2.000000  
22.355356 0.003229  0.092665  0.001679  0.987015  0.108575  0.118376  -0.120067  0.009151  0.992724  0.106702  -0.994046  0.022069  -0.000017  0.000139  0.000131  0.019258  -0.217432  0.044967  2.000000  
22.356365 0.003229  0.092665  0.001679  0.986965  0.108579  0.118785  -0.120474  0.009107  0.992675  0.106702  -0.994046  0.022069  -0.000024  0.000164  0.000122  0.020161  -0.226146  0.040983  2.000000  
22.357612 0.003229  0.092665  0.001680  0.986955  0.108449  0.118992  -0.120679  0.009100  0.992650  0.106569  -0.994060  0.022069  0.000006  0.000192  0.000143  0.020183  -0.226516  0.027508  2.000000  
22.358863 0.003229  0.092666  0.001680  0.986905  0.108452  0.119401  -0.121085  0.009056  0.992601  0.106569  -0.994060  0.022069  0.000015  0.000246  0.000184  0.020913  -0.233341  0.027654  2.000000  
